ID,Seed,Execution,Generation,GenCreation,isChild,isMutant,Integer_encoding,Binary_encoding,Genotype,Crossover_type,Mutation_type,Search_strategy,Epochs,Accuracy_history,Loss_history,Accuracy,Loss,FLOPs,CPU_Sec,Num_Params,P1_idx,P2_idx,P1,P2,Before_Mut,HD_P1,HD_P2,HD_BM,Succ_Crossover,Succ_Mutation,Total_Crossovers,Total_Mutations,Succ_Crossover_ratio,Succ_Mutation_ratio,Was_invalid,arch_status,NFHT,Trained_Completely,Has_CM,Confusion_matrix,cm_accuracy,cm_precision_macro,cm_recall_macro,cm_f1_macro,Ranking
BXIYEN[M],,1,20,19,False,False,"[14, 62, 57, 39, 46, 6, 28, 31]",[],"[{'INP': 32}, {'CONV': [64, 3]}, ({'CONV': [32, 5]}, {'CONV': [256, 3]}), ({'CONV': [256, 5]}, {'CONV': [256, 3]}, {'POOLMAX': [-1, 2]}), ({'CONV': [256, 5]}, {'CONV': [32, 5]}), ({'CONV': [128, 3]}, {'CONV': [256, 5]}, {'POOLMAX': [-1, 2]}), ({'CONV': [128, 5]}, {'CONV': [256, 3]}), ({'CONV': [32, 3]}, {'CONV': [256, 3]}, {'POOLMAX': [-1, 2]}), ({'CONV': [64, 5]}, {'CONV': [128, 3]}), ({'CONV': [64, 5]}, {'CONV': [256, 5]}, {'POOLMAX': [-1, 2]}), {'GLOBAL_AVG': None}, {'LAST_DENSE': [100, 'softmax']}]",SPC,MPAR,GA,70,"[0.11509999632835388, 0.14030000567436218, 0.28119999170303345, 0.336899995803833, 0.30649998784065247, 0.3695000112056732, 0.42879998683929443, 0.4715999960899353, 0.43560001254081726, 0.43479999899864197, 0.43059998750686646, 0.49709999561309814, 0.4765999913215637, 0.4916999936103821, 0.5196999907493591, 0.5274999737739563, 0.5526000261306763, 0.47450000047683716, 0.546999990940094, 0.49900001287460327, 0.5723000168800354, 0.5519000291824341, 0.5364000201225281, 0.5385000109672546, 0.5964999794960022, 0.5943999886512756, 0.5881999731063843, 0.5328999757766724, 0.6168000102043152, 0.5824999809265137, 0.5353999733924866, 0.5716000199317932, 0.5357000231742859, 0.546999990940094, 0.6554999947547913, 0.6614000201225281, 0.6657999753952026, 0.6355000138282776, 0.6323000192642212, 0.6629999876022339, 0.6466000080108643, 0.6845999956130981, 0.6844000220298767, 0.6875, 0.679099977016449, 0.6899999976158142, 0.685699999332428, 0.6966999769210815, 0.6757000088691711, 0.6805999875068665, 0.6815000176429749, 0.6668000221252441, 0.6934000253677368, 0.6998999714851379, 0.7081000208854675, 0.6992999911308289, 0.7091000080108643, 0.6948000192642212, 0.6974999904632568, 0.7041000127792358, 0.7062000036239624, 0.7063000202178955, 0.7074000239372253, 0.7157999873161316, 0.710099995136261, 0.7152000069618225, 0.7161999940872192, 0.7125999927520752, 0.7125999927520752, 0.7142999768257141]","[4.042027950286865, 4.566481590270996, 3.1979293823242188, 2.8783276081085205, 3.159973621368408, 2.8155713081359863, 2.600074529647827, 2.4305577278137207, 2.623318672180176, 2.8036084175109863, 2.832529306411743, 2.35678768157959, 2.55627179145813, 2.448645830154419, 2.32774019241333, 2.3161821365356445, 2.217348337173462, 2.746500253677368, 2.2822964191436768, 2.641561508178711, 2.1453943252563477, 2.2481768131256104, 2.4025118350982666, 2.3690836429595947, 2.046626567840576, 2.07312273979187, 2.124047040939331, 2.4087066650390625, 1.9955443143844604, 2.1679511070251465, 2.519977569580078, 2.240572929382324, 2.4567782878875732, 2.417471408843994, 1.8521085977554321, 1.7789579629898071, 1.8064820766448975, 1.949965000152588, 1.9258931875228882, 1.841048002243042, 1.8232413530349731, 1.7211697101593018, 1.689180612564087, 1.6704609394073486, 1.7460662126541138, 1.6924253702163696, 1.7064487934112549, 1.6161620616912842, 1.770264983177185, 1.7366951704025269, 1.720260739326477, 1.8834482431411743, 1.6858258247375488, 1.6371334791183472, 1.6066710948944092, 1.6646085977554321, 1.6282250881195068, 1.7099584341049194, 1.6620023250579834, 1.6611756086349487, 1.6399822235107422, 1.6439765691757202, 1.6566210985183716, 1.6087018251419067, 1.650503158569336, 1.6350473165512085, 1.622070550918579, 1.6469237804412842, 1.639650821685791, 1.6448161602020264, 1.6360065937042236, 1.6311938762664795, 1.633928656578064, 1.6379287242889404, 1.6246278285980225, 1.6311675310134888, 1.623322606086731, 1.6339540481567383, 1.6373796463012695, 1.6402899026870728, 1.6367899179458618, 1.6415494680404663, 1.6375311613082886, 1.6424752473831177, 1.6389656066894531, 1.6423410177230835, 1.642943024635315, 1.6433439254760742, 1.6418359279632568, 1.6349400281906128, 1.6350188255310059, 1.6359164714813232, 1.6370991468429565, 1.6355304718017578, 1.6410725116729736, 1.6410367488861084, 1.6412209272384644, 1.639370322227478, 1.6459887027740479, 1.6399301290512085]",0.7142999768257141,,3303879148,,7751716,,,,,,0.125,0.375,0.0,61,46,400,400,0.1525,0.115,False,BEST,0.95,True,True,"[[86  0  0 ...  0  0  0]
 [ 0 82  0 ...  0  0  0]
 [ 0  0 57 ...  0  1  0]
 ...
 [ 0  0  0 ... 73  0  0]
 [ 0  0  1 ...  0 59  0]
 [ 0  0  1 ...  0  0 79]]",0.7194,0.730198108,0.7194,0.720169754,2
BYPFKO[M],,2,20,15,False,False,"[51, 36, 4, 29, 15, 63, 43, 55]",[],"[{'INP': 32}, {'CONV': [64, 3]}, ({'CONV': [256, 3]}, {'CONV': [64, 5]}), ({'CONV': [128, 3]}, {'CONV': [128, 3]}, {'POOLMAX': [-1, 2]}), ({'CONV': [32, 3]}, {'CONV': [128, 3]}), ({'CONV': [64, 5]}, {'CONV': [128, 5]}, {'POOLMAX': [-1, 2]}), ({'CONV': [32, 5]}, {'CONV': [256, 5]}), ({'CONV': [256, 5]}, {'CONV': [256, 5]}, {'POOLMAX': [-1, 2]}), ({'CONV': [128, 5]}, {'CONV': [64, 5]}), ({'CONV': [256, 3]}, {'CONV': [256, 5]}, {'POOLMAX': [-1, 2]}), {'GLOBAL_AVG': None}, {'LAST_DENSE': [100, 'softmax']}]",SPC,MPAR,GA,70,"[0.13199999928474426, 0.20469999313354492, 0.3027999997138977, 0.28790000081062317, 0.38440001010894775, 0.42590001225471497, 0.41200000047683716, 0.4235999882221222, 0.3919999897480011, 0.486299991607666, 0.4675000011920929, 0.5076000094413757, 0.44130000472068787, 0.43970000743865967, 0.5324000120162964, 0.48330000042915344, 0.5012000203132629, 0.5321000218391418, 0.4787999987602234, 0.5131999850273132, 0.5601999759674072, 0.5896999835968018, 0.5572999715805054, 0.6191999912261963, 0.5936999917030334, 0.6036999821662903, 0.6166999936103821, 0.5759000182151794, 0.5986999869346619, 0.6536999940872192, 0.6205999851226807, 0.6571999788284302, 0.6541000008583069, 0.6359999775886536, 0.659600019454956, 0.6547999978065491, 0.6270999908447266, 0.640500009059906, 0.6725999712944031, 0.661300003528595, 0.677299976348877, 0.6790000200271606, 0.6845999956130981, 0.6802999973297119, 0.6743999719619751, 0.6686999797821045, 0.6771000027656555, 0.6852999925613403, 0.6862999796867371, 0.6769000291824341, 0.6802999973297119, 0.6791999936103821, 0.6916999816894531, 0.6862000226974487, 0.6869999766349792, 0.6891000270843506, 0.6861000061035156, 0.6897000074386597, 0.6870999932289124, 0.6891000270843506, 0.6866999864578247, 0.6913999915122986, 0.6930000185966492, 0.6880999803543091, 0.6904000043869019, 0.694100022315979, 0.6908000111579895, 0.6901000142097473, 0.692300021648407, 0.692799985408783]","[3.9846951961517334, 3.5373387336730957, 3.0475523471832275, 3.2480127811431885, 2.8436191082000732, 2.529872179031372, 2.7045795917510986, 2.67574143409729, 2.8723015785217285, 2.3166210651397705, 2.5884315967559814, 2.309304714202881, 2.946323871612549, 5.585566997528076, 2.1990206241607666, 2.5738487243652344, 2.438422441482544, 2.3014912605285645, 2.6339571475982666, 2.406399726867676, 2.186981678009033, 2.019238233566284, 2.2011473178863525, 1.8456342220306396, 2.0191869735717773, 1.9270460605621338, 1.851576566696167, 2.0962307453155518, 1.9560166597366333, 1.7036659717559814, 1.8845865726470947, 1.6641340255737305, 1.6570603847503662, 1.8066840171813965, 1.6731834411621094, 1.6658763885498047, 1.8146878480911255, 1.8221361637115479, 1.6279711723327637, 1.6773310899734497, 1.625104546546936, 1.6016387939453125, 1.5662912130355835, 1.593592643737793, 1.6017026901245117, 1.6568336486816406, 1.6039003133773804, 1.5697813034057617, 1.5542036294937134, 1.5895150899887085, 1.5941554307937622, 1.5912526845932007, 1.5302066802978516, 1.5699018239974976, 1.5881617069244385, 1.5737634897232056, 1.5852186679840088, 1.5657024383544922, 1.6070103645324707, 1.575246810913086, 1.582400918006897, 1.5667145252227783, 1.5718783140182495, 1.5807874202728271, 1.5876356363296509, 1.561900019645691, 1.5759663581848145, 1.5764739513397217, 1.5769044160842896, 1.571616768836975, 1.574933648109436, 1.570103406906128, 1.5653718709945679, 1.5686328411102295, 1.5696132183074951, 1.572923183441162, 1.5723342895507812, 1.57054603099823, 1.5690996646881104, 1.5697921514511108, 1.5715464353561401, 1.5699390172958374, 1.5710375308990479, 1.5731205940246582, 1.5696500539779663, 1.5738276243209839, 1.5709631443023682, 1.5676908493041992, 1.5698686838150024, 1.5736891031265259, 1.5682047605514526, 1.568711757659912, 1.5696355104446411, 1.572923183441162, 1.5790961980819702, 1.5685322284698486, 1.5705622434616089, 1.5717062950134277, 1.5732464790344238, 1.572181224822998]",0.692799985408783,,1228024044,,7874084,,,,,,0.125,0.375,0.0,46,34,400,400,0.115,0.085,False,BEST,0.75,True,True,"[[81  0  0 ...  0  0  0]
 [ 0 75  0 ...  0  0  1]
 [ 0  0 63 ...  0  0  0]
 ...
 [ 0  0  0 ... 68  0  0]
 [ 0  0  3 ...  0 52  0]
 [ 0  0  1 ...  0  0 72]]",0.6942,0.706891151,0.6942,0.695019143,27
BGHDGM[M],,3,20,17,False,False,"[2, 49, 20, 38, 37, 7, 60, 31]",[],"[{'INP': 32}, {'CONV': [64, 3]}, ({'CONV': [32, 3]}, {'CONV': [64, 3]}), ({'CONV': [256, 3]}, {'CONV': [32, 5]}, {'POOLMAX': [-1, 2]}), ({'CONV': [64, 3]}, {'CONV': [128, 3]}), ({'CONV': [128, 3]}, {'CONV': [256, 3]}, {'POOLMAX': [-1, 2]}), ({'CONV': [128, 3]}, {'CONV': [128, 5]}), ({'CONV': [32, 3]}, {'CONV': [256, 5]}, {'POOLMAX': [-1, 2]}), ({'CONV': [256, 5]}, {'CONV': [128, 3]}), ({'CONV': [64, 5]}, {'CONV': [256, 5]}, {'POOLMAX': [-1, 2]}), {'GLOBAL_AVG': None}, {'LAST_DENSE': [100, 'softmax']}]",SPC,MPAR,GA,70,"[0.10140000283718109, 0.2290000021457672, 0.30550000071525574, 0.34630000591278076, 0.3725999891757965, 0.38260000944137573, 0.4097999930381775, 0.44449999928474426, 0.47510001063346863, 0.5088000297546387, 0.47350001335144043, 0.43869999051094055, 0.4560999870300293, 0.5259000062942505, 0.5364999771118164, 0.5004000067710876, 0.538100004196167, 0.5634999871253967, 0.5241000056266785, 0.5123999714851379, 0.5568000078201294, 0.5532000064849854, 0.5508000254631042, 0.569100022315979, 0.5537999868392944, 0.5486000180244446, 0.6396999955177307, 0.6155999898910522, 0.6373999714851379, 0.6223000288009644, 0.6396999955177307, 0.6345999836921692, 0.6371999979019165, 0.609499990940094, 0.6437000036239624, 0.6367999911308289, 0.6748999953269958, 0.6815999746322632, 0.6736999750137329, 0.661300003528595, 0.6567000150680542, 0.6693000197410583, 0.6762999892234802, 0.6901999711990356, 0.6891000270843506, 0.6845999956130981, 0.694599986076355, 0.6858000159263611, 0.6830000281333923, 0.6958000063896179, 0.6894999742507935, 0.6915000081062317, 0.6959999799728394, 0.6955999732017517, 0.6901999711990356, 0.6934999823570251, 0.6942999958992004, 0.694599986076355, 0.699400007724762, 0.6938999891281128, 0.6956999897956848, 0.6973999738693237, 0.6974999904632568, 0.6974999904632568, 0.6978999972343445, 0.7006999850273132, 0.7027999758720398, 0.7010999917984009, 0.7009000182151794, 0.7008000016212463]","[4.152718544006348, 3.3552422523498535, 2.9564194679260254, 2.882747173309326, 2.7886435985565186, 2.810053825378418, 2.7062530517578125, 2.5964338779449463, 2.3829665184020996, 2.294793128967285, 2.4381308555603027, 2.7769978046417236, 2.5581448078155518, 2.228684902191162, 2.183783531188965, 2.4108903408050537, 2.216947078704834, 2.138862133026123, 2.3860373497009277, 2.4029417037963867, 2.1070003509521484, 2.1955809593200684, 2.2841057777404785, 2.1657555103302, 2.2100465297698975, 2.296753168106079, 1.832383632659912, 1.9356476068496704, 1.84080171585083, 1.9363431930541992, 1.8048826456069946, 1.8289884328842163, 1.8270089626312256, 1.9418214559555054, 1.8265457153320312, 1.8302130699157715, 1.656414270401001, 1.6177133321762085, 1.6936017274856567, 1.702605128288269, 1.7617897987365723, 1.7181222438812256, 1.6813474893569946, 1.5857489109039307, 1.6174732446670532, 1.6136579513549805, 1.59561026096344, 1.6341623067855835, 1.6672605276107788, 1.5780736207962036, 1.6338406801223755, 1.6124632358551025, 1.6073960065841675, 1.602950930595398, 1.64789879322052, 1.6061067581176758, 1.6366828680038452, 1.6070551872253418, 1.611450433731079, 1.6252007484436035, 1.6219282150268555, 1.618935227394104, 1.61677885055542, 1.6189521551132202, 1.6257970333099365, 1.6109402179718018, 1.6052684783935547, 1.6111440658569336, 1.6139707565307617, 1.6129610538482666, 1.6092371940612793, 1.613783836364746, 1.6129283905029297, 1.6126054525375366, 1.6119205951690674, 1.605653166770935, 1.6131389141082764, 1.611345887184143, 1.6061573028564453, 1.6095741987228394, 1.6141289472579956, 1.6119705438613892, 1.6097160577774048, 1.6119463443756104, 1.6137020587921143, 1.6111786365509033, 1.6084402799606323, 1.6124475002288818, 1.6092594861984253, 1.6158802509307861, 1.6112090349197388, 1.602157473564148, 1.6126399040222168, 1.6124944686889648, 1.6118268966674805, 1.6141347885131836, 1.614954948425293, 1.6154639720916748, 1.6105527877807617, 1.6136937141418457]",0.7008000016212463,,662085868,,4633124,,,,,,0.0,0.0,0.125,44,36,400,400,0.11,0.09,False,BEST,0.85,True,True,"[[85  1  0 ...  0  0  0]
 [ 0 78  0 ...  0  0  0]
 [ 0  0 61 ...  0  1  0]
 ...
 [ 0  0  0 ... 70  0  0]
 [ 0  0  3 ...  0 53  1]
 [ 0  0  0 ...  0  0 72]]",0.7023,0.71530984,0.7023,0.703611278,99
BREDND[M],,4,20,6,False,False,"[2, 0, 55, 15, 39, 38, 3, 55]",[],"[{'INP': 32}, {'CONV': [64, 3]}, ({'CONV': [32, 3]}, {'CONV': [64, 3]}), ({'CONV': [32, 3]}, {'CONV': [32, 3]}, {'POOLMAX': [-1, 2]}), ({'CONV': [256, 3]}, {'CONV': [256, 5]}), ({'CONV': [32, 5]}, {'CONV': [256, 5]}, {'POOLMAX': [-1, 2]}), ({'CONV': [128, 3]}, {'CONV': [256, 5]}), ({'CONV': [128, 3]}, {'CONV': [256, 3]}, {'POOLMAX': [-1, 2]}), ({'CONV': [32, 3]}, {'CONV': [64, 5]}), ({'CONV': [256, 3]}, {'CONV': [256, 5]}, {'POOLMAX': [-1, 2]}), {'GLOBAL_AVG': None}, {'LAST_DENSE': [100, 'softmax']}]",SPC,MPAR,GA,70,"[0.11140000075101852, 0.23119999468326569, 0.27810001373291016, 0.35499998927116394, 0.41269999742507935, 0.388700008392334, 0.44909998774528503, 0.4546000063419342, 0.4537999927997589, 0.39969998598098755, 0.4187000095844269, 0.4645000100135803, 0.5005999803543091, 0.48660001158714294, 0.49729999899864197, 0.5073999762535095, 0.5342000126838684, 0.4699999988079071, 0.5246000289916992, 0.5144000053405762, 0.5859000086784363, 0.5455999970436096, 0.4438000023365021, 0.5637999773025513, 0.5238999724388123, 0.5618000030517578, 0.6234999895095825, 0.5809999704360962, 0.5996000170707703, 0.6121000051498413, 0.597599983215332, 0.6126000285148621, 0.6610000133514404, 0.656499981880188, 0.6772000193595886, 0.6779999732971191, 0.6507999897003174, 0.6776000261306763, 0.6699000000953674, 0.6662999987602234, 0.6728000044822693, 0.6854000091552734, 0.6747000217437744, 0.6883000135421753, 0.6854000091552734, 0.6743000149726868, 0.6931999921798706, 0.6890000104904175, 0.6942999958992004, 0.6934000253677368, 0.694100022315979, 0.6890000104904175, 0.6926000118255615, 0.7010999917984009, 0.698199987411499, 0.6948999762535095, 0.696399986743927, 0.6977999806404114, 0.6963000297546387, 0.6990000009536743, 0.6998999714851379, 0.7001000046730042, 0.7013000249862671, 0.697700023651123, 0.699400007724762, 0.7010999917984009, 0.6991000175476074, 0.7006999850273132, 0.6988000273704529, 0.6983000040054321]","[4.044972896575928, 3.3072097301483154, 3.3322319984436035, 2.8639075756073, 2.6247315406799316, 2.9349308013916016, 2.523514986038208, 2.4844532012939453, 2.5135104656219482, 3.084378480911255, 2.8239035606384277, 2.6142361164093018, 2.394002676010132, 2.476337194442749, 2.457561731338501, 2.3927104473114014, 2.3386378288269043, 2.6754684448242188, 2.409604787826538, 2.5002899169921875, 2.091839551925659, 2.316141128540039, 3.0473380088806152, 2.2343945503234863, 2.5127358436584473, 2.2723288536071777, 1.9294837713241577, 2.2276201248168945, 2.046308994293213, 1.97490394115448, 2.107332229614258, 2.018007516860962, 1.751705527305603, 1.7966755628585815, 1.6935924291610718, 1.6431472301483154, 1.8345484733581543, 1.6944998502731323, 1.6875669956207275, 1.7498215436935425, 1.6981306076049805, 1.670810580253601, 1.7278242111206055, 1.6706488132476807, 1.6658629179000854, 1.7212005853652954, 1.637817621231079, 1.6699470281600952, 1.6094636917114258, 1.675150990486145, 1.6480883359909058, 1.6781947612762451, 1.670510172843933, 1.6339408159255981, 1.63704252243042, 1.661464810371399, 1.6434500217437744, 1.6452597379684448, 1.645752191543579, 1.6513605117797852, 1.6367400884628296, 1.6479554176330566, 1.6369116306304932, 1.6567617654800415, 1.6532762050628662, 1.6349529027938843, 1.6515592336654663, 1.6397744417190552, 1.648168921470642, 1.6491199731826782, 1.6468751430511475, 1.648535966873169, 1.6499274969100952, 1.6487538814544678, 1.6525909900665283, 1.648587942123413, 1.6517239809036255, 1.651949405670166, 1.6523066759109497, 1.6525509357452393, 1.647141456604004, 1.6498188972473145, 1.6552730798721313, 1.6460798978805542, 1.6534056663513184, 1.6546941995620728, 1.6487025022506714, 1.6420334577560425, 1.654313325881958, 1.648045301437378, 1.6557852029800415, 1.648929476737976, 1.6532142162322998, 1.6546995639801025, 1.6592183113098145, 1.6465575695037842, 1.6595920324325562, 1.653448224067688, 1.654357671737671, 1.6508424282073975]",0.6983000040054321,,787087468,,6087460,,,,,,0.25,0.375,0.125,43,30,400,400,0.1075,0.075,False,BEST,0.3,True,True,"[[89  0  0 ...  0  0  0]
 [ 0 81  0 ...  0  0  0]
 [ 0  0 57 ...  0  2  0]
 ...
 [ 0  0  0 ... 70  0  0]
 [ 0  1  2 ...  0 52  0]
 [ 0  0  1 ...  0  0 70]]",0.6992,0.712787472,0.6992,0.700237087,49
BXKLPF[M],,5,20,12,False,False,"[14, 51, 26, 20, 28, 20, 5, 22]",[],"[{'INP': 32}, {'CONV': [64, 3]}, ({'CONV': [32, 5]}, {'CONV': [256, 3]}), ({'CONV': [256, 3]}, {'CONV': [64, 5]}, {'POOLMAX': [-1, 2]}), ({'CONV': [64, 5]}, {'CONV': [64, 3]}), ({'CONV': [64, 3]}, {'CONV': [128, 3]}, {'POOLMAX': [-1, 2]}), ({'CONV': [64, 5]}, {'CONV': [128, 3]}), ({'CONV': [64, 3]}, {'CONV': [128, 3]}, {'POOLMAX': [-1, 2]}), ({'CONV': [32, 3]}, {'CONV': [128, 5]}), ({'CONV': [64, 3]}, {'CONV': [256, 3]}, {'POOLMAX': [-1, 2]}), {'GLOBAL_AVG': None}, {'LAST_DENSE': [100, 'softmax']}]",SPC,MPAR,GA,70,"[0.10429999977350235, 0.1965000033378601, 0.2903999984264374, 0.3668999969959259, 0.3833000063896179, 0.3287999927997589, 0.4052000045776367, 0.382099986076355, 0.4675000011920929, 0.4498000144958496, 0.4758000075817108, 0.45179998874664307, 0.4156999886035919, 0.5313000082969666, 0.48669999837875366, 0.53329998254776, 0.5583999752998352, 0.45719999074935913, 0.5450000166893005, 0.5418000221252441, 0.5418999791145325, 0.5392000079154968, 0.603600025177002, 0.6258999705314636, 0.6315000057220459, 0.6097999811172485, 0.6209999918937683, 0.5968000292778015, 0.6360999941825867, 0.6161999702453613, 0.6438999772071838, 0.623199999332428, 0.6273999810218811, 0.6258000135421753, 0.6200000047683716, 0.5831999778747559, 0.6514999866485596, 0.6660000085830688, 0.6674000024795532, 0.645799994468689, 0.6575999855995178, 0.6686000227928162, 0.6550999879837036, 0.6632000207901001, 0.6640999913215637, 0.6402000188827515, 0.6590999960899353, 0.6428999900817871, 0.6608999967575073, 0.6635000109672546, 0.6876999735832214, 0.6888999938964844, 0.6682000160217285, 0.6848999857902527, 0.6865000128746033, 0.6757000088691711, 0.6947000026702881, 0.6955000162124634, 0.6850000023841858, 0.689300000667572, 0.6938999891281128, 0.6863999962806702, 0.6927000284194946, 0.6945000290870667, 0.6929000020027161, 0.692799985408783, 0.692300021648407, 0.6952000260353088, 0.6963000297546387, 0.6941999793052673]","[4.301806449890137, 3.6590616703033447, 3.065410852432251, 2.6500368118286133, 2.619262933731079, 3.1500778198242188, 2.689176559448242, 2.8545737266540527, 2.3511569499969482, 2.493100881576538, 2.3725666999816895, 2.485262393951416, 2.7498886585235596, 2.1360034942626953, 2.425936460494995, 2.1855173110961914, 2.050306797027588, 2.603206157684326, 2.163759469985962, 2.1583542823791504, 2.1588973999023438, 2.1987850666046143, 1.898659586906433, 1.7873449325561523, 1.7692384719848633, 1.9081807136535645, 1.841719150543213, 1.932743787765503, 1.7448323965072632, 1.8552918434143066, 1.6971120834350586, 1.805638074874878, 1.7991615533828735, 1.7880765199661255, 1.823754906654358, 2.0928549766540527, 1.684931993484497, 1.6634784936904907, 1.6577637195587158, 1.759649634361267, 1.703617811203003, 1.626937747001648, 1.6720967292785645, 1.659648060798645, 1.618343710899353, 1.814601182937622, 1.679339051246643, 1.7747373580932617, 1.6641595363616943, 1.6960560083389282, 1.5593996047973633, 1.5821925401687622, 1.6834968328475952, 1.5964605808258057, 1.5882798433303833, 1.6613019704818726, 1.55207097530365, 1.5724929571151733, 1.5977157354354858, 1.621934413909912, 1.5875270366668701, 1.6457234621047974, 1.586150884628296, 1.5751830339431763, 1.5817346572875977, 1.600184679031372, 1.5931930541992188, 1.5796685218811035, 1.5647026300430298, 1.5823085308074951, 1.5853135585784912, 1.595447301864624, 1.5973719358444214, 1.5873843431472778, 1.5873745679855347, 1.5871407985687256, 1.588006854057312, 1.5865150690078735, 1.5888556241989136, 1.587040662765503, 1.5873323678970337, 1.5929986238479614, 1.5881593227386475, 1.5956631898880005, 1.5878643989562988, 1.5937557220458984, 1.590743899345398, 1.5856343507766724, 1.5890036821365356, 1.5928547382354736, 1.5887516736984253, 1.5894829034805298, 1.5924742221832275, 1.5846550464630127, 1.5875165462493896, 1.586978793144226, 1.5931222438812256, 1.5921385288238525, 1.5924755334854126, 1.5964088439941406]",0.6941999793052673,,1293456108,,2327076,,,,,,0.25,0.375,0.0,48,23,400,400,0.12,0.0575,False,BEST,0.6,True,True,"[[87  0  0 ...  0  0  0]
 [ 0 83  0 ...  0  0  0]
 [ 0  0 60 ...  0  3  0]
 ...
 [ 0  0  0 ... 68  0  0]
 [ 0  0  1 ...  0 55  0]
 [ 0  0  0 ...  0  0 76]]",0.6956,0.707406524,0.6956,0.696348324,76
BIMMWO[M],,6,20,8,False,False,"[14, 12, 40, 33, 31, 54, 39, 7]",[],"[{'INP': 32}, {'CONV': [64, 3]}, ({'CONV': [32, 5]}, {'CONV': [256, 3]}), ({'CONV': [32, 5]}, {'CONV': [128, 3]}, {'POOLMAX': [-1, 2]}), ({'CONV': [128, 5]}, {'CONV': [32, 3]}), ({'CONV': [128, 3]}, {'CONV': [32, 5]}, {'POOLMAX': [-1, 2]}), ({'CONV': [64, 5]}, {'CONV': [256, 5]}), ({'CONV': [256, 3]}, {'CONV': [256, 3]}, {'POOLMAX': [-1, 2]}), ({'CONV': [128, 3]}, {'CONV': [256, 5]}), ({'CONV': [32, 3]}, {'CONV': [256, 5]}, {'POOLMAX': [-1, 2]}), {'GLOBAL_AVG': None}, {'LAST_DENSE': [100, 'softmax']}]",SPC,MPAR,GA,70,"[0.08030000329017639, 0.2071000039577484, 0.2791000008583069, 0.28519999980926514, 0.35019999742507935, 0.38659998774528503, 0.38670000433921814, 0.3946000039577484, 0.4302000105381012, 0.45750001072883606, 0.49129998683929443, 0.5044000148773193, 0.4828999936580658, 0.5016999840736389, 0.45820000767707825, 0.42910000681877136, 0.5805000066757202, 0.5947999954223633, 0.588100016117096, 0.57669997215271, 0.6183000206947327, 0.6071000099182129, 0.6046000123023987, 0.5825999975204468, 0.5634999871253967, 0.6152999997138977, 0.6546000242233276, 0.6424000263214111, 0.6359999775886536, 0.6614999771118164, 0.6367999911308289, 0.6521999835968018, 0.6376000046730042, 0.6406000256538391, 0.6467000246047974, 0.6764000058174133, 0.6751000285148621, 0.67330002784729, 0.6712999939918518, 0.6700000166893005, 0.6582000255584717, 0.6789000034332275, 0.6754000186920166, 0.6728000044822693, 0.6771000027656555, 0.6776999831199646, 0.6771000027656555, 0.6796000003814697, 0.684499979019165, 0.6836000084877014, 0.6790000200271606, 0.6809999942779541, 0.6811000108718872, 0.6801999807357788, 0.6811000108718872, 0.682200014591217, 0.6834999918937683, 0.6834999918937683, 0.6823999881744385, 0.682200014591217, 0.6823999881744385, 0.6826000213623047, 0.6812000274658203, 0.6830999851226807, 0.6822999715805054, 0.6834999918937683, 0.6826000213623047, 0.6848999857902527, 0.6837999820709229, 0.6843000054359436]","[4.457347869873047, 3.510862112045288, 3.097747564315796, 3.203347682952881, 2.8336756229400635, 2.698976516723633, 2.926891565322876, 2.743342161178589, 2.628593683242798, 2.519472360610962, 2.3380966186523438, 2.3397531509399414, 2.5627198219299316, 2.342808485031128, 2.6659774780273438, 3.366854190826416, 1.9928630590438843, 1.9788432121276855, 1.9451056718826294, 2.0404562950134277, 1.8423562049865723, 1.8875508308410645, 1.8671890497207642, 2.033179521560669, 2.1272053718566895, 1.8798822164535522, 1.7219197750091553, 1.7459238767623901, 1.8027427196502686, 1.6810764074325562, 1.8159831762313843, 1.7232550382614136, 1.8372032642364502, 1.7901556491851807, 1.7760056257247925, 1.6288725137710571, 1.6544361114501953, 1.6776984930038452, 1.6987329721450806, 1.6886366605758667, 1.7801294326782227, 1.66521155834198, 1.675432562828064, 1.6888970136642456, 1.7023189067840576, 1.6983083486557007, 1.681984543800354, 1.6715160608291626, 1.6729494333267212, 1.6544703245162964, 1.6973328590393066, 1.6798659563064575, 1.681149959564209, 1.6790223121643066, 1.69273042678833, 1.6753560304641724, 1.6699297428131104, 1.6850805282592773, 1.6786506175994873, 1.6847418546676636, 1.681382656097412, 1.6800916194915771, 1.6903759241104126, 1.6858139038085938, 1.6885745525360107, 1.6935994625091553, 1.685691237449646, 1.6835790872573853, 1.6874375343322754, 1.6827545166015625, 1.688433051109314, 1.6904771327972412, 1.6906589269638062, 1.6877416372299194, 1.6917572021484375, 1.6918253898620605, 1.6844571828842163, 1.6962958574295044, 1.692742943763733, 1.6960513591766357, 1.6860954761505127, 1.6912269592285156, 1.6912779808044434, 1.6932357549667358, 1.6959102153778076, 1.6900197267532349, 1.6904505491256714, 1.685745120048523, 1.6854143142700195, 1.6893175840377808, 1.689921498298645, 1.6883615255355835, 1.6880943775177002, 1.693723201751709, 1.6956746578216553, 1.688890814781189, 1.6911996603012085, 1.6900548934936523, 1.6962964534759521, 1.6923773288726807]",0.6843000054359436,,716420524,,4287140,,,,,,0.5,0.375,0.0,44,23,400,400,0.11,0.0575,False,BEST,0.4,True,True,"[[82  0  0 ...  0  0  0]
 [ 0 76  1 ...  0  0  0]
 [ 0  1 55 ...  0  2  0]
 ...
 [ 0  0  0 ... 64  0  0]
 [ 0  0  5 ...  0 52  0]
 [ 0  0  0 ...  0  1 71]]",0.6831,0.695815472,0.6831,0.684061211,12
BXSZFK[M],,7,20,13,False,False,"[26, 36, 39, 58, 13, 20, 39, 39]",[],"[{'INP': 32}, {'CONV': [64, 3]}, ({'CONV': [64, 5]}, {'CONV': [64, 3]}), ({'CONV': [128, 3]}, {'CONV': [128, 3]}, {'POOLMAX': [-1, 2]}), ({'CONV': [128, 3]}, {'CONV': [256, 5]}), ({'CONV': [256, 5]}, {'CONV': [64, 3]}, {'POOLMAX': [-1, 2]}), ({'CONV': [32, 5]}, {'CONV': [128, 5]}), ({'CONV': [64, 3]}, {'CONV': [128, 3]}, {'POOLMAX': [-1, 2]}), ({'CONV': [128, 3]}, {'CONV': [256, 5]}), ({'CONV': [128, 3]}, {'CONV': [256, 5]}, {'POOLMAX': [-1, 2]}), {'GLOBAL_AVG': None}, {'LAST_DENSE': [100, 'softmax']}]",SPC,MPAR,GA,70,"[0.08619999885559082, 0.21379999816417694, 0.23280000686645508, 0.3589000105857849, 0.39149999618530273, 0.3700999915599823, 0.400299996137619, 0.4652000069618225, 0.45500001311302185, 0.4481000006198883, 0.4535999894142151, 0.48399999737739563, 0.5109999775886536, 0.47380000352859497, 0.5065000057220459, 0.5242000222206116, 0.5224999785423279, 0.510699987411499, 0.5566999912261963, 0.531499981880188, 0.5329999923706055, 0.4311999976634979, 0.5766000151634216, 0.5325999855995178, 0.5546000003814697, 0.5830000042915344, 0.5090000033378601, 0.5331000089645386, 0.6503000259399414, 0.6209999918937683, 0.6134999990463257, 0.6209999918937683, 0.6198999881744385, 0.6366999745368958, 0.6614000201225281, 0.6672000288963318, 0.6642000079154968, 0.657800018787384, 0.6538000106811523, 0.659600019454956, 0.6620000004768372, 0.6628999710083008, 0.692799985408783, 0.6894999742507935, 0.6960999965667725, 0.6891999840736389, 0.6966000199317932, 0.6783999800682068, 0.7046999931335449, 0.6948999762535095, 0.699400007724762, 0.6987000107765198, 0.6966000199317932, 0.6949999928474426, 0.6991000175476074, 0.6955999732017517, 0.6955999732017517, 0.6955000162124634, 0.6952000260353088, 0.7024000287055969, 0.6988000273704529, 0.7027000188827515, 0.7019000053405762, 0.7009999752044678, 0.6996999979019165, 0.6985999941825867, 0.6988999843597412, 0.6998000144958496, 0.699999988079071, 0.7017999887466431]","[4.240437984466553, 3.4673526287078857, 3.601926565170288, 2.816145420074463, 2.6784253120422363, 2.8259871006011963, 2.724534273147583, 2.4285902976989746, 2.497910976409912, 2.5906248092651367, 2.6206860542297363, 2.4998230934143066, 2.2841849327087402, 2.5260798931121826, 2.3384525775909424, 2.250875473022461, 2.3252675533294678, 2.348313570022583, 2.15985107421875, 2.280740976333618, 2.2766270637512207, 3.3294081687927246, 2.1068360805511475, 2.3720827102661133, 2.2406318187713623, 2.1333653926849365, 2.526468276977539, 2.3743207454681396, 1.7936582565307617, 1.960719347000122, 1.98372220993042, 1.9362903833389282, 1.9358069896697998, 1.8508940935134888, 1.7432787418365479, 1.7286912202835083, 1.7181451320648193, 1.7452847957611084, 1.8095232248306274, 1.7580056190490723, 1.759461760520935, 1.7578580379486084, 1.6155774593353271, 1.6507443189620972, 1.6300603151321411, 1.6680488586425781, 1.622409701347351, 1.7056306600570679, 1.611367106437683, 1.6335902214050293, 1.6181772947311401, 1.6347647905349731, 1.6591778993606567, 1.6474276781082153, 1.6392107009887695, 1.6498160362243652, 1.6484265327453613, 1.643372654914856, 1.6433231830596924, 1.614879846572876, 1.632487416267395, 1.6069387197494507, 1.6252093315124512, 1.6322029829025269, 1.6303969621658325, 1.6284704208374023, 1.6423486471176147, 1.6282285451889038, 1.630631685256958, 1.6214057207107544, 1.6320953369140625, 1.632611870765686, 1.6306201219558716, 1.6292954683303833, 1.6254805326461792, 1.631316065788269, 1.629132628440857, 1.6341198682785034, 1.632033348083496, 1.6277129650115967, 1.6309396028518677, 1.6288021802902222, 1.6348254680633545, 1.637440800666809, 1.6370344161987305, 1.6322121620178223, 1.629316806793213, 1.6307698488235474, 1.633872628211975, 1.6341352462768555, 1.6347675323486328, 1.631137728691101, 1.6325064897537231, 1.6298500299453735, 1.638771653175354, 1.634842872619629, 1.6403273344039917, 1.6363855600357056, 1.6312038898468018, 1.6340596675872803]",0.7017999887466431,,1159461292,,5720740,,,,,,0.375,0.0,0.125,38,31,400,400,0.095,0.0775,False,BEST,0.65,True,True,"[[88  0  0 ...  0  0  0]
 [ 0 79  0 ...  0  0  0]
 [ 0  0 60 ...  0  4  0]
 ...
 [ 0  0  0 ... 73  0  0]
 [ 0  1  3 ...  0 46  0]
 [ 0  0  0 ...  0  0 69]]",0.7021,0.713555279,0.7021,0.702675313,18
BFOLER[M],,8,20,18,False,False,"[14, 16, 26, 39, 12, 6, 38, 23]",[],"[{'INP': 32}, {'CONV': [64, 3]}, ({'CONV': [32, 5]}, {'CONV': [256, 3]}), ({'CONV': [64, 3]}, {'CONV': [32, 3]}, {'POOLMAX': [-1, 2]}), ({'CONV': [64, 5]}, {'CONV': [64, 3]}), ({'CONV': [128, 3]}, {'CONV': [256, 5]}, {'POOLMAX': [-1, 2]}), ({'CONV': [32, 5]}, {'CONV': [128, 3]}), ({'CONV': [32, 3]}, {'CONV': [256, 3]}, {'POOLMAX': [-1, 2]}), ({'CONV': [128, 3]}, {'CONV': [256, 3]}), ({'CONV': [64, 3]}, {'CONV': [256, 5]}, {'POOLMAX': [-1, 2]}), {'GLOBAL_AVG': None}, {'LAST_DENSE': [100, 'softmax']}]",SPC,MPAR,GA,70,"[0.10620000213384628, 0.1873999983072281, 0.2921000123023987, 0.30090001225471497, 0.3662000000476837, 0.3813999891281128, 0.45339998602867126, 0.489300012588501, 0.45339998602867126, 0.4699999988079071, 0.48100000619888306, 0.5349000096321106, 0.5378999710083008, 0.483599990606308, 0.5116000175476074, 0.4894999861717224, 0.5605000257492065, 0.58160001039505, 0.5507000088691711, 0.5561000108718872, 0.5759000182151794, 0.539900004863739, 0.5072000026702881, 0.6333000063896179, 0.6355999708175659, 0.6198999881744385, 0.6359000205993652, 0.6523000001907349, 0.6134999990463257, 0.6299999952316284, 0.6410999894142151, 0.637499988079071, 0.626800000667572, 0.670199990272522, 0.6744999885559082, 0.6751000285148621, 0.6762999892234802, 0.6725999712944031, 0.6904000043869019, 0.680899977684021, 0.6852999925613403, 0.6872000098228455, 0.6776000261306763, 0.6879000067710876, 0.6909000277519226, 0.7006999850273132, 0.7010999917984009, 0.7042999863624573, 0.7096999883651733, 0.6980999708175659, 0.7070000171661377, 0.692300021648407, 0.6840000152587891, 0.7013999819755554, 0.7064999938011169, 0.7045999765396118, 0.708299994468689, 0.7095999717712402, 0.7020999789237976, 0.7095999717712402, 0.708299994468689, 0.7102000117301941, 0.7110999822616577, 0.7099999785423279, 0.7113999724388123, 0.7135999798774719, 0.7132999897003174, 0.7139999866485596, 0.7114999890327454, 0.7138000130653381]","[4.031260967254639, 3.748018741607666, 3.1395814418792725, 3.1812407970428467, 2.759200096130371, 2.7048721313476562, 2.5021157264709473, 2.2829020023345947, 2.518416404724121, 2.459092140197754, 2.3932313919067383, 2.191826105117798, 2.193455934524536, 2.4755592346191406, 2.372788190841675, 2.454983711242676, 2.125602960586548, 2.0543432235717773, 2.210548162460327, 2.1717488765716553, 2.1510374546051025, 2.3021392822265625, 2.47686767578125, 1.8682185411453247, 1.8678277730941772, 1.9161351919174194, 1.8298542499542236, 1.7602471113204956, 1.9444705247879028, 1.8586310148239136, 1.85349702835083, 1.8534311056137085, 1.916986346244812, 1.6918416023254395, 1.6859068870544434, 1.7091293334960938, 1.7076832056045532, 1.7238408327102661, 1.6357671022415161, 1.6649999618530273, 1.6773905754089355, 1.6798890829086304, 1.7447445392608643, 1.6985557079315186, 1.661277174949646, 1.6269187927246094, 1.6111741065979004, 1.6371703147888184, 1.6106953620910645, 1.639540672302246, 1.6246020793914795, 1.6838657855987549, 1.7190443277359009, 1.6488525867462158, 1.633325457572937, 1.6399625539779663, 1.6532546281814575, 1.6442064046859741, 1.6830954551696777, 1.645523190498352, 1.65630042552948, 1.6529605388641357, 1.6585289239883423, 1.6522963047027588, 1.6518751382827759, 1.641097068786621, 1.6444716453552246, 1.6530914306640625, 1.6620491743087769, 1.6455808877944946, 1.649857759475708, 1.639758825302124, 1.6521079540252686, 1.6484659910202026, 1.6456971168518066, 1.6542603969573975, 1.654164433479309, 1.6560266017913818, 1.6563595533370972, 1.6483591794967651, 1.656354308128357, 1.6524490118026733, 1.6497777700424194, 1.6575508117675781, 1.6520603895187378, 1.661016821861267, 1.6526548862457275, 1.6542797088623047, 1.652099609375, 1.6550304889678955, 1.6509742736816406, 1.653183937072754, 1.6539340019226074, 1.6568704843521118, 1.6550372838974, 1.652575969696045, 1.6569023132324219, 1.6565489768981934, 1.6555980443954468, 1.651545524597168]",0.7138000130653381,,631068460,,3052452,,,,,,0.25,0.0,0.125,29,39,400,400,0.0725,0.0975,False,BEST,0.9,True,True,"[[87  0  0 ...  0  0  0]
 [ 0 82  1 ...  0  0  0]
 [ 0  0 63 ...  0  2  0]
 ...
 [ 0  0  0 ... 77  1  0]
 [ 0  0  3 ...  0 58  0]
 [ 0  0  0 ...  0  0 75]]",0.7173,0.728765959,0.7173,0.718377013,24
BUJWCO[M],,9,20,14,False,False,"[40, 58, 18, 38, 47, 14, 15, 15]",[],"[{'INP': 32}, {'CONV': [64, 3]}, ({'CONV': [128, 5]}, {'CONV': [32, 3]}), ({'CONV': [256, 5]}, {'CONV': [64, 3]}, {'POOLMAX': [-1, 2]}), ({'CONV': [64, 3]}, {'CONV': [64, 3]}), ({'CONV': [128, 3]}, {'CONV': [256, 3]}, {'POOLMAX': [-1, 2]}), ({'CONV': [128, 5]}, {'CONV': [256, 5]}), ({'CONV': [32, 5]}, {'CONV': [256, 3]}, {'POOLMAX': [-1, 2]}), ({'CONV': [32, 5]}, {'CONV': [256, 5]}), ({'CONV': [32, 5]}, {'CONV': [256, 5]}, {'POOLMAX': [-1, 2]}), {'GLOBAL_AVG': None}, {'LAST_DENSE': [100, 'softmax']}]",SPC,MPAR,GA,70,"[0.11940000206232071, 0.17260000109672546, 0.2533999979496002, 0.3330000042915344, 0.36160001158714294, 0.3815000057220459, 0.42340001463890076, 0.47209998965263367, 0.45410001277923584, 0.49480000138282776, 0.4514999985694885, 0.5351999998092651, 0.5412999987602234, 0.5382000207901001, 0.5346999764442444, 0.4959999918937683, 0.5368000268936157, 0.6047999858856201, 0.6151999831199646, 0.6255999803543091, 0.6190000176429749, 0.590399980545044, 0.6083999872207642, 0.6269000172615051, 0.6184999942779541, 0.6378999948501587, 0.626800000667572, 0.6338000297546387, 0.6470000147819519, 0.6335999965667725, 0.6377999782562256, 0.5953999757766724, 0.6240000128746033, 0.6503999829292297, 0.6139000058174133, 0.6396999955177307, 0.6579999923706055, 0.6371999979019165, 0.6565999984741211, 0.6866000294685364, 0.6786999702453613, 0.6826000213623047, 0.6754000186920166, 0.6883000135421753, 0.6790000200271606, 0.6929000020027161, 0.6959999799728394, 0.6991999745368958, 0.7010999917984009, 0.6966000199317932, 0.7059000134468079, 0.7034000158309937, 0.7006000280380249, 0.7073000073432922, 0.7067999839782715, 0.7055000066757202, 0.7102000117301941, 0.7106999754905701, 0.7093999981880188, 0.7060999870300293, 0.7110000252723694, 0.7117000222206116, 0.7067999839782715, 0.7081999778747559, 0.708899974822998, 0.7092000246047974, 0.7089999914169312, 0.7116000056266785, 0.7098000049591064, 0.7084000110626221]","[4.080787658691406, 3.75077223777771, 3.5049121379852295, 2.8805224895477295, 2.8372249603271484, 2.814143657684326, 2.6479432582855225, 2.449826240539551, 2.5470354557037354, 2.3831307888031006, 2.6478304862976074, 2.1965739727020264, 2.22025203704834, 2.198932409286499, 2.3139209747314453, 2.4852120876312256, 2.3063344955444336, 1.932335376739502, 1.8840869665145874, 1.8682512044906616, 1.9017915725708008, 2.064441680908203, 1.9676244258880615, 1.8643269538879395, 1.9276639223098755, 1.7984462976455688, 1.883612871170044, 1.8735525608062744, 1.7975753545761108, 1.9083222150802612, 1.8350379467010498, 2.1188137531280518, 1.9427400827407837, 1.7960232496261597, 2.035978078842163, 1.8850681781768799, 1.8119654655456543, 1.9164917469024658, 1.82889986038208, 1.7044023275375366, 1.7950220108032227, 1.7449640035629272, 1.796778917312622, 1.753790259361267, 1.7681881189346313, 1.723413109779358, 1.7498865127563477, 1.7117640972137451, 1.7138111591339111, 1.747380256652832, 1.7230138778686523, 1.7393925189971924, 1.7622991800308228, 1.717018961906433, 1.7180263996124268, 1.7469244003295898, 1.7184499502182007, 1.7222017049789429, 1.739635944366455, 1.7521302700042725, 1.7321115732192993, 1.7267433404922485, 1.738393783569336, 1.7507104873657227, 1.735802173614502, 1.7330595254898071, 1.7330046892166138, 1.732824444770813, 1.7321501970291138, 1.7393839359283447, 1.7305186986923218, 1.7373380661010742, 1.7421168088912964, 1.7459652423858643, 1.743292212486267, 1.7359373569488525, 1.7379379272460938, 1.7379003763198853, 1.7425050735473633, 1.738448977470398, 1.741225004196167, 1.7437134981155396, 1.744580864906311, 1.7439451217651367, 1.7384097576141357, 1.74165940284729, 1.7437281608581543, 1.7413525581359863, 1.7375258207321167, 1.7435235977172852, 1.746305227279663, 1.7461210489273071, 1.747189998626709, 1.7410261631011963, 1.7437422275543213, 1.7393615245819092, 1.7449837923049927, 1.7423276901245117, 1.7354390621185303, 1.7476726770401]",0.7084000110626221,,881891884,,4101540,,,,,,0.375,0.125,0.125,27,19,400,400,0.0675,0.0475,False,BEST,0.7,True,True,"[[89  0  0 ...  0  0  0]
 [ 0 82  0 ...  0  0  0]
 [ 0  0 61 ...  0  1  0]
 ...
 [ 0  0  0 ... 73  0  0]
 [ 0  0  2 ...  0 50  0]
 [ 0  0  1 ...  0  0 70]]",0.7103,0.724124838,0.7103,0.711676952,200
BYBWEA[M],,10,20,13,False,False,"[38, 34, 23, 29, 43, 7, 54, 55]",[],"[{'INP': 32}, {'CONV': [64, 3]}, ({'CONV': [128, 3]}, {'CONV': [256, 3]}), ({'CONV': [128, 3]}, {'CONV': [64, 3]}, {'POOLMAX': [-1, 2]}), ({'CONV': [64, 3]}, {'CONV': [256, 5]}), ({'CONV': [64, 5]}, {'CONV': [128, 5]}, {'POOLMAX': [-1, 2]}), ({'CONV': [128, 5]}, {'CONV': [64, 5]}), ({'CONV': [32, 3]}, {'CONV': [256, 5]}, {'POOLMAX': [-1, 2]}), ({'CONV': [256, 3]}, {'CONV': [256, 3]}), ({'CONV': [256, 3]}, {'CONV': [256, 5]}, {'POOLMAX': [-1, 2]}), {'GLOBAL_AVG': None}, {'LAST_DENSE': [100, 'softmax']}]",SPC,MPAR,GA,70,"[0.11490000039339066, 0.1979999989271164, 0.2702000141143799, 0.2847999930381775, 0.3912999927997589, 0.40389999747276306, 0.3693000078201294, 0.4101000130176544, 0.39590001106262207, 0.487199991941452, 0.49559998512268066, 0.4458000063896179, 0.5389999747276306, 0.49300000071525574, 0.5192000269889832, 0.4964999854564667, 0.520799994468689, 0.5077000260353088, 0.5960000157356262, 0.5989999771118164, 0.6008999943733215, 0.5957000255584717, 0.5920000076293945, 0.6003000140190125, 0.6334999799728394, 0.6409000158309937, 0.6395000219345093, 0.6377999782562256, 0.6039000153541565, 0.6204000115394592, 0.6301000118255615, 0.6625000238418579, 0.6794000267982483, 0.6923999786376953, 0.6690000295639038, 0.671500027179718, 0.6741999983787537, 0.6610999703407288, 0.6509000062942505, 0.6845999956130981, 0.6898000240325928, 0.6859999895095825, 0.6765000224113464, 0.6873999834060669, 0.7010999917984009, 0.6935999989509583, 0.6991999745368958, 0.7026000022888184, 0.6955999732017517, 0.7006999850273132, 0.7049000263214111, 0.7009999752044678, 0.6980999708175659, 0.7027999758720398, 0.7023000121116638, 0.7019000053405762, 0.7024000287055969, 0.7027999758720398, 0.7027999758720398, 0.7035999894142151, 0.7031999826431274, 0.7013000249862671, 0.7019000053405762, 0.7021999955177307, 0.7026000022888184, 0.7019000053405762, 0.7050999999046326, 0.7049999833106995, 0.7037000060081482, 0.7035999894142151]","[4.273455619812012, 3.6080565452575684, 3.442901134490967, 3.3718628883361816, 2.756692409515381, 2.6874003410339355, 3.532940149307251, 2.8022611141204834, 2.904148817062378, 2.3776016235351562, 2.399916172027588, 2.6908071041107178, 2.2138099670410156, 2.594383478164673, 2.3281242847442627, 2.463822603225708, 2.418184518814087, 2.4318554401397705, 2.0426409244537354, 1.9873251914978027, 1.9602102041244507, 2.001833438873291, 2.0645484924316406, 2.0267574787139893, 1.7932645082473755, 1.7733713388442993, 1.8104826211929321, 1.8545151948928833, 2.052171468734741, 1.8867729902267456, 1.863933801651001, 1.8187308311462402, 1.6834052801132202, 1.613247036933899, 1.7077175378799438, 1.7456066608428955, 1.728775978088379, 1.792649745941162, 1.8631420135498047, 1.7224383354187012, 1.6792242527008057, 1.719884991645813, 1.7198935747146606, 1.6904293298721313, 1.6408650875091553, 1.682639479637146, 1.6547292470932007, 1.6465603113174438, 1.6890009641647339, 1.6541457176208496, 1.6433751583099365, 1.6529161930084229, 1.6681153774261475, 1.65499746799469, 1.6562199592590332, 1.669877290725708, 1.6487245559692383, 1.6639132499694824, 1.6635183095932007, 1.6559315919876099, 1.6642224788665771, 1.670996904373169, 1.6661505699157715, 1.672641634941101, 1.667630672454834, 1.6704579591751099, 1.66190505027771, 1.6654382944107056, 1.6651734113693237, 1.6638926267623901, 1.6701613664627075, 1.6741276979446411, 1.674930214881897, 1.6673504114151, 1.674534797668457, 1.6753348112106323, 1.6683281660079956, 1.6708650588989258, 1.6721848249435425, 1.6690177917480469, 1.6689302921295166, 1.6684978008270264, 1.6766376495361328, 1.6709636449813843, 1.6676126718521118, 1.6701183319091797, 1.6723467111587524, 1.6691503524780273, 1.6754839420318604, 1.6761997938156128, 1.6769282817840576, 1.6773139238357544, 1.6714913845062256, 1.667966604232788, 1.6740710735321045, 1.6756224632263184, 1.6690740585327148, 1.670578122138977, 1.674988865852356, 1.6689070463180542]",0.7035999894142151,,1190338732,,6325412,,,,,,0.25,0.125,0.0,49,28,400,400,0.1225,0.07,False,BEST,0.65,True,True,"[[85  0  0 ...  0  0  0]
 [ 0 78  0 ...  0  0  0]
 [ 0  0 50 ...  0  1  0]
 ...
 [ 0  0  0 ... 72  1  0]
 [ 0  0  4 ...  0 48  0]
 [ 0  0  0 ...  0  0 69]]",0.7041,0.716458119,0.7041,0.705420996,3
BIEBNB[M],,11,20,16,False,False,"[14, 36, 18, 38, 46, 58, 19, 46]",[],"[{'INP': 32}, {'CONV': [64, 3]}, ({'CONV': [32, 5]}, {'CONV': [256, 3]}), ({'CONV': [128, 3]}, {'CONV': [128, 3]}, {'POOLMAX': [-1, 2]}), ({'CONV': [64, 3]}, {'CONV': [64, 3]}), ({'CONV': [128, 3]}, {'CONV': [256, 3]}, {'POOLMAX': [-1, 2]}), ({'CONV': [128, 5]}, {'CONV': [256, 3]}), ({'CONV': [256, 5]}, {'CONV': [64, 3]}, {'POOLMAX': [-1, 2]}), ({'CONV': [64, 3]}, {'CONV': [64, 5]}), ({'CONV': [128, 5]}, {'CONV': [256, 3]}, {'POOLMAX': [-1, 2]}), {'GLOBAL_AVG': None}, {'LAST_DENSE': [100, 'softmax']}]",SPC,MPAR,GA,70,"[0.093299999833107, 0.18359999358654022, 0.2705000042915344, 0.2937999963760376, 0.32330000400543213, 0.38019999861717224, 0.3686000108718872, 0.40220001339912415, 0.44029998779296875, 0.492000013589859, 0.5024999976158142, 0.448199987411499, 0.43160000443458557, 0.46470001339912415, 0.4950000047683716, 0.48669999837875366, 0.5759000182151794, 0.5856999754905701, 0.5914000272750854, 0.5934000015258789, 0.598800003528595, 0.5922999978065491, 0.5760999917984009, 0.5929999947547913, 0.6029999852180481, 0.6186000108718872, 0.618399977684021, 0.5866000056266785, 0.5928000211715698, 0.6085000038146973, 0.6291000247001648, 0.5669999718666077, 0.6419000029563904, 0.6182000041007996, 0.6189000010490417, 0.6291000247001648, 0.6215999722480774, 0.607699990272522, 0.671500027179718, 0.6653000116348267, 0.6732000112533569, 0.6496999859809875, 0.6431999802589417, 0.6478999853134155, 0.6718999743461609, 0.6909999847412109, 0.6777999997138977, 0.6869999766349792, 0.6818000078201294, 0.6861000061035156, 0.6771000027656555, 0.6916999816894531, 0.6913999915122986, 0.6847000122070312, 0.6898999810218811, 0.6832000017166138, 0.6861000061035156, 0.6866000294685364, 0.6937999725341797, 0.694100022315979, 0.6934999823570251, 0.6881999969482422, 0.6931999921798706, 0.6933000087738037, 0.6967999935150146, 0.6951000094413757, 0.6941999793052673, 0.6937000155448914, 0.6937000155448914, 0.6952000260353088]","[4.575404644012451, 3.869067668914795, 3.2326722145080566, 3.129167079925537, 3.0435147285461426, 2.7631287574768066, 2.8785061836242676, 2.7524757385253906, 2.5507991313934326, 2.325295925140381, 2.278373956680298, 2.6169040203094482, 2.737476110458374, 2.510662794113159, 2.368851661682129, 2.4791622161865234, 1.9961317777633667, 1.9479551315307617, 1.935206413269043, 1.8926167488098145, 1.8887951374053955, 1.9385472536087036, 2.0266895294189453, 1.9680372476577759, 1.9147931337356567, 1.8358536958694458, 1.8150041103363037, 2.0174617767333984, 1.9606380462646484, 1.92374587059021, 1.796375036239624, 2.1870715618133545, 1.7731679677963257, 1.908653736114502, 1.9062962532043457, 1.8649287223815918, 1.9118698835372925, 2.0592737197875977, 1.6831905841827393, 1.702688455581665, 1.6903988122940063, 1.781190276145935, 1.8729169368743896, 1.8140285015106201, 1.7106374502182007, 1.6274504661560059, 1.6697003841400146, 1.6296008825302124, 1.7034153938293457, 1.6718920469284058, 1.7092472314834595, 1.6332554817199707, 1.622952938079834, 1.7048072814941406, 1.6822360754013062, 1.7111965417861938, 1.694395661354065, 1.717401385307312, 1.67057204246521, 1.6605615615844727, 1.6707007884979248, 1.6982969045639038, 1.6799066066741943, 1.677956223487854, 1.6795556545257568, 1.666671872138977, 1.6734989881515503, 1.6698062419891357, 1.6699564456939697, 1.6667532920837402, 1.6752101182937622, 1.6745564937591553, 1.672855019569397, 1.6756093502044678, 1.6795076131820679, 1.6768423318862915, 1.6829867362976074, 1.6917614936828613, 1.6832064390182495, 1.67904531955719, 1.679231882095337, 1.6840697526931763, 1.6794019937515259, 1.6764576435089111, 1.6891487836837769, 1.6845711469650269, 1.6765093803405762, 1.6764781475067139, 1.6800179481506348, 1.6819511651992798, 1.6791894435882568, 1.6784930229187012, 1.675839900970459, 1.6727790832519531, 1.6770974397659302, 1.6815634965896606, 1.6844136714935303, 1.6804168224334717, 1.6877514123916626, 1.6801687479019165]",0.6952000260353088,,967572140,,4803748,,,,,,0.5,0.0,0.25,52,40,400,400,0.13,0.1,False,BEST,0.8,True,True,"[[81  1  0 ...  0  0  0]
 [ 0 75  0 ...  0  0  0]
 [ 0  0 55 ...  0  4  0]
 ...
 [ 0  0  0 ... 72  1  0]
 [ 0  0  1 ...  0 53  0]
 [ 0  0  1 ...  0  0 69]]",0.6962,0.708176741,0.6962,0.697050386,48
BWOVJS[M],,12,20,8,False,False,"[43, 4, 12, 29, 21, 7, 32, 55]",[],"[{'INP': 32}, {'CONV': [64, 3]}, ({'CONV': [128, 5]}, {'CONV': [64, 5]}), ({'CONV': [32, 3]}, {'CONV': [128, 3]}, {'POOLMAX': [-1, 2]}), ({'CONV': [32, 5]}, {'CONV': [128, 3]}), ({'CONV': [64, 5]}, {'CONV': [128, 5]}, {'POOLMAX': [-1, 2]}), ({'CONV': [64, 3]}, {'CONV': [128, 5]}), ({'CONV': [32, 3]}, {'CONV': [256, 5]}, {'POOLMAX': [-1, 2]}), ({'CONV': [128, 3]}, {'CONV': [32, 3]}), ({'CONV': [256, 3]}, {'CONV': [256, 5]}, {'POOLMAX': [-1, 2]}), {'GLOBAL_AVG': None}, {'LAST_DENSE': [100, 'softmax']}]",SPC,MPAR,GA,70,"[0.12309999763965607, 0.20170000195503235, 0.23559999465942383, 0.23720000684261322, 0.3273000121116638, 0.41609999537467957, 0.3797999918460846, 0.3271999955177307, 0.4634000062942505, 0.44369998574256897, 0.4918999969959259, 0.4875999987125397, 0.4853000044822693, 0.5371999740600586, 0.5016999840736389, 0.5195000171661377, 0.5223000049591064, 0.4997999966144562, 0.5324000120162964, 0.552299976348877, 0.5777000188827515, 0.5667999982833862, 0.604200005531311, 0.5950000286102295, 0.5950999855995178, 0.5885000228881836, 0.6029999852180481, 0.5825999975204468, 0.6488000154495239, 0.6202999949455261, 0.6464999914169312, 0.6430000066757202, 0.6391000151634216, 0.6421999931335449, 0.6485000252723694, 0.6567000150680542, 0.6500999927520752, 0.6401000022888184, 0.6344000101089478, 0.6518999934196472, 0.6622999906539917, 0.6344000101089478, 0.6610999703407288, 0.6445000171661377, 0.6376000046730042, 0.6445000171661377, 0.6800000071525574, 0.6644999980926514, 0.6620000004768372, 0.6751999855041504, 0.6661999821662903, 0.6722000241279602, 0.6818000078201294, 0.6855000257492065, 0.6829000115394592, 0.6812999844551086, 0.680899977684021, 0.6876000165939331, 0.6836000084877014, 0.684499979019165, 0.6818000078201294, 0.6848999857902527, 0.6854000091552734, 0.6861000061035156, 0.6883999705314636, 0.6879000067710876, 0.6873000264167786, 0.6862000226974487, 0.6879000067710876, 0.685699999332428]","[3.9038987159729004, 3.450188636779785, 3.301039457321167, 3.5847480297088623, 3.1246731281280518, 2.544893980026245, 2.793320417404175, 3.337846517562866, 2.401810646057129, 2.5929248332977295, 2.2989847660064697, 2.3824446201324463, 2.371196985244751, 2.1481025218963623, 2.329664945602417, 2.285029649734497, 2.274935245513916, 2.4273757934570312, 2.2604382038116455, 2.2131459712982178, 2.020482063293457, 2.124295949935913, 1.8900281190872192, 1.93685781955719, 1.9407882690429688, 1.9995019435882568, 1.9264568090438843, 2.0082454681396484, 1.7227743864059448, 1.9152899980545044, 1.7182403802871704, 1.722876787185669, 1.7570008039474487, 1.7363905906677246, 1.7047244310379028, 1.6763319969177246, 1.726085901260376, 1.7870913743972778, 1.8234347105026245, 1.7170230150222778, 1.6459169387817383, 1.7778809070587158, 1.6578484773635864, 1.7887718677520752, 1.8206157684326172, 1.7786105871200562, 1.6114397048950195, 1.6950362920761108, 1.753237247467041, 1.673077940940857, 1.7256067991256714, 1.6692726612091064, 1.633048415184021, 1.6379719972610474, 1.6469368934631348, 1.6507877111434937, 1.6305776834487915, 1.6147042512893677, 1.6575556993484497, 1.6246740818023682, 1.6525630950927734, 1.6479841470718384, 1.6337695121765137, 1.6367671489715576, 1.6310759782791138, 1.6367994546890259, 1.6372864246368408, 1.642417550086975, 1.6389671564102173, 1.6473835706710815, 1.65201735496521, 1.643540859222412, 1.644457221031189, 1.6418579816818237, 1.6382514238357544, 1.6369620561599731, 1.6393388509750366, 1.6421173810958862, 1.6394226551055908, 1.6397892236709595, 1.6411744356155396, 1.6430425643920898, 1.6448173522949219, 1.6468220949172974, 1.639041543006897, 1.6438841819763184, 1.640224814414978, 1.6481525897979736, 1.642671823501587, 1.6428672075271606, 1.6494343280792236, 1.645053744316101, 1.6456793546676636, 1.6403968334197998, 1.6431865692138672, 1.6441234350204468, 1.6406033039093018, 1.645609736442566, 1.6394519805908203, 1.6478326320648193]",0.685699999332428,,711404204,,3728036,,,,,,0.5,0.25,0.0,29,25,400,400,0.0725,0.0625,False,BEST,0.4,True,True,"[[79  0  0 ...  0  0  0]
 [ 0 76  0 ...  0  0  0]
 [ 0  1 53 ...  1  2  1]
 ...
 [ 0  1  0 ... 73  0  0]
 [ 0  0  3 ...  0 54  0]
 [ 0  0  0 ...  0  0 77]]",0.688,0.700634178,0.688,0.688854777,93
BWLPMH[M],,13,20,17,False,False,"[14, 25, 39, 12, 21, 6, 25, 22]",[],"[{'INP': 32}, {'CONV': [64, 3]}, ({'CONV': [32, 5]}, {'CONV': [256, 3]}), ({'CONV': [64, 5]}, {'CONV': [32, 5]}, {'POOLMAX': [-1, 2]}), ({'CONV': [128, 3]}, {'CONV': [256, 5]}), ({'CONV': [32, 5]}, {'CONV': [128, 3]}, {'POOLMAX': [-1, 2]}), ({'CONV': [64, 3]}, {'CONV': [128, 5]}), ({'CONV': [32, 3]}, {'CONV': [256, 3]}, {'POOLMAX': [-1, 2]}), ({'CONV': [64, 5]}, {'CONV': [32, 5]}), ({'CONV': [64, 3]}, {'CONV': [256, 3]}, {'POOLMAX': [-1, 2]}), {'GLOBAL_AVG': None}, {'LAST_DENSE': [100, 'softmax']}]",SPC,MPAR,GA,70,"[0.07819999754428864, 0.1851000040769577, 0.2071000039577484, 0.3140999972820282, 0.3741999864578247, 0.4212000072002411, 0.4101000130176544, 0.4180999994277954, 0.39309999346733093, 0.4404999911785126, 0.5217999815940857, 0.49810001254081726, 0.5, 0.4255000054836273, 0.5149000287055969, 0.4973999857902527, 0.5835999846458435, 0.5952000021934509, 0.5813999772071838, 0.5618000030517578, 0.583299994468689, 0.5866000056266785, 0.5911999940872192, 0.635200023651123, 0.6312999725341797, 0.6414999961853027, 0.6449000239372253, 0.6413999795913696, 0.6335999965667725, 0.6330000162124634, 0.6398000121116638, 0.6449000239372253, 0.6503000259399414, 0.6644999980926514, 0.6625999808311462, 0.6567000150680542, 0.6571000218391418, 0.661300003528595, 0.660099983215332, 0.6682000160217285, 0.6717000007629395, 0.6725999712944031, 0.6699000000953674, 0.6693000197410583, 0.6740999817848206, 0.6722000241279602, 0.6707000136375427, 0.6757000088691711, 0.6757000088691711, 0.6746000051498413, 0.6812000274658203, 0.6761999726295471, 0.6777999997138977, 0.6717000007629395, 0.6827999949455261, 0.6733999848365784, 0.6761999726295471, 0.6758999824523926, 0.6830999851226807, 0.6791999936103821, 0.6777999997138977, 0.6797999739646912, 0.6801000237464905, 0.6808000206947327, 0.680400013923645, 0.6797000169754028, 0.6819000244140625, 0.6818000078201294, 0.6801000237464905, 0.6801999807357788]","[4.240031719207764, 3.5521116256713867, 3.6477835178375244, 2.9056217670440674, 2.6824405193328857, 2.4918930530548096, 2.586250066757202, 2.631922960281372, 2.798011064529419, 2.5766429901123047, 2.157592296600342, 2.329345941543579, 2.303575038909912, 2.8429555892944336, 2.287069082260132, 2.382345199584961, 1.9773399829864502, 1.8679810762405396, 1.9366601705551147, 2.139525890350342, 1.962693691253662, 1.9336491823196411, 1.9006794691085815, 1.7317320108413696, 1.7671394348144531, 1.7205263376235962, 1.6658809185028076, 1.6988632678985596, 1.749514102935791, 1.764914631843567, 1.690173625946045, 1.6952978372573853, 1.6717947721481323, 1.605714201927185, 1.6161503791809082, 1.6466269493103027, 1.6861320734024048, 1.648911952972412, 1.6424617767333984, 1.641313076019287, 1.599005103111267, 1.5999548435211182, 1.6454519033432007, 1.6418089866638184, 1.6093196868896484, 1.6223270893096924, 1.6258233785629272, 1.6188075542449951, 1.6095707416534424, 1.6302838325500488, 1.5945842266082764, 1.6099873781204224, 1.6202059984207153, 1.6534583568572998, 1.6046390533447266, 1.6448882818222046, 1.6238746643066406, 1.6427013874053955, 1.607509732246399, 1.627363920211792, 1.6374913454055786, 1.6270338296890259, 1.628942847251892, 1.6227718591690063, 1.6269397735595703, 1.6216288805007935, 1.6238130331039429, 1.6233106851577759, 1.628615379333496, 1.6229090690612793, 1.6235027313232422, 1.6283918619155884, 1.6227035522460938, 1.6220611333847046, 1.6230510473251343, 1.6225587129592896, 1.623099446296692, 1.6246588230133057, 1.6234793663024902, 1.6230015754699707, 1.6253782510757446, 1.630391001701355, 1.6278131008148193, 1.6294063329696655, 1.627432107925415, 1.6257402896881104, 1.6244714260101318, 1.6262986660003662, 1.635438323020935, 1.6257649660110474, 1.6297744512557983, 1.6250413656234741, 1.6257363557815552, 1.6166632175445557, 1.6241044998168945, 1.6263011693954468, 1.6273688077926636, 1.6268482208251953, 1.6271649599075317, 1.6268938779830933]",0.6801999807357788,,959905580,,2870692,,,,,,0.375,0.125,0.0,43,31,400,400,0.1075,0.0775,False,BEST,0.85,True,True,"[[80  0  0 ...  0  0  0]
 [ 0 82  0 ...  0  0  0]
 [ 0  0 52 ...  0  2  0]
 ...
 [ 0  0  0 ... 73  0  0]
 [ 0  0  3 ...  0 48  0]
 [ 0  0  0 ...  0  0 73]]",0.6813,0.694761888,0.6813,0.682251315,39
BYBLSI[M],,14,20,17,False,False,"[20, 22, 23, 20, 39, 38, 28, 15]",[],"[{'INP': 32}, {'CONV': [64, 3]}, ({'CONV': [64, 3]}, {'CONV': [128, 3]}), ({'CONV': [64, 3]}, {'CONV': [256, 3]}, {'POOLMAX': [-1, 2]}), ({'CONV': [64, 3]}, {'CONV': [256, 5]}), ({'CONV': [64, 3]}, {'CONV': [128, 3]}, {'POOLMAX': [-1, 2]}), ({'CONV': [128, 3]}, {'CONV': [256, 5]}), ({'CONV': [128, 3]}, {'CONV': [256, 3]}, {'POOLMAX': [-1, 2]}), ({'CONV': [64, 5]}, {'CONV': [128, 3]}), ({'CONV': [32, 5]}, {'CONV': [256, 5]}, {'POOLMAX': [-1, 2]}), {'GLOBAL_AVG': None}, {'LAST_DENSE': [100, 'softmax']}]",SPC,MPAR,GA,70,"[0.09130000323057175, 0.1915999948978424, 0.30640000104904175, 0.3352999985218048, 0.4004000127315521, 0.46560001373291016, 0.41110000014305115, 0.42320001125335693, 0.4803999960422516, 0.38190001249313354, 0.49889999628067017, 0.5005000233650208, 0.5146999955177307, 0.5327000021934509, 0.49959999322891235, 0.5468999743461609, 0.5210999846458435, 0.5156999826431274, 0.4880000054836273, 0.5673999786376953, 0.5730000138282776, 0.5673999786376953, 0.5407999753952026, 0.5598000288009644, 0.5385000109672546, 0.6330000162124634, 0.6381999850273132, 0.6328999996185303, 0.6618000268936157, 0.6306999921798706, 0.6323000192642212, 0.6248000264167786, 0.6279000043869019, 0.6407999992370605, 0.6736000180244446, 0.6765999794006348, 0.6762999892234802, 0.6740000247955322, 0.6712999939918518, 0.6717000007629395, 0.6758000254631042, 0.6966999769210815, 0.6920999884605408, 0.6967999935150146, 0.6827999949455261, 0.6938999891281128, 0.6868000030517578, 0.699999988079071, 0.7026000022888184, 0.7005000114440918, 0.7041000127792358, 0.6955999732017517, 0.70169997215271, 0.705299973487854, 0.708899974822998, 0.7057999968528748, 0.7049999833106995, 0.7093999981880188, 0.7069000005722046, 0.7089999914169312, 0.704200029373169, 0.7057999968528748, 0.708299994468689, 0.7073000073432922, 0.7093999981880188, 0.7085999846458435, 0.7081000208854675, 0.7098000049591064, 0.7074000239372253, 0.7073000073432922]","[4.458951950073242, 3.642136812210083, 3.132517099380493, 3.0739710330963135, 2.6548569202423096, 2.4092857837677, 2.7097361087799072, 2.686755418777466, 2.4545774459838867, 3.238450288772583, 2.3544538021087646, 2.4229307174682617, 2.4203097820281982, 2.3293747901916504, 2.5132641792297363, 2.2817025184631348, 2.4596571922302246, 2.5234456062316895, 2.5721306800842285, 2.158496618270874, 2.2214128971099854, 2.2603137493133545, 2.3344523906707764, 2.3348772525787354, 2.4184672832489014, 1.9574335813522339, 1.9120280742645264, 1.9476758241653442, 1.7857730388641357, 1.962592601776123, 2.008331060409546, 1.9663115739822388, 1.9533029794692993, 1.8890496492385864, 1.7246437072753906, 1.699906826019287, 1.7576175928115845, 1.7756534814834595, 1.780213475227356, 1.8030424118041992, 1.7698343992233276, 1.6487780809402466, 1.7271239757537842, 1.7095955610275269, 1.7758378982543945, 1.718063235282898, 1.7620800733566284, 1.6830880641937256, 1.6905744075775146, 1.701043963432312, 1.6936626434326172, 1.7201334238052368, 1.6964508295059204, 1.6855300664901733, 1.6810976266860962, 1.6958950757980347, 1.6974632740020752, 1.6879289150238037, 1.6880626678466797, 1.686991810798645, 1.7051631212234497, 1.6954786777496338, 1.6890054941177368, 1.7024732828140259, 1.6966841220855713, 1.6948636770248413, 1.7033054828643799, 1.6993707418441772, 1.7059035301208496, 1.7056193351745605, 1.6920417547225952, 1.7012419700622559, 1.69853675365448, 1.7054063081741333, 1.7004119157791138, 1.7008394002914429, 1.6973634958267212, 1.6978679895401, 1.6948692798614502, 1.703461766242981, 1.6984071731567383, 1.6990851163864136, 1.7067813873291016, 1.7010679244995117, 1.7001242637634277, 1.6957933902740479, 1.7017654180526733, 1.7056242227554321, 1.6966804265975952, 1.7011868953704834, 1.6975975036621094, 1.7049245834350586, 1.704818606376648, 1.6961737871170044, 1.7049009799957275, 1.7075495719909668, 1.6977314949035645, 1.6999380588531494, 1.703681468963623, 1.6998499631881714]",0.7073000073432922,,731716140,,3803556,,,,,,0.25,0.25,0.25,57,31,400,400,0.1425,0.0775,False,BEST,0.85,True,True,"[[85  0  0 ...  0  0  0]
 [ 0 84  0 ...  0  0  0]
 [ 0  0 58 ...  0  4  0]
 ...
 [ 0  0  0 ... 71  0  0]
 [ 0  0  6 ...  0 52  0]
 [ 0  0  0 ...  0  0 70]]",0.7113,0.722498708,0.7113,0.712309367,52
BBFMZS[M],,15,20,17,False,False,"[14, 22, 2, 38, 60, 63, 54, 54]",[],"[{'INP': 32}, {'CONV': [64, 3]}, ({'CONV': [32, 5]}, {'CONV': [256, 3]}), ({'CONV': [64, 3]}, {'CONV': [256, 3]}, {'POOLMAX': [-1, 2]}), ({'CONV': [32, 3]}, {'CONV': [64, 3]}), ({'CONV': [128, 3]}, {'CONV': [256, 3]}, {'POOLMAX': [-1, 2]}), ({'CONV': [256, 5]}, {'CONV': [128, 3]}), ({'CONV': [256, 5]}, {'CONV': [256, 5]}, {'POOLMAX': [-1, 2]}), ({'CONV': [256, 3]}, {'CONV': [256, 3]}), ({'CONV': [256, 3]}, {'CONV': [256, 3]}, {'POOLMAX': [-1, 2]}), {'GLOBAL_AVG': None}, {'LAST_DENSE': [100, 'softmax']}]",SPC,MPAR,GA,70,"[0.09610000252723694, 0.20589999854564667, 0.31540000438690186, 0.30329999327659607, 0.32760000228881836, 0.4555000066757202, 0.45840001106262207, 0.4262000024318695, 0.46650001406669617, 0.49000000953674316, 0.43650001287460327, 0.5231000185012817, 0.5031999945640564, 0.4790000021457672, 0.5127999782562256, 0.487199991941452, 0.5077999830245972, 0.5827000141143799, 0.6039000153541565, 0.5831000208854675, 0.6150000095367432, 0.6168000102043152, 0.6100999712944031, 0.61080002784729, 0.6389999985694885, 0.628600001335144, 0.619700014591217, 0.64410001039505, 0.604200005531311, 0.6154999732971191, 0.6496000289916992, 0.6412000060081482, 0.63919997215271, 0.6753000020980835, 0.6942999958992004, 0.6437000036239624, 0.6873000264167786, 0.6987000107765198, 0.6692000031471252, 0.6777999997138977, 0.6909999847412109, 0.6758000254631042, 0.692300021648407, 0.7038000226020813, 0.6969000101089478, 0.703499972820282, 0.7135999798774719, 0.7105000019073486, 0.7080000042915344, 0.7134000062942505, 0.711899995803833, 0.7116000056266785, 0.7124000191688538, 0.7221999764442444, 0.7221999764442444, 0.7196000218391418, 0.7218000292778015, 0.7192999720573425, 0.722599983215332, 0.7214000225067139, 0.7235999703407288, 0.7189000248908997, 0.7199000120162964, 0.7213000059127808, 0.7197999954223633, 0.7221999764442444, 0.7202000021934509, 0.7233999967575073, 0.7231000065803528, 0.7222999930381775]","[4.535196781158447, 3.5388152599334717, 3.0049214363098145, 3.178157091140747, 3.06626033782959, 2.471343994140625, 2.4416301250457764, 2.6393089294433594, 2.50368070602417, 2.4464550018310547, 2.809706449508667, 2.3272314071655273, 2.465459108352661, 2.5839622020721436, 2.439002513885498, 2.534514904022217, 2.4645023345947266, 2.102389097213745, 1.9708750247955322, 2.0389208793640137, 1.933969497680664, 1.9305031299591064, 1.9382908344268799, 1.927049160003662, 1.840438723564148, 1.845839262008667, 1.905961275100708, 1.7754915952682495, 2.078000545501709, 1.9432984590530396, 1.8139770030975342, 1.8290406465530396, 1.875874638557434, 1.7204656600952148, 1.6551473140716553, 1.9465209245681763, 1.6908172369003296, 1.6253668069839478, 1.7933601140975952, 1.7411874532699585, 1.6723273992538452, 1.7802234888076782, 1.7005988359451294, 1.6543326377868652, 1.710919737815857, 1.6927275657653809, 1.630561113357544, 1.6568406820297241, 1.6921420097351074, 1.6710418462753296, 1.6915502548217773, 1.7089732885360718, 1.6952195167541504, 1.6495630741119385, 1.6734004020690918, 1.669245719909668, 1.6729962825775146, 1.6859798431396484, 1.6643671989440918, 1.6743561029434204, 1.6697863340377808, 1.695638656616211, 1.686331868171692, 1.6852755546569824, 1.6915432214736938, 1.6937335729599, 1.691592812538147, 1.6810259819030762, 1.690073013305664, 1.682217001914978, 1.696544885635376, 1.6852914094924927, 1.6931209564208984, 1.698341965675354, 1.6951161623001099, 1.6923527717590332, 1.6819829940795898, 1.6910932064056396, 1.694060206413269, 1.6925724744796753, 1.6876579523086548, 1.6868677139282227, 1.692650556564331, 1.6926902532577515, 1.6888091564178467, 1.689927577972412, 1.6924654245376587, 1.6891340017318726, 1.687546730041504, 1.691357970237732, 1.692222237586975, 1.6928168535232544, 1.6977342367172241, 1.69083571434021, 1.6951154470443726, 1.6906408071517944, 1.694288730621338, 1.6958236694335938, 1.695809006690979, 1.6972787380218506]",0.7222999930381775,,971972332,,7988772,,,,,,0.0,0.5,0.125,44,28,400,400,0.11,0.07,False,BEST,0.85,True,True,"[[85  0  0 ...  0  0  0]
 [ 0 84  0 ...  0  0  0]
 [ 0  0 62 ...  0  5  0]
 ...
 [ 0  0  0 ... 71  0  0]
 [ 0  1  1 ...  0 58  0]
 [ 0  0  0 ...  0  0 71]]",0.7236,0.731916851,0.7236,0.723907151,14
BKGOHV[M],,16,20,18,False,False,"[49, 46, 23, 29, 39, 38, 54, 55]",[],"[{'INP': 32}, {'CONV': [64, 3]}, ({'CONV': [256, 3]}, {'CONV': [32, 5]}), ({'CONV': [128, 5]}, {'CONV': [256, 3]}, {'POOLMAX': [-1, 2]}), ({'CONV': [64, 3]}, {'CONV': [256, 5]}), ({'CONV': [64, 5]}, {'CONV': [128, 5]}, {'POOLMAX': [-1, 2]}), ({'CONV': [128, 3]}, {'CONV': [256, 5]}), ({'CONV': [128, 3]}, {'CONV': [256, 3]}, {'POOLMAX': [-1, 2]}), ({'CONV': [256, 3]}, {'CONV': [256, 3]}), ({'CONV': [256, 3]}, {'CONV': [256, 5]}, {'POOLMAX': [-1, 2]}), {'GLOBAL_AVG': None}, {'LAST_DENSE': [100, 'softmax']}]",SPC,MPAR,GA,70,"[0.1071000024676323, 0.2353000044822693, 0.30070000886917114, 0.32010000944137573, 0.3831000030040741, 0.39010000228881836, 0.44670000672340393, 0.46860000491142273, 0.4526999890804291, 0.499099999666214, 0.46540001034736633, 0.44589999318122864, 0.5098000168800354, 0.5120000243186951, 0.4993000030517578, 0.557699978351593, 0.46480000019073486, 0.545199990272522, 0.5116999745368958, 0.5626999735832214, 0.5601000189781189, 0.5975000262260437, 0.6219000220298767, 0.616599977016449, 0.5972999930381775, 0.6021999716758728, 0.6574000120162964, 0.6312000155448914, 0.649399995803833, 0.632099986076355, 0.6060000061988831, 0.6406000256538391, 0.663100004196167, 0.6664000153541565, 0.6417999863624573, 0.6736000180244446, 0.6732000112533569, 0.6639999747276306, 0.6624000072479248, 0.6596999764442444, 0.6636000275611877, 0.6464999914169312, 0.6945000290870667, 0.6995999813079834, 0.6923999786376953, 0.680899977684021, 0.6875, 0.6902999877929688, 0.6974999904632568, 0.7008000016212463, 0.7016000151634216, 0.6956999897956848, 0.6985999941825867, 0.7037000060081482, 0.7060999870300293, 0.6980000138282776, 0.6995000243186951, 0.7028999924659729, 0.7024999856948853, 0.7034000158309937, 0.7055000066757202, 0.7050999999046326, 0.7017999887466431, 0.703000009059906, 0.7046999931335449, 0.703499972820282, 0.7049000263214111, 0.7059999704360962, 0.7057999968528748, 0.7067000269889832]","[4.493900299072266, 3.394277811050415, 3.0922787189483643, 3.101928234100342, 2.8758792877197266, 2.837195634841919, 2.623507261276245, 2.521237373352051, 2.671360731124878, 2.421743869781494, 2.6888866424560547, 3.0827219486236572, 2.378720283508301, 2.414699077606201, 2.5947656631469727, 2.2337629795074463, 2.790130615234375, 2.315756320953369, 2.513143301010132, 2.2678637504577637, 2.299884080886841, 2.1183645725250244, 1.9405337572097778, 1.971308946609497, 2.118001699447632, 2.1295528411865234, 1.7812600135803223, 1.8740253448486328, 1.8299082517623901, 1.9546452760696411, 2.110582113265991, 1.8889236450195312, 1.812612533569336, 1.8092585802078247, 1.9945191144943237, 1.7921528816223145, 1.7723217010498047, 1.8081003427505493, 1.8550992012023926, 1.8737480640411377, 1.884884238243103, 1.9691168069839478, 1.7110763788223267, 1.7147216796875, 1.7568285465240479, 1.8385303020477295, 1.8079314231872559, 1.7804316282272339, 1.777970314025879, 1.766595721244812, 1.783747673034668, 1.804466962814331, 1.8047642707824707, 1.7612181901931763, 1.77291738986969, 1.8190542459487915, 1.8086291551589966, 1.7916656732559204, 1.7874773740768433, 1.785454273223877, 1.791981816291809, 1.8040767908096313, 1.8074225187301636, 1.8037755489349365, 1.8051769733428955, 1.8138278722763062, 1.8045645952224731, 1.807608962059021, 1.80634605884552, 1.8133357763290405, 1.8128842115402222, 1.8048757314682007, 1.813020944595337, 1.8032000064849854, 1.806870460510254, 1.8120125532150269, 1.8230035305023193, 1.818146824836731, 1.8090648651123047, 1.8125407695770264, 1.806728720664978, 1.8064534664154053, 1.8105697631835938, 1.8067554235458374, 1.8044359683990479, 1.8124945163726807, 1.8055875301361084, 1.8160505294799805, 1.8089566230773926, 1.809708595275879, 1.813951015472412, 1.8083077669143677, 1.816142201423645, 1.8134183883666992, 1.812366247177124, 1.8111153841018677, 1.8128821849822998, 1.8146954774856567, 1.8135961294174194, 1.8100978136062622]",0.7067000269889832,,1271852396,,7269668,,,,,,0.25,0.125,0.25,75,52,400,400,0.1875,0.13,False,BEST,0.9,True,True,"[[83  0  0 ...  0  0  0]
 [ 0 81  0 ...  0  0  0]
 [ 0  0 61 ...  0  2  0]
 ...
 [ 0  0  0 ... 71  1  0]
 [ 0  0  3 ...  0 56  1]
 [ 0  0  0 ...  0  0 71]]",0.7075,0.720217566,0.7075,0.709594347,11
BONOPL[M],,17,20,20,True,True,"[42, 46, 23, 61, 53, 38, 13, 55]",[],"[{'INP': 32}, {'CONV': [64, 3]}, ({'CONV': [128, 5]}, {'CONV': [64, 3]}), ({'CONV': [128, 5]}, {'CONV': [256, 3]}, {'POOLMAX': [-1, 2]}), ({'CONV': [64, 3]}, {'CONV': [256, 5]}), ({'CONV': [256, 5]}, {'CONV': [128, 5]}, {'POOLMAX': [-1, 2]}), ({'CONV': [256, 3]}, {'CONV': [128, 5]}), ({'CONV': [128, 3]}, {'CONV': [256, 3]}, {'POOLMAX': [-1, 2]}), ({'CONV': [32, 5]}, {'CONV': [128, 5]}), ({'CONV': [256, 3]}, {'CONV': [256, 5]}, {'POOLMAX': [-1, 2]}), {'GLOBAL_AVG': None}, {'LAST_DENSE': [100, 'softmax']}]",SPC,MPAR,GA,70,"[0.09629999846220016, 0.20990000665187836, 0.32690000534057617, 0.3160000145435333, 0.3431999981403351, 0.3813999891281128, 0.4675999879837036, 0.42579999566078186, 0.46889999508857727, 0.4699000120162964, 0.46549999713897705, 0.5199999809265137, 0.4535999894142151, 0.48919999599456787, 0.5200999975204468, 0.4740000069141388, 0.5023000240325928, 0.5763999819755554, 0.6007000207901001, 0.5763999819755554, 0.5945000052452087, 0.5853999853134155, 0.5892000198364258, 0.5867999792098999, 0.6510999798774719, 0.650600016117096, 0.6290000081062317, 0.6589000225067139, 0.6565999984741211, 0.6492000222206116, 0.6592000126838684, 0.6477000117301941, 0.6545000076293945, 0.6735000014305115, 0.650600016117096, 0.6531999707221985, 0.6718000173568726, 0.6528000235557556, 0.6643000245094299, 0.6744999885559082, 0.6880000233650208, 0.6790000200271606, 0.692300021648407, 0.6762999892234802, 0.6789000034332275, 0.6855999827384949, 0.684499979019165, 0.6851999759674072, 0.6987000107765198, 0.6919999718666077, 0.7005000114440918, 0.6862000226974487, 0.6960999965667725, 0.698199987411499, 0.6995999813079834, 0.6984999775886536, 0.6967999935150146, 0.6991000175476074, 0.7026000022888184, 0.7002999782562256, 0.7002000212669373, 0.6976000070571899, 0.6991000175476074, 0.7034000158309937, 0.7037000060081482, 0.7002000212669373, 0.7010999917984009, 0.6985999941825867, 0.7013999819755554, 0.6996999979019165]","[4.382009029388428, 3.5884454250335693, 2.919069290161133, 3.1329967975616455, 3.0149450302124023, 3.055337429046631, 2.44506573677063, 2.7787814140319824, 2.5180211067199707, 2.5378143787384033, 2.6378440856933594, 2.2966251373291016, 3.0937368869781494, 2.483590602874756, 2.4440383911132812, 2.62508225440979, 2.489280939102173, 2.113279342651367, 1.9998685121536255, 2.106433391571045, 2.024160861968994, 2.0765774250030518, 2.0303473472595215, 2.0507121086120605, 1.731311321258545, 1.7343153953552246, 1.8929413557052612, 1.736764669418335, 1.7307050228118896, 1.7516562938690186, 1.6951274871826172, 1.8114978075027466, 1.7244595289230347, 1.6769218444824219, 1.762351393699646, 1.7934211492538452, 1.6933828592300415, 1.7465579509735107, 1.7384954690933228, 1.6870200634002686, 1.6479607820510864, 1.6677205562591553, 1.6034748554229736, 1.712519884109497, 1.6748013496398926, 1.6968400478363037, 1.684548258781433, 1.6963908672332764, 1.6144601106643677, 1.6674859523773193, 1.646150827407837, 1.7149122953414917, 1.6944539546966553, 1.6664851903915405, 1.6639477014541626, 1.6710883378982544, 1.6817783117294312, 1.672199010848999, 1.674773097038269, 1.6742525100708008, 1.687389612197876, 1.6853156089782715, 1.6865766048431396, 1.6740144491195679, 1.6790775060653687, 1.6872204542160034, 1.6881654262542725, 1.6953085660934448, 1.686037540435791, 1.6914427280426025, 1.6820992231369019, 1.690826177597046, 1.6887996196746826, 1.685626745223999, 1.6855701208114624, 1.6863648891448975, 1.6890590190887451, 1.6885535717010498, 1.6908142566680908, 1.6879754066467285, 1.6880626678466797, 1.6823009252548218, 1.6924993991851807, 1.6863064765930176, 1.6853834390640259, 1.6830884218215942, 1.6863263845443726, 1.6874111890792847, 1.6870564222335815, 1.6857019662857056, 1.6875293254852295, 1.6818974018096924, 1.6853693723678589, 1.6857441663742065, 1.686203956604004, 1.6908400058746338, 1.6884613037109375, 1.6931357383728027, 1.6890422105789185, 1.6881146430969238]",0.6996999979019165,,1760597036,,7867812,,,,,"[42, 46, 23, 60, 53, 38, 13, 55]",0.375,0.0,0.125,46,20,400,400,0.115,0.05,False,BEST,1.0,True,True,"[[87  0  0 ...  0  0  0]
 [ 0 83  0 ...  0  0  0]
 [ 0  0 57 ...  0  2  0]
 ...
 [ 0  0  0 ... 69  0  0]
 [ 0  0  2 ...  0 51  1]
 [ 0  0  0 ...  0  0 69]]",0.7022,0.712991812,0.7022,0.70285763,23
BQGTCY[M],,18,20,17,False,False,"[22, 26, 39, 34, 46, 6, 13, 55]",[],"[{'INP': 32}, {'CONV': [64, 3]}, ({'CONV': [64, 3]}, {'CONV': [256, 3]}), ({'CONV': [64, 5]}, {'CONV': [64, 3]}, {'POOLMAX': [-1, 2]}), ({'CONV': [128, 3]}, {'CONV': [256, 5]}), ({'CONV': [128, 3]}, {'CONV': [64, 3]}, {'POOLMAX': [-1, 2]}), ({'CONV': [128, 5]}, {'CONV': [256, 3]}), ({'CONV': [32, 3]}, {'CONV': [256, 3]}, {'POOLMAX': [-1, 2]}), ({'CONV': [32, 5]}, {'CONV': [128, 5]}), ({'CONV': [256, 3]}, {'CONV': [256, 5]}, {'POOLMAX': [-1, 2]}), {'GLOBAL_AVG': None}, {'LAST_DENSE': [100, 'softmax']}]",SPC,MPAR,GA,70,"[0.09459999948740005, 0.20749999582767487, 0.32679998874664307, 0.3617999851703644, 0.3853999972343445, 0.3978999853134155, 0.4020000100135803, 0.39750000834465027, 0.4740000069141388, 0.42890000343322754, 0.4794999957084656, 0.4494999945163727, 0.5135999917984009, 0.47519999742507935, 0.550599992275238, 0.5166000127792358, 0.5479999780654907, 0.5174000263214111, 0.5579000115394592, 0.5077999830245972, 0.6215999722480774, 0.6057999730110168, 0.6079999804496765, 0.6251000165939331, 0.6182000041007996, 0.6373999714851379, 0.6202999949455261, 0.632099986076355, 0.6261000037193298, 0.6474999785423279, 0.6036999821662903, 0.6699000000953674, 0.6726999878883362, 0.667900025844574, 0.6808000206947327, 0.679099977016449, 0.6607000231742859, 0.6690999865531921, 0.6639999747276306, 0.6384000182151794, 0.6807000041007996, 0.6884999871253967, 0.6847000122070312, 0.6887000203132629, 0.6962000131607056, 0.6940000057220459, 0.6985999941825867, 0.6901000142097473, 0.6843000054359436, 0.6819999814033508, 0.6862999796867371, 0.6995000243186951, 0.6976000070571899, 0.696399986743927, 0.6948999762535095, 0.6897000074386597, 0.7031000256538391, 0.6995000243186951, 0.703000009059906, 0.7013999819755554, 0.6980999708175659, 0.7057999968528748, 0.7053999900817871, 0.7059999704360962, 0.7081999778747559, 0.7056999802589417, 0.7049000263214111, 0.6987000107765198, 0.7038000226020813, 0.7031000256538391]","[4.397254943847656, 3.620619058609009, 2.9399378299713135, 2.8106887340545654, 2.7880916595458984, 2.822535991668701, 2.8583734035491943, 2.970289945602417, 2.5316078662872314, 2.7421987056732178, 2.4659547805786133, 2.5980262756347656, 2.3757448196411133, 2.556810140609741, 2.1831295490264893, 2.374675989151001, 2.2337725162506104, 2.378098487854004, 2.2191643714904785, 2.642455816268921, 1.9231035709381104, 1.9510304927825928, 1.9881658554077148, 1.8826366662979126, 1.910321831703186, 1.8016782999038696, 1.9136240482330322, 1.8800146579742432, 1.8794325590133667, 1.8085169792175293, 2.030519723892212, 1.6990066766738892, 1.6816316843032837, 1.7098896503448486, 1.6668492555618286, 1.6714763641357422, 1.7712053060531616, 1.7039861679077148, 1.7705718278884888, 1.8911625146865845, 1.6883599758148193, 1.6636751890182495, 1.6770572662353516, 1.6722320318222046, 1.6136144399642944, 1.610396146774292, 1.6136761903762817, 1.6468476057052612, 1.7084609270095825, 1.706508755683899, 1.6885650157928467, 1.6245249509811401, 1.668192744255066, 1.663053274154663, 1.6812267303466797, 1.7075806856155396, 1.6400357484817505, 1.6835248470306396, 1.6558398008346558, 1.6713472604751587, 1.6764947175979614, 1.6513259410858154, 1.6536853313446045, 1.6572504043579102, 1.6502083539962769, 1.6526447534561157, 1.6470955610275269, 1.677974820137024, 1.665450930595398, 1.6618088483810425, 1.6703191995620728, 1.6641826629638672, 1.6660877466201782, 1.662581205368042, 1.6638736724853516, 1.6603162288665771, 1.6593445539474487, 1.659895896911621, 1.66653573513031, 1.6577707529067993, 1.6578521728515625, 1.659774661064148, 1.6668519973754883, 1.6698092222213745, 1.6596784591674805, 1.6649072170257568, 1.6683505773544312, 1.6653138399124146, 1.6653828620910645, 1.6692355871200562, 1.6602492332458496, 1.6668814420700073, 1.663541555404663, 1.6680361032485962, 1.6597673892974854, 1.6668933629989624, 1.6654746532440186, 1.667116641998291, 1.6667791604995728, 1.6634433269500732]",0.7031000256538391,,1099871596,,5036324,,,,,,0.125,0.125,0.0,53,29,400,400,0.1325,0.0725,False,BEST,0.85,True,True,"[[85  0  0 ...  0  0  0]
 [ 0 84  0 ...  0  0  0]
 [ 0  0 58 ...  0  2  0]
 ...
 [ 0  0  0 ... 66  0  0]
 [ 0  0  1 ...  0 46  0]
 [ 0  0  1 ...  0  0 73]]",0.705,0.718110638,0.705,0.706282127,5
BIPHFA[M],,19,20,19,False,False,"[25, 22, 39, 59, 47, 27, 58, 55]",[],"[{'INP': 32}, {'CONV': [64, 3]}, ({'CONV': [64, 5]}, {'CONV': [32, 5]}), ({'CONV': [64, 3]}, {'CONV': [256, 3]}, {'POOLMAX': [-1, 2]}), ({'CONV': [128, 3]}, {'CONV': [256, 5]}), ({'CONV': [256, 5]}, {'CONV': [64, 5]}, {'POOLMAX': [-1, 2]}), ({'CONV': [128, 5]}, {'CONV': [256, 5]}), ({'CONV': [64, 5]}, {'CONV': [64, 5]}, {'POOLMAX': [-1, 2]}), ({'CONV': [256, 5]}, {'CONV': [64, 3]}), ({'CONV': [256, 3]}, {'CONV': [256, 5]}, {'POOLMAX': [-1, 2]}), {'GLOBAL_AVG': None}, {'LAST_DENSE': [100, 'softmax']}]",SPC,MPAR,GA,70,"[0.09109999984502792, 0.2190999984741211, 0.2484000027179718, 0.2745000123977661, 0.3856000006198883, 0.31540000438690186, 0.44119998812675476, 0.3901999890804291, 0.4697999954223633, 0.4526999890804291, 0.4196000099182129, 0.4081999957561493, 0.5078999996185303, 0.5001999735832214, 0.475600004196167, 0.40400001406669617, 0.4745999872684479, 0.49320000410079956, 0.5881999731063843, 0.5709999799728394, 0.5899999737739563, 0.5385000109672546, 0.5702000260353088, 0.5663999915122986, 0.590499997138977, 0.5722000002861023, 0.5853999853134155, 0.608299970626831, 0.5812000036239624, 0.6013000011444092, 0.5759000182151794, 0.6182000041007996, 0.5756999850273132, 0.5741000175476074, 0.6218000054359436, 0.6098999977111816, 0.5853000283241272, 0.6496000289916992, 0.6506999731063843, 0.6459000110626221, 0.6496000289916992, 0.6650999784469604, 0.659600019454956, 0.661899983882904, 0.6398000121116638, 0.6536999940872192, 0.6492000222206116, 0.6466000080108643, 0.6456999778747559, 0.6680999994277954, 0.6797000169754028, 0.6699000000953674, 0.6675000190734863, 0.6721000075340271, 0.6718999743461609, 0.67330002784729, 0.6830000281333923, 0.6840999722480774, 0.6819000244140625, 0.6815000176429749, 0.6812999844551086, 0.6862000226974487, 0.6840000152587891, 0.6875, 0.6840999722480774, 0.683899998664856, 0.6866999864578247, 0.6873000264167786, 0.6841999888420105, 0.6848000288009644]","[4.408959865570068, 3.4579858779907227, 3.3109958171844482, 3.267971992492676, 2.6701927185058594, 3.2622690200805664, 2.5142714977264404, 2.8291218280792236, 2.4724926948547363, 2.5295944213867188, 2.9286766052246094, 2.951354503631592, 2.320483446121216, 2.454782009124756, 2.630295991897583, 3.260967493057251, 2.6118321418762207, 2.5579018592834473, 1.9903295040130615, 2.0728302001953125, 1.9888699054718018, 2.259244203567505, 2.113628625869751, 2.1193385124206543, 1.9848138093948364, 2.116730213165283, 2.0442159175872803, 1.9269185066223145, 2.0926871299743652, 1.9678339958190918, 2.1654672622680664, 1.8863708972930908, 2.156010627746582, 2.177150249481201, 1.9269455671310425, 1.947827935218811, 2.122666358947754, 1.7968456745147705, 1.81582772731781, 1.7944378852844238, 1.795593500137329, 1.7188265323638916, 1.7620599269866943, 1.7099134922027588, 1.820592999458313, 1.8372665643692017, 1.7953904867172241, 1.8247413635253906, 1.8587141036987305, 1.709500789642334, 1.6868271827697754, 1.7392421960830688, 1.7472076416015625, 1.7450021505355835, 1.720923662185669, 1.7434240579605103, 1.7027511596679688, 1.7074916362762451, 1.7148327827453613, 1.721349835395813, 1.7383188009262085, 1.7056082487106323, 1.737835168838501, 1.7056735754013062, 1.7346152067184448, 1.7404683828353882, 1.7261849641799927, 1.7177834510803223, 1.7362914085388184, 1.7351080179214478, 1.734511137008667, 1.7319203615188599, 1.740386962890625, 1.7387292385101318, 1.7205312252044678, 1.7327898740768433, 1.7277685403823853, 1.7198153734207153, 1.7291840314865112, 1.729083776473999, 1.7295702695846558, 1.737064003944397, 1.7354706525802612, 1.7373340129852295, 1.7312296628952026, 1.7354635000228882, 1.7345521450042725, 1.7383754253387451, 1.7415342330932617, 1.7392382621765137, 1.7401199340820312, 1.740692138671875, 1.73630952835083, 1.7286720275878906, 1.7309373617172241, 1.732971429824829, 1.7340047359466553, 1.7330633401870728, 1.7373181581497192, 1.7355669736862183]",0.6848000288009644,,1311721708,,7548452,,,,,,0.125,0.0,0.125,37,33,400,400,0.0925,0.0825,False,BEST,0.95,True,True,"[[87  0  0 ...  0  0  0]
 [ 0 77  0 ...  0  0  0]
 [ 0  0 63 ...  0  1  0]
 ...
 [ 0  0  0 ... 62  0  0]
 [ 0  0  4 ...  0 46  0]
 [ 0  0  0 ...  0  0 68]]",0.6862,0.69997645,0.6862,0.687609857,110
BRJOVJ[M],,20,20,17,False,False,"[14, 4, 7, 58, 39, 6, 63, 54]",[],"[{'INP': 32}, {'CONV': [64, 3]}, ({'CONV': [32, 5]}, {'CONV': [256, 3]}), ({'CONV': [32, 3]}, {'CONV': [128, 3]}, {'POOLMAX': [-1, 2]}), ({'CONV': [32, 3]}, {'CONV': [256, 5]}), ({'CONV': [256, 5]}, {'CONV': [64, 3]}, {'POOLMAX': [-1, 2]}), ({'CONV': [128, 3]}, {'CONV': [256, 5]}), ({'CONV': [32, 3]}, {'CONV': [256, 3]}, {'POOLMAX': [-1, 2]}), ({'CONV': [256, 5]}, {'CONV': [256, 5]}), ({'CONV': [256, 3]}, {'CONV': [256, 3]}, {'POOLMAX': [-1, 2]}), {'GLOBAL_AVG': None}, {'LAST_DENSE': [100, 'softmax']}]",SPC,MPAR,GA,70,"[0.11050000041723251, 0.20579999685287476, 0.26829999685287476, 0.38089999556541443, 0.352400004863739, 0.43230000138282776, 0.43059998750686646, 0.44110000133514404, 0.4611999988555908, 0.48980000615119934, 0.4830999970436096, 0.5238999724388123, 0.5239999890327454, 0.5569000244140625, 0.49390000104904175, 0.5210000276565552, 0.5095999836921692, 0.5519999861717224, 0.5636000037193298, 0.6047999858856201, 0.5946999788284302, 0.6116999983787537, 0.6317999958992004, 0.5866000056266785, 0.6083999872207642, 0.5995000004768372, 0.6057999730110168, 0.6215999722480774, 0.6686000227928162, 0.6680999994277954, 0.6708999872207642, 0.65420001745224, 0.6567000150680542, 0.6811000108718872, 0.6657999753952026, 0.652400016784668, 0.6604999899864197, 0.6700000166893005, 0.6657000184059143, 0.6751000285148621, 0.673799991607666, 0.6869000196456909, 0.6814000010490417, 0.6872000098228455, 0.695900022983551, 0.6902999877929688, 0.6884999871253967, 0.6923999786376953, 0.6938999891281128, 0.6920999884605408, 0.6942999958992004, 0.6952000260353088, 0.6969000101089478, 0.6958000063896179, 0.6952999830245972, 0.6938999891281128, 0.698199987411499, 0.6970999836921692, 0.6984000205993652, 0.6948000192642212, 0.6970999836921692, 0.698199987411499, 0.6973999738693237, 0.6953999996185303, 0.6985999941825867, 0.6970000267028809, 0.6962000131607056, 0.6967999935150146, 0.6966000199317932, 0.6972000002861023]","[4.221349716186523, 3.517077684402466, 3.345818042755127, 2.6992897987365723, 2.9229114055633545, 2.5537807941436768, 2.6198410987854004, 2.5829687118530273, 2.5690414905548096, 2.3922669887542725, 2.514204740524292, 2.286869764328003, 2.293586254119873, 2.180832624435425, 2.584287405014038, 2.418964147567749, 2.4574975967407227, 2.2947611808776855, 2.206711769104004, 2.0605337619781494, 2.0520944595336914, 1.970160722732544, 1.8505620956420898, 2.170363187789917, 1.9561537504196167, 2.0588111877441406, 2.025623321533203, 1.9329298734664917, 1.7472412586212158, 1.746227741241455, 1.7124929428100586, 1.8501062393188477, 1.8378578424453735, 1.7086570262908936, 1.7496870756149292, 1.806258201599121, 1.8116929531097412, 1.7513847351074219, 1.7639117240905762, 1.7692275047302246, 1.8104679584503174, 1.7359362840652466, 1.7539769411087036, 1.7388027906417847, 1.6959761381149292, 1.721542239189148, 1.735689401626587, 1.7350082397460938, 1.761841058731079, 1.764399766921997, 1.7568567991256714, 1.7567648887634277, 1.7464226484298706, 1.7515771389007568, 1.763345718383789, 1.7792564630508423, 1.745463490486145, 1.7647236585617065, 1.757773995399475, 1.7808451652526855, 1.7674756050109863, 1.7614779472351074, 1.758582592010498, 1.7668851613998413, 1.7639245986938477, 1.7676231861114502, 1.7748830318450928, 1.7663706541061401, 1.777079463005066, 1.7782551050186157, 1.7742990255355835, 1.7771626710891724, 1.7780308723449707, 1.7810792922973633, 1.7709698677062988, 1.7796624898910522, 1.7733818292617798, 1.7701046466827393, 1.7735365629196167, 1.7751495838165283, 1.7673120498657227, 1.7773996591567993, 1.7737525701522827, 1.7713727951049805, 1.7736318111419678, 1.7762540578842163, 1.7716857194900513, 1.7744269371032715, 1.7732810974121094, 1.776627779006958, 1.7809125185012817, 1.7773253917694092, 1.778127908706665, 1.770741581916809, 1.7714225053787231, 1.7747148275375366, 1.7741291522979736, 1.7753980159759521, 1.7664155960083008, 1.7746613025665283]",0.6972000002861023,,974160108,,8116772,,,,,,0.375,0.125,0.0,45,51,400,400,0.1125,0.1275,False,BEST,0.85,True,True,"[[91  0  0 ...  0  0  0]
 [ 0 78  0 ...  0  0  0]
 [ 0  0 55 ...  0  4  0]
 ...
 [ 0  0  0 ... 70  0  0]
 [ 0  0  2 ...  0 52  0]
 [ 0  0  0 ...  0  0 71]]",0.6971,0.70845921,0.6971,0.697489943,25
BZYSTK[M],,21,20,12,False,False,"[14, 16, 2, 6, 39, 47, 43, 31]",[],"[{'INP': 32}, {'CONV': [64, 3]}, ({'CONV': [32, 5]}, {'CONV': [256, 3]}), ({'CONV': [64, 3]}, {'CONV': [32, 3]}, {'POOLMAX': [-1, 2]}), ({'CONV': [32, 3]}, {'CONV': [64, 3]}), ({'CONV': [32, 3]}, {'CONV': [256, 3]}, {'POOLMAX': [-1, 2]}), ({'CONV': [128, 3]}, {'CONV': [256, 5]}), ({'CONV': [128, 5]}, {'CONV': [256, 5]}, {'POOLMAX': [-1, 2]}), ({'CONV': [128, 5]}, {'CONV': [64, 5]}), ({'CONV': [64, 5]}, {'CONV': [256, 5]}, {'POOLMAX': [-1, 2]}), {'GLOBAL_AVG': None}, {'LAST_DENSE': [100, 'softmax']}]",SPC,MPAR,GA,70,"[0.1111999973654747, 0.22529999911785126, 0.31200000643730164, 0.30820000171661377, 0.4011000096797943, 0.4124999940395355, 0.42820000648498535, 0.4171999990940094, 0.4090000092983246, 0.4794999957084656, 0.4839000105857849, 0.4771000146865845, 0.4957999885082245, 0.47380000352859497, 0.5145000219345093, 0.5435000061988831, 0.5271000266075134, 0.5507000088691711, 0.5598999857902527, 0.5178999900817871, 0.5669000148773193, 0.5358999967575073, 0.5597000122070312, 0.6215999722480774, 0.6107000112533569, 0.6287000179290771, 0.593500018119812, 0.650600016117096, 0.6434000134468079, 0.6104999780654907, 0.6389999985694885, 0.6543999910354614, 0.6209999918937683, 0.6345000267028809, 0.6202999949455261, 0.6312000155448914, 0.6198999881744385, 0.6811000108718872, 0.676800012588501, 0.6665999889373779, 0.6895999908447266, 0.6751999855041504, 0.673799991607666, 0.6775000095367432, 0.670199990272522, 0.6721000075340271, 0.6869000196456909, 0.6859999895095825, 0.6796000003814697, 0.6811000108718872, 0.6899999976158142, 0.6985999941825867, 0.7006999850273132, 0.6927000284194946, 0.6944000124931335, 0.6967999935150146, 0.7023000121116638, 0.6991000175476074, 0.6962000131607056, 0.6995000243186951, 0.701200008392334, 0.6984000205993652, 0.7021999955177307, 0.7013000249862671, 0.7003999948501587, 0.7008000016212463, 0.7020999789237976, 0.7017999887466431, 0.7020999789237976, 0.7024000287055969]","[4.041114330291748, 3.4963157176971436, 2.9934256076812744, 3.1690447330474854, 2.596299886703491, 2.6671547889709473, 2.5441133975982666, 2.710806131362915, 2.823765516281128, 2.3627734184265137, 2.4501407146453857, 2.555100679397583, 2.4293782711029053, 2.483245372772217, 2.3258581161499023, 2.175034284591675, 2.2740061283111572, 2.163804769515991, 2.1700973510742188, 2.465547561645508, 2.176609992980957, 2.335993528366089, 2.219419240951538, 1.9242215156555176, 1.9586414098739624, 1.875741958618164, 2.033670663833618, 1.7653539180755615, 1.7724158763885498, 1.9547773599624634, 1.7850794792175293, 1.7612738609313965, 1.893985390663147, 1.845220685005188, 1.9413138628005981, 1.9167823791503906, 1.9990689754486084, 1.6614570617675781, 1.687135100364685, 1.7330988645553589, 1.627341389656067, 1.6946841478347778, 1.709839105606079, 1.7052717208862305, 1.7251873016357422, 1.7341177463531494, 1.6714733839035034, 1.6984355449676514, 1.716955304145813, 1.7284693717956543, 1.6748120784759521, 1.660031795501709, 1.6612579822540283, 1.695738434791565, 1.667436122894287, 1.6972638368606567, 1.631582260131836, 1.6557831764221191, 1.6747636795043945, 1.679537057876587, 1.6594966650009155, 1.6722081899642944, 1.6611826419830322, 1.6677929162979126, 1.6712098121643066, 1.6592646837234497, 1.6665699481964111, 1.6667076349258423, 1.6639385223388672, 1.6708695888519287, 1.6683324575424194, 1.6672779321670532, 1.663920283317566, 1.6657317876815796, 1.6729472875595093, 1.6651523113250732, 1.6622295379638672, 1.6687111854553223, 1.6700925827026367, 1.6722824573516846, 1.6700565814971924, 1.6740138530731201, 1.675404667854309, 1.6699252128601074, 1.672305703163147, 1.6681607961654663, 1.670872688293457, 1.6748625040054321, 1.6654876470565796, 1.6698390245437622, 1.67074453830719, 1.6733431816101074, 1.6681777238845825, 1.6697725057601929, 1.6667470932006836, 1.674126386642456, 1.6688085794448853, 1.6693880558013916, 1.6746095418930054, 1.6723884344100952]",0.7024000287055969,,573040556,,4947620,,,,,,0.125,0.125,0.0,55,43,400,400,0.1375,0.1075,False,BEST,0.6,True,True,"[[81  0  0 ...  0  0  0]
 [ 0 81  1 ...  0  0  0]
 [ 0  0 60 ...  0  1  0]
 ...
 [ 0  0  0 ... 74  1  0]
 [ 0  0  7 ...  0 50  0]
 [ 0  0  0 ...  0  0 70]]",0.7013,0.71195715,0.7013,0.701007266,1
BBGSCL[M],,22,20,20,True,True,"[2, 13, 58, 6, 39, 38, 18, 22]",[],"[{'INP': 32}, {'CONV': [64, 3]}, ({'CONV': [32, 3]}, {'CONV': [64, 3]}), ({'CONV': [32, 5]}, {'CONV': [128, 5]}, {'POOLMAX': [-1, 2]}), ({'CONV': [256, 5]}, {'CONV': [64, 3]}), ({'CONV': [32, 3]}, {'CONV': [256, 3]}, {'POOLMAX': [-1, 2]}), ({'CONV': [128, 3]}, {'CONV': [256, 5]}), ({'CONV': [128, 3]}, {'CONV': [256, 3]}, {'POOLMAX': [-1, 2]}), ({'CONV': [64, 3]}, {'CONV': [64, 3]}), ({'CONV': [64, 3]}, {'CONV': [256, 3]}, {'POOLMAX': [-1, 2]}), {'GLOBAL_AVG': None}, {'LAST_DENSE': [100, 'softmax']}]",SPC,MPAR,GA,70,"[0.10980000346899033, 0.21240000426769257, 0.25540000200271606, 0.31049999594688416, 0.37720000743865967, 0.4027000069618225, 0.4553000032901764, 0.4083000123500824, 0.47510001063346863, 0.4932999908924103, 0.4959999918937683, 0.4921000003814697, 0.5084999799728394, 0.5461999773979187, 0.5091000199317932, 0.5436999797821045, 0.46480000019073486, 0.5605000257492065, 0.5493999719619751, 0.5573999881744385, 0.490200012922287, 0.5819000005722046, 0.41600000858306885, 0.570900022983551, 0.5645999908447266, 0.5861999988555908, 0.5570999979972839, 0.6219000220298767, 0.6388000249862671, 0.6279000043869019, 0.6150000095367432, 0.6266000270843506, 0.6144999861717224, 0.6398000121116638, 0.6607000231742859, 0.667900025844574, 0.6614000201225281, 0.6658999919891357, 0.6654999852180481, 0.661300003528595, 0.6812999844551086, 0.6644999980926514, 0.6739000082015991, 0.6672000288963318, 0.6654000282287598, 0.6563000082969666, 0.6899999976158142, 0.6884999871253967, 0.6845999956130981, 0.6905999779701233, 0.6915000081062317, 0.6858000159263611, 0.6947000026702881, 0.6915000081062317, 0.6904000043869019, 0.6965000033378601, 0.6978999972343445, 0.698199987411499, 0.6938999891281128, 0.6963000297546387, 0.6955999732017517, 0.6970000267028809, 0.6976000070571899, 0.6958000063896179, 0.6965000033378601, 0.6976000070571899, 0.6991000175476074, 0.6953999996185303, 0.6990000009536743, 0.6977999806404114]","[4.147313117980957, 3.4370510578155518, 3.229478597640991, 2.9942400455474854, 2.6456198692321777, 2.6378467082977295, 2.429840087890625, 2.711276054382324, 2.420804977416992, 2.336310625076294, 2.3528378009796143, 2.3944015502929688, 2.2845425605773926, 2.108605146408081, 2.4055397510528564, 2.271212339401245, 2.6985440254211426, 2.0965397357940674, 2.2079272270202637, 2.1994941234588623, 2.499436378479004, 2.0845963954925537, 7.574801445007324, 2.2151424884796143, 2.2217352390289307, 2.1041622161865234, 2.322556734085083, 1.9609453678131104, 1.8416790962219238, 1.9181817770004272, 2.0416860580444336, 1.9386543035507202, 2.0383458137512207, 1.8511148691177368, 1.777755618095398, 1.7704086303710938, 1.8476529121398926, 1.7640831470489502, 1.762721061706543, 1.7982220649719238, 1.7045814990997314, 1.788213849067688, 1.7406705617904663, 1.7570708990097046, 1.7886042594909668, 1.876162052154541, 1.694443941116333, 1.7133846282958984, 1.7371872663497925, 1.7102760076522827, 1.706497073173523, 1.73337984085083, 1.6950181722640991, 1.7406883239746094, 1.7387757301330566, 1.7260910272598267, 1.697261929512024, 1.706807017326355, 1.7360347509384155, 1.719820261001587, 1.7433620691299438, 1.7338604927062988, 1.7256945371627808, 1.7256196737289429, 1.7349575757980347, 1.7397295236587524, 1.7285144329071045, 1.7405109405517578, 1.7312418222427368, 1.7436548471450806, 1.735463261604309, 1.740254282951355, 1.7456142902374268, 1.739970326423645, 1.7333039045333862, 1.736646294593811, 1.7400168180465698, 1.740033745765686, 1.736954689025879, 1.7373594045639038, 1.7385386228561401, 1.731817364692688, 1.73481285572052, 1.7381044626235962, 1.7316021919250488, 1.740448236465454, 1.7375478744506836, 1.7386071681976318, 1.7359009981155396, 1.7364391088485718, 1.738913655281067, 1.7390550374984741, 1.746608018875122, 1.741739273071289, 1.7435981035232544, 1.7456228733062744, 1.7398617267608643, 1.7477431297302246, 1.7368478775024414, 1.7416636943817139]",0.6977999806404114,,613349932,,3563940,,,,,"[2, 13, 58, 6, 39, 38, 18, 22]",0.125,0.25,0.0,43,21,400,400,0.1075,0.0525,False,BEST,1.0,True,True,"[[82  0  0 ...  0  0  0]
 [ 0 81  0 ...  0  0  0]
 [ 0  2 55 ...  0  6  0]
 ...
 [ 0  0  0 ... 75  0  0]
 [ 0  0  5 ...  0 46  0]
 [ 0  0  0 ...  0  0 75]]",0.6975,0.708010758,0.6975,0.697752236,22
BZWNJK[M],,23,20,15,False,False,"[14, 63, 20, 39, 23, 63, 54, 54]",[],"[{'INP': 32}, {'CONV': [64, 3]}, ({'CONV': [32, 5]}, {'CONV': [256, 3]}), ({'CONV': [256, 5]}, {'CONV': [256, 5]}, {'POOLMAX': [-1, 2]}), ({'CONV': [64, 3]}, {'CONV': [128, 3]}), ({'CONV': [128, 3]}, {'CONV': [256, 5]}, {'POOLMAX': [-1, 2]}), ({'CONV': [64, 3]}, {'CONV': [256, 5]}), ({'CONV': [256, 5]}, {'CONV': [256, 5]}, {'POOLMAX': [-1, 2]}), ({'CONV': [256, 3]}, {'CONV': [256, 3]}), ({'CONV': [256, 3]}, {'CONV': [256, 3]}, {'POOLMAX': [-1, 2]}), {'GLOBAL_AVG': None}, {'LAST_DENSE': [100, 'softmax']}]",SPC,MPAR,GA,70,"[0.09939999878406525, 0.21709999442100525, 0.2526000142097473, 0.35280001163482666, 0.374099999666214, 0.41749998927116394, 0.3903000056743622, 0.4595000147819519, 0.44589999318122864, 0.41200000047683716, 0.48660001158714294, 0.5116999745368958, 0.5336999893188477, 0.38019999861717224, 0.5472000241279602, 0.5042999982833862, 0.5501999855041504, 0.5756999850273132, 0.5640000104904175, 0.5292999744415283, 0.5698000192642212, 0.5353000164031982, 0.5738999843597412, 0.6082000136375427, 0.635200023651123, 0.6412000060081482, 0.6412000060081482, 0.6378999948501587, 0.6234999895095825, 0.6315000057220459, 0.6491000056266785, 0.6195999979972839, 0.6470999717712402, 0.6413999795913696, 0.6410999894142151, 0.638700008392334, 0.670199990272522, 0.6827999949455261, 0.6658999919891357, 0.6884999871253967, 0.6486999988555908, 0.6836000084877014, 0.6725000143051147, 0.6851000189781189, 0.6769999861717224, 0.6991999745368958, 0.6984000205993652, 0.6941999793052673, 0.6934999823570251, 0.6998999714851379, 0.6980000138282776, 0.6933000087738037, 0.7013000249862671, 0.6991999745368958, 0.7031999826431274, 0.6978999972343445, 0.7003999948501587, 0.7046999931335449, 0.704200029373169, 0.7031000256538391, 0.7046999931335449, 0.7005000114440918, 0.7046999931335449, 0.7062000036239624, 0.7063999772071838, 0.7077999711036682, 0.704800009727478, 0.704200029373169, 0.704800009727478, 0.7059999704360962]","[4.3353729248046875, 3.511941909790039, 3.5260608196258545, 2.8437793254852295, 2.8399415016174316, 2.666435956954956, 2.8453612327575684, 2.4921178817749023, 2.658662796020508, 2.9215176105499268, 2.438213586807251, 2.360969066619873, 2.238243818283081, 3.3656132221221924, 2.2564377784729004, 2.464740753173828, 2.2351815700531006, 2.1225168704986572, 2.234152317047119, 2.4497416019439697, 2.1716763973236084, 2.4042670726776123, 2.2170088291168213, 2.0611393451690674, 1.9285234212875366, 1.8625377416610718, 1.8590335845947266, 1.8747366666793823, 1.9992198944091797, 1.9199573993682861, 1.8188798427581787, 2.0320870876312256, 1.8454700708389282, 1.886305809020996, 1.8900078535079956, 1.9472968578338623, 1.801391363143921, 1.7449917793273926, 1.8588820695877075, 1.7424062490463257, 1.983765959739685, 1.7500462532043457, 1.832688331604004, 1.7542492151260376, 1.7838256359100342, 1.6993017196655273, 1.6755443811416626, 1.7363009452819824, 1.7516841888427734, 1.7158867120742798, 1.7489728927612305, 1.811218023300171, 1.7745505571365356, 1.762967824935913, 1.7473281621932983, 1.8070913553237915, 1.7645893096923828, 1.7866601943969727, 1.7954599857330322, 1.7867177724838257, 1.7753015756607056, 1.807396650314331, 1.7989654541015625, 1.7976303100585938, 1.7862848043441772, 1.7865278720855713, 1.7971172332763672, 1.8031154870986938, 1.7948799133300781, 1.7929335832595825, 1.7861835956573486, 1.7959586381912231, 1.8045262098312378, 1.797684907913208, 1.7966824769973755, 1.806033730506897, 1.7985974550247192, 1.8106191158294678, 1.8012775182724, 1.8023996353149414, 1.8039238452911377, 1.8023005723953247, 1.808339238166809, 1.8122729063034058, 1.8027974367141724, 1.8072357177734375, 1.808948278427124, 1.8118431568145752, 1.8071986436843872, 1.8016154766082764, 1.8084720373153687, 1.806168556213379, 1.8036158084869385, 1.8117939233779907, 1.811477541923523, 1.8034156560897827, 1.805272102355957, 1.8039568662643433, 1.8064488172531128, 1.8114423751831055]",0.7059999704360962,,4189218988,,11240612,,,,,,0.25,0.125,0.0,52,39,400,400,0.13,0.0975,False,BEST,0.75,True,True,"[[82  0  0 ...  0  0  0]
 [ 0 75  0 ...  0  0  0]
 [ 0  0 64 ...  0  1  0]
 ...
 [ 0  0  0 ... 73  0  0]
 [ 0  0  7 ...  0 47  0]
 [ 0  0  1 ...  0  0 69]]",0.707,0.720604214,0.707,0.708827391,20
BWDRAJ[M],,24,20,17,False,False,"[34, 22, 4, 8, 47, 54, 39, 55]",[],"[{'INP': 32}, {'CONV': [64, 3]}, ({'CONV': [128, 3]}, {'CONV': [64, 3]}), ({'CONV': [64, 3]}, {'CONV': [256, 3]}, {'POOLMAX': [-1, 2]}), ({'CONV': [32, 3]}, {'CONV': [128, 3]}), ({'CONV': [32, 5]}, {'CONV': [32, 3]}, {'POOLMAX': [-1, 2]}), ({'CONV': [128, 5]}, {'CONV': [256, 5]}), ({'CONV': [256, 3]}, {'CONV': [256, 3]}, {'POOLMAX': [-1, 2]}), ({'CONV': [128, 3]}, {'CONV': [256, 5]}), ({'CONV': [256, 3]}, {'CONV': [256, 5]}, {'POOLMAX': [-1, 2]}), {'GLOBAL_AVG': None}, {'LAST_DENSE': [100, 'softmax']}]",SPC,MPAR,GA,70,"[0.12399999797344208, 0.20600000023841858, 0.27079999446868896, 0.3296000063419342, 0.33160001039505005, 0.44339999556541443, 0.3693999946117401, 0.4713999927043915, 0.48559999465942383, 0.4320000112056732, 0.4683000147342682, 0.4429999887943268, 0.5026000142097473, 0.48890000581741333, 0.551800012588501, 0.5827999711036682, 0.5874000191688538, 0.5817000269889832, 0.5400999784469604, 0.6055999994277954, 0.6007000207901001, 0.5964000225067139, 0.5782999992370605, 0.5809000134468079, 0.6000000238418579, 0.6567999720573425, 0.6437000036239624, 0.6464999914169312, 0.6503000259399414, 0.6176999807357788, 0.6492999792098999, 0.6700000166893005, 0.6675999760627747, 0.6651999950408936, 0.6840999722480774, 0.6769000291824341, 0.6665999889373779, 0.669700026512146, 0.6662999987602234, 0.663100004196167, 0.6794000267982483, 0.6808000206947327, 0.682699978351593, 0.6836000084877014, 0.6816999912261963, 0.6866999864578247, 0.6890000104904175, 0.6899999976158142, 0.6880999803543091, 0.6880000233650208, 0.6880000233650208, 0.6891999840736389, 0.6873000264167786, 0.6855999827384949, 0.6866999864578247, 0.6870999932289124, 0.6870999932289124, 0.6872000098228455, 0.6894999742507935, 0.6895999908447266, 0.6894999742507935, 0.6895999908447266, 0.6873999834060669, 0.6862999796867371, 0.6880999803543091, 0.6875, 0.6880999803543091, 0.6879000067710876, 0.6872000098228455, 0.6873999834060669]","[4.243744850158691, 3.6596953868865967, 3.2635140419006348, 2.991962432861328, 3.043186664581299, 2.459249496459961, 3.0882270336151123, 2.41188383102417, 2.360936164855957, 2.686025857925415, 2.5262861251831055, 2.685255765914917, 2.392911195755005, 2.4189043045043945, 2.2199251651763916, 2.010404586791992, 1.9757245779037476, 2.061983346939087, 2.281442880630493, 1.900532603263855, 1.914642572402954, 1.9847723245620728, 2.0876331329345703, 2.1260766983032227, 2.0164101123809814, 1.7333629131317139, 1.8098087310791016, 1.785808801651001, 1.7443547248840332, 1.9816162586212158, 1.7813818454742432, 1.7082103490829468, 1.7179040908813477, 1.7393226623535156, 1.6398992538452148, 1.6658165454864502, 1.756391167640686, 1.7209380865097046, 1.7267423868179321, 1.774419903755188, 1.695228099822998, 1.7109886407852173, 1.6876205205917358, 1.7040722370147705, 1.7182512283325195, 1.6997966766357422, 1.700103521347046, 1.7084496021270752, 1.720898985862732, 1.704529881477356, 1.7451822757720947, 1.7286601066589355, 1.738975167274475, 1.7430331707000732, 1.7491931915283203, 1.7404500246047974, 1.7447519302368164, 1.751129150390625, 1.744751214981079, 1.7412910461425781, 1.7392737865447998, 1.7460271120071411, 1.7528367042541504, 1.749206781387329, 1.7455791234970093, 1.7508888244628906, 1.747146487236023, 1.7526583671569824, 1.7522042989730835, 1.7574704885482788, 1.7520002126693726, 1.755374550819397, 1.7576876878738403, 1.756830096244812, 1.7562544345855713, 1.7594302892684937, 1.7590259313583374, 1.7628642320632935, 1.761535882949829, 1.7649937868118286, 1.7540929317474365, 1.761448860168457, 1.7598977088928223, 1.765233039855957, 1.7628437280654907, 1.7653695344924927, 1.757388710975647, 1.7591772079467773, 1.7653744220733643, 1.757546067237854, 1.7630923986434937, 1.764144778251648, 1.7619080543518066, 1.7598283290863037, 1.775147795677185, 1.763089895248413, 1.7607758045196533, 1.762763261795044, 1.7685027122497559, 1.7677522897720337]",0.6873999834060669,,627230316,,6303524,,,,,,0.25,0.0,0.125,43,31,400,400,0.1075,0.0775,False,BEST,0.85,True,True,"[[82  0  0 ...  0  0  0]
 [ 0 80  0 ...  0  0  0]
 [ 1  0 52 ...  0  4  0]
 ...
 [ 0  0  0 ... 72  0  0]
 [ 0  0  3 ...  0 52  1]
 [ 0  0  0 ...  0  0 69]]",0.6871,0.699560439,0.6871,0.687996691,57
BNLGLZ[M],,25,20,19,True,True,"[39, 4, 32, 15, 31, 4, 58, 39]",[],"[{'INP': 32}, {'CONV': [64, 3]}, ({'CONV': [128, 3]}, {'CONV': [256, 5]}), ({'CONV': [32, 3]}, {'CONV': [128, 3]}, {'POOLMAX': [-1, 2]}), ({'CONV': [128, 3]}, {'CONV': [32, 3]}), ({'CONV': [32, 5]}, {'CONV': [256, 5]}, {'POOLMAX': [-1, 2]}), ({'CONV': [64, 5]}, {'CONV': [256, 5]}), ({'CONV': [32, 3]}, {'CONV': [128, 3]}, {'POOLMAX': [-1, 2]}), ({'CONV': [256, 5]}, {'CONV': [64, 3]}), ({'CONV': [128, 3]}, {'CONV': [256, 5]}, {'POOLMAX': [-1, 2]}), {'GLOBAL_AVG': None}, {'LAST_DENSE': [100, 'softmax']}]",SPC,MPAR,GA,70,"[0.09130000323057175, 0.1678999960422516, 0.2303999960422516, 0.3517000079154968, 0.3393000066280365, 0.37610000371932983, 0.4081999957561493, 0.4221000075340271, 0.46939998865127563, 0.48570001125335693, 0.446399986743927, 0.4708000123500824, 0.5120999813079834, 0.5047000050544739, 0.4934000074863434, 0.5159000158309937, 0.5663999915122986, 0.4523000121116638, 0.4925000071525574, 0.43630000948905945, 0.5083000063896179, 0.534600019454956, 0.6032000184059143, 0.5971999764442444, 0.6101999878883362, 0.5895000100135803, 0.585099995136261, 0.6366999745368958, 0.6069999933242798, 0.5983999967575073, 0.6233999729156494, 0.603600025177002, 0.5695000290870667, 0.6692000031471252, 0.6272000074386597, 0.6654000282287598, 0.659600019454956, 0.6621000170707703, 0.6614000201225281, 0.6787999868392944, 0.6733999848365784, 0.675599992275238, 0.6733999848365784, 0.6711000204086304, 0.6866999864578247, 0.67330002784729, 0.6776000261306763, 0.6854000091552734, 0.6794999837875366, 0.6766999959945679, 0.6938999891281128, 0.6908000111579895, 0.682699978351593, 0.6833000183105469, 0.6848999857902527, 0.6912999749183655, 0.6915000081062317, 0.6933000087738037, 0.6920999884605408, 0.6927000284194946, 0.6924999952316284, 0.6958000063896179, 0.6955000162124634, 0.6965000033378601, 0.694599986076355, 0.6935999989509583, 0.6976000070571899, 0.695900022983551, 0.6949999928474426, 0.6980999708175659]","[4.216416358947754, 3.724189043045044, 3.6249566078186035, 2.8154447078704834, 3.186957597732544, 2.838655471801758, 2.843353033065796, 2.673114061355591, 2.456397294998169, 2.423678398132324, 2.582486152648926, 2.5246684551239014, 2.2942543029785156, 2.3477649688720703, 2.480219841003418, 2.3159162998199463, 2.081204891204834, 2.818385124206543, 2.5282440185546875, 3.0020217895507812, 2.434274435043335, 2.3695664405822754, 1.9986982345581055, 2.002466917037964, 1.9306533336639404, 2.034630537033081, 2.147981643676758, 1.7558541297912598, 1.959577202796936, 2.0096163749694824, 1.8276078701019287, 1.986268162727356, 2.2479312419891357, 1.6573023796081543, 1.8968065977096558, 1.6995861530303955, 1.6888577938079834, 1.7192832231521606, 1.7082310914993286, 1.6346116065979004, 1.6592962741851807, 1.6602494716644287, 1.6573529243469238, 1.6799854040145874, 1.5956569910049438, 1.7049741744995117, 1.639374852180481, 1.631341814994812, 1.6805166006088257, 1.7076165676116943, 1.6017173528671265, 1.6322919130325317, 1.6550050973892212, 1.6727691888809204, 1.648647665977478, 1.6377218961715698, 1.6496132612228394, 1.6455955505371094, 1.6447460651397705, 1.633978009223938, 1.6456056833267212, 1.6299928426742554, 1.6355855464935303, 1.6244744062423706, 1.6230227947235107, 1.6360588073730469, 1.6251580715179443, 1.6384998559951782, 1.629257082939148, 1.6258223056793213, 1.6309164762496948, 1.6426674127578735, 1.6407290697097778, 1.6395970582962036, 1.6426173448562622, 1.6437808275222778, 1.6483227014541626, 1.6465920209884644, 1.6424343585968018, 1.640022873878479, 1.6404929161071777, 1.641189455986023, 1.638363003730774, 1.6408638954162598, 1.639086365699768, 1.6388239860534668, 1.6394191980361938, 1.6439496278762817, 1.6403570175170898, 1.6422369480133057, 1.6376944780349731, 1.6415519714355469, 1.643204689025879, 1.6455132961273193, 1.6443734169006348, 1.6390368938446045, 1.642431616783142, 1.64005446434021, 1.6454468965530396, 1.6425200700759888]",0.6980999708175659,,1289061676,,4433828,,,,,"[39, 4, 32, 15, 30, 4, 58, 39]",0.0,0.125,0.125,54,39,400,400,0.135,0.0975,False,BEST,0.95,True,True,"[[82  0  1 ...  0  0  1]
 [ 0 76  0 ...  0  0  0]
 [ 0  0 60 ...  0  1  0]
 ...
 [ 0  0  0 ... 74  0  0]
 [ 0  0  6 ...  0 46  0]
 [ 0  0  1 ...  0  0 72]]",0.6952,0.708022062,0.6952,0.695740515,120
BDRTFX[M],,26,20,16,False,False,"[14, 20, 18, 58, 31, 47, 59, 31]",[],"[{'INP': 32}, {'CONV': [64, 3]}, ({'CONV': [32, 5]}, {'CONV': [256, 3]}), ({'CONV': [64, 3]}, {'CONV': [128, 3]}, {'POOLMAX': [-1, 2]}), ({'CONV': [64, 3]}, {'CONV': [64, 3]}), ({'CONV': [256, 5]}, {'CONV': [64, 3]}, {'POOLMAX': [-1, 2]}), ({'CONV': [64, 5]}, {'CONV': [256, 5]}), ({'CONV': [128, 5]}, {'CONV': [256, 5]}, {'POOLMAX': [-1, 2]}), ({'CONV': [256, 5]}, {'CONV': [64, 5]}), ({'CONV': [64, 5]}, {'CONV': [256, 5]}, {'POOLMAX': [-1, 2]}), {'GLOBAL_AVG': None}, {'LAST_DENSE': [100, 'softmax']}]",SPC,MPAR,GA,70,"[0.1103999987244606, 0.12110000103712082, 0.24120000004768372, 0.34049999713897705, 0.3977999985218048, 0.4343000054359436, 0.4293000102043152, 0.4117000102996826, 0.48429998755455017, 0.462799996137619, 0.42980000376701355, 0.4900999963283539, 0.5479999780654907, 0.5303000211715698, 0.3774999976158142, 0.5166000127792358, 0.4991999864578247, 0.5217999815940857, 0.6104000210762024, 0.566100001335144, 0.5965999960899353, 0.5735999941825867, 0.5748999714851379, 0.5935999751091003, 0.6362000107765198, 0.6504999995231628, 0.628600001335144, 0.6477000117301941, 0.6324999928474426, 0.6269999742507935, 0.6510999798774719, 0.6164000034332275, 0.6355999708175659, 0.646399974822998, 0.6485000252723694, 0.6322000026702881, 0.64410001039505, 0.6769000291824341, 0.6586999893188477, 0.6669999957084656, 0.6552000045776367, 0.6527000069618225, 0.6554999947547913, 0.6710000038146973, 0.6694999933242798, 0.6733999848365784, 0.6736000180244446, 0.6779999732971191, 0.6744999885559082, 0.6728000044822693, 0.6725000143051147, 0.6746000051498413, 0.673799991607666, 0.6786999702453613, 0.6779999732971191, 0.6798999905586243, 0.6800000071525574, 0.680899977684021, 0.6801000237464905, 0.6793000102043152, 0.6808000206947327, 0.6816999912261963, 0.6800000071525574, 0.6797999739646912, 0.6802999973297119, 0.6798999905586243, 0.6811000108718872, 0.6801999807357788, 0.6797999739646912, 0.6797000169754028]","[3.9910175800323486, 4.265425205230713, 3.470867872238159, 2.850166082382202, 2.5781145095825195, 2.4384372234344482, 2.5240936279296875, 2.58624005317688, 2.3113038539886475, 2.447350263595581, 2.631939172744751, 2.3181371688842773, 2.0849764347076416, 2.1406912803649902, 3.135075330734253, 2.25203800201416, 2.3604650497436523, 2.2428507804870605, 1.8155146837234497, 2.0079421997070312, 1.873674750328064, 2.0041253566741943, 1.9988187551498413, 1.9201818704605103, 1.7177034616470337, 1.64461088180542, 1.752745509147644, 1.654569149017334, 1.729892373085022, 1.7729008197784424, 1.6435070037841797, 1.8442955017089844, 1.7316638231277466, 1.6625245809555054, 1.6730225086212158, 1.7410821914672852, 1.7047494649887085, 1.5476665496826172, 1.6249759197235107, 1.6018131971359253, 1.6849093437194824, 1.671342134475708, 1.65705406665802, 1.5889850854873657, 1.592047929763794, 1.5857290029525757, 1.5605477094650269, 1.5559672117233276, 1.5749995708465576, 1.581381916999817, 1.5960307121276855, 1.5800776481628418, 1.5836042165756226, 1.5726412534713745, 1.5839672088623047, 1.5791913270950317, 1.5762357711791992, 1.5809637308120728, 1.5802130699157715, 1.5828332901000977, 1.5717074871063232, 1.574297308921814, 1.5847387313842773, 1.5814839601516724, 1.5793448686599731, 1.587943434715271, 1.5847384929656982, 1.5875232219696045, 1.588045358657837, 1.590641736984253, 1.5843974351882935, 1.5862959623336792, 1.5749757289886475, 1.5844042301177979, 1.5807020664215088, 1.5858582258224487, 1.5835444927215576, 1.5852957963943481, 1.5810086727142334, 1.5826061964035034, 1.581899642944336, 1.5849533081054688, 1.5871144533157349, 1.5862764120101929, 1.5864592790603638, 1.5797028541564941, 1.5860117673873901, 1.5932714939117432, 1.5865223407745361, 1.5882636308670044, 1.5877288579940796, 1.582476258277893, 1.5853182077407837, 1.5889962911605835, 1.5891693830490112, 1.5887330770492554, 1.586830973625183, 1.5871938467025757, 1.5874567031860352, 1.5902248620986938]",0.6797000169754028,,768742060,,5942436,,,,,,0.125,0.25,0.25,63,53,400,400,0.1575,0.1325,False,BEST,0.8,True,True,"[[80  0  0 ...  0  0  0]
 [ 0 78  0 ...  0  0  0]
 [ 0  1 59 ...  0  2  0]
 ...
 [ 0  0  0 ... 71  0  1]
 [ 0  0  5 ...  0 46  0]
 [ 0  0  1 ...  0  0 75]]",0.6799,0.692508337,0.6799,0.679972495,21
BGPCFP[M],,27,20,16,False,False,"[36, 36, 26, 20, 53, 29, 58, 55]",[],"[{'INP': 32}, {'CONV': [64, 3]}, ({'CONV': [128, 3]}, {'CONV': [128, 3]}), ({'CONV': [128, 3]}, {'CONV': [128, 3]}, {'POOLMAX': [-1, 2]}), ({'CONV': [64, 5]}, {'CONV': [64, 3]}), ({'CONV': [64, 3]}, {'CONV': [128, 3]}, {'POOLMAX': [-1, 2]}), ({'CONV': [256, 3]}, {'CONV': [128, 5]}), ({'CONV': [64, 5]}, {'CONV': [128, 5]}, {'POOLMAX': [-1, 2]}), ({'CONV': [256, 5]}, {'CONV': [64, 3]}), ({'CONV': [256, 3]}, {'CONV': [256, 5]}, {'POOLMAX': [-1, 2]}), {'GLOBAL_AVG': None}, {'LAST_DENSE': [100, 'softmax']}]",SPC,MPAR,GA,70,"[0.10689999908208847, 0.1656000018119812, 0.29159998893737793, 0.30140000581741333, 0.3109000027179718, 0.37369999289512634, 0.4090999960899353, 0.40790000557899475, 0.4172999858856201, 0.4108999967575073, 0.41609999537467957, 0.4975000023841858, 0.4733999967575073, 0.42820000648498535, 0.526199996471405, 0.49000000953674316, 0.49709999561309814, 0.5271999835968018, 0.4975999891757965, 0.4611999988555908, 0.5713000297546387, 0.5745999813079834, 0.6223999857902527, 0.623199999332428, 0.6055999994277954, 0.5742999911308289, 0.6187000274658203, 0.6151999831199646, 0.6309999823570251, 0.6151999831199646, 0.6328999996185303, 0.603600025177002, 0.626800000667572, 0.6158000230789185, 0.6804999709129333, 0.6744999885559082, 0.6743000149726868, 0.6805999875068665, 0.6830999851226807, 0.6664999723434448, 0.6625999808311462, 0.670799970626831, 0.6571000218391418, 0.6863999962806702, 0.6916000247001648, 0.6818000078201294, 0.6962000131607056, 0.6895999908447266, 0.7001000046730042, 0.6933000087738037, 0.6924999952316284, 0.682200014591217, 0.6870999932289124, 0.6952000260353088, 0.6991999745368958, 0.6990000009536743, 0.6905999779701233, 0.6949999928474426, 0.6951000094413757, 0.6983000040054321, 0.7042999863624573, 0.6970000267028809, 0.7038999795913696, 0.7008000016212463, 0.7037000060081482, 0.7039999961853027, 0.7056999802589417, 0.7039999961853027, 0.7027999758720398, 0.7038000226020813]","[4.182328701019287, 4.128149509429932, 3.142029285430908, 3.0631487369537354, 3.2203550338745117, 2.807264566421509, 2.7342848777770996, 2.735003709793091, 2.7780919075012207, 2.811239719390869, 2.8110098838806152, 2.401683807373047, 2.5189290046691895, 2.850604772567749, 2.280424118041992, 2.5192742347717285, 2.4394075870513916, 2.30724835395813, 2.613701820373535, 2.8319907188415527, 2.1648290157318115, 2.117765426635742, 1.8486627340316772, 1.8374087810516357, 1.9743940830230713, 2.0845985412597656, 1.8719534873962402, 1.885782241821289, 1.8314266204833984, 1.9037564992904663, 1.8653638362884521, 1.9644771814346313, 1.8970253467559814, 1.959107756614685, 1.6567472219467163, 1.67373788356781, 1.6779662370681763, 1.6284209489822388, 1.638990044593811, 1.7453255653381348, 1.7526447772979736, 1.6890720129013062, 1.781541347503662, 1.6140646934509277, 1.6075116395950317, 1.6834083795547485, 1.6213914155960083, 1.6288611888885498, 1.59853994846344, 1.64187753200531, 1.6453064680099487, 1.6713898181915283, 1.6828900575637817, 1.6354025602340698, 1.6405490636825562, 1.6405888795852661, 1.6724869012832642, 1.673561930656433, 1.683075189590454, 1.6413429975509644, 1.6427855491638184, 1.6683615446090698, 1.6335608959197998, 1.6391814947128296, 1.6505154371261597, 1.6570172309875488, 1.636726975440979, 1.6438058614730835, 1.6481499671936035, 1.6339902877807617, 1.6440237760543823, 1.6424401998519897, 1.651504635810852, 1.645200252532959, 1.6500316858291626, 1.6461220979690552, 1.6493111848831177, 1.6473443508148193, 1.6515072584152222, 1.6498355865478516, 1.6494580507278442, 1.6497750282287598, 1.6453927755355835, 1.654078722000122, 1.648324966430664, 1.6501798629760742, 1.6504404544830322, 1.6505359411239624, 1.6486899852752686, 1.647464632987976, 1.652377724647522, 1.6541967391967773, 1.6478742361068726, 1.6433665752410889, 1.6538687944412231, 1.646834135055542, 1.648291826248169, 1.6505178213119507, 1.649898648262024, 1.6480079889297485]",0.7038000226020813,,797171308,,5283620,,,,,,0.375,0.25,0.0,56,24,400,400,0.14,0.06,False,BEST,0.8,True,True,"[[84  1  0 ...  0  0  0]
 [ 0 81  0 ...  0  0  0]
 [ 0  0 62 ...  0  2  0]
 ...
 [ 0  0  0 ... 74  1  0]
 [ 0  0  2 ...  0 50  0]
 [ 0  0  0 ...  0  0 74]]",0.7052,0.715425171,0.7052,0.706200464,98
BFRJGX[M],,28,20,7,False,False,"[14, 29, 23, 12, 37, 6, 58, 7]",[],"[{'INP': 32}, {'CONV': [64, 3]}, ({'CONV': [32, 5]}, {'CONV': [256, 3]}), ({'CONV': [64, 5]}, {'CONV': [128, 5]}, {'POOLMAX': [-1, 2]}), ({'CONV': [64, 3]}, {'CONV': [256, 5]}), ({'CONV': [32, 5]}, {'CONV': [128, 3]}, {'POOLMAX': [-1, 2]}), ({'CONV': [128, 3]}, {'CONV': [128, 5]}), ({'CONV': [32, 3]}, {'CONV': [256, 3]}, {'POOLMAX': [-1, 2]}), ({'CONV': [256, 5]}, {'CONV': [64, 3]}), ({'CONV': [32, 3]}, {'CONV': [256, 5]}, {'POOLMAX': [-1, 2]}), {'GLOBAL_AVG': None}, {'LAST_DENSE': [100, 'softmax']}]",SPC,MPAR,GA,70,"[0.11320000141859055, 0.2125999927520752, 0.26460000872612, 0.3504999876022339, 0.374099999666214, 0.3856000006198883, 0.3901999890804291, 0.4869000017642975, 0.4507000148296356, 0.47620001435279846, 0.5267999768257141, 0.47600001096725464, 0.525600016117096, 0.5108000040054321, 0.5001000165939331, 0.5651000142097473, 0.5116000175476074, 0.4722000062465668, 0.5453000068664551, 0.5537999868392944, 0.5313000082969666, 0.5950000286102295, 0.6137999892234802, 0.6067000031471252, 0.6141999959945679, 0.642799973487854, 0.6122999787330627, 0.6017000079154968, 0.6294999718666077, 0.6179999709129333, 0.6474999785423279, 0.6100999712944031, 0.5748000144958496, 0.6243000030517578, 0.6104000210762024, 0.6291000247001648, 0.6503999829292297, 0.6590999960899353, 0.65829998254776, 0.6606000065803528, 0.6712999939918518, 0.6776000261306763, 0.6746000051498413, 0.6657999753952026, 0.6611999869346619, 0.6690000295639038, 0.6712999939918518, 0.6833000183105469, 0.6801999807357788, 0.6776999831199646, 0.6906999945640564, 0.6827999949455261, 0.6894000172615051, 0.6930000185966492, 0.6869999766349792, 0.6877999901771545, 0.6935999989509583, 0.6949999928474426, 0.6956999897956848, 0.6956999897956848, 0.6937999725341797, 0.6937000155448914, 0.6965000033378601, 0.6897000074386597, 0.6956999897956848, 0.6942999958992004, 0.694599986076355, 0.6955000162124634, 0.6952999830245972, 0.6966999769210815]","[4.220485687255859, 3.3823745250701904, 3.2918753623962402, 2.801008462905884, 2.759552240371704, 3.373905897140503, 2.9206769466400146, 2.363172769546509, 2.544598340988159, 2.385927438735962, 2.191387414932251, 2.527310848236084, 2.1815619468688965, 2.328087329864502, 2.344454050064087, 2.074734687805176, 2.29337215423584, 2.6163389682769775, 2.2279975414276123, 2.17873215675354, 2.3302557468414307, 1.9594162702560425, 1.9164283275604248, 1.8848474025726318, 1.839365005493164, 1.7493493556976318, 1.846053957939148, 1.961794376373291, 1.786280870437622, 1.8356484174728394, 1.7237046957015991, 1.9461162090301514, 2.1411356925964355, 1.9328609704971313, 1.894743800163269, 1.8625242710113525, 1.7430740594863892, 1.673700213432312, 1.7043689489364624, 1.70271897315979, 1.6390156745910645, 1.6200039386749268, 1.629685640335083, 1.7254984378814697, 1.74259352684021, 1.7176779508590698, 1.6802443265914917, 1.6462751626968384, 1.666651725769043, 1.6688302755355835, 1.6468346118927002, 1.6869906187057495, 1.6259318590164185, 1.6231447458267212, 1.6616332530975342, 1.6416853666305542, 1.636141300201416, 1.6369736194610596, 1.6193575859069824, 1.6319522857666016, 1.6305365562438965, 1.6446611881256104, 1.6260991096496582, 1.6756597757339478, 1.6436165571212769, 1.6645581722259521, 1.658107042312622, 1.648584008216858, 1.659335970878601, 1.6448248624801636, 1.6517013311386108, 1.6524523496627808, 1.6552691459655762, 1.6540523767471313, 1.655225396156311, 1.6568734645843506, 1.6477595567703247, 1.6601054668426514, 1.6568101644515991, 1.6523504257202148, 1.661178708076477, 1.6561312675476074, 1.659565806388855, 1.6590163707733154, 1.6543408632278442, 1.6537232398986816, 1.6584579944610596, 1.6565693616867065, 1.6609997749328613, 1.6609888076782227, 1.6570658683776855, 1.6513919830322266, 1.6580678224563599, 1.6563313007354736, 1.6540371179580688, 1.654773473739624, 1.6601991653442383, 1.6569318771362305, 1.6516658067703247, 1.6576497554779053]",0.6966999769210815,,1094099948,,4379684,,,,,,0.5,0.375,0.125,39,37,400,400,0.0975,0.0925,False,BEST,0.35,True,True,"[[83  0  0 ...  0  0  0]
 [ 0 77  0 ...  0  0  0]
 [ 0  0 63 ...  0  0  0]
 ...
 [ 0  0  0 ... 66  0  0]
 [ 0  0  1 ...  0 48  0]
 [ 0  0  0 ...  0  0 76]]",0.6976,0.709060628,0.6976,0.698491934,13
BPFYB[M],,29,20,17,True,True,"[16, 28, 4, 38, 18, 38, 29, 22]",[],"[{'INP': 32}, {'CONV': [64, 3]}, ({'CONV': [64, 3]}, {'CONV': [32, 3]}), ({'CONV': [64, 5]}, {'CONV': [128, 3]}, {'POOLMAX': [-1, 2]}), ({'CONV': [32, 3]}, {'CONV': [128, 3]}), ({'CONV': [128, 3]}, {'CONV': [256, 3]}, {'POOLMAX': [-1, 2]}), ({'CONV': [64, 3]}, {'CONV': [64, 3]}), ({'CONV': [128, 3]}, {'CONV': [256, 3]}, {'POOLMAX': [-1, 2]}), ({'CONV': [64, 5]}, {'CONV': [128, 5]}), ({'CONV': [64, 3]}, {'CONV': [256, 3]}, {'POOLMAX': [-1, 2]}), {'GLOBAL_AVG': None}, {'LAST_DENSE': [100, 'softmax']}]",SPC,MPAR,GA,70,"[0.13420000672340393, 0.17339999973773956, 0.31060001254081726, 0.33820000290870667, 0.3799999952316284, 0.39430001378059387, 0.4092000126838684, 0.45989999175071716, 0.4562000036239624, 0.428600013256073, 0.5138000249862671, 0.5264999866485596, 0.5056999921798706, 0.48500001430511475, 0.4968000054359436, 0.5127999782562256, 0.5597000122070312, 0.4007999897003174, 0.5335000157356262, 0.5741999745368958, 0.5536999702453613, 0.4925000071525574, 0.5108000040054321, 0.5460000038146973, 0.5493000149726868, 0.6017000079154968, 0.6312999725341797, 0.6039000153541565, 0.6248999834060669, 0.6377000212669373, 0.6220999956130981, 0.6230999827384949, 0.6191999912261963, 0.6340000033378601, 0.599399983882904, 0.6754000186920166, 0.6552000045776367, 0.6733999848365784, 0.6844000220298767, 0.6748999953269958, 0.66839998960495, 0.6808000206947327, 0.6711000204086304, 0.6657999753952026, 0.6908000111579895, 0.6958000063896179, 0.6988999843597412, 0.6901000142097473, 0.6952999830245972, 0.6855000257492065, 0.6953999996185303, 0.684499979019165, 0.6991000175476074, 0.694100022315979, 0.7021999955177307, 0.6980000138282776, 0.6978999972343445, 0.6965000033378601, 0.6967999935150146, 0.7013000249862671, 0.703000009059906, 0.7032999992370605, 0.7017999887466431, 0.7044000029563904, 0.7031000256538391, 0.6995999813079834, 0.7032999992370605, 0.7020000219345093, 0.704200029373169, 0.7039999961853027]","[3.9330945014953613, 3.7560553550720215, 2.8776931762695312, 2.831409215927124, 2.706650972366333, 2.694397211074829, 2.6086838245391846, 2.4115331172943115, 2.473257303237915, 2.6819188594818115, 2.180063247680664, 2.1765034198760986, 2.27461576461792, 2.460174560546875, 2.395949125289917, 2.314901828765869, 2.124513626098633, 3.201791286468506, 2.2890450954437256, 2.081819534301758, 2.19804310798645, 2.6325201988220215, 2.448826551437378, 2.277876615524292, 2.255934476852417, 2.0184597969055176, 1.8555898666381836, 1.999395489692688, 1.88663911819458, 1.8211599588394165, 1.8977433443069458, 1.8853793144226074, 1.8635748624801636, 1.8513529300689697, 2.0478317737579346, 1.668807029724121, 1.76243257522583, 1.6738526821136475, 1.6354868412017822, 1.7001785039901733, 1.7080261707305908, 1.641337513923645, 1.7202481031417847, 1.7535978555679321, 1.6403720378875732, 1.615797996520996, 1.6140389442443848, 1.6409260034561157, 1.624313235282898, 1.6645886898040771, 1.6277589797973633, 1.6950732469558716, 1.608378529548645, 1.6292517185211182, 1.621153473854065, 1.627272129058838, 1.6399714946746826, 1.6572484970092773, 1.657448649406433, 1.629942774772644, 1.638155460357666, 1.6178805828094482, 1.6346551179885864, 1.617228388786316, 1.6264115571975708, 1.6495273113250732, 1.6283161640167236, 1.640644907951355, 1.6361950635910034, 1.62507963180542, 1.627306342124939, 1.6308881044387817, 1.630419135093689, 1.6346853971481323, 1.6348421573638916, 1.6358020305633545, 1.6357719898223877, 1.6308835744857788, 1.6335856914520264, 1.6353461742401123, 1.637665867805481, 1.6399587392807007, 1.6363333463668823, 1.6404258012771606, 1.629654049873352, 1.637353539466858, 1.637444257736206, 1.6412816047668457, 1.6413075923919678, 1.6381500959396362, 1.6444306373596191, 1.645907998085022, 1.6437574625015259, 1.6455355882644653, 1.6369071006774902, 1.6371781826019287, 1.6354550123214722, 1.6378531455993652, 1.6435188055038452, 1.638567566871643]",0.7039999961853027,,391873708,,2278564,,,,,"[16, 28, 4, 38, 18, 38, 29, 22]",0.25,0.125,0.0,52,18,400,400,0.13,0.045,False,BEST,0.85,True,True,"[[85  0  0 ...  0  0  0]
 [ 0 80  0 ...  0  0  0]
 [ 0  0 65 ...  0  2  0]
 ...
 [ 0  0  0 ... 71  1  0]
 [ 0  0  5 ...  0 54  0]
 [ 0  0  0 ...  0  0 76]]",0.7025,0.714187982,0.7025,0.703718291,7
BAAEBB[M],,30,20,20,True,True,"[44, 46, 39, 53, 12, 6, 17, 15]",[],"[{'INP': 32}, {'CONV': [64, 3]}, ({'CONV': [128, 5]}, {'CONV': [128, 3]}), ({'CONV': [128, 5]}, {'CONV': [256, 3]}, {'POOLMAX': [-1, 2]}), ({'CONV': [128, 3]}, {'CONV': [256, 5]}), ({'CONV': [256, 3]}, {'CONV': [128, 5]}, {'POOLMAX': [-1, 2]}), ({'CONV': [32, 5]}, {'CONV': [128, 3]}), ({'CONV': [32, 3]}, {'CONV': [256, 3]}, {'POOLMAX': [-1, 2]}), ({'CONV': [64, 3]}, {'CONV': [32, 5]}), ({'CONV': [32, 5]}, {'CONV': [256, 5]}, {'POOLMAX': [-1, 2]}), {'GLOBAL_AVG': None}, {'LAST_DENSE': [100, 'softmax']}]",SPC,MPAR,GA,70,"[0.09830000251531601, 0.1704999953508377, 0.23330000042915344, 0.3084000051021576, 0.36160001158714294, 0.3578999936580658, 0.39250001311302185, 0.39879998564720154, 0.4648999869823456, 0.36809998750686646, 0.4691999852657318, 0.4690999984741211, 0.4959000051021576, 0.4708999991416931, 0.4943000078201294, 0.5286999940872192, 0.5105999708175659, 0.510200023651123, 0.5236999988555908, 0.5210000276565552, 0.5163999795913696, 0.5529000163078308, 0.5860000252723694, 0.5996000170707703, 0.6129000186920166, 0.5849000215530396, 0.5989999771118164, 0.5722000002861023, 0.5148000121116638, 0.6022999882698059, 0.5906000137329102, 0.6154000163078308, 0.6080999970436096, 0.5497999787330627, 0.5763000249862671, 0.5870000123977661, 0.5879999995231628, 0.6365000009536743, 0.623199999332428, 0.6471999883651733, 0.6517000198364258, 0.6496999859809875, 0.6607000231742859, 0.6589000225067139, 0.6481999754905701, 0.6538000106811523, 0.642799973487854, 0.6391000151634216, 0.6704999804496765, 0.6761999726295471, 0.6643999814987183, 0.6654000282287598, 0.670799970626831, 0.6625999808311462, 0.6547999978065491, 0.6801000237464905, 0.6700000166893005, 0.67330002784729, 0.6743000149726868, 0.6776999831199646, 0.6714000105857849, 0.675000011920929, 0.6800000071525574, 0.6784999966621399, 0.6754999756813049, 0.6779000163078308, 0.6797000169754028, 0.6777999997138977, 0.6811000108718872, 0.6776999831199646]","[4.162731647491455, 3.7346980571746826, 3.3428421020507812, 3.0004851818084717, 2.782460927963257, 2.836946725845337, 2.651369571685791, 2.755040407180786, 2.358166217803955, 4.876780033111572, 2.3543171882629395, 2.4648077487945557, 2.2131967544555664, 2.527616500854492, 2.2889504432678223, 2.142744541168213, 2.2154078483581543, 2.2804691791534424, 2.2478623390197754, 2.194199323654175, 2.253920078277588, 2.1029441356658936, 1.928832769393921, 1.8415719270706177, 1.820857048034668, 1.9346195459365845, 1.8699214458465576, 2.026441812515259, 2.369040012359619, 1.8184294700622559, 1.8857966661453247, 1.7990398406982422, 1.827836275100708, 2.2622971534729004, 2.0475969314575195, 1.9941017627716064, 1.9760191440582275, 1.7483198642730713, 1.8322157859802246, 1.6940538883209229, 1.6718823909759521, 1.6889761686325073, 1.6240901947021484, 1.629050374031067, 1.733468770980835, 1.6682478189468384, 1.7292031049728394, 1.757036566734314, 1.602649450302124, 1.5891354084014893, 1.6320459842681885, 1.6349046230316162, 1.6125603914260864, 1.6560853719711304, 1.7376980781555176, 1.5871986150741577, 1.645560383796692, 1.6314735412597656, 1.6375360488891602, 1.619649887084961, 1.6368132829666138, 1.6155799627304077, 1.5974793434143066, 1.625792145729065, 1.623715877532959, 1.6226681470870972, 1.6147196292877197, 1.6207624673843384, 1.6044610738754272, 1.6300245523452759, 1.6144671440124512, 1.6290799379348755, 1.6125394105911255, 1.6252148151397705, 1.6280062198638916, 1.6365352869033813, 1.6352293491363525, 1.6340138912200928, 1.6239755153656006, 1.6277943849563599, 1.626595139503479, 1.6264972686767578, 1.6251789331436157, 1.6250578165054321, 1.6223901510238647, 1.6288965940475464, 1.625669002532959, 1.6271318197250366, 1.627062201499939, 1.6194101572036743, 1.6294704675674438, 1.6184040307998657, 1.6208157539367676, 1.6207010746002197, 1.6198503971099854, 1.6258503198623657, 1.6305696964263916, 1.6296422481536865, 1.632605791091919, 1.626662254333496]",0.6776999831199646,,1827949868,,4506020,,,,,"[44, 46, 39, 53, 12, 6, 17, 15]",0.125,0.25,0.0,52,29,400,400,0.13,0.0725,False,BEST,1.0,True,True,"[[84  1  0 ...  0  0  0]
 [ 0 77  0 ...  0  0  0]
 [ 0  0 57 ...  0  2  0]
 ...
 [ 0  0  0 ... 69  0  0]
 [ 1  0  2 ...  0 48  0]
 [ 0  0  0 ...  0  0 71]]",0.68,0.693854974,0.68,0.681207586,126
BMADYX[M],,1,20,19,False,False,"[53, 40, 39, 45, 39, 5, 39, 55]",[],"[{'INP': 32}, {'CONV': [64, 3]}, ({'CONV': [256, 3]}, {'CONV': [128, 5]}), ({'CONV': [128, 5]}, {'CONV': [32, 3]}, {'POOLMAX': [-1, 2]}), ({'CONV': [128, 3]}, {'CONV': [256, 5]}), ({'CONV': [128, 5]}, {'CONV': [128, 5]}, {'POOLMAX': [-1, 2]}), ({'CONV': [128, 3]}, {'CONV': [256, 5]}), ({'CONV': [32, 3]}, {'CONV': [128, 5]}, {'POOLMAX': [-1, 2]}), ({'CONV': [128, 3]}, {'CONV': [256, 5]}), ({'CONV': [256, 3]}, {'CONV': [256, 5]}, {'POOLMAX': [-1, 2]}), {'GLOBAL_AVG': None}, {'LAST_DENSE': [100, 'softmax']}]",SPC,MSWAP,GA,70,"[0.10429999977350235, 0.21770000457763672, 0.29760000109672546, 0.33880001306533813, 0.3603000044822693, 0.414900004863739, 0.33709999918937683, 0.45019999146461487, 0.4345000088214874, 0.3474999964237213, 0.49720001220703125, 0.4781000018119812, 0.5001000165939331, 0.46470001339912415, 0.46790000796318054, 0.45669999718666077, 0.5823000073432922, 0.5999000072479248, 0.5562000274658203, 0.6018000245094299, 0.5943999886512756, 0.6226000189781189, 0.6085000038146973, 0.621399998664856, 0.5916000008583069, 0.6065999865531921, 0.6266000270843506, 0.6467999815940857, 0.640500009059906, 0.6463000178337097, 0.6290000081062317, 0.6599000096321106, 0.6564000248908997, 0.6406999826431274, 0.6567000150680542, 0.6470000147819519, 0.6621000170707703, 0.6557000279426575, 0.6463000178337097, 0.652999997138977, 0.6553000211715698, 0.6643000245094299, 0.6761999726295471, 0.6786999702453613, 0.684499979019165, 0.6776999831199646, 0.661899983882904, 0.6837000250816345, 0.6632999777793884, 0.6877999901771545, 0.66839998960495, 0.6775000095367432, 0.6773999929428101, 0.6894999742507935, 0.6819999814033508, 0.6899999976158142, 0.6898000240325928, 0.6876000165939331, 0.6930999755859375, 0.6904000043869019, 0.6952000260353088, 0.6888999938964844, 0.6948999762535095, 0.6930000185966492, 0.6951000094413757, 0.6953999996185303, 0.6912999749183655, 0.6945000290870667, 0.6960999965667725, 0.6937000155448914]","[4.22492790222168, 3.461484432220459, 3.228133201599121, 2.9900460243225098, 2.900747299194336, 2.66693115234375, 3.107869863510132, 2.5826258659362793, 2.710099458694458, 4.816201686859131, 2.413154363632202, 2.56591796875, 2.450796127319336, 2.7673275470733643, 3.3224093914031982, 2.768845558166504, 2.0623724460601807, 1.9690595865249634, 2.2436723709106445, 1.9705599546432495, 2.0184316635131836, 1.8586525917053223, 1.9522234201431274, 1.8654117584228516, 2.0563085079193115, 1.9542486667633057, 1.8883992433547974, 1.8108775615692139, 1.8314107656478882, 1.8177382946014404, 1.9601144790649414, 1.7460815906524658, 1.8050521612167358, 1.8515931367874146, 1.780790090560913, 1.8366029262542725, 1.7437419891357422, 1.7732784748077393, 1.8382296562194824, 1.8203107118606567, 1.80839204788208, 1.7872488498687744, 1.748359203338623, 1.7314789295196533, 1.72334885597229, 1.786558985710144, 1.8619329929351807, 1.7139039039611816, 1.863617181777954, 1.7209316492080688, 1.8768607378005981, 1.788480520248413, 1.7836816310882568, 1.7731250524520874, 1.8187894821166992, 1.7617251873016357, 1.7882544994354248, 1.760710597038269, 1.739016056060791, 1.773226022720337, 1.745925784111023, 1.7969316244125366, 1.7728097438812256, 1.7933573722839355, 1.7876083850860596, 1.7670230865478516, 1.8044555187225342, 1.7834457159042358, 1.7834078073501587, 1.7963329553604126, 1.7983903884887695, 1.8058868646621704, 1.788071632385254, 1.7879558801651, 1.79002046585083, 1.7949494123458862, 1.7917284965515137, 1.7898041009902954, 1.7866333723068237, 1.7921937704086304, 1.795966625213623, 1.7985013723373413, 1.8012937307357788, 1.7941362857818604, 1.8009015321731567, 1.7950900793075562, 1.8020260334014893, 1.8027859926223755, 1.7944265604019165, 1.7980939149856567, 1.7989253997802734, 1.8048303127288818, 1.7938851118087769, 1.7939186096191406, 1.793102741241455, 1.7986054420471191, 1.7947783470153809, 1.8030765056610107, 1.7988430261611938, 1.7976863384246826]",0.6937000155448914,,2139119404,,8096676,,,,,,0.125,0.25,0.0,45,25,400,400,0.1125,0.0625,False,BEST,0.95,True,True,"[[79  1  0 ...  0  0  0]
 [ 0 80  0 ...  0  0  0]
 [ 0  1 61 ...  0  3  0]
 ...
 [ 0  0  0 ... 70  0  0]
 [ 0  0  4 ...  0 52  1]
 [ 0  0  0 ...  0  0 70]]",0.6954,0.709648973,0.6954,0.697412821,33
BHYQUP[M],,2,20,20,True,True,"[2, 36, 61, 15, 62, 7, 28, 55]",[],"[{'INP': 32}, {'CONV': [64, 3]}, ({'CONV': [32, 3]}, {'CONV': [64, 3]}), ({'CONV': [128, 3]}, {'CONV': [128, 3]}, {'POOLMAX': [-1, 2]}), ({'CONV': [256, 5]}, {'CONV': [128, 5]}), ({'CONV': [32, 5]}, {'CONV': [256, 5]}, {'POOLMAX': [-1, 2]}), ({'CONV': [256, 5]}, {'CONV': [256, 3]}), ({'CONV': [32, 3]}, {'CONV': [256, 5]}, {'POOLMAX': [-1, 2]}), ({'CONV': [64, 5]}, {'CONV': [128, 3]}), ({'CONV': [256, 3]}, {'CONV': [256, 5]}, {'POOLMAX': [-1, 2]}), {'GLOBAL_AVG': None}, {'LAST_DENSE': [100, 'softmax']}]",SPC,MSWAP,GA,70,"[0.17080000042915344, 0.2248000055551529, 0.3562999963760376, 0.3495999872684479, 0.392300009727478, 0.3619999885559082, 0.4203000068664551, 0.45329999923706055, 0.4763999879360199, 0.5073000192642212, 0.39800000190734863, 0.48579999804496765, 0.5285000205039978, 0.49399998784065247, 0.5260999798774719, 0.5182999968528748, 0.4973999857902527, 0.5199999809265137, 0.6165000200271606, 0.6057000160217285, 0.5605999827384949, 0.6284999847412109, 0.5879999995231628, 0.6207000017166138, 0.6169999837875366, 0.5995000004768372, 0.6276999711990356, 0.652999997138977, 0.669700026512146, 0.6624000072479248, 0.6676999926567078, 0.6780999898910522, 0.6703000068664551, 0.642300009727478, 0.6917999982833862, 0.6956999897956848, 0.694599986076355, 0.6972000002861023, 0.696399986743927, 0.6965000033378601, 0.6891999840736389, 0.6980000138282776, 0.7091000080108643, 0.7034000158309937, 0.7067999839782715, 0.7063999772071838, 0.7005000114440918, 0.6965000033378601, 0.7042999863624573, 0.7045000195503235, 0.7053999900817871, 0.704800009727478, 0.708899974822998, 0.70660001039505, 0.7074000239372253, 0.7120000123977661, 0.708899974822998, 0.7117000222206116, 0.708899974822998, 0.7096999883651733, 0.7102000117301941, 0.713100016117096, 0.7113000154495239, 0.7128000259399414, 0.7124000191688538, 0.7106000185012817, 0.7114999890327454, 0.7123000025749207, 0.7116000056266785, 0.7124999761581421]","[3.8281311988830566, 3.558011770248413, 2.8000500202178955, 2.8998777866363525, 2.765321969985962, 2.9443914890289307, 2.650031805038452, 2.594327449798584, 2.4644501209259033, 2.348877429962158, 2.9965784549713135, 2.4847559928894043, 2.2883641719818115, 2.5161473751068115, 2.303546190261841, 2.3674376010894775, 2.55023193359375, 2.349414587020874, 1.8921581506729126, 1.9467910528182983, 2.17010760307312, 1.8380019664764404, 2.0270137786865234, 1.8830175399780273, 1.9046738147735596, 1.9813251495361328, 1.8489066362380981, 1.7466542720794678, 1.6617878675460815, 1.7100104093551636, 1.6870486736297607, 1.6751339435577393, 1.6759072542190552, 1.7937191724777222, 1.5645712614059448, 1.5746945142745972, 1.5425474643707275, 1.5719069242477417, 1.581300139427185, 1.5965725183486938, 1.6081660985946655, 1.5533125400543213, 1.5200968980789185, 1.5745446681976318, 1.5318143367767334, 1.5714935064315796, 1.5607901811599731, 1.6058422327041626, 1.5834068059921265, 1.5819579362869263, 1.5706754922866821, 1.5808491706848145, 1.5644358396530151, 1.5569714307785034, 1.5625354051589966, 1.5455719232559204, 1.5521290302276611, 1.5466488599777222, 1.5579655170440674, 1.5684481859207153, 1.559426188468933, 1.5499351024627686, 1.562589406967163, 1.5571733713150024, 1.5586724281311035, 1.5654951333999634, 1.553938865661621, 1.5603318214416504, 1.5637242794036865, 1.5554190874099731, 1.5599708557128906, 1.5643675327301025, 1.5628951787948608, 1.5602506399154663, 1.5636866092681885, 1.5632858276367188, 1.55946683883667, 1.55342698097229, 1.559111475944519, 1.563649296760559, 1.5556894540786743, 1.563870906829834, 1.5596200227737427, 1.5608906745910645, 1.562807559967041, 1.5564945936203003, 1.5569891929626465, 1.5579924583435059, 1.5617412328720093, 1.5612584352493286, 1.5619807243347168, 1.558081865310669, 1.558276653289795, 1.5610032081604004, 1.5610098838806152, 1.5602775812149048, 1.5588994026184082, 1.558469295501709, 1.5613234043121338, 1.563427448272705]",0.7124999761581421,,1000963500,,7428772,,,,,"[2, 36, 61, 15, 62, 7, 28, 55]",0.375,0.375,0.0,69,31,400,400,0.1725,0.0775,False,BEST,1.0,True,True,"[[88  0  0 ...  0  0  0]
 [ 0 87  0 ...  0  0  0]
 [ 1  0 57 ...  0  2  0]
 ...
 [ 0  0  0 ... 70  0  0]
 [ 0  0  2 ...  0 49  0]
 [ 0  0  0 ...  0  0 71]]",0.7105,0.721686797,0.7105,0.711348342,25
BMIRHB[M],,3,20,19,False,False,"[14, 36, 26, 47, 36, 6, 26, 62]",[],"[{'INP': 32}, {'CONV': [64, 3]}, ({'CONV': [32, 5]}, {'CONV': [256, 3]}), ({'CONV': [128, 3]}, {'CONV': [128, 3]}, {'POOLMAX': [-1, 2]}), ({'CONV': [64, 5]}, {'CONV': [64, 3]}), ({'CONV': [128, 5]}, {'CONV': [256, 5]}, {'POOLMAX': [-1, 2]}), ({'CONV': [128, 3]}, {'CONV': [128, 3]}), ({'CONV': [32, 3]}, {'CONV': [256, 3]}, {'POOLMAX': [-1, 2]}), ({'CONV': [64, 5]}, {'CONV': [64, 3]}), ({'CONV': [256, 5]}, {'CONV': [256, 3]}, {'POOLMAX': [-1, 2]}), {'GLOBAL_AVG': None}, {'LAST_DENSE': [100, 'softmax']}]",SPC,MSWAP,GA,70,"[0.10649999976158142, 0.18160000443458557, 0.26820001006126404, 0.3077999949455261, 0.32170000672340393, 0.39309999346733093, 0.3756999969482422, 0.384799987077713, 0.43939998745918274, 0.37610000371932983, 0.4494999945163727, 0.48829999566078186, 0.5212000012397766, 0.460099995136261, 0.49300000071525574, 0.5041999816894531, 0.4918999969959259, 0.48660001158714294, 0.6082000136375427, 0.6197999715805054, 0.6011999845504761, 0.5903000235557556, 0.617900013923645, 0.5716000199317932, 0.6021999716758728, 0.6657999753952026, 0.663100004196167, 0.6373999714851379, 0.6632000207901001, 0.6640999913215637, 0.6690999865531921, 0.657800018787384, 0.6700999736785889, 0.6523000001907349, 0.6714000105857849, 0.642799973487854, 0.6675999760627747, 0.6604999899864197, 0.692300021648407, 0.6868000030517578, 0.6908000111579895, 0.6854000091552734, 0.678600013256073, 0.6888999938964844, 0.6956999897956848, 0.7006999850273132, 0.6988999843597412, 0.7002000212669373, 0.7009000182151794, 0.7009999752044678, 0.7044000029563904, 0.7021999955177307, 0.7013000249862671, 0.6984000205993652, 0.7057999968528748, 0.7035999894142151, 0.705299973487854, 0.7045999765396118, 0.7031000256538391, 0.704200029373169, 0.7037000060081482, 0.704800009727478, 0.7042999863624573, 0.7080000042915344, 0.7028999924659729, 0.7027999758720398, 0.7019000053405762, 0.704200029373169, 0.7024999856948853, 0.7035999894142151]","[4.110540390014648, 3.6482057571411133, 3.195434331893921, 3.154550790786743, 3.2005865573883057, 2.71008038520813, 2.799175262451172, 2.9493846893310547, 2.6239914894104004, 2.932220458984375, 2.6090481281280518, 2.4303178787231445, 2.222712993621826, 2.5969860553741455, 2.519144058227539, 2.4030377864837646, 2.4372239112854004, 2.554612874984741, 1.8993535041809082, 1.840729832649231, 1.961129069328308, 2.0432522296905518, 1.8642222881317139, 2.076953411102295, 1.9209370613098145, 1.6484668254852295, 1.6490029096603394, 1.7709490060806274, 1.653490424156189, 1.6707091331481934, 1.6430456638336182, 1.6969376802444458, 1.6320269107818604, 1.7947136163711548, 1.6463512182235718, 1.8736348152160645, 1.6640185117721558, 1.7161214351654053, 1.5749232769012451, 1.639696717262268, 1.5947147607803345, 1.627507209777832, 1.6600013971328735, 1.623365879058838, 1.583881139755249, 1.5777209997177124, 1.5863035917282104, 1.595952033996582, 1.5910307168960571, 1.6018933057785034, 1.5704445838928223, 1.593060851097107, 1.5977466106414795, 1.6286073923110962, 1.5843003988265991, 1.598798155784607, 1.588311791419983, 1.5954341888427734, 1.6009762287139893, 1.603739857673645, 1.6008810997009277, 1.599622130393982, 1.5990694761276245, 1.5888088941574097, 1.6039481163024902, 1.600192666053772, 1.6038808822631836, 1.5965005159378052, 1.6072629690170288, 1.6054387092590332, 1.6062546968460083, 1.5997958183288574, 1.5979251861572266, 1.6001698970794678, 1.6030346155166626, 1.6056852340698242, 1.6111409664154053, 1.6098376512527466, 1.6012420654296875, 1.603840947151184, 1.61114501953125, 1.6064730882644653, 1.6102690696716309, 1.6051011085510254, 1.5981755256652832, 1.5963668823242188, 1.5994335412979126, 1.6026334762573242, 1.6045814752578735, 1.6033438444137573, 1.6039804220199585, 1.604432463645935, 1.60624098777771, 1.6003063917160034, 1.609403371810913, 1.6074014902114868, 1.609407901763916, 1.6051386594772339, 1.6028231382369995, 1.6033111810684204]",0.7035999894142151,,1030744940,,4046116,,,,,,0.125,0.5,0.0,56,28,400,400,0.14,0.07,False,BEST,0.95,True,True,"[[86  0  1 ...  0  0  0]
 [ 0 75  0 ...  0  0  0]
 [ 1  0 59 ...  0  4  0]
 ...
 [ 0  0  0 ... 72  0  0]
 [ 0  0  2 ...  0 54  0]
 [ 0  0  0 ...  0  0 72]]",0.7047,0.717350238,0.7047,0.705632524,83
BAWZZM[M],,4,20,7,False,False,"[14, 27, 2, 36, 30, 6, 30, 62]",[],"[{'INP': 32}, {'CONV': [64, 3]}, ({'CONV': [32, 5]}, {'CONV': [256, 3]}), ({'CONV': [64, 5]}, {'CONV': [64, 5]}, {'POOLMAX': [-1, 2]}), ({'CONV': [32, 3]}, {'CONV': [64, 3]}), ({'CONV': [128, 3]}, {'CONV': [128, 3]}, {'POOLMAX': [-1, 2]}), ({'CONV': [64, 5]}, {'CONV': [256, 3]}), ({'CONV': [32, 3]}, {'CONV': [256, 3]}, {'POOLMAX': [-1, 2]}), ({'CONV': [64, 5]}, {'CONV': [256, 3]}), ({'CONV': [256, 5]}, {'CONV': [256, 3]}, {'POOLMAX': [-1, 2]}), {'GLOBAL_AVG': None}, {'LAST_DENSE': [100, 'softmax']}]",SPC,MSWAP,GA,70,"[0.0925000011920929, 0.18140000104904175, 0.3001999855041504, 0.3400999903678894, 0.335099995136261, 0.3995000123977661, 0.42829999327659607, 0.4368000030517578, 0.47519999742507935, 0.492900013923645, 0.5170999765396118, 0.527999997138977, 0.5156000256538391, 0.5098999738693237, 0.5340999960899353, 0.5472000241279602, 0.5940999984741211, 0.6055999994277954, 0.6015999913215637, 0.6179999709129333, 0.6154000163078308, 0.5928000211715698, 0.597000002861023, 0.6039999723434448, 0.6288999915122986, 0.6087999939918518, 0.6205999851226807, 0.6223000288009644, 0.6484000086784363, 0.5945000052452087, 0.6448000073432922, 0.6333000063896179, 0.6446999907493591, 0.6150000095367432, 0.6204000115394592, 0.6219000220298767, 0.6578999757766724, 0.6212999820709229, 0.642300009727478, 0.6171000003814697, 0.6233000159263611, 0.6306999921798706, 0.680400013923645, 0.664900004863739, 0.6644999980926514, 0.6843000054359436, 0.6503000259399414, 0.6762999892234802, 0.6904000043869019, 0.6869999766349792, 0.6923999786376953, 0.6891000270843506, 0.6869000196456909, 0.7049000263214111, 0.7055000066757202, 0.6992999911308289, 0.7038000226020813, 0.7045000195503235, 0.7019000053405762, 0.7009999752044678, 0.7039999961853027, 0.7063999772071838, 0.7052000164985657, 0.7088000178337097, 0.7052000164985657, 0.7050999999046326, 0.707099974155426, 0.7024999856948853, 0.704800009727478, 0.703499972820282]","[4.421243190765381, 3.7169535160064697, 3.0118367671966553, 2.916943073272705, 2.974790334701538, 2.5910141468048096, 2.517101287841797, 2.5108981132507324, 2.441378116607666, 2.317613363265991, 2.1719300746917725, 2.2107105255126953, 2.3001205921173096, 2.297380208969116, 2.1803460121154785, 2.1742725372314453, 1.9577077627182007, 1.867661952972412, 1.9198064804077148, 1.8330594301223755, 1.8455941677093506, 2.014662265777588, 1.9620648622512817, 1.9157657623291016, 1.8169851303100586, 1.929227352142334, 1.8535380363464355, 1.8314257860183716, 1.7520527839660645, 2.035520553588867, 1.7906519174575806, 1.8078736066818237, 1.7414300441741943, 1.9547128677368164, 1.922771692276001, 1.8918548822402954, 1.7129573822021484, 1.8790528774261475, 1.8313013315200806, 1.9858181476593018, 1.932104468345642, 1.9280576705932617, 1.678346037864685, 1.765016794204712, 1.8227370977401733, 1.6889170408248901, 1.8906828165054321, 1.748392939567566, 1.7046408653259277, 1.7270780801773071, 1.6946749687194824, 1.760376214981079, 1.7323552370071411, 1.6422629356384277, 1.6514081954956055, 1.7030646800994873, 1.6712573766708374, 1.6968673467636108, 1.6679226160049438, 1.6900488138198853, 1.685672640800476, 1.668144941329956, 1.6960210800170898, 1.6762763261795044, 1.6926285028457642, 1.7010843753814697, 1.6828536987304688, 1.7020914554595947, 1.6952314376831055, 1.701084017753601, 1.7029564380645752, 1.7023943662643433, 1.6923182010650635, 1.7006902694702148, 1.7045928239822388, 1.699116826057434, 1.6963564157485962, 1.6996097564697266, 1.7018905878067017, 1.699300765991211, 1.7002136707305908, 1.7006908655166626, 1.7028433084487915, 1.7009378671646118, 1.7046079635620117, 1.7006099224090576, 1.7028141021728516, 1.7038613557815552, 1.6993961334228516, 1.6993203163146973, 1.7030761241912842, 1.7027860879898071, 1.7081224918365479, 1.7000468969345093, 1.7015496492385864, 1.7075963020324707, 1.7039932012557983, 1.7045599222183228, 1.7085793018341064, 1.6980136632919312]",0.703499972820282,,845020076,,4497060,,,,,,0.125,0.5,0.0,49,30,400,400,0.1225,0.075,False,BEST,0.35,True,True,"[[86  0  0 ...  0  0  0]
 [ 0 81  0 ...  0  0  0]
 [ 0  0 56 ...  0  4  0]
 ...
 [ 0  0  0 ... 74  1  0]
 [ 0  0  2 ...  0 48  1]
 [ 0  0  0 ...  0  0 75]]",0.7063,0.717799549,0.7063,0.707396049,24
BKHSGU[M],,5,20,18,True,True,"[49, 11, 20, 38, 51, 38, 28, 39]",[],"[{'INP': 32}, {'CONV': [64, 3]}, ({'CONV': [256, 3]}, {'CONV': [32, 5]}), ({'CONV': [32, 5]}, {'CONV': [64, 5]}, {'POOLMAX': [-1, 2]}), ({'CONV': [64, 3]}, {'CONV': [128, 3]}), ({'CONV': [128, 3]}, {'CONV': [256, 3]}, {'POOLMAX': [-1, 2]}), ({'CONV': [256, 3]}, {'CONV': [64, 5]}), ({'CONV': [128, 3]}, {'CONV': [256, 3]}, {'POOLMAX': [-1, 2]}), ({'CONV': [64, 5]}, {'CONV': [128, 3]}), ({'CONV': [128, 3]}, {'CONV': [256, 5]}, {'POOLMAX': [-1, 2]}), {'GLOBAL_AVG': None}, {'LAST_DENSE': [100, 'softmax']}]",SPC,MSWAP,GA,70,"[0.12470000237226486, 0.16259999573230743, 0.25609999895095825, 0.3393000066280365, 0.3776000142097473, 0.36399999260902405, 0.4519999921321869, 0.40700000524520874, 0.42399999499320984, 0.4616999924182892, 0.45190000534057617, 0.4472000002861023, 0.5570999979972839, 0.5636000037193298, 0.5759999752044678, 0.5830000042915344, 0.5777999758720398, 0.5587000250816345, 0.6000000238418579, 0.5759000182151794, 0.5859000086784363, 0.6031000018119812, 0.608299970626831, 0.6057999730110168, 0.5870000123977661, 0.5723999738693237, 0.6121000051498413, 0.6236000061035156, 0.6434000134468079, 0.644599974155426, 0.6294000148773193, 0.666100025177002, 0.6538000106811523, 0.6636000275611877, 0.6488999724388123, 0.6570000052452087, 0.6686000227928162, 0.6904000043869019, 0.683899998664856, 0.6880000233650208, 0.6801999807357788, 0.6830999851226807, 0.6743999719619751, 0.6847000122070312, 0.692799985408783, 0.692799985408783, 0.6984999775886536, 0.6972000002861023, 0.7009000182151794, 0.7042999863624573, 0.699999988079071, 0.7038999795913696, 0.7045999765396118, 0.7031999826431274, 0.7028999924659729, 0.7008000016212463, 0.7052000164985657, 0.7031999826431274, 0.70660001039505, 0.7091000080108643, 0.7041000127792358, 0.7049000263214111, 0.7055000066757202, 0.7060999870300293, 0.7074000239372253, 0.705299973487854, 0.7063000202178955, 0.7062000036239624, 0.70660001039505, 0.7063999772071838]","[3.9518368244171143, 3.967205047607422, 3.377565622329712, 2.9204444885253906, 2.702432632446289, 2.8661060333251953, 2.4966890811920166, 2.8095574378967285, 2.6496591567993164, 2.5266828536987305, 2.6860454082489014, 2.5855963230133057, 2.049839973449707, 2.0392074584960938, 1.9512639045715332, 1.9583067893981934, 1.9589142799377441, 2.1243648529052734, 1.9003245830535889, 2.053044080734253, 1.9634082317352295, 1.9061870574951172, 1.8727933168411255, 1.9032849073410034, 2.0697519779205322, 2.1013221740722656, 1.901930332183838, 1.8906679153442383, 1.7899894714355469, 1.7922996282577515, 1.8739826679229736, 1.6815773248672485, 1.746598243713379, 1.7223107814788818, 1.7538857460021973, 1.7353923320770264, 1.6984541416168213, 1.5971481800079346, 1.6499274969100952, 1.6497441530227661, 1.666392207145691, 1.6600359678268433, 1.7132647037506104, 1.6950145959854126, 1.637300729751587, 1.6246821880340576, 1.6219377517700195, 1.621810793876648, 1.6170270442962646, 1.604001760482788, 1.628263235092163, 1.5986266136169434, 1.5958642959594727, 1.6290887594223022, 1.6354814767837524, 1.6324687004089355, 1.6196551322937012, 1.6338294744491577, 1.6163201332092285, 1.625805139541626, 1.639254093170166, 1.6356797218322754, 1.638993740081787, 1.6332265138626099, 1.6311168670654297, 1.6418184041976929, 1.6422024965286255, 1.6399867534637451, 1.630263328552246, 1.629272699356079, 1.63796865940094, 1.6316475868225098, 1.6347237825393677, 1.6280558109283447, 1.6366357803344727, 1.6338425874710083, 1.6360245943069458, 1.629218578338623, 1.6343812942504883, 1.6321321725845337, 1.6369515657424927, 1.6385732889175415, 1.6367498636245728, 1.6389254331588745, 1.6290768384933472, 1.631862759590149, 1.6322364807128906, 1.634637475013733, 1.6405800580978394, 1.6336791515350342, 1.6353917121887207, 1.6384592056274414, 1.6380189657211304, 1.6325405836105347, 1.636391282081604, 1.635149359703064, 1.6332193613052368, 1.6409223079681396, 1.6402316093444824, 1.639160394668579]",0.7063999772071838,,714016812,,3984804,,,,,"[49, 11, 20, 38, 51, 38, 28, 39]",0.5,0.125,0.0,80,31,400,400,0.2,0.0775,False,BEST,0.9,True,True,"[[89  0  0 ...  0  0  0]
 [ 0 85  0 ...  0  0  0]
 [ 0  0 61 ...  0  0  0]
 ...
 [ 0  0  0 ... 70  0  0]
 [ 0  0  4 ...  0 50  0]
 [ 0  0  0 ...  0  0 73]]",0.7092,0.721563981,0.7092,0.71060118,9
BLXWOQ[M],,6,20,18,False,False,"[48, 22, 23, 12, 38, 6, 62, 55]",[],"[{'INP': 32}, {'CONV': [64, 3]}, ({'CONV': [256, 3]}, {'CONV': [32, 3]}), ({'CONV': [64, 3]}, {'CONV': [256, 3]}, {'POOLMAX': [-1, 2]}), ({'CONV': [64, 3]}, {'CONV': [256, 5]}), ({'CONV': [32, 5]}, {'CONV': [128, 3]}, {'POOLMAX': [-1, 2]}), ({'CONV': [128, 3]}, {'CONV': [256, 3]}), ({'CONV': [32, 3]}, {'CONV': [256, 3]}, {'POOLMAX': [-1, 2]}), ({'CONV': [256, 5]}, {'CONV': [256, 3]}), ({'CONV': [256, 3]}, {'CONV': [256, 5]}, {'POOLMAX': [-1, 2]}), {'GLOBAL_AVG': None}, {'LAST_DENSE': [100, 'softmax']}]",SPC,MSWAP,GA,70,"[0.11540000140666962, 0.15139999985694885, 0.2556999921798706, 0.35589998960494995, 0.3853999972343445, 0.37940001487731934, 0.4562000036239624, 0.45260000228881836, 0.46700000762939453, 0.48159998655319214, 0.438400000333786, 0.5113999843597412, 0.47279998660087585, 0.47850000858306885, 0.4973999857902527, 0.5072000026702881, 0.5386999845504761, 0.5511999726295471, 0.5806000232696533, 0.5644000172615051, 0.5597000122070312, 0.5806999802589417, 0.588699996471405, 0.4903999865055084, 0.576200008392334, 0.5515999794006348, 0.5098999738693237, 0.5253999829292297, 0.6169999837875366, 0.6305999755859375, 0.638700008392334, 0.647599995136261, 0.6761999726295471, 0.6435999870300293, 0.645799994468689, 0.6388000249862671, 0.6642000079154968, 0.6678000092506409, 0.6794000267982483, 0.6988999843597412, 0.696399986743927, 0.6844000220298767, 0.6818000078201294, 0.6973000168800354, 0.697700023651123, 0.7085999846458435, 0.7006999850273132, 0.7103000283241272, 0.7024000287055969, 0.6991000175476074, 0.7139999866485596, 0.713100016117096, 0.7145000100135803, 0.7192000150680542, 0.7199000120162964, 0.7196000218391418, 0.7189000248908997, 0.7236999869346619, 0.7178000211715698, 0.7182999849319458, 0.7107999920845032, 0.72079998254776, 0.7196000218391418, 0.72079998254776, 0.7246999740600586, 0.7215999960899353, 0.72079998254776, 0.722100019454956, 0.7177000045776367, 0.7188000082969666]","[4.287745952606201, 4.3119587898254395, 3.4747707843780518, 2.936098337173462, 2.8682024478912354, 2.925112009048462, 2.5464437007904053, 2.6484038829803467, 2.594273567199707, 2.5297441482543945, 2.7834954261779785, 2.3934383392333984, 2.6389644145965576, 2.5911691188812256, 2.597618818283081, 2.482586145401001, 2.366093635559082, 2.3139286041259766, 2.160658121109009, 2.225691080093384, 2.2610809803009033, 2.1746737957000732, 2.15435791015625, 2.8179333209991455, 2.22806453704834, 2.405102014541626, 2.765495777130127, 2.5558366775512695, 2.0714149475097656, 2.0359907150268555, 1.9421734809875488, 1.896437644958496, 1.7522474527359009, 1.8978614807128906, 1.9266623258590698, 1.9275007247924805, 1.7943955659866333, 1.8102986812591553, 1.790551781654358, 1.662089467048645, 1.719510555267334, 1.7749595642089844, 1.761535882949829, 1.6961429119110107, 1.7172945737838745, 1.6670536994934082, 1.7413381338119507, 1.6722277402877808, 1.7190583944320679, 1.7429661750793457, 1.6930060386657715, 1.6763148307800293, 1.6822892427444458, 1.6556999683380127, 1.6646801233291626, 1.6908026933670044, 1.6941972970962524, 1.654572606086731, 1.675292730331421, 1.6727138757705688, 1.7276824712753296, 1.6901037693023682, 1.6824251413345337, 1.6748554706573486, 1.6815249919891357, 1.7007648944854736, 1.6943246126174927, 1.6969618797302246, 1.717599630355835, 1.715579628944397, 1.6940443515777588, 1.6962850093841553, 1.7055878639221191, 1.697367787361145, 1.7054105997085571, 1.6955327987670898, 1.6912710666656494, 1.6961431503295898, 1.7023417949676514, 1.7069019079208374, 1.7037136554718018, 1.7061853408813477, 1.7040197849273682, 1.7028404474258423, 1.704543948173523, 1.702561855316162, 1.7058699131011963, 1.7052886486053467, 1.7067577838897705, 1.7038873434066772, 1.7010666131973267, 1.705342173576355, 1.7070833444595337, 1.7014521360397339, 1.704390048980713, 1.7077652215957642, 1.7008118629455566, 1.704103708267212, 1.7052950859069824, 1.7011982202529907]",0.7188000082969666,,759906540,,6615588,,,,,,0.125,0.0,0.25,68,27,400,400,0.17,0.0675,False,BEST,0.9,True,True,"[[86  0  0 ...  0  0  0]
 [ 0 86  0 ...  0  0  0]
 [ 0  0 65 ...  0  1  0]
 ...
 [ 0  0  0 ... 74  0  0]
 [ 0  0  5 ...  0 51  0]
 [ 0  0  0 ...  0  0 74]]",0.7259,0.738701439,0.7259,0.727696495,64
BEVQDY[M],,7,20,20,True,True,"[14, 20, 23, 23, 53, 6, 32, 62]",[],"[{'INP': 32}, {'CONV': [64, 3]}, ({'CONV': [32, 5]}, {'CONV': [256, 3]}), ({'CONV': [64, 3]}, {'CONV': [128, 3]}, {'POOLMAX': [-1, 2]}), ({'CONV': [64, 3]}, {'CONV': [256, 5]}), ({'CONV': [64, 3]}, {'CONV': [256, 5]}, {'POOLMAX': [-1, 2]}), ({'CONV': [256, 3]}, {'CONV': [128, 5]}), ({'CONV': [32, 3]}, {'CONV': [256, 3]}, {'POOLMAX': [-1, 2]}), ({'CONV': [128, 3]}, {'CONV': [32, 3]}), ({'CONV': [256, 5]}, {'CONV': [256, 3]}, {'POOLMAX': [-1, 2]}), {'GLOBAL_AVG': None}, {'LAST_DENSE': [100, 'softmax']}]",SPC,MSWAP,GA,70,"[0.0681999996304512, 0.19050000607967377, 0.24300000071525574, 0.23180000483989716, 0.3725000023841858, 0.39739999175071716, 0.3319000005722046, 0.3882000148296356, 0.4099999964237213, 0.39500001072883606, 0.414900004863739, 0.5181999802589417, 0.5467000007629395, 0.5509999990463257, 0.5432999730110168, 0.5091000199317932, 0.5521000027656555, 0.5177000164985657, 0.5580999851226807, 0.6294999718666077, 0.6294999718666077, 0.6330999732017517, 0.6248999834060669, 0.6492999792098999, 0.6107000112533569, 0.5999000072479248, 0.63919997215271, 0.6455000042915344, 0.6518999934196472, 0.6326000094413757, 0.6276000142097473, 0.6305999755859375, 0.6351000070571899, 0.6272000074386597, 0.6722000241279602, 0.6622999906539917, 0.6665999889373779, 0.660099983215332, 0.6592000126838684, 0.669700026512146, 0.6759999990463257, 0.6819999814033508, 0.6873999834060669, 0.6816999912261963, 0.6834999918937683, 0.6858999729156494, 0.6934000253677368, 0.6948000192642212, 0.6884999871253967, 0.6912000179290771, 0.6898999810218811, 0.6875, 0.6955999732017517, 0.692300021648407, 0.6965000033378601, 0.6930999755859375, 0.6927000284194946, 0.6972000002861023, 0.6978999972343445, 0.6977999806404114, 0.6973000168800354, 0.6970000267028809, 0.6985999941825867, 0.6987000107765198, 0.6967999935150146, 0.698199987411499, 0.6987000107765198, 0.695900022983551, 0.6973999738693237, 0.697700023651123]","[4.3413615226745605, 3.632505416870117, 3.3591859340667725, 3.728893756866455, 2.807140350341797, 2.6879122257232666, 3.1499030590057373, 2.8374509811401367, 2.743506908416748, 2.8776917457580566, 2.788757085800171, 2.265652894973755, 2.120171070098877, 2.044708013534546, 2.088923454284668, 2.3506710529327393, 2.0866355895996094, 2.2933385372161865, 2.0885326862335205, 1.7419265508651733, 1.7386606931686401, 1.692629337310791, 1.8070735931396484, 1.6591894626617432, 1.8619962930679321, 1.9175000190734863, 1.7230974435806274, 1.6897388696670532, 1.6541005373001099, 1.7877976894378662, 1.8046373128890991, 1.7927120923995972, 1.8336973190307617, 1.8856984376907349, 1.6299344301223755, 1.7040629386901855, 1.6791573762893677, 1.7322849035263062, 1.7389103174209595, 1.6501119136810303, 1.6175858974456787, 1.6445261240005493, 1.6194418668746948, 1.6447855234146118, 1.648606300354004, 1.6287673711776733, 1.5983431339263916, 1.6154906749725342, 1.6629478931427002, 1.629900336265564, 1.6368848085403442, 1.6649386882781982, 1.619774580001831, 1.645985722541809, 1.627601146697998, 1.628690481185913, 1.6528446674346924, 1.629504680633545, 1.6171185970306396, 1.6210733652114868, 1.6337655782699585, 1.6265937089920044, 1.62225341796875, 1.628006100654602, 1.6317170858383179, 1.6278883218765259, 1.6275792121887207, 1.6396242380142212, 1.6364904642105103, 1.627428650856018, 1.6356728076934814, 1.629394292831421, 1.6282581090927124, 1.6276912689208984, 1.6295899152755737, 1.6311683654785156, 1.6295535564422607, 1.6365033388137817, 1.6352936029434204, 1.6292448043823242, 1.6392886638641357, 1.6365340948104858, 1.636285424232483, 1.6318037509918213, 1.6311671733856201, 1.6238003969192505, 1.6304831504821777, 1.6291722059249878, 1.6347684860229492, 1.634521245956421, 1.6362285614013672, 1.6330128908157349, 1.6383649110794067, 1.6363455057144165, 1.6382240056991577, 1.635672688484192, 1.636154055595398, 1.6353731155395508, 1.6294656991958618, 1.6372597217559814]",0.697700023651123,,822047596,,4305700,,,,,"[14, 20, 23, 23, 53, 6, 32, 62]",0.25,0.25,0.0,62,26,400,400,0.155,0.065,False,BEST,1.0,True,True,"[[89  0  0 ...  0  0  0]
 [ 0 84  0 ...  0  0  0]
 [ 0  0 59 ...  0  3  0]
 ...
 [ 0  0  0 ... 72  0  0]
 [ 0  0  2 ...  0 55  0]
 [ 0  0  0 ...  0  0 73]]",0.6972,0.710759706,0.6972,0.698123685,53
BFUYVW[M],,8,20,20,True,True,"[14, 62, 4, 54, 43, 47, 28, 62]",[],"[{'INP': 32}, {'CONV': [64, 3]}, ({'CONV': [32, 5]}, {'CONV': [256, 3]}), ({'CONV': [256, 5]}, {'CONV': [256, 3]}, {'POOLMAX': [-1, 2]}), ({'CONV': [32, 3]}, {'CONV': [128, 3]}), ({'CONV': [256, 3]}, {'CONV': [256, 3]}, {'POOLMAX': [-1, 2]}), ({'CONV': [128, 5]}, {'CONV': [64, 5]}), ({'CONV': [128, 5]}, {'CONV': [256, 5]}, {'POOLMAX': [-1, 2]}), ({'CONV': [64, 5]}, {'CONV': [128, 3]}), ({'CONV': [256, 5]}, {'CONV': [256, 3]}, {'POOLMAX': [-1, 2]}), {'GLOBAL_AVG': None}, {'LAST_DENSE': [100, 'softmax']}]",SPC,MSWAP,GA,70,"[0.12780000269412994, 0.20440000295639038, 0.22759999334812164, 0.2603999972343445, 0.3386000096797943, 0.4268999993801117, 0.41350001096725464, 0.45350000262260437, 0.42149999737739563, 0.4154999852180481, 0.39879998564720154, 0.48669999837875366, 0.46720001101493835, 0.5753999948501587, 0.5728999972343445, 0.572700023651123, 0.5853999853134155, 0.5343999862670898, 0.47749999165534973, 0.5814999938011169, 0.6054999828338623, 0.5120999813079834, 0.5126000046730042, 0.5968999862670898, 0.6164000034332275, 0.5817999839782715, 0.6190999746322632, 0.5605999827384949, 0.6129999756813049, 0.6176000237464905, 0.5338000059127808, 0.6209999918937683, 0.650600016117096, 0.6543999910354614, 0.6601999998092651, 0.6614999771118164, 0.6467999815940857, 0.676800012588501, 0.6628000140190125, 0.657800018787384, 0.6680999994277954, 0.6496000289916992, 0.6815999746322632, 0.6689000129699707, 0.6614000201225281, 0.6642000079154968, 0.675000011920929, 0.6611999869346619, 0.691100001335144, 0.6841999888420105, 0.6832000017166138, 0.6930000185966492, 0.6897000074386597, 0.6951000094413757, 0.6970999836921692, 0.6980999708175659, 0.6998000144958496, 0.6988999843597412, 0.7045999765396118, 0.7031000256538391, 0.7014999985694885, 0.7032999992370605, 0.7056999802589417, 0.7049999833106995, 0.7063000202178955, 0.7092000246047974, 0.7052000164985657, 0.7060999870300293, 0.7057999968528748, 0.7049999833106995]","[3.993910074234009, 3.5252442359924316, 3.523191452026367, 3.3681278228759766, 2.9342284202575684, 2.6517717838287354, 2.722438097000122, 2.504899024963379, 2.725287675857544, 2.749711751937866, 5.30440616607666, 2.5314691066741943, 3.180887460708618, 1.9748975038528442, 1.959436297416687, 2.003082275390625, 1.907322645187378, 2.237872838973999, 3.7063632011413574, 1.9698920249938965, 1.880467176437378, 2.597770929336548, 2.598757266998291, 1.8943902254104614, 1.8606168031692505, 2.543083906173706, 1.8359209299087524, 2.177222967147827, 1.9099218845367432, 1.8399909734725952, 2.3611996173858643, 1.868391990661621, 1.7411398887634277, 1.7187519073486328, 1.7249566316604614, 1.7154308557510376, 1.7495322227478027, 1.6804109811782837, 1.7340896129608154, 1.757306694984436, 1.690458059310913, 1.740814208984375, 1.627923846244812, 1.7366217374801636, 1.716748595237732, 1.7448033094406128, 1.6650176048278809, 1.730010747909546, 1.6293259859085083, 1.6435096263885498, 1.705735206604004, 1.6945828199386597, 1.6554595232009888, 1.6691970825195312, 1.651853084564209, 1.6401196718215942, 1.6391619443893433, 1.6520183086395264, 1.6400673389434814, 1.631148099899292, 1.660062551498413, 1.6543861627578735, 1.645751953125, 1.6517486572265625, 1.6518195867538452, 1.6389312744140625, 1.6513798236846924, 1.6552817821502686, 1.6490185260772705, 1.6491488218307495, 1.648455262184143, 1.6510835886001587, 1.6400645971298218, 1.6432517766952515, 1.645019292831421, 1.6548047065734863, 1.6501694917678833, 1.647582769393921, 1.646802306175232, 1.6443122625350952, 1.64335036277771, 1.6453768014907837, 1.64683198928833, 1.6446095705032349, 1.644126534461975, 1.6424357891082764, 1.640730857849121, 1.6501332521438599, 1.6492695808410645, 1.654022455215454, 1.6468843221664429, 1.649171233177185, 1.6527451276779175, 1.6460906267166138, 1.6478171348571777, 1.6511939764022827, 1.644468903541565, 1.6549885272979736, 1.6494266986846924, 1.646934151649475]",0.7049999833106995,,2937042412,,7579684,,,,,"[14, 62, 4, 54, 43, 47, 28, 62]",0.25,0.375,0.0,74,36,400,400,0.185,0.09,False,BEST,1.0,True,True,"[[85  0  0 ...  0  0  0]
 [ 0 76  0 ...  0  0  0]
 [ 0  0 63 ...  0  3  0]
 ...
 [ 0  0  0 ... 77  0  0]
 [ 0  0  4 ...  0 54  0]
 [ 0  0  0 ...  0  0 72]]",0.7083,0.718157923,0.7083,0.708685341,8
BAVKPX[M],,9,20,19,False,False,"[14, 12, 4, 0, 33, 4, 27, 55]",[],"[{'INP': 32}, {'CONV': [64, 3]}, ({'CONV': [32, 5]}, {'CONV': [256, 3]}), ({'CONV': [32, 5]}, {'CONV': [128, 3]}, {'POOLMAX': [-1, 2]}), ({'CONV': [32, 3]}, {'CONV': [128, 3]}), ({'CONV': [32, 3]}, {'CONV': [32, 3]}, {'POOLMAX': [-1, 2]}), ({'CONV': [128, 3]}, {'CONV': [32, 5]}), ({'CONV': [32, 3]}, {'CONV': [128, 3]}, {'POOLMAX': [-1, 2]}), ({'CONV': [64, 5]}, {'CONV': [64, 5]}), ({'CONV': [256, 3]}, {'CONV': [256, 5]}, {'POOLMAX': [-1, 2]}), {'GLOBAL_AVG': None}, {'LAST_DENSE': [100, 'softmax']}]",SPC,MSWAP,GA,70,"[0.10559999942779541, 0.1745000034570694, 0.27230000495910645, 0.31310001015663147, 0.3244999945163727, 0.36309999227523804, 0.41819998621940613, 0.4474000036716461, 0.4537999927997589, 0.4302000105381012, 0.4348999857902527, 0.4912000000476837, 0.49059998989105225, 0.4659999907016754, 0.5157999992370605, 0.5217000246047974, 0.5009999871253967, 0.49540001153945923, 0.5142999887466431, 0.48969998955726624, 0.5493999719619751, 0.5144000053405762, 0.5501999855041504, 0.5317000150680542, 0.5515999794006348, 0.5462999939918518, 0.6035000085830688, 0.6036999821662903, 0.5612000226974487, 0.6074000000953674, 0.5974000096321106, 0.5885999798774719, 0.6157000064849854, 0.6019999980926514, 0.5903000235557556, 0.6029999852180481, 0.5978000164031982, 0.5672000050544739, 0.6542999744415283, 0.632099986076355, 0.6428999900817871, 0.6391000151634216, 0.6273999810218811, 0.6459000110626221, 0.6689000129699707, 0.6545000076293945, 0.6589000225067139, 0.6650000214576721, 0.6657999753952026, 0.6620000004768372, 0.6682999730110168, 0.6699000000953674, 0.6718000173568726, 0.671999990940094, 0.6743999719619751, 0.6804999709129333, 0.6761000156402588, 0.6765999794006348, 0.6779999732971191, 0.680400013923645, 0.6761999726295471, 0.6783999800682068, 0.6783999800682068, 0.677299976348877, 0.6751999855041504, 0.6780999898910522, 0.6762999892234802, 0.6776000261306763, 0.6779999732971191, 0.6808000206947327]","[4.092060089111328, 3.5894672870635986, 3.0604400634765625, 2.903001308441162, 2.927375555038452, 2.84965181350708, 2.533562183380127, 2.430202007293701, 2.3670756816864014, 2.5310776233673096, 2.4647555351257324, 2.2504663467407227, 2.2708802223205566, 2.4119138717651367, 2.2021522521972656, 2.188506603240967, 2.346470594406128, 2.282609462738037, 2.2243800163269043, 2.427030563354492, 2.078341245651245, 2.2930753231048584, 2.1040995121002197, 2.2391607761383057, 2.1136109828948975, 2.1514689922332764, 1.8683809041976929, 1.872460961341858, 2.160717487335205, 1.8425384759902954, 1.9243571758270264, 1.9589152336120605, 1.7707300186157227, 1.9287182092666626, 1.9883978366851807, 1.8989753723144531, 1.913920521736145, 2.100795030593872, 1.6638230085372925, 1.7646325826644897, 1.725830316543579, 1.7231078147888184, 1.7805049419403076, 1.6982232332229614, 1.5893374681472778, 1.6821681261062622, 1.6244969367980957, 1.6139453649520874, 1.6179574728012085, 1.6299488544464111, 1.6156359910964966, 1.60986328125, 1.5976008176803589, 1.601235032081604, 1.5954385995864868, 1.5686635971069336, 1.5896190404891968, 1.589977741241455, 1.5689481496810913, 1.576255440711975, 1.5915600061416626, 1.5841418504714966, 1.5891019105911255, 1.5935102701187134, 1.5879249572753906, 1.5859384536743164, 1.588883638381958, 1.5814017057418823, 1.5892232656478882, 1.5897576808929443, 1.5811424255371094, 1.5813430547714233, 1.5875461101531982, 1.5875316858291626, 1.5825457572937012, 1.5871608257293701, 1.5892196893692017, 1.583917498588562, 1.5824087858200073, 1.584433913230896, 1.584656834602356, 1.5862449407577515, 1.5859020948410034, 1.5871880054473877, 1.587250828742981, 1.5878162384033203, 1.5864224433898926, 1.5891051292419434, 1.5863720178604126, 1.5843017101287842, 1.5827758312225342, 1.5871939659118652, 1.588659644126892, 1.5879966020584106, 1.5893034934997559, 1.5906139612197876, 1.5867565870285034, 1.5831125974655151, 1.5858262777328491, 1.5887386798858643]",0.6808000206947327,,512874540,,2902436,,,,,,0.125,0.125,0.0,52,32,400,400,0.13,0.08,False,BEST,0.95,True,True,"[[80  0  0 ...  0  0  0]
 [ 0 75  0 ...  0  0  0]
 [ 0  0 57 ...  0  3  0]
 ...
 [ 0  0  0 ... 70  0  0]
 [ 0  0  5 ...  0 47  0]
 [ 0  0  0 ...  0  0 71]]",0.68,0.691490629,0.68,0.679546002,52
BMDOCY[M],,10,20,18,False,False,"[62, 11, 39, 39, 46, 6, 11, 55]",[],"[{'INP': 32}, {'CONV': [64, 3]}, ({'CONV': [256, 5]}, {'CONV': [256, 3]}), ({'CONV': [32, 5]}, {'CONV': [64, 5]}, {'POOLMAX': [-1, 2]}), ({'CONV': [128, 3]}, {'CONV': [256, 5]}), ({'CONV': [128, 3]}, {'CONV': [256, 5]}, {'POOLMAX': [-1, 2]}), ({'CONV': [128, 5]}, {'CONV': [256, 3]}), ({'CONV': [32, 3]}, {'CONV': [256, 3]}, {'POOLMAX': [-1, 2]}), ({'CONV': [32, 5]}, {'CONV': [64, 5]}), ({'CONV': [256, 3]}, {'CONV': [256, 5]}, {'POOLMAX': [-1, 2]}), {'GLOBAL_AVG': None}, {'LAST_DENSE': [100, 'softmax']}]",SPC,MSWAP,GA,70,"[0.11670000106096268, 0.1720999926328659, 0.2101999968290329, 0.33550000190734863, 0.350600004196167, 0.3926999866962433, 0.4153999984264374, 0.4440999925136566, 0.4478999972343445, 0.47200000286102295, 0.4790000021457672, 0.4440000057220459, 0.48829999566078186, 0.44110000133514404, 0.445499986410141, 0.337799996137619, 0.49470001459121704, 0.5246999859809875, 0.5385000109672546, 0.5691999793052673, 0.5453000068664551, 0.4900999963283539, 0.48899999260902405, 0.5248000025749207, 0.5734999775886536, 0.5821999907493591, 0.6141999959945679, 0.6151000261306763, 0.595300018787384, 0.5992000102996826, 0.6218000054359436, 0.5884000062942505, 0.6396999955177307, 0.6416000127792358, 0.6466000080108643, 0.6222000122070312, 0.6292999982833862, 0.6227999925613403, 0.6373000144958496, 0.6535000205039978, 0.6801999807357788, 0.6700999736785889, 0.6726999878883362, 0.6789000034332275, 0.6830000281333923, 0.675000011920929, 0.6769999861717224, 0.6654000282287598, 0.6675000190734863, 0.6704000234603882, 0.6949999928474426, 0.6953999996185303, 0.6980999708175659, 0.6908000111579895, 0.6984000205993652, 0.6995999813079834, 0.7028999924659729, 0.6970999836921692, 0.6974999904632568, 0.6998000144958496, 0.7027000188827515, 0.7046999931335449, 0.70169997215271, 0.7067000269889832, 0.7056999802589417, 0.70169997215271, 0.7059999704360962, 0.70660001039505, 0.7035999894142151, 0.7027999758720398]","[4.038543701171875, 3.792903184890747, 4.138355255126953, 2.970674514770508, 2.9473628997802734, 2.8108103275299072, 2.718777656555176, 2.5684752464294434, 2.6160709857940674, 2.485431671142578, 2.503748655319214, 2.7445428371429443, 2.454951763153076, 2.7946979999542236, 2.8140289783477783, 4.064518928527832, 2.5949108600616455, 2.391517162322998, 2.333542823791504, 2.1520328521728516, 2.3082735538482666, 2.7610819339752197, 2.6798219680786133, 2.5168468952178955, 2.238708972930908, 2.1822733879089355, 1.9575014114379883, 1.938034176826477, 2.080782651901245, 2.0426669120788574, 1.9367204904556274, 2.2327213287353516, 1.8078237771987915, 1.8686097860336304, 1.7922381162643433, 1.9591174125671387, 1.9284650087356567, 2.0004425048828125, 1.9231207370758057, 1.800054907798767, 1.7183058261871338, 1.7708498239517212, 1.7656316757202148, 1.7416303157806396, 1.691788673400879, 1.7488616704940796, 1.7463462352752686, 1.8022230863571167, 1.7955763339996338, 1.7989048957824707, 1.6486939191818237, 1.6610695123672485, 1.6536024808883667, 1.6813197135925293, 1.6849753856658936, 1.6836847066879272, 1.6465736627578735, 1.6861943006515503, 1.7074109315872192, 1.6851577758789062, 1.6787503957748413, 1.663075566291809, 1.6763156652450562, 1.6431269645690918, 1.6633189916610718, 1.67743980884552, 1.6599613428115845, 1.6650501489639282, 1.670364260673523, 1.670140027999878, 1.6720476150512695, 1.6937209367752075, 1.67500638961792, 1.6710025072097778, 1.6699604988098145, 1.6817452907562256, 1.6674367189407349, 1.6776189804077148, 1.683321237564087, 1.6720103025436401, 1.6802786588668823, 1.6807377338409424, 1.6818400621414185, 1.6799442768096924, 1.684940218925476, 1.6839795112609863, 1.6827226877212524, 1.6791027784347534, 1.6849955320358276, 1.688294768333435, 1.6831085681915283, 1.679339051246643, 1.6867482662200928, 1.6832412481307983, 1.6796326637268066, 1.6845403909683228, 1.6899034976959229, 1.6864484548568726, 1.6899968385696411, 1.6879816055297852]",0.7027999758720398,,1982522668,,6889380,,,,,,0.5,0.125,0.0,75,33,400,400,0.1875,0.0825,False,BEST,0.9,True,True,"[[86  0  0 ...  0  0  0]
 [ 0 82  0 ...  0  0  0]
 [ 0  0 63 ...  0  3  0]
 ...
 [ 0  0  0 ... 76  0  0]
 [ 0  0  5 ...  0 49  0]
 [ 0  0  0 ...  0  0 74]]",0.7053,0.716271627,0.7053,0.706207733,1
BXCZJD[M],,11,20,18,False,False,"[14, 28, 2, 29, 39, 6, 47, 39]",[],"[{'INP': 32}, {'CONV': [64, 3]}, ({'CONV': [32, 5]}, {'CONV': [256, 3]}), ({'CONV': [64, 5]}, {'CONV': [128, 3]}, {'POOLMAX': [-1, 2]}), ({'CONV': [32, 3]}, {'CONV': [64, 3]}), ({'CONV': [64, 5]}, {'CONV': [128, 5]}, {'POOLMAX': [-1, 2]}), ({'CONV': [128, 3]}, {'CONV': [256, 5]}), ({'CONV': [32, 3]}, {'CONV': [256, 3]}, {'POOLMAX': [-1, 2]}), ({'CONV': [128, 5]}, {'CONV': [256, 5]}), ({'CONV': [128, 3]}, {'CONV': [256, 5]}, {'POOLMAX': [-1, 2]}), {'GLOBAL_AVG': None}, {'LAST_DENSE': [100, 'softmax']}]",SPC,MSWAP,GA,70,"[0.1273999959230423, 0.22429999709129333, 0.24869999289512634, 0.2987000048160553, 0.35910001397132874, 0.3806999921798706, 0.41269999742507935, 0.46070000529289246, 0.4708999991416931, 0.4936000108718872, 0.5044999718666077, 0.4848000109195709, 0.5564000010490417, 0.5483999848365784, 0.5468000173568726, 0.5289000272750854, 0.5332000255584717, 0.5631999969482422, 0.6215000152587891, 0.6294999718666077, 0.6209999918937683, 0.6129999756813049, 0.630299985408783, 0.6287000179290771, 0.6322000026702881, 0.641700029373169, 0.6074000000953674, 0.6086999773979187, 0.6499000191688538, 0.6341999769210815, 0.6467000246047974, 0.6317999958992004, 0.6439999938011169, 0.6419000029563904, 0.6840000152587891, 0.6710000038146973, 0.6891000270843506, 0.6679999828338623, 0.6801000237464905, 0.6775000095367432, 0.6956999897956848, 0.6984000205993652, 0.6969000101089478, 0.6941999793052673, 0.705299973487854, 0.6977999806404114, 0.6974999904632568, 0.7031999826431274, 0.6952999830245972, 0.6984000205993652, 0.7098000049591064, 0.7077999711036682, 0.7060999870300293, 0.7149999737739563, 0.7052000164985657, 0.7146000266075134, 0.7077999711036682, 0.707099974155426, 0.7080000042915344, 0.7150999903678894, 0.7121999859809875, 0.7135000228881836, 0.7143999934196472, 0.7146999835968018, 0.713699996471405, 0.7142999768257141, 0.7139000296592712, 0.7127000093460083, 0.7146000266075134, 0.7138000130653381]","[3.9493651390075684, 3.457634449005127, 3.372230052947998, 3.273454189300537, 2.8744821548461914, 2.914781332015991, 2.7709171772003174, 2.529526948928833, 2.4826242923736572, 2.4479451179504395, 2.3758604526519775, 2.4718728065490723, 2.1718060970306396, 2.2174391746520996, 2.2312870025634766, 2.3634414672851562, 2.3517768383026123, 2.1894114017486572, 1.9393833875656128, 1.9009679555892944, 1.9273825883865356, 1.9770814180374146, 1.8866817951202393, 1.8864734172821045, 1.8943662643432617, 1.8352411985397339, 2.0325629711151123, 2.0134172439575195, 1.8259857892990112, 1.889083981513977, 1.873539686203003, 1.9421747922897339, 1.87416410446167, 1.8621951341629028, 1.6857105493545532, 1.8230671882629395, 1.7067354917526245, 1.8288443088531494, 1.7655466794967651, 1.7070116996765137, 1.6752783060073853, 1.7116849422454834, 1.69766366481781, 1.7001638412475586, 1.6597630977630615, 1.7101093530654907, 1.7335923910140991, 1.6827472448349, 1.7187573909759521, 1.71583890914917, 1.6699597835540771, 1.681153655052185, 1.6911412477493286, 1.6754400730133057, 1.7048401832580566, 1.6706464290618896, 1.6972616910934448, 1.7307239770889282, 1.7166329622268677, 1.6726131439208984, 1.691361665725708, 1.6822972297668457, 1.6968138217926025, 1.6941542625427246, 1.692657470703125, 1.6982213258743286, 1.6932581663131714, 1.6942379474639893, 1.693395733833313, 1.699942946434021, 1.6975786685943604, 1.700599193572998, 1.7046914100646973, 1.7044800519943237, 1.7013368606567383, 1.7028114795684814, 1.7033828496932983, 1.6992640495300293, 1.698076605796814, 1.7141568660736084, 1.705649971961975, 1.70500648021698, 1.69612717628479, 1.7103384733200073, 1.7056986093521118, 1.6997241973876953, 1.7051658630371094, 1.7043794393539429, 1.7080234289169312, 1.706500768661499, 1.7074053287506104, 1.7059357166290283, 1.7064814567565918, 1.701280117034912, 1.7036341428756714, 1.7088723182678223, 1.6969482898712158, 1.7032413482666016, 1.7015334367752075, 1.699888825416565]",0.7138000130653381,,899440940,,5175204,,,,,,0.125,0.125,0.0,67,30,400,400,0.1675,0.075,False,BEST,0.9,True,True,"[[85  0  0 ...  0  0  0]
 [ 0 82  0 ...  0  0  0]
 [ 0  0 64 ...  0  2  0]
 ...
 [ 0  0  0 ... 71  0  0]
 [ 0  0  5 ...  0 52  0]
 [ 0  0  0 ...  0  0 75]]",0.7136,0.724654748,0.7136,0.71419637,14
BXUNFC[M],,12,20,20,True,True,"[25, 12, 39, 58, 54, 6, 58, 22]",[],"[{'INP': 32}, {'CONV': [64, 3]}, ({'CONV': [64, 5]}, {'CONV': [32, 5]}), ({'CONV': [32, 5]}, {'CONV': [128, 3]}, {'POOLMAX': [-1, 2]}), ({'CONV': [128, 3]}, {'CONV': [256, 5]}), ({'CONV': [256, 5]}, {'CONV': [64, 3]}, {'POOLMAX': [-1, 2]}), ({'CONV': [256, 3]}, {'CONV': [256, 3]}), ({'CONV': [32, 3]}, {'CONV': [256, 3]}, {'POOLMAX': [-1, 2]}), ({'CONV': [256, 5]}, {'CONV': [64, 3]}), ({'CONV': [64, 3]}, {'CONV': [256, 3]}, {'POOLMAX': [-1, 2]}), {'GLOBAL_AVG': None}, {'LAST_DENSE': [100, 'softmax']}]",SPC,MSWAP,GA,70,"[0.12359999865293503, 0.1729000061750412, 0.2451999932527542, 0.26589998602867126, 0.38519999384880066, 0.3919000029563904, 0.3944000005722046, 0.4327000081539154, 0.487199991941452, 0.46140000224113464, 0.4878999888896942, 0.45500001311302185, 0.42649999260902405, 0.5271000266075134, 0.5131999850273132, 0.5271999835968018, 0.5138000249862671, 0.450300008058548, 0.5141000151634216, 0.505299985408783, 0.5360999703407288, 0.5526999831199646, 0.54830002784729, 0.5184999704360962, 0.4569999873638153, 0.5357999801635742, 0.490200012922287, 0.6270999908447266, 0.6007000207901001, 0.590499997138977, 0.6420000195503235, 0.6097999811172485, 0.6187000274658203, 0.58160001039505, 0.628600001335144, 0.59579998254776, 0.6728000044822693, 0.656499981880188, 0.6668000221252441, 0.6549999713897705, 0.6608999967575073, 0.6718000173568726, 0.6858000159263611, 0.6797999739646912, 0.678600013256073, 0.6815999746322632, 0.6748999953269958, 0.6869999766349792, 0.6906999945640564, 0.6886000037193298, 0.6905999779701233, 0.6841999888420105, 0.6883000135421753, 0.6944000124931335, 0.6935999989509583, 0.6926000118255615, 0.6922000050544739, 0.6945000290870667, 0.6913999915122986, 0.6930999755859375, 0.6947000026702881, 0.6919999718666077, 0.694100022315979, 0.6937000155448914, 0.6937999725341797, 0.6953999996185303, 0.6937999725341797, 0.694100022315979, 0.6940000057220459, 0.6952999830245972]","[4.023864269256592, 3.746769428253174, 3.255919933319092, 3.272308826446533, 2.7393105030059814, 2.678741693496704, 2.7336690425872803, 2.575604200363159, 2.3451383113861084, 2.453934907913208, 2.3521289825439453, 2.556650161743164, 2.844015121459961, 2.2497472763061523, 2.2988295555114746, 2.229410409927368, 2.2910797595977783, 2.639270305633545, 2.3202407360076904, 2.4263248443603516, 2.1912360191345215, 2.156914234161377, 2.181243896484375, 2.3682684898376465, 2.9539575576782227, 2.2893028259277344, 2.5684375762939453, 1.8379820585250854, 2.0540711879730225, 2.087090015411377, 1.753942608833313, 1.9455465078353882, 1.854978084564209, 2.064544439315796, 1.850411295890808, 2.001154899597168, 1.6633098125457764, 1.7279943227767944, 1.6880455017089844, 1.730460524559021, 1.7091068029403687, 1.6735855340957642, 1.6040679216384888, 1.6267448663711548, 1.6527760028839111, 1.6422187089920044, 1.6773535013198853, 1.6320197582244873, 1.6173642873764038, 1.6244474649429321, 1.6304103136062622, 1.6388719081878662, 1.6342592239379883, 1.6186853647232056, 1.616827368736267, 1.6166601181030273, 1.6274956464767456, 1.6230363845825195, 1.634962558746338, 1.6303327083587646, 1.633092999458313, 1.6374622583389282, 1.6303434371948242, 1.6221559047698975, 1.625617504119873, 1.6291935443878174, 1.631343126296997, 1.6303997039794922, 1.6265506744384766, 1.6316365003585815, 1.6212685108184814, 1.628222107887268, 1.6243823766708374, 1.6318467855453491, 1.6254328489303589, 1.62489914894104, 1.6271508932113647, 1.6271594762802124, 1.629536509513855, 1.6263344287872314, 1.625983715057373, 1.6156293153762817, 1.6259113550186157, 1.6285873651504517, 1.62568998336792, 1.6234699487686157, 1.6283984184265137, 1.6334712505340576, 1.630384922027588, 1.6267510652542114, 1.6265549659729004, 1.6303343772888184, 1.6300853490829468, 1.628627061843872, 1.6262766122817993, 1.6284855604171753, 1.6281322240829468, 1.6237406730651855, 1.6262050867080688, 1.6279805898666382]",0.6952999830245972,,1043152108,,6036004,,,,,"[25, 12, 39, 58, 54, 6, 58, 22]",0.125,0.5,0.0,76,33,400,400,0.19,0.0825,False,BEST,1.0,True,True,"[[82  0  1 ...  0  0  0]
 [ 0 79  0 ...  0  0  0]
 [ 0  0 64 ...  0  2  0]
 ...
 [ 0  0  0 ... 72  0  0]
 [ 0  0  4 ...  0 53  0]
 [ 0  0  0 ...  0  0 73]]",0.696,0.707859417,0.696,0.697014067,129
BDYDDH[M],,13,20,14,False,False,"[20, 43, 39, 39, 5, 6, 39, 39]",[],"[{'INP': 32}, {'CONV': [64, 3]}, ({'CONV': [64, 3]}, {'CONV': [128, 3]}), ({'CONV': [128, 5]}, {'CONV': [64, 5]}, {'POOLMAX': [-1, 2]}), ({'CONV': [128, 3]}, {'CONV': [256, 5]}), ({'CONV': [128, 3]}, {'CONV': [256, 5]}, {'POOLMAX': [-1, 2]}), ({'CONV': [32, 3]}, {'CONV': [128, 5]}), ({'CONV': [32, 3]}, {'CONV': [256, 3]}, {'POOLMAX': [-1, 2]}), ({'CONV': [128, 3]}, {'CONV': [256, 5]}), ({'CONV': [128, 3]}, {'CONV': [256, 5]}, {'POOLMAX': [-1, 2]}), {'GLOBAL_AVG': None}, {'LAST_DENSE': [100, 'softmax']}]",SPC,MSWAP,GA,70,"[0.12939999997615814, 0.23000000417232513, 0.2881999909877777, 0.322299987077713, 0.3905999958515167, 0.4185999929904938, 0.397599995136261, 0.43130001425743103, 0.4756999909877777, 0.47600001096725464, 0.5205000042915344, 0.4952000081539154, 0.5271000266075134, 0.5092999935150146, 0.5547999739646912, 0.5304999947547913, 0.5695000290870667, 0.5091999769210815, 0.48260000348091125, 0.5317000150680542, 0.5256999731063843, 0.5281000137329102, 0.6241999864578247, 0.6229000091552734, 0.586899995803833, 0.6341999769210815, 0.5972999930381775, 0.597000002861023, 0.6191999912261963, 0.6442999839782715, 0.6355999708175659, 0.6269000172615051, 0.6306999921798706, 0.6237000226974487, 0.6298999786376953, 0.6809999942779541, 0.6798999905586243, 0.682200014591217, 0.6624000072479248, 0.6621000170707703, 0.644599974155426, 0.678600013256073, 0.6830000281333923, 0.6905999779701233, 0.7034000158309937, 0.6866999864578247, 0.6908000111579895, 0.6966999769210815, 0.7024999856948853, 0.6917999982833862, 0.7017999887466431, 0.6978999972343445, 0.7032999992370605, 0.7031000256538391, 0.7091000080108643, 0.7005000114440918, 0.707099974155426, 0.7074000239372253, 0.7077999711036682, 0.7032999992370605, 0.7050999999046326, 0.7075999975204468, 0.7063999772071838, 0.7070000171661377, 0.7055000066757202, 0.7064999938011169, 0.7075999975204468, 0.7074999809265137, 0.7067999839782715, 0.708299994468689]","[3.943946599960327, 3.347205877304077, 3.161790370941162, 3.1409051418304443, 2.71569561958313, 2.650994062423706, 2.79376220703125, 2.748682737350464, 2.4446918964385986, 2.4893791675567627, 2.258519411087036, 2.391266345977783, 2.259121894836426, 2.388047933578491, 2.1482019424438477, 2.2679615020751953, 2.0935218334198, 2.425373077392578, 2.5204615592956543, 2.318488359451294, 2.5049068927764893, 2.394055128097534, 1.9142922163009644, 1.8891404867172241, 2.100825071334839, 1.8436254262924194, 2.0312540531158447, 2.057304859161377, 1.9683953523635864, 1.8137403726577759, 1.8632053136825562, 1.886908769607544, 1.860534429550171, 1.9315605163574219, 1.9408172369003296, 1.6723296642303467, 1.6910759210586548, 1.6595513820648193, 1.7706793546676636, 1.8022558689117432, 1.9152345657348633, 1.7296937704086304, 1.7041929960250854, 1.664616584777832, 1.615283727645874, 1.7109357118606567, 1.680483341217041, 1.6416510343551636, 1.6263495683670044, 1.663066029548645, 1.6498236656188965, 1.6893826723098755, 1.6795070171356201, 1.6659269332885742, 1.6233071088790894, 1.6857075691223145, 1.6521124839782715, 1.6546640396118164, 1.6561428308486938, 1.672589898109436, 1.6703267097473145, 1.664692997932434, 1.6653105020523071, 1.6807987689971924, 1.678184151649475, 1.6727726459503174, 1.6775628328323364, 1.6688185930252075, 1.6816060543060303, 1.6786448955535889, 1.67197847366333, 1.6745109558105469, 1.6739131212234497, 1.6713972091674805, 1.668209433555603, 1.6721394062042236, 1.6676838397979736, 1.6727226972579956, 1.6752336025238037, 1.6738262176513672, 1.6749457120895386, 1.667665958404541, 1.670962929725647, 1.6784924268722534, 1.675400733947754, 1.6716347932815552, 1.678861141204834, 1.6747606992721558, 1.6737207174301147, 1.6752192974090576, 1.6761902570724487, 1.676894187927246, 1.672601580619812, 1.6769282817840576, 1.6782667636871338, 1.6749610900878906, 1.6728628873825073, 1.673423409461975, 1.6691193580627441, 1.6745009422302246]",0.708299994468689,,1359351020,,5585444,,,,,,0.125,0.25,0.0,85,27,400,400,0.2125,0.0675,False,BEST,0.7,True,True,"[[88  0  0 ...  0  0  0]
 [ 0 83  0 ...  0  0  0]
 [ 0  0 59 ...  0  1  0]
 ...
 [ 0  0  0 ... 70  0  0]
 [ 0  0  2 ...  0 56  1]
 [ 0  0  0 ...  0  0 73]]",0.7091,0.719884683,0.7091,0.709788849,12
BAFRZM[M],,14,20,15,False,False,"[35, 36, 47, 6, 39, 12, 47, 55]",[],"[{'INP': 32}, {'CONV': [64, 3]}, ({'CONV': [128, 3]}, {'CONV': [64, 5]}), ({'CONV': [128, 3]}, {'CONV': [128, 3]}, {'POOLMAX': [-1, 2]}), ({'CONV': [128, 5]}, {'CONV': [256, 5]}), ({'CONV': [32, 3]}, {'CONV': [256, 3]}, {'POOLMAX': [-1, 2]}), ({'CONV': [128, 3]}, {'CONV': [256, 5]}), ({'CONV': [32, 5]}, {'CONV': [128, 3]}, {'POOLMAX': [-1, 2]}), ({'CONV': [128, 5]}, {'CONV': [256, 5]}), ({'CONV': [256, 3]}, {'CONV': [256, 5]}, {'POOLMAX': [-1, 2]}), {'GLOBAL_AVG': None}, {'LAST_DENSE': [100, 'softmax']}]",SPC,MSWAP,GA,70,"[0.13089999556541443, 0.23549999296665192, 0.30550000071525574, 0.3840999901294708, 0.323199987411499, 0.36809998750686646, 0.44119998812675476, 0.3765000104904175, 0.4032000005245209, 0.40459999442100525, 0.44670000672340393, 0.5260999798774719, 0.48660001158714294, 0.5054000020027161, 0.5181999802589417, 0.46779999136924744, 0.5372999906539917, 0.5787000060081482, 0.6208000183105469, 0.5990999937057495, 0.6338000297546387, 0.609499990940094, 0.6333000063896179, 0.5963000059127808, 0.6297000050544739, 0.607200026512146, 0.6338000297546387, 0.63919997215271, 0.6758999824523926, 0.6700999736785889, 0.6603999733924866, 0.6521999835968018, 0.6661999821662903, 0.6656000018119812, 0.6830999851226807, 0.682699978351593, 0.6863999962806702, 0.6735000014305115, 0.6873999834060669, 0.6895999908447266, 0.694100022315979, 0.6912999749183655, 0.6888999938964844, 0.692300021648407, 0.6758000254631042, 0.6823999881744385, 0.6970999836921692, 0.6881999969482422, 0.6880999803543091, 0.6916999816894531, 0.6984000205993652, 0.6935999989509583, 0.6951000094413757, 0.6991000175476074, 0.6934999823570251, 0.6976000070571899, 0.7019000053405762, 0.6991999745368958, 0.6991999745368958, 0.6987000107765198, 0.6990000009536743, 0.7006000280380249, 0.7003999948501587, 0.6992999911308289, 0.6991000175476074, 0.7001000046730042, 0.7006000280380249, 0.6992999911308289, 0.7003999948501587, 0.7017999887466431]","[3.9857842922210693, 3.3942246437072754, 3.0782692432403564, 2.7989275455474854, 3.3509714603424072, 2.935723066329956, 2.638734817504883, 3.14227294921875, 2.947652816772461, 3.031024694442749, 2.6528663635253906, 2.300232410430908, 2.491783380508423, 2.4518465995788574, 2.4182674884796143, 2.7163586616516113, 2.3325552940368652, 2.079090118408203, 1.8444420099258423, 2.006697177886963, 1.8149006366729736, 1.9389489889144897, 1.8095284700393677, 2.0045316219329834, 1.842406988143921, 1.9727345705032349, 1.8280894756317139, 1.813228726387024, 1.677728533744812, 1.6865772008895874, 1.745970368385315, 1.8161439895629883, 1.7371753454208374, 1.740572214126587, 1.6713711023330688, 1.6814017295837402, 1.6905025243759155, 1.7609148025512695, 1.6509679555892944, 1.6736377477645874, 1.6380623579025269, 1.6658693552017212, 1.6741511821746826, 1.657377004623413, 1.7744605541229248, 1.7375901937484741, 1.6772388219833374, 1.7067418098449707, 1.724303126335144, 1.6934105157852173, 1.6730035543441772, 1.702004075050354, 1.708694577217102, 1.6807873249053955, 1.7043156623840332, 1.7067267894744873, 1.691375970840454, 1.6936097145080566, 1.7253497838974, 1.6997183561325073, 1.7115790843963623, 1.712354302406311, 1.7118042707443237, 1.7204830646514893, 1.7228349447250366, 1.7267158031463623, 1.7237603664398193, 1.7228459119796753, 1.7285046577453613, 1.713882565498352, 1.7222744226455688, 1.7203861474990845, 1.724703311920166, 1.7304798364639282, 1.7256563901901245, 1.7289607524871826, 1.7254103422164917, 1.726738691329956, 1.7321743965148926, 1.7272288799285889, 1.7259267568588257, 1.7254611253738403, 1.7380263805389404, 1.731083631515503, 1.7340620756149292, 1.732418179512024, 1.7350046634674072, 1.7301735877990723, 1.7284349203109741, 1.7276699542999268, 1.7230117321014404, 1.7313107252120972, 1.733718991279602, 1.7275060415267944, 1.728864312171936, 1.7264535427093506, 1.7254791259765625, 1.7288285493850708, 1.7232788801193237, 1.7288289070129395]",0.7017999887466431,,1057014124,,7040292,,,,,,0.0,0.375,0.25,42,23,400,400,0.105,0.0575,False,BEST,0.75,True,True,"[[86  0  1 ...  0  0  0]
 [ 0 81  0 ...  0  0  0]
 [ 0  0 61 ...  0  0  0]
 ...
 [ 0  0  0 ... 72  0  0]
 [ 0  1  5 ...  0 45  1]
 [ 0  0  0 ...  0  0 72]]",0.7015,0.714897261,0.7015,0.702840193,5
BENWSF[M],,15,20,13,False,False,"[0, 60, 23, 0, 4, 47, 26, 7]",[],"[{'INP': 32}, {'CONV': [64, 3]}, ({'CONV': [32, 3]}, {'CONV': [32, 3]}), ({'CONV': [256, 5]}, {'CONV': [128, 3]}, {'POOLMAX': [-1, 2]}), ({'CONV': [64, 3]}, {'CONV': [256, 5]}), ({'CONV': [32, 3]}, {'CONV': [32, 3]}, {'POOLMAX': [-1, 2]}), ({'CONV': [32, 3]}, {'CONV': [128, 3]}), ({'CONV': [128, 5]}, {'CONV': [256, 5]}, {'POOLMAX': [-1, 2]}), ({'CONV': [64, 5]}, {'CONV': [64, 3]}), ({'CONV': [32, 3]}, {'CONV': [256, 5]}, {'POOLMAX': [-1, 2]}), {'GLOBAL_AVG': None}, {'LAST_DENSE': [100, 'softmax']}]",SPC,MSWAP,GA,70,"[0.07720000296831131, 0.17190000414848328, 0.2842999994754791, 0.2759000062942505, 0.3707999885082245, 0.3718000054359436, 0.38109999895095825, 0.4214000105857849, 0.48249998688697815, 0.444599986076355, 0.4544999897480011, 0.46779999136924744, 0.36809998750686646, 0.5095000267028809, 0.5098000168800354, 0.5374000072479248, 0.505299985408783, 0.5419999957084656, 0.541700005531311, 0.5049999952316284, 0.521399974822998, 0.608299970626831, 0.6061000227928162, 0.6101999878883362, 0.5884000062942505, 0.6215999722480774, 0.5443000197410583, 0.6254000067710876, 0.5960000157356262, 0.6190000176429749, 0.5782999992370605, 0.6092000007629395, 0.5687000155448914, 0.6491000056266785, 0.6241000294685364, 0.6470999717712402, 0.642300009727478, 0.6449999809265137, 0.6421999931335449, 0.6564000248908997, 0.6586999893188477, 0.6553999781608582, 0.6474000215530396, 0.6603999733924866, 0.660099983215332, 0.6430000066757202, 0.6546000242233276, 0.6485999822616577, 0.6410999894142151, 0.6654999852180481, 0.6747999787330627, 0.6729000210762024, 0.6583999991416931, 0.6797999739646912, 0.6703000068664551, 0.6682000160217285, 0.6736000180244446, 0.6833999752998352, 0.682699978351593, 0.6796000003814697, 0.6747999787330627, 0.6809999942779541, 0.6790000200271606, 0.6826000213623047, 0.6804999709129333, 0.6801999807357788, 0.6841999888420105, 0.6791999936103821, 0.6790000200271606, 0.6816999912261963]","[4.693434715270996, 3.820183277130127, 3.019134044647217, 3.1854374408721924, 2.659071207046509, 2.711294412612915, 2.790747880935669, 2.6629457473754883, 2.2804760932922363, 2.507075309753418, 2.5254008769989014, 2.471404552459717, 3.3706445693969727, 2.2329063415527344, 2.24010968208313, 2.1310157775878906, 2.363614559173584, 2.18992280960083, 2.1933910846710205, 2.3504953384399414, 2.316394090652466, 1.880705714225769, 1.865517020225525, 1.885040044784546, 1.942853569984436, 1.8396599292755127, 2.278454303741455, 1.7805711030960083, 1.9545179605484009, 1.8392677307128906, 2.0788495540618896, 1.8683507442474365, 2.1794753074645996, 1.7401472330093384, 1.8634105920791626, 1.7548625469207764, 1.7700626850128174, 1.7383019924163818, 1.7903345823287964, 1.7009598016738892, 1.704221487045288, 1.6896308660507202, 1.7626031637191772, 1.6771944761276245, 1.7221205234527588, 1.8162212371826172, 1.743228554725647, 1.789034128189087, 1.8507683277130127, 1.744002342224121, 1.6653281450271606, 1.6994335651397705, 1.7737175226211548, 1.6711018085479736, 1.732347011566162, 1.7568488121032715, 1.7166659832000732, 1.6774896383285522, 1.6731984615325928, 1.7061408758163452, 1.7378349304199219, 1.7160874605178833, 1.7334113121032715, 1.7163435220718384, 1.7287492752075195, 1.717645525932312, 1.70607328414917, 1.7410074472427368, 1.7251451015472412, 1.7242673635482788, 1.7289652824401855, 1.7365888357162476, 1.7391095161437988, 1.721659779548645, 1.7362920045852661, 1.7337405681610107, 1.7321693897247314, 1.7283954620361328, 1.7254388332366943, 1.724027156829834, 1.7303072214126587, 1.7268381118774414, 1.7292691469192505, 1.7323769330978394, 1.7261468172073364, 1.7312984466552734, 1.730194330215454, 1.728491187095642, 1.7227935791015625, 1.7290403842926025, 1.7254252433776855, 1.7319732904434204, 1.7262333631515503, 1.7260175943374634, 1.7264152765274048, 1.7276970148086548, 1.7260794639587402, 1.7253775596618652, 1.7234798669815063, 1.7292931079864502]",0.6816999912261963,,801640684,,3194404,,,,,,0.125,0.5,0.25,49,29,400,400,0.1225,0.0725,False,BEST,0.65,True,True,"[[84  0  0 ...  0  0  0]
 [ 0 76  0 ...  0  0  0]
 [ 0  0 61 ...  0  4  0]
 ...
 [ 0  0  0 ... 64  0  0]
 [ 0  0  3 ...  0 53  1]
 [ 0  0  0 ...  0  0 64]]",0.6834,0.697414079,0.6834,0.684249056,147
BGQGGX[M],,16,20,20,True,True,"[14, 55, 1, 38, 39, 38, 55, 62]",[],"[{'INP': 32}, {'CONV': [64, 3]}, ({'CONV': [32, 5]}, {'CONV': [256, 3]}), ({'CONV': [256, 3]}, {'CONV': [256, 5]}, {'POOLMAX': [-1, 2]}), ({'CONV': [32, 3]}, {'CONV': [32, 5]}), ({'CONV': [128, 3]}, {'CONV': [256, 3]}, {'POOLMAX': [-1, 2]}), ({'CONV': [128, 3]}, {'CONV': [256, 5]}), ({'CONV': [128, 3]}, {'CONV': [256, 3]}, {'POOLMAX': [-1, 2]}), ({'CONV': [256, 3]}, {'CONV': [256, 5]}), ({'CONV': [256, 5]}, {'CONV': [256, 3]}, {'POOLMAX': [-1, 2]}), {'GLOBAL_AVG': None}, {'LAST_DENSE': [100, 'softmax']}]",SPC,MSWAP,GA,70,"[0.09529999643564224, 0.20759999752044678, 0.31929999589920044, 0.32910001277923584, 0.40209999680519104, 0.43799999356269836, 0.4440000057220459, 0.45680001378059387, 0.4634000062942505, 0.4740999937057495, 0.4684999883174896, 0.43689998984336853, 0.4982999861240387, 0.5022000074386597, 0.5347999930381775, 0.5460000038146973, 0.5200999975204468, 0.5059999823570251, 0.5543000102043152, 0.5103999972343445, 0.5649999976158142, 0.5910999774932861, 0.5770999789237976, 0.5745000243186951, 0.5458999872207642, 0.569599986076355, 0.5187000036239624, 0.6601999998092651, 0.6227999925613403, 0.6509000062942505, 0.6358000040054321, 0.6413000226020813, 0.6474000215530396, 0.6800000071525574, 0.6908000111579895, 0.6740000247955322, 0.6866999864578247, 0.6855000257492065, 0.6923999786376953, 0.6833999752998352, 0.690500020980835, 0.690500020980835, 0.6974999904632568, 0.6840999722480774, 0.6953999996185303, 0.696399986743927, 0.6991000175476074, 0.7059000134468079, 0.6967999935150146, 0.7044000029563904, 0.6863999962806702, 0.6942999958992004, 0.7027999758720398, 0.7096999883651733, 0.7131999731063843, 0.7008000016212463, 0.7152000069618225, 0.7014999985694885, 0.7088000178337097, 0.7113999724388123, 0.7105000019073486, 0.7120000123977661, 0.7132999897003174, 0.7141000032424927, 0.7141000032424927, 0.7135999798774719, 0.7143999934196472, 0.715399980545044, 0.7153000235557556, 0.7153000235557556]","[4.506493091583252, 3.591045618057251, 2.9924378395080566, 3.073295831680298, 2.70912504196167, 2.604705333709717, 2.6657817363739014, 2.6096198558807373, 3.1664412021636963, 2.859325408935547, 2.5509274005889893, 3.1795735359191895, 2.5155301094055176, 2.5317788124084473, 2.3110005855560303, 2.30503249168396, 2.4575469493865967, 2.5842671394348145, 2.2729697227478027, 2.529118061065674, 2.237428665161133, 2.14505672454834, 2.2314229011535645, 2.2127432823181152, 2.4701132774353027, 2.3361165523529053, 2.769970655441284, 1.8527125120162964, 2.042067289352417, 1.9215084314346313, 1.9623959064483643, 1.9150406122207642, 1.9125773906707764, 1.7379153966903687, 1.7247488498687744, 1.7792295217514038, 1.7449314594268799, 1.7334810495376587, 1.6987206935882568, 1.7623569965362549, 1.7126259803771973, 1.7167845964431763, 1.7143230438232422, 1.7223081588745117, 1.7196919918060303, 1.7027316093444824, 1.73477303981781, 1.6919951438903809, 1.7740622758865356, 1.719502568244934, 1.804709553718567, 1.7656950950622559, 1.7299697399139404, 1.7476439476013184, 1.7214365005493164, 1.776447057723999, 1.716308832168579, 1.7841097116470337, 1.7475494146347046, 1.758915662765503, 1.7404592037200928, 1.753255844116211, 1.771640419960022, 1.7591495513916016, 1.7441831827163696, 1.7615728378295898, 1.744619369506836, 1.7550278902053833, 1.7529603242874146, 1.7541409730911255, 1.7604732513427734, 1.762236475944519, 1.7604386806488037, 1.7608205080032349, 1.7534644603729248, 1.7595958709716797, 1.7623775005340576, 1.7652391195297241, 1.7669779062271118, 1.7676705121994019, 1.7721381187438965, 1.7666165828704834, 1.763769507408142, 1.7658673524856567, 1.7651994228363037, 1.7585324048995972, 1.7590833902359009, 1.7693424224853516, 1.7683053016662598, 1.7684662342071533, 1.761142611503601, 1.7590652704238892, 1.7615045309066772, 1.7634036540985107, 1.760832667350769, 1.7606755495071411, 1.7662605047225952, 1.756498098373413, 1.770371437072754, 1.7636553049087524]",0.7153000235557556,,2806211052,,9352228,,,,,"[14, 55, 1, 38, 39, 38, 55, 62]",0.25,0.375,0.0,72,49,400,400,0.18,0.1225,False,BEST,1.0,True,True,"[[87  0  0 ...  0  0  0]
 [ 0 80  0 ...  0  0  0]
 [ 0  0 58 ...  0  3  0]
 ...
 [ 0  0  0 ... 75  1  0]
 [ 0  0  3 ...  0 51  0]
 [ 0  0  0 ...  0  0 70]]",0.7167,0.728885587,0.7167,0.717978839,23
BTXGCD[M],,17,20,19,False,False,"[14, 52, 39, 39, 39, 18, 54, 7]",[],"[{'INP': 32}, {'CONV': [64, 3]}, ({'CONV': [32, 5]}, {'CONV': [256, 3]}), ({'CONV': [256, 3]}, {'CONV': [128, 3]}, {'POOLMAX': [-1, 2]}), ({'CONV': [128, 3]}, {'CONV': [256, 5]}), ({'CONV': [128, 3]}, {'CONV': [256, 5]}, {'POOLMAX': [-1, 2]}), ({'CONV': [128, 3]}, {'CONV': [256, 5]}), ({'CONV': [64, 3]}, {'CONV': [64, 3]}, {'POOLMAX': [-1, 2]}), ({'CONV': [256, 3]}, {'CONV': [256, 3]}), ({'CONV': [32, 3]}, {'CONV': [256, 5]}, {'POOLMAX': [-1, 2]}), {'GLOBAL_AVG': None}, {'LAST_DENSE': [100, 'softmax']}]",SPC,MSWAP,GA,70,"[0.09610000252723694, 0.24969999492168427, 0.2784999907016754, 0.3522000014781952, 0.3662000000476837, 0.4239000082015991, 0.4146000146865845, 0.4490000009536743, 0.3926999866962433, 0.4131999909877777, 0.48159998655319214, 0.3898000121116638, 0.4456999897956848, 0.4932999908924103, 0.5407000184059143, 0.5192999839782715, 0.5328999757766724, 0.5501000285148621, 0.503600001335144, 0.5504999756813049, 0.4943000078201294, 0.5637999773025513, 0.5389999747276306, 0.5827999711036682, 0.5697000026702881, 0.5267999768257141, 0.5284000039100647, 0.5437999963760376, 0.5357999801635742, 0.6384000182151794, 0.6456000208854675, 0.6416000127792358, 0.6047000288963318, 0.6549000144004822, 0.6359000205993652, 0.6392999887466431, 0.6000000238418579, 0.6473000049591064, 0.6360999941825867, 0.6714000105857849, 0.6669999957084656, 0.6614999771118164, 0.659600019454956, 0.6759999990463257, 0.6722000241279602, 0.6715999841690063, 0.667900025844574, 0.6697999835014343, 0.6721000075340271, 0.7008000016212463, 0.6905999779701233, 0.6830999851226807, 0.6855999827384949, 0.6919999718666077, 0.6958000063896179, 0.7017999887466431, 0.6985999941825867, 0.7024999856948853, 0.7024000287055969, 0.699999988079071, 0.7053999900817871, 0.70169997215271, 0.703000009059906, 0.7052000164985657, 0.7019000053405762, 0.7035999894142151, 0.7063000202178955, 0.7071999907493591, 0.7084000110626221, 0.707099974155426]","[4.348543643951416, 3.3422343730926514, 3.290858507156372, 2.8715739250183105, 2.853895425796509, 2.6801750659942627, 2.6863536834716797, 2.5582985877990723, 2.9615354537963867, 2.857285261154175, 2.492373466491699, 3.3826558589935303, 2.739276170730591, 2.502403974533081, 2.257553815841675, 2.394904613494873, 2.3095860481262207, 2.2099716663360596, 2.496352434158325, 2.2830772399902344, 2.635371685028076, 2.185753107070923, 2.401988983154297, 2.139652967453003, 2.2317330837249756, 2.4998972415924072, 2.4916751384735107, 2.5078184604644775, 2.4660146236419678, 1.9410523176193237, 1.8497246503829956, 1.862673044204712, 2.053773880004883, 1.7908191680908203, 1.9209575653076172, 1.9064699411392212, 2.0464398860931396, 1.8160964250564575, 1.9217900037765503, 1.7686115503311157, 1.7988066673278809, 1.8151322603225708, 1.8376691341400146, 1.7521284818649292, 1.7601103782653809, 1.814497470855713, 1.8260440826416016, 1.8145794868469238, 1.775107979774475, 1.676748275756836, 1.72965669631958, 1.7575414180755615, 1.739591360092163, 1.7517132759094238, 1.730922818183899, 1.6903828382492065, 1.7168822288513184, 1.708027958869934, 1.7258028984069824, 1.704450011253357, 1.6981452703475952, 1.73006272315979, 1.7341927289962769, 1.7274001836776733, 1.7423679828643799, 1.7254900932312012, 1.7215937376022339, 1.7181570529937744, 1.7077713012695312, 1.7139925956726074, 1.728907585144043, 1.7199275493621826, 1.7341960668563843, 1.7266689538955688, 1.7165216207504272, 1.7238564491271973, 1.7221336364746094, 1.7217146158218384, 1.729295253753662, 1.7292921543121338, 1.7249306440353394, 1.7261630296707153, 1.730176329612732, 1.723622441291809, 1.730600357055664, 1.7334765195846558, 1.7294931411743164, 1.7264254093170166, 1.7278447151184082, 1.728133201599121, 1.7249363660812378, 1.7259591817855835, 1.7269099950790405, 1.730087161064148, 1.7245662212371826, 1.7298712730407715, 1.7307955026626587, 1.7290966510772705, 1.729244589805603, 1.7311745882034302]",0.707099974155426,,1754693356,,5761572,,,,,,0.375,0.25,0.0,50,32,400,400,0.125,0.08,False,BEST,0.95,True,True,"[[85  0  0 ...  0  0  0]
 [ 0 79  0 ...  0  0  0]
 [ 0  0 58 ...  0  2  0]
 ...
 [ 0  0  0 ... 71  0  1]
 [ 1  0  2 ...  0 51  2]
 [ 0  0  1 ...  0  0 74]]",0.7053,0.714927494,0.7053,0.705515422,21
BNRRMO[M],,18,20,16,False,False,"[14, 14, 30, 29, 30, 6, 14, 6]",[],"[{'INP': 32}, {'CONV': [64, 3]}, ({'CONV': [32, 5]}, {'CONV': [256, 3]}), ({'CONV': [32, 5]}, {'CONV': [256, 3]}, {'POOLMAX': [-1, 2]}), ({'CONV': [64, 5]}, {'CONV': [256, 3]}), ({'CONV': [64, 5]}, {'CONV': [128, 5]}, {'POOLMAX': [-1, 2]}), ({'CONV': [64, 5]}, {'CONV': [256, 3]}), ({'CONV': [32, 3]}, {'CONV': [256, 3]}, {'POOLMAX': [-1, 2]}), ({'CONV': [32, 5]}, {'CONV': [256, 3]}), ({'CONV': [32, 3]}, {'CONV': [256, 3]}, {'POOLMAX': [-1, 2]}), {'GLOBAL_AVG': None}, {'LAST_DENSE': [100, 'softmax']}]",SPC,MSWAP,GA,70,"[0.13500000536441803, 0.18709999322891235, 0.3151000142097473, 0.2759000062942505, 0.388700008392334, 0.39809998869895935, 0.4133000075817108, 0.4115999937057495, 0.4253000020980835, 0.43130001425743103, 0.49410000443458557, 0.5006999969482422, 0.4797999858856201, 0.5090000033378601, 0.4921000003814697, 0.508400022983551, 0.36890000104904175, 0.5087000131607056, 0.5400999784469604, 0.5443999767303467, 0.5544999837875366, 0.52920001745224, 0.5622000098228455, 0.5230000019073486, 0.5788999795913696, 0.5631999969482422, 0.46149998903274536, 0.5954999923706055, 0.5982000231742859, 0.6172000169754028, 0.48890000581741333, 0.5273000001907349, 0.5701000094413757, 0.5791000127792358, 0.5794000029563904, 0.6481999754905701, 0.652999997138977, 0.6237999796867371, 0.6256999969482422, 0.6499999761581421, 0.6317999958992004, 0.6704000234603882, 0.6640999913215637, 0.6474000215530396, 0.6690000295639038, 0.6442000269889832, 0.6482999920845032, 0.6972000002861023, 0.6833000183105469, 0.6819999814033508, 0.695900022983551, 0.6845999956130981, 0.6937000155448914, 0.6888999938964844, 0.6685000061988831, 0.6876000165939331, 0.7056000232696533, 0.7014999985694885, 0.6988999843597412, 0.7074999809265137, 0.6934000253677368, 0.7013999819755554, 0.7095999717712402, 0.7028999924659729, 0.701200008392334, 0.7067999839782715, 0.7063999772071838, 0.7164000272750854, 0.7135000228881836, 0.7134000062942505]","[3.883549928665161, 3.534248113632202, 2.9871702194213867, 5.298171043395996, 2.6857287883758545, 2.65368914604187, 2.6696081161499023, 2.7942798137664795, 2.6713039875030518, 2.8787591457366943, 2.3484320640563965, 2.3832130432128906, 2.3950655460357666, 2.3243510723114014, 2.465766191482544, 2.37630558013916, 3.8230786323547363, 2.426008701324463, 2.257737398147583, 2.2415201663970947, 2.2565863132476807, 2.304178237915039, 2.186105966567993, 2.398310422897339, 2.1252763271331787, 2.210313320159912, 2.799508571624756, 2.055248737335205, 2.0585176944732666, 1.9527093172073364, 2.835805654525757, 2.616771936416626, 2.262272357940674, 2.2326409816741943, 2.2344377040863037, 1.8627173900604248, 1.8324203491210938, 1.9756156206130981, 1.9642550945281982, 1.8591482639312744, 1.9511675834655762, 1.732849359512329, 1.7713950872421265, 1.8824594020843506, 1.7437423467636108, 1.8663305044174194, 1.8785803318023682, 1.6642451286315918, 1.7355690002441406, 1.719258427619934, 1.6638914346694946, 1.7364336252212524, 1.6720404624938965, 1.6774039268493652, 1.8334033489227295, 1.7049752473831177, 1.6245378255844116, 1.6481924057006836, 1.664996862411499, 1.636247992515564, 1.7080705165863037, 1.6700540781021118, 1.6293879747390747, 1.6634447574615479, 1.6691970825195312, 1.676539421081543, 1.675999402999878, 1.6422574520111084, 1.6416062116622925, 1.6424052715301514, 1.642516851425171, 1.6452404260635376, 1.6449944972991943, 1.639250636100769, 1.6529966592788696, 1.6349235773086548, 1.6438798904418945, 1.648137092590332, 1.65494704246521, 1.648815393447876, 1.6500576734542847, 1.6452478170394897, 1.6450871229171753, 1.6469941139221191, 1.645599365234375, 1.6490552425384521, 1.6574431657791138, 1.6501390933990479, 1.654440999031067, 1.6505404710769653, 1.653866171836853, 1.649888038635254, 1.6459896564483643, 1.651883840560913, 1.6436446905136108, 1.6573262214660645, 1.647336483001709, 1.651461124420166, 1.652275562286377, 1.645143985748291]",0.7134000062942505,,875943468,,2954660,,,,,,0.25,0.25,0.0,54,42,400,400,0.135,0.105,False,BEST,0.8,True,True,"[[86  0  0 ...  0  0  0]
 [ 0 80  0 ...  0  0  0]
 [ 0  0 64 ...  0  3  0]
 ...
 [ 0  0  0 ... 71  0  0]
 [ 0  0  6 ...  0 46  0]
 [ 0  0  0 ...  0  0 71]]",0.7154,0.72421467,0.7154,0.715793425,13
BGDLVA[M],,19,20,19,True,True,"[41, 44, 23, 38, 5, 38, 15, 22]",[],"[{'INP': 32}, {'CONV': [64, 3]}, ({'CONV': [128, 5]}, {'CONV': [32, 5]}), ({'CONV': [128, 5]}, {'CONV': [128, 3]}, {'POOLMAX': [-1, 2]}), ({'CONV': [64, 3]}, {'CONV': [256, 5]}), ({'CONV': [128, 3]}, {'CONV': [256, 3]}, {'POOLMAX': [-1, 2]}), ({'CONV': [32, 3]}, {'CONV': [128, 5]}), ({'CONV': [128, 3]}, {'CONV': [256, 3]}, {'POOLMAX': [-1, 2]}), ({'CONV': [32, 5]}, {'CONV': [256, 5]}), ({'CONV': [64, 3]}, {'CONV': [256, 3]}, {'POOLMAX': [-1, 2]}), {'GLOBAL_AVG': None}, {'LAST_DENSE': [100, 'softmax']}]",SPC,MSWAP,GA,70,"[0.08089999854564667, 0.18279999494552612, 0.25940001010894775, 0.30079999566078186, 0.3630000054836273, 0.3801000118255615, 0.4595000147819519, 0.4603999853134155, 0.4672999978065491, 0.4514999985694885, 0.4862000048160553, 0.45089998841285706, 0.5274999737739563, 0.37070000171661377, 0.5310999751091003, 0.5231999754905701, 0.5343999862670898, 0.5694000124931335, 0.5286999940872192, 0.5250999927520752, 0.5184000134468079, 0.5278000235557556, 0.5414000153541565, 0.5871000289916992, 0.5842000246047974, 0.6151999831199646, 0.6190999746322632, 0.6373999714851379, 0.5960000157356262, 0.6164000034332275, 0.609000027179718, 0.6401000022888184, 0.619700014591217, 0.6604999899864197, 0.6489999890327454, 0.6614000201225281, 0.6509000062942505, 0.6624000072479248, 0.649399995803833, 0.6894999742507935, 0.6823999881744385, 0.677299976348877, 0.694100022315979, 0.677299976348877, 0.6862999796867371, 0.6753000020980835, 0.6866999864578247, 0.6805999875068665, 0.6938999891281128, 0.6938999891281128, 0.692300021648407, 0.6913999915122986, 0.6851999759674072, 0.6984999775886536, 0.6983000040054321, 0.6948000192642212, 0.6970999836921692, 0.6956999897956848, 0.6992999911308289, 0.6984999775886536, 0.7020000219345093, 0.6991999745368958, 0.7037000060081482, 0.7013000249862671, 0.7034000158309937, 0.7026000022888184, 0.7020999789237976, 0.6998999714851379, 0.7020000219345093, 0.7020000219345093]","[4.283408164978027, 3.8315327167510986, 3.290642261505127, 3.1791529655456543, 2.8879141807556152, 2.779531240463257, 2.432332992553711, 2.4277725219726562, 2.408555746078491, 2.5162529945373535, 2.4112308025360107, 2.62268328666687, 2.1998050212860107, 3.1033434867858887, 2.2059881687164307, 2.2737677097320557, 2.2915682792663574, 2.107834577560425, 2.3215508460998535, 2.304450273513794, 2.4499495029449463, 2.376893997192383, 2.2708215713500977, 2.091099500656128, 2.111499309539795, 1.9176900386810303, 1.9130094051361084, 1.814959168434143, 2.012132167816162, 1.9607408046722412, 1.9465664625167847, 1.8279203176498413, 1.9539008140563965, 1.7456445693969727, 1.8773298263549805, 1.7482863664627075, 1.7891136407852173, 1.753541350364685, 1.8203908205032349, 1.6260367631912231, 1.6453135013580322, 1.7180463075637817, 1.5940673351287842, 1.7050215005874634, 1.6601730585098267, 1.7179679870605469, 1.6860036849975586, 1.7213358879089355, 1.660190224647522, 1.6435800790786743, 1.640046238899231, 1.6661040782928467, 1.7022796869277954, 1.6499074697494507, 1.6365575790405273, 1.6636414527893066, 1.6399409770965576, 1.6585183143615723, 1.634223461151123, 1.649657964706421, 1.6438816785812378, 1.6551381349563599, 1.6346200704574585, 1.6364564895629883, 1.645211100578308, 1.6484111547470093, 1.6497349739074707, 1.6664525270462036, 1.6530816555023193, 1.6518101692199707, 1.6476681232452393, 1.658501386642456, 1.6570717096328735, 1.6521170139312744, 1.6563773155212402, 1.6510826349258423, 1.6543301343917847, 1.6551176309585571, 1.6545954942703247, 1.6507041454315186, 1.6543023586273193, 1.6491756439208984, 1.6546884775161743, 1.6505212783813477, 1.6472980976104736, 1.6533353328704834, 1.6501381397247314, 1.6507253646850586, 1.6516979932785034, 1.6493310928344727, 1.6549888849258423, 1.6490983963012695, 1.6502747535705566, 1.6505534648895264, 1.6521916389465332, 1.6468474864959717, 1.6444664001464844, 1.6527353525161743, 1.6522361040115356, 1.6544076204299927]",0.7020000219345093,,938849260,,3297316,,,,,"[38, 44, 23, 41, 5, 38, 15, 22]",0.0,0.0,0.25,28,26,400,400,0.07,0.065,False,BEST,0.95,True,True,"[[83  0  0 ...  0  0  0]
 [ 0 81  0 ...  0  0  0]
 [ 0  0 61 ...  0  1  0]
 ...
 [ 0  0  0 ... 75  0  0]
 [ 0  0  3 ...  0 47  0]
 [ 0  0  0 ...  0  0 72]]",0.702,0.711681968,0.702,0.702113421,84
BOYPYV[M],,20,20,20,True,True,"[14, 29, 22, 29, 3, 6, 47, 6]",[],"[{'INP': 32}, {'CONV': [64, 3]}, ({'CONV': [32, 5]}, {'CONV': [256, 3]}), ({'CONV': [64, 5]}, {'CONV': [128, 5]}, {'POOLMAX': [-1, 2]}), ({'CONV': [64, 3]}, {'CONV': [256, 3]}), ({'CONV': [64, 5]}, {'CONV': [128, 5]}, {'POOLMAX': [-1, 2]}), ({'CONV': [32, 3]}, {'CONV': [64, 5]}), ({'CONV': [32, 3]}, {'CONV': [256, 3]}, {'POOLMAX': [-1, 2]}), ({'CONV': [128, 5]}, {'CONV': [256, 5]}), ({'CONV': [32, 3]}, {'CONV': [256, 3]}, {'POOLMAX': [-1, 2]}), {'GLOBAL_AVG': None}, {'LAST_DENSE': [100, 'softmax']}]",SPC,MSWAP,GA,70,"[0.094200000166893, 0.2012999951839447, 0.2978000044822693, 0.33009999990463257, 0.3156000077724457, 0.39989998936653137, 0.4350999891757965, 0.4602000117301941, 0.4465999901294708, 0.4422999918460846, 0.4404999911785126, 0.4307999908924103, 0.484499990940094, 0.5758000016212463, 0.580299973487854, 0.5777000188827515, 0.5478000044822693, 0.5936999917030334, 0.5806000232696533, 0.5982999801635742, 0.6008999943733215, 0.5881999731063843, 0.5611000061035156, 0.6093000173568726, 0.628000020980835, 0.6287000179290771, 0.6172999739646912, 0.607200026512146, 0.576200008392334, 0.6019999980926514, 0.6541000008583069, 0.6718000173568726, 0.635699987411499, 0.6403999924659729, 0.6507999897003174, 0.6740999817848206, 0.6621999740600586, 0.6459000110626221, 0.6729999780654907, 0.6626999974250793, 0.6531999707221985, 0.6741999983787537, 0.6793000102043152, 0.6722999811172485, 0.6859999895095825, 0.6607000231742859, 0.6837999820709229, 0.685699999332428, 0.6894999742507935, 0.6808000206947327, 0.6830000281333923, 0.6886000037193298, 0.6919000148773193, 0.6962000131607056, 0.6898000240325928, 0.692300021648407, 0.6905999779701233, 0.6919000148773193, 0.6923999786376953, 0.6941999793052673, 0.6948000192642212, 0.692799985408783, 0.6916999816894531, 0.6934000253677368, 0.6948000192642212, 0.696399986743927, 0.6962000131607056, 0.6952000260353088, 0.6953999996185303, 0.6963000297546387]","[4.132938861846924, 3.5669543743133545, 3.0407774448394775, 2.9284236431121826, 3.012974500656128, 2.6424760818481445, 2.569223165512085, 2.4136698246002197, 2.495333671569824, 2.654425859451294, 2.664060115814209, 2.7175862789154053, 2.485124349594116, 1.9866101741790771, 1.9494999647140503, 1.9376085996627808, 2.0821430683135986, 1.91426682472229, 1.9743547439575195, 1.8766310214996338, 1.9273406267166138, 1.983275055885315, 2.1350643634796143, 1.9161484241485596, 1.804088830947876, 1.8069279193878174, 1.8997619152069092, 1.9443025588989258, 2.184048652648926, 2.029458999633789, 1.7426429986953735, 1.6669529676437378, 1.8500310182571411, 1.8254914283752441, 1.805158019065857, 1.656893014907837, 1.7588471174240112, 1.7736191749572754, 1.683315396308899, 1.7161023616790771, 1.7857285737991333, 1.7040866613388062, 1.731399655342102, 1.756219744682312, 1.6768320798873901, 1.855104684829712, 1.710289478302002, 1.7237389087677002, 1.7200665473937988, 1.769276738166809, 1.7553046941757202, 1.7168644666671753, 1.7162575721740723, 1.7030363082885742, 1.7449336051940918, 1.7135077714920044, 1.7217519283294678, 1.7121857404708862, 1.725401520729065, 1.716228723526001, 1.7194232940673828, 1.7279049158096313, 1.726158618927002, 1.7303646802902222, 1.7210452556610107, 1.7201589345932007, 1.7184712886810303, 1.7250131368637085, 1.7221018075942993, 1.7205575704574585, 1.7248525619506836, 1.7245386838912964, 1.7215049266815186, 1.7296133041381836, 1.7259600162506104, 1.726266622543335, 1.7239177227020264, 1.7234272956848145, 1.7254066467285156, 1.7221630811691284, 1.7241605520248413, 1.7279767990112305, 1.7276859283447266, 1.7254644632339478, 1.7249829769134521, 1.7270841598510742, 1.7273716926574707, 1.723148226737976, 1.7281193733215332, 1.7281922101974487, 1.729032278060913, 1.7261757850646973, 1.726852536201477, 1.7288668155670166, 1.7309542894363403, 1.7348062992095947, 1.7282512187957764, 1.728576421737671, 1.7294098138809204, 1.7256697416305542]",0.6963000297546387,,1087638380,,3853604,,,,,"[14, 47, 22, 29, 3, 6, 29, 6]",0.0,0.125,0.25,57,48,400,400,0.1425,0.12,False,BEST,1.0,True,True,"[[89  0  0 ...  0  0  0]
 [ 0 86  0 ...  0  0  0]
 [ 0  0 60 ...  0  3  0]
 ...
 [ 0  0  0 ... 64  0  0]
 [ 0  0  7 ...  0 47  0]
 [ 0  0  0 ...  0  0 71]]",0.6966,0.708067701,0.6966,0.697497719,20
BHFEAG[M],,21,20,15,False,False,"[38, 55, 4, 15, 30, 6, 62, 55]",[],"[{'INP': 32}, {'CONV': [64, 3]}, ({'CONV': [128, 3]}, {'CONV': [256, 3]}), ({'CONV': [256, 3]}, {'CONV': [256, 5]}, {'POOLMAX': [-1, 2]}), ({'CONV': [32, 3]}, {'CONV': [128, 3]}), ({'CONV': [32, 5]}, {'CONV': [256, 5]}, {'POOLMAX': [-1, 2]}), ({'CONV': [64, 5]}, {'CONV': [256, 3]}), ({'CONV': [32, 3]}, {'CONV': [256, 3]}, {'POOLMAX': [-1, 2]}), ({'CONV': [256, 5]}, {'CONV': [256, 3]}), ({'CONV': [256, 3]}, {'CONV': [256, 5]}, {'POOLMAX': [-1, 2]}), {'GLOBAL_AVG': None}, {'LAST_DENSE': [100, 'softmax']}]",SPC,MSWAP,GA,70,"[0.1316000074148178, 0.23579999804496765, 0.28189998865127563, 0.3163999915122986, 0.357699990272522, 0.4099999964237213, 0.4092000126838684, 0.4212000072002411, 0.43479999899864197, 0.48500001430511475, 0.5091000199317932, 0.47189998626708984, 0.47760000824928284, 0.5038999915122986, 0.4733999967575073, 0.4140999913215637, 0.6083999872207642, 0.6013000011444092, 0.6277999877929688, 0.6028000116348267, 0.5976999998092651, 0.6245999932289124, 0.5835000276565552, 0.6424000263214111, 0.6470999717712402, 0.6367999911308289, 0.6466000080108643, 0.6093999743461609, 0.6110000014305115, 0.6363000273704529, 0.6413999795913696, 0.6445000171661377, 0.6840999722480774, 0.6815000176429749, 0.6536999940872192, 0.6678000092506409, 0.667900025844574, 0.6711000204086304, 0.697700023651123, 0.6969000101089478, 0.7109000086784363, 0.701200008392334, 0.6970000267028809, 0.6966000199317932, 0.695900022983551, 0.7038000226020813, 0.7084000110626221, 0.7106000185012817, 0.7127000093460083, 0.715399980545044, 0.7139999866485596, 0.7163000106811523, 0.7215999960899353, 0.7190999984741211, 0.7157999873161316, 0.7164999842643738, 0.7164000272750854, 0.7184000015258789, 0.720300018787384, 0.7168999910354614, 0.7206000089645386, 0.7197999954223633, 0.7195000052452087, 0.7202000021934509, 0.7203999757766724, 0.7175999879837036, 0.7213000059127808, 0.7208999991416931, 0.7197999954223633, 0.7170000076293945]","[4.057215690612793, 3.4318628311157227, 3.264955997467041, 3.09382963180542, 2.9198179244995117, 2.7397336959838867, 2.754056453704834, 2.768676519393921, 2.659003973007202, 2.465277671813965, 2.3471546173095703, 2.638988971710205, 2.5152816772460938, 2.415663242340088, 2.724816083908081, 3.22275972366333, 1.9400500059127808, 1.985957384109497, 1.823132038116455, 1.9241793155670166, 1.9829498529434204, 1.8651683330535889, 2.0332834720611572, 1.7949949502944946, 1.763540267944336, 1.8192778825759888, 1.7760624885559082, 1.9847360849380493, 2.0500290393829346, 1.845426321029663, 1.8543882369995117, 1.8511699438095093, 1.6505529880523682, 1.7135379314422607, 1.8453408479690552, 1.7294576168060303, 1.7330126762390137, 1.78360116481781, 1.6098264455795288, 1.6415890455245972, 1.5673617124557495, 1.6221239566802979, 1.62321937084198, 1.63920259475708, 1.6729815006256104, 1.6372573375701904, 1.6228537559509277, 1.6142323017120361, 1.6304402351379395, 1.6031115055084229, 1.597903847694397, 1.5929232835769653, 1.5948143005371094, 1.60004460811615, 1.6152124404907227, 1.6112819910049438, 1.6132441759109497, 1.616119623184204, 1.6077078580856323, 1.618123173713684, 1.6039758920669556, 1.6123391389846802, 1.6056190729141235, 1.6150424480438232, 1.6118303537368774, 1.6200143098831177, 1.6128191947937012, 1.6164801120758057, 1.6120004653930664, 1.628235101699829]",0.7170000076293945,,3001334444,,8632484,,,,,,0.25,0.25,0.0,53,28,400,400,0.1325,0.07,False,BEST,0.75,True,True,"[[90  0  0 ...  0  0  0]
 [ 0 78  0 ...  0  0  0]
 [ 0  0 61 ...  0  4  0]
 ...
 [ 0  0  0 ... 78  1  0]
 [ 0  0  4 ...  0 49  0]
 [ 0  0  0 ...  0  0 73]]",0.7171,0.72772462,0.7171,0.717717023,19
BGVELN[M],,22,20,18,True,True,"[39, 46, 39, 39, 46, 61, 39, 55]",[],"[{'INP': 32}, {'CONV': [64, 3]}, ({'CONV': [128, 3]}, {'CONV': [256, 5]}), ({'CONV': [128, 5]}, {'CONV': [256, 3]}, {'POOLMAX': [-1, 2]}), ({'CONV': [128, 3]}, {'CONV': [256, 5]}), ({'CONV': [128, 3]}, {'CONV': [256, 5]}, {'POOLMAX': [-1, 2]}), ({'CONV': [128, 5]}, {'CONV': [256, 3]}), ({'CONV': [256, 5]}, {'CONV': [128, 5]}, {'POOLMAX': [-1, 2]}), ({'CONV': [128, 3]}, {'CONV': [256, 5]}), ({'CONV': [256, 3]}, {'CONV': [256, 5]}, {'POOLMAX': [-1, 2]}), {'GLOBAL_AVG': None}, {'LAST_DENSE': [100, 'softmax']}]",SPC,MSWAP,GA,70,"[0.10689999908208847, 0.25589999556541443, 0.2768999934196472, 0.383899986743927, 0.3125, 0.4027000069618225, 0.4059000015258789, 0.459199994802475, 0.44690001010894775, 0.4796000123023987, 0.4345000088214874, 0.517799973487854, 0.4941999912261963, 0.4844000041484833, 0.49410000443458557, 0.5529999732971191, 0.5690000057220459, 0.5266000032424927, 0.5145999789237976, 0.5332000255584717, 0.5162000060081482, 0.5139999985694885, 0.6187999844551086, 0.597000002861023, 0.613099992275238, 0.6491000056266785, 0.6355000138282776, 0.6172000169754028, 0.6395000219345093, 0.5910000205039978, 0.6104999780654907, 0.6772000193595886, 0.6568999886512756, 0.6769999861717224, 0.6644999980926514, 0.6764000058174133, 0.645799994468689, 0.6675999760627747, 0.6815999746322632, 0.6777999997138977, 0.673799991607666, 0.6848999857902527, 0.6751000285148621, 0.6543999910354614, 0.6553000211715698, 0.6686999797821045, 0.6628999710083008, 0.694599986076355, 0.6783000230789185, 0.6931999921798706, 0.7024000287055969, 0.6891000270843506, 0.6858999729156494, 0.6983000040054321, 0.6963000297546387, 0.6947000026702881, 0.701200008392334, 0.708299994468689, 0.703000009059906, 0.7024999856948853, 0.705299973487854, 0.7117999792098999, 0.7089999914169312, 0.7093999981880188, 0.7145000100135803, 0.7095000147819519, 0.7093999981880188, 0.7146000266075134, 0.7111999988555908, 0.7146000266075134]","[4.26679801940918, 3.324739933013916, 3.1890711784362793, 2.7632458209991455, 3.335642099380493, 2.783785104751587, 2.781989336013794, 2.509814739227295, 2.611670732498169, 2.4431352615356445, 2.722008466720581, 2.3934412002563477, 2.457418203353882, 2.4997360706329346, 2.5366086959838867, 2.2195076942443848, 2.147446632385254, 2.3426198959350586, 2.473006010055542, 2.390220880508423, 2.4183666706085205, 2.5041847229003906, 1.93045175075531, 2.0389151573181152, 1.9510506391525269, 1.7326035499572754, 1.8185787200927734, 1.94260835647583, 1.8687777519226074, 2.0840654373168945, 2.003636121749878, 1.6581363677978516, 1.7613734006881714, 1.6524168252944946, 1.7456914186477661, 1.6687568426132202, 1.8689255714416504, 1.7512495517730713, 1.6467903852462769, 1.6930480003356934, 1.7037941217422485, 1.6399873495101929, 1.7320494651794434, 1.828543782234192, 1.8142783641815186, 1.7755554914474487, 1.7824394702911377, 1.6461716890335083, 1.7576478719711304, 1.6613093614578247, 1.6102073192596436, 1.6692060232162476, 1.708757758140564, 1.639174222946167, 1.676864504814148, 1.6734986305236816, 1.645734429359436, 1.6113003492355347, 1.6607534885406494, 1.6544548273086548, 1.6331671476364136, 1.6196922063827515, 1.6379354000091553, 1.6374088525772095, 1.6199229955673218, 1.648297667503357, 1.6542757749557495, 1.6254477500915527, 1.6496325731277466, 1.6563011407852173]",0.7146000266075134,,3038257132,,11459620,,,,,"[39, 46, 39, 39, 46, 61, 39, 55]",0.125,0.25,0.0,65,47,400,400,0.1625,0.1175,False,BEST,0.9,True,True,"[[85  0  0 ...  0  0  0]
 [ 0 78  0 ...  0  0  0]
 [ 0  0 64 ...  0  5  0]
 ...
 [ 0  0  0 ... 69  0  0]
 [ 0  0  5 ...  0 61  1]
 [ 0  0  1 ...  0  0 73]]",0.7146,0.726877243,0.7146,0.715640823,71
BWKMNL[M],,23,20,16,False,False,"[14, 28, 15, 23, 46, 47, 47, 22]",[],"[{'INP': 32}, {'CONV': [64, 3]}, ({'CONV': [32, 5]}, {'CONV': [256, 3]}), ({'CONV': [64, 5]}, {'CONV': [128, 3]}, {'POOLMAX': [-1, 2]}), ({'CONV': [32, 5]}, {'CONV': [256, 5]}), ({'CONV': [64, 3]}, {'CONV': [256, 5]}, {'POOLMAX': [-1, 2]}), ({'CONV': [128, 5]}, {'CONV': [256, 3]}), ({'CONV': [128, 5]}, {'CONV': [256, 5]}, {'POOLMAX': [-1, 2]}), ({'CONV': [128, 5]}, {'CONV': [256, 5]}), ({'CONV': [64, 3]}, {'CONV': [256, 3]}, {'POOLMAX': [-1, 2]}), {'GLOBAL_AVG': None}, {'LAST_DENSE': [100, 'softmax']}]",SPC,MSWAP,GA,70,"[0.10949999839067459, 0.24609999358654022, 0.3073999881744385, 0.36079999804496765, 0.3828999996185303, 0.3562000095844269, 0.39809998869895935, 0.48410001397132874, 0.46560001373291016, 0.46070000529289246, 0.492900013923645, 0.5141000151634216, 0.5184999704360962, 0.5453000068664551, 0.5153999924659729, 0.5454999804496765, 0.5006999969482422, 0.551800012588501, 0.48410001397132874, 0.5367000102996826, 0.5555999875068665, 0.5861999988555908, 0.5636000037193298, 0.542900025844574, 0.572700023651123, 0.552299976348877, 0.5702000260353088, 0.6470999717712402, 0.6523000001907349, 0.6383000016212463, 0.6657999753952026, 0.6621999740600586, 0.6215000152587891, 0.5929999947547913, 0.6586999893188477, 0.6496999859809875, 0.6801999807357788, 0.6748999953269958, 0.6848999857902527, 0.6876999735832214, 0.6815000176429749, 0.7055000066757202, 0.6869000196456909, 0.6919000148773193, 0.6784999966621399, 0.6917999982833862, 0.6937000155448914, 0.6995999813079834, 0.7146000266075134, 0.7132999897003174, 0.7110999822616577, 0.7091000080108643, 0.7146000266075134, 0.7077000141143799, 0.7159000039100647, 0.7142999768257141, 0.7181000113487244, 0.7135999798774719, 0.7123000025749207, 0.7200000286102295, 0.7214999794960022, 0.7196000218391418, 0.7199000120162964, 0.7181000113487244, 0.7195000052452087, 0.7204999923706055, 0.722000002861023, 0.7211999893188477, 0.724399983882904, 0.7235999703407288]","[4.248497486114502, 3.387753963470459, 3.0175418853759766, 3.000115394592285, 2.7381393909454346, 3.3063604831695557, 2.9054057598114014, 2.381596565246582, 2.639289379119873, 2.6481473445892334, 2.4146127700805664, 2.321937084197998, 2.33215069770813, 2.242915153503418, 2.431814193725586, 2.279794216156006, 2.511723518371582, 2.2406091690063477, 2.8153390884399414, 2.3283848762512207, 2.283025026321411, 2.16693115234375, 2.250730037689209, 2.3709447383880615, 2.2502923011779785, 2.4235665798187256, 2.2194643020629883, 1.8896857500076294, 1.8154429197311401, 1.9087904691696167, 1.7801978588104248, 1.787550449371338, 2.0614497661590576, 2.3079278469085693, 1.7979798316955566, 1.8817261457443237, 1.7427284717559814, 1.763746738433838, 1.737470269203186, 1.6991074085235596, 1.7774407863616943, 1.6321742534637451, 1.7220348119735718, 1.7086830139160156, 1.7793855667114258, 1.712062120437622, 1.6709859371185303, 1.7326298952102661, 1.6270155906677246, 1.6274898052215576, 1.6547187566757202, 1.6583794355392456, 1.6534901857376099, 1.6678054332733154, 1.6375964879989624, 1.6499849557876587, 1.6560490131378174, 1.6628628969192505, 1.6888470649719238, 1.6671463251113892, 1.6610339879989624, 1.6523853540420532, 1.662509560585022, 1.6764280796051025, 1.6720720529556274, 1.6740847826004028, 1.6728729009628296, 1.6794559955596924, 1.6706175804138184, 1.6730457544326782]",0.7235999703407288,,1143278828,,6613540,,,,,,0.125,0.375,0.0,76,32,400,400,0.19,0.08,False,BEST,0.8,True,True,"[[90  0  0 ...  0  0  0]
 [ 0 89  0 ...  0  0  0]
 [ 0  0 57 ...  0  2  0]
 ...
 [ 0  0  0 ... 79  0  0]
 [ 0  0  3 ...  0 51  1]
 [ 0  0  1 ...  0  0 73]]",0.7236,0.735134868,0.7236,0.725136661,16
BXCCHF[M],,24,20,20,True,True,"[2, 31, 39, 29, 31, 7, 39, 55]",[],"[{'INP': 32}, {'CONV': [64, 3]}, ({'CONV': [32, 3]}, {'CONV': [64, 3]}), ({'CONV': [64, 5]}, {'CONV': [256, 5]}, {'POOLMAX': [-1, 2]}), ({'CONV': [128, 3]}, {'CONV': [256, 5]}), ({'CONV': [64, 5]}, {'CONV': [128, 5]}, {'POOLMAX': [-1, 2]}), ({'CONV': [64, 5]}, {'CONV': [256, 5]}), ({'CONV': [32, 3]}, {'CONV': [256, 5]}, {'POOLMAX': [-1, 2]}), ({'CONV': [128, 3]}, {'CONV': [256, 5]}), ({'CONV': [256, 3]}, {'CONV': [256, 5]}, {'POOLMAX': [-1, 2]}), {'GLOBAL_AVG': None}, {'LAST_DENSE': [100, 'softmax']}]",SPC,MSWAP,GA,70,"[0.1152999997138977, 0.21719999611377716, 0.3125, 0.27959999442100525, 0.4059000015258789, 0.37959998846054077, 0.46790000796318054, 0.4327999949455261, 0.35440000891685486, 0.39149999618530273, 0.5073999762535095, 0.5188000202178955, 0.5012000203132629, 0.5078999996185303, 0.44350001215934753, 0.4797999858856201, 0.5145999789237976, 0.5898000001907349, 0.6176999807357788, 0.6341000199317932, 0.6119999885559082, 0.6191999912261963, 0.621399998664856, 0.6039000153541565, 0.6263999938964844, 0.6773999929428101, 0.6741999983787537, 0.6922000050544739, 0.6710000038146973, 0.6740999817848206, 0.6861000061035156, 0.6751000285148621, 0.6794999837875366, 0.6935999989509583, 0.6973000168800354, 0.6891000270843506, 0.6818000078201294, 0.6870999932289124, 0.6904000043869019, 0.6854000091552734, 0.7057999968528748, 0.6974999904632568, 0.699400007724762, 0.7052000164985657, 0.7016000151634216, 0.7055000066757202, 0.7095999717712402, 0.7107999920845032, 0.7117000222206116, 0.7092999815940857, 0.7123000025749207, 0.7127000093460083, 0.7071999907493591, 0.7113000154495239, 0.7128999829292297, 0.7120000123977661, 0.7106000185012817, 0.7128000259399414, 0.713100016117096, 0.7127000093460083, 0.7143999934196472, 0.7124000191688538, 0.7127000093460083, 0.7113000154495239, 0.7127000093460083, 0.7120000123977661, 0.713100016117096, 0.7129999995231628, 0.7139000296592712, 0.7132999897003174]","[4.8120646476745605, 3.5576348304748535, 3.065680980682373, 3.3673484325408936, 2.670199394226074, 2.807298421859741, 2.4541056156158447, 2.681440830230713, 8.577341079711914, 3.773913621902466, 2.3876428604125977, 2.3251376152038574, 2.39243745803833, 2.4221534729003906, 2.927001714706421, 2.6599788665771484, 2.4125430583953857, 2.0331568717956543, 1.9064390659332275, 1.8314154148101807, 1.984973430633545, 1.8893386125564575, 1.9171591997146606, 1.9985547065734863, 1.904507040977478, 1.6509398221969604, 1.6754395961761475, 1.5931553840637207, 1.6982645988464355, 1.671723484992981, 1.6255862712860107, 1.698998212814331, 1.6662970781326294, 1.6068450212478638, 1.5806442499160767, 1.6558916568756104, 1.6706078052520752, 1.6463145017623901, 1.6291874647140503, 1.6758975982666016, 1.5931596755981445, 1.6689531803131104, 1.6442699432373047, 1.602272629737854, 1.6406338214874268, 1.6133663654327393, 1.6045008897781372, 1.6047356128692627, 1.6050246953964233, 1.62759530544281, 1.6154727935791016, 1.6086997985839844, 1.6387712955474854, 1.634581208229065, 1.6352260112762451, 1.6299313306808472, 1.6334418058395386, 1.625770926475525, 1.6202510595321655, 1.6268718242645264, 1.632585883140564, 1.6328603029251099, 1.6339975595474243, 1.644161581993103, 1.638734221458435, 1.6442922353744507, 1.6413079500198364, 1.638548493385315, 1.6351587772369385, 1.6354148387908936]",0.7132999897003174,,1175245548,,6905380,,,,,"[2, 31, 39, 29, 31, 7, 39, 55]",0.125,0.25,0.0,71,23,400,400,0.1775,0.0575,False,BEST,1.0,True,True,"[[89  0  0 ...  0  0  0]
 [ 0 83  0 ...  0  0  0]
 [ 0  0 51 ...  0  1  0]
 ...
 [ 0  0  0 ... 63  0  0]
 [ 0  0  1 ...  0 55  1]
 [ 0  0  1 ...  0  0 71]]",0.7133,0.723629612,0.7133,0.713839803,10
BHQFDF[M],,25,20,19,False,False,"[14, 51, 47, 55, 55, 6, 47, 45]",[],"[{'INP': 32}, {'CONV': [64, 3]}, ({'CONV': [32, 5]}, {'CONV': [256, 3]}), ({'CONV': [256, 3]}, {'CONV': [64, 5]}, {'POOLMAX': [-1, 2]}), ({'CONV': [128, 5]}, {'CONV': [256, 5]}), ({'CONV': [256, 3]}, {'CONV': [256, 5]}, {'POOLMAX': [-1, 2]}), ({'CONV': [256, 3]}, {'CONV': [256, 5]}), ({'CONV': [32, 3]}, {'CONV': [256, 3]}, {'POOLMAX': [-1, 2]}), ({'CONV': [128, 5]}, {'CONV': [256, 5]}), ({'CONV': [128, 5]}, {'CONV': [128, 5]}, {'POOLMAX': [-1, 2]}), {'GLOBAL_AVG': None}, {'LAST_DENSE': [100, 'softmax']}]",SPC,MSWAP,GA,70,"[0.11420000344514847, 0.149399995803833, 0.274399995803833, 0.29980000853538513, 0.37279999256134033, 0.3767000138759613, 0.3625999987125397, 0.4120999872684479, 0.44029998779296875, 0.46630001068115234, 0.4555000066757202, 0.45329999923706055, 0.5044000148773193, 0.489300012588501, 0.5303999781608582, 0.4894999861717224, 0.5313000082969666, 0.5206000208854675, 0.4717000126838684, 0.4880000054836273, 0.6067000031471252, 0.5455999970436096, 0.6011999845504761, 0.5874999761581421, 0.6129999756813049, 0.604200005531311, 0.5631999969482422, 0.6262999773025513, 0.6047000288963318, 0.6341000199317932, 0.6177999973297119, 0.6330000162124634, 0.6273000240325928, 0.6389999985694885, 0.6359000205993652, 0.6647999882698059, 0.6711000204086304, 0.667900025844574, 0.6696000099182129, 0.6668000221252441, 0.6521999835968018, 0.6766999959945679, 0.6877999901771545, 0.6830000281333923, 0.6669999957084656, 0.6804999709129333, 0.6827999949455261, 0.654699981212616, 0.6973999738693237, 0.7060999870300293, 0.6992999911308289, 0.6930999755859375, 0.6861000061035156, 0.7103000283241272, 0.6980999708175659, 0.7003999948501587, 0.7056000232696533, 0.704800009727478, 0.7096999883651733, 0.7105000019073486, 0.7095999717712402, 0.7084000110626221, 0.7110999822616577, 0.7095000147819519, 0.713100016117096, 0.7131999731063843, 0.7109000086784363, 0.708899974822998, 0.710099995136261, 0.711899995803833]","[4.174886703491211, 4.015807151794434, 3.2083377838134766, 3.2307703495025635, 2.8510875701904297, 2.9342520236968994, 3.074754238128662, 2.8317811489105225, 2.668980598449707, 2.511772394180298, 2.6634531021118164, 2.7161436080932617, 2.4105019569396973, 2.5410282611846924, 2.3032588958740234, 2.5494983196258545, 2.3279175758361816, 2.403287887573242, 2.783076286315918, 2.6468541622161865, 2.0521347522735596, 2.5009782314300537, 2.0236093997955322, 2.156425952911377, 1.9879835844039917, 2.0826995372772217, 2.4061965942382812, 1.9214197397232056, 2.0444273948669434, 1.8909400701522827, 1.9798251390457153, 1.9538023471832275, 1.9785271883010864, 1.89615797996521, 1.9072054624557495, 1.8025062084197998, 1.7724438905715942, 1.8085896968841553, 1.8125563859939575, 1.862480878829956, 1.962478756904602, 1.7522664070129395, 1.7042447328567505, 1.7606592178344727, 1.8608334064483643, 1.7858308553695679, 1.769519329071045, 1.925479531288147, 1.7242305278778076, 1.720526933670044, 1.7610567808151245, 1.7552515268325806, 1.8559346199035645, 1.7009984254837036, 1.7898977994918823, 1.7921332120895386, 1.7516757249832153, 1.768889307975769, 1.7420933246612549, 1.7460017204284668, 1.742293357849121, 1.7241464853286743, 1.7466906309127808, 1.7624140977859497, 1.747390627861023, 1.734207034111023, 1.757562518119812, 1.7628109455108643, 1.7581251859664917, 1.756601333618164]",0.711899995803833,,2252745324,,9997092,,,,,,0.25,0.125,0.0,69,31,400,400,0.1725,0.0775,False,BEST,0.95,True,True,"[[91  0  0 ...  0  0  0]
 [ 0 84  0 ...  0  0  0]
 [ 0  0 65 ...  0  0  0]
 ...
 [ 0  0  0 ... 75  0  0]
 [ 0  1  1 ...  0 54  1]
 [ 0  0  0 ...  0  0 74]]",0.712,0.724526099,0.712,0.713527199,50
BKEXXH[M],,26,20,20,True,True,"[14, 36, 4, 15, 30, 6, 22, 54]",[],"[{'INP': 32}, {'CONV': [64, 3]}, ({'CONV': [32, 5]}, {'CONV': [256, 3]}), ({'CONV': [128, 3]}, {'CONV': [128, 3]}, {'POOLMAX': [-1, 2]}), ({'CONV': [32, 3]}, {'CONV': [128, 3]}), ({'CONV': [32, 5]}, {'CONV': [256, 5]}, {'POOLMAX': [-1, 2]}), ({'CONV': [64, 5]}, {'CONV': [256, 3]}), ({'CONV': [32, 3]}, {'CONV': [256, 3]}, {'POOLMAX': [-1, 2]}), ({'CONV': [64, 3]}, {'CONV': [256, 3]}), ({'CONV': [256, 3]}, {'CONV': [256, 3]}, {'POOLMAX': [-1, 2]}), {'GLOBAL_AVG': None}, {'LAST_DENSE': [100, 'softmax']}]",SPC,MSWAP,GA,70,"[0.12870000302791595, 0.18369999527931213, 0.2784000039100647, 0.3700000047683716, 0.4083000123500824, 0.421999990940094, 0.4207000136375427, 0.3955000042915344, 0.48539999127388, 0.4065999984741211, 0.48010000586509705, 0.4715000092983246, 0.5580999851226807, 0.5307999849319458, 0.5371000170707703, 0.5414000153541565, 0.5590000152587891, 0.5435000061988831, 0.6291000247001648, 0.6069999933242798, 0.6274999976158142, 0.5896000266075134, 0.5989000201225281, 0.6159999966621399, 0.614799976348877, 0.6266999840736389, 0.661300003528595, 0.6517000198364258, 0.6712999939918518, 0.6682000160217285, 0.6723999977111816, 0.6736000180244446, 0.6668999791145325, 0.6723999977111816, 0.6725000143051147, 0.6915000081062317, 0.6873999834060669, 0.6802999973297119, 0.6877999901771545, 0.6956999897956848, 0.6801999807357788, 0.6919000148773193, 0.6970999836921692, 0.7008000016212463, 0.6985999941825867, 0.7093999981880188, 0.70169997215271, 0.6983000040054321, 0.7014999985694885, 0.7002000212669373, 0.7017999887466431, 0.699999988079071, 0.7088000178337097, 0.7052000164985657, 0.7027999758720398, 0.7031999826431274, 0.7078999876976013, 0.7049999833106995, 0.7063000202178955, 0.7084000110626221, 0.7085000276565552, 0.710099995136261, 0.7084000110626221, 0.7071999907493591, 0.7085999846458435, 0.705299973487854, 0.7055000066757202, 0.7052000164985657, 0.707099974155426, 0.705299973487854]","[4.268063068389893, 4.30037260055542, 3.1528079509735107, 2.741766929626465, 2.545675277709961, 2.576765298843384, 2.619255542755127, 3.390864849090576, 2.3531413078308105, 2.888627052307129, 2.5027196407318115, 2.955455780029297, 2.1357929706573486, 2.2498395442962646, 2.2299952507019043, 2.1773152351379395, 2.1549923419952393, 2.2485649585723877, 1.843706488609314, 1.899027943611145, 1.8163682222366333, 1.9823373556137085, 2.0031192302703857, 1.8888851404190063, 1.9326649904251099, 1.8897337913513184, 1.6972253322601318, 1.7612441778182983, 1.6861207485198975, 1.6518548727035522, 1.6544584035873413, 1.679857611656189, 1.7114347219467163, 1.6995292901992798, 1.685788631439209, 1.617126703262329, 1.6218582391738892, 1.6785463094711304, 1.6384913921356201, 1.617917776107788, 1.732717752456665, 1.6183687448501587, 1.6142139434814453, 1.597547173500061, 1.5938485860824585, 1.5799881219863892, 1.6118923425674438, 1.6642601490020752, 1.5999443531036377, 1.6506539583206177, 1.6237977743148804, 1.6403919458389282, 1.6102930307388306, 1.639817237854004, 1.648556113243103, 1.6426013708114624, 1.627703070640564, 1.651012897491455, 1.651653528213501, 1.642245888710022, 1.6432896852493286, 1.6420326232910156, 1.647155523300171, 1.6524101495742798, 1.651613712310791, 1.6550648212432861, 1.6568125486373901, 1.66059410572052, 1.645776391029358, 1.659589409828186]",0.705299973487854,,826541804,,3532324,,,,,"[14, 36, 4, 15, 30, 6, 54, 22]",0.25,0.5,0.25,47,41,400,400,0.1175,0.1025,False,BEST,1.0,True,True,"[[86  0  0 ...  0  1  0]
 [ 0 86  0 ...  0  0  0]
 [ 0  0 62 ...  0  1  0]
 ...
 [ 0  0  0 ... 69  0  0]
 [ 0  0  3 ...  0 50  0]
 [ 0  1  1 ...  0  0 75]]",0.7053,0.719925345,0.7053,0.707183945,3
BVHCKL[M],,27,20,15,False,False,"[28, 36, 4, 38, 5, 38, 28, 55]",[],"[{'INP': 32}, {'CONV': [64, 3]}, ({'CONV': [64, 5]}, {'CONV': [128, 3]}), ({'CONV': [128, 3]}, {'CONV': [128, 3]}, {'POOLMAX': [-1, 2]}), ({'CONV': [32, 3]}, {'CONV': [128, 3]}), ({'CONV': [128, 3]}, {'CONV': [256, 3]}, {'POOLMAX': [-1, 2]}), ({'CONV': [32, 3]}, {'CONV': [128, 5]}), ({'CONV': [128, 3]}, {'CONV': [256, 3]}, {'POOLMAX': [-1, 2]}), ({'CONV': [64, 5]}, {'CONV': [128, 3]}), ({'CONV': [256, 3]}, {'CONV': [256, 5]}, {'POOLMAX': [-1, 2]}), {'GLOBAL_AVG': None}, {'LAST_DENSE': [100, 'softmax']}]",SPC,MSWAP,GA,70,"[0.07880000025033951, 0.20640000700950623, 0.2198999971151352, 0.3215000033378601, 0.43630000948905945, 0.46320000290870667, 0.4081999957561493, 0.4690999984741211, 0.46880000829696655, 0.4456000030040741, 0.5012999773025513, 0.5184999704360962, 0.5257999897003174, 0.4778999984264374, 0.5284000039100647, 0.5170000195503235, 0.475600004196167, 0.5658000111579895, 0.5435000061988831, 0.5769000053405762, 0.5676000118255615, 0.5601000189781189, 0.5888000130653381, 0.5346999764442444, 0.6061999797821045, 0.41830000281333923, 0.578000009059906, 0.5476999878883362, 0.507099986076355, 0.5662999749183655, 0.6507999897003174, 0.6570000052452087, 0.6316999793052673, 0.6574000120162964, 0.6370999813079834, 0.63919997215271, 0.6330999732017517, 0.6488999724388123, 0.6534000039100647, 0.680400013923645, 0.6814000010490417, 0.6855000257492065, 0.6898000240325928, 0.6902999877929688, 0.6958000063896179, 0.6827999949455261, 0.6904000043869019, 0.6773999929428101, 0.6847000122070312, 0.6973999738693237, 0.6858000159263611, 0.6779999732971191, 0.6834999918937683, 0.6747000217437744, 0.675599992275238, 0.7056999802589417, 0.6942999958992004, 0.6966000199317932, 0.6995000243186951, 0.7016000151634216, 0.6984999775886536, 0.7111999988555908, 0.7129999995231628, 0.7055000066757202, 0.7128000259399414, 0.7142999768257141, 0.7182000279426575, 0.7146999835968018, 0.7141000032424927, 0.7188000082969666]","[4.905356407165527, 3.5311434268951416, 3.5952792167663574, 3.0095739364624023, 2.4600982666015625, 2.41015887260437, 2.7293167114257812, 2.437800168991089, 2.445852518081665, 2.6809725761413574, 2.3425376415252686, 2.279313087463379, 2.240565538406372, 2.714719533920288, 2.2734227180480957, 2.383213996887207, 2.6753475666046143, 2.1567916870117188, 2.2960309982299805, 2.119529962539673, 2.1976983547210693, 2.243088960647583, 2.0722153186798096, 2.3815112113952637, 2.0148508548736572, 3.31406831741333, 2.1766178607940674, 2.425165891647339, 2.6378352642059326, 2.275320291519165, 1.8499664068222046, 1.7926621437072754, 1.9824421405792236, 1.7870882749557495, 1.9508384466171265, 1.8899527788162231, 1.9399720430374146, 1.8529713153839111, 1.837642788887024, 1.738639235496521, 1.7358068227767944, 1.7047947645187378, 1.695258617401123, 1.6848114728927612, 1.6766538619995117, 1.717381477355957, 1.6938318014144897, 1.7839394807815552, 1.748091459274292, 1.6492053270339966, 1.7139830589294434, 1.7805331945419312, 1.7372162342071533, 1.775636076927185, 1.8343193531036377, 1.6376566886901855, 1.759688138961792, 1.7467141151428223, 1.7120877504348755, 1.7161097526550293, 1.7168976068496704, 1.696112871170044, 1.674070119857788, 1.7385262250900269, 1.7059522867202759, 1.6996115446090698, 1.6765599250793457, 1.715980887413025, 1.706633448600769, 1.6767386198043823]",0.7188000082969666,,741000556,,4269348,,,,,,0.125,0.5,0.0,64,33,400,400,0.16,0.0825,False,BEST,0.75,True,True,"[[82  0  0 ...  0  0  0]
 [ 0 77  0 ...  0  0  0]
 [ 0  0 63 ...  0  3  0]
 ...
 [ 0  0  0 ... 75  1  0]
 [ 0  0  4 ...  0 56  0]
 [ 0  0  0 ...  0  0 77]]",0.7188,0.728757011,0.7188,0.720063903,18
BERVNR[M],,28,20,18,False,False,"[40, 46, 20, 38, 46, 38, 12, 55]",[],"[{'INP': 32}, {'CONV': [64, 3]}, ({'CONV': [128, 5]}, {'CONV': [32, 3]}), ({'CONV': [128, 5]}, {'CONV': [256, 3]}, {'POOLMAX': [-1, 2]}), ({'CONV': [64, 3]}, {'CONV': [128, 3]}), ({'CONV': [128, 3]}, {'CONV': [256, 3]}, {'POOLMAX': [-1, 2]}), ({'CONV': [128, 5]}, {'CONV': [256, 3]}), ({'CONV': [128, 3]}, {'CONV': [256, 3]}, {'POOLMAX': [-1, 2]}), ({'CONV': [32, 5]}, {'CONV': [128, 3]}), ({'CONV': [256, 3]}, {'CONV': [256, 5]}, {'POOLMAX': [-1, 2]}), {'GLOBAL_AVG': None}, {'LAST_DENSE': [100, 'softmax']}]",SPC,MSWAP,GA,70,"[0.11460000276565552, 0.227400004863739, 0.2994999885559082, 0.3361999988555908, 0.36059999465942383, 0.43639999628067017, 0.43560001254081726, 0.43689998984336853, 0.45579999685287476, 0.4661000072956085, 0.4699999988079071, 0.47540000081062317, 0.4699000120162964, 0.4909999966621399, 0.5170000195503235, 0.5249000191688538, 0.5098999738693237, 0.5482000112533569, 0.5645999908447266, 0.5281999707221985, 0.5504000186920166, 0.51910001039505, 0.5627999901771545, 0.5045999884605408, 0.6205999851226807, 0.5809999704360962, 0.656499981880188, 0.63919997215271, 0.6122000217437744, 0.6334999799728394, 0.6071000099182129, 0.6302000284194946, 0.6733999848365784, 0.6819999814033508, 0.6794999837875366, 0.675599992275238, 0.6919999718666077, 0.6740999817848206, 0.6876000165939331, 0.690500020980835, 0.6736000180244446, 0.6717000007629395, 0.673799991607666, 0.677299976348877, 0.6930999755859375, 0.7027999758720398, 0.6951000094413757, 0.6931999921798706, 0.692300021648407, 0.6973999738693237, 0.6898999810218811, 0.7088000178337097, 0.708899974822998, 0.6972000002861023, 0.7085999846458435, 0.7134000062942505, 0.7106999754905701, 0.7149999737739563, 0.707099974155426, 0.7103000283241272, 0.7106999754905701, 0.7141000032424927, 0.7117000222206116, 0.7132999897003174, 0.7139000296592712, 0.7080000042915344, 0.7142000198364258, 0.7145000100135803, 0.7153000235557556, 0.7156000137329102]","[4.189042568206787, 3.425384044647217, 3.1190907955169678, 3.098083019256592, 3.043426036834717, 2.609271764755249, 2.6257307529449463, 2.6243858337402344, 2.6125123500823975, 2.650693655014038, 2.6013736724853516, 2.6659669876098633, 2.5983848571777344, 2.513819456100464, 2.385922431945801, 2.3483834266662598, 2.4700424671173096, 2.257171392440796, 2.2115321159362793, 2.43599271774292, 2.271512269973755, 2.5300064086914062, 2.2728936672210693, 2.602034330368042, 1.9759730100631714, 2.1939001083374023, 1.7815241813659668, 1.8625714778900146, 2.052715539932251, 1.9499924182891846, 2.055161237716675, 1.928830862045288, 1.7301701307296753, 1.6941416263580322, 1.6925495862960815, 1.6782945394515991, 1.624867558479309, 1.7145109176635742, 1.6601171493530273, 1.6199411153793335, 1.716951608657837, 1.7353777885437012, 1.6887657642364502, 1.7109261751174927, 1.627614974975586, 1.61831796169281, 1.6487375497817993, 1.6713265180587769, 1.6593693494796753, 1.6552953720092773, 1.6699767112731934, 1.6236910820007324, 1.6263762712478638, 1.661625623703003, 1.6282885074615479, 1.6097033023834229, 1.6501039266586304, 1.6172513961791992, 1.6477779150009155, 1.6674920320510864, 1.6703104972839355, 1.6395080089569092, 1.6435222625732422, 1.6307076215744019, 1.6420632600784302, 1.6652947664260864, 1.644745945930481, 1.6540472507476807, 1.6336616277694702, 1.6374644041061401]",0.7156000137329102,,1010598572,,5498020,,,,,,0.25,0.5,0.0,66,49,400,400,0.165,0.1225,False,BEST,0.9,True,True,"[[87  0  0 ...  0  0  0]
 [ 0 80  0 ...  0  0  0]
 [ 0  0 62 ...  0  3  0]
 ...
 [ 0  0  0 ... 76  0  0]
 [ 0  0  1 ...  0 54  0]
 [ 0  0  0 ...  0  0 74]]",0.7156,0.72907038,0.7156,0.717173101,47
BNUPMZ[M],,29,20,15,False,False,"[25, 28, 1, 29, 51, 63, 28, 55]",[],"[{'INP': 32}, {'CONV': [64, 3]}, ({'CONV': [64, 5]}, {'CONV': [32, 5]}), ({'CONV': [64, 5]}, {'CONV': [128, 3]}, {'POOLMAX': [-1, 2]}), ({'CONV': [32, 3]}, {'CONV': [32, 5]}), ({'CONV': [64, 5]}, {'CONV': [128, 5]}, {'POOLMAX': [-1, 2]}), ({'CONV': [256, 3]}, {'CONV': [64, 5]}), ({'CONV': [256, 5]}, {'CONV': [256, 5]}, {'POOLMAX': [-1, 2]}), ({'CONV': [64, 5]}, {'CONV': [128, 3]}), ({'CONV': [256, 3]}, {'CONV': [256, 5]}, {'POOLMAX': [-1, 2]}), {'GLOBAL_AVG': None}, {'LAST_DENSE': [100, 'softmax']}]",SPC,MSWAP,GA,70,"[0.09610000252723694, 0.1784999966621399, 0.24369999766349792, 0.33160001039505005, 0.36340001225471497, 0.28200000524520874, 0.44269999861717224, 0.4359000027179718, 0.4546999931335449, 0.40779998898506165, 0.4041999876499176, 0.4377000033855438, 0.5519000291824341, 0.5529999732971191, 0.5885999798774719, 0.5184000134468079, 0.5662999749183655, 0.5699999928474426, 0.5834000110626221, 0.5737000107765198, 0.6226999759674072, 0.6302000284194946, 0.6103000044822693, 0.6347000002861023, 0.6328999996185303, 0.6342999935150146, 0.6309999823570251, 0.6380000114440918, 0.636900007724762, 0.6539000272750854, 0.636900007724762, 0.659500002861023, 0.6668999791145325, 0.6581000089645386, 0.6550999879837036, 0.6557999849319458, 0.6654000282287598, 0.6608999967575073, 0.6779000163078308, 0.6773999929428101, 0.6704999804496765, 0.670799970626831, 0.6809999942779541, 0.6662999987602234, 0.6693999767303467, 0.6653000116348267, 0.6754999756813049, 0.6668999791145325, 0.6758000254631042, 0.6819999814033508, 0.6758999824523926, 0.6815999746322632, 0.679099977016449, 0.6798999905586243, 0.6765999794006348, 0.6822999715805054, 0.6819000244140625, 0.6826000213623047, 0.6805999875068665, 0.6802999973297119, 0.6794000267982483, 0.6797999739646912, 0.6797000169754028, 0.6807000041007996, 0.680899977684021, 0.6812999844551086, 0.6804999709129333, 0.6812999844551086, 0.6815999746322632, 0.6805999875068665]","[4.156421661376953, 3.579097270965576, 3.4654459953308105, 2.9602890014648438, 2.854945182800293, 3.499927043914795, 2.4710519313812256, 2.88982892036438, 2.531667470932007, 2.8072011470794678, 2.7905080318450928, 2.665616750717163, 2.0505106449127197, 2.0659027099609375, 1.8820427656173706, 2.288973331451416, 2.015133857727051, 1.9870855808258057, 1.8979541063308716, 1.9922388792037964, 1.7527406215667725, 1.709997296333313, 1.8113211393356323, 1.6833738088607788, 1.6889296770095825, 1.7091082334518433, 1.7552471160888672, 1.703397512435913, 1.720901370048523, 1.6144137382507324, 1.7276027202606201, 1.6356252431869507, 1.5844132900238037, 1.6460639238357544, 1.6423370838165283, 1.646518588066101, 1.6177219152450562, 1.6412488222122192, 1.5853052139282227, 1.5844908952713013, 1.600574016571045, 1.6022167205810547, 1.5497218370437622, 1.6368178129196167, 1.6402949094772339, 1.6650906801223755, 1.6123417615890503, 1.6573865413665771, 1.6074000597000122, 1.5785082578659058, 1.5924537181854248, 1.5835055112838745, 1.5987529754638672, 1.603947639465332, 1.6139065027236938, 1.6008970737457275, 1.6084109544754028, 1.6144022941589355, 1.6218178272247314, 1.6233505010604858, 1.6217509508132935, 1.6219866275787354, 1.6129971742630005, 1.6089355945587158, 1.6090598106384277, 1.6098425388336182, 1.6131030321121216, 1.6177351474761963, 1.6129623651504517, 1.6210330724716187]",0.6805999875068665,,596633772,,5910692,,,,,,0.125,0.375,0.0,51,30,400,400,0.1275,0.075,False,BEST,0.75,True,True,"[[81  0  0 ...  0  0  0]
 [ 0 79  0 ...  0  0  0]
 [ 0  0 59 ...  0  2  0]
 ...
 [ 0  0  0 ... 69  0  0]
 [ 0  0  1 ...  0 42  0]
 [ 0  0  1 ...  0  0 66]]",0.6806,0.694756085,0.6806,0.681219231,110
BJIADF[M],,30,20,18,False,False,"[23, 36, 23, 20, 31, 6, 54, 55]",[],"[{'INP': 32}, {'CONV': [64, 3]}, ({'CONV': [64, 3]}, {'CONV': [256, 5]}), ({'CONV': [128, 3]}, {'CONV': [128, 3]}, {'POOLMAX': [-1, 2]}), ({'CONV': [64, 3]}, {'CONV': [256, 5]}), ({'CONV': [64, 3]}, {'CONV': [128, 3]}, {'POOLMAX': [-1, 2]}), ({'CONV': [64, 5]}, {'CONV': [256, 5]}), ({'CONV': [32, 3]}, {'CONV': [256, 3]}, {'POOLMAX': [-1, 2]}), ({'CONV': [256, 3]}, {'CONV': [256, 3]}), ({'CONV': [256, 3]}, {'CONV': [256, 5]}, {'POOLMAX': [-1, 2]}), {'GLOBAL_AVG': None}, {'LAST_DENSE': [100, 'softmax']}]",SPC,MSWAP,GA,70,"[0.09700000286102295, 0.19529999792575836, 0.2551000118255615, 0.311599999666214, 0.38830000162124634, 0.3756999969482422, 0.4293999969959259, 0.45579999685287476, 0.43130001425743103, 0.46880000829696655, 0.45089998841285706, 0.48089998960494995, 0.41670000553131104, 0.5406000018119812, 0.5357999801635742, 0.47029998898506165, 0.4805999994277954, 0.5167999863624573, 0.552299976348877, 0.5867000222206116, 0.5354999899864197, 0.5055000185966492, 0.5465999841690063, 0.5216000080108643, 0.5781000256538391, 0.6194000244140625, 0.6403999924659729, 0.6348999738693237, 0.6345000267028809, 0.6575999855995178, 0.6498000025749207, 0.647599995136261, 0.631600022315979, 0.6419000029563904, 0.6504999995231628, 0.6777999997138977, 0.6791999936103821, 0.6922000050544739, 0.6923999786376953, 0.6919000148773193, 0.6855999827384949, 0.6729000210762024, 0.6786999702453613, 0.7005000114440918, 0.6988999843597412, 0.7024999856948853, 0.6920999884605408, 0.6919999718666077, 0.6940000057220459, 0.7113000154495239, 0.7081999778747559, 0.7092000246047974, 0.7179999947547913, 0.7077000141143799, 0.7159000039100647, 0.7179999947547913, 0.7152000069618225, 0.7185999751091003, 0.7142000198364258, 0.7196000218391418, 0.7196000218391418, 0.7178000211715698, 0.7164000272750854, 0.7178999781608582, 0.718999981880188, 0.7189000248908997, 0.7196000218391418, 0.7189000248908997, 0.7197999954223633, 0.7210000157356262]","[4.403535842895508, 3.734112501144409, 3.3626766204833984, 3.2276155948638916, 2.8001742362976074, 2.8915696144104004, 2.648686170578003, 2.5540544986724854, 2.6992056369781494, 2.610687017440796, 2.629084825515747, 2.505734920501709, 3.007786512374878, 2.244567394256592, 2.2861852645874023, 2.6003644466400146, 2.631528615951538, 2.487063407897949, 2.225168466567993, 2.1251749992370605, 2.367095947265625, 2.522529125213623, 2.3196661472320557, 2.496525287628174, 2.156118392944336, 2.0253188610076904, 1.8928378820419312, 1.9182144403457642, 1.9446133375167847, 1.7869288921356201, 1.8064937591552734, 1.8036625385284424, 1.9809907674789429, 1.8824762105941772, 1.8267030715942383, 1.7321361303329468, 1.7252793312072754, 1.6674935817718506, 1.6774170398712158, 1.6964735984802246, 1.691030502319336, 1.7433757781982422, 1.7366191148757935, 1.6367757320404053, 1.6845890283584595, 1.6746248006820679, 1.7194799184799194, 1.7551395893096924, 1.7473719120025635, 1.6679879426956177, 1.674575924873352, 1.6978120803833008, 1.6508228778839111, 1.7182775735855103, 1.672950029373169, 1.6760083436965942, 1.6763794422149658, 1.669832468032837, 1.6911894083023071, 1.6712692975997925, 1.6688318252563477, 1.6906648874282837, 1.698018193244934, 1.6867051124572754, 1.6889728307724, 1.6909884214401245, 1.6965742111206055, 1.6937384605407715, 1.6921583414077759, 1.6855318546295166]",0.7210000157356262,,1275474348,,6152868,,,,,,0.25,0.125,0.0,63,27,400,400,0.1575,0.0675,False,BEST,0.9,True,True,"[[92  0  0 ...  0  0  0]
 [ 0 80  0 ...  0  0  0]
 [ 0  0 60 ...  0  1  0]
 ...
 [ 0  0  0 ... 78  0  0]
 [ 0  0  4 ...  0 55  1]
 [ 0  0  1 ...  0  0 72]]",0.7208,0.729961262,0.7208,0.721725066,28
BUYGYL[M],,1,20,9,False,False,"[29, 34, 58, 12, 53, 38, 28, 55]",[],"[{'INP': 32}, {'CONV': [64, 3]}, ({'CONV': [64, 5]}, {'CONV': [128, 5]}), ({'CONV': [128, 3]}, {'CONV': [64, 3]}, {'POOLMAX': [-1, 2]}), ({'CONV': [256, 5]}, {'CONV': [64, 3]}), ({'CONV': [32, 5]}, {'CONV': [128, 3]}, {'POOLMAX': [-1, 2]}), ({'CONV': [256, 3]}, {'CONV': [128, 5]}), ({'CONV': [128, 3]}, {'CONV': [256, 3]}, {'POOLMAX': [-1, 2]}), ({'CONV': [64, 5]}, {'CONV': [128, 3]}), ({'CONV': [256, 3]}, {'CONV': [256, 5]}, {'POOLMAX': [-1, 2]}), {'GLOBAL_AVG': None}, {'LAST_DENSE': [100, 'softmax']}]",TPC,MPAR,GA,70,"[0.1216999962925911, 0.23960000276565552, 0.26750001311302185, 0.3450999855995178, 0.38929998874664307, 0.39980000257492065, 0.39160001277923584, 0.4564000070095062, 0.43790000677108765, 0.4632999897003174, 0.47279998660087585, 0.5218999981880188, 0.37790000438690186, 0.5101000070571899, 0.4860999882221222, 0.544700026512146, 0.5044999718666077, 0.5139999985694885, 0.45559999346733093, 0.5059000253677368, 0.5379999876022339, 0.6092000007629395, 0.6115999817848206, 0.6169000267982483, 0.5946000218391418, 0.6238999962806702, 0.6266999840736389, 0.6115000247955322, 0.6032999753952026, 0.6161999702453613, 0.6413999795913696, 0.6274999976158142, 0.6258999705314636, 0.6403999924659729, 0.5989000201225281, 0.6194999814033508, 0.6556000113487244, 0.659500002861023, 0.6406000256538391, 0.6535999774932861, 0.6685000061988831, 0.6557000279426575, 0.6414999961853027, 0.6632999777793884, 0.6758000254631042, 0.6692000031471252, 0.6610999703407288, 0.6815000176429749, 0.6733999848365784, 0.6714000105857849, 0.6712999939918518, 0.6664000153541565, 0.6779000163078308, 0.642799973487854, 0.6748999953269958, 0.6679999828338623, 0.6779000163078308, 0.6905999779701233, 0.691100001335144, 0.6866999864578247, 0.6894000172615051, 0.6894000172615051, 0.6833999752998352, 0.6985999941825867, 0.6940000057220459, 0.6922000050544739, 0.695900022983551, 0.695900022983551, 0.7010999917984009, 0.6948000192642212]","[4.026013374328613, 3.3451762199401855, 3.276052474975586, 2.916597366333008, 2.693843364715576, 2.9975244998931885, 2.8579139709472656, 2.4782445430755615, 2.635179281234741, 2.5289056301116943, 2.4935357570648193, 2.2473225593566895, 3.40384840965271, 2.3437623977661133, 2.533734083175659, 2.2138776779174805, 2.4920692443847656, 2.374180555343628, 2.9120466709136963, 2.5108861923217773, 2.3032898902893066, 1.9536724090576172, 1.9003716707229614, 1.8821991682052612, 2.0415992736816406, 1.8401767015457153, 1.8605798482894897, 1.9620158672332764, 1.9737411737442017, 1.9317039251327515, 1.814847469329834, 1.862337350845337, 1.9127949476242065, 1.8845031261444092, 2.062411069869995, 1.9590646028518677, 1.7936103343963623, 1.8105900287628174, 1.8733181953430176, 1.8121258020401, 1.7468181848526, 1.8109660148620605, 1.8954674005508423, 1.8059501647949219, 1.736626148223877, 1.7384408712387085, 1.8172277212142944, 1.7276009321212769, 1.7476763725280762, 1.731977939605713, 1.7268987894058228, 1.7839643955230713, 1.7336761951446533, 1.9448453187942505, 1.7661818265914917, 1.865371823310852, 1.7402726411819458, 1.7117351293563843, 1.7480340003967285, 1.7233999967575073, 1.7314174175262451, 1.7519193887710571, 1.7842990159988403, 1.7171655893325806, 1.7419840097427368, 1.765566349029541, 1.7289680242538452, 1.747672438621521, 1.7200044393539429, 1.7510533332824707]",0.6948000192642212,,997137196,,6222756,,,,,,0.125,0.375,0.0,40,45,400,400,0.1,0.1125,False,BEST,0.55,True,True,"[[84  0  0 ...  0  0  0]
 [ 0 80  0 ...  0  0  0]
 [ 0  0 56 ...  0  5  0]
 ...
 [ 0  0  0 ... 72  1  0]
 [ 0  0  3 ...  0 55  0]
 [ 0  0  0 ...  0  0 80]]",0.6948,0.70922229,0.6948,0.695566896,69
BCFCRZ[M],,2,20,20,True,True,"[36, 12, 20, 15, 30, 6, 28, 55]",[],"[{'INP': 32}, {'CONV': [64, 3]}, ({'CONV': [128, 3]}, {'CONV': [128, 3]}), ({'CONV': [32, 5]}, {'CONV': [128, 3]}, {'POOLMAX': [-1, 2]}), ({'CONV': [64, 3]}, {'CONV': [128, 3]}), ({'CONV': [32, 5]}, {'CONV': [256, 5]}, {'POOLMAX': [-1, 2]}), ({'CONV': [64, 5]}, {'CONV': [256, 3]}), ({'CONV': [32, 3]}, {'CONV': [256, 3]}, {'POOLMAX': [-1, 2]}), ({'CONV': [64, 5]}, {'CONV': [128, 3]}), ({'CONV': [256, 3]}, {'CONV': [256, 5]}, {'POOLMAX': [-1, 2]}), {'GLOBAL_AVG': None}, {'LAST_DENSE': [100, 'softmax']}]",TPC,MPAR,GA,70,"[0.12970000505447388, 0.22499999403953552, 0.32989999651908875, 0.34200000762939453, 0.36719998717308044, 0.3587999939918518, 0.4032000005245209, 0.4047999978065491, 0.47269999980926514, 0.4796000123023987, 0.4526999890804291, 0.46799999475479126, 0.5169000029563904, 0.4293999969959259, 0.527400016784668, 0.5038999915122986, 0.5475000143051147, 0.5443999767303467, 0.5935999751091003, 0.5863000154495239, 0.6146000027656555, 0.6021999716758728, 0.6096000075340271, 0.590499997138977, 0.612500011920929, 0.6144000291824341, 0.6449999809265137, 0.6629999876022339, 0.6546000242233276, 0.6480000019073486, 0.6459000110626221, 0.6557999849319458, 0.660099983215332, 0.6765000224113464, 0.6589999794960022, 0.6686000227928162, 0.6721000075340271, 0.6721000075340271, 0.6870999932289124, 0.6797000169754028, 0.6736999750137329, 0.6705999970436096, 0.6700000166893005, 0.6718999743461609, 0.6916999816894531, 0.6862000226974487, 0.6811000108718872, 0.6832000017166138, 0.6859999895095825, 0.6848000288009644, 0.6919000148773193, 0.6912000179290771, 0.690500020980835, 0.691100001335144, 0.692300021648407, 0.6920999884605408, 0.6923999786376953, 0.6948999762535095, 0.6915000081062317, 0.694100022315979, 0.6931999921798706, 0.6940000057220459, 0.6934999823570251, 0.6915000081062317, 0.6909999847412109, 0.6919999718666077, 0.6933000087738037, 0.6940000057220459, 0.6930000185966492, 0.6922000050544739]","[3.928802251815796, 3.4579648971557617, 2.914207935333252, 2.9005119800567627, 2.8416993618011475, 3.3281967639923096, 2.6793034076690674, 2.771184206008911, 2.485698938369751, 2.57356858253479, 2.5221803188323975, 2.552375078201294, 2.326903820037842, 2.9085447788238525, 2.3859105110168457, 2.379354953765869, 2.376922369003296, 2.364924907684326, 2.097297191619873, 2.137371301651001, 1.885955810546875, 1.9285588264465332, 1.9255627393722534, 2.100534439086914, 1.9056861400604248, 1.8908095359802246, 1.742255687713623, 1.6609902381896973, 1.7359693050384521, 1.7605665922164917, 1.7507857084274292, 1.6955195665359497, 1.6983911991119385, 1.6459333896636963, 1.7075421810150146, 1.6568881273269653, 1.663705825805664, 1.6673256158828735, 1.6221849918365479, 1.6658318042755127, 1.6530958414077759, 1.6937901973724365, 1.685839056968689, 1.6854236125946045, 1.6141873598098755, 1.65101957321167, 1.6781846284866333, 1.6723675727844238, 1.6779656410217285, 1.6747584342956543, 1.6367968320846558, 1.6526203155517578, 1.654909372329712, 1.6291303634643555, 1.62715482711792, 1.6360960006713867, 1.6522871255874634, 1.6502792835235596, 1.6673872470855713, 1.6540343761444092, 1.6574355363845825, 1.6538865566253662, 1.6563408374786377, 1.6602078676223755, 1.6634199619293213, 1.654220700263977, 1.657046914100647, 1.654521107673645, 1.6561460494995117, 1.6642361879348755]",0.6922000050544739,,1655861868,,6932260,,,,,"[36, 12, 20, 15, 30, 6, 27, 55]",0.125,0.125,0.125,78,33,400,400,0.195,0.0825,False,BEST,0.45,True,True,"[[85  0  0 ...  0  0  0]
 [ 0 78  0 ...  0  0  0]
 [ 1  1 63 ...  0  4  0]
 ...
 [ 0  0  0 ... 68  0  1]
 [ 0  0  1 ...  0 55  0]
 [ 0  1  1 ...  0  0 72]]",0.6922,0.704539052,0.6922,0.692787829,34
BETMJT[M],,3,20,10,False,False,"[63, 46, 33, 44, 46, 38, 47, 31]",[],"[{'INP': 32}, {'CONV': [64, 3]}, ({'CONV': [256, 5]}, {'CONV': [256, 5]}), ({'CONV': [128, 5]}, {'CONV': [256, 3]}, {'POOLMAX': [-1, 2]}), ({'CONV': [128, 3]}, {'CONV': [32, 5]}), ({'CONV': [128, 5]}, {'CONV': [128, 3]}, {'POOLMAX': [-1, 2]}), ({'CONV': [128, 5]}, {'CONV': [256, 3]}), ({'CONV': [128, 3]}, {'CONV': [256, 3]}, {'POOLMAX': [-1, 2]}), ({'CONV': [128, 5]}, {'CONV': [256, 5]}), ({'CONV': [64, 5]}, {'CONV': [256, 5]}, {'POOLMAX': [-1, 2]}), {'GLOBAL_AVG': None}, {'LAST_DENSE': [100, 'softmax']}]",TPC,MPAR,GA,70,"[0.06859999895095825, 0.15889999270439148, 0.302700012922287, 0.3301999866962433, 0.3725999891757965, 0.2906000018119812, 0.3368000090122223, 0.375, 0.4666000008583069, 0.4325999915599823, 0.5045999884605408, 0.5151000022888184, 0.4221999943256378, 0.48489999771118164, 0.4927000105381012, 0.5440000295639038, 0.5228999853134155, 0.541700005531311, 0.5536999702453613, 0.5336999893188477, 0.4587000012397766, 0.6039000153541565, 0.5982000231742859, 0.6298999786376953, 0.6258999705314636, 0.6175000071525574, 0.620199978351593, 0.6126000285148621, 0.6230000257492065, 0.6672999858856201, 0.6442000269889832, 0.660099983215332, 0.6577000021934509, 0.6674000024795532, 0.6402999758720398, 0.6665999889373779, 0.6680999994277954, 0.6601999998092651, 0.638700008392334, 0.6751000285148621, 0.6739000082015991, 0.682699978351593, 0.6848000288009644, 0.6671000123023987, 0.6764000058174133, 0.6886000037193298, 0.6890000104904175, 0.6902999877929688, 0.6869999766349792, 0.6851999759674072, 0.6891000270843506, 0.6937000155448914, 0.6888999938964844, 0.692799985408783, 0.6908000111579895, 0.6909999847412109, 0.6922000050544739, 0.691100001335144, 0.6905999779701233, 0.6944000124931335, 0.6940000057220459, 0.6930999755859375, 0.6951000094413757, 0.6927000284194946, 0.6931999921798706, 0.6937999725341797, 0.6937999725341797, 0.6951000094413757, 0.6924999952316284, 0.6935999989509583]","[4.672317028045654, 3.878861665725708, 2.9560906887054443, 3.232928991317749, 2.721381902694702, 3.2419917583465576, 3.0652661323547363, 2.8745415210723877, 2.4382290840148926, 2.6592109203338623, 2.266126871109009, 2.282372236251831, 2.821316957473755, 2.4543704986572266, 2.403704881668091, 2.165674924850464, 2.3338096141815186, 2.1917967796325684, 2.2520382404327393, 2.3525471687316895, 2.8893911838531494, 1.948373794555664, 1.9740283489227295, 1.8234964609146118, 1.8504607677459717, 1.8979517221450806, 1.8609286546707153, 1.9210450649261475, 1.8871935606002808, 1.6593036651611328, 1.7862837314605713, 1.72216796875, 1.7079503536224365, 1.6513687372207642, 1.8478906154632568, 1.678631067276001, 1.666924238204956, 1.7475212812423706, 1.796878695487976, 1.625861406326294, 1.6748486757278442, 1.6352472305297852, 1.6485075950622559, 1.7292710542678833, 1.7045629024505615, 1.6366338729858398, 1.6554205417633057, 1.629264235496521, 1.6552064418792725, 1.6617131233215332, 1.6402899026870728, 1.6318387985229492, 1.657572865486145, 1.6535097360610962, 1.6548279523849487, 1.6554450988769531, 1.6449285745620728, 1.656307578086853, 1.6555242538452148, 1.6506597995758057, 1.653224229812622, 1.6575201749801636, 1.6564714908599854, 1.6685556173324585, 1.6607749462127686, 1.659735918045044, 1.6606978178024292, 1.6541169881820679, 1.6624207496643066, 1.6611328125]",0.6935999989509583,,708803180,,3290916,,,,,,0.625,0.125,0.0,44,28,400,400,0.11,0.07,False,BEST,0.55,True,True,"[[86  0  0 ...  0  0  0]
 [ 0 74  1 ...  0  0  0]
 [ 0  0 59 ...  0  0  0]
 ...
 [ 0  0  0 ... 67  1  0]
 [ 0  0  6 ...  0 49  0]
 [ 0  0  0 ...  0  0 75]]",0.6938,0.705810246,0.6938,0.694550807,1
BWREDB[M],,4,20,9,False,False,"[28, 37, 4, 2, 62, 6, 13, 55]",[],"[{'INP': 32}, {'CONV': [64, 3]}, ({'CONV': [64, 5]}, {'CONV': [128, 3]}), ({'CONV': [128, 3]}, {'CONV': [128, 5]}, {'POOLMAX': [-1, 2]}), ({'CONV': [32, 3]}, {'CONV': [128, 3]}), ({'CONV': [32, 3]}, {'CONV': [64, 3]}, {'POOLMAX': [-1, 2]}), ({'CONV': [256, 5]}, {'CONV': [256, 3]}), ({'CONV': [32, 3]}, {'CONV': [256, 3]}, {'POOLMAX': [-1, 2]}), ({'CONV': [32, 5]}, {'CONV': [128, 5]}), ({'CONV': [256, 3]}, {'CONV': [256, 5]}, {'POOLMAX': [-1, 2]}), {'GLOBAL_AVG': None}, {'LAST_DENSE': [100, 'softmax']}]",TPC,MPAR,GA,70,"[0.09279999881982803, 0.20960000157356262, 0.24410000443458557, 0.30079999566078186, 0.367900013923645, 0.27309998869895935, 0.38659998774528503, 0.4507000148296356, 0.4115000069141388, 0.4431999921798706, 0.4521999955177307, 0.47350001335144043, 0.45989999175071716, 0.5879999995231628, 0.544700026512146, 0.5899999737739563, 0.5824999809265137, 0.5874000191688538, 0.5947999954223633, 0.5828999876976013, 0.5896999835968018, 0.578000009059906, 0.5918999910354614, 0.5874000191688538, 0.5929999947547913, 0.6050999760627747, 0.6376000046730042, 0.6687999963760376, 0.6538000106811523, 0.6420999765396118, 0.6489999890327454, 0.6772000193595886, 0.6478999853134155, 0.6801999807357788, 0.6920999884605408, 0.6938999891281128, 0.679099977016449, 0.6861000061035156, 0.692300021648407, 0.680899977684021, 0.6858000159263611, 0.695900022983551, 0.6942999958992004, 0.6966000199317932, 0.6935999989509583, 0.689300000667572, 0.7059000134468079, 0.7027000188827515, 0.7034000158309937, 0.6977999806404114, 0.7039999961853027, 0.7038999795913696, 0.7039999961853027, 0.7024999856948853, 0.7027999758720398, 0.7014999985694885, 0.7060999870300293, 0.7024999856948853, 0.7024000287055969, 0.7034000158309937, 0.7020000219345093, 0.7014999985694885, 0.7031999826431274, 0.7037000060081482, 0.7027999758720398, 0.7042999863624573, 0.7034000158309937, 0.7049000263214111, 0.7039999961853027, 0.7039999961853027]","[4.259729862213135, 3.5344128608703613, 3.33095121383667, 3.178278923034668, 2.8054497241973877, 4.894397735595703, 2.756984233856201, 2.5090038776397705, 2.892268657684326, 2.593590021133423, 2.6035428047180176, 2.5378265380859375, 2.6364104747772217, 1.9743505716323853, 2.1726534366607666, 1.9309314489364624, 2.003917694091797, 1.9693644046783447, 1.9369103908538818, 2.004209280014038, 1.9176160097122192, 2.0188398361206055, 2.007784128189087, 2.07315731048584, 2.019468069076538, 1.9517771005630493, 1.773655891418457, 1.6378051042556763, 1.7718077898025513, 1.7585060596466064, 1.771950602531433, 1.6408461332321167, 1.784530520439148, 1.6564326286315918, 1.5864659547805786, 1.5835305452346802, 1.6820142269134521, 1.6584343910217285, 1.619933843612671, 1.6892141103744507, 1.674548864364624, 1.5975446701049805, 1.616735816001892, 1.6259671449661255, 1.634533405303955, 1.674566626548767, 1.5818438529968262, 1.6181821823120117, 1.6138302087783813, 1.6425710916519165, 1.6244758367538452, 1.6214733123779297, 1.6198086738586426, 1.6377934217453003, 1.6388492584228516, 1.6364457607269287, 1.6236708164215088, 1.6367899179458618, 1.6472516059875488, 1.6380736827850342, 1.6403790712356567, 1.6407877206802368, 1.6423306465148926, 1.6372151374816895, 1.6429048776626587, 1.6420451402664185, 1.6430498361587524, 1.6350916624069214, 1.6389546394348145, 1.64042067527771]",0.7039999961853027,,922904492,,4890276,,,,,,0.25,0.25,0.0,54,23,400,400,0.135,0.0575,False,BEST,0.25,True,True,"[[83  0  0 ...  0  0  0]
 [ 0 83  0 ...  0  0  0]
 [ 0  1 62 ...  0  2  0]
 ...
 [ 0  0  0 ... 63  0  0]
 [ 0  0  1 ...  0 45  1]
 [ 0  0  0 ...  0  0 78]]",0.704,0.714282133,0.704,0.704727265,26
BSBIRL[M],,5,20,19,False,False,"[51, 40, 39, 20, 39, 6, 47, 55]",[],"[{'INP': 32}, {'CONV': [64, 3]}, ({'CONV': [256, 3]}, {'CONV': [64, 5]}), ({'CONV': [128, 5]}, {'CONV': [32, 3]}, {'POOLMAX': [-1, 2]}), ({'CONV': [128, 3]}, {'CONV': [256, 5]}), ({'CONV': [64, 3]}, {'CONV': [128, 3]}, {'POOLMAX': [-1, 2]}), ({'CONV': [128, 3]}, {'CONV': [256, 5]}), ({'CONV': [32, 3]}, {'CONV': [256, 3]}, {'POOLMAX': [-1, 2]}), ({'CONV': [128, 5]}, {'CONV': [256, 5]}), ({'CONV': [256, 3]}, {'CONV': [256, 5]}, {'POOLMAX': [-1, 2]}), {'GLOBAL_AVG': None}, {'LAST_DENSE': [100, 'softmax']}]",TPC,MPAR,GA,70,"[0.11209999769926071, 0.156700000166893, 0.27630001306533813, 0.2395000010728836, 0.3497999906539917, 0.3037000000476837, 0.3880999982357025, 0.4302000105381012, 0.4505000114440918, 0.4023999869823456, 0.45750001072883606, 0.42640000581741333, 0.4542999863624573, 0.4677000045776367, 0.490200012922287, 0.5031999945640564, 0.510699987411499, 0.531499981880188, 0.4722999930381775, 0.5063999891281128, 0.5047000050544739, 0.460099995136261, 0.5289999842643738, 0.5993000268936157, 0.5669000148773193, 0.5965999960899353, 0.5916000008583069, 0.5863999724388123, 0.5963000059127808, 0.612500011920929, 0.6474999785423279, 0.6238999962806702, 0.6449000239372253, 0.6294000148773193, 0.6435999870300293, 0.63919997215271, 0.6467999815940857, 0.6514999866485596, 0.6549999713897705, 0.6603000164031982, 0.6597999930381775, 0.6518999934196472, 0.6446999907493591, 0.6478000283241272, 0.6567000150680542, 0.6664000153541565, 0.6583999991416931, 0.6690000295639038, 0.6564000248908997, 0.6570000052452087, 0.6682999730110168, 0.6650999784469604, 0.666100025177002, 0.6668999791145325, 0.666700005531311, 0.667900025844574, 0.6672999858856201, 0.6675000190734863, 0.6694999933242798, 0.6685000061988831, 0.6696000099182129, 0.6672999858856201, 0.6678000092506409, 0.6693999767303467, 0.6689000129699707, 0.666700005531311, 0.6679999828338623, 0.6668000221252441, 0.666700005531311, 0.6679999828338623]","[3.99505352973938, 3.85730242729187, 3.0590322017669678, 3.769583225250244, 2.8038976192474365, 3.279860258102417, 2.677210569381714, 2.4693186283111572, 2.3635454177856445, 2.6281161308288574, 2.370130777359009, 2.6094911098480225, 2.421882390975952, 2.3504538536071777, 2.300523519515991, 2.1978344917297363, 2.1944334506988525, 2.0909554958343506, 2.4943909645080566, 2.1886117458343506, 2.274923086166382, 2.6649351119995117, 2.147075891494751, 1.8187665939331055, 1.9686297178268433, 1.850750207901001, 1.8769185543060303, 1.9153447151184082, 1.876124382019043, 1.8065882921218872, 1.6116008758544922, 1.7599657773971558, 1.6229979991912842, 1.7274221181869507, 1.634044885635376, 1.6660966873168945, 1.6331076622009277, 1.6259185075759888, 1.5952173471450806, 1.5758670568466187, 1.5798906087875366, 1.6256206035614014, 1.6622754335403442, 1.6223962306976318, 1.5989421606063843, 1.5471036434173584, 1.591535210609436, 1.5576434135437012, 1.6117268800735474, 1.6147477626800537, 1.5544787645339966, 1.5627988576889038, 1.57827889919281, 1.5659658908843994, 1.5670347213745117, 1.5704126358032227, 1.5670257806777954, 1.5732353925704956, 1.565549612045288, 1.5650161504745483, 1.5608632564544678, 1.56156587600708, 1.5702883005142212, 1.563637614250183, 1.5630674362182617, 1.570180058479309, 1.5685030221939087, 1.5678941011428833, 1.5603848695755005, 1.5624146461486816]",0.6679999828338623,,1277041132,,4692004,,,,,,0.125,0.125,0.0,58,41,400,400,0.145,0.1025,False,BEST,0.65,True,True,"[[84  0  0 ...  0  0  0]
 [ 0 80  0 ...  0  0  1]
 [ 0  0 55 ...  0  3  0]
 ...
 [ 0  0  0 ... 63  0  0]
 [ 0  0  2 ...  0 43  0]
 [ 0  0  0 ...  0  0 67]]",0.668,0.68082399,0.668,0.668347613,87
BVBIKT[M],,6,20,16,False,False,"[49, 36, 39, 12, 30, 38, 39, 55]",[],"[{'INP': 32}, {'CONV': [64, 3]}, ({'CONV': [256, 3]}, {'CONV': [32, 5]}), ({'CONV': [128, 3]}, {'CONV': [128, 3]}, {'POOLMAX': [-1, 2]}), ({'CONV': [128, 3]}, {'CONV': [256, 5]}), ({'CONV': [32, 5]}, {'CONV': [128, 3]}, {'POOLMAX': [-1, 2]}), ({'CONV': [64, 5]}, {'CONV': [256, 3]}), ({'CONV': [128, 3]}, {'CONV': [256, 3]}, {'POOLMAX': [-1, 2]}), ({'CONV': [128, 3]}, {'CONV': [256, 5]}), ({'CONV': [256, 3]}, {'CONV': [256, 5]}, {'POOLMAX': [-1, 2]}), {'GLOBAL_AVG': None}, {'LAST_DENSE': [100, 'softmax']}]",TPC,MPAR,GA,70,"[0.15600000321865082, 0.19840000569820404, 0.2750999927520752, 0.29120001196861267, 0.3840000033378601, 0.38960000872612, 0.45350000262260437, 0.4413999915122986, 0.4343000054359436, 0.4778999984264374, 0.47609999775886536, 0.4977000057697296, 0.4684000015258789, 0.531499981880188, 0.5408999919891357, 0.15219999849796295, 0.5259000062942505, 0.5392000079154968, 0.5482000112533569, 0.5299999713897705, 0.5430999994277954, 0.5471000075340271, 0.5598999857902527, 0.5331000089645386, 0.5146999955177307, 0.5562999844551086, 0.5333999991416931, 0.5288000106811523, 0.6394000053405762, 0.6495000123977661, 0.6456999778747559, 0.6389999985694885, 0.657800018787384, 0.6215000152587891, 0.6370000243186951, 0.6176000237464905, 0.6352999806404114, 0.6504999995231628, 0.6650000214576721, 0.6844000220298767, 0.6862999796867371, 0.6743999719619751, 0.6832000017166138, 0.6816999912261963, 0.6732000112533569, 0.6761999726295471, 0.6898999810218811, 0.6840999722480774, 0.701200008392334, 0.6967999935150146, 0.680400013923645, 0.6854000091552734, 0.7021999955177307, 0.6851000189781189, 0.6941999793052673, 0.6952000260353088, 0.7031000256538391, 0.7016000151634216, 0.7006999850273132, 0.7014999985694885, 0.7005000114440918, 0.6949999928474426, 0.6959999799728394, 0.7019000053405762, 0.6991000175476074, 0.7016000151634216, 0.7013000249862671, 0.7038999795913696, 0.7020000219345093, 0.7024000287055969]","[3.8828253746032715, 3.8585128784179688, 3.2308263778686523, 3.31107234954834, 2.768934726715088, 2.8329355716705322, 2.52095627784729, 2.6297099590301514, 2.8459877967834473, 2.4962000846862793, 2.5168702602386475, 2.382610559463501, 2.568323850631714, 2.696922779083252, 2.279147148132324, 5.722958087921143, 2.3223929405212402, 2.267771005630493, 2.251047372817993, 2.353283166885376, 2.3357677459716797, 2.3474678993225098, 2.229574680328369, 2.3555960655212402, 2.4961326122283936, 2.3226170539855957, 2.482093572616577, 2.444246292114258, 1.905894160270691, 1.8561081886291504, 1.8600963354110718, 1.9026952981948853, 1.802681803703308, 1.9817118644714355, 1.8609695434570312, 1.9791067838668823, 1.8970894813537598, 1.814041018486023, 1.8066445589065552, 1.7032397985458374, 1.7056735754013062, 1.7468384504318237, 1.7381861209869385, 1.72111976146698, 1.7669566869735718, 1.794734001159668, 1.7102802991867065, 1.7504570484161377, 1.6722781658172607, 1.6979199647903442, 1.8194173574447632, 1.801021695137024, 1.7062137126922607, 1.829742193222046, 1.722110390663147, 1.7431294918060303, 1.6975375413894653, 1.6885074377059937, 1.7344521284103394, 1.7167167663574219, 1.7279478311538696, 1.741019368171692, 1.7558948993682861, 1.7254209518432617, 1.7320607900619507, 1.7262030839920044, 1.7369822263717651, 1.7136203050613403, 1.7342581748962402, 1.7303977012634277]",0.7024000287055969,,2127739244,,5274916,,,,,,0.125,0.125,0.125,63,38,400,400,0.1575,0.095,False,BEST,0.4,True,True,"[[87  0  0 ...  0  0  0]
 [ 0 80  0 ...  0  0  0]
 [ 0  0 57 ...  0  4  0]
 ...
 [ 0  0  0 ... 71  1  0]
 [ 0  0  3 ...  0 52  0]
 [ 0  0  0 ...  0  0 73]]",0.7024,0.714857309,0.7024,0.70329347,67
BJWWCT[M],,7,20,13,False,False,"[24, 31, 29, 61, 51, 38, 11, 55]",[],"[{'INP': 32}, {'CONV': [64, 3]}, ({'CONV': [64, 5]}, {'CONV': [32, 3]}), ({'CONV': [64, 5]}, {'CONV': [256, 5]}, {'POOLMAX': [-1, 2]}), ({'CONV': [64, 5]}, {'CONV': [128, 5]}), ({'CONV': [256, 5]}, {'CONV': [128, 5]}, {'POOLMAX': [-1, 2]}), ({'CONV': [256, 3]}, {'CONV': [64, 5]}), ({'CONV': [128, 3]}, {'CONV': [256, 3]}, {'POOLMAX': [-1, 2]}), ({'CONV': [32, 5]}, {'CONV': [64, 5]}), ({'CONV': [256, 3]}, {'CONV': [256, 5]}, {'POOLMAX': [-1, 2]}), {'GLOBAL_AVG': None}, {'LAST_DENSE': [100, 'softmax']}]",TPC,MPAR,GA,70,"[0.10939999669790268, 0.1379999965429306, 0.2257000058889389, 0.3626999855041504, 0.3813999891281128, 0.3483999967575073, 0.4611000120639801, 0.4724000096321106, 0.43299999833106995, 0.4068000018596649, 0.43290001153945923, 0.4862000048160553, 0.5601000189781189, 0.5827000141143799, 0.5681999921798706, 0.5534999966621399, 0.5254999995231628, 0.5719000101089478, 0.5720999836921692, 0.6292999982833862, 0.6244000196456909, 0.5982999801635742, 0.6480000019073486, 0.6363000273704529, 0.6276000142097473, 0.6380000114440918, 0.6378999948501587, 0.6510999798774719, 0.6274999976158142, 0.6452000141143799, 0.6384999752044678, 0.6513000130653381, 0.6639000177383423, 0.6395000219345093, 0.6419000029563904, 0.642300009727478, 0.6517999768257141, 0.6517000198364258, 0.6603000164031982, 0.6718000173568726, 0.6723999977111816, 0.6534000039100647, 0.6657000184059143, 0.6743999719619751, 0.6593000292778015, 0.6797999739646912, 0.6782000064849854, 0.6765000224113464, 0.678600013256073, 0.6866000294685364, 0.6866999864578247, 0.6869000196456909, 0.6787999868392944, 0.6891999840736389, 0.6848999857902527, 0.6901999711990356, 0.6888999938964844, 0.6877999901771545, 0.6920999884605408, 0.6855000257492065, 0.690500020980835, 0.6919999718666077, 0.6912999749183655, 0.6915000081062317, 0.689300000667572, 0.6877999901771545, 0.6891000270843506, 0.689300000667572, 0.6873999834060669, 0.6875]","[4.217718124389648, 4.156233310699463, 3.792146921157837, 2.793109178543091, 2.831390142440796, 3.1060891151428223, 2.414705753326416, 2.420258045196533, 2.695298910140991, 2.996732234954834, 2.7058727741241455, 2.5040431022644043, 2.068019151687622, 1.9523329734802246, 2.027878761291504, 2.092850685119629, 2.2837934494018555, 2.032524347305298, 2.029237747192383, 1.7666563987731934, 1.749388337135315, 1.936083436012268, 1.6751396656036377, 1.7148984670639038, 1.7538859844207764, 1.712950587272644, 1.727095365524292, 1.6645537614822388, 1.7769604921340942, 1.6968486309051514, 1.7364006042480469, 1.6780662536621094, 1.660848617553711, 1.7349801063537598, 1.738881230354309, 1.7404791116714478, 1.7449662685394287, 1.7299495935440063, 1.6924461126327515, 1.6412779092788696, 1.6643898487091064, 1.763379454612732, 1.71552574634552, 1.6608363389968872, 1.7862190008163452, 1.646316409111023, 1.6687052249908447, 1.662446141242981, 1.6772091388702393, 1.6732290983200073, 1.6536213159561157, 1.6423701047897339, 1.6806567907333374, 1.6586509943008423, 1.7006291151046753, 1.663255214691162, 1.6691462993621826, 1.673308253288269, 1.655653476715088, 1.6942218542099, 1.6748006343841553, 1.6695797443389893, 1.6718394756317139, 1.6707730293273926, 1.6779597997665405, 1.6869434118270874, 1.6837128400802612, 1.683179259300232, 1.6985805034637451, 1.6918731927871704]",0.6875,,1386721068,,7689124,,,,,,0.125,0.5,0.0,71,39,400,400,0.1775,0.0975,False,BEST,0.6,True,True,"[[79  0  0 ...  0  0  0]
 [ 0 85  0 ...  0  0  0]
 [ 1  1 53 ...  0  5  0]
 ...
 [ 0  0  0 ... 67  0  0]
 [ 0  0  2 ...  0 46  0]
 [ 0  0  0 ...  0  0 73]]",0.6874,0.700982548,0.6874,0.688393525,114
BLTVDV[M],,8,20,18,False,False,"[14, 46, 23, 2, 53, 16, 28, 22]",[],"[{'INP': 32}, {'CONV': [64, 3]}, ({'CONV': [32, 5]}, {'CONV': [256, 3]}), ({'CONV': [128, 5]}, {'CONV': [256, 3]}, {'POOLMAX': [-1, 2]}), ({'CONV': [64, 3]}, {'CONV': [256, 5]}), ({'CONV': [32, 3]}, {'CONV': [64, 3]}, {'POOLMAX': [-1, 2]}), ({'CONV': [256, 3]}, {'CONV': [128, 5]}), ({'CONV': [64, 3]}, {'CONV': [32, 3]}, {'POOLMAX': [-1, 2]}), ({'CONV': [64, 5]}, {'CONV': [128, 3]}), ({'CONV': [64, 3]}, {'CONV': [256, 3]}, {'POOLMAX': [-1, 2]}), {'GLOBAL_AVG': None}, {'LAST_DENSE': [100, 'softmax']}]",TPC,MPAR,GA,70,"[0.08550000190734863, 0.24699999392032623, 0.26089999079704285, 0.31709998846054077, 0.36899998784065247, 0.38420000672340393, 0.4056999981403351, 0.42719998955726624, 0.4129999876022339, 0.46389999985694885, 0.4796999990940094, 0.541700005531311, 0.5206000208854675, 0.524399995803833, 0.48890000581741333, 0.5347999930381775, 0.5002999901771545, 0.5720000267028809, 0.5784000158309937, 0.5856000185012817, 0.6110000014305115, 0.5974000096321106, 0.5849999785423279, 0.621399998664856, 0.6313999891281128, 0.5806000232696533, 0.5799000263214111, 0.6086000204086304, 0.6103000044822693, 0.6137999892234802, 0.6614000201225281, 0.6485999822616577, 0.6567000150680542, 0.6498000025749207, 0.6622999906539917, 0.6556000113487244, 0.6820999979972839, 0.6827999949455261, 0.6625999808311462, 0.682200014591217, 0.6823999881744385, 0.6725999712944031, 0.6859999895095825, 0.6854000091552734, 0.6890000104904175, 0.6807000041007996, 0.6844000220298767, 0.6848000288009644, 0.6962000131607056, 0.6894000172615051, 0.6951000094413757, 0.6897000074386597, 0.6935999989509583, 0.6934000253677368, 0.6894999742507935, 0.6919999718666077, 0.6935999989509583, 0.6934999823570251, 0.6935999989509583, 0.6934000253677368, 0.6922000050544739, 0.6919999718666077, 0.6935999989509583, 0.694100022315979, 0.6929000020027161, 0.6923999786376953, 0.692799985408783, 0.6927000284194946, 0.6931999921798706, 0.6917999982833862]","[4.350149631500244, 3.2122600078582764, 3.260904550552368, 3.02140212059021, 2.7663416862487793, 2.671264410018921, 2.615675926208496, 2.55517315864563, 2.6543357372283936, 2.6358346939086914, 2.3692665100097656, 2.1085734367370605, 2.202908754348755, 2.23380970954895, 2.3916077613830566, 2.1665585041046143, 2.3753788471221924, 2.017997980117798, 2.0363664627075195, 2.0052645206451416, 1.8494462966918945, 1.8980547189712524, 2.0092220306396484, 1.799362301826477, 1.7893469333648682, 2.06192684173584, 2.043243646621704, 1.8826615810394287, 1.9067542552947998, 1.8958165645599365, 1.6484228372573853, 1.7181971073150635, 1.6939116716384888, 1.6998248100280762, 1.6649274826049805, 1.6836386919021606, 1.5634857416152954, 1.5690478086471558, 1.7031371593475342, 1.6136474609375, 1.6008785963058472, 1.6558938026428223, 1.5956342220306396, 1.5898492336273193, 1.5890374183654785, 1.6350544691085815, 1.636730670928955, 1.6069178581237793, 1.5779509544372559, 1.613678216934204, 1.5829695463180542, 1.6087255477905273, 1.5995813608169556, 1.592302918434143, 1.6033998727798462, 1.611053705215454, 1.5973632335662842, 1.601169228553772, 1.6018208265304565, 1.604459524154663, 1.6082420349121094, 1.6173659563064575, 1.6040072441101074, 1.6046537160873413, 1.610044240951538, 1.6090049743652344, 1.6075674295425415, 1.6053154468536377, 1.603965163230896, 1.6120201349258423]",0.6917999982833862,,872908460,,4382884,,,,,,0.125,0.125,0.0,62,24,400,400,0.155,0.06,False,BEST,0.65,True,True,"[[81  0  0 ...  0  0  0]
 [ 0 78  0 ...  0  0  0]
 [ 0  1 56 ...  0  2  0]
 ...
 [ 0  0  0 ... 72  0  0]
 [ 0  0  2 ...  0 50  0]
 [ 0  0  0 ...  0  0 73]]",0.6917,0.703039799,0.6917,0.69219819,18
BAPAWI[M],,9,20,20,True,True,"[26, 36, 23, 13, 7, 47, 54, 55]",[],"[{'INP': 32}, {'CONV': [64, 3]}, ({'CONV': [64, 5]}, {'CONV': [64, 3]}), ({'CONV': [128, 3]}, {'CONV': [128, 3]}, {'POOLMAX': [-1, 2]}), ({'CONV': [64, 3]}, {'CONV': [256, 5]}), ({'CONV': [32, 5]}, {'CONV': [128, 5]}, {'POOLMAX': [-1, 2]}), ({'CONV': [32, 3]}, {'CONV': [256, 5]}), ({'CONV': [128, 5]}, {'CONV': [256, 5]}, {'POOLMAX': [-1, 2]}), ({'CONV': [256, 3]}, {'CONV': [256, 3]}), ({'CONV': [256, 3]}, {'CONV': [256, 5]}, {'POOLMAX': [-1, 2]}), {'GLOBAL_AVG': None}, {'LAST_DENSE': [100, 'softmax']}]",TPC,MPAR,GA,70,"[0.10589999705553055, 0.17900000512599945, 0.2971999943256378, 0.350600004196167, 0.3260999917984009, 0.4113999903202057, 0.38769999146461487, 0.45239999890327454, 0.43700000643730164, 0.5099999904632568, 0.46939998865127563, 0.5126000046730042, 0.47920000553131104, 0.48030000925064087, 0.5213000178337097, 0.5698000192642212, 0.5787000060081482, 0.5927000045776367, 0.5724999904632568, 0.6007000207901001, 0.6082000136375427, 0.613099992275238, 0.5967000126838684, 0.6402999758720398, 0.6193000078201294, 0.5907999873161316, 0.6424000263214111, 0.618399977684021, 0.5795000195503235, 0.6740000247955322, 0.6614000201225281, 0.6682999730110168, 0.659600019454956, 0.6639999747276306, 0.6510999798774719, 0.679099977016449, 0.6819999814033508, 0.694599986076355, 0.6779999732971191, 0.6909999847412109, 0.683899998664856, 0.6771000027656555, 0.694599986076355, 0.6875, 0.6959999799728394, 0.6887000203132629, 0.6945000290870667, 0.6886000037193298, 0.6945000290870667, 0.6988000273704529, 0.6998999714851379, 0.6958000063896179, 0.6995000243186951, 0.7003999948501587, 0.7001000046730042, 0.6992999911308289, 0.701200008392334, 0.699400007724762, 0.6984000205993652, 0.6987000107765198, 0.6988999843597412, 0.6984000205993652, 0.6973999738693237, 0.6995000243186951, 0.6998000144958496, 0.6990000009536743, 0.7002000212669373, 0.7006999850273132, 0.7001000046730042, 0.6995999813079834]","[4.036300182342529, 4.022279739379883, 3.053272008895874, 2.8983516693115234, 3.1407549381256104, 2.5887858867645264, 2.7582364082336426, 2.524906635284424, 2.6173501014709473, 2.2593817710876465, 2.500413417816162, 2.290330410003662, 2.514017343521118, 2.596808671951294, 2.2800590991973877, 2.049769401550293, 2.01538348197937, 1.9150965213775635, 2.0425171852111816, 1.9068031311035156, 1.904918909072876, 1.8435015678405762, 1.9151630401611328, 1.720150351524353, 1.811883807182312, 1.9805275201797485, 1.7413806915283203, 1.863945722579956, 2.095864772796631, 1.623622179031372, 1.6831902265548706, 1.6704459190368652, 1.7221343517303467, 1.692156434059143, 1.7514936923980713, 1.6352739334106445, 1.605835199356079, 1.5641100406646729, 1.6666948795318604, 1.598963975906372, 1.6277025938034058, 1.7082849740982056, 1.5952180624008179, 1.6128780841827393, 1.595102071762085, 1.638301968574524, 1.5953137874603271, 1.6432843208312988, 1.6024055480957031, 1.593140959739685, 1.5853521823883057, 1.6053534746170044, 1.6148043870925903, 1.60145902633667, 1.6053597927093506, 1.60976243019104, 1.5946447849273682, 1.6021324396133423, 1.6067240238189697, 1.6098365783691406, 1.6067041158676147, 1.6119771003723145, 1.6108479499816895, 1.609004259109497, 1.6072406768798828, 1.6068570613861084, 1.600407600402832, 1.6031310558319092, 1.60874342918396, 1.6011886596679688]",0.6995999813079834,,301458156,,2643492,,,,,"[26, 36, 23, 13, 6, 47, 53, 55]",0.0,0.25,0.25,44,41,400,400,0.11,0.1025,False,BEST,0.7,True,True,"[[88  0  0 ...  0  0  0]
 [ 0 78  0 ...  0  0  0]
 [ 0  0 61 ...  0  4  1]
 ...
 [ 0  0  0 ... 73  0  0]
 [ 0  0  3 ...  0 52  0]
 [ 0  0  0 ...  0  0 72]]",0.6996,0.710571203,0.6996,0.6997615,19
BBBERU[M],,10,20,16,False,False,"[14, 20, 6, 38, 39, 63, 54, 15]",[],"[{'INP': 32}, {'CONV': [64, 3]}, ({'CONV': [32, 5]}, {'CONV': [256, 3]}), ({'CONV': [64, 3]}, {'CONV': [128, 3]}, {'POOLMAX': [-1, 2]}), ({'CONV': [32, 3]}, {'CONV': [256, 3]}), ({'CONV': [128, 3]}, {'CONV': [256, 3]}, {'POOLMAX': [-1, 2]}), ({'CONV': [128, 3]}, {'CONV': [256, 5]}), ({'CONV': [256, 5]}, {'CONV': [256, 5]}, {'POOLMAX': [-1, 2]}), ({'CONV': [256, 3]}, {'CONV': [256, 3]}), ({'CONV': [32, 5]}, {'CONV': [256, 5]}, {'POOLMAX': [-1, 2]}), {'GLOBAL_AVG': None}, {'LAST_DENSE': [100, 'softmax']}]",TPC,MPAR,GA,70,"[0.1266999989748001, 0.20360000431537628, 0.21699999272823334, 0.28110000491142273, 0.3257000148296356, 0.36000001430511475, 0.40149998664855957, 0.44190001487731934, 0.37779998779296875, 0.44440001249313354, 0.39629998803138733, 0.48559999465942383, 0.4528999924659729, 0.5388000011444092, 0.4456999897956848, 0.4837999939918518, 0.49559998512268066, 0.5067999958992004, 0.47269999980926514, 0.567300021648407, 0.6089000105857849, 0.5899999737739563, 0.5983999967575073, 0.585099995136261, 0.6072999835014343, 0.5978000164031982, 0.6165000200271606, 0.6212999820709229, 0.6438000202178955, 0.6359999775886536, 0.642300009727478, 0.6449999809265137, 0.6635000109672546, 0.6455000042915344, 0.6477000117301941, 0.6488000154495239, 0.651199996471405, 0.654699981212616, 0.6758999824523926, 0.6802999973297119, 0.6654999852180481, 0.6718000173568726, 0.6642000079154968, 0.6840000152587891, 0.6796000003814697, 0.6868000030517578, 0.683899998664856, 0.6876000165939331, 0.6866000294685364, 0.683899998664856, 0.6865000128746033, 0.6898000240325928, 0.6841999888420105, 0.6872000098228455, 0.6837000250816345, 0.6887999773025513, 0.6796000003814697, 0.6861000061035156, 0.6901000142097473, 0.6909000277519226, 0.6904000043869019, 0.6866000294685364, 0.6887999773025513, 0.6888999938964844, 0.6899999976158142, 0.6904000043869019, 0.690500020980835, 0.6909999847412109, 0.6887000203132629, 0.690500020980835]","[3.9272143840789795, 3.546376943588257, 3.5411789417266846, 3.170728921890259, 3.0500593185424805, 2.8939826488494873, 2.7250401973724365, 2.520031690597534, 2.870281934738159, 2.5143861770629883, 2.9396493434906006, 2.419626474380493, 2.6118574142456055, 2.1621711254119873, 2.6594316959381104, 2.516883373260498, 2.4232661724090576, 2.3943355083465576, 2.5179836750030518, 2.078603982925415, 1.8766177892684937, 2.022907018661499, 1.9138245582580566, 2.031064510345459, 1.9029675722122192, 2.0031492710113525, 1.8917001485824585, 1.8409998416900635, 1.7268316745758057, 1.7691853046417236, 1.7704625129699707, 1.7446191310882568, 1.6273894309997559, 1.763309359550476, 1.7276421785354614, 1.6998122930526733, 1.7257823944091797, 1.7379541397094727, 1.6324495077133179, 1.638495922088623, 1.699330449104309, 1.6902587413787842, 1.7359117269515991, 1.6461459398269653, 1.6438453197479248, 1.6413087844848633, 1.6442776918411255, 1.642453670501709, 1.6361430883407593, 1.6557081937789917, 1.6448380947113037, 1.6240227222442627, 1.6760321855545044, 1.6642699241638184, 1.6747827529907227, 1.6473054885864258, 1.692854642868042, 1.6672009229660034, 1.6575185060501099, 1.6426880359649658, 1.6492011547088623, 1.6630116701126099, 1.6646195650100708, 1.6586323976516724, 1.6610547304153442, 1.6596927642822266, 1.6595715284347534, 1.6563023328781128, 1.6649150848388672, 1.6643919944763184]",0.690500020980835,,1609185516,,4906020,,,,,,0.25,0.375,0.0,85,34,400,400,0.2125,0.085,False,BEST,0.7,True,True,"[[79  0  0 ...  0  0  0]
 [ 0 84  0 ...  0  0  0]
 [ 0  0 49 ...  0  5  0]
 ...
 [ 0  0  0 ... 72  0  0]
 [ 0  0  3 ...  0 53  1]
 [ 0  0  0 ...  0  0 65]]",0.6903,0.701820904,0.6903,0.690767423,41
BDBRBW[M],,11,20,19,False,False,"[15, 36, 4, 39, 3, 6, 62, 7]",[],"[{'INP': 32}, {'CONV': [64, 3]}, ({'CONV': [32, 5]}, {'CONV': [256, 5]}), ({'CONV': [128, 3]}, {'CONV': [128, 3]}, {'POOLMAX': [-1, 2]}), ({'CONV': [32, 3]}, {'CONV': [128, 3]}), ({'CONV': [128, 3]}, {'CONV': [256, 5]}, {'POOLMAX': [-1, 2]}), ({'CONV': [32, 3]}, {'CONV': [64, 5]}), ({'CONV': [32, 3]}, {'CONV': [256, 3]}, {'POOLMAX': [-1, 2]}), ({'CONV': [256, 5]}, {'CONV': [256, 3]}), ({'CONV': [32, 3]}, {'CONV': [256, 5]}, {'POOLMAX': [-1, 2]}), {'GLOBAL_AVG': None}, {'LAST_DENSE': [100, 'softmax']}]",TPC,MPAR,GA,70,"[0.12729999423027039, 0.22779999673366547, 0.26739999651908875, 0.32170000672340393, 0.37560001015663147, 0.3522999882698059, 0.43619999289512634, 0.45489999651908875, 0.5049999952316284, 0.4997999966144562, 0.5145999789237976, 0.5026000142097473, 0.44530001282691956, 0.474700003862381, 0.517300009727478, 0.5205000042915344, 0.5795999765396118, 0.5928999781608582, 0.6040999889373779, 0.597000002861023, 0.5992000102996826, 0.6011999845504761, 0.5924000144004822, 0.6136999726295471, 0.5960999727249146, 0.618399977684021, 0.633899986743927, 0.6107000112533569, 0.579800009727478, 0.6118000149726868, 0.6136000156402588, 0.6151999831199646, 0.6516000032424927, 0.6603000164031982, 0.6559000015258789, 0.6539999842643738, 0.6539999842643738, 0.6603000164031982, 0.6412000060081482, 0.6586999893188477, 0.6614999771118164, 0.6557999849319458, 0.6431999802589417, 0.6643000245094299, 0.670199990272522, 0.6779000163078308, 0.6777999997138977, 0.6721000075340271, 0.6858999729156494, 0.6862000226974487, 0.6692000031471252, 0.675599992275238, 0.6710000038146973, 0.6657000184059143, 0.6699000000953674, 0.6833000183105469, 0.676800012588501, 0.6866999864578247, 0.6859999895095825, 0.6891999840736389, 0.6919999718666077, 0.692300021648407, 0.6869999766349792, 0.6912000179290771, 0.6876999735832214, 0.691100001335144, 0.6883999705314636, 0.6920999884605408, 0.6927000284194946, 0.6897000074386597]","[3.990426540374756, 3.399331569671631, 3.2694244384765625, 3.050039052963257, 2.7276432514190674, 2.9457786083221436, 2.570185661315918, 2.4561312198638916, 2.3085055351257324, 2.3321237564086914, 2.2594759464263916, 2.325209856033325, 2.628227472305298, 2.4992713928222656, 2.328230381011963, 2.334770679473877, 1.984921932220459, 1.9368443489074707, 1.8969089984893799, 1.9432871341705322, 1.943300724029541, 1.9075285196304321, 1.9652118682861328, 1.8658779859542847, 1.9583441019058228, 1.839036464691162, 1.7873862981796265, 1.8689074516296387, 2.0507936477661133, 1.8690133094787598, 1.8957397937774658, 1.9003255367279053, 1.7385574579238892, 1.7062960863113403, 1.7284759283065796, 1.7367527484893799, 1.782212257385254, 1.7051552534103394, 1.8059357404708862, 1.7130531072616577, 1.727919578552246, 1.7111341953277588, 1.860629677772522, 1.7484171390533447, 1.742221474647522, 1.668799638748169, 1.6744017601013184, 1.718582034111023, 1.6578320264816284, 1.622841477394104, 1.7373888492584229, 1.7082455158233643, 1.736353874206543, 1.774930715560913, 1.7565269470214844, 1.6919091939926147, 1.7265493869781494, 1.7100422382354736, 1.689711332321167, 1.7010581493377686, 1.6780540943145752, 1.687910795211792, 1.7212105989456177, 1.7037763595581055, 1.7186951637268066, 1.7187243700027466, 1.7111238241195679, 1.6944776773452759, 1.7017298936843872, 1.716745138168335]",0.6897000074386597,,999232172,,3980452,,,,,,0.125,0.375,0.125,87,39,400,400,0.2175,0.0975,False,BEST,0.35,True,True,"[[87  0  0 ...  0  0  0]
 [ 0 78  0 ...  0  0  0]
 [ 0  0 62 ...  0  3  0]
 ...
 [ 0  0  0 ... 71  0  0]
 [ 0  0  5 ...  0 49  0]
 [ 0  0  1 ...  0  0 71]]",0.6897,0.702258961,0.6897,0.690175968,120
BQLRU[M],,12,20,12,False,False,"[61, 15, 23, 20, 51, 12, 10, 31]",[],"[{'INP': 32}, {'CONV': [64, 3]}, ({'CONV': [256, 5]}, {'CONV': [128, 5]}), ({'CONV': [32, 5]}, {'CONV': [256, 5]}, {'POOLMAX': [-1, 2]}), ({'CONV': [64, 3]}, {'CONV': [256, 5]}), ({'CONV': [64, 3]}, {'CONV': [128, 3]}, {'POOLMAX': [-1, 2]}), ({'CONV': [256, 3]}, {'CONV': [64, 5]}), ({'CONV': [32, 5]}, {'CONV': [128, 3]}, {'POOLMAX': [-1, 2]}), ({'CONV': [32, 5]}, {'CONV': [64, 3]}), ({'CONV': [64, 5]}, {'CONV': [256, 5]}, {'POOLMAX': [-1, 2]}), {'GLOBAL_AVG': None}, {'LAST_DENSE': [100, 'softmax']}]",TPC,MPAR,GA,70,"[0.07429999858140945, 0.19339999556541443, 0.24269999563694, 0.3490999937057495, 0.3725999891757965, 0.37450000643730164, 0.46059998869895935, 0.3603000044822693, 0.4595000147819519, 0.48500001430511475, 0.4352000057697296, 0.48559999465942383, 0.4611000120639801, 0.4997999966144562, 0.5008000135421753, 0.4758000075817108, 0.5146999955177307, 0.4226999878883362, 0.5141000151634216, 0.5519000291824341, 0.49939998984336853, 0.5501000285148621, 0.5527999997138977, 0.5555999875068665, 0.49889999628067017, 0.592199981212616, 0.5687999725341797, 0.617900013923645, 0.588100016117096, 0.6139000058174133, 0.6204000115394592, 0.6148999929428101, 0.6098999977111816, 0.6223000288009644, 0.5976999998092651, 0.6110000014305115, 0.6442000269889832, 0.646399974822998, 0.6552000045776367, 0.6532999873161316, 0.6539999842643738, 0.6509000062942505, 0.6453999876976013, 0.6444000005722046, 0.6484000086784363, 0.6553999781608582, 0.6672999858856201, 0.6721000075340271, 0.66839998960495, 0.6669999957084656, 0.6668000221252441, 0.6753000020980835, 0.6712999939918518, 0.671500027179718, 0.6704000234603882, 0.6632000207901001, 0.6694999933242798, 0.6769000291824341, 0.6761999726295471, 0.6794999837875366, 0.6804999709129333, 0.6812999844551086, 0.6694999933242798, 0.6784999966621399, 0.6811000108718872, 0.6747000217437744, 0.6758000254631042, 0.6818000078201294, 0.683899998664856, 0.6866000294685364]","[4.620513439178467, 3.698056697845459, 3.525099515914917, 2.7609221935272217, 2.8096811771392822, 2.764296770095825, 2.3688101768493652, 3.026033878326416, 2.4419102668762207, 2.3611464500427246, 2.7532737255096436, 2.3262975215911865, 2.5319883823394775, 2.3053364753723145, 2.3636767864227295, 2.548931360244751, 2.288689613342285, 2.815101146697998, 2.3358571529388428, 2.120011568069458, 2.4829227924346924, 2.2065351009368896, 2.1760778427124023, 2.188214063644409, 2.5167388916015625, 1.9974511861801147, 2.050225019454956, 1.8740437030792236, 2.080906391143799, 1.880801796913147, 1.8455193042755127, 1.88602614402771, 1.88228440284729, 1.8651193380355835, 1.9966607093811035, 1.9196205139160156, 1.7801060676574707, 1.7842189073562622, 1.7428697347640991, 1.766013503074646, 1.7149738073349, 1.745435118675232, 1.7994457483291626, 1.7616755962371826, 1.8270728588104248, 1.7224684953689575, 1.7074271440505981, 1.7025387287139893, 1.696671724319458, 1.7306400537490845, 1.7053935527801514, 1.6891242265701294, 1.7130805253982544, 1.7281363010406494, 1.7084951400756836, 1.7377938032150269, 1.7261133193969727, 1.6891061067581177, 1.6790927648544312, 1.6781452894210815, 1.6749988794326782, 1.6714861392974854, 1.7579137086868286, 1.6923953294754028, 1.6803008317947388, 1.7190464735031128, 1.7537660598754883, 1.7044224739074707, 1.7064781188964844, 1.705424427986145]",0.6866000294685364,,1728761900,,3814820,,,,,,0.125,0.375,0.25,49,37,400,400,0.1225,0.0925,False,BEST,0.3,True,True,"[[82  0  1 ...  0  0  0]
 [ 0 80  0 ...  0  0  0]
 [ 0  0 60 ...  0  5  0]
 ...
 [ 0  0  0 ... 70  0  0]
 [ 0  0  3 ...  0 50  0]
 [ 0  0  0 ...  0  0 70]]",0.6864,0.698113439,0.6864,0.686931529,117
BIBRQS[M],,13,20,16,False,False,"[2, 4, 45, 52, 30, 12, 13, 55]",[],"[{'INP': 32}, {'CONV': [64, 3]}, ({'CONV': [32, 3]}, {'CONV': [64, 3]}), ({'CONV': [32, 3]}, {'CONV': [128, 3]}, {'POOLMAX': [-1, 2]}), ({'CONV': [128, 5]}, {'CONV': [128, 5]}), ({'CONV': [256, 3]}, {'CONV': [128, 3]}, {'POOLMAX': [-1, 2]}), ({'CONV': [64, 5]}, {'CONV': [256, 3]}), ({'CONV': [32, 5]}, {'CONV': [128, 3]}, {'POOLMAX': [-1, 2]}), ({'CONV': [32, 5]}, {'CONV': [128, 5]}), ({'CONV': [256, 3]}, {'CONV': [256, 5]}, {'POOLMAX': [-1, 2]}), {'GLOBAL_AVG': None}, {'LAST_DENSE': [100, 'softmax']}]",TPC,MPAR,GA,70,"[0.06509999930858612, 0.19339999556541443, 0.26899999380111694, 0.329800009727478, 0.33379998803138733, 0.388700008392334, 0.4512999951839447, 0.46790000796318054, 0.4023999869823456, 0.4562000036239624, 0.4733000099658966, 0.47279998660087585, 0.5141000151634216, 0.5073000192642212, 0.4855000078678131, 0.522599995136261, 0.5126000046730042, 0.5101000070571899, 0.5593000054359436, 0.505299985408783, 0.5892000198364258, 0.5300999879837036, 0.5537999868392944, 0.5220999717712402, 0.5539000034332275, 0.5600000023841858, 0.630299985408783, 0.6398000121116638, 0.6180999875068665, 0.6358000040054321, 0.6118999719619751, 0.6383000016212463, 0.6037999987602234, 0.6527000069618225, 0.6324999928474426, 0.6164000034332275, 0.63919997215271, 0.6115999817848206, 0.6320000290870667, 0.6735000014305115, 0.6797999739646912, 0.6687999963760376, 0.6801999807357788, 0.6894999742507935, 0.6747000217437744, 0.6758999824523926, 0.6660000085830688, 0.669700026512146, 0.6812000274658203, 0.6833999752998352, 0.6891999840736389, 0.6848000288009644, 0.6929000020027161, 0.6937000155448914, 0.6820999979972839, 0.6908000111579895, 0.6970000267028809, 0.6886000037193298, 0.694599986076355, 0.6915000081062317, 0.6942999958992004, 0.6995999813079834, 0.6909999847412109, 0.6970000267028809, 0.7027999758720398, 0.703000009059906, 0.699400007724762, 0.7067999839782715, 0.7017999887466431, 0.7049000263214111]","[4.622928619384766, 3.556691884994507, 3.2532365322113037, 2.8983781337738037, 3.055114984512329, 2.92972469329834, 2.4354588985443115, 2.405341386795044, 2.828975200653076, 2.526679515838623, 2.4338841438293457, 2.4409258365631104, 2.2873992919921875, 2.3390214443206787, 2.6678168773651123, 2.255354166030884, 2.35967755317688, 2.378127336502075, 2.1480069160461426, 2.489190101623535, 2.0195016860961914, 2.3901631832122803, 2.219064712524414, 2.378383159637451, 2.232431173324585, 2.2480123043060303, 1.8765363693237305, 1.8357083797454834, 1.941992163658142, 1.7921545505523682, 1.9596529006958008, 1.7922865152359009, 1.9972028732299805, 1.7511463165283203, 1.8885771036148071, 1.9681485891342163, 1.8290947675704956, 2.0431270599365234, 1.8749275207519531, 1.691648244857788, 1.6537277698516846, 1.7014211416244507, 1.6749438047409058, 1.615806221961975, 1.7051275968551636, 1.679583191871643, 1.7132694721221924, 1.7049217224121094, 1.6306904554367065, 1.6259067058563232, 1.6118794679641724, 1.6582443714141846, 1.6214407682418823, 1.605686068534851, 1.6833423376083374, 1.6312286853790283, 1.6284382343292236, 1.6615020036697388, 1.638969898223877, 1.6508127450942993, 1.6596109867095947, 1.6257519721984863, 1.685168981552124, 1.6493960618972778, 1.617308497428894, 1.6159553527832031, 1.6344715356826782, 1.6120718717575073, 1.624517798423767, 1.6055041551589966]",0.7049000263214111,,1206637868,,5642148,,,,,,0.0,0.0,0.125,59,36,400,400,0.1475,0.09,False,BEST,0.35,True,True,"[[82  0  1 ...  0  0  0]
 [ 0 79  0 ...  0  0  0]
 [ 1  0 62 ...  0  2  0]
 ...
 [ 0  0  0 ... 74  0  0]
 [ 0  0  2 ...  0 52  0]
 [ 0  0  0 ...  0  0 71]]",0.7048,0.713638457,0.7048,0.705089128,94
BYVDHL[M],,14,20,10,False,False,"[7, 9, 2, 13, 60, 42, 54, 62]",[],"[{'INP': 32}, {'CONV': [64, 3]}, ({'CONV': [32, 3]}, {'CONV': [256, 5]}), ({'CONV': [32, 5]}, {'CONV': [32, 5]}, {'POOLMAX': [-1, 2]}), ({'CONV': [32, 3]}, {'CONV': [64, 3]}), ({'CONV': [32, 5]}, {'CONV': [128, 5]}, {'POOLMAX': [-1, 2]}), ({'CONV': [256, 5]}, {'CONV': [128, 3]}), ({'CONV': [128, 5]}, {'CONV': [64, 3]}, {'POOLMAX': [-1, 2]}), ({'CONV': [256, 3]}, {'CONV': [256, 3]}), ({'CONV': [256, 5]}, {'CONV': [256, 3]}, {'POOLMAX': [-1, 2]}), {'GLOBAL_AVG': None}, {'LAST_DENSE': [100, 'softmax']}]",TPC,MPAR,GA,70,"[0.08550000190734863, 0.1890999972820282, 0.31209999322891235, 0.34779998660087585, 0.3790000081062317, 0.4090999960899353, 0.37959998846054077, 0.49320000410079956, 0.4551999866962433, 0.43540000915527344, 0.49709999561309814, 0.46970000863075256, 0.5156999826431274, 0.48989999294281006, 0.5479999780654907, 0.4178999960422516, 0.4781999886035919, 0.5425000190734863, 0.5192000269889832, 0.5304999947547913, 0.5846999883651733, 0.5972999930381775, 0.5867000222206116, 0.5669999718666077, 0.5907999873161316, 0.5979999899864197, 0.5940999984741211, 0.6146000027656555, 0.614300012588501, 0.5921000242233276, 0.5993000268936157, 0.6018000245094299, 0.6029000282287598, 0.6394000053405762, 0.6420999765396118, 0.6611999869346619, 0.6468999981880188, 0.6428999900817871, 0.6532999873161316, 0.6450999975204468, 0.6406000256538391, 0.6589000225067139, 0.6671000123023987, 0.6585000157356262, 0.6668999791145325, 0.6660000085830688, 0.6773999929428101, 0.6671000123023987, 0.6700999736785889, 0.6759999990463257, 0.669700026512146, 0.671500027179718, 0.6739000082015991, 0.673799991607666, 0.670799970626831, 0.6736000180244446, 0.6726999878883362, 0.6711000204086304, 0.6717000007629395, 0.6736000180244446, 0.6751000285148621, 0.6736999750137329, 0.6732000112533569, 0.6729999780654907, 0.6729999780654907, 0.6754999756813049, 0.6747999787330627, 0.6746000051498413, 0.675599992275238, 0.6747999787330627]","[4.516498565673828, 3.7247719764709473, 3.0135555267333984, 2.891374111175537, 2.7997655868530273, 2.6222710609436035, 2.8444619178771973, 2.2539825439453125, 2.4462857246398926, 2.6970882415771484, 2.300157308578491, 2.475022077560425, 2.2078752517700195, 2.3897690773010254, 2.096893310546875, 2.9883720874786377, 2.4827301502227783, 2.1719582080841064, 2.3308005332946777, 2.290708065032959, 2.000877857208252, 1.941983938217163, 1.9734468460083008, 2.077467441558838, 1.9565470218658447, 1.9412572383880615, 1.9566258192062378, 1.8547381162643433, 1.8571590185165405, 1.9895246028900146, 1.9814043045043945, 1.9369471073150635, 1.900240182876587, 1.7625066041946411, 1.7447779178619385, 1.6800479888916016, 1.723693609237671, 1.7478091716766357, 1.7038187980651855, 1.7583500146865845, 1.7950490713119507, 1.6985480785369873, 1.700705885887146, 1.7231765985488892, 1.6982381343841553, 1.6947256326675415, 1.664286494255066, 1.684425950050354, 1.69960355758667, 1.6695281267166138, 1.6856529712677002, 1.6877676248550415, 1.694275140762329, 1.6978362798690796, 1.6973320245742798, 1.6866484880447388, 1.6832691431045532, 1.692948579788208, 1.7114343643188477, 1.6896981000900269, 1.692268967628479, 1.7062538862228394, 1.6994898319244385, 1.6985671520233154, 1.6989045143127441, 1.7050108909606934, 1.7000916004180908, 1.6983954906463623, 1.6998767852783203, 1.7007092237472534]",0.6747999787330627,,785291372,,6218532,,,,,,0.25,0.375,0.0,43,23,400,400,0.1075,0.0575,False,BEST,0.35,True,True,"[[83  0  1 ...  0  0  0]
 [ 0 82  0 ...  0  0  0]
 [ 0  1 49 ...  0  3  0]
 ...
 [ 0  0  0 ... 66  0  0]
 [ 0  0  2 ...  0 46  0]
 [ 0  0  0 ...  0  0 73]]",0.6747,0.687127053,0.6747,0.675187031,63
BUFLJZ[M],,15,20,20,True,True,"[26, 28, 39, 39, 39, 38, 5, 39]",[],"[{'INP': 32}, {'CONV': [64, 3]}, ({'CONV': [64, 5]}, {'CONV': [64, 3]}), ({'CONV': [64, 5]}, {'CONV': [128, 3]}, {'POOLMAX': [-1, 2]}), ({'CONV': [128, 3]}, {'CONV': [256, 5]}), ({'CONV': [128, 3]}, {'CONV': [256, 5]}, {'POOLMAX': [-1, 2]}), ({'CONV': [128, 3]}, {'CONV': [256, 5]}), ({'CONV': [128, 3]}, {'CONV': [256, 3]}, {'POOLMAX': [-1, 2]}), ({'CONV': [32, 3]}, {'CONV': [128, 5]}), ({'CONV': [128, 3]}, {'CONV': [256, 5]}, {'POOLMAX': [-1, 2]}), {'GLOBAL_AVG': None}, {'LAST_DENSE': [100, 'softmax']}]",TPC,MPAR,GA,70,"[0.09459999948740005, 0.16920000314712524, 0.31049999594688416, 0.3400999903678894, 0.34060001373291016, 0.4140999913215637, 0.42309999465942383, 0.4440000057220459, 0.424699991941452, 0.4747999906539917, 0.45820000767707825, 0.5162000060081482, 0.48190000653266907, 0.47940000891685486, 0.5081999897956848, 0.484499990940094, 0.4844000041484833, 0.579800009727478, 0.588100016117096, 0.5608000159263611, 0.6075000166893005, 0.6025000214576721, 0.5900999903678894, 0.619700014591217, 0.5849000215530396, 0.5975000262260437, 0.597599983215332, 0.612500011920929, 0.5895000100135803, 0.6504999995231628, 0.6327000260353088, 0.6503000259399414, 0.6567999720573425, 0.6589999794960022, 0.6721000075340271, 0.6452999711036682, 0.6421999931335449, 0.6391000151634216, 0.6538000106811523, 0.6485000252723694, 0.6692000031471252, 0.6814000010490417, 0.6664999723434448, 0.675599992275238, 0.6765999794006348, 0.6679999828338623, 0.6812999844551086, 0.6877999901771545, 0.6866999864578247, 0.6802999973297119, 0.6796000003814697, 0.6862000226974487, 0.6886000037193298, 0.691100001335144, 0.6956999897956848, 0.6958000063896179, 0.6866999864578247, 0.6930000185966492, 0.6909000277519226, 0.6960999965667725, 0.6955000162124634, 0.6966000199317932, 0.6942999958992004, 0.6980000138282776, 0.6959999799728394, 0.6955000162124634, 0.6938999891281128, 0.6956999897956848, 0.6962000131607056, 0.6984999775886536]","[4.16972541809082, 4.04072904586792, 2.9647061824798584, 2.8825016021728516, 2.931002378463745, 2.5680418014526367, 2.6091065406799316, 2.4620864391326904, 2.6099977493286133, 2.4158859252929688, 2.5038018226623535, 2.2415246963500977, 2.4181864261627197, 2.5048933029174805, 2.3032116889953613, 2.5869438648223877, 2.581225872039795, 1.9912052154541016, 1.951341986656189, 2.08524227142334, 1.9015100002288818, 1.8459075689315796, 1.950101375579834, 1.8312089443206787, 1.973647117614746, 1.9615041017532349, 1.9274605512619019, 1.8569920063018799, 1.9646512269973755, 1.723533034324646, 1.8378098011016846, 1.7464693784713745, 1.713128924369812, 1.734238862991333, 1.637595772743225, 1.7947105169296265, 1.7862956523895264, 1.832079291343689, 1.723798394203186, 1.7556902170181274, 1.6869328022003174, 1.6095049381256104, 1.7506828308105469, 1.6664865016937256, 1.6556154489517212, 1.7301082611083984, 1.6478880643844604, 1.6229931116104126, 1.6648857593536377, 1.688173770904541, 1.691842794418335, 1.6637970209121704, 1.6634438037872314, 1.6445423364639282, 1.6384986639022827, 1.6368931531906128, 1.6892913579940796, 1.6520864963531494, 1.6645746231079102, 1.649215579032898, 1.6392269134521484, 1.6498656272888184, 1.6674232482910156, 1.655069351196289, 1.6606677770614624, 1.6585427522659302, 1.6590224504470825, 1.6595560312271118, 1.663362741470337, 1.652509331703186]",0.6984999775886536,,1095085036,,5401636,,,,,"[26, 28, 39, 39, 39, 38, 5, 39]",0.25,0.25,0.0,61,39,400,400,0.1525,0.0975,False,BEST,0.6,True,True,"[[82  0  0 ...  0  0  0]
 [ 0 81  0 ...  0  0  0]
 [ 0  0 57 ...  0  4  0]
 ...
 [ 0  0  0 ... 71  0  0]
 [ 0  0  1 ...  0 50  0]
 [ 0  0  0 ...  0  0 76]]",0.6985,0.711027049,0.6985,0.699800618,11
BVDIOG[M],,16,20,19,True,True,"[43, 15, 23, 24, 51, 38, 13, 55]",[],"[{'INP': 32}, {'CONV': [64, 3]}, ({'CONV': [128, 5]}, {'CONV': [64, 5]}), ({'CONV': [32, 5]}, {'CONV': [256, 5]}, {'POOLMAX': [-1, 2]}), ({'CONV': [64, 3]}, {'CONV': [256, 5]}), ({'CONV': [64, 5]}, {'CONV': [32, 3]}, {'POOLMAX': [-1, 2]}), ({'CONV': [256, 3]}, {'CONV': [64, 5]}), ({'CONV': [128, 3]}, {'CONV': [256, 3]}, {'POOLMAX': [-1, 2]}), ({'CONV': [32, 5]}, {'CONV': [128, 5]}), ({'CONV': [256, 3]}, {'CONV': [256, 5]}, {'POOLMAX': [-1, 2]}), {'GLOBAL_AVG': None}, {'LAST_DENSE': [100, 'softmax']}]",TPC,MPAR,GA,70,"[0.11980000138282776, 0.1826000064611435, 0.2639999985694885, 0.29510000348091125, 0.3546999990940094, 0.3873000144958496, 0.3287999927997589, 0.4147000014781952, 0.46299999952316284, 0.44760000705718994, 0.4223000109195709, 0.4487999975681305, 0.33809998631477356, 0.43650001287460327, 0.5358999967575073, 0.5112000107765198, 0.5318999886512756, 0.5640000104904175, 0.5250999927520752, 0.5418999791145325, 0.5651999711990356, 0.557699978351593, 0.5778999924659729, 0.5701000094413757, 0.5457000136375427, 0.567300021648407, 0.5597000122070312, 0.5468000173568726, 0.602400004863739, 0.6165000200271606, 0.5914000272750854, 0.6029000282287598, 0.6104000210762024, 0.6029999852180481, 0.5853999853134155, 0.614799976348877, 0.6172000169754028, 0.6172999739646912, 0.6118000149726868, 0.6104999780654907, 0.6014000177383423, 0.6238999962806702, 0.6396999955177307, 0.6517000198364258, 0.6473000049591064, 0.6489999890327454, 0.6546000242233276, 0.6420000195503235, 0.636900007724762, 0.6608999967575073, 0.6456999778747559, 0.6549999713897705, 0.6489999890327454, 0.650600016117096, 0.6607999801635742, 0.6579999923706055, 0.6622999906539917, 0.6603000164031982, 0.6585000157356262, 0.6628999710083008, 0.6632999777793884, 0.6600000262260437, 0.6647999882698059, 0.6633999943733215, 0.6671000123023987, 0.6674000024795532, 0.6653000116348267, 0.6657000184059143, 0.666100025177002, 0.6650000214576721]","[3.9254374504089355, 3.568591833114624, 3.1839890480041504, 3.1548848152160645, 2.8657655715942383, 2.719790458679199, 3.056509494781494, 2.806678056716919, 2.387505292892456, 2.4770500659942627, 2.7000515460968018, 2.5715391635894775, 3.506553888320923, 2.703603982925415, 2.1414997577667236, 2.240027666091919, 2.163942575454712, 1.9724525213241577, 2.204218864440918, 2.17258620262146, 1.976706624031067, 2.0090808868408203, 1.9061634540557861, 1.974342942237854, 2.1589674949645996, 2.0098001956939697, 2.025282382965088, 2.1848366260528564, 1.8729991912841797, 1.827457070350647, 1.9653500318527222, 1.8613678216934204, 1.8233569860458374, 1.8577370643615723, 1.9604740142822266, 1.8162670135498047, 1.7888336181640625, 1.8452820777893066, 1.8232951164245605, 1.875249981880188, 1.9587790966033936, 1.8326863050460815, 1.7467881441116333, 1.6710137128829956, 1.7405014038085938, 1.6983531713485718, 1.6792998313903809, 1.7817373275756836, 1.7670249938964844, 1.687421441078186, 1.7553800344467163, 1.684374213218689, 1.7333993911743164, 1.7388885021209717, 1.6894363164901733, 1.694563627243042, 1.6876070499420166, 1.6782288551330566, 1.691998839378357, 1.6748449802398682, 1.6856484413146973, 1.70036780834198, 1.6900421380996704, 1.7058396339416504, 1.6792820692062378, 1.6883152723312378, 1.695316195487976, 1.6850696802139282, 1.6799821853637695, 1.6853816509246826]",0.6650000214576721,,641611948,,4371108,,,,,"[43, 15, 23, 24, 51, 38, 13, 55]",0.375,0.125,0.0,70,30,400,400,0.175,0.075,False,BEST,0.1,True,True,"[[76  0  1 ...  0  0  0]
 [ 0 79  0 ...  0  0  0]
 [ 0  0 47 ...  0  4  0]
 ...
 [ 0  0  0 ... 63  0  0]
 [ 0  0  2 ...  0 48  0]
 [ 0  0  1 ...  0  0 67]]",0.6648,0.678338264,0.6648,0.664941313,103
BDCCER[M],,17,20,19,True,True,"[14, 28, 23, 12, 39, 38, 31, 37]",[],"[{'INP': 32}, {'CONV': [64, 3]}, ({'CONV': [32, 5]}, {'CONV': [256, 3]}), ({'CONV': [64, 5]}, {'CONV': [128, 3]}, {'POOLMAX': [-1, 2]}), ({'CONV': [64, 3]}, {'CONV': [256, 5]}), ({'CONV': [32, 5]}, {'CONV': [128, 3]}, {'POOLMAX': [-1, 2]}), ({'CONV': [128, 3]}, {'CONV': [256, 5]}), ({'CONV': [128, 3]}, {'CONV': [256, 3]}, {'POOLMAX': [-1, 2]}), ({'CONV': [64, 5]}, {'CONV': [256, 5]}), ({'CONV': [128, 3]}, {'CONV': [128, 5]}, {'POOLMAX': [-1, 2]}), {'GLOBAL_AVG': None}, {'LAST_DENSE': [100, 'softmax']}]",TPC,MPAR,GA,70,"[0.14249999821186066, 0.19550000131130219, 0.32659998536109924, 0.3522000014781952, 0.35339999198913574, 0.39629998803138733, 0.4406999945640564, 0.4546999931335449, 0.41110000014305115, 0.43479999899864197, 0.45100000500679016, 0.43860000371932983, 0.5647000074386597, 0.599399983882904, 0.5771999955177307, 0.5971999764442444, 0.5806999802589417, 0.6011999845504761, 0.5910000205039978, 0.660099983215332, 0.621399998664856, 0.6412000060081482, 0.6467999815940857, 0.6567000150680542, 0.6450999975204468, 0.677299976348877, 0.6865000128746033, 0.671999990940094, 0.6730999946594238, 0.6872000098228455, 0.6747000217437744, 0.6833000183105469, 0.6984000205993652, 0.6887000203132629, 0.6901999711990356, 0.6823999881744385, 0.6909999847412109, 0.692799985408783, 0.6926000118255615, 0.6959999799728394, 0.6944000124931335, 0.6973999738693237, 0.695900022983551, 0.6967999935150146, 0.6980000138282776, 0.7046999931335449, 0.6995000243186951, 0.7005000114440918, 0.699400007724762, 0.6995000243186951, 0.6995999813079834, 0.7003999948501587, 0.7002000212669373, 0.6970000267028809, 0.6988999843597412, 0.6995999813079834, 0.6980000138282776, 0.7010999917984009, 0.7002999782562256, 0.6991999745368958, 0.7002000212669373, 0.7002999782562256, 0.701200008392334, 0.7016000151634216, 0.699999988079071, 0.7005000114440918, 0.7006999850273132, 0.7002000212669373, 0.7009999752044678, 0.7005000114440918]","[3.9989137649536133, 3.6845738887786865, 2.9742369651794434, 2.934560537338257, 2.993978261947632, 2.7699315547943115, 2.628241539001465, 2.7010884284973145, 2.889613628387451, 2.784160852432251, 2.7070305347442627, 2.745431900024414, 2.0274832248687744, 1.8638166189193726, 2.0028908252716064, 1.9063338041305542, 1.9919275045394897, 1.8954074382781982, 1.9504718780517578, 1.6604068279266357, 1.8526060581207275, 1.7391458749771118, 1.697893500328064, 1.690629482269287, 1.72847580909729, 1.5984594821929932, 1.566430687904358, 1.6362361907958984, 1.6369504928588867, 1.5778084993362427, 1.6394208669662476, 1.6158121824264526, 1.5542694330215454, 1.6238325834274292, 1.6289894580841064, 1.6454166173934937, 1.6651685237884521, 1.623307704925537, 1.6334043741226196, 1.621525526046753, 1.6177765130996704, 1.6244558095932007, 1.6386014223098755, 1.646337866783142, 1.6446921825408936, 1.6184568405151367, 1.6295361518859863, 1.6403071880340576, 1.6447107791900635, 1.6429355144500732, 1.6438260078430176, 1.6514580249786377, 1.6411579847335815, 1.651023030281067, 1.648930311203003, 1.6487505435943604, 1.654976725578308, 1.6474666595458984, 1.6527302265167236, 1.650308609008789, 1.64481782913208, 1.6479711532592773, 1.6481152772903442, 1.6499766111373901, 1.6501011848449707, 1.6503276824951172, 1.6500896215438843, 1.6558430194854736, 1.6505990028381348, 1.6509193181991577]",0.7005000114440918,,1098398252,,6837668,,,,,"[14, 28, 23, 12, 39, 38, 31, 37]",0.25,0.125,0.0,81,39,400,400,0.2025,0.0975,False,BEST,0.5,True,True,"[[82  0  0 ...  0  0  0]
 [ 0 79  0 ...  0  0  0]
 [ 0  0 53 ...  0  6  0]
 ...
 [ 0  0  0 ... 69  0  0]
 [ 1  0  2 ...  0 56  0]
 [ 0  0  0 ...  0  0 73]]",0.7006,0.710536111,0.7006,0.700833492,6
BLTHYR[M],,18,20,18,False,False,"[20, 46, 36, 29, 51, 7, 54, 14]",[],"[{'INP': 32}, {'CONV': [64, 3]}, ({'CONV': [64, 3]}, {'CONV': [128, 3]}), ({'CONV': [128, 5]}, {'CONV': [256, 3]}, {'POOLMAX': [-1, 2]}), ({'CONV': [128, 3]}, {'CONV': [128, 3]}), ({'CONV': [64, 5]}, {'CONV': [128, 5]}, {'POOLMAX': [-1, 2]}), ({'CONV': [256, 3]}, {'CONV': [64, 5]}), ({'CONV': [32, 3]}, {'CONV': [256, 5]}, {'POOLMAX': [-1, 2]}), ({'CONV': [256, 3]}, {'CONV': [256, 3]}), ({'CONV': [32, 5]}, {'CONV': [256, 3]}, {'POOLMAX': [-1, 2]}), {'GLOBAL_AVG': None}, {'LAST_DENSE': [100, 'softmax']}]",TPC,MPAR,GA,70,"[0.07509999722242355, 0.1776999980211258, 0.28060001134872437, 0.30489999055862427, 0.3521000146865845, 0.40310001373291016, 0.42340001463890076, 0.43160000443458557, 0.4521999955177307, 0.439300000667572, 0.4697999954223633, 0.47679999470710754, 0.46149998903274536, 0.5159000158309937, 0.5016000270843506, 0.4918000102043152, 0.42089998722076416, 0.532800018787384, 0.5339000225067139, 0.5609999895095825, 0.5181000232696533, 0.5658000111579895, 0.49470001459121704, 0.5370000004768372, 0.5504000186920166, 0.6237000226974487, 0.635200023651123, 0.6243000030517578, 0.608299970626831, 0.603600025177002, 0.6082000136375427, 0.6362000107765198, 0.6351000070571899, 0.6003000140190125, 0.6049000024795532, 0.6080999970436096, 0.6291999816894531, 0.6646000146865845, 0.6764000058174133, 0.6604999899864197, 0.6725999712944031, 0.6524999737739563, 0.6581000089645386, 0.6567999720573425, 0.673799991607666, 0.6669999957084656, 0.6761000156402588, 0.6766999959945679, 0.6791999936103821, 0.6801999807357788, 0.6805999875068665, 0.6798999905586243, 0.675000011920929, 0.6798999905586243, 0.6848999857902527, 0.6869000196456909, 0.6837999820709229, 0.6834999918937683, 0.6891000270843506, 0.6869000196456909, 0.6865000128746033, 0.6880000233650208, 0.6891000270843506, 0.6884999871253967, 0.6890000104904175, 0.6898999810218811, 0.6888999938964844, 0.6884999871253967, 0.6890000104904175, 0.6887999773025513]","[4.351216793060303, 3.7193620204925537, 3.098710775375366, 2.9921977519989014, 2.9251418113708496, 2.6043508052825928, 2.685166597366333, 2.567673921585083, 2.440237522125244, 2.783902883529663, 2.424229860305786, 2.421164035797119, 2.568882465362549, 2.309643030166626, 2.345999002456665, 2.445361614227295, 2.9344871044158936, 2.208979368209839, 2.2787563800811768, 2.138245105743408, 2.383976697921753, 2.170055627822876, 2.6074013710021973, 2.291194438934326, 2.220327615737915, 1.8695025444030762, 1.8398884534835815, 1.9025545120239258, 1.9708490371704102, 1.9686943292617798, 1.9744255542755127, 1.8296525478363037, 1.8526430130004883, 1.9973450899124146, 2.0533430576324463, 2.0032455921173096, 1.9084831476211548, 1.745638132095337, 1.6901500225067139, 1.7439234256744385, 1.7072622776031494, 1.8277679681777954, 1.7842013835906982, 1.8058053255081177, 1.7217810153961182, 1.7805832624435425, 1.732453465461731, 1.7296545505523682, 1.7364226579666138, 1.7186357975006104, 1.7324849367141724, 1.7490960359573364, 1.7635142803192139, 1.7492462396621704, 1.7433382272720337, 1.7313635349273682, 1.7376128435134888, 1.7500560283660889, 1.7340925931930542, 1.7397332191467285, 1.746520757675171, 1.7398314476013184, 1.7381166219711304, 1.7469913959503174, 1.7404191493988037, 1.7436085939407349, 1.7483839988708496, 1.7505654096603394, 1.7474251985549927, 1.7423361539840698]",0.6887999773025513,,566663916,,3551780,,,,,,0.125,0.25,0.0,84,29,400,400,0.21,0.0725,False,BEST,0.3,True,True,"[[81  0  1 ...  0  0  1]
 [ 0 79  0 ...  0  0  0]
 [ 0  0 56 ...  0  2  0]
 ...
 [ 0  0  0 ... 67  0  0]
 [ 0  0  2 ...  0 55  0]
 [ 0  0  0 ...  0  0 67]]",0.6887,0.701631303,0.6887,0.68959642,29
BCBONV[M],,19,20,20,True,True,"[29, 7, 39, 39, 39, 6, 52, 31]",[],"[{'INP': 32}, {'CONV': [64, 3]}, ({'CONV': [64, 5]}, {'CONV': [128, 5]}), ({'CONV': [32, 3]}, {'CONV': [256, 5]}, {'POOLMAX': [-1, 2]}), ({'CONV': [128, 3]}, {'CONV': [256, 5]}), ({'CONV': [128, 3]}, {'CONV': [256, 5]}, {'POOLMAX': [-1, 2]}), ({'CONV': [128, 3]}, {'CONV': [256, 5]}), ({'CONV': [32, 3]}, {'CONV': [256, 3]}, {'POOLMAX': [-1, 2]}), ({'CONV': [256, 3]}, {'CONV': [128, 3]}), ({'CONV': [64, 5]}, {'CONV': [256, 5]}, {'POOLMAX': [-1, 2]}), {'GLOBAL_AVG': None}, {'LAST_DENSE': [100, 'softmax']}]",TPC,MPAR,GA,70,"[0.09440000355243683, 0.18219999969005585, 0.2574999928474426, 0.30979999899864197, 0.335099995136261, 0.3499999940395355, 0.40610000491142273, 0.4226999878883362, 0.38659998774528503, 0.4625000059604645, 0.4733999967575073, 0.43549999594688416, 0.5309000015258789, 0.4819999933242798, 0.5257999897003174, 0.5078999996185303, 0.510699987411499, 0.5224000215530396, 0.5601999759674072, 0.5961999893188477, 0.5884000062942505, 0.5809000134468079, 0.6150000095367432, 0.6039000153541565, 0.5758000016212463, 0.6158000230789185, 0.6225000023841858, 0.6137999892234802, 0.5799000263214111, 0.5827000141143799, 0.571399986743927, 0.5939000248908997, 0.6496000289916992, 0.6589000225067139, 0.6360999941825867, 0.6528000235557556, 0.6413999795913696, 0.6389999985694885, 0.6596999764442444, 0.6678000092506409, 0.6708999872207642, 0.6672000288963318, 0.6650000214576721, 0.6717000007629395, 0.671999990940094, 0.6642000079154968, 0.6733999848365784, 0.6765000224113464, 0.6791999936103821, 0.6753000020980835, 0.6725999712944031, 0.6636000275611877, 0.6592000126838684, 0.6834999918937683, 0.6827999949455261, 0.6751000285148621, 0.6847000122070312, 0.6797999739646912, 0.6855999827384949, 0.6854000091552734, 0.6816999912261963, 0.6728000044822693, 0.6862999796867371, 0.6908000111579895, 0.6912000179290771, 0.6940000057220459, 0.6906999945640564, 0.6899999976158142, 0.6906999945640564, 0.6884999871253967]","[4.214183330535889, 3.6319258213043213, 3.2295541763305664, 3.0861587524414062, 2.94480299949646, 2.9754462242126465, 2.65230393409729, 2.662580966949463, 2.936342477798462, 2.494946241378784, 2.443917989730835, 2.6343631744384766, 2.171708345413208, 2.427037000656128, 2.2445292472839355, 2.2833664417266846, 2.3149523735046387, 2.3166112899780273, 2.0962672233581543, 1.9240682125091553, 1.9468538761138916, 1.9998925924301147, 1.8059543371200562, 1.8568681478500366, 2.033933162689209, 1.8290525674819946, 1.795632004737854, 1.817352533340454, 2.0317435264587402, 2.053029775619507, 2.1665163040161133, 1.9690759181976318, 1.7081396579742432, 1.6776150465011597, 1.7951769828796387, 1.7015258073806763, 1.7352052927017212, 1.7899249792099, 1.6863518953323364, 1.6814227104187012, 1.6548900604248047, 1.6659736633300781, 1.6797444820404053, 1.662049412727356, 1.654751181602478, 1.7293590307235718, 1.6453206539154053, 1.6127673387527466, 1.6172248125076294, 1.6668992042541504, 1.6836568117141724, 1.7461134195327759, 1.7553021907806396, 1.6387465000152588, 1.6298977136611938, 1.6652939319610596, 1.6114795207977295, 1.6822837591171265, 1.6320991516113281, 1.6483616828918457, 1.6526741981506348, 1.7225679159164429, 1.6591670513153076, 1.6313092708587646, 1.6383190155029297, 1.6371030807495117, 1.6560431718826294, 1.6524888277053833, 1.6447240114212036, 1.6603304147720337]",0.6884999871253967,,1616068204,,4690724,,,,,"[29, 7, 39, 39, 39, 6, 52, 31]",0.125,0.125,0.0,58,31,400,400,0.145,0.0775,False,BEST,0.45,True,True,"[[83  0  0 ...  0  0  0]
 [ 0 81  0 ...  0  0  0]
 [ 0  0 53 ...  0  5  0]
 ...
 [ 0  0  0 ... 71  0  1]
 [ 0  1  5 ...  0 60  0]
 [ 0  0  1 ...  0  0 67]]",0.6885,0.699886688,0.6885,0.689022648,85
BSGXJK[M],,20,20,10,False,False,"[54, 31, 27, 6, 39, 38, 54, 55]",[],"[{'INP': 32}, {'CONV': [64, 3]}, ({'CONV': [256, 3]}, {'CONV': [256, 3]}), ({'CONV': [64, 5]}, {'CONV': [256, 5]}, {'POOLMAX': [-1, 2]}), ({'CONV': [64, 5]}, {'CONV': [64, 5]}), ({'CONV': [32, 3]}, {'CONV': [256, 3]}, {'POOLMAX': [-1, 2]}), ({'CONV': [128, 3]}, {'CONV': [256, 5]}), ({'CONV': [128, 3]}, {'CONV': [256, 3]}, {'POOLMAX': [-1, 2]}), ({'CONV': [256, 3]}, {'CONV': [256, 3]}), ({'CONV': [256, 3]}, {'CONV': [256, 5]}, {'POOLMAX': [-1, 2]}), {'GLOBAL_AVG': None}, {'LAST_DENSE': [100, 'softmax']}]",TPC,MPAR,GA,70,"[0.07119999825954437, 0.21209999918937683, 0.2621000111103058, 0.2971000075340271, 0.3416999876499176, 0.3815999925136566, 0.3447999954223633, 0.41940000653266907, 0.4388999938964844, 0.38659998774528503, 0.4749999940395355, 0.49480000138282776, 0.5242000222206116, 0.49239999055862427, 0.534500002861023, 0.46779999136924744, 0.5085999965667725, 0.5048999786376953, 0.5688999891281128, 0.5821999907493591, 0.5802000164985657, 0.5803999900817871, 0.6122999787330627, 0.5879999995231628, 0.6031000018119812, 0.5999000072479248, 0.590499997138977, 0.6159999966621399, 0.5932000279426575, 0.6302000284194946, 0.6207000017166138, 0.6068999767303467, 0.623199999332428, 0.5945000052452087, 0.6105999946594238, 0.660099983215332, 0.6563000082969666, 0.642300009727478, 0.6538000106811523, 0.6632999777793884, 0.633899986743927, 0.6442999839782715, 0.6568999886512756, 0.6561999917030334, 0.6480000019073486, 0.6723999977111816, 0.6672999858856201, 0.6699000000953674, 0.6589999794960022, 0.6797999739646912, 0.682699978351593, 0.6725000143051147, 0.6726999878883362, 0.6823999881744385, 0.6801000237464905, 0.6741999983787537, 0.6865000128746033, 0.678600013256073, 0.6899999976158142, 0.6826000213623047, 0.6825000047683716, 0.6843000054359436, 0.6840000152587891, 0.682699978351593, 0.6855000257492065, 0.6883999705314636, 0.6854000091552734, 0.6855999827384949, 0.6858000159263611, 0.6841999888420105]","[4.410330295562744, 3.490292549133301, 3.230682134628296, 3.1161203384399414, 2.8979573249816895, 3.5212795734405518, 3.0868477821350098, 2.667891263961792, 3.5542352199554443, 5.014877796173096, 2.413587808609009, 2.3534786701202393, 2.1736016273498535, 2.3405685424804688, 2.1785764694213867, 2.5633599758148193, 2.3489089012145996, 2.364494562149048, 2.0371193885803223, 1.944215178489685, 2.0347139835357666, 1.9907104969024658, 1.8544622659683228, 2.011409282684326, 1.8936856985092163, 1.9249812364578247, 1.9173691272735596, 1.8396494388580322, 1.9822691679000854, 1.7926945686340332, 1.814609169960022, 1.9054044485092163, 1.8492441177368164, 2.007852077484131, 1.8417418003082275, 1.7104045152664185, 1.694481611251831, 1.8346009254455566, 1.752175211906433, 1.6813373565673828, 1.8564064502716064, 1.8114105463027954, 1.7364856004714966, 1.7368634939193726, 1.7796525955200195, 1.66796875, 1.6973103284835815, 1.7323973178863525, 1.7595083713531494, 1.6793822050094604, 1.672074556350708, 1.6972956657409668, 1.7070683240890503, 1.674566626548767, 1.6922210454940796, 1.7493574619293213, 1.6728686094284058, 1.7193175554275513, 1.6730657815933228, 1.7027273178100586, 1.7115941047668457, 1.6889574527740479, 1.7022297382354736, 1.7049775123596191, 1.6945888996124268, 1.6765695810317993, 1.69276762008667, 1.6957670450210571, 1.6885361671447754, 1.6993380784988403]",0.6841999888420105,,1682167596,,5879716,,,,,,0.5,0.125,0.0,51,36,400,400,0.1275,0.09,False,BEST,0.45,True,True,"[[85  0  0 ...  0  0  0]
 [ 0 75  1 ...  0  0  0]
 [ 0  0 56 ...  0  4  0]
 ...
 [ 0  0  0 ... 68  0  0]
 [ 0  0  5 ...  0 46  1]
 [ 0  0  0 ...  0  0 71]]",0.6843,0.69646465,0.6843,0.684597791,61
BLONEX[M],,21,20,16,False,False,"[49, 19, 23, 30, 39, 5, 54, 55]",[],"[{'INP': 32}, {'CONV': [64, 3]}, ({'CONV': [256, 3]}, {'CONV': [32, 5]}), ({'CONV': [64, 3]}, {'CONV': [64, 5]}, {'POOLMAX': [-1, 2]}), ({'CONV': [64, 3]}, {'CONV': [256, 5]}), ({'CONV': [64, 5]}, {'CONV': [256, 3]}, {'POOLMAX': [-1, 2]}), ({'CONV': [128, 3]}, {'CONV': [256, 5]}), ({'CONV': [32, 3]}, {'CONV': [128, 5]}, {'POOLMAX': [-1, 2]}), ({'CONV': [256, 3]}, {'CONV': [256, 3]}), ({'CONV': [256, 3]}, {'CONV': [256, 5]}, {'POOLMAX': [-1, 2]}), {'GLOBAL_AVG': None}, {'LAST_DENSE': [100, 'softmax']}]",TPC,MPAR,GA,70,"[0.09950000047683716, 0.23659999668598175, 0.26759999990463257, 0.31119999289512634, 0.33340001106262207, 0.35100001096725464, 0.4472000002861023, 0.4196000099182129, 0.4878000020980835, 0.41429999470710754, 0.49779999256134033, 0.5120999813079834, 0.4844000041484833, 0.515500009059906, 0.5123999714851379, 0.5074999928474426, 0.5317999720573425, 0.5205000042915344, 0.5167999863624573, 0.5515999794006348, 0.5422999858856201, 0.49300000071525574, 0.5645999908447266, 0.5206999778747559, 0.555899977684021, 0.5385000109672546, 0.5814999938011169, 0.5497000217437744, 0.5289999842643738, 0.5371000170707703, 0.5521000027656555, 0.5655999779701233, 0.6230000257492065, 0.6244000196456909, 0.6327999830245972, 0.6351000070571899, 0.6398000121116638, 0.6309000253677368, 0.6281999945640564, 0.6277999877929688, 0.6309999823570251, 0.6319000124931335, 0.6761000156402588, 0.661899983882904, 0.6662999987602234, 0.664900004863739, 0.6699000000953674, 0.6625999808311462, 0.6793000102043152, 0.6851000189781189, 0.6769000291824341, 0.6863999962806702, 0.6794999837875366, 0.6872000098228455, 0.6876000165939331, 0.6811000108718872, 0.6916000247001648, 0.6876000165939331, 0.6830999851226807, 0.6898000240325928, 0.6917999982833862, 0.6833000183105469, 0.6924999952316284, 0.6924999952316284, 0.6891999840736389, 0.6959999799728394, 0.694599986076355, 0.6948000192642212, 0.6944000124931335, 0.694100022315979]","[4.121021270751953, 3.309624195098877, 3.2030153274536133, 3.020038604736328, 3.0142006874084473, 3.180471897125244, 2.4862611293792725, 2.6397452354431152, 2.3240416049957275, 2.8787662982940674, 2.3150150775909424, 2.2569141387939453, 2.361813545227051, 2.261202573776245, 2.340754985809326, 2.3369038105010986, 2.2253942489624023, 2.271927833557129, 2.3183274269104004, 2.165191173553467, 2.229422092437744, 2.541356325149536, 2.0784356594085693, 2.4654080867767334, 2.241651773452759, 2.286665916442871, 2.0454018115997314, 2.239116907119751, 2.3498950004577637, 2.327397584915161, 2.239410161972046, 2.180448055267334, 1.9269179105758667, 1.9012693166732788, 1.846253514289856, 1.842368721961975, 1.820968747138977, 1.8467193841934204, 1.8646152019500732, 1.8898197412490845, 1.8445038795471191, 1.838236689567566, 1.6649037599563599, 1.724583387374878, 1.6893084049224854, 1.722856879234314, 1.685442566871643, 1.7193422317504883, 1.6603924036026, 1.6348164081573486, 1.674870491027832, 1.6477653980255127, 1.6679656505584717, 1.6429035663604736, 1.6190614700317383, 1.6627488136291504, 1.6202094554901123, 1.6287472248077393, 1.6680700778961182, 1.619393229484558, 1.6264797449111938, 1.6773629188537598, 1.6216962337493896, 1.6231451034545898, 1.6344186067581177, 1.6105729341506958, 1.6160074472427368, 1.6264381408691406, 1.6249440908432007, 1.62351393699646]",0.694100022315979,,1846693164,,5897124,,,,,,0.375,0.0,0.25,65,38,400,400,0.1625,0.095,False,BEST,0.65,True,True,"[[85  0  1 ...  0  0  0]
 [ 0 78  0 ...  0  0  0]
 [ 0  0 52 ...  0  3  0]
 ...
 [ 0  0  0 ... 73  0  0]
 [ 0  0  3 ...  0 51  1]
 [ 0  0  1 ...  0  0 73]]",0.6941,0.704600056,0.6941,0.693718705,23
BMZYEQ[M],,22,20,20,True,True,"[44, 28, 39, 12, 46, 6, 58, 55]",[],"[{'INP': 32}, {'CONV': [64, 3]}, ({'CONV': [128, 5]}, {'CONV': [128, 3]}), ({'CONV': [64, 5]}, {'CONV': [128, 3]}, {'POOLMAX': [-1, 2]}), ({'CONV': [128, 3]}, {'CONV': [256, 5]}), ({'CONV': [32, 5]}, {'CONV': [128, 3]}, {'POOLMAX': [-1, 2]}), ({'CONV': [128, 5]}, {'CONV': [256, 3]}), ({'CONV': [32, 3]}, {'CONV': [256, 3]}, {'POOLMAX': [-1, 2]}), ({'CONV': [256, 5]}, {'CONV': [64, 3]}), ({'CONV': [256, 3]}, {'CONV': [256, 5]}, {'POOLMAX': [-1, 2]}), {'GLOBAL_AVG': None}, {'LAST_DENSE': [100, 'softmax']}]",TPC,MPAR,GA,70,"[0.08370000123977661, 0.14090000092983246, 0.29510000348091125, 0.3012999892234802, 0.35519999265670776, 0.3693000078201294, 0.43959999084472656, 0.43939998745918274, 0.4571000039577484, 0.42399999499320984, 0.44859999418258667, 0.41260001063346863, 0.4844000041484833, 0.5054000020027161, 0.5206000208854675, 0.5105999708175659, 0.5192000269889832, 0.5436000227928162, 0.5511000156402588, 0.5475000143051147, 0.5236999988555908, 0.52920001745224, 0.4677000045776367, 0.5702999830245972, 0.5583000183105469, 0.517300009727478, 0.5295000076293945, 0.5871999859809875, 0.4927999973297119, 0.5461000204086304, 0.5799999833106995, 0.5758000016212463, 0.569100022315979, 0.6355999708175659, 0.6301000118255615, 0.6252999901771545, 0.6478999853134155, 0.6175000071525574, 0.6401000022888184, 0.6238999962806702, 0.6291000247001648, 0.6378999948501587, 0.6736999750137329, 0.6585000157356262, 0.6800000071525574, 0.6608999967575073, 0.6776000261306763, 0.6679999828338623, 0.6492000222206116, 0.6761000156402588, 0.6710000038146973, 0.6872000098228455, 0.6786999702453613, 0.6729000210762024, 0.6904000043869019, 0.6851000189781189, 0.6816999912261963, 0.6891000270843506, 0.6815000176429749, 0.6837000250816345, 0.684499979019165, 0.6930000185966492, 0.6883999705314636, 0.6912999749183655, 0.691100001335144, 0.6915000081062317, 0.6959999799728394, 0.6948000192642212, 0.6956999897956848, 0.6977999806404114]","[4.5314435958862305, 4.259032249450684, 3.008410692214966, 3.118199586868286, 2.8840746879577637, 2.8140947818756104, 2.5266497135162354, 2.587806224822998, 2.41650652885437, 2.6378979682922363, 2.553755760192871, 2.8350114822387695, 2.4129040241241455, 2.341405153274536, 2.249253988265991, 2.372131586074829, 2.297243356704712, 2.195798397064209, 2.1749470233917236, 2.2270188331604004, 2.3781468868255615, 2.3429694175720215, 3.095257520675659, 2.122757911682129, 2.178093194961548, 2.5119261741638184, 2.370328426361084, 2.055147647857666, 2.5195534229278564, 2.401639461517334, 2.0970582962036133, 2.1570725440979004, 2.1981992721557617, 1.8737750053405762, 1.8989535570144653, 1.9013944864273071, 1.78705894947052, 2.0027949810028076, 1.8117241859436035, 1.950377106666565, 1.9269033670425415, 1.865309715270996, 1.6876726150512695, 1.8069590330123901, 1.6689271926879883, 1.7876994609832764, 1.6840835809707642, 1.7340527772903442, 1.84865140914917, 1.6795176267623901, 1.7484430074691772, 1.6572957038879395, 1.7290161848068237, 1.7362926006317139, 1.6671910285949707, 1.6568599939346313, 1.6992725133895874, 1.6824525594711304, 1.6658523082733154, 1.7064199447631836, 1.695708990097046, 1.6635886430740356, 1.682140827178955, 1.69169282913208, 1.684076189994812, 1.6777160167694092, 1.6682294607162476, 1.6705445051193237, 1.6774489879608154, 1.6603878736495972]",0.6977999806404114,,1351337132,,5035172,,,,,"[44, 28, 39, 12, 46, 6, 58, 55]",0.125,0.25,0.0,87,29,400,400,0.2175,0.0725,False,BEST,0.35,True,True,"[[87  0  0 ...  0  0  0]
 [ 0 84  0 ...  0  0  0]
 [ 0  0 51 ...  0  4  1]
 ...
 [ 0  0  0 ... 72  0  0]
 [ 0  0  5 ...  0 53  0]
 [ 0  0  0 ...  0  0 71]]",0.6978,0.709235969,0.6978,0.699075188,53
BAOBKF[M],,23,20,12,False,False,"[6, 52, 4, 38, 53, 63, 11, 55]",[],"[{'INP': 32}, {'CONV': [64, 3]}, ({'CONV': [32, 3]}, {'CONV': [256, 3]}), ({'CONV': [256, 3]}, {'CONV': [128, 3]}, {'POOLMAX': [-1, 2]}), ({'CONV': [32, 3]}, {'CONV': [128, 3]}), ({'CONV': [128, 3]}, {'CONV': [256, 3]}, {'POOLMAX': [-1, 2]}), ({'CONV': [256, 3]}, {'CONV': [128, 5]}), ({'CONV': [256, 5]}, {'CONV': [256, 5]}, {'POOLMAX': [-1, 2]}), ({'CONV': [32, 5]}, {'CONV': [64, 5]}), ({'CONV': [256, 3]}, {'CONV': [256, 5]}, {'POOLMAX': [-1, 2]}), {'GLOBAL_AVG': None}, {'LAST_DENSE': [100, 'softmax']}]",TPC,MPAR,GA,70,"[0.10639999806880951, 0.20239999890327454, 0.26980000734329224, 0.30720001459121704, 0.3718000054359436, 0.3905999958515167, 0.435699999332428, 0.44699999690055847, 0.3774000108242035, 0.37310001254081726, 0.5024999976158142, 0.527899980545044, 0.48919999599456787, 0.48669999837875366, 0.5139999985694885, 0.498199999332428, 0.5127000212669373, 0.6205000281333923, 0.5997999906539917, 0.5975000262260437, 0.6054999828338623, 0.5922999978065491, 0.607699990272522, 0.6349999904632568, 0.6531000137329102, 0.6474000215530396, 0.6445000171661377, 0.6439999938011169, 0.6341000199317932, 0.6603999733924866, 0.6462000012397766, 0.6726999878883362, 0.6381000280380249, 0.6599000096321106, 0.6534000039100647, 0.6711000204086304, 0.6621000170707703, 0.680899977684021, 0.6895999908447266, 0.6759999990463257, 0.6766999959945679, 0.6937000155448914, 0.6761000156402588, 0.670799970626831, 0.6873000264167786, 0.692799985408783, 0.6940000057220459, 0.6916000247001648, 0.6855999827384949, 0.6868000030517578, 0.694100022315979, 0.6919999718666077, 0.6915000081062317, 0.6941999793052673, 0.6962000131607056, 0.6956999897956848, 0.701200008392334, 0.6988000273704529, 0.6970999836921692, 0.6978999972343445, 0.6984000205993652, 0.6988999843597412, 0.7001000046730042, 0.6991000175476074, 0.6980999708175659, 0.699400007724762, 0.6996999979019165, 0.6988999843597412, 0.6983000040054321, 0.6980999708175659]","[4.2350897789001465, 3.7310147285461426, 3.3096296787261963, 3.3485262393951416, 2.862170934677124, 2.805633306503296, 2.564669609069824, 2.690152883529663, 2.999444007873535, 3.4673027992248535, 2.3483901023864746, 2.2371182441711426, 2.4785611629486084, 2.417065382003784, 2.3513901233673096, 2.742141008377075, 3.3658015727996826, 1.8719329833984375, 1.9501560926437378, 1.9616426229476929, 1.9921478033065796, 1.9832242727279663, 1.9468635320663452, 1.813822865486145, 1.7280023097991943, 1.7620381116867065, 1.8031976222991943, 1.7710410356521606, 1.8386958837509155, 1.7007185220718384, 1.7667731046676636, 1.6443859338760376, 1.794731616973877, 1.6857720613479614, 1.761250615119934, 1.6518104076385498, 1.720621109008789, 1.6612160205841064, 1.6013113260269165, 1.7108540534973145, 1.7043025493621826, 1.6118566989898682, 1.7042585611343384, 1.743144154548645, 1.6522636413574219, 1.6355295181274414, 1.6532357931137085, 1.6581580638885498, 1.7108830213546753, 1.693571925163269, 1.6624000072479248, 1.6944118738174438, 1.6976972818374634, 1.7030158042907715, 1.6970747709274292, 1.684220552444458, 1.67073655128479, 1.6934306621551514, 1.7051646709442139, 1.7119455337524414, 1.7035291194915771, 1.7024749517440796, 1.6980518102645874, 1.7058842182159424, 1.709501028060913, 1.7105013132095337, 1.7005449533462524, 1.702134609222412, 1.7045074701309204, 1.7010170221328735]",0.6980999708175659,,988289580,,6747556,,,,,,0.375,0.25,0.125,47,21,400,400,0.1175,0.0525,False,BEST,0.25,True,True,"[[80  0  0 ...  0  0  0]
 [ 0 81  0 ...  0  0  0]
 [ 0  0 51 ...  0  3  0]
 ...
 [ 0  0  0 ... 63  0  0]
 [ 0  0  2 ...  0 59  0]
 [ 0  0  0 ...  0  0 77]]",0.6982,0.711052808,0.6982,0.699645557,20
BCANBQ[M],,24,20,20,True,True,"[14, 28, 29, 12, 24, 6, 62, 4]",[],"[{'INP': 32}, {'CONV': [64, 3]}, ({'CONV': [32, 5]}, {'CONV': [256, 3]}), ({'CONV': [64, 5]}, {'CONV': [128, 3]}, {'POOLMAX': [-1, 2]}), ({'CONV': [64, 5]}, {'CONV': [128, 5]}), ({'CONV': [32, 5]}, {'CONV': [128, 3]}, {'POOLMAX': [-1, 2]}), ({'CONV': [64, 5]}, {'CONV': [32, 3]}), ({'CONV': [32, 3]}, {'CONV': [256, 3]}, {'POOLMAX': [-1, 2]}), ({'CONV': [256, 5]}, {'CONV': [256, 3]}), ({'CONV': [32, 3]}, {'CONV': [128, 3]}, {'POOLMAX': [-1, 2]}), {'GLOBAL_AVG': None}, {'LAST_DENSE': [100, 'softmax']}]",TPC,MPAR,GA,70,"[0.1445000022649765, 0.2020999938249588, 0.25519999861717224, 0.24869999289512634, 0.39809998869895935, 0.4284999966621399, 0.4307999908924103, 0.41350001096725464, 0.39899998903274536, 0.47290000319480896, 0.4814000129699707, 0.48539999127388, 0.4456000030040741, 0.4740999937057495, 0.4602999985218048, 0.4787999987602234, 0.478300005197525, 0.5996999740600586, 0.6039999723434448, 0.5720999836921692, 0.5824999809265137, 0.5554999709129333, 0.6069999933242798, 0.60589998960495, 0.5834000110626221, 0.5957000255584717, 0.616100013256073, 0.579200029373169, 0.6586999893188477, 0.6341999769210815, 0.6651999950408936, 0.6614999771118164, 0.6565999984741211, 0.656000018119812, 0.6326000094413757, 0.650600016117096, 0.6680999994277954, 0.6692000031471252, 0.6669999957084656, 0.675599992275238, 0.6735000014305115, 0.6735000014305115, 0.6704000234603882, 0.6708999872207642, 0.6782000064849854, 0.6926000118255615, 0.6836000084877014, 0.679099977016449, 0.6884999871253967, 0.6787999868392944, 0.6845999956130981, 0.6876000165939331, 0.6891999840736389, 0.6930000185966492, 0.6851000189781189, 0.6930999755859375, 0.6901000142097473, 0.6883999705314636, 0.6924999952316284, 0.6927000284194946, 0.6927000284194946, 0.6884999871253967, 0.6915000081062317, 0.6915000081062317, 0.6919999718666077, 0.6929000020027161, 0.6931999921798706, 0.692799985408783, 0.692799985408783, 0.6916000247001648]","[3.925204277038574, 3.4796268939971924, 3.362199544906616, 3.716599941253662, 2.6201748847961426, 2.5441973209381104, 2.5709400177001953, 2.727271795272827, 2.850710153579712, 2.4400992393493652, 2.4615440368652344, 2.388546943664551, 2.635990619659424, 2.610499382019043, 2.7174253463745117, 2.517308235168457, 2.5809738636016846, 1.9576046466827393, 1.9469183683395386, 2.0895633697509766, 2.0323173999786377, 2.213690757751465, 1.8973009586334229, 1.9282023906707764, 2.072371482849121, 2.0310328006744385, 1.899427890777588, 2.1491386890411377, 1.7013342380523682, 1.8364613056182861, 1.6776933670043945, 1.7257107496261597, 1.7308337688446045, 1.759202003479004, 1.8884614706039429, 1.789482831954956, 1.6947312355041504, 1.7213443517684937, 1.7182825803756714, 1.676101565361023, 1.680434226989746, 1.6965075731277466, 1.7011228799819946, 1.7273952960968018, 1.7234587669372559, 1.6505475044250488, 1.683989405632019, 1.714169979095459, 1.673972487449646, 1.7271560430526733, 1.7098238468170166, 1.70729398727417, 1.6707834005355835, 1.6723662614822388, 1.6981064081192017, 1.6792714595794678, 1.6831204891204834, 1.7060002088546753, 1.7024158239364624, 1.6892558336257935, 1.690850019454956, 1.6975122690200806, 1.6989392042160034, 1.7005927562713623, 1.6996644735336304, 1.6983039379119873, 1.6967068910598755, 1.6956034898757935, 1.700673222541809, 1.7014762163162231]",0.6916000247001648,,729217132,,5976868,,,,,"[14, 28, 29, 12, 23, 6, 62, 4]",0.125,0.125,0.125,63,28,400,400,0.1575,0.07,False,BEST,0.65,True,True,"[[85  0  0 ...  0  0  0]
 [ 0 79  0 ...  0  0  0]
 [ 0  1 57 ...  0  4  0]
 ...
 [ 0  0  0 ... 72  0  0]
 [ 0  0  1 ...  0 48  0]
 [ 0  0  0 ...  0  0 74]]",0.6916,0.706385191,0.6916,0.692706237,8
BEQPDQ[M],,25,20,19,True,True,"[25, 36, 12, 46, 5, 38, 7, 22]",[],"[{'INP': 32}, {'CONV': [64, 3]}, ({'CONV': [64, 5]}, {'CONV': [32, 5]}), ({'CONV': [128, 3]}, {'CONV': [128, 3]}, {'POOLMAX': [-1, 2]}), ({'CONV': [32, 5]}, {'CONV': [128, 3]}), ({'CONV': [128, 5]}, {'CONV': [256, 3]}, {'POOLMAX': [-1, 2]}), ({'CONV': [32, 3]}, {'CONV': [128, 5]}), ({'CONV': [128, 3]}, {'CONV': [256, 3]}, {'POOLMAX': [-1, 2]}), ({'CONV': [32, 3]}, {'CONV': [256, 5]}), ({'CONV': [64, 3]}, {'CONV': [256, 3]}, {'POOLMAX': [-1, 2]}), {'GLOBAL_AVG': None}, {'LAST_DENSE': [100, 'softmax']}]",TPC,MPAR,GA,70,"[0.11060000211000443, 0.22120000422000885, 0.2574999928474426, 0.2964000105857849, 0.365200012922287, 0.41659998893737793, 0.34310001134872437, 0.41449999809265137, 0.44780001044273376, 0.4819999933242798, 0.44020000100135803, 0.47999998927116394, 0.4602000117301941, 0.47760000824928284, 0.4794999957084656, 0.5648999810218811, 0.5679000020027161, 0.5770000219345093, 0.5622000098228455, 0.5892000198364258, 0.5710999965667725, 0.6043999791145325, 0.5810999870300293, 0.5688999891281128, 0.5892999768257141, 0.6157000064849854, 0.5817999839782715, 0.5863000154495239, 0.5814999938011169, 0.5939000248908997, 0.5503000020980835, 0.6384000182151794, 0.6248000264167786, 0.6557999849319458, 0.6413000226020813, 0.6416000127792358, 0.6302000284194946, 0.628000020980835, 0.6252999901771545, 0.6651999950408936, 0.6561999917030334, 0.6664999723434448, 0.6632000207901001, 0.6568999886512756, 0.6762999892234802, 0.6675000190734863, 0.6629999876022339, 0.6520000100135803, 0.6711000204086304, 0.6516000032424927, 0.6718999743461609, 0.6751000285148621, 0.6680999994277954, 0.6836000084877014, 0.663100004196167, 0.6718999743461609, 0.6766999959945679, 0.6840999722480774, 0.6736999750137329, 0.6843000054359436, 0.6761000156402588, 0.6783999800682068, 0.6765999794006348, 0.6820999979972839, 0.6783999800682068, 0.680899977684021, 0.6832000017166138, 0.680400013923645, 0.6819000244140625, 0.6807000041007996]","[4.05394172668457, 3.369593381881714, 3.3881988525390625, 3.001478910446167, 2.8567426204681396, 2.547532558441162, 3.128742218017578, 2.6545846462249756, 2.492553472518921, 2.3240582942962646, 2.5373401641845703, 2.3800268173217773, 2.50921630859375, 2.410877227783203, 2.407517194747925, 1.9833292961120605, 1.9831607341766357, 1.9262946844100952, 2.0376977920532227, 1.8837857246398926, 1.9947247505187988, 1.8188213109970093, 1.9088964462280273, 1.9831146001815796, 1.8801871538162231, 1.7811806201934814, 1.9855207204818726, 1.9731556177139282, 1.9592812061309814, 1.9189496040344238, 2.1814098358154297, 1.734895944595337, 1.8529812097549438, 1.6571366786956787, 1.716186761856079, 1.7538337707519531, 1.785827875137329, 1.810122013092041, 1.8047080039978027, 1.6335088014602661, 1.6790062189102173, 1.6299628019332886, 1.6520986557006836, 1.680662751197815, 1.6093158721923828, 1.6547908782958984, 1.6601921319961548, 1.752686858177185, 1.6393376588821411, 1.7855273485183716, 1.643622875213623, 1.6287741661071777, 1.6823149919509888, 1.6078681945800781, 1.7122734785079956, 1.6730296611785889, 1.6317518949508667, 1.6224017143249512, 1.6862691640853882, 1.6222742795944214, 1.6527502536773682, 1.6424113512039185, 1.658079743385315, 1.6382920742034912, 1.6663689613342285, 1.6479705572128296, 1.6358765363693237, 1.653609037399292, 1.6637351512908936, 1.649724006652832]",0.6807000041007996,,1671121324,,3838628,,,,,"[25, 36, 12, 46, 5, 38, 7, 22]",0.25,0.125,0.0,56,41,400,400,0.14,0.1025,False,BEST,0.7,True,True,"[[85  0  1 ...  0  0  0]
 [ 1 82  0 ...  0  0  0]
 [ 0  0 64 ...  0  1  0]
 ...
 [ 0  0  0 ... 65  0  0]
 [ 0  0  1 ...  0 48  0]
 [ 0  0  0 ...  0  0 73]]",0.6806,0.688772303,0.6806,0.679531778,131
BYWPTR[M],,26,20,17,True,True,"[10, 54, 23, 38, 39, 20, 39, 14]",[],"[{'INP': 32}, {'CONV': [64, 3]}, ({'CONV': [32, 5]}, {'CONV': [64, 3]}), ({'CONV': [256, 3]}, {'CONV': [256, 3]}, {'POOLMAX': [-1, 2]}), ({'CONV': [64, 3]}, {'CONV': [256, 5]}), ({'CONV': [128, 3]}, {'CONV': [256, 3]}, {'POOLMAX': [-1, 2]}), ({'CONV': [128, 3]}, {'CONV': [256, 5]}), ({'CONV': [64, 3]}, {'CONV': [128, 3]}, {'POOLMAX': [-1, 2]}), ({'CONV': [128, 3]}, {'CONV': [256, 5]}), ({'CONV': [32, 5]}, {'CONV': [256, 3]}, {'POOLMAX': [-1, 2]}), {'GLOBAL_AVG': None}, {'LAST_DENSE': [100, 'softmax']}]",TPC,MPAR,GA,70,"[0.09629999846220016, 0.20669999718666077, 0.27869999408721924, 0.265500009059906, 0.2540000081062317, 0.40700000524520874, 0.39719998836517334, 0.41510000824928284, 0.450300008058548, 0.42649999260902405, 0.4706000089645386, 0.478300005197525, 0.46140000224113464, 0.46889999508857727, 0.4884999990463257, 0.49939998984336853, 0.5206000208854675, 0.4465000033378601, 0.5084999799728394, 0.5338000059127808, 0.5235000252723694, 0.5418999791145325, 0.5005000233650208, 0.5141000151634216, 0.5257999897003174, 0.5831999778747559, 0.617900013923645, 0.6044999957084656, 0.5751000046730042, 0.5861999988555908, 0.5960000157356262, 0.6087999939918518, 0.6413999795913696, 0.6488000154495239, 0.635699987411499, 0.6399000287055969, 0.6466000080108643, 0.6571999788284302, 0.6463000178337097, 0.6319000124931335, 0.6434000134468079, 0.6615999937057495, 0.6500999927520752, 0.6517999768257141, 0.6611999869346619, 0.6586999893188477, 0.660099983215332, 0.6625000238418579, 0.6669999957084656, 0.6606000065803528, 0.647599995136261, 0.6571999788284302, 0.6765999794006348, 0.6644999980926514, 0.6611999869346619, 0.6675999760627747, 0.6570000052452087, 0.6644999980926514, 0.6797999739646912, 0.6739000082015991, 0.6743999719619751, 0.6741999983787537, 0.682200014591217, 0.6809999942779541, 0.6800000071525574, 0.6812000274658203, 0.6771000027656555, 0.6744999885559082, 0.6819000244140625, 0.6815999746322632]","[4.296234607696533, 3.4885475635528564, 3.0664498805999756, 3.2539868354797363, 3.62273907661438, 2.6075737476348877, 2.808664083480835, 2.687922477722168, 2.734806776046753, 2.64274263381958, 2.4092252254486084, 2.411515712738037, 2.484520673751831, 2.5269553661346436, 2.452881336212158, 2.375699758529663, 2.2627320289611816, 2.7054004669189453, 2.3649227619171143, 2.229438304901123, 2.2514700889587402, 2.240220546722412, 2.485110282897949, 2.3557817935943604, 2.3564867973327637, 2.0317981243133545, 1.879058837890625, 1.90813148021698, 2.1131796836853027, 1.9776160717010498, 1.964525818824768, 1.8939087390899658, 1.7770814895629883, 1.7151814699172974, 1.7991318702697754, 1.7640478610992432, 1.740785002708435, 1.6783019304275513, 1.7187089920043945, 1.8101234436035156, 1.7402077913284302, 1.6798759698867798, 1.7415670156478882, 1.7301912307739258, 1.6771647930145264, 1.7087301015853882, 1.7153862714767456, 1.697597622871399, 1.6661893129348755, 1.6847681999206543, 1.767541766166687, 1.7352427244186401, 1.6278434991836548, 1.6798572540283203, 1.7342538833618164, 1.6912853717803955, 1.74525785446167, 1.7084627151489258, 1.6419745683670044, 1.6573470830917358, 1.672913908958435, 1.6624336242675781, 1.6300300359725952, 1.6410104036331177, 1.6441339254379272, 1.6484525203704834, 1.6701486110687256, 1.6926401853561401, 1.6507161855697632, 1.6540193557739258]",0.6815999746322632,,506882668,,4185892,,,,,"[10, 54, 23, 38, 39, 20, 39, 14]",0.25,0.25,0.0,68,33,400,400,0.17,0.0825,False,BEST,0.25,True,True,"[[79  0  0 ...  0  0  0]
 [ 0 80  0 ...  0  0  0]
 [ 0  1 59 ...  0  3  0]
 ...
 [ 0  0  0 ... 70  0  0]
 [ 0  0  5 ...  0 46  0]
 [ 0  0  0 ...  0  0 72]]",0.6816,0.692998299,0.6816,0.681491022,71
BKEVIV[M],,27,20,17,False,False,"[14, 31, 26, 38, 60, 38, 4, 7]",[],"[{'INP': 32}, {'CONV': [64, 3]}, ({'CONV': [32, 5]}, {'CONV': [256, 3]}), ({'CONV': [64, 5]}, {'CONV': [256, 5]}, {'POOLMAX': [-1, 2]}), ({'CONV': [64, 5]}, {'CONV': [64, 3]}), ({'CONV': [128, 3]}, {'CONV': [256, 3]}, {'POOLMAX': [-1, 2]}), ({'CONV': [256, 5]}, {'CONV': [128, 3]}), ({'CONV': [128, 3]}, {'CONV': [256, 3]}, {'POOLMAX': [-1, 2]}), ({'CONV': [32, 3]}, {'CONV': [128, 3]}), ({'CONV': [32, 3]}, {'CONV': [256, 5]}, {'POOLMAX': [-1, 2]}), {'GLOBAL_AVG': None}, {'LAST_DENSE': [100, 'softmax']}]",TPC,MPAR,GA,70,"[0.08720000088214874, 0.1762000024318695, 0.27489998936653137, 0.32409998774528503, 0.3580999970436096, 0.39410001039505005, 0.3617999851703644, 0.4422000050544739, 0.4519999921321869, 0.4318999946117401, 0.5130000114440918, 0.4867999851703644, 0.38960000872612, 0.5218999981880188, 0.5268999934196472, 0.49230000376701355, 0.49540001153945923, 0.5153999924659729, 0.5651999711990356, 0.51910001039505, 0.5105999708175659, 0.5213000178337097, 0.5236999988555908, 0.5651999711990356, 0.5996000170707703, 0.6141999959945679, 0.6248000264167786, 0.5972999930381775, 0.6367999911308289, 0.6157000064849854, 0.6383000016212463, 0.6471999883651733, 0.6373999714851379, 0.6518999934196472, 0.6333000063896179, 0.6261000037193298, 0.6139000058174133, 0.640999972820282, 0.6230000257492065, 0.6617000102996826, 0.6685000061988831, 0.671999990940094, 0.6682999730110168, 0.6572999954223633, 0.6743999719619751, 0.6657999753952026, 0.6690999865531921, 0.6657999753952026, 0.6707000136375427, 0.6689000129699707, 0.6899999976158142, 0.6908000111579895, 0.6920999884605408, 0.6868000030517578, 0.6933000087738037, 0.6861000061035156, 0.6920999884605408, 0.6886000037193298, 0.6935999989509583, 0.6898999810218811, 0.6949999928474426, 0.6970000267028809, 0.6984999775886536, 0.7016000151634216, 0.698199987411499, 0.6988000273704529, 0.701200008392334, 0.6987000107765198, 0.7013000249862671, 0.6969000101089478]","[4.203857898712158, 4.467138290405273, 3.142801284790039, 3.153975009918213, 2.7883050441741943, 2.770120620727539, 2.8871560096740723, 2.5449516773223877, 2.4822797775268555, 2.6952860355377197, 2.265476703643799, 2.4308834075927734, 3.2775285243988037, 2.2587177753448486, 2.2402091026306152, 2.4151549339294434, 2.452730894088745, 2.4079277515411377, 2.123614549636841, 2.407316207885742, 2.426811933517456, 2.463554620742798, 2.381471633911133, 2.1412570476531982, 2.043076753616333, 1.9348044395446777, 1.8669062852859497, 2.0360989570617676, 1.8031638860702515, 1.9336163997650146, 1.8124761581420898, 1.7701728343963623, 1.8384239673614502, 1.7634565830230713, 1.850347638130188, 1.9337984323501587, 1.9918761253356934, 1.8687195777893066, 1.938912272453308, 1.7225041389465332, 1.7441054582595825, 1.731360912322998, 1.7372459173202515, 1.807069182395935, 1.7060195207595825, 1.780051350593567, 1.7452900409698486, 1.7454806566238403, 1.7566584348678589, 1.757250428199768, 1.6743409633636475, 1.6780203580856323, 1.659298062324524, 1.6745156049728394, 1.6767008304595947, 1.7170777320861816, 1.7020961046218872, 1.7109824419021606, 1.6965664625167847, 1.7356008291244507, 1.7002103328704834, 1.6754697561264038, 1.6933603286743164, 1.6680601835250854, 1.6654239892959595, 1.6806527376174927, 1.6664139032363892, 1.690153956413269, 1.6899027824401855, 1.691673994064331]",0.6969000101089478,,652876780,,3350564,,,,,,0.125,0.25,0.0,50,38,400,400,0.125,0.095,False,BEST,0.35,True,True,"[[86  0  0 ...  0  0  0]
 [ 0 82  0 ...  0  0  0]
 [ 0  0 63 ...  0  1  0]
 ...
 [ 0  0  0 ... 65  0  0]
 [ 0  0  4 ...  0 47  0]
 [ 0  0  1 ...  0  0 71]]",0.6969,0.709011842,0.6969,0.69765986,64
BYYJWS[M],,28,20,16,False,False,"[2, 59, 23, 15, 63, 12, 39, 55]",[],"[{'INP': 32}, {'CONV': [64, 3]}, ({'CONV': [32, 3]}, {'CONV': [64, 3]}), ({'CONV': [256, 5]}, {'CONV': [64, 5]}, {'POOLMAX': [-1, 2]}), ({'CONV': [64, 3]}, {'CONV': [256, 5]}), ({'CONV': [32, 5]}, {'CONV': [256, 5]}, {'POOLMAX': [-1, 2]}), ({'CONV': [256, 5]}, {'CONV': [256, 5]}), ({'CONV': [32, 5]}, {'CONV': [128, 3]}, {'POOLMAX': [-1, 2]}), ({'CONV': [128, 3]}, {'CONV': [256, 5]}), ({'CONV': [256, 3]}, {'CONV': [256, 5]}, {'POOLMAX': [-1, 2]}), {'GLOBAL_AVG': None}, {'LAST_DENSE': [100, 'softmax']}]",TPC,MPAR,GA,70,"[0.10490000247955322, 0.22360000014305115, 0.30959999561309814, 0.33629998564720154, 0.30790001153945923, 0.4072999954223633, 0.4359999895095825, 0.4551999866962433, 0.4498000144958496, 0.37599998712539673, 0.45179998874664307, 0.49399998784065247, 0.5073999762535095, 0.5123999714851379, 0.5128999948501587, 0.49950000643730164, 0.48190000653266907, 0.5238999724388123, 0.5246999859809875, 0.4977000057697296, 0.5774000287055969, 0.5195000171661377, 0.5055000185966492, 0.5375000238418579, 0.5350000262260437, 0.5264000296592712, 0.6154000163078308, 0.6179999709129333, 0.6097000241279602, 0.6261000037193298, 0.619700014591217, 0.6330999732017517, 0.6274999976158142, 0.6265000104904175, 0.5853000283241272, 0.608299970626831, 0.6195999979972839, 0.6338000297546387, 0.650600016117096, 0.6583999991416931, 0.6620000004768372, 0.6427000164985657, 0.6565999984741211, 0.6753000020980835, 0.6406000256538391, 0.6506999731063843, 0.670199990272522, 0.6402000188827515, 0.6694999933242798, 0.6794999837875366, 0.6751999855041504, 0.6833000183105469, 0.6758999824523926, 0.6699000000953674, 0.6894999742507935, 0.6920999884605408, 0.6845999956130981, 0.6865000128746033, 0.6915000081062317, 0.6945000290870667, 0.6833999752998352, 0.6909999847412109, 0.6899999976158142, 0.6880000233650208, 0.6873999834060669, 0.6869999766349792, 0.694100022315979, 0.6891999840736389, 0.6894999742507935, 0.6873000264167786]","[4.219223499298096, 3.3720133304595947, 3.1587166786193848, 2.8904244899749756, 4.464966297149658, 2.6171178817749023, 2.499238967895508, 2.4011857509613037, 2.5009617805480957, 3.135230302810669, 2.6080262660980225, 2.394608497619629, 2.346951961517334, 2.3271114826202393, 2.3370585441589355, 2.515747547149658, 2.549553155899048, 2.3166654109954834, 2.3638195991516113, 2.558161973953247, 2.1061160564422607, 2.3987855911254883, 2.4941751956939697, 2.3835465908050537, 2.3769049644470215, 2.34596848487854, 1.9907689094543457, 1.9592775106430054, 1.983057975769043, 1.8605479001998901, 1.9511994123458862, 1.8556560277938843, 1.8959165811538696, 1.9143890142440796, 2.190418243408203, 2.022115707397461, 1.9682695865631104, 1.9059003591537476, 1.8207197189331055, 1.7616379261016846, 1.7606556415557861, 1.8753224611282349, 1.785780906677246, 1.6854602098464966, 1.9366322755813599, 1.8294243812561035, 1.7216989994049072, 1.8976560831069946, 1.7326791286468506, 1.7025500535964966, 1.735233187675476, 1.7175549268722534, 1.7605103254318237, 1.8017094135284424, 1.681984543800354, 1.6743139028549194, 1.73969566822052, 1.7223670482635498, 1.6992061138153076, 1.6835886240005493, 1.7476414442062378, 1.6996829509735107, 1.6914291381835938, 1.7289955615997314, 1.7218143939971924, 1.7439215183258057, 1.7098029851913452, 1.7268283367156982, 1.725974202156067, 1.7418345212936401]",0.6873000264167786,,434830508,,4652196,,,,,,0.25,0.125,0.0,63,29,400,400,0.1575,0.0725,False,BEST,0.65,True,True,"[[83  0  0 ...  0  0  0]
 [ 0 73  0 ...  0  0  0]
 [ 0  0 54 ...  0  2  0]
 ...
 [ 0  0  0 ... 68  0  0]
 [ 0  0  2 ...  0 50  0]
 [ 0  1  0 ...  0  0 71]]",0.6873,0.702186653,0.6873,0.688141631,2
BQTWQG[M],,29,20,9,False,False,"[61, 4, 23, 54, 14, 27, 29, 55]",[],"[{'INP': 32}, {'CONV': [64, 3]}, ({'CONV': [256, 5]}, {'CONV': [128, 5]}), ({'CONV': [32, 3]}, {'CONV': [128, 3]}, {'POOLMAX': [-1, 2]}), ({'CONV': [64, 3]}, {'CONV': [256, 5]}), ({'CONV': [256, 3]}, {'CONV': [256, 3]}, {'POOLMAX': [-1, 2]}), ({'CONV': [32, 5]}, {'CONV': [256, 3]}), ({'CONV': [64, 5]}, {'CONV': [64, 5]}, {'POOLMAX': [-1, 2]}), ({'CONV': [64, 5]}, {'CONV': [128, 5]}), ({'CONV': [256, 3]}, {'CONV': [256, 5]}, {'POOLMAX': [-1, 2]}), {'GLOBAL_AVG': None}, {'LAST_DENSE': [100, 'softmax']}]",TPC,MPAR,GA,70,"[0.12960000336170197, 0.18930000066757202, 0.2912999987602234, 0.35100001096725464, 0.3319000005722046, 0.39910000562667847, 0.4059999883174896, 0.4302999973297119, 0.42010000348091125, 0.4690999984741211, 0.4966999888420105, 0.49320000410079956, 0.4941999912261963, 0.5281999707221985, 0.47769999504089355, 0.47440001368522644, 0.5303999781608582, 0.5076000094413757, 0.5504000186920166, 0.49889999628067017, 0.5055999755859375, 0.5419999957084656, 0.5584999918937683, 0.5608000159263611, 0.5924000144004822, 0.5975000262260437, 0.6531999707221985, 0.6266000270843506, 0.6395000219345093, 0.6456999778747559, 0.6273000240325928, 0.6098999977111816, 0.6668999791145325, 0.6261000037193298, 0.6773999929428101, 0.679099977016449, 0.6794000267982483, 0.6736000180244446, 0.6471999883651733, 0.6674000024795532, 0.670199990272522, 0.6922000050544739, 0.6854000091552734, 0.6967999935150146, 0.6883000135421753, 0.6942999958992004, 0.6777999997138977, 0.6887000203132629, 0.6854000091552734, 0.6942999958992004, 0.695900022983551, 0.6923999786376953, 0.7013000249862671, 0.6995000243186951, 0.7028999924659729, 0.7049000263214111, 0.6991999745368958, 0.7006000280380249, 0.6977999806404114, 0.7010999917984009, 0.7037000060081482, 0.7020000219345093, 0.7019000053405762, 0.7009000182151794, 0.7053999900817871, 0.7031000256538391, 0.7031000256538391, 0.7045999765396118, 0.7039999961853027, 0.7045000195503235]","[3.9806883335113525, 3.859849691390991, 3.2519423961639404, 3.0022075176239014, 3.069772720336914, 2.8458549976348877, 2.698436737060547, 2.669914722442627, 2.7431294918060303, 2.513715982437134, 2.350677251815796, 2.424903392791748, 2.4846444129943848, 2.2524752616882324, 2.6210262775421143, 2.6066386699676514, 2.308176279067993, 2.484973192214966, 2.2017860412597656, 2.5135083198547363, 2.5174689292907715, 2.2754883766174316, 2.207261323928833, 2.242298126220703, 2.092992067337036, 2.0428507328033447, 1.758469581604004, 1.90449059009552, 1.838026762008667, 1.8255465030670166, 1.9228472709655762, 1.9892234802246094, 1.7746539115905762, 1.9916114807128906, 1.6964638233184814, 1.6594737768173218, 1.6931158304214478, 1.7281851768493652, 1.8437119722366333, 1.7335681915283203, 1.71818208694458, 1.6499522924423218, 1.6677545309066772, 1.6296792030334473, 1.6876180171966553, 1.635627031326294, 1.72647225856781, 1.6852396726608276, 1.7347369194030762, 1.6691992282867432, 1.6760419607162476, 1.714789867401123, 1.6435238122940063, 1.68056058883667, 1.6587820053100586, 1.6426054239273071, 1.6893136501312256, 1.665117621421814, 1.6866968870162964, 1.6653716564178467, 1.6543763875961304, 1.6666345596313477, 1.6730201244354248, 1.6782375574111938, 1.6669588088989258, 1.6646898984909058, 1.6766724586486816, 1.6627484560012817, 1.6603480577468872, 1.6664392948150635]",0.7045000195503235,,856639596,,3987236,,,,,,0.125,0.625,0.0,36,24,400,400,0.09,0.06,False,BEST,0.45,True,True,"[[88  0  0 ...  0  0  0]
 [ 0 82  0 ...  0  0  0]
 [ 0  0 61 ...  0  4  0]
 ...
 [ 0  0  0 ... 67  0  0]
 [ 0  0  4 ...  0 50  0]
 [ 0  0  0 ...  0  0 76]]",0.7046,0.718167694,0.7046,0.705798187,27
BYLSQU[M],,30,20,18,False,False,"[14, 57, 34, 12, 53, 7, 28, 37]",[],"[{'INP': 32}, {'CONV': [64, 3]}, ({'CONV': [32, 5]}, {'CONV': [256, 3]}), ({'CONV': [256, 5]}, {'CONV': [32, 5]}, {'POOLMAX': [-1, 2]}), ({'CONV': [128, 3]}, {'CONV': [64, 3]}), ({'CONV': [32, 5]}, {'CONV': [128, 3]}, {'POOLMAX': [-1, 2]}), ({'CONV': [256, 3]}, {'CONV': [128, 5]}), ({'CONV': [32, 3]}, {'CONV': [256, 5]}, {'POOLMAX': [-1, 2]}), ({'CONV': [64, 5]}, {'CONV': [128, 3]}), ({'CONV': [128, 3]}, {'CONV': [128, 5]}, {'POOLMAX': [-1, 2]}), {'GLOBAL_AVG': None}, {'LAST_DENSE': [100, 'softmax']}]",TPC,MPAR,GA,70,"[0.10360000282526016, 0.17910000681877136, 0.20839999616146088, 0.3057999908924103, 0.39750000834465027, 0.3982999920845032, 0.35190001130104065, 0.415800005197525, 0.39010000228881836, 0.4794999957084656, 0.4959000051021576, 0.48410001397132874, 0.47099998593330383, 0.5188000202178955, 0.515500009059906, 0.5073999762535095, 0.4700999855995178, 0.4869000017642975, 0.5110999941825867, 0.6176999807357788, 0.5734999775886536, 0.6003999710083008, 0.6294000148773193, 0.557699978351593, 0.6150000095367432, 0.6195999979972839, 0.59579998254776, 0.6312000155448914, 0.6340000033378601, 0.6565999984741211, 0.6624000072479248, 0.6446999907493591, 0.6614999771118164, 0.6567000150680542, 0.6604999899864197, 0.65829998254776, 0.6614000201225281, 0.6600000262260437, 0.6567000150680542, 0.6676999926567078, 0.6500999927520752, 0.6891999840736389, 0.6844000220298767, 0.684499979019165, 0.6917999982833862, 0.6908000111579895, 0.6830000281333923, 0.6917999982833862, 0.680899977684021, 0.6909999847412109, 0.6927000284194946, 0.6901999711990356, 0.6988000273704529, 0.6944000124931335, 0.696399986743927, 0.6948000192642212, 0.696399986743927, 0.6970999836921692, 0.6974999904632568, 0.6973999738693237, 0.6980000138282776, 0.6980000138282776, 0.6995000243186951, 0.6985999941825867, 0.6987000107765198, 0.6963000297546387, 0.6966000199317932, 0.6990000009536743, 0.697700023651123, 0.6976000070571899]","[4.071156978607178, 3.643505096435547, 3.7940683364868164, 3.142317771911621, 2.6366469860076904, 2.721315622329712, 3.2032933235168457, 2.7033591270446777, 2.851933479309082, 2.4328835010528564, 2.3425846099853516, 2.4383180141448975, 2.508293867111206, 2.29862117767334, 2.3634591102600098, 2.4019007682800293, 2.601837635040283, 2.6428520679473877, 2.387467861175537, 1.8867908716201782, 2.1677443981170654, 2.0270113945007324, 1.835079312324524, 2.3290321826934814, 1.9012384414672852, 1.9200353622436523, 2.0572428703308105, 1.8728548288345337, 1.938217043876648, 1.7891099452972412, 1.757622241973877, 1.8535609245300293, 1.7530521154403687, 1.7852048873901367, 1.8012480735778809, 1.7434837818145752, 1.8003523349761963, 1.7794767618179321, 1.8110392093658447, 1.768545150756836, 1.8653512001037598, 1.6607962846755981, 1.685780644416809, 1.7196836471557617, 1.666401982307434, 1.6860743761062622, 1.7370332479476929, 1.6916911602020264, 1.770247459411621, 1.7297917604446411, 1.7162247896194458, 1.7226406335830688, 1.6998517513275146, 1.7220580577850342, 1.709720253944397, 1.7353695631027222, 1.7217549085617065, 1.712376356124878, 1.7182650566101074, 1.7359092235565186, 1.7302056550979614, 1.7295283079147339, 1.7307308912277222, 1.7248731851577759, 1.7319629192352295, 1.7321349382400513, 1.736572265625, 1.724210500717163, 1.7283203601837158, 1.7325232028961182]",0.6976000070571899,,627348460,,6964260,,,,,,0.0,0.375,0.125,56,32,400,400,0.14,0.08,False,BEST,0.7,True,True,"[[84  0  0 ...  0  0  0]
 [ 0 78  0 ...  0  0  0]
 [ 0  0 55 ...  0  1  0]
 ...
 [ 0  0  0 ... 69  0  0]
 [ 0  0  2 ...  0 34  0]
 [ 0  0  0 ...  0  0 72]]",0.6976,0.712520264,0.6976,0.69960766,50
BKQHTU[M],,1,20,17,False,False,"[62, 12, 4, 12, 62, 63, 62, 55]",[],"[{'INP': 32}, {'CONV': [64, 3]}, ({'CONV': [256, 5]}, {'CONV': [256, 3]}), ({'CONV': [32, 5]}, {'CONV': [128, 3]}, {'POOLMAX': [-1, 2]}), ({'CONV': [32, 3]}, {'CONV': [128, 3]}), ({'CONV': [32, 5]}, {'CONV': [128, 3]}, {'POOLMAX': [-1, 2]}), ({'CONV': [256, 5]}, {'CONV': [256, 3]}), ({'CONV': [256, 5]}, {'CONV': [256, 5]}, {'POOLMAX': [-1, 2]}), ({'CONV': [256, 5]}, {'CONV': [256, 3]}), ({'CONV': [256, 3]}, {'CONV': [256, 5]}, {'POOLMAX': [-1, 2]}), {'GLOBAL_AVG': None}, {'LAST_DENSE': [100, 'softmax']}]",TPC,MSWAP,GA,70,"[0.07880000025033951, 0.22210000455379486, 0.2802000045776367, 0.3555999994277954, 0.3346000015735626, 0.43459999561309814, 0.4090000092983246, 0.4537000060081482, 0.4375999867916107, 0.4805999994277954, 0.4747999906539917, 0.45969998836517334, 0.4844000041484833, 0.4880000054836273, 0.5224000215530396, 0.5131999850273132, 0.5188000202178955, 0.5342000126838684, 0.5394999980926514, 0.5460000038146973, 0.5418000221252441, 0.5577999949455261, 0.5238999724388123, 0.5321000218391418, 0.57669997215271, 0.5450000166893005, 0.5407999753952026, 0.5943999886512756, 0.5598999857902527, 0.5443999767303467, 0.5455999970436096, 0.5709999799728394, 0.6165000200271606, 0.6086000204086304, 0.5512999892234802, 0.5967000126838684, 0.5703999996185303, 0.5659000277519226, 0.6277999877929688, 0.6574000120162964, 0.6550999879837036, 0.6474000215530396, 0.6194000244140625, 0.6394000053405762, 0.6499000191688538, 0.6725000143051147, 0.692300021648407, 0.6736999750137329, 0.6825000047683716, 0.6855000257492065, 0.6723999977111816, 0.676800012588501, 0.697700023651123, 0.7005000114440918, 0.6930999755859375, 0.6852999925613403, 0.6891999840736389, 0.7020999789237976, 0.7006999850273132, 0.6976000070571899, 0.6949999928474426, 0.7019000053405762, 0.698199987411499, 0.7032999992370605, 0.7014999985694885, 0.7006000280380249, 0.7059999704360962, 0.7027000188827515, 0.7078999876976013, 0.7074999809265137]","[4.3843994140625, 3.425112009048462, 3.176194667816162, 2.8972113132476807, 3.057826042175293, 2.5377070903778076, 2.727590322494507, 2.5095701217651367, 2.636826992034912, 2.413331985473633, 2.451673746109009, 2.556370973587036, 2.5031261444091797, 2.469090223312378, 2.287738084793091, 2.3330297470092773, 2.413761854171753, 2.2879691123962402, 2.2571399211883545, 2.252791404724121, 2.227113962173462, 2.2270538806915283, 2.424424886703491, 2.418607711791992, 2.1373026371002197, 2.3746299743652344, 2.3331189155578613, 2.0741491317749023, 2.2604823112487793, 2.3664965629577637, 2.354221820831299, 2.198005199432373, 2.0164847373962402, 2.0677366256713867, 2.3852977752685547, 2.086275815963745, 2.286595344543457, 2.2693467140197754, 1.981263279914856, 1.8093280792236328, 1.8379368782043457, 1.8704545497894287, 2.0443453788757324, 1.9183242321014404, 1.8402117490768433, 1.7528777122497559, 1.6871389150619507, 1.7469533681869507, 1.7210496664047241, 1.710572600364685, 1.7715269327163696, 1.7685683965682983, 1.6700652837753296, 1.6508409976959229, 1.7169110774993896, 1.7506927251815796, 1.7211945056915283, 1.675150990486145, 1.6846121549606323, 1.6883623600006104, 1.7054550647735596, 1.6722711324691772, 1.6960381269454956, 1.6539689302444458, 1.670055627822876, 1.6856130361557007, 1.6604533195495605, 1.6810320615768433, 1.6556267738342285, 1.6665027141571045]",0.7074999809265137,,873253292,,5331620,,,,,,0.25,0.125,0.0,62,45,400,400,0.155,0.1125,False,BEST,0.45,True,True,"[[84  0  0 ...  0  0  0]
 [ 0 86  0 ...  0  0  0]
 [ 0  0 57 ...  0  1  0]
 ...
 [ 0  0  0 ... 69  0  0]
 [ 0  0  2 ...  0 52  1]
 [ 0  0  0 ...  0  0 75]]",0.7075,0.720722935,0.7075,0.708267902,68
BSBBJR[M],,2,20,16,False,False,"[25, 28, 27, 7, 28, 7, 47, 55]",[],"[{'INP': 32}, {'CONV': [64, 3]}, ({'CONV': [64, 5]}, {'CONV': [32, 5]}), ({'CONV': [64, 5]}, {'CONV': [128, 3]}, {'POOLMAX': [-1, 2]}), ({'CONV': [64, 5]}, {'CONV': [64, 5]}), ({'CONV': [32, 3]}, {'CONV': [256, 5]}, {'POOLMAX': [-1, 2]}), ({'CONV': [64, 5]}, {'CONV': [128, 3]}), ({'CONV': [32, 3]}, {'CONV': [256, 5]}, {'POOLMAX': [-1, 2]}), ({'CONV': [128, 5]}, {'CONV': [256, 5]}), ({'CONV': [256, 3]}, {'CONV': [256, 5]}, {'POOLMAX': [-1, 2]}), {'GLOBAL_AVG': None}, {'LAST_DENSE': [100, 'softmax']}]",TPC,MSWAP,GA,70,"[0.10499999672174454, 0.2207999974489212, 0.2734000086784363, 0.35269999504089355, 0.28540000319480896, 0.42590001225471497, 0.3880000114440918, 0.44600000977516174, 0.4618000090122223, 0.4345000088214874, 0.4699000120162964, 0.46380001306533813, 0.5242999792098999, 0.5249000191688538, 0.4674000144004822, 0.5077000260353088, 0.5049999952316284, 0.5313000082969666, 0.545799970626831, 0.5361999869346619, 0.5658000111579895, 0.5541999936103821, 0.5426999926567078, 0.5630999803543091, 0.5727999806404114, 0.5724999904632568, 0.5860999822616577, 0.5507000088691711, 0.5641000270843506, 0.60589998960495, 0.5503000020980835, 0.569100022315979, 0.5605000257492065, 0.6090999841690063, 0.5778999924659729, 0.600600004196167, 0.5889000296592712, 0.5940999984741211, 0.5701000094413757, 0.6718000173568726, 0.6299999952316284, 0.6460999846458435, 0.6531999707221985, 0.642300009727478, 0.6338000297546387, 0.6972000002861023, 0.7081000208854675, 0.6863999962806702, 0.6883000135421753, 0.6922000050544739, 0.6941999793052673, 0.6955999732017517, 0.7107999920845032, 0.7069000005722046, 0.7028999924659729, 0.7017999887466431, 0.7046999931335449, 0.704800009727478, 0.718999981880188, 0.7148000001907349, 0.711899995803833, 0.7125999927520752, 0.7178999781608582, 0.7099999785423279, 0.7159000039100647, 0.7199000120162964, 0.7200999855995178, 0.7166000008583069, 0.720300018787384, 0.7202000021934509]","[4.293429851531982, 3.483015537261963, 3.2547197341918945, 2.9910452365875244, 3.5408382415771484, 2.6336026191711426, 2.916332721710205, 2.520644187927246, 2.4779422283172607, 2.820976495742798, 2.545189142227173, 2.5619213581085205, 2.339789390563965, 2.3012447357177734, 2.6844890117645264, 2.462430953979492, 2.530832529067993, 2.414944887161255, 2.295058488845825, 2.365140914916992, 2.23807430267334, 2.452028274536133, 2.373776435852051, 2.2317709922790527, 2.256730556488037, 2.2135534286499023, 2.1403565406799316, 2.4414970874786377, 2.36783766746521, 2.083533525466919, 2.3479087352752686, 2.3188798427581787, 2.3211820125579834, 2.0711257457733154, 2.330275058746338, 2.126598358154297, 2.2393860816955566, 2.2513601779937744, 2.3811607360839844, 1.866868495941162, 2.051764488220215, 1.9716384410858154, 1.9001638889312744, 1.9702447652816772, 2.043870210647583, 1.681408166885376, 1.659522294998169, 1.7711025476455688, 1.7116361856460571, 1.7036399841308594, 1.7218258380889893, 1.710807204246521, 1.644659399986267, 1.6589468717575073, 1.6760343313217163, 1.6845732927322388, 1.7012828588485718, 1.6932964324951172, 1.6261886358261108, 1.635063886642456, 1.657970666885376, 1.6508162021636963, 1.6417860984802246, 1.69020414352417, 1.643548607826233, 1.6346443891525269, 1.639817714691162, 1.640220284461975, 1.6423064470291138, 1.6468605995178223]",0.7202000021934509,,621619116,,4249252,,,,,,0.5,0.125,0.25,58,27,400,400,0.145,0.0675,False,BEST,1.0,True,True,"[[88  0  0 ...  0  0  0]
 [ 0 82  0 ...  0  0  0]
 [ 0  0 64 ...  0  1  0]
 ...
 [ 0  0  0 ... 70  1  0]
 [ 0  0  5 ...  0 50  0]
 [ 0  0  0 ...  0  0 74]]",0.7203,0.730296826,0.7203,0.720923174,28
BTTZDW[M],,3,20,20,True,True,"[14, 55, 29, 29, 18, 38, 54, 39]",[],"[{'INP': 32}, {'CONV': [64, 3]}, ({'CONV': [32, 5]}, {'CONV': [256, 3]}), ({'CONV': [256, 3]}, {'CONV': [256, 5]}, {'POOLMAX': [-1, 2]}), ({'CONV': [64, 5]}, {'CONV': [128, 5]}), ({'CONV': [64, 5]}, {'CONV': [128, 5]}, {'POOLMAX': [-1, 2]}), ({'CONV': [64, 3]}, {'CONV': [64, 3]}), ({'CONV': [128, 3]}, {'CONV': [256, 3]}, {'POOLMAX': [-1, 2]}), ({'CONV': [256, 3]}, {'CONV': [256, 3]}), ({'CONV': [128, 3]}, {'CONV': [256, 5]}, {'POOLMAX': [-1, 2]}), {'GLOBAL_AVG': None}, {'LAST_DENSE': [100, 'softmax']}]",TPC,MSWAP,GA,70,"[0.1160999983549118, 0.12399999797344208, 0.295199990272522, 0.2865000069141388, 0.34220001101493835, 0.39469999074935913, 0.4749000072479248, 0.39730000495910645, 0.3921999931335449, 0.4788999855518341, 0.453900009393692, 0.4699999988079071, 0.5472999811172485, 0.5817000269889832, 0.6025999784469604, 0.5264000296592712, 0.6060000061988831, 0.5616999864578247, 0.5830000042915344, 0.6236000061035156, 0.6269999742507935, 0.5777000188827515, 0.5504000186920166, 0.5895000100135803, 0.6134999990463257, 0.6446999907493591, 0.6478000283241272, 0.6402000188827515, 0.6482999920845032, 0.6610000133514404, 0.6554999947547913, 0.6624000072479248, 0.6474999785423279, 0.6438999772071838, 0.641700029373169, 0.6848000288009644, 0.6697999835014343, 0.6827999949455261, 0.6865000128746033, 0.6879000067710876, 0.6736999750137329, 0.6897000074386597, 0.6983000040054321, 0.6888999938964844, 0.6953999996185303, 0.6883000135421753, 0.6948000192642212, 0.6909999847412109, 0.6970999836921692, 0.6985999941825867, 0.6962000131607056, 0.6952999830245972, 0.6945000290870667, 0.6955999732017517, 0.6948999762535095, 0.6945000290870667, 0.696399986743927, 0.6952999830245972, 0.6976000070571899, 0.6984999775886536, 0.6959999799728394, 0.6973000168800354, 0.6952999830245972, 0.6960999965667725, 0.6960999965667725, 0.6952000260353088, 0.6948999762535095, 0.6970999836921692, 0.6960999965667725, 0.6970999836921692]","[4.141612529754639, 4.339410305023193, 3.0994198322296143, 3.3486053943634033, 2.910721778869629, 2.748218536376953, 2.408477783203125, 2.8575973510742188, 2.9520668983459473, 2.423964500427246, 2.6483991146087646, 2.467578887939453, 2.1442763805389404, 2.0005040168762207, 1.8622921705245972, 2.2660393714904785, 1.8520241975784302, 2.1185340881347656, 2.0054380893707275, 1.8037543296813965, 1.8131030797958374, 2.035900115966797, 2.278920888900757, 1.9924800395965576, 1.8665025234222412, 1.8193227052688599, 1.8011853694915771, 1.844261884689331, 1.8100022077560425, 1.7110333442687988, 1.8201730251312256, 1.7496832609176636, 1.7821013927459717, 1.8584351539611816, 1.874205470085144, 1.6519421339035034, 1.730738639831543, 1.7022757530212402, 1.6728298664093018, 1.6716718673706055, 1.7625854015350342, 1.6873841285705566, 1.6477007865905762, 1.6873351335525513, 1.6651023626327515, 1.6923733949661255, 1.6822230815887451, 1.7203859090805054, 1.6779512166976929, 1.675579309463501, 1.7005724906921387, 1.6949870586395264, 1.7030521631240845, 1.6813169717788696, 1.6923056840896606, 1.7002463340759277, 1.6881097555160522, 1.7104305028915405, 1.701535701751709, 1.6834410429000854, 1.6952577829360962, 1.7011455297470093, 1.7056043148040771, 1.6986677646636963, 1.7069498300552368, 1.70682692527771, 1.7008605003356934, 1.6973564624786377, 1.6997559070587158, 1.7040904760360718]",0.6970999836921692,,3628678380,,7930404,,,,,"[14, 55, 29, 29, 18, 38, 54, 39]",0.125,0.125,0.0,84,32,400,400,0.21,0.08,False,BEST,0.5,True,True,"[[84  0  0 ...  0  0  0]
 [ 0 79  0 ...  0  0  0]
 [ 0  1 62 ...  0  0  0]
 ...
 [ 0  0  0 ... 72  0  0]
 [ 0  0  1 ...  0 49  1]
 [ 0  0  0 ...  0  0 74]]",0.697,0.71059595,0.697,0.698721396,143
BMSZRY[M],,4,20,17,False,False,"[0, 20, 23, 38, 39, 47, 28, 39]",[],"[{'INP': 32}, {'CONV': [64, 3]}, ({'CONV': [32, 3]}, {'CONV': [32, 3]}), ({'CONV': [64, 3]}, {'CONV': [128, 3]}, {'POOLMAX': [-1, 2]}), ({'CONV': [64, 3]}, {'CONV': [256, 5]}), ({'CONV': [128, 3]}, {'CONV': [256, 3]}, {'POOLMAX': [-1, 2]}), ({'CONV': [128, 3]}, {'CONV': [256, 5]}), ({'CONV': [128, 5]}, {'CONV': [256, 5]}, {'POOLMAX': [-1, 2]}), ({'CONV': [64, 5]}, {'CONV': [128, 3]}), ({'CONV': [128, 3]}, {'CONV': [256, 5]}, {'POOLMAX': [-1, 2]}), {'GLOBAL_AVG': None}, {'LAST_DENSE': [100, 'softmax']}]",TPC,MSWAP,GA,70,"[0.1039000004529953, 0.20090000331401825, 0.28519999980926514, 0.3352000117301941, 0.37689998745918274, 0.42669999599456787, 0.4237000048160553, 0.4431999921798706, 0.4260999858379364, 0.43320000171661377, 0.43070000410079956, 0.5091000199317932, 0.4648999869823456, 0.5034999847412109, 0.4268999993801117, 0.47360000014305115, 0.5034999847412109, 0.5622000098228455, 0.5825999975204468, 0.5698000192642212, 0.6075999736785889, 0.5756999850273132, 0.6082000136375427, 0.6150000095367432, 0.603600025177002, 0.5920000076293945, 0.6251999735832214, 0.6018999814987183, 0.6251000165939331, 0.6358000040054321, 0.6304000020027161, 0.6259999871253967, 0.6726999878883362, 0.6685000061988831, 0.652899980545044, 0.6561999917030334, 0.6715999841690063, 0.6729000210762024, 0.6858000159263611, 0.6822999715805054, 0.6823999881744385, 0.6850000023841858, 0.6861000061035156, 0.6833000183105469, 0.6984000205993652, 0.692799985408783, 0.6980000138282776, 0.6998000144958496, 0.6955000162124634, 0.6984999775886536, 0.6963000297546387, 0.6958000063896179, 0.6952999830245972, 0.6952999830245972, 0.6988999843597412, 0.7013000249862671, 0.701200008392334, 0.7005000114440918, 0.7016000151634216, 0.7032999992370605, 0.7031999826431274, 0.7046999931335449, 0.7038999795913696, 0.7024000287055969, 0.7037000060081482, 0.7032999992370605, 0.7027999758720398, 0.7027999758720398, 0.7032999992370605, 0.7031000256538391]","[4.1957902908325195, 3.5530059337615967, 3.1066062450408936, 2.97721266746521, 2.7810797691345215, 2.614867925643921, 2.6028592586517334, 2.485710620880127, 2.7671401500701904, 2.702176094055176, 2.714531660079956, 2.3710241317749023, 2.565697193145752, 2.432788372039795, 2.956209182739258, 2.6706533432006836, 2.4392876625061035, 2.159259080886841, 2.044292688369751, 2.2100374698638916, 1.9491266012191772, 2.0890371799468994, 1.9069745540618896, 1.8853851556777954, 1.9510207176208496, 2.0413758754730225, 1.8253552913665771, 1.97819983959198, 1.879454493522644, 1.8260160684585571, 1.8450878858566284, 1.8307689428329468, 1.6544140577316284, 1.7003926038742065, 1.814907431602478, 1.784090280532837, 1.677198886871338, 1.7048449516296387, 1.639954924583435, 1.654653549194336, 1.6456269025802612, 1.6672452688217163, 1.6498918533325195, 1.6585543155670166, 1.595141887664795, 1.6194621324539185, 1.6358792781829834, 1.6118594408035278, 1.6333259344100952, 1.62236750125885, 1.644605278968811, 1.6368372440338135, 1.645721435546875, 1.6385581493377686, 1.6693332195281982, 1.6324115991592407, 1.6458966732025146, 1.6430017948150635, 1.6420198678970337, 1.6398950815200806, 1.6367064714431763, 1.6343295574188232, 1.628684163093567, 1.6395574808120728, 1.6352876424789429, 1.6397322416305542, 1.6371351480484009, 1.6358425617218018, 1.6328697204589844, 1.635024070739746]",0.7031000256538391,,935758956,,4487972,,,,,,0.125,0.25,0.0,70,25,400,400,0.175,0.0625,False,BEST,0.45,True,True,"[[83  1  0 ...  0  0  0]
 [ 0 79  0 ...  0  0  0]
 [ 0  0 61 ...  0  3  0]
 ...
 [ 0  0  0 ... 71  0  0]
 [ 0  0  4 ...  0 57  1]
 [ 0  1  0 ...  0  0 74]]",0.7031,0.714279216,0.7031,0.703671922,45
BFZVPJ[M],,5,20,18,False,False,"[14, 12, 4, 18, 18, 63, 43, 22]",[],"[{'INP': 32}, {'CONV': [64, 3]}, ({'CONV': [32, 5]}, {'CONV': [256, 3]}), ({'CONV': [32, 5]}, {'CONV': [128, 3]}, {'POOLMAX': [-1, 2]}), ({'CONV': [32, 3]}, {'CONV': [128, 3]}), ({'CONV': [64, 3]}, {'CONV': [64, 3]}, {'POOLMAX': [-1, 2]}), ({'CONV': [64, 3]}, {'CONV': [64, 3]}), ({'CONV': [256, 5]}, {'CONV': [256, 5]}, {'POOLMAX': [-1, 2]}), ({'CONV': [128, 5]}, {'CONV': [64, 5]}), ({'CONV': [64, 3]}, {'CONV': [256, 3]}, {'POOLMAX': [-1, 2]}), {'GLOBAL_AVG': None}, {'LAST_DENSE': [100, 'softmax']}]",TPC,MSWAP,GA,70,"[0.08780000358819962, 0.17159999907016754, 0.2784000039100647, 0.3028999865055084, 0.32330000400543213, 0.3995000123977661, 0.4194999933242798, 0.4641999900341034, 0.4147000014781952, 0.4440999925136566, 0.47510001063346863, 0.46700000762939453, 0.5253999829292297, 0.527899980545044, 0.5034999847412109, 0.5072000026702881, 0.5378000140190125, 0.5072000026702881, 0.5623000264167786, 0.43639999628067017, 0.5354999899864197, 0.5530999898910522, 0.5479999780654907, 0.5669999718666077, 0.6140999794006348, 0.6297000050544739, 0.5861999988555908, 0.6366999745368958, 0.6226999759674072, 0.6507999897003174, 0.6241999864578247, 0.6335999965667725, 0.6226000189781189, 0.6384999752044678, 0.6413999795913696, 0.6769000291824341, 0.6876999735832214, 0.67330002784729, 0.6870999932289124, 0.6758000254631042, 0.6735000014305115, 0.677299976348877, 0.6937000155448914, 0.6955999732017517, 0.699400007724762, 0.695900022983551, 0.6913999915122986, 0.7032999992370605, 0.703499972820282, 0.6991999745368958, 0.7075999975204468, 0.7063000202178955, 0.7032999992370605, 0.7096999883651733, 0.7088000178337097, 0.7092000246047974, 0.7125999927520752, 0.7063000202178955, 0.7106000185012817, 0.7084000110626221, 0.7074000239372253, 0.7102000117301941, 0.7110000252723694, 0.7110999822616577, 0.708899974822998, 0.7096999883651733, 0.710099995136261, 0.7114999890327454, 0.7113999724388123, 0.7117999792098999]","[4.339483261108398, 4.088659286499023, 3.2696423530578613, 3.23974609375, 3.207554340362549, 2.802978754043579, 2.717766523361206, 2.5271828174591064, 2.7839670181274414, 2.665238380432129, 2.528916835784912, 2.612928867340088, 2.3337302207946777, 2.349996566772461, 2.481518030166626, 2.4872207641601562, 2.306673049926758, 2.551409959793091, 2.226496934890747, 3.030015468597412, 2.4530715942382812, 2.3117756843566895, 2.37117862701416, 2.2511701583862305, 2.0345139503479004, 1.9651648998260498, 2.180081844329834, 1.938521146774292, 1.9744842052459717, 1.8501876592636108, 2.0053398609161377, 1.9314228296279907, 2.01664662361145, 1.9616154432296753, 1.930694580078125, 1.7414391040802002, 1.7104783058166504, 1.796160101890564, 1.725337266921997, 1.7800706624984741, 1.813376784324646, 1.7603697776794434, 1.7377938032150269, 1.7364492416381836, 1.740848422050476, 1.7408273220062256, 1.759984016418457, 1.7012299299240112, 1.7213079929351807, 1.7390732765197754, 1.70942223072052, 1.708584189414978, 1.7390096187591553, 1.7251484394073486, 1.718488335609436, 1.7275230884552002, 1.7115962505340576, 1.7448745965957642, 1.7241263389587402, 1.7393419742584229, 1.7398015260696411, 1.7290846109390259, 1.7218966484069824, 1.7291431427001953, 1.7306498289108276, 1.7292064428329468, 1.7307857275009155, 1.7312382459640503, 1.7307300567626953, 1.7292308807373047]",0.7117999792098999,,1256849580,,7177380,,,,,,0.125,0.25,0.0,71,36,400,400,0.1775,0.09,False,BEST,0.95,True,True,"[[85  0  1 ...  0  0  0]
 [ 0 84  0 ...  0  0  0]
 [ 0  0 63 ...  0  1  0]
 ...
 [ 0  0  0 ... 71  1  0]
 [ 0  0  3 ...  0 51  1]
 [ 0  0  0 ...  0  0 74]]",0.7119,0.724994794,0.7119,0.713456822,9
BLGOYY[M],,6,20,20,True,True,"[8, 17, 18, 37, 39, 54, 39, 55]",[],"[{'INP': 32}, {'CONV': [64, 3]}, ({'CONV': [32, 5]}, {'CONV': [32, 3]}), ({'CONV': [64, 3]}, {'CONV': [32, 5]}, {'POOLMAX': [-1, 2]}), ({'CONV': [64, 3]}, {'CONV': [64, 3]}), ({'CONV': [128, 3]}, {'CONV': [128, 5]}, {'POOLMAX': [-1, 2]}), ({'CONV': [128, 3]}, {'CONV': [256, 5]}), ({'CONV': [256, 3]}, {'CONV': [256, 3]}, {'POOLMAX': [-1, 2]}), ({'CONV': [128, 3]}, {'CONV': [256, 5]}), ({'CONV': [256, 3]}, {'CONV': [256, 5]}, {'POOLMAX': [-1, 2]}), {'GLOBAL_AVG': None}, {'LAST_DENSE': [100, 'softmax']}]",TPC,MSWAP,GA,70,"[0.11029999703168869, 0.17100000381469727, 0.3203999996185303, 0.35100001096725464, 0.364300012588501, 0.36660000681877136, 0.43470001220703125, 0.460099995136261, 0.4717000126838684, 0.4684999883174896, 0.487199991941452, 0.5116000175476074, 0.49709999561309814, 0.5317000150680542, 0.4943999946117401, 0.4903999865055084, 0.5339999794960022, 0.4745999872684479, 0.49729999899864197, 0.6315000057220459, 0.5627999901771545, 0.5889999866485596, 0.6057999730110168, 0.6304000020027161, 0.6326000094413757, 0.6363000273704529, 0.6111999750137329, 0.609000027179718, 0.6191999912261963, 0.642300009727478, 0.6245999932289124, 0.623199999332428, 0.6276999711990356, 0.6244999766349792, 0.6376000046730042, 0.6585000157356262, 0.6747999787330627, 0.6712999939918518, 0.6786999702453613, 0.6739000082015991, 0.6808000206947327, 0.6728000044822693, 0.6782000064849854, 0.6711999773979187, 0.6905999779701233, 0.6953999996185303, 0.6980999708175659, 0.6945000290870667, 0.6967999935150146, 0.6966999769210815, 0.7009000182151794, 0.694100022315979, 0.694599986076355, 0.6970999836921692, 0.7069000005722046, 0.704200029373169, 0.7045999765396118, 0.6953999996185303, 0.7081000208854675, 0.7059999704360962, 0.7070000171661377, 0.7042999863624573, 0.7052000164985657, 0.7073000073432922, 0.7088000178337097, 0.7106000185012817, 0.7091000080108643, 0.7092000246047974, 0.7089999914169312, 0.7085000276565552]","[4.144517421722412, 3.9130406379699707, 2.957672357559204, 2.911287307739258, 2.9190707206726074, 2.9985833168029785, 2.6115856170654297, 2.54296612739563, 2.487384080886841, 2.586059331893921, 2.5479817390441895, 2.352121591567993, 2.477854013442993, 2.2848780155181885, 2.4467430114746094, 2.5728137493133545, 2.3839516639709473, 2.8193256855010986, 2.5253965854644775, 1.851200819015503, 2.232362985610962, 2.076690673828125, 1.9651557207107544, 1.8474539518356323, 1.8270719051361084, 1.8397878408432007, 1.957847237586975, 2.019087314605713, 1.9298986196517944, 1.8176287412643433, 1.9195621013641357, 1.947656273841858, 1.9327768087387085, 1.9262781143188477, 1.8738212585449219, 1.762843132019043, 1.705590009689331, 1.7717854976654053, 1.7020093202590942, 1.7546836137771606, 1.715372085571289, 1.7631597518920898, 1.7144572734832764, 1.7707105875015259, 1.6560958623886108, 1.6716660261154175, 1.659545660018921, 1.6648675203323364, 1.6439309120178223, 1.6726802587509155, 1.6677849292755127, 1.6908620595932007, 1.7081425189971924, 1.7058634757995605, 1.659955620765686, 1.672652006149292, 1.6765601634979248, 1.7412972450256348, 1.6931781768798828, 1.7072261571884155, 1.6901757717132568, 1.6956416368484497, 1.7061526775360107, 1.7174031734466553, 1.7058508396148682, 1.708960771560669, 1.6993873119354248, 1.7010751962661743, 1.69587242603302, 1.701884150505066]",0.7085000276565552,,1009318828,,6375076,,,,,"[8, 17, 18, 37, 39, 54, 39, 55]",0.25,0.375,0.0,76,21,400,400,0.19,0.0525,False,BEST,0.8,True,True,"[[87  0  0 ...  0  0  0]
 [ 0 81  0 ...  0  0  0]
 [ 0  0 66 ...  0  1  0]
 ...
 [ 0  0  0 ... 75  0  0]
 [ 0  0  3 ...  0 54  0]
 [ 0  0  0 ...  0  0 74]]",0.7085,0.721239134,0.7085,0.70929644,5
BVDGLW[M],,7,20,15,False,False,"[14, 16, 23, 38, 21, 38, 39, 4]",[],"[{'INP': 32}, {'CONV': [64, 3]}, ({'CONV': [32, 5]}, {'CONV': [256, 3]}), ({'CONV': [64, 3]}, {'CONV': [32, 3]}, {'POOLMAX': [-1, 2]}), ({'CONV': [64, 3]}, {'CONV': [256, 5]}), ({'CONV': [128, 3]}, {'CONV': [256, 3]}, {'POOLMAX': [-1, 2]}), ({'CONV': [64, 3]}, {'CONV': [128, 5]}), ({'CONV': [128, 3]}, {'CONV': [256, 3]}, {'POOLMAX': [-1, 2]}), ({'CONV': [128, 3]}, {'CONV': [256, 5]}), ({'CONV': [32, 3]}, {'CONV': [128, 3]}, {'POOLMAX': [-1, 2]}), {'GLOBAL_AVG': None}, {'LAST_DENSE': [100, 'softmax']}]",TPC,MSWAP,GA,70,"[0.08839999884366989, 0.14650000631809235, 0.25839999318122864, 0.26589998602867126, 0.267300009727478, 0.40230000019073486, 0.38659998774528503, 0.3741999864578247, 0.435699999332428, 0.4569000005722046, 0.47200000286102295, 0.4765999913215637, 0.48559999465942383, 0.4059999883174896, 0.5241000056266785, 0.46459999680519104, 0.5088000297546387, 0.5184000134468079, 0.5443999767303467, 0.5149000287055969, 0.5476999878883362, 0.551800012588501, 0.4560000002384186, 0.5530999898910522, 0.599399983882904, 0.6090999841690063, 0.6281999945640564, 0.5922999978065491, 0.6062999963760376, 0.6251999735832214, 0.6263999938964844, 0.6021000146865845, 0.6586999893188477, 0.6315000057220459, 0.6478000283241272, 0.6685000061988831, 0.6539999842643738, 0.6428999900817871, 0.6417999863624573, 0.6718999743461609, 0.6625999808311462, 0.6468999981880188, 0.6662999987602234, 0.6572999954223633, 0.6668000221252441, 0.6664000153541565, 0.6819000244140625, 0.6819000244140625, 0.6773999929428101, 0.66839998960495, 0.6753000020980835, 0.6929000020027161, 0.6764000058174133, 0.676800012588501, 0.6747999787330627, 0.666100025177002, 0.6689000129699707, 0.6883999705314636, 0.6861000061035156, 0.6819000244140625, 0.6905999779701233, 0.6908000111579895, 0.6916000247001648, 0.6888999938964844, 0.6869999766349792, 0.6891999840736389, 0.6916000247001648, 0.6929000020027161, 0.692300021648407, 0.690500020980835]","[4.21453332901001, 3.996941328048706, 3.2987215518951416, 3.3184754848480225, 3.3742876052856445, 2.6575112342834473, 2.8194682598114014, 2.8992788791656494, 2.6144700050354004, 2.6415112018585205, 2.455580949783325, 2.4363698959350586, 2.441837787628174, 2.9218246936798096, 2.3073694705963135, 2.690636157989502, 2.343198537826538, 2.3204734325408936, 2.1812570095062256, 2.4027504920959473, 2.2395975589752197, 2.1955018043518066, 2.8134350776672363, 2.216287612915039, 1.9968396425247192, 1.9036076068878174, 1.8176664113998413, 1.9995567798614502, 1.9206289052963257, 1.842654824256897, 1.826558232307434, 1.999178171157837, 1.6955459117889404, 1.830040454864502, 1.7524064779281616, 1.6290842294692993, 1.7166897058486938, 1.7677435874938965, 1.7263646125793457, 1.6172152757644653, 1.6869120597839355, 1.755194902420044, 1.6697735786437988, 1.7273077964782715, 1.7067679166793823, 1.6797744035720825, 1.6177411079406738, 1.6025245189666748, 1.6368035078048706, 1.6721919775009155, 1.6738765239715576, 1.568422555923462, 1.6457996368408203, 1.643046498298645, 1.6875826120376587, 1.6933263540267944, 1.6805419921875, 1.594817042350769, 1.621355652809143, 1.6397907733917236, 1.6032148599624634, 1.595814824104309, 1.5915288925170898, 1.621983289718628, 1.6216636896133423, 1.6232895851135254, 1.6042842864990234, 1.6073989868164062, 1.6059530973434448, 1.604463815689087]",0.690500020980835,,1304101292,,6107812,,,,,,0.25,0.5,0.0,85,41,400,400,0.2125,0.1025,False,BEST,0.65,True,True,"[[85  0  0 ...  0  0  0]
 [ 0 78  0 ...  0  0  0]
 [ 0  0 54 ...  0  1  0]
 ...
 [ 0  0  0 ... 67  0  0]
 [ 0  0  3 ...  1 51  1]
 [ 0  0  0 ...  0  0 65]]",0.6905,0.702607696,0.6905,0.69152467,36
BCIMHY[M],,8,20,17,False,False,"[54, 52, 4, 22, 51, 54, 54, 22]",[],"[{'INP': 32}, {'CONV': [64, 3]}, ({'CONV': [256, 3]}, {'CONV': [256, 3]}), ({'CONV': [256, 3]}, {'CONV': [128, 3]}, {'POOLMAX': [-1, 2]}), ({'CONV': [32, 3]}, {'CONV': [128, 3]}), ({'CONV': [64, 3]}, {'CONV': [256, 3]}, {'POOLMAX': [-1, 2]}), ({'CONV': [256, 3]}, {'CONV': [64, 5]}), ({'CONV': [256, 3]}, {'CONV': [256, 3]}, {'POOLMAX': [-1, 2]}), ({'CONV': [256, 3]}, {'CONV': [256, 3]}), ({'CONV': [64, 3]}, {'CONV': [256, 3]}, {'POOLMAX': [-1, 2]}), {'GLOBAL_AVG': None}, {'LAST_DENSE': [100, 'softmax']}]",TPC,MSWAP,GA,70,"[0.10890000313520432, 0.12460000067949295, 0.24709999561309814, 0.32659998536109924, 0.3564999997615814, 0.35100001096725464, 0.39320001006126404, 0.4431999921798706, 0.37950000166893005, 0.39239999651908875, 0.49079999327659607, 0.47999998927116394, 0.4968000054359436, 0.46239998936653137, 0.5235999822616577, 0.5304999947547913, 0.5454000234603882, 0.5070000290870667, 0.4999000132083893, 0.5038999915122986, 0.5138999819755554, 0.5059000253677368, 0.5852000117301941, 0.5914999842643738, 0.5867000222206116, 0.6029999852180481, 0.5985999703407288, 0.5770999789237976, 0.6014999747276306, 0.5896000266075134, 0.6151999831199646, 0.6244999766349792, 0.6158999800682068, 0.5898000001907349, 0.5889999866485596, 0.5934000015258789, 0.6198999881744385, 0.6256999969482422, 0.6557000279426575, 0.636900007724762, 0.6525999903678894, 0.6248999834060669, 0.6360999941825867, 0.6575000286102295, 0.6294000148773193, 0.6460000276565552, 0.6492000222206116, 0.6499999761581421, 0.6542999744415283, 0.6696000099182129, 0.671999990940094, 0.6729999780654907, 0.6722999811172485, 0.6726999878883362, 0.6693000197410583, 0.6633999943733215, 0.6697999835014343, 0.6717000007629395, 0.6827999949455261, 0.6771000027656555, 0.676800012588501, 0.6712999939918518, 0.6705999970436096, 0.6754999756813049, 0.6800000071525574, 0.6812000274658203, 0.6776999831199646, 0.6815000176429749, 0.6787999868392944, 0.682200014591217]","[4.058778285980225, 4.544181823730469, 3.2103240489959717, 2.9119391441345215, 2.853975534439087, 2.867668867111206, 2.7318711280822754, 2.517894983291626, 3.1108219623565674, 2.780534029006958, 2.313511610031128, 2.414252758026123, 2.2880167961120605, 2.613128423690796, 2.2466354370117188, 2.1937007904052734, 2.1315701007843018, 2.347933292388916, 2.3998584747314453, 2.492926836013794, 2.2927944660186768, 2.4257991313934326, 2.0131704807281494, 1.929735541343689, 1.9841372966766357, 1.911052942276001, 1.9722169637680054, 2.049722671508789, 1.9281058311462402, 2.0244967937469482, 1.8754771947860718, 1.811097502708435, 1.8729790449142456, 2.0546231269836426, 1.9436986446380615, 2.0268218517303467, 1.8567270040512085, 1.8962996006011963, 1.7545095682144165, 1.868131399154663, 1.773427963256836, 1.9435523748397827, 1.9235517978668213, 1.6971861124038696, 1.9013941287994385, 1.847432255744934, 1.767671823501587, 1.7516021728515625, 1.760115385055542, 1.6987178325653076, 1.7099330425262451, 1.6818140745162964, 1.6810076236724854, 1.7114912271499634, 1.6978400945663452, 1.7469849586486816, 1.7249547243118286, 1.7053587436676025, 1.6516770124435425, 1.7210466861724854, 1.7088892459869385, 1.7920632362365723, 1.7588812112808228, 1.7227658033370972, 1.7001399993896484, 1.698044776916504, 1.7402716875076294, 1.7306137084960938, 1.7284079790115356, 1.7177798748016357]",0.682200014591217,,1621216492,,3547684,,,,,,0.25,0.375,0.0,71,28,400,400,0.1775,0.07,False,BEST,0.9,True,True,"[[82  0  0 ...  0  0  0]
 [ 0 82  0 ...  0  0  0]
 [ 0  1 55 ...  0  2  0]
 ...
 [ 0  0  0 ... 70  0  0]
 [ 0  0  3 ...  0 47  1]
 [ 0  0  0 ...  0  0 69]]",0.6823,0.693165885,0.6823,0.682638016,50
BDKOHI[M],,9,20,20,True,True,"[2, 28, 23, 15, 28, 23, 11, 55]",[],"[{'INP': 32}, {'CONV': [64, 3]}, ({'CONV': [32, 3]}, {'CONV': [64, 3]}), ({'CONV': [64, 5]}, {'CONV': [128, 3]}, {'POOLMAX': [-1, 2]}), ({'CONV': [64, 3]}, {'CONV': [256, 5]}), ({'CONV': [32, 5]}, {'CONV': [256, 5]}, {'POOLMAX': [-1, 2]}), ({'CONV': [64, 5]}, {'CONV': [128, 3]}), ({'CONV': [64, 3]}, {'CONV': [256, 5]}, {'POOLMAX': [-1, 2]}), ({'CONV': [32, 5]}, {'CONV': [64, 5]}), ({'CONV': [256, 3]}, {'CONV': [256, 5]}, {'POOLMAX': [-1, 2]}), {'GLOBAL_AVG': None}, {'LAST_DENSE': [100, 'softmax']}]",TPC,MSWAP,GA,70,"[0.11339999735355377, 0.2224999964237213, 0.2822999954223633, 0.3109999895095825, 0.3086000084877014, 0.37790000438690186, 0.4530999958515167, 0.4368000030517578, 0.4596000015735626, 0.49880000948905945, 0.450300008058548, 0.4657999873161316, 0.4740999937057495, 0.5422000288963318, 0.5295000076293945, 0.5296000242233276, 0.5023999810218811, 0.5372999906539917, 0.5130000114440918, 0.6237999796867371, 0.5971999764442444, 0.6098999977111816, 0.6244999766349792, 0.6104000210762024, 0.603600025177002, 0.6226000189781189, 0.6230000257492065, 0.597599983215332, 0.6542999744415283, 0.6474999785423279, 0.6650000214576721, 0.6506999731063843, 0.6643000245094299, 0.6646999716758728, 0.6553000211715698, 0.6618000268936157, 0.6715999841690063, 0.6675000190734863, 0.6582000255584717, 0.67330002784729, 0.67330002784729, 0.6775000095367432, 0.6638000011444092, 0.6604999899864197, 0.6496000289916992, 0.7002999782562256, 0.6937999725341797, 0.6915000081062317, 0.692799985408783, 0.6916999816894531, 0.6902999877929688, 0.7038000226020813, 0.7045000195503235, 0.6998000144958496, 0.7003999948501587, 0.7056000232696533, 0.7064999938011169, 0.7032999992370605, 0.7042999863624573, 0.703000009059906, 0.7042999863624573, 0.7055000066757202, 0.7059000134468079, 0.704800009727478, 0.7052000164985657, 0.704800009727478, 0.7060999870300293, 0.7084000110626221, 0.7057999968528748, 0.7059000134468079]","[4.239069938659668, 3.494209051132202, 3.19575834274292, 3.1287853717803955, 3.294863224029541, 2.862910032272339, 2.5172319412231445, 2.65640926361084, 2.5332889556884766, 2.367586612701416, 2.7163336277008057, 2.626189947128296, 2.541269063949585, 2.192487955093384, 2.275805950164795, 2.2814502716064453, 2.4429357051849365, 2.296459674835205, 2.4895737171173096, 1.8827388286590576, 2.009986400604248, 1.9230268001556396, 1.8444722890853882, 1.945480465888977, 1.9651237726211548, 1.9214701652526855, 1.9419704675674438, 2.130979299545288, 1.7528525590896606, 1.851777195930481, 1.7101693153381348, 1.7812329530715942, 1.710123062133789, 1.7098318338394165, 1.7609015703201294, 1.7652541399002075, 1.7051331996917725, 1.727979063987732, 1.8207958936691284, 1.6981868743896484, 1.7195243835449219, 1.716638445854187, 1.756614089012146, 1.804403305053711, 1.8611640930175781, 1.6484203338623047, 1.6892286539077759, 1.6913552284240723, 1.6785496473312378, 1.7379131317138672, 1.7299683094024658, 1.6653984785079956, 1.6932886838912964, 1.75577974319458, 1.7305392026901245, 1.7057783603668213, 1.7114624977111816, 1.744228482246399, 1.7425965070724487, 1.7264554500579834, 1.7328559160232544, 1.7409101724624634, 1.7382699251174927, 1.7458676099777222, 1.7476806640625, 1.7573015689849854, 1.7496751546859741, 1.7405002117156982, 1.742331862449646, 1.7516310214996338]",0.7059000134468079,,788953452,,6790436,,,,,"[2, 28, 23, 15, 28, 23, 11, 55]",0.125,0.125,0.0,68,31,400,400,0.17,0.0775,False,BEST,1.0,True,True,"[[88  0  0 ...  0  0  0]
 [ 0 84  0 ...  0  0  0]
 [ 1  0 57 ...  0  2  0]
 ...
 [ 0  0  0 ... 69  0  0]
 [ 0  0  3 ...  0 55  0]
 [ 0  0  0 ...  0  0 73]]",0.7059,0.719210515,0.7059,0.707067147,43
BAHHFV[M],,10,20,20,True,True,"[14, 16, 4, 38, 34, 38, 13, 21]",[],"[{'INP': 32}, {'CONV': [64, 3]}, ({'CONV': [32, 5]}, {'CONV': [256, 3]}), ({'CONV': [64, 3]}, {'CONV': [32, 3]}, {'POOLMAX': [-1, 2]}), ({'CONV': [32, 3]}, {'CONV': [128, 3]}), ({'CONV': [128, 3]}, {'CONV': [256, 3]}, {'POOLMAX': [-1, 2]}), ({'CONV': [128, 3]}, {'CONV': [64, 3]}), ({'CONV': [128, 3]}, {'CONV': [256, 3]}, {'POOLMAX': [-1, 2]}), ({'CONV': [32, 5]}, {'CONV': [128, 5]}), ({'CONV': [64, 3]}, {'CONV': [128, 5]}, {'POOLMAX': [-1, 2]}), {'GLOBAL_AVG': None}, {'LAST_DENSE': [100, 'softmax']}]",TPC,MSWAP,GA,70,"[0.08420000225305557, 0.1987999975681305, 0.25189998745918274, 0.37439998984336853, 0.3799000084400177, 0.3953000009059906, 0.45489999651908875, 0.44279998540878296, 0.47690001130104065, 0.484499990940094, 0.47130000591278076, 0.4950999915599823, 0.5108000040054321, 0.5026000142097473, 0.5523999929428101, 0.5069000124931335, 0.5393000245094299, 0.5019000172615051, 0.5651999711990356, 0.5184000134468079, 0.6054999828338623, 0.6144999861717224, 0.6412000060081482, 0.6370000243186951, 0.6238999962806702, 0.6263999938964844, 0.6251000165939331, 0.6353999972343445, 0.6675000190734863, 0.6753000020980835, 0.6730999946594238, 0.6798999905586243, 0.6694999933242798, 0.67330002784729, 0.6761999726295471, 0.6607000231742859, 0.6729000210762024, 0.6935999989509583, 0.7005000114440918, 0.7024999856948853, 0.691100001335144, 0.7057999968528748, 0.6988999843597412, 0.6970000267028809, 0.7026000022888184, 0.6996999979019165, 0.6872000098228455, 0.7056999802589417, 0.7028999924659729, 0.7111999988555908, 0.7064999938011169, 0.7045000195503235, 0.7077999711036682, 0.708899974822998, 0.7088000178337097, 0.7045000195503235, 0.7073000073432922, 0.7067000269889832, 0.7087000012397766, 0.7124000191688538, 0.7121000289916992, 0.7156000137329102, 0.7121999859809875, 0.7142999768257141, 0.7168999910354614, 0.7143999934196472, 0.7132999897003174, 0.7131999731063843, 0.7125999927520752, 0.7156999707221985]","[4.390875816345215, 3.8470702171325684, 3.509875774383545, 2.782691478729248, 2.7987771034240723, 2.7961642742156982, 2.4525108337402344, 2.651808500289917, 2.464954137802124, 2.499763011932373, 2.5912954807281494, 2.4488911628723145, 2.3845322132110596, 2.4282901287078857, 2.2086241245269775, 2.5023856163024902, 2.3076491355895996, 2.6534042358398438, 2.275827646255493, 2.5470669269561768, 2.0481743812561035, 2.006150245666504, 1.8423631191253662, 1.8426644802093506, 1.91020667552948, 1.9312169551849365, 1.9275978803634644, 1.8441780805587769, 1.7810535430908203, 1.7351906299591064, 1.7529302835464478, 1.7260286808013916, 1.7856286764144897, 1.748767375946045, 1.7528495788574219, 1.8285964727401733, 1.8013060092926025, 1.6810516119003296, 1.651983618736267, 1.6320403814315796, 1.7449253797531128, 1.6259880065917969, 1.7108689546585083, 1.6935226917266846, 1.6784193515777588, 1.6877732276916504, 1.7697781324386597, 1.6986632347106934, 1.696001410484314, 1.6636857986450195, 1.722090244293213, 1.7200790643692017, 1.6909103393554688, 1.692750334739685, 1.688600778579712, 1.7215784788131714, 1.7243070602416992, 1.730180263519287, 1.7218650579452515, 1.7012948989868164, 1.7202796936035156, 1.7039461135864258, 1.7191752195358276, 1.7150918245315552, 1.706514596939087, 1.707955241203308, 1.7225513458251953, 1.7162023782730103, 1.7196855545043945, 1.7060868740081787]",0.7156999707221985,,932332972,,7483044,,,,,"[14, 16, 4, 38, 34, 38, 13, 21]",0.125,0.375,0.0,75,34,400,400,0.1875,0.085,False,BEST,0.8,True,True,"[[82  0  0 ...  0  0  0]
 [ 0 84  0 ...  0  0  0]
 [ 0  0 56 ...  0  3  0]
 ...
 [ 0  0  0 ... 77  0  0]
 [ 0  1  2 ...  0 54  0]
 [ 0  0  1 ...  0  0 71]]",0.7157,0.726782939,0.7157,0.716799371,6
BFZSRU[M],,11,20,18,False,False,"[14, 34, 4, 38, 26, 63, 54, 26]",[],"[{'INP': 32}, {'CONV': [64, 3]}, ({'CONV': [32, 5]}, {'CONV': [256, 3]}), ({'CONV': [128, 3]}, {'CONV': [64, 3]}, {'POOLMAX': [-1, 2]}), ({'CONV': [32, 3]}, {'CONV': [128, 3]}), ({'CONV': [128, 3]}, {'CONV': [256, 3]}, {'POOLMAX': [-1, 2]}), ({'CONV': [64, 5]}, {'CONV': [64, 3]}), ({'CONV': [256, 5]}, {'CONV': [256, 5]}, {'POOLMAX': [-1, 2]}), ({'CONV': [256, 3]}, {'CONV': [256, 3]}), ({'CONV': [64, 5]}, {'CONV': [64, 3]}, {'POOLMAX': [-1, 2]}), {'GLOBAL_AVG': None}, {'LAST_DENSE': [100, 'softmax']}]",TPC,MSWAP,GA,70,"[0.09529999643564224, 0.21389999985694885, 0.2443999946117401, 0.2896000146865845, 0.4106999933719635, 0.453900009393692, 0.46860000491142273, 0.47839999198913574, 0.4851999878883362, 0.47749999165534973, 0.4943999946117401, 0.48809999227523804, 0.5163999795913696, 0.5333999991416931, 0.4814999997615814, 0.5232999920845032, 0.46889999508857727, 0.5288000106811523, 0.5275999903678894, 0.6116999983787537, 0.6055999994277954, 0.6064000129699707, 0.5982999801635742, 0.6061000227928162, 0.6075999736785889, 0.6029000282287598, 0.6136000156402588, 0.6140999794006348, 0.5896999835968018, 0.6194000244140625, 0.6161999702453613, 0.616100013256073, 0.6104999780654907, 0.669700026512146, 0.6543999910354614, 0.6674000024795532, 0.6739000082015991, 0.6644999980926514, 0.682200014591217, 0.6797000169754028, 0.6636000275611877, 0.6703000068664551, 0.6796000003814697, 0.6714000105857849, 0.661300003528595, 0.6927000284194946, 0.6811000108718872, 0.6858000159263611, 0.6929000020027161, 0.6933000087738037, 0.6866999864578247, 0.6991000175476074, 0.6966999769210815, 0.7023000121116638, 0.6977999806404114, 0.7009999752044678, 0.7020999789237976, 0.6988000273704529, 0.7002000212669373, 0.7009999752044678, 0.7031999826431274, 0.7052000164985657, 0.7035999894142151, 0.7027000188827515, 0.7038999795913696, 0.7071999907493591, 0.7023000121116638, 0.7027999758720398, 0.7020999789237976, 0.7027000188827515]","[4.1568732261657715, 3.69549560546875, 3.3292832374572754, 3.1613609790802, 2.5785694122314453, 2.3696343898773193, 2.391516923904419, 2.319190740585327, 2.3513224124908447, 2.3882133960723877, 2.290558099746704, 2.331007242202759, 2.262808084487915, 2.175300121307373, 2.571700096130371, 2.2716317176818848, 2.5853848457336426, 2.2425684928894043, 2.3017349243164062, 1.8814878463745117, 1.9442310333251953, 1.8970818519592285, 1.8975379467010498, 1.8691068887710571, 1.9012826681137085, 1.8834794759750366, 1.8638185262680054, 1.8400875329971313, 2.0061254501342773, 1.8960082530975342, 1.9433798789978027, 1.9111303091049194, 1.9943113327026367, 1.645423412322998, 1.758508563041687, 1.6482638120651245, 1.6418367624282837, 1.6901601552963257, 1.6010727882385254, 1.5960676670074463, 1.7204262018203735, 1.6866503953933716, 1.63375985622406, 1.6368097066879272, 1.695021152496338, 1.5775275230407715, 1.6445444822311401, 1.6407593488693237, 1.5878852605819702, 1.5900551080703735, 1.6236835718154907, 1.5895037651062012, 1.580300211906433, 1.5657037496566772, 1.604567527770996, 1.5902092456817627, 1.5771573781967163, 1.5981520414352417, 1.5841779708862305, 1.6125364303588867, 1.5755677223205566, 1.5763025283813477, 1.6082029342651367, 1.6098179817199707, 1.5955911874771118, 1.584107756614685, 1.6038392782211304, 1.5962399244308472, 1.6058212518692017, 1.601405143737793]",0.7027000188827515,,1108592812,,4767908,,,,,,0.5,0.5,0.0,78,36,400,400,0.195,0.09,False,BEST,0.95,True,True,"[[89  0  0 ...  0  0  0]
 [ 0 80  0 ...  0  0  0]
 [ 0  0 67 ...  0  2  0]
 ...
 [ 0  0  0 ... 70  0  0]
 [ 0  0  3 ...  0 53  0]
 [ 0  0  0 ...  0  0 71]]",0.7026,0.71399675,0.7026,0.703299743,77
BHRXPP[M],,12,20,20,True,True,"[39, 43, 4, 15, 58, 38, 39, 55]",[],"[{'INP': 32}, {'CONV': [64, 3]}, ({'CONV': [128, 3]}, {'CONV': [256, 5]}), ({'CONV': [128, 5]}, {'CONV': [64, 5]}, {'POOLMAX': [-1, 2]}), ({'CONV': [32, 3]}, {'CONV': [128, 3]}), ({'CONV': [32, 5]}, {'CONV': [256, 5]}, {'POOLMAX': [-1, 2]}), ({'CONV': [256, 5]}, {'CONV': [64, 3]}), ({'CONV': [128, 3]}, {'CONV': [256, 3]}, {'POOLMAX': [-1, 2]}), ({'CONV': [128, 3]}, {'CONV': [256, 5]}), ({'CONV': [256, 3]}, {'CONV': [256, 5]}, {'POOLMAX': [-1, 2]}), {'GLOBAL_AVG': None}, {'LAST_DENSE': [100, 'softmax']}]",TPC,MSWAP,GA,70,"[0.11129999905824661, 0.18160000443458557, 0.2451999932527542, 0.3021000027656555, 0.3353999853134155, 0.4065999984741211, 0.42590001225471497, 0.4120999872684479, 0.45339998602867126, 0.40709999203681946, 0.4575999975204468, 0.45910000801086426, 0.4758000075817108, 0.4375999867916107, 0.48010000586509705, 0.49639999866485596, 0.5320000052452087, 0.475600004196167, 0.4896000027656555, 0.4927000105381012, 0.49619999527931213, 0.539900004863739, 0.5331000089645386, 0.5745000243186951, 0.5658000111579895, 0.5329999923706055, 0.564300000667572, 0.527899980545044, 0.5541999936103821, 0.6255999803543091, 0.6244999766349792, 0.5895000100135803, 0.6236000061035156, 0.605400025844574, 0.6158999800682068, 0.6448000073432922, 0.5878999829292297, 0.6255000233650208, 0.626800000667572, 0.6347000002861023, 0.6187000274658203, 0.671500027179718, 0.6535000205039978, 0.6769000291824341, 0.6446999907493591, 0.6715999841690063, 0.661899983882904, 0.6657000184059143, 0.6704999804496765, 0.6676999926567078, 0.67330002784729, 0.6717000007629395, 0.6826000213623047, 0.6703000068664551, 0.6704999804496765, 0.675599992275238, 0.6674000024795532, 0.6744999885559082, 0.6851999759674072, 0.6791999936103821, 0.6890000104904175, 0.6858999729156494, 0.6861000061035156, 0.6891000270843506, 0.6959999799728394, 0.6976000070571899, 0.6901000142097473, 0.6960999965667725, 0.695900022983551, 0.695900022983551]","[4.009382247924805, 3.549304962158203, 3.2524678707122803, 2.979154109954834, 2.9306905269622803, 2.590806245803833, 2.5293424129486084, 2.5925352573394775, 2.4295849800109863, 2.767510175704956, 2.532198190689087, 2.47170090675354, 2.3842415809631348, 2.697268486022949, 2.451646566390991, 2.3676018714904785, 2.193194627761841, 2.577911615371704, 2.4675369262695312, 2.4900596141815186, 2.506709098815918, 2.1465303897857666, 2.288008689880371, 2.0596063137054443, 2.123148202896118, 2.260230779647827, 2.123833656311035, 2.3442399501800537, 2.194261312484741, 1.871761679649353, 1.876242756843567, 2.042559862136841, 1.8375436067581177, 2.0221619606018066, 1.884197473526001, 1.7352043390274048, 2.0258100032806396, 1.8806509971618652, 1.8322447538375854, 1.7974859476089478, 1.8959115743637085, 1.6501892805099487, 1.7716937065124512, 1.6501067876815796, 1.8097649812698364, 1.6409615278244019, 1.71476149559021, 1.6938560009002686, 1.693459153175354, 1.7015485763549805, 1.6397334337234497, 1.6322619915008545, 1.6479030847549438, 1.691115379333496, 1.7109228372573853, 1.6573337316513062, 1.736325740814209, 1.694411277770996, 1.6475383043289185, 1.68851637840271, 1.651047706604004, 1.6431400775909424, 1.624234914779663, 1.641970157623291, 1.619631290435791, 1.6073224544525146, 1.658398985862732, 1.6188668012619019, 1.631935715675354, 1.6372406482696533]",0.695900022983551,,1907880620,,3960996,,,,,"[39, 43, 4, 15, 39, 38, 58, 55]",0.0,0.0,0.25,84,40,400,400,0.21,0.1,False,BEST,0.6,True,True,"[[92  0  0 ...  0  0  0]
 [ 0 81  0 ...  0  0  0]
 [ 0  0 53 ...  0  1  0]
 ...
 [ 0  0  0 ... 65  0  0]
 [ 0  0  1 ...  0 51  1]
 [ 0  0  0 ...  0  0 78]]",0.6958,0.709903396,0.6958,0.697387987,80
BBLVRF[M],,13,20,20,True,True,"[21, 20, 39, 6, 39, 6, 39, 55]",[],"[{'INP': 32}, {'CONV': [64, 3]}, ({'CONV': [64, 3]}, {'CONV': [128, 5]}), ({'CONV': [64, 3]}, {'CONV': [128, 3]}, {'POOLMAX': [-1, 2]}), ({'CONV': [128, 3]}, {'CONV': [256, 5]}), ({'CONV': [32, 3]}, {'CONV': [256, 3]}, {'POOLMAX': [-1, 2]}), ({'CONV': [128, 3]}, {'CONV': [256, 5]}), ({'CONV': [32, 3]}, {'CONV': [256, 3]}, {'POOLMAX': [-1, 2]}), ({'CONV': [128, 3]}, {'CONV': [256, 5]}), ({'CONV': [256, 3]}, {'CONV': [256, 5]}, {'POOLMAX': [-1, 2]}), {'GLOBAL_AVG': None}, {'LAST_DENSE': [100, 'softmax']}]",TPC,MSWAP,GA,70,"[0.08470000326633453, 0.18219999969005585, 0.2590000033378601, 0.3050000071525574, 0.39169999957084656, 0.3750999867916107, 0.3084000051021576, 0.45750001072883606, 0.3950999975204468, 0.4480000138282776, 0.4113999903202057, 0.4523000121116638, 0.4510999917984009, 0.5440999865531921, 0.5766000151634216, 0.5733000040054321, 0.5498999953269958, 0.5703999996185303, 0.5920000076293945, 0.5943999886512756, 0.5842000246047974, 0.5813999772071838, 0.5759999752044678, 0.5539000034332275, 0.5412999987602234, 0.6492000222206116, 0.6398000121116638, 0.6421999931335449, 0.651199996471405, 0.6313999891281128, 0.6514000296592712, 0.6488000154495239, 0.6574000120162964, 0.6607000231742859, 0.657800018787384, 0.6520000100135803, 0.6538000106811523, 0.6373999714851379, 0.6718999743461609, 0.673799991607666, 0.652999997138977, 0.6589000225067139, 0.6726999878883362, 0.6834999918937683, 0.6769000291824341, 0.6830999851226807, 0.6837999820709229, 0.6796000003814697, 0.6833000183105469, 0.685699999332428, 0.6895999908447266, 0.6850000023841858, 0.6866000294685364, 0.6919000148773193, 0.6855999827384949, 0.6877999901771545, 0.6906999945640564, 0.6881999969482422, 0.6895999908447266, 0.6891000270843506, 0.6909999847412109, 0.6898000240325928, 0.6906999945640564, 0.6908000111579895, 0.6912000179290771, 0.6887999773025513, 0.6906999945640564, 0.690500020980835, 0.6915000081062317, 0.6919000148773193]","[4.377030372619629, 3.8349289894104004, 3.368345260620117, 3.0286455154418945, 2.6706385612487793, 2.8106796741485596, 3.3358094692230225, 2.4146711826324463, 2.7692723274230957, 2.499926805496216, 2.7929396629333496, 2.5280420780181885, 2.6221232414245605, 2.120750665664673, 1.972628116607666, 1.9746417999267578, 2.1154873371124268, 2.013363838195801, 1.9569272994995117, 1.8736064434051514, 1.9485751390457153, 2.0062084197998047, 2.0450658798217773, 2.166658401489258, 2.306698799133301, 1.7072421312332153, 1.7195072174072266, 1.7234476804733276, 1.6675933599472046, 1.789534330368042, 1.6929739713668823, 1.7273941040039062, 1.644240379333496, 1.6543948650360107, 1.6682547330856323, 1.6925894021987915, 1.7198774814605713, 1.7597827911376953, 1.6660019159317017, 1.6532368659973145, 1.7613091468811035, 1.7426990270614624, 1.65572988986969, 1.6110831499099731, 1.661004900932312, 1.6199603080749512, 1.6123827695846558, 1.6570138931274414, 1.6372015476226807, 1.6083070039749146, 1.5956777334213257, 1.6503523588180542, 1.6302285194396973, 1.6084263324737549, 1.6266448497772217, 1.6388322114944458, 1.6119115352630615, 1.6321678161621094, 1.6159873008728027, 1.6273571252822876, 1.630143404006958, 1.6323851346969604, 1.6286935806274414, 1.6318501234054565, 1.622100830078125, 1.6354906558990479, 1.6272159814834595, 1.6319724321365356, 1.6291106939315796, 1.6218905448913574]",0.6919000148773193,,557651564,,4433700,,,,,"[21, 6, 39, 20, 39, 6, 39, 55]",0.125,0.375,0.25,98,43,400,400,0.245,0.1075,False,BEST,0.8,True,True,"[[88  0  0 ...  0  0  0]
 [ 0 77  0 ...  0  1  0]
 [ 1  0 61 ...  0  3  0]
 ...
 [ 0  0  0 ... 71  0  0]
 [ 0  0  4 ...  0 52  1]
 [ 0  0  0 ...  0  0 72]]",0.692,0.705191599,0.692,0.693015884,85
BMOTHJ[M],,14,20,20,True,True,"[19, 28, 29, 29, 28, 44, 28, 55]",[],"[{'INP': 32}, {'CONV': [64, 3]}, ({'CONV': [64, 3]}, {'CONV': [64, 5]}), ({'CONV': [64, 5]}, {'CONV': [128, 3]}, {'POOLMAX': [-1, 2]}), ({'CONV': [64, 5]}, {'CONV': [128, 5]}), ({'CONV': [64, 5]}, {'CONV': [128, 5]}, {'POOLMAX': [-1, 2]}), ({'CONV': [64, 5]}, {'CONV': [128, 3]}), ({'CONV': [128, 5]}, {'CONV': [128, 3]}, {'POOLMAX': [-1, 2]}), ({'CONV': [64, 5]}, {'CONV': [128, 3]}), ({'CONV': [256, 3]}, {'CONV': [256, 5]}, {'POOLMAX': [-1, 2]}), {'GLOBAL_AVG': None}, {'LAST_DENSE': [100, 'softmax']}]",TPC,MSWAP,GA,70,"[0.0763000026345253, 0.19920000433921814, 0.21690000593662262, 0.2849000096321106, 0.33219999074935913, 0.349700003862381, 0.39640000462532043, 0.43970000743865967, 0.4472000002861023, 0.47380000352859497, 0.49559998512268066, 0.5163999795913696, 0.49619999527931213, 0.5206000208854675, 0.4823000133037567, 0.5206999778747559, 0.5127000212669373, 0.5760999917984009, 0.5680000185966492, 0.5873000025749207, 0.5738000273704529, 0.5893999934196472, 0.5789999961853027, 0.5861999988555908, 0.5985000133514404, 0.5773000121116638, 0.6004999876022339, 0.5898000001907349, 0.5418000221252441, 0.5920000076293945, 0.6129000186920166, 0.6074000000953674, 0.6164000034332275, 0.621399998664856, 0.6216999888420105, 0.6100999712944031, 0.6176000237464905, 0.6065999865531921, 0.6173999905586243, 0.6114000082015991, 0.6482999920845032, 0.6570000052452087, 0.6570000052452087, 0.6498000025749207, 0.6431000232696533, 0.6531999707221985, 0.6660000085830688, 0.6452999711036682, 0.6301000118255615, 0.6462000012397766, 0.6370000243186951, 0.6636999845504761, 0.6635000109672546, 0.6722999811172485, 0.6665999889373779, 0.6753000020980835, 0.6657000184059143, 0.6712999939918518, 0.6664000153541565, 0.6664999723434448, 0.6517999768257141, 0.6726999878883362, 0.6733999848365784, 0.6754000186920166, 0.6814000010490417, 0.6796000003814697, 0.6812000274658203, 0.6777999997138977, 0.6811000108718872, 0.6859999895095825]","[4.602047443389893, 3.5985116958618164, 3.590937852859497, 3.4264378547668457, 2.981570243835449, 2.9330477714538574, 2.640624523162842, 2.4841601848602295, 2.534562110900879, 2.403931140899658, 2.2756149768829346, 2.1850035190582275, 2.309192657470703, 2.294306755065918, 2.4382617473602295, 2.246030569076538, 2.2793190479278564, 2.002650499343872, 2.073080539703369, 1.9248698949813843, 2.0268092155456543, 1.9606857299804688, 2.0088260173797607, 1.9672142267227173, 1.9246710538864136, 2.0817155838012695, 1.910326361656189, 1.9827972650527954, 2.2755303382873535, 2.035954475402832, 1.8616443872451782, 1.9068080186843872, 1.853083610534668, 1.8304439783096313, 1.8197234869003296, 1.898436188697815, 1.8570613861083984, 1.9566187858581543, 1.8921023607254028, 1.9243048429489136, 1.7700183391571045, 1.7610576152801514, 1.7458369731903076, 1.7903339862823486, 1.8813672065734863, 1.7621455192565918, 1.7234207391738892, 1.8691473007202148, 1.945947289466858, 1.809718370437622, 1.9278626441955566, 1.754541039466858, 1.781834363937378, 1.7360130548477173, 1.7944419384002686, 1.7176082134246826, 1.7785232067108154, 1.7294541597366333, 1.799834132194519, 1.8170174360275269, 1.8305437564849854, 1.753546118736267, 1.7762662172317505, 1.7661261558532715, 1.7561392784118652, 1.759070873260498, 1.7973926067352295, 1.7919806241989136, 1.777342438697815, 1.7470208406448364]",0.6859999895095825,,695906156,,5380388,,,,,"[19, 28, 29, 29, 28, 44, 28, 55]",0.125,0.25,0.0,92,28,400,400,0.23,0.07,False,BEST,0.5,True,True,"[[79  0  1 ...  0  0  0]
 [ 0 77  0 ...  0  0  0]
 [ 0  1 49 ...  0  7  0]
 ...
 [ 0  0  0 ... 67  0  0]
 [ 0  0  2 ...  0 57  0]
 [ 0  0  0 ...  0  0 69]]",0.686,0.69880493,0.686,0.687073915,218
BCBIC[M],,15,20,18,False,False,"[14, 34, 55, 34, 11, 7, 28, 31]",[],"[{'INP': 32}, {'CONV': [64, 3]}, ({'CONV': [32, 5]}, {'CONV': [256, 3]}), ({'CONV': [128, 3]}, {'CONV': [64, 3]}, {'POOLMAX': [-1, 2]}), ({'CONV': [256, 3]}, {'CONV': [256, 5]}), ({'CONV': [128, 3]}, {'CONV': [64, 3]}, {'POOLMAX': [-1, 2]}), ({'CONV': [32, 5]}, {'CONV': [64, 5]}), ({'CONV': [32, 3]}, {'CONV': [256, 5]}, {'POOLMAX': [-1, 2]}), ({'CONV': [64, 5]}, {'CONV': [128, 3]}), ({'CONV': [64, 5]}, {'CONV': [256, 5]}, {'POOLMAX': [-1, 2]}), {'GLOBAL_AVG': None}, {'LAST_DENSE': [100, 'softmax']}]",TPC,MSWAP,GA,70,"[0.1282999962568283, 0.22050000727176666, 0.3262999951839447, 0.32440000772476196, 0.3977999985218048, 0.4172999858856201, 0.47760000824928284, 0.42660000920295715, 0.47049999237060547, 0.4869000017642975, 0.4544999897480011, 0.4779999852180481, 0.5753999948501587, 0.5874000191688538, 0.6000999808311462, 0.6079999804496765, 0.5859000086784363, 0.6065000295639038, 0.6065000295639038, 0.6029999852180481, 0.6255000233650208, 0.6154999732971191, 0.6040999889373779, 0.6191999912261963, 0.6035000085830688, 0.6205999851226807, 0.6588000059127808, 0.6535999774932861, 0.6657999753952026, 0.6521999835968018, 0.6636000275611877, 0.6567999720573425, 0.6385999917984009, 0.6651999950408936, 0.6711000204086304, 0.6549000144004822, 0.6843000054359436, 0.6909000277519226, 0.6901000142097473, 0.684499979019165, 0.6830000281333923, 0.6870999932289124, 0.6866999864578247, 0.6930000185966492, 0.6948000192642212, 0.698199987411499, 0.6899999976158142, 0.6955000162124634, 0.6969000101089478, 0.6980999708175659, 0.7009999752044678, 0.7027000188827515, 0.7023000121116638, 0.7014999985694885, 0.7069000005722046, 0.7027999758720398, 0.7014999985694885, 0.7028999924659729, 0.7021999955177307, 0.7037000060081482, 0.7013999819755554, 0.7042999863624573, 0.7044000029563904, 0.7062000036239624, 0.705299973487854, 0.7053999900817871, 0.7056000232696533, 0.7049000263214111, 0.7045999765396118, 0.7044000029563904]","[4.057104110717773, 3.523616313934326, 2.923642635345459, 3.2083380222320557, 2.704561471939087, 2.747426748275757, 2.4064688682556152, 2.719874382019043, 2.471405029296875, 2.4454307556152344, 2.7018661499023438, 2.5503885746002197, 2.0574898719787598, 1.9754853248596191, 1.9203107357025146, 1.8777093887329102, 2.0174014568328857, 1.9207794666290283, 1.8856929540634155, 1.93357515335083, 1.7942286729812622, 1.8935997486114502, 1.9513945579528809, 1.8955237865447998, 1.9655230045318604, 1.8744968175888062, 1.7032287120819092, 1.7677993774414062, 1.6822445392608643, 1.7510632276535034, 1.6651690006256104, 1.7452956438064575, 1.846664309501648, 1.672175407409668, 1.6785283088684082, 1.7662742137908936, 1.5998258590698242, 1.5747731924057007, 1.628031849861145, 1.6294207572937012, 1.6211447715759277, 1.6162621974945068, 1.6215358972549438, 1.590636968612671, 1.619154453277588, 1.5893003940582275, 1.6551505327224731, 1.6347078084945679, 1.6231633424758911, 1.6213653087615967, 1.593857765197754, 1.5879969596862793, 1.5957980155944824, 1.6024987697601318, 1.5866814851760864, 1.6101397275924683, 1.614236831665039, 1.6136903762817383, 1.6128921508789062, 1.6076573133468628, 1.620830774307251, 1.6088662147521973, 1.6108229160308838, 1.6050667762756348, 1.6127521991729736, 1.6172271966934204, 1.6145292520523071, 1.6160751581192017, 1.6118963956832886, 1.6118059158325195]",0.7044000029563904,,1035184044,,5593764,,,,,,0.25,0.125,0.0,87,27,400,400,0.2175,0.0675,False,BEST,1.0,True,True,"[[86  0  0 ...  0  0  0]
 [ 0 83  0 ...  0  0  0]
 [ 0  0 58 ...  0  1  0]
 ...
 [ 0  0  0 ... 69  0  0]
 [ 0  0  4 ...  0 48  0]
 [ 0  0  0 ...  0  1 73]]",0.7044,0.715919207,0.7044,0.705627236,61
BAENMT[M],,16,20,20,True,True,"[43, 29, 20, 20, 62, 20, 54, 55]",[],"[{'INP': 32}, {'CONV': [64, 3]}, ({'CONV': [128, 5]}, {'CONV': [64, 5]}), ({'CONV': [64, 5]}, {'CONV': [128, 5]}, {'POOLMAX': [-1, 2]}), ({'CONV': [64, 3]}, {'CONV': [128, 3]}), ({'CONV': [64, 3]}, {'CONV': [128, 3]}, {'POOLMAX': [-1, 2]}), ({'CONV': [256, 5]}, {'CONV': [256, 3]}), ({'CONV': [64, 3]}, {'CONV': [128, 3]}, {'POOLMAX': [-1, 2]}), ({'CONV': [256, 3]}, {'CONV': [256, 3]}), ({'CONV': [256, 3]}, {'CONV': [256, 5]}, {'POOLMAX': [-1, 2]}), {'GLOBAL_AVG': None}, {'LAST_DENSE': [100, 'softmax']}]",TPC,MSWAP,GA,70,"[0.10779999941587448, 0.16979999840259552, 0.3059000074863434, 0.2685999870300293, 0.36559998989105225, 0.35030001401901245, 0.3790000081062317, 0.36230000853538513, 0.4115999937057495, 0.48159998655319214, 0.46970000863075256, 0.4447000026702881, 0.4584999978542328, 0.507099986076355, 0.4812999963760376, 0.4936999976634979, 0.5131000280380249, 0.5116000175476074, 0.5228000283241272, 0.5935999751091003, 0.6244000196456909, 0.5676000118255615, 0.5551999807357788, 0.566100001335144, 0.5906000137329102, 0.6122999787330627, 0.6320000290870667, 0.6376000046730042, 0.6359999775886536, 0.6456000208854675, 0.6284000277519226, 0.6492999792098999, 0.6208999752998352, 0.6381000280380249, 0.6514000296592712, 0.6202999949455261, 0.6280999779701233, 0.6331999897956848, 0.6581000089645386, 0.641700029373169, 0.6453999876976013, 0.6516000032424927, 0.6542999744415283, 0.6258000135421753, 0.6685000061988831, 0.6797000169754028, 0.6669999957084656, 0.6538000106811523, 0.6503999829292297, 0.6661999821662903, 0.6754999756813049, 0.6761999726295471, 0.6725999712944031, 0.6812000274658203, 0.6705999970436096, 0.6748999953269958, 0.6837999820709229, 0.6823999881744385, 0.6848000288009644, 0.6830999851226807, 0.6801999807357788, 0.6873000264167786, 0.682200014591217, 0.6829000115394592, 0.6851999759674072, 0.6851000189781189, 0.683899998664856, 0.6833000183105469, 0.6872000098228455, 0.6833999752998352]","[4.1814446449279785, 3.8584718704223633, 2.957498550415039, 3.3396198749542236, 2.8024356365203857, 2.9509973526000977, 2.8386850357055664, 2.9873206615448, 2.7351653575897217, 2.3693270683288574, 2.4542057514190674, 2.6390721797943115, 2.5459635257720947, 2.3307037353515625, 2.421079397201538, 2.4216268062591553, 2.3669326305389404, 2.388915538787842, 2.3416454792022705, 1.9637283086776733, 1.7948068380355835, 2.112370491027832, 2.1799557209014893, 2.1283462047576904, 2.0281803607940674, 1.8665271997451782, 1.79984712600708, 1.765994668006897, 1.7707287073135376, 1.7363011837005615, 1.7849723100662231, 1.7279545068740845, 1.846035122871399, 1.7792595624923706, 1.7204302549362183, 1.9251238107681274, 1.8319740295410156, 1.8173555135726929, 1.7042336463928223, 1.7854865789413452, 1.7669543027877808, 1.7586402893066406, 1.7172166109085083, 1.904213309288025, 1.678889274597168, 1.619248390197754, 1.7275769710540771, 1.7561628818511963, 1.8068618774414062, 1.733354091644287, 1.6933462619781494, 1.677646279335022, 1.7164909839630127, 1.6665571928024292, 1.7589324712753296, 1.720590591430664, 1.6927664279937744, 1.6829038858413696, 1.6729828119277954, 1.6893255710601807, 1.6958562135696411, 1.6684242486953735, 1.6890099048614502, 1.6910079717636108, 1.6835212707519531, 1.685012936592102, 1.6853127479553223, 1.6942476034164429, 1.6830546855926514, 1.6933003664016724]",0.6833999752998352,,1071693292,,4963364,,,,,"[29, 43, 20, 20, 62, 20, 54, 55]",0.0,0.625,0.25,69,21,400,400,0.1725,0.0525,False,BEST,0.95,True,True,"[[86  0  0 ...  0  0  0]
 [ 0 79  0 ...  0  0  0]
 [ 0  0 63 ...  0  4  0]
 ...
 [ 0  0  0 ... 67  0  0]
 [ 0  1  4 ...  1 51  1]
 [ 0  0  0 ...  0  0 68]]",0.6834,0.695679376,0.6834,0.683590142,52
BAIPJQ[M],,17,20,20,True,True,"[14, 36, 36, 29, 12, 7, 10, 14]",[],"[{'INP': 32}, {'CONV': [64, 3]}, ({'CONV': [32, 5]}, {'CONV': [256, 3]}), ({'CONV': [128, 3]}, {'CONV': [128, 3]}, {'POOLMAX': [-1, 2]}), ({'CONV': [128, 3]}, {'CONV': [128, 3]}), ({'CONV': [64, 5]}, {'CONV': [128, 5]}, {'POOLMAX': [-1, 2]}), ({'CONV': [32, 5]}, {'CONV': [128, 3]}), ({'CONV': [32, 3]}, {'CONV': [256, 5]}, {'POOLMAX': [-1, 2]}), ({'CONV': [32, 5]}, {'CONV': [64, 3]}), ({'CONV': [32, 5]}, {'CONV': [256, 3]}, {'POOLMAX': [-1, 2]}), {'GLOBAL_AVG': None}, {'LAST_DENSE': [100, 'softmax']}]",TPC,MSWAP,GA,70,"[0.10159999877214432, 0.14830000698566437, 0.21699999272823334, 0.3368000090122223, 0.37549999356269836, 0.3937999904155731, 0.448199987411499, 0.4740000069141388, 0.4097999930381775, 0.48500001430511475, 0.4787999987602234, 0.38429999351501465, 0.47929999232292175, 0.47609999775886536, 0.4657000005245209, 0.5564000010490417, 0.590499997138977, 0.5949000120162964, 0.6061999797821045, 0.5479999780654907, 0.6050000190734863, 0.5889000296592712, 0.5690000057220459, 0.6144999861717224, 0.573199987411499, 0.6302000284194946, 0.6164000034332275, 0.6068000197410583, 0.6014000177383423, 0.6491000056266785, 0.6549000144004822, 0.6693000197410583, 0.6638000011444092, 0.6557999849319458, 0.6589000225067139, 0.6668000221252441, 0.6499999761581421, 0.685699999332428, 0.6614000201225281, 0.6820999979972839, 0.6836000084877014, 0.6827999949455261, 0.6751999855041504, 0.6916999816894531, 0.6912999749183655, 0.6894000172615051, 0.6934999823570251, 0.6875, 0.6883999705314636, 0.6922000050544739, 0.6929000020027161, 0.6904000043869019, 0.6926000118255615, 0.6941999793052673, 0.6919999718666077, 0.6912000179290771, 0.6924999952316284, 0.6974999904632568, 0.695900022983551, 0.6934999823570251, 0.6940000057220459, 0.6923999786376953, 0.6941999793052673, 0.6940000057220459, 0.6923999786376953, 0.6926000118255615, 0.6917999982833862, 0.6924999952316284, 0.694100022315979, 0.6951000094413757]","[4.222994804382324, 3.906825065612793, 3.6622211933135986, 2.94433331489563, 2.790546178817749, 2.8421154022216797, 2.5129377841949463, 2.4922449588775635, 2.8912274837493896, 2.441655397415161, 2.556262731552124, 3.182278871536255, 2.612368106842041, 2.6293551921844482, 2.705293893814087, 2.2378616333007812, 2.011543035507202, 2.0112757682800293, 1.9529815912246704, 2.28753662109375, 1.9955660104751587, 2.1121976375579834, 2.198439359664917, 1.8926831483840942, 2.1959311962127686, 1.942901611328125, 1.9295415878295898, 2.042667865753174, 2.0848934650421143, 1.8239651918411255, 1.8467097282409668, 1.75655198097229, 1.7952287197113037, 1.8422178030014038, 1.8397884368896484, 1.7691017389297485, 1.8812201023101807, 1.7246426343917847, 1.886951208114624, 1.731855034828186, 1.735023021697998, 1.7601943016052246, 1.78701913356781, 1.7437423467636108, 1.7554879188537598, 1.7481939792633057, 1.706843376159668, 1.7782291173934937, 1.7626029253005981, 1.7566773891448975, 1.7481189966201782, 1.7830791473388672, 1.7562472820281982, 1.761818528175354, 1.75938081741333, 1.7879419326782227, 1.7695804834365845, 1.7550638914108276, 1.7459644079208374, 1.7807550430297852, 1.7653918266296387, 1.7816553115844727, 1.779833436012268, 1.7791301012039185, 1.7874871492385864, 1.7834765911102295, 1.7893424034118652, 1.77980375289917, 1.7763398885726929, 1.7765657901763916]",0.6951000094413757,,1013257708,,4755492,,,,,"[14, 36, 36, 29, 12, 7, 10, 14]",0.375,0.25,0.0,90,48,400,400,0.225,0.12,False,BEST,0.95,True,True,"[[86  0  0 ...  0  0  0]
 [ 0 78  0 ...  0  0  0]
 [ 0  0 54 ...  0  4  0]
 ...
 [ 0  0  0 ... 71  1  0]
 [ 0  0  2 ...  0 48  0]
 [ 0  0  0 ...  0  0 74]]",0.6952,0.707984908,0.6952,0.696293601,16
BTNZGC[M],,18,20,17,False,False,"[25, 11, 4, 23, 23, 38, 11, 55]",[],"[{'INP': 32}, {'CONV': [64, 3]}, ({'CONV': [64, 5]}, {'CONV': [32, 5]}), ({'CONV': [32, 5]}, {'CONV': [64, 5]}, {'POOLMAX': [-1, 2]}), ({'CONV': [32, 3]}, {'CONV': [128, 3]}), ({'CONV': [64, 3]}, {'CONV': [256, 5]}, {'POOLMAX': [-1, 2]}), ({'CONV': [64, 3]}, {'CONV': [256, 5]}), ({'CONV': [128, 3]}, {'CONV': [256, 3]}, {'POOLMAX': [-1, 2]}), ({'CONV': [32, 5]}, {'CONV': [64, 5]}), ({'CONV': [256, 3]}, {'CONV': [256, 5]}, {'POOLMAX': [-1, 2]}), {'GLOBAL_AVG': None}, {'LAST_DENSE': [100, 'softmax']}]",TPC,MSWAP,GA,70,"[0.06970000267028809, 0.17399999499320984, 0.2971000075340271, 0.30880001187324524, 0.4081999957561493, 0.3723999857902527, 0.41920000314712524, 0.4307999908924103, 0.4025000035762787, 0.4036000072956085, 0.4966000020503998, 0.5177000164985657, 0.5, 0.5097000002861023, 0.5425000190734863, 0.5174999833106995, 0.49079999327659607, 0.5210000276565552, 0.5543000102043152, 0.532800018787384, 0.5390999913215637, 0.5429999828338623, 0.5325999855995178, 0.5755000114440918, 0.6198999881744385, 0.6205999851226807, 0.6420999765396118, 0.6377999782562256, 0.6344000101089478, 0.6335999965667725, 0.637499988079071, 0.6532999873161316, 0.6460999846458435, 0.5889000296592712, 0.6118999719619751, 0.6299999952316284, 0.6139000058174133, 0.689300000667572, 0.6825000047683716, 0.6708999872207642, 0.6927000284194946, 0.6881999969482422, 0.6819999814033508, 0.7023000121116638, 0.6970000267028809, 0.6966999769210815, 0.696399986743927, 0.7031000256538391, 0.7006000280380249, 0.7088000178337097, 0.707099974155426, 0.7059000134468079, 0.7075999975204468, 0.7044000029563904, 0.7041000127792358, 0.7095999717712402, 0.7091000080108643, 0.7129999995231628, 0.70660001039505, 0.7087000012397766, 0.7109000086784363, 0.7077999711036682, 0.7095000147819519, 0.7099000215530396, 0.7102000117301941, 0.7121000289916992, 0.7135000228881836, 0.7127000093460083, 0.7124000191688538, 0.7111999988555908]","[4.909348964691162, 3.82879638671875, 3.1622073650360107, 3.0481905937194824, 2.6043949127197266, 2.927729845046997, 2.566599130630493, 2.6217238903045654, 2.8602771759033203, 2.886587381362915, 2.505915403366089, 2.2696805000305176, 2.353731632232666, 2.356130361557007, 2.2098350524902344, 2.3459372520446777, 2.4507086277008057, 2.3179900646209717, 2.172271490097046, 2.2558486461639404, 2.2999486923217773, 2.3214433193206787, 2.3814284801483154, 2.1757566928863525, 1.9081851243972778, 1.9242500066757202, 1.8001513481140137, 1.8632677793502808, 1.8727807998657227, 1.8496791124343872, 1.8643957376480103, 1.7448738813400269, 1.7973703145980835, 2.1477856636047363, 1.9585422277450562, 1.920980453491211, 1.9900351762771606, 1.629604697227478, 1.724725604057312, 1.7626583576202393, 1.6581321954727173, 1.6635453701019287, 1.7103763818740845, 1.6134750843048096, 1.642538070678711, 1.6615574359893799, 1.6889091730117798, 1.6661756038665771, 1.672613501548767, 1.6102502346038818, 1.6566046476364136, 1.641279697418213, 1.6454771757125854, 1.6686614751815796, 1.6601002216339111, 1.6482187509536743, 1.6392837762832642, 1.6358604431152344, 1.6525191068649292, 1.6711434125900269, 1.653504729270935, 1.660358190536499, 1.6706669330596924, 1.6675046682357788, 1.6601144075393677, 1.6535896062850952, 1.6536808013916016, 1.65755033493042, 1.6599048376083374, 1.6678017377853394]",0.7111999988555908,,1199690092,,4342052,,,,,,0.125,0.25,0.0,64,24,400,400,0.16,0.06,False,BEST,0.9,True,True,"[[88  0  0 ...  0  0  0]
 [ 0 82  0 ...  0  0  0]
 [ 0  0 61 ...  0  4  0]
 ...
 [ 0  0  0 ... 74  0  1]
 [ 0  0  7 ...  0 53  0]
 [ 0  0  1 ...  0  0 74]]",0.7112,0.722278327,0.7112,0.711970445,87
BAEJV[M],,19,20,20,True,True,"[19, 11, 4, 22, 22, 63, 54, 22]",[],"[{'INP': 32}, {'CONV': [64, 3]}, ({'CONV': [64, 3]}, {'CONV': [64, 5]}), ({'CONV': [32, 5]}, {'CONV': [64, 5]}, {'POOLMAX': [-1, 2]}), ({'CONV': [32, 3]}, {'CONV': [128, 3]}), ({'CONV': [64, 3]}, {'CONV': [256, 3]}, {'POOLMAX': [-1, 2]}), ({'CONV': [64, 3]}, {'CONV': [256, 3]}), ({'CONV': [256, 5]}, {'CONV': [256, 5]}, {'POOLMAX': [-1, 2]}), ({'CONV': [256, 3]}, {'CONV': [256, 3]}), ({'CONV': [64, 3]}, {'CONV': [256, 3]}, {'POOLMAX': [-1, 2]}), {'GLOBAL_AVG': None}, {'LAST_DENSE': [100, 'softmax']}]",TPC,MSWAP,GA,70,"[0.09260000288486481, 0.19949999451637268, 0.17820000648498535, 0.2897000014781952, 0.3109999895095825, 0.35920000076293945, 0.421099990606308, 0.4083999991416931, 0.4648999869823456, 0.48339998722076416, 0.45669999718666077, 0.5131999850273132, 0.5031999945640564, 0.48669999837875366, 0.4717000126838684, 0.4952999949455261, 0.5072000026702881, 0.6096000075340271, 0.5809000134468079, 0.6104999780654907, 0.6107000112533569, 0.608299970626831, 0.6075000166893005, 0.6057999730110168, 0.6011999845504761, 0.6516000032424927, 0.6582000255584717, 0.6507999897003174, 0.6588000059127808, 0.667900025844574, 0.6639000177383423, 0.6442000269889832, 0.671500027179718, 0.6597999930381775, 0.6521000266075134, 0.67330002784729, 0.6489999890327454, 0.6261000037193298, 0.6554999947547913, 0.6653000116348267, 0.6682000160217285, 0.7014999985694885, 0.6944000124931335, 0.6779999732971191, 0.6938999891281128, 0.6841999888420105, 0.6825000047683716, 0.6962000131607056, 0.6934999823570251, 0.6970000267028809, 0.692799985408783, 0.695900022983551, 0.7060999870300293, 0.705299973487854, 0.703000009059906, 0.6995999813079834, 0.6995000243186951, 0.703499972820282, 0.7013000249862671, 0.7056999802589417, 0.704200029373169, 0.7056999802589417, 0.7049999833106995, 0.7055000066757202, 0.7063000202178955, 0.7049000263214111, 0.7045999765396118, 0.7044000029563904, 0.7059999704360962, 0.7037000060081482]","[4.251927375793457, 3.610734701156616, 4.289693355560303, 3.383121967315674, 3.326324224472046, 3.031672239303589, 2.6823055744171143, 2.9639475345611572, 2.522841691970825, 2.4483237266540527, 2.639369249343872, 2.3117339611053467, 2.4821691513061523, 2.4622130393981934, 2.688814878463745, 2.490161895751953, 2.4570915699005127, 1.9292993545532227, 2.0856006145477295, 1.9080390930175781, 1.9113414287567139, 1.9871872663497925, 1.9880070686340332, 1.9728941917419434, 1.980528473854065, 1.7711867094039917, 1.7130799293518066, 1.7663865089416504, 1.6945306062698364, 1.7008577585220337, 1.7156367301940918, 1.7676876783370972, 1.678974986076355, 1.7435522079467773, 1.7934502363204956, 1.6717816591262817, 1.791212558746338, 2.034086227416992, 1.7764036655426025, 1.7277320623397827, 1.7070080041885376, 1.581553339958191, 1.6265896558761597, 1.7446805238723755, 1.6414421796798706, 1.7154743671417236, 1.762115478515625, 1.639646053314209, 1.692090392112732, 1.6743513345718384, 1.6960636377334595, 1.6865010261535645, 1.6302990913391113, 1.6531122922897339, 1.6686638593673706, 1.6797195672988892, 1.6806869506835938, 1.6635886430740356, 1.6779265403747559, 1.6546767950057983, 1.6690832376480103, 1.661072015762329, 1.6760761737823486, 1.6635448932647705, 1.657669186592102, 1.6783111095428467, 1.6707392930984497, 1.676051139831543, 1.672560691833496, 1.6757111549377441]",0.7037000060081482,,1328383852,,5951780,,,,,"[19, 11, 4, 22, 22, 63, 54, 22]",0.125,0.25,0.0,71,29,400,400,0.1775,0.0725,False,BEST,1.0,True,True,"[[85  0  0 ...  0  0  0]
 [ 0 87  0 ...  0  0  0]
 [ 0  0 61 ...  0  2  0]
 ...
 [ 0  0  0 ... 71  0  0]
 [ 0  0  2 ...  0 49  1]
 [ 0  0  0 ...  0  0 70]]",0.7038,0.718211858,0.7038,0.705814835,23
BYCEUH[M],,20,20,16,False,False,"[0, 20, 39, 39, 4, 6, 39, 39]",[],"[{'INP': 32}, {'CONV': [64, 3]}, ({'CONV': [32, 3]}, {'CONV': [32, 3]}), ({'CONV': [64, 3]}, {'CONV': [128, 3]}, {'POOLMAX': [-1, 2]}), ({'CONV': [128, 3]}, {'CONV': [256, 5]}), ({'CONV': [128, 3]}, {'CONV': [256, 5]}, {'POOLMAX': [-1, 2]}), ({'CONV': [32, 3]}, {'CONV': [128, 3]}), ({'CONV': [32, 3]}, {'CONV': [256, 3]}, {'POOLMAX': [-1, 2]}), ({'CONV': [128, 3]}, {'CONV': [256, 5]}), ({'CONV': [128, 3]}, {'CONV': [256, 5]}, {'POOLMAX': [-1, 2]}), {'GLOBAL_AVG': None}, {'LAST_DENSE': [100, 'softmax']}]",TPC,MSWAP,GA,70,"[0.12080000340938568, 0.20520000159740448, 0.24740000069141388, 0.329800009727478, 0.39419999718666077, 0.4002000093460083, 0.3580000102519989, 0.4749000072479248, 0.4950000047683716, 0.46650001406669617, 0.48989999294281006, 0.5252000093460083, 0.5461000204086304, 0.49160000681877136, 0.4948999881744385, 0.5078999996185303, 0.517799973487854, 0.5145999789237976, 0.6230999827384949, 0.6152999997138977, 0.6061000227928162, 0.6220999956130981, 0.6244000196456909, 0.6105999946594238, 0.6169999837875366, 0.6274999976158142, 0.6126000285148621, 0.6110000014305115, 0.6855999827384949, 0.682699978351593, 0.656499981880188, 0.6554999947547913, 0.6866999864578247, 0.6873000264167786, 0.7013000249862671, 0.7017999887466431, 0.7006999850273132, 0.6937999725341797, 0.7049000263214111, 0.7020999789237976, 0.7081999778747559, 0.7005000114440918, 0.7103999853134155, 0.7070000171661377, 0.7080000042915344, 0.7117000222206116, 0.713699996471405, 0.7156000137329102, 0.7149999737739563, 0.7117000222206116, 0.7121999859809875, 0.7159000039100647, 0.7127000093460083, 0.7145000100135803, 0.7138000130653381, 0.7142000198364258, 0.7156000137329102, 0.7127000093460083, 0.7124999761581421, 0.7142999768257141, 0.715399980545044, 0.7149999737739563, 0.7143999934196472, 0.7148000001907349, 0.7148000001907349, 0.7156000137329102, 0.7164000272750854, 0.7160999774932861, 0.7135999798774719, 0.7138000130653381]","[4.15506649017334, 3.5556745529174805, 3.3462812900543213, 3.1818625926971436, 2.7117772102355957, 2.7688794136047363, 3.298166036605835, 2.4861252307891846, 2.443096399307251, 2.5710623264312744, 2.500333309173584, 2.312897205352783, 2.247019052505493, 2.5225393772125244, 2.5541694164276123, 2.4536240100860596, 2.4312822818756104, 2.474640369415283, 1.9141833782196045, 1.9542492628097534, 1.9672799110412598, 1.9343135356903076, 1.908903956413269, 2.0117390155792236, 2.0015182495117188, 1.9260789155960083, 1.9792051315307617, 2.036771535873413, 1.662973403930664, 1.682860016822815, 1.825775146484375, 1.8386735916137695, 1.6808295249938965, 1.6679706573486328, 1.6153950691223145, 1.6347272396087646, 1.6799027919769287, 1.698665976524353, 1.6615256071090698, 1.6354979276657104, 1.6278023719787598, 1.7044622898101807, 1.6754955053329468, 1.6800543069839478, 1.6964983940124512, 1.6678974628448486, 1.6515592336654663, 1.6368826627731323, 1.6504848003387451, 1.6993529796600342, 1.6815296411514282, 1.6648545265197754, 1.6727352142333984, 1.6634291410446167, 1.677445888519287, 1.670242190361023, 1.6598812341690063, 1.6788079738616943, 1.6750941276550293, 1.6700549125671387, 1.6689761877059937, 1.669050931930542, 1.670240044593811, 1.6696523427963257, 1.6707656383514404, 1.6670687198638916, 1.6655468940734863, 1.674260139465332, 1.677816390991211, 1.6845988035202026]",0.7138000130653381,,2022240940,,7696548,,,,,,0.125,0.375,0.0,93,31,400,400,0.2325,0.0775,False,BEST,0.5,True,True,"[[85  0  0 ...  0  0  0]
 [ 0 79  0 ...  0  0  0]
 [ 0  0 59 ...  0  6  0]
 ...
 [ 0  0  0 ... 70  0  0]
 [ 0  0  4 ...  0 63  1]
 [ 0  0  0 ...  0  0 77]]",0.714,0.728628669,0.714,0.716056789,4
BDWVTS[M],,21,20,12,False,False,"[0, 25, 7, 38, 55, 47, 62, 55]",[],"[{'INP': 32}, {'CONV': [64, 3]}, ({'CONV': [32, 3]}, {'CONV': [32, 3]}), ({'CONV': [64, 5]}, {'CONV': [32, 5]}, {'POOLMAX': [-1, 2]}), ({'CONV': [32, 3]}, {'CONV': [256, 5]}), ({'CONV': [128, 3]}, {'CONV': [256, 3]}, {'POOLMAX': [-1, 2]}), ({'CONV': [256, 3]}, {'CONV': [256, 5]}), ({'CONV': [128, 5]}, {'CONV': [256, 5]}, {'POOLMAX': [-1, 2]}), ({'CONV': [256, 5]}, {'CONV': [256, 3]}), ({'CONV': [256, 3]}, {'CONV': [256, 5]}, {'POOLMAX': [-1, 2]}), {'GLOBAL_AVG': None}, {'LAST_DENSE': [100, 'softmax']}]",TPC,MSWAP,GA,70,"[0.0957999974489212, 0.2037000060081482, 0.28700000047683716, 0.3564000129699707, 0.3725000023841858, 0.3495999872684479, 0.4228000044822693, 0.4943000078201294, 0.39070001244544983, 0.42730000615119934, 0.4799000024795532, 0.4846000075340271, 0.5103999972343445, 0.597599983215332, 0.5932999849319458, 0.5351999998092651, 0.597000002861023, 0.5619999766349792, 0.5386000275611877, 0.5875999927520752, 0.57669997215271, 0.5943999886512756, 0.6481999754905701, 0.6656000018119812, 0.6517999768257141, 0.6603999733924866, 0.6622999906539917, 0.6439999938011169, 0.6672000288963318, 0.6769999861717224, 0.669700026512146, 0.6776999831199646, 0.6818000078201294, 0.6769999861717224, 0.691100001335144, 0.6929000020027161, 0.6947000026702881, 0.6919999718666077, 0.6966000199317932, 0.697700023651123, 0.6952999830245972, 0.6920999884605408, 0.6974999904632568, 0.6974999904632568, 0.7031999826431274, 0.7006000280380249, 0.7002000212669373, 0.6998999714851379, 0.6988000273704529, 0.6996999979019165, 0.7006000280380249, 0.7006000280380249, 0.7006000280380249, 0.6990000009536743, 0.7005000114440918, 0.699400007724762, 0.699999988079071, 0.6996999979019165, 0.699400007724762, 0.6998000144958496, 0.6985999941825867, 0.7009999752044678, 0.7019000053405762, 0.7014999985694885, 0.7020000219345093, 0.7008000016212463, 0.703000009059906, 0.6998999714851379, 0.7002999782562256, 0.7001000046730042]","[4.451388835906982, 3.6232433319091797, 3.1757898330688477, 2.982605218887329, 3.483708620071411, 3.164898157119751, 3.3375895023345947, 2.3908307552337646, 4.668392658233643, 2.8071041107177734, 2.5085058212280273, 3.0522167682647705, 2.4370036125183105, 2.0025875568389893, 1.9840425252914429, 2.3506269454956055, 1.95820152759552, 2.1705305576324463, 2.32312273979187, 2.0254251956939697, 2.1232964992523193, 2.1103734970092773, 1.7778290510177612, 1.6526687145233154, 1.808846116065979, 1.7022264003753662, 1.7230950593948364, 1.849589467048645, 1.7385265827178955, 1.6933575868606567, 1.7359368801116943, 1.7202080488204956, 1.7334201335906982, 1.7497247457504272, 1.6957361698150635, 1.6863799095153809, 1.7146275043487549, 1.7240835428237915, 1.730703353881836, 1.72854745388031, 1.7351157665252686, 1.7464213371276855, 1.7311296463012695, 1.7555736303329468, 1.725165843963623, 1.7266534566879272, 1.7314320802688599, 1.7355589866638184, 1.7418891191482544, 1.74080491065979, 1.7473578453063965, 1.7514550685882568, 1.7517411708831787, 1.755897879600525, 1.7515168190002441, 1.7545560598373413, 1.7582077980041504, 1.7536563873291016, 1.7586326599121094, 1.7667135000228882, 1.7684593200683594, 1.7608445882797241, 1.7586748600006104, 1.7639750242233276, 1.7632378339767456, 1.7635763883590698, 1.7546616792678833, 1.762107014656067, 1.7600170373916626, 1.762569785118103]",0.7001000046730042,,911554732,,6206628,,,,,,0.125,0.5,0.0,72,34,400,400,0.18,0.085,False,BEST,0.8,True,True,"[[82  0  0 ...  0  0  0]
 [ 0 84  0 ...  0  0  0]
 [ 0  1 62 ...  0  3  0]
 ...
 [ 0  0  0 ... 66  0  0]
 [ 1  0  3 ...  0 48  0]
 [ 0  0  1 ...  0  0 72]]",0.7001,0.713396342,0.7001,0.70106259,22
BSDSXE[M],,22,20,20,True,True,"[46, 22, 23, 51, 46, 20, 28, 39]",[],"[{'INP': 32}, {'CONV': [64, 3]}, ({'CONV': [128, 5]}, {'CONV': [256, 3]}), ({'CONV': [64, 3]}, {'CONV': [256, 3]}, {'POOLMAX': [-1, 2]}), ({'CONV': [64, 3]}, {'CONV': [256, 5]}), ({'CONV': [256, 3]}, {'CONV': [64, 5]}, {'POOLMAX': [-1, 2]}), ({'CONV': [128, 5]}, {'CONV': [256, 3]}), ({'CONV': [64, 3]}, {'CONV': [128, 3]}, {'POOLMAX': [-1, 2]}), ({'CONV': [64, 5]}, {'CONV': [128, 3]}), ({'CONV': [128, 3]}, {'CONV': [256, 5]}, {'POOLMAX': [-1, 2]}), {'GLOBAL_AVG': None}, {'LAST_DENSE': [100, 'softmax']}]",TPC,MSWAP,GA,70,"[0.08829999715089798, 0.2313999980688095, 0.2515999972820282, 0.34040001034736633, 0.3617999851703644, 0.38920000195503235, 0.4429999887943268, 0.40709999203681946, 0.3589000105857849, 0.42399999499320984, 0.41909998655319214, 0.4918000102043152, 0.42170000076293945, 0.5349000096321106, 0.5149000287055969, 0.4803999960422516, 0.4916999936103821, 0.512499988079071, 0.46810001134872437, 0.6044999957084656, 0.5899999737739563, 0.6115000247955322, 0.6100999712944031, 0.6111000180244446, 0.6252999901771545, 0.6205000281333923, 0.5960999727249146, 0.6261000037193298, 0.5963000059127808, 0.6333000063896179, 0.6359000205993652, 0.5981000065803528, 0.6333000063896179, 0.6139000058174133, 0.614300012588501, 0.6733999848365784, 0.6644999980926514, 0.6798999905586243, 0.6797999739646912, 0.6754999756813049, 0.6577000021934509, 0.6784999966621399, 0.6557999849319458, 0.6664999723434448, 0.6833999752998352, 0.663100004196167, 0.6510999798774719, 0.6545000076293945, 0.6736999750137329, 0.6601999998092651, 0.6862000226974487, 0.6827999949455261, 0.6848999857902527, 0.6886000037193298, 0.6912000179290771, 0.7021999955177307, 0.6972000002861023, 0.7044000029563904, 0.6980999708175659, 0.7026000022888184, 0.699999988079071, 0.6980999708175659, 0.6927000284194946, 0.7039999961853027, 0.7041000127792358, 0.7024999856948853, 0.7063000202178955, 0.7050999999046326, 0.7057999968528748, 0.7080000042915344]","[4.447197914123535, 3.409404993057251, 3.4123260974884033, 2.994443655014038, 2.94739031791687, 2.8060412406921387, 2.5980498790740967, 2.753021717071533, 3.2433581352233887, 2.772091865539551, 2.994936227798462, 2.473968267440796, 2.768505096435547, 2.2636055946350098, 2.4082791805267334, 2.656175374984741, 2.553215742111206, 2.4299092292785645, 2.735095262527466, 1.9982668161392212, 2.0711538791656494, 1.9710203409194946, 1.9337280988693237, 1.8940037488937378, 1.891722321510315, 1.8646599054336548, 2.003812074661255, 1.8703306913375854, 2.015043258666992, 1.833457589149475, 1.8416270017623901, 2.0784363746643066, 1.9014090299606323, 1.9759206771850586, 1.9918617010116577, 1.7099545001983643, 1.7920035123825073, 1.694954514503479, 1.7057557106018066, 1.6915075778961182, 1.8213579654693604, 1.7075093984603882, 1.7952672243118286, 1.7586253881454468, 1.6879668235778809, 1.7716847658157349, 1.8686391115188599, 1.8390657901763916, 1.7629905939102173, 1.8293451070785522, 1.6959773302078247, 1.7583943605422974, 1.7460453510284424, 1.7050861120224, 1.698121428489685, 1.6526778936386108, 1.6958949565887451, 1.6503279209136963, 1.6846435070037842, 1.6629728078842163, 1.6884535551071167, 1.7029705047607422, 1.7530688047409058, 1.6739213466644287, 1.6679056882858276, 1.6961054801940918, 1.6764277219772339, 1.686477541923523, 1.6813035011291504, 1.6790226697921753]",0.7080000042915344,,1121019628,,6527524,,,,,"[46, 22, 23, 51, 46, 20, 28, 39]",0.25,0.125,0.0,81,41,400,400,0.2025,0.1025,False,BEST,1.0,True,True,"[[84  0  1 ...  0  0  0]
 [ 0 83  0 ...  0  0  0]
 [ 0  0 56 ...  0  1  0]
 ...
 [ 0  0  0 ... 70  0  0]
 [ 0  0  3 ...  0 49  1]
 [ 0  0  0 ...  0  1 71]]",0.7078,0.71862058,0.7078,0.708193056,1
BCMVYV[M],,23,20,20,True,True,"[14, 31, 4, 29, 31, 7, 54, 7]",[],"[{'INP': 32}, {'CONV': [64, 3]}, ({'CONV': [32, 5]}, {'CONV': [256, 3]}), ({'CONV': [64, 5]}, {'CONV': [256, 5]}, {'POOLMAX': [-1, 2]}), ({'CONV': [32, 3]}, {'CONV': [128, 3]}), ({'CONV': [64, 5]}, {'CONV': [128, 5]}, {'POOLMAX': [-1, 2]}), ({'CONV': [64, 5]}, {'CONV': [256, 5]}), ({'CONV': [32, 3]}, {'CONV': [256, 5]}, {'POOLMAX': [-1, 2]}), ({'CONV': [256, 3]}, {'CONV': [256, 3]}), ({'CONV': [32, 3]}, {'CONV': [256, 5]}, {'POOLMAX': [-1, 2]}), {'GLOBAL_AVG': None}, {'LAST_DENSE': [100, 'softmax']}]",TPC,MSWAP,GA,70,"[0.1145000010728836, 0.15839999914169312, 0.3116999864578247, 0.28949999809265137, 0.35679998993873596, 0.39160001277923584, 0.42080000042915344, 0.4260999858379364, 0.3718999922275543, 0.5013999938964844, 0.4203000068664551, 0.5038999915122986, 0.3930000066757202, 0.5011000037193298, 0.48080000281333923, 0.5896000266075134, 0.613099992275238, 0.5823000073432922, 0.5979999899864197, 0.5936999917030334, 0.6111999750137329, 0.5945000052452087, 0.6273999810218811, 0.6477000117301941, 0.633400022983551, 0.6470000147819519, 0.6539000272750854, 0.6557999849319458, 0.6272000074386597, 0.64410001039505, 0.6453999876976013, 0.6639999747276306, 0.6481999754905701, 0.6446999907493591, 0.6453999876976013, 0.659500002861023, 0.6650000214576721, 0.673799991607666, 0.6834999918937683, 0.6687999963760376, 0.6726999878883362, 0.6886000037193298, 0.6797999739646912, 0.6823999881744385, 0.6883000135421753, 0.6761999726295471, 0.6887999773025513, 0.6861000061035156, 0.6955000162124634, 0.6898000240325928, 0.7013000249862671, 0.6953999996185303, 0.6906999945640564, 0.6827999949455261, 0.6924999952316284, 0.6937999725341797, 0.7020000219345093, 0.697700023651123, 0.7003999948501587, 0.6966000199317932, 0.703000009059906, 0.7023000121116638, 0.70169997215271, 0.699400007724762, 0.6996999979019165, 0.6998999714851379, 0.6996999979019165, 0.7009000182151794, 0.7020000219345093, 0.699400007724762]","[4.178092002868652, 3.96917724609375, 2.9958760738372803, 3.282186269760132, 2.927645683288574, 2.889657735824585, 2.666490316390991, 2.707474946975708, 3.4059436321258545, 2.318284273147583, 2.872838020324707, 2.3577401638031006, 3.3539979457855225, 2.458491802215576, 2.651966094970703, 2.0240676403045654, 1.8700321912765503, 2.0066497325897217, 1.9171185493469238, 1.9929957389831543, 1.9106802940368652, 1.9861021041870117, 1.8914470672607422, 1.7446058988571167, 1.8232284784317017, 1.7401548624038696, 1.7119030952453613, 1.691947102546692, 1.8829872608184814, 1.7612406015396118, 1.7633347511291504, 1.6676955223083496, 1.7331469058990479, 1.7775224447250366, 1.838892936706543, 1.7366667985916138, 1.676990270614624, 1.6488181352615356, 1.647778868675232, 1.700295090675354, 1.6704298257827759, 1.6104586124420166, 1.6500431299209595, 1.641074776649475, 1.6151156425476074, 1.708810567855835, 1.6353427171707153, 1.6606613397598267, 1.629685401916504, 1.642359972000122, 1.594921350479126, 1.6054691076278687, 1.655126929283142, 1.696781039237976, 1.6478877067565918, 1.6479359865188599, 1.6270949840545654, 1.6385776996612549, 1.6234498023986816, 1.6298373937606812, 1.6313221454620361, 1.628455638885498, 1.632625937461853, 1.6419912576675415, 1.6492435932159424, 1.6417725086212158, 1.6437532901763916, 1.6385648250579834, 1.6400867700576782, 1.6561347246170044]",0.699400007724762,,1486731820,,7642532,,,,,"[14, 31, 4, 29, 31, 7, 54, 7]",0.125,0.125,0.0,65,36,400,400,0.1625,0.09,False,BEST,0.6,True,True,"[[81  0  0 ...  0  0  0]
 [ 0 77  0 ...  0  0  0]
 [ 0  1 60 ...  0  2  0]
 ...
 [ 0  0  0 ... 74  1  0]
 [ 0  0  5 ...  0 55  0]
 [ 0  0  1 ...  0  0 70]]",0.6994,0.713503705,0.6994,0.701418467,19
BGPVCE[M],,24,20,20,True,True,"[14, 34, 22, 6, 39, 38, 38, 63]",[],"[{'INP': 32}, {'CONV': [64, 3]}, ({'CONV': [32, 5]}, {'CONV': [256, 3]}), ({'CONV': [128, 3]}, {'CONV': [64, 3]}, {'POOLMAX': [-1, 2]}), ({'CONV': [64, 3]}, {'CONV': [256, 3]}), ({'CONV': [32, 3]}, {'CONV': [256, 3]}, {'POOLMAX': [-1, 2]}), ({'CONV': [128, 3]}, {'CONV': [256, 5]}), ({'CONV': [128, 3]}, {'CONV': [256, 3]}, {'POOLMAX': [-1, 2]}), ({'CONV': [128, 3]}, {'CONV': [256, 3]}), ({'CONV': [256, 5]}, {'CONV': [256, 5]}, {'POOLMAX': [-1, 2]}), {'GLOBAL_AVG': None}, {'LAST_DENSE': [100, 'softmax']}]",TPC,MSWAP,GA,70,"[0.09910000115633011, 0.17550000548362732, 0.23350000381469727, 0.3091999888420105, 0.2888000011444092, 0.349700003862381, 0.3781000077724457, 0.4009000062942505, 0.44749999046325684, 0.41339999437332153, 0.4207000136375427, 0.4498000144958496, 0.39320001006126404, 0.510699987411499, 0.4480000138282776, 0.45239999890327454, 0.4943999946117401, 0.475600004196167, 0.512499988079071, 0.5655999779701233, 0.5221999883651733, 0.5702999830245972, 0.5593000054359436, 0.5669000148773193, 0.5537999868392944, 0.6172999739646912, 0.609499990940094, 0.6277999877929688, 0.6251999735832214, 0.6322000026702881, 0.6316999793052673, 0.6327999830245972, 0.6270999908447266, 0.6223999857902527, 0.6370000243186951, 0.6421999931335449, 0.6258999705314636, 0.6481000185012817, 0.6381999850273132, 0.6380000114440918, 0.6517000198364258, 0.6467999815940857, 0.6258000135421753, 0.6424000263214111, 0.651199996471405, 0.6471999883651733, 0.6402000188827515, 0.628000020980835, 0.6432999968528748, 0.6373000144958496, 0.6708999872207642, 0.6466000080108643, 0.6643999814987183, 0.6657999753952026, 0.6658999919891357, 0.6638000011444092, 0.6793000102043152, 0.6751000285148621, 0.6746000051498413, 0.6723999977111816, 0.6690000295639038, 0.6754999756813049, 0.6744999885559082, 0.6811000108718872, 0.6801000237464905, 0.6802999973297119, 0.6830000281333923, 0.6805999875068665, 0.6850000023841858, 0.6859999895095825]","[4.109055042266846, 3.6904187202453613, 3.2942028045654297, 2.964517831802368, 3.1261823177337646, 2.8325788974761963, 2.7896506786346436, 2.6319544315338135, 2.436311960220337, 2.670461654663086, 2.7225756645202637, 2.5306482315063477, 2.8502156734466553, 2.2586209774017334, 2.602871894836426, 2.5938196182250977, 2.3368000984191895, 2.523425579071045, 2.2842938899993896, 2.0568594932556152, 2.3813226222991943, 2.0656020641326904, 2.1139731407165527, 2.067793130874634, 2.1126222610473633, 1.8054903745651245, 1.915955662727356, 1.7968676090240479, 1.826157569885254, 1.7881418466567993, 1.7511998414993286, 1.7619531154632568, 1.8177374601364136, 1.8178340196609497, 1.7626718282699585, 1.7244396209716797, 1.865096926689148, 1.7290148735046387, 1.8176730871200562, 1.778643012046814, 1.7133445739746094, 1.7332797050476074, 1.8951425552368164, 1.7705353498458862, 1.703919529914856, 1.757064700126648, 1.7895915508270264, 1.8766062259674072, 1.8315019607543945, 1.8334752321243286, 1.6595710515975952, 1.8169499635696411, 1.752548098564148, 1.7427046298980713, 1.6932144165039062, 1.7820947170257568, 1.6573269367218018, 1.716192603111267, 1.7142986059188843, 1.7140300273895264, 1.775501012802124, 1.7286351919174194, 1.7360390424728394, 1.7114670276641846, 1.7224334478378296, 1.732851505279541, 1.7080044746398926, 1.7190905809402466, 1.7080152034759521, 1.7266167402267456]",0.6859999895095825,,886960620,,4022308,,,,,"[14, 34, 22, 6, 39, 38, 38, 63]",0.125,0.25,0.0,73,40,400,400,0.1825,0.1,False,BEST,1.0,True,True,"[[84  0  0 ...  0  0  1]
 [ 0 81  1 ...  0  0  0]
 [ 0  0 63 ...  0  1  0]
 ...
 [ 0  0  0 ... 68  0  0]
 [ 0  0  3 ...  0 50  0]
 [ 0  0  0 ...  0  0 72]]",0.686,0.700111948,0.686,0.68740845,24
BJBANK[M],,25,20,19,True,True,"[26, 28, 39, 55, 46, 27, 39, 55]",[],"[{'INP': 32}, {'CONV': [64, 3]}, ({'CONV': [64, 5]}, {'CONV': [64, 3]}), ({'CONV': [64, 5]}, {'CONV': [128, 3]}, {'POOLMAX': [-1, 2]}), ({'CONV': [128, 3]}, {'CONV': [256, 5]}), ({'CONV': [256, 3]}, {'CONV': [256, 5]}, {'POOLMAX': [-1, 2]}), ({'CONV': [128, 5]}, {'CONV': [256, 3]}), ({'CONV': [64, 5]}, {'CONV': [64, 5]}, {'POOLMAX': [-1, 2]}), ({'CONV': [128, 3]}, {'CONV': [256, 5]}), ({'CONV': [256, 3]}, {'CONV': [256, 5]}, {'POOLMAX': [-1, 2]}), {'GLOBAL_AVG': None}, {'LAST_DENSE': [100, 'softmax']}]",TPC,MSWAP,GA,70,"[0.0957999974489212, 0.15800000727176666, 0.2948000133037567, 0.31209999322891235, 0.3601999878883362, 0.439300000667572, 0.3961000144481659, 0.4187999963760376, 0.48080000281333923, 0.4805999994277954, 0.44600000977516174, 0.4717000126838684, 0.49129998683929443, 0.4894999861717224, 0.48190000653266907, 0.43059998750686646, 0.5379999876022339, 0.5202999711036682, 0.5234000086784363, 0.5016000270843506, 0.5681999921798706, 0.5220999717712402, 0.5436000227928162, 0.5551999807357788, 0.5741000175476074, 0.5537999868392944, 0.6080999970436096, 0.6514000296592712, 0.6237999796867371, 0.640500009059906, 0.6283000111579895, 0.6309000253677368, 0.6194000244140625, 0.6766999959945679, 0.6660000085830688, 0.6553000211715698, 0.6772000193595886, 0.6675999760627747, 0.6690000295639038, 0.6833000183105469, 0.6801999807357788, 0.6869999766349792, 0.6891000270843506, 0.6841999888420105, 0.6876000165939331, 0.680899977684021, 0.6895999908447266, 0.6823999881744385, 0.6945000290870667, 0.6988999843597412, 0.6934999823570251, 0.7039999961853027, 0.6955000162124634, 0.6906999945640564, 0.6987000107765198, 0.6977999806404114, 0.703000009059906, 0.7010999917984009, 0.6996999979019165, 0.6995000243186951, 0.7042999863624573, 0.7028999924659729, 0.7027999758720398, 0.7046999931335449, 0.7045000195503235, 0.7010999917984009, 0.7020999789237976, 0.7009999752044678, 0.7044000029563904, 0.7024999856948853]","[4.282858848571777, 4.0836262702941895, 3.0510075092315674, 3.04120135307312, 2.797990322113037, 2.4327776432037354, 2.8015458583831787, 2.746213674545288, 2.373764753341675, 2.367140054702759, 2.638348340988159, 2.4339656829833984, 2.355196237564087, 2.400709867477417, 2.474356174468994, 2.796782970428467, 2.2030465602874756, 2.270230531692505, 2.338688850402832, 2.474278211593628, 2.08927845954895, 2.34112548828125, 2.2489681243896484, 2.16837215423584, 2.1154873371124268, 2.250182867050171, 2.0250301361083984, 1.7562216520309448, 1.8942533731460571, 1.7636743783950806, 1.818013072013855, 1.8671730756759644, 1.8963828086853027, 1.651048183441162, 1.7394897937774658, 1.7730541229248047, 1.6706503629684448, 1.6976948976516724, 1.698988914489746, 1.6541810035705566, 1.6775599718093872, 1.6204338073730469, 1.6050450801849365, 1.6641234159469604, 1.627366542816162, 1.6905320882797241, 1.6269898414611816, 1.6789095401763916, 1.5899337530136108, 1.6143444776535034, 1.6423985958099365, 1.5865944623947144, 1.6183664798736572, 1.6556259393692017, 1.6147143840789795, 1.6306893825531006, 1.6086970567703247, 1.6241190433502197, 1.6272921562194824, 1.6249022483825684, 1.6039305925369263, 1.6119987964630127, 1.6201788187026978, 1.6149698495864868, 1.61658775806427, 1.617161512374878, 1.6216167211532593, 1.6222833395004272, 1.6171305179595947, 1.6242499351501465]",0.7024999856948853,,640617388,,2667172,,,,,"[26, 28, 39, 39, 46, 27, 55, 55]",0.125,0.25,0.25,65,28,400,400,0.1625,0.07,False,BEST,0.95,True,True,"[[86  0  0 ...  0  0  0]
 [ 0 84  1 ...  0  0  0]
 [ 0  2 54 ...  0  8  0]
 ...
 [ 0  0  0 ... 74  1  0]
 [ 0  0  2 ...  0 51  0]
 [ 0  0  1 ...  0  0 75]]",0.7026,0.714839585,0.7026,0.70355307,148
BRHGYM[M],,26,20,20,True,True,"[14, 29, 4, 34, 39, 6, 39, 4]",[],"[{'INP': 32}, {'CONV': [64, 3]}, ({'CONV': [32, 5]}, {'CONV': [256, 3]}), ({'CONV': [64, 5]}, {'CONV': [128, 5]}, {'POOLMAX': [-1, 2]}), ({'CONV': [32, 3]}, {'CONV': [128, 3]}), ({'CONV': [128, 3]}, {'CONV': [64, 3]}, {'POOLMAX': [-1, 2]}), ({'CONV': [128, 3]}, {'CONV': [256, 5]}), ({'CONV': [32, 3]}, {'CONV': [256, 3]}, {'POOLMAX': [-1, 2]}), ({'CONV': [128, 3]}, {'CONV': [256, 5]}), ({'CONV': [32, 3]}, {'CONV': [128, 3]}, {'POOLMAX': [-1, 2]}), {'GLOBAL_AVG': None}, {'LAST_DENSE': [100, 'softmax']}]",TPC,MSWAP,GA,70,"[0.120899997651577, 0.18549999594688416, 0.28119999170303345, 0.3443000018596649, 0.357699990272522, 0.365200012922287, 0.43849998712539673, 0.4422000050544739, 0.4580000042915344, 0.489300012588501, 0.49149999022483826, 0.4927000105381012, 0.49939998984336853, 0.4544999897480011, 0.521399974822998, 0.4839000105857849, 0.5324000120162964, 0.5842999815940857, 0.5357000231742859, 0.5561000108718872, 0.5561000108718872, 0.5529000163078308, 0.5396999716758728, 0.6308000087738037, 0.6331999897956848, 0.6018000245094299, 0.6152999997138977, 0.6309999823570251, 0.6207000017166138, 0.6431999802589417, 0.6294999718666077, 0.6233000159263611, 0.6438000202178955, 0.6259999871253967, 0.6068999767303467, 0.6407999992370605, 0.6577000021934509, 0.6345999836921692, 0.6743999719619751, 0.6779999732971191, 0.6833999752998352, 0.6796000003814697, 0.6880000233650208, 0.666100025177002, 0.691100001335144, 0.6733999848365784, 0.6815000176429749, 0.6782000064849854, 0.6754000186920166, 0.6703000068664551, 0.6935999989509583, 0.6983000040054321, 0.705299973487854, 0.7005000114440918, 0.7031999826431274, 0.6955000162124634, 0.6987000107765198, 0.70169997215271, 0.7049000263214111, 0.7064999938011169, 0.7081000208854675, 0.6995999813079834, 0.7088000178337097, 0.7049000263214111, 0.7078999876976013, 0.7087000012397766, 0.7132999897003174, 0.7106000185012817, 0.7077000141143799, 0.711899995803833]","[4.097330093383789, 3.726287603378296, 3.2756786346435547, 2.9862985610961914, 2.9805307388305664, 2.9592390060424805, 2.615607500076294, 2.639599561691284, 2.554551839828491, 2.4565377235412598, 2.4866034984588623, 2.4946815967559814, 2.503363609313965, 2.717055320739746, 2.3721518516540527, 2.559889793395996, 2.3483223915100098, 2.1029911041259766, 2.3529515266418457, 2.2797462940216064, 2.276824712753296, 2.289018154144287, 2.408730983734131, 1.939669132232666, 1.8995548486709595, 2.1088645458221436, 1.9647390842437744, 1.9024168252944946, 1.973584532737732, 1.8345950841903687, 1.9609313011169434, 2.0095503330230713, 1.8310632705688477, 1.9766167402267456, 2.0879909992218018, 1.878135323524475, 1.8376073837280273, 1.9449679851531982, 1.7748469114303589, 1.7511929273605347, 1.7333877086639404, 1.7675398588180542, 1.7185425758361816, 1.8174124956130981, 1.7108675241470337, 1.8046844005584717, 1.7376142740249634, 1.7766722440719604, 1.7992093563079834, 1.8693726062774658, 1.7412320375442505, 1.7074280977249146, 1.6713218688964844, 1.7178218364715576, 1.6917064189910889, 1.762158751487732, 1.739084005355835, 1.7401896715164185, 1.7385672330856323, 1.7467753887176514, 1.7346810102462769, 1.807363510131836, 1.7411466836929321, 1.772683024406433, 1.7631816864013672, 1.768632173538208, 1.7481545209884644, 1.7563743591308594, 1.7780412435531616, 1.7704399824142456]",0.711899995803833,,1293980268,,4927268,,,,,"[14, 4, 29, 34, 39, 6, 39, 4]",0.25,0.125,0.25,88,28,400,400,0.22,0.07,False,BEST,0.85,True,True,"[[86  0  0 ...  0  0  0]
 [ 0 80  0 ...  0  0  0]
 [ 0  1 50 ...  0  2  0]
 ...
 [ 0  0  0 ... 72  0  0]
 [ 0  0  1 ...  0 62  0]
 [ 0  0  1 ...  0  0 76]]",0.7118,0.723291982,0.7118,0.712800342,17
BNXLOE[M],,27,20,19,True,True,"[44, 7, 23, 39, 53, 6, 9, 31]",[],"[{'INP': 32}, {'CONV': [64, 3]}, ({'CONV': [128, 5]}, {'CONV': [128, 3]}), ({'CONV': [32, 3]}, {'CONV': [256, 5]}, {'POOLMAX': [-1, 2]}), ({'CONV': [64, 3]}, {'CONV': [256, 5]}), ({'CONV': [128, 3]}, {'CONV': [256, 5]}, {'POOLMAX': [-1, 2]}), ({'CONV': [256, 3]}, {'CONV': [128, 5]}), ({'CONV': [32, 3]}, {'CONV': [256, 3]}, {'POOLMAX': [-1, 2]}), ({'CONV': [32, 5]}, {'CONV': [32, 5]}), ({'CONV': [64, 5]}, {'CONV': [256, 5]}, {'POOLMAX': [-1, 2]}), {'GLOBAL_AVG': None}, {'LAST_DENSE': [100, 'softmax']}]",TPC,MSWAP,GA,70,"[0.1265999972820282, 0.17790000140666962, 0.2847000062465668, 0.35830000042915344, 0.33640000224113464, 0.3183000087738037, 0.4025999903678894, 0.4462999999523163, 0.47609999775886536, 0.4172999858856201, 0.47049999237060547, 0.5145999789237976, 0.5023000240325928, 0.5011000037193298, 0.4832000136375427, 0.5364999771118164, 0.4731000065803528, 0.5249999761581421, 0.5267999768257141, 0.5455999970436096, 0.5220000147819519, 0.5483999848365784, 0.5627999901771545, 0.573199987411499, 0.6018999814987183, 0.5914999842643738, 0.45980000495910645, 0.5760999917984009, 0.5910000205039978, 0.5461000204086304, 0.6238999962806702, 0.6294000148773193, 0.6295999884605408, 0.6482999920845032, 0.6572999954223633, 0.6241999864578247, 0.6398000121116638, 0.6521000266075134, 0.6559000015258789, 0.6552000045776367, 0.6819999814033508, 0.6897000074386597, 0.6547999978065491, 0.6723999977111816, 0.6676999926567078, 0.6804999709129333, 0.6836000084877014, 0.6987000107765198, 0.6991000175476074, 0.7021999955177307, 0.6899999976158142, 0.6834999918937683, 0.6977999806404114, 0.6809999942779541, 0.6937000155448914, 0.6991000175476074, 0.6973000168800354, 0.6929000020027161, 0.7037000060081482, 0.7016000151634216, 0.7045000195503235, 0.7059999704360962, 0.701200008392334, 0.7037000060081482, 0.7049000263214111, 0.7046999931335449, 0.7037000060081482, 0.7026000022888184, 0.7008000016212463, 0.7055000066757202]","[3.996975898742676, 3.6547770500183105, 3.139845132827759, 2.759098529815674, 2.9430606365203857, 3.256801128387451, 2.742901563644409, 2.477987766265869, 2.3707220554351807, 2.7411911487579346, 2.513056755065918, 2.244518756866455, 2.377000570297241, 2.362736225128174, 2.4048759937286377, 2.1719472408294678, 2.605713367462158, 2.299124240875244, 2.31182861328125, 2.1654655933380127, 2.247314691543579, 2.1888811588287354, 2.1557130813598633, 2.09338641166687, 2.003983736038208, 2.0139782428741455, 2.8350539207458496, 2.158353805541992, 2.0383121967315674, 2.278806686401367, 1.905031681060791, 1.8408312797546387, 1.89505934715271, 1.764945149421692, 1.7147318124771118, 1.8514498472213745, 1.782713532447815, 1.7298905849456787, 1.7155036926269531, 1.7245523929595947, 1.6154175996780396, 1.57753324508667, 1.7715378999710083, 1.6526939868927002, 1.6997908353805542, 1.67067289352417, 1.6077656745910645, 1.5617095232009888, 1.5622620582580566, 1.552778959274292, 1.603812575340271, 1.672114610671997, 1.5641636848449707, 1.6359977722167969, 1.6043254137039185, 1.5409550666809082, 1.5701202154159546, 1.6074138879776, 1.545395851135254, 1.565462350845337, 1.573276162147522, 1.5571995973587036, 1.56999671459198, 1.570677399635315, 1.5666110515594482, 1.575515627861023, 1.5772945880889893, 1.5818367004394531, 1.5836060047149658, 1.5708513259887695]",0.7055000066757202,,1437369388,,4776356,,,,,"[44, 7, 23, 39, 53, 6, 9, 31]",0.125,0.25,0.0,80,28,400,400,0.2,0.07,False,BEST,0.85,True,True,"[[86  0  0 ...  0  0  0]
 [ 0 79  0 ...  0  0  0]
 [ 1  0 60 ...  0  3  0]
 ...
 [ 0  0  0 ... 74  0  0]
 [ 0  0  3 ...  0 57  0]
 [ 0  0  1 ...  0  0 74]]",0.7055,0.717923548,0.7055,0.706291528,8
BDFJGW[M],,28,20,11,False,False,"[14, 20, 32, 38, 39, 38, 39, 54]",[],"[{'INP': 32}, {'CONV': [64, 3]}, ({'CONV': [32, 5]}, {'CONV': [256, 3]}), ({'CONV': [64, 3]}, {'CONV': [128, 3]}, {'POOLMAX': [-1, 2]}), ({'CONV': [128, 3]}, {'CONV': [32, 3]}), ({'CONV': [128, 3]}, {'CONV': [256, 3]}, {'POOLMAX': [-1, 2]}), ({'CONV': [128, 3]}, {'CONV': [256, 5]}), ({'CONV': [128, 3]}, {'CONV': [256, 3]}, {'POOLMAX': [-1, 2]}), ({'CONV': [128, 3]}, {'CONV': [256, 5]}), ({'CONV': [256, 3]}, {'CONV': [256, 3]}, {'POOLMAX': [-1, 2]}), {'GLOBAL_AVG': None}, {'LAST_DENSE': [100, 'softmax']}]",TPC,MSWAP,GA,70,"[0.12349999696016312, 0.20600000023841858, 0.3086000084877014, 0.33660000562667847, 0.39010000228881836, 0.3619000017642975, 0.4359000027179718, 0.4169999957084656, 0.4442000091075897, 0.48570001125335693, 0.4936999976634979, 0.48559999465942383, 0.48249998688697815, 0.5317999720573425, 0.4187000095844269, 0.5199999809265137, 0.40779998898506165, 0.5442000031471252, 0.5533000230789185, 0.531000018119812, 0.5424000024795532, 0.574999988079071, 0.5426999926567078, 0.5726000070571899, 0.5443999767303467, 0.5307000279426575, 0.5735999941825867, 0.6152999997138977, 0.6456999778747559, 0.6061000227928162, 0.6313999891281128, 0.6258000135421753, 0.6340000033378601, 0.613099992275238, 0.6682999730110168, 0.6707000136375427, 0.6535000205039978, 0.6708999872207642, 0.6711000204086304, 0.6712999939918518, 0.6808000206947327, 0.6783999800682068, 0.6884999871253967, 0.6886000037193298, 0.6843000054359436, 0.6841999888420105, 0.6870999932289124, 0.6802999973297119, 0.6930999755859375, 0.6845999956130981, 0.6945000290870667, 0.6815999746322632, 0.6930000185966492, 0.6818000078201294, 0.6829000115394592, 0.6865000128746033, 0.6855999827384949, 0.695900022983551, 0.6966000199317932, 0.6934999823570251, 0.6940000057220459, 0.6948999762535095, 0.6952999830245972, 0.6983000040054321, 0.6941999793052673, 0.6948000192642212, 0.7001000046730042, 0.6976000070571899, 0.697700023651123, 0.6988999843597412]","[4.067170143127441, 3.587331533432007, 3.1447715759277344, 2.9780819416046143, 2.7694334983825684, 3.007584810256958, 2.6111838817596436, 2.756338357925415, 2.5744614601135254, 2.4066689014434814, 2.882016181945801, 2.443964958190918, 2.5190024375915527, 2.243136405944824, 2.9841649532318115, 2.3211236000061035, 3.315605401992798, 2.2904272079467773, 2.225255012512207, 2.374145984649658, 2.2646093368530273, 2.1159539222717285, 2.349205493927002, 2.202601671218872, 2.375828742980957, 2.4193427562713623, 2.187248945236206, 2.0175600051879883, 1.8247021436691284, 2.0234153270721436, 1.9079113006591797, 1.959842562675476, 1.8760119676589966, 2.0395467281341553, 1.71211576461792, 1.6764017343521118, 1.8358793258666992, 1.7479884624481201, 1.7449314594268799, 1.74516761302948, 1.6765564680099487, 1.7166986465454102, 1.6496859788894653, 1.6576178073883057, 1.6984810829162598, 1.646043300628662, 1.6838244199752808, 1.7053183317184448, 1.6299400329589844, 1.6797391176223755, 1.6075645685195923, 1.715959906578064, 1.6822015047073364, 1.704664707183838, 1.711256980895996, 1.709335207939148, 1.711472511291504, 1.6642788648605347, 1.6518783569335938, 1.6863435506820679, 1.6966620683670044, 1.6894158124923706, 1.6754276752471924, 1.666380524635315, 1.6887931823730469, 1.6803923845291138, 1.6668548583984375, 1.66591215133667, 1.6737974882125854, 1.674404501914978]",0.6988999843597412,,1414193324,,8756388,,,,,,0.25,0.5,0.0,82,40,400,400,0.205,0.1,False,BEST,0.8,True,True,"[[86  0  0 ...  0  0  0]
 [ 0 84  0 ...  0  0  0]
 [ 0  0 60 ...  0  3  0]
 ...
 [ 0  0  0 ... 72  0  0]
 [ 0  0  2 ...  0 56  0]
 [ 0  0  1 ...  0  0 77]]",0.6989,0.713736112,0.6989,0.700184989,34
BDEWCK[M],,29,20,20,True,True,"[14, 36, 4, 15, 59, 7, 39, 7]",[],"[{'INP': 32}, {'CONV': [64, 3]}, ({'CONV': [32, 5]}, {'CONV': [256, 3]}), ({'CONV': [128, 3]}, {'CONV': [128, 3]}, {'POOLMAX': [-1, 2]}), ({'CONV': [32, 3]}, {'CONV': [128, 3]}), ({'CONV': [32, 5]}, {'CONV': [256, 5]}, {'POOLMAX': [-1, 2]}), ({'CONV': [256, 5]}, {'CONV': [64, 5]}), ({'CONV': [32, 3]}, {'CONV': [256, 5]}, {'POOLMAX': [-1, 2]}), ({'CONV': [128, 3]}, {'CONV': [256, 5]}), ({'CONV': [32, 3]}, {'CONV': [256, 5]}, {'POOLMAX': [-1, 2]}), {'GLOBAL_AVG': None}, {'LAST_DENSE': [100, 'softmax']}]",TPC,MSWAP,GA,70,"[0.08619999885559082, 0.14749999344348907, 0.2815999984741211, 0.22609999775886536, 0.3409000039100647, 0.38440001010894775, 0.3928999900817871, 0.3847000002861023, 0.3833000063896179, 0.4242999851703644, 0.3912999927997589, 0.48179998993873596, 0.4429999887943268, 0.4828999936580658, 0.47839999198913574, 0.5037999749183655, 0.49459999799728394, 0.503600001335144, 0.49639999866485596, 0.5246000289916992, 0.5267000198364258, 0.5260999798774719, 0.5471000075340271, 0.5370000004768372, 0.49720001220703125, 0.5424000024795532, 0.5771999955177307, 0.578000009059906, 0.551800012588501, 0.5371000170707703, 0.552299976348877, 0.5590000152587891, 0.6169000267982483, 0.6561999917030334, 0.6337000131607056, 0.6358000040054321, 0.6087999939918518, 0.6270999908447266, 0.6308000087738037, 0.6525999903678894, 0.6486999988555908, 0.6582000255584717, 0.671999990940094, 0.6708999872207642, 0.6509000062942505, 0.6646000146865845, 0.6539000272750854, 0.6672999858856201, 0.6833999752998352, 0.6730999946594238, 0.6717000007629395, 0.6966999769210815, 0.6923999786376953, 0.6840000152587891, 0.6747999787330627, 0.6851999759674072, 0.6887000203132629, 0.6909999847412109, 0.6870999932289124, 0.6895999908447266, 0.6919000148773193, 0.6953999996185303, 0.6960999965667725, 0.6934999823570251, 0.6977999806404114, 0.6937999725341797, 0.6924999952316284, 0.6973999738693237, 0.6959999799728394, 0.6970000267028809]","[4.491089820861816, 4.6201863288879395, 3.1079928874969482, 7.669597625732422, 2.979931592941284, 2.7493417263031006, 2.7399682998657227, 3.0146055221557617, 3.282005786895752, 2.645127296447754, 4.234472751617432, 2.3907806873321533, 2.6238853931427, 2.3975512981414795, 2.5226826667785645, 2.3738348484039307, 2.384972333908081, 2.3528904914855957, 2.4482264518737793, 2.2584733963012695, 2.3103017807006836, 2.3461709022521973, 2.146348237991333, 2.2234601974487305, 2.540773391723633, 2.2559938430786133, 2.062368869781494, 2.1100752353668213, 2.1968343257904053, 2.3685266971588135, 2.2641348838806152, 2.253905773162842, 1.9827543497085571, 1.7283765077590942, 1.829574465751648, 1.7914972305297852, 2.0023720264434814, 1.9006702899932861, 1.8869616985321045, 1.7859933376312256, 1.7814613580703735, 1.7177658081054688, 1.6677616834640503, 1.676552176475525, 1.808902382850647, 1.7313320636749268, 1.7737798690795898, 1.7024720907211304, 1.6111029386520386, 1.687071681022644, 1.685471534729004, 1.5869635343551636, 1.6023545265197754, 1.6614415645599365, 1.7154765129089355, 1.6486865282058716, 1.6304384469985962, 1.617021083831787, 1.649911880493164, 1.6413301229476929, 1.631402611732483, 1.6189568042755127, 1.6191548109054565, 1.6388297080993652, 1.6238248348236084, 1.6331496238708496, 1.6466401815414429, 1.6229817867279053, 1.6323072910308838, 1.6329187154769897]",0.6970000267028809,,1908063468,,6285860,,,,,"[14, 36, 4, 59, 15, 7, 39, 7]",0.25,0.25,0.25,76,40,400,400,0.19,0.1,False,BEST,0.45,True,True,"[[88  0  0 ...  0  0  0]
 [ 0 81  0 ...  0  0  0]
 [ 0  0 65 ...  0  1  0]
 ...
 [ 0  0  0 ... 69  0  0]
 [ 0  1  2 ...  0 47  0]
 [ 0  0  0 ...  0  0 73]]",0.6972,0.709328418,0.6972,0.697876734,135
BDKOCX[M],,30,20,19,False,False,"[44, 33, 20, 29, 5, 6, 39, 55]",[],"[{'INP': 32}, {'CONV': [64, 3]}, ({'CONV': [128, 5]}, {'CONV': [128, 3]}), ({'CONV': [128, 3]}, {'CONV': [32, 5]}, {'POOLMAX': [-1, 2]}), ({'CONV': [64, 3]}, {'CONV': [128, 3]}), ({'CONV': [64, 5]}, {'CONV': [128, 5]}, {'POOLMAX': [-1, 2]}), ({'CONV': [32, 3]}, {'CONV': [128, 5]}), ({'CONV': [32, 3]}, {'CONV': [256, 3]}, {'POOLMAX': [-1, 2]}), ({'CONV': [128, 3]}, {'CONV': [256, 5]}), ({'CONV': [256, 3]}, {'CONV': [256, 5]}, {'POOLMAX': [-1, 2]}), {'GLOBAL_AVG': None}, {'LAST_DENSE': [100, 'softmax']}]",TPC,MSWAP,GA,70,"[0.09640000015497208, 0.15620000660419464, 0.22689999639987946, 0.29089999198913574, 0.26600000262260437, 0.40230000019073486, 0.32089999318122864, 0.4350999891757965, 0.4546000063419342, 0.4595000147819519, 0.4708999991416931, 0.4537000060081482, 0.47620001435279846, 0.4465000033378601, 0.5077000260353088, 0.4975999891757965, 0.5037000179290771, 0.4697999954223633, 0.5177000164985657, 0.48069998621940613, 0.534600019454956, 0.5435000061988831, 0.5253999829292297, 0.5364999771118164, 0.5418999791145325, 0.5817999839782715, 0.5321000218391418, 0.5029000043869019, 0.5424000024795532, 0.5824999809265137, 0.5824000239372253, 0.6394000053405762, 0.618399977684021, 0.6326000094413757, 0.6434999704360962, 0.654699981212616, 0.6366000175476074, 0.6466000080108643, 0.6514999866485596, 0.6014000177383423, 0.6395000219345093, 0.6614000201225281, 0.6714000105857849, 0.6736000180244446, 0.6747000217437744, 0.6620000004768372, 0.6815000176429749, 0.6628000140190125, 0.6668000221252441, 0.6635000109672546, 0.6640999913215637, 0.6628999710083008, 0.6883000135421753, 0.6870999932289124, 0.6922000050544739, 0.6924999952316284, 0.6898999810218811, 0.6862000226974487, 0.6966000199317932, 0.694599986076355, 0.6894999742507935, 0.7021999955177307, 0.6990000009536743, 0.6934999823570251, 0.6984999775886536, 0.6955999732017517, 0.6906999945640564, 0.6978999972343445, 0.6978999972343445, 0.6972000002861023]","[4.240511417388916, 3.7818448543548584, 3.3884382247924805, 3.1420915126800537, 3.438875675201416, 2.630711555480957, 3.082139492034912, 2.534893274307251, 2.5190553665161133, 2.463700294494629, 2.474583148956299, 2.616212844848633, 2.4632930755615234, 2.6952693462371826, 2.3555877208709717, 2.384039878845215, 2.3912529945373535, 2.854586362838745, 2.3274266719818115, 2.6624863147735596, 2.312751054763794, 2.339508295059204, 2.3900012969970703, 2.410367488861084, 2.339601516723633, 2.1495227813720703, 2.4532790184020996, 2.7484302520751953, 2.394970417022705, 2.207707166671753, 2.2228777408599854, 1.889492154121399, 2.010087013244629, 1.9343363046646118, 1.849593997001648, 1.8124366998672485, 1.8772828578948975, 1.8538099527359009, 1.8510907888412476, 2.059053897857666, 1.962484359741211, 1.7710282802581787, 1.7643327713012695, 1.7341715097427368, 1.751034140586853, 1.8096327781677246, 1.7039376497268677, 1.829387903213501, 1.8081800937652588, 1.8007394075393677, 1.8250298500061035, 1.8144863843917847, 1.677549958229065, 1.6727784872055054, 1.6969316005706787, 1.6904666423797607, 1.70725679397583, 1.7526577711105347, 1.674222469329834, 1.666849970817566, 1.726210594177246, 1.657970905303955, 1.692440390586853, 1.7108937501907349, 1.7022631168365479, 1.7088738679885864, 1.7386369705200195, 1.6941423416137695, 1.7063812017440796, 1.7172420024871826]",0.6972000002861023,,2206758700,,4723620,,,,,,0.125,0.25,0.0,89,36,400,400,0.2225,0.09,False,BEST,0.9,True,True,"[[85  0  0 ...  0  0  0]
 [ 0 79  0 ...  0  0  0]
 [ 0  0 55 ...  0  4  0]
 ...
 [ 0  0  1 ... 67  0  0]
 [ 0  0  2 ...  0 48  0]
 [ 0  0  0 ...  0  0 76]]",0.6973,0.709547347,0.6973,0.698240061,84
BZAMEW[M],,1,20,20,True,True,"[14, 12, 18, 39, 39, 6, 13, 55]",[],"[{'INP': 32}, {'CONV': [64, 3]}, ({'CONV': [32, 5]}, {'CONV': [256, 3]}), ({'CONV': [32, 5]}, {'CONV': [128, 3]}, {'POOLMAX': [-1, 2]}), ({'CONV': [64, 3]}, {'CONV': [64, 3]}), ({'CONV': [128, 3]}, {'CONV': [256, 5]}, {'POOLMAX': [-1, 2]}), ({'CONV': [128, 3]}, {'CONV': [256, 5]}), ({'CONV': [32, 3]}, {'CONV': [256, 3]}, {'POOLMAX': [-1, 2]}), ({'CONV': [32, 5]}, {'CONV': [128, 5]}), ({'CONV': [256, 3]}, {'CONV': [256, 5]}, {'POOLMAX': [-1, 2]}), {'GLOBAL_AVG': None}, {'LAST_DENSE': [100, 'softmax']}]",UC,MPAR,GA,70,"[0.11420000344514847, 0.19850000739097595, 0.2847000062465668, 0.33649998903274536, 0.3361999988555908, 0.33090001344680786, 0.4325000047683716, 0.44609999656677246, 0.44209998846054077, 0.4537999927997589, 0.49129998683929443, 0.45210000872612, 0.49790000915527344, 0.48399999737739563, 0.520799994468689, 0.5194000005722046, 0.5364999771118164, 0.555899977684021, 0.5055999755859375, 0.5026999711990356, 0.5552999973297119, 0.5199999809265137, 0.5602999925613403, 0.6254000067710876, 0.6190999746322632, 0.6230999827384949, 0.6348999738693237, 0.6341999769210815, 0.6269000172615051, 0.626800000667572, 0.6467000246047974, 0.6306999921798706, 0.6391000151634216, 0.6377000212669373, 0.6463000178337097, 0.6420000195503235, 0.6873000264167786, 0.6906999945640564, 0.6793000102043152, 0.6840000152587891, 0.6796000003814697, 0.6902999877929688, 0.6761999726295471, 0.6721000075340271, 0.6732000112533569, 0.6929000020027161, 0.6704999804496765, 0.7006000280380249, 0.7009000182151794, 0.7016000151634216, 0.7010999917984009, 0.6949999928474426, 0.6956999897956848, 0.7009999752044678, 0.708299994468689, 0.697700023651123, 0.7074999809265137, 0.7019000053405762, 0.7099999785423279, 0.7103999853134155, 0.7139000296592712, 0.7127000093460083, 0.713100016117096, 0.7132999897003174, 0.7148000001907349, 0.7129999995231628, 0.713100016117096, 0.7132999897003174, 0.7110000252723694, 0.7138000130653381]","[4.232913494110107, 3.778536319732666, 3.9131453037261963, 3.1561355590820312, 3.8068339824676514, 3.2670459747314453, 2.6394355297088623, 2.6354100704193115, 2.7578177452087402, 2.645968198776245, 2.4492080211639404, 2.6980152130126953, 2.4854955673217773, 2.594186544418335, 2.345512628555298, 2.3628361225128174, 2.306373119354248, 2.1946780681610107, 2.4936015605926514, 2.5904223918914795, 2.266756772994995, 2.479661703109741, 2.24249267578125, 1.932649850845337, 1.9352810382843018, 1.9339046478271484, 1.873465657234192, 1.8913183212280273, 1.8985332250595093, 1.9111429452896118, 1.8212761878967285, 1.9057743549346924, 1.845658779144287, 1.898291826248169, 1.8405412435531616, 1.878485918045044, 1.666793704032898, 1.674262523651123, 1.716728925704956, 1.719607949256897, 1.7321624755859375, 1.653828501701355, 1.7587865591049194, 1.788438320159912, 1.7563910484313965, 1.7153599262237549, 1.8011822700500488, 1.641615629196167, 1.6391738653182983, 1.7010647058486938, 1.6604101657867432, 1.731943964958191, 1.7112630605697632, 1.6945956945419312, 1.6846575736999512, 1.7357640266418457, 1.6727142333984375, 1.7502144575119019, 1.6941624879837036, 1.688422679901123, 1.681674838066101, 1.6908701658248901, 1.6843922138214111, 1.7010738849639893, 1.672385334968567, 1.6929620504379272, 1.6906481981277466, 1.6872150897979736, 1.6993736028671265, 1.6943931579589844]",0.7138000130653381,,1769991724,,10954148,,,,,"[14, 11, 18, 39, 39, 6, 13, 55]",0.25,0.0,0.125,81,49,400,400,0.2025,0.1225,False,BEST,0.85,True,True,"[[87  0  0 ...  0  0  0]
 [ 0 83  0 ...  0  0  0]
 [ 0  0 58 ...  0  5  0]
 ...
 [ 0  0  0 ... 75  0  0]
 [ 0  0  2 ...  0 48  1]
 [ 0  0  1 ...  0  0 69]]",0.7138,0.726338997,0.7138,0.71537814,14
BYFVPU[M],,2,20,18,True,True,"[2, 17, 2, 38, 51, 7, 13, 31]",[],"[{'INP': 32}, {'CONV': [64, 3]}, ({'CONV': [32, 3]}, {'CONV': [64, 3]}), ({'CONV': [64, 3]}, {'CONV': [32, 5]}, {'POOLMAX': [-1, 2]}), ({'CONV': [32, 3]}, {'CONV': [64, 3]}), ({'CONV': [128, 3]}, {'CONV': [256, 3]}, {'POOLMAX': [-1, 2]}), ({'CONV': [256, 3]}, {'CONV': [64, 5]}), ({'CONV': [32, 3]}, {'CONV': [256, 5]}, {'POOLMAX': [-1, 2]}), ({'CONV': [32, 5]}, {'CONV': [128, 5]}), ({'CONV': [64, 5]}, {'CONV': [256, 5]}, {'POOLMAX': [-1, 2]}), {'GLOBAL_AVG': None}, {'LAST_DENSE': [100, 'softmax']}]",UC,MPAR,GA,70,"[0.09549999982118607, 0.18729999661445618, 0.28839999437332153, 0.3255000114440918, 0.3212999999523163, 0.37549999356269836, 0.4214000105857849, 0.364300012588501, 0.4357999861240387, 0.43619999289512634, 0.49470001459121704, 0.501800000667572, 0.49390000104904175, 0.508400022983551, 0.5220999717712402, 0.5217000246047974, 0.5443999767303467, 0.5468000173568726, 0.5181000232696533, 0.5320000052452087, 0.4772000014781952, 0.5580999851226807, 0.5515999794006348, 0.623199999332428, 0.6322000026702881, 0.6021000146865845, 0.6243000030517578, 0.6216999888420105, 0.6248000264167786, 0.6057000160217285, 0.6306999921798706, 0.6247000098228455, 0.660099983215332, 0.6662999987602234, 0.673799991607666, 0.6694999933242798, 0.6891000270843506, 0.650600016117096, 0.6644999980926514, 0.6665999889373779, 0.6776000261306763, 0.6690000295639038, 0.690500020980835, 0.6855000257492065, 0.6868000030517578, 0.692300021648407, 0.6841999888420105, 0.696399986743927, 0.692300021648407, 0.7050999999046326, 0.6985999941825867, 0.6919000148773193, 0.7013000249862671, 0.6984999775886536, 0.6991000175476074, 0.70169997215271, 0.7006999850273132, 0.7013000249862671, 0.7069000005722046, 0.7006999850273132, 0.7006000280380249, 0.7014999985694885, 0.7013999819755554, 0.7055000066757202, 0.703000009059906, 0.7021999955177307, 0.7035999894142151, 0.7045000195503235, 0.7039999961853027, 0.7050999999046326]","[4.200357913970947, 3.6822316646575928, 3.0695202350616455, 3.0206358432769775, 3.313722610473633, 2.8264150619506836, 2.6808371543884277, 3.064110040664673, 2.6248085498809814, 2.680982828140259, 2.3511838912963867, 3.0893874168395996, 2.6376872062683105, 2.3938684463500977, 2.2819619178771973, 2.311687707901001, 2.253784656524658, 2.229923725128174, 2.4263556003570557, 2.3066763877868652, 2.8675789833068848, 2.26975679397583, 2.263742446899414, 1.9116294384002686, 1.8813828229904175, 1.9870728254318237, 1.8619130849838257, 1.9285298585891724, 1.8752460479736328, 2.0331385135650635, 1.9073138236999512, 1.901384949684143, 1.7743269205093384, 1.7315523624420166, 1.6919587850570679, 1.7249529361724854, 1.6408230066299438, 1.8410879373550415, 1.7343753576278687, 1.7869515419006348, 1.691096305847168, 1.758704662322998, 1.6702488660812378, 1.6681437492370605, 1.688258409500122, 1.6935958862304688, 1.7152472734451294, 1.6479403972625732, 1.6984245777130127, 1.633042335510254, 1.678300380706787, 1.6999037265777588, 1.6618984937667847, 1.685452938079834, 1.6957648992538452, 1.6678187847137451, 1.6760202646255493, 1.6894586086273193, 1.6507608890533447, 1.670498251914978, 1.6702855825424194, 1.6761095523834229, 1.6742968559265137, 1.667962670326233, 1.6880375146865845, 1.68496835231781, 1.6740120649337769, 1.67508864402771, 1.6750279664993286, 1.6747808456420898]",0.7050999999046326,,552448236,,5669412,,,,,"[2, 17, 1, 38, 51, 7, 13, 31]",0.125,0.0,0.125,56,33,400,400,0.14,0.0825,False,BEST,0.8,True,True,"[[80  0  1 ...  0  0  0]
 [ 0 79  0 ...  0  0  0]
 [ 0  1 55 ...  0  1  0]
 ...
 [ 0  0  0 ... 68  0  0]
 [ 0  0  0 ...  0 45  0]
 [ 0  0  0 ...  0  0 70]]",0.7051,0.715930631,0.7051,0.705965674,106
BLISIX[M],,3,20,19,True,True,"[26, 36, 12, 20, 18, 6, 13, 22]",[],"[{'INP': 32}, {'CONV': [64, 3]}, ({'CONV': [64, 5]}, {'CONV': [64, 3]}), ({'CONV': [128, 3]}, {'CONV': [128, 3]}, {'POOLMAX': [-1, 2]}), ({'CONV': [32, 5]}, {'CONV': [128, 3]}), ({'CONV': [64, 3]}, {'CONV': [128, 3]}, {'POOLMAX': [-1, 2]}), ({'CONV': [64, 3]}, {'CONV': [64, 3]}), ({'CONV': [32, 3]}, {'CONV': [256, 3]}, {'POOLMAX': [-1, 2]}), ({'CONV': [32, 5]}, {'CONV': [128, 5]}), ({'CONV': [64, 3]}, {'CONV': [256, 3]}, {'POOLMAX': [-1, 2]}), {'GLOBAL_AVG': None}, {'LAST_DENSE': [100, 'softmax']}]",UC,MPAR,GA,70,"[0.08449999988079071, 0.19040000438690186, 0.31700000166893005, 0.301800012588501, 0.3935000002384186, 0.3898000121116638, 0.42660000920295715, 0.4650000035762787, 0.44850000739097595, 0.45989999175071716, 0.5234000086784363, 0.43209999799728394, 0.43779999017715454, 0.4823000133037567, 0.4875999987125397, 0.4799000024795532, 0.5771999955177307, 0.603600025177002, 0.5853999853134155, 0.5995000004768372, 0.5882999897003174, 0.6208999752998352, 0.567300021648407, 0.6261000037193298, 0.5885999798774719, 0.5965999960899353, 0.5903000235557556, 0.6565999984741211, 0.6675999760627747, 0.6632999777793884, 0.6700000166893005, 0.6583999991416931, 0.6640999913215637, 0.6438999772071838, 0.6743999719619751, 0.682200014591217, 0.6827999949455261, 0.6847000122070312, 0.682699978351593, 0.6894999742507935, 0.6869000196456909, 0.6868000030517578, 0.6926000118255615, 0.6851999759674072, 0.6820999979972839, 0.6956999897956848, 0.6973000168800354, 0.6890000104904175, 0.6978999972343445, 0.6851999759674072, 0.7016000151634216, 0.698199987411499, 0.7059000134468079, 0.699400007724762, 0.7032999992370605, 0.7016000151634216, 0.6980000138282776, 0.7023000121116638, 0.7055000066757202, 0.705299973487854, 0.7042999863624573, 0.7038000226020813, 0.7019000053405762, 0.7035999894142151, 0.7039999961853027, 0.704200029373169, 0.7049999833106995, 0.7038999795913696, 0.7044000029563904, 0.705299973487854]","[4.474943161010742, 3.803727388381958, 3.0426185131073, 3.201747417449951, 2.721409797668457, 2.8218092918395996, 2.6206250190734863, 2.4770987033843994, 2.6029434204101562, 2.541188955307007, 2.254652738571167, 2.764390707015991, 2.736565351486206, 2.522505760192871, 2.5149037837982178, 2.584446430206299, 2.0785722732543945, 1.9262914657592773, 2.042358875274658, 1.9521915912628174, 2.0287880897521973, 1.825198769569397, 2.154909610748291, 1.8620364665985107, 2.11026930809021, 2.0252506732940674, 2.0800249576568604, 1.742499589920044, 1.7175171375274658, 1.7664449214935303, 1.7296183109283447, 1.7991671562194824, 1.767680048942566, 1.9213842153549194, 1.7238781452178955, 1.7078887224197388, 1.7094234228134155, 1.7155832052230835, 1.7325776815414429, 1.6859042644500732, 1.7025498151779175, 1.708288311958313, 1.6866613626480103, 1.7602707147598267, 1.7513015270233154, 1.7052479982376099, 1.6990153789520264, 1.7487952709197998, 1.7203320264816284, 1.7909210920333862, 1.7093230485916138, 1.7346524000167847, 1.6852033138275146, 1.7368054389953613, 1.712422490119934, 1.723214864730835, 1.7727545499801636, 1.7450097799301147, 1.7295297384262085, 1.7406654357910156, 1.7354425191879272, 1.7324748039245605, 1.742922306060791, 1.7403323650360107, 1.756155252456665, 1.7487107515335083, 1.7472095489501953, 1.7605812549591064, 1.7622183561325073, 1.7529174089431763]",0.705299973487854,,2846384684,,6481316,,,,,"[26, 36, 12, 20, 18, 6, 13, 22]",0.125,0.125,0.0,65,31,400,400,0.1625,0.0775,False,BEST,1.0,True,True,"[[83  0  1 ...  0  0  0]
 [ 0 81  0 ...  0  0  0]
 [ 0  0 58 ...  0  3  0]
 ...
 [ 0  0  0 ... 73  0  0]
 [ 0  0  5 ...  0 46  0]
 [ 0  0  0 ...  0  1 73]]",0.7053,0.717965389,0.7053,0.706650478,49
BNNMCZ[M],,4,20,17,False,False,"[2, 36, 5, 36, 31, 38, 39, 55]",[],"[{'INP': 32}, {'CONV': [64, 3]}, ({'CONV': [32, 3]}, {'CONV': [64, 3]}), ({'CONV': [128, 3]}, {'CONV': [128, 3]}, {'POOLMAX': [-1, 2]}), ({'CONV': [32, 3]}, {'CONV': [128, 5]}), ({'CONV': [128, 3]}, {'CONV': [128, 3]}, {'POOLMAX': [-1, 2]}), ({'CONV': [64, 5]}, {'CONV': [256, 5]}), ({'CONV': [128, 3]}, {'CONV': [256, 3]}, {'POOLMAX': [-1, 2]}), ({'CONV': [128, 3]}, {'CONV': [256, 5]}), ({'CONV': [256, 3]}, {'CONV': [256, 5]}, {'POOLMAX': [-1, 2]}), {'GLOBAL_AVG': None}, {'LAST_DENSE': [100, 'softmax']}]",UC,MPAR,GA,70,"[0.13359999656677246, 0.1987999975681305, 0.3059999942779541, 0.31540000438690186, 0.4065999984741211, 0.3831000030040741, 0.40880000591278076, 0.45210000872612, 0.47870001196861267, 0.4578999876976013, 0.37459999322891235, 0.501800000667572, 0.5248000025749207, 0.5134999752044678, 0.5195000171661377, 0.4090000092983246, 0.5483999848365784, 0.48190000653266907, 0.4945000112056732, 0.515500009059906, 0.5597000122070312, 0.5859000086784363, 0.5756999850273132, 0.5703999996185303, 0.5550000071525574, 0.5403000116348267, 0.5615000128746033, 0.6247000098228455, 0.6051999926567078, 0.635200023651123, 0.6506999731063843, 0.6341000199317932, 0.5782999992370605, 0.6739000082015991, 0.6492999792098999, 0.6496999859809875, 0.6622999906539917, 0.6446999907493591, 0.6726999878883362, 0.6395999789237976, 0.6626999974250793, 0.6191999912261963, 0.6164000034332275, 0.6037999987602234, 0.6854000091552734, 0.6940000057220459, 0.6877999901771545, 0.682200014591217, 0.685699999332428, 0.6875, 0.695900022983551, 0.7026000022888184, 0.6980999708175659, 0.710099995136261, 0.6992999911308289, 0.7139999866485596, 0.7092000246047974, 0.7084000110626221, 0.70169997215271, 0.705299973487854, 0.7027000188827515, 0.710099995136261, 0.7093999981880188, 0.7099999785423279, 0.7092000246047974, 0.7020999789237976, 0.7148000001907349, 0.7139999866485596, 0.7145000100135803, 0.7131999731063843]","[4.0260443687438965, 3.5963971614837646, 3.065355062484741, 3.1144914627075195, 2.6303088665008545, 2.894348621368408, 3.085355520248413, 2.721376657485962, 2.456089496612549, 2.6376407146453857, 3.2925703525543213, 2.4198997020721436, 2.3094027042388916, 2.3719892501831055, 2.4412026405334473, 3.2257285118103027, 2.2598202228546143, 2.634495496749878, 2.6612164974212646, 2.557724714279175, 2.3286097049713135, 2.1383726596832275, 2.1861846446990967, 2.261115074157715, 2.269591808319092, 2.410645008087158, 2.3221452236175537, 1.9840798377990723, 2.080738067626953, 1.8928953409194946, 1.8767129182815552, 1.9533835649490356, 2.327763080596924, 1.751192569732666, 1.8183742761611938, 1.845565676689148, 1.7747334241867065, 1.9132370948791504, 1.7362394332885742, 1.9484431743621826, 1.7954866886138916, 2.113176107406616, 2.080827236175537, 2.2293317317962646, 1.7395215034484863, 1.673156499862671, 1.7334476709365845, 1.7930084466934204, 1.7935540676116943, 1.7464253902435303, 1.7068498134613037, 1.709415078163147, 1.7411742210388184, 1.6845895051956177, 1.7284590005874634, 1.6662416458129883, 1.6972713470458984, 1.7091926336288452, 1.7369673252105713, 1.7341748476028442, 1.7702220678329468, 1.7292345762252808, 1.7397130727767944, 1.726206660270691, 1.7549586296081543, 1.7766355276107788, 1.729190468788147, 1.744128704071045, 1.7284437417984009, 1.7416285276412964]",0.7131999731063843,,642329260,,5739684,,,,,,0.375,0.25,0.0,94,44,400,400,0.235,0.11,False,BEST,0.85,True,True,"[[88  0  0 ...  0  0  0]
 [ 0 88  0 ...  0  0  0]
 [ 0  0 58 ...  0  1  0]
 ...
 [ 0  0  0 ... 76  0  0]
 [ 0  0  2 ...  0 57  0]
 [ 0  0  0 ...  0  0 70]]",0.7133,0.72973924,0.7133,0.71545562,3
BOXOTT[M],,5,20,18,False,False,"[35, 60, 23, 29, 11, 38, 39, 31]",[],"[{'INP': 32}, {'CONV': [64, 3]}, ({'CONV': [128, 3]}, {'CONV': [64, 5]}), ({'CONV': [256, 5]}, {'CONV': [128, 3]}, {'POOLMAX': [-1, 2]}), ({'CONV': [64, 3]}, {'CONV': [256, 5]}), ({'CONV': [64, 5]}, {'CONV': [128, 5]}, {'POOLMAX': [-1, 2]}), ({'CONV': [32, 5]}, {'CONV': [64, 5]}), ({'CONV': [128, 3]}, {'CONV': [256, 3]}, {'POOLMAX': [-1, 2]}), ({'CONV': [128, 3]}, {'CONV': [256, 5]}), ({'CONV': [64, 5]}, {'CONV': [256, 5]}, {'POOLMAX': [-1, 2]}), {'GLOBAL_AVG': None}, {'LAST_DENSE': [100, 'softmax']}]",UC,MPAR,GA,70,"[0.1412999927997589, 0.20010000467300415, 0.2985999882221222, 0.33889999985694885, 0.40700000524520874, 0.38089999556541443, 0.365200012922287, 0.40939998626708984, 0.4717000126838684, 0.44909998774528503, 0.43320000171661377, 0.44929999113082886, 0.49779999256134033, 0.501800000667572, 0.5034999847412109, 0.5149999856948853, 0.5339999794960022, 0.5374000072479248, 0.4489000141620636, 0.5245000123977661, 0.5424000024795532, 0.5347999930381775, 0.5120999813079834, 0.6209999918937683, 0.5996999740600586, 0.5515000224113464, 0.5722000002861023, 0.6061000227928162, 0.5999000072479248, 0.6543999910354614, 0.660099983215332, 0.6326000094413757, 0.650600016117096, 0.6288999915122986, 0.6520000100135803, 0.6421999931335449, 0.6578999757766724, 0.6575000286102295, 0.680400013923645, 0.6608999967575073, 0.6777999997138977, 0.6654000282287598, 0.6762999892234802, 0.6603999733924866, 0.684499979019165, 0.6787999868392944, 0.6718000173568726, 0.6758000254631042, 0.6859999895095825, 0.684499979019165, 0.6833999752998352, 0.6832000017166138, 0.6861000061035156, 0.6815999746322632, 0.6855000257492065, 0.683899998664856, 0.6844000220298767, 0.6850000023841858, 0.6866000294685364, 0.6883999705314636, 0.6870999932289124, 0.6858000159263611, 0.6870999932289124, 0.6884999871253967, 0.6879000067710876, 0.6870999932289124, 0.6869000196456909, 0.6866999864578247, 0.6873000264167786, 0.6876999735832214]","[3.791567087173462, 3.4859488010406494, 2.981613874435425, 2.8075430393218994, 2.543403148651123, 2.7979824542999268, 2.863569974899292, 2.632047653198242, 2.343442440032959, 2.4603676795959473, 2.549400806427002, 2.5549397468566895, 2.2959320545196533, 2.3059494495391846, 2.360231637954712, 2.280874490737915, 2.19047212600708, 2.1509034633636475, 2.802856922149658, 2.2141029834747314, 2.1911025047302246, 2.2128708362579346, 2.3899035453796387, 1.8202928304672241, 1.9287292957305908, 2.2995052337646484, 2.1744258403778076, 1.8955833911895752, 1.9210008382797241, 1.686521291732788, 1.68378746509552, 1.8475494384765625, 1.7453234195709229, 1.8387035131454468, 1.7078804969787598, 1.7951139211654663, 1.7205021381378174, 1.7323514223098755, 1.6434133052825928, 1.7117347717285156, 1.647264003753662, 1.7419568300247192, 1.657050371170044, 1.7744652032852173, 1.6169953346252441, 1.6478525400161743, 1.7098450660705566, 1.697096824645996, 1.6454886198043823, 1.6764628887176514, 1.6815965175628662, 1.678122639656067, 1.6680980920791626, 1.69100821018219, 1.6605175733566284, 1.6837371587753296, 1.6704994440078735, 1.674386739730835, 1.669821858406067, 1.6588202714920044, 1.674108624458313, 1.6755627393722534, 1.661698818206787, 1.6610021591186523, 1.6632767915725708, 1.6720240116119385, 1.669232964515686, 1.6695127487182617, 1.6730118989944458, 1.664808988571167]",0.6876999735832214,,641504940,,4048036,,,,,,0.125,0.0,0.125,88,38,400,400,0.22,0.095,False,BEST,0.9,True,True,"[[86  0  0 ...  0  0  0]
 [ 0 77  0 ...  0  0  0]
 [ 0  0 57 ...  0  3  0]
 ...
 [ 0  0  1 ... 70  0  0]
 [ 0  0  0 ...  0 48  0]
 [ 0  0  0 ...  0  0 75]]",0.6879,0.699210125,0.6879,0.688457417,5
BIQPIU[M],,6,20,19,False,False,"[14, 12, 4, 23, 43, 38, 46, 55]",[],"[{'INP': 32}, {'CONV': [64, 3]}, ({'CONV': [32, 5]}, {'CONV': [256, 3]}), ({'CONV': [32, 5]}, {'CONV': [128, 3]}, {'POOLMAX': [-1, 2]}), ({'CONV': [32, 3]}, {'CONV': [128, 3]}), ({'CONV': [64, 3]}, {'CONV': [256, 5]}, {'POOLMAX': [-1, 2]}), ({'CONV': [128, 5]}, {'CONV': [64, 5]}), ({'CONV': [128, 3]}, {'CONV': [256, 3]}, {'POOLMAX': [-1, 2]}), ({'CONV': [128, 5]}, {'CONV': [256, 3]}), ({'CONV': [256, 3]}, {'CONV': [256, 5]}, {'POOLMAX': [-1, 2]}), {'GLOBAL_AVG': None}, {'LAST_DENSE': [100, 'softmax']}]",UC,MPAR,GA,70,"[0.12540000677108765, 0.2393999993801117, 0.20839999616146088, 0.3718999922275543, 0.3801000118255615, 0.39969998598098755, 0.4424999952316284, 0.43950000405311584, 0.43639999628067017, 0.4593000113964081, 0.5077999830245972, 0.44040000438690186, 0.5411999821662903, 0.47850000858306885, 0.5184000134468079, 0.529699981212616, 0.564300000667572, 0.5339999794960022, 0.5170000195503235, 0.5687000155448914, 0.531499981880188, 0.5547999739646912, 0.5773000121116638, 0.5759999752044678, 0.6087999939918518, 0.5131000280380249, 0.5048999786376953, 0.5843999981880188, 0.6248999834060669, 0.5796999931335449, 0.5595999956130981, 0.5472999811172485, 0.6147000193595886, 0.5871000289916992, 0.6399000287055969, 0.6237999796867371, 0.6567999720573425, 0.6520000100135803, 0.6640999913215637, 0.6366999745368958, 0.6606000065803528, 0.6621000170707703, 0.656000018119812, 0.6419000029563904, 0.6912999749183655, 0.6873999834060669, 0.689300000667572, 0.6877999901771545, 0.6715999841690063, 0.670199990272522, 0.6930999755859375, 0.6919000148773193, 0.6966999769210815, 0.6909999847412109, 0.6880999803543091, 0.7077000141143799, 0.6934000253677368, 0.7020000219345093, 0.7006000280380249, 0.70660001039505, 0.7074999809265137, 0.7075999975204468, 0.7045999765396118, 0.7049999833106995, 0.7064999938011169, 0.707099974155426, 0.7064999938011169, 0.7067999839782715, 0.7037000060081482, 0.7053999900817871]","[4.059441566467285, 3.322521448135376, 3.9771969318389893, 2.738166093826294, 2.7397024631500244, 2.7411484718322754, 2.5181257724761963, 2.5754008293151855, 2.7664663791656494, 2.5900890827178955, 2.4277448654174805, 2.746737241744995, 2.2267065048217773, 2.6140317916870117, 2.502021551132202, 2.3501038551330566, 2.2049663066864014, 2.363312005996704, 2.544428825378418, 2.174011707305908, 2.475003242492676, 2.3109703063964844, 2.2399797439575195, 2.213707447052002, 2.0346274375915527, 2.583914041519165, 2.6759297847747803, 2.2158069610595703, 2.0327723026275635, 2.286539316177368, 2.4932148456573486, 2.532683849334717, 2.109452486038208, 2.288027763366699, 1.9986917972564697, 2.0404226779937744, 1.943268895149231, 1.916714072227478, 1.8451716899871826, 2.0579605102539062, 1.8941338062286377, 1.884913682937622, 1.942502498626709, 2.0133869647979736, 1.732352375984192, 1.8078747987747192, 1.7734971046447754, 1.776737093925476, 1.9270734786987305, 1.886825442314148, 1.8104404211044312, 1.7985485792160034, 1.7836171388626099, 1.8213542699813843, 1.8447191715240479, 1.7343906164169312, 1.8338392972946167, 1.778916358947754, 1.792890191078186, 1.769857406616211, 1.7791255712509155, 1.7655702829360962, 1.7790838479995728, 1.7979604005813599, 1.7942546606063843, 1.7974929809570312, 1.7994837760925293, 1.7998288869857788, 1.8171613216400146, 1.8155466318130493]",0.7053999900817871,,479526060,,6442148,,,,,,0.125,0.125,0.0,79,30,400,400,0.1975,0.075,False,BEST,1.0,True,True,"[[85  0  0 ...  0  0  0]
 [ 0 82  0 ...  0  0  0]
 [ 0  0 58 ...  0  1  0]
 ...
 [ 0  0  0 ... 72  0  0]
 [ 0  0  2 ...  0 52  0]
 [ 0  0  1 ...  0  0 73]]",0.7054,0.720249411,0.7054,0.707585169,77
BXAWW[M],,7,20,14,False,False,"[47, 31, 4, 38, 62, 27, 54, 55]",[],"[{'INP': 32}, {'CONV': [64, 3]}, ({'CONV': [128, 5]}, {'CONV': [256, 5]}), ({'CONV': [64, 5]}, {'CONV': [256, 5]}, {'POOLMAX': [-1, 2]}), ({'CONV': [32, 3]}, {'CONV': [128, 3]}), ({'CONV': [128, 3]}, {'CONV': [256, 3]}, {'POOLMAX': [-1, 2]}), ({'CONV': [256, 5]}, {'CONV': [256, 3]}), ({'CONV': [64, 5]}, {'CONV': [64, 5]}, {'POOLMAX': [-1, 2]}), ({'CONV': [256, 3]}, {'CONV': [256, 3]}), ({'CONV': [256, 3]}, {'CONV': [256, 5]}, {'POOLMAX': [-1, 2]}), {'GLOBAL_AVG': None}, {'LAST_DENSE': [100, 'softmax']}]",UC,MPAR,GA,70,"[0.08579999953508377, 0.18539999425411224, 0.2393999993801117, 0.32580000162124634, 0.3675999939441681, 0.3441999852657318, 0.4368000030517578, 0.391400009393692, 0.3799000084400177, 0.44449999928474426, 0.4749000072479248, 0.47200000286102295, 0.49619999527931213, 0.5108000040054321, 0.46209999918937683, 0.49079999327659607, 0.5388000011444092, 0.5212000012397766, 0.550000011920929, 0.5353999733924866, 0.5202999711036682, 0.4966999888420105, 0.6072999835014343, 0.6159999966621399, 0.6129000186920166, 0.5947999954223633, 0.5892999768257141, 0.6230999827384949, 0.621999979019165, 0.6291000247001648, 0.6140000224113464, 0.6302000284194946, 0.6281999945640564, 0.6195999979972839, 0.6365000009536743, 0.6624000072479248, 0.6590999960899353, 0.670799970626831, 0.6686000227928162, 0.6360999941825867, 0.6636000275611877, 0.666100025177002, 0.6694999933242798, 0.66839998960495, 0.6866000294685364, 0.682200014591217, 0.6967999935150146, 0.682699978351593, 0.6880000233650208, 0.6747000217437744, 0.6875, 0.6866000294685364, 0.6941999793052673, 0.6868000030517578, 0.6895999908447266, 0.6873999834060669, 0.6909999847412109, 0.6942999958992004, 0.6937000155448914, 0.6937999725341797, 0.6934000253677368, 0.6922000050544739, 0.6951000094413757, 0.6940000057220459, 0.6923999786376953, 0.6962000131607056, 0.6953999996185303, 0.6947000026702881, 0.6952000260353088, 0.6942999958992004]","[4.447242259979248, 3.625154972076416, 3.3966152667999268, 2.931995391845703, 2.7825140953063965, 2.9846315383911133, 2.4991698265075684, 2.896791458129883, 2.980503797531128, 2.582824230194092, 2.450108289718628, 2.4644620418548584, 2.403050422668457, 2.3144021034240723, 2.623087167739868, 2.530038595199585, 2.2229745388031006, 2.3857922554016113, 2.241091012954712, 2.33200740814209, 2.4273126125335693, 2.5659782886505127, 1.974255084991455, 1.9417240619659424, 1.957321286201477, 2.082425594329834, 2.074991226196289, 1.9341297149658203, 1.9725236892700195, 1.866247296333313, 1.9894282817840576, 1.8871537446975708, 1.9391355514526367, 1.9517097473144531, 1.8738242387771606, 1.767782211303711, 1.8190693855285645, 1.7561713457107544, 1.7409873008728027, 1.9715795516967773, 1.83036208152771, 1.7737822532653809, 1.8142129182815552, 1.7721720933914185, 1.705314040184021, 1.7429444789886475, 1.6845566034317017, 1.7418146133422852, 1.7189953327178955, 1.7765392065048218, 1.7022747993469238, 1.7533773183822632, 1.6958681344985962, 1.746039628982544, 1.7393196821212769, 1.7485991716384888, 1.7154794931411743, 1.72347092628479, 1.7418066263198853, 1.7366738319396973, 1.7488449811935425, 1.7714511156082153, 1.7346374988555908, 1.7482597827911377, 1.7611303329467773, 1.7441599369049072, 1.7478177547454834, 1.7460992336273193, 1.7537407875061035, 1.7477500438690186]",0.6942999958992004,,684010348,,3620132,,,,,,0.125,0.125,0.125,55,26,400,400,0.1375,0.065,False,BEST,0.75,True,True,"[[85  0  0 ...  0  0  0]
 [ 0 80  0 ...  0  0  0]
 [ 0  0 56 ...  0  3  0]
 ...
 [ 0  0  0 ... 71  0  0]
 [ 0  0  2 ...  0 47  0]
 [ 0  0  0 ...  0  0 72]]",0.6943,0.705364698,0.6943,0.695580324,8
BOIIFR[M],,8,20,15,False,False,"[23, 12, 7, 8, 7, 6, 39, 4]",[],"[{'INP': 32}, {'CONV': [64, 3]}, ({'CONV': [64, 3]}, {'CONV': [256, 5]}), ({'CONV': [32, 5]}, {'CONV': [128, 3]}, {'POOLMAX': [-1, 2]}), ({'CONV': [32, 3]}, {'CONV': [256, 5]}), ({'CONV': [32, 5]}, {'CONV': [32, 3]}, {'POOLMAX': [-1, 2]}), ({'CONV': [32, 3]}, {'CONV': [256, 5]}), ({'CONV': [32, 3]}, {'CONV': [256, 3]}, {'POOLMAX': [-1, 2]}), ({'CONV': [128, 3]}, {'CONV': [256, 5]}), ({'CONV': [32, 3]}, {'CONV': [128, 3]}, {'POOLMAX': [-1, 2]}), {'GLOBAL_AVG': None}, {'LAST_DENSE': [100, 'softmax']}]",UC,MPAR,GA,70,"[0.11829999834299088, 0.22619999945163727, 0.25099998712539673, 0.37059998512268066, 0.4025999903678894, 0.3984000086784363, 0.4000999927520752, 0.4372999966144562, 0.4788999855518341, 0.3767000138759613, 0.47609999775886536, 0.4401000142097473, 0.5235999822616577, 0.492000013589859, 0.47999998927116394, 0.4733000099658966, 0.51910001039505, 0.5735999941825867, 0.5630999803543091, 0.564300000667572, 0.5928999781608582, 0.5551999807357788, 0.5666000247001648, 0.5878999829292297, 0.534500002861023, 0.5734000205993652, 0.6513000130653381, 0.6236000061035156, 0.642300009727478, 0.6409000158309937, 0.6363000273704529, 0.6614999771118164, 0.6565999984741211, 0.6331999897956848, 0.6618000268936157, 0.6468999981880188, 0.6417999863624573, 0.6450999975204468, 0.6484000086784363, 0.6328999996185303, 0.6841999888420105, 0.6869000196456909, 0.6890000104904175, 0.6682000160217285, 0.6883000135421753, 0.6920999884605408, 0.690500020980835, 0.6873999834060669, 0.7046999931335449, 0.7027999758720398, 0.6929000020027161, 0.7099000215530396, 0.6978999972343445, 0.7069000005722046, 0.6959999799728394, 0.7013999819755554, 0.7049000263214111, 0.7107999920845032, 0.7074999809265137, 0.7098000049591064, 0.7092000246047974, 0.7138000130653381, 0.7141000032424927, 0.7131999731063843, 0.7139000296592712, 0.7135000228881836, 0.715499997138977, 0.7143999934196472, 0.7127000093460083, 0.7111999988555908]","[4.382676601409912, 3.512906551361084, 3.451388359069824, 2.79610276222229, 2.720560312271118, 2.739088535308838, 2.9485485553741455, 2.577641725540161, 2.4430770874023438, 3.120126485824585, 2.502366065979004, 2.738126516342163, 2.2821693420410156, 2.645122766494751, 2.486236810684204, 2.718832015991211, 2.4136617183685303, 2.1211156845092773, 2.2338614463806152, 2.237879991531372, 2.0328385829925537, 2.182547092437744, 2.185431718826294, 2.07511830329895, 2.4432456493377686, 2.192499876022339, 1.8299673795700073, 1.9390591382980347, 1.8190780878067017, 1.8381292819976807, 1.8751226663589478, 1.7455592155456543, 1.7630894184112549, 1.9585931301116943, 1.7294282913208008, 1.807202696800232, 1.8322808742523193, 1.8408560752868652, 1.9127705097198486, 1.9776192903518677, 1.700549602508545, 1.6876600980758667, 1.656937837600708, 1.7835733890533447, 1.7025128602981567, 1.6813101768493652, 1.6580599546432495, 1.686751127243042, 1.627047061920166, 1.6495440006256104, 1.6995142698287964, 1.6258567571640015, 1.6886460781097412, 1.6744111776351929, 1.7096513509750366, 1.7013646364212036, 1.6462864875793457, 1.644809365272522, 1.6575982570648193, 1.660274624824524, 1.6817831993103027, 1.6665503978729248, 1.6622685194015503, 1.6693097352981567, 1.6658177375793457, 1.6969300508499146, 1.682060718536377, 1.6675459146499634, 1.6710633039474487, 1.6776609420776367]",0.7111999988555908,,1945432236,,5436580,,,,,,0.125,0.125,0.125,32,29,400,400,0.08,0.0725,False,BEST,0.85,True,True,"[[87  0  0 ...  0  0  0]
 [ 0 84  1 ...  0  0  0]
 [ 0  0 53 ...  0  0  0]
 ...
 [ 0  0  0 ... 73  0  0]
 [ 0  0  1 ...  0 55  0]
 [ 0  0  1 ...  0  0 75]]",0.7112,0.721338038,0.7112,0.711970293,184
BSESRT[M],,9,20,18,False,False,"[16, 20, 31, 24, 46, 47, 29, 14]",[],"[{'INP': 32}, {'CONV': [64, 3]}, ({'CONV': [64, 3]}, {'CONV': [32, 3]}), ({'CONV': [64, 3]}, {'CONV': [128, 3]}, {'POOLMAX': [-1, 2]}), ({'CONV': [64, 5]}, {'CONV': [256, 5]}), ({'CONV': [64, 5]}, {'CONV': [32, 3]}, {'POOLMAX': [-1, 2]}), ({'CONV': [128, 5]}, {'CONV': [256, 3]}), ({'CONV': [128, 5]}, {'CONV': [256, 5]}, {'POOLMAX': [-1, 2]}), ({'CONV': [64, 5]}, {'CONV': [128, 5]}), ({'CONV': [32, 5]}, {'CONV': [256, 3]}, {'POOLMAX': [-1, 2]}), {'GLOBAL_AVG': None}, {'LAST_DENSE': [100, 'softmax']}]",UC,MPAR,GA,70,"[0.11010000109672546, 0.12800000607967377, 0.26809999346733093, 0.3359000086784363, 0.3862999975681305, 0.44020000100135803, 0.4099999964237213, 0.45210000872612, 0.4603999853134155, 0.47510001063346863, 0.445499986410141, 0.44209998846054077, 0.4327999949455261, 0.4860000014305115, 0.538100004196167, 0.48910000920295715, 0.5058000087738037, 0.5623999834060669, 0.5410000085830688, 0.5561000108718872, 0.5342000126838684, 0.5424000024795532, 0.5680999755859375, 0.5382999777793884, 0.5584999918937683, 0.5228000283241272, 0.5784000158309937, 0.565500020980835, 0.6358000040054321, 0.6333000063896179, 0.6367999911308289, 0.646399974822998, 0.6355999708175659, 0.6212999820709229, 0.6575999855995178, 0.6258999705314636, 0.6546000242233276, 0.6388999819755554, 0.6273999810218811, 0.6557000279426575, 0.6743000149726868, 0.6773999929428101, 0.679099977016449, 0.652400016784668, 0.6776999831199646, 0.6787999868392944, 0.6708999872207642, 0.6725999712944031, 0.673799991607666, 0.6625000238418579, 0.6913999915122986, 0.7019000053405762, 0.6935999989509583, 0.6861000061035156, 0.6974999904632568, 0.6909000277519226, 0.6958000063896179, 0.6906999945640564, 0.6970999836921692, 0.692799985408783, 0.7031000256538391, 0.6991000175476074, 0.7026000022888184, 0.7081000208854675, 0.7028999924659729, 0.7037000060081482, 0.7059999704360962, 0.705299973487854, 0.7062000036239624, 0.7027999758720398]","[4.017124176025391, 4.358928203582764, 3.201019525527954, 2.940826654434204, 2.744156837463379, 2.4824094772338867, 2.754368305206299, 2.4835081100463867, 2.520097494125366, 2.448260545730591, 2.6341772079467773, 2.8317456245422363, 2.7945525646209717, 2.5453763008117676, 2.2746474742889404, 2.5604424476623535, 2.441521644592285, 2.1928629875183105, 2.2988622188568115, 2.215174436569214, 2.3468875885009766, 2.2895944118499756, 2.153252124786377, 2.3882014751434326, 2.3308045864105225, 2.435469627380371, 2.167051076889038, 2.2604970932006836, 1.9350230693817139, 1.9168784618377686, 1.8438891172409058, 1.8316447734832764, 1.86075758934021, 1.9758533239364624, 1.7610695362091064, 1.9252712726593018, 1.7929271459579468, 1.9277667999267578, 1.9931437969207764, 1.7707008123397827, 1.7447123527526855, 1.7474747896194458, 1.73335599899292, 1.8917670249938965, 1.7028658390045166, 1.749111294746399, 1.7507742643356323, 1.7537810802459717, 1.766311764717102, 1.7819291353225708, 1.6730996370315552, 1.629673719406128, 1.6804293394088745, 1.7117576599121094, 1.6758537292480469, 1.7254353761672974, 1.6901310682296753, 1.719978928565979, 1.6712714433670044, 1.7120113372802734, 1.678421139717102, 1.694258451461792, 1.6617785692214966, 1.6496340036392212, 1.674914836883545, 1.6772640943527222, 1.6692506074905396, 1.6659914255142212, 1.6676480770111084, 1.6690820455551147]",0.7027999758720398,,588417068,,4364708,,,,,,0.25,0.0,0.125,79,30,400,400,0.1975,0.075,False,BEST,1.0,True,True,"[[86  0  0 ...  0  0  0]
 [ 0 83  0 ...  0  0  0]
 [ 0  0 59 ...  0  1  0]
 ...
 [ 0  0  0 ... 71  0  0]
 [ 0  0  1 ...  0 44  0]
 [ 0  0  1 ...  0  0 73]]",0.7028,0.717516344,0.7028,0.704333461,57
BJFNZQ[M],,10,20,17,False,False,"[51, 12, 44, 12, 53, 20, 18, 4]",[],"[{'INP': 32}, {'CONV': [64, 3]}, ({'CONV': [256, 3]}, {'CONV': [64, 5]}), ({'CONV': [32, 5]}, {'CONV': [128, 3]}, {'POOLMAX': [-1, 2]}), ({'CONV': [128, 5]}, {'CONV': [128, 3]}), ({'CONV': [32, 5]}, {'CONV': [128, 3]}, {'POOLMAX': [-1, 2]}), ({'CONV': [256, 3]}, {'CONV': [128, 5]}), ({'CONV': [64, 3]}, {'CONV': [128, 3]}, {'POOLMAX': [-1, 2]}), ({'CONV': [64, 3]}, {'CONV': [64, 3]}), ({'CONV': [32, 3]}, {'CONV': [128, 3]}, {'POOLMAX': [-1, 2]}), {'GLOBAL_AVG': None}, {'LAST_DENSE': [100, 'softmax']}]",UC,MPAR,GA,70,"[0.0966000035405159, 0.1712000072002411, 0.1965000033378601, 0.34279999136924744, 0.3151000142097473, 0.35929998755455017, 0.44859999418258667, 0.4415999948978424, 0.4830000102519989, 0.4490000009536743, 0.475600004196167, 0.4715000092983246, 0.46560001373291016, 0.49790000915527344, 0.5782999992370605, 0.590399980545044, 0.5755000114440918, 0.5763999819755554, 0.5910000205039978, 0.5892999768257141, 0.5543000102043152, 0.5613999962806702, 0.5877000093460083, 0.5753999948501587, 0.6363999843597412, 0.6496999859809875, 0.6353999972343445, 0.6528000235557556, 0.6385999917984009, 0.6462000012397766, 0.6439999938011169, 0.6489999890327454, 0.6575999855995178, 0.6764000058174133, 0.6656000018119812, 0.6735000014305115, 0.6779000163078308, 0.6686000227928162, 0.6751999855041504, 0.6826000213623047, 0.6905999779701233, 0.6851999759674072, 0.6963000297546387, 0.6933000087738037, 0.685699999332428, 0.6840000152587891, 0.6886000037193298, 0.6873000264167786, 0.6931999921798706, 0.6920999884605408, 0.6898999810218811, 0.6920999884605408, 0.6931999921798706, 0.6915000081062317, 0.6948999762535095, 0.6944000124931335, 0.6951000094413757, 0.6931999921798706, 0.6970999836921692, 0.695900022983551, 0.695900022983551, 0.6945000290870667, 0.6955000162124634, 0.6937999725341797, 0.6945000290870667, 0.6963000297546387, 0.6959999799728394, 0.6963000297546387, 0.6966000199317932, 0.6962000131607056]","[4.154614448547363, 3.7374331951141357, 3.936687469482422, 2.8496034145355225, 3.053025960922241, 2.826785087585449, 2.439204692840576, 2.49272084236145, 2.3360719680786133, 2.5242362022399902, 2.389158248901367, 2.440415143966675, 2.622385025024414, 2.351409673690796, 1.9758983850479126, 1.9072275161743164, 2.027935266494751, 1.9883761405944824, 1.9041686058044434, 1.944088101387024, 2.183504581451416, 2.1756629943847656, 1.95414400100708, 2.09053635597229, 1.7479743957519531, 1.6811898946762085, 1.7569117546081543, 1.6720163822174072, 1.7404491901397705, 1.7110408544540405, 1.6984000205993652, 1.7213828563690186, 1.6771906614303589, 1.5818092823028564, 1.6346980333328247, 1.600287675857544, 1.5824902057647705, 1.6534112691879272, 1.63218355178833, 1.6043007373809814, 1.5446884632110596, 1.5772968530654907, 1.5379421710968018, 1.5716776847839355, 1.5894891023635864, 1.5890934467315674, 1.5840234756469727, 1.5863264799118042, 1.5731476545333862, 1.567678451538086, 1.5896258354187012, 1.57838773727417, 1.5714921951293945, 1.5753711462020874, 1.5734198093414307, 1.5761929750442505, 1.5664535760879517, 1.5794389247894287, 1.5721864700317383, 1.5745465755462646, 1.5807268619537354, 1.5776671171188354, 1.5771106481552124, 1.5749993324279785, 1.5826550722122192, 1.5739716291427612, 1.5798486471176147, 1.5718872547149658, 1.5713855028152466, 1.5745457410812378]",0.6962000131607056,,521995180,,2272932,,,,,,0.125,0.25,0.125,51,27,400,400,0.1275,0.0675,False,BEST,1.0,True,True,"[[87  0  0 ...  0  0  0]
 [ 0 84  0 ...  0  0  0]
 [ 0  0 59 ...  0  4  0]
 ...
 [ 0  0  0 ... 70  0  0]
 [ 0  0  3 ...  0 53  0]
 [ 0  0  0 ...  0  0 71]]",0.6961,0.70730411,0.6961,0.696574315,13
BSWSDA[M],,11,20,15,False,False,"[38, 25, 26, 38, 39, 38, 13, 22]",[],"[{'INP': 32}, {'CONV': [64, 3]}, ({'CONV': [128, 3]}, {'CONV': [256, 3]}), ({'CONV': [64, 5]}, {'CONV': [32, 5]}, {'POOLMAX': [-1, 2]}), ({'CONV': [64, 5]}, {'CONV': [64, 3]}), ({'CONV': [128, 3]}, {'CONV': [256, 3]}, {'POOLMAX': [-1, 2]}), ({'CONV': [128, 3]}, {'CONV': [256, 5]}), ({'CONV': [128, 3]}, {'CONV': [256, 3]}, {'POOLMAX': [-1, 2]}), ({'CONV': [32, 5]}, {'CONV': [128, 5]}), ({'CONV': [64, 3]}, {'CONV': [256, 3]}, {'POOLMAX': [-1, 2]}), {'GLOBAL_AVG': None}, {'LAST_DENSE': [100, 'softmax']}]",UC,MPAR,GA,70,"[0.09200000017881393, 0.18690000474452972, 0.24969999492168427, 0.2816999852657318, 0.3149999976158142, 0.38350000977516174, 0.3580000102519989, 0.3758000135421753, 0.3709000051021576, 0.45100000500679016, 0.43939998745918274, 0.43849998712539673, 0.4300000071525574, 0.48840001225471497, 0.4417000114917755, 0.46560001373291016, 0.4702000021934509, 0.4487999975681305, 0.499099999666214, 0.5748999714851379, 0.5612000226974487, 0.5702000260353088, 0.5972999930381775, 0.560699999332428, 0.5601999759674072, 0.5873000025749207, 0.5978999733924866, 0.5519999861717224, 0.5828999876976013, 0.6134999990463257, 0.5989999771118164, 0.6140000224113464, 0.652400016784668, 0.6391000151634216, 0.6391000151634216, 0.6549000144004822, 0.6503999829292297, 0.6323999762535095, 0.6571000218391418, 0.6492999792098999, 0.6531999707221985, 0.6678000092506409, 0.6675999760627747, 0.6740000247955322, 0.6690999865531921, 0.6686000227928162, 0.676800012588501, 0.646399974822998, 0.6782000064849854, 0.6620000004768372, 0.6773999929428101, 0.671500027179718, 0.6783000230789185, 0.6848999857902527, 0.683899998664856, 0.6840000152587891, 0.6777999997138977, 0.6883999705314636, 0.6873000264167786, 0.6865000128746033, 0.6872000098228455, 0.6866000294685364, 0.6879000067710876, 0.6890000104904175, 0.6880000233650208, 0.6894999742507935, 0.6862999796867371, 0.6902999877929688, 0.6912000179290771, 0.6912999749183655]","[4.169990062713623, 3.548866033554077, 3.164222002029419, 3.0950005054473877, 2.9734175205230713, 2.6826171875, 2.7975823879241943, 2.7365670204162598, 2.779726982116699, 2.483105421066284, 2.5093741416931152, 2.5643560886383057, 2.62073016166687, 2.3217461109161377, 2.6158993244171143, 2.4690887928009033, 2.444423198699951, 2.6734821796417236, 2.3684494495391846, 2.0203635692596436, 2.106096029281616, 2.0056967735290527, 1.9466201066970825, 2.1386258602142334, 2.1416893005371094, 1.9476991891860962, 1.8881113529205322, 2.1975014209747314, 2.0037589073181152, 1.9104855060577393, 2.0092813968658447, 1.8927911520004272, 1.7069140672683716, 1.7948484420776367, 1.7918773889541626, 1.7046241760253906, 1.7510303258895874, 1.837720513343811, 1.7204402685165405, 1.7454980611801147, 1.7176451683044434, 1.6718924045562744, 1.7173662185668945, 1.6605234146118164, 1.7244102954864502, 1.7161204814910889, 1.6489968299865723, 1.8851872682571411, 1.6676007509231567, 1.7607812881469727, 1.6519585847854614, 1.7007310390472412, 1.6682871580123901, 1.651688814163208, 1.6665173768997192, 1.660019874572754, 1.722562551498413, 1.6380367279052734, 1.661271333694458, 1.6623204946517944, 1.680812120437622, 1.6594510078430176, 1.663255214691162, 1.6501718759536743, 1.6586146354675293, 1.65626859664917, 1.6716164350509644, 1.668389081954956, 1.662903070449829, 1.6671874523162842]",0.6912999749183655,,871491820,,5323300,,,,,,0.25,0.375,0.0,62,32,400,400,0.155,0.08,False,BEST,0.9,True,True,"[[87  0  0 ...  0  0  0]
 [ 0 80  0 ...  0  0  0]
 [ 0  0 60 ...  0  2  0]
 ...
 [ 0  0  0 ... 69  0  0]
 [ 0  0  3 ...  0 58  0]
 [ 0  0  0 ...  0  0 71]]",0.6913,0.70311227,0.6913,0.692368909,34
BPEFUH[M],,12,20,17,False,False,"[34, 3, 18, 20, 6, 12, 23, 39]",[],"[{'INP': 32}, {'CONV': [64, 3]}, ({'CONV': [128, 3]}, {'CONV': [64, 3]}), ({'CONV': [32, 3]}, {'CONV': [64, 5]}, {'POOLMAX': [-1, 2]}), ({'CONV': [64, 3]}, {'CONV': [64, 3]}), ({'CONV': [64, 3]}, {'CONV': [128, 3]}, {'POOLMAX': [-1, 2]}), ({'CONV': [32, 3]}, {'CONV': [256, 3]}), ({'CONV': [32, 5]}, {'CONV': [128, 3]}, {'POOLMAX': [-1, 2]}), ({'CONV': [64, 3]}, {'CONV': [256, 5]}), ({'CONV': [128, 3]}, {'CONV': [256, 5]}, {'POOLMAX': [-1, 2]}), {'GLOBAL_AVG': None}, {'LAST_DENSE': [100, 'softmax']}]",UC,MPAR,GA,70,"[0.11129999905824661, 0.19769999384880066, 0.2953999936580658, 0.3077000081539154, 0.34700000286102295, 0.4059999883174896, 0.390500009059906, 0.47530001401901245, 0.45750001072883606, 0.47589999437332153, 0.46779999136924744, 0.48649999499320984, 0.47929999232292175, 0.5055999755859375, 0.534500002861023, 0.5081999897956848, 0.5228000283241272, 0.5439000129699707, 0.4823000133037567, 0.5027999877929688, 0.4733000099658966, 0.5605999827384949, 0.5396000146865845, 0.5562000274658203, 0.5501000285148621, 0.5656999945640564, 0.5879999995231628, 0.5523999929428101, 0.5795000195503235, 0.5716999769210815, 0.5507000088691711, 0.5145000219345093, 0.6259999871253967, 0.6425999999046326, 0.6328999996185303, 0.6402000188827515, 0.6495000123977661, 0.6365000009536743, 0.6567999720573425, 0.6351000070571899, 0.6449999809265137, 0.6682000160217285, 0.6532999873161316, 0.6644999980926514, 0.6604999899864197, 0.6725999712944031, 0.657800018787384, 0.6574000120162964, 0.6586999893188477, 0.6571000218391418, 0.6462000012397766, 0.6877999901771545, 0.6603999733924866, 0.6780999898910522, 0.6841999888420105, 0.6710000038146973, 0.7056000232696533, 0.7013999819755554, 0.6998000144958496, 0.6995000243186951, 0.7060999870300293, 0.6916000247001648, 0.6988000273704529, 0.7069000005722046, 0.7077999711036682, 0.705299973487854, 0.7039999961853027, 0.7103000283241272, 0.7069000005722046, 0.7077000141143799]","[4.138648986816406, 3.873929738998413, 3.113842010498047, 3.325739860534668, 3.0161616802215576, 2.773392677307129, 2.8474700450897217, 2.4346959590911865, 2.541922092437744, 2.4534108638763428, 2.5463180541992188, 2.3990097045898438, 2.5236148834228516, 2.379690170288086, 2.2605180740356445, 2.4081907272338867, 2.337454080581665, 2.2117090225219727, 2.5851595401763916, 2.52801513671875, 2.732956647872925, 2.2065861225128174, 2.3297338485717773, 2.2658724784851074, 2.2799863815307617, 2.201821804046631, 2.145376443862915, 2.3859024047851562, 2.175654411315918, 2.2182276248931885, 2.351470470428467, 2.5717616081237793, 1.9457017183303833, 1.8889070749282837, 1.914078950881958, 1.8541529178619385, 1.7973353862762451, 1.9479291439056396, 1.7675753831863403, 1.9352220296859741, 1.8454786539077759, 1.7382750511169434, 1.8228135108947754, 1.795226812362671, 1.8133798837661743, 1.7068712711334229, 1.8374890089035034, 1.886513113975525, 1.7961535453796387, 1.8199028968811035, 1.912789225578308, 1.7314159870147705, 1.9340271949768066, 1.7601299285888672, 1.7344919443130493, 1.8039262294769287, 1.635941743850708, 1.6774351596832275, 1.6607555150985718, 1.6773662567138672, 1.6661077737808228, 1.7462103366851807, 1.7132540941238403, 1.6685999631881714, 1.6576132774353027, 1.678170084953308, 1.6790817975997925, 1.6599102020263672, 1.661547064781189, 1.6617107391357422]",0.7077000141143799,,2301178220,,8058148,,,,,,0.125,0.125,0.0,71,22,400,400,0.1775,0.055,False,BEST,1.0,True,True,"[[88  0  0 ...  0  0  0]
 [ 0 83  0 ...  0  0  0]
 [ 0  1 52 ...  0  2  0]
 ...
 [ 0  0  0 ... 64  0  0]
 [ 0  0  4 ...  0 54  0]
 [ 0  0  0 ...  0  0 72]]",0.7076,0.720977584,0.7076,0.708985744,31
BCHXFS[M],,13,20,16,False,False,"[34, 7, 39, 55, 46, 38, 39, 22]",[],"[{'INP': 32}, {'CONV': [64, 3]}, ({'CONV': [128, 3]}, {'CONV': [64, 3]}), ({'CONV': [32, 3]}, {'CONV': [256, 5]}, {'POOLMAX': [-1, 2]}), ({'CONV': [128, 3]}, {'CONV': [256, 5]}), ({'CONV': [256, 3]}, {'CONV': [256, 5]}, {'POOLMAX': [-1, 2]}), ({'CONV': [128, 5]}, {'CONV': [256, 3]}), ({'CONV': [128, 3]}, {'CONV': [256, 3]}, {'POOLMAX': [-1, 2]}), ({'CONV': [128, 3]}, {'CONV': [256, 5]}), ({'CONV': [64, 3]}, {'CONV': [256, 3]}, {'POOLMAX': [-1, 2]}), {'GLOBAL_AVG': None}, {'LAST_DENSE': [100, 'softmax']}]",UC,MPAR,GA,70,"[0.09229999780654907, 0.19900000095367432, 0.25940001010894775, 0.3495999872684479, 0.3398999869823456, 0.4334999918937683, 0.46149998903274536, 0.4165000021457672, 0.39239999651908875, 0.5242999792098999, 0.4778999984264374, 0.5264999866485596, 0.5418999791145325, 0.5073999762535095, 0.5327000021934509, 0.5376999974250793, 0.47609999775886536, 0.5444999933242798, 0.6136999726295471, 0.5760999917984009, 0.6158000230789185, 0.6344000101089478, 0.6345000267028809, 0.5993000268936157, 0.6306999921798706, 0.6452000141143799, 0.640999972820282, 0.5958999991416931, 0.6236000061035156, 0.6535000205039978, 0.6159999966621399, 0.6474000215530396, 0.6161999702453613, 0.6272000074386597, 0.6473000049591064, 0.6809999942779541, 0.6879000067710876, 0.6912000179290771, 0.6884999871253967, 0.6952000260353088, 0.6628000140190125, 0.6844000220298767, 0.6715999841690063, 0.6617000102996826, 0.6840999722480774, 0.7085999846458435, 0.7088000178337097, 0.7046999931335449, 0.7124999761581421, 0.7093999981880188, 0.7038000226020813, 0.6944000124931335, 0.7146999835968018, 0.7088000178337097, 0.7192000150680542, 0.7213000059127808, 0.7249000072479248, 0.7172999978065491, 0.7192999720573425, 0.7196000218391418, 0.7170000076293945, 0.7166000008583069, 0.7210999727249146, 0.71670001745224, 0.7224000096321106, 0.7217000126838684, 0.7228000164031982, 0.724399983882904, 0.7242000102996826, 0.7224000096321106]","[4.384169578552246, 3.7385191917419434, 3.409771203994751, 2.8966634273529053, 3.0759334564208984, 2.636370897293091, 2.5519120693206787, 2.7897770404815674, 2.971356153488159, 2.320730686187744, 2.607604742050171, 2.3581702709198, 2.286695957183838, 2.4826579093933105, 2.3189001083374023, 2.3656909465789795, 2.8399674892425537, 2.3394711017608643, 2.008798360824585, 2.229645252227783, 1.976256251335144, 1.8879597187042236, 1.9013347625732422, 2.031358242034912, 1.8943783044815063, 1.8560566902160645, 1.8927264213562012, 2.2116897106170654, 1.9908416271209717, 1.8375914096832275, 2.033076763153076, 1.8746691942214966, 2.0294549465179443, 2.025794267654419, 1.8997304439544678, 1.7880678176879883, 1.713813066482544, 1.7356462478637695, 1.779272437095642, 1.6966218948364258, 1.903098464012146, 1.767316460609436, 1.8744709491729736, 1.8937101364135742, 1.8221838474273682, 1.6953635215759277, 1.7051026821136475, 1.7602661848068237, 1.684263825416565, 1.7256990671157837, 1.7333412170410156, 1.8493646383285522, 1.711093783378601, 1.732229471206665, 1.7134945392608643, 1.705581784248352, 1.6743261814117432, 1.722516655921936, 1.7233318090438843, 1.7328877449035645, 1.7660070657730103, 1.7378792762756348, 1.7229548692703247, 1.7699718475341797, 1.742982268333435, 1.7439794540405273, 1.7485957145690918, 1.736555814743042, 1.7455328702926636, 1.7638893127441406]",0.7224000096321106,,884090732,,6537508,,,,,,0.375,0.125,0.0,90,22,400,400,0.225,0.055,False,BEST,1.0,True,True,"[[86  0  0 ...  0  0  0]
 [ 0 84  0 ...  0  0  0]
 [ 0  2 57 ...  0  2  0]
 ...
 [ 0  0  0 ... 71  0  0]
 [ 0  0  1 ...  0 51  0]
 [ 0  0  1 ...  0  0 70]]",0.7224,0.73466736,0.7224,0.723779955,1
BSKCCN[M],,14,20,14,False,False,"[14, 14, 20, 58, 37, 55, 63, 14]",[],"[{'INP': 32}, {'CONV': [64, 3]}, ({'CONV': [32, 5]}, {'CONV': [256, 3]}), ({'CONV': [32, 5]}, {'CONV': [256, 3]}, {'POOLMAX': [-1, 2]}), ({'CONV': [64, 3]}, {'CONV': [128, 3]}), ({'CONV': [256, 5]}, {'CONV': [64, 3]}, {'POOLMAX': [-1, 2]}), ({'CONV': [128, 3]}, {'CONV': [128, 5]}), ({'CONV': [256, 3]}, {'CONV': [256, 5]}, {'POOLMAX': [-1, 2]}), ({'CONV': [256, 5]}, {'CONV': [256, 5]}), ({'CONV': [32, 5]}, {'CONV': [256, 3]}, {'POOLMAX': [-1, 2]}), {'GLOBAL_AVG': None}, {'LAST_DENSE': [100, 'softmax']}]",UC,MPAR,GA,70,"[0.11980000138282776, 0.19429999589920044, 0.32109999656677246, 0.2540000081062317, 0.33079999685287476, 0.4212999939918518, 0.4036000072956085, 0.4171999990940094, 0.48410001397132874, 0.42399999499320984, 0.46630001068115234, 0.5133000016212463, 0.5295000076293945, 0.4700999855995178, 0.48030000925064087, 0.5149000287055969, 0.5260000228881836, 0.5221999883651733, 0.5626999735832214, 0.6060000061988831, 0.5554999709129333, 0.5882999897003174, 0.5841000080108643, 0.6168000102043152, 0.6195999979972839, 0.6159999966621399, 0.5936999917030334, 0.6227999925613403, 0.5422000288963318, 0.6037999987602234, 0.6597999930381775, 0.6504999995231628, 0.6416000127792358, 0.6552000045776367, 0.6553000211715698, 0.6413999795913696, 0.6644999980926514, 0.6820999979972839, 0.671500027179718, 0.6754999756813049, 0.676800012588501, 0.6626999974250793, 0.6773999929428101, 0.690500020980835, 0.6848000288009644, 0.6845999956130981, 0.6793000102043152, 0.6796000003814697, 0.6869000196456909, 0.6923999786376953, 0.685699999332428, 0.6901999711990356, 0.6945000290870667, 0.6888999938964844, 0.6873000264167786, 0.692799985408783, 0.6970000267028809, 0.6935999989509583, 0.6955999732017517, 0.6935999989509583, 0.696399986743927, 0.694599986076355, 0.6980999708175659, 0.6953999996185303, 0.694599986076355, 0.6970000267028809, 0.6952999830245972, 0.6960999965667725, 0.6951000094413757, 0.6972000002861023]","[4.027580738067627, 3.6205596923828125, 2.9852049350738525, 3.9620749950408936, 3.1635587215423584, 2.734820604324341, 2.7797961235046387, 2.7944157123565674, 2.4021918773651123, 2.7160282135009766, 2.5938100814819336, 2.308152914047241, 2.2347607612609863, 2.5394527912139893, 2.632286787033081, 2.33770751953125, 2.297960042953491, 2.3104212284088135, 2.153808116912842, 1.9243195056915283, 2.120814085006714, 1.9959919452667236, 2.096080780029297, 1.8494552373886108, 1.8163762092590332, 1.8612449169158936, 2.012643814086914, 1.8227472305297852, 2.306631326675415, 1.9310415983200073, 1.6802361011505127, 1.7402900457382202, 1.7384341955184937, 1.722853660583496, 1.7175712585449219, 1.8373894691467285, 1.7105969190597534, 1.597829818725586, 1.6829558610916138, 1.6775453090667725, 1.6385290622711182, 1.7381062507629395, 1.6534383296966553, 1.5805996656417847, 1.621450662612915, 1.6184771060943604, 1.6312544345855713, 1.6325595378875732, 1.6020920276641846, 1.571507215499878, 1.6231334209442139, 1.6183189153671265, 1.5818132162094116, 1.605303406715393, 1.6186091899871826, 1.596276044845581, 1.581708312034607, 1.6011615991592407, 1.581481695175171, 1.5953786373138428, 1.5831539630889893, 1.5921558141708374, 1.5827529430389404, 1.5914227962493896, 1.5854142904281616, 1.583458662033081, 1.5865654945373535, 1.583099365234375, 1.5919528007507324, 1.5881325006484985]",0.6972000002861023,,649759980,,4348452,,,,,,0.25,0.125,0.0,72,29,400,400,0.18,0.0725,False,BEST,1.0,True,True,"[[85  0  0 ...  0  0  0]
 [ 0 82  0 ...  0  0  0]
 [ 0  0 60 ...  0  2  0]
 ...
 [ 0  0  0 ... 73  1  0]
 [ 0  0  2 ...  0 52  1]
 [ 0  0  0 ...  0  0 70]]",0.6973,0.708353722,0.6973,0.698109015,165
BWEYGD[M],,15,20,11,False,False,"[14, 22, 52, 38, 47, 47, 36, 31]",[],"[{'INP': 32}, {'CONV': [64, 3]}, ({'CONV': [32, 5]}, {'CONV': [256, 3]}), ({'CONV': [64, 3]}, {'CONV': [256, 3]}, {'POOLMAX': [-1, 2]}), ({'CONV': [256, 3]}, {'CONV': [128, 3]}), ({'CONV': [128, 3]}, {'CONV': [256, 3]}, {'POOLMAX': [-1, 2]}), ({'CONV': [128, 5]}, {'CONV': [256, 5]}), ({'CONV': [128, 5]}, {'CONV': [256, 5]}, {'POOLMAX': [-1, 2]}), ({'CONV': [128, 3]}, {'CONV': [128, 3]}), ({'CONV': [64, 5]}, {'CONV': [256, 5]}, {'POOLMAX': [-1, 2]}), {'GLOBAL_AVG': None}, {'LAST_DENSE': [100, 'softmax']}]",UC,MPAR,GA,70,"[0.09950000047683716, 0.20649999380111694, 0.20649999380111694, 0.3061000108718872, 0.29030001163482666, 0.3172000050544739, 0.40619999170303345, 0.4607999920845032, 0.48179998993873596, 0.4839000105857849, 0.4408999979496002, 0.47350001335144043, 0.5163000226020813, 0.4602000117301941, 0.4851999878883362, 0.5277000069618225, 0.5317999720573425, 0.5429999828338623, 0.5317999720573425, 0.5074999928474426, 0.5260000228881836, 0.515999972820282, 0.5368000268936157, 0.6171000003814697, 0.6261000037193298, 0.642799973487854, 0.6033999919891357, 0.6166999936103821, 0.5515000224113464, 0.6101999878883362, 0.6266999840736389, 0.6585000157356262, 0.6420000195503235, 0.6685000061988831, 0.6668000221252441, 0.6564000248908997, 0.6589999794960022, 0.652999997138977, 0.6624000072479248, 0.6751999855041504, 0.677299976348877, 0.6852999925613403, 0.6796000003814697, 0.6664999723434448, 0.6726999878883362, 0.6850000023841858, 0.6715999841690063, 0.6855999827384949, 0.6868000030517578, 0.6890000104904175, 0.675000011920929, 0.6870999932289124, 0.6899999976158142, 0.6926000118255615, 0.6940000057220459, 0.6894000172615051, 0.689300000667572, 0.692300021648407, 0.6955000162124634, 0.6942999958992004, 0.6937000155448914, 0.6945000290870667, 0.6967999935150146, 0.6949999928474426, 0.694599986076355, 0.694100022315979, 0.6966999769210815, 0.6947000026702881, 0.6937999725341797, 0.6963000297546387]","[4.140872955322266, 3.559382438659668, 3.838179349899292, 3.0531744956970215, 3.1412079334259033, 3.3240139484405518, 2.6997997760772705, 2.4328298568725586, 2.3450493812561035, 2.337709426879883, 2.610513687133789, 2.4419174194335938, 2.2412912845611572, 2.6109769344329834, 2.4650185108184814, 2.2128849029541016, 2.2386810779571533, 2.1669514179229736, 2.2074875831604004, 2.439954996109009, 2.2958109378814697, 2.3458402156829834, 2.2756597995758057, 1.9040040969848633, 1.8373804092407227, 1.7695066928863525, 1.95512056350708, 1.8610873222351074, 2.3227334022521973, 1.9058645963668823, 1.8505662679672241, 1.7007536888122559, 1.7808321714401245, 1.6672414541244507, 1.667823076248169, 1.731563925743103, 1.6804386377334595, 1.7262510061264038, 1.6762503385543823, 1.6490410566329956, 1.6145470142364502, 1.5744123458862305, 1.6191792488098145, 1.6896990537643433, 1.6349773406982422, 1.6030783653259277, 1.688164472579956, 1.5679383277893066, 1.5958894491195679, 1.5807429552078247, 1.6657816171646118, 1.590653896331787, 1.5823053121566772, 1.5721763372421265, 1.5827915668487549, 1.6049786806106567, 1.598708152770996, 1.6023788452148438, 1.5757757425308228, 1.5857341289520264, 1.5855156183242798, 1.5825450420379639, 1.5871027708053589, 1.590406894683838, 1.5890114307403564, 1.5977226495742798, 1.5772414207458496, 1.5975408554077148, 1.5893739461898804, 1.5842756032943726]",0.6963000297546387,,1145244716,,4264356,,,,,,0.375,0.375,0.125,74,27,400,400,0.185,0.0675,False,BEST,0.9,True,True,"[[84  0  0 ...  0  0  0]
 [ 0 74  1 ...  0  0  1]
 [ 0  0 63 ...  0  3  0]
 ...
 [ 0  0  0 ... 66  1  0]
 [ 0  0  3 ...  0 49  0]
 [ 0  0  0 ...  0  0 72]]",0.6963,0.708581536,0.6963,0.697002462,87
BDTWLD[M],,16,20,17,False,False,"[25, 36, 4, 58, 53, 63, 49, 55]",[],"[{'INP': 32}, {'CONV': [64, 3]}, ({'CONV': [64, 5]}, {'CONV': [32, 5]}), ({'CONV': [128, 3]}, {'CONV': [128, 3]}, {'POOLMAX': [-1, 2]}), ({'CONV': [32, 3]}, {'CONV': [128, 3]}), ({'CONV': [256, 5]}, {'CONV': [64, 3]}, {'POOLMAX': [-1, 2]}), ({'CONV': [256, 3]}, {'CONV': [128, 5]}), ({'CONV': [256, 5]}, {'CONV': [256, 5]}, {'POOLMAX': [-1, 2]}), ({'CONV': [256, 3]}, {'CONV': [32, 5]}), ({'CONV': [256, 3]}, {'CONV': [256, 5]}, {'POOLMAX': [-1, 2]}), {'GLOBAL_AVG': None}, {'LAST_DENSE': [100, 'softmax']}]",UC,MPAR,GA,70,"[0.09880000352859497, 0.20110000669956207, 0.28189998865127563, 0.30480000376701355, 0.34689998626708984, 0.3537999987602234, 0.4426000118255615, 0.428600013256073, 0.4343999922275543, 0.4268999993801117, 0.4715000092983246, 0.47839999198913574, 0.5299000144004822, 0.5462999939918518, 0.5532000064849854, 0.475600004196167, 0.4528999924659729, 0.5569999814033508, 0.5504000186920166, 0.5145000219345093, 0.6115999817848206, 0.6215000152587891, 0.6032000184059143, 0.6029999852180481, 0.6280999779701233, 0.618399977684021, 0.6037999987602234, 0.595300018787384, 0.5888000130653381, 0.6089000105857849, 0.6722999811172485, 0.6694999933242798, 0.6617000102996826, 0.6796000003814697, 0.6793000102043152, 0.6565999984741211, 0.6825000047683716, 0.6728000044822693, 0.6782000064849854, 0.6729999780654907, 0.6739000082015991, 0.6725000143051147, 0.6905999779701233, 0.6916000247001648, 0.6904000043869019, 0.6894999742507935, 0.6888999938964844, 0.6962000131607056, 0.7026000022888184, 0.7008000016212463, 0.6953999996185303, 0.7042999863624573, 0.6965000033378601, 0.7034000158309937, 0.7050999999046326, 0.7073000073432922, 0.7060999870300293, 0.7067000269889832, 0.7059000134468079, 0.710099995136261, 0.7078999876976013, 0.7095999717712402, 0.708899974822998, 0.7084000110626221, 0.7099999785423279, 0.7078999876976013, 0.7089999914169312, 0.7092000246047974, 0.7081000208854675, 0.7091000080108643]","[4.50615119934082, 3.6736414432525635, 3.125753402709961, 3.1979806423187256, 3.0359697341918945, 2.9612512588500977, 2.581784248352051, 2.6756038665771484, 2.6221659183502197, 2.7592904567718506, 2.508344888687134, 2.4283413887023926, 2.233736038208008, 2.1702635288238525, 2.160393476486206, 2.6239829063415527, 2.7333078384399414, 2.2011280059814453, 2.293816566467285, 2.463312864303589, 1.9281994104385376, 1.9303866624832153, 1.9867231845855713, 1.9595093727111816, 1.8627662658691406, 1.8916633129119873, 1.9764997959136963, 2.0608348846435547, 2.1312103271484375, 1.9638234376907349, 1.726290225982666, 1.723141074180603, 1.7629115581512451, 1.6725698709487915, 1.6792802810668945, 1.8183369636535645, 1.6512420177459717, 1.7287864685058594, 1.7136003971099854, 1.7309362888336182, 1.728379487991333, 1.7584091424942017, 1.6982073783874512, 1.6820476055145264, 1.703837513923645, 1.6754097938537598, 1.6866540908813477, 1.6889376640319824, 1.6491472721099854, 1.701027750968933, 1.7218835353851318, 1.6864925622940063, 1.7304974794387817, 1.6944785118103027, 1.687229871749878, 1.6796704530715942, 1.7105238437652588, 1.7110592126846313, 1.705629825592041, 1.6980243921279907, 1.709782600402832, 1.7017419338226318, 1.7059454917907715, 1.7170159816741943, 1.7008010149002075, 1.7117598056793213, 1.706554889678955, 1.7067019939422607, 1.7106845378875732, 1.7065349817276]",0.7091000080108643,,995043820,,6006820,,,,,,0.125,0.125,0.0,104,26,400,400,0.26,0.065,False,BEST,1.0,True,True,"[[86  0  1 ...  0  0  0]
 [ 0 79  0 ...  0  0  0]
 [ 0  0 61 ...  0  5  0]
 ...
 [ 0  0  0 ... 72  0  0]
 [ 1  0  3 ...  1 56  2]
 [ 0  0  0 ...  0  0 69]]",0.7091,0.72013365,0.7091,0.710055012,108
BFUPVR[M],,17,20,19,False,False,"[14, 28, 29, 16, 6, 6, 28, 7]",[],"[{'INP': 32}, {'CONV': [64, 3]}, ({'CONV': [32, 5]}, {'CONV': [256, 3]}), ({'CONV': [64, 5]}, {'CONV': [128, 3]}, {'POOLMAX': [-1, 2]}), ({'CONV': [64, 5]}, {'CONV': [128, 5]}), ({'CONV': [64, 3]}, {'CONV': [32, 3]}, {'POOLMAX': [-1, 2]}), ({'CONV': [32, 3]}, {'CONV': [256, 3]}), ({'CONV': [32, 3]}, {'CONV': [256, 3]}, {'POOLMAX': [-1, 2]}), ({'CONV': [64, 5]}, {'CONV': [128, 3]}), ({'CONV': [32, 3]}, {'CONV': [256, 5]}, {'POOLMAX': [-1, 2]}), {'GLOBAL_AVG': None}, {'LAST_DENSE': [100, 'softmax']}]",UC,MPAR,GA,70,"[0.09319999814033508, 0.16539999842643738, 0.2973000109195709, 0.3352000117301941, 0.33219999074935913, 0.3677000105381012, 0.39750000834465027, 0.35249999165534973, 0.4650000035762787, 0.43230000138282776, 0.4544999897480011, 0.4781000018119812, 0.4388999938964844, 0.4674000144004822, 0.5806000232696533, 0.5511000156402588, 0.5784000158309937, 0.6039000153541565, 0.5935999751091003, 0.5990999937057495, 0.586899995803833, 0.5917999744415283, 0.5591999888420105, 0.6353999972343445, 0.6466000080108643, 0.6291000247001648, 0.626800000667572, 0.6499999761581421, 0.6403999924659729, 0.6351000070571899, 0.6599000096321106, 0.6610000133514404, 0.6678000092506409, 0.6665999889373779, 0.6638000011444092, 0.6549999713897705, 0.6607000231742859, 0.656499981880188, 0.6547999978065491, 0.6682000160217285, 0.6837999820709229, 0.6726999878883362, 0.6766999959945679, 0.6808000206947327, 0.6776000261306763, 0.6743000149726868, 0.6758999824523926, 0.6747999787330627, 0.6783999800682068, 0.680400013923645, 0.6771000027656555, 0.6809999942779541, 0.6805999875068665, 0.6822999715805054, 0.6825000047683716, 0.6845999956130981, 0.6837000250816345, 0.6858999729156494, 0.6847000122070312, 0.6851000189781189, 0.6848999857902527, 0.6834999918937683, 0.6841999888420105, 0.6851999759674072, 0.6850000023841858, 0.6852999925613403, 0.6845999956130981, 0.6851999759674072, 0.6855999827384949, 0.6850000023841858]","[4.363856315612793, 3.892573118209839, 2.964729070663452, 2.8370254039764404, 2.9680516719818115, 2.711411952972412, 2.6375503540039062, 2.9906551837921143, 2.3399415016174316, 2.6237950325012207, 2.4683470726013184, 2.3949801921844482, 2.5916974544525146, 2.5217835903167725, 1.9176952838897705, 2.1319429874420166, 1.9028403759002686, 1.7980948686599731, 1.872212290763855, 1.8423124551773071, 1.9023795127868652, 1.896431803703308, 2.2318172454833984, 1.7047878503799438, 1.6275393962860107, 1.7525355815887451, 1.7371324300765991, 1.6336888074874878, 1.697617530822754, 1.7768974304199219, 1.6200538873672485, 1.6302814483642578, 1.5977247953414917, 1.5778684616088867, 1.6046396493911743, 1.635467529296875, 1.6106072664260864, 1.649095058441162, 1.6946889162063599, 1.6250436305999756, 1.5370763540267944, 1.5818839073181152, 1.5554639101028442, 1.5581353902816772, 1.5679188966751099, 1.6010907888412476, 1.5773885250091553, 1.5891047716140747, 1.5873486995697021, 1.5650800466537476, 1.59712815284729, 1.5812478065490723, 1.584120273590088, 1.569877028465271, 1.565891981124878, 1.5601444244384766, 1.5728811025619507, 1.564849853515625, 1.566704511642456, 1.5765496492385864, 1.570637822151184, 1.5725741386413574, 1.5753482580184937, 1.5670301914215088, 1.5718984603881836, 1.57040536403656, 1.576573371887207, 1.5700360536575317, 1.5740289688110352, 1.5737892389297485]",0.6850000023841858,,859408428,,2205092,,,,,,0.125,0.25,0.125,77,32,400,400,0.1925,0.08,False,BEST,1.0,True,True,"[[82  0  0 ...  0  0  0]
 [ 0 79  0 ...  0  0  0]
 [ 0  0 61 ...  0  4  0]
 ...
 [ 0  0  0 ... 72  0  0]
 [ 0  1  3 ...  0 43  0]
 [ 0  0  0 ...  0  0 68]]",0.6849,0.698404635,0.6849,0.685552438,113
BKFDAA[M],,18,20,6,False,False,"[20, 20, 4, 4, 14, 63, 4, 22]",[],"[{'INP': 32}, {'CONV': [64, 3]}, ({'CONV': [64, 3]}, {'CONV': [128, 3]}), ({'CONV': [64, 3]}, {'CONV': [128, 3]}, {'POOLMAX': [-1, 2]}), ({'CONV': [32, 3]}, {'CONV': [128, 3]}), ({'CONV': [32, 3]}, {'CONV': [128, 3]}, {'POOLMAX': [-1, 2]}), ({'CONV': [32, 5]}, {'CONV': [256, 3]}), ({'CONV': [256, 5]}, {'CONV': [256, 5]}, {'POOLMAX': [-1, 2]}), ({'CONV': [32, 3]}, {'CONV': [128, 3]}), ({'CONV': [64, 3]}, {'CONV': [256, 3]}, {'POOLMAX': [-1, 2]}), {'GLOBAL_AVG': None}, {'LAST_DENSE': [100, 'softmax']}]",UC,MPAR,GA,70,"[0.07119999825954437, 0.18619999289512634, 0.2809000015258789, 0.37720000743865967, 0.3855000138282776, 0.4106000065803528, 0.4343999922275543, 0.3621000051498413, 0.44519999623298645, 0.42579999566078186, 0.501800000667572, 0.45190000534057617, 0.515500009059906, 0.5232999920845032, 0.5271999835968018, 0.5121999979019165, 0.512499988079071, 0.5519000291824341, 0.5333999991416931, 0.5385000109672546, 0.5544000267982483, 0.5587999820709229, 0.522599995136261, 0.5781999826431274, 0.6215000152587891, 0.6324999928474426, 0.5616000294685364, 0.6186000108718872, 0.6194999814033508, 0.65829998254776, 0.6309999823570251, 0.6322000026702881, 0.6406000256538391, 0.6474000215530396, 0.6168000102043152, 0.6751999855041504, 0.670199990272522, 0.666700005531311, 0.675599992275238, 0.6736000180244446, 0.6717000007629395, 0.6711999773979187, 0.6610999703407288, 0.6697999835014343, 0.6780999898910522, 0.6897000074386597, 0.6539999842643738, 0.6761999726295471, 0.6579999923706055, 0.67330002784729, 0.6863999962806702, 0.6894999742507935, 0.6930000185966492, 0.6947000026702881, 0.6869999766349792, 0.6777999997138977, 0.6966999769210815, 0.6970000267028809, 0.6960999965667725, 0.698199987411499, 0.7021999955177307, 0.7013000249862671, 0.7064999938011169, 0.7053999900817871, 0.7063999772071838, 0.7045000195503235, 0.7063999772071838, 0.7070000171661377, 0.7067000269889832, 0.7064999938011169]","[4.924754619598389, 3.6767303943634033, 4.677242755889893, 2.7303099632263184, 2.6866321563720703, 2.6518678665161133, 2.5636792182922363, 3.023400068283081, 2.595907211303711, 2.8645596504211426, 2.351109266281128, 2.692270517349243, 2.526660203933716, 2.32382869720459, 2.2463114261627197, 2.377765417098999, 2.4263155460357666, 2.2253336906433105, 2.305567502975464, 2.278949022293091, 2.2487998008728027, 2.23117733001709, 2.4818358421325684, 2.2451248168945312, 1.904279351234436, 1.8653783798217773, 2.3709282875061035, 1.9350857734680176, 1.9440789222717285, 1.757766604423523, 1.8973978757858276, 1.882974624633789, 1.8716952800750732, 1.8136769533157349, 1.9383560419082642, 1.721351981163025, 1.7173542976379395, 1.7497390508651733, 1.7495242357254028, 1.712476372718811, 1.707406997680664, 1.7466076612472534, 1.7995599508285522, 1.7458033561706543, 1.6925504207611084, 1.6521718502044678, 1.8396263122558594, 1.7132335901260376, 1.8412832021713257, 1.7428920269012451, 1.6889759302139282, 1.703829050064087, 1.6748994588851929, 1.681349277496338, 1.7055472135543823, 1.787980079650879, 1.6795134544372559, 1.6774410009384155, 1.6782578229904175, 1.6695412397384644, 1.6808209419250488, 1.706903338432312, 1.6717884540557861, 1.6781142950057983, 1.6843035221099854, 1.6867183446884155, 1.6829404830932617, 1.6774572134017944, 1.6778517961502075, 1.6828341484069824]",0.7064999938011169,,507381036,,4207524,,,,,,0.75,0.25,0.0,47,24,400,400,0.1175,0.06,False,BEST,0.85,True,True,"[[81  0  0 ...  0  0  0]
 [ 0 79  0 ...  0  0  0]
 [ 0  0 61 ...  0  2  0]
 ...
 [ 0  0  0 ... 74  0  0]
 [ 0  0  1 ...  0 49  0]
 [ 0  0  1 ...  0  0 72]]",0.7064,0.718146887,0.7064,0.70761795,47
BFLKAU[M],,19,20,16,False,False,"[55, 28, 23, 38, 51, 38, 15, 15]",[],"[{'INP': 32}, {'CONV': [64, 3]}, ({'CONV': [256, 3]}, {'CONV': [256, 5]}), ({'CONV': [64, 5]}, {'CONV': [128, 3]}, {'POOLMAX': [-1, 2]}), ({'CONV': [64, 3]}, {'CONV': [256, 5]}), ({'CONV': [128, 3]}, {'CONV': [256, 3]}, {'POOLMAX': [-1, 2]}), ({'CONV': [256, 3]}, {'CONV': [64, 5]}), ({'CONV': [128, 3]}, {'CONV': [256, 3]}, {'POOLMAX': [-1, 2]}), ({'CONV': [32, 5]}, {'CONV': [256, 5]}), ({'CONV': [32, 5]}, {'CONV': [256, 5]}, {'POOLMAX': [-1, 2]}), {'GLOBAL_AVG': None}, {'LAST_DENSE': [100, 'softmax']}]",UC,MPAR,GA,70,"[0.05779999867081642, 0.22769999504089355, 0.29280000925064087, 0.3684999942779541, 0.3149999976158142, 0.4169999957084656, 0.387800008058548, 0.4375, 0.4250999987125397, 0.47760000824928284, 0.4934000074863434, 0.4575999975204468, 0.5131000280380249, 0.4652000069618225, 0.5189999938011169, 0.5152000188827515, 0.538100004196167, 0.5220999717712402, 0.6108999848365784, 0.6126999855041504, 0.6121000051498413, 0.5788000226020813, 0.593500018119812, 0.629800021648407, 0.6283000111579895, 0.6459000110626221, 0.6488999724388123, 0.6129000186920166, 0.6304000020027161, 0.636900007724762, 0.6279000043869019, 0.6371999979019165, 0.6694999933242798, 0.6790000200271606, 0.6672999858856201, 0.6679999828338623, 0.6509000062942505, 0.6498000025749207, 0.6811000108718872, 0.6819999814033508, 0.6776999831199646, 0.6552000045776367, 0.6728000044822693, 0.679099977016449, 0.6941999793052673, 0.6984999775886536, 0.6802999973297119, 0.6937999725341797, 0.6983000040054321, 0.7010999917984009, 0.701200008392334, 0.6995000243186951, 0.704800009727478, 0.7075999975204468, 0.7080000042915344, 0.7095999717712402, 0.699999988079071, 0.7063999772071838, 0.7067000269889832, 0.7102000117301941, 0.7087000012397766, 0.7106000185012817, 0.708299994468689, 0.7085000276565552, 0.7093999981880188, 0.7099000215530396, 0.7109000086784363, 0.711899995803833, 0.7077999711036682, 0.7092000246047974]","[4.671022415161133, 3.3784584999084473, 3.06941294670105, 2.788109064102173, 3.230799674987793, 2.6076924800872803, 2.831724166870117, 2.576439619064331, 2.653230667114258, 2.453367233276367, 2.3484854698181152, 2.5879688262939453, 2.284982204437256, 2.5805842876434326, 2.3297555446624756, 2.3227334022521973, 2.2869112491607666, 2.352862596511841, 1.949238896369934, 1.9310611486434937, 1.964080810546875, 2.106903553009033, 2.0227930545806885, 1.8350460529327393, 1.8442871570587158, 1.7964882850646973, 1.7464003562927246, 1.9338406324386597, 1.8669488430023193, 1.8631435632705688, 1.8972105979919434, 1.842115879058838, 1.7220853567123413, 1.7037488222122192, 1.7238316535949707, 1.768944501876831, 1.8800441026687622, 1.8933870792388916, 1.6820306777954102, 1.731737494468689, 1.7384203672409058, 1.8853849172592163, 1.7613252401351929, 1.7548058032989502, 1.7018170356750488, 1.6877508163452148, 1.7939493656158447, 1.7568167448043823, 1.7467848062515259, 1.7002617120742798, 1.7351551055908203, 1.7219853401184082, 1.7231863737106323, 1.7352439165115356, 1.725014090538025, 1.7166664600372314, 1.7561291456222534, 1.7417058944702148, 1.738507628440857, 1.7225788831710815, 1.7213191986083984, 1.7199043035507202, 1.7439879179000854, 1.749695897102356, 1.731109619140625, 1.7373725175857544, 1.7342709302902222, 1.7356785535812378, 1.7494890689849854, 1.740026593208313]",0.7092000246047974,,603948908,,5919012,,,,,,0.25,0.0,0.25,63,19,400,400,0.1575,0.0475,False,BEST,1.0,True,True,"[[85  0  0 ...  0  0  0]
 [ 0 77  0 ...  0  0  0]
 [ 0  0 63 ...  0  2  0]
 ...
 [ 0  0  0 ... 71  0  0]
 [ 0  0  3 ...  0 53  1]
 [ 0  0  1 ...  0  0 75]]",0.7092,0.722729008,0.7092,0.710851718,103
BCWFSF[M],,20,20,13,False,False,"[14, 3, 53, 15, 46, 6, 63, 4]",[],"[{'INP': 32}, {'CONV': [64, 3]}, ({'CONV': [32, 5]}, {'CONV': [256, 3]}), ({'CONV': [32, 3]}, {'CONV': [64, 5]}, {'POOLMAX': [-1, 2]}), ({'CONV': [256, 3]}, {'CONV': [128, 5]}), ({'CONV': [32, 5]}, {'CONV': [256, 5]}, {'POOLMAX': [-1, 2]}), ({'CONV': [128, 5]}, {'CONV': [256, 3]}), ({'CONV': [32, 3]}, {'CONV': [256, 3]}, {'POOLMAX': [-1, 2]}), ({'CONV': [256, 5]}, {'CONV': [256, 5]}), ({'CONV': [32, 3]}, {'CONV': [128, 3]}, {'POOLMAX': [-1, 2]}), {'GLOBAL_AVG': None}, {'LAST_DENSE': [100, 'softmax']}]",UC,MPAR,GA,70,"[0.1298000067472458, 0.2110999971628189, 0.29089999198913574, 0.35199999809265137, 0.3650999963283539, 0.4366999864578247, 0.30480000376701355, 0.44440001249313354, 0.4528000056743622, 0.4821000099182129, 0.4185999929904938, 0.47769999504089355, 0.5281999707221985, 0.5031999945640564, 0.5085999965667725, 0.507099986076355, 0.5329999923706055, 0.520799994468689, 0.613099992275238, 0.5662999749183655, 0.6254000067710876, 0.6435999870300293, 0.5902000069618225, 0.632099986076355, 0.6074000000953674, 0.6176000237464905, 0.6448000073432922, 0.6359999775886536, 0.6114000082015991, 0.636900007724762, 0.6577000021934509, 0.6370000243186951, 0.6614999771118164, 0.5992000102996826, 0.6219000220298767, 0.6425999999046326, 0.6504999995231628, 0.6409000158309937, 0.6665999889373779, 0.691100001335144, 0.6783000230789185, 0.6797000169754028, 0.6524999737739563, 0.6901999711990356, 0.6761000156402588, 0.6850000023841858, 0.6886000037193298, 0.6995000243186951, 0.6978999972343445, 0.6991000175476074, 0.7085999846458435, 0.6991999745368958, 0.7037000060081482, 0.6991000175476074, 0.7034000158309937, 0.7017999887466431, 0.7057999968528748, 0.7064999938011169, 0.703000009059906, 0.7075999975204468, 0.7074999809265137, 0.7074000239372253, 0.7088000178337097, 0.7089999914169312, 0.7089999914169312, 0.7102000117301941, 0.7120000123977661, 0.7113000154495239, 0.7110999822616577, 0.7107999920845032]","[4.049437999725342, 3.6103644371032715, 3.1044392585754395, 2.8219082355499268, 2.888706922531128, 2.5554356575012207, 3.7568328380584717, 2.5153591632843018, 2.572129487991333, 2.447028160095215, 2.898150682449341, 2.5141448974609375, 2.25203013420105, 2.474912643432617, 2.413773536682129, 2.4479708671569824, 2.3632447719573975, 2.343937873840332, 1.9509470462799072, 2.172078847885132, 1.8713220357894897, 1.779042363166809, 2.0598392486572266, 1.8624472618103027, 1.9790996313095093, 1.9290666580200195, 1.7761343717575073, 1.808107614517212, 1.9957400560379028, 1.8655825853347778, 1.7635365724563599, 1.8769173622131348, 1.7575304508209229, 2.093214750289917, 1.9658029079437256, 1.8791987895965576, 1.8439937829971313, 1.915939450263977, 1.8095332384109497, 1.6664388179779053, 1.761723279953003, 1.7529531717300415, 1.9788179397583008, 1.7257994413375854, 1.7821351289749146, 1.7424662113189697, 1.7147791385650635, 1.6896957159042358, 1.6977758407592773, 1.7001959085464478, 1.6569359302520752, 1.7284613847732544, 1.6906572580337524, 1.7300000190734863, 1.7059695720672607, 1.7362587451934814, 1.7158808708190918, 1.694810390472412, 1.7279597520828247, 1.7067338228225708, 1.7133694887161255, 1.708672046661377, 1.7185254096984863, 1.7086211442947388, 1.7097543478012085, 1.7120152711868286, 1.702264428138733, 1.7096720933914185, 1.7150217294692993, 1.7173502445220947]",0.7107999920845032,,747555116,,4993956,,,,,,0.125,0.25,0.125,54,44,400,400,0.135,0.11,False,BEST,0.8,True,True,"[[87  0  0 ...  0  0  0]
 [ 0 82  1 ...  0  0  0]
 [ 0  0 58 ...  0  0  0]
 ...
 [ 0  0  0 ... 72  0  0]
 [ 0  0  2 ...  0 55  0]
 [ 0  0  0 ...  0  0 78]]",0.7109,0.723745671,0.7109,0.711689945,35
BBRVLK[M],,21,20,19,False,False,"[2, 22, 18, 29, 47, 22, 38, 22]",[],"[{'INP': 32}, {'CONV': [64, 3]}, ({'CONV': [32, 3]}, {'CONV': [64, 3]}), ({'CONV': [64, 3]}, {'CONV': [256, 3]}, {'POOLMAX': [-1, 2]}), ({'CONV': [64, 3]}, {'CONV': [64, 3]}), ({'CONV': [64, 5]}, {'CONV': [128, 5]}, {'POOLMAX': [-1, 2]}), ({'CONV': [128, 5]}, {'CONV': [256, 5]}), ({'CONV': [64, 3]}, {'CONV': [256, 3]}, {'POOLMAX': [-1, 2]}), ({'CONV': [128, 3]}, {'CONV': [256, 3]}), ({'CONV': [64, 3]}, {'CONV': [256, 3]}, {'POOLMAX': [-1, 2]}), {'GLOBAL_AVG': None}, {'LAST_DENSE': [100, 'softmax']}]",UC,MPAR,GA,70,"[0.07180000096559525, 0.1906999945640564, 0.21410000324249268, 0.29660001397132874, 0.3529999852180481, 0.38089999556541443, 0.3921000063419342, 0.24220000207424164, 0.4643000066280365, 0.47920000553131104, 0.48080000281333923, 0.5145999789237976, 0.4903999865055084, 0.4659000039100647, 0.5343999862670898, 0.49000000953674316, 0.5331000089645386, 0.49959999322891235, 0.5210999846458435, 0.5541999936103821, 0.4708999991416931, 0.5145999789237976, 0.5562000274658203, 0.5860000252723694, 0.5794000029563904, 0.5672000050544739, 0.5327000021934509, 0.5569000244140625, 0.572700023651123, 0.6488999724388123, 0.6204000115394592, 0.6087999939918518, 0.6238999962806702, 0.6485000252723694, 0.6389999985694885, 0.6711000204086304, 0.6657999753952026, 0.6739000082015991, 0.6789000034332275, 0.6766999959945679, 0.6858000159263611, 0.6726999878883362, 0.6753000020980835, 0.6728000044822693, 0.6855999827384949, 0.6743000149726868, 0.6901000142097473, 0.6883000135421753, 0.6890000104904175, 0.6877999901771545, 0.6967999935150146, 0.6887999773025513, 0.6930000185966492, 0.6916999816894531, 0.6868000030517578, 0.6894999742507935, 0.6926000118255615, 0.6953999996185303, 0.7021999955177307, 0.6995999813079834, 0.703499972820282, 0.7024000287055969, 0.7063999772071838, 0.7034000158309937, 0.7057999968528748, 0.7009000182151794, 0.7008000016212463, 0.7005000114440918, 0.6996999979019165, 0.7013999819755554]","[4.619317054748535, 4.034707546234131, 4.7074761390686035, 3.2558906078338623, 3.056391477584839, 2.8733205795288086, 3.01358699798584, 6.586867809295654, 2.655689001083374, 2.482058048248291, 2.492255926132202, 2.3448715209960938, 2.451691150665283, 2.6799676418304443, 2.3709325790405273, 2.525355339050293, 2.3004496097564697, 2.588393449783325, 2.38512921333313, 2.292024612426758, 2.7829012870788574, 2.640604257583618, 2.291818857192993, 2.206482172012329, 2.2081451416015625, 2.252819061279297, 2.5908470153808594, 2.3343613147735596, 2.291736364364624, 1.8702093362808228, 2.026747465133667, 2.1129987239837646, 2.008680582046509, 1.9026432037353516, 1.9494248628616333, 1.7957029342651367, 1.842403531074524, 1.7670619487762451, 1.7506176233291626, 1.7702597379684448, 1.7133073806762695, 1.8286958932876587, 1.7683438062667847, 1.7681827545166016, 1.7244346141815186, 1.8060314655303955, 1.714782953262329, 1.7392300367355347, 1.750454068183899, 1.778428077697754, 1.712580680847168, 1.7552227973937988, 1.760492205619812, 1.7516416311264038, 1.8062689304351807, 1.7829408645629883, 1.7876437902450562, 1.7673636674880981, 1.7232310771942139, 1.748863697052002, 1.7546254396438599, 1.7408076524734497, 1.7409462928771973, 1.7479037046432495, 1.7446529865264893, 1.773611307144165, 1.754346251487732, 1.783106803894043, 1.774428129196167, 1.775530457496643]",0.7013999819755554,,694232556,,9640996,,,,,,0.375,0.125,0.0,102,35,400,400,0.255,0.0875,False,BEST,0.6,True,True,"[[84  0  0 ...  0  0  0]
 [ 0 80  0 ...  0  0  0]
 [ 0  0 57 ...  0  5  0]
 ...
 [ 0  0  0 ... 75  0  0]
 [ 0  0  1 ...  0 49  0]
 [ 0  0  1 ...  0  0 72]]",0.7014,0.716771104,0.7014,0.703540999,43
BPZWBW[M],,22,20,12,False,False,"[23, 62, 36, 20, 62, 12, 29, 55]",[],"[{'INP': 32}, {'CONV': [64, 3]}, ({'CONV': [64, 3]}, {'CONV': [256, 5]}), ({'CONV': [256, 5]}, {'CONV': [256, 3]}, {'POOLMAX': [-1, 2]}), ({'CONV': [128, 3]}, {'CONV': [128, 3]}), ({'CONV': [64, 3]}, {'CONV': [128, 3]}, {'POOLMAX': [-1, 2]}), ({'CONV': [256, 5]}, {'CONV': [256, 3]}), ({'CONV': [32, 5]}, {'CONV': [128, 3]}, {'POOLMAX': [-1, 2]}), ({'CONV': [64, 5]}, {'CONV': [128, 5]}), ({'CONV': [256, 3]}, {'CONV': [256, 5]}, {'POOLMAX': [-1, 2]}), {'GLOBAL_AVG': None}, {'LAST_DENSE': [100, 'softmax']}]",UC,MPAR,GA,70,"[0.11079999804496765, 0.19550000131130219, 0.25780001282691956, 0.3273000121116638, 0.4081000089645386, 0.3249000012874603, 0.4595000147819519, 0.44600000977516174, 0.4767000079154968, 0.46209999918937683, 0.3889000117778778, 0.459199994802475, 0.580299973487854, 0.5756999850273132, 0.5726000070571899, 0.5358999967575073, 0.5455999970436096, 0.5680000185966492, 0.6137999892234802, 0.642300009727478, 0.6097000241279602, 0.6341999769210815, 0.6004999876022339, 0.6380000114440918, 0.6445000171661377, 0.6098999977111816, 0.6302000284194946, 0.6205999851226807, 0.645799994468689, 0.6187000274658203, 0.6560999751091003, 0.6751999855041504, 0.6671000123023987, 0.6499999761581421, 0.6743000149726868, 0.6607000231742859, 0.670199990272522, 0.6891999840736389, 0.6819999814033508, 0.6735000014305115, 0.6753000020980835, 0.6850000023841858, 0.6861000061035156, 0.6858999729156494, 0.6815000176429749, 0.6802999973297119, 0.6866999864578247, 0.6880000233650208, 0.6854000091552734, 0.6887999773025513, 0.6837999820709229, 0.6848000288009644, 0.6894999742507935, 0.6873999834060669, 0.6891000270843506, 0.6873000264167786, 0.6876999735832214, 0.6901000142097473, 0.6899999976158142, 0.6901000142097473, 0.6876999735832214, 0.6883000135421753, 0.689300000667572, 0.6912999749183655, 0.6884999871253967, 0.6883999705314636, 0.6894000172615051, 0.6927000284194946, 0.6930000185966492, 0.6924999952316284]","[4.309963226318359, 3.654874563217163, 3.3323633670806885, 3.006237745285034, 2.6242892742156982, 3.42413592338562, 2.4518938064575195, 2.547884464263916, 2.5009841918945312, 2.6187901496887207, 2.9376418590545654, 2.7246973514556885, 1.9707908630371094, 2.0268757343292236, 2.026104688644409, 2.2078959941864014, 2.135040760040283, 2.0258755683898926, 1.8457881212234497, 1.7040492296218872, 1.861794114112854, 1.758400559425354, 1.9280511140823364, 1.7289601564407349, 1.697725772857666, 1.8753836154937744, 1.8163573741912842, 1.8273488283157349, 1.7244833707809448, 1.8723509311676025, 1.7079405784606934, 1.6068100929260254, 1.6263240575790405, 1.7204124927520752, 1.6076359748840332, 1.7087668180465698, 1.6641101837158203, 1.578882098197937, 1.6022820472717285, 1.63748300075531, 1.6222857236862183, 1.5742369890213013, 1.591079831123352, 1.599940299987793, 1.6508510112762451, 1.6530191898345947, 1.5964202880859375, 1.599944829940796, 1.6216002702713013, 1.6147722005844116, 1.6275545358657837, 1.6310670375823975, 1.6193602085113525, 1.6163941621780396, 1.6110221147537231, 1.623113989830017, 1.616304874420166, 1.6069589853286743, 1.6142479181289673, 1.6163544654846191, 1.6261368989944458, 1.6268947124481201, 1.6194336414337158, 1.6112295389175415, 1.6189846992492676, 1.6244590282440186, 1.6184850931167603, 1.616827130317688, 1.6188197135925293, 1.6137384176254272]",0.6924999952316284,,1394057196,,4623396,,,,,,0.25,0.25,0.0,50,22,400,400,0.125,0.055,False,BEST,1.0,True,True,"[[86  0  0 ...  0  0  0]
 [ 0 78  0 ...  0  0  0]
 [ 0  0 58 ...  0  5  0]
 ...
 [ 0  0  0 ... 74  0  0]
 [ 0  0  4 ...  0 53  0]
 [ 0  0  0 ...  0  0 67]]",0.6925,0.705236884,0.6925,0.693773065,9
BRDMHX[M],,23,20,11,False,False,"[14, 47, 4, 38, 7, 38, 39, 39]",[],"[{'INP': 32}, {'CONV': [64, 3]}, ({'CONV': [32, 5]}, {'CONV': [256, 3]}), ({'CONV': [128, 5]}, {'CONV': [256, 5]}, {'POOLMAX': [-1, 2]}), ({'CONV': [32, 3]}, {'CONV': [128, 3]}), ({'CONV': [128, 3]}, {'CONV': [256, 3]}, {'POOLMAX': [-1, 2]}), ({'CONV': [32, 3]}, {'CONV': [256, 5]}), ({'CONV': [128, 3]}, {'CONV': [256, 3]}, {'POOLMAX': [-1, 2]}), ({'CONV': [128, 3]}, {'CONV': [256, 5]}), ({'CONV': [128, 3]}, {'CONV': [256, 5]}, {'POOLMAX': [-1, 2]}), {'GLOBAL_AVG': None}, {'LAST_DENSE': [100, 'softmax']}]",UC,MPAR,GA,70,"[0.11749999970197678, 0.2151000052690506, 0.27410000562667847, 0.33570000529289246, 0.38749998807907104, 0.38519999384880066, 0.3788999915122986, 0.4332999885082245, 0.4758000075817108, 0.44940000772476196, 0.45879998803138733, 0.41929998993873596, 0.3646000027656555, 0.48190000653266907, 0.578000009059906, 0.5900999903678894, 0.5625, 0.6060000061988831, 0.5978999733924866, 0.5672000050544739, 0.5400000214576721, 0.6075000166893005, 0.6333000063896179, 0.5978000164031982, 0.6040999889373779, 0.6055999994277954, 0.6152999997138977, 0.6341999769210815, 0.6542999744415283, 0.6733999848365784, 0.6740999817848206, 0.6703000068664551, 0.6769000291824341, 0.66839998960495, 0.6642000079154968, 0.650600016117096, 0.669700026512146, 0.6410999894142151, 0.6837000250816345, 0.6941999793052673, 0.6937000155448914, 0.6833000183105469, 0.6956999897956848, 0.6794999837875366, 0.6800000071525574, 0.6933000087738037, 0.6996999979019165, 0.6992999911308289, 0.6902999877929688, 0.698199987411499, 0.6983000040054321, 0.6931999921798706, 0.6952999830245972, 0.7002999782562256, 0.6991000175476074, 0.6980000138282776, 0.6976000070571899, 0.7008000016212463, 0.6977999806404114, 0.6988999843597412, 0.6983000040054321, 0.6985999941825867, 0.6991000175476074, 0.6992999911308289, 0.6977999806404114, 0.6991999745368958, 0.6995999813079834, 0.6987000107765198, 0.7009000182151794, 0.699999988079071]","[4.077169418334961, 3.4712114334106445, 3.244492292404175, 3.0080316066741943, 2.7003021240234375, 2.73651123046875, 2.861956834793091, 2.5575380325317383, 2.3885281085968018, 2.580800771713257, 2.527770519256592, 3.00876522064209, 3.469123125076294, 2.5128653049468994, 1.995985746383667, 1.9577120542526245, 2.0863704681396484, 1.8716447353363037, 1.9272996187210083, 2.0972979068756104, 2.294774055480957, 1.8828176259994507, 1.7666687965393066, 2.0002171993255615, 1.91238534450531, 1.943965196609497, 1.916745901107788, 1.7938015460968018, 1.7267582416534424, 1.6605511903762817, 1.6786561012268066, 1.6939712762832642, 1.660054326057434, 1.666467547416687, 1.7121392488479614, 1.8075333833694458, 1.677330493927002, 1.8713862895965576, 1.643402338027954, 1.6211992502212524, 1.6232253313064575, 1.6646920442581177, 1.6401363611221313, 1.7255021333694458, 1.7410427331924438, 1.637822151184082, 1.646506428718567, 1.6234630346298218, 1.7188421487808228, 1.662521481513977, 1.658516764640808, 1.679707407951355, 1.666679859161377, 1.6474236249923706, 1.6764589548110962, 1.675199270248413, 1.68207848072052, 1.669387698173523, 1.6671334505081177, 1.674738883972168, 1.6844128370285034, 1.6782056093215942, 1.6836620569229126, 1.679457187652588, 1.6881706714630127, 1.6786231994628906, 1.6733126640319824, 1.684081792831421, 1.6764966249465942, 1.6750799417495728]",0.699999988079071,,1291837292,,4220196,,,,,,0.375,0.375,0.0,82,21,400,400,0.205,0.0525,False,BEST,1.0,True,True,"[[86  0  0 ...  0  0  1]
 [ 0 86  0 ...  0  0  0]
 [ 0  1 57 ...  0  4  0]
 ...
 [ 0  0  0 ... 72  0  0]
 [ 0  0  3 ...  0 43  0]
 [ 0  0  0 ...  0  0 73]]",0.7,0.713075728,0.7,0.701183839,10
BFGRQV[M],,24,20,18,False,False,"[26, 28, 39, 23, 55, 20, 63, 39]",[],"[{'INP': 32}, {'CONV': [64, 3]}, ({'CONV': [64, 5]}, {'CONV': [64, 3]}), ({'CONV': [64, 5]}, {'CONV': [128, 3]}, {'POOLMAX': [-1, 2]}), ({'CONV': [128, 3]}, {'CONV': [256, 5]}), ({'CONV': [64, 3]}, {'CONV': [256, 5]}, {'POOLMAX': [-1, 2]}), ({'CONV': [256, 3]}, {'CONV': [256, 5]}), ({'CONV': [64, 3]}, {'CONV': [128, 3]}, {'POOLMAX': [-1, 2]}), ({'CONV': [256, 5]}, {'CONV': [256, 5]}), ({'CONV': [128, 3]}, {'CONV': [256, 5]}, {'POOLMAX': [-1, 2]}), {'GLOBAL_AVG': None}, {'LAST_DENSE': [100, 'softmax']}]",UC,MPAR,GA,70,"[0.15189999341964722, 0.20489999651908875, 0.3140999972820282, 0.33559998869895935, 0.41290000081062317, 0.35269999504089355, 0.4855000078678131, 0.43549999594688416, 0.4724999964237213, 0.503600001335144, 0.4830999970436096, 0.4959000051021576, 0.5246999859809875, 0.4862000048160553, 0.5705999732017517, 0.5365999937057495, 0.5630000233650208, 0.5601999759674072, 0.5177000164985657, 0.5351999998092651, 0.6176000237464905, 0.6254000067710876, 0.6478000283241272, 0.6258000135421753, 0.6007999777793884, 0.6456000208854675, 0.6324999928474426, 0.6514000296592712, 0.6504999995231628, 0.6176000237464905, 0.6592000126838684, 0.6328999996185303, 0.5719000101089478, 0.6711999773979187, 0.6651999950408936, 0.640999972820282, 0.6445000171661377, 0.6279000043869019, 0.6334999799728394, 0.6758000254631042, 0.6837000250816345, 0.6772000193595886, 0.6834999918937683, 0.696399986743927, 0.6797000169754028, 0.669700026512146, 0.6771000027656555, 0.691100001335144, 0.6891000270843506, 0.6995000243186951, 0.7023000121116638, 0.6955000162124634, 0.7045000195503235, 0.7057999968528748, 0.708299994468689, 0.7124999761581421, 0.7059000134468079, 0.7110999822616577, 0.7125999927520752, 0.7134000062942505, 0.7148000001907349, 0.7174999713897705, 0.7175999879837036, 0.7157999873161316, 0.7195000052452087, 0.7196000218391418, 0.7179999947547913, 0.7207000255584717, 0.7182000279426575, 0.7184000015258789]","[3.915431261062622, 3.6279172897338867, 3.1698360443115234, 2.9550459384918213, 2.640490770339966, 3.0023436546325684, 2.3557848930358887, 2.730212450027466, 2.525050640106201, 2.3537678718566895, 2.5394985675811768, 2.4175052642822266, 2.3207509517669678, 2.5924949645996094, 2.155466079711914, 2.3458218574523926, 2.241302967071533, 2.250624895095825, 2.57301664352417, 2.3701305389404297, 1.995543122291565, 1.9354746341705322, 1.8351138830184937, 1.9379349946975708, 2.066279411315918, 1.823586106300354, 1.9166101217269897, 1.8231509923934937, 1.8271851539611816, 2.1069934368133545, 1.7941203117370605, 1.968110203742981, 2.43624210357666, 1.7587302923202515, 1.7996361255645752, 1.909113883972168, 1.8967007398605347, 2.00240421295166, 1.9994523525238037, 1.8174899816513062, 1.7735062837600708, 1.790701985359192, 1.7769120931625366, 1.695756435394287, 1.8716890811920166, 1.892256498336792, 1.8044154644012451, 1.7752795219421387, 1.7495423555374146, 1.7631992101669312, 1.724583625793457, 1.7846572399139404, 1.747078537940979, 1.7260693311691284, 1.7361656427383423, 1.742665410041809, 1.788670539855957, 1.7655733823776245, 1.7700392007827759, 1.7604857683181763, 1.7479972839355469, 1.7514615058898926, 1.7360280752182007, 1.745457649230957, 1.744773030281067, 1.752095341682434, 1.7528437376022339, 1.7432019710540771, 1.7619680166244507, 1.7583410739898682]",0.7184000015258789,,832123884,,6818852,,,,,,0.125,0.125,0.0,71,25,400,400,0.1775,0.0625,False,BEST,1.0,True,True,"[[86  0  0 ...  0  0  0]
 [ 0 83  0 ...  0  0  0]
 [ 0  1 57 ...  0  2  0]
 ...
 [ 0  0  0 ... 75  0  0]
 [ 0  0  2 ...  0 58  0]
 [ 0  0  0 ...  0  1 73]]",0.7184,0.7290764,0.7184,0.71922792,20
BQQUBK[M],,25,20,20,True,True,"[2, 32, 27, 15, 62, 4, 23, 55]",[],"[{'INP': 32}, {'CONV': [64, 3]}, ({'CONV': [32, 3]}, {'CONV': [64, 3]}), ({'CONV': [128, 3]}, {'CONV': [32, 3]}, {'POOLMAX': [-1, 2]}), ({'CONV': [64, 5]}, {'CONV': [64, 5]}), ({'CONV': [32, 5]}, {'CONV': [256, 5]}, {'POOLMAX': [-1, 2]}), ({'CONV': [256, 5]}, {'CONV': [256, 3]}), ({'CONV': [32, 3]}, {'CONV': [128, 3]}, {'POOLMAX': [-1, 2]}), ({'CONV': [64, 3]}, {'CONV': [256, 5]}), ({'CONV': [256, 3]}, {'CONV': [256, 5]}, {'POOLMAX': [-1, 2]}), {'GLOBAL_AVG': None}, {'LAST_DENSE': [100, 'softmax']}]",UC,MPAR,GA,70,"[0.0812000036239624, 0.211899995803833, 0.28529998660087585, 0.3179999887943268, 0.3977000117301941, 0.3928999900817871, 0.4345000088214874, 0.3837999999523163, 0.48159998655319214, 0.41819998621940613, 0.4844000041484833, 0.45210000872612, 0.5044000148773193, 0.5120999813079834, 0.5203999876976013, 0.5109000205993652, 0.46239998936653137, 0.5023999810218811, 0.5005000233650208, 0.482699990272522, 0.6057999730110168, 0.5964999794960022, 0.5946000218391418, 0.620199978351593, 0.5835999846458435, 0.6014999747276306, 0.6115000247955322, 0.5881999731063843, 0.6237999796867371, 0.6528000235557556, 0.6614000201225281, 0.6438999772071838, 0.6535999774932861, 0.660099983215332, 0.6575999855995178, 0.6342999935150146, 0.6739000082015991, 0.6807000041007996, 0.6703000068664551, 0.6746000051498413, 0.6786999702453613, 0.6791999936103821, 0.6629999876022339, 0.6919999718666077, 0.6830000281333923, 0.6862999796867371, 0.6870999932289124, 0.6812000274658203, 0.6863999962806702, 0.6891999840736389, 0.692799985408783, 0.6927000284194946, 0.6922000050544739, 0.7009000182151794, 0.6973999738693237, 0.6967999935150146, 0.697700023651123, 0.6923999786376953, 0.6948000192642212, 0.6970000267028809, 0.6953999996185303, 0.6935999989509583, 0.6965000033378601, 0.6953999996185303, 0.6951000094413757, 0.696399986743927, 0.6973999738693237, 0.6983000040054321, 0.6987000107765198, 0.6995000243186951]","[4.5094170570373535, 3.6280219554901123, 3.1841626167297363, 3.022935628890991, 2.740321397781372, 2.7378809452056885, 2.6010921001434326, 2.9760992527008057, 2.4345500469207764, 2.76104736328125, 2.4152169227600098, 2.6326794624328613, 2.409844398498535, 2.35159969329834, 2.3353395462036133, 2.3717517852783203, 2.7252721786499023, 2.4868452548980713, 2.4521684646606445, 2.6021485328674316, 1.931620478630066, 1.9559745788574219, 1.972136378288269, 1.8381121158599854, 2.0448319911956787, 1.952132225036621, 1.9286218881607056, 2.054272413253784, 1.8646568059921265, 1.735055685043335, 1.670156478881836, 1.7770204544067383, 1.7552165985107422, 1.7121974229812622, 1.7990233898162842, 1.8881407976150513, 1.6703996658325195, 1.6098144054412842, 1.6765720844268799, 1.6638869047164917, 1.656230092048645, 1.6471281051635742, 1.7472339868545532, 1.5970790386199951, 1.6675963401794434, 1.640937328338623, 1.6077637672424316, 1.6666734218597412, 1.640891432762146, 1.6330703496932983, 1.6347393989562988, 1.6188801527023315, 1.6258314847946167, 1.593017578125, 1.6210837364196777, 1.6160845756530762, 1.6209746599197388, 1.6526610851287842, 1.6451605558395386, 1.6321882009506226, 1.635193943977356, 1.6396310329437256, 1.6326886415481567, 1.6401376724243164, 1.649436354637146, 1.6398966312408447, 1.641343116760254, 1.63730788230896, 1.643396258354187, 1.6356985569000244]",0.6995000243186951,,1344211308,,8576292,,,,,"[2, 32, 27, 15, 62, 4, 23, 55]",0.125,0.25,0.0,86,34,400,400,0.215,0.085,False,BEST,0.95,True,True,"[[87  0  0 ...  0  0  0]
 [ 0 81  0 ...  0  0  0]
 [ 0  0 57 ...  0  1  0]
 ...
 [ 0  0  0 ... 76  0  0]
 [ 0  0  4 ...  0 56  0]
 [ 0  0  0 ...  0  0 76]]",0.6995,0.710816155,0.6995,0.699728835,45
BEOOIG[M],,26,20,19,False,False,"[14, 20, 36, 38, 28, 38, 54, 14]",[],"[{'INP': 32}, {'CONV': [64, 3]}, ({'CONV': [32, 5]}, {'CONV': [256, 3]}), ({'CONV': [64, 3]}, {'CONV': [128, 3]}, {'POOLMAX': [-1, 2]}), ({'CONV': [128, 3]}, {'CONV': [128, 3]}), ({'CONV': [128, 3]}, {'CONV': [256, 3]}, {'POOLMAX': [-1, 2]}), ({'CONV': [64, 5]}, {'CONV': [128, 3]}), ({'CONV': [128, 3]}, {'CONV': [256, 3]}, {'POOLMAX': [-1, 2]}), ({'CONV': [256, 3]}, {'CONV': [256, 3]}), ({'CONV': [32, 5]}, {'CONV': [256, 3]}, {'POOLMAX': [-1, 2]}), {'GLOBAL_AVG': None}, {'LAST_DENSE': [100, 'softmax']}]",UC,MPAR,GA,70,"[0.07289999723434448, 0.19779999554157257, 0.27320000529289246, 0.22849999368190765, 0.36730000376701355, 0.35589998960494995, 0.4244000017642975, 0.42879998683929443, 0.4620000123977661, 0.4578000009059906, 0.48399999737739563, 0.517799973487854, 0.5249000191688538, 0.4327999949455261, 0.4997999966144562, 0.545799970626831, 0.5342000126838684, 0.5322999954223633, 0.5625, 0.5699999928474426, 0.541700005531311, 0.5640000104904175, 0.5414000153541565, 0.5418000221252441, 0.578000009059906, 0.6244000196456909, 0.6394000053405762, 0.5796999931335449, 0.6238999962806702, 0.6463000178337097, 0.6337000131607056, 0.6392999887466431, 0.6118999719619751, 0.6409000158309937, 0.6309000253677368, 0.6746000051498413, 0.6628999710083008, 0.6532999873161316, 0.6769000291824341, 0.663100004196167, 0.675599992275238, 0.6783999800682068, 0.6711000204086304, 0.6460000276565552, 0.7062000036239624, 0.6916000247001648, 0.6898999810218811, 0.6904000043869019, 0.6984999775886536, 0.6996999979019165, 0.7024999856948853, 0.6995000243186951, 0.7038000226020813, 0.6941999793052673, 0.7059000134468079, 0.7064999938011169, 0.6995999813079834, 0.695900022983551, 0.7038000226020813, 0.7067999839782715, 0.7034000158309937, 0.703000009059906, 0.7050999999046326, 0.704800009727478, 0.7053999900817871, 0.7073000073432922, 0.7050999999046326, 0.7056999802589417, 0.7067999839782715, 0.7056000232696533]","[4.605331897735596, 3.602841854095459, 3.20967960357666, 3.9025769233703613, 2.820448160171509, 2.9259016513824463, 2.6333725452423096, 2.614201068878174, 2.467664957046509, 2.5375218391418457, 2.3822290897369385, 2.2885265350341797, 2.2873642444610596, 2.8672096729278564, 2.5063862800598145, 2.1887428760528564, 2.3330163955688477, 2.3418376445770264, 2.1805591583251953, 2.1664085388183594, 2.3312888145446777, 2.250070810317993, 2.3772222995758057, 2.419565200805664, 2.171522378921509, 1.9885516166687012, 1.9154839515686035, 2.352457046508789, 1.9721322059631348, 1.8785938024520874, 1.9357316493988037, 1.9337950944900513, 2.1256186962127686, 1.9330506324768066, 1.962670922279358, 1.7923688888549805, 1.8741859197616577, 2.0060906410217285, 1.7693287134170532, 1.8671841621398926, 1.7832627296447754, 1.792362093925476, 1.8128962516784668, 2.0189993381500244, 1.6750259399414062, 1.7416117191314697, 1.7786054611206055, 1.780791997909546, 1.7509183883666992, 1.7458077669143677, 1.735871434211731, 1.7622923851013184, 1.7352536916732788, 1.7920496463775635, 1.7410601377487183, 1.7541728019714355, 1.7659097909927368, 1.781171441078186, 1.7576298713684082, 1.7497210502624512, 1.7602269649505615, 1.7690300941467285, 1.7609107494354248, 1.776941180229187, 1.7720317840576172, 1.7642812728881836, 1.7648435831069946, 1.773773193359375, 1.7671234607696533, 1.7703086137771606]",0.7056000232696533,,987725164,,3582244,,,,,,0.25,0.25,0.0,77,15,400,400,0.1925,0.0375,False,BEST,1.0,True,True,"[[81  0  0 ...  0  0  0]
 [ 0 83  0 ...  0  0  0]
 [ 0  0 56 ...  0  2  0]
 ...
 [ 0  0  0 ... 74  0  0]
 [ 0  0  2 ...  0 53  0]
 [ 0  0  0 ...  0  0 74]]",0.7055,0.715756541,0.7055,0.705967446,4
BJOWDZ[M],,27,20,15,False,False,"[14, 60, 39, 29, 28, 23, 54, 7]",[],"[{'INP': 32}, {'CONV': [64, 3]}, ({'CONV': [32, 5]}, {'CONV': [256, 3]}), ({'CONV': [256, 5]}, {'CONV': [128, 3]}, {'POOLMAX': [-1, 2]}), ({'CONV': [128, 3]}, {'CONV': [256, 5]}), ({'CONV': [64, 5]}, {'CONV': [128, 5]}, {'POOLMAX': [-1, 2]}), ({'CONV': [64, 5]}, {'CONV': [128, 3]}), ({'CONV': [64, 3]}, {'CONV': [256, 5]}, {'POOLMAX': [-1, 2]}), ({'CONV': [256, 3]}, {'CONV': [256, 3]}), ({'CONV': [32, 3]}, {'CONV': [256, 5]}, {'POOLMAX': [-1, 2]}), {'GLOBAL_AVG': None}, {'LAST_DENSE': [100, 'softmax']}]",UC,MPAR,GA,70,"[0.0925000011920929, 0.1615000069141388, 0.25369998812675476, 0.29269999265670776, 0.357699990272522, 0.44020000100135803, 0.36910000443458557, 0.4255000054836273, 0.42410001158714294, 0.3971000015735626, 0.42660000920295715, 0.5112000107765198, 0.5218999981880188, 0.5551000237464905, 0.4997999966144562, 0.5609999895095825, 0.5814999938011169, 0.5002999901771545, 0.585099995136261, 0.5486000180244446, 0.5819000005722046, 0.611299991607666, 0.5572999715805054, 0.5088000297546387, 0.5666000247001648, 0.5866000056266785, 0.588699996471405, 0.6420999765396118, 0.6317999958992004, 0.6456999778747559, 0.6366999745368958, 0.6568999886512756, 0.6362000107765198, 0.6381999850273132, 0.6173999905586243, 0.6574000120162964, 0.657800018787384, 0.6797999739646912, 0.6859999895095825, 0.6600000262260437, 0.6786999702453613, 0.675000011920929, 0.6729000210762024, 0.6769999861717224, 0.682200014591217, 0.6830999851226807, 0.6809999942779541, 0.6779000163078308, 0.683899998664856, 0.6845999956130981, 0.6906999945640564, 0.6890000104904175, 0.6895999908447266, 0.6901999711990356, 0.6895999908447266, 0.6915000081062317, 0.6912999749183655, 0.6915000081062317, 0.6888999938964844, 0.6919999718666077, 0.6931999921798706, 0.6930000185966492, 0.6924999952316284, 0.6934000253677368, 0.6930999755859375, 0.6920999884605408, 0.6926000118255615, 0.6924999952316284, 0.6915000081062317, 0.6920999884605408]","[4.26370096206665, 3.8526577949523926, 3.2748007774353027, 3.088275194168091, 2.8341407775878906, 2.4610323905944824, 2.8352878093719482, 2.570155620574951, 2.8254354000091553, 2.799577474594116, 2.7458395957946777, 2.280515670776367, 2.231320858001709, 2.0517261028289795, 2.381073236465454, 2.0436482429504395, 1.911643385887146, 2.3600876331329346, 1.9161298274993896, 2.1096630096435547, 1.948290467262268, 1.8038384914398193, 2.160104274749756, 2.385434865951538, 2.05558180809021, 2.029937744140625, 1.9434336423873901, 1.739033579826355, 1.7819509506225586, 1.7029228210449219, 1.7901008129119873, 1.6630789041519165, 1.7986773252487183, 1.7879382371902466, 1.926072597503662, 1.6963433027267456, 1.6758482456207275, 1.573744297027588, 1.557625651359558, 1.7400296926498413, 1.6060011386871338, 1.651563048362732, 1.6874388456344604, 1.6516823768615723, 1.6353033781051636, 1.6272430419921875, 1.6382049322128296, 1.671212911605835, 1.6274826526641846, 1.6390022039413452, 1.6000033617019653, 1.631345272064209, 1.6201332807540894, 1.618417739868164, 1.6295095682144165, 1.635483741760254, 1.628251314163208, 1.6316146850585938, 1.632544994354248, 1.6247919797897339, 1.625279426574707, 1.6262632608413696, 1.6366196870803833, 1.6251590251922607, 1.6236132383346558, 1.6306447982788086, 1.6333469152450562, 1.637800931930542, 1.6322650909423828, 1.6297658681869507]",0.6920999884605408,,1230617004,,4773028,,,,,,0.125,0.25,0.0,65,34,400,400,0.1625,0.085,False,BEST,0.95,True,True,"[[85  0  0 ...  0  0  0]
 [ 0 82  0 ...  0  0  0]
 [ 0  0 61 ...  0  3  0]
 ...
 [ 0  0  0 ... 70  0  0]
 [ 0  1  4 ...  0 48  1]
 [ 0  0  0 ...  0  0 73]]",0.692,0.703015799,0.692,0.692730789,56
BVCOPF[M],,28,20,17,True,True,"[49, 62, 39, 38, 46, 38, 39, 39]",[],"[{'INP': 32}, {'CONV': [64, 3]}, ({'CONV': [256, 3]}, {'CONV': [32, 5]}), ({'CONV': [256, 5]}, {'CONV': [256, 3]}, {'POOLMAX': [-1, 2]}), ({'CONV': [128, 3]}, {'CONV': [256, 5]}), ({'CONV': [128, 3]}, {'CONV': [256, 3]}, {'POOLMAX': [-1, 2]}), ({'CONV': [128, 5]}, {'CONV': [256, 3]}), ({'CONV': [128, 3]}, {'CONV': [256, 3]}, {'POOLMAX': [-1, 2]}), ({'CONV': [128, 3]}, {'CONV': [256, 5]}), ({'CONV': [128, 3]}, {'CONV': [256, 5]}, {'POOLMAX': [-1, 2]}), {'GLOBAL_AVG': None}, {'LAST_DENSE': [100, 'softmax']}]",UC,MPAR,GA,70,"[0.10220000147819519, 0.20509999990463257, 0.23489999771118164, 0.3700000047683716, 0.382099986076355, 0.39899998903274536, 0.4507000148296356, 0.46050000190734863, 0.4496000111103058, 0.49050000309944153, 0.428600013256073, 0.46880000829696655, 0.5246000289916992, 0.5544999837875366, 0.5188000202178955, 0.4632999897003174, 0.5464000105857849, 0.5375999808311462, 0.5475999712944031, 0.6470000147819519, 0.6202999949455261, 0.589900016784668, 0.6086999773979187, 0.6233999729156494, 0.61080002784729, 0.6729000210762024, 0.682699978351593, 0.6775000095367432, 0.6514000296592712, 0.6571000218391418, 0.6773999929428101, 0.6845999956130981, 0.6919000148773193, 0.6919000148773193, 0.7050999999046326, 0.6963000297546387, 0.7009000182151794, 0.6998000144958496, 0.6984999775886536, 0.6949999928474426, 0.7062000036239624, 0.7063999772071838, 0.7077000141143799, 0.7044000029563904, 0.7049000263214111, 0.7059000134468079, 0.7059999704360962, 0.7026000022888184, 0.707099974155426, 0.7127000093460083, 0.7092000246047974, 0.7085999846458435, 0.7077000141143799, 0.7075999975204468, 0.7096999883651733, 0.7098000049591064, 0.7111999988555908, 0.710099995136261, 0.7105000019073486, 0.7110999822616577, 0.7124999761581421, 0.7110000252723694, 0.710099995136261, 0.7111999988555908, 0.7128000259399414, 0.711899995803833, 0.7132999897003174, 0.7125999927520752, 0.7139000296592712, 0.7135999798774719]","[4.258178234100342, 3.5668375492095947, 4.02354097366333, 2.767390251159668, 2.7973074913024902, 2.815991163253784, 2.5846211910247803, 2.568066120147705, 2.645366907119751, 2.4122352600097656, 2.7677979469299316, 2.6535332202911377, 2.3217084407806396, 2.2169628143310547, 2.4375991821289062, 2.8297557830810547, 2.3060054779052734, 2.404458999633789, 2.3342831134796143, 1.8668086528778076, 1.9645166397094727, 2.1295742988586426, 2.0878612995147705, 1.948415994644165, 2.0401196479797363, 1.7308435440063477, 1.6858469247817993, 1.7027599811553955, 1.8727902173995972, 1.8422603607177734, 1.7335954904556274, 1.718624234199524, 1.677527904510498, 1.6816613674163818, 1.6025478839874268, 1.6274441480636597, 1.6722393035888672, 1.6454943418502808, 1.6503088474273682, 1.6888408660888672, 1.6297006607055664, 1.638819694519043, 1.6242417097091675, 1.662083625793457, 1.6853132247924805, 1.6597859859466553, 1.6791554689407349, 1.6709402799606323, 1.6683297157287598, 1.6561713218688965, 1.68476402759552, 1.6932727098464966, 1.6893117427825928, 1.6944576501846313, 1.6881715059280396, 1.690441370010376, 1.684981107711792, 1.6830576658248901, 1.6835956573486328, 1.684208631515503, 1.680518388748169, 1.6874758005142212, 1.694636344909668, 1.685336947441101, 1.6878950595855713, 1.6956043243408203, 1.682863712310791, 1.6917849779129028, 1.6911853551864624, 1.6913392543792725]",0.7135999798774719,,702111404,,5228708,,,,,"[49, 62, 39, 37, 46, 38, 39, 39]",0.0,0.125,0.125,100,33,400,400,0.25,0.0825,False,BEST,0.55,True,True,"[[87  0  0 ...  0  0  0]
 [ 0 80  1 ...  0  0  0]
 [ 0  0 62 ...  0  3  0]
 ...
 [ 0  0  0 ... 72  0  0]
 [ 0  0  3 ...  0 51  0]
 [ 0  0  0 ...  0  0 74]]",0.7136,0.724938401,0.7136,0.714294619,7
BBRWHH[M],,29,20,19,True,True,"[22, 46, 16, 35, 53, 38, 47, 15]",[],"[{'INP': 32}, {'CONV': [64, 3]}, ({'CONV': [64, 3]}, {'CONV': [256, 3]}), ({'CONV': [128, 5]}, {'CONV': [256, 3]}, {'POOLMAX': [-1, 2]}), ({'CONV': [64, 3]}, {'CONV': [32, 3]}), ({'CONV': [128, 3]}, {'CONV': [64, 5]}, {'POOLMAX': [-1, 2]}), ({'CONV': [256, 3]}, {'CONV': [128, 5]}), ({'CONV': [128, 3]}, {'CONV': [256, 3]}, {'POOLMAX': [-1, 2]}), ({'CONV': [128, 5]}, {'CONV': [256, 5]}), ({'CONV': [32, 5]}, {'CONV': [256, 5]}, {'POOLMAX': [-1, 2]}), {'GLOBAL_AVG': None}, {'LAST_DENSE': [100, 'softmax']}]",UC,MPAR,GA,70,"[0.11060000211000443, 0.23090000450611115, 0.2791000008583069, 0.33329999446868896, 0.328900009393692, 0.38690000772476196, 0.41119998693466187, 0.4034000039100647, 0.46709999442100525, 0.43290001153945923, 0.5051000118255615, 0.5406000018119812, 0.5126000046730042, 0.36640000343322754, 0.5282999873161316, 0.4961000084877014, 0.5354999899864197, 0.6096000075340271, 0.6226000189781189, 0.6097999811172485, 0.6176000237464905, 0.6355999708175659, 0.6010000109672546, 0.6129000186920166, 0.5845000147819519, 0.611299991607666, 0.633400022983551, 0.649399995803833, 0.6654999852180481, 0.6582000255584717, 0.6643000245094299, 0.6678000092506409, 0.6722000241279602, 0.6541000008583069, 0.6919000148773193, 0.6850000023841858, 0.6886000037193298, 0.6894999742507935, 0.6879000067710876, 0.680899977684021, 0.6996999979019165, 0.7069000005722046, 0.6916000247001648, 0.6930000185966492, 0.7010999917984009, 0.7046999931335449, 0.704800009727478, 0.7080000042915344, 0.7073000073432922, 0.7052000164985657, 0.7045999765396118, 0.7067000269889832, 0.7074000239372253, 0.7088000178337097, 0.7059999704360962, 0.7092999815940857, 0.7081000208854675, 0.708899974822998, 0.7092000246047974, 0.7093999981880188, 0.7074999809265137, 0.7096999883651733, 0.7089999914169312, 0.7084000110626221, 0.7084000110626221, 0.7085999846458435, 0.7084000110626221, 0.708299994468689, 0.7102000117301941, 0.710099995136261]","[4.035074710845947, 3.3390305042266846, 3.1791369915008545, 2.9522757530212402, 3.0550596714019775, 2.796482801437378, 2.8567731380462646, 2.769895315170288, 2.5533268451690674, 2.749063014984131, 2.3292911052703857, 2.194288969039917, 2.3624377250671387, 3.5610902309417725, 2.2671189308166504, 2.4920613765716553, 2.2582788467407227, 1.9374229907989502, 1.856673240661621, 1.8845787048339844, 1.876110553741455, 1.780316948890686, 1.9680453538894653, 1.8922818899154663, 2.1251907348632812, 1.9296079874038696, 1.826811671257019, 1.7774487733840942, 1.6815366744995117, 1.7137898206710815, 1.7248222827911377, 1.7049431800842285, 1.6918617486953735, 1.7736635208129883, 1.5853545665740967, 1.6207009553909302, 1.642760157585144, 1.635815978050232, 1.6221330165863037, 1.6747627258300781, 1.6109486818313599, 1.5909010171890259, 1.6455482244491577, 1.6409116983413696, 1.6201483011245728, 1.5981825590133667, 1.5999736785888672, 1.601304292678833, 1.5922642946243286, 1.6006196737289429, 1.6029541492462158, 1.599716067314148, 1.605399489402771, 1.6137654781341553, 1.6156589984893799, 1.6169607639312744, 1.6128368377685547, 1.607891321182251, 1.6120736598968506, 1.6108028888702393, 1.611604928970337, 1.6096583604812622, 1.612417459487915, 1.6129931211471558, 1.6077958345413208, 1.6111539602279663, 1.6139190196990967, 1.6102885007858276, 1.6117870807647705, 1.6147998571395874]",0.710099995136261,,919156908,,4917412,,,,,"[21, 46, 15, 35, 53, 38, 47, 15]",0.0,0.25,0.25,38,32,400,400,0.095,0.08,False,BEST,1.0,True,True,"[[86  0  0 ...  0  0  0]
 [ 0 78  0 ...  0  0  0]
 [ 0  0 58 ...  0  3  0]
 ...
 [ 0  0  0 ... 72  0  0]
 [ 0  0  4 ...  0 49  0]
 [ 0  0  1 ...  0  0 76]]",0.71,0.721844866,0.71,0.711345764,15
BINKOI[M],,30,20,3,False,False,"[6, 30, 20, 63, 30, 6, 4, 39]",[],"[{'INP': 32}, {'CONV': [64, 3]}, ({'CONV': [32, 3]}, {'CONV': [256, 3]}), ({'CONV': [64, 5]}, {'CONV': [256, 3]}, {'POOLMAX': [-1, 2]}), ({'CONV': [64, 3]}, {'CONV': [128, 3]}), ({'CONV': [256, 5]}, {'CONV': [256, 5]}, {'POOLMAX': [-1, 2]}), ({'CONV': [64, 5]}, {'CONV': [256, 3]}), ({'CONV': [32, 3]}, {'CONV': [256, 3]}, {'POOLMAX': [-1, 2]}), ({'CONV': [32, 3]}, {'CONV': [128, 3]}), ({'CONV': [128, 3]}, {'CONV': [256, 5]}, {'POOLMAX': [-1, 2]}), {'GLOBAL_AVG': None}, {'LAST_DENSE': [100, 'softmax']}]",UC,MPAR,GA,70,"[0.08219999819993973, 0.18559999763965607, 0.274399995803833, 0.32420000433921814, 0.3578999936580658, 0.3716999888420105, 0.36820000410079956, 0.4456999897956848, 0.42899999022483826, 0.4788999855518341, 0.46860000491142273, 0.47369998693466187, 0.447299987077713, 0.4876999855041504, 0.5249999761581421, 0.5304999947547913, 0.5752999782562256, 0.5867000222206116, 0.5254999995231628, 0.5418000221252441, 0.5097000002861023, 0.5429999828338623, 0.5264999866485596, 0.6103000044822693, 0.6274999976158142, 0.6304000020027161, 0.6381000280380249, 0.6240000128746033, 0.6326000094413757, 0.633400022983551, 0.6384999752044678, 0.6226000189781189, 0.6378999948501587, 0.6632000207901001, 0.6431999802589417, 0.6338000297546387, 0.6431999802589417, 0.6421999931335449, 0.6069999933242798, 0.6646999716758728, 0.6604999899864197, 0.669700026512146, 0.666700005531311, 0.6629999876022339, 0.6866999864578247, 0.6959999799728394, 0.6933000087738037, 0.694100022315979, 0.6840000152587891, 0.6899999976158142, 0.6995000243186951, 0.6951000094413757, 0.694599986076355, 0.6949999928474426, 0.6822999715805054, 0.6973999738693237, 0.7005000114440918, 0.6988000273704529, 0.697700023651123, 0.6955000162124634, 0.6940000057220459, 0.7027999758720398, 0.7059000134468079, 0.7023000121116638, 0.7028999924659729, 0.7044000029563904, 0.7017999887466431, 0.7021999955177307, 0.7050999999046326, 0.7045000195503235]","[4.237493515014648, 3.712648868560791, 3.2278220653533936, 3.034473180770874, 2.897207260131836, 2.8005294799804688, 2.854297161102295, 2.558830976486206, 2.6432831287384033, 2.3744797706604004, 2.473130226135254, 2.5013508796691895, 2.7316856384277344, 2.4816465377807617, 2.2827134132385254, 2.354560136795044, 2.0842385292053223, 2.0265450477600098, 2.3349504470825195, 2.216616153717041, 2.4808313846588135, 2.2606446743011475, 2.355196475982666, 1.9869247674942017, 1.8616838455200195, 1.854751706123352, 1.8195323944091797, 1.906960129737854, 1.8382394313812256, 1.8855605125427246, 1.7965953350067139, 1.916560173034668, 1.8361620903015137, 1.700334906578064, 1.8254868984222412, 1.892594575881958, 1.7993452548980713, 1.850587248802185, 2.1064696311950684, 1.7635624408721924, 1.7910597324371338, 1.7660870552062988, 1.7759257555007935, 1.7918248176574707, 1.676437497138977, 1.6503682136535645, 1.661134123802185, 1.6978808641433716, 1.6926052570343018, 1.6936298608779907, 1.62871253490448, 1.6649500131607056, 1.6541904211044312, 1.6934254169464111, 1.7819494009017944, 1.6641842126846313, 1.6540989875793457, 1.6674734354019165, 1.6899820566177368, 1.7169808149337769, 1.7336523532867432, 1.674481987953186, 1.6711177825927734, 1.6875271797180176, 1.690662145614624, 1.6788511276245117, 1.6947851181030273, 1.6925767660140991, 1.6897168159484863, 1.7010751962661743]",0.7045000195503235,,842094828,,4950564,,,,,,0.5,0.5,0.0,25,8,400,400,0.0625,0.02,False,BEST,0.95,True,True,"[[83  0  0 ...  0  0  0]
 [ 0 86  0 ...  0  0  0]
 [ 0  1 63 ...  0  1  0]
 ...
 [ 0  0  0 ... 67  0  0]
 [ 0  0  3 ...  0 45  1]
 [ 0  0  0 ...  0  0 74]]",0.7045,0.716554908,0.7045,0.705252787,79
BFKDHH[M],,1,20,15,False,False,"[26, 34, 4, 62, 53, 4, 28, 55]",[],"[{'INP': 32}, {'CONV': [64, 3]}, ({'CONV': [64, 5]}, {'CONV': [64, 3]}), ({'CONV': [128, 3]}, {'CONV': [64, 3]}, {'POOLMAX': [-1, 2]}), ({'CONV': [32, 3]}, {'CONV': [128, 3]}), ({'CONV': [256, 5]}, {'CONV': [256, 3]}, {'POOLMAX': [-1, 2]}), ({'CONV': [256, 3]}, {'CONV': [128, 5]}), ({'CONV': [32, 3]}, {'CONV': [128, 3]}, {'POOLMAX': [-1, 2]}), ({'CONV': [64, 5]}, {'CONV': [128, 3]}), ({'CONV': [256, 3]}, {'CONV': [256, 5]}, {'POOLMAX': [-1, 2]}), {'GLOBAL_AVG': None}, {'LAST_DENSE': [100, 'softmax']}]",UC,MSWAP,GA,70,"[0.10700000077486038, 0.21690000593662262, 0.21789999306201935, 0.2930000126361847, 0.32600000500679016, 0.3779999911785126, 0.36640000343322754, 0.4235999882221222, 0.42170000076293945, 0.41440001130104065, 0.426800012588501, 0.4494999945163727, 0.4693000018596649, 0.5080000162124634, 0.48350000381469727, 0.5170999765396118, 0.4717000126838684, 0.5133000016212463, 0.5040000081062317, 0.5895000100135803, 0.604200005531311, 0.6026999950408936, 0.544700026512146, 0.6133000254631042, 0.5763999819755554, 0.5914999842643738, 0.5677000284194946, 0.6238999962806702, 0.6195999979972839, 0.5807999968528748, 0.6234999895095825, 0.6216999888420105, 0.5992000102996826, 0.6377999782562256, 0.6448000073432922, 0.6068999767303467, 0.6359999775886536, 0.6305000185966492, 0.642799973487854, 0.6514000296592712, 0.6488999724388123, 0.6464999914169312, 0.6394000053405762, 0.6402000188827515, 0.6585000157356262, 0.644599974155426, 0.6243000030517578, 0.6384999752044678, 0.6362000107765198, 0.6376000046730042, 0.6654000282287598, 0.6736000180244446, 0.6658999919891357, 0.6765999794006348, 0.6625999808311462, 0.6646999716758728, 0.6651999950408936, 0.6593000292778015, 0.6656000018119812, 0.6739000082015991, 0.6740000247955322, 0.6758000254631042, 0.680400013923645, 0.6848999857902527, 0.6820999979972839, 0.684499979019165, 0.6804999709129333, 0.6844000220298767, 0.6802999973297119, 0.6793000102043152]","[4.028327941894531, 3.475099563598633, 3.6495211124420166, 3.122809886932373, 2.9941565990448, 2.79245924949646, 2.8445181846618652, 2.5799176692962646, 2.6903553009033203, 2.7523598670959473, 2.7130415439605713, 2.6581075191497803, 2.485161304473877, 2.300532579421997, 2.4414873123168945, 2.31419038772583, 2.614015817642212, 2.3918590545654297, 2.4122934341430664, 1.982637643814087, 1.9430947303771973, 1.8888152837753296, 2.1871278285980225, 1.8602203130722046, 2.053478479385376, 1.975951910018921, 2.1198232173919678, 1.8372353315353394, 1.8734397888183594, 2.084084987640381, 1.8532629013061523, 1.8649204969406128, 1.998719334602356, 1.8201243877410889, 1.8077466487884521, 2.0409765243530273, 1.8202862739562988, 1.8425384759902954, 1.7886461019515991, 1.7382653951644897, 1.7633368968963623, 1.7823470830917358, 1.853089690208435, 1.8350589275360107, 1.732069730758667, 1.8322622776031494, 1.9431898593902588, 1.9010330438613892, 1.8627543449401855, 1.8872017860412598, 1.728684902191162, 1.7365175485610962, 1.7621954679489136, 1.722508430480957, 1.798852562904358, 1.8125972747802734, 1.7970499992370605, 1.8054741621017456, 1.814228892326355, 1.7652709484100342, 1.8018693923950195, 1.7889312505722046, 1.7579978704452515, 1.7444111108779907, 1.7820420265197754, 1.7580845355987549, 1.790463924407959, 1.766876220703125, 1.788083553314209, 1.7958306074142456]",0.6793000102043152,,681022956,,5944356,,,,,,0.25,0.25,0.0,81,46,400,400,0.2025,0.115,False,BEST,0.55,True,True,"[[86  0  0 ...  0  0  0]
 [ 0 80  1 ...  0  0  0]
 [ 0  0 61 ...  0  3  0]
 ...
 [ 0  0  0 ... 66  0  0]
 [ 0  0  3 ...  0 55  0]
 [ 0  0  1 ...  0  0 69]]",0.6794,0.69092096,0.6794,0.679643837,58
BZYXOI[M],,2,20,14,False,False,"[54, 48, 32, 54, 43, 6, 47, 55]",[],"[{'INP': 32}, {'CONV': [64, 3]}, ({'CONV': [256, 3]}, {'CONV': [256, 3]}), ({'CONV': [256, 3]}, {'CONV': [32, 3]}, {'POOLMAX': [-1, 2]}), ({'CONV': [128, 3]}, {'CONV': [32, 3]}), ({'CONV': [256, 3]}, {'CONV': [256, 3]}, {'POOLMAX': [-1, 2]}), ({'CONV': [128, 5]}, {'CONV': [64, 5]}), ({'CONV': [32, 3]}, {'CONV': [256, 3]}, {'POOLMAX': [-1, 2]}), ({'CONV': [128, 5]}, {'CONV': [256, 5]}), ({'CONV': [256, 3]}, {'CONV': [256, 5]}, {'POOLMAX': [-1, 2]}), {'GLOBAL_AVG': None}, {'LAST_DENSE': [100, 'softmax']}]",UC,MSWAP,GA,70,"[0.13519999384880066, 0.2524000108242035, 0.2506999969482422, 0.33730000257492065, 0.36640000343322754, 0.3917999863624573, 0.4138999879360199, 0.4528000056743622, 0.47209998965263367, 0.4481000006198883, 0.4381999969482422, 0.4973999857902527, 0.5325999855995178, 0.49300000071525574, 0.5187000036239624, 0.4544999897480011, 0.5307000279426575, 0.5091000199317932, 0.5997999906539917, 0.6018999814987183, 0.5920000076293945, 0.5812000036239624, 0.5996999740600586, 0.5439000129699707, 0.5945000052452087, 0.6312000155448914, 0.6414999961853027, 0.6582000255584717, 0.6334999799728394, 0.6489999890327454, 0.6514999866485596, 0.6711999773979187, 0.6611999869346619, 0.6531000137329102, 0.6541000008583069, 0.6460000276565552, 0.656499981880188, 0.6657000184059143, 0.6715999841690063, 0.6747999787330627, 0.6780999898910522, 0.667900025844574, 0.6733999848365784, 0.6741999983787537, 0.6669999957084656, 0.6722999811172485, 0.6722999811172485, 0.6705999970436096, 0.6758999824523926, 0.6868000030517578, 0.6798999905586243, 0.6823999881744385, 0.6861000061035156, 0.6820999979972839, 0.6847000122070312, 0.6899999976158142, 0.6845999956130981, 0.6819999814033508, 0.684499979019165, 0.6833000183105469, 0.6819999814033508, 0.6855000257492065, 0.6837999820709229, 0.6875, 0.6880000233650208, 0.6901999711990356, 0.6890000104904175, 0.6898999810218811, 0.689300000667572, 0.6883999705314636]","[3.877686023712158, 3.1785507202148438, 3.438718795776367, 2.8300750255584717, 2.8047611713409424, 2.7329137325286865, 2.583132743835449, 2.423949718475342, 2.3505640029907227, 2.5835487842559814, 2.5579755306243896, 2.3282063007354736, 2.1410439014434814, 2.3456215858459473, 2.2391679286956787, 2.6572418212890625, 2.1863112449645996, 2.388859987258911, 1.9124144315719604, 1.8787275552749634, 1.8840136528015137, 1.9930514097213745, 1.9501019716262817, 2.2215144634246826, 1.9585374593734741, 1.784985899925232, 1.7447338104248047, 1.6412218809127808, 1.7628357410430908, 1.6996965408325195, 1.688202977180481, 1.5930287837982178, 1.6570791006088257, 1.6860262155532837, 1.679992437362671, 1.7487989664077759, 1.6769109964370728, 1.6438437700271606, 1.610292911529541, 1.6043258905410767, 1.5751391649246216, 1.669007420539856, 1.6335344314575195, 1.6412822008132935, 1.6721950769424438, 1.6451771259307861, 1.6401396989822388, 1.669089674949646, 1.6264797449111938, 1.5882365703582764, 1.629337191581726, 1.6006250381469727, 1.6056268215179443, 1.619055986404419, 1.6174615621566772, 1.5653436183929443, 1.5961593389511108, 1.621342658996582, 1.6083682775497437, 1.63349187374115, 1.6240266561508179, 1.6127244234085083, 1.6258931159973145, 1.5993967056274414, 1.6034932136535645, 1.5903538465499878, 1.5978535413742065, 1.593831181526184, 1.6029386520385742, 1.5970479249954224]",0.6883999705314636,,438133804,,3429796,,,,,,0.125,0.25,0.25,40,22,400,400,0.1,0.055,False,BEST,0.45,True,True,"[[81  0  0 ...  0  0  0]
 [ 0 80  1 ...  0  0  0]
 [ 0  1 60 ...  0  4  0]
 ...
 [ 0  0  0 ... 64  0  0]
 [ 0  1  3 ...  0 48  1]
 [ 0  0  0 ...  0  0 72]]",0.6884,0.702288505,0.6884,0.689395467,96
BAHYXW[M],,3,20,17,False,False,"[7, 12, 4, 42, 51, 7, 39, 55]",[],"[{'INP': 32}, {'CONV': [64, 3]}, ({'CONV': [32, 3]}, {'CONV': [256, 5]}), ({'CONV': [32, 5]}, {'CONV': [128, 3]}, {'POOLMAX': [-1, 2]}), ({'CONV': [32, 3]}, {'CONV': [128, 3]}), ({'CONV': [128, 5]}, {'CONV': [64, 3]}, {'POOLMAX': [-1, 2]}), ({'CONV': [256, 3]}, {'CONV': [64, 5]}), ({'CONV': [32, 3]}, {'CONV': [256, 5]}, {'POOLMAX': [-1, 2]}), ({'CONV': [128, 3]}, {'CONV': [256, 5]}), ({'CONV': [256, 3]}, {'CONV': [256, 5]}, {'POOLMAX': [-1, 2]}), {'GLOBAL_AVG': None}, {'LAST_DENSE': [100, 'softmax']}]",UC,MSWAP,GA,70,"[0.0860000029206276, 0.21410000324249268, 0.2476000040769577, 0.3337000012397766, 0.30640000104904175, 0.3781999945640564, 0.44780001044273376, 0.35740000009536743, 0.4666000008583069, 0.47290000319480896, 0.4596000015735626, 0.4426000118255615, 0.5062999725341797, 0.5231000185012817, 0.4880000054836273, 0.5260000228881836, 0.525600016117096, 0.534600019454956, 0.5257999897003174, 0.49399998784065247, 0.5296000242233276, 0.5514000058174133, 0.5533999800682068, 0.5332000255584717, 0.5751000046730042, 0.5544999837875366, 0.5795999765396118, 0.5856000185012817, 0.569100022315979, 0.583899974822998, 0.554099977016449, 0.5482000112533569, 0.6101999878883362, 0.6444000005722046, 0.6180999875068665, 0.595300018787384, 0.6248999834060669, 0.6434999704360962, 0.6295999884605408, 0.6184999942779541, 0.608299970626831, 0.6320000290870667, 0.6438000202178955, 0.6610999703407288, 0.6721000075340271, 0.6556000113487244, 0.6624000072479248, 0.6611999869346619, 0.6585999727249146, 0.678600013256073, 0.6615999937057495, 0.6539000272750854, 0.6869999766349792, 0.6570000052452087, 0.6589000225067139, 0.675599992275238, 0.6714000105857849, 0.6535999774932861, 0.6934000253677368, 0.6888999938964844, 0.6848999857902527, 0.6875, 0.6858000159263611, 0.6901000142097473, 0.7009999752044678, 0.6908000111579895, 0.6947000026702881, 0.6970000267028809, 0.6973999738693237, 0.6976000070571899]","[4.285327434539795, 3.4073026180267334, 3.600710153579712, 2.8651301860809326, 3.2111895084381104, 2.772061824798584, 2.403043270111084, 2.9090821743011475, 2.345569372177124, 2.312166690826416, 2.458505630493164, 2.6078341007232666, 2.301952838897705, 2.1878840923309326, 2.4096357822418213, 2.228971004486084, 2.1965746879577637, 2.1743197441101074, 2.1987287998199463, 2.412130355834961, 2.2662291526794434, 2.0839719772338867, 2.099673271179199, 2.2233805656433105, 2.01908802986145, 2.1475040912628174, 2.012908697128296, 2.0130887031555176, 2.058502435684204, 2.0449678897857666, 2.176405191421509, 2.2496583461761475, 1.9304790496826172, 1.7442378997802734, 1.904938817024231, 2.033278226852417, 1.865058183670044, 1.7127749919891357, 1.8173949718475342, 1.8423659801483154, 1.9252758026123047, 1.8174775838851929, 1.7737013101577759, 1.6816474199295044, 1.6529929637908936, 1.7271465063095093, 1.675633192062378, 1.684664249420166, 1.6897790431976318, 1.6214863061904907, 1.6837238073349, 1.7446383237838745, 1.569365382194519, 1.7793740034103394, 1.707733392715454, 1.647950530052185, 1.665474772453308, 1.766478180885315, 1.5564401149749756, 1.5814753770828247, 1.5718138217926025, 1.6052918434143066, 1.631658673286438, 1.5965118408203125, 1.5539677143096924, 1.603763461112976, 1.5948318243026733, 1.5728031396865845, 1.6101011037826538, 1.570009708404541]",0.6976000070571899,,853292460,,3291812,,,,,,0.25,0.375,0.0,97,36,400,400,0.2425,0.09,False,BEST,0.25,True,True,"[[90  0  0 ...  0  0  0]
 [ 0 85  0 ...  0  0  0]
 [ 0  0 58 ...  0  3  0]
 ...
 [ 0  0  0 ... 69  0  0]
 [ 0  0  4 ...  0 38  0]
 [ 0  0  0 ...  0  0 73]]",0.6973,0.707156524,0.6973,0.697140791,135
BSKGWQ[M],,4,20,18,False,False,"[52, 46, 23, 29, 62, 6, 58, 55]",[],"[{'INP': 32}, {'CONV': [64, 3]}, ({'CONV': [256, 3]}, {'CONV': [128, 3]}), ({'CONV': [128, 5]}, {'CONV': [256, 3]}, {'POOLMAX': [-1, 2]}), ({'CONV': [64, 3]}, {'CONV': [256, 5]}), ({'CONV': [64, 5]}, {'CONV': [128, 5]}, {'POOLMAX': [-1, 2]}), ({'CONV': [256, 5]}, {'CONV': [256, 3]}), ({'CONV': [32, 3]}, {'CONV': [256, 3]}, {'POOLMAX': [-1, 2]}), ({'CONV': [256, 5]}, {'CONV': [64, 3]}), ({'CONV': [256, 3]}, {'CONV': [256, 5]}, {'POOLMAX': [-1, 2]}), {'GLOBAL_AVG': None}, {'LAST_DENSE': [100, 'softmax']}]",UC,MSWAP,GA,70,"[0.13750000298023224, 0.17509999871253967, 0.29510000348091125, 0.2750000059604645, 0.3652999997138977, 0.37450000643730164, 0.4526999890804291, 0.35830000042915344, 0.4546999931335449, 0.4900999963283539, 0.46860000491142273, 0.49059998989105225, 0.48820000886917114, 0.5078999996185303, 0.49619999527931213, 0.5073999762535095, 0.5472000241279602, 0.5157999992370605, 0.531499981880188, 0.5515999794006348, 0.5690000057220459, 0.5583999752998352, 0.5022000074386597, 0.5630000233650208, 0.5419999957084656, 0.578499972820282, 0.5532000064849854, 0.5042999982833862, 0.6043000221252441, 0.5604000091552734, 0.5781000256538391, 0.555899977684021, 0.5473999977111816, 0.5837000012397766, 0.6571999788284302, 0.6567999720573425, 0.6462000012397766, 0.6299999952316284, 0.6568999886512756, 0.6643999814987183, 0.6622999906539917, 0.6324999928474426, 0.6484000086784363, 0.6452999711036682, 0.6502000093460083, 0.6657000184059143, 0.6736000180244446, 0.6919000148773193, 0.6812999844551086, 0.6765999794006348, 0.6690999865531921, 0.6733999848365784, 0.6844000220298767, 0.697700023651123, 0.6953999996185303, 0.6912000179290771, 0.6970999836921692, 0.7001000046730042, 0.7062000036239624, 0.7038999795913696, 0.6912000179290771, 0.704800009727478, 0.7055000066757202, 0.6955999732017517, 0.7041000127792358, 0.7019000053405762, 0.6988000273704529, 0.7038000226020813, 0.7041000127792358, 0.7071999907493591]","[3.999100685119629, 3.854182720184326, 3.103442430496216, 3.415614366531372, 2.912642002105713, 2.9053192138671875, 2.5258617401123047, 3.28358793258667, 2.631753444671631, 2.404285430908203, 2.529538869857788, 2.4573276042938232, 2.48037052154541, 2.3928303718566895, 2.488093852996826, 2.5181403160095215, 2.237356185913086, 2.363203763961792, 2.3446731567382812, 2.2483136653900146, 2.1930594444274902, 2.28279709815979, 2.5569560527801514, 2.227132797241211, 2.3647358417510986, 2.13714337348938, 2.2622807025909424, 2.537358522415161, 2.0383286476135254, 2.317564010620117, 2.1951327323913574, 2.3079569339752197, 2.4267585277557373, 2.2099597454071045, 1.8418525457382202, 1.8405890464782715, 1.8887097835540771, 1.9448388814926147, 1.8334877490997314, 1.777326226234436, 1.813691258430481, 1.9348716735839844, 1.8645904064178467, 1.9165304899215698, 1.8944110870361328, 1.804181456565857, 1.7908353805541992, 1.6954988241195679, 1.7449849843978882, 1.8075205087661743, 1.7866661548614502, 1.7863454818725586, 1.7269951105117798, 1.677289605140686, 1.6895709037780762, 1.7415320873260498, 1.6973693370819092, 1.6948920488357544, 1.6656197309494019, 1.6962352991104126, 1.7295831441879272, 1.6749083995819092, 1.6658865213394165, 1.731628656387329, 1.6865650415420532, 1.7003703117370605, 1.737416386604309, 1.72590970993042, 1.7069308757781982, 1.6988472938537598]",0.7071999907493591,,2462350572,,6909476,,,,,,0.25,0.125,0.0,92,28,400,400,0.23,0.07,False,BEST,0.5,True,True,"[[81  0  0 ...  0  0  0]
 [ 0 82  0 ...  0  0  0]
 [ 0  0 62 ...  0  2  0]
 ...
 [ 0  0  0 ... 74  0  0]
 [ 0  0  3 ...  0 45  2]
 [ 0  0  0 ...  0  0 74]]",0.7072,0.719660726,0.7072,0.707974722,5
BGIBAB[M],,5,20,17,True,True,"[43, 36, 39, 39, 46, 7, 39, 39]",[],"[{'INP': 32}, {'CONV': [64, 3]}, ({'CONV': [128, 5]}, {'CONV': [64, 5]}), ({'CONV': [128, 3]}, {'CONV': [128, 3]}, {'POOLMAX': [-1, 2]}), ({'CONV': [128, 3]}, {'CONV': [256, 5]}), ({'CONV': [128, 3]}, {'CONV': [256, 5]}, {'POOLMAX': [-1, 2]}), ({'CONV': [128, 5]}, {'CONV': [256, 3]}), ({'CONV': [32, 3]}, {'CONV': [256, 5]}, {'POOLMAX': [-1, 2]}), ({'CONV': [128, 3]}, {'CONV': [256, 5]}), ({'CONV': [128, 3]}, {'CONV': [256, 5]}, {'POOLMAX': [-1, 2]}), {'GLOBAL_AVG': None}, {'LAST_DENSE': [100, 'softmax']}]",UC,MSWAP,GA,70,"[0.09860000014305115, 0.15520000457763672, 0.2363000065088272, 0.3885999917984009, 0.29649999737739563, 0.4092999994754791, 0.4221999943256378, 0.41620001196861267, 0.4580000042915344, 0.40070000290870667, 0.460999995470047, 0.4307999908924103, 0.461899995803833, 0.48739999532699585, 0.5722000002861023, 0.5902000069618225, 0.5522000193595886, 0.5910999774932861, 0.5898000001907349, 0.6148999929428101, 0.6083999872207642, 0.5943999886512756, 0.6107000112533569, 0.5961999893188477, 0.6114000082015991, 0.6484000086784363, 0.6462000012397766, 0.6330999732017517, 0.6449999809265137, 0.6431000232696533, 0.6401000022888184, 0.6453999876976013, 0.6715999841690063, 0.6765999794006348, 0.6754000186920166, 0.6776999831199646, 0.6776999831199646, 0.6808000206947327, 0.6597999930381775, 0.6632999777793884, 0.6845999956130981, 0.6675999760627747, 0.6782000064849854, 0.6721000075340271, 0.6722000241279602, 0.6809999942779541, 0.6944000124931335, 0.6833999752998352, 0.6848000288009644, 0.6883999705314636, 0.6773999929428101, 0.6862000226974487, 0.6836000084877014, 0.6883000135421753, 0.6876000165939331, 0.6972000002861023, 0.6869000196456909, 0.6938999891281128, 0.6915000081062317, 0.6912000179290771, 0.6912000179290771, 0.6880000233650208, 0.6881999969482422, 0.6916000247001648, 0.6890000104904175, 0.691100001335144, 0.6891000270843506, 0.6884999871253967, 0.6909000277519226, 0.692799985408783]","[4.116881847381592, 4.223769187927246, 3.5636227130889893, 2.6272454261779785, 3.263218641281128, 2.5883896350860596, 2.5932154655456543, 2.745738983154297, 2.4535579681396484, 2.918001651763916, 2.4815478324890137, 2.7515783309936523, 2.670309543609619, 2.5259852409362793, 2.0695483684539795, 1.9487335681915283, 2.1597347259521484, 1.9669899940490723, 1.944868803024292, 1.8222699165344238, 1.889878511428833, 1.9461630582809448, 1.8841228485107422, 1.9604413509368896, 1.8767144680023193, 1.751920461654663, 1.7120749950408936, 1.8396146297454834, 1.7706433534622192, 1.7768144607543945, 1.8254427909851074, 1.7932238578796387, 1.6669349670410156, 1.6361799240112305, 1.674194574356079, 1.656908631324768, 1.633714199066162, 1.6648222208023071, 1.7408658266067505, 1.7441327571868896, 1.6296194791793823, 1.7249205112457275, 1.6637779474258423, 1.7015529870986938, 1.6658565998077393, 1.6752824783325195, 1.6151520013809204, 1.6724605560302734, 1.6447488069534302, 1.6580688953399658, 1.6979962587356567, 1.6695140600204468, 1.6662194728851318, 1.6681832075119019, 1.670922040939331, 1.6466048955917358, 1.6845619678497314, 1.6646376848220825, 1.6732710599899292, 1.6771037578582764, 1.6782795190811157, 1.6899052858352661, 1.688592791557312, 1.683821439743042, 1.6958765983581543, 1.673246145248413, 1.688663125038147, 1.688414216041565, 1.67899489402771, 1.6721490621566772]",0.692799985408783,,633870060,,3807780,,,,,"[43, 46, 39, 39, 36, 7, 39, 39]",0.25,0.125,0.25,111,37,400,400,0.2775,0.0925,False,BEST,0.5,True,True,"[[87  0  0 ...  0  0  0]
 [ 0 81  0 ...  0  0  0]
 [ 0  0 55 ...  0  5  0]
 ...
 [ 0  0  0 ... 71  0  0]
 [ 0  0  3 ...  0 45  0]
 [ 0  0  0 ...  0  0 79]]",0.6926,0.705995965,0.6926,0.693988464,92
BMMQRM[M],,6,20,20,True,True,"[21, 44, 23, 34, 46, 47, 47, 31]",[],"[{'INP': 32}, {'CONV': [64, 3]}, ({'CONV': [64, 3]}, {'CONV': [128, 5]}), ({'CONV': [128, 5]}, {'CONV': [128, 3]}, {'POOLMAX': [-1, 2]}), ({'CONV': [64, 3]}, {'CONV': [256, 5]}), ({'CONV': [128, 3]}, {'CONV': [64, 3]}, {'POOLMAX': [-1, 2]}), ({'CONV': [128, 5]}, {'CONV': [256, 3]}), ({'CONV': [128, 5]}, {'CONV': [256, 5]}, {'POOLMAX': [-1, 2]}), ({'CONV': [128, 5]}, {'CONV': [256, 5]}), ({'CONV': [64, 5]}, {'CONV': [256, 5]}, {'POOLMAX': [-1, 2]}), {'GLOBAL_AVG': None}, {'LAST_DENSE': [100, 'softmax']}]",UC,MSWAP,GA,70,"[0.10949999839067459, 0.1931000053882599, 0.26510000228881836, 0.31869998574256897, 0.37209999561309814, 0.41119998693466187, 0.39239999651908875, 0.3765000104904175, 0.44110000133514404, 0.414900004863739, 0.4505000114440918, 0.48980000615119934, 0.4864000082015991, 0.4837000072002411, 0.5121999979019165, 0.4611999988555908, 0.5559999942779541, 0.49570000171661377, 0.5023999810218811, 0.5493999719619751, 0.5419999957084656, 0.5658000111579895, 0.6295999884605408, 0.5979999899864197, 0.5889000296592712, 0.6363999843597412, 0.6193000078201294, 0.6256999969482422, 0.5929999947547913, 0.6283000111579895, 0.6363999843597412, 0.6766999959945679, 0.6766999959945679, 0.6761999726295471, 0.6753000020980835, 0.6735000014305115, 0.6561999917030334, 0.6829000115394592, 0.6804999709129333, 0.6869000196456909, 0.6984999775886536, 0.6887000203132629, 0.692300021648407, 0.6898999810218811, 0.6901000142097473, 0.6906999945640564, 0.7045999765396118, 0.7042999863624573, 0.703000009059906, 0.6974999904632568, 0.7075999975204468, 0.6988000273704529, 0.70660001039505, 0.7063999772071838, 0.707099974155426, 0.7037000060081482, 0.703499972820282, 0.7095000147819519, 0.7111999988555908, 0.7052000164985657, 0.7089999914169312, 0.7095999717712402, 0.7075999975204468, 0.7096999883651733, 0.7109000086784363, 0.7081000208854675, 0.7088000178337097, 0.7099000215530396, 0.7095000147819519, 0.7092000246047974]","[4.293222427368164, 3.6326985359191895, 3.194427251815796, 3.004718065261841, 2.7896389961242676, 2.654201030731201, 2.8153774738311768, 2.8957629203796387, 2.5876612663269043, 2.821058511734009, 2.6389975547790527, 2.357086420059204, 2.428922414779663, 2.4804153442382812, 2.3884618282318115, 2.6295604705810547, 2.1535661220550537, 2.5244815349578857, 2.52592134475708, 2.3035879135131836, 2.319841146469116, 2.1885273456573486, 1.8776328563690186, 2.055356025695801, 2.071972131729126, 1.8587902784347534, 1.9539715051651, 1.9249136447906494, 2.169745922088623, 1.9270493984222412, 1.8990368843078613, 1.6906681060791016, 1.6638156175613403, 1.7044837474822998, 1.7162327766418457, 1.7327611446380615, 1.8502566814422607, 1.673293113708496, 1.7472147941589355, 1.7060253620147705, 1.6561757326126099, 1.7204418182373047, 1.7017029523849487, 1.7241451740264893, 1.71818208694458, 1.7105813026428223, 1.6500473022460938, 1.6621334552764893, 1.6670818328857422, 1.712992787361145, 1.660339593887329, 1.7233073711395264, 1.6719046831130981, 1.6832226514816284, 1.6654908657073975, 1.6875370740890503, 1.7096558809280396, 1.6726765632629395, 1.6723318099975586, 1.7046235799789429, 1.6873207092285156, 1.683287501335144, 1.6929970979690552, 1.6931687593460083, 1.6868152618408203, 1.6941903829574585, 1.6966981887817383, 1.6923269033432007, 1.6926058530807495, 1.6939691305160522]",0.7092000246047974,,613038828,,5647908,,,,,"[21, 44, 23, 34, 46, 47, 47, 31]",0.375,0.125,0.0,85,26,400,400,0.2125,0.065,False,BEST,0.7,True,True,"[[86  0  0 ...  0  0  0]
 [ 0 86  0 ...  0  0  0]
 [ 0  1 60 ...  0  5  0]
 ...
 [ 0  0  0 ... 72  0  0]
 [ 0  0  3 ...  0 52  0]
 [ 0  0  0 ...  0  0 76]]",0.7093,0.720245523,0.7093,0.710198712,98
BWQMVN[M],,7,20,15,False,False,"[25, 24, 18, 29, 46, 47, 11, 55]",[],"[{'INP': 32}, {'CONV': [64, 3]}, ({'CONV': [64, 5]}, {'CONV': [32, 5]}), ({'CONV': [64, 5]}, {'CONV': [32, 3]}, {'POOLMAX': [-1, 2]}), ({'CONV': [64, 3]}, {'CONV': [64, 3]}), ({'CONV': [64, 5]}, {'CONV': [128, 5]}, {'POOLMAX': [-1, 2]}), ({'CONV': [128, 5]}, {'CONV': [256, 3]}), ({'CONV': [128, 5]}, {'CONV': [256, 5]}, {'POOLMAX': [-1, 2]}), ({'CONV': [32, 5]}, {'CONV': [64, 5]}), ({'CONV': [256, 3]}, {'CONV': [256, 5]}, {'POOLMAX': [-1, 2]}), {'GLOBAL_AVG': None}, {'LAST_DENSE': [100, 'softmax']}]",UC,MSWAP,GA,70,"[0.09149999916553497, 0.16519999504089355, 0.32350000739097595, 0.3711000084877014, 0.42329999804496765, 0.36719998717308044, 0.4390999972820282, 0.43849998712539673, 0.4165000021457672, 0.4821000099182129, 0.5170000195503235, 0.460099995136261, 0.4837000072002411, 0.49570000171661377, 0.5163999795913696, 0.4952000081539154, 0.5782999992370605, 0.5759000182151794, 0.6097999811172485, 0.5925999879837036, 0.5385000109672546, 0.5541999936103821, 0.6139000058174133, 0.5992000102996826, 0.5813000202178955, 0.5922999978065491, 0.5823000073432922, 0.6031000018119812, 0.6320000290870667, 0.6491000056266785, 0.6510999798774719, 0.6625000238418579, 0.6656000018119812, 0.6639000177383423, 0.6399999856948853, 0.6531999707221985, 0.6535999774932861, 0.6455000042915344, 0.6744999885559082, 0.6679999828338623, 0.6743999719619751, 0.6789000034332275, 0.6827999949455261, 0.6796000003814697, 0.6837999820709229, 0.6844000220298767, 0.6855999827384949, 0.669700026512146, 0.6682999730110168, 0.6851000189781189, 0.6883999705314636, 0.6916000247001648, 0.6926000118255615, 0.684499979019165, 0.6851999759674072, 0.6948999762535095, 0.6970000267028809, 0.6947000026702881, 0.6909000277519226, 0.692300021648407, 0.6965000033378601, 0.694599986076355, 0.6958000063896179, 0.6958000063896179, 0.6965000033378601, 0.697700023651123, 0.6973000168800354, 0.6980999708175659, 0.6976000070571899, 0.6973000168800354]","[4.3385796546936035, 4.039463996887207, 2.928990125656128, 2.822129964828491, 2.5317070484161377, 2.898362398147583, 2.56368350982666, 2.5334715843200684, 2.892721652984619, 2.416165351867676, 2.28842830657959, 2.5271904468536377, 2.456165075302124, 2.4586193561553955, 2.380497932434082, 2.4775044918060303, 2.0377767086029053, 2.034144639968872, 1.890610933303833, 1.9696515798568726, 2.418595790863037, 2.200364351272583, 1.8455431461334229, 1.9536864757537842, 2.083390235900879, 2.049020528793335, 2.0915987491607666, 1.9358164072036743, 1.832669973373413, 1.7411433458328247, 1.747298002243042, 1.7019153833389282, 1.6905080080032349, 1.7346876859664917, 1.86075758934021, 1.7463164329528809, 1.776383638381958, 1.8116986751556396, 1.66943359375, 1.704566240310669, 1.709930419921875, 1.6436777114868164, 1.64602792263031, 1.667372465133667, 1.6292520761489868, 1.6587544679641724, 1.6482582092285156, 1.7371701002120972, 1.7407612800598145, 1.643568515777588, 1.6613295078277588, 1.6507360935211182, 1.6653920412063599, 1.6904271841049194, 1.7162082195281982, 1.6555836200714111, 1.6450868844985962, 1.662827491760254, 1.6843433380126953, 1.6851072311401367, 1.6593149900436401, 1.6818190813064575, 1.6724599599838257, 1.67179536819458, 1.6780911684036255, 1.6755330562591553, 1.6751779317855835, 1.6753299236297607, 1.6782208681106567, 1.677994728088379]",0.6973000168800354,,710722348,,4258724,,,,,,0.375,0.25,0.0,94,21,400,400,0.235,0.0525,False,BEST,0.6,True,True,"[[87  1  0 ...  0  0  0]
 [ 0 85  0 ...  0  0  0]
 [ 0  0 62 ...  0  2  0]
 ...
 [ 0  0  0 ... 71  0  1]
 [ 0  0  2 ...  0 51  0]
 [ 0  0  0 ...  0  0 77]]",0.6972,0.707527448,0.6972,0.697836009,26
BLCRGH[M],,8,20,18,False,False,"[14, 12, 23, 55, 39, 6, 28, 7]",[],"[{'INP': 32}, {'CONV': [64, 3]}, ({'CONV': [32, 5]}, {'CONV': [256, 3]}), ({'CONV': [32, 5]}, {'CONV': [128, 3]}, {'POOLMAX': [-1, 2]}), ({'CONV': [64, 3]}, {'CONV': [256, 5]}), ({'CONV': [256, 3]}, {'CONV': [256, 5]}, {'POOLMAX': [-1, 2]}), ({'CONV': [128, 3]}, {'CONV': [256, 5]}), ({'CONV': [32, 3]}, {'CONV': [256, 3]}, {'POOLMAX': [-1, 2]}), ({'CONV': [64, 5]}, {'CONV': [128, 3]}), ({'CONV': [32, 3]}, {'CONV': [256, 5]}, {'POOLMAX': [-1, 2]}), {'GLOBAL_AVG': None}, {'LAST_DENSE': [100, 'softmax']}]",UC,MSWAP,GA,70,"[0.07980000227689743, 0.2393999993801117, 0.26100000739097595, 0.28790000081062317, 0.39809998869895935, 0.42829999327659607, 0.37540000677108765, 0.4244000017642975, 0.48840001225471497, 0.42309999465942383, 0.46779999136924744, 0.46630001068115234, 0.4975000023841858, 0.5115000009536743, 0.4474000036716461, 0.4318999946117401, 0.46790000796318054, 0.5004000067710876, 0.5354999899864197, 0.5530999898910522, 0.5048999786376953, 0.5396999716758728, 0.535099983215332, 0.5715000033378601, 0.5615000128746033, 0.5809000134468079, 0.5698999762535095, 0.5501000285148621, 0.48559999465942383, 0.5741000175476074, 0.5406000018119812, 0.6241999864578247, 0.6209999918937683, 0.629800021648407, 0.6116999983787537, 0.6159999966621399, 0.6352999806404114, 0.6152999997138977, 0.6319000124931335, 0.6378999948501587, 0.6207000017166138, 0.642799973487854, 0.638700008392334, 0.6096000075340271, 0.6049000024795532, 0.6108999848365784, 0.6244999766349792, 0.6542999744415283, 0.6674000024795532, 0.6743999719619751, 0.6513000130653381, 0.6687999963760376, 0.6703000068664551, 0.6579999923706055, 0.6625000238418579, 0.6808000206947327, 0.6820999979972839, 0.6812000274658203, 0.6858000159263611, 0.6794000267982483, 0.6895999908447266, 0.6769000291824341, 0.6826000213623047, 0.6777999997138977, 0.6863999962806702, 0.6858000159263611, 0.6880999803543091, 0.6832000017166138, 0.6916000247001648, 0.6924999952316284]","[4.6197919845581055, 3.3474273681640625, 3.329555034637451, 3.285521984100342, 2.6177215576171875, 2.5262272357940674, 2.866001605987549, 2.6220154762268066, 2.3346941471099854, 2.699608087539673, 2.4221596717834473, 2.4870107173919678, 2.3320608139038086, 2.2489969730377197, 2.7678937911987305, 2.835508108139038, 2.6349141597747803, 2.481370687484741, 2.2212510108947754, 2.1558923721313477, 2.55011248588562, 2.2687313556671143, 2.2638864517211914, 2.142739772796631, 2.148780584335327, 2.0761561393737793, 2.148531913757324, 2.240074872970581, 2.700084686279297, 2.1445226669311523, 2.3329877853393555, 1.925031304359436, 1.9282687902450562, 1.8793017864227295, 1.959810495376587, 1.9613585472106934, 1.8507202863693237, 1.9255492687225342, 1.8596301078796387, 1.8943244218826294, 1.904105305671692, 1.786791443824768, 1.8146272897720337, 2.013388156890869, 2.0977375507354736, 1.9860310554504395, 1.9382390975952148, 1.7815134525299072, 1.7274203300476074, 1.6791558265686035, 1.8270114660263062, 1.7086530923843384, 1.7203470468521118, 1.8195044994354248, 1.7789756059646606, 1.6774300336837769, 1.701278567314148, 1.7432152032852173, 1.660136342048645, 1.7072135210037231, 1.6894793510437012, 1.7467910051345825, 1.7314502000808716, 1.767398476600647, 1.7090715169906616, 1.7242774963378906, 1.7060372829437256, 1.7176507711410522, 1.697523593902588, 1.6901931762695312]",0.6924999952316284,,1509982828,,5735716,,,,,,0.125,0.5,0.0,105,31,400,400,0.2625,0.0775,False,BEST,0.3,True,True,"[[87  0  0 ...  0  0  0]
 [ 0 80  0 ...  0  0  0]
 [ 0  1 51 ...  0  3  0]
 ...
 [ 0  0  0 ... 67  0  0]
 [ 0  0  4 ...  0 45  0]
 [ 0  0  0 ...  0  0 70]]",0.6925,0.705548097,0.6925,0.693741698,54
BXUAWF[M],,9,20,20,True,True,"[0, 54, 39, 39, 46, 63, 54, 39]",[],"[{'INP': 32}, {'CONV': [64, 3]}, ({'CONV': [32, 3]}, {'CONV': [32, 3]}), ({'CONV': [256, 3]}, {'CONV': [256, 3]}, {'POOLMAX': [-1, 2]}), ({'CONV': [128, 3]}, {'CONV': [256, 5]}), ({'CONV': [128, 3]}, {'CONV': [256, 5]}, {'POOLMAX': [-1, 2]}), ({'CONV': [128, 5]}, {'CONV': [256, 3]}), ({'CONV': [256, 5]}, {'CONV': [256, 5]}, {'POOLMAX': [-1, 2]}), ({'CONV': [256, 3]}, {'CONV': [256, 3]}), ({'CONV': [128, 3]}, {'CONV': [256, 5]}, {'POOLMAX': [-1, 2]}), {'GLOBAL_AVG': None}, {'LAST_DENSE': [100, 'softmax']}]",UC,MSWAP,GA,70,"[0.10339999943971634, 0.17790000140666962, 0.25200000405311584, 0.35690000653266907, 0.3725999891757965, 0.40860000252723694, 0.42570000886917114, 0.43299999833106995, 0.4627000093460083, 0.4318999946117401, 0.486299991607666, 0.43689998984336853, 0.535099983215332, 0.46470001339912415, 0.550000011920929, 0.5199000239372253, 0.513700008392334, 0.5206000208854675, 0.548799991607666, 0.567799985408783, 0.49309998750686646, 0.5471000075340271, 0.5806000232696533, 0.5848000049591064, 0.5909000039100647, 0.4943000078201294, 0.5795999765396118, 0.5116000175476074, 0.5627999901771545, 0.6384000182151794, 0.6351000070571899, 0.631600022315979, 0.6456999778747559, 0.6399000287055969, 0.6432999968528748, 0.64410001039505, 0.6103000044822693, 0.6538000106811523, 0.6208000183105469, 0.6399000287055969, 0.6521000266075134, 0.6276000142097473, 0.6449999809265137, 0.680899977684021, 0.6728000044822693, 0.6696000099182129, 0.6721000075340271, 0.6647999882698059, 0.678600013256073, 0.6863999962806702, 0.6881999969482422, 0.6978999972343445, 0.6886000037193298, 0.6934000253677368, 0.6883000135421753, 0.6956999897956848, 0.6922000050544739, 0.7038000226020813, 0.7009000182151794, 0.7052000164985657, 0.7009999752044678, 0.7024000287055969, 0.7013000249862671, 0.7059000134468079, 0.7062000036239624, 0.7056999802589417, 0.7035999894142151, 0.7055000066757202, 0.7057999968528748, 0.7056000232696533]","[4.254788398742676, 3.6362648010253906, 3.239945888519287, 2.721503496170044, 2.736114501953125, 2.604006052017212, 2.6178998947143555, 2.6414997577667236, 2.403801679611206, 2.5944406986236572, 2.392420530319214, 2.841583251953125, 2.164327383041382, 2.525146961212158, 2.1370368003845215, 2.3707525730133057, 2.2761688232421875, 2.4584856033325195, 2.2111740112304688, 2.0810134410858154, 2.528150796890259, 2.194507360458374, 2.0528931617736816, 2.0272703170776367, 2.0615785121917725, 2.6787374019622803, 2.142026662826538, 2.5278854370117188, 2.1614725589752197, 1.842496633529663, 1.8535966873168945, 1.8705394268035889, 1.7625824213027954, 1.8097532987594604, 1.790696620941162, 1.7975709438323975, 1.929447889328003, 1.7458363771438599, 1.9282559156417847, 1.8011486530303955, 1.772260308265686, 1.9153019189834595, 1.7986072301864624, 1.6460034847259521, 1.7070095539093018, 1.7218329906463623, 1.7041947841644287, 1.78219473361969, 1.6830387115478516, 1.6621947288513184, 1.667175054550171, 1.6022725105285645, 1.6874480247497559, 1.642516016960144, 1.7012101411819458, 1.6290940046310425, 1.6691480875015259, 1.6122851371765137, 1.6273273229599, 1.6117112636566162, 1.634859561920166, 1.6236915588378906, 1.6473792791366577, 1.6384387016296387, 1.6262538433074951, 1.6212104558944702, 1.6574978828430176, 1.6417171955108643, 1.639548420906067, 1.6434500217437744]",0.7056000232696533,,867867692,,2829732,,,,,"[54, 0, 39, 39, 46, 63, 54, 39]",0.125,0.125,0.25,90,30,400,400,0.225,0.075,False,BEST,0.55,True,True,"[[85  0  1 ...  0  0  0]
 [ 0 82  0 ...  0  0  0]
 [ 0  0 63 ...  0  3  0]
 ...
 [ 0  0  0 ... 73  0  0]
 [ 0  0  2 ...  0 53  0]
 [ 0  0  0 ...  0  0 70]]",0.7056,0.716612163,0.7056,0.705948523,6
BNCIXI[M],,10,20,14,False,False,"[42, 46, 18, 38, 18, 38, 47, 22]",[],"[{'INP': 32}, {'CONV': [64, 3]}, ({'CONV': [128, 5]}, {'CONV': [64, 3]}), ({'CONV': [128, 5]}, {'CONV': [256, 3]}, {'POOLMAX': [-1, 2]}), ({'CONV': [64, 3]}, {'CONV': [64, 3]}), ({'CONV': [128, 3]}, {'CONV': [256, 3]}, {'POOLMAX': [-1, 2]}), ({'CONV': [64, 3]}, {'CONV': [64, 3]}), ({'CONV': [128, 3]}, {'CONV': [256, 3]}, {'POOLMAX': [-1, 2]}), ({'CONV': [128, 5]}, {'CONV': [256, 5]}), ({'CONV': [64, 3]}, {'CONV': [256, 3]}, {'POOLMAX': [-1, 2]}), {'GLOBAL_AVG': None}, {'LAST_DENSE': [100, 'softmax']}]",UC,MSWAP,GA,70,"[0.08839999884366989, 0.15770000219345093, 0.23489999771118164, 0.3528999984264374, 0.38580000400543213, 0.4108000099658966, 0.4075999855995178, 0.45579999685287476, 0.45089998841285706, 0.4318999946117401, 0.4772000014781952, 0.4821000099182129, 0.5073000192642212, 0.47690001130104065, 0.5105000138282776, 0.501800000667572, 0.4666000008583069, 0.5260000228881836, 0.5936999917030334, 0.5480999946594238, 0.5831999778747559, 0.5993000268936157, 0.5878999829292297, 0.5968999862670898, 0.6017000079154968, 0.6104000210762024, 0.6191999912261963, 0.5375999808311462, 0.6238999962806702, 0.5967000126838684, 0.5935999751091003, 0.6308000087738037, 0.6220999956130981, 0.6255999803543091, 0.6317999958992004, 0.5860999822616577, 0.5983999967575073, 0.6542999744415283, 0.6721000075340271, 0.6564000248908997, 0.6593999862670898, 0.6334999799728394, 0.6639000177383423, 0.6424999833106995, 0.6705999970436096, 0.6805999875068665, 0.6751999855041504, 0.6775000095367432, 0.6783000230789185, 0.6779999732971191, 0.6819999814033508, 0.6917999982833862, 0.6868000030517578, 0.6841999888420105, 0.6840000152587891, 0.6899999976158142, 0.6827999949455261, 0.6855000257492065, 0.6880999803543091, 0.6862999796867371, 0.6875, 0.6887999773025513, 0.6909999847412109, 0.6873999834060669, 0.6891000270843506, 0.6877999901771545, 0.6870999932289124, 0.6886000037193298, 0.6899999976158142, 0.6924999952316284]","[4.319486618041992, 3.896821975708008, 3.3170504570007324, 2.7880008220672607, 2.93153715133667, 2.6487138271331787, 2.7109827995300293, 2.4720757007598877, 2.477820873260498, 2.6507487297058105, 2.3889737129211426, 2.352518320083618, 2.2638039588928223, 2.558338165283203, 2.299696207046509, 2.3601367473602295, 2.520880937576294, 2.3008933067321777, 1.9729197025299072, 2.155202627182007, 1.9657310247421265, 1.9063515663146973, 1.9764189720153809, 1.8902957439422607, 1.883664846420288, 1.8283390998840332, 1.8097050189971924, 2.274604320526123, 1.7855151891708374, 1.9446552991867065, 1.9849908351898193, 1.783567190170288, 1.8265107870101929, 1.8673704862594604, 1.7853302955627441, 2.02655029296875, 1.9710075855255127, 1.7421927452087402, 1.6395878791809082, 1.73445725440979, 1.671158790588379, 1.8918001651763916, 1.689316987991333, 1.8271961212158203, 1.679884910583496, 1.6177160739898682, 1.683072805404663, 1.6521862745285034, 1.6576117277145386, 1.6575459241867065, 1.6665173768997192, 1.602418065071106, 1.6399316787719727, 1.673277497291565, 1.6501667499542236, 1.6225157976150513, 1.6930351257324219, 1.6577447652816772, 1.6550543308258057, 1.6694284677505493, 1.6775786876678467, 1.677432656288147, 1.6731550693511963, 1.6738265752792358, 1.6688125133514404, 1.671147108078003, 1.6840033531188965, 1.6721261739730835, 1.6648527383804321, 1.659566044807434]",0.6924999952316284,,1557292268,,3928612,,,,,,0.25,0.25,0.0,97,33,400,400,0.2425,0.0825,False,BEST,0.35,True,True,"[[86  1  0 ...  0  0  0]
 [ 0 81  0 ...  0  0  0]
 [ 0  0 54 ...  0  3  0]
 ...
 [ 0  0  0 ... 73  0  0]
 [ 0  0  3 ...  0 49  0]
 [ 0  0  0 ...  0  0 76]]",0.6925,0.70350526,0.6925,0.692546252,19
BBQNSP[M],,11,20,19,True,True,"[0, 56, 10, 62, 51, 47, 47, 54]",[],"[{'INP': 32}, {'CONV': [64, 3]}, ({'CONV': [32, 3]}, {'CONV': [32, 3]}), ({'CONV': [256, 5]}, {'CONV': [32, 3]}, {'POOLMAX': [-1, 2]}), ({'CONV': [32, 5]}, {'CONV': [64, 3]}), ({'CONV': [256, 5]}, {'CONV': [256, 3]}, {'POOLMAX': [-1, 2]}), ({'CONV': [256, 3]}, {'CONV': [64, 5]}), ({'CONV': [128, 5]}, {'CONV': [256, 5]}, {'POOLMAX': [-1, 2]}), ({'CONV': [128, 5]}, {'CONV': [256, 5]}), ({'CONV': [256, 3]}, {'CONV': [256, 3]}, {'POOLMAX': [-1, 2]}), {'GLOBAL_AVG': None}, {'LAST_DENSE': [100, 'softmax']}]",UC,MSWAP,GA,70,"[0.14589999616146088, 0.20270000398159027, 0.2964000105857849, 0.31940001249313354, 0.3822000026702881, 0.38929998874664307, 0.38260000944137573, 0.46129998564720154, 0.47679999470710754, 0.426800012588501, 0.4496000111103058, 0.5231999754905701, 0.4927999973297119, 0.5321000218391418, 0.46209999918937683, 0.5321000218391418, 0.5424000024795532, 0.6108999848365784, 0.6193000078201294, 0.5986999869346619, 0.600600004196167, 0.6103000044822693, 0.6304000020027161, 0.6173999905586243, 0.6057999730110168, 0.6467000246047974, 0.6018000245094299, 0.609000027179718, 0.6243000030517578, 0.6110000014305115, 0.61080002784729, 0.6578999757766724, 0.6794999837875366, 0.6621000170707703, 0.6728000044822693, 0.6448000073432922, 0.6718000173568726, 0.675000011920929, 0.6952000260353088, 0.6869999766349792, 0.6906999945640564, 0.7016000151634216, 0.6934999823570251, 0.6940000057220459, 0.7031000256538391, 0.7041000127792358, 0.7001000046730042, 0.7020000219345093, 0.7045999765396118, 0.7120000123977661, 0.703000009059906, 0.7099000215530396, 0.7103000283241272, 0.708299994468689, 0.7103000283241272, 0.7091000080108643, 0.7087000012397766, 0.7093999981880188, 0.7103999853134155, 0.7123000025749207, 0.7110999822616577, 0.711899995803833, 0.7117999792098999, 0.7123000025749207, 0.7135999798774719, 0.7129999995231628, 0.7131999731063843, 0.7135999798774719, 0.7142000198364258, 0.715499997138977]","[3.947737455368042, 3.696928024291992, 3.1281051635742188, 3.1166818141937256, 2.944889545440674, 2.8613715171813965, 2.95750093460083, 2.5260589122772217, 2.4549570083618164, 2.7581112384796143, 2.6447577476501465, 2.3043181896209717, 2.485630750656128, 2.312901258468628, 2.771587610244751, 2.34773325920105, 2.354492664337158, 1.999496340751648, 1.9203230142593384, 2.040937900543213, 1.9493759870529175, 1.9566781520843506, 1.8441433906555176, 1.9687234163284302, 2.031784772872925, 1.8400211334228516, 2.0483453273773193, 2.0340144634246826, 1.9924386739730835, 2.01477313041687, 2.038583517074585, 1.862267017364502, 1.7229738235473633, 1.8197033405303955, 1.7557761669158936, 1.9426404237747192, 1.7703601121902466, 1.7868572473526, 1.68354332447052, 1.734264850616455, 1.7154614925384521, 1.6918851137161255, 1.746135950088501, 1.6989048719406128, 1.6823495626449585, 1.6765726804733276, 1.7300992012023926, 1.7143141031265259, 1.7223870754241943, 1.6929361820220947, 1.7216408252716064, 1.73246431350708, 1.7122888565063477, 1.7155981063842773, 1.7364979982376099, 1.7426668405532837, 1.7237753868103027, 1.7173060178756714, 1.7307581901550293, 1.7095720767974854, 1.724064826965332, 1.721960186958313, 1.7248271703720093, 1.7284666299819946, 1.7219263315200806, 1.728553295135498, 1.7318534851074219, 1.7364293336868286, 1.7278223037719727, 1.7272107601165771]",0.715499997138977,,2009755948,,6801316,,,,,"[0, 56, 10, 62, 51, 47, 47, 54]",0.375,0.25,0.0,68,25,400,400,0.17,0.0625,False,BEST,0.6,True,True,"[[87  0  0 ...  0  0  0]
 [ 0 83  0 ...  0  0  0]
 [ 0  0 63 ...  0  4  0]
 ...
 [ 0  0  0 ... 74  0  0]
 [ 0  0  0 ...  0 54  0]
 [ 0  0  0 ...  0  0 74]]",0.7156,0.725760986,0.7156,0.716113245,4
BNPDRT[M],,12,20,16,False,False,"[44, 6, 23, 9, 46, 6, 54, 55]",[],"[{'INP': 32}, {'CONV': [64, 3]}, ({'CONV': [128, 5]}, {'CONV': [128, 3]}), ({'CONV': [32, 3]}, {'CONV': [256, 3]}, {'POOLMAX': [-1, 2]}), ({'CONV': [64, 3]}, {'CONV': [256, 5]}), ({'CONV': [32, 5]}, {'CONV': [32, 5]}, {'POOLMAX': [-1, 2]}), ({'CONV': [128, 5]}, {'CONV': [256, 3]}), ({'CONV': [32, 3]}, {'CONV': [256, 3]}, {'POOLMAX': [-1, 2]}), ({'CONV': [256, 3]}, {'CONV': [256, 3]}), ({'CONV': [256, 3]}, {'CONV': [256, 5]}, {'POOLMAX': [-1, 2]}), {'GLOBAL_AVG': None}, {'LAST_DENSE': [100, 'softmax']}]",UC,MSWAP,GA,70,"[0.15150000154972076, 0.17170000076293945, 0.3041999936103821, 0.34700000286102295, 0.4036000072956085, 0.3903000056743622, 0.47510001063346863, 0.41040000319480896, 0.46320000290870667, 0.46799999475479126, 0.40380001068115234, 0.4408000111579895, 0.557200014591217, 0.5735999941825867, 0.5863999724388123, 0.5834000110626221, 0.5710999965667725, 0.5924000144004822, 0.6017000079154968, 0.5903000235557556, 0.6234999895095825, 0.5892999768257141, 0.6086999773979187, 0.6154999732971191, 0.6126999855041504, 0.6154000163078308, 0.6567999720573425, 0.6556000113487244, 0.6552000045776367, 0.659600019454956, 0.6604999899864197, 0.661899983882904, 0.6632999777793884, 0.6611999869346619, 0.644599974155426, 0.6730999946594238, 0.6452999711036682, 0.6488000154495239, 0.6517999768257141, 0.6668000221252441, 0.6549000144004822, 0.6800000071525574, 0.6843000054359436, 0.6822999715805054, 0.6931999921798706, 0.6930999755859375, 0.6851999759674072, 0.6837000250816345, 0.6916000247001648, 0.6762999892234802, 0.6970000267028809, 0.7003999948501587, 0.6956999897956848, 0.6980000138282776, 0.6917999982833862, 0.7021999955177307, 0.697700023651123, 0.7010999917984009, 0.7038000226020813, 0.7088000178337097, 0.7055000066757202, 0.7057999968528748, 0.708299994468689, 0.7049000263214111, 0.7075999975204468, 0.7081999778747559, 0.70660001039505, 0.7055000066757202, 0.7095999717712402, 0.7067999839782715]","[3.8962574005126953, 3.818206548690796, 3.1085102558135986, 3.0129082202911377, 2.700648307800293, 2.791921377182007, 2.4318737983703613, 2.837090015411377, 2.5533106327056885, 2.631394863128662, 2.994546413421631, 2.781566619873047, 2.143901824951172, 2.0652358531951904, 1.9965095520019531, 2.044485330581665, 2.061079978942871, 1.9884843826293945, 1.9569061994552612, 2.080817461013794, 1.8928474187850952, 2.058305263519287, 1.9703010320663452, 1.9207855463027954, 1.9114943742752075, 1.9392515420913696, 1.7597485780715942, 1.8052144050598145, 1.8128215074539185, 1.8213227987289429, 1.7306185960769653, 1.7591115236282349, 1.7494386434555054, 1.822736382484436, 1.8803417682647705, 1.7289063930511475, 1.8941341638565063, 1.9085451364517212, 1.8861950635910034, 1.7597277164459229, 1.844646692276001, 1.7494587898254395, 1.7538784742355347, 1.758610725402832, 1.7237142324447632, 1.6864060163497925, 1.7723467350006104, 1.7828136682510376, 1.7672388553619385, 1.8522368669509888, 1.7232571840286255, 1.6954615116119385, 1.7274411916732788, 1.733400583267212, 1.7714598178863525, 1.7440307140350342, 1.7601250410079956, 1.7265105247497559, 1.704879641532898, 1.7238038778305054, 1.7277765274047852, 1.7398914098739624, 1.723862648010254, 1.7452746629714966, 1.7241008281707764, 1.7273790836334229, 1.7286611795425415, 1.7342207431793213, 1.7242896556854248, 1.7356797456741333]",0.7067999839782715,,893861932,,8317348,,,,,,0.25,0.25,0.0,99,45,400,400,0.2475,0.1125,False,BEST,0.3,True,True,"[[90  0  0 ...  0  0  0]
 [ 0 81  0 ...  0  0  0]
 [ 0  0 68 ...  0  2  0]
 ...
 [ 0  0  0 ... 73  1  0]
 [ 0  1  4 ...  0 47  0]
 [ 0  1  0 ...  0  0 70]]",0.7068,0.717504208,0.7068,0.707798825,18
BQKLYO[M],,13,20,20,True,True,"[35, 36, 12, 6, 30, 6, 47, 55]",[],"[{'INP': 32}, {'CONV': [64, 3]}, ({'CONV': [128, 3]}, {'CONV': [64, 5]}), ({'CONV': [128, 3]}, {'CONV': [128, 3]}, {'POOLMAX': [-1, 2]}), ({'CONV': [32, 5]}, {'CONV': [128, 3]}), ({'CONV': [32, 3]}, {'CONV': [256, 3]}, {'POOLMAX': [-1, 2]}), ({'CONV': [64, 5]}, {'CONV': [256, 3]}), ({'CONV': [32, 3]}, {'CONV': [256, 3]}, {'POOLMAX': [-1, 2]}), ({'CONV': [128, 5]}, {'CONV': [256, 5]}), ({'CONV': [256, 3]}, {'CONV': [256, 5]}, {'POOLMAX': [-1, 2]}), {'GLOBAL_AVG': None}, {'LAST_DENSE': [100, 'softmax']}]",UC,MSWAP,GA,70,"[0.07329999655485153, 0.19439999759197235, 0.27900001406669617, 0.34150001406669617, 0.3440000116825104, 0.37700000405311584, 0.387800008058548, 0.43369999527931213, 0.48420000076293945, 0.43209999799728394, 0.48260000348091125, 0.499099999666214, 0.5026999711990356, 0.4959000051021576, 0.4830000102519989, 0.5047000050544739, 0.5109000205993652, 0.5238000154495239, 0.5601999759674072, 0.5924999713897705, 0.5791000127792358, 0.5849999785423279, 0.5960000157356262, 0.5860999822616577, 0.5756999850273132, 0.5724999904632568, 0.6204000115394592, 0.5861999988555908, 0.6258999705314636, 0.6060000061988831, 0.6001999974250793, 0.6053000092506409, 0.6172999739646912, 0.5879999995231628, 0.6504999995231628, 0.6190999746322632, 0.6424000263214111, 0.6560999751091003, 0.6359000205993652, 0.6421999931335449, 0.6574000120162964, 0.6453999876976013, 0.6650999784469604, 0.6507999897003174, 0.6563000082969666, 0.6449999809265137, 0.6761999726295471, 0.6711999773979187, 0.6484000086784363, 0.6590999960899353, 0.6639000177383423, 0.6462000012397766, 0.66839998960495, 0.664900004863739, 0.6714000105857849, 0.6704999804496765, 0.6622999906539917, 0.6865000128746033, 0.6845999956130981, 0.6850000023841858, 0.6862999796867371, 0.682699978351593, 0.6830999851226807, 0.6876999735832214, 0.6822999715805054, 0.6873999834060669, 0.6840999722480774, 0.680899977684021, 0.6912999749183655, 0.6906999945640564]","[4.504488468170166, 3.4671382904052734, 3.074221611022949, 2.8204493522644043, 2.9085853099823, 2.71860671043396, 2.8203773498535156, 2.530320405960083, 2.337608575820923, 2.7073721885681152, 2.3879027366638184, 2.332590341567993, 2.28959059715271, 2.3986856937408447, 2.421626567840576, 2.344364881515503, 2.3516111373901367, 2.3195371627807617, 2.118356704711914, 1.944284200668335, 1.9913556575775146, 2.0000879764556885, 1.9236412048339844, 1.9656908512115479, 2.0520968437194824, 2.081397771835327, 1.8428232669830322, 2.0586049556732178, 1.8024568557739258, 1.9291589260101318, 1.9631831645965576, 1.9216758012771606, 1.8410941362380981, 2.0371475219726562, 1.7415658235549927, 1.9480078220367432, 1.800825595855713, 1.7397767305374146, 1.809494137763977, 1.7780516147613525, 1.7100833654403687, 1.7735981941223145, 1.6880617141723633, 1.7348552942276, 1.7147867679595947, 1.799270510673523, 1.6567630767822266, 1.6645052433013916, 1.762941837310791, 1.722133755683899, 1.677536964416504, 1.7929123640060425, 1.7028529644012451, 1.714355230331421, 1.6862844228744507, 1.721009373664856, 1.7614063024520874, 1.6201261281967163, 1.6443424224853516, 1.6577750444412231, 1.6552585363388062, 1.6758289337158203, 1.654798984527588, 1.6345012187957764, 1.6702214479446411, 1.6536109447479248, 1.6682689189910889, 1.6976975202560425, 1.6579657793045044, 1.645572304725647]",0.6906999945640564,,710766444,,2868516,,,,,"[35, 36, 12, 6, 30, 6, 47, 55]",0.25,0.125,0.0,88,39,400,400,0.22,0.0975,False,BEST,0.45,True,True,"[[84  0  0 ...  0  0  0]
 [ 0 80  0 ...  0  0  0]
 [ 0  0 60 ...  0  6  0]
 ...
 [ 0  0  0 ... 66  0  0]
 [ 0  0  2 ...  0 51  1]
 [ 0  0  0 ...  0  0 71]]",0.6908,0.702138414,0.6908,0.691260565,160
BITNHJ[M],,14,20,16,False,False,"[14, 28, 26, 15, 39, 6, 62, 36]",[],"[{'INP': 32}, {'CONV': [64, 3]}, ({'CONV': [32, 5]}, {'CONV': [256, 3]}), ({'CONV': [64, 5]}, {'CONV': [128, 3]}, {'POOLMAX': [-1, 2]}), ({'CONV': [64, 5]}, {'CONV': [64, 3]}), ({'CONV': [32, 5]}, {'CONV': [256, 5]}, {'POOLMAX': [-1, 2]}), ({'CONV': [128, 3]}, {'CONV': [256, 5]}), ({'CONV': [32, 3]}, {'CONV': [256, 3]}, {'POOLMAX': [-1, 2]}), ({'CONV': [256, 5]}, {'CONV': [256, 3]}), ({'CONV': [128, 3]}, {'CONV': [128, 3]}, {'POOLMAX': [-1, 2]}), {'GLOBAL_AVG': None}, {'LAST_DENSE': [100, 'softmax']}]",UC,MSWAP,GA,70,"[0.12479999661445618, 0.23649999499320984, 0.29670000076293945, 0.34299999475479126, 0.3959999978542328, 0.2847999930381775, 0.47049999237060547, 0.4668999910354614, 0.4318000078201294, 0.491100013256073, 0.4345000088214874, 0.44119998812675476, 0.5565000176429749, 0.5823000073432922, 0.5986999869346619, 0.5860000252723694, 0.5544000267982483, 0.6018000245094299, 0.5990999937057495, 0.5983999967575073, 0.6086999773979187, 0.5924999713897705, 0.6014000177383423, 0.6036999821662903, 0.5978000164031982, 0.6227999925613403, 0.5866000056266785, 0.6080999970436096, 0.640500009059906, 0.6276000142097473, 0.6305000185966492, 0.6644999980926514, 0.6406000256538391, 0.6617000102996826, 0.663100004196167, 0.6614000201225281, 0.671500027179718, 0.6717000007629395, 0.682699978351593, 0.6822999715805054, 0.6811000108718872, 0.6739000082015991, 0.6823999881744385, 0.6725999712944031, 0.6797999739646912, 0.6884999871253967, 0.6891999840736389, 0.6915000081062317, 0.6855999827384949, 0.6916999816894531, 0.6887000203132629, 0.6800000071525574, 0.692799985408783, 0.6951000094413757, 0.6995000243186951, 0.7013000249862671, 0.6945000290870667, 0.6966999769210815, 0.6970999836921692, 0.6973000168800354, 0.7008000016212463, 0.6955999732017517, 0.6970000267028809, 0.6988999843597412, 0.6988000273704529, 0.6963000297546387, 0.6967999935150146, 0.6998999714851379, 0.6960999965667725, 0.6972000002861023]","[4.110558032989502, 3.3691582679748535, 3.489145278930664, 2.9184937477111816, 2.804668664932251, 4.862957000732422, 2.4413552284240723, 2.5123884677886963, 2.751051664352417, 2.446525812149048, 2.833483934402466, 2.8476405143737793, 2.160423755645752, 2.0441739559173584, 1.926291584968567, 1.9949804544448853, 2.136504650115967, 1.9198031425476074, 1.932023286819458, 1.9651999473571777, 1.9176298379898071, 2.0228984355926514, 2.03031063079834, 2.0275192260742188, 1.9547635316848755, 1.8807929754257202, 2.115252733230591, 1.9855986833572388, 1.882299780845642, 1.8851580619812012, 1.8812907934188843, 1.733548879623413, 1.950183629989624, 1.7456116676330566, 1.769074559211731, 1.782382607460022, 1.7464910745620728, 1.7734111547470093, 1.7172545194625854, 1.712164282798767, 1.7293851375579834, 1.7792671918869019, 1.7473177909851074, 1.7642467021942139, 1.737520456314087, 1.7244480848312378, 1.6976630687713623, 1.7231799364089966, 1.72383451461792, 1.736480712890625, 1.7531658411026, 1.7999513149261475, 1.7272319793701172, 1.736276388168335, 1.713553547859192, 1.7049450874328613, 1.7459492683410645, 1.7286065816879272, 1.747896432876587, 1.7456554174423218, 1.7313963174819946, 1.7432212829589844, 1.7363511323928833, 1.7437214851379395, 1.7439481019973755, 1.7473208904266357, 1.746675729751587, 1.7348566055297852, 1.7434136867523193, 1.753755807876587]",0.6972000002861023,,1127582444,,6524452,,,,,,0.125,0.375,0.25,77,28,400,400,0.1925,0.07,False,BEST,0.6,True,True,"[[86  0  0 ...  0  0  0]
 [ 0 78  1 ...  0  0  0]
 [ 0  1 61 ...  0  1  0]
 ...
 [ 0  0  0 ... 70  0  0]
 [ 0  0  3 ...  0 44  1]
 [ 0  0  0 ...  0  0 73]]",0.6972,0.712131725,0.6972,0.699023069,41
BBJLWS[M],,15,20,18,False,False,"[14, 12, 4, 20, 39, 6, 39, 4]",[],"[{'INP': 32}, {'CONV': [64, 3]}, ({'CONV': [32, 5]}, {'CONV': [256, 3]}), ({'CONV': [32, 5]}, {'CONV': [128, 3]}, {'POOLMAX': [-1, 2]}), ({'CONV': [32, 3]}, {'CONV': [128, 3]}), ({'CONV': [64, 3]}, {'CONV': [128, 3]}, {'POOLMAX': [-1, 2]}), ({'CONV': [128, 3]}, {'CONV': [256, 5]}), ({'CONV': [32, 3]}, {'CONV': [256, 3]}, {'POOLMAX': [-1, 2]}), ({'CONV': [128, 3]}, {'CONV': [256, 5]}), ({'CONV': [32, 3]}, {'CONV': [128, 3]}, {'POOLMAX': [-1, 2]}), {'GLOBAL_AVG': None}, {'LAST_DENSE': [100, 'softmax']}]",UC,MSWAP,GA,70,"[0.12300000339746475, 0.20389999449253082, 0.2574000060558319, 0.2833999991416931, 0.3840000033378601, 0.40639999508857727, 0.45210000872612, 0.49050000309944153, 0.43160000443458557, 0.48660001158714294, 0.460999995470047, 0.5365999937057495, 0.5432999730110168, 0.5134000182151794, 0.4900999963283539, 0.5496000051498413, 0.5620999932289124, 0.6259999871253967, 0.5990999937057495, 0.6082000136375427, 0.6086000204086304, 0.6154000163078308, 0.5713000297546387, 0.6535000205039978, 0.6618000268936157, 0.6650000214576721, 0.6507999897003174, 0.6617000102996826, 0.6621000170707703, 0.6656000018119812, 0.656499981880188, 0.6748999953269958, 0.680899977684021, 0.6897000074386597, 0.6883999705314636, 0.6851999759674072, 0.6858999729156494, 0.6815000176429749, 0.6884999871253967, 0.6909999847412109, 0.6969000101089478, 0.6952000260353088, 0.6987000107765198, 0.692799985408783, 0.6980999708175659, 0.7006999850273132, 0.7002000212669373, 0.6949999928474426, 0.6995000243186951, 0.7020999789237976, 0.6984000205993652, 0.6990000009536743, 0.703000009059906, 0.7020999789237976, 0.7042999863624573, 0.7031999826431274, 0.7031000256538391, 0.7035999894142151, 0.7035999894142151, 0.7038000226020813, 0.7026000022888184, 0.7042999863624573, 0.7020999789237976, 0.7024000287055969, 0.7021999955177307, 0.7020000219345093, 0.70169997215271, 0.7031000256538391, 0.7042999863624573, 0.7019000053405762]","[4.056159019470215, 3.5470058917999268, 3.3334145545959473, 3.3931782245635986, 2.8173229694366455, 2.7444908618927, 2.4780678749084473, 2.3476345539093018, 2.7768378257751465, 2.6553473472595215, 2.613781452178955, 2.2079689502716064, 2.2147018909454346, 2.3623950481414795, 2.528317451477051, 2.2379279136657715, 2.246281862258911, 1.8597078323364258, 2.016906261444092, 1.9548404216766357, 2.1663408279418945, 1.9525847434997559, 2.164543867111206, 1.7857425212860107, 1.7343777418136597, 1.704262137413025, 1.817987322807312, 1.708410382270813, 1.7300431728363037, 1.7429027557373047, 1.7742635011672974, 1.7001506090164185, 1.6527525186538696, 1.6381460428237915, 1.6661992073059082, 1.6748126745224, 1.7008944749832153, 1.7058433294296265, 1.6795742511749268, 1.6726573705673218, 1.6434863805770874, 1.6440988779067993, 1.6618061065673828, 1.69552481174469, 1.6531111001968384, 1.646958827972412, 1.6589343547821045, 1.6810572147369385, 1.6722338199615479, 1.6618976593017578, 1.6686357259750366, 1.6753309965133667, 1.6580045223236084, 1.672546625137329, 1.6735001802444458, 1.6778693199157715, 1.6743617057800293, 1.6694785356521606, 1.6727380752563477, 1.6774427890777588, 1.6733288764953613, 1.6665867567062378, 1.674747109413147, 1.6730148792266846, 1.667864203453064, 1.67586088180542, 1.6802691221237183, 1.676330804824829, 1.6705958843231201, 1.6797888278961182]",0.7019000053405762,,2424646252,,6648612,,,,,,0.0,0.125,0.25,92,25,400,400,0.23,0.0625,False,BEST,0.7,True,True,"[[87  0  0 ...  0  0  0]
 [ 0 77  0 ...  0  0  0]
 [ 0  0 56 ...  0  2  0]
 ...
 [ 0  1  0 ... 71  0  0]
 [ 0  0  3 ...  0 46  1]
 [ 0  0  1 ...  0  0 78]]",0.7019,0.712341955,0.7019,0.7021903,1
BGGLAM[M],,16,20,17,False,False,"[14, 23, 39, 6, 39, 6, 39, 39]",[],"[{'INP': 32}, {'CONV': [64, 3]}, ({'CONV': [32, 5]}, {'CONV': [256, 3]}), ({'CONV': [64, 3]}, {'CONV': [256, 5]}, {'POOLMAX': [-1, 2]}), ({'CONV': [128, 3]}, {'CONV': [256, 5]}), ({'CONV': [32, 3]}, {'CONV': [256, 3]}, {'POOLMAX': [-1, 2]}), ({'CONV': [128, 3]}, {'CONV': [256, 5]}), ({'CONV': [32, 3]}, {'CONV': [256, 3]}, {'POOLMAX': [-1, 2]}), ({'CONV': [128, 3]}, {'CONV': [256, 5]}), ({'CONV': [128, 3]}, {'CONV': [256, 5]}, {'POOLMAX': [-1, 2]}), {'GLOBAL_AVG': None}, {'LAST_DENSE': [100, 'softmax']}]",UC,MSWAP,GA,70,"[0.10490000247955322, 0.1826999932527542, 0.2858999967575073, 0.27950000762939453, 0.29829999804496765, 0.4027999937534332, 0.45239999890327454, 0.49810001254081726, 0.4796999990940094, 0.40540000796318054, 0.4772000014781952, 0.5006999969482422, 0.4961000084877014, 0.5497000217437744, 0.5503000020980835, 0.5414000153541565, 0.5885999798774719, 0.5616000294685364, 0.61080002784729, 0.6107000112533569, 0.5705000162124634, 0.6164000034332275, 0.626800000667572, 0.602400004863739, 0.6028000116348267, 0.6032999753952026, 0.5666000247001648, 0.6348000168800354, 0.659500002861023, 0.6478999853134155, 0.6603000164031982, 0.6607999801635742, 0.6503999829292297, 0.6513000130653381, 0.6710000038146973, 0.6765999794006348, 0.6818000078201294, 0.682699978351593, 0.6929000020027161, 0.6862000226974487, 0.6890000104904175, 0.6858999729156494, 0.6794000267982483, 0.6870999932289124, 0.6934000253677368, 0.695900022983551, 0.7023000121116638, 0.6983000040054321, 0.7021999955177307, 0.6969000101089478, 0.6938999891281128, 0.6987000107765198, 0.7017999887466431, 0.697700023651123, 0.7031999826431274, 0.7056000232696533, 0.7052000164985657, 0.703499972820282, 0.7027999758720398, 0.7013000249862671, 0.7038000226020813, 0.6991000175476074, 0.7035999894142151, 0.704800009727478, 0.7038999795913696, 0.7038999795913696, 0.7026000022888184, 0.7052000164985657, 0.703000009059906, 0.7021999955177307]","[5.8387556076049805, 3.729259490966797, 3.1360225677490234, 3.789149522781372, 3.4072461128234863, 2.64410138130188, 2.4783778190612793, 2.326774835586548, 2.443746566772461, 2.923903226852417, 2.4482851028442383, 2.354736804962158, 2.4276058673858643, 2.14017391204834, 2.155752420425415, 2.252997636795044, 1.9628273248672485, 2.1129093170166016, 1.8469241857528687, 1.8845903873443604, 2.1071927547454834, 1.8426406383514404, 1.7894630432128906, 1.9350769519805908, 1.96621835231781, 1.901993751525879, 2.340519428253174, 1.8027215003967285, 1.7066441774368286, 1.8477296829223633, 1.725231409072876, 1.7127878665924072, 1.7773222923278809, 1.7985968589782715, 1.717970848083496, 1.694724440574646, 1.67423677444458, 1.6690564155578613, 1.6167057752609253, 1.665442943572998, 1.6421581506729126, 1.6818269491195679, 1.73469877243042, 1.6972622871398926, 1.6611599922180176, 1.642005443572998, 1.6003135442733765, 1.6674259901046753, 1.6420032978057861, 1.6730306148529053, 1.6919854879379272, 1.649039626121521, 1.644136667251587, 1.668294906616211, 1.6725153923034668, 1.6493781805038452, 1.6388357877731323, 1.6579079627990723, 1.6695208549499512, 1.6781394481658936, 1.662811279296875, 1.6869847774505615, 1.6678869724273682, 1.6612038612365723, 1.6629714965820312, 1.6738382577896118, 1.6872972249984741, 1.672099232673645, 1.6698896884918213, 1.6767057180404663]",0.7021999955177307,,945955628,,4269988,,,,,,0.125,0.5,0.0,96,35,400,400,0.24,0.0875,False,BEST,0.65,True,True,"[[86  0  1 ...  0  0  0]
 [ 0 88  0 ...  0  0  0]
 [ 1  0 60 ...  0  1  0]
 ...
 [ 0  0  0 ... 71  0  0]
 [ 0  0  2 ...  0 44  0]
 [ 0  0  0 ...  0  0 77]]",0.7022,0.713381175,0.7022,0.702822439,78
BWMCJN[M],,17,20,17,False,False,"[11, 60, 60, 35, 55, 38, 39, 55]",[],"[{'INP': 32}, {'CONV': [64, 3]}, ({'CONV': [32, 5]}, {'CONV': [64, 5]}), ({'CONV': [256, 5]}, {'CONV': [128, 3]}, {'POOLMAX': [-1, 2]}), ({'CONV': [256, 5]}, {'CONV': [128, 3]}), ({'CONV': [128, 3]}, {'CONV': [64, 5]}, {'POOLMAX': [-1, 2]}), ({'CONV': [256, 3]}, {'CONV': [256, 5]}), ({'CONV': [128, 3]}, {'CONV': [256, 3]}, {'POOLMAX': [-1, 2]}), ({'CONV': [128, 3]}, {'CONV': [256, 5]}), ({'CONV': [256, 3]}, {'CONV': [256, 5]}, {'POOLMAX': [-1, 2]}), {'GLOBAL_AVG': None}, {'LAST_DENSE': [100, 'softmax']}]",UC,MSWAP,GA,70,"[0.14630000293254852, 0.2264000028371811, 0.27889999747276306, 0.27720001339912415, 0.32499998807907104, 0.4318000078201294, 0.41530001163482666, 0.47200000286102295, 0.47209998965263367, 0.4350000023841858, 0.47909998893737793, 0.5109999775886536, 0.49239999055862427, 0.5156000256538391, 0.5418999791145325, 0.5076000094413757, 0.5629000067710876, 0.5382999777793884, 0.5318999886512756, 0.5483999848365784, 0.5202000141143799, 0.5756000280380249, 0.6274999976158142, 0.6215000152587891, 0.6195999979972839, 0.6409000158309937, 0.621999979019165, 0.6251999735832214, 0.6273000240325928, 0.6345999836921692, 0.6294999718666077, 0.6802999973297119, 0.6636000275611877, 0.6693000197410583, 0.6797000169754028, 0.6743999719619751, 0.6870999932289124, 0.6802999973297119, 0.6851000189781189, 0.6779999732971191, 0.6779999732971191, 0.671500027179718, 0.6837000250816345, 0.6955000162124634, 0.7045999765396118, 0.6873999834060669, 0.6998000144958496, 0.6916999816894531, 0.7077000141143799, 0.6985999941825867, 0.7081999778747559, 0.704200029373169, 0.7074999809265137, 0.7074999809265137, 0.7028999924659729, 0.7085999846458435, 0.7059000134468079, 0.7095000147819519, 0.7085000276565552, 0.7045000195503235, 0.7128999829292297, 0.7091000080108643, 0.7121999859809875, 0.7145000100135803, 0.7124000191688538, 0.7113999724388123, 0.7117000222206116, 0.7113999724388123, 0.7103999853134155, 0.7121000289916992]","[3.8721296787261963, 3.417853593826294, 3.1838977336883545, 3.4235332012176514, 3.0050289630889893, 2.550658702850342, 2.706373929977417, 2.3845596313476562, 2.480398654937744, 2.7285516262054443, 2.4915361404418945, 2.3598644733428955, 2.4804296493530273, 2.357311964035034, 2.2604057788848877, 2.456057071685791, 2.182279586791992, 2.2642197608947754, 2.3279523849487305, 2.320120096206665, 2.436063766479492, 2.203723669052124, 1.9081923961639404, 1.9472326040267944, 1.946874976158142, 1.8602722883224487, 1.9932469129562378, 1.8856581449508667, 1.922709584236145, 1.9781337976455688, 1.912966251373291, 1.7116687297821045, 1.8530601263046265, 1.788119912147522, 1.7142773866653442, 1.7682777643203735, 1.683500051498413, 1.7179557085037231, 1.6861884593963623, 1.7473958730697632, 1.7129912376403809, 1.8627618551254272, 1.811498999595642, 1.719854474067688, 1.6626276969909668, 1.7459768056869507, 1.7278753519058228, 1.7432398796081543, 1.7003984451293945, 1.7198213338851929, 1.681004285812378, 1.7145253419876099, 1.6917632818222046, 1.6979013681411743, 1.7474753856658936, 1.7191835641860962, 1.7484889030456543, 1.7135308980941772, 1.7466012239456177, 1.7571691274642944, 1.727289080619812, 1.7370195388793945, 1.7266724109649658, 1.713805913925171, 1.735399603843689, 1.740762710571289, 1.7381318807601929, 1.7318718433380127, 1.7420597076416016, 1.7432050704956055]",0.7121000289916992,,692951468,,5325476,,,,,,0.0,0.125,0.375,37,24,400,400,0.0925,0.06,False,BEST,0.65,True,True,"[[82  1  0 ...  0  0  0]
 [ 0 87  0 ...  0  0  0]
 [ 0  0 65 ...  0  2  0]
 ...
 [ 0  0  0 ... 74  0  0]
 [ 0  0  3 ...  0 53  0]
 [ 0  0  0 ...  0  0 73]]",0.7122,0.724906154,0.7122,0.713877944,16
BDKWMA[M],,18,20,20,True,True,"[35, 34, 20, 38, 38, 38, 38, 31]",[],"[{'INP': 32}, {'CONV': [64, 3]}, ({'CONV': [128, 3]}, {'CONV': [64, 5]}), ({'CONV': [128, 3]}, {'CONV': [64, 3]}, {'POOLMAX': [-1, 2]}), ({'CONV': [64, 3]}, {'CONV': [128, 3]}), ({'CONV': [128, 3]}, {'CONV': [256, 3]}, {'POOLMAX': [-1, 2]}), ({'CONV': [128, 3]}, {'CONV': [256, 3]}), ({'CONV': [128, 3]}, {'CONV': [256, 3]}, {'POOLMAX': [-1, 2]}), ({'CONV': [128, 3]}, {'CONV': [256, 3]}), ({'CONV': [64, 5]}, {'CONV': [256, 5]}, {'POOLMAX': [-1, 2]}), {'GLOBAL_AVG': None}, {'LAST_DENSE': [100, 'softmax']}]",UC,MSWAP,GA,70,"[0.12759999930858612, 0.20630000531673431, 0.26669999957084656, 0.275299996137619, 0.3799000084400177, 0.41440001130104065, 0.3580999970436096, 0.41290000081062317, 0.45179998874664307, 0.48089998960494995, 0.383899986743927, 0.4456000030040741, 0.46810001134872437, 0.527999997138977, 0.4661000072956085, 0.48500001430511475, 0.47870001196861267, 0.451200008392334, 0.5246999859809875, 0.5983999967575073, 0.5889000296592712, 0.5825999975204468, 0.6057000160217285, 0.6291999816894531, 0.6115000247955322, 0.5939000248908997, 0.61080002784729, 0.609000027179718, 0.6363999843597412, 0.6159999966621399, 0.6047000288963318, 0.6147000193595886, 0.6331999897956848, 0.5931000113487244, 0.6489999890327454, 0.6625999808311462, 0.6577000021934509, 0.6363000273704529, 0.6581000089645386, 0.6779000163078308, 0.6352999806404114, 0.651199996471405, 0.6808000206947327, 0.6432999968528748, 0.640999972820282, 0.6888999938964844, 0.6927000284194946, 0.6909999847412109, 0.6873000264167786, 0.6876000165939331, 0.6829000115394592, 0.6869000196456909, 0.6646000146865845, 0.6983000040054321, 0.6949999928474426, 0.6973000168800354, 0.7006000280380249, 0.6967999935150146, 0.6924999952316284, 0.7008000016212463, 0.7027000188827515, 0.6988000273704529, 0.699999988079071, 0.698199987411499, 0.7019000053405762, 0.7010999917984009, 0.7021999955177307, 0.7013000249862671, 0.7020000219345093, 0.7035999894142151]","[3.9637441635131836, 3.593705177307129, 3.179535388946533, 3.4465668201446533, 3.0484659671783447, 2.62672758102417, 3.168848991394043, 2.7210073471069336, 2.510967493057251, 2.4440298080444336, 3.031330108642578, 2.6474246978759766, 2.5538344383239746, 2.240771770477295, 2.526277780532837, 2.453766107559204, 2.5367047786712646, 2.8646535873413086, 2.314744234085083, 1.9702316522598267, 2.0274481773376465, 2.076500415802002, 1.889176368713379, 1.7832939624786377, 1.872990608215332, 1.9454542398452759, 1.884419560432434, 1.9031802415847778, 1.735325813293457, 1.8467378616333008, 1.942997694015503, 1.8568938970565796, 1.8159345388412476, 1.9833999872207642, 1.7600287199020386, 1.6926147937774658, 1.7126826047897339, 1.8484646081924438, 1.7259517908096313, 1.6157950162887573, 1.8633365631103516, 1.7478666305541992, 1.6193424463272095, 1.866437554359436, 1.8145564794540405, 1.5894649028778076, 1.5778158903121948, 1.571549892425537, 1.617983102798462, 1.6145046949386597, 1.6408179998397827, 1.6248852014541626, 1.7346004247665405, 1.569705605506897, 1.596052885055542, 1.579196810722351, 1.5915592908859253, 1.5817949771881104, 1.6216224431991577, 1.588513731956482, 1.5823471546173096, 1.5987370014190674, 1.5980627536773682, 1.5909831523895264, 1.5849307775497437, 1.5856024026870728, 1.585890769958496, 1.5983468294143677, 1.5935417413711548, 1.5878455638885498]",0.7035999894142151,,2112708652,,6565284,,,,,"[35, 34, 20, 38, 38, 38, 38, 31]",0.25,0.125,0.0,75,28,400,400,0.1875,0.07,False,BEST,0.5,True,True,"[[89  0  0 ...  0  0  0]
 [ 0 81  0 ...  0  0  0]
 [ 0  0 60 ...  0  2  0]
 ...
 [ 0  0  0 ... 72  0  0]
 [ 0  0  1 ...  0 53  0]
 [ 0  0  0 ...  0  0 70]]",0.7036,0.715207755,0.7036,0.704418613,89
BWMCZS[M],,19,20,18,False,False,"[14, 28, 4, 46, 21, 7, 14, 7]",[],"[{'INP': 32}, {'CONV': [64, 3]}, ({'CONV': [32, 5]}, {'CONV': [256, 3]}), ({'CONV': [64, 5]}, {'CONV': [128, 3]}, {'POOLMAX': [-1, 2]}), ({'CONV': [32, 3]}, {'CONV': [128, 3]}), ({'CONV': [128, 5]}, {'CONV': [256, 3]}, {'POOLMAX': [-1, 2]}), ({'CONV': [64, 3]}, {'CONV': [128, 5]}), ({'CONV': [32, 3]}, {'CONV': [256, 5]}, {'POOLMAX': [-1, 2]}), ({'CONV': [32, 5]}, {'CONV': [256, 3]}), ({'CONV': [32, 3]}, {'CONV': [256, 5]}, {'POOLMAX': [-1, 2]}), {'GLOBAL_AVG': None}, {'LAST_DENSE': [100, 'softmax']}]",UC,MSWAP,GA,70,"[0.09019999951124191, 0.22589999437332153, 0.2660999894142151, 0.2800999879837036, 0.2973000109195709, 0.383899986743927, 0.44600000977516174, 0.47279998660087585, 0.40860000252723694, 0.4878000020980835, 0.39250001311302185, 0.49790000915527344, 0.5447999835014343, 0.4975000023841858, 0.5156000256538391, 0.4959000051021576, 0.5335000157356262, 0.4961000084877014, 0.5788000226020813, 0.5756000280380249, 0.6079000234603882, 0.5945000052452087, 0.6043999791145325, 0.6004999876022339, 0.628600001335144, 0.6276999711990356, 0.6302000284194946, 0.6251999735832214, 0.6337000131607056, 0.5936999917030334, 0.5730000138282776, 0.6154999732971191, 0.6599000096321106, 0.6697999835014343, 0.6621000170707703, 0.6632999777793884, 0.6485999822616577, 0.628600001335144, 0.6488999724388123, 0.6784999966621399, 0.6700999736785889, 0.6844000220298767, 0.6699000000953674, 0.6557999849319458, 0.6779000163078308, 0.6714000105857849, 0.6693000197410583, 0.6883000135421753, 0.6858000159263611, 0.6913999915122986, 0.6851999759674072, 0.6794999837875366, 0.6908000111579895, 0.6906999945640564, 0.6905999779701233, 0.6945000290870667, 0.6935999989509583, 0.6966999769210815, 0.6953999996185303, 0.6966000199317932, 0.6920999884605408, 0.6930999755859375, 0.6958000063896179, 0.6937999725341797, 0.6938999891281128, 0.6960999965667725, 0.6926000118255615, 0.6930999755859375, 0.6945000290870667, 0.6949999928474426]","[4.28272008895874, 3.426680564880371, 3.2537286281585693, 3.487529754638672, 3.428680419921875, 2.7897720336914062, 2.491624593734741, 2.4103081226348877, 2.7974936962127686, 2.3849244117736816, 2.909515380859375, 2.380359411239624, 2.16630220413208, 2.3931174278259277, 2.3326165676116943, 2.3998775482177734, 2.24961256980896, 2.497692108154297, 2.03550124168396, 2.0761048793792725, 1.9135836362838745, 1.9345414638519287, 1.9305787086486816, 1.9811543226242065, 1.82011878490448, 1.8108638525009155, 1.8077771663665771, 1.8306841850280762, 1.81108558177948, 2.1168928146362305, 2.1661369800567627, 1.8900889158248901, 1.7342517375946045, 1.668709397315979, 1.7072378396987915, 1.701236367225647, 1.8361601829528809, 1.9085148572921753, 1.8061603307724, 1.652127981185913, 1.73684823513031, 1.6236908435821533, 1.7290078401565552, 1.8125205039978027, 1.6992902755737305, 1.7298777103424072, 1.7483628988265991, 1.6619459390640259, 1.6838244199752808, 1.6460325717926025, 1.6841074228286743, 1.7237478494644165, 1.672773838043213, 1.6774446964263916, 1.6805068254470825, 1.6765962839126587, 1.669110894203186, 1.6629565954208374, 1.6652262210845947, 1.6629210710525513, 1.678959608078003, 1.681001901626587, 1.6706329584121704, 1.6816976070404053, 1.677752137184143, 1.6763383150100708, 1.6782541275024414, 1.6790903806686401, 1.6831568479537964, 1.6841001510620117]",0.6949999928474426,,1061984172,,3773092,,,,,,0.125,0.125,0.0,73,22,400,400,0.1825,0.055,False,BEST,0.55,True,True,"[[83  0  0 ...  0  0  0]
 [ 0 81  0 ...  0  0  0]
 [ 0  0 55 ...  0  0  0]
 ...
 [ 0  0  0 ... 67  0  0]
 [ 0  0  4 ...  0 53  0]
 [ 0  0  0 ...  0  0 68]]",0.6949,0.709751833,0.6949,0.696115824,69
BTNZCO[M],,20,20,16,False,False,"[7, 36, 7, 20, 62, 63, 54, 22]",[],"[{'INP': 32}, {'CONV': [64, 3]}, ({'CONV': [32, 3]}, {'CONV': [256, 5]}), ({'CONV': [128, 3]}, {'CONV': [128, 3]}, {'POOLMAX': [-1, 2]}), ({'CONV': [32, 3]}, {'CONV': [256, 5]}), ({'CONV': [64, 3]}, {'CONV': [128, 3]}, {'POOLMAX': [-1, 2]}), ({'CONV': [256, 5]}, {'CONV': [256, 3]}), ({'CONV': [256, 5]}, {'CONV': [256, 5]}, {'POOLMAX': [-1, 2]}), ({'CONV': [256, 3]}, {'CONV': [256, 3]}), ({'CONV': [64, 3]}, {'CONV': [256, 3]}, {'POOLMAX': [-1, 2]}), {'GLOBAL_AVG': None}, {'LAST_DENSE': [100, 'softmax']}]",UC,MSWAP,GA,70,"[0.12189999967813492, 0.2337999939918518, 0.3149999976158142, 0.30230000615119934, 0.34850001335144043, 0.3562000095844269, 0.4359000027179718, 0.42419999837875366, 0.45669999718666077, 0.4560000002384186, 0.45239999890327454, 0.487199991941452, 0.4805000126361847, 0.4945000112056732, 0.42419999837875366, 0.4964999854564667, 0.49549999833106995, 0.51910001039505, 0.5228000283241272, 0.5317999720573425, 0.47450000047683716, 0.5300999879837036, 0.5235999822616577, 0.5218999981880188, 0.6051999926567078, 0.604200005531311, 0.59579998254776, 0.6335999965667725, 0.6344000101089478, 0.5993000268936157, 0.5871999859809875, 0.6424999833106995, 0.6068999767303467, 0.5945000052452087, 0.6313999891281128, 0.6104999780654907, 0.6000000238418579, 0.6556000113487244, 0.6516000032424927, 0.6656000018119812, 0.6517000198364258, 0.6639000177383423, 0.6697999835014343, 0.6635000109672546, 0.6610000133514404, 0.6917999982833862, 0.6796000003814697, 0.6865000128746033, 0.6800000071525574, 0.6790000200271606, 0.6757000088691711, 0.6883000135421753, 0.6906999945640564, 0.6891999840736389, 0.6913999915122986, 0.6916000247001648, 0.6909999847412109, 0.6930000185966492, 0.6898999810218811, 0.6974999904632568, 0.6895999908447266, 0.6980000138282776, 0.6959999799728394, 0.6985999941825867, 0.6977999806404114, 0.696399986743927, 0.698199987411499, 0.6973000168800354, 0.6967999935150146, 0.6956999897956848]","[4.038779258728027, 3.2992441654205322, 2.9080281257629395, 3.095278263092041, 2.856110095977783, 2.8800456523895264, 2.4810173511505127, 2.6660754680633545, 2.525174379348755, 2.4880757331848145, 2.573965072631836, 2.391603708267212, 2.388326644897461, 2.322082042694092, 3.0100197792053223, 2.3557043075561523, 2.4546470642089844, 2.312847375869751, 2.2342936992645264, 2.2494657039642334, 2.613520860671997, 2.36807918548584, 2.371339797973633, 2.3977603912353516, 1.928260326385498, 1.9288980960845947, 1.9879980087280273, 1.8052191734313965, 1.8181192874908447, 2.0062105655670166, 2.03053617477417, 1.753929853439331, 1.9776803255081177, 2.0255424976348877, 1.8716117143630981, 1.9569770097732544, 2.059619426727295, 1.7444407939910889, 1.7589037418365479, 1.6842095851898193, 1.753127932548523, 1.7035433053970337, 1.6916598081588745, 1.735750436782837, 1.745424747467041, 1.5786601305007935, 1.6528326272964478, 1.625214695930481, 1.6409140825271606, 1.6910396814346313, 1.6771454811096191, 1.6256228685379028, 1.6108344793319702, 1.641205906867981, 1.6245697736740112, 1.6212815046310425, 1.6355187892913818, 1.631575345993042, 1.6488388776779175, 1.612392783164978, 1.6530596017837524, 1.622678279876709, 1.6265158653259277, 1.6157007217407227, 1.621617078781128, 1.6362411975860596, 1.618918538093567, 1.6178796291351318, 1.6254901885986328, 1.6342910528182983]",0.6956999897956848,,993704364,,3200164,,,,,,0.0,0.25,0.25,51,25,400,400,0.1275,0.0625,False,BEST,0.7,True,True,"[[89  0  0 ...  0  0  0]
 [ 0 76  0 ...  0  0  0]
 [ 0  0 64 ...  0  1  0]
 ...
 [ 0  0  0 ... 78  0  0]
 [ 0  0  4 ...  0 48  0]
 [ 0  0  0 ...  0  0 69]]",0.6957,0.709070437,0.6957,0.69688985,9
BBTEF[M],,21,20,17,False,False,"[8, 48, 39, 58, 39, 37, 39, 55]",[],"[{'INP': 32}, {'CONV': [64, 3]}, ({'CONV': [32, 5]}, {'CONV': [32, 3]}), ({'CONV': [256, 3]}, {'CONV': [32, 3]}, {'POOLMAX': [-1, 2]}), ({'CONV': [128, 3]}, {'CONV': [256, 5]}), ({'CONV': [256, 5]}, {'CONV': [64, 3]}, {'POOLMAX': [-1, 2]}), ({'CONV': [128, 3]}, {'CONV': [256, 5]}), ({'CONV': [128, 3]}, {'CONV': [128, 5]}, {'POOLMAX': [-1, 2]}), ({'CONV': [128, 3]}, {'CONV': [256, 5]}), ({'CONV': [256, 3]}, {'CONV': [256, 5]}, {'POOLMAX': [-1, 2]}), {'GLOBAL_AVG': None}, {'LAST_DENSE': [100, 'softmax']}]",UC,MSWAP,GA,70,"[0.11779999732971191, 0.1981000006198883, 0.30230000615119934, 0.3603000044822693, 0.3801000118255615, 0.39579999446868896, 0.44290000200271606, 0.45669999718666077, 0.4480000138282776, 0.48249998688697815, 0.4781999886035919, 0.5094000101089478, 0.482699990272522, 0.5187000036239624, 0.5234000086784363, 0.4830999970436096, 0.5170000195503235, 0.5138999819755554, 0.5055000185966492, 0.5878999829292297, 0.60589998960495, 0.61080002784729, 0.6317999958992004, 0.6212000250816345, 0.623199999332428, 0.6417999863624573, 0.5892999768257141, 0.6276999711990356, 0.6308000087738037, 0.6136999726295471, 0.6366000175476074, 0.6590999960899353, 0.6664999723434448, 0.6629999876022339, 0.6680999994277954, 0.6392999887466431, 0.6735000014305115, 0.6628000140190125, 0.6753000020980835, 0.6571000218391418, 0.6653000116348267, 0.6668999791145325, 0.6787999868392944, 0.673799991607666, 0.6855000257492065, 0.6912999749183655, 0.6865000128746033, 0.6884999871253967, 0.6827999949455261, 0.6826000213623047, 0.6942999958992004, 0.6887999773025513, 0.6883000135421753, 0.6920999884605408, 0.6955000162124634, 0.6984999775886536, 0.70169997215271, 0.701200008392334, 0.7020000219345093, 0.6980999708175659, 0.6992999911308289, 0.7002000212669373, 0.7016000151634216, 0.6992999911308289, 0.703000009059906, 0.7002999782562256, 0.6995999813079834, 0.7013999819755554, 0.7032999992370605, 0.701200008392334]","[4.06024169921875, 3.544260263442993, 2.99573016166687, 2.7353224754333496, 2.7737536430358887, 2.6931204795837402, 2.4693989753723145, 2.516376256942749, 2.5368731021881104, 2.431535243988037, 2.3993539810180664, 2.2500336170196533, 2.4299614429473877, 2.224517583847046, 2.2541162967681885, 2.5659396648406982, 2.350111722946167, 2.4185094833374023, 2.4350180625915527, 2.0249733924865723, 1.8928015232086182, 1.9138468503952026, 1.7867406606674194, 1.8239251375198364, 1.843991994857788, 1.7735755443572998, 2.0480759143829346, 1.8170056343078613, 1.8197011947631836, 1.89915132522583, 1.8309671878814697, 1.7193492650985718, 1.6799696683883667, 1.6844837665557861, 1.6820040941238403, 1.8990298509597778, 1.6487127542495728, 1.7156615257263184, 1.6366331577301025, 1.7624783515930176, 1.6958167552947998, 1.6924537420272827, 1.6397919654846191, 1.6796927452087402, 1.6528892517089844, 1.5982235670089722, 1.603743314743042, 1.6487029790878296, 1.705552577972412, 1.695449948310852, 1.6088237762451172, 1.6235283613204956, 1.6634515523910522, 1.6438013315200806, 1.610836386680603, 1.611010193824768, 1.5966891050338745, 1.622544765472412, 1.6097276210784912, 1.631714105606079, 1.6219409704208374, 1.622580885887146, 1.6153655052185059, 1.632508635520935, 1.6179300546646118, 1.627188801765442, 1.636855959892273, 1.6296285390853882, 1.628941297531128, 1.6306054592132568]",0.701200008392334,,2591253484,,5017636,,,,,,0.375,0.125,0.0,92,26,400,400,0.23,0.065,False,BEST,0.4,True,True,"[[86  0  0 ...  0  0  0]
 [ 0 82  0 ...  0  0  0]
 [ 1  0 58 ...  0  3  0]
 ...
 [ 0  0  0 ... 69  0  0]
 [ 0  0  3 ...  0 47  0]
 [ 0  1  1 ...  0  0 72]]",0.7012,0.710757855,0.7012,0.701621695,48
BHDMYX[M],,22,20,15,False,False,"[52, 28, 20, 38, 53, 37, 52, 31]",[],"[{'INP': 32}, {'CONV': [64, 3]}, ({'CONV': [256, 3]}, {'CONV': [128, 3]}), ({'CONV': [64, 5]}, {'CONV': [128, 3]}, {'POOLMAX': [-1, 2]}), ({'CONV': [64, 3]}, {'CONV': [128, 3]}), ({'CONV': [128, 3]}, {'CONV': [256, 3]}, {'POOLMAX': [-1, 2]}), ({'CONV': [256, 3]}, {'CONV': [128, 5]}), ({'CONV': [128, 3]}, {'CONV': [128, 5]}, {'POOLMAX': [-1, 2]}), ({'CONV': [256, 3]}, {'CONV': [128, 3]}), ({'CONV': [64, 5]}, {'CONV': [256, 5]}, {'POOLMAX': [-1, 2]}), {'GLOBAL_AVG': None}, {'LAST_DENSE': [100, 'softmax']}]",UC,MSWAP,GA,70,"[0.07429999858140945, 0.2378000020980835, 0.29989999532699585, 0.2919999957084656, 0.3278000056743622, 0.4131999909877777, 0.3783999979496002, 0.4672999978065491, 0.46140000224113464, 0.4388999938964844, 0.4564000070095062, 0.4984999895095825, 0.49470001459121704, 0.5062999725341797, 0.498199999332428, 0.4726000130176544, 0.4722999930381775, 0.6011999845504761, 0.6108999848365784, 0.595300018787384, 0.5924999713897705, 0.6177999973297119, 0.6150000095367432, 0.6064000129699707, 0.619700014591217, 0.6236000061035156, 0.5860000252723694, 0.6098999977111816, 0.6244999766349792, 0.6359999775886536, 0.6262000203132629, 0.6172999739646912, 0.6118999719619751, 0.6218000054359436, 0.6419000029563904, 0.6735000014305115, 0.6772000193595886, 0.6692000031471252, 0.6807000041007996, 0.6632999777793884, 0.659600019454956, 0.6861000061035156, 0.6757000088691711, 0.6586999893188477, 0.6707000136375427, 0.6678000092506409, 0.6669999957084656, 0.6978999972343445, 0.6967999935150146, 0.6955999732017517, 0.6868000030517578, 0.6937999725341797, 0.6901000142097473, 0.6995000243186951, 0.7045000195503235, 0.7008000016212463, 0.7059000134468079, 0.6951000094413757, 0.7084000110626221, 0.7085999846458435, 0.7024000287055969, 0.7034000158309937, 0.7063000202178955, 0.7067000269889832, 0.7063999772071838, 0.7078999876976013, 0.7046999931335449, 0.7059000134468079, 0.707099974155426, 0.7055000066757202]","[4.304317474365234, 3.301610231399536, 3.079002618789673, 3.239628791809082, 3.0457510948181152, 2.6041150093078613, 2.9148309230804443, 2.4198355674743652, 2.483614206314087, 2.585921049118042, 2.544943332672119, 2.3705668449401855, 2.421668767929077, 2.3706228733062744, 2.410736083984375, 2.583280086517334, 2.59527587890625, 1.9352620840072632, 1.8987609148025513, 1.9599437713623047, 2.0038280487060547, 1.8781676292419434, 1.8762671947479248, 1.8955310583114624, 1.851476788520813, 1.9059722423553467, 2.1054294109344482, 1.9159966707229614, 1.8193031549453735, 1.8020665645599365, 1.8960480690002441, 1.9046471118927002, 1.9541652202606201, 1.9407179355621338, 1.8146737813949585, 1.6863619089126587, 1.6590160131454468, 1.7169400453567505, 1.661908745765686, 1.75753653049469, 1.7687324285507202, 1.6484417915344238, 1.675843596458435, 1.80551016330719, 1.7369880676269531, 1.7786831855773926, 1.7722890377044678, 1.6080108880996704, 1.6469265222549438, 1.678832769393921, 1.6906906366348267, 1.6521167755126953, 1.704840064048767, 1.6374210119247437, 1.650854468345642, 1.6775829792022705, 1.644681453704834, 1.7337318658828735, 1.655394196510315, 1.6516449451446533, 1.673845648765564, 1.6773513555526733, 1.6573458909988403, 1.6475099325180054, 1.654037356376648, 1.6512199640274048, 1.668186902999878, 1.661697268486023, 1.6638520956039429, 1.6769068241119385]",0.7055000066757202,,1117282348,,3869092,,,,,,0.375,0.125,0.0,84,20,400,400,0.21,0.05,False,BEST,0.65,True,True,"[[82  0  0 ...  0  0  0]
 [ 0 82  0 ...  0  0  0]
 [ 0  0 63 ...  0  3  0]
 ...
 [ 0  0  0 ... 75  1  0]
 [ 0  0  5 ...  0 47  0]
 [ 0  0  0 ...  0  0 75]]",0.7056,0.717796343,0.7056,0.706322535,53
BVYCEC[M],,23,20,14,False,False,"[26, 36, 22, 38, 4, 44, 54, 6]",[],"[{'INP': 32}, {'CONV': [64, 3]}, ({'CONV': [64, 5]}, {'CONV': [64, 3]}), ({'CONV': [128, 3]}, {'CONV': [128, 3]}, {'POOLMAX': [-1, 2]}), ({'CONV': [64, 3]}, {'CONV': [256, 3]}), ({'CONV': [128, 3]}, {'CONV': [256, 3]}, {'POOLMAX': [-1, 2]}), ({'CONV': [32, 3]}, {'CONV': [128, 3]}), ({'CONV': [128, 5]}, {'CONV': [128, 3]}, {'POOLMAX': [-1, 2]}), ({'CONV': [256, 3]}, {'CONV': [256, 3]}), ({'CONV': [32, 3]}, {'CONV': [256, 3]}, {'POOLMAX': [-1, 2]}), {'GLOBAL_AVG': None}, {'LAST_DENSE': [100, 'softmax']}]",UC,MSWAP,GA,70,"[0.13349999487400055, 0.1915999948978424, 0.259799987077713, 0.3555000126361847, 0.296999990940094, 0.4083000123500824, 0.44510000944137573, 0.4099999964237213, 0.4537999927997589, 0.47429999709129333, 0.4611000120639801, 0.4503999948501587, 0.45089998841285706, 0.5289999842643738, 0.5404000282287598, 0.43849998712539673, 0.5042999982833862, 0.5325999855995178, 0.5295000076293945, 0.6126000285148621, 0.6101999878883362, 0.635200023651123, 0.6025999784469604, 0.6474000215530396, 0.6157000064849854, 0.6061999797821045, 0.6230999827384949, 0.6468999981880188, 0.613099992275238, 0.607200026512146, 0.6456000208854675, 0.6147000193595886, 0.6194999814033508, 0.6733999848365784, 0.6678000092506409, 0.678600013256073, 0.6776000261306763, 0.6694999933242798, 0.6848999857902527, 0.65829998254776, 0.6783999800682068, 0.6859999895095825, 0.6588000059127808, 0.6833999752998352, 0.6689000129699707, 0.6786999702453613, 0.6739000082015991, 0.6854000091552734, 0.6915000081062317, 0.6980000138282776, 0.6998000144958496, 0.6940000057220459, 0.7034000158309937, 0.6980999708175659, 0.7005000114440918, 0.6956999897956848, 0.7016000151634216, 0.7002000212669373, 0.7035999894142151, 0.7050999999046326, 0.7060999870300293, 0.7085000276565552, 0.7050999999046326, 0.7002999782562256, 0.7045000195503235, 0.7059999704360962, 0.7078999876976013, 0.7074999809265137, 0.7045000195503235, 0.7069000005722046]","[3.9376020431518555, 3.5673062801361084, 3.2993881702423096, 2.7534306049346924, 3.270967483520508, 2.692223310470581, 2.4830663204193115, 2.6731362342834473, 2.532625436782837, 2.4452269077301025, 2.5297622680664062, 2.6806442737579346, 2.6078898906707764, 2.2588183879852295, 2.267202615737915, 2.849684953689575, 2.467963695526123, 2.3277392387390137, 2.3521976470947266, 1.9412404298782349, 1.9292304515838623, 1.8179539442062378, 2.0031583309173584, 1.7920974493026733, 1.994381308555603, 1.9796699285507202, 1.8490488529205322, 1.7548322677612305, 1.9785094261169434, 1.9768216609954834, 1.8101019859313965, 1.9939326047897339, 1.9846296310424805, 1.7218222618103027, 1.74037504196167, 1.7318543195724487, 1.6993255615234375, 1.7632123231887817, 1.7077367305755615, 1.8310019969940186, 1.7034997940063477, 1.6497193574905396, 1.8187941312789917, 1.6944103240966797, 1.825757384300232, 1.7602511644363403, 1.7485644817352295, 1.7308310270309448, 1.7029753923416138, 1.6742876768112183, 1.694273591041565, 1.7537695169448853, 1.7074512243270874, 1.7183338403701782, 1.7224448919296265, 1.768406629562378, 1.7391506433486938, 1.7324556112289429, 1.7381000518798828, 1.7293267250061035, 1.7503763437271118, 1.7379688024520874, 1.751000165939331, 1.7674055099487305, 1.7712355852127075, 1.7541218996047974, 1.7396810054779053, 1.7489583492279053, 1.7553129196166992, 1.7482277154922485]",0.7069000005722046,,1184469740,,3927588,,,,,,0.375,0.25,0.0,85,29,400,400,0.2125,0.0725,False,BEST,0.35,True,True,"[[88  0  0 ...  0  0  0]
 [ 0 80  0 ...  0  0  0]
 [ 0  0 64 ...  0  2  0]
 ...
 [ 0  0  0 ... 79  1  0]
 [ 0  0  2 ...  0 54  0]
 [ 0  0  0 ...  0  0 74]]",0.7069,0.7173437,0.7069,0.707504918,122
BHGJRP[M],,24,20,17,False,False,"[27, 27, 23, 15, 34, 6, 54, 7]",[],"[{'INP': 32}, {'CONV': [64, 3]}, ({'CONV': [64, 5]}, {'CONV': [64, 5]}), ({'CONV': [64, 5]}, {'CONV': [64, 5]}, {'POOLMAX': [-1, 2]}), ({'CONV': [64, 3]}, {'CONV': [256, 5]}), ({'CONV': [32, 5]}, {'CONV': [256, 5]}, {'POOLMAX': [-1, 2]}), ({'CONV': [128, 3]}, {'CONV': [64, 3]}), ({'CONV': [32, 3]}, {'CONV': [256, 3]}, {'POOLMAX': [-1, 2]}), ({'CONV': [256, 3]}, {'CONV': [256, 3]}), ({'CONV': [32, 3]}, {'CONV': [256, 5]}, {'POOLMAX': [-1, 2]}), {'GLOBAL_AVG': None}, {'LAST_DENSE': [100, 'softmax']}]",UC,MSWAP,GA,70,"[0.13050000369548798, 0.21979999542236328, 0.2849000096321106, 0.32679998874664307, 0.40299999713897705, 0.44130000472068787, 0.46070000529289246, 0.4885999858379364, 0.4959000051021576, 0.5022000074386597, 0.5008999705314636, 0.4383000135421753, 0.48750001192092896, 0.507099986076355, 0.5220000147819519, 0.5598000288009644, 0.5943999886512756, 0.5527999997138977, 0.5837000012397766, 0.6026999950408936, 0.5996000170707703, 0.5633999705314636, 0.6033999919891357, 0.6273999810218811, 0.5953999757766724, 0.5995000004768372, 0.6110000014305115, 0.6190000176429749, 0.6241999864578247, 0.6507999897003174, 0.6549999713897705, 0.6520000100135803, 0.6481000185012817, 0.65420001745224, 0.664900004863739, 0.6657000184059143, 0.6653000116348267, 0.6715999841690063, 0.6762999892234802, 0.6409000158309937, 0.663100004196167, 0.6565999984741211, 0.6700999736785889, 0.671999990940094, 0.6751999855041504, 0.6827999949455261, 0.6733999848365784, 0.676800012588501, 0.6743999719619751, 0.6887000203132629, 0.6876000165939331, 0.6922000050544739, 0.6895999908447266, 0.6887000203132629, 0.6916000247001648, 0.6901000142097473, 0.6970999836921692, 0.6908000111579895, 0.6930999755859375, 0.6920999884605408, 0.6930000185966492, 0.6948999762535095, 0.695900022983551, 0.6933000087738037, 0.6935999989509583, 0.694599986076355, 0.6924999952316284, 0.6919999718666077, 0.6937999725341797, 0.692799985408783]","[3.913435220718384, 3.5101797580718994, 3.168996572494507, 2.9221270084381104, 2.7219009399414062, 2.552841901779175, 2.3986172676086426, 2.334368944168091, 2.3188834190368652, 2.298936367034912, 2.340165853500366, 2.6623928546905518, 2.4917755126953125, 2.3688929080963135, 2.3212969303131104, 2.1395692825317383, 1.9794589281082153, 2.215625286102295, 1.9845750331878662, 1.8763929605484009, 1.9312129020690918, 2.185332775115967, 1.9803072214126587, 1.8231834173202515, 1.9569427967071533, 1.9852687120437622, 1.9347018003463745, 1.9206551313400269, 1.8818234205245972, 1.7997380495071411, 1.7753798961639404, 1.7716578245162964, 1.8164423704147339, 1.7826827764511108, 1.7260831594467163, 1.7167601585388184, 1.7583833932876587, 1.6987167596817017, 1.6922203302383423, 1.9420607089996338, 1.780631422996521, 1.8328676223754883, 1.7694299221038818, 1.7537881135940552, 1.7306079864501953, 1.7231906652450562, 1.7653595209121704, 1.7949178218841553, 1.780713677406311, 1.7075494527816772, 1.71035897731781, 1.713060975074768, 1.7439154386520386, 1.785504698753357, 1.7384699583053589, 1.7651474475860596, 1.7412775754928589, 1.7603530883789062, 1.7653324604034424, 1.7738434076309204, 1.7728888988494873, 1.7533237934112549, 1.7622413635253906, 1.77347993850708, 1.782004475593567, 1.7753061056137085, 1.7843668460845947, 1.7832131385803223, 1.7720050811767578, 1.780639410018921]",0.692799985408783,,700132012,,3779748,,,,,,0.125,0.25,0.0,62,26,400,400,0.155,0.065,False,BEST,0.7,True,True,"[[86  0  0 ...  0  0  0]
 [ 0 77  0 ...  0  0  0]
 [ 0  0 60 ...  0  2  0]
 ...
 [ 0  0  0 ... 61  0  0]
 [ 0  0  2 ...  0 50  0]
 [ 0  0  0 ...  0  0 73]]",0.6929,0.706408762,0.6929,0.694183829,57
BATQBZ[M],,25,20,18,False,False,"[46, 12, 4, 12, 59, 12, 62, 22]",[],"[{'INP': 32}, {'CONV': [64, 3]}, ({'CONV': [128, 5]}, {'CONV': [256, 3]}), ({'CONV': [32, 5]}, {'CONV': [128, 3]}, {'POOLMAX': [-1, 2]}), ({'CONV': [32, 3]}, {'CONV': [128, 3]}), ({'CONV': [32, 5]}, {'CONV': [128, 3]}, {'POOLMAX': [-1, 2]}), ({'CONV': [256, 5]}, {'CONV': [64, 5]}), ({'CONV': [32, 5]}, {'CONV': [128, 3]}, {'POOLMAX': [-1, 2]}), ({'CONV': [256, 5]}, {'CONV': [256, 3]}), ({'CONV': [64, 3]}, {'CONV': [256, 3]}, {'POOLMAX': [-1, 2]}), {'GLOBAL_AVG': None}, {'LAST_DENSE': [100, 'softmax']}]",UC,MSWAP,GA,70,"[0.10350000113248825, 0.16850000619888306, 0.2881999909877777, 0.36410000920295715, 0.3276999890804291, 0.4059999883174896, 0.43230000138282776, 0.39750000834465027, 0.4657000005245209, 0.37119999527931213, 0.459199994802475, 0.5271999835968018, 0.4587000012397766, 0.48170000314712524, 0.5113999843597412, 0.51910001039505, 0.5597000122070312, 0.5327000021934509, 0.5827000141143799, 0.5151000022888184, 0.48660001158714294, 0.5314000248908997, 0.5249000191688538, 0.5687999725341797, 0.6376000046730042, 0.6417999863624573, 0.6438000202178955, 0.6240000128746033, 0.5648999810218811, 0.6477000117301941, 0.6561999917030334, 0.6183000206947327, 0.6378999948501587, 0.6182000041007996, 0.6209999918937683, 0.6636999845504761, 0.6773999929428101, 0.6804999709129333, 0.6909999847412109, 0.6740999817848206, 0.6761999726295471, 0.6771000027656555, 0.6873000264167786, 0.6565999984741211, 0.7046999931335449, 0.6963000297546387, 0.6822999715805054, 0.6987000107765198, 0.7009000182151794, 0.6924999952316284, 0.7070000171661377, 0.7109000086784363, 0.708899974822998, 0.7049000263214111, 0.7103999853134155, 0.7078999876976013, 0.7096999883651733, 0.7127000093460083, 0.7095999717712402, 0.7053999900817871, 0.7131999731063843, 0.7142000198364258, 0.7148000001907349, 0.7110999822616577, 0.713100016117096, 0.7145000100135803, 0.7117000222206116, 0.7110999822616577, 0.713100016117096, 0.7111999988555908]","[4.404880523681641, 3.8659815788269043, 3.146890163421631, 2.944056987762451, 5.623781681060791, 2.8628530502319336, 2.6434624195098877, 2.8902523517608643, 2.5083370208740234, 3.4727585315704346, 2.615703582763672, 2.3041906356811523, 2.714185953140259, 2.587509870529175, 2.415776491165161, 2.455357313156128, 2.207634449005127, 2.3911802768707275, 2.104386568069458, 2.470574378967285, 2.8012819290161133, 2.400571584701538, 2.5201849937438965, 2.2303364276885986, 1.9133126735687256, 1.8495389223098755, 1.832069754600525, 1.9105916023254395, 2.3961055278778076, 1.8436108827590942, 1.7896937131881714, 2.0234692096710205, 1.8880667686462402, 2.0704054832458496, 1.9386167526245117, 1.7947572469711304, 1.725351333618164, 1.6945222616195679, 1.6756172180175781, 1.77034330368042, 1.7493431568145752, 1.7361533641815186, 1.6878857612609863, 1.8904411792755127, 1.5887529850006104, 1.6554445028305054, 1.7369470596313477, 1.636719822883606, 1.6761492490768433, 1.6864748001098633, 1.6285723447799683, 1.602651834487915, 1.618559718132019, 1.6629865169525146, 1.6260461807250977, 1.6465963125228882, 1.6376577615737915, 1.6304923295974731, 1.6506831645965576, 1.6741677522659302, 1.6371835470199585, 1.639833927154541, 1.645329475402832, 1.6506271362304688, 1.6458615064620972, 1.6442124843597412, 1.6464051008224487, 1.6494461297988892, 1.6518056392669678, 1.6510487794876099]",0.7111999988555908,,978905836,,6057508,,,,,,0.625,0.0,0.25,101,38,400,400,0.2525,0.095,False,BEST,0.55,True,True,"[[85  0  0 ...  0  0  0]
 [ 0 78  0 ...  0  0  0]
 [ 0  0 64 ...  0  3  0]
 ...
 [ 0  0  0 ... 71  0  0]
 [ 0  0  4 ...  0 54  0]
 [ 0  0  0 ...  0  0 69]]",0.7111,0.721939928,0.7111,0.711835179,21
BFJPOK[M],,26,20,20,True,True,"[45, 27, 29, 12, 46, 38, 63, 55]",[],"[{'INP': 32}, {'CONV': [64, 3]}, ({'CONV': [128, 5]}, {'CONV': [128, 5]}), ({'CONV': [64, 5]}, {'CONV': [64, 5]}, {'POOLMAX': [-1, 2]}), ({'CONV': [64, 5]}, {'CONV': [128, 5]}), ({'CONV': [32, 5]}, {'CONV': [128, 3]}, {'POOLMAX': [-1, 2]}), ({'CONV': [128, 5]}, {'CONV': [256, 3]}), ({'CONV': [128, 3]}, {'CONV': [256, 3]}, {'POOLMAX': [-1, 2]}), ({'CONV': [256, 5]}, {'CONV': [256, 5]}), ({'CONV': [256, 3]}, {'CONV': [256, 5]}, {'POOLMAX': [-1, 2]}), {'GLOBAL_AVG': None}, {'LAST_DENSE': [100, 'softmax']}]",UC,MSWAP,GA,70,"[0.11050000041723251, 0.21220000088214874, 0.2574999928474426, 0.3246000111103058, 0.36070001125335693, 0.40529999136924744, 0.4235999882221222, 0.4255000054836273, 0.46230000257492065, 0.4339999854564667, 0.4805999994277954, 0.4749000072479248, 0.44029998779296875, 0.47099998593330383, 0.47189998626708984, 0.49950000643730164, 0.5565000176429749, 0.5667999982833862, 0.5636000037193298, 0.555400013923645, 0.593999981880188, 0.5842000246047974, 0.5843999981880188, 0.525600016117096, 0.5782999992370605, 0.5974000096321106, 0.6237999796867371, 0.6144999861717224, 0.6333000063896179, 0.6306999921798706, 0.630299985408783, 0.6439999938011169, 0.6254000067710876, 0.6215000152587891, 0.642300009727478, 0.6241000294685364, 0.6437000036239624, 0.6625999808311462, 0.6470999717712402, 0.661300003528595, 0.6570000052452087, 0.6704999804496765, 0.6657999753952026, 0.6543999910354614, 0.6531000137329102, 0.6521999835968018, 0.6608999967575073, 0.6740000247955322, 0.6732000112533569, 0.6747999787330627, 0.6718999743461609, 0.6690000295639038, 0.678600013256073, 0.6761999726295471, 0.6775000095367432, 0.6746000051498413, 0.6754000186920166, 0.6786999702453613, 0.6736000180244446, 0.6769000291824341, 0.6757000088691711, 0.6769999861717224, 0.678600013256073, 0.6775000095367432, 0.6800000071525574, 0.6794999837875366, 0.6782000064849854, 0.6790000200271606, 0.6804999709129333, 0.6784999966621399]","[3.9706320762634277, 3.38043475151062, 3.1467180252075195, 2.8344075679779053, 2.7171685695648193, 2.569539785385132, 2.489985466003418, 2.51840877532959, 2.439988136291504, 2.5800392627716064, 2.3383421897888184, 2.3916430473327637, 2.5991382598876953, 2.4745311737060547, 2.4948318004608154, 2.390702486038208, 2.07121205329895, 1.997988224029541, 2.044642686843872, 2.0761020183563232, 1.8813107013702393, 1.918509602546692, 1.9376627206802368, 2.299189567565918, 1.9811806678771973, 1.8890069723129272, 1.7866722345352173, 1.8760119676589966, 1.7341381311416626, 1.730411171913147, 1.7764363288879395, 1.6877368688583374, 1.8017312288284302, 1.8025851249694824, 1.7203054428100586, 1.821376919746399, 1.7109031677246094, 1.6332879066467285, 1.7424043416976929, 1.6778264045715332, 1.673288106918335, 1.6133513450622559, 1.6512805223464966, 1.7307088375091553, 1.7360361814498901, 1.730749249458313, 1.6826282739639282, 1.6308174133300781, 1.641189455986023, 1.6525371074676514, 1.6819322109222412, 1.690571665763855, 1.6498323678970337, 1.649635910987854, 1.6666969060897827, 1.6762927770614624, 1.6683343648910522, 1.6506056785583496, 1.673750638961792, 1.6596860885620117, 1.6803278923034668, 1.6747294664382935, 1.6706396341323853, 1.675971269607544, 1.6663215160369873, 1.669421911239624, 1.6729423999786377, 1.6705384254455566, 1.6737101078033447, 1.675537347793579]",0.6784999966621399,,1259145580,,3608356,,,,,"[45, 27, 29, 38, 46, 12, 63, 55]",0.125,0.25,0.25,87,30,400,400,0.2175,0.075,False,BEST,0.7,True,True,"[[81  0  1 ...  0  0  0]
 [ 0 81  0 ...  0  0  0]
 [ 0  1 56 ...  0  3  0]
 ...
 [ 0  0  0 ... 72  0  0]
 [ 0  0  3 ...  0 51  1]
 [ 0  0  1 ...  0  0 75]]",0.6785,0.690401768,0.6785,0.679351423,64
BLNXJO[M],,27,20,17,True,True,"[26, 52, 20, 20, 62, 7, 47, 63]",[],"[{'INP': 32}, {'CONV': [64, 3]}, ({'CONV': [64, 5]}, {'CONV': [64, 3]}), ({'CONV': [256, 3]}, {'CONV': [128, 3]}, {'POOLMAX': [-1, 2]}), ({'CONV': [64, 3]}, {'CONV': [128, 3]}), ({'CONV': [64, 3]}, {'CONV': [128, 3]}, {'POOLMAX': [-1, 2]}), ({'CONV': [256, 5]}, {'CONV': [256, 3]}), ({'CONV': [32, 3]}, {'CONV': [256, 5]}, {'POOLMAX': [-1, 2]}), ({'CONV': [128, 5]}, {'CONV': [256, 5]}), ({'CONV': [256, 5]}, {'CONV': [256, 5]}, {'POOLMAX': [-1, 2]}), {'GLOBAL_AVG': None}, {'LAST_DENSE': [100, 'softmax']}]",UC,MSWAP,GA,70,"[0.08030000329017639, 0.1290999948978424, 0.27489998936653137, 0.31839999556541443, 0.3215999901294708, 0.3792000114917755, 0.40860000252723694, 0.4260999858379364, 0.387800008058548, 0.4293000102043152, 0.42160001397132874, 0.4334000051021576, 0.47200000286102295, 0.46970000863075256, 0.45339998602867126, 0.4894999861717224, 0.478300005197525, 0.531499981880188, 0.5120999813079834, 0.5077999830245972, 0.5217999815940857, 0.5328999757766724, 0.5370000004768372, 0.5627999901771545, 0.5665000081062317, 0.5821999907493591, 0.5807999968528748, 0.5885999798774719, 0.579800009727478, 0.54830002784729, 0.6043000221252441, 0.5867999792098999, 0.5742999911308289, 0.5978999733924866, 0.5885000228881836, 0.5788999795913696, 0.6176000237464905, 0.6298999786376953, 0.6166999936103821, 0.6233999729156494, 0.6218000054359436, 0.6283000111579895, 0.6247000098228455, 0.6315000057220459, 0.6349999904632568, 0.6255000233650208, 0.6349999904632568, 0.6398000121116638, 0.6437000036239624, 0.6425999999046326, 0.6507999897003174, 0.6385999917984009, 0.6334999799728394, 0.6327999830245972, 0.641700029373169, 0.6496999859809875, 0.6498000025749207, 0.6245999932289124, 0.6474000215530396, 0.6287000179290771, 0.6384000182151794, 0.6517999768257141, 0.6381000280380249, 0.6341000199317932, 0.6402999758720398, 0.6456999778747559, 0.6492999792098999, 0.644599974155426, 0.6474999785423279, 0.644599974155426]","[4.256944179534912, 3.920039415359497, 3.0475053787231445, 2.865670680999756, 2.887469530105591, 2.6603634357452393, 2.5206618309020996, 2.401179790496826, 2.696636438369751, 2.4940969944000244, 2.5396180152893066, 2.4829695224761963, 2.29659366607666, 2.4023709297180176, 2.4316465854644775, 2.2574522495269775, 2.385538101196289, 2.0813486576080322, 2.1807851791381836, 2.2543771266937256, 2.147874593734741, 2.1176764965057373, 2.087627649307251, 2.0106287002563477, 2.0488245487213135, 1.9078158140182495, 1.9236304759979248, 1.907468557357788, 1.9352267980575562, 2.0602123737335205, 1.7804200649261475, 1.8958113193511963, 1.987708568572998, 1.8465206623077393, 1.8540788888931274, 1.9304596185684204, 1.7690696716308594, 1.6935616731643677, 1.762861728668213, 1.7209638357162476, 1.7503197193145752, 1.7022310495376587, 1.7255843877792358, 1.6980252265930176, 1.7054082155227661, 1.7229087352752686, 1.711829662322998, 1.674764633178711, 1.6562533378601074, 1.6719800233840942, 1.6543700695037842, 1.6888060569763184, 1.7096424102783203, 1.7272781133651733, 1.6546671390533447, 1.644931674003601, 1.6416045427322388, 1.7733885049819946, 1.6442351341247559, 1.7368650436401367, 1.6856200695037842, 1.6352953910827637, 1.7077370882034302, 1.7225929498672485, 1.6865546703338623, 1.6710829734802246, 1.6389113664627075, 1.6666851043701172, 1.668200969696045, 1.6873712539672852]",0.644599974155426,,1422547628,,2698916,,,,,"[26, 52, 20, 20, 62, 7, 47, 63]",0.125,0.125,0.0,59,29,400,400,0.1475,0.0725,False,BEST,0.3,True,True,"[[81  0  0 ...  0  0  0]
 [ 0 77  0 ...  0  0  0]
 [ 0  0 54 ...  0  3  0]
 ...
 [ 0  0  0 ... 66  0  0]
 [ 0  0  3 ...  0 51  0]
 [ 0  0  0 ...  0  0 68]]",0.6446,0.662474203,0.6446,0.645142375,104
BGTETG[M],,28,20,19,False,False,"[43, 10, 4, 38, 39, 63, 62, 55]",[],"[{'INP': 32}, {'CONV': [64, 3]}, ({'CONV': [128, 5]}, {'CONV': [64, 5]}), ({'CONV': [32, 5]}, {'CONV': [64, 3]}, {'POOLMAX': [-1, 2]}), ({'CONV': [32, 3]}, {'CONV': [128, 3]}), ({'CONV': [128, 3]}, {'CONV': [256, 3]}, {'POOLMAX': [-1, 2]}), ({'CONV': [128, 3]}, {'CONV': [256, 5]}), ({'CONV': [256, 5]}, {'CONV': [256, 5]}, {'POOLMAX': [-1, 2]}), ({'CONV': [256, 5]}, {'CONV': [256, 3]}), ({'CONV': [256, 3]}, {'CONV': [256, 5]}, {'POOLMAX': [-1, 2]}), {'GLOBAL_AVG': None}, {'LAST_DENSE': [100, 'softmax']}]",UC,MSWAP,GA,70,"[0.0771000012755394, 0.2303999960422516, 0.25189998745918274, 0.3625999987125397, 0.41440001130104065, 0.39590001106262207, 0.36820000410079956, 0.38909998536109924, 0.45159998536109924, 0.5029000043869019, 0.4092999994754791, 0.43709999322891235, 0.4812999963760376, 0.49729999899864197, 0.5202000141143799, 0.5453000068664551, 0.4828999936580658, 0.5224999785423279, 0.49720001220703125, 0.47110000252723694, 0.5076000094413757, 0.6256999969482422, 0.6247000098228455, 0.6333000063896179, 0.6079999804496765, 0.6208000183105469, 0.6189000010490417, 0.6190999746322632, 0.5874999761581421, 0.671999990940094, 0.6603999733924866, 0.6492000222206116, 0.6556000113487244, 0.6769000291824341, 0.6636999845504761, 0.6743000149726868, 0.6723999977111816, 0.6675999760627747, 0.6769999861717224, 0.6632999777793884, 0.6654000282287598, 0.6646999716758728, 0.6757000088691711, 0.679099977016449, 0.6866000294685364, 0.692799985408783, 0.6916000247001648, 0.6866000294685364, 0.6886000037193298, 0.6998999714851379, 0.6960999965667725, 0.6967999935150146, 0.7031000256538391, 0.6970000267028809, 0.7020999789237976, 0.692300021648407, 0.7006999850273132, 0.7027000188827515, 0.7063000202178955, 0.7016000151634216, 0.7057999968528748, 0.7020000219345093, 0.7046999931335449, 0.7014999985694885, 0.6998999714851379, 0.7027000188827515, 0.7041000127792358, 0.707099974155426, 0.7069000005722046, 0.703000009059906]","[4.390259742736816, 3.383530855178833, 3.3471221923828125, 2.7938432693481445, 2.579802989959717, 2.8195865154266357, 2.915433645248413, 2.891385793685913, 2.518976926803589, 2.281376361846924, 2.7850842475891113, 2.6492536067962646, 2.444204568862915, 2.360588312149048, 2.2586348056793213, 2.13814377784729, 2.558276653289795, 2.2918529510498047, 2.4936630725860596, 2.650216817855835, 2.505249500274658, 1.8255064487457275, 1.8426018953323364, 1.785408616065979, 1.9096105098724365, 1.8812986612319946, 1.8715590238571167, 1.8687646389007568, 2.1565043926239014, 1.6707830429077148, 1.7324433326721191, 1.7711313962936401, 1.7248079776763916, 1.6651939153671265, 1.665531873703003, 1.6286561489105225, 1.6686574220657349, 1.695242166519165, 1.6074022054672241, 1.7479948997497559, 1.6923693418502808, 1.7202521562576294, 1.6402533054351807, 1.6371973752975464, 1.6350953578948975, 1.6226255893707275, 1.6284042596817017, 1.659005045890808, 1.6429758071899414, 1.6045559644699097, 1.6598788499832153, 1.621504545211792, 1.5915703773498535, 1.6525670289993286, 1.606454849243164, 1.6824095249176025, 1.6452741622924805, 1.63105046749115, 1.6249277591705322, 1.634272575378418, 1.6272050142288208, 1.636613130569458, 1.6247763633728027, 1.6366136074066162, 1.6615318059921265, 1.6285229921340942, 1.6350386142730713, 1.6350876092910767, 1.6310038566589355, 1.635547399520874]",0.703000009059906,,1090441196,,4755492,,,,,,0.125,0.25,0.25,80,31,400,400,0.2,0.0775,False,BEST,0.75,True,True,"[[83  0  0 ...  0  0  0]
 [ 0 82  0 ...  0  0  0]
 [ 0  0 64 ...  0  4  0]
 ...
 [ 0  0  0 ... 69  0  0]
 [ 0  0  4 ...  0 51  0]
 [ 0  0  0 ...  0  0 71]]",0.703,0.71457272,0.703,0.703761089,15
BHLMSS[M],,29,20,13,False,False,"[2, 57, 1, 38, 4, 47, 54, 55]",[],"[{'INP': 32}, {'CONV': [64, 3]}, ({'CONV': [32, 3]}, {'CONV': [64, 3]}), ({'CONV': [256, 5]}, {'CONV': [32, 5]}, {'POOLMAX': [-1, 2]}), ({'CONV': [32, 3]}, {'CONV': [32, 5]}), ({'CONV': [128, 3]}, {'CONV': [256, 3]}, {'POOLMAX': [-1, 2]}), ({'CONV': [32, 3]}, {'CONV': [128, 3]}), ({'CONV': [128, 5]}, {'CONV': [256, 5]}, {'POOLMAX': [-1, 2]}), ({'CONV': [256, 3]}, {'CONV': [256, 3]}), ({'CONV': [256, 3]}, {'CONV': [256, 5]}, {'POOLMAX': [-1, 2]}), {'GLOBAL_AVG': None}, {'LAST_DENSE': [100, 'softmax']}]",UC,MSWAP,GA,70,"[0.11420000344514847, 0.2176000028848648, 0.27129998803138733, 0.30570000410079956, 0.37470000982284546, 0.3856000006198883, 0.37130001187324524, 0.4359000027179718, 0.4374000132083893, 0.4542999863624573, 0.44909998774528503, 0.44589999318122864, 0.36309999227523804, 0.5108000040054321, 0.49160000681877136, 0.5195000171661377, 0.5023999810218811, 0.4860999882221222, 0.47929999232292175, 0.5178999900817871, 0.5171999931335449, 0.5795000195503235, 0.5827999711036682, 0.6098999977111816, 0.6000999808311462, 0.6330000162124634, 0.6011999845504761, 0.6255000233650208, 0.6234999895095825, 0.6287999749183655, 0.6212999820709229, 0.6478999853134155, 0.651199996471405, 0.6651999950408936, 0.6474999785423279, 0.652400016784668, 0.6586999893188477, 0.6424999833106995, 0.6365000009536743, 0.669700026512146, 0.6741999983787537, 0.6862999796867371, 0.6826000213623047, 0.6797999739646912, 0.671999990940094, 0.6711999773979187, 0.676800012588501, 0.6844000220298767, 0.6818000078201294, 0.6862999796867371, 0.6930999755859375, 0.6959999799728394, 0.6898000240325928, 0.6890000104904175, 0.6917999982833862, 0.6933000087738037, 0.6915000081062317, 0.6940000057220459, 0.6942999958992004, 0.6934000253677368, 0.6938999891281128, 0.6940000057220459, 0.6937999725341797, 0.694599986076355, 0.6951000094413757, 0.6949999928474426, 0.6931999921798706, 0.6945000290870667, 0.6951000094413757, 0.6934999823570251]","[4.057486534118652, 3.514735460281372, 3.260420799255371, 3.069798469543457, 2.8736727237701416, 2.715132713317871, 2.9004275798797607, 2.541555881500244, 2.5775246620178223, 2.462543249130249, 2.552501678466797, 2.528656244277954, 3.270085334777832, 2.2823166847229004, 2.3285651206970215, 2.1930465698242188, 2.399893045425415, 2.404348850250244, 2.686455488204956, 2.2823286056518555, 2.283407211303711, 2.0207958221435547, 2.0421969890594482, 1.8302102088928223, 1.9228127002716064, 1.751942753791809, 1.9182707071304321, 1.8088843822479248, 1.8074148893356323, 1.7771763801574707, 1.8620519638061523, 1.7297990322113037, 1.7239587306976318, 1.6379610300064087, 1.732255458831787, 1.736079454421997, 1.730888843536377, 1.7796111106872559, 1.807413101196289, 1.6637837886810303, 1.6514534950256348, 1.5845624208450317, 1.6251144409179688, 1.657409906387329, 1.6643011569976807, 1.6708941459655762, 1.6740074157714844, 1.620504379272461, 1.6495769023895264, 1.658369779586792, 1.6269481182098389, 1.6132800579071045, 1.6388763189315796, 1.639407753944397, 1.641277551651001, 1.62578547000885, 1.6426156759262085, 1.6306869983673096, 1.626745581626892, 1.6402148008346558, 1.6309034824371338, 1.6254383325576782, 1.636075735092163, 1.6369184255599976, 1.6341296434402466, 1.6301331520080566, 1.6348435878753662, 1.641337513923645, 1.6336640119552612, 1.6413720846176147]",0.6934999823570251,,1207517676,,5023780,,,,,,0.25,0.25,0.25,85,37,400,400,0.2125,0.0925,False,BEST,0.55,True,True,"[[85  0  0 ...  0  0  0]
 [ 0 79  0 ...  0  0  0]
 [ 0  0 56 ...  0  2  0]
 ...
 [ 0  0  0 ... 70  0  0]
 [ 0  0  2 ...  0 47  0]
 [ 0  0  1 ...  0  0 71]]",0.6936,0.706346002,0.6936,0.695116133,24
BLYPHY[M],,30,20,20,True,True,"[39, 26, 39, 38, 46, 7, 39, 39]",[],"[{'INP': 32}, {'CONV': [64, 3]}, ({'CONV': [128, 3]}, {'CONV': [256, 5]}), ({'CONV': [64, 5]}, {'CONV': [64, 3]}, {'POOLMAX': [-1, 2]}), ({'CONV': [128, 3]}, {'CONV': [256, 5]}), ({'CONV': [128, 3]}, {'CONV': [256, 3]}, {'POOLMAX': [-1, 2]}), ({'CONV': [128, 5]}, {'CONV': [256, 3]}), ({'CONV': [32, 3]}, {'CONV': [256, 5]}, {'POOLMAX': [-1, 2]}), ({'CONV': [128, 3]}, {'CONV': [256, 5]}), ({'CONV': [128, 3]}, {'CONV': [256, 5]}, {'POOLMAX': [-1, 2]}), {'GLOBAL_AVG': None}, {'LAST_DENSE': [100, 'softmax']}]",UC,MSWAP,GA,70,"[0.12870000302791595, 0.16339999437332153, 0.325300008058548, 0.32339999079704285, 0.4146000146865845, 0.4672999978065491, 0.39739999175071716, 0.426800012588501, 0.43209999799728394, 0.48649999499320984, 0.4909999966621399, 0.48669999837875366, 0.44850000739097595, 0.5181000232696533, 0.5159000158309937, 0.5012999773025513, 0.5189999938011169, 0.5422000288963318, 0.5548999905586243, 0.5430999994277954, 0.5498999953269958, 0.5654000043869019, 0.5665000081062317, 0.5752999782562256, 0.5633999705314636, 0.5622000098228455, 0.560699999332428, 0.5309000015258789, 0.5792999863624573, 0.6284000277519226, 0.6104999780654907, 0.6299999952316284, 0.6486999988555908, 0.6184999942779541, 0.6597999930381775, 0.6133999824523926, 0.6126000285148621, 0.6373999714851379, 0.6577000021934509, 0.6402000188827515, 0.6674000024795532, 0.6690999865531921, 0.677299976348877, 0.6855000257492065, 0.6851000189781189, 0.6739000082015991, 0.6751000285148621, 0.6796000003814697, 0.6705999970436096, 0.6607999801635742, 0.6955000162124634, 0.6861000061035156, 0.6930000185966492, 0.6976000070571899, 0.6970999836921692, 0.6931999921798706, 0.6863999962806702, 0.6930000185966492, 0.6955000162124634, 0.701200008392334, 0.7024000287055969, 0.6942999958992004, 0.7056000232696533, 0.7056000232696533, 0.70169997215271, 0.6988000273704529, 0.7037000060081482, 0.7045000195503235, 0.6990000009536743, 0.7045000195503235]","[4.065197944641113, 4.130443572998047, 2.9543938636779785, 3.016423225402832, 2.6403744220733643, 2.404808282852173, 2.7710139751434326, 2.777137279510498, 2.7445054054260254, 2.4039642810821533, 2.4038782119750977, 2.4363880157470703, 2.736396551132202, 2.2931716442108154, 2.4573092460632324, 2.591726541519165, 2.359154462814331, 2.2816460132598877, 2.2235867977142334, 2.265669822692871, 2.2290186882019043, 2.1751487255096436, 2.229687213897705, 2.154926061630249, 2.313850164413452, 2.27397084236145, 2.2581100463867188, 2.5820133686065674, 2.239058494567871, 1.9965667724609375, 2.049361228942871, 1.9405162334442139, 1.8057458400726318, 1.992973804473877, 1.7733845710754395, 2.0620148181915283, 2.112031936645508, 1.8480398654937744, 1.776705265045166, 1.8810670375823975, 1.753021478652954, 1.7716730833053589, 1.7441681623458862, 1.6892013549804688, 1.6589168310165405, 1.7470359802246094, 1.758908987045288, 1.7249349355697632, 1.7851256132125854, 1.803641438484192, 1.663276195526123, 1.7375937700271606, 1.6842294931411743, 1.6470646858215332, 1.6672959327697754, 1.6985548734664917, 1.7459197044372559, 1.7170850038528442, 1.6867440938949585, 1.6805716753005981, 1.70415198802948, 1.7237277030944824, 1.661098837852478, 1.6911195516586304, 1.7023943662643433, 1.7242333889007568, 1.6929056644439697, 1.6970205307006836, 1.7338275909423828, 1.695198655128479]",0.7045000195503235,,1370020524,,6457508,,,,,"[39, 26, 39, 38, 46, 7, 39, 39]",0.375,0.125,0.0,90,36,400,400,0.225,0.09,False,BEST,0.15,True,True,"[[86  0  0 ...  0  0  0]
 [ 0 81  1 ...  0  0  0]
 [ 0  1 52 ...  0  2  0]
 ...
 [ 0  0  0 ... 76  0  0]
 [ 0  0  3 ...  0 50  0]
 [ 0  0  0 ...  0  0 73]]",0.7045,0.71664218,0.7045,0.705270182,50
BFQLER[M][M][M][M][M][M][M][M][M][M],,1,20,15,True,True,"[62, 34, 59, 38, 43, 7, 28, 55]",[],"[{'INP': 32}, {'CONV': [64, 3]}, ({'CONV': [256, 5]}, {'CONV': [256, 3]}), ({'CONV': [128, 3]}, {'CONV': [64, 3]}, {'POOLMAX': [-1, 2]}), ({'CONV': [256, 5]}, {'CONV': [64, 5]}), ({'CONV': [128, 3]}, {'CONV': [256, 3]}, {'POOLMAX': [-1, 2]}), ({'CONV': [128, 5]}, {'CONV': [64, 5]}), ({'CONV': [32, 3]}, {'CONV': [256, 5]}, {'POOLMAX': [-1, 2]}), ({'CONV': [64, 5]}, {'CONV': [128, 3]}), ({'CONV': [256, 3]}, {'CONV': [256, 5]}, {'POOLMAX': [-1, 2]}), {'GLOBAL_AVG': None}, {'LAST_DENSE': [100, 'softmax']}]",NONE,MPAR,GA,70,"[0.11410000175237656, 0.18209999799728394, 0.29980000853538513, 0.2994999885559082, 0.32179999351501465, 0.40939998626708984, 0.4185999929904938, 0.45680001378059387, 0.4726000130176544, 0.4410000145435333, 0.46939998865127563, 0.4964999854564667, 0.5562000274658203, 0.5328999757766724, 0.5260999798774719, 0.5651999711990356, 0.5328999757766724, 0.5221999883651733, 0.6049000024795532, 0.6086000204086304, 0.6209999918937683, 0.6309000253677368, 0.5751000046730042, 0.6227999925613403, 0.6273999810218811, 0.6208000183105469, 0.6470999717712402, 0.614300012588501, 0.6592000126838684, 0.6468999981880188, 0.6177999973297119, 0.6187000274658203, 0.6432999968528748, 0.6025999784469604, 0.6902999877929688, 0.6851999759674072, 0.6747999787330627, 0.6626999974250793, 0.6832000017166138, 0.6888999938964844, 0.7024000287055969, 0.6985999941825867, 0.6970000267028809, 0.692799985408783, 0.6990000009536743, 0.6973999738693237, 0.7092000246047974, 0.7099999785423279, 0.7037000060081482, 0.7031999826431274, 0.7092000246047974, 0.7084000110626221, 0.7085000276565552, 0.7080000042915344, 0.711899995803833, 0.710099995136261, 0.7129999995231628, 0.713699996471405, 0.7125999927520752, 0.7132999897003174, 0.713699996471405, 0.7135999798774719, 0.7153000235557556, 0.7145000100135803, 0.7146999835968018, 0.7164999842643738, 0.7149999737739563, 0.7135999798774719, 0.7159000039100647, 0.7160000205039978]","[4.220710754394531, 3.709643840789795, 3.077969551086426, 3.201875686645508, 3.1762452125549316, 2.79487943649292, 2.6855008602142334, 2.5413801670074463, 2.4895801544189453, 2.7128913402557373, 2.5528619289398193, 2.4717795848846436, 2.1814773082733154, 2.3172590732574463, 2.353647470474243, 2.2094972133636475, 2.335069179534912, 2.5162746906280518, 2.038339376449585, 2.0259885787963867, 1.900559425354004, 1.8928560018539429, 2.1761622428894043, 1.9036786556243896, 1.8809566497802734, 1.939552903175354, 1.8244777917861938, 1.9968189001083374, 1.7946650981903076, 1.8243077993392944, 2.048724889755249, 2.024962902069092, 1.9057855606079102, 2.1725850105285645, 1.695874810218811, 1.721513271331787, 1.7881863117218018, 1.8363978862762451, 1.7451088428497314, 1.7089183330535889, 1.6656785011291504, 1.6764130592346191, 1.706010341644287, 1.7314679622650146, 1.6997349262237549, 1.7548733949661255, 1.675489902496338, 1.6865586042404175, 1.7071126699447632, 1.7310194969177246, 1.6930603981018066, 1.7006508111953735, 1.696176528930664, 1.7217944860458374, 1.6854232549667358, 1.695495367050171, 1.6870187520980835, 1.6976829767227173, 1.690445065498352, 1.6864827871322632, 1.6985303163528442, 1.7024052143096924, 1.6930307149887085, 1.699157953262329, 1.7053602933883667, 1.6974904537200928, 1.7022289037704468, 1.709700584411621, 1.7068791389465332, 1.7013617753982544]",0.7160000205039978,,820663660,,5185828,,,,,"[62, 34, 59, 38, 42, 7, 28, 55]",0.0,0.0,0.125,0,60,0,400,0.0,0.15,False,BEST,1.0,True,True,"[[87  0  0 ...  0  0  0]
 [ 0 79  0 ...  0  0  0]
 [ 0  0 58 ...  0  4  0]
 ...
 [ 0  0  0 ... 74  0  0]
 [ 0  0  5 ...  0 50  0]
 [ 0  0  1 ...  0  0 73]]",0.716,0.728678427,0.716,0.716968746,7
BLOSJM[M][M][M][M],,2,20,8,True,True,"[10, 5, 45, 20, 34, 23, 63, 31]",[],"[{'INP': 32}, {'CONV': [64, 3]}, ({'CONV': [32, 5]}, {'CONV': [64, 3]}), ({'CONV': [32, 3]}, {'CONV': [128, 5]}, {'POOLMAX': [-1, 2]}), ({'CONV': [128, 5]}, {'CONV': [128, 5]}), ({'CONV': [64, 3]}, {'CONV': [128, 3]}, {'POOLMAX': [-1, 2]}), ({'CONV': [128, 3]}, {'CONV': [64, 3]}), ({'CONV': [64, 3]}, {'CONV': [256, 5]}, {'POOLMAX': [-1, 2]}), ({'CONV': [256, 5]}, {'CONV': [256, 5]}), ({'CONV': [64, 5]}, {'CONV': [256, 5]}, {'POOLMAX': [-1, 2]}), {'GLOBAL_AVG': None}, {'LAST_DENSE': [100, 'softmax']}]",NONE,MPAR,GA,70,"[0.07460000365972519, 0.21819999814033508, 0.26170000433921814, 0.3100999891757965, 0.33219999074935913, 0.36910000443458557, 0.42899999022483826, 0.44839999079704285, 0.4131999909877777, 0.49079999327659607, 0.42309999465942383, 0.520799994468689, 0.4812000095844269, 0.5163000226020813, 0.5192000269889832, 0.5127999782562256, 0.5407000184059143, 0.5914999842643738, 0.5999000072479248, 0.5806999802589417, 0.5817999839782715, 0.6139000058174133, 0.609000027179718, 0.5934000015258789, 0.5570999979972839, 0.6029000282287598, 0.6154999732971191, 0.6154000163078308, 0.6396999955177307, 0.6189000010490417, 0.6330000162124634, 0.6050000190734863, 0.6140000224113464, 0.6294999718666077, 0.6425999999046326, 0.6248000264167786, 0.6272000074386597, 0.6237000226974487, 0.6186000108718872, 0.6219000220298767, 0.6674000024795532, 0.6818000078201294, 0.6621000170707703, 0.6721000075340271, 0.6700999736785889, 0.6711000204086304, 0.6564000248908997, 0.6758999824523926, 0.6775000095367432, 0.6819000244140625, 0.6819000244140625, 0.6836000084877014, 0.6930999755859375, 0.6924999952316284, 0.6899999976158142, 0.6919000148773193, 0.690500020980835, 0.6909000277519226, 0.6952000260353088, 0.6941999793052673, 0.7002999782562256, 0.6955000162124634, 0.6962000131607056, 0.6966999769210815, 0.698199987411499, 0.6985999941825867, 0.6976000070571899, 0.6952999830245972, 0.6988000273704529, 0.6972000002861023]","[4.368462085723877, 3.3043272495269775, 3.23313307762146, 2.9887208938598633, 3.017094612121582, 2.7999560832977295, 2.5159804821014404, 2.44319486618042, 2.7771666049957275, 2.296049118041992, 2.844472885131836, 2.1708922386169434, 2.420109748840332, 2.2278554439544678, 2.2643630504608154, 2.3074991703033447, 2.174391031265259, 1.9455572366714478, 1.9042680263519287, 1.9733154773712158, 2.050964832305908, 1.8713387250900269, 1.849124550819397, 1.9516023397445679, 2.2055978775024414, 1.939164400100708, 1.8182224035263062, 1.8817076683044434, 1.7838472127914429, 1.8760762214660645, 1.7802006006240845, 1.9650087356567383, 1.901026964187622, 1.8054174184799194, 1.7768707275390625, 1.9074119329452515, 1.8378119468688965, 1.9323718547821045, 1.8949675559997559, 1.9200026988983154, 1.7045947313308716, 1.656720519065857, 1.7638734579086304, 1.6837966442108154, 1.7370116710662842, 1.6708277463912964, 1.7795863151550293, 1.6840101480484009, 1.7099131345748901, 1.674988865852356, 1.695664882659912, 1.6857967376708984, 1.6554083824157715, 1.65120267868042, 1.678957462310791, 1.6930323839187622, 1.677738070487976, 1.6835523843765259, 1.6601275205612183, 1.6701831817626953, 1.6482951641082764, 1.664933204650879, 1.66922128200531, 1.6732802391052246, 1.6590551137924194, 1.6649482250213623, 1.6685916185379028, 1.6729381084442139, 1.6705589294433594, 1.6791330575942993]",0.6972000002861023,,340287852,,2827556,,,,,"[10, 5, 44, 20, 34, 22, 63, 31]",0.0,0.0,0.25,0,21,0,400,0.0,0.0525,False,BEST,0.9,True,True,"[[82  0  0 ...  0  0  0]
 [ 0 78  0 ...  0  0  0]
 [ 0  0 55 ...  0  2  0]
 ...
 [ 0  0  0 ... 69  1  0]
 [ 0  0  3 ...  0 55  0]
 [ 0  0  0 ...  0  0 71]]",0.6969,0.709137182,0.6969,0.697864375,47
BMXMJE[M][M][M],,3,20,3,True,True,"[14, 46, 23, 26, 12, 47, 7, 26]",[],"[{'INP': 32}, {'CONV': [64, 3]}, ({'CONV': [32, 5]}, {'CONV': [256, 3]}), ({'CONV': [128, 5]}, {'CONV': [256, 3]}, {'POOLMAX': [-1, 2]}), ({'CONV': [64, 3]}, {'CONV': [256, 5]}), ({'CONV': [64, 5]}, {'CONV': [64, 3]}, {'POOLMAX': [-1, 2]}), ({'CONV': [32, 5]}, {'CONV': [128, 3]}), ({'CONV': [128, 5]}, {'CONV': [256, 5]}, {'POOLMAX': [-1, 2]}), ({'CONV': [32, 3]}, {'CONV': [256, 5]}), ({'CONV': [64, 5]}, {'CONV': [64, 3]}, {'POOLMAX': [-1, 2]}), {'GLOBAL_AVG': None}, {'LAST_DENSE': [100, 'softmax']}]",NONE,MPAR,GA,70,"[0.11659999936819077, 0.20190000534057617, 0.27630001306533813, 0.25839999318122864, 0.33239999413490295, 0.4146000146865845, 0.38839998841285706, 0.3700999915599823, 0.453900009393692, 0.38510000705718994, 0.5049999952316284, 0.48399999737739563, 0.4771000146865845, 0.5145000219345093, 0.5145999789237976, 0.5493000149726868, 0.4794999957084656, 0.5270000100135803, 0.5016000270843506, 0.5254999995231628, 0.5343000292778015, 0.6057999730110168, 0.6079000234603882, 0.5967000126838684, 0.6150000095367432, 0.6047000288963318, 0.6371999979019165, 0.6222000122070312, 0.6380000114440918, 0.6245999932289124, 0.6060000061988831, 0.5870000123977661, 0.6589999794960022, 0.6739000082015991, 0.6565999984741211, 0.6589000225067139, 0.656499981880188, 0.6646999716758728, 0.6647999882698059, 0.6796000003814697, 0.6741999983787537, 0.6732000112533569, 0.6820999979972839, 0.6723999977111816, 0.675000011920929, 0.6876999735832214, 0.6887000203132629, 0.6852999925613403, 0.6844000220298767, 0.6837999820709229, 0.6848999857902527, 0.682699978351593, 0.6890000104904175, 0.6883000135421753, 0.689300000667572, 0.6894000172615051, 0.6913999915122986, 0.6935999989509583, 0.6905999779701233, 0.6915000081062317, 0.6912999749183655, 0.6926000118255615, 0.6920999884605408, 0.6916000247001648, 0.6926000118255615, 0.6917999982833862, 0.6901000142097473, 0.6923999786376953, 0.6930000185966492, 0.692799985408783]","[3.9353668689727783, 3.524791717529297, 3.1474738121032715, 3.5844640731811523, 2.9731271266937256, 2.582270622253418, 2.701843738555908, 2.8972108364105225, 2.4257733821868896, 2.82523250579834, 2.2337851524353027, 2.3719077110290527, 2.361022472381592, 2.22995662689209, 2.2693679332733154, 2.0953080654144287, 2.4403088092803955, 2.172597885131836, 2.3804962635040283, 2.2454710006713867, 2.2314162254333496, 1.863767385482788, 1.8502864837646484, 1.9333328008651733, 1.868451714515686, 1.866847276687622, 1.7061578035354614, 1.8022853136062622, 1.7179484367370605, 1.7737390995025635, 1.8851476907730103, 2.0434553623199463, 1.6557176113128662, 1.571406364440918, 1.6407757997512817, 1.6453946828842163, 1.6697478294372559, 1.621366262435913, 1.624671220779419, 1.5359950065612793, 1.6119062900543213, 1.6108626127243042, 1.538840651512146, 1.6099473237991333, 1.579889178276062, 1.5268292427062988, 1.5290136337280273, 1.5689537525177002, 1.5502872467041016, 1.5621273517608643, 1.546229362487793, 1.5637295246124268, 1.5395656824111938, 1.554778814315796, 1.5446949005126953, 1.5532855987548828, 1.5393993854522705, 1.5389069318771362, 1.5495145320892334, 1.5421781539916992, 1.5435655117034912, 1.5486485958099365, 1.5547198057174683, 1.5475467443466187, 1.5455875396728516, 1.5493708848953247, 1.5464752912521362, 1.5486286878585815, 1.543412446975708, 1.5444397926330566]",0.692799985408783,,492056364,,1552292,,,,,"[14, 46, 23, 25, 12, 46, 7, 26]",0.0,0.0,0.25,0,28,0,400,0.0,0.07,False,BEST,0.95,True,True,"[[81  0  0 ...  0  0  0]
 [ 0 84  0 ...  0  0  0]
 [ 0  0 67 ...  0  3  0]
 ...
 [ 0  0  0 ... 73  0  0]
 [ 0  0  6 ...  0 52  0]
 [ 0  0  0 ...  0  0 69]]",0.6926,0.705015304,0.6926,0.692893451,43
BMGOLH[M][M],,4,20,5,True,True,"[14, 13, 31, 58, 9, 49, 28, 7]",[],"[{'INP': 32}, {'CONV': [64, 3]}, ({'CONV': [32, 5]}, {'CONV': [256, 3]}), ({'CONV': [32, 5]}, {'CONV': [128, 5]}, {'POOLMAX': [-1, 2]}), ({'CONV': [64, 5]}, {'CONV': [256, 5]}), ({'CONV': [256, 5]}, {'CONV': [64, 3]}, {'POOLMAX': [-1, 2]}), ({'CONV': [32, 5]}, {'CONV': [32, 5]}), ({'CONV': [256, 3]}, {'CONV': [32, 5]}, {'POOLMAX': [-1, 2]}), ({'CONV': [64, 5]}, {'CONV': [128, 3]}), ({'CONV': [32, 3]}, {'CONV': [256, 5]}, {'POOLMAX': [-1, 2]}), {'GLOBAL_AVG': None}, {'LAST_DENSE': [100, 'softmax']}]",NONE,MPAR,GA,70,"[0.13449999690055847, 0.21040000021457672, 0.26019999384880066, 0.3418000042438507, 0.35899999737739563, 0.4163999855518341, 0.4169999957084656, 0.4645000100135803, 0.45669999718666077, 0.4242999851703644, 0.5278000235557556, 0.489300012588501, 0.5353000164031982, 0.5049999952316284, 0.5177000164985657, 0.5382000207901001, 0.4950000047683716, 0.5582000017166138, 0.5688999891281128, 0.5659999847412109, 0.5616999864578247, 0.5354999899864197, 0.5181000232696533, 0.5625, 0.6212000250816345, 0.6420999765396118, 0.6424000263214111, 0.6126000285148621, 0.6338000297546387, 0.6288999915122986, 0.6222000122070312, 0.6471999883651733, 0.6348999738693237, 0.6389999985694885, 0.6238999962806702, 0.6444000005722046, 0.6021000146865845, 0.6858000159263611, 0.6722999811172485, 0.680899977684021, 0.6801999807357788, 0.6759999990463257, 0.6787999868392944, 0.6905999779701233, 0.7002000212669373, 0.6948999762535095, 0.6963000297546387, 0.6962000131607056, 0.6912000179290771, 0.6868000030517578, 0.6898999810218811, 0.6876999735832214, 0.7024000287055969, 0.6965000033378601, 0.6995000243186951, 0.705299973487854, 0.7062000036239624, 0.7035999894142151, 0.7027000188827515, 0.7035999894142151, 0.7078999876976013, 0.7064999938011169, 0.7067999839782715, 0.7081999778747559, 0.7049000263214111, 0.7081000208854675, 0.7057999968528748, 0.7050999999046326, 0.7059999704360962, 0.7063000202178955]","[4.079914093017578, 3.5783116817474365, 3.30969500541687, 2.933304786682129, 2.8638241291046143, 2.6196448802948, 2.6157219409942627, 2.4358468055725098, 2.458503007888794, 2.7804110050201416, 2.232914924621582, 2.4201772212982178, 2.185006856918335, 2.42261004447937, 2.331514835357666, 2.239039897918701, 2.5149612426757812, 2.1842105388641357, 2.13236927986145, 2.172950506210327, 2.2124645709991455, 2.4947290420532227, 2.4688777923583984, 2.245192766189575, 1.9638144969940186, 1.8612231016159058, 1.8058595657348633, 2.018261194229126, 1.8831936120986938, 1.8735780715942383, 1.9243329763412476, 1.8013906478881836, 1.8778095245361328, 1.8902076482772827, 2.0076611042022705, 1.8548310995101929, 2.121838331222534, 1.692913293838501, 1.7792913913726807, 1.7411736249923706, 1.7177152633666992, 1.7762038707733154, 1.760153889656067, 1.7204045057296753, 1.6895273923873901, 1.7233390808105469, 1.6874479055404663, 1.7266414165496826, 1.7275418043136597, 1.7776671648025513, 1.7418934106826782, 1.7906334400177002, 1.695462703704834, 1.7108300924301147, 1.7343207597732544, 1.7098265886306763, 1.7211486101150513, 1.7169458866119385, 1.7209604978561401, 1.7278575897216797, 1.7025660276412964, 1.7228946685791016, 1.7209135293960571, 1.7155449390411377, 1.7315683364868164, 1.7216441631317139, 1.7308732271194458, 1.72874116897583, 1.7266631126403809, 1.7321343421936035]",0.7063000202178955,,539914732,,5556260,,,,,"[14, 13, 31, 58, 8, 49, 28, 7]",0.0,0.0,0.125,0,27,0,400,0.0,0.0675,False,BEST,0.85,True,True,"[[87  0  0 ...  0  0  0]
 [ 0 79  0 ...  0  0  0]
 [ 0  0 61 ...  0  4  0]
 ...
 [ 0  0  0 ... 68  0  0]
 [ 0  0  2 ...  0 54  0]
 [ 0  0  1 ...  0  0 73]]",0.7063,0.718683619,0.7063,0.707569911,25
BLCBKQ[M][M][M][M][M][M][M][M][M][M],,5,20,19,True,True,"[52, 1, 23, 6, 39, 38, 27, 4]",[],"[{'INP': 32}, {'CONV': [64, 3]}, ({'CONV': [256, 3]}, {'CONV': [128, 3]}), ({'CONV': [32, 3]}, {'CONV': [32, 5]}, {'POOLMAX': [-1, 2]}), ({'CONV': [64, 3]}, {'CONV': [256, 5]}), ({'CONV': [32, 3]}, {'CONV': [256, 3]}, {'POOLMAX': [-1, 2]}), ({'CONV': [128, 3]}, {'CONV': [256, 5]}), ({'CONV': [128, 3]}, {'CONV': [256, 3]}, {'POOLMAX': [-1, 2]}), ({'CONV': [64, 5]}, {'CONV': [64, 5]}), ({'CONV': [32, 3]}, {'CONV': [128, 3]}, {'POOLMAX': [-1, 2]}), {'GLOBAL_AVG': None}, {'LAST_DENSE': [100, 'softmax']}]",NONE,MPAR,GA,70,"[0.041999999433755875, 0.24560000002384186, 0.271699994802475, 0.31029999256134033, 0.40799999237060547, 0.4002000093460083, 0.446399986743927, 0.4652999937534332, 0.4244999885559082, 0.43880000710487366, 0.38999998569488525, 0.4334999918937683, 0.5236999988555908, 0.51419997215271, 0.5088000297546387, 0.5285000205039978, 0.522599995136261, 0.5569999814033508, 0.531000018119812, 0.521399974822998, 0.5174999833106995, 0.5519999861717224, 0.5471000075340271, 0.6241999864578247, 0.5820000171661377, 0.5891000032424927, 0.6304000020027161, 0.6068999767303467, 0.6531999707221985, 0.6431000232696533, 0.640500009059906, 0.6200000047683716, 0.6211000084877014, 0.6310999989509583, 0.6704000234603882, 0.6560999751091003, 0.6718000173568726, 0.6679999828338623, 0.6577000021934509, 0.6754000186920166, 0.6557999849319458, 0.6517999768257141, 0.6924999952316284, 0.6883000135421753, 0.6870999932289124, 0.6827999949455261, 0.6819999814033508, 0.6844000220298767, 0.6883999705314636, 0.6927000284194946, 0.6958000063896179, 0.6926000118255615, 0.6927000284194946, 0.695900022983551, 0.6912000179290771, 0.6901999711990356, 0.6988999843597412, 0.6984000205993652, 0.6991999745368958, 0.6983000040054321, 0.6970000267028809, 0.697700023651123, 0.6976000070571899, 0.6973999738693237, 0.6995000243186951, 0.6966000199317932, 0.6991000175476074, 0.7009000182151794, 0.7001000046730042, 0.699400007724762]","[5.103682994842529, 3.331712484359741, 3.2743706703186035, 3.16975474357605, 2.655571460723877, 2.7386794090270996, 2.479663133621216, 2.476196527481079, 2.7510251998901367, 2.6688268184661865, 3.0566959381103516, 2.7607181072235107, 2.2632155418395996, 2.329479217529297, 2.387237310409546, 2.2705812454223633, 2.3429386615753174, 2.1609714031219482, 2.302943468093872, 2.3365278244018555, 2.414285659790039, 2.224349021911621, 2.2789533138275146, 1.9212439060211182, 2.1910057067871094, 2.0707991123199463, 1.8512375354766846, 2.0036332607269287, 1.7568206787109375, 1.7790839672088623, 1.821065068244934, 1.9666216373443604, 1.9486494064331055, 1.8522355556488037, 1.7048605680465698, 1.8034123182296753, 1.6827027797698975, 1.7211732864379883, 1.766785979270935, 1.6992080211639404, 1.8264697790145874, 1.8110525608062744, 1.631605625152588, 1.6472554206848145, 1.6780712604522705, 1.698378562927246, 1.72554612159729, 1.6919591426849365, 1.6931216716766357, 1.6671748161315918, 1.665130615234375, 1.687679648399353, 1.703916072845459, 1.690752387046814, 1.6964316368103027, 1.7100725173950195, 1.6664632558822632, 1.6873414516448975, 1.6731435060501099, 1.6812554597854614, 1.6856269836425781, 1.6819294691085815, 1.7012882232666016, 1.6972334384918213, 1.6821115016937256, 1.697684407234192, 1.690407633781433, 1.6911872625350952, 1.6910792589187622, 1.6912282705307007]",0.699400007724762,,1390434860,,4812196,,,,,"[52, 0, 23, 6, 38, 38, 27, 4]",0.0,0.0,0.25,0,38,0,400,0.0,0.095,False,BEST,0.9,True,True,"[[82  0  0 ...  0  0  0]
 [ 0 80  0 ...  0  0  0]
 [ 0  0 56 ...  0  4  0]
 ...
 [ 0  0  0 ... 73  0  0]
 [ 0  0  1 ...  0 51  2]
 [ 0  0  0 ...  0  0 70]]",0.6995,0.712230894,0.6995,0.700246215,73
BVKOHR[M],,6,20,1,True,True,"[33, 28, 55, 3, 21, 52, 49, 22]",[],"[{'INP': 32}, {'CONV': [64, 3]}, ({'CONV': [128, 3]}, {'CONV': [32, 5]}), ({'CONV': [64, 5]}, {'CONV': [128, 3]}, {'POOLMAX': [-1, 2]}), ({'CONV': [256, 3]}, {'CONV': [256, 5]}), ({'CONV': [32, 3]}, {'CONV': [64, 5]}, {'POOLMAX': [-1, 2]}), ({'CONV': [64, 3]}, {'CONV': [128, 5]}), ({'CONV': [256, 3]}, {'CONV': [128, 3]}, {'POOLMAX': [-1, 2]}), ({'CONV': [256, 3]}, {'CONV': [32, 5]}), ({'CONV': [64, 3]}, {'CONV': [256, 3]}, {'POOLMAX': [-1, 2]}), {'GLOBAL_AVG': None}, {'LAST_DENSE': [100, 'softmax']}]",NONE,MPAR,GA,70,"[0.12430000305175781, 0.25690001249313354, 0.27869999408721924, 0.3833000063896179, 0.40119999647140503, 0.3991999924182892, 0.328900009393692, 0.4341000020503998, 0.44040000438690186, 0.44369998574256897, 0.517799973487854, 0.48669999837875366, 0.4973999857902527, 0.527999997138977, 0.534600019454956, 0.5198000073432922, 0.6104999780654907, 0.619700014591217, 0.6247000098228455, 0.6168000102043152, 0.6176000237464905, 0.6114000082015991, 0.6313999891281128, 0.6092000007629395, 0.6305999755859375, 0.588699996471405, 0.5914999842643738, 0.6427000164985657, 0.6516000032424927, 0.6233999729156494, 0.5920000076293945, 0.6151999831199646, 0.621399998664856, 0.6100999712944031, 0.6751000285148621, 0.6797000169754028, 0.6865000128746033, 0.6820999979972839, 0.6596999764442444, 0.682200014591217, 0.6705999970436096, 0.675599992275238, 0.697700023651123, 0.6985999941825867, 0.7038999795913696, 0.7057999968528748, 0.6953999996185303, 0.6909000277519226, 0.6980000138282776, 0.6998999714851379, 0.6952999830245972, 0.7084000110626221, 0.7095999717712402, 0.7139999866485596, 0.7070000171661377, 0.7131999731063843, 0.7139999866485596, 0.7103999853134155, 0.7121000289916992, 0.7121000289916992, 0.707099974155426, 0.7113999724388123, 0.7129999995231628, 0.7159000039100647, 0.718500018119812, 0.7148000001907349, 0.715399980545044, 0.7178000211715698, 0.7174999713897705, 0.7184000015258789]","[4.0347795486450195, 3.24574613571167, 3.214838981628418, 2.727555274963379, 2.732175827026367, 2.752774715423584, 3.214247703552246, 2.6474218368530273, 2.6971049308776855, 2.6623990535736084, 2.266606330871582, 2.5060067176818848, 2.3615543842315674, 2.3392765522003174, 2.2733700275421143, 2.380798578262329, 1.9377613067626953, 1.8472630977630615, 1.8367522954940796, 1.8561960458755493, 1.8663783073425293, 1.9537363052368164, 1.804603934288025, 1.9334359169006348, 1.8296165466308594, 2.0527255535125732, 2.0675864219665527, 1.801093578338623, 1.77449631690979, 1.9005059003829956, 2.0793089866638184, 1.9848560094833374, 1.941819190979004, 2.0530898571014404, 1.7145189046859741, 1.7442553043365479, 1.6812810897827148, 1.7126654386520386, 1.8078255653381348, 1.707903504371643, 1.7815779447555542, 1.736460566520691, 1.6847853660583496, 1.7152525186538696, 1.6710056066513062, 1.6532829999923706, 1.7181906700134277, 1.7729161977767944, 1.7477993965148926, 1.7510325908660889, 1.7276140451431274, 1.7087589502334595, 1.6926923990249634, 1.7094800472259521, 1.7312099933624268, 1.6872458457946777, 1.7131831645965576, 1.7388837337493896, 1.7400364875793457, 1.7448862791061401, 1.7760508060455322, 1.7442917823791504, 1.734559416770935, 1.7288252115249634, 1.7277443408966064, 1.7382142543792725, 1.7413396835327148, 1.7393618822097778, 1.7472196817398071, 1.7386146783828735]",0.7184000015258789,,733425068,,5964452,,,,,"[33, 28, 55, 3, 20, 51, 49, 22]",0.0,0.0,0.25,0,9,0,400,0.0,0.0225,False,BEST,0.95,True,True,"[[84  0  0 ...  0  0  0]
 [ 0 85  0 ...  0  0  0]
 [ 0  0 63 ...  0  2  0]
 ...
 [ 0  0  0 ... 71  0  0]
 [ 0  0  4 ...  0 48  0]
 [ 0  0  1 ...  0  0 73]]",0.7185,0.72723747,0.7185,0.718793671,2
BCQZAJ[M][M][M][M][M][M][M],,7,20,13,True,True,"[25, 10, 39, 15, 46, 15, 50, 55]",[],"[{'INP': 32}, {'CONV': [64, 3]}, ({'CONV': [64, 5]}, {'CONV': [32, 5]}), ({'CONV': [32, 5]}, {'CONV': [64, 3]}, {'POOLMAX': [-1, 2]}), ({'CONV': [128, 3]}, {'CONV': [256, 5]}), ({'CONV': [32, 5]}, {'CONV': [256, 5]}, {'POOLMAX': [-1, 2]}), ({'CONV': [128, 5]}, {'CONV': [256, 3]}), ({'CONV': [32, 5]}, {'CONV': [256, 5]}, {'POOLMAX': [-1, 2]}), ({'CONV': [256, 3]}, {'CONV': [64, 3]}), ({'CONV': [256, 3]}, {'CONV': [256, 5]}, {'POOLMAX': [-1, 2]}), {'GLOBAL_AVG': None}, {'LAST_DENSE': [100, 'softmax']}]",NONE,MPAR,GA,70,"[0.1420000046491623, 0.21879999339580536, 0.2718999981880188, 0.34880000352859497, 0.313400000333786, 0.3937999904155731, 0.4300999939441681, 0.4250999987125397, 0.4174000024795532, 0.44940000772476196, 0.4821000099182129, 0.4745999872684479, 0.5354999899864197, 0.5016000270843506, 0.5113999843597412, 0.5163000226020813, 0.5370000004768372, 0.5454000234603882, 0.5871000289916992, 0.5934000015258789, 0.6004999876022339, 0.6166999936103821, 0.5918999910354614, 0.6202999949455261, 0.6269999742507935, 0.6201000213623047, 0.59579998254776, 0.5981000065803528, 0.6037999987602234, 0.6176000237464905, 0.6499000191688538, 0.6256999969482422, 0.6492000222206116, 0.6516000032424927, 0.6523000001907349, 0.661899983882904, 0.6674000024795532, 0.6535999774932861, 0.6704000234603882, 0.6721000075340271, 0.6711999773979187, 0.6589999794960022, 0.6578999757766724, 0.6477000117301941, 0.6516000032424927, 0.6833999752998352, 0.6958000063896179, 0.685699999332428, 0.6840000152587891, 0.6916999816894531, 0.6851999759674072, 0.6765999794006348, 0.6983000040054321, 0.685699999332428, 0.6980000138282776, 0.6937999725341797, 0.6959999799728394, 0.698199987411499, 0.7002000212669373, 0.7006000280380249, 0.7038999795913696, 0.7002000212669373, 0.7026000022888184, 0.704200029373169, 0.7038999795913696, 0.7026000022888184, 0.7050999999046326, 0.7034000158309937, 0.704800009727478, 0.7027999758720398]","[3.92582106590271, 3.556091070175171, 3.271620512008667, 2.9389729499816895, 3.307861804962158, 2.8211379051208496, 2.65679931640625, 2.6968653202056885, 2.8431947231292725, 2.6542294025421143, 2.479731559753418, 2.5777668952941895, 2.22562837600708, 2.3716323375701904, 2.3473994731903076, 2.370720386505127, 2.2840397357940674, 2.233765125274658, 1.9881144762039185, 1.9451326131820679, 1.944273829460144, 1.8405232429504395, 2.0189363956451416, 1.8567343950271606, 1.8200972080230713, 1.8707441091537476, 1.9884275197982788, 2.0015742778778076, 1.9655580520629883, 1.8853665590286255, 1.7869055271148682, 1.9417572021484375, 1.797914981842041, 1.7853591442108154, 1.8254302740097046, 1.7498981952667236, 1.6832958459854126, 1.7599565982818604, 1.7197932004928589, 1.6812931299209595, 1.6985466480255127, 1.760223388671875, 1.7972537279129028, 1.8580896854400635, 1.8819855451583862, 1.675196886062622, 1.62022066116333, 1.7218101024627686, 1.695083737373352, 1.6740714311599731, 1.7033748626708984, 1.785110354423523, 1.6563892364501953, 1.7640849351882935, 1.6760936975479126, 1.710355520248413, 1.698652744293213, 1.7088812589645386, 1.7095867395401, 1.7185627222061157, 1.7124607563018799, 1.7066298723220825, 1.7093952894210815, 1.7053192853927612, 1.702681064605713, 1.713949203491211, 1.705733060836792, 1.7163550853729248, 1.7161310911178589, 1.7236273288726807]",0.7027999758720398,,2366123180,,8459428,,,,,"[25, 10, 39, 15, 45, 14, 50, 55]",0.0,0.0,0.25,0,19,0,400,0.0,0.0475,False,BEST,0.7,True,True,"[[86  0  0 ...  0  0  0]
 [ 0 83  0 ...  0  0  0]
 [ 0  0 64 ...  0  3  0]
 ...
 [ 0  0  0 ... 67  0  0]
 [ 0  0  1 ...  0 50  1]
 [ 0  0  0 ...  0  0 72]]",0.7028,0.715347601,0.7028,0.703721319,41
BBSHNN[M][M][M][M][M][M][M],,8,20,19,True,True,"[14, 60, 16, 36, 7, 38, 58, 55]",[],"[{'INP': 32}, {'CONV': [64, 3]}, ({'CONV': [32, 5]}, {'CONV': [256, 3]}), ({'CONV': [256, 5]}, {'CONV': [128, 3]}, {'POOLMAX': [-1, 2]}), ({'CONV': [64, 3]}, {'CONV': [32, 3]}), ({'CONV': [128, 3]}, {'CONV': [128, 3]}, {'POOLMAX': [-1, 2]}), ({'CONV': [32, 3]}, {'CONV': [256, 5]}), ({'CONV': [128, 3]}, {'CONV': [256, 3]}, {'POOLMAX': [-1, 2]}), ({'CONV': [256, 5]}, {'CONV': [64, 3]}), ({'CONV': [256, 3]}, {'CONV': [256, 5]}, {'POOLMAX': [-1, 2]}), {'GLOBAL_AVG': None}, {'LAST_DENSE': [100, 'softmax']}]",NONE,MPAR,GA,70,"[0.12030000239610672, 0.1768999993801117, 0.25929999351501465, 0.2913999855518341, 0.3628999888896942, 0.383899986743927, 0.41350001096725464, 0.4336000084877014, 0.43369999527931213, 0.4855000078678131, 0.3578000068664551, 0.4551999866962433, 0.48260000348091125, 0.49720001220703125, 0.46549999713897705, 0.5770000219345093, 0.5551999807357788, 0.5666000247001648, 0.5742999911308289, 0.576200008392334, 0.6029000282287598, 0.5885000228881836, 0.5221999883651733, 0.5752000212669373, 0.6179999709129333, 0.5983999967575073, 0.5777999758720398, 0.589900016784668, 0.5741999745368958, 0.6110000014305115, 0.6463000178337097, 0.6424999833106995, 0.6345999836921692, 0.6362000107765198, 0.6553000211715698, 0.6396999955177307, 0.6484000086784363, 0.6377999782562256, 0.6470999717712402, 0.6414999961853027, 0.6680999994277954, 0.6758999824523926, 0.6607000231742859, 0.6624000072479248, 0.6722999811172485, 0.6668999791145325, 0.6607999801635742, 0.6710000038146973, 0.6801000237464905, 0.6787999868392944, 0.6705999970436096, 0.6830000281333923, 0.6819000244140625, 0.6783000230789185, 0.6802999973297119, 0.6771000027656555, 0.677299976348877, 0.6764000058174133, 0.6829000115394592, 0.6834999918937683, 0.682699978351593, 0.6802999973297119, 0.6816999912261963, 0.6814000010490417, 0.6833000183105469, 0.6815999746322632, 0.6840999722480774, 0.6855000257492065, 0.6854000091552734, 0.6851000189781189]","[3.911372184753418, 3.7454440593719482, 3.331545352935791, 3.149057149887085, 2.75982928276062, 2.7365381717681885, 2.5909066200256348, 2.5002613067626953, 2.5961878299713135, 2.344050884246826, 3.3246304988861084, 2.573698043823242, 2.4557840824127197, 2.3852903842926025, 2.642463445663452, 2.0514914989471436, 2.1337039470672607, 2.104832887649536, 2.0640525817871094, 2.0881357192993164, 1.949267029762268, 1.992902398109436, 2.463012218475342, 2.072777509689331, 1.898970365524292, 1.96121346950531, 2.0942087173461914, 2.026463031768799, 2.102717876434326, 1.9680582284927368, 1.8118455410003662, 1.8529847860336304, 1.9202980995178223, 1.8877195119857788, 1.7629915475845337, 1.8570226430892944, 1.8176072835922241, 1.91034996509552, 1.8440982103347778, 1.8108139038085938, 1.7544376850128174, 1.7248603105545044, 1.8142234086990356, 1.8245913982391357, 1.7790160179138184, 1.7749619483947754, 1.9038143157958984, 1.7936023473739624, 1.759329080581665, 1.7975400686264038, 1.8114933967590332, 1.7391183376312256, 1.7809902429580688, 1.8167935609817505, 1.7935659885406494, 1.8022794723510742, 1.8016562461853027, 1.8250163793563843, 1.7873247861862183, 1.7803936004638672, 1.7961138486862183, 1.791674256324768, 1.781229853630066, 1.7780721187591553, 1.781485915184021, 1.7843008041381836, 1.7853310108184814, 1.7864280939102173, 1.7822070121765137, 1.7926603555679321]",0.6851000189781189,,936736108,,3021092,,,,,"[14, 60, 15, 36, 7, 38, 58, 55]",0.0,0.0,0.125,0,27,0,400,0.0,0.0675,False,BEST,0.75,True,True,"[[81  0  0 ...  0  0  0]
 [ 0 80  0 ...  0  0  0]
 [ 0  0 56 ...  0  4  0]
 ...
 [ 0  0  0 ... 70  0  0]
 [ 0  0  2 ...  0 49  0]
 [ 0  0  0 ...  0  0 74]]",0.6851,0.699141627,0.6851,0.686186966,70
BEDGTP[M][M][M][M][M][M][M][M][M][M][M][M][M][M][M][M],,9,20,18,True,True,"[14, 20, 16, 54, 46, 20, 54, 30]",[],"[{'INP': 32}, {'CONV': [64, 3]}, ({'CONV': [32, 5]}, {'CONV': [256, 3]}), ({'CONV': [64, 3]}, {'CONV': [128, 3]}, {'POOLMAX': [-1, 2]}), ({'CONV': [64, 3]}, {'CONV': [32, 3]}), ({'CONV': [256, 3]}, {'CONV': [256, 3]}, {'POOLMAX': [-1, 2]}), ({'CONV': [128, 5]}, {'CONV': [256, 3]}), ({'CONV': [64, 3]}, {'CONV': [128, 3]}, {'POOLMAX': [-1, 2]}), ({'CONV': [256, 3]}, {'CONV': [256, 3]}), ({'CONV': [64, 5]}, {'CONV': [256, 3]}, {'POOLMAX': [-1, 2]}), {'GLOBAL_AVG': None}, {'LAST_DENSE': [100, 'softmax']}]",NONE,MPAR,GA,70,"[0.08129999786615372, 0.13050000369548798, 0.16830000281333923, 0.28519999980926514, 0.34709998965263367, 0.4009000062942505, 0.3571999967098236, 0.3571999967098236, 0.44359999895095825, 0.4327000081539154, 0.47609999775886536, 0.4275999963283539, 0.49939998984336853, 0.474700003862381, 0.5138000249862671, 0.46889999508857727, 0.4657999873161316, 0.5045999884605408, 0.5515000224113464, 0.5297999978065491, 0.5055999755859375, 0.5306000113487244, 0.5582000017166138, 0.5490999817848206, 0.6187999844551086, 0.6103000044822693, 0.6191999912261963, 0.6230999827384949, 0.6043999791145325, 0.6121000051498413, 0.637499988079071, 0.6244000196456909, 0.5936999917030334, 0.59579998254776, 0.6258000135421753, 0.5885000228881836, 0.640500009059906, 0.6481000185012817, 0.6463000178337097, 0.640500009059906, 0.6348999738693237, 0.6621000170707703, 0.6650999784469604, 0.6402000188827515, 0.6546000242233276, 0.6531999707221985, 0.6668000221252441, 0.652899980545044, 0.6647999882698059, 0.6384000182151794, 0.6628999710083008, 0.6535000205039978, 0.6703000068664551, 0.6753000020980835, 0.6680999994277954, 0.671999990940094, 0.6740999817848206, 0.6764000058174133, 0.6704000234603882, 0.685699999332428, 0.6862000226974487, 0.684499979019165, 0.6861000061035156, 0.6798999905586243, 0.6837999820709229, 0.6836000084877014, 0.6859999895095825, 0.6883999705314636, 0.6905999779701233, 0.6866000294685364]","[4.329537868499756, 4.108202934265137, 4.1489033699035645, 3.334911346435547, 2.9331610202789307, 2.6036036014556885, 2.9697234630584717, 3.1760916709899902, 2.543473720550537, 2.5889081954956055, 2.3937549591064453, 2.7034614086151123, 2.3139736652374268, 2.4467453956604004, 2.2678778171539307, 2.5706872940063477, 2.6111488342285156, 2.406763792037964, 2.1437220573425293, 2.286652088165283, 2.461280107498169, 2.2986345291137695, 2.1680524349212646, 2.201986789703369, 1.887479543685913, 1.9132853746414185, 1.8739961385726929, 1.8419554233551025, 1.9302656650543213, 1.8997812271118164, 1.7953826189041138, 1.8403429985046387, 2.045471429824829, 2.0464508533477783, 1.870038628578186, 2.0910537242889404, 1.8239669799804688, 1.7741901874542236, 1.8072253465652466, 1.8425648212432861, 1.9068520069122314, 1.7616572380065918, 1.7129545211791992, 1.8623466491699219, 1.723586082458496, 1.7669686079025269, 1.689274787902832, 1.791521668434143, 1.7058708667755127, 1.895998239517212, 1.7442256212234497, 1.8241585493087769, 1.7159453630447388, 1.7216646671295166, 1.740065574645996, 1.7299658060073853, 1.7315919399261475, 1.7291388511657715, 1.763497233390808, 1.6818677186965942, 1.6754109859466553, 1.707723617553711, 1.6850295066833496, 1.74442458152771, 1.6932170391082764, 1.733931303024292, 1.708263635635376, 1.712996482849121, 1.6997759342193604, 1.7337744235992432]",0.6866000294685364,,587639596,,4243364,,,,,"[14, 20, 16, 53, 45, 20, 54, 30]",0.0,0.0,0.25,0,38,0,400,0.0,0.095,False,BEST,0.9,True,True,"[[83  0  0 ...  0  0  1]
 [ 0 80  0 ...  0  0  0]
 [ 0  0 63 ...  0  4  0]
 ...
 [ 0  0  0 ... 70  0  0]
 [ 0  0  2 ...  0 50  0]
 [ 0  0  0 ...  0  0 73]]",0.6866,0.699533459,0.6866,0.686593462,163
BLPVQW[M][M][M][M],,10,20,7,True,True,"[17, 46, 54, 6, 21, 6, 32, 22]",[],"[{'INP': 32}, {'CONV': [64, 3]}, ({'CONV': [64, 3]}, {'CONV': [32, 5]}), ({'CONV': [128, 5]}, {'CONV': [256, 3]}, {'POOLMAX': [-1, 2]}), ({'CONV': [256, 3]}, {'CONV': [256, 3]}), ({'CONV': [32, 3]}, {'CONV': [256, 3]}, {'POOLMAX': [-1, 2]}), ({'CONV': [64, 3]}, {'CONV': [128, 5]}), ({'CONV': [32, 3]}, {'CONV': [256, 3]}, {'POOLMAX': [-1, 2]}), ({'CONV': [128, 3]}, {'CONV': [32, 3]}), ({'CONV': [64, 3]}, {'CONV': [256, 3]}, {'POOLMAX': [-1, 2]}), {'GLOBAL_AVG': None}, {'LAST_DENSE': [100, 'softmax']}]",NONE,MPAR,GA,70,"[0.06509999930858612, 0.15620000660419464, 0.22130000591278076, 0.2648000121116638, 0.2395000010728836, 0.3930000066757202, 0.34139999747276306, 0.4129999876022339, 0.4284000098705292, 0.462799996137619, 0.4625999927520752, 0.4839000105857849, 0.48080000281333923, 0.4754999876022339, 0.4578999876976013, 0.510200023651123, 0.48669999837875366, 0.49810001254081726, 0.5022000074386597, 0.501800000667572, 0.5054000020027161, 0.5838000178337097, 0.5863000154495239, 0.5974000096321106, 0.5767999887466431, 0.5557000041007996, 0.5558000206947327, 0.5577999949455261, 0.5929999947547913, 0.6262999773025513, 0.6484000086784363, 0.6467000246047974, 0.6395999789237976, 0.6420000195503235, 0.6173999905586243, 0.6276000142097473, 0.6657000184059143, 0.6644999980926514, 0.6653000116348267, 0.6632000207901001, 0.6671000123023987, 0.6676999926567078, 0.6638000011444092, 0.6628000140190125, 0.6635000109672546, 0.6758000254631042, 0.6804999709129333, 0.6672999858856201, 0.6721000075340271, 0.6751000285148621, 0.671999990940094, 0.6744999885559082, 0.6744999885559082, 0.6747000217437744, 0.678600013256073, 0.6776999831199646, 0.6798999905586243, 0.6832000017166138, 0.677299976348877, 0.6783999800682068, 0.6808000206947327, 0.679099977016449, 0.6826000213623047, 0.6790000200271606, 0.679099977016449, 0.6790000200271606, 0.6804999709129333, 0.6805999875068665, 0.682699978351593, 0.6805999875068665]","[4.476953029632568, 3.840787887573242, 3.4081106185913086, 3.258418083190918, 3.5316390991210938, 2.6533195972442627, 2.9747071266174316, 2.563037395477295, 2.5388073921203613, 2.4391403198242188, 2.4398069381713867, 2.3427677154541016, 2.3710012435913086, 2.3912737369537354, 2.5796520709991455, 2.282092809677124, 2.408466100692749, 2.3753466606140137, 2.3124895095825195, 2.387430429458618, 2.4689137935638428, 2.0003440380096436, 1.9990195035934448, 1.9345335960388184, 2.0471906661987305, 2.185793161392212, 2.1165707111358643, 2.2201461791992188, 1.9433343410491943, 1.808901309967041, 1.7101248502731323, 1.730368733406067, 1.7501755952835083, 1.7927842140197754, 1.9768197536468506, 1.8255707025527954, 1.6690319776535034, 1.6734745502471924, 1.673235535621643, 1.6438168287277222, 1.662533164024353, 1.6626558303833008, 1.6503257751464844, 1.6833633184432983, 1.6874146461486816, 1.6283776760101318, 1.6053204536437988, 1.6836943626403809, 1.6828643083572388, 1.6701267957687378, 1.6836210489273071, 1.6676970720291138, 1.6638113260269165, 1.664487361907959, 1.644242525100708, 1.6593925952911377, 1.6544222831726074, 1.6397980451583862, 1.6682738065719604, 1.6588128805160522, 1.6585408449172974, 1.6624187231063843, 1.6504888534545898, 1.6648658514022827, 1.664109230041504, 1.6659960746765137, 1.6659367084503174, 1.660792350769043, 1.6524741649627686, 1.656620740890503]",0.6805999875068665,,950441772,,2888612,,,,,"[17, 46, 54, 6, 20, 6, 32, 22]",0.0,0.0,0.125,0,17,0,400,0.0,0.0425,False,BEST,0.85,True,True,"[[87  0  0 ...  0  0  0]
 [ 0 79  0 ...  0  0  0]
 [ 0  1 57 ...  0  2  0]
 ...
 [ 0  0  0 ... 74  0  0]
 [ 0  0  2 ...  0 50  0]
 [ 0  0  0 ...  0  0 67]]",0.6806,0.693508099,0.6806,0.681374785,159
BOUFFY[M][M][M][M][M][M],,11,20,9,True,True,"[0, 12, 34, 38, 12, 20, 13, 31]",[],"[{'INP': 32}, {'CONV': [64, 3]}, ({'CONV': [32, 3]}, {'CONV': [32, 3]}), ({'CONV': [32, 5]}, {'CONV': [128, 3]}, {'POOLMAX': [-1, 2]}), ({'CONV': [128, 3]}, {'CONV': [64, 3]}), ({'CONV': [128, 3]}, {'CONV': [256, 3]}, {'POOLMAX': [-1, 2]}), ({'CONV': [32, 5]}, {'CONV': [128, 3]}), ({'CONV': [64, 3]}, {'CONV': [128, 3]}, {'POOLMAX': [-1, 2]}), ({'CONV': [32, 5]}, {'CONV': [128, 5]}), ({'CONV': [64, 5]}, {'CONV': [256, 5]}, {'POOLMAX': [-1, 2]}), {'GLOBAL_AVG': None}, {'LAST_DENSE': [100, 'softmax']}]",NONE,MPAR,GA,70,"[0.13199999928474426, 0.17679999768733978, 0.20960000157356262, 0.3400999903678894, 0.33160001039505005, 0.4147999882698059, 0.40529999136924744, 0.453900009393692, 0.4350000023841858, 0.4413999915122986, 0.4708999991416931, 0.5040000081062317, 0.47279998660087585, 0.5271000266075134, 0.5411999821662903, 0.5062000155448914, 0.420199990272522, 0.5472000241279602, 0.5256999731063843, 0.5670999884605408, 0.5716000199317932, 0.5491999983787537, 0.5511999726295471, 0.5480999946594238, 0.5795999765396118, 0.5684999823570251, 0.620199978351593, 0.6295999884605408, 0.6051999926567078, 0.6434999704360962, 0.6086999773979187, 0.6381999850273132, 0.6377999782562256, 0.6431000232696533, 0.635200023651123, 0.6776000261306763, 0.6524999737739563, 0.6798999905586243, 0.6626999974250793, 0.6638000011444092, 0.6721000075340271, 0.6644999980926514, 0.6718000173568726, 0.6859999895095825, 0.6883000135421753, 0.6934999823570251, 0.6891999840736389, 0.6898000240325928, 0.6887000203132629, 0.6862000226974487, 0.6942999958992004, 0.6970000267028809, 0.6919000148773193, 0.6952000260353088, 0.6947000026702881, 0.6959999799728394, 0.6942999958992004, 0.6987000107765198, 0.6992999911308289, 0.6995999813079834, 0.6980000138282776, 0.6948999762535095, 0.6970999836921692, 0.7013999819755554, 0.7001000046730042, 0.6992999911308289, 0.6983000040054321, 0.7016000151634216, 0.7017999887466431, 0.7006999850273132]","[3.971125841140747, 3.915572166442871, 3.6710691452026367, 2.9450409412384033, 3.040771484375, 2.5924482345581055, 2.6980338096618652, 2.485459089279175, 2.648493528366089, 2.624188184738159, 2.4379465579986572, 2.367244005203247, 2.559873342514038, 2.2329461574554443, 2.186213254928589, 2.3839609622955322, 3.068195104598999, 2.218777656555176, 2.2951607704162598, 2.156635046005249, 2.0993425846099854, 2.2229743003845215, 2.3253045082092285, 2.260596990585327, 2.1025142669677734, 2.1766912937164307, 1.929601788520813, 1.9297441244125366, 2.0387086868286133, 1.7791378498077393, 2.009766101837158, 1.853369951248169, 1.8613580465316772, 1.8341068029403687, 1.8667720556259155, 1.7095357179641724, 1.8075969219207764, 1.6683882474899292, 1.759280800819397, 1.7546465396881104, 1.7118290662765503, 1.7388900518417358, 1.7445154190063477, 1.6687054634094238, 1.6682630777359009, 1.658204436302185, 1.6659165620803833, 1.6706537008285522, 1.6855554580688477, 1.6976351737976074, 1.670712947845459, 1.6560412645339966, 1.689437747001648, 1.681862711906433, 1.6955736875534058, 1.675000786781311, 1.6994178295135498, 1.659369707107544, 1.6695802211761475, 1.6718266010284424, 1.6741600036621094, 1.687864065170288, 1.6782939434051514, 1.6583720445632935, 1.6671011447906494, 1.6662179231643677, 1.6721160411834717, 1.6704390048980713, 1.6673105955123901, 1.6741046905517578]",0.7006999850273132,,1128527276,,3800740,,,,,"[0, 12, 34, 38, 12, 20, 12, 31]",0.0,0.0,0.125,0,32,0,400,0.0,0.08,False,BEST,0.75,True,True,"[[89  0  0 ...  0  0  0]
 [ 0 80  0 ...  0  0  0]
 [ 0  0 61 ...  0  2  0]
 ...
 [ 0  0  0 ... 71  0  0]
 [ 0  0  3 ...  0 39  1]
 [ 0  0  1 ...  0  0 69]]",0.7008,0.714240254,0.7008,0.701844847,35
BUTQNN[M][M][M][M][M],,12,20,7,True,True,"[16, 29, 54, 31, 46, 47, 15, 39]",[],"[{'INP': 32}, {'CONV': [64, 3]}, ({'CONV': [64, 3]}, {'CONV': [32, 3]}), ({'CONV': [64, 5]}, {'CONV': [128, 5]}, {'POOLMAX': [-1, 2]}), ({'CONV': [256, 3]}, {'CONV': [256, 3]}), ({'CONV': [64, 5]}, {'CONV': [256, 5]}, {'POOLMAX': [-1, 2]}), ({'CONV': [128, 5]}, {'CONV': [256, 3]}), ({'CONV': [128, 5]}, {'CONV': [256, 5]}, {'POOLMAX': [-1, 2]}), ({'CONV': [32, 5]}, {'CONV': [256, 5]}), ({'CONV': [128, 3]}, {'CONV': [256, 5]}, {'POOLMAX': [-1, 2]}), {'GLOBAL_AVG': None}, {'LAST_DENSE': [100, 'softmax']}]",NONE,MPAR,GA,70,"[0.10019999742507935, 0.1800999939441681, 0.35429999232292175, 0.31700000166893005, 0.4092000126838684, 0.4226999878883362, 0.4616999924182892, 0.3377000093460083, 0.4713999927043915, 0.45249998569488525, 0.48829999566078186, 0.5095999836921692, 0.5228000283241272, 0.5228999853134155, 0.5267000198364258, 0.504800021648407, 0.5303999781608582, 0.5688999891281128, 0.5479000210762024, 0.5740000009536743, 0.5575000047683716, 0.531499981880188, 0.5446000099182129, 0.5565999746322632, 0.597100019454956, 0.5616999864578247, 0.5127000212669373, 0.5843999981880188, 0.5360999703407288, 0.5788000226020813, 0.6546000242233276, 0.65420001745224, 0.6559000015258789, 0.6237999796867371, 0.6333000063896179, 0.6371999979019165, 0.6442000269889832, 0.6363999843597412, 0.6550999879837036, 0.6748999953269958, 0.6766999959945679, 0.671999990940094, 0.6603000164031982, 0.6714000105857849, 0.67330002784729, 0.6777999997138977, 0.6664000153541565, 0.673799991607666, 0.6618000268936157, 0.6812000274658203, 0.6577000021934509, 0.6625999808311462, 0.6826000213623047, 0.6934999823570251, 0.6861000061035156, 0.6873000264167786, 0.6901999711990356, 0.6926000118255615, 0.6912999749183655, 0.7037000060081482, 0.6987000107765198, 0.7024000287055969, 0.6970999836921692, 0.7002000212669373, 0.70169997215271, 0.7021999955177307, 0.7049999833106995, 0.6980999708175659, 0.7005000114440918, 0.7013000249862671]","[4.136800765991211, 3.6092238426208496, 2.790907144546509, 2.9643328189849854, 2.6188883781433105, 2.5720534324645996, 2.376277446746826, 3.436866521835327, 2.4107422828674316, 2.502450466156006, 2.353015422821045, 2.2546284198760986, 2.223146438598633, 2.2473902702331543, 2.2428090572357178, 2.3517961502075195, 2.2928876876831055, 2.1178102493286133, 2.1984829902648926, 2.0758845806121826, 2.1761136054992676, 2.307908773422241, 2.256230592727661, 2.2717947959899902, 2.0296225547790527, 2.1927692890167236, 2.476426839828491, 2.085850477218628, 2.438347101211548, 2.1411325931549072, 1.778104543685913, 1.7850351333618164, 1.7672618627548218, 1.9420679807662964, 1.8813406229019165, 1.8430448770523071, 1.8181347846984863, 1.871090054512024, 1.8116976022720337, 1.6798503398895264, 1.6759624481201172, 1.7478445768356323, 1.7657082080841064, 1.7291430234909058, 1.6983386278152466, 1.6734730005264282, 1.7682548761367798, 1.6730167865753174, 1.7644644975662231, 1.6867413520812988, 1.8220410346984863, 1.7905337810516357, 1.6780558824539185, 1.6261636018753052, 1.6911548376083374, 1.6693246364593506, 1.6801546812057495, 1.6420769691467285, 1.6554713249206543, 1.613260269165039, 1.6283605098724365, 1.615934133529663, 1.649104118347168, 1.6467986106872559, 1.6301254034042358, 1.6280099153518677, 1.6212815046310425, 1.6647193431854248, 1.6386975049972534, 1.636975646018982]",0.7013000249862671,,338819500,,2575012,,,,,"[16, 29, 54, 31, 46, 47, 14, 39]",0.0,0.0,0.125,0,20,0,400,0.0,0.05,False,BEST,0.85,True,True,"[[84  0  0 ...  0  0  0]
 [ 0 85  0 ...  0  0  0]
 [ 0  0 61 ...  0  3  0]
 ...
 [ 0  0  0 ... 71  0  0]
 [ 0  0  1 ...  0 52  0]
 [ 0  0  0 ...  0  0 70]]",0.7012,0.712865103,0.7012,0.701253734,76
BMHFPT[M][M][M][M][M][M][M][M][M],,13,20,16,True,True,"[14, 17, 46, 1, 16, 47, 58, 39]",[],"[{'INP': 32}, {'CONV': [64, 3]}, ({'CONV': [32, 5]}, {'CONV': [256, 3]}), ({'CONV': [64, 3]}, {'CONV': [32, 5]}, {'POOLMAX': [-1, 2]}), ({'CONV': [128, 5]}, {'CONV': [256, 3]}), ({'CONV': [32, 3]}, {'CONV': [32, 5]}, {'POOLMAX': [-1, 2]}), ({'CONV': [64, 3]}, {'CONV': [32, 3]}), ({'CONV': [128, 5]}, {'CONV': [256, 5]}, {'POOLMAX': [-1, 2]}), ({'CONV': [256, 5]}, {'CONV': [64, 3]}), ({'CONV': [128, 3]}, {'CONV': [256, 5]}, {'POOLMAX': [-1, 2]}), {'GLOBAL_AVG': None}, {'LAST_DENSE': [100, 'softmax']}]",NONE,MPAR,GA,70,"[0.10859999805688858, 0.22609999775886536, 0.29820001125335693, 0.3082999885082245, 0.3028999865055084, 0.3847000002861023, 0.462799996137619, 0.39989998936653137, 0.48590001463890076, 0.4203999936580658, 0.4781000018119812, 0.4781999886035919, 0.5626999735832214, 0.5662000179290771, 0.5760999917984009, 0.6144999861717224, 0.5972999930381775, 0.5666000247001648, 0.5403000116348267, 0.5719000101089478, 0.5493999719619751, 0.6669999957084656, 0.6632999777793884, 0.6654000282287598, 0.6510999798774719, 0.6614999771118164, 0.6330999732017517, 0.6891000270843506, 0.6858000159263611, 0.6985999941825867, 0.6818000078201294, 0.6909000277519226, 0.66839998960495, 0.683899998664856, 0.6837000250816345, 0.6987000107765198, 0.7014999985694885, 0.705299973487854, 0.6902999877929688, 0.6984000205993652, 0.704800009727478, 0.7077000141143799, 0.7028999924659729, 0.7042999863624573, 0.7009000182151794, 0.7081999778747559, 0.7075999975204468, 0.7064999938011169, 0.7088000178337097, 0.7087000012397766, 0.70660001039505, 0.7093999981880188, 0.7081000208854675, 0.7071999907493591, 0.7070000171661377, 0.7088000178337097, 0.7074000239372253, 0.7089999914169312, 0.7081000208854675, 0.7095999717712402, 0.7092999815940857, 0.7105000019073486, 0.7110000252723694, 0.7110999822616577, 0.7103000283241272, 0.7092000246047974, 0.7095999717712402, 0.7098000049591064, 0.7096999883651733, 0.710099995136261]","[4.2674689292907715, 3.4623866081237793, 3.1724693775177, 3.1997933387756348, 3.410680055618286, 3.0283596515655518, 2.46506929397583, 2.839871406555176, 2.4657950401306152, 2.784656047821045, 2.500955581665039, 2.598473310470581, 2.1267917156219482, 2.0755534172058105, 2.0574049949645996, 1.8755987882614136, 1.935804843902588, 2.0943868160247803, 2.346376895904541, 2.1097500324249268, 2.2669196128845215, 1.672155499458313, 1.70133376121521, 1.713026762008667, 1.833326816558838, 1.7830076217651367, 1.942685604095459, 1.6213470697402954, 1.633466362953186, 1.592564582824707, 1.6985888481140137, 1.6332635879516602, 1.785344123840332, 1.6508097648620605, 1.68740975856781, 1.6527947187423706, 1.6422327756881714, 1.6190426349639893, 1.7059091329574585, 1.6883677244186401, 1.6667152643203735, 1.6301906108856201, 1.6684892177581787, 1.6846623420715332, 1.7043771743774414, 1.6588218212127686, 1.6609617471694946, 1.6667568683624268, 1.6722357273101807, 1.6820863485336304, 1.6809431314468384, 1.6715980768203735, 1.6778671741485596, 1.6886992454528809, 1.6908334493637085, 1.6764605045318604, 1.6902148723602295, 1.6878151893615723, 1.6884037256240845, 1.6864203214645386, 1.6875629425048828, 1.688826322555542, 1.6846847534179688, 1.6837031841278076, 1.6879109144210815, 1.6899930238723755, 1.6880886554718018, 1.6886380910873413, 1.6876906156539917, 1.6888478994369507]",0.710099995136261,,1437987372,,7286180,,,,,"[14, 17, 46, 0, 16, 47, 58, 39]",0.0,0.0,0.125,0,33,0,400,0.0,0.0825,False,BEST,0.8,True,True,"[[84  0  0 ...  0  0  0]
 [ 0 83  0 ...  0  0  0]
 [ 0  0 58 ...  0  2  0]
 ...
 [ 0  0  0 ... 75  0  0]
 [ 1  1  3 ...  0 56  0]
 [ 0  0  0 ...  0  0 70]]",0.7101,0.722240131,0.7101,0.711239783,60
BAALUT[M][M][M][M][M][M][M],,14,20,19,True,True,"[26, 12, 4, 23, 51, 12, 25, 31]",[],"[{'INP': 32}, {'CONV': [64, 3]}, ({'CONV': [64, 5]}, {'CONV': [64, 3]}), ({'CONV': [32, 5]}, {'CONV': [128, 3]}, {'POOLMAX': [-1, 2]}), ({'CONV': [32, 3]}, {'CONV': [128, 3]}), ({'CONV': [64, 3]}, {'CONV': [256, 5]}, {'POOLMAX': [-1, 2]}), ({'CONV': [256, 3]}, {'CONV': [64, 5]}), ({'CONV': [32, 5]}, {'CONV': [128, 3]}, {'POOLMAX': [-1, 2]}), ({'CONV': [64, 5]}, {'CONV': [32, 5]}), ({'CONV': [64, 5]}, {'CONV': [256, 5]}, {'POOLMAX': [-1, 2]}), {'GLOBAL_AVG': None}, {'LAST_DENSE': [100, 'softmax']}]",NONE,MPAR,GA,70,"[0.09589999914169312, 0.20839999616146088, 0.24250000715255737, 0.33469998836517334, 0.3788999915122986, 0.388700008392334, 0.4374000132083893, 0.4765999913215637, 0.41429999470710754, 0.4860999882221222, 0.4936000108718872, 0.4797999858856201, 0.5011000037193298, 0.4936999976634979, 0.5159000158309937, 0.5554999709129333, 0.4625999927520752, 0.5540000200271606, 0.5584999918937683, 0.5414999723434448, 0.5543000102043152, 0.5735999941825867, 0.6137999892234802, 0.6159999966621399, 0.6013000011444092, 0.6205000281333923, 0.6238999962806702, 0.6326000094413757, 0.6216999888420105, 0.6258999705314636, 0.6129000186920166, 0.626800000667572, 0.6173999905586243, 0.6686999797821045, 0.654699981212616, 0.6496000289916992, 0.6597999930381775, 0.6574000120162964, 0.663100004196167, 0.6769000291824341, 0.675599992275238, 0.6754000186920166, 0.6815999746322632, 0.678600013256073, 0.6807000041007996, 0.6772000193595886, 0.6844000220298767, 0.6837999820709229, 0.6922000050544739, 0.6880000233650208, 0.6935999989509583, 0.6898999810218811, 0.6899999976158142, 0.6793000102043152, 0.6861000061035156, 0.6870999932289124, 0.6942999958992004, 0.694100022315979, 0.6919999718666077, 0.6919000148773193, 0.6933000087738037, 0.692300021648407, 0.6906999945640564, 0.6919000148773193, 0.6902999877929688, 0.6944000124931335, 0.6978999972343445, 0.6955999732017517, 0.6938999891281128, 0.6933000087738037]","[4.258218288421631, 3.490708112716675, 3.4365715980529785, 2.969923496246338, 2.7340712547302246, 2.8250479698181152, 2.5302939414978027, 2.371147632598877, 2.6818690299987793, 2.3939287662506104, 2.293100357055664, 2.3783626556396484, 2.3233530521392822, 2.384664535522461, 2.2825875282287598, 2.092703342437744, 2.6608846187591553, 2.1522414684295654, 2.1503326892852783, 2.2396459579467773, 2.149714231491089, 2.0699045658111572, 1.8854402303695679, 1.8511130809783936, 1.8957650661468506, 1.8372466564178467, 1.829209566116333, 1.783559799194336, 1.8568363189697266, 1.8221341371536255, 1.925549030303955, 1.8232330083847046, 1.8849656581878662, 1.6577441692352295, 1.7073429822921753, 1.7788023948669434, 1.6861941814422607, 1.6809699535369873, 1.728033423423767, 1.664344310760498, 1.6325138807296753, 1.6824898719787598, 1.644531011581421, 1.658509373664856, 1.653161883354187, 1.6593595743179321, 1.6628512144088745, 1.6521857976913452, 1.6316922903060913, 1.6512062549591064, 1.6534653902053833, 1.6269062757492065, 1.6388887166976929, 1.6974700689315796, 1.6738840341567993, 1.691392183303833, 1.632323980331421, 1.6257541179656982, 1.6456693410873413, 1.6710542440414429, 1.6451199054718018, 1.658833622932434, 1.6736268997192383, 1.6562912464141846, 1.6659538745880127, 1.651611089706421, 1.6462814807891846, 1.663499355316162, 1.6686075925827026, 1.67093825340271]",0.6933000087738037,,1034373548,,7902884,,,,,"[26, 11, 4, 23, 51, 12, 25, 31]",0.0,0.0,0.125,0,30,0,400,0.0,0.075,False,BEST,0.7,True,True,"[[82  1  0 ...  0  0  0]
 [ 0 82  0 ...  0  0  0]
 [ 0  0 61 ...  0  3  0]
 ...
 [ 0  0  0 ... 72  0  0]
 [ 0  0  2 ...  0 47  0]
 [ 0  0  1 ...  0  0 76]]",0.6933,0.705251719,0.6933,0.694155725,117
BQUTCZ[M][M][M][M][M][M][M],,15,20,9,True,True,"[14, 18, 60, 45, 21, 6, 11, 4]",[],"[{'INP': 32}, {'CONV': [64, 3]}, ({'CONV': [32, 5]}, {'CONV': [256, 3]}), ({'CONV': [64, 3]}, {'CONV': [64, 3]}, {'POOLMAX': [-1, 2]}), ({'CONV': [256, 5]}, {'CONV': [128, 3]}), ({'CONV': [128, 5]}, {'CONV': [128, 5]}, {'POOLMAX': [-1, 2]}), ({'CONV': [64, 3]}, {'CONV': [128, 5]}), ({'CONV': [32, 3]}, {'CONV': [256, 3]}, {'POOLMAX': [-1, 2]}), ({'CONV': [32, 5]}, {'CONV': [64, 5]}), ({'CONV': [32, 3]}, {'CONV': [128, 3]}, {'POOLMAX': [-1, 2]}), {'GLOBAL_AVG': None}, {'LAST_DENSE': [100, 'softmax']}]",NONE,MPAR,GA,70,"[0.09099999815225601, 0.26579999923706055, 0.3292999863624573, 0.2062000036239624, 0.38179999589920044, 0.4043999910354614, 0.44589999318122864, 0.383899986743927, 0.4528999924659729, 0.4934000074863434, 0.45879998803138733, 0.49410000443458557, 0.5232999920845032, 0.5002999901771545, 0.5015000104904175, 0.4771000146865845, 0.47859999537467957, 0.5605999827384949, 0.5218999981880188, 0.5497000217437744, 0.5771999955177307, 0.5601000189781189, 0.5784000158309937, 0.5095000267028809, 0.5472000241279602, 0.5698000192642212, 0.6371999979019165, 0.6306999921798706, 0.6431000232696533, 0.6502000093460083, 0.6486999988555908, 0.6486999988555908, 0.6553999781608582, 0.6495000123977661, 0.6567999720573425, 0.6450999975204468, 0.6337000131607056, 0.6592000126838684, 0.6190000176429749, 0.6136999726295471, 0.6455000042915344, 0.6639999747276306, 0.6514000296592712, 0.6823999881744385, 0.6895999908447266, 0.6787999868392944, 0.6912999749183655, 0.6949999928474426, 0.6829000115394592, 0.6948999762535095, 0.6919000148773193, 0.6972000002861023, 0.6805999875068665, 0.7085000276565552, 0.7127000093460083, 0.7120000123977661, 0.7049000263214111, 0.7134000062942505, 0.7081999778747559, 0.7002000212669373, 0.7152000069618225, 0.7077000141143799, 0.7024000287055969, 0.7207000255584717, 0.7143999934196472, 0.7089999914169312, 0.713100016117096, 0.7179999947547913, 0.7195000052452087, 0.7172999978065491]","[4.6202392578125, 3.230994701385498, 3.001681327819824, 4.206747055053711, 2.813009738922119, 2.806709051132202, 2.5913548469543457, 2.9623665809631348, 2.5560708045959473, 2.3875250816345215, 2.6206369400024414, 2.4910919666290283, 2.3150227069854736, 2.4914417266845703, 2.4613797664642334, 2.6219263076782227, 2.6463780403137207, 2.207224130630493, 2.4190139770507812, 2.280271053314209, 2.1366665363311768, 2.218383312225342, 2.1529879570007324, 2.5554604530334473, 2.398717164993286, 2.257734537124634, 1.8928256034851074, 1.943505883216858, 1.9030531644821167, 1.8352699279785156, 1.8505394458770752, 1.8425427675247192, 1.8029917478561401, 1.868181586265564, 1.8010796308517456, 1.891451358795166, 1.9194507598876953, 1.7942484617233276, 2.092153549194336, 2.054091215133667, 1.8634816408157349, 1.7944262027740479, 1.8467063903808594, 1.732008934020996, 1.7174240350723267, 1.7603789567947388, 1.739535927772522, 1.673073410987854, 1.7820777893066406, 1.6758111715316772, 1.7181127071380615, 1.697923183441162, 1.823066234588623, 1.6584463119506836, 1.6550312042236328, 1.6872472763061523, 1.7012535333633423, 1.6459850072860718, 1.7117949724197388, 1.7309980392456055, 1.6485748291015625, 1.6957849264144897, 1.7382506132125854, 1.6520129442214966, 1.6645898818969727, 1.742796540260315, 1.7290517091751099, 1.6750696897506714, 1.692524790763855, 1.6961580514907837]",0.7172999978065491,,1113389484,,6470308,,,,,"[14, 18, 60, 45, 21, 6, 10, 4]",0.0,0.0,0.125,0,21,0,400,0.0,0.0525,False,BEST,0.55,True,True,"[[92  0  0 ...  0  0  0]
 [ 0 84  0 ...  0  0  0]
 [ 0  0 59 ...  0  4  0]
 ...
 [ 0  0  0 ... 74  0  0]
 [ 0  0  3 ...  0 58  0]
 [ 0  0  0 ...  0  0 73]]",0.7174,0.730113316,0.7174,0.718475068,48
BVISUF[M][M][M][M][M][M][M],,16,20,16,True,True,"[60, 7, 54, 0, 43, 44, 50, 55]",[],"[{'INP': 32}, {'CONV': [64, 3]}, ({'CONV': [256, 5]}, {'CONV': [128, 3]}), ({'CONV': [32, 3]}, {'CONV': [256, 5]}, {'POOLMAX': [-1, 2]}), ({'CONV': [256, 3]}, {'CONV': [256, 3]}), ({'CONV': [32, 3]}, {'CONV': [32, 3]}, {'POOLMAX': [-1, 2]}), ({'CONV': [128, 5]}, {'CONV': [64, 5]}), ({'CONV': [128, 5]}, {'CONV': [128, 3]}, {'POOLMAX': [-1, 2]}), ({'CONV': [256, 3]}, {'CONV': [64, 3]}), ({'CONV': [256, 3]}, {'CONV': [256, 5]}, {'POOLMAX': [-1, 2]}), {'GLOBAL_AVG': None}, {'LAST_DENSE': [100, 'softmax']}]",NONE,MPAR,GA,70,"[0.12319999933242798, 0.2232999950647354, 0.2816999852657318, 0.336899995803833, 0.3903000056743622, 0.3686000108718872, 0.33550000190734863, 0.4007999897003174, 0.4404999911785126, 0.47940000891685486, 0.4699000120162964, 0.4894999861717224, 0.44020000100135803, 0.5188000202178955, 0.5062999725341797, 0.47110000252723694, 0.4700999855995178, 0.5200999975204468, 0.5309000015258789, 0.5892999768257141, 0.5996000170707703, 0.5630000233650208, 0.6032999753952026, 0.5831000208854675, 0.6037999987602234, 0.5748000144958496, 0.5903000235557556, 0.5536999702453613, 0.6448000073432922, 0.6327999830245972, 0.6518999934196472, 0.6420000195503235, 0.6273000240325928, 0.6233999729156494, 0.6424999833106995, 0.6448000073432922, 0.6570000052452087, 0.6592000126838684, 0.6632999777793884, 0.6654999852180481, 0.6622999906539917, 0.659600019454956, 0.6676999926567078, 0.6680999994277954, 0.6629999876022339, 0.6518999934196472, 0.6643000245094299, 0.6534000039100647, 0.6565999984741211, 0.6740000247955322, 0.6687999963760376, 0.6777999997138977, 0.6776000261306763, 0.6708999872207642, 0.6722999811172485, 0.6647999882698059, 0.6746000051498413, 0.6811000108718872, 0.6728000044822693, 0.677299976348877, 0.6747000217437744, 0.6729999780654907, 0.6791999936103821, 0.675599992275238, 0.6827999949455261, 0.6793000102043152, 0.6805999875068665, 0.6797999739646912, 0.6786999702453613, 0.6790000200271606]","[4.050087928771973, 3.43302059173584, 3.201754570007324, 2.9977529048919678, 2.729227066040039, 2.900101900100708, 3.1645665168762207, 2.8662734031677246, 2.573133707046509, 2.422518253326416, 2.525134325027466, 2.439761161804199, 2.6796822547912598, 2.2613635063171387, 2.432340621948242, 2.5429089069366455, 2.531040906906128, 2.2958905696868896, 2.2856318950653076, 1.967418909072876, 1.9229925870895386, 2.1403326988220215, 1.8954521417617798, 1.9948647022247314, 1.9160257577896118, 2.0120623111724854, 1.9792693853378296, 2.253669500350952, 1.7389638423919678, 1.8376775979995728, 1.681936502456665, 1.717279314994812, 1.8395302295684814, 1.851892352104187, 1.756178855895996, 1.7151837348937988, 1.674166202545166, 1.6691851615905762, 1.653190016746521, 1.6501061916351318, 1.650991439819336, 1.7025859355926514, 1.6488299369812012, 1.6305381059646606, 1.6638305187225342, 1.7077584266662598, 1.6531801223754883, 1.7888097763061523, 1.7466562986373901, 1.628167986869812, 1.6592007875442505, 1.6277098655700684, 1.638451337814331, 1.6554982662200928, 1.6697930097579956, 1.7009369134902954, 1.6441986560821533, 1.6418172121047974, 1.6996415853500366, 1.6658540964126587, 1.684424638748169, 1.6570017337799072, 1.6531095504760742, 1.664968729019165, 1.6460636854171753, 1.6719505786895752, 1.6522318124771118, 1.6569123268127441, 1.662365436553955, 1.663265585899353]",0.6790000200271606,,891570220,,7439268,,,,,"[60, 7, 53, 0, 42, 44, 50, 55]",0.0,0.0,0.25,0,29,0,400,0.0,0.0725,False,BEST,0.85,True,True,"[[82  0  0 ...  0  0  0]
 [ 0 82  0 ...  0  0  0]
 [ 0  0 56 ...  0  4  0]
 ...
 [ 0  0  0 ... 66  0  0]
 [ 0  0  0 ...  0 49  0]
 [ 0  0  0 ...  0  0 75]]",0.679,0.691629887,0.679,0.679432178,19
BDESMG[M][M][M][M][M][M][M][M][M],,17,20,19,True,True,"[32, 29, 39, 58, 10, 12, 28, 55]",[],"[{'INP': 32}, {'CONV': [64, 3]}, ({'CONV': [128, 3]}, {'CONV': [32, 3]}), ({'CONV': [64, 5]}, {'CONV': [128, 5]}, {'POOLMAX': [-1, 2]}), ({'CONV': [128, 3]}, {'CONV': [256, 5]}), ({'CONV': [256, 5]}, {'CONV': [64, 3]}, {'POOLMAX': [-1, 2]}), ({'CONV': [32, 5]}, {'CONV': [64, 3]}), ({'CONV': [32, 5]}, {'CONV': [128, 3]}, {'POOLMAX': [-1, 2]}), ({'CONV': [64, 5]}, {'CONV': [128, 3]}), ({'CONV': [256, 3]}, {'CONV': [256, 5]}, {'POOLMAX': [-1, 2]}), {'GLOBAL_AVG': None}, {'LAST_DENSE': [100, 'softmax']}]",NONE,MPAR,GA,70,"[0.13369999825954437, 0.14910000562667847, 0.2662000060081482, 0.3449000120162964, 0.35280001163482666, 0.39590001106262207, 0.4361000061035156, 0.3831000030040741, 0.4507000148296356, 0.424699991941452, 0.46650001406669617, 0.46639999747276306, 0.4918999969959259, 0.5196999907493591, 0.4645000100135803, 0.5246000289916992, 0.5108000040054321, 0.5066999793052673, 0.4284999966621399, 0.5763999819755554, 0.5733000040054321, 0.5943999886512756, 0.5812000036239624, 0.6201000213623047, 0.5846999883651733, 0.5809999704360962, 0.5702999830245972, 0.5935999751091003, 0.592199981212616, 0.6462000012397766, 0.6556000113487244, 0.6345000267028809, 0.6459000110626221, 0.6420000195503235, 0.6714000105857849, 0.6485000252723694, 0.660099983215332, 0.6395000219345093, 0.6334999799728394, 0.6547999978065491, 0.6665999889373779, 0.6704999804496765, 0.6521999835968018, 0.6729000210762024, 0.6699000000953674, 0.6833999752998352, 0.684499979019165, 0.683899998664856, 0.6783000230789185, 0.6848000288009644, 0.6841999888420105, 0.685699999332428, 0.6927000284194946, 0.684499979019165, 0.6870999932289124, 0.6872000098228455, 0.6952000260353088, 0.6872000098228455, 0.6908000111579895, 0.689300000667572, 0.6927000284194946, 0.6912999749183655, 0.6901999711990356, 0.6909999847412109, 0.6872000098228455, 0.6888999938964844, 0.6898000240325928, 0.6913999915122986, 0.6916999816894531, 0.6898999810218811]","[3.9668891429901123, 3.995952844619751, 3.187624216079712, 2.768585443496704, 2.8247742652893066, 2.62805438041687, 2.472917079925537, 2.865778923034668, 2.4605274200439453, 2.6306653022766113, 2.437152862548828, 2.520655393600464, 2.3812477588653564, 2.192403554916382, 2.539595127105713, 2.214785099029541, 2.33273983001709, 2.306142568588257, 2.9284112453460693, 2.005237579345703, 2.067802906036377, 1.9531179666519165, 1.965320110321045, 1.837998628616333, 2.008359670639038, 2.001471519470215, 2.065993547439575, 1.932234525680542, 1.9187849760055542, 1.7229578495025635, 1.6557809114456177, 1.7864152193069458, 1.7221342325210571, 1.733436942100525, 1.6057881116867065, 1.7206523418426514, 1.6576000452041626, 1.7551802396774292, 1.771976113319397, 1.7079099416732788, 1.6552168130874634, 1.628512978553772, 1.7186638116836548, 1.6299618482589722, 1.649123191833496, 1.5901474952697754, 1.5759508609771729, 1.590551495552063, 1.615902066230774, 1.6027674674987793, 1.5911635160446167, 1.5901552438735962, 1.5647928714752197, 1.5962504148483276, 1.5994291305541992, 1.6014001369476318, 1.5782129764556885, 1.6147370338439941, 1.593971610069275, 1.5904359817504883, 1.5876340866088867, 1.604239583015442, 1.593335747718811, 1.5908734798431396, 1.608508586883545, 1.5987341403961182, 1.595809817314148, 1.594496250152588, 1.5997655391693115, 1.6074546575546265]",0.6898999810218811,,844438124,,2315044,,,,,"[32, 29, 39, 58, 9, 12, 28, 55]",0.0,0.0,0.125,0,42,0,400,0.0,0.105,False,BEST,0.95,True,True,"[[80  0  0 ...  0  0  0]
 [ 0 78  0 ...  0  0  0]
 [ 0  0 61 ...  0  3  0]
 ...
 [ 0  0  0 ... 72  1  0]
 [ 0  0  3 ...  0 50  0]
 [ 0  0  0 ...  0  0 75]]",0.6898,0.704424711,0.6898,0.691251393,10
BXNUMK[M][M][M][M][M][M][M][M][M][M],,18,20,20,True,True,"[2, 57, 26, 23, 51, 47, 63, 55]",[],"[{'INP': 32}, {'CONV': [64, 3]}, ({'CONV': [32, 3]}, {'CONV': [64, 3]}), ({'CONV': [256, 5]}, {'CONV': [32, 5]}, {'POOLMAX': [-1, 2]}), ({'CONV': [64, 5]}, {'CONV': [64, 3]}), ({'CONV': [64, 3]}, {'CONV': [256, 5]}, {'POOLMAX': [-1, 2]}), ({'CONV': [256, 3]}, {'CONV': [64, 5]}), ({'CONV': [128, 5]}, {'CONV': [256, 5]}, {'POOLMAX': [-1, 2]}), ({'CONV': [256, 5]}, {'CONV': [256, 5]}), ({'CONV': [256, 3]}, {'CONV': [256, 5]}, {'POOLMAX': [-1, 2]}), {'GLOBAL_AVG': None}, {'LAST_DENSE': [100, 'softmax']}]",NONE,MPAR,GA,70,"[0.11140000075101852, 0.22020000219345093, 0.29840001463890076, 0.35850000381469727, 0.3598000109195709, 0.3880999982357025, 0.4189999997615814, 0.46000000834465027, 0.44749999046325684, 0.46639999747276306, 0.4896000027656555, 0.4361000061035156, 0.4799000024795532, 0.49709999561309814, 0.5192000269889832, 0.49480000138282776, 0.5238000154495239, 0.5230000019073486, 0.5504000186920166, 0.5383999943733215, 0.5123000144958496, 0.560699999332428, 0.5569999814033508, 0.5544999837875366, 0.6230000257492065, 0.6172000169754028, 0.5889999866485596, 0.6220999956130981, 0.6276000142097473, 0.6107000112533569, 0.6187999844551086, 0.6280999779701233, 0.6049000024795532, 0.6169000267982483, 0.6647999882698059, 0.6643999814987183, 0.6585999727249146, 0.6682000160217285, 0.6593000292778015, 0.6876000165939331, 0.6607000231742859, 0.6686999797821045, 0.6780999898910522, 0.6762999892234802, 0.6694999933242798, 0.6808000206947327, 0.6899999976158142, 0.6894000172615051, 0.6847000122070312, 0.6876999735832214, 0.6879000067710876, 0.6948999762535095, 0.6876000165939331, 0.6868000030517578, 0.6945000290870667, 0.6980999708175659, 0.6991000175476074, 0.6988999843597412, 0.6996999979019165, 0.6976000070571899, 0.6983000040054321, 0.6998999714851379, 0.7002000212669373, 0.7005000114440918, 0.6976000070571899, 0.7017999887466431, 0.7024000287055969, 0.7027999758720398, 0.7031999826431274, 0.7027000188827515]","[4.0487799644470215, 3.4037766456604004, 2.9428529739379883, 2.71252703666687, 2.78242564201355, 2.7012434005737305, 2.6170473098754883, 2.3588666915893555, 2.4159796237945557, 2.4268264770507812, 2.294659376144409, 2.7708141803741455, 2.394477367401123, 2.3177876472473145, 2.2699899673461914, 2.3691048622131348, 2.163289785385132, 2.2059223651885986, 2.0627129077911377, 2.1852476596832275, 2.294306755065918, 2.112823724746704, 2.132413387298584, 2.160487651824951, 1.8419721126556396, 1.8409398794174194, 2.0563361644744873, 1.820254921913147, 1.7948352098464966, 1.8617216348648071, 1.821527123451233, 1.7973229885101318, 1.9440982341766357, 1.8518660068511963, 1.6502444744110107, 1.6424455642700195, 1.6747536659240723, 1.6173127889633179, 1.7033802270889282, 1.5212244987487793, 1.6954855918884277, 1.6026986837387085, 1.5852985382080078, 1.5896210670471191, 1.6256784200668335, 1.5838472843170166, 1.5394752025604248, 1.549688696861267, 1.576607346534729, 1.568689227104187, 1.5852396488189697, 1.5500342845916748, 1.5897010564804077, 1.5880495309829712, 1.5585130453109741, 1.5417054891586304, 1.5371966361999512, 1.5291037559509277, 1.538939356803894, 1.5564956665039062, 1.5514729022979736, 1.5514410734176636, 1.5500538349151611, 1.5528672933578491, 1.5647755861282349, 1.5407437086105347, 1.5436917543411255, 1.5443215370178223, 1.5413389205932617, 1.5415984392166138]",0.7027000188827515,,574039404,,4452644,,,,,"[2, 57, 26, 23, 51, 47, 62, 55]",0.0,0.0,0.125,0,46,0,400,0.0,0.115,False,BEST,0.3,True,True,"[[88  0  0 ...  0  0  0]
 [ 0 81  0 ...  1  0  0]
 [ 0  0 59 ...  0  1  0]
 ...
 [ 0  0  0 ... 75  0  0]
 [ 0  0  5 ...  0 50  0]
 [ 0  0  0 ...  0  0 69]]",0.7026,0.712505217,0.7026,0.702556437,128
BUBTSC[M][M][M][M],,19,20,5,True,True,"[33, 48, 49, 45, 23, 12, 43, 55]",[],"[{'INP': 32}, {'CONV': [64, 3]}, ({'CONV': [128, 3]}, {'CONV': [32, 5]}), ({'CONV': [256, 3]}, {'CONV': [32, 3]}, {'POOLMAX': [-1, 2]}), ({'CONV': [256, 3]}, {'CONV': [32, 5]}), ({'CONV': [128, 5]}, {'CONV': [128, 5]}, {'POOLMAX': [-1, 2]}), ({'CONV': [64, 3]}, {'CONV': [256, 5]}), ({'CONV': [32, 5]}, {'CONV': [128, 3]}, {'POOLMAX': [-1, 2]}), ({'CONV': [128, 5]}, {'CONV': [64, 5]}), ({'CONV': [256, 3]}, {'CONV': [256, 5]}, {'POOLMAX': [-1, 2]}), {'GLOBAL_AVG': None}, {'LAST_DENSE': [100, 'softmax']}]",NONE,MPAR,GA,70,"[0.1339000016450882, 0.21570000052452087, 0.29910001158714294, 0.3321000039577484, 0.3569999933242798, 0.3871999979019165, 0.3659000098705292, 0.428600013256073, 0.49720001220703125, 0.46399998664855957, 0.3758000135421753, 0.5264000296592712, 0.487199991941452, 0.48590001463890076, 0.5314000248908997, 0.47769999504089355, 0.4352000057697296, 0.5842999815940857, 0.6292999982833862, 0.600600004196167, 0.609499990940094, 0.609499990940094, 0.5957000255584717, 0.6456000208854675, 0.6237999796867371, 0.6251000165939331, 0.5418000221252441, 0.6269999742507935, 0.6060000061988831, 0.6506999731063843, 0.6708999872207642, 0.6640999913215637, 0.6692000031471252, 0.6489999890327454, 0.6604999899864197, 0.6636000275611877, 0.6976000070571899, 0.6808000206947327, 0.6970000267028809, 0.6916000247001648, 0.6841999888420105, 0.6908000111579895, 0.6980999708175659, 0.7034000158309937, 0.699400007724762, 0.7026000022888184, 0.7019000053405762, 0.7073000073432922, 0.7045999765396118, 0.7044000029563904, 0.7053999900817871, 0.7046999931335449, 0.708899974822998, 0.703000009059906, 0.7017999887466431, 0.7045000195503235, 0.7057999968528748, 0.705299973487854, 0.7059999704360962, 0.7064999938011169, 0.7038000226020813, 0.7055000066757202, 0.7028999924659729, 0.7027000188827515, 0.7057999968528748, 0.705299973487854, 0.70660001039505, 0.704800009727478, 0.70660001039505, 0.7062000036239624]","[3.9557905197143555, 3.582327365875244, 3.147535562515259, 2.984785556793213, 2.889686107635498, 2.8521928787231445, 3.043672561645508, 2.6940088272094727, 2.317056179046631, 2.570953607559204, 3.126115322113037, 2.2092125415802, 2.4241652488708496, 2.488417625427246, 2.2498795986175537, 2.5965042114257812, 2.8105716705322266, 2.0034594535827637, 1.820896863937378, 1.9738799333572388, 1.8996795415878296, 1.8770021200180054, 1.9706364870071411, 1.743485927581787, 1.9201818704605103, 1.8485525846481323, 2.393073320388794, 1.8469926118850708, 1.9599876403808594, 1.7929396629333496, 1.6718165874481201, 1.6988929510116577, 1.6759003400802612, 1.8232225179672241, 1.7133430242538452, 1.7304787635803223, 1.5669795274734497, 1.6713628768920898, 1.5936684608459473, 1.624053955078125, 1.6791589260101318, 1.623047113418579, 1.6087684631347656, 1.5962754487991333, 1.614121913909912, 1.6122742891311646, 1.5979957580566406, 1.5814157724380493, 1.599306583404541, 1.6054270267486572, 1.594874620437622, 1.5986945629119873, 1.591814637184143, 1.6141785383224487, 1.618515133857727, 1.613309621810913, 1.6023651361465454, 1.612457275390625, 1.6123751401901245, 1.60812246799469, 1.6257809400558472, 1.6191807985305786, 1.6228418350219727, 1.624739408493042, 1.619861125946045, 1.617720365524292, 1.6112513542175293, 1.6175471544265747, 1.6151158809661865, 1.613568663597107]",0.7062000036239624,,2785524588,,5886244,,,,,"[33, 48, 49, 45, 23, 12, 43, 54]",0.0,0.0,0.125,0,16,0,400,0.0,0.04,False,BEST,0.8,True,True,"[[84  0  0 ...  0  0  0]
 [ 0 85  0 ...  0  0  0]
 [ 0  0 59 ...  0  4  0]
 ...
 [ 0  0  0 ... 75  0  0]
 [ 0  0  2 ...  0 57  1]
 [ 0  0  1 ...  0  0 71]]",0.7062,0.71564769,0.7062,0.706446791,67
BEYVWD[M][M][M][M][M][M][M][M][M][M][M],,20,20,20,True,True,"[43, 38, 23, 55, 23, 36, 13, 31]",[],"[{'INP': 32}, {'CONV': [64, 3]}, ({'CONV': [128, 5]}, {'CONV': [64, 5]}), ({'CONV': [128, 3]}, {'CONV': [256, 3]}, {'POOLMAX': [-1, 2]}), ({'CONV': [64, 3]}, {'CONV': [256, 5]}), ({'CONV': [256, 3]}, {'CONV': [256, 5]}, {'POOLMAX': [-1, 2]}), ({'CONV': [64, 3]}, {'CONV': [256, 5]}), ({'CONV': [128, 3]}, {'CONV': [128, 3]}, {'POOLMAX': [-1, 2]}), ({'CONV': [32, 5]}, {'CONV': [128, 5]}), ({'CONV': [64, 5]}, {'CONV': [256, 5]}, {'POOLMAX': [-1, 2]}), {'GLOBAL_AVG': None}, {'LAST_DENSE': [100, 'softmax']}]",NONE,MPAR,GA,70,"[0.0949999988079071, 0.18649999797344208, 0.26980000734329224, 0.34529998898506165, 0.3675999939441681, 0.3352999985218048, 0.3815000057220459, 0.27059999108314514, 0.44369998574256897, 0.4230000078678131, 0.4699999988079071, 0.4984999895095825, 0.5185999870300293, 0.5044999718666077, 0.4596000015735626, 0.527400016784668, 0.47920000553131104, 0.529699981212616, 0.53329998254776, 0.5048999786376953, 0.5537999868392944, 0.566100001335144, 0.5220999717712402, 0.5654000043869019, 0.557699978351593, 0.5235000252723694, 0.5440999865531921, 0.5692999958992004, 0.5350000262260437, 0.6062999963760376, 0.5940999984741211, 0.6147000193595886, 0.621999979019165, 0.6227999925613403, 0.6269999742507935, 0.6559000015258789, 0.6610000133514404, 0.5838000178337097, 0.6373000144958496, 0.6237999796867371, 0.6312999725341797, 0.6317999958992004, 0.6751999855041504, 0.6700000166893005, 0.6812999844551086, 0.6757000088691711, 0.66839998960495, 0.6794999837875366, 0.6717000007629395, 0.6927000284194946, 0.6764000058174133, 0.6873999834060669, 0.6830000281333923, 0.6797999739646912, 0.6754999756813049, 0.6991999745368958, 0.6948999762535095, 0.7056000232696533, 0.6942999958992004, 0.690500020980835, 0.7020999789237976, 0.7095999717712402, 0.705299973487854, 0.707099974155426, 0.7103000283241272, 0.7114999890327454, 0.7019000053405762, 0.7074999809265137, 0.7059000134468079, 0.7080000042915344]","[4.183100700378418, 3.5498597621917725, 3.1656980514526367, 2.794828414916992, 2.7846240997314453, 2.9619405269622803, 2.840723991394043, 3.7239887714385986, 2.589618682861328, 2.685291051864624, 2.4639174938201904, 2.34466552734375, 2.2769455909729004, 2.4006359577178955, 2.5567967891693115, 2.2678637504577637, 2.5771219730377197, 2.2997515201568604, 2.316937208175659, 2.536870002746582, 2.2280473709106445, 2.1937739849090576, 2.407106637954712, 2.1714043617248535, 2.251952648162842, 2.4190332889556885, 2.463275909423828, 2.2503881454467773, 2.4679200649261475, 2.0672333240509033, 2.15816068649292, 2.0356905460357666, 2.0543248653411865, 2.000149726867676, 1.9718732833862305, 1.8464000225067139, 1.798382043838501, 2.295962333679199, 1.957270860671997, 2.017258882522583, 1.9680691957473755, 1.959664225578308, 1.7674670219421387, 1.8067057132720947, 1.7564648389816284, 1.7876842021942139, 1.8697173595428467, 1.7781997919082642, 1.8213276863098145, 1.7185893058776855, 1.7805564403533936, 1.7690610885620117, 1.774274468421936, 1.79521644115448, 1.8330708742141724, 1.7229071855545044, 1.7688792943954468, 1.7346941232681274, 1.782458782196045, 1.821879267692566, 1.7728363275527954, 1.7156871557235718, 1.7498587369918823, 1.7465342283248901, 1.731474757194519, 1.7237300872802734, 1.7913099527359009, 1.7558027505874634, 1.7757409811019897, 1.7701627016067505]",0.7080000042915344,,776331436,,6506660,,,,,"[43, 38, 23, 54, 23, 35, 13, 31]",0.0,0.0,0.25,0,23,0,400,0.0,0.0575,False,BEST,0.65,True,True,"[[90  0  0 ...  0  0  0]
 [ 0 79  0 ...  0  0  0]
 [ 0  0 62 ...  0  4  0]
 ...
 [ 0  0  0 ... 78  1  0]
 [ 1  0  2 ...  0 44  0]
 [ 0  0  1 ...  0  0 74]]",0.708,0.720498751,0.708,0.708868685,29
BFGKUU[M][M][M][M][M][M][M][M][M][M][M][M],,21,20,15,True,True,"[27, 28, 56, 48, 46, 47, 19, 55]",[],"[{'INP': 32}, {'CONV': [64, 3]}, ({'CONV': [64, 5]}, {'CONV': [64, 5]}), ({'CONV': [64, 5]}, {'CONV': [128, 3]}, {'POOLMAX': [-1, 2]}), ({'CONV': [256, 5]}, {'CONV': [32, 3]}), ({'CONV': [256, 3]}, {'CONV': [32, 3]}, {'POOLMAX': [-1, 2]}), ({'CONV': [128, 5]}, {'CONV': [256, 3]}), ({'CONV': [128, 5]}, {'CONV': [256, 5]}, {'POOLMAX': [-1, 2]}), ({'CONV': [64, 3]}, {'CONV': [64, 5]}), ({'CONV': [256, 3]}, {'CONV': [256, 5]}, {'POOLMAX': [-1, 2]}), {'GLOBAL_AVG': None}, {'LAST_DENSE': [100, 'softmax']}]",NONE,MPAR,GA,70,"[0.13099999725818634, 0.2280000001192093, 0.29319998621940613, 0.31139999628067017, 0.4025000035762787, 0.39100000262260437, 0.4320000112056732, 0.46380001306533813, 0.5171999931335449, 0.4616999924182892, 0.4431999921798706, 0.47279998660087585, 0.5151000022888184, 0.5013999938964844, 0.574400007724762, 0.616599977016449, 0.5996999740600586, 0.5640000104904175, 0.6305000185966492, 0.5958999991416931, 0.6218000054359436, 0.6215999722480774, 0.6202999949455261, 0.589900016784668, 0.6541000008583069, 0.6765000224113464, 0.6549999713897705, 0.6725000143051147, 0.6651999950408936, 0.6565999984741211, 0.6696000099182129, 0.6789000034332275, 0.6850000023841858, 0.6850000023841858, 0.6836000084877014, 0.6876999735832214, 0.6976000070571899, 0.6995999813079834, 0.6992999911308289, 0.680899977684021, 0.70169997215271, 0.7001000046730042, 0.6990000009536743, 0.7016000151634216, 0.699400007724762, 0.7031999826431274, 0.7038000226020813, 0.70169997215271, 0.7028999924659729, 0.7013999819755554, 0.7049000263214111, 0.7035999894142151, 0.7031999826431274, 0.7016000151634216, 0.7020000219345093, 0.7017999887466431, 0.7020000219345093, 0.7014999985694885, 0.7016000151634216, 0.7032999992370605, 0.7041000127792358, 0.7020000219345093, 0.7026000022888184, 0.7038000226020813, 0.7027000188827515, 0.70169997215271, 0.7008000016212463, 0.7020999789237976, 0.7019000053405762, 0.7020999789237976]","[4.080428123474121, 3.5508618354797363, 3.3909504413604736, 3.2405707836151123, 2.6626877784729004, 2.791353940963745, 2.6247243881225586, 2.482576370239258, 2.263241767883301, 2.586920976638794, 2.7056944370269775, 2.5666558742523193, 2.3836047649383545, 2.554955005645752, 2.1118886470794678, 1.8662035465240479, 1.962792992591858, 2.1345527172088623, 1.81888747215271, 2.028409957885742, 1.8495334386825562, 1.8416163921356201, 1.863041639328003, 2.044504404067993, 1.7284271717071533, 1.6772236824035645, 1.7860314846038818, 1.6892740726470947, 1.7238357067108154, 1.7916268110275269, 1.7212419509887695, 1.7434895038604736, 1.6847597360610962, 1.7038497924804688, 1.724117398262024, 1.723200798034668, 1.6886696815490723, 1.6883823871612549, 1.687903881072998, 1.8043980598449707, 1.6781089305877686, 1.6960504055023193, 1.6988515853881836, 1.7020878791809082, 1.7109097242355347, 1.6820199489593506, 1.7201579809188843, 1.7091755867004395, 1.700127363204956, 1.7163089513778687, 1.712598443031311, 1.7241629362106323, 1.7299236059188843, 1.7401379346847534, 1.7355583906173706, 1.7449554204940796, 1.7310818433761597, 1.7331411838531494, 1.7244704961776733, 1.7282888889312744, 1.7325999736785889, 1.7327966690063477, 1.7300174236297607, 1.7306312322616577, 1.7345902919769287, 1.741172432899475, 1.7402173280715942, 1.738229513168335, 1.7403435707092285, 1.7381681203842163]",0.7020999789237976,,504842796,,3437988,,,,,"[27, 28, 56, 48, 45, 47, 19, 55]",0.0,0.0,0.125,0,44,0,400,0.0,0.11,False,BEST,0.95,True,True,"[[87  0  0 ...  0  0  0]
 [ 0 83  0 ...  0  0  0]
 [ 0  0 55 ...  0  1  0]
 ...
 [ 0  0  0 ... 72  0  0]
 [ 0  0  1 ...  0 48  0]
 [ 0  0  0 ...  0  0 76]]",0.7021,0.713846787,0.7021,0.703098799,131
BDTKZP[M][M][M][M][M][M],,22,20,13,True,True,"[25, 59, 29, 34, 23, 6, 6, 7]",[],"[{'INP': 32}, {'CONV': [64, 3]}, ({'CONV': [64, 5]}, {'CONV': [32, 5]}), ({'CONV': [256, 5]}, {'CONV': [64, 5]}, {'POOLMAX': [-1, 2]}), ({'CONV': [64, 5]}, {'CONV': [128, 5]}), ({'CONV': [128, 3]}, {'CONV': [64, 3]}, {'POOLMAX': [-1, 2]}), ({'CONV': [64, 3]}, {'CONV': [256, 5]}), ({'CONV': [32, 3]}, {'CONV': [256, 3]}, {'POOLMAX': [-1, 2]}), ({'CONV': [32, 3]}, {'CONV': [256, 3]}), ({'CONV': [32, 3]}, {'CONV': [256, 5]}, {'POOLMAX': [-1, 2]}), {'GLOBAL_AVG': None}, {'LAST_DENSE': [100, 'softmax']}]",NONE,MPAR,GA,70,"[0.10080000013113022, 0.2467000037431717, 0.27219998836517334, 0.322299987077713, 0.3634999990463257, 0.34880000352859497, 0.43650001287460327, 0.4004000127315521, 0.5091999769210815, 0.45660001039505005, 0.4778999984264374, 0.4846000075340271, 0.4864000082015991, 0.5238000154495239, 0.5001000165939331, 0.5178999900817871, 0.4507000148296356, 0.4860000014305115, 0.5504999756813049, 0.5551000237464905, 0.5562000274658203, 0.5537999868392944, 0.5659999847412109, 0.5706999897956848, 0.49300000071525574, 0.5691999793052673, 0.5503000020980835, 0.5223000049591064, 0.5436999797821045, 0.6225000023841858, 0.6309999823570251, 0.6333000063896179, 0.6057000160217285, 0.6133999824523926, 0.6517999768257141, 0.6399000287055969, 0.6381000280380249, 0.6193000078201294, 0.6385999917984009, 0.6207000017166138, 0.6664999723434448, 0.6747000217437744, 0.6607000231742859, 0.6765000224113464, 0.6793000102043152, 0.6668999791145325, 0.6640999913215637, 0.6937000155448914, 0.6991000175476074, 0.6807000041007996, 0.6875, 0.6998000144958496, 0.6962000131607056, 0.6912999749183655, 0.699400007724762, 0.6983000040054321, 0.7034000158309937, 0.7031999826431274, 0.7013000249862671, 0.70660001039505, 0.704200029373169, 0.6995999813079834, 0.7049999833106995, 0.7044000029563904, 0.7075999975204468, 0.710099995136261, 0.7063999772071838, 0.7067000269889832, 0.7062000036239624, 0.708299994468689]","[4.437854766845703, 3.334498405456543, 3.314243793487549, 3.0848512649536133, 2.8671200275421143, 3.025179386138916, 2.648439884185791, 2.860246419906616, 2.2956440448760986, 2.573746681213379, 2.4947967529296875, 2.4573283195495605, 2.472459316253662, 2.2883965969085693, 2.4363791942596436, 2.400634527206421, 3.0139174461364746, 2.49468994140625, 2.2472455501556396, 2.2204291820526123, 2.222689151763916, 2.2248473167419434, 2.1631760597229004, 2.1348373889923096, 2.632852077484131, 2.2260758876800537, 2.3085317611694336, 2.473987340927124, 2.404203414916992, 1.9803390502929688, 1.9244568347930908, 1.8999855518341064, 2.0290751457214355, 2.0434420108795166, 1.8134113550186157, 1.835923671722412, 1.863586664199829, 1.9452792406082153, 1.8730111122131348, 1.9437206983566284, 1.7578125, 1.7218831777572632, 1.7981511354446411, 1.7580790519714355, 1.732893705368042, 1.788122296333313, 1.7682605981826782, 1.6625878810882568, 1.639818549156189, 1.704311490058899, 1.7061792612075806, 1.6728570461273193, 1.6682333946228027, 1.681700348854065, 1.6498950719833374, 1.6618359088897705, 1.6349923610687256, 1.6501853466033936, 1.651060700416565, 1.6399657726287842, 1.6436835527420044, 1.66848886013031, 1.6464427709579468, 1.6479341983795166, 1.6498074531555176, 1.6404578685760498, 1.6514933109283447, 1.6625202894210815, 1.6694694757461548, 1.6618340015411377]",0.708299994468689,,3141730860,,7548324,,,,,"[25, 59, 29, 34, 23, 6, 6, 6]",0.0,0.0,0.125,0,33,0,400,0.0,0.0825,False,BEST,0.6,True,True,"[[87  0  0 ...  0  0  0]
 [ 0 84  0 ...  0  0  0]
 [ 0  0 61 ...  0  1  0]
 ...
 [ 0  0  0 ... 70  0  0]
 [ 0  0  1 ...  0 58  0]
 [ 0  0  1 ...  0  0 76]]",0.7083,0.720920509,0.7083,0.709318443,102
BRQHBU[M][M][M][M][M][M],,23,20,10,True,True,"[14, 36, 26, 3, 15, 58, 40, 62]",[],"[{'INP': 32}, {'CONV': [64, 3]}, ({'CONV': [32, 5]}, {'CONV': [256, 3]}), ({'CONV': [128, 3]}, {'CONV': [128, 3]}, {'POOLMAX': [-1, 2]}), ({'CONV': [64, 5]}, {'CONV': [64, 3]}), ({'CONV': [32, 3]}, {'CONV': [64, 5]}, {'POOLMAX': [-1, 2]}), ({'CONV': [32, 5]}, {'CONV': [256, 5]}), ({'CONV': [256, 5]}, {'CONV': [64, 3]}, {'POOLMAX': [-1, 2]}), ({'CONV': [128, 5]}, {'CONV': [32, 3]}), ({'CONV': [256, 5]}, {'CONV': [256, 3]}, {'POOLMAX': [-1, 2]}), {'GLOBAL_AVG': None}, {'LAST_DENSE': [100, 'softmax']}]",NONE,MPAR,GA,70,"[0.13130000233650208, 0.22059999406337738, 0.3125, 0.3666999936103821, 0.4287000000476837, 0.40720000863075256, 0.4494999945163727, 0.46140000224113464, 0.4348999857902527, 0.5274999737739563, 0.4729999899864197, 0.5321000218391418, 0.5108000040054321, 0.4514999985694885, 0.5618000030517578, 0.566100001335144, 0.5045999884605408, 0.5522000193595886, 0.5767999887466431, 0.542900025844574, 0.5741000175476074, 0.5665000081062317, 0.5784000158309937, 0.5134000182151794, 0.6277999877929688, 0.6082000136375427, 0.6338000297546387, 0.6096000075340271, 0.64410001039505, 0.6570000052452087, 0.586899995803833, 0.6212999820709229, 0.6480000019073486, 0.6434999704360962, 0.6685000061988831, 0.6164000034332275, 0.6620000004768372, 0.6456999778747559, 0.6456000208854675, 0.618399977684021, 0.6880999803543091, 0.6866000294685364, 0.6628000140190125, 0.6782000064849854, 0.694599986076355, 0.6895999908447266, 0.6664999723434448, 0.684499979019165, 0.6754999756813049, 0.6776000261306763, 0.7107999920845032, 0.7020000219345093, 0.6912999749183655, 0.7024000287055969, 0.7081999778747559, 0.7134000062942505, 0.7084000110626221, 0.7080000042915344, 0.7080000042915344, 0.7110999822616577, 0.7085000276565552, 0.7107999920845032, 0.7092000246047974, 0.713100016117096, 0.7109000086784363, 0.7093999981880188, 0.7121000289916992, 0.7102000117301941, 0.7128999829292297, 0.7106999754905701]","[4.0077290534973145, 3.5320944786071777, 3.0225985050201416, 2.898702621459961, 2.6140167713165283, 2.7649335861206055, 2.5710654258728027, 2.541753053665161, 2.7519428730010986, 2.2373456954956055, 2.574566125869751, 2.2398622035980225, 2.370241641998291, 2.828970193862915, 2.1288743019104004, 2.186509609222412, 2.5938003063201904, 2.2499570846557617, 2.115771770477295, 2.315922498703003, 2.1650338172912598, 2.2010817527770996, 2.168915033340454, 2.5396437644958496, 1.9502451419830322, 2.0442025661468506, 1.8930238485336304, 2.1013283729553223, 1.8692165613174438, 1.8302093744277954, 2.261363983154297, 1.9406334161758423, 1.8952645063400269, 1.9151394367218018, 1.758928656578064, 2.0715723037719727, 1.8208996057510376, 1.8908034563064575, 1.9232960939407349, 2.084505796432495, 1.7383308410644531, 1.772314429283142, 1.9231767654418945, 1.801267385482788, 1.7004410028457642, 1.7575047016143799, 1.864621877670288, 1.7873547077178955, 1.8408759832382202, 1.8450429439544678, 1.6664953231811523, 1.7193174362182617, 1.820359230041504, 1.7493239641189575, 1.7193408012390137, 1.7242302894592285, 1.73177170753479, 1.7456495761871338, 1.7367442846298218, 1.7417218685150146, 1.7479376792907715, 1.7598363161087036, 1.7521002292633057, 1.7543749809265137, 1.749063491821289, 1.76642906665802, 1.7628107070922852, 1.7570430040359497, 1.7530964612960815, 1.7653872966766357]",0.7106999754905701,,2156614444,,5868452,,,,,"[14, 35, 26, 3, 14, 58, 40, 62]",0.0,0.0,0.25,0,32,0,400,0.0,0.08,False,BEST,0.55,True,True,"[[87  0  0 ...  0  0  0]
 [ 0 81  0 ...  0  0  0]
 [ 0  0 51 ...  0  3  0]
 ...
 [ 0  0  0 ... 70  0  0]
 [ 0  0  2 ...  0 55  1]
 [ 0  0  1 ...  0  0 72]]",0.7106,0.721954153,0.7106,0.711431336,1
BWZNEL[M][M][M][M][M][M][M][M][M][M],,24,20,20,True,True,"[14, 20, 16, 51, 55, 6, 20, 62]",[],"[{'INP': 32}, {'CONV': [64, 3]}, ({'CONV': [32, 5]}, {'CONV': [256, 3]}), ({'CONV': [64, 3]}, {'CONV': [128, 3]}, {'POOLMAX': [-1, 2]}), ({'CONV': [64, 3]}, {'CONV': [32, 3]}), ({'CONV': [256, 3]}, {'CONV': [64, 5]}, {'POOLMAX': [-1, 2]}), ({'CONV': [256, 3]}, {'CONV': [256, 5]}), ({'CONV': [32, 3]}, {'CONV': [256, 3]}, {'POOLMAX': [-1, 2]}), ({'CONV': [64, 3]}, {'CONV': [128, 3]}), ({'CONV': [256, 5]}, {'CONV': [256, 3]}, {'POOLMAX': [-1, 2]}), {'GLOBAL_AVG': None}, {'LAST_DENSE': [100, 'softmax']}]",NONE,MPAR,GA,70,"[0.10620000213384628, 0.18889999389648438, 0.25200000405311584, 0.3630000054836273, 0.33559998869895935, 0.3345000147819519, 0.35910001397132874, 0.4359999895095825, 0.45410001277923584, 0.48539999127388, 0.5116999745368958, 0.4948999881744385, 0.4787999987602234, 0.49390000104904175, 0.4722999930381775, 0.5145999789237976, 0.5898000001907349, 0.5813000202178955, 0.5493000149726868, 0.6251000165939331, 0.6345999836921692, 0.5806000232696533, 0.6320000290870667, 0.6191999912261963, 0.609000027179718, 0.6251999735832214, 0.6776999831199646, 0.6596999764442444, 0.6653000116348267, 0.6844000220298767, 0.6743000149726868, 0.6639999747276306, 0.6769000291824341, 0.6620000004768372, 0.6668999791145325, 0.6894000172615051, 0.6922000050544739, 0.6973999738693237, 0.6870999932289124, 0.6991000175476074, 0.6941999793052673, 0.7039999961853027, 0.6967999935150146, 0.6859999895095825, 0.7009999752044678, 0.7024999856948853, 0.6980000138282776, 0.6933000087738037, 0.7045999765396118, 0.7099999785423279, 0.7067000269889832, 0.7135000228881836, 0.7127000093460083, 0.7121000289916992, 0.715499997138977, 0.7152000069618225, 0.7139000296592712, 0.722000002861023, 0.718500018119812, 0.7182999849319458, 0.717199981212616, 0.722000002861023, 0.7210999727249146, 0.7218000292778015, 0.7197999954223633, 0.7172999978065491, 0.7179999947547913, 0.7200000286102295, 0.7189000248908997, 0.7185999751091003]","[4.310776233673096, 3.629303455352783, 3.4182894229888916, 2.8261349201202393, 3.305340528488159, 3.2183992862701416, 3.0689358711242676, 2.7065868377685547, 2.630068302154541, 2.4544882774353027, 2.380963087081909, 2.538050889968872, 2.6341426372528076, 2.519125461578369, 2.654322862625122, 2.4875175952911377, 2.060424327850342, 2.083401918411255, 2.2989296913146973, 1.8584495782852173, 1.8200335502624512, 2.1345560550689697, 1.8322279453277588, 1.9270814657211304, 1.9784537553787231, 1.8825777769088745, 1.6683882474899292, 1.750019907951355, 1.7425892353057861, 1.6426527500152588, 1.668062686920166, 1.7475019693374634, 1.6740126609802246, 1.7714121341705322, 1.7726047039031982, 1.6650865077972412, 1.6292545795440674, 1.633215069770813, 1.6623138189315796, 1.6261736154556274, 1.6573960781097412, 1.6156367063522339, 1.6000999212265015, 1.7095357179641724, 1.6067454814910889, 1.6430985927581787, 1.680169701576233, 1.6922169923782349, 1.6332987546920776, 1.6071661710739136, 1.6494908332824707, 1.6394822597503662, 1.6273486614227295, 1.6219139099121094, 1.6136255264282227, 1.6373839378356934, 1.6437493562698364, 1.6007153987884521, 1.630569577217102, 1.6260790824890137, 1.6257615089416504, 1.617247223854065, 1.6248860359191895, 1.6312029361724854, 1.633765697479248, 1.6384614706039429, 1.6366615295410156, 1.6361615657806396, 1.6387358903884888, 1.635482668876648]",0.7185999751091003,,977509100,,8212004,,,,,"[14, 20, 15, 50, 55, 6, 20, 62]",0.0,0.0,0.25,0,40,0,400,0.0,0.1,False,BEST,0.9,True,True,"[[86  0  0 ...  0  0  0]
 [ 0 87  0 ...  0  0  0]
 [ 0  0 52 ...  0  4  0]
 ...
 [ 0  0  0 ... 71  0  0]
 [ 0  0  3 ...  0 52  0]
 [ 0  0  0 ...  0  0 75]]",0.7185,0.730750373,0.7185,0.719691396,87
BFJHTB[M][M][M][M][M][M][M][M][M],,25,20,13,True,True,"[14, 40, 49, 30, 46, 6, 8, 54]",[],"[{'INP': 32}, {'CONV': [64, 3]}, ({'CONV': [32, 5]}, {'CONV': [256, 3]}), ({'CONV': [128, 5]}, {'CONV': [32, 3]}, {'POOLMAX': [-1, 2]}), ({'CONV': [256, 3]}, {'CONV': [32, 5]}), ({'CONV': [64, 5]}, {'CONV': [256, 3]}, {'POOLMAX': [-1, 2]}), ({'CONV': [128, 5]}, {'CONV': [256, 3]}), ({'CONV': [32, 3]}, {'CONV': [256, 3]}, {'POOLMAX': [-1, 2]}), ({'CONV': [32, 5]}, {'CONV': [32, 3]}), ({'CONV': [256, 3]}, {'CONV': [256, 3]}, {'POOLMAX': [-1, 2]}), {'GLOBAL_AVG': None}, {'LAST_DENSE': [100, 'softmax']}]",NONE,MPAR,GA,70,"[0.13910000026226044, 0.23579999804496765, 0.2587999999523163, 0.3287999927997589, 0.3352999985218048, 0.4343999922275543, 0.4374000132083893, 0.44209998846054077, 0.4300000071525574, 0.46459999680519104, 0.44190001487731934, 0.4803999960422516, 0.49239999055862427, 0.5274999737739563, 0.4388999938964844, 0.5012000203132629, 0.5365999937057495, 0.5238999724388123, 0.5335999727249146, 0.582099974155426, 0.613099992275238, 0.5548999905586243, 0.611299991607666, 0.5842000246047974, 0.6304000020027161, 0.6057000160217285, 0.5942999720573425, 0.5848000049591064, 0.5990999937057495, 0.6262999773025513, 0.6485000252723694, 0.6353999972343445, 0.6202999949455261, 0.652400016784668, 0.6471999883651733, 0.6518999934196472, 0.6446999907493591, 0.6449000239372253, 0.6463000178337097, 0.6789000034332275, 0.6675000190734863, 0.6642000079154968, 0.6636999845504761, 0.6797000169754028, 0.6801000237464905, 0.6862999796867371, 0.6837999820709229, 0.679099977016449, 0.6780999898910522, 0.6822999715805054, 0.6786999702453613, 0.6854000091552734, 0.6862999796867371, 0.6840999722480774, 0.6883000135421753, 0.6868000030517578, 0.6848000288009644, 0.6869999766349792, 0.6898999810218811, 0.6891000270843506, 0.6866999864578247, 0.6891999840736389, 0.6869000196456909, 0.6887999773025513, 0.6869999766349792, 0.6891000270843506, 0.6904000043869019, 0.6917999982833862, 0.6895999908447266, 0.6891999840736389]","[3.902705430984497, 3.326962471008301, 3.190080404281616, 2.8639309406280518, 2.8832364082336426, 2.490770101547241, 2.520838499069214, 2.469320058822632, 2.6186258792877197, 2.3783721923828125, 2.593064546585083, 2.382225275039673, 2.3663811683654785, 2.113115072250366, 2.756282329559326, 2.3195788860321045, 2.155303478240967, 2.214916467666626, 2.172072172164917, 1.9995691776275635, 1.830201506614685, 2.0944695472717285, 1.8001246452331543, 1.960990071296692, 1.7252404689788818, 1.8400989770889282, 1.9242802858352661, 1.992967128753662, 1.9003931283950806, 1.7700650691986084, 1.6806269884109497, 1.723447322845459, 1.8207728862762451, 1.6300565004348755, 1.6605340242385864, 1.6649267673492432, 1.7029200792312622, 1.699074625968933, 1.7096507549285889, 1.5464006662368774, 1.5798245668411255, 1.652579665184021, 1.6426820755004883, 1.5699914693832397, 1.5483441352844238, 1.536076307296753, 1.5616371631622314, 1.5983792543411255, 1.6044330596923828, 1.571522831916809, 1.5916876792907715, 1.5565117597579956, 1.5519157648086548, 1.564579963684082, 1.538622498512268, 1.562531590461731, 1.5644272565841675, 1.5666861534118652, 1.5486868619918823, 1.5573790073394775, 1.5611320734024048, 1.5615718364715576, 1.5735546350479126, 1.5638800859451294, 1.5697944164276123, 1.5658499002456665, 1.5627812147140503, 1.5577760934829712, 1.5672982931137085, 1.566374659538269]",0.6891999840736389,,471754156,,5870244,,,,,"[14, 40, 49, 29, 46, 5, 8, 54]",0.0,0.0,0.25,0,38,0,400,0.0,0.095,False,BEST,1.0,True,True,"[[84  0  0 ...  0  0  0]
 [ 0 79  0 ...  0  0  0]
 [ 0  0 65 ...  0  4  0]
 ...
 [ 0  0  0 ... 65  0  0]
 [ 0  0  1 ...  0 51  0]
 [ 0  0  0 ...  0  0 69]]",0.6892,0.702829337,0.6892,0.689845447,53
BRLDPT[M][M][M][M][M][M][M][M][M],,26,20,19,True,True,"[20, 3, 26, 30, 24, 6, 54, 42]",[],"[{'INP': 32}, {'CONV': [64, 3]}, ({'CONV': [64, 3]}, {'CONV': [128, 3]}), ({'CONV': [32, 3]}, {'CONV': [64, 5]}, {'POOLMAX': [-1, 2]}), ({'CONV': [64, 5]}, {'CONV': [64, 3]}), ({'CONV': [64, 5]}, {'CONV': [256, 3]}, {'POOLMAX': [-1, 2]}), ({'CONV': [64, 5]}, {'CONV': [32, 3]}), ({'CONV': [32, 3]}, {'CONV': [256, 3]}, {'POOLMAX': [-1, 2]}), ({'CONV': [256, 3]}, {'CONV': [256, 3]}), ({'CONV': [128, 5]}, {'CONV': [64, 3]}, {'POOLMAX': [-1, 2]}), {'GLOBAL_AVG': None}, {'LAST_DENSE': [100, 'softmax']}]",NONE,MPAR,GA,70,"[0.06430000066757202, 0.22419999539852142, 0.26600000262260437, 0.3057999908924103, 0.3880999982357025, 0.46160000562667847, 0.45500001311302185, 0.46540001034736633, 0.46070000529289246, 0.47589999437332153, 0.4731999933719635, 0.5600000023841858, 0.5128999948501587, 0.5917999744415283, 0.5805000066757202, 0.5687000155448914, 0.5914000272750854, 0.5952000021934509, 0.6158999800682068, 0.5947999954223633, 0.6021999716758728, 0.611299991607666, 0.618399977684021, 0.5680000185966492, 0.6668000221252441, 0.6585999727249146, 0.6559000015258789, 0.6496000289916992, 0.6765000224113464, 0.6762999892234802, 0.6830999851226807, 0.7017999887466431, 0.696399986743927, 0.6935999989509583, 0.6935999989509583, 0.6917999982833862, 0.6953999996185303, 0.7009999752044678, 0.7085000276565552, 0.7085999846458435, 0.6967999935150146, 0.7035999894142151, 0.7102000117301941, 0.7085000276565552, 0.7095999717712402, 0.7095999717712402, 0.7135000228881836, 0.7117999792098999, 0.7128999829292297, 0.7139999866485596, 0.7128999829292297, 0.7096999883651733, 0.7134000062942505, 0.7142000198364258, 0.715399980545044, 0.7138000130653381, 0.7148000001907349, 0.7138000130653381, 0.713699996471405, 0.7120000123977661, 0.7123000025749207, 0.7131999731063843, 0.7139000296592712, 0.7117000222206116, 0.7134000062942505, 0.7131999731063843, 0.7135999798774719, 0.7128000259399414, 0.7128999829292297, 0.7131999731063843]","[6.077287197113037, 3.427727460861206, 3.3373987674713135, 3.1133384704589844, 2.72194504737854, 2.419367551803589, 2.452239513397217, 2.445647716522217, 2.5606772899627686, 2.4823505878448486, 2.5769927501678467, 2.1213173866271973, 2.429658889770508, 1.9252896308898926, 1.996625542640686, 2.045553207397461, 1.927612543106079, 1.9795050621032715, 1.8683583736419678, 1.973132848739624, 1.9247792959213257, 1.9051131010055542, 1.925551176071167, 2.1298811435699463, 1.677172064781189, 1.7253117561340332, 1.7375479936599731, 1.816108226776123, 1.6999013423919678, 1.7151271104812622, 1.6764429807662964, 1.5964012145996094, 1.6292229890823364, 1.6563501358032227, 1.644809365272522, 1.6764038801193237, 1.6434820890426636, 1.635051965713501, 1.6169759035110474, 1.6430355310440063, 1.6961272954940796, 1.6666829586029053, 1.6453869342803955, 1.6554392576217651, 1.6630902290344238, 1.6521570682525635, 1.635888934135437, 1.651640772819519, 1.660323977470398, 1.670608401298523, 1.6626099348068237, 1.6775810718536377, 1.671195149421692, 1.6698673963546753, 1.671928882598877, 1.6766284704208374, 1.6760808229446411, 1.674491047859192, 1.6785175800323486, 1.6818859577178955, 1.6803820133209229, 1.681082010269165, 1.6775214672088623, 1.6863383054733276, 1.6791924238204956, 1.6864221096038818, 1.679567575454712, 1.6878362894058228, 1.6852085590362549, 1.6792558431625366]",0.7131999731063843,,700888940,,3806500,,,,,"[20, 2, 26, 30, 24, 6, 54, 42]",0.0,0.0,0.125,0,27,0,400,0.0,0.0675,False,BEST,0.95,True,True,"[[83  0  0 ...  0  0  0]
 [ 0 83  0 ...  0  0  0]
 [ 0  0 61 ...  0  1  1]
 ...
 [ 0  0  0 ... 71  1  0]
 [ 1  0  4 ...  0 48  0]
 [ 0  0  1 ...  0  0 68]]",0.7132,0.725862508,0.7132,0.71484052,13
BBPUOH[M][M][M][M][M][M],,27,20,13,True,True,"[14, 19, 23, 52, 17, 20, 28, 39]",[],"[{'INP': 32}, {'CONV': [64, 3]}, ({'CONV': [32, 5]}, {'CONV': [256, 3]}), ({'CONV': [64, 3]}, {'CONV': [64, 5]}, {'POOLMAX': [-1, 2]}), ({'CONV': [64, 3]}, {'CONV': [256, 5]}), ({'CONV': [256, 3]}, {'CONV': [128, 3]}, {'POOLMAX': [-1, 2]}), ({'CONV': [64, 3]}, {'CONV': [32, 5]}), ({'CONV': [64, 3]}, {'CONV': [128, 3]}, {'POOLMAX': [-1, 2]}), ({'CONV': [64, 5]}, {'CONV': [128, 3]}), ({'CONV': [128, 3]}, {'CONV': [256, 5]}, {'POOLMAX': [-1, 2]}), {'GLOBAL_AVG': None}, {'LAST_DENSE': [100, 'softmax']}]",NONE,MPAR,GA,70,"[0.14810000360012054, 0.1899999976158142, 0.28679999709129333, 0.289900004863739, 0.40369999408721924, 0.41029998660087585, 0.43689998984336853, 0.44679999351501465, 0.4977000057697296, 0.42719998955726624, 0.4706000089645386, 0.49059998989105225, 0.49079999327659607, 0.5181000232696533, 0.49470001459121704, 0.5299000144004822, 0.5188000202178955, 0.4945000112056732, 0.5878999829292297, 0.5205000042915344, 0.503600001335144, 0.5810999870300293, 0.5511000156402588, 0.579800009727478, 0.6333000063896179, 0.6319000124931335, 0.6449000239372253, 0.6427000164985657, 0.6358000040054321, 0.6453999876976013, 0.6377999782562256, 0.6459000110626221, 0.6344000101089478, 0.6486999988555908, 0.6571999788284302, 0.6111999750137329, 0.6545000076293945, 0.6478000283241272, 0.6373000144958496, 0.6394000053405762, 0.6877999901771545, 0.6722000241279602, 0.6769000291824341, 0.6890000104904175, 0.6798999905586243, 0.6777999997138977, 0.6847000122070312, 0.6973000168800354, 0.7059000134468079, 0.6970999836921692, 0.6976000070571899, 0.6987000107765198, 0.6969000101089478, 0.7021999955177307, 0.7002000212669373, 0.707099974155426, 0.7056999802589417, 0.7057999968528748, 0.7077999711036682, 0.7121999859809875, 0.7077000141143799, 0.7129999995231628, 0.7053999900817871, 0.7074000239372253, 0.7085000276565552, 0.7092000246047974, 0.7096999883651733, 0.7120000123977661, 0.7099000215530396, 0.7103999853134155]","[3.888838291168213, 3.6294429302215576, 3.1990768909454346, 3.3454995155334473, 2.664637804031372, 2.6851229667663574, 2.570509195327759, 2.552600622177124, 2.318990468978882, 3.2433958053588867, 2.498195171356201, 2.4852349758148193, 2.5799338817596436, 2.2985966205596924, 2.4886550903320312, 2.244791030883789, 2.3344836235046387, 2.74916934967041, 2.0222837924957275, 2.3546268939971924, 2.4379966259002686, 2.1205272674560547, 2.2486419677734375, 2.0971555709838867, 1.8302295207977295, 1.8741984367370605, 1.7753881216049194, 1.822495460510254, 1.8571697473526, 1.765846848487854, 1.839105248451233, 1.7536958456039429, 1.8530572652816772, 1.7715892791748047, 1.748416543006897, 2.0193114280700684, 1.767991542816162, 1.8219562768936157, 1.8040539026260376, 1.8715027570724487, 1.645684003829956, 1.7033507823944092, 1.7238869667053223, 1.6495927572250366, 1.6861894130706787, 1.6930099725723267, 1.6777830123901367, 1.630802035331726, 1.6069989204406738, 1.64689040184021, 1.6347886323928833, 1.639739990234375, 1.659226894378662, 1.6287120580673218, 1.6421855688095093, 1.6230968236923218, 1.6340128183364868, 1.6422730684280396, 1.6149344444274902, 1.6158735752105713, 1.6390876770019531, 1.6099908351898193, 1.639150619506836, 1.6325429677963257, 1.6397583484649658, 1.6273587942123413, 1.6266061067581177, 1.6184077262878418, 1.6311676502227783, 1.621768593788147]",0.7103999853134155,,2663287020,,6198820,,,,,"[14, 19, 23, 52, 17, 20, 27, 39]",0.0,0.0,0.125,0,26,0,400,0.0,0.065,False,BEST,0.75,True,True,"[[83  0  0 ...  0  0  0]
 [ 0 85  0 ...  0  0  0]
 [ 0  0 58 ...  0  1  0]
 ...
 [ 0  0  0 ... 77  0  0]
 [ 0  0  4 ...  0 48  0]
 [ 0  0  1 ...  0  0 71]]",0.7102,0.720620692,0.7102,0.710792159,37
BALSCP,,28,20,1,False,False,"[62, 55, 0, 6, 9, 56, 39, 22]",[],"[{'INP': 32}, {'CONV': [64, 3]}, ({'CONV': [256, 5]}, {'CONV': [256, 3]}), ({'CONV': [256, 3]}, {'CONV': [256, 5]}, {'POOLMAX': [-1, 2]}), ({'CONV': [32, 3]}, {'CONV': [32, 3]}), ({'CONV': [32, 3]}, {'CONV': [256, 3]}, {'POOLMAX': [-1, 2]}), ({'CONV': [32, 5]}, {'CONV': [32, 5]}), ({'CONV': [256, 5]}, {'CONV': [32, 3]}, {'POOLMAX': [-1, 2]}), ({'CONV': [128, 3]}, {'CONV': [256, 5]}), ({'CONV': [64, 3]}, {'CONV': [256, 3]}, {'POOLMAX': [-1, 2]}), {'GLOBAL_AVG': None}, {'LAST_DENSE': [100, 'softmax']}]",NONE,MPAR,GA,70,"[0.10809999704360962, 0.2433999925851822, 0.30079999566078186, 0.3264999985694885, 0.41620001196861267, 0.43389999866485596, 0.4172999858856201, 0.42800000309944153, 0.44929999113082886, 0.4828999936580658, 0.4832000136375427, 0.5199000239372253, 0.4830999970436096, 0.517300009727478, 0.5300999879837036, 0.5418999791145325, 0.5309000015258789, 0.5519999861717224, 0.5083000063896179, 0.49160000681877136, 0.5184999704360962, 0.6133000254631042, 0.6280999779701233, 0.5957000255584717, 0.6496000289916992, 0.6471999883651733, 0.6183000206947327, 0.5964000225067139, 0.6417999863624573, 0.6060000061988831, 0.6682999730110168, 0.6601999998092651, 0.6865000128746033, 0.6556000113487244, 0.6690000295639038, 0.6658999919891357, 0.6801000237464905, 0.6682999730110168, 0.6962000131607056, 0.6886000037193298, 0.6826000213623047, 0.6977999806404114, 0.6916999816894531, 0.6952999830245972, 0.7050999999046326, 0.70660001039505, 0.7027999758720398, 0.7010999917984009, 0.7089999914169312, 0.7074000239372253, 0.7103000283241272, 0.708899974822998, 0.7063000202178955, 0.7053999900817871, 0.7117000222206116, 0.7085000276565552, 0.7073000073432922, 0.7084000110626221, 0.708299994468689, 0.707099974155426, 0.7123000025749207, 0.7092000246047974, 0.7106999754905701, 0.7121000289916992, 0.7116000056266785, 0.7081999778747559, 0.7107999920845032, 0.7111999988555908, 0.7096999883651733, 0.7113000154495239]","[4.422125816345215, 3.422071933746338, 3.111422538757324, 3.2050931453704834, 2.768343687057495, 2.616626739501953, 2.7763919830322266, 2.730712413787842, 2.9754045009613037, 2.53835129737854, 2.481294631958008, 2.396256446838379, 2.589246988296509, 2.3886590003967285, 2.4599664211273193, 2.2591328620910645, 2.3911731243133545, 2.2905795574188232, 2.549375295639038, 2.7213141918182373, 2.5461246967315674, 1.988277554512024, 1.9060786962509155, 2.0813775062561035, 1.8163726329803467, 1.8181513547897339, 1.999704122543335, 2.133265733718872, 1.8385648727416992, 2.07574725151062, 1.7801746129989624, 1.8085236549377441, 1.6995632648468018, 1.810564398765564, 1.7798701524734497, 1.8369985818862915, 1.7067369222640991, 1.8136365413665771, 1.6658920049667358, 1.7215330600738525, 1.757434606552124, 1.678515076637268, 1.6965359449386597, 1.720048189163208, 1.654831051826477, 1.652932047843933, 1.6846082210540771, 1.701461911201477, 1.658216953277588, 1.6808226108551025, 1.6894264221191406, 1.704175591468811, 1.6917816400527954, 1.7065601348876953, 1.6749322414398193, 1.7032581567764282, 1.7014853954315186, 1.7001891136169434, 1.6989084482192993, 1.70682692527771, 1.6962023973464966, 1.7094885110855103, 1.711183786392212, 1.7029389142990112, 1.7001179456710815, 1.7198097705841064, 1.717817783355713, 1.7090095281600952, 1.7030941247940063, 1.712092399597168]",0.7113000154495239,,1816773484,,7233828,,,,,,-1.0,-1.0,-1.0,0,7,0,400,0.0,0.0175,False,BEST,0.85,True,True,"[[85  0  0 ...  0  0  0]
 [ 0 88  0 ...  0  0  0]
 [ 0  0 57 ...  0  2  0]
 ...
 [ 0  0  0 ... 74  0  0]
 [ 0  0  3 ...  0 43  0]
 [ 0  0  0 ...  0  0 71]]",0.7114,0.722576369,0.7114,0.712144709,20
BAURIF[M][M][M][M][M][M],,29,20,10,True,True,"[37, 50, 4, 34, 46, 38, 13, 31]",[],"[{'INP': 32}, {'CONV': [64, 3]}, ({'CONV': [128, 3]}, {'CONV': [128, 5]}), ({'CONV': [256, 3]}, {'CONV': [64, 3]}, {'POOLMAX': [-1, 2]}), ({'CONV': [32, 3]}, {'CONV': [128, 3]}), ({'CONV': [128, 3]}, {'CONV': [64, 3]}, {'POOLMAX': [-1, 2]}), ({'CONV': [128, 5]}, {'CONV': [256, 3]}), ({'CONV': [128, 3]}, {'CONV': [256, 3]}, {'POOLMAX': [-1, 2]}), ({'CONV': [32, 5]}, {'CONV': [128, 5]}), ({'CONV': [64, 5]}, {'CONV': [256, 5]}, {'POOLMAX': [-1, 2]}), {'GLOBAL_AVG': None}, {'LAST_DENSE': [100, 'softmax']}]",NONE,MPAR,GA,70,"[0.08380000293254852, 0.16609999537467957, 0.30169999599456787, 0.3181999921798706, 0.40799999237060547, 0.34130001068115234, 0.44760000705718994, 0.48730000853538513, 0.45730000734329224, 0.5127000212669373, 0.5099999904632568, 0.49380001425743103, 0.5274999737739563, 0.5238000154495239, 0.534600019454956, 0.48539999127388, 0.5575000047683716, 0.5291000008583069, 0.49000000953674316, 0.5425999760627747, 0.5873000025749207, 0.5011000037193298, 0.5652999877929688, 0.597599983215332, 0.5834000110626221, 0.4936999976634979, 0.5511999726295471, 0.5582000017166138, 0.5716999769210815, 0.6294000148773193, 0.6292999982833862, 0.6370000243186951, 0.6355999708175659, 0.6319000124931335, 0.6449000239372253, 0.61080002784729, 0.6349999904632568, 0.6420999765396118, 0.6301000118255615, 0.6571999788284302, 0.6299999952316284, 0.6570000052452087, 0.64410001039505, 0.6366999745368958, 0.6326000094413757, 0.6933000087738037, 0.6819000244140625, 0.6668000221252441, 0.6797000169754028, 0.6843000054359436, 0.677299976348877, 0.699400007724762, 0.6887999773025513, 0.6854000091552734, 0.6974999904632568, 0.6915000081062317, 0.6927000284194946, 0.6973999738693237, 0.7023000121116638, 0.701200008392334, 0.6963000297546387, 0.6988000273704529, 0.7028999924659729, 0.7027000188827515, 0.7017999887466431, 0.6991999745368958, 0.7020000219345093, 0.7008000016212463, 0.7024000287055969, 0.7028999924659729]","[4.506391525268555, 4.023248195648193, 3.0745673179626465, 3.1262714862823486, 2.591649293899536, 3.0584709644317627, 2.4874260425567627, 2.338684558868408, 2.4828951358795166, 2.298494577407837, 2.293759822845459, 2.412236213684082, 2.28177809715271, 2.3188352584838867, 2.233264446258545, 2.553619623184204, 2.1821653842926025, 2.3760297298431396, 2.631208896636963, 2.2915258407592773, 2.0678651332855225, 2.4530067443847656, 2.1584906578063965, 2.003706932067871, 2.117978572845459, 2.558212995529175, 2.341041326522827, 2.3233470916748047, 2.1933043003082275, 1.955778956413269, 1.9371074438095093, 1.9386810064315796, 1.8899825811386108, 1.9184808731079102, 1.8366626501083374, 1.9885386228561401, 1.884374976158142, 1.8390730619430542, 1.929753303527832, 1.7967013120651245, 1.9468923807144165, 1.822312831878662, 1.9113274812698364, 1.8755836486816406, 1.9305437803268433, 1.6808797121047974, 1.7690964937210083, 1.8015121221542358, 1.7333959341049194, 1.7312757968902588, 1.7732093334197998, 1.6799490451812744, 1.730116367340088, 1.7587525844573975, 1.716456413269043, 1.7554961442947388, 1.736268401145935, 1.7287023067474365, 1.7101647853851318, 1.706732988357544, 1.7595056295394897, 1.7300649881362915, 1.7013591527938843, 1.7256544828414917, 1.724433183670044, 1.749847412109375, 1.7359263896942139, 1.740330457687378, 1.7209351062774658, 1.7333775758743286]",0.7028999924659729,,1654733356,,5470628,,,,,"[37, 50, 4, 34, 46, 38, 12, 31]",0.0,0.0,0.125,0,27,0,400,0.0,0.0675,False,BEST,0.95,True,True,"[[82  0  0 ...  0  0  0]
 [ 0 81  1 ...  0  0  0]
 [ 0  1 54 ...  0  1  0]
 ...
 [ 0  0  0 ... 69  0  0]
 [ 0  0  6 ...  0 52  0]
 [ 0  0  1 ...  0  0 76]]",0.7029,0.716662986,0.7029,0.704430014,156
BKJZEH[M][M][M][M][M],,30,20,7,True,True,"[14, 34, 2, 2, 34, 54, 13, 4]",[],"[{'INP': 32}, {'CONV': [64, 3]}, ({'CONV': [32, 5]}, {'CONV': [256, 3]}), ({'CONV': [128, 3]}, {'CONV': [64, 3]}, {'POOLMAX': [-1, 2]}), ({'CONV': [32, 3]}, {'CONV': [64, 3]}), ({'CONV': [32, 3]}, {'CONV': [64, 3]}, {'POOLMAX': [-1, 2]}), ({'CONV': [128, 3]}, {'CONV': [64, 3]}), ({'CONV': [256, 3]}, {'CONV': [256, 3]}, {'POOLMAX': [-1, 2]}), ({'CONV': [32, 5]}, {'CONV': [128, 5]}), ({'CONV': [32, 3]}, {'CONV': [128, 3]}, {'POOLMAX': [-1, 2]}), {'GLOBAL_AVG': None}, {'LAST_DENSE': [100, 'softmax']}]",NONE,MPAR,GA,70,"[0.09040000289678574, 0.2004999965429306, 0.34630000591278076, 0.36090001463890076, 0.4293999969959259, 0.31299999356269836, 0.3878999948501587, 0.41429999470710754, 0.46480000019073486, 0.4878000020980835, 0.4625000059604645, 0.4343999922275543, 0.534500002861023, 0.4740999937057495, 0.4900999963283539, 0.5138999819755554, 0.5842000246047974, 0.5335000157356262, 0.5364000201225281, 0.48660001158714294, 0.5637999773025513, 0.5236999988555908, 0.6399999856948853, 0.6172000169754028, 0.5952000021934509, 0.614300012588501, 0.5590000152587891, 0.6140000224113464, 0.6640999913215637, 0.6603999733924866, 0.6769999861717224, 0.6807000041007996, 0.6769999861717224, 0.6549000144004822, 0.6672999858856201, 0.6791999936103821, 0.6751999855041504, 0.6976000070571899, 0.6887000203132629, 0.6894000172615051, 0.6830999851226807, 0.6841999888420105, 0.6958000063896179, 0.7013000249862671, 0.6995999813079834, 0.6958000063896179, 0.7008000016212463, 0.6983000040054321, 0.7028999924659729, 0.7056999802589417, 0.7010999917984009, 0.7006000280380249, 0.7038000226020813, 0.7039999961853027, 0.7067000269889832, 0.7024000287055969, 0.7059999704360962, 0.7050999999046326, 0.7050999999046326, 0.7037000060081482, 0.7062000036239624, 0.7046999931335449, 0.7064999938011169, 0.7059999704360962, 0.7063000202178955, 0.7067000269889832, 0.7077999711036682, 0.7070000171661377, 0.70660001039505, 0.7067000269889832]","[4.285135746002197, 3.8946609497070312, 2.8310961723327637, 2.8837130069732666, 2.548973560333252, 3.6494336128234863, 2.875631093978882, 2.7721829414367676, 2.46860933303833, 2.4169695377349854, 2.557727813720703, 2.7547245025634766, 2.2346882820129395, 2.6529769897460938, 2.503410577774048, 2.430760622024536, 2.044625997543335, 2.272524118423462, 2.2576143741607666, 2.6224899291992188, 2.1275579929351807, 2.3667938709259033, 1.8406068086624146, 1.9202601909637451, 2.077439069747925, 1.9204144477844238, 2.3502233028411865, 1.9415124654769897, 1.675628900527954, 1.6933581829071045, 1.628278136253357, 1.6131888628005981, 1.6457470655441284, 1.7506150007247925, 1.6640396118164062, 1.6144884824752808, 1.624154806137085, 1.5229090452194214, 1.5633045434951782, 1.6010524034500122, 1.6113677024841309, 1.5962538719177246, 1.5595622062683105, 1.5394355058670044, 1.5480560064315796, 1.5525553226470947, 1.550872802734375, 1.5443402528762817, 1.5439459085464478, 1.5242148637771606, 1.5336081981658936, 1.5459415912628174, 1.5278939008712769, 1.5350916385650635, 1.5303380489349365, 1.5518008470535278, 1.5318535566329956, 1.5462169647216797, 1.54245924949646, 1.545482873916626, 1.5437418222427368, 1.5416507720947266, 1.5417311191558838, 1.533212661743164, 1.540022850036621, 1.5393670797348022, 1.5297173261642456, 1.5342003107070923, 1.5378317832946777, 1.5378072261810303]",0.7067000269889832,,1529918892,,5498532,,,,,"[14, 34, 2, 2, 34, 54, 12, 4]",0.0,0.0,0.125,0,25,0,400,0.0,0.0625,False,BEST,0.15,True,True,"[[86  0  0 ...  0  0  0]
 [ 0 83  0 ...  0  0  0]
 [ 0  0 65 ...  0  2  0]
 ...
 [ 0  0  0 ... 70  0  0]
 [ 0  0  5 ...  0 49  0]
 [ 0  0  1 ...  0  0 75]]",0.7067,0.719331959,0.7067,0.707340427,127
BFQLER[M][M][M][M][M][M][M][M],,1,20,19,True,True,"[42, 34, 27, 58, 62, 37, 5, 55]",[],"[{'INP': 32}, {'CONV': [64, 3]}, ({'CONV': [128, 5]}, {'CONV': [64, 3]}), ({'CONV': [128, 3]}, {'CONV': [64, 3]}, {'POOLMAX': [-1, 2]}), ({'CONV': [64, 5]}, {'CONV': [64, 5]}), ({'CONV': [256, 5]}, {'CONV': [64, 3]}, {'POOLMAX': [-1, 2]}), ({'CONV': [256, 5]}, {'CONV': [256, 3]}), ({'CONV': [128, 3]}, {'CONV': [128, 5]}, {'POOLMAX': [-1, 2]}), ({'CONV': [32, 3]}, {'CONV': [128, 5]}), ({'CONV': [256, 3]}, {'CONV': [256, 5]}, {'POOLMAX': [-1, 2]}), {'GLOBAL_AVG': None}, {'LAST_DENSE': [100, 'softmax']}]",NONE,MSWAP,GA,70,"[0.10329999774694443, 0.21570000052452087, 0.2897000014781952, 0.3781999945640564, 0.3880999982357025, 0.37720000743865967, 0.39570000767707825, 0.4343000054359436, 0.4433000087738037, 0.47620001435279846, 0.45260000228881836, 0.4885999858379364, 0.4634999930858612, 0.4674000144004822, 0.535099983215332, 0.49480000138282776, 0.5408999919891357, 0.5292999744415283, 0.5357999801635742, 0.4945000112056732, 0.5432999730110168, 0.486299991607666, 0.5360000133514404, 0.5494999885559082, 0.5699999928474426, 0.5828999876976013, 0.5680000185966492, 0.5552999973297119, 0.573199987411499, 0.5666000247001648, 0.572700023651123, 0.630299985408783, 0.619700014591217, 0.6256999969482422, 0.633899986743927, 0.6401000022888184, 0.6053000092506409, 0.6287999749183655, 0.611299991607666, 0.6226999759674072, 0.6406999826431274, 0.6234999895095825, 0.6492999792098999, 0.6560999751091003, 0.6194000244140625, 0.6431999802589417, 0.651199996471405, 0.6233999729156494, 0.6324999928474426, 0.6784999966621399, 0.6722000241279602, 0.6855999827384949, 0.6743999719619751, 0.6753000020980835, 0.6620000004768372, 0.6712999939918518, 0.6762999892234802, 0.6875, 0.6902999877929688, 0.6897000074386597, 0.6887000203132629, 0.6877999901771545, 0.6837000250816345, 0.6869999766349792, 0.691100001335144, 0.6960999965667725, 0.6952999830245972, 0.6945000290870667, 0.6984000205993652, 0.7013999819755554]","[4.1242852210998535, 3.5574264526367188, 3.132626533508301, 2.7538981437683105, 2.7086069583892822, 2.894479274749756, 2.719741106033325, 2.656223773956299, 2.565314292907715, 2.3854691982269287, 2.607290506362915, 2.388170003890991, 2.547837018966675, 2.5792722702026367, 2.2198586463928223, 2.490513324737549, 2.211660146713257, 2.286681890487671, 2.247454881668091, 2.544292688369751, 2.207202434539795, 2.7128562927246094, 2.2887794971466064, 2.199256420135498, 2.119866371154785, 2.0914735794067383, 2.2042949199676514, 2.291224479675293, 2.181645631790161, 2.1664044857025146, 2.176522970199585, 1.896484613418579, 1.9321906566619873, 1.898805022239685, 1.8684269189834595, 1.8355015516281128, 2.0493123531341553, 1.9208911657333374, 1.9981378316879272, 1.868490219116211, 1.8089845180511475, 1.936427116394043, 1.7906644344329834, 1.7678673267364502, 1.9703474044799805, 1.8546271324157715, 1.8022733926773071, 1.9688142538070679, 1.9028998613357544, 1.6980558633804321, 1.727169156074524, 1.6781009435653687, 1.7014572620391846, 1.7246580123901367, 1.7936216592788696, 1.8016986846923828, 1.7369097471237183, 1.6828656196594238, 1.648167610168457, 1.695199966430664, 1.6656415462493896, 1.719226598739624, 1.7292126417160034, 1.7164132595062256, 1.6878098249435425, 1.677356243133545, 1.6990584135055542, 1.7012724876403809, 1.6850796937942505, 1.6619046926498413]",0.7013999819755554,,826031980,,5634340,,,,,"[42, 34, 58, 27, 62, 37, 5, 55]",0.0,0.0,0.25,0,32,0,400,0.0,0.08,False,BEST,0.75,True,True,"[[84  0  0 ...  0  0  0]
 [ 0 83  0 ...  0  0  0]
 [ 0  0 63 ...  0  1  0]
 ...
 [ 0  0  0 ... 73  0  0]
 [ 0  0  2 ...  0 51  0]
 [ 0  0  1 ...  0  0 74]]",0.7015,0.7142101,0.7015,0.702626381,117
BKCJWF[M][M][M][M][M][M],,2,20,10,True,True,"[27, 13, 26, 20, 10, 6, 54, 4]",[],"[{'INP': 32}, {'CONV': [64, 3]}, ({'CONV': [64, 5]}, {'CONV': [64, 5]}), ({'CONV': [32, 5]}, {'CONV': [128, 5]}, {'POOLMAX': [-1, 2]}), ({'CONV': [64, 5]}, {'CONV': [64, 3]}), ({'CONV': [64, 3]}, {'CONV': [128, 3]}, {'POOLMAX': [-1, 2]}), ({'CONV': [32, 5]}, {'CONV': [64, 3]}), ({'CONV': [32, 3]}, {'CONV': [256, 3]}, {'POOLMAX': [-1, 2]}), ({'CONV': [256, 3]}, {'CONV': [256, 3]}), ({'CONV': [32, 3]}, {'CONV': [128, 3]}, {'POOLMAX': [-1, 2]}), {'GLOBAL_AVG': None}, {'LAST_DENSE': [100, 'softmax']}]",NONE,MSWAP,GA,70,"[0.14059999585151672, 0.18970000743865967, 0.2630999982357025, 0.3370000123977661, 0.3434999883174896, 0.40709999203681946, 0.38339999318122864, 0.4620000123977661, 0.4327999949455261, 0.4772999882698059, 0.4690999984741211, 0.47620001435279846, 0.5019000172615051, 0.41600000858306885, 0.5501999855041504, 0.5252000093460083, 0.546500027179718, 0.5669000148773193, 0.5370000004768372, 0.47589999437332153, 0.5647000074386597, 0.5546000003814697, 0.5522000193595886, 0.6061999797821045, 0.6403999924659729, 0.6154999732971191, 0.6525999903678894, 0.6402000188827515, 0.6322000026702881, 0.6327000260353088, 0.5976999998092651, 0.635200023651123, 0.6517999768257141, 0.6646999716758728, 0.6675999760627747, 0.6559000015258789, 0.6722000241279602, 0.6685000061988831, 0.6581000089645386, 0.6783000230789185, 0.6531000137329102, 0.6704000234603882, 0.6779999732971191, 0.6980999708175659, 0.6858000159263611, 0.6938999891281128, 0.682699978351593, 0.6796000003814697, 0.6894000172615051, 0.6894999742507935, 0.6951000094413757, 0.6953999996185303, 0.695900022983551, 0.6931999921798706, 0.6916999816894531, 0.6922000050544739, 0.6927000284194946, 0.6974999904632568, 0.6916999816894531, 0.6969000101089478, 0.6953999996185303, 0.6963000297546387, 0.6995000243186951, 0.6966999769210815, 0.6955000162124634, 0.6947000026702881, 0.6973000168800354, 0.6980000138282776, 0.698199987411499, 0.6969000101089478]","[3.942997694015503, 3.9859323501586914, 3.321190595626831, 2.9141807556152344, 2.9246315956115723, 2.7168471813201904, 2.843628168106079, 2.486157178878784, 2.70222544670105, 2.4654548168182373, 2.5159032344818115, 2.4844493865966797, 2.3618199825286865, 2.8684630393981934, 2.169447660446167, 2.3012657165527344, 2.1975157260894775, 2.063976526260376, 2.2572827339172363, 2.586653470993042, 2.1450023651123047, 2.2091307640075684, 2.2344183921813965, 1.9621827602386475, 1.7720344066619873, 1.8774757385253906, 1.7324341535568237, 1.7934658527374268, 1.8228055238723755, 1.8050634860992432, 1.9843318462371826, 1.8353708982467651, 1.7210733890533447, 1.7039908170700073, 1.666270136833191, 1.7500808238983154, 1.658182978630066, 1.6710257530212402, 1.7796646356582642, 1.6654293537139893, 1.7740169763565063, 1.7070049047470093, 1.6767224073410034, 1.6050498485565186, 1.628720760345459, 1.5983117818832397, 1.670506238937378, 1.6852473020553589, 1.6569744348526, 1.6534970998764038, 1.59901762008667, 1.6028531789779663, 1.6349234580993652, 1.6640527248382568, 1.6686675548553467, 1.6729806661605835, 1.6528571844100952, 1.6471806764602661, 1.675527572631836, 1.65669584274292, 1.66092848777771, 1.651565432548523, 1.649044156074524, 1.6614019870758057, 1.6661832332611084, 1.6716443300247192, 1.6606696844100952, 1.6559725999832153, 1.6636507511138916, 1.6635279655456543]",0.6969000101089478,,1794661292,,7363236,,,,,"[27, 26, 13, 20, 10, 6, 54, 4]",0.0,0.0,0.25,0,20,0,400,0.0,0.05,False,BEST,0.7,True,True,"[[84  0  0 ...  0  0  0]
 [ 0 85  0 ...  0  0  0]
 [ 1  0 62 ...  0  1  0]
 ...
 [ 0  0  0 ... 71  0  0]
 [ 0  0  1 ...  0 48  0]
 [ 0  0  0 ...  0  0 72]]",0.6969,0.707799728,0.6969,0.697574049,119
BODZJD[M][M][M][M][M][M][M][M],,3,20,14,True,True,"[11, 27, 11, 12, 51, 54, 5, 22]",[],"[{'INP': 32}, {'CONV': [64, 3]}, ({'CONV': [32, 5]}, {'CONV': [64, 5]}), ({'CONV': [64, 5]}, {'CONV': [64, 5]}, {'POOLMAX': [-1, 2]}), ({'CONV': [32, 5]}, {'CONV': [64, 5]}), ({'CONV': [32, 5]}, {'CONV': [128, 3]}, {'POOLMAX': [-1, 2]}), ({'CONV': [256, 3]}, {'CONV': [64, 5]}), ({'CONV': [256, 3]}, {'CONV': [256, 3]}, {'POOLMAX': [-1, 2]}), ({'CONV': [32, 3]}, {'CONV': [128, 5]}), ({'CONV': [64, 3]}, {'CONV': [256, 3]}, {'POOLMAX': [-1, 2]}), {'GLOBAL_AVG': None}, {'LAST_DENSE': [100, 'softmax']}]",NONE,MSWAP,GA,70,"[0.12839999794960022, 0.22689999639987946, 0.33709999918937683, 0.3248000144958496, 0.39430001378059387, 0.4219000041484833, 0.3813000023365021, 0.49880000948905945, 0.45010000467300415, 0.5309000015258789, 0.4593999981880188, 0.47200000286102295, 0.5242000222206116, 0.45820000767707825, 0.5317999720573425, 0.5819000005722046, 0.6014000177383423, 0.5964000225067139, 0.5446000099182129, 0.6140000224113464, 0.6007000207901001, 0.5942999720573425, 0.607200026512146, 0.618399977684021, 0.6021000146865845, 0.6180999875068665, 0.6065999865531921, 0.6028000116348267, 0.5835000276565552, 0.6557000279426575, 0.6725999712944031, 0.6421999931335449, 0.6478999853134155, 0.6650999784469604, 0.6589000225067139, 0.6730999946594238, 0.6759999990463257, 0.6762999892234802, 0.6872000098228455, 0.6762999892234802, 0.6808000206947327, 0.684499979019165, 0.6924999952316284, 0.683899998664856, 0.6894000172615051, 0.6935999989509583, 0.6861000061035156, 0.6909999847412109, 0.6909999847412109, 0.6930000185966492, 0.6858999729156494, 0.6933000087738037, 0.6945000290870667, 0.6891000270843506, 0.6931999921798706, 0.6947000026702881, 0.6930999755859375, 0.6941999793052673, 0.6929000020027161, 0.6955000162124634, 0.6935999989509583, 0.6930999755859375, 0.6942999958992004, 0.694100022315979, 0.6955999732017517, 0.6945000290870667, 0.6934999823570251, 0.6931999921798706, 0.6947000026702881, 0.6948000192642212]","[4.1115288734436035, 3.4460933208465576, 2.896845817565918, 3.0248823165893555, 2.707892417907715, 2.6310837268829346, 2.911874532699585, 2.3227767944335938, 2.497952461242676, 2.2006218433380127, 2.5381810665130615, 2.4497756958007812, 2.2886455059051514, 2.7119994163513184, 2.2738969326019287, 2.048987865447998, 1.9401935338974, 1.9235984086990356, 2.207801342010498, 1.8735287189483643, 1.9585453271865845, 1.9991146326065063, 1.9295483827590942, 1.8593952655792236, 1.9636962413787842, 1.8788414001464844, 1.923311710357666, 1.9625431299209595, 2.1098997592926025, 1.7197189331054688, 1.6481003761291504, 1.8792763948440552, 1.7887240648269653, 1.6967068910598755, 1.7634308338165283, 1.6922377347946167, 1.669803500175476, 1.7083595991134644, 1.6541982889175415, 1.7071658372879028, 1.663160800933838, 1.6697746515274048, 1.6366024017333984, 1.6787933111190796, 1.6587040424346924, 1.628738522529602, 1.673774003982544, 1.669947624206543, 1.7027373313903809, 1.670930027961731, 1.6920784711837769, 1.673561692237854, 1.6760586500167847, 1.6848257780075073, 1.6779506206512451, 1.6771506071090698, 1.6876260042190552, 1.6826649904251099, 1.6892482042312622, 1.6826716661453247, 1.687700629234314, 1.6910415887832642, 1.6917165517807007, 1.6896709203720093, 1.682139277458191, 1.6897066831588745, 1.694663643836975, 1.694448471069336, 1.6934771537780762, 1.6970157623291016]",0.6948000192642212,,787529452,,5412388,,,,,"[11, 11, 27, 5, 51, 54, 12, 22]",0.0,0.0,0.5,0,47,0,400,0.0,0.1175,False,BEST,0.85,True,True,"[[89  0  0 ...  0  0  0]
 [ 0 79  0 ...  0  0  0]
 [ 0  0 66 ...  0  0  0]
 ...
 [ 0  0  0 ... 69  0  0]
 [ 0  0  5 ...  0 46  0]
 [ 0  0  0 ...  0  0 71]]",0.6948,0.705500687,0.6948,0.695635644,13
BWLCKQ[M][M][M][M][M][M][M][M],,4,20,15,True,True,"[2, 11, 5, 15, 56, 38, 54, 22]",[],"[{'INP': 32}, {'CONV': [64, 3]}, ({'CONV': [32, 3]}, {'CONV': [64, 3]}), ({'CONV': [32, 5]}, {'CONV': [64, 5]}, {'POOLMAX': [-1, 2]}), ({'CONV': [32, 3]}, {'CONV': [128, 5]}), ({'CONV': [32, 5]}, {'CONV': [256, 5]}, {'POOLMAX': [-1, 2]}), ({'CONV': [256, 5]}, {'CONV': [32, 3]}), ({'CONV': [128, 3]}, {'CONV': [256, 3]}, {'POOLMAX': [-1, 2]}), ({'CONV': [256, 3]}, {'CONV': [256, 3]}), ({'CONV': [64, 3]}, {'CONV': [256, 3]}, {'POOLMAX': [-1, 2]}), {'GLOBAL_AVG': None}, {'LAST_DENSE': [100, 'softmax']}]",NONE,MSWAP,GA,70,"[0.09260000288486481, 0.186599999666214, 0.26010000705718994, 0.3628000020980835, 0.3328000009059906, 0.4302999973297119, 0.3853999972343445, 0.40130001306533813, 0.37439998984336853, 0.38760000467300415, 0.4293999969959259, 0.5692999958992004, 0.5436999797821045, 0.5636000037193298, 0.5830000042915344, 0.5809000134468079, 0.5674999952316284, 0.6161999702453613, 0.527899980545044, 0.5823000073432922, 0.5995000004768372, 0.5649999976158142, 0.5889000296592712, 0.6348000168800354, 0.6283000111579895, 0.6388999819755554, 0.650600016117096, 0.6376000046730042, 0.6557999849319458, 0.6292999982833862, 0.6425999999046326, 0.6567999720573425, 0.6801999807357788, 0.6693000197410583, 0.6761000156402588, 0.6743999719619751, 0.6858999729156494, 0.6678000092506409, 0.6851000189781189, 0.6869000196456909, 0.6930999755859375, 0.6919000148773193, 0.6902999877929688, 0.6912000179290771, 0.6837000250816345, 0.698199987411499, 0.6819999814033508, 0.6978999972343445, 0.6955999732017517, 0.6937999725341797, 0.6991000175476074, 0.6973000168800354, 0.6996999979019165, 0.6988999843597412, 0.7010999917984009, 0.6980999708175659, 0.695900022983551, 0.6987000107765198, 0.6966999769210815, 0.7020000219345093, 0.6977999806404114, 0.7013999819755554, 0.7002000212669373, 0.701200008392334, 0.7021999955177307, 0.703000009059906, 0.7023000121116638, 0.703499972820282, 0.703000009059906, 0.70169997215271]","[4.267523765563965, 3.6603453159332275, 3.2674403190612793, 2.875494956970215, 3.0001425743103027, 2.589836835861206, 2.9094529151916504, 2.8952200412750244, 3.578564405441284, 3.004438877105713, 2.7356672286987305, 2.017899990081787, 2.1433544158935547, 2.0516960620880127, 1.9637757539749146, 1.9578536748886108, 2.0234553813934326, 1.8337723016738892, 2.3807389736175537, 1.9710394144058228, 1.900238037109375, 2.061431407928467, 1.9722557067871094, 1.8358368873596191, 1.8264374732971191, 1.7662476301193237, 1.6764509677886963, 1.814501166343689, 1.7002038955688477, 1.851940631866455, 1.7595224380493164, 1.7225720882415771, 1.5978792905807495, 1.6497802734375, 1.6358554363250732, 1.6291977167129517, 1.5985491275787354, 1.7045998573303223, 1.6169604063034058, 1.5993919372558594, 1.588381052017212, 1.5762848854064941, 1.5926252603530884, 1.5898640155792236, 1.6230411529541016, 1.5848525762557983, 1.655349850654602, 1.5806556940078735, 1.5785601139068604, 1.6132384538650513, 1.5750283002853394, 1.5917842388153076, 1.5896302461624146, 1.589192271232605, 1.5821720361709595, 1.6004314422607422, 1.6197230815887451, 1.591780185699463, 1.6144802570343018, 1.594791054725647, 1.6305114030838013, 1.5955311059951782, 1.6057990789413452, 1.604341745376587, 1.603193998336792, 1.6131168603897095, 1.6083484888076782, 1.6057965755462646, 1.602064609527588, 1.6076751947402954]",0.70169997215271,,1711829932,,7762596,,,,,"[2, 11, 5, 56, 15, 38, 54, 22]",0.0,0.0,0.25,0,32,0,400,0.0,0.08,False,BEST,0.9,True,True,"[[87  0  0 ...  0  0  0]
 [ 0 81  0 ...  0  0  0]
 [ 0  0 59 ...  0  0  0]
 ...
 [ 0  0  0 ... 71  0  0]
 [ 0  0  1 ...  0 48  0]
 [ 0  0  0 ...  0  0 74]]",0.7017,0.71388705,0.7017,0.702892585,30
BDZECI[M][M][M][M][M][M][M][M],,5,20,13,True,True,"[14, 0, 29, 61, 33, 37, 51, 7]",[],"[{'INP': 32}, {'CONV': [64, 3]}, ({'CONV': [32, 5]}, {'CONV': [256, 3]}), ({'CONV': [32, 3]}, {'CONV': [32, 3]}, {'POOLMAX': [-1, 2]}), ({'CONV': [64, 5]}, {'CONV': [128, 5]}), ({'CONV': [256, 5]}, {'CONV': [128, 5]}, {'POOLMAX': [-1, 2]}), ({'CONV': [128, 3]}, {'CONV': [32, 5]}), ({'CONV': [128, 3]}, {'CONV': [128, 5]}, {'POOLMAX': [-1, 2]}), ({'CONV': [256, 3]}, {'CONV': [64, 5]}), ({'CONV': [32, 3]}, {'CONV': [256, 5]}, {'POOLMAX': [-1, 2]}), {'GLOBAL_AVG': None}, {'LAST_DENSE': [100, 'softmax']}]",NONE,MSWAP,GA,70,"[0.12479999661445618, 0.24799999594688416, 0.34779998660087585, 0.3424000144004822, 0.3587999939918518, 0.3492000102996826, 0.3986000120639801, 0.46709999442100525, 0.3765999972820282, 0.47510001063346863, 0.4887000024318695, 0.46380001306533813, 0.4961000084877014, 0.541700005531311, 0.5478000044822693, 0.5009999871253967, 0.4968000054359436, 0.4339999854564667, 0.5701000094413757, 0.499099999666214, 0.5667999982833862, 0.5594000220298767, 0.552299976348877, 0.5684000253677368, 0.5716000199317932, 0.550599992275238, 0.6265000104904175, 0.6312000155448914, 0.6295999884605408, 0.6444000005722046, 0.6543999910354614, 0.6276000142097473, 0.6563000082969666, 0.6287999749183655, 0.6541000008583069, 0.6525999903678894, 0.6550999879837036, 0.6420999765396118, 0.6557000279426575, 0.6496000289916992, 0.6822999715805054, 0.6845999956130981, 0.6973000168800354, 0.6758999824523926, 0.6848000288009644, 0.6710000038146973, 0.6869000196456909, 0.6915000081062317, 0.7045000195503235, 0.7013999819755554, 0.6991000175476074, 0.7024000287055969, 0.7077999711036682, 0.6990000009536743, 0.7121999859809875, 0.7089999914169312, 0.7177000045776367, 0.7117000222206116, 0.7172999978065491, 0.7106000185012817, 0.7139999866485596, 0.7142999768257141, 0.7157999873161316, 0.7170000076293945, 0.7146999835968018, 0.7146999835968018, 0.7146999835968018, 0.7193999886512756, 0.7197999954223633, 0.7181000113487244]","[4.14763069152832, 3.3107690811157227, 2.881164789199829, 3.0486462116241455, 3.0653653144836426, 3.2215170860290527, 2.8543286323547363, 2.5190179347991943, 3.1177444458007812, 2.5247678756713867, 2.576259136199951, 2.649730682373047, 2.5133466720581055, 2.3080155849456787, 2.2817490100860596, 2.5422072410583496, 2.5958871841430664, 3.058157444000244, 2.2041895389556885, 2.551365375518799, 2.2020621299743652, 2.3010315895080566, 2.3233108520507812, 2.307192802429199, 2.277635097503662, 2.356452465057373, 1.9866496324539185, 1.9168460369110107, 1.9475170373916626, 1.8786553144454956, 1.834268569946289, 2.097111940383911, 1.8185685873031616, 1.9548132419586182, 1.816660761833191, 1.8542357683181763, 1.8549792766571045, 1.9273685216903687, 1.8610687255859375, 1.8746922016143799, 1.771483063697815, 1.7421683073043823, 1.685977578163147, 1.8540143966674805, 1.752951979637146, 1.888575792312622, 1.78304123878479, 1.7470908164978027, 1.685341238975525, 1.7124085426330566, 1.7390953302383423, 1.7165793180465698, 1.6941478252410889, 1.7479979991912842, 1.6870404481887817, 1.7134153842926025, 1.6821870803833008, 1.7310394048690796, 1.7010926008224487, 1.750693917274475, 1.7284488677978516, 1.7377439737319946, 1.7118219137191772, 1.720953106880188, 1.7329801321029663, 1.7320176362991333, 1.7411494255065918, 1.7214347124099731, 1.7179769277572632, 1.7414544820785522]",0.7181000113487244,,1357033132,,6750372,,,,,"[14, 0, 29, 61, 37, 33, 51, 7]",0.0,0.0,0.25,0,29,0,400,0.0,0.0725,False,BEST,0.85,True,True,"[[86  0  0 ...  0  0  0]
 [ 0 84  0 ...  0  0  0]
 [ 0  0 60 ...  0  2  0]
 ...
 [ 0  0  0 ... 74  0  0]
 [ 0  1  5 ...  0 54  0]
 [ 0  0  0 ...  0  0 75]]",0.7181,0.728300939,0.7181,0.718780999,41
BDWZX[M][M][M][M][M][M][M][M][M][M][M][M],,6,20,18,True,True,"[25, 44, 23, 38, 11, 37, 47, 7]",[],"[{'INP': 32}, {'CONV': [64, 3]}, ({'CONV': [64, 5]}, {'CONV': [32, 5]}), ({'CONV': [128, 5]}, {'CONV': [128, 3]}, {'POOLMAX': [-1, 2]}), ({'CONV': [64, 3]}, {'CONV': [256, 5]}), ({'CONV': [128, 3]}, {'CONV': [256, 3]}, {'POOLMAX': [-1, 2]}), ({'CONV': [32, 5]}, {'CONV': [64, 5]}), ({'CONV': [128, 3]}, {'CONV': [128, 5]}, {'POOLMAX': [-1, 2]}), ({'CONV': [128, 5]}, {'CONV': [256, 5]}), ({'CONV': [32, 3]}, {'CONV': [256, 5]}, {'POOLMAX': [-1, 2]}), {'GLOBAL_AVG': None}, {'LAST_DENSE': [100, 'softmax']}]",NONE,MSWAP,GA,70,"[0.09549999982118607, 0.20739999413490295, 0.289000004529953, 0.3325999975204468, 0.335999995470047, 0.40860000252723694, 0.4235000014305115, 0.4147999882698059, 0.46639999747276306, 0.5152999758720398, 0.5005000233650208, 0.4498000144958496, 0.492900013923645, 0.5037999749183655, 0.548799991607666, 0.5501999855041504, 0.5049999952316284, 0.46639999747276306, 0.49129998683929443, 0.557200014591217, 0.5914000272750854, 0.6176000237464905, 0.6298999786376953, 0.6086000204086304, 0.6140000224113464, 0.6403999924659729, 0.657800018787384, 0.6050000190734863, 0.6126000285148621, 0.593500018119812, 0.6255999803543091, 0.616599977016449, 0.6640999913215637, 0.6845999956130981, 0.6718000173568726, 0.6643999814987183, 0.6685000061988831, 0.679099977016449, 0.6668999791145325, 0.6901000142097473, 0.6862000226974487, 0.6816999912261963, 0.6894000172615051, 0.6829000115394592, 0.694100022315979, 0.6970000267028809, 0.6947000026702881, 0.6930999755859375, 0.6929000020027161, 0.6962000131607056, 0.6970999836921692, 0.6960999965667725, 0.6966999769210815, 0.6945000290870667, 0.6988000273704529, 0.6969000101089478, 0.6991000175476074, 0.6995999813079834, 0.7006999850273132, 0.6998000144958496, 0.7032999992370605, 0.7020999789237976, 0.7017999887466431, 0.7024000287055969, 0.7008000016212463, 0.7024000287055969, 0.7006999850273132, 0.7014999985694885, 0.7009999752044678, 0.7020999789237976]","[4.215386867523193, 3.5354387760162354, 3.1768851280212402, 2.97294282913208, 3.004470109939575, 2.6840415000915527, 2.649188995361328, 2.72609543800354, 2.4962785243988037, 2.2532260417938232, 2.3298964500427246, 2.836848258972168, 2.437499523162842, 2.381122350692749, 2.1792633533477783, 2.2574801445007324, 2.430948257446289, 2.6486423015594482, 2.656618118286133, 2.1962685585021973, 2.068784475326538, 1.93411386013031, 1.8505504131317139, 1.943117380142212, 1.900408387184143, 1.7895461320877075, 1.69913649559021, 1.9815609455108643, 1.9363876581192017, 2.0565505027770996, 1.8752832412719727, 1.8923923969268799, 1.7051275968551636, 1.6244912147521973, 1.6939505338668823, 1.7739810943603516, 1.7386027574539185, 1.7012033462524414, 1.7177109718322754, 1.6263833045959473, 1.6761088371276855, 1.6967107057571411, 1.640128493309021, 1.666568398475647, 1.6397892236709595, 1.6353040933609009, 1.6507571935653687, 1.6702789068222046, 1.6675279140472412, 1.641969084739685, 1.6369950771331787, 1.6446622610092163, 1.661407470703125, 1.6746834516525269, 1.6590964794158936, 1.6454976797103882, 1.6496524810791016, 1.6539472341537476, 1.6536058187484741, 1.6545079946517944, 1.6438266038894653, 1.6445763111114502, 1.6525514125823975, 1.6493752002716064, 1.6490405797958374, 1.6453062295913696, 1.6494415998458862, 1.647196650505066, 1.6523758172988892, 1.650170922279358]",0.7020999789237976,,1262510700,,6576932,,,,,"[25, 37, 23, 38, 11, 44, 47, 7]",0.0,0.0,0.25,0,32,0,400,0.0,0.08,False,BEST,1.0,True,True,"[[81  0  0 ...  0  0  0]
 [ 0 78  0 ...  0  0  0]
 [ 0  0 61 ...  0  2  0]
 ...
 [ 0  0  0 ... 71  0  0]
 [ 0  0  2 ...  0 54  0]
 [ 0  0  1 ...  0  0 68]]",0.7023,0.715917639,0.7023,0.703585695,51
BCTMYH[M][M][M][M][M][M][M][M][M],,7,20,18,True,True,"[16, 30, 18, 38, 6, 20, 24, 39]",[],"[{'INP': 32}, {'CONV': [64, 3]}, ({'CONV': [64, 3]}, {'CONV': [32, 3]}), ({'CONV': [64, 5]}, {'CONV': [256, 3]}, {'POOLMAX': [-1, 2]}), ({'CONV': [64, 3]}, {'CONV': [64, 3]}), ({'CONV': [128, 3]}, {'CONV': [256, 3]}, {'POOLMAX': [-1, 2]}), ({'CONV': [32, 3]}, {'CONV': [256, 3]}), ({'CONV': [64, 3]}, {'CONV': [128, 3]}, {'POOLMAX': [-1, 2]}), ({'CONV': [64, 5]}, {'CONV': [32, 3]}), ({'CONV': [128, 3]}, {'CONV': [256, 5]}, {'POOLMAX': [-1, 2]}), {'GLOBAL_AVG': None}, {'LAST_DENSE': [100, 'softmax']}]",NONE,MSWAP,GA,70,"[0.1006999984383583, 0.20759999752044678, 0.28619998693466187, 0.3273000121116638, 0.3871999979019165, 0.32510000467300415, 0.35199999809265137, 0.4307999908924103, 0.4553999900817871, 0.4805999994277954, 0.4634999930858612, 0.4787999987602234, 0.4970000088214874, 0.49140000343322754, 0.5026000142097473, 0.49639999866485596, 0.49959999322891235, 0.48179998993873596, 0.6015999913215637, 0.5921000242233276, 0.5884000062942505, 0.6037999987602234, 0.6031000018119812, 0.6068000197410583, 0.6195999979972839, 0.6089000105857849, 0.5928999781608582, 0.6011999845504761, 0.5996000170707703, 0.6425999999046326, 0.6079999804496765, 0.6061999797821045, 0.6055999994277954, 0.621999979019165, 0.6082000136375427, 0.6647999882698059, 0.6570000052452087, 0.6498000025749207, 0.6589999794960022, 0.6567000150680542, 0.6549000144004822, 0.6772000193595886, 0.6797000169754028, 0.67330002784729, 0.6843000054359436, 0.6776000261306763, 0.675000011920929, 0.6791999936103821, 0.6762999892234802, 0.6721000075340271, 0.6833000183105469, 0.6820999979972839, 0.682699978351593, 0.6807000041007996, 0.6841999888420105, 0.6815999746322632, 0.6869000196456909, 0.6833000183105469, 0.6880999803543091, 0.6902999877929688, 0.6888999938964844, 0.6887000203132629, 0.6843000054359436, 0.6898999810218811, 0.6888999938964844, 0.6901999711990356, 0.6898000240325928, 0.6898999810218811, 0.6883999705314636, 0.6905999779701233]","[4.1804518699646, 3.4078776836395264, 3.0772106647491455, 2.858501672744751, 2.63399600982666, 3.062166690826416, 3.035435438156128, 2.6150498390197754, 2.483842134475708, 2.4492440223693848, 2.513322353363037, 2.419220447540283, 2.298590898513794, 2.4395968914031982, 2.364176034927368, 2.4844727516174316, 2.405348539352417, 2.531841278076172, 1.8944180011749268, 1.984072208404541, 1.9466238021850586, 1.8816190958023071, 1.880535364151001, 1.8625681400299072, 1.8096458911895752, 1.884661078453064, 1.9647883176803589, 1.980108618736267, 1.922909140586853, 1.7368779182434082, 1.908388614654541, 1.928383231163025, 1.9340466260910034, 1.8628159761428833, 1.918962836265564, 1.6741374731063843, 1.7006734609603882, 1.7704277038574219, 1.7182263135910034, 1.7166690826416016, 1.7175732851028442, 1.6193252801895142, 1.6426032781600952, 1.6765296459197998, 1.6086547374725342, 1.6418554782867432, 1.6427329778671265, 1.6210596561431885, 1.647756814956665, 1.6739693880081177, 1.6204793453216553, 1.6445587873458862, 1.644273281097412, 1.6450324058532715, 1.6433074474334717, 1.6495826244354248, 1.6269649267196655, 1.640090823173523, 1.6411668062210083, 1.6164969205856323, 1.6295490264892578, 1.6220372915267944, 1.642500400543213, 1.629589319229126, 1.6296333074569702, 1.628007173538208, 1.6259357929229736, 1.6235309839248657, 1.6330645084381104, 1.6238281726837158]",0.6905999779701233,,520056236,,5154468,,,,,"[16, 30, 18, 20, 6, 38, 24, 39]",0.0,0.0,0.25,0,37,0,400,0.0,0.0925,False,BEST,0.75,True,True,"[[80  0  0 ...  0  0  0]
 [ 0 83  0 ...  0  0  0]
 [ 0  0 60 ...  0  4  0]
 ...
 [ 0  0  0 ... 73  0  0]
 [ 0  0  0 ...  0 55  1]
 [ 0  0  0 ...  0  0 77]]",0.6906,0.69963969,0.6906,0.690388679,14
BHIIKE[M][M][M][M][M][M][M][M],,8,20,18,True,True,"[28, 53, 40, 13, 62, 20, 39, 31]",[],"[{'INP': 32}, {'CONV': [64, 3]}, ({'CONV': [64, 5]}, {'CONV': [128, 3]}), ({'CONV': [256, 3]}, {'CONV': [128, 5]}, {'POOLMAX': [-1, 2]}), ({'CONV': [128, 5]}, {'CONV': [32, 3]}), ({'CONV': [32, 5]}, {'CONV': [128, 5]}, {'POOLMAX': [-1, 2]}), ({'CONV': [256, 5]}, {'CONV': [256, 3]}), ({'CONV': [64, 3]}, {'CONV': [128, 3]}, {'POOLMAX': [-1, 2]}), ({'CONV': [128, 3]}, {'CONV': [256, 5]}), ({'CONV': [64, 5]}, {'CONV': [256, 5]}, {'POOLMAX': [-1, 2]}), {'GLOBAL_AVG': None}, {'LAST_DENSE': [100, 'softmax']}]",NONE,MSWAP,GA,70,"[0.09300000220537186, 0.1867000013589859, 0.23330000042915344, 0.3050000071525574, 0.32010000944137573, 0.3199999928474426, 0.46639999747276306, 0.42800000309944153, 0.5019000172615051, 0.42179998755455017, 0.5157999992370605, 0.4503999948501587, 0.5245000123977661, 0.48500001430511475, 0.4708000123500824, 0.5386999845504761, 0.52920001745224, 0.5695000290870667, 0.5163000226020813, 0.5442000031471252, 0.4916999936103821, 0.5613999962806702, 0.5651000142097473, 0.6349999904632568, 0.6238999962806702, 0.6086000204086304, 0.629800021648407, 0.6413999795913696, 0.6272000074386597, 0.6535999774932861, 0.6414999961853027, 0.6488000154495239, 0.6083999872207642, 0.6183000206947327, 0.6288999915122986, 0.6699000000953674, 0.6629999876022339, 0.6779999732971191, 0.6664000153541565, 0.6567999720573425, 0.6775000095367432, 0.6654999852180481, 0.6912000179290771, 0.6704999804496765, 0.6836000084877014, 0.6741999983787537, 0.6837000250816345, 0.6654999852180481, 0.6908000111579895, 0.6952000260353088, 0.7053999900817871, 0.7074999809265137, 0.6840999722480774, 0.70169997215271, 0.7070000171661377, 0.7026000022888184, 0.7121999859809875, 0.7095999717712402, 0.7081000208854675, 0.7067999839782715, 0.7028999924659729, 0.7087000012397766, 0.7141000032424927, 0.7096999883651733, 0.7113000154495239, 0.7102000117301941, 0.7129999995231628, 0.7139000296592712, 0.7125999927520752, 0.7125999927520752]","[4.286562442779541, 3.754676103591919, 3.5786819458007812, 3.082318067550659, 3.021388053894043, 3.1414592266082764, 2.3744006156921387, 2.607903242111206, 2.2862319946289062, 2.7882421016693115, 2.279637575149536, 2.693835735321045, 2.250779390335083, 2.4692134857177734, 2.5409927368164062, 2.222604274749756, 2.3253719806671143, 2.1476337909698486, 2.4447968006134033, 2.2650651931762695, 2.6231532096862793, 2.1962592601776123, 2.210339307785034, 1.8916783332824707, 1.9038275480270386, 1.9913387298583984, 1.85269296169281, 1.838680624961853, 1.9147411584854126, 1.7692252397537231, 1.8103402853012085, 1.8109861612319946, 2.0256917476654053, 1.969520092010498, 1.8921986818313599, 1.7465355396270752, 1.779154896736145, 1.7159730195999146, 1.7692091464996338, 1.8823423385620117, 1.6855716705322266, 1.804129719734192, 1.6353336572647095, 1.7527004480361938, 1.6848896741867065, 1.7385174036026, 1.6795654296875, 1.782412052154541, 1.6496649980545044, 1.6478691101074219, 1.6140832901000977, 1.638655662536621, 1.7504512071609497, 1.6697579622268677, 1.6525908708572388, 1.6418054103851318, 1.6250444650650024, 1.639804720878601, 1.6623051166534424, 1.6628552675247192, 1.6878150701522827, 1.6783477067947388, 1.6438229084014893, 1.6659468412399292, 1.6713595390319824, 1.6868771314620972, 1.6706974506378174, 1.6812958717346191, 1.6716976165771484, 1.6936564445495605]",0.7125999927520752,,1252956396,,5453348,,,,,"[53, 28, 40, 13, 62, 20, 39, 31]",0.0,0.0,0.25,0,39,0,400,0.0,0.0975,False,BEST,0.9,True,True,"[[84  0  0 ...  0  0  0]
 [ 0 82  0 ...  0  0  0]
 [ 0  0 56 ...  0  6  0]
 ...
 [ 0  0  0 ... 73  0  0]
 [ 0  0  4 ...  0 60  0]
 [ 0  0  0 ...  0  0 77]]",0.7126,0.724701989,0.7126,0.713825344,11
BIUHQR[M][M][M][M][M][M][M][M][M][M],,9,20,20,True,True,"[14, 35, 49, 34, 9, 6, 11, 39]",[],"[{'INP': 32}, {'CONV': [64, 3]}, ({'CONV': [32, 5]}, {'CONV': [256, 3]}), ({'CONV': [128, 3]}, {'CONV': [64, 5]}, {'POOLMAX': [-1, 2]}), ({'CONV': [256, 3]}, {'CONV': [32, 5]}), ({'CONV': [128, 3]}, {'CONV': [64, 3]}, {'POOLMAX': [-1, 2]}), ({'CONV': [32, 5]}, {'CONV': [32, 5]}), ({'CONV': [32, 3]}, {'CONV': [256, 3]}, {'POOLMAX': [-1, 2]}), ({'CONV': [32, 5]}, {'CONV': [64, 5]}), ({'CONV': [128, 3]}, {'CONV': [256, 5]}, {'POOLMAX': [-1, 2]}), {'GLOBAL_AVG': None}, {'LAST_DENSE': [100, 'softmax']}]",NONE,MSWAP,GA,70,"[0.11069999635219574, 0.14990000426769257, 0.32089999318122864, 0.36629998683929443, 0.335099995136261, 0.41290000081062317, 0.4138999879360199, 0.41940000653266907, 0.4372999966144562, 0.4860999882221222, 0.484499990940094, 0.48989999294281006, 0.4277999997138977, 0.5439000129699707, 0.5077999830245972, 0.48030000925064087, 0.565500020980835, 0.48919999599456787, 0.5250999927520752, 0.5264000296592712, 0.5759000182151794, 0.54339998960495, 0.5072000026702881, 0.5640000104904175, 0.5989999771118164, 0.5608999729156494, 0.558899998664856, 0.5597000122070312, 0.5781999826431274, 0.5799000263214111, 0.6574000120162964, 0.6191999912261963, 0.6322000026702881, 0.6557000279426575, 0.6499999761581421, 0.6492000222206116, 0.6600000262260437, 0.6359000205993652, 0.6557999849319458, 0.6452999711036682, 0.660099983215332, 0.6360999941825867, 0.6614000201225281, 0.6362000107765198, 0.6952000260353088, 0.6965000033378601, 0.7024000287055969, 0.689300000667572, 0.6870999932289124, 0.6833999752998352, 0.691100001335144, 0.6919000148773193, 0.7070000171661377, 0.7064999938011169, 0.7121000289916992, 0.708899974822998, 0.7063999772071838, 0.7135999798774719, 0.7067999839782715, 0.7074999809265137, 0.717199981212616, 0.711899995803833, 0.7170000076293945, 0.7139000296592712, 0.708899974822998, 0.7192999720573425, 0.7211999893188477, 0.7196999788284302, 0.7163000106811523, 0.7152000069618225]","[4.293279647827148, 4.478317737579346, 2.9848666191101074, 2.876493453979492, 3.026879072189331, 2.699044704437256, 2.7412595748901367, 2.777475118637085, 2.685929775238037, 2.4893715381622314, 2.453784465789795, 2.4789655208587646, 2.920767068862915, 2.2626161575317383, 2.482686996459961, 2.6428205966949463, 2.1799721717834473, 2.691359281539917, 2.3917415142059326, 2.393486738204956, 2.1599535942077637, 2.346053123474121, 2.5185706615448, 2.2465250492095947, 2.084074020385742, 2.242290735244751, 2.3325722217559814, 2.3470160961151123, 2.233306646347046, 2.2656757831573486, 1.8703937530517578, 2.0219671726226807, 1.9619981050491333, 1.8177443742752075, 1.8862441778182983, 1.8638361692428589, 1.7915611267089844, 1.989472508430481, 1.7815088033676147, 1.8740788698196411, 1.8028744459152222, 1.9992589950561523, 1.827096700668335, 1.9442476034164429, 1.6567747592926025, 1.6819040775299072, 1.6421886682510376, 1.7096937894821167, 1.7376056909561157, 1.741319179534912, 1.7019984722137451, 1.7118216753005981, 1.6475633382797241, 1.6395758390426636, 1.6144083738327026, 1.6669979095458984, 1.6761575937271118, 1.6714533567428589, 1.6991431713104248, 1.6600134372711182, 1.6284419298171997, 1.6915539503097534, 1.6591686010360718, 1.6722360849380493, 1.7177881002426147, 1.640154242515564, 1.6658130884170532, 1.6616724729537964, 1.6804816722869873, 1.6826646327972412]",0.7152000069618225,,1656732716,,10055076,,,,,"[14, 35, 49, 9, 34, 6, 11, 39]",0.0,0.0,0.25,0,44,0,400,0.0,0.11,False,BEST,1.0,True,True,"[[89  0  0 ...  0  0  0]
 [ 0 85  0 ...  0  0  0]
 [ 0  0 63 ...  0  4  0]
 ...
 [ 0  0  0 ... 75  0  0]
 [ 0  0  4 ...  0 53  0]
 [ 0  0  1 ...  0  0 72]]",0.7152,0.728920014,0.7152,0.716791052,53
BYVISV[M][M][M][M][M],,10,20,6,True,True,"[51, 28, 50, 35, 33, 6, 47, 61]",[],"[{'INP': 32}, {'CONV': [64, 3]}, ({'CONV': [256, 3]}, {'CONV': [64, 5]}), ({'CONV': [64, 5]}, {'CONV': [128, 3]}, {'POOLMAX': [-1, 2]}), ({'CONV': [256, 3]}, {'CONV': [64, 3]}), ({'CONV': [128, 3]}, {'CONV': [64, 5]}, {'POOLMAX': [-1, 2]}), ({'CONV': [128, 3]}, {'CONV': [32, 5]}), ({'CONV': [32, 3]}, {'CONV': [256, 3]}, {'POOLMAX': [-1, 2]}), ({'CONV': [128, 5]}, {'CONV': [256, 5]}), ({'CONV': [256, 5]}, {'CONV': [128, 5]}, {'POOLMAX': [-1, 2]}), {'GLOBAL_AVG': None}, {'LAST_DENSE': [100, 'softmax']}]",NONE,MSWAP,GA,70,"[0.12319999933242798, 0.16910000145435333, 0.2935999929904938, 0.3221000134944916, 0.35510000586509705, 0.39500001072883606, 0.39100000262260437, 0.4207000136375427, 0.4496000111103058, 0.4855000078678131, 0.4952999949455261, 0.5131999850273132, 0.47040000557899475, 0.4790000021457672, 0.5447999835014343, 0.4909000098705292, 0.4553999900817871, 0.5367000102996826, 0.5491999983787537, 0.5508999824523926, 0.630299985408783, 0.5835999846458435, 0.6273999810218811, 0.6384000182151794, 0.6001999974250793, 0.6136999726295471, 0.6513000130653381, 0.6083999872207642, 0.611299991607666, 0.6223999857902527, 0.6040999889373779, 0.6312000155448914, 0.6800000071525574, 0.6852999925613403, 0.671999990940094, 0.6711000204086304, 0.6798999905586243, 0.67330002784729, 0.6805999875068665, 0.6978999972343445, 0.7020000219345093, 0.6869999766349792, 0.695900022983551, 0.6776999831199646, 0.6905999779701233, 0.697700023651123, 0.7098000049591064, 0.6973999738693237, 0.7006000280380249, 0.7067000269889832, 0.7067000269889832, 0.7075999975204468, 0.7052000164985657, 0.705299973487854, 0.7078999876976013, 0.7080000042915344, 0.7074999809265137, 0.7095999717712402, 0.7089999914169312, 0.7098000049591064, 0.708299994468689, 0.7103999853134155, 0.7084000110626221, 0.7071999907493591, 0.7077000141143799, 0.7088000178337097, 0.7092000246047974, 0.7081999778747559, 0.7092000246047974, 0.7103000283241272]","[4.025659084320068, 3.9020628929138184, 3.1091103553771973, 3.003021717071533, 2.96757173538208, 2.7265541553497314, 2.828277111053467, 2.6917285919189453, 2.475194215774536, 2.37863826751709, 2.4159088134765625, 2.317084312438965, 2.57566499710083, 2.4964022636413574, 2.2341651916503906, 2.4719786643981934, 2.7256829738616943, 2.3364193439483643, 2.2353975772857666, 2.2682971954345703, 1.871519923210144, 2.077540874481201, 1.881553292274475, 1.8113652467727661, 2.0264952182769775, 1.954485535621643, 1.750784158706665, 1.9845441579818726, 1.9505915641784668, 1.9298810958862305, 2.0709736347198486, 1.8811218738555908, 1.6811434030532837, 1.655695915222168, 1.7281724214553833, 1.7150609493255615, 1.722184419631958, 1.7688040733337402, 1.7374686002731323, 1.6445109844207764, 1.6471290588378906, 1.7258800268173218, 1.6598151922225952, 1.7950170040130615, 1.7113558053970337, 1.6906524896621704, 1.6522544622421265, 1.7107471227645874, 1.6940333843231201, 1.676679253578186, 1.6823301315307617, 1.6873691082000732, 1.6948391199111938, 1.6989929676055908, 1.6861492395401, 1.6999759674072266, 1.6894925832748413, 1.6860125064849854, 1.6975107192993164, 1.7032959461212158, 1.6979923248291016, 1.697500228881836, 1.699036717414856, 1.7061902284622192, 1.6965179443359375, 1.7014778852462769, 1.6996437311172485, 1.7059870958328247, 1.701058030128479, 1.7002999782562256]",0.7103000283241272,,1044239468,,4077348,,,,,"[51, 28, 50, 35, 33, 47, 6, 61]",0.0,0.0,0.25,0,20,0,400,0.0,0.05,False,BEST,0.7,True,True,"[[82  0  0 ...  0  0  0]
 [ 0 80  1 ...  0  0  0]
 [ 0  0 62 ...  0  2  0]
 ...
 [ 0  0  0 ... 69  0  0]
 [ 0  0  3 ...  0 55  0]
 [ 0  0  0 ...  0  0 77]]",0.7103,0.721382688,0.7103,0.711174372,26
BTCSOY[M][M][M][M][M][M][M][M],,11,20,20,True,True,"[41, 44, 53, 20, 30, 47, 61, 31]",[],"[{'INP': 32}, {'CONV': [64, 3]}, ({'CONV': [128, 5]}, {'CONV': [32, 5]}), ({'CONV': [128, 5]}, {'CONV': [128, 3]}, {'POOLMAX': [-1, 2]}), ({'CONV': [256, 3]}, {'CONV': [128, 5]}), ({'CONV': [64, 3]}, {'CONV': [128, 3]}, {'POOLMAX': [-1, 2]}), ({'CONV': [64, 5]}, {'CONV': [256, 3]}), ({'CONV': [128, 5]}, {'CONV': [256, 5]}, {'POOLMAX': [-1, 2]}), ({'CONV': [256, 5]}, {'CONV': [128, 5]}), ({'CONV': [64, 5]}, {'CONV': [256, 5]}, {'POOLMAX': [-1, 2]}), {'GLOBAL_AVG': None}, {'LAST_DENSE': [100, 'softmax']}]",NONE,MSWAP,GA,70,"[0.12520000338554382, 0.21369999647140503, 0.24959999322891235, 0.27639999985694885, 0.37380000948905945, 0.38830000162124634, 0.4156999886035919, 0.460999995470047, 0.48510000109672546, 0.44670000672340393, 0.42640000581741333, 0.5130000114440918, 0.4918999969959259, 0.49540001153945923, 0.5023000240325928, 0.5401999950408936, 0.5249999761581421, 0.5188000202178955, 0.5145999789237976, 0.5187000036239624, 0.5206999778747559, 0.5928000211715698, 0.5770999789237976, 0.5756999850273132, 0.5910000205039978, 0.5860000252723694, 0.5863000154495239, 0.647599995136261, 0.6276000142097473, 0.6269999742507935, 0.633899986743927, 0.6409000158309937, 0.6407999992370605, 0.6520000100135803, 0.6561999917030334, 0.6607000231742859, 0.6643999814987183, 0.652899980545044, 0.6567999720573425, 0.6510000228881836, 0.6674000024795532, 0.6661999821662903, 0.6680999994277954, 0.6703000068664551, 0.67330002784729, 0.6714000105857849, 0.6729999780654907, 0.6721000075340271, 0.6773999929428101, 0.6765999794006348, 0.6796000003814697, 0.6866999864578247, 0.6758000254631042, 0.6761000156402588, 0.6786999702453613, 0.6797000169754028, 0.675599992275238, 0.6804999709129333, 0.6769999861717224, 0.6808000206947327, 0.6825000047683716, 0.6777999997138977, 0.6789000034332275, 0.680400013923645, 0.6797999739646912, 0.6800000071525574, 0.6812000274658203, 0.6800000071525574, 0.6797000169754028, 0.680400013923645]","[4.05536413192749, 3.4340178966522217, 3.3588175773620605, 3.3170254230499268, 2.765247344970703, 2.7020657062530518, 2.6314899921417236, 2.4316952228546143, 2.3244011402130127, 2.603397846221924, 2.669337749481201, 2.23944091796875, 2.3676953315734863, 2.323366403579712, 2.3070709705352783, 2.11971116065979, 2.2665023803710938, 2.3358306884765625, 2.3276140689849854, 2.326402187347412, 2.3013014793395996, 1.938970923423767, 2.068376064300537, 2.0283215045928955, 1.9730693101882935, 2.0172481536865234, 2.0120174884796143, 1.712766170501709, 1.8188884258270264, 1.801405668258667, 1.7621898651123047, 1.7482880353927612, 1.7313015460968018, 1.712774395942688, 1.6997761726379395, 1.6799194812774658, 1.6693216562271118, 1.7198810577392578, 1.7227404117584229, 1.7471673488616943, 1.67423677444458, 1.6900699138641357, 1.6418123245239258, 1.68350350856781, 1.6555675268173218, 1.6554125547409058, 1.6818591356277466, 1.6591259241104126, 1.6389600038528442, 1.6465660333633423, 1.660146713256836, 1.6336865425109863, 1.6725759506225586, 1.6663169860839844, 1.6811838150024414, 1.678696870803833, 1.7040722370147705, 1.6750402450561523, 1.6884890794754028, 1.6688871383666992, 1.6689703464508057, 1.6922690868377686, 1.6784570217132568, 1.691434383392334, 1.6927995681762695, 1.6888697147369385, 1.6883550882339478, 1.6911488771438599, 1.6935793161392212, 1.6926285028457642]",0.680400013923645,,771582060,,6419236,,,,,"[61, 44, 53, 20, 41, 47, 30, 31]",0.0,0.0,0.375,0,30,0,400,0.0,0.075,False,BEST,0.95,True,True,"[[81  0  0 ...  0  0  0]
 [ 0 77  0 ...  0  0  0]
 [ 0  0 56 ...  0  4  0]
 ...
 [ 0  0  0 ... 69  0  0]
 [ 0  0  2 ...  0 46  0]
 [ 0  0  0 ...  0  0 74]]",0.6803,0.694341958,0.6803,0.681380927,175
BUBYFT[M][M][M][M][M][M][M][M][M],,12,20,14,True,True,"[14, 25, 8, 48, 46, 37, 47, 55]",[],"[{'INP': 32}, {'CONV': [64, 3]}, ({'CONV': [32, 5]}, {'CONV': [256, 3]}), ({'CONV': [64, 5]}, {'CONV': [32, 5]}, {'POOLMAX': [-1, 2]}), ({'CONV': [32, 5]}, {'CONV': [32, 3]}), ({'CONV': [256, 3]}, {'CONV': [32, 3]}, {'POOLMAX': [-1, 2]}), ({'CONV': [128, 5]}, {'CONV': [256, 3]}), ({'CONV': [128, 3]}, {'CONV': [128, 5]}, {'POOLMAX': [-1, 2]}), ({'CONV': [128, 5]}, {'CONV': [256, 5]}), ({'CONV': [256, 3]}, {'CONV': [256, 5]}, {'POOLMAX': [-1, 2]}), {'GLOBAL_AVG': None}, {'LAST_DENSE': [100, 'softmax']}]",NONE,MSWAP,GA,70,"[0.09669999778270721, 0.21660000085830688, 0.24459999799728394, 0.31459999084472656, 0.3944000005722046, 0.30399999022483826, 0.4072999954223633, 0.38760000467300415, 0.40209999680519104, 0.41119998693466187, 0.48980000615119934, 0.4867999851703644, 0.46140000224113464, 0.5121999979019165, 0.5024999976158142, 0.45489999651908875, 0.5286999940872192, 0.5400000214576721, 0.5670999884605408, 0.5062999725341797, 0.5557000041007996, 0.5751000046730042, 0.5375999808311462, 0.5458999872207642, 0.5489000082015991, 0.5730000138282776, 0.5727999806404114, 0.6089000105857849, 0.6370000243186951, 0.6000999808311462, 0.6229000091552734, 0.638700008392334, 0.5929999947547913, 0.6194999814033508, 0.6252999901771545, 0.6340000033378601, 0.6172999739646912, 0.6664000153541565, 0.6200000047683716, 0.6611999869346619, 0.6633999943733215, 0.6499000191688538, 0.6629999876022339, 0.6643000245094299, 0.6624000072479248, 0.6690000295639038, 0.6780999898910522, 0.6736999750137329, 0.6647999882698059, 0.6650000214576721, 0.6712999939918518, 0.663100004196167, 0.6809999942779541, 0.6901999711990356, 0.6875, 0.6875, 0.6679999828338623, 0.6970999836921692, 0.6955000162124634, 0.6897000074386597, 0.6922000050544739, 0.6912999749183655, 0.6945000290870667, 0.7024999856948853, 0.6973999738693237, 0.6998000144958496, 0.6991000175476074, 0.7013999819755554, 0.701200008392334, 0.7002999782562256]","[4.918549537658691, 3.516953229904175, 5.249406337738037, 3.0175130367279053, 2.7114696502685547, 6.222711563110352, 2.686325788497925, 2.8371987342834473, 2.790044069290161, 2.839075803756714, 2.3985042572021484, 2.5173287391662598, 2.566710948944092, 2.3335378170013428, 2.4045569896698, 2.797443389892578, 2.2855634689331055, 2.2850303649902344, 2.134512186050415, 2.506260633468628, 2.2236063480377197, 2.129107713699341, 2.3517062664031982, 2.2609431743621826, 2.326662540435791, 2.1769487857818604, 2.1594934463500977, 2.0530381202697754, 1.8608930110931396, 2.1068742275238037, 1.9552170038223267, 1.825637698173523, 2.138080596923828, 1.9525684118270874, 1.894073247909546, 1.892626404762268, 2.0278396606445312, 1.7878708839416504, 2.049267292022705, 1.784453272819519, 1.785804271697998, 1.8631832599639893, 1.7617460489273071, 1.7756457328796387, 1.8116543292999268, 1.743590235710144, 1.7305335998535156, 1.7521404027938843, 1.7879351377487183, 1.8003333806991577, 1.7513115406036377, 1.809077501296997, 1.7503175735473633, 1.7386226654052734, 1.7332804203033447, 1.7723535299301147, 1.8635492324829102, 1.710571050643921, 1.7363529205322266, 1.7774407863616943, 1.7452729940414429, 1.76347815990448, 1.7583353519439697, 1.7220969200134277, 1.7454310655593872, 1.7234538793563843, 1.749837875366211, 1.7436312437057495, 1.7437154054641724, 1.7482318878173828]",0.7002999782562256,,838524204,,5567396,,,,,"[14, 25, 8, 46, 48, 37, 47, 55]",0.0,0.0,0.25,0,33,0,400,0.0,0.0825,False,BEST,0.8,True,True,"[[83  0  1 ...  0  0  0]
 [ 0 79  0 ...  0  0  0]
 [ 0  0 58 ...  0  3  0]
 ...
 [ 0  0  0 ... 70  0  0]
 [ 0  0  6 ...  0 49  0]
 [ 0  0  0 ...  0  0 71]]",0.7002,0.711685941,0.7002,0.701050256,22
BTSGJC[M][M][M],,13,20,14,True,True,"[58, 40, 18, 20, 46, 47, 52, 31]",[],"[{'INP': 32}, {'CONV': [64, 3]}, ({'CONV': [256, 5]}, {'CONV': [64, 3]}), ({'CONV': [128, 5]}, {'CONV': [32, 3]}, {'POOLMAX': [-1, 2]}), ({'CONV': [64, 3]}, {'CONV': [64, 3]}), ({'CONV': [64, 3]}, {'CONV': [128, 3]}, {'POOLMAX': [-1, 2]}), ({'CONV': [128, 5]}, {'CONV': [256, 3]}), ({'CONV': [128, 5]}, {'CONV': [256, 5]}, {'POOLMAX': [-1, 2]}), ({'CONV': [256, 3]}, {'CONV': [128, 3]}), ({'CONV': [64, 5]}, {'CONV': [256, 5]}, {'POOLMAX': [-1, 2]}), {'GLOBAL_AVG': None}, {'LAST_DENSE': [100, 'softmax']}]",NONE,MSWAP,GA,70,"[0.10540000349283218, 0.1428000032901764, 0.2667999863624573, 0.3578999936580658, 0.35440000891685486, 0.4399000108242035, 0.414900004863739, 0.4726000130176544, 0.47429999709129333, 0.49639999866485596, 0.499099999666214, 0.48429998755455017, 0.5113999843597412, 0.4749000072479248, 0.536899983882904, 0.5486000180244446, 0.5184000134468079, 0.5274999737739563, 0.5453000068664551, 0.5623999834060669, 0.6425999999046326, 0.6254000067710876, 0.6344000101089478, 0.6191999912261963, 0.6191999912261963, 0.6527000069618225, 0.6258000135421753, 0.6484000086784363, 0.6031000018119812, 0.6509000062942505, 0.6614000201225281, 0.6323999762535095, 0.6169999837875366, 0.6552000045776367, 0.631600022315979, 0.6503000259399414, 0.6876000165939331, 0.6722999811172485, 0.6740999817848206, 0.6869999766349792, 0.6861000061035156, 0.6886000037193298, 0.6984999775886536, 0.7003999948501587, 0.698199987411499, 0.701200008392334, 0.7002999782562256, 0.6955999732017517, 0.6988000273704529, 0.704200029373169, 0.7009000182151794, 0.7135999798774719, 0.7084000110626221, 0.6980999708175659, 0.707099974155426, 0.7117999792098999, 0.7113999724388123, 0.7056999802589417, 0.7093999981880188, 0.7099000215530396, 0.7063000202178955, 0.7095000147819519, 0.7103999853134155, 0.7091000080108643, 0.7113999724388123, 0.7070000171661377, 0.7092000246047974, 0.7095000147819519, 0.7095000147819519, 0.7077000141143799]","[4.526426315307617, 4.8170013427734375, 3.323517084121704, 2.784010171890259, 3.0189051628112793, 2.569270610809326, 2.692026138305664, 2.4531972408294678, 2.4358255863189697, 2.325888156890869, 2.4007084369659424, 2.482642889022827, 2.303739070892334, 2.532489538192749, 2.203399896621704, 2.221559762954712, 2.4298932552337646, 2.412564992904663, 2.2875378131866455, 2.221454620361328, 1.8136919736862183, 1.9077491760253906, 1.8791096210479736, 1.9189726114273071, 1.9003411531448364, 1.7823748588562012, 1.8878322839736938, 1.7784761190414429, 2.0495121479034424, 1.7780085802078247, 1.747898817062378, 1.8944945335388184, 2.0442230701446533, 1.8135058879852295, 1.919289231300354, 1.8368993997573853, 1.6532477140426636, 1.7860941886901855, 1.7831095457077026, 1.6668720245361328, 1.6934943199157715, 1.7071726322174072, 1.6417055130004883, 1.6243778467178345, 1.6719191074371338, 1.6423310041427612, 1.6605457067489624, 1.7241134643554688, 1.6789467334747314, 1.6616812944412231, 1.6887152194976807, 1.6210535764694214, 1.6726962327957153, 1.7152026891708374, 1.667974829673767, 1.6384382247924805, 1.6449867486953735, 1.6749855279922485, 1.6786943674087524, 1.6760259866714478, 1.7071049213409424, 1.686497688293457, 1.6775425672531128, 1.6774755716323853, 1.683247685432434, 1.6748071908950806, 1.6807396411895752, 1.6762281656265259, 1.6809446811676025, 1.6913633346557617]",0.7077000141143799,,723324332,,5687972,,,,,"[52, 40, 18, 20, 46, 47, 58, 31]",0.0,0.0,0.25,0,27,0,400,0.0,0.0675,False,BEST,1.0,True,True,"[[88  0  0 ...  0  0  0]
 [ 0 84  0 ...  0  0  0]
 [ 0  0 57 ...  0  5  0]
 ...
 [ 0  0  0 ... 77  0  0]
 [ 0  0  0 ...  0 56  1]
 [ 0  0  1 ...  0  0 73]]",0.7077,0.719672992,0.7077,0.708747755,19
BCMSFO[M][M][M][M][M],,14,20,6,True,True,"[3, 24, 48, 22, 53, 37, 43, 55]",[],"[{'INP': 32}, {'CONV': [64, 3]}, ({'CONV': [32, 3]}, {'CONV': [64, 5]}), ({'CONV': [64, 5]}, {'CONV': [32, 3]}, {'POOLMAX': [-1, 2]}), ({'CONV': [256, 3]}, {'CONV': [32, 3]}), ({'CONV': [64, 3]}, {'CONV': [256, 3]}, {'POOLMAX': [-1, 2]}), ({'CONV': [256, 3]}, {'CONV': [128, 5]}), ({'CONV': [128, 3]}, {'CONV': [128, 5]}, {'POOLMAX': [-1, 2]}), ({'CONV': [128, 5]}, {'CONV': [64, 5]}), ({'CONV': [256, 3]}, {'CONV': [256, 5]}, {'POOLMAX': [-1, 2]}), {'GLOBAL_AVG': None}, {'LAST_DENSE': [100, 'softmax']}]",NONE,MSWAP,GA,70,"[0.11509999632835388, 0.20229999721050262, 0.2660999894142151, 0.3287000060081482, 0.3386000096797943, 0.2671999931335449, 0.40529999136924744, 0.41449999809265137, 0.45820000767707825, 0.4652000069618225, 0.46239998936653137, 0.4848000109195709, 0.4927999973297119, 0.42750000953674316, 0.5200999975204468, 0.46369999647140503, 0.5309000015258789, 0.5565000176429749, 0.5232999920845032, 0.5267999768257141, 0.5410000085830688, 0.5785999894142151, 0.5311999917030334, 0.5723999738693237, 0.5414999723434448, 0.5692999958992004, 0.5378000140190125, 0.6172999739646912, 0.6435999870300293, 0.6208000183105469, 0.5982999801635742, 0.6193000078201294, 0.6419000029563904, 0.6424000263214111, 0.6604999899864197, 0.6103000044822693, 0.6342999935150146, 0.6389999985694885, 0.6111999750137329, 0.6353999972343445, 0.6840999722480774, 0.6736000180244446, 0.6801000237464905, 0.6751999855041504, 0.6797999739646912, 0.6758000254631042, 0.6927000284194946, 0.6948000192642212, 0.6988000273704529, 0.6980999708175659, 0.685699999332428, 0.6930999755859375, 0.6951000094413757, 0.698199987411499, 0.7006000280380249, 0.7035999894142151, 0.704200029373169, 0.705299973487854, 0.7092999815940857, 0.7085000276565552, 0.7031999826431274, 0.7125999927520752, 0.7064999938011169, 0.710099995136261, 0.7089999914169312, 0.7085000276565552, 0.7087000012397766, 0.7105000019073486, 0.7093999981880188, 0.7085000276565552]","[4.070113182067871, 3.4652040004730225, 3.213282823562622, 2.9225239753723145, 3.0298969745635986, 3.7008633613586426, 2.6628243923187256, 2.6558163166046143, 2.559396505355835, 2.5226898193359375, 2.556476593017578, 2.4676005840301514, 2.424513578414917, 2.8634471893310547, 2.361367702484131, 2.7201087474823, 2.309373378753662, 2.250377655029297, 2.348538398742676, 2.411229133605957, 2.3278393745422363, 2.1628952026367188, 2.53971266746521, 2.199265241622925, 2.4380948543548584, 2.268399238586426, 2.4490604400634766, 2.0034823417663574, 1.9018148183822632, 2.044088363647461, 2.1630589962005615, 2.022372245788574, 1.87483549118042, 1.919594168663025, 1.7987263202667236, 2.0677125453948975, 1.9493913650512695, 1.901296854019165, 2.106618642807007, 1.9476721286773682, 1.7584960460662842, 1.8179442882537842, 1.779996633529663, 1.8046187162399292, 1.7872068881988525, 1.8551524877548218, 1.7414358854293823, 1.7788909673690796, 1.7064616680145264, 1.7339738607406616, 1.8275806903839111, 1.75577974319458, 1.7824920415878296, 1.749133586883545, 1.7283730506896973, 1.7209393978118896, 1.7452524900436401, 1.742777943611145, 1.7370531558990479, 1.7443755865097046, 1.7660220861434937, 1.7285523414611816, 1.7586318254470825, 1.7533081769943237, 1.7615807056427002, 1.7726320028305054, 1.7766326665878296, 1.7636722326278687, 1.7589750289916992, 1.765228271484375]",0.7085000276565552,,946049324,,5371812,,,,,"[43, 24, 48, 22, 53, 37, 3, 55]",0.0,0.0,0.25,0,13,0,400,0.0,0.0325,False,BEST,0.8,True,True,"[[85  0  0 ...  0  0  0]
 [ 0 81  0 ...  0  0  0]
 [ 0  0 57 ...  0  3  0]
 ...
 [ 0  0  0 ... 72  0  0]
 [ 0  0  4 ...  0 53  0]
 [ 0  0  1 ...  0  0 75]]",0.7085,0.720174354,0.7085,0.709849031,17
BLTGIB[M][M][M][M][M][M][M][M][M][M][M][M],,15,20,20,True,True,"[2, 0, 23, 55, 46, 44, 52, 31]",[],"[{'INP': 32}, {'CONV': [64, 3]}, ({'CONV': [32, 3]}, {'CONV': [64, 3]}), ({'CONV': [32, 3]}, {'CONV': [32, 3]}, {'POOLMAX': [-1, 2]}), ({'CONV': [64, 3]}, {'CONV': [256, 5]}), ({'CONV': [256, 3]}, {'CONV': [256, 5]}, {'POOLMAX': [-1, 2]}), ({'CONV': [128, 5]}, {'CONV': [256, 3]}), ({'CONV': [128, 5]}, {'CONV': [128, 3]}, {'POOLMAX': [-1, 2]}), ({'CONV': [256, 3]}, {'CONV': [128, 3]}), ({'CONV': [64, 5]}, {'CONV': [256, 5]}, {'POOLMAX': [-1, 2]}), {'GLOBAL_AVG': None}, {'LAST_DENSE': [100, 'softmax']}]",NONE,MSWAP,GA,70,"[0.12430000305175781, 0.19179999828338623, 0.2840999960899353, 0.3714999854564667, 0.4027999937534332, 0.391400009393692, 0.38920000195503235, 0.43369999527931213, 0.4821999967098236, 0.4952999949455261, 0.4961000084877014, 0.532800018787384, 0.4796000123023987, 0.4959999918937683, 0.4945000112056732, 0.5390999913215637, 0.5616999864578247, 0.5008999705314636, 0.5396000146865845, 0.5641000270843506, 0.5285000205039978, 0.5763000249862671, 0.6365000009536743, 0.5976999998092651, 0.6496999859809875, 0.6378999948501587, 0.6331999897956848, 0.6225000023841858, 0.6208999752998352, 0.6575000286102295, 0.6553999781608582, 0.6758000254631042, 0.6859999895095825, 0.6809999942779541, 0.6916999816894531, 0.6790000200271606, 0.6632999777793884, 0.6883999705314636, 0.6636999845504761, 0.682200014591217, 0.6926000118255615, 0.6938999891281128, 0.6930000185966492, 0.6916000247001648, 0.6970000267028809, 0.703000009059906, 0.7095000147819519, 0.7059000134468079, 0.7062000036239624, 0.705299973487854, 0.7102000117301941, 0.7044000029563904, 0.7109000086784363, 0.7049999833106995, 0.708299994468689, 0.7138000130653381, 0.7055000066757202, 0.7145000100135803, 0.7095000147819519, 0.7106000185012817, 0.7128999829292297, 0.7107999920845032, 0.7121000289916992, 0.7120000123977661, 0.7111999988555908, 0.7110999822616577, 0.7114999890327454, 0.7105000019073486, 0.7099999785423279, 0.7106999754905701]","[3.92645001411438, 3.5122668743133545, 3.0880725383758545, 2.7118027210235596, 2.597588300704956, 2.7444658279418945, 2.7991178035736084, 2.624138593673706, 2.379056453704834, 2.335688352584839, 2.407031297683716, 2.2302944660186768, 2.518951654434204, 2.4741451740264893, 2.5475893020629883, 2.283517599105835, 2.2180027961730957, 2.5693857669830322, 2.3445985317230225, 2.22583270072937, 2.461048126220703, 2.223803758621216, 1.9398303031921387, 2.148616313934326, 1.820655107498169, 1.9261691570281982, 1.940667986869812, 2.0346693992614746, 2.0171737670898438, 1.8381507396697998, 1.8453246355056763, 1.772204875946045, 1.7149018049240112, 1.737244963645935, 1.7053308486938477, 1.7624248266220093, 1.8617463111877441, 1.7101601362228394, 1.889707088470459, 1.7827274799346924, 1.7550489902496338, 1.7632135152816772, 1.7389415502548218, 1.748855471611023, 1.7315726280212402, 1.703656792640686, 1.675568699836731, 1.707759976387024, 1.7066855430603027, 1.7364294528961182, 1.7212697267532349, 1.7330912351608276, 1.7135438919067383, 1.7335726022720337, 1.7261592149734497, 1.7153323888778687, 1.7568671703338623, 1.71500825881958, 1.7340806722640991, 1.7160437107086182, 1.7198820114135742, 1.7330979108810425, 1.7294285297393799, 1.7271775007247925, 1.7411870956420898, 1.7333298921585083, 1.7295763492584229, 1.7349355220794678, 1.7376803159713745, 1.733265995979309]",0.7106999754905701,,595000876,,3234212,,,,,"[2, 0, 23, 31, 46, 44, 52, 55]",0.0,0.0,0.25,0,43,0,400,0.0,0.1075,False,BEST,0.9,True,True,"[[85  1  0 ...  0  0  0]
 [ 0 79  0 ...  0  0  0]
 [ 0  0 60 ...  0  3  0]
 ...
 [ 0  0  0 ... 72  0  0]
 [ 0  0  5 ...  0 50  1]
 [ 0  0  0 ...  0  0 73]]",0.7107,0.723206764,0.7107,0.712035947,1
BOIBKA[M][M][M][M][M][M],,16,20,19,True,True,"[14, 44, 4, 46, 31, 4, 61, 22]",[],"[{'INP': 32}, {'CONV': [64, 3]}, ({'CONV': [32, 5]}, {'CONV': [256, 3]}), ({'CONV': [128, 5]}, {'CONV': [128, 3]}, {'POOLMAX': [-1, 2]}), ({'CONV': [32, 3]}, {'CONV': [128, 3]}), ({'CONV': [128, 5]}, {'CONV': [256, 3]}, {'POOLMAX': [-1, 2]}), ({'CONV': [64, 5]}, {'CONV': [256, 5]}), ({'CONV': [32, 3]}, {'CONV': [128, 3]}, {'POOLMAX': [-1, 2]}), ({'CONV': [256, 5]}, {'CONV': [128, 5]}), ({'CONV': [64, 3]}, {'CONV': [256, 3]}, {'POOLMAX': [-1, 2]}), {'GLOBAL_AVG': None}, {'LAST_DENSE': [100, 'softmax']}]",NONE,MSWAP,GA,70,"[0.12099999934434891, 0.22499999403953552, 0.2567000091075897, 0.3377000093460083, 0.4052000045776367, 0.3977999985218048, 0.44850000739097595, 0.49889999628067017, 0.5049999952316284, 0.519599974155426, 0.43869999051094055, 0.48660001158714294, 0.48980000615119934, 0.5160999894142151, 0.5479999780654907, 0.5073000192642212, 0.5630999803543091, 0.5340999960899353, 0.5712000131607056, 0.5533000230789185, 0.5264000296592712, 0.5151000022888184, 0.49729999899864197, 0.5507000088691711, 0.6265000104904175, 0.6292999982833862, 0.6111999750137329, 0.6560999751091003, 0.6503000259399414, 0.6467999815940857, 0.6625000238418579, 0.6579999923706055, 0.6191999912261963, 0.6826000213623047, 0.6883000135421753, 0.6980999708175659, 0.6942999958992004, 0.6919000148773193, 0.6833000183105469, 0.6894000172615051, 0.6859999895095825, 0.699999988079071, 0.6880000233650208, 0.695900022983551, 0.6942999958992004, 0.7085999846458435, 0.6959999799728394, 0.6935999989509583, 0.7003999948501587, 0.7009999752044678, 0.7110999822616577, 0.7149999737739563, 0.7124000191688538, 0.7039999961853027, 0.7161999940872192, 0.7075999975204468, 0.7106000185012817, 0.7163000106811523, 0.7123000025749207, 0.7116000056266785, 0.7178000211715698, 0.7208999991416931, 0.7185999751091003, 0.7182999849319458, 0.7207000255584717, 0.7164000272750854, 0.7178000211715698, 0.7185999751091003, 0.7192999720573425, 0.718999981880188]","[4.05832576751709, 3.4911887645721436, 3.7935211658477783, 3.0088040828704834, 2.763154983520508, 2.910517930984497, 2.5565645694732666, 2.428379774093628, 2.3700313568115234, 2.32185435295105, 2.7317843437194824, 2.538639783859253, 2.5333452224731445, 2.418515682220459, 2.257861852645874, 2.4656949043273926, 2.2492594718933105, 2.363450288772583, 2.19714617729187, 2.313804864883423, 2.4702601432800293, 2.491030693054199, 2.7308712005615234, 2.3980441093444824, 2.0012919902801514, 1.9486021995544434, 2.024637222290039, 1.8095256090164185, 1.8673800230026245, 1.8748787641525269, 1.8098433017730713, 1.820432186126709, 2.031129837036133, 1.7364498376846313, 1.7043735980987549, 1.6549062728881836, 1.6897985935211182, 1.7099671363830566, 1.7136362791061401, 1.6616911888122559, 1.7444349527359009, 1.657597303390503, 1.7488751411437988, 1.7033244371414185, 1.7129011154174805, 1.6415425539016724, 1.7461295127868652, 1.7229872941970825, 1.6860073804855347, 1.6898761987686157, 1.651564121246338, 1.6676843166351318, 1.6690714359283447, 1.7117490768432617, 1.6585396528244019, 1.7253798246383667, 1.6991113424301147, 1.6961185932159424, 1.7206525802612305, 1.7137408256530762, 1.6836328506469727, 1.6841802597045898, 1.6860886812210083, 1.705140233039856, 1.7018228769302368, 1.723696231842041, 1.7155256271362305, 1.7072811126708984, 1.7023640871047974, 1.7125531435012817]",0.718999981880188,,1272682412,,5955236,,,,,"[14, 44, 4, 31, 46, 4, 61, 22]",0.0,0.0,0.25,0,49,0,400,0.0,0.1225,False,BEST,0.85,True,True,"[[87  1  0 ...  0  0  0]
 [ 0 82  0 ...  0  0  0]
 [ 0  0 56 ...  0  1  0]
 ...
 [ 0  0  0 ... 79  1  0]
 [ 0  0  4 ...  0 47  0]
 [ 0  0  0 ...  0  0 76]]",0.719,0.73084035,0.719,0.720180196,6
BYHBXW[M][M][M][M][M][M][M][M][M][M],,17,20,20,True,True,"[14, 55, 39, 0, 39, 63, 54, 21]",[],"[{'INP': 32}, {'CONV': [64, 3]}, ({'CONV': [32, 5]}, {'CONV': [256, 3]}), ({'CONV': [256, 3]}, {'CONV': [256, 5]}, {'POOLMAX': [-1, 2]}), ({'CONV': [128, 3]}, {'CONV': [256, 5]}), ({'CONV': [32, 3]}, {'CONV': [32, 3]}, {'POOLMAX': [-1, 2]}), ({'CONV': [128, 3]}, {'CONV': [256, 5]}), ({'CONV': [256, 5]}, {'CONV': [256, 5]}, {'POOLMAX': [-1, 2]}), ({'CONV': [256, 3]}, {'CONV': [256, 3]}), ({'CONV': [64, 3]}, {'CONV': [128, 5]}, {'POOLMAX': [-1, 2]}), {'GLOBAL_AVG': None}, {'LAST_DENSE': [100, 'softmax']}]",NONE,MSWAP,GA,70,"[0.10379999876022339, 0.22679999470710754, 0.21690000593662262, 0.35830000042915344, 0.31540000438690186, 0.42410001158714294, 0.45210000872612, 0.4593000113964081, 0.5116999745368958, 0.47999998927116394, 0.48820000886917114, 0.47999998927116394, 0.5231000185012817, 0.5256999731063843, 0.5839999914169312, 0.569100022315979, 0.5965999960899353, 0.5918999910354614, 0.5954999923706055, 0.605400025844574, 0.6137999892234802, 0.5756000280380249, 0.6019999980926514, 0.6266000270843506, 0.6324999928474426, 0.6359000205993652, 0.6144000291824341, 0.626800000667572, 0.6126000285148621, 0.6434000134468079, 0.6310999989509583, 0.6574000120162964, 0.6607999801635742, 0.65829998254776, 0.6650000214576721, 0.6643999814987183, 0.6643999814987183, 0.6769000291824341, 0.6592000126838684, 0.6514000296592712, 0.6700000166893005, 0.671500027179718, 0.6675999760627747, 0.6764000058174133, 0.6909000277519226, 0.6805999875068665, 0.6887000203132629, 0.6891000270843506, 0.6794000267982483, 0.6848000288009644, 0.7027000188827515, 0.6970000267028809, 0.694100022315979, 0.6980999708175659, 0.7009999752044678, 0.6953999996185303, 0.6988000273704529, 0.7038000226020813, 0.70169997215271, 0.7016000151634216, 0.6952999830245972, 0.6995999813079834, 0.6995999813079834, 0.6998000144958496, 0.7005000114440918, 0.7010999917984009, 0.7024000287055969, 0.7002999782562256, 0.7024000287055969, 0.7041000127792358]","[4.222249984741211, 3.5215442180633545, 3.721149206161499, 2.869562864303589, 3.313465118408203, 2.648646831512451, 2.541240692138672, 2.552841901779175, 2.306631326675415, 2.5055596828460693, 2.446110725402832, 2.4730067253112793, 2.32723069190979, 2.330812454223633, 2.0343620777130127, 2.1039631366729736, 1.990051031112671, 1.9659050703048706, 1.953795313835144, 1.921449065208435, 1.9014328718185425, 2.0969531536102295, 1.955839991569519, 1.8558777570724487, 1.851315975189209, 1.829803705215454, 1.9375066757202148, 1.888502597808838, 1.9801025390625, 1.881001353263855, 1.8911408185958862, 1.8252819776535034, 1.7695492506027222, 1.8123589754104614, 1.8161033391952515, 1.8288874626159668, 1.772811770439148, 1.7479612827301025, 1.823824405670166, 1.8988385200500488, 1.787759780883789, 1.7882784605026245, 1.7748993635177612, 1.767471432685852, 1.7189552783966064, 1.7788254022598267, 1.744446873664856, 1.7737683057785034, 1.7848031520843506, 1.7671476602554321, 1.6978838443756104, 1.757718801498413, 1.760452389717102, 1.7690542936325073, 1.7503769397735596, 1.8129258155822754, 1.7596509456634521, 1.742905616760254, 1.75709867477417, 1.7565267086029053, 1.8164427280426025, 1.7762243747711182, 1.780309796333313, 1.7893062829971313, 1.7926836013793945, 1.7872804403305054, 1.7832260131835938, 1.793575644493103, 1.7888017892837524, 1.7885322570800781]",0.7041000127792358,,1438509996,,8285860,,,,,"[14, 21, 39, 0, 39, 63, 54, 55]",0.0,0.0,0.25,0,40,0,400,0.0,0.1,False,BEST,0.85,True,True,"[[83  1  0 ...  0  0  1]
 [ 0 79  0 ...  0  0  0]
 [ 0  0 60 ...  0  2  0]
 ...
 [ 0  0  0 ... 72  0  0]
 [ 0  0  2 ...  0 46  1]
 [ 0  0  0 ...  0  0 72]]",0.704,0.715581319,0.704,0.704921959,88
BDDFZ[M][M][M][M][M][M][M][M][M][M],,18,20,19,True,True,"[8, 22, 9, 19, 62, 20, 52, 31]",[],"[{'INP': 32}, {'CONV': [64, 3]}, ({'CONV': [32, 5]}, {'CONV': [32, 3]}), ({'CONV': [64, 3]}, {'CONV': [256, 3]}, {'POOLMAX': [-1, 2]}), ({'CONV': [32, 5]}, {'CONV': [32, 5]}), ({'CONV': [64, 3]}, {'CONV': [64, 5]}, {'POOLMAX': [-1, 2]}), ({'CONV': [256, 5]}, {'CONV': [256, 3]}), ({'CONV': [64, 3]}, {'CONV': [128, 3]}, {'POOLMAX': [-1, 2]}), ({'CONV': [256, 3]}, {'CONV': [128, 3]}), ({'CONV': [64, 5]}, {'CONV': [256, 5]}, {'POOLMAX': [-1, 2]}), {'GLOBAL_AVG': None}, {'LAST_DENSE': [100, 'softmax']}]",NONE,MSWAP,GA,70,"[0.13300000131130219, 0.2393999993801117, 0.2913999855518341, 0.2777000069618225, 0.3458999991416931, 0.3790000081062317, 0.3984000086784363, 0.47130000591278076, 0.376800000667572, 0.5112000107765198, 0.4699000120162964, 0.5054000020027161, 0.5291000008583069, 0.4668000042438507, 0.5065000057220459, 0.5253000259399414, 0.5626000165939331, 0.4821999967098236, 0.5080999732017517, 0.5767999887466431, 0.544700026512146, 0.5512999892234802, 0.5825999975204468, 0.5795999765396118, 0.5938000082969666, 0.5534999966621399, 0.5781999826431274, 0.5745999813079834, 0.6177999973297119, 0.555899977684021, 0.5958999991416931, 0.5460000038146973, 0.5299000144004822, 0.6223999857902527, 0.5953999757766724, 0.598800003528595, 0.5997999906539917, 0.6306999921798706, 0.5946999788284302, 0.6471999883651733, 0.6549000144004822, 0.6657999753952026, 0.6437000036239624, 0.6381000280380249, 0.6532999873161316, 0.6553000211715698, 0.6801999807357788, 0.656499981880188, 0.675000011920929, 0.6743999719619751, 0.661300003528595, 0.642799973487854, 0.6953999996185303, 0.6851999759674072, 0.6866999864578247, 0.6992999911308289, 0.6836000084877014, 0.7167999744415283, 0.7139999866485596, 0.7074000239372253, 0.7087000012397766, 0.7020000219345093, 0.7074999809265137, 0.7182999849319458, 0.71670001745224, 0.7200000286102295, 0.7141000032424927, 0.7160999774932861, 0.7232000231742859, 0.7214000225067139]","[4.000341892242432, 3.375469923019409, 3.0905439853668213, 3.7138795852661133, 3.0285964012145996, 2.9290332794189453, 2.789163112640381, 2.467190980911255, 3.198127269744873, 2.31366229057312, 2.739659309387207, 2.388202428817749, 2.255765914916992, 2.698552131652832, 2.4726006984710693, 2.33186674118042, 2.1680710315704346, 2.6819241046905518, 2.5544168949127197, 2.142396926879883, 2.342170000076294, 2.3341312408447266, 2.129014730453491, 2.1685614585876465, 2.1038331985473633, 2.326122283935547, 2.213346004486084, 2.237760066986084, 2.0624539852142334, 2.352794647216797, 2.159560441970825, 2.534963369369507, 2.541569948196411, 2.0155386924743652, 2.189331293106079, 2.1980676651000977, 2.201808452606201, 2.0273022651672363, 2.2382073402404785, 1.9963176250457764, 1.972804307937622, 1.905203938484192, 2.0653231143951416, 2.037609100341797, 1.9272533655166626, 1.921138048171997, 1.7588390111923218, 1.9789685010910034, 1.823180913925171, 1.8548023700714111, 1.8998912572860718, 2.0501959323883057, 1.7618560791015625, 1.8410375118255615, 1.7992156744003296, 1.7649433612823486, 1.9029511213302612, 1.700659155845642, 1.7258347272872925, 1.7497035264968872, 1.7512677907943726, 1.7996236085891724, 1.7490968704223633, 1.7137302160263062, 1.721004843711853, 1.712978482246399, 1.7425035238265991, 1.7385814189910889, 1.721747875213623, 1.735289454460144]",0.7214000225067139,,709877996,,3922468,,,,,"[8, 22, 19, 9, 62, 20, 52, 31]",0.0,0.0,0.25,0,15,0,400,0.0,0.0375,False,BEST,1.0,True,True,"[[87  0  0 ...  0  0  1]
 [ 0 83  0 ...  0  0  0]
 [ 0  0 58 ...  0  1  0]
 ...
 [ 0  0  0 ... 81  0  0]
 [ 0  0  2 ...  0 52  0]
 [ 0  0  0 ...  0  0 75]]",0.7214,0.733365443,0.7214,0.721911502,137
BGKSBV[M][M][M][M][M][M][M][M][M],,19,20,18,True,True,"[7, 12, 56, 58, 35, 7, 13, 22]",[],"[{'INP': 32}, {'CONV': [64, 3]}, ({'CONV': [32, 3]}, {'CONV': [256, 5]}), ({'CONV': [32, 5]}, {'CONV': [128, 3]}, {'POOLMAX': [-1, 2]}), ({'CONV': [256, 5]}, {'CONV': [32, 3]}), ({'CONV': [256, 5]}, {'CONV': [64, 3]}, {'POOLMAX': [-1, 2]}), ({'CONV': [128, 3]}, {'CONV': [64, 5]}), ({'CONV': [32, 3]}, {'CONV': [256, 5]}, {'POOLMAX': [-1, 2]}), ({'CONV': [32, 5]}, {'CONV': [128, 5]}), ({'CONV': [64, 3]}, {'CONV': [256, 3]}, {'POOLMAX': [-1, 2]}), {'GLOBAL_AVG': None}, {'LAST_DENSE': [100, 'softmax']}]",NONE,MSWAP,GA,70,"[0.08760000020265579, 0.14900000393390656, 0.31859999895095825, 0.31310001015663147, 0.4077000021934509, 0.3905999958515167, 0.4578000009059906, 0.42399999499320984, 0.4399999976158142, 0.3125, 0.4805000126361847, 0.4797999858856201, 0.5730000138282776, 0.5845999717712402, 0.5697000026702881, 0.5952000021934509, 0.597000002861023, 0.5805000066757202, 0.5641000270843506, 0.590399980545044, 0.5385000109672546, 0.6035000085830688, 0.6018000245094299, 0.5950999855995178, 0.6280999779701233, 0.6003000140190125, 0.6184999942779541, 0.6254000067710876, 0.628600001335144, 0.6157000064849854, 0.6503999829292297, 0.633899986743927, 0.6682999730110168, 0.6606000065803528, 0.656499981880188, 0.6723999977111816, 0.6657999753952026, 0.6421999931335449, 0.6625999808311462, 0.6513000130653381, 0.6712999939918518, 0.6888999938964844, 0.6866999864578247, 0.6908000111579895, 0.6740000247955322, 0.6552000045776367, 0.6937000155448914, 0.694599986076355, 0.703499972820282, 0.6938999891281128, 0.6912000179290771, 0.6958000063896179, 0.6991000175476074, 0.6956999897956848, 0.6984999775886536, 0.6988999843597412, 0.6983000040054321, 0.7019000053405762, 0.7013999819755554, 0.7026000022888184, 0.7042999863624573, 0.7050999999046326, 0.70169997215271, 0.7024999856948853, 0.7031999826431274, 0.7020000219345093, 0.7038000226020813, 0.7039999961853027, 0.7039999961853027, 0.7052000164985657]","[4.163101673126221, 4.101637840270996, 2.8911216259002686, 3.073974132537842, 2.6123459339141846, 2.6687817573547363, 2.361452579498291, 2.6613528728485107, 2.6456832885742188, 3.5601649284362793, 2.4258313179016113, 2.4359023571014404, 2.0130650997161865, 1.9433685541152954, 2.0018341541290283, 1.8832976818084717, 1.8831853866577148, 1.9710588455200195, 2.1597094535827637, 1.9106601476669312, 2.3020153045654297, 1.8534921407699585, 1.8447660207748413, 1.9362396001815796, 1.7832655906677246, 1.954593539237976, 1.8734651803970337, 1.8120967149734497, 1.8411672115325928, 1.8955658674240112, 1.7365691661834717, 1.8362990617752075, 1.6652504205703735, 1.732634425163269, 1.7290571928024292, 1.6605123281478882, 1.694188117980957, 1.8113433122634888, 1.677643895149231, 1.7885230779647827, 1.6812728643417358, 1.5865308046340942, 1.638780117034912, 1.625006914138794, 1.7004525661468506, 1.8378914594650269, 1.6187019348144531, 1.6298046112060547, 1.5772780179977417, 1.6577205657958984, 1.6680773496627808, 1.623066782951355, 1.6238183975219727, 1.6426234245300293, 1.6317859888076782, 1.6392396688461304, 1.6349173784255981, 1.6338491439819336, 1.6314177513122559, 1.6307663917541504, 1.6339545249938965, 1.634360432624817, 1.6416480541229248, 1.6446281671524048, 1.6447190046310425, 1.6435344219207764, 1.6456539630889893, 1.6421602964401245, 1.6415406465530396, 1.6343873739242554]",0.7052000164985657,,944053164,,2875044,,,,,"[12, 7, 56, 58, 35, 7, 13, 22]",0.0,0.0,0.25,0,41,0,400,0.0,0.1025,False,BEST,0.9,True,True,"[[85  0  0 ...  0  0  0]
 [ 0 82  0 ...  0  0  1]
 [ 0  1 64 ...  0  0  0]
 ...
 [ 0  0  0 ... 68  0  0]
 [ 0  0  2 ...  0 50  0]
 [ 0  0  1 ...  0  0 64]]",0.7052,0.716922822,0.7052,0.706493644,45
BCCOBY[M][M][M][M],,20,20,10,True,True,"[19, 10, 4, 24, 45, 54, 54, 15]",[],"[{'INP': 32}, {'CONV': [64, 3]}, ({'CONV': [64, 3]}, {'CONV': [64, 5]}), ({'CONV': [32, 5]}, {'CONV': [64, 3]}, {'POOLMAX': [-1, 2]}), ({'CONV': [32, 3]}, {'CONV': [128, 3]}), ({'CONV': [64, 5]}, {'CONV': [32, 3]}, {'POOLMAX': [-1, 2]}), ({'CONV': [128, 5]}, {'CONV': [128, 5]}), ({'CONV': [256, 3]}, {'CONV': [256, 3]}, {'POOLMAX': [-1, 2]}), ({'CONV': [256, 3]}, {'CONV': [256, 3]}), ({'CONV': [32, 5]}, {'CONV': [256, 5]}, {'POOLMAX': [-1, 2]}), {'GLOBAL_AVG': None}, {'LAST_DENSE': [100, 'softmax']}]",NONE,MSWAP,GA,70,"[0.15620000660419464, 0.14550000429153442, 0.26269999146461487, 0.273499995470047, 0.41110000014305115, 0.41200000047683716, 0.32589998841285706, 0.4449999928474426, 0.4066999852657318, 0.484499990940094, 0.46309998631477356, 0.5174999833106995, 0.4876999855041504, 0.49160000681877136, 0.5049999952316284, 0.44279998540878296, 0.5281000137329102, 0.6240000128746033, 0.6254000067710876, 0.6122999787330627, 0.5952000021934509, 0.6134999990463257, 0.6176999807357788, 0.5856000185012817, 0.6589000225067139, 0.6557999849319458, 0.6636000275611877, 0.6607000231742859, 0.6534000039100647, 0.6638000011444092, 0.6794000267982483, 0.6682000160217285, 0.6754000186920166, 0.6715999841690063, 0.6765000224113464, 0.664900004863739, 0.6802999973297119, 0.6973999738693237, 0.684499979019165, 0.6919000148773193, 0.6949999928474426, 0.7038000226020813, 0.6973999738693237, 0.7064999938011169, 0.7014999985694885, 0.7049999833106995, 0.7056999802589417, 0.715499997138977, 0.7088000178337097, 0.7073000073432922, 0.7093999981880188, 0.7105000019073486, 0.7134000062942505, 0.713699996471405, 0.7135000228881836, 0.7092000246047974, 0.7148000001907349, 0.7142999768257141, 0.713699996471405, 0.7113999724388123, 0.7138000130653381, 0.7123000025749207, 0.7117999792098999, 0.7116000056266785, 0.7124000191688538, 0.7143999934196472, 0.713699996471405, 0.714900016784668, 0.7152000069618225, 0.7146000266075134]","[3.895416021347046, 4.110628128051758, 3.440929651260376, 3.4572741985321045, 2.6371512413024902, 2.685302972793579, 3.277117967605591, 2.6071128845214844, 2.862736701965332, 2.5390610694885254, 2.6311700344085693, 2.296203136444092, 2.474900484085083, 2.525545120239258, 2.4714457988739014, 2.900390148162842, 2.310565710067749, 1.8922168016433716, 1.8675206899642944, 1.9212148189544678, 1.9884871244430542, 1.9573142528533936, 1.8777709007263184, 2.0975053310394287, 1.7707672119140625, 1.7383394241333008, 1.7507519721984863, 1.749988317489624, 1.8167449235916138, 1.7791404724121094, 1.6565226316452026, 1.766830325126648, 1.7018275260925293, 1.7430508136749268, 1.7260329723358154, 1.7805699110031128, 1.754699945449829, 1.6610006093978882, 1.7570886611938477, 1.711885929107666, 1.7078585624694824, 1.6951261758804321, 1.7277568578720093, 1.6915966272354126, 1.702080488204956, 1.713276743888855, 1.7051442861557007, 1.6747850179672241, 1.7274445295333862, 1.7266123294830322, 1.7030717134475708, 1.7140330076217651, 1.7095400094985962, 1.6995949745178223, 1.7046648263931274, 1.7326595783233643, 1.7158790826797485, 1.7150429487228394, 1.718233346939087, 1.7228660583496094, 1.7255431413650513, 1.7240101099014282, 1.726264238357544, 1.7265269756317139, 1.724442958831787, 1.72501540184021, 1.7295947074890137, 1.7268054485321045, 1.7244162559509277, 1.7335336208343506]",0.7146000266075134,,1205168492,,7679268,,,,,"[54, 10, 4, 24, 19, 45, 54, 15]",0.0,0.0,0.375,0,30,0,400,0.0,0.075,False,BEST,0.8,True,True,"[[86  0  0 ...  0  0  0]
 [ 0 81  0 ...  0  0  0]
 [ 0  0 58 ...  0  3  0]
 ...
 [ 0  0  0 ... 77  0  0]
 [ 0  0  1 ...  0 58  0]
 [ 0  0  0 ...  0  0 72]]",0.7146,0.726828287,0.7146,0.715917187,104
BTKPTC[M][M][M][M][M],,21,20,18,True,True,"[14, 2, 27, 38, 29, 7, 15, 14]",[],"[{'INP': 32}, {'CONV': [64, 3]}, ({'CONV': [32, 5]}, {'CONV': [256, 3]}), ({'CONV': [32, 3]}, {'CONV': [64, 3]}, {'POOLMAX': [-1, 2]}), ({'CONV': [64, 5]}, {'CONV': [64, 5]}), ({'CONV': [128, 3]}, {'CONV': [256, 3]}, {'POOLMAX': [-1, 2]}), ({'CONV': [64, 5]}, {'CONV': [128, 5]}), ({'CONV': [32, 3]}, {'CONV': [256, 5]}, {'POOLMAX': [-1, 2]}), ({'CONV': [32, 5]}, {'CONV': [256, 5]}), ({'CONV': [32, 5]}, {'CONV': [256, 3]}, {'POOLMAX': [-1, 2]}), {'GLOBAL_AVG': None}, {'LAST_DENSE': [100, 'softmax']}]",NONE,MSWAP,GA,70,"[0.11050000041723251, 0.21320000290870667, 0.2590000033378601, 0.3806000053882599, 0.38690000772476196, 0.4593999981880188, 0.4805000126361847, 0.43140000104904175, 0.4507000148296356, 0.48809999227523804, 0.5041999816894531, 0.4745999872684479, 0.570900022983551, 0.5551999807357788, 0.5447999835014343, 0.5616999864578247, 0.5920000076293945, 0.5740000009536743, 0.602400004863739, 0.6047999858856201, 0.5817000269889832, 0.5813000202178955, 0.6043000221252441, 0.6031000018119812, 0.6168000102043152, 0.6348999738693237, 0.6254000067710876, 0.6488999724388123, 0.6453999876976013, 0.6424000263214111, 0.6567999720573425, 0.6385999917984009, 0.6532999873161316, 0.6435999870300293, 0.6384999752044678, 0.6445000171661377, 0.6726999878883362, 0.6697999835014343, 0.6693999767303467, 0.6678000092506409, 0.664900004863739, 0.6753000020980835, 0.6771000027656555, 0.6753000020980835, 0.6743999719619751, 0.6747000217437744, 0.6747999787330627, 0.677299976348877, 0.6801000237464905, 0.6812000274658203, 0.679099977016449, 0.6808000206947327, 0.6800000071525574, 0.685699999332428, 0.6854000091552734, 0.6837000250816345, 0.6797000169754028, 0.6809999942779541, 0.6829000115394592, 0.6832000017166138, 0.6843000054359436, 0.6825000047683716, 0.6822999715805054, 0.6834999918937683, 0.682200014591217, 0.6830000281333923, 0.6832000017166138, 0.6833999752998352, 0.684499979019165, 0.6837000250816345]","[4.138514041900635, 3.54917573928833, 4.216037273406982, 2.7901504039764404, 2.750243663787842, 2.4763901233673096, 2.3390660285949707, 2.606860399246216, 2.6188507080078125, 2.4368038177490234, 2.352084159851074, 2.526665687561035, 2.082998514175415, 2.145732879638672, 2.232125997543335, 2.241816759109497, 1.9363573789596558, 2.1593520641326904, 1.9023942947387695, 1.9381002187728882, 2.219757080078125, 2.0875308513641357, 1.9953597784042358, 1.973496913909912, 1.9268980026245117, 1.7902933359146118, 1.867940068244934, 1.7673701047897339, 1.7716963291168213, 1.7563393115997314, 1.6965861320495605, 1.8374840021133423, 1.7371621131896973, 1.8060128688812256, 1.788413643836975, 1.8196240663528442, 1.6686054468154907, 1.6997785568237305, 1.695624828338623, 1.7191985845565796, 1.7338441610336304, 1.6904174089431763, 1.7036579847335815, 1.6923727989196777, 1.7127223014831543, 1.7056257724761963, 1.7464683055877686, 1.7149982452392578, 1.7172702550888062, 1.6898627281188965, 1.707743525505066, 1.7238203287124634, 1.712964415550232, 1.696371078491211, 1.7005866765975952, 1.7031173706054688, 1.7201448678970337, 1.7199490070343018, 1.7245748043060303, 1.7102142572402954, 1.7132316827774048, 1.7199400663375854, 1.7215924263000488, 1.7208815813064575, 1.7245323657989502, 1.7246273756027222, 1.7289215326309204, 1.7323243618011475, 1.7258625030517578, 1.7285284996032715]",0.6837000250816345,,1061036716,,7860388,,,,,"[14, 27, 29, 38, 2, 7, 15, 14]",0.0,0.0,0.375,0,20,0,400,0.0,0.05,False,BEST,0.85,True,True,"[[76  0  0 ...  0  0  0]
 [ 0 77  1 ...  0  0  0]
 [ 0  2 53 ...  0  3  0]
 ...
 [ 0  0  0 ... 63  0  0]
 [ 0  0  4 ...  0 48  0]
 [ 0  0  0 ...  0  1 74]]",0.6837,0.694860713,0.6837,0.683877561,31
BKXAVK[M][M][M][M][M][M][M][M],,22,20,14,True,True,"[14, 36, 0, 5, 21, 12, 45, 55]",[],"[{'INP': 32}, {'CONV': [64, 3]}, ({'CONV': [32, 5]}, {'CONV': [256, 3]}), ({'CONV': [128, 3]}, {'CONV': [128, 3]}, {'POOLMAX': [-1, 2]}), ({'CONV': [32, 3]}, {'CONV': [32, 3]}), ({'CONV': [32, 3]}, {'CONV': [128, 5]}, {'POOLMAX': [-1, 2]}), ({'CONV': [64, 3]}, {'CONV': [128, 5]}), ({'CONV': [32, 5]}, {'CONV': [128, 3]}, {'POOLMAX': [-1, 2]}), ({'CONV': [128, 5]}, {'CONV': [128, 5]}), ({'CONV': [256, 3]}, {'CONV': [256, 5]}, {'POOLMAX': [-1, 2]}), {'GLOBAL_AVG': None}, {'LAST_DENSE': [100, 'softmax']}]",NONE,MSWAP,GA,70,"[0.10189999639987946, 0.20239999890327454, 0.3255999982357025, 0.30320000648498535, 0.37439998984336853, 0.4348999857902527, 0.3671000003814697, 0.41440001130104065, 0.46389999985694885, 0.48739999532699585, 0.43230000138282776, 0.49959999322891235, 0.5260000228881836, 0.4763999879360199, 0.482699990272522, 0.5432000160217285, 0.5008000135421753, 0.513700008392334, 0.5446000099182129, 0.5663999915122986, 0.5691999793052673, 0.5640000104904175, 0.5069000124931335, 0.5464000105857849, 0.5357999801635742, 0.5203999876976013, 0.6516000032424927, 0.6514000296592712, 0.6431000232696533, 0.640500009059906, 0.6345999836921692, 0.64410001039505, 0.5788000226020813, 0.6284999847412109, 0.6535000205039978, 0.633899986743927, 0.6412000060081482, 0.63919997215271, 0.6078000068664551, 0.6316999793052673, 0.6891000270843506, 0.6736000180244446, 0.6743999719619751, 0.6888999938964844, 0.6916000247001648, 0.6820999979972839, 0.6998999714851379, 0.6901999711990356, 0.699400007724762, 0.7080000042915344, 0.7045000195503235, 0.7019000053405762, 0.6962000131607056, 0.699400007724762, 0.7013999819755554, 0.7077000141143799, 0.7103000283241272, 0.7160000205039978, 0.7109000086784363, 0.710099995136261, 0.7135000228881836, 0.7050999999046326, 0.7128999829292297, 0.7164999842643738, 0.7092999815940857, 0.7128999829292297, 0.7161999940872192, 0.7143999934196472, 0.714900016784668, 0.7132999897003174]","[4.552651882171631, 3.6184499263763428, 3.039804220199585, 3.1301777362823486, 2.891925573348999, 2.598734140396118, 3.0639727115631104, 2.793245315551758, 2.4840855598449707, 2.4580583572387695, 2.6761422157287598, 2.4238264560699463, 2.276332378387451, 2.5714993476867676, 2.562384605407715, 2.2377710342407227, 2.5805790424346924, 2.449495792388916, 2.255295753479004, 2.133141040802002, 2.116229772567749, 2.1854941844940186, 2.4923453330993652, 2.306767702102661, 2.442291498184204, 2.4606053829193115, 1.807589054107666, 1.830087661743164, 1.8449606895446777, 1.854129672050476, 1.9098188877105713, 1.8027939796447754, 2.3606081008911133, 1.9534101486206055, 1.7762950658798218, 1.8601449728012085, 1.9049296379089355, 1.862204909324646, 2.0259673595428467, 1.9289801120758057, 1.623531699180603, 1.7405009269714355, 1.7099535465240479, 1.6623764038085938, 1.6550981998443604, 1.7086833715438843, 1.6529085636138916, 1.6972132921218872, 1.6604689359664917, 1.6068016290664673, 1.622041940689087, 1.6148769855499268, 1.698480248451233, 1.6602236032485962, 1.6545813083648682, 1.6189987659454346, 1.6207857131958008, 1.5816971063613892, 1.6163884401321411, 1.6104710102081299, 1.6275830268859863, 1.6556739807128906, 1.6073578596115112, 1.6020208597183228, 1.6406112909317017, 1.6331416368484497, 1.625777006149292, 1.624000906944275, 1.6269043684005737, 1.629641056060791]",0.7132999897003174,,1081667692,,4695844,,,,,"[14, 36, 21, 5, 0, 12, 45, 55]",0.0,0.0,0.25,0,33,0,400,0.0,0.0825,False,BEST,0.75,True,True,"[[86  0  0 ...  0  0  0]
 [ 0 85  0 ...  0  0  0]
 [ 0  1 53 ...  0  3  0]
 ...
 [ 0  0  0 ... 68  0  0]
 [ 0  0  2 ...  0 55  0]
 [ 0  0  0 ...  0  0 77]]",0.7132,0.726667555,0.7132,0.714892044,86
BCPFLX[M][M][M][M][M][M],,23,20,16,True,True,"[2, 54, 39, 29, 22, 54, 13, 55]",[],"[{'INP': 32}, {'CONV': [64, 3]}, ({'CONV': [32, 3]}, {'CONV': [64, 3]}), ({'CONV': [256, 3]}, {'CONV': [256, 3]}, {'POOLMAX': [-1, 2]}), ({'CONV': [128, 3]}, {'CONV': [256, 5]}), ({'CONV': [64, 5]}, {'CONV': [128, 5]}, {'POOLMAX': [-1, 2]}), ({'CONV': [64, 3]}, {'CONV': [256, 3]}), ({'CONV': [256, 3]}, {'CONV': [256, 3]}, {'POOLMAX': [-1, 2]}), ({'CONV': [32, 5]}, {'CONV': [128, 5]}), ({'CONV': [256, 3]}, {'CONV': [256, 5]}, {'POOLMAX': [-1, 2]}), {'GLOBAL_AVG': None}, {'LAST_DENSE': [100, 'softmax']}]",NONE,MSWAP,GA,70,"[0.11659999936819077, 0.17550000548362732, 0.227400004863739, 0.3172000050544739, 0.4147999882698059, 0.43860000371932983, 0.45570001006126404, 0.446399986743927, 0.41510000824928284, 0.4722000062465668, 0.4726000130176544, 0.48890000581741333, 0.4672999978065491, 0.5004000067710876, 0.5163999795913696, 0.5511000156402588, 0.5486000180244446, 0.5117999911308289, 0.5512999892234802, 0.49779999256134033, 0.5547000169754028, 0.617900013923645, 0.6230999827384949, 0.6381999850273132, 0.6248000264167786, 0.5813999772071838, 0.6136000156402588, 0.6266999840736389, 0.5809000134468079, 0.6740000247955322, 0.6632000207901001, 0.6815000176429749, 0.6843000054359436, 0.6583999991416931, 0.6446999907493591, 0.6660000085830688, 0.6794000267982483, 0.6901999711990356, 0.6865000128746033, 0.6877999901771545, 0.6906999945640564, 0.6869000196456909, 0.6923999786376953, 0.6960999965667725, 0.696399986743927, 0.691100001335144, 0.7019000053405762, 0.7045000195503235, 0.7045999765396118, 0.7005000114440918, 0.7002999782562256, 0.6963000297546387, 0.7020000219345093, 0.7020999789237976, 0.7006000280380249, 0.7023000121116638, 0.701200008392334, 0.7034000158309937, 0.705299973487854, 0.7056999802589417, 0.7031000256538391, 0.7049999833106995, 0.7049000263214111, 0.7071999907493591, 0.704200029373169, 0.7056000232696533, 0.7049000263214111, 0.7050999999046326, 0.7049000263214111, 0.7059000134468079]","[4.054455757141113, 3.8169264793395996, 3.840664863586426, 3.070547580718994, 2.5948987007141113, 2.480332612991333, 2.4200823307037354, 2.519378423690796, 2.792325258255005, 2.478386163711548, 2.4543933868408203, 2.3749983310699463, 2.5474588871002197, 2.368936538696289, 2.3378233909606934, 2.14905047416687, 2.191969871520996, 2.338813543319702, 2.2326297760009766, 2.4853522777557373, 2.224357843399048, 1.9077558517456055, 1.8938398361206055, 1.8310669660568237, 1.8516349792480469, 2.12823486328125, 1.95175039768219, 1.9433423280715942, 2.1605420112609863, 1.6676603555679321, 1.7370386123657227, 1.6163277626037598, 1.6289756298065186, 1.759393334388733, 1.8113839626312256, 1.7273062467575073, 1.6543699502944946, 1.630558729171753, 1.666962742805481, 1.6815840005874634, 1.6641368865966797, 1.6724947690963745, 1.658568024635315, 1.6546909809112549, 1.660156011581421, 1.6750353574752808, 1.6591675281524658, 1.6260182857513428, 1.6375747919082642, 1.6418136358261108, 1.653110146522522, 1.6753758192062378, 1.6438496112823486, 1.6468768119812012, 1.662643551826477, 1.6645070314407349, 1.663821816444397, 1.6602367162704468, 1.6540662050247192, 1.6541879177093506, 1.6606138944625854, 1.6642394065856934, 1.6616764068603516, 1.6540818214416504, 1.665035367012024, 1.6666115522384644, 1.6649237871170044, 1.6678078174591064, 1.66817307472229, 1.6595667600631714]",0.7059000134468079,,683488876,,3172132,,,,,"[2, 54, 39, 29, 54, 22, 13, 55]",0.0,0.0,0.25,0,39,0,400,0.0,0.0975,False,BEST,0.7,True,True,"[[83  0  0 ...  0  0  0]
 [ 0 87  0 ...  0  0  0]
 [ 0  1 57 ...  0  5  0]
 ...
 [ 0  0  0 ... 74  0  1]
 [ 0  0  2 ...  0 57  1]
 [ 0  0  0 ...  0  0 75]]",0.706,0.717188718,0.706,0.706973414,91
BUZOSL[M][M][M][M][M][M][M][M],,24,20,12,True,True,"[34, 18, 39, 61, 50, 27, 45, 55]",[],"[{'INP': 32}, {'CONV': [64, 3]}, ({'CONV': [128, 3]}, {'CONV': [64, 3]}), ({'CONV': [64, 3]}, {'CONV': [64, 3]}, {'POOLMAX': [-1, 2]}), ({'CONV': [128, 3]}, {'CONV': [256, 5]}), ({'CONV': [256, 5]}, {'CONV': [128, 5]}, {'POOLMAX': [-1, 2]}), ({'CONV': [256, 3]}, {'CONV': [64, 3]}), ({'CONV': [64, 5]}, {'CONV': [64, 5]}, {'POOLMAX': [-1, 2]}), ({'CONV': [128, 5]}, {'CONV': [128, 5]}), ({'CONV': [256, 3]}, {'CONV': [256, 5]}, {'POOLMAX': [-1, 2]}), {'GLOBAL_AVG': None}, {'LAST_DENSE': [100, 'softmax']}]",NONE,MSWAP,GA,70,"[0.10559999942779541, 0.18029999732971191, 0.24979999661445618, 0.2777000069618225, 0.31679999828338623, 0.40799999237060547, 0.3564999997615814, 0.4537000060081482, 0.4381999969482422, 0.46939998865127563, 0.5040000081062317, 0.4805999994277954, 0.43459999561309814, 0.4643999934196472, 0.4986000061035156, 0.5360000133514404, 0.545199990272522, 0.5306000113487244, 0.5454000234603882, 0.5246999859809875, 0.5108000040054321, 0.5529999732971191, 0.5286999940872192, 0.5728999972343445, 0.583299994468689, 0.5644000172615051, 0.5898000001907349, 0.5271999835968018, 0.5375999808311462, 0.6029999852180481, 0.555899977684021, 0.5555999875068665, 0.6539999842643738, 0.6500999927520752, 0.6481999754905701, 0.6273000240325928, 0.6385999917984009, 0.6377000212669373, 0.6712999939918518, 0.6611999869346619, 0.6754000186920166, 0.66839998960495, 0.6572999954223633, 0.6603000164031982, 0.67330002784729, 0.6725000143051147, 0.6952000260353088, 0.6848999857902527, 0.6912000179290771, 0.6972000002861023, 0.6945000290870667, 0.6852999925613403, 0.6933000087738037, 0.6934000253677368, 0.6974999904632568, 0.6992999911308289, 0.6955999732017517, 0.7017999887466431, 0.7028999924659729, 0.7017999887466431, 0.6977999806404114, 0.7020999789237976, 0.7037000060081482, 0.6977999806404114, 0.701200008392334, 0.6972000002861023, 0.6995999813079834, 0.699999988079071, 0.699400007724762, 0.6998999714851379]","[4.112858772277832, 3.6605629920959473, 3.366055965423584, 3.1989200115203857, 3.2786903381347656, 2.618882894515991, 3.045642375946045, 2.5771143436431885, 2.623991012573242, 2.7294516563415527, 2.316749095916748, 2.4950149059295654, 2.660367012023926, 2.6505579948425293, 2.430250406265259, 2.2161152362823486, 2.2237510681152344, 2.31205415725708, 2.202301502227783, 2.414418935775757, 2.490891695022583, 2.1805906295776367, 2.3940017223358154, 2.1429970264434814, 2.0985546112060547, 2.1858158111572266, 2.076972246170044, 2.4783687591552734, 2.3703551292419434, 2.079543113708496, 2.2568612098693848, 2.302701950073242, 1.810770869255066, 1.8366237878799438, 1.8184514045715332, 1.971984624862671, 1.878804087638855, 1.9096288681030273, 1.7367236614227295, 1.7997407913208008, 1.727358341217041, 1.7721679210662842, 1.8409799337387085, 1.788806676864624, 1.7494233846664429, 1.7692947387695312, 1.6486268043518066, 1.700067162513733, 1.6826627254486084, 1.6670252084732056, 1.6826263666152954, 1.7144482135772705, 1.691338062286377, 1.6929351091384888, 1.665022850036621, 1.6661704778671265, 1.6839011907577515, 1.664634346961975, 1.6457287073135376, 1.6662209033966064, 1.6779561042785645, 1.6659265756607056, 1.6687859296798706, 1.6939728260040283, 1.6736183166503906, 1.6966798305511475, 1.6856141090393066, 1.689286708831787, 1.701117992401123, 1.6862878799438477]",0.6998999714851379,,729320108,,3480740,,,,,"[34, 27, 39, 61, 50, 18, 45, 55]",0.0,0.0,0.25,0,24,0,400,0.0,0.06,False,BEST,0.85,True,True,"[[87  0  0 ...  0  0  0]
 [ 0 77  0 ...  0  0  0]
 [ 0  0 57 ...  0  4  0]
 ...
 [ 0  0  0 ... 71  0  0]
 [ 0  0  2 ...  0 50  0]
 [ 0  0  0 ...  0  0 69]]",0.6999,0.713831654,0.6999,0.700877573,96
BAAVCP[M][M][M][M][M],,25,20,14,True,True,"[41, 5, 33, 48, 4, 47, 13, 31]",[],"[{'INP': 32}, {'CONV': [64, 3]}, ({'CONV': [128, 5]}, {'CONV': [32, 5]}), ({'CONV': [32, 3]}, {'CONV': [128, 5]}, {'POOLMAX': [-1, 2]}), ({'CONV': [128, 3]}, {'CONV': [32, 5]}), ({'CONV': [256, 3]}, {'CONV': [32, 3]}, {'POOLMAX': [-1, 2]}), ({'CONV': [32, 3]}, {'CONV': [128, 3]}), ({'CONV': [128, 5]}, {'CONV': [256, 5]}, {'POOLMAX': [-1, 2]}), ({'CONV': [32, 5]}, {'CONV': [128, 5]}), ({'CONV': [64, 5]}, {'CONV': [256, 5]}, {'POOLMAX': [-1, 2]}), {'GLOBAL_AVG': None}, {'LAST_DENSE': [100, 'softmax']}]",NONE,MSWAP,GA,70,"[0.12189999967813492, 0.19699999690055847, 0.3109000027179718, 0.3456000089645386, 0.3456999957561493, 0.3625999987125397, 0.39890000224113464, 0.3666999936103821, 0.4805999994277954, 0.5005999803543091, 0.4846000075340271, 0.47679999470710754, 0.4823000133037567, 0.4672999978065491, 0.5116000175476074, 0.5105000138282776, 0.5012000203132629, 0.5174999833106995, 0.4864000082015991, 0.5577999949455261, 0.5012999773025513, 0.5065000057220459, 0.5322999954223633, 0.5095999836921692, 0.4871000051498413, 0.6158999800682068, 0.6033999919891357, 0.6294000148773193, 0.6238999962806702, 0.6299999952316284, 0.6226000189781189, 0.6004999876022339, 0.6434000134468079, 0.6270999908447266, 0.652999997138977, 0.6137999892234802, 0.6478000283241272, 0.633899986743927, 0.646399974822998, 0.6229000091552734, 0.6690000295639038, 0.675599992275238, 0.6679999828338623, 0.6682999730110168, 0.6705999970436096, 0.6524999737739563, 0.6761999726295471, 0.6644999980926514, 0.6711999773979187, 0.6539000272750854, 0.6721000075340271, 0.6729000210762024, 0.6919000148773193, 0.6945000290870667, 0.6905999779701233, 0.6887000203132629, 0.6899999976158142, 0.6912999749183655, 0.6894000172615051, 0.7002000212669373, 0.6972000002861023, 0.7017999887466431, 0.7056999802589417, 0.7035999894142151, 0.6973000168800354, 0.6898000240325928, 0.7010999917984009, 0.6988999843597412, 0.6988999843597412, 0.7032999992370605]","[3.9928956031799316, 3.6868128776550293, 3.009791135787964, 2.795858144760132, 2.923837184906006, 3.014305591583252, 2.6876420974731445, 3.036196708679199, 2.3555691242218018, 2.273282766342163, 2.3556315898895264, 2.4135217666625977, 2.381418228149414, 2.476348400115967, 2.2662880420684814, 2.351196050643921, 2.3961241245269775, 2.3025262355804443, 2.4552083015441895, 2.1141655445098877, 2.439417600631714, 2.392889976501465, 2.270610809326172, 2.4412736892700195, 2.5779898166656494, 1.884605050086975, 1.9603357315063477, 1.8259586095809937, 1.8155254125595093, 1.8529548645019531, 1.8674285411834717, 1.9644469022750854, 1.7777093648910522, 1.8679391145706177, 1.7373497486114502, 1.9446645975112915, 1.772409200668335, 1.8310011625289917, 1.8124290704727173, 1.8854466676712036, 1.6818875074386597, 1.6480685472488403, 1.711159586906433, 1.7245421409606934, 1.7030898332595825, 1.7863038778305054, 1.6394222974777222, 1.7513519525527954, 1.7122448682785034, 1.8455523252487183, 1.7035441398620605, 1.7205440998077393, 1.6450278759002686, 1.620027780532837, 1.646260142326355, 1.6303737163543701, 1.6461228132247925, 1.6600173711776733, 1.6874020099639893, 1.6244746446609497, 1.6472185850143433, 1.6321048736572266, 1.6110641956329346, 1.6406400203704834, 1.6540902853012085, 1.717892050743103, 1.6141669750213623, 1.6501737833023071, 1.6527479887008667, 1.6184014081954956]",0.7032999992370605,,992276076,,4213540,,,,,"[41, 5, 4, 33, 48, 47, 13, 31]",0.0,0.0,0.375,0,28,0,400,0.0,0.07,False,BEST,0.9,True,True,"[[85  0  0 ...  0  0  0]
 [ 0 82  0 ...  0  0  0]
 [ 0  0 60 ...  0  5  0]
 ...
 [ 0  0  0 ... 67  0  0]
 [ 0  0  3 ...  0 52  0]
 [ 0  0  1 ...  0  0 73]]",0.7032,0.715734164,0.7032,0.70456894,114
BBUNVS[M][M][M][M][M],,26,20,12,True,True,"[49, 56, 43, 13, 46, 61, 54, 15]",[],"[{'INP': 32}, {'CONV': [64, 3]}, ({'CONV': [256, 3]}, {'CONV': [32, 5]}), ({'CONV': [256, 5]}, {'CONV': [32, 3]}, {'POOLMAX': [-1, 2]}), ({'CONV': [128, 5]}, {'CONV': [64, 5]}), ({'CONV': [32, 5]}, {'CONV': [128, 5]}, {'POOLMAX': [-1, 2]}), ({'CONV': [128, 5]}, {'CONV': [256, 3]}), ({'CONV': [256, 5]}, {'CONV': [128, 5]}, {'POOLMAX': [-1, 2]}), ({'CONV': [256, 3]}, {'CONV': [256, 3]}), ({'CONV': [32, 5]}, {'CONV': [256, 5]}, {'POOLMAX': [-1, 2]}), {'GLOBAL_AVG': None}, {'LAST_DENSE': [100, 'softmax']}]",NONE,MSWAP,GA,70,"[0.10620000213384628, 0.2402999997138977, 0.2272000014781952, 0.3531999886035919, 0.4083000123500824, 0.413100004196167, 0.4185999929904938, 0.3637999892234802, 0.47760000824928284, 0.4853000044822693, 0.5108000040054321, 0.42100000381469727, 0.46779999136924744, 0.5379999876022339, 0.5060999989509583, 0.5349000096321106, 0.49050000309944153, 0.5095999836921692, 0.5641999840736389, 0.5260000228881836, 0.5087000131607056, 0.5414000153541565, 0.529699981212616, 0.5723000168800354, 0.5288000106811523, 0.507099986076355, 0.560699999332428, 0.5796999931335449, 0.5763999819755554, 0.6291000247001648, 0.6277999877929688, 0.6460000276565552, 0.6448000073432922, 0.65420001745224, 0.6266000270843506, 0.659500002861023, 0.625, 0.6466000080108643, 0.6236000061035156, 0.6542999744415283, 0.6345000267028809, 0.6858000159263611, 0.6804999709129333, 0.6814000010490417, 0.6769000291824341, 0.6801999807357788, 0.6751999855041504, 0.6942999958992004, 0.6996999979019165, 0.7021999955177307, 0.703499972820282, 0.6916000247001648, 0.698199987411499, 0.6927000284194946, 0.694100022315979, 0.7099000215530396, 0.7063999772071838, 0.7081000208854675, 0.6990000009536743, 0.7017999887466431, 0.7063000202178955, 0.7074999809265137, 0.7107999920845032, 0.7091000080108643, 0.7116000056266785, 0.7117999792098999, 0.7138000130653381, 0.7124000191688538, 0.7109000086784363, 0.711899995803833]","[4.206289768218994, 3.4645676612854004, 3.669562578201294, 2.922975540161133, 2.70205020904541, 2.765944004058838, 2.6971089839935303, 3.116185188293457, 2.4660351276397705, 2.5610735416412354, 2.3644766807556152, 2.8844573497772217, 2.6404950618743896, 2.26470947265625, 2.458653211593628, 2.3214704990386963, 2.530125141143799, 2.384982109069824, 2.2094881534576416, 2.3606016635894775, 2.498598098754883, 2.394598960876465, 2.356816053390503, 2.1435210704803467, 2.4079089164733887, 2.6561429500579834, 2.297887086868286, 2.192261219024658, 2.212059736251831, 1.9705207347869873, 1.929781198501587, 1.893174171447754, 1.8587656021118164, 1.8348082304000854, 1.9977965354919434, 1.7783864736557007, 1.9823683500289917, 1.8469895124435425, 1.9888637065887451, 1.8110045194625854, 1.949891448020935, 1.71896231174469, 1.756539225578308, 1.7304775714874268, 1.7640540599822998, 1.7545931339263916, 1.7896970510482788, 1.664994478225708, 1.6653845310211182, 1.6476964950561523, 1.6518205404281616, 1.7096914052963257, 1.688431978225708, 1.7487826347351074, 1.7018874883651733, 1.6297663450241089, 1.6482330560684204, 1.6327402591705322, 1.701948642730713, 1.6915842294692993, 1.6503288745880127, 1.663658618927002, 1.66627836227417, 1.6642669439315796, 1.6615831851959229, 1.6572743654251099, 1.6485586166381836, 1.6456754207611084, 1.662582278251648, 1.652372121810913]",0.711899995803833,,1265040812,,8481444,,,,,"[49, 56, 61, 43, 46, 13, 54, 15]",0.0,0.0,0.375,0,30,0,400,0.0,0.075,False,BEST,1.0,True,True,"[[87  0  1 ...  0  0  0]
 [ 0 80  0 ...  0  0  0]
 [ 0  0 65 ...  0  5  0]
 ...
 [ 0  0  0 ... 70  0  1]
 [ 0  0  3 ...  0 60  1]
 [ 0  0  0 ...  0  0 71]]",0.712,0.724781944,0.712,0.713150784,69
BBOUGY[M][M][M][M][M][M][M][M][M],,27,20,19,True,True,"[14, 2, 40, 57, 10, 44, 28, 31]",[],"[{'INP': 32}, {'CONV': [64, 3]}, ({'CONV': [32, 5]}, {'CONV': [256, 3]}), ({'CONV': [32, 3]}, {'CONV': [64, 3]}, {'POOLMAX': [-1, 2]}), ({'CONV': [128, 5]}, {'CONV': [32, 3]}), ({'CONV': [256, 5]}, {'CONV': [32, 5]}, {'POOLMAX': [-1, 2]}), ({'CONV': [32, 5]}, {'CONV': [64, 3]}), ({'CONV': [128, 5]}, {'CONV': [128, 3]}, {'POOLMAX': [-1, 2]}), ({'CONV': [64, 5]}, {'CONV': [128, 3]}), ({'CONV': [64, 5]}, {'CONV': [256, 5]}, {'POOLMAX': [-1, 2]}), {'GLOBAL_AVG': None}, {'LAST_DENSE': [100, 'softmax']}]",NONE,MSWAP,GA,70,"[0.11860000342130661, 0.20239999890327454, 0.32249999046325684, 0.35350000858306885, 0.4000000059604645, 0.3944000005722046, 0.42309999465942383, 0.35850000381469727, 0.421999990940094, 0.48739999532699585, 0.4593999981880188, 0.487199991941452, 0.5526999831199646, 0.4586000144481659, 0.4620000123977661, 0.5414000153541565, 0.5430999994277954, 0.5174000263214111, 0.6068000197410583, 0.6061999797821045, 0.6294000148773193, 0.597599983215332, 0.6049000024795532, 0.6247000098228455, 0.6528000235557556, 0.6108999848365784, 0.642300009727478, 0.5878000259399414, 0.6180999875068665, 0.6139000058174133, 0.683899998664856, 0.6761000156402588, 0.6804999709129333, 0.670799970626831, 0.6699000000953674, 0.6686999797821045, 0.694599986076355, 0.6984999775886536, 0.6912999749183655, 0.6922000050544739, 0.7020999789237976, 0.6927000284194946, 0.7009999752044678, 0.6926000118255615, 0.6995000243186951, 0.7096999883651733, 0.70660001039505, 0.7110999822616577, 0.7081999778747559, 0.7114999890327454, 0.7078999876976013, 0.7095999717712402, 0.7129999995231628, 0.7121999859809875, 0.7142000198364258, 0.7156999707221985, 0.7121000289916992, 0.7145000100135803, 0.7128999829292297, 0.7135999798774719, 0.713699996471405, 0.7129999995231628, 0.7135999798774719, 0.7135999798774719, 0.7171000242233276, 0.715499997138977, 0.7145000100135803, 0.7142000198364258, 0.7135000228881836, 0.7145000100135803]","[4.266335964202881, 3.547534704208374, 3.015709161758423, 2.930100679397583, 2.6533634662628174, 2.800191879272461, 2.6866347789764404, 3.0919127464294434, 2.790672779083252, 2.3862826824188232, 2.5875110626220703, 2.485128164291382, 2.1566548347473145, 2.702101707458496, 2.8302299976348877, 2.2320525646209717, 2.248628616333008, 2.482623338699341, 2.002384662628174, 1.9352235794067383, 1.8500773906707764, 1.9966046810150146, 2.0099735260009766, 1.9025498628616333, 1.7428851127624512, 1.9784959554672241, 1.8045859336853027, 2.137995481491089, 1.946394681930542, 1.9786007404327393, 1.6546109914779663, 1.7277336120605469, 1.6972992420196533, 1.702858805656433, 1.759587287902832, 1.7405669689178467, 1.616339087486267, 1.6233899593353271, 1.6920708417892456, 1.7007853984832764, 1.6597787141799927, 1.6897070407867432, 1.6452898979187012, 1.6952574253082275, 1.6852577924728394, 1.630238652229309, 1.6513383388519287, 1.6304937601089478, 1.6508311033248901, 1.6386219263076782, 1.6561248302459717, 1.6610995531082153, 1.654122233390808, 1.663706660270691, 1.65047025680542, 1.642196536064148, 1.663527011871338, 1.6573823690414429, 1.663930892944336, 1.6696935892105103, 1.6693980693817139, 1.665321707725525, 1.6693977117538452, 1.6661771535873413, 1.6604796648025513, 1.659731388092041, 1.6673002243041992, 1.6751941442489624, 1.6726040840148926, 1.675575613975525]",0.7145000100135803,,892198700,,7797668,,,,,"[14, 2, 44, 57, 10, 40, 28, 31]",0.0,0.0,0.25,0,33,0,400,0.0,0.0825,False,BEST,0.85,True,True,"[[86  0  1 ...  0  0  0]
 [ 0 79  0 ...  0  0  0]
 [ 0  0 62 ...  0  4  0]
 ...
 [ 0  0  0 ... 69  0  0]
 [ 1  0  2 ...  0 53  1]
 [ 0  0  0 ...  0  0 73]]",0.7145,0.725629299,0.7145,0.715095812,213
BDMIOQ[M][M][M][M][M][M][M][M],,28,20,14,True,True,"[60, 26, 23, 58, 38, 38, 54, 22]",[],"[{'INP': 32}, {'CONV': [64, 3]}, ({'CONV': [256, 5]}, {'CONV': [128, 3]}), ({'CONV': [64, 5]}, {'CONV': [64, 3]}, {'POOLMAX': [-1, 2]}), ({'CONV': [64, 3]}, {'CONV': [256, 5]}), ({'CONV': [256, 5]}, {'CONV': [64, 3]}, {'POOLMAX': [-1, 2]}), ({'CONV': [128, 3]}, {'CONV': [256, 3]}), ({'CONV': [128, 3]}, {'CONV': [256, 3]}, {'POOLMAX': [-1, 2]}), ({'CONV': [256, 3]}, {'CONV': [256, 3]}), ({'CONV': [64, 3]}, {'CONV': [256, 3]}, {'POOLMAX': [-1, 2]}), {'GLOBAL_AVG': None}, {'LAST_DENSE': [100, 'softmax']}]",NONE,MSWAP,GA,70,"[0.11729999631643295, 0.2084999978542328, 0.30160000920295715, 0.36820000410079956, 0.384799987077713, 0.461899995803833, 0.4198000133037567, 0.41190001368522644, 0.49779999256134033, 0.4943999946117401, 0.5199000239372253, 0.4968999922275543, 0.513700008392334, 0.5343000292778015, 0.5174999833106995, 0.5375999808311462, 0.5496000051498413, 0.5252000093460083, 0.5338000059127808, 0.588699996471405, 0.5511999726295471, 0.5116000175476074, 0.525600016117096, 0.5443999767303467, 0.4959000051021576, 0.6184999942779541, 0.6377999782562256, 0.6621999740600586, 0.6380000114440918, 0.6430000066757202, 0.645799994468689, 0.6593999862670898, 0.6527000069618225, 0.675000011920929, 0.6780999898910522, 0.6880999803543091, 0.6858999729156494, 0.6744999885559082, 0.6679999828338623, 0.6796000003814697, 0.6664000153541565, 0.6998999714851379, 0.6902999877929688, 0.6941999793052673, 0.6969000101089478, 0.7031000256538391, 0.6951000094413757, 0.6948999762535095, 0.6890000104904175, 0.6919000148773193, 0.6861000061035156, 0.7002000212669373, 0.7009999752044678, 0.7050999999046326, 0.7064999938011169, 0.7021999955177307, 0.7063999772071838, 0.7085999846458435, 0.70660001039505, 0.7046999931335449, 0.70660001039505, 0.7074000239372253, 0.7074999809265137, 0.7088000178337097, 0.708899974822998, 0.7077999711036682, 0.7085999846458435, 0.7078999876976013, 0.7067999839782715, 0.7080000042915344]","[4.1605544090271, 3.5486719608306885, 3.1324729919433594, 2.842745065689087, 2.757619619369507, 2.5119781494140625, 2.696997880935669, 2.8746349811553955, 2.426010847091675, 2.3847479820251465, 2.300262451171875, 2.4505953788757324, 2.403291940689087, 2.2811226844787598, 2.39863657951355, 2.3340001106262207, 2.2398006916046143, 2.3726916313171387, 2.380235433578491, 2.119290828704834, 2.3036675453186035, 2.545104742050171, 2.56329345703125, 2.4330837726593018, 2.7625553607940674, 2.00403094291687, 1.944624662399292, 1.7924234867095947, 1.9115054607391357, 1.8932441473007202, 1.8920791149139404, 1.8230103254318237, 1.8510031700134277, 1.7816349267959595, 1.7913447618484497, 1.7124576568603516, 1.7234981060028076, 1.7408040761947632, 1.832285761833191, 1.7655929327011108, 1.8398771286010742, 1.686075210571289, 1.7376035451889038, 1.7063385248184204, 1.7044343948364258, 1.6649826765060425, 1.7183752059936523, 1.7203720808029175, 1.7737104892730713, 1.7269030809402466, 1.7789541482925415, 1.710507869720459, 1.6877238750457764, 1.715756893157959, 1.7054507732391357, 1.742201328277588, 1.7162615060806274, 1.7004461288452148, 1.7251468896865845, 1.7332736253738403, 1.7304495573043823, 1.7244277000427246, 1.7391752004623413, 1.733818769454956, 1.7268158197402954, 1.7390525341033936, 1.7391046285629272, 1.7350364923477173, 1.7438298463821411, 1.7344542741775513]",0.7080000042915344,,1004250220,,10180388,,,,,"[60, 26, 23, 54, 38, 38, 58, 22]",0.0,0.0,0.25,0,37,0,400,0.0,0.0925,False,BEST,0.95,True,True,"[[85  0  0 ...  0  0  0]
 [ 0 81  0 ...  0  0  0]
 [ 0  1 53 ...  0  4  0]
 ...
 [ 0  0  0 ... 73  0  0]
 [ 0  1  3 ...  0 48  0]
 [ 0  0  0 ...  0  0 72]]",0.7079,0.720629298,0.7079,0.70913895,38
BMIFJF[M][M][M][M][M][M][M],,29,20,17,True,True,"[37, 12, 23, 29, 46, 5, 17, 4]",[],"[{'INP': 32}, {'CONV': [64, 3]}, ({'CONV': [128, 3]}, {'CONV': [128, 5]}), ({'CONV': [32, 5]}, {'CONV': [128, 3]}, {'POOLMAX': [-1, 2]}), ({'CONV': [64, 3]}, {'CONV': [256, 5]}), ({'CONV': [64, 5]}, {'CONV': [128, 5]}, {'POOLMAX': [-1, 2]}), ({'CONV': [128, 5]}, {'CONV': [256, 3]}), ({'CONV': [32, 3]}, {'CONV': [128, 5]}, {'POOLMAX': [-1, 2]}), ({'CONV': [64, 3]}, {'CONV': [32, 5]}), ({'CONV': [32, 3]}, {'CONV': [128, 3]}, {'POOLMAX': [-1, 2]}), {'GLOBAL_AVG': None}, {'LAST_DENSE': [100, 'softmax']}]",NONE,MSWAP,GA,70,"[0.09369999915361404, 0.20329999923706055, 0.22939999401569366, 0.2937000095844269, 0.40799999237060547, 0.4041999876499176, 0.4090000092983246, 0.3662000000476837, 0.4203000068664551, 0.46950000524520874, 0.49720001220703125, 0.47519999742507935, 0.47540000081062317, 0.5354999899864197, 0.4869000017642975, 0.5529000163078308, 0.5611000061035156, 0.5184999704360962, 0.5388000011444092, 0.5527999997138977, 0.5360000133514404, 0.5618000030517578, 0.637499988079071, 0.6198999881744385, 0.6384000182151794, 0.6262999773025513, 0.6299999952316284, 0.6198999881744385, 0.640999972820282, 0.6306999921798706, 0.6596999764442444, 0.6686000227928162, 0.6575999855995178, 0.6721000075340271, 0.6658999919891357, 0.6550999879837036, 0.671500027179718, 0.6694999933242798, 0.6686999797821045, 0.6935999989509583, 0.6741999983787537, 0.6919000148773193, 0.6908000111579895, 0.685699999332428, 0.6923999786376953, 0.6820999979972839, 0.6837000250816345, 0.7010999917984009, 0.6955999732017517, 0.6924999952316284, 0.6905999779701233, 0.6938999891281128, 0.6959999799728394, 0.6966000199317932, 0.692300021648407, 0.6984999775886536, 0.7023000121116638, 0.6934000253677368, 0.6983000040054321, 0.6930999755859375, 0.6962000131607056, 0.6978999972343445, 0.7013999819755554, 0.6990000009536743, 0.7010999917984009, 0.6988000273704529, 0.6985999941825867, 0.6995999813079834, 0.6987000107765198, 0.6980999708175659]","[4.356694221496582, 3.58487606048584, 4.4476447105407715, 3.270704746246338, 2.666335105895996, 2.7049684524536133, 2.8113949298858643, 3.02824068069458, 2.7636265754699707, 2.458110809326172, 2.3640120029449463, 2.4729042053222656, 2.6029975414276123, 2.2612926959991455, 2.5436670780181885, 2.1796610355377197, 2.1538164615631104, 2.3330817222595215, 2.3282909393310547, 2.2234396934509277, 2.3183836936950684, 2.2162561416625977, 1.8480640649795532, 1.9060980081558228, 1.8299839496612549, 1.9049150943756104, 1.8956843614578247, 1.9517933130264282, 1.8328064680099487, 1.8756341934204102, 1.757420301437378, 1.714492917060852, 1.7604435682296753, 1.6977968215942383, 1.7667179107666016, 1.8056015968322754, 1.744383454322815, 1.7499011754989624, 1.7790089845657349, 1.6594300270080566, 1.7617156505584717, 1.6561692953109741, 1.672855019569397, 1.7246804237365723, 1.6944102048873901, 1.7333096265792847, 1.7115459442138672, 1.6537675857543945, 1.7076596021652222, 1.7300859689712524, 1.7246925830841064, 1.735634207725525, 1.7075062990188599, 1.7183626890182495, 1.7248780727386475, 1.7157484292984009, 1.696974277496338, 1.7374086380004883, 1.7327975034713745, 1.7529253959655762, 1.7480429410934448, 1.7360851764678955, 1.7346528768539429, 1.738391637802124, 1.7350355386734009, 1.7437679767608643, 1.7381879091262817, 1.7403992414474487, 1.7458927631378174, 1.7413330078125]",0.6980999708175659,,920268332,,6019492,,,,,"[37, 12, 23, 5, 46, 29, 17, 4]",0.0,0.0,0.25,0,51,0,400,0.0,0.1275,False,BEST,0.65,True,True,"[[83  0  0 ...  0  0  0]
 [ 0 85  0 ...  0  0  1]
 [ 1  0 59 ...  0  2  0]
 ...
 [ 0  0  0 ... 69  0  0]
 [ 0  0  2 ...  0 47  0]
 [ 0  0  0 ...  0  0 74]]",0.6981,0.709728023,0.6981,0.698682047,35
BULHAW[M][M][M][M][M][M][M][M][M][M][M][M][M][M][M],,30,20,20,True,True,"[29, 21, 4, 38, 39, 7, 17, 62]",[],"[{'INP': 32}, {'CONV': [64, 3]}, ({'CONV': [64, 5]}, {'CONV': [128, 5]}), ({'CONV': [64, 3]}, {'CONV': [128, 5]}, {'POOLMAX': [-1, 2]}), ({'CONV': [32, 3]}, {'CONV': [128, 3]}), ({'CONV': [128, 3]}, {'CONV': [256, 3]}, {'POOLMAX': [-1, 2]}), ({'CONV': [128, 3]}, {'CONV': [256, 5]}), ({'CONV': [32, 3]}, {'CONV': [256, 5]}, {'POOLMAX': [-1, 2]}), ({'CONV': [64, 3]}, {'CONV': [32, 5]}), ({'CONV': [256, 5]}, {'CONV': [256, 3]}, {'POOLMAX': [-1, 2]}), {'GLOBAL_AVG': None}, {'LAST_DENSE': [100, 'softmax']}]",NONE,MSWAP,GA,70,"[0.08959999680519104, 0.1703999936580658, 0.22280000150203705, 0.30169999599456787, 0.33550000190734863, 0.4429999887943268, 0.43689998984336853, 0.45969998836517334, 0.4361000061035156, 0.4832000136375427, 0.42809998989105225, 0.4830000102519989, 0.5238000154495239, 0.5034000277519226, 0.46779999136924744, 0.5361999869346619, 0.5157999992370605, 0.5095999836921692, 0.567799985408783, 0.5374000072479248, 0.5453000068664551, 0.536300003528595, 0.5697000026702881, 0.5724999904632568, 0.6218000054359436, 0.6001999974250793, 0.637499988079071, 0.6114000082015991, 0.6301000118255615, 0.6121000051498413, 0.652899980545044, 0.6383000016212463, 0.6316999793052673, 0.6276000142097473, 0.6392999887466431, 0.6592000126838684, 0.6434000134468079, 0.6366000175476074, 0.6241999864578247, 0.6334999799728394, 0.6656000018119812, 0.6809999942779541, 0.6884999871253967, 0.6830000281333923, 0.6901999711990356, 0.664900004863739, 0.6930000185966492, 0.6726999878883362, 0.6753000020980835, 0.6962000131607056, 0.6983000040054321, 0.682699978351593, 0.6704999804496765, 0.6862999796867371, 0.680400013923645, 0.6729000210762024, 0.7073000073432922, 0.7078999876976013, 0.6995999813079834, 0.7049999833106995, 0.6948000192642212, 0.7146000266075134, 0.7135000228881836, 0.7148000001907349, 0.715499997138977, 0.7135999798774719, 0.7206000089645386, 0.723800003528595, 0.7196999788284302, 0.7161999940872192]","[4.706958293914795, 4.4129509925842285, 3.845665216445923, 3.3659164905548096, 3.122936964035034, 2.6051554679870605, 2.6292834281921387, 2.561307907104492, 2.815556049346924, 2.5121607780456543, 2.9644434452056885, 2.5553205013275146, 2.3675220012664795, 2.5007379055023193, 2.6779842376708984, 2.3128817081451416, 2.4672446250915527, 2.5160741806030273, 2.218120574951172, 2.3642518520355225, 2.355062246322632, 2.4017956256866455, 2.258923053741455, 2.239659070968628, 1.9994478225708008, 2.1075079441070557, 1.9348410367965698, 2.0313339233398438, 1.9324743747711182, 2.070424795150757, 1.8439213037490845, 1.9224140644073486, 1.9447861909866333, 1.9517360925674438, 1.8826507329940796, 1.8307523727416992, 1.8910752534866333, 1.9578557014465332, 2.099189043045044, 1.9785802364349365, 1.8604170083999634, 1.7691458463668823, 1.756449580192566, 1.8280586004257202, 1.7544718980789185, 1.907034158706665, 1.75382661819458, 1.8599201440811157, 1.8881893157958984, 1.752915382385254, 1.723945140838623, 1.820576786994934, 1.9179123640060425, 1.8008066415786743, 1.810022234916687, 1.9571410417556763, 1.7392170429229736, 1.7538416385650635, 1.7862982749938965, 1.7565996646881104, 1.841810703277588, 1.75906503200531, 1.7449593544006348, 1.779642939567566, 1.7661267518997192, 1.769663691520691, 1.7676249742507935, 1.7553949356079102, 1.7826918363571167, 1.7994861602783203]",0.7161999940872192,,1946956588,,6865828,,,,,"[29, 62, 4, 38, 39, 7, 17, 21]",0.0,0.0,0.25,0,43,0,400,0.0,0.1075,False,BEST,1.0,True,True,"[[86  1  0 ...  0  0  0]
 [ 0 82  0 ...  0  0  0]
 [ 0  0 70 ...  0  1  0]
 ...
 [ 0  0  0 ... 74  0  0]
 [ 0  0  2 ...  0 51  1]
 [ 0  0  1 ...  0  0 70]]",0.7162,0.729380949,0.7162,0.717511463,32
BPEEVV,,1,20,19,False,False,"[14, 55, 13, 26, 63, 4, 43, 62]",[],"[{'INP': 32}, {'CONV': [64, 3]}, ({'CONV': [32, 5]}, {'CONV': [256, 3]}), ({'CONV': [256, 3]}, {'CONV': [256, 5]}, {'POOLMAX': [-1, 2]}), ({'CONV': [32, 5]}, {'CONV': [128, 5]}), ({'CONV': [64, 5]}, {'CONV': [64, 3]}, {'POOLMAX': [-1, 2]}), ({'CONV': [256, 5]}, {'CONV': [256, 5]}), ({'CONV': [32, 3]}, {'CONV': [128, 3]}, {'POOLMAX': [-1, 2]}), ({'CONV': [128, 5]}, {'CONV': [64, 5]}), ({'CONV': [256, 5]}, {'CONV': [256, 3]}, {'POOLMAX': [-1, 2]}), {'GLOBAL_AVG': None}, {'LAST_DENSE': [100, 'softmax']}]",NONE,NONE,RANDOM,70,"[0.11110000312328339, 0.18379999697208405, 0.28870001435279846, 0.26510000228881836, 0.322299987077713, 0.3488999903202057, 0.44679999351501465, 0.43050000071525574, 0.4577000141143799, 0.4715999960899353, 0.4555000066757202, 0.4909000098705292, 0.5077999830245972, 0.4634999930858612, 0.5551999807357788, 0.5565000176429749, 0.5331000089645386, 0.5504000186920166, 0.5526999831199646, 0.5203999876976013, 0.6180999875068665, 0.6075999736785889, 0.5949000120162964, 0.6330000162124634, 0.6144999861717224, 0.6031000018119812, 0.5659999847412109, 0.6425999999046326, 0.638700008392334, 0.6101999878883362, 0.6359999775886536, 0.645799994468689, 0.6488999724388123, 0.6202999949455261, 0.6089000105857849, 0.6177999973297119, 0.6435999870300293, 0.6833000183105469, 0.6758999824523926, 0.6718999743461609, 0.6662999987602234, 0.677299976348877, 0.6642000079154968, 0.6934000253677368, 0.6938999891281128, 0.6891000270843506, 0.6965000033378601, 0.6881999969482422, 0.6985999941825867, 0.6944000124931335, 0.6880000233650208, 0.6904000043869019, 0.7016000151634216, 0.6984999775886536, 0.6988000273704529, 0.6976000070571899, 0.6962000131607056, 0.6985999941825867, 0.6948999762535095, 0.7035999894142151, 0.7008000016212463, 0.7034000158309937, 0.7038000226020813, 0.7049999833106995, 0.7067000269889832, 0.7024000287055969, 0.7034000158309937, 0.7010999917984009, 0.7085000276565552, 0.707099974155426]","[4.137384414672852, 3.843456983566284, 3.2127907276153564, 3.519603967666626, 3.3858578205108643, 2.9469032287597656, 2.59924578666687, 2.645183801651001, 2.5262198448181152, 2.5267553329467773, 2.5744388103485107, 2.4424123764038086, 2.443981409072876, 2.595721483230591, 2.1689624786376953, 2.172281265258789, 2.2938363552093506, 2.211885452270508, 2.262326717376709, 2.4167025089263916, 1.915205478668213, 1.9686545133590698, 2.0178258419036865, 1.8381011486053467, 1.9175734519958496, 1.9965299367904663, 2.208409070968628, 1.7881361246109009, 1.8051060438156128, 1.9695007801055908, 1.8355300426483154, 1.7606662511825562, 1.7731881141662598, 1.9824870824813843, 2.03954815864563, 2.043097972869873, 1.8531297445297241, 1.6936060190200806, 1.7186384201049805, 1.7498338222503662, 1.7790796756744385, 1.7445977926254272, 1.8254495859146118, 1.6636344194412231, 1.6621466875076294, 1.693647027015686, 1.6701533794403076, 1.68534255027771, 1.6603636741638184, 1.6889504194259644, 1.707856297492981, 1.7431702613830566, 1.6710107326507568, 1.6835469007492065, 1.6924176216125488, 1.716773271560669, 1.7075532674789429, 1.7035597562789917, 1.7404663562774658, 1.7056573629379272, 1.7201708555221558, 1.7111611366271973, 1.6954349279403687, 1.7155101299285889, 1.6944842338562012, 1.7168234586715698, 1.7182822227478027, 1.719938039779663, 1.7076853513717651, 1.706628680229187]",0.707099974155426,,1287774572,,6722852,,,,,,-1.0,-1.0,-1.0,0,0,0,0,0.0,0.0,False,BEST,0.45,True,True,"[[86  0  0 ...  0  0  0]
 [ 0 83  0 ...  0  0  0]
 [ 0  0 63 ...  0  1  0]
 ...
 [ 0  0  0 ... 72  0  0]
 [ 0  0  1 ...  0 60  1]
 [ 0  0  1 ...  0  0 66]]",0.7071,0.718653945,0.7071,0.708375383,17
BCTNFP,,2,20,15,False,False,"[14, 49, 38, 60, 33, 38, 40, 36]",[],"[{'INP': 32}, {'CONV': [64, 3]}, ({'CONV': [32, 5]}, {'CONV': [256, 3]}), ({'CONV': [256, 3]}, {'CONV': [32, 5]}, {'POOLMAX': [-1, 2]}), ({'CONV': [128, 3]}, {'CONV': [256, 3]}), ({'CONV': [256, 5]}, {'CONV': [128, 3]}, {'POOLMAX': [-1, 2]}), ({'CONV': [128, 3]}, {'CONV': [32, 5]}), ({'CONV': [128, 3]}, {'CONV': [256, 3]}, {'POOLMAX': [-1, 2]}), ({'CONV': [128, 5]}, {'CONV': [32, 3]}), ({'CONV': [128, 3]}, {'CONV': [128, 3]}, {'POOLMAX': [-1, 2]}), {'GLOBAL_AVG': None}, {'LAST_DENSE': [100, 'softmax']}]",NONE,NONE,RANDOM,70,"[0.11649999767541885, 0.2531999945640564, 0.2290000021457672, 0.30889999866485596, 0.3785000145435333, 0.3492000102996826, 0.32600000500679016, 0.4334000051021576, 0.42649999260902405, 0.41600000858306885, 0.4415999948978424, 0.49709999561309814, 0.5094000101089478, 0.5169000029563904, 0.4966000020503998, 0.5497999787330627, 0.5533000230789185, 0.5159000158309937, 0.5605000257492065, 0.5529000163078308, 0.5580000281333923, 0.5266000032424927, 0.5353000164031982, 0.5875999927520752, 0.557699978351593, 0.5627999901771545, 0.5738000273704529, 0.5327000021934509, 0.5494999885559082, 0.6122999787330627, 0.6333000063896179, 0.6251999735832214, 0.6481999754905701, 0.5964000225067139, 0.6230999827384949, 0.6456000208854675, 0.6273000240325928, 0.6312999725341797, 0.6345999836921692, 0.6435999870300293, 0.6376000046730042, 0.6718999743461609, 0.679099977016449, 0.6861000061035156, 0.6863999962806702, 0.6808000206947327, 0.6694999933242798, 0.683899998664856, 0.6841999888420105, 0.6887999773025513, 0.6729000210762024, 0.6700999736785889, 0.6809999942779541, 0.6790000200271606, 0.6554999947547913, 0.6908000111579895, 0.6990000009536743, 0.6915000081062317, 0.6972000002861023, 0.6930999755859375, 0.7023000121116638, 0.6972000002861023, 0.7020000219345093, 0.6963000297546387, 0.7067000269889832, 0.7031000256538391, 0.6984000205993652, 0.7028999924659729, 0.7034000158309937, 0.7023000121116638]","[4.21520471572876, 3.2715742588043213, 3.592818021774292, 3.103071928024292, 2.7442896366119385, 3.0251407623291016, 3.144540309906006, 2.6076111793518066, 2.6763765811920166, 2.7417585849761963, 2.6017093658447266, 2.4386656284332275, 2.3364078998565674, 2.349121570587158, 2.404994487762451, 2.183854818344116, 2.1504828929901123, 2.326791524887085, 2.138483762741089, 2.221662998199463, 2.2271509170532227, 2.3805768489837646, 2.3112070560455322, 2.081594228744507, 2.2240750789642334, 2.1983885765075684, 2.177389144897461, 2.4117534160614014, 2.3052914142608643, 1.9804039001464844, 1.9052759408950806, 1.9191677570343018, 1.830698847770691, 2.188742160797119, 1.9567004442214966, 1.8151570558547974, 1.8893742561340332, 1.909104347229004, 1.8822669982910156, 1.8379396200180054, 1.8367372751235962, 1.7421783208847046, 1.7302652597427368, 1.6933337450027466, 1.6878083944320679, 1.7055052518844604, 1.8210431337356567, 1.684309959411621, 1.7240182161331177, 1.6556771993637085, 1.7655203342437744, 1.7948261499404907, 1.7042704820632935, 1.6972836256027222, 1.9108355045318604, 1.6694072484970093, 1.6574223041534424, 1.6956584453582764, 1.6726961135864258, 1.7211050987243652, 1.661258578300476, 1.72090482711792, 1.6929417848587036, 1.7445729970932007, 1.6823583841323853, 1.6918749809265137, 1.7255046367645264, 1.7100162506103516, 1.7042447328567505, 1.714159607887268]",0.7023000121116638,,526593900,,4596004,,,,,,-1.0,-1.0,-1.0,0,0,0,0,0.0,0.0,False,BEST,0.45,True,True,"[[88  0  0 ...  0  0  0]
 [ 0 81  1 ...  0  0  0]
 [ 0  0 56 ...  0  3  0]
 ...
 [ 0  0  0 ... 68  0  0]
 [ 0  0  1 ...  0 51  0]
 [ 0  0  0 ...  0  0 80]]",0.7024,0.715798174,0.7024,0.703874868,150
BNIFIG,,3,20,17,False,False,"[10, 28, 23, 31, 12, 48, 4, 55]",[],"[{'INP': 32}, {'CONV': [64, 3]}, ({'CONV': [32, 5]}, {'CONV': [64, 3]}), ({'CONV': [64, 5]}, {'CONV': [128, 3]}, {'POOLMAX': [-1, 2]}), ({'CONV': [64, 3]}, {'CONV': [256, 5]}), ({'CONV': [64, 5]}, {'CONV': [256, 5]}, {'POOLMAX': [-1, 2]}), ({'CONV': [32, 5]}, {'CONV': [128, 3]}), ({'CONV': [256, 3]}, {'CONV': [32, 3]}, {'POOLMAX': [-1, 2]}), ({'CONV': [32, 3]}, {'CONV': [128, 3]}), ({'CONV': [256, 3]}, {'CONV': [256, 5]}, {'POOLMAX': [-1, 2]}), {'GLOBAL_AVG': None}, {'LAST_DENSE': [100, 'softmax']}]",NONE,NONE,RANDOM,70,"[0.12219999730587006, 0.23250000178813934, 0.2851000130176544, 0.3091999888420105, 0.33730000257492065, 0.3433000147342682, 0.4106999933719635, 0.4499000012874603, 0.4027000069618225, 0.46470001339912415, 0.5044000148773193, 0.4986000061035156, 0.4763000011444092, 0.4050999879837036, 0.4860999882221222, 0.5591999888420105, 0.5615000128746033, 0.571399986743927, 0.5389000177383423, 0.524399995803833, 0.5770000219345093, 0.603600025177002, 0.5891000032424927, 0.5503000020980835, 0.5494999885559082, 0.5536999702453613, 0.6161999702453613, 0.5821999907493591, 0.49079999327659607, 0.6096000075340271, 0.6037999987602234, 0.5683000087738037, 0.6608999967575073, 0.6383000016212463, 0.6654000282287598, 0.6572999954223633, 0.6316999793052673, 0.6553999781608582, 0.6812999844551086, 0.6794999837875366, 0.6614999771118164, 0.650600016117096, 0.6783000230789185, 0.6514999866485596, 0.656000018119812, 0.673799991607666, 0.6852999925613403, 0.6915000081062317, 0.6912999749183655, 0.6805999875068665, 0.7038999795913696, 0.6991999745368958, 0.7039999961853027, 0.7034000158309937, 0.7002000212669373, 0.6956999897956848, 0.7121000289916992, 0.7148000001907349, 0.7174000144004822, 0.7080000042915344, 0.7091000080108643, 0.7074000239372253, 0.7113000154495239, 0.7131999731063843, 0.7131999731063843, 0.7139000296592712, 0.7110999822616577, 0.7149999737739563, 0.7146000266075134, 0.7141000032424927]","[4.090385437011719, 3.421821117401123, 3.2851905822753906, 3.2367725372314453, 3.2191860675811768, 3.1081960201263428, 2.7911012172698975, 2.565708875656128, 2.817206621170044, 2.6228511333465576, 2.3851499557495117, 2.4206056594848633, 2.5395233631134033, 3.050224542617798, 2.558166980743408, 2.238574743270874, 2.182394027709961, 2.1483983993530273, 2.3163564205169678, 2.403264284133911, 2.1654343605041504, 2.0429699420928955, 2.1068763732910156, 2.3469011783599854, 2.3288393020629883, 2.3742260932922363, 2.0339415073394775, 2.160165548324585, 2.823232889175415, 2.1229145526885986, 2.153738021850586, 2.351809501647949, 1.875009536743164, 1.9157730340957642, 1.7982585430145264, 1.855715036392212, 1.9524587392807007, 1.863409399986267, 1.7514240741729736, 1.7182269096374512, 1.815132975578308, 1.915887713432312, 1.7477415800094604, 1.9348769187927246, 1.8876816034317017, 1.80630624294281, 1.7593804597854614, 1.7391021251678467, 1.7623569965362549, 1.7889951467514038, 1.6902486085891724, 1.7238037586212158, 1.7034646272659302, 1.7152420282363892, 1.7340604066848755, 1.7449430227279663, 1.6618812084197998, 1.680077314376831, 1.6701446771621704, 1.7024890184402466, 1.7171481847763062, 1.715606689453125, 1.695124626159668, 1.6976314783096313, 1.688438057899475, 1.6952219009399414, 1.7200812101364136, 1.7051937580108643, 1.7012978792190552, 1.7114015817642212]",0.7141000032424927,,3456985836,,7767588,,,,,,-1.0,-1.0,-1.0,0,0,0,0,0.0,0.0,False,BEST,0.6,True,True,"[[84  0  0 ...  0  0  0]
 [ 0 86  0 ...  0  0  0]
 [ 0  0 64 ...  0  2  0]
 ...
 [ 0  0  0 ... 75  0  0]
 [ 0  0  2 ...  0 51  0]
 [ 0  0  0 ...  0  0 75]]",0.7141,0.728158251,0.7141,0.715914594,50
BFVIUP,,4,20,5,False,False,"[52, 0, 62, 24, 55, 6, 52, 55]",[],"[{'INP': 32}, {'CONV': [64, 3]}, ({'CONV': [256, 3]}, {'CONV': [128, 3]}), ({'CONV': [32, 3]}, {'CONV': [32, 3]}, {'POOLMAX': [-1, 2]}), ({'CONV': [256, 5]}, {'CONV': [256, 3]}), ({'CONV': [64, 5]}, {'CONV': [32, 3]}, {'POOLMAX': [-1, 2]}), ({'CONV': [256, 3]}, {'CONV': [256, 5]}), ({'CONV': [32, 3]}, {'CONV': [256, 3]}, {'POOLMAX': [-1, 2]}), ({'CONV': [256, 3]}, {'CONV': [128, 3]}), ({'CONV': [256, 3]}, {'CONV': [256, 5]}, {'POOLMAX': [-1, 2]}), {'GLOBAL_AVG': None}, {'LAST_DENSE': [100, 'softmax']}]",NONE,NONE,RANDOM,70,"[0.09839999675750732, 0.16030000150203705, 0.25949999690055847, 0.3458999991416931, 0.3296000063419342, 0.41119998693466187, 0.412200003862381, 0.3971000015735626, 0.420199990272522, 0.4611999988555908, 0.40610000491142273, 0.45820000767707825, 0.4794999957084656, 0.41370001435279846, 0.4925000071525574, 0.5630999803543091, 0.5400999784469604, 0.5824000239372253, 0.5975000262260437, 0.5701000094413757, 0.597599983215332, 0.6254000067710876, 0.5776000022888184, 0.5522000193595886, 0.6177999973297119, 0.6089000105857849, 0.6061999797821045, 0.6459000110626221, 0.5909000039100647, 0.6381000280380249, 0.6276000142097473, 0.657800018787384, 0.6492000222206116, 0.6225000023841858, 0.6301000118255615, 0.6463000178337097, 0.6557000279426575, 0.6766999959945679, 0.6582000255584717, 0.6766999959945679, 0.6744999885559082, 0.6632999777793884, 0.6758000254631042, 0.670799970626831, 0.6704999804496765, 0.6782000064849854, 0.6779999732971191, 0.6754999756813049, 0.685699999332428, 0.6815999746322632, 0.6822999715805054, 0.6865000128746033, 0.6847000122070312, 0.6841999888420105, 0.6905999779701233, 0.6891000270843506, 0.6877999901771545, 0.6816999912261963, 0.6837999820709229, 0.6848999857902527, 0.6870999932289124, 0.6869000196456909, 0.6872000098228455, 0.6843000054359436, 0.6876000165939331, 0.6861000061035156, 0.6873999834060669, 0.6887000203132629, 0.6865000128746033, 0.6869999766349792]","[4.160216808319092, 3.9176106452941895, 3.2516820430755615, 2.8359594345092773, 3.0183322429656982, 2.5823559761047363, 2.6636834144592285, 2.802913188934326, 2.6395161151885986, 2.455944299697876, 2.8158013820648193, 2.6286747455596924, 2.466430425643921, 3.0810444355010986, 2.4651081562042236, 2.0920708179473877, 2.217406749725342, 1.9787074327468872, 1.9453954696655273, 2.078603982925415, 1.9196697473526, 1.798569679260254, 2.061323404312134, 2.2133047580718994, 1.8650386333465576, 1.9213356971740723, 1.9212677478790283, 1.7766553163528442, 2.051150321960449, 1.7998919486999512, 1.8888599872589111, 1.710819125175476, 1.750085711479187, 1.9215056896209717, 1.929125428199768, 1.8108115196228027, 1.7711683511734009, 1.6717066764831543, 1.7760902643203735, 1.6983792781829834, 1.7046023607254028, 1.7610490322113037, 1.7244900465011597, 1.759101152420044, 1.7571437358856201, 1.7190519571304321, 1.7264374494552612, 1.7449654340744019, 1.6974754333496094, 1.7229390144348145, 1.738798975944519, 1.7074880599975586, 1.7246955633163452, 1.7237378358840942, 1.7045230865478516, 1.7029615640640259, 1.7145980596542358, 1.7326767444610596, 1.729620337486267, 1.726768136024475, 1.7175722122192383, 1.7182050943374634, 1.7280163764953613, 1.7296611070632935, 1.7192174196243286, 1.7259730100631714, 1.7232435941696167, 1.7197203636169434, 1.725745677947998, 1.7281708717346191]",0.6869999766349792,,540388460,,3142436,,,,,,-1.0,-1.0,-1.0,0,0,0,0,0.0,0.0,False,BEST,0.25,True,True,"[[85  0  0 ...  0  0  0]
 [ 0 80  0 ...  0  0  0]
 [ 0  1 57 ...  0  4  0]
 ...
 [ 0  0  0 ... 72  0  0]
 [ 0  0  5 ...  0 51  0]
 [ 0  0  0 ...  0  0 74]]",0.6871,0.69958967,0.6871,0.687574757,6
BVXNC,,5,20,19,False,False,"[7, 60, 13, 8, 13, 38, 6, 55]",[],"[{'INP': 32}, {'CONV': [64, 3]}, ({'CONV': [32, 3]}, {'CONV': [256, 5]}), ({'CONV': [256, 5]}, {'CONV': [128, 3]}, {'POOLMAX': [-1, 2]}), ({'CONV': [32, 5]}, {'CONV': [128, 5]}), ({'CONV': [32, 5]}, {'CONV': [32, 3]}, {'POOLMAX': [-1, 2]}), ({'CONV': [32, 5]}, {'CONV': [128, 5]}), ({'CONV': [128, 3]}, {'CONV': [256, 3]}, {'POOLMAX': [-1, 2]}), ({'CONV': [32, 3]}, {'CONV': [256, 3]}), ({'CONV': [256, 3]}, {'CONV': [256, 5]}, {'POOLMAX': [-1, 2]}), {'GLOBAL_AVG': None}, {'LAST_DENSE': [100, 'softmax']}]",NONE,NONE,RANDOM,70,"[0.10939999669790268, 0.21170000731945038, 0.3077999949455261, 0.2759999930858612, 0.35929998755455017, 0.32760000228881836, 0.40389999747276306, 0.42309999465942383, 0.38269999623298645, 0.4657999873161316, 0.48829999566078186, 0.34929999709129333, 0.47679999470710754, 0.46959999203681946, 0.5181000232696533, 0.46790000796318054, 0.5289999842643738, 0.5608000159263611, 0.5281999707221985, 0.4677000045776367, 0.5539000034332275, 0.4318000078201294, 0.5306000113487244, 0.6147000193595886, 0.566100001335144, 0.6259999871253967, 0.6172000169754028, 0.5527999997138977, 0.6207000017166138, 0.6100999712944031, 0.6115000247955322, 0.6559000015258789, 0.6539999842643738, 0.65829998254776, 0.6499999761581421, 0.6651999950408936, 0.6660000085830688, 0.6503000259399414, 0.6417999863624573, 0.6606000065803528, 0.6464999914169312, 0.6819999814033508, 0.6784999966621399, 0.6859999895095825, 0.6832000017166138, 0.6807000041007996, 0.680400013923645, 0.6812999844551086, 0.6865000128746033, 0.6808000206947327, 0.6927000284194946, 0.682200014591217, 0.6891999840736389, 0.692300021648407, 0.6998999714851379, 0.6996999979019165, 0.6960999965667725, 0.7014999985694885, 0.6967999935150146, 0.6970000267028809, 0.6927000284194946, 0.7014999985694885, 0.6866000294685364, 0.7037000060081482, 0.7003999948501587, 0.6988999843597412, 0.6991999745368958, 0.6988000273704529, 0.704200029373169, 0.7050999999046326]","[4.0543084144592285, 3.4304659366607666, 2.9883456230163574, 3.359597682952881, 2.8604676723480225, 3.1874024868011475, 2.714395761489868, 2.729457139968872, 3.1681723594665527, 2.4394326210021973, 2.425137996673584, 3.940831184387207, 2.4640655517578125, 2.586982011795044, 2.235318660736084, 2.54915714263916, 2.2564873695373535, 2.1173479557037354, 2.267482042312622, 2.530033588409424, 2.162259340286255, 3.004427433013916, 2.3350162506103516, 1.9141925573349, 2.1384775638580322, 1.8102660179138184, 1.8928115367889404, 2.2159154415130615, 1.8336129188537598, 1.895124077796936, 1.92496919631958, 1.670380711555481, 1.6930463314056396, 1.7019712924957275, 1.690224051475525, 1.6244300603866577, 1.6363966464996338, 1.6674072742462158, 1.7766673564910889, 1.6383655071258545, 1.7714375257492065, 1.5887231826782227, 1.6128462553024292, 1.557909607887268, 1.5990943908691406, 1.611525297164917, 1.6079332828521729, 1.5762109756469727, 1.557761788368225, 1.6138858795166016, 1.5673784017562866, 1.5970631837844849, 1.585241675376892, 1.5791780948638916, 1.5399365425109863, 1.5419238805770874, 1.574343204498291, 1.533009648323059, 1.5749156475067139, 1.5755035877227783, 1.592118263244629, 1.5497242212295532, 1.626929759979248, 1.5557087659835815, 1.5578182935714722, 1.578733205795288, 1.5769965648651123, 1.5668143033981323, 1.560738205909729, 1.5465158224105835]",0.7050999999046326,,975200556,,6314916,,,,,,-1.0,-1.0,-1.0,0,0,0,0,0.0,0.0,False,BEST,0.7,True,True,"[[85  0  0 ...  0  0  0]
 [ 0 80  0 ...  0  0  0]
 [ 0  0 64 ...  0  1  0]
 ...
 [ 0  0  0 ... 74  1  0]
 [ 0  0  5 ...  0 48  0]
 [ 0  0  1 ...  0  0 72]]",0.7051,0.714879117,0.7051,0.705593836,80
BHUPGF,,6,20,2,False,False,"[14, 43, 56, 12, 35, 37, 62, 39]",[],"[{'INP': 32}, {'CONV': [64, 3]}, ({'CONV': [32, 5]}, {'CONV': [256, 3]}), ({'CONV': [128, 5]}, {'CONV': [64, 5]}, {'POOLMAX': [-1, 2]}), ({'CONV': [256, 5]}, {'CONV': [32, 3]}), ({'CONV': [32, 5]}, {'CONV': [128, 3]}, {'POOLMAX': [-1, 2]}), ({'CONV': [128, 3]}, {'CONV': [64, 5]}), ({'CONV': [128, 3]}, {'CONV': [128, 5]}, {'POOLMAX': [-1, 2]}), ({'CONV': [256, 5]}, {'CONV': [256, 3]}), ({'CONV': [128, 3]}, {'CONV': [256, 5]}, {'POOLMAX': [-1, 2]}), {'GLOBAL_AVG': None}, {'LAST_DENSE': [100, 'softmax']}]",NONE,NONE,RANDOM,70,"[0.10859999805688858, 0.16820000112056732, 0.3109999895095825, 0.3939000070095062, 0.3109999895095825, 0.38109999895095825, 0.4284999966621399, 0.4311999976634979, 0.4004000127315521, 0.3953000009059906, 0.5163999795913696, 0.4936000108718872, 0.5346999764442444, 0.5242999792098999, 0.5539000034332275, 0.5094000101089478, 0.541100025177002, 0.525600016117096, 0.5389000177383423, 0.5184999704360962, 0.597000002861023, 0.6299999952316284, 0.6256999969482422, 0.6427000164985657, 0.6187000274658203, 0.6363999843597412, 0.6198999881744385, 0.6256999969482422, 0.607699990272522, 0.6678000092506409, 0.6769000291824341, 0.6650999784469604, 0.6710000038146973, 0.6668000221252441, 0.6711000204086304, 0.6761000156402588, 0.6820999979972839, 0.6632000207901001, 0.6801999807357788, 0.6711000204086304, 0.6650000214576721, 0.6674000024795532, 0.691100001335144, 0.680400013923645, 0.691100001335144, 0.6898999810218811, 0.6949999928474426, 0.7075999975204468, 0.7001000046730042, 0.699999988079071, 0.7009999752044678, 0.7027999758720398, 0.7060999870300293, 0.7056999802589417, 0.7050999999046326, 0.7052000164985657, 0.7092000246047974, 0.7041000127792358, 0.7049000263214111, 0.7046999931335449, 0.7064999938011169, 0.7063999772071838, 0.7038999795913696, 0.7067000269889832, 0.7073000073432922, 0.7077000141143799, 0.7074999809265137, 0.708299994468689, 0.7074999809265137, 0.7069000005722046]","[4.070876598358154, 4.029928207397461, 3.0870182514190674, 2.713575839996338, 3.3450801372528076, 2.91800594329834, 2.6794698238372803, 2.6210081577301025, 3.000154972076416, 3.0341503620147705, 2.3468832969665527, 2.49255108833313, 2.2646191120147705, 2.367154359817505, 2.231628894805908, 2.5257177352905273, 2.348982095718384, 2.4551563262939453, 2.3449466228485107, 2.5988786220550537, 2.0505359172821045, 1.9076451063156128, 1.9195911884307861, 1.8576090335845947, 1.9932959079742432, 1.876703143119812, 1.9565179347991943, 1.9821300506591797, 2.076064348220825, 1.7536131143569946, 1.7345224618911743, 1.79440176486969, 1.7831536531448364, 1.80050528049469, 1.749694585800171, 1.7277908325195312, 1.6751359701156616, 1.8204758167266846, 1.7103265523910522, 1.759135365486145, 1.8208496570587158, 1.8000718355178833, 1.7106660604476929, 1.764602541923523, 1.7173442840576172, 1.7308443784713745, 1.7347968816757202, 1.6709651947021484, 1.6860100030899048, 1.7016013860702515, 1.6978673934936523, 1.7004140615463257, 1.6895625591278076, 1.6974388360977173, 1.724801778793335, 1.7211298942565918, 1.6980576515197754, 1.719170331954956, 1.709067940711975, 1.7337281703948975, 1.7279683351516724, 1.7244627475738525, 1.738006830215454, 1.718713641166687, 1.7149156332015991, 1.7202513217926025, 1.7096501588821411, 1.7219613790512085, 1.7182430028915405, 1.718713641166687]",0.7069000005722046,,992940012,,5368868,,,,,,-1.0,-1.0,-1.0,0,0,0,0,0.0,0.0,False,BEST,0.3,True,True,"[[84  0  0 ...  0  0  0]
 [ 0 79  0 ...  0  0  0]
 [ 0  0 54 ...  0  3  0]
 ...
 [ 0  0  0 ... 73  0  0]
 [ 0  0  3 ...  0 43  1]
 [ 0  0  1 ...  0  0 72]]",0.7068,0.71983192,0.7068,0.707950285,15
BWEFLP,,7,20,11,False,False,"[14, 3, 30, 39, 39, 10, 3, 14]",[],"[{'INP': 32}, {'CONV': [64, 3]}, ({'CONV': [32, 5]}, {'CONV': [256, 3]}), ({'CONV': [32, 3]}, {'CONV': [64, 5]}, {'POOLMAX': [-1, 2]}), ({'CONV': [64, 5]}, {'CONV': [256, 3]}), ({'CONV': [128, 3]}, {'CONV': [256, 5]}, {'POOLMAX': [-1, 2]}), ({'CONV': [128, 3]}, {'CONV': [256, 5]}), ({'CONV': [32, 5]}, {'CONV': [64, 3]}, {'POOLMAX': [-1, 2]}), ({'CONV': [32, 3]}, {'CONV': [64, 5]}), ({'CONV': [32, 5]}, {'CONV': [256, 3]}, {'POOLMAX': [-1, 2]}), {'GLOBAL_AVG': None}, {'LAST_DENSE': [100, 'softmax']}]",NONE,NONE,RANDOM,70,"[0.11259999871253967, 0.16519999504089355, 0.2969000041484833, 0.3228999972343445, 0.29750001430511475, 0.3776000142097473, 0.37880000472068787, 0.46549999713897705, 0.4410000145435333, 0.42899999022483826, 0.5209000110626221, 0.42160001397132874, 0.4941999912261963, 0.5069000124931335, 0.5156999826431274, 0.49720001220703125, 0.5835999846458435, 0.5864999890327454, 0.5580999851226807, 0.6007999777793884, 0.6105999946594238, 0.5979999899864197, 0.6279000043869019, 0.6144999861717224, 0.5386000275611877, 0.6000999808311462, 0.6000000238418579, 0.6061000227928162, 0.6575999855995178, 0.6636000275611877, 0.6671000123023987, 0.6557000279426575, 0.6672999858856201, 0.671999990940094, 0.6610000133514404, 0.6704000234603882, 0.6758999824523926, 0.6675000190734863, 0.6437000036239624, 0.6588000059127808, 0.6541000008583069, 0.6567999720573425, 0.6913999915122986, 0.6877999901771545, 0.6988999843597412, 0.7021999955177307, 0.6945000290870667, 0.691100001335144, 0.696399986743927, 0.6722999811172485, 0.6809999942779541, 0.7034000158309937, 0.70660001039505, 0.7099000215530396, 0.6913999915122986, 0.7006000280380249, 0.7064999938011169, 0.7032999992370605, 0.7053999900817871, 0.7060999870300293, 0.703000009059906, 0.7056000232696533, 0.7084000110626221, 0.7067000269889832, 0.7085000276565552, 0.7075999975204468, 0.7081000208854675, 0.7084000110626221, 0.7095000147819519, 0.70660001039505]","[4.265068054199219, 3.7537851333618164, 3.166409492492676, 3.184995412826538, 3.390498161315918, 3.095184087753296, 2.9630954265594482, 2.4921696186065674, 2.600761890411377, 2.6955618858337402, 2.3031253814697266, 2.9178225994110107, 2.4138946533203125, 2.4982612133026123, 2.3305718898773193, 2.442892074584961, 2.04753041267395, 2.0353188514709473, 2.204390525817871, 1.949877142906189, 1.8938355445861816, 2.020296335220337, 1.847214698791504, 1.8676931858062744, 2.4110512733459473, 2.0123116970062256, 2.00502610206604, 1.978777289390564, 1.755505084991455, 1.7142232656478882, 1.7497705221176147, 1.802419900894165, 1.719022274017334, 1.6963447332382202, 1.7746893167495728, 1.7274993658065796, 1.6529020071029663, 1.725551962852478, 1.8727173805236816, 1.8291869163513184, 1.7823107242584229, 1.8354066610336304, 1.661150574684143, 1.6819814443588257, 1.636797308921814, 1.635051965713501, 1.6748994588851929, 1.688570261001587, 1.6620779037475586, 1.8046890497207642, 1.764773964881897, 1.6457873582839966, 1.6434097290039062, 1.6408467292785645, 1.7399051189422607, 1.6851210594177246, 1.6629724502563477, 1.6881916522979736, 1.678705096244812, 1.6812924146652222, 1.6959476470947266, 1.6747196912765503, 1.6763373613357544, 1.6804709434509277, 1.6818147897720337, 1.6781419515609741, 1.6704792976379395, 1.677952527999878, 1.681126594543457, 1.679535984992981]",0.70660001039505,,1345296108,,6968868,,,,,,-1.0,-1.0,-1.0,0,0,0,0,0.0,0.0,False,BEST,0.5,True,True,"[[87  0  0 ...  0  0  0]
 [ 0 81  0 ...  0  0  0]
 [ 0  0 56 ...  0  0  0]
 ...
 [ 0  0  0 ... 73  0  0]
 [ 0  0  3 ...  0 53  0]
 [ 0  0  1 ...  0  0 72]]",0.7066,0.71767984,0.7066,0.70699984,23
BXJNOA,,8,20,11,False,False,"[50, 0, 27, 20, 38, 7, 50, 55]",[],"[{'INP': 32}, {'CONV': [64, 3]}, ({'CONV': [256, 3]}, {'CONV': [64, 3]}), ({'CONV': [32, 3]}, {'CONV': [32, 3]}, {'POOLMAX': [-1, 2]}), ({'CONV': [64, 5]}, {'CONV': [64, 5]}), ({'CONV': [64, 3]}, {'CONV': [128, 3]}, {'POOLMAX': [-1, 2]}), ({'CONV': [128, 3]}, {'CONV': [256, 3]}), ({'CONV': [32, 3]}, {'CONV': [256, 5]}, {'POOLMAX': [-1, 2]}), ({'CONV': [256, 3]}, {'CONV': [64, 3]}), ({'CONV': [256, 3]}, {'CONV': [256, 5]}, {'POOLMAX': [-1, 2]}), {'GLOBAL_AVG': None}, {'LAST_DENSE': [100, 'softmax']}]",NONE,NONE,RANDOM,70,"[0.09239999949932098, 0.21279999613761902, 0.2728999853134155, 0.34709998965263367, 0.31790000200271606, 0.41269999742507935, 0.31380000710487366, 0.33799999952316284, 0.4453999996185303, 0.38199999928474426, 0.4345000088214874, 0.5347999930381775, 0.46230000257492065, 0.48100000619888306, 0.4821999967098236, 0.47209998965263367, 0.5275999903678894, 0.5891000032424927, 0.5817999839782715, 0.569100022315979, 0.585099995136261, 0.6044999957084656, 0.5792999863624573, 0.6191999912261963, 0.6065999865531921, 0.6032000184059143, 0.6162999868392944, 0.5989999771118164, 0.6230999827384949, 0.6510999798774719, 0.6675999760627747, 0.6604999899864197, 0.6338000297546387, 0.6499000191688538, 0.6492000222206116, 0.6715999841690063, 0.677299976348877, 0.6815000176429749, 0.6926000118255615, 0.6736000180244446, 0.6851999759674072, 0.6780999898910522, 0.6808000206947327, 0.6794000267982483, 0.6875, 0.6866000294685364, 0.6869999766349792, 0.6972000002861023, 0.6916999816894531, 0.6919999718666077, 0.6965000033378601, 0.6960999965667725, 0.6955000162124634, 0.6970999836921692, 0.6998000144958496, 0.6978999972343445, 0.698199987411499, 0.6944000124931335, 0.6974999904632568, 0.6973000168800354, 0.6973000168800354, 0.6952999830245972, 0.6967999935150146, 0.6965000033378601, 0.6970999836921692, 0.6970000267028809, 0.6984000205993652, 0.6988999843597412, 0.6988999843597412, 0.6984000205993652]","[4.255162239074707, 3.393786668777466, 3.109199285507202, 2.7844502925872803, 3.0819690227508545, 2.5544183254241943, 3.2838003635406494, 3.3390145301818848, 2.4972119331359863, 2.9462344646453857, 2.6131396293640137, 2.1650428771972656, 2.494135618209839, 2.5023224353790283, 2.494645595550537, 2.5594265460968018, 2.2995729446411133, 1.9919378757476807, 1.9808471202850342, 2.0628693103790283, 1.9578496217727661, 1.9025548696517944, 1.9812427759170532, 1.8123644590377808, 1.953978180885315, 1.926279902458191, 1.8527618646621704, 1.9544894695281982, 1.832400918006897, 1.7176733016967773, 1.6366955041885376, 1.6974338293075562, 1.8590691089630127, 1.7634295225143433, 1.7749357223510742, 1.6908267736434937, 1.6425117254257202, 1.6564781665802002, 1.5892682075500488, 1.7184650897979736, 1.6338779926300049, 1.664604663848877, 1.6690263748168945, 1.6630544662475586, 1.6088589429855347, 1.6395939588546753, 1.6778693199157715, 1.627779483795166, 1.6344305276870728, 1.6289643049240112, 1.6275285482406616, 1.644675374031067, 1.6413623094558716, 1.6335386037826538, 1.6405155658721924, 1.6454558372497559, 1.635604739189148, 1.6604200601577759, 1.633974552154541, 1.6416279077529907, 1.6398231983184814, 1.6556742191314697, 1.6468833684921265, 1.6490200757980347, 1.6491605043411255, 1.6491591930389404, 1.6446101665496826, 1.645813226699829, 1.6466337442398071, 1.6476658582687378]",0.6984000205993652,,1428212396,,3703972,,,,,,-1.0,-1.0,-1.0,0,0,0,0,0.0,0.0,False,BEST,0.5,True,True,"[[90  0  0 ...  0  0  0]
 [ 0 81  0 ...  0  0  0]
 [ 0  0 64 ...  0  3  0]
 ...
 [ 0  0  0 ... 73  0  0]
 [ 0  0  2 ...  0 51  0]
 [ 0  0  0 ...  0  0 73]]",0.6984,0.710622249,0.6984,0.699302613,129
BMWJUV,,9,20,13,False,False,"[22, 52, 14, 56, 39, 20, 15, 22]",[],"[{'INP': 32}, {'CONV': [64, 3]}, ({'CONV': [64, 3]}, {'CONV': [256, 3]}), ({'CONV': [256, 3]}, {'CONV': [128, 3]}, {'POOLMAX': [-1, 2]}), ({'CONV': [32, 5]}, {'CONV': [256, 3]}), ({'CONV': [256, 5]}, {'CONV': [32, 3]}, {'POOLMAX': [-1, 2]}), ({'CONV': [128, 3]}, {'CONV': [256, 5]}), ({'CONV': [64, 3]}, {'CONV': [128, 3]}, {'POOLMAX': [-1, 2]}), ({'CONV': [32, 5]}, {'CONV': [256, 5]}), ({'CONV': [64, 3]}, {'CONV': [256, 3]}, {'POOLMAX': [-1, 2]}), {'GLOBAL_AVG': None}, {'LAST_DENSE': [100, 'softmax']}]",NONE,NONE,RANDOM,70,"[0.09210000187158585, 0.1469999998807907, 0.14650000631809235, 0.322299987077713, 0.36629998683929443, 0.38429999351501465, 0.44290000200271606, 0.4595000147819519, 0.4490000009536743, 0.43869999051094055, 0.4713999927043915, 0.4417000114917755, 0.48809999227523804, 0.5180000066757202, 0.5378000140190125, 0.5110999941825867, 0.4713999927043915, 0.5121999979019165, 0.5493000149726868, 0.539900004863739, 0.6039000153541565, 0.6229000091552734, 0.5896000266075134, 0.5683000087738037, 0.617900013923645, 0.6100000143051147, 0.5685999989509583, 0.6600000262260437, 0.6444000005722046, 0.6636000275611877, 0.6478999853134155, 0.6629999876022339, 0.6578999757766724, 0.6572999954223633, 0.6640999913215637, 0.6884999871253967, 0.6858999729156494, 0.6891999840736389, 0.6840999722480774, 0.6814000010490417, 0.6834999918937683, 0.6848000288009644, 0.670799970626831, 0.6913999915122986, 0.6934000253677368, 0.695900022983551, 0.6951000094413757, 0.6933000087738037, 0.6978999972343445, 0.6976000070571899, 0.6955000162124634, 0.6949999928474426, 0.6978999972343445, 0.6973999738693237, 0.6995000243186951, 0.6980000138282776, 0.6980000138282776, 0.6973999738693237, 0.6977999806404114, 0.6984000205993652, 0.7008000016212463, 0.6974999904632568, 0.6991999745368958, 0.6991999745368958, 0.6987000107765198, 0.6984000205993652, 0.6990000009536743, 0.701200008392334, 0.7002999782562256, 0.6992999911308289]","[4.168294429779053, 4.127531051635742, 4.425641059875488, 2.9506330490112305, 2.7525687217712402, 2.841661214828491, 2.525181531906128, 2.423729181289673, 2.593395233154297, 2.870568037033081, 2.5146071910858154, 2.6061275005340576, 2.382598400115967, 2.2374424934387207, 2.184998035430908, 2.3001043796539307, 2.5999197959899902, 2.3048665523529053, 2.186323881149292, 2.2151122093200684, 1.9080829620361328, 1.7810425758361816, 1.9143894910812378, 2.073277235031128, 1.8662011623382568, 1.8932925462722778, 2.185663938522339, 1.6615592241287231, 1.720428705215454, 1.638397216796875, 1.7360634803771973, 1.6486488580703735, 1.6819385290145874, 1.7152258157730103, 1.66313636302948, 1.547088623046875, 1.5609233379364014, 1.5225173234939575, 1.5805623531341553, 1.6052767038345337, 1.5816632509231567, 1.5792210102081299, 1.6583855152130127, 1.5655090808868408, 1.5610313415527344, 1.5523889064788818, 1.5653562545776367, 1.555220603942871, 1.5367697477340698, 1.5298094749450684, 1.5429248809814453, 1.5566307306289673, 1.5445618629455566, 1.5520482063293457, 1.546852707862854, 1.5469915866851807, 1.5500507354736328, 1.5447534322738647, 1.5496882200241089, 1.54973566532135, 1.5411250591278076, 1.5609811544418335, 1.5505270957946777, 1.5462967157363892, 1.5504778623580933, 1.552667498588562, 1.5553526878356934, 1.549072027206421, 1.5472463369369507, 1.554352879524231]",0.6992999911308289,,797212652,,4293668,,,,,,-1.0,-1.0,-1.0,0,0,0,0,0.0,0.0,False,BEST,0.65,True,True,"[[80  0  1 ...  0  0  0]
 [ 0 80  0 ...  0  0  0]
 [ 0  0 60 ...  0  5  0]
 ...
 [ 0  0  0 ... 68  0  0]
 [ 1  0  3 ...  0 52  0]
 [ 0  0  1 ...  0  0 69]]",0.6991,0.712478175,0.6991,0.700346972,51
BURWPG,,10,20,5,False,False,"[10, 61, 30, 51, 12, 38, 19, 55]",[],"[{'INP': 32}, {'CONV': [64, 3]}, ({'CONV': [32, 5]}, {'CONV': [64, 3]}), ({'CONV': [256, 5]}, {'CONV': [128, 5]}, {'POOLMAX': [-1, 2]}), ({'CONV': [64, 5]}, {'CONV': [256, 3]}), ({'CONV': [256, 3]}, {'CONV': [64, 5]}, {'POOLMAX': [-1, 2]}), ({'CONV': [32, 5]}, {'CONV': [128, 3]}), ({'CONV': [128, 3]}, {'CONV': [256, 3]}, {'POOLMAX': [-1, 2]}), ({'CONV': [64, 3]}, {'CONV': [64, 5]}), ({'CONV': [256, 3]}, {'CONV': [256, 5]}, {'POOLMAX': [-1, 2]}), {'GLOBAL_AVG': None}, {'LAST_DENSE': [100, 'softmax']}]",NONE,NONE,RANDOM,70,"[0.1347000002861023, 0.14219999313354492, 0.29420000314712524, 0.35530000925064087, 0.3882000148296356, 0.4075999855995178, 0.446399986743927, 0.47690001130104065, 0.45590001344680786, 0.46050000190734863, 0.4934999942779541, 0.42820000648498535, 0.5177000164985657, 0.47920000553131104, 0.534600019454956, 0.5497000217437744, 0.4887999892234802, 0.5527999997138977, 0.5598999857902527, 0.5479999780654907, 0.5788000226020813, 0.5065000057220459, 0.5024999976158142, 0.5812000036239624, 0.5546000003814697, 0.5378000140190125, 0.5623000264167786, 0.5860999822616577, 0.5430999994277954, 0.6421999931335449, 0.642300009727478, 0.6625999808311462, 0.6503999829292297, 0.6470000147819519, 0.6449999809265137, 0.6226000189781189, 0.6164000034332275, 0.6704999804496765, 0.6955000162124634, 0.6679999828338623, 0.6819999814033508, 0.6814000010490417, 0.6866999864578247, 0.6908000111579895, 0.6988999843597412, 0.692799985408783, 0.7028999924659729, 0.7020000219345093, 0.6948000192642212, 0.7070000171661377, 0.691100001335144, 0.7042999863624573, 0.7087000012397766, 0.6965000033378601, 0.7056999802589417, 0.711899995803833, 0.708899974822998, 0.7113000154495239, 0.7077999711036682, 0.7075999975204468, 0.7081999778747559, 0.7128999829292297, 0.713100016117096, 0.7127000093460083, 0.7087000012397766, 0.7114999890327454, 0.7123000025749207, 0.711899995803833, 0.713699996471405, 0.7117000222206116]","[3.959031343460083, 4.50126314163208, 3.252312421798706, 2.9215056896209717, 2.793731689453125, 2.694838523864746, 2.517256736755371, 2.4559288024902344, 2.5590202808380127, 2.513737201690674, 2.401827573776245, 2.813941717147827, 2.26303768157959, 2.5437710285186768, 2.2625434398651123, 2.175124168395996, 2.5737786293029785, 2.208808183670044, 2.142897844314575, 2.2307472229003906, 2.1167991161346436, 2.5774648189544678, 2.6577656269073486, 2.1015889644622803, 2.275331735610962, 2.393383502960205, 2.2089650630950928, 2.160961627960205, 2.4030823707580566, 1.872260570526123, 1.8760713338851929, 1.7741451263427734, 1.8158371448516846, 1.8737514019012451, 1.8513402938842773, 1.9368679523468018, 2.009526491165161, 1.7527345418930054, 1.623913049697876, 1.736404538154602, 1.6672139167785645, 1.7283295392990112, 1.6436880826950073, 1.6314013004302979, 1.6113219261169434, 1.6396913528442383, 1.6155245304107666, 1.6067160367965698, 1.6654300689697266, 1.5709558725357056, 1.695662260055542, 1.5983392000198364, 1.578376293182373, 1.6626404523849487, 1.6182780265808105, 1.5750964879989624, 1.6188223361968994, 1.6154333353042603, 1.618026614189148, 1.6475355625152588, 1.6149955987930298, 1.6050831079483032, 1.6071547269821167, 1.605470895767212, 1.62006676197052, 1.6060057878494263, 1.6127350330352783, 1.6111047267913818, 1.604051947593689, 1.6236597299575806]",0.7117000222206116,,3168272940,,8111524,,,,,,-1.0,-1.0,-1.0,0,0,0,0,0.0,0.0,False,BEST,0.45,True,True,"[[85  0  0 ...  0  0  0]
 [ 0 82  0 ...  0  0  0]
 [ 0  0 67 ...  0  4  0]
 ...
 [ 0  0  0 ... 71  0  0]
 [ 0  0  2 ...  0 46  1]
 [ 0  0  0 ...  0  0 73]]",0.7116,0.722783849,0.7116,0.712046606,122
BWQDRO,,11,20,16,False,False,"[13, 19, 49, 54, 53, 60, 15, 55]",[],"[{'INP': 32}, {'CONV': [64, 3]}, ({'CONV': [32, 5]}, {'CONV': [128, 5]}), ({'CONV': [64, 3]}, {'CONV': [64, 5]}, {'POOLMAX': [-1, 2]}), ({'CONV': [256, 3]}, {'CONV': [32, 5]}), ({'CONV': [256, 3]}, {'CONV': [256, 3]}, {'POOLMAX': [-1, 2]}), ({'CONV': [256, 3]}, {'CONV': [128, 5]}), ({'CONV': [256, 5]}, {'CONV': [128, 3]}, {'POOLMAX': [-1, 2]}), ({'CONV': [32, 5]}, {'CONV': [256, 5]}), ({'CONV': [256, 3]}, {'CONV': [256, 5]}, {'POOLMAX': [-1, 2]}), {'GLOBAL_AVG': None}, {'LAST_DENSE': [100, 'softmax']}]",NONE,NONE,RANDOM,70,"[0.10679999738931656, 0.1785999983549118, 0.29159998893737793, 0.305400013923645, 0.29580000042915344, 0.3278000056743622, 0.43050000071525574, 0.44339999556541443, 0.4449000060558319, 0.49459999799728394, 0.49570000171661377, 0.48510000109672546, 0.475600004196167, 0.5286999940872192, 0.4902999997138977, 0.5465999841690063, 0.5601000189781189, 0.47450000047683716, 0.5195000171661377, 0.5472000241279602, 0.5289999842643738, 0.541700005531311, 0.5989999771118164, 0.5968999862670898, 0.6039999723434448, 0.6295999884605408, 0.6402000188827515, 0.6341000199317932, 0.6287000179290771, 0.6093000173568726, 0.5935999751091003, 0.6087999939918518, 0.6468999981880188, 0.6421999931335449, 0.661899983882904, 0.6704000234603882, 0.64410001039505, 0.6671000123023987, 0.6586999893188477, 0.6452999711036682, 0.6553999781608582, 0.6704999804496765, 0.6686999797821045, 0.6812999844551086, 0.6743000149726868, 0.6873000264167786, 0.6779999732971191, 0.6793000102043152, 0.6680999994277954, 0.6789000034332275, 0.6743000149726868, 0.6869999766349792, 0.6868000030517578, 0.6837999820709229, 0.6913999915122986, 0.6855000257492065, 0.6952000260353088, 0.6905999779701233, 0.692300021648407, 0.6920999884605408, 0.6937999725341797, 0.6934000253677368, 0.6929000020027161, 0.6920999884605408, 0.6916000247001648, 0.6891999840736389, 0.6929000020027161, 0.691100001335144, 0.6930000185966492, 0.6909000277519226]","[4.025689125061035, 3.8130831718444824, 3.004490375518799, 3.0868892669677734, 3.2445342540740967, 2.9928925037384033, 2.4644181728363037, 2.4892585277557373, 2.516425371170044, 2.2816224098205566, 2.2678303718566895, 2.3149328231811523, 2.418377637863159, 2.209540843963623, 2.3274424076080322, 2.0793888568878174, 2.0654337406158447, 2.5023770332336426, 2.266010284423828, 2.181345224380493, 2.2978897094726562, 2.2014527320861816, 1.9490224123001099, 1.9501386880874634, 1.9271291494369507, 1.8126845359802246, 1.723814845085144, 1.7551939487457275, 1.7933628559112549, 1.9772179126739502, 2.00044846534729, 1.9501200914382935, 1.7349663972854614, 1.801419734954834, 1.6782851219177246, 1.6647450923919678, 1.8018525838851929, 1.6698517799377441, 1.7104367017745972, 1.7938495874404907, 1.7573444843292236, 1.7133214473724365, 1.7030938863754272, 1.6505378484725952, 1.6914863586425781, 1.628909707069397, 1.683781623840332, 1.688692569732666, 1.7536431550979614, 1.6771212816238403, 1.7304705381393433, 1.6725854873657227, 1.7177517414093018, 1.708434820175171, 1.6748931407928467, 1.6851810216903687, 1.6787068843841553, 1.6898982524871826, 1.6960999965667725, 1.6774609088897705, 1.680413842201233, 1.6901085376739502, 1.697137475013733, 1.6991872787475586, 1.6982015371322632, 1.684524416923523, 1.6911159753799438, 1.6911011934280396, 1.682735800743103, 1.6963117122650146]",0.6909000277519226,,580196908,,2932132,,,,,,-1.0,-1.0,-1.0,0,0,0,0,0.0,0.0,False,BEST,0.5,True,True,"[[76  0  0 ...  0  0  0]
 [ 0 76  0 ...  0  0  0]
 [ 0  0 62 ...  0  2  0]
 ...
 [ 0  0  0 ... 67  0  0]
 [ 0  0  3 ...  0 47  1]
 [ 0  0  0 ...  0  0 74]]",0.6911,0.702874867,0.6911,0.691752691,98
BOHZKF,,12,20,1,False,False,"[6, 54, 29, 63, 62, 19, 63, 55]",[],"[{'INP': 32}, {'CONV': [64, 3]}, ({'CONV': [32, 3]}, {'CONV': [256, 3]}), ({'CONV': [256, 3]}, {'CONV': [256, 3]}, {'POOLMAX': [-1, 2]}), ({'CONV': [64, 5]}, {'CONV': [128, 5]}), ({'CONV': [256, 5]}, {'CONV': [256, 5]}, {'POOLMAX': [-1, 2]}), ({'CONV': [256, 5]}, {'CONV': [256, 3]}), ({'CONV': [64, 3]}, {'CONV': [64, 5]}, {'POOLMAX': [-1, 2]}), ({'CONV': [256, 5]}, {'CONV': [256, 5]}), ({'CONV': [256, 3]}, {'CONV': [256, 5]}, {'POOLMAX': [-1, 2]}), {'GLOBAL_AVG': None}, {'LAST_DENSE': [100, 'softmax']}]",NONE,NONE,RANDOM,70,"[0.07419999688863754, 0.2190999984741211, 0.26809999346733093, 0.08449999988079071, 0.3741999864578247, 0.426800012588501, 0.4381999969482422, 0.4332999885082245, 0.4359000027179718, 0.43709999322891235, 0.4171999990940094, 0.5227000117301941, 0.5608999729156494, 0.5314000248908997, 0.5796999931335449, 0.5759999752044678, 0.5407000184059143, 0.5569999814033508, 0.5830000042915344, 0.5479999780654907, 0.6159999966621399, 0.6212000250816345, 0.5960000157356262, 0.5982999801635742, 0.6075000166893005, 0.6377000212669373, 0.6090999841690063, 0.6328999996185303, 0.6272000074386597, 0.6258000135421753, 0.608299970626831, 0.6381999850273132, 0.6424000263214111, 0.6574000120162964, 0.6556000113487244, 0.6385999917984009, 0.6488999724388123, 0.6539000272750854, 0.6428999900817871, 0.6680999994277954, 0.6615999937057495, 0.6646999716758728, 0.6646000146865845, 0.6650000214576721, 0.6690000295639038, 0.6664999723434448, 0.6733999848365784, 0.6660000085830688, 0.6751999855041504, 0.6704000234603882, 0.6690999865531921, 0.6703000068664551, 0.671999990940094, 0.671999990940094, 0.6740000247955322, 0.6757000088691711, 0.6776000261306763, 0.6765999794006348, 0.671999990940094, 0.6743999719619751, 0.6741999983787537, 0.6754000186920166, 0.6735000014305115, 0.6746000051498413, 0.6747000217437744, 0.6735000014305115, 0.6757000088691711, 0.6751000285148621, 0.673799991607666, 0.67330002784729]","[4.469796657562256, 3.3280651569366455, 3.1713924407958984, 8.81816577911377, 2.694542407989502, 2.4634318351745605, 2.465402841567993, 2.4866178035736084, 2.6119496822357178, 2.5821704864501953, 2.7323157787323, 2.167451858520508, 1.9527229070663452, 2.116595983505249, 1.8711605072021484, 1.8955827951431274, 2.091782808303833, 2.019087553024292, 1.9059103727340698, 2.0624172687530518, 1.7884421348571777, 1.7267705202102661, 1.9053267240524292, 1.8624718189239502, 1.8217779397964478, 1.6789851188659668, 1.8476850986480713, 1.7278169393539429, 1.7447625398635864, 1.7820689678192139, 1.896552562713623, 1.7328611612319946, 1.7009423971176147, 1.5995405912399292, 1.6682074069976807, 1.7365373373031616, 1.6961082220077515, 1.6629819869995117, 1.7134456634521484, 1.6072108745574951, 1.6542876958847046, 1.6474915742874146, 1.6539281606674194, 1.657846450805664, 1.6373792886734009, 1.6560324430465698, 1.6274561882019043, 1.645821452140808, 1.6340358257293701, 1.6428724527359009, 1.650998830795288, 1.6558367013931274, 1.6512010097503662, 1.648751974105835, 1.6361122131347656, 1.6337326765060425, 1.631956696510315, 1.632217526435852, 1.6514497995376587, 1.6433188915252686, 1.637646198272705, 1.641195297241211, 1.6475331783294678, 1.641571283340454, 1.6383626461029053, 1.647192358970642, 1.6418298482894897, 1.6377198696136475, 1.643164038658142, 1.6437208652496338]",0.67330002784729,,721488108,,2748452,,,,,,-1.0,-1.0,-1.0,0,0,0,0,0.0,0.0,False,BEST,0.4,True,True,"[[83  0  0 ...  0  0  0]
 [ 0 76  1 ...  0  0  0]
 [ 0  0 60 ...  0  4  0]
 ...
 [ 0  0  0 ... 58  0  0]
 [ 1  1  0 ...  0 51  1]
 [ 0  0  1 ...  0  0 73]]",0.6734,0.685941869,0.6734,0.674149204,86
BAGYCM,,13,20,4,False,False,"[14, 12, 4, 29, 31, 54, 32, 54]",[],"[{'INP': 32}, {'CONV': [64, 3]}, ({'CONV': [32, 5]}, {'CONV': [256, 3]}), ({'CONV': [32, 5]}, {'CONV': [128, 3]}, {'POOLMAX': [-1, 2]}), ({'CONV': [32, 3]}, {'CONV': [128, 3]}), ({'CONV': [64, 5]}, {'CONV': [128, 5]}, {'POOLMAX': [-1, 2]}), ({'CONV': [64, 5]}, {'CONV': [256, 5]}), ({'CONV': [256, 3]}, {'CONV': [256, 3]}, {'POOLMAX': [-1, 2]}), ({'CONV': [128, 3]}, {'CONV': [32, 3]}), ({'CONV': [256, 3]}, {'CONV': [256, 3]}, {'POOLMAX': [-1, 2]}), {'GLOBAL_AVG': None}, {'LAST_DENSE': [100, 'softmax']}]",NONE,NONE,RANDOM,70,"[0.12099999934434891, 0.12960000336170197, 0.29269999265670776, 0.27149999141693115, 0.3531999886035919, 0.3474999964237213, 0.4332999885082245, 0.4406999945640564, 0.36039999127388, 0.45350000262260437, 0.4767000079154968, 0.4959000051021576, 0.5031999945640564, 0.5199999809265137, 0.4239000082015991, 0.5152999758720398, 0.5030999779701233, 0.4961000084877014, 0.5494999885559082, 0.490200012922287, 0.54830002784729, 0.5494999885559082, 0.5853999853134155, 0.570900022983551, 0.5540000200271606, 0.5242999792098999, 0.59170001745224, 0.5740000009536743, 0.5745000243186951, 0.538100004196167, 0.5300999879837036, 0.5906000137329102, 0.5820000171661377, 0.6065999865531921, 0.6168000102043152, 0.6559000015258789, 0.6169999837875366, 0.6470999717712402, 0.6633999943733215, 0.6563000082969666, 0.6446999907493591, 0.6567000150680542, 0.6567999720573425, 0.6360999941825867, 0.6789000034332275, 0.6697999835014343, 0.6772000193595886, 0.6726999878883362, 0.6786999702453613, 0.6796000003814697, 0.6765000224113464, 0.691100001335144, 0.6837999820709229, 0.6819999814033508, 0.6758999824523926, 0.689300000667572, 0.6887999773025513, 0.6952999830245972, 0.6948000192642212, 0.6985999941825867, 0.692799985408783, 0.6920999884605408, 0.6998999714851379, 0.703499972820282, 0.7121999859809875, 0.6899999976158142, 0.7024000287055969, 0.7092999815940857, 0.7087000012397766, 0.6983000040054321]","[4.137190818786621, 4.613273620605469, 3.167951822280884, 3.513915538787842, 2.974273681640625, 3.0681872367858887, 2.6317684650421143, 2.6198363304138184, 3.123837471008301, 2.536252498626709, 2.483518123626709, 2.346517562866211, 2.424259901046753, 2.2833504676818848, 2.9018428325653076, 2.364286422729492, 2.467320203781128, 2.597717523574829, 2.206641912460327, 2.601262092590332, 2.219073534011841, 2.2842025756835938, 2.0937187671661377, 2.1868529319763184, 2.263274908065796, 2.4580347537994385, 2.082763910293579, 2.229916572570801, 2.1822052001953125, 2.3839938640594482, 2.516510009765625, 2.144942283630371, 2.297280788421631, 2.0901050567626953, 2.02162766456604, 1.8157129287719727, 2.023428440093994, 1.890610933303833, 1.7700904607772827, 1.7983542680740356, 1.8689086437225342, 1.7981220483779907, 1.8324158191680908, 1.916722297668457, 1.7489252090454102, 1.803426742553711, 1.7237677574157715, 1.7582093477249146, 1.771683931350708, 1.7316603660583496, 1.7818347215652466, 1.6960041522979736, 1.71531343460083, 1.746906042098999, 1.77668297290802, 1.7433005571365356, 1.7070527076721191, 1.6983970403671265, 1.7219792604446411, 1.71220064163208, 1.7359482049942017, 1.7653719186782837, 1.7258824110031128, 1.7044506072998047, 1.6744513511657715, 1.7944560050964355, 1.7448803186416626, 1.711880087852478, 1.711830496788025, 1.8164812326431274]",0.6983000040054321,,823395628,,7837604,,,,,,-1.0,-1.0,-1.0,0,0,0,0,0.0,0.0,False,BEST,0.5,True,True,"[[86  0  0 ...  0  0  0]
 [ 0 80  0 ...  0  0  0]
 [ 0  1 58 ...  0  2  0]
 ...
 [ 0  0  0 ... 75  0  0]
 [ 0  0  3 ...  0 45  0]
 [ 0  0  0 ...  0  0 74]]",0.6983,0.716147112,0.6983,0.699958383,12
BCBNIQ,,14,20,13,False,False,"[14, 60, 46, 61, 60, 56, 28, 22]",[],"[{'INP': 32}, {'CONV': [64, 3]}, ({'CONV': [32, 5]}, {'CONV': [256, 3]}), ({'CONV': [256, 5]}, {'CONV': [128, 3]}, {'POOLMAX': [-1, 2]}), ({'CONV': [128, 5]}, {'CONV': [256, 3]}), ({'CONV': [256, 5]}, {'CONV': [128, 5]}, {'POOLMAX': [-1, 2]}), ({'CONV': [256, 5]}, {'CONV': [128, 3]}), ({'CONV': [256, 5]}, {'CONV': [32, 3]}, {'POOLMAX': [-1, 2]}), ({'CONV': [64, 5]}, {'CONV': [128, 3]}), ({'CONV': [64, 3]}, {'CONV': [256, 3]}, {'POOLMAX': [-1, 2]}), {'GLOBAL_AVG': None}, {'LAST_DENSE': [100, 'softmax']}]",NONE,NONE,RANDOM,70,"[0.06260000169277191, 0.18240000307559967, 0.19269999861717224, 0.2329999953508377, 0.3962000012397766, 0.4212999939918518, 0.4203000068664551, 0.41130000352859497, 0.40610000491142273, 0.4366999864578247, 0.4465999901294708, 0.5562999844551086, 0.5669000148773193, 0.5418999791145325, 0.569599986076355, 0.5525000095367432, 0.5788999795913696, 0.5756000280380249, 0.5561000108718872, 0.5950000286102295, 0.6035000085830688, 0.5590999722480774, 0.5705999732017517, 0.5555999875068665, 0.6237000226974487, 0.6118000149726868, 0.6118000149726868, 0.629800021648407, 0.5278000235557556, 0.6036999821662903, 0.6219000220298767, 0.6171000003814697, 0.6137999892234802, 0.6482999920845032, 0.6664000153541565, 0.6653000116348267, 0.6341999769210815, 0.6729000210762024, 0.6589000225067139, 0.6696000099182129, 0.6818000078201294, 0.6626999974250793, 0.6622999906539917, 0.6973000168800354, 0.683899998664856, 0.6887000203132629, 0.6847000122070312, 0.6808000206947327, 0.6876000165939331, 0.6995999813079834, 0.6937000155448914, 0.6972000002861023, 0.6920999884605408, 0.6945000290870667, 0.6969000101089478, 0.6967999935150146, 0.6998999714851379, 0.6970000267028809, 0.6990000009536743, 0.7002999782562256, 0.7021999955177307, 0.7049999833106995, 0.7001000046730042, 0.7031999826431274, 0.7019000053405762, 0.703499972820282, 0.703000009059906, 0.7038000226020813, 0.7009999752044678, 0.7023000121116638]","[4.427987098693848, 3.691401958465576, 4.212177753448486, 3.6934304237365723, 2.6634581089019775, 2.6006946563720703, 2.652416467666626, 2.7753777503967285, 2.7893590927124023, 2.627998113632202, 2.69006609916687, 2.112872838973999, 2.0415992736816406, 2.122809648513794, 2.04642915725708, 2.1330950260162354, 2.003422737121582, 2.0573410987854004, 2.1139938831329346, 1.9580472707748413, 1.9361088275909424, 2.1946146488189697, 2.1160330772399902, 2.2159018516540527, 1.8987263441085815, 1.908168911933899, 1.9433602094650269, 1.8828794956207275, 2.5103871822357178, 2.119182825088501, 1.9353125095367432, 1.9986379146575928, 2.032651662826538, 1.8706015348434448, 1.7951273918151855, 1.7844810485839844, 2.011159658432007, 1.7560189962387085, 1.8474900722503662, 1.8253902196884155, 1.7758914232254028, 1.8330259323120117, 1.8320982456207275, 1.6960822343826294, 1.7481552362442017, 1.7375845909118652, 1.7170639038085938, 1.7958709001541138, 1.7522244453430176, 1.7181987762451172, 1.7441641092300415, 1.723672866821289, 1.7688103914260864, 1.7789099216461182, 1.733724594116211, 1.7503281831741333, 1.7494275569915771, 1.74741792678833, 1.75324547290802, 1.74655020236969, 1.7369511127471924, 1.7441736459732056, 1.7497485876083374, 1.7532107830047607, 1.7541149854660034, 1.7538535594940186, 1.7549540996551514, 1.755615472793579, 1.7606308460235596, 1.752193808555603]",0.7023000121116638,,2027339756,,7087140,,,,,,-1.0,-1.0,-1.0,0,0,0,0,0.0,0.0,False,BEST,0.8,True,True,"[[87  0  0 ...  0  0  0]
 [ 0 86  0 ...  0  0  0]
 [ 0  0 62 ...  0  5  0]
 ...
 [ 0  0  0 ... 74  0  0]
 [ 0  0  3 ...  0 49  0]
 [ 0  0  0 ...  0  0 67]]",0.7023,0.713616417,0.7023,0.703437646,36
BNHCBM,,15,20,16,False,False,"[14, 63, 4, 62, 44, 46, 10, 53]",[],"[{'INP': 32}, {'CONV': [64, 3]}, ({'CONV': [32, 5]}, {'CONV': [256, 3]}), ({'CONV': [256, 5]}, {'CONV': [256, 5]}, {'POOLMAX': [-1, 2]}), ({'CONV': [32, 3]}, {'CONV': [128, 3]}), ({'CONV': [256, 5]}, {'CONV': [256, 3]}, {'POOLMAX': [-1, 2]}), ({'CONV': [128, 5]}, {'CONV': [128, 3]}), ({'CONV': [128, 5]}, {'CONV': [256, 3]}, {'POOLMAX': [-1, 2]}), ({'CONV': [32, 5]}, {'CONV': [64, 3]}), ({'CONV': [256, 3]}, {'CONV': [128, 5]}, {'POOLMAX': [-1, 2]}), {'GLOBAL_AVG': None}, {'LAST_DENSE': [100, 'softmax']}]",NONE,NONE,RANDOM,70,"[0.10670000314712524, 0.11800000071525574, 0.27399998903274536, 0.2809000015258789, 0.3443000018596649, 0.33250001072883606, 0.41350001096725464, 0.34950000047683716, 0.4778999984264374, 0.44909998774528503, 0.4528000056743622, 0.4390000104904175, 0.45329999923706055, 0.4853000044822693, 0.5321999788284302, 0.5473999977111816, 0.5662000179290771, 0.5659000277519226, 0.5629000067710876, 0.5715000033378601, 0.5429999828338623, 0.6065999865531921, 0.5827000141143799, 0.5856999754905701, 0.5892999768257141, 0.5914000272750854, 0.5983999967575073, 0.6474999785423279, 0.6114000082015991, 0.6132000088691711, 0.6218000054359436, 0.6402999758720398, 0.6341999769210815, 0.6632000207901001, 0.6678000092506409, 0.6585999727249146, 0.6615999937057495, 0.6647999882698059, 0.6748999953269958, 0.6697999835014343, 0.6575999855995178, 0.6651999950408936, 0.6585999727249146, 0.6692000031471252, 0.6646999716758728, 0.6718000173568726, 0.6650999784469604, 0.6732000112533569, 0.6707000136375427, 0.6761999726295471, 0.6754999756813049, 0.6784999966621399, 0.669700026512146, 0.6733999848365784, 0.6757000088691711, 0.6761999726295471, 0.6722999811172485, 0.6761000156402588, 0.6761000156402588, 0.6779000163078308, 0.6754999756813049, 0.6754999756813049, 0.6748999953269958, 0.6765000224113464, 0.6769000291824341, 0.6764000058174133, 0.6747000217437744, 0.6751999855041504, 0.6761999726295471, 0.6741999983787537]","[4.042980670928955, 4.262673854827881, 3.0974767208099365, 3.1601736545562744, 2.82067608833313, 2.981086254119873, 2.592133045196533, 2.951270818710327, 2.352565288543701, 2.5159943103790283, 2.51189923286438, 2.6325623989105225, 2.516568183898926, 2.446826934814453, 2.1932642459869385, 2.1401422023773193, 2.0152275562286377, 2.044886350631714, 2.0647668838500977, 1.97802734375, 2.2192330360412598, 1.8243404626846313, 1.9490257501602173, 1.9292503595352173, 1.9411277770996094, 1.934552788734436, 1.8985836505889893, 1.7113229036331177, 1.8789448738098145, 1.8906354904174805, 1.8446062803268433, 1.725760579109192, 1.7949626445770264, 1.663116455078125, 1.6472370624542236, 1.6845167875289917, 1.6770269870758057, 1.660709023475647, 1.6248754262924194, 1.6591053009033203, 1.720272421836853, 1.665541172027588, 1.6957367658615112, 1.6440197229385376, 1.6888014078140259, 1.677381992340088, 1.7001761198043823, 1.677201747894287, 1.6731728315353394, 1.6603034734725952, 1.6544103622436523, 1.6473639011383057, 1.6884185075759888, 1.6618826389312744, 1.6574628353118896, 1.6709388494491577, 1.6818439960479736, 1.6789699792861938, 1.6791719198226929, 1.6686183214187622, 1.6703134775161743, 1.6734685897827148, 1.6744316816329956, 1.6723564863204956, 1.6669347286224365, 1.669041633605957, 1.6691460609436035, 1.6691668033599854, 1.6631349325180054, 1.6655117273330688]",0.6741999983787537,,484062828,,2409252,,,,,,-1.0,-1.0,-1.0,0,0,0,0,0.0,0.0,False,BEST,0.45,True,True,"[[86  0  0 ...  0  0  0]
 [ 0 77  0 ...  0  0  0]
 [ 0  0 58 ...  0  3  0]
 ...
 [ 0  0  0 ... 59  0  0]
 [ 0  0  4 ...  0 48  0]
 [ 0  0  1 ...  0  0 73]]",0.6742,0.687593774,0.6742,0.674926351,55
BVGVZJ,,16,20,14,False,False,"[14, 44, 17, 16, 39, 40, 2, 15]",[],"[{'INP': 32}, {'CONV': [64, 3]}, ({'CONV': [32, 5]}, {'CONV': [256, 3]}), ({'CONV': [128, 5]}, {'CONV': [128, 3]}, {'POOLMAX': [-1, 2]}), ({'CONV': [64, 3]}, {'CONV': [32, 5]}), ({'CONV': [64, 3]}, {'CONV': [32, 3]}, {'POOLMAX': [-1, 2]}), ({'CONV': [128, 3]}, {'CONV': [256, 5]}), ({'CONV': [128, 5]}, {'CONV': [32, 3]}, {'POOLMAX': [-1, 2]}), ({'CONV': [32, 3]}, {'CONV': [64, 3]}), ({'CONV': [32, 5]}, {'CONV': [256, 5]}, {'POOLMAX': [-1, 2]}), {'GLOBAL_AVG': None}, {'LAST_DENSE': [100, 'softmax']}]",NONE,NONE,RANDOM,70,"[0.09290000051259995, 0.14820000529289246, 0.29760000109672546, 0.35040000081062317, 0.3479999899864197, 0.38839998841285706, 0.3846000134944916, 0.3774000108242035, 0.41280001401901245, 0.49799999594688416, 0.46860000491142273, 0.4781000018119812, 0.43059998750686646, 0.49880000948905945, 0.5159000158309937, 0.5356000065803528, 0.5419999957084656, 0.5216000080108643, 0.5300999879837036, 0.47429999709129333, 0.5196999907493591, 0.5375999808311462, 0.6195999979972839, 0.6129000186920166, 0.604200005531311, 0.6067000031471252, 0.6396999955177307, 0.607699990272522, 0.6075999736785889, 0.6139000058174133, 0.6226000189781189, 0.6313999891281128, 0.666100025177002, 0.67330002784729, 0.6575000286102295, 0.6717000007629395, 0.6626999974250793, 0.6545000076293945, 0.6682000160217285, 0.6858000159263611, 0.6868000030517578, 0.6829000115394592, 0.6920999884605408, 0.698199987411499, 0.6912999749183655, 0.689300000667572, 0.6895999908447266, 0.6830999851226807, 0.6913999915122986, 0.6965000033378601, 0.7016000151634216, 0.6987000107765198, 0.7002999782562256, 0.7049999833106995, 0.6958000063896179, 0.704200029373169, 0.7074999809265137, 0.6992999911308289, 0.6998999714851379, 0.7019000053405762, 0.7027999758720398, 0.7078999876976013, 0.7020999789237976, 0.7041000127792358, 0.7038999795913696, 0.699999988079071, 0.7092999815940857, 0.7041000127792358, 0.7063000202178955, 0.7056000232696533]","[4.117834091186523, 4.206254482269287, 3.0756406784057617, 2.9436917304992676, 3.0236940383911133, 2.790841579437256, 2.7985684871673584, 2.9834110736846924, 2.7891464233398438, 2.3840065002441406, 2.5488803386688232, 2.4315779209136963, 2.7474429607391357, 2.3822836875915527, 2.326033115386963, 2.2798311710357666, 2.273362636566162, 2.345566749572754, 2.3125460147857666, 2.6926169395446777, 2.397686719894409, 2.350135087966919, 1.9204603433609009, 1.9632879495620728, 1.996195673942566, 1.963855266571045, 1.8162128925323486, 1.9855115413665771, 2.006923198699951, 1.991199016571045, 1.9371802806854248, 1.9074548482894897, 1.7503631114959717, 1.7485109567642212, 1.822513222694397, 1.7617591619491577, 1.7748490571975708, 1.824250340461731, 1.7567681074142456, 1.6718333959579468, 1.672515869140625, 1.7088689804077148, 1.68156099319458, 1.6713736057281494, 1.703094720840454, 1.6980485916137695, 1.7237346172332764, 1.7175650596618652, 1.715477705001831, 1.6723792552947998, 1.6793992519378662, 1.6855566501617432, 1.7060121297836304, 1.6672598123550415, 1.716368317604065, 1.6773523092269897, 1.6910244226455688, 1.7280000448226929, 1.7079622745513916, 1.7020480632781982, 1.693770170211792, 1.6884346008300781, 1.6866724491119385, 1.6934617757797241, 1.699000358581543, 1.72453773021698, 1.6931880712509155, 1.7150896787643433, 1.6998523473739624, 1.6935603618621826]",0.7056000232696533,,1110554796,,4445348,,,,,,-1.0,-1.0,-1.0,0,0,0,0,0.0,0.0,False,BEST,0.65,True,True,"[[85  0  0 ...  0  0  0]
 [ 0 83  0 ...  0  0  0]
 [ 0  0 53 ...  0  2  0]
 ...
 [ 0  0  0 ... 74  0  0]
 [ 0  0  5 ...  0 58  1]
 [ 0  0  0 ...  0  0 76]]",0.7056,0.716574162,0.7056,0.706459681,112
BFBHT,,17,20,8,False,False,"[10, 8, 14, 44, 15, 12, 22, 55]",[],"[{'INP': 32}, {'CONV': [64, 3]}, ({'CONV': [32, 5]}, {'CONV': [64, 3]}), ({'CONV': [32, 5]}, {'CONV': [32, 3]}, {'POOLMAX': [-1, 2]}), ({'CONV': [32, 5]}, {'CONV': [256, 3]}), ({'CONV': [128, 5]}, {'CONV': [128, 3]}, {'POOLMAX': [-1, 2]}), ({'CONV': [32, 5]}, {'CONV': [256, 5]}), ({'CONV': [32, 5]}, {'CONV': [128, 3]}, {'POOLMAX': [-1, 2]}), ({'CONV': [64, 3]}, {'CONV': [256, 3]}), ({'CONV': [256, 3]}, {'CONV': [256, 5]}, {'POOLMAX': [-1, 2]}), {'GLOBAL_AVG': None}, {'LAST_DENSE': [100, 'softmax']}]",NONE,NONE,RANDOM,70,"[0.12139999866485596, 0.21719999611377716, 0.35589998960494995, 0.28130000829696655, 0.3140999972820282, 0.3747999966144562, 0.426800012588501, 0.47040000557899475, 0.47510001063346863, 0.4943000078201294, 0.5267000198364258, 0.5009999871253967, 0.4997999966144562, 0.5465999841690063, 0.5595999956130981, 0.508899986743927, 0.5422999858856201, 0.5074999928474426, 0.5626999735832214, 0.5533000230789185, 0.5501999855041504, 0.572700023651123, 0.5716999769210815, 0.5853999853134155, 0.5892000198364258, 0.5774999856948853, 0.5575000047683716, 0.5778999924659729, 0.5803999900817871, 0.588699996471405, 0.6452000141143799, 0.6611999869346619, 0.6606000065803528, 0.640999972820282, 0.6407999992370605, 0.6590999960899353, 0.6510999798774719, 0.6395999789237976, 0.6815999746322632, 0.677299976348877, 0.673799991607666, 0.6797000169754028, 0.6776999831199646, 0.6852999925613403, 0.6863999962806702, 0.6819999814033508, 0.689300000667572, 0.6845999956130981, 0.6735000014305115, 0.6732000112533569, 0.6787999868392944, 0.6827999949455261, 0.6942999958992004, 0.6995999813079834, 0.7013999819755554, 0.6933000087738037, 0.6937999725341797, 0.7008000016212463, 0.7026000022888184, 0.7098000049591064, 0.6974999904632568, 0.6973999738693237, 0.703000009059906, 0.7024999856948853, 0.7009999752044678, 0.7050999999046326, 0.705299973487854, 0.703000009059906, 0.7059999704360962, 0.708299994468689]","[4.089459419250488, 4.830634593963623, 2.84183406829834, 3.5754194259643555, 3.259488344192505, 3.275196075439453, 2.6021065711975098, 2.446800470352173, 2.45990252494812, 2.3727617263793945, 2.237776279449463, 2.3995864391326904, 2.4171302318573, 2.1917545795440674, 2.3017499446868896, 2.433145523071289, 2.41018009185791, 2.523014545440674, 2.1837918758392334, 2.249751329421997, 2.2732186317443848, 2.2078657150268555, 2.2368228435516357, 2.15702748298645, 2.1565935611724854, 2.2026352882385254, 2.3466577529907227, 2.2643091678619385, 2.20751953125, 2.197643756866455, 1.9051804542541504, 1.8254560232162476, 1.819808006286621, 1.9687711000442505, 1.9281033277511597, 1.820879340171814, 1.887864589691162, 2.0043234825134277, 1.7619820833206177, 1.751325249671936, 1.8268312215805054, 1.7697628736495972, 1.8072458505630493, 1.7502930164337158, 1.758474588394165, 1.7730058431625366, 1.7256953716278076, 1.7625646591186523, 1.8681076765060425, 1.8410754203796387, 1.8271515369415283, 1.785618543624878, 1.7444967031478882, 1.72880220413208, 1.739540457725525, 1.7720080614089966, 1.780937671661377, 1.7396955490112305, 1.7521624565124512, 1.7214113473892212, 1.795350193977356, 1.7985507249832153, 1.7747524976730347, 1.7843365669250488, 1.8017996549606323, 1.770794153213501, 1.7700244188308716, 1.7939515113830566, 1.7718820571899414, 1.7704349756240845]",0.708299994468689,,437755052,,6540452,,,,,,-1.0,-1.0,-1.0,0,0,0,0,0.0,0.0,False,BEST,0.75,True,True,"[[89  0  0 ...  0  0  0]
 [ 0 77  0 ...  0  0  0]
 [ 0  1 64 ...  0  3  0]
 ...
 [ 0  1  0 ... 75  0  0]
 [ 0  0  6 ...  0 47  0]
 [ 0  0  1 ...  0  0 73]]",0.7083,0.71834298,0.7083,0.708780565,1
BMZWSA,,18,20,5,False,False,"[14, 29, 14, 17, 43, 38, 14, 55]",[],"[{'INP': 32}, {'CONV': [64, 3]}, ({'CONV': [32, 5]}, {'CONV': [256, 3]}), ({'CONV': [64, 5]}, {'CONV': [128, 5]}, {'POOLMAX': [-1, 2]}), ({'CONV': [32, 5]}, {'CONV': [256, 3]}), ({'CONV': [64, 3]}, {'CONV': [32, 5]}, {'POOLMAX': [-1, 2]}), ({'CONV': [128, 5]}, {'CONV': [64, 5]}), ({'CONV': [128, 3]}, {'CONV': [256, 3]}, {'POOLMAX': [-1, 2]}), ({'CONV': [32, 5]}, {'CONV': [256, 3]}), ({'CONV': [256, 3]}, {'CONV': [256, 5]}, {'POOLMAX': [-1, 2]}), {'GLOBAL_AVG': None}, {'LAST_DENSE': [100, 'softmax']}]",NONE,NONE,RANDOM,70,"[0.1216999962925911, 0.20919999480247498, 0.2858000099658966, 0.3483999967575073, 0.40939998626708984, 0.3727000057697296, 0.4025000035762787, 0.4797999858856201, 0.4927999973297119, 0.4909999966621399, 0.5034999847412109, 0.5209000110626221, 0.48179998993873596, 0.5396000146865845, 0.5217000246047974, 0.5404999852180481, 0.5113999843597412, 0.5860999822616577, 0.609499990940094, 0.5685999989509583, 0.5699999928474426, 0.6032000184059143, 0.5511000156402588, 0.6003000140190125, 0.6413999795913696, 0.6417999863624573, 0.6518999934196472, 0.6471999883651733, 0.6383000016212463, 0.6353999972343445, 0.6524999737739563, 0.6553999781608582, 0.6450999975204468, 0.6430000066757202, 0.6506999731063843, 0.6507999897003174, 0.6438999772071838, 0.6769999861717224, 0.6728000044822693, 0.6697999835014343, 0.6733999848365784, 0.6600000262260437, 0.660099983215332, 0.6801999807357788, 0.6852999925613403, 0.6787999868392944, 0.6754999756813049, 0.6840999722480774, 0.6872000098228455, 0.6851000189781189, 0.679099977016449, 0.6758000254631042, 0.6783000230789185, 0.6759999990463257, 0.6820999979972839, 0.6820999979972839, 0.6855999827384949, 0.6830000281333923, 0.6841999888420105, 0.6866999864578247, 0.6869000196456909, 0.6830999851226807, 0.6848999857902527, 0.6851000189781189, 0.6848999857902527, 0.6850000023841858, 0.6851000189781189, 0.6866000294685364, 0.6873999834060669, 0.6858999729156494]","[3.9933812618255615, 3.5495073795318604, 3.228985548019409, 2.855356216430664, 2.612765073776245, 3.2630200386047363, 2.778285026550293, 2.3450710773468018, 2.3029329776763916, 2.3307840824127197, 3.509556293487549, 2.2258355617523193, 2.4331214427948, 2.327817916870117, 2.282864809036255, 2.3166744709014893, 2.4068849086761475, 1.9938989877700806, 1.836521863937378, 2.069345235824585, 2.059478282928467, 1.898681402206421, 2.175309896469116, 1.884653091430664, 1.7072771787643433, 1.6971638202667236, 1.6726793050765991, 1.6819814443588257, 1.7261874675750732, 1.7400857210159302, 1.6541900634765625, 1.6504203081130981, 1.6753642559051514, 1.7234241962432861, 1.677750587463379, 1.6967073678970337, 1.7183963060379028, 1.5761561393737793, 1.5988901853561401, 1.6517153978347778, 1.6067124605178833, 1.6492503881454468, 1.6739091873168945, 1.5766816139221191, 1.5885741710662842, 1.59296715259552, 1.6190673112869263, 1.5727771520614624, 1.56547212600708, 1.5728365182876587, 1.607943058013916, 1.6039934158325195, 1.6211156845092773, 1.6395152807235718, 1.5913920402526855, 1.6067540645599365, 1.581576943397522, 1.6117937564849854, 1.617872714996338, 1.585829734802246, 1.5893994569778442, 1.611316204071045, 1.6023964881896973, 1.6078685522079468, 1.6085147857666016, 1.6098392009735107, 1.6054344177246094, 1.5960360765457153, 1.5951941013336182, 1.5982353687286377]",0.6858999729156494,,2773178476,,7003940,,,,,,-1.0,-1.0,-1.0,0,0,0,0,0.0,0.0,False,BEST,0.35,True,True,"[[83  0  0 ...  0  0  0]
 [ 0 76  1 ...  0  0  0]
 [ 0  0 56 ...  0  4  0]
 ...
 [ 0  0  0 ... 71  0  0]
 [ 0  0  4 ...  0 50  1]
 [ 0  1  1 ...  0  0 72]]",0.686,0.697602243,0.686,0.686699359,113
BRLSYY,,19,20,3,False,False,"[26, 39, 39, 6, 10, 44, 43, 55]",[],"[{'INP': 32}, {'CONV': [64, 3]}, ({'CONV': [64, 5]}, {'CONV': [64, 3]}), ({'CONV': [128, 3]}, {'CONV': [256, 5]}, {'POOLMAX': [-1, 2]}), ({'CONV': [128, 3]}, {'CONV': [256, 5]}), ({'CONV': [32, 3]}, {'CONV': [256, 3]}, {'POOLMAX': [-1, 2]}), ({'CONV': [32, 5]}, {'CONV': [64, 3]}), ({'CONV': [128, 5]}, {'CONV': [128, 3]}, {'POOLMAX': [-1, 2]}), ({'CONV': [128, 5]}, {'CONV': [64, 5]}), ({'CONV': [256, 3]}, {'CONV': [256, 5]}, {'POOLMAX': [-1, 2]}), {'GLOBAL_AVG': None}, {'LAST_DENSE': [100, 'softmax']}]",NONE,NONE,RANDOM,70,"[0.05820000171661377, 0.21580000221729279, 0.2711000144481659, 0.3273000121116638, 0.34630000591278076, 0.3873000144958496, 0.4097999930381775, 0.43299999833106995, 0.47510001063346863, 0.45739999413490295, 0.4796999990940094, 0.43479999899864197, 0.48500001430511475, 0.4171000123023987, 0.5807999968528748, 0.5454999804496765, 0.57669997215271, 0.5740000009536743, 0.5873000025749207, 0.5982999801635742, 0.5814999938011169, 0.5561000108718872, 0.5871000289916992, 0.5771999955177307, 0.6007000207901001, 0.6366000175476074, 0.6392999887466431, 0.631600022315979, 0.6251999735832214, 0.6371999979019165, 0.64410001039505, 0.6413000226020813, 0.6420000195503235, 0.633899986743927, 0.6222000122070312, 0.6298999786376953, 0.6567999720573425, 0.6643000245094299, 0.6521999835968018, 0.6567999720573425, 0.6592000126838684, 0.6593000292778015, 0.6535000205039978, 0.6744999885559082, 0.6692000031471252, 0.6725999712944031, 0.6741999983787537, 0.6725999712944031, 0.6718999743461609, 0.6825000047683716, 0.6789000034332275, 0.6747000217437744, 0.6751000285148621, 0.6784999966621399, 0.6807000041007996, 0.6759999990463257, 0.6765000224113464, 0.6776000261306763, 0.6764000058174133, 0.6779000163078308, 0.6808000206947327, 0.6815000176429749, 0.6836000084877014, 0.6807000041007996, 0.6793000102043152, 0.6802999973297119, 0.6809999942779541, 0.6804999709129333, 0.6815999746322632, 0.6819000244140625]","[5.050842761993408, 3.476008176803589, 3.1739165782928467, 2.944237232208252, 2.8755080699920654, 2.7435781955718994, 2.6376729011535645, 2.535781145095825, 2.3185079097747803, 2.453508138656616, 2.3700599670410156, 2.677145481109619, 2.390728235244751, 2.771350145339966, 1.9404363632202148, 2.0446083545684814, 1.9110299348831177, 1.9740186929702759, 1.9062228202819824, 1.8117300271987915, 1.9510687589645386, 2.0941572189331055, 1.879876732826233, 1.9611601829528809, 1.8329726457595825, 1.6978055238723755, 1.663599967956543, 1.7188265323638916, 1.764285922050476, 1.7049628496170044, 1.6446396112442017, 1.665985107421875, 1.6831412315368652, 1.7141695022583008, 1.8256303071975708, 1.7856038808822632, 1.6273353099822998, 1.6243475675582886, 1.7092900276184082, 1.6558150053024292, 1.6628968715667725, 1.6602427959442139, 1.716447114944458, 1.6040881872177124, 1.659907579421997, 1.6161353588104248, 1.6040822267532349, 1.6416045427322388, 1.6317499876022339, 1.5750741958618164, 1.596646785736084, 1.6408326625823975, 1.6262688636779785, 1.6102097034454346, 1.599855899810791, 1.615097999572754, 1.6211963891983032, 1.6081593036651611, 1.6299461126327515, 1.6165025234222412, 1.614366054534912, 1.612290620803833, 1.6116324663162231, 1.614465355873108, 1.6227962970733643, 1.6225491762161255, 1.6219171285629272, 1.6243102550506592, 1.6145120859146118, 1.6258021593093872]",0.6819000244140625,,1749824812,,5588900,,,,,,-1.0,-1.0,-1.0,0,0,0,0,0.0,0.0,False,BEST,0.45,True,True,"[[84  0  0 ...  0  0  0]
 [ 0 79  0 ...  0  0  0]
 [ 0  0 57 ...  0  5  0]
 ...
 [ 0  0  0 ... 70  0  0]
 [ 0  1  2 ...  0 42  0]
 [ 0  1  0 ...  0  0 77]]",0.6818,0.694209073,0.6818,0.681699937,33
BTKPTC,,20,20,18,False,False,"[14, 7, 27, 38, 2, 29, 15, 14]",[],"[{'INP': 32}, {'CONV': [64, 3]}, ({'CONV': [32, 5]}, {'CONV': [256, 3]}), ({'CONV': [32, 3]}, {'CONV': [256, 5]}, {'POOLMAX': [-1, 2]}), ({'CONV': [64, 5]}, {'CONV': [64, 5]}), ({'CONV': [128, 3]}, {'CONV': [256, 3]}, {'POOLMAX': [-1, 2]}), ({'CONV': [32, 3]}, {'CONV': [64, 3]}), ({'CONV': [64, 5]}, {'CONV': [128, 5]}, {'POOLMAX': [-1, 2]}), ({'CONV': [32, 5]}, {'CONV': [256, 5]}), ({'CONV': [32, 5]}, {'CONV': [256, 3]}, {'POOLMAX': [-1, 2]}), {'GLOBAL_AVG': None}, {'LAST_DENSE': [100, 'softmax']}]",NONE,NONE,RANDOM,70,"[0.10019999742507935, 0.17919999361038208, 0.2605000138282776, 0.32339999079704285, 0.3799000084400177, 0.40290001034736633, 0.4551999866962433, 0.46540001034736633, 0.4239000082015991, 0.49630001187324524, 0.43810001015663147, 0.5267000198364258, 0.5249999761581421, 0.46000000834465027, 0.5139999985694885, 0.5291000008583069, 0.5411999821662903, 0.5629000067710876, 0.5559999942779541, 0.5088000297546387, 0.5123999714851379, 0.5662999749183655, 0.5763999819755554, 0.5666000247001648, 0.5906000137329102, 0.592199981212616, 0.5483999848365784, 0.5834000110626221, 0.5825999975204468, 0.5924999713897705, 0.5708000063896179, 0.5993000268936157, 0.569100022315979, 0.5928000211715698, 0.5418999791145325, 0.651199996471405, 0.6279000043869019, 0.6668999791145325, 0.6450999975204468, 0.6510999798774719, 0.6470999717712402, 0.6532999873161316, 0.6237000226974487, 0.6748999953269958, 0.6538000106811523, 0.6722999811172485, 0.6901000142097473, 0.6916000247001648, 0.6621999740600586, 0.6805999875068665, 0.6855000257492065, 0.6672999858856201, 0.6714000105857849, 0.6873000264167786, 0.6890000104904175, 0.6881999969482422, 0.6955000162124634, 0.680400013923645, 0.6920999884605408, 0.698199987411499, 0.6962000131607056, 0.7002000212669373, 0.6980999708175659, 0.697700023651123, 0.6977999806404114, 0.7010999917984009, 0.7006000280380249, 0.7013999819755554, 0.7005000114440918, 0.6995999813079834]","[4.1989240646362305, 3.6605942249298096, 3.261988878250122, 2.9691925048828125, 2.7614822387695312, 2.714374303817749, 2.4598193168640137, 2.447899103164673, 2.7325384616851807, 2.3120715618133545, 2.690016031265259, 2.253903388977051, 2.21994686126709, 2.63946533203125, 2.333747625350952, 2.2601261138916016, 2.244715929031372, 2.1696879863739014, 2.1734249591827393, 2.422189950942993, 2.4407238960266113, 2.1965489387512207, 2.1271631717681885, 2.1619961261749268, 2.0940563678741455, 2.098186731338501, 2.3249995708465576, 2.173543930053711, 2.1577682495117188, 2.0735020637512207, 2.2483177185058594, 2.0976243019104004, 2.349010467529297, 2.1957809925079346, 2.5177481174468994, 1.909118413925171, 1.9999343156814575, 1.783791422843933, 1.9135853052139282, 1.867663860321045, 1.8869366645812988, 1.8817843198776245, 2.0671770572662354, 1.761684775352478, 1.9094716310501099, 1.8252733945846558, 1.7285807132720947, 1.6746281385421753, 1.8325726985931396, 1.762227177619934, 1.7186567783355713, 1.790855050086975, 1.789806604385376, 1.7465391159057617, 1.7250845432281494, 1.7286863327026367, 1.7060127258300781, 1.78294038772583, 1.7178888320922852, 1.716660499572754, 1.7139458656311035, 1.7255375385284424, 1.7110992670059204, 1.711861491203308, 1.7143006324768066, 1.7153406143188477, 1.725045919418335, 1.7052791118621826, 1.717803955078125, 1.714800238609314]",0.6995999813079834,,846086444,,7003044,,,,,,-1.0,-1.0,-1.0,0,0,0,0,0.0,0.0,False,BEST,0.55,True,True,"[[85  0  0 ...  0  0  0]
 [ 0 81  0 ...  0  0  0]
 [ 0  0 56 ...  0  2  0]
 ...
 [ 0  0  0 ... 71  0  0]
 [ 0  0  3 ...  1 49  1]
 [ 0  0  1 ...  0  0 74]]",0.6997,0.709874406,0.6997,0.699896392,5
BCMWXN,,21,20,13,False,False,"[14, 13, 33, 45, 31, 38, 19, 37]",[],"[{'INP': 32}, {'CONV': [64, 3]}, ({'CONV': [32, 5]}, {'CONV': [256, 3]}), ({'CONV': [32, 5]}, {'CONV': [128, 5]}, {'POOLMAX': [-1, 2]}), ({'CONV': [128, 3]}, {'CONV': [32, 5]}), ({'CONV': [128, 5]}, {'CONV': [128, 5]}, {'POOLMAX': [-1, 2]}), ({'CONV': [64, 5]}, {'CONV': [256, 5]}), ({'CONV': [128, 3]}, {'CONV': [256, 3]}, {'POOLMAX': [-1, 2]}), ({'CONV': [64, 3]}, {'CONV': [64, 5]}), ({'CONV': [128, 3]}, {'CONV': [128, 5]}, {'POOLMAX': [-1, 2]}), {'GLOBAL_AVG': None}, {'LAST_DENSE': [100, 'softmax']}]",NONE,NONE,RANDOM,70,"[0.12870000302791595, 0.210999995470047, 0.28130000829696655, 0.32510000467300415, 0.34610000252723694, 0.3327000141143799, 0.42910000681877136, 0.39629998803138733, 0.46630001068115234, 0.5271999835968018, 0.45899999141693115, 0.4991999864578247, 0.5070000290870667, 0.5493999719619751, 0.5098000168800354, 0.539900004863739, 0.5432999730110168, 0.5688999891281128, 0.5216000080108643, 0.545799970626831, 0.5174000263214111, 0.5037000179290771, 0.5435000061988831, 0.6190000176429749, 0.6449999809265137, 0.6256999969482422, 0.6298999786376953, 0.641700029373169, 0.6144000291824341, 0.626800000667572, 0.6692000031471252, 0.6625000238418579, 0.6851999759674072, 0.6741999983787537, 0.6875, 0.6600000262260437, 0.6899999976158142, 0.6707000136375427, 0.6830000281333923, 0.6850000023841858, 0.6628000140190125, 0.6744999885559082, 0.6643999814987183, 0.6854000091552734, 0.6764000058174133, 0.7016000151634216, 0.6944000124931335, 0.7055000066757202, 0.6952000260353088, 0.695900022983551, 0.7038999795913696, 0.7006999850273132, 0.7075999975204468, 0.7063000202178955, 0.7063999772071838, 0.7110999822616577, 0.7091000080108643, 0.7110000252723694, 0.714900016784668, 0.7067999839782715, 0.7106000185012817, 0.7081000208854675, 0.7077999711036682, 0.7080000042915344, 0.7117999792098999, 0.7121000289916992, 0.7127000093460083, 0.7099000215530396, 0.7125999927520752, 0.7113000154495239]","[4.084270477294922, 3.606236219406128, 3.1849265098571777, 3.1766507625579834, 2.9811465740203857, 3.3288722038269043, 2.689051389694214, 2.839214563369751, 2.5410609245300293, 2.252246379852295, 2.5978755950927734, 2.423182487487793, 2.323620557785034, 2.19582200050354, 2.436723470687866, 2.287423610687256, 2.25165057182312, 2.0998573303222656, 2.409166097640991, 2.296313524246216, 2.4367475509643555, 2.4848079681396484, 2.2929847240448, 1.9910542964935303, 1.7977468967437744, 1.9286890029907227, 1.8768062591552734, 1.8420261144638062, 1.9307610988616943, 1.9393255710601807, 1.715314269065857, 1.7285398244857788, 1.6269793510437012, 1.684190034866333, 1.6459804773330688, 1.8172577619552612, 1.6259804964065552, 1.7087230682373047, 1.6705517768859863, 1.6229650974273682, 1.7686278820037842, 1.7542694807052612, 1.7669708728790283, 1.7070759534835815, 1.715145468711853, 1.6217093467712402, 1.6515541076660156, 1.6389445066452026, 1.6955716609954834, 1.6931191682815552, 1.662113904953003, 1.6704661846160889, 1.6466017961502075, 1.6474132537841797, 1.6663414239883423, 1.645896315574646, 1.6538547277450562, 1.652874231338501, 1.6169718503952026, 1.6741962432861328, 1.6443867683410645, 1.6610110998153687, 1.6793984174728394, 1.6718730926513672, 1.6652073860168457, 1.6678987741470337, 1.6537165641784668, 1.6784919500350952, 1.6685068607330322, 1.6708595752716064]",0.7113000154495239,,1171180268,,6171172,,,,,,-1.0,-1.0,-1.0,0,0,0,0,0.0,0.0,False,BEST,0.45,True,True,"[[85  0  0 ...  0  0  0]
 [ 0 84  0 ...  0  0  0]
 [ 0  0 68 ...  0  2  0]
 ...
 [ 0  0  0 ... 68  0  0]
 [ 1  0  2 ...  0 47  0]
 [ 0  0  0 ...  0  0 72]]",0.7113,0.724219275,0.7113,0.712523193,2
BFJSFM,,22,20,3,False,False,"[40, 48, 59, 59, 56, 6, 24, 55]",[],"[{'INP': 32}, {'CONV': [64, 3]}, ({'CONV': [128, 5]}, {'CONV': [32, 3]}), ({'CONV': [256, 3]}, {'CONV': [32, 3]}, {'POOLMAX': [-1, 2]}), ({'CONV': [256, 5]}, {'CONV': [64, 5]}), ({'CONV': [256, 5]}, {'CONV': [64, 5]}, {'POOLMAX': [-1, 2]}), ({'CONV': [256, 5]}, {'CONV': [32, 3]}), ({'CONV': [32, 3]}, {'CONV': [256, 3]}, {'POOLMAX': [-1, 2]}), ({'CONV': [64, 5]}, {'CONV': [32, 3]}), ({'CONV': [256, 3]}, {'CONV': [256, 5]}, {'POOLMAX': [-1, 2]}), {'GLOBAL_AVG': None}, {'LAST_DENSE': [100, 'softmax']}]",NONE,NONE,RANDOM,70,"[0.10419999808073044, 0.20160000026226044, 0.25429999828338623, 0.33309999108314514, 0.3855000138282776, 0.41019999980926514, 0.3912999927997589, 0.42100000381469727, 0.46320000290870667, 0.48030000925064087, 0.45719999074935913, 0.46630001068115234, 0.5088000297546387, 0.5037999749183655, 0.5248000025749207, 0.5060999989509583, 0.5260999798774719, 0.5450999736785889, 0.4999000132083893, 0.5414000153541565, 0.5389000177383423, 0.5742999911308289, 0.571399986743927, 0.5570999979972839, 0.5357000231742859, 0.5654000043869019, 0.5291000008583069, 0.5685999989509583, 0.6129999756813049, 0.5892000198364258, 0.5985000133514404, 0.6243000030517578, 0.6193000078201294, 0.6262000203132629, 0.6061000227928162, 0.6420999765396118, 0.636900007724762, 0.645799994468689, 0.6211000084877014, 0.6263999938964844, 0.5875999927520752, 0.6561999917030334, 0.6467999815940857, 0.6263999938964844, 0.631600022315979, 0.6473000049591064, 0.6485999822616577, 0.6815999746322632, 0.6711999773979187, 0.6880999803543091, 0.6718000173568726, 0.6647999882698059, 0.689300000667572, 0.6769000291824341, 0.6887999773025513, 0.6876999735832214, 0.6718999743461609, 0.6887999773025513, 0.6784999966621399, 0.669700026512146, 0.680400013923645, 0.6736000180244446, 0.6669999957084656, 0.6852999925613403, 0.7013999819755554, 0.697700023651123, 0.6796000003814697, 0.6952999830245972, 0.696399986743927, 0.695900022983551]","[4.121872425079346, 3.5194215774536133, 3.570190906524658, 2.9518074989318848, 2.7168121337890625, 2.9021100997924805, 2.750062942504883, 2.646347999572754, 2.528658866882324, 2.4449002742767334, 2.648514986038208, 2.5206687450408936, 2.35292911529541, 2.379777431488037, 2.302043914794922, 2.404989242553711, 2.302034378051758, 2.2301809787750244, 2.43578839302063, 2.4944911003112793, 2.3161966800689697, 2.110926866531372, 2.1048762798309326, 2.222522497177124, 2.358306407928467, 2.2211153507232666, 2.395275115966797, 2.1985204219818115, 1.9682928323745728, 2.1554501056671143, 2.0440661907196045, 1.8569867610931396, 1.9398142099380493, 1.8794187307357788, 1.9772676229476929, 1.7824211120605469, 1.8348681926727295, 1.7803902626037598, 1.9327056407928467, 1.8469736576080322, 2.1221461296081543, 1.7244728803634644, 1.8530662059783936, 1.9022794961929321, 1.8945223093032837, 1.83003830909729, 1.8207753896713257, 1.6866674423217773, 1.728965401649475, 1.6623156070709229, 1.723677158355713, 1.8212671279907227, 1.6615886688232422, 1.7143232822418213, 1.672831654548645, 1.682068109512329, 1.767712116241455, 1.6596379280090332, 1.7654460668563843, 1.770643711090088, 1.7185847759246826, 1.7721350193023682, 1.81806480884552, 1.7127617597579956, 1.6501847505569458, 1.6627246141433716, 1.8057447671890259, 1.6814864873886108, 1.6958478689193726, 1.6944056749343872]",0.695900022983551,,793340588,,6621348,,,,,,-1.0,-1.0,-1.0,0,0,0,0,0.0,0.0,False,BEST,0.55,True,True,"[[80  0  0 ...  0  0  1]
 [ 0 77  0 ...  0  0  1]
 [ 0  0 62 ...  0  2  0]
 ...
 [ 0  0  0 ... 79  1  0]
 [ 0  0  3 ...  0 46  1]
 [ 0  0  1 ...  0  0 76]]",0.6958,0.713330625,0.6958,0.697502866,19
BDCRBR,,23,20,19,False,False,"[44, 60, 50, 19, 31, 54, 43, 55]",[],"[{'INP': 32}, {'CONV': [64, 3]}, ({'CONV': [128, 5]}, {'CONV': [128, 3]}), ({'CONV': [256, 5]}, {'CONV': [128, 3]}, {'POOLMAX': [-1, 2]}), ({'CONV': [256, 3]}, {'CONV': [64, 3]}), ({'CONV': [64, 3]}, {'CONV': [64, 5]}, {'POOLMAX': [-1, 2]}), ({'CONV': [64, 5]}, {'CONV': [256, 5]}), ({'CONV': [256, 3]}, {'CONV': [256, 3]}, {'POOLMAX': [-1, 2]}), ({'CONV': [128, 5]}, {'CONV': [64, 5]}), ({'CONV': [256, 3]}, {'CONV': [256, 5]}, {'POOLMAX': [-1, 2]}), {'GLOBAL_AVG': None}, {'LAST_DENSE': [100, 'softmax']}]",NONE,NONE,RANDOM,70,"[0.09139999747276306, 0.18559999763965607, 0.27799999713897705, 0.251800000667572, 0.36320000886917114, 0.40619999170303345, 0.39410001039505005, 0.41359999775886536, 0.46650001406669617, 0.5149999856948853, 0.44359999895095825, 0.46939998865127563, 0.4740999937057495, 0.4562000036239624, 0.5292999744415283, 0.5929999947547913, 0.5860000252723694, 0.569599986076355, 0.6032999753952026, 0.5990999937057495, 0.5559999942779541, 0.6155999898910522, 0.6032999753952026, 0.6114000082015991, 0.5601999759674072, 0.5817999839782715, 0.6093999743461609, 0.633400022983551, 0.6384000182151794, 0.6258000135421753, 0.6306999921798706, 0.6480000019073486, 0.6474000215530396, 0.6273999810218811, 0.6223000288009644, 0.6345999836921692, 0.6553999781608582, 0.6549999713897705, 0.6858000159263611, 0.6665999889373779, 0.6862000226974487, 0.680400013923645, 0.6722999811172485, 0.6775000095367432, 0.6848000288009644, 0.6772000193595886, 0.6811000108718872, 0.6851999759674072, 0.6863999962806702, 0.685699999332428, 0.6825000047683716, 0.6894999742507935, 0.6877999901771545, 0.6920999884605408, 0.6880000233650208, 0.6915000081062317, 0.694599986076355, 0.6937999725341797, 0.6881999969482422, 0.6901999711990356, 0.6917999982833862, 0.6902999877929688, 0.6905999779701233, 0.6931999921798706, 0.6934000253677368, 0.6937999725341797, 0.6923999786376953, 0.6930000185966492, 0.6916000247001648, 0.6926000118255615]","[4.467071533203125, 3.76110577583313, 3.2149953842163086, 3.6157703399658203, 2.815547466278076, 2.630876302719116, 2.7689051628112793, 2.6787405014038086, 2.476163387298584, 2.20129656791687, 2.6396656036376953, 2.473860740661621, 2.594186782836914, 2.532289743423462, 2.244269609451294, 1.8978466987609863, 1.973250389099121, 2.1378870010375977, 1.881974458694458, 1.909727931022644, 2.1695332527160645, 1.7918884754180908, 1.8757957220077515, 1.8813402652740479, 2.1625142097473145, 2.102926254272461, 1.9002701044082642, 1.8140406608581543, 1.7918083667755127, 1.8706886768341064, 1.853390097618103, 1.7269299030303955, 1.7917526960372925, 1.8538625240325928, 1.92543363571167, 1.848520278930664, 1.73334801197052, 1.7757623195648193, 1.6420409679412842, 1.7224637269973755, 1.6480975151062012, 1.7086257934570312, 1.7244924306869507, 1.707566738128662, 1.6938797235488892, 1.7151741981506348, 1.7251542806625366, 1.719456434249878, 1.6992276906967163, 1.735841989517212, 1.7513982057571411, 1.7226359844207764, 1.7231732606887817, 1.715831995010376, 1.7449898719787598, 1.7112910747528076, 1.715758204460144, 1.7251759767532349, 1.7374988794326782, 1.7286136150360107, 1.7282781600952148, 1.7293050289154053, 1.737022042274475, 1.71876859664917, 1.7285617589950562, 1.727803349494934, 1.7296793460845947, 1.729384183883667, 1.735561490058899, 1.7296072244644165]",0.6926000118255615,,631313260,,3670308,,,,,,-1.0,-1.0,-1.0,0,0,0,0,0.0,0.0,False,BEST,0.5,True,True,"[[80  0  0 ...  0  0  0]
 [ 0 76  0 ...  0  0  0]
 [ 0  0 60 ...  0  1  0]
 ...
 [ 0  0  0 ... 65  0  0]
 [ 0  0  4 ...  0 54  0]
 [ 0  0  0 ...  0  0 74]]",0.6927,0.705728155,0.6927,0.693786324,71
BSQAKO,,24,20,15,False,False,"[51, 51, 63, 22, 44, 4, 55, 55]",[],"[{'INP': 32}, {'CONV': [64, 3]}, ({'CONV': [256, 3]}, {'CONV': [64, 5]}), ({'CONV': [256, 3]}, {'CONV': [64, 5]}, {'POOLMAX': [-1, 2]}), ({'CONV': [256, 5]}, {'CONV': [256, 5]}), ({'CONV': [64, 3]}, {'CONV': [256, 3]}, {'POOLMAX': [-1, 2]}), ({'CONV': [128, 5]}, {'CONV': [128, 3]}), ({'CONV': [32, 3]}, {'CONV': [128, 3]}, {'POOLMAX': [-1, 2]}), ({'CONV': [256, 3]}, {'CONV': [256, 5]}), ({'CONV': [256, 3]}, {'CONV': [256, 5]}, {'POOLMAX': [-1, 2]}), {'GLOBAL_AVG': None}, {'LAST_DENSE': [100, 'softmax']}]",NONE,NONE,RANDOM,70,"[0.1168999969959259, 0.20350000262260437, 0.2605000138282776, 0.290800005197525, 0.30709999799728394, 0.38960000872612, 0.42480000853538513, 0.37209999561309814, 0.42320001125335693, 0.4092000126838684, 0.37529999017715454, 0.446399986743927, 0.5508999824523926, 0.5349000096321106, 0.5740000009536743, 0.5579000115394592, 0.5656999945640564, 0.5795999765396118, 0.6031000018119812, 0.5885000228881836, 0.6017000079154968, 0.5701000094413757, 0.5963000059127808, 0.6086999773979187, 0.6575000286102295, 0.6413000226020813, 0.6488000154495239, 0.6291999816894531, 0.6281999945640564, 0.6409000158309937, 0.6682999730110168, 0.6811000108718872, 0.6726999878883362, 0.6819999814033508, 0.6682000160217285, 0.6797000169754028, 0.6814000010490417, 0.6905999779701233, 0.6935999989509583, 0.6850000023841858, 0.692799985408783, 0.6949999928474426, 0.6837000250816345, 0.6944000124931335, 0.6942999958992004, 0.697700023651123, 0.7003999948501587, 0.6931999921798706, 0.6922000050544739, 0.6891999840736389, 0.6963000297546387, 0.694100022315979, 0.6952999830245972, 0.7002000212669373, 0.6977999806404114, 0.699400007724762, 0.6987000107765198, 0.7001000046730042, 0.6977999806404114, 0.7009999752044678, 0.6984000205993652, 0.7002999782562256, 0.7013000249862671, 0.7001000046730042, 0.6998999714851379, 0.6991000175476074, 0.7010999917984009, 0.7009999752044678, 0.7002999782562256, 0.699999988079071]","[4.019819736480713, 3.476761817932129, 3.21334171295166, 3.1520912647247314, 3.2327702045440674, 2.708827257156372, 2.5804388523101807, 2.942413330078125, 2.617884874343872, 2.9735896587371826, 3.1924006938934326, 2.624133825302124, 2.084111213684082, 2.193880319595337, 1.9924322366714478, 2.1046972274780273, 2.058295488357544, 1.985573410987854, 1.8385530710220337, 1.9438904523849487, 1.8943452835083008, 2.0395431518554688, 1.9759551286697388, 1.9260609149932861, 1.6632050275802612, 1.7670646905899048, 1.71989107131958, 1.8306564092636108, 1.8755950927734375, 1.7911940813064575, 1.6290825605392456, 1.5707594156265259, 1.6556437015533447, 1.6011468172073364, 1.717896819114685, 1.615860939025879, 1.6020386219024658, 1.5651485919952393, 1.5714917182922363, 1.6082701683044434, 1.5689014196395874, 1.5838572978973389, 1.6377533674240112, 1.5858274698257446, 1.5933905839920044, 1.5807983875274658, 1.5601367950439453, 1.5763992071151733, 1.5869731903076172, 1.6231938600540161, 1.5802888870239258, 1.6019994020462036, 1.5994120836257935, 1.5807992219924927, 1.6016156673431396, 1.5920265913009644, 1.5881237983703613, 1.5844476222991943, 1.5945398807525635, 1.5882371664047241, 1.5930702686309814, 1.5947085618972778, 1.5911941528320312, 1.5916837453842163, 1.5903822183609009, 1.592435598373413, 1.5878578424453735, 1.5898739099502563, 1.5888549089431763, 1.5873372554779053]",0.699999988079071,,730115244,,7277732,,,,,,-1.0,-1.0,-1.0,0,0,0,0,0.0,0.0,False,BEST,0.55,True,True,"[[82  0  0 ...  0  0  0]
 [ 0 81  0 ...  0  0  0]
 [ 0  0 55 ...  0  5  0]
 ...
 [ 0  0  0 ... 67  0  0]
 [ 0  0  3 ...  0 49  0]
 [ 0  0  1 ...  0  0 72]]",0.7,0.710603292,0.7,0.700416843,14
BKFTCH,,25,20,1,False,False,"[62, 58, 23, 9, 18, 4, 54, 30]",[],"[{'INP': 32}, {'CONV': [64, 3]}, ({'CONV': [256, 5]}, {'CONV': [256, 3]}), ({'CONV': [256, 5]}, {'CONV': [64, 3]}, {'POOLMAX': [-1, 2]}), ({'CONV': [64, 3]}, {'CONV': [256, 5]}), ({'CONV': [32, 5]}, {'CONV': [32, 5]}, {'POOLMAX': [-1, 2]}), ({'CONV': [64, 3]}, {'CONV': [64, 3]}), ({'CONV': [32, 3]}, {'CONV': [128, 3]}, {'POOLMAX': [-1, 2]}), ({'CONV': [256, 3]}, {'CONV': [256, 3]}), ({'CONV': [64, 5]}, {'CONV': [256, 3]}, {'POOLMAX': [-1, 2]}), {'GLOBAL_AVG': None}, {'LAST_DENSE': [100, 'softmax']}]",NONE,NONE,RANDOM,70,"[0.11029999703168869, 0.18080000579357147, 0.29190000891685486, 0.3328999876976013, 0.3763999938964844, 0.45910000801086426, 0.42660000920295715, 0.44830000400543213, 0.42410001158714294, 0.4300999939441681, 0.38519999384880066, 0.5515000224113464, 0.5246999859809875, 0.5679000020027161, 0.5489000082015991, 0.5429999828338623, 0.4993000030517578, 0.5691999793052673, 0.5781000256538391, 0.6158000230789185, 0.6220999956130981, 0.6244000196456909, 0.6291999816894531, 0.6018999814987183, 0.6381999850273132, 0.6110000014305115, 0.65420001745224, 0.6355999708175659, 0.6413999795913696, 0.6335999965667725, 0.6047000288963318, 0.6237000226974487, 0.6614000201225281, 0.6567999720573425, 0.6500999927520752, 0.6557000279426575, 0.6656000018119812, 0.6769000291824341, 0.6801000237464905, 0.6837999820709229, 0.6707000136375427, 0.6726999878883362, 0.6728000044822693, 0.6671000123023987, 0.6766999959945679, 0.6762999892234802, 0.6796000003814697, 0.6798999905586243, 0.6783000230789185, 0.6794999837875366, 0.6866999864578247, 0.682699978351593, 0.6822999715805054, 0.6829000115394592, 0.6791999936103821, 0.6816999912261963, 0.6812000274658203, 0.682699978351593, 0.6830000281333923, 0.6830999851226807, 0.6830999851226807, 0.6851000189781189, 0.6872000098228455, 0.6840000152587891, 0.6847000122070312, 0.6855000257492065, 0.6845999956130981, 0.6848999857902527, 0.6851999759674072, 0.6837000250816345]","[4.0392351150512695, 3.7219507694244385, 3.1475608348846436, 3.023890972137451, 2.807093381881714, 2.4281508922576904, 2.5959274768829346, 2.5365078449249268, 2.666160821914673, 2.6476845741271973, 2.894068717956543, 2.0421571731567383, 2.230937957763672, 1.9701595306396484, 2.067270517349243, 2.139055013656616, 2.5087151527404785, 2.0105762481689453, 1.9721648693084717, 1.8301173448562622, 1.7735552787780762, 1.760720133781433, 1.7829647064208984, 1.8962469100952148, 1.7206519842147827, 1.8259882926940918, 1.6400214433670044, 1.7416324615478516, 1.7331242561340332, 1.77522873878479, 1.9300528764724731, 1.833860158920288, 1.6468567848205566, 1.697257399559021, 1.7791953086853027, 1.7249774932861328, 1.6967697143554688, 1.6421895027160645, 1.6440742015838623, 1.6314665079116821, 1.68973970413208, 1.6875580549240112, 1.6737922430038452, 1.748470664024353, 1.6808115243911743, 1.683205485343933, 1.6624701023101807, 1.677992582321167, 1.6886680126190186, 1.6857558488845825, 1.6654086112976074, 1.6806570291519165, 1.6777597665786743, 1.6681455373764038, 1.6991233825683594, 1.6804214715957642, 1.6914111375808716, 1.684678554534912, 1.6794050931930542, 1.6775107383728027, 1.6797741651535034, 1.6764429807662964, 1.6723048686981201, 1.6847128868103027, 1.6808425188064575, 1.6839566230773926, 1.684113621711731, 1.6903345584869385, 1.6816214323043823, 1.6867972612380981]",0.6837000250816345,,1466717420,,5412388,,,,,,-1.0,-1.0,-1.0,0,0,0,0,0.0,0.0,False,BEST,0.6,True,True,"[[84  0  1 ...  0  0  0]
 [ 0 78  1 ...  0  0  0]
 [ 0  0 59 ...  0  4  0]
 ...
 [ 0  0  0 ... 70  0  0]
 [ 0  0  2 ...  0 54  0]
 [ 0  0  0 ...  0  0 69]]",0.6837,0.697259309,0.6837,0.684702525,114
BZZIPY,,26,20,12,False,False,"[18, 43, 4, 20, 38, 37, 33, 55]",[],"[{'INP': 32}, {'CONV': [64, 3]}, ({'CONV': [64, 3]}, {'CONV': [64, 3]}), ({'CONV': [128, 5]}, {'CONV': [64, 5]}, {'POOLMAX': [-1, 2]}), ({'CONV': [32, 3]}, {'CONV': [128, 3]}), ({'CONV': [64, 3]}, {'CONV': [128, 3]}, {'POOLMAX': [-1, 2]}), ({'CONV': [128, 3]}, {'CONV': [256, 3]}), ({'CONV': [128, 3]}, {'CONV': [128, 5]}, {'POOLMAX': [-1, 2]}), ({'CONV': [128, 3]}, {'CONV': [32, 5]}), ({'CONV': [256, 3]}, {'CONV': [256, 5]}, {'POOLMAX': [-1, 2]}), {'GLOBAL_AVG': None}, {'LAST_DENSE': [100, 'softmax']}]",NONE,NONE,RANDOM,70,"[0.14429999887943268, 0.15809999406337738, 0.2240000069141388, 0.3449000120162964, 0.38370001316070557, 0.38690000772476196, 0.375900000333786, 0.4551999866962433, 0.3991999924182892, 0.4724000096321106, 0.462799996137619, 0.42149999737739563, 0.4814000129699707, 0.4722000062465668, 0.4794999957084656, 0.5719000101089478, 0.5630000233650208, 0.4794999957084656, 0.590499997138977, 0.5974000096321106, 0.5784000158309937, 0.6011000275611877, 0.5995000004768372, 0.5737000107765198, 0.5795999765396118, 0.583899974822998, 0.5968000292778015, 0.6453999876976013, 0.6241999864578247, 0.6287000179290771, 0.6491000056266785, 0.6377999782562256, 0.6442999839782715, 0.638700008392334, 0.6466000080108643, 0.6396999955177307, 0.6628999710083008, 0.6732000112533569, 0.661899983882904, 0.6567000150680542, 0.6779999732971191, 0.6674000024795532, 0.6611999869346619, 0.6636999845504761, 0.6640999913215637, 0.666100025177002, 0.6775000095367432, 0.680400013923645, 0.6830000281333923, 0.6703000068664551, 0.6812000274658203, 0.6822999715805054, 0.6800000071525574, 0.6660000085830688, 0.6807000041007996, 0.680899977684021, 0.6825000047683716, 0.680899977684021, 0.6747999787330627, 0.6841999888420105, 0.6819999814033508, 0.6834999918937683, 0.6848000288009644, 0.6812999844551086, 0.6834999918937683, 0.6832000017166138, 0.6851999759674072, 0.6855999827384949, 0.6851999759674072, 0.6837000250816345]","[3.7950081825256348, 3.896909713745117, 3.6653964519500732, 2.8692519664764404, 2.767062187194824, 2.835787534713745, 2.846910238265991, 2.455998182296753, 2.680896520614624, 2.3605871200561523, 2.4774439334869385, 2.6967897415161133, 2.4140431880950928, 2.4378602504730225, 2.4051854610443115, 1.9873157739639282, 2.019740581512451, 2.4858922958374023, 1.8761953115463257, 1.8787388801574707, 1.9413726329803467, 1.8292312622070312, 1.8410717248916626, 1.9957489967346191, 1.9798678159713745, 1.9711601734161377, 1.8588637113571167, 1.6633952856063843, 1.7919028997421265, 1.7599140405654907, 1.625395655632019, 1.7021055221557617, 1.6811397075653076, 1.690553903579712, 1.644516944885254, 1.667245864868164, 1.575501799583435, 1.5701926946640015, 1.6145834922790527, 1.665933609008789, 1.5279046297073364, 1.6030703783035278, 1.6658507585525513, 1.6475958824157715, 1.5895780324935913, 1.5832469463348389, 1.5655609369277954, 1.5272547006607056, 1.5257853269577026, 1.5860888957977295, 1.5422130823135376, 1.5461972951889038, 1.5530115365982056, 1.6400140523910522, 1.5325464010238647, 1.5398098230361938, 1.5362132787704468, 1.5503042936325073, 1.571489930152893, 1.5287764072418213, 1.5488170385360718, 1.5423020124435425, 1.5410043001174927, 1.5564876794815063, 1.5436903238296509, 1.547365665435791, 1.5396696329116821, 1.539703369140625, 1.5451574325561523, 1.5518704652786255]",0.6837000250816345,,548450220,,4510372,,,,,,-1.0,-1.0,-1.0,0,0,0,0,0.0,0.0,False,BEST,0.6,True,True,"[[84  1  0 ...  0  0  0]
 [ 0 81  1 ...  0  0  0]
 [ 0  0 58 ...  0  4  0]
 ...
 [ 0  0  0 ... 69  0  0]
 [ 0  0  4 ...  0 49  0]
 [ 0  0  0 ...  0  0 72]]",0.6837,0.697463934,0.6837,0.68473103,11
BZYYDP,,27,20,15,False,False,"[43, 11, 3, 41, 62, 20, 11, 55]",[],"[{'INP': 32}, {'CONV': [64, 3]}, ({'CONV': [128, 5]}, {'CONV': [64, 5]}), ({'CONV': [32, 5]}, {'CONV': [64, 5]}, {'POOLMAX': [-1, 2]}), ({'CONV': [32, 3]}, {'CONV': [64, 5]}), ({'CONV': [128, 5]}, {'CONV': [32, 5]}, {'POOLMAX': [-1, 2]}), ({'CONV': [256, 5]}, {'CONV': [256, 3]}), ({'CONV': [64, 3]}, {'CONV': [128, 3]}, {'POOLMAX': [-1, 2]}), ({'CONV': [32, 5]}, {'CONV': [64, 5]}), ({'CONV': [256, 3]}, {'CONV': [256, 5]}, {'POOLMAX': [-1, 2]}), {'GLOBAL_AVG': None}, {'LAST_DENSE': [100, 'softmax']}]",NONE,NONE,RANDOM,70,"[0.10350000113248825, 0.2079000025987625, 0.3296999931335449, 0.3734999895095825, 0.3425000011920929, 0.39149999618530273, 0.460099995136261, 0.4205999970436096, 0.4025000035762787, 0.505299985408783, 0.43779999017715454, 0.4684000015258789, 0.4544999897480011, 0.47099998593330383, 0.4959000051021576, 0.5770000219345093, 0.5813999772071838, 0.588699996471405, 0.6265000104904175, 0.6011000275611877, 0.6049000024795532, 0.5802000164985657, 0.609499990940094, 0.6230000257492065, 0.6513000130653381, 0.6488000154495239, 0.6608999967575073, 0.6620000004768372, 0.6557000279426575, 0.6499000191688538, 0.6543999910354614, 0.6299999952316284, 0.660099983215332, 0.6855000257492065, 0.6725999712944031, 0.667900025844574, 0.6708999872207642, 0.6782000064849854, 0.6717000007629395, 0.6922000050544739, 0.6815000176429749, 0.691100001335144, 0.6819999814033508, 0.6812999844551086, 0.6861000061035156, 0.6919000148773193, 0.6840000152587891, 0.6909000277519226, 0.6875, 0.6891999840736389, 0.6912999749183655, 0.6870999932289124, 0.6909000277519226, 0.6898000240325928, 0.6934000253677368, 0.6912999749183655, 0.6904000043869019, 0.692799985408783, 0.6942999958992004, 0.6906999945640564, 0.691100001335144, 0.6919999718666077, 0.6913999915122986, 0.6924999952316284, 0.6924999952316284, 0.6937999725341797, 0.6937999725341797, 0.6924999952316284, 0.6933000087738037, 0.6930999755859375]","[4.407341480255127, 3.550494909286499, 2.9980556964874268, 2.7760980129241943, 3.007695436477661, 2.8386969566345215, 2.4612784385681152, 2.790487051010132, 2.925800085067749, 2.3747446537017822, 2.806335926055908, 2.4981133937835693, 2.719508171081543, 2.550187110900879, 2.479665517807007, 2.038142681121826, 2.0338144302368164, 1.9547003507614136, 1.8225730657577515, 1.924211859703064, 1.9152214527130127, 2.068739175796509, 1.8797582387924194, 1.8407601118087769, 1.6929072141647339, 1.7230567932128906, 1.6923350095748901, 1.6679812669754028, 1.7140843868255615, 1.7506943941116333, 1.707124948501587, 1.8798798322677612, 1.6928285360336304, 1.6261972188949585, 1.6815708875656128, 1.703599214553833, 1.7029242515563965, 1.6728515625, 1.6802263259887695, 1.5869755744934082, 1.6717499494552612, 1.616521954536438, 1.6562621593475342, 1.6687333583831787, 1.6466636657714844, 1.6125353574752808, 1.6739808320999146, 1.6521522998809814, 1.6487979888916016, 1.655203104019165, 1.6412652730941772, 1.6701611280441284, 1.6532611846923828, 1.665028691291809, 1.643864631652832, 1.656733751296997, 1.657891035079956, 1.648173451423645, 1.6446919441223145, 1.669567346572876, 1.6566675901412964, 1.66426682472229, 1.6612919569015503, 1.6560113430023193, 1.6619794368743896, 1.6551159620285034, 1.661877155303955, 1.6620078086853027, 1.6613426208496094, 1.665946125984192]",0.6930999755859375,,1385440236,,7627812,,,,,,-1.0,-1.0,-1.0,0,0,0,0,0.0,0.0,False,BEST,0.45,True,True,"[[83  0  0 ...  0  0  0]
 [ 0 82  0 ...  0  0  0]
 [ 0  0 58 ...  0  3  0]
 ...
 [ 0  0  0 ... 69  0  0]
 [ 0  0  3 ...  0 49  1]
 [ 0  0  0 ...  0  0 76]]",0.693,0.707766152,0.693,0.694654069,26
BJFFBZ,,28,20,14,False,False,"[0, 26, 39, 38, 23, 47, 25, 36]",[],"[{'INP': 32}, {'CONV': [64, 3]}, ({'CONV': [32, 3]}, {'CONV': [32, 3]}), ({'CONV': [64, 5]}, {'CONV': [64, 3]}, {'POOLMAX': [-1, 2]}), ({'CONV': [128, 3]}, {'CONV': [256, 5]}), ({'CONV': [128, 3]}, {'CONV': [256, 3]}, {'POOLMAX': [-1, 2]}), ({'CONV': [64, 3]}, {'CONV': [256, 5]}), ({'CONV': [128, 5]}, {'CONV': [256, 5]}, {'POOLMAX': [-1, 2]}), ({'CONV': [64, 5]}, {'CONV': [32, 5]}), ({'CONV': [128, 3]}, {'CONV': [128, 3]}, {'POOLMAX': [-1, 2]}), {'GLOBAL_AVG': None}, {'LAST_DENSE': [100, 'softmax']}]",NONE,NONE,RANDOM,70,"[0.1324000060558319, 0.19329999387264252, 0.28279998898506165, 0.36160001158714294, 0.37770000100135803, 0.4099999964237213, 0.45320001244544983, 0.47519999742507935, 0.4643999934196472, 0.44530001282691956, 0.47119998931884766, 0.4424000084400177, 0.45559999346733093, 0.5623000264167786, 0.5504000186920166, 0.5967000126838684, 0.560699999332428, 0.5843999981880188, 0.5723000168800354, 0.5735999941825867, 0.5641999840736389, 0.6103000044822693, 0.6234999895095825, 0.6401000022888184, 0.6474000215530396, 0.6545000076293945, 0.6014999747276306, 0.6392999887466431, 0.6280999779701233, 0.608299970626831, 0.642799973487854, 0.6654999852180481, 0.6546000242233276, 0.6628000140190125, 0.6636999845504761, 0.6600000262260437, 0.6789000034332275, 0.6577000021934509, 0.6628000140190125, 0.6712999939918518, 0.6693999767303467, 0.6765999794006348, 0.6773999929428101, 0.6837000250816345, 0.6887999773025513, 0.6804999709129333, 0.6714000105857849, 0.6872000098228455, 0.6875, 0.6890000104904175, 0.6876000165939331, 0.6848000288009644, 0.6873999834060669, 0.6836000084877014, 0.6855999827384949, 0.6906999945640564, 0.6873000264167786, 0.6902999877929688, 0.6884999871253967, 0.6881999969482422, 0.6886000037193298, 0.6901999711990356, 0.6894000172615051, 0.6876000165939331, 0.6865000128746033, 0.6873000264167786, 0.6883999705314636, 0.6876999735832214, 0.6875, 0.6879000067710876]","[3.935802698135376, 3.7124745845794678, 3.141590118408203, 2.989304780960083, 2.7937862873077393, 2.6661901473999023, 2.482210159301758, 2.4135520458221436, 2.4723639488220215, 2.5532782077789307, 2.4876139163970947, 2.6381216049194336, 2.6768386363983154, 2.091473340988159, 2.199981927871704, 1.9011882543563843, 2.062802314758301, 1.9769366979599, 2.044635772705078, 1.990482211112976, 2.1690292358398438, 1.9086425304412842, 1.8553922176361084, 1.767334222793579, 1.7151037454605103, 1.6872453689575195, 2.05602765083313, 1.749379277229309, 1.857877492904663, 1.9254752397537231, 1.8159513473510742, 1.6841336488723755, 1.7162832021713257, 1.6998050212860107, 1.7173669338226318, 1.7143341302871704, 1.6467052698135376, 1.781677484512329, 1.734667420387268, 1.6710373163223267, 1.7394413948059082, 1.6805775165557861, 1.7087334394454956, 1.6786842346191406, 1.6557689905166626, 1.7178229093551636, 1.75835120677948, 1.6936781406402588, 1.6848007440567017, 1.6867650747299194, 1.7095990180969238, 1.7164499759674072, 1.6984144449234009, 1.702648639678955, 1.7169300317764282, 1.702315092086792, 1.7154176235198975, 1.6984683275222778, 1.718281865119934, 1.7117115259170532, 1.716890573501587, 1.7051631212234497, 1.7165319919586182, 1.7179628610610962, 1.7268002033233643, 1.7167787551879883, 1.7153629064559937, 1.7113888263702393, 1.7163140773773193, 1.7081085443496704]",0.6879000067710876,,2259761580,,4962980,,,,,,-1.0,-1.0,-1.0,0,0,0,0,0.0,0.0,False,BEST,0.05,True,True,"[[86  0  0 ...  0  0  0]
 [ 0 78  0 ...  0  0  0]
 [ 0  0 62 ...  0  3  0]
 ...
 [ 0  0  0 ... 72  0  0]
 [ 1  1  4 ...  0 49  0]
 [ 0  0  0 ...  0  0 74]]",0.6879,0.700509828,0.6879,0.689264201,173
BTHXTI,,29,20,16,False,False,"[42, 1, 21, 35, 37, 21, 63, 55]",[],"[{'INP': 32}, {'CONV': [64, 3]}, ({'CONV': [128, 5]}, {'CONV': [64, 3]}), ({'CONV': [32, 3]}, {'CONV': [32, 5]}, {'POOLMAX': [-1, 2]}), ({'CONV': [64, 3]}, {'CONV': [128, 5]}), ({'CONV': [128, 3]}, {'CONV': [64, 5]}, {'POOLMAX': [-1, 2]}), ({'CONV': [128, 3]}, {'CONV': [128, 5]}), ({'CONV': [64, 3]}, {'CONV': [128, 5]}, {'POOLMAX': [-1, 2]}), ({'CONV': [256, 5]}, {'CONV': [256, 5]}), ({'CONV': [256, 3]}, {'CONV': [256, 5]}, {'POOLMAX': [-1, 2]}), {'GLOBAL_AVG': None}, {'LAST_DENSE': [100, 'softmax']}]",NONE,NONE,RANDOM,70,"[0.06390000134706497, 0.11800000071525574, 0.2694000005722046, 0.3393999934196472, 0.37950000166893005, 0.39329999685287476, 0.3400000035762787, 0.4271000027656555, 0.39010000228881836, 0.4580000042915344, 0.4512999951839447, 0.48579999804496765, 0.47749999165534973, 0.46059998869895935, 0.45329999923706055, 0.4984000027179718, 0.5382999777793884, 0.5364999771118164, 0.5029000043869019, 0.492000013589859, 0.5436000227928162, 0.5442000031471252, 0.6190000176429749, 0.6065000295639038, 0.5974000096321106, 0.6049000024795532, 0.5950000286102295, 0.6032999753952026, 0.6291000247001648, 0.644599974155426, 0.6470000147819519, 0.6218000054359436, 0.6438000202178955, 0.6450999975204468, 0.6507999897003174, 0.6665999889373779, 0.6672999858856201, 0.6678000092506409, 0.6642000079154968, 0.6664999723434448, 0.6669999957084656, 0.6771000027656555, 0.682200014591217, 0.6747000217437744, 0.6826000213623047, 0.6866999864578247, 0.6729999780654907, 0.6830000281333923, 0.6858999729156494, 0.683899998664856, 0.6802999973297119, 0.683899998664856, 0.6836000084877014, 0.6894000172615051, 0.6866000294685364, 0.6796000003814697, 0.6891000270843506, 0.6851000189781189, 0.6851999759674072, 0.6851000189781189, 0.6873999834060669, 0.6862999796867371, 0.6869000196456909, 0.6866000294685364, 0.6869000196456909, 0.6879000067710876, 0.6869999766349792, 0.6881999969482422, 0.6887000203132629, 0.6886000037193298]","[4.336912631988525, 4.52003288269043, 3.140913724899292, 2.903522491455078, 2.6374943256378174, 2.7086803913116455, 2.984724521636963, 2.6344499588012695, 2.982276201248169, 2.442898750305176, 2.4799485206604004, 2.3618650436401367, 2.4621195793151855, 2.4843122959136963, 2.546203851699829, 2.367234468460083, 2.1618406772613525, 2.1994006633758545, 2.46060848236084, 2.468733072280884, 2.2131741046905518, 2.2365052700042725, 1.8435903787612915, 1.93715238571167, 1.9457355737686157, 1.913163661956787, 1.9595454931259155, 1.9119699001312256, 1.797407865524292, 1.7176614999771118, 1.7403453588485718, 1.8831796646118164, 1.7380187511444092, 1.7256159782409668, 1.738709568977356, 1.644894003868103, 1.6086127758026123, 1.6489875316619873, 1.6748099327087402, 1.6686424016952515, 1.665605068206787, 1.608962059020996, 1.5915722846984863, 1.639725923538208, 1.5992975234985352, 1.5860648155212402, 1.6682673692703247, 1.612151026725769, 1.5956974029541016, 1.6240121126174927, 1.6163835525512695, 1.6149778366088867, 1.6104384660720825, 1.595199465751648, 1.610214114189148, 1.6574853658676147, 1.6090290546417236, 1.61350417137146, 1.6202675104141235, 1.6169155836105347, 1.621612548828125, 1.6215819120407104, 1.606483817100525, 1.614568829536438, 1.608102798461914, 1.6045165061950684, 1.6079738140106201, 1.6050660610198975, 1.6052052974700928, 1.600174903869629]",0.6886000037193298,,1228463212,,2768676,,,,,,-1.0,-1.0,-1.0,0,0,0,0,0.0,0.0,False,BEST,0.4,True,True,"[[82  0  0 ...  0  0  0]
 [ 0 76  0 ...  0  0  0]
 [ 0  0 60 ...  0  2  0]
 ...
 [ 0  0  1 ... 63  0  0]
 [ 0  0  2 ...  0 55  1]
 [ 0  0  0 ...  0  0 68]]",0.6886,0.703229665,0.6886,0.690111727,133
BTMCTJ,,30,20,12,False,False,"[62, 47, 5, 8, 35, 38, 63, 55]",[],"[{'INP': 32}, {'CONV': [64, 3]}, ({'CONV': [256, 5]}, {'CONV': [256, 3]}), ({'CONV': [128, 5]}, {'CONV': [256, 5]}, {'POOLMAX': [-1, 2]}), ({'CONV': [32, 3]}, {'CONV': [128, 5]}), ({'CONV': [32, 5]}, {'CONV': [32, 3]}, {'POOLMAX': [-1, 2]}), ({'CONV': [128, 3]}, {'CONV': [64, 5]}), ({'CONV': [128, 3]}, {'CONV': [256, 3]}, {'POOLMAX': [-1, 2]}), ({'CONV': [256, 5]}, {'CONV': [256, 5]}), ({'CONV': [256, 3]}, {'CONV': [256, 5]}, {'POOLMAX': [-1, 2]}), {'GLOBAL_AVG': None}, {'LAST_DENSE': [100, 'softmax']}]",NONE,NONE,RANDOM,70,"[0.10100000351667404, 0.1850000023841858, 0.25699999928474426, 0.27730000019073486, 0.3573000133037567, 0.3619000017642975, 0.4025000035762787, 0.4146000146865845, 0.47780001163482666, 0.4442000091075897, 0.49380001425743103, 0.5109000205993652, 0.48330000042915344, 0.48919999599456787, 0.5264999866485596, 0.4875999987125397, 0.4715000092983246, 0.5845000147819519, 0.576200008392334, 0.5562000274658203, 0.5781000256538391, 0.5878000259399414, 0.6115999817848206, 0.586899995803833, 0.6001999974250793, 0.6118000149726868, 0.6222000122070312, 0.6051999926567078, 0.5590000152587891, 0.6054999828338623, 0.5838000178337097, 0.6310999989509583, 0.6129999756813049, 0.6165000200271606, 0.6333000063896179, 0.6499999761581421, 0.6215999722480774, 0.6342999935150146, 0.6187000274658203, 0.5976999998092651, 0.6144999861717224, 0.6564000248908997, 0.6527000069618225, 0.6585000157356262, 0.667900025844574, 0.6639000177383423, 0.6717000007629395, 0.6714000105857849, 0.6678000092506409, 0.6547999978065491, 0.6596999764442444, 0.66839998960495, 0.6855000257492065, 0.6832000017166138, 0.6822999715805054, 0.6671000123023987, 0.6793000102043152, 0.661899983882904, 0.6807000041007996, 0.6807000041007996, 0.6819999814033508, 0.6794000267982483, 0.6844000220298767, 0.6855999827384949, 0.6881999969482422, 0.6866999864578247, 0.6880999803543091, 0.6870999932289124, 0.6863999962806702, 0.6895999908447266]","[4.125621795654297, 3.5893192291259766, 3.3737540245056152, 3.3288066387176514, 2.9037952423095703, 2.8280837535858154, 2.6400578022003174, 2.634018898010254, 2.3315770626068115, 2.578346014022827, 2.2728545665740967, 2.216886520385742, 2.3993663787841797, 2.4477176666259766, 2.2811174392700195, 2.460301399230957, 2.622710704803467, 1.9790478944778442, 2.0334908962249756, 2.1719682216644287, 2.0002036094665527, 1.950203537940979, 1.8395200967788696, 1.9444289207458496, 1.9125279188156128, 1.8425394296646118, 1.819374442100525, 1.8855421543121338, 2.1693544387817383, 1.8936058282852173, 2.0557425022125244, 1.817813515663147, 1.887087106704712, 1.8910012245178223, 1.7805875539779663, 1.7086983919143677, 1.8434207439422607, 1.800045371055603, 1.9260202646255493, 2.0067930221557617, 1.899877905845642, 1.7719529867172241, 1.7847349643707275, 1.7692058086395264, 1.7039023637771606, 1.7363615036010742, 1.6951320171356201, 1.7192553281784058, 1.734613299369812, 1.806839108467102, 1.771376132965088, 1.7286550998687744, 1.6330269575119019, 1.6613943576812744, 1.6692371368408203, 1.7755928039550781, 1.7243787050247192, 1.8450080156326294, 1.7268415689468384, 1.705857753753662, 1.7232240438461304, 1.7496261596679688, 1.7171343564987183, 1.7310845851898193, 1.716920256614685, 1.7151784896850586, 1.71135413646698, 1.7305835485458374, 1.722409725189209, 1.7068549394607544]",0.6895999908447266,,615760172,,5680036,,,,,,-1.0,-1.0,-1.0,0,0,0,0,0.0,0.0,False,BEST,0.65,True,True,"[[81  0  0 ...  0  0  0]
 [ 0 82  0 ...  0  0  0]
 [ 0  0 62 ...  0  2  0]
 ...
 [ 0  0  0 ... 68  0  0]
 [ 0  0  5 ...  0 45  0]
 [ 0  0  0 ...  0  0 77]]",0.6895,0.699278534,0.6895,0.689259698,20
BYXHY,,1,20,11,False,False,"[50, 10, 53, 45, 39, 37, 21, 55]",[],"[{'INP': 32}, {'CONV': [64, 3]}, ({'CONV': [256, 3]}, {'CONV': [64, 3]}), ({'CONV': [32, 5]}, {'CONV': [64, 3]}, {'POOLMAX': [-1, 2]}), ({'CONV': [256, 3]}, {'CONV': [128, 5]}), ({'CONV': [128, 5]}, {'CONV': [128, 5]}, {'POOLMAX': [-1, 2]}), ({'CONV': [128, 3]}, {'CONV': [256, 5]}), ({'CONV': [128, 3]}, {'CONV': [128, 5]}, {'POOLMAX': [-1, 2]}), ({'CONV': [64, 3]}, {'CONV': [128, 5]}), ({'CONV': [256, 3]}, {'CONV': [256, 5]}, {'POOLMAX': [-1, 2]}), {'GLOBAL_AVG': None}, {'LAST_DENSE': [100, 'softmax']}]",SPC,NONE,GA,70,"[0.10999999940395355, 0.19189999997615814, 0.2020999938249588, 0.17870000004768372, 0.4235999882221222, 0.4162999987602234, 0.3386000096797943, 0.4007999897003174, 0.4796000123023987, 0.46650001406669617, 0.45010000467300415, 0.501800000667572, 0.49619999527931213, 0.4408999979496002, 0.5092999935150146, 0.5141000151634216, 0.5257999897003174, 0.5539000034332275, 0.5735999941825867, 0.5397999882698059, 0.5407999753952026, 0.5138999819755554, 0.5440999865531921, 0.5755000114440918, 0.6450999975204468, 0.6234999895095825, 0.6164000034332275, 0.6333000063896179, 0.6376000046730042, 0.6222000122070312, 0.6656000018119812, 0.6626999974250793, 0.6546000242233276, 0.6754000186920166, 0.6775000095367432, 0.6654000282287598, 0.682699978351593, 0.6722999811172485, 0.6586999893188477, 0.675000011920929, 0.6674000024795532, 0.6776999831199646, 0.6912000179290771, 0.6973999738693237, 0.6837000250816345, 0.6976000070571899, 0.6891000270843506, 0.6883000135421753, 0.701200008392334, 0.708899974822998, 0.7064999938011169, 0.7049000263214111, 0.6996999979019165, 0.7028999924659729, 0.7069000005722046, 0.7129999995231628, 0.708299994468689, 0.7121000289916992, 0.7095999717712402, 0.7081000208854675, 0.7106000185012817, 0.705299973487854, 0.7113999724388123, 0.7125999927520752, 0.7077999711036682, 0.7123000025749207, 0.7121999859809875, 0.7128000259399414, 0.7129999995231628, 0.7121000289916992]","[4.262149810791016, 3.6809277534484863, 5.230931758880615, 10.240869522094727, 2.564483165740967, 2.680983066558838, 3.442180871963501, 2.954667091369629, 2.400484561920166, 2.5090575218200684, 2.6528830528259277, 2.3639283180236816, 2.4170403480529785, 2.7699015140533447, 2.4042694568634033, 2.3697452545166016, 2.304651975631714, 2.2070462703704834, 2.1036295890808105, 2.3440487384796143, 2.249373435974121, 2.513813018798828, 2.313359260559082, 2.1423585414886475, 1.7937244176864624, 1.8964207172393799, 1.901705265045166, 1.8567869663238525, 1.8018056154251099, 1.9212478399276733, 1.7420241832733154, 1.7541571855545044, 1.7773898839950562, 1.6646783351898193, 1.6546201705932617, 1.704482078552246, 1.6279574632644653, 1.6727432012557983, 1.7588601112365723, 1.6642907857894897, 1.737278938293457, 1.6333675384521484, 1.5973780155181885, 1.5973371267318726, 1.7046681642532349, 1.607643961906433, 1.644073486328125, 1.670434594154358, 1.6129049062728882, 1.5845516920089722, 1.5979042053222656, 1.5956465005874634, 1.6603995561599731, 1.626158356666565, 1.627813696861267, 1.6025400161743164, 1.6273622512817383, 1.6307904720306396, 1.6227068901062012, 1.6353263854980469, 1.6272510290145874, 1.666561484336853, 1.6372230052947998, 1.6243764162063599, 1.6414976119995117, 1.624345064163208, 1.6295416355133057, 1.629439353942871, 1.639228105545044, 1.6276111602783203]",0.7121000289916992,,1871733804,,6414756,,,,,,-1.0,-1.0,-1.0,20,0,400,0,0.05,0.0,False,BEST,0.75,True,True,"[[85  0  0 ...  0  0  0]
 [ 0 78  0 ...  0  0  0]
 [ 1  0 65 ...  0  1  0]
 ...
 [ 0  0  0 ... 67  0  0]
 [ 0  0  4 ...  0 49  0]
 [ 0  0  0 ...  0  0 76]]",0.7121,0.723855786,0.7121,0.713021906,1
BFFXJR,,2,20,9,False,False,"[14, 31, 46, 27, 60, 47, 47, 15]",[],"[{'INP': 32}, {'CONV': [64, 3]}, ({'CONV': [32, 5]}, {'CONV': [256, 3]}), ({'CONV': [64, 5]}, {'CONV': [256, 5]}, {'POOLMAX': [-1, 2]}), ({'CONV': [128, 5]}, {'CONV': [256, 3]}), ({'CONV': [64, 5]}, {'CONV': [64, 5]}, {'POOLMAX': [-1, 2]}), ({'CONV': [256, 5]}, {'CONV': [128, 3]}), ({'CONV': [128, 5]}, {'CONV': [256, 5]}, {'POOLMAX': [-1, 2]}), ({'CONV': [128, 5]}, {'CONV': [256, 5]}), ({'CONV': [32, 5]}, {'CONV': [256, 5]}, {'POOLMAX': [-1, 2]}), {'GLOBAL_AVG': None}, {'LAST_DENSE': [100, 'softmax']}]",SPC,NONE,GA,70,"[0.06319999694824219, 0.1615000069141388, 0.21089999377727509, 0.32280001044273376, 0.3538999855518341, 0.46239998936653137, 0.4343999922275543, 0.4169999957084656, 0.3513000011444092, 0.4740999937057495, 0.385699987411499, 0.5529999732971191, 0.5370000004768372, 0.5450999736785889, 0.5586000084877014, 0.5597000122070312, 0.5918999910354614, 0.5105999708175659, 0.5885000228881836, 0.583899974822998, 0.5839999914169312, 0.5956000089645386, 0.6121000051498413, 0.6140999794006348, 0.5936999917030334, 0.6233999729156494, 0.5938000082969666, 0.6298999786376953, 0.5971999764442444, 0.6359000205993652, 0.5519000291824341, 0.5953999757766724, 0.5924999713897705, 0.6209999918937683, 0.6051999926567078, 0.6751000285148621, 0.6657999753952026, 0.6819000244140625, 0.6754000186920166, 0.6435999870300293, 0.6740999817848206, 0.6668999791145325, 0.6626999974250793, 0.6937000155448914, 0.6801999807357788, 0.6973999738693237, 0.6919999718666077, 0.6902999877929688, 0.6984000205993652, 0.6966000199317932, 0.6818000078201294, 0.6909000277519226, 0.705299973487854, 0.7023000121116638, 0.7041000127792358, 0.7071999907493591, 0.7044000029563904, 0.7055000066757202, 0.708299994468689, 0.7057999968528748, 0.7070000171661377, 0.7085000276565552, 0.7095000147819519, 0.7103999853134155, 0.7109000086784363, 0.7071999907493591, 0.708299994468689, 0.7116000056266785, 0.7095999717712402, 0.7091000080108643]","[4.540783405303955, 4.060487270355225, 3.727172613143921, 2.893021821975708, 2.930091381072998, 2.386251449584961, 2.575267791748047, 2.6312623023986816, 3.2308785915374756, 2.479036808013916, 2.985492467880249, 2.1509342193603516, 2.1850972175598145, 2.154125928878784, 2.0450048446655273, 2.0449633598327637, 1.9064408540725708, 2.4462788105010986, 1.9015923738479614, 1.975725769996643, 1.988995909690857, 1.9259036779403687, 1.9079868793487549, 1.8673800230026245, 1.9514751434326172, 1.8599599599838257, 2.0152013301849365, 1.8027340173721313, 1.9956613779067993, 1.778223991394043, 2.381216287612915, 2.08044171333313, 2.0659806728363037, 1.9233887195587158, 1.9719113111495972, 1.6855297088623047, 1.742248296737671, 1.6497271060943604, 1.703815221786499, 1.8925961256027222, 1.6992933750152588, 1.7326115369796753, 1.7519840002059937, 1.6279906034469604, 1.7374136447906494, 1.6241384744644165, 1.637589693069458, 1.6980042457580566, 1.643310546875, 1.675447702407837, 1.7501660585403442, 1.7188286781311035, 1.6252559423446655, 1.6549803018569946, 1.6483454704284668, 1.6284513473510742, 1.6395044326782227, 1.6448296308517456, 1.6371722221374512, 1.6458652019500732, 1.6431914567947388, 1.630221962928772, 1.6374255418777466, 1.6321557760238647, 1.639776587486267, 1.6468756198883057, 1.6428033113479614, 1.6395838260650635, 1.6427075862884521, 1.639702558517456]",0.7091000080108643,,579666412,,6162468,,,,,,-1.0,-1.0,-1.0,37,0,400,0,0.0925,0.0,False,BEST,0.4,True,True,"[[85  0  0 ...  0  0  0]
 [ 0 84  0 ...  0  0  0]
 [ 0  0 63 ...  0  3  0]
 ...
 [ 0  0  0 ... 78  0  0]
 [ 0  0  1 ...  0 54  0]
 [ 0  0  0 ...  0  0 76]]",0.7092,0.719547844,0.7092,0.710114902,120
BDJFOR,,3,20,11,False,False,"[14, 19, 29, 29, 45, 38, 28, 7]",[],"[{'INP': 32}, {'CONV': [64, 3]}, ({'CONV': [32, 5]}, {'CONV': [256, 3]}), ({'CONV': [64, 3]}, {'CONV': [64, 5]}, {'POOLMAX': [-1, 2]}), ({'CONV': [64, 5]}, {'CONV': [128, 5]}), ({'CONV': [64, 5]}, {'CONV': [128, 5]}, {'POOLMAX': [-1, 2]}), ({'CONV': [128, 5]}, {'CONV': [128, 5]}), ({'CONV': [128, 3]}, {'CONV': [256, 3]}, {'POOLMAX': [-1, 2]}), ({'CONV': [64, 5]}, {'CONV': [128, 3]}), ({'CONV': [32, 3]}, {'CONV': [256, 5]}, {'POOLMAX': [-1, 2]}), {'GLOBAL_AVG': None}, {'LAST_DENSE': [100, 'softmax']}]",SPC,NONE,GA,70,"[0.06199999898672104, 0.1437000036239624, 0.2572000026702881, 0.2669000029563904, 0.2892000079154968, 0.28519999980926514, 0.34929999709129333, 0.39910000562667847, 0.40130001306533813, 0.38589999079704285, 0.3937999904155731, 0.423799991607666, 0.47839999198913574, 0.48809999227523804, 0.4756999909877777, 0.483599990606308, 0.4507000148296356, 0.4952000081539154, 0.4869000017642975, 0.5806000232696533, 0.5662000179290771, 0.5590000152587891, 0.5931000113487244, 0.585099995136261, 0.5690000057220459, 0.5579000115394592, 0.5304999947547913, 0.5758000016212463, 0.618399977684021, 0.605400025844574, 0.6136000156402588, 0.6222000122070312, 0.6244000196456909, 0.6136000156402588, 0.6273000240325928, 0.6481999754905701, 0.6327999830245972, 0.6299999952316284, 0.6172000169754028, 0.6281999945640564, 0.5972999930381775, 0.640999972820282, 0.6570000052452087, 0.6446999907493591, 0.6582000255584717, 0.6532999873161316, 0.6629999876022339, 0.6601999998092651, 0.6445000171661377, 0.6543999910354614, 0.6608999967575073, 0.6513000130653381, 0.6748999953269958, 0.6725999712944031, 0.6699000000953674, 0.6721000075340271, 0.6721000075340271, 0.6722000241279602, 0.6796000003814697, 0.6765000224113464, 0.6776000261306763, 0.6764000058174133, 0.6776999831199646, 0.6761999726295471, 0.6769999861717224, 0.682200014591217, 0.6783999800682068, 0.6823999881744385, 0.6773999929428101, 0.6819000244140625]","[4.641916751861572, 3.76784610748291, 3.1373302936553955, 3.170135974884033, 3.074411392211914, 3.1361770629882812, 2.8772685527801514, 2.640578031539917, 2.590902328491211, 2.7495579719543457, 2.8067750930786133, 2.626753807067871, 2.336421251296997, 2.281917095184326, 2.4381470680236816, 2.3894925117492676, 2.5692458152770996, 2.367035388946533, 2.4416067600250244, 1.9739586114883423, 2.023472547531128, 2.0922648906707764, 1.8868935108184814, 1.9639350175857544, 2.0277960300445557, 2.102255344390869, 2.2414307594299316, 2.039313554763794, 1.8486661911010742, 1.9273629188537598, 1.8356574773788452, 1.7983709573745728, 1.8148566484451294, 1.858432650566101, 1.8289293050765991, 1.6995880603790283, 1.8052351474761963, 1.780121088027954, 1.8648189306259155, 1.8467206954956055, 2.0471177101135254, 1.784341812133789, 1.7105603218078613, 1.7631065845489502, 1.6903494596481323, 1.7511869668960571, 1.663718342781067, 1.699702501296997, 1.8247294425964355, 1.7341558933258057, 1.7199851274490356, 1.7848432064056396, 1.6622124910354614, 1.6609855890274048, 1.690247893333435, 1.6973212957382202, 1.6795910596847534, 1.6930320262908936, 1.6670472621917725, 1.678068995475769, 1.670277714729309, 1.6728222370147705, 1.6794261932373047, 1.686407446861267, 1.680516242980957, 1.656389832496643, 1.6751638650894165, 1.6553056240081787, 1.6792410612106323, 1.6653642654418945]",0.6819000244140625,,1737117228,,4594084,,,,,,-1.0,-1.0,-1.0,31,0,400,0,0.0775,0.0,False,BEST,0.15,True,True,"[[83  0  0 ...  0  0  0]
 [ 0 81  0 ...  0  0  0]
 [ 0  0 59 ...  0  3  0]
 ...
 [ 0  0  0 ... 67  0  0]
 [ 0  0  1 ...  0 53  0]
 [ 0  0  0 ...  0  0 74]]",0.682,0.695545164,0.682,0.683526755,46
BXHVVB,,4,20,5,False,False,"[14, 14, 23, 30, 42, 14, 47, 22]",[],"[{'INP': 32}, {'CONV': [64, 3]}, ({'CONV': [32, 5]}, {'CONV': [256, 3]}), ({'CONV': [32, 5]}, {'CONV': [256, 3]}, {'POOLMAX': [-1, 2]}), ({'CONV': [64, 3]}, {'CONV': [256, 5]}), ({'CONV': [64, 5]}, {'CONV': [256, 3]}, {'POOLMAX': [-1, 2]}), ({'CONV': [128, 5]}, {'CONV': [64, 3]}), ({'CONV': [32, 5]}, {'CONV': [256, 3]}, {'POOLMAX': [-1, 2]}), ({'CONV': [128, 5]}, {'CONV': [256, 5]}), ({'CONV': [64, 3]}, {'CONV': [256, 3]}, {'POOLMAX': [-1, 2]}), {'GLOBAL_AVG': None}, {'LAST_DENSE': [100, 'softmax']}]",SPC,NONE,GA,70,"[0.06599999964237213, 0.08340000361204147, 0.2842999994754791, 0.2987000048160553, 0.3434000015258789, 0.3628999888896942, 0.4239000082015991, 0.3562999963760376, 0.40880000591278076, 0.4122999906539917, 0.4781000018119812, 0.42149999737739563, 0.4065999984741211, 0.35370001196861267, 0.4779999852180481, 0.48969998955726624, 0.5360999703407288, 0.536300003528595, 0.5817000269889832, 0.5878999829292297, 0.5281000137329102, 0.5587999820709229, 0.5723999738693237, 0.5892000198364258, 0.5756999850273132, 0.5800999999046326, 0.552299976348877, 0.5713000297546387, 0.582099974155426, 0.6129000186920166, 0.6122000217437744, 0.6183000206947327, 0.6180999875068665, 0.6118999719619751, 0.6294999718666077, 0.6383000016212463, 0.6212999820709229, 0.6225000023841858, 0.6371999979019165, 0.6287999749183655, 0.6176000237464905, 0.6148999929428101, 0.6316999793052673, 0.63919997215271, 0.65420001745224, 0.6449999809265137, 0.6603000164031982, 0.6646999716758728, 0.6575000286102295, 0.644599974155426, 0.6381999850273132, 0.6528000235557556, 0.6538000106811523, 0.6622999906539917, 0.6539999842643738, 0.6510000228881836, 0.6646000146865845, 0.66839998960495, 0.6642000079154968, 0.6711000204086304, 0.6654000282287598, 0.6686999797821045, 0.664900004863739, 0.6674000024795532, 0.6687999963760376, 0.6721000075340271, 0.6718000173568726, 0.6714000105857849, 0.6690999865531921, 0.6693999767303467]","[6.570228099822998, 12.30261516571045, 2.9426043033599854, 2.9625320434570312, 2.802640438079834, 2.760556936264038, 2.4646413326263428, 2.81122088432312, 2.6603710651397705, 2.5824472904205322, 2.279407262802124, 2.5850820541381836, 2.7923827171325684, 3.106700897216797, 2.324279308319092, 2.354355573654175, 2.172794818878174, 2.1457865238189697, 1.8934568166732788, 1.8565224409103394, 2.2547435760498047, 1.9735963344573975, 1.9199048280715942, 1.8549013137817383, 1.9810831546783447, 1.8792730569839478, 2.0215017795562744, 1.9324281215667725, 1.8944369554519653, 1.781220555305481, 1.7771806716918945, 1.7640736103057861, 1.7865203619003296, 1.8205138444900513, 1.726999044418335, 1.6701023578643799, 1.7876919507980347, 1.7798742055892944, 1.6547820568084717, 1.742315411567688, 1.7764732837677002, 1.842270851135254, 1.7315731048583984, 1.6712251901626587, 1.6085383892059326, 1.6646103858947754, 1.608879566192627, 1.594179391860962, 1.614587426185608, 1.6845369338989258, 1.7328462600708008, 1.6573106050491333, 1.6667423248291016, 1.6191868782043457, 1.6752890348434448, 1.6959809064865112, 1.653059720993042, 1.596907377243042, 1.631483554840088, 1.6080957651138306, 1.6455944776535034, 1.616606593132019, 1.642638921737671, 1.625880241394043, 1.6068637371063232, 1.6164214611053467, 1.6161019802093506, 1.6224853992462158, 1.620774507522583, 1.6234058141708374]",0.6693999767303467,,1154886124,,3732516,,,,,,-1.0,-1.0,-1.0,32,0,400,0,0.08,0.0,False,BEST,0.25,True,True,"[[83  0  0 ...  0  0  1]
 [ 0 82  0 ...  0  0  0]
 [ 0  0 53 ...  0  5  0]
 ...
 [ 0  0  0 ... 70  0  0]
 [ 0  0  0 ...  0 52  0]
 [ 0  0  0 ...  0  0 69]]",0.6693,0.683281145,0.6693,0.670635334,35
BIPKMI,,5,20,13,False,False,"[15, 36, 20, 61, 0, 6, 58, 14]",[],"[{'INP': 32}, {'CONV': [64, 3]}, ({'CONV': [32, 5]}, {'CONV': [256, 5]}), ({'CONV': [128, 3]}, {'CONV': [128, 3]}, {'POOLMAX': [-1, 2]}), ({'CONV': [64, 3]}, {'CONV': [128, 3]}), ({'CONV': [256, 5]}, {'CONV': [128, 5]}, {'POOLMAX': [-1, 2]}), ({'CONV': [32, 3]}, {'CONV': [32, 3]}), ({'CONV': [32, 3]}, {'CONV': [256, 3]}, {'POOLMAX': [-1, 2]}), ({'CONV': [256, 5]}, {'CONV': [64, 3]}), ({'CONV': [32, 5]}, {'CONV': [256, 3]}, {'POOLMAX': [-1, 2]}), {'GLOBAL_AVG': None}, {'LAST_DENSE': [100, 'softmax']}]",SPC,NONE,GA,70,"[0.09719999879598618, 0.1599999964237213, 0.19910000264644623, 0.3337000012397766, 0.32260000705718994, 0.29109999537467957, 0.3653999865055084, 0.4239000082015991, 0.40619999170303345, 0.4431000053882599, 0.4869999885559082, 0.4465000033378601, 0.48809999227523804, 0.4652000069618225, 0.48010000586509705, 0.526199996471405, 0.5428000092506409, 0.5175999999046326, 0.5236999988555908, 0.47760000824928284, 0.5376999974250793, 0.5493999719619751, 0.5906999707221985, 0.5950000286102295, 0.5960000157356262, 0.5916000008583069, 0.6315000057220459, 0.6026999950408936, 0.6054999828338623, 0.6037999987602234, 0.6172000169754028, 0.6122999787330627, 0.6653000116348267, 0.6448000073432922, 0.65829998254776, 0.6388999819755554, 0.656000018119812, 0.6699000000953674, 0.6764000058174133, 0.6722999811172485, 0.670799970626831, 0.6721000075340271, 0.6715999841690063, 0.683899998664856, 0.6836000084877014, 0.6841999888420105, 0.6862999796867371, 0.6858999729156494, 0.6868000030517578, 0.6877999901771545, 0.6858999729156494, 0.6883000135421753, 0.6873999834060669, 0.685699999332428, 0.6905999779701233, 0.6905999779701233, 0.690500020980835, 0.6913999915122986, 0.6912999749183655, 0.6916000247001648, 0.6908000111579895, 0.6919999718666077, 0.6917999982833862, 0.6924999952316284, 0.6912000179290771, 0.6916000247001648, 0.6915000081062317, 0.692799985408783, 0.6909000277519226, 0.694599986076355]","[4.183469772338867, 3.765331268310547, 3.6365714073181152, 2.838042736053467, 2.980485439300537, 3.3297512531280518, 2.871713161468506, 2.557023525238037, 2.746584892272949, 2.549129009246826, 2.330143690109253, 2.564673662185669, 2.3711302280426025, 2.5231237411499023, 2.4842891693115234, 2.2578632831573486, 2.1597635746002197, 2.3484702110290527, 2.32771897315979, 2.7449426651000977, 2.2960259914398193, 2.233551025390625, 2.0810062885284424, 2.041335105895996, 2.0027353763580322, 2.078568458557129, 1.8404721021652222, 1.9979051351547241, 2.0079307556152344, 1.9993070363998413, 1.9345914125442505, 1.9524604082107544, 1.717572808265686, 1.8249015808105469, 1.805891990661621, 1.871367335319519, 1.7546894550323486, 1.7283974885940552, 1.6787992715835571, 1.7282155752182007, 1.736922264099121, 1.7500578165054321, 1.730402946472168, 1.6868703365325928, 1.6966469287872314, 1.7101668119430542, 1.6997748613357544, 1.6958935260772705, 1.7157191038131714, 1.7196197509765625, 1.707993507385254, 1.698245644569397, 1.7061718702316284, 1.7321418523788452, 1.6955095529556274, 1.7011302709579468, 1.707677960395813, 1.7082868814468384, 1.7037886381149292, 1.708606243133545, 1.7091236114501953, 1.7063137292861938, 1.7014613151550293, 1.7090694904327393, 1.7103396654129028, 1.7078611850738525, 1.7089711427688599, 1.7057238817214966, 1.7129113674163818, 1.7050533294677734]",0.694599986076355,,827730604,,3622052,,,,,,-1.0,-1.0,-1.0,29,0,400,0,0.0725,0.0,False,BEST,0.95,True,True,"[[85  0  0 ...  0  0  0]
 [ 0 82  0 ...  0  0  0]
 [ 0  0 68 ...  0  1  0]
 ...
 [ 0  0  0 ... 70  0  0]
 [ 0  0  2 ...  0 49  0]
 [ 0  0  0 ...  0  0 76]]",0.6945,0.703444747,0.6945,0.694357028,3
BYXGIV,,6,20,8,False,False,"[61, 42, 23, 34, 54, 46, 22, 22]",[],"[{'INP': 32}, {'CONV': [64, 3]}, ({'CONV': [256, 5]}, {'CONV': [128, 5]}), ({'CONV': [128, 5]}, {'CONV': [64, 3]}, {'POOLMAX': [-1, 2]}), ({'CONV': [64, 3]}, {'CONV': [256, 5]}), ({'CONV': [128, 3]}, {'CONV': [64, 3]}, {'POOLMAX': [-1, 2]}), ({'CONV': [256, 3]}, {'CONV': [256, 3]}), ({'CONV': [128, 5]}, {'CONV': [256, 3]}, {'POOLMAX': [-1, 2]}), ({'CONV': [64, 3]}, {'CONV': [256, 3]}), ({'CONV': [64, 3]}, {'CONV': [256, 3]}, {'POOLMAX': [-1, 2]}), {'GLOBAL_AVG': None}, {'LAST_DENSE': [100, 'softmax']}]",SPC,NONE,GA,70,"[0.07010000199079514, 0.17630000412464142, 0.24089999496936798, 0.3163999915122986, 0.31040000915527344, 0.3594000041484833, 0.37880000472068787, 0.4372999966144562, 0.41830000281333923, 0.4675999879837036, 0.43479999899864197, 0.4230000078678131, 0.42730000615119934, 0.4943999946117401, 0.487199991941452, 0.48969998955726624, 0.5065000057220459, 0.5077999830245972, 0.5286999940872192, 0.5367000102996826, 0.5184999704360962, 0.51419997215271, 0.5131999850273132, 0.5117999911308289, 0.5623999834060669, 0.5289000272750854, 0.564300000667572, 0.5723000168800354, 0.5091000199317932, 0.5662000179290771, 0.6051999926567078, 0.6093000173568726, 0.6133999824523926, 0.6033999919891357, 0.5942000150680542, 0.6175000071525574, 0.6141999959945679, 0.5947999954223633, 0.6000000238418579, 0.5906999707221985, 0.6157000064849854, 0.6435999870300293, 0.6617000102996826, 0.6201000213623047, 0.652899980545044, 0.6427000164985657, 0.6416000127792358, 0.6546000242233276, 0.6570000052452087, 0.6588000059127808, 0.6625999808311462, 0.6657999753952026, 0.6656000018119812, 0.6762999892234802, 0.6694999933242798, 0.6733999848365784, 0.6736999750137329, 0.6735000014305115, 0.6686999797821045, 0.6740999817848206, 0.6747000217437744, 0.6747999787330627, 0.6726999878883362, 0.6728000044822693, 0.6769999861717224, 0.6772000193595886, 0.6783999800682068, 0.6769999861717224, 0.6776999831199646, 0.6765999794006348]","[4.733490467071533, 3.699173927307129, 3.284466505050659, 2.939131736755371, 3.333707809448242, 2.882474899291992, 2.788379430770874, 2.410207509994507, 2.6459460258483887, 2.358335018157959, 2.503448247909546, 2.6912989616394043, 2.5965614318847656, 2.3061282634735107, 2.3734207153320312, 2.357116937637329, 2.2311904430389404, 2.277902364730835, 2.1952500343322754, 2.153066635131836, 2.2376832962036133, 2.2413151264190674, 2.3033287525177, 2.4225406646728516, 2.0365917682647705, 2.213350772857666, 2.05328369140625, 2.055987596511841, 2.33740234375, 2.067579746246338, 1.8928275108337402, 1.8462566137313843, 1.8337188959121704, 1.9094990491867065, 1.9351115226745605, 1.7891243696212769, 1.8350411653518677, 1.960966944694519, 1.9437479972839355, 1.9740455150604248, 1.8268511295318604, 1.7247538566589355, 1.635111689567566, 1.8998392820358276, 1.661456823348999, 1.715119481086731, 1.766930103302002, 1.6592907905578613, 1.6488844156265259, 1.64634370803833, 1.6384259462356567, 1.6459547281265259, 1.6456828117370605, 1.5858031511306763, 1.6221728324890137, 1.6095610857009888, 1.599250316619873, 1.6128718852996826, 1.6185213327407837, 1.5947926044464111, 1.6005322933197021, 1.5985572338104248, 1.6013303995132446, 1.6124316453933716, 1.5947270393371582, 1.5971488952636719, 1.5890564918518066, 1.6033982038497925, 1.5982966423034668, 1.6042832136154175]",0.6765999794006348,,924281644,,3988900,,,,,,-1.0,-1.0,-1.0,26,0,400,0,0.065,0.0,False,BEST,0.05,True,True,"[[82  0  0 ...  0  0  0]
 [ 1 78  0 ...  0  0  0]
 [ 1  0 57 ...  0  3  0]
 ...
 [ 0  0  0 ... 66  0  0]
 [ 0  0  6 ...  0 51  0]
 [ 0  0  1 ...  0  0 69]]",0.6765,0.690747785,0.6765,0.67726371,119
BYXCDW,,7,20,12,False,False,"[46, 36, 29, 10, 51, 63, 39, 62]",[],"[{'INP': 32}, {'CONV': [64, 3]}, ({'CONV': [128, 5]}, {'CONV': [256, 3]}), ({'CONV': [128, 3]}, {'CONV': [128, 3]}, {'POOLMAX': [-1, 2]}), ({'CONV': [64, 5]}, {'CONV': [128, 5]}), ({'CONV': [32, 5]}, {'CONV': [64, 3]}, {'POOLMAX': [-1, 2]}), ({'CONV': [256, 3]}, {'CONV': [64, 5]}), ({'CONV': [256, 5]}, {'CONV': [256, 5]}, {'POOLMAX': [-1, 2]}), ({'CONV': [128, 3]}, {'CONV': [256, 5]}), ({'CONV': [256, 5]}, {'CONV': [256, 3]}, {'POOLMAX': [-1, 2]}), {'GLOBAL_AVG': None}, {'LAST_DENSE': [100, 'softmax']}]",SPC,NONE,GA,70,"[0.1103999987244606, 0.20890000462532043, 0.260699987411499, 0.28679999709129333, 0.3490999937057495, 0.3547999858856201, 0.3873000144958496, 0.4018000066280365, 0.40230000019073486, 0.4896000027656555, 0.476500004529953, 0.5189999938011169, 0.4876999855041504, 0.5034000277519226, 0.5353999733924866, 0.4611999988555908, 0.4984999895095825, 0.58160001039505, 0.6007000207901001, 0.588699996471405, 0.5324000120162964, 0.6011000275611877, 0.6057999730110168, 0.6098999977111816, 0.6466000080108643, 0.6485000252723694, 0.6549000144004822, 0.6554999947547913, 0.6583999991416931, 0.649399995803833, 0.6571000218391418, 0.6327000260353088, 0.6456000208854675, 0.6335999965667725, 0.6309000253677368, 0.6557999849319458, 0.6812999844551086, 0.6841999888420105, 0.6909000277519226, 0.6863999962806702, 0.6726999878883362, 0.6783000230789185, 0.6757000088691711, 0.6805999875068665, 0.6866999864578247, 0.6816999912261963, 0.6841999888420105, 0.6955999732017517, 0.6894000172615051, 0.6998999714851379, 0.6973999738693237, 0.6976000070571899, 0.6969000101089478, 0.7010999917984009, 0.6992999911308289, 0.6969000101089478, 0.6988000273704529, 0.699999988079071, 0.698199987411499, 0.7014999985694885, 0.7001000046730042, 0.7006000280380249, 0.6984999775886536, 0.7005000114440918, 0.6991999745368958, 0.7002000212669373, 0.699999988079071, 0.6996999979019165, 0.6991000175476074, 0.6998999714851379]","[4.012137413024902, 3.59179949760437, 3.265902042388916, 3.271796464920044, 2.975306749343872, 2.930455446243286, 2.809281826019287, 2.8794307708740234, 2.881275177001953, 2.3760406970977783, 2.475456953048706, 2.302727699279785, 2.447747230529785, 2.3889377117156982, 2.3040778636932373, 2.6758251190185547, 2.546553373336792, 2.0564424991607666, 1.9054946899414062, 1.989195704460144, 2.300743579864502, 1.9518775939941406, 1.933467149734497, 1.9348734617233276, 1.7422871589660645, 1.7429896593093872, 1.7148544788360596, 1.7143925428390503, 1.7018017768859863, 1.733748197555542, 1.6788357496261597, 1.8705984354019165, 1.7694244384765625, 1.8316187858581543, 1.8324638605117798, 1.73881995677948, 1.6106407642364502, 1.5876330137252808, 1.55723237991333, 1.5930079221725464, 1.6828826665878296, 1.653227686882019, 1.6666029691696167, 1.6411243677139282, 1.6075985431671143, 1.64653480052948, 1.666693925857544, 1.586724042892456, 1.6589189767837524, 1.5893231630325317, 1.5948582887649536, 1.5894540548324585, 1.5974992513656616, 1.5829051733016968, 1.5910686254501343, 1.5980054140090942, 1.5840559005737305, 1.6002881526947021, 1.6023497581481934, 1.579211950302124, 1.5950053930282593, 1.5864918231964111, 1.5992392301559448, 1.592555284500122, 1.5961378812789917, 1.592257022857666, 1.591420292854309, 1.5894280672073364, 1.5952507257461548, 1.5945062637329102]",0.6998999714851379,,711959340,,5839780,,,,,,-1.0,-1.0,-1.0,37,0,400,0,0.0925,0.0,False,BEST,0.65,True,True,"[[83  0  0 ...  0  0  0]
 [ 0 82  0 ...  0  0  0]
 [ 0  0 58 ...  0  3  0]
 ...
 [ 0  1  0 ... 74  0  0]
 [ 0  0  2 ...  0 48  1]
 [ 0  0  0 ...  0  0 76]]",0.6998,0.711274851,0.6998,0.70018334,18
BEVXNV,,8,20,13,False,False,"[14, 24, 18, 35, 46, 55, 13, 7]",[],"[{'INP': 32}, {'CONV': [64, 3]}, ({'CONV': [32, 5]}, {'CONV': [256, 3]}), ({'CONV': [64, 5]}, {'CONV': [32, 3]}, {'POOLMAX': [-1, 2]}), ({'CONV': [64, 3]}, {'CONV': [64, 3]}), ({'CONV': [128, 3]}, {'CONV': [64, 5]}, {'POOLMAX': [-1, 2]}), ({'CONV': [128, 5]}, {'CONV': [256, 3]}), ({'CONV': [256, 3]}, {'CONV': [256, 5]}, {'POOLMAX': [-1, 2]}), ({'CONV': [32, 5]}, {'CONV': [128, 5]}), ({'CONV': [32, 3]}, {'CONV': [256, 5]}, {'POOLMAX': [-1, 2]}), {'GLOBAL_AVG': None}, {'LAST_DENSE': [100, 'softmax']}]",SPC,NONE,GA,70,"[0.10100000351667404, 0.1679999977350235, 0.26759999990463257, 0.32989999651908875, 0.3312999904155731, 0.4000000059604645, 0.41850000619888306, 0.4255000054836273, 0.4408999979496002, 0.4090999960899353, 0.5016000270843506, 0.4212000072002411, 0.48899999260902405, 0.546500027179718, 0.49149999022483826, 0.5015000104904175, 0.48410001397132874, 0.5354999899864197, 0.5482000112533569, 0.5493000149726868, 0.5885000228881836, 0.6158999800682068, 0.6087999939918518, 0.6220999956130981, 0.6288999915122986, 0.6116999983787537, 0.6280999779701233, 0.6207000017166138, 0.6222000122070312, 0.6288999915122986, 0.6502000093460083, 0.6560999751091003, 0.6628999710083008, 0.6430000066757202, 0.6468999981880188, 0.6517000198364258, 0.6559000015258789, 0.6510000228881836, 0.670199990272522, 0.6743999719619751, 0.6814000010490417, 0.6834999918937683, 0.6797000169754028, 0.6843000054359436, 0.667900025844574, 0.6851000189781189, 0.6711000204086304, 0.6764000058174133, 0.669700026512146, 0.6905999779701233, 0.6844000220298767, 0.6923999786376953, 0.6875, 0.6917999982833862, 0.6901999711990356, 0.692300021648407, 0.6906999945640564, 0.6942999958992004, 0.6973999738693237, 0.695900022983551, 0.6955000162124634, 0.694599986076355, 0.6945000290870667, 0.6938999891281128, 0.6967999935150146, 0.6952000260353088, 0.694100022315979, 0.6962000131607056, 0.6934999823570251, 0.6951000094413757]","[4.217027187347412, 3.805612564086914, 3.2613701820373535, 3.006129503250122, 3.0884509086608887, 2.7373485565185547, 2.636441707611084, 2.580549716949463, 2.615741491317749, 2.7298831939697266, 2.321599006652832, 2.8703622817993164, 2.381793975830078, 2.146688938140869, 2.4174411296844482, 2.3937482833862305, 2.5367822647094727, 2.221754789352417, 2.2189667224884033, 2.2787961959838867, 1.9536837339401245, 1.8368589878082275, 1.8967257738113403, 1.8191068172454834, 1.788164496421814, 1.9113496541976929, 1.8085445165634155, 1.8269929885864258, 1.848678469657898, 1.8293606042861938, 1.7241878509521484, 1.6984261274337769, 1.647907018661499, 1.7460756301879883, 1.7370131015777588, 1.742859959602356, 1.717237114906311, 1.7125996351242065, 1.6189936399459839, 1.612918496131897, 1.6036255359649658, 1.6019043922424316, 1.6141026020050049, 1.5636608600616455, 1.6495269536972046, 1.609785556793213, 1.658004879951477, 1.6485350131988525, 1.6941930055618286, 1.5665524005889893, 1.5934691429138184, 1.5545382499694824, 1.5768324136734009, 1.5756019353866577, 1.595842719078064, 1.5777570009231567, 1.581381916999817, 1.5612107515335083, 1.5724698305130005, 1.5710539817810059, 1.5958821773529053, 1.5762381553649902, 1.5738675594329834, 1.5874850749969482, 1.5689252614974976, 1.5857950448989868, 1.5875449180603027, 1.582870364189148, 1.5825929641723633, 1.580517053604126]",0.6951000094413757,,2354156908,,6969636,,,,,,-1.0,-1.0,-1.0,22,0,400,0,0.055,0.0,False,BEST,0.95,True,True,"[[79  0  0 ...  0  0  0]
 [ 0 83  0 ...  0  0  0]
 [ 1  0 60 ...  0  4  0]
 ...
 [ 0  0  0 ... 70  0  0]
 [ 1  0  5 ...  0 54  0]
 [ 0  0  0 ...  0  0 74]]",0.6949,0.706526993,0.6949,0.695136244,21
BUBZXI,,9,20,14,False,False,"[2, 6, 4, 20, 5, 38, 28, 39]",[],"[{'INP': 32}, {'CONV': [64, 3]}, ({'CONV': [32, 3]}, {'CONV': [64, 3]}), ({'CONV': [32, 3]}, {'CONV': [256, 3]}, {'POOLMAX': [-1, 2]}), ({'CONV': [32, 3]}, {'CONV': [128, 3]}), ({'CONV': [64, 3]}, {'CONV': [128, 3]}, {'POOLMAX': [-1, 2]}), ({'CONV': [32, 3]}, {'CONV': [128, 5]}), ({'CONV': [128, 3]}, {'CONV': [256, 3]}, {'POOLMAX': [-1, 2]}), ({'CONV': [64, 5]}, {'CONV': [128, 3]}), ({'CONV': [128, 3]}, {'CONV': [256, 5]}, {'POOLMAX': [-1, 2]}), {'GLOBAL_AVG': None}, {'LAST_DENSE': [100, 'softmax']}]",SPC,NONE,GA,70,"[0.10459999740123749, 0.21969999372959137, 0.31450000405311584, 0.26179999113082886, 0.4018999934196472, 0.3456000089645386, 0.34929999709129333, 0.4034000039100647, 0.4345000088214874, 0.4546999931335449, 0.4821999967098236, 0.4855000078678131, 0.48249998688697815, 0.5357999801635742, 0.542900025844574, 0.4869999885559082, 0.5214999914169312, 0.5390999913215637, 0.5541999936103821, 0.5735999941825867, 0.5113000273704529, 0.5878000259399414, 0.5636000037193298, 0.541700005531311, 0.5752000212669373, 0.5472000241279602, 0.5845999717712402, 0.6488000154495239, 0.6435999870300293, 0.6496999859809875, 0.6229000091552734, 0.6240000128746033, 0.6323000192642212, 0.6517999768257141, 0.6474000215530396, 0.6854000091552734, 0.6665999889373779, 0.6879000067710876, 0.6754000186920166, 0.6880000233650208, 0.6829000115394592, 0.6927000284194946, 0.7085000276565552, 0.7026000022888184, 0.6906999945640564, 0.7056999802589417, 0.701200008392334, 0.7073000073432922, 0.7067999839782715, 0.7110000252723694, 0.7092000246047974, 0.7078999876976013, 0.7069000005722046, 0.7134000062942505, 0.7117999792098999, 0.7139000296592712, 0.7138000130653381, 0.7135999798774719, 0.7174000144004822, 0.71670001745224, 0.7148000001907349, 0.7142000198364258, 0.7139999866485596, 0.7146999835968018, 0.7171000242233276, 0.7157999873161316, 0.7149999737739563, 0.7145000100135803, 0.7143999934196472, 0.7164000272750854]","[4.341251850128174, 3.4666390419006348, 3.041640281677246, 3.5214390754699707, 2.6911022663116455, 3.0211338996887207, 3.1902873516082764, 2.8004672527313232, 2.690760850906372, 2.6664388179779053, 2.53407883644104, 2.4894886016845703, 2.5301589965820312, 2.2819416522979736, 2.219653606414795, 2.59755802154541, 2.3862504959106445, 2.3718149662017822, 2.224534273147583, 2.1359500885009766, 2.491227388381958, 2.123603343963623, 2.221956491470337, 2.337153673171997, 2.200618267059326, 2.4077069759368896, 2.213146209716797, 1.8647485971450806, 1.8778326511383057, 1.8195111751556396, 1.979776382446289, 2.0530147552490234, 1.9004015922546387, 1.8222160339355469, 1.877158761024475, 1.6664892435073853, 1.7727916240692139, 1.6839354038238525, 1.7771070003509521, 1.6829112768173218, 1.7054165601730347, 1.6576292514801025, 1.6087379455566406, 1.6443617343902588, 1.7293152809143066, 1.6253734827041626, 1.6797279119491577, 1.649849772453308, 1.657970905303955, 1.6502888202667236, 1.6551941633224487, 1.6744463443756104, 1.6850019693374634, 1.6359306573867798, 1.6606851816177368, 1.6473976373672485, 1.6651052236557007, 1.673860788345337, 1.666409969329834, 1.6578757762908936, 1.673399806022644, 1.6732630729675293, 1.6784265041351318, 1.6743614673614502, 1.670742392539978, 1.6817082166671753, 1.6748383045196533, 1.687329888343811, 1.6806674003601074, 1.67423415184021]",0.7164000272750854,,723581740,,4180900,,,,,,-1.0,-1.0,-1.0,42,0,400,0,0.105,0.0,False,BEST,0.9,True,True,"[[86  0  0 ...  0  0  0]
 [ 0 79  0 ...  0  0  0]
 [ 0  0 63 ...  0  2  0]
 ...
 [ 0  0  0 ... 73  1  0]
 [ 0  0  2 ...  0 61  0]
 [ 0  0  0 ...  0  0 76]]",0.7162,0.726989651,0.7162,0.717250446,8
BGLLE,,10,20,14,False,False,"[49, 37, 23, 55, 23, 6, 9, 22]",[],"[{'INP': 32}, {'CONV': [64, 3]}, ({'CONV': [256, 3]}, {'CONV': [32, 5]}), ({'CONV': [128, 3]}, {'CONV': [128, 5]}, {'POOLMAX': [-1, 2]}), ({'CONV': [64, 3]}, {'CONV': [256, 5]}), ({'CONV': [256, 3]}, {'CONV': [256, 5]}, {'POOLMAX': [-1, 2]}), ({'CONV': [64, 3]}, {'CONV': [256, 5]}), ({'CONV': [32, 3]}, {'CONV': [256, 3]}, {'POOLMAX': [-1, 2]}), ({'CONV': [32, 5]}, {'CONV': [32, 5]}), ({'CONV': [64, 3]}, {'CONV': [256, 3]}, {'POOLMAX': [-1, 2]}), {'GLOBAL_AVG': None}, {'LAST_DENSE': [100, 'softmax']}]",SPC,NONE,GA,70,"[0.0966000035405159, 0.1777999997138977, 0.25200000405311584, 0.2831000089645386, 0.2581999897956848, 0.34200000762939453, 0.44859999418258667, 0.3619000017642975, 0.42829999327659607, 0.45980000495910645, 0.3887999951839447, 0.48510000109672546, 0.46720001101493835, 0.5238000154495239, 0.4821000099182129, 0.5062999725341797, 0.5336999893188477, 0.5375000238418579, 0.5174999833106995, 0.6074000000953674, 0.554099977016449, 0.5964000225067139, 0.6101999878883362, 0.5967000126838684, 0.6118000149726868, 0.5856999754905701, 0.6194000244140625, 0.6179999709129333, 0.5631999969482422, 0.6294000148773193, 0.6079999804496765, 0.6283000111579895, 0.6021999716758728, 0.5849000215530396, 0.6047999858856201, 0.635200023651123, 0.6424999833106995, 0.6528000235557556, 0.6463000178337097, 0.6323000192642212, 0.6636999845504761, 0.6502000093460083, 0.6528000235557556, 0.6646000146865845, 0.6488999724388123, 0.6708999872207642, 0.673799991607666, 0.6597999930381775, 0.6396999955177307, 0.6290000081062317, 0.6455000042915344, 0.6735000014305115, 0.6789000034332275, 0.6692000031471252, 0.6700000166893005, 0.6800000071525574, 0.6761999726295471, 0.6894000172615051, 0.6873000264167786, 0.6841999888420105, 0.6897000074386597, 0.6934000253677368, 0.6819000244140625, 0.6805999875068665, 0.6868000030517578, 0.6852999925613403, 0.6820999979972839, 0.6934999823570251, 0.6880000233650208, 0.6935999989509583]","[4.146097183227539, 3.6623172760009766, 3.2935309410095215, 3.2226152420043945, 3.6541311740875244, 2.9309349060058594, 2.3814730644226074, 3.0498154163360596, 2.54813289642334, 2.379870653152466, 2.804692029953003, 2.3157200813293457, 2.6146602630615234, 2.1601414680480957, 2.412874221801758, 2.273144483566284, 2.196754217147827, 2.174955129623413, 2.34505558013916, 1.864233374595642, 2.2168309688568115, 1.9459586143493652, 1.828845739364624, 1.9090995788574219, 1.8178958892822266, 2.0374104976654053, 1.8000249862670898, 1.8134759664535522, 2.1963977813720703, 1.761614203453064, 1.898390293121338, 1.7800859212875366, 1.9213519096374512, 2.0666401386260986, 1.9470441341400146, 1.8139355182647705, 1.7653298377990723, 1.7125656604766846, 1.7327287197113037, 1.8396351337432861, 1.6478880643844604, 1.7690718173980713, 1.707716941833496, 1.6821389198303223, 1.7935335636138916, 1.6432037353515625, 1.6456258296966553, 1.7147865295410156, 1.8933922052383423, 1.9056060314178467, 1.7925670146942139, 1.6724281311035156, 1.640008568763733, 1.7383990287780762, 1.7289605140686035, 1.6656460762023926, 1.6938966512680054, 1.6429189443588257, 1.6562243700027466, 1.6901243925094604, 1.6568591594696045, 1.6376140117645264, 1.7091652154922485, 1.7153280973434448, 1.7000190019607544, 1.702223777770996, 1.7043331861495972, 1.6579458713531494, 1.6945277452468872, 1.6786845922470093]",0.6935999989509583,,928700396,,3038756,,,,,,-1.0,-1.0,-1.0,34,0,400,0,0.085,0.0,False,BEST,0.35,True,True,"[[84  0  0 ...  0  0  0]
 [ 0 77  0 ...  0  0  0]
 [ 0  1 57 ...  0  4  0]
 ...
 [ 0  0  0 ... 70  0  0]
 [ 0  0  2 ...  0 47  0]
 [ 0  0  0 ...  0  0 70]]",0.6936,0.707731796,0.6936,0.694948285,83
BSGUGP,,11,20,7,False,False,"[26, 57, 4, 38, 20, 37, 31, 46]",[],"[{'INP': 32}, {'CONV': [64, 3]}, ({'CONV': [64, 5]}, {'CONV': [64, 3]}), ({'CONV': [256, 5]}, {'CONV': [32, 5]}, {'POOLMAX': [-1, 2]}), ({'CONV': [32, 3]}, {'CONV': [128, 3]}), ({'CONV': [128, 3]}, {'CONV': [256, 3]}, {'POOLMAX': [-1, 2]}), ({'CONV': [64, 3]}, {'CONV': [128, 3]}), ({'CONV': [128, 3]}, {'CONV': [128, 5]}, {'POOLMAX': [-1, 2]}), ({'CONV': [64, 5]}, {'CONV': [256, 5]}), ({'CONV': [128, 5]}, {'CONV': [256, 3]}, {'POOLMAX': [-1, 2]}), {'GLOBAL_AVG': None}, {'LAST_DENSE': [100, 'softmax']}]",SPC,NONE,GA,70,"[0.11550000309944153, 0.2134000062942505, 0.24210000038146973, 0.3221000134944916, 0.31769999861717224, 0.3702000081539154, 0.4309999942779541, 0.4449000060558319, 0.3917999863624573, 0.4408000111579895, 0.45089998841285706, 0.45210000872612, 0.5042999982833862, 0.4796000123023987, 0.5335999727249146, 0.48339998722076416, 0.49000000953674316, 0.5519999861717224, 0.5430999994277954, 0.5062999725341797, 0.5091999769210815, 0.49070000648498535, 0.5796999931335449, 0.5794000029563904, 0.5713000297546387, 0.5408999919891357, 0.541700005531311, 0.5067999958992004, 0.5687000155448914, 0.628600001335144, 0.628000020980835, 0.6320000290870667, 0.636900007724762, 0.6531000137329102, 0.6330000162124634, 0.6399000287055969, 0.633400022983551, 0.6229000091552734, 0.6414999961853027, 0.6735000014305115, 0.6711000204086304, 0.6723999977111816, 0.6552000045776367, 0.6563000082969666, 0.6805999875068665, 0.6653000116348267, 0.6675000190734863, 0.6506999731063843, 0.683899998664856, 0.6653000116348267, 0.7013999819755554, 0.6938999891281128, 0.6895999908447266, 0.6934000253677368, 0.6991999745368958, 0.7009999752044678, 0.7020000219345093, 0.7037000060081482, 0.6992999911308289, 0.7041000127792358, 0.7001000046730042, 0.7016000151634216, 0.7050999999046326, 0.7027000188827515, 0.7057999968528748, 0.7077999711036682, 0.7064999938011169, 0.7069000005722046, 0.710099995136261, 0.7081000208854675]","[4.017492771148682, 3.361178159713745, 3.371115207672119, 2.968834400177002, 3.009584665298462, 2.8173768520355225, 2.542790412902832, 2.5011465549468994, 2.9284121990203857, 2.545667886734009, 2.4817991256713867, 2.526608467102051, 2.2778124809265137, 2.581494092941284, 2.143782377243042, 2.5030503273010254, 2.5186750888824463, 2.1194205284118652, 2.1614880561828613, 2.4414560794830322, 2.3639636039733887, 2.44132661819458, 2.044016122817993, 2.021064519882202, 2.138998031616211, 2.289172410964966, 2.3239734172821045, 2.534754991531372, 2.1587936878204346, 1.8701331615447998, 1.8666541576385498, 1.8239293098449707, 1.7948955297470093, 1.7169042825698853, 1.872432827949524, 1.8159167766571045, 1.827480673789978, 1.8637269735336304, 1.7810903787612915, 1.6568595170974731, 1.6727955341339111, 1.6872564554214478, 1.7996445894241333, 1.7848384380340576, 1.616539478302002, 1.761264681816101, 1.7174701690673828, 1.7880522012710571, 1.6311057806015015, 1.7263388633728027, 1.5552141666412354, 1.6120140552520752, 1.61225163936615, 1.6029211282730103, 1.5980733633041382, 1.5828149318695068, 1.5697743892669678, 1.5605262517929077, 1.5997158288955688, 1.5708215236663818, 1.585675597190857, 1.5862127542495728, 1.5766513347625732, 1.5852420330047607, 1.5656195878982544, 1.5820804834365845, 1.5783629417419434, 1.5750086307525635, 1.5806647539138794, 1.5852113962173462]",0.7081000208854675,,301938284,,2055972,,,,,,-1.0,-1.0,-1.0,27,0,400,0,0.0675,0.0,False,BEST,0.45,True,True,"[[88  0  0 ...  0  0  0]
 [ 0 82  0 ...  0  0  0]
 [ 0  0 60 ...  0  2  0]
 ...
 [ 0  0  0 ... 73  0  0]
 [ 0  0  2 ...  0 58  0]
 [ 0  0  1 ...  0  0 78]]",0.708,0.718535545,0.708,0.709071269,56
BPVWFT,,12,20,6,False,False,"[30, 39, 14, 19, 23, 37, 27, 22]",[],"[{'INP': 32}, {'CONV': [64, 3]}, ({'CONV': [64, 5]}, {'CONV': [256, 3]}), ({'CONV': [128, 3]}, {'CONV': [256, 5]}, {'POOLMAX': [-1, 2]}), ({'CONV': [32, 5]}, {'CONV': [256, 3]}), ({'CONV': [64, 3]}, {'CONV': [64, 5]}, {'POOLMAX': [-1, 2]}), ({'CONV': [64, 3]}, {'CONV': [256, 5]}), ({'CONV': [128, 3]}, {'CONV': [128, 5]}, {'POOLMAX': [-1, 2]}), ({'CONV': [64, 5]}, {'CONV': [64, 5]}), ({'CONV': [64, 3]}, {'CONV': [256, 3]}, {'POOLMAX': [-1, 2]}), {'GLOBAL_AVG': None}, {'LAST_DENSE': [100, 'softmax']}]",SPC,NONE,GA,70,"[0.10719999670982361, 0.28600001335144043, 0.25940001010894775, 0.3450999855995178, 0.3643999993801117, 0.3668000102043152, 0.40299999713897705, 0.42239999771118164, 0.46219998598098755, 0.4860999882221222, 0.4715999960899353, 0.48510000109672546, 0.4659000039100647, 0.5241000056266785, 0.490200012922287, 0.5410000085830688, 0.5224999785423279, 0.5320000052452087, 0.5210000276565552, 0.5406000018119812, 0.5684000253677368, 0.574400007724762, 0.5059000253677368, 0.5523999929428101, 0.5612999796867371, 0.5582000017166138, 0.635699987411499, 0.6559000015258789, 0.6152999997138977, 0.6055999994277954, 0.6294999718666077, 0.6305000185966492, 0.6564000248908997, 0.611299991607666, 0.6237999796867371, 0.6001999974250793, 0.6500999927520752, 0.6115000247955322, 0.640999972820282, 0.6355000138282776, 0.6352999806404114, 0.6514999866485596, 0.6801999807357788, 0.6875, 0.6780999898910522, 0.659600019454956, 0.682200014591217, 0.6791999936103821, 0.6917999982833862, 0.683899998664856, 0.6881999969482422, 0.6917999982833862, 0.6881999969482422, 0.671999990940094, 0.699999988079071, 0.6985999941825867, 0.6951000094413757, 0.6952000260353088, 0.6959999799728394, 0.6980000138282776, 0.7087000012397766, 0.7074000239372253, 0.7089999914169312, 0.7081999778747559, 0.7077000141143799, 0.7098000049591064, 0.7125999927520752, 0.7113000154495239, 0.7111999988555908, 0.7124999761581421]","[4.243766784667969, 3.1214544773101807, 3.476384401321411, 3.0316412448883057, 2.957254409790039, 3.037213087081909, 2.887765645980835, 2.7419676780700684, 2.5589470863342285, 2.431013345718384, 2.672353744506836, 2.5371429920196533, 2.6383376121520996, 2.3748795986175537, 2.580984115600586, 2.2811331748962402, 2.387033700942993, 2.3390331268310547, 2.399176597595215, 2.3430588245391846, 2.1699507236480713, 2.1933090686798096, 2.648829221725464, 2.2768447399139404, 2.2998263835906982, 2.304706573486328, 1.8917129039764404, 1.8116484880447388, 2.032010555267334, 2.078052520751953, 1.9352840185165405, 1.9379634857177734, 1.7977756261825562, 2.0632002353668213, 1.986633062362671, 2.106114387512207, 1.7789456844329834, 2.026204824447632, 1.89266037940979, 1.8937768936157227, 1.8933275938034058, 1.8562136888504028, 1.6931440830230713, 1.693825364112854, 1.7201933860778809, 1.8493773937225342, 1.687927484512329, 1.70228910446167, 1.6820441484451294, 1.6985098123550415, 1.7119131088256836, 1.683447241783142, 1.7096816301345825, 1.8001271486282349, 1.6507408618927002, 1.6847623586654663, 1.7009261846542358, 1.6942952871322632, 1.7103283405303955, 1.6925904750823975, 1.6417937278747559, 1.6847257614135742, 1.6636478900909424, 1.6615509986877441, 1.6661291122436523, 1.6606436967849731, 1.665452003479004, 1.6625609397888184, 1.6640756130218506, 1.6658568382263184]",0.7124999761581421,,1002332588,,6702756,,,,,,-1.0,-1.0,-1.0,26,0,400,0,0.065,0.0,False,BEST,0.35,True,True,"[[86  0  0 ...  0  0  0]
 [ 0 79  0 ...  0  0  0]
 [ 1  0 60 ...  0  3  0]
 ...
 [ 0  0  0 ... 71  1  0]
 [ 0  0  5 ...  1 57  2]
 [ 0  0  0 ...  0  0 70]]",0.7125,0.725681034,0.7125,0.714421971,90
BNRBBT,,13,20,7,False,False,"[2, 60, 44, 15, 15, 62, 28, 31]",[],"[{'INP': 32}, {'CONV': [64, 3]}, ({'CONV': [32, 3]}, {'CONV': [64, 3]}), ({'CONV': [256, 5]}, {'CONV': [128, 3]}, {'POOLMAX': [-1, 2]}), ({'CONV': [128, 5]}, {'CONV': [128, 3]}), ({'CONV': [32, 5]}, {'CONV': [256, 5]}, {'POOLMAX': [-1, 2]}), ({'CONV': [32, 5]}, {'CONV': [256, 5]}), ({'CONV': [256, 5]}, {'CONV': [256, 3]}, {'POOLMAX': [-1, 2]}), ({'CONV': [64, 5]}, {'CONV': [128, 3]}), ({'CONV': [64, 5]}, {'CONV': [256, 5]}, {'POOLMAX': [-1, 2]}), {'GLOBAL_AVG': None}, {'LAST_DENSE': [100, 'softmax']}]",SPC,NONE,GA,70,"[0.09730000048875809, 0.18379999697208405, 0.288100004196167, 0.2892000079154968, 0.30149999260902405, 0.37369999289512634, 0.396699994802475, 0.40799999237060547, 0.38119998574256897, 0.4595000147819519, 0.4578999876976013, 0.48660001158714294, 0.48899999260902405, 0.4966999888420105, 0.46619999408721924, 0.4903999865055084, 0.5236999988555908, 0.5166000127792358, 0.5115000009536743, 0.4993000030517578, 0.5026000142097473, 0.46779999136924744, 0.5329999923706055, 0.5852000117301941, 0.5658000111579895, 0.607200026512146, 0.590399980545044, 0.6222000122070312, 0.5666999816894531, 0.6018999814987183, 0.5672000050544739, 0.5873000025749207, 0.6071000099182129, 0.6378999948501587, 0.6449999809265137, 0.6474999785423279, 0.6449000239372253, 0.6427000164985657, 0.6503000259399414, 0.6162999868392944, 0.6144999861717224, 0.6624000072479248, 0.652400016784668, 0.6662999987602234, 0.6611999869346619, 0.673799991607666, 0.6714000105857849, 0.6682999730110168, 0.6705999970436096, 0.6507999897003174, 0.6599000096321106, 0.6801999807357788, 0.6757000088691711, 0.666100025177002, 0.6581000089645386, 0.6710000038146973, 0.67330002784729, 0.6802999973297119, 0.6685000061988831, 0.6807000041007996, 0.6793000102043152, 0.6723999977111816, 0.679099977016449, 0.6819000244140625, 0.6766999959945679, 0.6836000084877014, 0.6797000169754028, 0.6800000071525574, 0.6833000183105469, 0.6819999814033508]","[4.440762042999268, 3.5470573902130127, 3.0543017387390137, 3.0634231567382812, 3.1811583042144775, 2.823256492614746, 2.641106367111206, 2.7096877098083496, 2.9079935550689697, 2.441136360168457, 2.4989359378814697, 2.361917018890381, 2.3738503456115723, 2.307074546813965, 2.456888198852539, 2.406137228012085, 2.248645782470703, 2.271043062210083, 2.3023910522460938, 2.408076286315918, 2.4095046520233154, 2.6516106128692627, 2.3123958110809326, 2.0201053619384766, 2.081728458404541, 1.8851052522659302, 1.9447966814041138, 1.8075507879257202, 2.0720577239990234, 1.9194445610046387, 2.159803628921509, 2.027510404586792, 1.8789092302322388, 1.7836666107177734, 1.7238351106643677, 1.7073701620101929, 1.7217150926589966, 1.7353243827819824, 1.7144582271575928, 1.9105967283248901, 1.9885894060134888, 1.679246425628662, 1.7181280851364136, 1.6544978618621826, 1.6994004249572754, 1.6324653625488281, 1.6512248516082764, 1.6609121561050415, 1.628136396408081, 1.7742966413497925, 1.6884998083114624, 1.6207623481750488, 1.6250406503677368, 1.6837403774261475, 1.74086332321167, 1.6612931489944458, 1.644139289855957, 1.6254276037216187, 1.69266676902771, 1.6321861743927002, 1.6364763975143433, 1.6897251605987549, 1.6447089910507202, 1.652469515800476, 1.6736571788787842, 1.6396119594573975, 1.657772421836853, 1.6457679271697998, 1.6427876949310303, 1.6501247882843018]",0.6819999814033508,,598100204,,4580900,,,,,,-1.0,-1.0,-1.0,20,0,400,0,0.05,0.0,False,BEST,0.8,True,True,"[[84  0  0 ...  0  0  0]
 [ 0 80  0 ...  0  0  0]
 [ 0  0 59 ...  0  2  0]
 ...
 [ 0  0  0 ... 65  0  0]
 [ 0  0  5 ...  0 59  0]
 [ 0  0  0 ...  0  0 74]]",0.682,0.692604774,0.682,0.681764303,41
BMEFUN,,14,20,7,False,False,"[33, 28, 12, 58, 53, 60, 15, 55]",[],"[{'INP': 32}, {'CONV': [64, 3]}, ({'CONV': [128, 3]}, {'CONV': [32, 5]}), ({'CONV': [64, 5]}, {'CONV': [128, 3]}, {'POOLMAX': [-1, 2]}), ({'CONV': [32, 5]}, {'CONV': [128, 3]}), ({'CONV': [256, 5]}, {'CONV': [64, 3]}, {'POOLMAX': [-1, 2]}), ({'CONV': [256, 3]}, {'CONV': [128, 5]}), ({'CONV': [256, 5]}, {'CONV': [128, 3]}, {'POOLMAX': [-1, 2]}), ({'CONV': [32, 5]}, {'CONV': [256, 5]}), ({'CONV': [256, 3]}, {'CONV': [256, 5]}, {'POOLMAX': [-1, 2]}), {'GLOBAL_AVG': None}, {'LAST_DENSE': [100, 'softmax']}]",SPC,NONE,GA,70,"[0.09830000251531601, 0.17239999771118164, 0.2468000054359436, 0.28290000557899475, 0.37049999833106995, 0.39239999651908875, 0.4124000072479248, 0.41940000653266907, 0.4341000020503998, 0.42289999127388, 0.447299987077713, 0.4876999855041504, 0.4810999929904938, 0.5238000154495239, 0.501800000667572, 0.4810999929904938, 0.4968000054359436, 0.5180000066757202, 0.4991999864578247, 0.6053000092506409, 0.5907999873161316, 0.5960000157356262, 0.6104999780654907, 0.6017000079154968, 0.5960000157356262, 0.5863999724388123, 0.5899999737739563, 0.6141999959945679, 0.637499988079071, 0.628600001335144, 0.6463000178337097, 0.6535999774932861, 0.6430000066757202, 0.6521000266075134, 0.6302000284194946, 0.6434999704360962, 0.6359000205993652, 0.6657999753952026, 0.6632000207901001, 0.6579999923706055, 0.6748999953269958, 0.6636999845504761, 0.666100025177002, 0.6574000120162964, 0.6721000075340271, 0.66839998960495, 0.6679999828338623, 0.6718000173568726, 0.6751999855041504, 0.6769000291824341, 0.6725999712944031, 0.678600013256073, 0.6754999756813049, 0.6780999898910522, 0.6730999946594238, 0.6715999841690063, 0.6739000082015991, 0.6754000186920166, 0.6723999977111816, 0.6764000058174133, 0.6759999990463257, 0.6769000291824341, 0.6748999953269958, 0.676800012588501, 0.6747999787330627, 0.6764000058174133, 0.6758999824523926, 0.6754000186920166, 0.6769999861717224, 0.6759999990463257]","[4.061174392700195, 3.607470989227295, 3.2921640872955322, 3.238076686859131, 2.7536182403564453, 2.6248981952667236, 2.664536237716675, 2.6396052837371826, 2.823756456375122, 2.6699459552764893, 2.576542854309082, 2.2993268966674805, 2.519852638244629, 2.1771817207336426, 2.285360097885132, 2.418283700942993, 2.3572869300842285, 2.292464256286621, 2.335336446762085, 1.8639307022094727, 1.9181082248687744, 1.9211781024932861, 1.830693006515503, 1.8988605737686157, 1.8764232397079468, 1.9593493938446045, 1.9506597518920898, 1.831164836883545, 1.735859990119934, 1.7917410135269165, 1.7098109722137451, 1.627498745918274, 1.7209941148757935, 1.6711945533752441, 1.7815765142440796, 1.7118899822235107, 1.7680388689041138, 1.6198527812957764, 1.641342043876648, 1.6727811098098755, 1.5974427461624146, 1.677962064743042, 1.6540591716766357, 1.67227303981781, 1.637010097503662, 1.6352109909057617, 1.6515727043151855, 1.6222933530807495, 1.6378344297409058, 1.6234748363494873, 1.6502275466918945, 1.6306241750717163, 1.624282956123352, 1.613324522972107, 1.6436984539031982, 1.6466021537780762, 1.6371421813964844, 1.6333343982696533, 1.6479921340942383, 1.633147954940796, 1.6360567808151245, 1.6328330039978027, 1.646098017692566, 1.6278877258300781, 1.639740228652954, 1.6403474807739258, 1.6426864862442017, 1.6428749561309814, 1.636340856552124, 1.6409056186676025]",0.6759999990463257,,487832748,,2725540,,,,,,-1.0,-1.0,-1.0,18,0,400,0,0.045,0.0,False,BEST,0.95,True,True,"[[81  0  0 ...  0  0  0]
 [ 0 84  0 ...  0  0  0]
 [ 0  1 54 ...  0  3  0]
 ...
 [ 0  0  0 ... 70  0  0]
 [ 0  0  3 ...  0 54  0]
 [ 0  0  0 ...  0  0 72]]",0.676,0.685158436,0.676,0.675062416,34
BJPGGJ,,15,20,12,False,False,"[0, 60, 29, 58, 62, 47, 14, 22]",[],"[{'INP': 32}, {'CONV': [64, 3]}, ({'CONV': [32, 3]}, {'CONV': [32, 3]}), ({'CONV': [256, 5]}, {'CONV': [128, 3]}, {'POOLMAX': [-1, 2]}), ({'CONV': [64, 5]}, {'CONV': [128, 5]}), ({'CONV': [256, 5]}, {'CONV': [64, 3]}, {'POOLMAX': [-1, 2]}), ({'CONV': [256, 5]}, {'CONV': [256, 3]}), ({'CONV': [128, 5]}, {'CONV': [256, 5]}, {'POOLMAX': [-1, 2]}), ({'CONV': [32, 5]}, {'CONV': [256, 3]}), ({'CONV': [64, 3]}, {'CONV': [256, 3]}, {'POOLMAX': [-1, 2]}), {'GLOBAL_AVG': None}, {'LAST_DENSE': [100, 'softmax']}]",SPC,NONE,GA,70,"[0.11299999803304672, 0.17759999632835388, 0.2287999987602234, 0.2840000092983246, 0.3465000092983246, 0.3571000099182129, 0.39079999923706055, 0.439300000667572, 0.3944000005722046, 0.4348999857902527, 0.4634000062942505, 0.4607999920845032, 0.412200003862381, 0.5023000240325928, 0.4675999879837036, 0.47859999537467957, 0.5009999871253967, 0.4943999946117401, 0.4912000000476837, 0.5956000089645386, 0.5728999972343445, 0.52920001745224, 0.5616999864578247, 0.5950999855995178, 0.5888000130653381, 0.5666000247001648, 0.5809000134468079, 0.5691999793052673, 0.5907999873161316, 0.6189000010490417, 0.6256999969482422, 0.625, 0.6215999722480774, 0.633400022983551, 0.6241000294685364, 0.6079999804496765, 0.6399000287055969, 0.6334999799728394, 0.616599977016449, 0.6265000104904175, 0.6407999992370605, 0.6238999962806702, 0.6489999890327454, 0.6478000283241272, 0.647599995136261, 0.6531000137329102, 0.6535999774932861, 0.6586999893188477, 0.6363999843597412, 0.6428999900817871, 0.6629999876022339, 0.6503999829292297, 0.6517000198364258, 0.6489999890327454, 0.6478000283241272, 0.659600019454956, 0.6668999791145325, 0.661899983882904, 0.666100025177002, 0.6669999957084656, 0.6632999777793884, 0.6647999882698059, 0.6654000282287598, 0.6700000166893005, 0.6693000197410583, 0.670199990272522, 0.6643000245094299, 0.6700000166893005, 0.6679999828338623, 0.6650000214576721]","[3.963712215423584, 3.6234233379364014, 3.4584624767303467, 3.015326976776123, 2.81075119972229, 2.7272472381591797, 2.6407558917999268, 2.456944465637207, 2.6775283813476562, 2.4656424522399902, 2.413403034210205, 2.466981887817383, 2.683488130569458, 2.238006353378296, 2.3897271156311035, 2.4021990299224854, 2.2839112281799316, 2.3238022327423096, 2.408426284790039, 1.8966401815414429, 1.9682632684707642, 2.2268450260162354, 2.039886713027954, 1.8774704933166504, 1.9157804250717163, 2.099896192550659, 2.002562999725342, 2.0408642292022705, 1.8927111625671387, 1.776799201965332, 1.8008776903152466, 1.7657259702682495, 1.8042677640914917, 1.756381869316101, 1.7484023571014404, 1.9151910543441772, 1.7180427312850952, 1.7747747898101807, 1.8399449586868286, 1.820554256439209, 1.743550181388855, 1.856224775314331, 1.6940804719924927, 1.7616175413131714, 1.772594928741455, 1.724467396736145, 1.6910574436187744, 1.6845440864562988, 1.834586501121521, 1.802848219871521, 1.6839954853057861, 1.7508649826049805, 1.7464125156402588, 1.7732138633728027, 1.756011962890625, 1.7255531549453735, 1.6921738386154175, 1.7160937786102295, 1.6897670030593872, 1.7131853103637695, 1.7663344144821167, 1.7428057193756104, 1.730218768119812, 1.701206088066101, 1.7119241952896118, 1.7040146589279175, 1.72269868850708, 1.714128851890564, 1.7162498235702515, 1.7272111177444458]",0.6650000214576721,,785281004,,2691108,,,,,,-1.0,-1.0,-1.0,55,0,400,0,0.1375,0.0,False,BEST,0.45,True,True,"[[78  0  0 ...  0  0  0]
 [ 0 79  0 ...  0  0  1]
 [ 0  0 56 ...  0  4  0]
 ...
 [ 0  0  0 ... 69  0  0]
 [ 0  0  4 ...  0 52  0]
 [ 0  1  0 ...  0  0 71]]",0.665,0.679995644,0.665,0.666127269,16
BNQYVK,,16,20,2,False,False,"[12, 22, 27, 0, 62, 40, 8, 55]",[],"[{'INP': 32}, {'CONV': [64, 3]}, ({'CONV': [32, 5]}, {'CONV': [128, 3]}), ({'CONV': [64, 3]}, {'CONV': [256, 3]}, {'POOLMAX': [-1, 2]}), ({'CONV': [64, 5]}, {'CONV': [64, 5]}), ({'CONV': [32, 3]}, {'CONV': [32, 3]}, {'POOLMAX': [-1, 2]}), ({'CONV': [256, 5]}, {'CONV': [256, 3]}), ({'CONV': [128, 5]}, {'CONV': [32, 3]}, {'POOLMAX': [-1, 2]}), ({'CONV': [32, 5]}, {'CONV': [32, 3]}), ({'CONV': [256, 3]}, {'CONV': [256, 5]}, {'POOLMAX': [-1, 2]}), {'GLOBAL_AVG': None}, {'LAST_DENSE': [100, 'softmax']}]",SPC,NONE,GA,70,"[0.1331000030040741, 0.2214999943971634, 0.24779999256134033, 0.295199990272522, 0.36809998750686646, 0.37459999322891235, 0.367000013589859, 0.4047999978065491, 0.4675000011920929, 0.3882000148296356, 0.474700003862381, 0.4169999957084656, 0.3774999976158142, 0.48730000853538513, 0.4970000088214874, 0.4878999888896942, 0.48559999465942383, 0.4334999918937683, 0.5066999793052673, 0.5618000030517578, 0.4742000102996826, 0.4927999973297119, 0.47760000824928284, 0.5310999751091003, 0.5590000152587891, 0.5867999792098999, 0.6171000003814697, 0.6078000068664551, 0.6000999808311462, 0.583299994468689, 0.5979999899864197, 0.5748999714851379, 0.6456999778747559, 0.630299985408783, 0.6430000066757202, 0.6349999904632568, 0.6531000137329102, 0.6380000114440918, 0.6417999863624573, 0.6338000297546387, 0.6398000121116638, 0.6484000086784363, 0.6593999862670898, 0.6618000268936157, 0.6599000096321106, 0.6554999947547913, 0.6603999733924866, 0.6549999713897705, 0.670199990272522, 0.6736999750137329, 0.670799970626831, 0.6694999933242798, 0.6651999950408936, 0.671500027179718, 0.6784999966621399, 0.6711999773979187, 0.6704000234603882, 0.6826000213623047, 0.6700999736785889, 0.6682999730110168, 0.6722000241279602, 0.6704999804496765, 0.6743000149726868, 0.6733999848365784, 0.6765999794006348, 0.6784999966621399, 0.6790000200271606, 0.680400013923645, 0.6769999861717224, 0.6814000010490417]","[3.9358670711517334, 3.3913893699645996, 3.3936007022857666, 3.1194236278533936, 2.7627854347229004, 2.7848129272460938, 2.881904363632202, 2.7638792991638184, 2.405402421951294, 2.9163804054260254, 2.4023919105529785, 2.866408109664917, 3.0232114791870117, 2.3848369121551514, 2.343679189682007, 2.4214329719543457, 2.4157519340515137, 2.7000064849853516, 2.334038019180298, 2.0757060050964355, 2.495075225830078, 2.4406027793884277, 2.55718731880188, 2.2824819087982178, 2.1780850887298584, 1.9807168245315552, 1.8557872772216797, 1.9336144924163818, 1.9128550291061401, 2.0035400390625, 1.9361263513565063, 2.073594331741333, 1.7371392250061035, 1.7962582111358643, 1.7392774820327759, 1.836185097694397, 1.7016021013259888, 1.8012120723724365, 1.7394181489944458, 1.7943880558013916, 1.7891613245010376, 1.7089128494262695, 1.6665418148040771, 1.6739695072174072, 1.7000958919525146, 1.7304472923278809, 1.6855676174163818, 1.7023650407791138, 1.6453168392181396, 1.6169748306274414, 1.6349976062774658, 1.643530249595642, 1.6639395952224731, 1.6345136165618896, 1.6131610870361328, 1.6514124870300293, 1.6612613201141357, 1.601215124130249, 1.6549417972564697, 1.6543326377868652, 1.6454435586929321, 1.641748070716858, 1.6265429258346558, 1.6562869548797607, 1.629380464553833, 1.6415421962738037, 1.6309468746185303, 1.646955132484436, 1.6516791582107544, 1.630392074584961]",0.6814000010490417,,1438183660,,5288484,,,,,,-1.0,-1.0,-1.0,8,0,400,0,0.02,0.0,False,BEST,0.8,True,True,"[[75  0  0 ...  0  0  0]
 [ 0 80  1 ...  0  0  0]
 [ 0  0 55 ...  0  4  0]
 ...
 [ 0  0  0 ... 69  0  0]
 [ 0  0  4 ...  0 47  0]
 [ 0  0  0 ...  0  0 68]]",0.6818,0.696905498,0.6818,0.683218303,89
BBIDSI,,17,20,10,False,False,"[7, 28, 18, 30, 53, 47, 38, 55]",[],"[{'INP': 32}, {'CONV': [64, 3]}, ({'CONV': [32, 3]}, {'CONV': [256, 5]}), ({'CONV': [64, 5]}, {'CONV': [128, 3]}, {'POOLMAX': [-1, 2]}), ({'CONV': [64, 3]}, {'CONV': [64, 3]}), ({'CONV': [64, 5]}, {'CONV': [256, 3]}, {'POOLMAX': [-1, 2]}), ({'CONV': [256, 3]}, {'CONV': [128, 5]}), ({'CONV': [128, 5]}, {'CONV': [256, 5]}, {'POOLMAX': [-1, 2]}), ({'CONV': [128, 3]}, {'CONV': [256, 3]}), ({'CONV': [256, 3]}, {'CONV': [256, 5]}, {'POOLMAX': [-1, 2]}), {'GLOBAL_AVG': None}, {'LAST_DENSE': [100, 'softmax']}]",SPC,NONE,GA,70,"[0.11760000139474869, 0.1826999932527542, 0.24860000610351562, 0.24799999594688416, 0.4278999865055084, 0.4009000062942505, 0.4320000112056732, 0.4284000098705292, 0.46129998564720154, 0.4708999991416931, 0.43389999866485596, 0.5052000284194946, 0.48969998955726624, 0.5109000205993652, 0.47780001163482666, 0.5367000102996826, 0.4986000061035156, 0.5212000012397766, 0.5625, 0.46380001306533813, 0.4496999979019165, 0.5284000039100647, 0.5429999828338623, 0.48590001463890076, 0.5972999930381775, 0.6078000068664551, 0.6226999759674072, 0.59579998254776, 0.5806000232696533, 0.5658000111579895, 0.5906000137329102, 0.6075999736785889, 0.6353999972343445, 0.6449999809265137, 0.6510999798774719, 0.6588000059127808, 0.6416000127792358, 0.6510999798774719, 0.6556000113487244, 0.6492000222206116, 0.6582000255584717, 0.6585999727249146, 0.6406999826431274, 0.6407999992370605, 0.6488000154495239, 0.6444000005722046, 0.6638000011444092, 0.6610000133514404, 0.6668999791145325, 0.6639999747276306, 0.6705999970436096, 0.6672999858856201, 0.682200014591217, 0.6704000234603882, 0.6711000204086304, 0.6664999723434448, 0.6721000075340271, 0.6711000204086304, 0.6783000230789185, 0.669700026512146, 0.6797000169754028, 0.675599992275238, 0.6822999715805054, 0.6843000054359436, 0.6837999820709229, 0.6862999796867371, 0.6784999966621399, 0.6863999962806702, 0.6844000220298767, 0.6866999864578247]","[4.008028030395508, 3.6114742755889893, 3.4277894496917725, 3.411973476409912, 2.4913077354431152, 2.6846086978912354, 2.556840419769287, 2.5571815967559814, 2.4214584827423096, 2.4321835041046143, 2.6255576610565186, 2.278918981552124, 2.3910257816314697, 2.2992167472839355, 2.478800058364868, 2.184880495071411, 2.484086751937866, 2.336561679840088, 2.088987350463867, 2.6750543117523193, 2.7000513076782227, 2.3189990520477295, 2.2987258434295654, 2.545921564102173, 1.9581533670425415, 1.9123402833938599, 1.835524082183838, 1.9855372905731201, 2.0960659980773926, 2.2183496952056885, 1.9980251789093018, 1.9300369024276733, 1.7615101337432861, 1.7838988304138184, 1.7249820232391357, 1.6754266023635864, 1.7591898441314697, 1.743890643119812, 1.7109986543655396, 1.7111939191818237, 1.6657845973968506, 1.695592999458313, 1.801985502243042, 1.7493410110473633, 1.7301362752914429, 1.7849513292312622, 1.6884609460830688, 1.7332127094268799, 1.6801283359527588, 1.681720495223999, 1.622376561164856, 1.657352328300476, 1.580807089805603, 1.668413519859314, 1.6652263402938843, 1.678955316543579, 1.6511322259902954, 1.6813691854476929, 1.6177235841751099, 1.6880402565002441, 1.6320650577545166, 1.6591802835464478, 1.6250194311141968, 1.632678508758545, 1.625106692314148, 1.6145410537719727, 1.658311367034912, 1.624711275100708, 1.618157982826233, 1.6213288307189941]",0.6866999864578247,,1150552044,,5645348,,,,,,-1.0,-1.0,-1.0,39,0,400,0,0.0975,0.0,False,BEST,0.95,True,True,"[[83  0  0 ...  0  0  0]
 [ 0 85  0 ...  0  0  0]
 [ 0  0 60 ...  0  1  0]
 ...
 [ 0  0  0 ... 62  0  1]
 [ 0  0  3 ...  0 55  1]
 [ 0  0  0 ...  0  1 67]]",0.6868,0.69847021,0.6868,0.687249571,6
BYGZCT,,18,20,6,False,False,"[13, 17, 23, 34, 32, 7, 47, 22]",[],"[{'INP': 32}, {'CONV': [64, 3]}, ({'CONV': [32, 5]}, {'CONV': [128, 5]}), ({'CONV': [64, 3]}, {'CONV': [32, 5]}, {'POOLMAX': [-1, 2]}), ({'CONV': [64, 3]}, {'CONV': [256, 5]}), ({'CONV': [128, 3]}, {'CONV': [64, 3]}, {'POOLMAX': [-1, 2]}), ({'CONV': [128, 3]}, {'CONV': [32, 3]}), ({'CONV': [32, 3]}, {'CONV': [256, 5]}, {'POOLMAX': [-1, 2]}), ({'CONV': [128, 5]}, {'CONV': [256, 5]}), ({'CONV': [64, 3]}, {'CONV': [256, 3]}, {'POOLMAX': [-1, 2]}), {'GLOBAL_AVG': None}, {'LAST_DENSE': [100, 'softmax']}]",SPC,NONE,GA,70,"[0.1023000031709671, 0.16179999709129333, 0.3012000024318695, 0.3346000015735626, 0.32269999384880066, 0.34769999980926514, 0.4092000126838684, 0.4433000087738037, 0.41920000314712524, 0.4544999897480011, 0.4406000077724457, 0.5041999816894531, 0.49459999799728394, 0.5133000016212463, 0.555400013923645, 0.4681999981403351, 0.5182999968528748, 0.5156999826431274, 0.5720000267028809, 0.5533999800682068, 0.5228000283241272, 0.5246999859809875, 0.5692999958992004, 0.558899998664856, 0.6144000291824341, 0.6104999780654907, 0.6068999767303467, 0.6122000217437744, 0.6276000142097473, 0.6466000080108643, 0.6520000100135803, 0.6538000106811523, 0.633899986743927, 0.6427000164985657, 0.6338000297546387, 0.6471999883651733, 0.6452000141143799, 0.6672000288963318, 0.6798999905586243, 0.6646999716758728, 0.6793000102043152, 0.6798999905586243, 0.6743000149726868, 0.671500027179718, 0.6984000205993652, 0.6855000257492065, 0.6873000264167786, 0.6959999799728394, 0.6955000162124634, 0.701200008392334, 0.6991999745368958, 0.6948999762535095, 0.6898999810218811, 0.6942999958992004, 0.6984999775886536, 0.7001000046730042, 0.6988999843597412, 0.6970999836921692, 0.7003999948501587, 0.7009000182151794, 0.7067000269889832, 0.7045999765396118, 0.7067000269889832, 0.7050999999046326, 0.704200029373169, 0.7069000005722046, 0.7057999968528748, 0.7052000164985657, 0.7085000276565552, 0.708899974822998]","[4.190179824829102, 3.8891866207122803, 3.027233362197876, 2.9346227645874023, 3.1572842597961426, 2.9929747581481934, 2.69345760345459, 2.5379700660705566, 2.772906541824341, 2.521904706954956, 2.6963045597076416, 2.345242977142334, 2.6939170360565186, 2.4910738468170166, 2.131047487258911, 2.7774503231048584, 2.3795971870422363, 2.3969380855560303, 2.0982582569122314, 2.2220590114593506, 2.3681132793426514, 2.4398961067199707, 2.1315062046051025, 2.16314697265625, 1.9310253858566284, 1.9795643091201782, 1.9883421659469604, 1.9767851829528809, 1.8977831602096558, 1.7863258123397827, 1.7707384824752808, 1.7542728185653687, 1.8511009216308594, 1.8467873334884644, 1.8846759796142578, 1.818009376525879, 1.837327480316162, 1.7020025253295898, 1.6747093200683594, 1.790285587310791, 1.7084605693817139, 1.6949697732925415, 1.7305662631988525, 1.760166049003601, 1.6388814449310303, 1.6683865785598755, 1.7219856977462769, 1.6559373140335083, 1.6551415920257568, 1.6295239925384521, 1.6553878784179688, 1.6952488422393799, 1.6966525316238403, 1.6874440908432007, 1.6431132555007935, 1.660184621810913, 1.6713491678237915, 1.6837984323501587, 1.6722238063812256, 1.6586724519729614, 1.6406173706054688, 1.6531052589416504, 1.6346036195755005, 1.6632146835327148, 1.6720999479293823, 1.6530219316482544, 1.6612187623977661, 1.6641126871109009, 1.662451148033142, 1.655745506286621]",0.708899974822998,,1040900396,,8945572,,,,,,-1.0,-1.0,-1.0,36,0,400,0,0.09,0.0,False,BEST,1.0,True,True,"[[86  0  0 ...  0  0  0]
 [ 0 85  2 ...  0  0  0]
 [ 0  0 64 ...  0  0  0]
 ...
 [ 0  0  0 ... 73  0  0]
 [ 0  0  2 ...  0 44  0]
 [ 0  0  0 ...  0  0 74]]",0.7089,0.720041791,0.7089,0.709247499,9
BGPHJN,,19,20,9,False,False,"[46, 42, 32, 41, 32, 46, 54, 39]",[],"[{'INP': 32}, {'CONV': [64, 3]}, ({'CONV': [128, 5]}, {'CONV': [256, 3]}), ({'CONV': [128, 5]}, {'CONV': [64, 3]}, {'POOLMAX': [-1, 2]}), ({'CONV': [128, 3]}, {'CONV': [32, 3]}), ({'CONV': [128, 5]}, {'CONV': [32, 5]}, {'POOLMAX': [-1, 2]}), ({'CONV': [128, 3]}, {'CONV': [32, 3]}), ({'CONV': [128, 5]}, {'CONV': [256, 3]}, {'POOLMAX': [-1, 2]}), ({'CONV': [256, 3]}, {'CONV': [256, 3]}), ({'CONV': [128, 3]}, {'CONV': [256, 5]}, {'POOLMAX': [-1, 2]}), {'GLOBAL_AVG': None}, {'LAST_DENSE': [100, 'softmax']}]",SPC,NONE,GA,70,"[0.08389999717473984, 0.16599999368190765, 0.2184000015258789, 0.2912999987602234, 0.3402000069618225, 0.4255000054836273, 0.35920000076293945, 0.42750000953674316, 0.460999995470047, 0.46299999952316284, 0.4374000132083893, 0.4941999912261963, 0.4489000141620636, 0.475600004196167, 0.507099986076355, 0.4986000061035156, 0.527899980545044, 0.5116999745368958, 0.5200999975204468, 0.5314000248908997, 0.5224999785423279, 0.5494999885559082, 0.5034000277519226, 0.5544000267982483, 0.5184000134468079, 0.5637999773025513, 0.5034000277519226, 0.5831999778747559, 0.539900004863739, 0.5394999980926514, 0.5435000061988831, 0.5623999834060669, 0.5703999996185303, 0.6226999759674072, 0.6327000260353088, 0.6122000217437744, 0.6205000281333923, 0.6316999793052673, 0.6014000177383423, 0.6352999806404114, 0.6244000196456909, 0.6305999755859375, 0.6328999996185303, 0.6075999736785889, 0.6380000114440918, 0.6599000096321106, 0.6513000130653381, 0.6665999889373779, 0.6693000197410583, 0.6557000279426575, 0.6711999773979187, 0.6779000163078308, 0.6733999848365784, 0.6779999732971191, 0.6797999739646912, 0.6761000156402588, 0.6635000109672546, 0.6735000014305115, 0.6615999937057495, 0.6664000153541565, 0.683899998664856, 0.6850000023841858, 0.6797999739646912, 0.6891999840736389, 0.6859999895095825, 0.6886000037193298, 0.6929000020027161, 0.6919999718666077, 0.6938999891281128, 0.6924999952316284]","[4.713572025299072, 3.9335086345672607, 3.699876070022583, 3.148329496383667, 2.928208589553833, 2.5809903144836426, 3.074551820755005, 2.685142993927002, 2.4574081897735596, 2.530001640319824, 2.6171298027038574, 2.3172855377197266, 2.662560224533081, 2.48433256149292, 2.3095648288726807, 2.380009174346924, 2.2958881855010986, 2.3604655265808105, 2.3705430030822754, 2.2745697498321533, 2.3201706409454346, 2.2244958877563477, 2.5004682540893555, 2.1917948722839355, 2.5107622146606445, 2.20365309715271, 2.5683951377868652, 2.106879234313965, 2.341094493865967, 2.3108716011047363, 2.310772657394409, 2.3010876178741455, 2.183811664581299, 1.9527394771575928, 1.8985072374343872, 2.051715850830078, 1.9422004222869873, 1.8763738870620728, 2.0304806232452393, 1.8514169454574585, 1.9598220586776733, 1.8910493850708008, 1.8918695449829102, 1.9948562383651733, 1.872191071510315, 1.784738302230835, 1.808419942855835, 1.7556593418121338, 1.7474597692489624, 1.833248257637024, 1.7297605276107788, 1.6926404237747192, 1.7057081460952759, 1.7111504077911377, 1.6652476787567139, 1.7171425819396973, 1.7910269498825073, 1.7220832109451294, 1.7837740182876587, 1.771704912185669, 1.705514669418335, 1.6835839748382568, 1.7401398420333862, 1.6890649795532227, 1.7040789127349854, 1.6836150884628296, 1.6694486141204834, 1.678066372871399, 1.6738224029541016, 1.6759638786315918]",0.6924999952316284,,631888556,,4377764,,,,,,-1.0,-1.0,-1.0,40,0,400,0,0.1,0.0,False,BEST,0.25,True,True,"[[82  0  0 ...  0  0  0]
 [ 0 80  1 ...  0  0  0]
 [ 0  0 60 ...  0  3  0]
 ...
 [ 0  0  0 ... 67  0  0]
 [ 1  0  2 ...  0 50  0]
 [ 0  0  0 ...  0  0 73]]",0.6925,0.706876136,0.6925,0.693914638,71
BCRRAN,,20,20,9,False,False,"[51, 45, 57, 52, 51, 43, 13, 55]",[],"[{'INP': 32}, {'CONV': [64, 3]}, ({'CONV': [256, 3]}, {'CONV': [64, 5]}), ({'CONV': [128, 5]}, {'CONV': [128, 5]}, {'POOLMAX': [-1, 2]}), ({'CONV': [256, 5]}, {'CONV': [32, 5]}), ({'CONV': [256, 3]}, {'CONV': [128, 3]}, {'POOLMAX': [-1, 2]}), ({'CONV': [256, 3]}, {'CONV': [64, 5]}), ({'CONV': [128, 5]}, {'CONV': [64, 5]}, {'POOLMAX': [-1, 2]}), ({'CONV': [32, 5]}, {'CONV': [128, 5]}), ({'CONV': [256, 3]}, {'CONV': [256, 5]}, {'POOLMAX': [-1, 2]}), {'GLOBAL_AVG': None}, {'LAST_DENSE': [100, 'softmax']}]",SPC,NONE,GA,70,"[0.11309999972581863, 0.22210000455379486, 0.3138999938964844, 0.20960000157356262, 0.3601999878883362, 0.3587999939918518, 0.41760000586509705, 0.4066999852657318, 0.45509999990463257, 0.45579999685287476, 0.49900001287460327, 0.484499990940094, 0.5490999817848206, 0.43700000643730164, 0.5113000273704529, 0.5069000124931335, 0.5314000248908997, 0.4878000020980835, 0.5647000074386597, 0.603600025177002, 0.61080002784729, 0.5906000137329102, 0.6148999929428101, 0.5946000218391418, 0.5965999960899353, 0.6132000088691711, 0.6183000206947327, 0.6140000224113464, 0.6560999751091003, 0.6561999917030334, 0.6765999794006348, 0.6348999738693237, 0.656499981880188, 0.6482999920845032, 0.6543999910354614, 0.6399000287055969, 0.6780999898910522, 0.673799991607666, 0.6822999715805054, 0.6823999881744385, 0.6905999779701233, 0.6895999908447266, 0.6895999908447266, 0.6780999898910522, 0.6916999816894531, 0.6948000192642212, 0.6886000037193298, 0.6937999725341797, 0.6909000277519226, 0.6909999847412109, 0.6917999982833862, 0.6920999884605408, 0.6933000087738037, 0.6938999891281128, 0.6924999952316284, 0.6934999823570251, 0.6937000155448914, 0.6974999904632568, 0.6934000253677368, 0.6952000260353088, 0.6949999928474426, 0.6963000297546387, 0.6947000026702881, 0.6944000124931335, 0.6929000020027161, 0.6945000290870667, 0.694599986076355, 0.6942999958992004, 0.6940000057220459, 0.6937000155448914]","[4.069295406341553, 3.7552433013916016, 2.9775962829589844, 4.379721641540527, 2.8480470180511475, 3.07653546333313, 2.719604253768921, 2.7627313137054443, 2.5227489471435547, 2.5857653617858887, 2.340322732925415, 2.437734842300415, 2.1315157413482666, 2.839674949645996, 2.404927968978882, 2.488354444503784, 2.3217196464538574, 2.5250041484832764, 2.181009531021118, 1.9459096193313599, 1.8672795295715332, 1.987256646156311, 1.8434138298034668, 2.026716709136963, 2.0028913021087646, 1.879331111907959, 1.8833760023117065, 1.899186134338379, 1.6928138732910156, 1.7315205335617065, 1.605411171913147, 1.8821699619293213, 1.6998021602630615, 1.765120267868042, 1.7173277139663696, 1.8420416116714478, 1.6361441612243652, 1.6777962446212769, 1.6305334568023682, 1.6640273332595825, 1.6112128496170044, 1.6329054832458496, 1.6098545789718628, 1.6901824474334717, 1.6065418720245361, 1.6166768074035645, 1.6571550369262695, 1.618100643157959, 1.6417160034179688, 1.6445790529251099, 1.635420560836792, 1.6460055112838745, 1.6391929388046265, 1.6455349922180176, 1.6539816856384277, 1.6415910720825195, 1.6427699327468872, 1.6360886096954346, 1.6418832540512085, 1.631288766860962, 1.636528730392456, 1.632526159286499, 1.6372730731964111, 1.6432830095291138, 1.6450252532958984, 1.6372445821762085, 1.6404469013214111, 1.6373229026794434, 1.6409823894500732, 1.6398072242736816]",0.6937000155448914,,1654934828,,5725092,,,,,,-1.0,-1.0,-1.0,26,0,400,0,0.065,0.0,False,BEST,1.0,True,True,"[[86  0  0 ...  0  0  0]
 [ 0 83  0 ...  0  0  0]
 [ 0  0 59 ...  0  3  0]
 ...
 [ 0  0  0 ... 64  0  0]
 [ 0  0  5 ...  0 41  1]
 [ 0  0  0 ...  0  0 72]]",0.6937,0.7054752,0.6937,0.694429364,57
BLRTJD,,21,20,13,False,False,"[52, 57, 23, 34, 27, 47, 13, 55]",[],"[{'INP': 32}, {'CONV': [64, 3]}, ({'CONV': [256, 3]}, {'CONV': [128, 3]}), ({'CONV': [256, 5]}, {'CONV': [32, 5]}, {'POOLMAX': [-1, 2]}), ({'CONV': [64, 3]}, {'CONV': [256, 5]}), ({'CONV': [128, 3]}, {'CONV': [64, 3]}, {'POOLMAX': [-1, 2]}), ({'CONV': [64, 5]}, {'CONV': [64, 5]}), ({'CONV': [128, 5]}, {'CONV': [256, 5]}, {'POOLMAX': [-1, 2]}), ({'CONV': [32, 5]}, {'CONV': [128, 5]}), ({'CONV': [256, 3]}, {'CONV': [256, 5]}, {'POOLMAX': [-1, 2]}), {'GLOBAL_AVG': None}, {'LAST_DENSE': [100, 'softmax']}]",SPC,NONE,GA,70,"[0.0885000005364418, 0.18569999933242798, 0.23639999330043793, 0.27720001339912415, 0.33489999175071716, 0.3864000141620636, 0.4050000011920929, 0.3677000105381012, 0.4253999888896942, 0.48969998955726624, 0.42480000853538513, 0.4032000005245209, 0.4415999948978424, 0.4560000002384186, 0.46639999747276306, 0.5570999979972839, 0.5813999772071838, 0.5927000045776367, 0.5473999977111816, 0.5860999822616577, 0.5715000033378601, 0.5922999978065491, 0.6169999837875366, 0.5508000254631042, 0.5658000111579895, 0.5824999809265137, 0.5814999938011169, 0.6061999797821045, 0.6273000240325928, 0.6248000264167786, 0.6266999840736389, 0.6373000144958496, 0.6521000266075134, 0.6215000152587891, 0.6237999796867371, 0.6593999862670898, 0.6322000026702881, 0.6557999849319458, 0.6391000151634216, 0.6437000036239624, 0.6495000123977661, 0.654699981212616, 0.6498000025749207, 0.6588000059127808, 0.656499981880188, 0.6636999845504761, 0.6722000241279602, 0.6614000201225281, 0.6743000149726868, 0.6797000169754028, 0.6765000224113464, 0.6753000020980835, 0.6801000237464905, 0.6830999851226807, 0.6784999966621399, 0.6766999959945679, 0.6708999872207642, 0.6729999780654907, 0.6798999905586243, 0.6845999956130981, 0.6868000030517578, 0.6868000030517578, 0.685699999332428, 0.6844000220298767, 0.6840000152587891, 0.6836000084877014, 0.6891000270843506, 0.682200014591217, 0.6858000159263611, 0.6855999827384949]","[4.388759136199951, 3.6967051029205322, 3.464290142059326, 3.1567234992980957, 2.8993523120880127, 2.703207492828369, 2.6128149032592773, 2.9613795280456543, 2.585047483444214, 2.314763307571411, 2.670685291290283, 2.862658977508545, 2.6651177406311035, 2.695573091506958, 2.5901644229888916, 2.088993787765503, 1.9699373245239258, 1.8985792398452759, 2.1780591011047363, 1.8823755979537964, 2.0464489459991455, 1.9051754474639893, 1.8227753639221191, 2.236201047897339, 2.106663227081299, 1.9739595651626587, 2.076998710632324, 1.8658064603805542, 1.7913689613342285, 1.7978652715682983, 1.765017032623291, 1.8153951168060303, 1.6596806049346924, 1.8992500305175781, 1.857289433479309, 1.6405118703842163, 1.7907335758209229, 1.6358178853988647, 1.7746232748031616, 1.7503288984298706, 1.7166111469268799, 1.7080273628234863, 1.7557392120361328, 1.7110304832458496, 1.7373478412628174, 1.707361102104187, 1.666489601135254, 1.7592164278030396, 1.6531165838241577, 1.636541485786438, 1.6536234617233276, 1.649036169052124, 1.6340993642807007, 1.6367778778076172, 1.6579638719558716, 1.673371434211731, 1.7164037227630615, 1.6977787017822266, 1.6711845397949219, 1.6396199464797974, 1.641342043876648, 1.6391072273254395, 1.636445164680481, 1.6572391986846924, 1.655049204826355, 1.6606472730636597, 1.63521146774292, 1.6593867540359497, 1.6440662145614624, 1.6463384628295898]",0.6855999827384949,,842845548,,5657892,,,,,,-1.0,-1.0,-1.0,42,0,400,0,0.105,0.0,False,BEST,0.75,True,True,"[[82  0  0 ...  0  0  0]
 [ 0 82  1 ...  0  0  0]
 [ 0  0 63 ...  0  3  0]
 ...
 [ 0  0  0 ... 68  0  0]
 [ 0  0  4 ...  0 48  0]
 [ 0  0  0 ...  0  0 69]]",0.6856,0.695667084,0.6856,0.685820806,32
BAKHSV,,22,20,7,False,False,"[15, 36, 46, 54, 33, 38, 45, 22]",[],"[{'INP': 32}, {'CONV': [64, 3]}, ({'CONV': [32, 5]}, {'CONV': [256, 5]}), ({'CONV': [128, 3]}, {'CONV': [128, 3]}, {'POOLMAX': [-1, 2]}), ({'CONV': [128, 5]}, {'CONV': [256, 3]}), ({'CONV': [256, 3]}, {'CONV': [256, 3]}, {'POOLMAX': [-1, 2]}), ({'CONV': [128, 3]}, {'CONV': [32, 5]}), ({'CONV': [128, 3]}, {'CONV': [256, 3]}, {'POOLMAX': [-1, 2]}), ({'CONV': [128, 5]}, {'CONV': [128, 5]}), ({'CONV': [64, 3]}, {'CONV': [256, 3]}, {'POOLMAX': [-1, 2]}), {'GLOBAL_AVG': None}, {'LAST_DENSE': [100, 'softmax']}]",SPC,NONE,GA,70,"[0.10920000076293945, 0.18950000405311584, 0.2840999960899353, 0.3492000102996826, 0.30709999799728394, 0.3377000093460083, 0.42989999055862427, 0.39719998836517334, 0.4203000068664551, 0.4909000098705292, 0.5141000151634216, 0.5210999846458435, 0.4796999990940094, 0.5045999884605408, 0.5274999737739563, 0.541700005531311, 0.5271999835968018, 0.5389000177383423, 0.5649999976158142, 0.5504999756813049, 0.484499990940094, 0.5238000154495239, 0.5763000249862671, 0.5608000159263611, 0.5598999857902527, 0.560699999332428, 0.527999997138977, 0.5529000163078308, 0.6047999858856201, 0.6477000117301941, 0.6238999962806702, 0.6212000250816345, 0.6337000131607056, 0.6262999773025513, 0.6227999925613403, 0.6585999727249146, 0.6654000282287598, 0.663100004196167, 0.6383000016212463, 0.6503999829292297, 0.6743999719619751, 0.6592000126838684, 0.6603000164031982, 0.6593999862670898, 0.6675000190734863, 0.6516000032424927, 0.6844000220298767, 0.6866999864578247, 0.6790000200271606, 0.6811000108718872, 0.6840000152587891, 0.6802999973297119, 0.6940000057220459, 0.6888999938964844, 0.6877999901771545, 0.6917999982833862, 0.6942999958992004, 0.6883999705314636, 0.6924999952316284, 0.6916999816894531, 0.692300021648407, 0.6942999958992004, 0.6951000094413757, 0.695900022983551, 0.6965000033378601, 0.6962000131607056, 0.6955999732017517, 0.6923999786376953, 0.6949999928474426, 0.6933000087738037]","[4.208684921264648, 3.845244884490967, 3.1608784198760986, 2.743941068649292, 3.1162445545196533, 3.006345510482788, 2.5291197299957275, 2.749598503112793, 2.6734516620635986, 2.3077642917633057, 2.2372066974639893, 2.2238388061523438, 2.4145419597625732, 2.3452682495117188, 2.2271056175231934, 2.1587140560150146, 2.2550487518310547, 2.2000553607940674, 2.102714776992798, 2.2016987800598145, 2.5757927894592285, 2.3685860633850098, 2.084336996078491, 2.1717889308929443, 2.205925703048706, 2.1477487087249756, 2.418017864227295, 2.258765935897827, 2.0359673500061035, 1.7679418325424194, 1.9274131059646606, 1.916494369506836, 1.8256070613861084, 1.8859615325927734, 1.9054478406906128, 1.7426323890686035, 1.7062257528305054, 1.7514581680297852, 1.9267566204071045, 1.793971300125122, 1.6854640245437622, 1.774900197982788, 1.766701340675354, 1.788123607635498, 1.7096794843673706, 1.792948603630066, 1.641423225402832, 1.6437785625457764, 1.6844779253005981, 1.6863144636154175, 1.7069199085235596, 1.7102843523025513, 1.6388882398605347, 1.6705141067504883, 1.6914570331573486, 1.6471662521362305, 1.6511679887771606, 1.6780400276184082, 1.6491491794586182, 1.6638855934143066, 1.6740587949752808, 1.6662055253982544, 1.6608712673187256, 1.6538695096969604, 1.6678683757781982, 1.6580710411071777, 1.6605995893478394, 1.6814916133880615, 1.6628050804138184, 1.6691607236862183]",0.6933000087738037,,986562860,,2590628,,,,,,-1.0,-1.0,-1.0,23,0,400,0,0.0575,0.0,False,BEST,0.65,True,True,"[[82  1  0 ...  0  0  0]
 [ 0 83  1 ...  0  0  0]
 [ 0  0 61 ...  0  3  0]
 ...
 [ 0  0  0 ... 73  0  0]
 [ 0  0  4 ...  0 52  0]
 [ 0  0  0 ...  0  0 74]]",0.6933,0.704572716,0.6933,0.693473929,113
BSDYPY,,23,20,5,False,False,"[14, 25, 21, 38, 36, 62, 39, 62]",[],"[{'INP': 32}, {'CONV': [64, 3]}, ({'CONV': [32, 5]}, {'CONV': [256, 3]}), ({'CONV': [64, 5]}, {'CONV': [32, 5]}, {'POOLMAX': [-1, 2]}), ({'CONV': [64, 3]}, {'CONV': [128, 5]}), ({'CONV': [128, 3]}, {'CONV': [256, 3]}, {'POOLMAX': [-1, 2]}), ({'CONV': [128, 3]}, {'CONV': [128, 3]}), ({'CONV': [256, 5]}, {'CONV': [256, 3]}, {'POOLMAX': [-1, 2]}), ({'CONV': [128, 3]}, {'CONV': [256, 5]}), ({'CONV': [256, 5]}, {'CONV': [256, 3]}, {'POOLMAX': [-1, 2]}), {'GLOBAL_AVG': None}, {'LAST_DENSE': [100, 'softmax']}]",SPC,NONE,GA,70,"[0.07970000058412552, 0.17110000550746918, 0.19920000433921814, 0.25099998712539673, 0.3165999948978424, 0.3840999901294708, 0.42750000953674316, 0.4275999963283539, 0.39959999918937683, 0.4260999858379364, 0.43709999322891235, 0.492000013589859, 0.4399999976158142, 0.40450000762939453, 0.47350001335144043, 0.4749999940395355, 0.48590001463890076, 0.5539000034332275, 0.5934000015258789, 0.5889000296592712, 0.5600000023841858, 0.5580999851226807, 0.583899974822998, 0.5131000280380249, 0.5705999732017517, 0.6007000207901001, 0.5889999866485596, 0.6085000038146973, 0.602400004863739, 0.6194999814033508, 0.6069999933242798, 0.6111000180244446, 0.6089000105857849, 0.6029999852180481, 0.6384000182151794, 0.6347000002861023, 0.620199978351593, 0.6255999803543091, 0.6169000267982483, 0.6294999718666077, 0.6305999755859375, 0.6449000239372253, 0.6407999992370605, 0.6488000154495239, 0.6603999733924866, 0.652400016784668, 0.6413000226020813, 0.640999972820282, 0.6513000130653381, 0.6482999920845032, 0.6582000255584717, 0.6651999950408936, 0.6597999930381775, 0.6632999777793884, 0.6661999821662903, 0.6638000011444092, 0.6628999710083008, 0.6633999943733215, 0.6592000126838684, 0.671500027179718, 0.6642000079154968, 0.6561999917030334, 0.6620000004768372, 0.6644999980926514, 0.6664999723434448, 0.666100025177002, 0.6635000109672546, 0.6622999906539917, 0.6656000018119812, 0.6615999937057495]","[4.511086463928223, 3.706347703933716, 3.6300265789031982, 3.2727651596069336, 2.9082868099212646, 2.650745391845703, 2.5112874507904053, 2.468928813934326, 2.701878070831299, 2.556605815887451, 2.5249714851379395, 2.2696526050567627, 2.563462018966675, 2.7721686363220215, 2.394378900527954, 2.3795809745788574, 2.40214467048645, 2.083329200744629, 1.8458476066589355, 1.840604543685913, 2.028132915496826, 2.0105693340301514, 1.865074634552002, 2.3166184425354004, 1.9720834493637085, 1.7952079772949219, 1.845149040222168, 1.8011752367019653, 1.8196033239364624, 1.747344732284546, 1.7916479110717773, 1.7678256034851074, 1.7420969009399414, 1.784265398979187, 1.620626449584961, 1.642305612564087, 1.710208773612976, 1.6809306144714355, 1.7456427812576294, 1.68440842628479, 1.692915678024292, 1.6321560144424438, 1.654080867767334, 1.626112461090088, 1.5856438875198364, 1.5860264301300049, 1.6519631147384644, 1.6528011560440063, 1.600258231163025, 1.6174384355545044, 1.5921801328659058, 1.543887734413147, 1.596252202987671, 1.5337045192718506, 1.5497163534164429, 1.5493149757385254, 1.5744215250015259, 1.5721930265426636, 1.5949914455413818, 1.5416728258132935, 1.5897929668426514, 1.5967397689819336, 1.577134609222412, 1.5799695253372192, 1.5642671585083008, 1.5713728666305542, 1.573650598526001, 1.5735286474227905, 1.5697832107543945, 1.5857874155044556]",0.6615999937057495,,869130028,,4101540,,,,,,-1.0,-1.0,-1.0,21,0,400,0,0.0525,0.0,False,BEST,0.5,True,True,"[[79  0  1 ...  0  0  0]
 [ 0 80  0 ...  0  0  0]
 [ 0  0 55 ...  0  5  0]
 ...
 [ 0  0  0 ... 56  0  0]
 [ 0  0  4 ...  0 42  1]
 [ 0  0  0 ...  0  0 73]]",0.6616,0.674388972,0.6616,0.661002592,64
BVZJGM,,24,20,13,False,False,"[14, 1, 53, 38, 27, 37, 39, 62]",[],"[{'INP': 32}, {'CONV': [64, 3]}, ({'CONV': [32, 5]}, {'CONV': [256, 3]}), ({'CONV': [32, 3]}, {'CONV': [32, 5]}, {'POOLMAX': [-1, 2]}), ({'CONV': [256, 3]}, {'CONV': [128, 5]}), ({'CONV': [128, 3]}, {'CONV': [256, 3]}, {'POOLMAX': [-1, 2]}), ({'CONV': [64, 5]}, {'CONV': [64, 5]}), ({'CONV': [128, 3]}, {'CONV': [128, 5]}, {'POOLMAX': [-1, 2]}), ({'CONV': [128, 3]}, {'CONV': [256, 5]}), ({'CONV': [256, 5]}, {'CONV': [256, 3]}, {'POOLMAX': [-1, 2]}), {'GLOBAL_AVG': None}, {'LAST_DENSE': [100, 'softmax']}]",SPC,NONE,GA,70,"[0.13099999725818634, 0.20100000500679016, 0.2702000141143799, 0.3790000081062317, 0.32749998569488525, 0.3659999966621399, 0.44699999690055847, 0.48429998755455017, 0.41269999742507935, 0.4722999930381775, 0.42899999022483826, 0.4699999988079071, 0.5008000135421753, 0.5935999751091003, 0.5467000007629395, 0.5871999859809875, 0.5788999795913696, 0.5618000030517578, 0.5742999911308289, 0.6353999972343445, 0.6583999991416931, 0.6363999843597412, 0.6406999826431274, 0.6061000227928162, 0.641700029373169, 0.6571000218391418, 0.6417999863624573, 0.661300003528595, 0.661899983882904, 0.6625999808311462, 0.6432999968528748, 0.6489999890327454, 0.6470999717712402, 0.6589999794960022, 0.6647999882698059, 0.6723999977111816, 0.6744999885559082, 0.6643999814987183, 0.6617000102996826, 0.6955000162124634, 0.6948000192642212, 0.685699999332428, 0.6811000108718872, 0.6873000264167786, 0.6935999989509583, 0.6879000067710876, 0.6912000179290771, 0.6980000138282776, 0.6935999989509583, 0.6952999830245972, 0.7001000046730042, 0.695900022983551, 0.6895999908447266, 0.6923999786376953, 0.6947000026702881, 0.6913999915122986, 0.6947000026702881, 0.6919000148773193, 0.6924999952316284, 0.6934000253677368, 0.6952999830245972, 0.6952000260353088, 0.6935999989509583, 0.6945000290870667, 0.694100022315979, 0.6948999762535095, 0.6940000057220459, 0.6960999965667725, 0.6952999830245972, 0.6945000290870667]","[3.9422671794891357, 3.511601209640503, 3.32244873046875, 2.7208468914031982, 3.1047861576080322, 3.0056169033050537, 2.5462114810943604, 2.363938570022583, 2.780552864074707, 2.4452877044677734, 2.776668071746826, 2.523826837539673, 2.4228954315185547, 1.9744603633880615, 2.181489944458008, 2.005737543106079, 2.1277520656585693, 2.190699338912964, 2.086059808731079, 1.7999986410140991, 1.7405033111572266, 1.8111863136291504, 1.7869861125946045, 2.0534145832061768, 1.8117733001708984, 1.7264697551727295, 1.8005529642105103, 1.7062499523162842, 1.7046988010406494, 1.7372275590896606, 1.8539166450500488, 1.8358097076416016, 1.848588228225708, 1.741400957107544, 1.829433560371399, 1.747788906097412, 1.7316628694534302, 1.858151912689209, 1.8863565921783447, 1.6660505533218384, 1.6854459047317505, 1.7362103462219238, 1.7936241626739502, 1.7594859600067139, 1.732957363128662, 1.7540982961654663, 1.7282005548477173, 1.7183786630630493, 1.756102204322815, 1.7355929613113403, 1.7390962839126587, 1.7399232387542725, 1.7654680013656616, 1.7653077840805054, 1.755121111869812, 1.7683117389678955, 1.7565443515777588, 1.7668038606643677, 1.778259038925171, 1.7705647945404053, 1.7699732780456543, 1.7583625316619873, 1.7590080499649048, 1.759343147277832, 1.7642402648925781, 1.756982445716858, 1.7625677585601807, 1.7599824666976929, 1.7585829496383667, 1.7675023078918457]",0.6945000290870667,,715303020,,4730660,,,,,,-1.0,-1.0,-1.0,35,0,400,0,0.0875,0.0,False,BEST,1.0,True,True,"[[83  0  0 ...  0  0  0]
 [ 0 76  0 ...  0  0  0]
 [ 0  0 56 ...  0  5  0]
 ...
 [ 0  0  0 ... 73  0  0]
 [ 0  1  0 ...  0 50  0]
 [ 0  0  1 ...  0  0 73]]",0.6945,0.705888432,0.6945,0.695226424,14
BYEDXN,,25,20,14,False,False,"[60, 31, 11, 52, 53, 8, 28, 15]",[],"[{'INP': 32}, {'CONV': [64, 3]}, ({'CONV': [256, 5]}, {'CONV': [128, 3]}), ({'CONV': [64, 5]}, {'CONV': [256, 5]}, {'POOLMAX': [-1, 2]}), ({'CONV': [32, 5]}, {'CONV': [64, 5]}), ({'CONV': [256, 3]}, {'CONV': [128, 3]}, {'POOLMAX': [-1, 2]}), ({'CONV': [256, 3]}, {'CONV': [128, 5]}), ({'CONV': [32, 5]}, {'CONV': [32, 3]}, {'POOLMAX': [-1, 2]}), ({'CONV': [64, 5]}, {'CONV': [128, 3]}), ({'CONV': [32, 5]}, {'CONV': [256, 5]}, {'POOLMAX': [-1, 2]}), {'GLOBAL_AVG': None}, {'LAST_DENSE': [100, 'softmax']}]",SPC,NONE,GA,70,"[0.08950000256299973, 0.15870000422000885, 0.2526000142097473, 0.30570000410079956, 0.34790000319480896, 0.29429998993873596, 0.3939000070095062, 0.43529999256134033, 0.4180000126361847, 0.4350999891757965, 0.48019999265670776, 0.4481000006198883, 0.44350001215934753, 0.4999000132083893, 0.539900004863739, 0.5040000081062317, 0.4675999879837036, 0.5041999816894531, 0.5401999950408936, 0.4878999888896942, 0.6010000109672546, 0.5537999868392944, 0.6126999855041504, 0.5954999923706055, 0.6019999980926514, 0.6083999872207642, 0.6158999800682068, 0.6309999823570251, 0.6122999787330627, 0.5999000072479248, 0.604200005531311, 0.5978000164031982, 0.5993000268936157, 0.6462000012397766, 0.6531999707221985, 0.6488000154495239, 0.6639000177383423, 0.6704999804496765, 0.6317999958992004, 0.6585999727249146, 0.6473000049591064, 0.6324999928474426, 0.6459000110626221, 0.6741999983787537, 0.6664000153541565, 0.664900004863739, 0.666700005531311, 0.6654999852180481, 0.6766999959945679, 0.6728000044822693, 0.6797000169754028, 0.679099977016449, 0.6830999851226807, 0.6862000226974487, 0.6895999908447266, 0.6862000226974487, 0.6865000128746033, 0.6884999871253967, 0.6880000233650208, 0.6863999962806702, 0.6858000159263611, 0.6855999827384949, 0.6879000067710876, 0.689300000667572, 0.6859999895095825, 0.6876000165939331, 0.6868000030517578, 0.6887000203132629, 0.6876999735832214, 0.6870999932289124]","[4.2286529541015625, 3.7037503719329834, 3.215467691421509, 2.9314379692077637, 2.825047254562378, 3.380478620529175, 2.6449692249298096, 2.512197732925415, 2.6684234142303467, 2.621624708175659, 2.408668279647827, 2.545675277709961, 2.588972568511963, 2.331674337387085, 2.1044914722442627, 2.3023934364318848, 2.526569128036499, 2.3461287021636963, 2.1825413703918457, 2.46343994140625, 1.8950164318084717, 2.1196649074554443, 1.8388209342956543, 1.9107027053833008, 1.9091711044311523, 1.8582221269607544, 1.85518479347229, 1.7868050336837769, 1.8329054117202759, 1.9795809984207153, 1.9038538932800293, 1.9520386457443237, 1.9295203685760498, 1.7539395093917847, 1.7125859260559082, 1.7278764247894287, 1.6646591424942017, 1.627951979637146, 1.8812938928604126, 1.7258812189102173, 1.8065063953399658, 1.8532017469406128, 1.8073139190673828, 1.6376895904541016, 1.7077165842056274, 1.691349983215332, 1.6966582536697388, 1.7199314832687378, 1.651459813117981, 1.6862726211547852, 1.6621134281158447, 1.6741172075271606, 1.642041563987732, 1.6480318307876587, 1.6354680061340332, 1.6221532821655273, 1.6390312910079956, 1.634539008140564, 1.6484185457229614, 1.6554486751556396, 1.6479198932647705, 1.6539909839630127, 1.62779700756073, 1.6378105878829956, 1.6476699113845825, 1.6578409671783447, 1.6603976488113403, 1.6397038698196411, 1.6445220708847046, 1.6497756242752075]",0.6870999932289124,,1263016236,,3820964,,,,,,-1.0,-1.0,-1.0,27,0,400,0,0.0675,0.0,False,BEST,0.65,True,True,"[[81  0  1 ...  0  0  0]
 [ 0 79  0 ...  0  0  0]
 [ 0  0 60 ...  0  4  0]
 ...
 [ 0  0  0 ... 73  0  0]
 [ 0  0  5 ...  0 53  0]
 [ 0  0  1 ...  0  0 68]]",0.6872,0.701021622,0.6872,0.688650112,4
BNQGNI,,26,20,5,False,False,"[11, 17, 29, 23, 51, 3, 35, 55]",[],"[{'INP': 32}, {'CONV': [64, 3]}, ({'CONV': [32, 5]}, {'CONV': [64, 5]}), ({'CONV': [64, 3]}, {'CONV': [32, 5]}, {'POOLMAX': [-1, 2]}), ({'CONV': [64, 5]}, {'CONV': [128, 5]}), ({'CONV': [64, 3]}, {'CONV': [256, 5]}, {'POOLMAX': [-1, 2]}), ({'CONV': [256, 3]}, {'CONV': [64, 5]}), ({'CONV': [32, 3]}, {'CONV': [64, 5]}, {'POOLMAX': [-1, 2]}), ({'CONV': [128, 3]}, {'CONV': [64, 5]}), ({'CONV': [256, 3]}, {'CONV': [256, 5]}, {'POOLMAX': [-1, 2]}), {'GLOBAL_AVG': None}, {'LAST_DENSE': [100, 'softmax']}]",SPC,NONE,GA,70,"[0.07919999957084656, 0.11900000274181366, 0.2442999929189682, 0.2718000113964081, 0.3197999894618988, 0.33309999108314514, 0.3513999879360199, 0.37869998812675476, 0.42570000886917114, 0.45809999108314514, 0.35839998722076416, 0.42730000615119934, 0.44429999589920044, 0.39579999446868896, 0.4422999918460846, 0.5310999751091003, 0.5608999729156494, 0.5490999817848206, 0.5374000072479248, 0.511900007724762, 0.5282999873161316, 0.5620999932289124, 0.5957000255584717, 0.6000999808311462, 0.6195999979972839, 0.6146000027656555, 0.6026999950408936, 0.6150000095367432, 0.616100013256073, 0.6014999747276306, 0.6327000260353088, 0.6434000134468079, 0.649399995803833, 0.6547999978065491, 0.6567999720573425, 0.6474000215530396, 0.6538000106811523, 0.6474000215530396, 0.6638000011444092, 0.6644999980926514, 0.6606000065803528, 0.6664999723434448, 0.6561999917030334, 0.666100025177002, 0.6717000007629395, 0.6686999797821045, 0.666100025177002, 0.6703000068664551, 0.6710000038146973, 0.6728000044822693, 0.6732000112533569, 0.6766999959945679, 0.6747999787330627, 0.6726999878883362, 0.6753000020980835, 0.6743000149726868, 0.6746000051498413, 0.6773999929428101, 0.6754999756813049, 0.6736999750137329, 0.6761999726295471, 0.6748999953269958, 0.676800012588501, 0.6747000217437744, 0.6754000186920166, 0.6762999892234802, 0.6773999929428101, 0.6769000291824341, 0.6744999885559082, 0.673799991607666]","[4.143946647644043, 3.9652397632598877, 3.1849749088287354, 3.1461384296417236, 2.9075162410736084, 3.050855875015259, 2.8889098167419434, 2.7994730472564697, 2.5519423484802246, 2.3964664936065674, 3.1140341758728027, 2.6303179264068604, 2.530372142791748, 2.82531476020813, 2.5549240112304688, 2.1758360862731934, 1.9982722997665405, 2.0509893894195557, 2.1420507431030273, 2.3622238636016846, 2.2991247177124023, 2.0213866233825684, 1.9105726480484009, 1.9561963081359863, 1.7996777296066284, 1.8496206998825073, 1.8826814889907837, 1.8435453176498413, 1.8513602018356323, 1.935638666152954, 1.7663739919662476, 1.7286319732666016, 1.679080843925476, 1.6807332038879395, 1.680381417274475, 1.7464094161987305, 1.7533317804336548, 1.7810261249542236, 1.6558027267456055, 1.692612886428833, 1.7022294998168945, 1.659637451171875, 1.6943573951721191, 1.6679047346115112, 1.6466400623321533, 1.664588451385498, 1.673507571220398, 1.67854905128479, 1.65901780128479, 1.6696345806121826, 1.6575466394424438, 1.646254301071167, 1.64924955368042, 1.6518429517745972, 1.6543351411819458, 1.6512037515640259, 1.6494085788726807, 1.65175199508667, 1.6484118700027466, 1.6520912647247314, 1.655651330947876, 1.6509501934051514, 1.6516185998916626, 1.6578996181488037, 1.6532621383666992, 1.6532282829284668, 1.653914451599121, 1.6497178077697754, 1.6530311107635498, 1.6516942977905273]",0.673799991607666,,397609068,,3326756,,,,,,-1.0,-1.0,-1.0,22,0,400,0,0.055,0.0,False,BEST,0.95,True,True,"[[80  0  0 ...  0  0  0]
 [ 0 83  0 ...  0  0  0]
 [ 0  0 68 ...  0  2  0]
 ...
 [ 0  0  0 ... 63  0  0]
 [ 0  0  5 ...  0 48  1]
 [ 0  0  0 ...  0  0 65]]",0.6738,0.686749802,0.6738,0.674203769,118
BCTBIF,,27,20,7,False,False,"[2, 30, 26, 38, 39, 35, 21, 14]",[],"[{'INP': 32}, {'CONV': [64, 3]}, ({'CONV': [32, 3]}, {'CONV': [64, 3]}), ({'CONV': [64, 5]}, {'CONV': [256, 3]}, {'POOLMAX': [-1, 2]}), ({'CONV': [64, 5]}, {'CONV': [64, 3]}), ({'CONV': [128, 3]}, {'CONV': [256, 3]}, {'POOLMAX': [-1, 2]}), ({'CONV': [128, 3]}, {'CONV': [256, 5]}), ({'CONV': [128, 3]}, {'CONV': [64, 5]}, {'POOLMAX': [-1, 2]}), ({'CONV': [64, 3]}, {'CONV': [128, 5]}), ({'CONV': [32, 5]}, {'CONV': [256, 3]}, {'POOLMAX': [-1, 2]}), {'GLOBAL_AVG': None}, {'LAST_DENSE': [100, 'softmax']}]",SPC,NONE,GA,70,"[0.11339999735355377, 0.16300000250339508, 0.2547999918460846, 0.3515999913215637, 0.3921999931335449, 0.4178999960422516, 0.460099995136261, 0.4198000133037567, 0.430400013923645, 0.48170000314712524, 0.44830000400543213, 0.4693000018596649, 0.5576000213623047, 0.5371999740600586, 0.5616000294685364, 0.5727999806404114, 0.5932000279426575, 0.5529000163078308, 0.5773000121116638, 0.5564000010490417, 0.579800009727478, 0.5928999781608582, 0.6263999938964844, 0.6003000140190125, 0.6295999884605408, 0.6381999850273132, 0.6234999895095825, 0.6377999782562256, 0.6187999844551086, 0.6425999999046326, 0.642300009727478, 0.6036999821662903, 0.6193000078201294, 0.633400022983551, 0.6401000022888184, 0.6491000056266785, 0.6769999861717224, 0.6692000031471252, 0.6593999862670898, 0.669700026512146, 0.6503999829292297, 0.6629999876022339, 0.6718999743461609, 0.6743000149726868, 0.677299976348877, 0.6776999831199646, 0.6748999953269958, 0.6827999949455261, 0.6798999905586243, 0.680400013923645, 0.6816999912261963, 0.6837999820709229, 0.6855999827384949, 0.683899998664856, 0.6836000084877014, 0.6861000061035156, 0.683899998664856, 0.683899998664856, 0.6858999729156494, 0.685699999332428, 0.6850000023841858, 0.6859999895095825, 0.6862999796867371, 0.6870999932289124, 0.6877999901771545, 0.6862999796867371, 0.6865000128746033, 0.6866999864578247, 0.6866999864578247, 0.6868000030517578]","[4.010217666625977, 4.091363430023193, 3.475018262863159, 2.804196834564209, 2.6766157150268555, 2.5868983268737793, 2.334353446960449, 2.693755865097046, 2.6226227283477783, 2.374220848083496, 2.550863027572632, 2.5323116779327393, 2.0367648601531982, 2.1476171016693115, 2.019770860671997, 1.9914917945861816, 1.862358570098877, 2.100426435470581, 1.9423550367355347, 2.1300253868103027, 1.9699220657348633, 1.916953682899475, 1.7564902305603027, 1.931990623474121, 1.7525246143341064, 1.7373359203338623, 1.754899024963379, 1.6901249885559082, 1.7912123203277588, 1.6732288599014282, 1.6949557065963745, 1.9342046976089478, 1.8551908731460571, 1.740050196647644, 1.6958332061767578, 1.6837449073791504, 1.5615607500076294, 1.6016075611114502, 1.6551355123519897, 1.5893118381500244, 1.7067947387695312, 1.6228413581848145, 1.587092638015747, 1.6101857423782349, 1.5821012258529663, 1.5983365774154663, 1.6185462474822998, 1.5848066806793213, 1.5873003005981445, 1.5935825109481812, 1.5937137603759766, 1.5769848823547363, 1.5829854011535645, 1.5910260677337646, 1.5791963338851929, 1.5738630294799805, 1.5808807611465454, 1.5826224088668823, 1.575770378112793, 1.577888011932373, 1.5915031433105469, 1.5759812593460083, 1.5776827335357666, 1.5766925811767578, 1.571028470993042, 1.5765925645828247, 1.5818592309951782, 1.5847668647766113, 1.5813169479370117, 1.5773746967315674]",0.6868000030517578,,811216812,,3348132,,,,,,-1.0,-1.0,-1.0,27,0,400,0,0.0675,0.0,False,BEST,0.65,True,True,"[[85  0  0 ...  0  0  0]
 [ 0 83  0 ...  0  0  0]
 [ 0  0 61 ...  0  4  0]
 ...
 [ 0  0  0 ... 72  0  0]
 [ 0  0  4 ...  0 60  0]
 [ 0  0  1 ...  0  0 69]]",0.687,0.698641715,0.687,0.68737309,5
BJMQBJ,,28,20,13,False,False,"[2, 5, 26, 41, 39, 5, 23, 55]",[],"[{'INP': 32}, {'CONV': [64, 3]}, ({'CONV': [32, 3]}, {'CONV': [64, 3]}), ({'CONV': [32, 3]}, {'CONV': [128, 5]}, {'POOLMAX': [-1, 2]}), ({'CONV': [64, 5]}, {'CONV': [64, 3]}), ({'CONV': [128, 5]}, {'CONV': [32, 5]}, {'POOLMAX': [-1, 2]}), ({'CONV': [128, 3]}, {'CONV': [256, 5]}), ({'CONV': [32, 3]}, {'CONV': [128, 5]}, {'POOLMAX': [-1, 2]}), ({'CONV': [64, 3]}, {'CONV': [256, 5]}), ({'CONV': [256, 3]}, {'CONV': [256, 5]}, {'POOLMAX': [-1, 2]}), {'GLOBAL_AVG': None}, {'LAST_DENSE': [100, 'softmax']}]",SPC,NONE,GA,70,"[0.09589999914169312, 0.19699999690055847, 0.27619999647140503, 0.3041999936103821, 0.2816999852657318, 0.3930000066757202, 0.36640000343322754, 0.3747999966144562, 0.4578999876976013, 0.4537999927997589, 0.5101000070571899, 0.4650999903678894, 0.5026999711990356, 0.3813000023365021, 0.49709999561309814, 0.4885999858379364, 0.5457000136375427, 0.5600000023841858, 0.6018000245094299, 0.5598000288009644, 0.5652999877929688, 0.5655999779701233, 0.5734999775886536, 0.5586000084877014, 0.6197999715805054, 0.5846999883651733, 0.6251999735832214, 0.5928000211715698, 0.6211000084877014, 0.6212999820709229, 0.6057000160217285, 0.6287999749183655, 0.6370999813079834, 0.6456000208854675, 0.6430000066757202, 0.6265000104904175, 0.6431999802589417, 0.6302000284194946, 0.6370999813079834, 0.6539999842643738, 0.6563000082969666, 0.6600000262260437, 0.6531000137329102, 0.6531999707221985, 0.6484000086784363, 0.6464999914169312, 0.6459000110626221, 0.6565999984741211, 0.6567999720573425, 0.6535999774932861, 0.651199996471405, 0.6603999733924866, 0.6557000279426575, 0.6586999893188477, 0.6589000225067139, 0.6599000096321106, 0.6553000211715698, 0.6585000157356262, 0.6596999764442444, 0.6590999960899353, 0.6589999794960022, 0.6568999886512756, 0.659500002861023, 0.660099983215332, 0.6599000096321106, 0.660099983215332, 0.6606000065803528, 0.660099983215332, 0.6592000126838684, 0.6597999930381775]","[4.150467872619629, 3.502594232559204, 3.1182780265808105, 3.090738296508789, 3.2828617095947266, 2.6978297233581543, 2.8405227661132812, 2.8371620178222656, 2.4512863159179688, 2.443098306655884, 2.2025816440582275, 2.4312374591827393, 2.2772762775421143, 3.129004955291748, 2.2954916954040527, 2.373037815093994, 2.0714197158813477, 2.003032922744751, 1.8094556331634521, 2.0094056129455566, 1.9837185144424438, 1.9933890104293823, 1.9027454853057861, 2.003753423690796, 1.7582486867904663, 1.901155710220337, 1.728161334991455, 1.932007074356079, 1.7336816787719727, 1.7672640085220337, 1.8524340391159058, 1.7349013090133667, 1.7093496322631836, 1.6706626415252686, 1.6760822534561157, 1.8165767192840576, 1.6763858795166016, 1.773539662361145, 1.7418032884597778, 1.6750127077102661, 1.6407476663589478, 1.640444278717041, 1.6620224714279175, 1.6742503643035889, 1.716626524925232, 1.7204527854919434, 1.747743010520935, 1.6973466873168945, 1.6834588050842285, 1.7072588205337524, 1.7110142707824707, 1.6741281747817993, 1.6968802213668823, 1.6898281574249268, 1.693682074546814, 1.686223030090332, 1.7023025751113892, 1.679000735282898, 1.6802709102630615, 1.689234972000122, 1.6967425346374512, 1.6996703147888184, 1.6933670043945312, 1.6916195154190063, 1.6920310258865356, 1.692973017692566, 1.6853740215301514, 1.6926226615905762, 1.697717547416687, 1.6907267570495605]",0.6597999930381775,,3496120620,,5277604,,,,,,-1.0,-1.0,-1.0,41,0,400,0,0.1025,0.0,False,BEST,0.05,True,True,"[[78  0  0 ...  0  0  0]
 [ 0 81  0 ...  0  0  0]
 [ 0  0 51 ...  0  6  0]
 ...
 [ 0  0  0 ... 65  0  0]
 [ 0  0  4 ...  0 51  1]
 [ 0  0  0 ...  0  0 68]]",0.6599,0.675488358,0.6599,0.661481691,147
BXWZSE,,29,20,9,False,False,"[50, 35, 23, 12, 7, 20, 54, 39]",[],"[{'INP': 32}, {'CONV': [64, 3]}, ({'CONV': [256, 3]}, {'CONV': [64, 3]}), ({'CONV': [128, 3]}, {'CONV': [64, 5]}, {'POOLMAX': [-1, 2]}), ({'CONV': [64, 3]}, {'CONV': [256, 5]}), ({'CONV': [32, 5]}, {'CONV': [128, 3]}, {'POOLMAX': [-1, 2]}), ({'CONV': [32, 3]}, {'CONV': [256, 5]}), ({'CONV': [64, 3]}, {'CONV': [128, 3]}, {'POOLMAX': [-1, 2]}), ({'CONV': [256, 3]}, {'CONV': [256, 3]}), ({'CONV': [128, 3]}, {'CONV': [256, 5]}, {'POOLMAX': [-1, 2]}), {'GLOBAL_AVG': None}, {'LAST_DENSE': [100, 'softmax']}]",SPC,NONE,GA,70,"[0.12240000069141388, 0.21119999885559082, 0.30309998989105225, 0.2712000012397766, 0.40529999136924744, 0.4153999984264374, 0.4359000027179718, 0.4528999924659729, 0.4187999963760376, 0.4819999933242798, 0.4677000045776367, 0.4977000057697296, 0.47119998931884766, 0.4693000018596649, 0.5047000050544739, 0.45910000801086426, 0.5340999960899353, 0.5532000064849854, 0.5112000107765198, 0.5566999912261963, 0.5626999735832214, 0.5030999779701233, 0.5051000118255615, 0.5486999750137329, 0.5218999981880188, 0.6365000009536743, 0.630299985408783, 0.6158999800682068, 0.6480000019073486, 0.6313999891281128, 0.6381999850273132, 0.6133000254631042, 0.6320000290870667, 0.6013000011444092, 0.6642000079154968, 0.680400013923645, 0.6786999702453613, 0.671500027179718, 0.6610000133514404, 0.6399999856948853, 0.6488000154495239, 0.6823999881744385, 0.6850000023841858, 0.6834999918937683, 0.6869999766349792, 0.6887000203132629, 0.6983000040054321, 0.6902999877929688, 0.6848999857902527, 0.6890000104904175, 0.6916000247001648, 0.6934999823570251, 0.6933000087738037, 0.6966000199317932, 0.6955000162124634, 0.6919000148773193, 0.691100001335144, 0.6955999732017517, 0.6929000020027161, 0.6940000057220459, 0.6945000290870667, 0.6956999897956848, 0.6948999762535095, 0.6955999732017517, 0.6953999996185303, 0.695900022983551, 0.694100022315979, 0.694100022315979, 0.6952999830245972, 0.6956999897956848]","[3.978278160095215, 3.612233877182007, 2.9859728813171387, 3.3885629177093506, 2.6006033420562744, 2.659839630126953, 2.5532891750335693, 2.5305306911468506, 2.717686891555786, 2.4040374755859375, 2.483802080154419, 2.309852123260498, 2.527366876602173, 2.5262959003448486, 2.4186580181121826, 2.7301723957061768, 2.2246930599212646, 2.1712779998779297, 2.4206442832946777, 2.151959180831909, 2.1693115234375, 2.57827091217041, 2.4743075370788574, 2.2831196784973145, 2.4753847122192383, 1.8232494592666626, 1.8474509716033936, 1.9532363414764404, 1.7864091396331787, 1.835491418838501, 1.871414065361023, 1.9335664510726929, 1.8460702896118164, 2.098971366882324, 1.7270019054412842, 1.6307116746902466, 1.6497564315795898, 1.6426502466201782, 1.7363635301589966, 1.887397050857544, 1.7962613105773926, 1.6465284824371338, 1.6520377397537231, 1.6488676071166992, 1.6345937252044678, 1.634099006652832, 1.5974293947219849, 1.6441766023635864, 1.6776260137557983, 1.6498916149139404, 1.6479829549789429, 1.6272640228271484, 1.628934383392334, 1.6120240688323975, 1.6267017126083374, 1.6329724788665771, 1.6418120861053467, 1.6205034255981445, 1.6416099071502686, 1.6363041400909424, 1.6295253038406372, 1.6285675764083862, 1.6310168504714966, 1.6293116807937622, 1.6392406225204468, 1.629608154296875, 1.631029486656189, 1.6345314979553223, 1.633258581161499, 1.6362751722335815]",0.6956999897956848,,1135570668,,3435044,,,,,,-1.0,-1.0,-1.0,30,0,400,0,0.075,0.0,False,BEST,0.5,True,True,"[[92  0  0 ...  0  0  0]
 [ 0 84  0 ...  0  0  0]
 [ 1  0 60 ...  0  4  0]
 ...
 [ 0  0  0 ... 74  1  0]
 [ 0  0  6 ...  0 46  0]
 [ 0  0  0 ...  0  0 70]]",0.6956,0.708184501,0.6956,0.69603845,19
BIWRWU,,30,20,14,False,False,"[26, 18, 23, 20, 46, 47, 62, 45]",[],"[{'INP': 32}, {'CONV': [64, 3]}, ({'CONV': [64, 5]}, {'CONV': [64, 3]}), ({'CONV': [64, 3]}, {'CONV': [64, 3]}, {'POOLMAX': [-1, 2]}), ({'CONV': [64, 3]}, {'CONV': [256, 5]}), ({'CONV': [64, 3]}, {'CONV': [128, 3]}, {'POOLMAX': [-1, 2]}), ({'CONV': [128, 5]}, {'CONV': [256, 3]}), ({'CONV': [128, 5]}, {'CONV': [256, 5]}, {'POOLMAX': [-1, 2]}), ({'CONV': [256, 5]}, {'CONV': [256, 3]}), ({'CONV': [128, 5]}, {'CONV': [128, 5]}, {'POOLMAX': [-1, 2]}), {'GLOBAL_AVG': None}, {'LAST_DENSE': [100, 'softmax']}]",SPC,NONE,GA,70,"[0.1251000016927719, 0.14000000059604645, 0.21809999644756317, 0.30169999599456787, 0.3555000126361847, 0.41990000009536743, 0.3278000056743622, 0.4284000098705292, 0.4293999969959259, 0.4480000138282776, 0.41100001335144043, 0.4140999913215637, 0.43619999289512634, 0.5611000061035156, 0.5131000280380249, 0.5652999877929688, 0.570900022983551, 0.5769000053405762, 0.5593000054359436, 0.5953999757766724, 0.5663999915122986, 0.5898000001907349, 0.5185999870300293, 0.5710999965667725, 0.5432999730110168, 0.5875999927520752, 0.6187000274658203, 0.6226000189781189, 0.6140000224113464, 0.6344000101089478, 0.6223999857902527, 0.6328999996185303, 0.6478000283241272, 0.6474999785423279, 0.6079999804496765, 0.6248000264167786, 0.6294999718666077, 0.6401000022888184, 0.6527000069618225, 0.6552000045776367, 0.6593999862670898, 0.6467999815940857, 0.6628000140190125, 0.6715999841690063, 0.6712999939918518, 0.6675000190734863, 0.6610000133514404, 0.6575999855995178, 0.6601999998092651, 0.6628000140190125, 0.671500027179718, 0.6680999994277954, 0.6723999977111816, 0.6723999977111816, 0.6680999994277954, 0.6732000112533569, 0.6735000014305115, 0.6744999885559082, 0.6743999719619751, 0.673799991607666, 0.671500027179718, 0.6725000143051147, 0.6747000217437744, 0.6766999959945679, 0.6748999953269958, 0.6739000082015991, 0.6743000149726868, 0.6733999848365784, 0.6726999878883362, 0.6747000217437744]","[3.8922348022460938, 3.7529377937316895, 3.456329584121704, 2.942652702331543, 2.787156343460083, 2.4567818641662598, 3.164508104324341, 2.445474863052368, 2.492173671722412, 2.4640443325042725, 2.625006914138794, 2.696802854537964, 2.6921441555023193, 1.9497284889221191, 2.2125697135925293, 1.946699619293213, 1.9246058464050293, 1.9017566442489624, 1.9750025272369385, 1.8241233825683594, 2.00412654876709, 1.8407162427902222, 2.304644823074341, 1.9717442989349365, 2.181351900100708, 1.9776697158813477, 1.7967586517333984, 1.7585119009017944, 1.8250659704208374, 1.6875529289245605, 1.800161361694336, 1.7290091514587402, 1.638326644897461, 1.6396214962005615, 1.8652613162994385, 1.8007760047912598, 1.761841058731079, 1.7347830533981323, 1.672714114189148, 1.6490517854690552, 1.6550207138061523, 1.7893757820129395, 1.6741279363632202, 1.6338127851486206, 1.619154691696167, 1.6312750577926636, 1.674958348274231, 1.6791720390319824, 1.6736359596252441, 1.6845486164093018, 1.6322308778762817, 1.6539936065673828, 1.6246930360794067, 1.643799066543579, 1.6648977994918823, 1.6455193758010864, 1.637727975845337, 1.6365108489990234, 1.6373673677444458, 1.6473042964935303, 1.6644418239593506, 1.650286316871643, 1.6486066579818726, 1.6468572616577148, 1.640692949295044, 1.6502364873886108, 1.6529182195663452, 1.652706265449524, 1.653602123260498, 1.6521161794662476]",0.6747000217437744,,629789868,,1969316,,,,,,-1.0,-1.0,-1.0,47,0,400,0,0.1175,0.0,False,BEST,0.35,True,True,"[[78  0  0 ...  0  0  0]
 [ 0 78  0 ...  0  0  0]
 [ 0  0 59 ...  0  6  0]
 ...
 [ 0  0  0 ... 63  0  0]
 [ 0  0  4 ...  0 49  0]
 [ 0  0  1 ...  0  0 71]]",0.6747,0.686235466,0.6747,0.674703136,52
BUSNYG,,1,20,11,False,False,"[40, 48, 56, 41, 53, 37, 47, 55]",[],"[{'INP': 32}, {'CONV': [64, 3]}, ({'CONV': [128, 5]}, {'CONV': [32, 3]}), ({'CONV': [256, 3]}, {'CONV': [32, 3]}, {'POOLMAX': [-1, 2]}), ({'CONV': [256, 5]}, {'CONV': [32, 3]}), ({'CONV': [128, 5]}, {'CONV': [32, 5]}, {'POOLMAX': [-1, 2]}), ({'CONV': [256, 3]}, {'CONV': [128, 5]}), ({'CONV': [128, 3]}, {'CONV': [128, 5]}, {'POOLMAX': [-1, 2]}), ({'CONV': [128, 5]}, {'CONV': [256, 5]}), ({'CONV': [256, 3]}, {'CONV': [256, 5]}, {'POOLMAX': [-1, 2]}), {'GLOBAL_AVG': None}, {'LAST_DENSE': [100, 'softmax']}]",TPC,NONE,GA,70,"[0.14900000393390656, 0.1671999990940094, 0.2833999991416931, 0.3257000148296356, 0.3831999897956848, 0.38339999318122864, 0.4162999987602234, 0.3767000138759613, 0.41350001096725464, 0.4368000030517578, 0.4763000011444092, 0.4666000008583069, 0.5059999823570251, 0.4507000148296356, 0.490200012922287, 0.5230000019073486, 0.5321999788284302, 0.5378000140190125, 0.5300999879837036, 0.42570000886917114, 0.4814999997615814, 0.5008999705314636, 0.491100013256073, 0.5715000033378601, 0.5896999835968018, 0.5728999972343445, 0.6039000153541565, 0.6154999732971191, 0.5986999869346619, 0.5810999870300293, 0.588100016117096, 0.6065000295639038, 0.60589998960495, 0.6474000215530396, 0.6438000202178955, 0.6323000192642212, 0.6462000012397766, 0.6532999873161316, 0.6481999754905701, 0.6654999852180481, 0.6507999897003174, 0.6323999762535095, 0.6525999903678894, 0.6642000079154968, 0.6450999975204468, 0.6762999892234802, 0.6766999959945679, 0.6636000275611877, 0.6761000156402588, 0.6902999877929688, 0.6654000282287598, 0.6624000072479248, 0.6722000241279602, 0.6697999835014343, 0.6801000237464905, 0.6782000064849854, 0.6812000274658203, 0.6877999901771545, 0.6801999807357788, 0.6851999759674072, 0.6814000010490417, 0.6837000250816345, 0.6822999715805054, 0.6855000257492065, 0.6880999803543091, 0.6854000091552734, 0.6870999932289124, 0.6883000135421753, 0.6858000159263611, 0.683899998664856]","[3.8170268535614014, 3.761552333831787, 3.150326728820801, 2.977118968963623, 2.9469120502471924, 2.8065526485443115, 2.726144313812256, 2.998521566390991, 2.715000867843628, 2.5908119678497314, 2.4719438552856445, 2.4671216011047363, 2.3140406608581543, 2.644712448120117, 2.337944269180298, 2.2460312843322754, 2.203800916671753, 2.192054510116577, 2.222520112991333, 2.876465320587158, 2.5609524250030518, 2.4956142902374268, 2.5520505905151367, 2.1417946815490723, 2.0057930946350098, 2.0991244316101074, 1.9494539499282837, 1.8702552318572998, 1.9786434173583984, 2.0813634395599365, 2.011899471282959, 1.8917887210845947, 1.9315840005874634, 1.7465181350708008, 1.762454867362976, 1.790737271308899, 1.7731438875198364, 1.7336761951446533, 1.7532356977462769, 1.6730289459228516, 1.762325406074524, 1.840090274810791, 1.729498028755188, 1.6978199481964111, 1.7668794393539429, 1.6251919269561768, 1.6698609590530396, 1.714457631111145, 1.6691789627075195, 1.587937355041504, 1.734386682510376, 1.7353218793869019, 1.6852171421051025, 1.7185802459716797, 1.6631220579147339, 1.6738462448120117, 1.6458375453948975, 1.6393321752548218, 1.6876955032348633, 1.6470571756362915, 1.6700102090835571, 1.6490726470947266, 1.6786972284317017, 1.6446034908294678, 1.649832010269165, 1.6618157625198364, 1.6524523496627808, 1.6566146612167358, 1.6715155839920044, 1.666271686553955]",0.683899998664856,,792186668,,5119908,,,,,,-1.0,-1.0,-1.0,40,0,400,0,0.1,0.0,False,BEST,0.95,True,True,"[[87  0  0 ...  0  0  0]
 [ 0 80  0 ...  0  0  0]
 [ 0  0 60 ...  0  1  0]
 ...
 [ 0  0  0 ... 69  0  0]
 [ 0  0  5 ...  0 56  1]
 [ 0  0  0 ...  0  0 71]]",0.684,0.699642726,0.684,0.685811601,72
BYLWHN,,2,20,9,False,False,"[2, 6, 11, 43, 4, 47, 14, 31]",[],"[{'INP': 32}, {'CONV': [64, 3]}, ({'CONV': [32, 3]}, {'CONV': [64, 3]}), ({'CONV': [32, 3]}, {'CONV': [256, 3]}, {'POOLMAX': [-1, 2]}), ({'CONV': [32, 5]}, {'CONV': [64, 5]}), ({'CONV': [128, 5]}, {'CONV': [64, 5]}, {'POOLMAX': [-1, 2]}), ({'CONV': [32, 3]}, {'CONV': [128, 3]}), ({'CONV': [128, 5]}, {'CONV': [256, 5]}, {'POOLMAX': [-1, 2]}), ({'CONV': [32, 5]}, {'CONV': [256, 3]}), ({'CONV': [64, 5]}, {'CONV': [256, 5]}, {'POOLMAX': [-1, 2]}), {'GLOBAL_AVG': None}, {'LAST_DENSE': [100, 'softmax']}]",TPC,NONE,GA,70,"[0.10639999806880951, 0.20170000195503235, 0.20970000326633453, 0.27970001101493835, 0.359499990940094, 0.3230000138282776, 0.33149999380111694, 0.41850000619888306, 0.4383000135421753, 0.40939998626708984, 0.48010000586509705, 0.4399999976158142, 0.43230000138282776, 0.4494999945163727, 0.5051000118255615, 0.5203999876976013, 0.5260000228881836, 0.46239998936653137, 0.44670000672340393, 0.4966999888420105, 0.5418000221252441, 0.4587000012397766, 0.5701000094413757, 0.6025000214576721, 0.5856999754905701, 0.593999981880188, 0.5879999995231628, 0.6327000260353088, 0.6007000207901001, 0.6151999831199646, 0.6165000200271606, 0.6187000274658203, 0.6118999719619751, 0.6539000272750854, 0.6344000101089478, 0.645799994468689, 0.6589999794960022, 0.6572999954223633, 0.656000018119812, 0.671500027179718, 0.6473000049591064, 0.6689000129699707, 0.6664999723434448, 0.6707000136375427, 0.6747000217437744, 0.6744999885559082, 0.6705999970436096, 0.6693999767303467, 0.6722999811172485, 0.6643000245094299, 0.680899977684021, 0.6791999936103821, 0.6826000213623047, 0.6833000183105469, 0.6772000193595886, 0.6855000257492065, 0.6891000270843506, 0.6873999834060669, 0.6908000111579895, 0.6848000288009644, 0.6894000172615051, 0.6872000098228455, 0.6866999864578247, 0.6901999711990356, 0.6917999982833862, 0.6912999749183655, 0.6908000111579895, 0.6887000203132629, 0.6880999803543091, 0.6898999810218811]","[3.973796844482422, 3.413579225540161, 3.4923312664031982, 3.1766490936279297, 2.7384912967681885, 3.0440986156463623, 3.1679553985595703, 2.5229837894439697, 2.453343152999878, 2.6853044033050537, 2.306839942932129, 2.5718653202056885, 2.6103756427764893, 2.5601301193237305, 2.2664942741394043, 2.220423698425293, 2.2006397247314453, 2.5796473026275635, 2.6674723625183105, 2.46760630607605, 2.208660125732422, 2.8411974906921387, 2.1351945400238037, 1.913088321685791, 2.0006556510925293, 1.9957829713821411, 1.9796308279037476, 1.8146406412124634, 1.9673151969909668, 1.873370885848999, 1.9065890312194824, 1.8820387125015259, 1.931544303894043, 1.700779676437378, 1.805729866027832, 1.7612868547439575, 1.7252050638198853, 1.7122814655303955, 1.7081769704818726, 1.6636279821395874, 1.8033400774002075, 1.6998538970947266, 1.7121719121932983, 1.7096238136291504, 1.6565873622894287, 1.6833386421203613, 1.7077374458312988, 1.703905701637268, 1.6805609464645386, 1.7735662460327148, 1.676387071609497, 1.6803343296051025, 1.6717835664749146, 1.6789538860321045, 1.7198525667190552, 1.6773192882537842, 1.6403050422668457, 1.6638826131820679, 1.6411551237106323, 1.6659070253372192, 1.6650091409683228, 1.6651101112365723, 1.6767103672027588, 1.6624947786331177, 1.66714608669281, 1.6603180170059204, 1.6650656461715698, 1.6634597778320312, 1.6759843826293945, 1.668453335762024]",0.6898999810218811,,515523436,,2391332,,,,,,-1.0,-1.0,-1.0,45,0,400,0,0.1125,0.0,False,BEST,0.5,True,True,"[[82  0  0 ...  0  0  0]
 [ 0 77  0 ...  0  0  0]
 [ 1  0 61 ...  0  1  0]
 ...
 [ 0  0  0 ... 71  0  0]
 [ 0  0  1 ...  0 46  0]
 [ 0  0  0 ...  0  0 70]]",0.6898,0.70466707,0.6898,0.691376075,95
BPJXOX,,3,20,5,False,False,"[36, 50, 16, 58, 26, 6, 45, 31]",[],"[{'INP': 32}, {'CONV': [64, 3]}, ({'CONV': [128, 3]}, {'CONV': [128, 3]}), ({'CONV': [256, 3]}, {'CONV': [64, 3]}, {'POOLMAX': [-1, 2]}), ({'CONV': [64, 3]}, {'CONV': [32, 3]}), ({'CONV': [256, 5]}, {'CONV': [64, 3]}, {'POOLMAX': [-1, 2]}), ({'CONV': [64, 5]}, {'CONV': [64, 3]}), ({'CONV': [32, 3]}, {'CONV': [256, 3]}, {'POOLMAX': [-1, 2]}), ({'CONV': [128, 5]}, {'CONV': [128, 5]}), ({'CONV': [64, 5]}, {'CONV': [256, 5]}, {'POOLMAX': [-1, 2]}), {'GLOBAL_AVG': None}, {'LAST_DENSE': [100, 'softmax']}]",TPC,NONE,GA,70,"[0.13429999351501465, 0.14159999787807465, 0.23800000548362732, 0.29820001125335693, 0.36039999127388, 0.29190000891685486, 0.39329999685287476, 0.4607999920845032, 0.4377000033855438, 0.4560999870300293, 0.4577000141143799, 0.5062000155448914, 0.49619999527931213, 0.4966000020503998, 0.46219998598098755, 0.4693000018596649, 0.47870001196861267, 0.569100022315979, 0.5809999704360962, 0.5570999979972839, 0.6040999889373779, 0.5443000197410583, 0.5676000118255615, 0.5965999960899353, 0.5917999744415283, 0.5656999945640564, 0.6435999870300293, 0.6227999925613403, 0.6438999772071838, 0.6348000168800354, 0.6276000142097473, 0.6266999840736389, 0.6680999994277954, 0.6632000207901001, 0.6462000012397766, 0.6319000124931335, 0.6395000219345093, 0.6568999886512756, 0.6657999753952026, 0.6758000254631042, 0.6491000056266785, 0.6626999974250793, 0.6722000241279602, 0.6830999851226807, 0.6621000170707703, 0.6868000030517578, 0.6796000003814697, 0.6840000152587891, 0.685699999332428, 0.6773999929428101, 0.6823999881744385, 0.6844000220298767, 0.6812000274658203, 0.6879000067710876, 0.6858000159263611, 0.690500020980835, 0.6891999840736389, 0.6879000067710876, 0.6898000240325928, 0.6894999742507935, 0.6890000104904175, 0.6888999938964844, 0.6887999773025513, 0.6909999847412109, 0.6897000074386597, 0.692300021648407, 0.6920999884605408, 0.6912000179290771, 0.6901999711990356, 0.6905999779701233]","[3.8017938137054443, 4.307204246520996, 3.289870262145996, 3.0681395530700684, 2.7482974529266357, 3.2785768508911133, 2.688159465789795, 2.380075693130493, 2.5029451847076416, 2.4010870456695557, 2.472846269607544, 2.2369515895843506, 2.32100772857666, 2.315930128097534, 2.4913766384124756, 2.502310037612915, 2.5607831478118896, 1.993605136871338, 1.9458996057510376, 2.0864830017089844, 1.8113832473754883, 2.1971335411071777, 2.0572502613067627, 1.8986060619354248, 1.8916951417922974, 2.0834579467773438, 1.7090140581130981, 1.8285361528396606, 1.7070245742797852, 1.7535020112991333, 1.8098591566085815, 1.829164981842041, 1.6232374906539917, 1.6368999481201172, 1.7222851514816284, 1.8285633325576782, 1.7738171815872192, 1.671263337135315, 1.6822999715805054, 1.6159656047821045, 1.7961376905441284, 1.7274599075317383, 1.6321266889572144, 1.6333986520767212, 1.7236658334732056, 1.6069939136505127, 1.6652605533599854, 1.617449164390564, 1.621132254600525, 1.671588659286499, 1.6533390283584595, 1.6316336393356323, 1.676233172416687, 1.653170108795166, 1.6476001739501953, 1.6379574537277222, 1.6400388479232788, 1.6452476978302002, 1.6376763582229614, 1.6448732614517212, 1.6440234184265137, 1.6493724584579468, 1.6535943746566772, 1.645207405090332, 1.653977870941162, 1.649538516998291, 1.6541227102279663, 1.6522761583328247, 1.653498649597168, 1.6547621488571167]",0.6905999779701233,,479848428,,2486308,,,,,,-1.0,-1.0,-1.0,29,0,400,0,0.0725,0.0,False,BEST,0.7,True,True,"[[85  0  0 ...  0  0  0]
 [ 0 81  0 ...  0  0  0]
 [ 0  0 59 ...  0  1  0]
 ...
 [ 0  0  0 ... 76  0  0]
 [ 0  0  2 ...  0 50  0]
 [ 0  0  1 ...  0  0 73]]",0.6905,0.702281467,0.6905,0.69120575,97
BCJKGH,,4,20,10,False,False,"[55, 12, 4, 52, 62, 7, 13, 55]",[],"[{'INP': 32}, {'CONV': [64, 3]}, ({'CONV': [256, 3]}, {'CONV': [256, 5]}), ({'CONV': [32, 5]}, {'CONV': [128, 3]}, {'POOLMAX': [-1, 2]}), ({'CONV': [32, 3]}, {'CONV': [128, 3]}), ({'CONV': [256, 3]}, {'CONV': [128, 3]}, {'POOLMAX': [-1, 2]}), ({'CONV': [256, 5]}, {'CONV': [256, 3]}), ({'CONV': [32, 3]}, {'CONV': [256, 5]}, {'POOLMAX': [-1, 2]}), ({'CONV': [32, 5]}, {'CONV': [128, 5]}), ({'CONV': [256, 3]}, {'CONV': [256, 5]}, {'POOLMAX': [-1, 2]}), {'GLOBAL_AVG': None}, {'LAST_DENSE': [100, 'softmax']}]",TPC,NONE,GA,70,"[0.10649999976158142, 0.22849999368190765, 0.2937000095844269, 0.26440000534057617, 0.36489999294281006, 0.3271999955177307, 0.40959998965263367, 0.39430001378059387, 0.446399986743927, 0.4487999975681305, 0.47040000557899475, 0.5123000144958496, 0.44020000100135803, 0.4717000126838684, 0.5019000172615051, 0.4832000136375427, 0.5264000296592712, 0.5515000224113464, 0.5604000091552734, 0.5867000222206116, 0.6168000102043152, 0.5924999713897705, 0.6064000129699707, 0.5895000100135803, 0.5932000279426575, 0.598800003528595, 0.6514000296592712, 0.6557000279426575, 0.6520000100135803, 0.6557000279426575, 0.6227999925613403, 0.6668000221252441, 0.6552000045776367, 0.6462000012397766, 0.6685000061988831, 0.666100025177002, 0.6549000144004822, 0.6628000140190125, 0.6711999773979187, 0.6604999899864197, 0.6779000163078308, 0.6815999746322632, 0.6577000021934509, 0.6819000244140625, 0.6826000213623047, 0.6873999834060669, 0.6902999877929688, 0.6877999901771545, 0.6894999742507935, 0.6926000118255615, 0.6955999732017517, 0.694599986076355, 0.6922000050544739, 0.695900022983551, 0.6963000297546387, 0.6935999989509583, 0.6972000002861023, 0.6949999928474426, 0.6948999762535095, 0.6973999738693237, 0.6966000199317932, 0.6970000267028809, 0.6959999799728394, 0.6965000033378601, 0.6959999799728394, 0.6966999769210815, 0.6970000267028809, 0.6991999745368958, 0.7002999782562256, 0.6991999745368958]","[4.11325740814209, 3.282865285873413, 3.0333495140075684, 3.4111430644989014, 2.775899887084961, 3.1116394996643066, 2.6899659633636475, 2.818359851837158, 2.502349853515625, 2.4928653240203857, 2.390676498413086, 2.2311630249023438, 2.6197197437286377, 2.54048752784729, 2.335442304611206, 2.4927923679351807, 2.2668137550354004, 2.178187370300293, 2.109506368637085, 2.04866886138916, 1.8161039352416992, 1.9606775045394897, 1.9317564964294434, 1.9600392580032349, 1.9540482759475708, 1.964829683303833, 1.7594318389892578, 1.7320556640625, 1.7488518953323364, 1.7137482166290283, 1.967168927192688, 1.6728050708770752, 1.7519874572753906, 1.8116592168807983, 1.6547677516937256, 1.7033789157867432, 1.7767263650894165, 1.7054709196090698, 1.6969660520553589, 1.7395437955856323, 1.6834371089935303, 1.6635990142822266, 1.8350622653961182, 1.7055941820144653, 1.7023831605911255, 1.6763211488723755, 1.6769107580184937, 1.712668538093567, 1.6879078149795532, 1.667077898979187, 1.667728304862976, 1.6784878969192505, 1.697245478630066, 1.691545844078064, 1.6719906330108643, 1.7019290924072266, 1.6836134195327759, 1.6999746561050415, 1.6910699605941772, 1.6860878467559814, 1.694593906402588, 1.6904017925262451, 1.6915953159332275, 1.6919429302215576, 1.6981381177902222, 1.696834921836853, 1.6959148645401, 1.690170168876648, 1.680599570274353, 1.6891298294067383]",0.6991999745368958,,432562412,,4323876,,,,,,-1.0,-1.0,-1.0,51,0,400,0,0.1275,0.0,False,BEST,0.75,True,True,"[[92  0  0 ...  0  0  0]
 [ 0 83  0 ...  0  0  0]
 [ 0  0 58 ...  0  2  0]
 ...
 [ 0  0  0 ... 64  0  0]
 [ 0  0  3 ...  0 55  0]
 [ 0  0  1 ...  0  0 75]]",0.6991,0.710633956,0.6991,0.700331754,28
BNKGWU,,5,20,10,False,False,"[2, 32, 39, 29, 46, 7, 19, 54]",[],"[{'INP': 32}, {'CONV': [64, 3]}, ({'CONV': [32, 3]}, {'CONV': [64, 3]}), ({'CONV': [128, 3]}, {'CONV': [32, 3]}, {'POOLMAX': [-1, 2]}), ({'CONV': [128, 3]}, {'CONV': [256, 5]}), ({'CONV': [64, 5]}, {'CONV': [128, 5]}, {'POOLMAX': [-1, 2]}), ({'CONV': [128, 5]}, {'CONV': [256, 3]}), ({'CONV': [32, 3]}, {'CONV': [256, 5]}, {'POOLMAX': [-1, 2]}), ({'CONV': [64, 3]}, {'CONV': [64, 5]}), ({'CONV': [256, 3]}, {'CONV': [256, 3]}, {'POOLMAX': [-1, 2]}), {'GLOBAL_AVG': None}, {'LAST_DENSE': [100, 'softmax']}]",TPC,NONE,GA,70,"[0.11420000344514847, 0.2092999964952469, 0.2669000029563904, 0.29910001158714294, 0.32330000400543213, 0.3684000074863434, 0.4162999987602234, 0.42100000381469727, 0.4196000099182129, 0.4715000092983246, 0.44359999895095825, 0.47940000891685486, 0.45100000500679016, 0.43059998750686646, 0.501800000667572, 0.5092999935150146, 0.5080000162124634, 0.484499990940094, 0.499099999666214, 0.4657000005245209, 0.5113000273704529, 0.4860000014305115, 0.5403000116348267, 0.6032999753952026, 0.5498999953269958, 0.6055999994277954, 0.5950000286102295, 0.588699996471405, 0.6011999845504761, 0.5920000076293945, 0.6148999929428101, 0.6040999889373779, 0.590499997138977, 0.5992000102996826, 0.6146000027656555, 0.6104999780654907, 0.6470999717712402, 0.6446999907493591, 0.6370000243186951, 0.6410999894142151, 0.632099986076355, 0.6532999873161316, 0.6351000070571899, 0.6381000280380249, 0.6549000144004822, 0.64410001039505, 0.6496999859809875, 0.663100004196167, 0.6567999720573425, 0.6207000017166138, 0.6478000283241272, 0.6380000114440918, 0.656000018119812, 0.6610999703407288, 0.6632999777793884, 0.6801999807357788, 0.6679999828338623, 0.663100004196167, 0.6779999732971191, 0.6797999739646912, 0.6758999824523926, 0.671999990940094, 0.6718000173568726, 0.675000011920929, 0.680400013923645, 0.6798999905586243, 0.6757000088691711, 0.6805999875068665, 0.6807000041007996, 0.6776000261306763]","[4.018890857696533, 3.4320902824401855, 3.2036287784576416, 3.0842409133911133, 3.0898571014404297, 2.7628984451293945, 2.6726813316345215, 2.61423659324646, 2.632061243057251, 2.392955780029297, 2.5261452198028564, 2.3847737312316895, 2.505429983139038, 2.9270336627960205, 2.2913339138031006, 2.286574363708496, 2.235556125640869, 2.4070332050323486, 2.3339388370513916, 2.526127815246582, 2.299450159072876, 2.375213384628296, 2.202275276184082, 1.875099778175354, 2.216721534729004, 1.8483072519302368, 1.8958370685577393, 1.9420270919799805, 1.8849691152572632, 1.923703908920288, 1.8234649896621704, 1.8718773126602173, 1.9605687856674194, 1.9251161813735962, 1.8445289134979248, 1.8635624647140503, 1.7202004194259644, 1.746363639831543, 1.7855603694915771, 1.7098455429077148, 1.8146941661834717, 1.7023341655731201, 1.7791060209274292, 1.8360943794250488, 1.6841257810592651, 1.7611513137817383, 1.7308509349822998, 1.6402952671051025, 1.7264492511749268, 1.8917697668075562, 1.7313991785049438, 1.8338978290557861, 1.7227199077606201, 1.7168700695037842, 1.7185142040252686, 1.6468404531478882, 1.7000762224197388, 1.7350554466247559, 1.6448609828948975, 1.6592460870742798, 1.6599626541137695, 1.7165101766586304, 1.7206400632858276, 1.686153769493103, 1.6594575643539429, 1.6836751699447632, 1.6967878341674805, 1.668746829032898, 1.6800458431243896, 1.681604266166687]",0.6776000261306763,,793428396,,3843748,,,,,,-1.0,-1.0,-1.0,46,0,400,0,0.115,0.0,False,BEST,0.65,True,True,"[[80  0  0 ...  0  0  0]
 [ 0 83  0 ...  0  0  0]
 [ 0  0 59 ...  0  4  0]
 ...
 [ 0  0  0 ... 74  1  0]
 [ 0  0  5 ...  0 45  0]
 [ 0  0  0 ...  0  0 67]]",0.6777,0.688284012,0.6777,0.677783753,26
BYYDBE,,6,20,14,True,False,"[12, 4, 50, 38, 53, 47, 54, 29]",[],"[{'INP': 32}, {'CONV': [64, 3]}, ({'CONV': [32, 5]}, {'CONV': [128, 3]}), ({'CONV': [32, 3]}, {'CONV': [128, 3]}, {'POOLMAX': [-1, 2]}), ({'CONV': [256, 3]}, {'CONV': [64, 3]}), ({'CONV': [128, 3]}, {'CONV': [256, 3]}, {'POOLMAX': [-1, 2]}), ({'CONV': [256, 3]}, {'CONV': [128, 5]}), ({'CONV': [128, 5]}, {'CONV': [256, 5]}, {'POOLMAX': [-1, 2]}), ({'CONV': [256, 3]}, {'CONV': [256, 3]}), ({'CONV': [64, 5]}, {'CONV': [128, 5]}, {'POOLMAX': [-1, 2]}), {'GLOBAL_AVG': None}, {'LAST_DENSE': [100, 'softmax']}]",TPC,NONE,GA,70,"[0.13230000436306, 0.19210000336170197, 0.28700000047683716, 0.34860000014305115, 0.38580000400543213, 0.39969998598098755, 0.47870001196861267, 0.4156000018119812, 0.4699000120162964, 0.4657000005245209, 0.49050000309944153, 0.4657999873161316, 0.5640000104904175, 0.5249000191688538, 0.59170001745224, 0.5565000176429749, 0.598800003528595, 0.5748999714851379, 0.5878999829292297, 0.59170001745224, 0.5947999954223633, 0.5878999829292297, 0.6413999795913696, 0.6366000175476074, 0.6248000264167786, 0.6425999999046326, 0.6438999772071838, 0.6445000171661377, 0.6446999907493591, 0.623199999332428, 0.64410001039505, 0.6407999992370605, 0.6401000022888184, 0.6772000193595886, 0.6761000156402588, 0.6708999872207642, 0.6761999726295471, 0.6650000214576721, 0.6812000274658203, 0.678600013256073, 0.6804999709129333, 0.6879000067710876, 0.6894999742507935, 0.6833000183105469, 0.6881999969482422, 0.6909999847412109, 0.6912999749183655, 0.6868000030517578, 0.6845999956130981, 0.691100001335144, 0.6897000074386597, 0.6905999779701233, 0.6912999749183655, 0.6922000050544739, 0.6930000185966492, 0.6922000050544739, 0.6947000026702881, 0.6958000063896179, 0.6923999786376953, 0.6955999732017517, 0.6944000124931335, 0.6940000057220459, 0.6927000284194946, 0.6931999921798706, 0.6937000155448914, 0.6948999762535095, 0.6938999891281128, 0.6945000290870667, 0.6955000162124634, 0.6944000124931335]","[3.9870567321777344, 3.6663296222686768, 3.0921337604522705, 2.8315820693969727, 2.686520576477051, 2.724053382873535, 2.3521335124969482, 2.6351094245910645, 2.4242098331451416, 2.4740967750549316, 2.39076566696167, 2.5060946941375732, 2.0691041946411133, 2.2818500995635986, 1.9125070571899414, 2.1309776306152344, 1.8707609176635742, 1.9922709465026855, 1.9424721002578735, 1.924462080001831, 1.9255872964859009, 1.9480068683624268, 1.7331340312957764, 1.7591650485992432, 1.8301445245742798, 1.74629807472229, 1.7268463373184204, 1.703635573387146, 1.758655071258545, 1.8522062301635742, 1.7467052936553955, 1.7781394720077515, 1.7956184148788452, 1.623347520828247, 1.651875376701355, 1.6829642057418823, 1.6674354076385498, 1.7130414247512817, 1.6342533826828003, 1.6878031492233276, 1.6757935285568237, 1.6539136171340942, 1.646956205368042, 1.6537553071975708, 1.6765894889831543, 1.6569081544876099, 1.6699720621109009, 1.6723737716674805, 1.6838387250900269, 1.667466163635254, 1.6708794832229614, 1.6726226806640625, 1.6729439496994019, 1.6703158617019653, 1.6635531187057495, 1.670956015586853, 1.6730066537857056, 1.6652990579605103, 1.670026421546936, 1.6606922149658203, 1.660072684288025, 1.6589550971984863, 1.6620173454284668, 1.667346715927124, 1.672088623046875, 1.6635733842849731, 1.6751718521118164, 1.6687630414962769, 1.6702791452407837, 1.6696199178695679]",0.6944000124931335,,798715628,,3992100,SGVKB,VAVRT,"[2, 4, 50, 38, 31, 47, 54, 29]","[12, 4, 50, 38, 53, 27, 54, 29]",,0.25,0.125,-1.0,60,0,400,0,0.15,0.0,False,BEST,0.9,True,True,"[[87  0  0 ...  0  0  0]
 [ 0 81  0 ...  0  0  0]
 [ 0  0 67 ...  0  1  0]
 ...
 [ 0  0  0 ... 66  0  0]
 [ 0  0  4 ...  0 54  0]
 [ 0  0  0 ...  0  0 72]]",0.6944,0.706129575,0.6944,0.694960099,44
BNHUXU,,7,20,12,False,False,"[28, 7, 4, 40, 31, 6, 28, 55]",[],"[{'INP': 32}, {'CONV': [64, 3]}, ({'CONV': [64, 5]}, {'CONV': [128, 3]}), ({'CONV': [32, 3]}, {'CONV': [256, 5]}, {'POOLMAX': [-1, 2]}), ({'CONV': [32, 3]}, {'CONV': [128, 3]}), ({'CONV': [128, 5]}, {'CONV': [32, 3]}, {'POOLMAX': [-1, 2]}), ({'CONV': [64, 5]}, {'CONV': [256, 5]}), ({'CONV': [32, 3]}, {'CONV': [256, 3]}, {'POOLMAX': [-1, 2]}), ({'CONV': [64, 5]}, {'CONV': [128, 3]}), ({'CONV': [256, 3]}, {'CONV': [256, 5]}, {'POOLMAX': [-1, 2]}), {'GLOBAL_AVG': None}, {'LAST_DENSE': [100, 'softmax']}]",TPC,NONE,GA,70,"[0.1168999969959259, 0.17149999737739563, 0.25209999084472656, 0.3230000138282776, 0.37380000948905945, 0.40290001034736633, 0.43389999866485596, 0.40959998965263367, 0.47450000047683716, 0.4496999979019165, 0.5062000155448914, 0.44269999861717224, 0.4690999984741211, 0.5015000104904175, 0.5177000164985657, 0.5076000094413757, 0.5565000176429749, 0.5565000176429749, 0.5550000071525574, 0.6118999719619751, 0.5942000150680542, 0.5638999938964844, 0.5889000296592712, 0.5885999798774719, 0.5367000102996826, 0.6254000067710876, 0.6435999870300293, 0.6520000100135803, 0.6430000066757202, 0.6337000131607056, 0.630299985408783, 0.6172999739646912, 0.6571999788284302, 0.6299999952316284, 0.6273999810218811, 0.6413999795913696, 0.6392999887466431, 0.6556000113487244, 0.6510999798774719, 0.6815000176429749, 0.6759999990463257, 0.671999990940094, 0.661899983882904, 0.6633999943733215, 0.6707000136375427, 0.677299976348877, 0.6771000027656555, 0.6883999705314636, 0.6801999807357788, 0.6927000284194946, 0.6847000122070312, 0.6855999827384949, 0.6851000189781189, 0.6854000091552734, 0.6809999942779541, 0.6822999715805054, 0.6870999932289124, 0.6862999796867371, 0.6916000247001648, 0.6841999888420105, 0.6930000185966492, 0.6909999847412109, 0.6906999945640564, 0.6930999755859375, 0.6958000063896179, 0.6929000020027161, 0.6927000284194946, 0.6930999755859375, 0.6929000020027161, 0.6944000124931335]","[4.015476226806641, 3.695059299468994, 3.30916690826416, 2.9277710914611816, 2.7013626098632812, 2.6623058319091797, 2.4854891300201416, 2.7421393394470215, 2.3315727710723877, 2.50427508354187, 2.2356839179992676, 2.5538361072540283, 2.4560940265655518, 2.319977283477783, 2.2800862789154053, 2.3803701400756836, 2.097510814666748, 2.052854061126709, 2.1665103435516357, 1.8651435375213623, 1.9254122972488403, 2.0633513927459717, 1.9255123138427734, 1.9335399866104126, 2.3487625122070312, 1.7938730716705322, 1.696577787399292, 1.6440081596374512, 1.7009209394454956, 1.7656981945037842, 1.7437028884887695, 1.875156044960022, 1.636548638343811, 1.8043441772460938, 1.8140499591827393, 1.7167857885360718, 1.7703551054000854, 1.6918689012527466, 1.7095258235931396, 1.5657614469528198, 1.5993940830230713, 1.6086665391921997, 1.6903960704803467, 1.6660165786743164, 1.6201024055480957, 1.5841549634933472, 1.6008151769638062, 1.5626492500305176, 1.5909420251846313, 1.528988242149353, 1.5978375673294067, 1.5904102325439453, 1.5969055891036987, 1.6054022312164307, 1.6100997924804688, 1.6165298223495483, 1.5981742143630981, 1.6139940023422241, 1.5933340787887573, 1.620297908782959, 1.5849233865737915, 1.6003092527389526, 1.6092853546142578, 1.5919488668441772, 1.589400053024292, 1.5961467027664185, 1.5949947834014893, 1.588858723640442, 1.5873420238494873, 1.5844757556915283]",0.6944000124931335,,473086764,,2448804,,,,,,-1.0,-1.0,-1.0,36,0,400,0,0.09,0.0,False,BEST,0.9,True,True,"[[90  0  0 ...  0  0  0]
 [ 0 80  0 ...  0  0  0]
 [ 0  0 57 ...  0  3  0]
 ...
 [ 0  0  0 ... 69  0  0]
 [ 0  0  1 ...  0 46  0]
 [ 0  0  1 ...  0  0 70]]",0.6945,0.706093371,0.6945,0.694780141,46
BGBIJP,,8,20,6,False,False,"[52, 42, 23, 44, 31, 47, 25, 31]",[],"[{'INP': 32}, {'CONV': [64, 3]}, ({'CONV': [256, 3]}, {'CONV': [128, 3]}), ({'CONV': [128, 5]}, {'CONV': [64, 3]}, {'POOLMAX': [-1, 2]}), ({'CONV': [64, 3]}, {'CONV': [256, 5]}), ({'CONV': [128, 5]}, {'CONV': [128, 3]}, {'POOLMAX': [-1, 2]}), ({'CONV': [64, 5]}, {'CONV': [256, 5]}), ({'CONV': [128, 5]}, {'CONV': [256, 5]}, {'POOLMAX': [-1, 2]}), ({'CONV': [64, 5]}, {'CONV': [32, 5]}), ({'CONV': [64, 5]}, {'CONV': [256, 5]}, {'POOLMAX': [-1, 2]}), {'GLOBAL_AVG': None}, {'LAST_DENSE': [100, 'softmax']}]",TPC,NONE,GA,70,"[0.13429999351501465, 0.14579999446868896, 0.28380000591278076, 0.30809998512268066, 0.3815000057220459, 0.3901999890804291, 0.43650001287460327, 0.45680001378059387, 0.4837000072002411, 0.3596000075340271, 0.4551999866962433, 0.4657000005245209, 0.5095000267028809, 0.48969998955726624, 0.5256999731063843, 0.5497999787330627, 0.5637000203132629, 0.5041999816894531, 0.2484000027179718, 0.5390999913215637, 0.526199996471405, 0.614300012588501, 0.6079000234603882, 0.6015999913215637, 0.6270999908447266, 0.6233999729156494, 0.6209999918937683, 0.6126999855041504, 0.6126000285148621, 0.6347000002861023, 0.6381999850273132, 0.6222000122070312, 0.6065000295639038, 0.6434999704360962, 0.6345000267028809, 0.603600025177002, 0.6302000284194946, 0.6075000166893005, 0.629800021648407, 0.6675000190734863, 0.6718999743461609, 0.6721000075340271, 0.6647999882698059, 0.6662999987602234, 0.6718999743461609, 0.6705999970436096, 0.6797000169754028, 0.6747000217437744, 0.66839998960495, 0.6654000282287598, 0.661300003528595, 0.6660000085830688, 0.6891000270843506, 0.6937999725341797, 0.6845999956130981, 0.684499979019165, 0.6869000196456909, 0.6923999786376953, 0.6884999871253967, 0.6980000138282776, 0.689300000667572, 0.6904000043869019, 0.690500020980835, 0.6924999952316284, 0.6951000094413757, 0.6955999732017517, 0.6927000284194946, 0.7003999948501587, 0.6955000162124634, 0.6945000290870667]","[3.9480862617492676, 4.178600311279297, 3.2009198665618896, 3.1219167709350586, 2.750540018081665, 2.8331053256988525, 2.875499725341797, 2.5416626930236816, 2.3821098804473877, 3.0806446075439453, 2.6238112449645996, 2.6648547649383545, 2.3122408390045166, 2.4003028869628906, 2.226766347885132, 2.1406240463256836, 2.165379524230957, 2.411083459854126, 4.719205856323242, 2.2968528270721436, 2.53308367729187, 1.8991209268569946, 1.9428215026855469, 1.9967056512832642, 1.869154930114746, 1.8548623323440552, 1.8999464511871338, 1.920430064201355, 1.9172382354736328, 1.820608377456665, 1.8405550718307495, 1.8838826417922974, 1.9772394895553589, 1.8018125295639038, 1.8578523397445679, 2.0096616744995117, 1.8420180082321167, 2.011612892150879, 1.8655195236206055, 1.7061467170715332, 1.7007628679275513, 1.6920679807662964, 1.7719497680664062, 1.7313259840011597, 1.7155770063400269, 1.7380422353744507, 1.668446660041809, 1.7108032703399658, 1.7386162281036377, 1.76004159450531, 1.8062373399734497, 1.7562769651412964, 1.6353974342346191, 1.662209391593933, 1.6911472082138062, 1.7085551023483276, 1.684822678565979, 1.6743496656417847, 1.717444896697998, 1.6560131311416626, 1.6941685676574707, 1.7088642120361328, 1.7000000476837158, 1.6972687244415283, 1.673527717590332, 1.6751651763916016, 1.7025036811828613, 1.670514464378357, 1.6795748472213745, 1.7017749547958374]",0.6945000290870667,,1639536812,,5519524,,,,,,-1.0,-1.0,-1.0,27,0,400,0,0.0675,0.0,False,BEST,0.9,True,True,"[[85  0  0 ...  0  1  0]
 [ 0 81  0 ...  0  0  0]
 [ 0  1 63 ...  0  3  0]
 ...
 [ 0  0  0 ... 76  0  0]
 [ 0  0  5 ...  0 47  0]
 [ 0  0  0 ...  0  0 70]]",0.6947,0.708595176,0.6947,0.696187462,75
BQAWWM,,9,20,11,False,False,"[14, 36, 33, 52, 46, 6, 13, 22]",[],"[{'INP': 32}, {'CONV': [64, 3]}, ({'CONV': [32, 5]}, {'CONV': [256, 3]}), ({'CONV': [128, 3]}, {'CONV': [128, 3]}, {'POOLMAX': [-1, 2]}), ({'CONV': [128, 3]}, {'CONV': [32, 5]}), ({'CONV': [256, 3]}, {'CONV': [128, 3]}, {'POOLMAX': [-1, 2]}), ({'CONV': [128, 5]}, {'CONV': [256, 3]}), ({'CONV': [32, 3]}, {'CONV': [256, 3]}, {'POOLMAX': [-1, 2]}), ({'CONV': [32, 5]}, {'CONV': [128, 5]}), ({'CONV': [64, 3]}, {'CONV': [256, 3]}, {'POOLMAX': [-1, 2]}), {'GLOBAL_AVG': None}, {'LAST_DENSE': [100, 'softmax']}]",TPC,NONE,GA,70,"[0.06360000371932983, 0.20819999277591705, 0.22709999978542328, 0.26579999923706055, 0.3400000035762787, 0.387800008058548, 0.3224000036716461, 0.36880001425743103, 0.39879998564720154, 0.4474000036716461, 0.45350000262260437, 0.4991999864578247, 0.4542999863624573, 0.4169999957084656, 0.4860000014305115, 0.5367000102996826, 0.4187999963760376, 0.5314000248908997, 0.5412999987602234, 0.5177000164985657, 0.4925000071525574, 0.527899980545044, 0.554099977016449, 0.5267000198364258, 0.5291000008583069, 0.512499988079071, 0.5055999755859375, 0.5512999892234802, 0.5978000164031982, 0.5995000004768372, 0.6262999773025513, 0.618399977684021, 0.6036999821662903, 0.5992000102996826, 0.5911999940872192, 0.5913000106811523, 0.6207000017166138, 0.6478000283241272, 0.6517999768257141, 0.6455000042915344, 0.6600000262260437, 0.6621999740600586, 0.6410999894142151, 0.6406999826431274, 0.6574000120162964, 0.6621999740600586, 0.6549000144004822, 0.6682000160217285, 0.6700999736785889, 0.6647999882698059, 0.6601999998092651, 0.6751000285148621, 0.6561999917030334, 0.6710000038146973, 0.6699000000953674, 0.6784999966621399, 0.6642000079154968, 0.6725999712944031, 0.6771000027656555, 0.6725000143051147, 0.6872000098228455, 0.6740000247955322, 0.6837999820709229, 0.6815000176429749, 0.6848999857902527, 0.6837000250816345, 0.6815999746322632, 0.6841999888420105, 0.6819000244140625, 0.6829000115394592]","[4.8780083656311035, 3.5706846714019775, 3.410555124282837, 3.452653169631958, 2.897223472595215, 2.643730640411377, 3.213200330734253, 2.854402542114258, 2.7743914127349854, 2.4260454177856445, 2.5230133533477783, 2.2642667293548584, 2.505115509033203, 2.876936912536621, 2.373257875442505, 2.1411032676696777, 2.842867136001587, 2.1499998569488525, 2.1339852809906006, 2.264805555343628, 2.352786064147949, 2.2644762992858887, 2.090327262878418, 2.291660785675049, 2.3144853115081787, 2.304129123687744, 2.4781882762908936, 2.1874337196350098, 1.9453363418579102, 1.9397790431976318, 1.7629908323287964, 1.8410226106643677, 1.9135228395462036, 1.9482672214508057, 1.9515761137008667, 1.9676947593688965, 1.8709373474121094, 1.6716431379318237, 1.6992671489715576, 1.6811519861221313, 1.627769112586975, 1.6183558702468872, 1.7370789051055908, 1.7431035041809082, 1.6432445049285889, 1.6207833290100098, 1.648409128189087, 1.6068588495254517, 1.6030088663101196, 1.6262288093566895, 1.6597734689712524, 1.5855571031570435, 1.6755222082138062, 1.5886166095733643, 1.6117140054702759, 1.5901013612747192, 1.652855634689331, 1.603501796722412, 1.6147874593734741, 1.6290658712387085, 1.5519108772277832, 1.6197296380996704, 1.5776382684707642, 1.5772933959960938, 1.5626369714736938, 1.5657155513763428, 1.5742120742797852, 1.5654715299606323, 1.5769784450531006, 1.576159119606018]",0.6829000115394592,,827688428,,2514980,,,,,,-1.0,-1.0,-1.0,48,0,400,0,0.12,0.0,False,BEST,1.0,True,True,"[[82  0  0 ...  0  0  0]
 [ 0 80  0 ...  0  0  0]
 [ 0  0 53 ...  0  4  0]
 ...
 [ 0  0  0 ... 72  0  0]
 [ 0  0  2 ...  0 50  0]
 [ 0  0  1 ...  0  0 73]]",0.683,0.69448381,0.683,0.682875587,24
BAQVAI,,10,20,7,False,False,"[49, 62, 41, 29, 28, 38, 28, 22]",[],"[{'INP': 32}, {'CONV': [64, 3]}, ({'CONV': [256, 3]}, {'CONV': [32, 5]}), ({'CONV': [256, 5]}, {'CONV': [256, 3]}, {'POOLMAX': [-1, 2]}), ({'CONV': [128, 5]}, {'CONV': [32, 5]}), ({'CONV': [64, 5]}, {'CONV': [128, 5]}, {'POOLMAX': [-1, 2]}), ({'CONV': [64, 5]}, {'CONV': [128, 3]}), ({'CONV': [128, 3]}, {'CONV': [256, 3]}, {'POOLMAX': [-1, 2]}), ({'CONV': [64, 5]}, {'CONV': [128, 3]}), ({'CONV': [64, 3]}, {'CONV': [256, 3]}, {'POOLMAX': [-1, 2]}), {'GLOBAL_AVG': None}, {'LAST_DENSE': [100, 'softmax']}]",TPC,NONE,GA,70,"[0.0868000015616417, 0.13860000669956207, 0.26019999384880066, 0.25110000371932983, 0.37439998984336853, 0.3319999873638153, 0.3822000026702881, 0.4106000065803528, 0.4348999857902527, 0.3871999979019165, 0.4397999942302704, 0.48500001430511475, 0.5012000203132629, 0.49790000915527344, 0.5162000060081482, 0.520799994468689, 0.5078999996185303, 0.49070000648498535, 0.5382999777793884, 0.5059000253677368, 0.546999990940094, 0.5429999828338623, 0.5583999752998352, 0.5631999969482422, 0.5216000080108643, 0.5443999767303467, 0.5548999905586243, 0.573199987411499, 0.6162999868392944, 0.6183000206947327, 0.6309000253677368, 0.6371999979019165, 0.6114000082015991, 0.6261000037193298, 0.6370000243186951, 0.6251999735832214, 0.6205999851226807, 0.6535999774932861, 0.6650999784469604, 0.6654999852180481, 0.6439999938011169, 0.6535999774932861, 0.6624000072479248, 0.6452999711036682, 0.6608999967575073, 0.6761999726295471, 0.673799991607666, 0.6776000261306763, 0.6794999837875366, 0.6769999861717224, 0.6754999756813049, 0.6772000193595886, 0.6764000058174133, 0.6686999797821045, 0.6850000023841858, 0.6848999857902527, 0.6765000224113464, 0.6825000047683716, 0.6827999949455261, 0.6888999938964844, 0.6898000240325928, 0.6848999857902527, 0.6879000067710876, 0.6869999766349792, 0.6919000148773193, 0.6894999742507935, 0.6897000074386597, 0.6927000284194946, 0.6898000240325928, 0.6922000050544739]","[4.3368988037109375, 4.259531497955322, 3.197026491165161, 3.372901201248169, 2.7138946056365967, 3.028507709503174, 2.808123826980591, 2.7168080806732178, 2.539081573486328, 2.886321783065796, 2.5497779846191406, 2.3683114051818848, 2.277631998062134, 2.2845232486724854, 2.2918267250061035, 2.2475883960723877, 2.388533353805542, 2.432323694229126, 2.211275577545166, 2.407853126525879, 2.238147735595703, 2.2397119998931885, 2.151414155960083, 2.1648030281066895, 2.348466634750366, 2.2517032623291016, 2.2599899768829346, 2.154529094696045, 1.9634535312652588, 1.9206771850585938, 1.8822957277297974, 1.8228439092636108, 1.9754109382629395, 1.9326177835464478, 1.8459234237670898, 1.9036036729812622, 1.8896839618682861, 1.7716223001480103, 1.7280529737472534, 1.7208698987960815, 1.8540033102035522, 1.7705984115600586, 1.759929895401001, 1.8359408378601074, 1.7810468673706055, 1.6994917392730713, 1.7075402736663818, 1.6791349649429321, 1.659621238708496, 1.693804144859314, 1.6928142309188843, 1.6987615823745728, 1.696291446685791, 1.766037106513977, 1.684817910194397, 1.673475980758667, 1.7127562761306763, 1.6900200843811035, 1.6996339559555054, 1.6622072458267212, 1.6766142845153809, 1.7039510011672974, 1.688422679901123, 1.6863934993743896, 1.6817023754119873, 1.6941388845443726, 1.6848251819610596, 1.6824116706848145, 1.6945908069610596, 1.6793874502182007]",0.6922000050544739,,1040331948,,5970084,,,,,,-1.0,-1.0,-1.0,44,0,400,0,0.11,0.0,False,BEST,0.3,True,True,"[[84  0  0 ...  0  0  0]
 [ 0 77  0 ...  0  0  0]
 [ 0  0 65 ...  0  1  0]
 ...
 [ 0  0  0 ... 74  0  0]
 [ 0  0  4 ...  0 53  0]
 [ 0  0  0 ...  0  0 72]]",0.6922,0.703800341,0.6922,0.693107911,145
BNVHFM,,11,20,12,False,False,"[51, 62, 23, 6, 39, 44, 54, 54]",[],"[{'INP': 32}, {'CONV': [64, 3]}, ({'CONV': [256, 3]}, {'CONV': [64, 5]}), ({'CONV': [256, 5]}, {'CONV': [256, 3]}, {'POOLMAX': [-1, 2]}), ({'CONV': [64, 3]}, {'CONV': [256, 5]}), ({'CONV': [32, 3]}, {'CONV': [256, 3]}, {'POOLMAX': [-1, 2]}), ({'CONV': [128, 3]}, {'CONV': [256, 5]}), ({'CONV': [128, 5]}, {'CONV': [128, 3]}, {'POOLMAX': [-1, 2]}), ({'CONV': [256, 3]}, {'CONV': [256, 3]}), ({'CONV': [256, 3]}, {'CONV': [256, 3]}, {'POOLMAX': [-1, 2]}), {'GLOBAL_AVG': None}, {'LAST_DENSE': [100, 'softmax']}]",TPC,NONE,GA,70,"[0.10429999977350235, 0.22120000422000885, 0.22589999437332153, 0.3407999873161316, 0.3544999957084656, 0.4339999854564667, 0.4214000105857849, 0.40689998865127563, 0.44609999656677246, 0.4961000084877014, 0.4909999966621399, 0.486299991607666, 0.4941999912261963, 0.5, 0.486299991607666, 0.5875999927520752, 0.5971999764442444, 0.6011999845504761, 0.5884000062942505, 0.5519999861717224, 0.593500018119812, 0.592199981212616, 0.6152999997138977, 0.5633000135421753, 0.6177999973297119, 0.6039999723434448, 0.5751000046730042, 0.5842999815940857, 0.6328999996185303, 0.5848000049591064, 0.6154000163078308, 0.6241000294685364, 0.6241000294685364, 0.5982000231742859, 0.6608999967575073, 0.6608999967575073, 0.650600016117096, 0.6614999771118164, 0.6593999862670898, 0.6359000205993652, 0.6516000032424927, 0.6647999882698059, 0.649399995803833, 0.6789000034332275, 0.6800000071525574, 0.6610999703407288, 0.670799970626831, 0.6765999794006348, 0.6771000027656555, 0.6743000149726868, 0.6930000185966492, 0.6844000220298767, 0.6807000041007996, 0.692300021648407, 0.6898999810218811, 0.6898999810218811, 0.6833999752998352, 0.6862000226974487, 0.6880000233650208, 0.6959999799728394, 0.6912000179290771, 0.6940000057220459, 0.6947000026702881, 0.6891999840736389, 0.6934000253677368, 0.6937000155448914, 0.6929000020027161, 0.6930000185966492, 0.6956999897956848, 0.6963000297546387]","[4.086325168609619, 3.5064828395843506, 3.376499652862549, 2.874556303024292, 2.904449701309204, 2.4760990142822266, 2.5684311389923096, 2.690718412399292, 2.5078022480010986, 2.2794954776763916, 2.3153738975524902, 2.4092259407043457, 2.339431047439575, 2.2924153804779053, 2.4279165267944336, 1.9583021402359009, 1.8747458457946777, 1.8309873342514038, 1.946650743484497, 2.0763394832611084, 1.8716003894805908, 1.8601744174957275, 1.759509563446045, 2.0045106410980225, 1.7568747997283936, 1.816978931427002, 1.9825176000595093, 1.973145842552185, 1.7126359939575195, 1.931930422782898, 1.846555471420288, 1.772927165031433, 1.7565898895263672, 1.9726834297180176, 1.6478244066238403, 1.6407781839370728, 1.698872685432434, 1.6212748289108276, 1.6773005723953247, 1.7737541198730469, 1.665048599243164, 1.649300217628479, 1.7575068473815918, 1.568070650100708, 1.5639108419418335, 1.679801344871521, 1.6172760725021362, 1.6007511615753174, 1.6093332767486572, 1.6295366287231445, 1.5451483726501465, 1.5733931064605713, 1.6082777976989746, 1.5355712175369263, 1.5621150732040405, 1.5591654777526855, 1.608928918838501, 1.6031566858291626, 1.5788363218307495, 1.5470155477523804, 1.575324296951294, 1.5535706281661987, 1.552823543548584, 1.5771335363388062, 1.5550470352172852, 1.5625263452529907, 1.5557842254638672, 1.5576759576797485, 1.5474392175674438, 1.5599664449691772]",0.6963000297546387,,1096765164,,7126564,,,,,,-1.0,-1.0,-1.0,49,0,400,0,0.1225,0.0,False,BEST,1.0,True,True,"[[85  0  1 ...  0  0  1]
 [ 0 80  0 ...  0  0  0]
 [ 1  1 56 ...  0  1  0]
 ...
 [ 0  0  0 ... 69  0  0]
 [ 0  0  2 ...  0 44  0]
 [ 0  0  0 ...  0  0 67]]",0.6964,0.70819973,0.6964,0.697039595,118
BKBDFT,,12,20,6,False,False,"[20, 17, 39, 52, 62, 6, 62, 55]",[],"[{'INP': 32}, {'CONV': [64, 3]}, ({'CONV': [64, 3]}, {'CONV': [128, 3]}), ({'CONV': [64, 3]}, {'CONV': [32, 5]}, {'POOLMAX': [-1, 2]}), ({'CONV': [128, 3]}, {'CONV': [256, 5]}), ({'CONV': [256, 3]}, {'CONV': [128, 3]}, {'POOLMAX': [-1, 2]}), ({'CONV': [256, 5]}, {'CONV': [256, 3]}), ({'CONV': [32, 3]}, {'CONV': [256, 3]}, {'POOLMAX': [-1, 2]}), ({'CONV': [256, 5]}, {'CONV': [256, 3]}), ({'CONV': [256, 3]}, {'CONV': [256, 5]}, {'POOLMAX': [-1, 2]}), {'GLOBAL_AVG': None}, {'LAST_DENSE': [100, 'softmax']}]",TPC,NONE,GA,70,"[0.13210000097751617, 0.17720000445842743, 0.20829999446868896, 0.2919999957084656, 0.3555000126361847, 0.3919999897480011, 0.4115999937057495, 0.4327000081539154, 0.4156999886035919, 0.4320000112056732, 0.46459999680519104, 0.5130000114440918, 0.44589999318122864, 0.5264000296592712, 0.4449999928474426, 0.48339998722076416, 0.5253999829292297, 0.5220000147819519, 0.5446000099182129, 0.5005999803543091, 0.5454999804496765, 0.5692999958992004, 0.5595999956130981, 0.5382000207901001, 0.5752000212669373, 0.5547999739646912, 0.5462999939918518, 0.6141999959945679, 0.6305999755859375, 0.6003000140190125, 0.6082000136375427, 0.6190999746322632, 0.623199999332428, 0.6194999814033508, 0.6334999799728394, 0.6589999794960022, 0.6577000021934509, 0.6363999843597412, 0.652400016784668, 0.654699981212616, 0.6269999742507935, 0.6650000214576721, 0.6743999719619751, 0.6639000177383423, 0.6593000292778015, 0.6674000024795532, 0.671500027179718, 0.652400016784668, 0.6765000224113464, 0.677299976348877, 0.6722000241279602, 0.6793000102043152, 0.6682999730110168, 0.6704999804496765, 0.678600013256073, 0.6790000200271606, 0.6736000180244446, 0.6772000193595886, 0.6782000064849854, 0.6805999875068665, 0.6811000108718872, 0.6796000003814697, 0.6789000034332275, 0.6805999875068665, 0.6807000041007996, 0.6777999997138977, 0.6814000010490417, 0.6794000267982483, 0.6822999715805054, 0.6825000047683716]","[3.9901058673858643, 3.7893714904785156, 3.724398374557495, 3.1136505603790283, 2.8207390308380127, 2.6608011722564697, 2.6184136867523193, 2.565594434738159, 2.6034905910491943, 2.595182180404663, 2.477226972579956, 2.24699330329895, 2.5596442222595215, 2.2122881412506104, 2.682199716567993, 2.4475455284118652, 2.2196578979492188, 2.2380571365356445, 2.164433002471924, 2.4746108055114746, 2.165239095687866, 2.071866512298584, 2.166501522064209, 2.2837648391723633, 2.07916522026062, 2.219414472579956, 2.2237064838409424, 1.911385178565979, 1.8351560831069946, 1.999707579612732, 1.955482006072998, 1.8872936964035034, 1.855926513671875, 1.8844488859176636, 1.8319042921066284, 1.711243748664856, 1.7615783214569092, 1.857663869857788, 1.7794654369354248, 1.7159539461135864, 1.8917211294174194, 1.7309898138046265, 1.6694148778915405, 1.726552128791809, 1.7658040523529053, 1.7268191576004028, 1.6833406686782837, 1.7961621284484863, 1.6903935670852661, 1.6830328702926636, 1.7159031629562378, 1.6651357412338257, 1.721307635307312, 1.7390650510787964, 1.712109923362732, 1.691139817237854, 1.7135086059570312, 1.7169954776763916, 1.7127834558486938, 1.6878637075424194, 1.6955703496932983, 1.7006936073303223, 1.7078101634979248, 1.6977640390396118, 1.7010115385055542, 1.7144325971603394, 1.712926983833313, 1.7160598039627075, 1.7008609771728516, 1.7094674110412598]",0.6825000047683716,,806890092,,5534500,,,,,,-1.0,-1.0,-1.0,31,0,400,0,0.0775,0.0,False,BEST,0.7,True,True,"[[87  0  0 ...  0  0  0]
 [ 0 81  0 ...  0  0  0]
 [ 0  0 59 ...  0  6  0]
 ...
 [ 0  0  0 ... 68  1  0]
 [ 0  0  4 ...  0 51  1]
 [ 0  0  0 ...  0  0 68]]",0.6825,0.695894224,0.6825,0.682909675,14
BLQBGB,,13,20,9,False,False,"[40, 56, 16, 52, 37, 11, 13, 39]",[],"[{'INP': 32}, {'CONV': [64, 3]}, ({'CONV': [128, 5]}, {'CONV': [32, 3]}), ({'CONV': [256, 5]}, {'CONV': [32, 3]}, {'POOLMAX': [-1, 2]}), ({'CONV': [64, 3]}, {'CONV': [32, 3]}), ({'CONV': [256, 3]}, {'CONV': [128, 3]}, {'POOLMAX': [-1, 2]}), ({'CONV': [128, 3]}, {'CONV': [128, 5]}), ({'CONV': [32, 5]}, {'CONV': [64, 5]}, {'POOLMAX': [-1, 2]}), ({'CONV': [32, 5]}, {'CONV': [128, 5]}), ({'CONV': [128, 3]}, {'CONV': [256, 5]}, {'POOLMAX': [-1, 2]}), {'GLOBAL_AVG': None}, {'LAST_DENSE': [100, 'softmax']}]",TPC,NONE,GA,70,"[0.12710000574588776, 0.2718000113964081, 0.3066999912261963, 0.3091999888420105, 0.3846000134944916, 0.399399995803833, 0.42179998755455017, 0.4415000081062317, 0.4715999960899353, 0.4860999882221222, 0.5066999793052673, 0.5246000289916992, 0.5112000107765198, 0.5242000222206116, 0.5501000285148621, 0.4918999969959259, 0.541700005531311, 0.5608000159263611, 0.5085999965667725, 0.5146999955177307, 0.5318999886512756, 0.47929999232292175, 0.5644999742507935, 0.6003999710083008, 0.6137999892234802, 0.6097000241279602, 0.6237000226974487, 0.5928000211715698, 0.6347000002861023, 0.6175000071525574, 0.6392999887466431, 0.5889000296592712, 0.6237000226974487, 0.5777000188827515, 0.6384000182151794, 0.6310999989509583, 0.6675999760627747, 0.6514999866485596, 0.676800012588501, 0.6626999974250793, 0.6726999878883362, 0.6597999930381775, 0.6668999791145325, 0.6444000005722046, 0.666700005531311, 0.6818000078201294, 0.6812000274658203, 0.6808000206947327, 0.6782000064849854, 0.6736999750137329, 0.6845999956130981, 0.6678000092506409, 0.6762999892234802, 0.6865000128746033, 0.6927000284194946, 0.6741999983787537, 0.6855000257492065, 0.6876000165939331, 0.6855000257492065, 0.6811000108718872, 0.6873999834060669, 0.6851999759674072, 0.6894000172615051, 0.6895999908447266, 0.6880999803543091, 0.6888999938964844, 0.6891999840736389, 0.6912999749183655, 0.6875, 0.6909000277519226]","[4.090568542480469, 3.180220603942871, 3.0488545894622803, 3.131431818008423, 2.747364044189453, 2.6864116191864014, 2.766164541244507, 2.496340274810791, 2.4959380626678467, 2.3460259437561035, 2.256166458129883, 2.241981267929077, 2.298462390899658, 2.248234272003174, 2.1110732555389404, 2.4111766815185547, 2.16247820854187, 2.0651612281799316, 2.46356463432312, 2.3358654975891113, 2.3402764797210693, 2.6594178676605225, 2.1173481941223145, 1.9415451288223267, 1.9183428287506104, 1.9135851860046387, 1.8887015581130981, 1.9962326288223267, 1.7865656614303589, 1.8878867626190186, 1.7516539096832275, 2.0748207569122314, 1.85457444190979, 2.236222982406616, 1.7829902172088623, 1.8562134504318237, 1.6450133323669434, 1.7735751867294312, 1.639742136001587, 1.67876136302948, 1.6512374877929688, 1.7160117626190186, 1.6495860815048218, 1.789742350578308, 1.6958484649658203, 1.6341121196746826, 1.6279793977737427, 1.6229299306869507, 1.6789923906326294, 1.6844439506530762, 1.6349661350250244, 1.7198079824447632, 1.6641383171081543, 1.6157164573669434, 1.6080827713012695, 1.6829701662063599, 1.6529916524887085, 1.640334963798523, 1.6699050664901733, 1.6694231033325195, 1.6335053443908691, 1.658671498298645, 1.6385167837142944, 1.6222704648971558, 1.6429771184921265, 1.6430517435073853, 1.6353932619094849, 1.6323435306549072, 1.645573616027832, 1.6338136196136475]",0.6909000277519226,,1055021292,,5028388,,,,,,-1.0,-1.0,-1.0,31,0,400,0,0.0775,0.0,False,BEST,0.7,True,True,"[[88  0  0 ...  0  0  0]
 [ 0 82  0 ...  0  0  0]
 [ 1  0 61 ...  0  1  0]
 ...
 [ 0  0  0 ... 70  0  0]
 [ 0  0  4 ...  0 50  0]
 [ 0  0  0 ...  0  0 72]]",0.6906,0.702966319,0.6906,0.691485995,8
BWNAMS,,14,20,12,False,False,"[49, 20, 39, 43, 39, 38, 54, 39]",[],"[{'INP': 32}, {'CONV': [64, 3]}, ({'CONV': [256, 3]}, {'CONV': [32, 5]}), ({'CONV': [64, 3]}, {'CONV': [128, 3]}, {'POOLMAX': [-1, 2]}), ({'CONV': [128, 3]}, {'CONV': [256, 5]}), ({'CONV': [128, 5]}, {'CONV': [64, 5]}, {'POOLMAX': [-1, 2]}), ({'CONV': [128, 3]}, {'CONV': [256, 5]}), ({'CONV': [128, 3]}, {'CONV': [256, 3]}, {'POOLMAX': [-1, 2]}), ({'CONV': [256, 3]}, {'CONV': [256, 3]}), ({'CONV': [128, 3]}, {'CONV': [256, 5]}, {'POOLMAX': [-1, 2]}), {'GLOBAL_AVG': None}, {'LAST_DENSE': [100, 'softmax']}]",TPC,NONE,GA,70,"[0.08020000159740448, 0.1703999936580658, 0.2290000021457672, 0.2824999988079071, 0.3847000002861023, 0.4235999882221222, 0.38429999351501465, 0.4090000092983246, 0.483599990606308, 0.4332999885082245, 0.4390999972820282, 0.4875999987125397, 0.5203999876976013, 0.4964999854564667, 0.5339000225067139, 0.5181999802589417, 0.5001000165939331, 0.4918000102043152, 0.5318999886512756, 0.4512999951839447, 0.5999000072479248, 0.6096000075340271, 0.6037999987602234, 0.6262000203132629, 0.6108999848365784, 0.6011000275611877, 0.600600004196167, 0.630299985408783, 0.5996000170707703, 0.5828999876976013, 0.6182000041007996, 0.5845999717712402, 0.6276000142097473, 0.6611999869346619, 0.652999997138977, 0.6672999858856201, 0.6748999953269958, 0.6628999710083008, 0.6628000140190125, 0.6661999821662903, 0.6579999923706055, 0.6287000179290771, 0.6782000064849854, 0.6844000220298767, 0.6840000152587891, 0.6845999956130981, 0.6970000267028809, 0.6812000274658203, 0.692799985408783, 0.6791999936103821, 0.6861000061035156, 0.6834999918937683, 0.6962000131607056, 0.6949999928474426, 0.6952999830245972, 0.6953999996185303, 0.6931999921798706, 0.6976000070571899, 0.7027000188827515, 0.7009000182151794, 0.7027999758720398, 0.7031999826431274, 0.7032999992370605, 0.704800009727478, 0.704800009727478, 0.7024000287055969, 0.7039999961853027, 0.704800009727478, 0.703499972820282, 0.7044000029563904]","[4.502758502960205, 3.7536087036132812, 3.575460910797119, 3.3008692264556885, 2.7359392642974854, 2.598228693008423, 2.82952618598938, 2.870527744293213, 2.39902400970459, 2.661688804626465, 2.7632486820220947, 2.4228997230529785, 2.2903831005096436, 2.4352664947509766, 2.246121406555176, 2.3273844718933105, 2.4317820072174072, 2.4918627738952637, 2.300476551055908, 2.924053430557251, 1.9886101484298706, 1.8899672031402588, 1.9892339706420898, 1.8440262079238892, 1.915158748626709, 2.0147781372070312, 1.9687855243682861, 1.8345013856887817, 1.9359662532806396, 2.1401166915893555, 1.9134398698806763, 2.1377477645874023, 1.899678349494934, 1.7381151914596558, 1.7857706546783447, 1.7151572704315186, 1.6670745611190796, 1.7375138998031616, 1.7519917488098145, 1.7332158088684082, 1.7482988834381104, 1.9660307168960571, 1.7084128856658936, 1.69522225856781, 1.671750545501709, 1.6958519220352173, 1.6231244802474976, 1.6774464845657349, 1.6393868923187256, 1.701002597808838, 1.6574211120605469, 1.72175931930542, 1.6494834423065186, 1.6614773273468018, 1.6628118753433228, 1.6481730937957764, 1.691580057144165, 1.6594473123550415, 1.641425371170044, 1.6439597606658936, 1.6520283222198486, 1.6539552211761475, 1.654725193977356, 1.6536359786987305, 1.6542809009552002, 1.6629204750061035, 1.6529359817504883, 1.6604572534561157, 1.6580889225006104, 1.66550874710083]",0.7044000029563904,,455500460,,4999332,,,,,,-1.0,-1.0,-1.0,57,0,400,0,0.1425,0.0,False,BEST,0.3,True,True,"[[87  0  0 ...  0  0  0]
 [ 0 79  0 ...  0  0  0]
 [ 0  1 66 ...  0  1  0]
 ...
 [ 0  0  0 ... 76  0  0]
 [ 0  0  3 ...  0 49  0]
 [ 0  0  0 ...  0  0 79]]",0.7045,0.715469265,0.7045,0.704681181,78
BHQSLI,,15,20,14,False,False,"[14, 60, 18, 38, 4, 47, 47, 31]",[],"[{'INP': 32}, {'CONV': [64, 3]}, ({'CONV': [32, 5]}, {'CONV': [256, 3]}), ({'CONV': [256, 5]}, {'CONV': [128, 3]}, {'POOLMAX': [-1, 2]}), ({'CONV': [64, 3]}, {'CONV': [64, 3]}), ({'CONV': [128, 3]}, {'CONV': [256, 3]}, {'POOLMAX': [-1, 2]}), ({'CONV': [32, 3]}, {'CONV': [128, 3]}), ({'CONV': [128, 5]}, {'CONV': [256, 5]}, {'POOLMAX': [-1, 2]}), ({'CONV': [128, 5]}, {'CONV': [256, 5]}), ({'CONV': [64, 5]}, {'CONV': [256, 5]}, {'POOLMAX': [-1, 2]}), {'GLOBAL_AVG': None}, {'LAST_DENSE': [100, 'softmax']}]",TPC,NONE,GA,70,"[0.11500000208616257, 0.17820000648498535, 0.3005000054836273, 0.3027999997138977, 0.34150001406669617, 0.3840999901294708, 0.40540000796318054, 0.40529999136924744, 0.46970000863075256, 0.4650000035762787, 0.5123999714851379, 0.4641999900341034, 0.45879998803138733, 0.5019999742507935, 0.5169000029563904, 0.5278000235557556, 0.5794000029563904, 0.5863000154495239, 0.5860000252723694, 0.5956000089645386, 0.5982999801635742, 0.5911999940872192, 0.5996999740600586, 0.5584999918937683, 0.6057000160217285, 0.5914999842643738, 0.6021999716758728, 0.5960999727249146, 0.612500011920929, 0.6173999905586243, 0.6425999999046326, 0.6528000235557556, 0.6549999713897705, 0.6557000279426575, 0.6492000222206116, 0.6471999883651733, 0.6617000102996826, 0.6442999839782715, 0.6617000102996826, 0.6640999913215637, 0.6466000080108643, 0.6541000008583069, 0.6550999879837036, 0.6489999890327454, 0.6704999804496765, 0.675000011920929, 0.6873999834060669, 0.6812000274658203, 0.6790000200271606, 0.6728000044822693, 0.6802999973297119, 0.6837000250816345, 0.6717000007629395, 0.6862000226974487, 0.6909999847412109, 0.6848999857902527, 0.6859999895095825, 0.6883999705314636, 0.6933000087738037, 0.698199987411499, 0.6947000026702881, 0.6901000142097473, 0.6958000063896179, 0.6953999996185303, 0.6959999799728394, 0.6944000124931335, 0.6949999928474426, 0.6937999725341797, 0.6934999823570251, 0.6935999989509583]","[4.3350605964660645, 4.1514811515808105, 2.963096857070923, 3.054644823074341, 2.9265551567077637, 2.8509485721588135, 2.7017974853515625, 2.6685917377471924, 2.419020891189575, 2.476447820663452, 2.242375373840332, 2.511507034301758, 2.6526057720184326, 2.3491950035095215, 2.2736635208129883, 2.253401756286621, 2.0225863456726074, 1.9442379474639893, 1.980103850364685, 1.942629098892212, 1.941624402999878, 1.9592761993408203, 1.911746859550476, 2.170393705368042, 1.8998759984970093, 1.9652537107467651, 1.9659918546676636, 1.9991474151611328, 1.9653910398483276, 1.9241610765457153, 1.7861407995224, 1.747110366821289, 1.7315016984939575, 1.745091438293457, 1.7643938064575195, 1.7661203145980835, 1.6981728076934814, 1.8176978826522827, 1.6834784746170044, 1.706744909286499, 1.8245476484298706, 1.8213019371032715, 1.8135297298431396, 1.8551841974258423, 1.73513925075531, 1.7441538572311401, 1.694233775138855, 1.664570689201355, 1.7063523530960083, 1.7286109924316406, 1.7144722938537598, 1.6952357292175293, 1.7915856838226318, 1.6682648658752441, 1.684248685836792, 1.7233843803405762, 1.7220431566238403, 1.697905421257019, 1.7100934982299805, 1.7013150453567505, 1.700319528579712, 1.7154228687286377, 1.7010226249694824, 1.7155572175979614, 1.7163914442062378, 1.704339861869812, 1.7092735767364502, 1.7125390768051147, 1.719630479812622, 1.724509358406067]",0.6935999989509583,,934878956,,6275620,,,,,,-1.0,-1.0,-1.0,65,0,400,0,0.1625,0.0,False,BEST,1.0,True,True,"[[86  0  0 ...  0  0  0]
 [ 0 77  1 ...  0  0  0]
 [ 0  0 55 ...  0  2  0]
 ...
 [ 0  1  0 ... 76  0  0]
 [ 0  0  2 ...  0 49  0]
 [ 0  0  0 ...  0  0 70]]",0.6936,0.706601429,0.6936,0.694817353,9
BFZWPK,,16,20,13,False,False,"[46, 4, 12, 15, 47, 4, 15, 31]",[],"[{'INP': 32}, {'CONV': [64, 3]}, ({'CONV': [128, 5]}, {'CONV': [256, 3]}), ({'CONV': [32, 3]}, {'CONV': [128, 3]}, {'POOLMAX': [-1, 2]}), ({'CONV': [32, 5]}, {'CONV': [128, 3]}), ({'CONV': [32, 5]}, {'CONV': [256, 5]}, {'POOLMAX': [-1, 2]}), ({'CONV': [128, 5]}, {'CONV': [256, 5]}), ({'CONV': [32, 3]}, {'CONV': [128, 3]}, {'POOLMAX': [-1, 2]}), ({'CONV': [32, 5]}, {'CONV': [256, 5]}), ({'CONV': [64, 5]}, {'CONV': [256, 5]}, {'POOLMAX': [-1, 2]}), {'GLOBAL_AVG': None}, {'LAST_DENSE': [100, 'softmax']}]",TPC,NONE,GA,70,"[0.12290000170469284, 0.2092999964952469, 0.32690000534057617, 0.34929999709129333, 0.38199999928474426, 0.4507000148296356, 0.41429999470710754, 0.43149998784065247, 0.4690000116825104, 0.4645000100135803, 0.4952000081539154, 0.5101000070571899, 0.4921000003814697, 0.5033000111579895, 0.47600001096725464, 0.506600022315979, 0.5248000025749207, 0.5460000038146973, 0.5157999992370605, 0.5187000036239624, 0.5467000007629395, 0.5870000123977661, 0.5546000003814697, 0.5304999947547913, 0.5940999984741211, 0.5078999996185303, 0.5741000175476074, 0.5411999821662903, 0.6050000190734863, 0.5956000089645386, 0.6104999780654907, 0.5874999761581421, 0.5550000071525574, 0.5788999795913696, 0.6481999754905701, 0.6633999943733215, 0.6396999955177307, 0.6283000111579895, 0.6013000011444092, 0.6277999877929688, 0.6525999903678894, 0.664900004863739, 0.6819000244140625, 0.6808000206947327, 0.6800000071525574, 0.6859999895095825, 0.6858999729156494, 0.6690999865531921, 0.6725000143051147, 0.6814000010490417, 0.6844000220298767, 0.6815999746322632, 0.6722999811172485, 0.6596999764442444, 0.663100004196167, 0.6937999725341797, 0.6851000189781189, 0.6913999915122986, 0.6779999732971191, 0.6593999862670898, 0.6801000237464905, 0.6995999813079834, 0.6948000192642212, 0.6995000243186951, 0.6948999762535095, 0.6966000199317932, 0.6937000155448914, 0.7014999985694885, 0.6930999755859375, 0.7034000158309937]","[4.149172306060791, 3.486867666244507, 2.882009744644165, 2.8976471424102783, 2.8098602294921875, 2.4514334201812744, 2.7151715755462646, 2.609227418899536, 2.4038093090057373, 2.5172176361083984, 2.354038953781128, 2.3001227378845215, 2.4153881072998047, 2.333813190460205, 2.549795389175415, 2.373063564300537, 2.299875497817993, 2.1983258724212646, 2.5350229740142822, 2.553173542022705, 2.24316143989563, 2.059739112854004, 2.1916065216064453, 2.384918212890625, 2.0368921756744385, 2.6023874282836914, 2.1693239212036133, 2.3124332427978516, 2.029320240020752, 2.033102035522461, 2.0505409240722656, 2.1358516216278076, 2.349595069885254, 2.136017084121704, 1.841973066329956, 1.746233344078064, 1.8906782865524292, 1.9838064908981323, 2.113001585006714, 1.9220527410507202, 1.7645866870880127, 1.7686667442321777, 1.6801091432571411, 1.6761046648025513, 1.6763396263122559, 1.6821459531784058, 1.661836862564087, 1.7549673318862915, 1.7516582012176514, 1.6922314167022705, 1.6559256315231323, 1.6842232942581177, 1.7854933738708496, 1.8409814834594727, 1.8201020956039429, 1.6478009223937988, 1.6478767395019531, 1.6544290781021118, 1.733198881149292, 1.8694560527801514, 1.7465181350708008, 1.608437418937683, 1.6550403833389282, 1.6501853466033936, 1.6837679147720337, 1.7011082172393799, 1.727218747138977, 1.6486583948135376, 1.7364250421524048, 1.6539206504821777]",0.7034000158309937,,1482295596,,4947876,,,,,,-1.0,-1.0,-1.0,44,0,400,0,0.11,0.0,False,BEST,0.95,True,True,"[[84  0  0 ...  0  0  0]
 [ 0 81  0 ...  0  0  0]
 [ 0  1 61 ...  0  1  0]
 ...
 [ 0  0  0 ... 73  1  0]
 [ 0  0  2 ...  0 51  0]
 [ 0  0  0 ...  0  0 74]]",0.7034,0.716004116,0.7034,0.70390246,2
BICGYI,,17,20,13,False,False,"[8, 12, 23, 46, 46, 6, 47, 22]",[],"[{'INP': 32}, {'CONV': [64, 3]}, ({'CONV': [32, 5]}, {'CONV': [32, 3]}), ({'CONV': [32, 5]}, {'CONV': [128, 3]}, {'POOLMAX': [-1, 2]}), ({'CONV': [64, 3]}, {'CONV': [256, 5]}), ({'CONV': [128, 5]}, {'CONV': [256, 3]}, {'POOLMAX': [-1, 2]}), ({'CONV': [128, 5]}, {'CONV': [256, 3]}), ({'CONV': [32, 3]}, {'CONV': [256, 3]}, {'POOLMAX': [-1, 2]}), ({'CONV': [128, 5]}, {'CONV': [256, 5]}), ({'CONV': [64, 3]}, {'CONV': [256, 3]}, {'POOLMAX': [-1, 2]}), {'GLOBAL_AVG': None}, {'LAST_DENSE': [100, 'softmax']}]",TPC,NONE,GA,70,"[0.09440000355243683, 0.17299999296665192, 0.2802000045776367, 0.27459999918937683, 0.2847999930381775, 0.3625999987125397, 0.39809998869895935, 0.4323999881744385, 0.4350000023841858, 0.42969998717308044, 0.45809999108314514, 0.46709999442100525, 0.47620001435279846, 0.4932999908924103, 0.5286999940872192, 0.47209998965263367, 0.5365999937057495, 0.5443999767303467, 0.5580000281333923, 0.46540001034736633, 0.5483999848365784, 0.5493999719619751, 0.5651999711990356, 0.5406000018119812, 0.5559999942779541, 0.5138999819755554, 0.553600013256073, 0.5651999711990356, 0.6266999840736389, 0.6305999755859375, 0.6305999755859375, 0.6155999898910522, 0.6147000193595886, 0.6212000250816345, 0.6187999844551086, 0.642799973487854, 0.6409000158309937, 0.6146000027656555, 0.6184999942779541, 0.6370999813079834, 0.6363999843597412, 0.666100025177002, 0.6633999943733215, 0.6644999980926514, 0.6621999740600586, 0.6449999809265137, 0.6593000292778015, 0.6797999739646912, 0.6672999858856201, 0.6844000220298767, 0.6748999953269958, 0.6775000095367432, 0.695900022983551, 0.6919000148773193, 0.6820999979972839, 0.682699978351593, 0.6822999715805054, 0.6793000102043152, 0.6952999830245972, 0.6917999982833862, 0.6947000026702881, 0.6930000185966492, 0.6941999793052673, 0.6941999793052673, 0.692300021648407, 0.6972000002861023, 0.692300021648407, 0.6938999891281128, 0.6948000192642212, 0.6944000124931335]","[4.321893692016602, 3.8184726238250732, 3.1737022399902344, 3.308884859085083, 3.388880968093872, 2.964311122894287, 2.8167121410369873, 2.5840346813201904, 2.6737866401672363, 2.6765661239624023, 2.542391061782837, 2.4879205226898193, 2.478140115737915, 2.4446334838867188, 2.2555553913116455, 2.6456458568573, 2.255064010620117, 2.219249725341797, 2.1904420852661133, 2.8813397884368896, 2.2503106594085693, 2.267442226409912, 2.1862401962280273, 2.2910993099212646, 2.296203851699829, 2.5198278427124023, 2.292006015777588, 2.252525806427002, 1.9472534656524658, 1.9340165853500366, 1.9280463457107544, 1.9849883317947388, 1.969838261604309, 1.9669880867004395, 1.9602454900741577, 1.8819669485092163, 1.8856555223464966, 2.0089192390441895, 2.0337374210357666, 1.912239670753479, 1.9107742309570312, 1.7966222763061523, 1.8156107664108276, 1.831791639328003, 1.8051033020019531, 1.9478687047958374, 1.8472697734832764, 1.753710150718689, 1.8785853385925293, 1.7438297271728516, 1.7643660306930542, 1.755268931388855, 1.6683236360549927, 1.7336703538894653, 1.7646619081497192, 1.7744230031967163, 1.7831966876983643, 1.7727820873260498, 1.72195565700531, 1.7443324327468872, 1.7357348203659058, 1.7411599159240723, 1.752903699874878, 1.7436972856521606, 1.764541745185852, 1.7476537227630615, 1.75505530834198, 1.7556201219558716, 1.7588683366775513, 1.756151556968689]",0.6944000124931335,,3121396588,,9575716,,,,,,-1.0,-1.0,-1.0,46,0,400,0,0.115,0.0,False,BEST,1.0,True,True,"[[86  0  0 ...  0  0  0]
 [ 0 80  0 ...  0  0  0]
 [ 0  0 63 ...  0  1  0]
 ...
 [ 0  0  0 ... 71  1  0]
 [ 0  0  3 ...  0 45  1]
 [ 0  0  0 ...  0  0 69]]",0.6945,0.70690014,0.6945,0.69552166,3
BKAOYK,,18,20,10,False,False,"[45, 54, 37, 38, 62, 44, 13, 22]",[],"[{'INP': 32}, {'CONV': [64, 3]}, ({'CONV': [128, 5]}, {'CONV': [128, 5]}), ({'CONV': [256, 3]}, {'CONV': [256, 3]}, {'POOLMAX': [-1, 2]}), ({'CONV': [128, 3]}, {'CONV': [128, 5]}), ({'CONV': [128, 3]}, {'CONV': [256, 3]}, {'POOLMAX': [-1, 2]}), ({'CONV': [256, 5]}, {'CONV': [256, 3]}), ({'CONV': [128, 5]}, {'CONV': [128, 3]}, {'POOLMAX': [-1, 2]}), ({'CONV': [32, 5]}, {'CONV': [128, 5]}), ({'CONV': [64, 3]}, {'CONV': [256, 3]}, {'POOLMAX': [-1, 2]}), {'GLOBAL_AVG': None}, {'LAST_DENSE': [100, 'softmax']}]",TPC,NONE,GA,70,"[0.11339999735355377, 0.16930000483989716, 0.22370000183582306, 0.31690001487731934, 0.26820001006126404, 0.3544999957084656, 0.3443000018596649, 0.4399000108242035, 0.4713999927043915, 0.46320000290870667, 0.49070000648498535, 0.48669999837875366, 0.5264999866485596, 0.46000000834465027, 0.49480000138282776, 0.5230000019073486, 0.4959000051021576, 0.5059000253677368, 0.6064000129699707, 0.5957000255584717, 0.5766000151634216, 0.6226999759674072, 0.6026999950408936, 0.6025000214576721, 0.5981000065803528, 0.6269999742507935, 0.565500020980835, 0.6111000180244446, 0.6068000197410583, 0.6189000010490417, 0.6115000247955322, 0.6437000036239624, 0.6520000100135803, 0.6687999963760376, 0.6761000156402588, 0.6534000039100647, 0.6639000177383423, 0.6561999917030334, 0.660099983215332, 0.6588000059127808, 0.6783000230789185, 0.6905999779701233, 0.6833000183105469, 0.6771000027656555, 0.682200014591217, 0.6829000115394592, 0.6808000206947327, 0.6823999881744385, 0.6913999915122986, 0.6786999702453613, 0.6802999973297119, 0.6884999871253967, 0.6931999921798706, 0.697700023651123, 0.6906999945640564, 0.6934999823570251, 0.6952999830245972, 0.6952999830245972, 0.6949999928474426, 0.6933000087738037, 0.6976000070571899, 0.6970999836921692, 0.6958000063896179, 0.6960999965667725, 0.6977999806404114, 0.696399986743927, 0.6948000192642212, 0.6952000260353088, 0.6956999897956848, 0.6959999799728394]","[4.021332263946533, 3.7451424598693848, 3.549790620803833, 3.067385673522949, 3.750709295272827, 3.1166458129882812, 3.021466016769409, 2.598691701889038, 2.420173406600952, 2.4805045127868652, 2.3291831016540527, 2.344130277633667, 2.199068069458008, 2.6097655296325684, 2.4465229511260986, 2.294374465942383, 2.4406325817108154, 2.39263653755188, 1.9135793447494507, 1.9132368564605713, 2.0693602561950684, 1.8155109882354736, 1.920654296875, 1.946576714515686, 2.006401777267456, 1.8099912405014038, 2.112713098526001, 1.9321140050888062, 1.949049949645996, 1.8625853061676025, 1.9184935092926025, 1.8032581806182861, 1.7764201164245605, 1.6658179759979248, 1.6200836896896362, 1.763927698135376, 1.7111310958862305, 1.7249470949172974, 1.7037103176116943, 1.7305611371994019, 1.6513653993606567, 1.5922175645828247, 1.634212851524353, 1.6796964406967163, 1.6841086149215698, 1.6581321954727173, 1.6495765447616577, 1.674994707107544, 1.611419677734375, 1.7002804279327393, 1.7015069723129272, 1.6533211469650269, 1.6393029689788818, 1.6126713752746582, 1.6564935445785522, 1.6417185068130493, 1.6282691955566406, 1.628585934638977, 1.6313122510910034, 1.6498427391052246, 1.6347253322601318, 1.6337374448776245, 1.651703119277954, 1.6414880752563477, 1.6407884359359741, 1.6456562280654907, 1.649397850036621, 1.6461892127990723, 1.6448248624801636, 1.6454087495803833]",0.6959999799728394,,440824172,,3161380,,,,,,-1.0,-1.0,-1.0,36,0,400,0,0.09,0.0,False,BEST,0.95,True,True,"[[84  0  1 ...  0  0  0]
 [ 0 85  0 ...  0  0  0]
 [ 0  0 68 ...  0  1  0]
 ...
 [ 0  0  0 ... 71  0  0]
 [ 0  0  5 ...  0 49  1]
 [ 0  0  0 ...  0  0 71]]",0.6959,0.706953749,0.6959,0.69679362,81
BFXOQO,,19,20,11,False,False,"[37, 36, 23, 2, 46, 11, 47, 15]",[],"[{'INP': 32}, {'CONV': [64, 3]}, ({'CONV': [128, 3]}, {'CONV': [128, 5]}), ({'CONV': [128, 3]}, {'CONV': [128, 3]}, {'POOLMAX': [-1, 2]}), ({'CONV': [64, 3]}, {'CONV': [256, 5]}), ({'CONV': [32, 3]}, {'CONV': [64, 3]}, {'POOLMAX': [-1, 2]}), ({'CONV': [128, 5]}, {'CONV': [256, 3]}), ({'CONV': [32, 5]}, {'CONV': [64, 5]}, {'POOLMAX': [-1, 2]}), ({'CONV': [128, 5]}, {'CONV': [256, 5]}), ({'CONV': [32, 5]}, {'CONV': [256, 5]}, {'POOLMAX': [-1, 2]}), {'GLOBAL_AVG': None}, {'LAST_DENSE': [100, 'softmax']}]",TPC,NONE,GA,70,"[0.1362999975681305, 0.1800999939441681, 0.2353000044822693, 0.3497999906539917, 0.3481999933719635, 0.3944999873638153, 0.37299999594688416, 0.3824999928474426, 0.4499000012874603, 0.4512999951839447, 0.4253000020980835, 0.48240000009536743, 0.48420000076293945, 0.5080999732017517, 0.4521999955177307, 0.4577000141143799, 0.49799999594688416, 0.47369998693466187, 0.5375999808311462, 0.5181999802589417, 0.5407999753952026, 0.5297999978065491, 0.47029998898506165, 0.5584999918937683, 0.542900025844574, 0.5164999961853027, 0.5318999886512756, 0.5579000115394592, 0.5759000182151794, 0.5289000272750854, 0.5033000111579895, 0.5419999957084656, 0.571399986743927, 0.5871000289916992, 0.593500018119812, 0.5947999954223633, 0.5824000239372253, 0.5920000076293945, 0.5572999715805054, 0.5228999853134155, 0.5457000136375427, 0.5637999773025513, 0.5091000199317932, 0.6039000153541565, 0.6288999915122986, 0.6506999731063843, 0.6328999996185303, 0.6315000057220459, 0.6202999949455261, 0.6281999945640564, 0.6100000143051147, 0.6761999726295471, 0.6553000211715698, 0.6743000149726868, 0.6499999761581421, 0.6736000180244446, 0.6672999858856201, 0.6815000176429749, 0.6859999895095825, 0.6913999915122986, 0.6873999834060669, 0.6916000247001648, 0.6887999773025513, 0.6682000160217285, 0.6862000226974487, 0.6913999915122986, 0.6974999904632568, 0.6891000270843506, 0.6861000061035156, 0.6753000020980835]","[3.841341733932495, 3.554769515991211, 3.3229737281799316, 2.758023738861084, 2.8581275939941406, 2.684539556503296, 2.8330183029174805, 2.82110333442688, 2.4617819786071777, 2.5079123973846436, 2.6595802307128906, 2.384816884994507, 2.4319775104522705, 2.307420253753662, 2.6924145221710205, 2.7277371883392334, 2.334331750869751, 2.5724761486053467, 2.1862549781799316, 2.3026626110076904, 2.2440807819366455, 2.369652509689331, 2.664886713027954, 2.1444895267486572, 2.330509662628174, 2.4087276458740234, 2.3084075450897217, 2.1802680492401123, 2.100371837615967, 2.3851733207702637, 2.6063296794891357, 2.4074699878692627, 2.1426219940185547, 2.0724034309387207, 2.0496935844421387, 2.057705879211426, 2.132157325744629, 2.037954807281494, 2.3006138801574707, 2.5286881923675537, 2.345674753189087, 2.2803800106048584, 2.612187623977661, 2.1307241916656494, 1.9032591581344604, 1.8313324451446533, 1.9047150611877441, 1.943485140800476, 2.013082504272461, 1.9523687362670898, 1.9945658445358276, 1.683489441871643, 1.8238414525985718, 1.711580514907837, 1.81819486618042, 1.7159112691879272, 1.7821873426437378, 1.7117812633514404, 1.684220552444458, 1.680505633354187, 1.6811214685440063, 1.6753171682357788, 1.706659197807312, 1.8232479095458984, 1.7155355215072632, 1.7055296897888184, 1.665903925895691, 1.6961777210235596, 1.7150450944900513, 1.7879525423049927]",0.6753000020980835,,895129836,,2922020,,,,,,-1.0,-1.0,-1.0,40,0,400,0,0.1,0.0,False,BEST,0.9,True,True,"[[73  0  0 ...  0  0  0]
 [ 0 77  0 ...  0  0  0]
 [ 0  0 60 ...  0  3  0]
 ...
 [ 0  0  0 ... 68  0  0]
 [ 0  0  5 ...  0 46  0]
 [ 0  0  1 ...  0  0 75]]",0.6753,0.695985452,0.6753,0.676459895,108
BPOIUH,,20,20,14,False,False,"[38, 6, 23, 29, 30, 6, 8, 31]",[],"[{'INP': 32}, {'CONV': [64, 3]}, ({'CONV': [128, 3]}, {'CONV': [256, 3]}), ({'CONV': [32, 3]}, {'CONV': [256, 3]}, {'POOLMAX': [-1, 2]}), ({'CONV': [64, 3]}, {'CONV': [256, 5]}), ({'CONV': [64, 5]}, {'CONV': [128, 5]}, {'POOLMAX': [-1, 2]}), ({'CONV': [64, 5]}, {'CONV': [256, 3]}), ({'CONV': [32, 3]}, {'CONV': [256, 3]}, {'POOLMAX': [-1, 2]}), ({'CONV': [32, 5]}, {'CONV': [32, 3]}), ({'CONV': [64, 5]}, {'CONV': [256, 5]}, {'POOLMAX': [-1, 2]}), {'GLOBAL_AVG': None}, {'LAST_DENSE': [100, 'softmax']}]",TPC,NONE,GA,70,"[0.10429999977350235, 0.2134999930858612, 0.2752000093460083, 0.2750999927520752, 0.36800000071525574, 0.365200012922287, 0.43849998712539673, 0.4099000096321106, 0.4399000108242035, 0.38690000772476196, 0.46939998865127563, 0.45890000462532043, 0.5016000270843506, 0.4756999909877777, 0.44999998807907104, 0.45320001244544983, 0.5268999934196472, 0.5113999843597412, 0.548799991607666, 0.5052000284194946, 0.5088000297546387, 0.5443000197410583, 0.5651000142097473, 0.5565999746322632, 0.5231999754905701, 0.574400007724762, 0.5400000214576721, 0.5299000144004822, 0.5490999817848206, 0.5461000204086304, 0.554099977016449, 0.6226999759674072, 0.6306999921798706, 0.6097999811172485, 0.6309000253677368, 0.6223000288009644, 0.6208999752998352, 0.6183000206947327, 0.6007999777793884, 0.6373999714851379, 0.6256999969482422, 0.6230999827384949, 0.6455000042915344, 0.6444000005722046, 0.6388000249862671, 0.6351000070571899, 0.6172000169754028, 0.6384999752044678, 0.6187000274658203, 0.6657999753952026, 0.6664999723434448, 0.6769000291824341, 0.6766999959945679, 0.6596999764442444, 0.6640999913215637, 0.6757000088691711, 0.6430000066757202, 0.6714000105857849, 0.6718000173568726, 0.675599992275238, 0.6761000156402588, 0.6766999959945679, 0.6823999881744385, 0.6834999918937683, 0.6886000037193298, 0.6848000288009644, 0.6888999938964844, 0.6858000159263611, 0.6897000074386597, 0.6833000183105469]","[4.259164810180664, 3.423678159713745, 3.1241652965545654, 3.2735354900360107, 2.7603585720062256, 2.7550854682922363, 2.446277379989624, 2.5714926719665527, 2.529431104660034, 2.9064784049987793, 2.419987201690674, 2.5984885692596436, 2.2777786254882812, 2.4473185539245605, 2.7578518390655518, 2.6009082794189453, 2.175313949584961, 2.2854368686676025, 2.1509711742401123, 2.323458433151245, 2.341567277908325, 2.207958698272705, 2.118800640106201, 2.1804633140563965, 2.309612274169922, 2.0512516498565674, 2.2939453125, 2.3126182556152344, 2.230304718017578, 2.2413454055786133, 2.2242908477783203, 1.889966607093811, 1.8735464811325073, 1.995481252670288, 1.867535948753357, 1.8395631313323975, 1.8769298791885376, 1.8944629430770874, 2.0096311569213867, 1.8473505973815918, 1.836950421333313, 1.8641791343688965, 1.7680796384811401, 1.7549492120742798, 1.8180232048034668, 1.8512991666793823, 1.9545907974243164, 1.8419349193572998, 1.9757933616638184, 1.7200465202331543, 1.7200701236724854, 1.6649539470672607, 1.6754688024520874, 1.7626619338989258, 1.7378230094909668, 1.6761915683746338, 1.9133777618408203, 1.7425206899642944, 1.7168503999710083, 1.7441306114196777, 1.6977328062057495, 1.7107287645339966, 1.696536898612976, 1.6856769323349, 1.6673468351364136, 1.7063233852386475, 1.6833374500274658, 1.692807674407959, 1.6859087944030762, 1.717893123626709]",0.6833000183105469,,419738028,,3702436,,,,,,-1.0,-1.0,-1.0,58,0,400,0,0.145,0.0,False,BEST,0.5,True,True,"[[82  0  0 ...  0  0  0]
 [ 0 81  0 ...  0  0  0]
 [ 0  1 57 ...  0  3  0]
 ...
 [ 0  0  0 ... 67  0  0]
 [ 0  0  3 ...  0 42  0]
 [ 0  0  0 ...  0  0 69]]",0.6834,0.698879691,0.6834,0.684881411,113
BLFCVW,,21,20,8,False,False,"[7, 59, 20, 38, 26, 38, 14, 31]",[],"[{'INP': 32}, {'CONV': [64, 3]}, ({'CONV': [32, 3]}, {'CONV': [256, 5]}), ({'CONV': [256, 5]}, {'CONV': [64, 5]}, {'POOLMAX': [-1, 2]}), ({'CONV': [64, 3]}, {'CONV': [128, 3]}), ({'CONV': [128, 3]}, {'CONV': [256, 3]}, {'POOLMAX': [-1, 2]}), ({'CONV': [64, 5]}, {'CONV': [64, 3]}), ({'CONV': [128, 3]}, {'CONV': [256, 3]}, {'POOLMAX': [-1, 2]}), ({'CONV': [32, 5]}, {'CONV': [256, 3]}), ({'CONV': [64, 5]}, {'CONV': [256, 5]}, {'POOLMAX': [-1, 2]}), {'GLOBAL_AVG': None}, {'LAST_DENSE': [100, 'softmax']}]",TPC,NONE,GA,70,"[0.11089999973773956, 0.13840000331401825, 0.27390000224113464, 0.3328999876976013, 0.36559998989105225, 0.38040000200271606, 0.38029998540878296, 0.4936000108718872, 0.49619999527931213, 0.4462999999523163, 0.4991999864578247, 0.4945000112056732, 0.5170000195503235, 0.5777999758720398, 0.5444999933242798, 0.5465999841690063, 0.59170001745224, 0.5627999901771545, 0.5769000053405762, 0.5569999814033508, 0.623199999332428, 0.5934000015258789, 0.6126000285148621, 0.59170001745224, 0.6209999918937683, 0.6200000047683716, 0.6456000208854675, 0.6567000150680542, 0.6621000170707703, 0.6567999720573425, 0.6725999712944031, 0.6550999879837036, 0.6410999894142151, 0.6504999995231628, 0.6434999704360962, 0.6717000007629395, 0.6789000034332275, 0.6866999864578247, 0.6847000122070312, 0.6819000244140625, 0.6848999857902527, 0.6940000057220459, 0.7028999924659729, 0.6984000205993652, 0.6960999965667725, 0.6881999969482422, 0.690500020980835, 0.6887000203132629, 0.6998999714851379, 0.6965000033378601, 0.7010999917984009, 0.6938999891281128, 0.6930000185966492, 0.6984999775886536, 0.6985999941825867, 0.699999988079071, 0.6996999979019165, 0.6977999806404114, 0.7010999917984009, 0.7006999850273132, 0.7001000046730042, 0.6998999714851379, 0.6998000144958496, 0.701200008392334, 0.6992999911308289, 0.7017999887466431, 0.7020000219345093, 0.7019000053405762, 0.7009000182151794, 0.7003999948501587]","[4.254812240600586, 7.119477272033691, 3.1114978790283203, 2.9491705894470215, 2.812387228012085, 2.7412970066070557, 2.889087200164795, 2.269826889038086, 2.330728054046631, 2.6413543224334717, 2.3353848457336426, 2.3332324028015137, 2.2766940593719482, 1.9937214851379395, 2.177579164505005, 2.1372790336608887, 1.908205509185791, 2.053279399871826, 2.0089550018310547, 2.121778726577759, 1.7870426177978516, 1.9311468601226807, 1.8504489660263062, 2.0283780097961426, 1.83292555809021, 1.867809772491455, 1.7778996229171753, 1.7146148681640625, 1.7011045217514038, 1.7258316278457642, 1.652137279510498, 1.7316203117370605, 1.849483609199524, 1.7611891031265259, 1.8244527578353882, 1.6716841459274292, 1.6759225130081177, 1.6564515829086304, 1.6592859029769897, 1.7003203630447388, 1.6612597703933716, 1.6437349319458008, 1.6241662502288818, 1.660688042640686, 1.676344394683838, 1.7329134941101074, 1.686692237854004, 1.7110941410064697, 1.6745277643203735, 1.7112683057785034, 1.6774078607559204, 1.7143793106079102, 1.7291826009750366, 1.6987500190734863, 1.709706425666809, 1.7058390378952026, 1.6916779279708862, 1.7042790651321411, 1.6862306594848633, 1.6900980472564697, 1.6974238157272339, 1.690463900566101, 1.7022572755813599, 1.7008607387542725, 1.7021232843399048, 1.7031776905059814, 1.6924183368682861, 1.6939339637756348, 1.7030454874038696, 1.7042738199234009]",0.7003999948501587,,485184940,,2626212,,,,,,-1.0,-1.0,-1.0,48,0,400,0,0.12,0.0,False,BEST,0.9,True,True,"[[87  0  0 ...  0  0  0]
 [ 0 82  0 ...  0  0  0]
 [ 0  0 57 ...  0  3  0]
 ...
 [ 0  0  0 ... 69  0  0]
 [ 0  0  4 ...  0 56  1]
 [ 0  0  0 ...  0  0 70]]",0.7003,0.714069387,0.7003,0.701716343,1
BNVVGY,,22,20,13,False,False,"[38, 36, 20, 29, 43, 7, 28, 39]",[],"[{'INP': 32}, {'CONV': [64, 3]}, ({'CONV': [128, 3]}, {'CONV': [256, 3]}), ({'CONV': [128, 3]}, {'CONV': [128, 3]}, {'POOLMAX': [-1, 2]}), ({'CONV': [64, 3]}, {'CONV': [128, 3]}), ({'CONV': [64, 5]}, {'CONV': [128, 5]}, {'POOLMAX': [-1, 2]}), ({'CONV': [128, 5]}, {'CONV': [64, 5]}), ({'CONV': [32, 3]}, {'CONV': [256, 5]}, {'POOLMAX': [-1, 2]}), ({'CONV': [64, 5]}, {'CONV': [128, 3]}), ({'CONV': [128, 3]}, {'CONV': [256, 5]}, {'POOLMAX': [-1, 2]}), {'GLOBAL_AVG': None}, {'LAST_DENSE': [100, 'softmax']}]",TPC,NONE,GA,70,"[0.12460000067949295, 0.19189999997615814, 0.2393999993801117, 0.3246999979019165, 0.36000001430511475, 0.4251999855041504, 0.3619999885559082, 0.42980000376701355, 0.4325999915599823, 0.5153999924659729, 0.4674000144004822, 0.5094000101089478, 0.5030999779701233, 0.5293999910354614, 0.5103999972343445, 0.4984999895095825, 0.5145000219345093, 0.5424000024795532, 0.54339998960495, 0.6136000156402588, 0.590499997138977, 0.6079000234603882, 0.6215000152587891, 0.6025999784469604, 0.607200026512146, 0.621999979019165, 0.6096000075340271, 0.6233000159263611, 0.6419000029563904, 0.6528000235557556, 0.6496000289916992, 0.6629999876022339, 0.6496999859809875, 0.6589999794960022, 0.6622999906539917, 0.661300003528595, 0.6498000025749207, 0.6726999878883362, 0.6729999780654907, 0.6741999983787537, 0.6830000281333923, 0.676800012588501, 0.6764000058174133, 0.670799970626831, 0.6735000014305115, 0.6830999851226807, 0.6753000020980835, 0.6786999702453613, 0.6815999746322632, 0.6604999899864197, 0.6736000180244446, 0.6855000257492065, 0.6858000159263611, 0.6897000074386597, 0.6863999962806702, 0.683899998664856, 0.6887999773025513, 0.6883999705314636, 0.6926000118255615, 0.6866999864578247, 0.6886000037193298, 0.6895999908447266, 0.6891999840736389, 0.6888999938964844, 0.6890000104904175, 0.6897000074386597, 0.6902999877929688, 0.6894000172615051, 0.6897000074386597, 0.6901999711990356]","[3.923874616622925, 3.672818660736084, 3.3467557430267334, 2.932770013809204, 2.820518732070923, 2.5616509914398193, 2.9514713287353516, 2.5512170791625977, 2.572669506072998, 2.1837997436523438, 2.436514139175415, 2.265401840209961, 2.331583261489868, 2.1831471920013428, 2.3256940841674805, 2.3852193355560303, 2.351822853088379, 2.1998958587646484, 2.2500784397125244, 1.8917062282562256, 2.0142319202423096, 1.8815299272537231, 1.8337193727493286, 1.9416054487228394, 1.901212453842163, 1.8364074230194092, 1.9114480018615723, 1.8392404317855835, 1.7263143062591553, 1.6642200946807861, 1.719145655632019, 1.660253882408142, 1.7045629024505615, 1.675119161605835, 1.6999138593673706, 1.6929848194122314, 1.7667896747589111, 1.6410245895385742, 1.6285676956176758, 1.622733235359192, 1.6004809141159058, 1.634398102760315, 1.6078351736068726, 1.6364262104034424, 1.6649647951126099, 1.5911284685134888, 1.6394422054290771, 1.6521320343017578, 1.6279700994491577, 1.7208861112594604, 1.6451988220214844, 1.6390845775604248, 1.6007367372512817, 1.5939849615097046, 1.6190171241760254, 1.6352827548980713, 1.6123887300491333, 1.6151833534240723, 1.5884315967559814, 1.6166919469833374, 1.615933895111084, 1.6212249994277954, 1.615253210067749, 1.6071873903274536, 1.6233711242675781, 1.6155085563659668, 1.6242105960845947, 1.6379221677780151, 1.6272053718566895, 1.621639609336853]",0.6901999711990356,,752886764,,4074532,,,,,,-1.0,-1.0,-1.0,51,0,400,0,0.1275,0.0,False,BEST,0.7,True,True,"[[84  0  0 ...  0  0  0]
 [ 0 81  0 ...  0  0  0]
 [ 0  0 58 ...  0  3  0]
 ...
 [ 0  0  0 ... 64  0  0]
 [ 0  0  3 ...  0 54  0]
 [ 0  0  0 ...  0  0 70]]",0.6903,0.702209995,0.6903,0.690678024,35
BESWKS,,23,20,7,False,False,"[44, 23, 18, 38, 47, 6, 19, 7]",[],"[{'INP': 32}, {'CONV': [64, 3]}, ({'CONV': [128, 5]}, {'CONV': [128, 3]}), ({'CONV': [64, 3]}, {'CONV': [256, 5]}, {'POOLMAX': [-1, 2]}), ({'CONV': [64, 3]}, {'CONV': [64, 3]}), ({'CONV': [128, 3]}, {'CONV': [256, 3]}, {'POOLMAX': [-1, 2]}), ({'CONV': [128, 5]}, {'CONV': [256, 5]}), ({'CONV': [32, 3]}, {'CONV': [256, 3]}, {'POOLMAX': [-1, 2]}), ({'CONV': [64, 3]}, {'CONV': [64, 5]}), ({'CONV': [32, 3]}, {'CONV': [256, 5]}, {'POOLMAX': [-1, 2]}), {'GLOBAL_AVG': None}, {'LAST_DENSE': [100, 'softmax']}]",TPC,NONE,GA,70,"[0.14489999413490295, 0.2387000024318695, 0.29100000858306885, 0.310699999332428, 0.3741999864578247, 0.4332999885082245, 0.41449999809265137, 0.45350000262260437, 0.3652999997138977, 0.47049999237060547, 0.4553000032901764, 0.5092999935150146, 0.5062999725341797, 0.4918000102043152, 0.5467000007629395, 0.5263000130653381, 0.4878000020980835, 0.5041000247001648, 0.41659998893737793, 0.5142999887466431, 0.6294999718666077, 0.6093999743461609, 0.6270999908447266, 0.5924999713897705, 0.5892000198364258, 0.6134999990463257, 0.5929999947547913, 0.5857999920845032, 0.6534000039100647, 0.6589999794960022, 0.6740999817848206, 0.6567999720573425, 0.6539000272750854, 0.6560999751091003, 0.6284999847412109, 0.6592000126838684, 0.6895999908447266, 0.6897000074386597, 0.6945000290870667, 0.6832000017166138, 0.6866999864578247, 0.6798999905586243, 0.6739000082015991, 0.6847000122070312, 0.6959999799728394, 0.6912999749183655, 0.696399986743927, 0.6974999904632568, 0.6978999972343445, 0.699999988079071, 0.6988000273704529, 0.6956999897956848, 0.7031000256538391, 0.7044000029563904, 0.7002000212669373, 0.6992999911308289, 0.7002000212669373, 0.7021999955177307, 0.7024999856948853, 0.7016000151634216, 0.7020000219345093, 0.7020999789237976, 0.701200008392334, 0.7024999856948853, 0.7014999985694885, 0.7013000249862671, 0.7002999782562256, 0.7008000016212463, 0.7021999955177307, 0.7010999917984009]","[3.9098289012908936, 3.417471170425415, 3.149838447570801, 3.0760648250579834, 2.8600125312805176, 2.5453507900238037, 2.7794651985168457, 2.526143789291382, 3.2779157161712646, 2.4692788124084473, 2.8352537155151367, 2.336181879043579, 2.3497471809387207, 2.471254348754883, 2.157843828201294, 2.340237617492676, 2.4792113304138184, 2.5059823989868164, 3.017674446105957, 2.449819326400757, 1.8641562461853027, 1.9253661632537842, 1.8566325902938843, 2.0997989177703857, 2.030839681625366, 1.9258568286895752, 2.0297436714172363, 2.0856926441192627, 1.7586878538131714, 1.7111884355545044, 1.644100546836853, 1.7367647886276245, 1.7151052951812744, 1.7767949104309082, 1.907935380935669, 1.6902997493743896, 1.561948299407959, 1.5850189924240112, 1.5500595569610596, 1.6160259246826172, 1.6070548295974731, 1.6313226222991943, 1.6995182037353516, 1.6363269090652466, 1.5902915000915527, 1.5952527523040771, 1.5653935670852661, 1.5856901407241821, 1.5804245471954346, 1.5726161003112793, 1.5740150213241577, 1.597907304763794, 1.568381905555725, 1.5614546537399292, 1.5860620737075806, 1.5921648740768433, 1.586891770362854, 1.5788588523864746, 1.5682648420333862, 1.568841576576233, 1.5774085521697998, 1.5721681118011475, 1.58443021774292, 1.5687090158462524, 1.5766409635543823, 1.5808607339859009, 1.5808926820755005, 1.5818694829940796, 1.5753980875015259, 1.5763609409332275]",0.7010999917984009,,1420375660,,6471460,,,,,,-1.0,-1.0,-1.0,24,0,400,0,0.06,0.0,False,BEST,0.8,True,True,"[[86  0  0 ...  0  0  0]
 [ 0 84  0 ...  0  0  0]
 [ 0  1 62 ...  0  1  0]
 ...
 [ 0  0  0 ... 70  0  1]
 [ 0  0  2 ...  0 53  1]
 [ 0  0  0 ...  0  0 76]]",0.7011,0.714328682,0.7011,0.702054656,12
BKPGTC,,24,20,14,False,False,"[35, 24, 22, 38, 18, 38, 47, 6]",[],"[{'INP': 32}, {'CONV': [64, 3]}, ({'CONV': [128, 3]}, {'CONV': [64, 5]}), ({'CONV': [64, 5]}, {'CONV': [32, 3]}, {'POOLMAX': [-1, 2]}), ({'CONV': [64, 3]}, {'CONV': [256, 3]}), ({'CONV': [128, 3]}, {'CONV': [256, 3]}, {'POOLMAX': [-1, 2]}), ({'CONV': [64, 3]}, {'CONV': [64, 3]}), ({'CONV': [128, 3]}, {'CONV': [256, 3]}, {'POOLMAX': [-1, 2]}), ({'CONV': [128, 5]}, {'CONV': [256, 5]}), ({'CONV': [32, 3]}, {'CONV': [256, 3]}, {'POOLMAX': [-1, 2]}), {'GLOBAL_AVG': None}, {'LAST_DENSE': [100, 'softmax']}]",TPC,NONE,GA,70,"[0.1370999962091446, 0.2087000012397766, 0.2599000036716461, 0.3125999867916107, 0.4018000066280365, 0.3677999973297119, 0.3725999891757965, 0.4564000070095062, 0.47530001401901245, 0.3617999851703644, 0.4456999897956848, 0.4408000111579895, 0.5102999806404114, 0.5081999897956848, 0.4973999857902527, 0.4805999994277954, 0.4700999855995178, 0.42500001192092896, 0.5726000070571899, 0.5918999910354614, 0.5891000032424927, 0.6035000085830688, 0.6097999811172485, 0.60589998960495, 0.5324000120162964, 0.6233000159263611, 0.5462999939918518, 0.5968000292778015, 0.6399999856948853, 0.636900007724762, 0.6406000256538391, 0.646399974822998, 0.6370999813079834, 0.6392999887466431, 0.6528000235557556, 0.6528000235557556, 0.6229000091552734, 0.6478999853134155, 0.6273000240325928, 0.64410001039505, 0.6772000193595886, 0.6593999862670898, 0.6722000241279602, 0.6733999848365784, 0.6794999837875366, 0.6712999939918518, 0.6775000095367432, 0.6769000291824341, 0.6669999957084656, 0.6862000226974487, 0.6827999949455261, 0.685699999332428, 0.6818000078201294, 0.6820999979972839, 0.6820999979972839, 0.6830999851226807, 0.6797000169754028, 0.6870999932289124, 0.6844000220298767, 0.6854000091552734, 0.6854000091552734, 0.6894999742507935, 0.6877999901771545, 0.6859999895095825, 0.6869999766349792, 0.6861000061035156, 0.6851999759674072, 0.6869000196456909, 0.6880000233650208, 0.6898999810218811]","[3.9177839756011963, 3.5225284099578857, 3.3928613662719727, 3.1358938217163086, 2.64440655708313, 2.9113054275512695, 2.9699034690856934, 2.5233850479125977, 2.376303195953369, 3.1556413173675537, 2.695586681365967, 2.594285249710083, 2.2907395362854004, 2.309108018875122, 2.4397757053375244, 2.4990174770355225, 2.627106189727783, 2.964951992034912, 2.03475022315979, 1.9828003644943237, 1.9563343524932861, 1.8722392320632935, 1.831207275390625, 1.84175443649292, 2.3184475898742676, 1.8401484489440918, 2.249027729034424, 1.9264591932296753, 1.770951509475708, 1.7733880281448364, 1.7282464504241943, 1.7067804336547852, 1.7902547121047974, 1.7936460971832275, 1.7039134502410889, 1.7045978307724, 1.8832032680511475, 1.7375075817108154, 1.8609340190887451, 1.7696300745010376, 1.6213878393173218, 1.6848548650741577, 1.6345560550689697, 1.6652679443359375, 1.62529456615448, 1.6408703327178955, 1.626245379447937, 1.6194179058074951, 1.692539095878601, 1.6117335557937622, 1.6163673400878906, 1.6018482446670532, 1.6277436017990112, 1.6275124549865723, 1.6375362873077393, 1.6344600915908813, 1.6423275470733643, 1.6254210472106934, 1.6346468925476074, 1.6391078233718872, 1.6288012266159058, 1.6216747760772705, 1.6350734233856201, 1.630759358406067, 1.6342782974243164, 1.6356149911880493, 1.6381843090057373, 1.6261485815048218, 1.6338492631912231, 1.6335393190383911]",0.6898999810218811,,1193306604,,6918180,,,,,,-1.0,-1.0,-1.0,39,0,400,0,0.0975,0.0,False,BEST,0.6,True,True,"[[83  0  0 ...  0  0  0]
 [ 0 84  0 ...  0  0  0]
 [ 0  0 59 ...  0  5  0]
 ...
 [ 0  0  0 ... 68  0  0]
 [ 0  0  2 ...  0 54  0]
 [ 0  0  0 ...  0  0 67]]",0.6899,0.70180838,0.6899,0.690741287,49
BVLVLC,,25,20,11,False,False,"[34, 22, 39, 29, 46, 44, 54, 39]",[],"[{'INP': 32}, {'CONV': [64, 3]}, ({'CONV': [128, 3]}, {'CONV': [64, 3]}), ({'CONV': [64, 3]}, {'CONV': [256, 3]}, {'POOLMAX': [-1, 2]}), ({'CONV': [128, 3]}, {'CONV': [256, 5]}), ({'CONV': [64, 5]}, {'CONV': [128, 5]}, {'POOLMAX': [-1, 2]}), ({'CONV': [128, 5]}, {'CONV': [256, 3]}), ({'CONV': [128, 5]}, {'CONV': [128, 3]}, {'POOLMAX': [-1, 2]}), ({'CONV': [256, 3]}, {'CONV': [256, 3]}), ({'CONV': [128, 3]}, {'CONV': [256, 5]}, {'POOLMAX': [-1, 2]}), {'GLOBAL_AVG': None}, {'LAST_DENSE': [100, 'softmax']}]",TPC,NONE,GA,70,"[0.10379999876022339, 0.15230000019073486, 0.2922999858856201, 0.3359000086784363, 0.31189998984336853, 0.39579999446868896, 0.4189999997615814, 0.4117000102996826, 0.4259999990463257, 0.44020000100135803, 0.4171999990940094, 0.41600000858306885, 0.5455999970436096, 0.5245000123977661, 0.5196999907493591, 0.5590000152587891, 0.5551000237464905, 0.5349000096321106, 0.5651000142097473, 0.5902000069618225, 0.5837000012397766, 0.5932999849319458, 0.54339998960495, 0.5515999794006348, 0.5461999773979187, 0.5598999857902527, 0.5924999713897705, 0.6269999742507935, 0.6287999749183655, 0.640999972820282, 0.6315000057220459, 0.6299999952316284, 0.6340000033378601, 0.6288999915122986, 0.6229000091552734, 0.664900004863739, 0.6560999751091003, 0.6514000296592712, 0.6647999882698059, 0.6556000113487244, 0.6561999917030334, 0.6600000262260437, 0.6668000221252441, 0.6728000044822693, 0.6715999841690063, 0.6776000261306763, 0.6675000190734863, 0.6722999811172485, 0.6696000099182129, 0.6729000210762024, 0.67330002784729, 0.6747000217437744, 0.6744999885559082, 0.6759999990463257, 0.6728000044822693, 0.6665999889373779, 0.6764000058174133, 0.6762999892234802, 0.678600013256073, 0.6780999898910522, 0.6775000095367432, 0.6771000027656555, 0.6765000224113464, 0.6751000285148621, 0.675599992275238, 0.6779999732971191, 0.6751000285148621, 0.6751000285148621, 0.675599992275238, 0.6754999756813049]","[4.085316181182861, 3.835191011428833, 3.0158262252807617, 2.7987043857574463, 3.060781717300415, 2.669374465942383, 2.5677430629730225, 2.607706308364868, 2.8372838497161865, 2.658090353012085, 2.6510207653045654, 2.785172939300537, 2.047274351119995, 2.162775754928589, 2.21799373626709, 2.013476848602295, 2.0437562465667725, 2.1865170001983643, 1.9643958806991577, 1.8679039478302002, 1.9317445755004883, 1.8660398721694946, 2.1206541061401367, 2.149859666824341, 2.254345178604126, 2.1485562324523926, 1.9057332277297974, 1.769118309020996, 1.7555124759674072, 1.709088683128357, 1.7931287288665771, 1.7936549186706543, 1.754462480545044, 1.7689038515090942, 1.8329007625579834, 1.6184390783309937, 1.6683411598205566, 1.696743130683899, 1.6525952816009521, 1.7061859369277954, 1.708140254020691, 1.6891498565673828, 1.6500381231307983, 1.6576952934265137, 1.6471651792526245, 1.6124608516693115, 1.6438487768173218, 1.6452003717422485, 1.646071434020996, 1.6591297388076782, 1.6397408246994019, 1.626976728439331, 1.653306484222412, 1.6516404151916504, 1.6746493577957153, 1.723990797996521, 1.6481086015701294, 1.6652156114578247, 1.6480685472488403, 1.654847502708435, 1.6568390130996704, 1.6515783071517944, 1.651339054107666, 1.6491189002990723, 1.655309796333313, 1.6551650762557983, 1.6639611721038818, 1.65969979763031, 1.66277015209198, 1.6561181545257568]",0.6754999756813049,,642078508,,3165092,,,,,,-1.0,-1.0,-1.0,46,0,400,0,0.115,0.0,False,BEST,0.7,True,True,"[[76  0  0 ...  0  0  0]
 [ 0 79  0 ...  0  0  0]
 [ 0  1 62 ...  0  4  0]
 ...
 [ 0  0  0 ... 64  0  0]
 [ 0  0  2 ...  0 56  0]
 [ 0  0  0 ...  0  0 73]]",0.6755,0.689007977,0.6755,0.67601935,70
BMOVQA,,26,20,14,False,False,"[14, 48, 39, 15, 42, 7, 16, 6]",[],"[{'INP': 32}, {'CONV': [64, 3]}, ({'CONV': [32, 5]}, {'CONV': [256, 3]}), ({'CONV': [256, 3]}, {'CONV': [32, 3]}, {'POOLMAX': [-1, 2]}), ({'CONV': [128, 3]}, {'CONV': [256, 5]}), ({'CONV': [32, 5]}, {'CONV': [256, 5]}, {'POOLMAX': [-1, 2]}), ({'CONV': [128, 5]}, {'CONV': [64, 3]}), ({'CONV': [32, 3]}, {'CONV': [256, 5]}, {'POOLMAX': [-1, 2]}), ({'CONV': [64, 3]}, {'CONV': [32, 3]}), ({'CONV': [32, 3]}, {'CONV': [256, 3]}, {'POOLMAX': [-1, 2]}), {'GLOBAL_AVG': None}, {'LAST_DENSE': [100, 'softmax']}]",TPC,NONE,GA,70,"[0.13189999759197235, 0.2046000063419342, 0.3009999990463257, 0.35260000824928284, 0.3935999870300293, 0.37229999899864197, 0.4212999939918518, 0.40139999985694885, 0.4586000144481659, 0.4311000108718872, 0.4641000032424927, 0.4912000000476837, 0.4481000006198883, 0.5012999773025513, 0.483599990606308, 0.46630001068115234, 0.5205000042915344, 0.46320000290870667, 0.5508000254631042, 0.5407000184059143, 0.548799991607666, 0.4745999872684479, 0.569599986076355, 0.5317000150680542, 0.5403000116348267, 0.5224999785423279, 0.5789999961853027, 0.5809999704360962, 0.5436999797821045, 0.5026000142097473, 0.5763999819755554, 0.5429999828338623, 0.6334999799728394, 0.6261000037193298, 0.6152999997138977, 0.6297000050544739, 0.6067000031471252, 0.636900007724762, 0.6086000204086304, 0.6283000111579895, 0.6428999900817871, 0.640999972820282, 0.6226999759674072, 0.6243000030517578, 0.6227999925613403, 0.6018999814987183, 0.6696000099182129, 0.6492999792098999, 0.6471999883651733, 0.6624000072479248, 0.685699999332428, 0.6607999801635742, 0.6728000044822693, 0.6646999716758728, 0.6757000088691711, 0.6859999895095825, 0.6823999881744385, 0.666700005531311, 0.6474999785423279, 0.6693000197410583, 0.6789000034332275, 0.6823999881744385, 0.6866999864578247, 0.6887000203132629, 0.6875, 0.6837999820709229, 0.6996999979019165, 0.6945000290870667, 0.692300021648407, 0.6991000175476074]","[3.9555585384368896, 3.6728553771972656, 3.318821430206299, 2.7807114124298096, 2.622596263885498, 2.827037811279297, 2.6177189350128174, 2.7684309482574463, 2.4485859870910645, 2.7822790145874023, 2.486379623413086, 2.4531471729278564, 2.6539998054504395, 2.365511417388916, 2.4832797050476074, 2.6387393474578857, 2.295902967453003, 2.7011609077453613, 2.2033276557922363, 2.260866165161133, 2.23717999458313, 2.760650396347046, 2.1776788234710693, 2.3438072204589844, 2.3028643131256104, 2.4482924938201904, 2.15531849861145, 2.16326904296875, 2.3542323112487793, 2.586914300918579, 2.158731698989868, 2.3994102478027344, 1.9038697481155396, 1.9682384729385376, 2.0309057235717773, 1.8996303081512451, 2.0791831016540527, 1.9067211151123047, 2.0629045963287354, 1.9482253789901733, 1.8447054624557495, 1.914846658706665, 2.0138843059539795, 2.0035557746887207, 1.9899486303329468, 2.183061361312866, 1.7523661851882935, 1.891789436340332, 1.9513548612594604, 1.867788314819336, 1.7292531728744507, 1.822512149810791, 1.7781282663345337, 1.8488619327545166, 1.812221646308899, 1.7164015769958496, 1.738253116607666, 1.8461014032363892, 1.9456961154937744, 1.8492951393127441, 1.75313401222229, 1.8102697134017944, 1.7739254236221313, 1.7858041524887085, 1.7740675210952759, 1.8485214710235596, 1.7462464570999146, 1.7635430097579956, 1.7901238203048706, 1.75294828414917]",0.6991000175476074,,1003170668,,5767460,,,,,,-1.0,-1.0,-1.0,29,0,400,0,0.0725,0.0,False,BEST,0.6,True,True,"[[81  0  0 ...  0  0  0]
 [ 0 78  0 ...  0  0  0]
 [ 0  1 53 ...  0  4  0]
 ...
 [ 0  0  0 ... 74  0  0]
 [ 0  0  3 ...  0 52  1]
 [ 0  0  0 ...  0  0 70]]",0.6991,0.710087879,0.6991,0.699645011,126
BEUIP,,27,20,6,False,False,"[62, 1, 29, 51, 3, 6, 17, 22]",[],"[{'INP': 32}, {'CONV': [64, 3]}, ({'CONV': [256, 5]}, {'CONV': [256, 3]}), ({'CONV': [32, 3]}, {'CONV': [32, 5]}, {'POOLMAX': [-1, 2]}), ({'CONV': [64, 5]}, {'CONV': [128, 5]}), ({'CONV': [256, 3]}, {'CONV': [64, 5]}, {'POOLMAX': [-1, 2]}), ({'CONV': [32, 3]}, {'CONV': [64, 5]}), ({'CONV': [32, 3]}, {'CONV': [256, 3]}, {'POOLMAX': [-1, 2]}), ({'CONV': [64, 3]}, {'CONV': [32, 5]}), ({'CONV': [64, 3]}, {'CONV': [256, 3]}, {'POOLMAX': [-1, 2]}), {'GLOBAL_AVG': None}, {'LAST_DENSE': [100, 'softmax']}]",TPC,NONE,GA,70,"[0.125900000333786, 0.16300000250339508, 0.2881999909877777, 0.2587999999523163, 0.3361999988555908, 0.3741999864578247, 0.36579999327659607, 0.45750001072883606, 0.4607999920845032, 0.4438000023365021, 0.4749000072479248, 0.47369998693466187, 0.44909998774528503, 0.5343999862670898, 0.5396000146865845, 0.5254999995231628, 0.5806000232696533, 0.5764999985694885, 0.5666999816894531, 0.5598000288009644, 0.569599986076355, 0.5945000052452087, 0.5806000232696533, 0.5874999761581421, 0.5791000127792358, 0.566100001335144, 0.579800009727478, 0.6381000280380249, 0.6035000085830688, 0.6460000276565552, 0.6230000257492065, 0.6310999989509583, 0.6183000206947327, 0.6362000107765198, 0.6334999799728394, 0.6452999711036682, 0.6607999801635742, 0.6593000292778015, 0.6664000153541565, 0.6639000177383423, 0.6567000150680542, 0.649399995803833, 0.6499000191688538, 0.659500002861023, 0.6643000245094299, 0.6647999882698059, 0.6690999865531921, 0.670799970626831, 0.666700005531311, 0.6700000166893005, 0.6730999946594238, 0.6766999959945679, 0.6751000285148621, 0.6753000020980835, 0.670199990272522, 0.6758000254631042, 0.6726999878883362, 0.6747999787330627, 0.6746000051498413, 0.6762999892234802, 0.6783999800682068, 0.675000011920929, 0.6747999787330627, 0.6765000224113464, 0.6761999726295471, 0.6776999831199646, 0.6759999990463257, 0.6748999953269958, 0.6758999824523926, 0.6765999794006348]","[3.8817381858825684, 3.8234152793884277, 3.0242514610290527, 3.3372764587402344, 2.9025678634643555, 2.6749143600463867, 2.7827651500701904, 2.3393068313598633, 2.384819746017456, 2.459944725036621, 2.377656936645508, 2.3547778129577637, 2.514101982116699, 2.095000982284546, 2.0786068439483643, 2.178182601928711, 1.8838921785354614, 1.9513390064239502, 2.010424852371216, 2.0331380367279053, 1.9605556726455688, 1.8659707307815552, 1.9355731010437012, 1.9256668090820312, 1.9262309074401855, 2.0016167163848877, 1.9549964666366577, 1.7105131149291992, 1.89939546585083, 1.6837749481201172, 1.8021955490112305, 1.7494829893112183, 1.8755613565444946, 1.7358918190002441, 1.7687461376190186, 1.6866425275802612, 1.6591702699661255, 1.6523422002792358, 1.6260032653808594, 1.6269069910049438, 1.6662346124649048, 1.7171541452407837, 1.7270596027374268, 1.6543810367584229, 1.656441569328308, 1.6455265283584595, 1.65958571434021, 1.6365925073623657, 1.6356887817382812, 1.6473689079284668, 1.6239070892333984, 1.6194344758987427, 1.621055245399475, 1.6333976984024048, 1.6347527503967285, 1.6208727359771729, 1.6370720863342285, 1.6334495544433594, 1.6453640460968018, 1.6280474662780762, 1.6236910820007324, 1.6430271863937378, 1.637529969215393, 1.6327310800552368, 1.6279451847076416, 1.623529314994812, 1.633877158164978, 1.6338422298431396, 1.6322203874588013, 1.626166820526123]",0.6765999794006348,,469258796,,2291108,,,,,,-1.0,-1.0,-1.0,21,0,400,0,0.0525,0.0,False,BEST,0.95,True,True,"[[85  0  0 ...  0  0  0]
 [ 0 77  0 ...  0  0  0]
 [ 0  0 52 ...  0  3  0]
 ...
 [ 0  0  0 ... 72  0  0]
 [ 0  0  1 ...  0 52  1]
 [ 0  0  0 ...  0  1 70]]",0.6766,0.687225662,0.6766,0.676472874,55
BXSDBI,,28,20,15,False,False,"[14, 36, 53, 36, 28, 37, 62, 14]",[],"[{'INP': 32}, {'CONV': [64, 3]}, ({'CONV': [32, 5]}, {'CONV': [256, 3]}), ({'CONV': [128, 3]}, {'CONV': [128, 3]}, {'POOLMAX': [-1, 2]}), ({'CONV': [256, 3]}, {'CONV': [128, 5]}), ({'CONV': [128, 3]}, {'CONV': [128, 3]}, {'POOLMAX': [-1, 2]}), ({'CONV': [64, 5]}, {'CONV': [128, 3]}), ({'CONV': [128, 3]}, {'CONV': [128, 5]}, {'POOLMAX': [-1, 2]}), ({'CONV': [256, 5]}, {'CONV': [256, 3]}), ({'CONV': [32, 5]}, {'CONV': [256, 3]}, {'POOLMAX': [-1, 2]}), {'GLOBAL_AVG': None}, {'LAST_DENSE': [100, 'softmax']}]",TPC,NONE,GA,70,"[0.08940000087022781, 0.15080000460147858, 0.28119999170303345, 0.3783000111579895, 0.3824000060558319, 0.3824000060558319, 0.3903999924659729, 0.44679999351501465, 0.4699999988079071, 0.453900009393692, 0.424699991941452, 0.522599995136261, 0.517300009727478, 0.4975000023841858, 0.5156000256538391, 0.5364999771118164, 0.4487000107765198, 0.5115000009536743, 0.5558000206947327, 0.5414999723434448, 0.5521000027656555, 0.5570999979972839, 0.59170001745224, 0.5703999996185303, 0.5257999897003174, 0.5730000138282776, 0.5873000025749207, 0.569100022315979, 0.6287999749183655, 0.6550999879837036, 0.6437000036239624, 0.6424999833106995, 0.6377000212669373, 0.6488999724388123, 0.6049000024795532, 0.6294999718666077, 0.6577000021934509, 0.607200026512146, 0.6617000102996826, 0.6553000211715698, 0.6541000008583069, 0.6381999850273132, 0.6725999712944031, 0.659600019454956, 0.6850000023841858, 0.6834999918937683, 0.675000011920929, 0.684499979019165, 0.6650000214576721, 0.6662999987602234, 0.6906999945640564, 0.6833000183105469, 0.689300000667572, 0.6913999915122986, 0.6934000253677368, 0.6998999714851379, 0.6985999941825867, 0.692300021648407, 0.7006999850273132, 0.7005000114440918, 0.7026000022888184, 0.7006999850273132, 0.7027999758720398, 0.7016000151634216, 0.70169997215271, 0.7020999789237976, 0.7020000219345093, 0.6992999911308289, 0.6990000009536743, 0.7002999782562256]","[4.403809070587158, 4.5566487312316895, 3.1766998767852783, 2.73043155670166, 2.802140712738037, 2.8426904678344727, 2.8728878498077393, 2.5332283973693848, 2.468519926071167, 2.5643153190612793, 2.8681063652038574, 2.3080222606658936, 2.368553876876831, 2.448273181915283, 2.380568027496338, 2.2884466648101807, 2.859992027282715, 2.442314863204956, 2.2643628120422363, 2.294443368911743, 2.219575881958008, 2.225677728652954, 2.1075870990753174, 2.215066909790039, 2.474485158920288, 2.216585636138916, 2.1950342655181885, 2.234145402908325, 1.9612740278244019, 1.8490402698516846, 1.906830906867981, 1.885258436203003, 1.8925220966339111, 1.8325084447860718, 2.1469385623931885, 1.9631115198135376, 1.8182874917984009, 2.106083393096924, 1.8200421333312988, 1.8278719186782837, 1.8824135065078735, 1.9344851970672607, 1.8048781156539917, 1.9433199167251587, 1.7455646991729736, 1.7648744583129883, 1.8178255558013916, 1.7478060722351074, 1.8821641206741333, 1.8671066761016846, 1.7680952548980713, 1.8533084392547607, 1.7937023639678955, 1.788668155670166, 1.7634944915771484, 1.7542375326156616, 1.8016409873962402, 1.8302806615829468, 1.777113914489746, 1.7692705392837524, 1.7903523445129395, 1.8197935819625854, 1.7940269708633423, 1.8000435829162598, 1.8293066024780273, 1.8206140995025635, 1.8093582391738892, 1.8385459184646606, 1.8330525159835815, 1.8202728033065796]",0.7002999782562256,,1663107180,,5918500,,,,,,-1.0,-1.0,-1.0,58,0,400,0,0.145,0.0,False,BEST,0.7,True,True,"[[85  0  0 ...  0  0  0]
 [ 0 81  0 ...  0  0  0]
 [ 1  2 51 ...  0  5  0]
 ...
 [ 0  0  0 ... 69  0  0]
 [ 0  0  3 ...  0 53  0]
 [ 0  0  0 ...  0  0 70]]",0.7003,0.711723125,0.7003,0.701086335,15
BPKSBY,,29,20,11,False,False,"[14, 29, 22, 38, 26, 55, 42, 6]",[],"[{'INP': 32}, {'CONV': [64, 3]}, ({'CONV': [32, 5]}, {'CONV': [256, 3]}), ({'CONV': [64, 5]}, {'CONV': [128, 5]}, {'POOLMAX': [-1, 2]}), ({'CONV': [64, 3]}, {'CONV': [256, 3]}), ({'CONV': [128, 3]}, {'CONV': [256, 3]}, {'POOLMAX': [-1, 2]}), ({'CONV': [64, 5]}, {'CONV': [64, 3]}), ({'CONV': [256, 3]}, {'CONV': [256, 5]}, {'POOLMAX': [-1, 2]}), ({'CONV': [128, 5]}, {'CONV': [64, 3]}), ({'CONV': [32, 3]}, {'CONV': [256, 3]}, {'POOLMAX': [-1, 2]}), {'GLOBAL_AVG': None}, {'LAST_DENSE': [100, 'softmax']}]",TPC,NONE,GA,70,"[0.09529999643564224, 0.1462000012397766, 0.23659999668598175, 0.2818000018596649, 0.31200000643730164, 0.3176000118255615, 0.3788999915122986, 0.4129999876022339, 0.42719998955726624, 0.42250001430511475, 0.4163999855518341, 0.41429999470710754, 0.45159998536109924, 0.4505999982357025, 0.43220001459121704, 0.4652999937534332, 0.49160000681877136, 0.4819999933242798, 0.5339000225067139, 0.5016999840736389, 0.4343000054359436, 0.5393000245094299, 0.5551000237464905, 0.4643999934196472, 0.5508000254631042, 0.5430999994277954, 0.47530001401901245, 0.5529999732971191, 0.5848000049591064, 0.6003999710083008, 0.609499990940094, 0.6140000224113464, 0.6032999753952026, 0.6071000099182129, 0.6096000075340271, 0.6007999777793884, 0.6359000205993652, 0.6516000032424927, 0.6462000012397766, 0.657800018787384, 0.6437000036239624, 0.6403999924659729, 0.651199996471405, 0.6462000012397766, 0.6462000012397766, 0.6557999849319458, 0.6603000164031982, 0.660099983215332, 0.6588000059127808, 0.666700005531311, 0.6650999784469604, 0.6638000011444092, 0.666700005531311, 0.6639999747276306, 0.6657000184059143, 0.6717000007629395, 0.6682000160217285, 0.6658999919891357, 0.6736999750137329, 0.6707000136375427, 0.6668000221252441, 0.6700000166893005, 0.6729999780654907, 0.6715999841690063, 0.6746000051498413, 0.6708999872207642, 0.6696000099182129, 0.6711000204086304, 0.670199990272522, 0.6732000112533569]","[4.137606143951416, 3.731907367706299, 3.20410418510437, 3.0729362964630127, 2.9600942134857178, 3.0281670093536377, 2.6938045024871826, 2.576850652694702, 2.5513389110565186, 2.5135622024536133, 2.6835031509399414, 2.782076835632324, 2.399341344833374, 2.5667338371276855, 2.6598422527313232, 2.4975600242614746, 2.3641207218170166, 2.4320173263549805, 2.1927988529205322, 2.3906590938568115, 2.8089168071746826, 2.2091598510742188, 2.1551527976989746, 2.5837817192077637, 2.1727256774902344, 2.202800750732422, 2.8122382164001465, 2.187551736831665, 2.0494911670684814, 1.9582105875015259, 1.927992343902588, 1.9374008178710938, 1.9369689226150513, 1.938413143157959, 1.9617877006530762, 1.9602620601654053, 1.7788236141204834, 1.7182525396347046, 1.7457104921340942, 1.7003554105758667, 1.7713911533355713, 1.769470453262329, 1.7298433780670166, 1.788784384727478, 1.7823337316513062, 1.7487144470214844, 1.7173919677734375, 1.7231035232543945, 1.7330949306488037, 1.7280426025390625, 1.7138224840164185, 1.7330353260040283, 1.7196381092071533, 1.7401444911956787, 1.7379820346832275, 1.6896311044692993, 1.7031081914901733, 1.7268506288528442, 1.6842187643051147, 1.7039965391159058, 1.7346384525299072, 1.7148517370224, 1.7137722969055176, 1.7085508108139038, 1.7013845443725586, 1.7257168292999268, 1.716008186340332, 1.715195655822754, 1.7259197235107422, 1.715262532234192]",0.6732000112533569,,1029015596,,2962340,,,,,,-1.0,-1.0,-1.0,38,0,400,0,0.095,0.0,False,BEST,0.85,True,True,"[[83  0  1 ...  0  0  0]
 [ 0 79  0 ...  0  0  0]
 [ 1  0 55 ...  0  5  0]
 ...
 [ 0  0  1 ... 72  0  0]
 [ 0  0  3 ...  0 56  0]
 [ 0  0  0 ...  0  0 66]]",0.6732,0.685813938,0.6732,0.674036146,10
BUSBVJ,,30,20,3,False,False,"[36, 37, 53, 31, 21, 12, 39, 55]",[],"[{'INP': 32}, {'CONV': [64, 3]}, ({'CONV': [128, 3]}, {'CONV': [128, 3]}), ({'CONV': [128, 3]}, {'CONV': [128, 5]}, {'POOLMAX': [-1, 2]}), ({'CONV': [256, 3]}, {'CONV': [128, 5]}), ({'CONV': [64, 5]}, {'CONV': [256, 5]}, {'POOLMAX': [-1, 2]}), ({'CONV': [64, 3]}, {'CONV': [128, 5]}), ({'CONV': [32, 5]}, {'CONV': [128, 3]}, {'POOLMAX': [-1, 2]}), ({'CONV': [128, 3]}, {'CONV': [256, 5]}), ({'CONV': [256, 3]}, {'CONV': [256, 5]}, {'POOLMAX': [-1, 2]}), {'GLOBAL_AVG': None}, {'LAST_DENSE': [100, 'softmax']}]",TPC,NONE,GA,70,"[0.10859999805688858, 0.15399999916553497, 0.28850001096725464, 0.3521000146865845, 0.34310001134872437, 0.3986000120639801, 0.4413999915122986, 0.36320000886917114, 0.43540000915527344, 0.48159998655319214, 0.4875999987125397, 0.4683000147342682, 0.482699990272522, 0.499099999666214, 0.5410000085830688, 0.5455999970436096, 0.4205000102519989, 0.5128999948501587, 0.5288000106811523, 0.5601999759674072, 0.6097000241279602, 0.6166999936103821, 0.6258000135421753, 0.6211000084877014, 0.6176000237464905, 0.6244000196456909, 0.6266999840736389, 0.6294999718666077, 0.6391000151634216, 0.6190000176429749, 0.6320000290870667, 0.602400004863739, 0.6308000087738037, 0.6381999850273132, 0.6539000272750854, 0.6747000217437744, 0.6510999798774719, 0.6758999824523926, 0.6773999929428101, 0.6664999723434448, 0.6682999730110168, 0.6759999990463257, 0.6686999797821045, 0.6865000128746033, 0.684499979019165, 0.6773999929428101, 0.685699999332428, 0.6933000087738037, 0.683899998664856, 0.6793000102043152, 0.6901999711990356, 0.6819000244140625, 0.692799985408783, 0.6895999908447266, 0.6876000165939331, 0.6863999962806702, 0.6902999877929688, 0.6883999705314636, 0.6987000107765198, 0.698199987411499, 0.6912999749183655, 0.6922000050544739, 0.6977999806404114, 0.6988999843597412, 0.6995999813079834, 0.6973000168800354, 0.6973000168800354, 0.6960999965667725, 0.7001000046730042, 0.6985999941825867]","[4.050904273986816, 4.062726020812988, 3.0629467964172363, 2.7729856967926025, 2.824190378189087, 2.8157122135162354, 2.483487129211426, 2.9725799560546875, 2.689345598220825, 2.3790383338928223, 2.409569263458252, 2.5049374103546143, 2.469743490219116, 2.3862152099609375, 2.1867196559906006, 2.2171223163604736, 2.905646562576294, 2.834237575531006, 2.3293442726135254, 2.1930487155914307, 1.9516099691390991, 1.8987348079681396, 1.8544845581054688, 1.896438717842102, 1.9212273359298706, 1.8742705583572388, 1.8466821908950806, 1.8617949485778809, 1.8017730712890625, 1.944627285003662, 1.8583486080169678, 2.029169797897339, 1.9075902700424194, 1.8849948644638062, 1.8478636741638184, 1.7339543104171753, 1.8329685926437378, 1.6782710552215576, 1.687723994255066, 1.7344447374343872, 1.7829179763793945, 1.7045207023620605, 1.743670105934143, 1.695387840270996, 1.7456626892089844, 1.7431999444961548, 1.742600917816162, 1.6747995615005493, 1.7193468809127808, 1.7529058456420898, 1.7384824752807617, 1.7559208869934082, 1.7200533151626587, 1.7167081832885742, 1.78023099899292, 1.7520681619644165, 1.7440366744995117, 1.7582255601882935, 1.719925045967102, 1.739864468574524, 1.7770987749099731, 1.7585954666137695, 1.753666639328003, 1.7514841556549072, 1.7456378936767578, 1.7535440921783447, 1.753934621810913, 1.7601394653320312, 1.7654626369476318, 1.7506256103515625]",0.6985999941825867,,888467052,,3751204,,,,,,-1.0,-1.0,-1.0,30,0,400,0,0.075,0.0,False,BEST,1.0,True,True,"[[86  0  0 ...  0  0  0]
 [ 0 84  0 ...  0  0  0]
 [ 0  1 56 ...  0  2  0]
 ...
 [ 0  0  0 ... 74  0  0]
 [ 0  0  0 ...  0 53  0]
 [ 0  0  1 ...  0  0 73]]",0.6986,0.710254225,0.6986,0.700066552,52
BWUGBI,,1,20,9,False,False,"[46, 34, 58, 15, 39, 5, 47, 55]",[],"[{'INP': 32}, {'CONV': [64, 3]}, ({'CONV': [128, 5]}, {'CONV': [256, 3]}), ({'CONV': [128, 3]}, {'CONV': [64, 3]}, {'POOLMAX': [-1, 2]}), ({'CONV': [256, 5]}, {'CONV': [64, 3]}), ({'CONV': [32, 5]}, {'CONV': [256, 5]}, {'POOLMAX': [-1, 2]}), ({'CONV': [128, 3]}, {'CONV': [256, 5]}), ({'CONV': [32, 3]}, {'CONV': [128, 5]}, {'POOLMAX': [-1, 2]}), ({'CONV': [128, 5]}, {'CONV': [256, 5]}), ({'CONV': [256, 3]}, {'CONV': [256, 5]}, {'POOLMAX': [-1, 2]}), {'GLOBAL_AVG': None}, {'LAST_DENSE': [100, 'softmax']}]",UC,NONE,GA,70,"[0.10700000077486038, 0.1981000006198883, 0.21639999747276306, 0.3449999988079071, 0.35510000586509705, 0.3172999918460846, 0.37130001187324524, 0.34200000762939453, 0.4749000072479248, 0.4867999851703644, 0.4693000018596649, 0.44200000166893005, 0.4731000065803528, 0.46700000762939453, 0.5267000198364258, 0.5346999764442444, 0.43720000982284546, 0.4986000061035156, 0.5092999935150146, 0.4871000051498413, 0.5023999810218811, 0.5920000076293945, 0.6164000034332275, 0.6133000254631042, 0.5972999930381775, 0.597100019454956, 0.6225000023841858, 0.599399983882904, 0.6312000155448914, 0.5963000059127808, 0.6158000230789185, 0.5774000287055969, 0.618399977684021, 0.6345000267028809, 0.6362000107765198, 0.6581000089645386, 0.65829998254776, 0.6549000144004822, 0.6692000031471252, 0.6579999923706055, 0.6625999808311462, 0.6467000246047974, 0.6657000184059143, 0.6570000052452087, 0.6654999852180481, 0.679099977016449, 0.6906999945640564, 0.680899977684021, 0.6815999746322632, 0.6869000196456909, 0.6830999851226807, 0.6858000159263611, 0.6868000030517578, 0.6894999742507935, 0.6829000115394592, 0.691100001335144, 0.6930999755859375, 0.6933000087738037, 0.6916000247001648, 0.6919000148773193, 0.6916999816894531, 0.6894999742507935, 0.6909000277519226, 0.6904000043869019, 0.6930999755859375, 0.692300021648407, 0.6951000094413757, 0.6945000290870667, 0.6962000131607056, 0.6938999891281128]","[4.1650309562683105, 3.711970329284668, 3.6023168563842773, 2.9162025451660156, 2.924801826477051, 3.236354351043701, 2.989030361175537, 3.225484848022461, 2.4454991817474365, 2.425955295562744, 2.5181212425231934, 2.6752679347991943, 2.4883477687835693, 2.621229410171509, 2.262098550796509, 2.217280387878418, 2.931387186050415, 2.4148643016815186, 2.417249917984009, 2.571002721786499, 2.4543070793151855, 1.9853136539459229, 1.850419282913208, 1.8927900791168213, 1.976286768913269, 1.939965009689331, 1.8451114892959595, 1.9055380821228027, 1.781472086906433, 1.9496344327926636, 1.8935678005218506, 2.1215081214904785, 1.8909058570861816, 1.8122591972351074, 1.8468143939971924, 1.7416108846664429, 1.733418345451355, 1.7710238695144653, 1.6713662147521973, 1.733904242515564, 1.6934220790863037, 1.794679880142212, 1.713417410850525, 1.7858728170394897, 1.7673230171203613, 1.6990033388137817, 1.624506950378418, 1.6971402168273926, 1.6751552820205688, 1.6547361612319946, 1.661911964416504, 1.6555745601654053, 1.6666654348373413, 1.6661689281463623, 1.7121822834014893, 1.6444541215896606, 1.6723085641860962, 1.6524031162261963, 1.6614402532577515, 1.6732648611068726, 1.665022611618042, 1.6654324531555176, 1.666565179824829, 1.6777276992797852, 1.6824103593826294, 1.6733527183532715, 1.665373682975769, 1.678665041923523, 1.6693611145019531, 1.675445556640625]",0.6938999891281128,,2819001516,,6914212,,,,,,-1.0,-1.0,-1.0,43,0,400,0,0.1075,0.0,False,BEST,0.95,True,True,"[[86  0  1 ...  0  0  0]
 [ 0 77  0 ...  0  0  0]
 [ 0  0 57 ...  0  3  0]
 ...
 [ 0  0  0 ... 69  0  0]
 [ 0  0  2 ...  0 50  0]
 [ 0  0  0 ...  0  0 74]]",0.6939,0.70416761,0.6939,0.693745037,22
BOZQQQ,,2,20,9,False,False,"[34, 2, 2, 54, 31, 26, 47, 39]",[],"[{'INP': 32}, {'CONV': [64, 3]}, ({'CONV': [128, 3]}, {'CONV': [64, 3]}), ({'CONV': [32, 3]}, {'CONV': [64, 3]}, {'POOLMAX': [-1, 2]}), ({'CONV': [32, 3]}, {'CONV': [64, 3]}), ({'CONV': [256, 3]}, {'CONV': [256, 3]}, {'POOLMAX': [-1, 2]}), ({'CONV': [64, 5]}, {'CONV': [256, 5]}), ({'CONV': [64, 5]}, {'CONV': [64, 3]}, {'POOLMAX': [-1, 2]}), ({'CONV': [128, 5]}, {'CONV': [256, 5]}), ({'CONV': [128, 3]}, {'CONV': [256, 5]}, {'POOLMAX': [-1, 2]}), {'GLOBAL_AVG': None}, {'LAST_DENSE': [100, 'softmax']}]",UC,NONE,GA,70,"[0.10869999974966049, 0.14480000734329224, 0.24089999496936798, 0.31949999928474426, 0.3158000111579895, 0.3601999878883362, 0.396699994802475, 0.4074000120162964, 0.40049999952316284, 0.4643999934196472, 0.45170000195503235, 0.4268999993801117, 0.46000000834465027, 0.439300000667572, 0.4180999994277954, 0.545799970626831, 0.5317000150680542, 0.5338000059127808, 0.5331000089645386, 0.5511000156402588, 0.5630999803543091, 0.5422999858856201, 0.5569999814033508, 0.5307999849319458, 0.5447999835014343, 0.6000000238418579, 0.5855000019073486, 0.5619000196456909, 0.5751000046730042, 0.5952000021934509, 0.5609999895095825, 0.6172999739646912, 0.6284000277519226, 0.6261000037193298, 0.6335999965667725, 0.6129000186920166, 0.631600022315979, 0.6241000294685364, 0.6238999962806702, 0.6238999962806702, 0.6384999752044678, 0.6347000002861023, 0.6521000266075134, 0.6539999842643738, 0.6604999899864197, 0.656499981880188, 0.6638000011444092, 0.6678000092506409, 0.6575000286102295, 0.656499981880188, 0.6635000109672546, 0.6531999707221985, 0.6531999707221985, 0.6705999970436096, 0.6639000177383423, 0.6629999876022339, 0.6658999919891357, 0.670199990272522, 0.6696000099182129, 0.6674000024795532, 0.6660000085830688, 0.6693000197410583, 0.6664000153541565, 0.6697999835014343, 0.6714000105857849, 0.6699000000953674, 0.670199990272522, 0.6718999743461609, 0.671500027179718, 0.6730999946594238]","[4.034087181091309, 3.9033820629119873, 3.290526866912842, 2.869934558868408, 2.9168858528137207, 2.7660372257232666, 2.596318244934082, 2.5772645473480225, 2.625929594039917, 2.3399441242218018, 2.478633165359497, 2.5458734035491943, 2.398207902908325, 2.5783982276916504, 2.751324415206909, 2.0716469287872314, 2.118781328201294, 2.194007158279419, 2.1349844932556152, 2.033963203430176, 1.9895952939987183, 2.045703887939453, 2.0377676486968994, 2.1680359840393066, 2.150954484939575, 1.8051286935806274, 1.920257806777954, 2.0370452404022217, 2.04367733001709, 1.8748387098312378, 2.0864744186401367, 1.776436686515808, 1.7538224458694458, 1.7372816801071167, 1.6961663961410522, 1.7790546417236328, 1.732300043106079, 1.7613635063171387, 1.784767746925354, 1.8403302431106567, 1.7514621019363403, 1.7725236415863037, 1.7075642347335815, 1.6580899953842163, 1.6379884481430054, 1.6490705013275146, 1.6510080099105835, 1.6220673322677612, 1.6805351972579956, 1.678812861442566, 1.6597940921783447, 1.7459386587142944, 1.7562705278396606, 1.6498216390609741, 1.6631278991699219, 1.6592568159103394, 1.6509888172149658, 1.6518261432647705, 1.6474257707595825, 1.6674593687057495, 1.6695351600646973, 1.6474013328552246, 1.692430019378662, 1.6522752046585083, 1.6587332487106323, 1.6634809970855713, 1.672255277633667, 1.671514630317688, 1.664823293685913, 1.679502010345459]",0.6730999946594238,,1617833516,,4925348,,,,,,-1.0,-1.0,-1.0,39,0,400,0,0.0975,0.0,False,BEST,0.75,True,True,"[[82  0  1 ...  0  0  0]
 [ 0 81  0 ...  0  0  0]
 [ 0  1 55 ...  0  5  0]
 ...
 [ 0  0  0 ... 69  0  0]
 [ 0  0  4 ...  0 47  1]
 [ 0  0  0 ...  0  0 74]]",0.6731,0.685347597,0.6731,0.673305467,15
BBCR,,3,20,12,False,False,"[55, 52, 39, 39, 51, 30, 39, 22]",[],"[{'INP': 32}, {'CONV': [64, 3]}, ({'CONV': [256, 3]}, {'CONV': [256, 5]}), ({'CONV': [256, 3]}, {'CONV': [128, 3]}, {'POOLMAX': [-1, 2]}), ({'CONV': [128, 3]}, {'CONV': [256, 5]}), ({'CONV': [128, 3]}, {'CONV': [256, 5]}, {'POOLMAX': [-1, 2]}), ({'CONV': [256, 3]}, {'CONV': [64, 5]}), ({'CONV': [64, 5]}, {'CONV': [256, 3]}, {'POOLMAX': [-1, 2]}), ({'CONV': [128, 3]}, {'CONV': [256, 5]}), ({'CONV': [64, 3]}, {'CONV': [256, 3]}, {'POOLMAX': [-1, 2]}), {'GLOBAL_AVG': None}, {'LAST_DENSE': [100, 'softmax']}]",UC,NONE,GA,70,"[0.08299999684095383, 0.16259999573230743, 0.2280000001192093, 0.31529998779296875, 0.3711000084877014, 0.2976999878883362, 0.3856000006198883, 0.4462999999523163, 0.46369999647140503, 0.44940000772476196, 0.4684999883174896, 0.4691999852657318, 0.4788999855518341, 0.4546999931335449, 0.36000001430511475, 0.48500001430511475, 0.5437999963760376, 0.5655999779701233, 0.5295000076293945, 0.5529000163078308, 0.5702999830245972, 0.583899974822998, 0.5383999943733215, 0.6018999814987183, 0.545199990272522, 0.6097000241279602, 0.612500011920929, 0.6132000088691711, 0.59170001745224, 0.5795000195503235, 0.5995000004768372, 0.6097000241279602, 0.6478000283241272, 0.6133000254631042, 0.6416000127792358, 0.6499999761581421, 0.6552000045776367, 0.6488000154495239, 0.659500002861023, 0.6668999791145325, 0.6664000153541565, 0.6658999919891357, 0.6646000146865845, 0.6725000143051147, 0.6669999957084656, 0.6776000261306763, 0.6782000064849854, 0.6668999791145325, 0.6660000085830688, 0.6643000245094299, 0.660099983215332, 0.6847000122070312, 0.6855999827384949, 0.6735000014305115, 0.6797000169754028, 0.6819999814033508, 0.6801000237464905, 0.6807000041007996, 0.6872000098228455, 0.6843000054359436, 0.6848999857902527, 0.6859999895095825, 0.6851000189781189, 0.6883000135421753, 0.6902999877929688, 0.6855000257492065, 0.6877999901771545, 0.6894000172615051, 0.6884999871253967, 0.6895999908447266]","[5.201410293579102, 3.6215293407440186, 3.4818460941314697, 3.0419657230377197, 2.704188823699951, 3.8809633255004883, 2.725358247756958, 2.446706533432007, 2.4027655124664307, 2.5881752967834473, 2.3706414699554443, 2.406529426574707, 2.4048073291778564, 2.5433104038238525, 3.278594493865967, 2.445981502532959, 2.1370644569396973, 1.9731130599975586, 2.1686811447143555, 2.0947136878967285, 2.012603521347046, 1.9420771598815918, 2.3007214069366455, 1.877960205078125, 2.1406197547912598, 1.8267230987548828, 1.7941616773605347, 1.8212484121322632, 1.9360575675964355, 2.028348922729492, 1.9068588018417358, 1.8356661796569824, 1.6586213111877441, 1.899135947227478, 1.7276109457015991, 1.6875544786453247, 1.6690195798873901, 1.6879345178604126, 1.6412724256515503, 1.6213473081588745, 1.645698070526123, 1.6497873067855835, 1.6341557502746582, 1.5997604131698608, 1.6418304443359375, 1.5935289859771729, 1.5949667692184448, 1.652575969696045, 1.678765058517456, 1.680543303489685, 1.688711166381836, 1.5808823108673096, 1.5553134679794312, 1.6375781297683716, 1.5993081331253052, 1.5960702896118164, 1.6051019430160522, 1.614659309387207, 1.5913008451461792, 1.6045701503753662, 1.583842396736145, 1.5937612056732178, 1.599016547203064, 1.5939072370529175, 1.5760754346847534, 1.6002004146575928, 1.5857727527618408, 1.5853639841079712, 1.5955159664154053, 1.5927757024765015]",0.6895999908447266,,701214508,,4363172,,,,,,-1.0,-1.0,-1.0,64,0,400,0,0.16,0.0,False,BEST,0.85,True,True,"[[84  0  0 ...  0  0  0]
 [ 0 77  0 ...  0  0  0]
 [ 0  0 57 ...  0  4  0]
 ...
 [ 0  0  0 ... 70  0  0]
 [ 0  0  1 ...  0 58  1]
 [ 0  0  0 ...  0  0 72]]",0.6896,0.705039813,0.6896,0.691079506,32
BCQPRS,,4,20,5,False,False,"[14, 5, 22, 8, 21, 6, 39, 37]",[],"[{'INP': 32}, {'CONV': [64, 3]}, ({'CONV': [32, 5]}, {'CONV': [256, 3]}), ({'CONV': [32, 3]}, {'CONV': [128, 5]}, {'POOLMAX': [-1, 2]}), ({'CONV': [64, 3]}, {'CONV': [256, 3]}), ({'CONV': [32, 5]}, {'CONV': [32, 3]}, {'POOLMAX': [-1, 2]}), ({'CONV': [64, 3]}, {'CONV': [128, 5]}), ({'CONV': [32, 3]}, {'CONV': [256, 3]}, {'POOLMAX': [-1, 2]}), ({'CONV': [128, 3]}, {'CONV': [256, 5]}), ({'CONV': [128, 3]}, {'CONV': [128, 5]}, {'POOLMAX': [-1, 2]}), {'GLOBAL_AVG': None}, {'LAST_DENSE': [100, 'softmax']}]",UC,NONE,GA,70,"[0.1088000014424324, 0.18559999763965607, 0.2624000012874603, 0.2903999984264374, 0.38350000977516174, 0.3783999979496002, 0.43140000104904175, 0.43320000171661377, 0.4650999903678894, 0.4237000048160553, 0.5070000290870667, 0.5199000239372253, 0.491100013256073, 0.4429999887943268, 0.4869000017642975, 0.5475000143051147, 0.49549999833106995, 0.5166000127792358, 0.5569999814033508, 0.5390999913215637, 0.5565000176429749, 0.5440000295639038, 0.5144000053405762, 0.5364999771118164, 0.529699981212616, 0.5020999908447266, 0.5885000228881836, 0.6208999752998352, 0.6484000086784363, 0.6480000019073486, 0.626800000667572, 0.635699987411499, 0.629800021648407, 0.5938000082969666, 0.6654999852180481, 0.6754000186920166, 0.6686999797821045, 0.6571000218391418, 0.6136000156402588, 0.671500027179718, 0.6762999892234802, 0.6714000105857849, 0.6809999942779541, 0.6604999899864197, 0.6646000146865845, 0.6600000262260437, 0.6704000234603882, 0.6739000082015991, 0.6895999908447266, 0.6866999864578247, 0.6930999755859375, 0.6757000088691711, 0.6870999932289124, 0.6865000128746033, 0.6898000240325928, 0.6886000037193298, 0.6876999735832214, 0.6970000267028809, 0.6966000199317932, 0.6995000243186951, 0.692799985408783, 0.6916000247001648, 0.6959999799728394, 0.6953999996185303, 0.6947000026702881, 0.6958000063896179, 0.6966999769210815, 0.6931999921798706, 0.6958000063896179, 0.6973999738693237]","[4.527238845825195, 3.6954851150512695, 3.315481185913086, 3.6916797161102295, 2.785566806793213, 2.935635805130005, 2.651592969894409, 2.668111801147461, 2.510118246078491, 2.8021764755249023, 2.36083984375, 2.292926073074341, 2.477555990219116, 2.877654790878296, 2.5746874809265137, 2.2299492359161377, 2.6211225986480713, 2.3950319290161133, 2.2264959812164307, 2.277759313583374, 2.2263500690460205, 2.260288953781128, 2.5364625453948975, 2.3647825717926025, 2.4180448055267334, 2.6287729740142822, 2.166029453277588, 1.9978656768798828, 1.8051728010177612, 1.8217767477035522, 1.9181746244430542, 1.869404673576355, 1.9124361276626587, 2.1676788330078125, 1.7351443767547607, 1.7054789066314697, 1.750169277191162, 1.7935415506362915, 2.0748438835144043, 1.7568609714508057, 1.6894534826278687, 1.738937497138977, 1.6828113794326782, 1.78276526927948, 1.8158595561981201, 1.8127108812332153, 1.7493062019348145, 1.7660119533538818, 1.6932103633880615, 1.7117726802825928, 1.6882357597351074, 1.8122189044952393, 1.7584372758865356, 1.7432019710540771, 1.7331784963607788, 1.7654536962509155, 1.756235122680664, 1.7166897058486938, 1.706207036972046, 1.7071970701217651, 1.7414345741271973, 1.7465972900390625, 1.7379374504089355, 1.7351150512695312, 1.7381705045700073, 1.7286642789840698, 1.7366670370101929, 1.7498492002487183, 1.7484867572784424, 1.7330114841461182]",0.6973999738693237,,1004741612,,6600740,,,,,,-1.0,-1.0,-1.0,43,0,400,0,0.1075,0.0,False,BEST,0.25,True,True,"[[80  0  0 ...  0  0  0]
 [ 0 80  1 ...  0  0  0]
 [ 0  0 59 ...  0  1  0]
 ...
 [ 0  0  0 ... 72  0  1]
 [ 0  0  4 ...  0 47  1]
 [ 0  0  0 ...  0  0 73]]",0.6974,0.709993177,0.6974,0.698262173,11
BIQYME,,5,20,14,False,False,"[51, 4, 20, 30, 33, 63, 43, 55]",[],"[{'INP': 32}, {'CONV': [64, 3]}, ({'CONV': [256, 3]}, {'CONV': [64, 5]}), ({'CONV': [32, 3]}, {'CONV': [128, 3]}, {'POOLMAX': [-1, 2]}), ({'CONV': [64, 3]}, {'CONV': [128, 3]}), ({'CONV': [64, 5]}, {'CONV': [256, 3]}, {'POOLMAX': [-1, 2]}), ({'CONV': [128, 3]}, {'CONV': [32, 5]}), ({'CONV': [256, 5]}, {'CONV': [256, 5]}, {'POOLMAX': [-1, 2]}), ({'CONV': [128, 5]}, {'CONV': [64, 5]}), ({'CONV': [256, 3]}, {'CONV': [256, 5]}, {'POOLMAX': [-1, 2]}), {'GLOBAL_AVG': None}, {'LAST_DENSE': [100, 'softmax']}]",UC,NONE,GA,70,"[0.15199999511241913, 0.22020000219345093, 0.2840999960899353, 0.31450000405311584, 0.3431999981403351, 0.43209999799728394, 0.41449999809265137, 0.4602999985218048, 0.4262000024318695, 0.4927000105381012, 0.48840001225471497, 0.4690000116825104, 0.5004000067710876, 0.49309998750686646, 0.4652000069618225, 0.5146999955177307, 0.520799994468689, 0.5220999717712402, 0.44780001044273376, 0.4860999882221222, 0.5327000021934509, 0.5354999899864197, 0.5971999764442444, 0.6202999949455261, 0.6168000102043152, 0.5837000012397766, 0.5976999998092651, 0.5799999833106995, 0.589900016784668, 0.6502000093460083, 0.6338000297546387, 0.6263999938964844, 0.6381999850273132, 0.6531000137329102, 0.6539999842643738, 0.6392999887466431, 0.6312999725341797, 0.652400016784668, 0.6406000256538391, 0.6453999876976013, 0.6625000238418579, 0.6682000160217285, 0.6604999899864197, 0.6679999828338623, 0.6704999804496765, 0.6735000014305115, 0.6628000140190125, 0.6741999983787537, 0.6606000065803528, 0.6657999753952026, 0.6777999997138977, 0.6747000217437744, 0.6743999719619751, 0.6777999997138977, 0.6794999837875366, 0.6801999807357788, 0.6869000196456909, 0.6801000237464905, 0.6808000206947327, 0.683899998664856, 0.6848000288009644, 0.6826000213623047, 0.6841999888420105, 0.6862999796867371, 0.6811000108718872, 0.6840999722480774, 0.6858000159263611, 0.6832000017166138, 0.6852999925613403, 0.6826000213623047]","[3.852663993835449, 3.3753421306610107, 3.2027838230133057, 3.023139715194702, 2.9456522464752197, 2.480085849761963, 2.595848321914673, 2.4540152549743652, 2.625917673110962, 2.349151849746704, 2.3170371055603027, 2.4646713733673096, 2.3327014446258545, 2.4807474613189697, 2.5323078632354736, 2.2948036193847656, 2.2471835613250732, 2.2834761142730713, 2.678699254989624, 2.4891297817230225, 2.502934455871582, 2.2835872173309326, 1.94132661819458, 1.8399499654769897, 1.8630038499832153, 1.9993499517440796, 1.9666205644607544, 2.0382394790649414, 1.9417972564697266, 1.7221260070800781, 1.799554705619812, 1.7947689294815063, 1.7572088241577148, 1.6873867511749268, 1.66020667552948, 1.776585340499878, 1.8663116693496704, 1.73202383518219, 1.7514898777008057, 1.7455122470855713, 1.6555047035217285, 1.6336911916732788, 1.6719744205474854, 1.6668758392333984, 1.62564218044281, 1.6473511457443237, 1.6846753358840942, 1.6474425792694092, 1.7248494625091553, 1.672771692276001, 1.626676321029663, 1.6400715112686157, 1.6544718742370605, 1.6429932117462158, 1.64274001121521, 1.6378052234649658, 1.6219485998153687, 1.648651361465454, 1.6532946825027466, 1.655980110168457, 1.6355555057525635, 1.6574164628982544, 1.6430251598358154, 1.6378495693206787, 1.670884370803833, 1.6453279256820679, 1.642991542816162, 1.6495230197906494, 1.6550345420837402, 1.6536341905593872]",0.6826000213623047,,2429826092,,5698980,,,,,,-1.0,-1.0,-1.0,60,0,400,0,0.15,0.0,False,BEST,0.95,True,True,"[[79  0  0 ...  0  0  0]
 [ 0 84  0 ...  0  0  0]
 [ 0  0 58 ...  0  2  0]
 ...
 [ 0  0  0 ... 67  0  0]
 [ 0  0  5 ...  1 49  1]
 [ 0  0  1 ...  0  0 71]]",0.6826,0.696751595,0.6826,0.683816583,13
BYCUAK,,6,20,6,False,False,"[3, 51, 23, 6, 39, 52, 46, 39]",[],"[{'INP': 32}, {'CONV': [64, 3]}, ({'CONV': [32, 3]}, {'CONV': [64, 5]}), ({'CONV': [256, 3]}, {'CONV': [64, 5]}, {'POOLMAX': [-1, 2]}), ({'CONV': [64, 3]}, {'CONV': [256, 5]}), ({'CONV': [32, 3]}, {'CONV': [256, 3]}, {'POOLMAX': [-1, 2]}), ({'CONV': [128, 3]}, {'CONV': [256, 5]}), ({'CONV': [256, 3]}, {'CONV': [128, 3]}, {'POOLMAX': [-1, 2]}), ({'CONV': [128, 5]}, {'CONV': [256, 3]}), ({'CONV': [128, 3]}, {'CONV': [256, 5]}, {'POOLMAX': [-1, 2]}), {'GLOBAL_AVG': None}, {'LAST_DENSE': [100, 'softmax']}]",UC,NONE,GA,70,"[0.13099999725818634, 0.1996999979019165, 0.25769999623298645, 0.3224000036716461, 0.35740000009536743, 0.3991999924182892, 0.4375999867916107, 0.4677000045776367, 0.45590001344680786, 0.49079999327659607, 0.46779999136924744, 0.48579999804496765, 0.5116000175476074, 0.5192999839782715, 0.5220999717712402, 0.4406000077724457, 0.5145000219345093, 0.5216000080108643, 0.5597000122070312, 0.5637000203132629, 0.5594000220298767, 0.5644000172615051, 0.5324000120162964, 0.5424000024795532, 0.6086999773979187, 0.5946000218391418, 0.6309999823570251, 0.6251999735832214, 0.5978999733924866, 0.5898000001907349, 0.6304000020027161, 0.6097999811172485, 0.6226999759674072, 0.6448000073432922, 0.5892000198364258, 0.6266999840736389, 0.6328999996185303, 0.6439999938011169, 0.6409000158309937, 0.6608999967575073, 0.6588000059127808, 0.6604999899864197, 0.6743999719619751, 0.6460999846458435, 0.6553000211715698, 0.6633999943733215, 0.6488000154495239, 0.6577000021934509, 0.6787999868392944, 0.6747000217437744, 0.6772000193595886, 0.6665999889373779, 0.6725000143051147, 0.6833000183105469, 0.6851000189781189, 0.6809999942779541, 0.6801000237464905, 0.685699999332428, 0.6851999759674072, 0.6814000010490417, 0.6851999759674072, 0.6830000281333923, 0.6879000067710876, 0.6884999871253967, 0.6862999796867371, 0.6876000165939331, 0.6869000196456909, 0.6887000203132629, 0.6865000128746033, 0.6855999827384949]","[3.9473812580108643, 3.545283317565918, 3.355412483215332, 3.0873332023620605, 2.8757426738739014, 2.6976118087768555, 2.694667100906372, 2.4888715744018555, 2.527003765106201, 2.337843179702759, 2.478292942047119, 2.4161975383758545, 2.3571178913116455, 2.2770605087280273, 2.6023342609405518, 2.754204273223877, 2.34070086479187, 2.3562967777252197, 2.11092472076416, 2.1513781547546387, 2.1603848934173584, 2.1790928840637207, 2.4033737182617188, 2.2670516967773438, 1.9963051080703735, 2.1164588928222656, 1.8714470863342285, 1.888977289199829, 2.0928006172180176, 2.071608781814575, 1.8663697242736816, 2.0088257789611816, 1.892123818397522, 1.7736048698425293, 2.0952768325805664, 1.8717535734176636, 1.846838116645813, 1.8011963367462158, 1.8367118835449219, 1.7520090341567993, 1.7719194889068604, 1.7969422340393066, 1.7027275562286377, 1.8118691444396973, 1.8056426048278809, 1.7817113399505615, 1.8630337715148926, 1.7910040616989136, 1.6829800605773926, 1.725338339805603, 1.7018656730651855, 1.771456003189087, 1.7304904460906982, 1.708672285079956, 1.6837425231933594, 1.721753716468811, 1.7248618602752686, 1.7116280794143677, 1.7309093475341797, 1.7284202575683594, 1.7215123176574707, 1.7276607751846313, 1.709718108177185, 1.7076629400253296, 1.7211843729019165, 1.7183537483215332, 1.7323616743087769, 1.7191143035888672, 1.7256183624267578, 1.7209502458572388]",0.6855999827384949,,1453068524,,5248548,,,,,,-1.0,-1.0,-1.0,50,0,400,0,0.125,0.0,False,BEST,0.1,True,True,"[[80  0  0 ...  0  0  0]
 [ 0 84  0 ...  0  0  0]
 [ 1  0 57 ...  0  3  0]
 ...
 [ 0  0  0 ... 66  0  0]
 [ 0  0  3 ...  0 48  1]
 [ 0  0  0 ...  0  0 74]]",0.6856,0.69899191,0.6856,0.686319263,5
BBKKEQ,,7,20,10,False,False,"[14, 28, 4, 55, 31, 30, 37, 55]",[],"[{'INP': 32}, {'CONV': [64, 3]}, ({'CONV': [32, 5]}, {'CONV': [256, 3]}), ({'CONV': [64, 5]}, {'CONV': [128, 3]}, {'POOLMAX': [-1, 2]}), ({'CONV': [32, 3]}, {'CONV': [128, 3]}), ({'CONV': [256, 3]}, {'CONV': [256, 5]}, {'POOLMAX': [-1, 2]}), ({'CONV': [64, 5]}, {'CONV': [256, 5]}), ({'CONV': [64, 5]}, {'CONV': [256, 3]}, {'POOLMAX': [-1, 2]}), ({'CONV': [128, 3]}, {'CONV': [128, 5]}), ({'CONV': [256, 3]}, {'CONV': [256, 5]}, {'POOLMAX': [-1, 2]}), {'GLOBAL_AVG': None}, {'LAST_DENSE': [100, 'softmax']}]",UC,NONE,GA,70,"[0.12349999696016312, 0.21649999916553497, 0.31520000100135803, 0.3431999981403351, 0.3095000088214874, 0.39899998903274536, 0.42340001463890076, 0.426800012588501, 0.4465999901294708, 0.4352000057697296, 0.4577000141143799, 0.4675000011920929, 0.47679999470710754, 0.46209999918937683, 0.4758000075817108, 0.49320000410079956, 0.4767000079154968, 0.4839000105857849, 0.525600016117096, 0.48969998955726624, 0.5307999849319458, 0.5587000250816345, 0.5002999901771545, 0.5583000183105469, 0.5005000233650208, 0.5684999823570251, 0.5582000017166138, 0.5615000128746033, 0.5440000295639038, 0.49050000309944153, 0.52920001745224, 0.6226999759674072, 0.6265000104904175, 0.618399977684021, 0.6338000297546387, 0.617900013923645, 0.6327999830245972, 0.642300009727478, 0.638700008392334, 0.598800003528595, 0.6632999777793884, 0.657800018787384, 0.6607000231742859, 0.6690000295639038, 0.666100025177002, 0.6499999761581421, 0.6636999845504761, 0.6646999716758728, 0.6498000025749207, 0.6764000058174133, 0.6789000034332275, 0.6834999918937683, 0.6771000027656555, 0.6802999973297119, 0.6812000274658203, 0.6796000003814697, 0.6801000237464905, 0.6858000159263611, 0.6800000071525574, 0.680899977684021, 0.6866000294685364, 0.683899998664856, 0.6863999962806702, 0.6861000061035156, 0.6862999796867371, 0.6879000067710876, 0.6862999796867371, 0.6866999864578247, 0.6876000165939331, 0.6891999840736389]","[4.128310680389404, 3.39166259765625, 2.8588526248931885, 2.9221153259277344, 3.1286823749542236, 2.6451001167297363, 2.5720198154449463, 2.5863537788391113, 2.4703075885772705, 2.6996235847473145, 2.519832134246826, 2.477450370788574, 2.462747573852539, 2.5845377445220947, 2.53725528717041, 2.3830912113189697, 2.5980136394500732, 2.4888360500335693, 2.248929262161255, 2.518137216567993, 2.254826068878174, 2.1281239986419678, 2.5560436248779297, 2.199662446975708, 2.630112886428833, 2.1197617053985596, 2.15987229347229, 2.2237637042999268, 2.26141357421875, 2.965798854827881, 2.3288395404815674, 1.9440456628799438, 1.8959386348724365, 1.9196468591690063, 1.8098808526992798, 1.9469746351242065, 1.8349698781967163, 1.8195463418960571, 1.8204532861709595, 2.0569896697998047, 1.7174396514892578, 1.736810564994812, 1.7169228792190552, 1.684918761253357, 1.7154786586761475, 1.797533392906189, 1.7514476776123047, 1.748887062072754, 1.8273048400878906, 1.6939210891723633, 1.6848523616790771, 1.670607089996338, 1.6970146894454956, 1.7338670492172241, 1.6913865804672241, 1.717159390449524, 1.7056471109390259, 1.6714285612106323, 1.7114179134368896, 1.7008227109909058, 1.699925422668457, 1.7194600105285645, 1.7247904539108276, 1.7150152921676636, 1.7133150100708008, 1.7163220643997192, 1.7120596170425415, 1.720487117767334, 1.7132841348648071, 1.7082293033599854]",0.6891999840736389,,759305772,,3404196,,,,,,-1.0,-1.0,-1.0,49,0,400,0,0.1225,0.0,False,BEST,0.55,True,True,"[[80  0  0 ...  0  0  0]
 [ 0 85  0 ...  0  0  0]
 [ 0  0 63 ...  0  2  0]
 ...
 [ 0  0  0 ... 71  0  0]
 [ 0  0  2 ...  0 56  0]
 [ 0  0  0 ...  0  0 72]]",0.6892,0.700509946,0.6892,0.689543554,9
BGVKQI,,8,20,10,False,False,"[19, 39, 23, 22, 46, 5, 3, 14]",[],"[{'INP': 32}, {'CONV': [64, 3]}, ({'CONV': [64, 3]}, {'CONV': [64, 5]}), ({'CONV': [128, 3]}, {'CONV': [256, 5]}, {'POOLMAX': [-1, 2]}), ({'CONV': [64, 3]}, {'CONV': [256, 5]}), ({'CONV': [64, 3]}, {'CONV': [256, 3]}, {'POOLMAX': [-1, 2]}), ({'CONV': [128, 5]}, {'CONV': [256, 3]}), ({'CONV': [32, 3]}, {'CONV': [128, 5]}, {'POOLMAX': [-1, 2]}), ({'CONV': [32, 3]}, {'CONV': [64, 5]}), ({'CONV': [32, 5]}, {'CONV': [256, 3]}, {'POOLMAX': [-1, 2]}), {'GLOBAL_AVG': None}, {'LAST_DENSE': [100, 'softmax']}]",UC,NONE,GA,70,"[0.10040000081062317, 0.21660000085830688, 0.29600000381469727, 0.3495999872684479, 0.40529999136924744, 0.4092000126838684, 0.37869998812675476, 0.4478999972343445, 0.48489999771118164, 0.45019999146461487, 0.5031999945640564, 0.5073000192642212, 0.5293999910354614, 0.48590001463890076, 0.5188999772071838, 0.49799999594688416, 0.5002999901771545, 0.5394999980926514, 0.5935999751091003, 0.6047999858856201, 0.6288999915122986, 0.6144999861717224, 0.6129999756813049, 0.6287000179290771, 0.6065000295639038, 0.6078000068664551, 0.5705999732017517, 0.6226000189781189, 0.6040999889373779, 0.6588000059127808, 0.6722999811172485, 0.6590999960899353, 0.6567999720573425, 0.6636000275611877, 0.6468999981880188, 0.6682999730110168, 0.6789000034332275, 0.685699999332428, 0.6740999817848206, 0.6804999709129333, 0.692799985408783, 0.6841999888420105, 0.6868000030517578, 0.6902999877929688, 0.6819999814033508, 0.6861000061035156, 0.694599986076355, 0.6973000168800354, 0.6966000199317932, 0.6913999915122986, 0.6912999749183655, 0.6987000107765198, 0.7009999752044678, 0.7010999917984009, 0.7001000046730042, 0.6972000002861023, 0.7009999752044678, 0.6933000087738037, 0.7001000046730042, 0.6995000243186951, 0.7042999863624573, 0.7020999789237976, 0.7037000060081482, 0.7016000151634216, 0.6988999843597412, 0.6990000009536743, 0.7009000182151794, 0.6988999843597412, 0.6992999911308289, 0.6990000009536743]","[4.298609256744385, 3.5180132389068604, 3.1028189659118652, 2.9856913089752197, 2.557587146759033, 2.59246826171875, 2.8216052055358887, 2.5441088676452637, 2.3606503009796143, 2.6332483291625977, 2.320106029510498, 2.308346748352051, 2.204801082611084, 2.4178218841552734, 2.2653543949127197, 2.4891045093536377, 2.4553534984588623, 2.2589056491851807, 1.9732787609100342, 1.9469605684280396, 1.796095371246338, 1.8470308780670166, 1.8536970615386963, 1.7791922092437744, 1.902215600013733, 1.924688696861267, 2.2281293869018555, 1.8673616647720337, 1.9344021081924438, 1.6850017309188843, 1.6186518669128418, 1.6813689470291138, 1.70572030544281, 1.6829307079315186, 1.798768162727356, 1.6555335521697998, 1.6116535663604736, 1.5705395936965942, 1.6305021047592163, 1.6373066902160645, 1.562200903892517, 1.6190603971481323, 1.580734372138977, 1.5829005241394043, 1.6253966093063354, 1.6063474416732788, 1.5653151273727417, 1.5674078464508057, 1.5653159618377686, 1.6027456521987915, 1.5906670093536377, 1.5588312149047852, 1.5454190969467163, 1.5731874704360962, 1.5606337785720825, 1.5801037549972534, 1.5666111707687378, 1.6120262145996094, 1.5693637132644653, 1.5694329738616943, 1.5595009326934814, 1.567031979560852, 1.562791347503662, 1.5637181997299194, 1.5698515176773071, 1.5714881420135498, 1.5614054203033447, 1.5633074045181274, 1.5698145627975464, 1.569290280342102]",0.6990000009536743,,504338412,,4019236,,,,,,-1.0,-1.0,-1.0,38,0,400,0,0.095,0.0,False,BEST,0.55,True,True,"[[85  0  0 ...  0  0  0]
 [ 0 80  0 ...  0  0  0]
 [ 0  0 55 ...  1  2  0]
 ...
 [ 0  0  0 ... 75  1  0]
 [ 0  0  4 ...  0 53  0]
 [ 0  0  0 ...  0  0 73]]",0.6989,0.708941311,0.6989,0.698829516,12
BDOML,,9,20,13,False,False,"[26, 36, 56, 38, 33, 54, 52, 31]",[],"[{'INP': 32}, {'CONV': [64, 3]}, ({'CONV': [64, 5]}, {'CONV': [64, 3]}), ({'CONV': [128, 3]}, {'CONV': [128, 3]}, {'POOLMAX': [-1, 2]}), ({'CONV': [256, 5]}, {'CONV': [32, 3]}), ({'CONV': [128, 3]}, {'CONV': [256, 3]}, {'POOLMAX': [-1, 2]}), ({'CONV': [128, 3]}, {'CONV': [32, 5]}), ({'CONV': [256, 3]}, {'CONV': [256, 3]}, {'POOLMAX': [-1, 2]}), ({'CONV': [256, 3]}, {'CONV': [128, 3]}), ({'CONV': [64, 5]}, {'CONV': [256, 5]}, {'POOLMAX': [-1, 2]}), {'GLOBAL_AVG': None}, {'LAST_DENSE': [100, 'softmax']}]",UC,NONE,GA,70,"[0.1501999944448471, 0.1851000040769577, 0.2515999972820282, 0.3684999942779541, 0.4153999984264374, 0.44029998779296875, 0.3686999976634979, 0.4239000082015991, 0.4219000041484833, 0.4666000008583069, 0.11879999935626984, 0.46309998631477356, 0.45899999141693115, 0.4742000102996826, 0.48089998960494995, 0.5774000287055969, 0.5831999778747559, 0.5389999747276306, 0.5673999786376953, 0.5547000169754028, 0.5794000029563904, 0.5604000091552734, 0.6035000085830688, 0.5946000218391418, 0.5727999806404114, 0.6123999953269958, 0.6037999987602234, 0.6069999933242798, 0.6261000037193298, 0.6150000095367432, 0.6086999773979187, 0.5957000255584717, 0.6331999897956848, 0.6053000092506409, 0.6244000196456909, 0.6291000247001648, 0.6177999973297119, 0.5860000252723694, 0.6065999865531921, 0.6425999999046326, 0.6334999799728394, 0.6358000040054321, 0.6406000256538391, 0.6653000116348267, 0.6722999811172485, 0.6669999957084656, 0.6614999771118164, 0.6748999953269958, 0.6509000062942505, 0.6722000241279602, 0.6694999933242798, 0.6624000072479248, 0.6759999990463257, 0.6733999848365784, 0.6764000058174133, 0.6754999756813049, 0.6747000217437744, 0.6777999997138977, 0.6797999739646912, 0.6796000003814697, 0.6807000041007996, 0.6754000186920166, 0.6786999702453613, 0.6798999905586243, 0.6787999868392944, 0.680899977684021, 0.680899977684021, 0.6814000010490417, 0.6812000274658203, 0.6801999807357788]","[3.8195395469665527, 3.6422276496887207, 3.3682668209075928, 2.7473039627075195, 2.545114517211914, 2.446390390396118, 2.923983335494995, 2.6196539402008057, 2.6745877265930176, 2.440072774887085, 6.990299224853516, 2.5198025703430176, 2.619464635848999, 2.5394210815429688, 2.514604091644287, 2.005657911300659, 1.962203860282898, 2.251880407333374, 2.021846055984497, 2.189870834350586, 1.9607572555541992, 2.155498743057251, 1.889702558517456, 1.9241935014724731, 2.1030113697052, 1.8538750410079956, 1.9486294984817505, 1.9110288619995117, 1.8195220232009888, 1.8595515489578247, 1.9215689897537231, 2.0072243213653564, 1.7937566041946411, 1.9431320428848267, 1.8657419681549072, 1.8757187128067017, 1.8888827562332153, 2.140408992767334, 2.0354974269866943, 1.8451168537139893, 1.8920084238052368, 1.8533298969268799, 1.8832035064697266, 1.7527388334274292, 1.7212878465652466, 1.7525643110275269, 1.7959134578704834, 1.707810401916504, 1.8614906072616577, 1.737749457359314, 1.787375569343567, 1.7945911884307861, 1.7517900466918945, 1.743746280670166, 1.7590240240097046, 1.760244369506836, 1.7690790891647339, 1.7568670511245728, 1.7391782999038696, 1.758562445640564, 1.755293369293213, 1.791595697402954, 1.7822186946868896, 1.7573935985565186, 1.775861382484436, 1.7795425653457642, 1.7736722230911255, 1.766965389251709, 1.768524408340454, 1.7774279117584229]",0.6801999807357788,,1728151660,,4909860,,,,,,-1.0,-1.0,-1.0,58,0,400,0,0.145,0.0,False,BEST,0.65,True,True,"[[81  0  0 ...  0  0  0]
 [ 0 81  1 ...  0  0  0]
 [ 0  0 61 ...  0  3  0]
 ...
 [ 0  0  0 ... 66  0  0]
 [ 0  0  4 ...  0 45  0]
 [ 0  1  0 ...  0  0 74]]",0.68,0.694720451,0.68,0.681540047,44
BTABKN,,10,20,9,False,False,"[55, 23, 58, 29, 62, 6, 23, 54]",[],"[{'INP': 32}, {'CONV': [64, 3]}, ({'CONV': [256, 3]}, {'CONV': [256, 5]}), ({'CONV': [64, 3]}, {'CONV': [256, 5]}, {'POOLMAX': [-1, 2]}), ({'CONV': [256, 5]}, {'CONV': [64, 3]}), ({'CONV': [64, 5]}, {'CONV': [128, 5]}, {'POOLMAX': [-1, 2]}), ({'CONV': [256, 5]}, {'CONV': [256, 3]}), ({'CONV': [32, 3]}, {'CONV': [256, 3]}, {'POOLMAX': [-1, 2]}), ({'CONV': [64, 3]}, {'CONV': [256, 5]}), ({'CONV': [256, 3]}, {'CONV': [256, 3]}, {'POOLMAX': [-1, 2]}), {'GLOBAL_AVG': None}, {'LAST_DENSE': [100, 'softmax']}]",UC,NONE,GA,70,"[0.12890000641345978, 0.17839999496936798, 0.2621000111103058, 0.33000001311302185, 0.3237000107765198, 0.4334000051021576, 0.3630000054836273, 0.45570001006126404, 0.374099999666214, 0.4352000057697296, 0.4578000009059906, 0.4262999892234802, 0.5171999931335449, 0.48890000581741333, 0.527400016784668, 0.5277000069618225, 0.4016000032424927, 0.505299985408783, 0.5437999963760376, 0.5669000148773193, 0.5478000044822693, 0.5080000162124634, 0.5368000268936157, 0.48420000076293945, 0.589900016784668, 0.5509999990463257, 0.5655999779701233, 0.5414000153541565, 0.5419999957084656, 0.5728999972343445, 0.6258000135421753, 0.6036999821662903, 0.6096000075340271, 0.6093999743461609, 0.6258000135421753, 0.6166999936103821, 0.6455000042915344, 0.6545000076293945, 0.6600000262260437, 0.6534000039100647, 0.6557999849319458, 0.6532999873161316, 0.6577000021934509, 0.6600000262260437, 0.6421999931335449, 0.6564000248908997, 0.6559000015258789, 0.6597999930381775, 0.657800018787384, 0.6521999835968018, 0.6583999991416931, 0.6643999814987183, 0.6553000211715698, 0.6739000082015991, 0.6743000149726868, 0.670799970626831, 0.6693000197410583, 0.6840000152587891, 0.6726999878883362, 0.6704999804496765, 0.6710000038146973, 0.6793000102043152, 0.6790000200271606, 0.6844000220298767, 0.682200014591217, 0.6815000176429749, 0.6793000102043152, 0.6782000064849854, 0.6820999979972839, 0.6827999949455261]","[3.9942281246185303, 3.734589099884033, 3.440476655960083, 3.272498846054077, 3.1074938774108887, 2.5262176990509033, 2.874448537826538, 2.453678846359253, 2.950448513031006, 2.653275489807129, 2.4962239265441895, 2.748159885406494, 2.252765417098999, 2.4184658527374268, 2.208915948867798, 2.2067949771881104, 3.031428575515747, 2.4152045249938965, 2.192871570587158, 2.053375482559204, 2.1541261672973633, 2.3701109886169434, 2.27359676361084, 2.543872356414795, 2.0098135471343994, 2.220351219177246, 2.1207191944122314, 2.27201247215271, 2.3535711765289307, 2.1401171684265137, 1.8799165487289429, 1.9888249635696411, 1.925477385520935, 1.944914698600769, 1.8831135034561157, 1.9352980852127075, 1.7506963014602661, 1.7347564697265625, 1.7179275751113892, 1.724692940711975, 1.7217642068862915, 1.7530293464660645, 1.7324092388153076, 1.6950199604034424, 1.820207953453064, 1.726335883140564, 1.746400237083435, 1.6864173412322998, 1.6965349912643433, 1.7876654863357544, 1.7492494583129883, 1.700666069984436, 1.7480820417404175, 1.7185627222061157, 1.6420267820358276, 1.727894902229309, 1.718624472618103, 1.6329425573349, 1.6887074708938599, 1.7191342115402222, 1.7466933727264404, 1.6704437732696533, 1.706791639328003, 1.6616877317428589, 1.6832083463668823, 1.678322672843933, 1.6953824758529663, 1.6711349487304688, 1.685265064239502, 1.6759274005889893]",0.6827999949455261,,1775601772,,5393188,,,,,,-1.0,-1.0,-1.0,48,0,400,0,0.12,0.0,False,BEST,0.25,True,True,"[[86  1  0 ...  0  0  0]
 [ 0 82  0 ...  0  0  0]
 [ 0  0 61 ...  0  3  0]
 ...
 [ 0  0  0 ... 72  0  0]
 [ 0  0  0 ...  0 47  1]
 [ 0  0  0 ...  0  0 67]]",0.6828,0.696386971,0.6828,0.683569698,13
BXGKRM,,11,20,10,False,False,"[48, 16, 4, 39, 17, 20, 54, 22]",[],"[{'INP': 32}, {'CONV': [64, 3]}, ({'CONV': [256, 3]}, {'CONV': [32, 3]}), ({'CONV': [64, 3]}, {'CONV': [32, 3]}, {'POOLMAX': [-1, 2]}), ({'CONV': [32, 3]}, {'CONV': [128, 3]}), ({'CONV': [128, 3]}, {'CONV': [256, 5]}, {'POOLMAX': [-1, 2]}), ({'CONV': [64, 3]}, {'CONV': [32, 5]}), ({'CONV': [64, 3]}, {'CONV': [128, 3]}, {'POOLMAX': [-1, 2]}), ({'CONV': [256, 3]}, {'CONV': [256, 3]}), ({'CONV': [64, 3]}, {'CONV': [256, 3]}, {'POOLMAX': [-1, 2]}), {'GLOBAL_AVG': None}, {'LAST_DENSE': [100, 'softmax']}]",UC,NONE,GA,70,"[0.12110000103712082, 0.19550000131130219, 0.30550000071525574, 0.3075000047683716, 0.3497999906539917, 0.42649999260902405, 0.38420000672340393, 0.4108999967575073, 0.49309998750686646, 0.4855000078678131, 0.4560000002384186, 0.4848000109195709, 0.47839999198913574, 0.48159998655319214, 0.5824999809265137, 0.5759000182151794, 0.5460000038146973, 0.5936999917030334, 0.5712000131607056, 0.6195999979972839, 0.5516999959945679, 0.5968999862670898, 0.5717999935150146, 0.6078000068664551, 0.5924999713897705, 0.6236000061035156, 0.6534000039100647, 0.6455000042915344, 0.6517999768257141, 0.65420001745224, 0.6557000279426575, 0.6559000015258789, 0.6699000000953674, 0.678600013256073, 0.6711999773979187, 0.6718000173568726, 0.6722000241279602, 0.6801000237464905, 0.6797000169754028, 0.6862000226974487, 0.6877999901771545, 0.6945000290870667, 0.6917999982833862, 0.6985999941825867, 0.6963000297546387, 0.6897000074386597, 0.6887999773025513, 0.6995000243186951, 0.697700023651123, 0.6940000057220459, 0.6937999725341797, 0.6985999941825867, 0.6974999904632568, 0.6991999745368958, 0.6991000175476074, 0.699400007724762, 0.6980999708175659, 0.6948000192642212, 0.6984999775886536, 0.7017999887466431, 0.7005000114440918, 0.6976000070571899, 0.697700023651123, 0.6991000175476074, 0.6988999843597412, 0.6996999979019165, 0.7017999887466431, 0.6984999775886536, 0.7009000182151794, 0.7006000280380249]","[4.077279090881348, 3.6957850456237793, 2.984626293182373, 3.4161038398742676, 3.146540403366089, 2.5687780380249023, 2.8244211673736572, 2.8426427841186523, 2.3216450214385986, 2.4517464637756348, 2.6475250720977783, 2.4531261920928955, 2.4854886531829834, 2.5477914810180664, 1.989093542098999, 1.9971792697906494, 2.2516722679138184, 1.8980382680892944, 2.0322422981262207, 1.8199570178985596, 2.2969014644622803, 1.9301238059997559, 2.085430383682251, 1.9252314567565918, 1.9599976539611816, 1.9059560298919678, 1.7027279138565063, 1.7934767007827759, 1.7462981939315796, 1.722942590713501, 1.7577728033065796, 1.7414884567260742, 1.6757830381393433, 1.633050799369812, 1.681726336479187, 1.6974544525146484, 1.6986185312271118, 1.6665540933609009, 1.6724061965942383, 1.6203335523605347, 1.650490403175354, 1.6033557653427124, 1.6264909505844116, 1.6136244535446167, 1.6204006671905518, 1.657066822052002, 1.6535183191299438, 1.6019657850265503, 1.6163331270217896, 1.631486177444458, 1.6311614513397217, 1.6199712753295898, 1.6284018754959106, 1.6229089498519897, 1.638693928718567, 1.6345902681350708, 1.639814019203186, 1.6481386423110962, 1.6285935640335083, 1.6348240375518799, 1.6329342126846313, 1.6428722143173218, 1.65070641040802, 1.640607476234436, 1.640222430229187, 1.632672667503357, 1.628406047821045, 1.641393780708313, 1.628995656967163, 1.634902834892273]",0.7006000280380249,,828526956,,6621476,,,,,,-1.0,-1.0,-1.0,50,0,400,0,0.125,0.0,False,BEST,0.8,True,True,"[[86  0  0 ...  0  0  0]
 [ 0 80  0 ...  0  0  0]
 [ 0  1 58 ...  0  5  0]
 ...
 [ 0  0  0 ... 70  0  0]
 [ 0  0  2 ...  0 58  0]
 [ 0  0  0 ...  0  0 74]]",0.7006,0.712552268,0.7006,0.701759471,49
BJKOFE,,12,20,8,False,False,"[49, 12, 7, 23, 34, 29, 41, 22]",[],"[{'INP': 32}, {'CONV': [64, 3]}, ({'CONV': [256, 3]}, {'CONV': [32, 5]}), ({'CONV': [32, 5]}, {'CONV': [128, 3]}, {'POOLMAX': [-1, 2]}), ({'CONV': [32, 3]}, {'CONV': [256, 5]}), ({'CONV': [64, 3]}, {'CONV': [256, 5]}, {'POOLMAX': [-1, 2]}), ({'CONV': [128, 3]}, {'CONV': [64, 3]}), ({'CONV': [64, 5]}, {'CONV': [128, 5]}, {'POOLMAX': [-1, 2]}), ({'CONV': [128, 5]}, {'CONV': [32, 5]}), ({'CONV': [64, 3]}, {'CONV': [256, 3]}, {'POOLMAX': [-1, 2]}), {'GLOBAL_AVG': None}, {'LAST_DENSE': [100, 'softmax']}]",UC,NONE,GA,70,"[0.12870000302791595, 0.2298000007867813, 0.2223999947309494, 0.32749998569488525, 0.40700000524520874, 0.396699994802475, 0.424699991941452, 0.42809998989105225, 0.44929999113082886, 0.41780000925064087, 0.4584999978542328, 0.5109000205993652, 0.3790000081062317, 0.5008999705314636, 0.5320000052452087, 0.5216000080108643, 0.4823000133037567, 0.49900001287460327, 0.5217999815940857, 0.5295000076293945, 0.5866000056266785, 0.5985999703407288, 0.6097000241279602, 0.5777000188827515, 0.6086999773979187, 0.5893999934196472, 0.5687000155448914, 0.6108999848365784, 0.6040999889373779, 0.6007999777793884, 0.6154000163078308, 0.6212999820709229, 0.600600004196167, 0.6301000118255615, 0.6168000102043152, 0.6377999782562256, 0.6205999851226807, 0.5924000144004822, 0.6335999965667725, 0.6014999747276306, 0.6234999895095825, 0.6700000166893005, 0.6689000129699707, 0.671999990940094, 0.6657000184059143, 0.664900004863739, 0.6696000099182129, 0.678600013256073, 0.6391000151634216, 0.65829998254776, 0.6571999788284302, 0.660099983215332, 0.6769999861717224, 0.6908000111579895, 0.6884999871253967, 0.6941999793052673, 0.6909999847412109, 0.6880000233650208, 0.6862000226974487, 0.6819000244140625, 0.7002000212669373, 0.6912999749183655, 0.6944000124931335, 0.6991999745368958, 0.6915000081062317, 0.703499972820282, 0.6980000138282776, 0.701200008392334, 0.704200029373169, 0.6996999979019165]","[4.1091814041137695, 3.5083348751068115, 4.80805778503418, 3.1369681358337402, 2.7521145343780518, 3.131316900253296, 2.6807899475097656, 2.7641260623931885, 2.616440534591675, 2.8332359790802, 2.585042953491211, 2.351785182952881, 3.083200216293335, 2.4387927055358887, 2.3256423473358154, 2.327859878540039, 2.558154821395874, 2.482233762741089, 2.3385226726531982, 2.3539204597473145, 2.0082459449768066, 2.034548282623291, 1.9058246612548828, 2.065300464630127, 1.9124845266342163, 2.028733253479004, 2.1031038761138916, 1.898711919784546, 1.9177576303482056, 1.9724442958831787, 1.8774011135101318, 1.868741750717163, 2.0535078048706055, 1.8234970569610596, 1.9456138610839844, 1.8219159841537476, 1.9388353824615479, 2.100299119949341, 1.8279107809066772, 2.01930570602417, 1.941814661026001, 1.7206695079803467, 1.764674425125122, 1.720012903213501, 1.7895923852920532, 1.804001808166504, 1.7584595680236816, 1.7046011686325073, 1.9621946811676025, 1.8679648637771606, 1.8141218423843384, 1.8176465034484863, 1.7205373048782349, 1.6976187229156494, 1.6942496299743652, 1.7317142486572266, 1.7153608798980713, 1.7538484334945679, 1.7387135028839111, 1.7756145000457764, 1.7141449451446533, 1.7444530725479126, 1.7272459268569946, 1.708706021308899, 1.7735623121261597, 1.7083969116210938, 1.7376267910003662, 1.7335277795791626, 1.7202582359313965, 1.7398332357406616]",0.6996999979019165,,2430505644,,11456676,,,,,,-1.0,-1.0,-1.0,30,0,400,0,0.075,0.0,False,BEST,0.05,True,True,"[[86  0  0 ...  0  0  0]
 [ 0 84  0 ...  0  0  0]
 [ 0  0 63 ...  0  1  0]
 ...
 [ 0  0  0 ... 69  0  0]
 [ 0  0  1 ...  0 45  0]
 [ 0  0  0 ...  0  0 74]]",0.6998,0.710561758,0.6998,0.699951929,26
BMAFR,,13,20,10,False,False,"[4, 34, 23, 23, 21, 63, 54, 55]",[],"[{'INP': 32}, {'CONV': [64, 3]}, ({'CONV': [32, 3]}, {'CONV': [128, 3]}), ({'CONV': [128, 3]}, {'CONV': [64, 3]}, {'POOLMAX': [-1, 2]}), ({'CONV': [64, 3]}, {'CONV': [256, 5]}), ({'CONV': [64, 3]}, {'CONV': [256, 5]}, {'POOLMAX': [-1, 2]}), ({'CONV': [64, 3]}, {'CONV': [128, 5]}), ({'CONV': [256, 5]}, {'CONV': [256, 5]}, {'POOLMAX': [-1, 2]}), ({'CONV': [256, 3]}, {'CONV': [256, 3]}), ({'CONV': [256, 3]}, {'CONV': [256, 5]}, {'POOLMAX': [-1, 2]}), {'GLOBAL_AVG': None}, {'LAST_DENSE': [100, 'softmax']}]",UC,NONE,GA,70,"[0.08879999816417694, 0.23440000414848328, 0.21799999475479126, 0.32839998602867126, 0.34610000252723694, 0.4124000072479248, 0.4284999966621399, 0.35249999165534973, 0.4555000066757202, 0.4957999885082245, 0.4399000108242035, 0.4896000027656555, 0.48840001225471497, 0.4724999964237213, 0.48820000886917114, 0.5867000222206116, 0.5618000030517578, 0.5618000030517578, 0.6017000079154968, 0.597599983215332, 0.5662000179290771, 0.5845000147819519, 0.5866000056266785, 0.6247000098228455, 0.5943999886512756, 0.6068000197410583, 0.5981000065803528, 0.5958999991416931, 0.61080002784729, 0.6452999711036682, 0.6434999704360962, 0.640999972820282, 0.6516000032424927, 0.6409000158309937, 0.6388000249862671, 0.660099983215332, 0.6740000247955322, 0.6675999760627747, 0.6790000200271606, 0.6862999796867371, 0.679099977016449, 0.6665999889373779, 0.6851000189781189, 0.6769999861717224, 0.6862000226974487, 0.6916000247001648, 0.6833999752998352, 0.6901000142097473, 0.6887000203132629, 0.694599986076355, 0.6915000081062317, 0.6919999718666077, 0.6951000094413757, 0.6919999718666077, 0.6934999823570251, 0.6941999793052673, 0.695900022983551, 0.692799985408783, 0.6955999732017517, 0.6952999830245972, 0.6948000192642212, 0.6952999830245972, 0.6938999891281128, 0.6934000253677368, 0.6937000155448914, 0.6949999928474426, 0.6945000290870667, 0.6948000192642212, 0.6948000192642212, 0.6953999996185303]","[4.47174596786499, 3.340322256088257, 3.4851245880126953, 2.924130916595459, 2.8376662731170654, 2.572736978530884, 2.5529634952545166, 2.943143129348755, 2.523233652114868, 2.288839101791382, 2.6719329357147217, 2.3440542221069336, 2.3970489501953125, 2.486185073852539, 2.4498467445373535, 1.9660019874572754, 2.079730272293091, 2.0696680545806885, 1.8658413887023926, 1.891445517539978, 2.090531349182129, 1.9901272058486938, 1.9674656391143799, 1.803166389465332, 1.9803907871246338, 1.886888027191162, 1.9473317861557007, 1.9710603952407837, 1.8974519968032837, 1.7274658679962158, 1.7699166536331177, 1.7797882556915283, 1.752865195274353, 1.7942761182785034, 1.782496452331543, 1.751214861869812, 1.6284102201461792, 1.6775290966033936, 1.6058697700500488, 1.6218980550765991, 1.6711074113845825, 1.735918402671814, 1.6351572275161743, 1.6646027565002441, 1.6629070043563843, 1.6437638998031616, 1.6324355602264404, 1.642049789428711, 1.642639398574829, 1.6309536695480347, 1.6439331769943237, 1.6240730285644531, 1.664232611656189, 1.6398577690124512, 1.6492345333099365, 1.6584199666976929, 1.6517661809921265, 1.6708396673202515, 1.6577013731002808, 1.6599782705307007, 1.6598070859909058, 1.6623226404190063, 1.6665555238723755, 1.667968988418579, 1.6630033254623413, 1.6637896299362183, 1.6562435626983643, 1.6618980169296265, 1.6600329875946045, 1.6594187021255493]",0.6953999996185303,,700691628,,3878564,,,,,,-1.0,-1.0,-1.0,52,0,400,0,0.13,0.0,False,BEST,0.2,True,True,"[[91  0  0 ...  0  0  0]
 [ 0 82  0 ...  0  0  0]
 [ 0  0 58 ...  0  6  0]
 ...
 [ 0  0  0 ... 71  0  0]
 [ 0  0  2 ...  0 57  0]
 [ 0  0  1 ...  0  0 71]]",0.6955,0.707180128,0.6955,0.696470017,1
BYOFDY,,14,20,16,False,False,"[12, 62, 23, 12, 55, 44, 54, 37]",[],"[{'INP': 32}, {'CONV': [64, 3]}, ({'CONV': [32, 5]}, {'CONV': [128, 3]}), ({'CONV': [256, 5]}, {'CONV': [256, 3]}, {'POOLMAX': [-1, 2]}), ({'CONV': [64, 3]}, {'CONV': [256, 5]}), ({'CONV': [32, 5]}, {'CONV': [128, 3]}, {'POOLMAX': [-1, 2]}), ({'CONV': [256, 3]}, {'CONV': [256, 5]}), ({'CONV': [128, 5]}, {'CONV': [128, 3]}, {'POOLMAX': [-1, 2]}), ({'CONV': [256, 3]}, {'CONV': [256, 3]}), ({'CONV': [128, 3]}, {'CONV': [128, 5]}, {'POOLMAX': [-1, 2]}), {'GLOBAL_AVG': None}, {'LAST_DENSE': [100, 'softmax']}]",UC,NONE,GA,70,"[0.12099999934434891, 0.16680000722408295, 0.3025999963283539, 0.27140000462532043, 0.3447999954223633, 0.3716000020503998, 0.4056999981403351, 0.3837999999523163, 0.41839998960494995, 0.361299991607666, 0.4343000054359436, 0.44429999589920044, 0.44690001010894775, 0.4383000135421753, 0.5178999900817871, 0.2849999964237213, 0.5202999711036682, 0.5091000199317932, 0.47209998965263367, 0.5113000273704529, 0.5648000240325928, 0.5895000100135803, 0.5541999936103821, 0.5824000239372253, 0.603600025177002, 0.5425999760627747, 0.5770000219345093, 0.5914000272750854, 0.5335000157356262, 0.5867000222206116, 0.6169000267982483, 0.6398000121116638, 0.6236000061035156, 0.61080002784729, 0.630299985408783, 0.645799994468689, 0.6360999941825867, 0.6290000081062317, 0.6363999843597412, 0.6315000057220459, 0.6425999999046326, 0.647599995136261, 0.6542999744415283, 0.6322000026702881, 0.6446999907493591, 0.6495000123977661, 0.6547999978065491, 0.657800018787384, 0.6396999955177307, 0.6557999849319458, 0.649399995803833, 0.6491000056266785, 0.6636000275611877, 0.6665999889373779, 0.666100025177002, 0.6686999797821045, 0.6690999865531921, 0.6730999946594238, 0.6644999980926514, 0.6590999960899353, 0.6647999882698059, 0.6675999760627747, 0.6632000207901001, 0.6689000129699707, 0.6712999939918518, 0.6662999987602234, 0.669700026512146, 0.6714000105857849, 0.6722999811172485, 0.6714000105857849]","[4.006649971008301, 3.852708578109741, 3.0119001865386963, 3.3164539337158203, 2.873185873031616, 2.8827362060546875, 2.714066743850708, 2.7582998275756836, 2.6526317596435547, 3.091769218444824, 2.619429588317871, 2.587812900543213, 2.521435260772705, 2.6148366928100586, 2.2357161045074463, 7.93386697769165, 2.288252353668213, 2.313509464263916, 2.686373710632324, 2.310030221939087, 2.0770814418792725, 1.899949073791504, 2.1092169284820557, 1.970719337463379, 1.8578505516052246, 2.2450292110443115, 2.0122106075286865, 1.9454220533370972, 2.2189276218414307, 1.9576358795166016, 1.8839322328567505, 1.7281484603881836, 1.814876914024353, 1.9125914573669434, 1.781043529510498, 1.69791841506958, 1.761920690536499, 1.7728166580200195, 1.7143582105636597, 1.7809587717056274, 1.752415657043457, 1.7174769639968872, 1.6798022985458374, 1.798029899597168, 1.7496384382247925, 1.7156336307525635, 1.6810904741287231, 1.6586883068084717, 1.808625340461731, 1.6736482381820679, 1.7426458597183228, 1.7819300889968872, 1.6791527271270752, 1.6778194904327393, 1.6832337379455566, 1.6537737846374512, 1.6753326654434204, 1.6454453468322754, 1.7011189460754395, 1.750727891921997, 1.7069330215454102, 1.677884817123413, 1.719283938407898, 1.6858042478561401, 1.6925877332687378, 1.721061110496521, 1.6952552795410156, 1.6969826221466064, 1.6889294385910034, 1.699241042137146]",0.6714000105857849,,3126691884,,7788964,,,,,,-1.0,-1.0,-1.0,62,0,400,0,0.155,0.0,False,BEST,0.65,True,True,"[[81  0  0 ...  0  0  0]
 [ 0 82  0 ...  0  0  0]
 [ 1  0 52 ...  0  7  0]
 ...
 [ 0  0  0 ... 67  0  0]
 [ 0  0  2 ...  0 45  1]
 [ 0  0  0 ...  0  0 73]]",0.6715,0.682016647,0.6715,0.671111776,29
BFRTNP,,15,20,9,False,False,"[14, 16, 5, 21, 50, 4, 39, 4]",[],"[{'INP': 32}, {'CONV': [64, 3]}, ({'CONV': [32, 5]}, {'CONV': [256, 3]}), ({'CONV': [64, 3]}, {'CONV': [32, 3]}, {'POOLMAX': [-1, 2]}), ({'CONV': [32, 3]}, {'CONV': [128, 5]}), ({'CONV': [64, 3]}, {'CONV': [128, 5]}, {'POOLMAX': [-1, 2]}), ({'CONV': [256, 3]}, {'CONV': [64, 3]}), ({'CONV': [32, 3]}, {'CONV': [128, 3]}, {'POOLMAX': [-1, 2]}), ({'CONV': [128, 3]}, {'CONV': [256, 5]}), ({'CONV': [32, 3]}, {'CONV': [128, 3]}, {'POOLMAX': [-1, 2]}), {'GLOBAL_AVG': None}, {'LAST_DENSE': [100, 'softmax']}]",UC,NONE,GA,70,"[0.0778999999165535, 0.10769999772310257, 0.21629999577999115, 0.2978000044822693, 0.3474999964237213, 0.37709999084472656, 0.3707999885082245, 0.3598000109195709, 0.43709999322891235, 0.4505000114440918, 0.4796000123023987, 0.3935000002384186, 0.4812000095844269, 0.4731000065803528, 0.47119998931884766, 0.5070000290870667, 0.4456999897956848, 0.5073000192642212, 0.5058000087738037, 0.4918000102043152, 0.5116999745368958, 0.5077999830245972, 0.5198000073432922, 0.6079999804496765, 0.5214999914169312, 0.6019999980926514, 0.6033999919891357, 0.6227999925613403, 0.6193000078201294, 0.5802000164985657, 0.6251999735832214, 0.6388000249862671, 0.604200005531311, 0.5965999960899353, 0.6140000224113464, 0.6177999973297119, 0.5902000069618225, 0.6603999733924866, 0.640500009059906, 0.6538000106811523, 0.661899983882904, 0.6674000024795532, 0.6561999917030334, 0.6606000065803528, 0.677299976348877, 0.6722000241279602, 0.680899977684021, 0.6707000136375427, 0.6837999820709229, 0.6762999892234802, 0.6800000071525574, 0.6700000166893005, 0.6854000091552734, 0.6794000267982483, 0.6937000155448914, 0.6836000084877014, 0.6840999722480774, 0.6891000270843506, 0.6859999895095825, 0.6852999925613403, 0.6933000087738037, 0.6890000104904175, 0.6906999945640564, 0.6894000172615051, 0.6926000118255615, 0.6931999921798706, 0.6967999935150146, 0.6942999958992004, 0.6941999793052673, 0.6927000284194946]","[4.255369186401367, 4.478667736053467, 3.6257379055023193, 2.999753475189209, 2.844099521636963, 2.723639965057373, 2.8650448322296143, 2.9992690086364746, 2.519317865371704, 2.4739482402801514, 2.389399766921997, 2.904343843460083, 2.4042787551879883, 2.391061544418335, 2.4899864196777344, 2.3547418117523193, 2.9364562034606934, 2.305337429046631, 2.7678866386413574, 2.510181427001953, 2.3642897605895996, 2.4327828884124756, 2.377690315246582, 1.9239952564239502, 2.4033846855163574, 1.9512251615524292, 1.913111925125122, 1.8429685831069946, 1.8478339910507202, 2.087160110473633, 1.8220312595367432, 1.7649081945419312, 1.9517124891281128, 1.919177770614624, 1.8668776750564575, 1.8676687479019165, 2.080012798309326, 1.6985465288162231, 1.8104990720748901, 1.759445309638977, 1.7257232666015625, 1.7095938920974731, 1.7483998537063599, 1.7122328281402588, 1.6514090299606323, 1.6775296926498413, 1.6535154581069946, 1.6828292608261108, 1.6427421569824219, 1.6551021337509155, 1.6735389232635498, 1.7187976837158203, 1.6545789241790771, 1.6732085943222046, 1.606061339378357, 1.6675857305526733, 1.6723191738128662, 1.6350867748260498, 1.646334171295166, 1.6711755990982056, 1.6301006078720093, 1.6564304828643799, 1.6525601148605347, 1.6438212394714355, 1.6425037384033203, 1.648678183555603, 1.632673740386963, 1.6438441276550293, 1.635130763053894, 1.64604651927948]",0.6927000284194946,,4111076396,,8051108,,,,,,-1.0,-1.0,-1.0,55,0,400,0,0.1375,0.0,False,BEST,0.8,True,True,"[[87  0  0 ...  0  0  0]
 [ 0 78  0 ...  0  0  0]
 [ 1  0 62 ...  0  3  0]
 ...
 [ 0  0  0 ... 75  0  0]
 [ 0  0  1 ...  0 46  0]
 [ 0  0  0 ...  0  0 76]]",0.6927,0.70043841,0.6927,0.692048387,28
BBYYJG,,16,20,13,False,False,"[38, 14, 11, 59, 31, 6, 38, 39]",[],"[{'INP': 32}, {'CONV': [64, 3]}, ({'CONV': [128, 3]}, {'CONV': [256, 3]}), ({'CONV': [32, 5]}, {'CONV': [256, 3]}, {'POOLMAX': [-1, 2]}), ({'CONV': [32, 5]}, {'CONV': [64, 5]}), ({'CONV': [256, 5]}, {'CONV': [64, 5]}, {'POOLMAX': [-1, 2]}), ({'CONV': [64, 5]}, {'CONV': [256, 5]}), ({'CONV': [32, 3]}, {'CONV': [256, 3]}, {'POOLMAX': [-1, 2]}), ({'CONV': [128, 3]}, {'CONV': [256, 3]}), ({'CONV': [128, 3]}, {'CONV': [256, 5]}, {'POOLMAX': [-1, 2]}), {'GLOBAL_AVG': None}, {'LAST_DENSE': [100, 'softmax']}]",UC,NONE,GA,70,"[0.0722000002861023, 0.16940000653266907, 0.2345000058412552, 0.2874999940395355, 0.3206000030040741, 0.3668000102043152, 0.35659998655319214, 0.40529999136924744, 0.42010000348091125, 0.45320001244544983, 0.4406999945640564, 0.31529998779296875, 0.45320001244544983, 0.4966999888420105, 0.45649999380111694, 0.4758000075817108, 0.5091999769210815, 0.5166000127792358, 0.5020999908447266, 0.5087000131607056, 0.531499981880188, 0.5206999778747559, 0.48159998655319214, 0.5131000280380249, 0.49959999322891235, 0.5224999785423279, 0.592199981212616, 0.5972999930381775, 0.5540000200271606, 0.5911999940872192, 0.5842999815940857, 0.5902000069618225, 0.5899999737739563, 0.6227999925613403, 0.6328999996185303, 0.6280999779701233, 0.6234999895095825, 0.6251999735832214, 0.6360999941825867, 0.6209999918937683, 0.6212000250816345, 0.6373000144958496, 0.6292999982833862, 0.6320000290870667, 0.6471999883651733, 0.6373999714851379, 0.6554999947547913, 0.6500999927520752, 0.6477000117301941, 0.6557999849319458, 0.6446999907493591, 0.6506999731063843, 0.65420001745224, 0.6625000238418579, 0.6596999764442444, 0.6543999910354614, 0.654699981212616, 0.6560999751091003, 0.6615999937057495, 0.6581000089645386, 0.6658999919891357, 0.6629999876022339, 0.6626999974250793, 0.6646999716758728, 0.6644999980926514, 0.6643000245094299, 0.6643000245094299, 0.6629999876022339, 0.6636000275611877, 0.6621999740600586]","[4.259926795959473, 3.6828012466430664, 3.3101918697357178, 3.1211893558502197, 2.912106990814209, 2.7621097564697266, 2.9341773986816406, 2.673513412475586, 2.5563571453094482, 2.5009117126464844, 2.508695125579834, 3.4031221866607666, 2.4678595066070557, 2.235736846923828, 2.4704930782318115, 2.3850200176239014, 2.2398288249969482, 2.1994123458862305, 2.2935009002685547, 2.272507905960083, 2.143425703048706, 2.2453911304473877, 2.6005470752716064, 2.3084049224853516, 2.382982015609741, 2.2429583072662354, 1.9218556880950928, 1.897096872329712, 2.100952386856079, 1.9307864904403687, 1.9624394178390503, 1.926957607269287, 1.976424217224121, 1.7665367126464844, 1.7602111101150513, 1.7526518106460571, 1.8147673606872559, 1.8082666397094727, 1.7246791124343872, 1.7961997985839844, 1.8283905982971191, 1.7267996072769165, 1.7643251419067383, 1.7514904737472534, 1.6873047351837158, 1.7418723106384277, 1.650540828704834, 1.6979389190673828, 1.6905275583267212, 1.6612765789031982, 1.7272508144378662, 1.680519700050354, 1.6901836395263672, 1.6534453630447388, 1.679015874862671, 1.6922638416290283, 1.6942081451416016, 1.6922086477279663, 1.6628865003585815, 1.6769533157348633, 1.6610110998153687, 1.6730549335479736, 1.6728519201278687, 1.6680498123168945, 1.6622951030731201, 1.6600127220153809, 1.6660939455032349, 1.67881441116333, 1.6699769496917725, 1.6729228496551514]",0.6621999740600586,,1331709356,,3376804,,,,,,-1.0,-1.0,-1.0,49,0,400,0,0.1225,0.0,False,BEST,0.7,True,True,"[[82  0  0 ...  0  0  0]
 [ 0 77  0 ...  0  0  0]
 [ 0  0 53 ...  0  7  0]
 ...
 [ 0  0  0 ... 67  0  0]
 [ 0  0  4 ...  0 49  1]
 [ 0  0  0 ...  0  0 74]]",0.6621,0.673358976,0.6621,0.661294124,66
BWPITF,,17,20,15,False,False,"[2, 12, 4, 19, 39, 47, 39, 55]",[],"[{'INP': 32}, {'CONV': [64, 3]}, ({'CONV': [32, 3]}, {'CONV': [64, 3]}), ({'CONV': [32, 5]}, {'CONV': [128, 3]}, {'POOLMAX': [-1, 2]}), ({'CONV': [32, 3]}, {'CONV': [128, 3]}), ({'CONV': [64, 3]}, {'CONV': [64, 5]}, {'POOLMAX': [-1, 2]}), ({'CONV': [128, 3]}, {'CONV': [256, 5]}), ({'CONV': [128, 5]}, {'CONV': [256, 5]}, {'POOLMAX': [-1, 2]}), ({'CONV': [128, 3]}, {'CONV': [256, 5]}), ({'CONV': [256, 3]}, {'CONV': [256, 5]}, {'POOLMAX': [-1, 2]}), {'GLOBAL_AVG': None}, {'LAST_DENSE': [100, 'softmax']}]",UC,NONE,GA,70,"[0.08990000188350677, 0.20880000293254852, 0.2727000117301941, 0.3682999908924103, 0.3224000036716461, 0.3813999891281128, 0.41510000824928284, 0.450300008058548, 0.45719999074935913, 0.41190001368522644, 0.5177000164985657, 0.5023000240325928, 0.5227000117301941, 0.4603999853134155, 0.5210999846458435, 0.5303999781608582, 0.4124999940395355, 0.5209000110626221, 0.6118999719619751, 0.583299994468689, 0.5981000065803528, 0.5807999968528748, 0.6144999861717224, 0.5778999924659729, 0.5820000171661377, 0.5629000067710876, 0.6330000162124634, 0.6187000274658203, 0.6262000203132629, 0.6233999729156494, 0.614799976348877, 0.6158999800682068, 0.6553999781608582, 0.6606000065803528, 0.6428999900817871, 0.652899980545044, 0.6414999961853027, 0.661300003528595, 0.6272000074386597, 0.6647999882698059, 0.6686000227928162, 0.6656000018119812, 0.671500027179718, 0.6718000173568726, 0.6672000288963318, 0.6610999703407288, 0.6798999905586243, 0.6789000034332275, 0.6801999807357788, 0.6814000010490417, 0.6794999837875366, 0.6793000102043152, 0.6823999881744385, 0.6851000189781189, 0.6855999827384949, 0.6868000030517578, 0.6865000128746033, 0.6870999932289124, 0.6848999857902527, 0.6848999857902527, 0.6855000257492065, 0.684499979019165, 0.6855999827384949, 0.6868000030517578, 0.6869000196456909, 0.6872000098228455, 0.6852999925613403, 0.6858000159263611, 0.6859999895095825, 0.6855000257492065]","[4.244195938110352, 3.452921152114868, 3.1451101303100586, 2.731985569000244, 2.955120801925659, 2.7729856967926025, 2.5725302696228027, 2.4864344596862793, 2.381453037261963, 2.7589316368103027, 2.163698196411133, 2.2533421516418457, 2.1518027782440186, 2.4720935821533203, 2.245901346206665, 2.169538974761963, 2.990471839904785, 2.226841688156128, 1.8481956720352173, 1.9625943899154663, 1.8582955598831177, 1.9772083759307861, 1.830370545387268, 2.0415985584259033, 1.9981998205184937, 2.1620023250579834, 1.7498751878738403, 1.8075164556503296, 1.7649939060211182, 1.7999496459960938, 1.8166630268096924, 1.8062160015106201, 1.671828269958496, 1.6364763975143433, 1.752895712852478, 1.670637845993042, 1.7796562910079956, 1.6575523614883423, 1.846217393875122, 1.6568603515625, 1.6238093376159668, 1.6551587581634521, 1.6357531547546387, 1.6239696741104126, 1.6516079902648926, 1.7381129264831543, 1.5998377799987793, 1.6138691902160645, 1.6220366954803467, 1.614730954170227, 1.6154950857162476, 1.6363706588745117, 1.6237531900405884, 1.6097867488861084, 1.6342235803604126, 1.6076290607452393, 1.6164445877075195, 1.6232870817184448, 1.6212924718856812, 1.6227062940597534, 1.627595067024231, 1.6363049745559692, 1.6344256401062012, 1.6293829679489136, 1.6295181512832642, 1.6304161548614502, 1.6328927278518677, 1.629227876663208, 1.629616618156433, 1.6294801235198975]",0.6855000257492065,,506682028,,4446372,,,,,,-1.0,-1.0,-1.0,86,0,400,0,0.215,0.0,False,BEST,0.4,True,True,"[[83  0  0 ...  0  0  0]
 [ 0 77  0 ...  0  0  0]
 [ 0  0 51 ...  0  4  0]
 ...
 [ 0  0  0 ... 69  0  0]
 [ 0  0  1 ...  0 49  0]
 [ 0  0  0 ...  0  0 68]]",0.6856,0.696466669,0.6856,0.685395215,21
BYDCJ,,18,20,7,False,False,"[55, 48, 7, 5, 21, 54, 43, 55]",[],"[{'INP': 32}, {'CONV': [64, 3]}, ({'CONV': [256, 3]}, {'CONV': [256, 5]}), ({'CONV': [256, 3]}, {'CONV': [32, 3]}, {'POOLMAX': [-1, 2]}), ({'CONV': [32, 3]}, {'CONV': [256, 5]}), ({'CONV': [32, 3]}, {'CONV': [128, 5]}, {'POOLMAX': [-1, 2]}), ({'CONV': [64, 3]}, {'CONV': [128, 5]}), ({'CONV': [256, 3]}, {'CONV': [256, 3]}, {'POOLMAX': [-1, 2]}), ({'CONV': [128, 5]}, {'CONV': [64, 5]}), ({'CONV': [256, 3]}, {'CONV': [256, 5]}, {'POOLMAX': [-1, 2]}), {'GLOBAL_AVG': None}, {'LAST_DENSE': [100, 'softmax']}]",UC,NONE,GA,70,"[0.056299999356269836, 0.1964000016450882, 0.22869999706745148, 0.2793999910354614, 0.22419999539852142, 0.41530001163482666, 0.38029998540878296, 0.43309998512268066, 0.37790000438690186, 0.43650001287460327, 0.3862999975681305, 0.5307000279426575, 0.5217999815940857, 0.4438000023365021, 0.4580000042915344, 0.5112000107765198, 0.5123999714851379, 0.5777999758720398, 0.5834000110626221, 0.5701000094413757, 0.5825999975204468, 0.6022999882698059, 0.5799999833106995, 0.574999988079071, 0.5659000277519226, 0.5910999774932861, 0.5918999910354614, 0.6535999774932861, 0.6468999981880188, 0.6575999855995178, 0.6288999915122986, 0.6384000182151794, 0.6467999815940857, 0.65829998254776, 0.652400016784668, 0.6618000268936157, 0.6693999767303467, 0.6477000117301941, 0.6676999926567078, 0.6665999889373779, 0.6764000058174133, 0.6804999709129333, 0.6772000193595886, 0.6789000034332275, 0.6809999942779541, 0.6784999966621399, 0.677299976348877, 0.6834999918937683, 0.6765999794006348, 0.6863999962806702, 0.6841999888420105, 0.6868000030517578, 0.680400013923645, 0.6840999722480774, 0.6798999905586243, 0.6834999918937683, 0.6829000115394592, 0.6827999949455261, 0.6852999925613403, 0.6841999888420105, 0.6833999752998352, 0.6834999918937683, 0.6815000176429749, 0.6841999888420105, 0.6823999881744385, 0.6825000047683716, 0.6809999942779541, 0.6837999820709229, 0.682699978351593, 0.6818000078201294]","[8.656745910644531, 3.7649776935577393, 4.425939559936523, 3.613149881362915, 4.957883358001709, 2.5375478267669678, 3.043201208114624, 2.5402910709381104, 2.8010213375091553, 2.535332679748535, 2.8819894790649414, 2.127082109451294, 2.220003843307495, 2.8717539310455322, 2.5760366916656494, 2.2653863430023193, 2.27449107170105, 1.9587880373001099, 1.9301546812057495, 2.00175404548645, 1.9977742433547974, 1.8553295135498047, 1.9370790719985962, 2.0108895301818848, 2.0500357151031494, 1.9105486869812012, 1.9665898084640503, 1.6493216753005981, 1.6600314378738403, 1.6376882791519165, 1.8092583417892456, 1.764286756515503, 1.7130765914916992, 1.6417757272720337, 1.6840447187423706, 1.6469188928604126, 1.646623969078064, 1.777318000793457, 1.6799671649932861, 1.6439820528030396, 1.6104649305343628, 1.599981427192688, 1.636963129043579, 1.631034255027771, 1.616290807723999, 1.6437253952026367, 1.6244096755981445, 1.6060982942581177, 1.6535316705703735, 1.5984128713607788, 1.618883490562439, 1.621920108795166, 1.6274610757827759, 1.6240726709365845, 1.6355905532836914, 1.6195204257965088, 1.6281920671463013, 1.6302608251571655, 1.614331841468811, 1.625325083732605, 1.6261924505233765, 1.6224822998046875, 1.6408779621124268, 1.6388001441955566, 1.6438530683517456, 1.6414672136306763, 1.636277198791504, 1.6333191394805908, 1.6369843482971191, 1.6373261213302612]",0.6818000078201294,,1006089644,,4578980,,,,,,-1.0,-1.0,-1.0,32,0,400,0,0.08,0.0,False,BEST,0.25,True,True,"[[85  0  0 ...  0  0  0]
 [ 0 73  0 ...  0  0  0]
 [ 0  0 54 ...  1  6  0]
 ...
 [ 0  0  0 ... 64  0  0]
 [ 0  0  1 ...  1 46  0]
 [ 0  0  0 ...  0  0 72]]",0.6817,0.693127532,0.6817,0.681765155,6
BJLEYQ,,19,20,9,False,False,"[61, 36, 20, 20, 10, 27, 47, 55]",[],"[{'INP': 32}, {'CONV': [64, 3]}, ({'CONV': [256, 5]}, {'CONV': [128, 5]}), ({'CONV': [128, 3]}, {'CONV': [128, 3]}, {'POOLMAX': [-1, 2]}), ({'CONV': [64, 3]}, {'CONV': [128, 3]}), ({'CONV': [64, 3]}, {'CONV': [128, 3]}, {'POOLMAX': [-1, 2]}), ({'CONV': [32, 5]}, {'CONV': [64, 3]}), ({'CONV': [64, 5]}, {'CONV': [64, 5]}, {'POOLMAX': [-1, 2]}), ({'CONV': [128, 5]}, {'CONV': [256, 5]}), ({'CONV': [256, 3]}, {'CONV': [256, 5]}, {'POOLMAX': [-1, 2]}), {'GLOBAL_AVG': None}, {'LAST_DENSE': [100, 'softmax']}]",UC,NONE,GA,70,"[0.08309999853372574, 0.20999999344348907, 0.24250000715255737, 0.35089999437332153, 0.35679998993873596, 0.4018999934196472, 0.391400009393692, 0.3903999924659729, 0.46219998598098755, 0.40619999170303345, 0.4918999969959259, 0.49320000410079956, 0.5264999866485596, 0.4796000123023987, 0.5145999789237976, 0.5220999717712402, 0.5192000269889832, 0.4993000030517578, 0.48739999532699585, 0.5428000092506409, 0.557699978351593, 0.5227000117301941, 0.5543000102043152, 0.5006999969482422, 0.5679000020027161, 0.4625999927520752, 0.6186000108718872, 0.6194999814033508, 0.6068999767303467, 0.5741000175476074, 0.6029999852180481, 0.6305999755859375, 0.5877000093460083, 0.640999972820282, 0.6280999779701233, 0.6317999958992004, 0.6193000078201294, 0.5934000015258789, 0.63919997215271, 0.6072999835014343, 0.6420000195503235, 0.6384000182151794, 0.6323000192642212, 0.6316999793052673, 0.6685000061988831, 0.6680999994277954, 0.6600000262260437, 0.6741999983787537, 0.6585000157356262, 0.6786999702453613, 0.6682999730110168, 0.6820999979972839, 0.6625000238418579, 0.6694999933242798, 0.6686000227928162, 0.6836000084877014, 0.6753000020980835, 0.6812000274658203, 0.6807000041007996, 0.6848000288009644, 0.6855999827384949, 0.6969000101089478, 0.6951000094413757, 0.694599986076355, 0.6963000297546387, 0.694599986076355, 0.7013999819755554, 0.692300021648407, 0.6959999799728394, 0.6934999823570251]","[4.3111891746521, 3.528426170349121, 3.441354751586914, 2.8934547901153564, 2.928590774536133, 2.686331033706665, 2.8342409133911133, 3.3541972637176514, 2.4840734004974365, 2.804738759994507, 2.3603367805480957, 2.40352725982666, 2.261357069015503, 2.471680164337158, 2.322925567626953, 2.256225109100342, 2.3826234340667725, 2.4790122509002686, 2.545778274536133, 2.2421834468841553, 2.1394639015197754, 2.3625123500823975, 2.2231380939483643, 2.6670448780059814, 2.200352668762207, 2.8316259384155273, 1.907274842262268, 1.8939671516418457, 1.9730836153030396, 2.12015438079834, 1.989913821220398, 1.8280738592147827, 2.0751826763153076, 1.8277792930603027, 1.8853027820587158, 1.8734357357025146, 1.9407166242599487, 2.0443809032440186, 1.7947331666946411, 1.9975777864456177, 1.8089542388916016, 1.8034330606460571, 1.8572478294372559, 1.8847463130950928, 1.679297685623169, 1.7121590375900269, 1.7834246158599854, 1.694533348083496, 1.7791107892990112, 1.6670368909835815, 1.7534525394439697, 1.6795976161956787, 1.7748267650604248, 1.7520122528076172, 1.7225896120071411, 1.6495596170425415, 1.7274112701416016, 1.6507335901260376, 1.7113168239593506, 1.6835252046585083, 1.6677331924438477, 1.6173292398452759, 1.6351196765899658, 1.6342936754226685, 1.6442304849624634, 1.664746642112732, 1.615362524986267, 1.6535418033599854, 1.6318308115005493, 1.6612536907196045]",0.6934999823570251,,1517563372,,5512228,,,,,,-1.0,-1.0,-1.0,47,0,400,0,0.1175,0.0,False,BEST,0.15,True,True,"[[86  0  0 ...  0  0  0]
 [ 0 80  0 ...  0  0  0]
 [ 0  0 65 ...  0  0  0]
 ...
 [ 0  0  0 ... 69  0  0]
 [ 0  0  1 ...  0 52  0]
 [ 0  0  0 ...  0  0 70]]",0.6934,0.708134607,0.6934,0.694463221,10
BNETME,,20,20,11,False,False,"[1, 28, 4, 55, 51, 7, 39, 55]",[],"[{'INP': 32}, {'CONV': [64, 3]}, ({'CONV': [32, 3]}, {'CONV': [32, 5]}), ({'CONV': [64, 5]}, {'CONV': [128, 3]}, {'POOLMAX': [-1, 2]}), ({'CONV': [32, 3]}, {'CONV': [128, 3]}), ({'CONV': [256, 3]}, {'CONV': [256, 5]}, {'POOLMAX': [-1, 2]}), ({'CONV': [256, 3]}, {'CONV': [64, 5]}), ({'CONV': [32, 3]}, {'CONV': [256, 5]}, {'POOLMAX': [-1, 2]}), ({'CONV': [128, 3]}, {'CONV': [256, 5]}), ({'CONV': [256, 3]}, {'CONV': [256, 5]}, {'POOLMAX': [-1, 2]}), {'GLOBAL_AVG': None}, {'LAST_DENSE': [100, 'softmax']}]",UC,NONE,GA,70,"[0.13179999589920044, 0.1501999944448471, 0.23659999668598175, 0.3328000009059906, 0.3686999976634979, 0.3294999897480011, 0.39739999175071716, 0.3928999900817871, 0.4708000123500824, 0.4165000021457672, 0.49000000953674316, 0.4413999915122986, 0.48260000348091125, 0.49230000376701355, 0.490200012922287, 0.498199999332428, 0.5728999972343445, 0.5722000002861023, 0.5583999752998352, 0.5756000280380249, 0.5917999744415283, 0.6202999949455261, 0.5870000123977661, 0.5981000065803528, 0.5895000100135803, 0.600600004196167, 0.5974000096321106, 0.6417999863624573, 0.6284999847412109, 0.6306999921798706, 0.6554999947547913, 0.6176000237464905, 0.6509000062942505, 0.6269999742507935, 0.6370999813079834, 0.644599974155426, 0.6711000204086304, 0.6571000218391418, 0.6682000160217285, 0.6633999943733215, 0.6564000248908997, 0.6571000218391418, 0.675599992275238, 0.6704999804496765, 0.6793000102043152, 0.682200014591217, 0.6739000082015991, 0.67330002784729, 0.6783000230789185, 0.6766999959945679, 0.6787999868392944, 0.6777999997138977, 0.6758999824523926, 0.6753000020980835, 0.6780999898910522, 0.6780999898910522, 0.6816999912261963, 0.6840000152587891, 0.6794000267982483, 0.680899977684021, 0.6819999814033508, 0.6809999942779541, 0.6815999746322632, 0.6816999912261963, 0.6809999942779541, 0.6809999942779541, 0.6836000084877014, 0.6837999820709229, 0.6825000047683716, 0.6827999949455261]","[3.905879020690918, 4.00161075592041, 3.4837944507598877, 2.8353893756866455, 2.74515438079834, 3.011187791824341, 2.6653389930725098, 2.6489479541778564, 2.3706536293029785, 2.735502243041992, 2.297603130340576, 2.5656182765960693, 2.416511058807373, 2.3184447288513184, 2.411858320236206, 2.40415096282959, 1.9980789422988892, 2.0093469619750977, 2.0572152137756348, 2.005990505218506, 1.9003918170928955, 1.7579580545425415, 1.9380253553390503, 1.89055335521698, 1.984905481338501, 1.9015820026397705, 1.9359173774719238, 1.7209101915359497, 1.7715381383895874, 1.808619499206543, 1.6613408327102661, 1.8539063930511475, 1.6901490688323975, 1.813258171081543, 1.7739181518554688, 1.7319220304489136, 1.6322802305221558, 1.6729494333267212, 1.6420681476593018, 1.6647138595581055, 1.7052597999572754, 1.6977031230926514, 1.6244925260543823, 1.657099962234497, 1.629205584526062, 1.5826420783996582, 1.6404474973678589, 1.6432584524154663, 1.6194241046905518, 1.630916953086853, 1.6339260339736938, 1.624097228050232, 1.6329623460769653, 1.6615580320358276, 1.6414424180984497, 1.6408144235610962, 1.6301676034927368, 1.6231046915054321, 1.641311526298523, 1.6275686025619507, 1.6252849102020264, 1.6334172487258911, 1.6290794610977173, 1.6321618556976318, 1.6359694004058838, 1.6355485916137695, 1.630858063697815, 1.6251320838928223, 1.6265050172805786, 1.6341466903686523]",0.6827999949455261,,775425452,,2548388,,,,,,-1.0,-1.0,-1.0,59,0,400,0,0.1475,0.0,False,BEST,0.9,True,True,"[[82  0  0 ...  0  0  0]
 [ 0 77  0 ...  0  0  1]
 [ 0  0 57 ...  0  1  0]
 ...
 [ 0  0  0 ... 70  0  0]
 [ 0  0  4 ...  0 48  0]
 [ 0  0  0 ...  0  0 69]]",0.6828,0.6976906,0.6828,0.684373624,2
BTDVWS,,21,20,9,False,False,"[14, 38, 20, 38, 46, 38, 12, 63]",[],"[{'INP': 32}, {'CONV': [64, 3]}, ({'CONV': [32, 5]}, {'CONV': [256, 3]}), ({'CONV': [128, 3]}, {'CONV': [256, 3]}, {'POOLMAX': [-1, 2]}), ({'CONV': [64, 3]}, {'CONV': [128, 3]}), ({'CONV': [128, 3]}, {'CONV': [256, 3]}, {'POOLMAX': [-1, 2]}), ({'CONV': [128, 5]}, {'CONV': [256, 3]}), ({'CONV': [128, 3]}, {'CONV': [256, 3]}, {'POOLMAX': [-1, 2]}), ({'CONV': [32, 5]}, {'CONV': [128, 3]}), ({'CONV': [256, 5]}, {'CONV': [256, 5]}, {'POOLMAX': [-1, 2]}), {'GLOBAL_AVG': None}, {'LAST_DENSE': [100, 'softmax']}]",UC,NONE,GA,70,"[0.09189999848604202, 0.19789999723434448, 0.27219998836517334, 0.31850001215934753, 0.32330000400543213, 0.3472000062465668, 0.36550000309944153, 0.390500009059906, 0.4189999997615814, 0.4575999975204468, 0.3783999979496002, 0.47519999742507935, 0.448199987411499, 0.4401000142097473, 0.4893999993801117, 0.47909998893737793, 0.4490000009536743, 0.5054000020027161, 0.5059999823570251, 0.4952999949455261, 0.5285999774932861, 0.5368000268936157, 0.5611000061035156, 0.5357999801635742, 0.5293999910354614, 0.5444999933242798, 0.5572999715805054, 0.5376999974250793, 0.6039999723434448, 0.6021999716758728, 0.5863999724388123, 0.5934000015258789, 0.6036999821662903, 0.6222000122070312, 0.5924000144004822, 0.6316999793052673, 0.6200000047683716, 0.6349999904632568, 0.6500999927520752, 0.6355000138282776, 0.6132000088691711, 0.6191999912261963, 0.6190000176429749, 0.6168000102043152, 0.6593000292778015, 0.6524999737739563, 0.6747000217437744, 0.6704000234603882, 0.6467000246047974, 0.6730999946594238, 0.6744999885559082, 0.6567000150680542, 0.6610999703407288, 0.6625000238418579, 0.6517000198364258, 0.6869999766349792, 0.6836000084877014, 0.6904000043869019, 0.6753000020980835, 0.6883999705314636, 0.682200014591217, 0.6848000288009644, 0.6929000020027161, 0.6899999976158142, 0.6912999749183655, 0.6905999779701233, 0.6851999759674072, 0.6890000104904175, 0.6935999989509583, 0.6924999952316284]","[4.399265766143799, 3.524383306503296, 3.112703561782837, 2.9033942222595215, 3.0151283740997314, 2.9457621574401855, 2.744861364364624, 2.7309088706970215, 2.602565050125122, 2.397495985031128, 2.84338641166687, 2.4048938751220703, 2.639843702316284, 2.742464303970337, 2.37485933303833, 2.4205029010772705, 2.6384754180908203, 2.3535428047180176, 2.3891191482543945, 2.4294519424438477, 2.3087217807769775, 2.2458317279815674, 2.122223138809204, 2.29886794090271, 2.3596510887145996, 2.328819990158081, 2.197403907775879, 2.275364637374878, 2.012211799621582, 1.999556064605713, 2.0999398231506348, 2.134843349456787, 2.0355453491210938, 1.9267560243606567, 2.0910749435424805, 1.862695336341858, 1.9129091501235962, 1.825951337814331, 1.8137398958206177, 1.8793253898620605, 2.0071353912353516, 1.9557584524154663, 1.9511785507202148, 2.010901927947998, 1.7987209558486938, 1.7967605590820312, 1.7318702936172485, 1.755813717842102, 1.905319333076477, 1.7118439674377441, 1.7221364974975586, 1.8312875032424927, 1.7780275344848633, 1.7973464727401733, 1.834053874015808, 1.683191180229187, 1.7105250358581543, 1.687425971031189, 1.7613853216171265, 1.7025116682052612, 1.7313847541809082, 1.706055998802185, 1.6773024797439575, 1.6933740377426147, 1.6886653900146484, 1.7235304117202759, 1.7378315925598145, 1.7199186086654663, 1.7064447402954102, 1.695968747138977]",0.6924999952316284,,790902252,,3339300,,,,,,-1.0,-1.0,-1.0,64,0,400,0,0.16,0.0,False,BEST,0.65,True,True,"[[82  0  1 ...  0  0  0]
 [ 0 73  0 ...  0  0  0]
 [ 0  0 61 ...  0  2  0]
 ...
 [ 0  0  0 ... 73  0  0]
 [ 0  0  2 ...  0 48  0]
 [ 0  0  0 ...  0  0 71]]",0.6925,0.705469394,0.6925,0.693326809,3
BPBWBR,,22,20,11,False,False,"[12, 12, 23, 38, 51, 63, 11, 55]",[],"[{'INP': 32}, {'CONV': [64, 3]}, ({'CONV': [32, 5]}, {'CONV': [128, 3]}), ({'CONV': [32, 5]}, {'CONV': [128, 3]}, {'POOLMAX': [-1, 2]}), ({'CONV': [64, 3]}, {'CONV': [256, 5]}), ({'CONV': [128, 3]}, {'CONV': [256, 3]}, {'POOLMAX': [-1, 2]}), ({'CONV': [256, 3]}, {'CONV': [64, 5]}), ({'CONV': [256, 5]}, {'CONV': [256, 5]}, {'POOLMAX': [-1, 2]}), ({'CONV': [32, 5]}, {'CONV': [64, 5]}), ({'CONV': [256, 3]}, {'CONV': [256, 5]}, {'POOLMAX': [-1, 2]}), {'GLOBAL_AVG': None}, {'LAST_DENSE': [100, 'softmax']}]",UC,NONE,GA,70,"[0.11190000176429749, 0.16130000352859497, 0.20819999277591705, 0.2913999855518341, 0.3531999886035919, 0.335999995470047, 0.32910001277923584, 0.39879998564720154, 0.4359000027179718, 0.41830000281333923, 0.44510000944137573, 0.42329999804496765, 0.3443000018596649, 0.43950000405311584, 0.46320000290870667, 0.43130001425743103, 0.4512999951839447, 0.4997999966144562, 0.5532000064849854, 0.4562999904155731, 0.49309998750686646, 0.490200012922287, 0.5310999751091003, 0.5360999703407288, 0.5875999927520752, 0.5813999772071838, 0.5989999771118164, 0.6047000288963318, 0.5898000001907349, 0.5418999791145325, 0.5913000106811523, 0.5950000286102295, 0.5849999785423279, 0.6312000155448914, 0.6123999953269958, 0.6373999714851379, 0.6122999787330627, 0.6330999732017517, 0.6255999803543091, 0.6086000204086304, 0.6274999976158142, 0.6462000012397766, 0.6629999876022339, 0.6567000150680542, 0.6477000117301941, 0.6603999733924866, 0.6523000001907349, 0.663100004196167, 0.6700999736785889, 0.6610999703407288, 0.6617000102996826, 0.6601999998092651, 0.6675000190734863, 0.6597999930381775, 0.66839998960495, 0.6674000024795532, 0.6696000099182129, 0.6717000007629395, 0.6707000136375427, 0.67330002784729, 0.671999990940094, 0.6710000038146973, 0.6725999712944031, 0.6726999878883362, 0.6712999939918518, 0.6712999939918518, 0.6703000068664551, 0.6671000123023987, 0.671500027179718, 0.671999990940094]","[3.944695234298706, 3.891857385635376, 3.601269245147705, 3.2548599243164062, 2.795217514038086, 2.979433298110962, 3.031641721725464, 2.718390703201294, 2.5534284114837646, 2.6595780849456787, 2.52340030670166, 2.7341525554656982, 3.4759371280670166, 2.654383897781372, 2.52306866645813, 2.726148843765259, 2.671881914138794, 2.399033784866333, 2.099358320236206, 2.657087802886963, 2.420992851257324, 2.45005464553833, 2.2367844581604004, 2.206331253051758, 1.9797813892364502, 1.9922603368759155, 1.8865866661071777, 1.8701345920562744, 1.8986073732376099, 2.2580573558807373, 1.9373265504837036, 1.916609764099121, 1.9731340408325195, 1.768628716468811, 1.9155181646347046, 1.706416368484497, 1.861208438873291, 1.7666820287704468, 1.7881578207015991, 1.9790884256362915, 1.816101312637329, 1.713496446609497, 1.6085783243179321, 1.650454044342041, 1.7068694829940796, 1.6351392269134521, 1.6614904403686523, 1.6372848749160767, 1.6065725088119507, 1.6646199226379395, 1.6323447227478027, 1.6783612966537476, 1.6225054264068604, 1.659072995185852, 1.6297401189804077, 1.6346642971038818, 1.6263468265533447, 1.6252515316009521, 1.6247022151947021, 1.610863208770752, 1.621557354927063, 1.6179299354553223, 1.6246384382247925, 1.6200147867202759, 1.6200894117355347, 1.6186645030975342, 1.6288418769836426, 1.6396843194961548, 1.6258915662765503, 1.617613434791565]",0.671999990940094,,845927468,,4604836,,,,,,-1.0,-1.0,-1.0,58,0,400,0,0.145,0.0,False,BEST,0.15,True,True,"[[81  0  0 ...  0  0  0]
 [ 0 80  0 ...  0  0  0]
 [ 0  1 57 ...  0  2  0]
 ...
 [ 0  0  0 ... 72  1  0]
 [ 0  0  3 ...  0 53  1]
 [ 0  0  0 ...  0  0 70]]",0.6719,0.682468869,0.6719,0.671627556,19
BVZVNS,,23,20,10,False,False,"[10, 18, 23, 39, 4, 27, 62, 22]",[],"[{'INP': 32}, {'CONV': [64, 3]}, ({'CONV': [32, 5]}, {'CONV': [64, 3]}), ({'CONV': [64, 3]}, {'CONV': [64, 3]}, {'POOLMAX': [-1, 2]}), ({'CONV': [64, 3]}, {'CONV': [256, 5]}), ({'CONV': [128, 3]}, {'CONV': [256, 5]}, {'POOLMAX': [-1, 2]}), ({'CONV': [32, 3]}, {'CONV': [128, 3]}), ({'CONV': [64, 5]}, {'CONV': [64, 5]}, {'POOLMAX': [-1, 2]}), ({'CONV': [256, 5]}, {'CONV': [256, 3]}), ({'CONV': [64, 3]}, {'CONV': [256, 3]}, {'POOLMAX': [-1, 2]}), {'GLOBAL_AVG': None}, {'LAST_DENSE': [100, 'softmax']}]",UC,NONE,GA,70,"[0.09279999881982803, 0.1370999962091446, 0.32019999623298645, 0.36820000410079956, 0.3662000000476837, 0.37720000743865967, 0.42719998955726624, 0.4431999921798706, 0.45249998569488525, 0.49050000309944153, 0.48570001125335693, 0.46160000562667847, 0.4936000108718872, 0.5112000107765198, 0.4936000108718872, 0.476500004529953, 0.5501000285148621, 0.5562999844551086, 0.5260999798774719, 0.5534999966621399, 0.5164999961853027, 0.5383999943733215, 0.5429999828338623, 0.5098000168800354, 0.5436999797821045, 0.613099992275238, 0.6083999872207642, 0.6069999933242798, 0.6251999735832214, 0.5813999772071838, 0.6240000128746033, 0.6261000037193298, 0.6176999807357788, 0.6223000288009644, 0.6406000256538391, 0.6434999704360962, 0.6198999881744385, 0.6348999738693237, 0.6255000233650208, 0.6284999847412109, 0.6190999746322632, 0.666100025177002, 0.660099983215332, 0.6718999743461609, 0.6685000061988831, 0.6694999933242798, 0.6700000166893005, 0.671999990940094, 0.6642000079154968, 0.6833999752998352, 0.6869000196456909, 0.6794999837875366, 0.6858999729156494, 0.6891000270843506, 0.6816999912261963, 0.6834999918937683, 0.6855000257492065, 0.6815999746322632, 0.6922000050544739, 0.6953999996185303, 0.6906999945640564, 0.6938999891281128, 0.6880000233650208, 0.6933000087738037, 0.6934999823570251, 0.6930999755859375, 0.6956999897956848, 0.694599986076355, 0.6917999982833862, 0.6951000094413757]","[4.383462905883789, 4.138515472412109, 2.948118209838867, 2.7666702270507812, 2.840069055557251, 2.7503488063812256, 2.559882879257202, 2.5037057399749756, 2.570161819458008, 2.365356683731079, 2.3814470767974854, 2.6448328495025635, 2.39193058013916, 2.3339998722076416, 2.452312469482422, 2.6197049617767334, 2.194537401199341, 2.1481432914733887, 2.3755857944488525, 2.1392557621002197, 2.3771286010742188, 2.2575902938842773, 2.299189329147339, 2.4331653118133545, 2.322648048400879, 1.9229048490524292, 1.9465867280960083, 1.9624334573745728, 1.903793215751648, 2.114149332046509, 1.8373620510101318, 1.8582433462142944, 1.8978145122528076, 1.9041714668273926, 1.8170546293258667, 1.7816208600997925, 1.8841960430145264, 1.8255510330200195, 1.92330801486969, 1.862432599067688, 1.9370585680007935, 1.7002322673797607, 1.7106984853744507, 1.6728906631469727, 1.6891191005706787, 1.7123513221740723, 1.719485878944397, 1.7039777040481567, 1.729355812072754, 1.646376371383667, 1.6310205459594727, 1.6524444818496704, 1.6027921438217163, 1.6401844024658203, 1.655425786972046, 1.6803596019744873, 1.6474871635437012, 1.671040654182434, 1.617682695388794, 1.6245803833007812, 1.6264698505401611, 1.615811824798584, 1.6688951253890991, 1.6350476741790771, 1.6189240217208862, 1.6320539712905884, 1.6264723539352417, 1.6207597255706787, 1.6541496515274048, 1.621333360671997]",0.6951000094413757,,1843397612,,6744100,,,,,,-1.0,-1.0,-1.0,60,0,400,0,0.15,0.0,False,BEST,0.95,True,True,"[[85  0  1 ...  0  0  0]
 [ 0 84  0 ...  0  0  0]
 [ 0  0 58 ...  0  4  0]
 ...
 [ 0  0  0 ... 73  0  0]
 [ 0  0  4 ...  0 51  0]
 [ 0  0  0 ...  0  0 71]]",0.6953,0.707618308,0.6953,0.696479486,35
BFJDGI,,24,20,11,False,False,"[14, 4, 56, 36, 53, 6, 63, 45]",[],"[{'INP': 32}, {'CONV': [64, 3]}, ({'CONV': [32, 5]}, {'CONV': [256, 3]}), ({'CONV': [32, 3]}, {'CONV': [128, 3]}, {'POOLMAX': [-1, 2]}), ({'CONV': [256, 5]}, {'CONV': [32, 3]}), ({'CONV': [128, 3]}, {'CONV': [128, 3]}, {'POOLMAX': [-1, 2]}), ({'CONV': [256, 3]}, {'CONV': [128, 5]}), ({'CONV': [32, 3]}, {'CONV': [256, 3]}, {'POOLMAX': [-1, 2]}), ({'CONV': [256, 5]}, {'CONV': [256, 5]}), ({'CONV': [128, 5]}, {'CONV': [128, 5]}, {'POOLMAX': [-1, 2]}), {'GLOBAL_AVG': None}, {'LAST_DENSE': [100, 'softmax']}]",UC,NONE,GA,70,"[0.16110000014305115, 0.2257000058889389, 0.30309998989105225, 0.3504999876022339, 0.4020000100135803, 0.36559998989105225, 0.39250001311302185, 0.42660000920295715, 0.4438000023365021, 0.4702000021934509, 0.49559998512268066, 0.39410001039505005, 0.45809999108314514, 0.4514999985694885, 0.48579999804496765, 0.525600016117096, 0.4747999906539917, 0.5357000231742859, 0.519599974155426, 0.5267000198364258, 0.5203999876976013, 0.5376999974250793, 0.5268999934196472, 0.5430999994277954, 0.5598000288009644, 0.5152000188827515, 0.5849000215530396, 0.5565999746322632, 0.507099986076355, 0.5443999767303467, 0.5444999933242798, 0.5932000279426575, 0.6294000148773193, 0.6266999840736389, 0.661899983882904, 0.6352999806404114, 0.6407999992370605, 0.6510999798774719, 0.6417999863624573, 0.6561999917030334, 0.6424999833106995, 0.6567000150680542, 0.6427000164985657, 0.6563000082969666, 0.6521999835968018, 0.6870999932289124, 0.6635000109672546, 0.6919999718666077, 0.6761000156402588, 0.6804999709129333, 0.6779999732971191, 0.6901999711990356, 0.6855000257492065, 0.6812000274658203, 0.6905999779701233, 0.6966000199317932, 0.6872000098228455, 0.7020999789237976, 0.6941999793052673, 0.6978999972343445, 0.6949999928474426, 0.6980000138282776, 0.6959999799728394, 0.6990000009536743, 0.7060999870300293, 0.6948000192642212, 0.7045000195503235, 0.7034000158309937, 0.7067000269889832, 0.707099974155426]","[3.8465847969055176, 3.466099500656128, 3.1352286338806152, 2.9488024711608887, 2.6621317863464355, 3.0961413383483887, 2.83441162109375, 2.6530261039733887, 2.6054184436798096, 2.437627077102661, 2.4168035984039307, 3.214524745941162, 2.6371288299560547, 2.6902875900268555, 2.5243782997131348, 2.3418073654174805, 2.61680269241333, 2.3143770694732666, 2.4159064292907715, 2.3554725646972656, 2.3853647708892822, 2.297454595565796, 2.3956656455993652, 2.3001186847686768, 2.237232208251953, 2.500030994415283, 2.143784999847412, 2.291801929473877, 2.6324360370635986, 2.490210771560669, 2.3952672481536865, 2.1742513179779053, 1.9350534677505493, 2.001253843307495, 1.7941027879714966, 1.902237057685852, 1.8649920225143433, 1.863799810409546, 1.8326780796051025, 1.791260004043579, 1.9024373292922974, 1.8291327953338623, 1.9178568124771118, 1.8279509544372559, 1.8632888793945312, 1.7284388542175293, 1.8524458408355713, 1.6815258264541626, 1.7705386877059937, 1.7365434169769287, 1.7665666341781616, 1.6936705112457275, 1.7171123027801514, 1.7724058628082275, 1.7294670343399048, 1.6966853141784668, 1.7564893960952759, 1.6680046319961548, 1.7008836269378662, 1.6834887266159058, 1.7336606979370117, 1.6945570707321167, 1.736530065536499, 1.69852614402771, 1.6684772968292236, 1.7253222465515137, 1.6997177600860596, 1.713159203529358, 1.6934937238693237, 1.6916965246200562]",0.707099974155426,,1913580844,,8941476,,,,,,-1.0,-1.0,-1.0,50,0,400,0,0.125,0.0,False,BEST,0.75,True,True,"[[85  0  1 ...  0  0  0]
 [ 0 81  0 ...  0  0  0]
 [ 0  0 59 ...  0  4  0]
 ...
 [ 0  0  0 ... 63  0  0]
 [ 0  0  3 ...  0 49  2]
 [ 0  1  1 ...  0  0 72]]",0.7072,0.719276074,0.7072,0.708032468,48
BQXYBJ,,25,20,12,False,False,"[2, 39, 36, 58, 28, 47, 39, 14]",[],"[{'INP': 32}, {'CONV': [64, 3]}, ({'CONV': [32, 3]}, {'CONV': [64, 3]}), ({'CONV': [128, 3]}, {'CONV': [256, 5]}, {'POOLMAX': [-1, 2]}), ({'CONV': [128, 3]}, {'CONV': [128, 3]}), ({'CONV': [256, 5]}, {'CONV': [64, 3]}, {'POOLMAX': [-1, 2]}), ({'CONV': [64, 5]}, {'CONV': [128, 3]}), ({'CONV': [128, 5]}, {'CONV': [256, 5]}, {'POOLMAX': [-1, 2]}), ({'CONV': [128, 3]}, {'CONV': [256, 5]}), ({'CONV': [32, 5]}, {'CONV': [256, 3]}, {'POOLMAX': [-1, 2]}), {'GLOBAL_AVG': None}, {'LAST_DENSE': [100, 'softmax']}]",UC,NONE,GA,70,"[0.0925000011920929, 0.1639000028371811, 0.28600001335144043, 0.2996000051498413, 0.40070000290870667, 0.40119999647140503, 0.4018999934196472, 0.3939000070095062, 0.46070000529289246, 0.4383000135421753, 0.4837999939918518, 0.4747999906539917, 0.46209999918937683, 0.48910000920295715, 0.4803999960422516, 0.48500001430511475, 0.5134000182151794, 0.5055999755859375, 0.5214999914169312, 0.4925000071525574, 0.5228999853134155, 0.5397999882698059, 0.534500002861023, 0.5001999735832214, 0.5284000039100647, 0.548799991607666, 0.5543000102043152, 0.4643000066280365, 0.5131000280380249, 0.5097000002861023, 0.5895000100135803, 0.5504999756813049, 0.5644000172615051, 0.5425000190734863, 0.576200008392334, 0.5547000169754028, 0.6001999974250793, 0.6263999938964844, 0.635699987411499, 0.6338000297546387, 0.6161999702453613, 0.6215999722480774, 0.6202999949455261, 0.6186000108718872, 0.6672999858856201, 0.6523000001907349, 0.6675000190734863, 0.6575999855995178, 0.6638000011444092, 0.6495000123977661, 0.6632000207901001, 0.6618000268936157, 0.6743999719619751, 0.6740999817848206, 0.6758000254631042, 0.6822999715805054, 0.6726999878883362, 0.6868000030517578, 0.6872000098228455, 0.6891999840736389, 0.6870999932289124, 0.6902999877929688, 0.6819000244140625, 0.6887000203132629, 0.6844000220298767, 0.6887999773025513, 0.6822999715805054, 0.6866000294685364, 0.6858999729156494, 0.6915000081062317]","[4.294007778167725, 4.189351558685303, 3.076230764389038, 3.1371004581451416, 2.601785898208618, 2.635206937789917, 2.6608941555023193, 2.803389549255371, 2.4267473220825195, 2.552048921585083, 2.362560272216797, 2.4718892574310303, 2.575000286102295, 2.348626136779785, 2.410081386566162, 2.4268534183502197, 2.29296612739563, 2.3681554794311523, 2.3544585704803467, 2.5269858837127686, 2.316728353500366, 2.24591064453125, 2.279597759246826, 2.5441625118255615, 2.297053813934326, 2.251366138458252, 2.2073960304260254, 2.7095232009887695, 2.3815176486968994, 2.4678637981414795, 2.0679845809936523, 2.2449276447296143, 2.2007052898406982, 2.33016300201416, 2.146542549133301, 2.2611477375030518, 2.0308585166931152, 1.9309743642807007, 1.8400224447250366, 1.8617982864379883, 1.9550117254257202, 1.9443728923797607, 1.9407368898391724, 1.9813207387924194, 1.7314348220825195, 1.790848970413208, 1.7182873487472534, 1.8004478216171265, 1.7644379138946533, 1.845050573348999, 1.77266263961792, 1.7768642902374268, 1.724143385887146, 1.7612026929855347, 1.7376210689544678, 1.7253931760787964, 1.7457472085952759, 1.7042315006256104, 1.728453516960144, 1.6871601343154907, 1.721740484237671, 1.700088620185852, 1.741815209388733, 1.7019357681274414, 1.7292888164520264, 1.7127810716629028, 1.731789231300354, 1.7147488594055176, 1.7252484560012817, 1.693039059638977]",0.6915000081062317,,3103973740,,5222692,,,,,,-1.0,-1.0,-1.0,64,0,400,0,0.16,0.0,False,BEST,0.05,True,True,"[[83  1  0 ...  0  0  0]
 [ 0 81  0 ...  0  0  0]
 [ 0  0 53 ...  0  1  0]
 ...
 [ 0  0  0 ... 72  1  1]
 [ 0  0  2 ...  0 51  0]
 [ 0  0  1 ...  0  0 73]]",0.6915,0.702729549,0.6915,0.69153843,34
BATAHZ,,26,20,12,False,False,"[2, 12, 4, 47, 3, 4, 58, 55]",[],"[{'INP': 32}, {'CONV': [64, 3]}, ({'CONV': [32, 3]}, {'CONV': [64, 3]}), ({'CONV': [32, 5]}, {'CONV': [128, 3]}, {'POOLMAX': [-1, 2]}), ({'CONV': [32, 3]}, {'CONV': [128, 3]}), ({'CONV': [128, 5]}, {'CONV': [256, 5]}, {'POOLMAX': [-1, 2]}), ({'CONV': [32, 3]}, {'CONV': [64, 5]}), ({'CONV': [32, 3]}, {'CONV': [128, 3]}, {'POOLMAX': [-1, 2]}), ({'CONV': [256, 5]}, {'CONV': [64, 3]}), ({'CONV': [256, 3]}, {'CONV': [256, 5]}, {'POOLMAX': [-1, 2]}), {'GLOBAL_AVG': None}, {'LAST_DENSE': [100, 'softmax']}]",UC,NONE,GA,70,"[0.1363999992609024, 0.13770000636577606, 0.2955999970436096, 0.27639999985694885, 0.3700000047683716, 0.3691999912261963, 0.4162999987602234, 0.43230000138282776, 0.4417000114917755, 0.4860000014305115, 0.4424000084400177, 0.4869999885559082, 0.4927000105381012, 0.4668000042438507, 0.5185999870300293, 0.5174000263214111, 0.5128999948501587, 0.516700029373169, 0.5415999889373779, 0.5133000016212463, 0.5637000203132629, 0.5515999794006348, 0.5415999889373779, 0.5458999872207642, 0.5437999963760376, 0.5491999983787537, 0.60589998960495, 0.6243000030517578, 0.6355999708175659, 0.6453999876976013, 0.6230999827384949, 0.611299991607666, 0.6425999999046326, 0.6126999855041504, 0.6381999850273132, 0.6657000184059143, 0.6697999835014343, 0.6686000227928162, 0.671999990940094, 0.6672000288963318, 0.6729999780654907, 0.667900025844574, 0.6539999842643738, 0.6675999760627747, 0.6836000084877014, 0.6797999739646912, 0.6962000131607056, 0.6909999847412109, 0.6866999864578247, 0.6859999895095825, 0.6897000074386597, 0.6854000091552734, 0.6966999769210815, 0.6942999958992004, 0.6877999901771545, 0.6927000284194946, 0.6947000026702881, 0.7014999985694885, 0.6956999897956848, 0.6959999799728394, 0.7013000249862671, 0.7003999948501587, 0.7002999782562256, 0.7016000151634216, 0.7056999802589417, 0.7062000036239624, 0.7035999894142151, 0.7027999758720398, 0.7014999985694885, 0.7032999992370605]","[3.8861613273620605, 4.536311149597168, 3.0410397052764893, 3.414954662322998, 2.8269920349121094, 2.8666343688964844, 2.623448610305786, 2.613210916519165, 2.5931758880615234, 2.3960235118865967, 2.7319750785827637, 2.3894870281219482, 2.442457914352417, 2.565354585647583, 2.313021659851074, 2.3401196002960205, 2.3809545040130615, 2.412064552307129, 2.2302067279815674, 2.4616405963897705, 2.1471943855285645, 2.2723939418792725, 2.3097734451293945, 2.2554333209991455, 2.31770920753479, 2.3538272380828857, 2.0003135204315186, 1.931761384010315, 1.8464460372924805, 1.7850604057312012, 1.9298765659332275, 1.9824280738830566, 1.8472912311553955, 1.9742156267166138, 1.8996052742004395, 1.7490999698638916, 1.7480738162994385, 1.7281863689422607, 1.7036670446395874, 1.7474220991134644, 1.746684193611145, 1.75593900680542, 1.8481570482254028, 1.7484209537506104, 1.697384238243103, 1.710537075996399, 1.630724549293518, 1.6435695886611938, 1.669555425643921, 1.6896920204162598, 1.6913982629776, 1.6990638971328735, 1.6344090700149536, 1.661644697189331, 1.7034649848937988, 1.6792058944702148, 1.6772074699401855, 1.6418038606643677, 1.6818912029266357, 1.6752097606658936, 1.6613129377365112, 1.6657509803771973, 1.6655904054641724, 1.6529290676116943, 1.6479201316833496, 1.647049069404602, 1.6505540609359741, 1.6536943912506104, 1.6619257926940918, 1.6552008390426636]",0.7032999992370605,,674829356,,3945380,,,,,,-1.0,-1.0,-1.0,52,0,400,0,0.13,0.0,False,BEST,0.6,True,True,"[[88  0  0 ...  0  0  0]
 [ 0 78  0 ...  0  0  0]
 [ 0  0 59 ...  0  4  0]
 ...
 [ 0  0  0 ... 70  0  0]
 [ 0  0  2 ...  0 52  0]
 [ 0  0  1 ...  0  0 68]]",0.7032,0.714420375,0.7032,0.703713252,17
BMZHVZ,,27,20,9,False,False,"[14, 38, 53, 3, 31, 54, 39, 55]",[],"[{'INP': 32}, {'CONV': [64, 3]}, ({'CONV': [32, 5]}, {'CONV': [256, 3]}), ({'CONV': [128, 3]}, {'CONV': [256, 3]}, {'POOLMAX': [-1, 2]}), ({'CONV': [256, 3]}, {'CONV': [128, 5]}), ({'CONV': [32, 3]}, {'CONV': [64, 5]}, {'POOLMAX': [-1, 2]}), ({'CONV': [64, 5]}, {'CONV': [256, 5]}), ({'CONV': [256, 3]}, {'CONV': [256, 3]}, {'POOLMAX': [-1, 2]}), ({'CONV': [128, 3]}, {'CONV': [256, 5]}), ({'CONV': [256, 3]}, {'CONV': [256, 5]}, {'POOLMAX': [-1, 2]}), {'GLOBAL_AVG': None}, {'LAST_DENSE': [100, 'softmax']}]",UC,NONE,GA,70,"[0.07760000228881836, 0.12790000438690186, 0.2167000025510788, 0.29580000042915344, 0.334199994802475, 0.3700000047683716, 0.4090000092983246, 0.41370001435279846, 0.4034999907016754, 0.4343000054359436, 0.4221000075340271, 0.4729999899864197, 0.4426000118255615, 0.4253000020980835, 0.4855000078678131, 0.5073000192642212, 0.5, 0.4848000109195709, 0.555400013923645, 0.5228000283241272, 0.5447999835014343, 0.506600022315979, 0.48500001430511475, 0.5203999876976013, 0.5705000162124634, 0.5631999969482422, 0.5679000020027161, 0.5903000235557556, 0.5902000069618225, 0.5688999891281128, 0.5942999720573425, 0.6074000000953674, 0.5918999910354614, 0.6123999953269958, 0.6161999702453613, 0.609499990940094, 0.6172000169754028, 0.6208000183105469, 0.6240000128746033, 0.6044999957084656, 0.6157000064849854, 0.5819000005722046, 0.6255999803543091, 0.6154000163078308, 0.6158999800682068, 0.6215000152587891, 0.5849999785423279, 0.6129999756813049, 0.652899980545044, 0.6445000171661377, 0.6586999893188477, 0.6435999870300293, 0.6460999846458435, 0.6686000227928162, 0.641700029373169, 0.6521000266075134, 0.6678000092506409, 0.6610999703407288, 0.6510999798774719, 0.6682000160217285, 0.6758000254631042, 0.6711999773979187, 0.6690999865531921, 0.6733999848365784, 0.6797999739646912, 0.6834999918937683, 0.6776000261306763, 0.6848000288009644, 0.680899977684021, 0.6859999895095825]","[4.245421886444092, 4.196971893310547, 3.5153048038482666, 3.083423137664795, 2.8992221355438232, 2.7726073265075684, 2.670668363571167, 2.5773215293884277, 2.68487548828125, 2.542391061782837, 2.6989705562591553, 2.3966119289398193, 2.582149028778076, 2.8406214714050293, 2.3892006874084473, 2.2951819896698, 2.3663763999938965, 2.5043578147888184, 2.0846009254455566, 2.27754807472229, 2.1739559173583984, 2.3788704872131348, 2.533529758453369, 2.339501142501831, 2.104356288909912, 2.126969575881958, 2.1012463569641113, 2.009795665740967, 1.9732369184494019, 2.0615339279174805, 1.9540764093399048, 1.8840402364730835, 1.9703919887542725, 1.8676457405090332, 1.9072624444961548, 1.8711421489715576, 1.8663021326065063, 1.8710907697677612, 1.8638527393341064, 1.9631518125534058, 1.9050986766815186, 2.185020923614502, 1.834426999092102, 1.907439112663269, 1.9258761405944824, 1.9242334365844727, 2.1541264057159424, 1.9421693086624146, 1.7698791027069092, 1.8022533655166626, 1.7182048559188843, 1.8210570812225342, 1.8106625080108643, 1.683774471282959, 1.836559772491455, 1.7896342277526855, 1.7078220844268799, 1.7491072416305542, 1.8216314315795898, 1.7294251918792725, 1.696807861328125, 1.7352089881896973, 1.746506690979004, 1.7567789554595947, 1.7026629447937012, 1.7070116996765137, 1.731703519821167, 1.7077724933624268, 1.7320703268051147, 1.7049331665039062]",0.6859999895095825,,733591852,,3962788,,,,,,-1.0,-1.0,-1.0,44,0,400,0,0.11,0.0,False,BEST,0.75,True,True,"[[82  0  0 ...  0  0  0]
 [ 0 83  0 ...  0  0  0]
 [ 1  0 49 ...  0  4  0]
 ...
 [ 0  0  0 ... 74  0  0]
 [ 0  1  2 ...  0 49  0]
 [ 0  0  0 ...  0  0 67]]",0.686,0.695813975,0.686,0.686090961,25
BCCNEQ,,28,20,1,False,False,"[54, 44, 54, 35, 47, 12, 20, 22]",[],"[{'INP': 32}, {'CONV': [64, 3]}, ({'CONV': [256, 3]}, {'CONV': [256, 3]}), ({'CONV': [128, 5]}, {'CONV': [128, 3]}, {'POOLMAX': [-1, 2]}), ({'CONV': [256, 3]}, {'CONV': [256, 3]}), ({'CONV': [128, 3]}, {'CONV': [64, 5]}, {'POOLMAX': [-1, 2]}), ({'CONV': [128, 5]}, {'CONV': [256, 5]}), ({'CONV': [32, 5]}, {'CONV': [128, 3]}, {'POOLMAX': [-1, 2]}), ({'CONV': [64, 3]}, {'CONV': [128, 3]}), ({'CONV': [64, 3]}, {'CONV': [256, 3]}, {'POOLMAX': [-1, 2]}), {'GLOBAL_AVG': None}, {'LAST_DENSE': [100, 'softmax']}]",UC,NONE,GA,70,"[0.0982000008225441, 0.1673000007867813, 0.22110000252723694, 0.22470000386238098, 0.3522000014781952, 0.3357999920845032, 0.4212999939918518, 0.38190001249313354, 0.3968000113964081, 0.4361000061035156, 0.4449999928474426, 0.47510001063346863, 0.4715000092983246, 0.45320001244544983, 0.5022000074386597, 0.4959999918937683, 0.5153999924659729, 0.4410000145435333, 0.5242000222206116, 0.4968999922275543, 0.5271000266075134, 0.531499981880188, 0.5889000296592712, 0.5996999740600586, 0.6025999784469604, 0.6069999933242798, 0.5892999768257141, 0.5602999925613403, 0.5976999998092651, 0.5408999919891357, 0.6380000114440918, 0.6395999789237976, 0.6437000036239624, 0.6334999799728394, 0.6309000253677368, 0.6238999962806702, 0.6534000039100647, 0.6654000282287598, 0.6559000015258789, 0.6675000190734863, 0.6654999852180481, 0.6625999808311462, 0.6675999760627747, 0.6682999730110168, 0.6650000214576721, 0.6661999821662903, 0.66839998960495, 0.6718999743461609, 0.66839998960495, 0.6700000166893005, 0.6765000224113464, 0.6743999719619751, 0.678600013256073, 0.6765000224113464, 0.6754000186920166, 0.6748999953269958, 0.6761000156402588, 0.6743999719619751, 0.6779000163078308, 0.6754000186920166, 0.6787999868392944, 0.6771000027656555, 0.6748999953269958, 0.6773999929428101, 0.679099977016449, 0.6782000064849854, 0.6776999831199646, 0.6766999959945679, 0.6775000095367432, 0.6777999997138977]","[4.051952362060547, 3.660330057144165, 3.496891736984253, 3.7674643993377686, 2.79317569732666, 2.866029977798462, 2.543307065963745, 2.7283709049224854, 2.7425124645233154, 2.5236098766326904, 2.4660871028900146, 2.4060535430908203, 2.4598770141601562, 2.599292278289795, 2.2879152297973633, 2.3180477619171143, 2.2216458320617676, 2.9823927879333496, 2.2842934131622314, 2.401531219482422, 2.3100473880767822, 2.294736623764038, 1.9752916097640991, 1.9397881031036377, 1.9153395891189575, 1.9200409650802612, 1.994646430015564, 2.1818838119506836, 1.9683222770690918, 2.3579940795898438, 1.7927972078323364, 1.8000497817993164, 1.7975025177001953, 1.8014729022979736, 1.8293853998184204, 1.910270094871521, 1.7518545389175415, 1.6685328483581543, 1.7397005558013916, 1.6795251369476318, 1.6918115615844727, 1.716646671295166, 1.7014631032943726, 1.700882077217102, 1.7059437036514282, 1.693419098854065, 1.6959561109542847, 1.6766388416290283, 1.692710518836975, 1.683973789215088, 1.6711146831512451, 1.6848771572113037, 1.6855741739273071, 1.6923788785934448, 1.689711093902588, 1.6929950714111328, 1.6862621307373047, 1.6919302940368652, 1.6854357719421387, 1.689635992050171, 1.6830397844314575, 1.6911687850952148, 1.6884199380874634, 1.6871671676635742, 1.6855844259262085, 1.6770967245101929, 1.6925488710403442, 1.6897785663604736, 1.6867119073867798, 1.6855050325393677]",0.6777999997138977,,686857004,,4696484,,,,,,-1.0,-1.0,-1.0,20,0,400,0,0.05,0.0,False,BEST,0.7,True,True,"[[84  0  0 ...  0  0  0]
 [ 0 83  1 ...  0  0  0]
 [ 0  0 63 ...  0  3  0]
 ...
 [ 0  0  0 ... 73  0  0]
 [ 0  0  1 ...  1 54  0]
 [ 0  0  0 ...  0  0 65]]",0.6778,0.690964583,0.6778,0.678362507,4
BPFNTY,,29,20,8,False,False,"[34, 39, 20, 8, 18, 38, 28, 15]",[],"[{'INP': 32}, {'CONV': [64, 3]}, ({'CONV': [128, 3]}, {'CONV': [64, 3]}), ({'CONV': [128, 3]}, {'CONV': [256, 5]}, {'POOLMAX': [-1, 2]}), ({'CONV': [64, 3]}, {'CONV': [128, 3]}), ({'CONV': [32, 5]}, {'CONV': [32, 3]}, {'POOLMAX': [-1, 2]}), ({'CONV': [64, 3]}, {'CONV': [64, 3]}), ({'CONV': [128, 3]}, {'CONV': [256, 3]}, {'POOLMAX': [-1, 2]}), ({'CONV': [64, 5]}, {'CONV': [128, 3]}), ({'CONV': [32, 5]}, {'CONV': [256, 5]}, {'POOLMAX': [-1, 2]}), {'GLOBAL_AVG': None}, {'LAST_DENSE': [100, 'softmax']}]",UC,NONE,GA,70,"[0.1615000069141388, 0.18709999322891235, 0.3248000144958496, 0.29760000109672546, 0.36640000343322754, 0.4138999879360199, 0.4198000133037567, 0.41269999742507935, 0.4171999990940094, 0.45339998602867126, 0.4691999852657318, 0.46129998564720154, 0.5045999884605408, 0.557200014591217, 0.5436999797821045, 0.5347999930381775, 0.5625, 0.510699987411499, 0.5026000142097473, 0.5489000082015991, 0.5569000244140625, 0.5443000197410583, 0.6047000288963318, 0.6229000091552734, 0.6039999723434448, 0.6083999872207642, 0.5835000276565552, 0.621399998664856, 0.5842000246047974, 0.6309000253677368, 0.6524999737739563, 0.6575000286102295, 0.638700008392334, 0.6581000089645386, 0.652400016784668, 0.6492999792098999, 0.6481000185012817, 0.6614999771118164, 0.6682000160217285, 0.6678000092506409, 0.6496000289916992, 0.6682000160217285, 0.6653000116348267, 0.6672999858856201, 0.660099983215332, 0.669700026512146, 0.6664999723434448, 0.6729999780654907, 0.6762999892234802, 0.6735000014305115, 0.6801000237464905, 0.6794999837875366, 0.6841999888420105, 0.6819999814033508, 0.6783999800682068, 0.6771000027656555, 0.6797000169754028, 0.6819000244140625, 0.6844000220298767, 0.6812999844551086, 0.6812999844551086, 0.6807000041007996, 0.6798999905586243, 0.6779999732971191, 0.6793000102043152, 0.6798999905586243, 0.6800000071525574, 0.679099977016449, 0.6789000034332275, 0.6793000102043152]","[3.7582268714904785, 3.748836040496826, 2.9522812366485596, 3.2544960975646973, 2.8277223110198975, 2.614535093307495, 2.736762046813965, 2.678051471710205, 2.7213714122772217, 2.596133232116699, 2.500044107437134, 2.567786455154419, 2.4193153381347656, 2.1092827320098877, 2.1782243251800537, 2.23563551902771, 2.1003143787384033, 2.3974997997283936, 2.4234817028045654, 2.193946123123169, 2.1486120223999023, 2.260862350463867, 1.9377394914627075, 1.8705289363861084, 1.9665790796279907, 1.949456810951233, 2.061222553253174, 1.878672480583191, 2.0731966495513916, 1.8796062469482422, 1.7159212827682495, 1.7311861515045166, 1.8157355785369873, 1.7224414348602295, 1.757002353668213, 1.7568998336791992, 1.8215246200561523, 1.7330679893493652, 1.6948068141937256, 1.6716722249984741, 1.809912085533142, 1.6818397045135498, 1.7125804424285889, 1.7193539142608643, 1.7482658624649048, 1.7017284631729126, 1.72981858253479, 1.6986445188522339, 1.6739076375961304, 1.6994411945343018, 1.680462121963501, 1.6720576286315918, 1.6678255796432495, 1.66646409034729, 1.6855823993682861, 1.6959484815597534, 1.689504861831665, 1.6657668352127075, 1.6621556282043457, 1.6927798986434937, 1.697103500366211, 1.68636155128479, 1.7157832384109497, 1.71865975856781, 1.7137004137039185, 1.7020267248153687, 1.7090275287628174, 1.7020093202590942, 1.7090193033218384, 1.7016264200210571]",0.6793000102043152,,617671212,,6527396,,,,,,-1.0,-1.0,-1.0,45,0,400,0,0.1125,0.0,False,BEST,0.8,True,True,"[[81  0  0 ...  0  0  0]
 [ 0 76  0 ...  0  0  0]
 [ 0  0 59 ...  0  2  0]
 ...
 [ 0  0  0 ... 73  0  0]
 [ 0  0  8 ...  0 44  1]
 [ 0  0  0 ...  0  0 75]]",0.6793,0.69330049,0.6793,0.680092619,36
BHZEDS,,30,20,13,False,False,"[14, 20, 16, 48, 4, 47, 63, 7]",[],"[{'INP': 32}, {'CONV': [64, 3]}, ({'CONV': [32, 5]}, {'CONV': [256, 3]}), ({'CONV': [64, 3]}, {'CONV': [128, 3]}, {'POOLMAX': [-1, 2]}), ({'CONV': [64, 3]}, {'CONV': [32, 3]}), ({'CONV': [256, 3]}, {'CONV': [32, 3]}, {'POOLMAX': [-1, 2]}), ({'CONV': [32, 3]}, {'CONV': [128, 3]}), ({'CONV': [128, 5]}, {'CONV': [256, 5]}, {'POOLMAX': [-1, 2]}), ({'CONV': [256, 5]}, {'CONV': [256, 5]}), ({'CONV': [32, 3]}, {'CONV': [256, 5]}, {'POOLMAX': [-1, 2]}), {'GLOBAL_AVG': None}, {'LAST_DENSE': [100, 'softmax']}]",UC,NONE,GA,70,"[0.09399999678134918, 0.21379999816417694, 0.2354000061750412, 0.3569999933242798, 0.32919999957084656, 0.37619999051094055, 0.3813999891281128, 0.41609999537467957, 0.47110000252723694, 0.4417000114917755, 0.4381999969482422, 0.45159998536109924, 0.5307999849319458, 0.527899980545044, 0.5116000175476074, 0.5285999774932861, 0.5113000273704529, 0.4936999976634979, 0.5764999985694885, 0.5943999886512756, 0.6047000288963318, 0.607200026512146, 0.6258000135421753, 0.597000002861023, 0.5954999923706055, 0.6186000108718872, 0.5799000263214111, 0.6004999876022339, 0.6488000154495239, 0.6539000272750854, 0.6597999930381775, 0.6496999859809875, 0.6460999846458435, 0.6412000060081482, 0.6504999995231628, 0.6527000069618225, 0.6676999926567078, 0.6593999862670898, 0.6733999848365784, 0.6658999919891357, 0.6751999855041504, 0.6743999719619751, 0.6685000061988831, 0.6880000233650208, 0.6782000064849854, 0.6717000007629395, 0.6625999808311462, 0.6614000201225281, 0.6741999983787537, 0.6883000135421753, 0.6840000152587891, 0.680400013923645, 0.6827999949455261, 0.6814000010490417, 0.6825000047683716, 0.6880000233650208, 0.6843000054359436, 0.6862000226974487, 0.6869000196456909, 0.6883999705314636, 0.6912999749183655, 0.6876000165939331, 0.6891999840736389, 0.6890000104904175, 0.6879000067710876, 0.6880999803543091, 0.6895999908447266, 0.6901000142097473, 0.6901999711990356, 0.6891000270843506]","[4.300608158111572, 3.544287919998169, 3.661928176879883, 2.8757686614990234, 3.035109281539917, 2.8264853954315186, 2.8869049549102783, 2.617016553878784, 2.4180691242218018, 2.5511481761932373, 2.7211341857910156, 2.5887739658355713, 2.1910219192504883, 2.2015774250030518, 2.310290813446045, 2.245363712310791, 2.348656177520752, 2.475957155227661, 2.0386996269226074, 1.9758230447769165, 1.89599609375, 1.870473861694336, 1.7800509929656982, 1.9608234167099, 1.9784584045410156, 1.827384352684021, 2.061143398284912, 1.9646152257919312, 1.711557388305664, 1.7176765203475952, 1.659517765045166, 1.7504496574401855, 1.735131025314331, 1.7459605932235718, 1.729830026626587, 1.7235969305038452, 1.6876271963119507, 1.7172863483428955, 1.6189736127853394, 1.6887001991271973, 1.669455885887146, 1.6636273860931396, 1.6673954725265503, 1.5753934383392334, 1.6389193534851074, 1.6569970846176147, 1.7288031578063965, 1.7496378421783447, 1.6893454790115356, 1.6212286949157715, 1.6351250410079956, 1.657490611076355, 1.6637736558914185, 1.68753182888031, 1.6665290594100952, 1.640963077545166, 1.6775795221328735, 1.647444486618042, 1.6448497772216797, 1.6519513130187988, 1.6415400505065918, 1.6628906726837158, 1.6512950658798218, 1.6572198867797852, 1.6576671600341797, 1.6653369665145874, 1.6469334363937378, 1.6546001434326172, 1.6465193033218384, 1.6617416143417358]",0.6891000270843506,,3005729516,,9353764,,,,,,-1.0,-1.0,-1.0,39,0,400,0,0.0975,0.0,False,BEST,0.6,True,True,"[[83  0  0 ...  0  0  0]
 [ 0 84  0 ...  0  0  0]
 [ 0  0 61 ...  0  2  0]
 ...
 [ 0  0  0 ... 70  0  0]
 [ 0  0  6 ...  0 53  1]
 [ 0  0  0 ...  0  0 72]]",0.689,0.702126826,0.689,0.689684151,8
