ID,Seed,Execution,Generation,GenCreation,Progress,isChild,isMutant,Integer_encoding,Binary_encoding,Real_encoding,Genotype,Crossover_type,Mutation_type,Search_strategy,Epochs,Accuracy_history,Loss_history,Accuracy,Top1,Top5,Loss,FLOPs,Num_Params,SizeMB,P1_idx,P2_idx,P1,P2,Before_Mut,HV,dHV,HD_P1,HD_P2,HD_BM,HD_PB,NFHT,Succ_Crossover,Succ_Mutation,Total_Crossovers,Total_Mutations,Succ_Crossover_ratio,Succ_Mutation_ratio,arch_status,Trained_Completely,Has_CM,Ranking,NSGA2,HHSE,HHSE_TYPE,Chosen_operator,Selected_by,search_name
BHUDDI[M],0,1,1,1,0.01,True,True,"[7, 50, 52, 38, 13, 6, 37, 39]",[],"[7.465839277013956, 50.22656382036588, 52.74801822753073, 38.81645379877505, 13.298655410338853, 6.0479121283298065, 37.648569028432725, 39.383327795920835]","[{'INP': 32}, {'CONV': [64, 3]}, ({'CONV': [32, 3]}, {'CONV': [256, 5]}), ({'CONV': [256, 3]}, {'CONV': [64, 3]}, {'POOLMAX': [-1, 2]}), ({'CONV': [256, 3]}, {'CONV': [128, 3]}), ({'CONV': [128, 3]}, {'CONV': [256, 3]}, {'POOLMAX': [-1, 2]}), ({'CONV': [32, 5]}, {'CONV': [128, 5]}), ({'CONV': [32, 3]}, {'CONV': [256, 3]}, {'POOLMAX': [-1, 2]}), ({'CONV': [128, 3]}, {'CONV': [128, 5]}), ({'CONV': [128, 3]}, {'CONV': [256, 5]}, {'POOLMAX': [-1, 2]}), {'GLOBAL_AVG': None}, {'LAST_DENSE': [100, 'softmax']}]",HHSE,NSGA2,,,,,0.699201267448079,,,,2535883776,3971748,,,,,,"[42, 39, 52, 23, 39, 5, 55, 26]",0.6769104808372503,0.0,0.0,0.0,0.875,0.0,0.01,0,10,0,100,0,0.1,BEST,False,False,257,True,True,GREEDY,,,GREEDY_HV
BHUDDI[M],0,1,2,1,0.02,True,True,"[7, 50, 52, 38, 13, 6, 37, 39]",[],"[7.465839277013956, 50.22656382036588, 52.74801822753073, 38.81645379877505, 13.298655410338853, 6.0479121283298065, 37.648569028432725, 39.383327795920835]","[{'INP': 32}, {'CONV': [64, 3]}, ({'CONV': [32, 3]}, {'CONV': [256, 5]}), ({'CONV': [256, 3]}, {'CONV': [64, 3]}, {'POOLMAX': [-1, 2]}), ({'CONV': [256, 3]}, {'CONV': [128, 3]}), ({'CONV': [128, 3]}, {'CONV': [256, 3]}, {'POOLMAX': [-1, 2]}), ({'CONV': [32, 5]}, {'CONV': [128, 5]}), ({'CONV': [32, 3]}, {'CONV': [256, 3]}, {'POOLMAX': [-1, 2]}), ({'CONV': [128, 3]}, {'CONV': [128, 5]}), ({'CONV': [128, 3]}, {'CONV': [256, 5]}, {'POOLMAX': [-1, 2]}), {'GLOBAL_AVG': None}, {'LAST_DENSE': [100, 'softmax']}]",HHSE,NSGA2,,,,,0.699201267448079,,,,2535883776,3971748,,,,,,"[42, 39, 52, 23, 39, 5, 55, 26]",0.6932247736894298,0.009232981168853,0.0,0.0,0.875,0.0,0.01,0,3,0,100,0,0.03,BEST,False,False,257,True,True,GREEDY,,,GREEDY_HV
BHUDDI[M],0,1,3,1,0.03,True,True,"[7, 50, 52, 38, 13, 6, 37, 39]",[],"[7.465839277013956, 50.22656382036588, 52.74801822753073, 38.81645379877505, 13.298655410338853, 6.0479121283298065, 37.648569028432725, 39.383327795920835]","[{'INP': 32}, {'CONV': [64, 3]}, ({'CONV': [32, 3]}, {'CONV': [256, 5]}), ({'CONV': [256, 3]}, {'CONV': [64, 3]}, {'POOLMAX': [-1, 2]}), ({'CONV': [256, 3]}, {'CONV': [128, 3]}), ({'CONV': [128, 3]}, {'CONV': [256, 3]}, {'POOLMAX': [-1, 2]}), ({'CONV': [32, 5]}, {'CONV': [128, 5]}), ({'CONV': [32, 3]}, {'CONV': [256, 3]}, {'POOLMAX': [-1, 2]}), ({'CONV': [128, 3]}, {'CONV': [128, 5]}), ({'CONV': [128, 3]}, {'CONV': [256, 5]}, {'POOLMAX': [-1, 2]}), {'GLOBAL_AVG': None}, {'LAST_DENSE': [100, 'softmax']}]",HHSE,NSGA2,,,,,0.699201267448079,,,,2535883776,3971748,,,,,,"[42, 39, 52, 23, 39, 5, 55, 26]",0.6906869735744092,-0.0003214718481783,0.0,0.0,0.875,0.0,0.01,0,0,0,100,0,0.0,BEST,False,False,257,True,True,GREEDY,,,GREEDY_HV
BHUDDI[M],0,1,4,1,0.04,True,True,"[7, 50, 52, 38, 13, 6, 37, 39]",[],"[7.465839277013956, 50.22656382036588, 52.74801822753073, 38.81645379877505, 13.298655410338853, 6.0479121283298065, 37.648569028432725, 39.383327795920835]","[{'INP': 32}, {'CONV': [64, 3]}, ({'CONV': [32, 3]}, {'CONV': [256, 5]}), ({'CONV': [256, 3]}, {'CONV': [64, 3]}, {'POOLMAX': [-1, 2]}), ({'CONV': [256, 3]}, {'CONV': [128, 3]}), ({'CONV': [128, 3]}, {'CONV': [256, 3]}, {'POOLMAX': [-1, 2]}), ({'CONV': [32, 5]}, {'CONV': [128, 5]}), ({'CONV': [32, 3]}, {'CONV': [256, 3]}, {'POOLMAX': [-1, 2]}), ({'CONV': [128, 3]}, {'CONV': [128, 5]}), ({'CONV': [128, 3]}, {'CONV': [256, 5]}, {'POOLMAX': [-1, 2]}), {'GLOBAL_AVG': None}, {'LAST_DENSE': [100, 'softmax']}]",HHSE,NSGA2,,,,,0.699201267448079,,,,2535883776,3971748,,,,,,"[42, 39, 52, 23, 39, 5, 55, 26]",0.6950519268473632,-0.0013880173220522,0.0,0.0,0.875,0.0,0.01,0,2,0,100,0,0.02,BEST,False,False,257,True,True,GREEDY,,,GREEDY_HV
BHUDDI[M],0,1,5,1,0.05,True,True,"[7, 50, 52, 38, 13, 6, 37, 39]",[],"[7.465839277013956, 50.22656382036588, 52.74801822753073, 38.81645379877505, 13.298655410338853, 6.0479121283298065, 37.648569028432725, 39.383327795920835]","[{'INP': 32}, {'CONV': [64, 3]}, ({'CONV': [32, 3]}, {'CONV': [256, 5]}), ({'CONV': [256, 3]}, {'CONV': [64, 3]}, {'POOLMAX': [-1, 2]}), ({'CONV': [256, 3]}, {'CONV': [128, 3]}), ({'CONV': [128, 3]}, {'CONV': [256, 3]}, {'POOLMAX': [-1, 2]}), ({'CONV': [32, 5]}, {'CONV': [128, 5]}), ({'CONV': [32, 3]}, {'CONV': [256, 3]}, {'POOLMAX': [-1, 2]}), ({'CONV': [128, 3]}, {'CONV': [128, 5]}), ({'CONV': [128, 3]}, {'CONV': [256, 5]}, {'POOLMAX': [-1, 2]}), {'GLOBAL_AVG': None}, {'LAST_DENSE': [100, 'softmax']}]",HHSE,NSGA2,,,,,0.699201267448079,,,,2535883776,3971748,,,,,,"[42, 39, 52, 23, 39, 5, 55, 26]",0.6994752379786459,0.0020535591027976,0.0,0.0,0.875,0.0,0.01,0,1,0,100,0,0.01,BEST,False,False,257,True,True,GREEDY,,,GREEDY_HV
BHUDDI[M],0,1,6,1,0.06,True,True,"[7, 50, 52, 38, 13, 6, 37, 39]",[],"[7.465839277013956, 50.22656382036588, 52.74801822753073, 38.81645379877505, 13.298655410338853, 6.0479121283298065, 37.648569028432725, 39.383327795920835]","[{'INP': 32}, {'CONV': [64, 3]}, ({'CONV': [32, 3]}, {'CONV': [256, 5]}), ({'CONV': [256, 3]}, {'CONV': [64, 3]}, {'POOLMAX': [-1, 2]}), ({'CONV': [256, 3]}, {'CONV': [128, 3]}), ({'CONV': [128, 3]}, {'CONV': [256, 3]}, {'POOLMAX': [-1, 2]}), ({'CONV': [32, 5]}, {'CONV': [128, 5]}), ({'CONV': [32, 3]}, {'CONV': [256, 3]}, {'POOLMAX': [-1, 2]}), ({'CONV': [128, 3]}, {'CONV': [128, 5]}), ({'CONV': [128, 3]}, {'CONV': [256, 5]}, {'POOLMAX': [-1, 2]}), {'GLOBAL_AVG': None}, {'LAST_DENSE': [100, 'softmax']}]",HHSE,NSGA2,,,,,0.699201267448079,,,,2535883776,3971748,,,,,,"[42, 39, 52, 23, 39, 5, 55, 26]",0.7046989015419647,-0.0049639981253559,0.0,0.0,0.875,0.0,0.01,0,0,0,100,0,0.0,BEST,False,False,257,True,True,GREEDY,,,GREEDY_HV
BHUDDI[M],0,1,7,1,0.07,True,True,"[7, 50, 52, 38, 13, 6, 37, 39]",[],"[7.465839277013956, 50.22656382036588, 52.74801822753073, 38.81645379877505, 13.298655410338853, 6.0479121283298065, 37.648569028432725, 39.383327795920835]","[{'INP': 32}, {'CONV': [64, 3]}, ({'CONV': [32, 3]}, {'CONV': [256, 5]}), ({'CONV': [256, 3]}, {'CONV': [64, 3]}, {'POOLMAX': [-1, 2]}), ({'CONV': [256, 3]}, {'CONV': [128, 3]}), ({'CONV': [128, 3]}, {'CONV': [256, 3]}, {'POOLMAX': [-1, 2]}), ({'CONV': [32, 5]}, {'CONV': [128, 5]}), ({'CONV': [32, 3]}, {'CONV': [256, 3]}, {'POOLMAX': [-1, 2]}), ({'CONV': [128, 3]}, {'CONV': [128, 5]}), ({'CONV': [128, 3]}, {'CONV': [256, 5]}, {'POOLMAX': [-1, 2]}), {'GLOBAL_AVG': None}, {'LAST_DENSE': [100, 'softmax']}]",HHSE,NSGA2,,,,,0.699201267448079,,,,2535883776,3971748,,,,,,"[42, 39, 52, 23, 39, 5, 55, 26]",0.7079329939448736,-0.0010513417528584,0.0,0.0,0.875,0.0,0.01,0,1,0,100,0,0.01,BEST,False,False,257,True,True,GREEDY,,,GREEDY_HV
BHUDDI[M],0,1,8,1,0.08,True,True,"[7, 50, 52, 38, 13, 6, 37, 39]",[],"[7.465839277013956, 50.22656382036588, 52.74801822753073, 38.81645379877505, 13.298655410338853, 6.0479121283298065, 37.648569028432725, 39.383327795920835]","[{'INP': 32}, {'CONV': [64, 3]}, ({'CONV': [32, 3]}, {'CONV': [256, 5]}), ({'CONV': [256, 3]}, {'CONV': [64, 3]}, {'POOLMAX': [-1, 2]}), ({'CONV': [256, 3]}, {'CONV': [128, 3]}), ({'CONV': [128, 3]}, {'CONV': [256, 3]}, {'POOLMAX': [-1, 2]}), ({'CONV': [32, 5]}, {'CONV': [128, 5]}), ({'CONV': [32, 3]}, {'CONV': [256, 3]}, {'POOLMAX': [-1, 2]}), ({'CONV': [128, 3]}, {'CONV': [128, 5]}), ({'CONV': [128, 3]}, {'CONV': [256, 5]}, {'POOLMAX': [-1, 2]}), {'GLOBAL_AVG': None}, {'LAST_DENSE': [100, 'softmax']}]",HHSE,NSGA2,,,,,0.699201267448079,,,,2535883776,3971748,,,,,,"[42, 39, 52, 23, 39, 5, 55, 26]",0.7080724734799569,-0.0023622594035407,0.0,0.0,0.875,0.0,0.01,0,0,0,100,0,0.0,BEST,False,False,257,True,True,GREEDY,,,GREEDY_HV
BHUDDI[M],0,1,9,1,0.09,True,True,"[7, 50, 52, 38, 13, 6, 37, 39]",[],"[7.465839277013956, 50.22656382036588, 52.74801822753073, 38.81645379877505, 13.298655410338853, 6.0479121283298065, 37.648569028432725, 39.383327795920835]","[{'INP': 32}, {'CONV': [64, 3]}, ({'CONV': [32, 3]}, {'CONV': [256, 5]}), ({'CONV': [256, 3]}, {'CONV': [64, 3]}, {'POOLMAX': [-1, 2]}), ({'CONV': [256, 3]}, {'CONV': [128, 3]}), ({'CONV': [128, 3]}, {'CONV': [256, 3]}, {'POOLMAX': [-1, 2]}), ({'CONV': [32, 5]}, {'CONV': [128, 5]}), ({'CONV': [32, 3]}, {'CONV': [256, 3]}, {'POOLMAX': [-1, 2]}), ({'CONV': [128, 3]}, {'CONV': [128, 5]}), ({'CONV': [128, 3]}, {'CONV': [256, 5]}, {'POOLMAX': [-1, 2]}), {'GLOBAL_AVG': None}, {'LAST_DENSE': [100, 'softmax']}]",HHSE,NSGA2,,,,,0.699201267448079,,,,2535883776,3971748,,,,,,"[42, 39, 52, 23, 39, 5, 55, 26]",0.708177751660723,-0.0006415592676944,0.0,0.0,0.875,0.0,0.01,0,0,0,100,0,0.0,BEST,False,False,257,True,True,GREEDY,,,GREEDY_HV
BHUDDI[M],0,1,10,1,0.1,True,True,"[7, 50, 52, 38, 13, 6, 37, 39]",[],"[7.465839277013956, 50.22656382036588, 52.74801822753073, 38.81645379877505, 13.298655410338853, 6.0479121283298065, 37.648569028432725, 39.383327795920835]","[{'INP': 32}, {'CONV': [64, 3]}, ({'CONV': [32, 3]}, {'CONV': [256, 5]}), ({'CONV': [256, 3]}, {'CONV': [64, 3]}, {'POOLMAX': [-1, 2]}), ({'CONV': [256, 3]}, {'CONV': [128, 3]}), ({'CONV': [128, 3]}, {'CONV': [256, 3]}, {'POOLMAX': [-1, 2]}), ({'CONV': [32, 5]}, {'CONV': [128, 5]}), ({'CONV': [32, 3]}, {'CONV': [256, 3]}, {'POOLMAX': [-1, 2]}), ({'CONV': [128, 3]}, {'CONV': [128, 5]}), ({'CONV': [128, 3]}, {'CONV': [256, 5]}, {'POOLMAX': [-1, 2]}), {'GLOBAL_AVG': None}, {'LAST_DENSE': [100, 'softmax']}]",HHSE,NSGA2,,,,,0.699201267448079,,,,2535883776,3971748,,,,,,"[42, 39, 52, 23, 39, 5, 55, 26]",0.7083644707336597,-0.0035507982828749,0.0,0.0,0.875,0.0,0.01,0,1,0,100,0,0.01,BEST,False,False,257,True,True,GREEDY,,,GREEDY_HV
BHUDDI[M],0,1,11,1,0.11,True,True,"[7, 50, 52, 38, 13, 6, 37, 39]",[],"[7.465839277013956, 50.22656382036588, 52.74801822753073, 38.81645379877505, 13.298655410338853, 6.0479121283298065, 37.648569028432725, 39.383327795920835]","[{'INP': 32}, {'CONV': [64, 3]}, ({'CONV': [32, 3]}, {'CONV': [256, 5]}), ({'CONV': [256, 3]}, {'CONV': [64, 3]}, {'POOLMAX': [-1, 2]}), ({'CONV': [256, 3]}, {'CONV': [128, 3]}), ({'CONV': [128, 3]}, {'CONV': [256, 3]}, {'POOLMAX': [-1, 2]}), ({'CONV': [32, 5]}, {'CONV': [128, 5]}), ({'CONV': [32, 3]}, {'CONV': [256, 3]}, {'POOLMAX': [-1, 2]}), ({'CONV': [128, 3]}, {'CONV': [128, 5]}), ({'CONV': [128, 3]}, {'CONV': [256, 5]}, {'POOLMAX': [-1, 2]}), {'GLOBAL_AVG': None}, {'LAST_DENSE': [100, 'softmax']}]",HHSE,NSGA2,,,,,0.699201267448079,,,,2535883776,3971748,,,,,,"[42, 39, 52, 23, 39, 5, 55, 26]",0.7090061830441254,-0.0004637087672023,0.0,0.0,0.875,0.0,0.01,0,0,0,100,0,0.0,BEST,False,False,257,True,True,GREEDY,,,GREEDY_HV
BHUDDI[M],0,1,12,1,0.12,True,True,"[7, 50, 52, 38, 13, 6, 37, 39]",[],"[7.465839277013956, 50.22656382036588, 52.74801822753073, 38.81645379877505, 13.298655410338853, 6.0479121283298065, 37.648569028432725, 39.383327795920835]","[{'INP': 32}, {'CONV': [64, 3]}, ({'CONV': [32, 3]}, {'CONV': [256, 5]}), ({'CONV': [256, 3]}, {'CONV': [64, 3]}, {'POOLMAX': [-1, 2]}), ({'CONV': [256, 3]}, {'CONV': [128, 3]}), ({'CONV': [128, 3]}, {'CONV': [256, 3]}, {'POOLMAX': [-1, 2]}), ({'CONV': [32, 5]}, {'CONV': [128, 5]}), ({'CONV': [32, 3]}, {'CONV': [256, 3]}, {'POOLMAX': [-1, 2]}), ({'CONV': [128, 3]}, {'CONV': [128, 5]}), ({'CONV': [128, 3]}, {'CONV': [256, 5]}, {'POOLMAX': [-1, 2]}), {'GLOBAL_AVG': None}, {'LAST_DENSE': [100, 'softmax']}]",HHSE,NSGA2,,,,,0.699201267448079,,,,2535883776,3971748,,,,,,"[42, 39, 52, 23, 39, 5, 55, 26]",0.7088054243892795,-0.0010925819827797,0.0,0.0,0.875,0.0,0.01,0,1,0,100,0,0.01,BEST,False,False,257,True,True,GREEDY,,,GREEDY_HV
BHUDDI[M],0,1,13,1,0.13,True,True,"[7, 50, 52, 38, 13, 6, 37, 39]",[],"[7.465839277013956, 50.22656382036588, 52.74801822753073, 38.81645379877505, 13.298655410338853, 6.0479121283298065, 37.648569028432725, 39.383327795920835]","[{'INP': 32}, {'CONV': [64, 3]}, ({'CONV': [32, 3]}, {'CONV': [256, 5]}), ({'CONV': [256, 3]}, {'CONV': [64, 3]}, {'POOLMAX': [-1, 2]}), ({'CONV': [256, 3]}, {'CONV': [128, 3]}), ({'CONV': [128, 3]}, {'CONV': [256, 3]}, {'POOLMAX': [-1, 2]}), ({'CONV': [32, 5]}, {'CONV': [128, 5]}), ({'CONV': [32, 3]}, {'CONV': [256, 3]}, {'POOLMAX': [-1, 2]}), ({'CONV': [128, 3]}, {'CONV': [128, 5]}), ({'CONV': [128, 3]}, {'CONV': [256, 5]}, {'POOLMAX': [-1, 2]}), {'GLOBAL_AVG': None}, {'LAST_DENSE': [100, 'softmax']}]",HHSE,NSGA2,,,,,0.699201267448079,,,,2535883776,3971748,,,,,,"[42, 39, 52, 23, 39, 5, 55, 26]",0.7093811911751764,-0.0006445764969442,0.0,0.0,0.875,0.0,0.01,0,0,0,100,0,0.0,BEST,False,False,257,True,True,GREEDY,,,GREEDY_HV
BHUDDI[M],0,1,14,1,0.14,True,True,"[7, 50, 52, 38, 13, 6, 37, 39]",[],"[7.465839277013956, 50.22656382036588, 52.74801822753073, 38.81645379877505, 13.298655410338853, 6.0479121283298065, 37.648569028432725, 39.383327795920835]","[{'INP': 32}, {'CONV': [64, 3]}, ({'CONV': [32, 3]}, {'CONV': [256, 5]}), ({'CONV': [256, 3]}, {'CONV': [64, 3]}, {'POOLMAX': [-1, 2]}), ({'CONV': [256, 3]}, {'CONV': [128, 3]}), ({'CONV': [128, 3]}, {'CONV': [256, 3]}, {'POOLMAX': [-1, 2]}), ({'CONV': [32, 5]}, {'CONV': [128, 5]}), ({'CONV': [32, 3]}, {'CONV': [256, 3]}, {'POOLMAX': [-1, 2]}), ({'CONV': [128, 3]}, {'CONV': [128, 5]}), ({'CONV': [128, 3]}, {'CONV': [256, 5]}, {'POOLMAX': [-1, 2]}), {'GLOBAL_AVG': None}, {'LAST_DENSE': [100, 'softmax']}]",HHSE,NSGA2,,,,,0.699201267448079,,,,2535883776,3971748,,,,,,"[42, 39, 52, 23, 39, 5, 55, 26]",0.7094250022518959,-0.0040800130425001,0.0,0.0,0.875,0.0,0.01,0,0,0,100,0,0.0,BEST,False,False,257,True,True,GREEDY,,,GREEDY_HV
BHUDDI[M],0,1,15,1,0.15,True,True,"[7, 50, 52, 38, 13, 6, 37, 39]",[],"[7.465839277013956, 50.22656382036588, 52.74801822753073, 38.81645379877505, 13.298655410338853, 6.0479121283298065, 37.648569028432725, 39.383327795920835]","[{'INP': 32}, {'CONV': [64, 3]}, ({'CONV': [32, 3]}, {'CONV': [256, 5]}), ({'CONV': [256, 3]}, {'CONV': [64, 3]}, {'POOLMAX': [-1, 2]}), ({'CONV': [256, 3]}, {'CONV': [128, 3]}), ({'CONV': [128, 3]}, {'CONV': [256, 3]}, {'POOLMAX': [-1, 2]}), ({'CONV': [32, 5]}, {'CONV': [128, 5]}), ({'CONV': [32, 3]}, {'CONV': [256, 3]}, {'POOLMAX': [-1, 2]}), ({'CONV': [128, 3]}, {'CONV': [128, 5]}), ({'CONV': [128, 3]}, {'CONV': [256, 5]}, {'POOLMAX': [-1, 2]}), {'GLOBAL_AVG': None}, {'LAST_DENSE': [100, 'softmax']}]",HHSE,NSGA2,,,,,0.699201267448079,,,,2535883776,3971748,,,,,,"[42, 39, 52, 23, 39, 5, 55, 26]",0.7095203416576954,-0.0015562252664197,0.0,0.0,0.875,0.0,0.01,0,0,0,100,0,0.0,BEST,False,False,257,True,True,GREEDY,,,GREEDY_HV
BHUDDI[M],0,1,16,1,0.16,True,True,"[7, 50, 52, 38, 13, 6, 37, 39]",[],"[7.465839277013956, 50.22656382036588, 52.74801822753073, 38.81645379877505, 13.298655410338853, 6.0479121283298065, 37.648569028432725, 39.383327795920835]","[{'INP': 32}, {'CONV': [64, 3]}, ({'CONV': [32, 3]}, {'CONV': [256, 5]}), ({'CONV': [256, 3]}, {'CONV': [64, 3]}, {'POOLMAX': [-1, 2]}), ({'CONV': [256, 3]}, {'CONV': [128, 3]}), ({'CONV': [128, 3]}, {'CONV': [256, 3]}, {'POOLMAX': [-1, 2]}), ({'CONV': [32, 5]}, {'CONV': [128, 5]}), ({'CONV': [32, 3]}, {'CONV': [256, 3]}, {'POOLMAX': [-1, 2]}), ({'CONV': [128, 3]}, {'CONV': [128, 5]}), ({'CONV': [128, 3]}, {'CONV': [256, 5]}, {'POOLMAX': [-1, 2]}), {'GLOBAL_AVG': None}, {'LAST_DENSE': [100, 'softmax']}]",HHSE,NSGA2,,,,,0.699201267448079,,,,2535883776,3971748,,,,,,"[42, 39, 52, 23, 39, 5, 55, 26]",0.709551844035746,-0.002313099596968,0.0,0.0,0.875,0.0,0.01,0,0,0,100,0,0.0,BEST,False,False,257,True,True,GREEDY,,,GREEDY_HV
BHUDDI[M],0,1,17,1,0.17,True,True,"[7, 50, 52, 38, 13, 6, 37, 39]",[],"[7.465839277013956, 50.22656382036588, 52.74801822753073, 38.81645379877505, 13.298655410338853, 6.0479121283298065, 37.648569028432725, 39.383327795920835]","[{'INP': 32}, {'CONV': [64, 3]}, ({'CONV': [32, 3]}, {'CONV': [256, 5]}), ({'CONV': [256, 3]}, {'CONV': [64, 3]}, {'POOLMAX': [-1, 2]}), ({'CONV': [256, 3]}, {'CONV': [128, 3]}), ({'CONV': [128, 3]}, {'CONV': [256, 3]}, {'POOLMAX': [-1, 2]}), ({'CONV': [32, 5]}, {'CONV': [128, 5]}), ({'CONV': [32, 3]}, {'CONV': [256, 3]}, {'POOLMAX': [-1, 2]}), ({'CONV': [128, 3]}, {'CONV': [128, 5]}), ({'CONV': [128, 3]}, {'CONV': [256, 5]}, {'POOLMAX': [-1, 2]}), {'GLOBAL_AVG': None}, {'LAST_DENSE': [100, 'softmax']}]",HHSE,NSGA2,,,,,0.699201267448079,,,,2535883776,3971748,,,,,,"[42, 39, 52, 23, 39, 5, 55, 26]",0.7121205801482398,0.0017017945625031,0.0,0.0,0.875,0.0,0.01,0,0,0,100,0,0.0,BEST,False,False,257,True,True,GREEDY,,,GREEDY_HV
BHUDDI[M],0,1,18,1,0.18,True,True,"[7, 50, 52, 38, 13, 6, 37, 39]",[],"[7.465839277013956, 50.22656382036588, 52.74801822753073, 38.81645379877505, 13.298655410338853, 6.0479121283298065, 37.648569028432725, 39.383327795920835]","[{'INP': 32}, {'CONV': [64, 3]}, ({'CONV': [32, 3]}, {'CONV': [256, 5]}), ({'CONV': [256, 3]}, {'CONV': [64, 3]}, {'POOLMAX': [-1, 2]}), ({'CONV': [256, 3]}, {'CONV': [128, 3]}), ({'CONV': [128, 3]}, {'CONV': [256, 3]}, {'POOLMAX': [-1, 2]}), ({'CONV': [32, 5]}, {'CONV': [128, 5]}), ({'CONV': [32, 3]}, {'CONV': [256, 3]}, {'POOLMAX': [-1, 2]}), ({'CONV': [128, 3]}, {'CONV': [128, 5]}), ({'CONV': [128, 3]}, {'CONV': [256, 5]}, {'POOLMAX': [-1, 2]}), {'GLOBAL_AVG': None}, {'LAST_DENSE': [100, 'softmax']}]",HHSE,NSGA2,,,,,0.699201267448079,,,,2535883776,3971748,,,,,,"[42, 39, 52, 23, 39, 5, 55, 26]",0.7110150860268056,-0.000813535292891,0.0,0.0,0.875,0.0,0.01,0,0,0,100,0,0.0,BEST,False,False,257,True,True,GREEDY,,,GREEDY_HV
BHUDDI[M],0,1,19,1,0.19,True,True,"[7, 50, 52, 38, 13, 6, 37, 39]",[],"[7.465839277013956, 50.22656382036588, 52.74801822753073, 38.81645379877505, 13.298655410338853, 6.0479121283298065, 37.648569028432725, 39.383327795920835]","[{'INP': 32}, {'CONV': [64, 3]}, ({'CONV': [32, 3]}, {'CONV': [256, 5]}), ({'CONV': [256, 3]}, {'CONV': [64, 3]}, {'POOLMAX': [-1, 2]}), ({'CONV': [256, 3]}, {'CONV': [128, 3]}), ({'CONV': [128, 3]}, {'CONV': [256, 3]}, {'POOLMAX': [-1, 2]}), ({'CONV': [32, 5]}, {'CONV': [128, 5]}), ({'CONV': [32, 3]}, {'CONV': [256, 3]}, {'POOLMAX': [-1, 2]}), ({'CONV': [128, 3]}, {'CONV': [128, 5]}), ({'CONV': [128, 3]}, {'CONV': [256, 5]}, {'POOLMAX': [-1, 2]}), {'GLOBAL_AVG': None}, {'LAST_DENSE': [100, 'softmax']}]",HHSE,NSGA2,,,,,0.699201267448079,,,,2535883776,3971748,,,,,,"[42, 39, 52, 23, 39, 5, 55, 26]",0.7109962545109327,-0.0015480062929755,0.0,0.0,0.875,0.0,0.01,0,0,0,100,0,0.0,BEST,False,False,257,True,True,GREEDY,,,GREEDY_HV
BHUDDI[M],0,1,20,1,0.2,True,True,"[7, 50, 52, 38, 13, 6, 37, 39]",[],"[7.465839277013956, 50.22656382036588, 52.74801822753073, 38.81645379877505, 13.298655410338853, 6.0479121283298065, 37.648569028432725, 39.383327795920835]","[{'INP': 32}, {'CONV': [64, 3]}, ({'CONV': [32, 3]}, {'CONV': [256, 5]}), ({'CONV': [256, 3]}, {'CONV': [64, 3]}, {'POOLMAX': [-1, 2]}), ({'CONV': [256, 3]}, {'CONV': [128, 3]}), ({'CONV': [128, 3]}, {'CONV': [256, 3]}, {'POOLMAX': [-1, 2]}), ({'CONV': [32, 5]}, {'CONV': [128, 5]}), ({'CONV': [32, 3]}, {'CONV': [256, 3]}, {'POOLMAX': [-1, 2]}), ({'CONV': [128, 3]}, {'CONV': [128, 5]}), ({'CONV': [128, 3]}, {'CONV': [256, 5]}, {'POOLMAX': [-1, 2]}), {'GLOBAL_AVG': None}, {'LAST_DENSE': [100, 'softmax']}]",HHSE,NSGA2,,,,,0.699201267448079,,,,2535883776,3971748,,,,,,"[42, 39, 52, 23, 39, 5, 55, 26]",0.7110985198777644,-0.0036769801039262,0.0,0.0,0.875,0.0,0.01,0,0,0,100,0,0.0,BEST,False,False,257,True,True,GREEDY,,,GREEDY_HV
BHUDDI[M],0,1,21,1,0.21,True,True,"[7, 50, 52, 38, 13, 6, 37, 39]",[],"[7.465839277013956, 50.22656382036588, 52.74801822753073, 38.81645379877505, 13.298655410338853, 6.0479121283298065, 37.648569028432725, 39.383327795920835]","[{'INP': 32}, {'CONV': [64, 3]}, ({'CONV': [32, 3]}, {'CONV': [256, 5]}), ({'CONV': [256, 3]}, {'CONV': [64, 3]}, {'POOLMAX': [-1, 2]}), ({'CONV': [256, 3]}, {'CONV': [128, 3]}), ({'CONV': [128, 3]}, {'CONV': [256, 3]}, {'POOLMAX': [-1, 2]}), ({'CONV': [32, 5]}, {'CONV': [128, 5]}), ({'CONV': [32, 3]}, {'CONV': [256, 3]}, {'POOLMAX': [-1, 2]}), ({'CONV': [128, 3]}, {'CONV': [128, 5]}), ({'CONV': [128, 3]}, {'CONV': [256, 5]}, {'POOLMAX': [-1, 2]}), {'GLOBAL_AVG': None}, {'LAST_DENSE': [100, 'softmax']}]",HHSE,NSGA2,,,,,0.699201267448079,,,,2535883776,3971748,,,,,,"[42, 39, 52, 23, 39, 5, 55, 26]",0.7112480943184472,-0.0019951138555955,0.0,0.0,0.875,0.0,0.01,0,1,0,100,0,0.01,BEST,False,False,257,True,True,GREEDY,,,GREEDY_HV
BHUDDI[M],0,1,22,1,0.22,True,True,"[7, 50, 52, 38, 13, 6, 37, 39]",[],"[7.465839277013956, 50.22656382036588, 52.74801822753073, 38.81645379877505, 13.298655410338853, 6.0479121283298065, 37.648569028432725, 39.383327795920835]","[{'INP': 32}, {'CONV': [64, 3]}, ({'CONV': [32, 3]}, {'CONV': [256, 5]}), ({'CONV': [256, 3]}, {'CONV': [64, 3]}, {'POOLMAX': [-1, 2]}), ({'CONV': [256, 3]}, {'CONV': [128, 3]}), ({'CONV': [128, 3]}, {'CONV': [256, 3]}, {'POOLMAX': [-1, 2]}), ({'CONV': [32, 5]}, {'CONV': [128, 5]}), ({'CONV': [32, 3]}, {'CONV': [256, 3]}, {'POOLMAX': [-1, 2]}), ({'CONV': [128, 3]}, {'CONV': [128, 5]}), ({'CONV': [128, 3]}, {'CONV': [256, 5]}, {'POOLMAX': [-1, 2]}), {'GLOBAL_AVG': None}, {'LAST_DENSE': [100, 'softmax']}]",HHSE,NSGA2,,,,,0.699201267448079,,,,2535883776,3971748,,,,,,"[42, 39, 52, 23, 39, 5, 55, 26]",0.7112770296939843,-0.0014922948064932,0.0,0.0,0.875,0.0,0.01,0,0,0,100,0,0.0,BEST,False,False,257,True,True,GREEDY,,,GREEDY_HV
BHUDDI[M],0,1,23,1,0.23,True,True,"[7, 50, 52, 38, 13, 6, 37, 39]",[],"[7.465839277013956, 50.22656382036588, 52.74801822753073, 38.81645379877505, 13.298655410338853, 6.0479121283298065, 37.648569028432725, 39.383327795920835]","[{'INP': 32}, {'CONV': [64, 3]}, ({'CONV': [32, 3]}, {'CONV': [256, 5]}), ({'CONV': [256, 3]}, {'CONV': [64, 3]}, {'POOLMAX': [-1, 2]}), ({'CONV': [256, 3]}, {'CONV': [128, 3]}), ({'CONV': [128, 3]}, {'CONV': [256, 3]}, {'POOLMAX': [-1, 2]}), ({'CONV': [32, 5]}, {'CONV': [128, 5]}), ({'CONV': [32, 3]}, {'CONV': [256, 3]}, {'POOLMAX': [-1, 2]}), ({'CONV': [128, 3]}, {'CONV': [128, 5]}), ({'CONV': [128, 3]}, {'CONV': [256, 5]}, {'POOLMAX': [-1, 2]}), {'GLOBAL_AVG': None}, {'LAST_DENSE': [100, 'softmax']}]",HHSE,NSGA2,,,,,0.699201267448079,,,,2535883776,3971748,,,,,,"[42, 39, 52, 23, 39, 5, 55, 26]",0.7118749478023261,-0.0003411829714018,0.0,0.0,0.875,0.0,0.01,0,0,0,100,0,0.0,BEST,False,False,257,True,True,GREEDY,,,GREEDY_HV
BHUDDI[M],0,1,24,1,0.24,True,True,"[7, 50, 52, 38, 13, 6, 37, 39]",[],"[7.465839277013956, 50.22656382036588, 52.74801822753073, 38.81645379877505, 13.298655410338853, 6.0479121283298065, 37.648569028432725, 39.383327795920835]","[{'INP': 32}, {'CONV': [64, 3]}, ({'CONV': [32, 3]}, {'CONV': [256, 5]}), ({'CONV': [256, 3]}, {'CONV': [64, 3]}, {'POOLMAX': [-1, 2]}), ({'CONV': [256, 3]}, {'CONV': [128, 3]}), ({'CONV': [128, 3]}, {'CONV': [256, 3]}, {'POOLMAX': [-1, 2]}), ({'CONV': [32, 5]}, {'CONV': [128, 5]}), ({'CONV': [32, 3]}, {'CONV': [256, 3]}, {'POOLMAX': [-1, 2]}), ({'CONV': [128, 3]}, {'CONV': [128, 5]}), ({'CONV': [128, 3]}, {'CONV': [256, 5]}, {'POOLMAX': [-1, 2]}), {'GLOBAL_AVG': None}, {'LAST_DENSE': [100, 'softmax']}]",HHSE,NSGA2,,,,,0.699201267448079,,,,2535883776,3971748,,,,,,"[42, 39, 52, 23, 39, 5, 55, 26]",0.7112402681162179,-0.0003729689019378,0.0,0.0,0.875,0.0,0.01,0,0,0,100,0,0.0,BEST,False,False,257,True,True,GREEDY,,,GREEDY_HV
BHUDDI[M],0,1,25,1,0.25,True,True,"[7, 50, 52, 38, 13, 6, 37, 39]",[],"[7.465839277013956, 50.22656382036588, 52.74801822753073, 38.81645379877505, 13.298655410338853, 6.0479121283298065, 37.648569028432725, 39.383327795920835]","[{'INP': 32}, {'CONV': [64, 3]}, ({'CONV': [32, 3]}, {'CONV': [256, 5]}), ({'CONV': [256, 3]}, {'CONV': [64, 3]}, {'POOLMAX': [-1, 2]}), ({'CONV': [256, 3]}, {'CONV': [128, 3]}), ({'CONV': [128, 3]}, {'CONV': [256, 3]}, {'POOLMAX': [-1, 2]}), ({'CONV': [32, 5]}, {'CONV': [128, 5]}), ({'CONV': [32, 3]}, {'CONV': [256, 3]}, {'POOLMAX': [-1, 2]}), ({'CONV': [128, 3]}, {'CONV': [128, 5]}), ({'CONV': [128, 3]}, {'CONV': [256, 5]}, {'POOLMAX': [-1, 2]}), {'GLOBAL_AVG': None}, {'LAST_DENSE': [100, 'softmax']}]",HHSE,NSGA2,,,,,0.699201267448079,,,,2535883776,3971748,,,,,,"[42, 39, 52, 23, 39, 5, 55, 26]",0.7112369896044881,-0.0007412900914696,0.0,0.0,0.875,0.0,0.01,0,0,0,100,0,0.0,BEST,False,False,257,True,True,GREEDY,,,GREEDY_HV
BHUDDI[M],0,1,26,1,0.26,True,True,"[7, 50, 52, 38, 13, 6, 37, 39]",[],"[7.465839277013956, 50.22656382036588, 52.74801822753073, 38.81645379877505, 13.298655410338853, 6.0479121283298065, 37.648569028432725, 39.383327795920835]","[{'INP': 32}, {'CONV': [64, 3]}, ({'CONV': [32, 3]}, {'CONV': [256, 5]}), ({'CONV': [256, 3]}, {'CONV': [64, 3]}, {'POOLMAX': [-1, 2]}), ({'CONV': [256, 3]}, {'CONV': [128, 3]}), ({'CONV': [128, 3]}, {'CONV': [256, 3]}, {'POOLMAX': [-1, 2]}), ({'CONV': [32, 5]}, {'CONV': [128, 5]}), ({'CONV': [32, 3]}, {'CONV': [256, 3]}, {'POOLMAX': [-1, 2]}), ({'CONV': [128, 3]}, {'CONV': [128, 5]}), ({'CONV': [128, 3]}, {'CONV': [256, 5]}, {'POOLMAX': [-1, 2]}), {'GLOBAL_AVG': None}, {'LAST_DENSE': [100, 'softmax']}]",HHSE,NSGA2,,,,,0.699201267448079,,,,2535883776,3971748,,,,,,"[42, 39, 52, 23, 39, 5, 55, 26]",0.7117435162070394,-0.0049809328746435,0.0,0.0,0.875,0.0,0.01,0,0,0,100,0,0.0,BEST,False,False,257,True,True,GREEDY,,,GREEDY_HV
BHUDDI[M],0,1,27,1,0.27,True,True,"[7, 50, 52, 38, 13, 6, 37, 39]",[],"[7.465839277013956, 50.22656382036588, 52.74801822753073, 38.81645379877505, 13.298655410338853, 6.0479121283298065, 37.648569028432725, 39.383327795920835]","[{'INP': 32}, {'CONV': [64, 3]}, ({'CONV': [32, 3]}, {'CONV': [256, 5]}), ({'CONV': [256, 3]}, {'CONV': [64, 3]}, {'POOLMAX': [-1, 2]}), ({'CONV': [256, 3]}, {'CONV': [128, 3]}), ({'CONV': [128, 3]}, {'CONV': [256, 3]}, {'POOLMAX': [-1, 2]}), ({'CONV': [32, 5]}, {'CONV': [128, 5]}), ({'CONV': [32, 3]}, {'CONV': [256, 3]}, {'POOLMAX': [-1, 2]}), ({'CONV': [128, 3]}, {'CONV': [128, 5]}), ({'CONV': [128, 3]}, {'CONV': [256, 5]}, {'POOLMAX': [-1, 2]}), {'GLOBAL_AVG': None}, {'LAST_DENSE': [100, 'softmax']}]",HHSE,NSGA2,,,,,0.699201267448079,,,,2535883776,3971748,,,,,,"[42, 39, 52, 23, 39, 5, 55, 26]",0.7117950189464293,-0.0027188208586569,0.0,0.0,0.875,0.0,0.01,0,0,0,100,0,0.0,BEST,False,False,257,True,True,GREEDY,,,GREEDY_HV
BHUDDI[M],0,1,28,1,0.28,True,True,"[7, 50, 52, 38, 13, 6, 37, 39]",[],"[7.465839277013956, 50.22656382036588, 52.74801822753073, 38.81645379877505, 13.298655410338853, 6.0479121283298065, 37.648569028432725, 39.383327795920835]","[{'INP': 32}, {'CONV': [64, 3]}, ({'CONV': [32, 3]}, {'CONV': [256, 5]}), ({'CONV': [256, 3]}, {'CONV': [64, 3]}, {'POOLMAX': [-1, 2]}), ({'CONV': [256, 3]}, {'CONV': [128, 3]}), ({'CONV': [128, 3]}, {'CONV': [256, 3]}, {'POOLMAX': [-1, 2]}), ({'CONV': [32, 5]}, {'CONV': [128, 5]}), ({'CONV': [32, 3]}, {'CONV': [256, 3]}, {'POOLMAX': [-1, 2]}), ({'CONV': [128, 3]}, {'CONV': [128, 5]}), ({'CONV': [128, 3]}, {'CONV': [256, 5]}, {'POOLMAX': [-1, 2]}), {'GLOBAL_AVG': None}, {'LAST_DENSE': [100, 'softmax']}]",HHSE,NSGA2,,,,,0.699201267448079,,,,2535883776,3971748,,,,,,"[42, 39, 52, 23, 39, 5, 55, 26]",0.7123487214383266,-0.0025518216631452,0.0,0.0,0.875,0.0,0.01,0,0,0,100,0,0.0,BEST,False,False,257,True,True,GREEDY,,,GREEDY_HV
BTQDOF[M][M],0,1,29,29,0.29,True,True,"[14, 34, 52, 23, 46, 12, 55, 42]",[],"[14.476528933487277, 34.74437515937263, 52.62301739548016, 23.940531810111967, 46.3344715905726, 12.771063009697194, 55.44912125649323, 42.02789842818686]","[{'INP': 32}, {'CONV': [64, 3]}, ({'CONV': [32, 5]}, {'CONV': [256, 3]}), ({'CONV': [128, 3]}, {'CONV': [64, 3]}, {'POOLMAX': [-1, 2]}), ({'CONV': [256, 3]}, {'CONV': [128, 3]}), ({'CONV': [64, 3]}, {'CONV': [256, 5]}, {'POOLMAX': [-1, 2]}), ({'CONV': [128, 5]}, {'CONV': [256, 3]}), ({'CONV': [32, 5]}, {'CONV': [128, 3]}, {'POOLMAX': [-1, 2]}), ({'CONV': [256, 3]}, {'CONV': [256, 5]}), ({'CONV': [128, 5]}, {'CONV': [64, 3]}, {'POOLMAX': [-1, 2]}), {'GLOBAL_AVG': None}, {'LAST_DENSE': [100, 'softmax']}]",HHSE,NSGA2,,,,,0.7020128706939247,,,,1756792576,5619492,,,,,,"[9, 2, 2, 26, 41, 6, 52, 12]",0.7131272049416144,-0.0001722151616492,0.0,0.0,1.0,0.875,0.29,0,0,0,100,0,0.0,BEST,False,False,230,True,True,GREEDY,,,GREEDY_HV
BTQDOF[M][M],0,1,30,29,0.3,True,True,"[14, 34, 52, 23, 46, 12, 55, 42]",[],"[14.476528933487277, 34.74437515937263, 52.62301739548016, 23.940531810111967, 46.3344715905726, 12.771063009697194, 55.44912125649323, 42.02789842818686]","[{'INP': 32}, {'CONV': [64, 3]}, ({'CONV': [32, 5]}, {'CONV': [256, 3]}), ({'CONV': [128, 3]}, {'CONV': [64, 3]}, {'POOLMAX': [-1, 2]}), ({'CONV': [256, 3]}, {'CONV': [128, 3]}), ({'CONV': [64, 3]}, {'CONV': [256, 5]}, {'POOLMAX': [-1, 2]}), ({'CONV': [128, 5]}, {'CONV': [256, 3]}), ({'CONV': [32, 5]}, {'CONV': [128, 3]}, {'POOLMAX': [-1, 2]}), ({'CONV': [256, 3]}, {'CONV': [256, 5]}), ({'CONV': [128, 5]}, {'CONV': [64, 3]}, {'POOLMAX': [-1, 2]}), {'GLOBAL_AVG': None}, {'LAST_DENSE': [100, 'softmax']}]",HHSE,NSGA2,,,,,0.7020128706939247,,,,1756792576,5619492,,,,,,"[9, 2, 2, 26, 41, 6, 52, 12]",0.7167876812218679,-0.000965071387159,0.0,0.0,1.0,0.0,0.29,0,0,0,100,0,0.0,BEST,False,False,230,True,True,GREEDY,,,GREEDY_HV
BTQDOF[M][M],0,1,31,29,0.31,True,True,"[14, 34, 52, 23, 46, 12, 55, 42]",[],"[14.476528933487277, 34.74437515937263, 52.62301739548016, 23.940531810111967, 46.3344715905726, 12.771063009697194, 55.44912125649323, 42.02789842818686]","[{'INP': 32}, {'CONV': [64, 3]}, ({'CONV': [32, 5]}, {'CONV': [256, 3]}), ({'CONV': [128, 3]}, {'CONV': [64, 3]}, {'POOLMAX': [-1, 2]}), ({'CONV': [256, 3]}, {'CONV': [128, 3]}), ({'CONV': [64, 3]}, {'CONV': [256, 5]}, {'POOLMAX': [-1, 2]}), ({'CONV': [128, 5]}, {'CONV': [256, 3]}), ({'CONV': [32, 5]}, {'CONV': [128, 3]}, {'POOLMAX': [-1, 2]}), ({'CONV': [256, 3]}, {'CONV': [256, 5]}), ({'CONV': [128, 5]}, {'CONV': [64, 3]}, {'POOLMAX': [-1, 2]}), {'GLOBAL_AVG': None}, {'LAST_DENSE': [100, 'softmax']}]",HHSE,NSGA2,,,,,0.7020128706939247,,,,1756792576,5619492,,,,,,"[9, 2, 2, 26, 41, 6, 52, 12]",0.716870304230926,-0.0016828104132599,0.0,0.0,1.0,0.0,0.29,0,0,0,100,0,0.0,BEST,False,False,230,True,True,GREEDY,,,GREEDY_HV
BGQSPV[M],0,1,32,32,0.32,True,True,"[13, 22, 32, 38, 62, 22, 54, 52]",[],"[13.132346927354378, 22.54500471535654, 32.56503859350712, 38.81474172937409, 62.62936098901127, 22.747830020718677, 54.20583552731125, 52.30268606307558]","[{'INP': 32}, {'CONV': [64, 3]}, ({'CONV': [32, 5]}, {'CONV': [128, 5]}), ({'CONV': [64, 3]}, {'CONV': [256, 3]}, {'POOLMAX': [-1, 2]}), ({'CONV': [128, 3]}, {'CONV': [32, 3]}), ({'CONV': [128, 3]}, {'CONV': [256, 3]}, {'POOLMAX': [-1, 2]}), ({'CONV': [256, 5]}, {'CONV': [256, 3]}), ({'CONV': [64, 3]}, {'CONV': [256, 3]}, {'POOLMAX': [-1, 2]}), ({'CONV': [256, 3]}, {'CONV': [256, 3]}), ({'CONV': [256, 3]}, {'CONV': [128, 3]}, {'POOLMAX': [-1, 2]}), {'GLOBAL_AVG': None}, {'LAST_DENSE': [100, 'softmax']}]",HHSE,NSGA2,,,,,0.7026683152777602,,,,1505086976,5651748,,,,,,"[14, 34, 11, 52, 62, 27, 55, 42]",0.7170778210950647,-0.0001771202147436,0.5,0.5,0.875,1.0,0.32,0,0,0,100,0,0.0,BEST,False,False,224,True,True,GREEDY,,,GREEDY_HV
BGQSPV[M],0,1,33,32,0.33,True,True,"[13, 22, 32, 38, 62, 22, 54, 52]",[],"[13.132346927354378, 22.54500471535654, 32.56503859350712, 38.81474172937409, 62.62936098901127, 22.747830020718677, 54.20583552731125, 52.30268606307558]","[{'INP': 32}, {'CONV': [64, 3]}, ({'CONV': [32, 5]}, {'CONV': [128, 5]}), ({'CONV': [64, 3]}, {'CONV': [256, 3]}, {'POOLMAX': [-1, 2]}), ({'CONV': [128, 3]}, {'CONV': [32, 3]}), ({'CONV': [128, 3]}, {'CONV': [256, 3]}, {'POOLMAX': [-1, 2]}), ({'CONV': [256, 5]}, {'CONV': [256, 3]}), ({'CONV': [64, 3]}, {'CONV': [256, 3]}, {'POOLMAX': [-1, 2]}), ({'CONV': [256, 3]}, {'CONV': [256, 3]}), ({'CONV': [256, 3]}, {'CONV': [128, 3]}, {'POOLMAX': [-1, 2]}), {'GLOBAL_AVG': None}, {'LAST_DENSE': [100, 'softmax']}]",HHSE,NSGA2,,,,,0.7026683152777602,,,,1505086976,5651748,,,,,,"[14, 34, 11, 52, 62, 27, 55, 42]",0.7175758316578792,-0.0008589251166883,0.5,0.5,0.875,0.0,0.32,0,0,0,100,0,0.0,BEST,False,False,224,True,True,GREEDY,,,GREEDY_HV
BGQSPV[M],0,1,34,32,0.34,True,True,"[13, 22, 32, 38, 62, 22, 54, 52]",[],"[13.132346927354378, 22.54500471535654, 32.56503859350712, 38.81474172937409, 62.62936098901127, 22.747830020718677, 54.20583552731125, 52.30268606307558]","[{'INP': 32}, {'CONV': [64, 3]}, ({'CONV': [32, 5]}, {'CONV': [128, 5]}), ({'CONV': [64, 3]}, {'CONV': [256, 3]}, {'POOLMAX': [-1, 2]}), ({'CONV': [128, 3]}, {'CONV': [32, 3]}), ({'CONV': [128, 3]}, {'CONV': [256, 3]}, {'POOLMAX': [-1, 2]}), ({'CONV': [256, 5]}, {'CONV': [256, 3]}), ({'CONV': [64, 3]}, {'CONV': [256, 3]}, {'POOLMAX': [-1, 2]}), ({'CONV': [256, 3]}, {'CONV': [256, 3]}), ({'CONV': [256, 3]}, {'CONV': [128, 3]}, {'POOLMAX': [-1, 2]}), {'GLOBAL_AVG': None}, {'LAST_DENSE': [100, 'softmax']}]",HHSE,NSGA2,,,,,0.7026683152777602,,,,1505086976,5651748,,,,,,"[14, 34, 11, 52, 62, 27, 55, 42]",0.7178709330491871,-0.0003280809305871,0.5,0.5,0.875,0.0,0.32,0,0,0,100,0,0.0,BEST,False,False,224,True,True,GREEDY,,,GREEDY_HV
BGQSPV[M],0,1,35,32,0.35,True,True,"[13, 22, 32, 38, 62, 22, 54, 52]",[],"[13.132346927354378, 22.54500471535654, 32.56503859350712, 38.81474172937409, 62.62936098901127, 22.747830020718677, 54.20583552731125, 52.30268606307558]","[{'INP': 32}, {'CONV': [64, 3]}, ({'CONV': [32, 5]}, {'CONV': [128, 5]}), ({'CONV': [64, 3]}, {'CONV': [256, 3]}, {'POOLMAX': [-1, 2]}), ({'CONV': [128, 3]}, {'CONV': [32, 3]}), ({'CONV': [128, 3]}, {'CONV': [256, 3]}, {'POOLMAX': [-1, 2]}), ({'CONV': [256, 5]}, {'CONV': [256, 3]}), ({'CONV': [64, 3]}, {'CONV': [256, 3]}, {'POOLMAX': [-1, 2]}), ({'CONV': [256, 3]}, {'CONV': [256, 3]}), ({'CONV': [256, 3]}, {'CONV': [128, 3]}, {'POOLMAX': [-1, 2]}), {'GLOBAL_AVG': None}, {'LAST_DENSE': [100, 'softmax']}]",HHSE,NSGA2,,,,,0.7026683152777602,,,,1505086976,5651748,,,,,,"[14, 34, 11, 52, 62, 27, 55, 42]",0.7177514424312341,-9.226168276421642e-05,0.5,0.5,0.875,0.0,0.32,0,0,0,100,0,0.0,BEST,False,False,224,True,True,GREEDY,,,GREEDY_HV
BGQSPV[M],0,1,36,32,0.36,True,True,"[13, 22, 32, 38, 62, 22, 54, 52]",[],"[13.132346927354378, 22.54500471535654, 32.56503859350712, 38.81474172937409, 62.62936098901127, 22.747830020718677, 54.20583552731125, 52.30268606307558]","[{'INP': 32}, {'CONV': [64, 3]}, ({'CONV': [32, 5]}, {'CONV': [128, 5]}), ({'CONV': [64, 3]}, {'CONV': [256, 3]}, {'POOLMAX': [-1, 2]}), ({'CONV': [128, 3]}, {'CONV': [32, 3]}), ({'CONV': [128, 3]}, {'CONV': [256, 3]}, {'POOLMAX': [-1, 2]}), ({'CONV': [256, 5]}, {'CONV': [256, 3]}), ({'CONV': [64, 3]}, {'CONV': [256, 3]}, {'POOLMAX': [-1, 2]}), ({'CONV': [256, 3]}, {'CONV': [256, 3]}), ({'CONV': [256, 3]}, {'CONV': [128, 3]}, {'POOLMAX': [-1, 2]}), {'GLOBAL_AVG': None}, {'LAST_DENSE': [100, 'softmax']}]",HHSE,NSGA2,,,,,0.7026683152777602,,,,1505086976,5651748,,,,,,"[14, 34, 11, 52, 62, 27, 55, 42]",0.7177633763918185,-0.0004554381573719,0.5,0.5,0.875,0.0,0.32,0,1,0,100,0,0.01,BEST,False,False,224,True,True,GREEDY,,,GREEDY_HV
BGQSPV[M],0,1,37,32,0.37,True,True,"[13, 22, 32, 38, 62, 22, 54, 52]",[],"[13.132346927354378, 22.54500471535654, 32.56503859350712, 38.81474172937409, 62.62936098901127, 22.747830020718677, 54.20583552731125, 52.30268606307558]","[{'INP': 32}, {'CONV': [64, 3]}, ({'CONV': [32, 5]}, {'CONV': [128, 5]}), ({'CONV': [64, 3]}, {'CONV': [256, 3]}, {'POOLMAX': [-1, 2]}), ({'CONV': [128, 3]}, {'CONV': [32, 3]}), ({'CONV': [128, 3]}, {'CONV': [256, 3]}, {'POOLMAX': [-1, 2]}), ({'CONV': [256, 5]}, {'CONV': [256, 3]}), ({'CONV': [64, 3]}, {'CONV': [256, 3]}, {'POOLMAX': [-1, 2]}), ({'CONV': [256, 3]}, {'CONV': [256, 3]}), ({'CONV': [256, 3]}, {'CONV': [128, 3]}, {'POOLMAX': [-1, 2]}), {'GLOBAL_AVG': None}, {'LAST_DENSE': [100, 'softmax']}]",HHSE,NSGA2,,,,,0.7026683152777602,,,,1505086976,5651748,,,,,,"[14, 34, 11, 52, 62, 27, 55, 42]",0.7178216451345006,-0.0004737880757932,0.5,0.5,0.875,0.0,0.32,0,0,0,100,0,0.0,BEST,False,False,224,True,True,GREEDY,,,GREEDY_HV
BGQSPV[M],0,1,38,32,0.38,True,True,"[13, 22, 32, 38, 62, 22, 54, 52]",[],"[13.132346927354378, 22.54500471535654, 32.56503859350712, 38.81474172937409, 62.62936098901127, 22.747830020718677, 54.20583552731125, 52.30268606307558]","[{'INP': 32}, {'CONV': [64, 3]}, ({'CONV': [32, 5]}, {'CONV': [128, 5]}), ({'CONV': [64, 3]}, {'CONV': [256, 3]}, {'POOLMAX': [-1, 2]}), ({'CONV': [128, 3]}, {'CONV': [32, 3]}), ({'CONV': [128, 3]}, {'CONV': [256, 3]}, {'POOLMAX': [-1, 2]}), ({'CONV': [256, 5]}, {'CONV': [256, 3]}), ({'CONV': [64, 3]}, {'CONV': [256, 3]}, {'POOLMAX': [-1, 2]}), ({'CONV': [256, 3]}, {'CONV': [256, 3]}), ({'CONV': [256, 3]}, {'CONV': [128, 3]}, {'POOLMAX': [-1, 2]}), {'GLOBAL_AVG': None}, {'LAST_DENSE': [100, 'softmax']}]",HHSE,NSGA2,,,,,0.7026683152777602,,,,1505086976,5651748,,,,,,"[14, 34, 11, 52, 62, 27, 55, 42]",0.71781362795689,-0.0006140317492607,0.5,0.5,0.875,0.0,0.32,0,0,0,100,0,0.0,BEST,False,False,224,True,True,GREEDY,,,GREEDY_HV
BGQSPV[M],0,1,39,32,0.39,True,True,"[13, 22, 32, 38, 62, 22, 54, 52]",[],"[13.132346927354378, 22.54500471535654, 32.56503859350712, 38.81474172937409, 62.62936098901127, 22.747830020718677, 54.20583552731125, 52.30268606307558]","[{'INP': 32}, {'CONV': [64, 3]}, ({'CONV': [32, 5]}, {'CONV': [128, 5]}), ({'CONV': [64, 3]}, {'CONV': [256, 3]}, {'POOLMAX': [-1, 2]}), ({'CONV': [128, 3]}, {'CONV': [32, 3]}), ({'CONV': [128, 3]}, {'CONV': [256, 3]}, {'POOLMAX': [-1, 2]}), ({'CONV': [256, 5]}, {'CONV': [256, 3]}), ({'CONV': [64, 3]}, {'CONV': [256, 3]}, {'POOLMAX': [-1, 2]}), ({'CONV': [256, 3]}, {'CONV': [256, 3]}), ({'CONV': [256, 3]}, {'CONV': [128, 3]}, {'POOLMAX': [-1, 2]}), {'GLOBAL_AVG': None}, {'LAST_DENSE': [100, 'softmax']}]",HHSE,NSGA2,,,,,0.7026683152777602,,,,1505086976,5651748,,,,,,"[14, 34, 11, 52, 62, 27, 55, 42]",0.7186217579404806,-0.0026131842067627,0.5,0.5,0.875,0.0,0.32,0,1,0,100,0,0.01,BEST,False,False,224,True,True,GREEDY,,,GREEDY_HV
BGQSPV[M],0,1,40,32,0.4,True,True,"[13, 22, 32, 38, 62, 22, 54, 52]",[],"[13.132346927354378, 22.54500471535654, 32.56503859350712, 38.81474172937409, 62.62936098901127, 22.747830020718677, 54.20583552731125, 52.30268606307558]","[{'INP': 32}, {'CONV': [64, 3]}, ({'CONV': [32, 5]}, {'CONV': [128, 5]}), ({'CONV': [64, 3]}, {'CONV': [256, 3]}, {'POOLMAX': [-1, 2]}), ({'CONV': [128, 3]}, {'CONV': [32, 3]}), ({'CONV': [128, 3]}, {'CONV': [256, 3]}, {'POOLMAX': [-1, 2]}), ({'CONV': [256, 5]}, {'CONV': [256, 3]}), ({'CONV': [64, 3]}, {'CONV': [256, 3]}, {'POOLMAX': [-1, 2]}), ({'CONV': [256, 3]}, {'CONV': [256, 3]}), ({'CONV': [256, 3]}, {'CONV': [128, 3]}, {'POOLMAX': [-1, 2]}), {'GLOBAL_AVG': None}, {'LAST_DENSE': [100, 'softmax']}]",HHSE,NSGA2,,,,,0.7026683152777602,,,,1505086976,5651748,,,,,,"[14, 34, 11, 52, 62, 27, 55, 42]",0.7179726112063148,-0.0006729923296844,0.5,0.5,0.875,0.0,0.32,0,1,0,100,0,0.01,BEST,False,False,224,True,True,GREEDY,,,GREEDY_HV
BGQSPV[M],0,1,41,32,0.41,True,True,"[13, 22, 32, 38, 62, 22, 54, 52]",[],"[13.132346927354378, 22.54500471535654, 32.56503859350712, 38.81474172937409, 62.62936098901127, 22.747830020718677, 54.20583552731125, 52.30268606307558]","[{'INP': 32}, {'CONV': [64, 3]}, ({'CONV': [32, 5]}, {'CONV': [128, 5]}), ({'CONV': [64, 3]}, {'CONV': [256, 3]}, {'POOLMAX': [-1, 2]}), ({'CONV': [128, 3]}, {'CONV': [32, 3]}), ({'CONV': [128, 3]}, {'CONV': [256, 3]}, {'POOLMAX': [-1, 2]}), ({'CONV': [256, 5]}, {'CONV': [256, 3]}), ({'CONV': [64, 3]}, {'CONV': [256, 3]}, {'POOLMAX': [-1, 2]}), ({'CONV': [256, 3]}, {'CONV': [256, 3]}), ({'CONV': [256, 3]}, {'CONV': [128, 3]}, {'POOLMAX': [-1, 2]}), {'GLOBAL_AVG': None}, {'LAST_DENSE': [100, 'softmax']}]",HHSE,NSGA2,,,,,0.7026683152777602,,,,1505086976,5651748,,,,,,"[14, 34, 11, 52, 62, 27, 55, 42]",0.719015835126896,-0.0020541147777949,0.5,0.5,0.875,0.0,0.32,0,0,0,100,0,0.0,BEST,False,False,224,True,True,GREEDY,,,GREEDY_HV
BCXFKO[M],0,1,42,42,0.42,True,True,"[0, 15, 3, 23, 46, 37, 43, 55]",[],"[0.0763183812181891, 15.452523163620713, 3.860277735737809, 23.38341967960094, 46.421864249756396, 37.18798324304037, 43.7908375130973, 55.62013478358214]","[{'INP': 32}, {'CONV': [64, 3]}, ({'CONV': [32, 3]}, {'CONV': [32, 3]}), ({'CONV': [32, 5]}, {'CONV': [256, 5]}, {'POOLMAX': [-1, 2]}), ({'CONV': [32, 3]}, {'CONV': [64, 5]}), ({'CONV': [64, 3]}, {'CONV': [256, 5]}, {'POOLMAX': [-1, 2]}), ({'CONV': [128, 5]}, {'CONV': [256, 3]}), ({'CONV': [128, 3]}, {'CONV': [128, 5]}, {'POOLMAX': [-1, 2]}), ({'CONV': [128, 5]}, {'CONV': [64, 5]}), ({'CONV': [256, 3]}, {'CONV': [256, 5]}, {'POOLMAX': [-1, 2]}), {'GLOBAL_AVG': None}, {'LAST_DENSE': [100, 'softmax']}]",HHSE,NSGA2,,,,,0.7050637704868083,,,,1138501632,5084452,,,,,,"[0, 29, 7, 0, 60, 46, 13, 39]",0.719015835126896,-0.0002360094620906,0.25,0.625,0.875,1.0,0.42,0,0,0,100,0,0.0,BEST,False,False,191,True,True,GREEDY,,,GREEDY_HV
BCXFKO[M],0,1,43,42,0.43,True,True,"[0, 15, 3, 23, 46, 37, 43, 55]",[],"[0.0763183812181891, 15.452523163620713, 3.860277735737809, 23.38341967960094, 46.421864249756396, 37.18798324304037, 43.7908375130973, 55.62013478358214]","[{'INP': 32}, {'CONV': [64, 3]}, ({'CONV': [32, 3]}, {'CONV': [32, 3]}), ({'CONV': [32, 5]}, {'CONV': [256, 5]}, {'POOLMAX': [-1, 2]}), ({'CONV': [32, 3]}, {'CONV': [64, 5]}), ({'CONV': [64, 3]}, {'CONV': [256, 5]}, {'POOLMAX': [-1, 2]}), ({'CONV': [128, 5]}, {'CONV': [256, 3]}), ({'CONV': [128, 3]}, {'CONV': [128, 5]}, {'POOLMAX': [-1, 2]}), ({'CONV': [128, 5]}, {'CONV': [64, 5]}), ({'CONV': [256, 3]}, {'CONV': [256, 5]}, {'POOLMAX': [-1, 2]}), {'GLOBAL_AVG': None}, {'LAST_DENSE': [100, 'softmax']}]",HHSE,NSGA2,,,,,0.7050637704868083,,,,1138501632,5084452,,,,,,"[0, 29, 7, 0, 60, 46, 13, 39]",0.721062895428055,-8.243751746050965e-05,0.25,0.625,0.875,0.0,0.42,0,0,0,100,0,0.0,BEST,False,False,191,True,True,GREEDY,,,GREEDY_HV
BCXFKO[M],0,1,44,42,0.44,True,True,"[0, 15, 3, 23, 46, 37, 43, 55]",[],"[0.0763183812181891, 15.452523163620713, 3.860277735737809, 23.38341967960094, 46.421864249756396, 37.18798324304037, 43.7908375130973, 55.62013478358214]","[{'INP': 32}, {'CONV': [64, 3]}, ({'CONV': [32, 3]}, {'CONV': [32, 3]}), ({'CONV': [32, 5]}, {'CONV': [256, 5]}, {'POOLMAX': [-1, 2]}), ({'CONV': [32, 3]}, {'CONV': [64, 5]}), ({'CONV': [64, 3]}, {'CONV': [256, 5]}, {'POOLMAX': [-1, 2]}), ({'CONV': [128, 5]}, {'CONV': [256, 3]}), ({'CONV': [128, 3]}, {'CONV': [128, 5]}, {'POOLMAX': [-1, 2]}), ({'CONV': [128, 5]}, {'CONV': [64, 5]}), ({'CONV': [256, 3]}, {'CONV': [256, 5]}, {'POOLMAX': [-1, 2]}), {'GLOBAL_AVG': None}, {'LAST_DENSE': [100, 'softmax']}]",HHSE,NSGA2,,,,,0.7050637704868083,,,,1138501632,5084452,,,,,,"[0, 29, 7, 0, 60, 46, 13, 39]",0.7210134504757694,-0.0009224673792187,0.25,0.625,0.875,0.0,0.42,0,0,0,100,0,0.0,BEST,False,False,191,True,True,GREEDY,,,GREEDY_HV
BCXFKO[M],0,1,45,42,0.45,True,True,"[0, 15, 3, 23, 46, 37, 43, 55]",[],"[0.0763183812181891, 15.452523163620713, 3.860277735737809, 23.38341967960094, 46.421864249756396, 37.18798324304037, 43.7908375130973, 55.62013478358214]","[{'INP': 32}, {'CONV': [64, 3]}, ({'CONV': [32, 3]}, {'CONV': [32, 3]}), ({'CONV': [32, 5]}, {'CONV': [256, 5]}, {'POOLMAX': [-1, 2]}), ({'CONV': [32, 3]}, {'CONV': [64, 5]}), ({'CONV': [64, 3]}, {'CONV': [256, 5]}, {'POOLMAX': [-1, 2]}), ({'CONV': [128, 5]}, {'CONV': [256, 3]}), ({'CONV': [128, 3]}, {'CONV': [128, 5]}, {'POOLMAX': [-1, 2]}), ({'CONV': [128, 5]}, {'CONV': [64, 5]}), ({'CONV': [256, 3]}, {'CONV': [256, 5]}, {'POOLMAX': [-1, 2]}), {'GLOBAL_AVG': None}, {'LAST_DENSE': [100, 'softmax']}]",HHSE,NSGA2,,,,,0.7050637704868083,,,,1138501632,5084452,,,,,,"[0, 29, 7, 0, 60, 46, 13, 39]",0.7210489649636229,-7.447461521314924e-05,0.25,0.625,0.875,0.0,0.42,0,0,0,100,0,0.0,BEST,False,False,191,True,True,GREEDY,,,GREEDY_HV
BCXFKO[M],0,1,46,42,0.46,True,True,"[0, 15, 3, 23, 46, 37, 43, 55]",[],"[0.0763183812181891, 15.452523163620713, 3.860277735737809, 23.38341967960094, 46.421864249756396, 37.18798324304037, 43.7908375130973, 55.62013478358214]","[{'INP': 32}, {'CONV': [64, 3]}, ({'CONV': [32, 3]}, {'CONV': [32, 3]}), ({'CONV': [32, 5]}, {'CONV': [256, 5]}, {'POOLMAX': [-1, 2]}), ({'CONV': [32, 3]}, {'CONV': [64, 5]}), ({'CONV': [64, 3]}, {'CONV': [256, 5]}, {'POOLMAX': [-1, 2]}), ({'CONV': [128, 5]}, {'CONV': [256, 3]}), ({'CONV': [128, 3]}, {'CONV': [128, 5]}, {'POOLMAX': [-1, 2]}), ({'CONV': [128, 5]}, {'CONV': [64, 5]}), ({'CONV': [256, 3]}, {'CONV': [256, 5]}, {'POOLMAX': [-1, 2]}), {'GLOBAL_AVG': None}, {'LAST_DENSE': [100, 'softmax']}]",HHSE,NSGA2,,,,,0.7050637704868083,,,,1138501632,5084452,,,,,,"[0, 29, 7, 0, 60, 46, 13, 39]",0.7210722517461455,-0.0014384390621261,0.25,0.625,0.875,0.0,0.42,0,0,0,100,0,0.0,BEST,False,False,191,True,True,GREEDY,,,GREEDY_HV
BCXFKO[M],0,1,47,42,0.47,True,True,"[0, 15, 3, 23, 46, 37, 43, 55]",[],"[0.0763183812181891, 15.452523163620713, 3.860277735737809, 23.38341967960094, 46.421864249756396, 37.18798324304037, 43.7908375130973, 55.62013478358214]","[{'INP': 32}, {'CONV': [64, 3]}, ({'CONV': [32, 3]}, {'CONV': [32, 3]}), ({'CONV': [32, 5]}, {'CONV': [256, 5]}, {'POOLMAX': [-1, 2]}), ({'CONV': [32, 3]}, {'CONV': [64, 5]}), ({'CONV': [64, 3]}, {'CONV': [256, 5]}, {'POOLMAX': [-1, 2]}), ({'CONV': [128, 5]}, {'CONV': [256, 3]}), ({'CONV': [128, 3]}, {'CONV': [128, 5]}, {'POOLMAX': [-1, 2]}), ({'CONV': [128, 5]}, {'CONV': [64, 5]}), ({'CONV': [256, 3]}, {'CONV': [256, 5]}, {'POOLMAX': [-1, 2]}), {'GLOBAL_AVG': None}, {'LAST_DENSE': [100, 'softmax']}]",HHSE,NSGA2,,,,,0.7050637704868083,,,,1138501632,5084452,,,,,,"[0, 29, 7, 0, 60, 46, 13, 39]",0.7211987808648305,-0.0024583754330328,0.25,0.625,0.875,0.0,0.42,0,0,0,100,0,0.0,BEST,False,False,191,True,True,GREEDY,,,GREEDY_HV
BCXFKO[M],0,1,48,42,0.48,True,True,"[0, 15, 3, 23, 46, 37, 43, 55]",[],"[0.0763183812181891, 15.452523163620713, 3.860277735737809, 23.38341967960094, 46.421864249756396, 37.18798324304037, 43.7908375130973, 55.62013478358214]","[{'INP': 32}, {'CONV': [64, 3]}, ({'CONV': [32, 3]}, {'CONV': [32, 3]}), ({'CONV': [32, 5]}, {'CONV': [256, 5]}, {'POOLMAX': [-1, 2]}), ({'CONV': [32, 3]}, {'CONV': [64, 5]}), ({'CONV': [64, 3]}, {'CONV': [256, 5]}, {'POOLMAX': [-1, 2]}), ({'CONV': [128, 5]}, {'CONV': [256, 3]}), ({'CONV': [128, 3]}, {'CONV': [128, 5]}, {'POOLMAX': [-1, 2]}), ({'CONV': [128, 5]}, {'CONV': [64, 5]}), ({'CONV': [256, 3]}, {'CONV': [256, 5]}, {'POOLMAX': [-1, 2]}), {'GLOBAL_AVG': None}, {'LAST_DENSE': [100, 'softmax']}]",HHSE,NSGA2,,,,,0.7050637704868083,,,,1138501632,5084452,,,,,,"[0, 29, 7, 0, 60, 46, 13, 39]",0.7212947658500849,-0.0001753904577358,0.25,0.625,0.875,0.0,0.42,0,0,0,100,0,0.0,BEST,False,False,191,True,True,GREEDY,,,GREEDY_HV
BCXFKO[M],0,1,49,42,0.49,True,True,"[0, 15, 3, 23, 46, 37, 43, 55]",[],"[0.0763183812181891, 15.452523163620713, 3.860277735737809, 23.38341967960094, 46.421864249756396, 37.18798324304037, 43.7908375130973, 55.62013478358214]","[{'INP': 32}, {'CONV': [64, 3]}, ({'CONV': [32, 3]}, {'CONV': [32, 3]}), ({'CONV': [32, 5]}, {'CONV': [256, 5]}, {'POOLMAX': [-1, 2]}), ({'CONV': [32, 3]}, {'CONV': [64, 5]}), ({'CONV': [64, 3]}, {'CONV': [256, 5]}, {'POOLMAX': [-1, 2]}), ({'CONV': [128, 5]}, {'CONV': [256, 3]}), ({'CONV': [128, 3]}, {'CONV': [128, 5]}, {'POOLMAX': [-1, 2]}), ({'CONV': [128, 5]}, {'CONV': [64, 5]}), ({'CONV': [256, 3]}, {'CONV': [256, 5]}, {'POOLMAX': [-1, 2]}), {'GLOBAL_AVG': None}, {'LAST_DENSE': [100, 'softmax']}]",HHSE,NSGA2,,,,,0.7050637704868083,,,,1138501632,5084452,,,,,,"[0, 29, 7, 0, 60, 46, 13, 39]",0.7213600666355032,-0.0028998730819452,0.25,0.625,0.875,0.0,0.42,0,0,0,100,0,0.0,BEST,False,False,191,True,True,GREEDY,,,GREEDY_HV
BCXFKO[M],0,1,50,42,0.5,True,True,"[0, 15, 3, 23, 46, 37, 43, 55]",[],"[0.0763183812181891, 15.452523163620713, 3.860277735737809, 23.38341967960094, 46.421864249756396, 37.18798324304037, 43.7908375130973, 55.62013478358214]","[{'INP': 32}, {'CONV': [64, 3]}, ({'CONV': [32, 3]}, {'CONV': [32, 3]}), ({'CONV': [32, 5]}, {'CONV': [256, 5]}, {'POOLMAX': [-1, 2]}), ({'CONV': [32, 3]}, {'CONV': [64, 5]}), ({'CONV': [64, 3]}, {'CONV': [256, 5]}, {'POOLMAX': [-1, 2]}), ({'CONV': [128, 5]}, {'CONV': [256, 3]}), ({'CONV': [128, 3]}, {'CONV': [128, 5]}, {'POOLMAX': [-1, 2]}), ({'CONV': [128, 5]}, {'CONV': [64, 5]}), ({'CONV': [256, 3]}, {'CONV': [256, 5]}, {'POOLMAX': [-1, 2]}), {'GLOBAL_AVG': None}, {'LAST_DENSE': [100, 'softmax']}]",HHSE,NSGA2,,,,,0.7050637704868083,,,,1138501632,5084452,,,,,,"[0, 29, 7, 0, 60, 46, 13, 39]",0.7213265516676988,-0.0001418543615127,0.25,0.625,0.875,0.0,0.42,0,0,0,100,0,0.0,BEST,False,False,191,True,True,GREEDY,,,GREEDY_HV
BCXFKO[M],0,1,51,42,0.51,True,True,"[0, 15, 3, 23, 46, 37, 43, 55]",[],"[0.0763183812181891, 15.452523163620713, 3.860277735737809, 23.38341967960094, 46.421864249756396, 37.18798324304037, 43.7908375130973, 55.62013478358214]","[{'INP': 32}, {'CONV': [64, 3]}, ({'CONV': [32, 3]}, {'CONV': [32, 3]}), ({'CONV': [32, 5]}, {'CONV': [256, 5]}, {'POOLMAX': [-1, 2]}), ({'CONV': [32, 3]}, {'CONV': [64, 5]}), ({'CONV': [64, 3]}, {'CONV': [256, 5]}, {'POOLMAX': [-1, 2]}), ({'CONV': [128, 5]}, {'CONV': [256, 3]}), ({'CONV': [128, 3]}, {'CONV': [128, 5]}, {'POOLMAX': [-1, 2]}), ({'CONV': [128, 5]}, {'CONV': [64, 5]}), ({'CONV': [256, 3]}, {'CONV': [256, 5]}, {'POOLMAX': [-1, 2]}), {'GLOBAL_AVG': None}, {'LAST_DENSE': [100, 'softmax']}]",HHSE,NSGA2,,,,,0.7050637704868083,,,,1138501632,5084452,,,,,,"[0, 29, 7, 0, 60, 46, 13, 39]",0.7214887616231667,-0.0001550882441069,0.25,0.625,0.875,0.0,0.42,0,0,0,100,0,0.0,BEST,False,False,191,True,True,GREEDY,,,GREEDY_HV
BCXFKO[M],0,1,52,42,0.52,True,True,"[0, 15, 3, 23, 46, 37, 43, 55]",[],"[0.0763183812181891, 15.452523163620713, 3.860277735737809, 23.38341967960094, 46.421864249756396, 37.18798324304037, 43.7908375130973, 55.62013478358214]","[{'INP': 32}, {'CONV': [64, 3]}, ({'CONV': [32, 3]}, {'CONV': [32, 3]}), ({'CONV': [32, 5]}, {'CONV': [256, 5]}, {'POOLMAX': [-1, 2]}), ({'CONV': [32, 3]}, {'CONV': [64, 5]}), ({'CONV': [64, 3]}, {'CONV': [256, 5]}, {'POOLMAX': [-1, 2]}), ({'CONV': [128, 5]}, {'CONV': [256, 3]}), ({'CONV': [128, 3]}, {'CONV': [128, 5]}, {'POOLMAX': [-1, 2]}), ({'CONV': [128, 5]}, {'CONV': [64, 5]}), ({'CONV': [256, 3]}, {'CONV': [256, 5]}, {'POOLMAX': [-1, 2]}), {'GLOBAL_AVG': None}, {'LAST_DENSE': [100, 'softmax']}]",HHSE,NSGA2,,,,,0.7050637704868083,,,,1138501632,5084452,,,,,,"[0, 29, 7, 0, 60, 46, 13, 39]",0.7215024020330878,-0.0009722852846696,0.25,0.625,0.875,0.0,0.42,0,0,0,100,0,0.0,BEST,False,False,191,True,True,GREEDY,,,GREEDY_HV
BCXFKO[M],0,1,53,42,0.53,True,True,"[0, 15, 3, 23, 46, 37, 43, 55]",[],"[0.0763183812181891, 15.452523163620713, 3.860277735737809, 23.38341967960094, 46.421864249756396, 37.18798324304037, 43.7908375130973, 55.62013478358214]","[{'INP': 32}, {'CONV': [64, 3]}, ({'CONV': [32, 3]}, {'CONV': [32, 3]}), ({'CONV': [32, 5]}, {'CONV': [256, 5]}, {'POOLMAX': [-1, 2]}), ({'CONV': [32, 3]}, {'CONV': [64, 5]}), ({'CONV': [64, 3]}, {'CONV': [256, 5]}, {'POOLMAX': [-1, 2]}), ({'CONV': [128, 5]}, {'CONV': [256, 3]}), ({'CONV': [128, 3]}, {'CONV': [128, 5]}, {'POOLMAX': [-1, 2]}), ({'CONV': [128, 5]}, {'CONV': [64, 5]}), ({'CONV': [256, 3]}, {'CONV': [256, 5]}, {'POOLMAX': [-1, 2]}), {'GLOBAL_AVG': None}, {'LAST_DENSE': [100, 'softmax']}]",HHSE,NSGA2,,,,,0.7050637704868083,,,,1138501632,5084452,,,,,,"[0, 29, 7, 0, 60, 46, 13, 39]",0.7216879613323834,-0.0006624768985363,0.25,0.625,0.875,0.0,0.42,0,1,0,100,0,0.01,BEST,False,False,191,True,True,GREEDY,,,GREEDY_HV
BCXFKO[M],0,1,54,42,0.54,True,True,"[0, 15, 3, 23, 46, 37, 43, 55]",[],"[0.0763183812181891, 15.452523163620713, 3.860277735737809, 23.38341967960094, 46.421864249756396, 37.18798324304037, 43.7908375130973, 55.62013478358214]","[{'INP': 32}, {'CONV': [64, 3]}, ({'CONV': [32, 3]}, {'CONV': [32, 3]}), ({'CONV': [32, 5]}, {'CONV': [256, 5]}, {'POOLMAX': [-1, 2]}), ({'CONV': [32, 3]}, {'CONV': [64, 5]}), ({'CONV': [64, 3]}, {'CONV': [256, 5]}, {'POOLMAX': [-1, 2]}), ({'CONV': [128, 5]}, {'CONV': [256, 3]}), ({'CONV': [128, 3]}, {'CONV': [128, 5]}, {'POOLMAX': [-1, 2]}), ({'CONV': [128, 5]}, {'CONV': [64, 5]}), ({'CONV': [256, 3]}, {'CONV': [256, 5]}, {'POOLMAX': [-1, 2]}), {'GLOBAL_AVG': None}, {'LAST_DENSE': [100, 'softmax']}]",HHSE,NSGA2,,,,,0.7050637704868083,,,,1138501632,5084452,,,,,,"[0, 29, 7, 0, 60, 46, 13, 39]",0.72180538140184,-1.4376520239833823e-05,0.25,0.625,0.875,0.0,0.42,0,0,0,100,0,0.0,BEST,False,False,191,True,True,GREEDY,,,GREEDY_HV
BCXFKO[M],0,1,55,42,0.55,True,True,"[0, 15, 3, 23, 46, 37, 43, 55]",[],"[0.0763183812181891, 15.452523163620713, 3.860277735737809, 23.38341967960094, 46.421864249756396, 37.18798324304037, 43.7908375130973, 55.62013478358214]","[{'INP': 32}, {'CONV': [64, 3]}, ({'CONV': [32, 3]}, {'CONV': [32, 3]}), ({'CONV': [32, 5]}, {'CONV': [256, 5]}, {'POOLMAX': [-1, 2]}), ({'CONV': [32, 3]}, {'CONV': [64, 5]}), ({'CONV': [64, 3]}, {'CONV': [256, 5]}, {'POOLMAX': [-1, 2]}), ({'CONV': [128, 5]}, {'CONV': [256, 3]}), ({'CONV': [128, 3]}, {'CONV': [128, 5]}, {'POOLMAX': [-1, 2]}), ({'CONV': [128, 5]}, {'CONV': [64, 5]}), ({'CONV': [256, 3]}, {'CONV': [256, 5]}, {'POOLMAX': [-1, 2]}), {'GLOBAL_AVG': None}, {'LAST_DENSE': [100, 'softmax']}]",HHSE,NSGA2,,,,,0.7050637704868083,,,,1138501632,5084452,,,,,,"[0, 29, 7, 0, 60, 46, 13, 39]",0.7218231560295111,-0.000503206388058,0.25,0.625,0.875,0.0,0.42,0,0,0,100,0,0.0,BEST,False,False,191,True,True,GREEDY,,,GREEDY_HV
BCXFKO[M],0,1,56,42,0.56,True,True,"[0, 15, 3, 23, 46, 37, 43, 55]",[],"[0.0763183812181891, 15.452523163620713, 3.860277735737809, 23.38341967960094, 46.421864249756396, 37.18798324304037, 43.7908375130973, 55.62013478358214]","[{'INP': 32}, {'CONV': [64, 3]}, ({'CONV': [32, 3]}, {'CONV': [32, 3]}), ({'CONV': [32, 5]}, {'CONV': [256, 5]}, {'POOLMAX': [-1, 2]}), ({'CONV': [32, 3]}, {'CONV': [64, 5]}), ({'CONV': [64, 3]}, {'CONV': [256, 5]}, {'POOLMAX': [-1, 2]}), ({'CONV': [128, 5]}, {'CONV': [256, 3]}), ({'CONV': [128, 3]}, {'CONV': [128, 5]}, {'POOLMAX': [-1, 2]}), ({'CONV': [128, 5]}, {'CONV': [64, 5]}), ({'CONV': [256, 3]}, {'CONV': [256, 5]}, {'POOLMAX': [-1, 2]}), {'GLOBAL_AVG': None}, {'LAST_DENSE': [100, 'softmax']}]",HHSE,NSGA2,,,,,0.7050637704868083,,,,1138501632,5084452,,,,,,"[0, 29, 7, 0, 60, 46, 13, 39]",0.7218241075929468,-8.260785618385835e-05,0.25,0.625,0.875,0.0,0.42,0,0,0,100,0,0.0,BEST,False,False,191,True,True,GREEDY,,,GREEDY_HV
BCXFKO[M],0,1,57,42,0.57,True,True,"[0, 15, 3, 23, 46, 37, 43, 55]",[],"[0.0763183812181891, 15.452523163620713, 3.860277735737809, 23.38341967960094, 46.421864249756396, 37.18798324304037, 43.7908375130973, 55.62013478358214]","[{'INP': 32}, {'CONV': [64, 3]}, ({'CONV': [32, 3]}, {'CONV': [32, 3]}), ({'CONV': [32, 5]}, {'CONV': [256, 5]}, {'POOLMAX': [-1, 2]}), ({'CONV': [32, 3]}, {'CONV': [64, 5]}), ({'CONV': [64, 3]}, {'CONV': [256, 5]}, {'POOLMAX': [-1, 2]}), ({'CONV': [128, 5]}, {'CONV': [256, 3]}), ({'CONV': [128, 3]}, {'CONV': [128, 5]}, {'POOLMAX': [-1, 2]}), ({'CONV': [128, 5]}, {'CONV': [64, 5]}), ({'CONV': [256, 3]}, {'CONV': [256, 5]}, {'POOLMAX': [-1, 2]}), {'GLOBAL_AVG': None}, {'LAST_DENSE': [100, 'softmax']}]",HHSE,NSGA2,,,,,0.7050637704868083,,,,1138501632,5084452,,,,,,"[0, 29, 7, 0, 60, 46, 13, 39]",0.7218482768810809,-0.0001774643880615,0.25,0.625,0.875,0.0,0.42,0,0,0,100,0,0.0,BEST,False,False,191,True,True,GREEDY,,,GREEDY_HV
BCXFKO[M],0,1,58,42,0.58,True,True,"[0, 15, 3, 23, 46, 37, 43, 55]",[],"[0.0763183812181891, 15.452523163620713, 3.860277735737809, 23.38341967960094, 46.421864249756396, 37.18798324304037, 43.7908375130973, 55.62013478358214]","[{'INP': 32}, {'CONV': [64, 3]}, ({'CONV': [32, 3]}, {'CONV': [32, 3]}), ({'CONV': [32, 5]}, {'CONV': [256, 5]}, {'POOLMAX': [-1, 2]}), ({'CONV': [32, 3]}, {'CONV': [64, 5]}), ({'CONV': [64, 3]}, {'CONV': [256, 5]}, {'POOLMAX': [-1, 2]}), ({'CONV': [128, 5]}, {'CONV': [256, 3]}), ({'CONV': [128, 3]}, {'CONV': [128, 5]}, {'POOLMAX': [-1, 2]}), ({'CONV': [128, 5]}, {'CONV': [64, 5]}), ({'CONV': [256, 3]}, {'CONV': [256, 5]}, {'POOLMAX': [-1, 2]}), {'GLOBAL_AVG': None}, {'LAST_DENSE': [100, 'softmax']}]",HHSE,NSGA2,,,,,0.7050637704868083,,,,1138501632,5084452,,,,,,"[0, 29, 7, 0, 60, 46, 13, 39]",0.7219065329641539,-0.000960488588488,0.25,0.625,0.875,0.0,0.42,0,0,0,100,0,0.0,BEST,False,False,191,True,True,GREEDY,,,GREEDY_HV
BCXFKO[M],0,1,59,42,0.59,True,True,"[0, 15, 3, 23, 46, 37, 43, 55]",[],"[0.0763183812181891, 15.452523163620713, 3.860277735737809, 23.38341967960094, 46.421864249756396, 37.18798324304037, 43.7908375130973, 55.62013478358214]","[{'INP': 32}, {'CONV': [64, 3]}, ({'CONV': [32, 3]}, {'CONV': [32, 3]}), ({'CONV': [32, 5]}, {'CONV': [256, 5]}, {'POOLMAX': [-1, 2]}), ({'CONV': [32, 3]}, {'CONV': [64, 5]}), ({'CONV': [64, 3]}, {'CONV': [256, 5]}, {'POOLMAX': [-1, 2]}), ({'CONV': [128, 5]}, {'CONV': [256, 3]}), ({'CONV': [128, 3]}, {'CONV': [128, 5]}, {'POOLMAX': [-1, 2]}), ({'CONV': [128, 5]}, {'CONV': [64, 5]}), ({'CONV': [256, 3]}, {'CONV': [256, 5]}, {'POOLMAX': [-1, 2]}), {'GLOBAL_AVG': None}, {'LAST_DENSE': [100, 'softmax']}]",HHSE,NSGA2,,,,,0.7050637704868083,,,,1138501632,5084452,,,,,,"[0, 29, 7, 0, 60, 46, 13, 39]",0.7220730150751481,-0.0001424193757294,0.25,0.625,0.875,0.0,0.42,0,0,0,100,0,0.0,BEST,False,False,191,True,True,GREEDY,,,GREEDY_HV
BCXFKO[M],0,1,60,42,0.6,True,True,"[0, 15, 3, 23, 46, 37, 43, 55]",[],"[0.0763183812181891, 15.452523163620713, 3.860277735737809, 23.38341967960094, 46.421864249756396, 37.18798324304037, 43.7908375130973, 55.62013478358214]","[{'INP': 32}, {'CONV': [64, 3]}, ({'CONV': [32, 3]}, {'CONV': [32, 3]}), ({'CONV': [32, 5]}, {'CONV': [256, 5]}, {'POOLMAX': [-1, 2]}), ({'CONV': [32, 3]}, {'CONV': [64, 5]}), ({'CONV': [64, 3]}, {'CONV': [256, 5]}, {'POOLMAX': [-1, 2]}), ({'CONV': [128, 5]}, {'CONV': [256, 3]}), ({'CONV': [128, 3]}, {'CONV': [128, 5]}, {'POOLMAX': [-1, 2]}), ({'CONV': [128, 5]}, {'CONV': [64, 5]}), ({'CONV': [256, 3]}, {'CONV': [256, 5]}, {'POOLMAX': [-1, 2]}), {'GLOBAL_AVG': None}, {'LAST_DENSE': [100, 'softmax']}]",HHSE,NSGA2,,,,,0.7050637704868083,,,,1138501632,5084452,,,,,,"[0, 29, 7, 0, 60, 46, 13, 39]",0.7220521865842897,-6.756670101548679e-05,0.25,0.625,0.875,0.0,0.42,0,0,0,100,0,0.0,BEST,False,False,191,True,True,GREEDY,,,GREEDY_HV
BCXFKO[M],0,1,61,42,0.61,True,True,"[0, 15, 3, 23, 46, 37, 43, 55]",[],"[0.0763183812181891, 15.452523163620713, 3.860277735737809, 23.38341967960094, 46.421864249756396, 37.18798324304037, 43.7908375130973, 55.62013478358214]","[{'INP': 32}, {'CONV': [64, 3]}, ({'CONV': [32, 3]}, {'CONV': [32, 3]}), ({'CONV': [32, 5]}, {'CONV': [256, 5]}, {'POOLMAX': [-1, 2]}), ({'CONV': [32, 3]}, {'CONV': [64, 5]}), ({'CONV': [64, 3]}, {'CONV': [256, 5]}, {'POOLMAX': [-1, 2]}), ({'CONV': [128, 5]}, {'CONV': [256, 3]}), ({'CONV': [128, 3]}, {'CONV': [128, 5]}, {'POOLMAX': [-1, 2]}), ({'CONV': [128, 5]}, {'CONV': [64, 5]}), ({'CONV': [256, 3]}, {'CONV': [256, 5]}, {'POOLMAX': [-1, 2]}), {'GLOBAL_AVG': None}, {'LAST_DENSE': [100, 'softmax']}]",HHSE,NSGA2,,,,,0.7050637704868083,,,,1138501632,5084452,,,,,,"[0, 29, 7, 0, 60, 46, 13, 39]",0.7220280333648582,-0.0006657976357977,0.25,0.625,0.875,0.0,0.42,0,0,0,100,0,0.0,BEST,False,False,191,True,True,GREEDY,,,GREEDY_HV
BCXFKO[M],0,1,62,42,0.62,True,True,"[0, 15, 3, 23, 46, 37, 43, 55]",[],"[0.0763183812181891, 15.452523163620713, 3.860277735737809, 23.38341967960094, 46.421864249756396, 37.18798324304037, 43.7908375130973, 55.62013478358214]","[{'INP': 32}, {'CONV': [64, 3]}, ({'CONV': [32, 3]}, {'CONV': [32, 3]}), ({'CONV': [32, 5]}, {'CONV': [256, 5]}, {'POOLMAX': [-1, 2]}), ({'CONV': [32, 3]}, {'CONV': [64, 5]}), ({'CONV': [64, 3]}, {'CONV': [256, 5]}, {'POOLMAX': [-1, 2]}), ({'CONV': [128, 5]}, {'CONV': [256, 3]}), ({'CONV': [128, 3]}, {'CONV': [128, 5]}, {'POOLMAX': [-1, 2]}), ({'CONV': [128, 5]}, {'CONV': [64, 5]}), ({'CONV': [256, 3]}, {'CONV': [256, 5]}, {'POOLMAX': [-1, 2]}), {'GLOBAL_AVG': None}, {'LAST_DENSE': [100, 'softmax']}]",HHSE,NSGA2,,,,,0.7050637704868083,,,,1138501632,5084452,,,,,,"[0, 29, 7, 0, 60, 46, 13, 39]",0.7220466308998378,-0.0015213726416872,0.25,0.625,0.875,0.0,0.42,0,1,0,100,0,0.01,BEST,False,False,191,True,True,GREEDY,,,GREEDY_HV
BCXFKO[M],0,1,63,42,0.63,True,True,"[0, 15, 3, 23, 46, 37, 43, 55]",[],"[0.0763183812181891, 15.452523163620713, 3.860277735737809, 23.38341967960094, 46.421864249756396, 37.18798324304037, 43.7908375130973, 55.62013478358214]","[{'INP': 32}, {'CONV': [64, 3]}, ({'CONV': [32, 3]}, {'CONV': [32, 3]}), ({'CONV': [32, 5]}, {'CONV': [256, 5]}, {'POOLMAX': [-1, 2]}), ({'CONV': [32, 3]}, {'CONV': [64, 5]}), ({'CONV': [64, 3]}, {'CONV': [256, 5]}, {'POOLMAX': [-1, 2]}), ({'CONV': [128, 5]}, {'CONV': [256, 3]}), ({'CONV': [128, 3]}, {'CONV': [128, 5]}, {'POOLMAX': [-1, 2]}), ({'CONV': [128, 5]}, {'CONV': [64, 5]}), ({'CONV': [256, 3]}, {'CONV': [256, 5]}, {'POOLMAX': [-1, 2]}), {'GLOBAL_AVG': None}, {'LAST_DENSE': [100, 'softmax']}]",HHSE,NSGA2,,,,,0.7050637704868083,,,,1138501632,5084452,,,,,,"[0, 29, 7, 0, 60, 46, 13, 39]",0.7221692204884393,-0.0001179474567072,0.25,0.625,0.875,0.0,0.42,0,0,0,100,0,0.0,BEST,False,False,191,True,True,GREEDY,,,GREEDY_HV
BCXFKO[M],0,1,64,42,0.64,True,True,"[0, 15, 3, 23, 46, 37, 43, 55]",[],"[0.0763183812181891, 15.452523163620713, 3.860277735737809, 23.38341967960094, 46.421864249756396, 37.18798324304037, 43.7908375130973, 55.62013478358214]","[{'INP': 32}, {'CONV': [64, 3]}, ({'CONV': [32, 3]}, {'CONV': [32, 3]}), ({'CONV': [32, 5]}, {'CONV': [256, 5]}, {'POOLMAX': [-1, 2]}), ({'CONV': [32, 3]}, {'CONV': [64, 5]}), ({'CONV': [64, 3]}, {'CONV': [256, 5]}, {'POOLMAX': [-1, 2]}), ({'CONV': [128, 5]}, {'CONV': [256, 3]}), ({'CONV': [128, 3]}, {'CONV': [128, 5]}, {'POOLMAX': [-1, 2]}), ({'CONV': [128, 5]}, {'CONV': [64, 5]}), ({'CONV': [256, 3]}, {'CONV': [256, 5]}, {'POOLMAX': [-1, 2]}), {'GLOBAL_AVG': None}, {'LAST_DENSE': [100, 'softmax']}]",HHSE,NSGA2,,,,,0.7050637704868083,,,,1138501632,5084452,,,,,,"[0, 29, 7, 0, 60, 46, 13, 39]",0.7221836048620125,-0.0013691127485725,0.25,0.625,0.875,0.0,0.42,0,1,0,100,0,0.01,BEST,False,False,191,True,True,GREEDY,,,GREEDY_HV
BCXFKO[M],0,1,65,42,0.65,True,True,"[0, 15, 3, 23, 46, 37, 43, 55]",[],"[0.0763183812181891, 15.452523163620713, 3.860277735737809, 23.38341967960094, 46.421864249756396, 37.18798324304037, 43.7908375130973, 55.62013478358214]","[{'INP': 32}, {'CONV': [64, 3]}, ({'CONV': [32, 3]}, {'CONV': [32, 3]}), ({'CONV': [32, 5]}, {'CONV': [256, 5]}, {'POOLMAX': [-1, 2]}), ({'CONV': [32, 3]}, {'CONV': [64, 5]}), ({'CONV': [64, 3]}, {'CONV': [256, 5]}, {'POOLMAX': [-1, 2]}), ({'CONV': [128, 5]}, {'CONV': [256, 3]}), ({'CONV': [128, 3]}, {'CONV': [128, 5]}, {'POOLMAX': [-1, 2]}), ({'CONV': [128, 5]}, {'CONV': [64, 5]}), ({'CONV': [256, 3]}, {'CONV': [256, 5]}, {'POOLMAX': [-1, 2]}), {'GLOBAL_AVG': None}, {'LAST_DENSE': [100, 'softmax']}]",HHSE,NSGA2,,,,,0.7050637704868083,,,,1138501632,5084452,,,,,,"[0, 29, 7, 0, 60, 46, 13, 39]",0.7223476089310435,-0.0001204712261271,0.25,0.625,0.875,0.0,0.42,0,0,0,100,0,0.0,BEST,False,False,191,True,True,GREEDY,,,GREEDY_HV
BZWNLA[M][M],0,1,66,66,0.66,True,True,"[39, 2, 30, 39, 28, 6, 62, 55]",[],"[39.90437841985601, 2.951767893665804, 30.007831009695483, 39.8938694598393, 28.365974301856056, 6.146483482626008, 62.41976086104177, 55.65670961108943]","[{'INP': 32}, {'CONV': [64, 3]}, ({'CONV': [128, 3]}, {'CONV': [256, 5]}), ({'CONV': [32, 3]}, {'CONV': [64, 3]}, {'POOLMAX': [-1, 2]}), ({'CONV': [64, 5]}, {'CONV': [256, 3]}), ({'CONV': [128, 3]}, {'CONV': [256, 5]}, {'POOLMAX': [-1, 2]}), ({'CONV': [64, 5]}, {'CONV': [128, 3]}), ({'CONV': [32, 3]}, {'CONV': [256, 3]}, {'POOLMAX': [-1, 2]}), ({'CONV': [256, 5]}, {'CONV': [256, 3]}), ({'CONV': [256, 3]}, {'CONV': [256, 5]}, {'POOLMAX': [-1, 2]}), {'GLOBAL_AVG': None}, {'LAST_DENSE': [100, 'softmax']}]",HHSE,NSGA2,,,,,0.7092970221229606,,,,2942559232,7437860,,,,,,"[39, 3, 33, 37, 15, 6, 62, 55]",0.7224023460120055,-0.0004104303853527,0.0,0.0,0.5,0.875,0.66,0,0,0,100,0,0.0,BEST,False,False,121,True,True,GREEDY,,,GREEDY_HV
BZWNLA[M][M],0,1,67,66,0.67,True,True,"[39, 2, 30, 39, 28, 6, 62, 55]",[],"[39.90437841985601, 2.951767893665804, 30.007831009695483, 39.8938694598393, 28.365974301856056, 6.146483482626008, 62.41976086104177, 55.65670961108943]","[{'INP': 32}, {'CONV': [64, 3]}, ({'CONV': [128, 3]}, {'CONV': [256, 5]}), ({'CONV': [32, 3]}, {'CONV': [64, 3]}, {'POOLMAX': [-1, 2]}), ({'CONV': [64, 5]}, {'CONV': [256, 3]}), ({'CONV': [128, 3]}, {'CONV': [256, 5]}, {'POOLMAX': [-1, 2]}), ({'CONV': [64, 5]}, {'CONV': [128, 3]}), ({'CONV': [32, 3]}, {'CONV': [256, 3]}, {'POOLMAX': [-1, 2]}), ({'CONV': [256, 5]}, {'CONV': [256, 3]}), ({'CONV': [256, 3]}, {'CONV': [256, 5]}, {'POOLMAX': [-1, 2]}), {'GLOBAL_AVG': None}, {'LAST_DENSE': [100, 'softmax']}]",HHSE,NSGA2,,,,,0.7092970221229606,,,,2942559232,7437860,,,,,,"[39, 3, 33, 37, 15, 6, 62, 55]",0.7249835950245469,-0.0003214615299789,0.0,0.0,0.5,0.0,0.66,0,0,0,100,0,0.0,BEST,False,False,121,True,True,GREEDY,,,GREEDY_HV
BZWNLA[M][M],0,1,68,66,0.68,True,True,"[39, 2, 30, 39, 28, 6, 62, 55]",[],"[39.90437841985601, 2.951767893665804, 30.007831009695483, 39.8938694598393, 28.365974301856056, 6.146483482626008, 62.41976086104177, 55.65670961108943]","[{'INP': 32}, {'CONV': [64, 3]}, ({'CONV': [128, 3]}, {'CONV': [256, 5]}), ({'CONV': [32, 3]}, {'CONV': [64, 3]}, {'POOLMAX': [-1, 2]}), ({'CONV': [64, 5]}, {'CONV': [256, 3]}), ({'CONV': [128, 3]}, {'CONV': [256, 5]}, {'POOLMAX': [-1, 2]}), ({'CONV': [64, 5]}, {'CONV': [128, 3]}), ({'CONV': [32, 3]}, {'CONV': [256, 3]}, {'POOLMAX': [-1, 2]}), ({'CONV': [256, 5]}, {'CONV': [256, 3]}), ({'CONV': [256, 3]}, {'CONV': [256, 5]}, {'POOLMAX': [-1, 2]}), {'GLOBAL_AVG': None}, {'LAST_DENSE': [100, 'softmax']}]",HHSE,NSGA2,,,,,0.7092970221229606,,,,2942559232,7437860,,,,,,"[39, 3, 33, 37, 15, 6, 62, 55]",0.7251134077816705,3.075074465797023e-05,0.0,0.0,0.5,0.0,0.66,0,1,0,100,0,0.01,BEST,False,False,121,True,True,GREEDY,,,GREEDY_HV
BZWNLA[M][M],0,1,69,66,0.69,True,True,"[39, 2, 30, 39, 28, 6, 62, 55]",[],"[39.90437841985601, 2.951767893665804, 30.007831009695483, 39.8938694598393, 28.365974301856056, 6.146483482626008, 62.41976086104177, 55.65670961108943]","[{'INP': 32}, {'CONV': [64, 3]}, ({'CONV': [128, 3]}, {'CONV': [256, 5]}), ({'CONV': [32, 3]}, {'CONV': [64, 3]}, {'POOLMAX': [-1, 2]}), ({'CONV': [64, 5]}, {'CONV': [256, 3]}), ({'CONV': [128, 3]}, {'CONV': [256, 5]}, {'POOLMAX': [-1, 2]}), ({'CONV': [64, 5]}, {'CONV': [128, 3]}), ({'CONV': [32, 3]}, {'CONV': [256, 3]}, {'POOLMAX': [-1, 2]}), ({'CONV': [256, 5]}, {'CONV': [256, 3]}), ({'CONV': [256, 3]}, {'CONV': [256, 5]}, {'POOLMAX': [-1, 2]}), {'GLOBAL_AVG': None}, {'LAST_DENSE': [100, 'softmax']}]",HHSE,NSGA2,,,,,0.7092970221229606,,,,2942559232,7437860,,,,,,"[39, 3, 33, 37, 15, 6, 62, 55]",0.7252789463947438,-2.6600450000469067e-06,0.0,0.0,0.5,0.0,0.66,0,1,0,100,0,0.01,BEST,False,False,121,True,True,GREEDY,,,GREEDY_HV
BZWNLA[M][M],0,1,70,66,0.7,True,True,"[39, 2, 30, 39, 28, 6, 62, 55]",[],"[39.90437841985601, 2.951767893665804, 30.007831009695483, 39.8938694598393, 28.365974301856056, 6.146483482626008, 62.41976086104177, 55.65670961108943]","[{'INP': 32}, {'CONV': [64, 3]}, ({'CONV': [128, 3]}, {'CONV': [256, 5]}), ({'CONV': [32, 3]}, {'CONV': [64, 3]}, {'POOLMAX': [-1, 2]}), ({'CONV': [64, 5]}, {'CONV': [256, 3]}), ({'CONV': [128, 3]}, {'CONV': [256, 5]}, {'POOLMAX': [-1, 2]}), ({'CONV': [64, 5]}, {'CONV': [128, 3]}), ({'CONV': [32, 3]}, {'CONV': [256, 3]}, {'POOLMAX': [-1, 2]}), ({'CONV': [256, 5]}, {'CONV': [256, 3]}), ({'CONV': [256, 3]}, {'CONV': [256, 5]}, {'POOLMAX': [-1, 2]}), {'GLOBAL_AVG': None}, {'LAST_DENSE': [100, 'softmax']}]",HHSE,NSGA2,,,,,0.7092970221229606,,,,2942559232,7437860,,,,,,"[39, 3, 33, 37, 15, 6, 62, 55]",0.7250922965248519,-0.0001444736575423,0.0,0.0,0.5,0.0,0.66,0,0,0,100,0,0.0,BEST,False,False,121,True,True,GREEDY,,,GREEDY_HV
BZWNLA[M][M],0,1,71,66,0.71,True,True,"[39, 2, 30, 39, 28, 6, 62, 55]",[],"[39.90437841985601, 2.951767893665804, 30.007831009695483, 39.8938694598393, 28.365974301856056, 6.146483482626008, 62.41976086104177, 55.65670961108943]","[{'INP': 32}, {'CONV': [64, 3]}, ({'CONV': [128, 3]}, {'CONV': [256, 5]}), ({'CONV': [32, 3]}, {'CONV': [64, 3]}, {'POOLMAX': [-1, 2]}), ({'CONV': [64, 5]}, {'CONV': [256, 3]}), ({'CONV': [128, 3]}, {'CONV': [256, 5]}, {'POOLMAX': [-1, 2]}), ({'CONV': [64, 5]}, {'CONV': [128, 3]}), ({'CONV': [32, 3]}, {'CONV': [256, 3]}, {'POOLMAX': [-1, 2]}), ({'CONV': [256, 5]}, {'CONV': [256, 3]}), ({'CONV': [256, 3]}, {'CONV': [256, 5]}, {'POOLMAX': [-1, 2]}), {'GLOBAL_AVG': None}, {'LAST_DENSE': [100, 'softmax']}]",HHSE,NSGA2,,,,,0.7092970221229606,,,,2942559232,7437860,,,,,,"[39, 3, 33, 37, 15, 6, 62, 55]",0.725350591990716,-7.148376813537194e-05,0.0,0.0,0.5,0.0,0.66,0,0,0,100,0,0.0,BEST,False,False,121,True,True,GREEDY,,,GREEDY_HV
BZWNLA[M][M],0,1,72,66,0.72,True,True,"[39, 2, 30, 39, 28, 6, 62, 55]",[],"[39.90437841985601, 2.951767893665804, 30.007831009695483, 39.8938694598393, 28.365974301856056, 6.146483482626008, 62.41976086104177, 55.65670961108943]","[{'INP': 32}, {'CONV': [64, 3]}, ({'CONV': [128, 3]}, {'CONV': [256, 5]}), ({'CONV': [32, 3]}, {'CONV': [64, 3]}, {'POOLMAX': [-1, 2]}), ({'CONV': [64, 5]}, {'CONV': [256, 3]}), ({'CONV': [128, 3]}, {'CONV': [256, 5]}, {'POOLMAX': [-1, 2]}), ({'CONV': [64, 5]}, {'CONV': [128, 3]}), ({'CONV': [32, 3]}, {'CONV': [256, 3]}, {'POOLMAX': [-1, 2]}), ({'CONV': [256, 5]}, {'CONV': [256, 3]}), ({'CONV': [256, 3]}, {'CONV': [256, 5]}, {'POOLMAX': [-1, 2]}), {'GLOBAL_AVG': None}, {'LAST_DENSE': [100, 'softmax']}]",HHSE,NSGA2,,,,,0.7092970221229606,,,,2942559232,7437860,,,,,,"[39, 3, 33, 37, 15, 6, 62, 55]",0.7253939689636976,-0.0002007148578974,0.0,0.0,0.5,0.0,0.66,0,0,0,100,0,0.0,BEST,False,False,121,True,True,GREEDY,,,GREEDY_HV
BZWNLA[M][M],0,1,73,66,0.73,True,True,"[39, 2, 30, 39, 28, 6, 62, 55]",[],"[39.90437841985601, 2.951767893665804, 30.007831009695483, 39.8938694598393, 28.365974301856056, 6.146483482626008, 62.41976086104177, 55.65670961108943]","[{'INP': 32}, {'CONV': [64, 3]}, ({'CONV': [128, 3]}, {'CONV': [256, 5]}), ({'CONV': [32, 3]}, {'CONV': [64, 3]}, {'POOLMAX': [-1, 2]}), ({'CONV': [64, 5]}, {'CONV': [256, 3]}), ({'CONV': [128, 3]}, {'CONV': [256, 5]}, {'POOLMAX': [-1, 2]}), ({'CONV': [64, 5]}, {'CONV': [128, 3]}), ({'CONV': [32, 3]}, {'CONV': [256, 3]}, {'POOLMAX': [-1, 2]}), ({'CONV': [256, 5]}, {'CONV': [256, 3]}), ({'CONV': [256, 3]}, {'CONV': [256, 5]}, {'POOLMAX': [-1, 2]}), {'GLOBAL_AVG': None}, {'LAST_DENSE': [100, 'softmax']}]",HHSE,NSGA2,,,,,0.7092970221229606,,,,2942559232,7437860,,,,,,"[39, 3, 33, 37, 15, 6, 62, 55]",0.7254126249188337,-0.0001704985997339,0.0,0.0,0.5,0.0,0.66,0,0,0,100,0,0.0,BEST,False,False,121,True,True,GREEDY,,,GREEDY_HV
BZWNLA[M][M],0,1,74,66,0.74,True,True,"[39, 2, 30, 39, 28, 6, 62, 55]",[],"[39.90437841985601, 2.951767893665804, 30.007831009695483, 39.8938694598393, 28.365974301856056, 6.146483482626008, 62.41976086104177, 55.65670961108943]","[{'INP': 32}, {'CONV': [64, 3]}, ({'CONV': [128, 3]}, {'CONV': [256, 5]}), ({'CONV': [32, 3]}, {'CONV': [64, 3]}, {'POOLMAX': [-1, 2]}), ({'CONV': [64, 5]}, {'CONV': [256, 3]}), ({'CONV': [128, 3]}, {'CONV': [256, 5]}, {'POOLMAX': [-1, 2]}), ({'CONV': [64, 5]}, {'CONV': [128, 3]}), ({'CONV': [32, 3]}, {'CONV': [256, 3]}, {'POOLMAX': [-1, 2]}), ({'CONV': [256, 5]}, {'CONV': [256, 3]}), ({'CONV': [256, 3]}, {'CONV': [256, 5]}, {'POOLMAX': [-1, 2]}), {'GLOBAL_AVG': None}, {'LAST_DENSE': [100, 'softmax']}]",HHSE,NSGA2,,,,,0.7092970221229606,,,,2942559232,7437860,,,,,,"[39, 3, 33, 37, 15, 6, 62, 55]",0.7254369317262757,-3.766080772682479e-05,0.0,0.0,0.5,0.0,0.66,0,1,0,100,0,0.01,BEST,False,False,121,True,True,GREEDY,,,GREEDY_HV
BZWNLA[M][M],0,1,75,66,0.75,True,True,"[39, 2, 30, 39, 28, 6, 62, 55]",[],"[39.90437841985601, 2.951767893665804, 30.007831009695483, 39.8938694598393, 28.365974301856056, 6.146483482626008, 62.41976086104177, 55.65670961108943]","[{'INP': 32}, {'CONV': [64, 3]}, ({'CONV': [128, 3]}, {'CONV': [256, 5]}), ({'CONV': [32, 3]}, {'CONV': [64, 3]}, {'POOLMAX': [-1, 2]}), ({'CONV': [64, 5]}, {'CONV': [256, 3]}), ({'CONV': [128, 3]}, {'CONV': [256, 5]}, {'POOLMAX': [-1, 2]}), ({'CONV': [64, 5]}, {'CONV': [128, 3]}), ({'CONV': [32, 3]}, {'CONV': [256, 3]}, {'POOLMAX': [-1, 2]}), ({'CONV': [256, 5]}, {'CONV': [256, 3]}), ({'CONV': [256, 3]}, {'CONV': [256, 5]}, {'POOLMAX': [-1, 2]}), {'GLOBAL_AVG': None}, {'LAST_DENSE': [100, 'softmax']}]",HHSE,NSGA2,,,,,0.7092970221229606,,,,2942559232,7437860,,,,,,"[39, 3, 33, 37, 15, 6, 62, 55]",0.7255930478238236,5.824519888808499e-05,0.0,0.0,0.5,0.0,0.66,0,0,0,100,0,0.0,BEST,False,False,121,True,True,GREEDY,,,GREEDY_HV
BZWNLA[M][M],0,1,76,66,0.76,True,True,"[39, 2, 30, 39, 28, 6, 62, 55]",[],"[39.90437841985601, 2.951767893665804, 30.007831009695483, 39.8938694598393, 28.365974301856056, 6.146483482626008, 62.41976086104177, 55.65670961108943]","[{'INP': 32}, {'CONV': [64, 3]}, ({'CONV': [128, 3]}, {'CONV': [256, 5]}), ({'CONV': [32, 3]}, {'CONV': [64, 3]}, {'POOLMAX': [-1, 2]}), ({'CONV': [64, 5]}, {'CONV': [256, 3]}), ({'CONV': [128, 3]}, {'CONV': [256, 5]}, {'POOLMAX': [-1, 2]}), ({'CONV': [64, 5]}, {'CONV': [128, 3]}), ({'CONV': [32, 3]}, {'CONV': [256, 3]}, {'POOLMAX': [-1, 2]}), ({'CONV': [256, 5]}, {'CONV': [256, 3]}), ({'CONV': [256, 3]}, {'CONV': [256, 5]}, {'POOLMAX': [-1, 2]}), {'GLOBAL_AVG': None}, {'LAST_DENSE': [100, 'softmax']}]",HHSE,NSGA2,,,,,0.7092970221229606,,,,2942559232,7437860,,,,,,"[39, 3, 33, 37, 15, 6, 62, 55]",0.7256510819477839,5.503510633286801e-05,0.0,0.0,0.5,0.0,0.66,0,1,0,100,0,0.01,BEST,False,False,121,True,True,GREEDY,,,GREEDY_HV
BZWNLA[M][M],0,1,77,66,0.77,True,True,"[39, 2, 30, 39, 28, 6, 62, 55]",[],"[39.90437841985601, 2.951767893665804, 30.007831009695483, 39.8938694598393, 28.365974301856056, 6.146483482626008, 62.41976086104177, 55.65670961108943]","[{'INP': 32}, {'CONV': [64, 3]}, ({'CONV': [128, 3]}, {'CONV': [256, 5]}), ({'CONV': [32, 3]}, {'CONV': [64, 3]}, {'POOLMAX': [-1, 2]}), ({'CONV': [64, 5]}, {'CONV': [256, 3]}), ({'CONV': [128, 3]}, {'CONV': [256, 5]}, {'POOLMAX': [-1, 2]}), ({'CONV': [64, 5]}, {'CONV': [128, 3]}), ({'CONV': [32, 3]}, {'CONV': [256, 3]}, {'POOLMAX': [-1, 2]}), ({'CONV': [256, 5]}, {'CONV': [256, 3]}), ({'CONV': [256, 3]}, {'CONV': [256, 5]}, {'POOLMAX': [-1, 2]}), {'GLOBAL_AVG': None}, {'LAST_DENSE': [100, 'softmax']}]",HHSE,NSGA2,,,,,0.7092970221229606,,,,2942559232,7437860,,,,,,"[39, 3, 33, 37, 15, 6, 62, 55]",0.7256746983056899,-0.0006068635878677,0.0,0.0,0.5,0.0,0.66,0,0,0,100,0,0.0,BEST,False,False,121,True,True,GREEDY,,,GREEDY_HV
BZWNLA[M][M],0,1,78,66,0.78,True,True,"[39, 2, 30, 39, 28, 6, 62, 55]",[],"[39.90437841985601, 2.951767893665804, 30.007831009695483, 39.8938694598393, 28.365974301856056, 6.146483482626008, 62.41976086104177, 55.65670961108943]","[{'INP': 32}, {'CONV': [64, 3]}, ({'CONV': [128, 3]}, {'CONV': [256, 5]}), ({'CONV': [32, 3]}, {'CONV': [64, 3]}, {'POOLMAX': [-1, 2]}), ({'CONV': [64, 5]}, {'CONV': [256, 3]}), ({'CONV': [128, 3]}, {'CONV': [256, 5]}, {'POOLMAX': [-1, 2]}), ({'CONV': [64, 5]}, {'CONV': [128, 3]}), ({'CONV': [32, 3]}, {'CONV': [256, 3]}, {'POOLMAX': [-1, 2]}), ({'CONV': [256, 5]}, {'CONV': [256, 3]}), ({'CONV': [256, 3]}, {'CONV': [256, 5]}, {'POOLMAX': [-1, 2]}), {'GLOBAL_AVG': None}, {'LAST_DENSE': [100, 'softmax']}]",HHSE,NSGA2,,,,,0.7092970221229606,,,,2942559232,7437860,,,,,,"[39, 3, 33, 37, 15, 6, 62, 55]",0.7261115418707391,-9.438159214592012e-05,0.0,0.0,0.5,0.0,0.66,0,1,0,100,0,0.01,BEST,False,False,121,True,True,GREEDY,,,GREEDY_HV
BZWNLA[M][M],0,1,79,66,0.79,True,True,"[39, 2, 30, 39, 28, 6, 62, 55]",[],"[39.90437841985601, 2.951767893665804, 30.007831009695483, 39.8938694598393, 28.365974301856056, 6.146483482626008, 62.41976086104177, 55.65670961108943]","[{'INP': 32}, {'CONV': [64, 3]}, ({'CONV': [128, 3]}, {'CONV': [256, 5]}), ({'CONV': [32, 3]}, {'CONV': [64, 3]}, {'POOLMAX': [-1, 2]}), ({'CONV': [64, 5]}, {'CONV': [256, 3]}), ({'CONV': [128, 3]}, {'CONV': [256, 5]}, {'POOLMAX': [-1, 2]}), ({'CONV': [64, 5]}, {'CONV': [128, 3]}), ({'CONV': [32, 3]}, {'CONV': [256, 3]}, {'POOLMAX': [-1, 2]}), ({'CONV': [256, 5]}, {'CONV': [256, 3]}), ({'CONV': [256, 3]}, {'CONV': [256, 5]}, {'POOLMAX': [-1, 2]}), {'GLOBAL_AVG': None}, {'LAST_DENSE': [100, 'softmax']}]",HHSE,NSGA2,,,,,0.7092970221229606,,,,2942559232,7437860,,,,,,"[39, 3, 33, 37, 15, 6, 62, 55]",0.7260916239044425,-0.0009375874681983,0.0,0.0,0.5,0.0,0.66,0,0,0,100,0,0.0,BEST,False,False,121,True,True,GREEDY,,,GREEDY_HV
BZWNLA[M][M],0,1,80,66,0.8,True,True,"[39, 2, 30, 39, 28, 6, 62, 55]",[],"[39.90437841985601, 2.951767893665804, 30.007831009695483, 39.8938694598393, 28.365974301856056, 6.146483482626008, 62.41976086104177, 55.65670961108943]","[{'INP': 32}, {'CONV': [64, 3]}, ({'CONV': [128, 3]}, {'CONV': [256, 5]}), ({'CONV': [32, 3]}, {'CONV': [64, 3]}, {'POOLMAX': [-1, 2]}), ({'CONV': [64, 5]}, {'CONV': [256, 3]}), ({'CONV': [128, 3]}, {'CONV': [256, 5]}, {'POOLMAX': [-1, 2]}), ({'CONV': [64, 5]}, {'CONV': [128, 3]}), ({'CONV': [32, 3]}, {'CONV': [256, 3]}, {'POOLMAX': [-1, 2]}), ({'CONV': [256, 5]}, {'CONV': [256, 3]}), ({'CONV': [256, 3]}, {'CONV': [256, 5]}, {'POOLMAX': [-1, 2]}), {'GLOBAL_AVG': None}, {'LAST_DENSE': [100, 'softmax']}]",HHSE,NSGA2,,,,,0.7092970221229606,,,,2942559232,7437860,,,,,,"[39, 3, 33, 37, 15, 6, 62, 55]",0.7263587168760519,-0.0004089903433015,0.0,0.0,0.5,0.0,0.66,0,0,0,100,0,0.0,BEST,False,False,121,True,True,GREEDY,,,GREEDY_HV
BZWNLA[M][M],0,1,81,66,0.81,True,True,"[39, 2, 30, 39, 28, 6, 62, 55]",[],"[39.90437841985601, 2.951767893665804, 30.007831009695483, 39.8938694598393, 28.365974301856056, 6.146483482626008, 62.41976086104177, 55.65670961108943]","[{'INP': 32}, {'CONV': [64, 3]}, ({'CONV': [128, 3]}, {'CONV': [256, 5]}), ({'CONV': [32, 3]}, {'CONV': [64, 3]}, {'POOLMAX': [-1, 2]}), ({'CONV': [64, 5]}, {'CONV': [256, 3]}), ({'CONV': [128, 3]}, {'CONV': [256, 5]}, {'POOLMAX': [-1, 2]}), ({'CONV': [64, 5]}, {'CONV': [128, 3]}), ({'CONV': [32, 3]}, {'CONV': [256, 3]}, {'POOLMAX': [-1, 2]}), ({'CONV': [256, 5]}, {'CONV': [256, 3]}), ({'CONV': [256, 3]}, {'CONV': [256, 5]}, {'POOLMAX': [-1, 2]}), {'GLOBAL_AVG': None}, {'LAST_DENSE': [100, 'softmax']}]",HHSE,NSGA2,,,,,0.7092970221229606,,,,2942559232,7437860,,,,,,"[39, 3, 33, 37, 15, 6, 62, 55]",0.7264844065944923,-0.0001015209450468,0.0,0.0,0.5,0.0,0.66,0,0,0,100,0,0.0,BEST,False,False,121,True,True,GREEDY,,,GREEDY_HV
BZWNLA[M][M],0,1,82,66,0.82,True,True,"[39, 2, 30, 39, 28, 6, 62, 55]",[],"[39.90437841985601, 2.951767893665804, 30.007831009695483, 39.8938694598393, 28.365974301856056, 6.146483482626008, 62.41976086104177, 55.65670961108943]","[{'INP': 32}, {'CONV': [64, 3]}, ({'CONV': [128, 3]}, {'CONV': [256, 5]}), ({'CONV': [32, 3]}, {'CONV': [64, 3]}, {'POOLMAX': [-1, 2]}), ({'CONV': [64, 5]}, {'CONV': [256, 3]}), ({'CONV': [128, 3]}, {'CONV': [256, 5]}, {'POOLMAX': [-1, 2]}), ({'CONV': [64, 5]}, {'CONV': [128, 3]}), ({'CONV': [32, 3]}, {'CONV': [256, 3]}, {'POOLMAX': [-1, 2]}), ({'CONV': [256, 5]}, {'CONV': [256, 3]}), ({'CONV': [256, 3]}, {'CONV': [256, 5]}, {'POOLMAX': [-1, 2]}), {'GLOBAL_AVG': None}, {'LAST_DENSE': [100, 'softmax']}]",HHSE,NSGA2,,,,,0.7092970221229606,,,,2942559232,7437860,,,,,,"[39, 3, 33, 37, 15, 6, 62, 55]",0.7266362282423554,9.23556510235013e-06,0.0,0.0,0.5,0.0,0.66,0,0,0,100,0,0.0,BEST,False,False,121,True,True,GREEDY,,,GREEDY_HV
BZWNLA[M][M],0,1,83,66,0.83,True,True,"[39, 2, 30, 39, 28, 6, 62, 55]",[],"[39.90437841985601, 2.951767893665804, 30.007831009695483, 39.8938694598393, 28.365974301856056, 6.146483482626008, 62.41976086104177, 55.65670961108943]","[{'INP': 32}, {'CONV': [64, 3]}, ({'CONV': [128, 3]}, {'CONV': [256, 5]}), ({'CONV': [32, 3]}, {'CONV': [64, 3]}, {'POOLMAX': [-1, 2]}), ({'CONV': [64, 5]}, {'CONV': [256, 3]}), ({'CONV': [128, 3]}, {'CONV': [256, 5]}, {'POOLMAX': [-1, 2]}), ({'CONV': [64, 5]}, {'CONV': [128, 3]}), ({'CONV': [32, 3]}, {'CONV': [256, 3]}, {'POOLMAX': [-1, 2]}), ({'CONV': [256, 5]}, {'CONV': [256, 3]}), ({'CONV': [256, 3]}, {'CONV': [256, 5]}, {'POOLMAX': [-1, 2]}), {'GLOBAL_AVG': None}, {'LAST_DENSE': [100, 'softmax']}]",HHSE,NSGA2,,,,,0.7092970221229606,,,,2942559232,7437860,,,,,,"[39, 3, 33, 37, 15, 6, 62, 55]",0.726581588782629,-0.0002074005969981,0.0,0.0,0.5,0.0,0.66,0,0,0,100,0,0.0,BEST,False,False,121,True,True,GREEDY,,,GREEDY_HV
BZWNLA[M][M],0,1,84,66,0.84,True,True,"[39, 2, 30, 39, 28, 6, 62, 55]",[],"[39.90437841985601, 2.951767893665804, 30.007831009695483, 39.8938694598393, 28.365974301856056, 6.146483482626008, 62.41976086104177, 55.65670961108943]","[{'INP': 32}, {'CONV': [64, 3]}, ({'CONV': [128, 3]}, {'CONV': [256, 5]}), ({'CONV': [32, 3]}, {'CONV': [64, 3]}, {'POOLMAX': [-1, 2]}), ({'CONV': [64, 5]}, {'CONV': [256, 3]}), ({'CONV': [128, 3]}, {'CONV': [256, 5]}, {'POOLMAX': [-1, 2]}), ({'CONV': [64, 5]}, {'CONV': [128, 3]}), ({'CONV': [32, 3]}, {'CONV': [256, 3]}, {'POOLMAX': [-1, 2]}), ({'CONV': [256, 5]}, {'CONV': [256, 3]}), ({'CONV': [256, 3]}, {'CONV': [256, 5]}, {'POOLMAX': [-1, 2]}), {'GLOBAL_AVG': None}, {'LAST_DENSE': [100, 'softmax']}]",HHSE,NSGA2,,,,,0.7092970221229606,,,,2942559232,7437860,,,,,,"[39, 3, 33, 37, 15, 6, 62, 55]",0.7269277361869886,-0.0001460020162389,0.0,0.0,0.5,0.0,0.66,0,1,0,100,0,0.01,BEST,False,False,121,True,True,GREEDY,,,GREEDY_HV
BZWNLA[M][M],0,1,85,66,0.85,True,True,"[39, 2, 30, 39, 28, 6, 62, 55]",[],"[39.90437841985601, 2.951767893665804, 30.007831009695483, 39.8938694598393, 28.365974301856056, 6.146483482626008, 62.41976086104177, 55.65670961108943]","[{'INP': 32}, {'CONV': [64, 3]}, ({'CONV': [128, 3]}, {'CONV': [256, 5]}), ({'CONV': [32, 3]}, {'CONV': [64, 3]}, {'POOLMAX': [-1, 2]}), ({'CONV': [64, 5]}, {'CONV': [256, 3]}), ({'CONV': [128, 3]}, {'CONV': [256, 5]}, {'POOLMAX': [-1, 2]}), ({'CONV': [64, 5]}, {'CONV': [128, 3]}), ({'CONV': [32, 3]}, {'CONV': [256, 3]}, {'POOLMAX': [-1, 2]}), ({'CONV': [256, 5]}, {'CONV': [256, 3]}), ({'CONV': [256, 3]}, {'CONV': [256, 5]}, {'POOLMAX': [-1, 2]}), {'GLOBAL_AVG': None}, {'LAST_DENSE': [100, 'softmax']}]",HHSE,NSGA2,,,,,0.7092970221229606,,,,2942559232,7437860,,,,,,"[39, 3, 33, 37, 15, 6, 62, 55]",0.726958006474042,-0.0001921871896055,0.0,0.0,0.5,0.0,0.66,0,1,0,100,0,0.01,BEST,False,False,121,True,True,GREEDY,,,GREEDY_HV
BZWNLA[M][M],0,1,86,66,0.86,True,True,"[39, 2, 30, 39, 28, 6, 62, 55]",[],"[39.90437841985601, 2.951767893665804, 30.007831009695483, 39.8938694598393, 28.365974301856056, 6.146483482626008, 62.41976086104177, 55.65670961108943]","[{'INP': 32}, {'CONV': [64, 3]}, ({'CONV': [128, 3]}, {'CONV': [256, 5]}), ({'CONV': [32, 3]}, {'CONV': [64, 3]}, {'POOLMAX': [-1, 2]}), ({'CONV': [64, 5]}, {'CONV': [256, 3]}), ({'CONV': [128, 3]}, {'CONV': [256, 5]}, {'POOLMAX': [-1, 2]}), ({'CONV': [64, 5]}, {'CONV': [128, 3]}), ({'CONV': [32, 3]}, {'CONV': [256, 3]}, {'POOLMAX': [-1, 2]}), ({'CONV': [256, 5]}, {'CONV': [256, 3]}), ({'CONV': [256, 3]}, {'CONV': [256, 5]}, {'POOLMAX': [-1, 2]}), {'GLOBAL_AVG': None}, {'LAST_DENSE': [100, 'softmax']}]",HHSE,NSGA2,,,,,0.7092970221229606,,,,2942559232,7437860,,,,,,"[39, 3, 33, 37, 15, 6, 62, 55]",0.7269470388214591,-9.182663400464364e-05,0.0,0.0,0.5,0.0,0.66,0,1,0,100,0,0.01,BEST,False,False,121,True,True,GREEDY,,,GREEDY_HV
BZWNLA[M][M],0,1,87,66,0.87,True,True,"[39, 2, 30, 39, 28, 6, 62, 55]",[],"[39.90437841985601, 2.951767893665804, 30.007831009695483, 39.8938694598393, 28.365974301856056, 6.146483482626008, 62.41976086104177, 55.65670961108943]","[{'INP': 32}, {'CONV': [64, 3]}, ({'CONV': [128, 3]}, {'CONV': [256, 5]}), ({'CONV': [32, 3]}, {'CONV': [64, 3]}, {'POOLMAX': [-1, 2]}), ({'CONV': [64, 5]}, {'CONV': [256, 3]}), ({'CONV': [128, 3]}, {'CONV': [256, 5]}, {'POOLMAX': [-1, 2]}), ({'CONV': [64, 5]}, {'CONV': [128, 3]}), ({'CONV': [32, 3]}, {'CONV': [256, 3]}, {'POOLMAX': [-1, 2]}), ({'CONV': [256, 5]}, {'CONV': [256, 3]}), ({'CONV': [256, 3]}, {'CONV': [256, 5]}, {'POOLMAX': [-1, 2]}), {'GLOBAL_AVG': None}, {'LAST_DENSE': [100, 'softmax']}]",HHSE,NSGA2,,,,,0.7092970221229606,,,,2942559232,7437860,,,,,,"[39, 3, 33, 37, 15, 6, 62, 55]",0.7270988220139399,-1.6245603886577697e-05,0.0,0.0,0.5,0.0,0.66,0,0,0,100,0,0.0,BEST,False,False,121,True,True,GREEDY,,,GREEDY_HV
BZWNLA[M][M],0,1,88,66,0.88,True,True,"[39, 2, 30, 39, 28, 6, 62, 55]",[],"[39.90437841985601, 2.951767893665804, 30.007831009695483, 39.8938694598393, 28.365974301856056, 6.146483482626008, 62.41976086104177, 55.65670961108943]","[{'INP': 32}, {'CONV': [64, 3]}, ({'CONV': [128, 3]}, {'CONV': [256, 5]}), ({'CONV': [32, 3]}, {'CONV': [64, 3]}, {'POOLMAX': [-1, 2]}), ({'CONV': [64, 5]}, {'CONV': [256, 3]}), ({'CONV': [128, 3]}, {'CONV': [256, 5]}, {'POOLMAX': [-1, 2]}), ({'CONV': [64, 5]}, {'CONV': [128, 3]}), ({'CONV': [32, 3]}, {'CONV': [256, 3]}, {'POOLMAX': [-1, 2]}), ({'CONV': [256, 5]}, {'CONV': [256, 3]}), ({'CONV': [256, 3]}, {'CONV': [256, 5]}, {'POOLMAX': [-1, 2]}), {'GLOBAL_AVG': None}, {'LAST_DENSE': [100, 'softmax']}]",HHSE,NSGA2,,,,,0.7092970221229606,,,,2942559232,7437860,,,,,,"[39, 3, 33, 37, 15, 6, 62, 55]",0.7274838907495973,8.192730336487042e-05,0.0,0.0,0.5,0.0,0.66,0,1,0,100,0,0.01,BEST,False,False,121,True,True,GREEDY,,,GREEDY_HV
BPCWFN[M],0,1,89,89,0.89,True,True,"[0, 18, 35, 23, 46, 38, 45, 55]",[],"[0.39393391664931693, 18.442790820606547, 35.22669641875957, 23.599553693113265, 46.99223972899172, 38.498345060472595, 45.28609954115416, 55.23406109605409]","[{'INP': 32}, {'CONV': [64, 3]}, ({'CONV': [32, 3]}, {'CONV': [32, 3]}), ({'CONV': [64, 3]}, {'CONV': [64, 3]}, {'POOLMAX': [-1, 2]}), ({'CONV': [128, 3]}, {'CONV': [64, 5]}), ({'CONV': [64, 3]}, {'CONV': [256, 5]}, {'POOLMAX': [-1, 2]}), ({'CONV': [128, 5]}, {'CONV': [256, 3]}), ({'CONV': [128, 3]}, {'CONV': [256, 3]}, {'POOLMAX': [-1, 2]}), ({'CONV': [128, 5]}, {'CONV': [128, 5]}), ({'CONV': [256, 3]}, {'CONV': [256, 5]}, {'POOLMAX': [-1, 2]}), {'GLOBAL_AVG': None}, {'LAST_DENSE': [100, 'softmax']}]",HHSE,NSGA2,,,,,0.7106957290321243,,,,866827264,5710628,,,,,,"[0, 17, 35, 23, 46, 38, 45, 55]",0.7276130935138991,-0.0004523540673618,0.125,0.5,0.125,0.875,0.89,0,2,0,100,0,0.02,BEST,False,False,95,True,True,GREEDY,,,GREEDY_HV
BPCWFN[M],0,1,90,89,0.9,True,True,"[0, 18, 35, 23, 46, 38, 45, 55]",[],"[0.39393391664931693, 18.442790820606547, 35.22669641875957, 23.599553693113265, 46.99223972899172, 38.498345060472595, 45.28609954115416, 55.23406109605409]","[{'INP': 32}, {'CONV': [64, 3]}, ({'CONV': [32, 3]}, {'CONV': [32, 3]}), ({'CONV': [64, 3]}, {'CONV': [64, 3]}, {'POOLMAX': [-1, 2]}), ({'CONV': [128, 3]}, {'CONV': [64, 5]}), ({'CONV': [64, 3]}, {'CONV': [256, 5]}, {'POOLMAX': [-1, 2]}), ({'CONV': [128, 5]}, {'CONV': [256, 3]}), ({'CONV': [128, 3]}, {'CONV': [256, 3]}, {'POOLMAX': [-1, 2]}), ({'CONV': [128, 5]}, {'CONV': [128, 5]}), ({'CONV': [256, 3]}, {'CONV': [256, 5]}, {'POOLMAX': [-1, 2]}), {'GLOBAL_AVG': None}, {'LAST_DENSE': [100, 'softmax']}]",HHSE,NSGA2,,,,,0.7106957290321243,,,,866827264,5710628,,,,,,"[0, 17, 35, 23, 46, 38, 45, 55]",0.7288892770332847,-0.0015174988881738,0.125,0.5,0.125,0.0,0.89,0,1,0,100,0,0.01,BEST,False,False,95,True,True,GREEDY,,,GREEDY_HV
BSXDDM[M],0,1,91,91,0.91,True,True,"[0, 18, 4, 23, 46, 38, 45, 55]",[],"[0.6755252031139813, 18.907735516694405, 4.7961119921367725, 23.341165984978595, 46.43159239124718, 38.488302230733524, 45.681266090881536, 55.32657963652269]","[{'INP': 32}, {'CONV': [64, 3]}, ({'CONV': [32, 3]}, {'CONV': [32, 3]}), ({'CONV': [64, 3]}, {'CONV': [64, 3]}, {'POOLMAX': [-1, 2]}), ({'CONV': [32, 3]}, {'CONV': [128, 3]}), ({'CONV': [64, 3]}, {'CONV': [256, 5]}, {'POOLMAX': [-1, 2]}), ({'CONV': [128, 5]}, {'CONV': [256, 3]}), ({'CONV': [128, 3]}, {'CONV': [256, 3]}, {'POOLMAX': [-1, 2]}), ({'CONV': [128, 5]}, {'CONV': [128, 5]}), ({'CONV': [256, 3]}, {'CONV': [256, 5]}, {'POOLMAX': [-1, 2]}), {'GLOBAL_AVG': None}, {'LAST_DENSE': [100, 'softmax']}]",HHSE,NSGA2,,,,,0.7109006165850551,,,,771365888,5524132,,,,,,"[0, 18, 4, 23, 46, 38, 45, 55]",0.7289562967007168,1.271815201520088e-05,0.125,0.75,0.0,0.125,0.91,0,1,0,100,0,0.01,BEST,False,False,92,True,True,GREEDY,,,GREEDY_HV
BSXDDM[M],0,1,92,91,0.92,True,True,"[0, 18, 4, 23, 46, 38, 45, 55]",[],"[0.6755252031139813, 18.907735516694405, 4.7961119921367725, 23.341165984978595, 46.43159239124718, 38.488302230733524, 45.681266090881536, 55.32657963652269]","[{'INP': 32}, {'CONV': [64, 3]}, ({'CONV': [32, 3]}, {'CONV': [32, 3]}), ({'CONV': [64, 3]}, {'CONV': [64, 3]}, {'POOLMAX': [-1, 2]}), ({'CONV': [32, 3]}, {'CONV': [128, 3]}), ({'CONV': [64, 3]}, {'CONV': [256, 5]}, {'POOLMAX': [-1, 2]}), ({'CONV': [128, 5]}, {'CONV': [256, 3]}), ({'CONV': [128, 3]}, {'CONV': [256, 3]}, {'POOLMAX': [-1, 2]}), ({'CONV': [128, 5]}, {'CONV': [128, 5]}), ({'CONV': [256, 3]}, {'CONV': [256, 5]}, {'POOLMAX': [-1, 2]}), {'GLOBAL_AVG': None}, {'LAST_DENSE': [100, 'softmax']}]",HHSE,NSGA2,,,,,0.7109006165850551,,,,771365888,5524132,,,,,,"[0, 18, 4, 23, 46, 38, 45, 55]",0.7293020881411044,1.45401091655728e-06,0.125,0.75,0.0,0.0,0.91,0,0,0,100,0,0.0,BEST,False,False,92,True,True,GREEDY,,,GREEDY_HV
BSXDDM[M],0,1,93,91,0.93,True,True,"[0, 18, 4, 23, 46, 38, 45, 55]",[],"[0.6755252031139813, 18.907735516694405, 4.7961119921367725, 23.341165984978595, 46.43159239124718, 38.488302230733524, 45.681266090881536, 55.32657963652269]","[{'INP': 32}, {'CONV': [64, 3]}, ({'CONV': [32, 3]}, {'CONV': [32, 3]}), ({'CONV': [64, 3]}, {'CONV': [64, 3]}, {'POOLMAX': [-1, 2]}), ({'CONV': [32, 3]}, {'CONV': [128, 3]}), ({'CONV': [64, 3]}, {'CONV': [256, 5]}, {'POOLMAX': [-1, 2]}), ({'CONV': [128, 5]}, {'CONV': [256, 3]}), ({'CONV': [128, 3]}, {'CONV': [256, 3]}, {'POOLMAX': [-1, 2]}), ({'CONV': [128, 5]}, {'CONV': [128, 5]}), ({'CONV': [256, 3]}, {'CONV': [256, 5]}, {'POOLMAX': [-1, 2]}), {'GLOBAL_AVG': None}, {'LAST_DENSE': [100, 'softmax']}]",HHSE,NSGA2,,,,,0.7109006165850551,,,,771365888,5524132,,,,,,"[0, 18, 4, 23, 46, 38, 45, 55]",0.7293970303551571,-1.6715107637454985e-05,0.125,0.75,0.0,0.0,0.91,0,1,0,100,0,0.01,BEST,False,False,92,True,True,GREEDY,,,GREEDY_HV
BQVQHY[M],0,1,94,94,0.94,True,True,"[0, 3, 34, 23, 46, 38, 38, 55]",[],"[0.7239672359405115, 3.2232407020980616, 34.7982274346006, 23.89208997021733, 46.50293125898381, 38.411084223627036, 38.54615637912833, 55.11110591805455]","[{'INP': 32}, {'CONV': [64, 3]}, ({'CONV': [32, 3]}, {'CONV': [32, 3]}), ({'CONV': [32, 3]}, {'CONV': [64, 5]}, {'POOLMAX': [-1, 2]}), ({'CONV': [128, 3]}, {'CONV': [64, 3]}), ({'CONV': [64, 3]}, {'CONV': [256, 5]}, {'POOLMAX': [-1, 2]}), ({'CONV': [128, 5]}, {'CONV': [256, 3]}), ({'CONV': [128, 3]}, {'CONV': [256, 3]}, {'POOLMAX': [-1, 2]}), ({'CONV': [128, 3]}, {'CONV': [256, 3]}), ({'CONV': [256, 3]}, {'CONV': [256, 5]}, {'POOLMAX': [-1, 2]}), {'GLOBAL_AVG': None}, {'LAST_DENSE': [100, 'softmax']}]",HHSE,NSGA2,,,,,0.7126931943545224,,,,799040512,5240996,,,,,,"[0, 3, 34, 23, 46, 38, 38, 55]",0.7305164661216486,0.000604718834041,0.375,0.125,0.0,0.375,0.94,0,1,0,100,0,0.01,BEST,False,False,58,True,True,GREEDY,,,GREEDY_HV
BQVQHY[M],0,1,95,94,0.95,True,True,"[0, 3, 34, 23, 46, 38, 38, 55]",[],"[0.7239672359405115, 3.2232407020980616, 34.7982274346006, 23.89208997021733, 46.50293125898381, 38.411084223627036, 38.54615637912833, 55.11110591805455]","[{'INP': 32}, {'CONV': [64, 3]}, ({'CONV': [32, 3]}, {'CONV': [32, 3]}), ({'CONV': [32, 3]}, {'CONV': [64, 5]}, {'POOLMAX': [-1, 2]}), ({'CONV': [128, 3]}, {'CONV': [64, 3]}), ({'CONV': [64, 3]}, {'CONV': [256, 5]}, {'POOLMAX': [-1, 2]}), ({'CONV': [128, 5]}, {'CONV': [256, 3]}), ({'CONV': [128, 3]}, {'CONV': [256, 3]}, {'POOLMAX': [-1, 2]}), ({'CONV': [128, 3]}, {'CONV': [256, 3]}), ({'CONV': [256, 3]}, {'CONV': [256, 5]}, {'POOLMAX': [-1, 2]}), {'GLOBAL_AVG': None}, {'LAST_DENSE': [100, 'softmax']}]",HHSE,NSGA2,,,,,0.7126931943545224,,,,799040512,5240996,,,,,,"[0, 3, 34, 23, 46, 38, 38, 55]",0.7310373467248528,-0.0006447384264977,0.375,0.125,0.0,0.0,0.94,0,3,0,100,0,0.03,BEST,False,False,58,True,True,GREEDY,,,GREEDY_HV
BPMXAZ[M],0,1,96,96,0.96,True,True,"[7, 7, 33, 23, 46, 6, 38, 55]",[],"[7.566859952790254, 7.431052032149849, 33.14121717822138, 23.203930177558703, 46.34156392106059, 6.763437728126706, 38.30347645248819, 55.384786535442025]","[{'INP': 32}, {'CONV': [64, 3]}, ({'CONV': [32, 3]}, {'CONV': [256, 5]}), ({'CONV': [32, 3]}, {'CONV': [256, 5]}, {'POOLMAX': [-1, 2]}), ({'CONV': [128, 3]}, {'CONV': [32, 5]}), ({'CONV': [64, 3]}, {'CONV': [256, 5]}, {'POOLMAX': [-1, 2]}), ({'CONV': [128, 5]}, {'CONV': [256, 3]}), ({'CONV': [32, 3]}, {'CONV': [256, 3]}, {'POOLMAX': [-1, 2]}), ({'CONV': [128, 3]}, {'CONV': [256, 3]}), ({'CONV': [256, 3]}, {'CONV': [256, 5]}, {'POOLMAX': [-1, 2]}), {'GLOBAL_AVG': None}, {'LAST_DENSE': [100, 'softmax']}]",HHSE,NSGA2,,,,,0.7150291264372548,,,,1711000576,5444900,,,,,,"[7, 7, 33, 23, 46, 6, 38, 55]",0.7311349006030903,-0.000832221550907,0.5,0.125,0.0,0.5,0.96,0,1,0,100,0,0.01,BEST,False,False,26,True,True,GREEDY,,,GREEDY_HV
BTMFTZ[M],0,1,97,97,0.97,True,True,"[3, 7, 2, 23, 46, 6, 38, 55]",[],"[3.8573997674412706, 7.598694734139389, 2.5177635059415917, 23.65200519261083, 46.876141480436964, 6.6854740279252365, 38.952031832591075, 55.084297587429056]","[{'INP': 32}, {'CONV': [64, 3]}, ({'CONV': [32, 3]}, {'CONV': [64, 5]}), ({'CONV': [32, 3]}, {'CONV': [256, 5]}, {'POOLMAX': [-1, 2]}), ({'CONV': [32, 3]}, {'CONV': [64, 3]}), ({'CONV': [64, 3]}, {'CONV': [256, 5]}, {'POOLMAX': [-1, 2]}), ({'CONV': [128, 5]}, {'CONV': [256, 3]}), ({'CONV': [32, 3]}, {'CONV': [256, 3]}, {'POOLMAX': [-1, 2]}), ({'CONV': [128, 3]}, {'CONV': [256, 3]}), ({'CONV': [256, 3]}, {'CONV': [256, 5]}, {'POOLMAX': [-1, 2]}), {'GLOBAL_AVG': None}, {'LAST_DENSE': [100, 'softmax']}]",HHSE,NSGA2,,,,,0.7155763761410379,,,,1135315968,4948260,,,,,,"[3, 7, 2, 23, 46, 6, 38, 55]",0.7329498821873074,-0.0004369709902957,0.25,0.25,0.0,0.25,0.97,0,1,0,100,0,0.01,BEST,False,False,20,True,True,GREEDY,,,GREEDY_HV
BKFJBT[M],0,1,98,98,0.98,True,True,"[3, 7, 34, 23, 46, 38, 38, 55]",[],"[3.979541684271183, 7.507592146742115, 34.60533387776117, 23.633704694994798, 46.78367204269433, 38.07130973518211, 38.84791925549749, 55.7965515685162]","[{'INP': 32}, {'CONV': [64, 3]}, ({'CONV': [32, 3]}, {'CONV': [64, 5]}), ({'CONV': [32, 3]}, {'CONV': [256, 5]}, {'POOLMAX': [-1, 2]}), ({'CONV': [128, 3]}, {'CONV': [64, 3]}), ({'CONV': [64, 3]}, {'CONV': [256, 5]}, {'POOLMAX': [-1, 2]}), ({'CONV': [128, 5]}, {'CONV': [256, 3]}), ({'CONV': [128, 3]}, {'CONV': [256, 3]}, {'POOLMAX': [-1, 2]}), ({'CONV': [128, 3]}, {'CONV': [256, 3]}), ({'CONV': [256, 3]}, {'CONV': [256, 5]}, {'POOLMAX': [-1, 2]}), {'GLOBAL_AVG': None}, {'LAST_DENSE': [100, 'softmax']}]",HHSE,NSGA2,,,,,0.7178411329393115,,,,1333650432,5667876,,,,,,"[3, 7, 34, 23, 46, 38, 38, 55]",0.7336956326146271,-0.0001272185063527,0.5,0.25,0.0,0.25,0.98,0,1,0,100,0,0.01,BEST,False,False,8,True,True,GREEDY,,,GREEDY_HV
BVMGQH[M],0,1,99,99,0.99,True,True,"[3, 7, 4, 23, 46, 6, 39, 55]",[],"[3.1346647563886716, 7.873326468178696, 4.779645550651622, 23.536230277323455, 46.46751430351263, 6.258445559525744, 39.44441291280615, 55.471147418972954]","[{'INP': 32}, {'CONV': [64, 3]}, ({'CONV': [32, 3]}, {'CONV': [64, 5]}), ({'CONV': [32, 3]}, {'CONV': [256, 5]}, {'POOLMAX': [-1, 2]}), ({'CONV': [32, 3]}, {'CONV': [128, 3]}), ({'CONV': [64, 3]}, {'CONV': [256, 5]}, {'POOLMAX': [-1, 2]}), ({'CONV': [128, 5]}, {'CONV': [256, 3]}), ({'CONV': [32, 3]}, {'CONV': [256, 3]}, {'POOLMAX': [-1, 2]}), ({'CONV': [128, 3]}, {'CONV': [256, 5]}), ({'CONV': [256, 3]}, {'CONV': [256, 5]}, {'POOLMAX': [-1, 2]}), {'GLOBAL_AVG': None}, {'LAST_DENSE': [100, 'softmax']}]",HHSE,NSGA2,,,,,0.7203168438674306,,,,1180486656,5528100,,,,,,"[3, 7, 4, 23, 46, 6, 39, 55]",0.7353470785303865,-0.0002124861298383,0.25,0.375,0.0,0.375,0.99,0,0,0,100,0,0.0,BEST,False,False,1,True,True,GREEDY,,,GREEDY_HV
BVMGQH[M],0,1,100,99,1.0,True,True,"[3, 7, 4, 23, 46, 6, 39, 55]",[],"[3.1346647563886716, 7.873326468178696, 4.779645550651622, 23.536230277323455, 46.46751430351263, 6.258445559525744, 39.44441291280615, 55.471147418972954]","[{'INP': 32}, {'CONV': [64, 3]}, ({'CONV': [32, 3]}, {'CONV': [64, 5]}), ({'CONV': [32, 3]}, {'CONV': [256, 5]}, {'POOLMAX': [-1, 2]}), ({'CONV': [32, 3]}, {'CONV': [128, 3]}), ({'CONV': [64, 3]}, {'CONV': [256, 5]}, {'POOLMAX': [-1, 2]}), ({'CONV': [128, 5]}, {'CONV': [256, 3]}), ({'CONV': [32, 3]}, {'CONV': [256, 3]}, {'POOLMAX': [-1, 2]}), ({'CONV': [128, 3]}, {'CONV': [256, 5]}), ({'CONV': [256, 3]}, {'CONV': [256, 5]}, {'POOLMAX': [-1, 2]}), {'GLOBAL_AVG': None}, {'LAST_DENSE': [100, 'softmax']}]",HHSE,NSGA2,,,,,0.7203168438674306,,,,1180486656,5528100,,,,,,"[3, 7, 4, 23, 46, 6, 39, 55]",0.7372542151656944,-0.0004426433563127,0.25,0.375,0.0,0.0,0.99,0,0,0,100,0,0.0,BEST,False,False,1,True,True,GREEDY,,,GREEDY_HV
BIISNH,1,2,1,1,0.01,False,False,"[35, 60, 41, 38, 35, 61, 27, 15]",[],"[35.291510923864145, 60.84712303278281, 41.53112134812408, 38.92070051041349, 35.4774859113066, 61.45377460430607, 27.743400181045175, 15.111317991307406]","[{'INP': 32}, {'CONV': [64, 3]}, ({'CONV': [128, 3]}, {'CONV': [64, 5]}), ({'CONV': [256, 5]}, {'CONV': [128, 3]}, {'POOLMAX': [-1, 2]}), ({'CONV': [128, 5]}, {'CONV': [32, 5]}), ({'CONV': [128, 3]}, {'CONV': [256, 3]}, {'POOLMAX': [-1, 2]}), ({'CONV': [128, 3]}, {'CONV': [64, 5]}), ({'CONV': [256, 5]}, {'CONV': [128, 5]}, {'POOLMAX': [-1, 2]}), ({'CONV': [64, 5]}, {'CONV': [64, 5]}), ({'CONV': [32, 5]}, {'CONV': [256, 5]}, {'POOLMAX': [-1, 2]}), {'GLOBAL_AVG': None}, {'LAST_DENSE': [100, 'softmax']}]",HHSE,NSGA2,,,,,0.7000021043208944,,,,2693168640,4154660,,,,,,,0.68159425729357,0.0,0.0,0.0,0.0,0.0,0.01,0,7,0,100,0,0.07,BEST,False,False,248,True,True,GREEDY,,,GREEDY_HV
BIISNH,1,2,2,1,0.02,False,False,"[35, 60, 41, 38, 35, 61, 27, 15]",[],"[35.291510923864145, 60.84712303278281, 41.53112134812408, 38.92070051041349, 35.4774859113066, 61.45377460430607, 27.743400181045175, 15.111317991307406]","[{'INP': 32}, {'CONV': [64, 3]}, ({'CONV': [128, 3]}, {'CONV': [64, 5]}), ({'CONV': [256, 5]}, {'CONV': [128, 3]}, {'POOLMAX': [-1, 2]}), ({'CONV': [128, 5]}, {'CONV': [32, 5]}), ({'CONV': [128, 3]}, {'CONV': [256, 3]}, {'POOLMAX': [-1, 2]}), ({'CONV': [128, 3]}, {'CONV': [64, 5]}), ({'CONV': [256, 5]}, {'CONV': [128, 5]}, {'POOLMAX': [-1, 2]}), ({'CONV': [64, 5]}, {'CONV': [64, 5]}), ({'CONV': [32, 5]}, {'CONV': [256, 5]}, {'POOLMAX': [-1, 2]}), {'GLOBAL_AVG': None}, {'LAST_DENSE': [100, 'softmax']}]",HHSE,NSGA2,,,,,0.7000021043208944,,,,2693168640,4154660,,,,,,,0.6994394379584411,0.0046682338413873,0.0,0.0,0.0,0.0,0.01,0,3,0,100,0,0.03,BEST,False,False,248,True,True,GREEDY,,,GREEDY_HV
BIISNH,1,2,3,1,0.03,False,False,"[35, 60, 41, 38, 35, 61, 27, 15]",[],"[35.291510923864145, 60.84712303278281, 41.53112134812408, 38.92070051041349, 35.4774859113066, 61.45377460430607, 27.743400181045175, 15.111317991307406]","[{'INP': 32}, {'CONV': [64, 3]}, ({'CONV': [128, 3]}, {'CONV': [64, 5]}), ({'CONV': [256, 5]}, {'CONV': [128, 3]}, {'POOLMAX': [-1, 2]}), ({'CONV': [128, 5]}, {'CONV': [32, 5]}), ({'CONV': [128, 3]}, {'CONV': [256, 3]}, {'POOLMAX': [-1, 2]}), ({'CONV': [128, 3]}, {'CONV': [64, 5]}), ({'CONV': [256, 5]}, {'CONV': [128, 5]}, {'POOLMAX': [-1, 2]}), ({'CONV': [64, 5]}, {'CONV': [64, 5]}), ({'CONV': [32, 5]}, {'CONV': [256, 5]}, {'POOLMAX': [-1, 2]}), {'GLOBAL_AVG': None}, {'LAST_DENSE': [100, 'softmax']}]",HHSE,NSGA2,,,,,0.7000021043208944,,,,2693168640,4154660,,,,,,,0.696471564496026,-0.0019657781540101,0.0,0.0,0.0,0.0,0.01,0,1,0,100,0,0.01,BEST,False,False,248,True,True,GREEDY,,,GREEDY_HV
BIISNH,1,2,4,1,0.04,False,False,"[35, 60, 41, 38, 35, 61, 27, 15]",[],"[35.291510923864145, 60.84712303278281, 41.53112134812408, 38.92070051041349, 35.4774859113066, 61.45377460430607, 27.743400181045175, 15.111317991307406]","[{'INP': 32}, {'CONV': [64, 3]}, ({'CONV': [128, 3]}, {'CONV': [64, 5]}), ({'CONV': [256, 5]}, {'CONV': [128, 3]}, {'POOLMAX': [-1, 2]}), ({'CONV': [128, 5]}, {'CONV': [32, 5]}), ({'CONV': [128, 3]}, {'CONV': [256, 3]}, {'POOLMAX': [-1, 2]}), ({'CONV': [128, 3]}, {'CONV': [64, 5]}), ({'CONV': [256, 5]}, {'CONV': [128, 5]}, {'POOLMAX': [-1, 2]}), ({'CONV': [64, 5]}, {'CONV': [64, 5]}), ({'CONV': [32, 5]}, {'CONV': [256, 5]}, {'POOLMAX': [-1, 2]}), {'GLOBAL_AVG': None}, {'LAST_DENSE': [100, 'softmax']}]",HHSE,NSGA2,,,,,0.7000021043208944,,,,2693168640,4154660,,,,,,,0.6991351508322223,-0.000707621329872,0.0,0.0,0.0,0.0,0.01,0,0,0,100,0,0.0,BEST,False,False,248,True,True,GREEDY,,,GREEDY_HV
BIISNH,1,2,5,1,0.05,False,False,"[35, 60, 41, 38, 35, 61, 27, 15]",[],"[35.291510923864145, 60.84712303278281, 41.53112134812408, 38.92070051041349, 35.4774859113066, 61.45377460430607, 27.743400181045175, 15.111317991307406]","[{'INP': 32}, {'CONV': [64, 3]}, ({'CONV': [128, 3]}, {'CONV': [64, 5]}), ({'CONV': [256, 5]}, {'CONV': [128, 3]}, {'POOLMAX': [-1, 2]}), ({'CONV': [128, 5]}, {'CONV': [32, 5]}), ({'CONV': [128, 3]}, {'CONV': [256, 3]}, {'POOLMAX': [-1, 2]}), ({'CONV': [128, 3]}, {'CONV': [64, 5]}), ({'CONV': [256, 5]}, {'CONV': [128, 5]}, {'POOLMAX': [-1, 2]}), ({'CONV': [64, 5]}, {'CONV': [64, 5]}), ({'CONV': [32, 5]}, {'CONV': [256, 5]}, {'POOLMAX': [-1, 2]}), {'GLOBAL_AVG': None}, {'LAST_DENSE': [100, 'softmax']}]",HHSE,NSGA2,,,,,0.7000021043208944,,,,2693168640,4154660,,,,,,,0.7030911047219439,-0.0011695535775853,0.0,0.0,0.0,0.0,0.01,0,0,0,100,0,0.0,BEST,False,False,248,True,True,GREEDY,,,GREEDY_HV
BIISNH,1,2,6,1,0.06,False,False,"[35, 60, 41, 38, 35, 61, 27, 15]",[],"[35.291510923864145, 60.84712303278281, 41.53112134812408, 38.92070051041349, 35.4774859113066, 61.45377460430607, 27.743400181045175, 15.111317991307406]","[{'INP': 32}, {'CONV': [64, 3]}, ({'CONV': [128, 3]}, {'CONV': [64, 5]}), ({'CONV': [256, 5]}, {'CONV': [128, 3]}, {'POOLMAX': [-1, 2]}), ({'CONV': [128, 5]}, {'CONV': [32, 5]}), ({'CONV': [128, 3]}, {'CONV': [256, 3]}, {'POOLMAX': [-1, 2]}), ({'CONV': [128, 3]}, {'CONV': [64, 5]}), ({'CONV': [256, 5]}, {'CONV': [128, 5]}, {'POOLMAX': [-1, 2]}), ({'CONV': [64, 5]}, {'CONV': [64, 5]}), ({'CONV': [32, 5]}, {'CONV': [256, 5]}, {'POOLMAX': [-1, 2]}), {'GLOBAL_AVG': None}, {'LAST_DENSE': [100, 'softmax']}]",HHSE,NSGA2,,,,,0.7000021043208944,,,,2693168640,4154660,,,,,,,0.7041550911140453,-0.0005058680554081,0.0,0.0,0.0,0.0,0.01,0,1,0,100,0,0.01,BEST,False,False,248,True,True,GREEDY,,,GREEDY_HV
BIISNH,1,2,7,1,0.07,False,False,"[35, 60, 41, 38, 35, 61, 27, 15]",[],"[35.291510923864145, 60.84712303278281, 41.53112134812408, 38.92070051041349, 35.4774859113066, 61.45377460430607, 27.743400181045175, 15.111317991307406]","[{'INP': 32}, {'CONV': [64, 3]}, ({'CONV': [128, 3]}, {'CONV': [64, 5]}), ({'CONV': [256, 5]}, {'CONV': [128, 3]}, {'POOLMAX': [-1, 2]}), ({'CONV': [128, 5]}, {'CONV': [32, 5]}), ({'CONV': [128, 3]}, {'CONV': [256, 3]}, {'POOLMAX': [-1, 2]}), ({'CONV': [128, 3]}, {'CONV': [64, 5]}), ({'CONV': [256, 5]}, {'CONV': [128, 5]}, {'POOLMAX': [-1, 2]}), ({'CONV': [64, 5]}, {'CONV': [64, 5]}), ({'CONV': [32, 5]}, {'CONV': [256, 5]}, {'POOLMAX': [-1, 2]}), {'GLOBAL_AVG': None}, {'LAST_DENSE': [100, 'softmax']}]",HHSE,NSGA2,,,,,0.7000021043208944,,,,2693168640,4154660,,,,,,,0.7062410144448317,-6.272143215235726e-05,0.0,0.0,0.0,0.0,0.01,0,1,0,100,0,0.01,BEST,False,False,248,True,True,GREEDY,,,GREEDY_HV
BIISNH,1,2,8,1,0.08,False,False,"[35, 60, 41, 38, 35, 61, 27, 15]",[],"[35.291510923864145, 60.84712303278281, 41.53112134812408, 38.92070051041349, 35.4774859113066, 61.45377460430607, 27.743400181045175, 15.111317991307406]","[{'INP': 32}, {'CONV': [64, 3]}, ({'CONV': [128, 3]}, {'CONV': [64, 5]}), ({'CONV': [256, 5]}, {'CONV': [128, 3]}, {'POOLMAX': [-1, 2]}), ({'CONV': [128, 5]}, {'CONV': [32, 5]}), ({'CONV': [128, 3]}, {'CONV': [256, 3]}, {'POOLMAX': [-1, 2]}), ({'CONV': [128, 3]}, {'CONV': [64, 5]}), ({'CONV': [256, 5]}, {'CONV': [128, 5]}, {'POOLMAX': [-1, 2]}), ({'CONV': [64, 5]}, {'CONV': [64, 5]}), ({'CONV': [32, 5]}, {'CONV': [256, 5]}, {'POOLMAX': [-1, 2]}), {'GLOBAL_AVG': None}, {'LAST_DENSE': [100, 'softmax']}]",HHSE,NSGA2,,,,,0.7000021043208944,,,,2693168640,4154660,,,,,,,0.7073917601490953,-0.0009391151227025,0.0,0.0,0.0,0.0,0.01,0,0,0,100,0,0.0,BEST,False,False,248,True,True,GREEDY,,,GREEDY_HV
BIISNH,1,2,9,1,0.09,False,False,"[35, 60, 41, 38, 35, 61, 27, 15]",[],"[35.291510923864145, 60.84712303278281, 41.53112134812408, 38.92070051041349, 35.4774859113066, 61.45377460430607, 27.743400181045175, 15.111317991307406]","[{'INP': 32}, {'CONV': [64, 3]}, ({'CONV': [128, 3]}, {'CONV': [64, 5]}), ({'CONV': [256, 5]}, {'CONV': [128, 3]}, {'POOLMAX': [-1, 2]}), ({'CONV': [128, 5]}, {'CONV': [32, 5]}), ({'CONV': [128, 3]}, {'CONV': [256, 3]}, {'POOLMAX': [-1, 2]}), ({'CONV': [128, 3]}, {'CONV': [64, 5]}), ({'CONV': [256, 5]}, {'CONV': [128, 5]}, {'POOLMAX': [-1, 2]}), ({'CONV': [64, 5]}, {'CONV': [64, 5]}), ({'CONV': [32, 5]}, {'CONV': [256, 5]}, {'POOLMAX': [-1, 2]}), {'GLOBAL_AVG': None}, {'LAST_DENSE': [100, 'softmax']}]",HHSE,NSGA2,,,,,0.7000021043208944,,,,2693168640,4154660,,,,,,,0.7086653837594564,-0.0002290495836138,0.0,0.0,0.0,0.0,0.01,0,1,0,100,0,0.01,BEST,False,False,248,True,True,GREEDY,,,GREEDY_HV
BIISNH,1,2,10,1,0.1,False,False,"[35, 60, 41, 38, 35, 61, 27, 15]",[],"[35.291510923864145, 60.84712303278281, 41.53112134812408, 38.92070051041349, 35.4774859113066, 61.45377460430607, 27.743400181045175, 15.111317991307406]","[{'INP': 32}, {'CONV': [64, 3]}, ({'CONV': [128, 3]}, {'CONV': [64, 5]}), ({'CONV': [256, 5]}, {'CONV': [128, 3]}, {'POOLMAX': [-1, 2]}), ({'CONV': [128, 5]}, {'CONV': [32, 5]}), ({'CONV': [128, 3]}, {'CONV': [256, 3]}, {'POOLMAX': [-1, 2]}), ({'CONV': [128, 3]}, {'CONV': [64, 5]}), ({'CONV': [256, 5]}, {'CONV': [128, 5]}, {'POOLMAX': [-1, 2]}), ({'CONV': [64, 5]}, {'CONV': [64, 5]}), ({'CONV': [32, 5]}, {'CONV': [256, 5]}, {'POOLMAX': [-1, 2]}), {'GLOBAL_AVG': None}, {'LAST_DENSE': [100, 'softmax']}]",HHSE,NSGA2,,,,,0.7000021043208944,,,,2693168640,4154660,,,,,,,0.708661160538651,-0.0025422060932239,0.0,0.0,0.0,0.0,0.01,0,0,0,100,0,0.0,BEST,False,False,248,True,True,GREEDY,,,GREEDY_HV
BXDRZZ[M][M][M][M],1,2,11,11,0.11,True,True,"[42, 44, 54, 60, 62, 4, 62, 55]",[],"[42.84520146505509, 44.66695828036749, 54.85270345599525, 60.79064809733488, 62.871230691426284, 4.314137903797288, 62.98517371418188, 55.73224723307421]","[{'INP': 32}, {'CONV': [64, 3]}, ({'CONV': [128, 5]}, {'CONV': [64, 3]}), ({'CONV': [128, 5]}, {'CONV': [128, 3]}, {'POOLMAX': [-1, 2]}), ({'CONV': [256, 3]}, {'CONV': [256, 3]}), ({'CONV': [256, 5]}, {'CONV': [128, 3]}, {'POOLMAX': [-1, 2]}), ({'CONV': [256, 5]}, {'CONV': [256, 3]}), ({'CONV': [32, 3]}, {'CONV': [128, 3]}, {'POOLMAX': [-1, 2]}), ({'CONV': [256, 5]}, {'CONV': [256, 3]}), ({'CONV': [256, 3]}, {'CONV': [256, 5]}, {'POOLMAX': [-1, 2]}), {'GLOBAL_AVG': None}, {'LAST_DENSE': [100, 'softmax']}]",HHSE,NSGA2,,,,,0.7097705098651894,,,,3053949952,8645540,,,,,,"[37, 22, 61, 60, 62, 42, 62, 55]",0.7099468907833619,0.0003371245457716,0.0,0.0,0.5,1.0,0.11,0,0,0,100,0,0.0,BEST,False,False,109,True,True,GREEDY,,,GREEDY_HV
BXDRZZ[M][M][M][M],1,2,12,11,0.12,True,True,"[42, 44, 54, 60, 62, 4, 62, 55]",[],"[42.84520146505509, 44.66695828036749, 54.85270345599525, 60.79064809733488, 62.871230691426284, 4.314137903797288, 62.98517371418188, 55.73224723307421]","[{'INP': 32}, {'CONV': [64, 3]}, ({'CONV': [128, 5]}, {'CONV': [64, 3]}), ({'CONV': [128, 5]}, {'CONV': [128, 3]}, {'POOLMAX': [-1, 2]}), ({'CONV': [256, 3]}, {'CONV': [256, 3]}), ({'CONV': [256, 5]}, {'CONV': [128, 3]}, {'POOLMAX': [-1, 2]}), ({'CONV': [256, 5]}, {'CONV': [256, 3]}), ({'CONV': [32, 3]}, {'CONV': [128, 3]}, {'POOLMAX': [-1, 2]}), ({'CONV': [256, 5]}, {'CONV': [256, 3]}), ({'CONV': [256, 3]}, {'CONV': [256, 5]}, {'POOLMAX': [-1, 2]}), {'GLOBAL_AVG': None}, {'LAST_DENSE': [100, 'softmax']}]",HHSE,NSGA2,,,,,0.7097705098651894,,,,3053949952,8645540,,,,,,"[37, 22, 61, 60, 62, 42, 62, 55]",0.7155126436580782,1.9881934751775358e-05,0.0,0.0,0.5,0.0,0.11,0,2,0,100,0,0.02,BEST,False,False,109,True,True,GREEDY,,,GREEDY_HV
BXDRZZ[M][M][M][M],1,2,13,11,0.13,True,True,"[42, 44, 54, 60, 62, 4, 62, 55]",[],"[42.84520146505509, 44.66695828036749, 54.85270345599525, 60.79064809733488, 62.871230691426284, 4.314137903797288, 62.98517371418188, 55.73224723307421]","[{'INP': 32}, {'CONV': [64, 3]}, ({'CONV': [128, 5]}, {'CONV': [64, 3]}), ({'CONV': [128, 5]}, {'CONV': [128, 3]}, {'POOLMAX': [-1, 2]}), ({'CONV': [256, 3]}, {'CONV': [256, 3]}), ({'CONV': [256, 5]}, {'CONV': [128, 3]}, {'POOLMAX': [-1, 2]}), ({'CONV': [256, 5]}, {'CONV': [256, 3]}), ({'CONV': [32, 3]}, {'CONV': [128, 3]}, {'POOLMAX': [-1, 2]}), ({'CONV': [256, 5]}, {'CONV': [256, 3]}), ({'CONV': [256, 3]}, {'CONV': [256, 5]}, {'POOLMAX': [-1, 2]}), {'GLOBAL_AVG': None}, {'LAST_DENSE': [100, 'softmax']}]",HHSE,NSGA2,,,,,0.7097705098651894,,,,3053949952,8645540,,,,,,"[37, 22, 61, 60, 62, 42, 62, 55]",0.7142863944812554,-5.8716854573370725e-05,0.0,0.0,0.5,0.0,0.11,0,1,0,100,0,0.01,BEST,False,False,109,True,True,GREEDY,,,GREEDY_HV
BXDRZZ[M][M][M][M],1,2,14,11,0.14,True,True,"[42, 44, 54, 60, 62, 4, 62, 55]",[],"[42.84520146505509, 44.66695828036749, 54.85270345599525, 60.79064809733488, 62.871230691426284, 4.314137903797288, 62.98517371418188, 55.73224723307421]","[{'INP': 32}, {'CONV': [64, 3]}, ({'CONV': [128, 5]}, {'CONV': [64, 3]}), ({'CONV': [128, 5]}, {'CONV': [128, 3]}, {'POOLMAX': [-1, 2]}), ({'CONV': [256, 3]}, {'CONV': [256, 3]}), ({'CONV': [256, 5]}, {'CONV': [128, 3]}, {'POOLMAX': [-1, 2]}), ({'CONV': [256, 5]}, {'CONV': [256, 3]}), ({'CONV': [32, 3]}, {'CONV': [128, 3]}, {'POOLMAX': [-1, 2]}), ({'CONV': [256, 5]}, {'CONV': [256, 3]}), ({'CONV': [256, 3]}, {'CONV': [256, 5]}, {'POOLMAX': [-1, 2]}), {'GLOBAL_AVG': None}, {'LAST_DENSE': [100, 'softmax']}]",HHSE,NSGA2,,,,,0.7097705098651894,,,,3053949952,8645540,,,,,,"[37, 22, 61, 60, 62, 42, 62, 55]",0.7155383607768574,0.0001416006710452,0.0,0.0,0.5,0.0,0.11,0,0,0,100,0,0.0,BEST,False,False,109,True,True,GREEDY,,,GREEDY_HV
BXDRZZ[M][M][M][M],1,2,15,11,0.15,True,True,"[42, 44, 54, 60, 62, 4, 62, 55]",[],"[42.84520146505509, 44.66695828036749, 54.85270345599525, 60.79064809733488, 62.871230691426284, 4.314137903797288, 62.98517371418188, 55.73224723307421]","[{'INP': 32}, {'CONV': [64, 3]}, ({'CONV': [128, 5]}, {'CONV': [64, 3]}), ({'CONV': [128, 5]}, {'CONV': [128, 3]}, {'POOLMAX': [-1, 2]}), ({'CONV': [256, 3]}, {'CONV': [256, 3]}), ({'CONV': [256, 5]}, {'CONV': [128, 3]}, {'POOLMAX': [-1, 2]}), ({'CONV': [256, 5]}, {'CONV': [256, 3]}), ({'CONV': [32, 3]}, {'CONV': [128, 3]}, {'POOLMAX': [-1, 2]}), ({'CONV': [256, 5]}, {'CONV': [256, 3]}), ({'CONV': [256, 3]}, {'CONV': [256, 5]}, {'POOLMAX': [-1, 2]}), {'GLOBAL_AVG': None}, {'LAST_DENSE': [100, 'softmax']}]",HHSE,NSGA2,,,,,0.7097705098651894,,,,3053949952,8645540,,,,,,"[37, 22, 61, 60, 62, 42, 62, 55]",0.7161679178739719,-0.0006550837624292,0.0,0.0,0.5,0.0,0.11,0,0,0,100,0,0.0,BEST,False,False,109,True,True,GREEDY,,,GREEDY_HV
BXDRZZ[M][M][M][M],1,2,16,11,0.16,True,True,"[42, 44, 54, 60, 62, 4, 62, 55]",[],"[42.84520146505509, 44.66695828036749, 54.85270345599525, 60.79064809733488, 62.871230691426284, 4.314137903797288, 62.98517371418188, 55.73224723307421]","[{'INP': 32}, {'CONV': [64, 3]}, ({'CONV': [128, 5]}, {'CONV': [64, 3]}), ({'CONV': [128, 5]}, {'CONV': [128, 3]}, {'POOLMAX': [-1, 2]}), ({'CONV': [256, 3]}, {'CONV': [256, 3]}), ({'CONV': [256, 5]}, {'CONV': [128, 3]}, {'POOLMAX': [-1, 2]}), ({'CONV': [256, 5]}, {'CONV': [256, 3]}), ({'CONV': [32, 3]}, {'CONV': [128, 3]}, {'POOLMAX': [-1, 2]}), ({'CONV': [256, 5]}, {'CONV': [256, 3]}), ({'CONV': [256, 3]}, {'CONV': [256, 5]}, {'POOLMAX': [-1, 2]}), {'GLOBAL_AVG': None}, {'LAST_DENSE': [100, 'softmax']}]",HHSE,NSGA2,,,,,0.7097705098651894,,,,3053949952,8645540,,,,,,"[37, 22, 61, 60, 62, 42, 62, 55]",0.7160632754792529,-0.0001140411419586,0.0,0.0,0.5,0.0,0.11,0,0,0,100,0,0.0,BEST,False,False,109,True,True,GREEDY,,,GREEDY_HV
BXDRZZ[M][M][M][M],1,2,17,11,0.17,True,True,"[42, 44, 54, 60, 62, 4, 62, 55]",[],"[42.84520146505509, 44.66695828036749, 54.85270345599525, 60.79064809733488, 62.871230691426284, 4.314137903797288, 62.98517371418188, 55.73224723307421]","[{'INP': 32}, {'CONV': [64, 3]}, ({'CONV': [128, 5]}, {'CONV': [64, 3]}), ({'CONV': [128, 5]}, {'CONV': [128, 3]}, {'POOLMAX': [-1, 2]}), ({'CONV': [256, 3]}, {'CONV': [256, 3]}), ({'CONV': [256, 5]}, {'CONV': [128, 3]}, {'POOLMAX': [-1, 2]}), ({'CONV': [256, 5]}, {'CONV': [256, 3]}), ({'CONV': [32, 3]}, {'CONV': [128, 3]}, {'POOLMAX': [-1, 2]}), ({'CONV': [256, 5]}, {'CONV': [256, 3]}), ({'CONV': [256, 3]}, {'CONV': [256, 5]}, {'POOLMAX': [-1, 2]}), {'GLOBAL_AVG': None}, {'LAST_DENSE': [100, 'softmax']}]",HHSE,NSGA2,,,,,0.7097705098651894,,,,3053949952,8645540,,,,,,"[37, 22, 61, 60, 62, 42, 62, 55]",0.7161012002007741,-0.0005107120836047,0.0,0.0,0.5,0.0,0.11,0,2,0,100,0,0.02,BEST,False,False,109,True,True,GREEDY,,,GREEDY_HV
BXDRZZ[M][M][M][M],1,2,18,11,0.18,True,True,"[42, 44, 54, 60, 62, 4, 62, 55]",[],"[42.84520146505509, 44.66695828036749, 54.85270345599525, 60.79064809733488, 62.871230691426284, 4.314137903797288, 62.98517371418188, 55.73224723307421]","[{'INP': 32}, {'CONV': [64, 3]}, ({'CONV': [128, 5]}, {'CONV': [64, 3]}), ({'CONV': [128, 5]}, {'CONV': [128, 3]}, {'POOLMAX': [-1, 2]}), ({'CONV': [256, 3]}, {'CONV': [256, 3]}), ({'CONV': [256, 5]}, {'CONV': [128, 3]}, {'POOLMAX': [-1, 2]}), ({'CONV': [256, 5]}, {'CONV': [256, 3]}), ({'CONV': [32, 3]}, {'CONV': [128, 3]}, {'POOLMAX': [-1, 2]}), ({'CONV': [256, 5]}, {'CONV': [256, 3]}), ({'CONV': [256, 3]}, {'CONV': [256, 5]}, {'POOLMAX': [-1, 2]}), {'GLOBAL_AVG': None}, {'LAST_DENSE': [100, 'softmax']}]",HHSE,NSGA2,,,,,0.7097705098651894,,,,3053949952,8645540,,,,,,"[37, 22, 61, 60, 62, 42, 62, 55]",0.7163184462135661,-0.0014228421666143,0.0,0.0,0.5,0.0,0.11,0,1,0,100,0,0.01,BEST,False,False,109,True,True,GREEDY,,,GREEDY_HV
BXDRZZ[M][M][M][M],1,2,19,11,0.19,True,True,"[42, 44, 54, 60, 62, 4, 62, 55]",[],"[42.84520146505509, 44.66695828036749, 54.85270345599525, 60.79064809733488, 62.871230691426284, 4.314137903797288, 62.98517371418188, 55.73224723307421]","[{'INP': 32}, {'CONV': [64, 3]}, ({'CONV': [128, 5]}, {'CONV': [64, 3]}), ({'CONV': [128, 5]}, {'CONV': [128, 3]}, {'POOLMAX': [-1, 2]}), ({'CONV': [256, 3]}, {'CONV': [256, 3]}), ({'CONV': [256, 5]}, {'CONV': [128, 3]}, {'POOLMAX': [-1, 2]}), ({'CONV': [256, 5]}, {'CONV': [256, 3]}), ({'CONV': [32, 3]}, {'CONV': [128, 3]}, {'POOLMAX': [-1, 2]}), ({'CONV': [256, 5]}, {'CONV': [256, 3]}), ({'CONV': [256, 3]}, {'CONV': [256, 5]}, {'POOLMAX': [-1, 2]}), {'GLOBAL_AVG': None}, {'LAST_DENSE': [100, 'softmax']}]",HHSE,NSGA2,,,,,0.7097705098651894,,,,3053949952,8645540,,,,,,"[37, 22, 61, 60, 62, 42, 62, 55]",0.7165229309405847,-0.0007849063787077,0.0,0.0,0.5,0.0,0.11,0,0,0,100,0,0.0,BEST,False,False,109,True,True,GREEDY,,,GREEDY_HV
BXDRZZ[M][M][M][M],1,2,20,11,0.2,True,True,"[42, 44, 54, 60, 62, 4, 62, 55]",[],"[42.84520146505509, 44.66695828036749, 54.85270345599525, 60.79064809733488, 62.871230691426284, 4.314137903797288, 62.98517371418188, 55.73224723307421]","[{'INP': 32}, {'CONV': [64, 3]}, ({'CONV': [128, 5]}, {'CONV': [64, 3]}), ({'CONV': [128, 5]}, {'CONV': [128, 3]}, {'POOLMAX': [-1, 2]}), ({'CONV': [256, 3]}, {'CONV': [256, 3]}), ({'CONV': [256, 5]}, {'CONV': [128, 3]}, {'POOLMAX': [-1, 2]}), ({'CONV': [256, 5]}, {'CONV': [256, 3]}), ({'CONV': [32, 3]}, {'CONV': [128, 3]}, {'POOLMAX': [-1, 2]}), ({'CONV': [256, 5]}, {'CONV': [256, 3]}), ({'CONV': [256, 3]}, {'CONV': [256, 5]}, {'POOLMAX': [-1, 2]}), {'GLOBAL_AVG': None}, {'LAST_DENSE': [100, 'softmax']}]",HHSE,NSGA2,,,,,0.7097705098651894,,,,3053949952,8645540,,,,,,"[37, 22, 61, 60, 62, 42, 62, 55]",0.7172612215924172,-0.0016647570248133,0.0,0.0,0.5,0.0,0.11,0,3,0,100,0,0.03,BEST,False,False,109,True,True,GREEDY,,,GREEDY_HV
BXDRZZ[M][M][M][M],1,2,21,11,0.21,True,True,"[42, 44, 54, 60, 62, 4, 62, 55]",[],"[42.84520146505509, 44.66695828036749, 54.85270345599525, 60.79064809733488, 62.871230691426284, 4.314137903797288, 62.98517371418188, 55.73224723307421]","[{'INP': 32}, {'CONV': [64, 3]}, ({'CONV': [128, 5]}, {'CONV': [64, 3]}), ({'CONV': [128, 5]}, {'CONV': [128, 3]}, {'POOLMAX': [-1, 2]}), ({'CONV': [256, 3]}, {'CONV': [256, 3]}), ({'CONV': [256, 5]}, {'CONV': [128, 3]}, {'POOLMAX': [-1, 2]}), ({'CONV': [256, 5]}, {'CONV': [256, 3]}), ({'CONV': [32, 3]}, {'CONV': [128, 3]}, {'POOLMAX': [-1, 2]}), ({'CONV': [256, 5]}, {'CONV': [256, 3]}), ({'CONV': [256, 3]}, {'CONV': [256, 5]}, {'POOLMAX': [-1, 2]}), {'GLOBAL_AVG': None}, {'LAST_DENSE': [100, 'softmax']}]",HHSE,NSGA2,,,,,0.7097705098651894,,,,3053949952,8645540,,,,,,"[37, 22, 61, 60, 62, 42, 62, 55]",0.7180528210744821,0.0005542651254725,0.0,0.0,0.5,0.0,0.11,0,2,0,100,0,0.02,BEST,False,False,109,True,True,GREEDY,,,GREEDY_HV
BXDRZZ[M][M][M][M],1,2,22,11,0.22,True,True,"[42, 44, 54, 60, 62, 4, 62, 55]",[],"[42.84520146505509, 44.66695828036749, 54.85270345599525, 60.79064809733488, 62.871230691426284, 4.314137903797288, 62.98517371418188, 55.73224723307421]","[{'INP': 32}, {'CONV': [64, 3]}, ({'CONV': [128, 5]}, {'CONV': [64, 3]}), ({'CONV': [128, 5]}, {'CONV': [128, 3]}, {'POOLMAX': [-1, 2]}), ({'CONV': [256, 3]}, {'CONV': [256, 3]}), ({'CONV': [256, 5]}, {'CONV': [128, 3]}, {'POOLMAX': [-1, 2]}), ({'CONV': [256, 5]}, {'CONV': [256, 3]}), ({'CONV': [32, 3]}, {'CONV': [128, 3]}, {'POOLMAX': [-1, 2]}), ({'CONV': [256, 5]}, {'CONV': [256, 3]}), ({'CONV': [256, 3]}, {'CONV': [256, 5]}, {'POOLMAX': [-1, 2]}), {'GLOBAL_AVG': None}, {'LAST_DENSE': [100, 'softmax']}]",HHSE,NSGA2,,,,,0.7097705098651894,,,,3053949952,8645540,,,,,,"[37, 22, 61, 60, 62, 42, 62, 55]",0.7195703470747169,-0.0013586408365275,0.0,0.0,0.5,0.0,0.11,0,0,0,100,0,0.0,BEST,False,False,109,True,True,GREEDY,,,GREEDY_HV
BXDRZZ[M][M][M][M],1,2,23,11,0.23,True,True,"[42, 44, 54, 60, 62, 4, 62, 55]",[],"[42.84520146505509, 44.66695828036749, 54.85270345599525, 60.79064809733488, 62.871230691426284, 4.314137903797288, 62.98517371418188, 55.73224723307421]","[{'INP': 32}, {'CONV': [64, 3]}, ({'CONV': [128, 5]}, {'CONV': [64, 3]}), ({'CONV': [128, 5]}, {'CONV': [128, 3]}, {'POOLMAX': [-1, 2]}), ({'CONV': [256, 3]}, {'CONV': [256, 3]}), ({'CONV': [256, 5]}, {'CONV': [128, 3]}, {'POOLMAX': [-1, 2]}), ({'CONV': [256, 5]}, {'CONV': [256, 3]}), ({'CONV': [32, 3]}, {'CONV': [128, 3]}, {'POOLMAX': [-1, 2]}), ({'CONV': [256, 5]}, {'CONV': [256, 3]}), ({'CONV': [256, 3]}, {'CONV': [256, 5]}, {'POOLMAX': [-1, 2]}), {'GLOBAL_AVG': None}, {'LAST_DENSE': [100, 'softmax']}]",HHSE,NSGA2,,,,,0.7097705098651894,,,,3053949952,8645540,,,,,,"[37, 22, 61, 60, 62, 42, 62, 55]",0.719761944197401,-0.0020283451944629,0.0,0.0,0.5,0.0,0.11,0,0,0,100,0,0.0,BEST,False,False,109,True,True,GREEDY,,,GREEDY_HV
BXDRZZ[M][M][M][M],1,2,24,11,0.24,True,True,"[42, 44, 54, 60, 62, 4, 62, 55]",[],"[42.84520146505509, 44.66695828036749, 54.85270345599525, 60.79064809733488, 62.871230691426284, 4.314137903797288, 62.98517371418188, 55.73224723307421]","[{'INP': 32}, {'CONV': [64, 3]}, ({'CONV': [128, 5]}, {'CONV': [64, 3]}), ({'CONV': [128, 5]}, {'CONV': [128, 3]}, {'POOLMAX': [-1, 2]}), ({'CONV': [256, 3]}, {'CONV': [256, 3]}), ({'CONV': [256, 5]}, {'CONV': [128, 3]}, {'POOLMAX': [-1, 2]}), ({'CONV': [256, 5]}, {'CONV': [256, 3]}), ({'CONV': [32, 3]}, {'CONV': [128, 3]}, {'POOLMAX': [-1, 2]}), ({'CONV': [256, 5]}, {'CONV': [256, 3]}), ({'CONV': [256, 3]}, {'CONV': [256, 5]}, {'POOLMAX': [-1, 2]}), {'GLOBAL_AVG': None}, {'LAST_DENSE': [100, 'softmax']}]",HHSE,NSGA2,,,,,0.7097705098651894,,,,3053949952,8645540,,,,,,"[37, 22, 61, 60, 62, 42, 62, 55]",0.7197508193525857,-5.293180367860195e-05,0.0,0.0,0.5,0.0,0.11,0,1,0,100,0,0.01,BEST,False,False,109,True,True,GREEDY,,,GREEDY_HV
BXDRZZ[M][M][M][M],1,2,25,11,0.25,True,True,"[42, 44, 54, 60, 62, 4, 62, 55]",[],"[42.84520146505509, 44.66695828036749, 54.85270345599525, 60.79064809733488, 62.871230691426284, 4.314137903797288, 62.98517371418188, 55.73224723307421]","[{'INP': 32}, {'CONV': [64, 3]}, ({'CONV': [128, 5]}, {'CONV': [64, 3]}), ({'CONV': [128, 5]}, {'CONV': [128, 3]}, {'POOLMAX': [-1, 2]}), ({'CONV': [256, 3]}, {'CONV': [256, 3]}), ({'CONV': [256, 5]}, {'CONV': [128, 3]}, {'POOLMAX': [-1, 2]}), ({'CONV': [256, 5]}, {'CONV': [256, 3]}), ({'CONV': [32, 3]}, {'CONV': [128, 3]}, {'POOLMAX': [-1, 2]}), ({'CONV': [256, 5]}, {'CONV': [256, 3]}), ({'CONV': [256, 3]}, {'CONV': [256, 5]}, {'POOLMAX': [-1, 2]}), {'GLOBAL_AVG': None}, {'LAST_DENSE': [100, 'softmax']}]",HHSE,NSGA2,,,,,0.7097705098651894,,,,3053949952,8645540,,,,,,"[37, 22, 61, 60, 62, 42, 62, 55]",0.7216156369349969,0.0004349811169389,0.0,0.0,0.5,0.0,0.11,0,0,0,100,0,0.0,BEST,False,False,109,True,True,GREEDY,,,GREEDY_HV
BXDRZZ[M][M][M][M],1,2,26,11,0.26,True,True,"[42, 44, 54, 60, 62, 4, 62, 55]",[],"[42.84520146505509, 44.66695828036749, 54.85270345599525, 60.79064809733488, 62.871230691426284, 4.314137903797288, 62.98517371418188, 55.73224723307421]","[{'INP': 32}, {'CONV': [64, 3]}, ({'CONV': [128, 5]}, {'CONV': [64, 3]}), ({'CONV': [128, 5]}, {'CONV': [128, 3]}, {'POOLMAX': [-1, 2]}), ({'CONV': [256, 3]}, {'CONV': [256, 3]}), ({'CONV': [256, 5]}, {'CONV': [128, 3]}, {'POOLMAX': [-1, 2]}), ({'CONV': [256, 5]}, {'CONV': [256, 3]}), ({'CONV': [32, 3]}, {'CONV': [128, 3]}, {'POOLMAX': [-1, 2]}), ({'CONV': [256, 5]}, {'CONV': [256, 3]}), ({'CONV': [256, 3]}, {'CONV': [256, 5]}, {'POOLMAX': [-1, 2]}), {'GLOBAL_AVG': None}, {'LAST_DENSE': [100, 'softmax']}]",HHSE,NSGA2,,,,,0.7097705098651894,,,,3053949952,8645540,,,,,,"[37, 22, 61, 60, 62, 42, 62, 55]",0.720535969556779,-0.0009256602935449,0.0,0.0,0.5,0.0,0.11,0,0,0,100,0,0.0,BEST,False,False,109,True,True,GREEDY,,,GREEDY_HV
BXDRZZ[M][M][M][M],1,2,27,11,0.27,True,True,"[42, 44, 54, 60, 62, 4, 62, 55]",[],"[42.84520146505509, 44.66695828036749, 54.85270345599525, 60.79064809733488, 62.871230691426284, 4.314137903797288, 62.98517371418188, 55.73224723307421]","[{'INP': 32}, {'CONV': [64, 3]}, ({'CONV': [128, 5]}, {'CONV': [64, 3]}), ({'CONV': [128, 5]}, {'CONV': [128, 3]}, {'POOLMAX': [-1, 2]}), ({'CONV': [256, 3]}, {'CONV': [256, 3]}), ({'CONV': [256, 5]}, {'CONV': [128, 3]}, {'POOLMAX': [-1, 2]}), ({'CONV': [256, 5]}, {'CONV': [256, 3]}), ({'CONV': [32, 3]}, {'CONV': [128, 3]}, {'POOLMAX': [-1, 2]}), ({'CONV': [256, 5]}, {'CONV': [256, 3]}), ({'CONV': [256, 3]}, {'CONV': [256, 5]}, {'POOLMAX': [-1, 2]}), {'GLOBAL_AVG': None}, {'LAST_DENSE': [100, 'softmax']}]",HHSE,NSGA2,,,,,0.7097705098651894,,,,3053949952,8645540,,,,,,"[37, 22, 61, 60, 62, 42, 62, 55]",0.7201705388557015,-0.0001696721368057,0.0,0.0,0.5,0.0,0.11,0,0,0,100,0,0.0,BEST,False,False,109,True,True,GREEDY,,,GREEDY_HV
BXDRZZ[M][M][M][M],1,2,28,11,0.28,True,True,"[42, 44, 54, 60, 62, 4, 62, 55]",[],"[42.84520146505509, 44.66695828036749, 54.85270345599525, 60.79064809733488, 62.871230691426284, 4.314137903797288, 62.98517371418188, 55.73224723307421]","[{'INP': 32}, {'CONV': [64, 3]}, ({'CONV': [128, 5]}, {'CONV': [64, 3]}), ({'CONV': [128, 5]}, {'CONV': [128, 3]}, {'POOLMAX': [-1, 2]}), ({'CONV': [256, 3]}, {'CONV': [256, 3]}), ({'CONV': [256, 5]}, {'CONV': [128, 3]}, {'POOLMAX': [-1, 2]}), ({'CONV': [256, 5]}, {'CONV': [256, 3]}), ({'CONV': [32, 3]}, {'CONV': [128, 3]}, {'POOLMAX': [-1, 2]}), ({'CONV': [256, 5]}, {'CONV': [256, 3]}), ({'CONV': [256, 3]}, {'CONV': [256, 5]}, {'POOLMAX': [-1, 2]}), {'GLOBAL_AVG': None}, {'LAST_DENSE': [100, 'softmax']}]",HHSE,NSGA2,,,,,0.7097705098651894,,,,3053949952,8645540,,,,,,"[37, 22, 61, 60, 62, 42, 62, 55]",0.7222442215278642,0.001285276892996,0.0,0.0,0.5,0.0,0.11,0,1,0,100,0,0.01,BEST,False,False,109,True,True,GREEDY,,,GREEDY_HV
BXDRZZ[M][M][M][M],1,2,29,11,0.29,True,True,"[42, 44, 54, 60, 62, 4, 62, 55]",[],"[42.84520146505509, 44.66695828036749, 54.85270345599525, 60.79064809733488, 62.871230691426284, 4.314137903797288, 62.98517371418188, 55.73224723307421]","[{'INP': 32}, {'CONV': [64, 3]}, ({'CONV': [128, 5]}, {'CONV': [64, 3]}), ({'CONV': [128, 5]}, {'CONV': [128, 3]}, {'POOLMAX': [-1, 2]}), ({'CONV': [256, 3]}, {'CONV': [256, 3]}), ({'CONV': [256, 5]}, {'CONV': [128, 3]}, {'POOLMAX': [-1, 2]}), ({'CONV': [256, 5]}, {'CONV': [256, 3]}), ({'CONV': [32, 3]}, {'CONV': [128, 3]}, {'POOLMAX': [-1, 2]}), ({'CONV': [256, 5]}, {'CONV': [256, 3]}), ({'CONV': [256, 3]}, {'CONV': [256, 5]}, {'POOLMAX': [-1, 2]}), {'GLOBAL_AVG': None}, {'LAST_DENSE': [100, 'softmax']}]",HHSE,NSGA2,,,,,0.7097705098651894,,,,3053949952,8645540,,,,,,"[37, 22, 61, 60, 62, 42, 62, 55]",0.7207687958157147,-0.0005754581434079,0.0,0.0,0.5,0.0,0.11,0,0,0,100,0,0.0,BEST,False,False,109,True,True,GREEDY,,,GREEDY_HV
BXDRZZ[M][M][M][M],1,2,30,11,0.3,True,True,"[42, 44, 54, 60, 62, 4, 62, 55]",[],"[42.84520146505509, 44.66695828036749, 54.85270345599525, 60.79064809733488, 62.871230691426284, 4.314137903797288, 62.98517371418188, 55.73224723307421]","[{'INP': 32}, {'CONV': [64, 3]}, ({'CONV': [128, 5]}, {'CONV': [64, 3]}), ({'CONV': [128, 5]}, {'CONV': [128, 3]}, {'POOLMAX': [-1, 2]}), ({'CONV': [256, 3]}, {'CONV': [256, 3]}), ({'CONV': [256, 5]}, {'CONV': [128, 3]}, {'POOLMAX': [-1, 2]}), ({'CONV': [256, 5]}, {'CONV': [256, 3]}), ({'CONV': [32, 3]}, {'CONV': [128, 3]}, {'POOLMAX': [-1, 2]}), ({'CONV': [256, 5]}, {'CONV': [256, 3]}), ({'CONV': [256, 3]}, {'CONV': [256, 5]}, {'POOLMAX': [-1, 2]}), {'GLOBAL_AVG': None}, {'LAST_DENSE': [100, 'softmax']}]",HHSE,NSGA2,,,,,0.7097705098651894,,,,3053949952,8645540,,,,,,"[37, 22, 61, 60, 62, 42, 62, 55]",0.7208817548901273,-0.0001162621534239,0.0,0.0,0.5,0.0,0.11,0,0,0,100,0,0.0,BEST,False,False,109,True,True,GREEDY,,,GREEDY_HV
BXDRZZ[M][M][M][M],1,2,31,11,0.31,True,True,"[42, 44, 54, 60, 62, 4, 62, 55]",[],"[42.84520146505509, 44.66695828036749, 54.85270345599525, 60.79064809733488, 62.871230691426284, 4.314137903797288, 62.98517371418188, 55.73224723307421]","[{'INP': 32}, {'CONV': [64, 3]}, ({'CONV': [128, 5]}, {'CONV': [64, 3]}), ({'CONV': [128, 5]}, {'CONV': [128, 3]}, {'POOLMAX': [-1, 2]}), ({'CONV': [256, 3]}, {'CONV': [256, 3]}), ({'CONV': [256, 5]}, {'CONV': [128, 3]}, {'POOLMAX': [-1, 2]}), ({'CONV': [256, 5]}, {'CONV': [256, 3]}), ({'CONV': [32, 3]}, {'CONV': [128, 3]}, {'POOLMAX': [-1, 2]}), ({'CONV': [256, 5]}, {'CONV': [256, 3]}), ({'CONV': [256, 3]}, {'CONV': [256, 5]}, {'POOLMAX': [-1, 2]}), {'GLOBAL_AVG': None}, {'LAST_DENSE': [100, 'softmax']}]",HHSE,NSGA2,,,,,0.7097705098651894,,,,3053949952,8645540,,,,,,"[37, 22, 61, 60, 62, 42, 62, 55]",0.7209304057531993,-0.0001373072119923,0.0,0.0,0.5,0.0,0.11,0,0,0,100,0,0.0,BEST,False,False,109,True,True,GREEDY,,,GREEDY_HV
BXDRZZ[M][M][M][M],1,2,32,11,0.32,True,True,"[42, 44, 54, 60, 62, 4, 62, 55]",[],"[42.84520146505509, 44.66695828036749, 54.85270345599525, 60.79064809733488, 62.871230691426284, 4.314137903797288, 62.98517371418188, 55.73224723307421]","[{'INP': 32}, {'CONV': [64, 3]}, ({'CONV': [128, 5]}, {'CONV': [64, 3]}), ({'CONV': [128, 5]}, {'CONV': [128, 3]}, {'POOLMAX': [-1, 2]}), ({'CONV': [256, 3]}, {'CONV': [256, 3]}), ({'CONV': [256, 5]}, {'CONV': [128, 3]}, {'POOLMAX': [-1, 2]}), ({'CONV': [256, 5]}, {'CONV': [256, 3]}), ({'CONV': [32, 3]}, {'CONV': [128, 3]}, {'POOLMAX': [-1, 2]}), ({'CONV': [256, 5]}, {'CONV': [256, 3]}), ({'CONV': [256, 3]}, {'CONV': [256, 5]}, {'POOLMAX': [-1, 2]}), {'GLOBAL_AVG': None}, {'LAST_DENSE': [100, 'softmax']}]",HHSE,NSGA2,,,,,0.7097705098651894,,,,3053949952,8645540,,,,,,"[37, 22, 61, 60, 62, 42, 62, 55]",0.7209401813534673,-0.0001217795399348,0.0,0.0,0.5,0.0,0.11,0,0,0,100,0,0.0,BEST,False,False,109,True,True,GREEDY,,,GREEDY_HV
BXDRZZ[M][M][M][M],1,2,33,11,0.33,True,True,"[42, 44, 54, 60, 62, 4, 62, 55]",[],"[42.84520146505509, 44.66695828036749, 54.85270345599525, 60.79064809733488, 62.871230691426284, 4.314137903797288, 62.98517371418188, 55.73224723307421]","[{'INP': 32}, {'CONV': [64, 3]}, ({'CONV': [128, 5]}, {'CONV': [64, 3]}), ({'CONV': [128, 5]}, {'CONV': [128, 3]}, {'POOLMAX': [-1, 2]}), ({'CONV': [256, 3]}, {'CONV': [256, 3]}), ({'CONV': [256, 5]}, {'CONV': [128, 3]}, {'POOLMAX': [-1, 2]}), ({'CONV': [256, 5]}, {'CONV': [256, 3]}), ({'CONV': [32, 3]}, {'CONV': [128, 3]}, {'POOLMAX': [-1, 2]}), ({'CONV': [256, 5]}, {'CONV': [256, 3]}), ({'CONV': [256, 3]}, {'CONV': [256, 5]}, {'POOLMAX': [-1, 2]}), {'GLOBAL_AVG': None}, {'LAST_DENSE': [100, 'softmax']}]",HHSE,NSGA2,,,,,0.7097705098651894,,,,3053949952,8645540,,,,,,"[37, 22, 61, 60, 62, 42, 62, 55]",0.7209902850241323,-0.0027013526024662,0.0,0.0,0.5,0.0,0.11,0,1,0,100,0,0.01,BEST,False,False,109,True,True,GREEDY,,,GREEDY_HV
BXDRZZ[M][M][M][M],1,2,34,11,0.34,True,True,"[42, 44, 54, 60, 62, 4, 62, 55]",[],"[42.84520146505509, 44.66695828036749, 54.85270345599525, 60.79064809733488, 62.871230691426284, 4.314137903797288, 62.98517371418188, 55.73224723307421]","[{'INP': 32}, {'CONV': [64, 3]}, ({'CONV': [128, 5]}, {'CONV': [64, 3]}), ({'CONV': [128, 5]}, {'CONV': [128, 3]}, {'POOLMAX': [-1, 2]}), ({'CONV': [256, 3]}, {'CONV': [256, 3]}), ({'CONV': [256, 5]}, {'CONV': [128, 3]}, {'POOLMAX': [-1, 2]}), ({'CONV': [256, 5]}, {'CONV': [256, 3]}), ({'CONV': [32, 3]}, {'CONV': [128, 3]}, {'POOLMAX': [-1, 2]}), ({'CONV': [256, 5]}, {'CONV': [256, 3]}), ({'CONV': [256, 3]}, {'CONV': [256, 5]}, {'POOLMAX': [-1, 2]}), {'GLOBAL_AVG': None}, {'LAST_DENSE': [100, 'softmax']}]",HHSE,NSGA2,,,,,0.7097705098651894,,,,3053949952,8645540,,,,,,"[37, 22, 61, 60, 62, 42, 62, 55]",0.7210255101698752,-0.0007351512676446,0.0,0.0,0.5,0.0,0.11,0,0,0,100,0,0.0,BEST,False,False,109,True,True,GREEDY,,,GREEDY_HV
BXDRZZ[M][M][M][M],1,2,35,11,0.35,True,True,"[42, 44, 54, 60, 62, 4, 62, 55]",[],"[42.84520146505509, 44.66695828036749, 54.85270345599525, 60.79064809733488, 62.871230691426284, 4.314137903797288, 62.98517371418188, 55.73224723307421]","[{'INP': 32}, {'CONV': [64, 3]}, ({'CONV': [128, 5]}, {'CONV': [64, 3]}), ({'CONV': [128, 5]}, {'CONV': [128, 3]}, {'POOLMAX': [-1, 2]}), ({'CONV': [256, 3]}, {'CONV': [256, 3]}), ({'CONV': [256, 5]}, {'CONV': [128, 3]}, {'POOLMAX': [-1, 2]}), ({'CONV': [256, 5]}, {'CONV': [256, 3]}), ({'CONV': [32, 3]}, {'CONV': [128, 3]}, {'POOLMAX': [-1, 2]}), ({'CONV': [256, 5]}, {'CONV': [256, 3]}), ({'CONV': [256, 3]}, {'CONV': [256, 5]}, {'POOLMAX': [-1, 2]}), {'GLOBAL_AVG': None}, {'LAST_DENSE': [100, 'softmax']}]",HHSE,NSGA2,,,,,0.7097705098651894,,,,3053949952,8645540,,,,,,"[37, 22, 61, 60, 62, 42, 62, 55]",0.7210421439539205,-0.0006657989913267,0.0,0.0,0.5,0.0,0.11,0,0,0,100,0,0.0,BEST,False,False,109,True,True,GREEDY,,,GREEDY_HV
BXDRZZ[M][M][M][M],1,2,36,11,0.36,True,True,"[42, 44, 54, 60, 62, 4, 62, 55]",[],"[42.84520146505509, 44.66695828036749, 54.85270345599525, 60.79064809733488, 62.871230691426284, 4.314137903797288, 62.98517371418188, 55.73224723307421]","[{'INP': 32}, {'CONV': [64, 3]}, ({'CONV': [128, 5]}, {'CONV': [64, 3]}), ({'CONV': [128, 5]}, {'CONV': [128, 3]}, {'POOLMAX': [-1, 2]}), ({'CONV': [256, 3]}, {'CONV': [256, 3]}), ({'CONV': [256, 5]}, {'CONV': [128, 3]}, {'POOLMAX': [-1, 2]}), ({'CONV': [256, 5]}, {'CONV': [256, 3]}), ({'CONV': [32, 3]}, {'CONV': [128, 3]}, {'POOLMAX': [-1, 2]}), ({'CONV': [256, 5]}, {'CONV': [256, 3]}), ({'CONV': [256, 3]}, {'CONV': [256, 5]}, {'POOLMAX': [-1, 2]}), {'GLOBAL_AVG': None}, {'LAST_DENSE': [100, 'softmax']}]",HHSE,NSGA2,,,,,0.7097705098651894,,,,3053949952,8645540,,,,,,"[37, 22, 61, 60, 62, 42, 62, 55]",0.7210988991185475,-0.0004251674522981,0.0,0.0,0.5,0.0,0.11,0,0,0,100,0,0.0,BEST,False,False,109,True,True,GREEDY,,,GREEDY_HV
BXDRZZ[M][M][M][M],1,2,37,11,0.37,True,True,"[42, 44, 54, 60, 62, 4, 62, 55]",[],"[42.84520146505509, 44.66695828036749, 54.85270345599525, 60.79064809733488, 62.871230691426284, 4.314137903797288, 62.98517371418188, 55.73224723307421]","[{'INP': 32}, {'CONV': [64, 3]}, ({'CONV': [128, 5]}, {'CONV': [64, 3]}), ({'CONV': [128, 5]}, {'CONV': [128, 3]}, {'POOLMAX': [-1, 2]}), ({'CONV': [256, 3]}, {'CONV': [256, 3]}), ({'CONV': [256, 5]}, {'CONV': [128, 3]}, {'POOLMAX': [-1, 2]}), ({'CONV': [256, 5]}, {'CONV': [256, 3]}), ({'CONV': [32, 3]}, {'CONV': [128, 3]}, {'POOLMAX': [-1, 2]}), ({'CONV': [256, 5]}, {'CONV': [256, 3]}), ({'CONV': [256, 3]}, {'CONV': [256, 5]}, {'POOLMAX': [-1, 2]}), {'GLOBAL_AVG': None}, {'LAST_DENSE': [100, 'softmax']}]",HHSE,NSGA2,,,,,0.7097705098651894,,,,3053949952,8645540,,,,,,"[37, 22, 61, 60, 62, 42, 62, 55]",0.7210448715975604,-0.0007519545516287,0.0,0.0,0.5,0.0,0.11,0,0,0,100,0,0.0,BEST,False,False,109,True,True,GREEDY,,,GREEDY_HV
BXDRZZ[M][M][M][M],1,2,38,11,0.38,True,True,"[42, 44, 54, 60, 62, 4, 62, 55]",[],"[42.84520146505509, 44.66695828036749, 54.85270345599525, 60.79064809733488, 62.871230691426284, 4.314137903797288, 62.98517371418188, 55.73224723307421]","[{'INP': 32}, {'CONV': [64, 3]}, ({'CONV': [128, 5]}, {'CONV': [64, 3]}), ({'CONV': [128, 5]}, {'CONV': [128, 3]}, {'POOLMAX': [-1, 2]}), ({'CONV': [256, 3]}, {'CONV': [256, 3]}), ({'CONV': [256, 5]}, {'CONV': [128, 3]}, {'POOLMAX': [-1, 2]}), ({'CONV': [256, 5]}, {'CONV': [256, 3]}), ({'CONV': [32, 3]}, {'CONV': [128, 3]}, {'POOLMAX': [-1, 2]}), ({'CONV': [256, 5]}, {'CONV': [256, 3]}), ({'CONV': [256, 3]}, {'CONV': [256, 5]}, {'POOLMAX': [-1, 2]}), {'GLOBAL_AVG': None}, {'LAST_DENSE': [100, 'softmax']}]",HHSE,NSGA2,,,,,0.7097705098651894,,,,3053949952,8645540,,,,,,"[37, 22, 61, 60, 62, 42, 62, 55]",0.7211048976388714,-0.0007306243670056,0.0,0.0,0.5,0.0,0.11,0,0,0,100,0,0.0,BEST,False,False,109,True,True,GREEDY,,,GREEDY_HV
BXDRZZ[M][M][M][M],1,2,39,11,0.39,True,True,"[42, 44, 54, 60, 62, 4, 62, 55]",[],"[42.84520146505509, 44.66695828036749, 54.85270345599525, 60.79064809733488, 62.871230691426284, 4.314137903797288, 62.98517371418188, 55.73224723307421]","[{'INP': 32}, {'CONV': [64, 3]}, ({'CONV': [128, 5]}, {'CONV': [64, 3]}), ({'CONV': [128, 5]}, {'CONV': [128, 3]}, {'POOLMAX': [-1, 2]}), ({'CONV': [256, 3]}, {'CONV': [256, 3]}), ({'CONV': [256, 5]}, {'CONV': [128, 3]}, {'POOLMAX': [-1, 2]}), ({'CONV': [256, 5]}, {'CONV': [256, 3]}), ({'CONV': [32, 3]}, {'CONV': [128, 3]}, {'POOLMAX': [-1, 2]}), ({'CONV': [256, 5]}, {'CONV': [256, 3]}), ({'CONV': [256, 3]}, {'CONV': [256, 5]}, {'POOLMAX': [-1, 2]}), {'GLOBAL_AVG': None}, {'LAST_DENSE': [100, 'softmax']}]",HHSE,NSGA2,,,,,0.7097705098651894,,,,3053949952,8645540,,,,,,"[37, 22, 61, 60, 62, 42, 62, 55]",0.7211434423636128,-0.0004364079582919,0.0,0.0,0.5,0.0,0.11,0,0,0,100,0,0.0,BEST,False,False,109,True,True,GREEDY,,,GREEDY_HV
BXDRZZ[M][M][M][M],1,2,40,11,0.4,True,True,"[42, 44, 54, 60, 62, 4, 62, 55]",[],"[42.84520146505509, 44.66695828036749, 54.85270345599525, 60.79064809733488, 62.871230691426284, 4.314137903797288, 62.98517371418188, 55.73224723307421]","[{'INP': 32}, {'CONV': [64, 3]}, ({'CONV': [128, 5]}, {'CONV': [64, 3]}), ({'CONV': [128, 5]}, {'CONV': [128, 3]}, {'POOLMAX': [-1, 2]}), ({'CONV': [256, 3]}, {'CONV': [256, 3]}), ({'CONV': [256, 5]}, {'CONV': [128, 3]}, {'POOLMAX': [-1, 2]}), ({'CONV': [256, 5]}, {'CONV': [256, 3]}), ({'CONV': [32, 3]}, {'CONV': [128, 3]}, {'POOLMAX': [-1, 2]}), ({'CONV': [256, 5]}, {'CONV': [256, 3]}), ({'CONV': [256, 3]}, {'CONV': [256, 5]}, {'POOLMAX': [-1, 2]}), {'GLOBAL_AVG': None}, {'LAST_DENSE': [100, 'softmax']}]",HHSE,NSGA2,,,,,0.7097705098651894,,,,3053949952,8645540,,,,,,"[37, 22, 61, 60, 62, 42, 62, 55]",0.7212328824839117,-0.0006267038156876,0.0,0.0,0.5,0.0,0.11,0,0,0,100,0,0.0,BEST,False,False,109,True,True,GREEDY,,,GREEDY_HV
BXDRZZ[M][M][M][M],1,2,41,11,0.41,True,True,"[42, 44, 54, 60, 62, 4, 62, 55]",[],"[42.84520146505509, 44.66695828036749, 54.85270345599525, 60.79064809733488, 62.871230691426284, 4.314137903797288, 62.98517371418188, 55.73224723307421]","[{'INP': 32}, {'CONV': [64, 3]}, ({'CONV': [128, 5]}, {'CONV': [64, 3]}), ({'CONV': [128, 5]}, {'CONV': [128, 3]}, {'POOLMAX': [-1, 2]}), ({'CONV': [256, 3]}, {'CONV': [256, 3]}), ({'CONV': [256, 5]}, {'CONV': [128, 3]}, {'POOLMAX': [-1, 2]}), ({'CONV': [256, 5]}, {'CONV': [256, 3]}), ({'CONV': [32, 3]}, {'CONV': [128, 3]}, {'POOLMAX': [-1, 2]}), ({'CONV': [256, 5]}, {'CONV': [256, 3]}), ({'CONV': [256, 3]}, {'CONV': [256, 5]}, {'POOLMAX': [-1, 2]}), {'GLOBAL_AVG': None}, {'LAST_DENSE': [100, 'softmax']}]",HHSE,NSGA2,,,,,0.7097705098651894,,,,3053949952,8645540,,,,,,"[37, 22, 61, 60, 62, 42, 62, 55]",0.7221394117378401,-9.442103932977286e-05,0.0,0.0,0.5,0.0,0.11,0,0,0,100,0,0.0,BEST,False,False,109,True,True,GREEDY,,,GREEDY_HV
BXDRZZ[M][M][M][M],1,2,42,11,0.42,True,True,"[42, 44, 54, 60, 62, 4, 62, 55]",[],"[42.84520146505509, 44.66695828036749, 54.85270345599525, 60.79064809733488, 62.871230691426284, 4.314137903797288, 62.98517371418188, 55.73224723307421]","[{'INP': 32}, {'CONV': [64, 3]}, ({'CONV': [128, 5]}, {'CONV': [64, 3]}), ({'CONV': [128, 5]}, {'CONV': [128, 3]}, {'POOLMAX': [-1, 2]}), ({'CONV': [256, 3]}, {'CONV': [256, 3]}), ({'CONV': [256, 5]}, {'CONV': [128, 3]}, {'POOLMAX': [-1, 2]}), ({'CONV': [256, 5]}, {'CONV': [256, 3]}), ({'CONV': [32, 3]}, {'CONV': [128, 3]}, {'POOLMAX': [-1, 2]}), ({'CONV': [256, 5]}, {'CONV': [256, 3]}), ({'CONV': [256, 3]}, {'CONV': [256, 5]}, {'POOLMAX': [-1, 2]}), {'GLOBAL_AVG': None}, {'LAST_DENSE': [100, 'softmax']}]",HHSE,NSGA2,,,,,0.7097705098651894,,,,3053949952,8645540,,,,,,"[37, 22, 61, 60, 62, 42, 62, 55]",0.722142028304738,-0.0001824287166107,0.0,0.0,0.5,0.0,0.11,0,0,0,100,0,0.0,BEST,False,False,109,True,True,GREEDY,,,GREEDY_HV
BXDRZZ[M][M][M][M],1,2,43,11,0.43,True,True,"[42, 44, 54, 60, 62, 4, 62, 55]",[],"[42.84520146505509, 44.66695828036749, 54.85270345599525, 60.79064809733488, 62.871230691426284, 4.314137903797288, 62.98517371418188, 55.73224723307421]","[{'INP': 32}, {'CONV': [64, 3]}, ({'CONV': [128, 5]}, {'CONV': [64, 3]}), ({'CONV': [128, 5]}, {'CONV': [128, 3]}, {'POOLMAX': [-1, 2]}), ({'CONV': [256, 3]}, {'CONV': [256, 3]}), ({'CONV': [256, 5]}, {'CONV': [128, 3]}, {'POOLMAX': [-1, 2]}), ({'CONV': [256, 5]}, {'CONV': [256, 3]}), ({'CONV': [32, 3]}, {'CONV': [128, 3]}, {'POOLMAX': [-1, 2]}), ({'CONV': [256, 5]}, {'CONV': [256, 3]}), ({'CONV': [256, 3]}, {'CONV': [256, 5]}, {'POOLMAX': [-1, 2]}), {'GLOBAL_AVG': None}, {'LAST_DENSE': [100, 'softmax']}]",HHSE,NSGA2,,,,,0.7097705098651894,,,,3053949952,8645540,,,,,,"[37, 22, 61, 60, 62, 42, 62, 55]",0.7221639038808934,-9.708127658225596e-05,0.0,0.0,0.5,0.0,0.11,0,1,0,100,0,0.01,BEST,False,False,109,True,True,GREEDY,,,GREEDY_HV
BXDRZZ[M][M][M][M],1,2,44,11,0.44,True,True,"[42, 44, 54, 60, 62, 4, 62, 55]",[],"[42.84520146505509, 44.66695828036749, 54.85270345599525, 60.79064809733488, 62.871230691426284, 4.314137903797288, 62.98517371418188, 55.73224723307421]","[{'INP': 32}, {'CONV': [64, 3]}, ({'CONV': [128, 5]}, {'CONV': [64, 3]}), ({'CONV': [128, 5]}, {'CONV': [128, 3]}, {'POOLMAX': [-1, 2]}), ({'CONV': [256, 3]}, {'CONV': [256, 3]}), ({'CONV': [256, 5]}, {'CONV': [128, 3]}, {'POOLMAX': [-1, 2]}), ({'CONV': [256, 5]}, {'CONV': [256, 3]}), ({'CONV': [32, 3]}, {'CONV': [128, 3]}, {'POOLMAX': [-1, 2]}), ({'CONV': [256, 5]}, {'CONV': [256, 3]}), ({'CONV': [256, 3]}, {'CONV': [256, 5]}, {'POOLMAX': [-1, 2]}), {'GLOBAL_AVG': None}, {'LAST_DENSE': [100, 'softmax']}]",HHSE,NSGA2,,,,,0.7097705098651894,,,,3053949952,8645540,,,,,,"[37, 22, 61, 60, 62, 42, 62, 55]",0.7222206638871487,-9.586677661044264e-05,0.0,0.0,0.5,0.0,0.11,0,0,0,100,0,0.0,BEST,False,False,109,True,True,GREEDY,,,GREEDY_HV
BXDRZZ[M][M][M][M],1,2,45,11,0.45,True,True,"[42, 44, 54, 60, 62, 4, 62, 55]",[],"[42.84520146505509, 44.66695828036749, 54.85270345599525, 60.79064809733488, 62.871230691426284, 4.314137903797288, 62.98517371418188, 55.73224723307421]","[{'INP': 32}, {'CONV': [64, 3]}, ({'CONV': [128, 5]}, {'CONV': [64, 3]}), ({'CONV': [128, 5]}, {'CONV': [128, 3]}, {'POOLMAX': [-1, 2]}), ({'CONV': [256, 3]}, {'CONV': [256, 3]}), ({'CONV': [256, 5]}, {'CONV': [128, 3]}, {'POOLMAX': [-1, 2]}), ({'CONV': [256, 5]}, {'CONV': [256, 3]}), ({'CONV': [32, 3]}, {'CONV': [128, 3]}, {'POOLMAX': [-1, 2]}), ({'CONV': [256, 5]}, {'CONV': [256, 3]}), ({'CONV': [256, 3]}, {'CONV': [256, 5]}, {'POOLMAX': [-1, 2]}), {'GLOBAL_AVG': None}, {'LAST_DENSE': [100, 'softmax']}]",HHSE,NSGA2,,,,,0.7097705098651894,,,,3053949952,8645540,,,,,,"[37, 22, 61, 60, 62, 42, 62, 55]",0.7222101430782187,-0.0001256626480854,0.0,0.0,0.5,0.0,0.11,0,0,0,100,0,0.0,BEST,False,False,109,True,True,GREEDY,,,GREEDY_HV
BXDRZZ[M][M][M][M],1,2,46,11,0.46,True,True,"[42, 44, 54, 60, 62, 4, 62, 55]",[],"[42.84520146505509, 44.66695828036749, 54.85270345599525, 60.79064809733488, 62.871230691426284, 4.314137903797288, 62.98517371418188, 55.73224723307421]","[{'INP': 32}, {'CONV': [64, 3]}, ({'CONV': [128, 5]}, {'CONV': [64, 3]}), ({'CONV': [128, 5]}, {'CONV': [128, 3]}, {'POOLMAX': [-1, 2]}), ({'CONV': [256, 3]}, {'CONV': [256, 3]}), ({'CONV': [256, 5]}, {'CONV': [128, 3]}, {'POOLMAX': [-1, 2]}), ({'CONV': [256, 5]}, {'CONV': [256, 3]}), ({'CONV': [32, 3]}, {'CONV': [128, 3]}, {'POOLMAX': [-1, 2]}), ({'CONV': [256, 5]}, {'CONV': [256, 3]}), ({'CONV': [256, 3]}, {'CONV': [256, 5]}, {'POOLMAX': [-1, 2]}), {'GLOBAL_AVG': None}, {'LAST_DENSE': [100, 'softmax']}]",HHSE,NSGA2,,,,,0.7097705098651894,,,,3053949952,8645540,,,,,,"[37, 22, 61, 60, 62, 42, 62, 55]",0.7222170302855626,-0.0001515868071156,0.0,0.0,0.5,0.0,0.11,0,0,0,100,0,0.0,BEST,False,False,109,True,True,GREEDY,,,GREEDY_HV
BXDRZZ[M][M][M][M],1,2,47,11,0.47,True,True,"[42, 44, 54, 60, 62, 4, 62, 55]",[],"[42.84520146505509, 44.66695828036749, 54.85270345599525, 60.79064809733488, 62.871230691426284, 4.314137903797288, 62.98517371418188, 55.73224723307421]","[{'INP': 32}, {'CONV': [64, 3]}, ({'CONV': [128, 5]}, {'CONV': [64, 3]}), ({'CONV': [128, 5]}, {'CONV': [128, 3]}, {'POOLMAX': [-1, 2]}), ({'CONV': [256, 3]}, {'CONV': [256, 3]}), ({'CONV': [256, 5]}, {'CONV': [128, 3]}, {'POOLMAX': [-1, 2]}), ({'CONV': [256, 5]}, {'CONV': [256, 3]}), ({'CONV': [32, 3]}, {'CONV': [128, 3]}, {'POOLMAX': [-1, 2]}), ({'CONV': [256, 5]}, {'CONV': [256, 3]}), ({'CONV': [256, 3]}, {'CONV': [256, 5]}, {'POOLMAX': [-1, 2]}), {'GLOBAL_AVG': None}, {'LAST_DENSE': [100, 'softmax']}]",HHSE,NSGA2,,,,,0.7097705098651894,,,,3053949952,8645540,,,,,,"[37, 22, 61, 60, 62, 42, 62, 55]",0.7222288860408032,-0.0005964054941148,0.0,0.0,0.5,0.0,0.11,0,1,0,100,0,0.01,BEST,False,False,109,True,True,GREEDY,,,GREEDY_HV
BXDRZZ[M][M][M][M],1,2,48,11,0.48,True,True,"[42, 44, 54, 60, 62, 4, 62, 55]",[],"[42.84520146505509, 44.66695828036749, 54.85270345599525, 60.79064809733488, 62.871230691426284, 4.314137903797288, 62.98517371418188, 55.73224723307421]","[{'INP': 32}, {'CONV': [64, 3]}, ({'CONV': [128, 5]}, {'CONV': [64, 3]}), ({'CONV': [128, 5]}, {'CONV': [128, 3]}, {'POOLMAX': [-1, 2]}), ({'CONV': [256, 3]}, {'CONV': [256, 3]}), ({'CONV': [256, 5]}, {'CONV': [128, 3]}, {'POOLMAX': [-1, 2]}), ({'CONV': [256, 5]}, {'CONV': [256, 3]}), ({'CONV': [32, 3]}, {'CONV': [128, 3]}, {'POOLMAX': [-1, 2]}), ({'CONV': [256, 5]}, {'CONV': [256, 3]}), ({'CONV': [256, 3]}, {'CONV': [256, 5]}, {'POOLMAX': [-1, 2]}), {'GLOBAL_AVG': None}, {'LAST_DENSE': [100, 'softmax']}]",HHSE,NSGA2,,,,,0.7097705098651894,,,,3053949952,8645540,,,,,,"[37, 22, 61, 60, 62, 42, 62, 55]",0.722422497536408,-6.6449711726424e-05,0.0,0.0,0.5,0.0,0.11,0,0,0,100,0,0.0,BEST,False,False,109,True,True,GREEDY,,,GREEDY_HV
BXDRZZ[M][M][M][M],1,2,49,11,0.49,True,True,"[42, 44, 54, 60, 62, 4, 62, 55]",[],"[42.84520146505509, 44.66695828036749, 54.85270345599525, 60.79064809733488, 62.871230691426284, 4.314137903797288, 62.98517371418188, 55.73224723307421]","[{'INP': 32}, {'CONV': [64, 3]}, ({'CONV': [128, 5]}, {'CONV': [64, 3]}), ({'CONV': [128, 5]}, {'CONV': [128, 3]}, {'POOLMAX': [-1, 2]}), ({'CONV': [256, 3]}, {'CONV': [256, 3]}), ({'CONV': [256, 5]}, {'CONV': [128, 3]}, {'POOLMAX': [-1, 2]}), ({'CONV': [256, 5]}, {'CONV': [256, 3]}), ({'CONV': [32, 3]}, {'CONV': [128, 3]}, {'POOLMAX': [-1, 2]}), ({'CONV': [256, 5]}, {'CONV': [256, 3]}), ({'CONV': [256, 3]}, {'CONV': [256, 5]}, {'POOLMAX': [-1, 2]}), {'GLOBAL_AVG': None}, {'LAST_DENSE': [100, 'softmax']}]",HHSE,NSGA2,,,,,0.7097705098651894,,,,3053949952,8645540,,,,,,"[37, 22, 61, 60, 62, 42, 62, 55]",0.7228043115440785,-0.0006791539936998,0.0,0.0,0.5,0.0,0.11,0,0,0,100,0,0.0,BEST,False,False,109,True,True,GREEDY,,,GREEDY_HV
BXDRZZ[M][M][M][M],1,2,50,11,0.5,True,True,"[42, 44, 54, 60, 62, 4, 62, 55]",[],"[42.84520146505509, 44.66695828036749, 54.85270345599525, 60.79064809733488, 62.871230691426284, 4.314137903797288, 62.98517371418188, 55.73224723307421]","[{'INP': 32}, {'CONV': [64, 3]}, ({'CONV': [128, 5]}, {'CONV': [64, 3]}), ({'CONV': [128, 5]}, {'CONV': [128, 3]}, {'POOLMAX': [-1, 2]}), ({'CONV': [256, 3]}, {'CONV': [256, 3]}), ({'CONV': [256, 5]}, {'CONV': [128, 3]}, {'POOLMAX': [-1, 2]}), ({'CONV': [256, 5]}, {'CONV': [256, 3]}), ({'CONV': [32, 3]}, {'CONV': [128, 3]}, {'POOLMAX': [-1, 2]}), ({'CONV': [256, 5]}, {'CONV': [256, 3]}), ({'CONV': [256, 3]}, {'CONV': [256, 5]}, {'POOLMAX': [-1, 2]}), {'GLOBAL_AVG': None}, {'LAST_DENSE': [100, 'softmax']}]",HHSE,NSGA2,,,,,0.7097705098651894,,,,3053949952,8645540,,,,,,"[37, 22, 61, 60, 62, 42, 62, 55]",0.7228018558488823,-0.00058883503408,0.0,0.0,0.5,0.0,0.11,0,0,0,100,0,0.0,BEST,False,False,109,True,True,GREEDY,,,GREEDY_HV
BXDRZZ[M][M][M][M],1,2,51,11,0.51,True,True,"[42, 44, 54, 60, 62, 4, 62, 55]",[],"[42.84520146505509, 44.66695828036749, 54.85270345599525, 60.79064809733488, 62.871230691426284, 4.314137903797288, 62.98517371418188, 55.73224723307421]","[{'INP': 32}, {'CONV': [64, 3]}, ({'CONV': [128, 5]}, {'CONV': [64, 3]}), ({'CONV': [128, 5]}, {'CONV': [128, 3]}, {'POOLMAX': [-1, 2]}), ({'CONV': [256, 3]}, {'CONV': [256, 3]}), ({'CONV': [256, 5]}, {'CONV': [128, 3]}, {'POOLMAX': [-1, 2]}), ({'CONV': [256, 5]}, {'CONV': [256, 3]}), ({'CONV': [32, 3]}, {'CONV': [128, 3]}, {'POOLMAX': [-1, 2]}), ({'CONV': [256, 5]}, {'CONV': [256, 3]}), ({'CONV': [256, 3]}, {'CONV': [256, 5]}, {'POOLMAX': [-1, 2]}), {'GLOBAL_AVG': None}, {'LAST_DENSE': [100, 'softmax']}]",HHSE,NSGA2,,,,,0.7097705098651894,,,,3053949952,8645540,,,,,,"[37, 22, 61, 60, 62, 42, 62, 55]",0.7228822874329107,-4.282119215026636e-05,0.0,0.0,0.5,0.0,0.11,0,0,0,100,0,0.0,BEST,False,False,109,True,True,GREEDY,,,GREEDY_HV
BXDRZZ[M][M][M][M],1,2,52,11,0.52,True,True,"[42, 44, 54, 60, 62, 4, 62, 55]",[],"[42.84520146505509, 44.66695828036749, 54.85270345599525, 60.79064809733488, 62.871230691426284, 4.314137903797288, 62.98517371418188, 55.73224723307421]","[{'INP': 32}, {'CONV': [64, 3]}, ({'CONV': [128, 5]}, {'CONV': [64, 3]}), ({'CONV': [128, 5]}, {'CONV': [128, 3]}, {'POOLMAX': [-1, 2]}), ({'CONV': [256, 3]}, {'CONV': [256, 3]}), ({'CONV': [256, 5]}, {'CONV': [128, 3]}, {'POOLMAX': [-1, 2]}), ({'CONV': [256, 5]}, {'CONV': [256, 3]}), ({'CONV': [32, 3]}, {'CONV': [128, 3]}, {'POOLMAX': [-1, 2]}), ({'CONV': [256, 5]}, {'CONV': [256, 3]}), ({'CONV': [256, 3]}, {'CONV': [256, 5]}, {'POOLMAX': [-1, 2]}), {'GLOBAL_AVG': None}, {'LAST_DENSE': [100, 'softmax']}]",HHSE,NSGA2,,,,,0.7097705098651894,,,,3053949952,8645540,,,,,,"[37, 22, 61, 60, 62, 42, 62, 55]",0.7229315509835177,-0.0009912696410377,0.0,0.0,0.5,0.0,0.11,0,1,0,100,0,0.01,BEST,False,False,109,True,True,GREEDY,,,GREEDY_HV
BXDRZZ[M][M][M][M],1,2,53,11,0.53,True,True,"[42, 44, 54, 60, 62, 4, 62, 55]",[],"[42.84520146505509, 44.66695828036749, 54.85270345599525, 60.79064809733488, 62.871230691426284, 4.314137903797288, 62.98517371418188, 55.73224723307421]","[{'INP': 32}, {'CONV': [64, 3]}, ({'CONV': [128, 5]}, {'CONV': [64, 3]}), ({'CONV': [128, 5]}, {'CONV': [128, 3]}, {'POOLMAX': [-1, 2]}), ({'CONV': [256, 3]}, {'CONV': [256, 3]}), ({'CONV': [256, 5]}, {'CONV': [128, 3]}, {'POOLMAX': [-1, 2]}), ({'CONV': [256, 5]}, {'CONV': [256, 3]}), ({'CONV': [32, 3]}, {'CONV': [128, 3]}, {'POOLMAX': [-1, 2]}), ({'CONV': [256, 5]}, {'CONV': [256, 3]}), ({'CONV': [256, 3]}, {'CONV': [256, 5]}, {'POOLMAX': [-1, 2]}), {'GLOBAL_AVG': None}, {'LAST_DENSE': [100, 'softmax']}]",HHSE,NSGA2,,,,,0.7097705098651894,,,,3053949952,8645540,,,,,,"[37, 22, 61, 60, 62, 42, 62, 55]",0.7233885945775089,-0.0002708149438332,0.0,0.0,0.5,0.0,0.11,0,0,0,100,0,0.0,BEST,False,False,109,True,True,GREEDY,,,GREEDY_HV
BXDRZZ[M][M][M][M],1,2,54,11,0.54,True,True,"[42, 44, 54, 60, 62, 4, 62, 55]",[],"[42.84520146505509, 44.66695828036749, 54.85270345599525, 60.79064809733488, 62.871230691426284, 4.314137903797288, 62.98517371418188, 55.73224723307421]","[{'INP': 32}, {'CONV': [64, 3]}, ({'CONV': [128, 5]}, {'CONV': [64, 3]}), ({'CONV': [128, 5]}, {'CONV': [128, 3]}, {'POOLMAX': [-1, 2]}), ({'CONV': [256, 3]}, {'CONV': [256, 3]}), ({'CONV': [256, 5]}, {'CONV': [128, 3]}, {'POOLMAX': [-1, 2]}), ({'CONV': [256, 5]}, {'CONV': [256, 3]}), ({'CONV': [32, 3]}, {'CONV': [128, 3]}, {'POOLMAX': [-1, 2]}), ({'CONV': [256, 5]}, {'CONV': [256, 3]}), ({'CONV': [256, 3]}, {'CONV': [256, 5]}, {'POOLMAX': [-1, 2]}), {'GLOBAL_AVG': None}, {'LAST_DENSE': [100, 'softmax']}]",HHSE,NSGA2,,,,,0.7097705098651894,,,,3053949952,8645540,,,,,,"[37, 22, 61, 60, 62, 42, 62, 55]",0.7235154781351323,-9.19370622920468e-05,0.0,0.0,0.5,0.0,0.11,0,0,0,100,0,0.0,BEST,False,False,109,True,True,GREEDY,,,GREEDY_HV
BXDRZZ[M][M][M][M],1,2,55,11,0.55,True,True,"[42, 44, 54, 60, 62, 4, 62, 55]",[],"[42.84520146505509, 44.66695828036749, 54.85270345599525, 60.79064809733488, 62.871230691426284, 4.314137903797288, 62.98517371418188, 55.73224723307421]","[{'INP': 32}, {'CONV': [64, 3]}, ({'CONV': [128, 5]}, {'CONV': [64, 3]}), ({'CONV': [128, 5]}, {'CONV': [128, 3]}, {'POOLMAX': [-1, 2]}), ({'CONV': [256, 3]}, {'CONV': [256, 3]}), ({'CONV': [256, 5]}, {'CONV': [128, 3]}, {'POOLMAX': [-1, 2]}), ({'CONV': [256, 5]}, {'CONV': [256, 3]}), ({'CONV': [32, 3]}, {'CONV': [128, 3]}, {'POOLMAX': [-1, 2]}), ({'CONV': [256, 5]}, {'CONV': [256, 3]}), ({'CONV': [256, 3]}, {'CONV': [256, 5]}, {'POOLMAX': [-1, 2]}), {'GLOBAL_AVG': None}, {'LAST_DENSE': [100, 'softmax']}]",HHSE,NSGA2,,,,,0.7097705098651894,,,,3053949952,8645540,,,,,,"[37, 22, 61, 60, 62, 42, 62, 55]",0.7234513438874015,-0.0001053533225174,0.0,0.0,0.5,0.0,0.11,0,0,0,100,0,0.0,BEST,False,False,109,True,True,GREEDY,,,GREEDY_HV
BXDRZZ[M][M][M][M],1,2,56,11,0.56,True,True,"[42, 44, 54, 60, 62, 4, 62, 55]",[],"[42.84520146505509, 44.66695828036749, 54.85270345599525, 60.79064809733488, 62.871230691426284, 4.314137903797288, 62.98517371418188, 55.73224723307421]","[{'INP': 32}, {'CONV': [64, 3]}, ({'CONV': [128, 5]}, {'CONV': [64, 3]}), ({'CONV': [128, 5]}, {'CONV': [128, 3]}, {'POOLMAX': [-1, 2]}), ({'CONV': [256, 3]}, {'CONV': [256, 3]}), ({'CONV': [256, 5]}, {'CONV': [128, 3]}, {'POOLMAX': [-1, 2]}), ({'CONV': [256, 5]}, {'CONV': [256, 3]}), ({'CONV': [32, 3]}, {'CONV': [128, 3]}, {'POOLMAX': [-1, 2]}), ({'CONV': [256, 5]}, {'CONV': [256, 3]}), ({'CONV': [256, 3]}, {'CONV': [256, 5]}, {'POOLMAX': [-1, 2]}), {'GLOBAL_AVG': None}, {'LAST_DENSE': [100, 'softmax']}]",HHSE,NSGA2,,,,,0.7097705098651894,,,,3053949952,8645540,,,,,,"[37, 22, 61, 60, 62, 42, 62, 55]",0.7236557202401614,-0.0010447675079071,0.0,0.0,0.5,0.0,0.11,0,0,0,100,0,0.0,BEST,False,False,109,True,True,GREEDY,,,GREEDY_HV
BXDRZZ[M][M][M][M],1,2,57,11,0.57,True,True,"[42, 44, 54, 60, 62, 4, 62, 55]",[],"[42.84520146505509, 44.66695828036749, 54.85270345599525, 60.79064809733488, 62.871230691426284, 4.314137903797288, 62.98517371418188, 55.73224723307421]","[{'INP': 32}, {'CONV': [64, 3]}, ({'CONV': [128, 5]}, {'CONV': [64, 3]}), ({'CONV': [128, 5]}, {'CONV': [128, 3]}, {'POOLMAX': [-1, 2]}), ({'CONV': [256, 3]}, {'CONV': [256, 3]}), ({'CONV': [256, 5]}, {'CONV': [128, 3]}, {'POOLMAX': [-1, 2]}), ({'CONV': [256, 5]}, {'CONV': [256, 3]}), ({'CONV': [32, 3]}, {'CONV': [128, 3]}, {'POOLMAX': [-1, 2]}), ({'CONV': [256, 5]}, {'CONV': [256, 3]}), ({'CONV': [256, 3]}, {'CONV': [256, 5]}, {'POOLMAX': [-1, 2]}), {'GLOBAL_AVG': None}, {'LAST_DENSE': [100, 'softmax']}]",HHSE,NSGA2,,,,,0.7097705098651894,,,,3053949952,8645540,,,,,,"[37, 22, 61, 60, 62, 42, 62, 55]",0.7235859585686761,-0.0009610153147114,0.0,0.0,0.5,0.0,0.11,0,0,0,100,0,0.0,BEST,False,False,109,True,True,GREEDY,,,GREEDY_HV
BXDRZZ[M][M][M][M],1,2,58,11,0.58,True,True,"[42, 44, 54, 60, 62, 4, 62, 55]",[],"[42.84520146505509, 44.66695828036749, 54.85270345599525, 60.79064809733488, 62.871230691426284, 4.314137903797288, 62.98517371418188, 55.73224723307421]","[{'INP': 32}, {'CONV': [64, 3]}, ({'CONV': [128, 5]}, {'CONV': [64, 3]}), ({'CONV': [128, 5]}, {'CONV': [128, 3]}, {'POOLMAX': [-1, 2]}), ({'CONV': [256, 3]}, {'CONV': [256, 3]}), ({'CONV': [256, 5]}, {'CONV': [128, 3]}, {'POOLMAX': [-1, 2]}), ({'CONV': [256, 5]}, {'CONV': [256, 3]}), ({'CONV': [32, 3]}, {'CONV': [128, 3]}, {'POOLMAX': [-1, 2]}), ({'CONV': [256, 5]}, {'CONV': [256, 3]}), ({'CONV': [256, 3]}, {'CONV': [256, 5]}, {'POOLMAX': [-1, 2]}), {'GLOBAL_AVG': None}, {'LAST_DENSE': [100, 'softmax']}]",HHSE,NSGA2,,,,,0.7097705098651894,,,,3053949952,8645540,,,,,,"[37, 22, 61, 60, 62, 42, 62, 55]",0.7237324322772636,-0.0007654063665822,0.0,0.0,0.5,0.0,0.11,0,0,0,100,0,0.0,BEST,False,False,109,True,True,GREEDY,,,GREEDY_HV
BXDRZZ[M][M][M][M],1,2,59,11,0.59,True,True,"[42, 44, 54, 60, 62, 4, 62, 55]",[],"[42.84520146505509, 44.66695828036749, 54.85270345599525, 60.79064809733488, 62.871230691426284, 4.314137903797288, 62.98517371418188, 55.73224723307421]","[{'INP': 32}, {'CONV': [64, 3]}, ({'CONV': [128, 5]}, {'CONV': [64, 3]}), ({'CONV': [128, 5]}, {'CONV': [128, 3]}, {'POOLMAX': [-1, 2]}), ({'CONV': [256, 3]}, {'CONV': [256, 3]}), ({'CONV': [256, 5]}, {'CONV': [128, 3]}, {'POOLMAX': [-1, 2]}), ({'CONV': [256, 5]}, {'CONV': [256, 3]}), ({'CONV': [32, 3]}, {'CONV': [128, 3]}, {'POOLMAX': [-1, 2]}), ({'CONV': [256, 5]}, {'CONV': [256, 3]}), ({'CONV': [256, 3]}, {'CONV': [256, 5]}, {'POOLMAX': [-1, 2]}), {'GLOBAL_AVG': None}, {'LAST_DENSE': [100, 'softmax']}]",HHSE,NSGA2,,,,,0.7097705098651894,,,,3053949952,8645540,,,,,,"[37, 22, 61, 60, 62, 42, 62, 55]",0.7237389965686591,-9.320137806101414e-05,0.0,0.0,0.5,0.0,0.11,0,0,0,100,0,0.0,BEST,False,False,109,True,True,GREEDY,,,GREEDY_HV
BXDRZZ[M][M][M][M],1,2,60,11,0.6,True,True,"[42, 44, 54, 60, 62, 4, 62, 55]",[],"[42.84520146505509, 44.66695828036749, 54.85270345599525, 60.79064809733488, 62.871230691426284, 4.314137903797288, 62.98517371418188, 55.73224723307421]","[{'INP': 32}, {'CONV': [64, 3]}, ({'CONV': [128, 5]}, {'CONV': [64, 3]}), ({'CONV': [128, 5]}, {'CONV': [128, 3]}, {'POOLMAX': [-1, 2]}), ({'CONV': [256, 3]}, {'CONV': [256, 3]}), ({'CONV': [256, 5]}, {'CONV': [128, 3]}, {'POOLMAX': [-1, 2]}), ({'CONV': [256, 5]}, {'CONV': [256, 3]}), ({'CONV': [32, 3]}, {'CONV': [128, 3]}, {'POOLMAX': [-1, 2]}), ({'CONV': [256, 5]}, {'CONV': [256, 3]}), ({'CONV': [256, 3]}, {'CONV': [256, 5]}, {'POOLMAX': [-1, 2]}), {'GLOBAL_AVG': None}, {'LAST_DENSE': [100, 'softmax']}]",HHSE,NSGA2,,,,,0.7097705098651894,,,,3053949952,8645540,,,,,,"[37, 22, 61, 60, 62, 42, 62, 55]",0.7239884984202298,-5.160303625184604e-05,0.0,0.0,0.5,0.0,0.11,0,0,0,100,0,0.0,BEST,False,False,109,True,True,GREEDY,,,GREEDY_HV
BXDRZZ[M][M][M][M],1,2,61,11,0.61,True,True,"[42, 44, 54, 60, 62, 4, 62, 55]",[],"[42.84520146505509, 44.66695828036749, 54.85270345599525, 60.79064809733488, 62.871230691426284, 4.314137903797288, 62.98517371418188, 55.73224723307421]","[{'INP': 32}, {'CONV': [64, 3]}, ({'CONV': [128, 5]}, {'CONV': [64, 3]}), ({'CONV': [128, 5]}, {'CONV': [128, 3]}, {'POOLMAX': [-1, 2]}), ({'CONV': [256, 3]}, {'CONV': [256, 3]}), ({'CONV': [256, 5]}, {'CONV': [128, 3]}, {'POOLMAX': [-1, 2]}), ({'CONV': [256, 5]}, {'CONV': [256, 3]}), ({'CONV': [32, 3]}, {'CONV': [128, 3]}, {'POOLMAX': [-1, 2]}), ({'CONV': [256, 5]}, {'CONV': [256, 3]}), ({'CONV': [256, 3]}, {'CONV': [256, 5]}, {'POOLMAX': [-1, 2]}), {'GLOBAL_AVG': None}, {'LAST_DENSE': [100, 'softmax']}]",HHSE,NSGA2,,,,,0.7097705098651894,,,,3053949952,8645540,,,,,,"[37, 22, 61, 60, 62, 42, 62, 55]",0.7237702174725057,-0.0001454865235309,0.0,0.0,0.5,0.0,0.11,0,0,0,100,0,0.0,BEST,False,False,109,True,True,GREEDY,,,GREEDY_HV
BXDRZZ[M][M][M][M],1,2,62,11,0.62,True,True,"[42, 44, 54, 60, 62, 4, 62, 55]",[],"[42.84520146505509, 44.66695828036749, 54.85270345599525, 60.79064809733488, 62.871230691426284, 4.314137903797288, 62.98517371418188, 55.73224723307421]","[{'INP': 32}, {'CONV': [64, 3]}, ({'CONV': [128, 5]}, {'CONV': [64, 3]}), ({'CONV': [128, 5]}, {'CONV': [128, 3]}, {'POOLMAX': [-1, 2]}), ({'CONV': [256, 3]}, {'CONV': [256, 3]}), ({'CONV': [256, 5]}, {'CONV': [128, 3]}, {'POOLMAX': [-1, 2]}), ({'CONV': [256, 5]}, {'CONV': [256, 3]}), ({'CONV': [32, 3]}, {'CONV': [128, 3]}, {'POOLMAX': [-1, 2]}), ({'CONV': [256, 5]}, {'CONV': [256, 3]}), ({'CONV': [256, 3]}, {'CONV': [256, 5]}, {'POOLMAX': [-1, 2]}), {'GLOBAL_AVG': None}, {'LAST_DENSE': [100, 'softmax']}]",HHSE,NSGA2,,,,,0.7097705098651894,,,,3053949952,8645540,,,,,,"[37, 22, 61, 60, 62, 42, 62, 55]",0.7237806888109213,-0.0001528466355281,0.0,0.0,0.5,0.0,0.11,0,0,0,100,0,0.0,BEST,False,False,109,True,True,GREEDY,,,GREEDY_HV
BXDRZZ[M][M][M][M],1,2,63,11,0.63,True,True,"[42, 44, 54, 60, 62, 4, 62, 55]",[],"[42.84520146505509, 44.66695828036749, 54.85270345599525, 60.79064809733488, 62.871230691426284, 4.314137903797288, 62.98517371418188, 55.73224723307421]","[{'INP': 32}, {'CONV': [64, 3]}, ({'CONV': [128, 5]}, {'CONV': [64, 3]}), ({'CONV': [128, 5]}, {'CONV': [128, 3]}, {'POOLMAX': [-1, 2]}), ({'CONV': [256, 3]}, {'CONV': [256, 3]}), ({'CONV': [256, 5]}, {'CONV': [128, 3]}, {'POOLMAX': [-1, 2]}), ({'CONV': [256, 5]}, {'CONV': [256, 3]}), ({'CONV': [32, 3]}, {'CONV': [128, 3]}, {'POOLMAX': [-1, 2]}), ({'CONV': [256, 5]}, {'CONV': [256, 3]}), ({'CONV': [256, 3]}, {'CONV': [256, 5]}, {'POOLMAX': [-1, 2]}), {'GLOBAL_AVG': None}, {'LAST_DENSE': [100, 'softmax']}]",HHSE,NSGA2,,,,,0.7097705098651894,,,,3053949952,8645540,,,,,,"[37, 22, 61, 60, 62, 42, 62, 55]",0.7238826594847982,-3.126850669343817e-05,0.0,0.0,0.5,0.0,0.11,0,0,0,100,0,0.0,BEST,False,False,109,True,True,GREEDY,,,GREEDY_HV
BXDRZZ[M][M][M][M],1,2,64,11,0.64,True,True,"[42, 44, 54, 60, 62, 4, 62, 55]",[],"[42.84520146505509, 44.66695828036749, 54.85270345599525, 60.79064809733488, 62.871230691426284, 4.314137903797288, 62.98517371418188, 55.73224723307421]","[{'INP': 32}, {'CONV': [64, 3]}, ({'CONV': [128, 5]}, {'CONV': [64, 3]}), ({'CONV': [128, 5]}, {'CONV': [128, 3]}, {'POOLMAX': [-1, 2]}), ({'CONV': [256, 3]}, {'CONV': [256, 3]}), ({'CONV': [256, 5]}, {'CONV': [128, 3]}, {'POOLMAX': [-1, 2]}), ({'CONV': [256, 5]}, {'CONV': [256, 3]}), ({'CONV': [32, 3]}, {'CONV': [128, 3]}, {'POOLMAX': [-1, 2]}), ({'CONV': [256, 5]}, {'CONV': [256, 3]}), ({'CONV': [256, 3]}, {'CONV': [256, 5]}, {'POOLMAX': [-1, 2]}), {'GLOBAL_AVG': None}, {'LAST_DENSE': [100, 'softmax']}]",HHSE,NSGA2,,,,,0.7097705098651894,,,,3053949952,8645540,,,,,,"[37, 22, 61, 60, 62, 42, 62, 55]",0.7243950792862,-9.225219547570608e-05,0.0,0.0,0.5,0.0,0.11,0,0,0,100,0,0.0,BEST,False,False,109,True,True,GREEDY,,,GREEDY_HV
BXDRZZ[M][M][M][M],1,2,65,11,0.65,True,True,"[42, 44, 54, 60, 62, 4, 62, 55]",[],"[42.84520146505509, 44.66695828036749, 54.85270345599525, 60.79064809733488, 62.871230691426284, 4.314137903797288, 62.98517371418188, 55.73224723307421]","[{'INP': 32}, {'CONV': [64, 3]}, ({'CONV': [128, 5]}, {'CONV': [64, 3]}), ({'CONV': [128, 5]}, {'CONV': [128, 3]}, {'POOLMAX': [-1, 2]}), ({'CONV': [256, 3]}, {'CONV': [256, 3]}), ({'CONV': [256, 5]}, {'CONV': [128, 3]}, {'POOLMAX': [-1, 2]}), ({'CONV': [256, 5]}, {'CONV': [256, 3]}), ({'CONV': [32, 3]}, {'CONV': [128, 3]}, {'POOLMAX': [-1, 2]}), ({'CONV': [256, 5]}, {'CONV': [256, 3]}), ({'CONV': [256, 3]}, {'CONV': [256, 5]}, {'POOLMAX': [-1, 2]}), {'GLOBAL_AVG': None}, {'LAST_DENSE': [100, 'softmax']}]",HHSE,NSGA2,,,,,0.7097705098651894,,,,3053949952,8645540,,,,,,"[37, 22, 61, 60, 62, 42, 62, 55]",0.7245489584736347,-0.0007615387031605,0.0,0.0,0.5,0.0,0.11,0,0,0,100,0,0.0,BEST,False,False,109,True,True,GREEDY,,,GREEDY_HV
BXDRZZ[M][M][M][M],1,2,66,11,0.66,True,True,"[42, 44, 54, 60, 62, 4, 62, 55]",[],"[42.84520146505509, 44.66695828036749, 54.85270345599525, 60.79064809733488, 62.871230691426284, 4.314137903797288, 62.98517371418188, 55.73224723307421]","[{'INP': 32}, {'CONV': [64, 3]}, ({'CONV': [128, 5]}, {'CONV': [64, 3]}), ({'CONV': [128, 5]}, {'CONV': [128, 3]}, {'POOLMAX': [-1, 2]}), ({'CONV': [256, 3]}, {'CONV': [256, 3]}), ({'CONV': [256, 5]}, {'CONV': [128, 3]}, {'POOLMAX': [-1, 2]}), ({'CONV': [256, 5]}, {'CONV': [256, 3]}), ({'CONV': [32, 3]}, {'CONV': [128, 3]}, {'POOLMAX': [-1, 2]}), ({'CONV': [256, 5]}, {'CONV': [256, 3]}), ({'CONV': [256, 3]}, {'CONV': [256, 5]}, {'POOLMAX': [-1, 2]}), {'GLOBAL_AVG': None}, {'LAST_DENSE': [100, 'softmax']}]",HHSE,NSGA2,,,,,0.7097705098651894,,,,3053949952,8645540,,,,,,"[37, 22, 61, 60, 62, 42, 62, 55]",0.7245911079495125,-0.0005062100355998,0.0,0.0,0.5,0.0,0.11,0,0,0,100,0,0.0,BEST,False,False,109,True,True,GREEDY,,,GREEDY_HV
BXDRZZ[M][M][M][M],1,2,67,11,0.67,True,True,"[42, 44, 54, 60, 62, 4, 62, 55]",[],"[42.84520146505509, 44.66695828036749, 54.85270345599525, 60.79064809733488, 62.871230691426284, 4.314137903797288, 62.98517371418188, 55.73224723307421]","[{'INP': 32}, {'CONV': [64, 3]}, ({'CONV': [128, 5]}, {'CONV': [64, 3]}), ({'CONV': [128, 5]}, {'CONV': [128, 3]}, {'POOLMAX': [-1, 2]}), ({'CONV': [256, 3]}, {'CONV': [256, 3]}), ({'CONV': [256, 5]}, {'CONV': [128, 3]}, {'POOLMAX': [-1, 2]}), ({'CONV': [256, 5]}, {'CONV': [256, 3]}), ({'CONV': [32, 3]}, {'CONV': [128, 3]}, {'POOLMAX': [-1, 2]}), ({'CONV': [256, 5]}, {'CONV': [256, 3]}), ({'CONV': [256, 3]}, {'CONV': [256, 5]}, {'POOLMAX': [-1, 2]}), {'GLOBAL_AVG': None}, {'LAST_DENSE': [100, 'softmax']}]",HHSE,NSGA2,,,,,0.7097705098651894,,,,3053949952,8645540,,,,,,"[37, 22, 61, 60, 62, 42, 62, 55]",0.7246063688349198,-0.0007118107894386,0.0,0.0,0.5,0.0,0.11,0,0,0,100,0,0.0,BEST,False,False,109,True,True,GREEDY,,,GREEDY_HV
BXDRZZ[M][M][M][M],1,2,68,11,0.68,True,True,"[42, 44, 54, 60, 62, 4, 62, 55]",[],"[42.84520146505509, 44.66695828036749, 54.85270345599525, 60.79064809733488, 62.871230691426284, 4.314137903797288, 62.98517371418188, 55.73224723307421]","[{'INP': 32}, {'CONV': [64, 3]}, ({'CONV': [128, 5]}, {'CONV': [64, 3]}), ({'CONV': [128, 5]}, {'CONV': [128, 3]}, {'POOLMAX': [-1, 2]}), ({'CONV': [256, 3]}, {'CONV': [256, 3]}), ({'CONV': [256, 5]}, {'CONV': [128, 3]}, {'POOLMAX': [-1, 2]}), ({'CONV': [256, 5]}, {'CONV': [256, 3]}), ({'CONV': [32, 3]}, {'CONV': [128, 3]}, {'POOLMAX': [-1, 2]}), ({'CONV': [256, 5]}, {'CONV': [256, 3]}), ({'CONV': [256, 3]}, {'CONV': [256, 5]}, {'POOLMAX': [-1, 2]}), {'GLOBAL_AVG': None}, {'LAST_DENSE': [100, 'softmax']}]",HHSE,NSGA2,,,,,0.7097705098651894,,,,3053949952,8645540,,,,,,"[37, 22, 61, 60, 62, 42, 62, 55]",0.7247344837407508,-0.0002605888979552,0.0,0.0,0.5,0.0,0.11,0,0,0,100,0,0.0,BEST,False,False,109,True,True,GREEDY,,,GREEDY_HV
BXDRZZ[M][M][M][M],1,2,69,11,0.69,True,True,"[42, 44, 54, 60, 62, 4, 62, 55]",[],"[42.84520146505509, 44.66695828036749, 54.85270345599525, 60.79064809733488, 62.871230691426284, 4.314137903797288, 62.98517371418188, 55.73224723307421]","[{'INP': 32}, {'CONV': [64, 3]}, ({'CONV': [128, 5]}, {'CONV': [64, 3]}), ({'CONV': [128, 5]}, {'CONV': [128, 3]}, {'POOLMAX': [-1, 2]}), ({'CONV': [256, 3]}, {'CONV': [256, 3]}), ({'CONV': [256, 5]}, {'CONV': [128, 3]}, {'POOLMAX': [-1, 2]}), ({'CONV': [256, 5]}, {'CONV': [256, 3]}), ({'CONV': [32, 3]}, {'CONV': [128, 3]}, {'POOLMAX': [-1, 2]}), ({'CONV': [256, 5]}, {'CONV': [256, 3]}), ({'CONV': [256, 3]}, {'CONV': [256, 5]}, {'POOLMAX': [-1, 2]}), {'GLOBAL_AVG': None}, {'LAST_DENSE': [100, 'softmax']}]",HHSE,NSGA2,,,,,0.7097705098651894,,,,3053949952,8645540,,,,,,"[37, 22, 61, 60, 62, 42, 62, 55]",0.7247309637453987,-0.0001945557765241,0.0,0.0,0.5,0.0,0.11,0,0,0,100,0,0.0,BEST,False,False,109,True,True,GREEDY,,,GREEDY_HV
BXDRZZ[M][M][M][M],1,2,70,11,0.7,True,True,"[42, 44, 54, 60, 62, 4, 62, 55]",[],"[42.84520146505509, 44.66695828036749, 54.85270345599525, 60.79064809733488, 62.871230691426284, 4.314137903797288, 62.98517371418188, 55.73224723307421]","[{'INP': 32}, {'CONV': [64, 3]}, ({'CONV': [128, 5]}, {'CONV': [64, 3]}), ({'CONV': [128, 5]}, {'CONV': [128, 3]}, {'POOLMAX': [-1, 2]}), ({'CONV': [256, 3]}, {'CONV': [256, 3]}), ({'CONV': [256, 5]}, {'CONV': [128, 3]}, {'POOLMAX': [-1, 2]}), ({'CONV': [256, 5]}, {'CONV': [256, 3]}), ({'CONV': [32, 3]}, {'CONV': [128, 3]}, {'POOLMAX': [-1, 2]}), ({'CONV': [256, 5]}, {'CONV': [256, 3]}), ({'CONV': [256, 3]}, {'CONV': [256, 5]}, {'POOLMAX': [-1, 2]}), {'GLOBAL_AVG': None}, {'LAST_DENSE': [100, 'softmax']}]",HHSE,NSGA2,,,,,0.7097705098651894,,,,3053949952,8645540,,,,,,"[37, 22, 61, 60, 62, 42, 62, 55]",0.7247348170290835,-0.0007206318288548,0.0,0.0,0.5,0.0,0.11,0,0,0,100,0,0.0,BEST,False,False,109,True,True,GREEDY,,,GREEDY_HV
BXDRZZ[M][M][M][M],1,2,71,11,0.71,True,True,"[42, 44, 54, 60, 62, 4, 62, 55]",[],"[42.84520146505509, 44.66695828036749, 54.85270345599525, 60.79064809733488, 62.871230691426284, 4.314137903797288, 62.98517371418188, 55.73224723307421]","[{'INP': 32}, {'CONV': [64, 3]}, ({'CONV': [128, 5]}, {'CONV': [64, 3]}), ({'CONV': [128, 5]}, {'CONV': [128, 3]}, {'POOLMAX': [-1, 2]}), ({'CONV': [256, 3]}, {'CONV': [256, 3]}), ({'CONV': [256, 5]}, {'CONV': [128, 3]}, {'POOLMAX': [-1, 2]}), ({'CONV': [256, 5]}, {'CONV': [256, 3]}), ({'CONV': [32, 3]}, {'CONV': [128, 3]}, {'POOLMAX': [-1, 2]}), ({'CONV': [256, 5]}, {'CONV': [256, 3]}), ({'CONV': [256, 3]}, {'CONV': [256, 5]}, {'POOLMAX': [-1, 2]}), {'GLOBAL_AVG': None}, {'LAST_DENSE': [100, 'softmax']}]",HHSE,NSGA2,,,,,0.7097705098651894,,,,3053949952,8645540,,,,,,"[37, 22, 61, 60, 62, 42, 62, 55]",0.7247441363244764,-0.0002324888439562,0.0,0.0,0.5,0.0,0.11,0,0,0,100,0,0.0,BEST,False,False,109,True,True,GREEDY,,,GREEDY_HV
BXDRZZ[M][M][M][M],1,2,72,11,0.72,True,True,"[42, 44, 54, 60, 62, 4, 62, 55]",[],"[42.84520146505509, 44.66695828036749, 54.85270345599525, 60.79064809733488, 62.871230691426284, 4.314137903797288, 62.98517371418188, 55.73224723307421]","[{'INP': 32}, {'CONV': [64, 3]}, ({'CONV': [128, 5]}, {'CONV': [64, 3]}), ({'CONV': [128, 5]}, {'CONV': [128, 3]}, {'POOLMAX': [-1, 2]}), ({'CONV': [256, 3]}, {'CONV': [256, 3]}), ({'CONV': [256, 5]}, {'CONV': [128, 3]}, {'POOLMAX': [-1, 2]}), ({'CONV': [256, 5]}, {'CONV': [256, 3]}), ({'CONV': [32, 3]}, {'CONV': [128, 3]}, {'POOLMAX': [-1, 2]}), ({'CONV': [256, 5]}, {'CONV': [256, 3]}), ({'CONV': [256, 3]}, {'CONV': [256, 5]}, {'POOLMAX': [-1, 2]}), {'GLOBAL_AVG': None}, {'LAST_DENSE': [100, 'softmax']}]",HHSE,NSGA2,,,,,0.7097705098651894,,,,3053949952,8645540,,,,,,"[37, 22, 61, 60, 62, 42, 62, 55]",0.725008267699498,-0.0008561180523755,0.0,0.0,0.5,0.0,0.11,0,0,0,100,0,0.0,BEST,False,False,109,True,True,GREEDY,,,GREEDY_HV
BXDRZZ[M][M][M][M],1,2,73,11,0.73,True,True,"[42, 44, 54, 60, 62, 4, 62, 55]",[],"[42.84520146505509, 44.66695828036749, 54.85270345599525, 60.79064809733488, 62.871230691426284, 4.314137903797288, 62.98517371418188, 55.73224723307421]","[{'INP': 32}, {'CONV': [64, 3]}, ({'CONV': [128, 5]}, {'CONV': [64, 3]}), ({'CONV': [128, 5]}, {'CONV': [128, 3]}, {'POOLMAX': [-1, 2]}), ({'CONV': [256, 3]}, {'CONV': [256, 3]}), ({'CONV': [256, 5]}, {'CONV': [128, 3]}, {'POOLMAX': [-1, 2]}), ({'CONV': [256, 5]}, {'CONV': [256, 3]}), ({'CONV': [32, 3]}, {'CONV': [128, 3]}, {'POOLMAX': [-1, 2]}), ({'CONV': [256, 5]}, {'CONV': [256, 3]}), ({'CONV': [256, 3]}, {'CONV': [256, 5]}, {'POOLMAX': [-1, 2]}), {'GLOBAL_AVG': None}, {'LAST_DENSE': [100, 'softmax']}]",HHSE,NSGA2,,,,,0.7097705098651894,,,,3053949952,8645540,,,,,,"[37, 22, 61, 60, 62, 42, 62, 55]",0.7248780683980252,-0.0009970683690788,0.0,0.0,0.5,0.0,0.11,0,1,0,100,0,0.01,BEST,False,False,109,True,True,GREEDY,,,GREEDY_HV
BXDRZZ[M][M][M][M],1,2,74,11,0.74,True,True,"[42, 44, 54, 60, 62, 4, 62, 55]",[],"[42.84520146505509, 44.66695828036749, 54.85270345599525, 60.79064809733488, 62.871230691426284, 4.314137903797288, 62.98517371418188, 55.73224723307421]","[{'INP': 32}, {'CONV': [64, 3]}, ({'CONV': [128, 5]}, {'CONV': [64, 3]}), ({'CONV': [128, 5]}, {'CONV': [128, 3]}, {'POOLMAX': [-1, 2]}), ({'CONV': [256, 3]}, {'CONV': [256, 3]}), ({'CONV': [256, 5]}, {'CONV': [128, 3]}, {'POOLMAX': [-1, 2]}), ({'CONV': [256, 5]}, {'CONV': [256, 3]}), ({'CONV': [32, 3]}, {'CONV': [128, 3]}, {'POOLMAX': [-1, 2]}), ({'CONV': [256, 5]}, {'CONV': [256, 3]}), ({'CONV': [256, 3]}, {'CONV': [256, 5]}, {'POOLMAX': [-1, 2]}), {'GLOBAL_AVG': None}, {'LAST_DENSE': [100, 'softmax']}]",HHSE,NSGA2,,,,,0.7097705098651894,,,,3053949952,8645540,,,,,,"[37, 22, 61, 60, 62, 42, 62, 55]",0.7255159681542127,-0.0015964770152762,0.0,0.0,0.5,0.0,0.11,0,0,0,100,0,0.0,BEST,False,False,109,True,True,GREEDY,,,GREEDY_HV
BXDRZZ[M][M][M][M],1,2,75,11,0.75,True,True,"[42, 44, 54, 60, 62, 4, 62, 55]",[],"[42.84520146505509, 44.66695828036749, 54.85270345599525, 60.79064809733488, 62.871230691426284, 4.314137903797288, 62.98517371418188, 55.73224723307421]","[{'INP': 32}, {'CONV': [64, 3]}, ({'CONV': [128, 5]}, {'CONV': [64, 3]}), ({'CONV': [128, 5]}, {'CONV': [128, 3]}, {'POOLMAX': [-1, 2]}), ({'CONV': [256, 3]}, {'CONV': [256, 3]}), ({'CONV': [256, 5]}, {'CONV': [128, 3]}, {'POOLMAX': [-1, 2]}), ({'CONV': [256, 5]}, {'CONV': [256, 3]}), ({'CONV': [32, 3]}, {'CONV': [128, 3]}, {'POOLMAX': [-1, 2]}), ({'CONV': [256, 5]}, {'CONV': [256, 3]}), ({'CONV': [256, 3]}, {'CONV': [256, 5]}, {'POOLMAX': [-1, 2]}), {'GLOBAL_AVG': None}, {'LAST_DENSE': [100, 'softmax']}]",HHSE,NSGA2,,,,,0.7097705098651894,,,,3053949952,8645540,,,,,,"[37, 22, 61, 60, 62, 42, 62, 55]",0.7256069320208292,-0.0001297604032679,0.0,0.0,0.5,0.0,0.11,0,1,0,100,0,0.01,BEST,False,False,109,True,True,GREEDY,,,GREEDY_HV
BXDRZZ[M][M][M][M],1,2,76,11,0.76,True,True,"[42, 44, 54, 60, 62, 4, 62, 55]",[],"[42.84520146505509, 44.66695828036749, 54.85270345599525, 60.79064809733488, 62.871230691426284, 4.314137903797288, 62.98517371418188, 55.73224723307421]","[{'INP': 32}, {'CONV': [64, 3]}, ({'CONV': [128, 5]}, {'CONV': [64, 3]}), ({'CONV': [128, 5]}, {'CONV': [128, 3]}, {'POOLMAX': [-1, 2]}), ({'CONV': [256, 3]}, {'CONV': [256, 3]}), ({'CONV': [256, 5]}, {'CONV': [128, 3]}, {'POOLMAX': [-1, 2]}), ({'CONV': [256, 5]}, {'CONV': [256, 3]}), ({'CONV': [32, 3]}, {'CONV': [128, 3]}, {'POOLMAX': [-1, 2]}), ({'CONV': [256, 5]}, {'CONV': [256, 3]}), ({'CONV': [256, 3]}, {'CONV': [256, 5]}, {'POOLMAX': [-1, 2]}), {'GLOBAL_AVG': None}, {'LAST_DENSE': [100, 'softmax']}]",HHSE,NSGA2,,,,,0.7097705098651894,,,,3053949952,8645540,,,,,,"[37, 22, 61, 60, 62, 42, 62, 55]",0.7268925492358347,0.0009904126292759,0.0,0.0,0.5,0.0,0.11,0,0,0,100,0,0.0,BEST,False,False,109,True,True,GREEDY,,,GREEDY_HV
BXDRZZ[M][M][M][M],1,2,77,11,0.77,True,True,"[42, 44, 54, 60, 62, 4, 62, 55]",[],"[42.84520146505509, 44.66695828036749, 54.85270345599525, 60.79064809733488, 62.871230691426284, 4.314137903797288, 62.98517371418188, 55.73224723307421]","[{'INP': 32}, {'CONV': [64, 3]}, ({'CONV': [128, 5]}, {'CONV': [64, 3]}), ({'CONV': [128, 5]}, {'CONV': [128, 3]}, {'POOLMAX': [-1, 2]}), ({'CONV': [256, 3]}, {'CONV': [256, 3]}), ({'CONV': [256, 5]}, {'CONV': [128, 3]}, {'POOLMAX': [-1, 2]}), ({'CONV': [256, 5]}, {'CONV': [256, 3]}), ({'CONV': [32, 3]}, {'CONV': [128, 3]}, {'POOLMAX': [-1, 2]}), ({'CONV': [256, 5]}, {'CONV': [256, 3]}), ({'CONV': [256, 3]}, {'CONV': [256, 5]}, {'POOLMAX': [-1, 2]}), {'GLOBAL_AVG': None}, {'LAST_DENSE': [100, 'softmax']}]",HHSE,NSGA2,,,,,0.7097705098651894,,,,3053949952,8645540,,,,,,"[37, 22, 61, 60, 62, 42, 62, 55]",0.7258096981249349,-0.0001067715281574,0.0,0.0,0.5,0.0,0.11,0,0,0,100,0,0.0,BEST,False,False,109,True,True,GREEDY,,,GREEDY_HV
BXDRZZ[M][M][M][M],1,2,78,11,0.78,True,True,"[42, 44, 54, 60, 62, 4, 62, 55]",[],"[42.84520146505509, 44.66695828036749, 54.85270345599525, 60.79064809733488, 62.871230691426284, 4.314137903797288, 62.98517371418188, 55.73224723307421]","[{'INP': 32}, {'CONV': [64, 3]}, ({'CONV': [128, 5]}, {'CONV': [64, 3]}), ({'CONV': [128, 5]}, {'CONV': [128, 3]}, {'POOLMAX': [-1, 2]}), ({'CONV': [256, 3]}, {'CONV': [256, 3]}), ({'CONV': [256, 5]}, {'CONV': [128, 3]}, {'POOLMAX': [-1, 2]}), ({'CONV': [256, 5]}, {'CONV': [256, 3]}), ({'CONV': [32, 3]}, {'CONV': [128, 3]}, {'POOLMAX': [-1, 2]}), ({'CONV': [256, 5]}, {'CONV': [256, 3]}), ({'CONV': [256, 3]}, {'CONV': [256, 5]}, {'POOLMAX': [-1, 2]}), {'GLOBAL_AVG': None}, {'LAST_DENSE': [100, 'softmax']}]",HHSE,NSGA2,,,,,0.7097705098651894,,,,3053949952,8645540,,,,,,"[37, 22, 61, 60, 62, 42, 62, 55]",0.7258857775896183,-0.0004355915301329,0.0,0.0,0.5,0.0,0.11,0,0,0,100,0,0.0,BEST,False,False,109,True,True,GREEDY,,,GREEDY_HV
BXDRZZ[M][M][M][M],1,2,79,11,0.79,True,True,"[42, 44, 54, 60, 62, 4, 62, 55]",[],"[42.84520146505509, 44.66695828036749, 54.85270345599525, 60.79064809733488, 62.871230691426284, 4.314137903797288, 62.98517371418188, 55.73224723307421]","[{'INP': 32}, {'CONV': [64, 3]}, ({'CONV': [128, 5]}, {'CONV': [64, 3]}), ({'CONV': [128, 5]}, {'CONV': [128, 3]}, {'POOLMAX': [-1, 2]}), ({'CONV': [256, 3]}, {'CONV': [256, 3]}), ({'CONV': [256, 5]}, {'CONV': [128, 3]}, {'POOLMAX': [-1, 2]}), ({'CONV': [256, 5]}, {'CONV': [256, 3]}), ({'CONV': [32, 3]}, {'CONV': [128, 3]}, {'POOLMAX': [-1, 2]}), ({'CONV': [256, 5]}, {'CONV': [256, 3]}), ({'CONV': [256, 3]}, {'CONV': [256, 5]}, {'POOLMAX': [-1, 2]}), {'GLOBAL_AVG': None}, {'LAST_DENSE': [100, 'softmax']}]",HHSE,NSGA2,,,,,0.7097705098651894,,,,3053949952,8645540,,,,,,"[37, 22, 61, 60, 62, 42, 62, 55]",0.7264953724140726,0.0002831556543634,0.0,0.0,0.5,0.0,0.11,0,1,0,100,0,0.01,BEST,False,False,109,True,True,GREEDY,,,GREEDY_HV
BXDRZZ[M][M][M][M],1,2,80,11,0.8,True,True,"[42, 44, 54, 60, 62, 4, 62, 55]",[],"[42.84520146505509, 44.66695828036749, 54.85270345599525, 60.79064809733488, 62.871230691426284, 4.314137903797288, 62.98517371418188, 55.73224723307421]","[{'INP': 32}, {'CONV': [64, 3]}, ({'CONV': [128, 5]}, {'CONV': [64, 3]}), ({'CONV': [128, 5]}, {'CONV': [128, 3]}, {'POOLMAX': [-1, 2]}), ({'CONV': [256, 3]}, {'CONV': [256, 3]}), ({'CONV': [256, 5]}, {'CONV': [128, 3]}, {'POOLMAX': [-1, 2]}), ({'CONV': [256, 5]}, {'CONV': [256, 3]}), ({'CONV': [32, 3]}, {'CONV': [128, 3]}, {'POOLMAX': [-1, 2]}), ({'CONV': [256, 5]}, {'CONV': [256, 3]}), ({'CONV': [256, 3]}, {'CONV': [256, 5]}, {'POOLMAX': [-1, 2]}), {'GLOBAL_AVG': None}, {'LAST_DENSE': [100, 'softmax']}]",HHSE,NSGA2,,,,,0.7097705098651894,,,,3053949952,8645540,,,,,,"[37, 22, 61, 60, 62, 42, 62, 55]",0.7259720821139951,-0.0003586660541633,0.0,0.0,0.5,0.0,0.11,0,1,0,100,0,0.01,BEST,False,False,109,True,True,GREEDY,,,GREEDY_HV
BXDRZZ[M][M][M][M],1,2,81,11,0.81,True,True,"[42, 44, 54, 60, 62, 4, 62, 55]",[],"[42.84520146505509, 44.66695828036749, 54.85270345599525, 60.79064809733488, 62.871230691426284, 4.314137903797288, 62.98517371418188, 55.73224723307421]","[{'INP': 32}, {'CONV': [64, 3]}, ({'CONV': [128, 5]}, {'CONV': [64, 3]}), ({'CONV': [128, 5]}, {'CONV': [128, 3]}, {'POOLMAX': [-1, 2]}), ({'CONV': [256, 3]}, {'CONV': [256, 3]}), ({'CONV': [256, 5]}, {'CONV': [128, 3]}, {'POOLMAX': [-1, 2]}), ({'CONV': [256, 5]}, {'CONV': [256, 3]}), ({'CONV': [32, 3]}, {'CONV': [128, 3]}, {'POOLMAX': [-1, 2]}), ({'CONV': [256, 5]}, {'CONV': [256, 3]}), ({'CONV': [256, 3]}, {'CONV': [256, 5]}, {'POOLMAX': [-1, 2]}), {'GLOBAL_AVG': None}, {'LAST_DENSE': [100, 'softmax']}]",HHSE,NSGA2,,,,,0.7097705098651894,,,,3053949952,8645540,,,,,,"[37, 22, 61, 60, 62, 42, 62, 55]",0.7260747989946739,-3.902649928300139e-05,0.0,0.0,0.5,0.0,0.11,0,1,0,100,0,0.01,BEST,False,False,109,True,True,GREEDY,,,GREEDY_HV
BXDRZZ[M][M][M][M],1,2,82,11,0.82,True,True,"[42, 44, 54, 60, 62, 4, 62, 55]",[],"[42.84520146505509, 44.66695828036749, 54.85270345599525, 60.79064809733488, 62.871230691426284, 4.314137903797288, 62.98517371418188, 55.73224723307421]","[{'INP': 32}, {'CONV': [64, 3]}, ({'CONV': [128, 5]}, {'CONV': [64, 3]}), ({'CONV': [128, 5]}, {'CONV': [128, 3]}, {'POOLMAX': [-1, 2]}), ({'CONV': [256, 3]}, {'CONV': [256, 3]}), ({'CONV': [256, 5]}, {'CONV': [128, 3]}, {'POOLMAX': [-1, 2]}), ({'CONV': [256, 5]}, {'CONV': [256, 3]}), ({'CONV': [32, 3]}, {'CONV': [128, 3]}, {'POOLMAX': [-1, 2]}), ({'CONV': [256, 5]}, {'CONV': [256, 3]}), ({'CONV': [256, 3]}, {'CONV': [256, 5]}, {'POOLMAX': [-1, 2]}), {'GLOBAL_AVG': None}, {'LAST_DENSE': [100, 'softmax']}]",HHSE,NSGA2,,,,,0.7097705098651894,,,,3053949952,8645540,,,,,,"[37, 22, 61, 60, 62, 42, 62, 55]",0.7261848495968188,-5.114952597706779e-05,0.0,0.0,0.5,0.0,0.11,0,1,0,100,0,0.01,BEST,False,False,109,True,True,GREEDY,,,GREEDY_HV
BXDRZZ[M][M][M][M],1,2,83,11,0.83,True,True,"[42, 44, 54, 60, 62, 4, 62, 55]",[],"[42.84520146505509, 44.66695828036749, 54.85270345599525, 60.79064809733488, 62.871230691426284, 4.314137903797288, 62.98517371418188, 55.73224723307421]","[{'INP': 32}, {'CONV': [64, 3]}, ({'CONV': [128, 5]}, {'CONV': [64, 3]}), ({'CONV': [128, 5]}, {'CONV': [128, 3]}, {'POOLMAX': [-1, 2]}), ({'CONV': [256, 3]}, {'CONV': [256, 3]}), ({'CONV': [256, 5]}, {'CONV': [128, 3]}, {'POOLMAX': [-1, 2]}), ({'CONV': [256, 5]}, {'CONV': [256, 3]}), ({'CONV': [32, 3]}, {'CONV': [128, 3]}, {'POOLMAX': [-1, 2]}), ({'CONV': [256, 5]}, {'CONV': [256, 3]}), ({'CONV': [256, 3]}, {'CONV': [256, 5]}, {'POOLMAX': [-1, 2]}), {'GLOBAL_AVG': None}, {'LAST_DENSE': [100, 'softmax']}]",HHSE,NSGA2,,,,,0.7097705098651894,,,,3053949952,8645540,,,,,,"[37, 22, 61, 60, 62, 42, 62, 55]",0.7262043371827491,-0.0007559278265054,0.0,0.0,0.5,0.0,0.11,0,1,0,100,0,0.01,BEST,False,False,109,True,True,GREEDY,,,GREEDY_HV
BXDRZZ[M][M][M][M],1,2,84,11,0.84,True,True,"[42, 44, 54, 60, 62, 4, 62, 55]",[],"[42.84520146505509, 44.66695828036749, 54.85270345599525, 60.79064809733488, 62.871230691426284, 4.314137903797288, 62.98517371418188, 55.73224723307421]","[{'INP': 32}, {'CONV': [64, 3]}, ({'CONV': [128, 5]}, {'CONV': [64, 3]}), ({'CONV': [128, 5]}, {'CONV': [128, 3]}, {'POOLMAX': [-1, 2]}), ({'CONV': [256, 3]}, {'CONV': [256, 3]}), ({'CONV': [256, 5]}, {'CONV': [128, 3]}, {'POOLMAX': [-1, 2]}), ({'CONV': [256, 5]}, {'CONV': [256, 3]}), ({'CONV': [32, 3]}, {'CONV': [128, 3]}, {'POOLMAX': [-1, 2]}), ({'CONV': [256, 5]}, {'CONV': [256, 3]}), ({'CONV': [256, 3]}, {'CONV': [256, 5]}, {'POOLMAX': [-1, 2]}), {'GLOBAL_AVG': None}, {'LAST_DENSE': [100, 'softmax']}]",HHSE,NSGA2,,,,,0.7097705098651894,,,,3053949952,8645540,,,,,,"[37, 22, 61, 60, 62, 42, 62, 55]",0.7266114658245362,-0.0001008902976051,0.0,0.0,0.5,0.0,0.11,0,0,0,100,0,0.0,BEST,False,False,109,True,True,GREEDY,,,GREEDY_HV
BGHAIK[M],1,2,85,85,0.85,True,True,"[14, 12, 49, 60, 28, 7, 14, 55]",[],"[14.637442636295452, 12.038367241796678, 49.46944195443312, 60.63473489496043, 28.47631940263155, 7.197270439360468, 14.509627191638117, 55.2804490221375]","[{'INP': 32}, {'CONV': [64, 3]}, ({'CONV': [32, 5]}, {'CONV': [256, 3]}), ({'CONV': [32, 5]}, {'CONV': [128, 3]}, {'POOLMAX': [-1, 2]}), ({'CONV': [256, 3]}, {'CONV': [32, 5]}), ({'CONV': [256, 5]}, {'CONV': [128, 3]}, {'POOLMAX': [-1, 2]}), ({'CONV': [64, 5]}, {'CONV': [128, 3]}), ({'CONV': [32, 3]}, {'CONV': [256, 5]}, {'POOLMAX': [-1, 2]}), ({'CONV': [32, 5]}, {'CONV': [256, 3]}), ({'CONV': [256, 3]}, {'CONV': [256, 5]}, {'POOLMAX': [-1, 2]}), {'GLOBAL_AVG': None}, {'LAST_DENSE': [100, 'softmax']}]",HHSE,NSGA2,,,,,0.7100351236605712,,,,1417313792,4430244,,,,,,"[14, 13, 49, 60, 26, 6, 13, 55]",0.726747651373163,-0.0001541992998685,0.375,0.5,0.5,0.75,0.85,0,1,0,100,0,0.01,BEST,False,False,106,True,True,GREEDY,,,GREEDY_HV
BXDRZZ[M][M][M][M][M],1,2,86,86,0.86,True,True,"[42, 44, 53, 60, 62, 4, 62, 55]",[],"[42.96682786647571, 44.23012857699398, 53.55204141378662, 60.644640303507785, 62.872280491091956, 4.161576405256407, 62.98522464132973, 55.50782028511127]","[{'INP': 32}, {'CONV': [64, 3]}, ({'CONV': [128, 5]}, {'CONV': [64, 3]}), ({'CONV': [128, 5]}, {'CONV': [128, 3]}, {'POOLMAX': [-1, 2]}), ({'CONV': [256, 3]}, {'CONV': [128, 5]}), ({'CONV': [256, 5]}, {'CONV': [128, 3]}, {'POOLMAX': [-1, 2]}), ({'CONV': [256, 5]}, {'CONV': [256, 3]}), ({'CONV': [32, 3]}, {'CONV': [128, 3]}, {'POOLMAX': [-1, 2]}), ({'CONV': [256, 5]}, {'CONV': [256, 3]}), ({'CONV': [256, 3]}, {'CONV': [256, 5]}, {'POOLMAX': [-1, 2]}), {'GLOBAL_AVG': None}, {'LAST_DENSE': [100, 'softmax']}]",HHSE,NSGA2,,,,,0.710265645877727,,,,2751796224,8055204,,,,,,"[42, 44, 54, 60, 62, 4, 62, 55]",0.7276536946484877,-0.000976614359811,0.0,0.0,0.125,0.75,0.86,0,0,0,100,0,0.0,BEST,False,False,103,True,True,GREEDY,,,GREEDY_HV
BXDRZZ[M][M][M][M][M],1,2,87,86,0.87,True,True,"[42, 44, 53, 60, 62, 4, 62, 55]",[],"[42.96682786647571, 44.23012857699398, 53.55204141378662, 60.644640303507785, 62.872280491091956, 4.161576405256407, 62.98522464132973, 55.50782028511127]","[{'INP': 32}, {'CONV': [64, 3]}, ({'CONV': [128, 5]}, {'CONV': [64, 3]}), ({'CONV': [128, 5]}, {'CONV': [128, 3]}, {'POOLMAX': [-1, 2]}), ({'CONV': [256, 3]}, {'CONV': [128, 5]}), ({'CONV': [256, 5]}, {'CONV': [128, 3]}, {'POOLMAX': [-1, 2]}), ({'CONV': [256, 5]}, {'CONV': [256, 3]}), ({'CONV': [32, 3]}, {'CONV': [128, 3]}, {'POOLMAX': [-1, 2]}), ({'CONV': [256, 5]}, {'CONV': [256, 3]}), ({'CONV': [256, 3]}, {'CONV': [256, 5]}, {'POOLMAX': [-1, 2]}), {'GLOBAL_AVG': None}, {'LAST_DENSE': [100, 'softmax']}]",HHSE,NSGA2,,,,,0.710265645877727,,,,2751796224,8055204,,,,,,"[42, 44, 54, 60, 62, 4, 62, 55]",0.7292710810659646,-2.6496944785181498e-05,0.0,0.0,0.125,0.0,0.86,0,3,0,100,0,0.03,BEST,False,False,103,True,True,GREEDY,,,GREEDY_HV
BXDRZZ[M][M][M][M][M][M],1,2,88,88,0.88,True,True,"[42, 44, 55, 60, 62, 4, 62, 55]",[],"[42.58142429705359, 44.838409679331825, 55.00656306740999, 60.14288901062788, 62.61320778734142, 4.266291527563407, 62.940547405892154, 55.05507005438674]","[{'INP': 32}, {'CONV': [64, 3]}, ({'CONV': [128, 5]}, {'CONV': [64, 3]}), ({'CONV': [128, 5]}, {'CONV': [128, 3]}, {'POOLMAX': [-1, 2]}), ({'CONV': [256, 3]}, {'CONV': [256, 5]}), ({'CONV': [256, 5]}, {'CONV': [128, 3]}, {'POOLMAX': [-1, 2]}), ({'CONV': [256, 5]}, {'CONV': [256, 3]}), ({'CONV': [32, 3]}, {'CONV': [128, 3]}, {'POOLMAX': [-1, 2]}), ({'CONV': [256, 5]}, {'CONV': [256, 3]}), ({'CONV': [256, 3]}, {'CONV': [256, 5]}, {'POOLMAX': [-1, 2]}), {'GLOBAL_AVG': None}, {'LAST_DENSE': [100, 'softmax']}]",HHSE,NSGA2,,,,,0.7110924269395859,,,,3590820864,9694116,,,,,,"[42, 44, 54, 60, 62, 4, 62, 55]",0.730615636512105,0.0011612346339047,0.0,0.0,0.125,0.125,0.88,0,1,0,100,0,0.01,BEST,False,False,87,True,True,GREEDY,,,GREEDY_HV
BXDRZZ[M][M][M][M][M][M],1,2,89,88,0.89,True,True,"[42, 44, 55, 60, 62, 4, 62, 55]",[],"[42.58142429705359, 44.838409679331825, 55.00656306740999, 60.14288901062788, 62.61320778734142, 4.266291527563407, 62.940547405892154, 55.05507005438674]","[{'INP': 32}, {'CONV': [64, 3]}, ({'CONV': [128, 5]}, {'CONV': [64, 3]}), ({'CONV': [128, 5]}, {'CONV': [128, 3]}, {'POOLMAX': [-1, 2]}), ({'CONV': [256, 3]}, {'CONV': [256, 5]}), ({'CONV': [256, 5]}, {'CONV': [128, 3]}, {'POOLMAX': [-1, 2]}), ({'CONV': [256, 5]}, {'CONV': [256, 3]}), ({'CONV': [32, 3]}, {'CONV': [128, 3]}, {'POOLMAX': [-1, 2]}), ({'CONV': [256, 5]}, {'CONV': [256, 3]}), ({'CONV': [256, 3]}, {'CONV': [256, 5]}, {'POOLMAX': [-1, 2]}), {'GLOBAL_AVG': None}, {'LAST_DENSE': [100, 'softmax']}]",HHSE,NSGA2,,,,,0.7110924269395859,,,,3590820864,9694116,,,,,,"[42, 44, 54, 60, 62, 4, 62, 55]",0.730062758200987,1.7132191790780738e-06,0.0,0.0,0.125,0.0,0.88,0,1,0,100,0,0.01,BEST,False,False,87,True,True,GREEDY,,,GREEDY_HV
BXDRZZ[M][M][M][M][M][M][M][M],1,2,90,90,0.9,True,True,"[43, 44, 53, 60, 62, 6, 62, 55]",[],"[43.55794875153614, 44.90145187208452, 53.3737560027167, 60.69701622016506, 62.87510792117179, 6.655357640626146, 62.23201052289194, 55.773023621991875]","[{'INP': 32}, {'CONV': [64, 3]}, ({'CONV': [128, 5]}, {'CONV': [64, 5]}), ({'CONV': [128, 5]}, {'CONV': [128, 3]}, {'POOLMAX': [-1, 2]}), ({'CONV': [256, 3]}, {'CONV': [128, 5]}), ({'CONV': [256, 5]}, {'CONV': [128, 3]}, {'POOLMAX': [-1, 2]}), ({'CONV': [256, 5]}, {'CONV': [256, 3]}), ({'CONV': [32, 3]}, {'CONV': [256, 3]}, {'POOLMAX': [-1, 2]}), ({'CONV': [256, 5]}, {'CONV': [256, 3]}), ({'CONV': [256, 3]}, {'CONV': [256, 5]}, {'POOLMAX': [-1, 2]}), {'GLOBAL_AVG': None}, {'LAST_DENSE': [100, 'softmax']}]",HHSE,NSGA2,,,,,0.7119427210753696,,,,3051238400,9042852,,,,,,"[43, 44, 53, 60, 62, 4, 62, 55]",0.7301584620327419,-0.0003740685314436,0.0,0.0,0.125,0.375,0.9,0,1,0,100,0,0.01,BEST,False,False,74,True,True,GREEDY,,,GREEDY_HV
BXDRZZ[M][M][M][M][M][M],1,2,91,91,0.91,True,True,"[42, 44, 52, 60, 62, 4, 62, 55]",[],"[42.80391855839712, 44.3613584529008, 52.797143318573674, 60.64525034307879, 62.875252219787846, 4.516439519785827, 62.9852257973117, 55.570032736190115]","[{'INP': 32}, {'CONV': [64, 3]}, ({'CONV': [128, 5]}, {'CONV': [64, 3]}), ({'CONV': [128, 5]}, {'CONV': [128, 3]}, {'POOLMAX': [-1, 2]}), ({'CONV': [256, 3]}, {'CONV': [128, 3]}), ({'CONV': [256, 5]}, {'CONV': [128, 3]}, {'POOLMAX': [-1, 2]}), ({'CONV': [256, 5]}, {'CONV': [256, 3]}), ({'CONV': [32, 3]}, {'CONV': [128, 3]}, {'POOLMAX': [-1, 2]}), ({'CONV': [256, 5]}, {'CONV': [256, 3]}), ({'CONV': [256, 3]}, {'CONV': [256, 5]}, {'POOLMAX': [-1, 2]}), {'GLOBAL_AVG': None}, {'LAST_DENSE': [100, 'softmax']}]",HHSE,NSGA2,,,,,0.7119610475381296,,,,2483360768,7530916,,,,,,"[42, 44, 53, 60, 62, 4, 62, 55]",0.730790065289294,5.528045584135555e-05,0.0,0.0,0.125,0.375,0.91,0,0,0,100,0,0.0,BEST,False,False,72,True,True,GREEDY,,,GREEDY_HV
BXDRZZ[M][M][M][M][M][M],1,2,92,91,0.92,True,True,"[42, 44, 52, 60, 62, 4, 62, 55]",[],"[42.80391855839712, 44.3613584529008, 52.797143318573674, 60.64525034307879, 62.875252219787846, 4.516439519785827, 62.9852257973117, 55.570032736190115]","[{'INP': 32}, {'CONV': [64, 3]}, ({'CONV': [128, 5]}, {'CONV': [64, 3]}), ({'CONV': [128, 5]}, {'CONV': [128, 3]}, {'POOLMAX': [-1, 2]}), ({'CONV': [256, 3]}, {'CONV': [128, 3]}), ({'CONV': [256, 5]}, {'CONV': [128, 3]}, {'POOLMAX': [-1, 2]}), ({'CONV': [256, 5]}, {'CONV': [256, 3]}), ({'CONV': [32, 3]}, {'CONV': [128, 3]}, {'POOLMAX': [-1, 2]}), ({'CONV': [256, 5]}, {'CONV': [256, 3]}), ({'CONV': [256, 3]}, {'CONV': [256, 5]}, {'POOLMAX': [-1, 2]}), {'GLOBAL_AVG': None}, {'LAST_DENSE': [100, 'softmax']}]",HHSE,NSGA2,,,,,0.7119610475381296,,,,2483360768,7530916,,,,,,"[42, 44, 53, 60, 62, 4, 62, 55]",0.7311011600001804,-6.877849632846988e-05,0.0,0.0,0.125,0.0,0.91,0,0,0,100,0,0.0,BEST,False,False,72,True,True,GREEDY,,,GREEDY_HV
BXDRZZ[M][M][M][M][M][M],1,2,93,91,0.93,True,True,"[42, 44, 52, 60, 62, 4, 62, 55]",[],"[42.80391855839712, 44.3613584529008, 52.797143318573674, 60.64525034307879, 62.875252219787846, 4.516439519785827, 62.9852257973117, 55.570032736190115]","[{'INP': 32}, {'CONV': [64, 3]}, ({'CONV': [128, 5]}, {'CONV': [64, 3]}), ({'CONV': [128, 5]}, {'CONV': [128, 3]}, {'POOLMAX': [-1, 2]}), ({'CONV': [256, 3]}, {'CONV': [128, 3]}), ({'CONV': [256, 5]}, {'CONV': [128, 3]}, {'POOLMAX': [-1, 2]}), ({'CONV': [256, 5]}, {'CONV': [256, 3]}), ({'CONV': [32, 3]}, {'CONV': [128, 3]}, {'POOLMAX': [-1, 2]}), ({'CONV': [256, 5]}, {'CONV': [256, 3]}), ({'CONV': [256, 3]}, {'CONV': [256, 5]}, {'POOLMAX': [-1, 2]}), {'GLOBAL_AVG': None}, {'LAST_DENSE': [100, 'softmax']}]",HHSE,NSGA2,,,,,0.7119610475381296,,,,2483360768,7530916,,,,,,"[42, 44, 53, 60, 62, 4, 62, 55]",0.7311603189322463,-0.0001949194892613,0.0,0.0,0.125,0.0,0.91,0,2,0,100,0,0.02,BEST,False,False,72,True,True,GREEDY,,,GREEDY_HV
BXDRZZ[M][M][M][M][M][M],1,2,94,91,0.94,True,True,"[42, 44, 52, 60, 62, 4, 62, 55]",[],"[42.80391855839712, 44.3613584529008, 52.797143318573674, 60.64525034307879, 62.875252219787846, 4.516439519785827, 62.9852257973117, 55.570032736190115]","[{'INP': 32}, {'CONV': [64, 3]}, ({'CONV': [128, 5]}, {'CONV': [64, 3]}), ({'CONV': [128, 5]}, {'CONV': [128, 3]}, {'POOLMAX': [-1, 2]}), ({'CONV': [256, 3]}, {'CONV': [128, 3]}), ({'CONV': [256, 5]}, {'CONV': [128, 3]}, {'POOLMAX': [-1, 2]}), ({'CONV': [256, 5]}, {'CONV': [256, 3]}), ({'CONV': [32, 3]}, {'CONV': [128, 3]}, {'POOLMAX': [-1, 2]}), ({'CONV': [256, 5]}, {'CONV': [256, 3]}), ({'CONV': [256, 3]}, {'CONV': [256, 5]}, {'POOLMAX': [-1, 2]}), {'GLOBAL_AVG': None}, {'LAST_DENSE': [100, 'softmax']}]",HHSE,NSGA2,,,,,0.7119610475381296,,,,2483360768,7530916,,,,,,"[42, 44, 53, 60, 62, 4, 62, 55]",0.7312658958085627,-3.653988522933638e-05,0.0,0.0,0.125,0.0,0.91,0,0,0,100,0,0.0,BEST,False,False,72,True,True,GREEDY,,,GREEDY_HV
BNLZAF[M],1,2,95,95,0.95,True,True,"[14, 12, 4, 60, 28, 7, 13, 55]",[],"[14.723091251737754, 12.073211024995077, 4.221256340637351, 60.18452264333823, 28.44028761178994, 7.2322949192688855, 13.642543674828644, 55.536115743080536]","[{'INP': 32}, {'CONV': [64, 3]}, ({'CONV': [32, 5]}, {'CONV': [256, 3]}), ({'CONV': [32, 5]}, {'CONV': [128, 3]}, {'POOLMAX': [-1, 2]}), ({'CONV': [32, 3]}, {'CONV': [128, 3]}), ({'CONV': [256, 5]}, {'CONV': [128, 3]}, {'POOLMAX': [-1, 2]}), ({'CONV': [64, 5]}, {'CONV': [128, 3]}), ({'CONV': [32, 3]}, {'CONV': [256, 5]}, {'POOLMAX': [-1, 2]}), ({'CONV': [32, 5]}, {'CONV': [128, 5]}), ({'CONV': [256, 3]}, {'CONV': [256, 5]}, {'POOLMAX': [-1, 2]}), {'GLOBAL_AVG': None}, {'LAST_DENSE': [100, 'softmax']}]",HHSE,NSGA2,,,,,0.7124064677386004,,,,1505089024,4351396,,,,,,"[14, 12, 4, 60, 28, 7, 13, 55]",0.7313650559145767,-0.000540815003029,0.25,0.375,0.0,0.75,0.95,0,0,0,100,0,0.0,BEST,False,False,62,True,True,GREEDY,,,GREEDY_HV
BNLZAF[M],1,2,96,95,0.96,True,True,"[14, 12, 4, 60, 28, 7, 13, 55]",[],"[14.723091251737754, 12.073211024995077, 4.221256340637351, 60.18452264333823, 28.44028761178994, 7.2322949192688855, 13.642543674828644, 55.536115743080536]","[{'INP': 32}, {'CONV': [64, 3]}, ({'CONV': [32, 5]}, {'CONV': [256, 3]}), ({'CONV': [32, 5]}, {'CONV': [128, 3]}, {'POOLMAX': [-1, 2]}), ({'CONV': [32, 3]}, {'CONV': [128, 3]}), ({'CONV': [256, 5]}, {'CONV': [128, 3]}, {'POOLMAX': [-1, 2]}), ({'CONV': [64, 5]}, {'CONV': [128, 3]}), ({'CONV': [32, 3]}, {'CONV': [256, 5]}, {'POOLMAX': [-1, 2]}), ({'CONV': [32, 5]}, {'CONV': [128, 5]}), ({'CONV': [256, 3]}, {'CONV': [256, 5]}, {'POOLMAX': [-1, 2]}), {'GLOBAL_AVG': None}, {'LAST_DENSE': [100, 'softmax']}]",HHSE,NSGA2,,,,,0.7124064677386004,,,,1505089024,4351396,,,,,,"[14, 12, 4, 60, 28, 7, 13, 55]",0.7319458193043696,-2.4867312615306503e-05,0.25,0.375,0.0,0.0,0.95,0,0,0,100,0,0.0,BEST,False,False,62,True,True,GREEDY,,,GREEDY_HV
BNLZAF[M],1,2,97,95,0.97,True,True,"[14, 12, 4, 60, 28, 7, 13, 55]",[],"[14.723091251737754, 12.073211024995077, 4.221256340637351, 60.18452264333823, 28.44028761178994, 7.2322949192688855, 13.642543674828644, 55.536115743080536]","[{'INP': 32}, {'CONV': [64, 3]}, ({'CONV': [32, 5]}, {'CONV': [256, 3]}), ({'CONV': [32, 5]}, {'CONV': [128, 3]}, {'POOLMAX': [-1, 2]}), ({'CONV': [32, 3]}, {'CONV': [128, 3]}), ({'CONV': [256, 5]}, {'CONV': [128, 3]}, {'POOLMAX': [-1, 2]}), ({'CONV': [64, 5]}, {'CONV': [128, 3]}), ({'CONV': [32, 3]}, {'CONV': [256, 5]}, {'POOLMAX': [-1, 2]}), ({'CONV': [32, 5]}, {'CONV': [128, 5]}), ({'CONV': [256, 3]}, {'CONV': [256, 5]}, {'POOLMAX': [-1, 2]}), {'GLOBAL_AVG': None}, {'LAST_DENSE': [100, 'softmax']}]",HHSE,NSGA2,,,,,0.7124064677386004,,,,1505089024,4351396,,,,,,"[14, 12, 4, 60, 28, 7, 13, 55]",0.7321672023697279,3.006826090334869e-07,0.25,0.375,0.0,0.0,0.95,0,0,0,100,0,0.0,BEST,False,False,62,True,True,GREEDY,,,GREEDY_HV
BULKYA[M],1,2,98,98,0.98,True,True,"[14, 12, 20, 60, 28, 7, 13, 55]",[],"[14.66937600924026, 12.939849273623164, 20.466478426989394, 60.63677462373716, 28.353061817237503, 7.094537780932351, 13.098894170218575, 55.550793192471694]","[{'INP': 32}, {'CONV': [64, 3]}, ({'CONV': [32, 5]}, {'CONV': [256, 3]}), ({'CONV': [32, 5]}, {'CONV': [128, 3]}, {'POOLMAX': [-1, 2]}), ({'CONV': [64, 3]}, {'CONV': [128, 3]}), ({'CONV': [256, 5]}, {'CONV': [128, 3]}, {'POOLMAX': [-1, 2]}), ({'CONV': [64, 5]}, {'CONV': [128, 3]}), ({'CONV': [32, 3]}, {'CONV': [256, 5]}, {'POOLMAX': [-1, 2]}), ({'CONV': [32, 5]}, {'CONV': [128, 5]}), ({'CONV': [256, 3]}, {'CONV': [256, 5]}, {'POOLMAX': [-1, 2]}), {'GLOBAL_AVG': None}, {'LAST_DENSE': [100, 'softmax']}]",HHSE,NSGA2,,,,,0.7149026166695258,,,,1542878720,4425252,,,,,,"[14, 12, 20, 60, 28, 7, 13, 55]",0.7322248750440395,-5.03134700995389e-05,0.25,0.25,0.0,0.125,0.98,0,0,0,100,0,0.0,BEST,False,False,28,True,True,GREEDY,,,GREEDY_HV
BULKYA[M],1,2,99,98,0.99,True,True,"[14, 12, 20, 60, 28, 7, 13, 55]",[],"[14.66937600924026, 12.939849273623164, 20.466478426989394, 60.63677462373716, 28.353061817237503, 7.094537780932351, 13.098894170218575, 55.550793192471694]","[{'INP': 32}, {'CONV': [64, 3]}, ({'CONV': [32, 5]}, {'CONV': [256, 3]}), ({'CONV': [32, 5]}, {'CONV': [128, 3]}, {'POOLMAX': [-1, 2]}), ({'CONV': [64, 3]}, {'CONV': [128, 3]}), ({'CONV': [256, 5]}, {'CONV': [128, 3]}, {'POOLMAX': [-1, 2]}), ({'CONV': [64, 5]}, {'CONV': [128, 3]}), ({'CONV': [32, 3]}, {'CONV': [256, 5]}, {'POOLMAX': [-1, 2]}), ({'CONV': [32, 5]}, {'CONV': [128, 5]}), ({'CONV': [256, 3]}, {'CONV': [256, 5]}, {'POOLMAX': [-1, 2]}), {'GLOBAL_AVG': None}, {'LAST_DENSE': [100, 'softmax']}]",HHSE,NSGA2,,,,,0.7149026166695258,,,,1542878720,4425252,,,,,,"[14, 12, 20, 60, 28, 7, 13, 55]",0.7342590135798688,-1.4085869112223648e-05,0.25,0.25,0.0,0.0,0.98,0,0,0,100,0,0.0,BEST,False,False,28,True,True,GREEDY,,,GREEDY_HV
BDVBX[M],1,2,100,100,1.0,True,True,"[14, 12, 20, 60, 46, 7, 13, 55]",[],"[14.369303614995829, 12.31518535160893, 20.58074570057728, 60.58447407899582, 46.47147994684066, 7.800035220289028, 13.95500665551768, 55.2295858168286]","[{'INP': 32}, {'CONV': [64, 3]}, ({'CONV': [32, 5]}, {'CONV': [256, 3]}), ({'CONV': [32, 5]}, {'CONV': [128, 3]}, {'POOLMAX': [-1, 2]}), ({'CONV': [64, 3]}, {'CONV': [128, 3]}), ({'CONV': [256, 5]}, {'CONV': [128, 3]}, {'POOLMAX': [-1, 2]}), ({'CONV': [128, 5]}, {'CONV': [256, 3]}), ({'CONV': [32, 3]}, {'CONV': [256, 5]}, {'POOLMAX': [-1, 2]}), ({'CONV': [32, 5]}, {'CONV': [128, 5]}), ({'CONV': [256, 3]}, {'CONV': [256, 5]}, {'POOLMAX': [-1, 2]}), {'GLOBAL_AVG': None}, {'LAST_DENSE': [100, 'softmax']}]",HHSE,NSGA2,,,,,0.7151364004150186,,,,1602184704,4888868,,,,,,"[14, 12, 20, 60, 46, 7, 13, 55]",0.7344356018189555,-9.81823362777856e-06,0.125,0.5,0.0,0.125,1.0,0,0,0,100,0,0.0,BEST,False,False,25,True,True,GREEDY,,,GREEDY_HV
BPHYVS[M],2,3,1,1,0.01,True,True,"[41, 31, 3, 60, 2, 6, 54, 39]",[],"[41.0553019261414, 31.22655118660306, 3.871464609476053, 60.391667827107, 2.079507585060572, 6.8655488517742995, 54.62160967251825, 39.506883071012226]","[{'INP': 32}, {'CONV': [64, 3]}, ({'CONV': [128, 5]}, {'CONV': [32, 5]}), ({'CONV': [64, 5]}, {'CONV': [256, 5]}, {'POOLMAX': [-1, 2]}), ({'CONV': [32, 3]}, {'CONV': [64, 5]}), ({'CONV': [256, 5]}, {'CONV': [128, 3]}, {'POOLMAX': [-1, 2]}), ({'CONV': [32, 3]}, {'CONV': [64, 3]}), ({'CONV': [32, 3]}, {'CONV': [256, 3]}, {'POOLMAX': [-1, 2]}), ({'CONV': [256, 3]}, {'CONV': [256, 3]}), ({'CONV': [128, 3]}, {'CONV': [256, 5]}, {'POOLMAX': [-1, 2]}), {'GLOBAL_AVG': None}, {'LAST_DENSE': [100, 'softmax']}]",HHSE,NSGA2,,,,,0.6919972812534516,,,,2098258944,4075300,,,,,,"[34, 38, 21, 54, 11, 57, 35, 4]",0.6693455751813643,0.0,0.0,0.0,1.0,0.0,0.01,0,14,0,100,0,0.14,BEST,False,False,313,True,True,GREEDY,,,GREEDY_HV
BPHYVS[M],2,3,2,1,0.02,True,True,"[41, 31, 3, 60, 2, 6, 54, 39]",[],"[41.0553019261414, 31.22655118660306, 3.871464609476053, 60.391667827107, 2.079507585060572, 6.8655488517742995, 54.62160967251825, 39.506883071012226]","[{'INP': 32}, {'CONV': [64, 3]}, ({'CONV': [128, 5]}, {'CONV': [32, 5]}), ({'CONV': [64, 5]}, {'CONV': [256, 5]}, {'POOLMAX': [-1, 2]}), ({'CONV': [32, 3]}, {'CONV': [64, 5]}), ({'CONV': [256, 5]}, {'CONV': [128, 3]}, {'POOLMAX': [-1, 2]}), ({'CONV': [32, 3]}, {'CONV': [64, 3]}), ({'CONV': [32, 3]}, {'CONV': [256, 3]}, {'POOLMAX': [-1, 2]}), ({'CONV': [256, 3]}, {'CONV': [256, 3]}), ({'CONV': [128, 3]}, {'CONV': [256, 5]}, {'POOLMAX': [-1, 2]}), {'GLOBAL_AVG': None}, {'LAST_DENSE': [100, 'softmax']}]",HHSE,NSGA2,,,,,0.6919972812534516,,,,2098258944,4075300,,,,,,"[34, 38, 21, 54, 11, 57, 35, 4]",0.6906411574988363,-0.0026751039166137,0.0,0.0,1.0,0.0,0.01,0,3,0,100,0,0.03,BEST,False,False,313,True,True,GREEDY,,,GREEDY_HV
BPHYVS[M],2,3,3,1,0.03,True,True,"[41, 31, 3, 60, 2, 6, 54, 39]",[],"[41.0553019261414, 31.22655118660306, 3.871464609476053, 60.391667827107, 2.079507585060572, 6.8655488517742995, 54.62160967251825, 39.506883071012226]","[{'INP': 32}, {'CONV': [64, 3]}, ({'CONV': [128, 5]}, {'CONV': [32, 5]}), ({'CONV': [64, 5]}, {'CONV': [256, 5]}, {'POOLMAX': [-1, 2]}), ({'CONV': [32, 3]}, {'CONV': [64, 5]}), ({'CONV': [256, 5]}, {'CONV': [128, 3]}, {'POOLMAX': [-1, 2]}), ({'CONV': [32, 3]}, {'CONV': [64, 3]}), ({'CONV': [32, 3]}, {'CONV': [256, 3]}, {'POOLMAX': [-1, 2]}), ({'CONV': [256, 3]}, {'CONV': [256, 3]}), ({'CONV': [128, 3]}, {'CONV': [256, 5]}, {'POOLMAX': [-1, 2]}), {'GLOBAL_AVG': None}, {'LAST_DENSE': [100, 'softmax']}]",HHSE,NSGA2,,,,,0.6919972812534516,,,,2098258944,4075300,,,,,,"[34, 38, 21, 54, 11, 57, 35, 4]",0.6950980681425912,-0.0012124720928901,0.0,0.0,1.0,0.0,0.01,0,2,0,100,0,0.02,BEST,False,False,313,True,True,GREEDY,,,GREEDY_HV
BPHYVS[M],2,3,4,1,0.04,True,True,"[41, 31, 3, 60, 2, 6, 54, 39]",[],"[41.0553019261414, 31.22655118660306, 3.871464609476053, 60.391667827107, 2.079507585060572, 6.8655488517742995, 54.62160967251825, 39.506883071012226]","[{'INP': 32}, {'CONV': [64, 3]}, ({'CONV': [128, 5]}, {'CONV': [32, 5]}), ({'CONV': [64, 5]}, {'CONV': [256, 5]}, {'POOLMAX': [-1, 2]}), ({'CONV': [32, 3]}, {'CONV': [64, 5]}), ({'CONV': [256, 5]}, {'CONV': [128, 3]}, {'POOLMAX': [-1, 2]}), ({'CONV': [32, 3]}, {'CONV': [64, 3]}), ({'CONV': [32, 3]}, {'CONV': [256, 3]}, {'POOLMAX': [-1, 2]}), ({'CONV': [256, 3]}, {'CONV': [256, 3]}), ({'CONV': [128, 3]}, {'CONV': [256, 5]}, {'POOLMAX': [-1, 2]}), {'GLOBAL_AVG': None}, {'LAST_DENSE': [100, 'softmax']}]",HHSE,NSGA2,,,,,0.6919972812534516,,,,2098258944,4075300,,,,,,"[34, 38, 21, 54, 11, 57, 35, 4]",0.6975524559947268,-0.0025982656586361,0.0,0.0,1.0,0.0,0.01,0,1,0,100,0,0.01,BEST,False,False,313,True,True,GREEDY,,,GREEDY_HV
BFLZBR[M][M],2,3,5,5,0.05,True,True,"[2, 60, 2, 38, 30, 54, 46, 35]",[],"[2.408376990396926, 60.61056385588477, 2.9161176573244596, 38.455357318497974, 30.407181318231096, 54.17735729585162, 46.5396756900515, 35.87283098465684]","[{'INP': 32}, {'CONV': [64, 3]}, ({'CONV': [32, 3]}, {'CONV': [64, 3]}), ({'CONV': [256, 5]}, {'CONV': [128, 3]}, {'POOLMAX': [-1, 2]}), ({'CONV': [32, 3]}, {'CONV': [64, 3]}), ({'CONV': [128, 3]}, {'CONV': [256, 3]}, {'POOLMAX': [-1, 2]}), ({'CONV': [64, 5]}, {'CONV': [256, 3]}), ({'CONV': [256, 3]}, {'CONV': [256, 3]}, {'POOLMAX': [-1, 2]}), ({'CONV': [128, 5]}, {'CONV': [256, 3]}), ({'CONV': [128, 3]}, {'CONV': [64, 5]}, {'POOLMAX': [-1, 2]}), {'GLOBAL_AVG': None}, {'LAST_DENSE': [100, 'softmax']}]",HHSE,NSGA2,,,,,0.6940551007660566,,,,2017453824,4533796,,,,,,"[8, 0, 4, 9, 60, 3, 58, 11]",0.6963808279442802,-0.0088541313726446,0.0,0.0,1.0,1.0,0.05,0,0,0,100,0,0.0,BEST,False,False,305,True,True,GREEDY,,,GREEDY_HV
BFLZBR[M][M],2,3,6,5,0.06,True,True,"[2, 60, 2, 38, 30, 54, 46, 35]",[],"[2.408376990396926, 60.61056385588477, 2.9161176573244596, 38.455357318497974, 30.407181318231096, 54.17735729585162, 46.5396756900515, 35.87283098465684]","[{'INP': 32}, {'CONV': [64, 3]}, ({'CONV': [32, 3]}, {'CONV': [64, 3]}), ({'CONV': [256, 5]}, {'CONV': [128, 3]}, {'POOLMAX': [-1, 2]}), ({'CONV': [32, 3]}, {'CONV': [64, 3]}), ({'CONV': [128, 3]}, {'CONV': [256, 3]}, {'POOLMAX': [-1, 2]}), ({'CONV': [64, 5]}, {'CONV': [256, 3]}), ({'CONV': [256, 3]}, {'CONV': [256, 3]}, {'POOLMAX': [-1, 2]}), ({'CONV': [128, 5]}, {'CONV': [256, 3]}), ({'CONV': [128, 3]}, {'CONV': [64, 5]}, {'POOLMAX': [-1, 2]}), {'GLOBAL_AVG': None}, {'LAST_DENSE': [100, 'softmax']}]",HHSE,NSGA2,,,,,0.6940551007660566,,,,2017453824,4533796,,,,,,"[8, 0, 4, 9, 60, 3, 58, 11]",0.701619451091586,-0.0022475532461936,0.0,0.0,1.0,0.0,0.05,0,0,0,100,0,0.0,BEST,False,False,305,True,True,GREEDY,,,GREEDY_HV
BFLZBR[M][M],2,3,7,5,0.07,True,True,"[2, 60, 2, 38, 30, 54, 46, 35]",[],"[2.408376990396926, 60.61056385588477, 2.9161176573244596, 38.455357318497974, 30.407181318231096, 54.17735729585162, 46.5396756900515, 35.87283098465684]","[{'INP': 32}, {'CONV': [64, 3]}, ({'CONV': [32, 3]}, {'CONV': [64, 3]}), ({'CONV': [256, 5]}, {'CONV': [128, 3]}, {'POOLMAX': [-1, 2]}), ({'CONV': [32, 3]}, {'CONV': [64, 3]}), ({'CONV': [128, 3]}, {'CONV': [256, 3]}, {'POOLMAX': [-1, 2]}), ({'CONV': [64, 5]}, {'CONV': [256, 3]}), ({'CONV': [256, 3]}, {'CONV': [256, 3]}, {'POOLMAX': [-1, 2]}), ({'CONV': [128, 5]}, {'CONV': [256, 3]}), ({'CONV': [128, 3]}, {'CONV': [64, 5]}, {'POOLMAX': [-1, 2]}), {'GLOBAL_AVG': None}, {'LAST_DENSE': [100, 'softmax']}]",HHSE,NSGA2,,,,,0.6940551007660566,,,,2017453824,4533796,,,,,,"[8, 0, 4, 9, 60, 3, 58, 11]",0.7057638942585789,0.0022238513791564,0.0,0.0,1.0,0.0,0.05,0,1,0,100,0,0.01,BEST,False,False,305,True,True,GREEDY,,,GREEDY_HV
BFLZBR[M][M],2,3,8,5,0.08,True,True,"[2, 60, 2, 38, 30, 54, 46, 35]",[],"[2.408376990396926, 60.61056385588477, 2.9161176573244596, 38.455357318497974, 30.407181318231096, 54.17735729585162, 46.5396756900515, 35.87283098465684]","[{'INP': 32}, {'CONV': [64, 3]}, ({'CONV': [32, 3]}, {'CONV': [64, 3]}), ({'CONV': [256, 5]}, {'CONV': [128, 3]}, {'POOLMAX': [-1, 2]}), ({'CONV': [32, 3]}, {'CONV': [64, 3]}), ({'CONV': [128, 3]}, {'CONV': [256, 3]}, {'POOLMAX': [-1, 2]}), ({'CONV': [64, 5]}, {'CONV': [256, 3]}), ({'CONV': [256, 3]}, {'CONV': [256, 3]}, {'POOLMAX': [-1, 2]}), ({'CONV': [128, 5]}, {'CONV': [256, 3]}), ({'CONV': [128, 3]}, {'CONV': [64, 5]}, {'POOLMAX': [-1, 2]}), {'GLOBAL_AVG': None}, {'LAST_DENSE': [100, 'softmax']}]",HHSE,NSGA2,,,,,0.6940551007660566,,,,2017453824,4533796,,,,,,"[8, 0, 4, 9, 60, 3, 58, 11]",0.7066950186982005,0.0018171948515808,0.0,0.0,1.0,0.0,0.05,0,1,0,100,0,0.01,BEST,False,False,305,True,True,GREEDY,,,GREEDY_HV
BFLZBR[M][M],2,3,9,5,0.09,True,True,"[2, 60, 2, 38, 30, 54, 46, 35]",[],"[2.408376990396926, 60.61056385588477, 2.9161176573244596, 38.455357318497974, 30.407181318231096, 54.17735729585162, 46.5396756900515, 35.87283098465684]","[{'INP': 32}, {'CONV': [64, 3]}, ({'CONV': [32, 3]}, {'CONV': [64, 3]}), ({'CONV': [256, 5]}, {'CONV': [128, 3]}, {'POOLMAX': [-1, 2]}), ({'CONV': [32, 3]}, {'CONV': [64, 3]}), ({'CONV': [128, 3]}, {'CONV': [256, 3]}, {'POOLMAX': [-1, 2]}), ({'CONV': [64, 5]}, {'CONV': [256, 3]}), ({'CONV': [256, 3]}, {'CONV': [256, 3]}, {'POOLMAX': [-1, 2]}), ({'CONV': [128, 5]}, {'CONV': [256, 3]}), ({'CONV': [128, 3]}, {'CONV': [64, 5]}, {'POOLMAX': [-1, 2]}), {'GLOBAL_AVG': None}, {'LAST_DENSE': [100, 'softmax']}]",HHSE,NSGA2,,,,,0.6940551007660566,,,,2017453824,4533796,,,,,,"[8, 0, 4, 9, 60, 3, 58, 11]",0.7055821716741788,-0.0048570547865973,0.0,0.0,1.0,0.0,0.05,0,0,0,100,0,0.0,BEST,False,False,305,True,True,GREEDY,,,GREEDY_HV
BFLZBR[M][M],2,3,10,5,0.1,True,True,"[2, 60, 2, 38, 30, 54, 46, 35]",[],"[2.408376990396926, 60.61056385588477, 2.9161176573244596, 38.455357318497974, 30.407181318231096, 54.17735729585162, 46.5396756900515, 35.87283098465684]","[{'INP': 32}, {'CONV': [64, 3]}, ({'CONV': [32, 3]}, {'CONV': [64, 3]}), ({'CONV': [256, 5]}, {'CONV': [128, 3]}, {'POOLMAX': [-1, 2]}), ({'CONV': [32, 3]}, {'CONV': [64, 3]}), ({'CONV': [128, 3]}, {'CONV': [256, 3]}, {'POOLMAX': [-1, 2]}), ({'CONV': [64, 5]}, {'CONV': [256, 3]}), ({'CONV': [256, 3]}, {'CONV': [256, 3]}, {'POOLMAX': [-1, 2]}), ({'CONV': [128, 5]}, {'CONV': [256, 3]}), ({'CONV': [128, 3]}, {'CONV': [64, 5]}, {'POOLMAX': [-1, 2]}), {'GLOBAL_AVG': None}, {'LAST_DENSE': [100, 'softmax']}]",HHSE,NSGA2,,,,,0.6940551007660566,,,,2017453824,4533796,,,,,,"[8, 0, 4, 9, 60, 3, 58, 11]",0.7058586244677016,-0.0006595454445545,0.0,0.0,1.0,0.0,0.05,0,0,0,100,0,0.0,BEST,False,False,305,True,True,GREEDY,,,GREEDY_HV
BFLZBR[M][M],2,3,11,5,0.11,True,True,"[2, 60, 2, 38, 30, 54, 46, 35]",[],"[2.408376990396926, 60.61056385588477, 2.9161176573244596, 38.455357318497974, 30.407181318231096, 54.17735729585162, 46.5396756900515, 35.87283098465684]","[{'INP': 32}, {'CONV': [64, 3]}, ({'CONV': [32, 3]}, {'CONV': [64, 3]}), ({'CONV': [256, 5]}, {'CONV': [128, 3]}, {'POOLMAX': [-1, 2]}), ({'CONV': [32, 3]}, {'CONV': [64, 3]}), ({'CONV': [128, 3]}, {'CONV': [256, 3]}, {'POOLMAX': [-1, 2]}), ({'CONV': [64, 5]}, {'CONV': [256, 3]}), ({'CONV': [256, 3]}, {'CONV': [256, 3]}, {'POOLMAX': [-1, 2]}), ({'CONV': [128, 5]}, {'CONV': [256, 3]}), ({'CONV': [128, 3]}, {'CONV': [64, 5]}, {'POOLMAX': [-1, 2]}), {'GLOBAL_AVG': None}, {'LAST_DENSE': [100, 'softmax']}]",HHSE,NSGA2,,,,,0.6940551007660566,,,,2017453824,4533796,,,,,,"[8, 0, 4, 9, 60, 3, 58, 11]",0.710315060715316,0.0005032889124664,0.0,0.0,1.0,0.0,0.05,0,0,0,100,0,0.0,BEST,False,False,305,True,True,GREEDY,,,GREEDY_HV
BFLZBR[M][M],2,3,12,5,0.12,True,True,"[2, 60, 2, 38, 30, 54, 46, 35]",[],"[2.408376990396926, 60.61056385588477, 2.9161176573244596, 38.455357318497974, 30.407181318231096, 54.17735729585162, 46.5396756900515, 35.87283098465684]","[{'INP': 32}, {'CONV': [64, 3]}, ({'CONV': [32, 3]}, {'CONV': [64, 3]}), ({'CONV': [256, 5]}, {'CONV': [128, 3]}, {'POOLMAX': [-1, 2]}), ({'CONV': [32, 3]}, {'CONV': [64, 3]}), ({'CONV': [128, 3]}, {'CONV': [256, 3]}, {'POOLMAX': [-1, 2]}), ({'CONV': [64, 5]}, {'CONV': [256, 3]}), ({'CONV': [256, 3]}, {'CONV': [256, 3]}, {'POOLMAX': [-1, 2]}), ({'CONV': [128, 5]}, {'CONV': [256, 3]}), ({'CONV': [128, 3]}, {'CONV': [64, 5]}, {'POOLMAX': [-1, 2]}), {'GLOBAL_AVG': None}, {'LAST_DENSE': [100, 'softmax']}]",HHSE,NSGA2,,,,,0.6940551007660566,,,,2017453824,4533796,,,,,,"[8, 0, 4, 9, 60, 3, 58, 11]",0.7091541971429365,-0.0045036130743643,0.0,0.0,1.0,0.0,0.05,0,1,0,100,0,0.01,BEST,False,False,305,True,True,GREEDY,,,GREEDY_HV
BRVQGP[M],2,3,13,13,0.13,True,True,"[46, 0, 4, 39, 23, 6, 39, 60]",[],"[46.60976696076852, 0.4543199540347342, 4.451849001989838, 39.240694388937236, 23.006698702937946, 6.9393617991828, 39.001376162284686, 60.50177526162815]","[{'INP': 32}, {'CONV': [64, 3]}, ({'CONV': [128, 5]}, {'CONV': [256, 3]}), ({'CONV': [32, 3]}, {'CONV': [32, 3]}, {'POOLMAX': [-1, 2]}), ({'CONV': [32, 3]}, {'CONV': [128, 3]}), ({'CONV': [128, 3]}, {'CONV': [256, 5]}, {'POOLMAX': [-1, 2]}), ({'CONV': [64, 3]}, {'CONV': [256, 5]}), ({'CONV': [32, 3]}, {'CONV': [256, 3]}, {'POOLMAX': [-1, 2]}), ({'CONV': [128, 3]}, {'CONV': [256, 5]}), ({'CONV': [256, 5]}, {'CONV': [128, 3]}, {'POOLMAX': [-1, 2]}), {'GLOBAL_AVG': None}, {'LAST_DENSE': [100, 'softmax']}]",HHSE,NSGA2,,,,,0.6968532124277066,,,,1907101184,5371684,,,,,,"[0, 0, 0, 0, 16, 8, 60, 47]",0.7093103084098283,-0.0029087884741709,0.5,0.125,0.875,1.0,0.13,0,1,0,100,0,0.01,BEST,False,False,281,True,True,GREEDY,,,GREEDY_HV
BRVQGP[M],2,3,14,13,0.14,True,True,"[46, 0, 4, 39, 23, 6, 39, 60]",[],"[46.60976696076852, 0.4543199540347342, 4.451849001989838, 39.240694388937236, 23.006698702937946, 6.9393617991828, 39.001376162284686, 60.50177526162815]","[{'INP': 32}, {'CONV': [64, 3]}, ({'CONV': [128, 5]}, {'CONV': [256, 3]}), ({'CONV': [32, 3]}, {'CONV': [32, 3]}, {'POOLMAX': [-1, 2]}), ({'CONV': [32, 3]}, {'CONV': [128, 3]}), ({'CONV': [128, 3]}, {'CONV': [256, 5]}, {'POOLMAX': [-1, 2]}), ({'CONV': [64, 3]}, {'CONV': [256, 5]}), ({'CONV': [32, 3]}, {'CONV': [256, 3]}, {'POOLMAX': [-1, 2]}), ({'CONV': [128, 3]}, {'CONV': [256, 5]}), ({'CONV': [256, 5]}, {'CONV': [128, 3]}, {'POOLMAX': [-1, 2]}), {'GLOBAL_AVG': None}, {'LAST_DENSE': [100, 'softmax']}]",HHSE,NSGA2,,,,,0.6968532124277066,,,,1907101184,5371684,,,,,,"[0, 0, 0, 0, 16, 8, 60, 47]",0.711690229469101,-0.000124678240715,0.5,0.125,0.875,0.0,0.13,0,1,0,100,0,0.01,BEST,False,False,281,True,True,GREEDY,,,GREEDY_HV
BRVQGP[M],2,3,15,13,0.15,True,True,"[46, 0, 4, 39, 23, 6, 39, 60]",[],"[46.60976696076852, 0.4543199540347342, 4.451849001989838, 39.240694388937236, 23.006698702937946, 6.9393617991828, 39.001376162284686, 60.50177526162815]","[{'INP': 32}, {'CONV': [64, 3]}, ({'CONV': [128, 5]}, {'CONV': [256, 3]}), ({'CONV': [32, 3]}, {'CONV': [32, 3]}, {'POOLMAX': [-1, 2]}), ({'CONV': [32, 3]}, {'CONV': [128, 3]}), ({'CONV': [128, 3]}, {'CONV': [256, 5]}, {'POOLMAX': [-1, 2]}), ({'CONV': [64, 3]}, {'CONV': [256, 5]}), ({'CONV': [32, 3]}, {'CONV': [256, 3]}, {'POOLMAX': [-1, 2]}), ({'CONV': [128, 3]}, {'CONV': [256, 5]}), ({'CONV': [256, 5]}, {'CONV': [128, 3]}, {'POOLMAX': [-1, 2]}), {'GLOBAL_AVG': None}, {'LAST_DENSE': [100, 'softmax']}]",HHSE,NSGA2,,,,,0.6968532124277066,,,,1907101184,5371684,,,,,,"[0, 0, 0, 0, 16, 8, 60, 47]",0.7115158080354831,-0.0001275231415239,0.5,0.125,0.875,0.0,0.13,0,0,0,100,0,0.0,BEST,False,False,281,True,True,GREEDY,,,GREEDY_HV
BFLZBR[M][M][M],2,3,16,16,0.16,True,True,"[0, 61, 48, 38, 45, 22, 39, 46]",[],"[0.7356571736927495, 61.108080905738305, 48.638820018854176, 38.72404906797162, 45.5961480968697, 22.536619006001743, 39.58554760948298, 46.19984727361454]","[{'INP': 32}, {'CONV': [64, 3]}, ({'CONV': [32, 3]}, {'CONV': [32, 3]}), ({'CONV': [256, 5]}, {'CONV': [128, 5]}, {'POOLMAX': [-1, 2]}), ({'CONV': [256, 3]}, {'CONV': [32, 3]}), ({'CONV': [128, 3]}, {'CONV': [256, 3]}, {'POOLMAX': [-1, 2]}), ({'CONV': [128, 5]}, {'CONV': [128, 5]}), ({'CONV': [64, 3]}, {'CONV': [256, 3]}, {'POOLMAX': [-1, 2]}), ({'CONV': [128, 3]}, {'CONV': [256, 5]}), ({'CONV': [128, 5]}, {'CONV': [256, 3]}, {'POOLMAX': [-1, 2]}), {'GLOBAL_AVG': None}, {'LAST_DENSE': [100, 'softmax']}]",HHSE,NSGA2,,,,,0.6982412338749909,,,,2777476096,5467812,,,,,,"[2, 60, 2, 38, 30, 54, 46, 35]",0.711777811567192,-0.0005962248177098,0.0,0.0,0.875,0.875,0.16,0,0,0,100,0,0.0,BEST,False,False,269,True,True,GREEDY,,,GREEDY_HV
BFLZBR[M][M][M],2,3,17,16,0.17,True,True,"[0, 61, 48, 38, 45, 22, 39, 46]",[],"[0.7356571736927495, 61.108080905738305, 48.638820018854176, 38.72404906797162, 45.5961480968697, 22.536619006001743, 39.58554760948298, 46.19984727361454]","[{'INP': 32}, {'CONV': [64, 3]}, ({'CONV': [32, 3]}, {'CONV': [32, 3]}), ({'CONV': [256, 5]}, {'CONV': [128, 5]}, {'POOLMAX': [-1, 2]}), ({'CONV': [256, 3]}, {'CONV': [32, 3]}), ({'CONV': [128, 3]}, {'CONV': [256, 3]}, {'POOLMAX': [-1, 2]}), ({'CONV': [128, 5]}, {'CONV': [128, 5]}), ({'CONV': [64, 3]}, {'CONV': [256, 3]}, {'POOLMAX': [-1, 2]}), ({'CONV': [128, 3]}, {'CONV': [256, 5]}), ({'CONV': [128, 5]}, {'CONV': [256, 3]}, {'POOLMAX': [-1, 2]}), {'GLOBAL_AVG': None}, {'LAST_DENSE': [100, 'softmax']}]",HHSE,NSGA2,,,,,0.6982412338749909,,,,2777476096,5467812,,,,,,"[2, 60, 2, 38, 30, 54, 46, 35]",0.7127444724887725,-0.0002782976396866,0.0,0.0,0.875,0.0,0.16,0,0,0,100,0,0.0,BEST,False,False,269,True,True,GREEDY,,,GREEDY_HV
BFLZBR[M][M][M],2,3,18,16,0.18,True,True,"[0, 61, 48, 38, 45, 22, 39, 46]",[],"[0.7356571736927495, 61.108080905738305, 48.638820018854176, 38.72404906797162, 45.5961480968697, 22.536619006001743, 39.58554760948298, 46.19984727361454]","[{'INP': 32}, {'CONV': [64, 3]}, ({'CONV': [32, 3]}, {'CONV': [32, 3]}), ({'CONV': [256, 5]}, {'CONV': [128, 5]}, {'POOLMAX': [-1, 2]}), ({'CONV': [256, 3]}, {'CONV': [32, 3]}), ({'CONV': [128, 3]}, {'CONV': [256, 3]}, {'POOLMAX': [-1, 2]}), ({'CONV': [128, 5]}, {'CONV': [128, 5]}), ({'CONV': [64, 3]}, {'CONV': [256, 3]}, {'POOLMAX': [-1, 2]}), ({'CONV': [128, 3]}, {'CONV': [256, 5]}), ({'CONV': [128, 5]}, {'CONV': [256, 3]}, {'POOLMAX': [-1, 2]}), {'GLOBAL_AVG': None}, {'LAST_DENSE': [100, 'softmax']}]",HHSE,NSGA2,,,,,0.6982412338749909,,,,2777476096,5467812,,,,,,"[2, 60, 2, 38, 30, 54, 46, 35]",0.7130018598891545,-0.0004113024077198,0.0,0.0,0.875,0.0,0.16,0,0,0,100,0,0.0,BEST,False,False,269,True,True,GREEDY,,,GREEDY_HV
BFLZBR[M][M][M],2,3,19,16,0.19,True,True,"[0, 61, 48, 38, 45, 22, 39, 46]",[],"[0.7356571736927495, 61.108080905738305, 48.638820018854176, 38.72404906797162, 45.5961480968697, 22.536619006001743, 39.58554760948298, 46.19984727361454]","[{'INP': 32}, {'CONV': [64, 3]}, ({'CONV': [32, 3]}, {'CONV': [32, 3]}), ({'CONV': [256, 5]}, {'CONV': [128, 5]}, {'POOLMAX': [-1, 2]}), ({'CONV': [256, 3]}, {'CONV': [32, 3]}), ({'CONV': [128, 3]}, {'CONV': [256, 3]}, {'POOLMAX': [-1, 2]}), ({'CONV': [128, 5]}, {'CONV': [128, 5]}), ({'CONV': [64, 3]}, {'CONV': [256, 3]}, {'POOLMAX': [-1, 2]}), ({'CONV': [128, 3]}, {'CONV': [256, 5]}), ({'CONV': [128, 5]}, {'CONV': [256, 3]}, {'POOLMAX': [-1, 2]}), {'GLOBAL_AVG': None}, {'LAST_DENSE': [100, 'softmax']}]",HHSE,NSGA2,,,,,0.6982412338749909,,,,2777476096,5467812,,,,,,"[2, 60, 2, 38, 30, 54, 46, 35]",0.7130368320324639,-0.0015544909460171,0.0,0.0,0.875,0.0,0.16,0,0,0,100,0,0.0,BEST,False,False,269,True,True,GREEDY,,,GREEDY_HV
BFLZBR[M][M][M],2,3,20,16,0.2,True,True,"[0, 61, 48, 38, 45, 22, 39, 46]",[],"[0.7356571736927495, 61.108080905738305, 48.638820018854176, 38.72404906797162, 45.5961480968697, 22.536619006001743, 39.58554760948298, 46.19984727361454]","[{'INP': 32}, {'CONV': [64, 3]}, ({'CONV': [32, 3]}, {'CONV': [32, 3]}), ({'CONV': [256, 5]}, {'CONV': [128, 5]}, {'POOLMAX': [-1, 2]}), ({'CONV': [256, 3]}, {'CONV': [32, 3]}), ({'CONV': [128, 3]}, {'CONV': [256, 3]}, {'POOLMAX': [-1, 2]}), ({'CONV': [128, 5]}, {'CONV': [128, 5]}), ({'CONV': [64, 3]}, {'CONV': [256, 3]}, {'POOLMAX': [-1, 2]}), ({'CONV': [128, 3]}, {'CONV': [256, 5]}), ({'CONV': [128, 5]}, {'CONV': [256, 3]}, {'POOLMAX': [-1, 2]}), {'GLOBAL_AVG': None}, {'LAST_DENSE': [100, 'softmax']}]",HHSE,NSGA2,,,,,0.6982412338749909,,,,2777476096,5467812,,,,,,"[2, 60, 2, 38, 30, 54, 46, 35]",0.7133373975641665,-0.0008312596340126,0.0,0.0,0.875,0.0,0.16,0,0,0,100,0,0.0,BEST,False,False,269,True,True,GREEDY,,,GREEDY_HV
BFLZBR[M][M][M],2,3,21,16,0.21,True,True,"[0, 61, 48, 38, 45, 22, 39, 46]",[],"[0.7356571736927495, 61.108080905738305, 48.638820018854176, 38.72404906797162, 45.5961480968697, 22.536619006001743, 39.58554760948298, 46.19984727361454]","[{'INP': 32}, {'CONV': [64, 3]}, ({'CONV': [32, 3]}, {'CONV': [32, 3]}), ({'CONV': [256, 5]}, {'CONV': [128, 5]}, {'POOLMAX': [-1, 2]}), ({'CONV': [256, 3]}, {'CONV': [32, 3]}), ({'CONV': [128, 3]}, {'CONV': [256, 3]}, {'POOLMAX': [-1, 2]}), ({'CONV': [128, 5]}, {'CONV': [128, 5]}), ({'CONV': [64, 3]}, {'CONV': [256, 3]}, {'POOLMAX': [-1, 2]}), ({'CONV': [128, 3]}, {'CONV': [256, 5]}), ({'CONV': [128, 5]}, {'CONV': [256, 3]}, {'POOLMAX': [-1, 2]}), {'GLOBAL_AVG': None}, {'LAST_DENSE': [100, 'softmax']}]",HHSE,NSGA2,,,,,0.6982412338749909,,,,2777476096,5467812,,,,,,"[2, 60, 2, 38, 30, 54, 46, 35]",0.7138982085949638,-0.000306305845054,0.0,0.0,0.875,0.0,0.16,0,1,0,100,0,0.01,BEST,False,False,269,True,True,GREEDY,,,GREEDY_HV
BFLZBR[M][M][M],2,3,22,16,0.22,True,True,"[0, 61, 48, 38, 45, 22, 39, 46]",[],"[0.7356571736927495, 61.108080905738305, 48.638820018854176, 38.72404906797162, 45.5961480968697, 22.536619006001743, 39.58554760948298, 46.19984727361454]","[{'INP': 32}, {'CONV': [64, 3]}, ({'CONV': [32, 3]}, {'CONV': [32, 3]}), ({'CONV': [256, 5]}, {'CONV': [128, 5]}, {'POOLMAX': [-1, 2]}), ({'CONV': [256, 3]}, {'CONV': [32, 3]}), ({'CONV': [128, 3]}, {'CONV': [256, 3]}, {'POOLMAX': [-1, 2]}), ({'CONV': [128, 5]}, {'CONV': [128, 5]}), ({'CONV': [64, 3]}, {'CONV': [256, 3]}, {'POOLMAX': [-1, 2]}), ({'CONV': [128, 3]}, {'CONV': [256, 5]}), ({'CONV': [128, 5]}, {'CONV': [256, 3]}, {'POOLMAX': [-1, 2]}), {'GLOBAL_AVG': None}, {'LAST_DENSE': [100, 'softmax']}]",HHSE,NSGA2,,,,,0.6982412338749909,,,,2777476096,5467812,,,,,,"[2, 60, 2, 38, 30, 54, 46, 35]",0.7134663732783939,-0.0001676535471776,0.0,0.0,0.875,0.0,0.16,0,0,0,100,0,0.0,BEST,False,False,269,True,True,GREEDY,,,GREEDY_HV
BFLZBR[M][M][M],2,3,23,16,0.23,True,True,"[0, 61, 48, 38, 45, 22, 39, 46]",[],"[0.7356571736927495, 61.108080905738305, 48.638820018854176, 38.72404906797162, 45.5961480968697, 22.536619006001743, 39.58554760948298, 46.19984727361454]","[{'INP': 32}, {'CONV': [64, 3]}, ({'CONV': [32, 3]}, {'CONV': [32, 3]}), ({'CONV': [256, 5]}, {'CONV': [128, 5]}, {'POOLMAX': [-1, 2]}), ({'CONV': [256, 3]}, {'CONV': [32, 3]}), ({'CONV': [128, 3]}, {'CONV': [256, 3]}, {'POOLMAX': [-1, 2]}), ({'CONV': [128, 5]}, {'CONV': [128, 5]}), ({'CONV': [64, 3]}, {'CONV': [256, 3]}, {'POOLMAX': [-1, 2]}), ({'CONV': [128, 3]}, {'CONV': [256, 5]}), ({'CONV': [128, 5]}, {'CONV': [256, 3]}, {'POOLMAX': [-1, 2]}), {'GLOBAL_AVG': None}, {'LAST_DENSE': [100, 'softmax']}]",HHSE,NSGA2,,,,,0.6982412338749909,,,,2777476096,5467812,,,,,,"[2, 60, 2, 38, 30, 54, 46, 35]",0.7135688989973229,-0.0014622347090723,0.0,0.0,0.875,0.0,0.16,0,0,0,100,0,0.0,BEST,False,False,269,True,True,GREEDY,,,GREEDY_HV
BFLZBR[M][M][M],2,3,24,16,0.24,True,True,"[0, 61, 48, 38, 45, 22, 39, 46]",[],"[0.7356571736927495, 61.108080905738305, 48.638820018854176, 38.72404906797162, 45.5961480968697, 22.536619006001743, 39.58554760948298, 46.19984727361454]","[{'INP': 32}, {'CONV': [64, 3]}, ({'CONV': [32, 3]}, {'CONV': [32, 3]}), ({'CONV': [256, 5]}, {'CONV': [128, 5]}, {'POOLMAX': [-1, 2]}), ({'CONV': [256, 3]}, {'CONV': [32, 3]}), ({'CONV': [128, 3]}, {'CONV': [256, 3]}, {'POOLMAX': [-1, 2]}), ({'CONV': [128, 5]}, {'CONV': [128, 5]}), ({'CONV': [64, 3]}, {'CONV': [256, 3]}, {'POOLMAX': [-1, 2]}), ({'CONV': [128, 3]}, {'CONV': [256, 5]}), ({'CONV': [128, 5]}, {'CONV': [256, 3]}, {'POOLMAX': [-1, 2]}), {'GLOBAL_AVG': None}, {'LAST_DENSE': [100, 'softmax']}]",HHSE,NSGA2,,,,,0.6982412338749909,,,,2777476096,5467812,,,,,,"[2, 60, 2, 38, 30, 54, 46, 35]",0.7139781064931061,-0.0001153437499221,0.0,0.0,0.875,0.0,0.16,0,0,0,100,0,0.0,BEST,False,False,269,True,True,GREEDY,,,GREEDY_HV
BFLZBR[M][M][M],2,3,25,16,0.25,True,True,"[0, 61, 48, 38, 45, 22, 39, 46]",[],"[0.7356571736927495, 61.108080905738305, 48.638820018854176, 38.72404906797162, 45.5961480968697, 22.536619006001743, 39.58554760948298, 46.19984727361454]","[{'INP': 32}, {'CONV': [64, 3]}, ({'CONV': [32, 3]}, {'CONV': [32, 3]}), ({'CONV': [256, 5]}, {'CONV': [128, 5]}, {'POOLMAX': [-1, 2]}), ({'CONV': [256, 3]}, {'CONV': [32, 3]}), ({'CONV': [128, 3]}, {'CONV': [256, 3]}, {'POOLMAX': [-1, 2]}), ({'CONV': [128, 5]}, {'CONV': [128, 5]}), ({'CONV': [64, 3]}, {'CONV': [256, 3]}, {'POOLMAX': [-1, 2]}), ({'CONV': [128, 3]}, {'CONV': [256, 5]}), ({'CONV': [128, 5]}, {'CONV': [256, 3]}, {'POOLMAX': [-1, 2]}), {'GLOBAL_AVG': None}, {'LAST_DENSE': [100, 'softmax']}]",HHSE,NSGA2,,,,,0.6982412338749909,,,,2777476096,5467812,,,,,,"[2, 60, 2, 38, 30, 54, 46, 35]",0.7139809551475791,-0.0002515541790768,0.0,0.0,0.875,0.0,0.16,0,0,0,100,0,0.0,BEST,False,False,269,True,True,GREEDY,,,GREEDY_HV
BFLZBR[M][M][M],2,3,26,16,0.26,True,True,"[0, 61, 48, 38, 45, 22, 39, 46]",[],"[0.7356571736927495, 61.108080905738305, 48.638820018854176, 38.72404906797162, 45.5961480968697, 22.536619006001743, 39.58554760948298, 46.19984727361454]","[{'INP': 32}, {'CONV': [64, 3]}, ({'CONV': [32, 3]}, {'CONV': [32, 3]}), ({'CONV': [256, 5]}, {'CONV': [128, 5]}, {'POOLMAX': [-1, 2]}), ({'CONV': [256, 3]}, {'CONV': [32, 3]}), ({'CONV': [128, 3]}, {'CONV': [256, 3]}, {'POOLMAX': [-1, 2]}), ({'CONV': [128, 5]}, {'CONV': [128, 5]}), ({'CONV': [64, 3]}, {'CONV': [256, 3]}, {'POOLMAX': [-1, 2]}), ({'CONV': [128, 3]}, {'CONV': [256, 5]}), ({'CONV': [128, 5]}, {'CONV': [256, 3]}, {'POOLMAX': [-1, 2]}), {'GLOBAL_AVG': None}, {'LAST_DENSE': [100, 'softmax']}]",HHSE,NSGA2,,,,,0.6982412338749909,,,,2777476096,5467812,,,,,,"[2, 60, 2, 38, 30, 54, 46, 35]",0.714292830622177,-0.0018622693393174,0.0,0.0,0.875,0.0,0.16,0,1,0,100,0,0.01,BEST,False,False,269,True,True,GREEDY,,,GREEDY_HV
BFLZBR[M][M][M],2,3,27,16,0.27,True,True,"[0, 61, 48, 38, 45, 22, 39, 46]",[],"[0.7356571736927495, 61.108080905738305, 48.638820018854176, 38.72404906797162, 45.5961480968697, 22.536619006001743, 39.58554760948298, 46.19984727361454]","[{'INP': 32}, {'CONV': [64, 3]}, ({'CONV': [32, 3]}, {'CONV': [32, 3]}), ({'CONV': [256, 5]}, {'CONV': [128, 5]}, {'POOLMAX': [-1, 2]}), ({'CONV': [256, 3]}, {'CONV': [32, 3]}), ({'CONV': [128, 3]}, {'CONV': [256, 3]}, {'POOLMAX': [-1, 2]}), ({'CONV': [128, 5]}, {'CONV': [128, 5]}), ({'CONV': [64, 3]}, {'CONV': [256, 3]}, {'POOLMAX': [-1, 2]}), ({'CONV': [128, 3]}, {'CONV': [256, 5]}), ({'CONV': [128, 5]}, {'CONV': [256, 3]}, {'POOLMAX': [-1, 2]}), {'GLOBAL_AVG': None}, {'LAST_DENSE': [100, 'softmax']}]",HHSE,NSGA2,,,,,0.6982412338749909,,,,2777476096,5467812,,,,,,"[2, 60, 2, 38, 30, 54, 46, 35]",0.7153171305366681,-0.0003184899105325,0.0,0.0,0.875,0.0,0.16,0,0,0,100,0,0.0,BEST,False,False,269,True,True,GREEDY,,,GREEDY_HV
BFLZBR[M][M][M],2,3,28,16,0.28,True,True,"[0, 61, 48, 38, 45, 22, 39, 46]",[],"[0.7356571736927495, 61.108080905738305, 48.638820018854176, 38.72404906797162, 45.5961480968697, 22.536619006001743, 39.58554760948298, 46.19984727361454]","[{'INP': 32}, {'CONV': [64, 3]}, ({'CONV': [32, 3]}, {'CONV': [32, 3]}), ({'CONV': [256, 5]}, {'CONV': [128, 5]}, {'POOLMAX': [-1, 2]}), ({'CONV': [256, 3]}, {'CONV': [32, 3]}), ({'CONV': [128, 3]}, {'CONV': [256, 3]}, {'POOLMAX': [-1, 2]}), ({'CONV': [128, 5]}, {'CONV': [128, 5]}), ({'CONV': [64, 3]}, {'CONV': [256, 3]}, {'POOLMAX': [-1, 2]}), ({'CONV': [128, 3]}, {'CONV': [256, 5]}), ({'CONV': [128, 5]}, {'CONV': [256, 3]}, {'POOLMAX': [-1, 2]}), {'GLOBAL_AVG': None}, {'LAST_DENSE': [100, 'softmax']}]",HHSE,NSGA2,,,,,0.6982412338749909,,,,2777476096,5467812,,,,,,"[2, 60, 2, 38, 30, 54, 46, 35]",0.715427492777204,-0.0002588621198577,0.0,0.0,0.875,0.0,0.16,0,1,0,100,0,0.01,BEST,False,False,269,True,True,GREEDY,,,GREEDY_HV
BFLZBR[M][M][M],2,3,29,16,0.29,True,True,"[0, 61, 48, 38, 45, 22, 39, 46]",[],"[0.7356571736927495, 61.108080905738305, 48.638820018854176, 38.72404906797162, 45.5961480968697, 22.536619006001743, 39.58554760948298, 46.19984727361454]","[{'INP': 32}, {'CONV': [64, 3]}, ({'CONV': [32, 3]}, {'CONV': [32, 3]}), ({'CONV': [256, 5]}, {'CONV': [128, 5]}, {'POOLMAX': [-1, 2]}), ({'CONV': [256, 3]}, {'CONV': [32, 3]}), ({'CONV': [128, 3]}, {'CONV': [256, 3]}, {'POOLMAX': [-1, 2]}), ({'CONV': [128, 5]}, {'CONV': [128, 5]}), ({'CONV': [64, 3]}, {'CONV': [256, 3]}, {'POOLMAX': [-1, 2]}), ({'CONV': [128, 3]}, {'CONV': [256, 5]}), ({'CONV': [128, 5]}, {'CONV': [256, 3]}, {'POOLMAX': [-1, 2]}), {'GLOBAL_AVG': None}, {'LAST_DENSE': [100, 'softmax']}]",HHSE,NSGA2,,,,,0.6982412338749909,,,,2777476096,5467812,,,,,,"[2, 60, 2, 38, 30, 54, 46, 35]",0.7154021221220759,-0.0012144913683727,0.0,0.0,0.875,0.0,0.16,0,1,0,100,0,0.01,BEST,False,False,269,True,True,GREEDY,,,GREEDY_HV
BFLZBR[M][M][M],2,3,30,16,0.3,True,True,"[0, 61, 48, 38, 45, 22, 39, 46]",[],"[0.7356571736927495, 61.108080905738305, 48.638820018854176, 38.72404906797162, 45.5961480968697, 22.536619006001743, 39.58554760948298, 46.19984727361454]","[{'INP': 32}, {'CONV': [64, 3]}, ({'CONV': [32, 3]}, {'CONV': [32, 3]}), ({'CONV': [256, 5]}, {'CONV': [128, 5]}, {'POOLMAX': [-1, 2]}), ({'CONV': [256, 3]}, {'CONV': [32, 3]}), ({'CONV': [128, 3]}, {'CONV': [256, 3]}, {'POOLMAX': [-1, 2]}), ({'CONV': [128, 5]}, {'CONV': [128, 5]}), ({'CONV': [64, 3]}, {'CONV': [256, 3]}, {'POOLMAX': [-1, 2]}), ({'CONV': [128, 3]}, {'CONV': [256, 5]}), ({'CONV': [128, 5]}, {'CONV': [256, 3]}, {'POOLMAX': [-1, 2]}), {'GLOBAL_AVG': None}, {'LAST_DENSE': [100, 'softmax']}]",HHSE,NSGA2,,,,,0.6982412338749909,,,,2777476096,5467812,,,,,,"[2, 60, 2, 38, 30, 54, 46, 35]",0.7155600757043412,-2.0057685655383573e-05,0.0,0.0,0.875,0.0,0.16,0,1,0,100,0,0.01,BEST,False,False,269,True,True,GREEDY,,,GREEDY_HV
BFLZBR[M][M][M],2,3,31,16,0.31,True,True,"[0, 61, 48, 38, 45, 22, 39, 46]",[],"[0.7356571736927495, 61.108080905738305, 48.638820018854176, 38.72404906797162, 45.5961480968697, 22.536619006001743, 39.58554760948298, 46.19984727361454]","[{'INP': 32}, {'CONV': [64, 3]}, ({'CONV': [32, 3]}, {'CONV': [32, 3]}), ({'CONV': [256, 5]}, {'CONV': [128, 5]}, {'POOLMAX': [-1, 2]}), ({'CONV': [256, 3]}, {'CONV': [32, 3]}), ({'CONV': [128, 3]}, {'CONV': [256, 3]}, {'POOLMAX': [-1, 2]}), ({'CONV': [128, 5]}, {'CONV': [128, 5]}), ({'CONV': [64, 3]}, {'CONV': [256, 3]}, {'POOLMAX': [-1, 2]}), ({'CONV': [128, 3]}, {'CONV': [256, 5]}), ({'CONV': [128, 5]}, {'CONV': [256, 3]}, {'POOLMAX': [-1, 2]}), {'GLOBAL_AVG': None}, {'LAST_DENSE': [100, 'softmax']}]",HHSE,NSGA2,,,,,0.6982412338749909,,,,2777476096,5467812,,,,,,"[2, 60, 2, 38, 30, 54, 46, 35]",0.7156747020864226,-0.0010997921470555,0.0,0.0,0.875,0.0,0.16,0,1,0,100,0,0.01,BEST,False,False,269,True,True,GREEDY,,,GREEDY_HV
BFLZBR[M][M][M],2,3,32,16,0.32,True,True,"[0, 61, 48, 38, 45, 22, 39, 46]",[],"[0.7356571736927495, 61.108080905738305, 48.638820018854176, 38.72404906797162, 45.5961480968697, 22.536619006001743, 39.58554760948298, 46.19984727361454]","[{'INP': 32}, {'CONV': [64, 3]}, ({'CONV': [32, 3]}, {'CONV': [32, 3]}), ({'CONV': [256, 5]}, {'CONV': [128, 5]}, {'POOLMAX': [-1, 2]}), ({'CONV': [256, 3]}, {'CONV': [32, 3]}), ({'CONV': [128, 3]}, {'CONV': [256, 3]}, {'POOLMAX': [-1, 2]}), ({'CONV': [128, 5]}, {'CONV': [128, 5]}), ({'CONV': [64, 3]}, {'CONV': [256, 3]}, {'POOLMAX': [-1, 2]}), ({'CONV': [128, 3]}, {'CONV': [256, 5]}), ({'CONV': [128, 5]}, {'CONV': [256, 3]}, {'POOLMAX': [-1, 2]}), {'GLOBAL_AVG': None}, {'LAST_DENSE': [100, 'softmax']}]",HHSE,NSGA2,,,,,0.6982412338749909,,,,2777476096,5467812,,,,,,"[2, 60, 2, 38, 30, 54, 46, 35]",0.715431140549819,-0.000586756433992,0.0,0.0,0.875,0.0,0.16,0,0,0,100,0,0.0,BEST,False,False,269,True,True,GREEDY,,,GREEDY_HV
BFLZBR[M][M][M],2,3,33,16,0.33,True,True,"[0, 61, 48, 38, 45, 22, 39, 46]",[],"[0.7356571736927495, 61.108080905738305, 48.638820018854176, 38.72404906797162, 45.5961480968697, 22.536619006001743, 39.58554760948298, 46.19984727361454]","[{'INP': 32}, {'CONV': [64, 3]}, ({'CONV': [32, 3]}, {'CONV': [32, 3]}), ({'CONV': [256, 5]}, {'CONV': [128, 5]}, {'POOLMAX': [-1, 2]}), ({'CONV': [256, 3]}, {'CONV': [32, 3]}), ({'CONV': [128, 3]}, {'CONV': [256, 3]}, {'POOLMAX': [-1, 2]}), ({'CONV': [128, 5]}, {'CONV': [128, 5]}), ({'CONV': [64, 3]}, {'CONV': [256, 3]}, {'POOLMAX': [-1, 2]}), ({'CONV': [128, 3]}, {'CONV': [256, 5]}), ({'CONV': [128, 5]}, {'CONV': [256, 3]}, {'POOLMAX': [-1, 2]}), {'GLOBAL_AVG': None}, {'LAST_DENSE': [100, 'softmax']}]",HHSE,NSGA2,,,,,0.6982412338749909,,,,2777476096,5467812,,,,,,"[2, 60, 2, 38, 30, 54, 46, 35]",0.7155304268032912,-0.0002130102161781,0.0,0.0,0.875,0.0,0.16,0,0,0,100,0,0.0,BEST,False,False,269,True,True,GREEDY,,,GREEDY_HV
BFLZBR[M][M][M],2,3,34,16,0.34,True,True,"[0, 61, 48, 38, 45, 22, 39, 46]",[],"[0.7356571736927495, 61.108080905738305, 48.638820018854176, 38.72404906797162, 45.5961480968697, 22.536619006001743, 39.58554760948298, 46.19984727361454]","[{'INP': 32}, {'CONV': [64, 3]}, ({'CONV': [32, 3]}, {'CONV': [32, 3]}), ({'CONV': [256, 5]}, {'CONV': [128, 5]}, {'POOLMAX': [-1, 2]}), ({'CONV': [256, 3]}, {'CONV': [32, 3]}), ({'CONV': [128, 3]}, {'CONV': [256, 3]}, {'POOLMAX': [-1, 2]}), ({'CONV': [128, 5]}, {'CONV': [128, 5]}), ({'CONV': [64, 3]}, {'CONV': [256, 3]}, {'POOLMAX': [-1, 2]}), ({'CONV': [128, 3]}, {'CONV': [256, 5]}), ({'CONV': [128, 5]}, {'CONV': [256, 3]}, {'POOLMAX': [-1, 2]}), {'GLOBAL_AVG': None}, {'LAST_DENSE': [100, 'softmax']}]",HHSE,NSGA2,,,,,0.6982412338749909,,,,2777476096,5467812,,,,,,"[2, 60, 2, 38, 30, 54, 46, 35]",0.7156499462199353,-0.0001174390832044,0.0,0.0,0.875,0.0,0.16,0,0,0,100,0,0.0,BEST,False,False,269,True,True,GREEDY,,,GREEDY_HV
BIUFLP[M][M],2,3,35,35,0.35,True,True,"[3, 55, 4, 38, 6, 5, 44, 55]",[],"[3.2296748537663476, 55.55712924443929, 4.824902691578971, 38.727103469622335, 6.858379924769059, 5.026681496664181, 44.11380342383619, 55.5674353028177]","[{'INP': 32}, {'CONV': [64, 3]}, ({'CONV': [32, 3]}, {'CONV': [64, 5]}), ({'CONV': [256, 3]}, {'CONV': [256, 5]}, {'POOLMAX': [-1, 2]}), ({'CONV': [32, 3]}, {'CONV': [128, 3]}), ({'CONV': [128, 3]}, {'CONV': [256, 3]}, {'POOLMAX': [-1, 2]}), ({'CONV': [32, 3]}, {'CONV': [256, 3]}), ({'CONV': [32, 3]}, {'CONV': [128, 5]}, {'POOLMAX': [-1, 2]}), ({'CONV': [128, 5]}, {'CONV': [128, 3]}), ({'CONV': [256, 3]}, {'CONV': [256, 5]}, {'POOLMAX': [-1, 2]}), {'GLOBAL_AVG': None}, {'LAST_DENSE': [100, 'softmax']}]",HHSE,NSGA2,,,,,0.6985866686711858,,,,4213558272,5259556,,,,,,"[21, 36, 9, 26, 6, 6, 50, 62]",0.715569493268525,-0.0003755973874941,0.0,0.0,0.875,0.875,0.35,0,0,0,100,0,0.0,BEST,False,False,266,True,True,GREEDY,,,GREEDY_HV
BIUFLP[M][M],2,3,36,35,0.36,True,True,"[3, 55, 4, 38, 6, 5, 44, 55]",[],"[3.2296748537663476, 55.55712924443929, 4.824902691578971, 38.727103469622335, 6.858379924769059, 5.026681496664181, 44.11380342383619, 55.5674353028177]","[{'INP': 32}, {'CONV': [64, 3]}, ({'CONV': [32, 3]}, {'CONV': [64, 5]}), ({'CONV': [256, 3]}, {'CONV': [256, 5]}, {'POOLMAX': [-1, 2]}), ({'CONV': [32, 3]}, {'CONV': [128, 3]}), ({'CONV': [128, 3]}, {'CONV': [256, 3]}, {'POOLMAX': [-1, 2]}), ({'CONV': [32, 3]}, {'CONV': [256, 3]}), ({'CONV': [32, 3]}, {'CONV': [128, 5]}, {'POOLMAX': [-1, 2]}), ({'CONV': [128, 5]}, {'CONV': [128, 3]}), ({'CONV': [256, 3]}, {'CONV': [256, 5]}, {'POOLMAX': [-1, 2]}), {'GLOBAL_AVG': None}, {'LAST_DENSE': [100, 'softmax']}]",HHSE,NSGA2,,,,,0.6985866686711858,,,,4213558272,5259556,,,,,,"[21, 36, 9, 26, 6, 6, 50, 62]",0.7157695710378968,-0.0003030691297524,0.0,0.0,0.875,0.0,0.35,0,0,0,100,0,0.0,BEST,False,False,266,True,True,GREEDY,,,GREEDY_HV
BIUFLP[M][M],2,3,37,35,0.37,True,True,"[3, 55, 4, 38, 6, 5, 44, 55]",[],"[3.2296748537663476, 55.55712924443929, 4.824902691578971, 38.727103469622335, 6.858379924769059, 5.026681496664181, 44.11380342383619, 55.5674353028177]","[{'INP': 32}, {'CONV': [64, 3]}, ({'CONV': [32, 3]}, {'CONV': [64, 5]}), ({'CONV': [256, 3]}, {'CONV': [256, 5]}, {'POOLMAX': [-1, 2]}), ({'CONV': [32, 3]}, {'CONV': [128, 3]}), ({'CONV': [128, 3]}, {'CONV': [256, 3]}, {'POOLMAX': [-1, 2]}), ({'CONV': [32, 3]}, {'CONV': [256, 3]}), ({'CONV': [32, 3]}, {'CONV': [128, 5]}, {'POOLMAX': [-1, 2]}), ({'CONV': [128, 5]}, {'CONV': [128, 3]}), ({'CONV': [256, 3]}, {'CONV': [256, 5]}, {'POOLMAX': [-1, 2]}), {'GLOBAL_AVG': None}, {'LAST_DENSE': [100, 'softmax']}]",HHSE,NSGA2,,,,,0.6985866686711858,,,,4213558272,5259556,,,,,,"[21, 36, 9, 26, 6, 6, 50, 62]",0.7157732017106446,-0.0002734333201442,0.0,0.0,0.875,0.0,0.35,0,0,0,100,0,0.0,BEST,False,False,266,True,True,GREEDY,,,GREEDY_HV
BIUFLP[M][M],2,3,38,35,0.38,True,True,"[3, 55, 4, 38, 6, 5, 44, 55]",[],"[3.2296748537663476, 55.55712924443929, 4.824902691578971, 38.727103469622335, 6.858379924769059, 5.026681496664181, 44.11380342383619, 55.5674353028177]","[{'INP': 32}, {'CONV': [64, 3]}, ({'CONV': [32, 3]}, {'CONV': [64, 5]}), ({'CONV': [256, 3]}, {'CONV': [256, 5]}, {'POOLMAX': [-1, 2]}), ({'CONV': [32, 3]}, {'CONV': [128, 3]}), ({'CONV': [128, 3]}, {'CONV': [256, 3]}, {'POOLMAX': [-1, 2]}), ({'CONV': [32, 3]}, {'CONV': [256, 3]}), ({'CONV': [32, 3]}, {'CONV': [128, 5]}, {'POOLMAX': [-1, 2]}), ({'CONV': [128, 5]}, {'CONV': [128, 3]}), ({'CONV': [256, 3]}, {'CONV': [256, 5]}, {'POOLMAX': [-1, 2]}), {'GLOBAL_AVG': None}, {'LAST_DENSE': [100, 'softmax']}]",HHSE,NSGA2,,,,,0.6985866686711858,,,,4213558272,5259556,,,,,,"[21, 36, 9, 26, 6, 6, 50, 62]",0.7157989548318301,-0.0042591833164881,0.0,0.0,0.875,0.0,0.35,0,0,0,100,0,0.0,BEST,False,False,266,True,True,GREEDY,,,GREEDY_HV
BIUFLP[M][M],2,3,39,35,0.39,True,True,"[3, 55, 4, 38, 6, 5, 44, 55]",[],"[3.2296748537663476, 55.55712924443929, 4.824902691578971, 38.727103469622335, 6.858379924769059, 5.026681496664181, 44.11380342383619, 55.5674353028177]","[{'INP': 32}, {'CONV': [64, 3]}, ({'CONV': [32, 3]}, {'CONV': [64, 5]}), ({'CONV': [256, 3]}, {'CONV': [256, 5]}, {'POOLMAX': [-1, 2]}), ({'CONV': [32, 3]}, {'CONV': [128, 3]}), ({'CONV': [128, 3]}, {'CONV': [256, 3]}, {'POOLMAX': [-1, 2]}), ({'CONV': [32, 3]}, {'CONV': [256, 3]}), ({'CONV': [32, 3]}, {'CONV': [128, 5]}, {'POOLMAX': [-1, 2]}), ({'CONV': [128, 5]}, {'CONV': [128, 3]}), ({'CONV': [256, 3]}, {'CONV': [256, 5]}, {'POOLMAX': [-1, 2]}), {'GLOBAL_AVG': None}, {'LAST_DENSE': [100, 'softmax']}]",HHSE,NSGA2,,,,,0.6985866686711858,,,,4213558272,5259556,,,,,,"[21, 36, 9, 26, 6, 6, 50, 62]",0.7158527381521345,-0.0002805549911902,0.0,0.0,0.875,0.0,0.35,0,0,0,100,0,0.0,BEST,False,False,266,True,True,GREEDY,,,GREEDY_HV
BIUFLP[M][M],2,3,40,35,0.4,True,True,"[3, 55, 4, 38, 6, 5, 44, 55]",[],"[3.2296748537663476, 55.55712924443929, 4.824902691578971, 38.727103469622335, 6.858379924769059, 5.026681496664181, 44.11380342383619, 55.5674353028177]","[{'INP': 32}, {'CONV': [64, 3]}, ({'CONV': [32, 3]}, {'CONV': [64, 5]}), ({'CONV': [256, 3]}, {'CONV': [256, 5]}, {'POOLMAX': [-1, 2]}), ({'CONV': [32, 3]}, {'CONV': [128, 3]}), ({'CONV': [128, 3]}, {'CONV': [256, 3]}, {'POOLMAX': [-1, 2]}), ({'CONV': [32, 3]}, {'CONV': [256, 3]}), ({'CONV': [32, 3]}, {'CONV': [128, 5]}, {'POOLMAX': [-1, 2]}), ({'CONV': [128, 5]}, {'CONV': [128, 3]}), ({'CONV': [256, 3]}, {'CONV': [256, 5]}, {'POOLMAX': [-1, 2]}), {'GLOBAL_AVG': None}, {'LAST_DENSE': [100, 'softmax']}]",HHSE,NSGA2,,,,,0.6985866686711858,,,,4213558272,5259556,,,,,,"[21, 36, 9, 26, 6, 6, 50, 62]",0.7158972321972311,-0.001674781742044,0.0,0.0,0.875,0.0,0.35,0,0,0,100,0,0.0,BEST,False,False,266,True,True,GREEDY,,,GREEDY_HV
BIUFLP[M][M],2,3,41,35,0.41,True,True,"[3, 55, 4, 38, 6, 5, 44, 55]",[],"[3.2296748537663476, 55.55712924443929, 4.824902691578971, 38.727103469622335, 6.858379924769059, 5.026681496664181, 44.11380342383619, 55.5674353028177]","[{'INP': 32}, {'CONV': [64, 3]}, ({'CONV': [32, 3]}, {'CONV': [64, 5]}), ({'CONV': [256, 3]}, {'CONV': [256, 5]}, {'POOLMAX': [-1, 2]}), ({'CONV': [32, 3]}, {'CONV': [128, 3]}), ({'CONV': [128, 3]}, {'CONV': [256, 3]}, {'POOLMAX': [-1, 2]}), ({'CONV': [32, 3]}, {'CONV': [256, 3]}), ({'CONV': [32, 3]}, {'CONV': [128, 5]}, {'POOLMAX': [-1, 2]}), ({'CONV': [128, 5]}, {'CONV': [128, 3]}), ({'CONV': [256, 3]}, {'CONV': [256, 5]}, {'POOLMAX': [-1, 2]}), {'GLOBAL_AVG': None}, {'LAST_DENSE': [100, 'softmax']}]",HHSE,NSGA2,,,,,0.6985866686711858,,,,4213558272,5259556,,,,,,"[21, 36, 9, 26, 6, 6, 50, 62]",0.7159350040520445,-0.0005295076140214,0.0,0.0,0.875,0.0,0.35,0,0,0,100,0,0.0,BEST,False,False,266,True,True,GREEDY,,,GREEDY_HV
BIUFLP[M][M],2,3,42,35,0.42,True,True,"[3, 55, 4, 38, 6, 5, 44, 55]",[],"[3.2296748537663476, 55.55712924443929, 4.824902691578971, 38.727103469622335, 6.858379924769059, 5.026681496664181, 44.11380342383619, 55.5674353028177]","[{'INP': 32}, {'CONV': [64, 3]}, ({'CONV': [32, 3]}, {'CONV': [64, 5]}), ({'CONV': [256, 3]}, {'CONV': [256, 5]}, {'POOLMAX': [-1, 2]}), ({'CONV': [32, 3]}, {'CONV': [128, 3]}), ({'CONV': [128, 3]}, {'CONV': [256, 3]}, {'POOLMAX': [-1, 2]}), ({'CONV': [32, 3]}, {'CONV': [256, 3]}), ({'CONV': [32, 3]}, {'CONV': [128, 5]}, {'POOLMAX': [-1, 2]}), ({'CONV': [128, 5]}, {'CONV': [128, 3]}), ({'CONV': [256, 3]}, {'CONV': [256, 5]}, {'POOLMAX': [-1, 2]}), {'GLOBAL_AVG': None}, {'LAST_DENSE': [100, 'softmax']}]",HHSE,NSGA2,,,,,0.6985866686711858,,,,4213558272,5259556,,,,,,"[21, 36, 9, 26, 6, 6, 50, 62]",0.7159711269084383,-0.0002538647077057,0.0,0.0,0.875,0.0,0.35,0,0,0,100,0,0.0,BEST,False,False,266,True,True,GREEDY,,,GREEDY_HV
BIUFLP[M][M],2,3,43,35,0.43,True,True,"[3, 55, 4, 38, 6, 5, 44, 55]",[],"[3.2296748537663476, 55.55712924443929, 4.824902691578971, 38.727103469622335, 6.858379924769059, 5.026681496664181, 44.11380342383619, 55.5674353028177]","[{'INP': 32}, {'CONV': [64, 3]}, ({'CONV': [32, 3]}, {'CONV': [64, 5]}), ({'CONV': [256, 3]}, {'CONV': [256, 5]}, {'POOLMAX': [-1, 2]}), ({'CONV': [32, 3]}, {'CONV': [128, 3]}), ({'CONV': [128, 3]}, {'CONV': [256, 3]}, {'POOLMAX': [-1, 2]}), ({'CONV': [32, 3]}, {'CONV': [256, 3]}), ({'CONV': [32, 3]}, {'CONV': [128, 5]}, {'POOLMAX': [-1, 2]}), ({'CONV': [128, 5]}, {'CONV': [128, 3]}), ({'CONV': [256, 3]}, {'CONV': [256, 5]}, {'POOLMAX': [-1, 2]}), {'GLOBAL_AVG': None}, {'LAST_DENSE': [100, 'softmax']}]",HHSE,NSGA2,,,,,0.6985866686711858,,,,4213558272,5259556,,,,,,"[21, 36, 9, 26, 6, 6, 50, 62]",0.7159785131789587,-0.0048847971824662,0.0,0.0,0.875,0.0,0.35,0,0,0,100,0,0.0,BEST,False,False,266,True,True,GREEDY,,,GREEDY_HV
BIUFLP[M][M],2,3,44,35,0.44,True,True,"[3, 55, 4, 38, 6, 5, 44, 55]",[],"[3.2296748537663476, 55.55712924443929, 4.824902691578971, 38.727103469622335, 6.858379924769059, 5.026681496664181, 44.11380342383619, 55.5674353028177]","[{'INP': 32}, {'CONV': [64, 3]}, ({'CONV': [32, 3]}, {'CONV': [64, 5]}), ({'CONV': [256, 3]}, {'CONV': [256, 5]}, {'POOLMAX': [-1, 2]}), ({'CONV': [32, 3]}, {'CONV': [128, 3]}), ({'CONV': [128, 3]}, {'CONV': [256, 3]}, {'POOLMAX': [-1, 2]}), ({'CONV': [32, 3]}, {'CONV': [256, 3]}), ({'CONV': [32, 3]}, {'CONV': [128, 5]}, {'POOLMAX': [-1, 2]}), ({'CONV': [128, 5]}, {'CONV': [128, 3]}), ({'CONV': [256, 3]}, {'CONV': [256, 5]}, {'POOLMAX': [-1, 2]}), {'GLOBAL_AVG': None}, {'LAST_DENSE': [100, 'softmax']}]",HHSE,NSGA2,,,,,0.6985866686711858,,,,4213558272,5259556,,,,,,"[21, 36, 9, 26, 6, 6, 50, 62]",0.716069617216947,-0.0011135940090882,0.0,0.0,0.875,0.0,0.35,0,0,0,100,0,0.0,BEST,False,False,266,True,True,GREEDY,,,GREEDY_HV
BIUFLP[M][M],2,3,45,35,0.45,True,True,"[3, 55, 4, 38, 6, 5, 44, 55]",[],"[3.2296748537663476, 55.55712924443929, 4.824902691578971, 38.727103469622335, 6.858379924769059, 5.026681496664181, 44.11380342383619, 55.5674353028177]","[{'INP': 32}, {'CONV': [64, 3]}, ({'CONV': [32, 3]}, {'CONV': [64, 5]}), ({'CONV': [256, 3]}, {'CONV': [256, 5]}, {'POOLMAX': [-1, 2]}), ({'CONV': [32, 3]}, {'CONV': [128, 3]}), ({'CONV': [128, 3]}, {'CONV': [256, 3]}, {'POOLMAX': [-1, 2]}), ({'CONV': [32, 3]}, {'CONV': [256, 3]}), ({'CONV': [32, 3]}, {'CONV': [128, 5]}, {'POOLMAX': [-1, 2]}), ({'CONV': [128, 5]}, {'CONV': [128, 3]}), ({'CONV': [256, 3]}, {'CONV': [256, 5]}, {'POOLMAX': [-1, 2]}), {'GLOBAL_AVG': None}, {'LAST_DENSE': [100, 'softmax']}]",HHSE,NSGA2,,,,,0.6985866686711858,,,,4213558272,5259556,,,,,,"[21, 36, 9, 26, 6, 6, 50, 62]",0.7162933848456343,-0.0017352467804998,0.0,0.0,0.875,0.0,0.35,0,1,0,100,0,0.01,BEST,False,False,266,True,True,GREEDY,,,GREEDY_HV
BIUFLP[M][M],2,3,46,35,0.46,True,True,"[3, 55, 4, 38, 6, 5, 44, 55]",[],"[3.2296748537663476, 55.55712924443929, 4.824902691578971, 38.727103469622335, 6.858379924769059, 5.026681496664181, 44.11380342383619, 55.5674353028177]","[{'INP': 32}, {'CONV': [64, 3]}, ({'CONV': [32, 3]}, {'CONV': [64, 5]}), ({'CONV': [256, 3]}, {'CONV': [256, 5]}, {'POOLMAX': [-1, 2]}), ({'CONV': [32, 3]}, {'CONV': [128, 3]}), ({'CONV': [128, 3]}, {'CONV': [256, 3]}, {'POOLMAX': [-1, 2]}), ({'CONV': [32, 3]}, {'CONV': [256, 3]}), ({'CONV': [32, 3]}, {'CONV': [128, 5]}, {'POOLMAX': [-1, 2]}), ({'CONV': [128, 5]}, {'CONV': [128, 3]}), ({'CONV': [256, 3]}, {'CONV': [256, 5]}, {'POOLMAX': [-1, 2]}), {'GLOBAL_AVG': None}, {'LAST_DENSE': [100, 'softmax']}]",HHSE,NSGA2,,,,,0.6985866686711858,,,,4213558272,5259556,,,,,,"[21, 36, 9, 26, 6, 6, 50, 62]",0.7162322313156528,-0.0003202335024097,0.0,0.0,0.875,0.0,0.35,0,0,0,100,0,0.0,BEST,False,False,266,True,True,GREEDY,,,GREEDY_HV
BIUFLP[M][M],2,3,47,35,0.47,True,True,"[3, 55, 4, 38, 6, 5, 44, 55]",[],"[3.2296748537663476, 55.55712924443929, 4.824902691578971, 38.727103469622335, 6.858379924769059, 5.026681496664181, 44.11380342383619, 55.5674353028177]","[{'INP': 32}, {'CONV': [64, 3]}, ({'CONV': [32, 3]}, {'CONV': [64, 5]}), ({'CONV': [256, 3]}, {'CONV': [256, 5]}, {'POOLMAX': [-1, 2]}), ({'CONV': [32, 3]}, {'CONV': [128, 3]}), ({'CONV': [128, 3]}, {'CONV': [256, 3]}, {'POOLMAX': [-1, 2]}), ({'CONV': [32, 3]}, {'CONV': [256, 3]}), ({'CONV': [32, 3]}, {'CONV': [128, 5]}, {'POOLMAX': [-1, 2]}), ({'CONV': [128, 5]}, {'CONV': [128, 3]}), ({'CONV': [256, 3]}, {'CONV': [256, 5]}, {'POOLMAX': [-1, 2]}), {'GLOBAL_AVG': None}, {'LAST_DENSE': [100, 'softmax']}]",HHSE,NSGA2,,,,,0.6985866686711858,,,,4213558272,5259556,,,,,,"[21, 36, 9, 26, 6, 6, 50, 62]",0.7169828076397405,-0.0034672290480566,0.0,0.0,0.875,0.0,0.35,0,0,0,100,0,0.0,BEST,False,False,266,True,True,GREEDY,,,GREEDY_HV
BIUFLP[M][M],2,3,48,35,0.48,True,True,"[3, 55, 4, 38, 6, 5, 44, 55]",[],"[3.2296748537663476, 55.55712924443929, 4.824902691578971, 38.727103469622335, 6.858379924769059, 5.026681496664181, 44.11380342383619, 55.5674353028177]","[{'INP': 32}, {'CONV': [64, 3]}, ({'CONV': [32, 3]}, {'CONV': [64, 5]}), ({'CONV': [256, 3]}, {'CONV': [256, 5]}, {'POOLMAX': [-1, 2]}), ({'CONV': [32, 3]}, {'CONV': [128, 3]}), ({'CONV': [128, 3]}, {'CONV': [256, 3]}, {'POOLMAX': [-1, 2]}), ({'CONV': [32, 3]}, {'CONV': [256, 3]}), ({'CONV': [32, 3]}, {'CONV': [128, 5]}, {'POOLMAX': [-1, 2]}), ({'CONV': [128, 5]}, {'CONV': [128, 3]}), ({'CONV': [256, 3]}, {'CONV': [256, 5]}, {'POOLMAX': [-1, 2]}), {'GLOBAL_AVG': None}, {'LAST_DENSE': [100, 'softmax']}]",HHSE,NSGA2,,,,,0.6985866686711858,,,,4213558272,5259556,,,,,,"[21, 36, 9, 26, 6, 6, 50, 62]",0.7203446379947729,0.0030508910876156,0.0,0.0,0.875,0.0,0.35,0,0,0,100,0,0.0,BEST,False,False,266,True,True,GREEDY,,,GREEDY_HV
BIUFLP[M][M],2,3,49,35,0.49,True,True,"[3, 55, 4, 38, 6, 5, 44, 55]",[],"[3.2296748537663476, 55.55712924443929, 4.824902691578971, 38.727103469622335, 6.858379924769059, 5.026681496664181, 44.11380342383619, 55.5674353028177]","[{'INP': 32}, {'CONV': [64, 3]}, ({'CONV': [32, 3]}, {'CONV': [64, 5]}), ({'CONV': [256, 3]}, {'CONV': [256, 5]}, {'POOLMAX': [-1, 2]}), ({'CONV': [32, 3]}, {'CONV': [128, 3]}), ({'CONV': [128, 3]}, {'CONV': [256, 3]}, {'POOLMAX': [-1, 2]}), ({'CONV': [32, 3]}, {'CONV': [256, 3]}), ({'CONV': [32, 3]}, {'CONV': [128, 5]}, {'POOLMAX': [-1, 2]}), ({'CONV': [128, 5]}, {'CONV': [128, 3]}), ({'CONV': [256, 3]}, {'CONV': [256, 5]}, {'POOLMAX': [-1, 2]}), {'GLOBAL_AVG': None}, {'LAST_DENSE': [100, 'softmax']}]",HHSE,NSGA2,,,,,0.6985866686711858,,,,4213558272,5259556,,,,,,"[21, 36, 9, 26, 6, 6, 50, 62]",0.7171059633072273,-0.0003731658041072,0.0,0.0,0.875,0.0,0.35,0,0,0,100,0,0.0,BEST,False,False,266,True,True,GREEDY,,,GREEDY_HV
BIUFLP[M][M],2,3,50,35,0.5,True,True,"[3, 55, 4, 38, 6, 5, 44, 55]",[],"[3.2296748537663476, 55.55712924443929, 4.824902691578971, 38.727103469622335, 6.858379924769059, 5.026681496664181, 44.11380342383619, 55.5674353028177]","[{'INP': 32}, {'CONV': [64, 3]}, ({'CONV': [32, 3]}, {'CONV': [64, 5]}), ({'CONV': [256, 3]}, {'CONV': [256, 5]}, {'POOLMAX': [-1, 2]}), ({'CONV': [32, 3]}, {'CONV': [128, 3]}), ({'CONV': [128, 3]}, {'CONV': [256, 3]}, {'POOLMAX': [-1, 2]}), ({'CONV': [32, 3]}, {'CONV': [256, 3]}), ({'CONV': [32, 3]}, {'CONV': [128, 5]}, {'POOLMAX': [-1, 2]}), ({'CONV': [128, 5]}, {'CONV': [128, 3]}), ({'CONV': [256, 3]}, {'CONV': [256, 5]}, {'POOLMAX': [-1, 2]}), {'GLOBAL_AVG': None}, {'LAST_DENSE': [100, 'softmax']}]",HHSE,NSGA2,,,,,0.6985866686711858,,,,4213558272,5259556,,,,,,"[21, 36, 9, 26, 6, 6, 50, 62]",0.7171104545657295,-0.0051564811013169,0.0,0.0,0.875,0.0,0.35,0,0,0,100,0,0.0,BEST,False,False,266,True,True,GREEDY,,,GREEDY_HV
BIUFLP[M][M],2,3,51,35,0.51,True,True,"[3, 55, 4, 38, 6, 5, 44, 55]",[],"[3.2296748537663476, 55.55712924443929, 4.824902691578971, 38.727103469622335, 6.858379924769059, 5.026681496664181, 44.11380342383619, 55.5674353028177]","[{'INP': 32}, {'CONV': [64, 3]}, ({'CONV': [32, 3]}, {'CONV': [64, 5]}), ({'CONV': [256, 3]}, {'CONV': [256, 5]}, {'POOLMAX': [-1, 2]}), ({'CONV': [32, 3]}, {'CONV': [128, 3]}), ({'CONV': [128, 3]}, {'CONV': [256, 3]}, {'POOLMAX': [-1, 2]}), ({'CONV': [32, 3]}, {'CONV': [256, 3]}), ({'CONV': [32, 3]}, {'CONV': [128, 5]}, {'POOLMAX': [-1, 2]}), ({'CONV': [128, 5]}, {'CONV': [128, 3]}), ({'CONV': [256, 3]}, {'CONV': [256, 5]}, {'POOLMAX': [-1, 2]}), {'GLOBAL_AVG': None}, {'LAST_DENSE': [100, 'softmax']}]",HHSE,NSGA2,,,,,0.6985866686711858,,,,4213558272,5259556,,,,,,"[21, 36, 9, 26, 6, 6, 50, 62]",0.7171162490602246,-0.001700244701676,0.0,0.0,0.875,0.0,0.35,0,0,0,100,0,0.0,BEST,False,False,266,True,True,GREEDY,,,GREEDY_HV
BWOUBQ[M],2,3,52,52,0.52,True,True,"[54, 17, 2, 37, 14, 6, 22, 55]",[],"[54.088502957576345, 17.576610793447507, 2.8704125808427485, 37.6919450736272, 14.797303676351774, 6.3444651444418, 22.362219872989694, 55.794718940616264]","[{'INP': 32}, {'CONV': [64, 3]}, ({'CONV': [256, 3]}, {'CONV': [256, 3]}), ({'CONV': [64, 3]}, {'CONV': [32, 5]}, {'POOLMAX': [-1, 2]}), ({'CONV': [32, 3]}, {'CONV': [64, 3]}), ({'CONV': [128, 3]}, {'CONV': [128, 5]}, {'POOLMAX': [-1, 2]}), ({'CONV': [32, 5]}, {'CONV': [256, 3]}), ({'CONV': [32, 3]}, {'CONV': [256, 3]}, {'POOLMAX': [-1, 2]}), ({'CONV': [64, 3]}, {'CONV': [256, 3]}), ({'CONV': [256, 3]}, {'CONV': [256, 5]}, {'POOLMAX': [-1, 2]}), {'GLOBAL_AVG': None}, {'LAST_DENSE': [100, 'softmax']}]",HHSE,NSGA2,,,,,0.6986289786699138,,,,2308653056,4330788,,,,,,"[46, 0, 4, 39, 12, 6, 39, 60]",0.7171609034949745,-0.000831520325185,0.625,0.125,0.875,0.875,0.52,0,0,0,100,0,0.0,BEST,False,False,265,True,True,GREEDY,,,GREEDY_HV
BWOUBQ[M],2,3,53,52,0.53,True,True,"[54, 17, 2, 37, 14, 6, 22, 55]",[],"[54.088502957576345, 17.576610793447507, 2.8704125808427485, 37.6919450736272, 14.797303676351774, 6.3444651444418, 22.362219872989694, 55.794718940616264]","[{'INP': 32}, {'CONV': [64, 3]}, ({'CONV': [256, 3]}, {'CONV': [256, 3]}), ({'CONV': [64, 3]}, {'CONV': [32, 5]}, {'POOLMAX': [-1, 2]}), ({'CONV': [32, 3]}, {'CONV': [64, 3]}), ({'CONV': [128, 3]}, {'CONV': [128, 5]}, {'POOLMAX': [-1, 2]}), ({'CONV': [32, 5]}, {'CONV': [256, 3]}), ({'CONV': [32, 3]}, {'CONV': [256, 3]}, {'POOLMAX': [-1, 2]}), ({'CONV': [64, 3]}, {'CONV': [256, 3]}), ({'CONV': [256, 3]}, {'CONV': [256, 5]}, {'POOLMAX': [-1, 2]}), {'GLOBAL_AVG': None}, {'LAST_DENSE': [100, 'softmax']}]",HHSE,NSGA2,,,,,0.6986289786699138,,,,2308653056,4330788,,,,,,"[46, 0, 4, 39, 12, 6, 39, 60]",0.7172274473770028,-0.0004825125746447,0.625,0.125,0.875,0.0,0.52,0,1,0,100,0,0.01,BEST,False,False,265,True,True,GREEDY,,,GREEDY_HV
BWOUBQ[M],2,3,54,52,0.54,True,True,"[54, 17, 2, 37, 14, 6, 22, 55]",[],"[54.088502957576345, 17.576610793447507, 2.8704125808427485, 37.6919450736272, 14.797303676351774, 6.3444651444418, 22.362219872989694, 55.794718940616264]","[{'INP': 32}, {'CONV': [64, 3]}, ({'CONV': [256, 3]}, {'CONV': [256, 3]}), ({'CONV': [64, 3]}, {'CONV': [32, 5]}, {'POOLMAX': [-1, 2]}), ({'CONV': [32, 3]}, {'CONV': [64, 3]}), ({'CONV': [128, 3]}, {'CONV': [128, 5]}, {'POOLMAX': [-1, 2]}), ({'CONV': [32, 5]}, {'CONV': [256, 3]}), ({'CONV': [32, 3]}, {'CONV': [256, 3]}, {'POOLMAX': [-1, 2]}), ({'CONV': [64, 3]}, {'CONV': [256, 3]}), ({'CONV': [256, 3]}, {'CONV': [256, 5]}, {'POOLMAX': [-1, 2]}), {'GLOBAL_AVG': None}, {'LAST_DENSE': [100, 'softmax']}]",HHSE,NSGA2,,,,,0.6986289786699138,,,,2308653056,4330788,,,,,,"[46, 0, 4, 39, 12, 6, 39, 60]",0.7172708410564136,-0.0029048122617382,0.625,0.125,0.875,0.0,0.52,0,0,0,100,0,0.0,BEST,False,False,265,True,True,GREEDY,,,GREEDY_HV
BWOUBQ[M],2,3,55,52,0.55,True,True,"[54, 17, 2, 37, 14, 6, 22, 55]",[],"[54.088502957576345, 17.576610793447507, 2.8704125808427485, 37.6919450736272, 14.797303676351774, 6.3444651444418, 22.362219872989694, 55.794718940616264]","[{'INP': 32}, {'CONV': [64, 3]}, ({'CONV': [256, 3]}, {'CONV': [256, 3]}), ({'CONV': [64, 3]}, {'CONV': [32, 5]}, {'POOLMAX': [-1, 2]}), ({'CONV': [32, 3]}, {'CONV': [64, 3]}), ({'CONV': [128, 3]}, {'CONV': [128, 5]}, {'POOLMAX': [-1, 2]}), ({'CONV': [32, 5]}, {'CONV': [256, 3]}), ({'CONV': [32, 3]}, {'CONV': [256, 3]}, {'POOLMAX': [-1, 2]}), ({'CONV': [64, 3]}, {'CONV': [256, 3]}), ({'CONV': [256, 3]}, {'CONV': [256, 5]}, {'POOLMAX': [-1, 2]}), {'GLOBAL_AVG': None}, {'LAST_DENSE': [100, 'softmax']}]",HHSE,NSGA2,,,,,0.6986289786699138,,,,2308653056,4330788,,,,,,"[46, 0, 4, 39, 12, 6, 39, 60]",0.7172897947927097,-0.0013945859300233,0.625,0.125,0.875,0.0,0.52,0,0,0,100,0,0.0,BEST,False,False,265,True,True,GREEDY,,,GREEDY_HV
BBDIFU[M][M],2,3,56,56,0.56,True,True,"[3, 3, 16, 39, 55, 39, 45, 55]",[],"[3.8637173275415453, 3.270043594000162, 16.322370413636516, 39.78913409945359, 55.87657478709037, 39.1385816659694, 45.57980531999888, 55.017037718151975]","[{'INP': 32}, {'CONV': [64, 3]}, ({'CONV': [32, 3]}, {'CONV': [64, 5]}), ({'CONV': [32, 3]}, {'CONV': [64, 5]}, {'POOLMAX': [-1, 2]}), ({'CONV': [64, 3]}, {'CONV': [32, 3]}), ({'CONV': [128, 3]}, {'CONV': [256, 5]}, {'POOLMAX': [-1, 2]}), ({'CONV': [256, 3]}, {'CONV': [256, 5]}), ({'CONV': [128, 3]}, {'CONV': [256, 5]}, {'POOLMAX': [-1, 2]}), ({'CONV': [128, 5]}, {'CONV': [128, 5]}), ({'CONV': [256, 3]}, {'CONV': [256, 5]}, {'POOLMAX': [-1, 2]}), {'GLOBAL_AVG': None}, {'LAST_DENSE': [100, 'softmax']}]",HHSE,NSGA2,,,,,0.6988967695291575,,,,1287306240,7592100,,,,,,"[2, 4, 0, 38, 55, 27, 41, 53]",0.7175061002224633,-0.0028256174863834,0.0,0.0,0.875,0.875,0.56,0,0,0,100,0,0.0,BEST,False,False,264,True,True,GREEDY,,,GREEDY_HV
BBDIFU[M][M],2,3,57,56,0.57,True,True,"[3, 3, 16, 39, 55, 39, 45, 55]",[],"[3.8637173275415453, 3.270043594000162, 16.322370413636516, 39.78913409945359, 55.87657478709037, 39.1385816659694, 45.57980531999888, 55.017037718151975]","[{'INP': 32}, {'CONV': [64, 3]}, ({'CONV': [32, 3]}, {'CONV': [64, 5]}), ({'CONV': [32, 3]}, {'CONV': [64, 5]}, {'POOLMAX': [-1, 2]}), ({'CONV': [64, 3]}, {'CONV': [32, 3]}), ({'CONV': [128, 3]}, {'CONV': [256, 5]}, {'POOLMAX': [-1, 2]}), ({'CONV': [256, 3]}, {'CONV': [256, 5]}), ({'CONV': [128, 3]}, {'CONV': [256, 5]}, {'POOLMAX': [-1, 2]}), ({'CONV': [128, 5]}, {'CONV': [128, 5]}), ({'CONV': [256, 3]}, {'CONV': [256, 5]}, {'POOLMAX': [-1, 2]}), {'GLOBAL_AVG': None}, {'LAST_DENSE': [100, 'softmax']}]",HHSE,NSGA2,,,,,0.6988967695291575,,,,1287306240,7592100,,,,,,"[2, 4, 0, 38, 55, 27, 41, 53]",0.717739234947365,-0.0004142214215958,0.0,0.0,0.875,0.0,0.56,0,0,0,100,0,0.0,BEST,False,False,264,True,True,GREEDY,,,GREEDY_HV
BBDIFU[M][M],2,3,58,56,0.58,True,True,"[3, 3, 16, 39, 55, 39, 45, 55]",[],"[3.8637173275415453, 3.270043594000162, 16.322370413636516, 39.78913409945359, 55.87657478709037, 39.1385816659694, 45.57980531999888, 55.017037718151975]","[{'INP': 32}, {'CONV': [64, 3]}, ({'CONV': [32, 3]}, {'CONV': [64, 5]}), ({'CONV': [32, 3]}, {'CONV': [64, 5]}, {'POOLMAX': [-1, 2]}), ({'CONV': [64, 3]}, {'CONV': [32, 3]}), ({'CONV': [128, 3]}, {'CONV': [256, 5]}, {'POOLMAX': [-1, 2]}), ({'CONV': [256, 3]}, {'CONV': [256, 5]}), ({'CONV': [128, 3]}, {'CONV': [256, 5]}, {'POOLMAX': [-1, 2]}), ({'CONV': [128, 5]}, {'CONV': [128, 5]}), ({'CONV': [256, 3]}, {'CONV': [256, 5]}, {'POOLMAX': [-1, 2]}), {'GLOBAL_AVG': None}, {'LAST_DENSE': [100, 'softmax']}]",HHSE,NSGA2,,,,,0.6988967695291575,,,,1287306240,7592100,,,,,,"[2, 4, 0, 38, 55, 27, 41, 53]",0.7232735852034015,0.0037321759780426,0.0,0.0,0.875,0.0,0.56,0,0,0,100,0,0.0,BEST,False,False,264,True,True,GREEDY,,,GREEDY_HV
BMOEMQ[M][M][M],2,3,59,59,0.59,True,True,"[0, 20, 31, 31, 55, 6, 23, 55]",[],"[0.019964200288120047, 20.76202594302293, 31.1661365398528, 31.945583040851016, 55.59041734347731, 6.443034708460165, 23.189937289012157, 55.9111824794905]","[{'INP': 32}, {'CONV': [64, 3]}, ({'CONV': [32, 3]}, {'CONV': [32, 3]}), ({'CONV': [64, 3]}, {'CONV': [128, 3]}, {'POOLMAX': [-1, 2]}), ({'CONV': [64, 5]}, {'CONV': [256, 5]}), ({'CONV': [64, 5]}, {'CONV': [256, 5]}, {'POOLMAX': [-1, 2]}), ({'CONV': [256, 3]}, {'CONV': [256, 5]}), ({'CONV': [32, 3]}, {'CONV': [256, 3]}, {'POOLMAX': [-1, 2]}), ({'CONV': [64, 3]}, {'CONV': [256, 5]}), ({'CONV': [256, 3]}, {'CONV': [256, 5]}, {'POOLMAX': [-1, 2]}), {'GLOBAL_AVG': None}, {'LAST_DENSE': [100, 'softmax']}]",HHSE,NSGA2,,,,,0.7043800739180023,,,,1379825664,6752164,,,,,,"[0, 17, 26, 36, 55, 6, 18, 55]",0.7177983102640711,-0.0003302306120684,0.0,0.0,0.5,0.75,0.59,0,0,0,100,0,0.0,BEST,False,False,201,True,True,GREEDY,,,GREEDY_HV
BMOEMQ[M][M][M],2,3,60,59,0.6,True,True,"[0, 20, 31, 31, 55, 6, 23, 55]",[],"[0.019964200288120047, 20.76202594302293, 31.1661365398528, 31.945583040851016, 55.59041734347731, 6.443034708460165, 23.189937289012157, 55.9111824794905]","[{'INP': 32}, {'CONV': [64, 3]}, ({'CONV': [32, 3]}, {'CONV': [32, 3]}), ({'CONV': [64, 3]}, {'CONV': [128, 3]}, {'POOLMAX': [-1, 2]}), ({'CONV': [64, 5]}, {'CONV': [256, 5]}), ({'CONV': [64, 5]}, {'CONV': [256, 5]}, {'POOLMAX': [-1, 2]}), ({'CONV': [256, 3]}, {'CONV': [256, 5]}), ({'CONV': [32, 3]}, {'CONV': [256, 3]}, {'POOLMAX': [-1, 2]}), ({'CONV': [64, 3]}, {'CONV': [256, 5]}), ({'CONV': [256, 3]}, {'CONV': [256, 5]}, {'POOLMAX': [-1, 2]}), {'GLOBAL_AVG': None}, {'LAST_DENSE': [100, 'softmax']}]",HHSE,NSGA2,,,,,0.7043800739180023,,,,1379825664,6752164,,,,,,"[0, 17, 26, 36, 55, 6, 18, 55]",0.7217273374080304,-0.0008560305543851,0.0,0.0,0.5,0.0,0.59,0,1,0,100,0,0.01,BEST,False,False,201,True,True,GREEDY,,,GREEDY_HV
BMOEMQ[M][M][M],2,3,61,59,0.61,True,True,"[0, 20, 31, 31, 55, 6, 23, 55]",[],"[0.019964200288120047, 20.76202594302293, 31.1661365398528, 31.945583040851016, 55.59041734347731, 6.443034708460165, 23.189937289012157, 55.9111824794905]","[{'INP': 32}, {'CONV': [64, 3]}, ({'CONV': [32, 3]}, {'CONV': [32, 3]}), ({'CONV': [64, 3]}, {'CONV': [128, 3]}, {'POOLMAX': [-1, 2]}), ({'CONV': [64, 5]}, {'CONV': [256, 5]}), ({'CONV': [64, 5]}, {'CONV': [256, 5]}, {'POOLMAX': [-1, 2]}), ({'CONV': [256, 3]}, {'CONV': [256, 5]}), ({'CONV': [32, 3]}, {'CONV': [256, 3]}, {'POOLMAX': [-1, 2]}), ({'CONV': [64, 3]}, {'CONV': [256, 5]}), ({'CONV': [256, 3]}, {'CONV': [256, 5]}, {'POOLMAX': [-1, 2]}), {'GLOBAL_AVG': None}, {'LAST_DENSE': [100, 'softmax']}]",HHSE,NSGA2,,,,,0.7043800739180023,,,,1379825664,6752164,,,,,,"[0, 17, 26, 36, 55, 6, 18, 55]",0.7216816548577994,-0.0008868001824217,0.0,0.0,0.5,0.0,0.59,0,0,0,100,0,0.0,BEST,False,False,201,True,True,GREEDY,,,GREEDY_HV
BMOEMQ[M][M][M],2,3,62,59,0.62,True,True,"[0, 20, 31, 31, 55, 6, 23, 55]",[],"[0.019964200288120047, 20.76202594302293, 31.1661365398528, 31.945583040851016, 55.59041734347731, 6.443034708460165, 23.189937289012157, 55.9111824794905]","[{'INP': 32}, {'CONV': [64, 3]}, ({'CONV': [32, 3]}, {'CONV': [32, 3]}), ({'CONV': [64, 3]}, {'CONV': [128, 3]}, {'POOLMAX': [-1, 2]}), ({'CONV': [64, 5]}, {'CONV': [256, 5]}), ({'CONV': [64, 5]}, {'CONV': [256, 5]}, {'POOLMAX': [-1, 2]}), ({'CONV': [256, 3]}, {'CONV': [256, 5]}), ({'CONV': [32, 3]}, {'CONV': [256, 3]}, {'POOLMAX': [-1, 2]}), ({'CONV': [64, 3]}, {'CONV': [256, 5]}), ({'CONV': [256, 3]}, {'CONV': [256, 5]}, {'POOLMAX': [-1, 2]}), {'GLOBAL_AVG': None}, {'LAST_DENSE': [100, 'softmax']}]",HHSE,NSGA2,,,,,0.7043800739180023,,,,1379825664,6752164,,,,,,"[0, 17, 26, 36, 55, 6, 18, 55]",0.7217026096669202,-0.0002688460938051,0.0,0.0,0.5,0.0,0.59,0,0,0,100,0,0.0,BEST,False,False,201,True,True,GREEDY,,,GREEDY_HV
BMOEMQ[M][M][M],2,3,63,59,0.63,True,True,"[0, 20, 31, 31, 55, 6, 23, 55]",[],"[0.019964200288120047, 20.76202594302293, 31.1661365398528, 31.945583040851016, 55.59041734347731, 6.443034708460165, 23.189937289012157, 55.9111824794905]","[{'INP': 32}, {'CONV': [64, 3]}, ({'CONV': [32, 3]}, {'CONV': [32, 3]}), ({'CONV': [64, 3]}, {'CONV': [128, 3]}, {'POOLMAX': [-1, 2]}), ({'CONV': [64, 5]}, {'CONV': [256, 5]}), ({'CONV': [64, 5]}, {'CONV': [256, 5]}, {'POOLMAX': [-1, 2]}), ({'CONV': [256, 3]}, {'CONV': [256, 5]}), ({'CONV': [32, 3]}, {'CONV': [256, 3]}, {'POOLMAX': [-1, 2]}), ({'CONV': [64, 3]}, {'CONV': [256, 5]}), ({'CONV': [256, 3]}, {'CONV': [256, 5]}, {'POOLMAX': [-1, 2]}), {'GLOBAL_AVG': None}, {'LAST_DENSE': [100, 'softmax']}]",HHSE,NSGA2,,,,,0.7043800739180023,,,,1379825664,6752164,,,,,,"[0, 17, 26, 36, 55, 6, 18, 55]",0.7217589596454883,-0.0003346911913875,0.0,0.0,0.5,0.0,0.59,0,0,0,100,0,0.0,BEST,False,False,201,True,True,GREEDY,,,GREEDY_HV
BMOEMQ[M][M][M],2,3,64,59,0.64,True,True,"[0, 20, 31, 31, 55, 6, 23, 55]",[],"[0.019964200288120047, 20.76202594302293, 31.1661365398528, 31.945583040851016, 55.59041734347731, 6.443034708460165, 23.189937289012157, 55.9111824794905]","[{'INP': 32}, {'CONV': [64, 3]}, ({'CONV': [32, 3]}, {'CONV': [32, 3]}), ({'CONV': [64, 3]}, {'CONV': [128, 3]}, {'POOLMAX': [-1, 2]}), ({'CONV': [64, 5]}, {'CONV': [256, 5]}), ({'CONV': [64, 5]}, {'CONV': [256, 5]}, {'POOLMAX': [-1, 2]}), ({'CONV': [256, 3]}, {'CONV': [256, 5]}), ({'CONV': [32, 3]}, {'CONV': [256, 3]}, {'POOLMAX': [-1, 2]}), ({'CONV': [64, 3]}, {'CONV': [256, 5]}), ({'CONV': [256, 3]}, {'CONV': [256, 5]}, {'POOLMAX': [-1, 2]}), {'GLOBAL_AVG': None}, {'LAST_DENSE': [100, 'softmax']}]",HHSE,NSGA2,,,,,0.7043800739180023,,,,1379825664,6752164,,,,,,"[0, 17, 26, 36, 55, 6, 18, 55]",0.7218946831447894,-0.0001681877701801,0.0,0.0,0.5,0.0,0.59,0,0,0,100,0,0.0,BEST,False,False,201,True,True,GREEDY,,,GREEDY_HV
BMOEMQ[M][M][M],2,3,65,59,0.65,True,True,"[0, 20, 31, 31, 55, 6, 23, 55]",[],"[0.019964200288120047, 20.76202594302293, 31.1661365398528, 31.945583040851016, 55.59041734347731, 6.443034708460165, 23.189937289012157, 55.9111824794905]","[{'INP': 32}, {'CONV': [64, 3]}, ({'CONV': [32, 3]}, {'CONV': [32, 3]}), ({'CONV': [64, 3]}, {'CONV': [128, 3]}, {'POOLMAX': [-1, 2]}), ({'CONV': [64, 5]}, {'CONV': [256, 5]}), ({'CONV': [64, 5]}, {'CONV': [256, 5]}, {'POOLMAX': [-1, 2]}), ({'CONV': [256, 3]}, {'CONV': [256, 5]}), ({'CONV': [32, 3]}, {'CONV': [256, 3]}, {'POOLMAX': [-1, 2]}), ({'CONV': [64, 3]}, {'CONV': [256, 5]}), ({'CONV': [256, 3]}, {'CONV': [256, 5]}, {'POOLMAX': [-1, 2]}), {'GLOBAL_AVG': None}, {'LAST_DENSE': [100, 'softmax']}]",HHSE,NSGA2,,,,,0.7043800739180023,,,,1379825664,6752164,,,,,,"[0, 17, 26, 36, 55, 6, 18, 55]",0.7219115639210077,-0.0012801956087907,0.0,0.0,0.5,0.0,0.59,0,0,0,100,0,0.0,BEST,False,False,201,True,True,GREEDY,,,GREEDY_HV
BMOEMQ[M][M][M],2,3,66,59,0.66,True,True,"[0, 20, 31, 31, 55, 6, 23, 55]",[],"[0.019964200288120047, 20.76202594302293, 31.1661365398528, 31.945583040851016, 55.59041734347731, 6.443034708460165, 23.189937289012157, 55.9111824794905]","[{'INP': 32}, {'CONV': [64, 3]}, ({'CONV': [32, 3]}, {'CONV': [32, 3]}), ({'CONV': [64, 3]}, {'CONV': [128, 3]}, {'POOLMAX': [-1, 2]}), ({'CONV': [64, 5]}, {'CONV': [256, 5]}), ({'CONV': [64, 5]}, {'CONV': [256, 5]}, {'POOLMAX': [-1, 2]}), ({'CONV': [256, 3]}, {'CONV': [256, 5]}), ({'CONV': [32, 3]}, {'CONV': [256, 3]}, {'POOLMAX': [-1, 2]}), ({'CONV': [64, 3]}, {'CONV': [256, 5]}), ({'CONV': [256, 3]}, {'CONV': [256, 5]}, {'POOLMAX': [-1, 2]}), {'GLOBAL_AVG': None}, {'LAST_DENSE': [100, 'softmax']}]",HHSE,NSGA2,,,,,0.7043800739180023,,,,1379825664,6752164,,,,,,"[0, 17, 26, 36, 55, 6, 18, 55]",0.7248334990306674,0.0024445883770874,0.0,0.0,0.5,0.0,0.59,0,1,0,100,0,0.01,BEST,False,False,201,True,True,GREEDY,,,GREEDY_HV
BMOEMQ[M][M][M],2,3,67,59,0.67,True,True,"[0, 20, 31, 31, 55, 6, 23, 55]",[],"[0.019964200288120047, 20.76202594302293, 31.1661365398528, 31.945583040851016, 55.59041734347731, 6.443034708460165, 23.189937289012157, 55.9111824794905]","[{'INP': 32}, {'CONV': [64, 3]}, ({'CONV': [32, 3]}, {'CONV': [32, 3]}), ({'CONV': [64, 3]}, {'CONV': [128, 3]}, {'POOLMAX': [-1, 2]}), ({'CONV': [64, 5]}, {'CONV': [256, 5]}), ({'CONV': [64, 5]}, {'CONV': [256, 5]}, {'POOLMAX': [-1, 2]}), ({'CONV': [256, 3]}, {'CONV': [256, 5]}), ({'CONV': [32, 3]}, {'CONV': [256, 3]}, {'POOLMAX': [-1, 2]}), ({'CONV': [64, 3]}, {'CONV': [256, 5]}), ({'CONV': [256, 3]}, {'CONV': [256, 5]}, {'POOLMAX': [-1, 2]}), {'GLOBAL_AVG': None}, {'LAST_DENSE': [100, 'softmax']}]",HHSE,NSGA2,,,,,0.7043800739180023,,,,1379825664,6752164,,,,,,"[0, 17, 26, 36, 55, 6, 18, 55]",0.7219290113712089,-0.0003890823964608,0.0,0.0,0.5,0.0,0.59,0,1,0,100,0,0.01,BEST,False,False,201,True,True,GREEDY,,,GREEDY_HV
BMOEMQ[M][M][M],2,3,68,59,0.68,True,True,"[0, 20, 31, 31, 55, 6, 23, 55]",[],"[0.019964200288120047, 20.76202594302293, 31.1661365398528, 31.945583040851016, 55.59041734347731, 6.443034708460165, 23.189937289012157, 55.9111824794905]","[{'INP': 32}, {'CONV': [64, 3]}, ({'CONV': [32, 3]}, {'CONV': [32, 3]}), ({'CONV': [64, 3]}, {'CONV': [128, 3]}, {'POOLMAX': [-1, 2]}), ({'CONV': [64, 5]}, {'CONV': [256, 5]}), ({'CONV': [64, 5]}, {'CONV': [256, 5]}, {'POOLMAX': [-1, 2]}), ({'CONV': [256, 3]}, {'CONV': [256, 5]}), ({'CONV': [32, 3]}, {'CONV': [256, 3]}, {'POOLMAX': [-1, 2]}), ({'CONV': [64, 3]}, {'CONV': [256, 5]}), ({'CONV': [256, 3]}, {'CONV': [256, 5]}, {'POOLMAX': [-1, 2]}), {'GLOBAL_AVG': None}, {'LAST_DENSE': [100, 'softmax']}]",HHSE,NSGA2,,,,,0.7043800739180023,,,,1379825664,6752164,,,,,,"[0, 17, 26, 36, 55, 6, 18, 55]",0.7220008242455717,-3.06245540485639e-05,0.0,0.0,0.5,0.0,0.59,0,0,0,100,0,0.0,BEST,False,False,201,True,True,GREEDY,,,GREEDY_HV
BMOEMQ[M][M][M],2,3,69,59,0.69,True,True,"[0, 20, 31, 31, 55, 6, 23, 55]",[],"[0.019964200288120047, 20.76202594302293, 31.1661365398528, 31.945583040851016, 55.59041734347731, 6.443034708460165, 23.189937289012157, 55.9111824794905]","[{'INP': 32}, {'CONV': [64, 3]}, ({'CONV': [32, 3]}, {'CONV': [32, 3]}), ({'CONV': [64, 3]}, {'CONV': [128, 3]}, {'POOLMAX': [-1, 2]}), ({'CONV': [64, 5]}, {'CONV': [256, 5]}), ({'CONV': [64, 5]}, {'CONV': [256, 5]}, {'POOLMAX': [-1, 2]}), ({'CONV': [256, 3]}, {'CONV': [256, 5]}), ({'CONV': [32, 3]}, {'CONV': [256, 3]}, {'POOLMAX': [-1, 2]}), ({'CONV': [64, 3]}, {'CONV': [256, 5]}), ({'CONV': [256, 3]}, {'CONV': [256, 5]}, {'POOLMAX': [-1, 2]}), {'GLOBAL_AVG': None}, {'LAST_DENSE': [100, 'softmax']}]",HHSE,NSGA2,,,,,0.7043800739180023,,,,1379825664,6752164,,,,,,"[0, 17, 26, 36, 55, 6, 18, 55]",0.7228208633492044,0.0006759524493936,0.0,0.0,0.5,0.0,0.59,0,0,0,100,0,0.0,BEST,False,False,201,True,True,GREEDY,,,GREEDY_HV
BMOEMQ[M][M][M],2,3,70,59,0.7,True,True,"[0, 20, 31, 31, 55, 6, 23, 55]",[],"[0.019964200288120047, 20.76202594302293, 31.1661365398528, 31.945583040851016, 55.59041734347731, 6.443034708460165, 23.189937289012157, 55.9111824794905]","[{'INP': 32}, {'CONV': [64, 3]}, ({'CONV': [32, 3]}, {'CONV': [32, 3]}), ({'CONV': [64, 3]}, {'CONV': [128, 3]}, {'POOLMAX': [-1, 2]}), ({'CONV': [64, 5]}, {'CONV': [256, 5]}), ({'CONV': [64, 5]}, {'CONV': [256, 5]}, {'POOLMAX': [-1, 2]}), ({'CONV': [256, 3]}, {'CONV': [256, 5]}), ({'CONV': [32, 3]}, {'CONV': [256, 3]}, {'POOLMAX': [-1, 2]}), ({'CONV': [64, 3]}, {'CONV': [256, 5]}), ({'CONV': [256, 3]}, {'CONV': [256, 5]}, {'POOLMAX': [-1, 2]}), {'GLOBAL_AVG': None}, {'LAST_DENSE': [100, 'softmax']}]",HHSE,NSGA2,,,,,0.7043800739180023,,,,1379825664,6752164,,,,,,"[0, 17, 26, 36, 55, 6, 18, 55]",0.722464067656804,-0.0001204640115339,0.0,0.0,0.5,0.0,0.59,0,2,0,100,0,0.02,BEST,False,False,201,True,True,GREEDY,,,GREEDY_HV
BMOEMQ[M][M][M],2,3,71,59,0.71,True,True,"[0, 20, 31, 31, 55, 6, 23, 55]",[],"[0.019964200288120047, 20.76202594302293, 31.1661365398528, 31.945583040851016, 55.59041734347731, 6.443034708460165, 23.189937289012157, 55.9111824794905]","[{'INP': 32}, {'CONV': [64, 3]}, ({'CONV': [32, 3]}, {'CONV': [32, 3]}), ({'CONV': [64, 3]}, {'CONV': [128, 3]}, {'POOLMAX': [-1, 2]}), ({'CONV': [64, 5]}, {'CONV': [256, 5]}), ({'CONV': [64, 5]}, {'CONV': [256, 5]}, {'POOLMAX': [-1, 2]}), ({'CONV': [256, 3]}, {'CONV': [256, 5]}), ({'CONV': [32, 3]}, {'CONV': [256, 3]}, {'POOLMAX': [-1, 2]}), ({'CONV': [64, 3]}, {'CONV': [256, 5]}), ({'CONV': [256, 3]}, {'CONV': [256, 5]}, {'POOLMAX': [-1, 2]}), {'GLOBAL_AVG': None}, {'LAST_DENSE': [100, 'softmax']}]",HHSE,NSGA2,,,,,0.7043800739180023,,,,1379825664,6752164,,,,,,"[0, 17, 26, 36, 55, 6, 18, 55]",0.7227860907048338,9.78514294667221e-05,0.0,0.0,0.5,0.0,0.59,0,1,0,100,0,0.01,BEST,False,False,201,True,True,GREEDY,,,GREEDY_HV
BMOEMQ[M][M][M],2,3,72,59,0.72,True,True,"[0, 20, 31, 31, 55, 6, 23, 55]",[],"[0.019964200288120047, 20.76202594302293, 31.1661365398528, 31.945583040851016, 55.59041734347731, 6.443034708460165, 23.189937289012157, 55.9111824794905]","[{'INP': 32}, {'CONV': [64, 3]}, ({'CONV': [32, 3]}, {'CONV': [32, 3]}), ({'CONV': [64, 3]}, {'CONV': [128, 3]}, {'POOLMAX': [-1, 2]}), ({'CONV': [64, 5]}, {'CONV': [256, 5]}), ({'CONV': [64, 5]}, {'CONV': [256, 5]}, {'POOLMAX': [-1, 2]}), ({'CONV': [256, 3]}, {'CONV': [256, 5]}), ({'CONV': [32, 3]}, {'CONV': [256, 3]}, {'POOLMAX': [-1, 2]}), ({'CONV': [64, 3]}, {'CONV': [256, 5]}), ({'CONV': [256, 3]}, {'CONV': [256, 5]}, {'POOLMAX': [-1, 2]}), {'GLOBAL_AVG': None}, {'LAST_DENSE': [100, 'softmax']}]",HHSE,NSGA2,,,,,0.7043800739180023,,,,1379825664,6752164,,,,,,"[0, 17, 26, 36, 55, 6, 18, 55]",0.722559286095122,-0.0001221843037877,0.0,0.0,0.5,0.0,0.59,0,0,0,100,0,0.0,BEST,False,False,201,True,True,GREEDY,,,GREEDY_HV
BBDIFU[M][M][M],2,3,73,73,0.73,True,True,"[7, 3, 15, 38, 55, 30, 45, 55]",[],"[7.86336124820569, 3.340516411825721, 15.226655285514381, 38.33947097910012, 55.1477522389608, 30.736490818907107, 45.684372904273665, 55.04762981914246]","[{'INP': 32}, {'CONV': [64, 3]}, ({'CONV': [32, 3]}, {'CONV': [256, 5]}), ({'CONV': [32, 3]}, {'CONV': [64, 5]}, {'POOLMAX': [-1, 2]}), ({'CONV': [32, 5]}, {'CONV': [256, 5]}), ({'CONV': [128, 3]}, {'CONV': [256, 3]}, {'POOLMAX': [-1, 2]}), ({'CONV': [256, 3]}, {'CONV': [256, 5]}), ({'CONV': [64, 5]}, {'CONV': [256, 3]}, {'POOLMAX': [-1, 2]}), ({'CONV': [128, 5]}, {'CONV': [128, 5]}), ({'CONV': [256, 3]}, {'CONV': [256, 5]}, {'POOLMAX': [-1, 2]}), {'GLOBAL_AVG': None}, {'LAST_DENSE': [100, 'softmax']}]",HHSE,NSGA2,,,,,0.7066482346118803,,,,1611475968,7179684,,,,,,"[3, 3, 16, 39, 55, 39, 45, 55]",0.7227238801645731,-0.0007268831377348,0.0,0.0,0.5,0.75,0.73,0,0,0,100,0,0.0,BEST,False,False,166,True,True,GREEDY,,,GREEDY_HV
BBDIFU[M][M][M],2,3,74,73,0.74,True,True,"[7, 3, 15, 38, 55, 30, 45, 55]",[],"[7.86336124820569, 3.340516411825721, 15.226655285514381, 38.33947097910012, 55.1477522389608, 30.736490818907107, 45.684372904273665, 55.04762981914246]","[{'INP': 32}, {'CONV': [64, 3]}, ({'CONV': [32, 3]}, {'CONV': [256, 5]}), ({'CONV': [32, 3]}, {'CONV': [64, 5]}, {'POOLMAX': [-1, 2]}), ({'CONV': [32, 5]}, {'CONV': [256, 5]}), ({'CONV': [128, 3]}, {'CONV': [256, 3]}, {'POOLMAX': [-1, 2]}), ({'CONV': [256, 3]}, {'CONV': [256, 5]}), ({'CONV': [64, 5]}, {'CONV': [256, 3]}, {'POOLMAX': [-1, 2]}), ({'CONV': [128, 5]}, {'CONV': [128, 5]}), ({'CONV': [256, 3]}, {'CONV': [256, 5]}, {'POOLMAX': [-1, 2]}), {'GLOBAL_AVG': None}, {'LAST_DENSE': [100, 'softmax']}]",HHSE,NSGA2,,,,,0.7066482346118803,,,,1611475968,7179684,,,,,,"[3, 3, 16, 39, 55, 39, 45, 55]",0.724262331683535,-0.0008987995602889,0.0,0.0,0.5,0.0,0.73,0,0,0,100,0,0.0,BEST,False,False,166,True,True,GREEDY,,,GREEDY_HV
BBDIFU[M][M][M],2,3,75,73,0.75,True,True,"[7, 3, 15, 38, 55, 30, 45, 55]",[],"[7.86336124820569, 3.340516411825721, 15.226655285514381, 38.33947097910012, 55.1477522389608, 30.736490818907107, 45.684372904273665, 55.04762981914246]","[{'INP': 32}, {'CONV': [64, 3]}, ({'CONV': [32, 3]}, {'CONV': [256, 5]}), ({'CONV': [32, 3]}, {'CONV': [64, 5]}, {'POOLMAX': [-1, 2]}), ({'CONV': [32, 5]}, {'CONV': [256, 5]}), ({'CONV': [128, 3]}, {'CONV': [256, 3]}, {'POOLMAX': [-1, 2]}), ({'CONV': [256, 3]}, {'CONV': [256, 5]}), ({'CONV': [64, 5]}, {'CONV': [256, 3]}, {'POOLMAX': [-1, 2]}), ({'CONV': [128, 5]}, {'CONV': [128, 5]}), ({'CONV': [256, 3]}, {'CONV': [256, 5]}, {'POOLMAX': [-1, 2]}), {'GLOBAL_AVG': None}, {'LAST_DENSE': [100, 'softmax']}]",HHSE,NSGA2,,,,,0.7066482346118803,,,,1611475968,7179684,,,,,,"[3, 3, 16, 39, 55, 39, 45, 55]",0.7243697233254199,-0.0001045293770705,0.0,0.0,0.5,0.0,0.73,0,1,0,100,0,0.01,BEST,False,False,166,True,True,GREEDY,,,GREEDY_HV
BBDIFU[M][M][M],2,3,76,73,0.76,True,True,"[7, 3, 15, 38, 55, 30, 45, 55]",[],"[7.86336124820569, 3.340516411825721, 15.226655285514381, 38.33947097910012, 55.1477522389608, 30.736490818907107, 45.684372904273665, 55.04762981914246]","[{'INP': 32}, {'CONV': [64, 3]}, ({'CONV': [32, 3]}, {'CONV': [256, 5]}), ({'CONV': [32, 3]}, {'CONV': [64, 5]}, {'POOLMAX': [-1, 2]}), ({'CONV': [32, 5]}, {'CONV': [256, 5]}), ({'CONV': [128, 3]}, {'CONV': [256, 3]}, {'POOLMAX': [-1, 2]}), ({'CONV': [256, 3]}, {'CONV': [256, 5]}), ({'CONV': [64, 5]}, {'CONV': [256, 3]}, {'POOLMAX': [-1, 2]}), ({'CONV': [128, 5]}, {'CONV': [128, 5]}), ({'CONV': [256, 3]}, {'CONV': [256, 5]}, {'POOLMAX': [-1, 2]}), {'GLOBAL_AVG': None}, {'LAST_DENSE': [100, 'softmax']}]",HHSE,NSGA2,,,,,0.7066482346118803,,,,1611475968,7179684,,,,,,"[3, 3, 16, 39, 55, 39, 45, 55]",0.7244320006467705,-9.205233465392482e-05,0.0,0.0,0.5,0.0,0.73,0,0,0,100,0,0.0,BEST,False,False,166,True,True,GREEDY,,,GREEDY_HV
BBDIFU[M][M][M],2,3,77,73,0.77,True,True,"[7, 3, 15, 38, 55, 30, 45, 55]",[],"[7.86336124820569, 3.340516411825721, 15.226655285514381, 38.33947097910012, 55.1477522389608, 30.736490818907107, 45.684372904273665, 55.04762981914246]","[{'INP': 32}, {'CONV': [64, 3]}, ({'CONV': [32, 3]}, {'CONV': [256, 5]}), ({'CONV': [32, 3]}, {'CONV': [64, 5]}, {'POOLMAX': [-1, 2]}), ({'CONV': [32, 5]}, {'CONV': [256, 5]}), ({'CONV': [128, 3]}, {'CONV': [256, 3]}, {'POOLMAX': [-1, 2]}), ({'CONV': [256, 3]}, {'CONV': [256, 5]}), ({'CONV': [64, 5]}, {'CONV': [256, 3]}, {'POOLMAX': [-1, 2]}), ({'CONV': [128, 5]}, {'CONV': [128, 5]}), ({'CONV': [256, 3]}, {'CONV': [256, 5]}, {'POOLMAX': [-1, 2]}), {'GLOBAL_AVG': None}, {'LAST_DENSE': [100, 'softmax']}]",HHSE,NSGA2,,,,,0.7066482346118803,,,,1611475968,7179684,,,,,,"[3, 3, 16, 39, 55, 39, 45, 55]",0.7244818942106975,-0.0001294693242881,0.0,0.0,0.5,0.0,0.73,0,0,0,100,0,0.0,BEST,False,False,166,True,True,GREEDY,,,GREEDY_HV
BBDIFU[M][M][M],2,3,78,73,0.78,True,True,"[7, 3, 15, 38, 55, 30, 45, 55]",[],"[7.86336124820569, 3.340516411825721, 15.226655285514381, 38.33947097910012, 55.1477522389608, 30.736490818907107, 45.684372904273665, 55.04762981914246]","[{'INP': 32}, {'CONV': [64, 3]}, ({'CONV': [32, 3]}, {'CONV': [256, 5]}), ({'CONV': [32, 3]}, {'CONV': [64, 5]}, {'POOLMAX': [-1, 2]}), ({'CONV': [32, 5]}, {'CONV': [256, 5]}), ({'CONV': [128, 3]}, {'CONV': [256, 3]}, {'POOLMAX': [-1, 2]}), ({'CONV': [256, 3]}, {'CONV': [256, 5]}), ({'CONV': [64, 5]}, {'CONV': [256, 3]}, {'POOLMAX': [-1, 2]}), ({'CONV': [128, 5]}, {'CONV': [128, 5]}), ({'CONV': [256, 3]}, {'CONV': [256, 5]}, {'POOLMAX': [-1, 2]}), {'GLOBAL_AVG': None}, {'LAST_DENSE': [100, 'softmax']}]",HHSE,NSGA2,,,,,0.7066482346118803,,,,1611475968,7179684,,,,,,"[3, 3, 16, 39, 55, 39, 45, 55]",0.7245468191445609,-0.0004170331006273,0.0,0.0,0.5,0.0,0.73,0,1,0,100,0,0.01,BEST,False,False,166,True,True,GREEDY,,,GREEDY_HV
BBDIFU[M][M][M],2,3,79,73,0.79,True,True,"[7, 3, 15, 38, 55, 30, 45, 55]",[],"[7.86336124820569, 3.340516411825721, 15.226655285514381, 38.33947097910012, 55.1477522389608, 30.736490818907107, 45.684372904273665, 55.04762981914246]","[{'INP': 32}, {'CONV': [64, 3]}, ({'CONV': [32, 3]}, {'CONV': [256, 5]}), ({'CONV': [32, 3]}, {'CONV': [64, 5]}, {'POOLMAX': [-1, 2]}), ({'CONV': [32, 5]}, {'CONV': [256, 5]}), ({'CONV': [128, 3]}, {'CONV': [256, 3]}, {'POOLMAX': [-1, 2]}), ({'CONV': [256, 3]}, {'CONV': [256, 5]}), ({'CONV': [64, 5]}, {'CONV': [256, 3]}, {'POOLMAX': [-1, 2]}), ({'CONV': [128, 5]}, {'CONV': [128, 5]}), ({'CONV': [256, 3]}, {'CONV': [256, 5]}, {'POOLMAX': [-1, 2]}), {'GLOBAL_AVG': None}, {'LAST_DENSE': [100, 'softmax']}]",HHSE,NSGA2,,,,,0.7066482346118803,,,,1611475968,7179684,,,,,,"[3, 3, 16, 39, 55, 39, 45, 55]",0.7246025824642575,-0.0001654860119033,0.0,0.0,0.5,0.0,0.73,0,0,0,100,0,0.0,BEST,False,False,166,True,True,GREEDY,,,GREEDY_HV
BBDIFU[M][M][M],2,3,80,73,0.8,True,True,"[7, 3, 15, 38, 55, 30, 45, 55]",[],"[7.86336124820569, 3.340516411825721, 15.226655285514381, 38.33947097910012, 55.1477522389608, 30.736490818907107, 45.684372904273665, 55.04762981914246]","[{'INP': 32}, {'CONV': [64, 3]}, ({'CONV': [32, 3]}, {'CONV': [256, 5]}), ({'CONV': [32, 3]}, {'CONV': [64, 5]}, {'POOLMAX': [-1, 2]}), ({'CONV': [32, 5]}, {'CONV': [256, 5]}), ({'CONV': [128, 3]}, {'CONV': [256, 3]}, {'POOLMAX': [-1, 2]}), ({'CONV': [256, 3]}, {'CONV': [256, 5]}), ({'CONV': [64, 5]}, {'CONV': [256, 3]}, {'POOLMAX': [-1, 2]}), ({'CONV': [128, 5]}, {'CONV': [128, 5]}), ({'CONV': [256, 3]}, {'CONV': [256, 5]}, {'POOLMAX': [-1, 2]}), {'GLOBAL_AVG': None}, {'LAST_DENSE': [100, 'softmax']}]",HHSE,NSGA2,,,,,0.7066482346118803,,,,1611475968,7179684,,,,,,"[3, 3, 16, 39, 55, 39, 45, 55]",0.7246437826227656,-0.0006996747093996,0.0,0.0,0.5,0.0,0.73,0,0,0,100,0,0.0,BEST,False,False,166,True,True,GREEDY,,,GREEDY_HV
BBDIFU[M][M][M],2,3,81,73,0.81,True,True,"[7, 3, 15, 38, 55, 30, 45, 55]",[],"[7.86336124820569, 3.340516411825721, 15.226655285514381, 38.33947097910012, 55.1477522389608, 30.736490818907107, 45.684372904273665, 55.04762981914246]","[{'INP': 32}, {'CONV': [64, 3]}, ({'CONV': [32, 3]}, {'CONV': [256, 5]}), ({'CONV': [32, 3]}, {'CONV': [64, 5]}, {'POOLMAX': [-1, 2]}), ({'CONV': [32, 5]}, {'CONV': [256, 5]}), ({'CONV': [128, 3]}, {'CONV': [256, 3]}, {'POOLMAX': [-1, 2]}), ({'CONV': [256, 3]}, {'CONV': [256, 5]}), ({'CONV': [64, 5]}, {'CONV': [256, 3]}, {'POOLMAX': [-1, 2]}), ({'CONV': [128, 5]}, {'CONV': [128, 5]}), ({'CONV': [256, 3]}, {'CONV': [256, 5]}, {'POOLMAX': [-1, 2]}), {'GLOBAL_AVG': None}, {'LAST_DENSE': [100, 'softmax']}]",HHSE,NSGA2,,,,,0.7066482346118803,,,,1611475968,7179684,,,,,,"[3, 3, 16, 39, 55, 39, 45, 55]",0.7248192836565924,-4.868348613307205e-05,0.0,0.0,0.5,0.0,0.73,0,1,0,100,0,0.01,BEST,False,False,166,True,True,GREEDY,,,GREEDY_HV
BBDIFU[M][M][M],2,3,82,73,0.82,True,True,"[7, 3, 15, 38, 55, 30, 45, 55]",[],"[7.86336124820569, 3.340516411825721, 15.226655285514381, 38.33947097910012, 55.1477522389608, 30.736490818907107, 45.684372904273665, 55.04762981914246]","[{'INP': 32}, {'CONV': [64, 3]}, ({'CONV': [32, 3]}, {'CONV': [256, 5]}), ({'CONV': [32, 3]}, {'CONV': [64, 5]}, {'POOLMAX': [-1, 2]}), ({'CONV': [32, 5]}, {'CONV': [256, 5]}), ({'CONV': [128, 3]}, {'CONV': [256, 3]}, {'POOLMAX': [-1, 2]}), ({'CONV': [256, 3]}, {'CONV': [256, 5]}), ({'CONV': [64, 5]}, {'CONV': [256, 3]}, {'POOLMAX': [-1, 2]}), ({'CONV': [128, 5]}, {'CONV': [128, 5]}), ({'CONV': [256, 3]}, {'CONV': [256, 5]}, {'POOLMAX': [-1, 2]}), {'GLOBAL_AVG': None}, {'LAST_DENSE': [100, 'softmax']}]",HHSE,NSGA2,,,,,0.7066482346118803,,,,1611475968,7179684,,,,,,"[3, 3, 16, 39, 55, 39, 45, 55]",0.7247528877714802,-7.564814209848336e-05,0.0,0.0,0.5,0.0,0.73,0,0,0,100,0,0.0,BEST,False,False,166,True,True,GREEDY,,,GREEDY_HV
BBDIFU[M][M][M],2,3,83,73,0.83,True,True,"[7, 3, 15, 38, 55, 30, 45, 55]",[],"[7.86336124820569, 3.340516411825721, 15.226655285514381, 38.33947097910012, 55.1477522389608, 30.736490818907107, 45.684372904273665, 55.04762981914246]","[{'INP': 32}, {'CONV': [64, 3]}, ({'CONV': [32, 3]}, {'CONV': [256, 5]}), ({'CONV': [32, 3]}, {'CONV': [64, 5]}, {'POOLMAX': [-1, 2]}), ({'CONV': [32, 5]}, {'CONV': [256, 5]}), ({'CONV': [128, 3]}, {'CONV': [256, 3]}, {'POOLMAX': [-1, 2]}), ({'CONV': [256, 3]}, {'CONV': [256, 5]}), ({'CONV': [64, 5]}, {'CONV': [256, 3]}, {'POOLMAX': [-1, 2]}), ({'CONV': [128, 5]}, {'CONV': [128, 5]}), ({'CONV': [256, 3]}, {'CONV': [256, 5]}, {'POOLMAX': [-1, 2]}), {'GLOBAL_AVG': None}, {'LAST_DENSE': [100, 'softmax']}]",HHSE,NSGA2,,,,,0.7066482346118803,,,,1611475968,7179684,,,,,,"[3, 3, 16, 39, 55, 39, 45, 55]",0.7252824468002945,-0.0001057065710076,0.0,0.0,0.5,0.0,0.73,0,2,0,100,0,0.02,BEST,False,False,166,True,True,GREEDY,,,GREEDY_HV
BBDIFU[M][M][M],2,3,84,73,0.84,True,True,"[7, 3, 15, 38, 55, 30, 45, 55]",[],"[7.86336124820569, 3.340516411825721, 15.226655285514381, 38.33947097910012, 55.1477522389608, 30.736490818907107, 45.684372904273665, 55.04762981914246]","[{'INP': 32}, {'CONV': [64, 3]}, ({'CONV': [32, 3]}, {'CONV': [256, 5]}), ({'CONV': [32, 3]}, {'CONV': [64, 5]}, {'POOLMAX': [-1, 2]}), ({'CONV': [32, 5]}, {'CONV': [256, 5]}), ({'CONV': [128, 3]}, {'CONV': [256, 3]}, {'POOLMAX': [-1, 2]}), ({'CONV': [256, 3]}, {'CONV': [256, 5]}), ({'CONV': [64, 5]}, {'CONV': [256, 3]}, {'POOLMAX': [-1, 2]}), ({'CONV': [128, 5]}, {'CONV': [128, 5]}), ({'CONV': [256, 3]}, {'CONV': [256, 5]}, {'POOLMAX': [-1, 2]}), {'GLOBAL_AVG': None}, {'LAST_DENSE': [100, 'softmax']}]",HHSE,NSGA2,,,,,0.7066482346118803,,,,1611475968,7179684,,,,,,"[3, 3, 16, 39, 55, 39, 45, 55]",0.7258189416414584,5.8900090550872974e-05,0.0,0.0,0.5,0.0,0.73,0,1,0,100,0,0.01,BEST,False,False,166,True,True,GREEDY,,,GREEDY_HV
BBDIFU[M][M][M],2,3,85,73,0.85,True,True,"[7, 3, 15, 38, 55, 30, 45, 55]",[],"[7.86336124820569, 3.340516411825721, 15.226655285514381, 38.33947097910012, 55.1477522389608, 30.736490818907107, 45.684372904273665, 55.04762981914246]","[{'INP': 32}, {'CONV': [64, 3]}, ({'CONV': [32, 3]}, {'CONV': [256, 5]}), ({'CONV': [32, 3]}, {'CONV': [64, 5]}, {'POOLMAX': [-1, 2]}), ({'CONV': [32, 5]}, {'CONV': [256, 5]}), ({'CONV': [128, 3]}, {'CONV': [256, 3]}, {'POOLMAX': [-1, 2]}), ({'CONV': [256, 3]}, {'CONV': [256, 5]}), ({'CONV': [64, 5]}, {'CONV': [256, 3]}, {'POOLMAX': [-1, 2]}), ({'CONV': [128, 5]}, {'CONV': [128, 5]}), ({'CONV': [256, 3]}, {'CONV': [256, 5]}, {'POOLMAX': [-1, 2]}), {'GLOBAL_AVG': None}, {'LAST_DENSE': [100, 'softmax']}]",HHSE,NSGA2,,,,,0.7066482346118803,,,,1611475968,7179684,,,,,,"[3, 3, 16, 39, 55, 39, 45, 55]",0.725833877171514,-0.0001492549712041,0.0,0.0,0.5,0.0,0.73,0,1,0,100,0,0.01,BEST,False,False,166,True,True,GREEDY,,,GREEDY_HV
BBDIFU[M][M][M],2,3,86,73,0.86,True,True,"[7, 3, 15, 38, 55, 30, 45, 55]",[],"[7.86336124820569, 3.340516411825721, 15.226655285514381, 38.33947097910012, 55.1477522389608, 30.736490818907107, 45.684372904273665, 55.04762981914246]","[{'INP': 32}, {'CONV': [64, 3]}, ({'CONV': [32, 3]}, {'CONV': [256, 5]}), ({'CONV': [32, 3]}, {'CONV': [64, 5]}, {'POOLMAX': [-1, 2]}), ({'CONV': [32, 5]}, {'CONV': [256, 5]}), ({'CONV': [128, 3]}, {'CONV': [256, 3]}, {'POOLMAX': [-1, 2]}), ({'CONV': [256, 3]}, {'CONV': [256, 5]}), ({'CONV': [64, 5]}, {'CONV': [256, 3]}, {'POOLMAX': [-1, 2]}), ({'CONV': [128, 5]}, {'CONV': [128, 5]}), ({'CONV': [256, 3]}, {'CONV': [256, 5]}, {'POOLMAX': [-1, 2]}), {'GLOBAL_AVG': None}, {'LAST_DENSE': [100, 'softmax']}]",HHSE,NSGA2,,,,,0.7066482346118803,,,,1611475968,7179684,,,,,,"[3, 3, 16, 39, 55, 39, 45, 55]",0.7259044571494124,-0.0001585252329737,0.0,0.0,0.5,0.0,0.73,0,0,0,100,0,0.0,BEST,False,False,166,True,True,GREEDY,,,GREEDY_HV
BBDIFU[M][M][M],2,3,87,73,0.87,True,True,"[7, 3, 15, 38, 55, 30, 45, 55]",[],"[7.86336124820569, 3.340516411825721, 15.226655285514381, 38.33947097910012, 55.1477522389608, 30.736490818907107, 45.684372904273665, 55.04762981914246]","[{'INP': 32}, {'CONV': [64, 3]}, ({'CONV': [32, 3]}, {'CONV': [256, 5]}), ({'CONV': [32, 3]}, {'CONV': [64, 5]}, {'POOLMAX': [-1, 2]}), ({'CONV': [32, 5]}, {'CONV': [256, 5]}), ({'CONV': [128, 3]}, {'CONV': [256, 3]}, {'POOLMAX': [-1, 2]}), ({'CONV': [256, 3]}, {'CONV': [256, 5]}), ({'CONV': [64, 5]}, {'CONV': [256, 3]}, {'POOLMAX': [-1, 2]}), ({'CONV': [128, 5]}, {'CONV': [128, 5]}), ({'CONV': [256, 3]}, {'CONV': [256, 5]}, {'POOLMAX': [-1, 2]}), {'GLOBAL_AVG': None}, {'LAST_DENSE': [100, 'softmax']}]",HHSE,NSGA2,,,,,0.7066482346118803,,,,1611475968,7179684,,,,,,"[3, 3, 16, 39, 55, 39, 45, 55]",0.7261189497565512,5.099232647243213e-07,0.0,0.0,0.5,0.0,0.73,0,2,0,100,0,0.02,BEST,False,False,166,True,True,GREEDY,,,GREEDY_HV
BBDIFU[M][M][M],2,3,88,73,0.88,True,True,"[7, 3, 15, 38, 55, 30, 45, 55]",[],"[7.86336124820569, 3.340516411825721, 15.226655285514381, 38.33947097910012, 55.1477522389608, 30.736490818907107, 45.684372904273665, 55.04762981914246]","[{'INP': 32}, {'CONV': [64, 3]}, ({'CONV': [32, 3]}, {'CONV': [256, 5]}), ({'CONV': [32, 3]}, {'CONV': [64, 5]}, {'POOLMAX': [-1, 2]}), ({'CONV': [32, 5]}, {'CONV': [256, 5]}), ({'CONV': [128, 3]}, {'CONV': [256, 3]}, {'POOLMAX': [-1, 2]}), ({'CONV': [256, 3]}, {'CONV': [256, 5]}), ({'CONV': [64, 5]}, {'CONV': [256, 3]}, {'POOLMAX': [-1, 2]}), ({'CONV': [128, 5]}, {'CONV': [128, 5]}), ({'CONV': [256, 3]}, {'CONV': [256, 5]}, {'POOLMAX': [-1, 2]}), {'GLOBAL_AVG': None}, {'LAST_DENSE': [100, 'softmax']}]",HHSE,NSGA2,,,,,0.7066482346118803,,,,1611475968,7179684,,,,,,"[3, 3, 16, 39, 55, 39, 45, 55]",0.726842245912081,0.0005773181677336,0.0,0.0,0.5,0.0,0.73,0,1,0,100,0,0.01,BEST,False,False,166,True,True,GREEDY,,,GREEDY_HV
BUGJHD[M][M],2,3,89,89,0.89,True,True,"[3, 5, 22, 6, 46, 6, 22, 23]",[],"[3.361969621189193, 5.1531061843846055, 22.211510047997763, 6.827698454581729, 46.47170266625846, 6.130561674280468, 22.35148094253113, 23.361419485112073]","[{'INP': 32}, {'CONV': [64, 3]}, ({'CONV': [32, 3]}, {'CONV': [64, 5]}), ({'CONV': [32, 3]}, {'CONV': [128, 5]}, {'POOLMAX': [-1, 2]}), ({'CONV': [64, 3]}, {'CONV': [256, 3]}), ({'CONV': [32, 3]}, {'CONV': [256, 3]}, {'POOLMAX': [-1, 2]}), ({'CONV': [128, 5]}, {'CONV': [256, 3]}), ({'CONV': [32, 3]}, {'CONV': [256, 3]}, {'POOLMAX': [-1, 2]}), ({'CONV': [64, 3]}, {'CONV': [256, 3]}), ({'CONV': [64, 3]}, {'CONV': [256, 5]}, {'POOLMAX': [-1, 2]}), {'GLOBAL_AVG': None}, {'LAST_DENSE': [100, 'softmax']}]",HHSE,NSGA2,,,,,0.7068487875714711,,,,774700032,2709028,,,,,,"[3, 5, 21, 6, 46, 6, 22, 23]",0.7262482384165578,-2.979990473650496e-05,0.0,0.0,0.125,1.0,0.89,0,0,0,100,0,0.0,BEST,False,False,160,True,True,GREEDY,,,GREEDY_HV
BUGJHD[M][M],2,3,90,89,0.9,True,True,"[3, 5, 22, 6, 46, 6, 22, 23]",[],"[3.361969621189193, 5.1531061843846055, 22.211510047997763, 6.827698454581729, 46.47170266625846, 6.130561674280468, 22.35148094253113, 23.361419485112073]","[{'INP': 32}, {'CONV': [64, 3]}, ({'CONV': [32, 3]}, {'CONV': [64, 5]}), ({'CONV': [32, 3]}, {'CONV': [128, 5]}, {'POOLMAX': [-1, 2]}), ({'CONV': [64, 3]}, {'CONV': [256, 3]}), ({'CONV': [32, 3]}, {'CONV': [256, 3]}, {'POOLMAX': [-1, 2]}), ({'CONV': [128, 5]}, {'CONV': [256, 3]}), ({'CONV': [32, 3]}, {'CONV': [256, 3]}, {'POOLMAX': [-1, 2]}), ({'CONV': [64, 3]}, {'CONV': [256, 3]}), ({'CONV': [64, 3]}, {'CONV': [256, 5]}, {'POOLMAX': [-1, 2]}), {'GLOBAL_AVG': None}, {'LAST_DENSE': [100, 'softmax']}]",HHSE,NSGA2,,,,,0.7068487875714711,,,,774700032,2709028,,,,,,"[3, 5, 21, 6, 46, 6, 22, 23]",0.7267044703388659,9.203390562317892e-06,0.0,0.0,0.125,0.0,0.89,0,2,0,100,0,0.02,BEST,False,False,160,True,True,GREEDY,,,GREEDY_HV
BUGJHD[M][M],2,3,91,89,0.91,True,True,"[3, 5, 22, 6, 46, 6, 22, 23]",[],"[3.361969621189193, 5.1531061843846055, 22.211510047997763, 6.827698454581729, 46.47170266625846, 6.130561674280468, 22.35148094253113, 23.361419485112073]","[{'INP': 32}, {'CONV': [64, 3]}, ({'CONV': [32, 3]}, {'CONV': [64, 5]}), ({'CONV': [32, 3]}, {'CONV': [128, 5]}, {'POOLMAX': [-1, 2]}), ({'CONV': [64, 3]}, {'CONV': [256, 3]}), ({'CONV': [32, 3]}, {'CONV': [256, 3]}, {'POOLMAX': [-1, 2]}), ({'CONV': [128, 5]}, {'CONV': [256, 3]}), ({'CONV': [32, 3]}, {'CONV': [256, 3]}, {'POOLMAX': [-1, 2]}), ({'CONV': [64, 3]}, {'CONV': [256, 3]}), ({'CONV': [64, 3]}, {'CONV': [256, 5]}, {'POOLMAX': [-1, 2]}), {'GLOBAL_AVG': None}, {'LAST_DENSE': [100, 'softmax']}]",HHSE,NSGA2,,,,,0.7068487875714711,,,,774700032,2709028,,,,,,"[3, 5, 21, 6, 46, 6, 22, 23]",0.7267415865855184,-1.5240071797317787e-05,0.0,0.0,0.125,0.0,0.89,0,0,0,100,0,0.0,BEST,False,False,160,True,True,GREEDY,,,GREEDY_HV
BUGJHD[M][M],2,3,92,89,0.92,True,True,"[3, 5, 22, 6, 46, 6, 22, 23]",[],"[3.361969621189193, 5.1531061843846055, 22.211510047997763, 6.827698454581729, 46.47170266625846, 6.130561674280468, 22.35148094253113, 23.361419485112073]","[{'INP': 32}, {'CONV': [64, 3]}, ({'CONV': [32, 3]}, {'CONV': [64, 5]}), ({'CONV': [32, 3]}, {'CONV': [128, 5]}, {'POOLMAX': [-1, 2]}), ({'CONV': [64, 3]}, {'CONV': [256, 3]}), ({'CONV': [32, 3]}, {'CONV': [256, 3]}, {'POOLMAX': [-1, 2]}), ({'CONV': [128, 5]}, {'CONV': [256, 3]}), ({'CONV': [32, 3]}, {'CONV': [256, 3]}, {'POOLMAX': [-1, 2]}), ({'CONV': [64, 3]}, {'CONV': [256, 3]}), ({'CONV': [64, 3]}, {'CONV': [256, 5]}, {'POOLMAX': [-1, 2]}), {'GLOBAL_AVG': None}, {'LAST_DENSE': [100, 'softmax']}]",HHSE,NSGA2,,,,,0.7068487875714711,,,,774700032,2709028,,,,,,"[3, 5, 21, 6, 46, 6, 22, 23]",0.7268004917234564,-0.0005158091319374,0.0,0.0,0.125,0.0,0.89,0,1,0,100,0,0.01,BEST,False,False,160,True,True,GREEDY,,,GREEDY_HV
BHMRFQ[M],2,3,93,93,0.93,True,True,"[4, 5, 4, 30, 28, 6, 12, 55]",[],"[4.9199615478064, 5.158106150736335, 4.424338980972829, 30.299973976549737, 28.70901770124095, 6.779820713694236, 12.275693597910061, 55.391882176424744]","[{'INP': 32}, {'CONV': [64, 3]}, ({'CONV': [32, 3]}, {'CONV': [128, 3]}), ({'CONV': [32, 3]}, {'CONV': [128, 5]}, {'POOLMAX': [-1, 2]}), ({'CONV': [32, 3]}, {'CONV': [128, 3]}), ({'CONV': [64, 5]}, {'CONV': [256, 3]}, {'POOLMAX': [-1, 2]}), ({'CONV': [64, 5]}, {'CONV': [128, 3]}), ({'CONV': [32, 3]}, {'CONV': [256, 3]}, {'POOLMAX': [-1, 2]}), ({'CONV': [32, 5]}, {'CONV': [128, 3]}), ({'CONV': [256, 3]}, {'CONV': [256, 5]}, {'POOLMAX': [-1, 2]}), {'GLOBAL_AVG': None}, {'LAST_DENSE': [100, 'softmax']}]",HHSE,NSGA2,,,,,0.7072777359355148,,,,769431040,3424932,,,,,,"[4, 3, 4, 30, 28, 6, 12, 55]",0.726905367561503,2.4135337896358244e-05,0.5,0.375,0.125,0.75,0.93,0,1,0,100,0,0.01,BEST,False,False,154,True,True,GREEDY,,,GREEDY_HV
BKDNAO[M],2,3,94,94,0.94,True,True,"[0, 7, 4, 4, 46, 6, 22, 55]",[],"[0.5382359665142586, 7.141252981894355, 4.6311854599969235, 4.712886939136829, 46.184387454608434, 6.596707835505298, 22.904626811509, 55.34758944098713]","[{'INP': 32}, {'CONV': [64, 3]}, ({'CONV': [32, 3]}, {'CONV': [32, 3]}), ({'CONV': [32, 3]}, {'CONV': [256, 5]}, {'POOLMAX': [-1, 2]}), ({'CONV': [32, 3]}, {'CONV': [128, 3]}), ({'CONV': [32, 3]}, {'CONV': [128, 3]}, {'POOLMAX': [-1, 2]}), ({'CONV': [128, 5]}, {'CONV': [256, 3]}), ({'CONV': [32, 3]}, {'CONV': [256, 3]}, {'POOLMAX': [-1, 2]}), ({'CONV': [64, 3]}, {'CONV': [256, 3]}), ({'CONV': [256, 3]}, {'CONV': [256, 5]}, {'POOLMAX': [-1, 2]}), {'GLOBAL_AVG': None}, {'LAST_DENSE': [100, 'softmax']}]",HHSE,NSGA2,,,,,0.7080185631477061,,,,786765824,3837476,,,,,,"[0, 7, 4, 4, 46, 6, 22, 55]",0.7272309602741367,-3.394178936810821e-05,0.25,0.375,0.0,0.625,0.94,0,0,0,100,0,0.0,BEST,False,False,139,True,True,GREEDY,,,GREEDY_HV
BFBVYC[M],2,3,95,95,0.95,True,True,"[4, 6, 22, 30, 28, 6, 22, 55]",[],"[4.785538472254158, 6.16470902035955, 22.732017219148386, 30.81693730756811, 28.619878594354038, 6.806959243541719, 22.483024452275306, 55.6424801687371]","[{'INP': 32}, {'CONV': [64, 3]}, ({'CONV': [32, 3]}, {'CONV': [128, 3]}), ({'CONV': [32, 3]}, {'CONV': [256, 3]}, {'POOLMAX': [-1, 2]}), ({'CONV': [64, 3]}, {'CONV': [256, 3]}), ({'CONV': [64, 5]}, {'CONV': [256, 3]}, {'POOLMAX': [-1, 2]}), ({'CONV': [64, 5]}, {'CONV': [128, 3]}), ({'CONV': [32, 3]}, {'CONV': [256, 3]}, {'POOLMAX': [-1, 2]}), ({'CONV': [64, 3]}, {'CONV': [256, 3]}), ({'CONV': [256, 3]}, {'CONV': [256, 5]}, {'POOLMAX': [-1, 2]}), {'GLOBAL_AVG': None}, {'LAST_DENSE': [100, 'softmax']}]",HHSE,NSGA2,,,,,0.7126184834128446,,,,941352960,4172196,,,,,,"[4, 6, 22, 30, 28, 6, 22, 55]",0.7281950091337472,-1.2384270860921198e-05,0.375,0.375,0.0,0.625,0.95,0,1,0,100,0,0.01,BEST,False,False,60,True,True,GREEDY,,,GREEDY_HV
BFBVYC[M],2,3,96,95,0.96,True,True,"[4, 6, 22, 30, 28, 6, 22, 55]",[],"[4.785538472254158, 6.16470902035955, 22.732017219148386, 30.81693730756811, 28.619878594354038, 6.806959243541719, 22.483024452275306, 55.6424801687371]","[{'INP': 32}, {'CONV': [64, 3]}, ({'CONV': [32, 3]}, {'CONV': [128, 3]}), ({'CONV': [32, 3]}, {'CONV': [256, 3]}, {'POOLMAX': [-1, 2]}), ({'CONV': [64, 3]}, {'CONV': [256, 3]}), ({'CONV': [64, 5]}, {'CONV': [256, 3]}, {'POOLMAX': [-1, 2]}), ({'CONV': [64, 5]}, {'CONV': [128, 3]}), ({'CONV': [32, 3]}, {'CONV': [256, 3]}, {'POOLMAX': [-1, 2]}), ({'CONV': [64, 3]}, {'CONV': [256, 3]}), ({'CONV': [256, 3]}, {'CONV': [256, 5]}, {'POOLMAX': [-1, 2]}), {'GLOBAL_AVG': None}, {'LAST_DENSE': [100, 'softmax']}]",HHSE,NSGA2,,,,,0.7126184834128446,,,,941352960,4172196,,,,,,"[4, 6, 22, 30, 28, 6, 22, 55]",0.7322524301684886,-2.9816879979605027e-05,0.375,0.375,0.0,0.0,0.95,0,0,0,100,0,0.0,BEST,False,False,60,True,True,GREEDY,,,GREEDY_HV
BOSSPS[M],2,3,97,97,0.97,True,True,"[4, 4, 22, 30, 46, 6, 22, 55]",[],"[4.568510030814403, 4.526891629984794, 22.540872730827445, 30.05640853623882, 46.99963217481012, 6.632720012307638, 22.424661655418618, 55.62667163432468]","[{'INP': 32}, {'CONV': [64, 3]}, ({'CONV': [32, 3]}, {'CONV': [128, 3]}), ({'CONV': [32, 3]}, {'CONV': [128, 3]}, {'POOLMAX': [-1, 2]}), ({'CONV': [64, 3]}, {'CONV': [256, 3]}), ({'CONV': [64, 5]}, {'CONV': [256, 3]}, {'POOLMAX': [-1, 2]}), ({'CONV': [128, 5]}, {'CONV': [256, 3]}), ({'CONV': [32, 3]}, {'CONV': [256, 3]}, {'POOLMAX': [-1, 2]}), ({'CONV': [64, 3]}, {'CONV': [256, 3]}), ({'CONV': [256, 3]}, {'CONV': [256, 5]}, {'POOLMAX': [-1, 2]}), {'GLOBAL_AVG': None}, {'LAST_DENSE': [100, 'softmax']}]",HHSE,NSGA2,,,,,0.7134300803635283,,,,912447488,4729508,,,,,,"[4, 4, 22, 30, 46, 6, 22, 55]",0.7324003485047605,-0.0005089093214718,0.25,0.25,0.0,0.25,0.97,0,0,0,100,0,0.0,BEST,False,False,47,True,True,GREEDY,,,GREEDY_HV
BNQLXB[M],2,3,98,98,0.98,True,True,"[4, 12, 22, 30, 46, 6, 22, 55]",[],"[4.725319691474499, 12.593870307755592, 22.3551946062678, 30.91821577341656, 46.54809560709895, 6.352808290133919, 22.758370870951296, 55.49907000171344]","[{'INP': 32}, {'CONV': [64, 3]}, ({'CONV': [32, 3]}, {'CONV': [128, 3]}), ({'CONV': [32, 5]}, {'CONV': [128, 3]}, {'POOLMAX': [-1, 2]}), ({'CONV': [64, 3]}, {'CONV': [256, 3]}), ({'CONV': [64, 5]}, {'CONV': [256, 3]}, {'POOLMAX': [-1, 2]}), ({'CONV': [128, 5]}, {'CONV': [256, 3]}), ({'CONV': [32, 3]}, {'CONV': [256, 3]}, {'POOLMAX': [-1, 2]}), ({'CONV': [64, 3]}, {'CONV': [256, 3]}), ({'CONV': [256, 3]}, {'CONV': [256, 5]}, {'POOLMAX': [-1, 2]}), {'GLOBAL_AVG': None}, {'LAST_DENSE': [100, 'softmax']}]",HHSE,NSGA2,,,,,0.7136870922690075,,,,1046665216,4795044,,,,,,"[4, 12, 22, 30, 46, 6, 22, 55]",0.7330874360075197,-1.492136650771414e-05,0.125,0.25,0.0,0.125,0.98,0,0,0,100,0,0.0,BEST,False,False,43,True,True,GREEDY,,,GREEDY_HV
BNQLXB[M],2,3,99,98,0.99,True,True,"[4, 12, 22, 30, 46, 6, 22, 55]",[],"[4.725319691474499, 12.593870307755592, 22.3551946062678, 30.91821577341656, 46.54809560709895, 6.352808290133919, 22.758370870951296, 55.49907000171344]","[{'INP': 32}, {'CONV': [64, 3]}, ({'CONV': [32, 3]}, {'CONV': [128, 3]}), ({'CONV': [32, 5]}, {'CONV': [128, 3]}, {'POOLMAX': [-1, 2]}), ({'CONV': [64, 3]}, {'CONV': [256, 3]}), ({'CONV': [64, 5]}, {'CONV': [256, 3]}, {'POOLMAX': [-1, 2]}), ({'CONV': [128, 5]}, {'CONV': [256, 3]}), ({'CONV': [32, 3]}, {'CONV': [256, 3]}, {'POOLMAX': [-1, 2]}), ({'CONV': [64, 3]}, {'CONV': [256, 3]}), ({'CONV': [256, 3]}, {'CONV': [256, 5]}, {'POOLMAX': [-1, 2]}), {'GLOBAL_AVG': None}, {'LAST_DENSE': [100, 'softmax']}]",HHSE,NSGA2,,,,,0.7136870922690075,,,,1046665216,4795044,,,,,,"[4, 12, 22, 30, 46, 6, 22, 55]",0.7333173427170993,-1.971089631847001e-05,0.125,0.25,0.0,0.0,0.98,0,0,0,100,0,0.0,BEST,False,False,43,True,True,GREEDY,,,GREEDY_HV
BNQLXB[M],2,3,100,98,1.0,True,True,"[4, 12, 22, 30, 46, 6, 22, 55]",[],"[4.725319691474499, 12.593870307755592, 22.3551946062678, 30.91821577341656, 46.54809560709895, 6.352808290133919, 22.758370870951296, 55.49907000171344]","[{'INP': 32}, {'CONV': [64, 3]}, ({'CONV': [32, 3]}, {'CONV': [128, 3]}), ({'CONV': [32, 5]}, {'CONV': [128, 3]}, {'POOLMAX': [-1, 2]}), ({'CONV': [64, 3]}, {'CONV': [256, 3]}), ({'CONV': [64, 5]}, {'CONV': [256, 3]}, {'POOLMAX': [-1, 2]}), ({'CONV': [128, 5]}, {'CONV': [256, 3]}), ({'CONV': [32, 3]}, {'CONV': [256, 3]}, {'POOLMAX': [-1, 2]}), ({'CONV': [64, 3]}, {'CONV': [256, 3]}), ({'CONV': [256, 3]}, {'CONV': [256, 5]}, {'POOLMAX': [-1, 2]}), {'GLOBAL_AVG': None}, {'LAST_DENSE': [100, 'softmax']}]",HHSE,NSGA2,,,,,0.7136870922690075,,,,1046665216,4795044,,,,,,"[4, 12, 22, 30, 46, 6, 22, 55]",0.7334523099700617,-0.0005975218164774,0.125,0.25,0.0,0.0,0.98,0,0,0,100,0,0.0,BEST,False,False,43,True,True,GREEDY,,,GREEDY_HV
BRTDSM,3,4,1,1,0.01,False,False,"[27, 45, 23, 6, 21, 52, 13, 55]",[],"[27.81582046140738, 45.68622065381149, 23.7518946982174, 6.462688237365801, 21.076155031790922, 52.55707251025998, 13.294343282209699, 55.852306719146476]","[{'INP': 32}, {'CONV': [64, 3]}, ({'CONV': [64, 5]}, {'CONV': [64, 5]}), ({'CONV': [128, 5]}, {'CONV': [128, 5]}, {'POOLMAX': [-1, 2]}), ({'CONV': [64, 3]}, {'CONV': [256, 5]}), ({'CONV': [32, 3]}, {'CONV': [256, 3]}, {'POOLMAX': [-1, 2]}), ({'CONV': [64, 3]}, {'CONV': [128, 5]}), ({'CONV': [256, 3]}, {'CONV': [128, 3]}, {'POOLMAX': [-1, 2]}), ({'CONV': [32, 5]}, {'CONV': [128, 5]}), ({'CONV': [256, 3]}, {'CONV': [256, 5]}, {'POOLMAX': [-1, 2]}), {'GLOBAL_AVG': None}, {'LAST_DENSE': [100, 'softmax']}]",HHSE,NSGA2,,,,,0.6936206036447193,,,,2197425664,4566820,,,,,,,0.674764775827808,0.0,0.0,0.0,0.0,0.0,0.01,0,13,0,100,0,0.13,BEST,False,False,306,True,True,GREEDY,,,GREEDY_HV
BRTDSM,3,4,2,1,0.02,False,False,"[27, 45, 23, 6, 21, 52, 13, 55]",[],"[27.81582046140738, 45.68622065381149, 23.7518946982174, 6.462688237365801, 21.076155031790922, 52.55707251025998, 13.294343282209699, 55.852306719146476]","[{'INP': 32}, {'CONV': [64, 3]}, ({'CONV': [64, 5]}, {'CONV': [64, 5]}), ({'CONV': [128, 5]}, {'CONV': [128, 5]}, {'POOLMAX': [-1, 2]}), ({'CONV': [64, 3]}, {'CONV': [256, 5]}), ({'CONV': [32, 3]}, {'CONV': [256, 3]}, {'POOLMAX': [-1, 2]}), ({'CONV': [64, 3]}, {'CONV': [128, 5]}), ({'CONV': [256, 3]}, {'CONV': [128, 3]}, {'POOLMAX': [-1, 2]}), ({'CONV': [32, 5]}, {'CONV': [128, 5]}), ({'CONV': [256, 3]}, {'CONV': [256, 5]}, {'POOLMAX': [-1, 2]}), {'GLOBAL_AVG': None}, {'LAST_DENSE': [100, 'softmax']}]",HHSE,NSGA2,,,,,0.6936206036447193,,,,2197425664,4566820,,,,,,,0.6798919603610669,0.0082681221432081,0.0,0.0,0.0,0.0,0.01,0,2,0,100,0,0.02,BEST,False,False,306,True,True,GREEDY,,,GREEDY_HV
BRTDSM,3,4,3,1,0.03,False,False,"[27, 45, 23, 6, 21, 52, 13, 55]",[],"[27.81582046140738, 45.68622065381149, 23.7518946982174, 6.462688237365801, 21.076155031790922, 52.55707251025998, 13.294343282209699, 55.852306719146476]","[{'INP': 32}, {'CONV': [64, 3]}, ({'CONV': [64, 5]}, {'CONV': [64, 5]}), ({'CONV': [128, 5]}, {'CONV': [128, 5]}, {'POOLMAX': [-1, 2]}), ({'CONV': [64, 3]}, {'CONV': [256, 5]}), ({'CONV': [32, 3]}, {'CONV': [256, 3]}, {'POOLMAX': [-1, 2]}), ({'CONV': [64, 3]}, {'CONV': [128, 5]}), ({'CONV': [256, 3]}, {'CONV': [128, 3]}, {'POOLMAX': [-1, 2]}), ({'CONV': [32, 5]}, {'CONV': [128, 5]}), ({'CONV': [256, 3]}, {'CONV': [256, 5]}, {'POOLMAX': [-1, 2]}), {'GLOBAL_AVG': None}, {'LAST_DENSE': [100, 'softmax']}]",HHSE,NSGA2,,,,,0.6936206036447193,,,,2197425664,4566820,,,,,,,0.685642969205529,0.004633494838012,0.0,0.0,0.0,0.0,0.01,0,0,0,100,0,0.0,BEST,False,False,306,True,True,GREEDY,,,GREEDY_HV
BCTTBS[M],3,4,4,4,0.04,True,True,"[20, 37, 37, 28, 46, 12, 54, 23]",[],"[20.837849598525157, 37.00828775467187, 37.927814694168895, 28.47569839455975, 46.99784029531156, 12.308135789646926, 54.951373540802834, 23.341118143664243]","[{'INP': 32}, {'CONV': [64, 3]}, ({'CONV': [64, 3]}, {'CONV': [128, 3]}), ({'CONV': [128, 3]}, {'CONV': [128, 5]}, {'POOLMAX': [-1, 2]}), ({'CONV': [128, 3]}, {'CONV': [128, 5]}), ({'CONV': [64, 5]}, {'CONV': [128, 3]}, {'POOLMAX': [-1, 2]}), ({'CONV': [128, 5]}, {'CONV': [256, 3]}), ({'CONV': [32, 5]}, {'CONV': [128, 3]}, {'POOLMAX': [-1, 2]}), ({'CONV': [256, 3]}, {'CONV': [256, 3]}), ({'CONV': [64, 3]}, {'CONV': [256, 5]}, {'POOLMAX': [-1, 2]}), {'GLOBAL_AVG': None}, {'LAST_DENSE': [100, 'softmax']}]",HHSE,NSGA2,,,,,0.6966975935838238,,,,1970141184,3927972,,,,,,"[26, 10, 50, 30, 43, 17, 11, 37]",0.6964683342429101,-0.0090009595106756,0.0,0.0,1.0,1.0,0.04,0,0,0,100,0,0.0,BEST,False,False,284,True,True,GREEDY,,,GREEDY_HV
BCTTBS[M],3,4,5,4,0.05,True,True,"[20, 37, 37, 28, 46, 12, 54, 23]",[],"[20.837849598525157, 37.00828775467187, 37.927814694168895, 28.47569839455975, 46.99784029531156, 12.308135789646926, 54.951373540802834, 23.341118143664243]","[{'INP': 32}, {'CONV': [64, 3]}, ({'CONV': [64, 3]}, {'CONV': [128, 3]}), ({'CONV': [128, 3]}, {'CONV': [128, 5]}, {'POOLMAX': [-1, 2]}), ({'CONV': [128, 3]}, {'CONV': [128, 5]}), ({'CONV': [64, 5]}, {'CONV': [128, 3]}, {'POOLMAX': [-1, 2]}), ({'CONV': [128, 5]}, {'CONV': [256, 3]}), ({'CONV': [32, 5]}, {'CONV': [128, 3]}, {'POOLMAX': [-1, 2]}), ({'CONV': [256, 3]}, {'CONV': [256, 3]}), ({'CONV': [64, 3]}, {'CONV': [256, 5]}, {'POOLMAX': [-1, 2]}), {'GLOBAL_AVG': None}, {'LAST_DENSE': [100, 'softmax']}]",HHSE,NSGA2,,,,,0.6966975935838238,,,,1970141184,3927972,,,,,,"[26, 10, 50, 30, 43, 17, 11, 37]",0.7018202096710661,-0.0020052480103767,0.0,0.0,1.0,0.0,0.04,0,1,0,100,0,0.01,BEST,False,False,284,True,True,GREEDY,,,GREEDY_HV
BCTTBS[M],3,4,6,4,0.06,True,True,"[20, 37, 37, 28, 46, 12, 54, 23]",[],"[20.837849598525157, 37.00828775467187, 37.927814694168895, 28.47569839455975, 46.99784029531156, 12.308135789646926, 54.951373540802834, 23.341118143664243]","[{'INP': 32}, {'CONV': [64, 3]}, ({'CONV': [64, 3]}, {'CONV': [128, 3]}), ({'CONV': [128, 3]}, {'CONV': [128, 5]}, {'POOLMAX': [-1, 2]}), ({'CONV': [128, 3]}, {'CONV': [128, 5]}), ({'CONV': [64, 5]}, {'CONV': [128, 3]}, {'POOLMAX': [-1, 2]}), ({'CONV': [128, 5]}, {'CONV': [256, 3]}), ({'CONV': [32, 5]}, {'CONV': [128, 3]}, {'POOLMAX': [-1, 2]}), ({'CONV': [256, 3]}, {'CONV': [256, 3]}), ({'CONV': [64, 3]}, {'CONV': [256, 5]}, {'POOLMAX': [-1, 2]}), {'GLOBAL_AVG': None}, {'LAST_DENSE': [100, 'softmax']}]",HHSE,NSGA2,,,,,0.6966975935838238,,,,1970141184,3927972,,,,,,"[26, 10, 50, 30, 43, 17, 11, 37]",0.7021775765608466,-0.0013129896750455,0.0,0.0,1.0,0.0,0.04,0,1,0,100,0,0.01,BEST,False,False,284,True,True,GREEDY,,,GREEDY_HV
BCTTBS[M],3,4,7,4,0.07,True,True,"[20, 37, 37, 28, 46, 12, 54, 23]",[],"[20.837849598525157, 37.00828775467187, 37.927814694168895, 28.47569839455975, 46.99784029531156, 12.308135789646926, 54.951373540802834, 23.341118143664243]","[{'INP': 32}, {'CONV': [64, 3]}, ({'CONV': [64, 3]}, {'CONV': [128, 3]}), ({'CONV': [128, 3]}, {'CONV': [128, 5]}, {'POOLMAX': [-1, 2]}), ({'CONV': [128, 3]}, {'CONV': [128, 5]}), ({'CONV': [64, 5]}, {'CONV': [128, 3]}, {'POOLMAX': [-1, 2]}), ({'CONV': [128, 5]}, {'CONV': [256, 3]}), ({'CONV': [32, 5]}, {'CONV': [128, 3]}, {'POOLMAX': [-1, 2]}), ({'CONV': [256, 3]}, {'CONV': [256, 3]}), ({'CONV': [64, 3]}, {'CONV': [256, 5]}, {'POOLMAX': [-1, 2]}), {'GLOBAL_AVG': None}, {'LAST_DENSE': [100, 'softmax']}]",HHSE,NSGA2,,,,,0.6966975935838238,,,,1970141184,3927972,,,,,,"[26, 10, 50, 30, 43, 17, 11, 37]",0.7028416886664127,-0.0002441872085424,0.0,0.0,1.0,0.0,0.04,0,1,0,100,0,0.01,BEST,False,False,284,True,True,GREEDY,,,GREEDY_HV
BCTTBS[M],3,4,8,4,0.08,True,True,"[20, 37, 37, 28, 46, 12, 54, 23]",[],"[20.837849598525157, 37.00828775467187, 37.927814694168895, 28.47569839455975, 46.99784029531156, 12.308135789646926, 54.951373540802834, 23.341118143664243]","[{'INP': 32}, {'CONV': [64, 3]}, ({'CONV': [64, 3]}, {'CONV': [128, 3]}), ({'CONV': [128, 3]}, {'CONV': [128, 5]}, {'POOLMAX': [-1, 2]}), ({'CONV': [128, 3]}, {'CONV': [128, 5]}), ({'CONV': [64, 5]}, {'CONV': [128, 3]}, {'POOLMAX': [-1, 2]}), ({'CONV': [128, 5]}, {'CONV': [256, 3]}), ({'CONV': [32, 5]}, {'CONV': [128, 3]}, {'POOLMAX': [-1, 2]}), ({'CONV': [256, 3]}, {'CONV': [256, 3]}), ({'CONV': [64, 3]}, {'CONV': [256, 5]}, {'POOLMAX': [-1, 2]}), {'GLOBAL_AVG': None}, {'LAST_DENSE': [100, 'softmax']}]",HHSE,NSGA2,,,,,0.6966975935838238,,,,1970141184,3927972,,,,,,"[26, 10, 50, 30, 43, 17, 11, 37]",0.7027146231649534,-0.0023526889244016,0.0,0.0,1.0,0.0,0.04,0,1,0,100,0,0.01,BEST,False,False,284,True,True,GREEDY,,,GREEDY_HV
BCTTBS[M],3,4,9,4,0.09,True,True,"[20, 37, 37, 28, 46, 12, 54, 23]",[],"[20.837849598525157, 37.00828775467187, 37.927814694168895, 28.47569839455975, 46.99784029531156, 12.308135789646926, 54.951373540802834, 23.341118143664243]","[{'INP': 32}, {'CONV': [64, 3]}, ({'CONV': [64, 3]}, {'CONV': [128, 3]}), ({'CONV': [128, 3]}, {'CONV': [128, 5]}, {'POOLMAX': [-1, 2]}), ({'CONV': [128, 3]}, {'CONV': [128, 5]}), ({'CONV': [64, 5]}, {'CONV': [128, 3]}, {'POOLMAX': [-1, 2]}), ({'CONV': [128, 5]}, {'CONV': [256, 3]}), ({'CONV': [32, 5]}, {'CONV': [128, 3]}, {'POOLMAX': [-1, 2]}), ({'CONV': [256, 3]}, {'CONV': [256, 3]}), ({'CONV': [64, 3]}, {'CONV': [256, 5]}, {'POOLMAX': [-1, 2]}), {'GLOBAL_AVG': None}, {'LAST_DENSE': [100, 'softmax']}]",HHSE,NSGA2,,,,,0.6966975935838238,,,,1970141184,3927972,,,,,,"[26, 10, 50, 30, 43, 17, 11, 37]",0.7028557085576583,-0.0036068719375685,0.0,0.0,1.0,0.0,0.04,0,3,0,100,0,0.03,BEST,False,False,284,True,True,GREEDY,,,GREEDY_HV
BCTTBS[M],3,4,10,4,0.1,True,True,"[20, 37, 37, 28, 46, 12, 54, 23]",[],"[20.837849598525157, 37.00828775467187, 37.927814694168895, 28.47569839455975, 46.99784029531156, 12.308135789646926, 54.951373540802834, 23.341118143664243]","[{'INP': 32}, {'CONV': [64, 3]}, ({'CONV': [64, 3]}, {'CONV': [128, 3]}), ({'CONV': [128, 3]}, {'CONV': [128, 5]}, {'POOLMAX': [-1, 2]}), ({'CONV': [128, 3]}, {'CONV': [128, 5]}), ({'CONV': [64, 5]}, {'CONV': [128, 3]}, {'POOLMAX': [-1, 2]}), ({'CONV': [128, 5]}, {'CONV': [256, 3]}), ({'CONV': [32, 5]}, {'CONV': [128, 3]}, {'POOLMAX': [-1, 2]}), ({'CONV': [256, 3]}, {'CONV': [256, 3]}), ({'CONV': [64, 3]}, {'CONV': [256, 5]}, {'POOLMAX': [-1, 2]}), {'GLOBAL_AVG': None}, {'LAST_DENSE': [100, 'softmax']}]",HHSE,NSGA2,,,,,0.6966975935838238,,,,1970141184,3927972,,,,,,"[26, 10, 50, 30, 43, 17, 11, 37]",0.7046961030118344,-0.0030071943854657,0.0,0.0,1.0,0.0,0.04,0,0,0,100,0,0.0,BEST,False,False,284,True,True,GREEDY,,,GREEDY_HV
BCTTBS[M],3,4,11,4,0.11,True,True,"[20, 37, 37, 28, 46, 12, 54, 23]",[],"[20.837849598525157, 37.00828775467187, 37.927814694168895, 28.47569839455975, 46.99784029531156, 12.308135789646926, 54.951373540802834, 23.341118143664243]","[{'INP': 32}, {'CONV': [64, 3]}, ({'CONV': [64, 3]}, {'CONV': [128, 3]}), ({'CONV': [128, 3]}, {'CONV': [128, 5]}, {'POOLMAX': [-1, 2]}), ({'CONV': [128, 3]}, {'CONV': [128, 5]}), ({'CONV': [64, 5]}, {'CONV': [128, 3]}, {'POOLMAX': [-1, 2]}), ({'CONV': [128, 5]}, {'CONV': [256, 3]}), ({'CONV': [32, 5]}, {'CONV': [128, 3]}, {'POOLMAX': [-1, 2]}), ({'CONV': [256, 3]}, {'CONV': [256, 3]}), ({'CONV': [64, 3]}, {'CONV': [256, 5]}, {'POOLMAX': [-1, 2]}), {'GLOBAL_AVG': None}, {'LAST_DENSE': [100, 'softmax']}]",HHSE,NSGA2,,,,,0.6966975935838238,,,,1970141184,3927972,,,,,,"[26, 10, 50, 30, 43, 17, 11, 37]",0.7046033228682056,-0.0003579217875044,0.0,0.0,1.0,0.0,0.04,0,1,0,100,0,0.01,BEST,False,False,284,True,True,GREEDY,,,GREEDY_HV
BCTTBS[M],3,4,12,4,0.12,True,True,"[20, 37, 37, 28, 46, 12, 54, 23]",[],"[20.837849598525157, 37.00828775467187, 37.927814694168895, 28.47569839455975, 46.99784029531156, 12.308135789646926, 54.951373540802834, 23.341118143664243]","[{'INP': 32}, {'CONV': [64, 3]}, ({'CONV': [64, 3]}, {'CONV': [128, 3]}), ({'CONV': [128, 3]}, {'CONV': [128, 5]}, {'POOLMAX': [-1, 2]}), ({'CONV': [128, 3]}, {'CONV': [128, 5]}), ({'CONV': [64, 5]}, {'CONV': [128, 3]}, {'POOLMAX': [-1, 2]}), ({'CONV': [128, 5]}, {'CONV': [256, 3]}), ({'CONV': [32, 5]}, {'CONV': [128, 3]}, {'POOLMAX': [-1, 2]}), ({'CONV': [256, 3]}, {'CONV': [256, 3]}), ({'CONV': [64, 3]}, {'CONV': [256, 5]}, {'POOLMAX': [-1, 2]}), {'GLOBAL_AVG': None}, {'LAST_DENSE': [100, 'softmax']}]",HHSE,NSGA2,,,,,0.6966975935838238,,,,1970141184,3927972,,,,,,"[26, 10, 50, 30, 43, 17, 11, 37]",0.7069926193250109,-0.0006598773271451,0.0,0.0,1.0,0.0,0.04,0,0,0,100,0,0.0,BEST,False,False,284,True,True,GREEDY,,,GREEDY_HV
BCTTBS[M],3,4,13,4,0.13,True,True,"[20, 37, 37, 28, 46, 12, 54, 23]",[],"[20.837849598525157, 37.00828775467187, 37.927814694168895, 28.47569839455975, 46.99784029531156, 12.308135789646926, 54.951373540802834, 23.341118143664243]","[{'INP': 32}, {'CONV': [64, 3]}, ({'CONV': [64, 3]}, {'CONV': [128, 3]}), ({'CONV': [128, 3]}, {'CONV': [128, 5]}, {'POOLMAX': [-1, 2]}), ({'CONV': [128, 3]}, {'CONV': [128, 5]}), ({'CONV': [64, 5]}, {'CONV': [128, 3]}, {'POOLMAX': [-1, 2]}), ({'CONV': [128, 5]}, {'CONV': [256, 3]}), ({'CONV': [32, 5]}, {'CONV': [128, 3]}, {'POOLMAX': [-1, 2]}), ({'CONV': [256, 3]}, {'CONV': [256, 3]}), ({'CONV': [64, 3]}, {'CONV': [256, 5]}, {'POOLMAX': [-1, 2]}), {'GLOBAL_AVG': None}, {'LAST_DENSE': [100, 'softmax']}]",HHSE,NSGA2,,,,,0.6966975935838238,,,,1970141184,3927972,,,,,,"[26, 10, 50, 30, 43, 17, 11, 37]",0.7048230485803032,-0.0005596812499665,0.0,0.0,1.0,0.0,0.04,0,0,0,100,0,0.0,BEST,False,False,284,True,True,GREEDY,,,GREEDY_HV
BCTTBS[M],3,4,14,4,0.14,True,True,"[20, 37, 37, 28, 46, 12, 54, 23]",[],"[20.837849598525157, 37.00828775467187, 37.927814694168895, 28.47569839455975, 46.99784029531156, 12.308135789646926, 54.951373540802834, 23.341118143664243]","[{'INP': 32}, {'CONV': [64, 3]}, ({'CONV': [64, 3]}, {'CONV': [128, 3]}), ({'CONV': [128, 3]}, {'CONV': [128, 5]}, {'POOLMAX': [-1, 2]}), ({'CONV': [128, 3]}, {'CONV': [128, 5]}), ({'CONV': [64, 5]}, {'CONV': [128, 3]}, {'POOLMAX': [-1, 2]}), ({'CONV': [128, 5]}, {'CONV': [256, 3]}), ({'CONV': [32, 5]}, {'CONV': [128, 3]}, {'POOLMAX': [-1, 2]}), ({'CONV': [256, 3]}, {'CONV': [256, 3]}), ({'CONV': [64, 3]}, {'CONV': [256, 5]}, {'POOLMAX': [-1, 2]}), {'GLOBAL_AVG': None}, {'LAST_DENSE': [100, 'softmax']}]",HHSE,NSGA2,,,,,0.6966975935838238,,,,1970141184,3927972,,,,,,"[26, 10, 50, 30, 43, 17, 11, 37]",0.7070449059284649,-0.0019267412386754,0.0,0.0,1.0,0.0,0.04,0,0,0,100,0,0.0,BEST,False,False,284,True,True,GREEDY,,,GREEDY_HV
BCTTBS[M],3,4,15,4,0.15,True,True,"[20, 37, 37, 28, 46, 12, 54, 23]",[],"[20.837849598525157, 37.00828775467187, 37.927814694168895, 28.47569839455975, 46.99784029531156, 12.308135789646926, 54.951373540802834, 23.341118143664243]","[{'INP': 32}, {'CONV': [64, 3]}, ({'CONV': [64, 3]}, {'CONV': [128, 3]}), ({'CONV': [128, 3]}, {'CONV': [128, 5]}, {'POOLMAX': [-1, 2]}), ({'CONV': [128, 3]}, {'CONV': [128, 5]}), ({'CONV': [64, 5]}, {'CONV': [128, 3]}, {'POOLMAX': [-1, 2]}), ({'CONV': [128, 5]}, {'CONV': [256, 3]}), ({'CONV': [32, 5]}, {'CONV': [128, 3]}, {'POOLMAX': [-1, 2]}), ({'CONV': [256, 3]}, {'CONV': [256, 3]}), ({'CONV': [64, 3]}, {'CONV': [256, 5]}, {'POOLMAX': [-1, 2]}), {'GLOBAL_AVG': None}, {'LAST_DENSE': [100, 'softmax']}]",HHSE,NSGA2,,,,,0.6966975935838238,,,,1970141184,3927972,,,,,,"[26, 10, 50, 30, 43, 17, 11, 37]",0.7071108149318963,-0.0018161319600897,0.0,0.0,1.0,0.0,0.04,0,0,0,100,0,0.0,BEST,False,False,284,True,True,GREEDY,,,GREEDY_HV
BCTTBS[M],3,4,16,4,0.16,True,True,"[20, 37, 37, 28, 46, 12, 54, 23]",[],"[20.837849598525157, 37.00828775467187, 37.927814694168895, 28.47569839455975, 46.99784029531156, 12.308135789646926, 54.951373540802834, 23.341118143664243]","[{'INP': 32}, {'CONV': [64, 3]}, ({'CONV': [64, 3]}, {'CONV': [128, 3]}), ({'CONV': [128, 3]}, {'CONV': [128, 5]}, {'POOLMAX': [-1, 2]}), ({'CONV': [128, 3]}, {'CONV': [128, 5]}), ({'CONV': [64, 5]}, {'CONV': [128, 3]}, {'POOLMAX': [-1, 2]}), ({'CONV': [128, 5]}, {'CONV': [256, 3]}), ({'CONV': [32, 5]}, {'CONV': [128, 3]}, {'POOLMAX': [-1, 2]}), ({'CONV': [256, 3]}, {'CONV': [256, 3]}), ({'CONV': [64, 3]}, {'CONV': [256, 5]}, {'POOLMAX': [-1, 2]}), {'GLOBAL_AVG': None}, {'LAST_DENSE': [100, 'softmax']}]",HHSE,NSGA2,,,,,0.6966975935838238,,,,1970141184,3927972,,,,,,"[26, 10, 50, 30, 43, 17, 11, 37]",0.7072210492261745,-0.000647118056939,0.0,0.0,1.0,0.0,0.04,0,0,0,100,0,0.0,BEST,False,False,284,True,True,GREEDY,,,GREEDY_HV
BCTTBS[M],3,4,17,4,0.17,True,True,"[20, 37, 37, 28, 46, 12, 54, 23]",[],"[20.837849598525157, 37.00828775467187, 37.927814694168895, 28.47569839455975, 46.99784029531156, 12.308135789646926, 54.951373540802834, 23.341118143664243]","[{'INP': 32}, {'CONV': [64, 3]}, ({'CONV': [64, 3]}, {'CONV': [128, 3]}), ({'CONV': [128, 3]}, {'CONV': [128, 5]}, {'POOLMAX': [-1, 2]}), ({'CONV': [128, 3]}, {'CONV': [128, 5]}), ({'CONV': [64, 5]}, {'CONV': [128, 3]}, {'POOLMAX': [-1, 2]}), ({'CONV': [128, 5]}, {'CONV': [256, 3]}), ({'CONV': [32, 5]}, {'CONV': [128, 3]}, {'POOLMAX': [-1, 2]}), ({'CONV': [256, 3]}, {'CONV': [256, 3]}), ({'CONV': [64, 3]}, {'CONV': [256, 5]}, {'POOLMAX': [-1, 2]}), {'GLOBAL_AVG': None}, {'LAST_DENSE': [100, 'softmax']}]",HHSE,NSGA2,,,,,0.6966975935838238,,,,1970141184,3927972,,,,,,"[26, 10, 50, 30, 43, 17, 11, 37]",0.7106966619304269,0.0025571908018824,0.0,0.0,1.0,0.0,0.04,0,1,0,100,0,0.01,BEST,False,False,284,True,True,GREEDY,,,GREEDY_HV
BCTTBS[M],3,4,18,4,0.18,True,True,"[20, 37, 37, 28, 46, 12, 54, 23]",[],"[20.837849598525157, 37.00828775467187, 37.927814694168895, 28.47569839455975, 46.99784029531156, 12.308135789646926, 54.951373540802834, 23.341118143664243]","[{'INP': 32}, {'CONV': [64, 3]}, ({'CONV': [64, 3]}, {'CONV': [128, 3]}), ({'CONV': [128, 3]}, {'CONV': [128, 5]}, {'POOLMAX': [-1, 2]}), ({'CONV': [128, 3]}, {'CONV': [128, 5]}), ({'CONV': [64, 5]}, {'CONV': [128, 3]}, {'POOLMAX': [-1, 2]}), ({'CONV': [128, 5]}, {'CONV': [256, 3]}), ({'CONV': [32, 5]}, {'CONV': [128, 3]}, {'POOLMAX': [-1, 2]}), ({'CONV': [256, 3]}, {'CONV': [256, 3]}), ({'CONV': [64, 3]}, {'CONV': [256, 5]}, {'POOLMAX': [-1, 2]}), {'GLOBAL_AVG': None}, {'LAST_DENSE': [100, 'softmax']}]",HHSE,NSGA2,,,,,0.6966975935838238,,,,1970141184,3927972,,,,,,"[26, 10, 50, 30, 43, 17, 11, 37]",0.7089328893230824,-0.0002748029234104,0.0,0.0,1.0,0.0,0.04,0,1,0,100,0,0.01,BEST,False,False,284,True,True,GREEDY,,,GREEDY_HV
BCTTBS[M],3,4,19,4,0.19,True,True,"[20, 37, 37, 28, 46, 12, 54, 23]",[],"[20.837849598525157, 37.00828775467187, 37.927814694168895, 28.47569839455975, 46.99784029531156, 12.308135789646926, 54.951373540802834, 23.341118143664243]","[{'INP': 32}, {'CONV': [64, 3]}, ({'CONV': [64, 3]}, {'CONV': [128, 3]}), ({'CONV': [128, 3]}, {'CONV': [128, 5]}, {'POOLMAX': [-1, 2]}), ({'CONV': [128, 3]}, {'CONV': [128, 5]}), ({'CONV': [64, 5]}, {'CONV': [128, 3]}, {'POOLMAX': [-1, 2]}), ({'CONV': [128, 5]}, {'CONV': [256, 3]}), ({'CONV': [32, 5]}, {'CONV': [128, 3]}, {'POOLMAX': [-1, 2]}), ({'CONV': [256, 3]}, {'CONV': [256, 3]}), ({'CONV': [64, 3]}, {'CONV': [256, 5]}, {'POOLMAX': [-1, 2]}), {'GLOBAL_AVG': None}, {'LAST_DENSE': [100, 'softmax']}]",HHSE,NSGA2,,,,,0.6966975935838238,,,,1970141184,3927972,,,,,,"[26, 10, 50, 30, 43, 17, 11, 37]",0.7083580993917271,-8.760005973873497e-05,0.0,0.0,1.0,0.0,0.04,0,0,0,100,0,0.0,BEST,False,False,284,True,True,GREEDY,,,GREEDY_HV
BCTTBS[M],3,4,20,4,0.2,True,True,"[20, 37, 37, 28, 46, 12, 54, 23]",[],"[20.837849598525157, 37.00828775467187, 37.927814694168895, 28.47569839455975, 46.99784029531156, 12.308135789646926, 54.951373540802834, 23.341118143664243]","[{'INP': 32}, {'CONV': [64, 3]}, ({'CONV': [64, 3]}, {'CONV': [128, 3]}), ({'CONV': [128, 3]}, {'CONV': [128, 5]}, {'POOLMAX': [-1, 2]}), ({'CONV': [128, 3]}, {'CONV': [128, 5]}), ({'CONV': [64, 5]}, {'CONV': [128, 3]}, {'POOLMAX': [-1, 2]}), ({'CONV': [128, 5]}, {'CONV': [256, 3]}), ({'CONV': [32, 5]}, {'CONV': [128, 3]}, {'POOLMAX': [-1, 2]}), ({'CONV': [256, 3]}, {'CONV': [256, 3]}), ({'CONV': [64, 3]}, {'CONV': [256, 5]}, {'POOLMAX': [-1, 2]}), {'GLOBAL_AVG': None}, {'LAST_DENSE': [100, 'softmax']}]",HHSE,NSGA2,,,,,0.6966975935838238,,,,1970141184,3927972,,,,,,"[26, 10, 50, 30, 43, 17, 11, 37]",0.7090344457275375,-0.0005472136517089,0.0,0.0,1.0,0.0,0.04,0,0,0,100,0,0.0,BEST,False,False,284,True,True,GREEDY,,,GREEDY_HV
BCTTBS[M],3,4,21,4,0.21,True,True,"[20, 37, 37, 28, 46, 12, 54, 23]",[],"[20.837849598525157, 37.00828775467187, 37.927814694168895, 28.47569839455975, 46.99784029531156, 12.308135789646926, 54.951373540802834, 23.341118143664243]","[{'INP': 32}, {'CONV': [64, 3]}, ({'CONV': [64, 3]}, {'CONV': [128, 3]}), ({'CONV': [128, 3]}, {'CONV': [128, 5]}, {'POOLMAX': [-1, 2]}), ({'CONV': [128, 3]}, {'CONV': [128, 5]}), ({'CONV': [64, 5]}, {'CONV': [128, 3]}, {'POOLMAX': [-1, 2]}), ({'CONV': [128, 5]}, {'CONV': [256, 3]}), ({'CONV': [32, 5]}, {'CONV': [128, 3]}, {'POOLMAX': [-1, 2]}), ({'CONV': [256, 3]}, {'CONV': [256, 3]}), ({'CONV': [64, 3]}, {'CONV': [256, 5]}, {'POOLMAX': [-1, 2]}), {'GLOBAL_AVG': None}, {'LAST_DENSE': [100, 'softmax']}]",HHSE,NSGA2,,,,,0.6966975935838238,,,,1970141184,3927972,,,,,,"[26, 10, 50, 30, 43, 17, 11, 37]",0.7102212450262466,-0.0001953798442527,0.0,0.0,1.0,0.0,0.04,0,0,0,100,0,0.0,BEST,False,False,284,True,True,GREEDY,,,GREEDY_HV
BCTTBS[M],3,4,22,4,0.22,True,True,"[20, 37, 37, 28, 46, 12, 54, 23]",[],"[20.837849598525157, 37.00828775467187, 37.927814694168895, 28.47569839455975, 46.99784029531156, 12.308135789646926, 54.951373540802834, 23.341118143664243]","[{'INP': 32}, {'CONV': [64, 3]}, ({'CONV': [64, 3]}, {'CONV': [128, 3]}), ({'CONV': [128, 3]}, {'CONV': [128, 5]}, {'POOLMAX': [-1, 2]}), ({'CONV': [128, 3]}, {'CONV': [128, 5]}), ({'CONV': [64, 5]}, {'CONV': [128, 3]}, {'POOLMAX': [-1, 2]}), ({'CONV': [128, 5]}, {'CONV': [256, 3]}), ({'CONV': [32, 5]}, {'CONV': [128, 3]}, {'POOLMAX': [-1, 2]}), ({'CONV': [256, 3]}, {'CONV': [256, 3]}), ({'CONV': [64, 3]}, {'CONV': [256, 5]}, {'POOLMAX': [-1, 2]}), {'GLOBAL_AVG': None}, {'LAST_DENSE': [100, 'softmax']}]",HHSE,NSGA2,,,,,0.6966975935838238,,,,1970141184,3927972,,,,,,"[26, 10, 50, 30, 43, 17, 11, 37]",0.7113409262700698,0.0016445238838639,0.0,0.0,1.0,0.0,0.04,0,1,0,100,0,0.01,BEST,False,False,284,True,True,GREEDY,,,GREEDY_HV
BCTTBS[M],3,4,23,4,0.23,True,True,"[20, 37, 37, 28, 46, 12, 54, 23]",[],"[20.837849598525157, 37.00828775467187, 37.927814694168895, 28.47569839455975, 46.99784029531156, 12.308135789646926, 54.951373540802834, 23.341118143664243]","[{'INP': 32}, {'CONV': [64, 3]}, ({'CONV': [64, 3]}, {'CONV': [128, 3]}), ({'CONV': [128, 3]}, {'CONV': [128, 5]}, {'POOLMAX': [-1, 2]}), ({'CONV': [128, 3]}, {'CONV': [128, 5]}), ({'CONV': [64, 5]}, {'CONV': [128, 3]}, {'POOLMAX': [-1, 2]}), ({'CONV': [128, 5]}, {'CONV': [256, 3]}), ({'CONV': [32, 5]}, {'CONV': [128, 3]}, {'POOLMAX': [-1, 2]}), ({'CONV': [256, 3]}, {'CONV': [256, 3]}), ({'CONV': [64, 3]}, {'CONV': [256, 5]}, {'POOLMAX': [-1, 2]}), {'GLOBAL_AVG': None}, {'LAST_DENSE': [100, 'softmax']}]",HHSE,NSGA2,,,,,0.6966975935838238,,,,1970141184,3927972,,,,,,"[26, 10, 50, 30, 43, 17, 11, 37]",0.7101014464832822,3.091271431232556e-05,0.0,0.0,1.0,0.0,0.04,0,0,0,100,0,0.0,BEST,False,False,284,True,True,GREEDY,,,GREEDY_HV
BCTTBS[M],3,4,24,4,0.24,True,True,"[20, 37, 37, 28, 46, 12, 54, 23]",[],"[20.837849598525157, 37.00828775467187, 37.927814694168895, 28.47569839455975, 46.99784029531156, 12.308135789646926, 54.951373540802834, 23.341118143664243]","[{'INP': 32}, {'CONV': [64, 3]}, ({'CONV': [64, 3]}, {'CONV': [128, 3]}), ({'CONV': [128, 3]}, {'CONV': [128, 5]}, {'POOLMAX': [-1, 2]}), ({'CONV': [128, 3]}, {'CONV': [128, 5]}), ({'CONV': [64, 5]}, {'CONV': [128, 3]}, {'POOLMAX': [-1, 2]}), ({'CONV': [128, 5]}, {'CONV': [256, 3]}), ({'CONV': [32, 5]}, {'CONV': [128, 3]}, {'POOLMAX': [-1, 2]}), ({'CONV': [256, 3]}, {'CONV': [256, 3]}), ({'CONV': [64, 3]}, {'CONV': [256, 5]}, {'POOLMAX': [-1, 2]}), {'GLOBAL_AVG': None}, {'LAST_DENSE': [100, 'softmax']}]",HHSE,NSGA2,,,,,0.6966975935838238,,,,1970141184,3927972,,,,,,"[26, 10, 50, 30, 43, 17, 11, 37]",0.7097909133473588,-0.0011221973028083,0.0,0.0,1.0,0.0,0.04,0,1,0,100,0,0.01,BEST,False,False,284,True,True,GREEDY,,,GREEDY_HV
BCTTBS[M],3,4,25,4,0.25,True,True,"[20, 37, 37, 28, 46, 12, 54, 23]",[],"[20.837849598525157, 37.00828775467187, 37.927814694168895, 28.47569839455975, 46.99784029531156, 12.308135789646926, 54.951373540802834, 23.341118143664243]","[{'INP': 32}, {'CONV': [64, 3]}, ({'CONV': [64, 3]}, {'CONV': [128, 3]}), ({'CONV': [128, 3]}, {'CONV': [128, 5]}, {'POOLMAX': [-1, 2]}), ({'CONV': [128, 3]}, {'CONV': [128, 5]}), ({'CONV': [64, 5]}, {'CONV': [128, 3]}, {'POOLMAX': [-1, 2]}), ({'CONV': [128, 5]}, {'CONV': [256, 3]}), ({'CONV': [32, 5]}, {'CONV': [128, 3]}, {'POOLMAX': [-1, 2]}), ({'CONV': [256, 3]}, {'CONV': [256, 3]}), ({'CONV': [64, 3]}, {'CONV': [256, 5]}, {'POOLMAX': [-1, 2]}), {'GLOBAL_AVG': None}, {'LAST_DENSE': [100, 'softmax']}]",HHSE,NSGA2,,,,,0.6966975935838238,,,,1970141184,3927972,,,,,,"[26, 10, 50, 30, 43, 17, 11, 37]",0.7097263352289018,-0.0004328888645751,0.0,0.0,1.0,0.0,0.04,0,0,0,100,0,0.0,BEST,False,False,284,True,True,GREEDY,,,GREEDY_HV
BCTTBS[M],3,4,26,4,0.26,True,True,"[20, 37, 37, 28, 46, 12, 54, 23]",[],"[20.837849598525157, 37.00828775467187, 37.927814694168895, 28.47569839455975, 46.99784029531156, 12.308135789646926, 54.951373540802834, 23.341118143664243]","[{'INP': 32}, {'CONV': [64, 3]}, ({'CONV': [64, 3]}, {'CONV': [128, 3]}), ({'CONV': [128, 3]}, {'CONV': [128, 5]}, {'POOLMAX': [-1, 2]}), ({'CONV': [128, 3]}, {'CONV': [128, 5]}), ({'CONV': [64, 5]}, {'CONV': [128, 3]}, {'POOLMAX': [-1, 2]}), ({'CONV': [128, 5]}, {'CONV': [256, 3]}), ({'CONV': [32, 5]}, {'CONV': [128, 3]}, {'POOLMAX': [-1, 2]}), ({'CONV': [256, 3]}, {'CONV': [256, 3]}), ({'CONV': [64, 3]}, {'CONV': [256, 5]}, {'POOLMAX': [-1, 2]}), {'GLOBAL_AVG': None}, {'LAST_DENSE': [100, 'softmax']}]",HHSE,NSGA2,,,,,0.6966975935838238,,,,1970141184,3927972,,,,,,"[26, 10, 50, 30, 43, 17, 11, 37]",0.7099107903814912,-0.0012597251910808,0.0,0.0,1.0,0.0,0.04,0,0,0,100,0,0.0,BEST,False,False,284,True,True,GREEDY,,,GREEDY_HV
BCTTBS[M],3,4,27,4,0.27,True,True,"[20, 37, 37, 28, 46, 12, 54, 23]",[],"[20.837849598525157, 37.00828775467187, 37.927814694168895, 28.47569839455975, 46.99784029531156, 12.308135789646926, 54.951373540802834, 23.341118143664243]","[{'INP': 32}, {'CONV': [64, 3]}, ({'CONV': [64, 3]}, {'CONV': [128, 3]}), ({'CONV': [128, 3]}, {'CONV': [128, 5]}, {'POOLMAX': [-1, 2]}), ({'CONV': [128, 3]}, {'CONV': [128, 5]}), ({'CONV': [64, 5]}, {'CONV': [128, 3]}, {'POOLMAX': [-1, 2]}), ({'CONV': [128, 5]}, {'CONV': [256, 3]}), ({'CONV': [32, 5]}, {'CONV': [128, 3]}, {'POOLMAX': [-1, 2]}), ({'CONV': [256, 3]}, {'CONV': [256, 3]}), ({'CONV': [64, 3]}, {'CONV': [256, 5]}, {'POOLMAX': [-1, 2]}), {'GLOBAL_AVG': None}, {'LAST_DENSE': [100, 'softmax']}]",HHSE,NSGA2,,,,,0.6966975935838238,,,,1970141184,3927972,,,,,,"[26, 10, 50, 30, 43, 17, 11, 37]",0.7099449380119923,-0.0006564503166507,0.0,0.0,1.0,0.0,0.04,0,0,0,100,0,0.0,BEST,False,False,284,True,True,GREEDY,,,GREEDY_HV
BFFMMZ[M],3,4,28,28,0.28,True,True,"[60, 32, 0, 45, 14, 23, 44, 55]",[],"[60.054201012609646, 32.14888210484337, 0.8353290167147263, 45.52032580514402, 14.324689110074212, 23.497579048327932, 44.692896461658094, 55.79653485796428]","[{'INP': 32}, {'CONV': [64, 3]}, ({'CONV': [256, 5]}, {'CONV': [128, 3]}), ({'CONV': [128, 3]}, {'CONV': [32, 3]}, {'POOLMAX': [-1, 2]}), ({'CONV': [32, 3]}, {'CONV': [32, 3]}), ({'CONV': [128, 5]}, {'CONV': [128, 5]}, {'POOLMAX': [-1, 2]}), ({'CONV': [32, 5]}, {'CONV': [256, 3]}), ({'CONV': [64, 3]}, {'CONV': [256, 5]}, {'POOLMAX': [-1, 2]}), ({'CONV': [128, 5]}, {'CONV': [128, 3]}), ({'CONV': [256, 3]}, {'CONV': [256, 5]}, {'POOLMAX': [-1, 2]}), {'GLOBAL_AVG': None}, {'LAST_DENSE': [100, 'softmax']}]",HHSE,NSGA2,,,,,0.6971661894698584,,,,2286269440,5089060,,,,,,"[52, 20, 0, 38, 18, 26, 44, 53]",0.7101702728000272,-0.0076566458254152,0.125,0.75,0.75,1.0,0.28,0,0,0,100,0,0.0,BEST,False,False,279,True,True,GREEDY,,,GREEDY_HV
BFFMMZ[M],3,4,29,28,0.29,True,True,"[60, 32, 0, 45, 14, 23, 44, 55]",[],"[60.054201012609646, 32.14888210484337, 0.8353290167147263, 45.52032580514402, 14.324689110074212, 23.497579048327932, 44.692896461658094, 55.79653485796428]","[{'INP': 32}, {'CONV': [64, 3]}, ({'CONV': [256, 5]}, {'CONV': [128, 3]}), ({'CONV': [128, 3]}, {'CONV': [32, 3]}, {'POOLMAX': [-1, 2]}), ({'CONV': [32, 3]}, {'CONV': [32, 3]}), ({'CONV': [128, 5]}, {'CONV': [128, 5]}, {'POOLMAX': [-1, 2]}), ({'CONV': [32, 5]}, {'CONV': [256, 3]}), ({'CONV': [64, 3]}, {'CONV': [256, 5]}, {'POOLMAX': [-1, 2]}), ({'CONV': [128, 5]}, {'CONV': [128, 3]}), ({'CONV': [256, 3]}, {'CONV': [256, 5]}, {'POOLMAX': [-1, 2]}), {'GLOBAL_AVG': None}, {'LAST_DENSE': [100, 'softmax']}]",HHSE,NSGA2,,,,,0.6971661894698584,,,,2286269440,5089060,,,,,,"[52, 20, 0, 38, 18, 26, 44, 53]",0.7106951732637231,-0.0034045373913529,0.125,0.75,0.75,0.0,0.28,0,0,0,100,0,0.0,BEST,False,False,279,True,True,GREEDY,,,GREEDY_HV
BFFMMZ[M],3,4,30,28,0.3,True,True,"[60, 32, 0, 45, 14, 23, 44, 55]",[],"[60.054201012609646, 32.14888210484337, 0.8353290167147263, 45.52032580514402, 14.324689110074212, 23.497579048327932, 44.692896461658094, 55.79653485796428]","[{'INP': 32}, {'CONV': [64, 3]}, ({'CONV': [256, 5]}, {'CONV': [128, 3]}), ({'CONV': [128, 3]}, {'CONV': [32, 3]}, {'POOLMAX': [-1, 2]}), ({'CONV': [32, 3]}, {'CONV': [32, 3]}), ({'CONV': [128, 5]}, {'CONV': [128, 5]}, {'POOLMAX': [-1, 2]}), ({'CONV': [32, 5]}, {'CONV': [256, 3]}), ({'CONV': [64, 3]}, {'CONV': [256, 5]}, {'POOLMAX': [-1, 2]}), ({'CONV': [128, 5]}, {'CONV': [128, 3]}), ({'CONV': [256, 3]}, {'CONV': [256, 5]}, {'POOLMAX': [-1, 2]}), {'GLOBAL_AVG': None}, {'LAST_DENSE': [100, 'softmax']}]",HHSE,NSGA2,,,,,0.6971661894698584,,,,2286269440,5089060,,,,,,"[52, 20, 0, 38, 18, 26, 44, 53]",0.7106701767140304,-0.0012042937081542,0.125,0.75,0.75,0.0,0.28,0,0,0,100,0,0.0,BEST,False,False,279,True,True,GREEDY,,,GREEDY_HV
BFFMMZ[M],3,4,31,28,0.31,True,True,"[60, 32, 0, 45, 14, 23, 44, 55]",[],"[60.054201012609646, 32.14888210484337, 0.8353290167147263, 45.52032580514402, 14.324689110074212, 23.497579048327932, 44.692896461658094, 55.79653485796428]","[{'INP': 32}, {'CONV': [64, 3]}, ({'CONV': [256, 5]}, {'CONV': [128, 3]}), ({'CONV': [128, 3]}, {'CONV': [32, 3]}, {'POOLMAX': [-1, 2]}), ({'CONV': [32, 3]}, {'CONV': [32, 3]}), ({'CONV': [128, 5]}, {'CONV': [128, 5]}, {'POOLMAX': [-1, 2]}), ({'CONV': [32, 5]}, {'CONV': [256, 3]}), ({'CONV': [64, 3]}, {'CONV': [256, 5]}, {'POOLMAX': [-1, 2]}), ({'CONV': [128, 5]}, {'CONV': [128, 3]}), ({'CONV': [256, 3]}, {'CONV': [256, 5]}, {'POOLMAX': [-1, 2]}), {'GLOBAL_AVG': None}, {'LAST_DENSE': [100, 'softmax']}]",HHSE,NSGA2,,,,,0.6971661894698584,,,,2286269440,5089060,,,,,,"[52, 20, 0, 38, 18, 26, 44, 53]",0.7119505030679969,-0.0003604863324562,0.125,0.75,0.75,0.0,0.28,0,0,0,100,0,0.0,BEST,False,False,279,True,True,GREEDY,,,GREEDY_HV
BERHOU[M][M][M],3,4,32,32,0.32,True,True,"[20, 4, 32, 45, 39, 6, 13, 55]",[],"[20.99810774687092, 4.477761719643046, 32.45861126221189, 45.21892150166217, 39.5819549374805, 6.154535412078465, 13.603779131375912, 55.53889534346409]","[{'INP': 32}, {'CONV': [64, 3]}, ({'CONV': [64, 3]}, {'CONV': [128, 3]}), ({'CONV': [32, 3]}, {'CONV': [128, 3]}, {'POOLMAX': [-1, 2]}), ({'CONV': [128, 3]}, {'CONV': [32, 3]}), ({'CONV': [128, 5]}, {'CONV': [128, 5]}, {'POOLMAX': [-1, 2]}), ({'CONV': [128, 3]}, {'CONV': [256, 5]}), ({'CONV': [32, 3]}, {'CONV': [256, 3]}, {'POOLMAX': [-1, 2]}), ({'CONV': [32, 5]}, {'CONV': [128, 5]}), ({'CONV': [256, 3]}, {'CONV': [256, 5]}, {'POOLMAX': [-1, 2]}), {'GLOBAL_AVG': None}, {'LAST_DENSE': [100, 'softmax']}]",HHSE,NSGA2,,,,,0.7062064425191297,,,,955565568,4271396,,,,,,"[18, 11, 14, 44, 36, 6, 14, 55]",0.7108273089978056,-0.005715828821616,0.0,0.0,0.75,0.75,0.32,0,0,0,100,0,0.0,BEST,False,False,172,True,True,GREEDY,,,GREEDY_HV
BERHOU[M][M][M],3,4,33,32,0.33,True,True,"[20, 4, 32, 45, 39, 6, 13, 55]",[],"[20.99810774687092, 4.477761719643046, 32.45861126221189, 45.21892150166217, 39.5819549374805, 6.154535412078465, 13.603779131375912, 55.53889534346409]","[{'INP': 32}, {'CONV': [64, 3]}, ({'CONV': [64, 3]}, {'CONV': [128, 3]}), ({'CONV': [32, 3]}, {'CONV': [128, 3]}, {'POOLMAX': [-1, 2]}), ({'CONV': [128, 3]}, {'CONV': [32, 3]}), ({'CONV': [128, 5]}, {'CONV': [128, 5]}, {'POOLMAX': [-1, 2]}), ({'CONV': [128, 3]}, {'CONV': [256, 5]}), ({'CONV': [32, 3]}, {'CONV': [256, 3]}, {'POOLMAX': [-1, 2]}), ({'CONV': [32, 5]}, {'CONV': [128, 5]}), ({'CONV': [256, 3]}, {'CONV': [256, 5]}, {'POOLMAX': [-1, 2]}), {'GLOBAL_AVG': None}, {'LAST_DENSE': [100, 'softmax']}]",HHSE,NSGA2,,,,,0.7062064425191297,,,,955565568,4271396,,,,,,"[18, 11, 14, 44, 36, 6, 14, 55]",0.7182000985516318,-0.0009123493234481,0.0,0.0,0.75,0.0,0.32,0,0,0,100,0,0.0,BEST,False,False,172,True,True,GREEDY,,,GREEDY_HV
BERHOU[M][M][M],3,4,34,32,0.34,True,True,"[20, 4, 32, 45, 39, 6, 13, 55]",[],"[20.99810774687092, 4.477761719643046, 32.45861126221189, 45.21892150166217, 39.5819549374805, 6.154535412078465, 13.603779131375912, 55.53889534346409]","[{'INP': 32}, {'CONV': [64, 3]}, ({'CONV': [64, 3]}, {'CONV': [128, 3]}), ({'CONV': [32, 3]}, {'CONV': [128, 3]}, {'POOLMAX': [-1, 2]}), ({'CONV': [128, 3]}, {'CONV': [32, 3]}), ({'CONV': [128, 5]}, {'CONV': [128, 5]}, {'POOLMAX': [-1, 2]}), ({'CONV': [128, 3]}, {'CONV': [256, 5]}), ({'CONV': [32, 3]}, {'CONV': [256, 3]}, {'POOLMAX': [-1, 2]}), ({'CONV': [32, 5]}, {'CONV': [128, 5]}), ({'CONV': [256, 3]}, {'CONV': [256, 5]}, {'POOLMAX': [-1, 2]}), {'GLOBAL_AVG': None}, {'LAST_DENSE': [100, 'softmax']}]",HHSE,NSGA2,,,,,0.7062064425191297,,,,955565568,4271396,,,,,,"[18, 11, 14, 44, 36, 6, 14, 55]",0.7184510096458447,-0.0003151620200325,0.0,0.0,0.75,0.0,0.32,0,0,0,100,0,0.0,BEST,False,False,172,True,True,GREEDY,,,GREEDY_HV
BERHOU[M][M][M],3,4,35,32,0.35,True,True,"[20, 4, 32, 45, 39, 6, 13, 55]",[],"[20.99810774687092, 4.477761719643046, 32.45861126221189, 45.21892150166217, 39.5819549374805, 6.154535412078465, 13.603779131375912, 55.53889534346409]","[{'INP': 32}, {'CONV': [64, 3]}, ({'CONV': [64, 3]}, {'CONV': [128, 3]}), ({'CONV': [32, 3]}, {'CONV': [128, 3]}, {'POOLMAX': [-1, 2]}), ({'CONV': [128, 3]}, {'CONV': [32, 3]}), ({'CONV': [128, 5]}, {'CONV': [128, 5]}, {'POOLMAX': [-1, 2]}), ({'CONV': [128, 3]}, {'CONV': [256, 5]}), ({'CONV': [32, 3]}, {'CONV': [256, 3]}, {'POOLMAX': [-1, 2]}), ({'CONV': [32, 5]}, {'CONV': [128, 5]}), ({'CONV': [256, 3]}, {'CONV': [256, 5]}, {'POOLMAX': [-1, 2]}), {'GLOBAL_AVG': None}, {'LAST_DENSE': [100, 'softmax']}]",HHSE,NSGA2,,,,,0.7062064425191297,,,,955565568,4271396,,,,,,"[18, 11, 14, 44, 36, 6, 14, 55]",0.7185796329944941,9.898722361045832e-05,0.0,0.0,0.75,0.0,0.32,0,1,0,100,0,0.01,BEST,False,False,172,True,True,GREEDY,,,GREEDY_HV
BERHOU[M][M][M],3,4,36,32,0.36,True,True,"[20, 4, 32, 45, 39, 6, 13, 55]",[],"[20.99810774687092, 4.477761719643046, 32.45861126221189, 45.21892150166217, 39.5819549374805, 6.154535412078465, 13.603779131375912, 55.53889534346409]","[{'INP': 32}, {'CONV': [64, 3]}, ({'CONV': [64, 3]}, {'CONV': [128, 3]}), ({'CONV': [32, 3]}, {'CONV': [128, 3]}, {'POOLMAX': [-1, 2]}), ({'CONV': [128, 3]}, {'CONV': [32, 3]}), ({'CONV': [128, 5]}, {'CONV': [128, 5]}, {'POOLMAX': [-1, 2]}), ({'CONV': [128, 3]}, {'CONV': [256, 5]}), ({'CONV': [32, 3]}, {'CONV': [256, 3]}, {'POOLMAX': [-1, 2]}), ({'CONV': [32, 5]}, {'CONV': [128, 5]}), ({'CONV': [256, 3]}, {'CONV': [256, 5]}, {'POOLMAX': [-1, 2]}), {'GLOBAL_AVG': None}, {'LAST_DENSE': [100, 'softmax']}]",HHSE,NSGA2,,,,,0.7062064425191297,,,,955565568,4271396,,,,,,"[18, 11, 14, 44, 36, 6, 14, 55]",0.7183804092724599,-0.0004183828044749,0.0,0.0,0.75,0.0,0.32,0,0,0,100,0,0.0,BEST,False,False,172,True,True,GREEDY,,,GREEDY_HV
BERHOU[M][M][M],3,4,37,32,0.37,True,True,"[20, 4, 32, 45, 39, 6, 13, 55]",[],"[20.99810774687092, 4.477761719643046, 32.45861126221189, 45.21892150166217, 39.5819549374805, 6.154535412078465, 13.603779131375912, 55.53889534346409]","[{'INP': 32}, {'CONV': [64, 3]}, ({'CONV': [64, 3]}, {'CONV': [128, 3]}), ({'CONV': [32, 3]}, {'CONV': [128, 3]}, {'POOLMAX': [-1, 2]}), ({'CONV': [128, 3]}, {'CONV': [32, 3]}), ({'CONV': [128, 5]}, {'CONV': [128, 5]}, {'POOLMAX': [-1, 2]}), ({'CONV': [128, 3]}, {'CONV': [256, 5]}), ({'CONV': [32, 3]}, {'CONV': [256, 3]}, {'POOLMAX': [-1, 2]}), ({'CONV': [32, 5]}, {'CONV': [128, 5]}), ({'CONV': [256, 3]}, {'CONV': [256, 5]}, {'POOLMAX': [-1, 2]}), {'GLOBAL_AVG': None}, {'LAST_DENSE': [100, 'softmax']}]",HHSE,NSGA2,,,,,0.7062064425191297,,,,955565568,4271396,,,,,,"[18, 11, 14, 44, 36, 6, 14, 55]",0.718725399054745,-0.0025752498315758,0.0,0.0,0.75,0.0,0.32,0,0,0,100,0,0.0,BEST,False,False,172,True,True,GREEDY,,,GREEDY_HV
BERHOU[M][M][M],3,4,38,32,0.38,True,True,"[20, 4, 32, 45, 39, 6, 13, 55]",[],"[20.99810774687092, 4.477761719643046, 32.45861126221189, 45.21892150166217, 39.5819549374805, 6.154535412078465, 13.603779131375912, 55.53889534346409]","[{'INP': 32}, {'CONV': [64, 3]}, ({'CONV': [64, 3]}, {'CONV': [128, 3]}), ({'CONV': [32, 3]}, {'CONV': [128, 3]}, {'POOLMAX': [-1, 2]}), ({'CONV': [128, 3]}, {'CONV': [32, 3]}), ({'CONV': [128, 5]}, {'CONV': [128, 5]}, {'POOLMAX': [-1, 2]}), ({'CONV': [128, 3]}, {'CONV': [256, 5]}), ({'CONV': [32, 3]}, {'CONV': [256, 3]}, {'POOLMAX': [-1, 2]}), ({'CONV': [32, 5]}, {'CONV': [128, 5]}), ({'CONV': [256, 3]}, {'CONV': [256, 5]}, {'POOLMAX': [-1, 2]}), {'GLOBAL_AVG': None}, {'LAST_DENSE': [100, 'softmax']}]",HHSE,NSGA2,,,,,0.7062064425191297,,,,955565568,4271396,,,,,,"[18, 11, 14, 44, 36, 6, 14, 55]",0.7190123111601379,-6.568274541240982e-05,0.0,0.0,0.75,0.0,0.32,0,1,0,100,0,0.01,BEST,False,False,172,True,True,GREEDY,,,GREEDY_HV
BERHOU[M][M][M],3,4,39,32,0.39,True,True,"[20, 4, 32, 45, 39, 6, 13, 55]",[],"[20.99810774687092, 4.477761719643046, 32.45861126221189, 45.21892150166217, 39.5819549374805, 6.154535412078465, 13.603779131375912, 55.53889534346409]","[{'INP': 32}, {'CONV': [64, 3]}, ({'CONV': [64, 3]}, {'CONV': [128, 3]}), ({'CONV': [32, 3]}, {'CONV': [128, 3]}, {'POOLMAX': [-1, 2]}), ({'CONV': [128, 3]}, {'CONV': [32, 3]}), ({'CONV': [128, 5]}, {'CONV': [128, 5]}, {'POOLMAX': [-1, 2]}), ({'CONV': [128, 3]}, {'CONV': [256, 5]}), ({'CONV': [32, 3]}, {'CONV': [256, 3]}, {'POOLMAX': [-1, 2]}), ({'CONV': [32, 5]}, {'CONV': [128, 5]}), ({'CONV': [256, 3]}, {'CONV': [256, 5]}, {'POOLMAX': [-1, 2]}), {'GLOBAL_AVG': None}, {'LAST_DENSE': [100, 'softmax']}]",HHSE,NSGA2,,,,,0.7062064425191297,,,,955565568,4271396,,,,,,"[18, 11, 14, 44, 36, 6, 14, 55]",0.7187456663253117,-0.0001640668219831,0.0,0.0,0.75,0.0,0.32,0,0,0,100,0,0.0,BEST,False,False,172,True,True,GREEDY,,,GREEDY_HV
BERHOU[M][M][M],3,4,40,32,0.4,True,True,"[20, 4, 32, 45, 39, 6, 13, 55]",[],"[20.99810774687092, 4.477761719643046, 32.45861126221189, 45.21892150166217, 39.5819549374805, 6.154535412078465, 13.603779131375912, 55.53889534346409]","[{'INP': 32}, {'CONV': [64, 3]}, ({'CONV': [64, 3]}, {'CONV': [128, 3]}), ({'CONV': [32, 3]}, {'CONV': [128, 3]}, {'POOLMAX': [-1, 2]}), ({'CONV': [128, 3]}, {'CONV': [32, 3]}), ({'CONV': [128, 5]}, {'CONV': [128, 5]}, {'POOLMAX': [-1, 2]}), ({'CONV': [128, 3]}, {'CONV': [256, 5]}), ({'CONV': [32, 3]}, {'CONV': [256, 3]}, {'POOLMAX': [-1, 2]}), ({'CONV': [32, 5]}, {'CONV': [128, 5]}), ({'CONV': [256, 3]}, {'CONV': [256, 5]}, {'POOLMAX': [-1, 2]}), {'GLOBAL_AVG': None}, {'LAST_DENSE': [100, 'softmax']}]",HHSE,NSGA2,,,,,0.7062064425191297,,,,955565568,4271396,,,,,,"[18, 11, 14, 44, 36, 6, 14, 55]",0.7192183935838498,-5.800925191834505e-05,0.0,0.0,0.75,0.0,0.32,0,0,0,100,0,0.0,BEST,False,False,172,True,True,GREEDY,,,GREEDY_HV
BERHOU[M][M][M],3,4,41,32,0.41,True,True,"[20, 4, 32, 45, 39, 6, 13, 55]",[],"[20.99810774687092, 4.477761719643046, 32.45861126221189, 45.21892150166217, 39.5819549374805, 6.154535412078465, 13.603779131375912, 55.53889534346409]","[{'INP': 32}, {'CONV': [64, 3]}, ({'CONV': [64, 3]}, {'CONV': [128, 3]}), ({'CONV': [32, 3]}, {'CONV': [128, 3]}, {'POOLMAX': [-1, 2]}), ({'CONV': [128, 3]}, {'CONV': [32, 3]}), ({'CONV': [128, 5]}, {'CONV': [128, 5]}, {'POOLMAX': [-1, 2]}), ({'CONV': [128, 3]}, {'CONV': [256, 5]}), ({'CONV': [32, 3]}, {'CONV': [256, 3]}, {'POOLMAX': [-1, 2]}), ({'CONV': [32, 5]}, {'CONV': [128, 5]}), ({'CONV': [256, 3]}, {'CONV': [256, 5]}, {'POOLMAX': [-1, 2]}), {'GLOBAL_AVG': None}, {'LAST_DENSE': [100, 'softmax']}]",HHSE,NSGA2,,,,,0.7062064425191297,,,,955565568,4271396,,,,,,"[18, 11, 14, 44, 36, 6, 14, 55]",0.7203870113605975,-0.0002016547162082,0.0,0.0,0.75,0.0,0.32,0,1,0,100,0,0.01,BEST,False,False,172,True,True,GREEDY,,,GREEDY_HV
BERHOU[M][M][M],3,4,42,32,0.42,True,True,"[20, 4, 32, 45, 39, 6, 13, 55]",[],"[20.99810774687092, 4.477761719643046, 32.45861126221189, 45.21892150166217, 39.5819549374805, 6.154535412078465, 13.603779131375912, 55.53889534346409]","[{'INP': 32}, {'CONV': [64, 3]}, ({'CONV': [64, 3]}, {'CONV': [128, 3]}), ({'CONV': [32, 3]}, {'CONV': [128, 3]}, {'POOLMAX': [-1, 2]}), ({'CONV': [128, 3]}, {'CONV': [32, 3]}), ({'CONV': [128, 5]}, {'CONV': [128, 5]}, {'POOLMAX': [-1, 2]}), ({'CONV': [128, 3]}, {'CONV': [256, 5]}), ({'CONV': [32, 3]}, {'CONV': [256, 3]}, {'POOLMAX': [-1, 2]}), ({'CONV': [32, 5]}, {'CONV': [128, 5]}), ({'CONV': [256, 3]}, {'CONV': [256, 5]}, {'POOLMAX': [-1, 2]}), {'GLOBAL_AVG': None}, {'LAST_DENSE': [100, 'softmax']}]",HHSE,NSGA2,,,,,0.7062064425191297,,,,955565568,4271396,,,,,,"[18, 11, 14, 44, 36, 6, 14, 55]",0.7203722247990471,-0.0005224344615279,0.0,0.0,0.75,0.0,0.32,0,0,0,100,0,0.0,BEST,False,False,172,True,True,GREEDY,,,GREEDY_HV
BERHOU[M][M][M],3,4,43,32,0.43,True,True,"[20, 4, 32, 45, 39, 6, 13, 55]",[],"[20.99810774687092, 4.477761719643046, 32.45861126221189, 45.21892150166217, 39.5819549374805, 6.154535412078465, 13.603779131375912, 55.53889534346409]","[{'INP': 32}, {'CONV': [64, 3]}, ({'CONV': [64, 3]}, {'CONV': [128, 3]}), ({'CONV': [32, 3]}, {'CONV': [128, 3]}, {'POOLMAX': [-1, 2]}), ({'CONV': [128, 3]}, {'CONV': [32, 3]}), ({'CONV': [128, 5]}, {'CONV': [128, 5]}, {'POOLMAX': [-1, 2]}), ({'CONV': [128, 3]}, {'CONV': [256, 5]}), ({'CONV': [32, 3]}, {'CONV': [256, 3]}, {'POOLMAX': [-1, 2]}), ({'CONV': [32, 5]}, {'CONV': [128, 5]}), ({'CONV': [256, 3]}, {'CONV': [256, 5]}, {'POOLMAX': [-1, 2]}), {'GLOBAL_AVG': None}, {'LAST_DENSE': [100, 'softmax']}]",HHSE,NSGA2,,,,,0.7062064425191297,,,,955565568,4271396,,,,,,"[18, 11, 14, 44, 36, 6, 14, 55]",0.7204203565088696,-0.0010346381050597,0.0,0.0,0.75,0.0,0.32,0,1,0,100,0,0.01,BEST,False,False,172,True,True,GREEDY,,,GREEDY_HV
BERHOU[M][M][M],3,4,44,32,0.44,True,True,"[20, 4, 32, 45, 39, 6, 13, 55]",[],"[20.99810774687092, 4.477761719643046, 32.45861126221189, 45.21892150166217, 39.5819549374805, 6.154535412078465, 13.603779131375912, 55.53889534346409]","[{'INP': 32}, {'CONV': [64, 3]}, ({'CONV': [64, 3]}, {'CONV': [128, 3]}), ({'CONV': [32, 3]}, {'CONV': [128, 3]}, {'POOLMAX': [-1, 2]}), ({'CONV': [128, 3]}, {'CONV': [32, 3]}), ({'CONV': [128, 5]}, {'CONV': [128, 5]}, {'POOLMAX': [-1, 2]}), ({'CONV': [128, 3]}, {'CONV': [256, 5]}), ({'CONV': [32, 3]}, {'CONV': [256, 3]}, {'POOLMAX': [-1, 2]}), ({'CONV': [32, 5]}, {'CONV': [128, 5]}), ({'CONV': [256, 3]}, {'CONV': [256, 5]}, {'POOLMAX': [-1, 2]}), {'GLOBAL_AVG': None}, {'LAST_DENSE': [100, 'softmax']}]",HHSE,NSGA2,,,,,0.7062064425191297,,,,955565568,4271396,,,,,,"[18, 11, 14, 44, 36, 6, 14, 55]",0.7204392458043903,-5.639073027363661e-05,0.0,0.0,0.75,0.0,0.32,0,0,0,100,0,0.0,BEST,False,False,172,True,True,GREEDY,,,GREEDY_HV
BERHOU[M][M][M],3,4,45,32,0.45,True,True,"[20, 4, 32, 45, 39, 6, 13, 55]",[],"[20.99810774687092, 4.477761719643046, 32.45861126221189, 45.21892150166217, 39.5819549374805, 6.154535412078465, 13.603779131375912, 55.53889534346409]","[{'INP': 32}, {'CONV': [64, 3]}, ({'CONV': [64, 3]}, {'CONV': [128, 3]}), ({'CONV': [32, 3]}, {'CONV': [128, 3]}, {'POOLMAX': [-1, 2]}), ({'CONV': [128, 3]}, {'CONV': [32, 3]}), ({'CONV': [128, 5]}, {'CONV': [128, 5]}, {'POOLMAX': [-1, 2]}), ({'CONV': [128, 3]}, {'CONV': [256, 5]}), ({'CONV': [32, 3]}, {'CONV': [256, 3]}, {'POOLMAX': [-1, 2]}), ({'CONV': [32, 5]}, {'CONV': [128, 5]}), ({'CONV': [256, 3]}, {'CONV': [256, 5]}, {'POOLMAX': [-1, 2]}), {'GLOBAL_AVG': None}, {'LAST_DENSE': [100, 'softmax']}]",HHSE,NSGA2,,,,,0.7062064425191297,,,,955565568,4271396,,,,,,"[18, 11, 14, 44, 36, 6, 14, 55]",0.7204227109394695,-0.0004779885428199,0.0,0.0,0.75,0.0,0.32,0,0,0,100,0,0.0,BEST,False,False,172,True,True,GREEDY,,,GREEDY_HV
BERHOU[M][M][M],3,4,46,32,0.46,True,True,"[20, 4, 32, 45, 39, 6, 13, 55]",[],"[20.99810774687092, 4.477761719643046, 32.45861126221189, 45.21892150166217, 39.5819549374805, 6.154535412078465, 13.603779131375912, 55.53889534346409]","[{'INP': 32}, {'CONV': [64, 3]}, ({'CONV': [64, 3]}, {'CONV': [128, 3]}), ({'CONV': [32, 3]}, {'CONV': [128, 3]}, {'POOLMAX': [-1, 2]}), ({'CONV': [128, 3]}, {'CONV': [32, 3]}), ({'CONV': [128, 5]}, {'CONV': [128, 5]}, {'POOLMAX': [-1, 2]}), ({'CONV': [128, 3]}, {'CONV': [256, 5]}), ({'CONV': [32, 3]}, {'CONV': [256, 3]}, {'POOLMAX': [-1, 2]}), ({'CONV': [32, 5]}, {'CONV': [128, 5]}), ({'CONV': [256, 3]}, {'CONV': [256, 5]}, {'POOLMAX': [-1, 2]}), {'GLOBAL_AVG': None}, {'LAST_DENSE': [100, 'softmax']}]",HHSE,NSGA2,,,,,0.7062064425191297,,,,955565568,4271396,,,,,,"[18, 11, 14, 44, 36, 6, 14, 55]",0.7204466502107681,-0.0006032670283065,0.0,0.0,0.75,0.0,0.32,0,0,0,100,0,0.0,BEST,False,False,172,True,True,GREEDY,,,GREEDY_HV
BERHOU[M][M][M],3,4,47,32,0.47,True,True,"[20, 4, 32, 45, 39, 6, 13, 55]",[],"[20.99810774687092, 4.477761719643046, 32.45861126221189, 45.21892150166217, 39.5819549374805, 6.154535412078465, 13.603779131375912, 55.53889534346409]","[{'INP': 32}, {'CONV': [64, 3]}, ({'CONV': [64, 3]}, {'CONV': [128, 3]}), ({'CONV': [32, 3]}, {'CONV': [128, 3]}, {'POOLMAX': [-1, 2]}), ({'CONV': [128, 3]}, {'CONV': [32, 3]}), ({'CONV': [128, 5]}, {'CONV': [128, 5]}, {'POOLMAX': [-1, 2]}), ({'CONV': [128, 3]}, {'CONV': [256, 5]}), ({'CONV': [32, 3]}, {'CONV': [256, 3]}, {'POOLMAX': [-1, 2]}), ({'CONV': [32, 5]}, {'CONV': [128, 5]}), ({'CONV': [256, 3]}, {'CONV': [256, 5]}, {'POOLMAX': [-1, 2]}), {'GLOBAL_AVG': None}, {'LAST_DENSE': [100, 'softmax']}]",HHSE,NSGA2,,,,,0.7062064425191297,,,,955565568,4271396,,,,,,"[18, 11, 14, 44, 36, 6, 14, 55]",0.7208835411902264,-0.0002515755040228,0.0,0.0,0.75,0.0,0.32,0,1,0,100,0,0.01,BEST,False,False,172,True,True,GREEDY,,,GREEDY_HV
BERHOU[M][M][M],3,4,48,32,0.48,True,True,"[20, 4, 32, 45, 39, 6, 13, 55]",[],"[20.99810774687092, 4.477761719643046, 32.45861126221189, 45.21892150166217, 39.5819549374805, 6.154535412078465, 13.603779131375912, 55.53889534346409]","[{'INP': 32}, {'CONV': [64, 3]}, ({'CONV': [64, 3]}, {'CONV': [128, 3]}), ({'CONV': [32, 3]}, {'CONV': [128, 3]}, {'POOLMAX': [-1, 2]}), ({'CONV': [128, 3]}, {'CONV': [32, 3]}), ({'CONV': [128, 5]}, {'CONV': [128, 5]}, {'POOLMAX': [-1, 2]}), ({'CONV': [128, 3]}, {'CONV': [256, 5]}), ({'CONV': [32, 3]}, {'CONV': [256, 3]}, {'POOLMAX': [-1, 2]}), ({'CONV': [32, 5]}, {'CONV': [128, 5]}), ({'CONV': [256, 3]}, {'CONV': [256, 5]}, {'POOLMAX': [-1, 2]}), {'GLOBAL_AVG': None}, {'LAST_DENSE': [100, 'softmax']}]",HHSE,NSGA2,,,,,0.7062064425191297,,,,955565568,4271396,,,,,,"[18, 11, 14, 44, 36, 6, 14, 55]",0.7210989423023674,-0.0008456374265606,0.0,0.0,0.75,0.0,0.32,0,0,0,100,0,0.0,BEST,False,False,172,True,True,GREEDY,,,GREEDY_HV
BERHOU[M][M][M],3,4,49,32,0.49,True,True,"[20, 4, 32, 45, 39, 6, 13, 55]",[],"[20.99810774687092, 4.477761719643046, 32.45861126221189, 45.21892150166217, 39.5819549374805, 6.154535412078465, 13.603779131375912, 55.53889534346409]","[{'INP': 32}, {'CONV': [64, 3]}, ({'CONV': [64, 3]}, {'CONV': [128, 3]}), ({'CONV': [32, 3]}, {'CONV': [128, 3]}, {'POOLMAX': [-1, 2]}), ({'CONV': [128, 3]}, {'CONV': [32, 3]}), ({'CONV': [128, 5]}, {'CONV': [128, 5]}, {'POOLMAX': [-1, 2]}), ({'CONV': [128, 3]}, {'CONV': [256, 5]}), ({'CONV': [32, 3]}, {'CONV': [256, 3]}, {'POOLMAX': [-1, 2]}), ({'CONV': [32, 5]}, {'CONV': [128, 5]}), ({'CONV': [256, 3]}, {'CONV': [256, 5]}, {'POOLMAX': [-1, 2]}), {'GLOBAL_AVG': None}, {'LAST_DENSE': [100, 'softmax']}]",HHSE,NSGA2,,,,,0.7062064425191297,,,,955565568,4271396,,,,,,"[18, 11, 14, 44, 36, 6, 14, 55]",0.7208051644858473,-8.852313319451799e-05,0.0,0.0,0.75,0.0,0.32,0,0,0,100,0,0.0,BEST,False,False,172,True,True,GREEDY,,,GREEDY_HV
BERHOU[M][M][M],3,4,50,32,0.5,True,True,"[20, 4, 32, 45, 39, 6, 13, 55]",[],"[20.99810774687092, 4.477761719643046, 32.45861126221189, 45.21892150166217, 39.5819549374805, 6.154535412078465, 13.603779131375912, 55.53889534346409]","[{'INP': 32}, {'CONV': [64, 3]}, ({'CONV': [64, 3]}, {'CONV': [128, 3]}), ({'CONV': [32, 3]}, {'CONV': [128, 3]}, {'POOLMAX': [-1, 2]}), ({'CONV': [128, 3]}, {'CONV': [32, 3]}), ({'CONV': [128, 5]}, {'CONV': [128, 5]}, {'POOLMAX': [-1, 2]}), ({'CONV': [128, 3]}, {'CONV': [256, 5]}), ({'CONV': [32, 3]}, {'CONV': [256, 3]}, {'POOLMAX': [-1, 2]}), ({'CONV': [32, 5]}, {'CONV': [128, 5]}), ({'CONV': [256, 3]}, {'CONV': [256, 5]}, {'POOLMAX': [-1, 2]}), {'GLOBAL_AVG': None}, {'LAST_DENSE': [100, 'softmax']}]",HHSE,NSGA2,,,,,0.7062064425191297,,,,955565568,4271396,,,,,,"[18, 11, 14, 44, 36, 6, 14, 55]",0.7208099481250283,-0.0005303274418639,0.0,0.0,0.75,0.0,0.32,0,0,0,100,0,0.0,BEST,False,False,172,True,True,GREEDY,,,GREEDY_HV
BERHOU[M][M][M],3,4,51,32,0.51,True,True,"[20, 4, 32, 45, 39, 6, 13, 55]",[],"[20.99810774687092, 4.477761719643046, 32.45861126221189, 45.21892150166217, 39.5819549374805, 6.154535412078465, 13.603779131375912, 55.53889534346409]","[{'INP': 32}, {'CONV': [64, 3]}, ({'CONV': [64, 3]}, {'CONV': [128, 3]}), ({'CONV': [32, 3]}, {'CONV': [128, 3]}, {'POOLMAX': [-1, 2]}), ({'CONV': [128, 3]}, {'CONV': [32, 3]}), ({'CONV': [128, 5]}, {'CONV': [128, 5]}, {'POOLMAX': [-1, 2]}), ({'CONV': [128, 3]}, {'CONV': [256, 5]}), ({'CONV': [32, 3]}, {'CONV': [256, 3]}, {'POOLMAX': [-1, 2]}), ({'CONV': [32, 5]}, {'CONV': [128, 5]}), ({'CONV': [256, 3]}, {'CONV': [256, 5]}, {'POOLMAX': [-1, 2]}), {'GLOBAL_AVG': None}, {'LAST_DENSE': [100, 'softmax']}]",HHSE,NSGA2,,,,,0.7062064425191297,,,,955565568,4271396,,,,,,"[18, 11, 14, 44, 36, 6, 14, 55]",0.7208033918813976,-0.0006096555084328,0.0,0.0,0.75,0.0,0.32,0,0,0,100,0,0.0,BEST,False,False,172,True,True,GREEDY,,,GREEDY_HV
BERHOU[M][M][M],3,4,52,32,0.52,True,True,"[20, 4, 32, 45, 39, 6, 13, 55]",[],"[20.99810774687092, 4.477761719643046, 32.45861126221189, 45.21892150166217, 39.5819549374805, 6.154535412078465, 13.603779131375912, 55.53889534346409]","[{'INP': 32}, {'CONV': [64, 3]}, ({'CONV': [64, 3]}, {'CONV': [128, 3]}), ({'CONV': [32, 3]}, {'CONV': [128, 3]}, {'POOLMAX': [-1, 2]}), ({'CONV': [128, 3]}, {'CONV': [32, 3]}), ({'CONV': [128, 5]}, {'CONV': [128, 5]}, {'POOLMAX': [-1, 2]}), ({'CONV': [128, 3]}, {'CONV': [256, 5]}), ({'CONV': [32, 3]}, {'CONV': [256, 3]}, {'POOLMAX': [-1, 2]}), ({'CONV': [32, 5]}, {'CONV': [128, 5]}), ({'CONV': [256, 3]}, {'CONV': [256, 5]}, {'POOLMAX': [-1, 2]}), {'GLOBAL_AVG': None}, {'LAST_DENSE': [100, 'softmax']}]",HHSE,NSGA2,,,,,0.7062064425191297,,,,955565568,4271396,,,,,,"[18, 11, 14, 44, 36, 6, 14, 55]",0.7208163586243478,-0.0002480459779102,0.0,0.0,0.75,0.0,0.32,0,0,0,100,0,0.0,BEST,False,False,172,True,True,GREEDY,,,GREEDY_HV
BERHOU[M][M][M],3,4,53,32,0.53,True,True,"[20, 4, 32, 45, 39, 6, 13, 55]",[],"[20.99810774687092, 4.477761719643046, 32.45861126221189, 45.21892150166217, 39.5819549374805, 6.154535412078465, 13.603779131375912, 55.53889534346409]","[{'INP': 32}, {'CONV': [64, 3]}, ({'CONV': [64, 3]}, {'CONV': [128, 3]}), ({'CONV': [32, 3]}, {'CONV': [128, 3]}, {'POOLMAX': [-1, 2]}), ({'CONV': [128, 3]}, {'CONV': [32, 3]}), ({'CONV': [128, 5]}, {'CONV': [128, 5]}, {'POOLMAX': [-1, 2]}), ({'CONV': [128, 3]}, {'CONV': [256, 5]}), ({'CONV': [32, 3]}, {'CONV': [256, 3]}, {'POOLMAX': [-1, 2]}), ({'CONV': [32, 5]}, {'CONV': [128, 5]}), ({'CONV': [256, 3]}, {'CONV': [256, 5]}, {'POOLMAX': [-1, 2]}), {'GLOBAL_AVG': None}, {'LAST_DENSE': [100, 'softmax']}]",HHSE,NSGA2,,,,,0.7062064425191297,,,,955565568,4271396,,,,,,"[18, 11, 14, 44, 36, 6, 14, 55]",0.7209885289557578,-0.0002370647202791,0.0,0.0,0.75,0.0,0.32,0,0,0,100,0,0.0,BEST,False,False,172,True,True,GREEDY,,,GREEDY_HV
BERHOU[M][M][M],3,4,54,32,0.54,True,True,"[20, 4, 32, 45, 39, 6, 13, 55]",[],"[20.99810774687092, 4.477761719643046, 32.45861126221189, 45.21892150166217, 39.5819549374805, 6.154535412078465, 13.603779131375912, 55.53889534346409]","[{'INP': 32}, {'CONV': [64, 3]}, ({'CONV': [64, 3]}, {'CONV': [128, 3]}), ({'CONV': [32, 3]}, {'CONV': [128, 3]}, {'POOLMAX': [-1, 2]}), ({'CONV': [128, 3]}, {'CONV': [32, 3]}), ({'CONV': [128, 5]}, {'CONV': [128, 5]}, {'POOLMAX': [-1, 2]}), ({'CONV': [128, 3]}, {'CONV': [256, 5]}), ({'CONV': [32, 3]}, {'CONV': [256, 3]}, {'POOLMAX': [-1, 2]}), ({'CONV': [32, 5]}, {'CONV': [128, 5]}), ({'CONV': [256, 3]}, {'CONV': [256, 5]}, {'POOLMAX': [-1, 2]}), {'GLOBAL_AVG': None}, {'LAST_DENSE': [100, 'softmax']}]",HHSE,NSGA2,,,,,0.7062064425191297,,,,955565568,4271396,,,,,,"[18, 11, 14, 44, 36, 6, 14, 55]",0.7210031508424066,-0.0002711797102223,0.0,0.0,0.75,0.0,0.32,0,0,0,100,0,0.0,BEST,False,False,172,True,True,GREEDY,,,GREEDY_HV
BERHOU[M][M][M],3,4,55,32,0.55,True,True,"[20, 4, 32, 45, 39, 6, 13, 55]",[],"[20.99810774687092, 4.477761719643046, 32.45861126221189, 45.21892150166217, 39.5819549374805, 6.154535412078465, 13.603779131375912, 55.53889534346409]","[{'INP': 32}, {'CONV': [64, 3]}, ({'CONV': [64, 3]}, {'CONV': [128, 3]}), ({'CONV': [32, 3]}, {'CONV': [128, 3]}, {'POOLMAX': [-1, 2]}), ({'CONV': [128, 3]}, {'CONV': [32, 3]}), ({'CONV': [128, 5]}, {'CONV': [128, 5]}, {'POOLMAX': [-1, 2]}), ({'CONV': [128, 3]}, {'CONV': [256, 5]}), ({'CONV': [32, 3]}, {'CONV': [256, 3]}, {'POOLMAX': [-1, 2]}), ({'CONV': [32, 5]}, {'CONV': [128, 5]}), ({'CONV': [256, 3]}, {'CONV': [256, 5]}, {'POOLMAX': [-1, 2]}), {'GLOBAL_AVG': None}, {'LAST_DENSE': [100, 'softmax']}]",HHSE,NSGA2,,,,,0.7062064425191297,,,,955565568,4271396,,,,,,"[18, 11, 14, 44, 36, 6, 14, 55]",0.7211360038983127,-0.0002609517855151,0.0,0.0,0.75,0.0,0.32,0,0,0,100,0,0.0,BEST,False,False,172,True,True,GREEDY,,,GREEDY_HV
BERHOU[M][M][M],3,4,56,32,0.56,True,True,"[20, 4, 32, 45, 39, 6, 13, 55]",[],"[20.99810774687092, 4.477761719643046, 32.45861126221189, 45.21892150166217, 39.5819549374805, 6.154535412078465, 13.603779131375912, 55.53889534346409]","[{'INP': 32}, {'CONV': [64, 3]}, ({'CONV': [64, 3]}, {'CONV': [128, 3]}), ({'CONV': [32, 3]}, {'CONV': [128, 3]}, {'POOLMAX': [-1, 2]}), ({'CONV': [128, 3]}, {'CONV': [32, 3]}), ({'CONV': [128, 5]}, {'CONV': [128, 5]}, {'POOLMAX': [-1, 2]}), ({'CONV': [128, 3]}, {'CONV': [256, 5]}), ({'CONV': [32, 3]}, {'CONV': [256, 3]}, {'POOLMAX': [-1, 2]}), ({'CONV': [32, 5]}, {'CONV': [128, 5]}), ({'CONV': [256, 3]}, {'CONV': [256, 5]}, {'POOLMAX': [-1, 2]}), {'GLOBAL_AVG': None}, {'LAST_DENSE': [100, 'softmax']}]",HHSE,NSGA2,,,,,0.7062064425191297,,,,955565568,4271396,,,,,,"[18, 11, 14, 44, 36, 6, 14, 55]",0.7218156981934047,-0.0004045726299337,0.0,0.0,0.75,0.0,0.32,0,0,0,100,0,0.0,BEST,False,False,172,True,True,GREEDY,,,GREEDY_HV
BERHOU[M][M][M],3,4,57,32,0.57,True,True,"[20, 4, 32, 45, 39, 6, 13, 55]",[],"[20.99810774687092, 4.477761719643046, 32.45861126221189, 45.21892150166217, 39.5819549374805, 6.154535412078465, 13.603779131375912, 55.53889534346409]","[{'INP': 32}, {'CONV': [64, 3]}, ({'CONV': [64, 3]}, {'CONV': [128, 3]}), ({'CONV': [32, 3]}, {'CONV': [128, 3]}, {'POOLMAX': [-1, 2]}), ({'CONV': [128, 3]}, {'CONV': [32, 3]}), ({'CONV': [128, 5]}, {'CONV': [128, 5]}, {'POOLMAX': [-1, 2]}), ({'CONV': [128, 3]}, {'CONV': [256, 5]}), ({'CONV': [32, 3]}, {'CONV': [256, 3]}, {'POOLMAX': [-1, 2]}), ({'CONV': [32, 5]}, {'CONV': [128, 5]}), ({'CONV': [256, 3]}, {'CONV': [256, 5]}, {'POOLMAX': [-1, 2]}), {'GLOBAL_AVG': None}, {'LAST_DENSE': [100, 'softmax']}]",HHSE,NSGA2,,,,,0.7062064425191297,,,,955565568,4271396,,,,,,"[18, 11, 14, 44, 36, 6, 14, 55]",0.7217896887896588,-0.0002302395409877,0.0,0.0,0.75,0.0,0.32,0,0,0,100,0,0.0,BEST,False,False,172,True,True,GREEDY,,,GREEDY_HV
BERHOU[M][M][M],3,4,58,32,0.58,True,True,"[20, 4, 32, 45, 39, 6, 13, 55]",[],"[20.99810774687092, 4.477761719643046, 32.45861126221189, 45.21892150166217, 39.5819549374805, 6.154535412078465, 13.603779131375912, 55.53889534346409]","[{'INP': 32}, {'CONV': [64, 3]}, ({'CONV': [64, 3]}, {'CONV': [128, 3]}), ({'CONV': [32, 3]}, {'CONV': [128, 3]}, {'POOLMAX': [-1, 2]}), ({'CONV': [128, 3]}, {'CONV': [32, 3]}), ({'CONV': [128, 5]}, {'CONV': [128, 5]}, {'POOLMAX': [-1, 2]}), ({'CONV': [128, 3]}, {'CONV': [256, 5]}), ({'CONV': [32, 3]}, {'CONV': [256, 3]}, {'POOLMAX': [-1, 2]}), ({'CONV': [32, 5]}, {'CONV': [128, 5]}), ({'CONV': [256, 3]}, {'CONV': [256, 5]}, {'POOLMAX': [-1, 2]}), {'GLOBAL_AVG': None}, {'LAST_DENSE': [100, 'softmax']}]",HHSE,NSGA2,,,,,0.7062064425191297,,,,955565568,4271396,,,,,,"[18, 11, 14, 44, 36, 6, 14, 55]",0.7217939210965233,-0.0002752976427043,0.0,0.0,0.75,0.0,0.32,0,0,0,100,0,0.0,BEST,False,False,172,True,True,GREEDY,,,GREEDY_HV
BERHOU[M][M][M],3,4,59,32,0.59,True,True,"[20, 4, 32, 45, 39, 6, 13, 55]",[],"[20.99810774687092, 4.477761719643046, 32.45861126221189, 45.21892150166217, 39.5819549374805, 6.154535412078465, 13.603779131375912, 55.53889534346409]","[{'INP': 32}, {'CONV': [64, 3]}, ({'CONV': [64, 3]}, {'CONV': [128, 3]}), ({'CONV': [32, 3]}, {'CONV': [128, 3]}, {'POOLMAX': [-1, 2]}), ({'CONV': [128, 3]}, {'CONV': [32, 3]}), ({'CONV': [128, 5]}, {'CONV': [128, 5]}, {'POOLMAX': [-1, 2]}), ({'CONV': [128, 3]}, {'CONV': [256, 5]}), ({'CONV': [32, 3]}, {'CONV': [256, 3]}, {'POOLMAX': [-1, 2]}), ({'CONV': [32, 5]}, {'CONV': [128, 5]}), ({'CONV': [256, 3]}, {'CONV': [256, 5]}, {'POOLMAX': [-1, 2]}), {'GLOBAL_AVG': None}, {'LAST_DENSE': [100, 'softmax']}]",HHSE,NSGA2,,,,,0.7062064425191297,,,,955565568,4271396,,,,,,"[18, 11, 14, 44, 36, 6, 14, 55]",0.7217922550115411,-0.0006744341067859,0.0,0.0,0.75,0.0,0.32,0,0,0,100,0,0.0,BEST,False,False,172,True,True,GREEDY,,,GREEDY_HV
BERHOU[M][M][M],3,4,60,32,0.6,True,True,"[20, 4, 32, 45, 39, 6, 13, 55]",[],"[20.99810774687092, 4.477761719643046, 32.45861126221189, 45.21892150166217, 39.5819549374805, 6.154535412078465, 13.603779131375912, 55.53889534346409]","[{'INP': 32}, {'CONV': [64, 3]}, ({'CONV': [64, 3]}, {'CONV': [128, 3]}), ({'CONV': [32, 3]}, {'CONV': [128, 3]}, {'POOLMAX': [-1, 2]}), ({'CONV': [128, 3]}, {'CONV': [32, 3]}), ({'CONV': [128, 5]}, {'CONV': [128, 5]}, {'POOLMAX': [-1, 2]}), ({'CONV': [128, 3]}, {'CONV': [256, 5]}), ({'CONV': [32, 3]}, {'CONV': [256, 3]}, {'POOLMAX': [-1, 2]}), ({'CONV': [32, 5]}, {'CONV': [128, 5]}), ({'CONV': [256, 3]}, {'CONV': [256, 5]}, {'POOLMAX': [-1, 2]}), {'GLOBAL_AVG': None}, {'LAST_DENSE': [100, 'softmax']}]",HHSE,NSGA2,,,,,0.7062064425191297,,,,955565568,4271396,,,,,,"[18, 11, 14, 44, 36, 6, 14, 55]",0.7218125825526167,-0.0008707355562895,0.0,0.0,0.75,0.0,0.32,0,0,0,100,0,0.0,BEST,False,False,172,True,True,GREEDY,,,GREEDY_HV
BERHOU[M][M][M],3,4,61,32,0.61,True,True,"[20, 4, 32, 45, 39, 6, 13, 55]",[],"[20.99810774687092, 4.477761719643046, 32.45861126221189, 45.21892150166217, 39.5819549374805, 6.154535412078465, 13.603779131375912, 55.53889534346409]","[{'INP': 32}, {'CONV': [64, 3]}, ({'CONV': [64, 3]}, {'CONV': [128, 3]}), ({'CONV': [32, 3]}, {'CONV': [128, 3]}, {'POOLMAX': [-1, 2]}), ({'CONV': [128, 3]}, {'CONV': [32, 3]}), ({'CONV': [128, 5]}, {'CONV': [128, 5]}, {'POOLMAX': [-1, 2]}), ({'CONV': [128, 3]}, {'CONV': [256, 5]}), ({'CONV': [32, 3]}, {'CONV': [256, 3]}, {'POOLMAX': [-1, 2]}), ({'CONV': [32, 5]}, {'CONV': [128, 5]}), ({'CONV': [256, 3]}, {'CONV': [256, 5]}, {'POOLMAX': [-1, 2]}), {'GLOBAL_AVG': None}, {'LAST_DENSE': [100, 'softmax']}]",HHSE,NSGA2,,,,,0.7062064425191297,,,,955565568,4271396,,,,,,"[18, 11, 14, 44, 36, 6, 14, 55]",0.7217983636623388,-0.0009281319488448,0.0,0.0,0.75,0.0,0.32,0,0,0,100,0,0.0,BEST,False,False,172,True,True,GREEDY,,,GREEDY_HV
BERHOU[M][M][M],3,4,62,32,0.62,True,True,"[20, 4, 32, 45, 39, 6, 13, 55]",[],"[20.99810774687092, 4.477761719643046, 32.45861126221189, 45.21892150166217, 39.5819549374805, 6.154535412078465, 13.603779131375912, 55.53889534346409]","[{'INP': 32}, {'CONV': [64, 3]}, ({'CONV': [64, 3]}, {'CONV': [128, 3]}), ({'CONV': [32, 3]}, {'CONV': [128, 3]}, {'POOLMAX': [-1, 2]}), ({'CONV': [128, 3]}, {'CONV': [32, 3]}), ({'CONV': [128, 5]}, {'CONV': [128, 5]}, {'POOLMAX': [-1, 2]}), ({'CONV': [128, 3]}, {'CONV': [256, 5]}), ({'CONV': [32, 3]}, {'CONV': [256, 3]}, {'POOLMAX': [-1, 2]}), ({'CONV': [32, 5]}, {'CONV': [128, 5]}), ({'CONV': [256, 3]}, {'CONV': [256, 5]}, {'POOLMAX': [-1, 2]}), {'GLOBAL_AVG': None}, {'LAST_DENSE': [100, 'softmax']}]",HHSE,NSGA2,,,,,0.7062064425191297,,,,955565568,4271396,,,,,,"[18, 11, 14, 44, 36, 6, 14, 55]",0.7218200041802532,-0.0001852185773694,0.0,0.0,0.75,0.0,0.32,0,1,0,100,0,0.01,BEST,False,False,172,True,True,GREEDY,,,GREEDY_HV
BERHOU[M][M][M],3,4,63,32,0.63,True,True,"[20, 4, 32, 45, 39, 6, 13, 55]",[],"[20.99810774687092, 4.477761719643046, 32.45861126221189, 45.21892150166217, 39.5819549374805, 6.154535412078465, 13.603779131375912, 55.53889534346409]","[{'INP': 32}, {'CONV': [64, 3]}, ({'CONV': [64, 3]}, {'CONV': [128, 3]}), ({'CONV': [32, 3]}, {'CONV': [128, 3]}, {'POOLMAX': [-1, 2]}), ({'CONV': [128, 3]}, {'CONV': [32, 3]}), ({'CONV': [128, 5]}, {'CONV': [128, 5]}, {'POOLMAX': [-1, 2]}), ({'CONV': [128, 3]}, {'CONV': [256, 5]}), ({'CONV': [32, 3]}, {'CONV': [256, 3]}, {'POOLMAX': [-1, 2]}), ({'CONV': [32, 5]}, {'CONV': [128, 5]}), ({'CONV': [256, 3]}, {'CONV': [256, 5]}, {'POOLMAX': [-1, 2]}), {'GLOBAL_AVG': None}, {'LAST_DENSE': [100, 'softmax']}]",HHSE,NSGA2,,,,,0.7062064425191297,,,,955565568,4271396,,,,,,"[18, 11, 14, 44, 36, 6, 14, 55]",0.7218566223967132,-0.0003460677939075,0.0,0.0,0.75,0.0,0.32,0,1,0,100,0,0.01,BEST,False,False,172,True,True,GREEDY,,,GREEDY_HV
BERHOU[M][M][M],3,4,64,32,0.64,True,True,"[20, 4, 32, 45, 39, 6, 13, 55]",[],"[20.99810774687092, 4.477761719643046, 32.45861126221189, 45.21892150166217, 39.5819549374805, 6.154535412078465, 13.603779131375912, 55.53889534346409]","[{'INP': 32}, {'CONV': [64, 3]}, ({'CONV': [64, 3]}, {'CONV': [128, 3]}), ({'CONV': [32, 3]}, {'CONV': [128, 3]}, {'POOLMAX': [-1, 2]}), ({'CONV': [128, 3]}, {'CONV': [32, 3]}), ({'CONV': [128, 5]}, {'CONV': [128, 5]}, {'POOLMAX': [-1, 2]}), ({'CONV': [128, 3]}, {'CONV': [256, 5]}), ({'CONV': [32, 3]}, {'CONV': [256, 3]}, {'POOLMAX': [-1, 2]}), ({'CONV': [32, 5]}, {'CONV': [128, 5]}), ({'CONV': [256, 3]}, {'CONV': [256, 5]}, {'POOLMAX': [-1, 2]}), {'GLOBAL_AVG': None}, {'LAST_DENSE': [100, 'softmax']}]",HHSE,NSGA2,,,,,0.7062064425191297,,,,955565568,4271396,,,,,,"[18, 11, 14, 44, 36, 6, 14, 55]",0.7219258959513176,-0.0006642577996638,0.0,0.0,0.75,0.0,0.32,0,0,0,100,0,0.0,BEST,False,False,172,True,True,GREEDY,,,GREEDY_HV
BERHOU[M][M][M],3,4,65,32,0.65,True,True,"[20, 4, 32, 45, 39, 6, 13, 55]",[],"[20.99810774687092, 4.477761719643046, 32.45861126221189, 45.21892150166217, 39.5819549374805, 6.154535412078465, 13.603779131375912, 55.53889534346409]","[{'INP': 32}, {'CONV': [64, 3]}, ({'CONV': [64, 3]}, {'CONV': [128, 3]}), ({'CONV': [32, 3]}, {'CONV': [128, 3]}, {'POOLMAX': [-1, 2]}), ({'CONV': [128, 3]}, {'CONV': [32, 3]}), ({'CONV': [128, 5]}, {'CONV': [128, 5]}, {'POOLMAX': [-1, 2]}), ({'CONV': [128, 3]}, {'CONV': [256, 5]}), ({'CONV': [32, 3]}, {'CONV': [256, 3]}, {'POOLMAX': [-1, 2]}), ({'CONV': [32, 5]}, {'CONV': [128, 5]}), ({'CONV': [256, 3]}, {'CONV': [256, 5]}, {'POOLMAX': [-1, 2]}), {'GLOBAL_AVG': None}, {'LAST_DENSE': [100, 'softmax']}]",HHSE,NSGA2,,,,,0.7062064425191297,,,,955565568,4271396,,,,,,"[18, 11, 14, 44, 36, 6, 14, 55]",0.7219636070561043,1.3869846076097758e-06,0.0,0.0,0.75,0.0,0.32,0,0,0,100,0,0.0,BEST,False,False,172,True,True,GREEDY,,,GREEDY_HV
BERHOU[M][M][M],3,4,66,32,0.66,True,True,"[20, 4, 32, 45, 39, 6, 13, 55]",[],"[20.99810774687092, 4.477761719643046, 32.45861126221189, 45.21892150166217, 39.5819549374805, 6.154535412078465, 13.603779131375912, 55.53889534346409]","[{'INP': 32}, {'CONV': [64, 3]}, ({'CONV': [64, 3]}, {'CONV': [128, 3]}), ({'CONV': [32, 3]}, {'CONV': [128, 3]}, {'POOLMAX': [-1, 2]}), ({'CONV': [128, 3]}, {'CONV': [32, 3]}), ({'CONV': [128, 5]}, {'CONV': [128, 5]}, {'POOLMAX': [-1, 2]}), ({'CONV': [128, 3]}, {'CONV': [256, 5]}), ({'CONV': [32, 3]}, {'CONV': [256, 3]}, {'POOLMAX': [-1, 2]}), ({'CONV': [32, 5]}, {'CONV': [128, 5]}), ({'CONV': [256, 3]}, {'CONV': [256, 5]}, {'POOLMAX': [-1, 2]}), {'GLOBAL_AVG': None}, {'LAST_DENSE': [100, 'softmax']}]",HHSE,NSGA2,,,,,0.7062064425191297,,,,955565568,4271396,,,,,,"[18, 11, 14, 44, 36, 6, 14, 55]",0.7233227973367529,-0.0004403196137814,0.0,0.0,0.75,0.0,0.32,0,0,0,100,0,0.0,BEST,False,False,172,True,True,GREEDY,,,GREEDY_HV
BERHOU[M][M][M],3,4,67,32,0.67,True,True,"[20, 4, 32, 45, 39, 6, 13, 55]",[],"[20.99810774687092, 4.477761719643046, 32.45861126221189, 45.21892150166217, 39.5819549374805, 6.154535412078465, 13.603779131375912, 55.53889534346409]","[{'INP': 32}, {'CONV': [64, 3]}, ({'CONV': [64, 3]}, {'CONV': [128, 3]}), ({'CONV': [32, 3]}, {'CONV': [128, 3]}, {'POOLMAX': [-1, 2]}), ({'CONV': [128, 3]}, {'CONV': [32, 3]}), ({'CONV': [128, 5]}, {'CONV': [128, 5]}, {'POOLMAX': [-1, 2]}), ({'CONV': [128, 3]}, {'CONV': [256, 5]}), ({'CONV': [32, 3]}, {'CONV': [256, 3]}, {'POOLMAX': [-1, 2]}), ({'CONV': [32, 5]}, {'CONV': [128, 5]}), ({'CONV': [256, 3]}, {'CONV': [256, 5]}, {'POOLMAX': [-1, 2]}), {'GLOBAL_AVG': None}, {'LAST_DENSE': [100, 'softmax']}]",HHSE,NSGA2,,,,,0.7062064425191297,,,,955565568,4271396,,,,,,"[18, 11, 14, 44, 36, 6, 14, 55]",0.7233682793757031,-0.0001033201266278,0.0,0.0,0.75,0.0,0.32,0,0,0,100,0,0.0,BEST,False,False,172,True,True,GREEDY,,,GREEDY_HV
BERHOU[M][M][M],3,4,68,32,0.68,True,True,"[20, 4, 32, 45, 39, 6, 13, 55]",[],"[20.99810774687092, 4.477761719643046, 32.45861126221189, 45.21892150166217, 39.5819549374805, 6.154535412078465, 13.603779131375912, 55.53889534346409]","[{'INP': 32}, {'CONV': [64, 3]}, ({'CONV': [64, 3]}, {'CONV': [128, 3]}), ({'CONV': [32, 3]}, {'CONV': [128, 3]}, {'POOLMAX': [-1, 2]}), ({'CONV': [128, 3]}, {'CONV': [32, 3]}), ({'CONV': [128, 5]}, {'CONV': [128, 5]}, {'POOLMAX': [-1, 2]}), ({'CONV': [128, 3]}, {'CONV': [256, 5]}), ({'CONV': [32, 3]}, {'CONV': [256, 3]}, {'POOLMAX': [-1, 2]}), ({'CONV': [32, 5]}, {'CONV': [128, 5]}), ({'CONV': [256, 3]}, {'CONV': [256, 5]}, {'POOLMAX': [-1, 2]}), {'GLOBAL_AVG': None}, {'LAST_DENSE': [100, 'softmax']}]",HHSE,NSGA2,,,,,0.7062064425191297,,,,955565568,4271396,,,,,,"[18, 11, 14, 44, 36, 6, 14, 55]",0.7235983632395245,-2.393027242320045e-05,0.0,0.0,0.75,0.0,0.32,0,0,0,100,0,0.0,BEST,False,False,172,True,True,GREEDY,,,GREEDY_HV
BERHOU[M][M][M],3,4,69,32,0.69,True,True,"[20, 4, 32, 45, 39, 6, 13, 55]",[],"[20.99810774687092, 4.477761719643046, 32.45861126221189, 45.21892150166217, 39.5819549374805, 6.154535412078465, 13.603779131375912, 55.53889534346409]","[{'INP': 32}, {'CONV': [64, 3]}, ({'CONV': [64, 3]}, {'CONV': [128, 3]}), ({'CONV': [32, 3]}, {'CONV': [128, 3]}, {'POOLMAX': [-1, 2]}), ({'CONV': [128, 3]}, {'CONV': [32, 3]}), ({'CONV': [128, 5]}, {'CONV': [128, 5]}, {'POOLMAX': [-1, 2]}), ({'CONV': [128, 3]}, {'CONV': [256, 5]}), ({'CONV': [32, 3]}, {'CONV': [256, 3]}, {'POOLMAX': [-1, 2]}), ({'CONV': [32, 5]}, {'CONV': [128, 5]}), ({'CONV': [256, 3]}, {'CONV': [256, 5]}, {'POOLMAX': [-1, 2]}), {'GLOBAL_AVG': None}, {'LAST_DENSE': [100, 'softmax']}]",HHSE,NSGA2,,,,,0.7062064425191297,,,,955565568,4271396,,,,,,"[18, 11, 14, 44, 36, 6, 14, 55]",0.7238982688642894,-5.074310850872177e-05,0.0,0.0,0.75,0.0,0.32,0,0,0,100,0,0.0,BEST,False,False,172,True,True,GREEDY,,,GREEDY_HV
BERHOU[M][M][M],3,4,70,32,0.7,True,True,"[20, 4, 32, 45, 39, 6, 13, 55]",[],"[20.99810774687092, 4.477761719643046, 32.45861126221189, 45.21892150166217, 39.5819549374805, 6.154535412078465, 13.603779131375912, 55.53889534346409]","[{'INP': 32}, {'CONV': [64, 3]}, ({'CONV': [64, 3]}, {'CONV': [128, 3]}), ({'CONV': [32, 3]}, {'CONV': [128, 3]}, {'POOLMAX': [-1, 2]}), ({'CONV': [128, 3]}, {'CONV': [32, 3]}), ({'CONV': [128, 5]}, {'CONV': [128, 5]}, {'POOLMAX': [-1, 2]}), ({'CONV': [128, 3]}, {'CONV': [256, 5]}), ({'CONV': [32, 3]}, {'CONV': [256, 3]}, {'POOLMAX': [-1, 2]}), ({'CONV': [32, 5]}, {'CONV': [128, 5]}), ({'CONV': [256, 3]}, {'CONV': [256, 5]}, {'POOLMAX': [-1, 2]}), {'GLOBAL_AVG': None}, {'LAST_DENSE': [100, 'softmax']}]",HHSE,NSGA2,,,,,0.7062064425191297,,,,955565568,4271396,,,,,,"[18, 11, 14, 44, 36, 6, 14, 55]",0.7239102400141219,-8.135480337290169e-05,0.0,0.0,0.75,0.0,0.32,0,0,0,100,0,0.0,BEST,False,False,172,True,True,GREEDY,,,GREEDY_HV
BERHOU[M][M][M],3,4,71,32,0.71,True,True,"[20, 4, 32, 45, 39, 6, 13, 55]",[],"[20.99810774687092, 4.477761719643046, 32.45861126221189, 45.21892150166217, 39.5819549374805, 6.154535412078465, 13.603779131375912, 55.53889534346409]","[{'INP': 32}, {'CONV': [64, 3]}, ({'CONV': [64, 3]}, {'CONV': [128, 3]}), ({'CONV': [32, 3]}, {'CONV': [128, 3]}, {'POOLMAX': [-1, 2]}), ({'CONV': [128, 3]}, {'CONV': [32, 3]}), ({'CONV': [128, 5]}, {'CONV': [128, 5]}, {'POOLMAX': [-1, 2]}), ({'CONV': [128, 3]}, {'CONV': [256, 5]}), ({'CONV': [32, 3]}, {'CONV': [256, 3]}, {'POOLMAX': [-1, 2]}), ({'CONV': [32, 5]}, {'CONV': [128, 5]}), ({'CONV': [256, 3]}, {'CONV': [256, 5]}, {'POOLMAX': [-1, 2]}), {'GLOBAL_AVG': None}, {'LAST_DENSE': [100, 'softmax']}]",HHSE,NSGA2,,,,,0.7062064425191297,,,,955565568,4271396,,,,,,"[18, 11, 14, 44, 36, 6, 14, 55]",0.7239359170205402,-0.0002325000353604,0.0,0.0,0.75,0.0,0.32,0,0,0,100,0,0.0,BEST,False,False,172,True,True,GREEDY,,,GREEDY_HV
BERHOU[M][M][M],3,4,72,32,0.72,True,True,"[20, 4, 32, 45, 39, 6, 13, 55]",[],"[20.99810774687092, 4.477761719643046, 32.45861126221189, 45.21892150166217, 39.5819549374805, 6.154535412078465, 13.603779131375912, 55.53889534346409]","[{'INP': 32}, {'CONV': [64, 3]}, ({'CONV': [64, 3]}, {'CONV': [128, 3]}), ({'CONV': [32, 3]}, {'CONV': [128, 3]}, {'POOLMAX': [-1, 2]}), ({'CONV': [128, 3]}, {'CONV': [32, 3]}), ({'CONV': [128, 5]}, {'CONV': [128, 5]}, {'POOLMAX': [-1, 2]}), ({'CONV': [128, 3]}, {'CONV': [256, 5]}), ({'CONV': [32, 3]}, {'CONV': [256, 3]}, {'POOLMAX': [-1, 2]}), ({'CONV': [32, 5]}, {'CONV': [128, 5]}), ({'CONV': [256, 3]}, {'CONV': [256, 5]}, {'POOLMAX': [-1, 2]}), {'GLOBAL_AVG': None}, {'LAST_DENSE': [100, 'softmax']}]",HHSE,NSGA2,,,,,0.7062064425191297,,,,955565568,4271396,,,,,,"[18, 11, 14, 44, 36, 6, 14, 55]",0.7239735230124406,-0.0006286742875849,0.0,0.0,0.75,0.0,0.32,0,1,0,100,0,0.01,BEST,False,False,172,True,True,GREEDY,,,GREEDY_HV
BERHOU[M][M][M],3,4,73,32,0.73,True,True,"[20, 4, 32, 45, 39, 6, 13, 55]",[],"[20.99810774687092, 4.477761719643046, 32.45861126221189, 45.21892150166217, 39.5819549374805, 6.154535412078465, 13.603779131375912, 55.53889534346409]","[{'INP': 32}, {'CONV': [64, 3]}, ({'CONV': [64, 3]}, {'CONV': [128, 3]}), ({'CONV': [32, 3]}, {'CONV': [128, 3]}, {'POOLMAX': [-1, 2]}), ({'CONV': [128, 3]}, {'CONV': [32, 3]}), ({'CONV': [128, 5]}, {'CONV': [128, 5]}, {'POOLMAX': [-1, 2]}), ({'CONV': [128, 3]}, {'CONV': [256, 5]}), ({'CONV': [32, 3]}, {'CONV': [256, 3]}, {'POOLMAX': [-1, 2]}), ({'CONV': [32, 5]}, {'CONV': [128, 5]}), ({'CONV': [256, 3]}, {'CONV': [256, 5]}, {'POOLMAX': [-1, 2]}), {'GLOBAL_AVG': None}, {'LAST_DENSE': [100, 'softmax']}]",HHSE,NSGA2,,,,,0.7062064425191297,,,,955565568,4271396,,,,,,"[18, 11, 14, 44, 36, 6, 14, 55]",0.7239727064235597,-0.0001833481268586,0.0,0.0,0.75,0.0,0.32,0,0,0,100,0,0.0,BEST,False,False,172,True,True,GREEDY,,,GREEDY_HV
BERHOU[M][M][M],3,4,74,32,0.74,True,True,"[20, 4, 32, 45, 39, 6, 13, 55]",[],"[20.99810774687092, 4.477761719643046, 32.45861126221189, 45.21892150166217, 39.5819549374805, 6.154535412078465, 13.603779131375912, 55.53889534346409]","[{'INP': 32}, {'CONV': [64, 3]}, ({'CONV': [64, 3]}, {'CONV': [128, 3]}), ({'CONV': [32, 3]}, {'CONV': [128, 3]}, {'POOLMAX': [-1, 2]}), ({'CONV': [128, 3]}, {'CONV': [32, 3]}), ({'CONV': [128, 5]}, {'CONV': [128, 5]}, {'POOLMAX': [-1, 2]}), ({'CONV': [128, 3]}, {'CONV': [256, 5]}), ({'CONV': [32, 3]}, {'CONV': [256, 3]}, {'POOLMAX': [-1, 2]}), ({'CONV': [32, 5]}, {'CONV': [128, 5]}), ({'CONV': [256, 3]}, {'CONV': [256, 5]}, {'POOLMAX': [-1, 2]}), {'GLOBAL_AVG': None}, {'LAST_DENSE': [100, 'softmax']}]",HHSE,NSGA2,,,,,0.7062064425191297,,,,955565568,4271396,,,,,,"[18, 11, 14, 44, 36, 6, 14, 55]",0.7239736302801709,-0.0002368571407875,0.0,0.0,0.75,0.0,0.32,0,0,0,100,0,0.0,BEST,False,False,172,True,True,GREEDY,,,GREEDY_HV
BERHOU[M][M][M],3,4,75,32,0.75,True,True,"[20, 4, 32, 45, 39, 6, 13, 55]",[],"[20.99810774687092, 4.477761719643046, 32.45861126221189, 45.21892150166217, 39.5819549374805, 6.154535412078465, 13.603779131375912, 55.53889534346409]","[{'INP': 32}, {'CONV': [64, 3]}, ({'CONV': [64, 3]}, {'CONV': [128, 3]}), ({'CONV': [32, 3]}, {'CONV': [128, 3]}, {'POOLMAX': [-1, 2]}), ({'CONV': [128, 3]}, {'CONV': [32, 3]}), ({'CONV': [128, 5]}, {'CONV': [128, 5]}, {'POOLMAX': [-1, 2]}), ({'CONV': [128, 3]}, {'CONV': [256, 5]}), ({'CONV': [32, 3]}, {'CONV': [256, 3]}, {'POOLMAX': [-1, 2]}), ({'CONV': [32, 5]}, {'CONV': [128, 5]}), ({'CONV': [256, 3]}, {'CONV': [256, 5]}, {'POOLMAX': [-1, 2]}), {'GLOBAL_AVG': None}, {'LAST_DENSE': [100, 'softmax']}]",HHSE,NSGA2,,,,,0.7062064425191297,,,,955565568,4271396,,,,,,"[18, 11, 14, 44, 36, 6, 14, 55]",0.7239934145290373,-0.0001767992413175,0.0,0.0,0.75,0.0,0.32,0,1,0,100,0,0.01,BEST,False,False,172,True,True,GREEDY,,,GREEDY_HV
BERHOU[M][M][M],3,4,76,32,0.76,True,True,"[20, 4, 32, 45, 39, 6, 13, 55]",[],"[20.99810774687092, 4.477761719643046, 32.45861126221189, 45.21892150166217, 39.5819549374805, 6.154535412078465, 13.603779131375912, 55.53889534346409]","[{'INP': 32}, {'CONV': [64, 3]}, ({'CONV': [64, 3]}, {'CONV': [128, 3]}), ({'CONV': [32, 3]}, {'CONV': [128, 3]}, {'POOLMAX': [-1, 2]}), ({'CONV': [128, 3]}, {'CONV': [32, 3]}), ({'CONV': [128, 5]}, {'CONV': [128, 5]}, {'POOLMAX': [-1, 2]}), ({'CONV': [128, 3]}, {'CONV': [256, 5]}), ({'CONV': [32, 3]}, {'CONV': [256, 3]}, {'POOLMAX': [-1, 2]}), ({'CONV': [32, 5]}, {'CONV': [128, 5]}), ({'CONV': [256, 3]}, {'CONV': [256, 5]}, {'POOLMAX': [-1, 2]}), {'GLOBAL_AVG': None}, {'LAST_DENSE': [100, 'softmax']}]",HHSE,NSGA2,,,,,0.7062064425191297,,,,955565568,4271396,,,,,,"[18, 11, 14, 44, 36, 6, 14, 55]",0.7240508353075625,-8.252739350533833e-05,0.0,0.0,0.75,0.0,0.32,0,1,0,100,0,0.01,BEST,False,False,172,True,True,GREEDY,,,GREEDY_HV
BERHOU[M][M][M],3,4,77,32,0.77,True,True,"[20, 4, 32, 45, 39, 6, 13, 55]",[],"[20.99810774687092, 4.477761719643046, 32.45861126221189, 45.21892150166217, 39.5819549374805, 6.154535412078465, 13.603779131375912, 55.53889534346409]","[{'INP': 32}, {'CONV': [64, 3]}, ({'CONV': [64, 3]}, {'CONV': [128, 3]}), ({'CONV': [32, 3]}, {'CONV': [128, 3]}, {'POOLMAX': [-1, 2]}), ({'CONV': [128, 3]}, {'CONV': [32, 3]}), ({'CONV': [128, 5]}, {'CONV': [128, 5]}, {'POOLMAX': [-1, 2]}), ({'CONV': [128, 3]}, {'CONV': [256, 5]}), ({'CONV': [32, 3]}, {'CONV': [256, 3]}, {'POOLMAX': [-1, 2]}), ({'CONV': [32, 5]}, {'CONV': [128, 5]}), ({'CONV': [256, 3]}, {'CONV': [256, 5]}, {'POOLMAX': [-1, 2]}), {'GLOBAL_AVG': None}, {'LAST_DENSE': [100, 'softmax']}]",HHSE,NSGA2,,,,,0.7062064425191297,,,,955565568,4271396,,,,,,"[18, 11, 14, 44, 36, 6, 14, 55]",0.7240130760867163,-0.0002332044191685,0.0,0.0,0.75,0.0,0.32,0,0,0,100,0,0.0,BEST,False,False,172,True,True,GREEDY,,,GREEDY_HV
BERHOU[M][M][M],3,4,78,32,0.78,True,True,"[20, 4, 32, 45, 39, 6, 13, 55]",[],"[20.99810774687092, 4.477761719643046, 32.45861126221189, 45.21892150166217, 39.5819549374805, 6.154535412078465, 13.603779131375912, 55.53889534346409]","[{'INP': 32}, {'CONV': [64, 3]}, ({'CONV': [64, 3]}, {'CONV': [128, 3]}), ({'CONV': [32, 3]}, {'CONV': [128, 3]}, {'POOLMAX': [-1, 2]}), ({'CONV': [128, 3]}, {'CONV': [32, 3]}), ({'CONV': [128, 5]}, {'CONV': [128, 5]}, {'POOLMAX': [-1, 2]}), ({'CONV': [128, 3]}, {'CONV': [256, 5]}), ({'CONV': [32, 3]}, {'CONV': [256, 3]}, {'POOLMAX': [-1, 2]}), ({'CONV': [32, 5]}, {'CONV': [128, 5]}), ({'CONV': [256, 3]}, {'CONV': [256, 5]}, {'POOLMAX': [-1, 2]}), {'GLOBAL_AVG': None}, {'LAST_DENSE': [100, 'softmax']}]",HHSE,NSGA2,,,,,0.7062064425191297,,,,955565568,4271396,,,,,,"[18, 11, 14, 44, 36, 6, 14, 55]",0.7240318561634993,-2.114395413166381e-05,0.0,0.0,0.75,0.0,0.32,0,1,0,100,0,0.01,BEST,False,False,172,True,True,GREEDY,,,GREEDY_HV
BERHOU[M][M][M],3,4,79,32,0.79,True,True,"[20, 4, 32, 45, 39, 6, 13, 55]",[],"[20.99810774687092, 4.477761719643046, 32.45861126221189, 45.21892150166217, 39.5819549374805, 6.154535412078465, 13.603779131375912, 55.53889534346409]","[{'INP': 32}, {'CONV': [64, 3]}, ({'CONV': [64, 3]}, {'CONV': [128, 3]}), ({'CONV': [32, 3]}, {'CONV': [128, 3]}, {'POOLMAX': [-1, 2]}), ({'CONV': [128, 3]}, {'CONV': [32, 3]}), ({'CONV': [128, 5]}, {'CONV': [128, 5]}, {'POOLMAX': [-1, 2]}), ({'CONV': [128, 3]}, {'CONV': [256, 5]}), ({'CONV': [32, 3]}, {'CONV': [256, 3]}, {'POOLMAX': [-1, 2]}), ({'CONV': [32, 5]}, {'CONV': [128, 5]}), ({'CONV': [256, 3]}, {'CONV': [256, 5]}, {'POOLMAX': [-1, 2]}), {'GLOBAL_AVG': None}, {'LAST_DENSE': [100, 'softmax']}]",HHSE,NSGA2,,,,,0.7062064425191297,,,,955565568,4271396,,,,,,"[18, 11, 14, 44, 36, 6, 14, 55]",0.7240453075295092,-3.680271410388958e-05,0.0,0.0,0.75,0.0,0.32,0,0,0,100,0,0.0,BEST,False,False,172,True,True,GREEDY,,,GREEDY_HV
BERHOU[M][M][M],3,4,80,32,0.8,True,True,"[20, 4, 32, 45, 39, 6, 13, 55]",[],"[20.99810774687092, 4.477761719643046, 32.45861126221189, 45.21892150166217, 39.5819549374805, 6.154535412078465, 13.603779131375912, 55.53889534346409]","[{'INP': 32}, {'CONV': [64, 3]}, ({'CONV': [64, 3]}, {'CONV': [128, 3]}), ({'CONV': [32, 3]}, {'CONV': [128, 3]}, {'POOLMAX': [-1, 2]}), ({'CONV': [128, 3]}, {'CONV': [32, 3]}), ({'CONV': [128, 5]}, {'CONV': [128, 5]}, {'POOLMAX': [-1, 2]}), ({'CONV': [128, 3]}, {'CONV': [256, 5]}), ({'CONV': [32, 3]}, {'CONV': [256, 3]}, {'POOLMAX': [-1, 2]}), ({'CONV': [32, 5]}, {'CONV': [128, 5]}), ({'CONV': [256, 3]}, {'CONV': [256, 5]}, {'POOLMAX': [-1, 2]}), {'GLOBAL_AVG': None}, {'LAST_DENSE': [100, 'softmax']}]",HHSE,NSGA2,,,,,0.7062064425191297,,,,955565568,4271396,,,,,,"[18, 11, 14, 44, 36, 6, 14, 55]",0.7241208514817545,-0.0001217776759777,0.0,0.0,0.75,0.0,0.32,0,1,0,100,0,0.01,BEST,False,False,172,True,True,GREEDY,,,GREEDY_HV
BERHOU[M][M][M],3,4,81,32,0.81,True,True,"[20, 4, 32, 45, 39, 6, 13, 55]",[],"[20.99810774687092, 4.477761719643046, 32.45861126221189, 45.21892150166217, 39.5819549374805, 6.154535412078465, 13.603779131375912, 55.53889534346409]","[{'INP': 32}, {'CONV': [64, 3]}, ({'CONV': [64, 3]}, {'CONV': [128, 3]}), ({'CONV': [32, 3]}, {'CONV': [128, 3]}, {'POOLMAX': [-1, 2]}), ({'CONV': [128, 3]}, {'CONV': [32, 3]}), ({'CONV': [128, 5]}, {'CONV': [128, 5]}, {'POOLMAX': [-1, 2]}), ({'CONV': [128, 3]}, {'CONV': [256, 5]}), ({'CONV': [32, 3]}, {'CONV': [256, 3]}, {'POOLMAX': [-1, 2]}), ({'CONV': [32, 5]}, {'CONV': [128, 5]}), ({'CONV': [256, 3]}, {'CONV': [256, 5]}, {'POOLMAX': [-1, 2]}), {'GLOBAL_AVG': None}, {'LAST_DENSE': [100, 'softmax']}]",HHSE,NSGA2,,,,,0.7062064425191297,,,,955565568,4271396,,,,,,"[18, 11, 14, 44, 36, 6, 14, 55]",0.7241165247900893,-0.0001116977410078,0.0,0.0,0.75,0.0,0.32,0,2,0,100,0,0.02,BEST,False,False,172,True,True,GREEDY,,,GREEDY_HV
BERHOU[M][M][M],3,4,82,32,0.82,True,True,"[20, 4, 32, 45, 39, 6, 13, 55]",[],"[20.99810774687092, 4.477761719643046, 32.45861126221189, 45.21892150166217, 39.5819549374805, 6.154535412078465, 13.603779131375912, 55.53889534346409]","[{'INP': 32}, {'CONV': [64, 3]}, ({'CONV': [64, 3]}, {'CONV': [128, 3]}), ({'CONV': [32, 3]}, {'CONV': [128, 3]}, {'POOLMAX': [-1, 2]}), ({'CONV': [128, 3]}, {'CONV': [32, 3]}), ({'CONV': [128, 5]}, {'CONV': [128, 5]}, {'POOLMAX': [-1, 2]}), ({'CONV': [128, 3]}, {'CONV': [256, 5]}), ({'CONV': [32, 3]}, {'CONV': [256, 3]}, {'POOLMAX': [-1, 2]}), ({'CONV': [32, 5]}, {'CONV': [128, 5]}), ({'CONV': [256, 3]}, {'CONV': [256, 5]}, {'POOLMAX': [-1, 2]}), {'GLOBAL_AVG': None}, {'LAST_DENSE': [100, 'softmax']}]",HHSE,NSGA2,,,,,0.7062064425191297,,,,955565568,4271396,,,,,,"[18, 11, 14, 44, 36, 6, 14, 55]",0.7241887252815361,-0.0005560281513296,0.0,0.0,0.75,0.0,0.32,0,0,0,100,0,0.0,BEST,False,False,172,True,True,GREEDY,,,GREEDY_HV
BERHOU[M][M][M],3,4,83,32,0.83,True,True,"[20, 4, 32, 45, 39, 6, 13, 55]",[],"[20.99810774687092, 4.477761719643046, 32.45861126221189, 45.21892150166217, 39.5819549374805, 6.154535412078465, 13.603779131375912, 55.53889534346409]","[{'INP': 32}, {'CONV': [64, 3]}, ({'CONV': [64, 3]}, {'CONV': [128, 3]}), ({'CONV': [32, 3]}, {'CONV': [128, 3]}, {'POOLMAX': [-1, 2]}), ({'CONV': [128, 3]}, {'CONV': [32, 3]}), ({'CONV': [128, 5]}, {'CONV': [128, 5]}, {'POOLMAX': [-1, 2]}), ({'CONV': [128, 3]}, {'CONV': [256, 5]}), ({'CONV': [32, 3]}, {'CONV': [256, 3]}, {'POOLMAX': [-1, 2]}), ({'CONV': [32, 5]}, {'CONV': [128, 5]}), ({'CONV': [256, 3]}, {'CONV': [256, 5]}, {'POOLMAX': [-1, 2]}), {'GLOBAL_AVG': None}, {'LAST_DENSE': [100, 'softmax']}]",HHSE,NSGA2,,,,,0.7062064425191297,,,,955565568,4271396,,,,,,"[18, 11, 14, 44, 36, 6, 14, 55]",0.7243609983833246,-0.0006213968913044,0.0,0.0,0.75,0.0,0.32,0,0,0,100,0,0.0,BEST,False,False,172,True,True,GREEDY,,,GREEDY_HV
BERHOU[M][M][M],3,4,84,32,0.84,True,True,"[20, 4, 32, 45, 39, 6, 13, 55]",[],"[20.99810774687092, 4.477761719643046, 32.45861126221189, 45.21892150166217, 39.5819549374805, 6.154535412078465, 13.603779131375912, 55.53889534346409]","[{'INP': 32}, {'CONV': [64, 3]}, ({'CONV': [64, 3]}, {'CONV': [128, 3]}), ({'CONV': [32, 3]}, {'CONV': [128, 3]}, {'POOLMAX': [-1, 2]}), ({'CONV': [128, 3]}, {'CONV': [32, 3]}), ({'CONV': [128, 5]}, {'CONV': [128, 5]}, {'POOLMAX': [-1, 2]}), ({'CONV': [128, 3]}, {'CONV': [256, 5]}), ({'CONV': [32, 3]}, {'CONV': [256, 3]}, {'POOLMAX': [-1, 2]}), ({'CONV': [32, 5]}, {'CONV': [128, 5]}), ({'CONV': [256, 3]}, {'CONV': [256, 5]}, {'POOLMAX': [-1, 2]}), {'GLOBAL_AVG': None}, {'LAST_DENSE': [100, 'softmax']}]",HHSE,NSGA2,,,,,0.7062064425191297,,,,955565568,4271396,,,,,,"[18, 11, 14, 44, 36, 6, 14, 55]",0.7246422130367888,-0.0001353782335684,0.0,0.0,0.75,0.0,0.32,0,0,0,100,0,0.0,BEST,False,False,172,True,True,GREEDY,,,GREEDY_HV
BERHOU[M][M][M],3,4,85,32,0.85,True,True,"[20, 4, 32, 45, 39, 6, 13, 55]",[],"[20.99810774687092, 4.477761719643046, 32.45861126221189, 45.21892150166217, 39.5819549374805, 6.154535412078465, 13.603779131375912, 55.53889534346409]","[{'INP': 32}, {'CONV': [64, 3]}, ({'CONV': [64, 3]}, {'CONV': [128, 3]}), ({'CONV': [32, 3]}, {'CONV': [128, 3]}, {'POOLMAX': [-1, 2]}), ({'CONV': [128, 3]}, {'CONV': [32, 3]}), ({'CONV': [128, 5]}, {'CONV': [128, 5]}, {'POOLMAX': [-1, 2]}), ({'CONV': [128, 3]}, {'CONV': [256, 5]}), ({'CONV': [32, 3]}, {'CONV': [256, 3]}, {'POOLMAX': [-1, 2]}), ({'CONV': [32, 5]}, {'CONV': [128, 5]}), ({'CONV': [256, 3]}, {'CONV': [256, 5]}, {'POOLMAX': [-1, 2]}), {'GLOBAL_AVG': None}, {'LAST_DENSE': [100, 'softmax']}]",HHSE,NSGA2,,,,,0.7062064425191297,,,,955565568,4271396,,,,,,"[18, 11, 14, 44, 36, 6, 14, 55]",0.7246503163980408,-3.240900609025044e-05,0.0,0.0,0.75,0.0,0.32,0,2,0,100,0,0.02,BEST,False,False,172,True,True,GREEDY,,,GREEDY_HV
BERHOU[M][M][M][M],3,4,86,86,0.86,True,True,"[22, 5, 33, 45, 39, 6, 13, 55]",[],"[22.44811626210646, 5.251820073386455, 33.57445492567673, 45.321465633391675, 39.266698020561314, 6.786335258126757, 13.514549612180248, 55.59378596634422]","[{'INP': 32}, {'CONV': [64, 3]}, ({'CONV': [64, 3]}, {'CONV': [256, 3]}), ({'CONV': [32, 3]}, {'CONV': [128, 5]}, {'POOLMAX': [-1, 2]}), ({'CONV': [128, 3]}, {'CONV': [32, 5]}), ({'CONV': [128, 5]}, {'CONV': [128, 5]}, {'POOLMAX': [-1, 2]}), ({'CONV': [128, 3]}, {'CONV': [256, 5]}), ({'CONV': [32, 3]}, {'CONV': [256, 3]}, {'POOLMAX': [-1, 2]}), ({'CONV': [32, 5]}, {'CONV': [128, 5]}), ({'CONV': [256, 3]}, {'CONV': [256, 5]}, {'POOLMAX': [-1, 2]}), {'GLOBAL_AVG': None}, {'LAST_DENSE': [100, 'softmax']}]",HHSE,NSGA2,,,,,0.7078678085914625,,,,1350485504,4513572,,,,,,"[20, 4, 32, 45, 39, 6, 13, 55]",0.7247642224034033,-0.0006549009309173,0.0,0.0,0.375,0.375,0.86,0,0,0,100,0,0.0,BEST,False,False,140,True,True,GREEDY,,,GREEDY_HV
BERHOU[M][M][M][M],3,4,87,86,0.87,True,True,"[22, 5, 33, 45, 39, 6, 13, 55]",[],"[22.44811626210646, 5.251820073386455, 33.57445492567673, 45.321465633391675, 39.266698020561314, 6.786335258126757, 13.514549612180248, 55.59378596634422]","[{'INP': 32}, {'CONV': [64, 3]}, ({'CONV': [64, 3]}, {'CONV': [256, 3]}), ({'CONV': [32, 3]}, {'CONV': [128, 5]}, {'POOLMAX': [-1, 2]}), ({'CONV': [128, 3]}, {'CONV': [32, 5]}), ({'CONV': [128, 5]}, {'CONV': [128, 5]}, {'POOLMAX': [-1, 2]}), ({'CONV': [128, 3]}, {'CONV': [256, 5]}), ({'CONV': [32, 3]}, {'CONV': [256, 3]}, {'POOLMAX': [-1, 2]}), ({'CONV': [32, 5]}, {'CONV': [128, 5]}), ({'CONV': [256, 3]}, {'CONV': [256, 5]}, {'POOLMAX': [-1, 2]}), {'GLOBAL_AVG': None}, {'LAST_DENSE': [100, 'softmax']}]",HHSE,NSGA2,,,,,0.7078678085914625,,,,1350485504,4513572,,,,,,"[20, 4, 32, 45, 39, 6, 13, 55]",0.7261459703065767,-0.0001626341655456,0.0,0.0,0.375,0.0,0.86,0,0,0,100,0,0.0,BEST,False,False,140,True,True,GREEDY,,,GREEDY_HV
BERHOU[M][M][M][M],3,4,88,86,0.88,True,True,"[22, 5, 33, 45, 39, 6, 13, 55]",[],"[22.44811626210646, 5.251820073386455, 33.57445492567673, 45.321465633391675, 39.266698020561314, 6.786335258126757, 13.514549612180248, 55.59378596634422]","[{'INP': 32}, {'CONV': [64, 3]}, ({'CONV': [64, 3]}, {'CONV': [256, 3]}), ({'CONV': [32, 3]}, {'CONV': [128, 5]}, {'POOLMAX': [-1, 2]}), ({'CONV': [128, 3]}, {'CONV': [32, 5]}), ({'CONV': [128, 5]}, {'CONV': [128, 5]}, {'POOLMAX': [-1, 2]}), ({'CONV': [128, 3]}, {'CONV': [256, 5]}), ({'CONV': [32, 3]}, {'CONV': [256, 3]}, {'POOLMAX': [-1, 2]}), ({'CONV': [32, 5]}, {'CONV': [128, 5]}), ({'CONV': [256, 3]}, {'CONV': [256, 5]}, {'POOLMAX': [-1, 2]}), {'GLOBAL_AVG': None}, {'LAST_DENSE': [100, 'softmax']}]",HHSE,NSGA2,,,,,0.7078678085914625,,,,1350485504,4513572,,,,,,"[20, 4, 32, 45, 39, 6, 13, 55]",0.7261258986671644,-2.2622668965022182e-05,0.0,0.0,0.375,0.0,0.86,0,2,0,100,0,0.02,BEST,False,False,140,True,True,GREEDY,,,GREEDY_HV
BERHOU[M][M][M][M],3,4,89,86,0.89,True,True,"[22, 5, 33, 45, 39, 6, 13, 55]",[],"[22.44811626210646, 5.251820073386455, 33.57445492567673, 45.321465633391675, 39.266698020561314, 6.786335258126757, 13.514549612180248, 55.59378596634422]","[{'INP': 32}, {'CONV': [64, 3]}, ({'CONV': [64, 3]}, {'CONV': [256, 3]}), ({'CONV': [32, 3]}, {'CONV': [128, 5]}, {'POOLMAX': [-1, 2]}), ({'CONV': [128, 3]}, {'CONV': [32, 5]}), ({'CONV': [128, 5]}, {'CONV': [128, 5]}, {'POOLMAX': [-1, 2]}), ({'CONV': [128, 3]}, {'CONV': [256, 5]}), ({'CONV': [32, 3]}, {'CONV': [256, 3]}, {'POOLMAX': [-1, 2]}), ({'CONV': [32, 5]}, {'CONV': [128, 5]}), ({'CONV': [256, 3]}, {'CONV': [256, 5]}, {'POOLMAX': [-1, 2]}), {'GLOBAL_AVG': None}, {'LAST_DENSE': [100, 'softmax']}]",HHSE,NSGA2,,,,,0.7078678085914625,,,,1350485504,4513572,,,,,,"[20, 4, 32, 45, 39, 6, 13, 55]",0.7274483205087848,0.001200607273964,0.0,0.0,0.375,0.0,0.86,0,1,0,100,0,0.01,BEST,False,False,140,True,True,GREEDY,,,GREEDY_HV
BERHOU[M][M][M][M],3,4,90,86,0.9,True,True,"[22, 5, 33, 45, 39, 6, 13, 55]",[],"[22.44811626210646, 5.251820073386455, 33.57445492567673, 45.321465633391675, 39.266698020561314, 6.786335258126757, 13.514549612180248, 55.59378596634422]","[{'INP': 32}, {'CONV': [64, 3]}, ({'CONV': [64, 3]}, {'CONV': [256, 3]}), ({'CONV': [32, 3]}, {'CONV': [128, 5]}, {'POOLMAX': [-1, 2]}), ({'CONV': [128, 3]}, {'CONV': [32, 5]}), ({'CONV': [128, 5]}, {'CONV': [128, 5]}, {'POOLMAX': [-1, 2]}), ({'CONV': [128, 3]}, {'CONV': [256, 5]}), ({'CONV': [32, 3]}, {'CONV': [256, 3]}, {'POOLMAX': [-1, 2]}), ({'CONV': [32, 5]}, {'CONV': [128, 5]}), ({'CONV': [256, 3]}, {'CONV': [256, 5]}, {'POOLMAX': [-1, 2]}), {'GLOBAL_AVG': None}, {'LAST_DENSE': [100, 'softmax']}]",HHSE,NSGA2,,,,,0.7078678085914625,,,,1350485504,4513572,,,,,,"[20, 4, 32, 45, 39, 6, 13, 55]",0.726294689247556,-0.0001334586439534,0.0,0.0,0.375,0.0,0.86,0,2,0,100,0,0.02,BEST,False,False,140,True,True,GREEDY,,,GREEDY_HV
BERHOU[M][M][M][M][M],3,4,91,91,0.91,True,True,"[22, 7, 33, 45, 39, 6, 14, 55]",[],"[22.356668266561822, 7.04139401969654, 33.30784353312385, 45.306394746444376, 39.643786600782434, 6.866177163375685, 14.998905354516825, 55.62248517727296]","[{'INP': 32}, {'CONV': [64, 3]}, ({'CONV': [64, 3]}, {'CONV': [256, 3]}), ({'CONV': [32, 3]}, {'CONV': [256, 5]}, {'POOLMAX': [-1, 2]}), ({'CONV': [128, 3]}, {'CONV': [32, 5]}), ({'CONV': [128, 5]}, {'CONV': [128, 5]}, {'POOLMAX': [-1, 2]}), ({'CONV': [128, 3]}, {'CONV': [256, 5]}), ({'CONV': [32, 3]}, {'CONV': [256, 3]}, {'POOLMAX': [-1, 2]}), ({'CONV': [32, 5]}, {'CONV': [256, 3]}), ({'CONV': [256, 3]}, {'CONV': [256, 5]}, {'POOLMAX': [-1, 2]}), {'GLOBAL_AVG': None}, {'LAST_DENSE': [100, 'softmax']}]",HHSE,NSGA2,,,,,0.7096822354948776,,,,1645407744,5030692,,,,,,"[22, 5, 33, 45, 39, 6, 13, 55]",0.7267450072232373,-0.0006906635199377,0.0,0.0,0.25,0.25,0.91,0,2,0,100,0,0.02,BEST,False,False,110,True,True,GREEDY,,,GREEDY_HV
BERHOU[M][M][M][M][M],3,4,92,91,0.92,True,True,"[22, 7, 33, 45, 39, 6, 14, 55]",[],"[22.356668266561822, 7.04139401969654, 33.30784353312385, 45.306394746444376, 39.643786600782434, 6.866177163375685, 14.998905354516825, 55.62248517727296]","[{'INP': 32}, {'CONV': [64, 3]}, ({'CONV': [64, 3]}, {'CONV': [256, 3]}), ({'CONV': [32, 3]}, {'CONV': [256, 5]}, {'POOLMAX': [-1, 2]}), ({'CONV': [128, 3]}, {'CONV': [32, 5]}), ({'CONV': [128, 5]}, {'CONV': [128, 5]}, {'POOLMAX': [-1, 2]}), ({'CONV': [128, 3]}, {'CONV': [256, 5]}), ({'CONV': [32, 3]}, {'CONV': [256, 3]}, {'POOLMAX': [-1, 2]}), ({'CONV': [32, 5]}, {'CONV': [256, 3]}), ({'CONV': [256, 3]}, {'CONV': [256, 5]}, {'POOLMAX': [-1, 2]}), {'GLOBAL_AVG': None}, {'LAST_DENSE': [100, 'softmax']}]",HHSE,NSGA2,,,,,0.7096822354948776,,,,1645407744,5030692,,,,,,"[22, 5, 33, 45, 39, 6, 13, 55]",0.7311027316044303,0.0031843667856172,0.0,0.0,0.25,0.0,0.91,0,3,0,100,0,0.03,BEST,False,False,110,True,True,GREEDY,,,GREEDY_HV
BERHOU[M][M][M][M][M][M][M],3,4,93,93,0.93,True,True,"[22, 7, 32, 45, 39, 6, 14, 55]",[],"[22.66260874177973, 7.002940970475119, 32.249249294437526, 45.211597719309225, 39.409501065491355, 6.744190972859518, 14.997183799160052, 55.737897434115254]","[{'INP': 32}, {'CONV': [64, 3]}, ({'CONV': [64, 3]}, {'CONV': [256, 3]}), ({'CONV': [32, 3]}, {'CONV': [256, 5]}, {'POOLMAX': [-1, 2]}), ({'CONV': [128, 3]}, {'CONV': [32, 3]}), ({'CONV': [128, 5]}, {'CONV': [128, 5]}, {'POOLMAX': [-1, 2]}), ({'CONV': [128, 3]}, {'CONV': [256, 5]}), ({'CONV': [32, 3]}, {'CONV': [256, 3]}, {'POOLMAX': [-1, 2]}), ({'CONV': [32, 5]}, {'CONV': [256, 3]}), ({'CONV': [256, 3]}, {'CONV': [256, 5]}, {'POOLMAX': [-1, 2]}), {'GLOBAL_AVG': None}, {'LAST_DENSE': [100, 'softmax']}]",HHSE,NSGA2,,,,,0.7108143251465633,,,,1611853312,4965156,,,,,,"[22, 7, 33, 45, 39, 6, 14, 55]",0.7281386955176413,0.000159305981468,0.0,0.0,0.125,0.125,0.93,0,1,0,100,0,0.01,BEST,False,False,93,True,True,GREEDY,,,GREEDY_HV
BUDYHE[M],3,4,94,94,0.94,True,True,"[22, 4, 38, 36, 28, 6, 13, 55]",[],"[22.974555236706806, 4.411039886410566, 38.3514506156539, 36.0711962255156, 28.113005462078657, 6.790657755413938, 13.503773149517759, 55.28314597769653]","[{'INP': 32}, {'CONV': [64, 3]}, ({'CONV': [64, 3]}, {'CONV': [256, 3]}), ({'CONV': [32, 3]}, {'CONV': [128, 3]}, {'POOLMAX': [-1, 2]}), ({'CONV': [128, 3]}, {'CONV': [256, 3]}), ({'CONV': [128, 3]}, {'CONV': [128, 3]}, {'POOLMAX': [-1, 2]}), ({'CONV': [64, 5]}, {'CONV': [128, 3]}), ({'CONV': [32, 3]}, {'CONV': [256, 3]}, {'POOLMAX': [-1, 2]}), ({'CONV': [32, 5]}, {'CONV': [128, 5]}), ({'CONV': [256, 3]}, {'CONV': [256, 5]}, {'POOLMAX': [-1, 2]}), {'GLOBAL_AVG': None}, {'LAST_DENSE': [100, 'softmax']}]",HHSE,NSGA2,,,,,0.7110765727583027,,,,1186608640,3846052,,,,,,"[22, 4, 38, 36, 28, 6, 13, 55]",0.729101326366118,1.4786148258005838e-06,0.25,0.375,0.0,0.625,0.94,0,3,0,100,0,0.03,BEST,False,False,88,True,True,GREEDY,,,GREEDY_HV
BUDYHE[M],3,4,95,94,0.95,True,True,"[22, 4, 38, 36, 28, 6, 13, 55]",[],"[22.974555236706806, 4.411039886410566, 38.3514506156539, 36.0711962255156, 28.113005462078657, 6.790657755413938, 13.503773149517759, 55.28314597769653]","[{'INP': 32}, {'CONV': [64, 3]}, ({'CONV': [64, 3]}, {'CONV': [256, 3]}), ({'CONV': [32, 3]}, {'CONV': [128, 3]}, {'POOLMAX': [-1, 2]}), ({'CONV': [128, 3]}, {'CONV': [256, 3]}), ({'CONV': [128, 3]}, {'CONV': [128, 3]}, {'POOLMAX': [-1, 2]}), ({'CONV': [64, 5]}, {'CONV': [128, 3]}), ({'CONV': [32, 3]}, {'CONV': [256, 3]}, {'POOLMAX': [-1, 2]}), ({'CONV': [32, 5]}, {'CONV': [128, 5]}), ({'CONV': [256, 3]}, {'CONV': [256, 5]}, {'POOLMAX': [-1, 2]}), {'GLOBAL_AVG': None}, {'LAST_DENSE': [100, 'softmax']}]",HHSE,NSGA2,,,,,0.7110765727583027,,,,1186608640,3846052,,,,,,"[22, 4, 38, 36, 28, 6, 13, 55]",0.7297580738441937,-0.0001008530481175,0.25,0.375,0.0,0.0,0.94,0,1,0,100,0,0.01,BEST,False,False,88,True,True,GREEDY,,,GREEDY_HV
BHVABT[M],3,4,96,96,0.96,True,True,"[2, 10, 4, 38, 28, 6, 17, 23]",[],"[2.413082023418303, 10.184242450723158, 4.5340616880919695, 38.88433791636575, 28.569746135328387, 6.129424393446221, 17.895091357576206, 23.260717107318182]","[{'INP': 32}, {'CONV': [64, 3]}, ({'CONV': [32, 3]}, {'CONV': [64, 3]}), ({'CONV': [32, 5]}, {'CONV': [64, 3]}, {'POOLMAX': [-1, 2]}), ({'CONV': [32, 3]}, {'CONV': [128, 3]}), ({'CONV': [128, 3]}, {'CONV': [256, 3]}, {'POOLMAX': [-1, 2]}), ({'CONV': [64, 5]}, {'CONV': [128, 3]}), ({'CONV': [32, 3]}, {'CONV': [256, 3]}, {'POOLMAX': [-1, 2]}), ({'CONV': [64, 3]}, {'CONV': [32, 5]}), ({'CONV': [64, 3]}, {'CONV': [256, 5]}, {'POOLMAX': [-1, 2]}), {'GLOBAL_AVG': None}, {'LAST_DENSE': [100, 'softmax']}]",HHSE,NSGA2,,,,,0.7123937343902448,,,,575374848,1858980,,,,,,"[2, 10, 4, 38, 28, 6, 17, 23]",0.7298227470796534,-6.507037060143883e-05,0.25,0.375,0.0,0.75,0.96,0,0,0,100,0,0.0,BEST,False,False,63,True,True,GREEDY,,,GREEDY_HV
BHVABT[M],3,4,97,96,0.97,True,True,"[2, 10, 4, 38, 28, 6, 17, 23]",[],"[2.413082023418303, 10.184242450723158, 4.5340616880919695, 38.88433791636575, 28.569746135328387, 6.129424393446221, 17.895091357576206, 23.260717107318182]","[{'INP': 32}, {'CONV': [64, 3]}, ({'CONV': [32, 3]}, {'CONV': [64, 3]}), ({'CONV': [32, 5]}, {'CONV': [64, 3]}, {'POOLMAX': [-1, 2]}), ({'CONV': [32, 3]}, {'CONV': [128, 3]}), ({'CONV': [128, 3]}, {'CONV': [256, 3]}, {'POOLMAX': [-1, 2]}), ({'CONV': [64, 5]}, {'CONV': [128, 3]}), ({'CONV': [32, 3]}, {'CONV': [256, 3]}, {'POOLMAX': [-1, 2]}), ({'CONV': [64, 3]}, {'CONV': [32, 5]}), ({'CONV': [64, 3]}, {'CONV': [256, 5]}, {'POOLMAX': [-1, 2]}), {'GLOBAL_AVG': None}, {'LAST_DENSE': [100, 'softmax']}]",HHSE,NSGA2,,,,,0.7123937343902448,,,,575374848,1858980,,,,,,"[2, 10, 4, 38, 28, 6, 17, 23]",0.731356588528468,-0.0005375559430641,0.25,0.375,0.0,0.0,0.96,0,0,0,100,0,0.0,BEST,False,False,63,True,True,GREEDY,,,GREEDY_HV
BHVABT[M],3,4,98,96,0.98,True,True,"[2, 10, 4, 38, 28, 6, 17, 23]",[],"[2.413082023418303, 10.184242450723158, 4.5340616880919695, 38.88433791636575, 28.569746135328387, 6.129424393446221, 17.895091357576206, 23.260717107318182]","[{'INP': 32}, {'CONV': [64, 3]}, ({'CONV': [32, 3]}, {'CONV': [64, 3]}), ({'CONV': [32, 5]}, {'CONV': [64, 3]}, {'POOLMAX': [-1, 2]}), ({'CONV': [32, 3]}, {'CONV': [128, 3]}), ({'CONV': [128, 3]}, {'CONV': [256, 3]}, {'POOLMAX': [-1, 2]}), ({'CONV': [64, 5]}, {'CONV': [128, 3]}), ({'CONV': [32, 3]}, {'CONV': [256, 3]}, {'POOLMAX': [-1, 2]}), ({'CONV': [64, 3]}, {'CONV': [32, 5]}), ({'CONV': [64, 3]}, {'CONV': [256, 5]}, {'POOLMAX': [-1, 2]}), {'GLOBAL_AVG': None}, {'LAST_DENSE': [100, 'softmax']}]",HHSE,NSGA2,,,,,0.7123937343902448,,,,575374848,1858980,,,,,,"[2, 10, 4, 38, 28, 6, 17, 23]",0.7313804583453756,-1.353313364993447e-05,0.25,0.375,0.0,0.0,0.96,0,0,0,100,0,0.0,BEST,False,False,63,True,True,GREEDY,,,GREEDY_HV
BHVABT[M],3,4,99,96,0.99,True,True,"[2, 10, 4, 38, 28, 6, 17, 23]",[],"[2.413082023418303, 10.184242450723158, 4.5340616880919695, 38.88433791636575, 28.569746135328387, 6.129424393446221, 17.895091357576206, 23.260717107318182]","[{'INP': 32}, {'CONV': [64, 3]}, ({'CONV': [32, 3]}, {'CONV': [64, 3]}), ({'CONV': [32, 5]}, {'CONV': [64, 3]}, {'POOLMAX': [-1, 2]}), ({'CONV': [32, 3]}, {'CONV': [128, 3]}), ({'CONV': [128, 3]}, {'CONV': [256, 3]}, {'POOLMAX': [-1, 2]}), ({'CONV': [64, 5]}, {'CONV': [128, 3]}), ({'CONV': [32, 3]}, {'CONV': [256, 3]}, {'POOLMAX': [-1, 2]}), ({'CONV': [64, 3]}, {'CONV': [32, 5]}), ({'CONV': [64, 3]}, {'CONV': [256, 5]}, {'POOLMAX': [-1, 2]}), {'GLOBAL_AVG': None}, {'LAST_DENSE': [100, 'softmax']}]",HHSE,NSGA2,,,,,0.7123937343902448,,,,575374848,1858980,,,,,,"[2, 10, 4, 38, 28, 6, 17, 23]",0.7314382051049169,-0.0005140150640006,0.25,0.375,0.0,0.0,0.96,0,0,0,100,0,0.0,BEST,False,False,63,True,True,GREEDY,,,GREEDY_HV
BHVABT[M],3,4,100,96,1.0,True,True,"[2, 10, 4, 38, 28, 6, 17, 23]",[],"[2.413082023418303, 10.184242450723158, 4.5340616880919695, 38.88433791636575, 28.569746135328387, 6.129424393446221, 17.895091357576206, 23.260717107318182]","[{'INP': 32}, {'CONV': [64, 3]}, ({'CONV': [32, 3]}, {'CONV': [64, 3]}), ({'CONV': [32, 5]}, {'CONV': [64, 3]}, {'POOLMAX': [-1, 2]}), ({'CONV': [32, 3]}, {'CONV': [128, 3]}), ({'CONV': [128, 3]}, {'CONV': [256, 3]}, {'POOLMAX': [-1, 2]}), ({'CONV': [64, 5]}, {'CONV': [128, 3]}), ({'CONV': [32, 3]}, {'CONV': [256, 3]}, {'POOLMAX': [-1, 2]}), ({'CONV': [64, 3]}, {'CONV': [32, 5]}), ({'CONV': [64, 3]}, {'CONV': [256, 5]}, {'POOLMAX': [-1, 2]}), {'GLOBAL_AVG': None}, {'LAST_DENSE': [100, 'softmax']}]",HHSE,NSGA2,,,,,0.7123937343902448,,,,575374848,1858980,,,,,,"[2, 10, 4, 38, 28, 6, 17, 23]",0.7314599569059239,-3.1296800611091413e-06,0.25,0.375,0.0,0.0,0.96,0,0,0,100,0,0.0,BEST,False,False,63,True,True,GREEDY,,,GREEDY_HV
BUMEAX[M],4,5,1,1,0.01,True,True,"[4, 38, 15, 38, 34, 54, 43, 13]",[],"[4.55040788869915, 38.07067919966262, 15.182124260195174, 38.27460394287307, 34.38894023572652, 54.773615143143246, 43.39541855399955, 13.272470398389624]","[{'INP': 32}, {'CONV': [64, 3]}, ({'CONV': [32, 3]}, {'CONV': [128, 3]}), ({'CONV': [128, 3]}, {'CONV': [256, 3]}, {'POOLMAX': [-1, 2]}), ({'CONV': [32, 5]}, {'CONV': [256, 5]}), ({'CONV': [128, 3]}, {'CONV': [256, 3]}, {'POOLMAX': [-1, 2]}), ({'CONV': [128, 3]}, {'CONV': [64, 3]}), ({'CONV': [256, 3]}, {'CONV': [256, 3]}, {'POOLMAX': [-1, 2]}), ({'CONV': [128, 5]}, {'CONV': [64, 5]}), ({'CONV': [32, 5]}, {'CONV': [128, 5]}, {'POOLMAX': [-1, 2]}), {'GLOBAL_AVG': None}, {'LAST_DENSE': [100, 'softmax']}]",HHSE,NSGA2,,,,,0.6918009082060033,,,,1719337984,3804580,,,,,,"[6, 48, 52, 13, 50, 16, 23, 28]",0.6788873125306356,0.0,0.0,0.0,1.0,0.0,0.01,0,9,0,100,0,0.09,BEST,False,False,316,True,True,GREEDY,,,GREEDY_HV
BUMEAX[M],4,5,2,1,0.02,True,True,"[4, 38, 15, 38, 34, 54, 43, 13]",[],"[4.55040788869915, 38.07067919966262, 15.182124260195174, 38.27460394287307, 34.38894023572652, 54.773615143143246, 43.39541855399955, 13.272470398389624]","[{'INP': 32}, {'CONV': [64, 3]}, ({'CONV': [32, 3]}, {'CONV': [128, 3]}), ({'CONV': [128, 3]}, {'CONV': [256, 3]}, {'POOLMAX': [-1, 2]}), ({'CONV': [32, 5]}, {'CONV': [256, 5]}), ({'CONV': [128, 3]}, {'CONV': [256, 3]}, {'POOLMAX': [-1, 2]}), ({'CONV': [128, 3]}, {'CONV': [64, 3]}), ({'CONV': [256, 3]}, {'CONV': [256, 3]}, {'POOLMAX': [-1, 2]}), ({'CONV': [128, 5]}, {'CONV': [64, 5]}), ({'CONV': [32, 5]}, {'CONV': [128, 5]}, {'POOLMAX': [-1, 2]}), {'GLOBAL_AVG': None}, {'LAST_DENSE': [100, 'softmax']}]",HHSE,NSGA2,,,,,0.6918009082060033,,,,1719337984,3804580,,,,,,"[6, 48, 52, 13, 50, 16, 23, 28]",0.6977950240999629,0.0162726780165854,0.0,0.0,1.0,0.0,0.01,0,3,0,100,0,0.03,BEST,False,False,316,True,True,GREEDY,,,GREEDY_HV
BUMEAX[M],4,5,3,1,0.03,True,True,"[4, 38, 15, 38, 34, 54, 43, 13]",[],"[4.55040788869915, 38.07067919966262, 15.182124260195174, 38.27460394287307, 34.38894023572652, 54.773615143143246, 43.39541855399955, 13.272470398389624]","[{'INP': 32}, {'CONV': [64, 3]}, ({'CONV': [32, 3]}, {'CONV': [128, 3]}), ({'CONV': [128, 3]}, {'CONV': [256, 3]}, {'POOLMAX': [-1, 2]}), ({'CONV': [32, 5]}, {'CONV': [256, 5]}), ({'CONV': [128, 3]}, {'CONV': [256, 3]}, {'POOLMAX': [-1, 2]}), ({'CONV': [128, 3]}, {'CONV': [64, 3]}), ({'CONV': [256, 3]}, {'CONV': [256, 3]}, {'POOLMAX': [-1, 2]}), ({'CONV': [128, 5]}, {'CONV': [64, 5]}), ({'CONV': [32, 5]}, {'CONV': [128, 5]}, {'POOLMAX': [-1, 2]}), {'GLOBAL_AVG': None}, {'LAST_DENSE': [100, 'softmax']}]",HHSE,NSGA2,,,,,0.6918009082060033,,,,1719337984,3804580,,,,,,"[6, 48, 52, 13, 50, 16, 23, 28]",0.6912297882060752,-1.4745381084591004e-05,0.0,0.0,1.0,0.0,0.01,0,1,0,100,0,0.01,BEST,False,False,316,True,True,GREEDY,,,GREEDY_HV
BUMEAX[M],4,5,4,1,0.04,True,True,"[4, 38, 15, 38, 34, 54, 43, 13]",[],"[4.55040788869915, 38.07067919966262, 15.182124260195174, 38.27460394287307, 34.38894023572652, 54.773615143143246, 43.39541855399955, 13.272470398389624]","[{'INP': 32}, {'CONV': [64, 3]}, ({'CONV': [32, 3]}, {'CONV': [128, 3]}), ({'CONV': [128, 3]}, {'CONV': [256, 3]}, {'POOLMAX': [-1, 2]}), ({'CONV': [32, 5]}, {'CONV': [256, 5]}), ({'CONV': [128, 3]}, {'CONV': [256, 3]}, {'POOLMAX': [-1, 2]}), ({'CONV': [128, 3]}, {'CONV': [64, 3]}), ({'CONV': [256, 3]}, {'CONV': [256, 3]}, {'POOLMAX': [-1, 2]}), ({'CONV': [128, 5]}, {'CONV': [64, 5]}), ({'CONV': [32, 5]}, {'CONV': [128, 5]}, {'POOLMAX': [-1, 2]}), {'GLOBAL_AVG': None}, {'LAST_DENSE': [100, 'softmax']}]",HHSE,NSGA2,,,,,0.6918009082060033,,,,1719337984,3804580,,,,,,"[6, 48, 52, 13, 50, 16, 23, 28]",0.7001333518356931,0.0034916599721959,0.0,0.0,1.0,0.0,0.01,0,1,0,100,0,0.01,BEST,False,False,316,True,True,GREEDY,,,GREEDY_HV
BUMEAX[M],4,5,5,1,0.05,True,True,"[4, 38, 15, 38, 34, 54, 43, 13]",[],"[4.55040788869915, 38.07067919966262, 15.182124260195174, 38.27460394287307, 34.38894023572652, 54.773615143143246, 43.39541855399955, 13.272470398389624]","[{'INP': 32}, {'CONV': [64, 3]}, ({'CONV': [32, 3]}, {'CONV': [128, 3]}), ({'CONV': [128, 3]}, {'CONV': [256, 3]}, {'POOLMAX': [-1, 2]}), ({'CONV': [32, 5]}, {'CONV': [256, 5]}), ({'CONV': [128, 3]}, {'CONV': [256, 3]}, {'POOLMAX': [-1, 2]}), ({'CONV': [128, 3]}, {'CONV': [64, 3]}), ({'CONV': [256, 3]}, {'CONV': [256, 3]}, {'POOLMAX': [-1, 2]}), ({'CONV': [128, 5]}, {'CONV': [64, 5]}), ({'CONV': [32, 5]}, {'CONV': [128, 5]}, {'POOLMAX': [-1, 2]}), {'GLOBAL_AVG': None}, {'LAST_DENSE': [100, 'softmax']}]",HHSE,NSGA2,,,,,0.6918009082060033,,,,1719337984,3804580,,,,,,"[6, 48, 52, 13, 50, 16, 23, 28]",0.7001970865776594,-0.0020422679033011,0.0,0.0,1.0,0.0,0.01,0,3,0,100,0,0.03,BEST,False,False,316,True,True,GREEDY,,,GREEDY_HV
BZAZYF[M][M][M],4,5,6,6,0.06,True,True,"[6, 23, 38, 62, 38, 21, 14, 55]",[],"[6.849131658340073, 23.119671997451057, 38.82976894150043, 62.475032212723946, 38.3271300272578, 21.806487460323982, 14.308925550758985, 55.83492354747129]","[{'INP': 32}, {'CONV': [64, 3]}, ({'CONV': [32, 3]}, {'CONV': [256, 3]}), ({'CONV': [64, 3]}, {'CONV': [256, 5]}, {'POOLMAX': [-1, 2]}), ({'CONV': [128, 3]}, {'CONV': [256, 3]}), ({'CONV': [256, 5]}, {'CONV': [256, 3]}, {'POOLMAX': [-1, 2]}), ({'CONV': [128, 3]}, {'CONV': [256, 3]}), ({'CONV': [64, 3]}, {'CONV': [128, 5]}, {'POOLMAX': [-1, 2]}), ({'CONV': [32, 5]}, {'CONV': [256, 3]}), ({'CONV': [256, 3]}, {'CONV': [256, 5]}, {'POOLMAX': [-1, 2]}), {'GLOBAL_AVG': None}, {'LAST_DENSE': [100, 'softmax']}]",HHSE,NSGA2,,,,,0.6941559668816513,,,,2979747328,6852900,,,,,,"[9, 5, 15, 62, 38, 27, 23, 55]",0.7020685518863107,8.928763599558298e-05,0.0,0.0,0.625,1.0,0.06,0,2,0,100,0,0.02,BEST,False,False,304,True,True,GREEDY,,,GREEDY_HV
BZAZYF[M][M][M],4,5,7,6,0.07,True,True,"[6, 23, 38, 62, 38, 21, 14, 55]",[],"[6.849131658340073, 23.119671997451057, 38.82976894150043, 62.475032212723946, 38.3271300272578, 21.806487460323982, 14.308925550758985, 55.83492354747129]","[{'INP': 32}, {'CONV': [64, 3]}, ({'CONV': [32, 3]}, {'CONV': [256, 3]}), ({'CONV': [64, 3]}, {'CONV': [256, 5]}, {'POOLMAX': [-1, 2]}), ({'CONV': [128, 3]}, {'CONV': [256, 3]}), ({'CONV': [256, 5]}, {'CONV': [256, 3]}, {'POOLMAX': [-1, 2]}), ({'CONV': [128, 3]}, {'CONV': [256, 3]}), ({'CONV': [64, 3]}, {'CONV': [128, 5]}, {'POOLMAX': [-1, 2]}), ({'CONV': [32, 5]}, {'CONV': [256, 3]}), ({'CONV': [256, 3]}, {'CONV': [256, 5]}, {'POOLMAX': [-1, 2]}), {'GLOBAL_AVG': None}, {'LAST_DENSE': [100, 'softmax']}]",HHSE,NSGA2,,,,,0.6941559668816513,,,,2979747328,6852900,,,,,,"[9, 5, 15, 62, 38, 27, 23, 55]",0.7036638963116193,-0.0009703490882513,0.0,0.0,0.625,0.0,0.06,0,2,0,100,0,0.02,BEST,False,False,304,True,True,GREEDY,,,GREEDY_HV
BJBMQ[M],4,5,8,8,0.08,True,True,"[33, 44, 34, 38, 39, 48, 43, 55]",[],"[33.40269535665194, 44.089222546879625, 34.23995248791251, 38.45359496043735, 39.36688007183524, 48.16340827041712, 43.55102397423779, 55.39800376777554]","[{'INP': 32}, {'CONV': [64, 3]}, ({'CONV': [128, 3]}, {'CONV': [32, 5]}), ({'CONV': [128, 5]}, {'CONV': [128, 3]}, {'POOLMAX': [-1, 2]}), ({'CONV': [128, 3]}, {'CONV': [64, 3]}), ({'CONV': [128, 3]}, {'CONV': [256, 3]}, {'POOLMAX': [-1, 2]}), ({'CONV': [128, 3]}, {'CONV': [256, 5]}), ({'CONV': [256, 3]}, {'CONV': [32, 3]}, {'POOLMAX': [-1, 2]}), ({'CONV': [128, 5]}, {'CONV': [64, 5]}), ({'CONV': [256, 3]}, {'CONV': [256, 5]}, {'POOLMAX': [-1, 2]}), {'GLOBAL_AVG': None}, {'LAST_DENSE': [100, 'softmax']}]",HHSE,NSGA2,,,,,0.6962285523598063,,,,1476792320,4923684,,,,,,"[14, 12, 6, 48, 46, 41, 24, 28]",0.7038684125154983,-0.0039335001689552,0.625,0.375,1.0,0.875,0.08,0,0,0,100,0,0.0,BEST,False,False,287,True,True,GREEDY,,,GREEDY_HV
BJBMQ[M],4,5,9,8,0.09,True,True,"[33, 44, 34, 38, 39, 48, 43, 55]",[],"[33.40269535665194, 44.089222546879625, 34.23995248791251, 38.45359496043735, 39.36688007183524, 48.16340827041712, 43.55102397423779, 55.39800376777554]","[{'INP': 32}, {'CONV': [64, 3]}, ({'CONV': [128, 3]}, {'CONV': [32, 5]}), ({'CONV': [128, 5]}, {'CONV': [128, 3]}, {'POOLMAX': [-1, 2]}), ({'CONV': [128, 3]}, {'CONV': [64, 3]}), ({'CONV': [128, 3]}, {'CONV': [256, 3]}, {'POOLMAX': [-1, 2]}), ({'CONV': [128, 3]}, {'CONV': [256, 5]}), ({'CONV': [256, 3]}, {'CONV': [32, 3]}, {'POOLMAX': [-1, 2]}), ({'CONV': [128, 5]}, {'CONV': [64, 5]}), ({'CONV': [256, 3]}, {'CONV': [256, 5]}, {'POOLMAX': [-1, 2]}), {'GLOBAL_AVG': None}, {'LAST_DENSE': [100, 'softmax']}]",HHSE,NSGA2,,,,,0.6962285523598063,,,,1476792320,4923684,,,,,,"[14, 12, 6, 48, 46, 41, 24, 28]",0.7059190445461739,-0.0001204389552694,0.625,0.375,1.0,0.0,0.08,0,0,0,100,0,0.0,BEST,False,False,287,True,True,GREEDY,,,GREEDY_HV
BJBMQ[M],4,5,10,8,0.1,True,True,"[33, 44, 34, 38, 39, 48, 43, 55]",[],"[33.40269535665194, 44.089222546879625, 34.23995248791251, 38.45359496043735, 39.36688007183524, 48.16340827041712, 43.55102397423779, 55.39800376777554]","[{'INP': 32}, {'CONV': [64, 3]}, ({'CONV': [128, 3]}, {'CONV': [32, 5]}), ({'CONV': [128, 5]}, {'CONV': [128, 3]}, {'POOLMAX': [-1, 2]}), ({'CONV': [128, 3]}, {'CONV': [64, 3]}), ({'CONV': [128, 3]}, {'CONV': [256, 3]}, {'POOLMAX': [-1, 2]}), ({'CONV': [128, 3]}, {'CONV': [256, 5]}), ({'CONV': [256, 3]}, {'CONV': [32, 3]}, {'POOLMAX': [-1, 2]}), ({'CONV': [128, 5]}, {'CONV': [64, 5]}), ({'CONV': [256, 3]}, {'CONV': [256, 5]}, {'POOLMAX': [-1, 2]}), {'GLOBAL_AVG': None}, {'LAST_DENSE': [100, 'softmax']}]",HHSE,NSGA2,,,,,0.6962285523598063,,,,1476792320,4923684,,,,,,"[14, 12, 6, 48, 46, 41, 24, 28]",0.7065484630832791,-0.0010159816186182,0.625,0.375,1.0,0.0,0.08,0,0,0,100,0,0.0,BEST,False,False,287,True,True,GREEDY,,,GREEDY_HV
BJBMQ[M],4,5,11,8,0.11,True,True,"[33, 44, 34, 38, 39, 48, 43, 55]",[],"[33.40269535665194, 44.089222546879625, 34.23995248791251, 38.45359496043735, 39.36688007183524, 48.16340827041712, 43.55102397423779, 55.39800376777554]","[{'INP': 32}, {'CONV': [64, 3]}, ({'CONV': [128, 3]}, {'CONV': [32, 5]}), ({'CONV': [128, 5]}, {'CONV': [128, 3]}, {'POOLMAX': [-1, 2]}), ({'CONV': [128, 3]}, {'CONV': [64, 3]}), ({'CONV': [128, 3]}, {'CONV': [256, 3]}, {'POOLMAX': [-1, 2]}), ({'CONV': [128, 3]}, {'CONV': [256, 5]}), ({'CONV': [256, 3]}, {'CONV': [32, 3]}, {'POOLMAX': [-1, 2]}), ({'CONV': [128, 5]}, {'CONV': [64, 5]}), ({'CONV': [256, 3]}, {'CONV': [256, 5]}, {'POOLMAX': [-1, 2]}), {'GLOBAL_AVG': None}, {'LAST_DENSE': [100, 'softmax']}]",HHSE,NSGA2,,,,,0.6962285523598063,,,,1476792320,4923684,,,,,,"[14, 12, 6, 48, 46, 41, 24, 28]",0.706607361610976,-0.0015918252864759,0.625,0.375,1.0,0.0,0.08,0,0,0,100,0,0.0,BEST,False,False,287,True,True,GREEDY,,,GREEDY_HV
BJBMQ[M],4,5,12,8,0.12,True,True,"[33, 44, 34, 38, 39, 48, 43, 55]",[],"[33.40269535665194, 44.089222546879625, 34.23995248791251, 38.45359496043735, 39.36688007183524, 48.16340827041712, 43.55102397423779, 55.39800376777554]","[{'INP': 32}, {'CONV': [64, 3]}, ({'CONV': [128, 3]}, {'CONV': [32, 5]}), ({'CONV': [128, 5]}, {'CONV': [128, 3]}, {'POOLMAX': [-1, 2]}), ({'CONV': [128, 3]}, {'CONV': [64, 3]}), ({'CONV': [128, 3]}, {'CONV': [256, 3]}, {'POOLMAX': [-1, 2]}), ({'CONV': [128, 3]}, {'CONV': [256, 5]}), ({'CONV': [256, 3]}, {'CONV': [32, 3]}, {'POOLMAX': [-1, 2]}), ({'CONV': [128, 5]}, {'CONV': [64, 5]}), ({'CONV': [256, 3]}, {'CONV': [256, 5]}, {'POOLMAX': [-1, 2]}), {'GLOBAL_AVG': None}, {'LAST_DENSE': [100, 'softmax']}]",HHSE,NSGA2,,,,,0.6962285523598063,,,,1476792320,4923684,,,,,,"[14, 12, 6, 48, 46, 41, 24, 28]",0.7121966171065498,0.0007927016386212,0.625,0.375,1.0,0.0,0.08,0,1,0,100,0,0.01,BEST,False,False,287,True,True,GREEDY,,,GREEDY_HV
BJBMQ[M],4,5,13,8,0.13,True,True,"[33, 44, 34, 38, 39, 48, 43, 55]",[],"[33.40269535665194, 44.089222546879625, 34.23995248791251, 38.45359496043735, 39.36688007183524, 48.16340827041712, 43.55102397423779, 55.39800376777554]","[{'INP': 32}, {'CONV': [64, 3]}, ({'CONV': [128, 3]}, {'CONV': [32, 5]}), ({'CONV': [128, 5]}, {'CONV': [128, 3]}, {'POOLMAX': [-1, 2]}), ({'CONV': [128, 3]}, {'CONV': [64, 3]}), ({'CONV': [128, 3]}, {'CONV': [256, 3]}, {'POOLMAX': [-1, 2]}), ({'CONV': [128, 3]}, {'CONV': [256, 5]}), ({'CONV': [256, 3]}, {'CONV': [32, 3]}, {'POOLMAX': [-1, 2]}), ({'CONV': [128, 5]}, {'CONV': [64, 5]}), ({'CONV': [256, 3]}, {'CONV': [256, 5]}, {'POOLMAX': [-1, 2]}), {'GLOBAL_AVG': None}, {'LAST_DENSE': [100, 'softmax']}]",HHSE,NSGA2,,,,,0.6962285523598063,,,,1476792320,4923684,,,,,,"[14, 12, 6, 48, 46, 41, 24, 28]",0.7113353934955324,-0.0007102080408278,0.625,0.375,1.0,0.0,0.08,0,0,0,100,0,0.0,BEST,False,False,287,True,True,GREEDY,,,GREEDY_HV
BJBMQ[M],4,5,14,8,0.14,True,True,"[33, 44, 34, 38, 39, 48, 43, 55]",[],"[33.40269535665194, 44.089222546879625, 34.23995248791251, 38.45359496043735, 39.36688007183524, 48.16340827041712, 43.55102397423779, 55.39800376777554]","[{'INP': 32}, {'CONV': [64, 3]}, ({'CONV': [128, 3]}, {'CONV': [32, 5]}), ({'CONV': [128, 5]}, {'CONV': [128, 3]}, {'POOLMAX': [-1, 2]}), ({'CONV': [128, 3]}, {'CONV': [64, 3]}), ({'CONV': [128, 3]}, {'CONV': [256, 3]}, {'POOLMAX': [-1, 2]}), ({'CONV': [128, 3]}, {'CONV': [256, 5]}), ({'CONV': [256, 3]}, {'CONV': [32, 3]}, {'POOLMAX': [-1, 2]}), ({'CONV': [128, 5]}, {'CONV': [64, 5]}), ({'CONV': [256, 3]}, {'CONV': [256, 5]}, {'POOLMAX': [-1, 2]}), {'GLOBAL_AVG': None}, {'LAST_DENSE': [100, 'softmax']}]",HHSE,NSGA2,,,,,0.6962285523598063,,,,1476792320,4923684,,,,,,"[14, 12, 6, 48, 46, 41, 24, 28]",0.7112210635862583,-0.0004123351309993,0.625,0.375,1.0,0.0,0.08,0,0,0,100,0,0.0,BEST,False,False,287,True,True,GREEDY,,,GREEDY_HV
BJBMQ[M],4,5,15,8,0.15,True,True,"[33, 44, 34, 38, 39, 48, 43, 55]",[],"[33.40269535665194, 44.089222546879625, 34.23995248791251, 38.45359496043735, 39.36688007183524, 48.16340827041712, 43.55102397423779, 55.39800376777554]","[{'INP': 32}, {'CONV': [64, 3]}, ({'CONV': [128, 3]}, {'CONV': [32, 5]}), ({'CONV': [128, 5]}, {'CONV': [128, 3]}, {'POOLMAX': [-1, 2]}), ({'CONV': [128, 3]}, {'CONV': [64, 3]}), ({'CONV': [128, 3]}, {'CONV': [256, 3]}, {'POOLMAX': [-1, 2]}), ({'CONV': [128, 3]}, {'CONV': [256, 5]}), ({'CONV': [256, 3]}, {'CONV': [32, 3]}, {'POOLMAX': [-1, 2]}), ({'CONV': [128, 5]}, {'CONV': [64, 5]}), ({'CONV': [256, 3]}, {'CONV': [256, 5]}, {'POOLMAX': [-1, 2]}), {'GLOBAL_AVG': None}, {'LAST_DENSE': [100, 'softmax']}]",HHSE,NSGA2,,,,,0.6962285523598063,,,,1476792320,4923684,,,,,,"[14, 12, 6, 48, 46, 41, 24, 28]",0.7113253266736876,-0.000332346805134,0.625,0.375,1.0,0.0,0.08,0,0,0,100,0,0.0,BEST,False,False,287,True,True,GREEDY,,,GREEDY_HV
BJBMQ[M],4,5,16,8,0.16,True,True,"[33, 44, 34, 38, 39, 48, 43, 55]",[],"[33.40269535665194, 44.089222546879625, 34.23995248791251, 38.45359496043735, 39.36688007183524, 48.16340827041712, 43.55102397423779, 55.39800376777554]","[{'INP': 32}, {'CONV': [64, 3]}, ({'CONV': [128, 3]}, {'CONV': [32, 5]}), ({'CONV': [128, 5]}, {'CONV': [128, 3]}, {'POOLMAX': [-1, 2]}), ({'CONV': [128, 3]}, {'CONV': [64, 3]}), ({'CONV': [128, 3]}, {'CONV': [256, 3]}, {'POOLMAX': [-1, 2]}), ({'CONV': [128, 3]}, {'CONV': [256, 5]}), ({'CONV': [256, 3]}, {'CONV': [32, 3]}, {'POOLMAX': [-1, 2]}), ({'CONV': [128, 5]}, {'CONV': [64, 5]}), ({'CONV': [256, 3]}, {'CONV': [256, 5]}, {'POOLMAX': [-1, 2]}), {'GLOBAL_AVG': None}, {'LAST_DENSE': [100, 'softmax']}]",HHSE,NSGA2,,,,,0.6962285523598063,,,,1476792320,4923684,,,,,,"[14, 12, 6, 48, 46, 41, 24, 28]",0.7117184337360297,-0.0003006800931356,0.625,0.375,1.0,0.0,0.08,0,0,0,100,0,0.0,BEST,False,False,287,True,True,GREEDY,,,GREEDY_HV
BJBMQ[M],4,5,17,8,0.17,True,True,"[33, 44, 34, 38, 39, 48, 43, 55]",[],"[33.40269535665194, 44.089222546879625, 34.23995248791251, 38.45359496043735, 39.36688007183524, 48.16340827041712, 43.55102397423779, 55.39800376777554]","[{'INP': 32}, {'CONV': [64, 3]}, ({'CONV': [128, 3]}, {'CONV': [32, 5]}), ({'CONV': [128, 5]}, {'CONV': [128, 3]}, {'POOLMAX': [-1, 2]}), ({'CONV': [128, 3]}, {'CONV': [64, 3]}), ({'CONV': [128, 3]}, {'CONV': [256, 3]}, {'POOLMAX': [-1, 2]}), ({'CONV': [128, 3]}, {'CONV': [256, 5]}), ({'CONV': [256, 3]}, {'CONV': [32, 3]}, {'POOLMAX': [-1, 2]}), ({'CONV': [128, 5]}, {'CONV': [64, 5]}), ({'CONV': [256, 3]}, {'CONV': [256, 5]}, {'POOLMAX': [-1, 2]}), {'GLOBAL_AVG': None}, {'LAST_DENSE': [100, 'softmax']}]",HHSE,NSGA2,,,,,0.6962285523598063,,,,1476792320,4923684,,,,,,"[14, 12, 6, 48, 46, 41, 24, 28]",0.7117519313234277,-5.251646564041757e-05,0.625,0.375,1.0,0.0,0.08,0,0,0,100,0,0.0,BEST,False,False,287,True,True,GREEDY,,,GREEDY_HV
BJBMQ[M],4,5,18,8,0.18,True,True,"[33, 44, 34, 38, 39, 48, 43, 55]",[],"[33.40269535665194, 44.089222546879625, 34.23995248791251, 38.45359496043735, 39.36688007183524, 48.16340827041712, 43.55102397423779, 55.39800376777554]","[{'INP': 32}, {'CONV': [64, 3]}, ({'CONV': [128, 3]}, {'CONV': [32, 5]}), ({'CONV': [128, 5]}, {'CONV': [128, 3]}, {'POOLMAX': [-1, 2]}), ({'CONV': [128, 3]}, {'CONV': [64, 3]}), ({'CONV': [128, 3]}, {'CONV': [256, 3]}, {'POOLMAX': [-1, 2]}), ({'CONV': [128, 3]}, {'CONV': [256, 5]}), ({'CONV': [256, 3]}, {'CONV': [32, 3]}, {'POOLMAX': [-1, 2]}), ({'CONV': [128, 5]}, {'CONV': [64, 5]}), ({'CONV': [256, 3]}, {'CONV': [256, 5]}, {'POOLMAX': [-1, 2]}), {'GLOBAL_AVG': None}, {'LAST_DENSE': [100, 'softmax']}]",HHSE,NSGA2,,,,,0.6962285523598063,,,,1476792320,4923684,,,,,,"[14, 12, 6, 48, 46, 41, 24, 28]",0.7119005908423423,-0.0026571150455766,0.625,0.375,1.0,0.0,0.08,0,1,0,100,0,0.01,BEST,False,False,287,True,True,GREEDY,,,GREEDY_HV
BJBMQ[M],4,5,19,8,0.19,True,True,"[33, 44, 34, 38, 39, 48, 43, 55]",[],"[33.40269535665194, 44.089222546879625, 34.23995248791251, 38.45359496043735, 39.36688007183524, 48.16340827041712, 43.55102397423779, 55.39800376777554]","[{'INP': 32}, {'CONV': [64, 3]}, ({'CONV': [128, 3]}, {'CONV': [32, 5]}), ({'CONV': [128, 5]}, {'CONV': [128, 3]}, {'POOLMAX': [-1, 2]}), ({'CONV': [128, 3]}, {'CONV': [64, 3]}), ({'CONV': [128, 3]}, {'CONV': [256, 3]}, {'POOLMAX': [-1, 2]}), ({'CONV': [128, 3]}, {'CONV': [256, 5]}), ({'CONV': [256, 3]}, {'CONV': [32, 3]}, {'POOLMAX': [-1, 2]}), ({'CONV': [128, 5]}, {'CONV': [64, 5]}), ({'CONV': [256, 3]}, {'CONV': [256, 5]}, {'POOLMAX': [-1, 2]}), {'GLOBAL_AVG': None}, {'LAST_DENSE': [100, 'softmax']}]",HHSE,NSGA2,,,,,0.6962285523598063,,,,1476792320,4923684,,,,,,"[14, 12, 6, 48, 46, 41, 24, 28]",0.7117940126198478,-0.0040799980399064,0.625,0.375,1.0,0.0,0.08,0,0,0,100,0,0.0,BEST,False,False,287,True,True,GREEDY,,,GREEDY_HV
BJBMQ[M],4,5,20,8,0.2,True,True,"[33, 44, 34, 38, 39, 48, 43, 55]",[],"[33.40269535665194, 44.089222546879625, 34.23995248791251, 38.45359496043735, 39.36688007183524, 48.16340827041712, 43.55102397423779, 55.39800376777554]","[{'INP': 32}, {'CONV': [64, 3]}, ({'CONV': [128, 3]}, {'CONV': [32, 5]}), ({'CONV': [128, 5]}, {'CONV': [128, 3]}, {'POOLMAX': [-1, 2]}), ({'CONV': [128, 3]}, {'CONV': [64, 3]}), ({'CONV': [128, 3]}, {'CONV': [256, 3]}, {'POOLMAX': [-1, 2]}), ({'CONV': [128, 3]}, {'CONV': [256, 5]}), ({'CONV': [256, 3]}, {'CONV': [32, 3]}, {'POOLMAX': [-1, 2]}), ({'CONV': [128, 5]}, {'CONV': [64, 5]}), ({'CONV': [256, 3]}, {'CONV': [256, 5]}, {'POOLMAX': [-1, 2]}), {'GLOBAL_AVG': None}, {'LAST_DENSE': [100, 'softmax']}]",HHSE,NSGA2,,,,,0.6962285523598063,,,,1476792320,4923684,,,,,,"[14, 12, 6, 48, 46, 41, 24, 28]",0.7118237965680538,-0.0001027057753921,0.625,0.375,1.0,0.0,0.08,0,0,0,100,0,0.0,BEST,False,False,287,True,True,GREEDY,,,GREEDY_HV
BJBMQ[M],4,5,21,8,0.21,True,True,"[33, 44, 34, 38, 39, 48, 43, 55]",[],"[33.40269535665194, 44.089222546879625, 34.23995248791251, 38.45359496043735, 39.36688007183524, 48.16340827041712, 43.55102397423779, 55.39800376777554]","[{'INP': 32}, {'CONV': [64, 3]}, ({'CONV': [128, 3]}, {'CONV': [32, 5]}), ({'CONV': [128, 5]}, {'CONV': [128, 3]}, {'POOLMAX': [-1, 2]}), ({'CONV': [128, 3]}, {'CONV': [64, 3]}), ({'CONV': [128, 3]}, {'CONV': [256, 3]}, {'POOLMAX': [-1, 2]}), ({'CONV': [128, 3]}, {'CONV': [256, 5]}), ({'CONV': [256, 3]}, {'CONV': [32, 3]}, {'POOLMAX': [-1, 2]}), ({'CONV': [128, 5]}, {'CONV': [64, 5]}), ({'CONV': [256, 3]}, {'CONV': [256, 5]}, {'POOLMAX': [-1, 2]}), {'GLOBAL_AVG': None}, {'LAST_DENSE': [100, 'softmax']}]",HHSE,NSGA2,,,,,0.6962285523598063,,,,1476792320,4923684,,,,,,"[14, 12, 6, 48, 46, 41, 24, 28]",0.7118078962620873,-0.0018515708145554,0.625,0.375,1.0,0.0,0.08,0,0,0,100,0,0.0,BEST,False,False,287,True,True,GREEDY,,,GREEDY_HV
BJBMQ[M],4,5,22,8,0.22,True,True,"[33, 44, 34, 38, 39, 48, 43, 55]",[],"[33.40269535665194, 44.089222546879625, 34.23995248791251, 38.45359496043735, 39.36688007183524, 48.16340827041712, 43.55102397423779, 55.39800376777554]","[{'INP': 32}, {'CONV': [64, 3]}, ({'CONV': [128, 3]}, {'CONV': [32, 5]}), ({'CONV': [128, 5]}, {'CONV': [128, 3]}, {'POOLMAX': [-1, 2]}), ({'CONV': [128, 3]}, {'CONV': [64, 3]}), ({'CONV': [128, 3]}, {'CONV': [256, 3]}, {'POOLMAX': [-1, 2]}), ({'CONV': [128, 3]}, {'CONV': [256, 5]}), ({'CONV': [256, 3]}, {'CONV': [32, 3]}, {'POOLMAX': [-1, 2]}), ({'CONV': [128, 5]}, {'CONV': [64, 5]}), ({'CONV': [256, 3]}, {'CONV': [256, 5]}, {'POOLMAX': [-1, 2]}), {'GLOBAL_AVG': None}, {'LAST_DENSE': [100, 'softmax']}]",HHSE,NSGA2,,,,,0.6962285523598063,,,,1476792320,4923684,,,,,,"[14, 12, 6, 48, 46, 41, 24, 28]",0.7120509595424496,-0.000101022434058,0.625,0.375,1.0,0.0,0.08,0,0,0,100,0,0.0,BEST,False,False,287,True,True,GREEDY,,,GREEDY_HV
BJBMQ[M],4,5,23,8,0.23,True,True,"[33, 44, 34, 38, 39, 48, 43, 55]",[],"[33.40269535665194, 44.089222546879625, 34.23995248791251, 38.45359496043735, 39.36688007183524, 48.16340827041712, 43.55102397423779, 55.39800376777554]","[{'INP': 32}, {'CONV': [64, 3]}, ({'CONV': [128, 3]}, {'CONV': [32, 5]}), ({'CONV': [128, 5]}, {'CONV': [128, 3]}, {'POOLMAX': [-1, 2]}), ({'CONV': [128, 3]}, {'CONV': [64, 3]}), ({'CONV': [128, 3]}, {'CONV': [256, 3]}, {'POOLMAX': [-1, 2]}), ({'CONV': [128, 3]}, {'CONV': [256, 5]}), ({'CONV': [256, 3]}, {'CONV': [32, 3]}, {'POOLMAX': [-1, 2]}), ({'CONV': [128, 5]}, {'CONV': [64, 5]}), ({'CONV': [256, 3]}, {'CONV': [256, 5]}, {'POOLMAX': [-1, 2]}), {'GLOBAL_AVG': None}, {'LAST_DENSE': [100, 'softmax']}]",HHSE,NSGA2,,,,,0.6962285523598063,,,,1476792320,4923684,,,,,,"[14, 12, 6, 48, 46, 41, 24, 28]",0.7124781878243902,-0.0033108804066073,0.625,0.375,1.0,0.0,0.08,0,0,0,100,0,0.0,BEST,False,False,287,True,True,GREEDY,,,GREEDY_HV
BJBMQ[M],4,5,24,8,0.24,True,True,"[33, 44, 34, 38, 39, 48, 43, 55]",[],"[33.40269535665194, 44.089222546879625, 34.23995248791251, 38.45359496043735, 39.36688007183524, 48.16340827041712, 43.55102397423779, 55.39800376777554]","[{'INP': 32}, {'CONV': [64, 3]}, ({'CONV': [128, 3]}, {'CONV': [32, 5]}), ({'CONV': [128, 5]}, {'CONV': [128, 3]}, {'POOLMAX': [-1, 2]}), ({'CONV': [128, 3]}, {'CONV': [64, 3]}), ({'CONV': [128, 3]}, {'CONV': [256, 3]}, {'POOLMAX': [-1, 2]}), ({'CONV': [128, 3]}, {'CONV': [256, 5]}), ({'CONV': [256, 3]}, {'CONV': [32, 3]}, {'POOLMAX': [-1, 2]}), ({'CONV': [128, 5]}, {'CONV': [64, 5]}), ({'CONV': [256, 3]}, {'CONV': [256, 5]}, {'POOLMAX': [-1, 2]}), {'GLOBAL_AVG': None}, {'LAST_DENSE': [100, 'softmax']}]",HHSE,NSGA2,,,,,0.6962285523598063,,,,1476792320,4923684,,,,,,"[14, 12, 6, 48, 46, 41, 24, 28]",0.7120745104271778,-7.530057640126042e-05,0.625,0.375,1.0,0.0,0.08,0,0,0,100,0,0.0,BEST,False,False,287,True,True,GREEDY,,,GREEDY_HV
BJBMQ[M],4,5,25,8,0.25,True,True,"[33, 44, 34, 38, 39, 48, 43, 55]",[],"[33.40269535665194, 44.089222546879625, 34.23995248791251, 38.45359496043735, 39.36688007183524, 48.16340827041712, 43.55102397423779, 55.39800376777554]","[{'INP': 32}, {'CONV': [64, 3]}, ({'CONV': [128, 3]}, {'CONV': [32, 5]}), ({'CONV': [128, 5]}, {'CONV': [128, 3]}, {'POOLMAX': [-1, 2]}), ({'CONV': [128, 3]}, {'CONV': [64, 3]}), ({'CONV': [128, 3]}, {'CONV': [256, 3]}, {'POOLMAX': [-1, 2]}), ({'CONV': [128, 3]}, {'CONV': [256, 5]}), ({'CONV': [256, 3]}, {'CONV': [32, 3]}, {'POOLMAX': [-1, 2]}), ({'CONV': [128, 5]}, {'CONV': [64, 5]}), ({'CONV': [256, 3]}, {'CONV': [256, 5]}, {'POOLMAX': [-1, 2]}), {'GLOBAL_AVG': None}, {'LAST_DENSE': [100, 'softmax']}]",HHSE,NSGA2,,,,,0.6962285523598063,,,,1476792320,4923684,,,,,,"[14, 12, 6, 48, 46, 41, 24, 28]",0.712132161624968,-0.0001536966232201,0.625,0.375,1.0,0.0,0.08,0,0,0,100,0,0.0,BEST,False,False,287,True,True,GREEDY,,,GREEDY_HV
BGFLKV[M],4,5,26,26,0.26,True,True,"[0, 23, 2, 38, 46, 15, 13, 53]",[],"[0.33144551366603514, 23.625507323454727, 2.0410078504766793, 38.69581194740011, 46.86600683427438, 15.1965027052503, 13.670571489272378, 53.6120207939508]","[{'INP': 32}, {'CONV': [64, 3]}, ({'CONV': [32, 3]}, {'CONV': [32, 3]}), ({'CONV': [64, 3]}, {'CONV': [256, 5]}, {'POOLMAX': [-1, 2]}), ({'CONV': [32, 3]}, {'CONV': [64, 3]}), ({'CONV': [128, 3]}, {'CONV': [256, 3]}, {'POOLMAX': [-1, 2]}), ({'CONV': [128, 5]}, {'CONV': [256, 3]}), ({'CONV': [32, 5]}, {'CONV': [256, 5]}, {'POOLMAX': [-1, 2]}), ({'CONV': [32, 5]}, {'CONV': [128, 5]}), ({'CONV': [256, 3]}, {'CONV': [128, 5]}, {'POOLMAX': [-1, 2]}), {'GLOBAL_AVG': None}, {'LAST_DENSE': [100, 'softmax']}]",HHSE,NSGA2,,,,,0.6999529962153057,,,,1417795584,3884708,,,,,,"[1, 4, 2, 38, 0, 22, 5, 37]",0.7121372183922919,-0.0004891323138055,0.25,0.625,0.75,0.875,0.26,0,0,0,100,0,0.0,BEST,False,False,250,True,True,GREEDY,,,GREEDY_HV
BGFLKV[M],4,5,27,26,0.27,True,True,"[0, 23, 2, 38, 46, 15, 13, 53]",[],"[0.33144551366603514, 23.625507323454727, 2.0410078504766793, 38.69581194740011, 46.86600683427438, 15.1965027052503, 13.670571489272378, 53.6120207939508]","[{'INP': 32}, {'CONV': [64, 3]}, ({'CONV': [32, 3]}, {'CONV': [32, 3]}), ({'CONV': [64, 3]}, {'CONV': [256, 5]}, {'POOLMAX': [-1, 2]}), ({'CONV': [32, 3]}, {'CONV': [64, 3]}), ({'CONV': [128, 3]}, {'CONV': [256, 3]}, {'POOLMAX': [-1, 2]}), ({'CONV': [128, 5]}, {'CONV': [256, 3]}), ({'CONV': [32, 5]}, {'CONV': [256, 5]}, {'POOLMAX': [-1, 2]}), ({'CONV': [32, 5]}, {'CONV': [128, 5]}), ({'CONV': [256, 3]}, {'CONV': [128, 5]}, {'POOLMAX': [-1, 2]}), {'GLOBAL_AVG': None}, {'LAST_DENSE': [100, 'softmax']}]",HHSE,NSGA2,,,,,0.6999529962153057,,,,1417795584,3884708,,,,,,"[1, 4, 2, 38, 0, 22, 5, 37]",0.7153801254941935,-0.0008126719453344,0.25,0.625,0.75,0.0,0.26,0,0,0,100,0,0.0,BEST,False,False,250,True,True,GREEDY,,,GREEDY_HV
BGFLKV[M],4,5,28,26,0.28,True,True,"[0, 23, 2, 38, 46, 15, 13, 53]",[],"[0.33144551366603514, 23.625507323454727, 2.0410078504766793, 38.69581194740011, 46.86600683427438, 15.1965027052503, 13.670571489272378, 53.6120207939508]","[{'INP': 32}, {'CONV': [64, 3]}, ({'CONV': [32, 3]}, {'CONV': [32, 3]}), ({'CONV': [64, 3]}, {'CONV': [256, 5]}, {'POOLMAX': [-1, 2]}), ({'CONV': [32, 3]}, {'CONV': [64, 3]}), ({'CONV': [128, 3]}, {'CONV': [256, 3]}, {'POOLMAX': [-1, 2]}), ({'CONV': [128, 5]}, {'CONV': [256, 3]}), ({'CONV': [32, 5]}, {'CONV': [256, 5]}, {'POOLMAX': [-1, 2]}), ({'CONV': [32, 5]}, {'CONV': [128, 5]}), ({'CONV': [256, 3]}, {'CONV': [128, 5]}, {'POOLMAX': [-1, 2]}), {'GLOBAL_AVG': None}, {'LAST_DENSE': [100, 'softmax']}]",HHSE,NSGA2,,,,,0.6999529962153057,,,,1417795584,3884708,,,,,,"[1, 4, 2, 38, 0, 22, 5, 37]",0.7155735185038793,-0.0012690173738583,0.25,0.625,0.75,0.0,0.26,0,0,0,100,0,0.0,BEST,False,False,250,True,True,GREEDY,,,GREEDY_HV
BGFLKV[M],4,5,29,26,0.29,True,True,"[0, 23, 2, 38, 46, 15, 13, 53]",[],"[0.33144551366603514, 23.625507323454727, 2.0410078504766793, 38.69581194740011, 46.86600683427438, 15.1965027052503, 13.670571489272378, 53.6120207939508]","[{'INP': 32}, {'CONV': [64, 3]}, ({'CONV': [32, 3]}, {'CONV': [32, 3]}), ({'CONV': [64, 3]}, {'CONV': [256, 5]}, {'POOLMAX': [-1, 2]}), ({'CONV': [32, 3]}, {'CONV': [64, 3]}), ({'CONV': [128, 3]}, {'CONV': [256, 3]}, {'POOLMAX': [-1, 2]}), ({'CONV': [128, 5]}, {'CONV': [256, 3]}), ({'CONV': [32, 5]}, {'CONV': [256, 5]}, {'POOLMAX': [-1, 2]}), ({'CONV': [32, 5]}, {'CONV': [128, 5]}), ({'CONV': [256, 3]}, {'CONV': [128, 5]}, {'POOLMAX': [-1, 2]}), {'GLOBAL_AVG': None}, {'LAST_DENSE': [100, 'softmax']}]",HHSE,NSGA2,,,,,0.6999529962153057,,,,1417795584,3884708,,,,,,"[1, 4, 2, 38, 0, 22, 5, 37]",0.7155780777421963,-2.1373426060677936e-05,0.25,0.625,0.75,0.0,0.26,0,0,0,100,0,0.0,BEST,False,False,250,True,True,GREEDY,,,GREEDY_HV
BGFLKV[M],4,5,30,26,0.3,True,True,"[0, 23, 2, 38, 46, 15, 13, 53]",[],"[0.33144551366603514, 23.625507323454727, 2.0410078504766793, 38.69581194740011, 46.86600683427438, 15.1965027052503, 13.670571489272378, 53.6120207939508]","[{'INP': 32}, {'CONV': [64, 3]}, ({'CONV': [32, 3]}, {'CONV': [32, 3]}), ({'CONV': [64, 3]}, {'CONV': [256, 5]}, {'POOLMAX': [-1, 2]}), ({'CONV': [32, 3]}, {'CONV': [64, 3]}), ({'CONV': [128, 3]}, {'CONV': [256, 3]}, {'POOLMAX': [-1, 2]}), ({'CONV': [128, 5]}, {'CONV': [256, 3]}), ({'CONV': [32, 5]}, {'CONV': [256, 5]}, {'POOLMAX': [-1, 2]}), ({'CONV': [32, 5]}, {'CONV': [128, 5]}), ({'CONV': [256, 3]}, {'CONV': [128, 5]}, {'POOLMAX': [-1, 2]}), {'GLOBAL_AVG': None}, {'LAST_DENSE': [100, 'softmax']}]",HHSE,NSGA2,,,,,0.6999529962153057,,,,1417795584,3884708,,,,,,"[1, 4, 2, 38, 0, 22, 5, 37]",0.7157058816998655,-0.0002147438392058,0.25,0.625,0.75,0.0,0.26,0,0,0,100,0,0.0,BEST,False,False,250,True,True,GREEDY,,,GREEDY_HV
BGFLKV[M],4,5,31,26,0.31,True,True,"[0, 23, 2, 38, 46, 15, 13, 53]",[],"[0.33144551366603514, 23.625507323454727, 2.0410078504766793, 38.69581194740011, 46.86600683427438, 15.1965027052503, 13.670571489272378, 53.6120207939508]","[{'INP': 32}, {'CONV': [64, 3]}, ({'CONV': [32, 3]}, {'CONV': [32, 3]}), ({'CONV': [64, 3]}, {'CONV': [256, 5]}, {'POOLMAX': [-1, 2]}), ({'CONV': [32, 3]}, {'CONV': [64, 3]}), ({'CONV': [128, 3]}, {'CONV': [256, 3]}, {'POOLMAX': [-1, 2]}), ({'CONV': [128, 5]}, {'CONV': [256, 3]}), ({'CONV': [32, 5]}, {'CONV': [256, 5]}, {'POOLMAX': [-1, 2]}), ({'CONV': [32, 5]}, {'CONV': [128, 5]}), ({'CONV': [256, 3]}, {'CONV': [128, 5]}, {'POOLMAX': [-1, 2]}), {'GLOBAL_AVG': None}, {'LAST_DENSE': [100, 'softmax']}]",HHSE,NSGA2,,,,,0.6999529962153057,,,,1417795584,3884708,,,,,,"[1, 4, 2, 38, 0, 22, 5, 37]",0.7156961757830969,-0.0028847114894896,0.25,0.625,0.75,0.0,0.26,0,0,0,100,0,0.0,BEST,False,False,250,True,True,GREEDY,,,GREEDY_HV
BGFLKV[M],4,5,32,26,0.32,True,True,"[0, 23, 2, 38, 46, 15, 13, 53]",[],"[0.33144551366603514, 23.625507323454727, 2.0410078504766793, 38.69581194740011, 46.86600683427438, 15.1965027052503, 13.670571489272378, 53.6120207939508]","[{'INP': 32}, {'CONV': [64, 3]}, ({'CONV': [32, 3]}, {'CONV': [32, 3]}), ({'CONV': [64, 3]}, {'CONV': [256, 5]}, {'POOLMAX': [-1, 2]}), ({'CONV': [32, 3]}, {'CONV': [64, 3]}), ({'CONV': [128, 3]}, {'CONV': [256, 3]}, {'POOLMAX': [-1, 2]}), ({'CONV': [128, 5]}, {'CONV': [256, 3]}), ({'CONV': [32, 5]}, {'CONV': [256, 5]}, {'POOLMAX': [-1, 2]}), ({'CONV': [32, 5]}, {'CONV': [128, 5]}), ({'CONV': [256, 3]}, {'CONV': [128, 5]}, {'POOLMAX': [-1, 2]}), {'GLOBAL_AVG': None}, {'LAST_DENSE': [100, 'softmax']}]",HHSE,NSGA2,,,,,0.6999529962153057,,,,1417795584,3884708,,,,,,"[1, 4, 2, 38, 0, 22, 5, 37]",0.715789065817011,-0.0002347272424216,0.25,0.625,0.75,0.0,0.26,0,0,0,100,0,0.0,BEST,False,False,250,True,True,GREEDY,,,GREEDY_HV
BGFLKV[M],4,5,33,26,0.33,True,True,"[0, 23, 2, 38, 46, 15, 13, 53]",[],"[0.33144551366603514, 23.625507323454727, 2.0410078504766793, 38.69581194740011, 46.86600683427438, 15.1965027052503, 13.670571489272378, 53.6120207939508]","[{'INP': 32}, {'CONV': [64, 3]}, ({'CONV': [32, 3]}, {'CONV': [32, 3]}), ({'CONV': [64, 3]}, {'CONV': [256, 5]}, {'POOLMAX': [-1, 2]}), ({'CONV': [32, 3]}, {'CONV': [64, 3]}), ({'CONV': [128, 3]}, {'CONV': [256, 3]}, {'POOLMAX': [-1, 2]}), ({'CONV': [128, 5]}, {'CONV': [256, 3]}), ({'CONV': [32, 5]}, {'CONV': [256, 5]}, {'POOLMAX': [-1, 2]}), ({'CONV': [32, 5]}, {'CONV': [128, 5]}), ({'CONV': [256, 3]}, {'CONV': [128, 5]}, {'POOLMAX': [-1, 2]}), {'GLOBAL_AVG': None}, {'LAST_DENSE': [100, 'softmax']}]",HHSE,NSGA2,,,,,0.6999529962153057,,,,1417795584,3884708,,,,,,"[1, 4, 2, 38, 0, 22, 5, 37]",0.7158378862732206,-0.0008226891065322,0.25,0.625,0.75,0.0,0.26,0,0,0,100,0,0.0,BEST,False,False,250,True,True,GREEDY,,,GREEDY_HV
BGFLKV[M],4,5,34,26,0.34,True,True,"[0, 23, 2, 38, 46, 15, 13, 53]",[],"[0.33144551366603514, 23.625507323454727, 2.0410078504766793, 38.69581194740011, 46.86600683427438, 15.1965027052503, 13.670571489272378, 53.6120207939508]","[{'INP': 32}, {'CONV': [64, 3]}, ({'CONV': [32, 3]}, {'CONV': [32, 3]}), ({'CONV': [64, 3]}, {'CONV': [256, 5]}, {'POOLMAX': [-1, 2]}), ({'CONV': [32, 3]}, {'CONV': [64, 3]}), ({'CONV': [128, 3]}, {'CONV': [256, 3]}, {'POOLMAX': [-1, 2]}), ({'CONV': [128, 5]}, {'CONV': [256, 3]}), ({'CONV': [32, 5]}, {'CONV': [256, 5]}, {'POOLMAX': [-1, 2]}), ({'CONV': [32, 5]}, {'CONV': [128, 5]}), ({'CONV': [256, 3]}, {'CONV': [128, 5]}, {'POOLMAX': [-1, 2]}), {'GLOBAL_AVG': None}, {'LAST_DENSE': [100, 'softmax']}]",HHSE,NSGA2,,,,,0.6999529962153057,,,,1417795584,3884708,,,,,,"[1, 4, 2, 38, 0, 22, 5, 37]",0.7159017223408826,-0.003265342848046,0.25,0.625,0.75,0.0,0.26,0,0,0,100,0,0.0,BEST,False,False,250,True,True,GREEDY,,,GREEDY_HV
BGFLKV[M],4,5,35,26,0.35,True,True,"[0, 23, 2, 38, 46, 15, 13, 53]",[],"[0.33144551366603514, 23.625507323454727, 2.0410078504766793, 38.69581194740011, 46.86600683427438, 15.1965027052503, 13.670571489272378, 53.6120207939508]","[{'INP': 32}, {'CONV': [64, 3]}, ({'CONV': [32, 3]}, {'CONV': [32, 3]}), ({'CONV': [64, 3]}, {'CONV': [256, 5]}, {'POOLMAX': [-1, 2]}), ({'CONV': [32, 3]}, {'CONV': [64, 3]}), ({'CONV': [128, 3]}, {'CONV': [256, 3]}, {'POOLMAX': [-1, 2]}), ({'CONV': [128, 5]}, {'CONV': [256, 3]}), ({'CONV': [32, 5]}, {'CONV': [256, 5]}, {'POOLMAX': [-1, 2]}), ({'CONV': [32, 5]}, {'CONV': [128, 5]}), ({'CONV': [256, 3]}, {'CONV': [128, 5]}, {'POOLMAX': [-1, 2]}), {'GLOBAL_AVG': None}, {'LAST_DENSE': [100, 'softmax']}]",HHSE,NSGA2,,,,,0.6999529962153057,,,,1417795584,3884708,,,,,,"[1, 4, 2, 38, 0, 22, 5, 37]",0.715955174118708,-0.0013669660655805,0.25,0.625,0.75,0.0,0.26,0,0,0,100,0,0.0,BEST,False,False,250,True,True,GREEDY,,,GREEDY_HV
BGFLKV[M],4,5,36,26,0.36,True,True,"[0, 23, 2, 38, 46, 15, 13, 53]",[],"[0.33144551366603514, 23.625507323454727, 2.0410078504766793, 38.69581194740011, 46.86600683427438, 15.1965027052503, 13.670571489272378, 53.6120207939508]","[{'INP': 32}, {'CONV': [64, 3]}, ({'CONV': [32, 3]}, {'CONV': [32, 3]}), ({'CONV': [64, 3]}, {'CONV': [256, 5]}, {'POOLMAX': [-1, 2]}), ({'CONV': [32, 3]}, {'CONV': [64, 3]}), ({'CONV': [128, 3]}, {'CONV': [256, 3]}, {'POOLMAX': [-1, 2]}), ({'CONV': [128, 5]}, {'CONV': [256, 3]}), ({'CONV': [32, 5]}, {'CONV': [256, 5]}, {'POOLMAX': [-1, 2]}), ({'CONV': [32, 5]}, {'CONV': [128, 5]}), ({'CONV': [256, 3]}, {'CONV': [128, 5]}, {'POOLMAX': [-1, 2]}), {'GLOBAL_AVG': None}, {'LAST_DENSE': [100, 'softmax']}]",HHSE,NSGA2,,,,,0.6999529962153057,,,,1417795584,3884708,,,,,,"[1, 4, 2, 38, 0, 22, 5, 37]",0.7160340938418336,7.797064083381322e-06,0.25,0.625,0.75,0.0,0.26,0,0,0,100,0,0.0,BEST,False,False,250,True,True,GREEDY,,,GREEDY_HV
BGFLKV[M],4,5,37,26,0.37,True,True,"[0, 23, 2, 38, 46, 15, 13, 53]",[],"[0.33144551366603514, 23.625507323454727, 2.0410078504766793, 38.69581194740011, 46.86600683427438, 15.1965027052503, 13.670571489272378, 53.6120207939508]","[{'INP': 32}, {'CONV': [64, 3]}, ({'CONV': [32, 3]}, {'CONV': [32, 3]}), ({'CONV': [64, 3]}, {'CONV': [256, 5]}, {'POOLMAX': [-1, 2]}), ({'CONV': [32, 3]}, {'CONV': [64, 3]}), ({'CONV': [128, 3]}, {'CONV': [256, 3]}, {'POOLMAX': [-1, 2]}), ({'CONV': [128, 5]}, {'CONV': [256, 3]}), ({'CONV': [32, 5]}, {'CONV': [256, 5]}, {'POOLMAX': [-1, 2]}), ({'CONV': [32, 5]}, {'CONV': [128, 5]}), ({'CONV': [256, 3]}, {'CONV': [128, 5]}, {'POOLMAX': [-1, 2]}), {'GLOBAL_AVG': None}, {'LAST_DENSE': [100, 'softmax']}]",HHSE,NSGA2,,,,,0.6999529962153057,,,,1417795584,3884708,,,,,,"[1, 4, 2, 38, 0, 22, 5, 37]",0.7160971703984848,-0.0003756541088713,0.25,0.625,0.75,0.0,0.26,0,0,0,100,0,0.0,BEST,False,False,250,True,True,GREEDY,,,GREEDY_HV
BGFLKV[M],4,5,38,26,0.38,True,True,"[0, 23, 2, 38, 46, 15, 13, 53]",[],"[0.33144551366603514, 23.625507323454727, 2.0410078504766793, 38.69581194740011, 46.86600683427438, 15.1965027052503, 13.670571489272378, 53.6120207939508]","[{'INP': 32}, {'CONV': [64, 3]}, ({'CONV': [32, 3]}, {'CONV': [32, 3]}), ({'CONV': [64, 3]}, {'CONV': [256, 5]}, {'POOLMAX': [-1, 2]}), ({'CONV': [32, 3]}, {'CONV': [64, 3]}), ({'CONV': [128, 3]}, {'CONV': [256, 3]}, {'POOLMAX': [-1, 2]}), ({'CONV': [128, 5]}, {'CONV': [256, 3]}), ({'CONV': [32, 5]}, {'CONV': [256, 5]}, {'POOLMAX': [-1, 2]}), ({'CONV': [32, 5]}, {'CONV': [128, 5]}), ({'CONV': [256, 3]}, {'CONV': [128, 5]}, {'POOLMAX': [-1, 2]}), {'GLOBAL_AVG': None}, {'LAST_DENSE': [100, 'softmax']}]",HHSE,NSGA2,,,,,0.6999529962153057,,,,1417795584,3884708,,,,,,"[1, 4, 2, 38, 0, 22, 5, 37]",0.7160971703984848,-0.000434221191196,0.25,0.625,0.75,0.0,0.26,0,0,0,100,0,0.0,BEST,False,False,250,True,True,GREEDY,,,GREEDY_HV
BGFLKV[M],4,5,39,26,0.39,True,True,"[0, 23, 2, 38, 46, 15, 13, 53]",[],"[0.33144551366603514, 23.625507323454727, 2.0410078504766793, 38.69581194740011, 46.86600683427438, 15.1965027052503, 13.670571489272378, 53.6120207939508]","[{'INP': 32}, {'CONV': [64, 3]}, ({'CONV': [32, 3]}, {'CONV': [32, 3]}), ({'CONV': [64, 3]}, {'CONV': [256, 5]}, {'POOLMAX': [-1, 2]}), ({'CONV': [32, 3]}, {'CONV': [64, 3]}), ({'CONV': [128, 3]}, {'CONV': [256, 3]}, {'POOLMAX': [-1, 2]}), ({'CONV': [128, 5]}, {'CONV': [256, 3]}), ({'CONV': [32, 5]}, {'CONV': [256, 5]}, {'POOLMAX': [-1, 2]}), ({'CONV': [32, 5]}, {'CONV': [128, 5]}), ({'CONV': [256, 3]}, {'CONV': [128, 5]}, {'POOLMAX': [-1, 2]}), {'GLOBAL_AVG': None}, {'LAST_DENSE': [100, 'softmax']}]",HHSE,NSGA2,,,,,0.6999529962153057,,,,1417795584,3884708,,,,,,"[1, 4, 2, 38, 0, 22, 5, 37]",0.7161213171316096,-0.0021822606494783,0.25,0.625,0.75,0.0,0.26,0,0,0,100,0,0.0,BEST,False,False,250,True,True,GREEDY,,,GREEDY_HV
BGFLKV[M],4,5,40,26,0.4,True,True,"[0, 23, 2, 38, 46, 15, 13, 53]",[],"[0.33144551366603514, 23.625507323454727, 2.0410078504766793, 38.69581194740011, 46.86600683427438, 15.1965027052503, 13.670571489272378, 53.6120207939508]","[{'INP': 32}, {'CONV': [64, 3]}, ({'CONV': [32, 3]}, {'CONV': [32, 3]}), ({'CONV': [64, 3]}, {'CONV': [256, 5]}, {'POOLMAX': [-1, 2]}), ({'CONV': [32, 3]}, {'CONV': [64, 3]}), ({'CONV': [128, 3]}, {'CONV': [256, 3]}, {'POOLMAX': [-1, 2]}), ({'CONV': [128, 5]}, {'CONV': [256, 3]}), ({'CONV': [32, 5]}, {'CONV': [256, 5]}, {'POOLMAX': [-1, 2]}), ({'CONV': [32, 5]}, {'CONV': [128, 5]}), ({'CONV': [256, 3]}, {'CONV': [128, 5]}, {'POOLMAX': [-1, 2]}), {'GLOBAL_AVG': None}, {'LAST_DENSE': [100, 'softmax']}]",HHSE,NSGA2,,,,,0.6999529962153057,,,,1417795584,3884708,,,,,,"[1, 4, 2, 38, 0, 22, 5, 37]",0.7160974683710435,-5.605455122736913e-05,0.25,0.625,0.75,0.0,0.26,0,0,0,100,0,0.0,BEST,False,False,250,True,True,GREEDY,,,GREEDY_HV
BGFLKV[M],4,5,41,26,0.41,True,True,"[0, 23, 2, 38, 46, 15, 13, 53]",[],"[0.33144551366603514, 23.625507323454727, 2.0410078504766793, 38.69581194740011, 46.86600683427438, 15.1965027052503, 13.670571489272378, 53.6120207939508]","[{'INP': 32}, {'CONV': [64, 3]}, ({'CONV': [32, 3]}, {'CONV': [32, 3]}), ({'CONV': [64, 3]}, {'CONV': [256, 5]}, {'POOLMAX': [-1, 2]}), ({'CONV': [32, 3]}, {'CONV': [64, 3]}), ({'CONV': [128, 3]}, {'CONV': [256, 3]}, {'POOLMAX': [-1, 2]}), ({'CONV': [128, 5]}, {'CONV': [256, 3]}), ({'CONV': [32, 5]}, {'CONV': [256, 5]}, {'POOLMAX': [-1, 2]}), ({'CONV': [32, 5]}, {'CONV': [128, 5]}), ({'CONV': [256, 3]}, {'CONV': [128, 5]}, {'POOLMAX': [-1, 2]}), {'GLOBAL_AVG': None}, {'LAST_DENSE': [100, 'softmax']}]",HHSE,NSGA2,,,,,0.6999529962153057,,,,1417795584,3884708,,,,,,"[1, 4, 2, 38, 0, 22, 5, 37]",0.7162627318870809,-0.0001962557530532,0.25,0.625,0.75,0.0,0.26,0,0,0,100,0,0.0,BEST,False,False,250,True,True,GREEDY,,,GREEDY_HV
BGFLKV[M],4,5,42,26,0.42,True,True,"[0, 23, 2, 38, 46, 15, 13, 53]",[],"[0.33144551366603514, 23.625507323454727, 2.0410078504766793, 38.69581194740011, 46.86600683427438, 15.1965027052503, 13.670571489272378, 53.6120207939508]","[{'INP': 32}, {'CONV': [64, 3]}, ({'CONV': [32, 3]}, {'CONV': [32, 3]}), ({'CONV': [64, 3]}, {'CONV': [256, 5]}, {'POOLMAX': [-1, 2]}), ({'CONV': [32, 3]}, {'CONV': [64, 3]}), ({'CONV': [128, 3]}, {'CONV': [256, 3]}, {'POOLMAX': [-1, 2]}), ({'CONV': [128, 5]}, {'CONV': [256, 3]}), ({'CONV': [32, 5]}, {'CONV': [256, 5]}, {'POOLMAX': [-1, 2]}), ({'CONV': [32, 5]}, {'CONV': [128, 5]}), ({'CONV': [256, 3]}, {'CONV': [128, 5]}, {'POOLMAX': [-1, 2]}), {'GLOBAL_AVG': None}, {'LAST_DENSE': [100, 'softmax']}]",HHSE,NSGA2,,,,,0.6999529962153057,,,,1417795584,3884708,,,,,,"[1, 4, 2, 38, 0, 22, 5, 37]",0.7161865043230102,-0.0001937947183561,0.25,0.625,0.75,0.0,0.26,0,0,0,100,0,0.0,BEST,False,False,250,True,True,GREEDY,,,GREEDY_HV
BGFLKV[M],4,5,43,26,0.43,True,True,"[0, 23, 2, 38, 46, 15, 13, 53]",[],"[0.33144551366603514, 23.625507323454727, 2.0410078504766793, 38.69581194740011, 46.86600683427438, 15.1965027052503, 13.670571489272378, 53.6120207939508]","[{'INP': 32}, {'CONV': [64, 3]}, ({'CONV': [32, 3]}, {'CONV': [32, 3]}), ({'CONV': [64, 3]}, {'CONV': [256, 5]}, {'POOLMAX': [-1, 2]}), ({'CONV': [32, 3]}, {'CONV': [64, 3]}), ({'CONV': [128, 3]}, {'CONV': [256, 3]}, {'POOLMAX': [-1, 2]}), ({'CONV': [128, 5]}, {'CONV': [256, 3]}), ({'CONV': [32, 5]}, {'CONV': [256, 5]}, {'POOLMAX': [-1, 2]}), ({'CONV': [32, 5]}, {'CONV': [128, 5]}), ({'CONV': [256, 3]}, {'CONV': [128, 5]}, {'POOLMAX': [-1, 2]}), {'GLOBAL_AVG': None}, {'LAST_DENSE': [100, 'softmax']}]",HHSE,NSGA2,,,,,0.6999529962153057,,,,1417795584,3884708,,,,,,"[1, 4, 2, 38, 0, 22, 5, 37]",0.7163396773462702,-0.0008860456211219,0.25,0.625,0.75,0.0,0.26,0,0,0,100,0,0.0,BEST,False,False,250,True,True,GREEDY,,,GREEDY_HV
BGFLKV[M],4,5,44,26,0.44,True,True,"[0, 23, 2, 38, 46, 15, 13, 53]",[],"[0.33144551366603514, 23.625507323454727, 2.0410078504766793, 38.69581194740011, 46.86600683427438, 15.1965027052503, 13.670571489272378, 53.6120207939508]","[{'INP': 32}, {'CONV': [64, 3]}, ({'CONV': [32, 3]}, {'CONV': [32, 3]}), ({'CONV': [64, 3]}, {'CONV': [256, 5]}, {'POOLMAX': [-1, 2]}), ({'CONV': [32, 3]}, {'CONV': [64, 3]}), ({'CONV': [128, 3]}, {'CONV': [256, 3]}, {'POOLMAX': [-1, 2]}), ({'CONV': [128, 5]}, {'CONV': [256, 3]}), ({'CONV': [32, 5]}, {'CONV': [256, 5]}, {'POOLMAX': [-1, 2]}), ({'CONV': [32, 5]}, {'CONV': [128, 5]}), ({'CONV': [256, 3]}, {'CONV': [128, 5]}, {'POOLMAX': [-1, 2]}), {'GLOBAL_AVG': None}, {'LAST_DENSE': [100, 'softmax']}]",HHSE,NSGA2,,,,,0.6999529962153057,,,,1417795584,3884708,,,,,,"[1, 4, 2, 38, 0, 22, 5, 37]",0.7163405921627245,-0.000264990966044,0.25,0.625,0.75,0.0,0.26,0,0,0,100,0,0.0,BEST,False,False,250,True,True,GREEDY,,,GREEDY_HV
BGFLKV[M],4,5,45,26,0.45,True,True,"[0, 23, 2, 38, 46, 15, 13, 53]",[],"[0.33144551366603514, 23.625507323454727, 2.0410078504766793, 38.69581194740011, 46.86600683427438, 15.1965027052503, 13.670571489272378, 53.6120207939508]","[{'INP': 32}, {'CONV': [64, 3]}, ({'CONV': [32, 3]}, {'CONV': [32, 3]}), ({'CONV': [64, 3]}, {'CONV': [256, 5]}, {'POOLMAX': [-1, 2]}), ({'CONV': [32, 3]}, {'CONV': [64, 3]}), ({'CONV': [128, 3]}, {'CONV': [256, 3]}, {'POOLMAX': [-1, 2]}), ({'CONV': [128, 5]}, {'CONV': [256, 3]}), ({'CONV': [32, 5]}, {'CONV': [256, 5]}, {'POOLMAX': [-1, 2]}), ({'CONV': [32, 5]}, {'CONV': [128, 5]}), ({'CONV': [256, 3]}, {'CONV': [128, 5]}, {'POOLMAX': [-1, 2]}), {'GLOBAL_AVG': None}, {'LAST_DENSE': [100, 'softmax']}]",HHSE,NSGA2,,,,,0.6999529962153057,,,,1417795584,3884708,,,,,,"[1, 4, 2, 38, 0, 22, 5, 37]",0.7163925930467816,-0.0002107822415415,0.25,0.625,0.75,0.0,0.26,0,0,0,100,0,0.0,BEST,False,False,250,True,True,GREEDY,,,GREEDY_HV
BGFLKV[M],4,5,46,26,0.46,True,True,"[0, 23, 2, 38, 46, 15, 13, 53]",[],"[0.33144551366603514, 23.625507323454727, 2.0410078504766793, 38.69581194740011, 46.86600683427438, 15.1965027052503, 13.670571489272378, 53.6120207939508]","[{'INP': 32}, {'CONV': [64, 3]}, ({'CONV': [32, 3]}, {'CONV': [32, 3]}), ({'CONV': [64, 3]}, {'CONV': [256, 5]}, {'POOLMAX': [-1, 2]}), ({'CONV': [32, 3]}, {'CONV': [64, 3]}), ({'CONV': [128, 3]}, {'CONV': [256, 3]}, {'POOLMAX': [-1, 2]}), ({'CONV': [128, 5]}, {'CONV': [256, 3]}), ({'CONV': [32, 5]}, {'CONV': [256, 5]}, {'POOLMAX': [-1, 2]}), ({'CONV': [32, 5]}, {'CONV': [128, 5]}), ({'CONV': [256, 3]}, {'CONV': [128, 5]}, {'POOLMAX': [-1, 2]}), {'GLOBAL_AVG': None}, {'LAST_DENSE': [100, 'softmax']}]",HHSE,NSGA2,,,,,0.6999529962153057,,,,1417795584,3884708,,,,,,"[1, 4, 2, 38, 0, 22, 5, 37]",0.7171388403780088,-0.0037346891900584,0.25,0.625,0.75,0.0,0.26,0,0,0,100,0,0.0,BEST,False,False,250,True,True,GREEDY,,,GREEDY_HV
BGFLKV[M],4,5,47,26,0.47,True,True,"[0, 23, 2, 38, 46, 15, 13, 53]",[],"[0.33144551366603514, 23.625507323454727, 2.0410078504766793, 38.69581194740011, 46.86600683427438, 15.1965027052503, 13.670571489272378, 53.6120207939508]","[{'INP': 32}, {'CONV': [64, 3]}, ({'CONV': [32, 3]}, {'CONV': [32, 3]}), ({'CONV': [64, 3]}, {'CONV': [256, 5]}, {'POOLMAX': [-1, 2]}), ({'CONV': [32, 3]}, {'CONV': [64, 3]}), ({'CONV': [128, 3]}, {'CONV': [256, 3]}, {'POOLMAX': [-1, 2]}), ({'CONV': [128, 5]}, {'CONV': [256, 3]}), ({'CONV': [32, 5]}, {'CONV': [256, 5]}, {'POOLMAX': [-1, 2]}), ({'CONV': [32, 5]}, {'CONV': [128, 5]}), ({'CONV': [256, 3]}, {'CONV': [128, 5]}, {'POOLMAX': [-1, 2]}), {'GLOBAL_AVG': None}, {'LAST_DENSE': [100, 'softmax']}]",HHSE,NSGA2,,,,,0.6999529962153057,,,,1417795584,3884708,,,,,,"[1, 4, 2, 38, 0, 22, 5, 37]",0.7171327766851849,-0.0036240577949557,0.25,0.625,0.75,0.0,0.26,0,0,0,100,0,0.0,BEST,False,False,250,True,True,GREEDY,,,GREEDY_HV
BGFLKV[M],4,5,48,26,0.48,True,True,"[0, 23, 2, 38, 46, 15, 13, 53]",[],"[0.33144551366603514, 23.625507323454727, 2.0410078504766793, 38.69581194740011, 46.86600683427438, 15.1965027052503, 13.670571489272378, 53.6120207939508]","[{'INP': 32}, {'CONV': [64, 3]}, ({'CONV': [32, 3]}, {'CONV': [32, 3]}), ({'CONV': [64, 3]}, {'CONV': [256, 5]}, {'POOLMAX': [-1, 2]}), ({'CONV': [32, 3]}, {'CONV': [64, 3]}), ({'CONV': [128, 3]}, {'CONV': [256, 3]}, {'POOLMAX': [-1, 2]}), ({'CONV': [128, 5]}, {'CONV': [256, 3]}), ({'CONV': [32, 5]}, {'CONV': [256, 5]}, {'POOLMAX': [-1, 2]}), ({'CONV': [32, 5]}, {'CONV': [128, 5]}), ({'CONV': [256, 3]}, {'CONV': [128, 5]}, {'POOLMAX': [-1, 2]}), {'GLOBAL_AVG': None}, {'LAST_DENSE': [100, 'softmax']}]",HHSE,NSGA2,,,,,0.6999529962153057,,,,1417795584,3884708,,,,,,"[1, 4, 2, 38, 0, 22, 5, 37]",0.7171358084946268,-0.0002814810859411,0.25,0.625,0.75,0.0,0.26,0,0,0,100,0,0.0,BEST,False,False,250,True,True,GREEDY,,,GREEDY_HV
BGFLKV[M],4,5,49,26,0.49,True,True,"[0, 23, 2, 38, 46, 15, 13, 53]",[],"[0.33144551366603514, 23.625507323454727, 2.0410078504766793, 38.69581194740011, 46.86600683427438, 15.1965027052503, 13.670571489272378, 53.6120207939508]","[{'INP': 32}, {'CONV': [64, 3]}, ({'CONV': [32, 3]}, {'CONV': [32, 3]}), ({'CONV': [64, 3]}, {'CONV': [256, 5]}, {'POOLMAX': [-1, 2]}), ({'CONV': [32, 3]}, {'CONV': [64, 3]}), ({'CONV': [128, 3]}, {'CONV': [256, 3]}, {'POOLMAX': [-1, 2]}), ({'CONV': [128, 5]}, {'CONV': [256, 3]}), ({'CONV': [32, 5]}, {'CONV': [256, 5]}, {'POOLMAX': [-1, 2]}), ({'CONV': [32, 5]}, {'CONV': [128, 5]}), ({'CONV': [256, 3]}, {'CONV': [128, 5]}, {'POOLMAX': [-1, 2]}), {'GLOBAL_AVG': None}, {'LAST_DENSE': [100, 'softmax']}]",HHSE,NSGA2,,,,,0.6999529962153057,,,,1417795584,3884708,,,,,,"[1, 4, 2, 38, 0, 22, 5, 37]",0.7172027046354427,-0.0034255621028933,0.25,0.625,0.75,0.0,0.26,0,0,0,100,0,0.0,BEST,False,False,250,True,True,GREEDY,,,GREEDY_HV
BGFLKV[M],4,5,50,26,0.5,True,True,"[0, 23, 2, 38, 46, 15, 13, 53]",[],"[0.33144551366603514, 23.625507323454727, 2.0410078504766793, 38.69581194740011, 46.86600683427438, 15.1965027052503, 13.670571489272378, 53.6120207939508]","[{'INP': 32}, {'CONV': [64, 3]}, ({'CONV': [32, 3]}, {'CONV': [32, 3]}), ({'CONV': [64, 3]}, {'CONV': [256, 5]}, {'POOLMAX': [-1, 2]}), ({'CONV': [32, 3]}, {'CONV': [64, 3]}), ({'CONV': [128, 3]}, {'CONV': [256, 3]}, {'POOLMAX': [-1, 2]}), ({'CONV': [128, 5]}, {'CONV': [256, 3]}), ({'CONV': [32, 5]}, {'CONV': [256, 5]}, {'POOLMAX': [-1, 2]}), ({'CONV': [32, 5]}, {'CONV': [128, 5]}), ({'CONV': [256, 3]}, {'CONV': [128, 5]}, {'POOLMAX': [-1, 2]}), {'GLOBAL_AVG': None}, {'LAST_DENSE': [100, 'softmax']}]",HHSE,NSGA2,,,,,0.6999529962153057,,,,1417795584,3884708,,,,,,"[1, 4, 2, 38, 0, 22, 5, 37]",0.7172672777160837,-0.0006449327581611,0.25,0.625,0.75,0.0,0.26,0,0,0,100,0,0.0,BEST,False,False,250,True,True,GREEDY,,,GREEDY_HV
BGFLKV[M],4,5,51,26,0.51,True,True,"[0, 23, 2, 38, 46, 15, 13, 53]",[],"[0.33144551366603514, 23.625507323454727, 2.0410078504766793, 38.69581194740011, 46.86600683427438, 15.1965027052503, 13.670571489272378, 53.6120207939508]","[{'INP': 32}, {'CONV': [64, 3]}, ({'CONV': [32, 3]}, {'CONV': [32, 3]}), ({'CONV': [64, 3]}, {'CONV': [256, 5]}, {'POOLMAX': [-1, 2]}), ({'CONV': [32, 3]}, {'CONV': [64, 3]}), ({'CONV': [128, 3]}, {'CONV': [256, 3]}, {'POOLMAX': [-1, 2]}), ({'CONV': [128, 5]}, {'CONV': [256, 3]}), ({'CONV': [32, 5]}, {'CONV': [256, 5]}, {'POOLMAX': [-1, 2]}), ({'CONV': [32, 5]}, {'CONV': [128, 5]}), ({'CONV': [256, 3]}, {'CONV': [128, 5]}, {'POOLMAX': [-1, 2]}), {'GLOBAL_AVG': None}, {'LAST_DENSE': [100, 'softmax']}]",HHSE,NSGA2,,,,,0.6999529962153057,,,,1417795584,3884708,,,,,,"[1, 4, 2, 38, 0, 22, 5, 37]",0.7174480494749537,-0.0002005801254659,0.25,0.625,0.75,0.0,0.26,0,1,0,100,0,0.01,BEST,False,False,250,True,True,GREEDY,,,GREEDY_HV
BGFLKV[M],4,5,52,26,0.52,True,True,"[0, 23, 2, 38, 46, 15, 13, 53]",[],"[0.33144551366603514, 23.625507323454727, 2.0410078504766793, 38.69581194740011, 46.86600683427438, 15.1965027052503, 13.670571489272378, 53.6120207939508]","[{'INP': 32}, {'CONV': [64, 3]}, ({'CONV': [32, 3]}, {'CONV': [32, 3]}), ({'CONV': [64, 3]}, {'CONV': [256, 5]}, {'POOLMAX': [-1, 2]}), ({'CONV': [32, 3]}, {'CONV': [64, 3]}), ({'CONV': [128, 3]}, {'CONV': [256, 3]}, {'POOLMAX': [-1, 2]}), ({'CONV': [128, 5]}, {'CONV': [256, 3]}), ({'CONV': [32, 5]}, {'CONV': [256, 5]}, {'POOLMAX': [-1, 2]}), ({'CONV': [32, 5]}, {'CONV': [128, 5]}), ({'CONV': [256, 3]}, {'CONV': [128, 5]}, {'POOLMAX': [-1, 2]}), {'GLOBAL_AVG': None}, {'LAST_DENSE': [100, 'softmax']}]",HHSE,NSGA2,,,,,0.6999529962153057,,,,1417795584,3884708,,,,,,"[1, 4, 2, 38, 0, 22, 5, 37]",0.7172751622492455,-0.0012301941399481,0.25,0.625,0.75,0.0,0.26,0,0,0,100,0,0.0,BEST,False,False,250,True,True,GREEDY,,,GREEDY_HV
BGFLKV[M],4,5,53,26,0.53,True,True,"[0, 23, 2, 38, 46, 15, 13, 53]",[],"[0.33144551366603514, 23.625507323454727, 2.0410078504766793, 38.69581194740011, 46.86600683427438, 15.1965027052503, 13.670571489272378, 53.6120207939508]","[{'INP': 32}, {'CONV': [64, 3]}, ({'CONV': [32, 3]}, {'CONV': [32, 3]}), ({'CONV': [64, 3]}, {'CONV': [256, 5]}, {'POOLMAX': [-1, 2]}), ({'CONV': [32, 3]}, {'CONV': [64, 3]}), ({'CONV': [128, 3]}, {'CONV': [256, 3]}, {'POOLMAX': [-1, 2]}), ({'CONV': [128, 5]}, {'CONV': [256, 3]}), ({'CONV': [32, 5]}, {'CONV': [256, 5]}, {'POOLMAX': [-1, 2]}), ({'CONV': [32, 5]}, {'CONV': [128, 5]}), ({'CONV': [256, 3]}, {'CONV': [128, 5]}, {'POOLMAX': [-1, 2]}), {'GLOBAL_AVG': None}, {'LAST_DENSE': [100, 'softmax']}]",HHSE,NSGA2,,,,,0.6999529962153057,,,,1417795584,3884708,,,,,,"[1, 4, 2, 38, 0, 22, 5, 37]",0.7172791783117167,-0.0002970572379236,0.25,0.625,0.75,0.0,0.26,0,0,0,100,0,0.0,BEST,False,False,250,True,True,GREEDY,,,GREEDY_HV
BGFLKV[M],4,5,54,26,0.54,True,True,"[0, 23, 2, 38, 46, 15, 13, 53]",[],"[0.33144551366603514, 23.625507323454727, 2.0410078504766793, 38.69581194740011, 46.86600683427438, 15.1965027052503, 13.670571489272378, 53.6120207939508]","[{'INP': 32}, {'CONV': [64, 3]}, ({'CONV': [32, 3]}, {'CONV': [32, 3]}), ({'CONV': [64, 3]}, {'CONV': [256, 5]}, {'POOLMAX': [-1, 2]}), ({'CONV': [32, 3]}, {'CONV': [64, 3]}), ({'CONV': [128, 3]}, {'CONV': [256, 3]}, {'POOLMAX': [-1, 2]}), ({'CONV': [128, 5]}, {'CONV': [256, 3]}), ({'CONV': [32, 5]}, {'CONV': [256, 5]}, {'POOLMAX': [-1, 2]}), ({'CONV': [32, 5]}, {'CONV': [128, 5]}), ({'CONV': [256, 3]}, {'CONV': [128, 5]}, {'POOLMAX': [-1, 2]}), {'GLOBAL_AVG': None}, {'LAST_DENSE': [100, 'softmax']}]",HHSE,NSGA2,,,,,0.6999529962153057,,,,1417795584,3884708,,,,,,"[1, 4, 2, 38, 0, 22, 5, 37]",0.7173616040796857,-0.0012567729744578,0.25,0.625,0.75,0.0,0.26,0,1,0,100,0,0.01,BEST,False,False,250,True,True,GREEDY,,,GREEDY_HV
BGFLKV[M],4,5,55,26,0.55,True,True,"[0, 23, 2, 38, 46, 15, 13, 53]",[],"[0.33144551366603514, 23.625507323454727, 2.0410078504766793, 38.69581194740011, 46.86600683427438, 15.1965027052503, 13.670571489272378, 53.6120207939508]","[{'INP': 32}, {'CONV': [64, 3]}, ({'CONV': [32, 3]}, {'CONV': [32, 3]}), ({'CONV': [64, 3]}, {'CONV': [256, 5]}, {'POOLMAX': [-1, 2]}), ({'CONV': [32, 3]}, {'CONV': [64, 3]}), ({'CONV': [128, 3]}, {'CONV': [256, 3]}, {'POOLMAX': [-1, 2]}), ({'CONV': [128, 5]}, {'CONV': [256, 3]}), ({'CONV': [32, 5]}, {'CONV': [256, 5]}, {'POOLMAX': [-1, 2]}), ({'CONV': [32, 5]}, {'CONV': [128, 5]}), ({'CONV': [256, 3]}, {'CONV': [128, 5]}, {'POOLMAX': [-1, 2]}), {'GLOBAL_AVG': None}, {'LAST_DENSE': [100, 'softmax']}]",HHSE,NSGA2,,,,,0.6999529962153057,,,,1417795584,3884708,,,,,,"[1, 4, 2, 38, 0, 22, 5, 37]",0.7173540089709453,-0.0005451772369652,0.25,0.625,0.75,0.0,0.26,0,0,0,100,0,0.0,BEST,False,False,250,True,True,GREEDY,,,GREEDY_HV
BGFLKV[M],4,5,56,26,0.56,True,True,"[0, 23, 2, 38, 46, 15, 13, 53]",[],"[0.33144551366603514, 23.625507323454727, 2.0410078504766793, 38.69581194740011, 46.86600683427438, 15.1965027052503, 13.670571489272378, 53.6120207939508]","[{'INP': 32}, {'CONV': [64, 3]}, ({'CONV': [32, 3]}, {'CONV': [32, 3]}), ({'CONV': [64, 3]}, {'CONV': [256, 5]}, {'POOLMAX': [-1, 2]}), ({'CONV': [32, 3]}, {'CONV': [64, 3]}), ({'CONV': [128, 3]}, {'CONV': [256, 3]}, {'POOLMAX': [-1, 2]}), ({'CONV': [128, 5]}, {'CONV': [256, 3]}), ({'CONV': [32, 5]}, {'CONV': [256, 5]}, {'POOLMAX': [-1, 2]}), ({'CONV': [32, 5]}, {'CONV': [128, 5]}), ({'CONV': [256, 3]}, {'CONV': [128, 5]}, {'POOLMAX': [-1, 2]}), {'GLOBAL_AVG': None}, {'LAST_DENSE': [100, 'softmax']}]",HHSE,NSGA2,,,,,0.6999529962153057,,,,1417795584,3884708,,,,,,"[1, 4, 2, 38, 0, 22, 5, 37]",0.7174081766074722,-0.0001117360512229,0.25,0.625,0.75,0.0,0.26,0,0,0,100,0,0.0,BEST,False,False,250,True,True,GREEDY,,,GREEDY_HV
BGFLKV[M],4,5,57,26,0.57,True,True,"[0, 23, 2, 38, 46, 15, 13, 53]",[],"[0.33144551366603514, 23.625507323454727, 2.0410078504766793, 38.69581194740011, 46.86600683427438, 15.1965027052503, 13.670571489272378, 53.6120207939508]","[{'INP': 32}, {'CONV': [64, 3]}, ({'CONV': [32, 3]}, {'CONV': [32, 3]}), ({'CONV': [64, 3]}, {'CONV': [256, 5]}, {'POOLMAX': [-1, 2]}), ({'CONV': [32, 3]}, {'CONV': [64, 3]}), ({'CONV': [128, 3]}, {'CONV': [256, 3]}, {'POOLMAX': [-1, 2]}), ({'CONV': [128, 5]}, {'CONV': [256, 3]}), ({'CONV': [32, 5]}, {'CONV': [256, 5]}, {'POOLMAX': [-1, 2]}), ({'CONV': [32, 5]}, {'CONV': [128, 5]}), ({'CONV': [256, 3]}, {'CONV': [128, 5]}, {'POOLMAX': [-1, 2]}), {'GLOBAL_AVG': None}, {'LAST_DENSE': [100, 'softmax']}]",HHSE,NSGA2,,,,,0.6999529962153057,,,,1417795584,3884708,,,,,,"[1, 4, 2, 38, 0, 22, 5, 37]",0.7180780448426078,-0.0006423812270144,0.25,0.625,0.75,0.0,0.26,0,0,0,100,0,0.0,BEST,False,False,250,True,True,GREEDY,,,GREEDY_HV
BGFLKV[M],4,5,58,26,0.58,True,True,"[0, 23, 2, 38, 46, 15, 13, 53]",[],"[0.33144551366603514, 23.625507323454727, 2.0410078504766793, 38.69581194740011, 46.86600683427438, 15.1965027052503, 13.670571489272378, 53.6120207939508]","[{'INP': 32}, {'CONV': [64, 3]}, ({'CONV': [32, 3]}, {'CONV': [32, 3]}), ({'CONV': [64, 3]}, {'CONV': [256, 5]}, {'POOLMAX': [-1, 2]}), ({'CONV': [32, 3]}, {'CONV': [64, 3]}), ({'CONV': [128, 3]}, {'CONV': [256, 3]}, {'POOLMAX': [-1, 2]}), ({'CONV': [128, 5]}, {'CONV': [256, 3]}), ({'CONV': [32, 5]}, {'CONV': [256, 5]}, {'POOLMAX': [-1, 2]}), ({'CONV': [32, 5]}, {'CONV': [128, 5]}), ({'CONV': [256, 3]}, {'CONV': [128, 5]}, {'POOLMAX': [-1, 2]}), {'GLOBAL_AVG': None}, {'LAST_DENSE': [100, 'softmax']}]",HHSE,NSGA2,,,,,0.6999529962153057,,,,1417795584,3884708,,,,,,"[1, 4, 2, 38, 0, 22, 5, 37]",0.7183750025719366,-0.0004932729129872,0.25,0.625,0.75,0.0,0.26,0,0,0,100,0,0.0,BEST,False,False,250,True,True,GREEDY,,,GREEDY_HV
BGFLKV[M],4,5,59,26,0.59,True,True,"[0, 23, 2, 38, 46, 15, 13, 53]",[],"[0.33144551366603514, 23.625507323454727, 2.0410078504766793, 38.69581194740011, 46.86600683427438, 15.1965027052503, 13.670571489272378, 53.6120207939508]","[{'INP': 32}, {'CONV': [64, 3]}, ({'CONV': [32, 3]}, {'CONV': [32, 3]}), ({'CONV': [64, 3]}, {'CONV': [256, 5]}, {'POOLMAX': [-1, 2]}), ({'CONV': [32, 3]}, {'CONV': [64, 3]}), ({'CONV': [128, 3]}, {'CONV': [256, 3]}, {'POOLMAX': [-1, 2]}), ({'CONV': [128, 5]}, {'CONV': [256, 3]}), ({'CONV': [32, 5]}, {'CONV': [256, 5]}, {'POOLMAX': [-1, 2]}), ({'CONV': [32, 5]}, {'CONV': [128, 5]}), ({'CONV': [256, 3]}, {'CONV': [128, 5]}, {'POOLMAX': [-1, 2]}), {'GLOBAL_AVG': None}, {'LAST_DENSE': [100, 'softmax']}]",HHSE,NSGA2,,,,,0.6999529962153057,,,,1417795584,3884708,,,,,,"[1, 4, 2, 38, 0, 22, 5, 37]",0.7184479317282396,-7.827788057201968e-05,0.25,0.625,0.75,0.0,0.26,0,1,0,100,0,0.01,BEST,False,False,250,True,True,GREEDY,,,GREEDY_HV
BGFLKV[M],4,5,60,26,0.6,True,True,"[0, 23, 2, 38, 46, 15, 13, 53]",[],"[0.33144551366603514, 23.625507323454727, 2.0410078504766793, 38.69581194740011, 46.86600683427438, 15.1965027052503, 13.670571489272378, 53.6120207939508]","[{'INP': 32}, {'CONV': [64, 3]}, ({'CONV': [32, 3]}, {'CONV': [32, 3]}), ({'CONV': [64, 3]}, {'CONV': [256, 5]}, {'POOLMAX': [-1, 2]}), ({'CONV': [32, 3]}, {'CONV': [64, 3]}), ({'CONV': [128, 3]}, {'CONV': [256, 3]}, {'POOLMAX': [-1, 2]}), ({'CONV': [128, 5]}, {'CONV': [256, 3]}), ({'CONV': [32, 5]}, {'CONV': [256, 5]}, {'POOLMAX': [-1, 2]}), ({'CONV': [32, 5]}, {'CONV': [128, 5]}), ({'CONV': [256, 3]}, {'CONV': [128, 5]}, {'POOLMAX': [-1, 2]}), {'GLOBAL_AVG': None}, {'LAST_DENSE': [100, 'softmax']}]",HHSE,NSGA2,,,,,0.6999529962153057,,,,1417795584,3884708,,,,,,"[1, 4, 2, 38, 0, 22, 5, 37]",0.7184665380358766,-0.0004480148234689,0.25,0.625,0.75,0.0,0.26,0,0,0,100,0,0.0,BEST,False,False,250,True,True,GREEDY,,,GREEDY_HV
BGFLKV[M],4,5,61,26,0.61,True,True,"[0, 23, 2, 38, 46, 15, 13, 53]",[],"[0.33144551366603514, 23.625507323454727, 2.0410078504766793, 38.69581194740011, 46.86600683427438, 15.1965027052503, 13.670571489272378, 53.6120207939508]","[{'INP': 32}, {'CONV': [64, 3]}, ({'CONV': [32, 3]}, {'CONV': [32, 3]}), ({'CONV': [64, 3]}, {'CONV': [256, 5]}, {'POOLMAX': [-1, 2]}), ({'CONV': [32, 3]}, {'CONV': [64, 3]}), ({'CONV': [128, 3]}, {'CONV': [256, 3]}, {'POOLMAX': [-1, 2]}), ({'CONV': [128, 5]}, {'CONV': [256, 3]}), ({'CONV': [32, 5]}, {'CONV': [256, 5]}, {'POOLMAX': [-1, 2]}), ({'CONV': [32, 5]}, {'CONV': [128, 5]}), ({'CONV': [256, 3]}, {'CONV': [128, 5]}, {'POOLMAX': [-1, 2]}), {'GLOBAL_AVG': None}, {'LAST_DENSE': [100, 'softmax']}]",HHSE,NSGA2,,,,,0.6999529962153057,,,,1417795584,3884708,,,,,,"[1, 4, 2, 38, 0, 22, 5, 37]",0.7185065864946367,-0.0002356613999789,0.25,0.625,0.75,0.0,0.26,0,0,0,100,0,0.0,BEST,False,False,250,True,True,GREEDY,,,GREEDY_HV
BGFLKV[M],4,5,62,26,0.62,True,True,"[0, 23, 2, 38, 46, 15, 13, 53]",[],"[0.33144551366603514, 23.625507323454727, 2.0410078504766793, 38.69581194740011, 46.86600683427438, 15.1965027052503, 13.670571489272378, 53.6120207939508]","[{'INP': 32}, {'CONV': [64, 3]}, ({'CONV': [32, 3]}, {'CONV': [32, 3]}), ({'CONV': [64, 3]}, {'CONV': [256, 5]}, {'POOLMAX': [-1, 2]}), ({'CONV': [32, 3]}, {'CONV': [64, 3]}), ({'CONV': [128, 3]}, {'CONV': [256, 3]}, {'POOLMAX': [-1, 2]}), ({'CONV': [128, 5]}, {'CONV': [256, 3]}), ({'CONV': [32, 5]}, {'CONV': [256, 5]}, {'POOLMAX': [-1, 2]}), ({'CONV': [32, 5]}, {'CONV': [128, 5]}), ({'CONV': [256, 3]}, {'CONV': [128, 5]}, {'POOLMAX': [-1, 2]}), {'GLOBAL_AVG': None}, {'LAST_DENSE': [100, 'softmax']}]",HHSE,NSGA2,,,,,0.6999529962153057,,,,1417795584,3884708,,,,,,"[1, 4, 2, 38, 0, 22, 5, 37]",0.7185652195772475,-0.0004347480405088,0.25,0.625,0.75,0.0,0.26,0,0,0,100,0,0.0,BEST,False,False,250,True,True,GREEDY,,,GREEDY_HV
BGFLKV[M],4,5,63,26,0.63,True,True,"[0, 23, 2, 38, 46, 15, 13, 53]",[],"[0.33144551366603514, 23.625507323454727, 2.0410078504766793, 38.69581194740011, 46.86600683427438, 15.1965027052503, 13.670571489272378, 53.6120207939508]","[{'INP': 32}, {'CONV': [64, 3]}, ({'CONV': [32, 3]}, {'CONV': [32, 3]}), ({'CONV': [64, 3]}, {'CONV': [256, 5]}, {'POOLMAX': [-1, 2]}), ({'CONV': [32, 3]}, {'CONV': [64, 3]}), ({'CONV': [128, 3]}, {'CONV': [256, 3]}, {'POOLMAX': [-1, 2]}), ({'CONV': [128, 5]}, {'CONV': [256, 3]}), ({'CONV': [32, 5]}, {'CONV': [256, 5]}, {'POOLMAX': [-1, 2]}), ({'CONV': [32, 5]}, {'CONV': [128, 5]}), ({'CONV': [256, 3]}, {'CONV': [128, 5]}, {'POOLMAX': [-1, 2]}), {'GLOBAL_AVG': None}, {'LAST_DENSE': [100, 'softmax']}]",HHSE,NSGA2,,,,,0.6999529962153057,,,,1417795584,3884708,,,,,,"[1, 4, 2, 38, 0, 22, 5, 37]",0.7188103170542136,0.0001570218547787,0.25,0.625,0.75,0.0,0.26,0,2,0,100,0,0.02,BEST,False,False,250,True,True,GREEDY,,,GREEDY_HV
BGFLKV[M],4,5,64,26,0.64,True,True,"[0, 23, 2, 38, 46, 15, 13, 53]",[],"[0.33144551366603514, 23.625507323454727, 2.0410078504766793, 38.69581194740011, 46.86600683427438, 15.1965027052503, 13.670571489272378, 53.6120207939508]","[{'INP': 32}, {'CONV': [64, 3]}, ({'CONV': [32, 3]}, {'CONV': [32, 3]}), ({'CONV': [64, 3]}, {'CONV': [256, 5]}, {'POOLMAX': [-1, 2]}), ({'CONV': [32, 3]}, {'CONV': [64, 3]}), ({'CONV': [128, 3]}, {'CONV': [256, 3]}, {'POOLMAX': [-1, 2]}), ({'CONV': [128, 5]}, {'CONV': [256, 3]}), ({'CONV': [32, 5]}, {'CONV': [256, 5]}, {'POOLMAX': [-1, 2]}), ({'CONV': [32, 5]}, {'CONV': [128, 5]}), ({'CONV': [256, 3]}, {'CONV': [128, 5]}, {'POOLMAX': [-1, 2]}), {'GLOBAL_AVG': None}, {'LAST_DENSE': [100, 'softmax']}]",HHSE,NSGA2,,,,,0.6999529962153057,,,,1417795584,3884708,,,,,,"[1, 4, 2, 38, 0, 22, 5, 37]",0.7185887774679366,-7.945339530224249e-05,0.25,0.625,0.75,0.0,0.26,0,0,0,100,0,0.0,BEST,False,False,250,True,True,GREEDY,,,GREEDY_HV
BGFLKV[M],4,5,65,26,0.65,True,True,"[0, 23, 2, 38, 46, 15, 13, 53]",[],"[0.33144551366603514, 23.625507323454727, 2.0410078504766793, 38.69581194740011, 46.86600683427438, 15.1965027052503, 13.670571489272378, 53.6120207939508]","[{'INP': 32}, {'CONV': [64, 3]}, ({'CONV': [32, 3]}, {'CONV': [32, 3]}), ({'CONV': [64, 3]}, {'CONV': [256, 5]}, {'POOLMAX': [-1, 2]}), ({'CONV': [32, 3]}, {'CONV': [64, 3]}), ({'CONV': [128, 3]}, {'CONV': [256, 3]}, {'POOLMAX': [-1, 2]}), ({'CONV': [128, 5]}, {'CONV': [256, 3]}), ({'CONV': [32, 5]}, {'CONV': [256, 5]}, {'POOLMAX': [-1, 2]}), ({'CONV': [32, 5]}, {'CONV': [128, 5]}), ({'CONV': [256, 3]}, {'CONV': [128, 5]}, {'POOLMAX': [-1, 2]}), {'GLOBAL_AVG': None}, {'LAST_DENSE': [100, 'softmax']}]",HHSE,NSGA2,,,,,0.6999529962153057,,,,1417795584,3884708,,,,,,"[1, 4, 2, 38, 0, 22, 5, 37]",0.7186091331312021,-0.0003689248027285,0.25,0.625,0.75,0.0,0.26,0,0,0,100,0,0.0,BEST,False,False,250,True,True,GREEDY,,,GREEDY_HV
BGFLKV[M],4,5,66,26,0.66,True,True,"[0, 23, 2, 38, 46, 15, 13, 53]",[],"[0.33144551366603514, 23.625507323454727, 2.0410078504766793, 38.69581194740011, 46.86600683427438, 15.1965027052503, 13.670571489272378, 53.6120207939508]","[{'INP': 32}, {'CONV': [64, 3]}, ({'CONV': [32, 3]}, {'CONV': [32, 3]}), ({'CONV': [64, 3]}, {'CONV': [256, 5]}, {'POOLMAX': [-1, 2]}), ({'CONV': [32, 3]}, {'CONV': [64, 3]}), ({'CONV': [128, 3]}, {'CONV': [256, 3]}, {'POOLMAX': [-1, 2]}), ({'CONV': [128, 5]}, {'CONV': [256, 3]}), ({'CONV': [32, 5]}, {'CONV': [256, 5]}, {'POOLMAX': [-1, 2]}), ({'CONV': [32, 5]}, {'CONV': [128, 5]}), ({'CONV': [256, 3]}, {'CONV': [128, 5]}, {'POOLMAX': [-1, 2]}), {'GLOBAL_AVG': None}, {'LAST_DENSE': [100, 'softmax']}]",HHSE,NSGA2,,,,,0.6999529962153057,,,,1417795584,3884708,,,,,,"[1, 4, 2, 38, 0, 22, 5, 37]",0.7186581269063287,-0.0003041020152082,0.25,0.625,0.75,0.0,0.26,0,0,0,100,0,0.0,BEST,False,False,250,True,True,GREEDY,,,GREEDY_HV
BGFLKV[M],4,5,67,26,0.67,True,True,"[0, 23, 2, 38, 46, 15, 13, 53]",[],"[0.33144551366603514, 23.625507323454727, 2.0410078504766793, 38.69581194740011, 46.86600683427438, 15.1965027052503, 13.670571489272378, 53.6120207939508]","[{'INP': 32}, {'CONV': [64, 3]}, ({'CONV': [32, 3]}, {'CONV': [32, 3]}), ({'CONV': [64, 3]}, {'CONV': [256, 5]}, {'POOLMAX': [-1, 2]}), ({'CONV': [32, 3]}, {'CONV': [64, 3]}), ({'CONV': [128, 3]}, {'CONV': [256, 3]}, {'POOLMAX': [-1, 2]}), ({'CONV': [128, 5]}, {'CONV': [256, 3]}), ({'CONV': [32, 5]}, {'CONV': [256, 5]}, {'POOLMAX': [-1, 2]}), ({'CONV': [32, 5]}, {'CONV': [128, 5]}), ({'CONV': [256, 3]}, {'CONV': [128, 5]}, {'POOLMAX': [-1, 2]}), {'GLOBAL_AVG': None}, {'LAST_DENSE': [100, 'softmax']}]",HHSE,NSGA2,,,,,0.6999529962153057,,,,1417795584,3884708,,,,,,"[1, 4, 2, 38, 0, 22, 5, 37]",0.7186422542189418,-0.0003266679464951,0.25,0.625,0.75,0.0,0.26,0,0,0,100,0,0.0,BEST,False,False,250,True,True,GREEDY,,,GREEDY_HV
BGFLKV[M],4,5,68,26,0.68,True,True,"[0, 23, 2, 38, 46, 15, 13, 53]",[],"[0.33144551366603514, 23.625507323454727, 2.0410078504766793, 38.69581194740011, 46.86600683427438, 15.1965027052503, 13.670571489272378, 53.6120207939508]","[{'INP': 32}, {'CONV': [64, 3]}, ({'CONV': [32, 3]}, {'CONV': [32, 3]}), ({'CONV': [64, 3]}, {'CONV': [256, 5]}, {'POOLMAX': [-1, 2]}), ({'CONV': [32, 3]}, {'CONV': [64, 3]}), ({'CONV': [128, 3]}, {'CONV': [256, 3]}, {'POOLMAX': [-1, 2]}), ({'CONV': [128, 5]}, {'CONV': [256, 3]}), ({'CONV': [32, 5]}, {'CONV': [256, 5]}, {'POOLMAX': [-1, 2]}), ({'CONV': [32, 5]}, {'CONV': [128, 5]}), ({'CONV': [256, 3]}, {'CONV': [128, 5]}, {'POOLMAX': [-1, 2]}), {'GLOBAL_AVG': None}, {'LAST_DENSE': [100, 'softmax']}]",HHSE,NSGA2,,,,,0.6999529962153057,,,,1417795584,3884708,,,,,,"[1, 4, 2, 38, 0, 22, 5, 37]",0.7186427368592518,-0.0004414268943671,0.25,0.625,0.75,0.0,0.26,0,0,0,100,0,0.0,BEST,False,False,250,True,True,GREEDY,,,GREEDY_HV
BGFLKV[M],4,5,69,26,0.69,True,True,"[0, 23, 2, 38, 46, 15, 13, 53]",[],"[0.33144551366603514, 23.625507323454727, 2.0410078504766793, 38.69581194740011, 46.86600683427438, 15.1965027052503, 13.670571489272378, 53.6120207939508]","[{'INP': 32}, {'CONV': [64, 3]}, ({'CONV': [32, 3]}, {'CONV': [32, 3]}), ({'CONV': [64, 3]}, {'CONV': [256, 5]}, {'POOLMAX': [-1, 2]}), ({'CONV': [32, 3]}, {'CONV': [64, 3]}), ({'CONV': [128, 3]}, {'CONV': [256, 3]}, {'POOLMAX': [-1, 2]}), ({'CONV': [128, 5]}, {'CONV': [256, 3]}), ({'CONV': [32, 5]}, {'CONV': [256, 5]}, {'POOLMAX': [-1, 2]}), ({'CONV': [32, 5]}, {'CONV': [128, 5]}), ({'CONV': [256, 3]}, {'CONV': [128, 5]}, {'POOLMAX': [-1, 2]}), {'GLOBAL_AVG': None}, {'LAST_DENSE': [100, 'softmax']}]",HHSE,NSGA2,,,,,0.6999529962153057,,,,1417795584,3884708,,,,,,"[1, 4, 2, 38, 0, 22, 5, 37]",0.7186483747305581,-0.0001513920553666,0.25,0.625,0.75,0.0,0.26,0,0,0,100,0,0.0,BEST,False,False,250,True,True,GREEDY,,,GREEDY_HV
BGFLKV[M],4,5,70,26,0.7,True,True,"[0, 23, 2, 38, 46, 15, 13, 53]",[],"[0.33144551366603514, 23.625507323454727, 2.0410078504766793, 38.69581194740011, 46.86600683427438, 15.1965027052503, 13.670571489272378, 53.6120207939508]","[{'INP': 32}, {'CONV': [64, 3]}, ({'CONV': [32, 3]}, {'CONV': [32, 3]}), ({'CONV': [64, 3]}, {'CONV': [256, 5]}, {'POOLMAX': [-1, 2]}), ({'CONV': [32, 3]}, {'CONV': [64, 3]}), ({'CONV': [128, 3]}, {'CONV': [256, 3]}, {'POOLMAX': [-1, 2]}), ({'CONV': [128, 5]}, {'CONV': [256, 3]}), ({'CONV': [32, 5]}, {'CONV': [256, 5]}, {'POOLMAX': [-1, 2]}), ({'CONV': [32, 5]}, {'CONV': [128, 5]}), ({'CONV': [256, 3]}, {'CONV': [128, 5]}, {'POOLMAX': [-1, 2]}), {'GLOBAL_AVG': None}, {'LAST_DENSE': [100, 'softmax']}]",HHSE,NSGA2,,,,,0.6999529962153057,,,,1417795584,3884708,,,,,,"[1, 4, 2, 38, 0, 22, 5, 37]",0.7187101115151544,-0.000135996969875,0.25,0.625,0.75,0.0,0.26,0,0,0,100,0,0.0,BEST,False,False,250,True,True,GREEDY,,,GREEDY_HV
BGFLKV[M],4,5,71,26,0.71,True,True,"[0, 23, 2, 38, 46, 15, 13, 53]",[],"[0.33144551366603514, 23.625507323454727, 2.0410078504766793, 38.69581194740011, 46.86600683427438, 15.1965027052503, 13.670571489272378, 53.6120207939508]","[{'INP': 32}, {'CONV': [64, 3]}, ({'CONV': [32, 3]}, {'CONV': [32, 3]}), ({'CONV': [64, 3]}, {'CONV': [256, 5]}, {'POOLMAX': [-1, 2]}), ({'CONV': [32, 3]}, {'CONV': [64, 3]}), ({'CONV': [128, 3]}, {'CONV': [256, 3]}, {'POOLMAX': [-1, 2]}), ({'CONV': [128, 5]}, {'CONV': [256, 3]}), ({'CONV': [32, 5]}, {'CONV': [256, 5]}, {'POOLMAX': [-1, 2]}), ({'CONV': [32, 5]}, {'CONV': [128, 5]}), ({'CONV': [256, 3]}, {'CONV': [128, 5]}, {'POOLMAX': [-1, 2]}), {'GLOBAL_AVG': None}, {'LAST_DENSE': [100, 'softmax']}]",HHSE,NSGA2,,,,,0.6999529962153057,,,,1417795584,3884708,,,,,,"[1, 4, 2, 38, 0, 22, 5, 37]",0.7187509393958917,-0.0002159631273161,0.25,0.625,0.75,0.0,0.26,0,0,0,100,0,0.0,BEST,False,False,250,True,True,GREEDY,,,GREEDY_HV
BGFLKV[M],4,5,72,26,0.72,True,True,"[0, 23, 2, 38, 46, 15, 13, 53]",[],"[0.33144551366603514, 23.625507323454727, 2.0410078504766793, 38.69581194740011, 46.86600683427438, 15.1965027052503, 13.670571489272378, 53.6120207939508]","[{'INP': 32}, {'CONV': [64, 3]}, ({'CONV': [32, 3]}, {'CONV': [32, 3]}), ({'CONV': [64, 3]}, {'CONV': [256, 5]}, {'POOLMAX': [-1, 2]}), ({'CONV': [32, 3]}, {'CONV': [64, 3]}), ({'CONV': [128, 3]}, {'CONV': [256, 3]}, {'POOLMAX': [-1, 2]}), ({'CONV': [128, 5]}, {'CONV': [256, 3]}), ({'CONV': [32, 5]}, {'CONV': [256, 5]}, {'POOLMAX': [-1, 2]}), ({'CONV': [32, 5]}, {'CONV': [128, 5]}), ({'CONV': [256, 3]}, {'CONV': [128, 5]}, {'POOLMAX': [-1, 2]}), {'GLOBAL_AVG': None}, {'LAST_DENSE': [100, 'softmax']}]",HHSE,NSGA2,,,,,0.6999529962153057,,,,1417795584,3884708,,,,,,"[1, 4, 2, 38, 0, 22, 5, 37]",0.7187719568444297,-0.000993015859953,0.25,0.625,0.75,0.0,0.26,0,0,0,100,0,0.0,BEST,False,False,250,True,True,GREEDY,,,GREEDY_HV
BDJCVF[M],4,5,73,73,0.73,True,True,"[6, 5, 22, 23, 55, 19, 15, 55]",[],"[6.959044973406153, 5.470671345249622, 22.973164335595797, 23.81597021532292, 55.619673076987944, 19.568360675023413, 15.707463168129575, 55.868004222944144]","[{'INP': 32}, {'CONV': [64, 3]}, ({'CONV': [32, 3]}, {'CONV': [256, 3]}), ({'CONV': [32, 3]}, {'CONV': [128, 5]}, {'POOLMAX': [-1, 2]}), ({'CONV': [64, 3]}, {'CONV': [256, 3]}), ({'CONV': [64, 3]}, {'CONV': [256, 5]}, {'POOLMAX': [-1, 2]}), ({'CONV': [256, 3]}, {'CONV': [256, 5]}), ({'CONV': [64, 3]}, {'CONV': [64, 5]}, {'POOLMAX': [-1, 2]}), ({'CONV': [32, 5]}, {'CONV': [256, 5]}), ({'CONV': [256, 3]}, {'CONV': [256, 5]}, {'POOLMAX': [-1, 2]}), {'GLOBAL_AVG': None}, {'LAST_DENSE': [100, 'softmax']}]",HHSE,NSGA2,,,,,0.703239725521308,,,,1352721920,6046628,,,,,,"[4, 5, 13, 21, 54, 6, 12, 55]",0.7187754987428194,-0.000469932829704,0.375,0.5,0.75,1.0,0.73,0,0,0,100,0,0.0,BEST,False,False,218,True,True,GREEDY,,,GREEDY_HV
BDJCVF[M],4,5,74,73,0.74,True,True,"[6, 5, 22, 23, 55, 19, 15, 55]",[],"[6.959044973406153, 5.470671345249622, 22.973164335595797, 23.81597021532292, 55.619673076987944, 19.568360675023413, 15.707463168129575, 55.868004222944144]","[{'INP': 32}, {'CONV': [64, 3]}, ({'CONV': [32, 3]}, {'CONV': [256, 3]}), ({'CONV': [32, 3]}, {'CONV': [128, 5]}, {'POOLMAX': [-1, 2]}), ({'CONV': [64, 3]}, {'CONV': [256, 3]}), ({'CONV': [64, 3]}, {'CONV': [256, 5]}, {'POOLMAX': [-1, 2]}), ({'CONV': [256, 3]}, {'CONV': [256, 5]}), ({'CONV': [64, 3]}, {'CONV': [64, 5]}, {'POOLMAX': [-1, 2]}), ({'CONV': [32, 5]}, {'CONV': [256, 5]}), ({'CONV': [256, 3]}, {'CONV': [256, 5]}, {'POOLMAX': [-1, 2]}), {'GLOBAL_AVG': None}, {'LAST_DENSE': [100, 'softmax']}]",HHSE,NSGA2,,,,,0.703239725521308,,,,1352721920,6046628,,,,,,"[4, 5, 13, 21, 54, 6, 12, 55]",0.7211644571375461,-0.0032118073507206,0.375,0.5,0.75,0.0,0.73,0,0,0,100,0,0.0,BEST,False,False,218,True,True,GREEDY,,,GREEDY_HV
BDJCVF[M],4,5,75,73,0.75,True,True,"[6, 5, 22, 23, 55, 19, 15, 55]",[],"[6.959044973406153, 5.470671345249622, 22.973164335595797, 23.81597021532292, 55.619673076987944, 19.568360675023413, 15.707463168129575, 55.868004222944144]","[{'INP': 32}, {'CONV': [64, 3]}, ({'CONV': [32, 3]}, {'CONV': [256, 3]}), ({'CONV': [32, 3]}, {'CONV': [128, 5]}, {'POOLMAX': [-1, 2]}), ({'CONV': [64, 3]}, {'CONV': [256, 3]}), ({'CONV': [64, 3]}, {'CONV': [256, 5]}, {'POOLMAX': [-1, 2]}), ({'CONV': [256, 3]}, {'CONV': [256, 5]}), ({'CONV': [64, 3]}, {'CONV': [64, 5]}, {'POOLMAX': [-1, 2]}), ({'CONV': [32, 5]}, {'CONV': [256, 5]}), ({'CONV': [256, 3]}, {'CONV': [256, 5]}, {'POOLMAX': [-1, 2]}), {'GLOBAL_AVG': None}, {'LAST_DENSE': [100, 'softmax']}]",HHSE,NSGA2,,,,,0.703239725521308,,,,1352721920,6046628,,,,,,"[4, 5, 13, 21, 54, 6, 12, 55]",0.7211705128590624,-9.101289792834422e-05,0.375,0.5,0.75,0.0,0.73,0,0,0,100,0,0.0,BEST,False,False,218,True,True,GREEDY,,,GREEDY_HV
BDJCVF[M],4,5,76,73,0.76,True,True,"[6, 5, 22, 23, 55, 19, 15, 55]",[],"[6.959044973406153, 5.470671345249622, 22.973164335595797, 23.81597021532292, 55.619673076987944, 19.568360675023413, 15.707463168129575, 55.868004222944144]","[{'INP': 32}, {'CONV': [64, 3]}, ({'CONV': [32, 3]}, {'CONV': [256, 3]}), ({'CONV': [32, 3]}, {'CONV': [128, 5]}, {'POOLMAX': [-1, 2]}), ({'CONV': [64, 3]}, {'CONV': [256, 3]}), ({'CONV': [64, 3]}, {'CONV': [256, 5]}, {'POOLMAX': [-1, 2]}), ({'CONV': [256, 3]}, {'CONV': [256, 5]}), ({'CONV': [64, 3]}, {'CONV': [64, 5]}, {'POOLMAX': [-1, 2]}), ({'CONV': [32, 5]}, {'CONV': [256, 5]}), ({'CONV': [256, 3]}, {'CONV': [256, 5]}, {'POOLMAX': [-1, 2]}), {'GLOBAL_AVG': None}, {'LAST_DENSE': [100, 'softmax']}]",HHSE,NSGA2,,,,,0.703239725521308,,,,1352721920,6046628,,,,,,"[4, 5, 13, 21, 54, 6, 12, 55]",0.7211747566324243,-0.000652920637899,0.375,0.5,0.75,0.0,0.73,0,0,0,100,0,0.0,BEST,False,False,218,True,True,GREEDY,,,GREEDY_HV
BDJCVF[M],4,5,77,73,0.77,True,True,"[6, 5, 22, 23, 55, 19, 15, 55]",[],"[6.959044973406153, 5.470671345249622, 22.973164335595797, 23.81597021532292, 55.619673076987944, 19.568360675023413, 15.707463168129575, 55.868004222944144]","[{'INP': 32}, {'CONV': [64, 3]}, ({'CONV': [32, 3]}, {'CONV': [256, 3]}), ({'CONV': [32, 3]}, {'CONV': [128, 5]}, {'POOLMAX': [-1, 2]}), ({'CONV': [64, 3]}, {'CONV': [256, 3]}), ({'CONV': [64, 3]}, {'CONV': [256, 5]}, {'POOLMAX': [-1, 2]}), ({'CONV': [256, 3]}, {'CONV': [256, 5]}), ({'CONV': [64, 3]}, {'CONV': [64, 5]}, {'POOLMAX': [-1, 2]}), ({'CONV': [32, 5]}, {'CONV': [256, 5]}), ({'CONV': [256, 3]}, {'CONV': [256, 5]}, {'POOLMAX': [-1, 2]}), {'GLOBAL_AVG': None}, {'LAST_DENSE': [100, 'softmax']}]",HHSE,NSGA2,,,,,0.703239725521308,,,,1352721920,6046628,,,,,,"[4, 5, 13, 21, 54, 6, 12, 55]",0.7213409324453247,-0.0003306666425914,0.375,0.5,0.75,0.0,0.73,0,0,0,100,0,0.0,BEST,False,False,218,True,True,GREEDY,,,GREEDY_HV
BDJCVF[M],4,5,78,73,0.78,True,True,"[6, 5, 22, 23, 55, 19, 15, 55]",[],"[6.959044973406153, 5.470671345249622, 22.973164335595797, 23.81597021532292, 55.619673076987944, 19.568360675023413, 15.707463168129575, 55.868004222944144]","[{'INP': 32}, {'CONV': [64, 3]}, ({'CONV': [32, 3]}, {'CONV': [256, 3]}), ({'CONV': [32, 3]}, {'CONV': [128, 5]}, {'POOLMAX': [-1, 2]}), ({'CONV': [64, 3]}, {'CONV': [256, 3]}), ({'CONV': [64, 3]}, {'CONV': [256, 5]}, {'POOLMAX': [-1, 2]}), ({'CONV': [256, 3]}, {'CONV': [256, 5]}), ({'CONV': [64, 3]}, {'CONV': [64, 5]}, {'POOLMAX': [-1, 2]}), ({'CONV': [32, 5]}, {'CONV': [256, 5]}), ({'CONV': [256, 3]}, {'CONV': [256, 5]}, {'POOLMAX': [-1, 2]}), {'GLOBAL_AVG': None}, {'LAST_DENSE': [100, 'softmax']}]",HHSE,NSGA2,,,,,0.703239725521308,,,,1352721920,6046628,,,,,,"[4, 5, 13, 21, 54, 6, 12, 55]",0.7213791527199438,-0.0013237831147253,0.375,0.5,0.75,0.0,0.73,0,1,0,100,0,0.01,BEST,False,False,218,True,True,GREEDY,,,GREEDY_HV
BDJCVF[M],4,5,79,73,0.79,True,True,"[6, 5, 22, 23, 55, 19, 15, 55]",[],"[6.959044973406153, 5.470671345249622, 22.973164335595797, 23.81597021532292, 55.619673076987944, 19.568360675023413, 15.707463168129575, 55.868004222944144]","[{'INP': 32}, {'CONV': [64, 3]}, ({'CONV': [32, 3]}, {'CONV': [256, 3]}), ({'CONV': [32, 3]}, {'CONV': [128, 5]}, {'POOLMAX': [-1, 2]}), ({'CONV': [64, 3]}, {'CONV': [256, 3]}), ({'CONV': [64, 3]}, {'CONV': [256, 5]}, {'POOLMAX': [-1, 2]}), ({'CONV': [256, 3]}, {'CONV': [256, 5]}), ({'CONV': [64, 3]}, {'CONV': [64, 5]}, {'POOLMAX': [-1, 2]}), ({'CONV': [32, 5]}, {'CONV': [256, 5]}), ({'CONV': [256, 3]}, {'CONV': [256, 5]}, {'POOLMAX': [-1, 2]}), {'GLOBAL_AVG': None}, {'LAST_DENSE': [100, 'softmax']}]",HHSE,NSGA2,,,,,0.703239725521308,,,,1352721920,6046628,,,,,,"[4, 5, 13, 21, 54, 6, 12, 55]",0.7213128109287336,-0.0001887714706699,0.375,0.5,0.75,0.0,0.73,0,1,0,100,0,0.01,BEST,False,False,218,True,True,GREEDY,,,GREEDY_HV
BDJCVF[M],4,5,80,73,0.8,True,True,"[6, 5, 22, 23, 55, 19, 15, 55]",[],"[6.959044973406153, 5.470671345249622, 22.973164335595797, 23.81597021532292, 55.619673076987944, 19.568360675023413, 15.707463168129575, 55.868004222944144]","[{'INP': 32}, {'CONV': [64, 3]}, ({'CONV': [32, 3]}, {'CONV': [256, 3]}), ({'CONV': [32, 3]}, {'CONV': [128, 5]}, {'POOLMAX': [-1, 2]}), ({'CONV': [64, 3]}, {'CONV': [256, 3]}), ({'CONV': [64, 3]}, {'CONV': [256, 5]}, {'POOLMAX': [-1, 2]}), ({'CONV': [256, 3]}, {'CONV': [256, 5]}), ({'CONV': [64, 3]}, {'CONV': [64, 5]}, {'POOLMAX': [-1, 2]}), ({'CONV': [32, 5]}, {'CONV': [256, 5]}), ({'CONV': [256, 3]}, {'CONV': [256, 5]}, {'POOLMAX': [-1, 2]}), {'GLOBAL_AVG': None}, {'LAST_DENSE': [100, 'softmax']}]",HHSE,NSGA2,,,,,0.703239725521308,,,,1352721920,6046628,,,,,,"[4, 5, 13, 21, 54, 6, 12, 55]",0.721475595551971,-0.0003900676766858,0.375,0.5,0.75,0.0,0.73,0,0,0,100,0,0.0,BEST,False,False,218,True,True,GREEDY,,,GREEDY_HV
BDJCVF[M],4,5,81,73,0.81,True,True,"[6, 5, 22, 23, 55, 19, 15, 55]",[],"[6.959044973406153, 5.470671345249622, 22.973164335595797, 23.81597021532292, 55.619673076987944, 19.568360675023413, 15.707463168129575, 55.868004222944144]","[{'INP': 32}, {'CONV': [64, 3]}, ({'CONV': [32, 3]}, {'CONV': [256, 3]}), ({'CONV': [32, 3]}, {'CONV': [128, 5]}, {'POOLMAX': [-1, 2]}), ({'CONV': [64, 3]}, {'CONV': [256, 3]}), ({'CONV': [64, 3]}, {'CONV': [256, 5]}, {'POOLMAX': [-1, 2]}), ({'CONV': [256, 3]}, {'CONV': [256, 5]}), ({'CONV': [64, 3]}, {'CONV': [64, 5]}, {'POOLMAX': [-1, 2]}), ({'CONV': [32, 5]}, {'CONV': [256, 5]}), ({'CONV': [256, 3]}, {'CONV': [256, 5]}, {'POOLMAX': [-1, 2]}), {'GLOBAL_AVG': None}, {'LAST_DENSE': [100, 'softmax']}]",HHSE,NSGA2,,,,,0.703239725521308,,,,1352721920,6046628,,,,,,"[4, 5, 13, 21, 54, 6, 12, 55]",0.7218083805390088,-0.0001307315889692,0.375,0.5,0.75,0.0,0.73,0,2,0,100,0,0.02,BEST,False,False,218,True,True,GREEDY,,,GREEDY_HV
BJHAHJ[M][M][M][M][M],4,5,82,82,0.82,True,True,"[3, 18, 18, 22, 46, 6, 12, 39]",[],"[3.985651545355764, 18.835187690012496, 18.7485318143666, 22.587934555229825, 46.23648608160928, 6.78854469004296, 12.094443434554531, 39.12597576884749]","[{'INP': 32}, {'CONV': [64, 3]}, ({'CONV': [32, 3]}, {'CONV': [64, 5]}), ({'CONV': [64, 3]}, {'CONV': [64, 3]}, {'POOLMAX': [-1, 2]}), ({'CONV': [64, 3]}, {'CONV': [64, 3]}), ({'CONV': [64, 3]}, {'CONV': [256, 3]}, {'POOLMAX': [-1, 2]}), ({'CONV': [128, 5]}, {'CONV': [256, 3]}), ({'CONV': [32, 3]}, {'CONV': [256, 3]}, {'POOLMAX': [-1, 2]}), ({'CONV': [32, 5]}, {'CONV': [128, 3]}), ({'CONV': [128, 3]}, {'CONV': [256, 5]}, {'POOLMAX': [-1, 2]}), {'GLOBAL_AVG': None}, {'LAST_DENSE': [100, 'softmax']}]",HHSE,NSGA2,,,,,0.7037098324499963,,,,632372736,2906532,,,,,,"[4, 18, 18, 22, 46, 6, 11, 38]",0.7247374704228591,0.00191164624672,0.0,0.0,0.375,1.0,0.82,0,0,0,100,0,0.0,BEST,False,False,214,True,True,GREEDY,,,GREEDY_HV
BJHAHJ[M][M][M][M][M][M],4,5,83,83,0.83,True,True,"[3, 19, 18, 22, 46, 6, 12, 39]",[],"[3.9718762989170586, 19.09243736304988, 18.418219143542533, 22.220504693516776, 46.31622782107909, 6.665623252802483, 12.030625080160299, 39.57504034503054]","[{'INP': 32}, {'CONV': [64, 3]}, ({'CONV': [32, 3]}, {'CONV': [64, 5]}), ({'CONV': [64, 3]}, {'CONV': [64, 5]}, {'POOLMAX': [-1, 2]}), ({'CONV': [64, 3]}, {'CONV': [64, 3]}), ({'CONV': [64, 3]}, {'CONV': [256, 3]}, {'POOLMAX': [-1, 2]}), ({'CONV': [128, 5]}, {'CONV': [256, 3]}), ({'CONV': [32, 3]}, {'CONV': [256, 3]}, {'POOLMAX': [-1, 2]}), ({'CONV': [32, 5]}, {'CONV': [128, 3]}), ({'CONV': [128, 3]}, {'CONV': [256, 5]}, {'POOLMAX': [-1, 2]}), {'GLOBAL_AVG': None}, {'LAST_DENSE': [100, 'softmax']}]",HHSE,NSGA2,,,,,0.7040013419166287,,,,766590464,2972068,,,,,,"[3, 18, 18, 22, 46, 6, 12, 39]",0.7225920746897183,-1.065446030856787e-05,0.0,0.0,0.125,0.125,0.83,0,1,0,100,0,0.01,BEST,False,False,209,True,True,GREEDY,,,GREEDY_HV
BJHAHJ[M][M][M][M][M][M],4,5,84,83,0.84,True,True,"[3, 19, 18, 22, 46, 6, 12, 39]",[],"[3.9718762989170586, 19.09243736304988, 18.418219143542533, 22.220504693516776, 46.31622782107909, 6.665623252802483, 12.030625080160299, 39.57504034503054]","[{'INP': 32}, {'CONV': [64, 3]}, ({'CONV': [32, 3]}, {'CONV': [64, 5]}), ({'CONV': [64, 3]}, {'CONV': [64, 5]}, {'POOLMAX': [-1, 2]}), ({'CONV': [64, 3]}, {'CONV': [64, 3]}), ({'CONV': [64, 3]}, {'CONV': [256, 3]}, {'POOLMAX': [-1, 2]}), ({'CONV': [128, 5]}, {'CONV': [256, 3]}), ({'CONV': [32, 3]}, {'CONV': [256, 3]}, {'POOLMAX': [-1, 2]}), ({'CONV': [32, 5]}, {'CONV': [128, 3]}), ({'CONV': [128, 3]}, {'CONV': [256, 5]}, {'POOLMAX': [-1, 2]}), {'GLOBAL_AVG': None}, {'LAST_DENSE': [100, 'softmax']}]",HHSE,NSGA2,,,,,0.7040013419166287,,,,766590464,2972068,,,,,,"[3, 18, 18, 22, 46, 6, 12, 39]",0.7235285376910503,-9.32799143674723e-05,0.0,0.0,0.125,0.0,0.83,0,1,0,100,0,0.01,BEST,False,False,209,True,True,GREEDY,,,GREEDY_HV
BJHAHJ[M][M][M][M][M][M],4,5,85,83,0.85,True,True,"[3, 19, 18, 22, 46, 6, 12, 39]",[],"[3.9718762989170586, 19.09243736304988, 18.418219143542533, 22.220504693516776, 46.31622782107909, 6.665623252802483, 12.030625080160299, 39.57504034503054]","[{'INP': 32}, {'CONV': [64, 3]}, ({'CONV': [32, 3]}, {'CONV': [64, 5]}), ({'CONV': [64, 3]}, {'CONV': [64, 5]}, {'POOLMAX': [-1, 2]}), ({'CONV': [64, 3]}, {'CONV': [64, 3]}), ({'CONV': [64, 3]}, {'CONV': [256, 3]}, {'POOLMAX': [-1, 2]}), ({'CONV': [128, 5]}, {'CONV': [256, 3]}), ({'CONV': [32, 3]}, {'CONV': [256, 3]}, {'POOLMAX': [-1, 2]}), ({'CONV': [32, 5]}, {'CONV': [128, 3]}), ({'CONV': [128, 3]}, {'CONV': [256, 5]}, {'POOLMAX': [-1, 2]}), {'GLOBAL_AVG': None}, {'LAST_DENSE': [100, 'softmax']}]",HHSE,NSGA2,,,,,0.7040013419166287,,,,766590464,2972068,,,,,,"[3, 18, 18, 22, 46, 6, 12, 39]",0.723997095000501,0.0004415203054121,0.0,0.0,0.125,0.0,0.83,0,1,0,100,0,0.01,BEST,False,False,209,True,True,GREEDY,,,GREEDY_HV
BDJCVF[M][M],4,5,86,86,0.86,True,True,"[6, 6, 23, 23, 55, 20, 15, 55]",[],"[6.906956024510305, 6.720080907112687, 23.804713681405097, 23.623380432696813, 55.70445470476729, 20.70240121533643, 15.711533608026427, 55.89169765426496]","[{'INP': 32}, {'CONV': [64, 3]}, ({'CONV': [32, 3]}, {'CONV': [256, 3]}), ({'CONV': [32, 3]}, {'CONV': [256, 3]}, {'POOLMAX': [-1, 2]}), ({'CONV': [64, 3]}, {'CONV': [256, 5]}), ({'CONV': [64, 3]}, {'CONV': [256, 5]}, {'POOLMAX': [-1, 2]}), ({'CONV': [256, 3]}, {'CONV': [256, 5]}), ({'CONV': [64, 3]}, {'CONV': [128, 3]}, {'POOLMAX': [-1, 2]}), ({'CONV': [32, 5]}, {'CONV': [256, 5]}), ({'CONV': [256, 3]}, {'CONV': [256, 5]}, {'POOLMAX': [-1, 2]}), {'GLOBAL_AVG': None}, {'LAST_DENSE': [100, 'softmax']}]",HHSE,NSGA2,,,,,0.7091850623127096,,,,1465153024,6377124,,,,,,"[6, 5, 22, 23, 55, 19, 15, 55]",0.724703063844339,0.0008100730560498,0.0,0.0,0.375,1.0,0.86,0,1,0,100,0,0.01,BEST,False,False,122,True,True,GREEDY,,,GREEDY_HV
BDJCVF[M][M],4,5,87,86,0.87,True,True,"[6, 6, 23, 23, 55, 20, 15, 55]",[],"[6.906956024510305, 6.720080907112687, 23.804713681405097, 23.623380432696813, 55.70445470476729, 20.70240121533643, 15.711533608026427, 55.89169765426496]","[{'INP': 32}, {'CONV': [64, 3]}, ({'CONV': [32, 3]}, {'CONV': [256, 3]}), ({'CONV': [32, 3]}, {'CONV': [256, 3]}, {'POOLMAX': [-1, 2]}), ({'CONV': [64, 3]}, {'CONV': [256, 5]}), ({'CONV': [64, 3]}, {'CONV': [256, 5]}, {'POOLMAX': [-1, 2]}), ({'CONV': [256, 3]}, {'CONV': [256, 5]}), ({'CONV': [64, 3]}, {'CONV': [128, 3]}, {'POOLMAX': [-1, 2]}), ({'CONV': [32, 5]}, {'CONV': [256, 5]}), ({'CONV': [256, 3]}, {'CONV': [256, 5]}, {'POOLMAX': [-1, 2]}), {'GLOBAL_AVG': None}, {'LAST_DENSE': [100, 'softmax']}]",HHSE,NSGA2,,,,,0.7091850623127096,,,,1465153024,6377124,,,,,,"[6, 5, 22, 23, 55, 19, 15, 55]",0.7274504574998929,2.5909354660846876e-05,0.0,0.0,0.375,0.0,0.86,0,0,0,100,0,0.0,BEST,False,False,122,True,True,GREEDY,,,GREEDY_HV
BDJCVF[M][M],4,5,88,86,0.88,True,True,"[6, 6, 23, 23, 55, 20, 15, 55]",[],"[6.906956024510305, 6.720080907112687, 23.804713681405097, 23.623380432696813, 55.70445470476729, 20.70240121533643, 15.711533608026427, 55.89169765426496]","[{'INP': 32}, {'CONV': [64, 3]}, ({'CONV': [32, 3]}, {'CONV': [256, 3]}), ({'CONV': [32, 3]}, {'CONV': [256, 3]}, {'POOLMAX': [-1, 2]}), ({'CONV': [64, 3]}, {'CONV': [256, 5]}), ({'CONV': [64, 3]}, {'CONV': [256, 5]}, {'POOLMAX': [-1, 2]}), ({'CONV': [256, 3]}, {'CONV': [256, 5]}), ({'CONV': [64, 3]}, {'CONV': [128, 3]}, {'POOLMAX': [-1, 2]}), ({'CONV': [32, 5]}, {'CONV': [256, 5]}), ({'CONV': [256, 3]}, {'CONV': [256, 5]}, {'POOLMAX': [-1, 2]}), {'GLOBAL_AVG': None}, {'LAST_DENSE': [100, 'softmax']}]",HHSE,NSGA2,,,,,0.7091850623127096,,,,1465153024,6377124,,,,,,"[6, 5, 22, 23, 55, 19, 15, 55]",0.7274824601589809,-0.0001314395490455,0.0,0.0,0.375,0.0,0.86,0,2,0,100,0,0.02,BEST,False,False,122,True,True,GREEDY,,,GREEDY_HV
BDJCVF[M][M],4,5,89,86,0.89,True,True,"[6, 6, 23, 23, 55, 20, 15, 55]",[],"[6.906956024510305, 6.720080907112687, 23.804713681405097, 23.623380432696813, 55.70445470476729, 20.70240121533643, 15.711533608026427, 55.89169765426496]","[{'INP': 32}, {'CONV': [64, 3]}, ({'CONV': [32, 3]}, {'CONV': [256, 3]}), ({'CONV': [32, 3]}, {'CONV': [256, 3]}, {'POOLMAX': [-1, 2]}), ({'CONV': [64, 3]}, {'CONV': [256, 5]}), ({'CONV': [64, 3]}, {'CONV': [256, 5]}, {'POOLMAX': [-1, 2]}), ({'CONV': [256, 3]}, {'CONV': [256, 5]}), ({'CONV': [64, 3]}, {'CONV': [128, 3]}, {'POOLMAX': [-1, 2]}), ({'CONV': [32, 5]}, {'CONV': [256, 5]}), ({'CONV': [256, 3]}, {'CONV': [256, 5]}, {'POOLMAX': [-1, 2]}), {'GLOBAL_AVG': None}, {'LAST_DENSE': [100, 'softmax']}]",HHSE,NSGA2,,,,,0.7091850623127096,,,,1465153024,6377124,,,,,,"[6, 5, 22, 23, 55, 19, 15, 55]",0.7274922829166308,-4.34121362236084e-05,0.0,0.0,0.375,0.0,0.86,0,1,0,100,0,0.01,BEST,False,False,122,True,True,GREEDY,,,GREEDY_HV
BDJCVF[M][M],4,5,90,86,0.9,True,True,"[6, 6, 23, 23, 55, 20, 15, 55]",[],"[6.906956024510305, 6.720080907112687, 23.804713681405097, 23.623380432696813, 55.70445470476729, 20.70240121533643, 15.711533608026427, 55.89169765426496]","[{'INP': 32}, {'CONV': [64, 3]}, ({'CONV': [32, 3]}, {'CONV': [256, 3]}), ({'CONV': [32, 3]}, {'CONV': [256, 3]}, {'POOLMAX': [-1, 2]}), ({'CONV': [64, 3]}, {'CONV': [256, 5]}), ({'CONV': [64, 3]}, {'CONV': [256, 5]}, {'POOLMAX': [-1, 2]}), ({'CONV': [256, 3]}, {'CONV': [256, 5]}), ({'CONV': [64, 3]}, {'CONV': [128, 3]}, {'POOLMAX': [-1, 2]}), ({'CONV': [32, 5]}, {'CONV': [256, 5]}), ({'CONV': [256, 3]}, {'CONV': [256, 5]}, {'POOLMAX': [-1, 2]}), {'GLOBAL_AVG': None}, {'LAST_DENSE': [100, 'softmax']}]",HHSE,NSGA2,,,,,0.7091850623127096,,,,1465153024,6377124,,,,,,"[6, 5, 22, 23, 55, 19, 15, 55]",0.7278894486249792,-0.0001042294272002,0.0,0.0,0.375,0.0,0.86,0,1,0,100,0,0.01,BEST,False,False,122,True,True,GREEDY,,,GREEDY_HV
BLSFZG[M],4,5,91,91,0.91,True,True,"[3, 4, 12, 23, 46, 7, 39, 55]",[],"[3.240737150867019, 4.28306963139457, 12.736985803900401, 23.983817365633872, 46.23998053458358, 7.625073412634491, 39.798072495350134, 55.77689506320839]","[{'INP': 32}, {'CONV': [64, 3]}, ({'CONV': [32, 3]}, {'CONV': [64, 5]}), ({'CONV': [32, 3]}, {'CONV': [128, 3]}, {'POOLMAX': [-1, 2]}), ({'CONV': [32, 5]}, {'CONV': [128, 3]}), ({'CONV': [64, 3]}, {'CONV': [256, 5]}, {'POOLMAX': [-1, 2]}), ({'CONV': [128, 5]}, {'CONV': [256, 3]}), ({'CONV': [32, 3]}, {'CONV': [256, 5]}, {'POOLMAX': [-1, 2]}), ({'CONV': [128, 3]}, {'CONV': [256, 5]}), ({'CONV': [256, 3]}, {'CONV': [256, 5]}, {'POOLMAX': [-1, 2]}), {'GLOBAL_AVG': None}, {'LAST_DENSE': [100, 'softmax']}]",HHSE,NSGA2,,,,,0.7132692817608287,,,,866831360,5519396,,,,,,"[3, 3, 12, 23, 46, 7, 39, 55]",0.7281930893051982,-0.0003377676079895,0.625,0.25,0.125,0.75,0.91,0,0,0,100,0,0.0,BEST,False,False,49,True,True,GREEDY,,,GREEDY_HV
BLSFZG[M],4,5,92,91,0.92,True,True,"[3, 4, 12, 23, 46, 7, 39, 55]",[],"[3.240737150867019, 4.28306963139457, 12.736985803900401, 23.983817365633872, 46.23998053458358, 7.625073412634491, 39.798072495350134, 55.77689506320839]","[{'INP': 32}, {'CONV': [64, 3]}, ({'CONV': [32, 3]}, {'CONV': [64, 5]}), ({'CONV': [32, 3]}, {'CONV': [128, 3]}, {'POOLMAX': [-1, 2]}), ({'CONV': [32, 5]}, {'CONV': [128, 3]}), ({'CONV': [64, 3]}, {'CONV': [256, 5]}, {'POOLMAX': [-1, 2]}), ({'CONV': [128, 5]}, {'CONV': [256, 3]}), ({'CONV': [32, 3]}, {'CONV': [256, 5]}, {'POOLMAX': [-1, 2]}), ({'CONV': [128, 3]}, {'CONV': [256, 5]}), ({'CONV': [256, 3]}, {'CONV': [256, 5]}, {'POOLMAX': [-1, 2]}), {'GLOBAL_AVG': None}, {'LAST_DENSE': [100, 'softmax']}]",HHSE,NSGA2,,,,,0.7132692817608287,,,,866831360,5519396,,,,,,"[3, 3, 12, 23, 46, 7, 39, 55]",0.7319792434004588,0.0001094142405112,0.625,0.25,0.125,0.0,0.91,0,1,0,100,0,0.01,BEST,False,False,49,True,True,GREEDY,,,GREEDY_HV
BLSFZG[M][M],4,5,93,93,0.93,True,True,"[3, 5, 12, 23, 46, 7, 39, 55]",[],"[3.239796945548537, 5.588453209550914, 12.759056310712419, 23.980318917275717, 46.165523147901034, 7.702020793353334, 39.79328068177822, 55.80228639806682]","[{'INP': 32}, {'CONV': [64, 3]}, ({'CONV': [32, 3]}, {'CONV': [64, 5]}), ({'CONV': [32, 3]}, {'CONV': [128, 5]}, {'POOLMAX': [-1, 2]}), ({'CONV': [32, 5]}, {'CONV': [128, 3]}), ({'CONV': [64, 3]}, {'CONV': [256, 5]}, {'POOLMAX': [-1, 2]}), ({'CONV': [128, 5]}, {'CONV': [256, 3]}), ({'CONV': [32, 3]}, {'CONV': [256, 5]}, {'POOLMAX': [-1, 2]}), ({'CONV': [128, 3]}, {'CONV': [256, 5]}), ({'CONV': [256, 3]}, {'CONV': [256, 5]}, {'POOLMAX': [-1, 2]}), {'GLOBAL_AVG': None}, {'LAST_DENSE': [100, 'softmax']}]",HHSE,NSGA2,,,,,0.7134487905825836,,,,1001049088,5584932,,,,,,"[3, 4, 12, 23, 46, 7, 39, 55]",0.7319358575724211,5.865447840758264e-06,0.0,0.0,0.125,0.125,0.93,0,1,0,100,0,0.01,BEST,False,False,46,True,True,GREEDY,,,GREEDY_HV
BLSFZG[M][M],4,5,94,93,0.94,True,True,"[3, 5, 12, 23, 46, 7, 39, 55]",[],"[3.239796945548537, 5.588453209550914, 12.759056310712419, 23.980318917275717, 46.165523147901034, 7.702020793353334, 39.79328068177822, 55.80228639806682]","[{'INP': 32}, {'CONV': [64, 3]}, ({'CONV': [32, 3]}, {'CONV': [64, 5]}), ({'CONV': [32, 3]}, {'CONV': [128, 5]}, {'POOLMAX': [-1, 2]}), ({'CONV': [32, 5]}, {'CONV': [128, 3]}), ({'CONV': [64, 3]}, {'CONV': [256, 5]}, {'POOLMAX': [-1, 2]}), ({'CONV': [128, 5]}, {'CONV': [256, 3]}), ({'CONV': [32, 3]}, {'CONV': [256, 5]}, {'POOLMAX': [-1, 2]}), ({'CONV': [128, 3]}, {'CONV': [256, 5]}), ({'CONV': [256, 3]}, {'CONV': [256, 5]}, {'POOLMAX': [-1, 2]}), {'GLOBAL_AVG': None}, {'LAST_DENSE': [100, 'softmax']}]",HHSE,NSGA2,,,,,0.7134487905825836,,,,1001049088,5584932,,,,,,"[3, 4, 12, 23, 46, 7, 39, 55]",0.7321486812891486,1.678235551194618e-05,0.0,0.0,0.125,0.0,0.93,0,0,0,100,0,0.0,BEST,False,False,46,True,True,GREEDY,,,GREEDY_HV
BOOIJU[M],4,5,95,95,0.95,True,True,"[4, 18, 4, 23, 46, 7, 39, 55]",[],"[4.147452142547366, 18.79135546965596, 4.258014662292996, 23.439927085877557, 46.47274239954415, 7.261241903883169, 39.519251802335, 55.133744790550104]","[{'INP': 32}, {'CONV': [64, 3]}, ({'CONV': [32, 3]}, {'CONV': [128, 3]}), ({'CONV': [64, 3]}, {'CONV': [64, 3]}, {'POOLMAX': [-1, 2]}), ({'CONV': [32, 3]}, {'CONV': [128, 3]}), ({'CONV': [64, 3]}, {'CONV': [256, 5]}, {'POOLMAX': [-1, 2]}), ({'CONV': [128, 5]}, {'CONV': [256, 3]}), ({'CONV': [32, 3]}, {'CONV': [256, 5]}, {'POOLMAX': [-1, 2]}), ({'CONV': [128, 3]}, {'CONV': [256, 5]}), ({'CONV': [256, 3]}, {'CONV': [256, 5]}, {'POOLMAX': [-1, 2]}), {'GLOBAL_AVG': None}, {'LAST_DENSE': [100, 'softmax']}]",HHSE,NSGA2,,,,,0.714717543121747,,,,907627520,5476516,,,,,,"[3, 18, 4, 23, 46, 7, 39, 55]",0.7322053802773638,1.3459190033371373e-05,0.5,0.25,0.125,0.375,0.95,0,0,0,100,0,0.0,BEST,False,False,29,True,True,GREEDY,,,GREEDY_HV
BOOIJU[M],4,5,96,95,0.96,True,True,"[4, 18, 4, 23, 46, 7, 39, 55]",[],"[4.147452142547366, 18.79135546965596, 4.258014662292996, 23.439927085877557, 46.47274239954415, 7.261241903883169, 39.519251802335, 55.133744790550104]","[{'INP': 32}, {'CONV': [64, 3]}, ({'CONV': [32, 3]}, {'CONV': [128, 3]}), ({'CONV': [64, 3]}, {'CONV': [64, 3]}, {'POOLMAX': [-1, 2]}), ({'CONV': [32, 3]}, {'CONV': [128, 3]}), ({'CONV': [64, 3]}, {'CONV': [256, 5]}, {'POOLMAX': [-1, 2]}), ({'CONV': [128, 5]}, {'CONV': [256, 3]}), ({'CONV': [32, 3]}, {'CONV': [256, 5]}, {'POOLMAX': [-1, 2]}), ({'CONV': [128, 3]}, {'CONV': [256, 5]}), ({'CONV': [256, 3]}, {'CONV': [256, 5]}, {'POOLMAX': [-1, 2]}), {'GLOBAL_AVG': None}, {'LAST_DENSE': [100, 'softmax']}]",HHSE,NSGA2,,,,,0.714717543121747,,,,907627520,5476516,,,,,,"[3, 18, 4, 23, 46, 7, 39, 55]",0.7333689825774246,-2.192885197982441e-06,0.5,0.25,0.125,0.0,0.95,0,0,0,100,0,0.0,BEST,False,False,29,True,True,GREEDY,,,GREEDY_HV
BOOIJU[M],4,5,97,95,0.97,True,True,"[4, 18, 4, 23, 46, 7, 39, 55]",[],"[4.147452142547366, 18.79135546965596, 4.258014662292996, 23.439927085877557, 46.47274239954415, 7.261241903883169, 39.519251802335, 55.133744790550104]","[{'INP': 32}, {'CONV': [64, 3]}, ({'CONV': [32, 3]}, {'CONV': [128, 3]}), ({'CONV': [64, 3]}, {'CONV': [64, 3]}, {'POOLMAX': [-1, 2]}), ({'CONV': [32, 3]}, {'CONV': [128, 3]}), ({'CONV': [64, 3]}, {'CONV': [256, 5]}, {'POOLMAX': [-1, 2]}), ({'CONV': [128, 5]}, {'CONV': [256, 3]}), ({'CONV': [32, 3]}, {'CONV': [256, 5]}, {'POOLMAX': [-1, 2]}), ({'CONV': [128, 3]}, {'CONV': [256, 5]}), ({'CONV': [256, 3]}, {'CONV': [256, 5]}, {'POOLMAX': [-1, 2]}), {'GLOBAL_AVG': None}, {'LAST_DENSE': [100, 'softmax']}]",HHSE,NSGA2,,,,,0.714717543121747,,,,907627520,5476516,,,,,,"[3, 18, 4, 23, 46, 7, 39, 55]",0.7335464196256062,-2.887999471623548e-05,0.5,0.25,0.125,0.0,0.95,0,0,0,100,0,0.0,BEST,False,False,29,True,True,GREEDY,,,GREEDY_HV
BOOIJU[M],4,5,98,95,0.98,True,True,"[4, 18, 4, 23, 46, 7, 39, 55]",[],"[4.147452142547366, 18.79135546965596, 4.258014662292996, 23.439927085877557, 46.47274239954415, 7.261241903883169, 39.519251802335, 55.133744790550104]","[{'INP': 32}, {'CONV': [64, 3]}, ({'CONV': [32, 3]}, {'CONV': [128, 3]}), ({'CONV': [64, 3]}, {'CONV': [64, 3]}, {'POOLMAX': [-1, 2]}), ({'CONV': [32, 3]}, {'CONV': [128, 3]}), ({'CONV': [64, 3]}, {'CONV': [256, 5]}, {'POOLMAX': [-1, 2]}), ({'CONV': [128, 5]}, {'CONV': [256, 3]}), ({'CONV': [32, 3]}, {'CONV': [256, 5]}, {'POOLMAX': [-1, 2]}), ({'CONV': [128, 3]}, {'CONV': [256, 5]}), ({'CONV': [256, 3]}, {'CONV': [256, 5]}, {'POOLMAX': [-1, 2]}), {'GLOBAL_AVG': None}, {'LAST_DENSE': [100, 'softmax']}]",HHSE,NSGA2,,,,,0.714717543121747,,,,907627520,5476516,,,,,,"[3, 18, 4, 23, 46, 7, 39, 55]",0.7336481260941815,-0.0002421815943972,0.5,0.25,0.125,0.0,0.95,0,0,0,100,0,0.0,BEST,False,False,29,True,True,GREEDY,,,GREEDY_HV
BOOIJU[M],4,5,99,95,0.99,True,True,"[4, 18, 4, 23, 46, 7, 39, 55]",[],"[4.147452142547366, 18.79135546965596, 4.258014662292996, 23.439927085877557, 46.47274239954415, 7.261241903883169, 39.519251802335, 55.133744790550104]","[{'INP': 32}, {'CONV': [64, 3]}, ({'CONV': [32, 3]}, {'CONV': [128, 3]}), ({'CONV': [64, 3]}, {'CONV': [64, 3]}, {'POOLMAX': [-1, 2]}), ({'CONV': [32, 3]}, {'CONV': [128, 3]}), ({'CONV': [64, 3]}, {'CONV': [256, 5]}, {'POOLMAX': [-1, 2]}), ({'CONV': [128, 5]}, {'CONV': [256, 3]}), ({'CONV': [32, 3]}, {'CONV': [256, 5]}, {'POOLMAX': [-1, 2]}), ({'CONV': [128, 3]}, {'CONV': [256, 5]}), ({'CONV': [256, 3]}, {'CONV': [256, 5]}, {'POOLMAX': [-1, 2]}), {'GLOBAL_AVG': None}, {'LAST_DENSE': [100, 'softmax']}]",HHSE,NSGA2,,,,,0.714717543121747,,,,907627520,5476516,,,,,,"[3, 18, 4, 23, 46, 7, 39, 55]",0.7338760231482939,-9.791188439689512e-06,0.5,0.25,0.125,0.0,0.95,0,0,0,100,0,0.0,BEST,False,False,29,True,True,GREEDY,,,GREEDY_HV
BOOIJU[M],4,5,100,95,1.0,True,True,"[4, 18, 4, 23, 46, 7, 39, 55]",[],"[4.147452142547366, 18.79135546965596, 4.258014662292996, 23.439927085877557, 46.47274239954415, 7.261241903883169, 39.519251802335, 55.133744790550104]","[{'INP': 32}, {'CONV': [64, 3]}, ({'CONV': [32, 3]}, {'CONV': [128, 3]}), ({'CONV': [64, 3]}, {'CONV': [64, 3]}, {'POOLMAX': [-1, 2]}), ({'CONV': [32, 3]}, {'CONV': [128, 3]}), ({'CONV': [64, 3]}, {'CONV': [256, 5]}, {'POOLMAX': [-1, 2]}), ({'CONV': [128, 5]}, {'CONV': [256, 3]}), ({'CONV': [32, 3]}, {'CONV': [256, 5]}, {'POOLMAX': [-1, 2]}), ({'CONV': [128, 3]}, {'CONV': [256, 5]}), ({'CONV': [256, 3]}, {'CONV': [256, 5]}, {'POOLMAX': [-1, 2]}), {'GLOBAL_AVG': None}, {'LAST_DENSE': [100, 'softmax']}]",HHSE,NSGA2,,,,,0.714717543121747,,,,907627520,5476516,,,,,,"[3, 18, 4, 23, 46, 7, 39, 55]",0.7339997817028225,-1.4059772727836872e-05,0.5,0.25,0.125,0.0,0.95,0,0,0,100,0,0.0,BEST,False,False,29,True,True,GREEDY,,,GREEDY_HV
BXWJAW[M],5,6,1,1,0.01,True,True,"[13, 20, 27, 51, 21, 6, 46, 22]",[],"[13.094944058426545, 20.60696877502798, 27.853661212032737, 51.15573557712807, 21.647218195189943, 6.74793088983344, 46.32849260207397, 22.48499905598603]","[{'INP': 32}, {'CONV': [64, 3]}, ({'CONV': [32, 5]}, {'CONV': [128, 5]}), ({'CONV': [64, 3]}, {'CONV': [128, 3]}, {'POOLMAX': [-1, 2]}), ({'CONV': [64, 5]}, {'CONV': [64, 5]}), ({'CONV': [256, 3]}, {'CONV': [64, 5]}, {'POOLMAX': [-1, 2]}), ({'CONV': [64, 3]}, {'CONV': [128, 5]}), ({'CONV': [32, 3]}, {'CONV': [256, 3]}, {'POOLMAX': [-1, 2]}), ({'CONV': [128, 5]}, {'CONV': [256, 3]}), ({'CONV': [64, 3]}, {'CONV': [256, 3]}, {'POOLMAX': [-1, 2]}), {'GLOBAL_AVG': None}, {'LAST_DENSE': [100, 'softmax']}]",HHSE,NSGA2,,,,,0.6915562164385026,,,,1156415488,2962212,,,,,,"[39, 13, 56, 32, 13, 1, 24, 52]",0.6686714878995883,0.0,0.5,0.5,1.0,0.0,0.01,0,9,0,100,0,0.09,BEST,False,False,318,True,True,GREEDY,,,GREEDY_HV
BFOIZS[M][M],5,6,2,2,0.02,True,True,"[39, 19, 18, 6, 47, 7, 55, 39]",[],"[39.99488780548248, 19.962555844627204, 18.40842813733545, 6.243014555833483, 47.68124517139579, 7.510476771104127, 55.20354895769623, 39.08276741299821]","[{'INP': 32}, {'CONV': [64, 3]}, ({'CONV': [128, 3]}, {'CONV': [256, 5]}), ({'CONV': [64, 3]}, {'CONV': [64, 5]}, {'POOLMAX': [-1, 2]}), ({'CONV': [64, 3]}, {'CONV': [64, 3]}), ({'CONV': [32, 3]}, {'CONV': [256, 3]}, {'POOLMAX': [-1, 2]}), ({'CONV': [128, 5]}, {'CONV': [256, 5]}), ({'CONV': [32, 3]}, {'CONV': [256, 5]}, {'POOLMAX': [-1, 2]}), ({'CONV': [256, 3]}, {'CONV': [256, 5]}), ({'CONV': [128, 3]}, {'CONV': [256, 5]}, {'POOLMAX': [-1, 2]}), {'GLOBAL_AVG': None}, {'LAST_DENSE': [100, 'softmax']}]",HHSE,NSGA2,,,,,0.6999784524563271,,,,2785643520,6605604,,,,,,"[18, 35, 8, 29, 46, 17, 16, 36]",0.6899748836659242,0.0061963243344724,0.0,0.0,1.0,1.0,0.02,0,0,0,100,0,0.0,BEST,False,False,249,True,True,GREEDY,,,GREEDY_HV
BFOIZS[M][M],5,6,3,2,0.03,True,True,"[39, 19, 18, 6, 47, 7, 55, 39]",[],"[39.99488780548248, 19.962555844627204, 18.40842813733545, 6.243014555833483, 47.68124517139579, 7.510476771104127, 55.20354895769623, 39.08276741299821]","[{'INP': 32}, {'CONV': [64, 3]}, ({'CONV': [128, 3]}, {'CONV': [256, 5]}), ({'CONV': [64, 3]}, {'CONV': [64, 5]}, {'POOLMAX': [-1, 2]}), ({'CONV': [64, 3]}, {'CONV': [64, 3]}), ({'CONV': [32, 3]}, {'CONV': [256, 3]}, {'POOLMAX': [-1, 2]}), ({'CONV': [128, 5]}, {'CONV': [256, 5]}), ({'CONV': [32, 3]}, {'CONV': [256, 5]}, {'POOLMAX': [-1, 2]}), ({'CONV': [256, 3]}, {'CONV': [256, 5]}), ({'CONV': [128, 3]}, {'CONV': [256, 5]}, {'POOLMAX': [-1, 2]}), {'GLOBAL_AVG': None}, {'LAST_DENSE': [100, 'softmax']}]",HHSE,NSGA2,,,,,0.6999784524563271,,,,2785643520,6605604,,,,,,"[18, 35, 8, 29, 46, 17, 16, 36]",0.6914361850881203,0.0001192965298997,0.0,0.0,1.0,0.0,0.02,0,3,0,100,0,0.03,BEST,False,False,249,True,True,GREEDY,,,GREEDY_HV
BFOIZS[M][M],5,6,4,2,0.04,True,True,"[39, 19, 18, 6, 47, 7, 55, 39]",[],"[39.99488780548248, 19.962555844627204, 18.40842813733545, 6.243014555833483, 47.68124517139579, 7.510476771104127, 55.20354895769623, 39.08276741299821]","[{'INP': 32}, {'CONV': [64, 3]}, ({'CONV': [128, 3]}, {'CONV': [256, 5]}), ({'CONV': [64, 3]}, {'CONV': [64, 5]}, {'POOLMAX': [-1, 2]}), ({'CONV': [64, 3]}, {'CONV': [64, 3]}), ({'CONV': [32, 3]}, {'CONV': [256, 3]}, {'POOLMAX': [-1, 2]}), ({'CONV': [128, 5]}, {'CONV': [256, 5]}), ({'CONV': [32, 3]}, {'CONV': [256, 5]}, {'POOLMAX': [-1, 2]}), ({'CONV': [256, 3]}, {'CONV': [256, 5]}), ({'CONV': [128, 3]}, {'CONV': [256, 5]}, {'POOLMAX': [-1, 2]}), {'GLOBAL_AVG': None}, {'LAST_DENSE': [100, 'softmax']}]",HHSE,NSGA2,,,,,0.6999784524563271,,,,2785643520,6605604,,,,,,"[18, 35, 8, 29, 46, 17, 16, 36]",0.6973555784731047,-0.001001783433065,0.0,0.0,1.0,0.0,0.02,0,0,0,100,0,0.0,BEST,False,False,249,True,True,GREEDY,,,GREEDY_HV
BFOIZS[M][M],5,6,5,2,0.05,True,True,"[39, 19, 18, 6, 47, 7, 55, 39]",[],"[39.99488780548248, 19.962555844627204, 18.40842813733545, 6.243014555833483, 47.68124517139579, 7.510476771104127, 55.20354895769623, 39.08276741299821]","[{'INP': 32}, {'CONV': [64, 3]}, ({'CONV': [128, 3]}, {'CONV': [256, 5]}), ({'CONV': [64, 3]}, {'CONV': [64, 5]}, {'POOLMAX': [-1, 2]}), ({'CONV': [64, 3]}, {'CONV': [64, 3]}), ({'CONV': [32, 3]}, {'CONV': [256, 3]}, {'POOLMAX': [-1, 2]}), ({'CONV': [128, 5]}, {'CONV': [256, 5]}), ({'CONV': [32, 3]}, {'CONV': [256, 5]}, {'POOLMAX': [-1, 2]}), ({'CONV': [256, 3]}, {'CONV': [256, 5]}), ({'CONV': [128, 3]}, {'CONV': [256, 5]}, {'POOLMAX': [-1, 2]}), {'GLOBAL_AVG': None}, {'LAST_DENSE': [100, 'softmax']}]",HHSE,NSGA2,,,,,0.6999784524563271,,,,2785643520,6605604,,,,,,"[18, 35, 8, 29, 46, 17, 16, 36]",0.7046140253050767,-0.0021317806359976,0.0,0.0,1.0,0.0,0.02,0,0,0,100,0,0.0,BEST,False,False,249,True,True,GREEDY,,,GREEDY_HV
BFOIZS[M][M],5,6,6,2,0.06,True,True,"[39, 19, 18, 6, 47, 7, 55, 39]",[],"[39.99488780548248, 19.962555844627204, 18.40842813733545, 6.243014555833483, 47.68124517139579, 7.510476771104127, 55.20354895769623, 39.08276741299821]","[{'INP': 32}, {'CONV': [64, 3]}, ({'CONV': [128, 3]}, {'CONV': [256, 5]}), ({'CONV': [64, 3]}, {'CONV': [64, 5]}, {'POOLMAX': [-1, 2]}), ({'CONV': [64, 3]}, {'CONV': [64, 3]}), ({'CONV': [32, 3]}, {'CONV': [256, 3]}, {'POOLMAX': [-1, 2]}), ({'CONV': [128, 5]}, {'CONV': [256, 5]}), ({'CONV': [32, 3]}, {'CONV': [256, 5]}, {'POOLMAX': [-1, 2]}), ({'CONV': [256, 3]}, {'CONV': [256, 5]}), ({'CONV': [128, 3]}, {'CONV': [256, 5]}, {'POOLMAX': [-1, 2]}), {'GLOBAL_AVG': None}, {'LAST_DENSE': [100, 'softmax']}]",HHSE,NSGA2,,,,,0.6999784524563271,,,,2785643520,6605604,,,,,,"[18, 35, 8, 29, 46, 17, 16, 36]",0.7053476957171041,0.0016057051669216,0.0,0.0,1.0,0.0,0.02,0,0,0,100,0,0.0,BEST,False,False,249,True,True,GREEDY,,,GREEDY_HV
BFOIZS[M][M],5,6,7,2,0.07,True,True,"[39, 19, 18, 6, 47, 7, 55, 39]",[],"[39.99488780548248, 19.962555844627204, 18.40842813733545, 6.243014555833483, 47.68124517139579, 7.510476771104127, 55.20354895769623, 39.08276741299821]","[{'INP': 32}, {'CONV': [64, 3]}, ({'CONV': [128, 3]}, {'CONV': [256, 5]}), ({'CONV': [64, 3]}, {'CONV': [64, 5]}, {'POOLMAX': [-1, 2]}), ({'CONV': [64, 3]}, {'CONV': [64, 3]}), ({'CONV': [32, 3]}, {'CONV': [256, 3]}, {'POOLMAX': [-1, 2]}), ({'CONV': [128, 5]}, {'CONV': [256, 5]}), ({'CONV': [32, 3]}, {'CONV': [256, 5]}, {'POOLMAX': [-1, 2]}), ({'CONV': [256, 3]}, {'CONV': [256, 5]}), ({'CONV': [128, 3]}, {'CONV': [256, 5]}, {'POOLMAX': [-1, 2]}), {'GLOBAL_AVG': None}, {'LAST_DENSE': [100, 'softmax']}]",HHSE,NSGA2,,,,,0.6999784524563271,,,,2785643520,6605604,,,,,,"[18, 35, 8, 29, 46, 17, 16, 36]",0.7036467969368077,-4.471708532249874e-05,0.0,0.0,1.0,0.0,0.02,0,0,0,100,0,0.0,BEST,False,False,249,True,True,GREEDY,,,GREEDY_HV
BFOIZS[M][M],5,6,8,2,0.08,True,True,"[39, 19, 18, 6, 47, 7, 55, 39]",[],"[39.99488780548248, 19.962555844627204, 18.40842813733545, 6.243014555833483, 47.68124517139579, 7.510476771104127, 55.20354895769623, 39.08276741299821]","[{'INP': 32}, {'CONV': [64, 3]}, ({'CONV': [128, 3]}, {'CONV': [256, 5]}), ({'CONV': [64, 3]}, {'CONV': [64, 5]}, {'POOLMAX': [-1, 2]}), ({'CONV': [64, 3]}, {'CONV': [64, 3]}), ({'CONV': [32, 3]}, {'CONV': [256, 3]}, {'POOLMAX': [-1, 2]}), ({'CONV': [128, 5]}, {'CONV': [256, 5]}), ({'CONV': [32, 3]}, {'CONV': [256, 5]}, {'POOLMAX': [-1, 2]}), ({'CONV': [256, 3]}, {'CONV': [256, 5]}), ({'CONV': [128, 3]}, {'CONV': [256, 5]}, {'POOLMAX': [-1, 2]}), {'GLOBAL_AVG': None}, {'LAST_DENSE': [100, 'softmax']}]",HHSE,NSGA2,,,,,0.6999784524563271,,,,2785643520,6605604,,,,,,"[18, 35, 8, 29, 46, 17, 16, 36]",0.7041172621183174,-0.0001438092963051,0.0,0.0,1.0,0.0,0.02,0,1,0,100,0,0.01,BEST,False,False,249,True,True,GREEDY,,,GREEDY_HV
BFOIZS[M][M],5,6,9,2,0.09,True,True,"[39, 19, 18, 6, 47, 7, 55, 39]",[],"[39.99488780548248, 19.962555844627204, 18.40842813733545, 6.243014555833483, 47.68124517139579, 7.510476771104127, 55.20354895769623, 39.08276741299821]","[{'INP': 32}, {'CONV': [64, 3]}, ({'CONV': [128, 3]}, {'CONV': [256, 5]}), ({'CONV': [64, 3]}, {'CONV': [64, 5]}, {'POOLMAX': [-1, 2]}), ({'CONV': [64, 3]}, {'CONV': [64, 3]}), ({'CONV': [32, 3]}, {'CONV': [256, 3]}, {'POOLMAX': [-1, 2]}), ({'CONV': [128, 5]}, {'CONV': [256, 5]}), ({'CONV': [32, 3]}, {'CONV': [256, 5]}, {'POOLMAX': [-1, 2]}), ({'CONV': [256, 3]}, {'CONV': [256, 5]}), ({'CONV': [128, 3]}, {'CONV': [256, 5]}, {'POOLMAX': [-1, 2]}), {'GLOBAL_AVG': None}, {'LAST_DENSE': [100, 'softmax']}]",HHSE,NSGA2,,,,,0.6999784524563271,,,,2785643520,6605604,,,,,,"[18, 35, 8, 29, 46, 17, 16, 36]",0.7046115985510704,-0.0010223792819645,0.0,0.0,1.0,0.0,0.02,0,0,0,100,0,0.0,BEST,False,False,249,True,True,GREEDY,,,GREEDY_HV
BFOIZS[M][M],5,6,10,2,0.1,True,True,"[39, 19, 18, 6, 47, 7, 55, 39]",[],"[39.99488780548248, 19.962555844627204, 18.40842813733545, 6.243014555833483, 47.68124517139579, 7.510476771104127, 55.20354895769623, 39.08276741299821]","[{'INP': 32}, {'CONV': [64, 3]}, ({'CONV': [128, 3]}, {'CONV': [256, 5]}), ({'CONV': [64, 3]}, {'CONV': [64, 5]}, {'POOLMAX': [-1, 2]}), ({'CONV': [64, 3]}, {'CONV': [64, 3]}), ({'CONV': [32, 3]}, {'CONV': [256, 3]}, {'POOLMAX': [-1, 2]}), ({'CONV': [128, 5]}, {'CONV': [256, 5]}), ({'CONV': [32, 3]}, {'CONV': [256, 5]}, {'POOLMAX': [-1, 2]}), ({'CONV': [256, 3]}, {'CONV': [256, 5]}), ({'CONV': [128, 3]}, {'CONV': [256, 5]}, {'POOLMAX': [-1, 2]}), {'GLOBAL_AVG': None}, {'LAST_DENSE': [100, 'softmax']}]",HHSE,NSGA2,,,,,0.6999784524563271,,,,2785643520,6605604,,,,,,"[18, 35, 8, 29, 46, 17, 16, 36]",0.7079671972536513,-0.0009281758780883,0.0,0.0,1.0,0.0,0.02,0,1,0,100,0,0.01,BEST,False,False,249,True,True,GREEDY,,,GREEDY_HV
BFOIZS[M][M],5,6,11,2,0.11,True,True,"[39, 19, 18, 6, 47, 7, 55, 39]",[],"[39.99488780548248, 19.962555844627204, 18.40842813733545, 6.243014555833483, 47.68124517139579, 7.510476771104127, 55.20354895769623, 39.08276741299821]","[{'INP': 32}, {'CONV': [64, 3]}, ({'CONV': [128, 3]}, {'CONV': [256, 5]}), ({'CONV': [64, 3]}, {'CONV': [64, 5]}, {'POOLMAX': [-1, 2]}), ({'CONV': [64, 3]}, {'CONV': [64, 3]}), ({'CONV': [32, 3]}, {'CONV': [256, 3]}, {'POOLMAX': [-1, 2]}), ({'CONV': [128, 5]}, {'CONV': [256, 5]}), ({'CONV': [32, 3]}, {'CONV': [256, 5]}, {'POOLMAX': [-1, 2]}), ({'CONV': [256, 3]}, {'CONV': [256, 5]}), ({'CONV': [128, 3]}, {'CONV': [256, 5]}, {'POOLMAX': [-1, 2]}), {'GLOBAL_AVG': None}, {'LAST_DENSE': [100, 'softmax']}]",HHSE,NSGA2,,,,,0.6999784524563271,,,,2785643520,6605604,,,,,,"[18, 35, 8, 29, 46, 17, 16, 36]",0.7089534326542879,-0.0042266786743433,0.0,0.0,1.0,0.0,0.02,0,0,0,100,0,0.0,BEST,False,False,249,True,True,GREEDY,,,GREEDY_HV
BFOIZS[M][M],5,6,12,2,0.12,True,True,"[39, 19, 18, 6, 47, 7, 55, 39]",[],"[39.99488780548248, 19.962555844627204, 18.40842813733545, 6.243014555833483, 47.68124517139579, 7.510476771104127, 55.20354895769623, 39.08276741299821]","[{'INP': 32}, {'CONV': [64, 3]}, ({'CONV': [128, 3]}, {'CONV': [256, 5]}), ({'CONV': [64, 3]}, {'CONV': [64, 5]}, {'POOLMAX': [-1, 2]}), ({'CONV': [64, 3]}, {'CONV': [64, 3]}), ({'CONV': [32, 3]}, {'CONV': [256, 3]}, {'POOLMAX': [-1, 2]}), ({'CONV': [128, 5]}, {'CONV': [256, 5]}), ({'CONV': [32, 3]}, {'CONV': [256, 5]}, {'POOLMAX': [-1, 2]}), ({'CONV': [256, 3]}, {'CONV': [256, 5]}), ({'CONV': [128, 3]}, {'CONV': [256, 5]}, {'POOLMAX': [-1, 2]}), {'GLOBAL_AVG': None}, {'LAST_DENSE': [100, 'softmax']}]",HHSE,NSGA2,,,,,0.6999784524563271,,,,2785643520,6605604,,,,,,"[18, 35, 8, 29, 46, 17, 16, 36]",0.709191900257535,-0.0002619879704486,0.0,0.0,1.0,0.0,0.02,0,0,0,100,0,0.0,BEST,False,False,249,True,True,GREEDY,,,GREEDY_HV
BFOIZS[M][M],5,6,13,2,0.13,True,True,"[39, 19, 18, 6, 47, 7, 55, 39]",[],"[39.99488780548248, 19.962555844627204, 18.40842813733545, 6.243014555833483, 47.68124517139579, 7.510476771104127, 55.20354895769623, 39.08276741299821]","[{'INP': 32}, {'CONV': [64, 3]}, ({'CONV': [128, 3]}, {'CONV': [256, 5]}), ({'CONV': [64, 3]}, {'CONV': [64, 5]}, {'POOLMAX': [-1, 2]}), ({'CONV': [64, 3]}, {'CONV': [64, 3]}), ({'CONV': [32, 3]}, {'CONV': [256, 3]}, {'POOLMAX': [-1, 2]}), ({'CONV': [128, 5]}, {'CONV': [256, 5]}), ({'CONV': [32, 3]}, {'CONV': [256, 5]}, {'POOLMAX': [-1, 2]}), ({'CONV': [256, 3]}, {'CONV': [256, 5]}), ({'CONV': [128, 3]}, {'CONV': [256, 5]}, {'POOLMAX': [-1, 2]}), {'GLOBAL_AVG': None}, {'LAST_DENSE': [100, 'softmax']}]",HHSE,NSGA2,,,,,0.6999784524563271,,,,2785643520,6605604,,,,,,"[18, 35, 8, 29, 46, 17, 16, 36]",0.7092128175474286,-0.0009357222905552,0.0,0.0,1.0,0.0,0.02,0,0,0,100,0,0.0,BEST,False,False,249,True,True,GREEDY,,,GREEDY_HV
BFOIZS[M][M],5,6,14,2,0.14,True,True,"[39, 19, 18, 6, 47, 7, 55, 39]",[],"[39.99488780548248, 19.962555844627204, 18.40842813733545, 6.243014555833483, 47.68124517139579, 7.510476771104127, 55.20354895769623, 39.08276741299821]","[{'INP': 32}, {'CONV': [64, 3]}, ({'CONV': [128, 3]}, {'CONV': [256, 5]}), ({'CONV': [64, 3]}, {'CONV': [64, 5]}, {'POOLMAX': [-1, 2]}), ({'CONV': [64, 3]}, {'CONV': [64, 3]}), ({'CONV': [32, 3]}, {'CONV': [256, 3]}, {'POOLMAX': [-1, 2]}), ({'CONV': [128, 5]}, {'CONV': [256, 5]}), ({'CONV': [32, 3]}, {'CONV': [256, 5]}, {'POOLMAX': [-1, 2]}), ({'CONV': [256, 3]}, {'CONV': [256, 5]}), ({'CONV': [128, 3]}, {'CONV': [256, 5]}, {'POOLMAX': [-1, 2]}), {'GLOBAL_AVG': None}, {'LAST_DENSE': [100, 'softmax']}]",HHSE,NSGA2,,,,,0.6999784524563271,,,,2785643520,6605604,,,,,,"[18, 35, 8, 29, 46, 17, 16, 36]",0.7093968087080116,-0.0017177966875957,0.0,0.0,1.0,0.0,0.02,0,0,0,100,0,0.0,BEST,False,False,249,True,True,GREEDY,,,GREEDY_HV
BFOIZS[M][M],5,6,15,2,0.15,True,True,"[39, 19, 18, 6, 47, 7, 55, 39]",[],"[39.99488780548248, 19.962555844627204, 18.40842813733545, 6.243014555833483, 47.68124517139579, 7.510476771104127, 55.20354895769623, 39.08276741299821]","[{'INP': 32}, {'CONV': [64, 3]}, ({'CONV': [128, 3]}, {'CONV': [256, 5]}), ({'CONV': [64, 3]}, {'CONV': [64, 5]}, {'POOLMAX': [-1, 2]}), ({'CONV': [64, 3]}, {'CONV': [64, 3]}), ({'CONV': [32, 3]}, {'CONV': [256, 3]}, {'POOLMAX': [-1, 2]}), ({'CONV': [128, 5]}, {'CONV': [256, 5]}), ({'CONV': [32, 3]}, {'CONV': [256, 5]}, {'POOLMAX': [-1, 2]}), ({'CONV': [256, 3]}, {'CONV': [256, 5]}), ({'CONV': [128, 3]}, {'CONV': [256, 5]}, {'POOLMAX': [-1, 2]}), {'GLOBAL_AVG': None}, {'LAST_DENSE': [100, 'softmax']}]",HHSE,NSGA2,,,,,0.6999784524563271,,,,2785643520,6605604,,,,,,"[18, 35, 8, 29, 46, 17, 16, 36]",0.7094485445194104,-0.0002864321096148,0.0,0.0,1.0,0.0,0.02,0,0,0,100,0,0.0,BEST,False,False,249,True,True,GREEDY,,,GREEDY_HV
BFOIZS[M][M],5,6,16,2,0.16,True,True,"[39, 19, 18, 6, 47, 7, 55, 39]",[],"[39.99488780548248, 19.962555844627204, 18.40842813733545, 6.243014555833483, 47.68124517139579, 7.510476771104127, 55.20354895769623, 39.08276741299821]","[{'INP': 32}, {'CONV': [64, 3]}, ({'CONV': [128, 3]}, {'CONV': [256, 5]}), ({'CONV': [64, 3]}, {'CONV': [64, 5]}, {'POOLMAX': [-1, 2]}), ({'CONV': [64, 3]}, {'CONV': [64, 3]}), ({'CONV': [32, 3]}, {'CONV': [256, 3]}, {'POOLMAX': [-1, 2]}), ({'CONV': [128, 5]}, {'CONV': [256, 5]}), ({'CONV': [32, 3]}, {'CONV': [256, 5]}, {'POOLMAX': [-1, 2]}), ({'CONV': [256, 3]}, {'CONV': [256, 5]}), ({'CONV': [128, 3]}, {'CONV': [256, 5]}, {'POOLMAX': [-1, 2]}), {'GLOBAL_AVG': None}, {'LAST_DENSE': [100, 'softmax']}]",HHSE,NSGA2,,,,,0.6999784524563271,,,,2785643520,6605604,,,,,,"[18, 35, 8, 29, 46, 17, 16, 36]",0.7094885335005581,-0.0018398725165785,0.0,0.0,1.0,0.0,0.02,0,0,0,100,0,0.0,BEST,False,False,249,True,True,GREEDY,,,GREEDY_HV
BFOIZS[M][M],5,6,17,2,0.17,True,True,"[39, 19, 18, 6, 47, 7, 55, 39]",[],"[39.99488780548248, 19.962555844627204, 18.40842813733545, 6.243014555833483, 47.68124517139579, 7.510476771104127, 55.20354895769623, 39.08276741299821]","[{'INP': 32}, {'CONV': [64, 3]}, ({'CONV': [128, 3]}, {'CONV': [256, 5]}), ({'CONV': [64, 3]}, {'CONV': [64, 5]}, {'POOLMAX': [-1, 2]}), ({'CONV': [64, 3]}, {'CONV': [64, 3]}), ({'CONV': [32, 3]}, {'CONV': [256, 3]}, {'POOLMAX': [-1, 2]}), ({'CONV': [128, 5]}, {'CONV': [256, 5]}), ({'CONV': [32, 3]}, {'CONV': [256, 5]}, {'POOLMAX': [-1, 2]}), ({'CONV': [256, 3]}, {'CONV': [256, 5]}), ({'CONV': [128, 3]}, {'CONV': [256, 5]}, {'POOLMAX': [-1, 2]}), {'GLOBAL_AVG': None}, {'LAST_DENSE': [100, 'softmax']}]",HHSE,NSGA2,,,,,0.6999784524563271,,,,2785643520,6605604,,,,,,"[18, 35, 8, 29, 46, 17, 16, 36]",0.7114014752640111,-0.0012091228886611,0.0,0.0,1.0,0.0,0.02,0,0,0,100,0,0.0,BEST,False,False,249,True,True,GREEDY,,,GREEDY_HV
BFOIZS[M][M],5,6,18,2,0.18,True,True,"[39, 19, 18, 6, 47, 7, 55, 39]",[],"[39.99488780548248, 19.962555844627204, 18.40842813733545, 6.243014555833483, 47.68124517139579, 7.510476771104127, 55.20354895769623, 39.08276741299821]","[{'INP': 32}, {'CONV': [64, 3]}, ({'CONV': [128, 3]}, {'CONV': [256, 5]}), ({'CONV': [64, 3]}, {'CONV': [64, 5]}, {'POOLMAX': [-1, 2]}), ({'CONV': [64, 3]}, {'CONV': [64, 3]}), ({'CONV': [32, 3]}, {'CONV': [256, 3]}, {'POOLMAX': [-1, 2]}), ({'CONV': [128, 5]}, {'CONV': [256, 5]}), ({'CONV': [32, 3]}, {'CONV': [256, 5]}, {'POOLMAX': [-1, 2]}), ({'CONV': [256, 3]}, {'CONV': [256, 5]}), ({'CONV': [128, 3]}, {'CONV': [256, 5]}, {'POOLMAX': [-1, 2]}), {'GLOBAL_AVG': None}, {'LAST_DENSE': [100, 'softmax']}]",HHSE,NSGA2,,,,,0.6999784524563271,,,,2785643520,6605604,,,,,,"[18, 35, 8, 29, 46, 17, 16, 36]",0.7121226412836192,-0.001793480758867,0.0,0.0,1.0,0.0,0.02,0,0,0,100,0,0.0,BEST,False,False,249,True,True,GREEDY,,,GREEDY_HV
BFOIZS[M][M],5,6,19,2,0.19,True,True,"[39, 19, 18, 6, 47, 7, 55, 39]",[],"[39.99488780548248, 19.962555844627204, 18.40842813733545, 6.243014555833483, 47.68124517139579, 7.510476771104127, 55.20354895769623, 39.08276741299821]","[{'INP': 32}, {'CONV': [64, 3]}, ({'CONV': [128, 3]}, {'CONV': [256, 5]}), ({'CONV': [64, 3]}, {'CONV': [64, 5]}, {'POOLMAX': [-1, 2]}), ({'CONV': [64, 3]}, {'CONV': [64, 3]}), ({'CONV': [32, 3]}, {'CONV': [256, 3]}, {'POOLMAX': [-1, 2]}), ({'CONV': [128, 5]}, {'CONV': [256, 5]}), ({'CONV': [32, 3]}, {'CONV': [256, 5]}, {'POOLMAX': [-1, 2]}), ({'CONV': [256, 3]}, {'CONV': [256, 5]}), ({'CONV': [128, 3]}, {'CONV': [256, 5]}, {'POOLMAX': [-1, 2]}), {'GLOBAL_AVG': None}, {'LAST_DENSE': [100, 'softmax']}]",HHSE,NSGA2,,,,,0.6999784524563271,,,,2785643520,6605604,,,,,,"[18, 35, 8, 29, 46, 17, 16, 36]",0.7136989488892642,0.0011813320471716,0.0,0.0,1.0,0.0,0.02,0,0,0,100,0,0.0,BEST,False,False,249,True,True,GREEDY,,,GREEDY_HV
BFOIZS[M][M],5,6,20,2,0.2,True,True,"[39, 19, 18, 6, 47, 7, 55, 39]",[],"[39.99488780548248, 19.962555844627204, 18.40842813733545, 6.243014555833483, 47.68124517139579, 7.510476771104127, 55.20354895769623, 39.08276741299821]","[{'INP': 32}, {'CONV': [64, 3]}, ({'CONV': [128, 3]}, {'CONV': [256, 5]}), ({'CONV': [64, 3]}, {'CONV': [64, 5]}, {'POOLMAX': [-1, 2]}), ({'CONV': [64, 3]}, {'CONV': [64, 3]}), ({'CONV': [32, 3]}, {'CONV': [256, 3]}, {'POOLMAX': [-1, 2]}), ({'CONV': [128, 5]}, {'CONV': [256, 5]}), ({'CONV': [32, 3]}, {'CONV': [256, 5]}, {'POOLMAX': [-1, 2]}), ({'CONV': [256, 3]}, {'CONV': [256, 5]}), ({'CONV': [128, 3]}, {'CONV': [256, 5]}, {'POOLMAX': [-1, 2]}), {'GLOBAL_AVG': None}, {'LAST_DENSE': [100, 'softmax']}]",HHSE,NSGA2,,,,,0.6999784524563271,,,,2785643520,6605604,,,,,,"[18, 35, 8, 29, 46, 17, 16, 36]",0.7115856640750537,-0.0009090813050813,0.0,0.0,1.0,0.0,0.02,0,0,0,100,0,0.0,BEST,False,False,249,True,True,GREEDY,,,GREEDY_HV
BFOIZS[M][M],5,6,21,2,0.21,True,True,"[39, 19, 18, 6, 47, 7, 55, 39]",[],"[39.99488780548248, 19.962555844627204, 18.40842813733545, 6.243014555833483, 47.68124517139579, 7.510476771104127, 55.20354895769623, 39.08276741299821]","[{'INP': 32}, {'CONV': [64, 3]}, ({'CONV': [128, 3]}, {'CONV': [256, 5]}), ({'CONV': [64, 3]}, {'CONV': [64, 5]}, {'POOLMAX': [-1, 2]}), ({'CONV': [64, 3]}, {'CONV': [64, 3]}), ({'CONV': [32, 3]}, {'CONV': [256, 3]}, {'POOLMAX': [-1, 2]}), ({'CONV': [128, 5]}, {'CONV': [256, 5]}), ({'CONV': [32, 3]}, {'CONV': [256, 5]}, {'POOLMAX': [-1, 2]}), ({'CONV': [256, 3]}, {'CONV': [256, 5]}), ({'CONV': [128, 3]}, {'CONV': [256, 5]}, {'POOLMAX': [-1, 2]}), {'GLOBAL_AVG': None}, {'LAST_DENSE': [100, 'softmax']}]",HHSE,NSGA2,,,,,0.6999784524563271,,,,2785643520,6605604,,,,,,"[18, 35, 8, 29, 46, 17, 16, 36]",0.7115772755020989,-0.0003737291166493,0.0,0.0,1.0,0.0,0.02,0,0,0,100,0,0.0,BEST,False,False,249,True,True,GREEDY,,,GREEDY_HV
BFOIZS[M][M],5,6,22,2,0.22,True,True,"[39, 19, 18, 6, 47, 7, 55, 39]",[],"[39.99488780548248, 19.962555844627204, 18.40842813733545, 6.243014555833483, 47.68124517139579, 7.510476771104127, 55.20354895769623, 39.08276741299821]","[{'INP': 32}, {'CONV': [64, 3]}, ({'CONV': [128, 3]}, {'CONV': [256, 5]}), ({'CONV': [64, 3]}, {'CONV': [64, 5]}, {'POOLMAX': [-1, 2]}), ({'CONV': [64, 3]}, {'CONV': [64, 3]}), ({'CONV': [32, 3]}, {'CONV': [256, 3]}, {'POOLMAX': [-1, 2]}), ({'CONV': [128, 5]}, {'CONV': [256, 5]}), ({'CONV': [32, 3]}, {'CONV': [256, 5]}, {'POOLMAX': [-1, 2]}), ({'CONV': [256, 3]}, {'CONV': [256, 5]}), ({'CONV': [128, 3]}, {'CONV': [256, 5]}, {'POOLMAX': [-1, 2]}), {'GLOBAL_AVG': None}, {'LAST_DENSE': [100, 'softmax']}]",HHSE,NSGA2,,,,,0.6999784524563271,,,,2785643520,6605604,,,,,,"[18, 35, 8, 29, 46, 17, 16, 36]",0.7118526939156322,-0.0004417915102614,0.0,0.0,1.0,0.0,0.02,0,1,0,100,0,0.01,BEST,False,False,249,True,True,GREEDY,,,GREEDY_HV
BFOIZS[M][M],5,6,23,2,0.23,True,True,"[39, 19, 18, 6, 47, 7, 55, 39]",[],"[39.99488780548248, 19.962555844627204, 18.40842813733545, 6.243014555833483, 47.68124517139579, 7.510476771104127, 55.20354895769623, 39.08276741299821]","[{'INP': 32}, {'CONV': [64, 3]}, ({'CONV': [128, 3]}, {'CONV': [256, 5]}), ({'CONV': [64, 3]}, {'CONV': [64, 5]}, {'POOLMAX': [-1, 2]}), ({'CONV': [64, 3]}, {'CONV': [64, 3]}), ({'CONV': [32, 3]}, {'CONV': [256, 3]}, {'POOLMAX': [-1, 2]}), ({'CONV': [128, 5]}, {'CONV': [256, 5]}), ({'CONV': [32, 3]}, {'CONV': [256, 5]}, {'POOLMAX': [-1, 2]}), ({'CONV': [256, 3]}, {'CONV': [256, 5]}), ({'CONV': [128, 3]}, {'CONV': [256, 5]}, {'POOLMAX': [-1, 2]}), {'GLOBAL_AVG': None}, {'LAST_DENSE': [100, 'softmax']}]",HHSE,NSGA2,,,,,0.6999784524563271,,,,2785643520,6605604,,,,,,"[18, 35, 8, 29, 46, 17, 16, 36]",0.7118025379188916,-0.0034424540439053,0.0,0.0,1.0,0.0,0.02,0,0,0,100,0,0.0,BEST,False,False,249,True,True,GREEDY,,,GREEDY_HV
BFOIZS[M][M],5,6,24,2,0.24,True,True,"[39, 19, 18, 6, 47, 7, 55, 39]",[],"[39.99488780548248, 19.962555844627204, 18.40842813733545, 6.243014555833483, 47.68124517139579, 7.510476771104127, 55.20354895769623, 39.08276741299821]","[{'INP': 32}, {'CONV': [64, 3]}, ({'CONV': [128, 3]}, {'CONV': [256, 5]}), ({'CONV': [64, 3]}, {'CONV': [64, 5]}, {'POOLMAX': [-1, 2]}), ({'CONV': [64, 3]}, {'CONV': [64, 3]}), ({'CONV': [32, 3]}, {'CONV': [256, 3]}, {'POOLMAX': [-1, 2]}), ({'CONV': [128, 5]}, {'CONV': [256, 5]}), ({'CONV': [32, 3]}, {'CONV': [256, 5]}, {'POOLMAX': [-1, 2]}), ({'CONV': [256, 3]}, {'CONV': [256, 5]}), ({'CONV': [128, 3]}, {'CONV': [256, 5]}, {'POOLMAX': [-1, 2]}), {'GLOBAL_AVG': None}, {'LAST_DENSE': [100, 'softmax']}]",HHSE,NSGA2,,,,,0.6999784524563271,,,,2785643520,6605604,,,,,,"[18, 35, 8, 29, 46, 17, 16, 36]",0.711944158764382,-0.0009327022933345,0.0,0.0,1.0,0.0,0.02,0,0,0,100,0,0.0,BEST,False,False,249,True,True,GREEDY,,,GREEDY_HV
BFOIZS[M][M],5,6,25,2,0.25,True,True,"[39, 19, 18, 6, 47, 7, 55, 39]",[],"[39.99488780548248, 19.962555844627204, 18.40842813733545, 6.243014555833483, 47.68124517139579, 7.510476771104127, 55.20354895769623, 39.08276741299821]","[{'INP': 32}, {'CONV': [64, 3]}, ({'CONV': [128, 3]}, {'CONV': [256, 5]}), ({'CONV': [64, 3]}, {'CONV': [64, 5]}, {'POOLMAX': [-1, 2]}), ({'CONV': [64, 3]}, {'CONV': [64, 3]}), ({'CONV': [32, 3]}, {'CONV': [256, 3]}, {'POOLMAX': [-1, 2]}), ({'CONV': [128, 5]}, {'CONV': [256, 5]}), ({'CONV': [32, 3]}, {'CONV': [256, 5]}, {'POOLMAX': [-1, 2]}), ({'CONV': [256, 3]}, {'CONV': [256, 5]}), ({'CONV': [128, 3]}, {'CONV': [256, 5]}, {'POOLMAX': [-1, 2]}), {'GLOBAL_AVG': None}, {'LAST_DENSE': [100, 'softmax']}]",HHSE,NSGA2,,,,,0.6999784524563271,,,,2785643520,6605604,,,,,,"[18, 35, 8, 29, 46, 17, 16, 36]",0.711945292684145,-0.0044284848712534,0.0,0.0,1.0,0.0,0.02,0,0,0,100,0,0.0,BEST,False,False,249,True,True,GREEDY,,,GREEDY_HV
BFOIZS[M][M],5,6,26,2,0.26,True,True,"[39, 19, 18, 6, 47, 7, 55, 39]",[],"[39.99488780548248, 19.962555844627204, 18.40842813733545, 6.243014555833483, 47.68124517139579, 7.510476771104127, 55.20354895769623, 39.08276741299821]","[{'INP': 32}, {'CONV': [64, 3]}, ({'CONV': [128, 3]}, {'CONV': [256, 5]}), ({'CONV': [64, 3]}, {'CONV': [64, 5]}, {'POOLMAX': [-1, 2]}), ({'CONV': [64, 3]}, {'CONV': [64, 3]}), ({'CONV': [32, 3]}, {'CONV': [256, 3]}, {'POOLMAX': [-1, 2]}), ({'CONV': [128, 5]}, {'CONV': [256, 5]}), ({'CONV': [32, 3]}, {'CONV': [256, 5]}, {'POOLMAX': [-1, 2]}), ({'CONV': [256, 3]}, {'CONV': [256, 5]}), ({'CONV': [128, 3]}, {'CONV': [256, 5]}, {'POOLMAX': [-1, 2]}), {'GLOBAL_AVG': None}, {'LAST_DENSE': [100, 'softmax']}]",HHSE,NSGA2,,,,,0.6999784524563271,,,,2785643520,6605604,,,,,,"[18, 35, 8, 29, 46, 17, 16, 36]",0.7119879286696899,-0.0012215633357111,0.0,0.0,1.0,0.0,0.02,0,0,0,100,0,0.0,BEST,False,False,249,True,True,GREEDY,,,GREEDY_HV
BZEAGW[M][M][M],5,6,27,27,0.27,True,True,"[19, 15, 18, 38, 32, 61, 55, 47]",[],"[19.76712720378086, 15.06468453568755, 18.262583189718484, 38.26598362926372, 32.16990411504091, 61.16537515338914, 55.11620989319712, 47.64093218642086]","[{'INP': 32}, {'CONV': [64, 3]}, ({'CONV': [64, 3]}, {'CONV': [64, 5]}), ({'CONV': [32, 5]}, {'CONV': [256, 5]}, {'POOLMAX': [-1, 2]}), ({'CONV': [64, 3]}, {'CONV': [64, 3]}), ({'CONV': [128, 3]}, {'CONV': [256, 3]}, {'POOLMAX': [-1, 2]}), ({'CONV': [128, 3]}, {'CONV': [32, 3]}), ({'CONV': [256, 5]}, {'CONV': [128, 5]}, {'POOLMAX': [-1, 2]}), ({'CONV': [256, 3]}, {'CONV': [256, 5]}), ({'CONV': [128, 5]}, {'CONV': [256, 5]}, {'POOLMAX': [-1, 2]}), {'GLOBAL_AVG': None}, {'LAST_DENSE': [100, 'softmax']}]",HHSE,NSGA2,,,,,0.7017011225493618,,,,1388760064,5912868,,,,,,"[28, 0, 21, 45, 15, 54, 43, 55]",0.712359633496944,-0.0007079581768405,0.0,0.0,1.0,0.75,0.27,0,0,0,100,0,0.0,BEST,False,False,233,True,True,GREEDY,,,GREEDY_HV
BZEAGW[M][M][M],5,6,28,27,0.28,True,True,"[19, 15, 18, 38, 32, 61, 55, 47]",[],"[19.76712720378086, 15.06468453568755, 18.262583189718484, 38.26598362926372, 32.16990411504091, 61.16537515338914, 55.11620989319712, 47.64093218642086]","[{'INP': 32}, {'CONV': [64, 3]}, ({'CONV': [64, 3]}, {'CONV': [64, 5]}), ({'CONV': [32, 5]}, {'CONV': [256, 5]}, {'POOLMAX': [-1, 2]}), ({'CONV': [64, 3]}, {'CONV': [64, 3]}), ({'CONV': [128, 3]}, {'CONV': [256, 3]}, {'POOLMAX': [-1, 2]}), ({'CONV': [128, 3]}, {'CONV': [32, 3]}), ({'CONV': [256, 5]}, {'CONV': [128, 5]}, {'POOLMAX': [-1, 2]}), ({'CONV': [256, 3]}, {'CONV': [256, 5]}), ({'CONV': [128, 5]}, {'CONV': [256, 5]}, {'POOLMAX': [-1, 2]}), {'GLOBAL_AVG': None}, {'LAST_DENSE': [100, 'softmax']}]",HHSE,NSGA2,,,,,0.7017011225493618,,,,1388760064,5912868,,,,,,"[28, 0, 21, 45, 15, 54, 43, 55]",0.7137191881927727,-0.0020147956854962,0.0,0.0,1.0,0.0,0.27,0,0,0,100,0,0.0,BEST,False,False,233,True,True,GREEDY,,,GREEDY_HV
BZEAGW[M][M][M],5,6,29,27,0.29,True,True,"[19, 15, 18, 38, 32, 61, 55, 47]",[],"[19.76712720378086, 15.06468453568755, 18.262583189718484, 38.26598362926372, 32.16990411504091, 61.16537515338914, 55.11620989319712, 47.64093218642086]","[{'INP': 32}, {'CONV': [64, 3]}, ({'CONV': [64, 3]}, {'CONV': [64, 5]}), ({'CONV': [32, 5]}, {'CONV': [256, 5]}, {'POOLMAX': [-1, 2]}), ({'CONV': [64, 3]}, {'CONV': [64, 3]}), ({'CONV': [128, 3]}, {'CONV': [256, 3]}, {'POOLMAX': [-1, 2]}), ({'CONV': [128, 3]}, {'CONV': [32, 3]}), ({'CONV': [256, 5]}, {'CONV': [128, 5]}, {'POOLMAX': [-1, 2]}), ({'CONV': [256, 3]}, {'CONV': [256, 5]}), ({'CONV': [128, 5]}, {'CONV': [256, 5]}, {'POOLMAX': [-1, 2]}), {'GLOBAL_AVG': None}, {'LAST_DENSE': [100, 'softmax']}]",HHSE,NSGA2,,,,,0.7017011225493618,,,,1388760064,5912868,,,,,,"[28, 0, 21, 45, 15, 54, 43, 55]",0.7148113174160851,-0.0023773447137125,0.0,0.0,1.0,0.0,0.27,0,0,0,100,0,0.0,BEST,False,False,233,True,True,GREEDY,,,GREEDY_HV
BZEAGW[M][M][M],5,6,30,27,0.3,True,True,"[19, 15, 18, 38, 32, 61, 55, 47]",[],"[19.76712720378086, 15.06468453568755, 18.262583189718484, 38.26598362926372, 32.16990411504091, 61.16537515338914, 55.11620989319712, 47.64093218642086]","[{'INP': 32}, {'CONV': [64, 3]}, ({'CONV': [64, 3]}, {'CONV': [64, 5]}), ({'CONV': [32, 5]}, {'CONV': [256, 5]}, {'POOLMAX': [-1, 2]}), ({'CONV': [64, 3]}, {'CONV': [64, 3]}), ({'CONV': [128, 3]}, {'CONV': [256, 3]}, {'POOLMAX': [-1, 2]}), ({'CONV': [128, 3]}, {'CONV': [32, 3]}), ({'CONV': [256, 5]}, {'CONV': [128, 5]}, {'POOLMAX': [-1, 2]}), ({'CONV': [256, 3]}, {'CONV': [256, 5]}), ({'CONV': [128, 5]}, {'CONV': [256, 5]}, {'POOLMAX': [-1, 2]}), {'GLOBAL_AVG': None}, {'LAST_DENSE': [100, 'softmax']}]",HHSE,NSGA2,,,,,0.7017011225493618,,,,1388760064,5912868,,,,,,"[28, 0, 21, 45, 15, 54, 43, 55]",0.716140757826394,-0.0004003886356511,0.0,0.0,1.0,0.0,0.27,0,0,0,100,0,0.0,BEST,False,False,233,True,True,GREEDY,,,GREEDY_HV
BZEAGW[M][M][M],5,6,31,27,0.31,True,True,"[19, 15, 18, 38, 32, 61, 55, 47]",[],"[19.76712720378086, 15.06468453568755, 18.262583189718484, 38.26598362926372, 32.16990411504091, 61.16537515338914, 55.11620989319712, 47.64093218642086]","[{'INP': 32}, {'CONV': [64, 3]}, ({'CONV': [64, 3]}, {'CONV': [64, 5]}), ({'CONV': [32, 5]}, {'CONV': [256, 5]}, {'POOLMAX': [-1, 2]}), ({'CONV': [64, 3]}, {'CONV': [64, 3]}), ({'CONV': [128, 3]}, {'CONV': [256, 3]}, {'POOLMAX': [-1, 2]}), ({'CONV': [128, 3]}, {'CONV': [32, 3]}), ({'CONV': [256, 5]}, {'CONV': [128, 5]}, {'POOLMAX': [-1, 2]}), ({'CONV': [256, 3]}, {'CONV': [256, 5]}), ({'CONV': [128, 5]}, {'CONV': [256, 5]}, {'POOLMAX': [-1, 2]}), {'GLOBAL_AVG': None}, {'LAST_DENSE': [100, 'softmax']}]",HHSE,NSGA2,,,,,0.7017011225493618,,,,1388760064,5912868,,,,,,"[28, 0, 21, 45, 15, 54, 43, 55]",0.7163597862955444,-0.0046092679141456,0.0,0.0,1.0,0.0,0.27,0,2,0,100,0,0.02,BEST,False,False,233,True,True,GREEDY,,,GREEDY_HV
BZEAGW[M][M][M],5,6,32,27,0.32,True,True,"[19, 15, 18, 38, 32, 61, 55, 47]",[],"[19.76712720378086, 15.06468453568755, 18.262583189718484, 38.26598362926372, 32.16990411504091, 61.16537515338914, 55.11620989319712, 47.64093218642086]","[{'INP': 32}, {'CONV': [64, 3]}, ({'CONV': [64, 3]}, {'CONV': [64, 5]}), ({'CONV': [32, 5]}, {'CONV': [256, 5]}, {'POOLMAX': [-1, 2]}), ({'CONV': [64, 3]}, {'CONV': [64, 3]}), ({'CONV': [128, 3]}, {'CONV': [256, 3]}, {'POOLMAX': [-1, 2]}), ({'CONV': [128, 3]}, {'CONV': [32, 3]}), ({'CONV': [256, 5]}, {'CONV': [128, 5]}, {'POOLMAX': [-1, 2]}), ({'CONV': [256, 3]}, {'CONV': [256, 5]}), ({'CONV': [128, 5]}, {'CONV': [256, 5]}, {'POOLMAX': [-1, 2]}), {'GLOBAL_AVG': None}, {'LAST_DENSE': [100, 'softmax']}]",HHSE,NSGA2,,,,,0.7017011225493618,,,,1388760064,5912868,,,,,,"[28, 0, 21, 45, 15, 54, 43, 55]",0.7163012247212509,-0.0006468634725945,0.0,0.0,1.0,0.0,0.27,0,0,0,100,0,0.0,BEST,False,False,233,True,True,GREEDY,,,GREEDY_HV
BZEAGW[M][M][M],5,6,33,27,0.33,True,True,"[19, 15, 18, 38, 32, 61, 55, 47]",[],"[19.76712720378086, 15.06468453568755, 18.262583189718484, 38.26598362926372, 32.16990411504091, 61.16537515338914, 55.11620989319712, 47.64093218642086]","[{'INP': 32}, {'CONV': [64, 3]}, ({'CONV': [64, 3]}, {'CONV': [64, 5]}), ({'CONV': [32, 5]}, {'CONV': [256, 5]}, {'POOLMAX': [-1, 2]}), ({'CONV': [64, 3]}, {'CONV': [64, 3]}), ({'CONV': [128, 3]}, {'CONV': [256, 3]}, {'POOLMAX': [-1, 2]}), ({'CONV': [128, 3]}, {'CONV': [32, 3]}), ({'CONV': [256, 5]}, {'CONV': [128, 5]}, {'POOLMAX': [-1, 2]}), ({'CONV': [256, 3]}, {'CONV': [256, 5]}), ({'CONV': [128, 5]}, {'CONV': [256, 5]}, {'POOLMAX': [-1, 2]}), {'GLOBAL_AVG': None}, {'LAST_DENSE': [100, 'softmax']}]",HHSE,NSGA2,,,,,0.7017011225493618,,,,1388760064,5912868,,,,,,"[28, 0, 21, 45, 15, 54, 43, 55]",0.7162965077388512,-0.0005751242232312,0.0,0.0,1.0,0.0,0.27,0,0,0,100,0,0.0,BEST,False,False,233,True,True,GREEDY,,,GREEDY_HV
BZEAGW[M][M][M],5,6,34,27,0.34,True,True,"[19, 15, 18, 38, 32, 61, 55, 47]",[],"[19.76712720378086, 15.06468453568755, 18.262583189718484, 38.26598362926372, 32.16990411504091, 61.16537515338914, 55.11620989319712, 47.64093218642086]","[{'INP': 32}, {'CONV': [64, 3]}, ({'CONV': [64, 3]}, {'CONV': [64, 5]}), ({'CONV': [32, 5]}, {'CONV': [256, 5]}, {'POOLMAX': [-1, 2]}), ({'CONV': [64, 3]}, {'CONV': [64, 3]}), ({'CONV': [128, 3]}, {'CONV': [256, 3]}, {'POOLMAX': [-1, 2]}), ({'CONV': [128, 3]}, {'CONV': [32, 3]}), ({'CONV': [256, 5]}, {'CONV': [128, 5]}, {'POOLMAX': [-1, 2]}), ({'CONV': [256, 3]}, {'CONV': [256, 5]}), ({'CONV': [128, 5]}, {'CONV': [256, 5]}, {'POOLMAX': [-1, 2]}), {'GLOBAL_AVG': None}, {'LAST_DENSE': [100, 'softmax']}]",HHSE,NSGA2,,,,,0.7017011225493618,,,,1388760064,5912868,,,,,,"[28, 0, 21, 45, 15, 54, 43, 55]",0.7163364210321187,-0.0002374711241972,0.0,0.0,1.0,0.0,0.27,0,0,0,100,0,0.0,BEST,False,False,233,True,True,GREEDY,,,GREEDY_HV
BZEAGW[M][M][M],5,6,35,27,0.35,True,True,"[19, 15, 18, 38, 32, 61, 55, 47]",[],"[19.76712720378086, 15.06468453568755, 18.262583189718484, 38.26598362926372, 32.16990411504091, 61.16537515338914, 55.11620989319712, 47.64093218642086]","[{'INP': 32}, {'CONV': [64, 3]}, ({'CONV': [64, 3]}, {'CONV': [64, 5]}), ({'CONV': [32, 5]}, {'CONV': [256, 5]}, {'POOLMAX': [-1, 2]}), ({'CONV': [64, 3]}, {'CONV': [64, 3]}), ({'CONV': [128, 3]}, {'CONV': [256, 3]}, {'POOLMAX': [-1, 2]}), ({'CONV': [128, 3]}, {'CONV': [32, 3]}), ({'CONV': [256, 5]}, {'CONV': [128, 5]}, {'POOLMAX': [-1, 2]}), ({'CONV': [256, 3]}, {'CONV': [256, 5]}), ({'CONV': [128, 5]}, {'CONV': [256, 5]}, {'POOLMAX': [-1, 2]}), {'GLOBAL_AVG': None}, {'LAST_DENSE': [100, 'softmax']}]",HHSE,NSGA2,,,,,0.7017011225493618,,,,1388760064,5912868,,,,,,"[28, 0, 21, 45, 15, 54, 43, 55]",0.7169007786524111,-0.0051340905270196,0.0,0.0,1.0,0.0,0.27,0,0,0,100,0,0.0,BEST,False,False,233,True,True,GREEDY,,,GREEDY_HV
BZEAGW[M][M][M],5,6,36,27,0.36,True,True,"[19, 15, 18, 38, 32, 61, 55, 47]",[],"[19.76712720378086, 15.06468453568755, 18.262583189718484, 38.26598362926372, 32.16990411504091, 61.16537515338914, 55.11620989319712, 47.64093218642086]","[{'INP': 32}, {'CONV': [64, 3]}, ({'CONV': [64, 3]}, {'CONV': [64, 5]}), ({'CONV': [32, 5]}, {'CONV': [256, 5]}, {'POOLMAX': [-1, 2]}), ({'CONV': [64, 3]}, {'CONV': [64, 3]}), ({'CONV': [128, 3]}, {'CONV': [256, 3]}, {'POOLMAX': [-1, 2]}), ({'CONV': [128, 3]}, {'CONV': [32, 3]}), ({'CONV': [256, 5]}, {'CONV': [128, 5]}, {'POOLMAX': [-1, 2]}), ({'CONV': [256, 3]}, {'CONV': [256, 5]}), ({'CONV': [128, 5]}, {'CONV': [256, 5]}, {'POOLMAX': [-1, 2]}), {'GLOBAL_AVG': None}, {'LAST_DENSE': [100, 'softmax']}]",HHSE,NSGA2,,,,,0.7017011225493618,,,,1388760064,5912868,,,,,,"[28, 0, 21, 45, 15, 54, 43, 55]",0.7164869942843377,-0.0004271883218709,0.0,0.0,1.0,0.0,0.27,0,1,0,100,0,0.01,BEST,False,False,233,True,True,GREEDY,,,GREEDY_HV
BZEAGW[M][M][M],5,6,37,27,0.37,True,True,"[19, 15, 18, 38, 32, 61, 55, 47]",[],"[19.76712720378086, 15.06468453568755, 18.262583189718484, 38.26598362926372, 32.16990411504091, 61.16537515338914, 55.11620989319712, 47.64093218642086]","[{'INP': 32}, {'CONV': [64, 3]}, ({'CONV': [64, 3]}, {'CONV': [64, 5]}), ({'CONV': [32, 5]}, {'CONV': [256, 5]}, {'POOLMAX': [-1, 2]}), ({'CONV': [64, 3]}, {'CONV': [64, 3]}), ({'CONV': [128, 3]}, {'CONV': [256, 3]}, {'POOLMAX': [-1, 2]}), ({'CONV': [128, 3]}, {'CONV': [32, 3]}), ({'CONV': [256, 5]}, {'CONV': [128, 5]}, {'POOLMAX': [-1, 2]}), ({'CONV': [256, 3]}, {'CONV': [256, 5]}), ({'CONV': [128, 5]}, {'CONV': [256, 5]}, {'POOLMAX': [-1, 2]}), {'GLOBAL_AVG': None}, {'LAST_DENSE': [100, 'softmax']}]",HHSE,NSGA2,,,,,0.7017011225493618,,,,1388760064,5912868,,,,,,"[28, 0, 21, 45, 15, 54, 43, 55]",0.7168934134471736,-0.0010275946932026,0.0,0.0,1.0,0.0,0.27,0,0,0,100,0,0.0,BEST,False,False,233,True,True,GREEDY,,,GREEDY_HV
BZEAGW[M][M][M],5,6,38,27,0.38,True,True,"[19, 15, 18, 38, 32, 61, 55, 47]",[],"[19.76712720378086, 15.06468453568755, 18.262583189718484, 38.26598362926372, 32.16990411504091, 61.16537515338914, 55.11620989319712, 47.64093218642086]","[{'INP': 32}, {'CONV': [64, 3]}, ({'CONV': [64, 3]}, {'CONV': [64, 5]}), ({'CONV': [32, 5]}, {'CONV': [256, 5]}, {'POOLMAX': [-1, 2]}), ({'CONV': [64, 3]}, {'CONV': [64, 3]}), ({'CONV': [128, 3]}, {'CONV': [256, 3]}, {'POOLMAX': [-1, 2]}), ({'CONV': [128, 3]}, {'CONV': [32, 3]}), ({'CONV': [256, 5]}, {'CONV': [128, 5]}, {'POOLMAX': [-1, 2]}), ({'CONV': [256, 3]}, {'CONV': [256, 5]}), ({'CONV': [128, 5]}, {'CONV': [256, 5]}, {'POOLMAX': [-1, 2]}), {'GLOBAL_AVG': None}, {'LAST_DENSE': [100, 'softmax']}]",HHSE,NSGA2,,,,,0.7017011225493618,,,,1388760064,5912868,,,,,,"[28, 0, 21, 45, 15, 54, 43, 55]",0.7168972001274805,-0.0015570635049455,0.0,0.0,1.0,0.0,0.27,0,0,0,100,0,0.0,BEST,False,False,233,True,True,GREEDY,,,GREEDY_HV
BZEAGW[M][M][M],5,6,39,27,0.39,True,True,"[19, 15, 18, 38, 32, 61, 55, 47]",[],"[19.76712720378086, 15.06468453568755, 18.262583189718484, 38.26598362926372, 32.16990411504091, 61.16537515338914, 55.11620989319712, 47.64093218642086]","[{'INP': 32}, {'CONV': [64, 3]}, ({'CONV': [64, 3]}, {'CONV': [64, 5]}), ({'CONV': [32, 5]}, {'CONV': [256, 5]}, {'POOLMAX': [-1, 2]}), ({'CONV': [64, 3]}, {'CONV': [64, 3]}), ({'CONV': [128, 3]}, {'CONV': [256, 3]}, {'POOLMAX': [-1, 2]}), ({'CONV': [128, 3]}, {'CONV': [32, 3]}), ({'CONV': [256, 5]}, {'CONV': [128, 5]}, {'POOLMAX': [-1, 2]}), ({'CONV': [256, 3]}, {'CONV': [256, 5]}), ({'CONV': [128, 5]}, {'CONV': [256, 5]}, {'POOLMAX': [-1, 2]}), {'GLOBAL_AVG': None}, {'LAST_DENSE': [100, 'softmax']}]",HHSE,NSGA2,,,,,0.7017011225493618,,,,1388760064,5912868,,,,,,"[28, 0, 21, 45, 15, 54, 43, 55]",0.7169371259156049,-6.273054812566681e-05,0.0,0.0,1.0,0.0,0.27,0,0,0,100,0,0.0,BEST,False,False,233,True,True,GREEDY,,,GREEDY_HV
BZEAGW[M][M][M],5,6,40,27,0.4,True,True,"[19, 15, 18, 38, 32, 61, 55, 47]",[],"[19.76712720378086, 15.06468453568755, 18.262583189718484, 38.26598362926372, 32.16990411504091, 61.16537515338914, 55.11620989319712, 47.64093218642086]","[{'INP': 32}, {'CONV': [64, 3]}, ({'CONV': [64, 3]}, {'CONV': [64, 5]}), ({'CONV': [32, 5]}, {'CONV': [256, 5]}, {'POOLMAX': [-1, 2]}), ({'CONV': [64, 3]}, {'CONV': [64, 3]}), ({'CONV': [128, 3]}, {'CONV': [256, 3]}, {'POOLMAX': [-1, 2]}), ({'CONV': [128, 3]}, {'CONV': [32, 3]}), ({'CONV': [256, 5]}, {'CONV': [128, 5]}, {'POOLMAX': [-1, 2]}), ({'CONV': [256, 3]}, {'CONV': [256, 5]}), ({'CONV': [128, 5]}, {'CONV': [256, 5]}, {'POOLMAX': [-1, 2]}), {'GLOBAL_AVG': None}, {'LAST_DENSE': [100, 'softmax']}]",HHSE,NSGA2,,,,,0.7017011225493618,,,,1388760064,5912868,,,,,,"[28, 0, 21, 45, 15, 54, 43, 55]",0.7170044099322577,-0.004488367095445,0.0,0.0,1.0,0.0,0.27,0,0,0,100,0,0.0,BEST,False,False,233,True,True,GREEDY,,,GREEDY_HV
BZEAGW[M][M][M],5,6,41,27,0.41,True,True,"[19, 15, 18, 38, 32, 61, 55, 47]",[],"[19.76712720378086, 15.06468453568755, 18.262583189718484, 38.26598362926372, 32.16990411504091, 61.16537515338914, 55.11620989319712, 47.64093218642086]","[{'INP': 32}, {'CONV': [64, 3]}, ({'CONV': [64, 3]}, {'CONV': [64, 5]}), ({'CONV': [32, 5]}, {'CONV': [256, 5]}, {'POOLMAX': [-1, 2]}), ({'CONV': [64, 3]}, {'CONV': [64, 3]}), ({'CONV': [128, 3]}, {'CONV': [256, 3]}, {'POOLMAX': [-1, 2]}), ({'CONV': [128, 3]}, {'CONV': [32, 3]}), ({'CONV': [256, 5]}, {'CONV': [128, 5]}, {'POOLMAX': [-1, 2]}), ({'CONV': [256, 3]}, {'CONV': [256, 5]}), ({'CONV': [128, 5]}, {'CONV': [256, 5]}, {'POOLMAX': [-1, 2]}), {'GLOBAL_AVG': None}, {'LAST_DENSE': [100, 'softmax']}]",HHSE,NSGA2,,,,,0.7017011225493618,,,,1388760064,5912868,,,,,,"[28, 0, 21, 45, 15, 54, 43, 55]",0.7172208948313259,-0.0023901114824989,0.0,0.0,1.0,0.0,0.27,0,0,0,100,0,0.0,BEST,False,False,233,True,True,GREEDY,,,GREEDY_HV
BZEAGW[M][M][M],5,6,42,27,0.42,True,True,"[19, 15, 18, 38, 32, 61, 55, 47]",[],"[19.76712720378086, 15.06468453568755, 18.262583189718484, 38.26598362926372, 32.16990411504091, 61.16537515338914, 55.11620989319712, 47.64093218642086]","[{'INP': 32}, {'CONV': [64, 3]}, ({'CONV': [64, 3]}, {'CONV': [64, 5]}), ({'CONV': [32, 5]}, {'CONV': [256, 5]}, {'POOLMAX': [-1, 2]}), ({'CONV': [64, 3]}, {'CONV': [64, 3]}), ({'CONV': [128, 3]}, {'CONV': [256, 3]}, {'POOLMAX': [-1, 2]}), ({'CONV': [128, 3]}, {'CONV': [32, 3]}), ({'CONV': [256, 5]}, {'CONV': [128, 5]}, {'POOLMAX': [-1, 2]}), ({'CONV': [256, 3]}, {'CONV': [256, 5]}), ({'CONV': [128, 5]}, {'CONV': [256, 5]}, {'POOLMAX': [-1, 2]}), {'GLOBAL_AVG': None}, {'LAST_DENSE': [100, 'softmax']}]",HHSE,NSGA2,,,,,0.7017011225493618,,,,1388760064,5912868,,,,,,"[28, 0, 21, 45, 15, 54, 43, 55]",0.7172124621818758,-0.000877300684728,0.0,0.0,1.0,0.0,0.27,0,0,0,100,0,0.0,BEST,False,False,233,True,True,GREEDY,,,GREEDY_HV
BZEAGW[M][M][M],5,6,43,27,0.43,True,True,"[19, 15, 18, 38, 32, 61, 55, 47]",[],"[19.76712720378086, 15.06468453568755, 18.262583189718484, 38.26598362926372, 32.16990411504091, 61.16537515338914, 55.11620989319712, 47.64093218642086]","[{'INP': 32}, {'CONV': [64, 3]}, ({'CONV': [64, 3]}, {'CONV': [64, 5]}), ({'CONV': [32, 5]}, {'CONV': [256, 5]}, {'POOLMAX': [-1, 2]}), ({'CONV': [64, 3]}, {'CONV': [64, 3]}), ({'CONV': [128, 3]}, {'CONV': [256, 3]}, {'POOLMAX': [-1, 2]}), ({'CONV': [128, 3]}, {'CONV': [32, 3]}), ({'CONV': [256, 5]}, {'CONV': [128, 5]}, {'POOLMAX': [-1, 2]}), ({'CONV': [256, 3]}, {'CONV': [256, 5]}), ({'CONV': [128, 5]}, {'CONV': [256, 5]}, {'POOLMAX': [-1, 2]}), {'GLOBAL_AVG': None}, {'LAST_DENSE': [100, 'softmax']}]",HHSE,NSGA2,,,,,0.7017011225493618,,,,1388760064,5912868,,,,,,"[28, 0, 21, 45, 15, 54, 43, 55]",0.7172961665020819,-0.0049369841274026,0.0,0.0,1.0,0.0,0.27,0,0,0,100,0,0.0,BEST,False,False,233,True,True,GREEDY,,,GREEDY_HV
BZEAGW[M][M][M],5,6,44,27,0.44,True,True,"[19, 15, 18, 38, 32, 61, 55, 47]",[],"[19.76712720378086, 15.06468453568755, 18.262583189718484, 38.26598362926372, 32.16990411504091, 61.16537515338914, 55.11620989319712, 47.64093218642086]","[{'INP': 32}, {'CONV': [64, 3]}, ({'CONV': [64, 3]}, {'CONV': [64, 5]}), ({'CONV': [32, 5]}, {'CONV': [256, 5]}, {'POOLMAX': [-1, 2]}), ({'CONV': [64, 3]}, {'CONV': [64, 3]}), ({'CONV': [128, 3]}, {'CONV': [256, 3]}, {'POOLMAX': [-1, 2]}), ({'CONV': [128, 3]}, {'CONV': [32, 3]}), ({'CONV': [256, 5]}, {'CONV': [128, 5]}, {'POOLMAX': [-1, 2]}), ({'CONV': [256, 3]}, {'CONV': [256, 5]}), ({'CONV': [128, 5]}, {'CONV': [256, 5]}, {'POOLMAX': [-1, 2]}), {'GLOBAL_AVG': None}, {'LAST_DENSE': [100, 'softmax']}]",HHSE,NSGA2,,,,,0.7017011225493618,,,,1388760064,5912868,,,,,,"[28, 0, 21, 45, 15, 54, 43, 55]",0.7173018405307109,-0.004732751007127,0.0,0.0,1.0,0.0,0.27,0,0,0,100,0,0.0,BEST,False,False,233,True,True,GREEDY,,,GREEDY_HV
BZEAGW[M][M][M],5,6,45,27,0.45,True,True,"[19, 15, 18, 38, 32, 61, 55, 47]",[],"[19.76712720378086, 15.06468453568755, 18.262583189718484, 38.26598362926372, 32.16990411504091, 61.16537515338914, 55.11620989319712, 47.64093218642086]","[{'INP': 32}, {'CONV': [64, 3]}, ({'CONV': [64, 3]}, {'CONV': [64, 5]}), ({'CONV': [32, 5]}, {'CONV': [256, 5]}, {'POOLMAX': [-1, 2]}), ({'CONV': [64, 3]}, {'CONV': [64, 3]}), ({'CONV': [128, 3]}, {'CONV': [256, 3]}, {'POOLMAX': [-1, 2]}), ({'CONV': [128, 3]}, {'CONV': [32, 3]}), ({'CONV': [256, 5]}, {'CONV': [128, 5]}, {'POOLMAX': [-1, 2]}), ({'CONV': [256, 3]}, {'CONV': [256, 5]}), ({'CONV': [128, 5]}, {'CONV': [256, 5]}, {'POOLMAX': [-1, 2]}), {'GLOBAL_AVG': None}, {'LAST_DENSE': [100, 'softmax']}]",HHSE,NSGA2,,,,,0.7017011225493618,,,,1388760064,5912868,,,,,,"[28, 0, 21, 45, 15, 54, 43, 55]",0.7174286794819882,-0.0003081206121983,0.0,0.0,1.0,0.0,0.27,0,0,0,100,0,0.0,BEST,False,False,233,True,True,GREEDY,,,GREEDY_HV
BZEAGW[M][M][M],5,6,46,27,0.46,True,True,"[19, 15, 18, 38, 32, 61, 55, 47]",[],"[19.76712720378086, 15.06468453568755, 18.262583189718484, 38.26598362926372, 32.16990411504091, 61.16537515338914, 55.11620989319712, 47.64093218642086]","[{'INP': 32}, {'CONV': [64, 3]}, ({'CONV': [64, 3]}, {'CONV': [64, 5]}), ({'CONV': [32, 5]}, {'CONV': [256, 5]}, {'POOLMAX': [-1, 2]}), ({'CONV': [64, 3]}, {'CONV': [64, 3]}), ({'CONV': [128, 3]}, {'CONV': [256, 3]}, {'POOLMAX': [-1, 2]}), ({'CONV': [128, 3]}, {'CONV': [32, 3]}), ({'CONV': [256, 5]}, {'CONV': [128, 5]}, {'POOLMAX': [-1, 2]}), ({'CONV': [256, 3]}, {'CONV': [256, 5]}), ({'CONV': [128, 5]}, {'CONV': [256, 5]}, {'POOLMAX': [-1, 2]}), {'GLOBAL_AVG': None}, {'LAST_DENSE': [100, 'softmax']}]",HHSE,NSGA2,,,,,0.7017011225493618,,,,1388760064,5912868,,,,,,"[28, 0, 21, 45, 15, 54, 43, 55]",0.7174424032462495,-0.0002096077344589,0.0,0.0,1.0,0.0,0.27,0,0,0,100,0,0.0,BEST,False,False,233,True,True,GREEDY,,,GREEDY_HV
BZEAGW[M][M][M],5,6,47,27,0.47,True,True,"[19, 15, 18, 38, 32, 61, 55, 47]",[],"[19.76712720378086, 15.06468453568755, 18.262583189718484, 38.26598362926372, 32.16990411504091, 61.16537515338914, 55.11620989319712, 47.64093218642086]","[{'INP': 32}, {'CONV': [64, 3]}, ({'CONV': [64, 3]}, {'CONV': [64, 5]}), ({'CONV': [32, 5]}, {'CONV': [256, 5]}, {'POOLMAX': [-1, 2]}), ({'CONV': [64, 3]}, {'CONV': [64, 3]}), ({'CONV': [128, 3]}, {'CONV': [256, 3]}, {'POOLMAX': [-1, 2]}), ({'CONV': [128, 3]}, {'CONV': [32, 3]}), ({'CONV': [256, 5]}, {'CONV': [128, 5]}, {'POOLMAX': [-1, 2]}), ({'CONV': [256, 3]}, {'CONV': [256, 5]}), ({'CONV': [128, 5]}, {'CONV': [256, 5]}, {'POOLMAX': [-1, 2]}), {'GLOBAL_AVG': None}, {'LAST_DENSE': [100, 'softmax']}]",HHSE,NSGA2,,,,,0.7017011225493618,,,,1388760064,5912868,,,,,,"[28, 0, 21, 45, 15, 54, 43, 55]",0.7175649423895469,-0.0003373127083313,0.0,0.0,1.0,0.0,0.27,0,0,0,100,0,0.0,BEST,False,False,233,True,True,GREEDY,,,GREEDY_HV
BZEAGW[M][M][M],5,6,48,27,0.48,True,True,"[19, 15, 18, 38, 32, 61, 55, 47]",[],"[19.76712720378086, 15.06468453568755, 18.262583189718484, 38.26598362926372, 32.16990411504091, 61.16537515338914, 55.11620989319712, 47.64093218642086]","[{'INP': 32}, {'CONV': [64, 3]}, ({'CONV': [64, 3]}, {'CONV': [64, 5]}), ({'CONV': [32, 5]}, {'CONV': [256, 5]}, {'POOLMAX': [-1, 2]}), ({'CONV': [64, 3]}, {'CONV': [64, 3]}), ({'CONV': [128, 3]}, {'CONV': [256, 3]}, {'POOLMAX': [-1, 2]}), ({'CONV': [128, 3]}, {'CONV': [32, 3]}), ({'CONV': [256, 5]}, {'CONV': [128, 5]}, {'POOLMAX': [-1, 2]}), ({'CONV': [256, 3]}, {'CONV': [256, 5]}), ({'CONV': [128, 5]}, {'CONV': [256, 5]}, {'POOLMAX': [-1, 2]}), {'GLOBAL_AVG': None}, {'LAST_DENSE': [100, 'softmax']}]",HHSE,NSGA2,,,,,0.7017011225493618,,,,1388760064,5912868,,,,,,"[28, 0, 21, 45, 15, 54, 43, 55]",0.7175690761901813,-0.0004103526220451,0.0,0.0,1.0,0.0,0.27,0,0,0,100,0,0.0,BEST,False,False,233,True,True,GREEDY,,,GREEDY_HV
BZEAGW[M][M][M],5,6,49,27,0.49,True,True,"[19, 15, 18, 38, 32, 61, 55, 47]",[],"[19.76712720378086, 15.06468453568755, 18.262583189718484, 38.26598362926372, 32.16990411504091, 61.16537515338914, 55.11620989319712, 47.64093218642086]","[{'INP': 32}, {'CONV': [64, 3]}, ({'CONV': [64, 3]}, {'CONV': [64, 5]}), ({'CONV': [32, 5]}, {'CONV': [256, 5]}, {'POOLMAX': [-1, 2]}), ({'CONV': [64, 3]}, {'CONV': [64, 3]}), ({'CONV': [128, 3]}, {'CONV': [256, 3]}, {'POOLMAX': [-1, 2]}), ({'CONV': [128, 3]}, {'CONV': [32, 3]}), ({'CONV': [256, 5]}, {'CONV': [128, 5]}, {'POOLMAX': [-1, 2]}), ({'CONV': [256, 3]}, {'CONV': [256, 5]}), ({'CONV': [128, 5]}, {'CONV': [256, 5]}, {'POOLMAX': [-1, 2]}), {'GLOBAL_AVG': None}, {'LAST_DENSE': [100, 'softmax']}]",HHSE,NSGA2,,,,,0.7017011225493618,,,,1388760064,5912868,,,,,,"[28, 0, 21, 45, 15, 54, 43, 55]",0.7175908412078744,-0.0036004238671858,0.0,0.0,1.0,0.0,0.27,0,0,0,100,0,0.0,BEST,False,False,233,True,True,GREEDY,,,GREEDY_HV
BZEAGW[M][M][M],5,6,50,27,0.5,True,True,"[19, 15, 18, 38, 32, 61, 55, 47]",[],"[19.76712720378086, 15.06468453568755, 18.262583189718484, 38.26598362926372, 32.16990411504091, 61.16537515338914, 55.11620989319712, 47.64093218642086]","[{'INP': 32}, {'CONV': [64, 3]}, ({'CONV': [64, 3]}, {'CONV': [64, 5]}), ({'CONV': [32, 5]}, {'CONV': [256, 5]}, {'POOLMAX': [-1, 2]}), ({'CONV': [64, 3]}, {'CONV': [64, 3]}), ({'CONV': [128, 3]}, {'CONV': [256, 3]}, {'POOLMAX': [-1, 2]}), ({'CONV': [128, 3]}, {'CONV': [32, 3]}), ({'CONV': [256, 5]}, {'CONV': [128, 5]}, {'POOLMAX': [-1, 2]}), ({'CONV': [256, 3]}, {'CONV': [256, 5]}), ({'CONV': [128, 5]}, {'CONV': [256, 5]}, {'POOLMAX': [-1, 2]}), {'GLOBAL_AVG': None}, {'LAST_DENSE': [100, 'softmax']}]",HHSE,NSGA2,,,,,0.7017011225493618,,,,1388760064,5912868,,,,,,"[28, 0, 21, 45, 15, 54, 43, 55]",0.7175758381886007,-0.005671111376205,0.0,0.0,1.0,0.0,0.27,0,0,0,100,0,0.0,BEST,False,False,233,True,True,GREEDY,,,GREEDY_HV
BZEAGW[M][M][M],5,6,51,27,0.51,True,True,"[19, 15, 18, 38, 32, 61, 55, 47]",[],"[19.76712720378086, 15.06468453568755, 18.262583189718484, 38.26598362926372, 32.16990411504091, 61.16537515338914, 55.11620989319712, 47.64093218642086]","[{'INP': 32}, {'CONV': [64, 3]}, ({'CONV': [64, 3]}, {'CONV': [64, 5]}), ({'CONV': [32, 5]}, {'CONV': [256, 5]}, {'POOLMAX': [-1, 2]}), ({'CONV': [64, 3]}, {'CONV': [64, 3]}), ({'CONV': [128, 3]}, {'CONV': [256, 3]}, {'POOLMAX': [-1, 2]}), ({'CONV': [128, 3]}, {'CONV': [32, 3]}), ({'CONV': [256, 5]}, {'CONV': [128, 5]}, {'POOLMAX': [-1, 2]}), ({'CONV': [256, 3]}, {'CONV': [256, 5]}), ({'CONV': [128, 5]}, {'CONV': [256, 5]}, {'POOLMAX': [-1, 2]}), {'GLOBAL_AVG': None}, {'LAST_DENSE': [100, 'softmax']}]",HHSE,NSGA2,,,,,0.7017011225493618,,,,1388760064,5912868,,,,,,"[28, 0, 21, 45, 15, 54, 43, 55]",0.7175917317391045,-8.448188942766777e-05,0.0,0.0,1.0,0.0,0.27,0,2,0,100,0,0.02,BEST,False,False,233,True,True,GREEDY,,,GREEDY_HV
BZEAGW[M][M][M],5,6,52,27,0.52,True,True,"[19, 15, 18, 38, 32, 61, 55, 47]",[],"[19.76712720378086, 15.06468453568755, 18.262583189718484, 38.26598362926372, 32.16990411504091, 61.16537515338914, 55.11620989319712, 47.64093218642086]","[{'INP': 32}, {'CONV': [64, 3]}, ({'CONV': [64, 3]}, {'CONV': [64, 5]}), ({'CONV': [32, 5]}, {'CONV': [256, 5]}, {'POOLMAX': [-1, 2]}), ({'CONV': [64, 3]}, {'CONV': [64, 3]}), ({'CONV': [128, 3]}, {'CONV': [256, 3]}, {'POOLMAX': [-1, 2]}), ({'CONV': [128, 3]}, {'CONV': [32, 3]}), ({'CONV': [256, 5]}, {'CONV': [128, 5]}, {'POOLMAX': [-1, 2]}), ({'CONV': [256, 3]}, {'CONV': [256, 5]}), ({'CONV': [128, 5]}, {'CONV': [256, 5]}, {'POOLMAX': [-1, 2]}), {'GLOBAL_AVG': None}, {'LAST_DENSE': [100, 'softmax']}]",HHSE,NSGA2,,,,,0.7017011225493618,,,,1388760064,5912868,,,,,,"[28, 0, 21, 45, 15, 54, 43, 55]",0.7175827679952127,-8.932069829592493e-05,0.0,0.0,1.0,0.0,0.27,0,0,0,100,0,0.0,BEST,False,False,233,True,True,GREEDY,,,GREEDY_HV
BZEAGW[M][M][M],5,6,53,27,0.53,True,True,"[19, 15, 18, 38, 32, 61, 55, 47]",[],"[19.76712720378086, 15.06468453568755, 18.262583189718484, 38.26598362926372, 32.16990411504091, 61.16537515338914, 55.11620989319712, 47.64093218642086]","[{'INP': 32}, {'CONV': [64, 3]}, ({'CONV': [64, 3]}, {'CONV': [64, 5]}), ({'CONV': [32, 5]}, {'CONV': [256, 5]}, {'POOLMAX': [-1, 2]}), ({'CONV': [64, 3]}, {'CONV': [64, 3]}), ({'CONV': [128, 3]}, {'CONV': [256, 3]}, {'POOLMAX': [-1, 2]}), ({'CONV': [128, 3]}, {'CONV': [32, 3]}), ({'CONV': [256, 5]}, {'CONV': [128, 5]}, {'POOLMAX': [-1, 2]}), ({'CONV': [256, 3]}, {'CONV': [256, 5]}), ({'CONV': [128, 5]}, {'CONV': [256, 5]}, {'POOLMAX': [-1, 2]}), {'GLOBAL_AVG': None}, {'LAST_DENSE': [100, 'softmax']}]",HHSE,NSGA2,,,,,0.7017011225493618,,,,1388760064,5912868,,,,,,"[28, 0, 21, 45, 15, 54, 43, 55]",0.7176132480283755,-0.0002051751040104,0.0,0.0,1.0,0.0,0.27,0,0,0,100,0,0.0,BEST,False,False,233,True,True,GREEDY,,,GREEDY_HV
BZEAGW[M][M][M],5,6,54,27,0.54,True,True,"[19, 15, 18, 38, 32, 61, 55, 47]",[],"[19.76712720378086, 15.06468453568755, 18.262583189718484, 38.26598362926372, 32.16990411504091, 61.16537515338914, 55.11620989319712, 47.64093218642086]","[{'INP': 32}, {'CONV': [64, 3]}, ({'CONV': [64, 3]}, {'CONV': [64, 5]}), ({'CONV': [32, 5]}, {'CONV': [256, 5]}, {'POOLMAX': [-1, 2]}), ({'CONV': [64, 3]}, {'CONV': [64, 3]}), ({'CONV': [128, 3]}, {'CONV': [256, 3]}, {'POOLMAX': [-1, 2]}), ({'CONV': [128, 3]}, {'CONV': [32, 3]}), ({'CONV': [256, 5]}, {'CONV': [128, 5]}, {'POOLMAX': [-1, 2]}), ({'CONV': [256, 3]}, {'CONV': [256, 5]}), ({'CONV': [128, 5]}, {'CONV': [256, 5]}, {'POOLMAX': [-1, 2]}), {'GLOBAL_AVG': None}, {'LAST_DENSE': [100, 'softmax']}]",HHSE,NSGA2,,,,,0.7017011225493618,,,,1388760064,5912868,,,,,,"[28, 0, 21, 45, 15, 54, 43, 55]",0.7179759618000954,-0.0009399110980288,0.0,0.0,1.0,0.0,0.27,0,0,0,100,0,0.0,BEST,False,False,233,True,True,GREEDY,,,GREEDY_HV
BZEAGW[M][M][M],5,6,55,27,0.55,True,True,"[19, 15, 18, 38, 32, 61, 55, 47]",[],"[19.76712720378086, 15.06468453568755, 18.262583189718484, 38.26598362926372, 32.16990411504091, 61.16537515338914, 55.11620989319712, 47.64093218642086]","[{'INP': 32}, {'CONV': [64, 3]}, ({'CONV': [64, 3]}, {'CONV': [64, 5]}), ({'CONV': [32, 5]}, {'CONV': [256, 5]}, {'POOLMAX': [-1, 2]}), ({'CONV': [64, 3]}, {'CONV': [64, 3]}), ({'CONV': [128, 3]}, {'CONV': [256, 3]}, {'POOLMAX': [-1, 2]}), ({'CONV': [128, 3]}, {'CONV': [32, 3]}), ({'CONV': [256, 5]}, {'CONV': [128, 5]}, {'POOLMAX': [-1, 2]}), ({'CONV': [256, 3]}, {'CONV': [256, 5]}), ({'CONV': [128, 5]}, {'CONV': [256, 5]}, {'POOLMAX': [-1, 2]}), {'GLOBAL_AVG': None}, {'LAST_DENSE': [100, 'softmax']}]",HHSE,NSGA2,,,,,0.7017011225493618,,,,1388760064,5912868,,,,,,"[28, 0, 21, 45, 15, 54, 43, 55]",0.7177196877728433,-0.0017175174878212,0.0,0.0,1.0,0.0,0.27,0,0,0,100,0,0.0,BEST,False,False,233,True,True,GREEDY,,,GREEDY_HV
BZEAGW[M][M][M],5,6,56,27,0.56,True,True,"[19, 15, 18, 38, 32, 61, 55, 47]",[],"[19.76712720378086, 15.06468453568755, 18.262583189718484, 38.26598362926372, 32.16990411504091, 61.16537515338914, 55.11620989319712, 47.64093218642086]","[{'INP': 32}, {'CONV': [64, 3]}, ({'CONV': [64, 3]}, {'CONV': [64, 5]}), ({'CONV': [32, 5]}, {'CONV': [256, 5]}, {'POOLMAX': [-1, 2]}), ({'CONV': [64, 3]}, {'CONV': [64, 3]}), ({'CONV': [128, 3]}, {'CONV': [256, 3]}, {'POOLMAX': [-1, 2]}), ({'CONV': [128, 3]}, {'CONV': [32, 3]}), ({'CONV': [256, 5]}, {'CONV': [128, 5]}, {'POOLMAX': [-1, 2]}), ({'CONV': [256, 3]}, {'CONV': [256, 5]}), ({'CONV': [128, 5]}, {'CONV': [256, 5]}, {'POOLMAX': [-1, 2]}), {'GLOBAL_AVG': None}, {'LAST_DENSE': [100, 'softmax']}]",HHSE,NSGA2,,,,,0.7017011225493618,,,,1388760064,5912868,,,,,,"[28, 0, 21, 45, 15, 54, 43, 55]",0.7181047393700399,-9.360229459021152e-05,0.0,0.0,1.0,0.0,0.27,0,0,0,100,0,0.0,BEST,False,False,233,True,True,GREEDY,,,GREEDY_HV
BZEAGW[M][M][M],5,6,57,27,0.57,True,True,"[19, 15, 18, 38, 32, 61, 55, 47]",[],"[19.76712720378086, 15.06468453568755, 18.262583189718484, 38.26598362926372, 32.16990411504091, 61.16537515338914, 55.11620989319712, 47.64093218642086]","[{'INP': 32}, {'CONV': [64, 3]}, ({'CONV': [64, 3]}, {'CONV': [64, 5]}), ({'CONV': [32, 5]}, {'CONV': [256, 5]}, {'POOLMAX': [-1, 2]}), ({'CONV': [64, 3]}, {'CONV': [64, 3]}), ({'CONV': [128, 3]}, {'CONV': [256, 3]}, {'POOLMAX': [-1, 2]}), ({'CONV': [128, 3]}, {'CONV': [32, 3]}), ({'CONV': [256, 5]}, {'CONV': [128, 5]}, {'POOLMAX': [-1, 2]}), ({'CONV': [256, 3]}, {'CONV': [256, 5]}), ({'CONV': [128, 5]}, {'CONV': [256, 5]}, {'POOLMAX': [-1, 2]}), {'GLOBAL_AVG': None}, {'LAST_DENSE': [100, 'softmax']}]",HHSE,NSGA2,,,,,0.7017011225493618,,,,1388760064,5912868,,,,,,"[28, 0, 21, 45, 15, 54, 43, 55]",0.7180830900830011,-0.0030015654788013,0.0,0.0,1.0,0.0,0.27,0,0,0,100,0,0.0,BEST,False,False,233,True,True,GREEDY,,,GREEDY_HV
BZEAGW[M][M][M],5,6,58,27,0.58,True,True,"[19, 15, 18, 38, 32, 61, 55, 47]",[],"[19.76712720378086, 15.06468453568755, 18.262583189718484, 38.26598362926372, 32.16990411504091, 61.16537515338914, 55.11620989319712, 47.64093218642086]","[{'INP': 32}, {'CONV': [64, 3]}, ({'CONV': [64, 3]}, {'CONV': [64, 5]}), ({'CONV': [32, 5]}, {'CONV': [256, 5]}, {'POOLMAX': [-1, 2]}), ({'CONV': [64, 3]}, {'CONV': [64, 3]}), ({'CONV': [128, 3]}, {'CONV': [256, 3]}, {'POOLMAX': [-1, 2]}), ({'CONV': [128, 3]}, {'CONV': [32, 3]}), ({'CONV': [256, 5]}, {'CONV': [128, 5]}, {'POOLMAX': [-1, 2]}), ({'CONV': [256, 3]}, {'CONV': [256, 5]}), ({'CONV': [128, 5]}, {'CONV': [256, 5]}, {'POOLMAX': [-1, 2]}), {'GLOBAL_AVG': None}, {'LAST_DENSE': [100, 'softmax']}]",HHSE,NSGA2,,,,,0.7017011225493618,,,,1388760064,5912868,,,,,,"[28, 0, 21, 45, 15, 54, 43, 55]",0.7183156651994406,9.403035845179096e-06,0.0,0.0,1.0,0.0,0.27,0,1,0,100,0,0.01,BEST,False,False,233,True,True,GREEDY,,,GREEDY_HV
BZEAGW[M][M][M],5,6,59,27,0.59,True,True,"[19, 15, 18, 38, 32, 61, 55, 47]",[],"[19.76712720378086, 15.06468453568755, 18.262583189718484, 38.26598362926372, 32.16990411504091, 61.16537515338914, 55.11620989319712, 47.64093218642086]","[{'INP': 32}, {'CONV': [64, 3]}, ({'CONV': [64, 3]}, {'CONV': [64, 5]}), ({'CONV': [32, 5]}, {'CONV': [256, 5]}, {'POOLMAX': [-1, 2]}), ({'CONV': [64, 3]}, {'CONV': [64, 3]}), ({'CONV': [128, 3]}, {'CONV': [256, 3]}, {'POOLMAX': [-1, 2]}), ({'CONV': [128, 3]}, {'CONV': [32, 3]}), ({'CONV': [256, 5]}, {'CONV': [128, 5]}, {'POOLMAX': [-1, 2]}), ({'CONV': [256, 3]}, {'CONV': [256, 5]}), ({'CONV': [128, 5]}, {'CONV': [256, 5]}, {'POOLMAX': [-1, 2]}), {'GLOBAL_AVG': None}, {'LAST_DENSE': [100, 'softmax']}]",HHSE,NSGA2,,,,,0.7017011225493618,,,,1388760064,5912868,,,,,,"[28, 0, 21, 45, 15, 54, 43, 55]",0.7181876766787278,-0.0001347261600599,0.0,0.0,1.0,0.0,0.27,0,0,0,100,0,0.0,BEST,False,False,233,True,True,GREEDY,,,GREEDY_HV
BZEAGW[M][M][M],5,6,60,27,0.6,True,True,"[19, 15, 18, 38, 32, 61, 55, 47]",[],"[19.76712720378086, 15.06468453568755, 18.262583189718484, 38.26598362926372, 32.16990411504091, 61.16537515338914, 55.11620989319712, 47.64093218642086]","[{'INP': 32}, {'CONV': [64, 3]}, ({'CONV': [64, 3]}, {'CONV': [64, 5]}), ({'CONV': [32, 5]}, {'CONV': [256, 5]}, {'POOLMAX': [-1, 2]}), ({'CONV': [64, 3]}, {'CONV': [64, 3]}), ({'CONV': [128, 3]}, {'CONV': [256, 3]}, {'POOLMAX': [-1, 2]}), ({'CONV': [128, 3]}, {'CONV': [32, 3]}), ({'CONV': [256, 5]}, {'CONV': [128, 5]}, {'POOLMAX': [-1, 2]}), ({'CONV': [256, 3]}, {'CONV': [256, 5]}), ({'CONV': [128, 5]}, {'CONV': [256, 5]}, {'POOLMAX': [-1, 2]}), {'GLOBAL_AVG': None}, {'LAST_DENSE': [100, 'softmax']}]",HHSE,NSGA2,,,,,0.7017011225493618,,,,1388760064,5912868,,,,,,"[28, 0, 21, 45, 15, 54, 43, 55]",0.7182618786032522,-0.000253226920425,0.0,0.0,1.0,0.0,0.27,0,0,0,100,0,0.0,BEST,False,False,233,True,True,GREEDY,,,GREEDY_HV
BZEAGW[M][M][M],5,6,61,27,0.61,True,True,"[19, 15, 18, 38, 32, 61, 55, 47]",[],"[19.76712720378086, 15.06468453568755, 18.262583189718484, 38.26598362926372, 32.16990411504091, 61.16537515338914, 55.11620989319712, 47.64093218642086]","[{'INP': 32}, {'CONV': [64, 3]}, ({'CONV': [64, 3]}, {'CONV': [64, 5]}), ({'CONV': [32, 5]}, {'CONV': [256, 5]}, {'POOLMAX': [-1, 2]}), ({'CONV': [64, 3]}, {'CONV': [64, 3]}), ({'CONV': [128, 3]}, {'CONV': [256, 3]}, {'POOLMAX': [-1, 2]}), ({'CONV': [128, 3]}, {'CONV': [32, 3]}), ({'CONV': [256, 5]}, {'CONV': [128, 5]}, {'POOLMAX': [-1, 2]}), ({'CONV': [256, 3]}, {'CONV': [256, 5]}), ({'CONV': [128, 5]}, {'CONV': [256, 5]}, {'POOLMAX': [-1, 2]}), {'GLOBAL_AVG': None}, {'LAST_DENSE': [100, 'softmax']}]",HHSE,NSGA2,,,,,0.7017011225493618,,,,1388760064,5912868,,,,,,"[28, 0, 21, 45, 15, 54, 43, 55]",0.7182624482706406,-0.0026461994380139,0.0,0.0,1.0,0.0,0.27,0,0,0,100,0,0.0,BEST,False,False,233,True,True,GREEDY,,,GREEDY_HV
BZEAGW[M][M][M],5,6,62,27,0.62,True,True,"[19, 15, 18, 38, 32, 61, 55, 47]",[],"[19.76712720378086, 15.06468453568755, 18.262583189718484, 38.26598362926372, 32.16990411504091, 61.16537515338914, 55.11620989319712, 47.64093218642086]","[{'INP': 32}, {'CONV': [64, 3]}, ({'CONV': [64, 3]}, {'CONV': [64, 5]}), ({'CONV': [32, 5]}, {'CONV': [256, 5]}, {'POOLMAX': [-1, 2]}), ({'CONV': [64, 3]}, {'CONV': [64, 3]}), ({'CONV': [128, 3]}, {'CONV': [256, 3]}, {'POOLMAX': [-1, 2]}), ({'CONV': [128, 3]}, {'CONV': [32, 3]}), ({'CONV': [256, 5]}, {'CONV': [128, 5]}, {'POOLMAX': [-1, 2]}), ({'CONV': [256, 3]}, {'CONV': [256, 5]}), ({'CONV': [128, 5]}, {'CONV': [256, 5]}, {'POOLMAX': [-1, 2]}), {'GLOBAL_AVG': None}, {'LAST_DENSE': [100, 'softmax']}]",HHSE,NSGA2,,,,,0.7017011225493618,,,,1388760064,5912868,,,,,,"[28, 0, 21, 45, 15, 54, 43, 55]",0.7183100877933951,-0.001645009174556,0.0,0.0,1.0,0.0,0.27,0,0,0,100,0,0.0,BEST,False,False,233,True,True,GREEDY,,,GREEDY_HV
BAJGRY[M][M][M][M],5,6,63,63,0.63,True,True,"[7, 23, 38, 38, 46, 52, 4, 28]",[],"[7.3141094305041126, 23.604802405763316, 38.841234497078, 38.1897921029358, 46.63069514639316, 52.38258732732231, 4.871131161690031, 28.613366735210043]","[{'INP': 32}, {'CONV': [64, 3]}, ({'CONV': [32, 3]}, {'CONV': [256, 5]}), ({'CONV': [64, 3]}, {'CONV': [256, 5]}, {'POOLMAX': [-1, 2]}), ({'CONV': [128, 3]}, {'CONV': [256, 3]}), ({'CONV': [128, 3]}, {'CONV': [256, 3]}, {'POOLMAX': [-1, 2]}), ({'CONV': [128, 5]}, {'CONV': [256, 3]}), ({'CONV': [256, 3]}, {'CONV': [128, 3]}, {'POOLMAX': [-1, 2]}), ({'CONV': [32, 3]}, {'CONV': [128, 3]}), ({'CONV': [64, 5]}, {'CONV': [128, 3]}, {'POOLMAX': [-1, 2]}), {'GLOBAL_AVG': None}, {'LAST_DENSE': [100, 'softmax']}]",HHSE,NSGA2,,,,,0.7023800486633973,,,,2478748672,4335908,,,,,,"[7, 20, 35, 38, 46, 50, 5, 12]",0.7205594985709841,0.002207300397189,0.0,0.0,0.625,0.875,0.63,0,0,0,100,0,0.0,BEST,False,False,226,True,True,GREEDY,,,GREEDY_HV
BAJGRY[M][M][M][M],5,6,64,63,0.64,True,True,"[7, 23, 38, 38, 46, 52, 4, 28]",[],"[7.3141094305041126, 23.604802405763316, 38.841234497078, 38.1897921029358, 46.63069514639316, 52.38258732732231, 4.871131161690031, 28.613366735210043]","[{'INP': 32}, {'CONV': [64, 3]}, ({'CONV': [32, 3]}, {'CONV': [256, 5]}), ({'CONV': [64, 3]}, {'CONV': [256, 5]}, {'POOLMAX': [-1, 2]}), ({'CONV': [128, 3]}, {'CONV': [256, 3]}), ({'CONV': [128, 3]}, {'CONV': [256, 3]}, {'POOLMAX': [-1, 2]}), ({'CONV': [128, 5]}, {'CONV': [256, 3]}), ({'CONV': [256, 3]}, {'CONV': [128, 3]}, {'POOLMAX': [-1, 2]}), ({'CONV': [32, 3]}, {'CONV': [128, 3]}), ({'CONV': [64, 5]}, {'CONV': [128, 3]}, {'POOLMAX': [-1, 2]}), {'GLOBAL_AVG': None}, {'LAST_DENSE': [100, 'softmax']}]",HHSE,NSGA2,,,,,0.7023800486633973,,,,2478748672,4335908,,,,,,"[7, 20, 35, 38, 46, 50, 5, 12]",0.7189277055008322,-0.0019554452407584,0.0,0.0,0.625,0.0,0.63,0,0,0,100,0,0.0,BEST,False,False,226,True,True,GREEDY,,,GREEDY_HV
BAJGRY[M][M][M][M],5,6,65,63,0.65,True,True,"[7, 23, 38, 38, 46, 52, 4, 28]",[],"[7.3141094305041126, 23.604802405763316, 38.841234497078, 38.1897921029358, 46.63069514639316, 52.38258732732231, 4.871131161690031, 28.613366735210043]","[{'INP': 32}, {'CONV': [64, 3]}, ({'CONV': [32, 3]}, {'CONV': [256, 5]}), ({'CONV': [64, 3]}, {'CONV': [256, 5]}, {'POOLMAX': [-1, 2]}), ({'CONV': [128, 3]}, {'CONV': [256, 3]}), ({'CONV': [128, 3]}, {'CONV': [256, 3]}, {'POOLMAX': [-1, 2]}), ({'CONV': [128, 5]}, {'CONV': [256, 3]}), ({'CONV': [256, 3]}, {'CONV': [128, 3]}, {'POOLMAX': [-1, 2]}), ({'CONV': [32, 3]}, {'CONV': [128, 3]}), ({'CONV': [64, 5]}, {'CONV': [128, 3]}, {'POOLMAX': [-1, 2]}), {'GLOBAL_AVG': None}, {'LAST_DENSE': [100, 'softmax']}]",HHSE,NSGA2,,,,,0.7023800486633973,,,,2478748672,4335908,,,,,,"[7, 20, 35, 38, 46, 50, 5, 12]",0.7189642691774109,-0.0025008604896029,0.0,0.0,0.625,0.0,0.63,0,2,0,100,0,0.02,BEST,False,False,226,True,True,GREEDY,,,GREEDY_HV
BAJGRY[M][M][M][M],5,6,66,63,0.66,True,True,"[7, 23, 38, 38, 46, 52, 4, 28]",[],"[7.3141094305041126, 23.604802405763316, 38.841234497078, 38.1897921029358, 46.63069514639316, 52.38258732732231, 4.871131161690031, 28.613366735210043]","[{'INP': 32}, {'CONV': [64, 3]}, ({'CONV': [32, 3]}, {'CONV': [256, 5]}), ({'CONV': [64, 3]}, {'CONV': [256, 5]}, {'POOLMAX': [-1, 2]}), ({'CONV': [128, 3]}, {'CONV': [256, 3]}), ({'CONV': [128, 3]}, {'CONV': [256, 3]}, {'POOLMAX': [-1, 2]}), ({'CONV': [128, 5]}, {'CONV': [256, 3]}), ({'CONV': [256, 3]}, {'CONV': [128, 3]}, {'POOLMAX': [-1, 2]}), ({'CONV': [32, 3]}, {'CONV': [128, 3]}), ({'CONV': [64, 5]}, {'CONV': [128, 3]}, {'POOLMAX': [-1, 2]}), {'GLOBAL_AVG': None}, {'LAST_DENSE': [100, 'softmax']}]",HHSE,NSGA2,,,,,0.7023800486633973,,,,2478748672,4335908,,,,,,"[7, 20, 35, 38, 46, 50, 5, 12]",0.7192553542512612,-0.0012086459921669,0.0,0.0,0.625,0.0,0.63,0,0,0,100,0,0.0,BEST,False,False,226,True,True,GREEDY,,,GREEDY_HV
BAJGRY[M][M][M][M],5,6,67,63,0.67,True,True,"[7, 23, 38, 38, 46, 52, 4, 28]",[],"[7.3141094305041126, 23.604802405763316, 38.841234497078, 38.1897921029358, 46.63069514639316, 52.38258732732231, 4.871131161690031, 28.613366735210043]","[{'INP': 32}, {'CONV': [64, 3]}, ({'CONV': [32, 3]}, {'CONV': [256, 5]}), ({'CONV': [64, 3]}, {'CONV': [256, 5]}, {'POOLMAX': [-1, 2]}), ({'CONV': [128, 3]}, {'CONV': [256, 3]}), ({'CONV': [128, 3]}, {'CONV': [256, 3]}, {'POOLMAX': [-1, 2]}), ({'CONV': [128, 5]}, {'CONV': [256, 3]}), ({'CONV': [256, 3]}, {'CONV': [128, 3]}, {'POOLMAX': [-1, 2]}), ({'CONV': [32, 3]}, {'CONV': [128, 3]}), ({'CONV': [64, 5]}, {'CONV': [128, 3]}, {'POOLMAX': [-1, 2]}), {'GLOBAL_AVG': None}, {'LAST_DENSE': [100, 'softmax']}]",HHSE,NSGA2,,,,,0.7023800486633973,,,,2478748672,4335908,,,,,,"[7, 20, 35, 38, 46, 50, 5, 12]",0.7192539387332715,-0.000220272427881,0.0,0.0,0.625,0.0,0.63,0,0,0,100,0,0.0,BEST,False,False,226,True,True,GREEDY,,,GREEDY_HV
BAJGRY[M][M][M][M],5,6,68,63,0.68,True,True,"[7, 23, 38, 38, 46, 52, 4, 28]",[],"[7.3141094305041126, 23.604802405763316, 38.841234497078, 38.1897921029358, 46.63069514639316, 52.38258732732231, 4.871131161690031, 28.613366735210043]","[{'INP': 32}, {'CONV': [64, 3]}, ({'CONV': [32, 3]}, {'CONV': [256, 5]}), ({'CONV': [64, 3]}, {'CONV': [256, 5]}, {'POOLMAX': [-1, 2]}), ({'CONV': [128, 3]}, {'CONV': [256, 3]}), ({'CONV': [128, 3]}, {'CONV': [256, 3]}, {'POOLMAX': [-1, 2]}), ({'CONV': [128, 5]}, {'CONV': [256, 3]}), ({'CONV': [256, 3]}, {'CONV': [128, 3]}, {'POOLMAX': [-1, 2]}), ({'CONV': [32, 3]}, {'CONV': [128, 3]}), ({'CONV': [64, 5]}, {'CONV': [128, 3]}, {'POOLMAX': [-1, 2]}), {'GLOBAL_AVG': None}, {'LAST_DENSE': [100, 'softmax']}]",HHSE,NSGA2,,,,,0.7023800486633973,,,,2478748672,4335908,,,,,,"[7, 20, 35, 38, 46, 50, 5, 12]",0.7193357697952717,-0.0008179035792585,0.0,0.0,0.625,0.0,0.63,0,1,0,100,0,0.01,BEST,False,False,226,True,True,GREEDY,,,GREEDY_HV
BAJGRY[M][M][M][M],5,6,69,63,0.69,True,True,"[7, 23, 38, 38, 46, 52, 4, 28]",[],"[7.3141094305041126, 23.604802405763316, 38.841234497078, 38.1897921029358, 46.63069514639316, 52.38258732732231, 4.871131161690031, 28.613366735210043]","[{'INP': 32}, {'CONV': [64, 3]}, ({'CONV': [32, 3]}, {'CONV': [256, 5]}), ({'CONV': [64, 3]}, {'CONV': [256, 5]}, {'POOLMAX': [-1, 2]}), ({'CONV': [128, 3]}, {'CONV': [256, 3]}), ({'CONV': [128, 3]}, {'CONV': [256, 3]}, {'POOLMAX': [-1, 2]}), ({'CONV': [128, 5]}, {'CONV': [256, 3]}), ({'CONV': [256, 3]}, {'CONV': [128, 3]}, {'POOLMAX': [-1, 2]}), ({'CONV': [32, 3]}, {'CONV': [128, 3]}), ({'CONV': [64, 5]}, {'CONV': [128, 3]}, {'POOLMAX': [-1, 2]}), {'GLOBAL_AVG': None}, {'LAST_DENSE': [100, 'softmax']}]",HHSE,NSGA2,,,,,0.7023800486633973,,,,2478748672,4335908,,,,,,"[7, 20, 35, 38, 46, 50, 5, 12]",0.7192789284554689,-5.6265050666914895e-05,0.0,0.0,0.625,0.0,0.63,0,0,0,100,0,0.0,BEST,False,False,226,True,True,GREEDY,,,GREEDY_HV
BAJGRY[M][M][M][M],5,6,70,63,0.7,True,True,"[7, 23, 38, 38, 46, 52, 4, 28]",[],"[7.3141094305041126, 23.604802405763316, 38.841234497078, 38.1897921029358, 46.63069514639316, 52.38258732732231, 4.871131161690031, 28.613366735210043]","[{'INP': 32}, {'CONV': [64, 3]}, ({'CONV': [32, 3]}, {'CONV': [256, 5]}), ({'CONV': [64, 3]}, {'CONV': [256, 5]}, {'POOLMAX': [-1, 2]}), ({'CONV': [128, 3]}, {'CONV': [256, 3]}), ({'CONV': [128, 3]}, {'CONV': [256, 3]}, {'POOLMAX': [-1, 2]}), ({'CONV': [128, 5]}, {'CONV': [256, 3]}), ({'CONV': [256, 3]}, {'CONV': [128, 3]}, {'POOLMAX': [-1, 2]}), ({'CONV': [32, 3]}, {'CONV': [128, 3]}), ({'CONV': [64, 5]}, {'CONV': [128, 3]}, {'POOLMAX': [-1, 2]}), {'GLOBAL_AVG': None}, {'LAST_DENSE': [100, 'softmax']}]",HHSE,NSGA2,,,,,0.7023800486633973,,,,2478748672,4335908,,,,,,"[7, 20, 35, 38, 46, 50, 5, 12]",0.7192922851235286,-0.0012276340393952,0.0,0.0,0.625,0.0,0.63,0,0,0,100,0,0.0,BEST,False,False,226,True,True,GREEDY,,,GREEDY_HV
BAJGRY[M][M][M][M],5,6,71,63,0.71,True,True,"[7, 23, 38, 38, 46, 52, 4, 28]",[],"[7.3141094305041126, 23.604802405763316, 38.841234497078, 38.1897921029358, 46.63069514639316, 52.38258732732231, 4.871131161690031, 28.613366735210043]","[{'INP': 32}, {'CONV': [64, 3]}, ({'CONV': [32, 3]}, {'CONV': [256, 5]}), ({'CONV': [64, 3]}, {'CONV': [256, 5]}, {'POOLMAX': [-1, 2]}), ({'CONV': [128, 3]}, {'CONV': [256, 3]}), ({'CONV': [128, 3]}, {'CONV': [256, 3]}, {'POOLMAX': [-1, 2]}), ({'CONV': [128, 5]}, {'CONV': [256, 3]}), ({'CONV': [256, 3]}, {'CONV': [128, 3]}, {'POOLMAX': [-1, 2]}), ({'CONV': [32, 3]}, {'CONV': [128, 3]}), ({'CONV': [64, 5]}, {'CONV': [128, 3]}, {'POOLMAX': [-1, 2]}), {'GLOBAL_AVG': None}, {'LAST_DENSE': [100, 'softmax']}]",HHSE,NSGA2,,,,,0.7023800486633973,,,,2478748672,4335908,,,,,,"[7, 20, 35, 38, 46, 50, 5, 12]",0.719556951428076,4.316248359392816e-06,0.0,0.0,0.625,0.0,0.63,0,0,0,100,0,0.0,BEST,False,False,226,True,True,GREEDY,,,GREEDY_HV
BAJGRY[M][M][M][M],5,6,72,63,0.72,True,True,"[7, 23, 38, 38, 46, 52, 4, 28]",[],"[7.3141094305041126, 23.604802405763316, 38.841234497078, 38.1897921029358, 46.63069514639316, 52.38258732732231, 4.871131161690031, 28.613366735210043]","[{'INP': 32}, {'CONV': [64, 3]}, ({'CONV': [32, 3]}, {'CONV': [256, 5]}), ({'CONV': [64, 3]}, {'CONV': [256, 5]}, {'POOLMAX': [-1, 2]}), ({'CONV': [128, 3]}, {'CONV': [256, 3]}), ({'CONV': [128, 3]}, {'CONV': [256, 3]}, {'POOLMAX': [-1, 2]}), ({'CONV': [128, 5]}, {'CONV': [256, 3]}), ({'CONV': [256, 3]}, {'CONV': [128, 3]}, {'POOLMAX': [-1, 2]}), ({'CONV': [32, 3]}, {'CONV': [128, 3]}), ({'CONV': [64, 5]}, {'CONV': [128, 3]}, {'POOLMAX': [-1, 2]}), {'GLOBAL_AVG': None}, {'LAST_DENSE': [100, 'softmax']}]",HHSE,NSGA2,,,,,0.7023800486633973,,,,2478748672,4335908,,,,,,"[7, 20, 35, 38, 46, 50, 5, 12]",0.7200041441332388,-5.793532417208702e-05,0.0,0.0,0.625,0.0,0.63,0,0,0,100,0,0.0,BEST,False,False,226,True,True,GREEDY,,,GREEDY_HV
BAJGRY[M][M][M][M],5,6,73,63,0.73,True,True,"[7, 23, 38, 38, 46, 52, 4, 28]",[],"[7.3141094305041126, 23.604802405763316, 38.841234497078, 38.1897921029358, 46.63069514639316, 52.38258732732231, 4.871131161690031, 28.613366735210043]","[{'INP': 32}, {'CONV': [64, 3]}, ({'CONV': [32, 3]}, {'CONV': [256, 5]}), ({'CONV': [64, 3]}, {'CONV': [256, 5]}, {'POOLMAX': [-1, 2]}), ({'CONV': [128, 3]}, {'CONV': [256, 3]}), ({'CONV': [128, 3]}, {'CONV': [256, 3]}, {'POOLMAX': [-1, 2]}), ({'CONV': [128, 5]}, {'CONV': [256, 3]}), ({'CONV': [256, 3]}, {'CONV': [128, 3]}, {'POOLMAX': [-1, 2]}), ({'CONV': [32, 3]}, {'CONV': [128, 3]}), ({'CONV': [64, 5]}, {'CONV': [128, 3]}, {'POOLMAX': [-1, 2]}), {'GLOBAL_AVG': None}, {'LAST_DENSE': [100, 'softmax']}]",HHSE,NSGA2,,,,,0.7023800486633973,,,,2478748672,4335908,,,,,,"[7, 20, 35, 38, 46, 50, 5, 12]",0.7200140660534393,-0.0005138241074066,0.0,0.0,0.625,0.0,0.63,0,0,0,100,0,0.0,BEST,False,False,226,True,True,GREEDY,,,GREEDY_HV
BAJGRY[M][M][M][M],5,6,74,63,0.74,True,True,"[7, 23, 38, 38, 46, 52, 4, 28]",[],"[7.3141094305041126, 23.604802405763316, 38.841234497078, 38.1897921029358, 46.63069514639316, 52.38258732732231, 4.871131161690031, 28.613366735210043]","[{'INP': 32}, {'CONV': [64, 3]}, ({'CONV': [32, 3]}, {'CONV': [256, 5]}), ({'CONV': [64, 3]}, {'CONV': [256, 5]}, {'POOLMAX': [-1, 2]}), ({'CONV': [128, 3]}, {'CONV': [256, 3]}), ({'CONV': [128, 3]}, {'CONV': [256, 3]}, {'POOLMAX': [-1, 2]}), ({'CONV': [128, 5]}, {'CONV': [256, 3]}), ({'CONV': [256, 3]}, {'CONV': [128, 3]}, {'POOLMAX': [-1, 2]}), ({'CONV': [32, 3]}, {'CONV': [128, 3]}), ({'CONV': [64, 5]}, {'CONV': [128, 3]}, {'POOLMAX': [-1, 2]}), {'GLOBAL_AVG': None}, {'LAST_DENSE': [100, 'softmax']}]",HHSE,NSGA2,,,,,0.7023800486633973,,,,2478748672,4335908,,,,,,"[7, 20, 35, 38, 46, 50, 5, 12]",0.7200529632593691,-0.0016985920373963,0.0,0.0,0.625,0.0,0.63,0,0,0,100,0,0.0,BEST,False,False,226,True,True,GREEDY,,,GREEDY_HV
BAJGRY[M][M][M][M],5,6,75,63,0.75,True,True,"[7, 23, 38, 38, 46, 52, 4, 28]",[],"[7.3141094305041126, 23.604802405763316, 38.841234497078, 38.1897921029358, 46.63069514639316, 52.38258732732231, 4.871131161690031, 28.613366735210043]","[{'INP': 32}, {'CONV': [64, 3]}, ({'CONV': [32, 3]}, {'CONV': [256, 5]}), ({'CONV': [64, 3]}, {'CONV': [256, 5]}, {'POOLMAX': [-1, 2]}), ({'CONV': [128, 3]}, {'CONV': [256, 3]}), ({'CONV': [128, 3]}, {'CONV': [256, 3]}, {'POOLMAX': [-1, 2]}), ({'CONV': [128, 5]}, {'CONV': [256, 3]}), ({'CONV': [256, 3]}, {'CONV': [128, 3]}, {'POOLMAX': [-1, 2]}), ({'CONV': [32, 3]}, {'CONV': [128, 3]}), ({'CONV': [64, 5]}, {'CONV': [128, 3]}, {'POOLMAX': [-1, 2]}), {'GLOBAL_AVG': None}, {'LAST_DENSE': [100, 'softmax']}]",HHSE,NSGA2,,,,,0.7023800486633973,,,,2478748672,4335908,,,,,,"[7, 20, 35, 38, 46, 50, 5, 12]",0.7200296382253124,-0.0001641591868165,0.0,0.0,0.625,0.0,0.63,0,0,0,100,0,0.0,BEST,False,False,226,True,True,GREEDY,,,GREEDY_HV
BAJGRY[M][M][M][M],5,6,76,63,0.76,True,True,"[7, 23, 38, 38, 46, 52, 4, 28]",[],"[7.3141094305041126, 23.604802405763316, 38.841234497078, 38.1897921029358, 46.63069514639316, 52.38258732732231, 4.871131161690031, 28.613366735210043]","[{'INP': 32}, {'CONV': [64, 3]}, ({'CONV': [32, 3]}, {'CONV': [256, 5]}), ({'CONV': [64, 3]}, {'CONV': [256, 5]}, {'POOLMAX': [-1, 2]}), ({'CONV': [128, 3]}, {'CONV': [256, 3]}), ({'CONV': [128, 3]}, {'CONV': [256, 3]}, {'POOLMAX': [-1, 2]}), ({'CONV': [128, 5]}, {'CONV': [256, 3]}), ({'CONV': [256, 3]}, {'CONV': [128, 3]}, {'POOLMAX': [-1, 2]}), ({'CONV': [32, 3]}, {'CONV': [128, 3]}), ({'CONV': [64, 5]}, {'CONV': [128, 3]}, {'POOLMAX': [-1, 2]}), {'GLOBAL_AVG': None}, {'LAST_DENSE': [100, 'softmax']}]",HHSE,NSGA2,,,,,0.7023800486633973,,,,2478748672,4335908,,,,,,"[7, 20, 35, 38, 46, 50, 5, 12]",0.7201253451808803,-0.0002100195392469,0.0,0.0,0.625,0.0,0.63,0,0,0,100,0,0.0,BEST,False,False,226,True,True,GREEDY,,,GREEDY_HV
BAJGRY[M][M][M][M],5,6,77,63,0.77,True,True,"[7, 23, 38, 38, 46, 52, 4, 28]",[],"[7.3141094305041126, 23.604802405763316, 38.841234497078, 38.1897921029358, 46.63069514639316, 52.38258732732231, 4.871131161690031, 28.613366735210043]","[{'INP': 32}, {'CONV': [64, 3]}, ({'CONV': [32, 3]}, {'CONV': [256, 5]}), ({'CONV': [64, 3]}, {'CONV': [256, 5]}, {'POOLMAX': [-1, 2]}), ({'CONV': [128, 3]}, {'CONV': [256, 3]}), ({'CONV': [128, 3]}, {'CONV': [256, 3]}, {'POOLMAX': [-1, 2]}), ({'CONV': [128, 5]}, {'CONV': [256, 3]}), ({'CONV': [256, 3]}, {'CONV': [128, 3]}, {'POOLMAX': [-1, 2]}), ({'CONV': [32, 3]}, {'CONV': [128, 3]}), ({'CONV': [64, 5]}, {'CONV': [128, 3]}, {'POOLMAX': [-1, 2]}), {'GLOBAL_AVG': None}, {'LAST_DENSE': [100, 'softmax']}]",HHSE,NSGA2,,,,,0.7023800486633973,,,,2478748672,4335908,,,,,,"[7, 20, 35, 38, 46, 50, 5, 12]",0.723260420053027,0.0030021160901262,0.0,0.0,0.625,0.0,0.63,0,1,0,100,0,0.01,BEST,False,False,226,True,True,GREEDY,,,GREEDY_HV
BAJGRY[M][M][M][M],5,6,78,63,0.78,True,True,"[7, 23, 38, 38, 46, 52, 4, 28]",[],"[7.3141094305041126, 23.604802405763316, 38.841234497078, 38.1897921029358, 46.63069514639316, 52.38258732732231, 4.871131161690031, 28.613366735210043]","[{'INP': 32}, {'CONV': [64, 3]}, ({'CONV': [32, 3]}, {'CONV': [256, 5]}), ({'CONV': [64, 3]}, {'CONV': [256, 5]}, {'POOLMAX': [-1, 2]}), ({'CONV': [128, 3]}, {'CONV': [256, 3]}), ({'CONV': [128, 3]}, {'CONV': [256, 3]}, {'POOLMAX': [-1, 2]}), ({'CONV': [128, 5]}, {'CONV': [256, 3]}), ({'CONV': [256, 3]}, {'CONV': [128, 3]}, {'POOLMAX': [-1, 2]}), ({'CONV': [32, 3]}, {'CONV': [128, 3]}), ({'CONV': [64, 5]}, {'CONV': [128, 3]}, {'POOLMAX': [-1, 2]}), {'GLOBAL_AVG': None}, {'LAST_DENSE': [100, 'softmax']}]",HHSE,NSGA2,,,,,0.7023800486633973,,,,2478748672,4335908,,,,,,"[7, 20, 35, 38, 46, 50, 5, 12]",0.7201237201372716,-0.0001998218681855,0.0,0.0,0.625,0.0,0.63,0,0,0,100,0,0.0,BEST,False,False,226,True,True,GREEDY,,,GREEDY_HV
BAJGRY[M][M][M][M],5,6,79,63,0.79,True,True,"[7, 23, 38, 38, 46, 52, 4, 28]",[],"[7.3141094305041126, 23.604802405763316, 38.841234497078, 38.1897921029358, 46.63069514639316, 52.38258732732231, 4.871131161690031, 28.613366735210043]","[{'INP': 32}, {'CONV': [64, 3]}, ({'CONV': [32, 3]}, {'CONV': [256, 5]}), ({'CONV': [64, 3]}, {'CONV': [256, 5]}, {'POOLMAX': [-1, 2]}), ({'CONV': [128, 3]}, {'CONV': [256, 3]}), ({'CONV': [128, 3]}, {'CONV': [256, 3]}, {'POOLMAX': [-1, 2]}), ({'CONV': [128, 5]}, {'CONV': [256, 3]}), ({'CONV': [256, 3]}, {'CONV': [128, 3]}, {'POOLMAX': [-1, 2]}), ({'CONV': [32, 3]}, {'CONV': [128, 3]}), ({'CONV': [64, 5]}, {'CONV': [128, 3]}, {'POOLMAX': [-1, 2]}), {'GLOBAL_AVG': None}, {'LAST_DENSE': [100, 'softmax']}]",HHSE,NSGA2,,,,,0.7023800486633973,,,,2478748672,4335908,,,,,,"[7, 20, 35, 38, 46, 50, 5, 12]",0.7203576141197807,-0.0015382451820298,0.0,0.0,0.625,0.0,0.63,0,2,0,100,0,0.02,BEST,False,False,226,True,True,GREEDY,,,GREEDY_HV
BAJGRY[M][M][M][M],5,6,80,63,0.8,True,True,"[7, 23, 38, 38, 46, 52, 4, 28]",[],"[7.3141094305041126, 23.604802405763316, 38.841234497078, 38.1897921029358, 46.63069514639316, 52.38258732732231, 4.871131161690031, 28.613366735210043]","[{'INP': 32}, {'CONV': [64, 3]}, ({'CONV': [32, 3]}, {'CONV': [256, 5]}), ({'CONV': [64, 3]}, {'CONV': [256, 5]}, {'POOLMAX': [-1, 2]}), ({'CONV': [128, 3]}, {'CONV': [256, 3]}), ({'CONV': [128, 3]}, {'CONV': [256, 3]}, {'POOLMAX': [-1, 2]}), ({'CONV': [128, 5]}, {'CONV': [256, 3]}), ({'CONV': [256, 3]}, {'CONV': [128, 3]}, {'POOLMAX': [-1, 2]}), ({'CONV': [32, 3]}, {'CONV': [128, 3]}), ({'CONV': [64, 5]}, {'CONV': [128, 3]}, {'POOLMAX': [-1, 2]}), {'GLOBAL_AVG': None}, {'LAST_DENSE': [100, 'softmax']}]",HHSE,NSGA2,,,,,0.7023800486633973,,,,2478748672,4335908,,,,,,"[7, 20, 35, 38, 46, 50, 5, 12]",0.720357528287236,-0.0024332926917028,0.0,0.0,0.625,0.0,0.63,0,0,0,100,0,0.0,BEST,False,False,226,True,True,GREEDY,,,GREEDY_HV
BAJGRY[M][M][M][M],5,6,81,63,0.81,True,True,"[7, 23, 38, 38, 46, 52, 4, 28]",[],"[7.3141094305041126, 23.604802405763316, 38.841234497078, 38.1897921029358, 46.63069514639316, 52.38258732732231, 4.871131161690031, 28.613366735210043]","[{'INP': 32}, {'CONV': [64, 3]}, ({'CONV': [32, 3]}, {'CONV': [256, 5]}), ({'CONV': [64, 3]}, {'CONV': [256, 5]}, {'POOLMAX': [-1, 2]}), ({'CONV': [128, 3]}, {'CONV': [256, 3]}), ({'CONV': [128, 3]}, {'CONV': [256, 3]}, {'POOLMAX': [-1, 2]}), ({'CONV': [128, 5]}, {'CONV': [256, 3]}), ({'CONV': [256, 3]}, {'CONV': [128, 3]}, {'POOLMAX': [-1, 2]}), ({'CONV': [32, 3]}, {'CONV': [128, 3]}), ({'CONV': [64, 5]}, {'CONV': [128, 3]}, {'POOLMAX': [-1, 2]}), {'GLOBAL_AVG': None}, {'LAST_DENSE': [100, 'softmax']}]",HHSE,NSGA2,,,,,0.7023800486633973,,,,2478748672,4335908,,,,,,"[7, 20, 35, 38, 46, 50, 5, 12]",0.7203966069967334,-4.346107749231276e-05,0.0,0.0,0.625,0.0,0.63,0,0,0,100,0,0.0,BEST,False,False,226,True,True,GREEDY,,,GREEDY_HV
BAJGRY[M][M][M][M],5,6,82,63,0.82,True,True,"[7, 23, 38, 38, 46, 52, 4, 28]",[],"[7.3141094305041126, 23.604802405763316, 38.841234497078, 38.1897921029358, 46.63069514639316, 52.38258732732231, 4.871131161690031, 28.613366735210043]","[{'INP': 32}, {'CONV': [64, 3]}, ({'CONV': [32, 3]}, {'CONV': [256, 5]}), ({'CONV': [64, 3]}, {'CONV': [256, 5]}, {'POOLMAX': [-1, 2]}), ({'CONV': [128, 3]}, {'CONV': [256, 3]}), ({'CONV': [128, 3]}, {'CONV': [256, 3]}, {'POOLMAX': [-1, 2]}), ({'CONV': [128, 5]}, {'CONV': [256, 3]}), ({'CONV': [256, 3]}, {'CONV': [128, 3]}, {'POOLMAX': [-1, 2]}), ({'CONV': [32, 3]}, {'CONV': [128, 3]}), ({'CONV': [64, 5]}, {'CONV': [128, 3]}, {'POOLMAX': [-1, 2]}), {'GLOBAL_AVG': None}, {'LAST_DENSE': [100, 'softmax']}]",HHSE,NSGA2,,,,,0.7023800486633973,,,,2478748672,4335908,,,,,,"[7, 20, 35, 38, 46, 50, 5, 12]",0.72053454742367,-0.0019670855278021,0.0,0.0,0.625,0.0,0.63,0,1,0,100,0,0.01,BEST,False,False,226,True,True,GREEDY,,,GREEDY_HV
BKDBGP[M][M][M][M][M],5,6,83,83,0.83,True,True,"[20, 13, 15, 22, 30, 6, 29, 55]",[],"[20.540310504718533, 13.350333422425363, 15.989689038614724, 22.864849421301123, 30.379992407423863, 6.235793270628328, 29.304629868497436, 55.25549564231851]","[{'INP': 32}, {'CONV': [64, 3]}, ({'CONV': [64, 3]}, {'CONV': [128, 3]}), ({'CONV': [32, 5]}, {'CONV': [128, 5]}, {'POOLMAX': [-1, 2]}), ({'CONV': [32, 5]}, {'CONV': [256, 5]}), ({'CONV': [64, 3]}, {'CONV': [256, 3]}, {'POOLMAX': [-1, 2]}), ({'CONV': [64, 5]}, {'CONV': [256, 3]}), ({'CONV': [32, 3]}, {'CONV': [256, 3]}, {'POOLMAX': [-1, 2]}), ({'CONV': [64, 5]}, {'CONV': [128, 5]}), ({'CONV': [256, 3]}, {'CONV': [256, 5]}, {'POOLMAX': [-1, 2]}), {'GLOBAL_AVG': None}, {'LAST_DENSE': [100, 'softmax']}]",HHSE,NSGA2,,,,,0.7065866755284285,,,,1133527040,4206500,,,,,,"[20, 13, 15, 21, 26, 6, 29, 55]",0.7218231854629573,-0.0013331914424874,0.0,0.0,0.25,1.0,0.83,0,1,0,100,0,0.01,BEST,False,False,168,True,True,GREEDY,,,GREEDY_HV
BKDBGP[M][M][M][M][M],5,6,84,83,0.84,True,True,"[20, 13, 15, 22, 30, 6, 29, 55]",[],"[20.540310504718533, 13.350333422425363, 15.989689038614724, 22.864849421301123, 30.379992407423863, 6.235793270628328, 29.304629868497436, 55.25549564231851]","[{'INP': 32}, {'CONV': [64, 3]}, ({'CONV': [64, 3]}, {'CONV': [128, 3]}), ({'CONV': [32, 5]}, {'CONV': [128, 5]}, {'POOLMAX': [-1, 2]}), ({'CONV': [32, 5]}, {'CONV': [256, 5]}), ({'CONV': [64, 3]}, {'CONV': [256, 3]}, {'POOLMAX': [-1, 2]}), ({'CONV': [64, 5]}, {'CONV': [256, 3]}), ({'CONV': [32, 3]}, {'CONV': [256, 3]}, {'POOLMAX': [-1, 2]}), ({'CONV': [64, 5]}, {'CONV': [128, 5]}), ({'CONV': [256, 3]}, {'CONV': [256, 5]}, {'POOLMAX': [-1, 2]}), {'GLOBAL_AVG': None}, {'LAST_DENSE': [100, 'softmax']}]",HHSE,NSGA2,,,,,0.7065866755284285,,,,1133527040,4206500,,,,,,"[20, 13, 15, 21, 26, 6, 29, 55]",0.7241080514133718,-0.0004475023776135,0.0,0.0,0.25,0.0,0.83,0,0,0,100,0,0.0,BEST,False,False,168,True,True,GREEDY,,,GREEDY_HV
BKDBGP[M][M][M][M][M],5,6,85,83,0.85,True,True,"[20, 13, 15, 22, 30, 6, 29, 55]",[],"[20.540310504718533, 13.350333422425363, 15.989689038614724, 22.864849421301123, 30.379992407423863, 6.235793270628328, 29.304629868497436, 55.25549564231851]","[{'INP': 32}, {'CONV': [64, 3]}, ({'CONV': [64, 3]}, {'CONV': [128, 3]}), ({'CONV': [32, 5]}, {'CONV': [128, 5]}, {'POOLMAX': [-1, 2]}), ({'CONV': [32, 5]}, {'CONV': [256, 5]}), ({'CONV': [64, 3]}, {'CONV': [256, 3]}, {'POOLMAX': [-1, 2]}), ({'CONV': [64, 5]}, {'CONV': [256, 3]}), ({'CONV': [32, 3]}, {'CONV': [256, 3]}, {'POOLMAX': [-1, 2]}), ({'CONV': [64, 5]}, {'CONV': [128, 5]}), ({'CONV': [256, 3]}, {'CONV': [256, 5]}, {'POOLMAX': [-1, 2]}), {'GLOBAL_AVG': None}, {'LAST_DENSE': [100, 'softmax']}]",HHSE,NSGA2,,,,,0.7065866755284285,,,,1133527040,4206500,,,,,,"[20, 13, 15, 21, 26, 6, 29, 55]",0.7254991764905212,0.0012695681066011,0.0,0.0,0.25,0.0,0.83,0,0,0,100,0,0.0,BEST,False,False,168,True,True,GREEDY,,,GREEDY_HV
BKDBGP[M][M][M][M][M],5,6,86,83,0.86,True,True,"[20, 13, 15, 22, 30, 6, 29, 55]",[],"[20.540310504718533, 13.350333422425363, 15.989689038614724, 22.864849421301123, 30.379992407423863, 6.235793270628328, 29.304629868497436, 55.25549564231851]","[{'INP': 32}, {'CONV': [64, 3]}, ({'CONV': [64, 3]}, {'CONV': [128, 3]}), ({'CONV': [32, 5]}, {'CONV': [128, 5]}, {'POOLMAX': [-1, 2]}), ({'CONV': [32, 5]}, {'CONV': [256, 5]}), ({'CONV': [64, 3]}, {'CONV': [256, 3]}, {'POOLMAX': [-1, 2]}), ({'CONV': [64, 5]}, {'CONV': [256, 3]}), ({'CONV': [32, 3]}, {'CONV': [256, 3]}, {'POOLMAX': [-1, 2]}), ({'CONV': [64, 5]}, {'CONV': [128, 5]}), ({'CONV': [256, 3]}, {'CONV': [256, 5]}, {'POOLMAX': [-1, 2]}), {'GLOBAL_AVG': None}, {'LAST_DENSE': [100, 'softmax']}]",HHSE,NSGA2,,,,,0.7065866755284285,,,,1133527040,4206500,,,,,,"[20, 13, 15, 21, 26, 6, 29, 55]",0.7243498188509983,-0.0008674670226207,0.0,0.0,0.25,0.0,0.83,0,1,0,100,0,0.01,BEST,False,False,168,True,True,GREEDY,,,GREEDY_HV
BKDBGP[M][M][M][M][M],5,6,87,83,0.87,True,True,"[20, 13, 15, 22, 30, 6, 29, 55]",[],"[20.540310504718533, 13.350333422425363, 15.989689038614724, 22.864849421301123, 30.379992407423863, 6.235793270628328, 29.304629868497436, 55.25549564231851]","[{'INP': 32}, {'CONV': [64, 3]}, ({'CONV': [64, 3]}, {'CONV': [128, 3]}), ({'CONV': [32, 5]}, {'CONV': [128, 5]}, {'POOLMAX': [-1, 2]}), ({'CONV': [32, 5]}, {'CONV': [256, 5]}), ({'CONV': [64, 3]}, {'CONV': [256, 3]}, {'POOLMAX': [-1, 2]}), ({'CONV': [64, 5]}, {'CONV': [256, 3]}), ({'CONV': [32, 3]}, {'CONV': [256, 3]}, {'POOLMAX': [-1, 2]}), ({'CONV': [64, 5]}, {'CONV': [128, 5]}), ({'CONV': [256, 3]}, {'CONV': [256, 5]}, {'POOLMAX': [-1, 2]}), {'GLOBAL_AVG': None}, {'LAST_DENSE': [100, 'softmax']}]",HHSE,NSGA2,,,,,0.7065866755284285,,,,1133527040,4206500,,,,,,"[20, 13, 15, 21, 26, 6, 29, 55]",0.7245364061828188,1.433082507196204e-05,0.0,0.0,0.25,0.0,0.83,0,1,0,100,0,0.01,BEST,False,False,168,True,True,GREEDY,,,GREEDY_HV
BKDBGP[M][M][M][M][M],5,6,88,83,0.88,True,True,"[20, 13, 15, 22, 30, 6, 29, 55]",[],"[20.540310504718533, 13.350333422425363, 15.989689038614724, 22.864849421301123, 30.379992407423863, 6.235793270628328, 29.304629868497436, 55.25549564231851]","[{'INP': 32}, {'CONV': [64, 3]}, ({'CONV': [64, 3]}, {'CONV': [128, 3]}), ({'CONV': [32, 5]}, {'CONV': [128, 5]}, {'POOLMAX': [-1, 2]}), ({'CONV': [32, 5]}, {'CONV': [256, 5]}), ({'CONV': [64, 3]}, {'CONV': [256, 3]}, {'POOLMAX': [-1, 2]}), ({'CONV': [64, 5]}, {'CONV': [256, 3]}), ({'CONV': [32, 3]}, {'CONV': [256, 3]}, {'POOLMAX': [-1, 2]}), ({'CONV': [64, 5]}, {'CONV': [128, 5]}), ({'CONV': [256, 3]}, {'CONV': [256, 5]}, {'POOLMAX': [-1, 2]}), {'GLOBAL_AVG': None}, {'LAST_DENSE': [100, 'softmax']}]",HHSE,NSGA2,,,,,0.7065866755284285,,,,1133527040,4206500,,,,,,"[20, 13, 15, 21, 26, 6, 29, 55]",0.7245681660599573,4.73161037642944e-05,0.0,0.0,0.25,0.0,0.83,0,0,0,100,0,0.0,BEST,False,False,168,True,True,GREEDY,,,GREEDY_HV
BKDBGP[M][M][M][M][M],5,6,89,83,0.89,True,True,"[20, 13, 15, 22, 30, 6, 29, 55]",[],"[20.540310504718533, 13.350333422425363, 15.989689038614724, 22.864849421301123, 30.379992407423863, 6.235793270628328, 29.304629868497436, 55.25549564231851]","[{'INP': 32}, {'CONV': [64, 3]}, ({'CONV': [64, 3]}, {'CONV': [128, 3]}), ({'CONV': [32, 5]}, {'CONV': [128, 5]}, {'POOLMAX': [-1, 2]}), ({'CONV': [32, 5]}, {'CONV': [256, 5]}), ({'CONV': [64, 3]}, {'CONV': [256, 3]}, {'POOLMAX': [-1, 2]}), ({'CONV': [64, 5]}, {'CONV': [256, 3]}), ({'CONV': [32, 3]}, {'CONV': [256, 3]}, {'POOLMAX': [-1, 2]}), ({'CONV': [64, 5]}, {'CONV': [128, 5]}), ({'CONV': [256, 3]}, {'CONV': [256, 5]}, {'POOLMAX': [-1, 2]}), {'GLOBAL_AVG': None}, {'LAST_DENSE': [100, 'softmax']}]",HHSE,NSGA2,,,,,0.7065866755284285,,,,1133527040,4206500,,,,,,"[20, 13, 15, 21, 26, 6, 29, 55]",0.7247711567679218,1.2017738265646116e-06,0.0,0.0,0.25,0.0,0.83,0,1,0,100,0,0.01,BEST,False,False,168,True,True,GREEDY,,,GREEDY_HV
BKDBGP[M][M][M][M][M],5,6,90,83,0.9,True,True,"[20, 13, 15, 22, 30, 6, 29, 55]",[],"[20.540310504718533, 13.350333422425363, 15.989689038614724, 22.864849421301123, 30.379992407423863, 6.235793270628328, 29.304629868497436, 55.25549564231851]","[{'INP': 32}, {'CONV': [64, 3]}, ({'CONV': [64, 3]}, {'CONV': [128, 3]}), ({'CONV': [32, 5]}, {'CONV': [128, 5]}, {'POOLMAX': [-1, 2]}), ({'CONV': [32, 5]}, {'CONV': [256, 5]}), ({'CONV': [64, 3]}, {'CONV': [256, 3]}, {'POOLMAX': [-1, 2]}), ({'CONV': [64, 5]}, {'CONV': [256, 3]}), ({'CONV': [32, 3]}, {'CONV': [256, 3]}, {'POOLMAX': [-1, 2]}), ({'CONV': [64, 5]}, {'CONV': [128, 5]}), ({'CONV': [256, 3]}, {'CONV': [256, 5]}, {'POOLMAX': [-1, 2]}), {'GLOBAL_AVG': None}, {'LAST_DENSE': [100, 'softmax']}]",HHSE,NSGA2,,,,,0.7065866755284285,,,,1133527040,4206500,,,,,,"[20, 13, 15, 21, 26, 6, 29, 55]",0.7248158762147469,4.2328771160393686e-06,0.0,0.0,0.25,0.0,0.83,0,1,0,100,0,0.01,BEST,False,False,168,True,True,GREEDY,,,GREEDY_HV
BMFOII[M],5,6,91,91,0.91,True,True,"[20, 5, 4, 22, 28, 7, 28, 55]",[],"[20.326422430416542, 5.444063067276384, 4.185030450732942, 22.686466546393227, 28.44158989823783, 7.086473074243177, 28.250747014024064, 55.52902399102513]","[{'INP': 32}, {'CONV': [64, 3]}, ({'CONV': [64, 3]}, {'CONV': [128, 3]}), ({'CONV': [32, 3]}, {'CONV': [128, 5]}, {'POOLMAX': [-1, 2]}), ({'CONV': [32, 3]}, {'CONV': [128, 3]}), ({'CONV': [64, 3]}, {'CONV': [256, 3]}, {'POOLMAX': [-1, 2]}), ({'CONV': [64, 5]}, {'CONV': [128, 3]}), ({'CONV': [32, 3]}, {'CONV': [256, 5]}, {'POOLMAX': [-1, 2]}), ({'CONV': [64, 5]}, {'CONV': [128, 3]}), ({'CONV': [256, 3]}, {'CONV': [256, 5]}, {'POOLMAX': [-1, 2]}), {'GLOBAL_AVG': None}, {'LAST_DENSE': [100, 'softmax']}]",HHSE,NSGA2,,,,,0.707447204201559,,,,840245248,3722148,,,,,,"[19, 5, 4, 22, 28, 7, 28, 55]",0.7260802882581746,0.0007570992637437,0.25,0.75,0.125,0.625,0.91,0,0,0,100,0,0.0,BEST,False,False,147,True,True,GREEDY,,,GREEDY_HV
BMFOII[M][M],5,6,92,92,0.92,True,True,"[19, 6, 4, 23, 28, 7, 28, 55]",[],"[19.994111497603015, 6.0387251767418055, 4.157429512537949, 23.17702293349462, 28.599795550590972, 7.076974054131022, 28.5410379014337, 55.53712643423853]","[{'INP': 32}, {'CONV': [64, 3]}, ({'CONV': [64, 3]}, {'CONV': [64, 5]}), ({'CONV': [32, 3]}, {'CONV': [256, 3]}, {'POOLMAX': [-1, 2]}), ({'CONV': [32, 3]}, {'CONV': [128, 3]}), ({'CONV': [64, 3]}, {'CONV': [256, 5]}, {'POOLMAX': [-1, 2]}), ({'CONV': [64, 5]}, {'CONV': [128, 3]}), ({'CONV': [32, 3]}, {'CONV': [256, 5]}, {'POOLMAX': [-1, 2]}), ({'CONV': [64, 5]}, {'CONV': [128, 3]}), ({'CONV': [256, 3]}, {'CONV': [256, 5]}, {'POOLMAX': [-1, 2]}), {'GLOBAL_AVG': None}, {'LAST_DENSE': [100, 'softmax']}]",HHSE,NSGA2,,,,,0.7094000553565626,,,,956440576,4002980,,,,,,"[20, 5, 4, 22, 28, 7, 28, 55]",0.7278032175086441,0.0017700142373408,0.0,0.0,0.375,0.375,0.92,0,1,0,100,0,0.01,BEST,False,False,120,True,True,GREEDY,,,GREEDY_HV
BMFOII[M][M],5,6,93,92,0.93,True,True,"[19, 6, 4, 23, 28, 7, 28, 55]",[],"[19.994111497603015, 6.0387251767418055, 4.157429512537949, 23.17702293349462, 28.599795550590972, 7.076974054131022, 28.5410379014337, 55.53712643423853]","[{'INP': 32}, {'CONV': [64, 3]}, ({'CONV': [64, 3]}, {'CONV': [64, 5]}), ({'CONV': [32, 3]}, {'CONV': [256, 3]}, {'POOLMAX': [-1, 2]}), ({'CONV': [32, 3]}, {'CONV': [128, 3]}), ({'CONV': [64, 3]}, {'CONV': [256, 5]}, {'POOLMAX': [-1, 2]}), ({'CONV': [64, 5]}, {'CONV': [128, 3]}), ({'CONV': [32, 3]}, {'CONV': [256, 5]}, {'POOLMAX': [-1, 2]}), ({'CONV': [64, 5]}, {'CONV': [128, 3]}), ({'CONV': [256, 3]}, {'CONV': [256, 5]}, {'POOLMAX': [-1, 2]}), {'GLOBAL_AVG': None}, {'LAST_DENSE': [100, 'softmax']}]",HHSE,NSGA2,,,,,0.7094000553565626,,,,956440576,4002980,,,,,,"[20, 5, 4, 22, 28, 7, 28, 55]",0.7292466146426735,0.0016314850733353,0.0,0.0,0.375,0.0,0.92,0,1,0,100,0,0.01,BEST,False,False,120,True,True,GREEDY,,,GREEDY_HV
BMFOII[M][M],5,6,94,92,0.94,True,True,"[19, 6, 4, 23, 28, 7, 28, 55]",[],"[19.994111497603015, 6.0387251767418055, 4.157429512537949, 23.17702293349462, 28.599795550590972, 7.076974054131022, 28.5410379014337, 55.53712643423853]","[{'INP': 32}, {'CONV': [64, 3]}, ({'CONV': [64, 3]}, {'CONV': [64, 5]}), ({'CONV': [32, 3]}, {'CONV': [256, 3]}, {'POOLMAX': [-1, 2]}), ({'CONV': [32, 3]}, {'CONV': [128, 3]}), ({'CONV': [64, 3]}, {'CONV': [256, 5]}, {'POOLMAX': [-1, 2]}), ({'CONV': [64, 5]}, {'CONV': [128, 3]}), ({'CONV': [32, 3]}, {'CONV': [256, 5]}, {'POOLMAX': [-1, 2]}), ({'CONV': [64, 5]}, {'CONV': [128, 3]}), ({'CONV': [256, 3]}, {'CONV': [256, 5]}, {'POOLMAX': [-1, 2]}), {'GLOBAL_AVG': None}, {'LAST_DENSE': [100, 'softmax']}]",HHSE,NSGA2,,,,,0.7094000553565626,,,,956440576,4002980,,,,,,"[20, 5, 4, 22, 28, 7, 28, 55]",0.7278452346710997,-0.0006379027256484,0.0,0.0,0.375,0.0,0.92,0,0,0,100,0,0.0,BEST,False,False,120,True,True,GREEDY,,,GREEDY_HV
BLLTBO[M][M],5,6,95,95,0.95,True,True,"[19, 18, 20, 23, 46, 6, 29, 55]",[],"[19.87103314178654, 18.287944951606228, 20.302554754106858, 23.02431455799458, 46.474000265492656, 6.715328113449849, 29.152813531735642, 55.90508934299278]","[{'INP': 32}, {'CONV': [64, 3]}, ({'CONV': [64, 3]}, {'CONV': [64, 5]}), ({'CONV': [64, 3]}, {'CONV': [64, 3]}, {'POOLMAX': [-1, 2]}), ({'CONV': [64, 3]}, {'CONV': [128, 3]}), ({'CONV': [64, 3]}, {'CONV': [256, 5]}, {'POOLMAX': [-1, 2]}), ({'CONV': [128, 5]}, {'CONV': [256, 3]}), ({'CONV': [32, 3]}, {'CONV': [256, 3]}, {'POOLMAX': [-1, 2]}), ({'CONV': [64, 5]}, {'CONV': [128, 5]}), ({'CONV': [256, 3]}, {'CONV': [256, 5]}, {'POOLMAX': [-1, 2]}), {'GLOBAL_AVG': None}, {'LAST_DENSE': [100, 'softmax']}]",HHSE,NSGA2,,,,,0.7112541410240971,,,,990064640,4652452,,,,,,"[19, 18, 20, 22, 46, 6, 29, 55]",0.729469027418233,-2.798743211362975e-05,0.0,0.0,0.125,0.625,0.95,0,1,0,100,0,0.01,BEST,False,False,82,True,True,GREEDY,,,GREEDY_HV
BLLTBO[M][M],5,6,96,96,0.96,True,True,"[20, 18, 20, 23, 46, 6, 29, 55]",[],"[20.05713646883672, 18.226011153394165, 20.229217632158914, 23.022554212089947, 46.36984224844972, 6.698928844078489, 29.124942213647667, 55.877415937727456]","[{'INP': 32}, {'CONV': [64, 3]}, ({'CONV': [64, 3]}, {'CONV': [128, 3]}), ({'CONV': [64, 3]}, {'CONV': [64, 3]}, {'POOLMAX': [-1, 2]}), ({'CONV': [64, 3]}, {'CONV': [128, 3]}), ({'CONV': [64, 3]}, {'CONV': [256, 5]}, {'POOLMAX': [-1, 2]}), ({'CONV': [128, 5]}, {'CONV': [256, 3]}), ({'CONV': [32, 3]}, {'CONV': [256, 3]}, {'POOLMAX': [-1, 2]}), ({'CONV': [64, 5]}, {'CONV': [128, 5]}), ({'CONV': [256, 3]}, {'CONV': [256, 5]}, {'POOLMAX': [-1, 2]}), {'GLOBAL_AVG': None}, {'LAST_DENSE': [100, 'softmax']}]",HHSE,NSGA2,,,,,0.7162124402632385,,,,1007169536,4660900,,,,,,"[19, 18, 20, 22, 46, 6, 29, 55]",0.732038771245853,0.0019665728678927,0.0,0.0,0.25,0.125,0.96,0,1,0,100,0,0.01,BEST,False,False,17,True,True,GREEDY,,,GREEDY_HV
BBFPYF[M],5,6,97,97,0.97,True,True,"[20, 18, 20, 23, 46, 6, 12, 55]",[],"[20.2668046605796, 18.151375883249287, 20.034013058701717, 23.52662941139554, 46.23427812041869, 6.580782107905105, 12.155596108433055, 55.55367491347444]","[{'INP': 32}, {'CONV': [64, 3]}, ({'CONV': [64, 3]}, {'CONV': [128, 3]}), ({'CONV': [64, 3]}, {'CONV': [64, 3]}, {'POOLMAX': [-1, 2]}), ({'CONV': [64, 3]}, {'CONV': [128, 3]}), ({'CONV': [64, 3]}, {'CONV': [256, 5]}, {'POOLMAX': [-1, 2]}), ({'CONV': [128, 5]}, {'CONV': [256, 3]}), ({'CONV': [32, 3]}, {'CONV': [256, 3]}, {'POOLMAX': [-1, 2]}), ({'CONV': [32, 5]}, {'CONV': [128, 3]}), ({'CONV': [256, 3]}, {'CONV': [256, 5]}, {'POOLMAX': [-1, 2]}), {'GLOBAL_AVG': None}, {'LAST_DENSE': [100, 'softmax']}]",HHSE,NSGA2,,,,,0.7162124402632385,,,,995239424,4288036,,,,,,"[20, 18, 20, 23, 46, 6, 12, 55]",0.7342976962697859,0.0005138600186003,0.25,0.125,0.0,0.125,0.97,0,0,0,100,0,0.0,BEST,False,False,17,True,True,GREEDY,,,GREEDY_HV
BBFPYF[M],5,6,98,97,0.98,True,True,"[20, 18, 20, 23, 46, 6, 12, 55]",[],"[20.2668046605796, 18.151375883249287, 20.034013058701717, 23.52662941139554, 46.23427812041869, 6.580782107905105, 12.155596108433055, 55.55367491347444]","[{'INP': 32}, {'CONV': [64, 3]}, ({'CONV': [64, 3]}, {'CONV': [128, 3]}), ({'CONV': [64, 3]}, {'CONV': [64, 3]}, {'POOLMAX': [-1, 2]}), ({'CONV': [64, 3]}, {'CONV': [128, 3]}), ({'CONV': [64, 3]}, {'CONV': [256, 5]}, {'POOLMAX': [-1, 2]}), ({'CONV': [128, 5]}, {'CONV': [256, 3]}), ({'CONV': [32, 3]}, {'CONV': [256, 3]}, {'POOLMAX': [-1, 2]}), ({'CONV': [32, 5]}, {'CONV': [128, 3]}), ({'CONV': [256, 3]}, {'CONV': [256, 5]}, {'POOLMAX': [-1, 2]}), {'GLOBAL_AVG': None}, {'LAST_DENSE': [100, 'softmax']}]",HHSE,NSGA2,,,,,0.7162124402632385,,,,995239424,4288036,,,,,,"[20, 18, 20, 23, 46, 6, 12, 55]",0.7343916080533277,-1.425933323329076e-05,0.25,0.125,0.0,0.0,0.97,0,0,0,100,0,0.0,BEST,False,False,17,True,True,GREEDY,,,GREEDY_HV
BBFPYF[M],5,6,99,97,0.99,True,True,"[20, 18, 20, 23, 46, 6, 12, 55]",[],"[20.2668046605796, 18.151375883249287, 20.034013058701717, 23.52662941139554, 46.23427812041869, 6.580782107905105, 12.155596108433055, 55.55367491347444]","[{'INP': 32}, {'CONV': [64, 3]}, ({'CONV': [64, 3]}, {'CONV': [128, 3]}), ({'CONV': [64, 3]}, {'CONV': [64, 3]}, {'POOLMAX': [-1, 2]}), ({'CONV': [64, 3]}, {'CONV': [128, 3]}), ({'CONV': [64, 3]}, {'CONV': [256, 5]}, {'POOLMAX': [-1, 2]}), ({'CONV': [128, 5]}, {'CONV': [256, 3]}), ({'CONV': [32, 3]}, {'CONV': [256, 3]}, {'POOLMAX': [-1, 2]}), ({'CONV': [32, 5]}, {'CONV': [128, 3]}), ({'CONV': [256, 3]}, {'CONV': [256, 5]}, {'POOLMAX': [-1, 2]}), {'GLOBAL_AVG': None}, {'LAST_DENSE': [100, 'softmax']}]",HHSE,NSGA2,,,,,0.7162124402632385,,,,995239424,4288036,,,,,,"[20, 18, 20, 23, 46, 6, 12, 55]",0.7347233122098876,-9.098332892976124e-06,0.25,0.125,0.0,0.0,0.97,0,0,0,100,0,0.0,BEST,False,False,17,True,True,GREEDY,,,GREEDY_HV
BBFPYF[M],5,6,100,97,1.0,True,True,"[20, 18, 20, 23, 46, 6, 12, 55]",[],"[20.2668046605796, 18.151375883249287, 20.034013058701717, 23.52662941139554, 46.23427812041869, 6.580782107905105, 12.155596108433055, 55.55367491347444]","[{'INP': 32}, {'CONV': [64, 3]}, ({'CONV': [64, 3]}, {'CONV': [128, 3]}), ({'CONV': [64, 3]}, {'CONV': [64, 3]}, {'POOLMAX': [-1, 2]}), ({'CONV': [64, 3]}, {'CONV': [128, 3]}), ({'CONV': [64, 3]}, {'CONV': [256, 5]}, {'POOLMAX': [-1, 2]}), ({'CONV': [128, 5]}, {'CONV': [256, 3]}), ({'CONV': [32, 3]}, {'CONV': [256, 3]}, {'POOLMAX': [-1, 2]}), ({'CONV': [32, 5]}, {'CONV': [128, 3]}), ({'CONV': [256, 3]}, {'CONV': [256, 5]}, {'POOLMAX': [-1, 2]}), {'GLOBAL_AVG': None}, {'LAST_DENSE': [100, 'softmax']}]",HHSE,NSGA2,,,,,0.7162124402632385,,,,995239424,4288036,,,,,,"[20, 18, 20, 23, 46, 6, 12, 55]",0.7347417377337037,-1.103279833380988e-05,0.25,0.125,0.0,0.0,0.97,0,0,0,100,0,0.0,BEST,False,False,17,True,True,GREEDY,,,GREEDY_HV
BZKNDC,6,7,1,1,0.01,False,False,"[42, 53, 47, 39, 36, 7, 44, 22]",[],"[42.07095860616502, 53.892603214454134, 47.97513307535048, 39.82577980168557, 36.11974386754444, 7.621799548573246, 44.334502145749205, 22.311666943425795]","[{'INP': 32}, {'CONV': [64, 3]}, ({'CONV': [128, 5]}, {'CONV': [64, 3]}), ({'CONV': [256, 3]}, {'CONV': [128, 5]}, {'POOLMAX': [-1, 2]}), ({'CONV': [128, 5]}, {'CONV': [256, 5]}), ({'CONV': [128, 3]}, {'CONV': [256, 5]}, {'POOLMAX': [-1, 2]}), ({'CONV': [128, 3]}, {'CONV': [128, 3]}), ({'CONV': [32, 3]}, {'CONV': [256, 5]}, {'POOLMAX': [-1, 2]}), ({'CONV': [128, 5]}, {'CONV': [128, 3]}), ({'CONV': [64, 3]}, {'CONV': [256, 3]}, {'POOLMAX': [-1, 2]}), {'GLOBAL_AVG': None}, {'LAST_DENSE': [100, 'softmax']}]",HHSE,NSGA2,,,,,0.6919625791713905,,,,3884214272,5497508,,,,,,,0.6848740071779728,0.0,0.0,0.0,0.0,0.0,0.01,0,15,0,100,0,0.15,BEST,False,False,314,True,True,GREEDY,,,GREEDY_HV
BZKNDC,6,7,2,1,0.02,False,False,"[42, 53, 47, 39, 36, 7, 44, 22]",[],"[42.07095860616502, 53.892603214454134, 47.97513307535048, 39.82577980168557, 36.11974386754444, 7.621799548573246, 44.334502145749205, 22.311666943425795]","[{'INP': 32}, {'CONV': [64, 3]}, ({'CONV': [128, 5]}, {'CONV': [64, 3]}), ({'CONV': [256, 3]}, {'CONV': [128, 5]}, {'POOLMAX': [-1, 2]}), ({'CONV': [128, 5]}, {'CONV': [256, 5]}), ({'CONV': [128, 3]}, {'CONV': [256, 5]}, {'POOLMAX': [-1, 2]}), ({'CONV': [128, 3]}, {'CONV': [128, 3]}), ({'CONV': [32, 3]}, {'CONV': [256, 5]}, {'POOLMAX': [-1, 2]}), ({'CONV': [128, 5]}, {'CONV': [128, 3]}), ({'CONV': [64, 3]}, {'CONV': [256, 3]}, {'POOLMAX': [-1, 2]}), {'GLOBAL_AVG': None}, {'LAST_DENSE': [100, 'softmax']}]",HHSE,NSGA2,,,,,0.6919625791713905,,,,3884214272,5497508,,,,,,,0.6872915400154997,0.0004017403046936,0.0,0.0,0.0,0.0,0.01,0,6,0,100,0,0.06,BEST,False,False,314,True,True,GREEDY,,,GREEDY_HV
BTMEWN[M][M],6,7,3,3,0.03,True,True,"[54, 31, 61, 38, 49, 54, 22, 47]",[],"[54.2336079919115, 31.680418386659294, 61.42210936208924, 38.87454487293939, 49.258585238089104, 54.15388354773245, 22.23489683296065, 47.50824110998516]","[{'INP': 32}, {'CONV': [64, 3]}, ({'CONV': [256, 3]}, {'CONV': [256, 3]}), ({'CONV': [64, 5]}, {'CONV': [256, 5]}, {'POOLMAX': [-1, 2]}), ({'CONV': [256, 5]}, {'CONV': [128, 5]}), ({'CONV': [128, 3]}, {'CONV': [256, 3]}, {'POOLMAX': [-1, 2]}), ({'CONV': [256, 3]}, {'CONV': [32, 5]}), ({'CONV': [256, 3]}, {'CONV': [256, 3]}, {'POOLMAX': [-1, 2]}), ({'CONV': [64, 3]}, {'CONV': [256, 3]}), ({'CONV': [128, 5]}, {'CONV': [256, 5]}, {'POOLMAX': [-1, 2]}), {'GLOBAL_AVG': None}, {'LAST_DENSE': [100, 'softmax']}]",HHSE,NSGA2,,,,,0.6946862639535805,,,,4931833856,7888036,,,,,,"[1, 0, 59, 61, 38, 29, 43, 30]",0.6908213412203535,0.0013900851979505,0.0,0.0,1.0,1.0,0.03,0,1,0,100,0,0.01,BEST,False,False,299,True,True,GREEDY,,,GREEDY_HV
BTMEWN[M][M],6,7,4,3,0.04,True,True,"[54, 31, 61, 38, 49, 54, 22, 47]",[],"[54.2336079919115, 31.680418386659294, 61.42210936208924, 38.87454487293939, 49.258585238089104, 54.15388354773245, 22.23489683296065, 47.50824110998516]","[{'INP': 32}, {'CONV': [64, 3]}, ({'CONV': [256, 3]}, {'CONV': [256, 3]}), ({'CONV': [64, 5]}, {'CONV': [256, 5]}, {'POOLMAX': [-1, 2]}), ({'CONV': [256, 5]}, {'CONV': [128, 5]}), ({'CONV': [128, 3]}, {'CONV': [256, 3]}, {'POOLMAX': [-1, 2]}), ({'CONV': [256, 3]}, {'CONV': [32, 5]}), ({'CONV': [256, 3]}, {'CONV': [256, 3]}, {'POOLMAX': [-1, 2]}), ({'CONV': [64, 3]}, {'CONV': [256, 3]}), ({'CONV': [128, 5]}, {'CONV': [256, 5]}, {'POOLMAX': [-1, 2]}), {'GLOBAL_AVG': None}, {'LAST_DENSE': [100, 'softmax']}]",HHSE,NSGA2,,,,,0.6946862639535805,,,,4931833856,7888036,,,,,,"[1, 0, 59, 61, 38, 29, 43, 30]",0.7003066731599289,0.0079403058772994,0.0,0.0,1.0,0.0,0.03,0,0,0,100,0,0.0,BEST,False,False,299,True,True,GREEDY,,,GREEDY_HV
BTMEWN[M][M],6,7,5,3,0.05,True,True,"[54, 31, 61, 38, 49, 54, 22, 47]",[],"[54.2336079919115, 31.680418386659294, 61.42210936208924, 38.87454487293939, 49.258585238089104, 54.15388354773245, 22.23489683296065, 47.50824110998516]","[{'INP': 32}, {'CONV': [64, 3]}, ({'CONV': [256, 3]}, {'CONV': [256, 3]}), ({'CONV': [64, 5]}, {'CONV': [256, 5]}, {'POOLMAX': [-1, 2]}), ({'CONV': [256, 5]}, {'CONV': [128, 5]}), ({'CONV': [128, 3]}, {'CONV': [256, 3]}, {'POOLMAX': [-1, 2]}), ({'CONV': [256, 3]}, {'CONV': [32, 5]}), ({'CONV': [256, 3]}, {'CONV': [256, 3]}, {'POOLMAX': [-1, 2]}), ({'CONV': [64, 3]}, {'CONV': [256, 3]}), ({'CONV': [128, 5]}, {'CONV': [256, 5]}, {'POOLMAX': [-1, 2]}), {'GLOBAL_AVG': None}, {'LAST_DENSE': [100, 'softmax']}]",HHSE,NSGA2,,,,,0.6946862639535805,,,,4931833856,7888036,,,,,,"[1, 0, 59, 61, 38, 29, 43, 30]",0.7013288544329425,-0.0025956197061435,0.0,0.0,1.0,0.0,0.03,0,0,0,100,0,0.0,BEST,False,False,299,True,True,GREEDY,,,GREEDY_HV
BTMEWN[M][M],6,7,6,3,0.06,True,True,"[54, 31, 61, 38, 49, 54, 22, 47]",[],"[54.2336079919115, 31.680418386659294, 61.42210936208924, 38.87454487293939, 49.258585238089104, 54.15388354773245, 22.23489683296065, 47.50824110998516]","[{'INP': 32}, {'CONV': [64, 3]}, ({'CONV': [256, 3]}, {'CONV': [256, 3]}), ({'CONV': [64, 5]}, {'CONV': [256, 5]}, {'POOLMAX': [-1, 2]}), ({'CONV': [256, 5]}, {'CONV': [128, 5]}), ({'CONV': [128, 3]}, {'CONV': [256, 3]}, {'POOLMAX': [-1, 2]}), ({'CONV': [256, 3]}, {'CONV': [32, 5]}), ({'CONV': [256, 3]}, {'CONV': [256, 3]}, {'POOLMAX': [-1, 2]}), ({'CONV': [64, 3]}, {'CONV': [256, 3]}), ({'CONV': [128, 5]}, {'CONV': [256, 5]}, {'POOLMAX': [-1, 2]}), {'GLOBAL_AVG': None}, {'LAST_DENSE': [100, 'softmax']}]",HHSE,NSGA2,,,,,0.6946862639535805,,,,4931833856,7888036,,,,,,"[1, 0, 59, 61, 38, 29, 43, 30]",0.7023227137918289,-0.0004246166114751,0.0,0.0,1.0,0.0,0.03,0,0,0,100,0,0.0,BEST,False,False,299,True,True,GREEDY,,,GREEDY_HV
BTMEWN[M][M],6,7,7,3,0.07,True,True,"[54, 31, 61, 38, 49, 54, 22, 47]",[],"[54.2336079919115, 31.680418386659294, 61.42210936208924, 38.87454487293939, 49.258585238089104, 54.15388354773245, 22.23489683296065, 47.50824110998516]","[{'INP': 32}, {'CONV': [64, 3]}, ({'CONV': [256, 3]}, {'CONV': [256, 3]}), ({'CONV': [64, 5]}, {'CONV': [256, 5]}, {'POOLMAX': [-1, 2]}), ({'CONV': [256, 5]}, {'CONV': [128, 5]}), ({'CONV': [128, 3]}, {'CONV': [256, 3]}, {'POOLMAX': [-1, 2]}), ({'CONV': [256, 3]}, {'CONV': [32, 5]}), ({'CONV': [256, 3]}, {'CONV': [256, 3]}, {'POOLMAX': [-1, 2]}), ({'CONV': [64, 3]}, {'CONV': [256, 3]}), ({'CONV': [128, 5]}, {'CONV': [256, 5]}, {'POOLMAX': [-1, 2]}), {'GLOBAL_AVG': None}, {'LAST_DENSE': [100, 'softmax']}]",HHSE,NSGA2,,,,,0.6946862639535805,,,,4931833856,7888036,,,,,,"[1, 0, 59, 61, 38, 29, 43, 30]",0.707558601763997,0.0033172979932671,0.0,0.0,1.0,0.0,0.03,0,0,0,100,0,0.0,BEST,False,False,299,True,True,GREEDY,,,GREEDY_HV
BTMEWN[M][M],6,7,8,3,0.08,True,True,"[54, 31, 61, 38, 49, 54, 22, 47]",[],"[54.2336079919115, 31.680418386659294, 61.42210936208924, 38.87454487293939, 49.258585238089104, 54.15388354773245, 22.23489683296065, 47.50824110998516]","[{'INP': 32}, {'CONV': [64, 3]}, ({'CONV': [256, 3]}, {'CONV': [256, 3]}), ({'CONV': [64, 5]}, {'CONV': [256, 5]}, {'POOLMAX': [-1, 2]}), ({'CONV': [256, 5]}, {'CONV': [128, 5]}), ({'CONV': [128, 3]}, {'CONV': [256, 3]}, {'POOLMAX': [-1, 2]}), ({'CONV': [256, 3]}, {'CONV': [32, 5]}), ({'CONV': [256, 3]}, {'CONV': [256, 3]}, {'POOLMAX': [-1, 2]}), ({'CONV': [64, 3]}, {'CONV': [256, 3]}), ({'CONV': [128, 5]}, {'CONV': [256, 5]}, {'POOLMAX': [-1, 2]}), {'GLOBAL_AVG': None}, {'LAST_DENSE': [100, 'softmax']}]",HHSE,NSGA2,,,,,0.6946862639535805,,,,4931833856,7888036,,,,,,"[1, 0, 59, 61, 38, 29, 43, 30]",0.7025139335536336,-0.0002983193070557,0.0,0.0,1.0,0.0,0.03,0,0,0,100,0,0.0,BEST,False,False,299,True,True,GREEDY,,,GREEDY_HV
BTMEWN[M][M],6,7,9,3,0.09,True,True,"[54, 31, 61, 38, 49, 54, 22, 47]",[],"[54.2336079919115, 31.680418386659294, 61.42210936208924, 38.87454487293939, 49.258585238089104, 54.15388354773245, 22.23489683296065, 47.50824110998516]","[{'INP': 32}, {'CONV': [64, 3]}, ({'CONV': [256, 3]}, {'CONV': [256, 3]}), ({'CONV': [64, 5]}, {'CONV': [256, 5]}, {'POOLMAX': [-1, 2]}), ({'CONV': [256, 5]}, {'CONV': [128, 5]}), ({'CONV': [128, 3]}, {'CONV': [256, 3]}, {'POOLMAX': [-1, 2]}), ({'CONV': [256, 3]}, {'CONV': [32, 5]}), ({'CONV': [256, 3]}, {'CONV': [256, 3]}, {'POOLMAX': [-1, 2]}), ({'CONV': [64, 3]}, {'CONV': [256, 3]}), ({'CONV': [128, 5]}, {'CONV': [256, 5]}, {'POOLMAX': [-1, 2]}), {'GLOBAL_AVG': None}, {'LAST_DENSE': [100, 'softmax']}]",HHSE,NSGA2,,,,,0.6946862639535805,,,,4931833856,7888036,,,,,,"[1, 0, 59, 61, 38, 29, 43, 30]",0.7027509867678763,-0.0019230267376357,0.0,0.0,1.0,0.0,0.03,0,0,0,100,0,0.0,BEST,False,False,299,True,True,GREEDY,,,GREEDY_HV
BHQET[M],6,7,10,10,0.1,True,True,"[52, 8, 54, 38, 56, 62, 19, 23]",[],"[52.94914042360771, 8.03650347754111, 54.39242397033827, 38.594320743757535, 56.06681248312161, 62.53214767437164, 19.169962519029138, 23.36135314061951]","[{'INP': 32}, {'CONV': [64, 3]}, ({'CONV': [256, 3]}, {'CONV': [128, 3]}), ({'CONV': [32, 5]}, {'CONV': [32, 3]}, {'POOLMAX': [-1, 2]}), ({'CONV': [256, 3]}, {'CONV': [256, 3]}), ({'CONV': [128, 3]}, {'CONV': [256, 3]}, {'POOLMAX': [-1, 2]}), ({'CONV': [256, 5]}, {'CONV': [32, 3]}), ({'CONV': [256, 5]}, {'CONV': [256, 3]}, {'POOLMAX': [-1, 2]}), ({'CONV': [64, 3]}, {'CONV': [64, 5]}), ({'CONV': [64, 3]}, {'CONV': [256, 5]}, {'POOLMAX': [-1, 2]}), {'GLOBAL_AVG': None}, {'LAST_DENSE': [100, 'softmax']}]",HHSE,NSGA2,,,,,0.6959149324420764,,,,2127560704,5048484,,,,,,"[2, 0, 0, 22, 38, 57, 44, 30]",0.7045429458153146,-0.0044822656093806,0.625,0.25,1.0,0.875,0.1,0,1,0,100,0,0.01,BEST,False,False,292,True,True,GREEDY,,,GREEDY_HV
BQYXHR[M],6,7,11,11,0.11,True,True,"[3, 60, 4, 39, 57, 61, 54, 55]",[],"[3.0169380054246226, 60.31233509295401, 4.923030646744973, 39.6080003613518, 57.60529461727711, 61.220753983921774, 54.748460346553514, 55.9119474822371]","[{'INP': 32}, {'CONV': [64, 3]}, ({'CONV': [32, 3]}, {'CONV': [64, 5]}), ({'CONV': [256, 5]}, {'CONV': [128, 3]}, {'POOLMAX': [-1, 2]}), ({'CONV': [32, 3]}, {'CONV': [128, 3]}), ({'CONV': [128, 3]}, {'CONV': [256, 5]}, {'POOLMAX': [-1, 2]}), ({'CONV': [256, 5]}, {'CONV': [32, 5]}), ({'CONV': [256, 5]}, {'CONV': [128, 5]}, {'POOLMAX': [-1, 2]}), ({'CONV': [256, 3]}, {'CONV': [256, 3]}), ({'CONV': [256, 3]}, {'CONV': [256, 5]}, {'POOLMAX': [-1, 2]}), {'GLOBAL_AVG': None}, {'LAST_DENSE': [100, 'softmax']}]",HHSE,NSGA2,,,,,0.6991274526147536,,,,2592945152,7833252,,,,,,"[4, 54, 29, 5, 35, 61, 31, 55]",0.7068628229862635,-0.0006837417865158,0.5,0.5,0.75,1.0,0.11,0,1,0,100,0,0.01,BEST,False,False,258,True,True,GREEDY,,,GREEDY_HV
BQYXHR[M],6,7,12,11,0.12,True,True,"[3, 60, 4, 39, 57, 61, 54, 55]",[],"[3.0169380054246226, 60.31233509295401, 4.923030646744973, 39.6080003613518, 57.60529461727711, 61.220753983921774, 54.748460346553514, 55.9119474822371]","[{'INP': 32}, {'CONV': [64, 3]}, ({'CONV': [32, 3]}, {'CONV': [64, 5]}), ({'CONV': [256, 5]}, {'CONV': [128, 3]}, {'POOLMAX': [-1, 2]}), ({'CONV': [32, 3]}, {'CONV': [128, 3]}), ({'CONV': [128, 3]}, {'CONV': [256, 5]}, {'POOLMAX': [-1, 2]}), ({'CONV': [256, 5]}, {'CONV': [32, 5]}), ({'CONV': [256, 5]}, {'CONV': [128, 5]}, {'POOLMAX': [-1, 2]}), ({'CONV': [256, 3]}, {'CONV': [256, 3]}), ({'CONV': [256, 3]}, {'CONV': [256, 5]}, {'POOLMAX': [-1, 2]}), {'GLOBAL_AVG': None}, {'LAST_DENSE': [100, 'softmax']}]",HHSE,NSGA2,,,,,0.6991274526147536,,,,2592945152,7833252,,,,,,"[4, 54, 29, 5, 35, 61, 31, 55]",0.7087598204642367,-0.0050543945442614,0.5,0.5,0.75,0.0,0.11,0,0,0,100,0,0.0,BEST,False,False,258,True,True,GREEDY,,,GREEDY_HV
BQYXHR[M],6,7,13,11,0.13,True,True,"[3, 60, 4, 39, 57, 61, 54, 55]",[],"[3.0169380054246226, 60.31233509295401, 4.923030646744973, 39.6080003613518, 57.60529461727711, 61.220753983921774, 54.748460346553514, 55.9119474822371]","[{'INP': 32}, {'CONV': [64, 3]}, ({'CONV': [32, 3]}, {'CONV': [64, 5]}), ({'CONV': [256, 5]}, {'CONV': [128, 3]}, {'POOLMAX': [-1, 2]}), ({'CONV': [32, 3]}, {'CONV': [128, 3]}), ({'CONV': [128, 3]}, {'CONV': [256, 5]}, {'POOLMAX': [-1, 2]}), ({'CONV': [256, 5]}, {'CONV': [32, 5]}), ({'CONV': [256, 5]}, {'CONV': [128, 5]}, {'POOLMAX': [-1, 2]}), ({'CONV': [256, 3]}, {'CONV': [256, 3]}), ({'CONV': [256, 3]}, {'CONV': [256, 5]}, {'POOLMAX': [-1, 2]}), {'GLOBAL_AVG': None}, {'LAST_DENSE': [100, 'softmax']}]",HHSE,NSGA2,,,,,0.6991274526147536,,,,2592945152,7833252,,,,,,"[4, 54, 29, 5, 35, 61, 31, 55]",0.7089070398879735,-0.0006305503465099,0.5,0.5,0.75,0.0,0.11,0,0,0,100,0,0.0,BEST,False,False,258,True,True,GREEDY,,,GREEDY_HV
BQYXHR[M],6,7,14,11,0.14,True,True,"[3, 60, 4, 39, 57, 61, 54, 55]",[],"[3.0169380054246226, 60.31233509295401, 4.923030646744973, 39.6080003613518, 57.60529461727711, 61.220753983921774, 54.748460346553514, 55.9119474822371]","[{'INP': 32}, {'CONV': [64, 3]}, ({'CONV': [32, 3]}, {'CONV': [64, 5]}), ({'CONV': [256, 5]}, {'CONV': [128, 3]}, {'POOLMAX': [-1, 2]}), ({'CONV': [32, 3]}, {'CONV': [128, 3]}), ({'CONV': [128, 3]}, {'CONV': [256, 5]}, {'POOLMAX': [-1, 2]}), ({'CONV': [256, 5]}, {'CONV': [32, 5]}), ({'CONV': [256, 5]}, {'CONV': [128, 5]}, {'POOLMAX': [-1, 2]}), ({'CONV': [256, 3]}, {'CONV': [256, 3]}), ({'CONV': [256, 3]}, {'CONV': [256, 5]}, {'POOLMAX': [-1, 2]}), {'GLOBAL_AVG': None}, {'LAST_DENSE': [100, 'softmax']}]",HHSE,NSGA2,,,,,0.6991274526147536,,,,2592945152,7833252,,,,,,"[4, 54, 29, 5, 35, 61, 31, 55]",0.7102971114089623,-0.0005970209720447,0.5,0.5,0.75,0.0,0.11,0,0,0,100,0,0.0,BEST,False,False,258,True,True,GREEDY,,,GREEDY_HV
BQYXHR[M],6,7,15,11,0.15,True,True,"[3, 60, 4, 39, 57, 61, 54, 55]",[],"[3.0169380054246226, 60.31233509295401, 4.923030646744973, 39.6080003613518, 57.60529461727711, 61.220753983921774, 54.748460346553514, 55.9119474822371]","[{'INP': 32}, {'CONV': [64, 3]}, ({'CONV': [32, 3]}, {'CONV': [64, 5]}), ({'CONV': [256, 5]}, {'CONV': [128, 3]}, {'POOLMAX': [-1, 2]}), ({'CONV': [32, 3]}, {'CONV': [128, 3]}), ({'CONV': [128, 3]}, {'CONV': [256, 5]}, {'POOLMAX': [-1, 2]}), ({'CONV': [256, 5]}, {'CONV': [32, 5]}), ({'CONV': [256, 5]}, {'CONV': [128, 5]}, {'POOLMAX': [-1, 2]}), ({'CONV': [256, 3]}, {'CONV': [256, 3]}), ({'CONV': [256, 3]}, {'CONV': [256, 5]}, {'POOLMAX': [-1, 2]}), {'GLOBAL_AVG': None}, {'LAST_DENSE': [100, 'softmax']}]",HHSE,NSGA2,,,,,0.6991274526147536,,,,2592945152,7833252,,,,,,"[4, 54, 29, 5, 35, 61, 31, 55]",0.7104558995604258,-0.0020615584370002,0.5,0.5,0.75,0.0,0.11,0,0,0,100,0,0.0,BEST,False,False,258,True,True,GREEDY,,,GREEDY_HV
BQYXHR[M],6,7,16,11,0.16,True,True,"[3, 60, 4, 39, 57, 61, 54, 55]",[],"[3.0169380054246226, 60.31233509295401, 4.923030646744973, 39.6080003613518, 57.60529461727711, 61.220753983921774, 54.748460346553514, 55.9119474822371]","[{'INP': 32}, {'CONV': [64, 3]}, ({'CONV': [32, 3]}, {'CONV': [64, 5]}), ({'CONV': [256, 5]}, {'CONV': [128, 3]}, {'POOLMAX': [-1, 2]}), ({'CONV': [32, 3]}, {'CONV': [128, 3]}), ({'CONV': [128, 3]}, {'CONV': [256, 5]}, {'POOLMAX': [-1, 2]}), ({'CONV': [256, 5]}, {'CONV': [32, 5]}), ({'CONV': [256, 5]}, {'CONV': [128, 5]}, {'POOLMAX': [-1, 2]}), ({'CONV': [256, 3]}, {'CONV': [256, 3]}), ({'CONV': [256, 3]}, {'CONV': [256, 5]}, {'POOLMAX': [-1, 2]}), {'GLOBAL_AVG': None}, {'LAST_DENSE': [100, 'softmax']}]",HHSE,NSGA2,,,,,0.6991274526147536,,,,2592945152,7833252,,,,,,"[4, 54, 29, 5, 35, 61, 31, 55]",0.7104496405417277,-0.0003132501791651,0.5,0.5,0.75,0.0,0.11,0,0,0,100,0,0.0,BEST,False,False,258,True,True,GREEDY,,,GREEDY_HV
BQYXHR[M],6,7,17,11,0.17,True,True,"[3, 60, 4, 39, 57, 61, 54, 55]",[],"[3.0169380054246226, 60.31233509295401, 4.923030646744973, 39.6080003613518, 57.60529461727711, 61.220753983921774, 54.748460346553514, 55.9119474822371]","[{'INP': 32}, {'CONV': [64, 3]}, ({'CONV': [32, 3]}, {'CONV': [64, 5]}), ({'CONV': [256, 5]}, {'CONV': [128, 3]}, {'POOLMAX': [-1, 2]}), ({'CONV': [32, 3]}, {'CONV': [128, 3]}), ({'CONV': [128, 3]}, {'CONV': [256, 5]}, {'POOLMAX': [-1, 2]}), ({'CONV': [256, 5]}, {'CONV': [32, 5]}), ({'CONV': [256, 5]}, {'CONV': [128, 5]}, {'POOLMAX': [-1, 2]}), ({'CONV': [256, 3]}, {'CONV': [256, 3]}), ({'CONV': [256, 3]}, {'CONV': [256, 5]}, {'POOLMAX': [-1, 2]}), {'GLOBAL_AVG': None}, {'LAST_DENSE': [100, 'softmax']}]",HHSE,NSGA2,,,,,0.6991274526147536,,,,2592945152,7833252,,,,,,"[4, 54, 29, 5, 35, 61, 31, 55]",0.7134541454122592,0.002467801614678,0.5,0.5,0.75,0.0,0.11,0,1,0,100,0,0.01,BEST,False,False,258,True,True,GREEDY,,,GREEDY_HV
BQYXHR[M],6,7,18,11,0.18,True,True,"[3, 60, 4, 39, 57, 61, 54, 55]",[],"[3.0169380054246226, 60.31233509295401, 4.923030646744973, 39.6080003613518, 57.60529461727711, 61.220753983921774, 54.748460346553514, 55.9119474822371]","[{'INP': 32}, {'CONV': [64, 3]}, ({'CONV': [32, 3]}, {'CONV': [64, 5]}), ({'CONV': [256, 5]}, {'CONV': [128, 3]}, {'POOLMAX': [-1, 2]}), ({'CONV': [32, 3]}, {'CONV': [128, 3]}), ({'CONV': [128, 3]}, {'CONV': [256, 5]}, {'POOLMAX': [-1, 2]}), ({'CONV': [256, 5]}, {'CONV': [32, 5]}), ({'CONV': [256, 5]}, {'CONV': [128, 5]}, {'POOLMAX': [-1, 2]}), ({'CONV': [256, 3]}, {'CONV': [256, 3]}), ({'CONV': [256, 3]}, {'CONV': [256, 5]}, {'POOLMAX': [-1, 2]}), {'GLOBAL_AVG': None}, {'LAST_DENSE': [100, 'softmax']}]",HHSE,NSGA2,,,,,0.6991274526147536,,,,2592945152,7833252,,,,,,"[4, 54, 29, 5, 35, 61, 31, 55]",0.7106103982615977,-0.0054239409296432,0.5,0.5,0.75,0.0,0.11,0,0,0,100,0,0.0,BEST,False,False,258,True,True,GREEDY,,,GREEDY_HV
BHPTF[M][M],6,7,19,19,0.19,True,True,"[27, 36, 33, 38, 22, 47, 20, 55]",[],"[27.030259772595954, 36.93917983899732, 33.191071622098555, 38.45001841194179, 22.297923079579732, 47.30091420884506, 20.91476906373331, 55.84896664858675]","[{'INP': 32}, {'CONV': [64, 3]}, ({'CONV': [64, 5]}, {'CONV': [64, 5]}), ({'CONV': [128, 3]}, {'CONV': [128, 3]}, {'POOLMAX': [-1, 2]}), ({'CONV': [128, 3]}, {'CONV': [32, 5]}), ({'CONV': [128, 3]}, {'CONV': [256, 3]}, {'POOLMAX': [-1, 2]}), ({'CONV': [64, 3]}, {'CONV': [256, 3]}), ({'CONV': [128, 5]}, {'CONV': [256, 5]}, {'POOLMAX': [-1, 2]}), ({'CONV': [64, 3]}, {'CONV': [128, 3]}), ({'CONV': [256, 3]}, {'CONV': [256, 5]}, {'POOLMAX': [-1, 2]}), {'GLOBAL_AVG': None}, {'LAST_DENSE': [100, 'softmax']}]",HHSE,NSGA2,,,,,0.7040364631681791,,,,1494349824,5132452,,,,,,"[0, 0, 29, 47, 62, 14, 29, 55]",0.7105844463743355,-0.002382315222667,0.0,0.0,0.875,0.875,0.19,0,0,0,100,0,0.0,BEST,False,False,208,True,True,GREEDY,,,GREEDY_HV
BHPTF[M][M],6,7,20,19,0.2,True,True,"[27, 36, 33, 38, 22, 47, 20, 55]",[],"[27.030259772595954, 36.93917983899732, 33.191071622098555, 38.45001841194179, 22.297923079579732, 47.30091420884506, 20.91476906373331, 55.84896664858675]","[{'INP': 32}, {'CONV': [64, 3]}, ({'CONV': [64, 5]}, {'CONV': [64, 5]}), ({'CONV': [128, 3]}, {'CONV': [128, 3]}, {'POOLMAX': [-1, 2]}), ({'CONV': [128, 3]}, {'CONV': [32, 5]}), ({'CONV': [128, 3]}, {'CONV': [256, 3]}, {'POOLMAX': [-1, 2]}), ({'CONV': [64, 3]}, {'CONV': [256, 3]}), ({'CONV': [128, 5]}, {'CONV': [256, 5]}, {'POOLMAX': [-1, 2]}), ({'CONV': [64, 3]}, {'CONV': [128, 3]}), ({'CONV': [256, 3]}, {'CONV': [256, 5]}, {'POOLMAX': [-1, 2]}), {'GLOBAL_AVG': None}, {'LAST_DENSE': [100, 'softmax']}]",HHSE,NSGA2,,,,,0.7040364631681791,,,,1494349824,5132452,,,,,,"[0, 0, 29, 47, 62, 14, 29, 55]",0.715396726574827,-0.0019155656428055,0.0,0.0,0.875,0.0,0.19,0,1,0,100,0,0.01,BEST,False,False,208,True,True,GREEDY,,,GREEDY_HV
BHPTF[M][M],6,7,21,19,0.21,True,True,"[27, 36, 33, 38, 22, 47, 20, 55]",[],"[27.030259772595954, 36.93917983899732, 33.191071622098555, 38.45001841194179, 22.297923079579732, 47.30091420884506, 20.91476906373331, 55.84896664858675]","[{'INP': 32}, {'CONV': [64, 3]}, ({'CONV': [64, 5]}, {'CONV': [64, 5]}), ({'CONV': [128, 3]}, {'CONV': [128, 3]}, {'POOLMAX': [-1, 2]}), ({'CONV': [128, 3]}, {'CONV': [32, 5]}), ({'CONV': [128, 3]}, {'CONV': [256, 3]}, {'POOLMAX': [-1, 2]}), ({'CONV': [64, 3]}, {'CONV': [256, 3]}), ({'CONV': [128, 5]}, {'CONV': [256, 5]}, {'POOLMAX': [-1, 2]}), ({'CONV': [64, 3]}, {'CONV': [128, 3]}), ({'CONV': [256, 3]}, {'CONV': [256, 5]}, {'POOLMAX': [-1, 2]}), {'GLOBAL_AVG': None}, {'LAST_DENSE': [100, 'softmax']}]",HHSE,NSGA2,,,,,0.7040364631681791,,,,1494349824,5132452,,,,,,"[0, 0, 29, 47, 62, 14, 29, 55]",0.719036759765912,-0.0008121087365204,0.0,0.0,0.875,0.0,0.19,0,1,0,100,0,0.01,BEST,False,False,208,True,True,GREEDY,,,GREEDY_HV
BHPTF[M][M],6,7,22,19,0.22,True,True,"[27, 36, 33, 38, 22, 47, 20, 55]",[],"[27.030259772595954, 36.93917983899732, 33.191071622098555, 38.45001841194179, 22.297923079579732, 47.30091420884506, 20.91476906373331, 55.84896664858675]","[{'INP': 32}, {'CONV': [64, 3]}, ({'CONV': [64, 5]}, {'CONV': [64, 5]}), ({'CONV': [128, 3]}, {'CONV': [128, 3]}, {'POOLMAX': [-1, 2]}), ({'CONV': [128, 3]}, {'CONV': [32, 5]}), ({'CONV': [128, 3]}, {'CONV': [256, 3]}, {'POOLMAX': [-1, 2]}), ({'CONV': [64, 3]}, {'CONV': [256, 3]}), ({'CONV': [128, 5]}, {'CONV': [256, 5]}, {'POOLMAX': [-1, 2]}), ({'CONV': [64, 3]}, {'CONV': [128, 3]}), ({'CONV': [256, 3]}, {'CONV': [256, 5]}, {'POOLMAX': [-1, 2]}), {'GLOBAL_AVG': None}, {'LAST_DENSE': [100, 'softmax']}]",HHSE,NSGA2,,,,,0.7040364631681791,,,,1494349824,5132452,,,,,,"[0, 0, 29, 47, 62, 14, 29, 55]",0.7185596355078446,-0.0020783650316632,0.0,0.0,0.875,0.0,0.19,0,0,0,100,0,0.0,BEST,False,False,208,True,True,GREEDY,,,GREEDY_HV
BHPTF[M][M],6,7,23,19,0.23,True,True,"[27, 36, 33, 38, 22, 47, 20, 55]",[],"[27.030259772595954, 36.93917983899732, 33.191071622098555, 38.45001841194179, 22.297923079579732, 47.30091420884506, 20.91476906373331, 55.84896664858675]","[{'INP': 32}, {'CONV': [64, 3]}, ({'CONV': [64, 5]}, {'CONV': [64, 5]}), ({'CONV': [128, 3]}, {'CONV': [128, 3]}, {'POOLMAX': [-1, 2]}), ({'CONV': [128, 3]}, {'CONV': [32, 5]}), ({'CONV': [128, 3]}, {'CONV': [256, 3]}, {'POOLMAX': [-1, 2]}), ({'CONV': [64, 3]}, {'CONV': [256, 3]}), ({'CONV': [128, 5]}, {'CONV': [256, 5]}, {'POOLMAX': [-1, 2]}), ({'CONV': [64, 3]}, {'CONV': [128, 3]}), ({'CONV': [256, 3]}, {'CONV': [256, 5]}, {'POOLMAX': [-1, 2]}), {'GLOBAL_AVG': None}, {'LAST_DENSE': [100, 'softmax']}]",HHSE,NSGA2,,,,,0.7040364631681791,,,,1494349824,5132452,,,,,,"[0, 0, 29, 47, 62, 14, 29, 55]",0.7187985895716693,-0.0004754743509574,0.0,0.0,0.875,0.0,0.19,0,0,0,100,0,0.0,BEST,False,False,208,True,True,GREEDY,,,GREEDY_HV
BHPTF[M][M],6,7,24,19,0.24,True,True,"[27, 36, 33, 38, 22, 47, 20, 55]",[],"[27.030259772595954, 36.93917983899732, 33.191071622098555, 38.45001841194179, 22.297923079579732, 47.30091420884506, 20.91476906373331, 55.84896664858675]","[{'INP': 32}, {'CONV': [64, 3]}, ({'CONV': [64, 5]}, {'CONV': [64, 5]}), ({'CONV': [128, 3]}, {'CONV': [128, 3]}, {'POOLMAX': [-1, 2]}), ({'CONV': [128, 3]}, {'CONV': [32, 5]}), ({'CONV': [128, 3]}, {'CONV': [256, 3]}, {'POOLMAX': [-1, 2]}), ({'CONV': [64, 3]}, {'CONV': [256, 3]}), ({'CONV': [128, 5]}, {'CONV': [256, 5]}, {'POOLMAX': [-1, 2]}), ({'CONV': [64, 3]}, {'CONV': [128, 3]}), ({'CONV': [256, 3]}, {'CONV': [256, 5]}, {'POOLMAX': [-1, 2]}), {'GLOBAL_AVG': None}, {'LAST_DENSE': [100, 'softmax']}]",HHSE,NSGA2,,,,,0.7040364631681791,,,,1494349824,5132452,,,,,,"[0, 0, 29, 47, 62, 14, 29, 55]",0.7195694730045454,-0.0002305422257986,0.0,0.0,0.875,0.0,0.19,0,0,0,100,0,0.0,BEST,False,False,208,True,True,GREEDY,,,GREEDY_HV
BHPTF[M][M],6,7,25,19,0.25,True,True,"[27, 36, 33, 38, 22, 47, 20, 55]",[],"[27.030259772595954, 36.93917983899732, 33.191071622098555, 38.45001841194179, 22.297923079579732, 47.30091420884506, 20.91476906373331, 55.84896664858675]","[{'INP': 32}, {'CONV': [64, 3]}, ({'CONV': [64, 5]}, {'CONV': [64, 5]}), ({'CONV': [128, 3]}, {'CONV': [128, 3]}, {'POOLMAX': [-1, 2]}), ({'CONV': [128, 3]}, {'CONV': [32, 5]}), ({'CONV': [128, 3]}, {'CONV': [256, 3]}, {'POOLMAX': [-1, 2]}), ({'CONV': [64, 3]}, {'CONV': [256, 3]}), ({'CONV': [128, 5]}, {'CONV': [256, 5]}, {'POOLMAX': [-1, 2]}), ({'CONV': [64, 3]}, {'CONV': [128, 3]}), ({'CONV': [256, 3]}, {'CONV': [256, 5]}, {'POOLMAX': [-1, 2]}), {'GLOBAL_AVG': None}, {'LAST_DENSE': [100, 'softmax']}]",HHSE,NSGA2,,,,,0.7040364631681791,,,,1494349824,5132452,,,,,,"[0, 0, 29, 47, 62, 14, 29, 55]",0.7193726544316107,-0.0007939417170494,0.0,0.0,0.875,0.0,0.19,0,1,0,100,0,0.01,BEST,False,False,208,True,True,GREEDY,,,GREEDY_HV
BHPTF[M][M],6,7,26,19,0.26,True,True,"[27, 36, 33, 38, 22, 47, 20, 55]",[],"[27.030259772595954, 36.93917983899732, 33.191071622098555, 38.45001841194179, 22.297923079579732, 47.30091420884506, 20.91476906373331, 55.84896664858675]","[{'INP': 32}, {'CONV': [64, 3]}, ({'CONV': [64, 5]}, {'CONV': [64, 5]}), ({'CONV': [128, 3]}, {'CONV': [128, 3]}, {'POOLMAX': [-1, 2]}), ({'CONV': [128, 3]}, {'CONV': [32, 5]}), ({'CONV': [128, 3]}, {'CONV': [256, 3]}, {'POOLMAX': [-1, 2]}), ({'CONV': [64, 3]}, {'CONV': [256, 3]}), ({'CONV': [128, 5]}, {'CONV': [256, 5]}, {'POOLMAX': [-1, 2]}), ({'CONV': [64, 3]}, {'CONV': [128, 3]}), ({'CONV': [256, 3]}, {'CONV': [256, 5]}, {'POOLMAX': [-1, 2]}), {'GLOBAL_AVG': None}, {'LAST_DENSE': [100, 'softmax']}]",HHSE,NSGA2,,,,,0.7040364631681791,,,,1494349824,5132452,,,,,,"[0, 0, 29, 47, 62, 14, 29, 55]",0.7197184454011987,-0.0022393649867465,0.0,0.0,0.875,0.0,0.19,0,0,0,100,0,0.0,BEST,False,False,208,True,True,GREEDY,,,GREEDY_HV
BHPTF[M][M],6,7,27,19,0.27,True,True,"[27, 36, 33, 38, 22, 47, 20, 55]",[],"[27.030259772595954, 36.93917983899732, 33.191071622098555, 38.45001841194179, 22.297923079579732, 47.30091420884506, 20.91476906373331, 55.84896664858675]","[{'INP': 32}, {'CONV': [64, 3]}, ({'CONV': [64, 5]}, {'CONV': [64, 5]}), ({'CONV': [128, 3]}, {'CONV': [128, 3]}, {'POOLMAX': [-1, 2]}), ({'CONV': [128, 3]}, {'CONV': [32, 5]}), ({'CONV': [128, 3]}, {'CONV': [256, 3]}, {'POOLMAX': [-1, 2]}), ({'CONV': [64, 3]}, {'CONV': [256, 3]}), ({'CONV': [128, 5]}, {'CONV': [256, 5]}, {'POOLMAX': [-1, 2]}), ({'CONV': [64, 3]}, {'CONV': [128, 3]}), ({'CONV': [256, 3]}, {'CONV': [256, 5]}, {'POOLMAX': [-1, 2]}), {'GLOBAL_AVG': None}, {'LAST_DENSE': [100, 'softmax']}]",HHSE,NSGA2,,,,,0.7040364631681791,,,,1494349824,5132452,,,,,,"[0, 0, 29, 47, 62, 14, 29, 55]",0.719695600240343,-0.0002243856188215,0.0,0.0,0.875,0.0,0.19,0,0,0,100,0,0.0,BEST,False,False,208,True,True,GREEDY,,,GREEDY_HV
BHPTF[M][M],6,7,28,19,0.28,True,True,"[27, 36, 33, 38, 22, 47, 20, 55]",[],"[27.030259772595954, 36.93917983899732, 33.191071622098555, 38.45001841194179, 22.297923079579732, 47.30091420884506, 20.91476906373331, 55.84896664858675]","[{'INP': 32}, {'CONV': [64, 3]}, ({'CONV': [64, 5]}, {'CONV': [64, 5]}), ({'CONV': [128, 3]}, {'CONV': [128, 3]}, {'POOLMAX': [-1, 2]}), ({'CONV': [128, 3]}, {'CONV': [32, 5]}), ({'CONV': [128, 3]}, {'CONV': [256, 3]}, {'POOLMAX': [-1, 2]}), ({'CONV': [64, 3]}, {'CONV': [256, 3]}), ({'CONV': [128, 5]}, {'CONV': [256, 5]}, {'POOLMAX': [-1, 2]}), ({'CONV': [64, 3]}, {'CONV': [128, 3]}), ({'CONV': [256, 3]}, {'CONV': [256, 5]}, {'POOLMAX': [-1, 2]}), {'GLOBAL_AVG': None}, {'LAST_DENSE': [100, 'softmax']}]",HHSE,NSGA2,,,,,0.7040364631681791,,,,1494349824,5132452,,,,,,"[0, 0, 29, 47, 62, 14, 29, 55]",0.7198277234052544,-0.0004180502959711,0.0,0.0,0.875,0.0,0.19,0,0,0,100,0,0.0,BEST,False,False,208,True,True,GREEDY,,,GREEDY_HV
BHPTF[M][M],6,7,29,19,0.29,True,True,"[27, 36, 33, 38, 22, 47, 20, 55]",[],"[27.030259772595954, 36.93917983899732, 33.191071622098555, 38.45001841194179, 22.297923079579732, 47.30091420884506, 20.91476906373331, 55.84896664858675]","[{'INP': 32}, {'CONV': [64, 3]}, ({'CONV': [64, 5]}, {'CONV': [64, 5]}), ({'CONV': [128, 3]}, {'CONV': [128, 3]}, {'POOLMAX': [-1, 2]}), ({'CONV': [128, 3]}, {'CONV': [32, 5]}), ({'CONV': [128, 3]}, {'CONV': [256, 3]}, {'POOLMAX': [-1, 2]}), ({'CONV': [64, 3]}, {'CONV': [256, 3]}), ({'CONV': [128, 5]}, {'CONV': [256, 5]}, {'POOLMAX': [-1, 2]}), ({'CONV': [64, 3]}, {'CONV': [128, 3]}), ({'CONV': [256, 3]}, {'CONV': [256, 5]}, {'POOLMAX': [-1, 2]}), {'GLOBAL_AVG': None}, {'LAST_DENSE': [100, 'softmax']}]",HHSE,NSGA2,,,,,0.7040364631681791,,,,1494349824,5132452,,,,,,"[0, 0, 29, 47, 62, 14, 29, 55]",0.7199908297290549,-0.0004181646105652,0.0,0.0,0.875,0.0,0.19,0,0,0,100,0,0.0,BEST,False,False,208,True,True,GREEDY,,,GREEDY_HV
BHPTF[M][M],6,7,30,19,0.3,True,True,"[27, 36, 33, 38, 22, 47, 20, 55]",[],"[27.030259772595954, 36.93917983899732, 33.191071622098555, 38.45001841194179, 22.297923079579732, 47.30091420884506, 20.91476906373331, 55.84896664858675]","[{'INP': 32}, {'CONV': [64, 3]}, ({'CONV': [64, 5]}, {'CONV': [64, 5]}), ({'CONV': [128, 3]}, {'CONV': [128, 3]}, {'POOLMAX': [-1, 2]}), ({'CONV': [128, 3]}, {'CONV': [32, 5]}), ({'CONV': [128, 3]}, {'CONV': [256, 3]}, {'POOLMAX': [-1, 2]}), ({'CONV': [64, 3]}, {'CONV': [256, 3]}), ({'CONV': [128, 5]}, {'CONV': [256, 5]}, {'POOLMAX': [-1, 2]}), ({'CONV': [64, 3]}, {'CONV': [128, 3]}), ({'CONV': [256, 3]}, {'CONV': [256, 5]}, {'POOLMAX': [-1, 2]}), {'GLOBAL_AVG': None}, {'LAST_DENSE': [100, 'softmax']}]",HHSE,NSGA2,,,,,0.7040364631681791,,,,1494349824,5132452,,,,,,"[0, 0, 29, 47, 62, 14, 29, 55]",0.7203956327308969,-0.0031518249297963,0.0,0.0,0.875,0.0,0.19,0,0,0,100,0,0.0,BEST,False,False,208,True,True,GREEDY,,,GREEDY_HV
BHPTF[M][M],6,7,31,19,0.31,True,True,"[27, 36, 33, 38, 22, 47, 20, 55]",[],"[27.030259772595954, 36.93917983899732, 33.191071622098555, 38.45001841194179, 22.297923079579732, 47.30091420884506, 20.91476906373331, 55.84896664858675]","[{'INP': 32}, {'CONV': [64, 3]}, ({'CONV': [64, 5]}, {'CONV': [64, 5]}), ({'CONV': [128, 3]}, {'CONV': [128, 3]}, {'POOLMAX': [-1, 2]}), ({'CONV': [128, 3]}, {'CONV': [32, 5]}), ({'CONV': [128, 3]}, {'CONV': [256, 3]}, {'POOLMAX': [-1, 2]}), ({'CONV': [64, 3]}, {'CONV': [256, 3]}), ({'CONV': [128, 5]}, {'CONV': [256, 5]}, {'POOLMAX': [-1, 2]}), ({'CONV': [64, 3]}, {'CONV': [128, 3]}), ({'CONV': [256, 3]}, {'CONV': [256, 5]}, {'POOLMAX': [-1, 2]}), {'GLOBAL_AVG': None}, {'LAST_DENSE': [100, 'softmax']}]",HHSE,NSGA2,,,,,0.7040364631681791,,,,1494349824,5132452,,,,,,"[0, 0, 29, 47, 62, 14, 29, 55]",0.7203870719303489,-0.0003165342163777,0.0,0.0,0.875,0.0,0.19,0,0,0,100,0,0.0,BEST,False,False,208,True,True,GREEDY,,,GREEDY_HV
BHPTF[M][M],6,7,32,19,0.32,True,True,"[27, 36, 33, 38, 22, 47, 20, 55]",[],"[27.030259772595954, 36.93917983899732, 33.191071622098555, 38.45001841194179, 22.297923079579732, 47.30091420884506, 20.91476906373331, 55.84896664858675]","[{'INP': 32}, {'CONV': [64, 3]}, ({'CONV': [64, 5]}, {'CONV': [64, 5]}), ({'CONV': [128, 3]}, {'CONV': [128, 3]}, {'POOLMAX': [-1, 2]}), ({'CONV': [128, 3]}, {'CONV': [32, 5]}), ({'CONV': [128, 3]}, {'CONV': [256, 3]}, {'POOLMAX': [-1, 2]}), ({'CONV': [64, 3]}, {'CONV': [256, 3]}), ({'CONV': [128, 5]}, {'CONV': [256, 5]}, {'POOLMAX': [-1, 2]}), ({'CONV': [64, 3]}, {'CONV': [128, 3]}), ({'CONV': [256, 3]}, {'CONV': [256, 5]}, {'POOLMAX': [-1, 2]}), {'GLOBAL_AVG': None}, {'LAST_DENSE': [100, 'softmax']}]",HHSE,NSGA2,,,,,0.7040364631681791,,,,1494349824,5132452,,,,,,"[0, 0, 29, 47, 62, 14, 29, 55]",0.7203899842851833,-0.000273995847171,0.0,0.0,0.875,0.0,0.19,0,0,0,100,0,0.0,BEST,False,False,208,True,True,GREEDY,,,GREEDY_HV
BHPTF[M][M],6,7,33,19,0.33,True,True,"[27, 36, 33, 38, 22, 47, 20, 55]",[],"[27.030259772595954, 36.93917983899732, 33.191071622098555, 38.45001841194179, 22.297923079579732, 47.30091420884506, 20.91476906373331, 55.84896664858675]","[{'INP': 32}, {'CONV': [64, 3]}, ({'CONV': [64, 5]}, {'CONV': [64, 5]}), ({'CONV': [128, 3]}, {'CONV': [128, 3]}, {'POOLMAX': [-1, 2]}), ({'CONV': [128, 3]}, {'CONV': [32, 5]}), ({'CONV': [128, 3]}, {'CONV': [256, 3]}, {'POOLMAX': [-1, 2]}), ({'CONV': [64, 3]}, {'CONV': [256, 3]}), ({'CONV': [128, 5]}, {'CONV': [256, 5]}, {'POOLMAX': [-1, 2]}), ({'CONV': [64, 3]}, {'CONV': [128, 3]}), ({'CONV': [256, 3]}, {'CONV': [256, 5]}, {'POOLMAX': [-1, 2]}), {'GLOBAL_AVG': None}, {'LAST_DENSE': [100, 'softmax']}]",HHSE,NSGA2,,,,,0.7040364631681791,,,,1494349824,5132452,,,,,,"[0, 0, 29, 47, 62, 14, 29, 55]",0.7204523415001765,-0.0007158612912018,0.0,0.0,0.875,0.0,0.19,0,0,0,100,0,0.0,BEST,False,False,208,True,True,GREEDY,,,GREEDY_HV
BHPTF[M][M],6,7,34,19,0.34,True,True,"[27, 36, 33, 38, 22, 47, 20, 55]",[],"[27.030259772595954, 36.93917983899732, 33.191071622098555, 38.45001841194179, 22.297923079579732, 47.30091420884506, 20.91476906373331, 55.84896664858675]","[{'INP': 32}, {'CONV': [64, 3]}, ({'CONV': [64, 5]}, {'CONV': [64, 5]}), ({'CONV': [128, 3]}, {'CONV': [128, 3]}, {'POOLMAX': [-1, 2]}), ({'CONV': [128, 3]}, {'CONV': [32, 5]}), ({'CONV': [128, 3]}, {'CONV': [256, 3]}, {'POOLMAX': [-1, 2]}), ({'CONV': [64, 3]}, {'CONV': [256, 3]}), ({'CONV': [128, 5]}, {'CONV': [256, 5]}, {'POOLMAX': [-1, 2]}), ({'CONV': [64, 3]}, {'CONV': [128, 3]}), ({'CONV': [256, 3]}, {'CONV': [256, 5]}, {'POOLMAX': [-1, 2]}), {'GLOBAL_AVG': None}, {'LAST_DENSE': [100, 'softmax']}]",HHSE,NSGA2,,,,,0.7040364631681791,,,,1494349824,5132452,,,,,,"[0, 0, 29, 47, 62, 14, 29, 55]",0.7206441364227514,-0.0004641229390435,0.0,0.0,0.875,0.0,0.19,0,0,0,100,0,0.0,BEST,False,False,208,True,True,GREEDY,,,GREEDY_HV
BHPTF[M][M],6,7,35,19,0.35,True,True,"[27, 36, 33, 38, 22, 47, 20, 55]",[],"[27.030259772595954, 36.93917983899732, 33.191071622098555, 38.45001841194179, 22.297923079579732, 47.30091420884506, 20.91476906373331, 55.84896664858675]","[{'INP': 32}, {'CONV': [64, 3]}, ({'CONV': [64, 5]}, {'CONV': [64, 5]}), ({'CONV': [128, 3]}, {'CONV': [128, 3]}, {'POOLMAX': [-1, 2]}), ({'CONV': [128, 3]}, {'CONV': [32, 5]}), ({'CONV': [128, 3]}, {'CONV': [256, 3]}, {'POOLMAX': [-1, 2]}), ({'CONV': [64, 3]}, {'CONV': [256, 3]}), ({'CONV': [128, 5]}, {'CONV': [256, 5]}, {'POOLMAX': [-1, 2]}), ({'CONV': [64, 3]}, {'CONV': [128, 3]}), ({'CONV': [256, 3]}, {'CONV': [256, 5]}, {'POOLMAX': [-1, 2]}), {'GLOBAL_AVG': None}, {'LAST_DENSE': [100, 'softmax']}]",HHSE,NSGA2,,,,,0.7040364631681791,,,,1494349824,5132452,,,,,,"[0, 0, 29, 47, 62, 14, 29, 55]",0.7205637318048939,-0.0005190663781228,0.0,0.0,0.875,0.0,0.19,0,1,0,100,0,0.01,BEST,False,False,208,True,True,GREEDY,,,GREEDY_HV
BHPTF[M][M],6,7,36,19,0.36,True,True,"[27, 36, 33, 38, 22, 47, 20, 55]",[],"[27.030259772595954, 36.93917983899732, 33.191071622098555, 38.45001841194179, 22.297923079579732, 47.30091420884506, 20.91476906373331, 55.84896664858675]","[{'INP': 32}, {'CONV': [64, 3]}, ({'CONV': [64, 5]}, {'CONV': [64, 5]}), ({'CONV': [128, 3]}, {'CONV': [128, 3]}, {'POOLMAX': [-1, 2]}), ({'CONV': [128, 3]}, {'CONV': [32, 5]}), ({'CONV': [128, 3]}, {'CONV': [256, 3]}, {'POOLMAX': [-1, 2]}), ({'CONV': [64, 3]}, {'CONV': [256, 3]}), ({'CONV': [128, 5]}, {'CONV': [256, 5]}, {'POOLMAX': [-1, 2]}), ({'CONV': [64, 3]}, {'CONV': [128, 3]}), ({'CONV': [256, 3]}, {'CONV': [256, 5]}, {'POOLMAX': [-1, 2]}), {'GLOBAL_AVG': None}, {'LAST_DENSE': [100, 'softmax']}]",HHSE,NSGA2,,,,,0.7040364631681791,,,,1494349824,5132452,,,,,,"[0, 0, 29, 47, 62, 14, 29, 55]",0.7205465568432827,-0.0002895623910509,0.0,0.0,0.875,0.0,0.19,0,0,0,100,0,0.0,BEST,False,False,208,True,True,GREEDY,,,GREEDY_HV
BHPTF[M][M],6,7,37,19,0.37,True,True,"[27, 36, 33, 38, 22, 47, 20, 55]",[],"[27.030259772595954, 36.93917983899732, 33.191071622098555, 38.45001841194179, 22.297923079579732, 47.30091420884506, 20.91476906373331, 55.84896664858675]","[{'INP': 32}, {'CONV': [64, 3]}, ({'CONV': [64, 5]}, {'CONV': [64, 5]}), ({'CONV': [128, 3]}, {'CONV': [128, 3]}, {'POOLMAX': [-1, 2]}), ({'CONV': [128, 3]}, {'CONV': [32, 5]}), ({'CONV': [128, 3]}, {'CONV': [256, 3]}, {'POOLMAX': [-1, 2]}), ({'CONV': [64, 3]}, {'CONV': [256, 3]}), ({'CONV': [128, 5]}, {'CONV': [256, 5]}, {'POOLMAX': [-1, 2]}), ({'CONV': [64, 3]}, {'CONV': [128, 3]}), ({'CONV': [256, 3]}, {'CONV': [256, 5]}, {'POOLMAX': [-1, 2]}), {'GLOBAL_AVG': None}, {'LAST_DENSE': [100, 'softmax']}]",HHSE,NSGA2,,,,,0.7040364631681791,,,,1494349824,5132452,,,,,,"[0, 0, 29, 47, 62, 14, 29, 55]",0.720746811923059,-0.0002720360381566,0.0,0.0,0.875,0.0,0.19,0,0,0,100,0,0.0,BEST,False,False,208,True,True,GREEDY,,,GREEDY_HV
BHPTF[M][M],6,7,38,19,0.38,True,True,"[27, 36, 33, 38, 22, 47, 20, 55]",[],"[27.030259772595954, 36.93917983899732, 33.191071622098555, 38.45001841194179, 22.297923079579732, 47.30091420884506, 20.91476906373331, 55.84896664858675]","[{'INP': 32}, {'CONV': [64, 3]}, ({'CONV': [64, 5]}, {'CONV': [64, 5]}), ({'CONV': [128, 3]}, {'CONV': [128, 3]}, {'POOLMAX': [-1, 2]}), ({'CONV': [128, 3]}, {'CONV': [32, 5]}), ({'CONV': [128, 3]}, {'CONV': [256, 3]}, {'POOLMAX': [-1, 2]}), ({'CONV': [64, 3]}, {'CONV': [256, 3]}), ({'CONV': [128, 5]}, {'CONV': [256, 5]}, {'POOLMAX': [-1, 2]}), ({'CONV': [64, 3]}, {'CONV': [128, 3]}), ({'CONV': [256, 3]}, {'CONV': [256, 5]}, {'POOLMAX': [-1, 2]}), {'GLOBAL_AVG': None}, {'LAST_DENSE': [100, 'softmax']}]",HHSE,NSGA2,,,,,0.7040364631681791,,,,1494349824,5132452,,,,,,"[0, 0, 29, 47, 62, 14, 29, 55]",0.7209860229759661,-0.0004289778083816,0.0,0.0,0.875,0.0,0.19,0,0,0,100,0,0.0,BEST,False,False,208,True,True,GREEDY,,,GREEDY_HV
BHPTF[M][M],6,7,39,19,0.39,True,True,"[27, 36, 33, 38, 22, 47, 20, 55]",[],"[27.030259772595954, 36.93917983899732, 33.191071622098555, 38.45001841194179, 22.297923079579732, 47.30091420884506, 20.91476906373331, 55.84896664858675]","[{'INP': 32}, {'CONV': [64, 3]}, ({'CONV': [64, 5]}, {'CONV': [64, 5]}), ({'CONV': [128, 3]}, {'CONV': [128, 3]}, {'POOLMAX': [-1, 2]}), ({'CONV': [128, 3]}, {'CONV': [32, 5]}), ({'CONV': [128, 3]}, {'CONV': [256, 3]}, {'POOLMAX': [-1, 2]}), ({'CONV': [64, 3]}, {'CONV': [256, 3]}), ({'CONV': [128, 5]}, {'CONV': [256, 5]}, {'POOLMAX': [-1, 2]}), ({'CONV': [64, 3]}, {'CONV': [128, 3]}), ({'CONV': [256, 3]}, {'CONV': [256, 5]}, {'POOLMAX': [-1, 2]}), {'GLOBAL_AVG': None}, {'LAST_DENSE': [100, 'softmax']}]",HHSE,NSGA2,,,,,0.7040364631681791,,,,1494349824,5132452,,,,,,"[0, 0, 29, 47, 62, 14, 29, 55]",0.7207818773392729,-0.0007074528502676,0.0,0.0,0.875,0.0,0.19,0,0,0,100,0,0.0,BEST,False,False,208,True,True,GREEDY,,,GREEDY_HV
BHPTF[M][M],6,7,40,19,0.4,True,True,"[27, 36, 33, 38, 22, 47, 20, 55]",[],"[27.030259772595954, 36.93917983899732, 33.191071622098555, 38.45001841194179, 22.297923079579732, 47.30091420884506, 20.91476906373331, 55.84896664858675]","[{'INP': 32}, {'CONV': [64, 3]}, ({'CONV': [64, 5]}, {'CONV': [64, 5]}), ({'CONV': [128, 3]}, {'CONV': [128, 3]}, {'POOLMAX': [-1, 2]}), ({'CONV': [128, 3]}, {'CONV': [32, 5]}), ({'CONV': [128, 3]}, {'CONV': [256, 3]}, {'POOLMAX': [-1, 2]}), ({'CONV': [64, 3]}, {'CONV': [256, 3]}), ({'CONV': [128, 5]}, {'CONV': [256, 5]}, {'POOLMAX': [-1, 2]}), ({'CONV': [64, 3]}, {'CONV': [128, 3]}), ({'CONV': [256, 3]}, {'CONV': [256, 5]}, {'POOLMAX': [-1, 2]}), {'GLOBAL_AVG': None}, {'LAST_DENSE': [100, 'softmax']}]",HHSE,NSGA2,,,,,0.7040364631681791,,,,1494349824,5132452,,,,,,"[0, 0, 29, 47, 62, 14, 29, 55]",0.7212662573371834,-0.0001243821251865,0.0,0.0,0.875,0.0,0.19,0,0,0,100,0,0.0,BEST,False,False,208,True,True,GREEDY,,,GREEDY_HV
BHPTF[M][M],6,7,41,19,0.41,True,True,"[27, 36, 33, 38, 22, 47, 20, 55]",[],"[27.030259772595954, 36.93917983899732, 33.191071622098555, 38.45001841194179, 22.297923079579732, 47.30091420884506, 20.91476906373331, 55.84896664858675]","[{'INP': 32}, {'CONV': [64, 3]}, ({'CONV': [64, 5]}, {'CONV': [64, 5]}), ({'CONV': [128, 3]}, {'CONV': [128, 3]}, {'POOLMAX': [-1, 2]}), ({'CONV': [128, 3]}, {'CONV': [32, 5]}), ({'CONV': [128, 3]}, {'CONV': [256, 3]}, {'POOLMAX': [-1, 2]}), ({'CONV': [64, 3]}, {'CONV': [256, 3]}), ({'CONV': [128, 5]}, {'CONV': [256, 5]}, {'POOLMAX': [-1, 2]}), ({'CONV': [64, 3]}, {'CONV': [128, 3]}), ({'CONV': [256, 3]}, {'CONV': [256, 5]}, {'POOLMAX': [-1, 2]}), {'GLOBAL_AVG': None}, {'LAST_DENSE': [100, 'softmax']}]",HHSE,NSGA2,,,,,0.7040364631681791,,,,1494349824,5132452,,,,,,"[0, 0, 29, 47, 62, 14, 29, 55]",0.7210019844036637,-0.0003680127136254,0.0,0.0,0.875,0.0,0.19,0,0,0,100,0,0.0,BEST,False,False,208,True,True,GREEDY,,,GREEDY_HV
BHPTF[M][M],6,7,42,19,0.42,True,True,"[27, 36, 33, 38, 22, 47, 20, 55]",[],"[27.030259772595954, 36.93917983899732, 33.191071622098555, 38.45001841194179, 22.297923079579732, 47.30091420884506, 20.91476906373331, 55.84896664858675]","[{'INP': 32}, {'CONV': [64, 3]}, ({'CONV': [64, 5]}, {'CONV': [64, 5]}), ({'CONV': [128, 3]}, {'CONV': [128, 3]}, {'POOLMAX': [-1, 2]}), ({'CONV': [128, 3]}, {'CONV': [32, 5]}), ({'CONV': [128, 3]}, {'CONV': [256, 3]}, {'POOLMAX': [-1, 2]}), ({'CONV': [64, 3]}, {'CONV': [256, 3]}), ({'CONV': [128, 5]}, {'CONV': [256, 5]}, {'POOLMAX': [-1, 2]}), ({'CONV': [64, 3]}, {'CONV': [128, 3]}), ({'CONV': [256, 3]}, {'CONV': [256, 5]}, {'POOLMAX': [-1, 2]}), {'GLOBAL_AVG': None}, {'LAST_DENSE': [100, 'softmax']}]",HHSE,NSGA2,,,,,0.7040364631681791,,,,1494349824,5132452,,,,,,"[0, 0, 29, 47, 62, 14, 29, 55]",0.7210368927872151,-0.0008428425964477,0.0,0.0,0.875,0.0,0.19,0,0,0,100,0,0.0,BEST,False,False,208,True,True,GREEDY,,,GREEDY_HV
BHPTF[M][M],6,7,43,19,0.43,True,True,"[27, 36, 33, 38, 22, 47, 20, 55]",[],"[27.030259772595954, 36.93917983899732, 33.191071622098555, 38.45001841194179, 22.297923079579732, 47.30091420884506, 20.91476906373331, 55.84896664858675]","[{'INP': 32}, {'CONV': [64, 3]}, ({'CONV': [64, 5]}, {'CONV': [64, 5]}), ({'CONV': [128, 3]}, {'CONV': [128, 3]}, {'POOLMAX': [-1, 2]}), ({'CONV': [128, 3]}, {'CONV': [32, 5]}), ({'CONV': [128, 3]}, {'CONV': [256, 3]}, {'POOLMAX': [-1, 2]}), ({'CONV': [64, 3]}, {'CONV': [256, 3]}), ({'CONV': [128, 5]}, {'CONV': [256, 5]}, {'POOLMAX': [-1, 2]}), ({'CONV': [64, 3]}, {'CONV': [128, 3]}), ({'CONV': [256, 3]}, {'CONV': [256, 5]}, {'POOLMAX': [-1, 2]}), {'GLOBAL_AVG': None}, {'LAST_DENSE': [100, 'softmax']}]",HHSE,NSGA2,,,,,0.7040364631681791,,,,1494349824,5132452,,,,,,"[0, 0, 29, 47, 62, 14, 29, 55]",0.7210343732517078,-0.0002781943698882,0.0,0.0,0.875,0.0,0.19,0,0,0,100,0,0.0,BEST,False,False,208,True,True,GREEDY,,,GREEDY_HV
BHPTF[M][M],6,7,44,19,0.44,True,True,"[27, 36, 33, 38, 22, 47, 20, 55]",[],"[27.030259772595954, 36.93917983899732, 33.191071622098555, 38.45001841194179, 22.297923079579732, 47.30091420884506, 20.91476906373331, 55.84896664858675]","[{'INP': 32}, {'CONV': [64, 3]}, ({'CONV': [64, 5]}, {'CONV': [64, 5]}), ({'CONV': [128, 3]}, {'CONV': [128, 3]}, {'POOLMAX': [-1, 2]}), ({'CONV': [128, 3]}, {'CONV': [32, 5]}), ({'CONV': [128, 3]}, {'CONV': [256, 3]}, {'POOLMAX': [-1, 2]}), ({'CONV': [64, 3]}, {'CONV': [256, 3]}), ({'CONV': [128, 5]}, {'CONV': [256, 5]}, {'POOLMAX': [-1, 2]}), ({'CONV': [64, 3]}, {'CONV': [128, 3]}), ({'CONV': [256, 3]}, {'CONV': [256, 5]}, {'POOLMAX': [-1, 2]}), {'GLOBAL_AVG': None}, {'LAST_DENSE': [100, 'softmax']}]",HHSE,NSGA2,,,,,0.7040364631681791,,,,1494349824,5132452,,,,,,"[0, 0, 29, 47, 62, 14, 29, 55]",0.7210466776307598,-0.0003152962187102,0.0,0.0,0.875,0.0,0.19,0,0,0,100,0,0.0,BEST,False,False,208,True,True,GREEDY,,,GREEDY_HV
BHPTF[M][M],6,7,45,19,0.45,True,True,"[27, 36, 33, 38, 22, 47, 20, 55]",[],"[27.030259772595954, 36.93917983899732, 33.191071622098555, 38.45001841194179, 22.297923079579732, 47.30091420884506, 20.91476906373331, 55.84896664858675]","[{'INP': 32}, {'CONV': [64, 3]}, ({'CONV': [64, 5]}, {'CONV': [64, 5]}), ({'CONV': [128, 3]}, {'CONV': [128, 3]}, {'POOLMAX': [-1, 2]}), ({'CONV': [128, 3]}, {'CONV': [32, 5]}), ({'CONV': [128, 3]}, {'CONV': [256, 3]}, {'POOLMAX': [-1, 2]}), ({'CONV': [64, 3]}, {'CONV': [256, 3]}), ({'CONV': [128, 5]}, {'CONV': [256, 5]}, {'POOLMAX': [-1, 2]}), ({'CONV': [64, 3]}, {'CONV': [128, 3]}), ({'CONV': [256, 3]}, {'CONV': [256, 5]}, {'POOLMAX': [-1, 2]}), {'GLOBAL_AVG': None}, {'LAST_DENSE': [100, 'softmax']}]",HHSE,NSGA2,,,,,0.7040364631681791,,,,1494349824,5132452,,,,,,"[0, 0, 29, 47, 62, 14, 29, 55]",0.7210551682049828,-0.0006496580550141,0.0,0.0,0.875,0.0,0.19,0,0,0,100,0,0.0,BEST,False,False,208,True,True,GREEDY,,,GREEDY_HV
BHPTF[M][M],6,7,46,19,0.46,True,True,"[27, 36, 33, 38, 22, 47, 20, 55]",[],"[27.030259772595954, 36.93917983899732, 33.191071622098555, 38.45001841194179, 22.297923079579732, 47.30091420884506, 20.91476906373331, 55.84896664858675]","[{'INP': 32}, {'CONV': [64, 3]}, ({'CONV': [64, 5]}, {'CONV': [64, 5]}), ({'CONV': [128, 3]}, {'CONV': [128, 3]}, {'POOLMAX': [-1, 2]}), ({'CONV': [128, 3]}, {'CONV': [32, 5]}), ({'CONV': [128, 3]}, {'CONV': [256, 3]}, {'POOLMAX': [-1, 2]}), ({'CONV': [64, 3]}, {'CONV': [256, 3]}), ({'CONV': [128, 5]}, {'CONV': [256, 5]}, {'POOLMAX': [-1, 2]}), ({'CONV': [64, 3]}, {'CONV': [128, 3]}), ({'CONV': [256, 3]}, {'CONV': [256, 5]}, {'POOLMAX': [-1, 2]}), {'GLOBAL_AVG': None}, {'LAST_DENSE': [100, 'softmax']}]",HHSE,NSGA2,,,,,0.7040364631681791,,,,1494349824,5132452,,,,,,"[0, 0, 29, 47, 62, 14, 29, 55]",0.7212344775141543,-0.0022291953675366,0.0,0.0,0.875,0.0,0.19,0,1,0,100,0,0.01,BEST,False,False,208,True,True,GREEDY,,,GREEDY_HV
BHPTF[M][M],6,7,47,19,0.47,True,True,"[27, 36, 33, 38, 22, 47, 20, 55]",[],"[27.030259772595954, 36.93917983899732, 33.191071622098555, 38.45001841194179, 22.297923079579732, 47.30091420884506, 20.91476906373331, 55.84896664858675]","[{'INP': 32}, {'CONV': [64, 3]}, ({'CONV': [64, 5]}, {'CONV': [64, 5]}), ({'CONV': [128, 3]}, {'CONV': [128, 3]}, {'POOLMAX': [-1, 2]}), ({'CONV': [128, 3]}, {'CONV': [32, 5]}), ({'CONV': [128, 3]}, {'CONV': [256, 3]}, {'POOLMAX': [-1, 2]}), ({'CONV': [64, 3]}, {'CONV': [256, 3]}), ({'CONV': [128, 5]}, {'CONV': [256, 5]}, {'POOLMAX': [-1, 2]}), ({'CONV': [64, 3]}, {'CONV': [128, 3]}), ({'CONV': [256, 3]}, {'CONV': [256, 5]}, {'POOLMAX': [-1, 2]}), {'GLOBAL_AVG': None}, {'LAST_DENSE': [100, 'softmax']}]",HHSE,NSGA2,,,,,0.7040364631681791,,,,1494349824,5132452,,,,,,"[0, 0, 29, 47, 62, 14, 29, 55]",0.7212112279497872,-0.0001126430682195,0.0,0.0,0.875,0.0,0.19,0,0,0,100,0,0.0,BEST,False,False,208,True,True,GREEDY,,,GREEDY_HV
BHPTF[M][M],6,7,48,19,0.48,True,True,"[27, 36, 33, 38, 22, 47, 20, 55]",[],"[27.030259772595954, 36.93917983899732, 33.191071622098555, 38.45001841194179, 22.297923079579732, 47.30091420884506, 20.91476906373331, 55.84896664858675]","[{'INP': 32}, {'CONV': [64, 3]}, ({'CONV': [64, 5]}, {'CONV': [64, 5]}), ({'CONV': [128, 3]}, {'CONV': [128, 3]}, {'POOLMAX': [-1, 2]}), ({'CONV': [128, 3]}, {'CONV': [32, 5]}), ({'CONV': [128, 3]}, {'CONV': [256, 3]}, {'POOLMAX': [-1, 2]}), ({'CONV': [64, 3]}, {'CONV': [256, 3]}), ({'CONV': [128, 5]}, {'CONV': [256, 5]}, {'POOLMAX': [-1, 2]}), ({'CONV': [64, 3]}, {'CONV': [128, 3]}), ({'CONV': [256, 3]}, {'CONV': [256, 5]}, {'POOLMAX': [-1, 2]}), {'GLOBAL_AVG': None}, {'LAST_DENSE': [100, 'softmax']}]",HHSE,NSGA2,,,,,0.7040364631681791,,,,1494349824,5132452,,,,,,"[0, 0, 29, 47, 62, 14, 29, 55]",0.721237431180005,-0.00030930764335,0.0,0.0,0.875,0.0,0.19,0,0,0,100,0,0.0,BEST,False,False,208,True,True,GREEDY,,,GREEDY_HV
BHPTF[M][M],6,7,49,19,0.49,True,True,"[27, 36, 33, 38, 22, 47, 20, 55]",[],"[27.030259772595954, 36.93917983899732, 33.191071622098555, 38.45001841194179, 22.297923079579732, 47.30091420884506, 20.91476906373331, 55.84896664858675]","[{'INP': 32}, {'CONV': [64, 3]}, ({'CONV': [64, 5]}, {'CONV': [64, 5]}), ({'CONV': [128, 3]}, {'CONV': [128, 3]}, {'POOLMAX': [-1, 2]}), ({'CONV': [128, 3]}, {'CONV': [32, 5]}), ({'CONV': [128, 3]}, {'CONV': [256, 3]}, {'POOLMAX': [-1, 2]}), ({'CONV': [64, 3]}, {'CONV': [256, 3]}), ({'CONV': [128, 5]}, {'CONV': [256, 5]}, {'POOLMAX': [-1, 2]}), ({'CONV': [64, 3]}, {'CONV': [128, 3]}), ({'CONV': [256, 3]}, {'CONV': [256, 5]}, {'POOLMAX': [-1, 2]}), {'GLOBAL_AVG': None}, {'LAST_DENSE': [100, 'softmax']}]",HHSE,NSGA2,,,,,0.7040364631681791,,,,1494349824,5132452,,,,,,"[0, 0, 29, 47, 62, 14, 29, 55]",0.7212631447632032,-0.0009006254886082,0.0,0.0,0.875,0.0,0.19,0,0,0,100,0,0.0,BEST,False,False,208,True,True,GREEDY,,,GREEDY_HV
BHPTF[M][M],6,7,50,19,0.5,True,True,"[27, 36, 33, 38, 22, 47, 20, 55]",[],"[27.030259772595954, 36.93917983899732, 33.191071622098555, 38.45001841194179, 22.297923079579732, 47.30091420884506, 20.91476906373331, 55.84896664858675]","[{'INP': 32}, {'CONV': [64, 3]}, ({'CONV': [64, 5]}, {'CONV': [64, 5]}), ({'CONV': [128, 3]}, {'CONV': [128, 3]}, {'POOLMAX': [-1, 2]}), ({'CONV': [128, 3]}, {'CONV': [32, 5]}), ({'CONV': [128, 3]}, {'CONV': [256, 3]}, {'POOLMAX': [-1, 2]}), ({'CONV': [64, 3]}, {'CONV': [256, 3]}), ({'CONV': [128, 5]}, {'CONV': [256, 5]}, {'POOLMAX': [-1, 2]}), ({'CONV': [64, 3]}, {'CONV': [128, 3]}), ({'CONV': [256, 3]}, {'CONV': [256, 5]}, {'POOLMAX': [-1, 2]}), {'GLOBAL_AVG': None}, {'LAST_DENSE': [100, 'softmax']}]",HHSE,NSGA2,,,,,0.7040364631681791,,,,1494349824,5132452,,,,,,"[0, 0, 29, 47, 62, 14, 29, 55]",0.721272327795308,-0.0002098591750331,0.0,0.0,0.875,0.0,0.19,0,0,0,100,0,0.0,BEST,False,False,208,True,True,GREEDY,,,GREEDY_HV
BHPTF[M][M],6,7,51,19,0.51,True,True,"[27, 36, 33, 38, 22, 47, 20, 55]",[],"[27.030259772595954, 36.93917983899732, 33.191071622098555, 38.45001841194179, 22.297923079579732, 47.30091420884506, 20.91476906373331, 55.84896664858675]","[{'INP': 32}, {'CONV': [64, 3]}, ({'CONV': [64, 5]}, {'CONV': [64, 5]}), ({'CONV': [128, 3]}, {'CONV': [128, 3]}, {'POOLMAX': [-1, 2]}), ({'CONV': [128, 3]}, {'CONV': [32, 5]}), ({'CONV': [128, 3]}, {'CONV': [256, 3]}, {'POOLMAX': [-1, 2]}), ({'CONV': [64, 3]}, {'CONV': [256, 3]}), ({'CONV': [128, 5]}, {'CONV': [256, 5]}, {'POOLMAX': [-1, 2]}), ({'CONV': [64, 3]}, {'CONV': [128, 3]}), ({'CONV': [256, 3]}, {'CONV': [256, 5]}, {'POOLMAX': [-1, 2]}), {'GLOBAL_AVG': None}, {'LAST_DENSE': [100, 'softmax']}]",HHSE,NSGA2,,,,,0.7040364631681791,,,,1494349824,5132452,,,,,,"[0, 0, 29, 47, 62, 14, 29, 55]",0.7214694597114624,-0.0002544719638088,0.0,0.0,0.875,0.0,0.19,0,0,0,100,0,0.0,BEST,False,False,208,True,True,GREEDY,,,GREEDY_HV
BHPTF[M][M],6,7,52,19,0.52,True,True,"[27, 36, 33, 38, 22, 47, 20, 55]",[],"[27.030259772595954, 36.93917983899732, 33.191071622098555, 38.45001841194179, 22.297923079579732, 47.30091420884506, 20.91476906373331, 55.84896664858675]","[{'INP': 32}, {'CONV': [64, 3]}, ({'CONV': [64, 5]}, {'CONV': [64, 5]}), ({'CONV': [128, 3]}, {'CONV': [128, 3]}, {'POOLMAX': [-1, 2]}), ({'CONV': [128, 3]}, {'CONV': [32, 5]}), ({'CONV': [128, 3]}, {'CONV': [256, 3]}, {'POOLMAX': [-1, 2]}), ({'CONV': [64, 3]}, {'CONV': [256, 3]}), ({'CONV': [128, 5]}, {'CONV': [256, 5]}, {'POOLMAX': [-1, 2]}), ({'CONV': [64, 3]}, {'CONV': [128, 3]}), ({'CONV': [256, 3]}, {'CONV': [256, 5]}, {'POOLMAX': [-1, 2]}), {'GLOBAL_AVG': None}, {'LAST_DENSE': [100, 'softmax']}]",HHSE,NSGA2,,,,,0.7040364631681791,,,,1494349824,5132452,,,,,,"[0, 0, 29, 47, 62, 14, 29, 55]",0.7213115941290396,-0.0003133301956655,0.0,0.0,0.875,0.0,0.19,0,0,0,100,0,0.0,BEST,False,False,208,True,True,GREEDY,,,GREEDY_HV
BHPTF[M][M],6,7,53,19,0.53,True,True,"[27, 36, 33, 38, 22, 47, 20, 55]",[],"[27.030259772595954, 36.93917983899732, 33.191071622098555, 38.45001841194179, 22.297923079579732, 47.30091420884506, 20.91476906373331, 55.84896664858675]","[{'INP': 32}, {'CONV': [64, 3]}, ({'CONV': [64, 5]}, {'CONV': [64, 5]}), ({'CONV': [128, 3]}, {'CONV': [128, 3]}, {'POOLMAX': [-1, 2]}), ({'CONV': [128, 3]}, {'CONV': [32, 5]}), ({'CONV': [128, 3]}, {'CONV': [256, 3]}, {'POOLMAX': [-1, 2]}), ({'CONV': [64, 3]}, {'CONV': [256, 3]}), ({'CONV': [128, 5]}, {'CONV': [256, 5]}, {'POOLMAX': [-1, 2]}), ({'CONV': [64, 3]}, {'CONV': [128, 3]}), ({'CONV': [256, 3]}, {'CONV': [256, 5]}, {'POOLMAX': [-1, 2]}), {'GLOBAL_AVG': None}, {'LAST_DENSE': [100, 'softmax']}]",HHSE,NSGA2,,,,,0.7040364631681791,,,,1494349824,5132452,,,,,,"[0, 0, 29, 47, 62, 14, 29, 55]",0.7213297407653736,-0.0003810825866429,0.0,0.0,0.875,0.0,0.19,0,0,0,100,0,0.0,BEST,False,False,208,True,True,GREEDY,,,GREEDY_HV
BHPTF[M][M],6,7,54,19,0.54,True,True,"[27, 36, 33, 38, 22, 47, 20, 55]",[],"[27.030259772595954, 36.93917983899732, 33.191071622098555, 38.45001841194179, 22.297923079579732, 47.30091420884506, 20.91476906373331, 55.84896664858675]","[{'INP': 32}, {'CONV': [64, 3]}, ({'CONV': [64, 5]}, {'CONV': [64, 5]}), ({'CONV': [128, 3]}, {'CONV': [128, 3]}, {'POOLMAX': [-1, 2]}), ({'CONV': [128, 3]}, {'CONV': [32, 5]}), ({'CONV': [128, 3]}, {'CONV': [256, 3]}, {'POOLMAX': [-1, 2]}), ({'CONV': [64, 3]}, {'CONV': [256, 3]}), ({'CONV': [128, 5]}, {'CONV': [256, 5]}, {'POOLMAX': [-1, 2]}), ({'CONV': [64, 3]}, {'CONV': [128, 3]}), ({'CONV': [256, 3]}, {'CONV': [256, 5]}, {'POOLMAX': [-1, 2]}), {'GLOBAL_AVG': None}, {'LAST_DENSE': [100, 'softmax']}]",HHSE,NSGA2,,,,,0.7040364631681791,,,,1494349824,5132452,,,,,,"[0, 0, 29, 47, 62, 14, 29, 55]",0.7213850782759534,-0.0004248474560581,0.0,0.0,0.875,0.0,0.19,0,0,0,100,0,0.0,BEST,False,False,208,True,True,GREEDY,,,GREEDY_HV
BHPTF[M][M],6,7,55,19,0.55,True,True,"[27, 36, 33, 38, 22, 47, 20, 55]",[],"[27.030259772595954, 36.93917983899732, 33.191071622098555, 38.45001841194179, 22.297923079579732, 47.30091420884506, 20.91476906373331, 55.84896664858675]","[{'INP': 32}, {'CONV': [64, 3]}, ({'CONV': [64, 5]}, {'CONV': [64, 5]}), ({'CONV': [128, 3]}, {'CONV': [128, 3]}, {'POOLMAX': [-1, 2]}), ({'CONV': [128, 3]}, {'CONV': [32, 5]}), ({'CONV': [128, 3]}, {'CONV': [256, 3]}, {'POOLMAX': [-1, 2]}), ({'CONV': [64, 3]}, {'CONV': [256, 3]}), ({'CONV': [128, 5]}, {'CONV': [256, 5]}, {'POOLMAX': [-1, 2]}), ({'CONV': [64, 3]}, {'CONV': [128, 3]}), ({'CONV': [256, 3]}, {'CONV': [256, 5]}, {'POOLMAX': [-1, 2]}), {'GLOBAL_AVG': None}, {'LAST_DENSE': [100, 'softmax']}]",HHSE,NSGA2,,,,,0.7040364631681791,,,,1494349824,5132452,,,,,,"[0, 0, 29, 47, 62, 14, 29, 55]",0.7216495044107524,-2.939652433708861e-05,0.0,0.0,0.875,0.0,0.19,0,0,0,100,0,0.0,BEST,False,False,208,True,True,GREEDY,,,GREEDY_HV
BHPTF[M][M],6,7,56,19,0.56,True,True,"[27, 36, 33, 38, 22, 47, 20, 55]",[],"[27.030259772595954, 36.93917983899732, 33.191071622098555, 38.45001841194179, 22.297923079579732, 47.30091420884506, 20.91476906373331, 55.84896664858675]","[{'INP': 32}, {'CONV': [64, 3]}, ({'CONV': [64, 5]}, {'CONV': [64, 5]}), ({'CONV': [128, 3]}, {'CONV': [128, 3]}, {'POOLMAX': [-1, 2]}), ({'CONV': [128, 3]}, {'CONV': [32, 5]}), ({'CONV': [128, 3]}, {'CONV': [256, 3]}, {'POOLMAX': [-1, 2]}), ({'CONV': [64, 3]}, {'CONV': [256, 3]}), ({'CONV': [128, 5]}, {'CONV': [256, 5]}, {'POOLMAX': [-1, 2]}), ({'CONV': [64, 3]}, {'CONV': [128, 3]}), ({'CONV': [256, 3]}, {'CONV': [256, 5]}, {'POOLMAX': [-1, 2]}), {'GLOBAL_AVG': None}, {'LAST_DENSE': [100, 'softmax']}]",HHSE,NSGA2,,,,,0.7040364631681791,,,,1494349824,5132452,,,,,,"[0, 0, 29, 47, 62, 14, 29, 55]",0.7215212950644151,-0.0002063823814704,0.0,0.0,0.875,0.0,0.19,0,0,0,100,0,0.0,BEST,False,False,208,True,True,GREEDY,,,GREEDY_HV
BHPTF[M][M],6,7,57,19,0.57,True,True,"[27, 36, 33, 38, 22, 47, 20, 55]",[],"[27.030259772595954, 36.93917983899732, 33.191071622098555, 38.45001841194179, 22.297923079579732, 47.30091420884506, 20.91476906373331, 55.84896664858675]","[{'INP': 32}, {'CONV': [64, 3]}, ({'CONV': [64, 5]}, {'CONV': [64, 5]}), ({'CONV': [128, 3]}, {'CONV': [128, 3]}, {'POOLMAX': [-1, 2]}), ({'CONV': [128, 3]}, {'CONV': [32, 5]}), ({'CONV': [128, 3]}, {'CONV': [256, 3]}, {'POOLMAX': [-1, 2]}), ({'CONV': [64, 3]}, {'CONV': [256, 3]}), ({'CONV': [128, 5]}, {'CONV': [256, 5]}, {'POOLMAX': [-1, 2]}), ({'CONV': [64, 3]}, {'CONV': [128, 3]}), ({'CONV': [256, 3]}, {'CONV': [256, 5]}, {'POOLMAX': [-1, 2]}), {'GLOBAL_AVG': None}, {'LAST_DENSE': [100, 'softmax']}]",HHSE,NSGA2,,,,,0.7040364631681791,,,,1494349824,5132452,,,,,,"[0, 0, 29, 47, 62, 14, 29, 55]",0.721631729707337,-0.0004191250020265,0.0,0.0,0.875,0.0,0.19,0,0,0,100,0,0.0,BEST,False,False,208,True,True,GREEDY,,,GREEDY_HV
BHPTF[M][M],6,7,58,19,0.58,True,True,"[27, 36, 33, 38, 22, 47, 20, 55]",[],"[27.030259772595954, 36.93917983899732, 33.191071622098555, 38.45001841194179, 22.297923079579732, 47.30091420884506, 20.91476906373331, 55.84896664858675]","[{'INP': 32}, {'CONV': [64, 3]}, ({'CONV': [64, 5]}, {'CONV': [64, 5]}), ({'CONV': [128, 3]}, {'CONV': [128, 3]}, {'POOLMAX': [-1, 2]}), ({'CONV': [128, 3]}, {'CONV': [32, 5]}), ({'CONV': [128, 3]}, {'CONV': [256, 3]}, {'POOLMAX': [-1, 2]}), ({'CONV': [64, 3]}, {'CONV': [256, 3]}), ({'CONV': [128, 5]}, {'CONV': [256, 5]}, {'POOLMAX': [-1, 2]}), ({'CONV': [64, 3]}, {'CONV': [128, 3]}), ({'CONV': [256, 3]}, {'CONV': [256, 5]}, {'POOLMAX': [-1, 2]}), {'GLOBAL_AVG': None}, {'LAST_DENSE': [100, 'softmax']}]",HHSE,NSGA2,,,,,0.7040364631681791,,,,1494349824,5132452,,,,,,"[0, 0, 29, 47, 62, 14, 29, 55]",0.7216814040717581,-0.0003816580294031,0.0,0.0,0.875,0.0,0.19,0,0,0,100,0,0.0,BEST,False,False,208,True,True,GREEDY,,,GREEDY_HV
BHPTF[M][M],6,7,59,19,0.59,True,True,"[27, 36, 33, 38, 22, 47, 20, 55]",[],"[27.030259772595954, 36.93917983899732, 33.191071622098555, 38.45001841194179, 22.297923079579732, 47.30091420884506, 20.91476906373331, 55.84896664858675]","[{'INP': 32}, {'CONV': [64, 3]}, ({'CONV': [64, 5]}, {'CONV': [64, 5]}), ({'CONV': [128, 3]}, {'CONV': [128, 3]}, {'POOLMAX': [-1, 2]}), ({'CONV': [128, 3]}, {'CONV': [32, 5]}), ({'CONV': [128, 3]}, {'CONV': [256, 3]}, {'POOLMAX': [-1, 2]}), ({'CONV': [64, 3]}, {'CONV': [256, 3]}), ({'CONV': [128, 5]}, {'CONV': [256, 5]}, {'POOLMAX': [-1, 2]}), ({'CONV': [64, 3]}, {'CONV': [128, 3]}), ({'CONV': [256, 3]}, {'CONV': [256, 5]}, {'POOLMAX': [-1, 2]}), {'GLOBAL_AVG': None}, {'LAST_DENSE': [100, 'softmax']}]",HHSE,NSGA2,,,,,0.7040364631681791,,,,1494349824,5132452,,,,,,"[0, 0, 29, 47, 62, 14, 29, 55]",0.7216423114536736,-0.0004455985454349,0.0,0.0,0.875,0.0,0.19,0,0,0,100,0,0.0,BEST,False,False,208,True,True,GREEDY,,,GREEDY_HV
BHPTF[M][M],6,7,60,19,0.6,True,True,"[27, 36, 33, 38, 22, 47, 20, 55]",[],"[27.030259772595954, 36.93917983899732, 33.191071622098555, 38.45001841194179, 22.297923079579732, 47.30091420884506, 20.91476906373331, 55.84896664858675]","[{'INP': 32}, {'CONV': [64, 3]}, ({'CONV': [64, 5]}, {'CONV': [64, 5]}), ({'CONV': [128, 3]}, {'CONV': [128, 3]}, {'POOLMAX': [-1, 2]}), ({'CONV': [128, 3]}, {'CONV': [32, 5]}), ({'CONV': [128, 3]}, {'CONV': [256, 3]}, {'POOLMAX': [-1, 2]}), ({'CONV': [64, 3]}, {'CONV': [256, 3]}), ({'CONV': [128, 5]}, {'CONV': [256, 5]}, {'POOLMAX': [-1, 2]}), ({'CONV': [64, 3]}, {'CONV': [128, 3]}), ({'CONV': [256, 3]}, {'CONV': [256, 5]}, {'POOLMAX': [-1, 2]}), {'GLOBAL_AVG': None}, {'LAST_DENSE': [100, 'softmax']}]",HHSE,NSGA2,,,,,0.7040364631681791,,,,1494349824,5132452,,,,,,"[0, 0, 29, 47, 62, 14, 29, 55]",0.7216633740350823,-0.0002439490485465,0.0,0.0,0.875,0.0,0.19,0,0,0,100,0,0.0,BEST,False,False,208,True,True,GREEDY,,,GREEDY_HV
BHPTF[M][M],6,7,61,19,0.61,True,True,"[27, 36, 33, 38, 22, 47, 20, 55]",[],"[27.030259772595954, 36.93917983899732, 33.191071622098555, 38.45001841194179, 22.297923079579732, 47.30091420884506, 20.91476906373331, 55.84896664858675]","[{'INP': 32}, {'CONV': [64, 3]}, ({'CONV': [64, 5]}, {'CONV': [64, 5]}), ({'CONV': [128, 3]}, {'CONV': [128, 3]}, {'POOLMAX': [-1, 2]}), ({'CONV': [128, 3]}, {'CONV': [32, 5]}), ({'CONV': [128, 3]}, {'CONV': [256, 3]}, {'POOLMAX': [-1, 2]}), ({'CONV': [64, 3]}, {'CONV': [256, 3]}), ({'CONV': [128, 5]}, {'CONV': [256, 5]}, {'POOLMAX': [-1, 2]}), ({'CONV': [64, 3]}, {'CONV': [128, 3]}), ({'CONV': [256, 3]}, {'CONV': [256, 5]}, {'POOLMAX': [-1, 2]}), {'GLOBAL_AVG': None}, {'LAST_DENSE': [100, 'softmax']}]",HHSE,NSGA2,,,,,0.7040364631681791,,,,1494349824,5132452,,,,,,"[0, 0, 29, 47, 62, 14, 29, 55]",0.7216790436422875,-0.0001130486753868,0.0,0.0,0.875,0.0,0.19,0,1,0,100,0,0.01,BEST,False,False,208,True,True,GREEDY,,,GREEDY_HV
BHPTF[M][M],6,7,62,19,0.62,True,True,"[27, 36, 33, 38, 22, 47, 20, 55]",[],"[27.030259772595954, 36.93917983899732, 33.191071622098555, 38.45001841194179, 22.297923079579732, 47.30091420884506, 20.91476906373331, 55.84896664858675]","[{'INP': 32}, {'CONV': [64, 3]}, ({'CONV': [64, 5]}, {'CONV': [64, 5]}), ({'CONV': [128, 3]}, {'CONV': [128, 3]}, {'POOLMAX': [-1, 2]}), ({'CONV': [128, 3]}, {'CONV': [32, 5]}), ({'CONV': [128, 3]}, {'CONV': [256, 3]}, {'POOLMAX': [-1, 2]}), ({'CONV': [64, 3]}, {'CONV': [256, 3]}), ({'CONV': [128, 5]}, {'CONV': [256, 5]}, {'POOLMAX': [-1, 2]}), ({'CONV': [64, 3]}, {'CONV': [128, 3]}), ({'CONV': [256, 3]}, {'CONV': [256, 5]}, {'POOLMAX': [-1, 2]}), {'GLOBAL_AVG': None}, {'LAST_DENSE': [100, 'softmax']}]",HHSE,NSGA2,,,,,0.7040364631681791,,,,1494349824,5132452,,,,,,"[0, 0, 29, 47, 62, 14, 29, 55]",0.7218331851120061,-0.0008591184513888,0.0,0.0,0.875,0.0,0.19,0,0,0,100,0,0.0,BEST,False,False,208,True,True,GREEDY,,,GREEDY_HV
BHPTF[M][M],6,7,63,19,0.63,True,True,"[27, 36, 33, 38, 22, 47, 20, 55]",[],"[27.030259772595954, 36.93917983899732, 33.191071622098555, 38.45001841194179, 22.297923079579732, 47.30091420884506, 20.91476906373331, 55.84896664858675]","[{'INP': 32}, {'CONV': [64, 3]}, ({'CONV': [64, 5]}, {'CONV': [64, 5]}), ({'CONV': [128, 3]}, {'CONV': [128, 3]}, {'POOLMAX': [-1, 2]}), ({'CONV': [128, 3]}, {'CONV': [32, 5]}), ({'CONV': [128, 3]}, {'CONV': [256, 3]}, {'POOLMAX': [-1, 2]}), ({'CONV': [64, 3]}, {'CONV': [256, 3]}), ({'CONV': [128, 5]}, {'CONV': [256, 5]}, {'POOLMAX': [-1, 2]}), ({'CONV': [64, 3]}, {'CONV': [128, 3]}), ({'CONV': [256, 3]}, {'CONV': [256, 5]}, {'POOLMAX': [-1, 2]}), {'GLOBAL_AVG': None}, {'LAST_DENSE': [100, 'softmax']}]",HHSE,NSGA2,,,,,0.7040364631681791,,,,1494349824,5132452,,,,,,"[0, 0, 29, 47, 62, 14, 29, 55]",0.7217832857819908,-0.0020159190381543,0.0,0.0,0.875,0.0,0.19,0,1,0,100,0,0.01,BEST,False,False,208,True,True,GREEDY,,,GREEDY_HV
BHPTF[M][M],6,7,64,19,0.64,True,True,"[27, 36, 33, 38, 22, 47, 20, 55]",[],"[27.030259772595954, 36.93917983899732, 33.191071622098555, 38.45001841194179, 22.297923079579732, 47.30091420884506, 20.91476906373331, 55.84896664858675]","[{'INP': 32}, {'CONV': [64, 3]}, ({'CONV': [64, 5]}, {'CONV': [64, 5]}), ({'CONV': [128, 3]}, {'CONV': [128, 3]}, {'POOLMAX': [-1, 2]}), ({'CONV': [128, 3]}, {'CONV': [32, 5]}), ({'CONV': [128, 3]}, {'CONV': [256, 3]}, {'POOLMAX': [-1, 2]}), ({'CONV': [64, 3]}, {'CONV': [256, 3]}), ({'CONV': [128, 5]}, {'CONV': [256, 5]}, {'POOLMAX': [-1, 2]}), ({'CONV': [64, 3]}, {'CONV': [128, 3]}), ({'CONV': [256, 3]}, {'CONV': [256, 5]}, {'POOLMAX': [-1, 2]}), {'GLOBAL_AVG': None}, {'LAST_DENSE': [100, 'softmax']}]",HHSE,NSGA2,,,,,0.7040364631681791,,,,1494349824,5132452,,,,,,"[0, 0, 29, 47, 62, 14, 29, 55]",0.7217470711636294,-0.000216034483501,0.0,0.0,0.875,0.0,0.19,0,0,0,100,0,0.0,BEST,False,False,208,True,True,GREEDY,,,GREEDY_HV
BHPTF[M][M],6,7,65,19,0.65,True,True,"[27, 36, 33, 38, 22, 47, 20, 55]",[],"[27.030259772595954, 36.93917983899732, 33.191071622098555, 38.45001841194179, 22.297923079579732, 47.30091420884506, 20.91476906373331, 55.84896664858675]","[{'INP': 32}, {'CONV': [64, 3]}, ({'CONV': [64, 5]}, {'CONV': [64, 5]}), ({'CONV': [128, 3]}, {'CONV': [128, 3]}, {'POOLMAX': [-1, 2]}), ({'CONV': [128, 3]}, {'CONV': [32, 5]}), ({'CONV': [128, 3]}, {'CONV': [256, 3]}, {'POOLMAX': [-1, 2]}), ({'CONV': [64, 3]}, {'CONV': [256, 3]}), ({'CONV': [128, 5]}, {'CONV': [256, 5]}, {'POOLMAX': [-1, 2]}), ({'CONV': [64, 3]}, {'CONV': [128, 3]}), ({'CONV': [256, 3]}, {'CONV': [256, 5]}, {'POOLMAX': [-1, 2]}), {'GLOBAL_AVG': None}, {'LAST_DENSE': [100, 'softmax']}]",HHSE,NSGA2,,,,,0.7040364631681791,,,,1494349824,5132452,,,,,,"[0, 0, 29, 47, 62, 14, 29, 55]",0.7217467894342222,-0.0003917248370641,0.0,0.0,0.875,0.0,0.19,0,0,0,100,0,0.0,BEST,False,False,208,True,True,GREEDY,,,GREEDY_HV
BHPTF[M][M],6,7,66,19,0.66,True,True,"[27, 36, 33, 38, 22, 47, 20, 55]",[],"[27.030259772595954, 36.93917983899732, 33.191071622098555, 38.45001841194179, 22.297923079579732, 47.30091420884506, 20.91476906373331, 55.84896664858675]","[{'INP': 32}, {'CONV': [64, 3]}, ({'CONV': [64, 5]}, {'CONV': [64, 5]}), ({'CONV': [128, 3]}, {'CONV': [128, 3]}, {'POOLMAX': [-1, 2]}), ({'CONV': [128, 3]}, {'CONV': [32, 5]}), ({'CONV': [128, 3]}, {'CONV': [256, 3]}, {'POOLMAX': [-1, 2]}), ({'CONV': [64, 3]}, {'CONV': [256, 3]}), ({'CONV': [128, 5]}, {'CONV': [256, 5]}, {'POOLMAX': [-1, 2]}), ({'CONV': [64, 3]}, {'CONV': [128, 3]}), ({'CONV': [256, 3]}, {'CONV': [256, 5]}, {'POOLMAX': [-1, 2]}), {'GLOBAL_AVG': None}, {'LAST_DENSE': [100, 'softmax']}]",HHSE,NSGA2,,,,,0.7040364631681791,,,,1494349824,5132452,,,,,,"[0, 0, 29, 47, 62, 14, 29, 55]",0.7227462966434266,-0.0003988931054412,0.0,0.0,0.875,0.0,0.19,0,0,0,100,0,0.0,BEST,False,False,208,True,True,GREEDY,,,GREEDY_HV
BHPTF[M][M],6,7,67,19,0.67,True,True,"[27, 36, 33, 38, 22, 47, 20, 55]",[],"[27.030259772595954, 36.93917983899732, 33.191071622098555, 38.45001841194179, 22.297923079579732, 47.30091420884506, 20.91476906373331, 55.84896664858675]","[{'INP': 32}, {'CONV': [64, 3]}, ({'CONV': [64, 5]}, {'CONV': [64, 5]}), ({'CONV': [128, 3]}, {'CONV': [128, 3]}, {'POOLMAX': [-1, 2]}), ({'CONV': [128, 3]}, {'CONV': [32, 5]}), ({'CONV': [128, 3]}, {'CONV': [256, 3]}, {'POOLMAX': [-1, 2]}), ({'CONV': [64, 3]}, {'CONV': [256, 3]}), ({'CONV': [128, 5]}, {'CONV': [256, 5]}, {'POOLMAX': [-1, 2]}), ({'CONV': [64, 3]}, {'CONV': [128, 3]}), ({'CONV': [256, 3]}, {'CONV': [256, 5]}, {'POOLMAX': [-1, 2]}), {'GLOBAL_AVG': None}, {'LAST_DENSE': [100, 'softmax']}]",HHSE,NSGA2,,,,,0.7040364631681791,,,,1494349824,5132452,,,,,,"[0, 0, 29, 47, 62, 14, 29, 55]",0.7230057508801448,-0.0006318794232187,0.0,0.0,0.875,0.0,0.19,0,1,0,100,0,0.01,BEST,False,False,208,True,True,GREEDY,,,GREEDY_HV
BHPTF[M][M],6,7,68,19,0.68,True,True,"[27, 36, 33, 38, 22, 47, 20, 55]",[],"[27.030259772595954, 36.93917983899732, 33.191071622098555, 38.45001841194179, 22.297923079579732, 47.30091420884506, 20.91476906373331, 55.84896664858675]","[{'INP': 32}, {'CONV': [64, 3]}, ({'CONV': [64, 5]}, {'CONV': [64, 5]}), ({'CONV': [128, 3]}, {'CONV': [128, 3]}, {'POOLMAX': [-1, 2]}), ({'CONV': [128, 3]}, {'CONV': [32, 5]}), ({'CONV': [128, 3]}, {'CONV': [256, 3]}, {'POOLMAX': [-1, 2]}), ({'CONV': [64, 3]}, {'CONV': [256, 3]}), ({'CONV': [128, 5]}, {'CONV': [256, 5]}, {'POOLMAX': [-1, 2]}), ({'CONV': [64, 3]}, {'CONV': [128, 3]}), ({'CONV': [256, 3]}, {'CONV': [256, 5]}, {'POOLMAX': [-1, 2]}), {'GLOBAL_AVG': None}, {'LAST_DENSE': [100, 'softmax']}]",HHSE,NSGA2,,,,,0.7040364631681791,,,,1494349824,5132452,,,,,,"[0, 0, 29, 47, 62, 14, 29, 55]",0.7229176835046285,-0.0001761970906006,0.0,0.0,0.875,0.0,0.19,0,0,0,100,0,0.0,BEST,False,False,208,True,True,GREEDY,,,GREEDY_HV
BHPTF[M][M],6,7,69,19,0.69,True,True,"[27, 36, 33, 38, 22, 47, 20, 55]",[],"[27.030259772595954, 36.93917983899732, 33.191071622098555, 38.45001841194179, 22.297923079579732, 47.30091420884506, 20.91476906373331, 55.84896664858675]","[{'INP': 32}, {'CONV': [64, 3]}, ({'CONV': [64, 5]}, {'CONV': [64, 5]}), ({'CONV': [128, 3]}, {'CONV': [128, 3]}, {'POOLMAX': [-1, 2]}), ({'CONV': [128, 3]}, {'CONV': [32, 5]}), ({'CONV': [128, 3]}, {'CONV': [256, 3]}, {'POOLMAX': [-1, 2]}), ({'CONV': [64, 3]}, {'CONV': [256, 3]}), ({'CONV': [128, 5]}, {'CONV': [256, 5]}, {'POOLMAX': [-1, 2]}), ({'CONV': [64, 3]}, {'CONV': [128, 3]}), ({'CONV': [256, 3]}, {'CONV': [256, 5]}, {'POOLMAX': [-1, 2]}), {'GLOBAL_AVG': None}, {'LAST_DENSE': [100, 'softmax']}]",HHSE,NSGA2,,,,,0.7040364631681791,,,,1494349824,5132452,,,,,,"[0, 0, 29, 47, 62, 14, 29, 55]",0.7231698277539929,-1.8620545414460563e-06,0.0,0.0,0.875,0.0,0.19,0,0,0,100,0,0.0,BEST,False,False,208,True,True,GREEDY,,,GREEDY_HV
BHPTF[M][M],6,7,70,19,0.7,True,True,"[27, 36, 33, 38, 22, 47, 20, 55]",[],"[27.030259772595954, 36.93917983899732, 33.191071622098555, 38.45001841194179, 22.297923079579732, 47.30091420884506, 20.91476906373331, 55.84896664858675]","[{'INP': 32}, {'CONV': [64, 3]}, ({'CONV': [64, 5]}, {'CONV': [64, 5]}), ({'CONV': [128, 3]}, {'CONV': [128, 3]}, {'POOLMAX': [-1, 2]}), ({'CONV': [128, 3]}, {'CONV': [32, 5]}), ({'CONV': [128, 3]}, {'CONV': [256, 3]}, {'POOLMAX': [-1, 2]}), ({'CONV': [64, 3]}, {'CONV': [256, 3]}), ({'CONV': [128, 5]}, {'CONV': [256, 5]}, {'POOLMAX': [-1, 2]}), ({'CONV': [64, 3]}, {'CONV': [128, 3]}), ({'CONV': [256, 3]}, {'CONV': [256, 5]}, {'POOLMAX': [-1, 2]}), {'GLOBAL_AVG': None}, {'LAST_DENSE': [100, 'softmax']}]",HHSE,NSGA2,,,,,0.7040364631681791,,,,1494349824,5132452,,,,,,"[0, 0, 29, 47, 62, 14, 29, 55]",0.7230509577089247,-0.0003514199430889,0.0,0.0,0.875,0.0,0.19,0,0,0,100,0,0.0,BEST,False,False,208,True,True,GREEDY,,,GREEDY_HV
BHPTF[M][M],6,7,71,19,0.71,True,True,"[27, 36, 33, 38, 22, 47, 20, 55]",[],"[27.030259772595954, 36.93917983899732, 33.191071622098555, 38.45001841194179, 22.297923079579732, 47.30091420884506, 20.91476906373331, 55.84896664858675]","[{'INP': 32}, {'CONV': [64, 3]}, ({'CONV': [64, 5]}, {'CONV': [64, 5]}), ({'CONV': [128, 3]}, {'CONV': [128, 3]}, {'POOLMAX': [-1, 2]}), ({'CONV': [128, 3]}, {'CONV': [32, 5]}), ({'CONV': [128, 3]}, {'CONV': [256, 3]}, {'POOLMAX': [-1, 2]}), ({'CONV': [64, 3]}, {'CONV': [256, 3]}), ({'CONV': [128, 5]}, {'CONV': [256, 5]}, {'POOLMAX': [-1, 2]}), ({'CONV': [64, 3]}, {'CONV': [128, 3]}), ({'CONV': [256, 3]}, {'CONV': [256, 5]}, {'POOLMAX': [-1, 2]}), {'GLOBAL_AVG': None}, {'LAST_DENSE': [100, 'softmax']}]",HHSE,NSGA2,,,,,0.7040364631681791,,,,1494349824,5132452,,,,,,"[0, 0, 29, 47, 62, 14, 29, 55]",0.7231135866869713,-0.000116506998243,0.0,0.0,0.875,0.0,0.19,0,1,0,100,0,0.01,BEST,False,False,208,True,True,GREEDY,,,GREEDY_HV
BHPTF[M][M],6,7,72,19,0.72,True,True,"[27, 36, 33, 38, 22, 47, 20, 55]",[],"[27.030259772595954, 36.93917983899732, 33.191071622098555, 38.45001841194179, 22.297923079579732, 47.30091420884506, 20.91476906373331, 55.84896664858675]","[{'INP': 32}, {'CONV': [64, 3]}, ({'CONV': [64, 5]}, {'CONV': [64, 5]}), ({'CONV': [128, 3]}, {'CONV': [128, 3]}, {'POOLMAX': [-1, 2]}), ({'CONV': [128, 3]}, {'CONV': [32, 5]}), ({'CONV': [128, 3]}, {'CONV': [256, 3]}, {'POOLMAX': [-1, 2]}), ({'CONV': [64, 3]}, {'CONV': [256, 3]}), ({'CONV': [128, 5]}, {'CONV': [256, 5]}, {'POOLMAX': [-1, 2]}), ({'CONV': [64, 3]}, {'CONV': [128, 3]}), ({'CONV': [256, 3]}, {'CONV': [256, 5]}, {'POOLMAX': [-1, 2]}), {'GLOBAL_AVG': None}, {'LAST_DENSE': [100, 'softmax']}]",HHSE,NSGA2,,,,,0.7040364631681791,,,,1494349824,5132452,,,,,,"[0, 0, 29, 47, 62, 14, 29, 55]",0.7233005838129642,-0.0001955591864211,0.0,0.0,0.875,0.0,0.19,0,0,0,100,0,0.0,BEST,False,False,208,True,True,GREEDY,,,GREEDY_HV
BHPTF[M][M],6,7,73,19,0.73,True,True,"[27, 36, 33, 38, 22, 47, 20, 55]",[],"[27.030259772595954, 36.93917983899732, 33.191071622098555, 38.45001841194179, 22.297923079579732, 47.30091420884506, 20.91476906373331, 55.84896664858675]","[{'INP': 32}, {'CONV': [64, 3]}, ({'CONV': [64, 5]}, {'CONV': [64, 5]}), ({'CONV': [128, 3]}, {'CONV': [128, 3]}, {'POOLMAX': [-1, 2]}), ({'CONV': [128, 3]}, {'CONV': [32, 5]}), ({'CONV': [128, 3]}, {'CONV': [256, 3]}, {'POOLMAX': [-1, 2]}), ({'CONV': [64, 3]}, {'CONV': [256, 3]}), ({'CONV': [128, 5]}, {'CONV': [256, 5]}, {'POOLMAX': [-1, 2]}), ({'CONV': [64, 3]}, {'CONV': [128, 3]}), ({'CONV': [256, 3]}, {'CONV': [256, 5]}, {'POOLMAX': [-1, 2]}), {'GLOBAL_AVG': None}, {'LAST_DENSE': [100, 'softmax']}]",HHSE,NSGA2,,,,,0.7040364631681791,,,,1494349824,5132452,,,,,,"[0, 0, 29, 47, 62, 14, 29, 55]",0.7233769763960445,-0.00022322593563,0.0,0.0,0.875,0.0,0.19,0,3,0,100,0,0.03,BEST,False,False,208,True,True,GREEDY,,,GREEDY_HV
BHPTF[M][M],6,7,74,19,0.74,True,True,"[27, 36, 33, 38, 22, 47, 20, 55]",[],"[27.030259772595954, 36.93917983899732, 33.191071622098555, 38.45001841194179, 22.297923079579732, 47.30091420884506, 20.91476906373331, 55.84896664858675]","[{'INP': 32}, {'CONV': [64, 3]}, ({'CONV': [64, 5]}, {'CONV': [64, 5]}), ({'CONV': [128, 3]}, {'CONV': [128, 3]}, {'POOLMAX': [-1, 2]}), ({'CONV': [128, 3]}, {'CONV': [32, 5]}), ({'CONV': [128, 3]}, {'CONV': [256, 3]}, {'POOLMAX': [-1, 2]}), ({'CONV': [64, 3]}, {'CONV': [256, 3]}), ({'CONV': [128, 5]}, {'CONV': [256, 5]}, {'POOLMAX': [-1, 2]}), ({'CONV': [64, 3]}, {'CONV': [128, 3]}), ({'CONV': [256, 3]}, {'CONV': [256, 5]}, {'POOLMAX': [-1, 2]}), {'GLOBAL_AVG': None}, {'LAST_DENSE': [100, 'softmax']}]",HHSE,NSGA2,,,,,0.7040364631681791,,,,1494349824,5132452,,,,,,"[0, 0, 29, 47, 62, 14, 29, 55]",0.7234224506932743,-0.0002848776892467,0.0,0.0,0.875,0.0,0.19,0,0,0,100,0,0.0,BEST,False,False,208,True,True,GREEDY,,,GREEDY_HV
BHPTF[M][M],6,7,75,19,0.75,True,True,"[27, 36, 33, 38, 22, 47, 20, 55]",[],"[27.030259772595954, 36.93917983899732, 33.191071622098555, 38.45001841194179, 22.297923079579732, 47.30091420884506, 20.91476906373331, 55.84896664858675]","[{'INP': 32}, {'CONV': [64, 3]}, ({'CONV': [64, 5]}, {'CONV': [64, 5]}), ({'CONV': [128, 3]}, {'CONV': [128, 3]}, {'POOLMAX': [-1, 2]}), ({'CONV': [128, 3]}, {'CONV': [32, 5]}), ({'CONV': [128, 3]}, {'CONV': [256, 3]}, {'POOLMAX': [-1, 2]}), ({'CONV': [64, 3]}, {'CONV': [256, 3]}), ({'CONV': [128, 5]}, {'CONV': [256, 5]}, {'POOLMAX': [-1, 2]}), ({'CONV': [64, 3]}, {'CONV': [128, 3]}), ({'CONV': [256, 3]}, {'CONV': [256, 5]}, {'POOLMAX': [-1, 2]}), {'GLOBAL_AVG': None}, {'LAST_DENSE': [100, 'softmax']}]",HHSE,NSGA2,,,,,0.7040364631681791,,,,1494349824,5132452,,,,,,"[0, 0, 29, 47, 62, 14, 29, 55]",0.7237126812346735,0.000136259014439,0.0,0.0,0.875,0.0,0.19,0,2,0,100,0,0.02,BEST,False,False,208,True,True,GREEDY,,,GREEDY_HV
BHPTF[M][M],6,7,76,19,0.76,True,True,"[27, 36, 33, 38, 22, 47, 20, 55]",[],"[27.030259772595954, 36.93917983899732, 33.191071622098555, 38.45001841194179, 22.297923079579732, 47.30091420884506, 20.91476906373331, 55.84896664858675]","[{'INP': 32}, {'CONV': [64, 3]}, ({'CONV': [64, 5]}, {'CONV': [64, 5]}), ({'CONV': [128, 3]}, {'CONV': [128, 3]}, {'POOLMAX': [-1, 2]}), ({'CONV': [128, 3]}, {'CONV': [32, 5]}), ({'CONV': [128, 3]}, {'CONV': [256, 3]}, {'POOLMAX': [-1, 2]}), ({'CONV': [64, 3]}, {'CONV': [256, 3]}), ({'CONV': [128, 5]}, {'CONV': [256, 5]}, {'POOLMAX': [-1, 2]}), ({'CONV': [64, 3]}, {'CONV': [128, 3]}), ({'CONV': [256, 3]}, {'CONV': [256, 5]}, {'POOLMAX': [-1, 2]}), {'GLOBAL_AVG': None}, {'LAST_DENSE': [100, 'softmax']}]",HHSE,NSGA2,,,,,0.7040364631681791,,,,1494349824,5132452,,,,,,"[0, 0, 29, 47, 62, 14, 29, 55]",0.723774313081031,-5.550797210995828e-05,0.0,0.0,0.875,0.0,0.19,0,0,0,100,0,0.0,BEST,False,False,208,True,True,GREEDY,,,GREEDY_HV
BHPTF[M][M],6,7,77,19,0.77,True,True,"[27, 36, 33, 38, 22, 47, 20, 55]",[],"[27.030259772595954, 36.93917983899732, 33.191071622098555, 38.45001841194179, 22.297923079579732, 47.30091420884506, 20.91476906373331, 55.84896664858675]","[{'INP': 32}, {'CONV': [64, 3]}, ({'CONV': [64, 5]}, {'CONV': [64, 5]}), ({'CONV': [128, 3]}, {'CONV': [128, 3]}, {'POOLMAX': [-1, 2]}), ({'CONV': [128, 3]}, {'CONV': [32, 5]}), ({'CONV': [128, 3]}, {'CONV': [256, 3]}, {'POOLMAX': [-1, 2]}), ({'CONV': [64, 3]}, {'CONV': [256, 3]}), ({'CONV': [128, 5]}, {'CONV': [256, 5]}, {'POOLMAX': [-1, 2]}), ({'CONV': [64, 3]}, {'CONV': [128, 3]}), ({'CONV': [256, 3]}, {'CONV': [256, 5]}, {'POOLMAX': [-1, 2]}), {'GLOBAL_AVG': None}, {'LAST_DENSE': [100, 'softmax']}]",HHSE,NSGA2,,,,,0.7040364631681791,,,,1494349824,5132452,,,,,,"[0, 0, 29, 47, 62, 14, 29, 55]",0.7241197322493064,-0.0010629429105981,0.0,0.0,0.875,0.0,0.19,0,0,0,100,0,0.0,BEST,False,False,208,True,True,GREEDY,,,GREEDY_HV
BHPTF[M][M],6,7,78,19,0.78,True,True,"[27, 36, 33, 38, 22, 47, 20, 55]",[],"[27.030259772595954, 36.93917983899732, 33.191071622098555, 38.45001841194179, 22.297923079579732, 47.30091420884506, 20.91476906373331, 55.84896664858675]","[{'INP': 32}, {'CONV': [64, 3]}, ({'CONV': [64, 5]}, {'CONV': [64, 5]}), ({'CONV': [128, 3]}, {'CONV': [128, 3]}, {'POOLMAX': [-1, 2]}), ({'CONV': [128, 3]}, {'CONV': [32, 5]}), ({'CONV': [128, 3]}, {'CONV': [256, 3]}, {'POOLMAX': [-1, 2]}), ({'CONV': [64, 3]}, {'CONV': [256, 3]}), ({'CONV': [128, 5]}, {'CONV': [256, 5]}, {'POOLMAX': [-1, 2]}), ({'CONV': [64, 3]}, {'CONV': [128, 3]}), ({'CONV': [256, 3]}, {'CONV': [256, 5]}, {'POOLMAX': [-1, 2]}), {'GLOBAL_AVG': None}, {'LAST_DENSE': [100, 'softmax']}]",HHSE,NSGA2,,,,,0.7040364631681791,,,,1494349824,5132452,,,,,,"[0, 0, 29, 47, 62, 14, 29, 55]",0.7241979925105118,-1.6538649424080454e-05,0.0,0.0,0.875,0.0,0.19,0,0,0,100,0,0.0,BEST,False,False,208,True,True,GREEDY,,,GREEDY_HV
BHPTF[M][M],6,7,79,19,0.79,True,True,"[27, 36, 33, 38, 22, 47, 20, 55]",[],"[27.030259772595954, 36.93917983899732, 33.191071622098555, 38.45001841194179, 22.297923079579732, 47.30091420884506, 20.91476906373331, 55.84896664858675]","[{'INP': 32}, {'CONV': [64, 3]}, ({'CONV': [64, 5]}, {'CONV': [64, 5]}), ({'CONV': [128, 3]}, {'CONV': [128, 3]}, {'POOLMAX': [-1, 2]}), ({'CONV': [128, 3]}, {'CONV': [32, 5]}), ({'CONV': [128, 3]}, {'CONV': [256, 3]}, {'POOLMAX': [-1, 2]}), ({'CONV': [64, 3]}, {'CONV': [256, 3]}), ({'CONV': [128, 5]}, {'CONV': [256, 5]}, {'POOLMAX': [-1, 2]}), ({'CONV': [64, 3]}, {'CONV': [128, 3]}), ({'CONV': [256, 3]}, {'CONV': [256, 5]}, {'POOLMAX': [-1, 2]}), {'GLOBAL_AVG': None}, {'LAST_DENSE': [100, 'softmax']}]",HHSE,NSGA2,,,,,0.7040364631681791,,,,1494349824,5132452,,,,,,"[0, 0, 29, 47, 62, 14, 29, 55]",0.7242189944455395,-0.0003907123687628,0.0,0.0,0.875,0.0,0.19,0,0,0,100,0,0.0,BEST,False,False,208,True,True,GREEDY,,,GREEDY_HV
BHPTF[M][M],6,7,80,19,0.8,True,True,"[27, 36, 33, 38, 22, 47, 20, 55]",[],"[27.030259772595954, 36.93917983899732, 33.191071622098555, 38.45001841194179, 22.297923079579732, 47.30091420884506, 20.91476906373331, 55.84896664858675]","[{'INP': 32}, {'CONV': [64, 3]}, ({'CONV': [64, 5]}, {'CONV': [64, 5]}), ({'CONV': [128, 3]}, {'CONV': [128, 3]}, {'POOLMAX': [-1, 2]}), ({'CONV': [128, 3]}, {'CONV': [32, 5]}), ({'CONV': [128, 3]}, {'CONV': [256, 3]}, {'POOLMAX': [-1, 2]}), ({'CONV': [64, 3]}, {'CONV': [256, 3]}), ({'CONV': [128, 5]}, {'CONV': [256, 5]}, {'POOLMAX': [-1, 2]}), ({'CONV': [64, 3]}, {'CONV': [128, 3]}), ({'CONV': [256, 3]}, {'CONV': [256, 5]}, {'POOLMAX': [-1, 2]}), {'GLOBAL_AVG': None}, {'LAST_DENSE': [100, 'softmax']}]",HHSE,NSGA2,,,,,0.7040364631681791,,,,1494349824,5132452,,,,,,"[0, 0, 29, 47, 62, 14, 29, 55]",0.7242545240023935,-4.938123975162245e-05,0.0,0.0,0.875,0.0,0.19,0,1,0,100,0,0.01,BEST,False,False,208,True,True,GREEDY,,,GREEDY_HV
BHPTF[M][M],6,7,81,19,0.81,True,True,"[27, 36, 33, 38, 22, 47, 20, 55]",[],"[27.030259772595954, 36.93917983899732, 33.191071622098555, 38.45001841194179, 22.297923079579732, 47.30091420884506, 20.91476906373331, 55.84896664858675]","[{'INP': 32}, {'CONV': [64, 3]}, ({'CONV': [64, 5]}, {'CONV': [64, 5]}), ({'CONV': [128, 3]}, {'CONV': [128, 3]}, {'POOLMAX': [-1, 2]}), ({'CONV': [128, 3]}, {'CONV': [32, 5]}), ({'CONV': [128, 3]}, {'CONV': [256, 3]}, {'POOLMAX': [-1, 2]}), ({'CONV': [64, 3]}, {'CONV': [256, 3]}), ({'CONV': [128, 5]}, {'CONV': [256, 5]}, {'POOLMAX': [-1, 2]}), ({'CONV': [64, 3]}, {'CONV': [128, 3]}), ({'CONV': [256, 3]}, {'CONV': [256, 5]}, {'POOLMAX': [-1, 2]}), {'GLOBAL_AVG': None}, {'LAST_DENSE': [100, 'softmax']}]",HHSE,NSGA2,,,,,0.7040364631681791,,,,1494349824,5132452,,,,,,"[0, 0, 29, 47, 62, 14, 29, 55]",0.7260529484610758,0.0015915030143663,0.0,0.0,0.875,0.0,0.19,0,1,0,100,0,0.01,BEST,False,False,208,True,True,GREEDY,,,GREEDY_HV
BHPTF[M][M][M],6,7,82,82,0.82,True,True,"[27, 36, 31, 38, 21, 47, 18, 54]",[],"[27.32097907134158, 36.88698947518047, 31.847350168392573, 38.856518824551216, 21.61016225275992, 47.36972089732718, 18.090298485545986, 54.504177625519965]","[{'INP': 32}, {'CONV': [64, 3]}, ({'CONV': [64, 5]}, {'CONV': [64, 5]}), ({'CONV': [128, 3]}, {'CONV': [128, 3]}, {'POOLMAX': [-1, 2]}), ({'CONV': [64, 5]}, {'CONV': [256, 5]}), ({'CONV': [128, 3]}, {'CONV': [256, 3]}, {'POOLMAX': [-1, 2]}), ({'CONV': [64, 3]}, {'CONV': [128, 5]}), ({'CONV': [128, 5]}, {'CONV': [256, 5]}, {'POOLMAX': [-1, 2]}), ({'CONV': [64, 3]}, {'CONV': [64, 3]}), ({'CONV': [256, 3]}, {'CONV': [256, 3]}, {'POOLMAX': [-1, 2]}), {'GLOBAL_AVG': None}, {'LAST_DENSE': [100, 'softmax']}]",HHSE,NSGA2,,,,,0.7045829458671424,,,,1728734208,4169764,,,,,,"[27, 36, 33, 38, 22, 47, 20, 55]",0.7247970282920738,-0.0021308585364173,0.0,0.0,0.5,0.5,0.82,0,0,0,100,0,0.0,BEST,False,False,198,True,True,GREEDY,,,GREEDY_HV
BHPTF[M][M][M],6,7,83,82,0.83,True,True,"[27, 36, 31, 38, 21, 47, 18, 54]",[],"[27.32097907134158, 36.88698947518047, 31.847350168392573, 38.856518824551216, 21.61016225275992, 47.36972089732718, 18.090298485545986, 54.504177625519965]","[{'INP': 32}, {'CONV': [64, 3]}, ({'CONV': [64, 5]}, {'CONV': [64, 5]}), ({'CONV': [128, 3]}, {'CONV': [128, 3]}, {'POOLMAX': [-1, 2]}), ({'CONV': [64, 5]}, {'CONV': [256, 5]}), ({'CONV': [128, 3]}, {'CONV': [256, 3]}, {'POOLMAX': [-1, 2]}), ({'CONV': [64, 3]}, {'CONV': [128, 5]}), ({'CONV': [128, 5]}, {'CONV': [256, 5]}, {'POOLMAX': [-1, 2]}), ({'CONV': [64, 3]}, {'CONV': [64, 3]}), ({'CONV': [256, 3]}, {'CONV': [256, 3]}, {'POOLMAX': [-1, 2]}), {'GLOBAL_AVG': None}, {'LAST_DENSE': [100, 'softmax']}]",HHSE,NSGA2,,,,,0.7045829458671424,,,,1728734208,4169764,,,,,,"[27, 36, 33, 38, 22, 47, 20, 55]",0.7249428263422064,-6.493983930999647e-05,0.0,0.0,0.5,0.0,0.82,0,0,0,100,0,0.0,BEST,False,False,198,True,True,GREEDY,,,GREEDY_HV
BHPTF[M][M][M],6,7,84,82,0.84,True,True,"[27, 36, 31, 38, 21, 47, 18, 54]",[],"[27.32097907134158, 36.88698947518047, 31.847350168392573, 38.856518824551216, 21.61016225275992, 47.36972089732718, 18.090298485545986, 54.504177625519965]","[{'INP': 32}, {'CONV': [64, 3]}, ({'CONV': [64, 5]}, {'CONV': [64, 5]}), ({'CONV': [128, 3]}, {'CONV': [128, 3]}, {'POOLMAX': [-1, 2]}), ({'CONV': [64, 5]}, {'CONV': [256, 5]}), ({'CONV': [128, 3]}, {'CONV': [256, 3]}, {'POOLMAX': [-1, 2]}), ({'CONV': [64, 3]}, {'CONV': [128, 5]}), ({'CONV': [128, 5]}, {'CONV': [256, 5]}, {'POOLMAX': [-1, 2]}), ({'CONV': [64, 3]}, {'CONV': [64, 3]}), ({'CONV': [256, 3]}, {'CONV': [256, 3]}, {'POOLMAX': [-1, 2]}), {'GLOBAL_AVG': None}, {'LAST_DENSE': [100, 'softmax']}]",HHSE,NSGA2,,,,,0.7045829458671424,,,,1728734208,4169764,,,,,,"[27, 36, 33, 38, 22, 47, 20, 55]",0.7250426302707843,-1.996631623557565e-05,0.0,0.0,0.5,0.0,0.82,0,2,0,100,0,0.02,BEST,False,False,198,True,True,GREEDY,,,GREEDY_HV
BHPTF[M][M][M],6,7,85,82,0.85,True,True,"[27, 36, 31, 38, 21, 47, 18, 54]",[],"[27.32097907134158, 36.88698947518047, 31.847350168392573, 38.856518824551216, 21.61016225275992, 47.36972089732718, 18.090298485545986, 54.504177625519965]","[{'INP': 32}, {'CONV': [64, 3]}, ({'CONV': [64, 5]}, {'CONV': [64, 5]}), ({'CONV': [128, 3]}, {'CONV': [128, 3]}, {'POOLMAX': [-1, 2]}), ({'CONV': [64, 5]}, {'CONV': [256, 5]}), ({'CONV': [128, 3]}, {'CONV': [256, 3]}, {'POOLMAX': [-1, 2]}), ({'CONV': [64, 3]}, {'CONV': [128, 5]}), ({'CONV': [128, 5]}, {'CONV': [256, 5]}, {'POOLMAX': [-1, 2]}), ({'CONV': [64, 3]}, {'CONV': [64, 3]}), ({'CONV': [256, 3]}, {'CONV': [256, 3]}, {'POOLMAX': [-1, 2]}), {'GLOBAL_AVG': None}, {'LAST_DENSE': [100, 'softmax']}]",HHSE,NSGA2,,,,,0.7045829458671424,,,,1728734208,4169764,,,,,,"[27, 36, 33, 38, 22, 47, 20, 55]",0.725394968808852,-0.0008199199897597,0.0,0.0,0.5,0.0,0.82,0,0,0,100,0,0.0,BEST,False,False,198,True,True,GREEDY,,,GREEDY_HV
BRBDPB[M][M],6,7,86,86,0.86,True,True,"[28, 39, 33, 38, 23, 6, 19, 55]",[],"[28.730081367152604, 39.16376440827019, 33.470844785194, 38.505851264802274, 23.900718744891737, 6.790230426973637, 19.126785643537946, 55.83763318451573]","[{'INP': 32}, {'CONV': [64, 3]}, ({'CONV': [64, 5]}, {'CONV': [128, 3]}), ({'CONV': [128, 3]}, {'CONV': [256, 5]}, {'POOLMAX': [-1, 2]}), ({'CONV': [128, 3]}, {'CONV': [32, 5]}), ({'CONV': [128, 3]}, {'CONV': [256, 3]}, {'POOLMAX': [-1, 2]}), ({'CONV': [64, 3]}, {'CONV': [256, 5]}), ({'CONV': [32, 3]}, {'CONV': [256, 3]}, {'POOLMAX': [-1, 2]}), ({'CONV': [64, 3]}, {'CONV': [64, 5]}), ({'CONV': [256, 3]}, {'CONV': [256, 5]}, {'POOLMAX': [-1, 2]}), {'GLOBAL_AVG': None}, {'LAST_DENSE': [100, 'softmax']}]",HHSE,NSGA2,,,,,0.7050450640001288,,,,2878237696,4649252,,,,,,"[28, 39, 33, 38, 22, 6, 19, 55]",0.7252636845747562,-0.001945560172182,0.0,0.0,0.125,0.875,0.86,0,0,0,100,0,0.0,BEST,False,False,192,True,True,GREEDY,,,GREEDY_HV
BRBDPB[M][M][M],6,7,87,87,0.87,True,True,"[30, 39, 33, 38, 23, 7, 18, 55]",[],"[30.281641453656018, 39.09210583108462, 33.774451671871184, 38.82305356631151, 23.778031664700112, 7.769405381708866, 18.71160107393237, 55.86452106869757]","[{'INP': 32}, {'CONV': [64, 3]}, ({'CONV': [64, 5]}, {'CONV': [256, 3]}), ({'CONV': [128, 3]}, {'CONV': [256, 5]}, {'POOLMAX': [-1, 2]}), ({'CONV': [128, 3]}, {'CONV': [32, 5]}), ({'CONV': [128, 3]}, {'CONV': [256, 3]}, {'POOLMAX': [-1, 2]}), ({'CONV': [64, 3]}, {'CONV': [256, 5]}), ({'CONV': [32, 3]}, {'CONV': [256, 5]}, {'POOLMAX': [-1, 2]}), ({'CONV': [64, 3]}, {'CONV': [64, 3]}), ({'CONV': [256, 3]}, {'CONV': [256, 5]}, {'POOLMAX': [-1, 2]}), {'GLOBAL_AVG': None}, {'LAST_DENSE': [100, 'softmax']}]",HHSE,NSGA2,,,,,0.7076799386468884,,,,3346557952,4936484,,,,,,"[28, 39, 33, 38, 23, 6, 19, 55]",0.7255262109132599,-0.0001296693707373,0.0,0.0,0.375,0.375,0.87,0,0,0,100,0,0.0,BEST,False,False,143,True,True,GREEDY,,,GREEDY_HV
BRBDPB[M][M][M],6,7,88,87,0.88,True,True,"[30, 39, 33, 38, 23, 7, 18, 55]",[],"[30.281641453656018, 39.09210583108462, 33.774451671871184, 38.82305356631151, 23.778031664700112, 7.769405381708866, 18.71160107393237, 55.86452106869757]","[{'INP': 32}, {'CONV': [64, 3]}, ({'CONV': [64, 5]}, {'CONV': [256, 3]}), ({'CONV': [128, 3]}, {'CONV': [256, 5]}, {'POOLMAX': [-1, 2]}), ({'CONV': [128, 3]}, {'CONV': [32, 5]}), ({'CONV': [128, 3]}, {'CONV': [256, 3]}, {'POOLMAX': [-1, 2]}), ({'CONV': [64, 3]}, {'CONV': [256, 5]}), ({'CONV': [32, 3]}, {'CONV': [256, 5]}, {'POOLMAX': [-1, 2]}), ({'CONV': [64, 3]}, {'CONV': [64, 3]}), ({'CONV': [256, 3]}, {'CONV': [256, 5]}, {'POOLMAX': [-1, 2]}), {'GLOBAL_AVG': None}, {'LAST_DENSE': [100, 'softmax']}]",HHSE,NSGA2,,,,,0.7076799386468884,,,,3346557952,4936484,,,,,,"[28, 39, 33, 38, 23, 6, 19, 55]",0.7275412880383845,-9.6244563514869e-05,0.0,0.0,0.375,0.0,0.87,0,0,0,100,0,0.0,BEST,False,False,143,True,True,GREEDY,,,GREEDY_HV
BRBDPB[M][M][M],6,7,89,87,0.89,True,True,"[30, 39, 33, 38, 23, 7, 18, 55]",[],"[30.281641453656018, 39.09210583108462, 33.774451671871184, 38.82305356631151, 23.778031664700112, 7.769405381708866, 18.71160107393237, 55.86452106869757]","[{'INP': 32}, {'CONV': [64, 3]}, ({'CONV': [64, 5]}, {'CONV': [256, 3]}), ({'CONV': [128, 3]}, {'CONV': [256, 5]}, {'POOLMAX': [-1, 2]}), ({'CONV': [128, 3]}, {'CONV': [32, 5]}), ({'CONV': [128, 3]}, {'CONV': [256, 3]}, {'POOLMAX': [-1, 2]}), ({'CONV': [64, 3]}, {'CONV': [256, 5]}), ({'CONV': [32, 3]}, {'CONV': [256, 5]}, {'POOLMAX': [-1, 2]}), ({'CONV': [64, 3]}, {'CONV': [64, 3]}), ({'CONV': [256, 3]}, {'CONV': [256, 5]}, {'POOLMAX': [-1, 2]}), {'GLOBAL_AVG': None}, {'LAST_DENSE': [100, 'softmax']}]",HHSE,NSGA2,,,,,0.7076799386468884,,,,3346557952,4936484,,,,,,"[28, 39, 33, 38, 23, 6, 19, 55]",0.7276532274305018,-4.754911575277632e-05,0.0,0.0,0.375,0.0,0.87,0,0,0,100,0,0.0,BEST,False,False,143,True,True,GREEDY,,,GREEDY_HV
BRBDPB[M][M][M],6,7,90,87,0.9,True,True,"[30, 39, 33, 38, 23, 7, 18, 55]",[],"[30.281641453656018, 39.09210583108462, 33.774451671871184, 38.82305356631151, 23.778031664700112, 7.769405381708866, 18.71160107393237, 55.86452106869757]","[{'INP': 32}, {'CONV': [64, 3]}, ({'CONV': [64, 5]}, {'CONV': [256, 3]}), ({'CONV': [128, 3]}, {'CONV': [256, 5]}, {'POOLMAX': [-1, 2]}), ({'CONV': [128, 3]}, {'CONV': [32, 5]}), ({'CONV': [128, 3]}, {'CONV': [256, 3]}, {'POOLMAX': [-1, 2]}), ({'CONV': [64, 3]}, {'CONV': [256, 5]}), ({'CONV': [32, 3]}, {'CONV': [256, 5]}, {'POOLMAX': [-1, 2]}), ({'CONV': [64, 3]}, {'CONV': [64, 3]}), ({'CONV': [256, 3]}, {'CONV': [256, 5]}, {'POOLMAX': [-1, 2]}), {'GLOBAL_AVG': None}, {'LAST_DENSE': [100, 'softmax']}]",HHSE,NSGA2,,,,,0.7076799386468884,,,,3346557952,4936484,,,,,,"[28, 39, 33, 38, 23, 6, 19, 55]",0.7277266138906271,-0.0004542637073616,0.0,0.0,0.375,0.0,0.87,0,1,0,100,0,0.01,BEST,False,False,143,True,True,GREEDY,,,GREEDY_HV
BRBDPB[M][M][M],6,7,91,87,0.91,True,True,"[30, 39, 33, 38, 23, 7, 18, 55]",[],"[30.281641453656018, 39.09210583108462, 33.774451671871184, 38.82305356631151, 23.778031664700112, 7.769405381708866, 18.71160107393237, 55.86452106869757]","[{'INP': 32}, {'CONV': [64, 3]}, ({'CONV': [64, 5]}, {'CONV': [256, 3]}), ({'CONV': [128, 3]}, {'CONV': [256, 5]}, {'POOLMAX': [-1, 2]}), ({'CONV': [128, 3]}, {'CONV': [32, 5]}), ({'CONV': [128, 3]}, {'CONV': [256, 3]}, {'POOLMAX': [-1, 2]}), ({'CONV': [64, 3]}, {'CONV': [256, 5]}), ({'CONV': [32, 3]}, {'CONV': [256, 5]}, {'POOLMAX': [-1, 2]}), ({'CONV': [64, 3]}, {'CONV': [64, 3]}), ({'CONV': [256, 3]}, {'CONV': [256, 5]}, {'POOLMAX': [-1, 2]}), {'GLOBAL_AVG': None}, {'LAST_DENSE': [100, 'softmax']}]",HHSE,NSGA2,,,,,0.7076799386468884,,,,3346557952,4936484,,,,,,"[28, 39, 33, 38, 23, 6, 19, 55]",0.727965345505846,-9.40041683779036e-05,0.0,0.0,0.375,0.0,0.87,0,0,0,100,0,0.0,BEST,False,False,143,True,True,GREEDY,,,GREEDY_HV
BRBDPB[M][M][M],6,7,92,87,0.92,True,True,"[30, 39, 33, 38, 23, 7, 18, 55]",[],"[30.281641453656018, 39.09210583108462, 33.774451671871184, 38.82305356631151, 23.778031664700112, 7.769405381708866, 18.71160107393237, 55.86452106869757]","[{'INP': 32}, {'CONV': [64, 3]}, ({'CONV': [64, 5]}, {'CONV': [256, 3]}), ({'CONV': [128, 3]}, {'CONV': [256, 5]}, {'POOLMAX': [-1, 2]}), ({'CONV': [128, 3]}, {'CONV': [32, 5]}), ({'CONV': [128, 3]}, {'CONV': [256, 3]}, {'POOLMAX': [-1, 2]}), ({'CONV': [64, 3]}, {'CONV': [256, 5]}), ({'CONV': [32, 3]}, {'CONV': [256, 5]}, {'POOLMAX': [-1, 2]}), ({'CONV': [64, 3]}, {'CONV': [64, 3]}), ({'CONV': [256, 3]}, {'CONV': [256, 5]}, {'POOLMAX': [-1, 2]}), {'GLOBAL_AVG': None}, {'LAST_DENSE': [100, 'softmax']}]",HHSE,NSGA2,,,,,0.7076799386468884,,,,3346557952,4936484,,,,,,"[28, 39, 33, 38, 23, 6, 19, 55]",0.7279639053367695,-0.0002066121118953,0.0,0.0,0.375,0.0,0.87,0,0,0,100,0,0.0,BEST,False,False,143,True,True,GREEDY,,,GREEDY_HV
BMNBQZ[M],6,7,93,93,0.93,True,True,"[30, 39, 33, 39, 23, 6, 5, 55]",[],"[30.73632584247031, 39.408147963042765, 33.47668120916317, 39.06081066959295, 23.434748773181084, 6.4366690669914615, 5.547824019736699, 55.44541035736797]","[{'INP': 32}, {'CONV': [64, 3]}, ({'CONV': [64, 5]}, {'CONV': [256, 3]}), ({'CONV': [128, 3]}, {'CONV': [256, 5]}, {'POOLMAX': [-1, 2]}), ({'CONV': [128, 3]}, {'CONV': [32, 5]}), ({'CONV': [128, 3]}, {'CONV': [256, 5]}, {'POOLMAX': [-1, 2]}), ({'CONV': [64, 3]}, {'CONV': [256, 5]}), ({'CONV': [32, 3]}, {'CONV': [256, 3]}, {'POOLMAX': [-1, 2]}), ({'CONV': [32, 3]}, {'CONV': [128, 5]}), ({'CONV': [256, 3]}, {'CONV': [256, 5]}, {'POOLMAX': [-1, 2]}), {'GLOBAL_AVG': None}, {'LAST_DENSE': [100, 'softmax']}]",HHSE,NSGA2,,,,,0.7140273087509018,,,,3602675200,5469092,,,,,,"[30, 39, 33, 38, 23, 6, 5, 55]",0.7281247208631522,-0.0003147302130643,0.25,0.625,0.125,0.375,0.93,0,0,0,100,0,0.0,BEST,False,False,39,True,True,GREEDY,,,GREEDY_HV
BMNBQZ[M],6,7,94,93,0.94,True,True,"[30, 39, 33, 39, 23, 6, 5, 55]",[],"[30.73632584247031, 39.408147963042765, 33.47668120916317, 39.06081066959295, 23.434748773181084, 6.4366690669914615, 5.547824019736699, 55.44541035736797]","[{'INP': 32}, {'CONV': [64, 3]}, ({'CONV': [64, 5]}, {'CONV': [256, 3]}), ({'CONV': [128, 3]}, {'CONV': [256, 5]}, {'POOLMAX': [-1, 2]}), ({'CONV': [128, 3]}, {'CONV': [32, 5]}), ({'CONV': [128, 3]}, {'CONV': [256, 5]}, {'POOLMAX': [-1, 2]}), ({'CONV': [64, 3]}, {'CONV': [256, 5]}), ({'CONV': [32, 3]}, {'CONV': [256, 3]}, {'POOLMAX': [-1, 2]}), ({'CONV': [32, 3]}, {'CONV': [128, 5]}), ({'CONV': [256, 3]}, {'CONV': [256, 5]}, {'POOLMAX': [-1, 2]}), {'GLOBAL_AVG': None}, {'LAST_DENSE': [100, 'softmax']}]",HHSE,NSGA2,,,,,0.7140273087509018,,,,3602675200,5469092,,,,,,"[30, 39, 33, 38, 23, 6, 5, 55]",0.7323530628740152,4.399012864098051e-05,0.25,0.625,0.125,0.0,0.93,0,1,0,100,0,0.01,BEST,False,False,39,True,True,GREEDY,,,GREEDY_HV
BMNBQZ[M],6,7,95,93,0.95,True,True,"[30, 39, 33, 39, 23, 6, 5, 55]",[],"[30.73632584247031, 39.408147963042765, 33.47668120916317, 39.06081066959295, 23.434748773181084, 6.4366690669914615, 5.547824019736699, 55.44541035736797]","[{'INP': 32}, {'CONV': [64, 3]}, ({'CONV': [64, 5]}, {'CONV': [256, 3]}), ({'CONV': [128, 3]}, {'CONV': [256, 5]}, {'POOLMAX': [-1, 2]}), ({'CONV': [128, 3]}, {'CONV': [32, 5]}), ({'CONV': [128, 3]}, {'CONV': [256, 5]}, {'POOLMAX': [-1, 2]}), ({'CONV': [64, 3]}, {'CONV': [256, 5]}), ({'CONV': [32, 3]}, {'CONV': [256, 3]}, {'POOLMAX': [-1, 2]}), ({'CONV': [32, 3]}, {'CONV': [128, 5]}), ({'CONV': [256, 3]}, {'CONV': [256, 5]}, {'POOLMAX': [-1, 2]}), {'GLOBAL_AVG': None}, {'LAST_DENSE': [100, 'softmax']}]",HHSE,NSGA2,,,,,0.7140273087509018,,,,3602675200,5469092,,,,,,"[30, 39, 33, 38, 23, 6, 5, 55]",0.7329436081643279,-1.4993419175435284e-05,0.25,0.625,0.125,0.0,0.93,0,0,0,100,0,0.0,BEST,False,False,39,True,True,GREEDY,,,GREEDY_HV
BMNBQZ[M],6,7,96,93,0.96,True,True,"[30, 39, 33, 39, 23, 6, 5, 55]",[],"[30.73632584247031, 39.408147963042765, 33.47668120916317, 39.06081066959295, 23.434748773181084, 6.4366690669914615, 5.547824019736699, 55.44541035736797]","[{'INP': 32}, {'CONV': [64, 3]}, ({'CONV': [64, 5]}, {'CONV': [256, 3]}), ({'CONV': [128, 3]}, {'CONV': [256, 5]}, {'POOLMAX': [-1, 2]}), ({'CONV': [128, 3]}, {'CONV': [32, 5]}), ({'CONV': [128, 3]}, {'CONV': [256, 5]}, {'POOLMAX': [-1, 2]}), ({'CONV': [64, 3]}, {'CONV': [256, 5]}), ({'CONV': [32, 3]}, {'CONV': [256, 3]}, {'POOLMAX': [-1, 2]}), ({'CONV': [32, 3]}, {'CONV': [128, 5]}), ({'CONV': [256, 3]}, {'CONV': [256, 5]}, {'POOLMAX': [-1, 2]}), {'GLOBAL_AVG': None}, {'LAST_DENSE': [100, 'softmax']}]",HHSE,NSGA2,,,,,0.7140273087509018,,,,3602675200,5469092,,,,,,"[30, 39, 33, 38, 23, 6, 5, 55]",0.7330391945436667,-2.2145093616643408e-06,0.25,0.625,0.125,0.0,0.93,0,0,0,100,0,0.0,BEST,False,False,39,True,True,GREEDY,,,GREEDY_HV
BMNBQZ[M],6,7,97,93,0.97,True,True,"[30, 39, 33, 39, 23, 6, 5, 55]",[],"[30.73632584247031, 39.408147963042765, 33.47668120916317, 39.06081066959295, 23.434748773181084, 6.4366690669914615, 5.547824019736699, 55.44541035736797]","[{'INP': 32}, {'CONV': [64, 3]}, ({'CONV': [64, 5]}, {'CONV': [256, 3]}), ({'CONV': [128, 3]}, {'CONV': [256, 5]}, {'POOLMAX': [-1, 2]}), ({'CONV': [128, 3]}, {'CONV': [32, 5]}), ({'CONV': [128, 3]}, {'CONV': [256, 5]}, {'POOLMAX': [-1, 2]}), ({'CONV': [64, 3]}, {'CONV': [256, 5]}), ({'CONV': [32, 3]}, {'CONV': [256, 3]}, {'POOLMAX': [-1, 2]}), ({'CONV': [32, 3]}, {'CONV': [128, 5]}), ({'CONV': [256, 3]}, {'CONV': [256, 5]}, {'POOLMAX': [-1, 2]}), {'GLOBAL_AVG': None}, {'LAST_DENSE': [100, 'softmax']}]",HHSE,NSGA2,,,,,0.7140273087509018,,,,3602675200,5469092,,,,,,"[30, 39, 33, 38, 23, 6, 5, 55]",0.7338226447840626,-6.640122680034999e-06,0.25,0.625,0.125,0.0,0.93,0,0,0,100,0,0.0,BEST,False,False,39,True,True,GREEDY,,,GREEDY_HV
BMNBQZ[M],6,7,98,93,0.98,True,True,"[30, 39, 33, 39, 23, 6, 5, 55]",[],"[30.73632584247031, 39.408147963042765, 33.47668120916317, 39.06081066959295, 23.434748773181084, 6.4366690669914615, 5.547824019736699, 55.44541035736797]","[{'INP': 32}, {'CONV': [64, 3]}, ({'CONV': [64, 5]}, {'CONV': [256, 3]}), ({'CONV': [128, 3]}, {'CONV': [256, 5]}, {'POOLMAX': [-1, 2]}), ({'CONV': [128, 3]}, {'CONV': [32, 5]}), ({'CONV': [128, 3]}, {'CONV': [256, 5]}, {'POOLMAX': [-1, 2]}), ({'CONV': [64, 3]}, {'CONV': [256, 5]}), ({'CONV': [32, 3]}, {'CONV': [256, 3]}, {'POOLMAX': [-1, 2]}), ({'CONV': [32, 3]}, {'CONV': [128, 5]}), ({'CONV': [256, 3]}, {'CONV': [256, 5]}, {'POOLMAX': [-1, 2]}), {'GLOBAL_AVG': None}, {'LAST_DENSE': [100, 'softmax']}]",HHSE,NSGA2,,,,,0.7140273087509018,,,,3602675200,5469092,,,,,,"[30, 39, 33, 38, 23, 6, 5, 55]",0.733878545598315,-3.357428431938203e-06,0.25,0.625,0.125,0.0,0.93,0,0,0,100,0,0.0,BEST,False,False,39,True,True,GREEDY,,,GREEDY_HV
BQORZD[M],6,7,99,99,0.99,True,True,"[14, 39, 4, 22, 28, 6, 38, 23]",[],"[14.953035525391734, 39.703369954064854, 4.746571560537293, 22.18395573229177, 28.84224230580909, 6.737091345490437, 38.88820038124704, 23.584486858746782]","[{'INP': 32}, {'CONV': [64, 3]}, ({'CONV': [32, 5]}, {'CONV': [256, 3]}), ({'CONV': [128, 3]}, {'CONV': [256, 5]}, {'POOLMAX': [-1, 2]}), ({'CONV': [32, 3]}, {'CONV': [128, 3]}), ({'CONV': [64, 3]}, {'CONV': [256, 3]}, {'POOLMAX': [-1, 2]}), ({'CONV': [64, 5]}, {'CONV': [128, 3]}), ({'CONV': [32, 3]}, {'CONV': [256, 3]}, {'POOLMAX': [-1, 2]}), ({'CONV': [128, 3]}, {'CONV': [256, 3]}), ({'CONV': [64, 3]}, {'CONV': [256, 5]}, {'POOLMAX': [-1, 2]}), {'GLOBAL_AVG': None}, {'LAST_DENSE': [100, 'softmax']}]",HHSE,NSGA2,,,,,0.7168979213206895,,,,2829721600,3348644,,,,,,"[14, 39, 4, 22, 28, 6, 38, 23]",0.734424066255712,-1.3768613594811183e-06,0.25,0.375,0.0,0.75,0.99,0,0,0,100,0,0.0,BEST,False,False,12,True,True,GREEDY,,,GREEDY_HV
BQORZD[M],6,7,100,99,1.0,True,True,"[14, 39, 4, 22, 28, 6, 38, 23]",[],"[14.953035525391734, 39.703369954064854, 4.746571560537293, 22.18395573229177, 28.84224230580909, 6.737091345490437, 38.88820038124704, 23.584486858746782]","[{'INP': 32}, {'CONV': [64, 3]}, ({'CONV': [32, 5]}, {'CONV': [256, 3]}), ({'CONV': [128, 3]}, {'CONV': [256, 5]}, {'POOLMAX': [-1, 2]}), ({'CONV': [32, 3]}, {'CONV': [128, 3]}), ({'CONV': [64, 3]}, {'CONV': [256, 3]}, {'POOLMAX': [-1, 2]}), ({'CONV': [64, 5]}, {'CONV': [128, 3]}), ({'CONV': [32, 3]}, {'CONV': [256, 3]}, {'POOLMAX': [-1, 2]}), ({'CONV': [128, 3]}, {'CONV': [256, 3]}), ({'CONV': [64, 3]}, {'CONV': [256, 5]}, {'POOLMAX': [-1, 2]}), {'GLOBAL_AVG': None}, {'LAST_DENSE': [100, 'softmax']}]",HHSE,NSGA2,,,,,0.7168979213206895,,,,2829721600,3348644,,,,,,"[14, 39, 4, 22, 28, 6, 38, 23]",0.7365579035114411,-2.133776457524661e-06,0.25,0.375,0.0,0.0,0.99,0,0,0,100,0,0.0,BEST,False,False,12,True,True,GREEDY,,,GREEDY_HV
BBXVNG[M],7,8,1,1,0.01,True,True,"[56, 4, 53, 38, 21, 1, 62, 23]",[],"[56.41027330458871, 4.261124577431708, 53.454275671935406, 38.37524804534413, 21.82124991062538, 1.1747760287120101, 62.3687220049636, 23.405876444625545]","[{'INP': 32}, {'CONV': [64, 3]}, ({'CONV': [256, 5]}, {'CONV': [32, 3]}), ({'CONV': [32, 3]}, {'CONV': [128, 3]}, {'POOLMAX': [-1, 2]}), ({'CONV': [256, 3]}, {'CONV': [128, 5]}), ({'CONV': [128, 3]}, {'CONV': [256, 3]}, {'POOLMAX': [-1, 2]}), ({'CONV': [64, 3]}, {'CONV': [128, 5]}), ({'CONV': [32, 3]}, {'CONV': [32, 5]}, {'POOLMAX': [-1, 2]}), ({'CONV': [256, 5]}, {'CONV': [256, 3]}), ({'CONV': [64, 3]}, {'CONV': [256, 5]}, {'POOLMAX': [-1, 2]}), {'GLOBAL_AVG': None}, {'LAST_DENSE': [100, 'softmax']}]",HHSE,NSGA2,,,,,0.6901580938157658,,,,1985638400,3889188,,,,,,"[28, 18, 36, 48, 45, 31, 31, 50]",0.6638082237716048,0.0,0.0,0.0,1.0,0.0,0.01,0,14,0,100,0,0.14,BEST,False,False,321,True,True,GREEDY,,,GREEDY_HV
BHHLXU[M][M],7,8,2,2,0.02,True,True,"[16, 33, 22, 52, 30, 15, 62, 55]",[],"[16.050596222934956, 33.754032778469195, 22.07754521168607, 52.29083638407726, 30.422336035414528, 15.78039660461575, 62.40347123110435, 55.6036163139368]","[{'INP': 32}, {'CONV': [64, 3]}, ({'CONV': [64, 3]}, {'CONV': [32, 3]}), ({'CONV': [128, 3]}, {'CONV': [32, 5]}, {'POOLMAX': [-1, 2]}), ({'CONV': [64, 3]}, {'CONV': [256, 3]}), ({'CONV': [256, 3]}, {'CONV': [128, 3]}, {'POOLMAX': [-1, 2]}), ({'CONV': [64, 5]}, {'CONV': [256, 3]}), ({'CONV': [32, 5]}, {'CONV': [256, 5]}, {'POOLMAX': [-1, 2]}), ({'CONV': [256, 5]}, {'CONV': [256, 3]}), ({'CONV': [256, 3]}, {'CONV': [256, 5]}, {'POOLMAX': [-1, 2]}), {'GLOBAL_AVG': None}, {'LAST_DENSE': [100, 'softmax']}]",HHSE,NSGA2,,,,,0.6959926818819074,,,,1183253504,6501540,,,,,,"[13, 3, 43, 24, 28, 7, 60, 49]",0.6856263525417279,-0.0008333916375252,0.0,0.0,1.0,0.875,0.02,0,5,0,100,0,0.05,BEST,False,False,290,True,True,GREEDY,,,GREEDY_HV
BHHLXU[M][M],7,8,3,2,0.03,True,True,"[16, 33, 22, 52, 30, 15, 62, 55]",[],"[16.050596222934956, 33.754032778469195, 22.07754521168607, 52.29083638407726, 30.422336035414528, 15.78039660461575, 62.40347123110435, 55.6036163139368]","[{'INP': 32}, {'CONV': [64, 3]}, ({'CONV': [64, 3]}, {'CONV': [32, 3]}), ({'CONV': [128, 3]}, {'CONV': [32, 5]}, {'POOLMAX': [-1, 2]}), ({'CONV': [64, 3]}, {'CONV': [256, 3]}), ({'CONV': [256, 3]}, {'CONV': [128, 3]}, {'POOLMAX': [-1, 2]}), ({'CONV': [64, 5]}, {'CONV': [256, 3]}), ({'CONV': [32, 5]}, {'CONV': [256, 5]}, {'POOLMAX': [-1, 2]}), ({'CONV': [256, 5]}, {'CONV': [256, 3]}), ({'CONV': [256, 3]}, {'CONV': [256, 5]}, {'POOLMAX': [-1, 2]}), {'GLOBAL_AVG': None}, {'LAST_DENSE': [100, 'softmax']}]",HHSE,NSGA2,,,,,0.6959926818819074,,,,1183253504,6501540,,,,,,"[13, 3, 43, 24, 28, 7, 60, 49]",0.6945153237910981,-0.0004348342026718,0.0,0.0,1.0,0.0,0.02,0,3,0,100,0,0.03,BEST,False,False,290,True,True,GREEDY,,,GREEDY_HV
BANQJX[M],7,8,4,4,0.04,True,True,"[56, 23, 55, 39, 22, 6, 49, 12]",[],"[56.26254775927817, 23.12305240572615, 55.51829577124746, 39.30724109269003, 22.621460331312964, 6.000657283483983, 49.466571284021796, 12.60537651005874]","[{'INP': 32}, {'CONV': [64, 3]}, ({'CONV': [256, 5]}, {'CONV': [32, 3]}), ({'CONV': [64, 3]}, {'CONV': [256, 5]}, {'POOLMAX': [-1, 2]}), ({'CONV': [256, 3]}, {'CONV': [256, 5]}), ({'CONV': [128, 3]}, {'CONV': [256, 5]}, {'POOLMAX': [-1, 2]}), ({'CONV': [64, 3]}, {'CONV': [256, 3]}), ({'CONV': [32, 3]}, {'CONV': [256, 3]}, {'POOLMAX': [-1, 2]}), ({'CONV': [256, 3]}, {'CONV': [32, 5]}), ({'CONV': [32, 5]}, {'CONV': [128, 3]}, {'POOLMAX': [-1, 2]}), {'GLOBAL_AVG': None}, {'LAST_DENSE': [100, 'softmax']}]",HHSE,NSGA2,,,,,0.696550662197787,,,,3671558656,5578276,,,,,,"[0, 62, 55, 20, 14, 6, 1, 35]",0.701751464268371,-0.0063761535503742,0.625,0.375,0.75,1.0,0.04,0,2,0,100,0,0.02,BEST,False,False,285,True,True,GREEDY,,,GREEDY_HV
BLHRZX[M][M][M][M],7,8,5,5,0.05,True,True,"[26, 39, 1, 60, 62, 6, 14, 31]",[],"[26.797156321953153, 39.56183641159812, 1.9625899236667046, 60.46610850313177, 62.32414030904169, 6.818843065257724, 14.81860565142504, 31.113967377605793]","[{'INP': 32}, {'CONV': [64, 3]}, ({'CONV': [64, 5]}, {'CONV': [64, 3]}), ({'CONV': [128, 3]}, {'CONV': [256, 5]}, {'POOLMAX': [-1, 2]}), ({'CONV': [32, 3]}, {'CONV': [32, 5]}), ({'CONV': [256, 5]}, {'CONV': [128, 3]}, {'POOLMAX': [-1, 2]}), ({'CONV': [256, 5]}, {'CONV': [256, 3]}), ({'CONV': [32, 3]}, {'CONV': [256, 3]}, {'POOLMAX': [-1, 2]}), ({'CONV': [32, 5]}, {'CONV': [256, 3]}), ({'CONV': [64, 5]}, {'CONV': [256, 5]}, {'POOLMAX': [-1, 2]}), {'GLOBAL_AVG': None}, {'LAST_DENSE': [100, 'softmax']}]",HHSE,NSGA2,,,,,0.6993456759366551,,,,2663674368,4322596,,,,,,"[4, 39, 3, 60, 6, 12, 23, 23]",0.7025498211627048,-0.0005558666888259,0.0,0.0,0.75,0.875,0.05,0,2,0,100,0,0.02,BEST,False,False,256,True,True,GREEDY,,,GREEDY_HV
BLHRZX[M][M][M][M],7,8,6,5,0.06,True,True,"[26, 39, 1, 60, 62, 6, 14, 31]",[],"[26.797156321953153, 39.56183641159812, 1.9625899236667046, 60.46610850313177, 62.32414030904169, 6.818843065257724, 14.81860565142504, 31.113967377605793]","[{'INP': 32}, {'CONV': [64, 3]}, ({'CONV': [64, 5]}, {'CONV': [64, 3]}), ({'CONV': [128, 3]}, {'CONV': [256, 5]}, {'POOLMAX': [-1, 2]}), ({'CONV': [32, 3]}, {'CONV': [32, 5]}), ({'CONV': [256, 5]}, {'CONV': [128, 3]}, {'POOLMAX': [-1, 2]}), ({'CONV': [256, 5]}, {'CONV': [256, 3]}), ({'CONV': [32, 3]}, {'CONV': [256, 3]}, {'POOLMAX': [-1, 2]}), ({'CONV': [32, 5]}, {'CONV': [256, 3]}), ({'CONV': [64, 5]}, {'CONV': [256, 5]}, {'POOLMAX': [-1, 2]}), {'GLOBAL_AVG': None}, {'LAST_DENSE': [100, 'softmax']}]",HHSE,NSGA2,,,,,0.6993456759366551,,,,2663674368,4322596,,,,,,"[4, 39, 3, 60, 6, 12, 23, 23]",0.7057042085829351,-0.0003392201568226,0.0,0.0,0.75,0.0,0.05,0,1,0,100,0,0.01,BEST,False,False,256,True,True,GREEDY,,,GREEDY_HV
BLHRZX[M][M][M][M],7,8,7,5,0.07,True,True,"[26, 39, 1, 60, 62, 6, 14, 31]",[],"[26.797156321953153, 39.56183641159812, 1.9625899236667046, 60.46610850313177, 62.32414030904169, 6.818843065257724, 14.81860565142504, 31.113967377605793]","[{'INP': 32}, {'CONV': [64, 3]}, ({'CONV': [64, 5]}, {'CONV': [64, 3]}), ({'CONV': [128, 3]}, {'CONV': [256, 5]}, {'POOLMAX': [-1, 2]}), ({'CONV': [32, 3]}, {'CONV': [32, 5]}), ({'CONV': [256, 5]}, {'CONV': [128, 3]}, {'POOLMAX': [-1, 2]}), ({'CONV': [256, 5]}, {'CONV': [256, 3]}), ({'CONV': [32, 3]}, {'CONV': [256, 3]}, {'POOLMAX': [-1, 2]}), ({'CONV': [32, 5]}, {'CONV': [256, 3]}), ({'CONV': [64, 5]}, {'CONV': [256, 5]}, {'POOLMAX': [-1, 2]}), {'GLOBAL_AVG': None}, {'LAST_DENSE': [100, 'softmax']}]",HHSE,NSGA2,,,,,0.6993456759366551,,,,2663674368,4322596,,,,,,"[4, 39, 3, 60, 6, 12, 23, 23]",0.7052661768914172,-0.002588299489368,0.0,0.0,0.75,0.0,0.05,0,0,0,100,0,0.0,BEST,False,False,256,True,True,GREEDY,,,GREEDY_HV
BLHRZX[M][M][M][M],7,8,8,5,0.08,True,True,"[26, 39, 1, 60, 62, 6, 14, 31]",[],"[26.797156321953153, 39.56183641159812, 1.9625899236667046, 60.46610850313177, 62.32414030904169, 6.818843065257724, 14.81860565142504, 31.113967377605793]","[{'INP': 32}, {'CONV': [64, 3]}, ({'CONV': [64, 5]}, {'CONV': [64, 3]}), ({'CONV': [128, 3]}, {'CONV': [256, 5]}, {'POOLMAX': [-1, 2]}), ({'CONV': [32, 3]}, {'CONV': [32, 5]}), ({'CONV': [256, 5]}, {'CONV': [128, 3]}, {'POOLMAX': [-1, 2]}), ({'CONV': [256, 5]}, {'CONV': [256, 3]}), ({'CONV': [32, 3]}, {'CONV': [256, 3]}, {'POOLMAX': [-1, 2]}), ({'CONV': [32, 5]}, {'CONV': [256, 3]}), ({'CONV': [64, 5]}, {'CONV': [256, 5]}, {'POOLMAX': [-1, 2]}), {'GLOBAL_AVG': None}, {'LAST_DENSE': [100, 'softmax']}]",HHSE,NSGA2,,,,,0.6993456759366551,,,,2663674368,4322596,,,,,,"[4, 39, 3, 60, 6, 12, 23, 23]",0.7062371685533617,-0.0008903941775313,0.0,0.0,0.75,0.0,0.05,0,0,0,100,0,0.0,BEST,False,False,256,True,True,GREEDY,,,GREEDY_HV
BLHRZX[M][M][M][M],7,8,9,5,0.09,True,True,"[26, 39, 1, 60, 62, 6, 14, 31]",[],"[26.797156321953153, 39.56183641159812, 1.9625899236667046, 60.46610850313177, 62.32414030904169, 6.818843065257724, 14.81860565142504, 31.113967377605793]","[{'INP': 32}, {'CONV': [64, 3]}, ({'CONV': [64, 5]}, {'CONV': [64, 3]}), ({'CONV': [128, 3]}, {'CONV': [256, 5]}, {'POOLMAX': [-1, 2]}), ({'CONV': [32, 3]}, {'CONV': [32, 5]}), ({'CONV': [256, 5]}, {'CONV': [128, 3]}, {'POOLMAX': [-1, 2]}), ({'CONV': [256, 5]}, {'CONV': [256, 3]}), ({'CONV': [32, 3]}, {'CONV': [256, 3]}, {'POOLMAX': [-1, 2]}), ({'CONV': [32, 5]}, {'CONV': [256, 3]}), ({'CONV': [64, 5]}, {'CONV': [256, 5]}, {'POOLMAX': [-1, 2]}), {'GLOBAL_AVG': None}, {'LAST_DENSE': [100, 'softmax']}]",HHSE,NSGA2,,,,,0.6993456759366551,,,,2663674368,4322596,,,,,,"[4, 39, 3, 60, 6, 12, 23, 23]",0.7060865841540703,-0.0014463711424256,0.0,0.0,0.75,0.0,0.05,0,0,0,100,0,0.0,BEST,False,False,256,True,True,GREEDY,,,GREEDY_HV
BLHRZX[M][M][M][M],7,8,10,5,0.1,True,True,"[26, 39, 1, 60, 62, 6, 14, 31]",[],"[26.797156321953153, 39.56183641159812, 1.9625899236667046, 60.46610850313177, 62.32414030904169, 6.818843065257724, 14.81860565142504, 31.113967377605793]","[{'INP': 32}, {'CONV': [64, 3]}, ({'CONV': [64, 5]}, {'CONV': [64, 3]}), ({'CONV': [128, 3]}, {'CONV': [256, 5]}, {'POOLMAX': [-1, 2]}), ({'CONV': [32, 3]}, {'CONV': [32, 5]}), ({'CONV': [256, 5]}, {'CONV': [128, 3]}, {'POOLMAX': [-1, 2]}), ({'CONV': [256, 5]}, {'CONV': [256, 3]}), ({'CONV': [32, 3]}, {'CONV': [256, 3]}, {'POOLMAX': [-1, 2]}), ({'CONV': [32, 5]}, {'CONV': [256, 3]}), ({'CONV': [64, 5]}, {'CONV': [256, 5]}, {'POOLMAX': [-1, 2]}), {'GLOBAL_AVG': None}, {'LAST_DENSE': [100, 'softmax']}]",HHSE,NSGA2,,,,,0.6993456759366551,,,,2663674368,4322596,,,,,,"[4, 39, 3, 60, 6, 12, 23, 23]",0.7104425131514531,0.0006931627854885,0.0,0.0,0.75,0.0,0.05,0,0,0,100,0,0.0,BEST,False,False,256,True,True,GREEDY,,,GREEDY_HV
BLHRZX[M][M][M][M],7,8,11,5,0.11,True,True,"[26, 39, 1, 60, 62, 6, 14, 31]",[],"[26.797156321953153, 39.56183641159812, 1.9625899236667046, 60.46610850313177, 62.32414030904169, 6.818843065257724, 14.81860565142504, 31.113967377605793]","[{'INP': 32}, {'CONV': [64, 3]}, ({'CONV': [64, 5]}, {'CONV': [64, 3]}), ({'CONV': [128, 3]}, {'CONV': [256, 5]}, {'POOLMAX': [-1, 2]}), ({'CONV': [32, 3]}, {'CONV': [32, 5]}), ({'CONV': [256, 5]}, {'CONV': [128, 3]}, {'POOLMAX': [-1, 2]}), ({'CONV': [256, 5]}, {'CONV': [256, 3]}), ({'CONV': [32, 3]}, {'CONV': [256, 3]}, {'POOLMAX': [-1, 2]}), ({'CONV': [32, 5]}, {'CONV': [256, 3]}), ({'CONV': [64, 5]}, {'CONV': [256, 5]}, {'POOLMAX': [-1, 2]}), {'GLOBAL_AVG': None}, {'LAST_DENSE': [100, 'softmax']}]",HHSE,NSGA2,,,,,0.6993456759366551,,,,2663674368,4322596,,,,,,"[4, 39, 3, 60, 6, 12, 23, 23]",0.7085295994362119,-0.0004901585879136,0.0,0.0,0.75,0.0,0.05,0,0,0,100,0,0.0,BEST,False,False,256,True,True,GREEDY,,,GREEDY_HV
BLHRZX[M][M][M][M],7,8,12,5,0.12,True,True,"[26, 39, 1, 60, 62, 6, 14, 31]",[],"[26.797156321953153, 39.56183641159812, 1.9625899236667046, 60.46610850313177, 62.32414030904169, 6.818843065257724, 14.81860565142504, 31.113967377605793]","[{'INP': 32}, {'CONV': [64, 3]}, ({'CONV': [64, 5]}, {'CONV': [64, 3]}), ({'CONV': [128, 3]}, {'CONV': [256, 5]}, {'POOLMAX': [-1, 2]}), ({'CONV': [32, 3]}, {'CONV': [32, 5]}), ({'CONV': [256, 5]}, {'CONV': [128, 3]}, {'POOLMAX': [-1, 2]}), ({'CONV': [256, 5]}, {'CONV': [256, 3]}), ({'CONV': [32, 3]}, {'CONV': [256, 3]}, {'POOLMAX': [-1, 2]}), ({'CONV': [32, 5]}, {'CONV': [256, 3]}), ({'CONV': [64, 5]}, {'CONV': [256, 5]}, {'POOLMAX': [-1, 2]}), {'GLOBAL_AVG': None}, {'LAST_DENSE': [100, 'softmax']}]",HHSE,NSGA2,,,,,0.6993456759366551,,,,2663674368,4322596,,,,,,"[4, 39, 3, 60, 6, 12, 23, 23]",0.7092617825130838,-8.421383959167361e-05,0.0,0.0,0.75,0.0,0.05,0,0,0,100,0,0.0,BEST,False,False,256,True,True,GREEDY,,,GREEDY_HV
BLHRZX[M][M][M][M],7,8,13,5,0.13,True,True,"[26, 39, 1, 60, 62, 6, 14, 31]",[],"[26.797156321953153, 39.56183641159812, 1.9625899236667046, 60.46610850313177, 62.32414030904169, 6.818843065257724, 14.81860565142504, 31.113967377605793]","[{'INP': 32}, {'CONV': [64, 3]}, ({'CONV': [64, 5]}, {'CONV': [64, 3]}), ({'CONV': [128, 3]}, {'CONV': [256, 5]}, {'POOLMAX': [-1, 2]}), ({'CONV': [32, 3]}, {'CONV': [32, 5]}), ({'CONV': [256, 5]}, {'CONV': [128, 3]}, {'POOLMAX': [-1, 2]}), ({'CONV': [256, 5]}, {'CONV': [256, 3]}), ({'CONV': [32, 3]}, {'CONV': [256, 3]}, {'POOLMAX': [-1, 2]}), ({'CONV': [32, 5]}, {'CONV': [256, 3]}), ({'CONV': [64, 5]}, {'CONV': [256, 5]}, {'POOLMAX': [-1, 2]}), {'GLOBAL_AVG': None}, {'LAST_DENSE': [100, 'softmax']}]",HHSE,NSGA2,,,,,0.6993456759366551,,,,2663674368,4322596,,,,,,"[4, 39, 3, 60, 6, 12, 23, 23]",0.7091459923854025,-0.0001308589699543,0.0,0.0,0.75,0.0,0.05,0,0,0,100,0,0.0,BEST,False,False,256,True,True,GREEDY,,,GREEDY_HV
BLHRZX[M][M][M][M],7,8,14,5,0.14,True,True,"[26, 39, 1, 60, 62, 6, 14, 31]",[],"[26.797156321953153, 39.56183641159812, 1.9625899236667046, 60.46610850313177, 62.32414030904169, 6.818843065257724, 14.81860565142504, 31.113967377605793]","[{'INP': 32}, {'CONV': [64, 3]}, ({'CONV': [64, 5]}, {'CONV': [64, 3]}), ({'CONV': [128, 3]}, {'CONV': [256, 5]}, {'POOLMAX': [-1, 2]}), ({'CONV': [32, 3]}, {'CONV': [32, 5]}), ({'CONV': [256, 5]}, {'CONV': [128, 3]}, {'POOLMAX': [-1, 2]}), ({'CONV': [256, 5]}, {'CONV': [256, 3]}), ({'CONV': [32, 3]}, {'CONV': [256, 3]}, {'POOLMAX': [-1, 2]}), ({'CONV': [32, 5]}, {'CONV': [256, 3]}), ({'CONV': [64, 5]}, {'CONV': [256, 5]}, {'POOLMAX': [-1, 2]}), {'GLOBAL_AVG': None}, {'LAST_DENSE': [100, 'softmax']}]",HHSE,NSGA2,,,,,0.6993456759366551,,,,2663674368,4322596,,,,,,"[4, 39, 3, 60, 6, 12, 23, 23]",0.7107841285744579,-0.0009671916654064,0.0,0.0,0.75,0.0,0.05,0,0,0,100,0,0.0,BEST,False,False,256,True,True,GREEDY,,,GREEDY_HV
BLHRZX[M][M][M][M],7,8,15,5,0.15,True,True,"[26, 39, 1, 60, 62, 6, 14, 31]",[],"[26.797156321953153, 39.56183641159812, 1.9625899236667046, 60.46610850313177, 62.32414030904169, 6.818843065257724, 14.81860565142504, 31.113967377605793]","[{'INP': 32}, {'CONV': [64, 3]}, ({'CONV': [64, 5]}, {'CONV': [64, 3]}), ({'CONV': [128, 3]}, {'CONV': [256, 5]}, {'POOLMAX': [-1, 2]}), ({'CONV': [32, 3]}, {'CONV': [32, 5]}), ({'CONV': [256, 5]}, {'CONV': [128, 3]}, {'POOLMAX': [-1, 2]}), ({'CONV': [256, 5]}, {'CONV': [256, 3]}), ({'CONV': [32, 3]}, {'CONV': [256, 3]}, {'POOLMAX': [-1, 2]}), ({'CONV': [32, 5]}, {'CONV': [256, 3]}), ({'CONV': [64, 5]}, {'CONV': [256, 5]}, {'POOLMAX': [-1, 2]}), {'GLOBAL_AVG': None}, {'LAST_DENSE': [100, 'softmax']}]",HHSE,NSGA2,,,,,0.6993456759366551,,,,2663674368,4322596,,,,,,"[4, 39, 3, 60, 6, 12, 23, 23]",0.710445870537636,-0.0010666272610717,0.0,0.0,0.75,0.0,0.05,0,1,0,100,0,0.01,BEST,False,False,256,True,True,GREEDY,,,GREEDY_HV
BLHRZX[M][M][M][M],7,8,16,5,0.16,True,True,"[26, 39, 1, 60, 62, 6, 14, 31]",[],"[26.797156321953153, 39.56183641159812, 1.9625899236667046, 60.46610850313177, 62.32414030904169, 6.818843065257724, 14.81860565142504, 31.113967377605793]","[{'INP': 32}, {'CONV': [64, 3]}, ({'CONV': [64, 5]}, {'CONV': [64, 3]}), ({'CONV': [128, 3]}, {'CONV': [256, 5]}, {'POOLMAX': [-1, 2]}), ({'CONV': [32, 3]}, {'CONV': [32, 5]}), ({'CONV': [256, 5]}, {'CONV': [128, 3]}, {'POOLMAX': [-1, 2]}), ({'CONV': [256, 5]}, {'CONV': [256, 3]}), ({'CONV': [32, 3]}, {'CONV': [256, 3]}, {'POOLMAX': [-1, 2]}), ({'CONV': [32, 5]}, {'CONV': [256, 3]}), ({'CONV': [64, 5]}, {'CONV': [256, 5]}, {'POOLMAX': [-1, 2]}), {'GLOBAL_AVG': None}, {'LAST_DENSE': [100, 'softmax']}]",HHSE,NSGA2,,,,,0.6993456759366551,,,,2663674368,4322596,,,,,,"[4, 39, 3, 60, 6, 12, 23, 23]",0.7129093485505112,0.0015915459524472,0.0,0.0,0.75,0.0,0.05,0,0,0,100,0,0.0,BEST,False,False,256,True,True,GREEDY,,,GREEDY_HV
BLHRZX[M][M][M][M],7,8,17,5,0.17,True,True,"[26, 39, 1, 60, 62, 6, 14, 31]",[],"[26.797156321953153, 39.56183641159812, 1.9625899236667046, 60.46610850313177, 62.32414030904169, 6.818843065257724, 14.81860565142504, 31.113967377605793]","[{'INP': 32}, {'CONV': [64, 3]}, ({'CONV': [64, 5]}, {'CONV': [64, 3]}), ({'CONV': [128, 3]}, {'CONV': [256, 5]}, {'POOLMAX': [-1, 2]}), ({'CONV': [32, 3]}, {'CONV': [32, 5]}), ({'CONV': [256, 5]}, {'CONV': [128, 3]}, {'POOLMAX': [-1, 2]}), ({'CONV': [256, 5]}, {'CONV': [256, 3]}), ({'CONV': [32, 3]}, {'CONV': [256, 3]}, {'POOLMAX': [-1, 2]}), ({'CONV': [32, 5]}, {'CONV': [256, 3]}), ({'CONV': [64, 5]}, {'CONV': [256, 5]}, {'POOLMAX': [-1, 2]}), {'GLOBAL_AVG': None}, {'LAST_DENSE': [100, 'softmax']}]",HHSE,NSGA2,,,,,0.6993456759366551,,,,2663674368,4322596,,,,,,"[4, 39, 3, 60, 6, 12, 23, 23]",0.7138511980159072,-0.0019896415109634,0.0,0.0,0.75,0.0,0.05,0,0,0,100,0,0.0,BEST,False,False,256,True,True,GREEDY,,,GREEDY_HV
BLHRZX[M][M][M][M],7,8,18,5,0.18,True,True,"[26, 39, 1, 60, 62, 6, 14, 31]",[],"[26.797156321953153, 39.56183641159812, 1.9625899236667046, 60.46610850313177, 62.32414030904169, 6.818843065257724, 14.81860565142504, 31.113967377605793]","[{'INP': 32}, {'CONV': [64, 3]}, ({'CONV': [64, 5]}, {'CONV': [64, 3]}), ({'CONV': [128, 3]}, {'CONV': [256, 5]}, {'POOLMAX': [-1, 2]}), ({'CONV': [32, 3]}, {'CONV': [32, 5]}), ({'CONV': [256, 5]}, {'CONV': [128, 3]}, {'POOLMAX': [-1, 2]}), ({'CONV': [256, 5]}, {'CONV': [256, 3]}), ({'CONV': [32, 3]}, {'CONV': [256, 3]}, {'POOLMAX': [-1, 2]}), ({'CONV': [32, 5]}, {'CONV': [256, 3]}), ({'CONV': [64, 5]}, {'CONV': [256, 5]}, {'POOLMAX': [-1, 2]}), {'GLOBAL_AVG': None}, {'LAST_DENSE': [100, 'softmax']}]",HHSE,NSGA2,,,,,0.6993456759366551,,,,2663674368,4322596,,,,,,"[4, 39, 3, 60, 6, 12, 23, 23]",0.7142012972446916,-0.0004558715738788,0.0,0.0,0.75,0.0,0.05,0,0,0,100,0,0.0,BEST,False,False,256,True,True,GREEDY,,,GREEDY_HV
BLHRZX[M][M][M][M],7,8,19,5,0.19,True,True,"[26, 39, 1, 60, 62, 6, 14, 31]",[],"[26.797156321953153, 39.56183641159812, 1.9625899236667046, 60.46610850313177, 62.32414030904169, 6.818843065257724, 14.81860565142504, 31.113967377605793]","[{'INP': 32}, {'CONV': [64, 3]}, ({'CONV': [64, 5]}, {'CONV': [64, 3]}), ({'CONV': [128, 3]}, {'CONV': [256, 5]}, {'POOLMAX': [-1, 2]}), ({'CONV': [32, 3]}, {'CONV': [32, 5]}), ({'CONV': [256, 5]}, {'CONV': [128, 3]}, {'POOLMAX': [-1, 2]}), ({'CONV': [256, 5]}, {'CONV': [256, 3]}), ({'CONV': [32, 3]}, {'CONV': [256, 3]}, {'POOLMAX': [-1, 2]}), ({'CONV': [32, 5]}, {'CONV': [256, 3]}), ({'CONV': [64, 5]}, {'CONV': [256, 5]}, {'POOLMAX': [-1, 2]}), {'GLOBAL_AVG': None}, {'LAST_DENSE': [100, 'softmax']}]",HHSE,NSGA2,,,,,0.6993456759366551,,,,2663674368,4322596,,,,,,"[4, 39, 3, 60, 6, 12, 23, 23]",0.7139099066599448,-0.0001994831503788,0.0,0.0,0.75,0.0,0.05,0,0,0,100,0,0.0,BEST,False,False,256,True,True,GREEDY,,,GREEDY_HV
BLHRZX[M][M][M][M],7,8,20,5,0.2,True,True,"[26, 39, 1, 60, 62, 6, 14, 31]",[],"[26.797156321953153, 39.56183641159812, 1.9625899236667046, 60.46610850313177, 62.32414030904169, 6.818843065257724, 14.81860565142504, 31.113967377605793]","[{'INP': 32}, {'CONV': [64, 3]}, ({'CONV': [64, 5]}, {'CONV': [64, 3]}), ({'CONV': [128, 3]}, {'CONV': [256, 5]}, {'POOLMAX': [-1, 2]}), ({'CONV': [32, 3]}, {'CONV': [32, 5]}), ({'CONV': [256, 5]}, {'CONV': [128, 3]}, {'POOLMAX': [-1, 2]}), ({'CONV': [256, 5]}, {'CONV': [256, 3]}), ({'CONV': [32, 3]}, {'CONV': [256, 3]}, {'POOLMAX': [-1, 2]}), ({'CONV': [32, 5]}, {'CONV': [256, 3]}), ({'CONV': [64, 5]}, {'CONV': [256, 5]}, {'POOLMAX': [-1, 2]}), {'GLOBAL_AVG': None}, {'LAST_DENSE': [100, 'softmax']}]",HHSE,NSGA2,,,,,0.6993456759366551,,,,2663674368,4322596,,,,,,"[4, 39, 3, 60, 6, 12, 23, 23]",0.713931788734083,-0.000481276430536,0.0,0.0,0.75,0.0,0.05,0,0,0,100,0,0.0,BEST,False,False,256,True,True,GREEDY,,,GREEDY_HV
BLHRZX[M][M][M][M],7,8,21,5,0.21,True,True,"[26, 39, 1, 60, 62, 6, 14, 31]",[],"[26.797156321953153, 39.56183641159812, 1.9625899236667046, 60.46610850313177, 62.32414030904169, 6.818843065257724, 14.81860565142504, 31.113967377605793]","[{'INP': 32}, {'CONV': [64, 3]}, ({'CONV': [64, 5]}, {'CONV': [64, 3]}), ({'CONV': [128, 3]}, {'CONV': [256, 5]}, {'POOLMAX': [-1, 2]}), ({'CONV': [32, 3]}, {'CONV': [32, 5]}), ({'CONV': [256, 5]}, {'CONV': [128, 3]}, {'POOLMAX': [-1, 2]}), ({'CONV': [256, 5]}, {'CONV': [256, 3]}), ({'CONV': [32, 3]}, {'CONV': [256, 3]}, {'POOLMAX': [-1, 2]}), ({'CONV': [32, 5]}, {'CONV': [256, 3]}), ({'CONV': [64, 5]}, {'CONV': [256, 5]}, {'POOLMAX': [-1, 2]}), {'GLOBAL_AVG': None}, {'LAST_DENSE': [100, 'softmax']}]",HHSE,NSGA2,,,,,0.6993456759366551,,,,2663674368,4322596,,,,,,"[4, 39, 3, 60, 6, 12, 23, 23]",0.7146434961196058,0.0001975739295525,0.0,0.0,0.75,0.0,0.05,0,0,0,100,0,0.0,BEST,False,False,256,True,True,GREEDY,,,GREEDY_HV
BLHRZX[M][M][M][M],7,8,22,5,0.22,True,True,"[26, 39, 1, 60, 62, 6, 14, 31]",[],"[26.797156321953153, 39.56183641159812, 1.9625899236667046, 60.46610850313177, 62.32414030904169, 6.818843065257724, 14.81860565142504, 31.113967377605793]","[{'INP': 32}, {'CONV': [64, 3]}, ({'CONV': [64, 5]}, {'CONV': [64, 3]}), ({'CONV': [128, 3]}, {'CONV': [256, 5]}, {'POOLMAX': [-1, 2]}), ({'CONV': [32, 3]}, {'CONV': [32, 5]}), ({'CONV': [256, 5]}, {'CONV': [128, 3]}, {'POOLMAX': [-1, 2]}), ({'CONV': [256, 5]}, {'CONV': [256, 3]}), ({'CONV': [32, 3]}, {'CONV': [256, 3]}, {'POOLMAX': [-1, 2]}), ({'CONV': [32, 5]}, {'CONV': [256, 3]}), ({'CONV': [64, 5]}, {'CONV': [256, 5]}, {'POOLMAX': [-1, 2]}), {'GLOBAL_AVG': None}, {'LAST_DENSE': [100, 'softmax']}]",HHSE,NSGA2,,,,,0.6993456759366551,,,,2663674368,4322596,,,,,,"[4, 39, 3, 60, 6, 12, 23, 23]",0.7142551664176298,-0.0009169448775725,0.0,0.0,0.75,0.0,0.05,0,0,0,100,0,0.0,BEST,False,False,256,True,True,GREEDY,,,GREEDY_HV
BLHRZX[M][M][M][M],7,8,23,5,0.23,True,True,"[26, 39, 1, 60, 62, 6, 14, 31]",[],"[26.797156321953153, 39.56183641159812, 1.9625899236667046, 60.46610850313177, 62.32414030904169, 6.818843065257724, 14.81860565142504, 31.113967377605793]","[{'INP': 32}, {'CONV': [64, 3]}, ({'CONV': [64, 5]}, {'CONV': [64, 3]}), ({'CONV': [128, 3]}, {'CONV': [256, 5]}, {'POOLMAX': [-1, 2]}), ({'CONV': [32, 3]}, {'CONV': [32, 5]}), ({'CONV': [256, 5]}, {'CONV': [128, 3]}, {'POOLMAX': [-1, 2]}), ({'CONV': [256, 5]}, {'CONV': [256, 3]}), ({'CONV': [32, 3]}, {'CONV': [256, 3]}, {'POOLMAX': [-1, 2]}), ({'CONV': [32, 5]}, {'CONV': [256, 3]}), ({'CONV': [64, 5]}, {'CONV': [256, 5]}, {'POOLMAX': [-1, 2]}), {'GLOBAL_AVG': None}, {'LAST_DENSE': [100, 'softmax']}]",HHSE,NSGA2,,,,,0.6993456759366551,,,,2663674368,4322596,,,,,,"[4, 39, 3, 60, 6, 12, 23, 23]",0.7142536595370499,-2.8636233246670528e-05,0.0,0.0,0.75,0.0,0.05,0,0,0,100,0,0.0,BEST,False,False,256,True,True,GREEDY,,,GREEDY_HV
BLHRZX[M][M][M][M],7,8,24,5,0.24,True,True,"[26, 39, 1, 60, 62, 6, 14, 31]",[],"[26.797156321953153, 39.56183641159812, 1.9625899236667046, 60.46610850313177, 62.32414030904169, 6.818843065257724, 14.81860565142504, 31.113967377605793]","[{'INP': 32}, {'CONV': [64, 3]}, ({'CONV': [64, 5]}, {'CONV': [64, 3]}), ({'CONV': [128, 3]}, {'CONV': [256, 5]}, {'POOLMAX': [-1, 2]}), ({'CONV': [32, 3]}, {'CONV': [32, 5]}), ({'CONV': [256, 5]}, {'CONV': [128, 3]}, {'POOLMAX': [-1, 2]}), ({'CONV': [256, 5]}, {'CONV': [256, 3]}), ({'CONV': [32, 3]}, {'CONV': [256, 3]}, {'POOLMAX': [-1, 2]}), ({'CONV': [32, 5]}, {'CONV': [256, 3]}), ({'CONV': [64, 5]}, {'CONV': [256, 5]}, {'POOLMAX': [-1, 2]}), {'GLOBAL_AVG': None}, {'LAST_DENSE': [100, 'softmax']}]",HHSE,NSGA2,,,,,0.6993456759366551,,,,2663674368,4322596,,,,,,"[4, 39, 3, 60, 6, 12, 23, 23]",0.7143915088809661,-0.0002033918846741,0.0,0.0,0.75,0.0,0.05,0,0,0,100,0,0.0,BEST,False,False,256,True,True,GREEDY,,,GREEDY_HV
BLHRZX[M][M][M][M],7,8,25,5,0.25,True,True,"[26, 39, 1, 60, 62, 6, 14, 31]",[],"[26.797156321953153, 39.56183641159812, 1.9625899236667046, 60.46610850313177, 62.32414030904169, 6.818843065257724, 14.81860565142504, 31.113967377605793]","[{'INP': 32}, {'CONV': [64, 3]}, ({'CONV': [64, 5]}, {'CONV': [64, 3]}), ({'CONV': [128, 3]}, {'CONV': [256, 5]}, {'POOLMAX': [-1, 2]}), ({'CONV': [32, 3]}, {'CONV': [32, 5]}), ({'CONV': [256, 5]}, {'CONV': [128, 3]}, {'POOLMAX': [-1, 2]}), ({'CONV': [256, 5]}, {'CONV': [256, 3]}), ({'CONV': [32, 3]}, {'CONV': [256, 3]}, {'POOLMAX': [-1, 2]}), ({'CONV': [32, 5]}, {'CONV': [256, 3]}), ({'CONV': [64, 5]}, {'CONV': [256, 5]}, {'POOLMAX': [-1, 2]}), {'GLOBAL_AVG': None}, {'LAST_DENSE': [100, 'softmax']}]",HHSE,NSGA2,,,,,0.6993456759366551,,,,2663674368,4322596,,,,,,"[4, 39, 3, 60, 6, 12, 23, 23]",0.7144768032053959,-0.0001019691034684,0.0,0.0,0.75,0.0,0.05,0,0,0,100,0,0.0,BEST,False,False,256,True,True,GREEDY,,,GREEDY_HV
BLHRZX[M][M][M][M],7,8,26,5,0.26,True,True,"[26, 39, 1, 60, 62, 6, 14, 31]",[],"[26.797156321953153, 39.56183641159812, 1.9625899236667046, 60.46610850313177, 62.32414030904169, 6.818843065257724, 14.81860565142504, 31.113967377605793]","[{'INP': 32}, {'CONV': [64, 3]}, ({'CONV': [64, 5]}, {'CONV': [64, 3]}), ({'CONV': [128, 3]}, {'CONV': [256, 5]}, {'POOLMAX': [-1, 2]}), ({'CONV': [32, 3]}, {'CONV': [32, 5]}), ({'CONV': [256, 5]}, {'CONV': [128, 3]}, {'POOLMAX': [-1, 2]}), ({'CONV': [256, 5]}, {'CONV': [256, 3]}), ({'CONV': [32, 3]}, {'CONV': [256, 3]}, {'POOLMAX': [-1, 2]}), ({'CONV': [32, 5]}, {'CONV': [256, 3]}), ({'CONV': [64, 5]}, {'CONV': [256, 5]}, {'POOLMAX': [-1, 2]}), {'GLOBAL_AVG': None}, {'LAST_DENSE': [100, 'softmax']}]",HHSE,NSGA2,,,,,0.6993456759366551,,,,2663674368,4322596,,,,,,"[4, 39, 3, 60, 6, 12, 23, 23]",0.7144028424718558,-0.0001145151021126,0.0,0.0,0.75,0.0,0.05,0,0,0,100,0,0.0,BEST,False,False,256,True,True,GREEDY,,,GREEDY_HV
BLHRZX[M][M][M][M],7,8,27,5,0.27,True,True,"[26, 39, 1, 60, 62, 6, 14, 31]",[],"[26.797156321953153, 39.56183641159812, 1.9625899236667046, 60.46610850313177, 62.32414030904169, 6.818843065257724, 14.81860565142504, 31.113967377605793]","[{'INP': 32}, {'CONV': [64, 3]}, ({'CONV': [64, 5]}, {'CONV': [64, 3]}), ({'CONV': [128, 3]}, {'CONV': [256, 5]}, {'POOLMAX': [-1, 2]}), ({'CONV': [32, 3]}, {'CONV': [32, 5]}), ({'CONV': [256, 5]}, {'CONV': [128, 3]}, {'POOLMAX': [-1, 2]}), ({'CONV': [256, 5]}, {'CONV': [256, 3]}), ({'CONV': [32, 3]}, {'CONV': [256, 3]}, {'POOLMAX': [-1, 2]}), ({'CONV': [32, 5]}, {'CONV': [256, 3]}), ({'CONV': [64, 5]}, {'CONV': [256, 5]}, {'POOLMAX': [-1, 2]}), {'GLOBAL_AVG': None}, {'LAST_DENSE': [100, 'softmax']}]",HHSE,NSGA2,,,,,0.6993456759366551,,,,2663674368,4322596,,,,,,"[4, 39, 3, 60, 6, 12, 23, 23]",0.7143880201619558,-0.000280412331083,0.0,0.0,0.75,0.0,0.05,0,1,0,100,0,0.01,BEST,False,False,256,True,True,GREEDY,,,GREEDY_HV
BLHRZX[M][M][M][M],7,8,28,5,0.28,True,True,"[26, 39, 1, 60, 62, 6, 14, 31]",[],"[26.797156321953153, 39.56183641159812, 1.9625899236667046, 60.46610850313177, 62.32414030904169, 6.818843065257724, 14.81860565142504, 31.113967377605793]","[{'INP': 32}, {'CONV': [64, 3]}, ({'CONV': [64, 5]}, {'CONV': [64, 3]}), ({'CONV': [128, 3]}, {'CONV': [256, 5]}, {'POOLMAX': [-1, 2]}), ({'CONV': [32, 3]}, {'CONV': [32, 5]}), ({'CONV': [256, 5]}, {'CONV': [128, 3]}, {'POOLMAX': [-1, 2]}), ({'CONV': [256, 5]}, {'CONV': [256, 3]}), ({'CONV': [32, 3]}, {'CONV': [256, 3]}, {'POOLMAX': [-1, 2]}), ({'CONV': [32, 5]}, {'CONV': [256, 3]}), ({'CONV': [64, 5]}, {'CONV': [256, 5]}, {'POOLMAX': [-1, 2]}), {'GLOBAL_AVG': None}, {'LAST_DENSE': [100, 'softmax']}]",HHSE,NSGA2,,,,,0.6993456759366551,,,,2663674368,4322596,,,,,,"[4, 39, 3, 60, 6, 12, 23, 23]",0.714466925963698,-0.0029927429221545,0.0,0.0,0.75,0.0,0.05,0,0,0,100,0,0.0,BEST,False,False,256,True,True,GREEDY,,,GREEDY_HV
BLHRZX[M][M][M][M],7,8,29,5,0.29,True,True,"[26, 39, 1, 60, 62, 6, 14, 31]",[],"[26.797156321953153, 39.56183641159812, 1.9625899236667046, 60.46610850313177, 62.32414030904169, 6.818843065257724, 14.81860565142504, 31.113967377605793]","[{'INP': 32}, {'CONV': [64, 3]}, ({'CONV': [64, 5]}, {'CONV': [64, 3]}), ({'CONV': [128, 3]}, {'CONV': [256, 5]}, {'POOLMAX': [-1, 2]}), ({'CONV': [32, 3]}, {'CONV': [32, 5]}), ({'CONV': [256, 5]}, {'CONV': [128, 3]}, {'POOLMAX': [-1, 2]}), ({'CONV': [256, 5]}, {'CONV': [256, 3]}), ({'CONV': [32, 3]}, {'CONV': [256, 3]}, {'POOLMAX': [-1, 2]}), ({'CONV': [32, 5]}, {'CONV': [256, 3]}), ({'CONV': [64, 5]}, {'CONV': [256, 5]}, {'POOLMAX': [-1, 2]}), {'GLOBAL_AVG': None}, {'LAST_DENSE': [100, 'softmax']}]",HHSE,NSGA2,,,,,0.6993456759366551,,,,2663674368,4322596,,,,,,"[4, 39, 3, 60, 6, 12, 23, 23]",0.7144937523701465,-0.004482327365014,0.0,0.0,0.75,0.0,0.05,0,0,0,100,0,0.0,BEST,False,False,256,True,True,GREEDY,,,GREEDY_HV
BLHRZX[M][M][M][M],7,8,30,5,0.3,True,True,"[26, 39, 1, 60, 62, 6, 14, 31]",[],"[26.797156321953153, 39.56183641159812, 1.9625899236667046, 60.46610850313177, 62.32414030904169, 6.818843065257724, 14.81860565142504, 31.113967377605793]","[{'INP': 32}, {'CONV': [64, 3]}, ({'CONV': [64, 5]}, {'CONV': [64, 3]}), ({'CONV': [128, 3]}, {'CONV': [256, 5]}, {'POOLMAX': [-1, 2]}), ({'CONV': [32, 3]}, {'CONV': [32, 5]}), ({'CONV': [256, 5]}, {'CONV': [128, 3]}, {'POOLMAX': [-1, 2]}), ({'CONV': [256, 5]}, {'CONV': [256, 3]}), ({'CONV': [32, 3]}, {'CONV': [256, 3]}, {'POOLMAX': [-1, 2]}), ({'CONV': [32, 5]}, {'CONV': [256, 3]}), ({'CONV': [64, 5]}, {'CONV': [256, 5]}, {'POOLMAX': [-1, 2]}), {'GLOBAL_AVG': None}, {'LAST_DENSE': [100, 'softmax']}]",HHSE,NSGA2,,,,,0.6993456759366551,,,,2663674368,4322596,,,,,,"[4, 39, 3, 60, 6, 12, 23, 23]",0.7145227581870299,-0.0003176464829788,0.0,0.0,0.75,0.0,0.05,0,0,0,100,0,0.0,BEST,False,False,256,True,True,GREEDY,,,GREEDY_HV
BLHRZX[M][M][M][M],7,8,31,5,0.31,True,True,"[26, 39, 1, 60, 62, 6, 14, 31]",[],"[26.797156321953153, 39.56183641159812, 1.9625899236667046, 60.46610850313177, 62.32414030904169, 6.818843065257724, 14.81860565142504, 31.113967377605793]","[{'INP': 32}, {'CONV': [64, 3]}, ({'CONV': [64, 5]}, {'CONV': [64, 3]}), ({'CONV': [128, 3]}, {'CONV': [256, 5]}, {'POOLMAX': [-1, 2]}), ({'CONV': [32, 3]}, {'CONV': [32, 5]}), ({'CONV': [256, 5]}, {'CONV': [128, 3]}, {'POOLMAX': [-1, 2]}), ({'CONV': [256, 5]}, {'CONV': [256, 3]}), ({'CONV': [32, 3]}, {'CONV': [256, 3]}, {'POOLMAX': [-1, 2]}), ({'CONV': [32, 5]}, {'CONV': [256, 3]}), ({'CONV': [64, 5]}, {'CONV': [256, 5]}, {'POOLMAX': [-1, 2]}), {'GLOBAL_AVG': None}, {'LAST_DENSE': [100, 'softmax']}]",HHSE,NSGA2,,,,,0.6993456759366551,,,,2663674368,4322596,,,,,,"[4, 39, 3, 60, 6, 12, 23, 23]",0.715831798107998,-0.0023320328848598,0.0,0.0,0.75,0.0,0.05,0,0,0,100,0,0.0,BEST,False,False,256,True,True,GREEDY,,,GREEDY_HV
BLHRZX[M][M][M][M],7,8,32,5,0.32,True,True,"[26, 39, 1, 60, 62, 6, 14, 31]",[],"[26.797156321953153, 39.56183641159812, 1.9625899236667046, 60.46610850313177, 62.32414030904169, 6.818843065257724, 14.81860565142504, 31.113967377605793]","[{'INP': 32}, {'CONV': [64, 3]}, ({'CONV': [64, 5]}, {'CONV': [64, 3]}), ({'CONV': [128, 3]}, {'CONV': [256, 5]}, {'POOLMAX': [-1, 2]}), ({'CONV': [32, 3]}, {'CONV': [32, 5]}), ({'CONV': [256, 5]}, {'CONV': [128, 3]}, {'POOLMAX': [-1, 2]}), ({'CONV': [256, 5]}, {'CONV': [256, 3]}), ({'CONV': [32, 3]}, {'CONV': [256, 3]}, {'POOLMAX': [-1, 2]}), ({'CONV': [32, 5]}, {'CONV': [256, 3]}), ({'CONV': [64, 5]}, {'CONV': [256, 5]}, {'POOLMAX': [-1, 2]}), {'GLOBAL_AVG': None}, {'LAST_DENSE': [100, 'softmax']}]",HHSE,NSGA2,,,,,0.6993456759366551,,,,2663674368,4322596,,,,,,"[4, 39, 3, 60, 6, 12, 23, 23]",0.7157801019213463,-0.0005029417923244,0.0,0.0,0.75,0.0,0.05,0,0,0,100,0,0.0,BEST,False,False,256,True,True,GREEDY,,,GREEDY_HV
BLHRZX[M][M][M][M],7,8,33,5,0.33,True,True,"[26, 39, 1, 60, 62, 6, 14, 31]",[],"[26.797156321953153, 39.56183641159812, 1.9625899236667046, 60.46610850313177, 62.32414030904169, 6.818843065257724, 14.81860565142504, 31.113967377605793]","[{'INP': 32}, {'CONV': [64, 3]}, ({'CONV': [64, 5]}, {'CONV': [64, 3]}), ({'CONV': [128, 3]}, {'CONV': [256, 5]}, {'POOLMAX': [-1, 2]}), ({'CONV': [32, 3]}, {'CONV': [32, 5]}), ({'CONV': [256, 5]}, {'CONV': [128, 3]}, {'POOLMAX': [-1, 2]}), ({'CONV': [256, 5]}, {'CONV': [256, 3]}), ({'CONV': [32, 3]}, {'CONV': [256, 3]}, {'POOLMAX': [-1, 2]}), ({'CONV': [32, 5]}, {'CONV': [256, 3]}), ({'CONV': [64, 5]}, {'CONV': [256, 5]}, {'POOLMAX': [-1, 2]}), {'GLOBAL_AVG': None}, {'LAST_DENSE': [100, 'softmax']}]",HHSE,NSGA2,,,,,0.6993456759366551,,,,2663674368,4322596,,,,,,"[4, 39, 3, 60, 6, 12, 23, 23]",0.7158766227107357,-0.0001956925332543,0.0,0.0,0.75,0.0,0.05,0,0,0,100,0,0.0,BEST,False,False,256,True,True,GREEDY,,,GREEDY_HV
BLHRZX[M][M][M][M],7,8,34,5,0.34,True,True,"[26, 39, 1, 60, 62, 6, 14, 31]",[],"[26.797156321953153, 39.56183641159812, 1.9625899236667046, 60.46610850313177, 62.32414030904169, 6.818843065257724, 14.81860565142504, 31.113967377605793]","[{'INP': 32}, {'CONV': [64, 3]}, ({'CONV': [64, 5]}, {'CONV': [64, 3]}), ({'CONV': [128, 3]}, {'CONV': [256, 5]}, {'POOLMAX': [-1, 2]}), ({'CONV': [32, 3]}, {'CONV': [32, 5]}), ({'CONV': [256, 5]}, {'CONV': [128, 3]}, {'POOLMAX': [-1, 2]}), ({'CONV': [256, 5]}, {'CONV': [256, 3]}), ({'CONV': [32, 3]}, {'CONV': [256, 3]}, {'POOLMAX': [-1, 2]}), ({'CONV': [32, 5]}, {'CONV': [256, 3]}), ({'CONV': [64, 5]}, {'CONV': [256, 5]}, {'POOLMAX': [-1, 2]}), {'GLOBAL_AVG': None}, {'LAST_DENSE': [100, 'softmax']}]",HHSE,NSGA2,,,,,0.6993456759366551,,,,2663674368,4322596,,,,,,"[4, 39, 3, 60, 6, 12, 23, 23]",0.7158795153851303,-0.0012328165101381,0.0,0.0,0.75,0.0,0.05,0,0,0,100,0,0.0,BEST,False,False,256,True,True,GREEDY,,,GREEDY_HV
BLHRZX[M][M][M][M],7,8,35,5,0.35,True,True,"[26, 39, 1, 60, 62, 6, 14, 31]",[],"[26.797156321953153, 39.56183641159812, 1.9625899236667046, 60.46610850313177, 62.32414030904169, 6.818843065257724, 14.81860565142504, 31.113967377605793]","[{'INP': 32}, {'CONV': [64, 3]}, ({'CONV': [64, 5]}, {'CONV': [64, 3]}), ({'CONV': [128, 3]}, {'CONV': [256, 5]}, {'POOLMAX': [-1, 2]}), ({'CONV': [32, 3]}, {'CONV': [32, 5]}), ({'CONV': [256, 5]}, {'CONV': [128, 3]}, {'POOLMAX': [-1, 2]}), ({'CONV': [256, 5]}, {'CONV': [256, 3]}), ({'CONV': [32, 3]}, {'CONV': [256, 3]}, {'POOLMAX': [-1, 2]}), ({'CONV': [32, 5]}, {'CONV': [256, 3]}), ({'CONV': [64, 5]}, {'CONV': [256, 5]}, {'POOLMAX': [-1, 2]}), {'GLOBAL_AVG': None}, {'LAST_DENSE': [100, 'softmax']}]",HHSE,NSGA2,,,,,0.6993456759366551,,,,2663674368,4322596,,,,,,"[4, 39, 3, 60, 6, 12, 23, 23]",0.7158898838210718,-0.0020341820937007,0.0,0.0,0.75,0.0,0.05,0,0,0,100,0,0.0,BEST,False,False,256,True,True,GREEDY,,,GREEDY_HV
BLHRZX[M][M][M][M],7,8,36,5,0.36,True,True,"[26, 39, 1, 60, 62, 6, 14, 31]",[],"[26.797156321953153, 39.56183641159812, 1.9625899236667046, 60.46610850313177, 62.32414030904169, 6.818843065257724, 14.81860565142504, 31.113967377605793]","[{'INP': 32}, {'CONV': [64, 3]}, ({'CONV': [64, 5]}, {'CONV': [64, 3]}), ({'CONV': [128, 3]}, {'CONV': [256, 5]}, {'POOLMAX': [-1, 2]}), ({'CONV': [32, 3]}, {'CONV': [32, 5]}), ({'CONV': [256, 5]}, {'CONV': [128, 3]}, {'POOLMAX': [-1, 2]}), ({'CONV': [256, 5]}, {'CONV': [256, 3]}), ({'CONV': [32, 3]}, {'CONV': [256, 3]}, {'POOLMAX': [-1, 2]}), ({'CONV': [32, 5]}, {'CONV': [256, 3]}), ({'CONV': [64, 5]}, {'CONV': [256, 5]}, {'POOLMAX': [-1, 2]}), {'GLOBAL_AVG': None}, {'LAST_DENSE': [100, 'softmax']}]",HHSE,NSGA2,,,,,0.6993456759366551,,,,2663674368,4322596,,,,,,"[4, 39, 3, 60, 6, 12, 23, 23]",0.7159421667530002,-0.0038759555448628,0.0,0.0,0.75,0.0,0.05,0,0,0,100,0,0.0,BEST,False,False,256,True,True,GREEDY,,,GREEDY_HV
BLHRZX[M][M][M][M],7,8,37,5,0.37,True,True,"[26, 39, 1, 60, 62, 6, 14, 31]",[],"[26.797156321953153, 39.56183641159812, 1.9625899236667046, 60.46610850313177, 62.32414030904169, 6.818843065257724, 14.81860565142504, 31.113967377605793]","[{'INP': 32}, {'CONV': [64, 3]}, ({'CONV': [64, 5]}, {'CONV': [64, 3]}), ({'CONV': [128, 3]}, {'CONV': [256, 5]}, {'POOLMAX': [-1, 2]}), ({'CONV': [32, 3]}, {'CONV': [32, 5]}), ({'CONV': [256, 5]}, {'CONV': [128, 3]}, {'POOLMAX': [-1, 2]}), ({'CONV': [256, 5]}, {'CONV': [256, 3]}), ({'CONV': [32, 3]}, {'CONV': [256, 3]}, {'POOLMAX': [-1, 2]}), ({'CONV': [32, 5]}, {'CONV': [256, 3]}), ({'CONV': [64, 5]}, {'CONV': [256, 5]}, {'POOLMAX': [-1, 2]}), {'GLOBAL_AVG': None}, {'LAST_DENSE': [100, 'softmax']}]",HHSE,NSGA2,,,,,0.6993456759366551,,,,2663674368,4322596,,,,,,"[4, 39, 3, 60, 6, 12, 23, 23]",0.7159597245996308,-0.0008754529470755,0.0,0.0,0.75,0.0,0.05,0,0,0,100,0,0.0,BEST,False,False,256,True,True,GREEDY,,,GREEDY_HV
BLHRZX[M][M][M][M],7,8,38,5,0.38,True,True,"[26, 39, 1, 60, 62, 6, 14, 31]",[],"[26.797156321953153, 39.56183641159812, 1.9625899236667046, 60.46610850313177, 62.32414030904169, 6.818843065257724, 14.81860565142504, 31.113967377605793]","[{'INP': 32}, {'CONV': [64, 3]}, ({'CONV': [64, 5]}, {'CONV': [64, 3]}), ({'CONV': [128, 3]}, {'CONV': [256, 5]}, {'POOLMAX': [-1, 2]}), ({'CONV': [32, 3]}, {'CONV': [32, 5]}), ({'CONV': [256, 5]}, {'CONV': [128, 3]}, {'POOLMAX': [-1, 2]}), ({'CONV': [256, 5]}, {'CONV': [256, 3]}), ({'CONV': [32, 3]}, {'CONV': [256, 3]}, {'POOLMAX': [-1, 2]}), ({'CONV': [32, 5]}, {'CONV': [256, 3]}), ({'CONV': [64, 5]}, {'CONV': [256, 5]}, {'POOLMAX': [-1, 2]}), {'GLOBAL_AVG': None}, {'LAST_DENSE': [100, 'softmax']}]",HHSE,NSGA2,,,,,0.6993456759366551,,,,2663674368,4322596,,,,,,"[4, 39, 3, 60, 6, 12, 23, 23]",0.716022965205839,-0.0017518901480614,0.0,0.0,0.75,0.0,0.05,0,0,0,100,0,0.0,BEST,False,False,256,True,True,GREEDY,,,GREEDY_HV
BKGWZJ[M],7,8,39,39,0.39,True,True,"[0, 7, 50, 38, 45, 36, 46, 46]",[],"[0.18850231434590597, 7.705810499442351, 50.647388136993435, 38.296043790107255, 45.07584256697761, 36.5880739058513, 46.32495607849326, 46.23113434782131]","[{'INP': 32}, {'CONV': [64, 3]}, ({'CONV': [32, 3]}, {'CONV': [32, 3]}), ({'CONV': [32, 3]}, {'CONV': [256, 5]}, {'POOLMAX': [-1, 2]}), ({'CONV': [256, 3]}, {'CONV': [64, 3]}), ({'CONV': [128, 3]}, {'CONV': [256, 3]}, {'POOLMAX': [-1, 2]}), ({'CONV': [128, 5]}, {'CONV': [128, 5]}), ({'CONV': [128, 3]}, {'CONV': [128, 3]}, {'POOLMAX': [-1, 2]}), ({'CONV': [128, 5]}, {'CONV': [256, 3]}), ({'CONV': [128, 5]}, {'CONV': [256, 3]}, {'POOLMAX': [-1, 2]}), {'GLOBAL_AVG': None}, {'LAST_DENSE': [100, 'softmax']}]",HHSE,NSGA2,,,,,0.7006267300069007,,,,1322597376,4726948,,,,,,"[0, 1, 43, 30, 46, 53, 5, 55]",0.7161276853558036,-0.0012424976724479,0.125,0.75,0.875,1.0,0.39,0,0,0,100,0,0.0,BEST,False,False,244,True,True,GREEDY,,,GREEDY_HV
BKGWZJ[M],7,8,40,39,0.4,True,True,"[0, 7, 50, 38, 45, 36, 46, 46]",[],"[0.18850231434590597, 7.705810499442351, 50.647388136993435, 38.296043790107255, 45.07584256697761, 36.5880739058513, 46.32495607849326, 46.23113434782131]","[{'INP': 32}, {'CONV': [64, 3]}, ({'CONV': [32, 3]}, {'CONV': [32, 3]}), ({'CONV': [32, 3]}, {'CONV': [256, 5]}, {'POOLMAX': [-1, 2]}), ({'CONV': [256, 3]}, {'CONV': [64, 3]}), ({'CONV': [128, 3]}, {'CONV': [256, 3]}, {'POOLMAX': [-1, 2]}), ({'CONV': [128, 5]}, {'CONV': [128, 5]}), ({'CONV': [128, 3]}, {'CONV': [128, 3]}, {'POOLMAX': [-1, 2]}), ({'CONV': [128, 5]}, {'CONV': [256, 3]}), ({'CONV': [128, 5]}, {'CONV': [256, 3]}, {'POOLMAX': [-1, 2]}), {'GLOBAL_AVG': None}, {'LAST_DENSE': [100, 'softmax']}]",HHSE,NSGA2,,,,,0.7006267300069007,,,,1322597376,4726948,,,,,,"[0, 1, 43, 30, 46, 53, 5, 55]",0.7172760343776414,-0.0021372878425821,0.125,0.75,0.875,0.0,0.39,0,0,0,100,0,0.0,BEST,False,False,244,True,True,GREEDY,,,GREEDY_HV
BKGWZJ[M],7,8,41,39,0.41,True,True,"[0, 7, 50, 38, 45, 36, 46, 46]",[],"[0.18850231434590597, 7.705810499442351, 50.647388136993435, 38.296043790107255, 45.07584256697761, 36.5880739058513, 46.32495607849326, 46.23113434782131]","[{'INP': 32}, {'CONV': [64, 3]}, ({'CONV': [32, 3]}, {'CONV': [32, 3]}), ({'CONV': [32, 3]}, {'CONV': [256, 5]}, {'POOLMAX': [-1, 2]}), ({'CONV': [256, 3]}, {'CONV': [64, 3]}), ({'CONV': [128, 3]}, {'CONV': [256, 3]}, {'POOLMAX': [-1, 2]}), ({'CONV': [128, 5]}, {'CONV': [128, 5]}), ({'CONV': [128, 3]}, {'CONV': [128, 3]}, {'POOLMAX': [-1, 2]}), ({'CONV': [128, 5]}, {'CONV': [256, 3]}), ({'CONV': [128, 5]}, {'CONV': [256, 3]}, {'POOLMAX': [-1, 2]}), {'GLOBAL_AVG': None}, {'LAST_DENSE': [100, 'softmax']}]",HHSE,NSGA2,,,,,0.7006267300069007,,,,1322597376,4726948,,,,,,"[0, 1, 43, 30, 46, 53, 5, 55]",0.7172944291981725,-0.0002132756815413,0.125,0.75,0.875,0.0,0.39,0,0,0,100,0,0.0,BEST,False,False,244,True,True,GREEDY,,,GREEDY_HV
BKGWZJ[M],7,8,42,39,0.42,True,True,"[0, 7, 50, 38, 45, 36, 46, 46]",[],"[0.18850231434590597, 7.705810499442351, 50.647388136993435, 38.296043790107255, 45.07584256697761, 36.5880739058513, 46.32495607849326, 46.23113434782131]","[{'INP': 32}, {'CONV': [64, 3]}, ({'CONV': [32, 3]}, {'CONV': [32, 3]}), ({'CONV': [32, 3]}, {'CONV': [256, 5]}, {'POOLMAX': [-1, 2]}), ({'CONV': [256, 3]}, {'CONV': [64, 3]}), ({'CONV': [128, 3]}, {'CONV': [256, 3]}, {'POOLMAX': [-1, 2]}), ({'CONV': [128, 5]}, {'CONV': [128, 5]}), ({'CONV': [128, 3]}, {'CONV': [128, 3]}, {'POOLMAX': [-1, 2]}), ({'CONV': [128, 5]}, {'CONV': [256, 3]}), ({'CONV': [128, 5]}, {'CONV': [256, 3]}, {'POOLMAX': [-1, 2]}), {'GLOBAL_AVG': None}, {'LAST_DENSE': [100, 'softmax']}]",HHSE,NSGA2,,,,,0.7006267300069007,,,,1322597376,4726948,,,,,,"[0, 1, 43, 30, 46, 53, 5, 55]",0.7172802061792388,-0.0005092769110784,0.125,0.75,0.875,0.0,0.39,0,0,0,100,0,0.0,BEST,False,False,244,True,True,GREEDY,,,GREEDY_HV
BKGWZJ[M],7,8,43,39,0.43,True,True,"[0, 7, 50, 38, 45, 36, 46, 46]",[],"[0.18850231434590597, 7.705810499442351, 50.647388136993435, 38.296043790107255, 45.07584256697761, 36.5880739058513, 46.32495607849326, 46.23113434782131]","[{'INP': 32}, {'CONV': [64, 3]}, ({'CONV': [32, 3]}, {'CONV': [32, 3]}), ({'CONV': [32, 3]}, {'CONV': [256, 5]}, {'POOLMAX': [-1, 2]}), ({'CONV': [256, 3]}, {'CONV': [64, 3]}), ({'CONV': [128, 3]}, {'CONV': [256, 3]}, {'POOLMAX': [-1, 2]}), ({'CONV': [128, 5]}, {'CONV': [128, 5]}), ({'CONV': [128, 3]}, {'CONV': [128, 3]}, {'POOLMAX': [-1, 2]}), ({'CONV': [128, 5]}, {'CONV': [256, 3]}), ({'CONV': [128, 5]}, {'CONV': [256, 3]}, {'POOLMAX': [-1, 2]}), {'GLOBAL_AVG': None}, {'LAST_DENSE': [100, 'softmax']}]",HHSE,NSGA2,,,,,0.7006267300069007,,,,1322597376,4726948,,,,,,"[0, 1, 43, 30, 46, 53, 5, 55]",0.7174251435879124,-0.0032746715214794,0.125,0.75,0.875,0.0,0.39,0,0,0,100,0,0.0,BEST,False,False,244,True,True,GREEDY,,,GREEDY_HV
BKGWZJ[M],7,8,44,39,0.44,True,True,"[0, 7, 50, 38, 45, 36, 46, 46]",[],"[0.18850231434590597, 7.705810499442351, 50.647388136993435, 38.296043790107255, 45.07584256697761, 36.5880739058513, 46.32495607849326, 46.23113434782131]","[{'INP': 32}, {'CONV': [64, 3]}, ({'CONV': [32, 3]}, {'CONV': [32, 3]}), ({'CONV': [32, 3]}, {'CONV': [256, 5]}, {'POOLMAX': [-1, 2]}), ({'CONV': [256, 3]}, {'CONV': [64, 3]}), ({'CONV': [128, 3]}, {'CONV': [256, 3]}, {'POOLMAX': [-1, 2]}), ({'CONV': [128, 5]}, {'CONV': [128, 5]}), ({'CONV': [128, 3]}, {'CONV': [128, 3]}, {'POOLMAX': [-1, 2]}), ({'CONV': [128, 5]}, {'CONV': [256, 3]}), ({'CONV': [128, 5]}, {'CONV': [256, 3]}, {'POOLMAX': [-1, 2]}), {'GLOBAL_AVG': None}, {'LAST_DENSE': [100, 'softmax']}]",HHSE,NSGA2,,,,,0.7006267300069007,,,,1322597376,4726948,,,,,,"[0, 1, 43, 30, 46, 53, 5, 55]",0.7172922952298637,-0.0046610865264968,0.125,0.75,0.875,0.0,0.39,0,0,0,100,0,0.0,BEST,False,False,244,True,True,GREEDY,,,GREEDY_HV
BKGWZJ[M],7,8,45,39,0.45,True,True,"[0, 7, 50, 38, 45, 36, 46, 46]",[],"[0.18850231434590597, 7.705810499442351, 50.647388136993435, 38.296043790107255, 45.07584256697761, 36.5880739058513, 46.32495607849326, 46.23113434782131]","[{'INP': 32}, {'CONV': [64, 3]}, ({'CONV': [32, 3]}, {'CONV': [32, 3]}), ({'CONV': [32, 3]}, {'CONV': [256, 5]}, {'POOLMAX': [-1, 2]}), ({'CONV': [256, 3]}, {'CONV': [64, 3]}), ({'CONV': [128, 3]}, {'CONV': [256, 3]}, {'POOLMAX': [-1, 2]}), ({'CONV': [128, 5]}, {'CONV': [128, 5]}), ({'CONV': [128, 3]}, {'CONV': [128, 3]}, {'POOLMAX': [-1, 2]}), ({'CONV': [128, 5]}, {'CONV': [256, 3]}), ({'CONV': [128, 5]}, {'CONV': [256, 3]}, {'POOLMAX': [-1, 2]}), {'GLOBAL_AVG': None}, {'LAST_DENSE': [100, 'softmax']}]",HHSE,NSGA2,,,,,0.7006267300069007,,,,1322597376,4726948,,,,,,"[0, 1, 43, 30, 46, 53, 5, 55]",0.7173519102202688,-0.0003740179501705,0.125,0.75,0.875,0.0,0.39,0,1,0,100,0,0.01,BEST,False,False,244,True,True,GREEDY,,,GREEDY_HV
BKGWZJ[M],7,8,46,39,0.46,True,True,"[0, 7, 50, 38, 45, 36, 46, 46]",[],"[0.18850231434590597, 7.705810499442351, 50.647388136993435, 38.296043790107255, 45.07584256697761, 36.5880739058513, 46.32495607849326, 46.23113434782131]","[{'INP': 32}, {'CONV': [64, 3]}, ({'CONV': [32, 3]}, {'CONV': [32, 3]}), ({'CONV': [32, 3]}, {'CONV': [256, 5]}, {'POOLMAX': [-1, 2]}), ({'CONV': [256, 3]}, {'CONV': [64, 3]}), ({'CONV': [128, 3]}, {'CONV': [256, 3]}, {'POOLMAX': [-1, 2]}), ({'CONV': [128, 5]}, {'CONV': [128, 5]}), ({'CONV': [128, 3]}, {'CONV': [128, 3]}, {'POOLMAX': [-1, 2]}), ({'CONV': [128, 5]}, {'CONV': [256, 3]}), ({'CONV': [128, 5]}, {'CONV': [256, 3]}, {'POOLMAX': [-1, 2]}), {'GLOBAL_AVG': None}, {'LAST_DENSE': [100, 'softmax']}]",HHSE,NSGA2,,,,,0.7006267300069007,,,,1322597376,4726948,,,,,,"[0, 1, 43, 30, 46, 53, 5, 55]",0.7176452611693919,-0.001848013925527,0.125,0.75,0.875,0.0,0.39,0,0,0,100,0,0.0,BEST,False,False,244,True,True,GREEDY,,,GREEDY_HV
BKGWZJ[M],7,8,47,39,0.47,True,True,"[0, 7, 50, 38, 45, 36, 46, 46]",[],"[0.18850231434590597, 7.705810499442351, 50.647388136993435, 38.296043790107255, 45.07584256697761, 36.5880739058513, 46.32495607849326, 46.23113434782131]","[{'INP': 32}, {'CONV': [64, 3]}, ({'CONV': [32, 3]}, {'CONV': [32, 3]}), ({'CONV': [32, 3]}, {'CONV': [256, 5]}, {'POOLMAX': [-1, 2]}), ({'CONV': [256, 3]}, {'CONV': [64, 3]}), ({'CONV': [128, 3]}, {'CONV': [256, 3]}, {'POOLMAX': [-1, 2]}), ({'CONV': [128, 5]}, {'CONV': [128, 5]}), ({'CONV': [128, 3]}, {'CONV': [128, 3]}, {'POOLMAX': [-1, 2]}), ({'CONV': [128, 5]}, {'CONV': [256, 3]}), ({'CONV': [128, 5]}, {'CONV': [256, 3]}, {'POOLMAX': [-1, 2]}), {'GLOBAL_AVG': None}, {'LAST_DENSE': [100, 'softmax']}]",HHSE,NSGA2,,,,,0.7006267300069007,,,,1322597376,4726948,,,,,,"[0, 1, 43, 30, 46, 53, 5, 55]",0.7182317632450784,-0.0002636466693278,0.125,0.75,0.875,0.0,0.39,0,0,0,100,0,0.0,BEST,False,False,244,True,True,GREEDY,,,GREEDY_HV
BKGWZJ[M],7,8,48,39,0.48,True,True,"[0, 7, 50, 38, 45, 36, 46, 46]",[],"[0.18850231434590597, 7.705810499442351, 50.647388136993435, 38.296043790107255, 45.07584256697761, 36.5880739058513, 46.32495607849326, 46.23113434782131]","[{'INP': 32}, {'CONV': [64, 3]}, ({'CONV': [32, 3]}, {'CONV': [32, 3]}), ({'CONV': [32, 3]}, {'CONV': [256, 5]}, {'POOLMAX': [-1, 2]}), ({'CONV': [256, 3]}, {'CONV': [64, 3]}), ({'CONV': [128, 3]}, {'CONV': [256, 3]}, {'POOLMAX': [-1, 2]}), ({'CONV': [128, 5]}, {'CONV': [128, 5]}), ({'CONV': [128, 3]}, {'CONV': [128, 3]}, {'POOLMAX': [-1, 2]}), ({'CONV': [128, 5]}, {'CONV': [256, 3]}), ({'CONV': [128, 5]}, {'CONV': [256, 3]}, {'POOLMAX': [-1, 2]}), {'GLOBAL_AVG': None}, {'LAST_DENSE': [100, 'softmax']}]",HHSE,NSGA2,,,,,0.7006267300069007,,,,1322597376,4726948,,,,,,"[0, 1, 43, 30, 46, 53, 5, 55]",0.7183221190760742,-0.0001205650885566,0.125,0.75,0.875,0.0,0.39,0,0,0,100,0,0.0,BEST,False,False,244,True,True,GREEDY,,,GREEDY_HV
BKGWZJ[M],7,8,49,39,0.49,True,True,"[0, 7, 50, 38, 45, 36, 46, 46]",[],"[0.18850231434590597, 7.705810499442351, 50.647388136993435, 38.296043790107255, 45.07584256697761, 36.5880739058513, 46.32495607849326, 46.23113434782131]","[{'INP': 32}, {'CONV': [64, 3]}, ({'CONV': [32, 3]}, {'CONV': [32, 3]}), ({'CONV': [32, 3]}, {'CONV': [256, 5]}, {'POOLMAX': [-1, 2]}), ({'CONV': [256, 3]}, {'CONV': [64, 3]}), ({'CONV': [128, 3]}, {'CONV': [256, 3]}, {'POOLMAX': [-1, 2]}), ({'CONV': [128, 5]}, {'CONV': [128, 5]}), ({'CONV': [128, 3]}, {'CONV': [128, 3]}, {'POOLMAX': [-1, 2]}), ({'CONV': [128, 5]}, {'CONV': [256, 3]}), ({'CONV': [128, 5]}, {'CONV': [256, 3]}, {'POOLMAX': [-1, 2]}), {'GLOBAL_AVG': None}, {'LAST_DENSE': [100, 'softmax']}]",HHSE,NSGA2,,,,,0.7006267300069007,,,,1322597376,4726948,,,,,,"[0, 1, 43, 30, 46, 53, 5, 55]",0.7183721511427634,-3.1950212857401183e-05,0.125,0.75,0.875,0.0,0.39,0,2,0,100,0,0.02,BEST,False,False,244,True,True,GREEDY,,,GREEDY_HV
BKGWZJ[M],7,8,50,39,0.5,True,True,"[0, 7, 50, 38, 45, 36, 46, 46]",[],"[0.18850231434590597, 7.705810499442351, 50.647388136993435, 38.296043790107255, 45.07584256697761, 36.5880739058513, 46.32495607849326, 46.23113434782131]","[{'INP': 32}, {'CONV': [64, 3]}, ({'CONV': [32, 3]}, {'CONV': [32, 3]}), ({'CONV': [32, 3]}, {'CONV': [256, 5]}, {'POOLMAX': [-1, 2]}), ({'CONV': [256, 3]}, {'CONV': [64, 3]}), ({'CONV': [128, 3]}, {'CONV': [256, 3]}, {'POOLMAX': [-1, 2]}), ({'CONV': [128, 5]}, {'CONV': [128, 5]}), ({'CONV': [128, 3]}, {'CONV': [128, 3]}, {'POOLMAX': [-1, 2]}), ({'CONV': [128, 5]}, {'CONV': [256, 3]}), ({'CONV': [128, 5]}, {'CONV': [256, 3]}, {'POOLMAX': [-1, 2]}), {'GLOBAL_AVG': None}, {'LAST_DENSE': [100, 'softmax']}]",HHSE,NSGA2,,,,,0.7006267300069007,,,,1322597376,4726948,,,,,,"[0, 1, 43, 30, 46, 53, 5, 55]",0.7183262852459854,-0.0004104779173857,0.125,0.75,0.875,0.0,0.39,0,1,0,100,0,0.01,BEST,False,False,244,True,True,GREEDY,,,GREEDY_HV
BKGWZJ[M],7,8,51,39,0.51,True,True,"[0, 7, 50, 38, 45, 36, 46, 46]",[],"[0.18850231434590597, 7.705810499442351, 50.647388136993435, 38.296043790107255, 45.07584256697761, 36.5880739058513, 46.32495607849326, 46.23113434782131]","[{'INP': 32}, {'CONV': [64, 3]}, ({'CONV': [32, 3]}, {'CONV': [32, 3]}), ({'CONV': [32, 3]}, {'CONV': [256, 5]}, {'POOLMAX': [-1, 2]}), ({'CONV': [256, 3]}, {'CONV': [64, 3]}), ({'CONV': [128, 3]}, {'CONV': [256, 3]}, {'POOLMAX': [-1, 2]}), ({'CONV': [128, 5]}, {'CONV': [128, 5]}), ({'CONV': [128, 3]}, {'CONV': [128, 3]}, {'POOLMAX': [-1, 2]}), ({'CONV': [128, 5]}, {'CONV': [256, 3]}), ({'CONV': [128, 5]}, {'CONV': [256, 3]}, {'POOLMAX': [-1, 2]}), {'GLOBAL_AVG': None}, {'LAST_DENSE': [100, 'softmax']}]",HHSE,NSGA2,,,,,0.7006267300069007,,,,1322597376,4726948,,,,,,"[0, 1, 43, 30, 46, 53, 5, 55]",0.7183465730715947,-0.0002548996289341,0.125,0.75,0.875,0.0,0.39,0,0,0,100,0,0.0,BEST,False,False,244,True,True,GREEDY,,,GREEDY_HV
BKGWZJ[M],7,8,52,39,0.52,True,True,"[0, 7, 50, 38, 45, 36, 46, 46]",[],"[0.18850231434590597, 7.705810499442351, 50.647388136993435, 38.296043790107255, 45.07584256697761, 36.5880739058513, 46.32495607849326, 46.23113434782131]","[{'INP': 32}, {'CONV': [64, 3]}, ({'CONV': [32, 3]}, {'CONV': [32, 3]}), ({'CONV': [32, 3]}, {'CONV': [256, 5]}, {'POOLMAX': [-1, 2]}), ({'CONV': [256, 3]}, {'CONV': [64, 3]}), ({'CONV': [128, 3]}, {'CONV': [256, 3]}, {'POOLMAX': [-1, 2]}), ({'CONV': [128, 5]}, {'CONV': [128, 5]}), ({'CONV': [128, 3]}, {'CONV': [128, 3]}, {'POOLMAX': [-1, 2]}), ({'CONV': [128, 5]}, {'CONV': [256, 3]}), ({'CONV': [128, 5]}, {'CONV': [256, 3]}, {'POOLMAX': [-1, 2]}), {'GLOBAL_AVG': None}, {'LAST_DENSE': [100, 'softmax']}]",HHSE,NSGA2,,,,,0.7006267300069007,,,,1322597376,4726948,,,,,,"[0, 1, 43, 30, 46, 53, 5, 55]",0.7184893633934787,-0.0001860099987937,0.125,0.75,0.875,0.0,0.39,0,0,0,100,0,0.0,BEST,False,False,244,True,True,GREEDY,,,GREEDY_HV
BKGWZJ[M],7,8,53,39,0.53,True,True,"[0, 7, 50, 38, 45, 36, 46, 46]",[],"[0.18850231434590597, 7.705810499442351, 50.647388136993435, 38.296043790107255, 45.07584256697761, 36.5880739058513, 46.32495607849326, 46.23113434782131]","[{'INP': 32}, {'CONV': [64, 3]}, ({'CONV': [32, 3]}, {'CONV': [32, 3]}), ({'CONV': [32, 3]}, {'CONV': [256, 5]}, {'POOLMAX': [-1, 2]}), ({'CONV': [256, 3]}, {'CONV': [64, 3]}), ({'CONV': [128, 3]}, {'CONV': [256, 3]}, {'POOLMAX': [-1, 2]}), ({'CONV': [128, 5]}, {'CONV': [128, 5]}), ({'CONV': [128, 3]}, {'CONV': [128, 3]}, {'POOLMAX': [-1, 2]}), ({'CONV': [128, 5]}, {'CONV': [256, 3]}), ({'CONV': [128, 5]}, {'CONV': [256, 3]}, {'POOLMAX': [-1, 2]}), {'GLOBAL_AVG': None}, {'LAST_DENSE': [100, 'softmax']}]",HHSE,NSGA2,,,,,0.7006267300069007,,,,1322597376,4726948,,,,,,"[0, 1, 43, 30, 46, 53, 5, 55]",0.7187595747260194,-9.018486288348004e-05,0.125,0.75,0.875,0.0,0.39,0,0,0,100,0,0.0,BEST,False,False,244,True,True,GREEDY,,,GREEDY_HV
BKGWZJ[M],7,8,54,39,0.54,True,True,"[0, 7, 50, 38, 45, 36, 46, 46]",[],"[0.18850231434590597, 7.705810499442351, 50.647388136993435, 38.296043790107255, 45.07584256697761, 36.5880739058513, 46.32495607849326, 46.23113434782131]","[{'INP': 32}, {'CONV': [64, 3]}, ({'CONV': [32, 3]}, {'CONV': [32, 3]}), ({'CONV': [32, 3]}, {'CONV': [256, 5]}, {'POOLMAX': [-1, 2]}), ({'CONV': [256, 3]}, {'CONV': [64, 3]}), ({'CONV': [128, 3]}, {'CONV': [256, 3]}, {'POOLMAX': [-1, 2]}), ({'CONV': [128, 5]}, {'CONV': [128, 5]}), ({'CONV': [128, 3]}, {'CONV': [128, 3]}, {'POOLMAX': [-1, 2]}), ({'CONV': [128, 5]}, {'CONV': [256, 3]}), ({'CONV': [128, 5]}, {'CONV': [256, 3]}, {'POOLMAX': [-1, 2]}), {'GLOBAL_AVG': None}, {'LAST_DENSE': [100, 'softmax']}]",HHSE,NSGA2,,,,,0.7006267300069007,,,,1322597376,4726948,,,,,,"[0, 1, 43, 30, 46, 53, 5, 55]",0.7186955641903519,-0.0009264579119132,0.125,0.75,0.875,0.0,0.39,0,0,0,100,0,0.0,BEST,False,False,244,True,True,GREEDY,,,GREEDY_HV
BKGWZJ[M],7,8,55,39,0.55,True,True,"[0, 7, 50, 38, 45, 36, 46, 46]",[],"[0.18850231434590597, 7.705810499442351, 50.647388136993435, 38.296043790107255, 45.07584256697761, 36.5880739058513, 46.32495607849326, 46.23113434782131]","[{'INP': 32}, {'CONV': [64, 3]}, ({'CONV': [32, 3]}, {'CONV': [32, 3]}), ({'CONV': [32, 3]}, {'CONV': [256, 5]}, {'POOLMAX': [-1, 2]}), ({'CONV': [256, 3]}, {'CONV': [64, 3]}), ({'CONV': [128, 3]}, {'CONV': [256, 3]}, {'POOLMAX': [-1, 2]}), ({'CONV': [128, 5]}, {'CONV': [128, 5]}), ({'CONV': [128, 3]}, {'CONV': [128, 3]}, {'POOLMAX': [-1, 2]}), ({'CONV': [128, 5]}, {'CONV': [256, 3]}), ({'CONV': [128, 5]}, {'CONV': [256, 3]}, {'POOLMAX': [-1, 2]}), {'GLOBAL_AVG': None}, {'LAST_DENSE': [100, 'softmax']}]",HHSE,NSGA2,,,,,0.7006267300069007,,,,1322597376,4726948,,,,,,"[0, 1, 43, 30, 46, 53, 5, 55]",0.7187667388590263,-0.0001429735312192,0.125,0.75,0.875,0.0,0.39,0,1,0,100,0,0.01,BEST,False,False,244,True,True,GREEDY,,,GREEDY_HV
BKGWZJ[M],7,8,56,39,0.56,True,True,"[0, 7, 50, 38, 45, 36, 46, 46]",[],"[0.18850231434590597, 7.705810499442351, 50.647388136993435, 38.296043790107255, 45.07584256697761, 36.5880739058513, 46.32495607849326, 46.23113434782131]","[{'INP': 32}, {'CONV': [64, 3]}, ({'CONV': [32, 3]}, {'CONV': [32, 3]}), ({'CONV': [32, 3]}, {'CONV': [256, 5]}, {'POOLMAX': [-1, 2]}), ({'CONV': [256, 3]}, {'CONV': [64, 3]}), ({'CONV': [128, 3]}, {'CONV': [256, 3]}, {'POOLMAX': [-1, 2]}), ({'CONV': [128, 5]}, {'CONV': [128, 5]}), ({'CONV': [128, 3]}, {'CONV': [128, 3]}, {'POOLMAX': [-1, 2]}), ({'CONV': [128, 5]}, {'CONV': [256, 3]}), ({'CONV': [128, 5]}, {'CONV': [256, 3]}, {'POOLMAX': [-1, 2]}), {'GLOBAL_AVG': None}, {'LAST_DENSE': [100, 'softmax']}]",HHSE,NSGA2,,,,,0.7006267300069007,,,,1322597376,4726948,,,,,,"[0, 1, 43, 30, 46, 53, 5, 55]",0.7187866932193552,-0.0005751617163953,0.125,0.75,0.875,0.0,0.39,0,0,0,100,0,0.0,BEST,False,False,244,True,True,GREEDY,,,GREEDY_HV
BKGWZJ[M],7,8,57,39,0.57,True,True,"[0, 7, 50, 38, 45, 36, 46, 46]",[],"[0.18850231434590597, 7.705810499442351, 50.647388136993435, 38.296043790107255, 45.07584256697761, 36.5880739058513, 46.32495607849326, 46.23113434782131]","[{'INP': 32}, {'CONV': [64, 3]}, ({'CONV': [32, 3]}, {'CONV': [32, 3]}), ({'CONV': [32, 3]}, {'CONV': [256, 5]}, {'POOLMAX': [-1, 2]}), ({'CONV': [256, 3]}, {'CONV': [64, 3]}), ({'CONV': [128, 3]}, {'CONV': [256, 3]}, {'POOLMAX': [-1, 2]}), ({'CONV': [128, 5]}, {'CONV': [128, 5]}), ({'CONV': [128, 3]}, {'CONV': [128, 3]}, {'POOLMAX': [-1, 2]}), ({'CONV': [128, 5]}, {'CONV': [256, 3]}), ({'CONV': [128, 5]}, {'CONV': [256, 3]}, {'POOLMAX': [-1, 2]}), {'GLOBAL_AVG': None}, {'LAST_DENSE': [100, 'softmax']}]",HHSE,NSGA2,,,,,0.7006267300069007,,,,1322597376,4726948,,,,,,"[0, 1, 43, 30, 46, 53, 5, 55]",0.7187708553539787,-0.000209311803182,0.125,0.75,0.875,0.0,0.39,0,0,0,100,0,0.0,BEST,False,False,244,True,True,GREEDY,,,GREEDY_HV
BKGWZJ[M],7,8,58,39,0.58,True,True,"[0, 7, 50, 38, 45, 36, 46, 46]",[],"[0.18850231434590597, 7.705810499442351, 50.647388136993435, 38.296043790107255, 45.07584256697761, 36.5880739058513, 46.32495607849326, 46.23113434782131]","[{'INP': 32}, {'CONV': [64, 3]}, ({'CONV': [32, 3]}, {'CONV': [32, 3]}), ({'CONV': [32, 3]}, {'CONV': [256, 5]}, {'POOLMAX': [-1, 2]}), ({'CONV': [256, 3]}, {'CONV': [64, 3]}), ({'CONV': [128, 3]}, {'CONV': [256, 3]}, {'POOLMAX': [-1, 2]}), ({'CONV': [128, 5]}, {'CONV': [128, 5]}), ({'CONV': [128, 3]}, {'CONV': [128, 3]}, {'POOLMAX': [-1, 2]}), ({'CONV': [128, 5]}, {'CONV': [256, 3]}), ({'CONV': [128, 5]}, {'CONV': [256, 3]}, {'POOLMAX': [-1, 2]}), {'GLOBAL_AVG': None}, {'LAST_DENSE': [100, 'softmax']}]",HHSE,NSGA2,,,,,0.7006267300069007,,,,1322597376,4726948,,,,,,"[0, 1, 43, 30, 46, 53, 5, 55]",0.7187961006347937,-0.0001127443294651,0.125,0.75,0.875,0.0,0.39,0,1,0,100,0,0.01,BEST,False,False,244,True,True,GREEDY,,,GREEDY_HV
BKGWZJ[M],7,8,59,39,0.59,True,True,"[0, 7, 50, 38, 45, 36, 46, 46]",[],"[0.18850231434590597, 7.705810499442351, 50.647388136993435, 38.296043790107255, 45.07584256697761, 36.5880739058513, 46.32495607849326, 46.23113434782131]","[{'INP': 32}, {'CONV': [64, 3]}, ({'CONV': [32, 3]}, {'CONV': [32, 3]}), ({'CONV': [32, 3]}, {'CONV': [256, 5]}, {'POOLMAX': [-1, 2]}), ({'CONV': [256, 3]}, {'CONV': [64, 3]}), ({'CONV': [128, 3]}, {'CONV': [256, 3]}, {'POOLMAX': [-1, 2]}), ({'CONV': [128, 5]}, {'CONV': [128, 5]}), ({'CONV': [128, 3]}, {'CONV': [128, 3]}, {'POOLMAX': [-1, 2]}), ({'CONV': [128, 5]}, {'CONV': [256, 3]}), ({'CONV': [128, 5]}, {'CONV': [256, 3]}, {'POOLMAX': [-1, 2]}), {'GLOBAL_AVG': None}, {'LAST_DENSE': [100, 'softmax']}]",HHSE,NSGA2,,,,,0.7006267300069007,,,,1322597376,4726948,,,,,,"[0, 1, 43, 30, 46, 53, 5, 55]",0.7188443324110139,-0.0001603745113519,0.125,0.75,0.875,0.0,0.39,0,0,0,100,0,0.0,BEST,False,False,244,True,True,GREEDY,,,GREEDY_HV
BXMYXF[M][M][M],7,8,60,60,0.6,True,True,"[14, 15, 48, 38, 28, 4, 14, 13]",[],"[14.198053017397573, 15.39182268121184, 48.487837759407405, 38.36300652846102, 28.244606936283077, 4.296972523282733, 14.311982615123435, 13.769131585308651]","[{'INP': 32}, {'CONV': [64, 3]}, ({'CONV': [32, 5]}, {'CONV': [256, 3]}), ({'CONV': [32, 5]}, {'CONV': [256, 5]}, {'POOLMAX': [-1, 2]}), ({'CONV': [256, 3]}, {'CONV': [32, 3]}), ({'CONV': [128, 3]}, {'CONV': [256, 3]}, {'POOLMAX': [-1, 2]}), ({'CONV': [64, 5]}, {'CONV': [128, 3]}), ({'CONV': [32, 3]}, {'CONV': [128, 3]}, {'POOLMAX': [-1, 2]}), ({'CONV': [32, 5]}, {'CONV': [256, 3]}), ({'CONV': [32, 5]}, {'CONV': [128, 5]}, {'POOLMAX': [-1, 2]}), {'GLOBAL_AVG': None}, {'LAST_DENSE': [100, 'softmax']}]",HHSE,NSGA2,,,,,0.7011229331570616,,,,1700293120,2593316,,,,,,"[14, 6, 43, 37, 36, 6, 15, 13]",0.7189886810667951,-0.0017260120506553,0.0,0.0,0.75,0.875,0.6,0,0,0,100,0,0.0,BEST,False,False,237,True,True,GREEDY,,,GREEDY_HV
BXMYXF[M][M][M],7,8,61,60,0.61,True,True,"[14, 15, 48, 38, 28, 4, 14, 13]",[],"[14.198053017397573, 15.39182268121184, 48.487837759407405, 38.36300652846102, 28.244606936283077, 4.296972523282733, 14.311982615123435, 13.769131585308651]","[{'INP': 32}, {'CONV': [64, 3]}, ({'CONV': [32, 5]}, {'CONV': [256, 3]}), ({'CONV': [32, 5]}, {'CONV': [256, 5]}, {'POOLMAX': [-1, 2]}), ({'CONV': [256, 3]}, {'CONV': [32, 3]}), ({'CONV': [128, 3]}, {'CONV': [256, 3]}, {'POOLMAX': [-1, 2]}), ({'CONV': [64, 5]}, {'CONV': [128, 3]}), ({'CONV': [32, 3]}, {'CONV': [128, 3]}, {'POOLMAX': [-1, 2]}), ({'CONV': [32, 5]}, {'CONV': [256, 3]}), ({'CONV': [32, 5]}, {'CONV': [128, 5]}, {'POOLMAX': [-1, 2]}), {'GLOBAL_AVG': None}, {'LAST_DENSE': [100, 'softmax']}]",HHSE,NSGA2,,,,,0.7011229331570616,,,,1700293120,2593316,,,,,,"[14, 6, 43, 37, 36, 6, 15, 13]",0.7195678635541839,-0.0010355385896881,0.0,0.0,0.75,0.0,0.6,0,0,0,100,0,0.0,BEST,False,False,237,True,True,GREEDY,,,GREEDY_HV
BXMYXF[M][M][M],7,8,62,60,0.62,True,True,"[14, 15, 48, 38, 28, 4, 14, 13]",[],"[14.198053017397573, 15.39182268121184, 48.487837759407405, 38.36300652846102, 28.244606936283077, 4.296972523282733, 14.311982615123435, 13.769131585308651]","[{'INP': 32}, {'CONV': [64, 3]}, ({'CONV': [32, 5]}, {'CONV': [256, 3]}), ({'CONV': [32, 5]}, {'CONV': [256, 5]}, {'POOLMAX': [-1, 2]}), ({'CONV': [256, 3]}, {'CONV': [32, 3]}), ({'CONV': [128, 3]}, {'CONV': [256, 3]}, {'POOLMAX': [-1, 2]}), ({'CONV': [64, 5]}, {'CONV': [128, 3]}), ({'CONV': [32, 3]}, {'CONV': [128, 3]}, {'POOLMAX': [-1, 2]}), ({'CONV': [32, 5]}, {'CONV': [256, 3]}), ({'CONV': [32, 5]}, {'CONV': [128, 5]}, {'POOLMAX': [-1, 2]}), {'GLOBAL_AVG': None}, {'LAST_DENSE': [100, 'softmax']}]",HHSE,NSGA2,,,,,0.7011229331570616,,,,1700293120,2593316,,,,,,"[14, 6, 43, 37, 36, 6, 15, 13]",0.7196425423894506,-0.0006460762868458,0.0,0.0,0.75,0.0,0.6,0,0,0,100,0,0.0,BEST,False,False,237,True,True,GREEDY,,,GREEDY_HV
BXMYXF[M][M][M],7,8,63,60,0.63,True,True,"[14, 15, 48, 38, 28, 4, 14, 13]",[],"[14.198053017397573, 15.39182268121184, 48.487837759407405, 38.36300652846102, 28.244606936283077, 4.296972523282733, 14.311982615123435, 13.769131585308651]","[{'INP': 32}, {'CONV': [64, 3]}, ({'CONV': [32, 5]}, {'CONV': [256, 3]}), ({'CONV': [32, 5]}, {'CONV': [256, 5]}, {'POOLMAX': [-1, 2]}), ({'CONV': [256, 3]}, {'CONV': [32, 3]}), ({'CONV': [128, 3]}, {'CONV': [256, 3]}, {'POOLMAX': [-1, 2]}), ({'CONV': [64, 5]}, {'CONV': [128, 3]}), ({'CONV': [32, 3]}, {'CONV': [128, 3]}, {'POOLMAX': [-1, 2]}), ({'CONV': [32, 5]}, {'CONV': [256, 3]}), ({'CONV': [32, 5]}, {'CONV': [128, 5]}, {'POOLMAX': [-1, 2]}), {'GLOBAL_AVG': None}, {'LAST_DENSE': [100, 'softmax']}]",HHSE,NSGA2,,,,,0.7011229331570616,,,,1700293120,2593316,,,,,,"[14, 6, 43, 37, 36, 6, 15, 13]",0.7215511427777781,0.0014724821773992,0.0,0.0,0.75,0.0,0.6,0,0,0,100,0,0.0,BEST,False,False,237,True,True,GREEDY,,,GREEDY_HV
BXMYXF[M][M][M],7,8,64,60,0.64,True,True,"[14, 15, 48, 38, 28, 4, 14, 13]",[],"[14.198053017397573, 15.39182268121184, 48.487837759407405, 38.36300652846102, 28.244606936283077, 4.296972523282733, 14.311982615123435, 13.769131585308651]","[{'INP': 32}, {'CONV': [64, 3]}, ({'CONV': [32, 5]}, {'CONV': [256, 3]}), ({'CONV': [32, 5]}, {'CONV': [256, 5]}, {'POOLMAX': [-1, 2]}), ({'CONV': [256, 3]}, {'CONV': [32, 3]}), ({'CONV': [128, 3]}, {'CONV': [256, 3]}, {'POOLMAX': [-1, 2]}), ({'CONV': [64, 5]}, {'CONV': [128, 3]}), ({'CONV': [32, 3]}, {'CONV': [128, 3]}, {'POOLMAX': [-1, 2]}), ({'CONV': [32, 5]}, {'CONV': [256, 3]}), ({'CONV': [32, 5]}, {'CONV': [128, 5]}, {'POOLMAX': [-1, 2]}), {'GLOBAL_AVG': None}, {'LAST_DENSE': [100, 'softmax']}]",HHSE,NSGA2,,,,,0.7011229331570616,,,,1700293120,2593316,,,,,,"[14, 6, 43, 37, 36, 6, 15, 13]",0.7196159316616997,-0.0003573054215256,0.0,0.0,0.75,0.0,0.6,0,0,0,100,0,0.0,BEST,False,False,237,True,True,GREEDY,,,GREEDY_HV
BXMYXF[M][M][M],7,8,65,60,0.65,True,True,"[14, 15, 48, 38, 28, 4, 14, 13]",[],"[14.198053017397573, 15.39182268121184, 48.487837759407405, 38.36300652846102, 28.244606936283077, 4.296972523282733, 14.311982615123435, 13.769131585308651]","[{'INP': 32}, {'CONV': [64, 3]}, ({'CONV': [32, 5]}, {'CONV': [256, 3]}), ({'CONV': [32, 5]}, {'CONV': [256, 5]}, {'POOLMAX': [-1, 2]}), ({'CONV': [256, 3]}, {'CONV': [32, 3]}), ({'CONV': [128, 3]}, {'CONV': [256, 3]}, {'POOLMAX': [-1, 2]}), ({'CONV': [64, 5]}, {'CONV': [128, 3]}), ({'CONV': [32, 3]}, {'CONV': [128, 3]}, {'POOLMAX': [-1, 2]}), ({'CONV': [32, 5]}, {'CONV': [256, 3]}), ({'CONV': [32, 5]}, {'CONV': [128, 5]}, {'POOLMAX': [-1, 2]}), {'GLOBAL_AVG': None}, {'LAST_DENSE': [100, 'softmax']}]",HHSE,NSGA2,,,,,0.7011229331570616,,,,1700293120,2593316,,,,,,"[14, 6, 43, 37, 36, 6, 15, 13]",0.719659732474309,-0.0012490683201157,0.0,0.0,0.75,0.0,0.6,0,1,0,100,0,0.01,BEST,False,False,237,True,True,GREEDY,,,GREEDY_HV
BXMYXF[M][M][M],7,8,66,60,0.66,True,True,"[14, 15, 48, 38, 28, 4, 14, 13]",[],"[14.198053017397573, 15.39182268121184, 48.487837759407405, 38.36300652846102, 28.244606936283077, 4.296972523282733, 14.311982615123435, 13.769131585308651]","[{'INP': 32}, {'CONV': [64, 3]}, ({'CONV': [32, 5]}, {'CONV': [256, 3]}), ({'CONV': [32, 5]}, {'CONV': [256, 5]}, {'POOLMAX': [-1, 2]}), ({'CONV': [256, 3]}, {'CONV': [32, 3]}), ({'CONV': [128, 3]}, {'CONV': [256, 3]}, {'POOLMAX': [-1, 2]}), ({'CONV': [64, 5]}, {'CONV': [128, 3]}), ({'CONV': [32, 3]}, {'CONV': [128, 3]}, {'POOLMAX': [-1, 2]}), ({'CONV': [32, 5]}, {'CONV': [256, 3]}), ({'CONV': [32, 5]}, {'CONV': [128, 5]}, {'POOLMAX': [-1, 2]}), {'GLOBAL_AVG': None}, {'LAST_DENSE': [100, 'softmax']}]",HHSE,NSGA2,,,,,0.7011229331570616,,,,1700293120,2593316,,,,,,"[14, 6, 43, 37, 36, 6, 15, 13]",0.7197048413187098,-6.073592661837157e-05,0.0,0.0,0.75,0.0,0.6,0,0,0,100,0,0.0,BEST,False,False,237,True,True,GREEDY,,,GREEDY_HV
BXMYXF[M][M][M],7,8,67,60,0.67,True,True,"[14, 15, 48, 38, 28, 4, 14, 13]",[],"[14.198053017397573, 15.39182268121184, 48.487837759407405, 38.36300652846102, 28.244606936283077, 4.296972523282733, 14.311982615123435, 13.769131585308651]","[{'INP': 32}, {'CONV': [64, 3]}, ({'CONV': [32, 5]}, {'CONV': [256, 3]}), ({'CONV': [32, 5]}, {'CONV': [256, 5]}, {'POOLMAX': [-1, 2]}), ({'CONV': [256, 3]}, {'CONV': [32, 3]}), ({'CONV': [128, 3]}, {'CONV': [256, 3]}, {'POOLMAX': [-1, 2]}), ({'CONV': [64, 5]}, {'CONV': [128, 3]}), ({'CONV': [32, 3]}, {'CONV': [128, 3]}, {'POOLMAX': [-1, 2]}), ({'CONV': [32, 5]}, {'CONV': [256, 3]}), ({'CONV': [32, 5]}, {'CONV': [128, 5]}, {'POOLMAX': [-1, 2]}), {'GLOBAL_AVG': None}, {'LAST_DENSE': [100, 'softmax']}]",HHSE,NSGA2,,,,,0.7011229331570616,,,,1700293120,2593316,,,,,,"[14, 6, 43, 37, 36, 6, 15, 13]",0.71984773655987,-5.11757537228208e-05,0.0,0.0,0.75,0.0,0.6,0,1,0,100,0,0.01,BEST,False,False,237,True,True,GREEDY,,,GREEDY_HV
BXMYXF[M][M][M],7,8,68,60,0.68,True,True,"[14, 15, 48, 38, 28, 4, 14, 13]",[],"[14.198053017397573, 15.39182268121184, 48.487837759407405, 38.36300652846102, 28.244606936283077, 4.296972523282733, 14.311982615123435, 13.769131585308651]","[{'INP': 32}, {'CONV': [64, 3]}, ({'CONV': [32, 5]}, {'CONV': [256, 3]}), ({'CONV': [32, 5]}, {'CONV': [256, 5]}, {'POOLMAX': [-1, 2]}), ({'CONV': [256, 3]}, {'CONV': [32, 3]}), ({'CONV': [128, 3]}, {'CONV': [256, 3]}, {'POOLMAX': [-1, 2]}), ({'CONV': [64, 5]}, {'CONV': [128, 3]}), ({'CONV': [32, 3]}, {'CONV': [128, 3]}, {'POOLMAX': [-1, 2]}), ({'CONV': [32, 5]}, {'CONV': [256, 3]}), ({'CONV': [32, 5]}, {'CONV': [128, 5]}, {'POOLMAX': [-1, 2]}), {'GLOBAL_AVG': None}, {'LAST_DENSE': [100, 'softmax']}]",HHSE,NSGA2,,,,,0.7011229331570616,,,,1700293120,2593316,,,,,,"[14, 6, 43, 37, 36, 6, 15, 13]",0.7199116683592746,-1.1582703532408978e-05,0.0,0.0,0.75,0.0,0.6,0,0,0,100,0,0.0,BEST,False,False,237,True,True,GREEDY,,,GREEDY_HV
BXMYXF[M][M][M],7,8,69,60,0.69,True,True,"[14, 15, 48, 38, 28, 4, 14, 13]",[],"[14.198053017397573, 15.39182268121184, 48.487837759407405, 38.36300652846102, 28.244606936283077, 4.296972523282733, 14.311982615123435, 13.769131585308651]","[{'INP': 32}, {'CONV': [64, 3]}, ({'CONV': [32, 5]}, {'CONV': [256, 3]}), ({'CONV': [32, 5]}, {'CONV': [256, 5]}, {'POOLMAX': [-1, 2]}), ({'CONV': [256, 3]}, {'CONV': [32, 3]}), ({'CONV': [128, 3]}, {'CONV': [256, 3]}, {'POOLMAX': [-1, 2]}), ({'CONV': [64, 5]}, {'CONV': [128, 3]}), ({'CONV': [32, 3]}, {'CONV': [128, 3]}, {'POOLMAX': [-1, 2]}), ({'CONV': [32, 5]}, {'CONV': [256, 3]}), ({'CONV': [32, 5]}, {'CONV': [128, 5]}, {'POOLMAX': [-1, 2]}), {'GLOBAL_AVG': None}, {'LAST_DENSE': [100, 'softmax']}]",HHSE,NSGA2,,,,,0.7011229331570616,,,,1700293120,2593316,,,,,,"[14, 6, 43, 37, 36, 6, 15, 13]",0.7199173769957927,-3.807557987711707e-05,0.0,0.0,0.75,0.0,0.6,0,1,0,100,0,0.01,BEST,False,False,237,True,True,GREEDY,,,GREEDY_HV
BXMYXF[M][M][M],7,8,70,60,0.7,True,True,"[14, 15, 48, 38, 28, 4, 14, 13]",[],"[14.198053017397573, 15.39182268121184, 48.487837759407405, 38.36300652846102, 28.244606936283077, 4.296972523282733, 14.311982615123435, 13.769131585308651]","[{'INP': 32}, {'CONV': [64, 3]}, ({'CONV': [32, 5]}, {'CONV': [256, 3]}), ({'CONV': [32, 5]}, {'CONV': [256, 5]}, {'POOLMAX': [-1, 2]}), ({'CONV': [256, 3]}, {'CONV': [32, 3]}), ({'CONV': [128, 3]}, {'CONV': [256, 3]}, {'POOLMAX': [-1, 2]}), ({'CONV': [64, 5]}, {'CONV': [128, 3]}), ({'CONV': [32, 3]}, {'CONV': [128, 3]}, {'POOLMAX': [-1, 2]}), ({'CONV': [32, 5]}, {'CONV': [256, 3]}), ({'CONV': [32, 5]}, {'CONV': [128, 5]}, {'POOLMAX': [-1, 2]}), {'GLOBAL_AVG': None}, {'LAST_DENSE': [100, 'softmax']}]",HHSE,NSGA2,,,,,0.7011229331570616,,,,1700293120,2593316,,,,,,"[14, 6, 43, 37, 36, 6, 15, 13]",0.7199215973726821,-0.0011083992106,0.0,0.0,0.75,0.0,0.6,0,0,0,100,0,0.0,BEST,False,False,237,True,True,GREEDY,,,GREEDY_HV
BXMYXF[M][M][M],7,8,71,60,0.71,True,True,"[14, 15, 48, 38, 28, 4, 14, 13]",[],"[14.198053017397573, 15.39182268121184, 48.487837759407405, 38.36300652846102, 28.244606936283077, 4.296972523282733, 14.311982615123435, 13.769131585308651]","[{'INP': 32}, {'CONV': [64, 3]}, ({'CONV': [32, 5]}, {'CONV': [256, 3]}), ({'CONV': [32, 5]}, {'CONV': [256, 5]}, {'POOLMAX': [-1, 2]}), ({'CONV': [256, 3]}, {'CONV': [32, 3]}), ({'CONV': [128, 3]}, {'CONV': [256, 3]}, {'POOLMAX': [-1, 2]}), ({'CONV': [64, 5]}, {'CONV': [128, 3]}), ({'CONV': [32, 3]}, {'CONV': [128, 3]}, {'POOLMAX': [-1, 2]}), ({'CONV': [32, 5]}, {'CONV': [256, 3]}), ({'CONV': [32, 5]}, {'CONV': [128, 5]}, {'POOLMAX': [-1, 2]}), {'GLOBAL_AVG': None}, {'LAST_DENSE': [100, 'softmax']}]",HHSE,NSGA2,,,,,0.7011229331570616,,,,1700293120,2593316,,,,,,"[14, 6, 43, 37, 36, 6, 15, 13]",0.7199444272514959,-0.0027574166744317,0.0,0.0,0.75,0.0,0.6,0,0,0,100,0,0.0,BEST,False,False,237,True,True,GREEDY,,,GREEDY_HV
BXMYXF[M][M][M],7,8,72,60,0.72,True,True,"[14, 15, 48, 38, 28, 4, 14, 13]",[],"[14.198053017397573, 15.39182268121184, 48.487837759407405, 38.36300652846102, 28.244606936283077, 4.296972523282733, 14.311982615123435, 13.769131585308651]","[{'INP': 32}, {'CONV': [64, 3]}, ({'CONV': [32, 5]}, {'CONV': [256, 3]}), ({'CONV': [32, 5]}, {'CONV': [256, 5]}, {'POOLMAX': [-1, 2]}), ({'CONV': [256, 3]}, {'CONV': [32, 3]}), ({'CONV': [128, 3]}, {'CONV': [256, 3]}, {'POOLMAX': [-1, 2]}), ({'CONV': [64, 5]}, {'CONV': [128, 3]}), ({'CONV': [32, 3]}, {'CONV': [128, 3]}, {'POOLMAX': [-1, 2]}), ({'CONV': [32, 5]}, {'CONV': [256, 3]}), ({'CONV': [32, 5]}, {'CONV': [128, 5]}, {'POOLMAX': [-1, 2]}), {'GLOBAL_AVG': None}, {'LAST_DENSE': [100, 'softmax']}]",HHSE,NSGA2,,,,,0.7011229331570616,,,,1700293120,2593316,,,,,,"[14, 6, 43, 37, 36, 6, 15, 13]",0.7200902563585942,-0.0001388685199086,0.0,0.0,0.75,0.0,0.6,0,0,0,100,0,0.0,BEST,False,False,237,True,True,GREEDY,,,GREEDY_HV
BXMYXF[M][M][M],7,8,73,60,0.73,True,True,"[14, 15, 48, 38, 28, 4, 14, 13]",[],"[14.198053017397573, 15.39182268121184, 48.487837759407405, 38.36300652846102, 28.244606936283077, 4.296972523282733, 14.311982615123435, 13.769131585308651]","[{'INP': 32}, {'CONV': [64, 3]}, ({'CONV': [32, 5]}, {'CONV': [256, 3]}), ({'CONV': [32, 5]}, {'CONV': [256, 5]}, {'POOLMAX': [-1, 2]}), ({'CONV': [256, 3]}, {'CONV': [32, 3]}), ({'CONV': [128, 3]}, {'CONV': [256, 3]}, {'POOLMAX': [-1, 2]}), ({'CONV': [64, 5]}, {'CONV': [128, 3]}), ({'CONV': [32, 3]}, {'CONV': [128, 3]}, {'POOLMAX': [-1, 2]}), ({'CONV': [32, 5]}, {'CONV': [256, 3]}), ({'CONV': [32, 5]}, {'CONV': [128, 5]}, {'POOLMAX': [-1, 2]}), {'GLOBAL_AVG': None}, {'LAST_DENSE': [100, 'softmax']}]",HHSE,NSGA2,,,,,0.7011229331570616,,,,1700293120,2593316,,,,,,"[14, 6, 43, 37, 36, 6, 15, 13]",0.7201549948562999,-0.000147916850558,0.0,0.0,0.75,0.0,0.6,0,0,0,100,0,0.0,BEST,False,False,237,True,True,GREEDY,,,GREEDY_HV
BXMYXF[M][M][M],7,8,74,60,0.74,True,True,"[14, 15, 48, 38, 28, 4, 14, 13]",[],"[14.198053017397573, 15.39182268121184, 48.487837759407405, 38.36300652846102, 28.244606936283077, 4.296972523282733, 14.311982615123435, 13.769131585308651]","[{'INP': 32}, {'CONV': [64, 3]}, ({'CONV': [32, 5]}, {'CONV': [256, 3]}), ({'CONV': [32, 5]}, {'CONV': [256, 5]}, {'POOLMAX': [-1, 2]}), ({'CONV': [256, 3]}, {'CONV': [32, 3]}), ({'CONV': [128, 3]}, {'CONV': [256, 3]}, {'POOLMAX': [-1, 2]}), ({'CONV': [64, 5]}, {'CONV': [128, 3]}), ({'CONV': [32, 3]}, {'CONV': [128, 3]}, {'POOLMAX': [-1, 2]}), ({'CONV': [32, 5]}, {'CONV': [256, 3]}), ({'CONV': [32, 5]}, {'CONV': [128, 5]}, {'POOLMAX': [-1, 2]}), {'GLOBAL_AVG': None}, {'LAST_DENSE': [100, 'softmax']}]",HHSE,NSGA2,,,,,0.7011229331570616,,,,1700293120,2593316,,,,,,"[14, 6, 43, 37, 36, 6, 15, 13]",0.720979051030392,0.0005462809138008,0.0,0.0,0.75,0.0,0.6,0,0,0,100,0,0.0,BEST,False,False,237,True,True,GREEDY,,,GREEDY_HV
BXMYXF[M][M][M],7,8,75,60,0.75,True,True,"[14, 15, 48, 38, 28, 4, 14, 13]",[],"[14.198053017397573, 15.39182268121184, 48.487837759407405, 38.36300652846102, 28.244606936283077, 4.296972523282733, 14.311982615123435, 13.769131585308651]","[{'INP': 32}, {'CONV': [64, 3]}, ({'CONV': [32, 5]}, {'CONV': [256, 3]}), ({'CONV': [32, 5]}, {'CONV': [256, 5]}, {'POOLMAX': [-1, 2]}), ({'CONV': [256, 3]}, {'CONV': [32, 3]}), ({'CONV': [128, 3]}, {'CONV': [256, 3]}, {'POOLMAX': [-1, 2]}), ({'CONV': [64, 5]}, {'CONV': [128, 3]}), ({'CONV': [32, 3]}, {'CONV': [128, 3]}, {'POOLMAX': [-1, 2]}), ({'CONV': [32, 5]}, {'CONV': [256, 3]}), ({'CONV': [32, 5]}, {'CONV': [128, 5]}, {'POOLMAX': [-1, 2]}), {'GLOBAL_AVG': None}, {'LAST_DENSE': [100, 'softmax']}]",HHSE,NSGA2,,,,,0.7011229331570616,,,,1700293120,2593316,,,,,,"[14, 6, 43, 37, 36, 6, 15, 13]",0.7202411899113855,-0.0015833951855018,0.0,0.0,0.75,0.0,0.6,0,0,0,100,0,0.0,BEST,False,False,237,True,True,GREEDY,,,GREEDY_HV
BXMYXF[M][M][M],7,8,76,60,0.76,True,True,"[14, 15, 48, 38, 28, 4, 14, 13]",[],"[14.198053017397573, 15.39182268121184, 48.487837759407405, 38.36300652846102, 28.244606936283077, 4.296972523282733, 14.311982615123435, 13.769131585308651]","[{'INP': 32}, {'CONV': [64, 3]}, ({'CONV': [32, 5]}, {'CONV': [256, 3]}), ({'CONV': [32, 5]}, {'CONV': [256, 5]}, {'POOLMAX': [-1, 2]}), ({'CONV': [256, 3]}, {'CONV': [32, 3]}), ({'CONV': [128, 3]}, {'CONV': [256, 3]}, {'POOLMAX': [-1, 2]}), ({'CONV': [64, 5]}, {'CONV': [128, 3]}), ({'CONV': [32, 3]}, {'CONV': [128, 3]}, {'POOLMAX': [-1, 2]}), ({'CONV': [32, 5]}, {'CONV': [256, 3]}), ({'CONV': [32, 5]}, {'CONV': [128, 5]}, {'POOLMAX': [-1, 2]}), {'GLOBAL_AVG': None}, {'LAST_DENSE': [100, 'softmax']}]",HHSE,NSGA2,,,,,0.7011229331570616,,,,1700293120,2593316,,,,,,"[14, 6, 43, 37, 36, 6, 15, 13]",0.7203811671047791,-0.0021440625516981,0.0,0.0,0.75,0.0,0.6,0,1,0,100,0,0.01,BEST,False,False,237,True,True,GREEDY,,,GREEDY_HV
BXMYXF[M][M][M],7,8,77,60,0.77,True,True,"[14, 15, 48, 38, 28, 4, 14, 13]",[],"[14.198053017397573, 15.39182268121184, 48.487837759407405, 38.36300652846102, 28.244606936283077, 4.296972523282733, 14.311982615123435, 13.769131585308651]","[{'INP': 32}, {'CONV': [64, 3]}, ({'CONV': [32, 5]}, {'CONV': [256, 3]}), ({'CONV': [32, 5]}, {'CONV': [256, 5]}, {'POOLMAX': [-1, 2]}), ({'CONV': [256, 3]}, {'CONV': [32, 3]}), ({'CONV': [128, 3]}, {'CONV': [256, 3]}, {'POOLMAX': [-1, 2]}), ({'CONV': [64, 5]}, {'CONV': [128, 3]}), ({'CONV': [32, 3]}, {'CONV': [128, 3]}, {'POOLMAX': [-1, 2]}), ({'CONV': [32, 5]}, {'CONV': [256, 3]}), ({'CONV': [32, 5]}, {'CONV': [128, 5]}, {'POOLMAX': [-1, 2]}), {'GLOBAL_AVG': None}, {'LAST_DENSE': [100, 'softmax']}]",HHSE,NSGA2,,,,,0.7011229331570616,,,,1700293120,2593316,,,,,,"[14, 6, 43, 37, 36, 6, 15, 13]",0.7202537758271074,-0.0011557297783522,0.0,0.0,0.75,0.0,0.6,0,0,0,100,0,0.0,BEST,False,False,237,True,True,GREEDY,,,GREEDY_HV
BXMYXF[M][M][M],7,8,78,60,0.78,True,True,"[14, 15, 48, 38, 28, 4, 14, 13]",[],"[14.198053017397573, 15.39182268121184, 48.487837759407405, 38.36300652846102, 28.244606936283077, 4.296972523282733, 14.311982615123435, 13.769131585308651]","[{'INP': 32}, {'CONV': [64, 3]}, ({'CONV': [32, 5]}, {'CONV': [256, 3]}), ({'CONV': [32, 5]}, {'CONV': [256, 5]}, {'POOLMAX': [-1, 2]}), ({'CONV': [256, 3]}, {'CONV': [32, 3]}), ({'CONV': [128, 3]}, {'CONV': [256, 3]}, {'POOLMAX': [-1, 2]}), ({'CONV': [64, 5]}, {'CONV': [128, 3]}), ({'CONV': [32, 3]}, {'CONV': [128, 3]}, {'POOLMAX': [-1, 2]}), ({'CONV': [32, 5]}, {'CONV': [256, 3]}), ({'CONV': [32, 5]}, {'CONV': [128, 5]}, {'POOLMAX': [-1, 2]}), {'GLOBAL_AVG': None}, {'LAST_DENSE': [100, 'softmax']}]",HHSE,NSGA2,,,,,0.7011229331570616,,,,1700293120,2593316,,,,,,"[14, 6, 43, 37, 36, 6, 15, 13]",0.7203265019344227,-0.0037661237658239,0.0,0.0,0.75,0.0,0.6,0,1,0,100,0,0.01,BEST,False,False,237,True,True,GREEDY,,,GREEDY_HV
BTKVOL[M][M][M][M],7,8,79,79,0.79,True,True,"[0, 7, 4, 35, 47, 6, 22, 55]",[],"[0.859721626203235, 7.4437440796475105, 4.349431401216348, 35.272235582878565, 47.60670785091141, 6.280959178216802, 22.471851664448725, 55.98938192037357]","[{'INP': 32}, {'CONV': [64, 3]}, ({'CONV': [32, 3]}, {'CONV': [32, 3]}), ({'CONV': [32, 3]}, {'CONV': [256, 5]}, {'POOLMAX': [-1, 2]}), ({'CONV': [32, 3]}, {'CONV': [128, 3]}), ({'CONV': [128, 3]}, {'CONV': [64, 5]}, {'POOLMAX': [-1, 2]}), ({'CONV': [128, 5]}, {'CONV': [256, 5]}), ({'CONV': [32, 3]}, {'CONV': [256, 3]}, {'POOLMAX': [-1, 2]}), ({'CONV': [64, 3]}, {'CONV': [256, 3]}), ({'CONV': [256, 3]}, {'CONV': [256, 5]}, {'POOLMAX': [-1, 2]}), {'GLOBAL_AVG': None}, {'LAST_DENSE': [100, 'softmax']}]",HHSE,NSGA2,,,,,0.70125259537594,,,,970242048,4435620,,,,,,"[0, 7, 4, 34, 47, 5, 20, 55]",0.7224975047033956,-5.3893143169170266e-05,0.0,0.0,0.375,1.0,0.79,0,1,0,100,0,0.01,BEST,False,False,236,True,True,GREEDY,,,GREEDY_HV
BTKVOL[M][M][M][M],7,8,80,79,0.8,True,True,"[0, 7, 4, 35, 47, 6, 22, 55]",[],"[0.859721626203235, 7.4437440796475105, 4.349431401216348, 35.272235582878565, 47.60670785091141, 6.280959178216802, 22.471851664448725, 55.98938192037357]","[{'INP': 32}, {'CONV': [64, 3]}, ({'CONV': [32, 3]}, {'CONV': [32, 3]}), ({'CONV': [32, 3]}, {'CONV': [256, 5]}, {'POOLMAX': [-1, 2]}), ({'CONV': [32, 3]}, {'CONV': [128, 3]}), ({'CONV': [128, 3]}, {'CONV': [64, 5]}, {'POOLMAX': [-1, 2]}), ({'CONV': [128, 5]}, {'CONV': [256, 5]}), ({'CONV': [32, 3]}, {'CONV': [256, 3]}, {'POOLMAX': [-1, 2]}), ({'CONV': [64, 3]}, {'CONV': [256, 3]}), ({'CONV': [256, 3]}, {'CONV': [256, 5]}, {'POOLMAX': [-1, 2]}), {'GLOBAL_AVG': None}, {'LAST_DENSE': [100, 'softmax']}]",HHSE,NSGA2,,,,,0.70125259537594,,,,970242048,4435620,,,,,,"[0, 7, 4, 34, 47, 5, 20, 55]",0.7204872182817875,-0.0029952583220043,0.0,0.0,0.375,0.0,0.79,0,0,0,100,0,0.0,BEST,False,False,236,True,True,GREEDY,,,GREEDY_HV
BPRQCP[M][M],7,8,81,81,0.81,True,True,"[4, 4, 4, 30, 46, 7, 12, 55]",[],"[4.826848962724922, 4.24372050527012, 4.482876191491511, 30.13813504351951, 46.8354963118101, 7.925128317957286, 12.219182537256167, 55.6453202483964]","[{'INP': 32}, {'CONV': [64, 3]}, ({'CONV': [32, 3]}, {'CONV': [128, 3]}), ({'CONV': [32, 3]}, {'CONV': [128, 3]}, {'POOLMAX': [-1, 2]}), ({'CONV': [32, 3]}, {'CONV': [128, 3]}), ({'CONV': [64, 5]}, {'CONV': [256, 3]}, {'POOLMAX': [-1, 2]}), ({'CONV': [128, 5]}, {'CONV': [256, 3]}), ({'CONV': [32, 3]}, {'CONV': [256, 5]}, {'POOLMAX': [-1, 2]}), ({'CONV': [32, 5]}, {'CONV': [128, 3]}), ({'CONV': [256, 3]}, {'CONV': [256, 5]}, {'POOLMAX': [-1, 2]}), {'GLOBAL_AVG': None}, {'LAST_DENSE': [100, 'softmax']}]",HHSE,NSGA2,,,,,0.7053749173059229,,,,737510912,4158884,,,,,,"[5, 4, 4, 30, 50, 7, 12, 55]",0.7207079495542792,-0.0003751157491218,0.0,0.0,0.25,0.75,0.81,0,1,0,100,0,0.01,BEST,False,False,187,True,True,GREEDY,,,GREEDY_HV
BRVJUX[M],7,8,82,82,0.82,True,True,"[2, 1, 38, 23, 46, 6, 22, 55]",[],"[2.1625132568692758, 1.366014588235539, 38.176201020186575, 23.730269192447594, 46.768822299449866, 6.898935204146712, 22.353878095557025, 55.957112514391504]","[{'INP': 32}, {'CONV': [64, 3]}, ({'CONV': [32, 3]}, {'CONV': [64, 3]}), ({'CONV': [32, 3]}, {'CONV': [32, 5]}, {'POOLMAX': [-1, 2]}), ({'CONV': [128, 3]}, {'CONV': [256, 3]}), ({'CONV': [64, 3]}, {'CONV': [256, 5]}, {'POOLMAX': [-1, 2]}), ({'CONV': [128, 5]}, {'CONV': [256, 3]}), ({'CONV': [32, 3]}, {'CONV': [256, 3]}, {'POOLMAX': [-1, 2]}), ({'CONV': [64, 3]}, {'CONV': [256, 3]}), ({'CONV': [256, 3]}, {'CONV': [256, 5]}, {'POOLMAX': [-1, 2]}), {'GLOBAL_AVG': None}, {'LAST_DENSE': [100, 'softmax']}]",HHSE,NSGA2,,,,,0.7094104159232578,,,,869373952,4791588,,,,,,"[2, 1, 38, 23, 47, 4, 22, 55]",0.7241426208263646,-0.0009658349040748,0.5,0.375,0.25,0.75,0.82,0,0,0,100,0,0.0,BEST,False,False,118,True,True,GREEDY,,,GREEDY_HV
BRVJUX[M],7,8,83,82,0.83,True,True,"[2, 1, 38, 23, 46, 6, 22, 55]",[],"[2.1625132568692758, 1.366014588235539, 38.176201020186575, 23.730269192447594, 46.768822299449866, 6.898935204146712, 22.353878095557025, 55.957112514391504]","[{'INP': 32}, {'CONV': [64, 3]}, ({'CONV': [32, 3]}, {'CONV': [64, 3]}), ({'CONV': [32, 3]}, {'CONV': [32, 5]}, {'POOLMAX': [-1, 2]}), ({'CONV': [128, 3]}, {'CONV': [256, 3]}), ({'CONV': [64, 3]}, {'CONV': [256, 5]}, {'POOLMAX': [-1, 2]}), ({'CONV': [128, 5]}, {'CONV': [256, 3]}), ({'CONV': [32, 3]}, {'CONV': [256, 3]}, {'POOLMAX': [-1, 2]}), ({'CONV': [64, 3]}, {'CONV': [256, 3]}), ({'CONV': [256, 3]}, {'CONV': [256, 5]}, {'POOLMAX': [-1, 2]}), {'GLOBAL_AVG': None}, {'LAST_DENSE': [100, 'softmax']}]",HHSE,NSGA2,,,,,0.7094104159232578,,,,869373952,4791588,,,,,,"[2, 1, 38, 23, 47, 4, 22, 55]",0.7276939055642679,-0.0001263644574148,0.5,0.375,0.25,0.0,0.82,0,0,0,100,0,0.0,BEST,False,False,118,True,True,GREEDY,,,GREEDY_HV
BRVJUX[M],7,8,84,82,0.84,True,True,"[2, 1, 38, 23, 46, 6, 22, 55]",[],"[2.1625132568692758, 1.366014588235539, 38.176201020186575, 23.730269192447594, 46.768822299449866, 6.898935204146712, 22.353878095557025, 55.957112514391504]","[{'INP': 32}, {'CONV': [64, 3]}, ({'CONV': [32, 3]}, {'CONV': [64, 3]}), ({'CONV': [32, 3]}, {'CONV': [32, 5]}, {'POOLMAX': [-1, 2]}), ({'CONV': [128, 3]}, {'CONV': [256, 3]}), ({'CONV': [64, 3]}, {'CONV': [256, 5]}, {'POOLMAX': [-1, 2]}), ({'CONV': [128, 5]}, {'CONV': [256, 3]}), ({'CONV': [32, 3]}, {'CONV': [256, 3]}, {'POOLMAX': [-1, 2]}), ({'CONV': [64, 3]}, {'CONV': [256, 3]}), ({'CONV': [256, 3]}, {'CONV': [256, 5]}, {'POOLMAX': [-1, 2]}), {'GLOBAL_AVG': None}, {'LAST_DENSE': [100, 'softmax']}]",HHSE,NSGA2,,,,,0.7094104159232578,,,,869373952,4791588,,,,,,"[2, 1, 38, 23, 47, 4, 22, 55]",0.7279881413999763,-1.7697119624404678e-05,0.5,0.375,0.25,0.0,0.82,0,2,0,100,0,0.02,BEST,False,False,118,True,True,GREEDY,,,GREEDY_HV
BRVJUX[M],7,8,85,82,0.85,True,True,"[2, 1, 38, 23, 46, 6, 22, 55]",[],"[2.1625132568692758, 1.366014588235539, 38.176201020186575, 23.730269192447594, 46.768822299449866, 6.898935204146712, 22.353878095557025, 55.957112514391504]","[{'INP': 32}, {'CONV': [64, 3]}, ({'CONV': [32, 3]}, {'CONV': [64, 3]}), ({'CONV': [32, 3]}, {'CONV': [32, 5]}, {'POOLMAX': [-1, 2]}), ({'CONV': [128, 3]}, {'CONV': [256, 3]}), ({'CONV': [64, 3]}, {'CONV': [256, 5]}, {'POOLMAX': [-1, 2]}), ({'CONV': [128, 5]}, {'CONV': [256, 3]}), ({'CONV': [32, 3]}, {'CONV': [256, 3]}, {'POOLMAX': [-1, 2]}), ({'CONV': [64, 3]}, {'CONV': [256, 3]}), ({'CONV': [256, 3]}, {'CONV': [256, 5]}, {'POOLMAX': [-1, 2]}), {'GLOBAL_AVG': None}, {'LAST_DENSE': [100, 'softmax']}]",HHSE,NSGA2,,,,,0.7094104159232578,,,,869373952,4791588,,,,,,"[2, 1, 38, 23, 47, 4, 22, 55]",0.7280635871823841,-3.24539404404911e-05,0.5,0.375,0.25,0.0,0.82,0,0,0,100,0,0.0,BEST,False,False,118,True,True,GREEDY,,,GREEDY_HV
BRVJUX[M],7,8,86,82,0.86,True,True,"[2, 1, 38, 23, 46, 6, 22, 55]",[],"[2.1625132568692758, 1.366014588235539, 38.176201020186575, 23.730269192447594, 46.768822299449866, 6.898935204146712, 22.353878095557025, 55.957112514391504]","[{'INP': 32}, {'CONV': [64, 3]}, ({'CONV': [32, 3]}, {'CONV': [64, 3]}), ({'CONV': [32, 3]}, {'CONV': [32, 5]}, {'POOLMAX': [-1, 2]}), ({'CONV': [128, 3]}, {'CONV': [256, 3]}), ({'CONV': [64, 3]}, {'CONV': [256, 5]}, {'POOLMAX': [-1, 2]}), ({'CONV': [128, 5]}, {'CONV': [256, 3]}), ({'CONV': [32, 3]}, {'CONV': [256, 3]}, {'POOLMAX': [-1, 2]}), ({'CONV': [64, 3]}, {'CONV': [256, 3]}), ({'CONV': [256, 3]}, {'CONV': [256, 5]}, {'POOLMAX': [-1, 2]}), {'GLOBAL_AVG': None}, {'LAST_DENSE': [100, 'softmax']}]",HHSE,NSGA2,,,,,0.7094104159232578,,,,869373952,4791588,,,,,,"[2, 1, 38, 23, 47, 4, 22, 55]",0.7281142107501773,-0.0002646418456814,0.5,0.375,0.25,0.0,0.82,0,0,0,100,0,0.0,BEST,False,False,118,True,True,GREEDY,,,GREEDY_HV
BRVJUX[M],7,8,87,82,0.87,True,True,"[2, 1, 38, 23, 46, 6, 22, 55]",[],"[2.1625132568692758, 1.366014588235539, 38.176201020186575, 23.730269192447594, 46.768822299449866, 6.898935204146712, 22.353878095557025, 55.957112514391504]","[{'INP': 32}, {'CONV': [64, 3]}, ({'CONV': [32, 3]}, {'CONV': [64, 3]}), ({'CONV': [32, 3]}, {'CONV': [32, 5]}, {'POOLMAX': [-1, 2]}), ({'CONV': [128, 3]}, {'CONV': [256, 3]}), ({'CONV': [64, 3]}, {'CONV': [256, 5]}, {'POOLMAX': [-1, 2]}), ({'CONV': [128, 5]}, {'CONV': [256, 3]}), ({'CONV': [32, 3]}, {'CONV': [256, 3]}, {'POOLMAX': [-1, 2]}), ({'CONV': [64, 3]}, {'CONV': [256, 3]}), ({'CONV': [256, 3]}, {'CONV': [256, 5]}, {'POOLMAX': [-1, 2]}), {'GLOBAL_AVG': None}, {'LAST_DENSE': [100, 'softmax']}]",HHSE,NSGA2,,,,,0.7094104159232578,,,,869373952,4791588,,,,,,"[2, 1, 38, 23, 47, 4, 22, 55]",0.7283460259572483,3.937900683315121e-05,0.5,0.375,0.25,0.0,0.82,0,0,0,100,0,0.0,BEST,False,False,118,True,True,GREEDY,,,GREEDY_HV
BCJQXY[M][M][M],7,8,88,88,0.88,True,True,"[3, 6, 4, 30, 46, 6, 20, 55]",[],"[3.6283335656232087, 6.775505166478481, 4.69648747252271, 30.959434756166903, 46.042888307369395, 6.982468100355847, 20.31888487506989, 55.81720916886193]","[{'INP': 32}, {'CONV': [64, 3]}, ({'CONV': [32, 3]}, {'CONV': [64, 5]}), ({'CONV': [32, 3]}, {'CONV': [256, 3]}, {'POOLMAX': [-1, 2]}), ({'CONV': [32, 3]}, {'CONV': [128, 3]}), ({'CONV': [64, 5]}, {'CONV': [256, 3]}, {'POOLMAX': [-1, 2]}), ({'CONV': [128, 5]}, {'CONV': [256, 3]}), ({'CONV': [32, 3]}, {'CONV': [256, 3]}, {'POOLMAX': [-1, 2]}), ({'CONV': [64, 3]}, {'CONV': [128, 3]}), ({'CONV': [256, 3]}, {'CONV': [256, 5]}, {'POOLMAX': [-1, 2]}), {'GLOBAL_AVG': None}, {'LAST_DENSE': [100, 'softmax']}]",HHSE,NSGA2,,,,,0.710564442112899,,,,806916096,4077348,,,,,,"[3, 4, 4, 30, 45, 6, 20, 55]",0.7283452709219821,-1.2805075064847848e-05,0.0,0.0,0.25,0.625,0.88,0,0,0,100,0,0.0,BEST,False,False,99,True,True,GREEDY,,,GREEDY_HV
BCJQXY[M][M][M],7,8,89,88,0.89,True,True,"[3, 6, 4, 30, 46, 6, 20, 55]",[],"[3.6283335656232087, 6.775505166478481, 4.69648747252271, 30.959434756166903, 46.042888307369395, 6.982468100355847, 20.31888487506989, 55.81720916886193]","[{'INP': 32}, {'CONV': [64, 3]}, ({'CONV': [32, 3]}, {'CONV': [64, 5]}), ({'CONV': [32, 3]}, {'CONV': [256, 3]}, {'POOLMAX': [-1, 2]}), ({'CONV': [32, 3]}, {'CONV': [128, 3]}), ({'CONV': [64, 5]}, {'CONV': [256, 3]}, {'POOLMAX': [-1, 2]}), ({'CONV': [128, 5]}, {'CONV': [256, 3]}), ({'CONV': [32, 3]}, {'CONV': [256, 3]}, {'POOLMAX': [-1, 2]}), ({'CONV': [64, 3]}, {'CONV': [128, 3]}), ({'CONV': [256, 3]}, {'CONV': [256, 5]}, {'POOLMAX': [-1, 2]}), {'GLOBAL_AVG': None}, {'LAST_DENSE': [100, 'softmax']}]",HHSE,NSGA2,,,,,0.710564442112899,,,,806916096,4077348,,,,,,"[3, 4, 4, 30, 45, 6, 20, 55]",0.7294992993085834,-4.996842727944539e-05,0.0,0.0,0.25,0.0,0.88,0,0,0,100,0,0.0,BEST,False,False,99,True,True,GREEDY,,,GREEDY_HV
BCJQXY[M][M][M],7,8,90,88,0.9,True,True,"[3, 6, 4, 30, 46, 6, 20, 55]",[],"[3.6283335656232087, 6.775505166478481, 4.69648747252271, 30.959434756166903, 46.042888307369395, 6.982468100355847, 20.31888487506989, 55.81720916886193]","[{'INP': 32}, {'CONV': [64, 3]}, ({'CONV': [32, 3]}, {'CONV': [64, 5]}), ({'CONV': [32, 3]}, {'CONV': [256, 3]}, {'POOLMAX': [-1, 2]}), ({'CONV': [32, 3]}, {'CONV': [128, 3]}), ({'CONV': [64, 5]}, {'CONV': [256, 3]}, {'POOLMAX': [-1, 2]}), ({'CONV': [128, 5]}, {'CONV': [256, 3]}), ({'CONV': [32, 3]}, {'CONV': [256, 3]}, {'POOLMAX': [-1, 2]}), ({'CONV': [64, 3]}, {'CONV': [128, 3]}), ({'CONV': [256, 3]}, {'CONV': [256, 5]}, {'POOLMAX': [-1, 2]}), {'GLOBAL_AVG': None}, {'LAST_DENSE': [100, 'softmax']}]",HHSE,NSGA2,,,,,0.710564442112899,,,,806916096,4077348,,,,,,"[3, 4, 4, 30, 45, 6, 20, 55]",0.7296170348768369,2.810862147040183e-06,0.0,0.0,0.25,0.0,0.88,0,1,0,100,0,0.01,BEST,False,False,99,True,True,GREEDY,,,GREEDY_HV
BCJQXY[M][M][M],7,8,91,88,0.91,True,True,"[3, 6, 4, 30, 46, 6, 20, 55]",[],"[3.6283335656232087, 6.775505166478481, 4.69648747252271, 30.959434756166903, 46.042888307369395, 6.982468100355847, 20.31888487506989, 55.81720916886193]","[{'INP': 32}, {'CONV': [64, 3]}, ({'CONV': [32, 3]}, {'CONV': [64, 5]}), ({'CONV': [32, 3]}, {'CONV': [256, 3]}, {'POOLMAX': [-1, 2]}), ({'CONV': [32, 3]}, {'CONV': [128, 3]}), ({'CONV': [64, 5]}, {'CONV': [256, 3]}, {'POOLMAX': [-1, 2]}), ({'CONV': [128, 5]}, {'CONV': [256, 3]}), ({'CONV': [32, 3]}, {'CONV': [256, 3]}, {'POOLMAX': [-1, 2]}), ({'CONV': [64, 3]}, {'CONV': [128, 3]}), ({'CONV': [256, 3]}, {'CONV': [256, 5]}, {'POOLMAX': [-1, 2]}), {'GLOBAL_AVG': None}, {'LAST_DENSE': [100, 'softmax']}]",HHSE,NSGA2,,,,,0.710564442112899,,,,806916096,4077348,,,,,,"[3, 4, 4, 30, 45, 6, 20, 55]",0.7297424186381737,4.778349918221903e-05,0.0,0.0,0.25,0.0,0.88,0,1,0,100,0,0.01,BEST,False,False,99,True,True,GREEDY,,,GREEDY_HV
BCJQXY[M][M][M],7,8,92,88,0.92,True,True,"[3, 6, 4, 30, 46, 6, 20, 55]",[],"[3.6283335656232087, 6.775505166478481, 4.69648747252271, 30.959434756166903, 46.042888307369395, 6.982468100355847, 20.31888487506989, 55.81720916886193]","[{'INP': 32}, {'CONV': [64, 3]}, ({'CONV': [32, 3]}, {'CONV': [64, 5]}), ({'CONV': [32, 3]}, {'CONV': [256, 3]}, {'POOLMAX': [-1, 2]}), ({'CONV': [32, 3]}, {'CONV': [128, 3]}), ({'CONV': [64, 5]}, {'CONV': [256, 3]}, {'POOLMAX': [-1, 2]}), ({'CONV': [128, 5]}, {'CONV': [256, 3]}), ({'CONV': [32, 3]}, {'CONV': [256, 3]}, {'POOLMAX': [-1, 2]}), ({'CONV': [64, 3]}, {'CONV': [128, 3]}), ({'CONV': [256, 3]}, {'CONV': [256, 5]}, {'POOLMAX': [-1, 2]}), {'GLOBAL_AVG': None}, {'LAST_DENSE': [100, 'softmax']}]",HHSE,NSGA2,,,,,0.710564442112899,,,,806916096,4077348,,,,,,"[3, 4, 4, 30, 45, 6, 20, 55]",0.7298217390353985,3.853956981625384e-05,0.0,0.0,0.25,0.0,0.88,0,2,0,100,0,0.02,BEST,False,False,99,True,True,GREEDY,,,GREEDY_HV
BFUKVO[M],7,8,93,93,0.93,True,True,"[3, 7, 6, 30, 46, 6, 21, 55]",[],"[3.558870418926656, 7.881922870958139, 6.513056644326673, 30.194121252035885, 46.28543107791279, 6.918293570830135, 21.675372493304526, 55.57653015334442]","[{'INP': 32}, {'CONV': [64, 3]}, ({'CONV': [32, 3]}, {'CONV': [64, 5]}), ({'CONV': [32, 3]}, {'CONV': [256, 5]}, {'POOLMAX': [-1, 2]}), ({'CONV': [32, 3]}, {'CONV': [256, 3]}), ({'CONV': [64, 5]}, {'CONV': [256, 3]}, {'POOLMAX': [-1, 2]}), ({'CONV': [128, 5]}, {'CONV': [256, 3]}), ({'CONV': [32, 3]}, {'CONV': [256, 3]}, {'POOLMAX': [-1, 2]}), ({'CONV': [64, 3]}, {'CONV': [128, 5]}), ({'CONV': [256, 3]}, {'CONV': [256, 5]}, {'POOLMAX': [-1, 2]}), {'GLOBAL_AVG': None}, {'LAST_DENSE': [100, 'softmax']}]",HHSE,NSGA2,,,,,0.7116123593208229,,,,1203441664,4581668,,,,,,"[3, 7, 4, 30, 46, 6, 20, 55]",0.7299298017027158,-4.907903113471335e-06,0.5,0.125,0.25,0.375,0.93,0,0,0,100,0,0.0,BEST,False,False,79,True,True,GREEDY,,,GREEDY_HV
BFUKVO[M],7,8,94,93,0.94,True,True,"[3, 7, 6, 30, 46, 6, 21, 55]",[],"[3.558870418926656, 7.881922870958139, 6.513056644326673, 30.194121252035885, 46.28543107791279, 6.918293570830135, 21.675372493304526, 55.57653015334442]","[{'INP': 32}, {'CONV': [64, 3]}, ({'CONV': [32, 3]}, {'CONV': [64, 5]}), ({'CONV': [32, 3]}, {'CONV': [256, 5]}, {'POOLMAX': [-1, 2]}), ({'CONV': [32, 3]}, {'CONV': [256, 3]}), ({'CONV': [64, 5]}, {'CONV': [256, 3]}, {'POOLMAX': [-1, 2]}), ({'CONV': [128, 5]}, {'CONV': [256, 3]}), ({'CONV': [32, 3]}, {'CONV': [256, 3]}, {'POOLMAX': [-1, 2]}), ({'CONV': [64, 3]}, {'CONV': [128, 5]}), ({'CONV': [256, 3]}, {'CONV': [256, 5]}, {'POOLMAX': [-1, 2]}), {'GLOBAL_AVG': None}, {'LAST_DENSE': [100, 'softmax']}]",HHSE,NSGA2,,,,,0.7116123593208229,,,,1203441664,4581668,,,,,,"[3, 7, 4, 30, 46, 6, 20, 55]",0.7314861140443043,0.0005055102896578,0.5,0.125,0.25,0.0,0.93,0,1,0,100,0,0.01,BEST,False,False,79,True,True,GREEDY,,,GREEDY_HV
BFUKVO[M],7,8,95,93,0.95,True,True,"[3, 7, 6, 30, 46, 6, 21, 55]",[],"[3.558870418926656, 7.881922870958139, 6.513056644326673, 30.194121252035885, 46.28543107791279, 6.918293570830135, 21.675372493304526, 55.57653015334442]","[{'INP': 32}, {'CONV': [64, 3]}, ({'CONV': [32, 3]}, {'CONV': [64, 5]}), ({'CONV': [32, 3]}, {'CONV': [256, 5]}, {'POOLMAX': [-1, 2]}), ({'CONV': [32, 3]}, {'CONV': [256, 3]}), ({'CONV': [64, 5]}, {'CONV': [256, 3]}, {'POOLMAX': [-1, 2]}), ({'CONV': [128, 5]}, {'CONV': [256, 3]}), ({'CONV': [32, 3]}, {'CONV': [256, 3]}, {'POOLMAX': [-1, 2]}), ({'CONV': [64, 3]}, {'CONV': [128, 5]}), ({'CONV': [256, 3]}, {'CONV': [256, 5]}, {'POOLMAX': [-1, 2]}), {'GLOBAL_AVG': None}, {'LAST_DENSE': [100, 'softmax']}]",HHSE,NSGA2,,,,,0.7116123593208229,,,,1203441664,4581668,,,,,,"[3, 7, 4, 30, 46, 6, 20, 55]",0.7310157099607748,3.607677254158226e-06,0.5,0.125,0.25,0.0,0.93,0,2,0,100,0,0.02,BEST,False,False,79,True,True,GREEDY,,,GREEDY_HV
BFUKVO[M],7,8,96,93,0.96,True,True,"[3, 7, 6, 30, 46, 6, 21, 55]",[],"[3.558870418926656, 7.881922870958139, 6.513056644326673, 30.194121252035885, 46.28543107791279, 6.918293570830135, 21.675372493304526, 55.57653015334442]","[{'INP': 32}, {'CONV': [64, 3]}, ({'CONV': [32, 3]}, {'CONV': [64, 5]}), ({'CONV': [32, 3]}, {'CONV': [256, 5]}, {'POOLMAX': [-1, 2]}), ({'CONV': [32, 3]}, {'CONV': [256, 3]}), ({'CONV': [64, 5]}, {'CONV': [256, 3]}, {'POOLMAX': [-1, 2]}), ({'CONV': [128, 5]}, {'CONV': [256, 3]}), ({'CONV': [32, 3]}, {'CONV': [256, 3]}, {'POOLMAX': [-1, 2]}), ({'CONV': [64, 3]}, {'CONV': [128, 5]}), ({'CONV': [256, 3]}, {'CONV': [256, 5]}, {'POOLMAX': [-1, 2]}), {'GLOBAL_AVG': None}, {'LAST_DENSE': [100, 'softmax']}]",HHSE,NSGA2,,,,,0.7116123593208229,,,,1203441664,4581668,,,,,,"[3, 7, 4, 30, 46, 6, 20, 55]",0.7313593058226913,0.000146035668486,0.5,0.125,0.25,0.0,0.93,0,3,0,100,0,0.03,BEST,False,False,79,True,True,GREEDY,,,GREEDY_HV
BFUKVO[M],7,8,97,93,0.97,True,True,"[3, 7, 6, 30, 46, 6, 21, 55]",[],"[3.558870418926656, 7.881922870958139, 6.513056644326673, 30.194121252035885, 46.28543107791279, 6.918293570830135, 21.675372493304526, 55.57653015334442]","[{'INP': 32}, {'CONV': [64, 3]}, ({'CONV': [32, 3]}, {'CONV': [64, 5]}), ({'CONV': [32, 3]}, {'CONV': [256, 5]}, {'POOLMAX': [-1, 2]}), ({'CONV': [32, 3]}, {'CONV': [256, 3]}), ({'CONV': [64, 5]}, {'CONV': [256, 3]}, {'POOLMAX': [-1, 2]}), ({'CONV': [128, 5]}, {'CONV': [256, 3]}), ({'CONV': [32, 3]}, {'CONV': [256, 3]}, {'POOLMAX': [-1, 2]}), ({'CONV': [64, 3]}, {'CONV': [128, 5]}), ({'CONV': [256, 3]}, {'CONV': [256, 5]}, {'POOLMAX': [-1, 2]}), {'GLOBAL_AVG': None}, {'LAST_DENSE': [100, 'softmax']}]",HHSE,NSGA2,,,,,0.7116123593208229,,,,1203441664,4581668,,,,,,"[3, 7, 4, 30, 46, 6, 20, 55]",0.731410087528485,-0.0001617683082734,0.5,0.125,0.25,0.0,0.93,0,1,0,100,0,0.01,BEST,False,False,79,True,True,GREEDY,,,GREEDY_HV
BFUKVO[M],7,8,98,93,0.98,True,True,"[3, 7, 6, 30, 46, 6, 21, 55]",[],"[3.558870418926656, 7.881922870958139, 6.513056644326673, 30.194121252035885, 46.28543107791279, 6.918293570830135, 21.675372493304526, 55.57653015334442]","[{'INP': 32}, {'CONV': [64, 3]}, ({'CONV': [32, 3]}, {'CONV': [64, 5]}), ({'CONV': [32, 3]}, {'CONV': [256, 5]}, {'POOLMAX': [-1, 2]}), ({'CONV': [32, 3]}, {'CONV': [256, 3]}), ({'CONV': [64, 5]}, {'CONV': [256, 3]}, {'POOLMAX': [-1, 2]}), ({'CONV': [128, 5]}, {'CONV': [256, 3]}), ({'CONV': [32, 3]}, {'CONV': [256, 3]}, {'POOLMAX': [-1, 2]}), ({'CONV': [64, 3]}, {'CONV': [128, 5]}), ({'CONV': [256, 3]}, {'CONV': [256, 5]}, {'POOLMAX': [-1, 2]}), {'GLOBAL_AVG': None}, {'LAST_DENSE': [100, 'softmax']}]",HHSE,NSGA2,,,,,0.7116123593208229,,,,1203441664,4581668,,,,,,"[3, 7, 4, 30, 46, 6, 20, 55]",0.731452308004853,-0.0002317046131744,0.5,0.125,0.25,0.0,0.93,0,1,0,100,0,0.01,BEST,False,False,79,True,True,GREEDY,,,GREEDY_HV
BFUKVO[M],7,8,99,93,0.99,True,True,"[3, 7, 6, 30, 46, 6, 21, 55]",[],"[3.558870418926656, 7.881922870958139, 6.513056644326673, 30.194121252035885, 46.28543107791279, 6.918293570830135, 21.675372493304526, 55.57653015334442]","[{'INP': 32}, {'CONV': [64, 3]}, ({'CONV': [32, 3]}, {'CONV': [64, 5]}), ({'CONV': [32, 3]}, {'CONV': [256, 5]}, {'POOLMAX': [-1, 2]}), ({'CONV': [32, 3]}, {'CONV': [256, 3]}), ({'CONV': [64, 5]}, {'CONV': [256, 3]}, {'POOLMAX': [-1, 2]}), ({'CONV': [128, 5]}, {'CONV': [256, 3]}), ({'CONV': [32, 3]}, {'CONV': [256, 3]}, {'POOLMAX': [-1, 2]}), ({'CONV': [64, 3]}, {'CONV': [128, 5]}), ({'CONV': [256, 3]}, {'CONV': [256, 5]}, {'POOLMAX': [-1, 2]}), {'GLOBAL_AVG': None}, {'LAST_DENSE': [100, 'softmax']}]",HHSE,NSGA2,,,,,0.7116123593208229,,,,1203441664,4581668,,,,,,"[3, 7, 4, 30, 46, 6, 20, 55]",0.7313736971718106,5.955568145088464e-06,0.5,0.125,0.25,0.0,0.93,0,0,0,100,0,0.0,BEST,False,False,79,True,True,GREEDY,,,GREEDY_HV
BOYWEK[M],7,8,100,100,1.0,True,True,"[3, 7, 4, 30, 46, 6, 21, 55]",[],"[3.20716956042061, 7.6674495782788625, 4.596746001670606, 30.724869721772265, 46.30152387980502, 6.966357240195197, 21.745143450240658, 55.49968359872381]","[{'INP': 32}, {'CONV': [64, 3]}, ({'CONV': [32, 3]}, {'CONV': [64, 5]}), ({'CONV': [32, 3]}, {'CONV': [256, 5]}, {'POOLMAX': [-1, 2]}), ({'CONV': [32, 3]}, {'CONV': [128, 3]}), ({'CONV': [64, 5]}, {'CONV': [256, 3]}, {'POOLMAX': [-1, 2]}), ({'CONV': [128, 5]}, {'CONV': [256, 3]}), ({'CONV': [32, 3]}, {'CONV': [256, 3]}, {'POOLMAX': [-1, 2]}), ({'CONV': [64, 3]}, {'CONV': [128, 5]}), ({'CONV': [256, 3]}, {'CONV': [256, 5]}, {'POOLMAX': [-1, 2]}), {'GLOBAL_AVG': None}, {'LAST_DENSE': [100, 'softmax']}]",HHSE,NSGA2,,,,,0.7126352954611654,,,,1079545856,4339492,,,,,,"[3, 7, 4, 30, 46, 6, 21, 55]",0.7314405567535038,-2.8663604544787447e-05,0.625,0.125,0.0,0.125,1.0,0,0,0,100,0,0.0,BEST,False,False,59,True,True,GREEDY,,,GREEDY_HV
BMPEDU[M],8,9,1,1,0.01,True,True,"[62, 5, 39, 43, 46, 6, 54, 31]",[],"[62.344860484508644, 5.534828523812912, 39.22327828580275, 43.60021536898061, 46.91453310660313, 6.742619392925387, 54.04523453739236, 31.767638792770907]","[{'INP': 32}, {'CONV': [64, 3]}, ({'CONV': [256, 5]}, {'CONV': [256, 3]}), ({'CONV': [32, 3]}, {'CONV': [128, 5]}, {'POOLMAX': [-1, 2]}), ({'CONV': [128, 3]}, {'CONV': [256, 5]}), ({'CONV': [128, 5]}, {'CONV': [64, 5]}, {'POOLMAX': [-1, 2]}), ({'CONV': [128, 5]}, {'CONV': [256, 3]}), ({'CONV': [32, 3]}, {'CONV': [256, 3]}, {'POOLMAX': [-1, 2]}), ({'CONV': [256, 3]}, {'CONV': [256, 3]}), ({'CONV': [64, 5]}, {'CONV': [256, 5]}, {'POOLMAX': [-1, 2]}), {'GLOBAL_AVG': None}, {'LAST_DENSE': [100, 'softmax']}]",HHSE,NSGA2,,,,,0.705971605848617,,,,3582597120,5850916,,,,,,"[58, 30, 16, 39, 20, 11, 52, 38]",0.6786208942060725,0.0,0.0,0.0,1.0,0.0,0.01,0,14,0,100,0,0.14,BEST,False,False,177,True,True,GREEDY,,,GREEDY_HV
BMPEDU[M],8,9,2,1,0.02,True,True,"[62, 5, 39, 43, 46, 6, 54, 31]",[],"[62.344860484508644, 5.534828523812912, 39.22327828580275, 43.60021536898061, 46.91453310660313, 6.742619392925387, 54.04523453739236, 31.767638792770907]","[{'INP': 32}, {'CONV': [64, 3]}, ({'CONV': [256, 5]}, {'CONV': [256, 3]}), ({'CONV': [32, 3]}, {'CONV': [128, 5]}, {'POOLMAX': [-1, 2]}), ({'CONV': [128, 3]}, {'CONV': [256, 5]}), ({'CONV': [128, 5]}, {'CONV': [64, 5]}, {'POOLMAX': [-1, 2]}), ({'CONV': [128, 5]}, {'CONV': [256, 3]}), ({'CONV': [32, 3]}, {'CONV': [256, 3]}, {'POOLMAX': [-1, 2]}), ({'CONV': [256, 3]}, {'CONV': [256, 3]}), ({'CONV': [64, 5]}, {'CONV': [256, 5]}, {'POOLMAX': [-1, 2]}), {'GLOBAL_AVG': None}, {'LAST_DENSE': [100, 'softmax']}]",HHSE,NSGA2,,,,,0.705971605848617,,,,3582597120,5850916,,,,,,"[58, 30, 16, 39, 20, 11, 52, 38]",0.6962581509618935,-0.0034015654222581,0.0,0.0,1.0,0.0,0.01,0,2,0,100,0,0.02,BEST,False,False,177,True,True,GREEDY,,,GREEDY_HV
BMPEDU[M],8,9,3,1,0.03,True,True,"[62, 5, 39, 43, 46, 6, 54, 31]",[],"[62.344860484508644, 5.534828523812912, 39.22327828580275, 43.60021536898061, 46.91453310660313, 6.742619392925387, 54.04523453739236, 31.767638792770907]","[{'INP': 32}, {'CONV': [64, 3]}, ({'CONV': [256, 5]}, {'CONV': [256, 3]}), ({'CONV': [32, 3]}, {'CONV': [128, 5]}, {'POOLMAX': [-1, 2]}), ({'CONV': [128, 3]}, {'CONV': [256, 5]}), ({'CONV': [128, 5]}, {'CONV': [64, 5]}, {'POOLMAX': [-1, 2]}), ({'CONV': [128, 5]}, {'CONV': [256, 3]}), ({'CONV': [32, 3]}, {'CONV': [256, 3]}, {'POOLMAX': [-1, 2]}), ({'CONV': [256, 3]}, {'CONV': [256, 3]}), ({'CONV': [64, 5]}, {'CONV': [256, 5]}, {'POOLMAX': [-1, 2]}), {'GLOBAL_AVG': None}, {'LAST_DENSE': [100, 'softmax']}]",HHSE,NSGA2,,,,,0.705971605848617,,,,3582597120,5850916,,,,,,"[58, 30, 16, 39, 20, 11, 52, 38]",0.6996011967518054,-0.0011678191683541,0.0,0.0,1.0,0.0,0.01,0,1,0,100,0,0.01,BEST,False,False,177,True,True,GREEDY,,,GREEDY_HV
BMPEDU[M],8,9,4,1,0.04,True,True,"[62, 5, 39, 43, 46, 6, 54, 31]",[],"[62.344860484508644, 5.534828523812912, 39.22327828580275, 43.60021536898061, 46.91453310660313, 6.742619392925387, 54.04523453739236, 31.767638792770907]","[{'INP': 32}, {'CONV': [64, 3]}, ({'CONV': [256, 5]}, {'CONV': [256, 3]}), ({'CONV': [32, 3]}, {'CONV': [128, 5]}, {'POOLMAX': [-1, 2]}), ({'CONV': [128, 3]}, {'CONV': [256, 5]}), ({'CONV': [128, 5]}, {'CONV': [64, 5]}, {'POOLMAX': [-1, 2]}), ({'CONV': [128, 5]}, {'CONV': [256, 3]}), ({'CONV': [32, 3]}, {'CONV': [256, 3]}, {'POOLMAX': [-1, 2]}), ({'CONV': [256, 3]}, {'CONV': [256, 3]}), ({'CONV': [64, 5]}, {'CONV': [256, 5]}, {'POOLMAX': [-1, 2]}), {'GLOBAL_AVG': None}, {'LAST_DENSE': [100, 'softmax']}]",HHSE,NSGA2,,,,,0.705971605848617,,,,3582597120,5850916,,,,,,"[58, 30, 16, 39, 20, 11, 52, 38]",0.7021105145084501,7.847444595365793e-05,0.0,0.0,1.0,0.0,0.01,0,4,0,100,0,0.04,BEST,False,False,177,True,True,GREEDY,,,GREEDY_HV
BMPEDU[M],8,9,5,1,0.05,True,True,"[62, 5, 39, 43, 46, 6, 54, 31]",[],"[62.344860484508644, 5.534828523812912, 39.22327828580275, 43.60021536898061, 46.91453310660313, 6.742619392925387, 54.04523453739236, 31.767638792770907]","[{'INP': 32}, {'CONV': [64, 3]}, ({'CONV': [256, 5]}, {'CONV': [256, 3]}), ({'CONV': [32, 3]}, {'CONV': [128, 5]}, {'POOLMAX': [-1, 2]}), ({'CONV': [128, 3]}, {'CONV': [256, 5]}), ({'CONV': [128, 5]}, {'CONV': [64, 5]}, {'POOLMAX': [-1, 2]}), ({'CONV': [128, 5]}, {'CONV': [256, 3]}), ({'CONV': [32, 3]}, {'CONV': [256, 3]}, {'POOLMAX': [-1, 2]}), ({'CONV': [256, 3]}, {'CONV': [256, 3]}), ({'CONV': [64, 5]}, {'CONV': [256, 5]}, {'POOLMAX': [-1, 2]}), {'GLOBAL_AVG': None}, {'LAST_DENSE': [100, 'softmax']}]",HHSE,NSGA2,,,,,0.705971605848617,,,,3582597120,5850916,,,,,,"[58, 30, 16, 39, 20, 11, 52, 38]",0.7050875910227318,-0.0005210444751907,0.0,0.0,1.0,0.0,0.01,0,2,0,100,0,0.02,BEST,False,False,177,True,True,GREEDY,,,GREEDY_HV
BMPEDU[M],8,9,6,1,0.06,True,True,"[62, 5, 39, 43, 46, 6, 54, 31]",[],"[62.344860484508644, 5.534828523812912, 39.22327828580275, 43.60021536898061, 46.91453310660313, 6.742619392925387, 54.04523453739236, 31.767638792770907]","[{'INP': 32}, {'CONV': [64, 3]}, ({'CONV': [256, 5]}, {'CONV': [256, 3]}), ({'CONV': [32, 3]}, {'CONV': [128, 5]}, {'POOLMAX': [-1, 2]}), ({'CONV': [128, 3]}, {'CONV': [256, 5]}), ({'CONV': [128, 5]}, {'CONV': [64, 5]}, {'POOLMAX': [-1, 2]}), ({'CONV': [128, 5]}, {'CONV': [256, 3]}), ({'CONV': [32, 3]}, {'CONV': [256, 3]}, {'POOLMAX': [-1, 2]}), ({'CONV': [256, 3]}, {'CONV': [256, 3]}), ({'CONV': [64, 5]}, {'CONV': [256, 5]}, {'POOLMAX': [-1, 2]}), {'GLOBAL_AVG': None}, {'LAST_DENSE': [100, 'softmax']}]",HHSE,NSGA2,,,,,0.705971605848617,,,,3582597120,5850916,,,,,,"[58, 30, 16, 39, 20, 11, 52, 38]",0.7057494906953611,9.831455059006178e-05,0.0,0.0,1.0,0.0,0.01,0,1,0,100,0,0.01,BEST,False,False,177,True,True,GREEDY,,,GREEDY_HV
BMPEDU[M],8,9,7,1,0.07,True,True,"[62, 5, 39, 43, 46, 6, 54, 31]",[],"[62.344860484508644, 5.534828523812912, 39.22327828580275, 43.60021536898061, 46.91453310660313, 6.742619392925387, 54.04523453739236, 31.767638792770907]","[{'INP': 32}, {'CONV': [64, 3]}, ({'CONV': [256, 5]}, {'CONV': [256, 3]}), ({'CONV': [32, 3]}, {'CONV': [128, 5]}, {'POOLMAX': [-1, 2]}), ({'CONV': [128, 3]}, {'CONV': [256, 5]}), ({'CONV': [128, 5]}, {'CONV': [64, 5]}, {'POOLMAX': [-1, 2]}), ({'CONV': [128, 5]}, {'CONV': [256, 3]}), ({'CONV': [32, 3]}, {'CONV': [256, 3]}, {'POOLMAX': [-1, 2]}), ({'CONV': [256, 3]}, {'CONV': [256, 3]}), ({'CONV': [64, 5]}, {'CONV': [256, 5]}, {'POOLMAX': [-1, 2]}), {'GLOBAL_AVG': None}, {'LAST_DENSE': [100, 'softmax']}]",HHSE,NSGA2,,,,,0.705971605848617,,,,3582597120,5850916,,,,,,"[58, 30, 16, 39, 20, 11, 52, 38]",0.7082699963672244,-0.0008256464156624,0.0,0.0,1.0,0.0,0.01,0,0,0,100,0,0.0,BEST,False,False,177,True,True,GREEDY,,,GREEDY_HV
BMPEDU[M],8,9,8,1,0.08,True,True,"[62, 5, 39, 43, 46, 6, 54, 31]",[],"[62.344860484508644, 5.534828523812912, 39.22327828580275, 43.60021536898061, 46.91453310660313, 6.742619392925387, 54.04523453739236, 31.767638792770907]","[{'INP': 32}, {'CONV': [64, 3]}, ({'CONV': [256, 5]}, {'CONV': [256, 3]}), ({'CONV': [32, 3]}, {'CONV': [128, 5]}, {'POOLMAX': [-1, 2]}), ({'CONV': [128, 3]}, {'CONV': [256, 5]}), ({'CONV': [128, 5]}, {'CONV': [64, 5]}, {'POOLMAX': [-1, 2]}), ({'CONV': [128, 5]}, {'CONV': [256, 3]}), ({'CONV': [32, 3]}, {'CONV': [256, 3]}, {'POOLMAX': [-1, 2]}), ({'CONV': [256, 3]}, {'CONV': [256, 3]}), ({'CONV': [64, 5]}, {'CONV': [256, 5]}, {'POOLMAX': [-1, 2]}), {'GLOBAL_AVG': None}, {'LAST_DENSE': [100, 'softmax']}]",HHSE,NSGA2,,,,,0.705971605848617,,,,3582597120,5850916,,,,,,"[58, 30, 16, 39, 20, 11, 52, 38]",0.7111762476306405,-0.0013024494505843,0.0,0.0,1.0,0.0,0.01,0,0,0,100,0,0.0,BEST,False,False,177,True,True,GREEDY,,,GREEDY_HV
BMPEDU[M],8,9,9,1,0.09,True,True,"[62, 5, 39, 43, 46, 6, 54, 31]",[],"[62.344860484508644, 5.534828523812912, 39.22327828580275, 43.60021536898061, 46.91453310660313, 6.742619392925387, 54.04523453739236, 31.767638792770907]","[{'INP': 32}, {'CONV': [64, 3]}, ({'CONV': [256, 5]}, {'CONV': [256, 3]}), ({'CONV': [32, 3]}, {'CONV': [128, 5]}, {'POOLMAX': [-1, 2]}), ({'CONV': [128, 3]}, {'CONV': [256, 5]}), ({'CONV': [128, 5]}, {'CONV': [64, 5]}, {'POOLMAX': [-1, 2]}), ({'CONV': [128, 5]}, {'CONV': [256, 3]}), ({'CONV': [32, 3]}, {'CONV': [256, 3]}, {'POOLMAX': [-1, 2]}), ({'CONV': [256, 3]}, {'CONV': [256, 3]}), ({'CONV': [64, 5]}, {'CONV': [256, 5]}, {'POOLMAX': [-1, 2]}), {'GLOBAL_AVG': None}, {'LAST_DENSE': [100, 'softmax']}]",HHSE,NSGA2,,,,,0.705971605848617,,,,3582597120,5850916,,,,,,"[58, 30, 16, 39, 20, 11, 52, 38]",0.7109605104537939,-0.00038085908508,0.0,0.0,1.0,0.0,0.01,0,0,0,100,0,0.0,BEST,False,False,177,True,True,GREEDY,,,GREEDY_HV
BMPEDU[M],8,9,10,1,0.1,True,True,"[62, 5, 39, 43, 46, 6, 54, 31]",[],"[62.344860484508644, 5.534828523812912, 39.22327828580275, 43.60021536898061, 46.91453310660313, 6.742619392925387, 54.04523453739236, 31.767638792770907]","[{'INP': 32}, {'CONV': [64, 3]}, ({'CONV': [256, 5]}, {'CONV': [256, 3]}), ({'CONV': [32, 3]}, {'CONV': [128, 5]}, {'POOLMAX': [-1, 2]}), ({'CONV': [128, 3]}, {'CONV': [256, 5]}), ({'CONV': [128, 5]}, {'CONV': [64, 5]}, {'POOLMAX': [-1, 2]}), ({'CONV': [128, 5]}, {'CONV': [256, 3]}), ({'CONV': [32, 3]}, {'CONV': [256, 3]}, {'POOLMAX': [-1, 2]}), ({'CONV': [256, 3]}, {'CONV': [256, 3]}), ({'CONV': [64, 5]}, {'CONV': [256, 5]}, {'POOLMAX': [-1, 2]}), {'GLOBAL_AVG': None}, {'LAST_DENSE': [100, 'softmax']}]",HHSE,NSGA2,,,,,0.705971605848617,,,,3582597120,5850916,,,,,,"[58, 30, 16, 39, 20, 11, 52, 38]",0.7131190725450436,0.0019002910861078,0.0,0.0,1.0,0.0,0.01,0,0,0,100,0,0.0,BEST,False,False,177,True,True,GREEDY,,,GREEDY_HV
BMPEDU[M],8,9,11,1,0.11,True,True,"[62, 5, 39, 43, 46, 6, 54, 31]",[],"[62.344860484508644, 5.534828523812912, 39.22327828580275, 43.60021536898061, 46.91453310660313, 6.742619392925387, 54.04523453739236, 31.767638792770907]","[{'INP': 32}, {'CONV': [64, 3]}, ({'CONV': [256, 5]}, {'CONV': [256, 3]}), ({'CONV': [32, 3]}, {'CONV': [128, 5]}, {'POOLMAX': [-1, 2]}), ({'CONV': [128, 3]}, {'CONV': [256, 5]}), ({'CONV': [128, 5]}, {'CONV': [64, 5]}, {'POOLMAX': [-1, 2]}), ({'CONV': [128, 5]}, {'CONV': [256, 3]}), ({'CONV': [32, 3]}, {'CONV': [256, 3]}, {'POOLMAX': [-1, 2]}), ({'CONV': [256, 3]}, {'CONV': [256, 3]}), ({'CONV': [64, 5]}, {'CONV': [256, 5]}, {'POOLMAX': [-1, 2]}), {'GLOBAL_AVG': None}, {'LAST_DENSE': [100, 'softmax']}]",HHSE,NSGA2,,,,,0.705971605848617,,,,3582597120,5850916,,,,,,"[58, 30, 16, 39, 20, 11, 52, 38]",0.7124135270631472,0.0004578418544723,0.0,0.0,1.0,0.0,0.01,0,1,0,100,0,0.01,BEST,False,False,177,True,True,GREEDY,,,GREEDY_HV
BMPEDU[M],8,9,12,1,0.12,True,True,"[62, 5, 39, 43, 46, 6, 54, 31]",[],"[62.344860484508644, 5.534828523812912, 39.22327828580275, 43.60021536898061, 46.91453310660313, 6.742619392925387, 54.04523453739236, 31.767638792770907]","[{'INP': 32}, {'CONV': [64, 3]}, ({'CONV': [256, 5]}, {'CONV': [256, 3]}), ({'CONV': [32, 3]}, {'CONV': [128, 5]}, {'POOLMAX': [-1, 2]}), ({'CONV': [128, 3]}, {'CONV': [256, 5]}), ({'CONV': [128, 5]}, {'CONV': [64, 5]}, {'POOLMAX': [-1, 2]}), ({'CONV': [128, 5]}, {'CONV': [256, 3]}), ({'CONV': [32, 3]}, {'CONV': [256, 3]}, {'POOLMAX': [-1, 2]}), ({'CONV': [256, 3]}, {'CONV': [256, 3]}), ({'CONV': [64, 5]}, {'CONV': [256, 5]}, {'POOLMAX': [-1, 2]}), {'GLOBAL_AVG': None}, {'LAST_DENSE': [100, 'softmax']}]",HHSE,NSGA2,,,,,0.705971605848617,,,,3582597120,5850916,,,,,,"[58, 30, 16, 39, 20, 11, 52, 38]",0.7112831225733116,-0.0069622090512938,0.0,0.0,1.0,0.0,0.01,0,0,0,100,0,0.0,BEST,False,False,177,True,True,GREEDY,,,GREEDY_HV
BMPEDU[M],8,9,13,1,0.13,True,True,"[62, 5, 39, 43, 46, 6, 54, 31]",[],"[62.344860484508644, 5.534828523812912, 39.22327828580275, 43.60021536898061, 46.91453310660313, 6.742619392925387, 54.04523453739236, 31.767638792770907]","[{'INP': 32}, {'CONV': [64, 3]}, ({'CONV': [256, 5]}, {'CONV': [256, 3]}), ({'CONV': [32, 3]}, {'CONV': [128, 5]}, {'POOLMAX': [-1, 2]}), ({'CONV': [128, 3]}, {'CONV': [256, 5]}), ({'CONV': [128, 5]}, {'CONV': [64, 5]}, {'POOLMAX': [-1, 2]}), ({'CONV': [128, 5]}, {'CONV': [256, 3]}), ({'CONV': [32, 3]}, {'CONV': [256, 3]}, {'POOLMAX': [-1, 2]}), ({'CONV': [256, 3]}, {'CONV': [256, 3]}), ({'CONV': [64, 5]}, {'CONV': [256, 5]}, {'POOLMAX': [-1, 2]}), {'GLOBAL_AVG': None}, {'LAST_DENSE': [100, 'softmax']}]",HHSE,NSGA2,,,,,0.705971605848617,,,,3582597120,5850916,,,,,,"[58, 30, 16, 39, 20, 11, 52, 38]",0.7119221480733056,-0.0001406613680543,0.0,0.0,1.0,0.0,0.01,0,1,0,100,0,0.01,BEST,False,False,177,True,True,GREEDY,,,GREEDY_HV
BMPEDU[M],8,9,14,1,0.14,True,True,"[62, 5, 39, 43, 46, 6, 54, 31]",[],"[62.344860484508644, 5.534828523812912, 39.22327828580275, 43.60021536898061, 46.91453310660313, 6.742619392925387, 54.04523453739236, 31.767638792770907]","[{'INP': 32}, {'CONV': [64, 3]}, ({'CONV': [256, 5]}, {'CONV': [256, 3]}), ({'CONV': [32, 3]}, {'CONV': [128, 5]}, {'POOLMAX': [-1, 2]}), ({'CONV': [128, 3]}, {'CONV': [256, 5]}), ({'CONV': [128, 5]}, {'CONV': [64, 5]}, {'POOLMAX': [-1, 2]}), ({'CONV': [128, 5]}, {'CONV': [256, 3]}), ({'CONV': [32, 3]}, {'CONV': [256, 3]}, {'POOLMAX': [-1, 2]}), ({'CONV': [256, 3]}, {'CONV': [256, 3]}), ({'CONV': [64, 5]}, {'CONV': [256, 5]}, {'POOLMAX': [-1, 2]}), {'GLOBAL_AVG': None}, {'LAST_DENSE': [100, 'softmax']}]",HHSE,NSGA2,,,,,0.705971605848617,,,,3582597120,5850916,,,,,,"[58, 30, 16, 39, 20, 11, 52, 38]",0.7120450939684704,-0.0004643762114338,0.0,0.0,1.0,0.0,0.01,0,0,0,100,0,0.0,BEST,False,False,177,True,True,GREEDY,,,GREEDY_HV
BMPEDU[M],8,9,15,1,0.15,True,True,"[62, 5, 39, 43, 46, 6, 54, 31]",[],"[62.344860484508644, 5.534828523812912, 39.22327828580275, 43.60021536898061, 46.91453310660313, 6.742619392925387, 54.04523453739236, 31.767638792770907]","[{'INP': 32}, {'CONV': [64, 3]}, ({'CONV': [256, 5]}, {'CONV': [256, 3]}), ({'CONV': [32, 3]}, {'CONV': [128, 5]}, {'POOLMAX': [-1, 2]}), ({'CONV': [128, 3]}, {'CONV': [256, 5]}), ({'CONV': [128, 5]}, {'CONV': [64, 5]}, {'POOLMAX': [-1, 2]}), ({'CONV': [128, 5]}, {'CONV': [256, 3]}), ({'CONV': [32, 3]}, {'CONV': [256, 3]}, {'POOLMAX': [-1, 2]}), ({'CONV': [256, 3]}, {'CONV': [256, 3]}), ({'CONV': [64, 5]}, {'CONV': [256, 5]}, {'POOLMAX': [-1, 2]}), {'GLOBAL_AVG': None}, {'LAST_DENSE': [100, 'softmax']}]",HHSE,NSGA2,,,,,0.705971605848617,,,,3582597120,5850916,,,,,,"[58, 30, 16, 39, 20, 11, 52, 38]",0.7143524822513891,-0.0001819819294225,0.0,0.0,1.0,0.0,0.01,0,0,0,100,0,0.0,BEST,False,False,177,True,True,GREEDY,,,GREEDY_HV
BMPEDU[M],8,9,16,1,0.16,True,True,"[62, 5, 39, 43, 46, 6, 54, 31]",[],"[62.344860484508644, 5.534828523812912, 39.22327828580275, 43.60021536898061, 46.91453310660313, 6.742619392925387, 54.04523453739236, 31.767638792770907]","[{'INP': 32}, {'CONV': [64, 3]}, ({'CONV': [256, 5]}, {'CONV': [256, 3]}), ({'CONV': [32, 3]}, {'CONV': [128, 5]}, {'POOLMAX': [-1, 2]}), ({'CONV': [128, 3]}, {'CONV': [256, 5]}), ({'CONV': [128, 5]}, {'CONV': [64, 5]}, {'POOLMAX': [-1, 2]}), ({'CONV': [128, 5]}, {'CONV': [256, 3]}), ({'CONV': [32, 3]}, {'CONV': [256, 3]}, {'POOLMAX': [-1, 2]}), ({'CONV': [256, 3]}, {'CONV': [256, 3]}), ({'CONV': [64, 5]}, {'CONV': [256, 5]}, {'POOLMAX': [-1, 2]}), {'GLOBAL_AVG': None}, {'LAST_DENSE': [100, 'softmax']}]",HHSE,NSGA2,,,,,0.705971605848617,,,,3582597120,5850916,,,,,,"[58, 30, 16, 39, 20, 11, 52, 38]",0.714472437010495,-5.4857172120059694e-05,0.0,0.0,1.0,0.0,0.01,0,0,0,100,0,0.0,BEST,False,False,177,True,True,GREEDY,,,GREEDY_HV
BMPEDU[M],8,9,17,1,0.17,True,True,"[62, 5, 39, 43, 46, 6, 54, 31]",[],"[62.344860484508644, 5.534828523812912, 39.22327828580275, 43.60021536898061, 46.91453310660313, 6.742619392925387, 54.04523453739236, 31.767638792770907]","[{'INP': 32}, {'CONV': [64, 3]}, ({'CONV': [256, 5]}, {'CONV': [256, 3]}), ({'CONV': [32, 3]}, {'CONV': [128, 5]}, {'POOLMAX': [-1, 2]}), ({'CONV': [128, 3]}, {'CONV': [256, 5]}), ({'CONV': [128, 5]}, {'CONV': [64, 5]}, {'POOLMAX': [-1, 2]}), ({'CONV': [128, 5]}, {'CONV': [256, 3]}), ({'CONV': [32, 3]}, {'CONV': [256, 3]}, {'POOLMAX': [-1, 2]}), ({'CONV': [256, 3]}, {'CONV': [256, 3]}), ({'CONV': [64, 5]}, {'CONV': [256, 5]}, {'POOLMAX': [-1, 2]}), {'GLOBAL_AVG': None}, {'LAST_DENSE': [100, 'softmax']}]",HHSE,NSGA2,,,,,0.705971605848617,,,,3582597120,5850916,,,,,,"[58, 30, 16, 39, 20, 11, 52, 38]",0.7148013938259031,0.0001745389937906,0.0,0.0,1.0,0.0,0.01,0,1,0,100,0,0.01,BEST,False,False,177,True,True,GREEDY,,,GREEDY_HV
BMPEDU[M],8,9,18,1,0.18,True,True,"[62, 5, 39, 43, 46, 6, 54, 31]",[],"[62.344860484508644, 5.534828523812912, 39.22327828580275, 43.60021536898061, 46.91453310660313, 6.742619392925387, 54.04523453739236, 31.767638792770907]","[{'INP': 32}, {'CONV': [64, 3]}, ({'CONV': [256, 5]}, {'CONV': [256, 3]}), ({'CONV': [32, 3]}, {'CONV': [128, 5]}, {'POOLMAX': [-1, 2]}), ({'CONV': [128, 3]}, {'CONV': [256, 5]}), ({'CONV': [128, 5]}, {'CONV': [64, 5]}, {'POOLMAX': [-1, 2]}), ({'CONV': [128, 5]}, {'CONV': [256, 3]}), ({'CONV': [32, 3]}, {'CONV': [256, 3]}, {'POOLMAX': [-1, 2]}), ({'CONV': [256, 3]}, {'CONV': [256, 3]}), ({'CONV': [64, 5]}, {'CONV': [256, 5]}, {'POOLMAX': [-1, 2]}), {'GLOBAL_AVG': None}, {'LAST_DENSE': [100, 'softmax']}]",HHSE,NSGA2,,,,,0.705971605848617,,,,3582597120,5850916,,,,,,"[58, 30, 16, 39, 20, 11, 52, 38]",0.714394101741265,-0.0008033125355814,0.0,0.0,1.0,0.0,0.01,0,0,0,100,0,0.0,BEST,False,False,177,True,True,GREEDY,,,GREEDY_HV
BMPEDU[M],8,9,19,1,0.19,True,True,"[62, 5, 39, 43, 46, 6, 54, 31]",[],"[62.344860484508644, 5.534828523812912, 39.22327828580275, 43.60021536898061, 46.91453310660313, 6.742619392925387, 54.04523453739236, 31.767638792770907]","[{'INP': 32}, {'CONV': [64, 3]}, ({'CONV': [256, 5]}, {'CONV': [256, 3]}), ({'CONV': [32, 3]}, {'CONV': [128, 5]}, {'POOLMAX': [-1, 2]}), ({'CONV': [128, 3]}, {'CONV': [256, 5]}), ({'CONV': [128, 5]}, {'CONV': [64, 5]}, {'POOLMAX': [-1, 2]}), ({'CONV': [128, 5]}, {'CONV': [256, 3]}), ({'CONV': [32, 3]}, {'CONV': [256, 3]}, {'POOLMAX': [-1, 2]}), ({'CONV': [256, 3]}, {'CONV': [256, 3]}), ({'CONV': [64, 5]}, {'CONV': [256, 5]}, {'POOLMAX': [-1, 2]}), {'GLOBAL_AVG': None}, {'LAST_DENSE': [100, 'softmax']}]",HHSE,NSGA2,,,,,0.705971605848617,,,,3582597120,5850916,,,,,,"[58, 30, 16, 39, 20, 11, 52, 38]",0.7159128424387629,0.000538277164557,0.0,0.0,1.0,0.0,0.01,0,1,0,100,0,0.01,BEST,False,False,177,True,True,GREEDY,,,GREEDY_HV
BMPEDU[M],8,9,20,1,0.2,True,True,"[62, 5, 39, 43, 46, 6, 54, 31]",[],"[62.344860484508644, 5.534828523812912, 39.22327828580275, 43.60021536898061, 46.91453310660313, 6.742619392925387, 54.04523453739236, 31.767638792770907]","[{'INP': 32}, {'CONV': [64, 3]}, ({'CONV': [256, 5]}, {'CONV': [256, 3]}), ({'CONV': [32, 3]}, {'CONV': [128, 5]}, {'POOLMAX': [-1, 2]}), ({'CONV': [128, 3]}, {'CONV': [256, 5]}), ({'CONV': [128, 5]}, {'CONV': [64, 5]}, {'POOLMAX': [-1, 2]}), ({'CONV': [128, 5]}, {'CONV': [256, 3]}), ({'CONV': [32, 3]}, {'CONV': [256, 3]}, {'POOLMAX': [-1, 2]}), ({'CONV': [256, 3]}, {'CONV': [256, 3]}), ({'CONV': [64, 5]}, {'CONV': [256, 5]}, {'POOLMAX': [-1, 2]}), {'GLOBAL_AVG': None}, {'LAST_DENSE': [100, 'softmax']}]",HHSE,NSGA2,,,,,0.705971605848617,,,,3582597120,5850916,,,,,,"[58, 30, 16, 39, 20, 11, 52, 38]",0.7151146627038834,-0.0001636352171425,0.0,0.0,1.0,0.0,0.01,0,0,0,100,0,0.0,BEST,False,False,177,True,True,GREEDY,,,GREEDY_HV
BMPEDU[M],8,9,21,1,0.21,True,True,"[62, 5, 39, 43, 46, 6, 54, 31]",[],"[62.344860484508644, 5.534828523812912, 39.22327828580275, 43.60021536898061, 46.91453310660313, 6.742619392925387, 54.04523453739236, 31.767638792770907]","[{'INP': 32}, {'CONV': [64, 3]}, ({'CONV': [256, 5]}, {'CONV': [256, 3]}), ({'CONV': [32, 3]}, {'CONV': [128, 5]}, {'POOLMAX': [-1, 2]}), ({'CONV': [128, 3]}, {'CONV': [256, 5]}), ({'CONV': [128, 5]}, {'CONV': [64, 5]}, {'POOLMAX': [-1, 2]}), ({'CONV': [128, 5]}, {'CONV': [256, 3]}), ({'CONV': [32, 3]}, {'CONV': [256, 3]}, {'POOLMAX': [-1, 2]}), ({'CONV': [256, 3]}, {'CONV': [256, 3]}), ({'CONV': [64, 5]}, {'CONV': [256, 5]}, {'POOLMAX': [-1, 2]}), {'GLOBAL_AVG': None}, {'LAST_DENSE': [100, 'softmax']}]",HHSE,NSGA2,,,,,0.705971605848617,,,,3582597120,5850916,,,,,,"[58, 30, 16, 39, 20, 11, 52, 38]",0.7167127469523352,-0.0004425264808539,0.0,0.0,1.0,0.0,0.01,0,0,0,100,0,0.0,BEST,False,False,177,True,True,GREEDY,,,GREEDY_HV
BMPEDU[M],8,9,22,1,0.22,True,True,"[62, 5, 39, 43, 46, 6, 54, 31]",[],"[62.344860484508644, 5.534828523812912, 39.22327828580275, 43.60021536898061, 46.91453310660313, 6.742619392925387, 54.04523453739236, 31.767638792770907]","[{'INP': 32}, {'CONV': [64, 3]}, ({'CONV': [256, 5]}, {'CONV': [256, 3]}), ({'CONV': [32, 3]}, {'CONV': [128, 5]}, {'POOLMAX': [-1, 2]}), ({'CONV': [128, 3]}, {'CONV': [256, 5]}), ({'CONV': [128, 5]}, {'CONV': [64, 5]}, {'POOLMAX': [-1, 2]}), ({'CONV': [128, 5]}, {'CONV': [256, 3]}), ({'CONV': [32, 3]}, {'CONV': [256, 3]}, {'POOLMAX': [-1, 2]}), ({'CONV': [256, 3]}, {'CONV': [256, 3]}), ({'CONV': [64, 5]}, {'CONV': [256, 5]}, {'POOLMAX': [-1, 2]}), {'GLOBAL_AVG': None}, {'LAST_DENSE': [100, 'softmax']}]",HHSE,NSGA2,,,,,0.705971605848617,,,,3582597120,5850916,,,,,,"[58, 30, 16, 39, 20, 11, 52, 38]",0.7167290589148414,-0.0002323754293505,0.0,0.0,1.0,0.0,0.01,0,0,0,100,0,0.0,BEST,False,False,177,True,True,GREEDY,,,GREEDY_HV
BMPEDU[M],8,9,23,1,0.23,True,True,"[62, 5, 39, 43, 46, 6, 54, 31]",[],"[62.344860484508644, 5.534828523812912, 39.22327828580275, 43.60021536898061, 46.91453310660313, 6.742619392925387, 54.04523453739236, 31.767638792770907]","[{'INP': 32}, {'CONV': [64, 3]}, ({'CONV': [256, 5]}, {'CONV': [256, 3]}), ({'CONV': [32, 3]}, {'CONV': [128, 5]}, {'POOLMAX': [-1, 2]}), ({'CONV': [128, 3]}, {'CONV': [256, 5]}), ({'CONV': [128, 5]}, {'CONV': [64, 5]}, {'POOLMAX': [-1, 2]}), ({'CONV': [128, 5]}, {'CONV': [256, 3]}), ({'CONV': [32, 3]}, {'CONV': [256, 3]}, {'POOLMAX': [-1, 2]}), ({'CONV': [256, 3]}, {'CONV': [256, 3]}), ({'CONV': [64, 5]}, {'CONV': [256, 5]}, {'POOLMAX': [-1, 2]}), {'GLOBAL_AVG': None}, {'LAST_DENSE': [100, 'softmax']}]",HHSE,NSGA2,,,,,0.705971605848617,,,,3582597120,5850916,,,,,,"[58, 30, 16, 39, 20, 11, 52, 38]",0.7168567908032111,-0.0013026188367989,0.0,0.0,1.0,0.0,0.01,0,0,0,100,0,0.0,BEST,False,False,177,True,True,GREEDY,,,GREEDY_HV
BMPEDU[M],8,9,24,1,0.24,True,True,"[62, 5, 39, 43, 46, 6, 54, 31]",[],"[62.344860484508644, 5.534828523812912, 39.22327828580275, 43.60021536898061, 46.91453310660313, 6.742619392925387, 54.04523453739236, 31.767638792770907]","[{'INP': 32}, {'CONV': [64, 3]}, ({'CONV': [256, 5]}, {'CONV': [256, 3]}), ({'CONV': [32, 3]}, {'CONV': [128, 5]}, {'POOLMAX': [-1, 2]}), ({'CONV': [128, 3]}, {'CONV': [256, 5]}), ({'CONV': [128, 5]}, {'CONV': [64, 5]}, {'POOLMAX': [-1, 2]}), ({'CONV': [128, 5]}, {'CONV': [256, 3]}), ({'CONV': [32, 3]}, {'CONV': [256, 3]}, {'POOLMAX': [-1, 2]}), ({'CONV': [256, 3]}, {'CONV': [256, 3]}), ({'CONV': [64, 5]}, {'CONV': [256, 5]}, {'POOLMAX': [-1, 2]}), {'GLOBAL_AVG': None}, {'LAST_DENSE': [100, 'softmax']}]",HHSE,NSGA2,,,,,0.705971605848617,,,,3582597120,5850916,,,,,,"[58, 30, 16, 39, 20, 11, 52, 38]",0.7168370252001875,-0.0001724719610772,0.0,0.0,1.0,0.0,0.01,0,0,0,100,0,0.0,BEST,False,False,177,True,True,GREEDY,,,GREEDY_HV
BMPEDU[M],8,9,25,1,0.25,True,True,"[62, 5, 39, 43, 46, 6, 54, 31]",[],"[62.344860484508644, 5.534828523812912, 39.22327828580275, 43.60021536898061, 46.91453310660313, 6.742619392925387, 54.04523453739236, 31.767638792770907]","[{'INP': 32}, {'CONV': [64, 3]}, ({'CONV': [256, 5]}, {'CONV': [256, 3]}), ({'CONV': [32, 3]}, {'CONV': [128, 5]}, {'POOLMAX': [-1, 2]}), ({'CONV': [128, 3]}, {'CONV': [256, 5]}), ({'CONV': [128, 5]}, {'CONV': [64, 5]}, {'POOLMAX': [-1, 2]}), ({'CONV': [128, 5]}, {'CONV': [256, 3]}), ({'CONV': [32, 3]}, {'CONV': [256, 3]}, {'POOLMAX': [-1, 2]}), ({'CONV': [256, 3]}, {'CONV': [256, 3]}), ({'CONV': [64, 5]}, {'CONV': [256, 5]}, {'POOLMAX': [-1, 2]}), {'GLOBAL_AVG': None}, {'LAST_DENSE': [100, 'softmax']}]",HHSE,NSGA2,,,,,0.705971605848617,,,,3582597120,5850916,,,,,,"[58, 30, 16, 39, 20, 11, 52, 38]",0.717198152531102,-0.0002732964203502,0.0,0.0,1.0,0.0,0.01,0,0,0,100,0,0.0,BEST,False,False,177,True,True,GREEDY,,,GREEDY_HV
BMPEDU[M],8,9,26,1,0.26,True,True,"[62, 5, 39, 43, 46, 6, 54, 31]",[],"[62.344860484508644, 5.534828523812912, 39.22327828580275, 43.60021536898061, 46.91453310660313, 6.742619392925387, 54.04523453739236, 31.767638792770907]","[{'INP': 32}, {'CONV': [64, 3]}, ({'CONV': [256, 5]}, {'CONV': [256, 3]}), ({'CONV': [32, 3]}, {'CONV': [128, 5]}, {'POOLMAX': [-1, 2]}), ({'CONV': [128, 3]}, {'CONV': [256, 5]}), ({'CONV': [128, 5]}, {'CONV': [64, 5]}, {'POOLMAX': [-1, 2]}), ({'CONV': [128, 5]}, {'CONV': [256, 3]}), ({'CONV': [32, 3]}, {'CONV': [256, 3]}, {'POOLMAX': [-1, 2]}), ({'CONV': [256, 3]}, {'CONV': [256, 3]}), ({'CONV': [64, 5]}, {'CONV': [256, 5]}, {'POOLMAX': [-1, 2]}), {'GLOBAL_AVG': None}, {'LAST_DENSE': [100, 'softmax']}]",HHSE,NSGA2,,,,,0.705971605848617,,,,3582597120,5850916,,,,,,"[58, 30, 16, 39, 20, 11, 52, 38]",0.7173529840694848,-0.0001478376124591,0.0,0.0,1.0,0.0,0.01,0,0,0,100,0,0.0,BEST,False,False,177,True,True,GREEDY,,,GREEDY_HV
BMPEDU[M],8,9,27,1,0.27,True,True,"[62, 5, 39, 43, 46, 6, 54, 31]",[],"[62.344860484508644, 5.534828523812912, 39.22327828580275, 43.60021536898061, 46.91453310660313, 6.742619392925387, 54.04523453739236, 31.767638792770907]","[{'INP': 32}, {'CONV': [64, 3]}, ({'CONV': [256, 5]}, {'CONV': [256, 3]}), ({'CONV': [32, 3]}, {'CONV': [128, 5]}, {'POOLMAX': [-1, 2]}), ({'CONV': [128, 3]}, {'CONV': [256, 5]}), ({'CONV': [128, 5]}, {'CONV': [64, 5]}, {'POOLMAX': [-1, 2]}), ({'CONV': [128, 5]}, {'CONV': [256, 3]}), ({'CONV': [32, 3]}, {'CONV': [256, 3]}, {'POOLMAX': [-1, 2]}), ({'CONV': [256, 3]}, {'CONV': [256, 3]}), ({'CONV': [64, 5]}, {'CONV': [256, 5]}, {'POOLMAX': [-1, 2]}), {'GLOBAL_AVG': None}, {'LAST_DENSE': [100, 'softmax']}]",HHSE,NSGA2,,,,,0.705971605848617,,,,3582597120,5850916,,,,,,"[58, 30, 16, 39, 20, 11, 52, 38]",0.7174356107035423,-0.0013650832653424,0.0,0.0,1.0,0.0,0.01,0,2,0,100,0,0.02,BEST,False,False,177,True,True,GREEDY,,,GREEDY_HV
BMPEDU[M],8,9,28,1,0.28,True,True,"[62, 5, 39, 43, 46, 6, 54, 31]",[],"[62.344860484508644, 5.534828523812912, 39.22327828580275, 43.60021536898061, 46.91453310660313, 6.742619392925387, 54.04523453739236, 31.767638792770907]","[{'INP': 32}, {'CONV': [64, 3]}, ({'CONV': [256, 5]}, {'CONV': [256, 3]}), ({'CONV': [32, 3]}, {'CONV': [128, 5]}, {'POOLMAX': [-1, 2]}), ({'CONV': [128, 3]}, {'CONV': [256, 5]}), ({'CONV': [128, 5]}, {'CONV': [64, 5]}, {'POOLMAX': [-1, 2]}), ({'CONV': [128, 5]}, {'CONV': [256, 3]}), ({'CONV': [32, 3]}, {'CONV': [256, 3]}, {'POOLMAX': [-1, 2]}), ({'CONV': [256, 3]}, {'CONV': [256, 3]}), ({'CONV': [64, 5]}, {'CONV': [256, 5]}, {'POOLMAX': [-1, 2]}), {'GLOBAL_AVG': None}, {'LAST_DENSE': [100, 'softmax']}]",HHSE,NSGA2,,,,,0.705971605848617,,,,3582597120,5850916,,,,,,"[58, 30, 16, 39, 20, 11, 52, 38]",0.7174319255057655,-0.0050995898305667,0.0,0.0,1.0,0.0,0.01,0,0,0,100,0,0.0,BEST,False,False,177,True,True,GREEDY,,,GREEDY_HV
BMPEDU[M],8,9,29,1,0.29,True,True,"[62, 5, 39, 43, 46, 6, 54, 31]",[],"[62.344860484508644, 5.534828523812912, 39.22327828580275, 43.60021536898061, 46.91453310660313, 6.742619392925387, 54.04523453739236, 31.767638792770907]","[{'INP': 32}, {'CONV': [64, 3]}, ({'CONV': [256, 5]}, {'CONV': [256, 3]}), ({'CONV': [32, 3]}, {'CONV': [128, 5]}, {'POOLMAX': [-1, 2]}), ({'CONV': [128, 3]}, {'CONV': [256, 5]}), ({'CONV': [128, 5]}, {'CONV': [64, 5]}, {'POOLMAX': [-1, 2]}), ({'CONV': [128, 5]}, {'CONV': [256, 3]}), ({'CONV': [32, 3]}, {'CONV': [256, 3]}, {'POOLMAX': [-1, 2]}), ({'CONV': [256, 3]}, {'CONV': [256, 3]}), ({'CONV': [64, 5]}, {'CONV': [256, 5]}, {'POOLMAX': [-1, 2]}), {'GLOBAL_AVG': None}, {'LAST_DENSE': [100, 'softmax']}]",HHSE,NSGA2,,,,,0.705971605848617,,,,3582597120,5850916,,,,,,"[58, 30, 16, 39, 20, 11, 52, 38]",0.7175770606355025,-0.0009185959064939,0.0,0.0,1.0,0.0,0.01,0,0,0,100,0,0.0,BEST,False,False,177,True,True,GREEDY,,,GREEDY_HV
BMPEDU[M],8,9,30,1,0.3,True,True,"[62, 5, 39, 43, 46, 6, 54, 31]",[],"[62.344860484508644, 5.534828523812912, 39.22327828580275, 43.60021536898061, 46.91453310660313, 6.742619392925387, 54.04523453739236, 31.767638792770907]","[{'INP': 32}, {'CONV': [64, 3]}, ({'CONV': [256, 5]}, {'CONV': [256, 3]}), ({'CONV': [32, 3]}, {'CONV': [128, 5]}, {'POOLMAX': [-1, 2]}), ({'CONV': [128, 3]}, {'CONV': [256, 5]}), ({'CONV': [128, 5]}, {'CONV': [64, 5]}, {'POOLMAX': [-1, 2]}), ({'CONV': [128, 5]}, {'CONV': [256, 3]}), ({'CONV': [32, 3]}, {'CONV': [256, 3]}, {'POOLMAX': [-1, 2]}), ({'CONV': [256, 3]}, {'CONV': [256, 3]}), ({'CONV': [64, 5]}, {'CONV': [256, 5]}, {'POOLMAX': [-1, 2]}), {'GLOBAL_AVG': None}, {'LAST_DENSE': [100, 'softmax']}]",HHSE,NSGA2,,,,,0.705971605848617,,,,3582597120,5850916,,,,,,"[58, 30, 16, 39, 20, 11, 52, 38]",0.7176083279852621,-0.0012991193308864,0.0,0.0,1.0,0.0,0.01,0,0,0,100,0,0.0,BEST,False,False,177,True,True,GREEDY,,,GREEDY_HV
BMPEDU[M],8,9,31,1,0.31,True,True,"[62, 5, 39, 43, 46, 6, 54, 31]",[],"[62.344860484508644, 5.534828523812912, 39.22327828580275, 43.60021536898061, 46.91453310660313, 6.742619392925387, 54.04523453739236, 31.767638792770907]","[{'INP': 32}, {'CONV': [64, 3]}, ({'CONV': [256, 5]}, {'CONV': [256, 3]}), ({'CONV': [32, 3]}, {'CONV': [128, 5]}, {'POOLMAX': [-1, 2]}), ({'CONV': [128, 3]}, {'CONV': [256, 5]}), ({'CONV': [128, 5]}, {'CONV': [64, 5]}, {'POOLMAX': [-1, 2]}), ({'CONV': [128, 5]}, {'CONV': [256, 3]}), ({'CONV': [32, 3]}, {'CONV': [256, 3]}, {'POOLMAX': [-1, 2]}), ({'CONV': [256, 3]}, {'CONV': [256, 3]}), ({'CONV': [64, 5]}, {'CONV': [256, 5]}, {'POOLMAX': [-1, 2]}), {'GLOBAL_AVG': None}, {'LAST_DENSE': [100, 'softmax']}]",HHSE,NSGA2,,,,,0.705971605848617,,,,3582597120,5850916,,,,,,"[58, 30, 16, 39, 20, 11, 52, 38]",0.7176133319541624,-0.0007991713080766,0.0,0.0,1.0,0.0,0.01,0,0,0,100,0,0.0,BEST,False,False,177,True,True,GREEDY,,,GREEDY_HV
BMPEDU[M],8,9,32,1,0.32,True,True,"[62, 5, 39, 43, 46, 6, 54, 31]",[],"[62.344860484508644, 5.534828523812912, 39.22327828580275, 43.60021536898061, 46.91453310660313, 6.742619392925387, 54.04523453739236, 31.767638792770907]","[{'INP': 32}, {'CONV': [64, 3]}, ({'CONV': [256, 5]}, {'CONV': [256, 3]}), ({'CONV': [32, 3]}, {'CONV': [128, 5]}, {'POOLMAX': [-1, 2]}), ({'CONV': [128, 3]}, {'CONV': [256, 5]}), ({'CONV': [128, 5]}, {'CONV': [64, 5]}, {'POOLMAX': [-1, 2]}), ({'CONV': [128, 5]}, {'CONV': [256, 3]}), ({'CONV': [32, 3]}, {'CONV': [256, 3]}, {'POOLMAX': [-1, 2]}), ({'CONV': [256, 3]}, {'CONV': [256, 3]}), ({'CONV': [64, 5]}, {'CONV': [256, 5]}, {'POOLMAX': [-1, 2]}), {'GLOBAL_AVG': None}, {'LAST_DENSE': [100, 'softmax']}]",HHSE,NSGA2,,,,,0.705971605848617,,,,3582597120,5850916,,,,,,"[58, 30, 16, 39, 20, 11, 52, 38]",0.7176378385968133,-0.0013650887733862,0.0,0.0,1.0,0.0,0.01,0,0,0,100,0,0.0,BEST,False,False,177,True,True,GREEDY,,,GREEDY_HV
BMPEDU[M],8,9,33,1,0.33,True,True,"[62, 5, 39, 43, 46, 6, 54, 31]",[],"[62.344860484508644, 5.534828523812912, 39.22327828580275, 43.60021536898061, 46.91453310660313, 6.742619392925387, 54.04523453739236, 31.767638792770907]","[{'INP': 32}, {'CONV': [64, 3]}, ({'CONV': [256, 5]}, {'CONV': [256, 3]}), ({'CONV': [32, 3]}, {'CONV': [128, 5]}, {'POOLMAX': [-1, 2]}), ({'CONV': [128, 3]}, {'CONV': [256, 5]}), ({'CONV': [128, 5]}, {'CONV': [64, 5]}, {'POOLMAX': [-1, 2]}), ({'CONV': [128, 5]}, {'CONV': [256, 3]}), ({'CONV': [32, 3]}, {'CONV': [256, 3]}, {'POOLMAX': [-1, 2]}), ({'CONV': [256, 3]}, {'CONV': [256, 3]}), ({'CONV': [64, 5]}, {'CONV': [256, 5]}, {'POOLMAX': [-1, 2]}), {'GLOBAL_AVG': None}, {'LAST_DENSE': [100, 'softmax']}]",HHSE,NSGA2,,,,,0.705971605848617,,,,3582597120,5850916,,,,,,"[58, 30, 16, 39, 20, 11, 52, 38]",0.7176469222713535,-0.0002279365244993,0.0,0.0,1.0,0.0,0.01,0,0,0,100,0,0.0,BEST,False,False,177,True,True,GREEDY,,,GREEDY_HV
BMPEDU[M],8,9,34,1,0.34,True,True,"[62, 5, 39, 43, 46, 6, 54, 31]",[],"[62.344860484508644, 5.534828523812912, 39.22327828580275, 43.60021536898061, 46.91453310660313, 6.742619392925387, 54.04523453739236, 31.767638792770907]","[{'INP': 32}, {'CONV': [64, 3]}, ({'CONV': [256, 5]}, {'CONV': [256, 3]}), ({'CONV': [32, 3]}, {'CONV': [128, 5]}, {'POOLMAX': [-1, 2]}), ({'CONV': [128, 3]}, {'CONV': [256, 5]}), ({'CONV': [128, 5]}, {'CONV': [64, 5]}, {'POOLMAX': [-1, 2]}), ({'CONV': [128, 5]}, {'CONV': [256, 3]}), ({'CONV': [32, 3]}, {'CONV': [256, 3]}, {'POOLMAX': [-1, 2]}), ({'CONV': [256, 3]}, {'CONV': [256, 3]}), ({'CONV': [64, 5]}, {'CONV': [256, 5]}, {'POOLMAX': [-1, 2]}), {'GLOBAL_AVG': None}, {'LAST_DENSE': [100, 'softmax']}]",HHSE,NSGA2,,,,,0.705971605848617,,,,3582597120,5850916,,,,,,"[58, 30, 16, 39, 20, 11, 52, 38]",0.7176915093434152,-0.0011547588184056,0.0,0.0,1.0,0.0,0.01,0,0,0,100,0,0.0,BEST,False,False,177,True,True,GREEDY,,,GREEDY_HV
BMPEDU[M],8,9,35,1,0.35,True,True,"[62, 5, 39, 43, 46, 6, 54, 31]",[],"[62.344860484508644, 5.534828523812912, 39.22327828580275, 43.60021536898061, 46.91453310660313, 6.742619392925387, 54.04523453739236, 31.767638792770907]","[{'INP': 32}, {'CONV': [64, 3]}, ({'CONV': [256, 5]}, {'CONV': [256, 3]}), ({'CONV': [32, 3]}, {'CONV': [128, 5]}, {'POOLMAX': [-1, 2]}), ({'CONV': [128, 3]}, {'CONV': [256, 5]}), ({'CONV': [128, 5]}, {'CONV': [64, 5]}, {'POOLMAX': [-1, 2]}), ({'CONV': [128, 5]}, {'CONV': [256, 3]}), ({'CONV': [32, 3]}, {'CONV': [256, 3]}, {'POOLMAX': [-1, 2]}), ({'CONV': [256, 3]}, {'CONV': [256, 3]}), ({'CONV': [64, 5]}, {'CONV': [256, 5]}, {'POOLMAX': [-1, 2]}), {'GLOBAL_AVG': None}, {'LAST_DENSE': [100, 'softmax']}]",HHSE,NSGA2,,,,,0.705971605848617,,,,3582597120,5850916,,,,,,"[58, 30, 16, 39, 20, 11, 52, 38]",0.7182395470898363,-0.0013561367797768,0.0,0.0,1.0,0.0,0.01,0,0,0,100,0,0.0,BEST,False,False,177,True,True,GREEDY,,,GREEDY_HV
BMPEDU[M],8,9,36,1,0.36,True,True,"[62, 5, 39, 43, 46, 6, 54, 31]",[],"[62.344860484508644, 5.534828523812912, 39.22327828580275, 43.60021536898061, 46.91453310660313, 6.742619392925387, 54.04523453739236, 31.767638792770907]","[{'INP': 32}, {'CONV': [64, 3]}, ({'CONV': [256, 5]}, {'CONV': [256, 3]}), ({'CONV': [32, 3]}, {'CONV': [128, 5]}, {'POOLMAX': [-1, 2]}), ({'CONV': [128, 3]}, {'CONV': [256, 5]}), ({'CONV': [128, 5]}, {'CONV': [64, 5]}, {'POOLMAX': [-1, 2]}), ({'CONV': [128, 5]}, {'CONV': [256, 3]}), ({'CONV': [32, 3]}, {'CONV': [256, 3]}, {'POOLMAX': [-1, 2]}), ({'CONV': [256, 3]}, {'CONV': [256, 3]}), ({'CONV': [64, 5]}, {'CONV': [256, 5]}, {'POOLMAX': [-1, 2]}), {'GLOBAL_AVG': None}, {'LAST_DENSE': [100, 'softmax']}]",HHSE,NSGA2,,,,,0.705971605848617,,,,3582597120,5850916,,,,,,"[58, 30, 16, 39, 20, 11, 52, 38]",0.7181431490992289,-0.0008776333740387,0.0,0.0,1.0,0.0,0.01,0,0,0,100,0,0.0,BEST,False,False,177,True,True,GREEDY,,,GREEDY_HV
BMPEDU[M],8,9,37,1,0.37,True,True,"[62, 5, 39, 43, 46, 6, 54, 31]",[],"[62.344860484508644, 5.534828523812912, 39.22327828580275, 43.60021536898061, 46.91453310660313, 6.742619392925387, 54.04523453739236, 31.767638792770907]","[{'INP': 32}, {'CONV': [64, 3]}, ({'CONV': [256, 5]}, {'CONV': [256, 3]}), ({'CONV': [32, 3]}, {'CONV': [128, 5]}, {'POOLMAX': [-1, 2]}), ({'CONV': [128, 3]}, {'CONV': [256, 5]}), ({'CONV': [128, 5]}, {'CONV': [64, 5]}, {'POOLMAX': [-1, 2]}), ({'CONV': [128, 5]}, {'CONV': [256, 3]}), ({'CONV': [32, 3]}, {'CONV': [256, 3]}, {'POOLMAX': [-1, 2]}), ({'CONV': [256, 3]}, {'CONV': [256, 3]}), ({'CONV': [64, 5]}, {'CONV': [256, 5]}, {'POOLMAX': [-1, 2]}), {'GLOBAL_AVG': None}, {'LAST_DENSE': [100, 'softmax']}]",HHSE,NSGA2,,,,,0.705971605848617,,,,3582597120,5850916,,,,,,"[58, 30, 16, 39, 20, 11, 52, 38]",0.718978174950107,-0.0020775034407942,0.0,0.0,1.0,0.0,0.01,0,0,0,100,0,0.0,BEST,False,False,177,True,True,GREEDY,,,GREEDY_HV
BMPEDU[M],8,9,38,1,0.38,True,True,"[62, 5, 39, 43, 46, 6, 54, 31]",[],"[62.344860484508644, 5.534828523812912, 39.22327828580275, 43.60021536898061, 46.91453310660313, 6.742619392925387, 54.04523453739236, 31.767638792770907]","[{'INP': 32}, {'CONV': [64, 3]}, ({'CONV': [256, 5]}, {'CONV': [256, 3]}), ({'CONV': [32, 3]}, {'CONV': [128, 5]}, {'POOLMAX': [-1, 2]}), ({'CONV': [128, 3]}, {'CONV': [256, 5]}), ({'CONV': [128, 5]}, {'CONV': [64, 5]}, {'POOLMAX': [-1, 2]}), ({'CONV': [128, 5]}, {'CONV': [256, 3]}), ({'CONV': [32, 3]}, {'CONV': [256, 3]}, {'POOLMAX': [-1, 2]}), ({'CONV': [256, 3]}, {'CONV': [256, 3]}), ({'CONV': [64, 5]}, {'CONV': [256, 5]}, {'POOLMAX': [-1, 2]}), {'GLOBAL_AVG': None}, {'LAST_DENSE': [100, 'softmax']}]",HHSE,NSGA2,,,,,0.705971605848617,,,,3582597120,5850916,,,,,,"[58, 30, 16, 39, 20, 11, 52, 38]",0.719513452025337,-0.0002462051347928,0.0,0.0,1.0,0.0,0.01,0,0,0,100,0,0.0,BEST,False,False,177,True,True,GREEDY,,,GREEDY_HV
BMPEDU[M],8,9,39,1,0.39,True,True,"[62, 5, 39, 43, 46, 6, 54, 31]",[],"[62.344860484508644, 5.534828523812912, 39.22327828580275, 43.60021536898061, 46.91453310660313, 6.742619392925387, 54.04523453739236, 31.767638792770907]","[{'INP': 32}, {'CONV': [64, 3]}, ({'CONV': [256, 5]}, {'CONV': [256, 3]}), ({'CONV': [32, 3]}, {'CONV': [128, 5]}, {'POOLMAX': [-1, 2]}), ({'CONV': [128, 3]}, {'CONV': [256, 5]}), ({'CONV': [128, 5]}, {'CONV': [64, 5]}, {'POOLMAX': [-1, 2]}), ({'CONV': [128, 5]}, {'CONV': [256, 3]}), ({'CONV': [32, 3]}, {'CONV': [256, 3]}, {'POOLMAX': [-1, 2]}), ({'CONV': [256, 3]}, {'CONV': [256, 3]}), ({'CONV': [64, 5]}, {'CONV': [256, 5]}, {'POOLMAX': [-1, 2]}), {'GLOBAL_AVG': None}, {'LAST_DENSE': [100, 'softmax']}]",HHSE,NSGA2,,,,,0.705971605848617,,,,3582597120,5850916,,,,,,"[58, 30, 16, 39, 20, 11, 52, 38]",0.719505791843543,-0.0017738495540143,0.0,0.0,1.0,0.0,0.01,0,0,0,100,0,0.0,BEST,False,False,177,True,True,GREEDY,,,GREEDY_HV
BMPEDU[M],8,9,40,1,0.4,True,True,"[62, 5, 39, 43, 46, 6, 54, 31]",[],"[62.344860484508644, 5.534828523812912, 39.22327828580275, 43.60021536898061, 46.91453310660313, 6.742619392925387, 54.04523453739236, 31.767638792770907]","[{'INP': 32}, {'CONV': [64, 3]}, ({'CONV': [256, 5]}, {'CONV': [256, 3]}), ({'CONV': [32, 3]}, {'CONV': [128, 5]}, {'POOLMAX': [-1, 2]}), ({'CONV': [128, 3]}, {'CONV': [256, 5]}), ({'CONV': [128, 5]}, {'CONV': [64, 5]}, {'POOLMAX': [-1, 2]}), ({'CONV': [128, 5]}, {'CONV': [256, 3]}), ({'CONV': [32, 3]}, {'CONV': [256, 3]}, {'POOLMAX': [-1, 2]}), ({'CONV': [256, 3]}, {'CONV': [256, 3]}), ({'CONV': [64, 5]}, {'CONV': [256, 5]}, {'POOLMAX': [-1, 2]}), {'GLOBAL_AVG': None}, {'LAST_DENSE': [100, 'softmax']}]",HHSE,NSGA2,,,,,0.705971605848617,,,,3582597120,5850916,,,,,,"[58, 30, 16, 39, 20, 11, 52, 38]",0.7195230363624578,-0.0014624896010986,0.0,0.0,1.0,0.0,0.01,0,0,0,100,0,0.0,BEST,False,False,177,True,True,GREEDY,,,GREEDY_HV
BMPEDU[M],8,9,41,1,0.41,True,True,"[62, 5, 39, 43, 46, 6, 54, 31]",[],"[62.344860484508644, 5.534828523812912, 39.22327828580275, 43.60021536898061, 46.91453310660313, 6.742619392925387, 54.04523453739236, 31.767638792770907]","[{'INP': 32}, {'CONV': [64, 3]}, ({'CONV': [256, 5]}, {'CONV': [256, 3]}), ({'CONV': [32, 3]}, {'CONV': [128, 5]}, {'POOLMAX': [-1, 2]}), ({'CONV': [128, 3]}, {'CONV': [256, 5]}), ({'CONV': [128, 5]}, {'CONV': [64, 5]}, {'POOLMAX': [-1, 2]}), ({'CONV': [128, 5]}, {'CONV': [256, 3]}), ({'CONV': [32, 3]}, {'CONV': [256, 3]}, {'POOLMAX': [-1, 2]}), ({'CONV': [256, 3]}, {'CONV': [256, 3]}), ({'CONV': [64, 5]}, {'CONV': [256, 5]}, {'POOLMAX': [-1, 2]}), {'GLOBAL_AVG': None}, {'LAST_DENSE': [100, 'softmax']}]",HHSE,NSGA2,,,,,0.705971605848617,,,,3582597120,5850916,,,,,,"[58, 30, 16, 39, 20, 11, 52, 38]",0.7196991192806177,-6.690306343426489e-05,0.0,0.0,1.0,0.0,0.01,0,0,0,100,0,0.0,BEST,False,False,177,True,True,GREEDY,,,GREEDY_HV
BMPEDU[M],8,9,42,1,0.42,True,True,"[62, 5, 39, 43, 46, 6, 54, 31]",[],"[62.344860484508644, 5.534828523812912, 39.22327828580275, 43.60021536898061, 46.91453310660313, 6.742619392925387, 54.04523453739236, 31.767638792770907]","[{'INP': 32}, {'CONV': [64, 3]}, ({'CONV': [256, 5]}, {'CONV': [256, 3]}), ({'CONV': [32, 3]}, {'CONV': [128, 5]}, {'POOLMAX': [-1, 2]}), ({'CONV': [128, 3]}, {'CONV': [256, 5]}), ({'CONV': [128, 5]}, {'CONV': [64, 5]}, {'POOLMAX': [-1, 2]}), ({'CONV': [128, 5]}, {'CONV': [256, 3]}), ({'CONV': [32, 3]}, {'CONV': [256, 3]}, {'POOLMAX': [-1, 2]}), ({'CONV': [256, 3]}, {'CONV': [256, 3]}), ({'CONV': [64, 5]}, {'CONV': [256, 5]}, {'POOLMAX': [-1, 2]}), {'GLOBAL_AVG': None}, {'LAST_DENSE': [100, 'softmax']}]",HHSE,NSGA2,,,,,0.705971605848617,,,,3582597120,5850916,,,,,,"[58, 30, 16, 39, 20, 11, 52, 38]",0.7197529499933728,-0.0026164293675015,0.0,0.0,1.0,0.0,0.01,0,0,0,100,0,0.0,BEST,False,False,177,True,True,GREEDY,,,GREEDY_HV
BMPEDU[M],8,9,43,1,0.43,True,True,"[62, 5, 39, 43, 46, 6, 54, 31]",[],"[62.344860484508644, 5.534828523812912, 39.22327828580275, 43.60021536898061, 46.91453310660313, 6.742619392925387, 54.04523453739236, 31.767638792770907]","[{'INP': 32}, {'CONV': [64, 3]}, ({'CONV': [256, 5]}, {'CONV': [256, 3]}), ({'CONV': [32, 3]}, {'CONV': [128, 5]}, {'POOLMAX': [-1, 2]}), ({'CONV': [128, 3]}, {'CONV': [256, 5]}), ({'CONV': [128, 5]}, {'CONV': [64, 5]}, {'POOLMAX': [-1, 2]}), ({'CONV': [128, 5]}, {'CONV': [256, 3]}), ({'CONV': [32, 3]}, {'CONV': [256, 3]}, {'POOLMAX': [-1, 2]}), ({'CONV': [256, 3]}, {'CONV': [256, 3]}), ({'CONV': [64, 5]}, {'CONV': [256, 5]}, {'POOLMAX': [-1, 2]}), {'GLOBAL_AVG': None}, {'LAST_DENSE': [100, 'softmax']}]",HHSE,NSGA2,,,,,0.705971605848617,,,,3582597120,5850916,,,,,,"[58, 30, 16, 39, 20, 11, 52, 38]",0.7199559407204628,-0.0019079484342489,0.0,0.0,1.0,0.0,0.01,0,0,0,100,0,0.0,BEST,False,False,177,True,True,GREEDY,,,GREEDY_HV
BMPEDU[M],8,9,44,1,0.44,True,True,"[62, 5, 39, 43, 46, 6, 54, 31]",[],"[62.344860484508644, 5.534828523812912, 39.22327828580275, 43.60021536898061, 46.91453310660313, 6.742619392925387, 54.04523453739236, 31.767638792770907]","[{'INP': 32}, {'CONV': [64, 3]}, ({'CONV': [256, 5]}, {'CONV': [256, 3]}), ({'CONV': [32, 3]}, {'CONV': [128, 5]}, {'POOLMAX': [-1, 2]}), ({'CONV': [128, 3]}, {'CONV': [256, 5]}), ({'CONV': [128, 5]}, {'CONV': [64, 5]}, {'POOLMAX': [-1, 2]}), ({'CONV': [128, 5]}, {'CONV': [256, 3]}), ({'CONV': [32, 3]}, {'CONV': [256, 3]}, {'POOLMAX': [-1, 2]}), ({'CONV': [256, 3]}, {'CONV': [256, 3]}), ({'CONV': [64, 5]}, {'CONV': [256, 5]}, {'POOLMAX': [-1, 2]}), {'GLOBAL_AVG': None}, {'LAST_DENSE': [100, 'softmax']}]",HHSE,NSGA2,,,,,0.705971605848617,,,,3582597120,5850916,,,,,,"[58, 30, 16, 39, 20, 11, 52, 38]",0.7199189544752378,-0.0001860982635415,0.0,0.0,1.0,0.0,0.01,0,0,0,100,0,0.0,BEST,False,False,177,True,True,GREEDY,,,GREEDY_HV
BMPEDU[M],8,9,45,1,0.45,True,True,"[62, 5, 39, 43, 46, 6, 54, 31]",[],"[62.344860484508644, 5.534828523812912, 39.22327828580275, 43.60021536898061, 46.91453310660313, 6.742619392925387, 54.04523453739236, 31.767638792770907]","[{'INP': 32}, {'CONV': [64, 3]}, ({'CONV': [256, 5]}, {'CONV': [256, 3]}), ({'CONV': [32, 3]}, {'CONV': [128, 5]}, {'POOLMAX': [-1, 2]}), ({'CONV': [128, 3]}, {'CONV': [256, 5]}), ({'CONV': [128, 5]}, {'CONV': [64, 5]}, {'POOLMAX': [-1, 2]}), ({'CONV': [128, 5]}, {'CONV': [256, 3]}), ({'CONV': [32, 3]}, {'CONV': [256, 3]}, {'POOLMAX': [-1, 2]}), ({'CONV': [256, 3]}, {'CONV': [256, 3]}), ({'CONV': [64, 5]}, {'CONV': [256, 5]}, {'POOLMAX': [-1, 2]}), {'GLOBAL_AVG': None}, {'LAST_DENSE': [100, 'softmax']}]",HHSE,NSGA2,,,,,0.705971605848617,,,,3582597120,5850916,,,,,,"[58, 30, 16, 39, 20, 11, 52, 38]",0.7199234103685896,-0.0014597321746543,0.0,0.0,1.0,0.0,0.01,0,0,0,100,0,0.0,BEST,False,False,177,True,True,GREEDY,,,GREEDY_HV
BMPEDU[M],8,9,46,1,0.46,True,True,"[62, 5, 39, 43, 46, 6, 54, 31]",[],"[62.344860484508644, 5.534828523812912, 39.22327828580275, 43.60021536898061, 46.91453310660313, 6.742619392925387, 54.04523453739236, 31.767638792770907]","[{'INP': 32}, {'CONV': [64, 3]}, ({'CONV': [256, 5]}, {'CONV': [256, 3]}), ({'CONV': [32, 3]}, {'CONV': [128, 5]}, {'POOLMAX': [-1, 2]}), ({'CONV': [128, 3]}, {'CONV': [256, 5]}), ({'CONV': [128, 5]}, {'CONV': [64, 5]}, {'POOLMAX': [-1, 2]}), ({'CONV': [128, 5]}, {'CONV': [256, 3]}), ({'CONV': [32, 3]}, {'CONV': [256, 3]}, {'POOLMAX': [-1, 2]}), ({'CONV': [256, 3]}, {'CONV': [256, 3]}), ({'CONV': [64, 5]}, {'CONV': [256, 5]}, {'POOLMAX': [-1, 2]}), {'GLOBAL_AVG': None}, {'LAST_DENSE': [100, 'softmax']}]",HHSE,NSGA2,,,,,0.705971605848617,,,,3582597120,5850916,,,,,,"[58, 30, 16, 39, 20, 11, 52, 38]",0.7200585873350387,-0.0016340172866228,0.0,0.0,1.0,0.0,0.01,0,0,0,100,0,0.0,BEST,False,False,177,True,True,GREEDY,,,GREEDY_HV
BMPEDU[M],8,9,47,1,0.47,True,True,"[62, 5, 39, 43, 46, 6, 54, 31]",[],"[62.344860484508644, 5.534828523812912, 39.22327828580275, 43.60021536898061, 46.91453310660313, 6.742619392925387, 54.04523453739236, 31.767638792770907]","[{'INP': 32}, {'CONV': [64, 3]}, ({'CONV': [256, 5]}, {'CONV': [256, 3]}), ({'CONV': [32, 3]}, {'CONV': [128, 5]}, {'POOLMAX': [-1, 2]}), ({'CONV': [128, 3]}, {'CONV': [256, 5]}), ({'CONV': [128, 5]}, {'CONV': [64, 5]}, {'POOLMAX': [-1, 2]}), ({'CONV': [128, 5]}, {'CONV': [256, 3]}), ({'CONV': [32, 3]}, {'CONV': [256, 3]}, {'POOLMAX': [-1, 2]}), ({'CONV': [256, 3]}, {'CONV': [256, 3]}), ({'CONV': [64, 5]}, {'CONV': [256, 5]}, {'POOLMAX': [-1, 2]}), {'GLOBAL_AVG': None}, {'LAST_DENSE': [100, 'softmax']}]",HHSE,NSGA2,,,,,0.705971605848617,,,,3582597120,5850916,,,,,,"[58, 30, 16, 39, 20, 11, 52, 38]",0.7200585873350387,-0.0006544307098839,0.0,0.0,1.0,0.0,0.01,0,0,0,100,0,0.0,BEST,False,False,177,True,True,GREEDY,,,GREEDY_HV
BMPEDU[M],8,9,48,1,0.48,True,True,"[62, 5, 39, 43, 46, 6, 54, 31]",[],"[62.344860484508644, 5.534828523812912, 39.22327828580275, 43.60021536898061, 46.91453310660313, 6.742619392925387, 54.04523453739236, 31.767638792770907]","[{'INP': 32}, {'CONV': [64, 3]}, ({'CONV': [256, 5]}, {'CONV': [256, 3]}), ({'CONV': [32, 3]}, {'CONV': [128, 5]}, {'POOLMAX': [-1, 2]}), ({'CONV': [128, 3]}, {'CONV': [256, 5]}), ({'CONV': [128, 5]}, {'CONV': [64, 5]}, {'POOLMAX': [-1, 2]}), ({'CONV': [128, 5]}, {'CONV': [256, 3]}), ({'CONV': [32, 3]}, {'CONV': [256, 3]}, {'POOLMAX': [-1, 2]}), ({'CONV': [256, 3]}, {'CONV': [256, 3]}), ({'CONV': [64, 5]}, {'CONV': [256, 5]}, {'POOLMAX': [-1, 2]}), {'GLOBAL_AVG': None}, {'LAST_DENSE': [100, 'softmax']}]",HHSE,NSGA2,,,,,0.705971605848617,,,,3582597120,5850916,,,,,,"[58, 30, 16, 39, 20, 11, 52, 38]",0.7211078272687657,-0.0002484627798342,0.0,0.0,1.0,0.0,0.01,0,0,0,100,0,0.0,BEST,False,False,177,True,True,GREEDY,,,GREEDY_HV
BMPEDU[M],8,9,49,1,0.49,True,True,"[62, 5, 39, 43, 46, 6, 54, 31]",[],"[62.344860484508644, 5.534828523812912, 39.22327828580275, 43.60021536898061, 46.91453310660313, 6.742619392925387, 54.04523453739236, 31.767638792770907]","[{'INP': 32}, {'CONV': [64, 3]}, ({'CONV': [256, 5]}, {'CONV': [256, 3]}), ({'CONV': [32, 3]}, {'CONV': [128, 5]}, {'POOLMAX': [-1, 2]}), ({'CONV': [128, 3]}, {'CONV': [256, 5]}), ({'CONV': [128, 5]}, {'CONV': [64, 5]}, {'POOLMAX': [-1, 2]}), ({'CONV': [128, 5]}, {'CONV': [256, 3]}), ({'CONV': [32, 3]}, {'CONV': [256, 3]}, {'POOLMAX': [-1, 2]}), ({'CONV': [256, 3]}, {'CONV': [256, 3]}), ({'CONV': [64, 5]}, {'CONV': [256, 5]}, {'POOLMAX': [-1, 2]}), {'GLOBAL_AVG': None}, {'LAST_DENSE': [100, 'softmax']}]",HHSE,NSGA2,,,,,0.705971605848617,,,,3582597120,5850916,,,,,,"[58, 30, 16, 39, 20, 11, 52, 38]",0.7211143937667468,-0.000711140813838,0.0,0.0,1.0,0.0,0.01,0,0,0,100,0,0.0,BEST,False,False,177,True,True,GREEDY,,,GREEDY_HV
BMPEDU[M],8,9,50,1,0.5,True,True,"[62, 5, 39, 43, 46, 6, 54, 31]",[],"[62.344860484508644, 5.534828523812912, 39.22327828580275, 43.60021536898061, 46.91453310660313, 6.742619392925387, 54.04523453739236, 31.767638792770907]","[{'INP': 32}, {'CONV': [64, 3]}, ({'CONV': [256, 5]}, {'CONV': [256, 3]}), ({'CONV': [32, 3]}, {'CONV': [128, 5]}, {'POOLMAX': [-1, 2]}), ({'CONV': [128, 3]}, {'CONV': [256, 5]}), ({'CONV': [128, 5]}, {'CONV': [64, 5]}, {'POOLMAX': [-1, 2]}), ({'CONV': [128, 5]}, {'CONV': [256, 3]}), ({'CONV': [32, 3]}, {'CONV': [256, 3]}, {'POOLMAX': [-1, 2]}), ({'CONV': [256, 3]}, {'CONV': [256, 3]}), ({'CONV': [64, 5]}, {'CONV': [256, 5]}, {'POOLMAX': [-1, 2]}), {'GLOBAL_AVG': None}, {'LAST_DENSE': [100, 'softmax']}]",HHSE,NSGA2,,,,,0.705971605848617,,,,3582597120,5850916,,,,,,"[58, 30, 16, 39, 20, 11, 52, 38]",0.721107754425873,-0.0005757162521851,0.0,0.0,1.0,0.0,0.01,0,0,0,100,0,0.0,BEST,False,False,177,True,True,GREEDY,,,GREEDY_HV
BMPEDU[M],8,9,51,1,0.51,True,True,"[62, 5, 39, 43, 46, 6, 54, 31]",[],"[62.344860484508644, 5.534828523812912, 39.22327828580275, 43.60021536898061, 46.91453310660313, 6.742619392925387, 54.04523453739236, 31.767638792770907]","[{'INP': 32}, {'CONV': [64, 3]}, ({'CONV': [256, 5]}, {'CONV': [256, 3]}), ({'CONV': [32, 3]}, {'CONV': [128, 5]}, {'POOLMAX': [-1, 2]}), ({'CONV': [128, 3]}, {'CONV': [256, 5]}), ({'CONV': [128, 5]}, {'CONV': [64, 5]}, {'POOLMAX': [-1, 2]}), ({'CONV': [128, 5]}, {'CONV': [256, 3]}), ({'CONV': [32, 3]}, {'CONV': [256, 3]}, {'POOLMAX': [-1, 2]}), ({'CONV': [256, 3]}, {'CONV': [256, 3]}), ({'CONV': [64, 5]}, {'CONV': [256, 5]}, {'POOLMAX': [-1, 2]}), {'GLOBAL_AVG': None}, {'LAST_DENSE': [100, 'softmax']}]",HHSE,NSGA2,,,,,0.705971605848617,,,,3582597120,5850916,,,,,,"[58, 30, 16, 39, 20, 11, 52, 38]",0.7216223054226424,0.000154147840028,0.0,0.0,1.0,0.0,0.01,0,0,0,100,0,0.0,BEST,False,False,177,True,True,GREEDY,,,GREEDY_HV
BMPEDU[M],8,9,52,1,0.52,True,True,"[62, 5, 39, 43, 46, 6, 54, 31]",[],"[62.344860484508644, 5.534828523812912, 39.22327828580275, 43.60021536898061, 46.91453310660313, 6.742619392925387, 54.04523453739236, 31.767638792770907]","[{'INP': 32}, {'CONV': [64, 3]}, ({'CONV': [256, 5]}, {'CONV': [256, 3]}), ({'CONV': [32, 3]}, {'CONV': [128, 5]}, {'POOLMAX': [-1, 2]}), ({'CONV': [128, 3]}, {'CONV': [256, 5]}), ({'CONV': [128, 5]}, {'CONV': [64, 5]}, {'POOLMAX': [-1, 2]}), ({'CONV': [128, 5]}, {'CONV': [256, 3]}), ({'CONV': [32, 3]}, {'CONV': [256, 3]}, {'POOLMAX': [-1, 2]}), ({'CONV': [256, 3]}, {'CONV': [256, 3]}), ({'CONV': [64, 5]}, {'CONV': [256, 5]}, {'POOLMAX': [-1, 2]}), {'GLOBAL_AVG': None}, {'LAST_DENSE': [100, 'softmax']}]",HHSE,NSGA2,,,,,0.705971605848617,,,,3582597120,5850916,,,,,,"[58, 30, 16, 39, 20, 11, 52, 38]",0.7211468475606622,-0.0039383197467661,0.0,0.0,1.0,0.0,0.01,0,0,0,100,0,0.0,BEST,False,False,177,True,True,GREEDY,,,GREEDY_HV
BMPEDU[M],8,9,53,1,0.53,True,True,"[62, 5, 39, 43, 46, 6, 54, 31]",[],"[62.344860484508644, 5.534828523812912, 39.22327828580275, 43.60021536898061, 46.91453310660313, 6.742619392925387, 54.04523453739236, 31.767638792770907]","[{'INP': 32}, {'CONV': [64, 3]}, ({'CONV': [256, 5]}, {'CONV': [256, 3]}), ({'CONV': [32, 3]}, {'CONV': [128, 5]}, {'POOLMAX': [-1, 2]}), ({'CONV': [128, 3]}, {'CONV': [256, 5]}), ({'CONV': [128, 5]}, {'CONV': [64, 5]}, {'POOLMAX': [-1, 2]}), ({'CONV': [128, 5]}, {'CONV': [256, 3]}), ({'CONV': [32, 3]}, {'CONV': [256, 3]}, {'POOLMAX': [-1, 2]}), ({'CONV': [256, 3]}, {'CONV': [256, 3]}), ({'CONV': [64, 5]}, {'CONV': [256, 5]}, {'POOLMAX': [-1, 2]}), {'GLOBAL_AVG': None}, {'LAST_DENSE': [100, 'softmax']}]",HHSE,NSGA2,,,,,0.705971605848617,,,,3582597120,5850916,,,,,,"[58, 30, 16, 39, 20, 11, 52, 38]",0.7211223385662103,-0.0003894540314585,0.0,0.0,1.0,0.0,0.01,0,0,0,100,0,0.0,BEST,False,False,177,True,True,GREEDY,,,GREEDY_HV
BMPEDU[M],8,9,54,1,0.54,True,True,"[62, 5, 39, 43, 46, 6, 54, 31]",[],"[62.344860484508644, 5.534828523812912, 39.22327828580275, 43.60021536898061, 46.91453310660313, 6.742619392925387, 54.04523453739236, 31.767638792770907]","[{'INP': 32}, {'CONV': [64, 3]}, ({'CONV': [256, 5]}, {'CONV': [256, 3]}), ({'CONV': [32, 3]}, {'CONV': [128, 5]}, {'POOLMAX': [-1, 2]}), ({'CONV': [128, 3]}, {'CONV': [256, 5]}), ({'CONV': [128, 5]}, {'CONV': [64, 5]}, {'POOLMAX': [-1, 2]}), ({'CONV': [128, 5]}, {'CONV': [256, 3]}), ({'CONV': [32, 3]}, {'CONV': [256, 3]}, {'POOLMAX': [-1, 2]}), ({'CONV': [256, 3]}, {'CONV': [256, 3]}), ({'CONV': [64, 5]}, {'CONV': [256, 5]}, {'POOLMAX': [-1, 2]}), {'GLOBAL_AVG': None}, {'LAST_DENSE': [100, 'softmax']}]",HHSE,NSGA2,,,,,0.705971605848617,,,,3582597120,5850916,,,,,,"[58, 30, 16, 39, 20, 11, 52, 38]",0.7212574156160441,-0.0005926715953779,0.0,0.0,1.0,0.0,0.01,0,1,0,100,0,0.01,BEST,False,False,177,True,True,GREEDY,,,GREEDY_HV
BMPEDU[M],8,9,55,1,0.55,True,True,"[62, 5, 39, 43, 46, 6, 54, 31]",[],"[62.344860484508644, 5.534828523812912, 39.22327828580275, 43.60021536898061, 46.91453310660313, 6.742619392925387, 54.04523453739236, 31.767638792770907]","[{'INP': 32}, {'CONV': [64, 3]}, ({'CONV': [256, 5]}, {'CONV': [256, 3]}), ({'CONV': [32, 3]}, {'CONV': [128, 5]}, {'POOLMAX': [-1, 2]}), ({'CONV': [128, 3]}, {'CONV': [256, 5]}), ({'CONV': [128, 5]}, {'CONV': [64, 5]}, {'POOLMAX': [-1, 2]}), ({'CONV': [128, 5]}, {'CONV': [256, 3]}), ({'CONV': [32, 3]}, {'CONV': [256, 3]}, {'POOLMAX': [-1, 2]}), ({'CONV': [256, 3]}, {'CONV': [256, 3]}), ({'CONV': [64, 5]}, {'CONV': [256, 5]}, {'POOLMAX': [-1, 2]}), {'GLOBAL_AVG': None}, {'LAST_DENSE': [100, 'softmax']}]",HHSE,NSGA2,,,,,0.705971605848617,,,,3582597120,5850916,,,,,,"[58, 30, 16, 39, 20, 11, 52, 38]",0.7211385499471862,-0.000631074295028,0.0,0.0,1.0,0.0,0.01,0,0,0,100,0,0.0,BEST,False,False,177,True,True,GREEDY,,,GREEDY_HV
BMPEDU[M],8,9,56,1,0.56,True,True,"[62, 5, 39, 43, 46, 6, 54, 31]",[],"[62.344860484508644, 5.534828523812912, 39.22327828580275, 43.60021536898061, 46.91453310660313, 6.742619392925387, 54.04523453739236, 31.767638792770907]","[{'INP': 32}, {'CONV': [64, 3]}, ({'CONV': [256, 5]}, {'CONV': [256, 3]}), ({'CONV': [32, 3]}, {'CONV': [128, 5]}, {'POOLMAX': [-1, 2]}), ({'CONV': [128, 3]}, {'CONV': [256, 5]}), ({'CONV': [128, 5]}, {'CONV': [64, 5]}, {'POOLMAX': [-1, 2]}), ({'CONV': [128, 5]}, {'CONV': [256, 3]}), ({'CONV': [32, 3]}, {'CONV': [256, 3]}, {'POOLMAX': [-1, 2]}), ({'CONV': [256, 3]}, {'CONV': [256, 3]}), ({'CONV': [64, 5]}, {'CONV': [256, 5]}, {'POOLMAX': [-1, 2]}), {'GLOBAL_AVG': None}, {'LAST_DENSE': [100, 'softmax']}]",HHSE,NSGA2,,,,,0.705971605848617,,,,3582597120,5850916,,,,,,"[58, 30, 16, 39, 20, 11, 52, 38]",0.7211993282147552,-0.0003712504739394,0.0,0.0,1.0,0.0,0.01,0,0,0,100,0,0.0,BEST,False,False,177,True,True,GREEDY,,,GREEDY_HV
BMPEDU[M],8,9,57,1,0.57,True,True,"[62, 5, 39, 43, 46, 6, 54, 31]",[],"[62.344860484508644, 5.534828523812912, 39.22327828580275, 43.60021536898061, 46.91453310660313, 6.742619392925387, 54.04523453739236, 31.767638792770907]","[{'INP': 32}, {'CONV': [64, 3]}, ({'CONV': [256, 5]}, {'CONV': [256, 3]}), ({'CONV': [32, 3]}, {'CONV': [128, 5]}, {'POOLMAX': [-1, 2]}), ({'CONV': [128, 3]}, {'CONV': [256, 5]}), ({'CONV': [128, 5]}, {'CONV': [64, 5]}, {'POOLMAX': [-1, 2]}), ({'CONV': [128, 5]}, {'CONV': [256, 3]}), ({'CONV': [32, 3]}, {'CONV': [256, 3]}, {'POOLMAX': [-1, 2]}), ({'CONV': [256, 3]}, {'CONV': [256, 3]}), ({'CONV': [64, 5]}, {'CONV': [256, 5]}, {'POOLMAX': [-1, 2]}), {'GLOBAL_AVG': None}, {'LAST_DENSE': [100, 'softmax']}]",HHSE,NSGA2,,,,,0.705971605848617,,,,3582597120,5850916,,,,,,"[58, 30, 16, 39, 20, 11, 52, 38]",0.7211533077448483,-0.0005710907284927,0.0,0.0,1.0,0.0,0.01,0,0,0,100,0,0.0,BEST,False,False,177,True,True,GREEDY,,,GREEDY_HV
BMPEDU[M],8,9,58,1,0.58,True,True,"[62, 5, 39, 43, 46, 6, 54, 31]",[],"[62.344860484508644, 5.534828523812912, 39.22327828580275, 43.60021536898061, 46.91453310660313, 6.742619392925387, 54.04523453739236, 31.767638792770907]","[{'INP': 32}, {'CONV': [64, 3]}, ({'CONV': [256, 5]}, {'CONV': [256, 3]}), ({'CONV': [32, 3]}, {'CONV': [128, 5]}, {'POOLMAX': [-1, 2]}), ({'CONV': [128, 3]}, {'CONV': [256, 5]}), ({'CONV': [128, 5]}, {'CONV': [64, 5]}, {'POOLMAX': [-1, 2]}), ({'CONV': [128, 5]}, {'CONV': [256, 3]}), ({'CONV': [32, 3]}, {'CONV': [256, 3]}, {'POOLMAX': [-1, 2]}), ({'CONV': [256, 3]}, {'CONV': [256, 3]}), ({'CONV': [64, 5]}, {'CONV': [256, 5]}, {'POOLMAX': [-1, 2]}), {'GLOBAL_AVG': None}, {'LAST_DENSE': [100, 'softmax']}]",HHSE,NSGA2,,,,,0.705971605848617,,,,3582597120,5850916,,,,,,"[58, 30, 16, 39, 20, 11, 52, 38]",0.7233619681781278,-0.0021718175990177,0.0,0.0,1.0,0.0,0.01,0,0,0,100,0,0.0,BEST,False,False,177,True,True,GREEDY,,,GREEDY_HV
BMPEDU[M],8,9,59,1,0.59,True,True,"[62, 5, 39, 43, 46, 6, 54, 31]",[],"[62.344860484508644, 5.534828523812912, 39.22327828580275, 43.60021536898061, 46.91453310660313, 6.742619392925387, 54.04523453739236, 31.767638792770907]","[{'INP': 32}, {'CONV': [64, 3]}, ({'CONV': [256, 5]}, {'CONV': [256, 3]}), ({'CONV': [32, 3]}, {'CONV': [128, 5]}, {'POOLMAX': [-1, 2]}), ({'CONV': [128, 3]}, {'CONV': [256, 5]}), ({'CONV': [128, 5]}, {'CONV': [64, 5]}, {'POOLMAX': [-1, 2]}), ({'CONV': [128, 5]}, {'CONV': [256, 3]}), ({'CONV': [32, 3]}, {'CONV': [256, 3]}, {'POOLMAX': [-1, 2]}), ({'CONV': [256, 3]}, {'CONV': [256, 3]}), ({'CONV': [64, 5]}, {'CONV': [256, 5]}, {'POOLMAX': [-1, 2]}), {'GLOBAL_AVG': None}, {'LAST_DENSE': [100, 'softmax']}]",HHSE,NSGA2,,,,,0.705971605848617,,,,3582597120,5850916,,,,,,"[58, 30, 16, 39, 20, 11, 52, 38]",0.7232658776265992,-0.0003713081127881,0.0,0.0,1.0,0.0,0.01,0,0,0,100,0,0.0,BEST,False,False,177,True,True,GREEDY,,,GREEDY_HV
BMPEDU[M],8,9,60,1,0.6,True,True,"[62, 5, 39, 43, 46, 6, 54, 31]",[],"[62.344860484508644, 5.534828523812912, 39.22327828580275, 43.60021536898061, 46.91453310660313, 6.742619392925387, 54.04523453739236, 31.767638792770907]","[{'INP': 32}, {'CONV': [64, 3]}, ({'CONV': [256, 5]}, {'CONV': [256, 3]}), ({'CONV': [32, 3]}, {'CONV': [128, 5]}, {'POOLMAX': [-1, 2]}), ({'CONV': [128, 3]}, {'CONV': [256, 5]}), ({'CONV': [128, 5]}, {'CONV': [64, 5]}, {'POOLMAX': [-1, 2]}), ({'CONV': [128, 5]}, {'CONV': [256, 3]}), ({'CONV': [32, 3]}, {'CONV': [256, 3]}, {'POOLMAX': [-1, 2]}), ({'CONV': [256, 3]}, {'CONV': [256, 3]}), ({'CONV': [64, 5]}, {'CONV': [256, 5]}, {'POOLMAX': [-1, 2]}), {'GLOBAL_AVG': None}, {'LAST_DENSE': [100, 'softmax']}]",HHSE,NSGA2,,,,,0.705971605848617,,,,3582597120,5850916,,,,,,"[58, 30, 16, 39, 20, 11, 52, 38]",0.723196260500339,-0.0002727180528128,0.0,0.0,1.0,0.0,0.01,0,0,0,100,0,0.0,BEST,False,False,177,True,True,GREEDY,,,GREEDY_HV
BMPEDU[M],8,9,61,1,0.61,True,True,"[62, 5, 39, 43, 46, 6, 54, 31]",[],"[62.344860484508644, 5.534828523812912, 39.22327828580275, 43.60021536898061, 46.91453310660313, 6.742619392925387, 54.04523453739236, 31.767638792770907]","[{'INP': 32}, {'CONV': [64, 3]}, ({'CONV': [256, 5]}, {'CONV': [256, 3]}), ({'CONV': [32, 3]}, {'CONV': [128, 5]}, {'POOLMAX': [-1, 2]}), ({'CONV': [128, 3]}, {'CONV': [256, 5]}), ({'CONV': [128, 5]}, {'CONV': [64, 5]}, {'POOLMAX': [-1, 2]}), ({'CONV': [128, 5]}, {'CONV': [256, 3]}), ({'CONV': [32, 3]}, {'CONV': [256, 3]}, {'POOLMAX': [-1, 2]}), ({'CONV': [256, 3]}, {'CONV': [256, 3]}), ({'CONV': [64, 5]}, {'CONV': [256, 5]}, {'POOLMAX': [-1, 2]}), {'GLOBAL_AVG': None}, {'LAST_DENSE': [100, 'softmax']}]",HHSE,NSGA2,,,,,0.705971605848617,,,,3582597120,5850916,,,,,,"[58, 30, 16, 39, 20, 11, 52, 38]",0.7231970671706546,-0.0001514783233577,0.0,0.0,1.0,0.0,0.01,0,0,0,100,0,0.0,BEST,False,False,177,True,True,GREEDY,,,GREEDY_HV
BMPEDU[M],8,9,62,1,0.62,True,True,"[62, 5, 39, 43, 46, 6, 54, 31]",[],"[62.344860484508644, 5.534828523812912, 39.22327828580275, 43.60021536898061, 46.91453310660313, 6.742619392925387, 54.04523453739236, 31.767638792770907]","[{'INP': 32}, {'CONV': [64, 3]}, ({'CONV': [256, 5]}, {'CONV': [256, 3]}), ({'CONV': [32, 3]}, {'CONV': [128, 5]}, {'POOLMAX': [-1, 2]}), ({'CONV': [128, 3]}, {'CONV': [256, 5]}), ({'CONV': [128, 5]}, {'CONV': [64, 5]}, {'POOLMAX': [-1, 2]}), ({'CONV': [128, 5]}, {'CONV': [256, 3]}), ({'CONV': [32, 3]}, {'CONV': [256, 3]}, {'POOLMAX': [-1, 2]}), ({'CONV': [256, 3]}, {'CONV': [256, 3]}), ({'CONV': [64, 5]}, {'CONV': [256, 5]}, {'POOLMAX': [-1, 2]}), {'GLOBAL_AVG': None}, {'LAST_DENSE': [100, 'softmax']}]",HHSE,NSGA2,,,,,0.705971605848617,,,,3582597120,5850916,,,,,,"[58, 30, 16, 39, 20, 11, 52, 38]",0.7233154494953248,-0.0002547260424373,0.0,0.0,1.0,0.0,0.01,0,0,0,100,0,0.0,BEST,False,False,177,True,True,GREEDY,,,GREEDY_HV
BMPEDU[M],8,9,63,1,0.63,True,True,"[62, 5, 39, 43, 46, 6, 54, 31]",[],"[62.344860484508644, 5.534828523812912, 39.22327828580275, 43.60021536898061, 46.91453310660313, 6.742619392925387, 54.04523453739236, 31.767638792770907]","[{'INP': 32}, {'CONV': [64, 3]}, ({'CONV': [256, 5]}, {'CONV': [256, 3]}), ({'CONV': [32, 3]}, {'CONV': [128, 5]}, {'POOLMAX': [-1, 2]}), ({'CONV': [128, 3]}, {'CONV': [256, 5]}), ({'CONV': [128, 5]}, {'CONV': [64, 5]}, {'POOLMAX': [-1, 2]}), ({'CONV': [128, 5]}, {'CONV': [256, 3]}), ({'CONV': [32, 3]}, {'CONV': [256, 3]}, {'POOLMAX': [-1, 2]}), ({'CONV': [256, 3]}, {'CONV': [256, 3]}), ({'CONV': [64, 5]}, {'CONV': [256, 5]}, {'POOLMAX': [-1, 2]}), {'GLOBAL_AVG': None}, {'LAST_DENSE': [100, 'softmax']}]",HHSE,NSGA2,,,,,0.705971605848617,,,,3582597120,5850916,,,,,,"[58, 30, 16, 39, 20, 11, 52, 38]",0.7234150888812844,-0.0017166358561582,0.0,0.0,1.0,0.0,0.01,0,1,0,100,0,0.01,BEST,False,False,177,True,True,GREEDY,,,GREEDY_HV
BMPEDU[M],8,9,64,1,0.64,True,True,"[62, 5, 39, 43, 46, 6, 54, 31]",[],"[62.344860484508644, 5.534828523812912, 39.22327828580275, 43.60021536898061, 46.91453310660313, 6.742619392925387, 54.04523453739236, 31.767638792770907]","[{'INP': 32}, {'CONV': [64, 3]}, ({'CONV': [256, 5]}, {'CONV': [256, 3]}), ({'CONV': [32, 3]}, {'CONV': [128, 5]}, {'POOLMAX': [-1, 2]}), ({'CONV': [128, 3]}, {'CONV': [256, 5]}), ({'CONV': [128, 5]}, {'CONV': [64, 5]}, {'POOLMAX': [-1, 2]}), ({'CONV': [128, 5]}, {'CONV': [256, 3]}), ({'CONV': [32, 3]}, {'CONV': [256, 3]}, {'POOLMAX': [-1, 2]}), ({'CONV': [256, 3]}, {'CONV': [256, 3]}), ({'CONV': [64, 5]}, {'CONV': [256, 5]}, {'POOLMAX': [-1, 2]}), {'GLOBAL_AVG': None}, {'LAST_DENSE': [100, 'softmax']}]",HHSE,NSGA2,,,,,0.705971605848617,,,,3582597120,5850916,,,,,,"[58, 30, 16, 39, 20, 11, 52, 38]",0.7240170898818763,-0.0020744549750489,0.0,0.0,1.0,0.0,0.01,0,1,0,100,0,0.01,BEST,False,False,177,True,True,GREEDY,,,GREEDY_HV
BMPEDU[M],8,9,65,1,0.65,True,True,"[62, 5, 39, 43, 46, 6, 54, 31]",[],"[62.344860484508644, 5.534828523812912, 39.22327828580275, 43.60021536898061, 46.91453310660313, 6.742619392925387, 54.04523453739236, 31.767638792770907]","[{'INP': 32}, {'CONV': [64, 3]}, ({'CONV': [256, 5]}, {'CONV': [256, 3]}), ({'CONV': [32, 3]}, {'CONV': [128, 5]}, {'POOLMAX': [-1, 2]}), ({'CONV': [128, 3]}, {'CONV': [256, 5]}), ({'CONV': [128, 5]}, {'CONV': [64, 5]}, {'POOLMAX': [-1, 2]}), ({'CONV': [128, 5]}, {'CONV': [256, 3]}), ({'CONV': [32, 3]}, {'CONV': [256, 3]}, {'POOLMAX': [-1, 2]}), ({'CONV': [256, 3]}, {'CONV': [256, 3]}), ({'CONV': [64, 5]}, {'CONV': [256, 5]}, {'POOLMAX': [-1, 2]}), {'GLOBAL_AVG': None}, {'LAST_DENSE': [100, 'softmax']}]",HHSE,NSGA2,,,,,0.705971605848617,,,,3582597120,5850916,,,,,,"[58, 30, 16, 39, 20, 11, 52, 38]",0.723456945634393,-0.0003100964062098,0.0,0.0,1.0,0.0,0.01,0,0,0,100,0,0.0,BEST,False,False,177,True,True,GREEDY,,,GREEDY_HV
BMPEDU[M],8,9,66,1,0.66,True,True,"[62, 5, 39, 43, 46, 6, 54, 31]",[],"[62.344860484508644, 5.534828523812912, 39.22327828580275, 43.60021536898061, 46.91453310660313, 6.742619392925387, 54.04523453739236, 31.767638792770907]","[{'INP': 32}, {'CONV': [64, 3]}, ({'CONV': [256, 5]}, {'CONV': [256, 3]}), ({'CONV': [32, 3]}, {'CONV': [128, 5]}, {'POOLMAX': [-1, 2]}), ({'CONV': [128, 3]}, {'CONV': [256, 5]}), ({'CONV': [128, 5]}, {'CONV': [64, 5]}, {'POOLMAX': [-1, 2]}), ({'CONV': [128, 5]}, {'CONV': [256, 3]}), ({'CONV': [32, 3]}, {'CONV': [256, 3]}, {'POOLMAX': [-1, 2]}), ({'CONV': [256, 3]}, {'CONV': [256, 3]}), ({'CONV': [64, 5]}, {'CONV': [256, 5]}, {'POOLMAX': [-1, 2]}), {'GLOBAL_AVG': None}, {'LAST_DENSE': [100, 'softmax']}]",HHSE,NSGA2,,,,,0.705971605848617,,,,3582597120,5850916,,,,,,"[58, 30, 16, 39, 20, 11, 52, 38]",0.7235329821639274,-0.0004943503507602,0.0,0.0,1.0,0.0,0.01,0,0,0,100,0,0.0,BEST,False,False,177,True,True,GREEDY,,,GREEDY_HV
BMPEDU[M],8,9,67,1,0.67,True,True,"[62, 5, 39, 43, 46, 6, 54, 31]",[],"[62.344860484508644, 5.534828523812912, 39.22327828580275, 43.60021536898061, 46.91453310660313, 6.742619392925387, 54.04523453739236, 31.767638792770907]","[{'INP': 32}, {'CONV': [64, 3]}, ({'CONV': [256, 5]}, {'CONV': [256, 3]}), ({'CONV': [32, 3]}, {'CONV': [128, 5]}, {'POOLMAX': [-1, 2]}), ({'CONV': [128, 3]}, {'CONV': [256, 5]}), ({'CONV': [128, 5]}, {'CONV': [64, 5]}, {'POOLMAX': [-1, 2]}), ({'CONV': [128, 5]}, {'CONV': [256, 3]}), ({'CONV': [32, 3]}, {'CONV': [256, 3]}, {'POOLMAX': [-1, 2]}), ({'CONV': [256, 3]}, {'CONV': [256, 3]}), ({'CONV': [64, 5]}, {'CONV': [256, 5]}, {'POOLMAX': [-1, 2]}), {'GLOBAL_AVG': None}, {'LAST_DENSE': [100, 'softmax']}]",HHSE,NSGA2,,,,,0.705971605848617,,,,3582597120,5850916,,,,,,"[58, 30, 16, 39, 20, 11, 52, 38]",0.7236116847410873,-0.0038212661414153,0.0,0.0,1.0,0.0,0.01,0,0,0,100,0,0.0,BEST,False,False,177,True,True,GREEDY,,,GREEDY_HV
BMPEDU[M],8,9,68,1,0.68,True,True,"[62, 5, 39, 43, 46, 6, 54, 31]",[],"[62.344860484508644, 5.534828523812912, 39.22327828580275, 43.60021536898061, 46.91453310660313, 6.742619392925387, 54.04523453739236, 31.767638792770907]","[{'INP': 32}, {'CONV': [64, 3]}, ({'CONV': [256, 5]}, {'CONV': [256, 3]}), ({'CONV': [32, 3]}, {'CONV': [128, 5]}, {'POOLMAX': [-1, 2]}), ({'CONV': [128, 3]}, {'CONV': [256, 5]}), ({'CONV': [128, 5]}, {'CONV': [64, 5]}, {'POOLMAX': [-1, 2]}), ({'CONV': [128, 5]}, {'CONV': [256, 3]}), ({'CONV': [32, 3]}, {'CONV': [256, 3]}, {'POOLMAX': [-1, 2]}), ({'CONV': [256, 3]}, {'CONV': [256, 3]}), ({'CONV': [64, 5]}, {'CONV': [256, 5]}, {'POOLMAX': [-1, 2]}), {'GLOBAL_AVG': None}, {'LAST_DENSE': [100, 'softmax']}]",HHSE,NSGA2,,,,,0.705971605848617,,,,3582597120,5850916,,,,,,"[58, 30, 16, 39, 20, 11, 52, 38]",0.7240921731860692,-1.0359936041037798e-05,0.0,0.0,1.0,0.0,0.01,0,1,0,100,0,0.01,BEST,False,False,177,True,True,GREEDY,,,GREEDY_HV
BMPEDU[M],8,9,69,1,0.69,True,True,"[62, 5, 39, 43, 46, 6, 54, 31]",[],"[62.344860484508644, 5.534828523812912, 39.22327828580275, 43.60021536898061, 46.91453310660313, 6.742619392925387, 54.04523453739236, 31.767638792770907]","[{'INP': 32}, {'CONV': [64, 3]}, ({'CONV': [256, 5]}, {'CONV': [256, 3]}), ({'CONV': [32, 3]}, {'CONV': [128, 5]}, {'POOLMAX': [-1, 2]}), ({'CONV': [128, 3]}, {'CONV': [256, 5]}), ({'CONV': [128, 5]}, {'CONV': [64, 5]}, {'POOLMAX': [-1, 2]}), ({'CONV': [128, 5]}, {'CONV': [256, 3]}), ({'CONV': [32, 3]}, {'CONV': [256, 3]}, {'POOLMAX': [-1, 2]}), ({'CONV': [256, 3]}, {'CONV': [256, 3]}), ({'CONV': [64, 5]}, {'CONV': [256, 5]}, {'POOLMAX': [-1, 2]}), {'GLOBAL_AVG': None}, {'LAST_DENSE': [100, 'softmax']}]",HHSE,NSGA2,,,,,0.705971605848617,,,,3582597120,5850916,,,,,,"[58, 30, 16, 39, 20, 11, 52, 38]",0.7241006998793924,-0.0001313722274166,0.0,0.0,1.0,0.0,0.01,0,1,0,100,0,0.01,BEST,False,False,177,True,True,GREEDY,,,GREEDY_HV
BMPEDU[M],8,9,70,1,0.7,True,True,"[62, 5, 39, 43, 46, 6, 54, 31]",[],"[62.344860484508644, 5.534828523812912, 39.22327828580275, 43.60021536898061, 46.91453310660313, 6.742619392925387, 54.04523453739236, 31.767638792770907]","[{'INP': 32}, {'CONV': [64, 3]}, ({'CONV': [256, 5]}, {'CONV': [256, 3]}), ({'CONV': [32, 3]}, {'CONV': [128, 5]}, {'POOLMAX': [-1, 2]}), ({'CONV': [128, 3]}, {'CONV': [256, 5]}), ({'CONV': [128, 5]}, {'CONV': [64, 5]}, {'POOLMAX': [-1, 2]}), ({'CONV': [128, 5]}, {'CONV': [256, 3]}), ({'CONV': [32, 3]}, {'CONV': [256, 3]}, {'POOLMAX': [-1, 2]}), ({'CONV': [256, 3]}, {'CONV': [256, 3]}), ({'CONV': [64, 5]}, {'CONV': [256, 5]}, {'POOLMAX': [-1, 2]}), {'GLOBAL_AVG': None}, {'LAST_DENSE': [100, 'softmax']}]",HHSE,NSGA2,,,,,0.705971605848617,,,,3582597120,5850916,,,,,,"[58, 30, 16, 39, 20, 11, 52, 38]",0.724082554651798,-0.0001597616706231,0.0,0.0,1.0,0.0,0.01,0,0,0,100,0,0.0,BEST,False,False,177,True,True,GREEDY,,,GREEDY_HV
BMPEDU[M],8,9,71,1,0.71,True,True,"[62, 5, 39, 43, 46, 6, 54, 31]",[],"[62.344860484508644, 5.534828523812912, 39.22327828580275, 43.60021536898061, 46.91453310660313, 6.742619392925387, 54.04523453739236, 31.767638792770907]","[{'INP': 32}, {'CONV': [64, 3]}, ({'CONV': [256, 5]}, {'CONV': [256, 3]}), ({'CONV': [32, 3]}, {'CONV': [128, 5]}, {'POOLMAX': [-1, 2]}), ({'CONV': [128, 3]}, {'CONV': [256, 5]}), ({'CONV': [128, 5]}, {'CONV': [64, 5]}, {'POOLMAX': [-1, 2]}), ({'CONV': [128, 5]}, {'CONV': [256, 3]}), ({'CONV': [32, 3]}, {'CONV': [256, 3]}, {'POOLMAX': [-1, 2]}), ({'CONV': [256, 3]}, {'CONV': [256, 3]}), ({'CONV': [64, 5]}, {'CONV': [256, 5]}, {'POOLMAX': [-1, 2]}), {'GLOBAL_AVG': None}, {'LAST_DENSE': [100, 'softmax']}]",HHSE,NSGA2,,,,,0.705971605848617,,,,3582597120,5850916,,,,,,"[58, 30, 16, 39, 20, 11, 52, 38]",0.7240861715880046,-0.0018718595724422,0.0,0.0,1.0,0.0,0.01,0,1,0,100,0,0.01,BEST,False,False,177,True,True,GREEDY,,,GREEDY_HV
BMPEDU[M],8,9,72,1,0.72,True,True,"[62, 5, 39, 43, 46, 6, 54, 31]",[],"[62.344860484508644, 5.534828523812912, 39.22327828580275, 43.60021536898061, 46.91453310660313, 6.742619392925387, 54.04523453739236, 31.767638792770907]","[{'INP': 32}, {'CONV': [64, 3]}, ({'CONV': [256, 5]}, {'CONV': [256, 3]}), ({'CONV': [32, 3]}, {'CONV': [128, 5]}, {'POOLMAX': [-1, 2]}), ({'CONV': [128, 3]}, {'CONV': [256, 5]}), ({'CONV': [128, 5]}, {'CONV': [64, 5]}, {'POOLMAX': [-1, 2]}), ({'CONV': [128, 5]}, {'CONV': [256, 3]}), ({'CONV': [32, 3]}, {'CONV': [256, 3]}, {'POOLMAX': [-1, 2]}), ({'CONV': [256, 3]}, {'CONV': [256, 3]}), ({'CONV': [64, 5]}, {'CONV': [256, 5]}, {'POOLMAX': [-1, 2]}), {'GLOBAL_AVG': None}, {'LAST_DENSE': [100, 'softmax']}]",HHSE,NSGA2,,,,,0.705971605848617,,,,3582597120,5850916,,,,,,"[58, 30, 16, 39, 20, 11, 52, 38]",0.7241250211280522,4.667797154356279e-07,0.0,0.0,1.0,0.0,0.01,0,0,0,100,0,0.0,BEST,False,False,177,True,True,GREEDY,,,GREEDY_HV
BMPEDU[M],8,9,73,1,0.73,True,True,"[62, 5, 39, 43, 46, 6, 54, 31]",[],"[62.344860484508644, 5.534828523812912, 39.22327828580275, 43.60021536898061, 46.91453310660313, 6.742619392925387, 54.04523453739236, 31.767638792770907]","[{'INP': 32}, {'CONV': [64, 3]}, ({'CONV': [256, 5]}, {'CONV': [256, 3]}), ({'CONV': [32, 3]}, {'CONV': [128, 5]}, {'POOLMAX': [-1, 2]}), ({'CONV': [128, 3]}, {'CONV': [256, 5]}), ({'CONV': [128, 5]}, {'CONV': [64, 5]}, {'POOLMAX': [-1, 2]}), ({'CONV': [128, 5]}, {'CONV': [256, 3]}), ({'CONV': [32, 3]}, {'CONV': [256, 3]}, {'POOLMAX': [-1, 2]}), ({'CONV': [256, 3]}, {'CONV': [256, 3]}), ({'CONV': [64, 5]}, {'CONV': [256, 5]}, {'POOLMAX': [-1, 2]}), {'GLOBAL_AVG': None}, {'LAST_DENSE': [100, 'softmax']}]",HHSE,NSGA2,,,,,0.705971605848617,,,,3582597120,5850916,,,,,,"[58, 30, 16, 39, 20, 11, 52, 38]",0.7267006868116116,0.0001564826067487,0.0,0.0,1.0,0.0,0.01,0,2,0,100,0,0.02,BEST,False,False,177,True,True,GREEDY,,,GREEDY_HV
BMPEDU[M],8,9,74,1,0.74,True,True,"[62, 5, 39, 43, 46, 6, 54, 31]",[],"[62.344860484508644, 5.534828523812912, 39.22327828580275, 43.60021536898061, 46.91453310660313, 6.742619392925387, 54.04523453739236, 31.767638792770907]","[{'INP': 32}, {'CONV': [64, 3]}, ({'CONV': [256, 5]}, {'CONV': [256, 3]}), ({'CONV': [32, 3]}, {'CONV': [128, 5]}, {'POOLMAX': [-1, 2]}), ({'CONV': [128, 3]}, {'CONV': [256, 5]}), ({'CONV': [128, 5]}, {'CONV': [64, 5]}, {'POOLMAX': [-1, 2]}), ({'CONV': [128, 5]}, {'CONV': [256, 3]}), ({'CONV': [32, 3]}, {'CONV': [256, 3]}, {'POOLMAX': [-1, 2]}), ({'CONV': [256, 3]}, {'CONV': [256, 3]}), ({'CONV': [64, 5]}, {'CONV': [256, 5]}, {'POOLMAX': [-1, 2]}), {'GLOBAL_AVG': None}, {'LAST_DENSE': [100, 'softmax']}]",HHSE,NSGA2,,,,,0.705971605848617,,,,3582597120,5850916,,,,,,"[58, 30, 16, 39, 20, 11, 52, 38]",0.7243631434410515,-9.363031289177924e-05,0.0,0.0,1.0,0.0,0.01,0,2,0,100,0,0.02,BEST,False,False,177,True,True,GREEDY,,,GREEDY_HV
BMPEDU[M],8,9,75,1,0.75,True,True,"[62, 5, 39, 43, 46, 6, 54, 31]",[],"[62.344860484508644, 5.534828523812912, 39.22327828580275, 43.60021536898061, 46.91453310660313, 6.742619392925387, 54.04523453739236, 31.767638792770907]","[{'INP': 32}, {'CONV': [64, 3]}, ({'CONV': [256, 5]}, {'CONV': [256, 3]}), ({'CONV': [32, 3]}, {'CONV': [128, 5]}, {'POOLMAX': [-1, 2]}), ({'CONV': [128, 3]}, {'CONV': [256, 5]}), ({'CONV': [128, 5]}, {'CONV': [64, 5]}, {'POOLMAX': [-1, 2]}), ({'CONV': [128, 5]}, {'CONV': [256, 3]}), ({'CONV': [32, 3]}, {'CONV': [256, 3]}, {'POOLMAX': [-1, 2]}), ({'CONV': [256, 3]}, {'CONV': [256, 3]}), ({'CONV': [64, 5]}, {'CONV': [256, 5]}, {'POOLMAX': [-1, 2]}), {'GLOBAL_AVG': None}, {'LAST_DENSE': [100, 'softmax']}]",HHSE,NSGA2,,,,,0.705971605848617,,,,3582597120,5850916,,,,,,"[58, 30, 16, 39, 20, 11, 52, 38]",0.724728786124643,-0.0024980016395902,0.0,0.0,1.0,0.0,0.01,0,0,0,100,0,0.0,BEST,False,False,177,True,True,GREEDY,,,GREEDY_HV
BMPEDU[M],8,9,76,1,0.76,True,True,"[62, 5, 39, 43, 46, 6, 54, 31]",[],"[62.344860484508644, 5.534828523812912, 39.22327828580275, 43.60021536898061, 46.91453310660313, 6.742619392925387, 54.04523453739236, 31.767638792770907]","[{'INP': 32}, {'CONV': [64, 3]}, ({'CONV': [256, 5]}, {'CONV': [256, 3]}), ({'CONV': [32, 3]}, {'CONV': [128, 5]}, {'POOLMAX': [-1, 2]}), ({'CONV': [128, 3]}, {'CONV': [256, 5]}), ({'CONV': [128, 5]}, {'CONV': [64, 5]}, {'POOLMAX': [-1, 2]}), ({'CONV': [128, 5]}, {'CONV': [256, 3]}), ({'CONV': [32, 3]}, {'CONV': [256, 3]}, {'POOLMAX': [-1, 2]}), ({'CONV': [256, 3]}, {'CONV': [256, 3]}), ({'CONV': [64, 5]}, {'CONV': [256, 5]}, {'POOLMAX': [-1, 2]}), {'GLOBAL_AVG': None}, {'LAST_DENSE': [100, 'softmax']}]",HHSE,NSGA2,,,,,0.705971605848617,,,,3582597120,5850916,,,,,,"[58, 30, 16, 39, 20, 11, 52, 38]",0.7244382160789253,-7.583892045148755e-05,0.0,0.0,1.0,0.0,0.01,0,0,0,100,0,0.0,BEST,False,False,177,True,True,GREEDY,,,GREEDY_HV
BMPEDU[M],8,9,77,1,0.77,True,True,"[62, 5, 39, 43, 46, 6, 54, 31]",[],"[62.344860484508644, 5.534828523812912, 39.22327828580275, 43.60021536898061, 46.91453310660313, 6.742619392925387, 54.04523453739236, 31.767638792770907]","[{'INP': 32}, {'CONV': [64, 3]}, ({'CONV': [256, 5]}, {'CONV': [256, 3]}), ({'CONV': [32, 3]}, {'CONV': [128, 5]}, {'POOLMAX': [-1, 2]}), ({'CONV': [128, 3]}, {'CONV': [256, 5]}), ({'CONV': [128, 5]}, {'CONV': [64, 5]}, {'POOLMAX': [-1, 2]}), ({'CONV': [128, 5]}, {'CONV': [256, 3]}), ({'CONV': [32, 3]}, {'CONV': [256, 3]}, {'POOLMAX': [-1, 2]}), ({'CONV': [256, 3]}, {'CONV': [256, 3]}), ({'CONV': [64, 5]}, {'CONV': [256, 5]}, {'POOLMAX': [-1, 2]}), {'GLOBAL_AVG': None}, {'LAST_DENSE': [100, 'softmax']}]",HHSE,NSGA2,,,,,0.705971605848617,,,,3582597120,5850916,,,,,,"[58, 30, 16, 39, 20, 11, 52, 38]",0.726396559696333,0.0010962600234536,0.0,0.0,1.0,0.0,0.01,0,2,0,100,0,0.02,BEST,False,False,177,True,True,GREEDY,,,GREEDY_HV
BMPEDU[M],8,9,78,1,0.78,True,True,"[62, 5, 39, 43, 46, 6, 54, 31]",[],"[62.344860484508644, 5.534828523812912, 39.22327828580275, 43.60021536898061, 46.91453310660313, 6.742619392925387, 54.04523453739236, 31.767638792770907]","[{'INP': 32}, {'CONV': [64, 3]}, ({'CONV': [256, 5]}, {'CONV': [256, 3]}), ({'CONV': [32, 3]}, {'CONV': [128, 5]}, {'POOLMAX': [-1, 2]}), ({'CONV': [128, 3]}, {'CONV': [256, 5]}), ({'CONV': [128, 5]}, {'CONV': [64, 5]}, {'POOLMAX': [-1, 2]}), ({'CONV': [128, 5]}, {'CONV': [256, 3]}), ({'CONV': [32, 3]}, {'CONV': [256, 3]}, {'POOLMAX': [-1, 2]}), ({'CONV': [256, 3]}, {'CONV': [256, 3]}), ({'CONV': [64, 5]}, {'CONV': [256, 5]}, {'POOLMAX': [-1, 2]}), {'GLOBAL_AVG': None}, {'LAST_DENSE': [100, 'softmax']}]",HHSE,NSGA2,,,,,0.705971605848617,,,,3582597120,5850916,,,,,,"[58, 30, 16, 39, 20, 11, 52, 38]",0.7245227130280092,-0.0040066418434187,0.0,0.0,1.0,0.0,0.01,0,0,0,100,0,0.0,BEST,False,False,177,True,True,GREEDY,,,GREEDY_HV
BMPEDU[M],8,9,79,1,0.79,True,True,"[62, 5, 39, 43, 46, 6, 54, 31]",[],"[62.344860484508644, 5.534828523812912, 39.22327828580275, 43.60021536898061, 46.91453310660313, 6.742619392925387, 54.04523453739236, 31.767638792770907]","[{'INP': 32}, {'CONV': [64, 3]}, ({'CONV': [256, 5]}, {'CONV': [256, 3]}), ({'CONV': [32, 3]}, {'CONV': [128, 5]}, {'POOLMAX': [-1, 2]}), ({'CONV': [128, 3]}, {'CONV': [256, 5]}), ({'CONV': [128, 5]}, {'CONV': [64, 5]}, {'POOLMAX': [-1, 2]}), ({'CONV': [128, 5]}, {'CONV': [256, 3]}), ({'CONV': [32, 3]}, {'CONV': [256, 3]}, {'POOLMAX': [-1, 2]}), ({'CONV': [256, 3]}, {'CONV': [256, 3]}), ({'CONV': [64, 5]}, {'CONV': [256, 5]}, {'POOLMAX': [-1, 2]}), {'GLOBAL_AVG': None}, {'LAST_DENSE': [100, 'softmax']}]",HHSE,NSGA2,,,,,0.705971605848617,,,,3582597120,5850916,,,,,,"[58, 30, 16, 39, 20, 11, 52, 38]",0.7245875268100296,-0.0003519408327091,0.0,0.0,1.0,0.0,0.01,0,0,0,100,0,0.0,BEST,False,False,177,True,True,GREEDY,,,GREEDY_HV
BMPEDU[M],8,9,80,1,0.8,True,True,"[62, 5, 39, 43, 46, 6, 54, 31]",[],"[62.344860484508644, 5.534828523812912, 39.22327828580275, 43.60021536898061, 46.91453310660313, 6.742619392925387, 54.04523453739236, 31.767638792770907]","[{'INP': 32}, {'CONV': [64, 3]}, ({'CONV': [256, 5]}, {'CONV': [256, 3]}), ({'CONV': [32, 3]}, {'CONV': [128, 5]}, {'POOLMAX': [-1, 2]}), ({'CONV': [128, 3]}, {'CONV': [256, 5]}), ({'CONV': [128, 5]}, {'CONV': [64, 5]}, {'POOLMAX': [-1, 2]}), ({'CONV': [128, 5]}, {'CONV': [256, 3]}), ({'CONV': [32, 3]}, {'CONV': [256, 3]}, {'POOLMAX': [-1, 2]}), ({'CONV': [256, 3]}, {'CONV': [256, 3]}), ({'CONV': [64, 5]}, {'CONV': [256, 5]}, {'POOLMAX': [-1, 2]}), {'GLOBAL_AVG': None}, {'LAST_DENSE': [100, 'softmax']}]",HHSE,NSGA2,,,,,0.705971605848617,,,,3582597120,5850916,,,,,,"[58, 30, 16, 39, 20, 11, 52, 38]",0.724569254989974,-0.0006294754721125,0.0,0.0,1.0,0.0,0.01,0,2,0,100,0,0.02,BEST,False,False,177,True,True,GREEDY,,,GREEDY_HV
BMPEDU[M],8,9,81,1,0.81,True,True,"[62, 5, 39, 43, 46, 6, 54, 31]",[],"[62.344860484508644, 5.534828523812912, 39.22327828580275, 43.60021536898061, 46.91453310660313, 6.742619392925387, 54.04523453739236, 31.767638792770907]","[{'INP': 32}, {'CONV': [64, 3]}, ({'CONV': [256, 5]}, {'CONV': [256, 3]}), ({'CONV': [32, 3]}, {'CONV': [128, 5]}, {'POOLMAX': [-1, 2]}), ({'CONV': [128, 3]}, {'CONV': [256, 5]}), ({'CONV': [128, 5]}, {'CONV': [64, 5]}, {'POOLMAX': [-1, 2]}), ({'CONV': [128, 5]}, {'CONV': [256, 3]}), ({'CONV': [32, 3]}, {'CONV': [256, 3]}, {'POOLMAX': [-1, 2]}), ({'CONV': [256, 3]}, {'CONV': [256, 3]}), ({'CONV': [64, 5]}, {'CONV': [256, 5]}, {'POOLMAX': [-1, 2]}), {'GLOBAL_AVG': None}, {'LAST_DENSE': [100, 'softmax']}]",HHSE,NSGA2,,,,,0.705971605848617,,,,3582597120,5850916,,,,,,"[58, 30, 16, 39, 20, 11, 52, 38]",0.7247212976129265,-0.0003028805170008,0.0,0.0,1.0,0.0,0.01,0,0,0,100,0,0.0,BEST,False,False,177,True,True,GREEDY,,,GREEDY_HV
BKFUV[M][M][M],8,9,82,82,0.82,True,True,"[4, 6, 8, 36, 46, 6, 55, 23]",[],"[4.534615550750928, 6.093454320157006, 8.504680090659447, 36.706962433611444, 46.40688979040793, 6.697539391654472, 55.62333192360924, 23.35465772247957]","[{'INP': 32}, {'CONV': [64, 3]}, ({'CONV': [32, 3]}, {'CONV': [128, 3]}), ({'CONV': [32, 3]}, {'CONV': [256, 3]}, {'POOLMAX': [-1, 2]}), ({'CONV': [32, 5]}, {'CONV': [32, 3]}), ({'CONV': [128, 3]}, {'CONV': [128, 3]}, {'POOLMAX': [-1, 2]}), ({'CONV': [128, 5]}, {'CONV': [256, 3]}), ({'CONV': [32, 3]}, {'CONV': [256, 3]}, {'POOLMAX': [-1, 2]}), ({'CONV': [256, 3]}, {'CONV': [256, 5]}), ({'CONV': [64, 3]}, {'CONV': [256, 5]}, {'POOLMAX': [-1, 2]}), {'GLOBAL_AVG': None}, {'LAST_DENSE': [100, 'softmax']}]",HHSE,NSGA2,,,,,0.7072806530278347,,,,750032896,4238244,,,,,,"[4, 3, 4, 38, 49, 5, 55, 23]",0.7253805748600879,-6.291595398510985e-05,0.0,0.0,0.625,0.75,0.82,0,0,0,100,0,0.0,BEST,False,False,152,True,True,GREEDY,,,GREEDY_HV
BMPEDU[M][M],8,9,83,83,0.83,True,True,"[62, 5, 34, 45, 46, 6, 54, 31]",[],"[62.365815130788576, 5.313483516317298, 34.985376515907106, 45.14037014544145, 46.30171989915141, 6.736129864750835, 54.27772961937821, 31.426592861329077]","[{'INP': 32}, {'CONV': [64, 3]}, ({'CONV': [256, 5]}, {'CONV': [256, 3]}), ({'CONV': [32, 3]}, {'CONV': [128, 5]}, {'POOLMAX': [-1, 2]}), ({'CONV': [128, 3]}, {'CONV': [64, 3]}), ({'CONV': [128, 5]}, {'CONV': [128, 5]}, {'POOLMAX': [-1, 2]}), ({'CONV': [128, 5]}, {'CONV': [256, 3]}), ({'CONV': [32, 3]}, {'CONV': [256, 3]}, {'POOLMAX': [-1, 2]}), ({'CONV': [256, 3]}, {'CONV': [256, 3]}), ({'CONV': [64, 5]}, {'CONV': [256, 5]}, {'POOLMAX': [-1, 2]}), {'GLOBAL_AVG': None}, {'LAST_DENSE': [100, 'softmax']}]",HHSE,NSGA2,,,,,0.707296184323961,,,,3017316352,4900132,,,,,,"[62, 5, 39, 43, 46, 6, 54, 31]",0.7268064106639226,-6.225279202087819e-05,0.0,0.0,0.25,0.75,0.83,0,0,0,100,0,0.0,BEST,False,False,151,True,True,GREEDY,,,GREEDY_HV
BCJRZ[M],8,9,84,84,0.84,True,True,"[5, 46, 2, 38, 47, 6, 46, 23]",[],"[5.720058218083475, 46.21346186541904, 2.9527189668359886, 38.115774653831714, 47.262776421974635, 6.325719759419596, 46.12043783079615, 23.9356429322487]","[{'INP': 32}, {'CONV': [64, 3]}, ({'CONV': [32, 3]}, {'CONV': [128, 5]}), ({'CONV': [128, 5]}, {'CONV': [256, 3]}, {'POOLMAX': [-1, 2]}), ({'CONV': [32, 3]}, {'CONV': [64, 3]}), ({'CONV': [128, 3]}, {'CONV': [256, 3]}, {'POOLMAX': [-1, 2]}), ({'CONV': [128, 5]}, {'CONV': [256, 5]}), ({'CONV': [32, 3]}, {'CONV': [256, 3]}, {'POOLMAX': [-1, 2]}), ({'CONV': [128, 5]}, {'CONV': [256, 3]}), ({'CONV': [64, 3]}, {'CONV': [256, 5]}, {'POOLMAX': [-1, 2]}), {'GLOBAL_AVG': None}, {'LAST_DENSE': [100, 'softmax']}]",HHSE,NSGA2,,,,,0.7109721924561299,,,,2217283584,4780452,,,,,,"[5, 47, 0, 38, 47, 6, 46, 23]",0.726868831036685,-0.0003321095458891,0.5,0.375,0.25,0.875,0.84,0,1,0,100,0,0.01,BEST,False,False,90,True,True,GREEDY,,,GREEDY_HV
BCJRZ[M],8,9,85,84,0.85,True,True,"[5, 46, 2, 38, 47, 6, 46, 23]",[],"[5.720058218083475, 46.21346186541904, 2.9527189668359886, 38.115774653831714, 47.262776421974635, 6.325719759419596, 46.12043783079615, 23.9356429322487]","[{'INP': 32}, {'CONV': [64, 3]}, ({'CONV': [32, 3]}, {'CONV': [128, 5]}), ({'CONV': [128, 5]}, {'CONV': [256, 3]}, {'POOLMAX': [-1, 2]}), ({'CONV': [32, 3]}, {'CONV': [64, 3]}), ({'CONV': [128, 3]}, {'CONV': [256, 3]}, {'POOLMAX': [-1, 2]}), ({'CONV': [128, 5]}, {'CONV': [256, 5]}), ({'CONV': [32, 3]}, {'CONV': [256, 3]}, {'POOLMAX': [-1, 2]}), ({'CONV': [128, 5]}, {'CONV': [256, 3]}), ({'CONV': [64, 3]}, {'CONV': [256, 5]}, {'POOLMAX': [-1, 2]}), {'GLOBAL_AVG': None}, {'LAST_DENSE': [100, 'softmax']}]",HHSE,NSGA2,,,,,0.7109721924561299,,,,2217283584,4780452,,,,,,"[5, 47, 0, 38, 47, 6, 46, 23]",0.7297068263852136,6.989772204057942e-05,0.5,0.375,0.25,0.0,0.84,0,0,0,100,0,0.0,BEST,False,False,90,True,True,GREEDY,,,GREEDY_HV
BCJRZ[M],8,9,86,84,0.86,True,True,"[5, 46, 2, 38, 47, 6, 46, 23]",[],"[5.720058218083475, 46.21346186541904, 2.9527189668359886, 38.115774653831714, 47.262776421974635, 6.325719759419596, 46.12043783079615, 23.9356429322487]","[{'INP': 32}, {'CONV': [64, 3]}, ({'CONV': [32, 3]}, {'CONV': [128, 5]}), ({'CONV': [128, 5]}, {'CONV': [256, 3]}, {'POOLMAX': [-1, 2]}), ({'CONV': [32, 3]}, {'CONV': [64, 3]}), ({'CONV': [128, 3]}, {'CONV': [256, 3]}, {'POOLMAX': [-1, 2]}), ({'CONV': [128, 5]}, {'CONV': [256, 5]}), ({'CONV': [32, 3]}, {'CONV': [256, 3]}, {'POOLMAX': [-1, 2]}), ({'CONV': [128, 5]}, {'CONV': [256, 3]}), ({'CONV': [64, 3]}, {'CONV': [256, 5]}, {'POOLMAX': [-1, 2]}), {'GLOBAL_AVG': None}, {'LAST_DENSE': [100, 'softmax']}]",HHSE,NSGA2,,,,,0.7109721924561299,,,,2217283584,4780452,,,,,,"[5, 47, 0, 38, 47, 6, 46, 23]",0.7296517179821496,-7.060597053332174e-05,0.5,0.375,0.25,0.0,0.84,0,1,0,100,0,0.01,BEST,False,False,90,True,True,GREEDY,,,GREEDY_HV
BMPEDU[M][M][M][M],8,9,87,87,0.87,True,True,"[59, 6, 35, 46, 46, 6, 54, 31]",[],"[59.9578559087205, 6.02746314154504, 35.29225141480742, 46.35700803984205, 46.36234284973306, 6.641114994319407, 54.564990858711816, 31.99466603790554]","[{'INP': 32}, {'CONV': [64, 3]}, ({'CONV': [256, 5]}, {'CONV': [64, 5]}), ({'CONV': [32, 3]}, {'CONV': [256, 3]}, {'POOLMAX': [-1, 2]}), ({'CONV': [128, 3]}, {'CONV': [64, 5]}), ({'CONV': [128, 5]}, {'CONV': [256, 3]}, {'POOLMAX': [-1, 2]}), ({'CONV': [128, 5]}, {'CONV': [256, 3]}), ({'CONV': [32, 3]}, {'CONV': [256, 3]}, {'POOLMAX': [-1, 2]}), ({'CONV': [256, 3]}, {'CONV': [256, 3]}), ({'CONV': [64, 5]}, {'CONV': [256, 5]}, {'POOLMAX': [-1, 2]}), {'GLOBAL_AVG': None}, {'LAST_DENSE': [100, 'softmax']}]",HHSE,NSGA2,,,,,0.7111058238207717,,,,2613057536,5209636,,,,,,"[62, 5, 34, 45, 46, 6, 54, 31]",0.73004860008963,-4.10855223825779e-05,0.0,0.0,0.5,0.875,0.87,0,1,0,100,0,0.01,BEST,False,False,86,True,True,GREEDY,,,GREEDY_HV
BMPEDU[M][M][M][M],8,9,88,87,0.88,True,True,"[59, 6, 35, 46, 46, 6, 54, 31]",[],"[59.9578559087205, 6.02746314154504, 35.29225141480742, 46.35700803984205, 46.36234284973306, 6.641114994319407, 54.564990858711816, 31.99466603790554]","[{'INP': 32}, {'CONV': [64, 3]}, ({'CONV': [256, 5]}, {'CONV': [64, 5]}), ({'CONV': [32, 3]}, {'CONV': [256, 3]}, {'POOLMAX': [-1, 2]}), ({'CONV': [128, 3]}, {'CONV': [64, 5]}), ({'CONV': [128, 5]}, {'CONV': [256, 3]}, {'POOLMAX': [-1, 2]}), ({'CONV': [128, 5]}, {'CONV': [256, 3]}), ({'CONV': [32, 3]}, {'CONV': [256, 3]}, {'POOLMAX': [-1, 2]}), ({'CONV': [256, 3]}, {'CONV': [256, 3]}), ({'CONV': [64, 5]}, {'CONV': [256, 5]}, {'POOLMAX': [-1, 2]}), {'GLOBAL_AVG': None}, {'LAST_DENSE': [100, 'softmax']}]",HHSE,NSGA2,,,,,0.7111058238207717,,,,2613057536,5209636,,,,,,"[62, 5, 34, 45, 46, 6, 54, 31]",0.7302430817099743,1.9676744525964907e-05,0.0,0.0,0.5,0.0,0.87,0,1,0,100,0,0.01,BEST,False,False,86,True,True,GREEDY,,,GREEDY_HV
BMPEDU[M][M][M][M],8,9,89,87,0.89,True,True,"[59, 6, 35, 46, 46, 6, 54, 31]",[],"[59.9578559087205, 6.02746314154504, 35.29225141480742, 46.35700803984205, 46.36234284973306, 6.641114994319407, 54.564990858711816, 31.99466603790554]","[{'INP': 32}, {'CONV': [64, 3]}, ({'CONV': [256, 5]}, {'CONV': [64, 5]}), ({'CONV': [32, 3]}, {'CONV': [256, 3]}, {'POOLMAX': [-1, 2]}), ({'CONV': [128, 3]}, {'CONV': [64, 5]}), ({'CONV': [128, 5]}, {'CONV': [256, 3]}, {'POOLMAX': [-1, 2]}), ({'CONV': [128, 5]}, {'CONV': [256, 3]}), ({'CONV': [32, 3]}, {'CONV': [256, 3]}, {'POOLMAX': [-1, 2]}), ({'CONV': [256, 3]}, {'CONV': [256, 3]}), ({'CONV': [64, 5]}, {'CONV': [256, 5]}, {'POOLMAX': [-1, 2]}), {'GLOBAL_AVG': None}, {'LAST_DENSE': [100, 'softmax']}]",HHSE,NSGA2,,,,,0.7111058238207717,,,,2613057536,5209636,,,,,,"[62, 5, 34, 45, 46, 6, 54, 31]",0.7304135424559886,2.855444583338418e-06,0.0,0.0,0.5,0.0,0.87,0,1,0,100,0,0.01,BEST,False,False,86,True,True,GREEDY,,,GREEDY_HV
BMPEDU[M][M][M][M],8,9,90,87,0.9,True,True,"[59, 6, 35, 46, 46, 6, 54, 31]",[],"[59.9578559087205, 6.02746314154504, 35.29225141480742, 46.35700803984205, 46.36234284973306, 6.641114994319407, 54.564990858711816, 31.99466603790554]","[{'INP': 32}, {'CONV': [64, 3]}, ({'CONV': [256, 5]}, {'CONV': [64, 5]}), ({'CONV': [32, 3]}, {'CONV': [256, 3]}, {'POOLMAX': [-1, 2]}), ({'CONV': [128, 3]}, {'CONV': [64, 5]}), ({'CONV': [128, 5]}, {'CONV': [256, 3]}, {'POOLMAX': [-1, 2]}), ({'CONV': [128, 5]}, {'CONV': [256, 3]}), ({'CONV': [32, 3]}, {'CONV': [256, 3]}, {'POOLMAX': [-1, 2]}), ({'CONV': [256, 3]}, {'CONV': [256, 3]}), ({'CONV': [64, 5]}, {'CONV': [256, 5]}, {'POOLMAX': [-1, 2]}), {'GLOBAL_AVG': None}, {'LAST_DENSE': [100, 'softmax']}]",HHSE,NSGA2,,,,,0.7111058238207717,,,,2613057536,5209636,,,,,,"[62, 5, 34, 45, 46, 6, 54, 31]",0.7324571660748055,0.0013695427075453,0.0,0.0,0.5,0.0,0.87,0,3,0,100,0,0.03,BEST,False,False,86,True,True,GREEDY,,,GREEDY_HV
BZLOJT[M],8,9,91,91,0.91,True,True,"[4, 0, 4, 39, 46, 6, 55, 23]",[],"[4.282088747112063, 0.7778929592925274, 4.915044823723916, 39.050115841152575, 46.04041664677199, 6.2373425660760295, 55.48097254976593, 23.00938993897269]","[{'INP': 32}, {'CONV': [64, 3]}, ({'CONV': [32, 3]}, {'CONV': [128, 3]}), ({'CONV': [32, 3]}, {'CONV': [32, 3]}, {'POOLMAX': [-1, 2]}), ({'CONV': [32, 3]}, {'CONV': [128, 3]}), ({'CONV': [128, 3]}, {'CONV': [256, 5]}, {'POOLMAX': [-1, 2]}), ({'CONV': [128, 5]}, {'CONV': [256, 3]}), ({'CONV': [32, 3]}, {'CONV': [256, 3]}, {'POOLMAX': [-1, 2]}), ({'CONV': [256, 3]}, {'CONV': [256, 5]}), ({'CONV': [64, 3]}, {'CONV': [256, 5]}, {'POOLMAX': [-1, 2]}), {'GLOBAL_AVG': None}, {'LAST_DENSE': [100, 'softmax']}]",HHSE,NSGA2,,,,,0.7135208941204877,,,,983267328,5197732,,,,,,"[4, 0, 4, 38, 46, 6, 55, 23]",0.7304823392240458,1.7902773850830833e-05,0.125,0.25,0.125,0.75,0.91,0,1,0,100,0,0.01,BEST,False,False,45,True,True,GREEDY,,,GREEDY_HV
BZLOJT[M],8,9,92,91,0.92,True,True,"[4, 0, 4, 39, 46, 6, 55, 23]",[],"[4.282088747112063, 0.7778929592925274, 4.915044823723916, 39.050115841152575, 46.04041664677199, 6.2373425660760295, 55.48097254976593, 23.00938993897269]","[{'INP': 32}, {'CONV': [64, 3]}, ({'CONV': [32, 3]}, {'CONV': [128, 3]}), ({'CONV': [32, 3]}, {'CONV': [32, 3]}, {'POOLMAX': [-1, 2]}), ({'CONV': [32, 3]}, {'CONV': [128, 3]}), ({'CONV': [128, 3]}, {'CONV': [256, 5]}, {'POOLMAX': [-1, 2]}), ({'CONV': [128, 5]}, {'CONV': [256, 3]}), ({'CONV': [32, 3]}, {'CONV': [256, 3]}, {'POOLMAX': [-1, 2]}), ({'CONV': [256, 3]}, {'CONV': [256, 5]}), ({'CONV': [64, 3]}, {'CONV': [256, 5]}, {'POOLMAX': [-1, 2]}), {'GLOBAL_AVG': None}, {'LAST_DENSE': [100, 'softmax']}]",HHSE,NSGA2,,,,,0.7135208941204877,,,,983267328,5197732,,,,,,"[4, 0, 4, 38, 46, 6, 55, 23]",0.7329546211095628,3.5934182918140323e-06,0.125,0.25,0.125,0.0,0.91,0,2,0,100,0,0.02,BEST,False,False,45,True,True,GREEDY,,,GREEDY_HV
BQGUXE[M],8,9,93,93,0.93,True,True,"[22, 6, 4, 38, 46, 6, 15, 23]",[],"[22.375442034349906, 6.948817040747393, 4.839301164229445, 38.66487066690917, 46.77061535769984, 6.016333830865501, 15.853005065649647, 23.957875931604278]","[{'INP': 32}, {'CONV': [64, 3]}, ({'CONV': [64, 3]}, {'CONV': [256, 3]}), ({'CONV': [32, 3]}, {'CONV': [256, 3]}, {'POOLMAX': [-1, 2]}), ({'CONV': [32, 3]}, {'CONV': [128, 3]}), ({'CONV': [128, 3]}, {'CONV': [256, 3]}, {'POOLMAX': [-1, 2]}), ({'CONV': [128, 5]}, {'CONV': [256, 3]}), ({'CONV': [32, 3]}, {'CONV': [256, 3]}, {'POOLMAX': [-1, 2]}), ({'CONV': [32, 5]}, {'CONV': [256, 5]}), ({'CONV': [64, 3]}, {'CONV': [256, 5]}, {'POOLMAX': [-1, 2]}), {'GLOBAL_AVG': None}, {'LAST_DENSE': [100, 'softmax']}]",HHSE,NSGA2,,,,,0.7161897979864699,,,,1164390912,3150372,,,,,,"[22, 6, 4, 38, 46, 5, 15, 23]",0.7327978790084494,1.799863135532043e-06,0.125,0.75,0.125,0.5,0.93,0,0,0,100,0,0.0,BEST,False,False,18,True,True,GREEDY,,,GREEDY_HV
BQGUXE[M],8,9,94,93,0.94,True,True,"[22, 6, 4, 38, 46, 6, 15, 23]",[],"[22.375442034349906, 6.948817040747393, 4.839301164229445, 38.66487066690917, 46.77061535769984, 6.016333830865501, 15.853005065649647, 23.957875931604278]","[{'INP': 32}, {'CONV': [64, 3]}, ({'CONV': [64, 3]}, {'CONV': [256, 3]}), ({'CONV': [32, 3]}, {'CONV': [256, 3]}, {'POOLMAX': [-1, 2]}), ({'CONV': [32, 3]}, {'CONV': [128, 3]}), ({'CONV': [128, 3]}, {'CONV': [256, 3]}, {'POOLMAX': [-1, 2]}), ({'CONV': [128, 5]}, {'CONV': [256, 3]}), ({'CONV': [32, 3]}, {'CONV': [256, 3]}, {'POOLMAX': [-1, 2]}), ({'CONV': [32, 5]}, {'CONV': [256, 5]}), ({'CONV': [64, 3]}, {'CONV': [256, 5]}, {'POOLMAX': [-1, 2]}), {'GLOBAL_AVG': None}, {'LAST_DENSE': [100, 'softmax']}]",HHSE,NSGA2,,,,,0.7161897979864699,,,,1164390912,3150372,,,,,,"[22, 6, 4, 38, 46, 5, 15, 23]",0.7352933691308571,-0.000291539789337,0.125,0.75,0.125,0.0,0.93,0,1,0,100,0,0.01,BEST,False,False,18,True,True,GREEDY,,,GREEDY_HV
BLDXWJ[M],8,9,95,95,0.95,True,True,"[22, 12, 4, 38, 46, 6, 15, 23]",[],"[22.366200255488028, 12.610204971833307, 4.654207495633979, 38.23791531403139, 46.64369643167821, 6.032663802981331, 15.31330237231055, 23.554892094722955]","[{'INP': 32}, {'CONV': [64, 3]}, ({'CONV': [64, 3]}, {'CONV': [256, 3]}), ({'CONV': [32, 5]}, {'CONV': [128, 3]}, {'POOLMAX': [-1, 2]}), ({'CONV': [32, 3]}, {'CONV': [128, 3]}), ({'CONV': [128, 3]}, {'CONV': [256, 3]}, {'POOLMAX': [-1, 2]}), ({'CONV': [128, 5]}, {'CONV': [256, 3]}), ({'CONV': [32, 3]}, {'CONV': [256, 3]}, {'POOLMAX': [-1, 2]}), ({'CONV': [32, 5]}, {'CONV': [256, 5]}), ({'CONV': [64, 3]}, {'CONV': [256, 5]}, {'POOLMAX': [-1, 2]}), {'GLOBAL_AVG': None}, {'LAST_DENSE': [100, 'softmax']}]",HHSE,NSGA2,,,,,0.7167830555133836,,,,1337274880,3207204,,,,,,"[22, 12, 4, 38, 46, 6, 15, 23]",0.7353312819025859,-6.198275308344492e-06,0.125,0.5,0.0,0.125,0.95,0,1,0,100,0,0.01,BEST,False,False,14,True,True,GREEDY,,,GREEDY_HV
BLDXWJ[M],8,9,96,95,0.96,True,True,"[22, 12, 4, 38, 46, 6, 15, 23]",[],"[22.366200255488028, 12.610204971833307, 4.654207495633979, 38.23791531403139, 46.64369643167821, 6.032663802981331, 15.31330237231055, 23.554892094722955]","[{'INP': 32}, {'CONV': [64, 3]}, ({'CONV': [64, 3]}, {'CONV': [256, 3]}), ({'CONV': [32, 5]}, {'CONV': [128, 3]}, {'POOLMAX': [-1, 2]}), ({'CONV': [32, 3]}, {'CONV': [128, 3]}), ({'CONV': [128, 3]}, {'CONV': [256, 3]}, {'POOLMAX': [-1, 2]}), ({'CONV': [128, 5]}, {'CONV': [256, 3]}), ({'CONV': [32, 3]}, {'CONV': [256, 3]}, {'POOLMAX': [-1, 2]}), ({'CONV': [32, 5]}, {'CONV': [256, 5]}), ({'CONV': [64, 3]}, {'CONV': [256, 5]}, {'POOLMAX': [-1, 2]}), {'GLOBAL_AVG': None}, {'LAST_DENSE': [100, 'softmax']}]",HHSE,NSGA2,,,,,0.7167830555133836,,,,1337274880,3207204,,,,,,"[22, 12, 4, 38, 46, 6, 15, 23]",0.7359106711035936,-1.694152747488964e-05,0.125,0.5,0.0,0.0,0.95,0,1,0,100,0,0.01,BEST,False,False,14,True,True,GREEDY,,,GREEDY_HV
BLDXWJ[M],8,9,97,95,0.97,True,True,"[22, 12, 4, 38, 46, 6, 15, 23]",[],"[22.366200255488028, 12.610204971833307, 4.654207495633979, 38.23791531403139, 46.64369643167821, 6.032663802981331, 15.31330237231055, 23.554892094722955]","[{'INP': 32}, {'CONV': [64, 3]}, ({'CONV': [64, 3]}, {'CONV': [256, 3]}), ({'CONV': [32, 5]}, {'CONV': [128, 3]}, {'POOLMAX': [-1, 2]}), ({'CONV': [32, 3]}, {'CONV': [128, 3]}), ({'CONV': [128, 3]}, {'CONV': [256, 3]}, {'POOLMAX': [-1, 2]}), ({'CONV': [128, 5]}, {'CONV': [256, 3]}), ({'CONV': [32, 3]}, {'CONV': [256, 3]}, {'POOLMAX': [-1, 2]}), ({'CONV': [32, 5]}, {'CONV': [256, 5]}), ({'CONV': [64, 3]}, {'CONV': [256, 5]}, {'POOLMAX': [-1, 2]}), {'GLOBAL_AVG': None}, {'LAST_DENSE': [100, 'softmax']}]",HHSE,NSGA2,,,,,0.7167830555133836,,,,1337274880,3207204,,,,,,"[22, 12, 4, 38, 46, 6, 15, 23]",0.7365540129736657,-2.2481458503698093e-06,0.125,0.5,0.0,0.0,0.95,0,0,0,100,0,0.0,BEST,False,False,14,True,True,GREEDY,,,GREEDY_HV
BLDXWJ[M],8,9,98,95,0.98,True,True,"[22, 12, 4, 38, 46, 6, 15, 23]",[],"[22.366200255488028, 12.610204971833307, 4.654207495633979, 38.23791531403139, 46.64369643167821, 6.032663802981331, 15.31330237231055, 23.554892094722955]","[{'INP': 32}, {'CONV': [64, 3]}, ({'CONV': [64, 3]}, {'CONV': [256, 3]}), ({'CONV': [32, 5]}, {'CONV': [128, 3]}, {'POOLMAX': [-1, 2]}), ({'CONV': [32, 3]}, {'CONV': [128, 3]}), ({'CONV': [128, 3]}, {'CONV': [256, 3]}, {'POOLMAX': [-1, 2]}), ({'CONV': [128, 5]}, {'CONV': [256, 3]}), ({'CONV': [32, 3]}, {'CONV': [256, 3]}, {'POOLMAX': [-1, 2]}), ({'CONV': [32, 5]}, {'CONV': [256, 5]}), ({'CONV': [64, 3]}, {'CONV': [256, 5]}, {'POOLMAX': [-1, 2]}), {'GLOBAL_AVG': None}, {'LAST_DENSE': [100, 'softmax']}]",HHSE,NSGA2,,,,,0.7167830555133836,,,,1337274880,3207204,,,,,,"[22, 12, 4, 38, 46, 6, 15, 23]",0.7360926650762138,-1.7234393021259287e-05,0.125,0.5,0.0,0.0,0.95,0,0,0,100,0,0.0,BEST,False,False,14,True,True,GREEDY,,,GREEDY_HV
BLDXWJ[M],8,9,99,95,0.99,True,True,"[22, 12, 4, 38, 46, 6, 15, 23]",[],"[22.366200255488028, 12.610204971833307, 4.654207495633979, 38.23791531403139, 46.64369643167821, 6.032663802981331, 15.31330237231055, 23.554892094722955]","[{'INP': 32}, {'CONV': [64, 3]}, ({'CONV': [64, 3]}, {'CONV': [256, 3]}), ({'CONV': [32, 5]}, {'CONV': [128, 3]}, {'POOLMAX': [-1, 2]}), ({'CONV': [32, 3]}, {'CONV': [128, 3]}), ({'CONV': [128, 3]}, {'CONV': [256, 3]}, {'POOLMAX': [-1, 2]}), ({'CONV': [128, 5]}, {'CONV': [256, 3]}), ({'CONV': [32, 3]}, {'CONV': [256, 3]}, {'POOLMAX': [-1, 2]}), ({'CONV': [32, 5]}, {'CONV': [256, 5]}), ({'CONV': [64, 3]}, {'CONV': [256, 5]}, {'POOLMAX': [-1, 2]}), {'GLOBAL_AVG': None}, {'LAST_DENSE': [100, 'softmax']}]",HHSE,NSGA2,,,,,0.7167830555133836,,,,1337274880,3207204,,,,,,"[22, 12, 4, 38, 46, 6, 15, 23]",0.7362004078760327,-0.0010257314446411,0.125,0.5,0.0,0.0,0.95,0,0,0,100,0,0.0,BEST,False,False,14,True,True,GREEDY,,,GREEDY_HV
BLDXWJ[M],8,9,100,95,1.0,True,True,"[22, 12, 4, 38, 46, 6, 15, 23]",[],"[22.366200255488028, 12.610204971833307, 4.654207495633979, 38.23791531403139, 46.64369643167821, 6.032663802981331, 15.31330237231055, 23.554892094722955]","[{'INP': 32}, {'CONV': [64, 3]}, ({'CONV': [64, 3]}, {'CONV': [256, 3]}), ({'CONV': [32, 5]}, {'CONV': [128, 3]}, {'POOLMAX': [-1, 2]}), ({'CONV': [32, 3]}, {'CONV': [128, 3]}), ({'CONV': [128, 3]}, {'CONV': [256, 3]}, {'POOLMAX': [-1, 2]}), ({'CONV': [128, 5]}, {'CONV': [256, 3]}), ({'CONV': [32, 3]}, {'CONV': [256, 3]}, {'POOLMAX': [-1, 2]}), ({'CONV': [32, 5]}, {'CONV': [256, 5]}), ({'CONV': [64, 3]}, {'CONV': [256, 5]}, {'POOLMAX': [-1, 2]}), {'GLOBAL_AVG': None}, {'LAST_DENSE': [100, 'softmax']}]",HHSE,NSGA2,,,,,0.7167830555133836,,,,1337274880,3207204,,,,,,"[22, 12, 4, 38, 46, 6, 15, 23]",0.7362187185762759,-5.280062653989504e-06,0.125,0.5,0.0,0.0,0.95,0,0,0,100,0,0.0,BEST,False,False,14,True,True,GREEDY,,,GREEDY_HV
BPYYDK[M],9,10,1,1,0.01,True,True,"[7, 6, 55, 3, 47, 6, 62, 29]",[],"[7.7410495130590355, 6.3407968418630745, 55.07345878546563, 3.2413014961405193, 47.06457119295844, 6.657019182662227, 62.695272657243564, 29.590893892446463]","[{'INP': 32}, {'CONV': [64, 3]}, ({'CONV': [32, 3]}, {'CONV': [256, 5]}), ({'CONV': [32, 3]}, {'CONV': [256, 3]}, {'POOLMAX': [-1, 2]}), ({'CONV': [256, 3]}, {'CONV': [256, 5]}), ({'CONV': [32, 3]}, {'CONV': [64, 5]}, {'POOLMAX': [-1, 2]}), ({'CONV': [128, 5]}, {'CONV': [256, 5]}), ({'CONV': [32, 3]}, {'CONV': [256, 3]}, {'POOLMAX': [-1, 2]}), ({'CONV': [256, 5]}, {'CONV': [256, 3]}), ({'CONV': [64, 5]}, {'CONV': [128, 5]}, {'POOLMAX': [-1, 2]}), {'GLOBAL_AVG': None}, {'LAST_DENSE': [100, 'softmax']}]",HHSE,NSGA2,,,,,0.6935526213863992,,,,2213972480,6763044,,,,,,"[24, 9, 7, 5, 34, 14, 42, 35]",0.6771039744133197,0.0,1.0,0.0,1.0,0.0,0.01,0,13,0,100,0,0.13,BEST,False,False,307,True,True,GREEDY,,,GREEDY_HV
BPYYDK[M],9,10,2,1,0.02,True,True,"[7, 6, 55, 3, 47, 6, 62, 29]",[],"[7.7410495130590355, 6.3407968418630745, 55.07345878546563, 3.2413014961405193, 47.06457119295844, 6.657019182662227, 62.695272657243564, 29.590893892446463]","[{'INP': 32}, {'CONV': [64, 3]}, ({'CONV': [32, 3]}, {'CONV': [256, 5]}), ({'CONV': [32, 3]}, {'CONV': [256, 3]}, {'POOLMAX': [-1, 2]}), ({'CONV': [256, 3]}, {'CONV': [256, 5]}), ({'CONV': [32, 3]}, {'CONV': [64, 5]}, {'POOLMAX': [-1, 2]}), ({'CONV': [128, 5]}, {'CONV': [256, 5]}), ({'CONV': [32, 3]}, {'CONV': [256, 3]}, {'POOLMAX': [-1, 2]}), ({'CONV': [256, 5]}, {'CONV': [256, 3]}), ({'CONV': [64, 5]}, {'CONV': [128, 5]}, {'POOLMAX': [-1, 2]}), {'GLOBAL_AVG': None}, {'LAST_DENSE': [100, 'softmax']}]",HHSE,NSGA2,,,,,0.6935526213863992,,,,2213972480,6763044,,,,,,"[24, 9, 7, 5, 34, 14, 42, 35]",0.6917242122205193,0.0057542942466287,1.0,0.0,1.0,0.0,0.01,0,4,0,100,0,0.04,BEST,False,False,307,True,True,GREEDY,,,GREEDY_HV
BPYYDK[M],9,10,3,1,0.03,True,True,"[7, 6, 55, 3, 47, 6, 62, 29]",[],"[7.7410495130590355, 6.3407968418630745, 55.07345878546563, 3.2413014961405193, 47.06457119295844, 6.657019182662227, 62.695272657243564, 29.590893892446463]","[{'INP': 32}, {'CONV': [64, 3]}, ({'CONV': [32, 3]}, {'CONV': [256, 5]}), ({'CONV': [32, 3]}, {'CONV': [256, 3]}, {'POOLMAX': [-1, 2]}), ({'CONV': [256, 3]}, {'CONV': [256, 5]}), ({'CONV': [32, 3]}, {'CONV': [64, 5]}, {'POOLMAX': [-1, 2]}), ({'CONV': [128, 5]}, {'CONV': [256, 5]}), ({'CONV': [32, 3]}, {'CONV': [256, 3]}, {'POOLMAX': [-1, 2]}), ({'CONV': [256, 5]}, {'CONV': [256, 3]}), ({'CONV': [64, 5]}, {'CONV': [128, 5]}, {'POOLMAX': [-1, 2]}), {'GLOBAL_AVG': None}, {'LAST_DENSE': [100, 'softmax']}]",HHSE,NSGA2,,,,,0.6935526213863992,,,,2213972480,6763044,,,,,,"[24, 9, 7, 5, 34, 14, 42, 35]",0.6861820600008849,0.00155966835428,1.0,0.0,1.0,0.0,0.01,0,6,0,100,0,0.06,BEST,False,False,307,True,True,GREEDY,,,GREEDY_HV
BPYYDK[M],9,10,4,1,0.04,True,True,"[7, 6, 55, 3, 47, 6, 62, 29]",[],"[7.7410495130590355, 6.3407968418630745, 55.07345878546563, 3.2413014961405193, 47.06457119295844, 6.657019182662227, 62.695272657243564, 29.590893892446463]","[{'INP': 32}, {'CONV': [64, 3]}, ({'CONV': [32, 3]}, {'CONV': [256, 5]}), ({'CONV': [32, 3]}, {'CONV': [256, 3]}, {'POOLMAX': [-1, 2]}), ({'CONV': [256, 3]}, {'CONV': [256, 5]}), ({'CONV': [32, 3]}, {'CONV': [64, 5]}, {'POOLMAX': [-1, 2]}), ({'CONV': [128, 5]}, {'CONV': [256, 5]}), ({'CONV': [32, 3]}, {'CONV': [256, 3]}, {'POOLMAX': [-1, 2]}), ({'CONV': [256, 5]}, {'CONV': [256, 3]}), ({'CONV': [64, 5]}, {'CONV': [128, 5]}, {'POOLMAX': [-1, 2]}), {'GLOBAL_AVG': None}, {'LAST_DENSE': [100, 'softmax']}]",HHSE,NSGA2,,,,,0.6935526213863992,,,,2213972480,6763044,,,,,,"[24, 9, 7, 5, 34, 14, 42, 35]",0.6963229894453365,0.0026278243174794,1.0,0.0,1.0,0.0,0.01,0,1,0,100,0,0.01,BEST,False,False,307,True,True,GREEDY,,,GREEDY_HV
BPYYDK[M],9,10,5,1,0.05,True,True,"[7, 6, 55, 3, 47, 6, 62, 29]",[],"[7.7410495130590355, 6.3407968418630745, 55.07345878546563, 3.2413014961405193, 47.06457119295844, 6.657019182662227, 62.695272657243564, 29.590893892446463]","[{'INP': 32}, {'CONV': [64, 3]}, ({'CONV': [32, 3]}, {'CONV': [256, 5]}), ({'CONV': [32, 3]}, {'CONV': [256, 3]}, {'POOLMAX': [-1, 2]}), ({'CONV': [256, 3]}, {'CONV': [256, 5]}), ({'CONV': [32, 3]}, {'CONV': [64, 5]}, {'POOLMAX': [-1, 2]}), ({'CONV': [128, 5]}, {'CONV': [256, 5]}), ({'CONV': [32, 3]}, {'CONV': [256, 3]}, {'POOLMAX': [-1, 2]}), ({'CONV': [256, 5]}, {'CONV': [256, 3]}), ({'CONV': [64, 5]}, {'CONV': [128, 5]}, {'POOLMAX': [-1, 2]}), {'GLOBAL_AVG': None}, {'LAST_DENSE': [100, 'softmax']}]",HHSE,NSGA2,,,,,0.6935526213863992,,,,2213972480,6763044,,,,,,"[24, 9, 7, 5, 34, 14, 42, 35]",0.6931413645977424,-0.0037259192145107,1.0,0.0,1.0,0.0,0.01,0,0,0,100,0,0.0,BEST,False,False,307,True,True,GREEDY,,,GREEDY_HV
BPYYDK[M],9,10,6,1,0.06,True,True,"[7, 6, 55, 3, 47, 6, 62, 29]",[],"[7.7410495130590355, 6.3407968418630745, 55.07345878546563, 3.2413014961405193, 47.06457119295844, 6.657019182662227, 62.695272657243564, 29.590893892446463]","[{'INP': 32}, {'CONV': [64, 3]}, ({'CONV': [32, 3]}, {'CONV': [256, 5]}), ({'CONV': [32, 3]}, {'CONV': [256, 3]}, {'POOLMAX': [-1, 2]}), ({'CONV': [256, 3]}, {'CONV': [256, 5]}), ({'CONV': [32, 3]}, {'CONV': [64, 5]}, {'POOLMAX': [-1, 2]}), ({'CONV': [128, 5]}, {'CONV': [256, 5]}), ({'CONV': [32, 3]}, {'CONV': [256, 3]}, {'POOLMAX': [-1, 2]}), ({'CONV': [256, 5]}, {'CONV': [256, 3]}), ({'CONV': [64, 5]}, {'CONV': [128, 5]}, {'POOLMAX': [-1, 2]}), {'GLOBAL_AVG': None}, {'LAST_DENSE': [100, 'softmax']}]",HHSE,NSGA2,,,,,0.6935526213863992,,,,2213972480,6763044,,,,,,"[24, 9, 7, 5, 34, 14, 42, 35]",0.6932444384974621,-0.0019898898867283,1.0,0.0,1.0,0.0,0.01,0,0,0,100,0,0.0,BEST,False,False,307,True,True,GREEDY,,,GREEDY_HV
BNQPID[M],9,10,7,7,0.07,True,True,"[10, 30, 4, 38, 37, 38, 38, 35]",[],"[10.80241650624555, 30.63239607984955, 4.426745714405742, 38.396597080715075, 37.573250317137166, 38.80033798134629, 38.02251290901498, 35.564934313782416]","[{'INP': 32}, {'CONV': [64, 3]}, ({'CONV': [32, 5]}, {'CONV': [64, 3]}), ({'CONV': [64, 5]}, {'CONV': [256, 3]}, {'POOLMAX': [-1, 2]}), ({'CONV': [32, 3]}, {'CONV': [128, 3]}), ({'CONV': [128, 3]}, {'CONV': [256, 3]}, {'POOLMAX': [-1, 2]}), ({'CONV': [128, 3]}, {'CONV': [128, 5]}), ({'CONV': [128, 3]}, {'CONV': [256, 3]}, {'POOLMAX': [-1, 2]}), ({'CONV': [128, 3]}, {'CONV': [256, 3]}), ({'CONV': [128, 3]}, {'CONV': [64, 5]}, {'POOLMAX': [-1, 2]}), {'GLOBAL_AVG': None}, {'LAST_DENSE': [100, 'softmax']}]",HHSE,NSGA2,,,,,0.6989338739670427,,,,1127429888,3126052,,,,,,"[29, 45, 15, 0, 46, 46, 50, 6]",0.6962171620530393,-0.0045148472797521,0.75,0.25,1.0,1.0,0.07,0,1,0,100,0,0.01,BEST,False,False,263,True,True,GREEDY,,,GREEDY_HV
BNQPID[M],9,10,8,7,0.08,True,True,"[10, 30, 4, 38, 37, 38, 38, 35]",[],"[10.80241650624555, 30.63239607984955, 4.426745714405742, 38.396597080715075, 37.573250317137166, 38.80033798134629, 38.02251290901498, 35.564934313782416]","[{'INP': 32}, {'CONV': [64, 3]}, ({'CONV': [32, 5]}, {'CONV': [64, 3]}), ({'CONV': [64, 5]}, {'CONV': [256, 3]}, {'POOLMAX': [-1, 2]}), ({'CONV': [32, 3]}, {'CONV': [128, 3]}), ({'CONV': [128, 3]}, {'CONV': [256, 3]}, {'POOLMAX': [-1, 2]}), ({'CONV': [128, 3]}, {'CONV': [128, 5]}), ({'CONV': [128, 3]}, {'CONV': [256, 3]}, {'POOLMAX': [-1, 2]}), ({'CONV': [128, 3]}, {'CONV': [256, 3]}), ({'CONV': [128, 3]}, {'CONV': [64, 5]}, {'POOLMAX': [-1, 2]}), {'GLOBAL_AVG': None}, {'LAST_DENSE': [100, 'softmax']}]",HHSE,NSGA2,,,,,0.6989338739670427,,,,1127429888,3126052,,,,,,"[29, 45, 15, 0, 46, 46, 50, 6]",0.7051558555355738,-0.0008898852788997,0.75,0.25,1.0,0.0,0.07,0,0,0,100,0,0.0,BEST,False,False,263,True,True,GREEDY,,,GREEDY_HV
BNQPID[M],9,10,9,7,0.09,True,True,"[10, 30, 4, 38, 37, 38, 38, 35]",[],"[10.80241650624555, 30.63239607984955, 4.426745714405742, 38.396597080715075, 37.573250317137166, 38.80033798134629, 38.02251290901498, 35.564934313782416]","[{'INP': 32}, {'CONV': [64, 3]}, ({'CONV': [32, 5]}, {'CONV': [64, 3]}), ({'CONV': [64, 5]}, {'CONV': [256, 3]}, {'POOLMAX': [-1, 2]}), ({'CONV': [32, 3]}, {'CONV': [128, 3]}), ({'CONV': [128, 3]}, {'CONV': [256, 3]}, {'POOLMAX': [-1, 2]}), ({'CONV': [128, 3]}, {'CONV': [128, 5]}), ({'CONV': [128, 3]}, {'CONV': [256, 3]}, {'POOLMAX': [-1, 2]}), ({'CONV': [128, 3]}, {'CONV': [256, 3]}), ({'CONV': [128, 3]}, {'CONV': [64, 5]}, {'POOLMAX': [-1, 2]}), {'GLOBAL_AVG': None}, {'LAST_DENSE': [100, 'softmax']}]",HHSE,NSGA2,,,,,0.6989338739670427,,,,1127429888,3126052,,,,,,"[29, 45, 15, 0, 46, 46, 50, 6]",0.7059338485475254,-0.0047043688558805,0.75,0.25,1.0,0.0,0.07,0,0,0,100,0,0.0,BEST,False,False,263,True,True,GREEDY,,,GREEDY_HV
BNQPID[M],9,10,10,7,0.1,True,True,"[10, 30, 4, 38, 37, 38, 38, 35]",[],"[10.80241650624555, 30.63239607984955, 4.426745714405742, 38.396597080715075, 37.573250317137166, 38.80033798134629, 38.02251290901498, 35.564934313782416]","[{'INP': 32}, {'CONV': [64, 3]}, ({'CONV': [32, 5]}, {'CONV': [64, 3]}), ({'CONV': [64, 5]}, {'CONV': [256, 3]}, {'POOLMAX': [-1, 2]}), ({'CONV': [32, 3]}, {'CONV': [128, 3]}), ({'CONV': [128, 3]}, {'CONV': [256, 3]}, {'POOLMAX': [-1, 2]}), ({'CONV': [128, 3]}, {'CONV': [128, 5]}), ({'CONV': [128, 3]}, {'CONV': [256, 3]}, {'POOLMAX': [-1, 2]}), ({'CONV': [128, 3]}, {'CONV': [256, 3]}), ({'CONV': [128, 3]}, {'CONV': [64, 5]}, {'POOLMAX': [-1, 2]}), {'GLOBAL_AVG': None}, {'LAST_DENSE': [100, 'softmax']}]",HHSE,NSGA2,,,,,0.6989338739670427,,,,1127429888,3126052,,,,,,"[29, 45, 15, 0, 46, 46, 50, 6]",0.7073547474570585,-0.0032305013182588,0.75,0.25,1.0,0.0,0.07,0,1,0,100,0,0.01,BEST,False,False,263,True,True,GREEDY,,,GREEDY_HV
BNQPID[M],9,10,11,7,0.11,True,True,"[10, 30, 4, 38, 37, 38, 38, 35]",[],"[10.80241650624555, 30.63239607984955, 4.426745714405742, 38.396597080715075, 37.573250317137166, 38.80033798134629, 38.02251290901498, 35.564934313782416]","[{'INP': 32}, {'CONV': [64, 3]}, ({'CONV': [32, 5]}, {'CONV': [64, 3]}), ({'CONV': [64, 5]}, {'CONV': [256, 3]}, {'POOLMAX': [-1, 2]}), ({'CONV': [32, 3]}, {'CONV': [128, 3]}), ({'CONV': [128, 3]}, {'CONV': [256, 3]}, {'POOLMAX': [-1, 2]}), ({'CONV': [128, 3]}, {'CONV': [128, 5]}), ({'CONV': [128, 3]}, {'CONV': [256, 3]}, {'POOLMAX': [-1, 2]}), ({'CONV': [128, 3]}, {'CONV': [256, 3]}), ({'CONV': [128, 3]}, {'CONV': [64, 5]}, {'POOLMAX': [-1, 2]}), {'GLOBAL_AVG': None}, {'LAST_DENSE': [100, 'softmax']}]",HHSE,NSGA2,,,,,0.6989338739670427,,,,1127429888,3126052,,,,,,"[29, 45, 15, 0, 46, 46, 50, 6]",0.7089773982866557,-0.0001427493356693,0.75,0.25,1.0,0.0,0.07,0,0,0,100,0,0.0,BEST,False,False,263,True,True,GREEDY,,,GREEDY_HV
BNQPID[M],9,10,12,7,0.12,True,True,"[10, 30, 4, 38, 37, 38, 38, 35]",[],"[10.80241650624555, 30.63239607984955, 4.426745714405742, 38.396597080715075, 37.573250317137166, 38.80033798134629, 38.02251290901498, 35.564934313782416]","[{'INP': 32}, {'CONV': [64, 3]}, ({'CONV': [32, 5]}, {'CONV': [64, 3]}), ({'CONV': [64, 5]}, {'CONV': [256, 3]}, {'POOLMAX': [-1, 2]}), ({'CONV': [32, 3]}, {'CONV': [128, 3]}), ({'CONV': [128, 3]}, {'CONV': [256, 3]}, {'POOLMAX': [-1, 2]}), ({'CONV': [128, 3]}, {'CONV': [128, 5]}), ({'CONV': [128, 3]}, {'CONV': [256, 3]}, {'POOLMAX': [-1, 2]}), ({'CONV': [128, 3]}, {'CONV': [256, 3]}), ({'CONV': [128, 3]}, {'CONV': [64, 5]}, {'POOLMAX': [-1, 2]}), {'GLOBAL_AVG': None}, {'LAST_DENSE': [100, 'softmax']}]",HHSE,NSGA2,,,,,0.6989338739670427,,,,1127429888,3126052,,,,,,"[29, 45, 15, 0, 46, 46, 50, 6]",0.710019373096192,-0.0005685779173972,0.75,0.25,1.0,0.0,0.07,0,1,0,100,0,0.01,BEST,False,False,263,True,True,GREEDY,,,GREEDY_HV
BNQPID[M],9,10,13,7,0.13,True,True,"[10, 30, 4, 38, 37, 38, 38, 35]",[],"[10.80241650624555, 30.63239607984955, 4.426745714405742, 38.396597080715075, 37.573250317137166, 38.80033798134629, 38.02251290901498, 35.564934313782416]","[{'INP': 32}, {'CONV': [64, 3]}, ({'CONV': [32, 5]}, {'CONV': [64, 3]}), ({'CONV': [64, 5]}, {'CONV': [256, 3]}, {'POOLMAX': [-1, 2]}), ({'CONV': [32, 3]}, {'CONV': [128, 3]}), ({'CONV': [128, 3]}, {'CONV': [256, 3]}, {'POOLMAX': [-1, 2]}), ({'CONV': [128, 3]}, {'CONV': [128, 5]}), ({'CONV': [128, 3]}, {'CONV': [256, 3]}, {'POOLMAX': [-1, 2]}), ({'CONV': [128, 3]}, {'CONV': [256, 3]}), ({'CONV': [128, 3]}, {'CONV': [64, 5]}, {'POOLMAX': [-1, 2]}), {'GLOBAL_AVG': None}, {'LAST_DENSE': [100, 'softmax']}]",HHSE,NSGA2,,,,,0.6989338739670427,,,,1127429888,3126052,,,,,,"[29, 45, 15, 0, 46, 46, 50, 6]",0.7100739825065938,-0.0003167558741385,0.75,0.25,1.0,0.0,0.07,0,0,0,100,0,0.0,BEST,False,False,263,True,True,GREEDY,,,GREEDY_HV
BNQPID[M],9,10,14,7,0.14,True,True,"[10, 30, 4, 38, 37, 38, 38, 35]",[],"[10.80241650624555, 30.63239607984955, 4.426745714405742, 38.396597080715075, 37.573250317137166, 38.80033798134629, 38.02251290901498, 35.564934313782416]","[{'INP': 32}, {'CONV': [64, 3]}, ({'CONV': [32, 5]}, {'CONV': [64, 3]}), ({'CONV': [64, 5]}, {'CONV': [256, 3]}, {'POOLMAX': [-1, 2]}), ({'CONV': [32, 3]}, {'CONV': [128, 3]}), ({'CONV': [128, 3]}, {'CONV': [256, 3]}, {'POOLMAX': [-1, 2]}), ({'CONV': [128, 3]}, {'CONV': [128, 5]}), ({'CONV': [128, 3]}, {'CONV': [256, 3]}, {'POOLMAX': [-1, 2]}), ({'CONV': [128, 3]}, {'CONV': [256, 3]}), ({'CONV': [128, 3]}, {'CONV': [64, 5]}, {'POOLMAX': [-1, 2]}), {'GLOBAL_AVG': None}, {'LAST_DENSE': [100, 'softmax']}]",HHSE,NSGA2,,,,,0.6989338739670427,,,,1127429888,3126052,,,,,,"[29, 45, 15, 0, 46, 46, 50, 6]",0.7100847055994106,-0.0005789455033771,0.75,0.25,1.0,0.0,0.07,0,0,0,100,0,0.0,BEST,False,False,263,True,True,GREEDY,,,GREEDY_HV
BNQPID[M],9,10,15,7,0.15,True,True,"[10, 30, 4, 38, 37, 38, 38, 35]",[],"[10.80241650624555, 30.63239607984955, 4.426745714405742, 38.396597080715075, 37.573250317137166, 38.80033798134629, 38.02251290901498, 35.564934313782416]","[{'INP': 32}, {'CONV': [64, 3]}, ({'CONV': [32, 5]}, {'CONV': [64, 3]}), ({'CONV': [64, 5]}, {'CONV': [256, 3]}, {'POOLMAX': [-1, 2]}), ({'CONV': [32, 3]}, {'CONV': [128, 3]}), ({'CONV': [128, 3]}, {'CONV': [256, 3]}, {'POOLMAX': [-1, 2]}), ({'CONV': [128, 3]}, {'CONV': [128, 5]}), ({'CONV': [128, 3]}, {'CONV': [256, 3]}, {'POOLMAX': [-1, 2]}), ({'CONV': [128, 3]}, {'CONV': [256, 3]}), ({'CONV': [128, 3]}, {'CONV': [64, 5]}, {'POOLMAX': [-1, 2]}), {'GLOBAL_AVG': None}, {'LAST_DENSE': [100, 'softmax']}]",HHSE,NSGA2,,,,,0.6989338739670427,,,,1127429888,3126052,,,,,,"[29, 45, 15, 0, 46, 46, 50, 6]",0.7100527325926849,-0.0001263537497888,0.75,0.25,1.0,0.0,0.07,0,0,0,100,0,0.0,BEST,False,False,263,True,True,GREEDY,,,GREEDY_HV
BNQPID[M],9,10,16,7,0.16,True,True,"[10, 30, 4, 38, 37, 38, 38, 35]",[],"[10.80241650624555, 30.63239607984955, 4.426745714405742, 38.396597080715075, 37.573250317137166, 38.80033798134629, 38.02251290901498, 35.564934313782416]","[{'INP': 32}, {'CONV': [64, 3]}, ({'CONV': [32, 5]}, {'CONV': [64, 3]}), ({'CONV': [64, 5]}, {'CONV': [256, 3]}, {'POOLMAX': [-1, 2]}), ({'CONV': [32, 3]}, {'CONV': [128, 3]}), ({'CONV': [128, 3]}, {'CONV': [256, 3]}, {'POOLMAX': [-1, 2]}), ({'CONV': [128, 3]}, {'CONV': [128, 5]}), ({'CONV': [128, 3]}, {'CONV': [256, 3]}, {'POOLMAX': [-1, 2]}), ({'CONV': [128, 3]}, {'CONV': [256, 3]}), ({'CONV': [128, 3]}, {'CONV': [64, 5]}, {'POOLMAX': [-1, 2]}), {'GLOBAL_AVG': None}, {'LAST_DENSE': [100, 'softmax']}]",HHSE,NSGA2,,,,,0.6989338739670427,,,,1127429888,3126052,,,,,,"[29, 45, 15, 0, 46, 46, 50, 6]",0.7102251730569034,-0.0023855509368695,0.75,0.25,1.0,0.0,0.07,0,1,0,100,0,0.01,BEST,False,False,263,True,True,GREEDY,,,GREEDY_HV
BNQPID[M],9,10,17,7,0.17,True,True,"[10, 30, 4, 38, 37, 38, 38, 35]",[],"[10.80241650624555, 30.63239607984955, 4.426745714405742, 38.396597080715075, 37.573250317137166, 38.80033798134629, 38.02251290901498, 35.564934313782416]","[{'INP': 32}, {'CONV': [64, 3]}, ({'CONV': [32, 5]}, {'CONV': [64, 3]}), ({'CONV': [64, 5]}, {'CONV': [256, 3]}, {'POOLMAX': [-1, 2]}), ({'CONV': [32, 3]}, {'CONV': [128, 3]}), ({'CONV': [128, 3]}, {'CONV': [256, 3]}, {'POOLMAX': [-1, 2]}), ({'CONV': [128, 3]}, {'CONV': [128, 5]}), ({'CONV': [128, 3]}, {'CONV': [256, 3]}, {'POOLMAX': [-1, 2]}), ({'CONV': [128, 3]}, {'CONV': [256, 3]}), ({'CONV': [128, 3]}, {'CONV': [64, 5]}, {'POOLMAX': [-1, 2]}), {'GLOBAL_AVG': None}, {'LAST_DENSE': [100, 'softmax']}]",HHSE,NSGA2,,,,,0.6989338739670427,,,,1127429888,3126052,,,,,,"[29, 45, 15, 0, 46, 46, 50, 6]",0.7101604470954069,-0.0007622844555141,0.75,0.25,1.0,0.0,0.07,0,0,0,100,0,0.0,BEST,False,False,263,True,True,GREEDY,,,GREEDY_HV
BNQPID[M],9,10,18,7,0.18,True,True,"[10, 30, 4, 38, 37, 38, 38, 35]",[],"[10.80241650624555, 30.63239607984955, 4.426745714405742, 38.396597080715075, 37.573250317137166, 38.80033798134629, 38.02251290901498, 35.564934313782416]","[{'INP': 32}, {'CONV': [64, 3]}, ({'CONV': [32, 5]}, {'CONV': [64, 3]}), ({'CONV': [64, 5]}, {'CONV': [256, 3]}, {'POOLMAX': [-1, 2]}), ({'CONV': [32, 3]}, {'CONV': [128, 3]}), ({'CONV': [128, 3]}, {'CONV': [256, 3]}, {'POOLMAX': [-1, 2]}), ({'CONV': [128, 3]}, {'CONV': [128, 5]}), ({'CONV': [128, 3]}, {'CONV': [256, 3]}, {'POOLMAX': [-1, 2]}), ({'CONV': [128, 3]}, {'CONV': [256, 3]}), ({'CONV': [128, 3]}, {'CONV': [64, 5]}, {'POOLMAX': [-1, 2]}), {'GLOBAL_AVG': None}, {'LAST_DENSE': [100, 'softmax']}]",HHSE,NSGA2,,,,,0.6989338739670427,,,,1127429888,3126052,,,,,,"[29, 45, 15, 0, 46, 46, 50, 6]",0.7107896989642417,-0.0002382801438191,0.75,0.25,1.0,0.0,0.07,0,1,0,100,0,0.01,BEST,False,False,263,True,True,GREEDY,,,GREEDY_HV
BNQPID[M],9,10,19,7,0.19,True,True,"[10, 30, 4, 38, 37, 38, 38, 35]",[],"[10.80241650624555, 30.63239607984955, 4.426745714405742, 38.396597080715075, 37.573250317137166, 38.80033798134629, 38.02251290901498, 35.564934313782416]","[{'INP': 32}, {'CONV': [64, 3]}, ({'CONV': [32, 5]}, {'CONV': [64, 3]}), ({'CONV': [64, 5]}, {'CONV': [256, 3]}, {'POOLMAX': [-1, 2]}), ({'CONV': [32, 3]}, {'CONV': [128, 3]}), ({'CONV': [128, 3]}, {'CONV': [256, 3]}, {'POOLMAX': [-1, 2]}), ({'CONV': [128, 3]}, {'CONV': [128, 5]}), ({'CONV': [128, 3]}, {'CONV': [256, 3]}, {'POOLMAX': [-1, 2]}), ({'CONV': [128, 3]}, {'CONV': [256, 3]}), ({'CONV': [128, 3]}, {'CONV': [64, 5]}, {'POOLMAX': [-1, 2]}), {'GLOBAL_AVG': None}, {'LAST_DENSE': [100, 'softmax']}]",HHSE,NSGA2,,,,,0.6989338739670427,,,,1127429888,3126052,,,,,,"[29, 45, 15, 0, 46, 46, 50, 6]",0.7115951521981648,-0.0032571360710134,0.75,0.25,1.0,0.0,0.07,0,0,0,100,0,0.0,BEST,False,False,263,True,True,GREEDY,,,GREEDY_HV
BNQPID[M],9,10,20,7,0.2,True,True,"[10, 30, 4, 38, 37, 38, 38, 35]",[],"[10.80241650624555, 30.63239607984955, 4.426745714405742, 38.396597080715075, 37.573250317137166, 38.80033798134629, 38.02251290901498, 35.564934313782416]","[{'INP': 32}, {'CONV': [64, 3]}, ({'CONV': [32, 5]}, {'CONV': [64, 3]}), ({'CONV': [64, 5]}, {'CONV': [256, 3]}, {'POOLMAX': [-1, 2]}), ({'CONV': [32, 3]}, {'CONV': [128, 3]}), ({'CONV': [128, 3]}, {'CONV': [256, 3]}, {'POOLMAX': [-1, 2]}), ({'CONV': [128, 3]}, {'CONV': [128, 5]}), ({'CONV': [128, 3]}, {'CONV': [256, 3]}, {'POOLMAX': [-1, 2]}), ({'CONV': [128, 3]}, {'CONV': [256, 3]}), ({'CONV': [128, 3]}, {'CONV': [64, 5]}, {'POOLMAX': [-1, 2]}), {'GLOBAL_AVG': None}, {'LAST_DENSE': [100, 'softmax']}]",HHSE,NSGA2,,,,,0.6989338739670427,,,,1127429888,3126052,,,,,,"[29, 45, 15, 0, 46, 46, 50, 6]",0.7128439319545972,-0.0015864818930579,0.75,0.25,1.0,0.0,0.07,0,0,0,100,0,0.0,BEST,False,False,263,True,True,GREEDY,,,GREEDY_HV
BNQPID[M],9,10,21,7,0.21,True,True,"[10, 30, 4, 38, 37, 38, 38, 35]",[],"[10.80241650624555, 30.63239607984955, 4.426745714405742, 38.396597080715075, 37.573250317137166, 38.80033798134629, 38.02251290901498, 35.564934313782416]","[{'INP': 32}, {'CONV': [64, 3]}, ({'CONV': [32, 5]}, {'CONV': [64, 3]}), ({'CONV': [64, 5]}, {'CONV': [256, 3]}, {'POOLMAX': [-1, 2]}), ({'CONV': [32, 3]}, {'CONV': [128, 3]}), ({'CONV': [128, 3]}, {'CONV': [256, 3]}, {'POOLMAX': [-1, 2]}), ({'CONV': [128, 3]}, {'CONV': [128, 5]}), ({'CONV': [128, 3]}, {'CONV': [256, 3]}, {'POOLMAX': [-1, 2]}), ({'CONV': [128, 3]}, {'CONV': [256, 3]}), ({'CONV': [128, 3]}, {'CONV': [64, 5]}, {'POOLMAX': [-1, 2]}), {'GLOBAL_AVG': None}, {'LAST_DENSE': [100, 'softmax']}]",HHSE,NSGA2,,,,,0.6989338739670427,,,,1127429888,3126052,,,,,,"[29, 45, 15, 0, 46, 46, 50, 6]",0.7121080351516581,-0.0004212502148405,0.75,0.25,1.0,0.0,0.07,0,1,0,100,0,0.01,BEST,False,False,263,True,True,GREEDY,,,GREEDY_HV
BNQPID[M],9,10,22,7,0.22,True,True,"[10, 30, 4, 38, 37, 38, 38, 35]",[],"[10.80241650624555, 30.63239607984955, 4.426745714405742, 38.396597080715075, 37.573250317137166, 38.80033798134629, 38.02251290901498, 35.564934313782416]","[{'INP': 32}, {'CONV': [64, 3]}, ({'CONV': [32, 5]}, {'CONV': [64, 3]}), ({'CONV': [64, 5]}, {'CONV': [256, 3]}, {'POOLMAX': [-1, 2]}), ({'CONV': [32, 3]}, {'CONV': [128, 3]}), ({'CONV': [128, 3]}, {'CONV': [256, 3]}, {'POOLMAX': [-1, 2]}), ({'CONV': [128, 3]}, {'CONV': [128, 5]}), ({'CONV': [128, 3]}, {'CONV': [256, 3]}, {'POOLMAX': [-1, 2]}), ({'CONV': [128, 3]}, {'CONV': [256, 3]}), ({'CONV': [128, 3]}, {'CONV': [64, 5]}, {'POOLMAX': [-1, 2]}), {'GLOBAL_AVG': None}, {'LAST_DENSE': [100, 'softmax']}]",HHSE,NSGA2,,,,,0.6989338739670427,,,,1127429888,3126052,,,,,,"[29, 45, 15, 0, 46, 46, 50, 6]",0.7121126306305284,-0.0023199373311554,0.75,0.25,1.0,0.0,0.07,0,0,0,100,0,0.0,BEST,False,False,263,True,True,GREEDY,,,GREEDY_HV
BNQPID[M],9,10,23,7,0.23,True,True,"[10, 30, 4, 38, 37, 38, 38, 35]",[],"[10.80241650624555, 30.63239607984955, 4.426745714405742, 38.396597080715075, 37.573250317137166, 38.80033798134629, 38.02251290901498, 35.564934313782416]","[{'INP': 32}, {'CONV': [64, 3]}, ({'CONV': [32, 5]}, {'CONV': [64, 3]}), ({'CONV': [64, 5]}, {'CONV': [256, 3]}, {'POOLMAX': [-1, 2]}), ({'CONV': [32, 3]}, {'CONV': [128, 3]}), ({'CONV': [128, 3]}, {'CONV': [256, 3]}, {'POOLMAX': [-1, 2]}), ({'CONV': [128, 3]}, {'CONV': [128, 5]}), ({'CONV': [128, 3]}, {'CONV': [256, 3]}, {'POOLMAX': [-1, 2]}), ({'CONV': [128, 3]}, {'CONV': [256, 3]}), ({'CONV': [128, 3]}, {'CONV': [64, 5]}, {'POOLMAX': [-1, 2]}), {'GLOBAL_AVG': None}, {'LAST_DENSE': [100, 'softmax']}]",HHSE,NSGA2,,,,,0.6989338739670427,,,,1127429888,3126052,,,,,,"[29, 45, 15, 0, 46, 46, 50, 6]",0.7121855723601755,-0.0002176391791682,0.75,0.25,1.0,0.0,0.07,0,0,0,100,0,0.0,BEST,False,False,263,True,True,GREEDY,,,GREEDY_HV
BNQPID[M],9,10,24,7,0.24,True,True,"[10, 30, 4, 38, 37, 38, 38, 35]",[],"[10.80241650624555, 30.63239607984955, 4.426745714405742, 38.396597080715075, 37.573250317137166, 38.80033798134629, 38.02251290901498, 35.564934313782416]","[{'INP': 32}, {'CONV': [64, 3]}, ({'CONV': [32, 5]}, {'CONV': [64, 3]}), ({'CONV': [64, 5]}, {'CONV': [256, 3]}, {'POOLMAX': [-1, 2]}), ({'CONV': [32, 3]}, {'CONV': [128, 3]}), ({'CONV': [128, 3]}, {'CONV': [256, 3]}, {'POOLMAX': [-1, 2]}), ({'CONV': [128, 3]}, {'CONV': [128, 5]}), ({'CONV': [128, 3]}, {'CONV': [256, 3]}, {'POOLMAX': [-1, 2]}), ({'CONV': [128, 3]}, {'CONV': [256, 3]}), ({'CONV': [128, 3]}, {'CONV': [64, 5]}, {'POOLMAX': [-1, 2]}), {'GLOBAL_AVG': None}, {'LAST_DENSE': [100, 'softmax']}]",HHSE,NSGA2,,,,,0.6989338739670427,,,,1127429888,3126052,,,,,,"[29, 45, 15, 0, 46, 46, 50, 6]",0.7122400563561377,-8.744723062592552e-05,0.75,0.25,1.0,0.0,0.07,0,0,0,100,0,0.0,BEST,False,False,263,True,True,GREEDY,,,GREEDY_HV
BPYYDK[M][M],9,10,25,25,0.25,True,True,"[14, 6, 7, 39, 47, 45, 54, 22]",[],"[14.880565117006554, 6.05107908804172, 7.249166765123491, 39.382131636872856, 47.44310658997974, 45.56816501113568, 54.73219406689549, 22.934557618702588]","[{'INP': 32}, {'CONV': [64, 3]}, ({'CONV': [32, 5]}, {'CONV': [256, 3]}), ({'CONV': [32, 3]}, {'CONV': [256, 3]}, {'POOLMAX': [-1, 2]}), ({'CONV': [32, 3]}, {'CONV': [256, 5]}), ({'CONV': [128, 3]}, {'CONV': [256, 5]}, {'POOLMAX': [-1, 2]}), ({'CONV': [128, 5]}, {'CONV': [256, 5]}), ({'CONV': [128, 5]}, {'CONV': [128, 5]}, {'POOLMAX': [-1, 2]}), ({'CONV': [256, 3]}, {'CONV': [256, 3]}), ({'CONV': [64, 3]}, {'CONV': [256, 3]}, {'POOLMAX': [-1, 2]}), {'GLOBAL_AVG': None}, {'LAST_DENSE': [100, 'softmax']}]",HHSE,NSGA2,,,,,0.7047471627056261,,,,1684983808,5750436,,,,,,"[7, 6, 55, 3, 47, 6, 62, 29]",0.7131449627528845,-0.0001106791911168,0.0,0.0,0.75,1.0,0.25,0,0,0,100,0,0.0,BEST,False,False,196,True,True,GREEDY,,,GREEDY_HV
BPYYDK[M][M],9,10,26,25,0.26,True,True,"[14, 6, 7, 39, 47, 45, 54, 22]",[],"[14.880565117006554, 6.05107908804172, 7.249166765123491, 39.382131636872856, 47.44310658997974, 45.56816501113568, 54.73219406689549, 22.934557618702588]","[{'INP': 32}, {'CONV': [64, 3]}, ({'CONV': [32, 5]}, {'CONV': [256, 3]}), ({'CONV': [32, 3]}, {'CONV': [256, 3]}, {'POOLMAX': [-1, 2]}), ({'CONV': [32, 3]}, {'CONV': [256, 5]}), ({'CONV': [128, 3]}, {'CONV': [256, 5]}, {'POOLMAX': [-1, 2]}), ({'CONV': [128, 5]}, {'CONV': [256, 5]}), ({'CONV': [128, 5]}, {'CONV': [128, 5]}, {'POOLMAX': [-1, 2]}), ({'CONV': [256, 3]}, {'CONV': [256, 3]}), ({'CONV': [64, 3]}, {'CONV': [256, 3]}, {'POOLMAX': [-1, 2]}), {'GLOBAL_AVG': None}, {'LAST_DENSE': [100, 'softmax']}]",HHSE,NSGA2,,,,,0.7047471627056261,,,,1684983808,5750436,,,,,,"[7, 6, 55, 3, 47, 6, 62, 29]",0.7183565130739821,0.0002461299112037,0.0,0.0,0.75,0.0,0.25,0,0,0,100,0,0.0,BEST,False,False,196,True,True,GREEDY,,,GREEDY_HV
BPYYDK[M][M],9,10,27,25,0.27,True,True,"[14, 6, 7, 39, 47, 45, 54, 22]",[],"[14.880565117006554, 6.05107908804172, 7.249166765123491, 39.382131636872856, 47.44310658997974, 45.56816501113568, 54.73219406689549, 22.934557618702588]","[{'INP': 32}, {'CONV': [64, 3]}, ({'CONV': [32, 5]}, {'CONV': [256, 3]}), ({'CONV': [32, 3]}, {'CONV': [256, 3]}, {'POOLMAX': [-1, 2]}), ({'CONV': [32, 3]}, {'CONV': [256, 5]}), ({'CONV': [128, 3]}, {'CONV': [256, 5]}, {'POOLMAX': [-1, 2]}), ({'CONV': [128, 5]}, {'CONV': [256, 5]}), ({'CONV': [128, 5]}, {'CONV': [128, 5]}, {'POOLMAX': [-1, 2]}), ({'CONV': [256, 3]}, {'CONV': [256, 3]}), ({'CONV': [64, 3]}, {'CONV': [256, 3]}, {'POOLMAX': [-1, 2]}), {'GLOBAL_AVG': None}, {'LAST_DENSE': [100, 'softmax']}]",HHSE,NSGA2,,,,,0.7047471627056261,,,,1684983808,5750436,,,,,,"[7, 6, 55, 3, 47, 6, 62, 29]",0.720092909125721,-0.0002319198271328,0.0,0.0,0.75,0.0,0.25,0,0,0,100,0,0.0,BEST,False,False,196,True,True,GREEDY,,,GREEDY_HV
BPYYDK[M][M],9,10,28,25,0.28,True,True,"[14, 6, 7, 39, 47, 45, 54, 22]",[],"[14.880565117006554, 6.05107908804172, 7.249166765123491, 39.382131636872856, 47.44310658997974, 45.56816501113568, 54.73219406689549, 22.934557618702588]","[{'INP': 32}, {'CONV': [64, 3]}, ({'CONV': [32, 5]}, {'CONV': [256, 3]}), ({'CONV': [32, 3]}, {'CONV': [256, 3]}, {'POOLMAX': [-1, 2]}), ({'CONV': [32, 3]}, {'CONV': [256, 5]}), ({'CONV': [128, 3]}, {'CONV': [256, 5]}, {'POOLMAX': [-1, 2]}), ({'CONV': [128, 5]}, {'CONV': [256, 5]}), ({'CONV': [128, 5]}, {'CONV': [128, 5]}, {'POOLMAX': [-1, 2]}), ({'CONV': [256, 3]}, {'CONV': [256, 3]}), ({'CONV': [64, 3]}, {'CONV': [256, 3]}, {'POOLMAX': [-1, 2]}), {'GLOBAL_AVG': None}, {'LAST_DENSE': [100, 'softmax']}]",HHSE,NSGA2,,,,,0.7047471627056261,,,,1684983808,5750436,,,,,,"[7, 6, 55, 3, 47, 6, 62, 29]",0.7201422337934558,-0.0001013781637202,0.0,0.0,0.75,0.0,0.25,0,0,0,100,0,0.0,BEST,False,False,196,True,True,GREEDY,,,GREEDY_HV
BPYYDK[M][M],9,10,29,25,0.29,True,True,"[14, 6, 7, 39, 47, 45, 54, 22]",[],"[14.880565117006554, 6.05107908804172, 7.249166765123491, 39.382131636872856, 47.44310658997974, 45.56816501113568, 54.73219406689549, 22.934557618702588]","[{'INP': 32}, {'CONV': [64, 3]}, ({'CONV': [32, 5]}, {'CONV': [256, 3]}), ({'CONV': [32, 3]}, {'CONV': [256, 3]}, {'POOLMAX': [-1, 2]}), ({'CONV': [32, 3]}, {'CONV': [256, 5]}), ({'CONV': [128, 3]}, {'CONV': [256, 5]}, {'POOLMAX': [-1, 2]}), ({'CONV': [128, 5]}, {'CONV': [256, 5]}), ({'CONV': [128, 5]}, {'CONV': [128, 5]}, {'POOLMAX': [-1, 2]}), ({'CONV': [256, 3]}, {'CONV': [256, 3]}), ({'CONV': [64, 3]}, {'CONV': [256, 3]}, {'POOLMAX': [-1, 2]}), {'GLOBAL_AVG': None}, {'LAST_DENSE': [100, 'softmax']}]",HHSE,NSGA2,,,,,0.7047471627056261,,,,1684983808,5750436,,,,,,"[7, 6, 55, 3, 47, 6, 62, 29]",0.7201422312689364,-7.762842124836578e-05,0.0,0.0,0.75,0.0,0.25,0,0,0,100,0,0.0,BEST,False,False,196,True,True,GREEDY,,,GREEDY_HV
BPYYDK[M][M],9,10,30,25,0.3,True,True,"[14, 6, 7, 39, 47, 45, 54, 22]",[],"[14.880565117006554, 6.05107908804172, 7.249166765123491, 39.382131636872856, 47.44310658997974, 45.56816501113568, 54.73219406689549, 22.934557618702588]","[{'INP': 32}, {'CONV': [64, 3]}, ({'CONV': [32, 5]}, {'CONV': [256, 3]}), ({'CONV': [32, 3]}, {'CONV': [256, 3]}, {'POOLMAX': [-1, 2]}), ({'CONV': [32, 3]}, {'CONV': [256, 5]}), ({'CONV': [128, 3]}, {'CONV': [256, 5]}, {'POOLMAX': [-1, 2]}), ({'CONV': [128, 5]}, {'CONV': [256, 5]}), ({'CONV': [128, 5]}, {'CONV': [128, 5]}, {'POOLMAX': [-1, 2]}), ({'CONV': [256, 3]}, {'CONV': [256, 3]}), ({'CONV': [64, 3]}, {'CONV': [256, 3]}, {'POOLMAX': [-1, 2]}), {'GLOBAL_AVG': None}, {'LAST_DENSE': [100, 'softmax']}]",HHSE,NSGA2,,,,,0.7047471627056261,,,,1684983808,5750436,,,,,,"[7, 6, 55, 3, 47, 6, 62, 29]",0.7201440123839606,-0.000198818585664,0.0,0.0,0.75,0.0,0.25,0,0,0,100,0,0.0,BEST,False,False,196,True,True,GREEDY,,,GREEDY_HV
BPYYDK[M][M],9,10,31,25,0.31,True,True,"[14, 6, 7, 39, 47, 45, 54, 22]",[],"[14.880565117006554, 6.05107908804172, 7.249166765123491, 39.382131636872856, 47.44310658997974, 45.56816501113568, 54.73219406689549, 22.934557618702588]","[{'INP': 32}, {'CONV': [64, 3]}, ({'CONV': [32, 5]}, {'CONV': [256, 3]}), ({'CONV': [32, 3]}, {'CONV': [256, 3]}, {'POOLMAX': [-1, 2]}), ({'CONV': [32, 3]}, {'CONV': [256, 5]}), ({'CONV': [128, 3]}, {'CONV': [256, 5]}, {'POOLMAX': [-1, 2]}), ({'CONV': [128, 5]}, {'CONV': [256, 5]}), ({'CONV': [128, 5]}, {'CONV': [128, 5]}, {'POOLMAX': [-1, 2]}), ({'CONV': [256, 3]}, {'CONV': [256, 3]}), ({'CONV': [64, 3]}, {'CONV': [256, 3]}, {'POOLMAX': [-1, 2]}), {'GLOBAL_AVG': None}, {'LAST_DENSE': [100, 'softmax']}]",HHSE,NSGA2,,,,,0.7047471627056261,,,,1684983808,5750436,,,,,,"[7, 6, 55, 3, 47, 6, 62, 29]",0.7202348014300987,-0.0034828675574688,0.0,0.0,0.75,0.0,0.25,0,0,0,100,0,0.0,BEST,False,False,196,True,True,GREEDY,,,GREEDY_HV
BPYYDK[M][M],9,10,32,25,0.32,True,True,"[14, 6, 7, 39, 47, 45, 54, 22]",[],"[14.880565117006554, 6.05107908804172, 7.249166765123491, 39.382131636872856, 47.44310658997974, 45.56816501113568, 54.73219406689549, 22.934557618702588]","[{'INP': 32}, {'CONV': [64, 3]}, ({'CONV': [32, 5]}, {'CONV': [256, 3]}), ({'CONV': [32, 3]}, {'CONV': [256, 3]}, {'POOLMAX': [-1, 2]}), ({'CONV': [32, 3]}, {'CONV': [256, 5]}), ({'CONV': [128, 3]}, {'CONV': [256, 5]}, {'POOLMAX': [-1, 2]}), ({'CONV': [128, 5]}, {'CONV': [256, 5]}), ({'CONV': [128, 5]}, {'CONV': [128, 5]}, {'POOLMAX': [-1, 2]}), ({'CONV': [256, 3]}, {'CONV': [256, 3]}), ({'CONV': [64, 3]}, {'CONV': [256, 3]}, {'POOLMAX': [-1, 2]}), {'GLOBAL_AVG': None}, {'LAST_DENSE': [100, 'softmax']}]",HHSE,NSGA2,,,,,0.7047471627056261,,,,1684983808,5750436,,,,,,"[7, 6, 55, 3, 47, 6, 62, 29]",0.720249748461709,-0.0003496082045898,0.0,0.0,0.75,0.0,0.25,0,0,0,100,0,0.0,BEST,False,False,196,True,True,GREEDY,,,GREEDY_HV
BPYYDK[M][M],9,10,33,25,0.33,True,True,"[14, 6, 7, 39, 47, 45, 54, 22]",[],"[14.880565117006554, 6.05107908804172, 7.249166765123491, 39.382131636872856, 47.44310658997974, 45.56816501113568, 54.73219406689549, 22.934557618702588]","[{'INP': 32}, {'CONV': [64, 3]}, ({'CONV': [32, 5]}, {'CONV': [256, 3]}), ({'CONV': [32, 3]}, {'CONV': [256, 3]}, {'POOLMAX': [-1, 2]}), ({'CONV': [32, 3]}, {'CONV': [256, 5]}), ({'CONV': [128, 3]}, {'CONV': [256, 5]}, {'POOLMAX': [-1, 2]}), ({'CONV': [128, 5]}, {'CONV': [256, 5]}), ({'CONV': [128, 5]}, {'CONV': [128, 5]}, {'POOLMAX': [-1, 2]}), ({'CONV': [256, 3]}, {'CONV': [256, 3]}), ({'CONV': [64, 3]}, {'CONV': [256, 3]}, {'POOLMAX': [-1, 2]}), {'GLOBAL_AVG': None}, {'LAST_DENSE': [100, 'softmax']}]",HHSE,NSGA2,,,,,0.7047471627056261,,,,1684983808,5750436,,,,,,"[7, 6, 55, 3, 47, 6, 62, 29]",0.7202340707081358,-7.711492353745797e-05,0.0,0.0,0.75,0.0,0.25,0,0,0,100,0,0.0,BEST,False,False,196,True,True,GREEDY,,,GREEDY_HV
BPYYDK[M][M],9,10,34,25,0.34,True,True,"[14, 6, 7, 39, 47, 45, 54, 22]",[],"[14.880565117006554, 6.05107908804172, 7.249166765123491, 39.382131636872856, 47.44310658997974, 45.56816501113568, 54.73219406689549, 22.934557618702588]","[{'INP': 32}, {'CONV': [64, 3]}, ({'CONV': [32, 5]}, {'CONV': [256, 3]}), ({'CONV': [32, 3]}, {'CONV': [256, 3]}, {'POOLMAX': [-1, 2]}), ({'CONV': [32, 3]}, {'CONV': [256, 5]}), ({'CONV': [128, 3]}, {'CONV': [256, 5]}, {'POOLMAX': [-1, 2]}), ({'CONV': [128, 5]}, {'CONV': [256, 5]}), ({'CONV': [128, 5]}, {'CONV': [128, 5]}, {'POOLMAX': [-1, 2]}), ({'CONV': [256, 3]}, {'CONV': [256, 3]}), ({'CONV': [64, 3]}, {'CONV': [256, 3]}, {'POOLMAX': [-1, 2]}), {'GLOBAL_AVG': None}, {'LAST_DENSE': [100, 'softmax']}]",HHSE,NSGA2,,,,,0.7047471627056261,,,,1684983808,5750436,,,,,,"[7, 6, 55, 3, 47, 6, 62, 29]",0.7202612866754872,-0.0003623018250547,0.0,0.0,0.75,0.0,0.25,0,0,0,100,0,0.0,BEST,False,False,196,True,True,GREEDY,,,GREEDY_HV
BPYYDK[M][M],9,10,35,25,0.35,True,True,"[14, 6, 7, 39, 47, 45, 54, 22]",[],"[14.880565117006554, 6.05107908804172, 7.249166765123491, 39.382131636872856, 47.44310658997974, 45.56816501113568, 54.73219406689549, 22.934557618702588]","[{'INP': 32}, {'CONV': [64, 3]}, ({'CONV': [32, 5]}, {'CONV': [256, 3]}), ({'CONV': [32, 3]}, {'CONV': [256, 3]}, {'POOLMAX': [-1, 2]}), ({'CONV': [32, 3]}, {'CONV': [256, 5]}), ({'CONV': [128, 3]}, {'CONV': [256, 5]}, {'POOLMAX': [-1, 2]}), ({'CONV': [128, 5]}, {'CONV': [256, 5]}), ({'CONV': [128, 5]}, {'CONV': [128, 5]}, {'POOLMAX': [-1, 2]}), ({'CONV': [256, 3]}, {'CONV': [256, 3]}), ({'CONV': [64, 3]}, {'CONV': [256, 3]}, {'POOLMAX': [-1, 2]}), {'GLOBAL_AVG': None}, {'LAST_DENSE': [100, 'softmax']}]",HHSE,NSGA2,,,,,0.7047471627056261,,,,1684983808,5750436,,,,,,"[7, 6, 55, 3, 47, 6, 62, 29]",0.7203122431789243,-0.0004100393102418,0.0,0.0,0.75,0.0,0.25,0,0,0,100,0,0.0,BEST,False,False,196,True,True,GREEDY,,,GREEDY_HV
BPYYDK[M][M],9,10,36,25,0.36,True,True,"[14, 6, 7, 39, 47, 45, 54, 22]",[],"[14.880565117006554, 6.05107908804172, 7.249166765123491, 39.382131636872856, 47.44310658997974, 45.56816501113568, 54.73219406689549, 22.934557618702588]","[{'INP': 32}, {'CONV': [64, 3]}, ({'CONV': [32, 5]}, {'CONV': [256, 3]}), ({'CONV': [32, 3]}, {'CONV': [256, 3]}, {'POOLMAX': [-1, 2]}), ({'CONV': [32, 3]}, {'CONV': [256, 5]}), ({'CONV': [128, 3]}, {'CONV': [256, 5]}, {'POOLMAX': [-1, 2]}), ({'CONV': [128, 5]}, {'CONV': [256, 5]}), ({'CONV': [128, 5]}, {'CONV': [128, 5]}, {'POOLMAX': [-1, 2]}), ({'CONV': [256, 3]}, {'CONV': [256, 3]}), ({'CONV': [64, 3]}, {'CONV': [256, 3]}, {'POOLMAX': [-1, 2]}), {'GLOBAL_AVG': None}, {'LAST_DENSE': [100, 'softmax']}]",HHSE,NSGA2,,,,,0.7047471627056261,,,,1684983808,5750436,,,,,,"[7, 6, 55, 3, 47, 6, 62, 29]",0.7203564212577983,5.965018070042127e-06,0.0,0.0,0.75,0.0,0.25,0,0,0,100,0,0.0,BEST,False,False,196,True,True,GREEDY,,,GREEDY_HV
BPYYDK[M][M],9,10,37,25,0.37,True,True,"[14, 6, 7, 39, 47, 45, 54, 22]",[],"[14.880565117006554, 6.05107908804172, 7.249166765123491, 39.382131636872856, 47.44310658997974, 45.56816501113568, 54.73219406689549, 22.934557618702588]","[{'INP': 32}, {'CONV': [64, 3]}, ({'CONV': [32, 5]}, {'CONV': [256, 3]}), ({'CONV': [32, 3]}, {'CONV': [256, 3]}, {'POOLMAX': [-1, 2]}), ({'CONV': [32, 3]}, {'CONV': [256, 5]}), ({'CONV': [128, 3]}, {'CONV': [256, 5]}, {'POOLMAX': [-1, 2]}), ({'CONV': [128, 5]}, {'CONV': [256, 5]}), ({'CONV': [128, 5]}, {'CONV': [128, 5]}, {'POOLMAX': [-1, 2]}), ({'CONV': [256, 3]}, {'CONV': [256, 3]}), ({'CONV': [64, 3]}, {'CONV': [256, 3]}, {'POOLMAX': [-1, 2]}), {'GLOBAL_AVG': None}, {'LAST_DENSE': [100, 'softmax']}]",HHSE,NSGA2,,,,,0.7047471627056261,,,,1684983808,5750436,,,,,,"[7, 6, 55, 3, 47, 6, 62, 29]",0.7203156934689671,-0.0006189604061482,0.0,0.0,0.75,0.0,0.25,0,0,0,100,0,0.0,BEST,False,False,196,True,True,GREEDY,,,GREEDY_HV
BPYYDK[M][M],9,10,38,25,0.38,True,True,"[14, 6, 7, 39, 47, 45, 54, 22]",[],"[14.880565117006554, 6.05107908804172, 7.249166765123491, 39.382131636872856, 47.44310658997974, 45.56816501113568, 54.73219406689549, 22.934557618702588]","[{'INP': 32}, {'CONV': [64, 3]}, ({'CONV': [32, 5]}, {'CONV': [256, 3]}), ({'CONV': [32, 3]}, {'CONV': [256, 3]}, {'POOLMAX': [-1, 2]}), ({'CONV': [32, 3]}, {'CONV': [256, 5]}), ({'CONV': [128, 3]}, {'CONV': [256, 5]}, {'POOLMAX': [-1, 2]}), ({'CONV': [128, 5]}, {'CONV': [256, 5]}), ({'CONV': [128, 5]}, {'CONV': [128, 5]}, {'POOLMAX': [-1, 2]}), ({'CONV': [256, 3]}, {'CONV': [256, 3]}), ({'CONV': [64, 3]}, {'CONV': [256, 3]}, {'POOLMAX': [-1, 2]}), {'GLOBAL_AVG': None}, {'LAST_DENSE': [100, 'softmax']}]",HHSE,NSGA2,,,,,0.7047471627056261,,,,1684983808,5750436,,,,,,"[7, 6, 55, 3, 47, 6, 62, 29]",0.7203127213363888,-0.0002070751073407,0.0,0.0,0.75,0.0,0.25,0,0,0,100,0,0.0,BEST,False,False,196,True,True,GREEDY,,,GREEDY_HV
BPYYDK[M][M],9,10,39,25,0.39,True,True,"[14, 6, 7, 39, 47, 45, 54, 22]",[],"[14.880565117006554, 6.05107908804172, 7.249166765123491, 39.382131636872856, 47.44310658997974, 45.56816501113568, 54.73219406689549, 22.934557618702588]","[{'INP': 32}, {'CONV': [64, 3]}, ({'CONV': [32, 5]}, {'CONV': [256, 3]}), ({'CONV': [32, 3]}, {'CONV': [256, 3]}, {'POOLMAX': [-1, 2]}), ({'CONV': [32, 3]}, {'CONV': [256, 5]}), ({'CONV': [128, 3]}, {'CONV': [256, 5]}, {'POOLMAX': [-1, 2]}), ({'CONV': [128, 5]}, {'CONV': [256, 5]}), ({'CONV': [128, 5]}, {'CONV': [128, 5]}, {'POOLMAX': [-1, 2]}), ({'CONV': [256, 3]}, {'CONV': [256, 3]}), ({'CONV': [64, 3]}, {'CONV': [256, 3]}, {'POOLMAX': [-1, 2]}), {'GLOBAL_AVG': None}, {'LAST_DENSE': [100, 'softmax']}]",HHSE,NSGA2,,,,,0.7047471627056261,,,,1684983808,5750436,,,,,,"[7, 6, 55, 3, 47, 6, 62, 29]",0.720388729967251,6.844747759116032e-05,0.0,0.0,0.75,0.0,0.25,0,1,0,100,0,0.01,BEST,False,False,196,True,True,GREEDY,,,GREEDY_HV
BPYYDK[M][M],9,10,40,25,0.4,True,True,"[14, 6, 7, 39, 47, 45, 54, 22]",[],"[14.880565117006554, 6.05107908804172, 7.249166765123491, 39.382131636872856, 47.44310658997974, 45.56816501113568, 54.73219406689549, 22.934557618702588]","[{'INP': 32}, {'CONV': [64, 3]}, ({'CONV': [32, 5]}, {'CONV': [256, 3]}), ({'CONV': [32, 3]}, {'CONV': [256, 3]}, {'POOLMAX': [-1, 2]}), ({'CONV': [32, 3]}, {'CONV': [256, 5]}), ({'CONV': [128, 3]}, {'CONV': [256, 5]}, {'POOLMAX': [-1, 2]}), ({'CONV': [128, 5]}, {'CONV': [256, 5]}), ({'CONV': [128, 5]}, {'CONV': [128, 5]}, {'POOLMAX': [-1, 2]}), ({'CONV': [256, 3]}, {'CONV': [256, 3]}), ({'CONV': [64, 3]}, {'CONV': [256, 3]}, {'POOLMAX': [-1, 2]}), {'GLOBAL_AVG': None}, {'LAST_DENSE': [100, 'softmax']}]",HHSE,NSGA2,,,,,0.7047471627056261,,,,1684983808,5750436,,,,,,"[7, 6, 55, 3, 47, 6, 62, 29]",0.7203277385395144,-0.0001218086896542,0.0,0.0,0.75,0.0,0.25,0,0,0,100,0,0.0,BEST,False,False,196,True,True,GREEDY,,,GREEDY_HV
BPYYDK[M][M],9,10,41,25,0.41,True,True,"[14, 6, 7, 39, 47, 45, 54, 22]",[],"[14.880565117006554, 6.05107908804172, 7.249166765123491, 39.382131636872856, 47.44310658997974, 45.56816501113568, 54.73219406689549, 22.934557618702588]","[{'INP': 32}, {'CONV': [64, 3]}, ({'CONV': [32, 5]}, {'CONV': [256, 3]}), ({'CONV': [32, 3]}, {'CONV': [256, 3]}, {'POOLMAX': [-1, 2]}), ({'CONV': [32, 3]}, {'CONV': [256, 5]}), ({'CONV': [128, 3]}, {'CONV': [256, 5]}, {'POOLMAX': [-1, 2]}), ({'CONV': [128, 5]}, {'CONV': [256, 5]}), ({'CONV': [128, 5]}, {'CONV': [128, 5]}, {'POOLMAX': [-1, 2]}), ({'CONV': [256, 3]}, {'CONV': [256, 3]}), ({'CONV': [64, 3]}, {'CONV': [256, 3]}, {'POOLMAX': [-1, 2]}), {'GLOBAL_AVG': None}, {'LAST_DENSE': [100, 'softmax']}]",HHSE,NSGA2,,,,,0.7047471627056261,,,,1684983808,5750436,,,,,,"[7, 6, 55, 3, 47, 6, 62, 29]",0.7203806235945601,-0.0004291717875419,0.0,0.0,0.75,0.0,0.25,0,0,0,100,0,0.0,BEST,False,False,196,True,True,GREEDY,,,GREEDY_HV
BPYYDK[M][M],9,10,42,25,0.42,True,True,"[14, 6, 7, 39, 47, 45, 54, 22]",[],"[14.880565117006554, 6.05107908804172, 7.249166765123491, 39.382131636872856, 47.44310658997974, 45.56816501113568, 54.73219406689549, 22.934557618702588]","[{'INP': 32}, {'CONV': [64, 3]}, ({'CONV': [32, 5]}, {'CONV': [256, 3]}), ({'CONV': [32, 3]}, {'CONV': [256, 3]}, {'POOLMAX': [-1, 2]}), ({'CONV': [32, 3]}, {'CONV': [256, 5]}), ({'CONV': [128, 3]}, {'CONV': [256, 5]}, {'POOLMAX': [-1, 2]}), ({'CONV': [128, 5]}, {'CONV': [256, 5]}), ({'CONV': [128, 5]}, {'CONV': [128, 5]}, {'POOLMAX': [-1, 2]}), ({'CONV': [256, 3]}, {'CONV': [256, 3]}), ({'CONV': [64, 3]}, {'CONV': [256, 3]}, {'POOLMAX': [-1, 2]}), {'GLOBAL_AVG': None}, {'LAST_DENSE': [100, 'softmax']}]",HHSE,NSGA2,,,,,0.7047471627056261,,,,1684983808,5750436,,,,,,"[7, 6, 55, 3, 47, 6, 62, 29]",0.7203206180214352,-0.0001798736862641,0.0,0.0,0.75,0.0,0.25,0,0,0,100,0,0.0,BEST,False,False,196,True,True,GREEDY,,,GREEDY_HV
BPYYDK[M][M],9,10,43,25,0.43,True,True,"[14, 6, 7, 39, 47, 45, 54, 22]",[],"[14.880565117006554, 6.05107908804172, 7.249166765123491, 39.382131636872856, 47.44310658997974, 45.56816501113568, 54.73219406689549, 22.934557618702588]","[{'INP': 32}, {'CONV': [64, 3]}, ({'CONV': [32, 5]}, {'CONV': [256, 3]}), ({'CONV': [32, 3]}, {'CONV': [256, 3]}, {'POOLMAX': [-1, 2]}), ({'CONV': [32, 3]}, {'CONV': [256, 5]}), ({'CONV': [128, 3]}, {'CONV': [256, 5]}, {'POOLMAX': [-1, 2]}), ({'CONV': [128, 5]}, {'CONV': [256, 5]}), ({'CONV': [128, 5]}, {'CONV': [128, 5]}, {'POOLMAX': [-1, 2]}), ({'CONV': [256, 3]}, {'CONV': [256, 3]}), ({'CONV': [64, 3]}, {'CONV': [256, 3]}, {'POOLMAX': [-1, 2]}), {'GLOBAL_AVG': None}, {'LAST_DENSE': [100, 'softmax']}]",HHSE,NSGA2,,,,,0.7047471627056261,,,,1684983808,5750436,,,,,,"[7, 6, 55, 3, 47, 6, 62, 29]",0.720320613263816,-0.0001729678265091,0.0,0.0,0.75,0.0,0.25,0,0,0,100,0,0.0,BEST,False,False,196,True,True,GREEDY,,,GREEDY_HV
BPYYDK[M][M],9,10,44,25,0.44,True,True,"[14, 6, 7, 39, 47, 45, 54, 22]",[],"[14.880565117006554, 6.05107908804172, 7.249166765123491, 39.382131636872856, 47.44310658997974, 45.56816501113568, 54.73219406689549, 22.934557618702588]","[{'INP': 32}, {'CONV': [64, 3]}, ({'CONV': [32, 5]}, {'CONV': [256, 3]}), ({'CONV': [32, 3]}, {'CONV': [256, 3]}, {'POOLMAX': [-1, 2]}), ({'CONV': [32, 3]}, {'CONV': [256, 5]}), ({'CONV': [128, 3]}, {'CONV': [256, 5]}, {'POOLMAX': [-1, 2]}), ({'CONV': [128, 5]}, {'CONV': [256, 5]}), ({'CONV': [128, 5]}, {'CONV': [128, 5]}, {'POOLMAX': [-1, 2]}), ({'CONV': [256, 3]}, {'CONV': [256, 3]}), ({'CONV': [64, 3]}, {'CONV': [256, 3]}, {'POOLMAX': [-1, 2]}), {'GLOBAL_AVG': None}, {'LAST_DENSE': [100, 'softmax']}]",HHSE,NSGA2,,,,,0.7047471627056261,,,,1684983808,5750436,,,,,,"[7, 6, 55, 3, 47, 6, 62, 29]",0.720321370608912,-0.0001726628189429,0.0,0.0,0.75,0.0,0.25,0,0,0,100,0,0.0,BEST,False,False,196,True,True,GREEDY,,,GREEDY_HV
BPYYDK[M][M],9,10,45,25,0.45,True,True,"[14, 6, 7, 39, 47, 45, 54, 22]",[],"[14.880565117006554, 6.05107908804172, 7.249166765123491, 39.382131636872856, 47.44310658997974, 45.56816501113568, 54.73219406689549, 22.934557618702588]","[{'INP': 32}, {'CONV': [64, 3]}, ({'CONV': [32, 5]}, {'CONV': [256, 3]}), ({'CONV': [32, 3]}, {'CONV': [256, 3]}, {'POOLMAX': [-1, 2]}), ({'CONV': [32, 3]}, {'CONV': [256, 5]}), ({'CONV': [128, 3]}, {'CONV': [256, 5]}, {'POOLMAX': [-1, 2]}), ({'CONV': [128, 5]}, {'CONV': [256, 5]}), ({'CONV': [128, 5]}, {'CONV': [128, 5]}, {'POOLMAX': [-1, 2]}), ({'CONV': [256, 3]}, {'CONV': [256, 3]}), ({'CONV': [64, 3]}, {'CONV': [256, 3]}, {'POOLMAX': [-1, 2]}), {'GLOBAL_AVG': None}, {'LAST_DENSE': [100, 'softmax']}]",HHSE,NSGA2,,,,,0.7047471627056261,,,,1684983808,5750436,,,,,,"[7, 6, 55, 3, 47, 6, 62, 29]",0.720433433651289,-0.0001796809074168,0.0,0.0,0.75,0.0,0.25,0,0,0,100,0,0.0,BEST,False,False,196,True,True,GREEDY,,,GREEDY_HV
BPYYDK[M][M],9,10,46,25,0.46,True,True,"[14, 6, 7, 39, 47, 45, 54, 22]",[],"[14.880565117006554, 6.05107908804172, 7.249166765123491, 39.382131636872856, 47.44310658997974, 45.56816501113568, 54.73219406689549, 22.934557618702588]","[{'INP': 32}, {'CONV': [64, 3]}, ({'CONV': [32, 5]}, {'CONV': [256, 3]}), ({'CONV': [32, 3]}, {'CONV': [256, 3]}, {'POOLMAX': [-1, 2]}), ({'CONV': [32, 3]}, {'CONV': [256, 5]}), ({'CONV': [128, 3]}, {'CONV': [256, 5]}, {'POOLMAX': [-1, 2]}), ({'CONV': [128, 5]}, {'CONV': [256, 5]}), ({'CONV': [128, 5]}, {'CONV': [128, 5]}, {'POOLMAX': [-1, 2]}), ({'CONV': [256, 3]}, {'CONV': [256, 3]}), ({'CONV': [64, 3]}, {'CONV': [256, 3]}, {'POOLMAX': [-1, 2]}), {'GLOBAL_AVG': None}, {'LAST_DENSE': [100, 'softmax']}]",HHSE,NSGA2,,,,,0.7047471627056261,,,,1684983808,5750436,,,,,,"[7, 6, 55, 3, 47, 6, 62, 29]",0.7205216350867849,-1.7360934637444814e-05,0.0,0.0,0.75,0.0,0.25,0,0,0,100,0,0.0,BEST,False,False,196,True,True,GREEDY,,,GREEDY_HV
BPYYDK[M][M],9,10,47,25,0.47,True,True,"[14, 6, 7, 39, 47, 45, 54, 22]",[],"[14.880565117006554, 6.05107908804172, 7.249166765123491, 39.382131636872856, 47.44310658997974, 45.56816501113568, 54.73219406689549, 22.934557618702588]","[{'INP': 32}, {'CONV': [64, 3]}, ({'CONV': [32, 5]}, {'CONV': [256, 3]}), ({'CONV': [32, 3]}, {'CONV': [256, 3]}, {'POOLMAX': [-1, 2]}), ({'CONV': [32, 3]}, {'CONV': [256, 5]}), ({'CONV': [128, 3]}, {'CONV': [256, 5]}, {'POOLMAX': [-1, 2]}), ({'CONV': [128, 5]}, {'CONV': [256, 5]}), ({'CONV': [128, 5]}, {'CONV': [128, 5]}, {'POOLMAX': [-1, 2]}), ({'CONV': [256, 3]}, {'CONV': [256, 3]}), ({'CONV': [64, 3]}, {'CONV': [256, 3]}, {'POOLMAX': [-1, 2]}), {'GLOBAL_AVG': None}, {'LAST_DENSE': [100, 'softmax']}]",HHSE,NSGA2,,,,,0.7047471627056261,,,,1684983808,5750436,,,,,,"[7, 6, 55, 3, 47, 6, 62, 29]",0.7204342065779048,-0.00013657229263,0.0,0.0,0.75,0.0,0.25,0,0,0,100,0,0.0,BEST,False,False,196,True,True,GREEDY,,,GREEDY_HV
BPYYDK[M][M],9,10,48,25,0.48,True,True,"[14, 6, 7, 39, 47, 45, 54, 22]",[],"[14.880565117006554, 6.05107908804172, 7.249166765123491, 39.382131636872856, 47.44310658997974, 45.56816501113568, 54.73219406689549, 22.934557618702588]","[{'INP': 32}, {'CONV': [64, 3]}, ({'CONV': [32, 5]}, {'CONV': [256, 3]}), ({'CONV': [32, 3]}, {'CONV': [256, 3]}, {'POOLMAX': [-1, 2]}), ({'CONV': [32, 3]}, {'CONV': [256, 5]}), ({'CONV': [128, 3]}, {'CONV': [256, 5]}, {'POOLMAX': [-1, 2]}), ({'CONV': [128, 5]}, {'CONV': [256, 5]}), ({'CONV': [128, 5]}, {'CONV': [128, 5]}, {'POOLMAX': [-1, 2]}), ({'CONV': [256, 3]}, {'CONV': [256, 3]}), ({'CONV': [64, 3]}, {'CONV': [256, 3]}, {'POOLMAX': [-1, 2]}), {'GLOBAL_AVG': None}, {'LAST_DENSE': [100, 'softmax']}]",HHSE,NSGA2,,,,,0.7047471627056261,,,,1684983808,5750436,,,,,,"[7, 6, 55, 3, 47, 6, 62, 29]",0.720595961873385,-0.0005619155194742,0.0,0.0,0.75,0.0,0.25,0,0,0,100,0,0.0,BEST,False,False,196,True,True,GREEDY,,,GREEDY_HV
BPYYDK[M][M],9,10,49,25,0.49,True,True,"[14, 6, 7, 39, 47, 45, 54, 22]",[],"[14.880565117006554, 6.05107908804172, 7.249166765123491, 39.382131636872856, 47.44310658997974, 45.56816501113568, 54.73219406689549, 22.934557618702588]","[{'INP': 32}, {'CONV': [64, 3]}, ({'CONV': [32, 5]}, {'CONV': [256, 3]}), ({'CONV': [32, 3]}, {'CONV': [256, 3]}, {'POOLMAX': [-1, 2]}), ({'CONV': [32, 3]}, {'CONV': [256, 5]}), ({'CONV': [128, 3]}, {'CONV': [256, 5]}, {'POOLMAX': [-1, 2]}), ({'CONV': [128, 5]}, {'CONV': [256, 5]}), ({'CONV': [128, 5]}, {'CONV': [128, 5]}, {'POOLMAX': [-1, 2]}), ({'CONV': [256, 3]}, {'CONV': [256, 3]}), ({'CONV': [64, 3]}, {'CONV': [256, 3]}, {'POOLMAX': [-1, 2]}), {'GLOBAL_AVG': None}, {'LAST_DENSE': [100, 'softmax']}]",HHSE,NSGA2,,,,,0.7047471627056261,,,,1684983808,5750436,,,,,,"[7, 6, 55, 3, 47, 6, 62, 29]",0.720602961889884,-5.530435448253268e-05,0.0,0.0,0.75,0.0,0.25,0,0,0,100,0,0.0,BEST,False,False,196,True,True,GREEDY,,,GREEDY_HV
BPYYDK[M][M],9,10,50,25,0.5,True,True,"[14, 6, 7, 39, 47, 45, 54, 22]",[],"[14.880565117006554, 6.05107908804172, 7.249166765123491, 39.382131636872856, 47.44310658997974, 45.56816501113568, 54.73219406689549, 22.934557618702588]","[{'INP': 32}, {'CONV': [64, 3]}, ({'CONV': [32, 5]}, {'CONV': [256, 3]}), ({'CONV': [32, 3]}, {'CONV': [256, 3]}, {'POOLMAX': [-1, 2]}), ({'CONV': [32, 3]}, {'CONV': [256, 5]}), ({'CONV': [128, 3]}, {'CONV': [256, 5]}, {'POOLMAX': [-1, 2]}), ({'CONV': [128, 5]}, {'CONV': [256, 5]}), ({'CONV': [128, 5]}, {'CONV': [128, 5]}, {'POOLMAX': [-1, 2]}), ({'CONV': [256, 3]}, {'CONV': [256, 3]}), ({'CONV': [64, 3]}, {'CONV': [256, 3]}, {'POOLMAX': [-1, 2]}), {'GLOBAL_AVG': None}, {'LAST_DENSE': [100, 'softmax']}]",HHSE,NSGA2,,,,,0.7047471627056261,,,,1684983808,5750436,,,,,,"[7, 6, 55, 3, 47, 6, 62, 29]",0.720602961889884,-0.0001379053682353,0.0,0.0,0.75,0.0,0.25,0,0,0,100,0,0.0,BEST,False,False,196,True,True,GREEDY,,,GREEDY_HV
BPYYDK[M][M],9,10,51,25,0.51,True,True,"[14, 6, 7, 39, 47, 45, 54, 22]",[],"[14.880565117006554, 6.05107908804172, 7.249166765123491, 39.382131636872856, 47.44310658997974, 45.56816501113568, 54.73219406689549, 22.934557618702588]","[{'INP': 32}, {'CONV': [64, 3]}, ({'CONV': [32, 5]}, {'CONV': [256, 3]}), ({'CONV': [32, 3]}, {'CONV': [256, 3]}, {'POOLMAX': [-1, 2]}), ({'CONV': [32, 3]}, {'CONV': [256, 5]}), ({'CONV': [128, 3]}, {'CONV': [256, 5]}, {'POOLMAX': [-1, 2]}), ({'CONV': [128, 5]}, {'CONV': [256, 5]}), ({'CONV': [128, 5]}, {'CONV': [128, 5]}, {'POOLMAX': [-1, 2]}), ({'CONV': [256, 3]}, {'CONV': [256, 3]}), ({'CONV': [64, 3]}, {'CONV': [256, 3]}, {'POOLMAX': [-1, 2]}), {'GLOBAL_AVG': None}, {'LAST_DENSE': [100, 'softmax']}]",HHSE,NSGA2,,,,,0.7047471627056261,,,,1684983808,5750436,,,,,,"[7, 6, 55, 3, 47, 6, 62, 29]",0.7206453987211109,-7.727729120599047e-05,0.0,0.0,0.75,0.0,0.25,0,0,0,100,0,0.0,BEST,False,False,196,True,True,GREEDY,,,GREEDY_HV
BPYYDK[M][M],9,10,52,25,0.52,True,True,"[14, 6, 7, 39, 47, 45, 54, 22]",[],"[14.880565117006554, 6.05107908804172, 7.249166765123491, 39.382131636872856, 47.44310658997974, 45.56816501113568, 54.73219406689549, 22.934557618702588]","[{'INP': 32}, {'CONV': [64, 3]}, ({'CONV': [32, 5]}, {'CONV': [256, 3]}), ({'CONV': [32, 3]}, {'CONV': [256, 3]}, {'POOLMAX': [-1, 2]}), ({'CONV': [32, 3]}, {'CONV': [256, 5]}), ({'CONV': [128, 3]}, {'CONV': [256, 5]}, {'POOLMAX': [-1, 2]}), ({'CONV': [128, 5]}, {'CONV': [256, 5]}), ({'CONV': [128, 5]}, {'CONV': [128, 5]}, {'POOLMAX': [-1, 2]}), ({'CONV': [256, 3]}, {'CONV': [256, 3]}), ({'CONV': [64, 3]}, {'CONV': [256, 3]}, {'POOLMAX': [-1, 2]}), {'GLOBAL_AVG': None}, {'LAST_DENSE': [100, 'softmax']}]",HHSE,NSGA2,,,,,0.7047471627056261,,,,1684983808,5750436,,,,,,"[7, 6, 55, 3, 47, 6, 62, 29]",0.7206335273732472,-0.0004662945700044,0.0,0.0,0.75,0.0,0.25,0,0,0,100,0,0.0,BEST,False,False,196,True,True,GREEDY,,,GREEDY_HV
BPYYDK[M][M],9,10,53,25,0.53,True,True,"[14, 6, 7, 39, 47, 45, 54, 22]",[],"[14.880565117006554, 6.05107908804172, 7.249166765123491, 39.382131636872856, 47.44310658997974, 45.56816501113568, 54.73219406689549, 22.934557618702588]","[{'INP': 32}, {'CONV': [64, 3]}, ({'CONV': [32, 5]}, {'CONV': [256, 3]}), ({'CONV': [32, 3]}, {'CONV': [256, 3]}, {'POOLMAX': [-1, 2]}), ({'CONV': [32, 3]}, {'CONV': [256, 5]}), ({'CONV': [128, 3]}, {'CONV': [256, 5]}, {'POOLMAX': [-1, 2]}), ({'CONV': [128, 5]}, {'CONV': [256, 5]}), ({'CONV': [128, 5]}, {'CONV': [128, 5]}, {'POOLMAX': [-1, 2]}), ({'CONV': [256, 3]}, {'CONV': [256, 3]}), ({'CONV': [64, 3]}, {'CONV': [256, 3]}, {'POOLMAX': [-1, 2]}), {'GLOBAL_AVG': None}, {'LAST_DENSE': [100, 'softmax']}]",HHSE,NSGA2,,,,,0.7047471627056261,,,,1684983808,5750436,,,,,,"[7, 6, 55, 3, 47, 6, 62, 29]",0.7206912903286431,-0.0007451745200782,0.0,0.0,0.75,0.0,0.25,0,0,0,100,0,0.0,BEST,False,False,196,True,True,GREEDY,,,GREEDY_HV
BPYYDK[M][M],9,10,54,25,0.54,True,True,"[14, 6, 7, 39, 47, 45, 54, 22]",[],"[14.880565117006554, 6.05107908804172, 7.249166765123491, 39.382131636872856, 47.44310658997974, 45.56816501113568, 54.73219406689549, 22.934557618702588]","[{'INP': 32}, {'CONV': [64, 3]}, ({'CONV': [32, 5]}, {'CONV': [256, 3]}), ({'CONV': [32, 3]}, {'CONV': [256, 3]}, {'POOLMAX': [-1, 2]}), ({'CONV': [32, 3]}, {'CONV': [256, 5]}), ({'CONV': [128, 3]}, {'CONV': [256, 5]}, {'POOLMAX': [-1, 2]}), ({'CONV': [128, 5]}, {'CONV': [256, 5]}), ({'CONV': [128, 5]}, {'CONV': [128, 5]}, {'POOLMAX': [-1, 2]}), ({'CONV': [256, 3]}, {'CONV': [256, 3]}), ({'CONV': [64, 3]}, {'CONV': [256, 3]}, {'POOLMAX': [-1, 2]}), {'GLOBAL_AVG': None}, {'LAST_DENSE': [100, 'softmax']}]",HHSE,NSGA2,,,,,0.7047471627056261,,,,1684983808,5750436,,,,,,"[7, 6, 55, 3, 47, 6, 62, 29]",0.7207055120229973,-0.0014762001266748,0.0,0.0,0.75,0.0,0.25,0,0,0,100,0,0.0,BEST,False,False,196,True,True,GREEDY,,,GREEDY_HV
BPYYDK[M][M],9,10,55,25,0.55,True,True,"[14, 6, 7, 39, 47, 45, 54, 22]",[],"[14.880565117006554, 6.05107908804172, 7.249166765123491, 39.382131636872856, 47.44310658997974, 45.56816501113568, 54.73219406689549, 22.934557618702588]","[{'INP': 32}, {'CONV': [64, 3]}, ({'CONV': [32, 5]}, {'CONV': [256, 3]}), ({'CONV': [32, 3]}, {'CONV': [256, 3]}, {'POOLMAX': [-1, 2]}), ({'CONV': [32, 3]}, {'CONV': [256, 5]}), ({'CONV': [128, 3]}, {'CONV': [256, 5]}, {'POOLMAX': [-1, 2]}), ({'CONV': [128, 5]}, {'CONV': [256, 5]}), ({'CONV': [128, 5]}, {'CONV': [128, 5]}, {'POOLMAX': [-1, 2]}), ({'CONV': [256, 3]}, {'CONV': [256, 3]}), ({'CONV': [64, 3]}, {'CONV': [256, 3]}, {'POOLMAX': [-1, 2]}), {'GLOBAL_AVG': None}, {'LAST_DENSE': [100, 'softmax']}]",HHSE,NSGA2,,,,,0.7047471627056261,,,,1684983808,5750436,,,,,,"[7, 6, 55, 3, 47, 6, 62, 29]",0.7207048504085575,-0.0004012971469925,0.0,0.0,0.75,0.0,0.25,0,0,0,100,0,0.0,BEST,False,False,196,True,True,GREEDY,,,GREEDY_HV
BPYYDK[M][M],9,10,56,25,0.56,True,True,"[14, 6, 7, 39, 47, 45, 54, 22]",[],"[14.880565117006554, 6.05107908804172, 7.249166765123491, 39.382131636872856, 47.44310658997974, 45.56816501113568, 54.73219406689549, 22.934557618702588]","[{'INP': 32}, {'CONV': [64, 3]}, ({'CONV': [32, 5]}, {'CONV': [256, 3]}), ({'CONV': [32, 3]}, {'CONV': [256, 3]}, {'POOLMAX': [-1, 2]}), ({'CONV': [32, 3]}, {'CONV': [256, 5]}), ({'CONV': [128, 3]}, {'CONV': [256, 5]}, {'POOLMAX': [-1, 2]}), ({'CONV': [128, 5]}, {'CONV': [256, 5]}), ({'CONV': [128, 5]}, {'CONV': [128, 5]}, {'POOLMAX': [-1, 2]}), ({'CONV': [256, 3]}, {'CONV': [256, 3]}), ({'CONV': [64, 3]}, {'CONV': [256, 3]}, {'POOLMAX': [-1, 2]}), {'GLOBAL_AVG': None}, {'LAST_DENSE': [100, 'softmax']}]",HHSE,NSGA2,,,,,0.7047471627056261,,,,1684983808,5750436,,,,,,"[7, 6, 55, 3, 47, 6, 62, 29]",0.720716108107482,-0.0002928243933317,0.0,0.0,0.75,0.0,0.25,0,0,0,100,0,0.0,BEST,False,False,196,True,True,GREEDY,,,GREEDY_HV
BPYYDK[M][M],9,10,57,25,0.57,True,True,"[14, 6, 7, 39, 47, 45, 54, 22]",[],"[14.880565117006554, 6.05107908804172, 7.249166765123491, 39.382131636872856, 47.44310658997974, 45.56816501113568, 54.73219406689549, 22.934557618702588]","[{'INP': 32}, {'CONV': [64, 3]}, ({'CONV': [32, 5]}, {'CONV': [256, 3]}), ({'CONV': [32, 3]}, {'CONV': [256, 3]}, {'POOLMAX': [-1, 2]}), ({'CONV': [32, 3]}, {'CONV': [256, 5]}), ({'CONV': [128, 3]}, {'CONV': [256, 5]}, {'POOLMAX': [-1, 2]}), ({'CONV': [128, 5]}, {'CONV': [256, 5]}), ({'CONV': [128, 5]}, {'CONV': [128, 5]}, {'POOLMAX': [-1, 2]}), ({'CONV': [256, 3]}, {'CONV': [256, 3]}), ({'CONV': [64, 3]}, {'CONV': [256, 3]}, {'POOLMAX': [-1, 2]}), {'GLOBAL_AVG': None}, {'LAST_DENSE': [100, 'softmax']}]",HHSE,NSGA2,,,,,0.7047471627056261,,,,1684983808,5750436,,,,,,"[7, 6, 55, 3, 47, 6, 62, 29]",0.7207676694052163,-0.0001491858209765,0.0,0.0,0.75,0.0,0.25,0,0,0,100,0,0.0,BEST,False,False,196,True,True,GREEDY,,,GREEDY_HV
BPYYDK[M][M],9,10,58,25,0.58,True,True,"[14, 6, 7, 39, 47, 45, 54, 22]",[],"[14.880565117006554, 6.05107908804172, 7.249166765123491, 39.382131636872856, 47.44310658997974, 45.56816501113568, 54.73219406689549, 22.934557618702588]","[{'INP': 32}, {'CONV': [64, 3]}, ({'CONV': [32, 5]}, {'CONV': [256, 3]}), ({'CONV': [32, 3]}, {'CONV': [256, 3]}, {'POOLMAX': [-1, 2]}), ({'CONV': [32, 3]}, {'CONV': [256, 5]}), ({'CONV': [128, 3]}, {'CONV': [256, 5]}, {'POOLMAX': [-1, 2]}), ({'CONV': [128, 5]}, {'CONV': [256, 5]}), ({'CONV': [128, 5]}, {'CONV': [128, 5]}, {'POOLMAX': [-1, 2]}), ({'CONV': [256, 3]}, {'CONV': [256, 3]}), ({'CONV': [64, 3]}, {'CONV': [256, 3]}, {'POOLMAX': [-1, 2]}), {'GLOBAL_AVG': None}, {'LAST_DENSE': [100, 'softmax']}]",HHSE,NSGA2,,,,,0.7047471627056261,,,,1684983808,5750436,,,,,,"[7, 6, 55, 3, 47, 6, 62, 29]",0.7209621931670691,-5.82634372146007e-05,0.0,0.0,0.75,0.0,0.25,0,0,0,100,0,0.0,BEST,False,False,196,True,True,GREEDY,,,GREEDY_HV
BPYYDK[M][M],9,10,59,25,0.59,True,True,"[14, 6, 7, 39, 47, 45, 54, 22]",[],"[14.880565117006554, 6.05107908804172, 7.249166765123491, 39.382131636872856, 47.44310658997974, 45.56816501113568, 54.73219406689549, 22.934557618702588]","[{'INP': 32}, {'CONV': [64, 3]}, ({'CONV': [32, 5]}, {'CONV': [256, 3]}), ({'CONV': [32, 3]}, {'CONV': [256, 3]}, {'POOLMAX': [-1, 2]}), ({'CONV': [32, 3]}, {'CONV': [256, 5]}), ({'CONV': [128, 3]}, {'CONV': [256, 5]}, {'POOLMAX': [-1, 2]}), ({'CONV': [128, 5]}, {'CONV': [256, 5]}), ({'CONV': [128, 5]}, {'CONV': [128, 5]}, {'POOLMAX': [-1, 2]}), ({'CONV': [256, 3]}, {'CONV': [256, 3]}), ({'CONV': [64, 3]}, {'CONV': [256, 3]}, {'POOLMAX': [-1, 2]}), {'GLOBAL_AVG': None}, {'LAST_DENSE': [100, 'softmax']}]",HHSE,NSGA2,,,,,0.7047471627056261,,,,1684983808,5750436,,,,,,"[7, 6, 55, 3, 47, 6, 62, 29]",0.7209779953245505,-0.0002069269537661,0.0,0.0,0.75,0.0,0.25,0,0,0,100,0,0.0,BEST,False,False,196,True,True,GREEDY,,,GREEDY_HV
BPYYDK[M][M],9,10,60,25,0.6,True,True,"[14, 6, 7, 39, 47, 45, 54, 22]",[],"[14.880565117006554, 6.05107908804172, 7.249166765123491, 39.382131636872856, 47.44310658997974, 45.56816501113568, 54.73219406689549, 22.934557618702588]","[{'INP': 32}, {'CONV': [64, 3]}, ({'CONV': [32, 5]}, {'CONV': [256, 3]}), ({'CONV': [32, 3]}, {'CONV': [256, 3]}, {'POOLMAX': [-1, 2]}), ({'CONV': [32, 3]}, {'CONV': [256, 5]}), ({'CONV': [128, 3]}, {'CONV': [256, 5]}, {'POOLMAX': [-1, 2]}), ({'CONV': [128, 5]}, {'CONV': [256, 5]}), ({'CONV': [128, 5]}, {'CONV': [128, 5]}, {'POOLMAX': [-1, 2]}), ({'CONV': [256, 3]}, {'CONV': [256, 3]}), ({'CONV': [64, 3]}, {'CONV': [256, 3]}, {'POOLMAX': [-1, 2]}), {'GLOBAL_AVG': None}, {'LAST_DENSE': [100, 'softmax']}]",HHSE,NSGA2,,,,,0.7047471627056261,,,,1684983808,5750436,,,,,,"[7, 6, 55, 3, 47, 6, 62, 29]",0.7209992108485709,-0.0004964272995188,0.0,0.0,0.75,0.0,0.25,0,1,0,100,0,0.01,BEST,False,False,196,True,True,GREEDY,,,GREEDY_HV
BPYYDK[M][M],9,10,61,25,0.61,True,True,"[14, 6, 7, 39, 47, 45, 54, 22]",[],"[14.880565117006554, 6.05107908804172, 7.249166765123491, 39.382131636872856, 47.44310658997974, 45.56816501113568, 54.73219406689549, 22.934557618702588]","[{'INP': 32}, {'CONV': [64, 3]}, ({'CONV': [32, 5]}, {'CONV': [256, 3]}), ({'CONV': [32, 3]}, {'CONV': [256, 3]}, {'POOLMAX': [-1, 2]}), ({'CONV': [32, 3]}, {'CONV': [256, 5]}), ({'CONV': [128, 3]}, {'CONV': [256, 5]}, {'POOLMAX': [-1, 2]}), ({'CONV': [128, 5]}, {'CONV': [256, 5]}), ({'CONV': [128, 5]}, {'CONV': [128, 5]}, {'POOLMAX': [-1, 2]}), ({'CONV': [256, 3]}, {'CONV': [256, 3]}), ({'CONV': [64, 3]}, {'CONV': [256, 3]}, {'POOLMAX': [-1, 2]}), {'GLOBAL_AVG': None}, {'LAST_DENSE': [100, 'softmax']}]",HHSE,NSGA2,,,,,0.7047471627056261,,,,1684983808,5750436,,,,,,"[7, 6, 55, 3, 47, 6, 62, 29]",0.7213461041786102,-0.0001161613504482,0.0,0.0,0.75,0.0,0.25,0,0,0,100,0,0.0,BEST,False,False,196,True,True,GREEDY,,,GREEDY_HV
BPYYDK[M][M],9,10,62,25,0.62,True,True,"[14, 6, 7, 39, 47, 45, 54, 22]",[],"[14.880565117006554, 6.05107908804172, 7.249166765123491, 39.382131636872856, 47.44310658997974, 45.56816501113568, 54.73219406689549, 22.934557618702588]","[{'INP': 32}, {'CONV': [64, 3]}, ({'CONV': [32, 5]}, {'CONV': [256, 3]}), ({'CONV': [32, 3]}, {'CONV': [256, 3]}, {'POOLMAX': [-1, 2]}), ({'CONV': [32, 3]}, {'CONV': [256, 5]}), ({'CONV': [128, 3]}, {'CONV': [256, 5]}, {'POOLMAX': [-1, 2]}), ({'CONV': [128, 5]}, {'CONV': [256, 5]}), ({'CONV': [128, 5]}, {'CONV': [128, 5]}, {'POOLMAX': [-1, 2]}), ({'CONV': [256, 3]}, {'CONV': [256, 3]}), ({'CONV': [64, 3]}, {'CONV': [256, 3]}, {'POOLMAX': [-1, 2]}), {'GLOBAL_AVG': None}, {'LAST_DENSE': [100, 'softmax']}]",HHSE,NSGA2,,,,,0.7047471627056261,,,,1684983808,5750436,,,,,,"[7, 6, 55, 3, 47, 6, 62, 29]",0.7210598719115784,-0.0001978546929508,0.0,0.0,0.75,0.0,0.25,0,0,0,100,0,0.0,BEST,False,False,196,True,True,GREEDY,,,GREEDY_HV
BPYYDK[M][M],9,10,63,25,0.63,True,True,"[14, 6, 7, 39, 47, 45, 54, 22]",[],"[14.880565117006554, 6.05107908804172, 7.249166765123491, 39.382131636872856, 47.44310658997974, 45.56816501113568, 54.73219406689549, 22.934557618702588]","[{'INP': 32}, {'CONV': [64, 3]}, ({'CONV': [32, 5]}, {'CONV': [256, 3]}), ({'CONV': [32, 3]}, {'CONV': [256, 3]}, {'POOLMAX': [-1, 2]}), ({'CONV': [32, 3]}, {'CONV': [256, 5]}), ({'CONV': [128, 3]}, {'CONV': [256, 5]}, {'POOLMAX': [-1, 2]}), ({'CONV': [128, 5]}, {'CONV': [256, 5]}), ({'CONV': [128, 5]}, {'CONV': [128, 5]}, {'POOLMAX': [-1, 2]}), ({'CONV': [256, 3]}, {'CONV': [256, 3]}), ({'CONV': [64, 3]}, {'CONV': [256, 3]}, {'POOLMAX': [-1, 2]}), {'GLOBAL_AVG': None}, {'LAST_DENSE': [100, 'softmax']}]",HHSE,NSGA2,,,,,0.7047471627056261,,,,1684983808,5750436,,,,,,"[7, 6, 55, 3, 47, 6, 62, 29]",0.7210670485014277,-0.001903046151638,0.0,0.0,0.75,0.0,0.25,0,0,0,100,0,0.0,BEST,False,False,196,True,True,GREEDY,,,GREEDY_HV
BPYYDK[M][M],9,10,64,25,0.64,True,True,"[14, 6, 7, 39, 47, 45, 54, 22]",[],"[14.880565117006554, 6.05107908804172, 7.249166765123491, 39.382131636872856, 47.44310658997974, 45.56816501113568, 54.73219406689549, 22.934557618702588]","[{'INP': 32}, {'CONV': [64, 3]}, ({'CONV': [32, 5]}, {'CONV': [256, 3]}), ({'CONV': [32, 3]}, {'CONV': [256, 3]}, {'POOLMAX': [-1, 2]}), ({'CONV': [32, 3]}, {'CONV': [256, 5]}), ({'CONV': [128, 3]}, {'CONV': [256, 5]}, {'POOLMAX': [-1, 2]}), ({'CONV': [128, 5]}, {'CONV': [256, 5]}), ({'CONV': [128, 5]}, {'CONV': [128, 5]}, {'POOLMAX': [-1, 2]}), ({'CONV': [256, 3]}, {'CONV': [256, 3]}), ({'CONV': [64, 3]}, {'CONV': [256, 3]}, {'POOLMAX': [-1, 2]}), {'GLOBAL_AVG': None}, {'LAST_DENSE': [100, 'softmax']}]",HHSE,NSGA2,,,,,0.7047471627056261,,,,1684983808,5750436,,,,,,"[7, 6, 55, 3, 47, 6, 62, 29]",0.7218232754983028,-0.0001264077576533,0.0,0.0,0.75,0.0,0.25,0,0,0,100,0,0.0,BEST,False,False,196,True,True,GREEDY,,,GREEDY_HV
BPYYDK[M][M],9,10,65,25,0.65,True,True,"[14, 6, 7, 39, 47, 45, 54, 22]",[],"[14.880565117006554, 6.05107908804172, 7.249166765123491, 39.382131636872856, 47.44310658997974, 45.56816501113568, 54.73219406689549, 22.934557618702588]","[{'INP': 32}, {'CONV': [64, 3]}, ({'CONV': [32, 5]}, {'CONV': [256, 3]}), ({'CONV': [32, 3]}, {'CONV': [256, 3]}, {'POOLMAX': [-1, 2]}), ({'CONV': [32, 3]}, {'CONV': [256, 5]}), ({'CONV': [128, 3]}, {'CONV': [256, 5]}, {'POOLMAX': [-1, 2]}), ({'CONV': [128, 5]}, {'CONV': [256, 5]}), ({'CONV': [128, 5]}, {'CONV': [128, 5]}, {'POOLMAX': [-1, 2]}), ({'CONV': [256, 3]}, {'CONV': [256, 3]}), ({'CONV': [64, 3]}, {'CONV': [256, 3]}, {'POOLMAX': [-1, 2]}), {'GLOBAL_AVG': None}, {'LAST_DENSE': [100, 'softmax']}]",HHSE,NSGA2,,,,,0.7047471627056261,,,,1684983808,5750436,,,,,,"[7, 6, 55, 3, 47, 6, 62, 29]",0.7218160942747898,-0.000235794956819,0.0,0.0,0.75,0.0,0.25,0,0,0,100,0,0.0,BEST,False,False,196,True,True,GREEDY,,,GREEDY_HV
BPYYDK[M][M],9,10,66,25,0.66,True,True,"[14, 6, 7, 39, 47, 45, 54, 22]",[],"[14.880565117006554, 6.05107908804172, 7.249166765123491, 39.382131636872856, 47.44310658997974, 45.56816501113568, 54.73219406689549, 22.934557618702588]","[{'INP': 32}, {'CONV': [64, 3]}, ({'CONV': [32, 5]}, {'CONV': [256, 3]}), ({'CONV': [32, 3]}, {'CONV': [256, 3]}, {'POOLMAX': [-1, 2]}), ({'CONV': [32, 3]}, {'CONV': [256, 5]}), ({'CONV': [128, 3]}, {'CONV': [256, 5]}, {'POOLMAX': [-1, 2]}), ({'CONV': [128, 5]}, {'CONV': [256, 5]}), ({'CONV': [128, 5]}, {'CONV': [128, 5]}, {'POOLMAX': [-1, 2]}), ({'CONV': [256, 3]}, {'CONV': [256, 3]}), ({'CONV': [64, 3]}, {'CONV': [256, 3]}, {'POOLMAX': [-1, 2]}), {'GLOBAL_AVG': None}, {'LAST_DENSE': [100, 'softmax']}]",HHSE,NSGA2,,,,,0.7047471627056261,,,,1684983808,5750436,,,,,,"[7, 6, 55, 3, 47, 6, 62, 29]",0.7218166171001505,-0.0007961065283388,0.0,0.0,0.75,0.0,0.25,0,0,0,100,0,0.0,BEST,False,False,196,True,True,GREEDY,,,GREEDY_HV
BPYYDK[M][M],9,10,67,25,0.67,True,True,"[14, 6, 7, 39, 47, 45, 54, 22]",[],"[14.880565117006554, 6.05107908804172, 7.249166765123491, 39.382131636872856, 47.44310658997974, 45.56816501113568, 54.73219406689549, 22.934557618702588]","[{'INP': 32}, {'CONV': [64, 3]}, ({'CONV': [32, 5]}, {'CONV': [256, 3]}), ({'CONV': [32, 3]}, {'CONV': [256, 3]}, {'POOLMAX': [-1, 2]}), ({'CONV': [32, 3]}, {'CONV': [256, 5]}), ({'CONV': [128, 3]}, {'CONV': [256, 5]}, {'POOLMAX': [-1, 2]}), ({'CONV': [128, 5]}, {'CONV': [256, 5]}), ({'CONV': [128, 5]}, {'CONV': [128, 5]}, {'POOLMAX': [-1, 2]}), ({'CONV': [256, 3]}, {'CONV': [256, 3]}), ({'CONV': [64, 3]}, {'CONV': [256, 3]}, {'POOLMAX': [-1, 2]}), {'GLOBAL_AVG': None}, {'LAST_DENSE': [100, 'softmax']}]",HHSE,NSGA2,,,,,0.7047471627056261,,,,1684983808,5750436,,,,,,"[7, 6, 55, 3, 47, 6, 62, 29]",0.7219443369281147,-0.0012592988064512,0.0,0.0,0.75,0.0,0.25,0,0,0,100,0,0.0,BEST,False,False,196,True,True,GREEDY,,,GREEDY_HV
BPYYDK[M][M],9,10,68,25,0.68,True,True,"[14, 6, 7, 39, 47, 45, 54, 22]",[],"[14.880565117006554, 6.05107908804172, 7.249166765123491, 39.382131636872856, 47.44310658997974, 45.56816501113568, 54.73219406689549, 22.934557618702588]","[{'INP': 32}, {'CONV': [64, 3]}, ({'CONV': [32, 5]}, {'CONV': [256, 3]}), ({'CONV': [32, 3]}, {'CONV': [256, 3]}, {'POOLMAX': [-1, 2]}), ({'CONV': [32, 3]}, {'CONV': [256, 5]}), ({'CONV': [128, 3]}, {'CONV': [256, 5]}, {'POOLMAX': [-1, 2]}), ({'CONV': [128, 5]}, {'CONV': [256, 5]}), ({'CONV': [128, 5]}, {'CONV': [128, 5]}, {'POOLMAX': [-1, 2]}), ({'CONV': [256, 3]}, {'CONV': [256, 3]}), ({'CONV': [64, 3]}, {'CONV': [256, 3]}, {'POOLMAX': [-1, 2]}), {'GLOBAL_AVG': None}, {'LAST_DENSE': [100, 'softmax']}]",HHSE,NSGA2,,,,,0.7047471627056261,,,,1684983808,5750436,,,,,,"[7, 6, 55, 3, 47, 6, 62, 29]",0.7220043808931436,-4.848750610653152e-05,0.0,0.0,0.75,0.0,0.25,0,0,0,100,0,0.0,BEST,False,False,196,True,True,GREEDY,,,GREEDY_HV
BPYYDK[M][M],9,10,69,25,0.69,True,True,"[14, 6, 7, 39, 47, 45, 54, 22]",[],"[14.880565117006554, 6.05107908804172, 7.249166765123491, 39.382131636872856, 47.44310658997974, 45.56816501113568, 54.73219406689549, 22.934557618702588]","[{'INP': 32}, {'CONV': [64, 3]}, ({'CONV': [32, 5]}, {'CONV': [256, 3]}), ({'CONV': [32, 3]}, {'CONV': [256, 3]}, {'POOLMAX': [-1, 2]}), ({'CONV': [32, 3]}, {'CONV': [256, 5]}), ({'CONV': [128, 3]}, {'CONV': [256, 5]}, {'POOLMAX': [-1, 2]}), ({'CONV': [128, 5]}, {'CONV': [256, 5]}), ({'CONV': [128, 5]}, {'CONV': [128, 5]}, {'POOLMAX': [-1, 2]}), ({'CONV': [256, 3]}, {'CONV': [256, 3]}), ({'CONV': [64, 3]}, {'CONV': [256, 3]}, {'POOLMAX': [-1, 2]}), {'GLOBAL_AVG': None}, {'LAST_DENSE': [100, 'softmax']}]",HHSE,NSGA2,,,,,0.7047471627056261,,,,1684983808,5750436,,,,,,"[7, 6, 55, 3, 47, 6, 62, 29]",0.72199505588232,-0.0017677635392785,0.0,0.0,0.75,0.0,0.25,0,0,0,100,0,0.0,BEST,False,False,196,True,True,GREEDY,,,GREEDY_HV
BPYYDK[M][M],9,10,70,25,0.7,True,True,"[14, 6, 7, 39, 47, 45, 54, 22]",[],"[14.880565117006554, 6.05107908804172, 7.249166765123491, 39.382131636872856, 47.44310658997974, 45.56816501113568, 54.73219406689549, 22.934557618702588]","[{'INP': 32}, {'CONV': [64, 3]}, ({'CONV': [32, 5]}, {'CONV': [256, 3]}), ({'CONV': [32, 3]}, {'CONV': [256, 3]}, {'POOLMAX': [-1, 2]}), ({'CONV': [32, 3]}, {'CONV': [256, 5]}), ({'CONV': [128, 3]}, {'CONV': [256, 5]}, {'POOLMAX': [-1, 2]}), ({'CONV': [128, 5]}, {'CONV': [256, 5]}), ({'CONV': [128, 5]}, {'CONV': [128, 5]}, {'POOLMAX': [-1, 2]}), ({'CONV': [256, 3]}, {'CONV': [256, 3]}), ({'CONV': [64, 3]}, {'CONV': [256, 3]}, {'POOLMAX': [-1, 2]}), {'GLOBAL_AVG': None}, {'LAST_DENSE': [100, 'softmax']}]",HHSE,NSGA2,,,,,0.7047471627056261,,,,1684983808,5750436,,,,,,"[7, 6, 55, 3, 47, 6, 62, 29]",0.7234532785023147,0.0008571593689652,0.0,0.0,0.75,0.0,0.25,0,0,0,100,0,0.0,BEST,False,False,196,True,True,GREEDY,,,GREEDY_HV
BPYYDK[M][M],9,10,71,25,0.71,True,True,"[14, 6, 7, 39, 47, 45, 54, 22]",[],"[14.880565117006554, 6.05107908804172, 7.249166765123491, 39.382131636872856, 47.44310658997974, 45.56816501113568, 54.73219406689549, 22.934557618702588]","[{'INP': 32}, {'CONV': [64, 3]}, ({'CONV': [32, 5]}, {'CONV': [256, 3]}), ({'CONV': [32, 3]}, {'CONV': [256, 3]}, {'POOLMAX': [-1, 2]}), ({'CONV': [32, 3]}, {'CONV': [256, 5]}), ({'CONV': [128, 3]}, {'CONV': [256, 5]}, {'POOLMAX': [-1, 2]}), ({'CONV': [128, 5]}, {'CONV': [256, 5]}), ({'CONV': [128, 5]}, {'CONV': [128, 5]}, {'POOLMAX': [-1, 2]}), ({'CONV': [256, 3]}, {'CONV': [256, 3]}), ({'CONV': [64, 3]}, {'CONV': [256, 3]}, {'POOLMAX': [-1, 2]}), {'GLOBAL_AVG': None}, {'LAST_DENSE': [100, 'softmax']}]",HHSE,NSGA2,,,,,0.7047471627056261,,,,1684983808,5750436,,,,,,"[7, 6, 55, 3, 47, 6, 62, 29]",0.7220284695805893,-0.0003323737318541,0.0,0.0,0.75,0.0,0.25,0,0,0,100,0,0.0,BEST,False,False,196,True,True,GREEDY,,,GREEDY_HV
BPYYDK[M][M],9,10,72,25,0.72,True,True,"[14, 6, 7, 39, 47, 45, 54, 22]",[],"[14.880565117006554, 6.05107908804172, 7.249166765123491, 39.382131636872856, 47.44310658997974, 45.56816501113568, 54.73219406689549, 22.934557618702588]","[{'INP': 32}, {'CONV': [64, 3]}, ({'CONV': [32, 5]}, {'CONV': [256, 3]}), ({'CONV': [32, 3]}, {'CONV': [256, 3]}, {'POOLMAX': [-1, 2]}), ({'CONV': [32, 3]}, {'CONV': [256, 5]}), ({'CONV': [128, 3]}, {'CONV': [256, 5]}, {'POOLMAX': [-1, 2]}), ({'CONV': [128, 5]}, {'CONV': [256, 5]}), ({'CONV': [128, 5]}, {'CONV': [128, 5]}, {'POOLMAX': [-1, 2]}), ({'CONV': [256, 3]}, {'CONV': [256, 3]}), ({'CONV': [64, 3]}, {'CONV': [256, 3]}, {'POOLMAX': [-1, 2]}), {'GLOBAL_AVG': None}, {'LAST_DENSE': [100, 'softmax']}]",HHSE,NSGA2,,,,,0.7047471627056261,,,,1684983808,5750436,,,,,,"[7, 6, 55, 3, 47, 6, 62, 29]",0.7220562056636755,-0.0018107348933756,0.0,0.0,0.75,0.0,0.25,0,1,0,100,0,0.01,BEST,False,False,196,True,True,GREEDY,,,GREEDY_HV
BPYYDK[M][M],9,10,73,25,0.73,True,True,"[14, 6, 7, 39, 47, 45, 54, 22]",[],"[14.880565117006554, 6.05107908804172, 7.249166765123491, 39.382131636872856, 47.44310658997974, 45.56816501113568, 54.73219406689549, 22.934557618702588]","[{'INP': 32}, {'CONV': [64, 3]}, ({'CONV': [32, 5]}, {'CONV': [256, 3]}), ({'CONV': [32, 3]}, {'CONV': [256, 3]}, {'POOLMAX': [-1, 2]}), ({'CONV': [32, 3]}, {'CONV': [256, 5]}), ({'CONV': [128, 3]}, {'CONV': [256, 5]}, {'POOLMAX': [-1, 2]}), ({'CONV': [128, 5]}, {'CONV': [256, 5]}), ({'CONV': [128, 5]}, {'CONV': [128, 5]}, {'POOLMAX': [-1, 2]}), ({'CONV': [256, 3]}, {'CONV': [256, 3]}), ({'CONV': [64, 3]}, {'CONV': [256, 3]}, {'POOLMAX': [-1, 2]}), {'GLOBAL_AVG': None}, {'LAST_DENSE': [100, 'softmax']}]",HHSE,NSGA2,,,,,0.7047471627056261,,,,1684983808,5750436,,,,,,"[7, 6, 55, 3, 47, 6, 62, 29]",0.7220825894283945,-2.4672064400932392e-05,0.0,0.0,0.75,0.0,0.25,0,0,0,100,0,0.0,BEST,False,False,196,True,True,GREEDY,,,GREEDY_HV
BPYYDK[M][M],9,10,74,25,0.74,True,True,"[14, 6, 7, 39, 47, 45, 54, 22]",[],"[14.880565117006554, 6.05107908804172, 7.249166765123491, 39.382131636872856, 47.44310658997974, 45.56816501113568, 54.73219406689549, 22.934557618702588]","[{'INP': 32}, {'CONV': [64, 3]}, ({'CONV': [32, 5]}, {'CONV': [256, 3]}), ({'CONV': [32, 3]}, {'CONV': [256, 3]}, {'POOLMAX': [-1, 2]}), ({'CONV': [32, 3]}, {'CONV': [256, 5]}), ({'CONV': [128, 3]}, {'CONV': [256, 5]}, {'POOLMAX': [-1, 2]}), ({'CONV': [128, 5]}, {'CONV': [256, 5]}), ({'CONV': [128, 5]}, {'CONV': [128, 5]}, {'POOLMAX': [-1, 2]}), ({'CONV': [256, 3]}, {'CONV': [256, 3]}), ({'CONV': [64, 3]}, {'CONV': [256, 3]}, {'POOLMAX': [-1, 2]}), {'GLOBAL_AVG': None}, {'LAST_DENSE': [100, 'softmax']}]",HHSE,NSGA2,,,,,0.7047471627056261,,,,1684983808,5750436,,,,,,"[7, 6, 55, 3, 47, 6, 62, 29]",0.7220878621887015,-0.0001640146150804,0.0,0.0,0.75,0.0,0.25,0,0,0,100,0,0.0,BEST,False,False,196,True,True,GREEDY,,,GREEDY_HV
BPYYDK[M][M],9,10,75,25,0.75,True,True,"[14, 6, 7, 39, 47, 45, 54, 22]",[],"[14.880565117006554, 6.05107908804172, 7.249166765123491, 39.382131636872856, 47.44310658997974, 45.56816501113568, 54.73219406689549, 22.934557618702588]","[{'INP': 32}, {'CONV': [64, 3]}, ({'CONV': [32, 5]}, {'CONV': [256, 3]}), ({'CONV': [32, 3]}, {'CONV': [256, 3]}, {'POOLMAX': [-1, 2]}), ({'CONV': [32, 3]}, {'CONV': [256, 5]}), ({'CONV': [128, 3]}, {'CONV': [256, 5]}, {'POOLMAX': [-1, 2]}), ({'CONV': [128, 5]}, {'CONV': [256, 5]}), ({'CONV': [128, 5]}, {'CONV': [128, 5]}, {'POOLMAX': [-1, 2]}), ({'CONV': [256, 3]}, {'CONV': [256, 3]}), ({'CONV': [64, 3]}, {'CONV': [256, 3]}, {'POOLMAX': [-1, 2]}), {'GLOBAL_AVG': None}, {'LAST_DENSE': [100, 'softmax']}]",HHSE,NSGA2,,,,,0.7047471627056261,,,,1684983808,5750436,,,,,,"[7, 6, 55, 3, 47, 6, 62, 29]",0.7221658060438279,-0.0002624644889681,0.0,0.0,0.75,0.0,0.25,0,0,0,100,0,0.0,BEST,False,False,196,True,True,GREEDY,,,GREEDY_HV
BPYYDK[M][M],9,10,76,25,0.76,True,True,"[14, 6, 7, 39, 47, 45, 54, 22]",[],"[14.880565117006554, 6.05107908804172, 7.249166765123491, 39.382131636872856, 47.44310658997974, 45.56816501113568, 54.73219406689549, 22.934557618702588]","[{'INP': 32}, {'CONV': [64, 3]}, ({'CONV': [32, 5]}, {'CONV': [256, 3]}), ({'CONV': [32, 3]}, {'CONV': [256, 3]}, {'POOLMAX': [-1, 2]}), ({'CONV': [32, 3]}, {'CONV': [256, 5]}), ({'CONV': [128, 3]}, {'CONV': [256, 5]}, {'POOLMAX': [-1, 2]}), ({'CONV': [128, 5]}, {'CONV': [256, 5]}), ({'CONV': [128, 5]}, {'CONV': [128, 5]}, {'POOLMAX': [-1, 2]}), ({'CONV': [256, 3]}, {'CONV': [256, 3]}), ({'CONV': [64, 3]}, {'CONV': [256, 3]}, {'POOLMAX': [-1, 2]}), {'GLOBAL_AVG': None}, {'LAST_DENSE': [100, 'softmax']}]",HHSE,NSGA2,,,,,0.7047471627056261,,,,1684983808,5750436,,,,,,"[7, 6, 55, 3, 47, 6, 62, 29]",0.7221987597026439,-0.0003088763820365,0.0,0.0,0.75,0.0,0.25,0,1,0,100,0,0.01,BEST,False,False,196,True,True,GREEDY,,,GREEDY_HV
BPYYDK[M][M],9,10,77,25,0.77,True,True,"[14, 6, 7, 39, 47, 45, 54, 22]",[],"[14.880565117006554, 6.05107908804172, 7.249166765123491, 39.382131636872856, 47.44310658997974, 45.56816501113568, 54.73219406689549, 22.934557618702588]","[{'INP': 32}, {'CONV': [64, 3]}, ({'CONV': [32, 5]}, {'CONV': [256, 3]}), ({'CONV': [32, 3]}, {'CONV': [256, 3]}, {'POOLMAX': [-1, 2]}), ({'CONV': [32, 3]}, {'CONV': [256, 5]}), ({'CONV': [128, 3]}, {'CONV': [256, 5]}, {'POOLMAX': [-1, 2]}), ({'CONV': [128, 5]}, {'CONV': [256, 5]}), ({'CONV': [128, 5]}, {'CONV': [128, 5]}, {'POOLMAX': [-1, 2]}), ({'CONV': [256, 3]}, {'CONV': [256, 3]}), ({'CONV': [64, 3]}, {'CONV': [256, 3]}, {'POOLMAX': [-1, 2]}), {'GLOBAL_AVG': None}, {'LAST_DENSE': [100, 'softmax']}]",HHSE,NSGA2,,,,,0.7047471627056261,,,,1684983808,5750436,,,,,,"[7, 6, 55, 3, 47, 6, 62, 29]",0.7223790776247712,-0.0017817855764903,0.0,0.0,0.75,0.0,0.25,0,0,0,100,0,0.0,BEST,False,False,196,True,True,GREEDY,,,GREEDY_HV
BPYYDK[M][M],9,10,78,25,0.78,True,True,"[14, 6, 7, 39, 47, 45, 54, 22]",[],"[14.880565117006554, 6.05107908804172, 7.249166765123491, 39.382131636872856, 47.44310658997974, 45.56816501113568, 54.73219406689549, 22.934557618702588]","[{'INP': 32}, {'CONV': [64, 3]}, ({'CONV': [32, 5]}, {'CONV': [256, 3]}), ({'CONV': [32, 3]}, {'CONV': [256, 3]}, {'POOLMAX': [-1, 2]}), ({'CONV': [32, 3]}, {'CONV': [256, 5]}), ({'CONV': [128, 3]}, {'CONV': [256, 5]}, {'POOLMAX': [-1, 2]}), ({'CONV': [128, 5]}, {'CONV': [256, 5]}), ({'CONV': [128, 5]}, {'CONV': [128, 5]}, {'POOLMAX': [-1, 2]}), ({'CONV': [256, 3]}, {'CONV': [256, 3]}), ({'CONV': [64, 3]}, {'CONV': [256, 3]}, {'POOLMAX': [-1, 2]}), {'GLOBAL_AVG': None}, {'LAST_DENSE': [100, 'softmax']}]",HHSE,NSGA2,,,,,0.7047471627056261,,,,1684983808,5750436,,,,,,"[7, 6, 55, 3, 47, 6, 62, 29]",0.7224895699703222,-0.0014375782702329,0.0,0.0,0.75,0.0,0.25,0,0,0,100,0,0.0,BEST,False,False,196,True,True,GREEDY,,,GREEDY_HV
BPYYDK[M][M],9,10,79,25,0.79,True,True,"[14, 6, 7, 39, 47, 45, 54, 22]",[],"[14.880565117006554, 6.05107908804172, 7.249166765123491, 39.382131636872856, 47.44310658997974, 45.56816501113568, 54.73219406689549, 22.934557618702588]","[{'INP': 32}, {'CONV': [64, 3]}, ({'CONV': [32, 5]}, {'CONV': [256, 3]}), ({'CONV': [32, 3]}, {'CONV': [256, 3]}, {'POOLMAX': [-1, 2]}), ({'CONV': [32, 3]}, {'CONV': [256, 5]}), ({'CONV': [128, 3]}, {'CONV': [256, 5]}, {'POOLMAX': [-1, 2]}), ({'CONV': [128, 5]}, {'CONV': [256, 5]}), ({'CONV': [128, 5]}, {'CONV': [128, 5]}, {'POOLMAX': [-1, 2]}), ({'CONV': [256, 3]}, {'CONV': [256, 3]}), ({'CONV': [64, 3]}, {'CONV': [256, 3]}, {'POOLMAX': [-1, 2]}), {'GLOBAL_AVG': None}, {'LAST_DENSE': [100, 'softmax']}]",HHSE,NSGA2,,,,,0.7047471627056261,,,,1684983808,5750436,,,,,,"[7, 6, 55, 3, 47, 6, 62, 29]",0.7224965497948072,-0.0030066275693038,0.0,0.0,0.75,0.0,0.25,0,0,0,100,0,0.0,BEST,False,False,196,True,True,GREEDY,,,GREEDY_HV
BTQTVV[M],9,10,80,80,0.8,True,True,"[18, 7, 4, 38, 46, 6, 23, 5]",[],"[18.241861260651252, 7.928127242239691, 4.351722392702944, 38.89904185452855, 46.48415510327493, 6.342681709025841, 23.122000989799883, 5.540181728399957]","[{'INP': 32}, {'CONV': [64, 3]}, ({'CONV': [64, 3]}, {'CONV': [64, 3]}), ({'CONV': [32, 3]}, {'CONV': [256, 5]}, {'POOLMAX': [-1, 2]}), ({'CONV': [32, 3]}, {'CONV': [128, 3]}), ({'CONV': [128, 3]}, {'CONV': [256, 3]}, {'POOLMAX': [-1, 2]}), ({'CONV': [128, 5]}, {'CONV': [256, 3]}), ({'CONV': [32, 3]}, {'CONV': [256, 3]}, {'POOLMAX': [-1, 2]}), ({'CONV': [64, 3]}, {'CONV': [256, 5]}), ({'CONV': [32, 3]}, {'CONV': [128, 5]}, {'POOLMAX': [-1, 2]}), {'GLOBAL_AVG': None}, {'LAST_DENSE': [100, 'softmax']}]",HHSE,NSGA2,,,,,0.7049232850515259,,,,1084589056,2868004,,,,,,"[18, 8, 4, 38, 46, 6, 21, 4]",0.7228657932663324,-0.0022974763363095,0.375,0.625,0.375,1.0,0.8,0,1,0,100,0,0.01,BEST,False,False,194,True,True,GREEDY,,,GREEDY_HV
BTQTVV[M],9,10,81,80,0.81,True,True,"[18, 7, 4, 38, 46, 6, 23, 5]",[],"[18.241861260651252, 7.928127242239691, 4.351722392702944, 38.89904185452855, 46.48415510327493, 6.342681709025841, 23.122000989799883, 5.540181728399957]","[{'INP': 32}, {'CONV': [64, 3]}, ({'CONV': [64, 3]}, {'CONV': [64, 3]}), ({'CONV': [32, 3]}, {'CONV': [256, 5]}, {'POOLMAX': [-1, 2]}), ({'CONV': [32, 3]}, {'CONV': [128, 3]}), ({'CONV': [128, 3]}, {'CONV': [256, 3]}, {'POOLMAX': [-1, 2]}), ({'CONV': [128, 5]}, {'CONV': [256, 3]}), ({'CONV': [32, 3]}, {'CONV': [256, 3]}, {'POOLMAX': [-1, 2]}), ({'CONV': [64, 3]}, {'CONV': [256, 5]}), ({'CONV': [32, 3]}, {'CONV': [128, 5]}, {'POOLMAX': [-1, 2]}), {'GLOBAL_AVG': None}, {'LAST_DENSE': [100, 'softmax']}]",HHSE,NSGA2,,,,,0.7049232850515259,,,,1084589056,2868004,,,,,,"[18, 8, 4, 38, 46, 6, 21, 4]",0.7233149659369909,-0.0035147891561985,0.375,0.625,0.375,0.0,0.8,0,2,0,100,0,0.02,BEST,False,False,194,True,True,GREEDY,,,GREEDY_HV
BTQTVV[M],9,10,82,80,0.82,True,True,"[18, 7, 4, 38, 46, 6, 23, 5]",[],"[18.241861260651252, 7.928127242239691, 4.351722392702944, 38.89904185452855, 46.48415510327493, 6.342681709025841, 23.122000989799883, 5.540181728399957]","[{'INP': 32}, {'CONV': [64, 3]}, ({'CONV': [64, 3]}, {'CONV': [64, 3]}), ({'CONV': [32, 3]}, {'CONV': [256, 5]}, {'POOLMAX': [-1, 2]}), ({'CONV': [32, 3]}, {'CONV': [128, 3]}), ({'CONV': [128, 3]}, {'CONV': [256, 3]}, {'POOLMAX': [-1, 2]}), ({'CONV': [128, 5]}, {'CONV': [256, 3]}), ({'CONV': [32, 3]}, {'CONV': [256, 3]}, {'POOLMAX': [-1, 2]}), ({'CONV': [64, 3]}, {'CONV': [256, 5]}), ({'CONV': [32, 3]}, {'CONV': [128, 5]}, {'POOLMAX': [-1, 2]}), {'GLOBAL_AVG': None}, {'LAST_DENSE': [100, 'softmax']}]",HHSE,NSGA2,,,,,0.7049232850515259,,,,1084589056,2868004,,,,,,"[18, 8, 4, 38, 46, 6, 21, 4]",0.7234650099965881,-1.0808587452504348e-05,0.375,0.625,0.375,0.0,0.8,0,0,0,100,0,0.0,BEST,False,False,194,True,True,GREEDY,,,GREEDY_HV
BTQTVV[M],9,10,83,80,0.83,True,True,"[18, 7, 4, 38, 46, 6, 23, 5]",[],"[18.241861260651252, 7.928127242239691, 4.351722392702944, 38.89904185452855, 46.48415510327493, 6.342681709025841, 23.122000989799883, 5.540181728399957]","[{'INP': 32}, {'CONV': [64, 3]}, ({'CONV': [64, 3]}, {'CONV': [64, 3]}), ({'CONV': [32, 3]}, {'CONV': [256, 5]}, {'POOLMAX': [-1, 2]}), ({'CONV': [32, 3]}, {'CONV': [128, 3]}), ({'CONV': [128, 3]}, {'CONV': [256, 3]}, {'POOLMAX': [-1, 2]}), ({'CONV': [128, 5]}, {'CONV': [256, 3]}), ({'CONV': [32, 3]}, {'CONV': [256, 3]}, {'POOLMAX': [-1, 2]}), ({'CONV': [64, 3]}, {'CONV': [256, 5]}), ({'CONV': [32, 3]}, {'CONV': [128, 5]}, {'POOLMAX': [-1, 2]}), {'GLOBAL_AVG': None}, {'LAST_DENSE': [100, 'softmax']}]",HHSE,NSGA2,,,,,0.7049232850515259,,,,1084589056,2868004,,,,,,"[18, 8, 4, 38, 46, 6, 21, 4]",0.7235369997841343,-0.0001322538539705,0.375,0.625,0.375,0.0,0.8,0,1,0,100,0,0.01,BEST,False,False,194,True,True,GREEDY,,,GREEDY_HV
BTQTVV[M],9,10,84,80,0.84,True,True,"[18, 7, 4, 38, 46, 6, 23, 5]",[],"[18.241861260651252, 7.928127242239691, 4.351722392702944, 38.89904185452855, 46.48415510327493, 6.342681709025841, 23.122000989799883, 5.540181728399957]","[{'INP': 32}, {'CONV': [64, 3]}, ({'CONV': [64, 3]}, {'CONV': [64, 3]}), ({'CONV': [32, 3]}, {'CONV': [256, 5]}, {'POOLMAX': [-1, 2]}), ({'CONV': [32, 3]}, {'CONV': [128, 3]}), ({'CONV': [128, 3]}, {'CONV': [256, 3]}, {'POOLMAX': [-1, 2]}), ({'CONV': [128, 5]}, {'CONV': [256, 3]}), ({'CONV': [32, 3]}, {'CONV': [256, 3]}, {'POOLMAX': [-1, 2]}), ({'CONV': [64, 3]}, {'CONV': [256, 5]}), ({'CONV': [32, 3]}, {'CONV': [128, 5]}, {'POOLMAX': [-1, 2]}), {'GLOBAL_AVG': None}, {'LAST_DENSE': [100, 'softmax']}]",HHSE,NSGA2,,,,,0.7049232850515259,,,,1084589056,2868004,,,,,,"[18, 8, 4, 38, 46, 6, 21, 4]",0.723761334036148,-1.887041022685665e-05,0.375,0.625,0.375,0.0,0.8,0,0,0,100,0,0.0,BEST,False,False,194,True,True,GREEDY,,,GREEDY_HV
BTQTVV[M],9,10,85,80,0.85,True,True,"[18, 7, 4, 38, 46, 6, 23, 5]",[],"[18.241861260651252, 7.928127242239691, 4.351722392702944, 38.89904185452855, 46.48415510327493, 6.342681709025841, 23.122000989799883, 5.540181728399957]","[{'INP': 32}, {'CONV': [64, 3]}, ({'CONV': [64, 3]}, {'CONV': [64, 3]}), ({'CONV': [32, 3]}, {'CONV': [256, 5]}, {'POOLMAX': [-1, 2]}), ({'CONV': [32, 3]}, {'CONV': [128, 3]}), ({'CONV': [128, 3]}, {'CONV': [256, 3]}, {'POOLMAX': [-1, 2]}), ({'CONV': [128, 5]}, {'CONV': [256, 3]}), ({'CONV': [32, 3]}, {'CONV': [256, 3]}, {'POOLMAX': [-1, 2]}), ({'CONV': [64, 3]}, {'CONV': [256, 5]}), ({'CONV': [32, 3]}, {'CONV': [128, 5]}, {'POOLMAX': [-1, 2]}), {'GLOBAL_AVG': None}, {'LAST_DENSE': [100, 'softmax']}]",HHSE,NSGA2,,,,,0.7049232850515259,,,,1084589056,2868004,,,,,,"[18, 8, 4, 38, 46, 6, 21, 4]",0.7242959985904982,7.771604614403849e-06,0.375,0.625,0.375,0.0,0.8,0,0,0,100,0,0.0,BEST,False,False,194,True,True,GREEDY,,,GREEDY_HV
BTQTVV[M],9,10,86,80,0.86,True,True,"[18, 7, 4, 38, 46, 6, 23, 5]",[],"[18.241861260651252, 7.928127242239691, 4.351722392702944, 38.89904185452855, 46.48415510327493, 6.342681709025841, 23.122000989799883, 5.540181728399957]","[{'INP': 32}, {'CONV': [64, 3]}, ({'CONV': [64, 3]}, {'CONV': [64, 3]}), ({'CONV': [32, 3]}, {'CONV': [256, 5]}, {'POOLMAX': [-1, 2]}), ({'CONV': [32, 3]}, {'CONV': [128, 3]}), ({'CONV': [128, 3]}, {'CONV': [256, 3]}, {'POOLMAX': [-1, 2]}), ({'CONV': [128, 5]}, {'CONV': [256, 3]}), ({'CONV': [32, 3]}, {'CONV': [256, 3]}, {'POOLMAX': [-1, 2]}), ({'CONV': [64, 3]}, {'CONV': [256, 5]}), ({'CONV': [32, 3]}, {'CONV': [128, 5]}, {'POOLMAX': [-1, 2]}), {'GLOBAL_AVG': None}, {'LAST_DENSE': [100, 'softmax']}]",HHSE,NSGA2,,,,,0.7049232850515259,,,,1084589056,2868004,,,,,,"[18, 8, 4, 38, 46, 6, 21, 4]",0.7261226158374455,-0.0006547387372224,0.375,0.625,0.375,0.0,0.8,0,1,0,100,0,0.01,BEST,False,False,194,True,True,GREEDY,,,GREEDY_HV
BTQTVV[M],9,10,87,80,0.87,True,True,"[18, 7, 4, 38, 46, 6, 23, 5]",[],"[18.241861260651252, 7.928127242239691, 4.351722392702944, 38.89904185452855, 46.48415510327493, 6.342681709025841, 23.122000989799883, 5.540181728399957]","[{'INP': 32}, {'CONV': [64, 3]}, ({'CONV': [64, 3]}, {'CONV': [64, 3]}), ({'CONV': [32, 3]}, {'CONV': [256, 5]}, {'POOLMAX': [-1, 2]}), ({'CONV': [32, 3]}, {'CONV': [128, 3]}), ({'CONV': [128, 3]}, {'CONV': [256, 3]}, {'POOLMAX': [-1, 2]}), ({'CONV': [128, 5]}, {'CONV': [256, 3]}), ({'CONV': [32, 3]}, {'CONV': [256, 3]}, {'POOLMAX': [-1, 2]}), ({'CONV': [64, 3]}, {'CONV': [256, 5]}), ({'CONV': [32, 3]}, {'CONV': [128, 5]}, {'POOLMAX': [-1, 2]}), {'GLOBAL_AVG': None}, {'LAST_DENSE': [100, 'softmax']}]",HHSE,NSGA2,,,,,0.7049232850515259,,,,1084589056,2868004,,,,,,"[18, 8, 4, 38, 46, 6, 21, 4]",0.7245206239064218,-0.0002243727387173,0.375,0.625,0.375,0.0,0.8,0,0,0,100,0,0.0,BEST,False,False,194,True,True,GREEDY,,,GREEDY_HV
BLEXID[M],9,10,88,88,0.88,True,True,"[3, 5, 22, 18, 46, 6, 22, 31]",[],"[3.537578643882866, 5.517481845019107, 22.23544108504136, 18.65051959840592, 46.83663029819628, 6.142256599485036, 22.308673596137023, 31.030771256400207]","[{'INP': 32}, {'CONV': [64, 3]}, ({'CONV': [32, 3]}, {'CONV': [64, 5]}), ({'CONV': [32, 3]}, {'CONV': [128, 5]}, {'POOLMAX': [-1, 2]}), ({'CONV': [64, 3]}, {'CONV': [256, 3]}), ({'CONV': [64, 3]}, {'CONV': [64, 3]}, {'POOLMAX': [-1, 2]}), ({'CONV': [128, 5]}, {'CONV': [256, 3]}), ({'CONV': [32, 3]}, {'CONV': [256, 3]}, {'POOLMAX': [-1, 2]}), ({'CONV': [64, 3]}, {'CONV': [256, 3]}), ({'CONV': [64, 5]}, {'CONV': [256, 5]}, {'POOLMAX': [-1, 2]}), {'GLOBAL_AVG': None}, {'LAST_DENSE': [100, 'softmax']}]",HHSE,NSGA2,,,,,0.7057866695363929,,,,722918400,2392996,,,,,,"[3, 4, 21, 19, 46, 6, 22, 30]",0.7245606183413416,-8.059448493435983e-05,0.25,0.5,0.5,0.75,0.88,0,0,0,100,0,0.0,BEST,False,False,180,True,True,GREEDY,,,GREEDY_HV
BLEXID[M],9,10,89,88,0.89,True,True,"[3, 5, 22, 18, 46, 6, 22, 31]",[],"[3.537578643882866, 5.517481845019107, 22.23544108504136, 18.65051959840592, 46.83663029819628, 6.142256599485036, 22.308673596137023, 31.030771256400207]","[{'INP': 32}, {'CONV': [64, 3]}, ({'CONV': [32, 3]}, {'CONV': [64, 5]}), ({'CONV': [32, 3]}, {'CONV': [128, 5]}, {'POOLMAX': [-1, 2]}), ({'CONV': [64, 3]}, {'CONV': [256, 3]}), ({'CONV': [64, 3]}, {'CONV': [64, 3]}, {'POOLMAX': [-1, 2]}), ({'CONV': [128, 5]}, {'CONV': [256, 3]}), ({'CONV': [32, 3]}, {'CONV': [256, 3]}, {'POOLMAX': [-1, 2]}), ({'CONV': [64, 3]}, {'CONV': [256, 3]}), ({'CONV': [64, 5]}, {'CONV': [256, 5]}, {'POOLMAX': [-1, 2]}), {'GLOBAL_AVG': None}, {'LAST_DENSE': [100, 'softmax']}]",HHSE,NSGA2,,,,,0.7057866695363929,,,,722918400,2392996,,,,,,"[3, 4, 21, 19, 46, 6, 22, 30]",0.7255146657432677,-0.0040763105267548,0.25,0.5,0.5,0.0,0.88,0,3,0,100,0,0.03,BEST,False,False,180,True,True,GREEDY,,,GREEDY_HV
BTQTVV[M][M],9,10,90,90,0.9,True,True,"[18, 7, 4, 38, 46, 6, 22, 5]",[],"[18.076316508757365, 7.874445860693895, 4.350791508370769, 38.87302577503098, 46.63276921174674, 6.334278476586442, 22.81817775356342, 5.719071243432648]","[{'INP': 32}, {'CONV': [64, 3]}, ({'CONV': [64, 3]}, {'CONV': [64, 3]}), ({'CONV': [32, 3]}, {'CONV': [256, 5]}, {'POOLMAX': [-1, 2]}), ({'CONV': [32, 3]}, {'CONV': [128, 3]}), ({'CONV': [128, 3]}, {'CONV': [256, 3]}, {'POOLMAX': [-1, 2]}), ({'CONV': [128, 5]}, {'CONV': [256, 3]}), ({'CONV': [32, 3]}, {'CONV': [256, 3]}, {'POOLMAX': [-1, 2]}), ({'CONV': [64, 3]}, {'CONV': [256, 3]}), ({'CONV': [32, 3]}, {'CONV': [128, 5]}, {'POOLMAX': [-1, 2]}), {'GLOBAL_AVG': None}, {'LAST_DENSE': [100, 'softmax']}]",HHSE,NSGA2,,,,,0.7068330178440013,,,,1076200448,2605860,,,,,,"[18, 7, 4, 38, 46, 6, 23, 5]",0.7261793173787185,0.0004864761861643,0.0,0.0,0.125,0.625,0.9,0,1,0,100,0,0.01,BEST,False,False,162,True,True,GREEDY,,,GREEDY_HV
BTQTVV[M][M],9,10,91,90,0.91,True,True,"[18, 7, 4, 38, 46, 6, 22, 5]",[],"[18.076316508757365, 7.874445860693895, 4.350791508370769, 38.87302577503098, 46.63276921174674, 6.334278476586442, 22.81817775356342, 5.719071243432648]","[{'INP': 32}, {'CONV': [64, 3]}, ({'CONV': [64, 3]}, {'CONV': [64, 3]}), ({'CONV': [32, 3]}, {'CONV': [256, 5]}, {'POOLMAX': [-1, 2]}), ({'CONV': [32, 3]}, {'CONV': [128, 3]}), ({'CONV': [128, 3]}, {'CONV': [256, 3]}, {'POOLMAX': [-1, 2]}), ({'CONV': [128, 5]}, {'CONV': [256, 3]}), ({'CONV': [32, 3]}, {'CONV': [256, 3]}, {'POOLMAX': [-1, 2]}), ({'CONV': [64, 3]}, {'CONV': [256, 3]}), ({'CONV': [32, 3]}, {'CONV': [128, 5]}, {'POOLMAX': [-1, 2]}), {'GLOBAL_AVG': None}, {'LAST_DENSE': [100, 'softmax']}]",HHSE,NSGA2,,,,,0.7068330178440013,,,,1076200448,2605860,,,,,,"[18, 7, 4, 38, 46, 6, 23, 5]",0.7266595300922304,-2.358028300541992e-05,0.0,0.0,0.125,0.0,0.9,0,2,0,100,0,0.02,BEST,False,False,162,True,True,GREEDY,,,GREEDY_HV
BTQTVV[M][M],9,10,92,90,0.92,True,True,"[18, 7, 4, 38, 46, 6, 22, 5]",[],"[18.076316508757365, 7.874445860693895, 4.350791508370769, 38.87302577503098, 46.63276921174674, 6.334278476586442, 22.81817775356342, 5.719071243432648]","[{'INP': 32}, {'CONV': [64, 3]}, ({'CONV': [64, 3]}, {'CONV': [64, 3]}), ({'CONV': [32, 3]}, {'CONV': [256, 5]}, {'POOLMAX': [-1, 2]}), ({'CONV': [32, 3]}, {'CONV': [128, 3]}), ({'CONV': [128, 3]}, {'CONV': [256, 3]}, {'POOLMAX': [-1, 2]}), ({'CONV': [128, 5]}, {'CONV': [256, 3]}), ({'CONV': [32, 3]}, {'CONV': [256, 3]}, {'POOLMAX': [-1, 2]}), ({'CONV': [64, 3]}, {'CONV': [256, 3]}), ({'CONV': [32, 3]}, {'CONV': [128, 5]}, {'POOLMAX': [-1, 2]}), {'GLOBAL_AVG': None}, {'LAST_DENSE': [100, 'softmax']}]",HHSE,NSGA2,,,,,0.7068330178440013,,,,1076200448,2605860,,,,,,"[18, 7, 4, 38, 46, 6, 23, 5]",0.727183102070485,0.000516711737221,0.0,0.0,0.125,0.0,0.9,0,1,0,100,0,0.01,BEST,False,False,162,True,True,GREEDY,,,GREEDY_HV
BDBAAN[M],9,10,93,93,0.93,True,True,"[2, 5, 4, 38, 46, 22, 21, 23]",[],"[2.613553843068578, 5.567072488734913, 4.765767006102482, 38.07386848602245, 46.82947388971033, 22.224184609422984, 21.574473712524863, 23.363871409294955]","[{'INP': 32}, {'CONV': [64, 3]}, ({'CONV': [32, 3]}, {'CONV': [64, 3]}), ({'CONV': [32, 3]}, {'CONV': [128, 5]}, {'POOLMAX': [-1, 2]}), ({'CONV': [32, 3]}, {'CONV': [128, 3]}), ({'CONV': [128, 3]}, {'CONV': [256, 3]}, {'POOLMAX': [-1, 2]}), ({'CONV': [128, 5]}, {'CONV': [256, 3]}), ({'CONV': [64, 3]}, {'CONV': [256, 3]}, {'POOLMAX': [-1, 2]}), ({'CONV': [64, 3]}, {'CONV': [128, 5]}), ({'CONV': [64, 3]}, {'CONV': [256, 5]}, {'POOLMAX': [-1, 2]}), {'GLOBAL_AVG': None}, {'LAST_DENSE': [100, 'softmax']}]",HHSE,NSGA2,,,,,0.7115569469334827,,,,801356800,2954148,,,,,,"[2, 5, 4, 38, 46, 22, 21, 23]",0.7281824100396079,0.0013978623202132,0.5,0.25,0.0,0.625,0.93,0,1,0,100,0,0.01,BEST,False,False,80,True,True,GREEDY,,,GREEDY_HV
BDBAAN[M],9,10,94,93,0.94,True,True,"[2, 5, 4, 38, 46, 22, 21, 23]",[],"[2.613553843068578, 5.567072488734913, 4.765767006102482, 38.07386848602245, 46.82947388971033, 22.224184609422984, 21.574473712524863, 23.363871409294955]","[{'INP': 32}, {'CONV': [64, 3]}, ({'CONV': [32, 3]}, {'CONV': [64, 3]}), ({'CONV': [32, 3]}, {'CONV': [128, 5]}, {'POOLMAX': [-1, 2]}), ({'CONV': [32, 3]}, {'CONV': [128, 3]}), ({'CONV': [128, 3]}, {'CONV': [256, 3]}, {'POOLMAX': [-1, 2]}), ({'CONV': [128, 5]}, {'CONV': [256, 3]}), ({'CONV': [64, 3]}, {'CONV': [256, 3]}, {'POOLMAX': [-1, 2]}), ({'CONV': [64, 3]}, {'CONV': [128, 5]}), ({'CONV': [64, 3]}, {'CONV': [256, 5]}, {'POOLMAX': [-1, 2]}), {'GLOBAL_AVG': None}, {'LAST_DENSE': [100, 'softmax']}]",HHSE,NSGA2,,,,,0.7115569469334827,,,,801356800,2954148,,,,,,"[2, 5, 4, 38, 46, 22, 21, 23]",0.7312499560349928,-0.0004243797485368,0.5,0.25,0.0,0.0,0.93,0,1,0,100,0,0.01,BEST,False,False,80,True,True,GREEDY,,,GREEDY_HV
BDBAAN[M][M][M],9,10,95,95,0.95,True,True,"[3, 5, 4, 38, 46, 22, 22, 23]",[],"[3.0415104870943472, 5.6234279280340145, 4.961446689505791, 38.020982348155876, 46.849896396081554, 22.21131568287459, 22.222297772201507, 23.456723326288607]","[{'INP': 32}, {'CONV': [64, 3]}, ({'CONV': [32, 3]}, {'CONV': [64, 5]}), ({'CONV': [32, 3]}, {'CONV': [128, 5]}, {'POOLMAX': [-1, 2]}), ({'CONV': [32, 3]}, {'CONV': [128, 3]}), ({'CONV': [128, 3]}, {'CONV': [256, 3]}, {'POOLMAX': [-1, 2]}), ({'CONV': [128, 5]}, {'CONV': [256, 3]}), ({'CONV': [64, 3]}, {'CONV': [256, 3]}, {'POOLMAX': [-1, 2]}), ({'CONV': [64, 3]}, {'CONV': [256, 3]}), ({'CONV': [64, 3]}, {'CONV': [256, 5]}, {'POOLMAX': [-1, 2]}), {'GLOBAL_AVG': None}, {'LAST_DENSE': [100, 'softmax']}]",HHSE,NSGA2,,,,,0.7121700101562167,,,,869000192,3003812,,,,,,"[2, 5, 4, 38, 46, 22, 21, 23]",0.7313047678037097,2.573614002443492e-05,0.0,0.0,0.25,0.25,0.95,0,3,0,100,0,0.03,BEST,False,False,70,True,True,GREEDY,,,GREEDY_HV
BDBAAN[M][M][M],9,10,96,95,0.96,True,True,"[3, 5, 4, 38, 46, 22, 22, 23]",[],"[3.0415104870943472, 5.6234279280340145, 4.961446689505791, 38.020982348155876, 46.849896396081554, 22.21131568287459, 22.222297772201507, 23.456723326288607]","[{'INP': 32}, {'CONV': [64, 3]}, ({'CONV': [32, 3]}, {'CONV': [64, 5]}), ({'CONV': [32, 3]}, {'CONV': [128, 5]}, {'POOLMAX': [-1, 2]}), ({'CONV': [32, 3]}, {'CONV': [128, 3]}), ({'CONV': [128, 3]}, {'CONV': [256, 3]}, {'POOLMAX': [-1, 2]}), ({'CONV': [128, 5]}, {'CONV': [256, 3]}), ({'CONV': [64, 3]}, {'CONV': [256, 3]}, {'POOLMAX': [-1, 2]}), ({'CONV': [64, 3]}, {'CONV': [256, 3]}), ({'CONV': [64, 3]}, {'CONV': [256, 5]}, {'POOLMAX': [-1, 2]}), {'GLOBAL_AVG': None}, {'LAST_DENSE': [100, 'softmax']}]",HHSE,NSGA2,,,,,0.7121700101562167,,,,869000192,3003812,,,,,,"[2, 5, 4, 38, 46, 22, 21, 23]",0.7319392813467966,-1.88445380147062e-05,0.0,0.0,0.25,0.0,0.95,0,1,0,100,0,0.01,BEST,False,False,70,True,True,GREEDY,,,GREEDY_HV
BDBAAN[M][M][M],9,10,97,95,0.97,True,True,"[3, 5, 4, 38, 46, 22, 22, 23]",[],"[3.0415104870943472, 5.6234279280340145, 4.961446689505791, 38.020982348155876, 46.849896396081554, 22.21131568287459, 22.222297772201507, 23.456723326288607]","[{'INP': 32}, {'CONV': [64, 3]}, ({'CONV': [32, 3]}, {'CONV': [64, 5]}), ({'CONV': [32, 3]}, {'CONV': [128, 5]}, {'POOLMAX': [-1, 2]}), ({'CONV': [32, 3]}, {'CONV': [128, 3]}), ({'CONV': [128, 3]}, {'CONV': [256, 3]}, {'POOLMAX': [-1, 2]}), ({'CONV': [128, 5]}, {'CONV': [256, 3]}), ({'CONV': [64, 3]}, {'CONV': [256, 3]}, {'POOLMAX': [-1, 2]}), ({'CONV': [64, 3]}, {'CONV': [256, 3]}), ({'CONV': [64, 3]}, {'CONV': [256, 5]}, {'POOLMAX': [-1, 2]}), {'GLOBAL_AVG': None}, {'LAST_DENSE': [100, 'softmax']}]",HHSE,NSGA2,,,,,0.7121700101562167,,,,869000192,3003812,,,,,,"[2, 5, 4, 38, 46, 22, 21, 23]",0.7320217041685434,1.306102267473186e-05,0.0,0.0,0.25,0.0,0.95,0,1,0,100,0,0.01,BEST,False,False,70,True,True,GREEDY,,,GREEDY_HV
BHFZVO[M],9,10,98,98,0.98,True,True,"[2, 12, 4, 38, 46, 6, 13, 23]",[],"[2.6576170042302305, 12.097014469602888, 4.508470655538998, 38.4093773826452, 46.64189628714204, 6.93738676809785, 13.19356012815153, 23.229938661306004]","[{'INP': 32}, {'CONV': [64, 3]}, ({'CONV': [32, 3]}, {'CONV': [64, 3]}), ({'CONV': [32, 5]}, {'CONV': [128, 3]}, {'POOLMAX': [-1, 2]}), ({'CONV': [32, 3]}, {'CONV': [128, 3]}), ({'CONV': [128, 3]}, {'CONV': [256, 3]}, {'POOLMAX': [-1, 2]}), ({'CONV': [128, 5]}, {'CONV': [256, 3]}), ({'CONV': [32, 3]}, {'CONV': [256, 3]}, {'POOLMAX': [-1, 2]}), ({'CONV': [32, 5]}, {'CONV': [128, 5]}), ({'CONV': [64, 3]}, {'CONV': [256, 5]}, {'POOLMAX': [-1, 2]}), {'GLOBAL_AVG': None}, {'LAST_DENSE': [100, 'softmax']}]",HHSE,NSGA2,,,,,0.7123242322932187,,,,713918976,2728612,,,,,,"[2, 12, 4, 38, 46, 6, 13, 23]",0.7326015637361718,-1.624193117533146e-05,0.125,0.375,0.0,0.5,0.98,0,0,0,100,0,0.0,BEST,False,False,65,True,True,GREEDY,,,GREEDY_HV
BHFZVO[M],9,10,99,98,0.99,True,True,"[2, 12, 4, 38, 46, 6, 13, 23]",[],"[2.6576170042302305, 12.097014469602888, 4.508470655538998, 38.4093773826452, 46.64189628714204, 6.93738676809785, 13.19356012815153, 23.229938661306004]","[{'INP': 32}, {'CONV': [64, 3]}, ({'CONV': [32, 3]}, {'CONV': [64, 3]}), ({'CONV': [32, 5]}, {'CONV': [128, 3]}, {'POOLMAX': [-1, 2]}), ({'CONV': [32, 3]}, {'CONV': [128, 3]}), ({'CONV': [128, 3]}, {'CONV': [256, 3]}, {'POOLMAX': [-1, 2]}), ({'CONV': [128, 5]}, {'CONV': [256, 3]}), ({'CONV': [32, 3]}, {'CONV': [256, 3]}, {'POOLMAX': [-1, 2]}), ({'CONV': [32, 5]}, {'CONV': [128, 5]}), ({'CONV': [64, 3]}, {'CONV': [256, 5]}, {'POOLMAX': [-1, 2]}), {'GLOBAL_AVG': None}, {'LAST_DENSE': [100, 'softmax']}]",HHSE,NSGA2,,,,,0.7123242322932187,,,,713918976,2728612,,,,,,"[2, 12, 4, 38, 46, 6, 13, 23]",0.7329314948758675,-6.227365830890896e-06,0.125,0.375,0.0,0.0,0.98,0,0,0,100,0,0.0,BEST,False,False,65,True,True,GREEDY,,,GREEDY_HV
BHFZVO[M],9,10,100,98,1.0,True,True,"[2, 12, 4, 38, 46, 6, 13, 23]",[],"[2.6576170042302305, 12.097014469602888, 4.508470655538998, 38.4093773826452, 46.64189628714204, 6.93738676809785, 13.19356012815153, 23.229938661306004]","[{'INP': 32}, {'CONV': [64, 3]}, ({'CONV': [32, 3]}, {'CONV': [64, 3]}), ({'CONV': [32, 5]}, {'CONV': [128, 3]}, {'POOLMAX': [-1, 2]}), ({'CONV': [32, 3]}, {'CONV': [128, 3]}), ({'CONV': [128, 3]}, {'CONV': [256, 3]}, {'POOLMAX': [-1, 2]}), ({'CONV': [128, 5]}, {'CONV': [256, 3]}), ({'CONV': [32, 3]}, {'CONV': [256, 3]}, {'POOLMAX': [-1, 2]}), ({'CONV': [32, 5]}, {'CONV': [128, 5]}), ({'CONV': [64, 3]}, {'CONV': [256, 5]}, {'POOLMAX': [-1, 2]}), {'GLOBAL_AVG': None}, {'LAST_DENSE': [100, 'softmax']}]",HHSE,NSGA2,,,,,0.7123242322932187,,,,713918976,2728612,,,,,,"[2, 12, 4, 38, 46, 6, 13, 23]",0.7330866407059174,-2.844381520650252e-06,0.125,0.375,0.0,0.0,0.98,0,0,0,100,0,0.0,BEST,False,False,65,True,True,GREEDY,,,GREEDY_HV
BUHHHF,10,11,1,1,0.01,False,False,"[15, 50, 43, 31, 12, 6, 4, 39]",[],"[15.08318032290004, 50.33044969233127, 43.97430813939537, 31.5544372705952, 12.002870884466587, 6.8666762997050395, 4.281017203832101, 39.454970151466306]","[{'INP': 32}, {'CONV': [64, 3]}, ({'CONV': [32, 5]}, {'CONV': [256, 5]}), ({'CONV': [256, 3]}, {'CONV': [64, 3]}, {'POOLMAX': [-1, 2]}), ({'CONV': [128, 5]}, {'CONV': [64, 5]}), ({'CONV': [64, 5]}, {'CONV': [256, 5]}, {'POOLMAX': [-1, 2]}), ({'CONV': [32, 5]}, {'CONV': [128, 3]}), ({'CONV': [32, 3]}, {'CONV': [256, 3]}, {'POOLMAX': [-1, 2]}), ({'CONV': [32, 3]}, {'CONV': [128, 3]}), ({'CONV': [128, 3]}, {'CONV': [256, 5]}, {'POOLMAX': [-1, 2]}), {'GLOBAL_AVG': None}, {'LAST_DENSE': [100, 'softmax']}]",HHSE,NSGA2,,,,,0.6928047934622911,,,,2594137600,3380516,,,,,,,0.6902818337231322,0.0,0.0,0.0,0.0,0.0,0.01,0,17,0,100,0,0.17,BEST,False,False,310,True,True,GREEDY,,,GREEDY_HV
BUHHHF,10,11,2,1,0.02,False,False,"[15, 50, 43, 31, 12, 6, 4, 39]",[],"[15.08318032290004, 50.33044969233127, 43.97430813939537, 31.5544372705952, 12.002870884466587, 6.8666762997050395, 4.281017203832101, 39.454970151466306]","[{'INP': 32}, {'CONV': [64, 3]}, ({'CONV': [32, 5]}, {'CONV': [256, 5]}), ({'CONV': [256, 3]}, {'CONV': [64, 3]}, {'POOLMAX': [-1, 2]}), ({'CONV': [128, 5]}, {'CONV': [64, 5]}), ({'CONV': [64, 5]}, {'CONV': [256, 5]}, {'POOLMAX': [-1, 2]}), ({'CONV': [32, 5]}, {'CONV': [128, 3]}), ({'CONV': [32, 3]}, {'CONV': [256, 3]}, {'POOLMAX': [-1, 2]}), ({'CONV': [32, 3]}, {'CONV': [128, 3]}), ({'CONV': [128, 3]}, {'CONV': [256, 5]}, {'POOLMAX': [-1, 2]}), {'GLOBAL_AVG': None}, {'LAST_DENSE': [100, 'softmax']}]",HHSE,NSGA2,,,,,0.6928047934622911,,,,2594137600,3380516,,,,,,,0.6897825693598142,0.0030364447207104,0.0,0.0,0.0,0.0,0.01,0,1,0,100,0,0.01,BEST,False,False,310,True,True,GREEDY,,,GREEDY_HV
BNRVY[M],10,11,3,3,0.03,True,True,"[7, 0, 39, 3, 12, 61, 55, 55]",[],"[7.924894315644968, 0.10277836541125734, 39.429748317864764, 3.069902403232787, 12.007081489561457, 61.17459578766405, 55.49891436213439, 55.759692647676445]","[{'INP': 32}, {'CONV': [64, 3]}, ({'CONV': [32, 3]}, {'CONV': [256, 5]}), ({'CONV': [32, 3]}, {'CONV': [32, 3]}, {'POOLMAX': [-1, 2]}), ({'CONV': [128, 3]}, {'CONV': [256, 5]}), ({'CONV': [32, 3]}, {'CONV': [64, 5]}, {'POOLMAX': [-1, 2]}), ({'CONV': [32, 5]}, {'CONV': [128, 3]}), ({'CONV': [256, 5]}, {'CONV': [128, 5]}, {'POOLMAX': [-1, 2]}), ({'CONV': [256, 3]}, {'CONV': [256, 5]}), ({'CONV': [256, 3]}, {'CONV': [256, 5]}, {'POOLMAX': [-1, 2]}), {'GLOBAL_AVG': None}, {'LAST_DENSE': [100, 'softmax']}]",HHSE,NSGA2,,,,,0.6961772765453271,,,,1490310144,7212452,,,,,,"[2, 0, 57, 5, 41, 30, 15, 46]",0.6932583184521278,0.0025231437935741,0.5,0.375,0.875,0.875,0.03,0,3,0,100,0,0.03,BEST,False,False,289,True,True,GREEDY,,,GREEDY_HV
BNRVY[M],10,11,4,3,0.04,True,True,"[7, 0, 39, 3, 12, 61, 55, 55]",[],"[7.924894315644968, 0.10277836541125734, 39.429748317864764, 3.069902403232787, 12.007081489561457, 61.17459578766405, 55.49891436213439, 55.759692647676445]","[{'INP': 32}, {'CONV': [64, 3]}, ({'CONV': [32, 3]}, {'CONV': [256, 5]}), ({'CONV': [32, 3]}, {'CONV': [32, 3]}, {'POOLMAX': [-1, 2]}), ({'CONV': [128, 3]}, {'CONV': [256, 5]}), ({'CONV': [32, 3]}, {'CONV': [64, 5]}, {'POOLMAX': [-1, 2]}), ({'CONV': [32, 5]}, {'CONV': [128, 3]}), ({'CONV': [256, 5]}, {'CONV': [128, 5]}, {'POOLMAX': [-1, 2]}), ({'CONV': [256, 3]}, {'CONV': [256, 5]}), ({'CONV': [256, 3]}, {'CONV': [256, 5]}, {'POOLMAX': [-1, 2]}), {'GLOBAL_AVG': None}, {'LAST_DENSE': [100, 'softmax']}]",HHSE,NSGA2,,,,,0.6961772765453271,,,,1490310144,7212452,,,,,,"[2, 0, 57, 5, 41, 30, 15, 46]",0.6987169558207396,-0.0005079352006409,0.5,0.375,0.875,0.0,0.03,0,0,0,100,0,0.0,BEST,False,False,289,True,True,GREEDY,,,GREEDY_HV
BNRVY[M],10,11,5,3,0.05,True,True,"[7, 0, 39, 3, 12, 61, 55, 55]",[],"[7.924894315644968, 0.10277836541125734, 39.429748317864764, 3.069902403232787, 12.007081489561457, 61.17459578766405, 55.49891436213439, 55.759692647676445]","[{'INP': 32}, {'CONV': [64, 3]}, ({'CONV': [32, 3]}, {'CONV': [256, 5]}), ({'CONV': [32, 3]}, {'CONV': [32, 3]}, {'POOLMAX': [-1, 2]}), ({'CONV': [128, 3]}, {'CONV': [256, 5]}), ({'CONV': [32, 3]}, {'CONV': [64, 5]}, {'POOLMAX': [-1, 2]}), ({'CONV': [32, 5]}, {'CONV': [128, 3]}), ({'CONV': [256, 5]}, {'CONV': [128, 5]}, {'POOLMAX': [-1, 2]}), ({'CONV': [256, 3]}, {'CONV': [256, 5]}), ({'CONV': [256, 3]}, {'CONV': [256, 5]}, {'POOLMAX': [-1, 2]}), {'GLOBAL_AVG': None}, {'LAST_DENSE': [100, 'softmax']}]",HHSE,NSGA2,,,,,0.6961772765453271,,,,1490310144,7212452,,,,,,"[2, 0, 57, 5, 41, 30, 15, 46]",0.6996535767239161,-0.0064787967598681,0.5,0.375,0.875,0.0,0.03,0,0,0,100,0,0.0,BEST,False,False,289,True,True,GREEDY,,,GREEDY_HV
BNRVY[M],10,11,6,3,0.06,True,True,"[7, 0, 39, 3, 12, 61, 55, 55]",[],"[7.924894315644968, 0.10277836541125734, 39.429748317864764, 3.069902403232787, 12.007081489561457, 61.17459578766405, 55.49891436213439, 55.759692647676445]","[{'INP': 32}, {'CONV': [64, 3]}, ({'CONV': [32, 3]}, {'CONV': [256, 5]}), ({'CONV': [32, 3]}, {'CONV': [32, 3]}, {'POOLMAX': [-1, 2]}), ({'CONV': [128, 3]}, {'CONV': [256, 5]}), ({'CONV': [32, 3]}, {'CONV': [64, 5]}, {'POOLMAX': [-1, 2]}), ({'CONV': [32, 5]}, {'CONV': [128, 3]}), ({'CONV': [256, 5]}, {'CONV': [128, 5]}, {'POOLMAX': [-1, 2]}), ({'CONV': [256, 3]}, {'CONV': [256, 5]}), ({'CONV': [256, 3]}, {'CONV': [256, 5]}, {'POOLMAX': [-1, 2]}), {'GLOBAL_AVG': None}, {'LAST_DENSE': [100, 'softmax']}]",HHSE,NSGA2,,,,,0.6961772765453271,,,,1490310144,7212452,,,,,,"[2, 0, 57, 5, 41, 30, 15, 46]",0.6998172760116801,-0.0042682191505932,0.5,0.375,0.875,0.0,0.03,0,0,0,100,0,0.0,BEST,False,False,289,True,True,GREEDY,,,GREEDY_HV
BNRVY[M],10,11,7,3,0.07,True,True,"[7, 0, 39, 3, 12, 61, 55, 55]",[],"[7.924894315644968, 0.10277836541125734, 39.429748317864764, 3.069902403232787, 12.007081489561457, 61.17459578766405, 55.49891436213439, 55.759692647676445]","[{'INP': 32}, {'CONV': [64, 3]}, ({'CONV': [32, 3]}, {'CONV': [256, 5]}), ({'CONV': [32, 3]}, {'CONV': [32, 3]}, {'POOLMAX': [-1, 2]}), ({'CONV': [128, 3]}, {'CONV': [256, 5]}), ({'CONV': [32, 3]}, {'CONV': [64, 5]}, {'POOLMAX': [-1, 2]}), ({'CONV': [32, 5]}, {'CONV': [128, 3]}), ({'CONV': [256, 5]}, {'CONV': [128, 5]}, {'POOLMAX': [-1, 2]}), ({'CONV': [256, 3]}, {'CONV': [256, 5]}), ({'CONV': [256, 3]}, {'CONV': [256, 5]}, {'POOLMAX': [-1, 2]}), {'GLOBAL_AVG': None}, {'LAST_DENSE': [100, 'softmax']}]",HHSE,NSGA2,,,,,0.6961772765453271,,,,1490310144,7212452,,,,,,"[2, 0, 57, 5, 41, 30, 15, 46]",0.7050486530799319,-0.0013963438021803,0.5,0.375,0.875,0.0,0.03,0,1,0,100,0,0.01,BEST,False,False,289,True,True,GREEDY,,,GREEDY_HV
BNRVY[M],10,11,8,3,0.08,True,True,"[7, 0, 39, 3, 12, 61, 55, 55]",[],"[7.924894315644968, 0.10277836541125734, 39.429748317864764, 3.069902403232787, 12.007081489561457, 61.17459578766405, 55.49891436213439, 55.759692647676445]","[{'INP': 32}, {'CONV': [64, 3]}, ({'CONV': [32, 3]}, {'CONV': [256, 5]}), ({'CONV': [32, 3]}, {'CONV': [32, 3]}, {'POOLMAX': [-1, 2]}), ({'CONV': [128, 3]}, {'CONV': [256, 5]}), ({'CONV': [32, 3]}, {'CONV': [64, 5]}, {'POOLMAX': [-1, 2]}), ({'CONV': [32, 5]}, {'CONV': [128, 3]}), ({'CONV': [256, 5]}, {'CONV': [128, 5]}, {'POOLMAX': [-1, 2]}), ({'CONV': [256, 3]}, {'CONV': [256, 5]}), ({'CONV': [256, 3]}, {'CONV': [256, 5]}, {'POOLMAX': [-1, 2]}), {'GLOBAL_AVG': None}, {'LAST_DENSE': [100, 'softmax']}]",HHSE,NSGA2,,,,,0.6961772765453271,,,,1490310144,7212452,,,,,,"[2, 0, 57, 5, 41, 30, 15, 46]",0.7085483753271742,-0.0021186643690261,0.5,0.375,0.875,0.0,0.03,0,0,0,100,0,0.0,BEST,False,False,289,True,True,GREEDY,,,GREEDY_HV
BNRVY[M],10,11,9,3,0.09,True,True,"[7, 0, 39, 3, 12, 61, 55, 55]",[],"[7.924894315644968, 0.10277836541125734, 39.429748317864764, 3.069902403232787, 12.007081489561457, 61.17459578766405, 55.49891436213439, 55.759692647676445]","[{'INP': 32}, {'CONV': [64, 3]}, ({'CONV': [32, 3]}, {'CONV': [256, 5]}), ({'CONV': [32, 3]}, {'CONV': [32, 3]}, {'POOLMAX': [-1, 2]}), ({'CONV': [128, 3]}, {'CONV': [256, 5]}), ({'CONV': [32, 3]}, {'CONV': [64, 5]}, {'POOLMAX': [-1, 2]}), ({'CONV': [32, 5]}, {'CONV': [128, 3]}), ({'CONV': [256, 5]}, {'CONV': [128, 5]}, {'POOLMAX': [-1, 2]}), ({'CONV': [256, 3]}, {'CONV': [256, 5]}), ({'CONV': [256, 3]}, {'CONV': [256, 5]}, {'POOLMAX': [-1, 2]}), {'GLOBAL_AVG': None}, {'LAST_DENSE': [100, 'softmax']}]",HHSE,NSGA2,,,,,0.6961772765453271,,,,1490310144,7212452,,,,,,"[2, 0, 57, 5, 41, 30, 15, 46]",0.7086499057368929,-0.0039314289741947,0.5,0.375,0.875,0.0,0.03,0,0,0,100,0,0.0,BEST,False,False,289,True,True,GREEDY,,,GREEDY_HV
BNRVY[M],10,11,10,3,0.1,True,True,"[7, 0, 39, 3, 12, 61, 55, 55]",[],"[7.924894315644968, 0.10277836541125734, 39.429748317864764, 3.069902403232787, 12.007081489561457, 61.17459578766405, 55.49891436213439, 55.759692647676445]","[{'INP': 32}, {'CONV': [64, 3]}, ({'CONV': [32, 3]}, {'CONV': [256, 5]}), ({'CONV': [32, 3]}, {'CONV': [32, 3]}, {'POOLMAX': [-1, 2]}), ({'CONV': [128, 3]}, {'CONV': [256, 5]}), ({'CONV': [32, 3]}, {'CONV': [64, 5]}, {'POOLMAX': [-1, 2]}), ({'CONV': [32, 5]}, {'CONV': [128, 3]}), ({'CONV': [256, 5]}, {'CONV': [128, 5]}, {'POOLMAX': [-1, 2]}), ({'CONV': [256, 3]}, {'CONV': [256, 5]}), ({'CONV': [256, 3]}, {'CONV': [256, 5]}, {'POOLMAX': [-1, 2]}), {'GLOBAL_AVG': None}, {'LAST_DENSE': [100, 'softmax']}]",HHSE,NSGA2,,,,,0.6961772765453271,,,,1490310144,7212452,,,,,,"[2, 0, 57, 5, 41, 30, 15, 46]",0.7087168578050845,-0.0001331693220411,0.5,0.375,0.875,0.0,0.03,0,1,0,100,0,0.01,BEST,False,False,289,True,True,GREEDY,,,GREEDY_HV
BNRVY[M],10,11,11,3,0.11,True,True,"[7, 0, 39, 3, 12, 61, 55, 55]",[],"[7.924894315644968, 0.10277836541125734, 39.429748317864764, 3.069902403232787, 12.007081489561457, 61.17459578766405, 55.49891436213439, 55.759692647676445]","[{'INP': 32}, {'CONV': [64, 3]}, ({'CONV': [32, 3]}, {'CONV': [256, 5]}), ({'CONV': [32, 3]}, {'CONV': [32, 3]}, {'POOLMAX': [-1, 2]}), ({'CONV': [128, 3]}, {'CONV': [256, 5]}), ({'CONV': [32, 3]}, {'CONV': [64, 5]}, {'POOLMAX': [-1, 2]}), ({'CONV': [32, 5]}, {'CONV': [128, 3]}), ({'CONV': [256, 5]}, {'CONV': [128, 5]}, {'POOLMAX': [-1, 2]}), ({'CONV': [256, 3]}, {'CONV': [256, 5]}), ({'CONV': [256, 3]}, {'CONV': [256, 5]}, {'POOLMAX': [-1, 2]}), {'GLOBAL_AVG': None}, {'LAST_DENSE': [100, 'softmax']}]",HHSE,NSGA2,,,,,0.6961772765453271,,,,1490310144,7212452,,,,,,"[2, 0, 57, 5, 41, 30, 15, 46]",0.7089616711894897,-0.0002995873902917,0.5,0.375,0.875,0.0,0.03,0,0,0,100,0,0.0,BEST,False,False,289,True,True,GREEDY,,,GREEDY_HV
BNRVY[M],10,11,12,3,0.12,True,True,"[7, 0, 39, 3, 12, 61, 55, 55]",[],"[7.924894315644968, 0.10277836541125734, 39.429748317864764, 3.069902403232787, 12.007081489561457, 61.17459578766405, 55.49891436213439, 55.759692647676445]","[{'INP': 32}, {'CONV': [64, 3]}, ({'CONV': [32, 3]}, {'CONV': [256, 5]}), ({'CONV': [32, 3]}, {'CONV': [32, 3]}, {'POOLMAX': [-1, 2]}), ({'CONV': [128, 3]}, {'CONV': [256, 5]}), ({'CONV': [32, 3]}, {'CONV': [64, 5]}, {'POOLMAX': [-1, 2]}), ({'CONV': [32, 5]}, {'CONV': [128, 3]}), ({'CONV': [256, 5]}, {'CONV': [128, 5]}, {'POOLMAX': [-1, 2]}), ({'CONV': [256, 3]}, {'CONV': [256, 5]}), ({'CONV': [256, 3]}, {'CONV': [256, 5]}, {'POOLMAX': [-1, 2]}), {'GLOBAL_AVG': None}, {'LAST_DENSE': [100, 'softmax']}]",HHSE,NSGA2,,,,,0.6961772765453271,,,,1490310144,7212452,,,,,,"[2, 0, 57, 5, 41, 30, 15, 46]",0.7088936684692924,-0.0053370013162634,0.5,0.375,0.875,0.0,0.03,0,0,0,100,0,0.0,BEST,False,False,289,True,True,GREEDY,,,GREEDY_HV
BNRVY[M],10,11,13,3,0.13,True,True,"[7, 0, 39, 3, 12, 61, 55, 55]",[],"[7.924894315644968, 0.10277836541125734, 39.429748317864764, 3.069902403232787, 12.007081489561457, 61.17459578766405, 55.49891436213439, 55.759692647676445]","[{'INP': 32}, {'CONV': [64, 3]}, ({'CONV': [32, 3]}, {'CONV': [256, 5]}), ({'CONV': [32, 3]}, {'CONV': [32, 3]}, {'POOLMAX': [-1, 2]}), ({'CONV': [128, 3]}, {'CONV': [256, 5]}), ({'CONV': [32, 3]}, {'CONV': [64, 5]}, {'POOLMAX': [-1, 2]}), ({'CONV': [32, 5]}, {'CONV': [128, 3]}), ({'CONV': [256, 5]}, {'CONV': [128, 5]}, {'POOLMAX': [-1, 2]}), ({'CONV': [256, 3]}, {'CONV': [256, 5]}), ({'CONV': [256, 3]}, {'CONV': [256, 5]}, {'POOLMAX': [-1, 2]}), {'GLOBAL_AVG': None}, {'LAST_DENSE': [100, 'softmax']}]",HHSE,NSGA2,,,,,0.6961772765453271,,,,1490310144,7212452,,,,,,"[2, 0, 57, 5, 41, 30, 15, 46]",0.7091174653535679,-0.0029522465746292,0.5,0.375,0.875,0.0,0.03,0,1,0,100,0,0.01,BEST,False,False,289,True,True,GREEDY,,,GREEDY_HV
BNRVY[M],10,11,14,3,0.14,True,True,"[7, 0, 39, 3, 12, 61, 55, 55]",[],"[7.924894315644968, 0.10277836541125734, 39.429748317864764, 3.069902403232787, 12.007081489561457, 61.17459578766405, 55.49891436213439, 55.759692647676445]","[{'INP': 32}, {'CONV': [64, 3]}, ({'CONV': [32, 3]}, {'CONV': [256, 5]}), ({'CONV': [32, 3]}, {'CONV': [32, 3]}, {'POOLMAX': [-1, 2]}), ({'CONV': [128, 3]}, {'CONV': [256, 5]}), ({'CONV': [32, 3]}, {'CONV': [64, 5]}, {'POOLMAX': [-1, 2]}), ({'CONV': [32, 5]}, {'CONV': [128, 3]}), ({'CONV': [256, 5]}, {'CONV': [128, 5]}, {'POOLMAX': [-1, 2]}), ({'CONV': [256, 3]}, {'CONV': [256, 5]}), ({'CONV': [256, 3]}, {'CONV': [256, 5]}, {'POOLMAX': [-1, 2]}), {'GLOBAL_AVG': None}, {'LAST_DENSE': [100, 'softmax']}]",HHSE,NSGA2,,,,,0.6961772765453271,,,,1490310144,7212452,,,,,,"[2, 0, 57, 5, 41, 30, 15, 46]",0.712801143352474,0.0004957385206723,0.5,0.375,0.875,0.0,0.03,0,2,0,100,0,0.02,BEST,False,False,289,True,True,GREEDY,,,GREEDY_HV
BNRVY[M],10,11,15,3,0.15,True,True,"[7, 0, 39, 3, 12, 61, 55, 55]",[],"[7.924894315644968, 0.10277836541125734, 39.429748317864764, 3.069902403232787, 12.007081489561457, 61.17459578766405, 55.49891436213439, 55.759692647676445]","[{'INP': 32}, {'CONV': [64, 3]}, ({'CONV': [32, 3]}, {'CONV': [256, 5]}), ({'CONV': [32, 3]}, {'CONV': [32, 3]}, {'POOLMAX': [-1, 2]}), ({'CONV': [128, 3]}, {'CONV': [256, 5]}), ({'CONV': [32, 3]}, {'CONV': [64, 5]}, {'POOLMAX': [-1, 2]}), ({'CONV': [32, 5]}, {'CONV': [128, 3]}), ({'CONV': [256, 5]}, {'CONV': [128, 5]}, {'POOLMAX': [-1, 2]}), ({'CONV': [256, 3]}, {'CONV': [256, 5]}), ({'CONV': [256, 3]}, {'CONV': [256, 5]}, {'POOLMAX': [-1, 2]}), {'GLOBAL_AVG': None}, {'LAST_DENSE': [100, 'softmax']}]",HHSE,NSGA2,,,,,0.6961772765453271,,,,1490310144,7212452,,,,,,"[2, 0, 57, 5, 41, 30, 15, 46]",0.711608145757039,-0.0015834993140725,0.5,0.375,0.875,0.0,0.03,0,0,0,100,0,0.0,BEST,False,False,289,True,True,GREEDY,,,GREEDY_HV
BNRVY[M],10,11,16,3,0.16,True,True,"[7, 0, 39, 3, 12, 61, 55, 55]",[],"[7.924894315644968, 0.10277836541125734, 39.429748317864764, 3.069902403232787, 12.007081489561457, 61.17459578766405, 55.49891436213439, 55.759692647676445]","[{'INP': 32}, {'CONV': [64, 3]}, ({'CONV': [32, 3]}, {'CONV': [256, 5]}), ({'CONV': [32, 3]}, {'CONV': [32, 3]}, {'POOLMAX': [-1, 2]}), ({'CONV': [128, 3]}, {'CONV': [256, 5]}), ({'CONV': [32, 3]}, {'CONV': [64, 5]}, {'POOLMAX': [-1, 2]}), ({'CONV': [32, 5]}, {'CONV': [128, 3]}), ({'CONV': [256, 5]}, {'CONV': [128, 5]}, {'POOLMAX': [-1, 2]}), ({'CONV': [256, 3]}, {'CONV': [256, 5]}), ({'CONV': [256, 3]}, {'CONV': [256, 5]}, {'POOLMAX': [-1, 2]}), {'GLOBAL_AVG': None}, {'LAST_DENSE': [100, 'softmax']}]",HHSE,NSGA2,,,,,0.6961772765453271,,,,1490310144,7212452,,,,,,"[2, 0, 57, 5, 41, 30, 15, 46]",0.7113502812398795,-8.131444472025962e-05,0.5,0.375,0.875,0.0,0.03,0,0,0,100,0,0.0,BEST,False,False,289,True,True,GREEDY,,,GREEDY_HV
BNRVY[M],10,11,17,3,0.17,True,True,"[7, 0, 39, 3, 12, 61, 55, 55]",[],"[7.924894315644968, 0.10277836541125734, 39.429748317864764, 3.069902403232787, 12.007081489561457, 61.17459578766405, 55.49891436213439, 55.759692647676445]","[{'INP': 32}, {'CONV': [64, 3]}, ({'CONV': [32, 3]}, {'CONV': [256, 5]}), ({'CONV': [32, 3]}, {'CONV': [32, 3]}, {'POOLMAX': [-1, 2]}), ({'CONV': [128, 3]}, {'CONV': [256, 5]}), ({'CONV': [32, 3]}, {'CONV': [64, 5]}, {'POOLMAX': [-1, 2]}), ({'CONV': [32, 5]}, {'CONV': [128, 3]}), ({'CONV': [256, 5]}, {'CONV': [128, 5]}, {'POOLMAX': [-1, 2]}), ({'CONV': [256, 3]}, {'CONV': [256, 5]}), ({'CONV': [256, 3]}, {'CONV': [256, 5]}, {'POOLMAX': [-1, 2]}), {'GLOBAL_AVG': None}, {'LAST_DENSE': [100, 'softmax']}]",HHSE,NSGA2,,,,,0.6961772765453271,,,,1490310144,7212452,,,,,,"[2, 0, 57, 5, 41, 30, 15, 46]",0.711458599230571,-0.0016516566324324,0.5,0.375,0.875,0.0,0.03,0,0,0,100,0,0.0,BEST,False,False,289,True,True,GREEDY,,,GREEDY_HV
BNRVY[M],10,11,18,3,0.18,True,True,"[7, 0, 39, 3, 12, 61, 55, 55]",[],"[7.924894315644968, 0.10277836541125734, 39.429748317864764, 3.069902403232787, 12.007081489561457, 61.17459578766405, 55.49891436213439, 55.759692647676445]","[{'INP': 32}, {'CONV': [64, 3]}, ({'CONV': [32, 3]}, {'CONV': [256, 5]}), ({'CONV': [32, 3]}, {'CONV': [32, 3]}, {'POOLMAX': [-1, 2]}), ({'CONV': [128, 3]}, {'CONV': [256, 5]}), ({'CONV': [32, 3]}, {'CONV': [64, 5]}, {'POOLMAX': [-1, 2]}), ({'CONV': [32, 5]}, {'CONV': [128, 3]}), ({'CONV': [256, 5]}, {'CONV': [128, 5]}, {'POOLMAX': [-1, 2]}), ({'CONV': [256, 3]}, {'CONV': [256, 5]}), ({'CONV': [256, 3]}, {'CONV': [256, 5]}, {'POOLMAX': [-1, 2]}), {'GLOBAL_AVG': None}, {'LAST_DENSE': [100, 'softmax']}]",HHSE,NSGA2,,,,,0.6961772765453271,,,,1490310144,7212452,,,,,,"[2, 0, 57, 5, 41, 30, 15, 46]",0.7115772996701624,-0.0003310145342931,0.5,0.375,0.875,0.0,0.03,0,0,0,100,0,0.0,BEST,False,False,289,True,True,GREEDY,,,GREEDY_HV
BNRVY[M],10,11,19,3,0.19,True,True,"[7, 0, 39, 3, 12, 61, 55, 55]",[],"[7.924894315644968, 0.10277836541125734, 39.429748317864764, 3.069902403232787, 12.007081489561457, 61.17459578766405, 55.49891436213439, 55.759692647676445]","[{'INP': 32}, {'CONV': [64, 3]}, ({'CONV': [32, 3]}, {'CONV': [256, 5]}), ({'CONV': [32, 3]}, {'CONV': [32, 3]}, {'POOLMAX': [-1, 2]}), ({'CONV': [128, 3]}, {'CONV': [256, 5]}), ({'CONV': [32, 3]}, {'CONV': [64, 5]}, {'POOLMAX': [-1, 2]}), ({'CONV': [32, 5]}, {'CONV': [128, 3]}), ({'CONV': [256, 5]}, {'CONV': [128, 5]}, {'POOLMAX': [-1, 2]}), ({'CONV': [256, 3]}, {'CONV': [256, 5]}), ({'CONV': [256, 3]}, {'CONV': [256, 5]}, {'POOLMAX': [-1, 2]}), {'GLOBAL_AVG': None}, {'LAST_DENSE': [100, 'softmax']}]",HHSE,NSGA2,,,,,0.6961772765453271,,,,1490310144,7212452,,,,,,"[2, 0, 57, 5, 41, 30, 15, 46]",0.7118611359314759,-0.0019096242942538,0.5,0.375,0.875,0.0,0.03,0,1,0,100,0,0.01,BEST,False,False,289,True,True,GREEDY,,,GREEDY_HV
BYXOXG[M],10,11,20,20,0.2,True,True,"[14, 39, 38, 26, 39, 41, 6, 62]",[],"[14.51267355032085, 39.69599777473017, 38.40613073094633, 26.50042827661373, 39.84046900713478, 41.71405894992334, 6.446359791406756, 62.40757780270032]","[{'INP': 32}, {'CONV': [64, 3]}, ({'CONV': [32, 5]}, {'CONV': [256, 3]}), ({'CONV': [128, 3]}, {'CONV': [256, 5]}, {'POOLMAX': [-1, 2]}), ({'CONV': [128, 3]}, {'CONV': [256, 3]}), ({'CONV': [64, 5]}, {'CONV': [64, 3]}, {'POOLMAX': [-1, 2]}), ({'CONV': [128, 3]}, {'CONV': [256, 5]}), ({'CONV': [128, 5]}, {'CONV': [32, 5]}, {'POOLMAX': [-1, 2]}), ({'CONV': [32, 3]}, {'CONV': [256, 3]}), ({'CONV': [256, 5]}, {'CONV': [256, 3]}, {'POOLMAX': [-1, 2]}), {'GLOBAL_AVG': None}, {'LAST_DENSE': [100, 'softmax']}]",HHSE,NSGA2,,,,,0.6982722344088617,,,,3383741952,6438820,,,,,,"[3, 31, 0, 38, 35, 39, 24, 61]",0.7117442307572526,-0.0001507383245394,0.125,0.75,1.0,1.0,0.2,0,0,0,100,0,0.0,BEST,False,False,268,True,True,GREEDY,,,GREEDY_HV
BYXOXG[M],10,11,21,20,0.21,True,True,"[14, 39, 38, 26, 39, 41, 6, 62]",[],"[14.51267355032085, 39.69599777473017, 38.40613073094633, 26.50042827661373, 39.84046900713478, 41.71405894992334, 6.446359791406756, 62.40757780270032]","[{'INP': 32}, {'CONV': [64, 3]}, ({'CONV': [32, 5]}, {'CONV': [256, 3]}), ({'CONV': [128, 3]}, {'CONV': [256, 5]}, {'POOLMAX': [-1, 2]}), ({'CONV': [128, 3]}, {'CONV': [256, 3]}), ({'CONV': [64, 5]}, {'CONV': [64, 3]}, {'POOLMAX': [-1, 2]}), ({'CONV': [128, 3]}, {'CONV': [256, 5]}), ({'CONV': [128, 5]}, {'CONV': [32, 5]}, {'POOLMAX': [-1, 2]}), ({'CONV': [32, 3]}, {'CONV': [256, 3]}), ({'CONV': [256, 5]}, {'CONV': [256, 3]}, {'POOLMAX': [-1, 2]}), {'GLOBAL_AVG': None}, {'LAST_DENSE': [100, 'softmax']}]",HHSE,NSGA2,,,,,0.6982722344088617,,,,3383741952,6438820,,,,,,"[3, 31, 0, 38, 35, 39, 24, 61]",0.7131107216206052,-0.0009919381445688,0.125,0.75,1.0,0.0,0.2,0,0,0,100,0,0.0,BEST,False,False,268,True,True,GREEDY,,,GREEDY_HV
BYXOXG[M],10,11,22,20,0.22,True,True,"[14, 39, 38, 26, 39, 41, 6, 62]",[],"[14.51267355032085, 39.69599777473017, 38.40613073094633, 26.50042827661373, 39.84046900713478, 41.71405894992334, 6.446359791406756, 62.40757780270032]","[{'INP': 32}, {'CONV': [64, 3]}, ({'CONV': [32, 5]}, {'CONV': [256, 3]}), ({'CONV': [128, 3]}, {'CONV': [256, 5]}, {'POOLMAX': [-1, 2]}), ({'CONV': [128, 3]}, {'CONV': [256, 3]}), ({'CONV': [64, 5]}, {'CONV': [64, 3]}, {'POOLMAX': [-1, 2]}), ({'CONV': [128, 3]}, {'CONV': [256, 5]}), ({'CONV': [128, 5]}, {'CONV': [32, 5]}, {'POOLMAX': [-1, 2]}), ({'CONV': [32, 3]}, {'CONV': [256, 3]}), ({'CONV': [256, 5]}, {'CONV': [256, 3]}, {'POOLMAX': [-1, 2]}), {'GLOBAL_AVG': None}, {'LAST_DENSE': [100, 'softmax']}]",HHSE,NSGA2,,,,,0.6982722344088617,,,,3383741952,6438820,,,,,,"[3, 31, 0, 38, 35, 39, 24, 61]",0.7131831776458031,-5.192009047461088e-05,0.125,0.75,1.0,0.0,0.2,0,1,0,100,0,0.01,BEST,False,False,268,True,True,GREEDY,,,GREEDY_HV
BXIAFP[M],10,11,23,23,0.23,True,True,"[2, 5, 18, 38, 62, 61, 11, 62]",[],"[2.197373865947857, 5.5494715690979595, 18.56543579577238, 38.17684270049879, 62.86736552980715, 61.234197765570244, 11.482752171695326, 62.48226523540895]","[{'INP': 32}, {'CONV': [64, 3]}, ({'CONV': [32, 3]}, {'CONV': [64, 3]}), ({'CONV': [32, 3]}, {'CONV': [128, 5]}, {'POOLMAX': [-1, 2]}), ({'CONV': [64, 3]}, {'CONV': [64, 3]}), ({'CONV': [128, 3]}, {'CONV': [256, 3]}, {'POOLMAX': [-1, 2]}), ({'CONV': [256, 5]}, {'CONV': [256, 3]}), ({'CONV': [256, 5]}, {'CONV': [128, 5]}, {'POOLMAX': [-1, 2]}), ({'CONV': [32, 5]}, {'CONV': [64, 5]}), ({'CONV': [256, 5]}, {'CONV': [256, 3]}, {'POOLMAX': [-1, 2]}), {'GLOBAL_AVG': None}, {'LAST_DENSE': [100, 'softmax']}]",HHSE,NSGA2,,,,,0.7060476972817717,,,,1212066304,6512548,,,,,,"[0, 0, 53, 38, 62, 55, 14, 62]",0.7131284759244527,-0.001130926342866,0.375,0.375,0.625,0.875,0.23,0,0,0,100,0,0.0,BEST,False,False,174,True,True,GREEDY,,,GREEDY_HV
BXIAFP[M],10,11,24,23,0.24,True,True,"[2, 5, 18, 38, 62, 61, 11, 62]",[],"[2.197373865947857, 5.5494715690979595, 18.56543579577238, 38.17684270049879, 62.86736552980715, 61.234197765570244, 11.482752171695326, 62.48226523540895]","[{'INP': 32}, {'CONV': [64, 3]}, ({'CONV': [32, 3]}, {'CONV': [64, 3]}), ({'CONV': [32, 3]}, {'CONV': [128, 5]}, {'POOLMAX': [-1, 2]}), ({'CONV': [64, 3]}, {'CONV': [64, 3]}), ({'CONV': [128, 3]}, {'CONV': [256, 3]}, {'POOLMAX': [-1, 2]}), ({'CONV': [256, 5]}, {'CONV': [256, 3]}), ({'CONV': [256, 5]}, {'CONV': [128, 5]}, {'POOLMAX': [-1, 2]}), ({'CONV': [32, 5]}, {'CONV': [64, 5]}), ({'CONV': [256, 5]}, {'CONV': [256, 3]}, {'POOLMAX': [-1, 2]}), {'GLOBAL_AVG': None}, {'LAST_DENSE': [100, 'softmax']}]",HHSE,NSGA2,,,,,0.7060476972817717,,,,1212066304,6512548,,,,,,"[0, 0, 53, 38, 62, 55, 14, 62]",0.719067243112548,-0.0009819449950099,0.375,0.375,0.625,0.0,0.23,0,0,0,100,0,0.0,BEST,False,False,174,True,True,GREEDY,,,GREEDY_HV
BXIAFP[M],10,11,25,23,0.25,True,True,"[2, 5, 18, 38, 62, 61, 11, 62]",[],"[2.197373865947857, 5.5494715690979595, 18.56543579577238, 38.17684270049879, 62.86736552980715, 61.234197765570244, 11.482752171695326, 62.48226523540895]","[{'INP': 32}, {'CONV': [64, 3]}, ({'CONV': [32, 3]}, {'CONV': [64, 3]}), ({'CONV': [32, 3]}, {'CONV': [128, 5]}, {'POOLMAX': [-1, 2]}), ({'CONV': [64, 3]}, {'CONV': [64, 3]}), ({'CONV': [128, 3]}, {'CONV': [256, 3]}, {'POOLMAX': [-1, 2]}), ({'CONV': [256, 5]}, {'CONV': [256, 3]}), ({'CONV': [256, 5]}, {'CONV': [128, 5]}, {'POOLMAX': [-1, 2]}), ({'CONV': [32, 5]}, {'CONV': [64, 5]}), ({'CONV': [256, 5]}, {'CONV': [256, 3]}, {'POOLMAX': [-1, 2]}), {'GLOBAL_AVG': None}, {'LAST_DENSE': [100, 'softmax']}]",HHSE,NSGA2,,,,,0.7060476972817717,,,,1212066304,6512548,,,,,,"[0, 0, 53, 38, 62, 55, 14, 62]",0.7190875072908629,-0.0003649136166181,0.375,0.375,0.625,0.0,0.23,0,0,0,100,0,0.0,BEST,False,False,174,True,True,GREEDY,,,GREEDY_HV
BXIAFP[M],10,11,26,23,0.26,True,True,"[2, 5, 18, 38, 62, 61, 11, 62]",[],"[2.197373865947857, 5.5494715690979595, 18.56543579577238, 38.17684270049879, 62.86736552980715, 61.234197765570244, 11.482752171695326, 62.48226523540895]","[{'INP': 32}, {'CONV': [64, 3]}, ({'CONV': [32, 3]}, {'CONV': [64, 3]}), ({'CONV': [32, 3]}, {'CONV': [128, 5]}, {'POOLMAX': [-1, 2]}), ({'CONV': [64, 3]}, {'CONV': [64, 3]}), ({'CONV': [128, 3]}, {'CONV': [256, 3]}, {'POOLMAX': [-1, 2]}), ({'CONV': [256, 5]}, {'CONV': [256, 3]}), ({'CONV': [256, 5]}, {'CONV': [128, 5]}, {'POOLMAX': [-1, 2]}), ({'CONV': [32, 5]}, {'CONV': [64, 5]}), ({'CONV': [256, 5]}, {'CONV': [256, 3]}, {'POOLMAX': [-1, 2]}), {'GLOBAL_AVG': None}, {'LAST_DENSE': [100, 'softmax']}]",HHSE,NSGA2,,,,,0.7060476972817717,,,,1212066304,6512548,,,,,,"[0, 0, 53, 38, 62, 55, 14, 62]",0.7191109916736902,-0.0009997550013285,0.375,0.375,0.625,0.0,0.23,0,0,0,100,0,0.0,BEST,False,False,174,True,True,GREEDY,,,GREEDY_HV
BXIAFP[M],10,11,27,23,0.27,True,True,"[2, 5, 18, 38, 62, 61, 11, 62]",[],"[2.197373865947857, 5.5494715690979595, 18.56543579577238, 38.17684270049879, 62.86736552980715, 61.234197765570244, 11.482752171695326, 62.48226523540895]","[{'INP': 32}, {'CONV': [64, 3]}, ({'CONV': [32, 3]}, {'CONV': [64, 3]}), ({'CONV': [32, 3]}, {'CONV': [128, 5]}, {'POOLMAX': [-1, 2]}), ({'CONV': [64, 3]}, {'CONV': [64, 3]}), ({'CONV': [128, 3]}, {'CONV': [256, 3]}, {'POOLMAX': [-1, 2]}), ({'CONV': [256, 5]}, {'CONV': [256, 3]}), ({'CONV': [256, 5]}, {'CONV': [128, 5]}, {'POOLMAX': [-1, 2]}), ({'CONV': [32, 5]}, {'CONV': [64, 5]}), ({'CONV': [256, 5]}, {'CONV': [256, 3]}, {'POOLMAX': [-1, 2]}), {'GLOBAL_AVG': None}, {'LAST_DENSE': [100, 'softmax']}]",HHSE,NSGA2,,,,,0.7060476972817717,,,,1212066304,6512548,,,,,,"[0, 0, 53, 38, 62, 55, 14, 62]",0.719205155616931,-0.0004968310853287,0.375,0.375,0.625,0.0,0.23,0,0,0,100,0,0.0,BEST,False,False,174,True,True,GREEDY,,,GREEDY_HV
BXIAFP[M],10,11,28,23,0.28,True,True,"[2, 5, 18, 38, 62, 61, 11, 62]",[],"[2.197373865947857, 5.5494715690979595, 18.56543579577238, 38.17684270049879, 62.86736552980715, 61.234197765570244, 11.482752171695326, 62.48226523540895]","[{'INP': 32}, {'CONV': [64, 3]}, ({'CONV': [32, 3]}, {'CONV': [64, 3]}), ({'CONV': [32, 3]}, {'CONV': [128, 5]}, {'POOLMAX': [-1, 2]}), ({'CONV': [64, 3]}, {'CONV': [64, 3]}), ({'CONV': [128, 3]}, {'CONV': [256, 3]}, {'POOLMAX': [-1, 2]}), ({'CONV': [256, 5]}, {'CONV': [256, 3]}), ({'CONV': [256, 5]}, {'CONV': [128, 5]}, {'POOLMAX': [-1, 2]}), ({'CONV': [32, 5]}, {'CONV': [64, 5]}), ({'CONV': [256, 5]}, {'CONV': [256, 3]}, {'POOLMAX': [-1, 2]}), {'GLOBAL_AVG': None}, {'LAST_DENSE': [100, 'softmax']}]",HHSE,NSGA2,,,,,0.7060476972817717,,,,1212066304,6512548,,,,,,"[0, 0, 53, 38, 62, 55, 14, 62]",0.7196871856830567,-0.0008697256259658,0.375,0.375,0.625,0.0,0.23,0,0,0,100,0,0.0,BEST,False,False,174,True,True,GREEDY,,,GREEDY_HV
BXIAFP[M],10,11,29,23,0.29,True,True,"[2, 5, 18, 38, 62, 61, 11, 62]",[],"[2.197373865947857, 5.5494715690979595, 18.56543579577238, 38.17684270049879, 62.86736552980715, 61.234197765570244, 11.482752171695326, 62.48226523540895]","[{'INP': 32}, {'CONV': [64, 3]}, ({'CONV': [32, 3]}, {'CONV': [64, 3]}), ({'CONV': [32, 3]}, {'CONV': [128, 5]}, {'POOLMAX': [-1, 2]}), ({'CONV': [64, 3]}, {'CONV': [64, 3]}), ({'CONV': [128, 3]}, {'CONV': [256, 3]}, {'POOLMAX': [-1, 2]}), ({'CONV': [256, 5]}, {'CONV': [256, 3]}), ({'CONV': [256, 5]}, {'CONV': [128, 5]}, {'POOLMAX': [-1, 2]}), ({'CONV': [32, 5]}, {'CONV': [64, 5]}), ({'CONV': [256, 5]}, {'CONV': [256, 3]}, {'POOLMAX': [-1, 2]}), {'GLOBAL_AVG': None}, {'LAST_DENSE': [100, 'softmax']}]",HHSE,NSGA2,,,,,0.7060476972817717,,,,1212066304,6512548,,,,,,"[0, 0, 53, 38, 62, 55, 14, 62]",0.7196291726490596,-9.00524451162843e-05,0.375,0.375,0.625,0.0,0.23,0,0,0,100,0,0.0,BEST,False,False,174,True,True,GREEDY,,,GREEDY_HV
BXIAFP[M],10,11,30,23,0.3,True,True,"[2, 5, 18, 38, 62, 61, 11, 62]",[],"[2.197373865947857, 5.5494715690979595, 18.56543579577238, 38.17684270049879, 62.86736552980715, 61.234197765570244, 11.482752171695326, 62.48226523540895]","[{'INP': 32}, {'CONV': [64, 3]}, ({'CONV': [32, 3]}, {'CONV': [64, 3]}), ({'CONV': [32, 3]}, {'CONV': [128, 5]}, {'POOLMAX': [-1, 2]}), ({'CONV': [64, 3]}, {'CONV': [64, 3]}), ({'CONV': [128, 3]}, {'CONV': [256, 3]}, {'POOLMAX': [-1, 2]}), ({'CONV': [256, 5]}, {'CONV': [256, 3]}), ({'CONV': [256, 5]}, {'CONV': [128, 5]}, {'POOLMAX': [-1, 2]}), ({'CONV': [32, 5]}, {'CONV': [64, 5]}), ({'CONV': [256, 5]}, {'CONV': [256, 3]}, {'POOLMAX': [-1, 2]}), {'GLOBAL_AVG': None}, {'LAST_DENSE': [100, 'softmax']}]",HHSE,NSGA2,,,,,0.7060476972817717,,,,1212066304,6512548,,,,,,"[0, 0, 53, 38, 62, 55, 14, 62]",0.7197465015115331,-0.000729464650179,0.375,0.375,0.625,0.0,0.23,0,0,0,100,0,0.0,BEST,False,False,174,True,True,GREEDY,,,GREEDY_HV
BXIAFP[M],10,11,31,23,0.31,True,True,"[2, 5, 18, 38, 62, 61, 11, 62]",[],"[2.197373865947857, 5.5494715690979595, 18.56543579577238, 38.17684270049879, 62.86736552980715, 61.234197765570244, 11.482752171695326, 62.48226523540895]","[{'INP': 32}, {'CONV': [64, 3]}, ({'CONV': [32, 3]}, {'CONV': [64, 3]}), ({'CONV': [32, 3]}, {'CONV': [128, 5]}, {'POOLMAX': [-1, 2]}), ({'CONV': [64, 3]}, {'CONV': [64, 3]}), ({'CONV': [128, 3]}, {'CONV': [256, 3]}, {'POOLMAX': [-1, 2]}), ({'CONV': [256, 5]}, {'CONV': [256, 3]}), ({'CONV': [256, 5]}, {'CONV': [128, 5]}, {'POOLMAX': [-1, 2]}), ({'CONV': [32, 5]}, {'CONV': [64, 5]}), ({'CONV': [256, 5]}, {'CONV': [256, 3]}, {'POOLMAX': [-1, 2]}), {'GLOBAL_AVG': None}, {'LAST_DENSE': [100, 'softmax']}]",HHSE,NSGA2,,,,,0.7060476972817717,,,,1212066304,6512548,,,,,,"[0, 0, 53, 38, 62, 55, 14, 62]",0.7196718319776714,-0.000131639581725,0.375,0.375,0.625,0.0,0.23,0,0,0,100,0,0.0,BEST,False,False,174,True,True,GREEDY,,,GREEDY_HV
BXIAFP[M],10,11,32,23,0.32,True,True,"[2, 5, 18, 38, 62, 61, 11, 62]",[],"[2.197373865947857, 5.5494715690979595, 18.56543579577238, 38.17684270049879, 62.86736552980715, 61.234197765570244, 11.482752171695326, 62.48226523540895]","[{'INP': 32}, {'CONV': [64, 3]}, ({'CONV': [32, 3]}, {'CONV': [64, 3]}), ({'CONV': [32, 3]}, {'CONV': [128, 5]}, {'POOLMAX': [-1, 2]}), ({'CONV': [64, 3]}, {'CONV': [64, 3]}), ({'CONV': [128, 3]}, {'CONV': [256, 3]}, {'POOLMAX': [-1, 2]}), ({'CONV': [256, 5]}, {'CONV': [256, 3]}), ({'CONV': [256, 5]}, {'CONV': [128, 5]}, {'POOLMAX': [-1, 2]}), ({'CONV': [32, 5]}, {'CONV': [64, 5]}), ({'CONV': [256, 5]}, {'CONV': [256, 3]}, {'POOLMAX': [-1, 2]}), {'GLOBAL_AVG': None}, {'LAST_DENSE': [100, 'softmax']}]",HHSE,NSGA2,,,,,0.7060476972817717,,,,1212066304,6512548,,,,,,"[0, 0, 53, 38, 62, 55, 14, 62]",0.7196326550968427,-0.0015625494606462,0.375,0.375,0.625,0.0,0.23,0,0,0,100,0,0.0,BEST,False,False,174,True,True,GREEDY,,,GREEDY_HV
BXIAFP[M],10,11,33,23,0.33,True,True,"[2, 5, 18, 38, 62, 61, 11, 62]",[],"[2.197373865947857, 5.5494715690979595, 18.56543579577238, 38.17684270049879, 62.86736552980715, 61.234197765570244, 11.482752171695326, 62.48226523540895]","[{'INP': 32}, {'CONV': [64, 3]}, ({'CONV': [32, 3]}, {'CONV': [64, 3]}), ({'CONV': [32, 3]}, {'CONV': [128, 5]}, {'POOLMAX': [-1, 2]}), ({'CONV': [64, 3]}, {'CONV': [64, 3]}), ({'CONV': [128, 3]}, {'CONV': [256, 3]}, {'POOLMAX': [-1, 2]}), ({'CONV': [256, 5]}, {'CONV': [256, 3]}), ({'CONV': [256, 5]}, {'CONV': [128, 5]}, {'POOLMAX': [-1, 2]}), ({'CONV': [32, 5]}, {'CONV': [64, 5]}), ({'CONV': [256, 5]}, {'CONV': [256, 3]}, {'POOLMAX': [-1, 2]}), {'GLOBAL_AVG': None}, {'LAST_DENSE': [100, 'softmax']}]",HHSE,NSGA2,,,,,0.7060476972817717,,,,1212066304,6512548,,,,,,"[0, 0, 53, 38, 62, 55, 14, 62]",0.7197828145049756,-0.0014174624569578,0.375,0.375,0.625,0.0,0.23,0,0,0,100,0,0.0,BEST,False,False,174,True,True,GREEDY,,,GREEDY_HV
BXIAFP[M],10,11,34,23,0.34,True,True,"[2, 5, 18, 38, 62, 61, 11, 62]",[],"[2.197373865947857, 5.5494715690979595, 18.56543579577238, 38.17684270049879, 62.86736552980715, 61.234197765570244, 11.482752171695326, 62.48226523540895]","[{'INP': 32}, {'CONV': [64, 3]}, ({'CONV': [32, 3]}, {'CONV': [64, 3]}), ({'CONV': [32, 3]}, {'CONV': [128, 5]}, {'POOLMAX': [-1, 2]}), ({'CONV': [64, 3]}, {'CONV': [64, 3]}), ({'CONV': [128, 3]}, {'CONV': [256, 3]}, {'POOLMAX': [-1, 2]}), ({'CONV': [256, 5]}, {'CONV': [256, 3]}), ({'CONV': [256, 5]}, {'CONV': [128, 5]}, {'POOLMAX': [-1, 2]}), ({'CONV': [32, 5]}, {'CONV': [64, 5]}), ({'CONV': [256, 5]}, {'CONV': [256, 3]}, {'POOLMAX': [-1, 2]}), {'GLOBAL_AVG': None}, {'LAST_DENSE': [100, 'softmax']}]",HHSE,NSGA2,,,,,0.7060476972817717,,,,1212066304,6512548,,,,,,"[0, 0, 53, 38, 62, 55, 14, 62]",0.7199140870676946,-0.0007827883738726,0.375,0.375,0.625,0.0,0.23,0,0,0,100,0,0.0,BEST,False,False,174,True,True,GREEDY,,,GREEDY_HV
BXIAFP[M],10,11,35,23,0.35,True,True,"[2, 5, 18, 38, 62, 61, 11, 62]",[],"[2.197373865947857, 5.5494715690979595, 18.56543579577238, 38.17684270049879, 62.86736552980715, 61.234197765570244, 11.482752171695326, 62.48226523540895]","[{'INP': 32}, {'CONV': [64, 3]}, ({'CONV': [32, 3]}, {'CONV': [64, 3]}), ({'CONV': [32, 3]}, {'CONV': [128, 5]}, {'POOLMAX': [-1, 2]}), ({'CONV': [64, 3]}, {'CONV': [64, 3]}), ({'CONV': [128, 3]}, {'CONV': [256, 3]}, {'POOLMAX': [-1, 2]}), ({'CONV': [256, 5]}, {'CONV': [256, 3]}), ({'CONV': [256, 5]}, {'CONV': [128, 5]}, {'POOLMAX': [-1, 2]}), ({'CONV': [32, 5]}, {'CONV': [64, 5]}), ({'CONV': [256, 5]}, {'CONV': [256, 3]}, {'POOLMAX': [-1, 2]}), {'GLOBAL_AVG': None}, {'LAST_DENSE': [100, 'softmax']}]",HHSE,NSGA2,,,,,0.7060476972817717,,,,1212066304,6512548,,,,,,"[0, 0, 53, 38, 62, 55, 14, 62]",0.7199478899102545,-0.0001096841383629,0.375,0.375,0.625,0.0,0.23,0,0,0,100,0,0.0,BEST,False,False,174,True,True,GREEDY,,,GREEDY_HV
BXIAFP[M],10,11,36,23,0.36,True,True,"[2, 5, 18, 38, 62, 61, 11, 62]",[],"[2.197373865947857, 5.5494715690979595, 18.56543579577238, 38.17684270049879, 62.86736552980715, 61.234197765570244, 11.482752171695326, 62.48226523540895]","[{'INP': 32}, {'CONV': [64, 3]}, ({'CONV': [32, 3]}, {'CONV': [64, 3]}), ({'CONV': [32, 3]}, {'CONV': [128, 5]}, {'POOLMAX': [-1, 2]}), ({'CONV': [64, 3]}, {'CONV': [64, 3]}), ({'CONV': [128, 3]}, {'CONV': [256, 3]}, {'POOLMAX': [-1, 2]}), ({'CONV': [256, 5]}, {'CONV': [256, 3]}), ({'CONV': [256, 5]}, {'CONV': [128, 5]}, {'POOLMAX': [-1, 2]}), ({'CONV': [32, 5]}, {'CONV': [64, 5]}), ({'CONV': [256, 5]}, {'CONV': [256, 3]}, {'POOLMAX': [-1, 2]}), {'GLOBAL_AVG': None}, {'LAST_DENSE': [100, 'softmax']}]",HHSE,NSGA2,,,,,0.7060476972817717,,,,1212066304,6512548,,,,,,"[0, 0, 53, 38, 62, 55, 14, 62]",0.7215164766040653,0.0002575250555801,0.375,0.375,0.625,0.0,0.23,0,0,0,100,0,0.0,BEST,False,False,174,True,True,GREEDY,,,GREEDY_HV
BXIAFP[M],10,11,37,23,0.37,True,True,"[2, 5, 18, 38, 62, 61, 11, 62]",[],"[2.197373865947857, 5.5494715690979595, 18.56543579577238, 38.17684270049879, 62.86736552980715, 61.234197765570244, 11.482752171695326, 62.48226523540895]","[{'INP': 32}, {'CONV': [64, 3]}, ({'CONV': [32, 3]}, {'CONV': [64, 3]}), ({'CONV': [32, 3]}, {'CONV': [128, 5]}, {'POOLMAX': [-1, 2]}), ({'CONV': [64, 3]}, {'CONV': [64, 3]}), ({'CONV': [128, 3]}, {'CONV': [256, 3]}, {'POOLMAX': [-1, 2]}), ({'CONV': [256, 5]}, {'CONV': [256, 3]}), ({'CONV': [256, 5]}, {'CONV': [128, 5]}, {'POOLMAX': [-1, 2]}), ({'CONV': [32, 5]}, {'CONV': [64, 5]}), ({'CONV': [256, 5]}, {'CONV': [256, 3]}, {'POOLMAX': [-1, 2]}), {'GLOBAL_AVG': None}, {'LAST_DENSE': [100, 'softmax']}]",HHSE,NSGA2,,,,,0.7060476972817717,,,,1212066304,6512548,,,,,,"[0, 0, 53, 38, 62, 55, 14, 62]",0.7209330021207203,-0.0001967697806192,0.375,0.375,0.625,0.0,0.23,0,0,0,100,0,0.0,BEST,False,False,174,True,True,GREEDY,,,GREEDY_HV
BXIAFP[M],10,11,38,23,0.38,True,True,"[2, 5, 18, 38, 62, 61, 11, 62]",[],"[2.197373865947857, 5.5494715690979595, 18.56543579577238, 38.17684270049879, 62.86736552980715, 61.234197765570244, 11.482752171695326, 62.48226523540895]","[{'INP': 32}, {'CONV': [64, 3]}, ({'CONV': [32, 3]}, {'CONV': [64, 3]}), ({'CONV': [32, 3]}, {'CONV': [128, 5]}, {'POOLMAX': [-1, 2]}), ({'CONV': [64, 3]}, {'CONV': [64, 3]}), ({'CONV': [128, 3]}, {'CONV': [256, 3]}, {'POOLMAX': [-1, 2]}), ({'CONV': [256, 5]}, {'CONV': [256, 3]}), ({'CONV': [256, 5]}, {'CONV': [128, 5]}, {'POOLMAX': [-1, 2]}), ({'CONV': [32, 5]}, {'CONV': [64, 5]}), ({'CONV': [256, 5]}, {'CONV': [256, 3]}, {'POOLMAX': [-1, 2]}), {'GLOBAL_AVG': None}, {'LAST_DENSE': [100, 'softmax']}]",HHSE,NSGA2,,,,,0.7060476972817717,,,,1212066304,6512548,,,,,,"[0, 0, 53, 38, 62, 55, 14, 62]",0.7216122298666969,0.0004368687621341,0.375,0.375,0.625,0.0,0.23,0,0,0,100,0,0.0,BEST,False,False,174,True,True,GREEDY,,,GREEDY_HV
BXIAFP[M],10,11,39,23,0.39,True,True,"[2, 5, 18, 38, 62, 61, 11, 62]",[],"[2.197373865947857, 5.5494715690979595, 18.56543579577238, 38.17684270049879, 62.86736552980715, 61.234197765570244, 11.482752171695326, 62.48226523540895]","[{'INP': 32}, {'CONV': [64, 3]}, ({'CONV': [32, 3]}, {'CONV': [64, 3]}), ({'CONV': [32, 3]}, {'CONV': [128, 5]}, {'POOLMAX': [-1, 2]}), ({'CONV': [64, 3]}, {'CONV': [64, 3]}), ({'CONV': [128, 3]}, {'CONV': [256, 3]}, {'POOLMAX': [-1, 2]}), ({'CONV': [256, 5]}, {'CONV': [256, 3]}), ({'CONV': [256, 5]}, {'CONV': [128, 5]}, {'POOLMAX': [-1, 2]}), ({'CONV': [32, 5]}, {'CONV': [64, 5]}), ({'CONV': [256, 5]}, {'CONV': [256, 3]}, {'POOLMAX': [-1, 2]}), {'GLOBAL_AVG': None}, {'LAST_DENSE': [100, 'softmax']}]",HHSE,NSGA2,,,,,0.7060476972817717,,,,1212066304,6512548,,,,,,"[0, 0, 53, 38, 62, 55, 14, 62]",0.7209779356426818,-7.243154961245057e-05,0.375,0.375,0.625,0.0,0.23,0,0,0,100,0,0.0,BEST,False,False,174,True,True,GREEDY,,,GREEDY_HV
BXIAFP[M],10,11,40,23,0.4,True,True,"[2, 5, 18, 38, 62, 61, 11, 62]",[],"[2.197373865947857, 5.5494715690979595, 18.56543579577238, 38.17684270049879, 62.86736552980715, 61.234197765570244, 11.482752171695326, 62.48226523540895]","[{'INP': 32}, {'CONV': [64, 3]}, ({'CONV': [32, 3]}, {'CONV': [64, 3]}), ({'CONV': [32, 3]}, {'CONV': [128, 5]}, {'POOLMAX': [-1, 2]}), ({'CONV': [64, 3]}, {'CONV': [64, 3]}), ({'CONV': [128, 3]}, {'CONV': [256, 3]}, {'POOLMAX': [-1, 2]}), ({'CONV': [256, 5]}, {'CONV': [256, 3]}), ({'CONV': [256, 5]}, {'CONV': [128, 5]}, {'POOLMAX': [-1, 2]}), ({'CONV': [32, 5]}, {'CONV': [64, 5]}), ({'CONV': [256, 5]}, {'CONV': [256, 3]}, {'POOLMAX': [-1, 2]}), {'GLOBAL_AVG': None}, {'LAST_DENSE': [100, 'softmax']}]",HHSE,NSGA2,,,,,0.7060476972817717,,,,1212066304,6512548,,,,,,"[0, 0, 53, 38, 62, 55, 14, 62]",0.7209808069330224,-0.0002268189520844,0.375,0.375,0.625,0.0,0.23,0,0,0,100,0,0.0,BEST,False,False,174,True,True,GREEDY,,,GREEDY_HV
BXIAFP[M],10,11,41,23,0.41,True,True,"[2, 5, 18, 38, 62, 61, 11, 62]",[],"[2.197373865947857, 5.5494715690979595, 18.56543579577238, 38.17684270049879, 62.86736552980715, 61.234197765570244, 11.482752171695326, 62.48226523540895]","[{'INP': 32}, {'CONV': [64, 3]}, ({'CONV': [32, 3]}, {'CONV': [64, 3]}), ({'CONV': [32, 3]}, {'CONV': [128, 5]}, {'POOLMAX': [-1, 2]}), ({'CONV': [64, 3]}, {'CONV': [64, 3]}), ({'CONV': [128, 3]}, {'CONV': [256, 3]}, {'POOLMAX': [-1, 2]}), ({'CONV': [256, 5]}, {'CONV': [256, 3]}), ({'CONV': [256, 5]}, {'CONV': [128, 5]}, {'POOLMAX': [-1, 2]}), ({'CONV': [32, 5]}, {'CONV': [64, 5]}), ({'CONV': [256, 5]}, {'CONV': [256, 3]}, {'POOLMAX': [-1, 2]}), {'GLOBAL_AVG': None}, {'LAST_DENSE': [100, 'softmax']}]",HHSE,NSGA2,,,,,0.7060476972817717,,,,1212066304,6512548,,,,,,"[0, 0, 53, 38, 62, 55, 14, 62]",0.7217531719564857,-0.0001942120726525,0.375,0.375,0.625,0.0,0.23,0,1,0,100,0,0.01,BEST,False,False,174,True,True,GREEDY,,,GREEDY_HV
BXIAFP[M],10,11,42,23,0.42,True,True,"[2, 5, 18, 38, 62, 61, 11, 62]",[],"[2.197373865947857, 5.5494715690979595, 18.56543579577238, 38.17684270049879, 62.86736552980715, 61.234197765570244, 11.482752171695326, 62.48226523540895]","[{'INP': 32}, {'CONV': [64, 3]}, ({'CONV': [32, 3]}, {'CONV': [64, 3]}), ({'CONV': [32, 3]}, {'CONV': [128, 5]}, {'POOLMAX': [-1, 2]}), ({'CONV': [64, 3]}, {'CONV': [64, 3]}), ({'CONV': [128, 3]}, {'CONV': [256, 3]}, {'POOLMAX': [-1, 2]}), ({'CONV': [256, 5]}, {'CONV': [256, 3]}), ({'CONV': [256, 5]}, {'CONV': [128, 5]}, {'POOLMAX': [-1, 2]}), ({'CONV': [32, 5]}, {'CONV': [64, 5]}), ({'CONV': [256, 5]}, {'CONV': [256, 3]}, {'POOLMAX': [-1, 2]}), {'GLOBAL_AVG': None}, {'LAST_DENSE': [100, 'softmax']}]",HHSE,NSGA2,,,,,0.7060476972817717,,,,1212066304,6512548,,,,,,"[0, 0, 53, 38, 62, 55, 14, 62]",0.7218047347285486,-0.0005210248918782,0.375,0.375,0.625,0.0,0.23,0,0,0,100,0,0.0,BEST,False,False,174,True,True,GREEDY,,,GREEDY_HV
BXIAFP[M],10,11,43,23,0.43,True,True,"[2, 5, 18, 38, 62, 61, 11, 62]",[],"[2.197373865947857, 5.5494715690979595, 18.56543579577238, 38.17684270049879, 62.86736552980715, 61.234197765570244, 11.482752171695326, 62.48226523540895]","[{'INP': 32}, {'CONV': [64, 3]}, ({'CONV': [32, 3]}, {'CONV': [64, 3]}), ({'CONV': [32, 3]}, {'CONV': [128, 5]}, {'POOLMAX': [-1, 2]}), ({'CONV': [64, 3]}, {'CONV': [64, 3]}), ({'CONV': [128, 3]}, {'CONV': [256, 3]}, {'POOLMAX': [-1, 2]}), ({'CONV': [256, 5]}, {'CONV': [256, 3]}), ({'CONV': [256, 5]}, {'CONV': [128, 5]}, {'POOLMAX': [-1, 2]}), ({'CONV': [32, 5]}, {'CONV': [64, 5]}), ({'CONV': [256, 5]}, {'CONV': [256, 3]}, {'POOLMAX': [-1, 2]}), {'GLOBAL_AVG': None}, {'LAST_DENSE': [100, 'softmax']}]",HHSE,NSGA2,,,,,0.7060476972817717,,,,1212066304,6512548,,,,,,"[0, 0, 53, 38, 62, 55, 14, 62]",0.7218358117133972,-0.0007116013786718,0.375,0.375,0.625,0.0,0.23,0,0,0,100,0,0.0,BEST,False,False,174,True,True,GREEDY,,,GREEDY_HV
BXIAFP[M],10,11,44,23,0.44,True,True,"[2, 5, 18, 38, 62, 61, 11, 62]",[],"[2.197373865947857, 5.5494715690979595, 18.56543579577238, 38.17684270049879, 62.86736552980715, 61.234197765570244, 11.482752171695326, 62.48226523540895]","[{'INP': 32}, {'CONV': [64, 3]}, ({'CONV': [32, 3]}, {'CONV': [64, 3]}), ({'CONV': [32, 3]}, {'CONV': [128, 5]}, {'POOLMAX': [-1, 2]}), ({'CONV': [64, 3]}, {'CONV': [64, 3]}), ({'CONV': [128, 3]}, {'CONV': [256, 3]}, {'POOLMAX': [-1, 2]}), ({'CONV': [256, 5]}, {'CONV': [256, 3]}), ({'CONV': [256, 5]}, {'CONV': [128, 5]}, {'POOLMAX': [-1, 2]}), ({'CONV': [32, 5]}, {'CONV': [64, 5]}), ({'CONV': [256, 5]}, {'CONV': [256, 3]}, {'POOLMAX': [-1, 2]}), {'GLOBAL_AVG': None}, {'LAST_DENSE': [100, 'softmax']}]",HHSE,NSGA2,,,,,0.7060476972817717,,,,1212066304,6512548,,,,,,"[0, 0, 53, 38, 62, 55, 14, 62]",0.7219051736933324,-0.0001067305062821,0.375,0.375,0.625,0.0,0.23,0,0,0,100,0,0.0,BEST,False,False,174,True,True,GREEDY,,,GREEDY_HV
BXIAFP[M],10,11,45,23,0.45,True,True,"[2, 5, 18, 38, 62, 61, 11, 62]",[],"[2.197373865947857, 5.5494715690979595, 18.56543579577238, 38.17684270049879, 62.86736552980715, 61.234197765570244, 11.482752171695326, 62.48226523540895]","[{'INP': 32}, {'CONV': [64, 3]}, ({'CONV': [32, 3]}, {'CONV': [64, 3]}), ({'CONV': [32, 3]}, {'CONV': [128, 5]}, {'POOLMAX': [-1, 2]}), ({'CONV': [64, 3]}, {'CONV': [64, 3]}), ({'CONV': [128, 3]}, {'CONV': [256, 3]}, {'POOLMAX': [-1, 2]}), ({'CONV': [256, 5]}, {'CONV': [256, 3]}), ({'CONV': [256, 5]}, {'CONV': [128, 5]}, {'POOLMAX': [-1, 2]}), ({'CONV': [32, 5]}, {'CONV': [64, 5]}), ({'CONV': [256, 5]}, {'CONV': [256, 3]}, {'POOLMAX': [-1, 2]}), {'GLOBAL_AVG': None}, {'LAST_DENSE': [100, 'softmax']}]",HHSE,NSGA2,,,,,0.7060476972817717,,,,1212066304,6512548,,,,,,"[0, 0, 53, 38, 62, 55, 14, 62]",0.7218784586625431,-0.0013163677297354,0.375,0.375,0.625,0.0,0.23,0,1,0,100,0,0.01,BEST,False,False,174,True,True,GREEDY,,,GREEDY_HV
BXIAFP[M],10,11,46,23,0.46,True,True,"[2, 5, 18, 38, 62, 61, 11, 62]",[],"[2.197373865947857, 5.5494715690979595, 18.56543579577238, 38.17684270049879, 62.86736552980715, 61.234197765570244, 11.482752171695326, 62.48226523540895]","[{'INP': 32}, {'CONV': [64, 3]}, ({'CONV': [32, 3]}, {'CONV': [64, 3]}), ({'CONV': [32, 3]}, {'CONV': [128, 5]}, {'POOLMAX': [-1, 2]}), ({'CONV': [64, 3]}, {'CONV': [64, 3]}), ({'CONV': [128, 3]}, {'CONV': [256, 3]}, {'POOLMAX': [-1, 2]}), ({'CONV': [256, 5]}, {'CONV': [256, 3]}), ({'CONV': [256, 5]}, {'CONV': [128, 5]}, {'POOLMAX': [-1, 2]}), ({'CONV': [32, 5]}, {'CONV': [64, 5]}), ({'CONV': [256, 5]}, {'CONV': [256, 3]}, {'POOLMAX': [-1, 2]}), {'GLOBAL_AVG': None}, {'LAST_DENSE': [100, 'softmax']}]",HHSE,NSGA2,,,,,0.7060476972817717,,,,1212066304,6512548,,,,,,"[0, 0, 53, 38, 62, 55, 14, 62]",0.7227611449836292,6.322898288990686e-05,0.375,0.375,0.625,0.0,0.23,0,1,0,100,0,0.01,BEST,False,False,174,True,True,GREEDY,,,GREEDY_HV
BXIAFP[M],10,11,47,23,0.47,True,True,"[2, 5, 18, 38, 62, 61, 11, 62]",[],"[2.197373865947857, 5.5494715690979595, 18.56543579577238, 38.17684270049879, 62.86736552980715, 61.234197765570244, 11.482752171695326, 62.48226523540895]","[{'INP': 32}, {'CONV': [64, 3]}, ({'CONV': [32, 3]}, {'CONV': [64, 3]}), ({'CONV': [32, 3]}, {'CONV': [128, 5]}, {'POOLMAX': [-1, 2]}), ({'CONV': [64, 3]}, {'CONV': [64, 3]}), ({'CONV': [128, 3]}, {'CONV': [256, 3]}, {'POOLMAX': [-1, 2]}), ({'CONV': [256, 5]}, {'CONV': [256, 3]}), ({'CONV': [256, 5]}, {'CONV': [128, 5]}, {'POOLMAX': [-1, 2]}), ({'CONV': [32, 5]}, {'CONV': [64, 5]}), ({'CONV': [256, 5]}, {'CONV': [256, 3]}, {'POOLMAX': [-1, 2]}), {'GLOBAL_AVG': None}, {'LAST_DENSE': [100, 'softmax']}]",HHSE,NSGA2,,,,,0.7060476972817717,,,,1212066304,6512548,,,,,,"[0, 0, 53, 38, 62, 55, 14, 62]",0.7222702848128517,-0.0016663199272426,0.375,0.375,0.625,0.0,0.23,0,0,0,100,0,0.0,BEST,False,False,174,True,True,GREEDY,,,GREEDY_HV
BXIAFP[M],10,11,48,23,0.48,True,True,"[2, 5, 18, 38, 62, 61, 11, 62]",[],"[2.197373865947857, 5.5494715690979595, 18.56543579577238, 38.17684270049879, 62.86736552980715, 61.234197765570244, 11.482752171695326, 62.48226523540895]","[{'INP': 32}, {'CONV': [64, 3]}, ({'CONV': [32, 3]}, {'CONV': [64, 3]}), ({'CONV': [32, 3]}, {'CONV': [128, 5]}, {'POOLMAX': [-1, 2]}), ({'CONV': [64, 3]}, {'CONV': [64, 3]}), ({'CONV': [128, 3]}, {'CONV': [256, 3]}, {'POOLMAX': [-1, 2]}), ({'CONV': [256, 5]}, {'CONV': [256, 3]}), ({'CONV': [256, 5]}, {'CONV': [128, 5]}, {'POOLMAX': [-1, 2]}), ({'CONV': [32, 5]}, {'CONV': [64, 5]}), ({'CONV': [256, 5]}, {'CONV': [256, 3]}, {'POOLMAX': [-1, 2]}), {'GLOBAL_AVG': None}, {'LAST_DENSE': [100, 'softmax']}]",HHSE,NSGA2,,,,,0.7060476972817717,,,,1212066304,6512548,,,,,,"[0, 0, 53, 38, 62, 55, 14, 62]",0.7223530134632545,-6.121501889255754e-05,0.375,0.375,0.625,0.0,0.23,0,0,0,100,0,0.0,BEST,False,False,174,True,True,GREEDY,,,GREEDY_HV
BXIAFP[M],10,11,49,23,0.49,True,True,"[2, 5, 18, 38, 62, 61, 11, 62]",[],"[2.197373865947857, 5.5494715690979595, 18.56543579577238, 38.17684270049879, 62.86736552980715, 61.234197765570244, 11.482752171695326, 62.48226523540895]","[{'INP': 32}, {'CONV': [64, 3]}, ({'CONV': [32, 3]}, {'CONV': [64, 3]}), ({'CONV': [32, 3]}, {'CONV': [128, 5]}, {'POOLMAX': [-1, 2]}), ({'CONV': [64, 3]}, {'CONV': [64, 3]}), ({'CONV': [128, 3]}, {'CONV': [256, 3]}, {'POOLMAX': [-1, 2]}), ({'CONV': [256, 5]}, {'CONV': [256, 3]}), ({'CONV': [256, 5]}, {'CONV': [128, 5]}, {'POOLMAX': [-1, 2]}), ({'CONV': [32, 5]}, {'CONV': [64, 5]}), ({'CONV': [256, 5]}, {'CONV': [256, 3]}, {'POOLMAX': [-1, 2]}), {'GLOBAL_AVG': None}, {'LAST_DENSE': [100, 'softmax']}]",HHSE,NSGA2,,,,,0.7060476972817717,,,,1212066304,6512548,,,,,,"[0, 0, 53, 38, 62, 55, 14, 62]",0.722770547293351,-0.0003643767173278,0.375,0.375,0.625,0.0,0.23,0,0,0,100,0,0.0,BEST,False,False,174,True,True,GREEDY,,,GREEDY_HV
BXIAFP[M],10,11,50,23,0.5,True,True,"[2, 5, 18, 38, 62, 61, 11, 62]",[],"[2.197373865947857, 5.5494715690979595, 18.56543579577238, 38.17684270049879, 62.86736552980715, 61.234197765570244, 11.482752171695326, 62.48226523540895]","[{'INP': 32}, {'CONV': [64, 3]}, ({'CONV': [32, 3]}, {'CONV': [64, 3]}), ({'CONV': [32, 3]}, {'CONV': [128, 5]}, {'POOLMAX': [-1, 2]}), ({'CONV': [64, 3]}, {'CONV': [64, 3]}), ({'CONV': [128, 3]}, {'CONV': [256, 3]}, {'POOLMAX': [-1, 2]}), ({'CONV': [256, 5]}, {'CONV': [256, 3]}), ({'CONV': [256, 5]}, {'CONV': [128, 5]}, {'POOLMAX': [-1, 2]}), ({'CONV': [32, 5]}, {'CONV': [64, 5]}), ({'CONV': [256, 5]}, {'CONV': [256, 3]}, {'POOLMAX': [-1, 2]}), {'GLOBAL_AVG': None}, {'LAST_DENSE': [100, 'softmax']}]",HHSE,NSGA2,,,,,0.7060476972817717,,,,1212066304,6512548,,,,,,"[0, 0, 53, 38, 62, 55, 14, 62]",0.7227827731501818,-0.0007435243454777,0.375,0.375,0.625,0.0,0.23,0,0,0,100,0,0.0,BEST,False,False,174,True,True,GREEDY,,,GREEDY_HV
BXIAFP[M],10,11,51,23,0.51,True,True,"[2, 5, 18, 38, 62, 61, 11, 62]",[],"[2.197373865947857, 5.5494715690979595, 18.56543579577238, 38.17684270049879, 62.86736552980715, 61.234197765570244, 11.482752171695326, 62.48226523540895]","[{'INP': 32}, {'CONV': [64, 3]}, ({'CONV': [32, 3]}, {'CONV': [64, 3]}), ({'CONV': [32, 3]}, {'CONV': [128, 5]}, {'POOLMAX': [-1, 2]}), ({'CONV': [64, 3]}, {'CONV': [64, 3]}), ({'CONV': [128, 3]}, {'CONV': [256, 3]}, {'POOLMAX': [-1, 2]}), ({'CONV': [256, 5]}, {'CONV': [256, 3]}), ({'CONV': [256, 5]}, {'CONV': [128, 5]}, {'POOLMAX': [-1, 2]}), ({'CONV': [32, 5]}, {'CONV': [64, 5]}), ({'CONV': [256, 5]}, {'CONV': [256, 3]}, {'POOLMAX': [-1, 2]}), {'GLOBAL_AVG': None}, {'LAST_DENSE': [100, 'softmax']}]",HHSE,NSGA2,,,,,0.7060476972817717,,,,1212066304,6512548,,,,,,"[0, 0, 53, 38, 62, 55, 14, 62]",0.7230757493930774,-0.0002256835494903,0.375,0.375,0.625,0.0,0.23,0,0,0,100,0,0.0,BEST,False,False,174,True,True,GREEDY,,,GREEDY_HV
BXIAFP[M],10,11,52,23,0.52,True,True,"[2, 5, 18, 38, 62, 61, 11, 62]",[],"[2.197373865947857, 5.5494715690979595, 18.56543579577238, 38.17684270049879, 62.86736552980715, 61.234197765570244, 11.482752171695326, 62.48226523540895]","[{'INP': 32}, {'CONV': [64, 3]}, ({'CONV': [32, 3]}, {'CONV': [64, 3]}), ({'CONV': [32, 3]}, {'CONV': [128, 5]}, {'POOLMAX': [-1, 2]}), ({'CONV': [64, 3]}, {'CONV': [64, 3]}), ({'CONV': [128, 3]}, {'CONV': [256, 3]}, {'POOLMAX': [-1, 2]}), ({'CONV': [256, 5]}, {'CONV': [256, 3]}), ({'CONV': [256, 5]}, {'CONV': [128, 5]}, {'POOLMAX': [-1, 2]}), ({'CONV': [32, 5]}, {'CONV': [64, 5]}), ({'CONV': [256, 5]}, {'CONV': [256, 3]}, {'POOLMAX': [-1, 2]}), {'GLOBAL_AVG': None}, {'LAST_DENSE': [100, 'softmax']}]",HHSE,NSGA2,,,,,0.7060476972817717,,,,1212066304,6512548,,,,,,"[0, 0, 53, 38, 62, 55, 14, 62]",0.7230387002236893,-5.2060228168726574e-05,0.375,0.375,0.625,0.0,0.23,0,0,0,100,0,0.0,BEST,False,False,174,True,True,GREEDY,,,GREEDY_HV
BXIAFP[M],10,11,53,23,0.53,True,True,"[2, 5, 18, 38, 62, 61, 11, 62]",[],"[2.197373865947857, 5.5494715690979595, 18.56543579577238, 38.17684270049879, 62.86736552980715, 61.234197765570244, 11.482752171695326, 62.48226523540895]","[{'INP': 32}, {'CONV': [64, 3]}, ({'CONV': [32, 3]}, {'CONV': [64, 3]}), ({'CONV': [32, 3]}, {'CONV': [128, 5]}, {'POOLMAX': [-1, 2]}), ({'CONV': [64, 3]}, {'CONV': [64, 3]}), ({'CONV': [128, 3]}, {'CONV': [256, 3]}, {'POOLMAX': [-1, 2]}), ({'CONV': [256, 5]}, {'CONV': [256, 3]}), ({'CONV': [256, 5]}, {'CONV': [128, 5]}, {'POOLMAX': [-1, 2]}), ({'CONV': [32, 5]}, {'CONV': [64, 5]}), ({'CONV': [256, 5]}, {'CONV': [256, 3]}, {'POOLMAX': [-1, 2]}), {'GLOBAL_AVG': None}, {'LAST_DENSE': [100, 'softmax']}]",HHSE,NSGA2,,,,,0.7060476972817717,,,,1212066304,6512548,,,,,,"[0, 0, 53, 38, 62, 55, 14, 62]",0.7231050265163813,-0.0004377751216322,0.375,0.375,0.625,0.0,0.23,0,0,0,100,0,0.0,BEST,False,False,174,True,True,GREEDY,,,GREEDY_HV
BXIAFP[M],10,11,54,23,0.54,True,True,"[2, 5, 18, 38, 62, 61, 11, 62]",[],"[2.197373865947857, 5.5494715690979595, 18.56543579577238, 38.17684270049879, 62.86736552980715, 61.234197765570244, 11.482752171695326, 62.48226523540895]","[{'INP': 32}, {'CONV': [64, 3]}, ({'CONV': [32, 3]}, {'CONV': [64, 3]}), ({'CONV': [32, 3]}, {'CONV': [128, 5]}, {'POOLMAX': [-1, 2]}), ({'CONV': [64, 3]}, {'CONV': [64, 3]}), ({'CONV': [128, 3]}, {'CONV': [256, 3]}, {'POOLMAX': [-1, 2]}), ({'CONV': [256, 5]}, {'CONV': [256, 3]}), ({'CONV': [256, 5]}, {'CONV': [128, 5]}, {'POOLMAX': [-1, 2]}), ({'CONV': [32, 5]}, {'CONV': [64, 5]}), ({'CONV': [256, 5]}, {'CONV': [256, 3]}, {'POOLMAX': [-1, 2]}), {'GLOBAL_AVG': None}, {'LAST_DENSE': [100, 'softmax']}]",HHSE,NSGA2,,,,,0.7060476972817717,,,,1212066304,6512548,,,,,,"[0, 0, 53, 38, 62, 55, 14, 62]",0.7230215482700654,-0.0003324805699927,0.375,0.375,0.625,0.0,0.23,0,0,0,100,0,0.0,BEST,False,False,174,True,True,GREEDY,,,GREEDY_HV
BXIAFP[M],10,11,55,23,0.55,True,True,"[2, 5, 18, 38, 62, 61, 11, 62]",[],"[2.197373865947857, 5.5494715690979595, 18.56543579577238, 38.17684270049879, 62.86736552980715, 61.234197765570244, 11.482752171695326, 62.48226523540895]","[{'INP': 32}, {'CONV': [64, 3]}, ({'CONV': [32, 3]}, {'CONV': [64, 3]}), ({'CONV': [32, 3]}, {'CONV': [128, 5]}, {'POOLMAX': [-1, 2]}), ({'CONV': [64, 3]}, {'CONV': [64, 3]}), ({'CONV': [128, 3]}, {'CONV': [256, 3]}, {'POOLMAX': [-1, 2]}), ({'CONV': [256, 5]}, {'CONV': [256, 3]}), ({'CONV': [256, 5]}, {'CONV': [128, 5]}, {'POOLMAX': [-1, 2]}), ({'CONV': [32, 5]}, {'CONV': [64, 5]}), ({'CONV': [256, 5]}, {'CONV': [256, 3]}, {'POOLMAX': [-1, 2]}), {'GLOBAL_AVG': None}, {'LAST_DENSE': [100, 'softmax']}]",HHSE,NSGA2,,,,,0.7060476972817717,,,,1212066304,6512548,,,,,,"[0, 0, 53, 38, 62, 55, 14, 62]",0.7231649948874883,-0.0004252708413112,0.375,0.375,0.625,0.0,0.23,0,0,0,100,0,0.0,BEST,False,False,174,True,True,GREEDY,,,GREEDY_HV
BXIAFP[M],10,11,56,23,0.56,True,True,"[2, 5, 18, 38, 62, 61, 11, 62]",[],"[2.197373865947857, 5.5494715690979595, 18.56543579577238, 38.17684270049879, 62.86736552980715, 61.234197765570244, 11.482752171695326, 62.48226523540895]","[{'INP': 32}, {'CONV': [64, 3]}, ({'CONV': [32, 3]}, {'CONV': [64, 3]}), ({'CONV': [32, 3]}, {'CONV': [128, 5]}, {'POOLMAX': [-1, 2]}), ({'CONV': [64, 3]}, {'CONV': [64, 3]}), ({'CONV': [128, 3]}, {'CONV': [256, 3]}, {'POOLMAX': [-1, 2]}), ({'CONV': [256, 5]}, {'CONV': [256, 3]}), ({'CONV': [256, 5]}, {'CONV': [128, 5]}, {'POOLMAX': [-1, 2]}), ({'CONV': [32, 5]}, {'CONV': [64, 5]}), ({'CONV': [256, 5]}, {'CONV': [256, 3]}, {'POOLMAX': [-1, 2]}), {'GLOBAL_AVG': None}, {'LAST_DENSE': [100, 'softmax']}]",HHSE,NSGA2,,,,,0.7060476972817717,,,,1212066304,6512548,,,,,,"[0, 0, 53, 38, 62, 55, 14, 62]",0.7231752624255778,-0.0003160071593552,0.375,0.375,0.625,0.0,0.23,0,0,0,100,0,0.0,BEST,False,False,174,True,True,GREEDY,,,GREEDY_HV
BXIAFP[M],10,11,57,23,0.57,True,True,"[2, 5, 18, 38, 62, 61, 11, 62]",[],"[2.197373865947857, 5.5494715690979595, 18.56543579577238, 38.17684270049879, 62.86736552980715, 61.234197765570244, 11.482752171695326, 62.48226523540895]","[{'INP': 32}, {'CONV': [64, 3]}, ({'CONV': [32, 3]}, {'CONV': [64, 3]}), ({'CONV': [32, 3]}, {'CONV': [128, 5]}, {'POOLMAX': [-1, 2]}), ({'CONV': [64, 3]}, {'CONV': [64, 3]}), ({'CONV': [128, 3]}, {'CONV': [256, 3]}, {'POOLMAX': [-1, 2]}), ({'CONV': [256, 5]}, {'CONV': [256, 3]}), ({'CONV': [256, 5]}, {'CONV': [128, 5]}, {'POOLMAX': [-1, 2]}), ({'CONV': [32, 5]}, {'CONV': [64, 5]}), ({'CONV': [256, 5]}, {'CONV': [256, 3]}, {'POOLMAX': [-1, 2]}), {'GLOBAL_AVG': None}, {'LAST_DENSE': [100, 'softmax']}]",HHSE,NSGA2,,,,,0.7060476972817717,,,,1212066304,6512548,,,,,,"[0, 0, 53, 38, 62, 55, 14, 62]",0.7231900249095018,-0.0004859616255838,0.375,0.375,0.625,0.0,0.23,0,1,0,100,0,0.01,BEST,False,False,174,True,True,GREEDY,,,GREEDY_HV
BXIAFP[M],10,11,58,23,0.58,True,True,"[2, 5, 18, 38, 62, 61, 11, 62]",[],"[2.197373865947857, 5.5494715690979595, 18.56543579577238, 38.17684270049879, 62.86736552980715, 61.234197765570244, 11.482752171695326, 62.48226523540895]","[{'INP': 32}, {'CONV': [64, 3]}, ({'CONV': [32, 3]}, {'CONV': [64, 3]}), ({'CONV': [32, 3]}, {'CONV': [128, 5]}, {'POOLMAX': [-1, 2]}), ({'CONV': [64, 3]}, {'CONV': [64, 3]}), ({'CONV': [128, 3]}, {'CONV': [256, 3]}, {'POOLMAX': [-1, 2]}), ({'CONV': [256, 5]}, {'CONV': [256, 3]}), ({'CONV': [256, 5]}, {'CONV': [128, 5]}, {'POOLMAX': [-1, 2]}), ({'CONV': [32, 5]}, {'CONV': [64, 5]}), ({'CONV': [256, 5]}, {'CONV': [256, 3]}, {'POOLMAX': [-1, 2]}), {'GLOBAL_AVG': None}, {'LAST_DENSE': [100, 'softmax']}]",HHSE,NSGA2,,,,,0.7060476972817717,,,,1212066304,6512548,,,,,,"[0, 0, 53, 38, 62, 55, 14, 62]",0.7232458258355225,-0.0004546663243215,0.375,0.375,0.625,0.0,0.23,0,0,0,100,0,0.0,BEST,False,False,174,True,True,GREEDY,,,GREEDY_HV
BXIAFP[M],10,11,59,23,0.59,True,True,"[2, 5, 18, 38, 62, 61, 11, 62]",[],"[2.197373865947857, 5.5494715690979595, 18.56543579577238, 38.17684270049879, 62.86736552980715, 61.234197765570244, 11.482752171695326, 62.48226523540895]","[{'INP': 32}, {'CONV': [64, 3]}, ({'CONV': [32, 3]}, {'CONV': [64, 3]}), ({'CONV': [32, 3]}, {'CONV': [128, 5]}, {'POOLMAX': [-1, 2]}), ({'CONV': [64, 3]}, {'CONV': [64, 3]}), ({'CONV': [128, 3]}, {'CONV': [256, 3]}, {'POOLMAX': [-1, 2]}), ({'CONV': [256, 5]}, {'CONV': [256, 3]}), ({'CONV': [256, 5]}, {'CONV': [128, 5]}, {'POOLMAX': [-1, 2]}), ({'CONV': [32, 5]}, {'CONV': [64, 5]}), ({'CONV': [256, 5]}, {'CONV': [256, 3]}, {'POOLMAX': [-1, 2]}), {'GLOBAL_AVG': None}, {'LAST_DENSE': [100, 'softmax']}]",HHSE,NSGA2,,,,,0.7060476972817717,,,,1212066304,6512548,,,,,,"[0, 0, 53, 38, 62, 55, 14, 62]",0.7232975417963179,-0.0006056978812958,0.375,0.375,0.625,0.0,0.23,0,0,0,100,0,0.0,BEST,False,False,174,True,True,GREEDY,,,GREEDY_HV
BXIAFP[M],10,11,60,23,0.6,True,True,"[2, 5, 18, 38, 62, 61, 11, 62]",[],"[2.197373865947857, 5.5494715690979595, 18.56543579577238, 38.17684270049879, 62.86736552980715, 61.234197765570244, 11.482752171695326, 62.48226523540895]","[{'INP': 32}, {'CONV': [64, 3]}, ({'CONV': [32, 3]}, {'CONV': [64, 3]}), ({'CONV': [32, 3]}, {'CONV': [128, 5]}, {'POOLMAX': [-1, 2]}), ({'CONV': [64, 3]}, {'CONV': [64, 3]}), ({'CONV': [128, 3]}, {'CONV': [256, 3]}, {'POOLMAX': [-1, 2]}), ({'CONV': [256, 5]}, {'CONV': [256, 3]}), ({'CONV': [256, 5]}, {'CONV': [128, 5]}, {'POOLMAX': [-1, 2]}), ({'CONV': [32, 5]}, {'CONV': [64, 5]}), ({'CONV': [256, 5]}, {'CONV': [256, 3]}, {'POOLMAX': [-1, 2]}), {'GLOBAL_AVG': None}, {'LAST_DENSE': [100, 'softmax']}]",HHSE,NSGA2,,,,,0.7060476972817717,,,,1212066304,6512548,,,,,,"[0, 0, 53, 38, 62, 55, 14, 62]",0.7232884101605437,-0.0006644165854408,0.375,0.375,0.625,0.0,0.23,0,0,0,100,0,0.0,BEST,False,False,174,True,True,GREEDY,,,GREEDY_HV
BXIAFP[M],10,11,61,23,0.61,True,True,"[2, 5, 18, 38, 62, 61, 11, 62]",[],"[2.197373865947857, 5.5494715690979595, 18.56543579577238, 38.17684270049879, 62.86736552980715, 61.234197765570244, 11.482752171695326, 62.48226523540895]","[{'INP': 32}, {'CONV': [64, 3]}, ({'CONV': [32, 3]}, {'CONV': [64, 3]}), ({'CONV': [32, 3]}, {'CONV': [128, 5]}, {'POOLMAX': [-1, 2]}), ({'CONV': [64, 3]}, {'CONV': [64, 3]}), ({'CONV': [128, 3]}, {'CONV': [256, 3]}, {'POOLMAX': [-1, 2]}), ({'CONV': [256, 5]}, {'CONV': [256, 3]}), ({'CONV': [256, 5]}, {'CONV': [128, 5]}, {'POOLMAX': [-1, 2]}), ({'CONV': [32, 5]}, {'CONV': [64, 5]}), ({'CONV': [256, 5]}, {'CONV': [256, 3]}, {'POOLMAX': [-1, 2]}), {'GLOBAL_AVG': None}, {'LAST_DENSE': [100, 'softmax']}]",HHSE,NSGA2,,,,,0.7060476972817717,,,,1212066304,6512548,,,,,,"[0, 0, 53, 38, 62, 55, 14, 62]",0.7232983364065058,-0.0004951201416187,0.375,0.375,0.625,0.0,0.23,0,0,0,100,0,0.0,BEST,False,False,174,True,True,GREEDY,,,GREEDY_HV
BXIAFP[M],10,11,62,23,0.62,True,True,"[2, 5, 18, 38, 62, 61, 11, 62]",[],"[2.197373865947857, 5.5494715690979595, 18.56543579577238, 38.17684270049879, 62.86736552980715, 61.234197765570244, 11.482752171695326, 62.48226523540895]","[{'INP': 32}, {'CONV': [64, 3]}, ({'CONV': [32, 3]}, {'CONV': [64, 3]}), ({'CONV': [32, 3]}, {'CONV': [128, 5]}, {'POOLMAX': [-1, 2]}), ({'CONV': [64, 3]}, {'CONV': [64, 3]}), ({'CONV': [128, 3]}, {'CONV': [256, 3]}, {'POOLMAX': [-1, 2]}), ({'CONV': [256, 5]}, {'CONV': [256, 3]}), ({'CONV': [256, 5]}, {'CONV': [128, 5]}, {'POOLMAX': [-1, 2]}), ({'CONV': [32, 5]}, {'CONV': [64, 5]}), ({'CONV': [256, 5]}, {'CONV': [256, 3]}, {'POOLMAX': [-1, 2]}), {'GLOBAL_AVG': None}, {'LAST_DENSE': [100, 'softmax']}]",HHSE,NSGA2,,,,,0.7060476972817717,,,,1212066304,6512548,,,,,,"[0, 0, 53, 38, 62, 55, 14, 62]",0.7233001906461138,-0.000148570999342,0.375,0.375,0.625,0.0,0.23,0,0,0,100,0,0.0,BEST,False,False,174,True,True,GREEDY,,,GREEDY_HV
BXIAFP[M],10,11,63,23,0.63,True,True,"[2, 5, 18, 38, 62, 61, 11, 62]",[],"[2.197373865947857, 5.5494715690979595, 18.56543579577238, 38.17684270049879, 62.86736552980715, 61.234197765570244, 11.482752171695326, 62.48226523540895]","[{'INP': 32}, {'CONV': [64, 3]}, ({'CONV': [32, 3]}, {'CONV': [64, 3]}), ({'CONV': [32, 3]}, {'CONV': [128, 5]}, {'POOLMAX': [-1, 2]}), ({'CONV': [64, 3]}, {'CONV': [64, 3]}), ({'CONV': [128, 3]}, {'CONV': [256, 3]}, {'POOLMAX': [-1, 2]}), ({'CONV': [256, 5]}, {'CONV': [256, 3]}), ({'CONV': [256, 5]}, {'CONV': [128, 5]}, {'POOLMAX': [-1, 2]}), ({'CONV': [32, 5]}, {'CONV': [64, 5]}), ({'CONV': [256, 5]}, {'CONV': [256, 3]}, {'POOLMAX': [-1, 2]}), {'GLOBAL_AVG': None}, {'LAST_DENSE': [100, 'softmax']}]",HHSE,NSGA2,,,,,0.7060476972817717,,,,1212066304,6512548,,,,,,"[0, 0, 53, 38, 62, 55, 14, 62]",0.7233954205823087,-9.154600684191384e-05,0.375,0.375,0.625,0.0,0.23,0,0,0,100,0,0.0,BEST,False,False,174,True,True,GREEDY,,,GREEDY_HV
BXIAFP[M],10,11,64,23,0.64,True,True,"[2, 5, 18, 38, 62, 61, 11, 62]",[],"[2.197373865947857, 5.5494715690979595, 18.56543579577238, 38.17684270049879, 62.86736552980715, 61.234197765570244, 11.482752171695326, 62.48226523540895]","[{'INP': 32}, {'CONV': [64, 3]}, ({'CONV': [32, 3]}, {'CONV': [64, 3]}), ({'CONV': [32, 3]}, {'CONV': [128, 5]}, {'POOLMAX': [-1, 2]}), ({'CONV': [64, 3]}, {'CONV': [64, 3]}), ({'CONV': [128, 3]}, {'CONV': [256, 3]}, {'POOLMAX': [-1, 2]}), ({'CONV': [256, 5]}, {'CONV': [256, 3]}), ({'CONV': [256, 5]}, {'CONV': [128, 5]}, {'POOLMAX': [-1, 2]}), ({'CONV': [32, 5]}, {'CONV': [64, 5]}), ({'CONV': [256, 5]}, {'CONV': [256, 3]}, {'POOLMAX': [-1, 2]}), {'GLOBAL_AVG': None}, {'LAST_DENSE': [100, 'softmax']}]",HHSE,NSGA2,,,,,0.7060476972817717,,,,1212066304,6512548,,,,,,"[0, 0, 53, 38, 62, 55, 14, 62]",0.7233718512065759,-0.0009273762659686,0.375,0.375,0.625,0.0,0.23,0,0,0,100,0,0.0,BEST,False,False,174,True,True,GREEDY,,,GREEDY_HV
BXIAFP[M],10,11,65,23,0.65,True,True,"[2, 5, 18, 38, 62, 61, 11, 62]",[],"[2.197373865947857, 5.5494715690979595, 18.56543579577238, 38.17684270049879, 62.86736552980715, 61.234197765570244, 11.482752171695326, 62.48226523540895]","[{'INP': 32}, {'CONV': [64, 3]}, ({'CONV': [32, 3]}, {'CONV': [64, 3]}), ({'CONV': [32, 3]}, {'CONV': [128, 5]}, {'POOLMAX': [-1, 2]}), ({'CONV': [64, 3]}, {'CONV': [64, 3]}), ({'CONV': [128, 3]}, {'CONV': [256, 3]}, {'POOLMAX': [-1, 2]}), ({'CONV': [256, 5]}, {'CONV': [256, 3]}), ({'CONV': [256, 5]}, {'CONV': [128, 5]}, {'POOLMAX': [-1, 2]}), ({'CONV': [32, 5]}, {'CONV': [64, 5]}), ({'CONV': [256, 5]}, {'CONV': [256, 3]}, {'POOLMAX': [-1, 2]}), {'GLOBAL_AVG': None}, {'LAST_DENSE': [100, 'softmax']}]",HHSE,NSGA2,,,,,0.7060476972817717,,,,1212066304,6512548,,,,,,"[0, 0, 53, 38, 62, 55, 14, 62]",0.723482867596273,-7.068545203003929e-05,0.375,0.375,0.625,0.0,0.23,0,0,0,100,0,0.0,BEST,False,False,174,True,True,GREEDY,,,GREEDY_HV
BXIAFP[M],10,11,66,23,0.66,True,True,"[2, 5, 18, 38, 62, 61, 11, 62]",[],"[2.197373865947857, 5.5494715690979595, 18.56543579577238, 38.17684270049879, 62.86736552980715, 61.234197765570244, 11.482752171695326, 62.48226523540895]","[{'INP': 32}, {'CONV': [64, 3]}, ({'CONV': [32, 3]}, {'CONV': [64, 3]}), ({'CONV': [32, 3]}, {'CONV': [128, 5]}, {'POOLMAX': [-1, 2]}), ({'CONV': [64, 3]}, {'CONV': [64, 3]}), ({'CONV': [128, 3]}, {'CONV': [256, 3]}, {'POOLMAX': [-1, 2]}), ({'CONV': [256, 5]}, {'CONV': [256, 3]}), ({'CONV': [256, 5]}, {'CONV': [128, 5]}, {'POOLMAX': [-1, 2]}), ({'CONV': [32, 5]}, {'CONV': [64, 5]}), ({'CONV': [256, 5]}, {'CONV': [256, 3]}, {'POOLMAX': [-1, 2]}), {'GLOBAL_AVG': None}, {'LAST_DENSE': [100, 'softmax']}]",HHSE,NSGA2,,,,,0.7060476972817717,,,,1212066304,6512548,,,,,,"[0, 0, 53, 38, 62, 55, 14, 62]",0.7235829221196503,-0.0002940130712784,0.375,0.375,0.625,0.0,0.23,0,1,0,100,0,0.01,BEST,False,False,174,True,True,GREEDY,,,GREEDY_HV
BXIAFP[M],10,11,67,23,0.67,True,True,"[2, 5, 18, 38, 62, 61, 11, 62]",[],"[2.197373865947857, 5.5494715690979595, 18.56543579577238, 38.17684270049879, 62.86736552980715, 61.234197765570244, 11.482752171695326, 62.48226523540895]","[{'INP': 32}, {'CONV': [64, 3]}, ({'CONV': [32, 3]}, {'CONV': [64, 3]}), ({'CONV': [32, 3]}, {'CONV': [128, 5]}, {'POOLMAX': [-1, 2]}), ({'CONV': [64, 3]}, {'CONV': [64, 3]}), ({'CONV': [128, 3]}, {'CONV': [256, 3]}, {'POOLMAX': [-1, 2]}), ({'CONV': [256, 5]}, {'CONV': [256, 3]}), ({'CONV': [256, 5]}, {'CONV': [128, 5]}, {'POOLMAX': [-1, 2]}), ({'CONV': [32, 5]}, {'CONV': [64, 5]}), ({'CONV': [256, 5]}, {'CONV': [256, 3]}, {'POOLMAX': [-1, 2]}), {'GLOBAL_AVG': None}, {'LAST_DENSE': [100, 'softmax']}]",HHSE,NSGA2,,,,,0.7060476972817717,,,,1212066304,6512548,,,,,,"[0, 0, 53, 38, 62, 55, 14, 62]",0.7243077860538473,0.000756811143443,0.375,0.375,0.625,0.0,0.23,0,0,0,100,0,0.0,BEST,False,False,174,True,True,GREEDY,,,GREEDY_HV
BXIAFP[M],10,11,68,23,0.68,True,True,"[2, 5, 18, 38, 62, 61, 11, 62]",[],"[2.197373865947857, 5.5494715690979595, 18.56543579577238, 38.17684270049879, 62.86736552980715, 61.234197765570244, 11.482752171695326, 62.48226523540895]","[{'INP': 32}, {'CONV': [64, 3]}, ({'CONV': [32, 3]}, {'CONV': [64, 3]}), ({'CONV': [32, 3]}, {'CONV': [128, 5]}, {'POOLMAX': [-1, 2]}), ({'CONV': [64, 3]}, {'CONV': [64, 3]}), ({'CONV': [128, 3]}, {'CONV': [256, 3]}, {'POOLMAX': [-1, 2]}), ({'CONV': [256, 5]}, {'CONV': [256, 3]}), ({'CONV': [256, 5]}, {'CONV': [128, 5]}, {'POOLMAX': [-1, 2]}), ({'CONV': [32, 5]}, {'CONV': [64, 5]}), ({'CONV': [256, 5]}, {'CONV': [256, 3]}, {'POOLMAX': [-1, 2]}), {'GLOBAL_AVG': None}, {'LAST_DENSE': [100, 'softmax']}]",HHSE,NSGA2,,,,,0.7060476972817717,,,,1212066304,6512548,,,,,,"[0, 0, 53, 38, 62, 55, 14, 62]",0.7235551518786736,-0.000311457493055,0.375,0.375,0.625,0.0,0.23,0,0,0,100,0,0.0,BEST,False,False,174,True,True,GREEDY,,,GREEDY_HV
BXIAFP[M],10,11,69,23,0.69,True,True,"[2, 5, 18, 38, 62, 61, 11, 62]",[],"[2.197373865947857, 5.5494715690979595, 18.56543579577238, 38.17684270049879, 62.86736552980715, 61.234197765570244, 11.482752171695326, 62.48226523540895]","[{'INP': 32}, {'CONV': [64, 3]}, ({'CONV': [32, 3]}, {'CONV': [64, 3]}), ({'CONV': [32, 3]}, {'CONV': [128, 5]}, {'POOLMAX': [-1, 2]}), ({'CONV': [64, 3]}, {'CONV': [64, 3]}), ({'CONV': [128, 3]}, {'CONV': [256, 3]}, {'POOLMAX': [-1, 2]}), ({'CONV': [256, 5]}, {'CONV': [256, 3]}), ({'CONV': [256, 5]}, {'CONV': [128, 5]}, {'POOLMAX': [-1, 2]}), ({'CONV': [32, 5]}, {'CONV': [64, 5]}), ({'CONV': [256, 5]}, {'CONV': [256, 3]}, {'POOLMAX': [-1, 2]}), {'GLOBAL_AVG': None}, {'LAST_DENSE': [100, 'softmax']}]",HHSE,NSGA2,,,,,0.7060476972817717,,,,1212066304,6512548,,,,,,"[0, 0, 53, 38, 62, 55, 14, 62]",0.723592387908485,-0.0017084332701026,0.375,0.375,0.625,0.0,0.23,0,0,0,100,0,0.0,BEST,False,False,174,True,True,GREEDY,,,GREEDY_HV
BXIAFP[M],10,11,70,23,0.7,True,True,"[2, 5, 18, 38, 62, 61, 11, 62]",[],"[2.197373865947857, 5.5494715690979595, 18.56543579577238, 38.17684270049879, 62.86736552980715, 61.234197765570244, 11.482752171695326, 62.48226523540895]","[{'INP': 32}, {'CONV': [64, 3]}, ({'CONV': [32, 3]}, {'CONV': [64, 3]}), ({'CONV': [32, 3]}, {'CONV': [128, 5]}, {'POOLMAX': [-1, 2]}), ({'CONV': [64, 3]}, {'CONV': [64, 3]}), ({'CONV': [128, 3]}, {'CONV': [256, 3]}, {'POOLMAX': [-1, 2]}), ({'CONV': [256, 5]}, {'CONV': [256, 3]}), ({'CONV': [256, 5]}, {'CONV': [128, 5]}, {'POOLMAX': [-1, 2]}), ({'CONV': [32, 5]}, {'CONV': [64, 5]}), ({'CONV': [256, 5]}, {'CONV': [256, 3]}, {'POOLMAX': [-1, 2]}), {'GLOBAL_AVG': None}, {'LAST_DENSE': [100, 'softmax']}]",HHSE,NSGA2,,,,,0.7060476972817717,,,,1212066304,6512548,,,,,,"[0, 0, 53, 38, 62, 55, 14, 62]",0.7236438402348963,-0.0002016629631121,0.375,0.375,0.625,0.0,0.23,0,0,0,100,0,0.0,BEST,False,False,174,True,True,GREEDY,,,GREEDY_HV
BXIAFP[M],10,11,71,23,0.71,True,True,"[2, 5, 18, 38, 62, 61, 11, 62]",[],"[2.197373865947857, 5.5494715690979595, 18.56543579577238, 38.17684270049879, 62.86736552980715, 61.234197765570244, 11.482752171695326, 62.48226523540895]","[{'INP': 32}, {'CONV': [64, 3]}, ({'CONV': [32, 3]}, {'CONV': [64, 3]}), ({'CONV': [32, 3]}, {'CONV': [128, 5]}, {'POOLMAX': [-1, 2]}), ({'CONV': [64, 3]}, {'CONV': [64, 3]}), ({'CONV': [128, 3]}, {'CONV': [256, 3]}, {'POOLMAX': [-1, 2]}), ({'CONV': [256, 5]}, {'CONV': [256, 3]}), ({'CONV': [256, 5]}, {'CONV': [128, 5]}, {'POOLMAX': [-1, 2]}), ({'CONV': [32, 5]}, {'CONV': [64, 5]}), ({'CONV': [256, 5]}, {'CONV': [256, 3]}, {'POOLMAX': [-1, 2]}), {'GLOBAL_AVG': None}, {'LAST_DENSE': [100, 'softmax']}]",HHSE,NSGA2,,,,,0.7060476972817717,,,,1212066304,6512548,,,,,,"[0, 0, 53, 38, 62, 55, 14, 62]",0.7236703842639802,-0.0005096619784733,0.375,0.375,0.625,0.0,0.23,0,0,0,100,0,0.0,BEST,False,False,174,True,True,GREEDY,,,GREEDY_HV
BXIAFP[M],10,11,72,23,0.72,True,True,"[2, 5, 18, 38, 62, 61, 11, 62]",[],"[2.197373865947857, 5.5494715690979595, 18.56543579577238, 38.17684270049879, 62.86736552980715, 61.234197765570244, 11.482752171695326, 62.48226523540895]","[{'INP': 32}, {'CONV': [64, 3]}, ({'CONV': [32, 3]}, {'CONV': [64, 3]}), ({'CONV': [32, 3]}, {'CONV': [128, 5]}, {'POOLMAX': [-1, 2]}), ({'CONV': [64, 3]}, {'CONV': [64, 3]}), ({'CONV': [128, 3]}, {'CONV': [256, 3]}, {'POOLMAX': [-1, 2]}), ({'CONV': [256, 5]}, {'CONV': [256, 3]}), ({'CONV': [256, 5]}, {'CONV': [128, 5]}, {'POOLMAX': [-1, 2]}), ({'CONV': [32, 5]}, {'CONV': [64, 5]}), ({'CONV': [256, 5]}, {'CONV': [256, 3]}, {'POOLMAX': [-1, 2]}), {'GLOBAL_AVG': None}, {'LAST_DENSE': [100, 'softmax']}]",HHSE,NSGA2,,,,,0.7060476972817717,,,,1212066304,6512548,,,,,,"[0, 0, 53, 38, 62, 55, 14, 62]",0.7236571372734629,-0.0001981126967192,0.375,0.375,0.625,0.0,0.23,0,0,0,100,0,0.0,BEST,False,False,174,True,True,GREEDY,,,GREEDY_HV
BXIAFP[M],10,11,73,23,0.73,True,True,"[2, 5, 18, 38, 62, 61, 11, 62]",[],"[2.197373865947857, 5.5494715690979595, 18.56543579577238, 38.17684270049879, 62.86736552980715, 61.234197765570244, 11.482752171695326, 62.48226523540895]","[{'INP': 32}, {'CONV': [64, 3]}, ({'CONV': [32, 3]}, {'CONV': [64, 3]}), ({'CONV': [32, 3]}, {'CONV': [128, 5]}, {'POOLMAX': [-1, 2]}), ({'CONV': [64, 3]}, {'CONV': [64, 3]}), ({'CONV': [128, 3]}, {'CONV': [256, 3]}, {'POOLMAX': [-1, 2]}), ({'CONV': [256, 5]}, {'CONV': [256, 3]}), ({'CONV': [256, 5]}, {'CONV': [128, 5]}, {'POOLMAX': [-1, 2]}), ({'CONV': [32, 5]}, {'CONV': [64, 5]}), ({'CONV': [256, 5]}, {'CONV': [256, 3]}, {'POOLMAX': [-1, 2]}), {'GLOBAL_AVG': None}, {'LAST_DENSE': [100, 'softmax']}]",HHSE,NSGA2,,,,,0.7060476972817717,,,,1212066304,6512548,,,,,,"[0, 0, 53, 38, 62, 55, 14, 62]",0.7237150493562587,-0.0001524215872306,0.375,0.375,0.625,0.0,0.23,0,0,0,100,0,0.0,BEST,False,False,174,True,True,GREEDY,,,GREEDY_HV
BXIAFP[M],10,11,74,23,0.74,True,True,"[2, 5, 18, 38, 62, 61, 11, 62]",[],"[2.197373865947857, 5.5494715690979595, 18.56543579577238, 38.17684270049879, 62.86736552980715, 61.234197765570244, 11.482752171695326, 62.48226523540895]","[{'INP': 32}, {'CONV': [64, 3]}, ({'CONV': [32, 3]}, {'CONV': [64, 3]}), ({'CONV': [32, 3]}, {'CONV': [128, 5]}, {'POOLMAX': [-1, 2]}), ({'CONV': [64, 3]}, {'CONV': [64, 3]}), ({'CONV': [128, 3]}, {'CONV': [256, 3]}, {'POOLMAX': [-1, 2]}), ({'CONV': [256, 5]}, {'CONV': [256, 3]}), ({'CONV': [256, 5]}, {'CONV': [128, 5]}, {'POOLMAX': [-1, 2]}), ({'CONV': [32, 5]}, {'CONV': [64, 5]}), ({'CONV': [256, 5]}, {'CONV': [256, 3]}, {'POOLMAX': [-1, 2]}), {'GLOBAL_AVG': None}, {'LAST_DENSE': [100, 'softmax']}]",HHSE,NSGA2,,,,,0.7060476972817717,,,,1212066304,6512548,,,,,,"[0, 0, 53, 38, 62, 55, 14, 62]",0.7239072000504213,-0.0001165861894873,0.375,0.375,0.625,0.0,0.23,0,1,0,100,0,0.01,BEST,False,False,174,True,True,GREEDY,,,GREEDY_HV
BXIAFP[M],10,11,75,23,0.75,True,True,"[2, 5, 18, 38, 62, 61, 11, 62]",[],"[2.197373865947857, 5.5494715690979595, 18.56543579577238, 38.17684270049879, 62.86736552980715, 61.234197765570244, 11.482752171695326, 62.48226523540895]","[{'INP': 32}, {'CONV': [64, 3]}, ({'CONV': [32, 3]}, {'CONV': [64, 3]}), ({'CONV': [32, 3]}, {'CONV': [128, 5]}, {'POOLMAX': [-1, 2]}), ({'CONV': [64, 3]}, {'CONV': [64, 3]}), ({'CONV': [128, 3]}, {'CONV': [256, 3]}, {'POOLMAX': [-1, 2]}), ({'CONV': [256, 5]}, {'CONV': [256, 3]}), ({'CONV': [256, 5]}, {'CONV': [128, 5]}, {'POOLMAX': [-1, 2]}), ({'CONV': [32, 5]}, {'CONV': [64, 5]}), ({'CONV': [256, 5]}, {'CONV': [256, 3]}, {'POOLMAX': [-1, 2]}), {'GLOBAL_AVG': None}, {'LAST_DENSE': [100, 'softmax']}]",HHSE,NSGA2,,,,,0.7060476972817717,,,,1212066304,6512548,,,,,,"[0, 0, 53, 38, 62, 55, 14, 62]",0.7238957547541987,-0.0004633578765622,0.375,0.375,0.625,0.0,0.23,0,0,0,100,0,0.0,BEST,False,False,174,True,True,GREEDY,,,GREEDY_HV
BXIAFP[M],10,11,76,23,0.76,True,True,"[2, 5, 18, 38, 62, 61, 11, 62]",[],"[2.197373865947857, 5.5494715690979595, 18.56543579577238, 38.17684270049879, 62.86736552980715, 61.234197765570244, 11.482752171695326, 62.48226523540895]","[{'INP': 32}, {'CONV': [64, 3]}, ({'CONV': [32, 3]}, {'CONV': [64, 3]}), ({'CONV': [32, 3]}, {'CONV': [128, 5]}, {'POOLMAX': [-1, 2]}), ({'CONV': [64, 3]}, {'CONV': [64, 3]}), ({'CONV': [128, 3]}, {'CONV': [256, 3]}, {'POOLMAX': [-1, 2]}), ({'CONV': [256, 5]}, {'CONV': [256, 3]}), ({'CONV': [256, 5]}, {'CONV': [128, 5]}, {'POOLMAX': [-1, 2]}), ({'CONV': [32, 5]}, {'CONV': [64, 5]}), ({'CONV': [256, 5]}, {'CONV': [256, 3]}, {'POOLMAX': [-1, 2]}), {'GLOBAL_AVG': None}, {'LAST_DENSE': [100, 'softmax']}]",HHSE,NSGA2,,,,,0.7060476972817717,,,,1212066304,6512548,,,,,,"[0, 0, 53, 38, 62, 55, 14, 62]",0.7239333654683391,-0.0005377935849357,0.375,0.375,0.625,0.0,0.23,0,0,0,100,0,0.0,BEST,False,False,174,True,True,GREEDY,,,GREEDY_HV
BXIAFP[M],10,11,77,23,0.77,True,True,"[2, 5, 18, 38, 62, 61, 11, 62]",[],"[2.197373865947857, 5.5494715690979595, 18.56543579577238, 38.17684270049879, 62.86736552980715, 61.234197765570244, 11.482752171695326, 62.48226523540895]","[{'INP': 32}, {'CONV': [64, 3]}, ({'CONV': [32, 3]}, {'CONV': [64, 3]}), ({'CONV': [32, 3]}, {'CONV': [128, 5]}, {'POOLMAX': [-1, 2]}), ({'CONV': [64, 3]}, {'CONV': [64, 3]}), ({'CONV': [128, 3]}, {'CONV': [256, 3]}, {'POOLMAX': [-1, 2]}), ({'CONV': [256, 5]}, {'CONV': [256, 3]}), ({'CONV': [256, 5]}, {'CONV': [128, 5]}, {'POOLMAX': [-1, 2]}), ({'CONV': [32, 5]}, {'CONV': [64, 5]}), ({'CONV': [256, 5]}, {'CONV': [256, 3]}, {'POOLMAX': [-1, 2]}), {'GLOBAL_AVG': None}, {'LAST_DENSE': [100, 'softmax']}]",HHSE,NSGA2,,,,,0.7060476972817717,,,,1212066304,6512548,,,,,,"[0, 0, 53, 38, 62, 55, 14, 62]",0.7240684070516801,-0.0008639877284413,0.375,0.375,0.625,0.0,0.23,0,1,0,100,0,0.01,BEST,False,False,174,True,True,GREEDY,,,GREEDY_HV
BXIAFP[M],10,11,78,23,0.78,True,True,"[2, 5, 18, 38, 62, 61, 11, 62]",[],"[2.197373865947857, 5.5494715690979595, 18.56543579577238, 38.17684270049879, 62.86736552980715, 61.234197765570244, 11.482752171695326, 62.48226523540895]","[{'INP': 32}, {'CONV': [64, 3]}, ({'CONV': [32, 3]}, {'CONV': [64, 3]}), ({'CONV': [32, 3]}, {'CONV': [128, 5]}, {'POOLMAX': [-1, 2]}), ({'CONV': [64, 3]}, {'CONV': [64, 3]}), ({'CONV': [128, 3]}, {'CONV': [256, 3]}, {'POOLMAX': [-1, 2]}), ({'CONV': [256, 5]}, {'CONV': [256, 3]}), ({'CONV': [256, 5]}, {'CONV': [128, 5]}, {'POOLMAX': [-1, 2]}), ({'CONV': [32, 5]}, {'CONV': [64, 5]}), ({'CONV': [256, 5]}, {'CONV': [256, 3]}, {'POOLMAX': [-1, 2]}), {'GLOBAL_AVG': None}, {'LAST_DENSE': [100, 'softmax']}]",HHSE,NSGA2,,,,,0.7060476972817717,,,,1212066304,6512548,,,,,,"[0, 0, 53, 38, 62, 55, 14, 62]",0.7241208116717303,-0.0004160994535689,0.375,0.375,0.625,0.0,0.23,0,0,0,100,0,0.0,BEST,False,False,174,True,True,GREEDY,,,GREEDY_HV
BXIAFP[M],10,11,79,23,0.79,True,True,"[2, 5, 18, 38, 62, 61, 11, 62]",[],"[2.197373865947857, 5.5494715690979595, 18.56543579577238, 38.17684270049879, 62.86736552980715, 61.234197765570244, 11.482752171695326, 62.48226523540895]","[{'INP': 32}, {'CONV': [64, 3]}, ({'CONV': [32, 3]}, {'CONV': [64, 3]}), ({'CONV': [32, 3]}, {'CONV': [128, 5]}, {'POOLMAX': [-1, 2]}), ({'CONV': [64, 3]}, {'CONV': [64, 3]}), ({'CONV': [128, 3]}, {'CONV': [256, 3]}, {'POOLMAX': [-1, 2]}), ({'CONV': [256, 5]}, {'CONV': [256, 3]}), ({'CONV': [256, 5]}, {'CONV': [128, 5]}, {'POOLMAX': [-1, 2]}), ({'CONV': [32, 5]}, {'CONV': [64, 5]}), ({'CONV': [256, 5]}, {'CONV': [256, 3]}, {'POOLMAX': [-1, 2]}), {'GLOBAL_AVG': None}, {'LAST_DENSE': [100, 'softmax']}]",HHSE,NSGA2,,,,,0.7060476972817717,,,,1212066304,6512548,,,,,,"[0, 0, 53, 38, 62, 55, 14, 62]",0.7257535227464831,0.0011741366813209,0.375,0.375,0.625,0.0,0.23,0,0,0,100,0,0.0,BEST,False,False,174,True,True,GREEDY,,,GREEDY_HV
BXIAFP[M],10,11,80,23,0.8,True,True,"[2, 5, 18, 38, 62, 61, 11, 62]",[],"[2.197373865947857, 5.5494715690979595, 18.56543579577238, 38.17684270049879, 62.86736552980715, 61.234197765570244, 11.482752171695326, 62.48226523540895]","[{'INP': 32}, {'CONV': [64, 3]}, ({'CONV': [32, 3]}, {'CONV': [64, 3]}), ({'CONV': [32, 3]}, {'CONV': [128, 5]}, {'POOLMAX': [-1, 2]}), ({'CONV': [64, 3]}, {'CONV': [64, 3]}), ({'CONV': [128, 3]}, {'CONV': [256, 3]}, {'POOLMAX': [-1, 2]}), ({'CONV': [256, 5]}, {'CONV': [256, 3]}), ({'CONV': [256, 5]}, {'CONV': [128, 5]}, {'POOLMAX': [-1, 2]}), ({'CONV': [32, 5]}, {'CONV': [64, 5]}), ({'CONV': [256, 5]}, {'CONV': [256, 3]}, {'POOLMAX': [-1, 2]}), {'GLOBAL_AVG': None}, {'LAST_DENSE': [100, 'softmax']}]",HHSE,NSGA2,,,,,0.7060476972817717,,,,1212066304,6512548,,,,,,"[0, 0, 53, 38, 62, 55, 14, 62]",0.7241415053958933,-1.571762266994181e-05,0.375,0.375,0.625,0.0,0.23,0,0,0,100,0,0.0,BEST,False,False,174,True,True,GREEDY,,,GREEDY_HV
BLMYZB[M][M],10,11,81,81,0.81,True,True,"[2, 6, 4, 38, 46, 21, 22, 39]",[],"[2.217474228168488, 6.641660350799798, 4.618062707757324, 38.2063028944586, 46.10941506023928, 21.568870495713107, 22.307978512453357, 39.38886800642981]","[{'INP': 32}, {'CONV': [64, 3]}, ({'CONV': [32, 3]}, {'CONV': [64, 3]}), ({'CONV': [32, 3]}, {'CONV': [256, 3]}, {'POOLMAX': [-1, 2]}), ({'CONV': [32, 3]}, {'CONV': [128, 3]}), ({'CONV': [128, 3]}, {'CONV': [256, 3]}, {'POOLMAX': [-1, 2]}), ({'CONV': [128, 5]}, {'CONV': [256, 3]}), ({'CONV': [64, 3]}, {'CONV': [128, 5]}, {'POOLMAX': [-1, 2]}), ({'CONV': [64, 3]}, {'CONV': [256, 3]}), ({'CONV': [128, 3]}, {'CONV': [256, 5]}, {'POOLMAX': [-1, 2]}), {'GLOBAL_AVG': None}, {'LAST_DENSE': [100, 'softmax']}]",HHSE,NSGA2,,,,,0.7080302893792871,,,,785963008,3520164,,,,,,"[2, 6, 4, 38, 49, 21, 21, 39]",0.7242175919868075,-8.156669582837228e-05,0.0,0.0,0.25,0.75,0.81,0,0,0,100,0,0.0,BEST,False,False,137,True,True,GREEDY,,,GREEDY_HV
BLMYZB[M][M],10,11,82,81,0.82,True,True,"[2, 6, 4, 38, 46, 21, 22, 39]",[],"[2.217474228168488, 6.641660350799798, 4.618062707757324, 38.2063028944586, 46.10941506023928, 21.568870495713107, 22.307978512453357, 39.38886800642981]","[{'INP': 32}, {'CONV': [64, 3]}, ({'CONV': [32, 3]}, {'CONV': [64, 3]}), ({'CONV': [32, 3]}, {'CONV': [256, 3]}, {'POOLMAX': [-1, 2]}), ({'CONV': [32, 3]}, {'CONV': [128, 3]}), ({'CONV': [128, 3]}, {'CONV': [256, 3]}, {'POOLMAX': [-1, 2]}), ({'CONV': [128, 5]}, {'CONV': [256, 3]}), ({'CONV': [64, 3]}, {'CONV': [128, 5]}, {'POOLMAX': [-1, 2]}), ({'CONV': [64, 3]}, {'CONV': [256, 3]}), ({'CONV': [128, 3]}, {'CONV': [256, 5]}, {'POOLMAX': [-1, 2]}), {'GLOBAL_AVG': None}, {'LAST_DENSE': [100, 'softmax']}]",HHSE,NSGA2,,,,,0.7080302893792871,,,,785963008,3520164,,,,,,"[2, 6, 4, 38, 49, 21, 21, 39]",0.7265256425478515,0.0001229844442122,0.0,0.0,0.25,0.0,0.81,0,0,0,100,0,0.0,BEST,False,False,137,True,True,GREEDY,,,GREEDY_HV
BLMYZB[M][M][M][M],10,11,83,83,0.83,True,True,"[2, 5, 4, 38, 46, 22, 22, 39]",[],"[2.332606953000637, 5.957394262512914, 4.740985934273635, 38.16838131260834, 46.53289859071623, 22.14393109773269, 22.648779059739084, 39.95455424273305]","[{'INP': 32}, {'CONV': [64, 3]}, ({'CONV': [32, 3]}, {'CONV': [64, 3]}), ({'CONV': [32, 3]}, {'CONV': [128, 5]}, {'POOLMAX': [-1, 2]}), ({'CONV': [32, 3]}, {'CONV': [128, 3]}), ({'CONV': [128, 3]}, {'CONV': [256, 3]}, {'POOLMAX': [-1, 2]}), ({'CONV': [128, 5]}, {'CONV': [256, 3]}), ({'CONV': [64, 3]}, {'CONV': [256, 3]}, {'POOLMAX': [-1, 2]}), ({'CONV': [64, 3]}, {'CONV': [256, 3]}), ({'CONV': [128, 3]}, {'CONV': [256, 5]}, {'POOLMAX': [-1, 2]}), {'GLOBAL_AVG': None}, {'LAST_DENSE': [100, 'softmax']}]",HHSE,NSGA2,,,,,0.7119205693982785,,,,819722240,3528356,,,,,,"[2, 5, 4, 38, 45, 22, 22, 39]",0.7267928780268914,1.3145509582979107e-05,0.0,0.0,0.125,0.25,0.83,0,0,0,100,0,0.0,BEST,False,False,76,True,True,GREEDY,,,GREEDY_HV
BLMYZB[M][M][M][M],10,11,84,83,0.84,True,True,"[2, 5, 4, 38, 46, 22, 22, 39]",[],"[2.332606953000637, 5.957394262512914, 4.740985934273635, 38.16838131260834, 46.53289859071623, 22.14393109773269, 22.648779059739084, 39.95455424273305]","[{'INP': 32}, {'CONV': [64, 3]}, ({'CONV': [32, 3]}, {'CONV': [64, 3]}), ({'CONV': [32, 3]}, {'CONV': [128, 5]}, {'POOLMAX': [-1, 2]}), ({'CONV': [32, 3]}, {'CONV': [128, 3]}), ({'CONV': [128, 3]}, {'CONV': [256, 3]}, {'POOLMAX': [-1, 2]}), ({'CONV': [128, 5]}, {'CONV': [256, 3]}), ({'CONV': [64, 3]}, {'CONV': [256, 3]}, {'POOLMAX': [-1, 2]}), ({'CONV': [64, 3]}, {'CONV': [256, 3]}), ({'CONV': [128, 3]}, {'CONV': [256, 5]}, {'POOLMAX': [-1, 2]}), {'GLOBAL_AVG': None}, {'LAST_DENSE': [100, 'softmax']}]",HHSE,NSGA2,,,,,0.7119205693982785,,,,819722240,3528356,,,,,,"[2, 5, 4, 38, 45, 22, 22, 39]",0.730300104668286,-0.0003900417087301,0.0,0.0,0.125,0.0,0.83,0,0,0,100,0,0.0,BEST,False,False,76,True,True,GREEDY,,,GREEDY_HV
BLMYZB[M][M][M][M],10,11,85,83,0.85,True,True,"[2, 5, 4, 38, 46, 22, 22, 39]",[],"[2.332606953000637, 5.957394262512914, 4.740985934273635, 38.16838131260834, 46.53289859071623, 22.14393109773269, 22.648779059739084, 39.95455424273305]","[{'INP': 32}, {'CONV': [64, 3]}, ({'CONV': [32, 3]}, {'CONV': [64, 3]}), ({'CONV': [32, 3]}, {'CONV': [128, 5]}, {'POOLMAX': [-1, 2]}), ({'CONV': [32, 3]}, {'CONV': [128, 3]}), ({'CONV': [128, 3]}, {'CONV': [256, 3]}, {'POOLMAX': [-1, 2]}), ({'CONV': [128, 5]}, {'CONV': [256, 3]}), ({'CONV': [64, 3]}, {'CONV': [256, 3]}, {'POOLMAX': [-1, 2]}), ({'CONV': [64, 3]}, {'CONV': [256, 3]}), ({'CONV': [128, 3]}, {'CONV': [256, 5]}, {'POOLMAX': [-1, 2]}), {'GLOBAL_AVG': None}, {'LAST_DENSE': [100, 'softmax']}]",HHSE,NSGA2,,,,,0.7119205693982785,,,,819722240,3528356,,,,,,"[2, 5, 4, 38, 45, 22, 22, 39]",0.7304207443541431,-0.0001334640839278,0.0,0.0,0.125,0.0,0.83,0,1,0,100,0,0.01,BEST,False,False,76,True,True,GREEDY,,,GREEDY_HV
BLMYZB[M][M][M][M],10,11,86,83,0.86,True,True,"[2, 5, 4, 38, 46, 22, 22, 39]",[],"[2.332606953000637, 5.957394262512914, 4.740985934273635, 38.16838131260834, 46.53289859071623, 22.14393109773269, 22.648779059739084, 39.95455424273305]","[{'INP': 32}, {'CONV': [64, 3]}, ({'CONV': [32, 3]}, {'CONV': [64, 3]}), ({'CONV': [32, 3]}, {'CONV': [128, 5]}, {'POOLMAX': [-1, 2]}), ({'CONV': [32, 3]}, {'CONV': [128, 3]}), ({'CONV': [128, 3]}, {'CONV': [256, 3]}, {'POOLMAX': [-1, 2]}), ({'CONV': [128, 5]}, {'CONV': [256, 3]}), ({'CONV': [64, 3]}, {'CONV': [256, 3]}, {'POOLMAX': [-1, 2]}), ({'CONV': [64, 3]}, {'CONV': [256, 3]}), ({'CONV': [128, 3]}, {'CONV': [256, 5]}, {'POOLMAX': [-1, 2]}), {'GLOBAL_AVG': None}, {'LAST_DENSE': [100, 'softmax']}]",HHSE,NSGA2,,,,,0.7119205693982785,,,,819722240,3528356,,,,,,"[2, 5, 4, 38, 45, 22, 22, 39]",0.7305219504003475,-0.0013111395858572,0.0,0.0,0.125,0.0,0.83,0,1,0,100,0,0.01,BEST,False,False,76,True,True,GREEDY,,,GREEDY_HV
BLMYZB[M][M][M][M],10,11,87,83,0.87,True,True,"[2, 5, 4, 38, 46, 22, 22, 39]",[],"[2.332606953000637, 5.957394262512914, 4.740985934273635, 38.16838131260834, 46.53289859071623, 22.14393109773269, 22.648779059739084, 39.95455424273305]","[{'INP': 32}, {'CONV': [64, 3]}, ({'CONV': [32, 3]}, {'CONV': [64, 3]}), ({'CONV': [32, 3]}, {'CONV': [128, 5]}, {'POOLMAX': [-1, 2]}), ({'CONV': [32, 3]}, {'CONV': [128, 3]}), ({'CONV': [128, 3]}, {'CONV': [256, 3]}, {'POOLMAX': [-1, 2]}), ({'CONV': [128, 5]}, {'CONV': [256, 3]}), ({'CONV': [64, 3]}, {'CONV': [256, 3]}, {'POOLMAX': [-1, 2]}), ({'CONV': [64, 3]}, {'CONV': [256, 3]}), ({'CONV': [128, 3]}, {'CONV': [256, 5]}, {'POOLMAX': [-1, 2]}), {'GLOBAL_AVG': None}, {'LAST_DENSE': [100, 'softmax']}]",HHSE,NSGA2,,,,,0.7119205693982785,,,,819722240,3528356,,,,,,"[2, 5, 4, 38, 45, 22, 22, 39]",0.7307724441032906,4.97904188547782e-05,0.0,0.0,0.125,0.0,0.83,0,1,0,100,0,0.01,BEST,False,False,76,True,True,GREEDY,,,GREEDY_HV
BLMYZB[M][M][M][M],10,11,88,83,0.88,True,True,"[2, 5, 4, 38, 46, 22, 22, 39]",[],"[2.332606953000637, 5.957394262512914, 4.740985934273635, 38.16838131260834, 46.53289859071623, 22.14393109773269, 22.648779059739084, 39.95455424273305]","[{'INP': 32}, {'CONV': [64, 3]}, ({'CONV': [32, 3]}, {'CONV': [64, 3]}), ({'CONV': [32, 3]}, {'CONV': [128, 5]}, {'POOLMAX': [-1, 2]}), ({'CONV': [32, 3]}, {'CONV': [128, 3]}), ({'CONV': [128, 3]}, {'CONV': [256, 3]}, {'POOLMAX': [-1, 2]}), ({'CONV': [128, 5]}, {'CONV': [256, 3]}), ({'CONV': [64, 3]}, {'CONV': [256, 3]}, {'POOLMAX': [-1, 2]}), ({'CONV': [64, 3]}, {'CONV': [256, 3]}), ({'CONV': [128, 3]}, {'CONV': [256, 5]}, {'POOLMAX': [-1, 2]}), {'GLOBAL_AVG': None}, {'LAST_DENSE': [100, 'softmax']}]",HHSE,NSGA2,,,,,0.7119205693982785,,,,819722240,3528356,,,,,,"[2, 5, 4, 38, 45, 22, 22, 39]",0.7309790569719672,0.0002602593943117,0.0,0.0,0.125,0.0,0.83,0,3,0,100,0,0.03,BEST,False,False,76,True,True,GREEDY,,,GREEDY_HV
BLMYZB[M][M][M][M],10,11,89,83,0.89,True,True,"[2, 5, 4, 38, 46, 22, 22, 39]",[],"[2.332606953000637, 5.957394262512914, 4.740985934273635, 38.16838131260834, 46.53289859071623, 22.14393109773269, 22.648779059739084, 39.95455424273305]","[{'INP': 32}, {'CONV': [64, 3]}, ({'CONV': [32, 3]}, {'CONV': [64, 3]}), ({'CONV': [32, 3]}, {'CONV': [128, 5]}, {'POOLMAX': [-1, 2]}), ({'CONV': [32, 3]}, {'CONV': [128, 3]}), ({'CONV': [128, 3]}, {'CONV': [256, 3]}, {'POOLMAX': [-1, 2]}), ({'CONV': [128, 5]}, {'CONV': [256, 3]}), ({'CONV': [64, 3]}, {'CONV': [256, 3]}, {'POOLMAX': [-1, 2]}), ({'CONV': [64, 3]}, {'CONV': [256, 3]}), ({'CONV': [128, 3]}, {'CONV': [256, 5]}, {'POOLMAX': [-1, 2]}), {'GLOBAL_AVG': None}, {'LAST_DENSE': [100, 'softmax']}]",HHSE,NSGA2,,,,,0.7119205693982785,,,,819722240,3528356,,,,,,"[2, 5, 4, 38, 45, 22, 22, 39]",0.7308002251051204,-0.000509914258852,0.0,0.0,0.125,0.0,0.83,0,0,0,100,0,0.0,BEST,False,False,76,True,True,GREEDY,,,GREEDY_HV
BLMYZB[M][M][M][M],10,11,90,83,0.9,True,True,"[2, 5, 4, 38, 46, 22, 22, 39]",[],"[2.332606953000637, 5.957394262512914, 4.740985934273635, 38.16838131260834, 46.53289859071623, 22.14393109773269, 22.648779059739084, 39.95455424273305]","[{'INP': 32}, {'CONV': [64, 3]}, ({'CONV': [32, 3]}, {'CONV': [64, 3]}), ({'CONV': [32, 3]}, {'CONV': [128, 5]}, {'POOLMAX': [-1, 2]}), ({'CONV': [32, 3]}, {'CONV': [128, 3]}), ({'CONV': [128, 3]}, {'CONV': [256, 3]}, {'POOLMAX': [-1, 2]}), ({'CONV': [128, 5]}, {'CONV': [256, 3]}), ({'CONV': [64, 3]}, {'CONV': [256, 3]}, {'POOLMAX': [-1, 2]}), ({'CONV': [64, 3]}, {'CONV': [256, 3]}), ({'CONV': [128, 3]}, {'CONV': [256, 5]}, {'POOLMAX': [-1, 2]}), {'GLOBAL_AVG': None}, {'LAST_DENSE': [100, 'softmax']}]",HHSE,NSGA2,,,,,0.7119205693982785,,,,819722240,3528356,,,,,,"[2, 5, 4, 38, 45, 22, 22, 39]",0.7308910205817645,3.265570796717743e-05,0.0,0.0,0.125,0.0,0.83,0,0,0,100,0,0.0,BEST,False,False,76,True,True,GREEDY,,,GREEDY_HV
BLMYZB[M][M][M][M],10,11,91,83,0.91,True,True,"[2, 5, 4, 38, 46, 22, 22, 39]",[],"[2.332606953000637, 5.957394262512914, 4.740985934273635, 38.16838131260834, 46.53289859071623, 22.14393109773269, 22.648779059739084, 39.95455424273305]","[{'INP': 32}, {'CONV': [64, 3]}, ({'CONV': [32, 3]}, {'CONV': [64, 3]}), ({'CONV': [32, 3]}, {'CONV': [128, 5]}, {'POOLMAX': [-1, 2]}), ({'CONV': [32, 3]}, {'CONV': [128, 3]}), ({'CONV': [128, 3]}, {'CONV': [256, 3]}, {'POOLMAX': [-1, 2]}), ({'CONV': [128, 5]}, {'CONV': [256, 3]}), ({'CONV': [64, 3]}, {'CONV': [256, 3]}, {'POOLMAX': [-1, 2]}), ({'CONV': [64, 3]}, {'CONV': [256, 3]}), ({'CONV': [128, 3]}, {'CONV': [256, 5]}, {'POOLMAX': [-1, 2]}), {'GLOBAL_AVG': None}, {'LAST_DENSE': [100, 'softmax']}]",HHSE,NSGA2,,,,,0.7119205693982785,,,,819722240,3528356,,,,,,"[2, 5, 4, 38, 45, 22, 22, 39]",0.7316953934404139,0.0006755426191679,0.0,0.0,0.125,0.0,0.83,0,0,0,100,0,0.0,BEST,False,False,76,True,True,GREEDY,,,GREEDY_HV
BLMYZB[M][M][M][M],10,11,92,83,0.92,True,True,"[2, 5, 4, 38, 46, 22, 22, 39]",[],"[2.332606953000637, 5.957394262512914, 4.740985934273635, 38.16838131260834, 46.53289859071623, 22.14393109773269, 22.648779059739084, 39.95455424273305]","[{'INP': 32}, {'CONV': [64, 3]}, ({'CONV': [32, 3]}, {'CONV': [64, 3]}), ({'CONV': [32, 3]}, {'CONV': [128, 5]}, {'POOLMAX': [-1, 2]}), ({'CONV': [32, 3]}, {'CONV': [128, 3]}), ({'CONV': [128, 3]}, {'CONV': [256, 3]}, {'POOLMAX': [-1, 2]}), ({'CONV': [128, 5]}, {'CONV': [256, 3]}), ({'CONV': [64, 3]}, {'CONV': [256, 3]}, {'POOLMAX': [-1, 2]}), ({'CONV': [64, 3]}, {'CONV': [256, 3]}), ({'CONV': [128, 3]}, {'CONV': [256, 5]}, {'POOLMAX': [-1, 2]}), {'GLOBAL_AVG': None}, {'LAST_DENSE': [100, 'softmax']}]",HHSE,NSGA2,,,,,0.7119205693982785,,,,819722240,3528356,,,,,,"[2, 5, 4, 38, 45, 22, 22, 39]",0.7318662659322509,0.0007540013202711,0.0,0.0,0.125,0.0,0.83,0,2,0,100,0,0.02,BEST,False,False,76,True,True,GREEDY,,,GREEDY_HV
BLMYZB[M][M][M][M],10,11,93,83,0.93,True,True,"[2, 5, 4, 38, 46, 22, 22, 39]",[],"[2.332606953000637, 5.957394262512914, 4.740985934273635, 38.16838131260834, 46.53289859071623, 22.14393109773269, 22.648779059739084, 39.95455424273305]","[{'INP': 32}, {'CONV': [64, 3]}, ({'CONV': [32, 3]}, {'CONV': [64, 3]}), ({'CONV': [32, 3]}, {'CONV': [128, 5]}, {'POOLMAX': [-1, 2]}), ({'CONV': [32, 3]}, {'CONV': [128, 3]}), ({'CONV': [128, 3]}, {'CONV': [256, 3]}, {'POOLMAX': [-1, 2]}), ({'CONV': [128, 5]}, {'CONV': [256, 3]}), ({'CONV': [64, 3]}, {'CONV': [256, 3]}, {'POOLMAX': [-1, 2]}), ({'CONV': [64, 3]}, {'CONV': [256, 3]}), ({'CONV': [128, 3]}, {'CONV': [256, 5]}, {'POOLMAX': [-1, 2]}), {'GLOBAL_AVG': None}, {'LAST_DENSE': [100, 'softmax']}]",HHSE,NSGA2,,,,,0.7119205693982785,,,,819722240,3528356,,,,,,"[2, 5, 4, 38, 45, 22, 22, 39]",0.7312230925911765,3.6859403920841416e-05,0.0,0.0,0.125,0.0,0.83,0,0,0,100,0,0.0,BEST,False,False,76,True,True,GREEDY,,,GREEDY_HV
BLMYZB[M][M][M][M],10,11,94,83,0.94,True,True,"[2, 5, 4, 38, 46, 22, 22, 39]",[],"[2.332606953000637, 5.957394262512914, 4.740985934273635, 38.16838131260834, 46.53289859071623, 22.14393109773269, 22.648779059739084, 39.95455424273305]","[{'INP': 32}, {'CONV': [64, 3]}, ({'CONV': [32, 3]}, {'CONV': [64, 3]}), ({'CONV': [32, 3]}, {'CONV': [128, 5]}, {'POOLMAX': [-1, 2]}), ({'CONV': [32, 3]}, {'CONV': [128, 3]}), ({'CONV': [128, 3]}, {'CONV': [256, 3]}, {'POOLMAX': [-1, 2]}), ({'CONV': [128, 5]}, {'CONV': [256, 3]}), ({'CONV': [64, 3]}, {'CONV': [256, 3]}, {'POOLMAX': [-1, 2]}), ({'CONV': [64, 3]}, {'CONV': [256, 3]}), ({'CONV': [128, 3]}, {'CONV': [256, 5]}, {'POOLMAX': [-1, 2]}), {'GLOBAL_AVG': None}, {'LAST_DENSE': [100, 'softmax']}]",HHSE,NSGA2,,,,,0.7119205693982785,,,,819722240,3528356,,,,,,"[2, 5, 4, 38, 45, 22, 22, 39]",0.7313476544559089,-0.0005888356955048,0.0,0.0,0.125,0.0,0.83,0,0,0,100,0,0.0,BEST,False,False,76,True,True,GREEDY,,,GREEDY_HV
BLMYZB[M][M][M][M],10,11,95,83,0.95,True,True,"[2, 5, 4, 38, 46, 22, 22, 39]",[],"[2.332606953000637, 5.957394262512914, 4.740985934273635, 38.16838131260834, 46.53289859071623, 22.14393109773269, 22.648779059739084, 39.95455424273305]","[{'INP': 32}, {'CONV': [64, 3]}, ({'CONV': [32, 3]}, {'CONV': [64, 3]}), ({'CONV': [32, 3]}, {'CONV': [128, 5]}, {'POOLMAX': [-1, 2]}), ({'CONV': [32, 3]}, {'CONV': [128, 3]}), ({'CONV': [128, 3]}, {'CONV': [256, 3]}, {'POOLMAX': [-1, 2]}), ({'CONV': [128, 5]}, {'CONV': [256, 3]}), ({'CONV': [64, 3]}, {'CONV': [256, 3]}, {'POOLMAX': [-1, 2]}), ({'CONV': [64, 3]}, {'CONV': [256, 3]}), ({'CONV': [128, 3]}, {'CONV': [256, 5]}, {'POOLMAX': [-1, 2]}), {'GLOBAL_AVG': None}, {'LAST_DENSE': [100, 'softmax']}]",HHSE,NSGA2,,,,,0.7119205693982785,,,,819722240,3528356,,,,,,"[2, 5, 4, 38, 45, 22, 22, 39]",0.7322373334262888,-2.8346542743085124e-06,0.0,0.0,0.125,0.0,0.83,0,1,0,100,0,0.01,BEST,False,False,76,True,True,GREEDY,,,GREEDY_HV
BZBSHS[M],10,11,96,96,0.96,True,True,"[14, 6, 4, 38, 46, 22, 22, 39]",[],"[14.91591634803089, 6.761784577453212, 4.365618669599767, 38.40668836391525, 46.0002828157573, 22.495387229414636, 22.892731424467843, 39.483658515423606]","[{'INP': 32}, {'CONV': [64, 3]}, ({'CONV': [32, 5]}, {'CONV': [256, 3]}), ({'CONV': [32, 3]}, {'CONV': [256, 3]}, {'POOLMAX': [-1, 2]}), ({'CONV': [32, 3]}, {'CONV': [128, 3]}), ({'CONV': [128, 3]}, {'CONV': [256, 3]}, {'POOLMAX': [-1, 2]}), ({'CONV': [128, 5]}, {'CONV': [256, 3]}), ({'CONV': [64, 3]}, {'CONV': [256, 3]}, {'POOLMAX': [-1, 2]}), ({'CONV': [64, 3]}, {'CONV': [256, 3]}), ({'CONV': [128, 3]}, {'CONV': [256, 5]}, {'POOLMAX': [-1, 2]}), {'GLOBAL_AVG': None}, {'LAST_DENSE': [100, 'softmax']}]",HHSE,NSGA2,,,,,0.7130741087523392,,,,1075640320,3681188,,,,,,"[14, 6, 4, 38, 46, 22, 22, 39]",0.732341043311271,-0.000638577260144,0.5,0.25,0.0,0.25,0.96,0,0,0,100,0,0.0,BEST,False,False,55,True,True,GREEDY,,,GREEDY_HV
BZBSHS[M],10,11,97,96,0.97,True,True,"[14, 6, 4, 38, 46, 22, 22, 39]",[],"[14.91591634803089, 6.761784577453212, 4.365618669599767, 38.40668836391525, 46.0002828157573, 22.495387229414636, 22.892731424467843, 39.483658515423606]","[{'INP': 32}, {'CONV': [64, 3]}, ({'CONV': [32, 5]}, {'CONV': [256, 3]}), ({'CONV': [32, 3]}, {'CONV': [256, 3]}, {'POOLMAX': [-1, 2]}), ({'CONV': [32, 3]}, {'CONV': [128, 3]}), ({'CONV': [128, 3]}, {'CONV': [256, 3]}, {'POOLMAX': [-1, 2]}), ({'CONV': [128, 5]}, {'CONV': [256, 3]}), ({'CONV': [64, 3]}, {'CONV': [256, 3]}, {'POOLMAX': [-1, 2]}), ({'CONV': [64, 3]}, {'CONV': [256, 3]}), ({'CONV': [128, 3]}, {'CONV': [256, 5]}, {'POOLMAX': [-1, 2]}), {'GLOBAL_AVG': None}, {'LAST_DENSE': [100, 'softmax']}]",HHSE,NSGA2,,,,,0.7130741087523392,,,,1075640320,3681188,,,,,,"[14, 6, 4, 38, 46, 22, 22, 39]",0.7334618984238371,-0.0007604075876389,0.5,0.25,0.0,0.0,0.96,0,0,0,100,0,0.0,BEST,False,False,55,True,True,GREEDY,,,GREEDY_HV
BBBXAU[M],10,11,98,98,0.98,True,True,"[14, 6, 2, 38, 15, 22, 22, 39]",[],"[14.925707552151612, 6.990063637848004, 2.4235045514094447, 38.9896891157948, 15.552536890860063, 22.96504476607207, 22.921914629126867, 39.28469951520631]","[{'INP': 32}, {'CONV': [64, 3]}, ({'CONV': [32, 5]}, {'CONV': [256, 3]}), ({'CONV': [32, 3]}, {'CONV': [256, 3]}, {'POOLMAX': [-1, 2]}), ({'CONV': [32, 3]}, {'CONV': [64, 3]}), ({'CONV': [128, 3]}, {'CONV': [256, 3]}, {'POOLMAX': [-1, 2]}), ({'CONV': [32, 5]}, {'CONV': [256, 5]}), ({'CONV': [64, 3]}, {'CONV': [256, 3]}, {'POOLMAX': [-1, 2]}), ({'CONV': [64, 3]}, {'CONV': [256, 3]}), ({'CONV': [128, 3]}, {'CONV': [256, 5]}, {'POOLMAX': [-1, 2]}), {'GLOBAL_AVG': None}, {'LAST_DENSE': [100, 'softmax']}]",HHSE,NSGA2,,,,,0.7139039111534128,,,,938164224,2883876,,,,,,"[14, 6, 2, 38, 15, 22, 22, 39]",0.7335383698424546,4.566811114159464e-06,0.375,0.5,0.0,0.25,0.98,0,0,0,100,0,0.0,BEST,False,False,41,True,True,GREEDY,,,GREEDY_HV
BYPTKE[M],10,11,99,99,0.99,True,True,"[14, 7, 2, 38, 14, 22, 23, 39]",[],"[14.771493553294098, 7.00048385688609, 2.068075236865943, 38.57313721690043, 14.427841211061537, 22.077112570081727, 23.44749609444336, 39.78885166774454]","[{'INP': 32}, {'CONV': [64, 3]}, ({'CONV': [32, 5]}, {'CONV': [256, 3]}), ({'CONV': [32, 3]}, {'CONV': [256, 5]}, {'POOLMAX': [-1, 2]}), ({'CONV': [32, 3]}, {'CONV': [64, 3]}), ({'CONV': [128, 3]}, {'CONV': [256, 3]}, {'POOLMAX': [-1, 2]}), ({'CONV': [32, 5]}, {'CONV': [256, 3]}), ({'CONV': [64, 3]}, {'CONV': [256, 3]}, {'POOLMAX': [-1, 2]}), ({'CONV': [64, 3]}, {'CONV': [256, 5]}), ({'CONV': [128, 3]}, {'CONV': [256, 5]}, {'POOLMAX': [-1, 2]}), {'GLOBAL_AVG': None}, {'LAST_DENSE': [100, 'softmax']}]",HHSE,NSGA2,,,,,0.7145177585966686,,,,1198211072,3146020,,,,,,"[14, 6, 2, 38, 14, 22, 23, 39]",0.7343519309743182,-8.435554755825692e-07,0.25,0.375,0.125,0.375,0.99,0,0,0,100,0,0.0,BEST,False,False,32,True,True,GREEDY,,,GREEDY_HV
BYPTKE[M],10,11,100,99,1.0,True,True,"[14, 7, 2, 38, 14, 22, 23, 39]",[],"[14.771493553294098, 7.00048385688609, 2.068075236865943, 38.57313721690043, 14.427841211061537, 22.077112570081727, 23.44749609444336, 39.78885166774454]","[{'INP': 32}, {'CONV': [64, 3]}, ({'CONV': [32, 5]}, {'CONV': [256, 3]}), ({'CONV': [32, 3]}, {'CONV': [256, 5]}, {'POOLMAX': [-1, 2]}), ({'CONV': [32, 3]}, {'CONV': [64, 3]}), ({'CONV': [128, 3]}, {'CONV': [256, 3]}, {'POOLMAX': [-1, 2]}), ({'CONV': [32, 5]}, {'CONV': [256, 3]}), ({'CONV': [64, 3]}, {'CONV': [256, 3]}, {'POOLMAX': [-1, 2]}), ({'CONV': [64, 3]}, {'CONV': [256, 5]}), ({'CONV': [128, 3]}, {'CONV': [256, 5]}, {'POOLMAX': [-1, 2]}), {'GLOBAL_AVG': None}, {'LAST_DENSE': [100, 'softmax']}]",HHSE,NSGA2,,,,,0.7145177585966686,,,,1198211072,3146020,,,,,,"[14, 6, 2, 38, 14, 22, 23, 39]",0.7350403578547389,-1.3085067234408498e-05,0.25,0.375,0.125,0.0,0.99,0,0,0,100,0,0.0,BEST,False,False,32,True,True,GREEDY,,,GREEDY_HV
BLAQXR[M],11,12,1,1,0.01,True,True,"[14, 4, 61, 52, 61, 4, 23, 14]",[],"[14.080907779884102, 4.475697476849411, 61.091656595228024, 52.57727494356516, 61.82710541843544, 4.578174335769863, 23.41100011814736, 14.179686606397498]","[{'INP': 32}, {'CONV': [64, 3]}, ({'CONV': [32, 5]}, {'CONV': [256, 3]}), ({'CONV': [32, 3]}, {'CONV': [128, 3]}, {'POOLMAX': [-1, 2]}), ({'CONV': [256, 5]}, {'CONV': [128, 5]}), ({'CONV': [256, 3]}, {'CONV': [128, 3]}, {'POOLMAX': [-1, 2]}), ({'CONV': [256, 5]}, {'CONV': [128, 5]}), ({'CONV': [32, 3]}, {'CONV': [128, 3]}, {'POOLMAX': [-1, 2]}), ({'CONV': [64, 3]}, {'CONV': [256, 5]}), ({'CONV': [32, 5]}, {'CONV': [256, 3]}, {'POOLMAX': [-1, 2]}), {'GLOBAL_AVG': None}, {'LAST_DENSE': [100, 'softmax']}]",HHSE,NSGA2,,,,,0.6893570998422076,,,,1874850304,4974884,,,,,,"[5, 10, 59, 8, 47, 8, 38, 10]",0.6771942150584002,0.0,0.5,0.5,1.0,0.0,0.01,0,15,0,100,0,0.15,BEST,False,False,324,True,True,GREEDY,,,GREEDY_HV
BLAQXR[M],11,12,2,1,0.02,True,True,"[14, 4, 61, 52, 61, 4, 23, 14]",[],"[14.080907779884102, 4.475697476849411, 61.091656595228024, 52.57727494356516, 61.82710541843544, 4.578174335769863, 23.41100011814736, 14.179686606397498]","[{'INP': 32}, {'CONV': [64, 3]}, ({'CONV': [32, 5]}, {'CONV': [256, 3]}), ({'CONV': [32, 3]}, {'CONV': [128, 3]}, {'POOLMAX': [-1, 2]}), ({'CONV': [256, 5]}, {'CONV': [128, 5]}), ({'CONV': [256, 3]}, {'CONV': [128, 3]}, {'POOLMAX': [-1, 2]}), ({'CONV': [256, 5]}, {'CONV': [128, 5]}), ({'CONV': [32, 3]}, {'CONV': [128, 3]}, {'POOLMAX': [-1, 2]}), ({'CONV': [64, 3]}, {'CONV': [256, 5]}), ({'CONV': [32, 5]}, {'CONV': [256, 3]}, {'POOLMAX': [-1, 2]}), {'GLOBAL_AVG': None}, {'LAST_DENSE': [100, 'softmax']}]",HHSE,NSGA2,,,,,0.6893570998422076,,,,1874850304,4974884,,,,,,"[5, 10, 59, 8, 47, 8, 38, 10]",0.6845133063676674,0.0008127465553008,0.5,0.5,1.0,0.0,0.01,0,5,0,100,0,0.05,BEST,False,False,324,True,True,GREEDY,,,GREEDY_HV
BWOATU[M],11,12,3,3,0.03,True,True,"[4, 35, 4, 38, 12, 54, 29, 4]",[],"[4.093071289550703, 35.087952014517185, 4.0659673289146605, 38.32504117443455, 12.362484692671904, 54.269248353368, 29.129466791592257, 4.646978363034572]","[{'INP': 32}, {'CONV': [64, 3]}, ({'CONV': [32, 3]}, {'CONV': [128, 3]}), ({'CONV': [128, 3]}, {'CONV': [64, 5]}, {'POOLMAX': [-1, 2]}), ({'CONV': [32, 3]}, {'CONV': [128, 3]}), ({'CONV': [128, 3]}, {'CONV': [256, 3]}, {'POOLMAX': [-1, 2]}), ({'CONV': [32, 5]}, {'CONV': [128, 3]}), ({'CONV': [256, 3]}, {'CONV': [256, 3]}, {'POOLMAX': [-1, 2]}), ({'CONV': [64, 5]}, {'CONV': [128, 5]}), ({'CONV': [32, 3]}, {'CONV': [128, 3]}, {'POOLMAX': [-1, 2]}), {'GLOBAL_AVG': None}, {'LAST_DENSE': [100, 'softmax']}]",HHSE,NSGA2,,,,,0.6970454628742738,,,,1262902272,2742308,,,,,,"[8, 22, 4, 49, 1, 26, 18, 12]",0.6976434926124393,0.0082767980438965,0.75,0.0,0.875,1.0,0.03,0,3,0,100,0,0.03,BEST,False,False,280,True,True,GREEDY,,,GREEDY_HV
BFFQXM[M][M],11,12,4,4,0.04,True,True,"[11, 43, 54, 38, 62, 45, 5, 55]",[],"[11.554711907228443, 43.78114793498034, 54.15974906403256, 38.49419926967561, 62.76614435453507, 45.128825313203606, 5.748451216562627, 55.96491863755166]","[{'INP': 32}, {'CONV': [64, 3]}, ({'CONV': [32, 5]}, {'CONV': [64, 5]}), ({'CONV': [128, 5]}, {'CONV': [64, 5]}, {'POOLMAX': [-1, 2]}), ({'CONV': [256, 3]}, {'CONV': [256, 3]}), ({'CONV': [128, 3]}, {'CONV': [256, 3]}, {'POOLMAX': [-1, 2]}), ({'CONV': [256, 5]}, {'CONV': [256, 3]}), ({'CONV': [128, 5]}, {'CONV': [128, 5]}, {'POOLMAX': [-1, 2]}), ({'CONV': [32, 3]}, {'CONV': [128, 5]}), ({'CONV': [256, 3]}, {'CONV': [256, 5]}, {'POOLMAX': [-1, 2]}), {'GLOBAL_AVG': None}, {'LAST_DENSE': [100, 'softmax']}]",HHSE,NSGA2,,,,,0.6973108982617497,,,,2244288000,7406884,,,,,,"[3, 0, 17, 31, 62, 38, 20, 51]",0.6980738690462576,-0.0002595678090303,0.0,0.0,0.875,0.875,0.04,0,1,0,100,0,0.01,BEST,False,False,278,True,True,GREEDY,,,GREEDY_HV
BFFQXM[M][M],11,12,5,4,0.05,True,True,"[11, 43, 54, 38, 62, 45, 5, 55]",[],"[11.554711907228443, 43.78114793498034, 54.15974906403256, 38.49419926967561, 62.76614435453507, 45.128825313203606, 5.748451216562627, 55.96491863755166]","[{'INP': 32}, {'CONV': [64, 3]}, ({'CONV': [32, 5]}, {'CONV': [64, 5]}), ({'CONV': [128, 5]}, {'CONV': [64, 5]}, {'POOLMAX': [-1, 2]}), ({'CONV': [256, 3]}, {'CONV': [256, 3]}), ({'CONV': [128, 3]}, {'CONV': [256, 3]}, {'POOLMAX': [-1, 2]}), ({'CONV': [256, 5]}, {'CONV': [256, 3]}), ({'CONV': [128, 5]}, {'CONV': [128, 5]}, {'POOLMAX': [-1, 2]}), ({'CONV': [32, 3]}, {'CONV': [128, 5]}), ({'CONV': [256, 3]}, {'CONV': [256, 5]}, {'POOLMAX': [-1, 2]}), {'GLOBAL_AVG': None}, {'LAST_DENSE': [100, 'softmax']}]",HHSE,NSGA2,,,,,0.6973108982617497,,,,2244288000,7406884,,,,,,"[3, 0, 17, 31, 62, 38, 20, 51]",0.6982675484722971,-0.0001735242264924,0.0,0.0,0.875,0.0,0.04,0,0,0,100,0,0.0,BEST,False,False,278,True,True,GREEDY,,,GREEDY_HV
BFFQXM[M][M],11,12,6,4,0.06,True,True,"[11, 43, 54, 38, 62, 45, 5, 55]",[],"[11.554711907228443, 43.78114793498034, 54.15974906403256, 38.49419926967561, 62.76614435453507, 45.128825313203606, 5.748451216562627, 55.96491863755166]","[{'INP': 32}, {'CONV': [64, 3]}, ({'CONV': [32, 5]}, {'CONV': [64, 5]}), ({'CONV': [128, 5]}, {'CONV': [64, 5]}, {'POOLMAX': [-1, 2]}), ({'CONV': [256, 3]}, {'CONV': [256, 3]}), ({'CONV': [128, 3]}, {'CONV': [256, 3]}, {'POOLMAX': [-1, 2]}), ({'CONV': [256, 5]}, {'CONV': [256, 3]}), ({'CONV': [128, 5]}, {'CONV': [128, 5]}, {'POOLMAX': [-1, 2]}), ({'CONV': [32, 3]}, {'CONV': [128, 5]}), ({'CONV': [256, 3]}, {'CONV': [256, 5]}, {'POOLMAX': [-1, 2]}), {'GLOBAL_AVG': None}, {'LAST_DENSE': [100, 'softmax']}]",HHSE,NSGA2,,,,,0.6973108982617497,,,,2244288000,7406884,,,,,,"[3, 0, 17, 31, 62, 38, 20, 51]",0.7081241222650121,-0.00060385724939,0.0,0.0,0.875,0.0,0.04,0,1,0,100,0,0.01,BEST,False,False,278,True,True,GREEDY,,,GREEDY_HV
BFFQXM[M][M],11,12,7,4,0.07,True,True,"[11, 43, 54, 38, 62, 45, 5, 55]",[],"[11.554711907228443, 43.78114793498034, 54.15974906403256, 38.49419926967561, 62.76614435453507, 45.128825313203606, 5.748451216562627, 55.96491863755166]","[{'INP': 32}, {'CONV': [64, 3]}, ({'CONV': [32, 5]}, {'CONV': [64, 5]}), ({'CONV': [128, 5]}, {'CONV': [64, 5]}, {'POOLMAX': [-1, 2]}), ({'CONV': [256, 3]}, {'CONV': [256, 3]}), ({'CONV': [128, 3]}, {'CONV': [256, 3]}, {'POOLMAX': [-1, 2]}), ({'CONV': [256, 5]}, {'CONV': [256, 3]}), ({'CONV': [128, 5]}, {'CONV': [128, 5]}, {'POOLMAX': [-1, 2]}), ({'CONV': [32, 3]}, {'CONV': [128, 5]}), ({'CONV': [256, 3]}, {'CONV': [256, 5]}, {'POOLMAX': [-1, 2]}), {'GLOBAL_AVG': None}, {'LAST_DENSE': [100, 'softmax']}]",HHSE,NSGA2,,,,,0.6973108982617497,,,,2244288000,7406884,,,,,,"[3, 0, 17, 31, 62, 38, 20, 51]",0.7081553279899586,-0.0022629826421474,0.0,0.0,0.875,0.0,0.04,0,1,0,100,0,0.01,BEST,False,False,278,True,True,GREEDY,,,GREEDY_HV
BFFQXM[M][M],11,12,8,4,0.08,True,True,"[11, 43, 54, 38, 62, 45, 5, 55]",[],"[11.554711907228443, 43.78114793498034, 54.15974906403256, 38.49419926967561, 62.76614435453507, 45.128825313203606, 5.748451216562627, 55.96491863755166]","[{'INP': 32}, {'CONV': [64, 3]}, ({'CONV': [32, 5]}, {'CONV': [64, 5]}), ({'CONV': [128, 5]}, {'CONV': [64, 5]}, {'POOLMAX': [-1, 2]}), ({'CONV': [256, 3]}, {'CONV': [256, 3]}), ({'CONV': [128, 3]}, {'CONV': [256, 3]}, {'POOLMAX': [-1, 2]}), ({'CONV': [256, 5]}, {'CONV': [256, 3]}), ({'CONV': [128, 5]}, {'CONV': [128, 5]}, {'POOLMAX': [-1, 2]}), ({'CONV': [32, 3]}, {'CONV': [128, 5]}), ({'CONV': [256, 3]}, {'CONV': [256, 5]}, {'POOLMAX': [-1, 2]}), {'GLOBAL_AVG': None}, {'LAST_DENSE': [100, 'softmax']}]",HHSE,NSGA2,,,,,0.6973108982617497,,,,2244288000,7406884,,,,,,"[3, 0, 17, 31, 62, 38, 20, 51]",0.7081406808501245,-0.0013661450627375,0.0,0.0,0.875,0.0,0.04,0,0,0,100,0,0.0,BEST,False,False,278,True,True,GREEDY,,,GREEDY_HV
BFFQXM[M][M],11,12,9,4,0.09,True,True,"[11, 43, 54, 38, 62, 45, 5, 55]",[],"[11.554711907228443, 43.78114793498034, 54.15974906403256, 38.49419926967561, 62.76614435453507, 45.128825313203606, 5.748451216562627, 55.96491863755166]","[{'INP': 32}, {'CONV': [64, 3]}, ({'CONV': [32, 5]}, {'CONV': [64, 5]}), ({'CONV': [128, 5]}, {'CONV': [64, 5]}, {'POOLMAX': [-1, 2]}), ({'CONV': [256, 3]}, {'CONV': [256, 3]}), ({'CONV': [128, 3]}, {'CONV': [256, 3]}, {'POOLMAX': [-1, 2]}), ({'CONV': [256, 5]}, {'CONV': [256, 3]}), ({'CONV': [128, 5]}, {'CONV': [128, 5]}, {'POOLMAX': [-1, 2]}), ({'CONV': [32, 3]}, {'CONV': [128, 5]}), ({'CONV': [256, 3]}, {'CONV': [256, 5]}, {'POOLMAX': [-1, 2]}), {'GLOBAL_AVG': None}, {'LAST_DENSE': [100, 'softmax']}]",HHSE,NSGA2,,,,,0.6973108982617497,,,,2244288000,7406884,,,,,,"[3, 0, 17, 31, 62, 38, 20, 51]",0.7081416818082577,-0.0002070484642709,0.0,0.0,0.875,0.0,0.04,0,0,0,100,0,0.0,BEST,False,False,278,True,True,GREEDY,,,GREEDY_HV
BFFQXM[M][M],11,12,10,4,0.1,True,True,"[11, 43, 54, 38, 62, 45, 5, 55]",[],"[11.554711907228443, 43.78114793498034, 54.15974906403256, 38.49419926967561, 62.76614435453507, 45.128825313203606, 5.748451216562627, 55.96491863755166]","[{'INP': 32}, {'CONV': [64, 3]}, ({'CONV': [32, 5]}, {'CONV': [64, 5]}), ({'CONV': [128, 5]}, {'CONV': [64, 5]}, {'POOLMAX': [-1, 2]}), ({'CONV': [256, 3]}, {'CONV': [256, 3]}), ({'CONV': [128, 3]}, {'CONV': [256, 3]}, {'POOLMAX': [-1, 2]}), ({'CONV': [256, 5]}, {'CONV': [256, 3]}), ({'CONV': [128, 5]}, {'CONV': [128, 5]}, {'POOLMAX': [-1, 2]}), ({'CONV': [32, 3]}, {'CONV': [128, 5]}), ({'CONV': [256, 3]}, {'CONV': [256, 5]}, {'POOLMAX': [-1, 2]}), {'GLOBAL_AVG': None}, {'LAST_DENSE': [100, 'softmax']}]",HHSE,NSGA2,,,,,0.6973108982617497,,,,2244288000,7406884,,,,,,"[3, 0, 17, 31, 62, 38, 20, 51]",0.7102685338514858,-0.0005898238201647,0.0,0.0,0.875,0.0,0.04,0,1,0,100,0,0.01,BEST,False,False,278,True,True,GREEDY,,,GREEDY_HV
BFFQXM[M][M],11,12,11,4,0.11,True,True,"[11, 43, 54, 38, 62, 45, 5, 55]",[],"[11.554711907228443, 43.78114793498034, 54.15974906403256, 38.49419926967561, 62.76614435453507, 45.128825313203606, 5.748451216562627, 55.96491863755166]","[{'INP': 32}, {'CONV': [64, 3]}, ({'CONV': [32, 5]}, {'CONV': [64, 5]}), ({'CONV': [128, 5]}, {'CONV': [64, 5]}, {'POOLMAX': [-1, 2]}), ({'CONV': [256, 3]}, {'CONV': [256, 3]}), ({'CONV': [128, 3]}, {'CONV': [256, 3]}, {'POOLMAX': [-1, 2]}), ({'CONV': [256, 5]}, {'CONV': [256, 3]}), ({'CONV': [128, 5]}, {'CONV': [128, 5]}, {'POOLMAX': [-1, 2]}), ({'CONV': [32, 3]}, {'CONV': [128, 5]}), ({'CONV': [256, 3]}, {'CONV': [256, 5]}, {'POOLMAX': [-1, 2]}), {'GLOBAL_AVG': None}, {'LAST_DENSE': [100, 'softmax']}]",HHSE,NSGA2,,,,,0.6973108982617497,,,,2244288000,7406884,,,,,,"[3, 0, 17, 31, 62, 38, 20, 51]",0.7086061294688015,-0.0002344925159325,0.0,0.0,0.875,0.0,0.04,0,0,0,100,0,0.0,BEST,False,False,278,True,True,GREEDY,,,GREEDY_HV
BGGWAB[M][M][M][M],11,12,12,12,0.12,True,True,"[6, 11, 3, 38, 52, 30, 21, 4]",[],"[6.231179101735305, 11.959800373814126, 3.5770488116872414, 38.24199889265066, 52.6736375316513, 30.03174458683782, 21.8883552626079, 4.5438976745446436]","[{'INP': 32}, {'CONV': [64, 3]}, ({'CONV': [32, 3]}, {'CONV': [256, 3]}), ({'CONV': [32, 5]}, {'CONV': [64, 5]}, {'POOLMAX': [-1, 2]}), ({'CONV': [32, 3]}, {'CONV': [64, 5]}), ({'CONV': [128, 3]}, {'CONV': [256, 3]}, {'POOLMAX': [-1, 2]}), ({'CONV': [256, 3]}, {'CONV': [128, 3]}), ({'CONV': [64, 5]}, {'CONV': [256, 3]}, {'POOLMAX': [-1, 2]}), ({'CONV': [64, 3]}, {'CONV': [128, 5]}), ({'CONV': [32, 3]}, {'CONV': [128, 3]}, {'POOLMAX': [-1, 2]}), {'GLOBAL_AVG': None}, {'LAST_DENSE': [100, 'softmax']}]",HHSE,NSGA2,,,,,0.6979814219842521,,,,1116718080,2471972,,,,,,"[8, 12, 13, 10, 0, 8, 33, 4]",0.7099107015042314,-4.009528020398889e-05,0.0,0.0,0.875,0.875,0.12,0,1,0,100,0,0.01,BEST,False,False,270,True,True,GREEDY,,,GREEDY_HV
BGGWAB[M][M][M][M],11,12,13,12,0.13,True,True,"[6, 11, 3, 38, 52, 30, 21, 4]",[],"[6.231179101735305, 11.959800373814126, 3.5770488116872414, 38.24199889265066, 52.6736375316513, 30.03174458683782, 21.8883552626079, 4.5438976745446436]","[{'INP': 32}, {'CONV': [64, 3]}, ({'CONV': [32, 3]}, {'CONV': [256, 3]}), ({'CONV': [32, 5]}, {'CONV': [64, 5]}, {'POOLMAX': [-1, 2]}), ({'CONV': [32, 3]}, {'CONV': [64, 5]}), ({'CONV': [128, 3]}, {'CONV': [256, 3]}, {'POOLMAX': [-1, 2]}), ({'CONV': [256, 3]}, {'CONV': [128, 3]}), ({'CONV': [64, 5]}, {'CONV': [256, 3]}, {'POOLMAX': [-1, 2]}), ({'CONV': [64, 3]}, {'CONV': [128, 5]}), ({'CONV': [32, 3]}, {'CONV': [128, 3]}, {'POOLMAX': [-1, 2]}), {'GLOBAL_AVG': None}, {'LAST_DENSE': [100, 'softmax']}]",HHSE,NSGA2,,,,,0.6979814219842521,,,,1116718080,2471972,,,,,,"[8, 12, 13, 10, 0, 8, 33, 4]",0.7110753535567269,-0.0041138448798893,0.0,0.0,0.875,0.0,0.12,0,1,0,100,0,0.01,BEST,False,False,270,True,True,GREEDY,,,GREEDY_HV
BGGWAB[M][M][M][M],11,12,14,12,0.14,True,True,"[6, 11, 3, 38, 52, 30, 21, 4]",[],"[6.231179101735305, 11.959800373814126, 3.5770488116872414, 38.24199889265066, 52.6736375316513, 30.03174458683782, 21.8883552626079, 4.5438976745446436]","[{'INP': 32}, {'CONV': [64, 3]}, ({'CONV': [32, 3]}, {'CONV': [256, 3]}), ({'CONV': [32, 5]}, {'CONV': [64, 5]}, {'POOLMAX': [-1, 2]}), ({'CONV': [32, 3]}, {'CONV': [64, 5]}), ({'CONV': [128, 3]}, {'CONV': [256, 3]}, {'POOLMAX': [-1, 2]}), ({'CONV': [256, 3]}, {'CONV': [128, 3]}), ({'CONV': [64, 5]}, {'CONV': [256, 3]}, {'POOLMAX': [-1, 2]}), ({'CONV': [64, 3]}, {'CONV': [128, 5]}), ({'CONV': [32, 3]}, {'CONV': [128, 3]}, {'POOLMAX': [-1, 2]}), {'GLOBAL_AVG': None}, {'LAST_DENSE': [100, 'softmax']}]",HHSE,NSGA2,,,,,0.6979814219842521,,,,1116718080,2471972,,,,,,"[8, 12, 13, 10, 0, 8, 33, 4]",0.7120198053512131,-0.0002746222819739,0.0,0.0,0.875,0.0,0.12,0,0,0,100,0,0.0,BEST,False,False,270,True,True,GREEDY,,,GREEDY_HV
BGGWAB[M][M][M][M],11,12,15,12,0.15,True,True,"[6, 11, 3, 38, 52, 30, 21, 4]",[],"[6.231179101735305, 11.959800373814126, 3.5770488116872414, 38.24199889265066, 52.6736375316513, 30.03174458683782, 21.8883552626079, 4.5438976745446436]","[{'INP': 32}, {'CONV': [64, 3]}, ({'CONV': [32, 3]}, {'CONV': [256, 3]}), ({'CONV': [32, 5]}, {'CONV': [64, 5]}, {'POOLMAX': [-1, 2]}), ({'CONV': [32, 3]}, {'CONV': [64, 5]}), ({'CONV': [128, 3]}, {'CONV': [256, 3]}, {'POOLMAX': [-1, 2]}), ({'CONV': [256, 3]}, {'CONV': [128, 3]}), ({'CONV': [64, 5]}, {'CONV': [256, 3]}, {'POOLMAX': [-1, 2]}), ({'CONV': [64, 3]}, {'CONV': [128, 5]}), ({'CONV': [32, 3]}, {'CONV': [128, 3]}, {'POOLMAX': [-1, 2]}), {'GLOBAL_AVG': None}, {'LAST_DENSE': [100, 'softmax']}]",HHSE,NSGA2,,,,,0.6979814219842521,,,,1116718080,2471972,,,,,,"[8, 12, 13, 10, 0, 8, 33, 4]",0.712068259935975,-0.0009113875214376,0.0,0.0,0.875,0.0,0.12,0,0,0,100,0,0.0,BEST,False,False,270,True,True,GREEDY,,,GREEDY_HV
BGGWAB[M][M][M][M],11,12,16,12,0.16,True,True,"[6, 11, 3, 38, 52, 30, 21, 4]",[],"[6.231179101735305, 11.959800373814126, 3.5770488116872414, 38.24199889265066, 52.6736375316513, 30.03174458683782, 21.8883552626079, 4.5438976745446436]","[{'INP': 32}, {'CONV': [64, 3]}, ({'CONV': [32, 3]}, {'CONV': [256, 3]}), ({'CONV': [32, 5]}, {'CONV': [64, 5]}, {'POOLMAX': [-1, 2]}), ({'CONV': [32, 3]}, {'CONV': [64, 5]}), ({'CONV': [128, 3]}, {'CONV': [256, 3]}, {'POOLMAX': [-1, 2]}), ({'CONV': [256, 3]}, {'CONV': [128, 3]}), ({'CONV': [64, 5]}, {'CONV': [256, 3]}, {'POOLMAX': [-1, 2]}), ({'CONV': [64, 3]}, {'CONV': [128, 5]}), ({'CONV': [32, 3]}, {'CONV': [128, 3]}, {'POOLMAX': [-1, 2]}), {'GLOBAL_AVG': None}, {'LAST_DENSE': [100, 'softmax']}]",HHSE,NSGA2,,,,,0.6979814219842521,,,,1116718080,2471972,,,,,,"[8, 12, 13, 10, 0, 8, 33, 4]",0.7120603285384923,-0.003521318684911,0.0,0.0,0.875,0.0,0.12,0,0,0,100,0,0.0,BEST,False,False,270,True,True,GREEDY,,,GREEDY_HV
BGGWAB[M][M][M][M],11,12,17,12,0.17,True,True,"[6, 11, 3, 38, 52, 30, 21, 4]",[],"[6.231179101735305, 11.959800373814126, 3.5770488116872414, 38.24199889265066, 52.6736375316513, 30.03174458683782, 21.8883552626079, 4.5438976745446436]","[{'INP': 32}, {'CONV': [64, 3]}, ({'CONV': [32, 3]}, {'CONV': [256, 3]}), ({'CONV': [32, 5]}, {'CONV': [64, 5]}, {'POOLMAX': [-1, 2]}), ({'CONV': [32, 3]}, {'CONV': [64, 5]}), ({'CONV': [128, 3]}, {'CONV': [256, 3]}, {'POOLMAX': [-1, 2]}), ({'CONV': [256, 3]}, {'CONV': [128, 3]}), ({'CONV': [64, 5]}, {'CONV': [256, 3]}, {'POOLMAX': [-1, 2]}), ({'CONV': [64, 3]}, {'CONV': [128, 5]}), ({'CONV': [32, 3]}, {'CONV': [128, 3]}, {'POOLMAX': [-1, 2]}), {'GLOBAL_AVG': None}, {'LAST_DENSE': [100, 'softmax']}]",HHSE,NSGA2,,,,,0.6979814219842521,,,,1116718080,2471972,,,,,,"[8, 12, 13, 10, 0, 8, 33, 4]",0.7120557669185564,-0.0004892893109429,0.0,0.0,0.875,0.0,0.12,0,0,0,100,0,0.0,BEST,False,False,270,True,True,GREEDY,,,GREEDY_HV
BGGWAB[M][M][M][M],11,12,18,12,0.18,True,True,"[6, 11, 3, 38, 52, 30, 21, 4]",[],"[6.231179101735305, 11.959800373814126, 3.5770488116872414, 38.24199889265066, 52.6736375316513, 30.03174458683782, 21.8883552626079, 4.5438976745446436]","[{'INP': 32}, {'CONV': [64, 3]}, ({'CONV': [32, 3]}, {'CONV': [256, 3]}), ({'CONV': [32, 5]}, {'CONV': [64, 5]}, {'POOLMAX': [-1, 2]}), ({'CONV': [32, 3]}, {'CONV': [64, 5]}), ({'CONV': [128, 3]}, {'CONV': [256, 3]}, {'POOLMAX': [-1, 2]}), ({'CONV': [256, 3]}, {'CONV': [128, 3]}), ({'CONV': [64, 5]}, {'CONV': [256, 3]}, {'POOLMAX': [-1, 2]}), ({'CONV': [64, 3]}, {'CONV': [128, 5]}), ({'CONV': [32, 3]}, {'CONV': [128, 3]}, {'POOLMAX': [-1, 2]}), {'GLOBAL_AVG': None}, {'LAST_DENSE': [100, 'softmax']}]",HHSE,NSGA2,,,,,0.6979814219842521,,,,1116718080,2471972,,,,,,"[8, 12, 13, 10, 0, 8, 33, 4]",0.713331268930312,-8.309151615848442e-05,0.0,0.0,0.875,0.0,0.12,0,1,0,100,0,0.01,BEST,False,False,270,True,True,GREEDY,,,GREEDY_HV
BGGWAB[M][M][M][M],11,12,19,12,0.19,True,True,"[6, 11, 3, 38, 52, 30, 21, 4]",[],"[6.231179101735305, 11.959800373814126, 3.5770488116872414, 38.24199889265066, 52.6736375316513, 30.03174458683782, 21.8883552626079, 4.5438976745446436]","[{'INP': 32}, {'CONV': [64, 3]}, ({'CONV': [32, 3]}, {'CONV': [256, 3]}), ({'CONV': [32, 5]}, {'CONV': [64, 5]}, {'POOLMAX': [-1, 2]}), ({'CONV': [32, 3]}, {'CONV': [64, 5]}), ({'CONV': [128, 3]}, {'CONV': [256, 3]}, {'POOLMAX': [-1, 2]}), ({'CONV': [256, 3]}, {'CONV': [128, 3]}), ({'CONV': [64, 5]}, {'CONV': [256, 3]}, {'POOLMAX': [-1, 2]}), ({'CONV': [64, 3]}, {'CONV': [128, 5]}), ({'CONV': [32, 3]}, {'CONV': [128, 3]}, {'POOLMAX': [-1, 2]}), {'GLOBAL_AVG': None}, {'LAST_DENSE': [100, 'softmax']}]",HHSE,NSGA2,,,,,0.6979814219842521,,,,1116718080,2471972,,,,,,"[8, 12, 13, 10, 0, 8, 33, 4]",0.7135227973647194,-0.0016770939670697,0.0,0.0,0.875,0.0,0.12,0,0,0,100,0,0.0,BEST,False,False,270,True,True,GREEDY,,,GREEDY_HV
BGGWAB[M][M][M][M],11,12,20,12,0.2,True,True,"[6, 11, 3, 38, 52, 30, 21, 4]",[],"[6.231179101735305, 11.959800373814126, 3.5770488116872414, 38.24199889265066, 52.6736375316513, 30.03174458683782, 21.8883552626079, 4.5438976745446436]","[{'INP': 32}, {'CONV': [64, 3]}, ({'CONV': [32, 3]}, {'CONV': [256, 3]}), ({'CONV': [32, 5]}, {'CONV': [64, 5]}, {'POOLMAX': [-1, 2]}), ({'CONV': [32, 3]}, {'CONV': [64, 5]}), ({'CONV': [128, 3]}, {'CONV': [256, 3]}, {'POOLMAX': [-1, 2]}), ({'CONV': [256, 3]}, {'CONV': [128, 3]}), ({'CONV': [64, 5]}, {'CONV': [256, 3]}, {'POOLMAX': [-1, 2]}), ({'CONV': [64, 3]}, {'CONV': [128, 5]}), ({'CONV': [32, 3]}, {'CONV': [128, 3]}, {'POOLMAX': [-1, 2]}), {'GLOBAL_AVG': None}, {'LAST_DENSE': [100, 'softmax']}]",HHSE,NSGA2,,,,,0.6979814219842521,,,,1116718080,2471972,,,,,,"[8, 12, 13, 10, 0, 8, 33, 4]",0.7134325741811374,-0.00027839491245,0.0,0.0,0.875,0.0,0.12,0,0,0,100,0,0.0,BEST,False,False,270,True,True,GREEDY,,,GREEDY_HV
BGGWAB[M][M][M][M],11,12,21,12,0.21,True,True,"[6, 11, 3, 38, 52, 30, 21, 4]",[],"[6.231179101735305, 11.959800373814126, 3.5770488116872414, 38.24199889265066, 52.6736375316513, 30.03174458683782, 21.8883552626079, 4.5438976745446436]","[{'INP': 32}, {'CONV': [64, 3]}, ({'CONV': [32, 3]}, {'CONV': [256, 3]}), ({'CONV': [32, 5]}, {'CONV': [64, 5]}, {'POOLMAX': [-1, 2]}), ({'CONV': [32, 3]}, {'CONV': [64, 5]}), ({'CONV': [128, 3]}, {'CONV': [256, 3]}, {'POOLMAX': [-1, 2]}), ({'CONV': [256, 3]}, {'CONV': [128, 3]}), ({'CONV': [64, 5]}, {'CONV': [256, 3]}, {'POOLMAX': [-1, 2]}), ({'CONV': [64, 3]}, {'CONV': [128, 5]}), ({'CONV': [32, 3]}, {'CONV': [128, 3]}, {'POOLMAX': [-1, 2]}), {'GLOBAL_AVG': None}, {'LAST_DENSE': [100, 'softmax']}]",HHSE,NSGA2,,,,,0.6979814219842521,,,,1116718080,2471972,,,,,,"[8, 12, 13, 10, 0, 8, 33, 4]",0.7134822529654746,-0.0004749159115734,0.0,0.0,0.875,0.0,0.12,0,0,0,100,0,0.0,BEST,False,False,270,True,True,GREEDY,,,GREEDY_HV
BGGWAB[M][M][M][M],11,12,22,12,0.22,True,True,"[6, 11, 3, 38, 52, 30, 21, 4]",[],"[6.231179101735305, 11.959800373814126, 3.5770488116872414, 38.24199889265066, 52.6736375316513, 30.03174458683782, 21.8883552626079, 4.5438976745446436]","[{'INP': 32}, {'CONV': [64, 3]}, ({'CONV': [32, 3]}, {'CONV': [256, 3]}), ({'CONV': [32, 5]}, {'CONV': [64, 5]}, {'POOLMAX': [-1, 2]}), ({'CONV': [32, 3]}, {'CONV': [64, 5]}), ({'CONV': [128, 3]}, {'CONV': [256, 3]}, {'POOLMAX': [-1, 2]}), ({'CONV': [256, 3]}, {'CONV': [128, 3]}), ({'CONV': [64, 5]}, {'CONV': [256, 3]}, {'POOLMAX': [-1, 2]}), ({'CONV': [64, 3]}, {'CONV': [128, 5]}), ({'CONV': [32, 3]}, {'CONV': [128, 3]}, {'POOLMAX': [-1, 2]}), {'GLOBAL_AVG': None}, {'LAST_DENSE': [100, 'softmax']}]",HHSE,NSGA2,,,,,0.6979814219842521,,,,1116718080,2471972,,,,,,"[8, 12, 13, 10, 0, 8, 33, 4]",0.7137449024784588,0.0001718153494028,0.0,0.0,0.875,0.0,0.12,0,0,0,100,0,0.0,BEST,False,False,270,True,True,GREEDY,,,GREEDY_HV
BNQTUC[M],11,12,23,23,0.23,True,True,"[38, 10, 43, 54, 62, 30, 4, 55]",[],"[38.469727740450864, 10.60864673966388, 43.12319900120113, 54.066982751373054, 62.492060102291106, 30.50406102651372, 4.501690371550597, 55.79205707791948]","[{'INP': 32}, {'CONV': [64, 3]}, ({'CONV': [128, 3]}, {'CONV': [256, 3]}), ({'CONV': [32, 5]}, {'CONV': [64, 3]}, {'POOLMAX': [-1, 2]}), ({'CONV': [128, 5]}, {'CONV': [64, 5]}), ({'CONV': [256, 3]}, {'CONV': [256, 3]}, {'POOLMAX': [-1, 2]}), ({'CONV': [256, 5]}, {'CONV': [256, 3]}), ({'CONV': [64, 5]}, {'CONV': [256, 3]}, {'POOLMAX': [-1, 2]}), ({'CONV': [32, 3]}, {'CONV': [128, 3]}), ({'CONV': [256, 3]}, {'CONV': [256, 5]}, {'POOLMAX': [-1, 2]}), {'GLOBAL_AVG': None}, {'LAST_DENSE': [100, 'softmax']}]",HHSE,NSGA2,,,,,0.6991130283477394,,,,2229480960,6606372,,,,,,"[33, 11, 0, 38, 52, 30, 6, 12]",0.713534395939975,-0.0001446749710469,0.5,0.5,0.875,0.875,0.23,0,1,0,100,0,0.01,BEST,False,False,259,True,True,GREEDY,,,GREEDY_HV
BNQTUC[M],11,12,24,23,0.24,True,True,"[38, 10, 43, 54, 62, 30, 4, 55]",[],"[38.469727740450864, 10.60864673966388, 43.12319900120113, 54.066982751373054, 62.492060102291106, 30.50406102651372, 4.501690371550597, 55.79205707791948]","[{'INP': 32}, {'CONV': [64, 3]}, ({'CONV': [128, 3]}, {'CONV': [256, 3]}), ({'CONV': [32, 5]}, {'CONV': [64, 3]}, {'POOLMAX': [-1, 2]}), ({'CONV': [128, 5]}, {'CONV': [64, 5]}), ({'CONV': [256, 3]}, {'CONV': [256, 3]}, {'POOLMAX': [-1, 2]}), ({'CONV': [256, 5]}, {'CONV': [256, 3]}), ({'CONV': [64, 5]}, {'CONV': [256, 3]}, {'POOLMAX': [-1, 2]}), ({'CONV': [32, 3]}, {'CONV': [128, 3]}), ({'CONV': [256, 3]}, {'CONV': [256, 5]}, {'POOLMAX': [-1, 2]}), {'GLOBAL_AVG': None}, {'LAST_DENSE': [100, 'softmax']}]",HHSE,NSGA2,,,,,0.6991130283477394,,,,2229480960,6606372,,,,,,"[33, 11, 0, 38, 52, 30, 6, 12]",0.7152257579146883,-0.0018730589942215,0.5,0.5,0.875,0.0,0.23,0,0,0,100,0,0.0,BEST,False,False,259,True,True,GREEDY,,,GREEDY_HV
BNQTUC[M],11,12,25,23,0.25,True,True,"[38, 10, 43, 54, 62, 30, 4, 55]",[],"[38.469727740450864, 10.60864673966388, 43.12319900120113, 54.066982751373054, 62.492060102291106, 30.50406102651372, 4.501690371550597, 55.79205707791948]","[{'INP': 32}, {'CONV': [64, 3]}, ({'CONV': [128, 3]}, {'CONV': [256, 3]}), ({'CONV': [32, 5]}, {'CONV': [64, 3]}, {'POOLMAX': [-1, 2]}), ({'CONV': [128, 5]}, {'CONV': [64, 5]}), ({'CONV': [256, 3]}, {'CONV': [256, 3]}, {'POOLMAX': [-1, 2]}), ({'CONV': [256, 5]}, {'CONV': [256, 3]}), ({'CONV': [64, 5]}, {'CONV': [256, 3]}, {'POOLMAX': [-1, 2]}), ({'CONV': [32, 3]}, {'CONV': [128, 3]}), ({'CONV': [256, 3]}, {'CONV': [256, 5]}, {'POOLMAX': [-1, 2]}), {'GLOBAL_AVG': None}, {'LAST_DENSE': [100, 'softmax']}]",HHSE,NSGA2,,,,,0.6991130283477394,,,,2229480960,6606372,,,,,,"[33, 11, 0, 38, 52, 30, 6, 12]",0.7152270376516184,-0.0003409416036214,0.5,0.5,0.875,0.0,0.23,0,0,0,100,0,0.0,BEST,False,False,259,True,True,GREEDY,,,GREEDY_HV
BNQTUC[M],11,12,26,23,0.26,True,True,"[38, 10, 43, 54, 62, 30, 4, 55]",[],"[38.469727740450864, 10.60864673966388, 43.12319900120113, 54.066982751373054, 62.492060102291106, 30.50406102651372, 4.501690371550597, 55.79205707791948]","[{'INP': 32}, {'CONV': [64, 3]}, ({'CONV': [128, 3]}, {'CONV': [256, 3]}), ({'CONV': [32, 5]}, {'CONV': [64, 3]}, {'POOLMAX': [-1, 2]}), ({'CONV': [128, 5]}, {'CONV': [64, 5]}), ({'CONV': [256, 3]}, {'CONV': [256, 3]}, {'POOLMAX': [-1, 2]}), ({'CONV': [256, 5]}, {'CONV': [256, 3]}), ({'CONV': [64, 5]}, {'CONV': [256, 3]}, {'POOLMAX': [-1, 2]}), ({'CONV': [32, 3]}, {'CONV': [128, 3]}), ({'CONV': [256, 3]}, {'CONV': [256, 5]}, {'POOLMAX': [-1, 2]}), {'GLOBAL_AVG': None}, {'LAST_DENSE': [100, 'softmax']}]",HHSE,NSGA2,,,,,0.6991130283477394,,,,2229480960,6606372,,,,,,"[33, 11, 0, 38, 52, 30, 6, 12]",0.7152484778629047,-0.0001757549169832,0.5,0.5,0.875,0.0,0.23,0,0,0,100,0,0.0,BEST,False,False,259,True,True,GREEDY,,,GREEDY_HV
BNQTUC[M],11,12,27,23,0.27,True,True,"[38, 10, 43, 54, 62, 30, 4, 55]",[],"[38.469727740450864, 10.60864673966388, 43.12319900120113, 54.066982751373054, 62.492060102291106, 30.50406102651372, 4.501690371550597, 55.79205707791948]","[{'INP': 32}, {'CONV': [64, 3]}, ({'CONV': [128, 3]}, {'CONV': [256, 3]}), ({'CONV': [32, 5]}, {'CONV': [64, 3]}, {'POOLMAX': [-1, 2]}), ({'CONV': [128, 5]}, {'CONV': [64, 5]}), ({'CONV': [256, 3]}, {'CONV': [256, 3]}, {'POOLMAX': [-1, 2]}), ({'CONV': [256, 5]}, {'CONV': [256, 3]}), ({'CONV': [64, 5]}, {'CONV': [256, 3]}, {'POOLMAX': [-1, 2]}), ({'CONV': [32, 3]}, {'CONV': [128, 3]}), ({'CONV': [256, 3]}, {'CONV': [256, 5]}, {'POOLMAX': [-1, 2]}), {'GLOBAL_AVG': None}, {'LAST_DENSE': [100, 'softmax']}]",HHSE,NSGA2,,,,,0.6991130283477394,,,,2229480960,6606372,,,,,,"[33, 11, 0, 38, 52, 30, 6, 12]",0.7152762839726511,-0.000311555051502,0.5,0.5,0.875,0.0,0.23,0,0,0,100,0,0.0,BEST,False,False,259,True,True,GREEDY,,,GREEDY_HV
BNQTUC[M],11,12,28,23,0.28,True,True,"[38, 10, 43, 54, 62, 30, 4, 55]",[],"[38.469727740450864, 10.60864673966388, 43.12319900120113, 54.066982751373054, 62.492060102291106, 30.50406102651372, 4.501690371550597, 55.79205707791948]","[{'INP': 32}, {'CONV': [64, 3]}, ({'CONV': [128, 3]}, {'CONV': [256, 3]}), ({'CONV': [32, 5]}, {'CONV': [64, 3]}, {'POOLMAX': [-1, 2]}), ({'CONV': [128, 5]}, {'CONV': [64, 5]}), ({'CONV': [256, 3]}, {'CONV': [256, 3]}, {'POOLMAX': [-1, 2]}), ({'CONV': [256, 5]}, {'CONV': [256, 3]}), ({'CONV': [64, 5]}, {'CONV': [256, 3]}, {'POOLMAX': [-1, 2]}), ({'CONV': [32, 3]}, {'CONV': [128, 3]}), ({'CONV': [256, 3]}, {'CONV': [256, 5]}, {'POOLMAX': [-1, 2]}), {'GLOBAL_AVG': None}, {'LAST_DENSE': [100, 'softmax']}]",HHSE,NSGA2,,,,,0.6991130283477394,,,,2229480960,6606372,,,,,,"[33, 11, 0, 38, 52, 30, 6, 12]",0.7163359661893738,-9.228238481295836e-05,0.5,0.5,0.875,0.0,0.23,0,0,0,100,0,0.0,BEST,False,False,259,True,True,GREEDY,,,GREEDY_HV
BNQTUC[M],11,12,29,23,0.29,True,True,"[38, 10, 43, 54, 62, 30, 4, 55]",[],"[38.469727740450864, 10.60864673966388, 43.12319900120113, 54.066982751373054, 62.492060102291106, 30.50406102651372, 4.501690371550597, 55.79205707791948]","[{'INP': 32}, {'CONV': [64, 3]}, ({'CONV': [128, 3]}, {'CONV': [256, 3]}), ({'CONV': [32, 5]}, {'CONV': [64, 3]}, {'POOLMAX': [-1, 2]}), ({'CONV': [128, 5]}, {'CONV': [64, 5]}), ({'CONV': [256, 3]}, {'CONV': [256, 3]}, {'POOLMAX': [-1, 2]}), ({'CONV': [256, 5]}, {'CONV': [256, 3]}), ({'CONV': [64, 5]}, {'CONV': [256, 3]}, {'POOLMAX': [-1, 2]}), ({'CONV': [32, 3]}, {'CONV': [128, 3]}), ({'CONV': [256, 3]}, {'CONV': [256, 5]}, {'POOLMAX': [-1, 2]}), {'GLOBAL_AVG': None}, {'LAST_DENSE': [100, 'softmax']}]",HHSE,NSGA2,,,,,0.6991130283477394,,,,2229480960,6606372,,,,,,"[33, 11, 0, 38, 52, 30, 6, 12]",0.7163441667576973,-2.730802378192454e-05,0.5,0.5,0.875,0.0,0.23,0,0,0,100,0,0.0,BEST,False,False,259,True,True,GREEDY,,,GREEDY_HV
BNQTUC[M],11,12,30,23,0.3,True,True,"[38, 10, 43, 54, 62, 30, 4, 55]",[],"[38.469727740450864, 10.60864673966388, 43.12319900120113, 54.066982751373054, 62.492060102291106, 30.50406102651372, 4.501690371550597, 55.79205707791948]","[{'INP': 32}, {'CONV': [64, 3]}, ({'CONV': [128, 3]}, {'CONV': [256, 3]}), ({'CONV': [32, 5]}, {'CONV': [64, 3]}, {'POOLMAX': [-1, 2]}), ({'CONV': [128, 5]}, {'CONV': [64, 5]}), ({'CONV': [256, 3]}, {'CONV': [256, 3]}, {'POOLMAX': [-1, 2]}), ({'CONV': [256, 5]}, {'CONV': [256, 3]}), ({'CONV': [64, 5]}, {'CONV': [256, 3]}, {'POOLMAX': [-1, 2]}), ({'CONV': [32, 3]}, {'CONV': [128, 3]}), ({'CONV': [256, 3]}, {'CONV': [256, 5]}, {'POOLMAX': [-1, 2]}), {'GLOBAL_AVG': None}, {'LAST_DENSE': [100, 'softmax']}]",HHSE,NSGA2,,,,,0.6991130283477394,,,,2229480960,6606372,,,,,,"[33, 11, 0, 38, 52, 30, 6, 12]",0.7163427425494726,-0.0002810017726174,0.5,0.5,0.875,0.0,0.23,0,0,0,100,0,0.0,BEST,False,False,259,True,True,GREEDY,,,GREEDY_HV
BNQTUC[M],11,12,31,23,0.31,True,True,"[38, 10, 43, 54, 62, 30, 4, 55]",[],"[38.469727740450864, 10.60864673966388, 43.12319900120113, 54.066982751373054, 62.492060102291106, 30.50406102651372, 4.501690371550597, 55.79205707791948]","[{'INP': 32}, {'CONV': [64, 3]}, ({'CONV': [128, 3]}, {'CONV': [256, 3]}), ({'CONV': [32, 5]}, {'CONV': [64, 3]}, {'POOLMAX': [-1, 2]}), ({'CONV': [128, 5]}, {'CONV': [64, 5]}), ({'CONV': [256, 3]}, {'CONV': [256, 3]}, {'POOLMAX': [-1, 2]}), ({'CONV': [256, 5]}, {'CONV': [256, 3]}), ({'CONV': [64, 5]}, {'CONV': [256, 3]}, {'POOLMAX': [-1, 2]}), ({'CONV': [32, 3]}, {'CONV': [128, 3]}), ({'CONV': [256, 3]}, {'CONV': [256, 5]}, {'POOLMAX': [-1, 2]}), {'GLOBAL_AVG': None}, {'LAST_DENSE': [100, 'softmax']}]",HHSE,NSGA2,,,,,0.6991130283477394,,,,2229480960,6606372,,,,,,"[33, 11, 0, 38, 52, 30, 6, 12]",0.7163434122709139,-0.0004442680398161,0.5,0.5,0.875,0.0,0.23,0,0,0,100,0,0.0,BEST,False,False,259,True,True,GREEDY,,,GREEDY_HV
BNQTUC[M],11,12,32,23,0.32,True,True,"[38, 10, 43, 54, 62, 30, 4, 55]",[],"[38.469727740450864, 10.60864673966388, 43.12319900120113, 54.066982751373054, 62.492060102291106, 30.50406102651372, 4.501690371550597, 55.79205707791948]","[{'INP': 32}, {'CONV': [64, 3]}, ({'CONV': [128, 3]}, {'CONV': [256, 3]}), ({'CONV': [32, 5]}, {'CONV': [64, 3]}, {'POOLMAX': [-1, 2]}), ({'CONV': [128, 5]}, {'CONV': [64, 5]}), ({'CONV': [256, 3]}, {'CONV': [256, 3]}, {'POOLMAX': [-1, 2]}), ({'CONV': [256, 5]}, {'CONV': [256, 3]}), ({'CONV': [64, 5]}, {'CONV': [256, 3]}, {'POOLMAX': [-1, 2]}), ({'CONV': [32, 3]}, {'CONV': [128, 3]}), ({'CONV': [256, 3]}, {'CONV': [256, 5]}, {'POOLMAX': [-1, 2]}), {'GLOBAL_AVG': None}, {'LAST_DENSE': [100, 'softmax']}]",HHSE,NSGA2,,,,,0.6991130283477394,,,,2229480960,6606372,,,,,,"[33, 11, 0, 38, 52, 30, 6, 12]",0.7163447406908037,-0.0001940304843559,0.5,0.5,0.875,0.0,0.23,0,0,0,100,0,0.0,BEST,False,False,259,True,True,GREEDY,,,GREEDY_HV
BNQTUC[M],11,12,33,23,0.33,True,True,"[38, 10, 43, 54, 62, 30, 4, 55]",[],"[38.469727740450864, 10.60864673966388, 43.12319900120113, 54.066982751373054, 62.492060102291106, 30.50406102651372, 4.501690371550597, 55.79205707791948]","[{'INP': 32}, {'CONV': [64, 3]}, ({'CONV': [128, 3]}, {'CONV': [256, 3]}), ({'CONV': [32, 5]}, {'CONV': [64, 3]}, {'POOLMAX': [-1, 2]}), ({'CONV': [128, 5]}, {'CONV': [64, 5]}), ({'CONV': [256, 3]}, {'CONV': [256, 3]}, {'POOLMAX': [-1, 2]}), ({'CONV': [256, 5]}, {'CONV': [256, 3]}), ({'CONV': [64, 5]}, {'CONV': [256, 3]}, {'POOLMAX': [-1, 2]}), ({'CONV': [32, 3]}, {'CONV': [128, 3]}), ({'CONV': [256, 3]}, {'CONV': [256, 5]}, {'POOLMAX': [-1, 2]}), {'GLOBAL_AVG': None}, {'LAST_DENSE': [100, 'softmax']}]",HHSE,NSGA2,,,,,0.6991130283477394,,,,2229480960,6606372,,,,,,"[33, 11, 0, 38, 52, 30, 6, 12]",0.716351102654119,-0.0011934449159088,0.5,0.5,0.875,0.0,0.23,0,1,0,100,0,0.01,BEST,False,False,259,True,True,GREEDY,,,GREEDY_HV
BNQTUC[M],11,12,34,23,0.34,True,True,"[38, 10, 43, 54, 62, 30, 4, 55]",[],"[38.469727740450864, 10.60864673966388, 43.12319900120113, 54.066982751373054, 62.492060102291106, 30.50406102651372, 4.501690371550597, 55.79205707791948]","[{'INP': 32}, {'CONV': [64, 3]}, ({'CONV': [128, 3]}, {'CONV': [256, 3]}), ({'CONV': [32, 5]}, {'CONV': [64, 3]}, {'POOLMAX': [-1, 2]}), ({'CONV': [128, 5]}, {'CONV': [64, 5]}), ({'CONV': [256, 3]}, {'CONV': [256, 3]}, {'POOLMAX': [-1, 2]}), ({'CONV': [256, 5]}, {'CONV': [256, 3]}), ({'CONV': [64, 5]}, {'CONV': [256, 3]}, {'POOLMAX': [-1, 2]}), ({'CONV': [32, 3]}, {'CONV': [128, 3]}), ({'CONV': [256, 3]}, {'CONV': [256, 5]}, {'POOLMAX': [-1, 2]}), {'GLOBAL_AVG': None}, {'LAST_DENSE': [100, 'softmax']}]",HHSE,NSGA2,,,,,0.6991130283477394,,,,2229480960,6606372,,,,,,"[33, 11, 0, 38, 52, 30, 6, 12]",0.7164567349037134,-4.86967573880559e-05,0.5,0.5,0.875,0.0,0.23,0,0,0,100,0,0.0,BEST,False,False,259,True,True,GREEDY,,,GREEDY_HV
BNQTUC[M],11,12,35,23,0.35,True,True,"[38, 10, 43, 54, 62, 30, 4, 55]",[],"[38.469727740450864, 10.60864673966388, 43.12319900120113, 54.066982751373054, 62.492060102291106, 30.50406102651372, 4.501690371550597, 55.79205707791948]","[{'INP': 32}, {'CONV': [64, 3]}, ({'CONV': [128, 3]}, {'CONV': [256, 3]}), ({'CONV': [32, 5]}, {'CONV': [64, 3]}, {'POOLMAX': [-1, 2]}), ({'CONV': [128, 5]}, {'CONV': [64, 5]}), ({'CONV': [256, 3]}, {'CONV': [256, 3]}, {'POOLMAX': [-1, 2]}), ({'CONV': [256, 5]}, {'CONV': [256, 3]}), ({'CONV': [64, 5]}, {'CONV': [256, 3]}, {'POOLMAX': [-1, 2]}), ({'CONV': [32, 3]}, {'CONV': [128, 3]}), ({'CONV': [256, 3]}, {'CONV': [256, 5]}, {'POOLMAX': [-1, 2]}), {'GLOBAL_AVG': None}, {'LAST_DENSE': [100, 'softmax']}]",HHSE,NSGA2,,,,,0.6991130283477394,,,,2229480960,6606372,,,,,,"[33, 11, 0, 38, 52, 30, 6, 12]",0.7167670920867524,-9.372878579982924e-05,0.5,0.5,0.875,0.0,0.23,0,1,0,100,0,0.01,BEST,False,False,259,True,True,GREEDY,,,GREEDY_HV
BNQTUC[M],11,12,36,23,0.36,True,True,"[38, 10, 43, 54, 62, 30, 4, 55]",[],"[38.469727740450864, 10.60864673966388, 43.12319900120113, 54.066982751373054, 62.492060102291106, 30.50406102651372, 4.501690371550597, 55.79205707791948]","[{'INP': 32}, {'CONV': [64, 3]}, ({'CONV': [128, 3]}, {'CONV': [256, 3]}), ({'CONV': [32, 5]}, {'CONV': [64, 3]}, {'POOLMAX': [-1, 2]}), ({'CONV': [128, 5]}, {'CONV': [64, 5]}), ({'CONV': [256, 3]}, {'CONV': [256, 3]}, {'POOLMAX': [-1, 2]}), ({'CONV': [256, 5]}, {'CONV': [256, 3]}), ({'CONV': [64, 5]}, {'CONV': [256, 3]}, {'POOLMAX': [-1, 2]}), ({'CONV': [32, 3]}, {'CONV': [128, 3]}), ({'CONV': [256, 3]}, {'CONV': [256, 5]}, {'POOLMAX': [-1, 2]}), {'GLOBAL_AVG': None}, {'LAST_DENSE': [100, 'softmax']}]",HHSE,NSGA2,,,,,0.6991130283477394,,,,2229480960,6606372,,,,,,"[33, 11, 0, 38, 52, 30, 6, 12]",0.7167610204930388,-0.0044965955883367,0.5,0.5,0.875,0.0,0.23,0,0,0,100,0,0.0,BEST,False,False,259,True,True,GREEDY,,,GREEDY_HV
BNQTUC[M],11,12,37,23,0.37,True,True,"[38, 10, 43, 54, 62, 30, 4, 55]",[],"[38.469727740450864, 10.60864673966388, 43.12319900120113, 54.066982751373054, 62.492060102291106, 30.50406102651372, 4.501690371550597, 55.79205707791948]","[{'INP': 32}, {'CONV': [64, 3]}, ({'CONV': [128, 3]}, {'CONV': [256, 3]}), ({'CONV': [32, 5]}, {'CONV': [64, 3]}, {'POOLMAX': [-1, 2]}), ({'CONV': [128, 5]}, {'CONV': [64, 5]}), ({'CONV': [256, 3]}, {'CONV': [256, 3]}, {'POOLMAX': [-1, 2]}), ({'CONV': [256, 5]}, {'CONV': [256, 3]}), ({'CONV': [64, 5]}, {'CONV': [256, 3]}, {'POOLMAX': [-1, 2]}), ({'CONV': [32, 3]}, {'CONV': [128, 3]}), ({'CONV': [256, 3]}, {'CONV': [256, 5]}, {'POOLMAX': [-1, 2]}), {'GLOBAL_AVG': None}, {'LAST_DENSE': [100, 'softmax']}]",HHSE,NSGA2,,,,,0.6991130283477394,,,,2229480960,6606372,,,,,,"[33, 11, 0, 38, 52, 30, 6, 12]",0.7167612540857322,-0.0016805536286466,0.5,0.5,0.875,0.0,0.23,0,0,0,100,0,0.0,BEST,False,False,259,True,True,GREEDY,,,GREEDY_HV
BNQTUC[M],11,12,38,23,0.38,True,True,"[38, 10, 43, 54, 62, 30, 4, 55]",[],"[38.469727740450864, 10.60864673966388, 43.12319900120113, 54.066982751373054, 62.492060102291106, 30.50406102651372, 4.501690371550597, 55.79205707791948]","[{'INP': 32}, {'CONV': [64, 3]}, ({'CONV': [128, 3]}, {'CONV': [256, 3]}), ({'CONV': [32, 5]}, {'CONV': [64, 3]}, {'POOLMAX': [-1, 2]}), ({'CONV': [128, 5]}, {'CONV': [64, 5]}), ({'CONV': [256, 3]}, {'CONV': [256, 3]}, {'POOLMAX': [-1, 2]}), ({'CONV': [256, 5]}, {'CONV': [256, 3]}), ({'CONV': [64, 5]}, {'CONV': [256, 3]}, {'POOLMAX': [-1, 2]}), ({'CONV': [32, 3]}, {'CONV': [128, 3]}), ({'CONV': [256, 3]}, {'CONV': [256, 5]}, {'POOLMAX': [-1, 2]}), {'GLOBAL_AVG': None}, {'LAST_DENSE': [100, 'softmax']}]",HHSE,NSGA2,,,,,0.6991130283477394,,,,2229480960,6606372,,,,,,"[33, 11, 0, 38, 52, 30, 6, 12]",0.7168274491905007,-0.0001557189575162,0.5,0.5,0.875,0.0,0.23,0,0,0,100,0,0.0,BEST,False,False,259,True,True,GREEDY,,,GREEDY_HV
BNQTUC[M],11,12,39,23,0.39,True,True,"[38, 10, 43, 54, 62, 30, 4, 55]",[],"[38.469727740450864, 10.60864673966388, 43.12319900120113, 54.066982751373054, 62.492060102291106, 30.50406102651372, 4.501690371550597, 55.79205707791948]","[{'INP': 32}, {'CONV': [64, 3]}, ({'CONV': [128, 3]}, {'CONV': [256, 3]}), ({'CONV': [32, 5]}, {'CONV': [64, 3]}, {'POOLMAX': [-1, 2]}), ({'CONV': [128, 5]}, {'CONV': [64, 5]}), ({'CONV': [256, 3]}, {'CONV': [256, 3]}, {'POOLMAX': [-1, 2]}), ({'CONV': [256, 5]}, {'CONV': [256, 3]}), ({'CONV': [64, 5]}, {'CONV': [256, 3]}, {'POOLMAX': [-1, 2]}), ({'CONV': [32, 3]}, {'CONV': [128, 3]}), ({'CONV': [256, 3]}, {'CONV': [256, 5]}, {'POOLMAX': [-1, 2]}), {'GLOBAL_AVG': None}, {'LAST_DENSE': [100, 'softmax']}]",HHSE,NSGA2,,,,,0.6991130283477394,,,,2229480960,6606372,,,,,,"[33, 11, 0, 38, 52, 30, 6, 12]",0.7168332358022425,-0.0002187294296585,0.5,0.5,0.875,0.0,0.23,0,0,0,100,0,0.0,BEST,False,False,259,True,True,GREEDY,,,GREEDY_HV
BZFFMM[M][M],11,12,40,40,0.4,True,True,"[0, 18, 12, 22, 46, 31, 54, 55]",[],"[0.1099531367208525, 18.8598814664653, 12.181795115768637, 22.678826820472697, 46.94753839187705, 31.336201282386188, 54.01571526852434, 55.547234804725775]","[{'INP': 32}, {'CONV': [64, 3]}, ({'CONV': [32, 3]}, {'CONV': [32, 3]}), ({'CONV': [64, 3]}, {'CONV': [64, 3]}, {'POOLMAX': [-1, 2]}), ({'CONV': [32, 5]}, {'CONV': [128, 3]}), ({'CONV': [64, 3]}, {'CONV': [256, 3]}, {'POOLMAX': [-1, 2]}), ({'CONV': [128, 5]}, {'CONV': [256, 3]}), ({'CONV': [64, 5]}, {'CONV': [256, 5]}, {'POOLMAX': [-1, 2]}), ({'CONV': [256, 3]}, {'CONV': [256, 3]}), ({'CONV': [256, 3]}, {'CONV': [256, 5]}, {'POOLMAX': [-1, 2]}), {'GLOBAL_AVG': None}, {'LAST_DENSE': [100, 'softmax']}]",HHSE,NSGA2,,,,,0.7004634736777082,,,,691149824,5770660,,,,,,"[0, 6, 38, 13, 44, 7, 54, 5]",0.7168332873792559,-0.0021753837304633,0.0,0.0,0.75,0.875,0.4,0,0,0,100,0,0.0,BEST,False,False,246,True,True,GREEDY,,,GREEDY_HV
BZFFMM[M][M],11,12,41,40,0.41,True,True,"[0, 18, 12, 22, 46, 31, 54, 55]",[],"[0.1099531367208525, 18.8598814664653, 12.181795115768637, 22.678826820472697, 46.94753839187705, 31.336201282386188, 54.01571526852434, 55.547234804725775]","[{'INP': 32}, {'CONV': [64, 3]}, ({'CONV': [32, 3]}, {'CONV': [32, 3]}), ({'CONV': [64, 3]}, {'CONV': [64, 3]}, {'POOLMAX': [-1, 2]}), ({'CONV': [32, 5]}, {'CONV': [128, 3]}), ({'CONV': [64, 3]}, {'CONV': [256, 3]}, {'POOLMAX': [-1, 2]}), ({'CONV': [128, 5]}, {'CONV': [256, 3]}), ({'CONV': [64, 5]}, {'CONV': [256, 5]}, {'POOLMAX': [-1, 2]}), ({'CONV': [256, 3]}, {'CONV': [256, 3]}), ({'CONV': [256, 3]}, {'CONV': [256, 5]}, {'POOLMAX': [-1, 2]}), {'GLOBAL_AVG': None}, {'LAST_DENSE': [100, 'softmax']}]",HHSE,NSGA2,,,,,0.7004634736777082,,,,691149824,5770660,,,,,,"[0, 6, 38, 13, 44, 7, 54, 5]",0.7180677451200215,-0.0026689061860654,0.0,0.0,0.75,0.0,0.4,0,0,0,100,0,0.0,BEST,False,False,246,True,True,GREEDY,,,GREEDY_HV
BZFFMM[M][M],11,12,42,40,0.42,True,True,"[0, 18, 12, 22, 46, 31, 54, 55]",[],"[0.1099531367208525, 18.8598814664653, 12.181795115768637, 22.678826820472697, 46.94753839187705, 31.336201282386188, 54.01571526852434, 55.547234804725775]","[{'INP': 32}, {'CONV': [64, 3]}, ({'CONV': [32, 3]}, {'CONV': [32, 3]}), ({'CONV': [64, 3]}, {'CONV': [64, 3]}, {'POOLMAX': [-1, 2]}), ({'CONV': [32, 5]}, {'CONV': [128, 3]}), ({'CONV': [64, 3]}, {'CONV': [256, 3]}, {'POOLMAX': [-1, 2]}), ({'CONV': [128, 5]}, {'CONV': [256, 3]}), ({'CONV': [64, 5]}, {'CONV': [256, 5]}, {'POOLMAX': [-1, 2]}), ({'CONV': [256, 3]}, {'CONV': [256, 3]}), ({'CONV': [256, 3]}, {'CONV': [256, 5]}, {'POOLMAX': [-1, 2]}), {'GLOBAL_AVG': None}, {'LAST_DENSE': [100, 'softmax']}]",HHSE,NSGA2,,,,,0.7004634736777082,,,,691149824,5770660,,,,,,"[0, 6, 38, 13, 44, 7, 54, 5]",0.718107833036256,-0.000130560143737,0.0,0.0,0.75,0.0,0.4,0,0,0,100,0,0.0,BEST,False,False,246,True,True,GREEDY,,,GREEDY_HV
BZFFMM[M][M],11,12,43,40,0.43,True,True,"[0, 18, 12, 22, 46, 31, 54, 55]",[],"[0.1099531367208525, 18.8598814664653, 12.181795115768637, 22.678826820472697, 46.94753839187705, 31.336201282386188, 54.01571526852434, 55.547234804725775]","[{'INP': 32}, {'CONV': [64, 3]}, ({'CONV': [32, 3]}, {'CONV': [32, 3]}), ({'CONV': [64, 3]}, {'CONV': [64, 3]}, {'POOLMAX': [-1, 2]}), ({'CONV': [32, 5]}, {'CONV': [128, 3]}), ({'CONV': [64, 3]}, {'CONV': [256, 3]}, {'POOLMAX': [-1, 2]}), ({'CONV': [128, 5]}, {'CONV': [256, 3]}), ({'CONV': [64, 5]}, {'CONV': [256, 5]}, {'POOLMAX': [-1, 2]}), ({'CONV': [256, 3]}, {'CONV': [256, 3]}), ({'CONV': [256, 3]}, {'CONV': [256, 5]}, {'POOLMAX': [-1, 2]}), {'GLOBAL_AVG': None}, {'LAST_DENSE': [100, 'softmax']}]",HHSE,NSGA2,,,,,0.7004634736777082,,,,691149824,5770660,,,,,,"[0, 6, 38, 13, 44, 7, 54, 5]",0.7181241515512675,-9.006163681457569e-05,0.0,0.0,0.75,0.0,0.4,0,0,0,100,0,0.0,BEST,False,False,246,True,True,GREEDY,,,GREEDY_HV
BZFFMM[M][M],11,12,44,40,0.44,True,True,"[0, 18, 12, 22, 46, 31, 54, 55]",[],"[0.1099531367208525, 18.8598814664653, 12.181795115768637, 22.678826820472697, 46.94753839187705, 31.336201282386188, 54.01571526852434, 55.547234804725775]","[{'INP': 32}, {'CONV': [64, 3]}, ({'CONV': [32, 3]}, {'CONV': [32, 3]}), ({'CONV': [64, 3]}, {'CONV': [64, 3]}, {'POOLMAX': [-1, 2]}), ({'CONV': [32, 5]}, {'CONV': [128, 3]}), ({'CONV': [64, 3]}, {'CONV': [256, 3]}, {'POOLMAX': [-1, 2]}), ({'CONV': [128, 5]}, {'CONV': [256, 3]}), ({'CONV': [64, 5]}, {'CONV': [256, 5]}, {'POOLMAX': [-1, 2]}), ({'CONV': [256, 3]}, {'CONV': [256, 3]}), ({'CONV': [256, 3]}, {'CONV': [256, 5]}, {'POOLMAX': [-1, 2]}), {'GLOBAL_AVG': None}, {'LAST_DENSE': [100, 'softmax']}]",HHSE,NSGA2,,,,,0.7004634736777082,,,,691149824,5770660,,,,,,"[0, 6, 38, 13, 44, 7, 54, 5]",0.7181224946746407,-0.0002070476901279,0.0,0.0,0.75,0.0,0.4,0,0,0,100,0,0.0,BEST,False,False,246,True,True,GREEDY,,,GREEDY_HV
BZFFMM[M][M],11,12,45,40,0.45,True,True,"[0, 18, 12, 22, 46, 31, 54, 55]",[],"[0.1099531367208525, 18.8598814664653, 12.181795115768637, 22.678826820472697, 46.94753839187705, 31.336201282386188, 54.01571526852434, 55.547234804725775]","[{'INP': 32}, {'CONV': [64, 3]}, ({'CONV': [32, 3]}, {'CONV': [32, 3]}), ({'CONV': [64, 3]}, {'CONV': [64, 3]}, {'POOLMAX': [-1, 2]}), ({'CONV': [32, 5]}, {'CONV': [128, 3]}), ({'CONV': [64, 3]}, {'CONV': [256, 3]}, {'POOLMAX': [-1, 2]}), ({'CONV': [128, 5]}, {'CONV': [256, 3]}), ({'CONV': [64, 5]}, {'CONV': [256, 5]}, {'POOLMAX': [-1, 2]}), ({'CONV': [256, 3]}, {'CONV': [256, 3]}), ({'CONV': [256, 3]}, {'CONV': [256, 5]}, {'POOLMAX': [-1, 2]}), {'GLOBAL_AVG': None}, {'LAST_DENSE': [100, 'softmax']}]",HHSE,NSGA2,,,,,0.7004634736777082,,,,691149824,5770660,,,,,,"[0, 6, 38, 13, 44, 7, 54, 5]",0.7181233455063425,-0.0003305027573805,0.0,0.0,0.75,0.0,0.4,0,0,0,100,0,0.0,BEST,False,False,246,True,True,GREEDY,,,GREEDY_HV
BZFFMM[M][M],11,12,46,40,0.46,True,True,"[0, 18, 12, 22, 46, 31, 54, 55]",[],"[0.1099531367208525, 18.8598814664653, 12.181795115768637, 22.678826820472697, 46.94753839187705, 31.336201282386188, 54.01571526852434, 55.547234804725775]","[{'INP': 32}, {'CONV': [64, 3]}, ({'CONV': [32, 3]}, {'CONV': [32, 3]}), ({'CONV': [64, 3]}, {'CONV': [64, 3]}, {'POOLMAX': [-1, 2]}), ({'CONV': [32, 5]}, {'CONV': [128, 3]}), ({'CONV': [64, 3]}, {'CONV': [256, 3]}, {'POOLMAX': [-1, 2]}), ({'CONV': [128, 5]}, {'CONV': [256, 3]}), ({'CONV': [64, 5]}, {'CONV': [256, 5]}, {'POOLMAX': [-1, 2]}), ({'CONV': [256, 3]}, {'CONV': [256, 3]}), ({'CONV': [256, 3]}, {'CONV': [256, 5]}, {'POOLMAX': [-1, 2]}), {'GLOBAL_AVG': None}, {'LAST_DENSE': [100, 'softmax']}]",HHSE,NSGA2,,,,,0.7004634736777082,,,,691149824,5770660,,,,,,"[0, 6, 38, 13, 44, 7, 54, 5]",0.7181287930877968,-0.0019117856366586,0.0,0.0,0.75,0.0,0.4,0,1,0,100,0,0.01,BEST,False,False,246,True,True,GREEDY,,,GREEDY_HV
BZFFMM[M][M],11,12,47,40,0.47,True,True,"[0, 18, 12, 22, 46, 31, 54, 55]",[],"[0.1099531367208525, 18.8598814664653, 12.181795115768637, 22.678826820472697, 46.94753839187705, 31.336201282386188, 54.01571526852434, 55.547234804725775]","[{'INP': 32}, {'CONV': [64, 3]}, ({'CONV': [32, 3]}, {'CONV': [32, 3]}), ({'CONV': [64, 3]}, {'CONV': [64, 3]}, {'POOLMAX': [-1, 2]}), ({'CONV': [32, 5]}, {'CONV': [128, 3]}), ({'CONV': [64, 3]}, {'CONV': [256, 3]}, {'POOLMAX': [-1, 2]}), ({'CONV': [128, 5]}, {'CONV': [256, 3]}), ({'CONV': [64, 5]}, {'CONV': [256, 5]}, {'POOLMAX': [-1, 2]}), ({'CONV': [256, 3]}, {'CONV': [256, 3]}), ({'CONV': [256, 3]}, {'CONV': [256, 5]}, {'POOLMAX': [-1, 2]}), {'GLOBAL_AVG': None}, {'LAST_DENSE': [100, 'softmax']}]",HHSE,NSGA2,,,,,0.7004634736777082,,,,691149824,5770660,,,,,,"[0, 6, 38, 13, 44, 7, 54, 5]",0.7182301427239166,-0.000509520296433,0.0,0.0,0.75,0.0,0.4,0,0,0,100,0,0.0,BEST,False,False,246,True,True,GREEDY,,,GREEDY_HV
BZFFMM[M][M],11,12,48,40,0.48,True,True,"[0, 18, 12, 22, 46, 31, 54, 55]",[],"[0.1099531367208525, 18.8598814664653, 12.181795115768637, 22.678826820472697, 46.94753839187705, 31.336201282386188, 54.01571526852434, 55.547234804725775]","[{'INP': 32}, {'CONV': [64, 3]}, ({'CONV': [32, 3]}, {'CONV': [32, 3]}), ({'CONV': [64, 3]}, {'CONV': [64, 3]}, {'POOLMAX': [-1, 2]}), ({'CONV': [32, 5]}, {'CONV': [128, 3]}), ({'CONV': [64, 3]}, {'CONV': [256, 3]}, {'POOLMAX': [-1, 2]}), ({'CONV': [128, 5]}, {'CONV': [256, 3]}), ({'CONV': [64, 5]}, {'CONV': [256, 5]}, {'POOLMAX': [-1, 2]}), ({'CONV': [256, 3]}, {'CONV': [256, 3]}), ({'CONV': [256, 3]}, {'CONV': [256, 5]}, {'POOLMAX': [-1, 2]}), {'GLOBAL_AVG': None}, {'LAST_DENSE': [100, 'softmax']}]",HHSE,NSGA2,,,,,0.7004634736777082,,,,691149824,5770660,,,,,,"[0, 6, 38, 13, 44, 7, 54, 5]",0.7181453775327609,-0.0005618248583818,0.0,0.0,0.75,0.0,0.4,0,0,0,100,0,0.0,BEST,False,False,246,True,True,GREEDY,,,GREEDY_HV
BZFFMM[M][M],11,12,49,40,0.49,True,True,"[0, 18, 12, 22, 46, 31, 54, 55]",[],"[0.1099531367208525, 18.8598814664653, 12.181795115768637, 22.678826820472697, 46.94753839187705, 31.336201282386188, 54.01571526852434, 55.547234804725775]","[{'INP': 32}, {'CONV': [64, 3]}, ({'CONV': [32, 3]}, {'CONV': [32, 3]}), ({'CONV': [64, 3]}, {'CONV': [64, 3]}, {'POOLMAX': [-1, 2]}), ({'CONV': [32, 5]}, {'CONV': [128, 3]}), ({'CONV': [64, 3]}, {'CONV': [256, 3]}, {'POOLMAX': [-1, 2]}), ({'CONV': [128, 5]}, {'CONV': [256, 3]}), ({'CONV': [64, 5]}, {'CONV': [256, 5]}, {'POOLMAX': [-1, 2]}), ({'CONV': [256, 3]}, {'CONV': [256, 3]}), ({'CONV': [256, 3]}, {'CONV': [256, 5]}, {'POOLMAX': [-1, 2]}), {'GLOBAL_AVG': None}, {'LAST_DENSE': [100, 'softmax']}]",HHSE,NSGA2,,,,,0.7004634736777082,,,,691149824,5770660,,,,,,"[0, 6, 38, 13, 44, 7, 54, 5]",0.7181478635181295,-0.0014514855456007,0.0,0.0,0.75,0.0,0.4,0,0,0,100,0,0.0,BEST,False,False,246,True,True,GREEDY,,,GREEDY_HV
BZFFMM[M][M],11,12,50,40,0.5,True,True,"[0, 18, 12, 22, 46, 31, 54, 55]",[],"[0.1099531367208525, 18.8598814664653, 12.181795115768637, 22.678826820472697, 46.94753839187705, 31.336201282386188, 54.01571526852434, 55.547234804725775]","[{'INP': 32}, {'CONV': [64, 3]}, ({'CONV': [32, 3]}, {'CONV': [32, 3]}), ({'CONV': [64, 3]}, {'CONV': [64, 3]}, {'POOLMAX': [-1, 2]}), ({'CONV': [32, 5]}, {'CONV': [128, 3]}), ({'CONV': [64, 3]}, {'CONV': [256, 3]}, {'POOLMAX': [-1, 2]}), ({'CONV': [128, 5]}, {'CONV': [256, 3]}), ({'CONV': [64, 5]}, {'CONV': [256, 5]}, {'POOLMAX': [-1, 2]}), ({'CONV': [256, 3]}, {'CONV': [256, 3]}), ({'CONV': [256, 3]}, {'CONV': [256, 5]}, {'POOLMAX': [-1, 2]}), {'GLOBAL_AVG': None}, {'LAST_DENSE': [100, 'softmax']}]",HHSE,NSGA2,,,,,0.7004634736777082,,,,691149824,5770660,,,,,,"[0, 6, 38, 13, 44, 7, 54, 5]",0.7181825902475907,-0.0013241582906518,0.0,0.0,0.75,0.0,0.4,0,0,0,100,0,0.0,BEST,False,False,246,True,True,GREEDY,,,GREEDY_HV
BZFFMM[M][M],11,12,51,40,0.51,True,True,"[0, 18, 12, 22, 46, 31, 54, 55]",[],"[0.1099531367208525, 18.8598814664653, 12.181795115768637, 22.678826820472697, 46.94753839187705, 31.336201282386188, 54.01571526852434, 55.547234804725775]","[{'INP': 32}, {'CONV': [64, 3]}, ({'CONV': [32, 3]}, {'CONV': [32, 3]}), ({'CONV': [64, 3]}, {'CONV': [64, 3]}, {'POOLMAX': [-1, 2]}), ({'CONV': [32, 5]}, {'CONV': [128, 3]}), ({'CONV': [64, 3]}, {'CONV': [256, 3]}, {'POOLMAX': [-1, 2]}), ({'CONV': [128, 5]}, {'CONV': [256, 3]}), ({'CONV': [64, 5]}, {'CONV': [256, 5]}, {'POOLMAX': [-1, 2]}), ({'CONV': [256, 3]}, {'CONV': [256, 3]}), ({'CONV': [256, 3]}, {'CONV': [256, 5]}, {'POOLMAX': [-1, 2]}), {'GLOBAL_AVG': None}, {'LAST_DENSE': [100, 'softmax']}]",HHSE,NSGA2,,,,,0.7004634736777082,,,,691149824,5770660,,,,,,"[0, 6, 38, 13, 44, 7, 54, 5]",0.7181954519994304,-0.0002339923221507,0.0,0.0,0.75,0.0,0.4,0,0,0,100,0,0.0,BEST,False,False,246,True,True,GREEDY,,,GREEDY_HV
BZFFMM[M][M],11,12,52,40,0.52,True,True,"[0, 18, 12, 22, 46, 31, 54, 55]",[],"[0.1099531367208525, 18.8598814664653, 12.181795115768637, 22.678826820472697, 46.94753839187705, 31.336201282386188, 54.01571526852434, 55.547234804725775]","[{'INP': 32}, {'CONV': [64, 3]}, ({'CONV': [32, 3]}, {'CONV': [32, 3]}), ({'CONV': [64, 3]}, {'CONV': [64, 3]}, {'POOLMAX': [-1, 2]}), ({'CONV': [32, 5]}, {'CONV': [128, 3]}), ({'CONV': [64, 3]}, {'CONV': [256, 3]}, {'POOLMAX': [-1, 2]}), ({'CONV': [128, 5]}, {'CONV': [256, 3]}), ({'CONV': [64, 5]}, {'CONV': [256, 5]}, {'POOLMAX': [-1, 2]}), ({'CONV': [256, 3]}, {'CONV': [256, 3]}), ({'CONV': [256, 3]}, {'CONV': [256, 5]}, {'POOLMAX': [-1, 2]}), {'GLOBAL_AVG': None}, {'LAST_DENSE': [100, 'softmax']}]",HHSE,NSGA2,,,,,0.7004634736777082,,,,691149824,5770660,,,,,,"[0, 6, 38, 13, 44, 7, 54, 5]",0.7182471964746374,-0.0027470881884905,0.0,0.0,0.75,0.0,0.4,0,0,0,100,0,0.0,BEST,False,False,246,True,True,GREEDY,,,GREEDY_HV
BZFFMM[M][M],11,12,53,40,0.53,True,True,"[0, 18, 12, 22, 46, 31, 54, 55]",[],"[0.1099531367208525, 18.8598814664653, 12.181795115768637, 22.678826820472697, 46.94753839187705, 31.336201282386188, 54.01571526852434, 55.547234804725775]","[{'INP': 32}, {'CONV': [64, 3]}, ({'CONV': [32, 3]}, {'CONV': [32, 3]}), ({'CONV': [64, 3]}, {'CONV': [64, 3]}, {'POOLMAX': [-1, 2]}), ({'CONV': [32, 5]}, {'CONV': [128, 3]}), ({'CONV': [64, 3]}, {'CONV': [256, 3]}, {'POOLMAX': [-1, 2]}), ({'CONV': [128, 5]}, {'CONV': [256, 3]}), ({'CONV': [64, 5]}, {'CONV': [256, 5]}, {'POOLMAX': [-1, 2]}), ({'CONV': [256, 3]}, {'CONV': [256, 3]}), ({'CONV': [256, 3]}, {'CONV': [256, 5]}, {'POOLMAX': [-1, 2]}), {'GLOBAL_AVG': None}, {'LAST_DENSE': [100, 'softmax']}]",HHSE,NSGA2,,,,,0.7004634736777082,,,,691149824,5770660,,,,,,"[0, 6, 38, 13, 44, 7, 54, 5]",0.7182542038029369,-0.0002201820572139,0.0,0.0,0.75,0.0,0.4,0,0,0,100,0,0.0,BEST,False,False,246,True,True,GREEDY,,,GREEDY_HV
BZFFMM[M][M],11,12,54,40,0.54,True,True,"[0, 18, 12, 22, 46, 31, 54, 55]",[],"[0.1099531367208525, 18.8598814664653, 12.181795115768637, 22.678826820472697, 46.94753839187705, 31.336201282386188, 54.01571526852434, 55.547234804725775]","[{'INP': 32}, {'CONV': [64, 3]}, ({'CONV': [32, 3]}, {'CONV': [32, 3]}), ({'CONV': [64, 3]}, {'CONV': [64, 3]}, {'POOLMAX': [-1, 2]}), ({'CONV': [32, 5]}, {'CONV': [128, 3]}), ({'CONV': [64, 3]}, {'CONV': [256, 3]}, {'POOLMAX': [-1, 2]}), ({'CONV': [128, 5]}, {'CONV': [256, 3]}), ({'CONV': [64, 5]}, {'CONV': [256, 5]}, {'POOLMAX': [-1, 2]}), ({'CONV': [256, 3]}, {'CONV': [256, 3]}), ({'CONV': [256, 3]}, {'CONV': [256, 5]}, {'POOLMAX': [-1, 2]}), {'GLOBAL_AVG': None}, {'LAST_DENSE': [100, 'softmax']}]",HHSE,NSGA2,,,,,0.7004634736777082,,,,691149824,5770660,,,,,,"[0, 6, 38, 13, 44, 7, 54, 5]",0.7182524746834762,-0.0002094461110543,0.0,0.0,0.75,0.0,0.4,0,0,0,100,0,0.0,BEST,False,False,246,True,True,GREEDY,,,GREEDY_HV
BHQQTD[M],11,12,55,55,0.55,True,True,"[4, 22, 7, 38, 46, 22, 27, 37]",[],"[4.792507108940601, 22.363334479472197, 7.20003509063395, 38.629750740001334, 46.509793097675235, 22.36600137949784, 27.42698527253315, 37.63805187829306]","[{'INP': 32}, {'CONV': [64, 3]}, ({'CONV': [32, 3]}, {'CONV': [128, 3]}), ({'CONV': [64, 3]}, {'CONV': [256, 3]}, {'POOLMAX': [-1, 2]}), ({'CONV': [32, 3]}, {'CONV': [256, 5]}), ({'CONV': [128, 3]}, {'CONV': [256, 3]}, {'POOLMAX': [-1, 2]}), ({'CONV': [128, 5]}, {'CONV': [256, 3]}), ({'CONV': [64, 3]}, {'CONV': [256, 3]}, {'POOLMAX': [-1, 2]}), ({'CONV': [64, 5]}, {'CONV': [64, 5]}), ({'CONV': [128, 3]}, {'CONV': [128, 5]}, {'POOLMAX': [-1, 2]}), {'GLOBAL_AVG': None}, {'LAST_DENSE': [100, 'softmax']}]",HHSE,NSGA2,,,,,0.7044939473728403,,,,1231883776,3573028,,,,,,"[0, 3, 2, 38, 52, 30, 21, 31]",0.7183124224891898,-0.0005030393476043,0.5,0.5,0.875,0.875,0.55,0,0,0,100,0,0.0,BEST,False,False,199,True,True,GREEDY,,,GREEDY_HV
BHQQTD[M],11,12,56,55,0.56,True,True,"[4, 22, 7, 38, 46, 22, 27, 37]",[],"[4.792507108940601, 22.363334479472197, 7.20003509063395, 38.629750740001334, 46.509793097675235, 22.36600137949784, 27.42698527253315, 37.63805187829306]","[{'INP': 32}, {'CONV': [64, 3]}, ({'CONV': [32, 3]}, {'CONV': [128, 3]}), ({'CONV': [64, 3]}, {'CONV': [256, 3]}, {'POOLMAX': [-1, 2]}), ({'CONV': [32, 3]}, {'CONV': [256, 5]}), ({'CONV': [128, 3]}, {'CONV': [256, 3]}, {'POOLMAX': [-1, 2]}), ({'CONV': [128, 5]}, {'CONV': [256, 3]}), ({'CONV': [64, 3]}, {'CONV': [256, 3]}, {'POOLMAX': [-1, 2]}), ({'CONV': [64, 5]}, {'CONV': [64, 5]}), ({'CONV': [128, 3]}, {'CONV': [128, 5]}, {'POOLMAX': [-1, 2]}), {'GLOBAL_AVG': None}, {'LAST_DENSE': [100, 'softmax']}]",HHSE,NSGA2,,,,,0.7044939473728403,,,,1231883776,3573028,,,,,,"[0, 3, 2, 38, 52, 30, 21, 31]",0.7218048407525681,-3.963738872370115e-05,0.5,0.5,0.875,0.0,0.55,0,0,0,100,0,0.0,BEST,False,False,199,True,True,GREEDY,,,GREEDY_HV
BHQQTD[M],11,12,57,55,0.57,True,True,"[4, 22, 7, 38, 46, 22, 27, 37]",[],"[4.792507108940601, 22.363334479472197, 7.20003509063395, 38.629750740001334, 46.509793097675235, 22.36600137949784, 27.42698527253315, 37.63805187829306]","[{'INP': 32}, {'CONV': [64, 3]}, ({'CONV': [32, 3]}, {'CONV': [128, 3]}), ({'CONV': [64, 3]}, {'CONV': [256, 3]}, {'POOLMAX': [-1, 2]}), ({'CONV': [32, 3]}, {'CONV': [256, 5]}), ({'CONV': [128, 3]}, {'CONV': [256, 3]}, {'POOLMAX': [-1, 2]}), ({'CONV': [128, 5]}, {'CONV': [256, 3]}), ({'CONV': [64, 3]}, {'CONV': [256, 3]}, {'POOLMAX': [-1, 2]}), ({'CONV': [64, 5]}, {'CONV': [64, 5]}), ({'CONV': [128, 3]}, {'CONV': [128, 5]}, {'POOLMAX': [-1, 2]}), {'GLOBAL_AVG': None}, {'LAST_DENSE': [100, 'softmax']}]",HHSE,NSGA2,,,,,0.7044939473728403,,,,1231883776,3573028,,,,,,"[0, 3, 2, 38, 52, 30, 21, 31]",0.7218569571104728,-0.0003218377790428,0.5,0.5,0.875,0.0,0.55,0,0,0,100,0,0.0,BEST,False,False,199,True,True,GREEDY,,,GREEDY_HV
BHQQTD[M],11,12,58,55,0.58,True,True,"[4, 22, 7, 38, 46, 22, 27, 37]",[],"[4.792507108940601, 22.363334479472197, 7.20003509063395, 38.629750740001334, 46.509793097675235, 22.36600137949784, 27.42698527253315, 37.63805187829306]","[{'INP': 32}, {'CONV': [64, 3]}, ({'CONV': [32, 3]}, {'CONV': [128, 3]}), ({'CONV': [64, 3]}, {'CONV': [256, 3]}, {'POOLMAX': [-1, 2]}), ({'CONV': [32, 3]}, {'CONV': [256, 5]}), ({'CONV': [128, 3]}, {'CONV': [256, 3]}, {'POOLMAX': [-1, 2]}), ({'CONV': [128, 5]}, {'CONV': [256, 3]}), ({'CONV': [64, 3]}, {'CONV': [256, 3]}, {'POOLMAX': [-1, 2]}), ({'CONV': [64, 5]}, {'CONV': [64, 5]}), ({'CONV': [128, 3]}, {'CONV': [128, 5]}, {'POOLMAX': [-1, 2]}), {'GLOBAL_AVG': None}, {'LAST_DENSE': [100, 'softmax']}]",HHSE,NSGA2,,,,,0.7044939473728403,,,,1231883776,3573028,,,,,,"[0, 3, 2, 38, 52, 30, 21, 31]",0.7218678839613759,-0.0002869807084627,0.5,0.5,0.875,0.0,0.55,0,1,0,100,0,0.01,BEST,False,False,199,True,True,GREEDY,,,GREEDY_HV
BHQQTD[M],11,12,59,55,0.59,True,True,"[4, 22, 7, 38, 46, 22, 27, 37]",[],"[4.792507108940601, 22.363334479472197, 7.20003509063395, 38.629750740001334, 46.509793097675235, 22.36600137949784, 27.42698527253315, 37.63805187829306]","[{'INP': 32}, {'CONV': [64, 3]}, ({'CONV': [32, 3]}, {'CONV': [128, 3]}), ({'CONV': [64, 3]}, {'CONV': [256, 3]}, {'POOLMAX': [-1, 2]}), ({'CONV': [32, 3]}, {'CONV': [256, 5]}), ({'CONV': [128, 3]}, {'CONV': [256, 3]}, {'POOLMAX': [-1, 2]}), ({'CONV': [128, 5]}, {'CONV': [256, 3]}), ({'CONV': [64, 3]}, {'CONV': [256, 3]}, {'POOLMAX': [-1, 2]}), ({'CONV': [64, 5]}, {'CONV': [64, 5]}), ({'CONV': [128, 3]}, {'CONV': [128, 5]}, {'POOLMAX': [-1, 2]}), {'GLOBAL_AVG': None}, {'LAST_DENSE': [100, 'softmax']}]",HHSE,NSGA2,,,,,0.7044939473728403,,,,1231883776,3573028,,,,,,"[0, 3, 2, 38, 52, 30, 21, 31]",0.7218701917198285,-0.0004303241885987,0.5,0.5,0.875,0.0,0.55,0,0,0,100,0,0.0,BEST,False,False,199,True,True,GREEDY,,,GREEDY_HV
BHQQTD[M],11,12,60,55,0.6,True,True,"[4, 22, 7, 38, 46, 22, 27, 37]",[],"[4.792507108940601, 22.363334479472197, 7.20003509063395, 38.629750740001334, 46.509793097675235, 22.36600137949784, 27.42698527253315, 37.63805187829306]","[{'INP': 32}, {'CONV': [64, 3]}, ({'CONV': [32, 3]}, {'CONV': [128, 3]}), ({'CONV': [64, 3]}, {'CONV': [256, 3]}, {'POOLMAX': [-1, 2]}), ({'CONV': [32, 3]}, {'CONV': [256, 5]}), ({'CONV': [128, 3]}, {'CONV': [256, 3]}, {'POOLMAX': [-1, 2]}), ({'CONV': [128, 5]}, {'CONV': [256, 3]}), ({'CONV': [64, 3]}, {'CONV': [256, 3]}, {'POOLMAX': [-1, 2]}), ({'CONV': [64, 5]}, {'CONV': [64, 5]}), ({'CONV': [128, 3]}, {'CONV': [128, 5]}, {'POOLMAX': [-1, 2]}), {'GLOBAL_AVG': None}, {'LAST_DENSE': [100, 'softmax']}]",HHSE,NSGA2,,,,,0.7044939473728403,,,,1231883776,3573028,,,,,,"[0, 3, 2, 38, 52, 30, 21, 31]",0.7219123074063932,-0.000147420101956,0.5,0.5,0.875,0.0,0.55,0,0,0,100,0,0.0,BEST,False,False,199,True,True,GREEDY,,,GREEDY_HV
BHQQTD[M],11,12,61,55,0.61,True,True,"[4, 22, 7, 38, 46, 22, 27, 37]",[],"[4.792507108940601, 22.363334479472197, 7.20003509063395, 38.629750740001334, 46.509793097675235, 22.36600137949784, 27.42698527253315, 37.63805187829306]","[{'INP': 32}, {'CONV': [64, 3]}, ({'CONV': [32, 3]}, {'CONV': [128, 3]}), ({'CONV': [64, 3]}, {'CONV': [256, 3]}, {'POOLMAX': [-1, 2]}), ({'CONV': [32, 3]}, {'CONV': [256, 5]}), ({'CONV': [128, 3]}, {'CONV': [256, 3]}, {'POOLMAX': [-1, 2]}), ({'CONV': [128, 5]}, {'CONV': [256, 3]}), ({'CONV': [64, 3]}, {'CONV': [256, 3]}, {'POOLMAX': [-1, 2]}), ({'CONV': [64, 5]}, {'CONV': [64, 5]}), ({'CONV': [128, 3]}, {'CONV': [128, 5]}, {'POOLMAX': [-1, 2]}), {'GLOBAL_AVG': None}, {'LAST_DENSE': [100, 'softmax']}]",HHSE,NSGA2,,,,,0.7044939473728403,,,,1231883776,3573028,,,,,,"[0, 3, 2, 38, 52, 30, 21, 31]",0.7219716005975201,-0.0011582794215456,0.5,0.5,0.875,0.0,0.55,0,0,0,100,0,0.0,BEST,False,False,199,True,True,GREEDY,,,GREEDY_HV
BHQQTD[M],11,12,62,55,0.62,True,True,"[4, 22, 7, 38, 46, 22, 27, 37]",[],"[4.792507108940601, 22.363334479472197, 7.20003509063395, 38.629750740001334, 46.509793097675235, 22.36600137949784, 27.42698527253315, 37.63805187829306]","[{'INP': 32}, {'CONV': [64, 3]}, ({'CONV': [32, 3]}, {'CONV': [128, 3]}), ({'CONV': [64, 3]}, {'CONV': [256, 3]}, {'POOLMAX': [-1, 2]}), ({'CONV': [32, 3]}, {'CONV': [256, 5]}), ({'CONV': [128, 3]}, {'CONV': [256, 3]}, {'POOLMAX': [-1, 2]}), ({'CONV': [128, 5]}, {'CONV': [256, 3]}), ({'CONV': [64, 3]}, {'CONV': [256, 3]}, {'POOLMAX': [-1, 2]}), ({'CONV': [64, 5]}, {'CONV': [64, 5]}), ({'CONV': [128, 3]}, {'CONV': [128, 5]}, {'POOLMAX': [-1, 2]}), {'GLOBAL_AVG': None}, {'LAST_DENSE': [100, 'softmax']}]",HHSE,NSGA2,,,,,0.7044939473728403,,,,1231883776,3573028,,,,,,"[0, 3, 2, 38, 52, 30, 21, 31]",0.7219681699224806,-0.0001552660909635,0.5,0.5,0.875,0.0,0.55,0,0,0,100,0,0.0,BEST,False,False,199,True,True,GREEDY,,,GREEDY_HV
BHQQTD[M],11,12,63,55,0.63,True,True,"[4, 22, 7, 38, 46, 22, 27, 37]",[],"[4.792507108940601, 22.363334479472197, 7.20003509063395, 38.629750740001334, 46.509793097675235, 22.36600137949784, 27.42698527253315, 37.63805187829306]","[{'INP': 32}, {'CONV': [64, 3]}, ({'CONV': [32, 3]}, {'CONV': [128, 3]}), ({'CONV': [64, 3]}, {'CONV': [256, 3]}, {'POOLMAX': [-1, 2]}), ({'CONV': [32, 3]}, {'CONV': [256, 5]}), ({'CONV': [128, 3]}, {'CONV': [256, 3]}, {'POOLMAX': [-1, 2]}), ({'CONV': [128, 5]}, {'CONV': [256, 3]}), ({'CONV': [64, 3]}, {'CONV': [256, 3]}, {'POOLMAX': [-1, 2]}), ({'CONV': [64, 5]}, {'CONV': [64, 5]}), ({'CONV': [128, 3]}, {'CONV': [128, 5]}, {'POOLMAX': [-1, 2]}), {'GLOBAL_AVG': None}, {'LAST_DENSE': [100, 'softmax']}]",HHSE,NSGA2,,,,,0.7044939473728403,,,,1231883776,3573028,,,,,,"[0, 3, 2, 38, 52, 30, 21, 31]",0.722083263760955,-0.0004933670358541,0.5,0.5,0.875,0.0,0.55,0,1,0,100,0,0.01,BEST,False,False,199,True,True,GREEDY,,,GREEDY_HV
BHQQTD[M],11,12,64,55,0.64,True,True,"[4, 22, 7, 38, 46, 22, 27, 37]",[],"[4.792507108940601, 22.363334479472197, 7.20003509063395, 38.629750740001334, 46.509793097675235, 22.36600137949784, 27.42698527253315, 37.63805187829306]","[{'INP': 32}, {'CONV': [64, 3]}, ({'CONV': [32, 3]}, {'CONV': [128, 3]}), ({'CONV': [64, 3]}, {'CONV': [256, 3]}, {'POOLMAX': [-1, 2]}), ({'CONV': [32, 3]}, {'CONV': [256, 5]}), ({'CONV': [128, 3]}, {'CONV': [256, 3]}, {'POOLMAX': [-1, 2]}), ({'CONV': [128, 5]}, {'CONV': [256, 3]}), ({'CONV': [64, 3]}, {'CONV': [256, 3]}, {'POOLMAX': [-1, 2]}), ({'CONV': [64, 5]}, {'CONV': [64, 5]}), ({'CONV': [128, 3]}, {'CONV': [128, 5]}, {'POOLMAX': [-1, 2]}), {'GLOBAL_AVG': None}, {'LAST_DENSE': [100, 'softmax']}]",HHSE,NSGA2,,,,,0.7044939473728403,,,,1231883776,3573028,,,,,,"[0, 3, 2, 38, 52, 30, 21, 31]",0.7220423139939388,-0.00012269104739,0.5,0.5,0.875,0.0,0.55,0,0,0,100,0,0.0,BEST,False,False,199,True,True,GREEDY,,,GREEDY_HV
BHQQTD[M],11,12,65,55,0.65,True,True,"[4, 22, 7, 38, 46, 22, 27, 37]",[],"[4.792507108940601, 22.363334479472197, 7.20003509063395, 38.629750740001334, 46.509793097675235, 22.36600137949784, 27.42698527253315, 37.63805187829306]","[{'INP': 32}, {'CONV': [64, 3]}, ({'CONV': [32, 3]}, {'CONV': [128, 3]}), ({'CONV': [64, 3]}, {'CONV': [256, 3]}, {'POOLMAX': [-1, 2]}), ({'CONV': [32, 3]}, {'CONV': [256, 5]}), ({'CONV': [128, 3]}, {'CONV': [256, 3]}, {'POOLMAX': [-1, 2]}), ({'CONV': [128, 5]}, {'CONV': [256, 3]}), ({'CONV': [64, 3]}, {'CONV': [256, 3]}, {'POOLMAX': [-1, 2]}), ({'CONV': [64, 5]}, {'CONV': [64, 5]}), ({'CONV': [128, 3]}, {'CONV': [128, 5]}, {'POOLMAX': [-1, 2]}), {'GLOBAL_AVG': None}, {'LAST_DENSE': [100, 'softmax']}]",HHSE,NSGA2,,,,,0.7044939473728403,,,,1231883776,3573028,,,,,,"[0, 3, 2, 38, 52, 30, 21, 31]",0.72210917240125,-0.0003246406111829,0.5,0.5,0.875,0.0,0.55,0,0,0,100,0,0.0,BEST,False,False,199,True,True,GREEDY,,,GREEDY_HV
BHQQTD[M],11,12,66,55,0.66,True,True,"[4, 22, 7, 38, 46, 22, 27, 37]",[],"[4.792507108940601, 22.363334479472197, 7.20003509063395, 38.629750740001334, 46.509793097675235, 22.36600137949784, 27.42698527253315, 37.63805187829306]","[{'INP': 32}, {'CONV': [64, 3]}, ({'CONV': [32, 3]}, {'CONV': [128, 3]}), ({'CONV': [64, 3]}, {'CONV': [256, 3]}, {'POOLMAX': [-1, 2]}), ({'CONV': [32, 3]}, {'CONV': [256, 5]}), ({'CONV': [128, 3]}, {'CONV': [256, 3]}, {'POOLMAX': [-1, 2]}), ({'CONV': [128, 5]}, {'CONV': [256, 3]}), ({'CONV': [64, 3]}, {'CONV': [256, 3]}, {'POOLMAX': [-1, 2]}), ({'CONV': [64, 5]}, {'CONV': [64, 5]}), ({'CONV': [128, 3]}, {'CONV': [128, 5]}, {'POOLMAX': [-1, 2]}), {'GLOBAL_AVG': None}, {'LAST_DENSE': [100, 'softmax']}]",HHSE,NSGA2,,,,,0.7044939473728403,,,,1231883776,3573028,,,,,,"[0, 3, 2, 38, 52, 30, 21, 31]",0.7220860622073101,-0.003835191483448,0.5,0.5,0.875,0.0,0.55,0,0,0,100,0,0.0,BEST,False,False,199,True,True,GREEDY,,,GREEDY_HV
BHQQTD[M],11,12,67,55,0.67,True,True,"[4, 22, 7, 38, 46, 22, 27, 37]",[],"[4.792507108940601, 22.363334479472197, 7.20003509063395, 38.629750740001334, 46.509793097675235, 22.36600137949784, 27.42698527253315, 37.63805187829306]","[{'INP': 32}, {'CONV': [64, 3]}, ({'CONV': [32, 3]}, {'CONV': [128, 3]}), ({'CONV': [64, 3]}, {'CONV': [256, 3]}, {'POOLMAX': [-1, 2]}), ({'CONV': [32, 3]}, {'CONV': [256, 5]}), ({'CONV': [128, 3]}, {'CONV': [256, 3]}, {'POOLMAX': [-1, 2]}), ({'CONV': [128, 5]}, {'CONV': [256, 3]}), ({'CONV': [64, 3]}, {'CONV': [256, 3]}, {'POOLMAX': [-1, 2]}), ({'CONV': [64, 5]}, {'CONV': [64, 5]}), ({'CONV': [128, 3]}, {'CONV': [128, 5]}, {'POOLMAX': [-1, 2]}), {'GLOBAL_AVG': None}, {'LAST_DENSE': [100, 'softmax']}]",HHSE,NSGA2,,,,,0.7044939473728403,,,,1231883776,3573028,,,,,,"[0, 3, 2, 38, 52, 30, 21, 31]",0.7220856594695968,-0.000182843346576,0.5,0.5,0.875,0.0,0.55,0,1,0,100,0,0.01,BEST,False,False,199,True,True,GREEDY,,,GREEDY_HV
BHQQTD[M],11,12,68,55,0.68,True,True,"[4, 22, 7, 38, 46, 22, 27, 37]",[],"[4.792507108940601, 22.363334479472197, 7.20003509063395, 38.629750740001334, 46.509793097675235, 22.36600137949784, 27.42698527253315, 37.63805187829306]","[{'INP': 32}, {'CONV': [64, 3]}, ({'CONV': [32, 3]}, {'CONV': [128, 3]}), ({'CONV': [64, 3]}, {'CONV': [256, 3]}, {'POOLMAX': [-1, 2]}), ({'CONV': [32, 3]}, {'CONV': [256, 5]}), ({'CONV': [128, 3]}, {'CONV': [256, 3]}, {'POOLMAX': [-1, 2]}), ({'CONV': [128, 5]}, {'CONV': [256, 3]}), ({'CONV': [64, 3]}, {'CONV': [256, 3]}, {'POOLMAX': [-1, 2]}), ({'CONV': [64, 5]}, {'CONV': [64, 5]}), ({'CONV': [128, 3]}, {'CONV': [128, 5]}, {'POOLMAX': [-1, 2]}), {'GLOBAL_AVG': None}, {'LAST_DENSE': [100, 'softmax']}]",HHSE,NSGA2,,,,,0.7044939473728403,,,,1231883776,3573028,,,,,,"[0, 3, 2, 38, 52, 30, 21, 31]",0.7236135800129541,0.0011448209039603,0.5,0.5,0.875,0.0,0.55,0,0,0,100,0,0.0,BEST,False,False,199,True,True,GREEDY,,,GREEDY_HV
BHQQTD[M],11,12,69,55,0.69,True,True,"[4, 22, 7, 38, 46, 22, 27, 37]",[],"[4.792507108940601, 22.363334479472197, 7.20003509063395, 38.629750740001334, 46.509793097675235, 22.36600137949784, 27.42698527253315, 37.63805187829306]","[{'INP': 32}, {'CONV': [64, 3]}, ({'CONV': [32, 3]}, {'CONV': [128, 3]}), ({'CONV': [64, 3]}, {'CONV': [256, 3]}, {'POOLMAX': [-1, 2]}), ({'CONV': [32, 3]}, {'CONV': [256, 5]}), ({'CONV': [128, 3]}, {'CONV': [256, 3]}, {'POOLMAX': [-1, 2]}), ({'CONV': [128, 5]}, {'CONV': [256, 3]}), ({'CONV': [64, 3]}, {'CONV': [256, 3]}, {'POOLMAX': [-1, 2]}), ({'CONV': [64, 5]}, {'CONV': [64, 5]}), ({'CONV': [128, 3]}, {'CONV': [128, 5]}, {'POOLMAX': [-1, 2]}), {'GLOBAL_AVG': None}, {'LAST_DENSE': [100, 'softmax']}]",HHSE,NSGA2,,,,,0.7044939473728403,,,,1231883776,3573028,,,,,,"[0, 3, 2, 38, 52, 30, 21, 31]",0.7222910501791556,-0.0001172666798864,0.5,0.5,0.875,0.0,0.55,0,0,0,100,0,0.0,BEST,False,False,199,True,True,GREEDY,,,GREEDY_HV
BHQQTD[M],11,12,70,55,0.7,True,True,"[4, 22, 7, 38, 46, 22, 27, 37]",[],"[4.792507108940601, 22.363334479472197, 7.20003509063395, 38.629750740001334, 46.509793097675235, 22.36600137949784, 27.42698527253315, 37.63805187829306]","[{'INP': 32}, {'CONV': [64, 3]}, ({'CONV': [32, 3]}, {'CONV': [128, 3]}), ({'CONV': [64, 3]}, {'CONV': [256, 3]}, {'POOLMAX': [-1, 2]}), ({'CONV': [32, 3]}, {'CONV': [256, 5]}), ({'CONV': [128, 3]}, {'CONV': [256, 3]}, {'POOLMAX': [-1, 2]}), ({'CONV': [128, 5]}, {'CONV': [256, 3]}), ({'CONV': [64, 3]}, {'CONV': [256, 3]}, {'POOLMAX': [-1, 2]}), ({'CONV': [64, 5]}, {'CONV': [64, 5]}), ({'CONV': [128, 3]}, {'CONV': [128, 5]}, {'POOLMAX': [-1, 2]}), {'GLOBAL_AVG': None}, {'LAST_DENSE': [100, 'softmax']}]",HHSE,NSGA2,,,,,0.7044939473728403,,,,1231883776,3573028,,,,,,"[0, 3, 2, 38, 52, 30, 21, 31]",0.7223631750094615,-8.25769007390953e-05,0.5,0.5,0.875,0.0,0.55,0,1,0,100,0,0.01,BEST,False,False,199,True,True,GREEDY,,,GREEDY_HV
BHQQTD[M],11,12,71,55,0.71,True,True,"[4, 22, 7, 38, 46, 22, 27, 37]",[],"[4.792507108940601, 22.363334479472197, 7.20003509063395, 38.629750740001334, 46.509793097675235, 22.36600137949784, 27.42698527253315, 37.63805187829306]","[{'INP': 32}, {'CONV': [64, 3]}, ({'CONV': [32, 3]}, {'CONV': [128, 3]}), ({'CONV': [64, 3]}, {'CONV': [256, 3]}, {'POOLMAX': [-1, 2]}), ({'CONV': [32, 3]}, {'CONV': [256, 5]}), ({'CONV': [128, 3]}, {'CONV': [256, 3]}, {'POOLMAX': [-1, 2]}), ({'CONV': [128, 5]}, {'CONV': [256, 3]}), ({'CONV': [64, 3]}, {'CONV': [256, 3]}, {'POOLMAX': [-1, 2]}), ({'CONV': [64, 5]}, {'CONV': [64, 5]}), ({'CONV': [128, 3]}, {'CONV': [128, 5]}, {'POOLMAX': [-1, 2]}), {'GLOBAL_AVG': None}, {'LAST_DENSE': [100, 'softmax']}]",HHSE,NSGA2,,,,,0.7044939473728403,,,,1231883776,3573028,,,,,,"[0, 3, 2, 38, 52, 30, 21, 31]",0.7223782248941992,-0.0001393231663997,0.5,0.5,0.875,0.0,0.55,0,0,0,100,0,0.0,BEST,False,False,199,True,True,GREEDY,,,GREEDY_HV
BHQQTD[M],11,12,72,55,0.72,True,True,"[4, 22, 7, 38, 46, 22, 27, 37]",[],"[4.792507108940601, 22.363334479472197, 7.20003509063395, 38.629750740001334, 46.509793097675235, 22.36600137949784, 27.42698527253315, 37.63805187829306]","[{'INP': 32}, {'CONV': [64, 3]}, ({'CONV': [32, 3]}, {'CONV': [128, 3]}), ({'CONV': [64, 3]}, {'CONV': [256, 3]}, {'POOLMAX': [-1, 2]}), ({'CONV': [32, 3]}, {'CONV': [256, 5]}), ({'CONV': [128, 3]}, {'CONV': [256, 3]}, {'POOLMAX': [-1, 2]}), ({'CONV': [128, 5]}, {'CONV': [256, 3]}), ({'CONV': [64, 3]}, {'CONV': [256, 3]}, {'POOLMAX': [-1, 2]}), ({'CONV': [64, 5]}, {'CONV': [64, 5]}), ({'CONV': [128, 3]}, {'CONV': [128, 5]}, {'POOLMAX': [-1, 2]}), {'GLOBAL_AVG': None}, {'LAST_DENSE': [100, 'softmax']}]",HHSE,NSGA2,,,,,0.7044939473728403,,,,1231883776,3573028,,,,,,"[0, 3, 2, 38, 52, 30, 21, 31]",0.7223801092838856,-0.0003658303156154,0.5,0.5,0.875,0.0,0.55,0,0,0,100,0,0.0,BEST,False,False,199,True,True,GREEDY,,,GREEDY_HV
BHQQTD[M],11,12,73,55,0.73,True,True,"[4, 22, 7, 38, 46, 22, 27, 37]",[],"[4.792507108940601, 22.363334479472197, 7.20003509063395, 38.629750740001334, 46.509793097675235, 22.36600137949784, 27.42698527253315, 37.63805187829306]","[{'INP': 32}, {'CONV': [64, 3]}, ({'CONV': [32, 3]}, {'CONV': [128, 3]}), ({'CONV': [64, 3]}, {'CONV': [256, 3]}, {'POOLMAX': [-1, 2]}), ({'CONV': [32, 3]}, {'CONV': [256, 5]}), ({'CONV': [128, 3]}, {'CONV': [256, 3]}, {'POOLMAX': [-1, 2]}), ({'CONV': [128, 5]}, {'CONV': [256, 3]}), ({'CONV': [64, 3]}, {'CONV': [256, 3]}, {'POOLMAX': [-1, 2]}), ({'CONV': [64, 5]}, {'CONV': [64, 5]}), ({'CONV': [128, 3]}, {'CONV': [128, 5]}, {'POOLMAX': [-1, 2]}), {'GLOBAL_AVG': None}, {'LAST_DENSE': [100, 'softmax']}]",HHSE,NSGA2,,,,,0.7044939473728403,,,,1231883776,3573028,,,,,,"[0, 3, 2, 38, 52, 30, 21, 31]",0.7224122224805889,-0.0027480074629704,0.5,0.5,0.875,0.0,0.55,0,0,0,100,0,0.0,BEST,False,False,199,True,True,GREEDY,,,GREEDY_HV
BHQQTD[M],11,12,74,55,0.74,True,True,"[4, 22, 7, 38, 46, 22, 27, 37]",[],"[4.792507108940601, 22.363334479472197, 7.20003509063395, 38.629750740001334, 46.509793097675235, 22.36600137949784, 27.42698527253315, 37.63805187829306]","[{'INP': 32}, {'CONV': [64, 3]}, ({'CONV': [32, 3]}, {'CONV': [128, 3]}), ({'CONV': [64, 3]}, {'CONV': [256, 3]}, {'POOLMAX': [-1, 2]}), ({'CONV': [32, 3]}, {'CONV': [256, 5]}), ({'CONV': [128, 3]}, {'CONV': [256, 3]}, {'POOLMAX': [-1, 2]}), ({'CONV': [128, 5]}, {'CONV': [256, 3]}), ({'CONV': [64, 3]}, {'CONV': [256, 3]}, {'POOLMAX': [-1, 2]}), ({'CONV': [64, 5]}, {'CONV': [64, 5]}), ({'CONV': [128, 3]}, {'CONV': [128, 5]}, {'POOLMAX': [-1, 2]}), {'GLOBAL_AVG': None}, {'LAST_DENSE': [100, 'softmax']}]",HHSE,NSGA2,,,,,0.7044939473728403,,,,1231883776,3573028,,,,,,"[0, 3, 2, 38, 52, 30, 21, 31]",0.7224211135042635,-0.0001181952411642,0.5,0.5,0.875,0.0,0.55,0,0,0,100,0,0.0,BEST,False,False,199,True,True,GREEDY,,,GREEDY_HV
BHQQTD[M],11,12,75,55,0.75,True,True,"[4, 22, 7, 38, 46, 22, 27, 37]",[],"[4.792507108940601, 22.363334479472197, 7.20003509063395, 38.629750740001334, 46.509793097675235, 22.36600137949784, 27.42698527253315, 37.63805187829306]","[{'INP': 32}, {'CONV': [64, 3]}, ({'CONV': [32, 3]}, {'CONV': [128, 3]}), ({'CONV': [64, 3]}, {'CONV': [256, 3]}, {'POOLMAX': [-1, 2]}), ({'CONV': [32, 3]}, {'CONV': [256, 5]}), ({'CONV': [128, 3]}, {'CONV': [256, 3]}, {'POOLMAX': [-1, 2]}), ({'CONV': [128, 5]}, {'CONV': [256, 3]}), ({'CONV': [64, 3]}, {'CONV': [256, 3]}, {'POOLMAX': [-1, 2]}), ({'CONV': [64, 5]}, {'CONV': [64, 5]}), ({'CONV': [128, 3]}, {'CONV': [128, 5]}, {'POOLMAX': [-1, 2]}), {'GLOBAL_AVG': None}, {'LAST_DENSE': [100, 'softmax']}]",HHSE,NSGA2,,,,,0.7044939473728403,,,,1231883776,3573028,,,,,,"[0, 3, 2, 38, 52, 30, 21, 31]",0.7224982768007359,-0.0001025565061067,0.5,0.5,0.875,0.0,0.55,0,0,0,100,0,0.0,BEST,False,False,199,True,True,GREEDY,,,GREEDY_HV
BHQQTD[M],11,12,76,55,0.76,True,True,"[4, 22, 7, 38, 46, 22, 27, 37]",[],"[4.792507108940601, 22.363334479472197, 7.20003509063395, 38.629750740001334, 46.509793097675235, 22.36600137949784, 27.42698527253315, 37.63805187829306]","[{'INP': 32}, {'CONV': [64, 3]}, ({'CONV': [32, 3]}, {'CONV': [128, 3]}), ({'CONV': [64, 3]}, {'CONV': [256, 3]}, {'POOLMAX': [-1, 2]}), ({'CONV': [32, 3]}, {'CONV': [256, 5]}), ({'CONV': [128, 3]}, {'CONV': [256, 3]}, {'POOLMAX': [-1, 2]}), ({'CONV': [128, 5]}, {'CONV': [256, 3]}), ({'CONV': [64, 3]}, {'CONV': [256, 3]}, {'POOLMAX': [-1, 2]}), ({'CONV': [64, 5]}, {'CONV': [64, 5]}), ({'CONV': [128, 3]}, {'CONV': [128, 5]}, {'POOLMAX': [-1, 2]}), {'GLOBAL_AVG': None}, {'LAST_DENSE': [100, 'softmax']}]",HHSE,NSGA2,,,,,0.7044939473728403,,,,1231883776,3573028,,,,,,"[0, 3, 2, 38, 52, 30, 21, 31]",0.7225222727207233,-0.0011004756737303,0.5,0.5,0.875,0.0,0.55,0,0,0,100,0,0.0,BEST,False,False,199,True,True,GREEDY,,,GREEDY_HV
BHQQTD[M][M],11,12,77,77,0.77,True,True,"[4, 21, 7, 38, 46, 22, 29, 39]",[],"[4.536893598044874, 21.643117101640556, 7.643268136763626, 38.561264721547396, 46.26505080811974, 22.65076116481259, 29.59327413115001, 39.326241501669195]","[{'INP': 32}, {'CONV': [64, 3]}, ({'CONV': [32, 3]}, {'CONV': [128, 3]}), ({'CONV': [64, 3]}, {'CONV': [128, 5]}, {'POOLMAX': [-1, 2]}), ({'CONV': [32, 3]}, {'CONV': [256, 5]}), ({'CONV': [128, 3]}, {'CONV': [256, 3]}, {'POOLMAX': [-1, 2]}), ({'CONV': [128, 5]}, {'CONV': [256, 3]}), ({'CONV': [64, 3]}, {'CONV': [256, 3]}, {'POOLMAX': [-1, 2]}), ({'CONV': [64, 5]}, {'CONV': [128, 5]}), ({'CONV': [128, 3]}, {'CONV': [256, 5]}, {'POOLMAX': [-1, 2]}), {'GLOBAL_AVG': None}, {'LAST_DENSE': [100, 'softmax']}]",HHSE,NSGA2,,,,,0.7072802419046911,,,,1348063232,4192292,,,,,,"[4, 22, 7, 38, 46, 22, 27, 37]",0.7233737713835235,-0.0002956426140054,0.0,0.0,0.375,0.375,0.77,0,0,0,100,0,0.0,BEST,False,False,153,True,True,GREEDY,,,GREEDY_HV
BHQQTD[M][M],11,12,78,77,0.78,True,True,"[4, 21, 7, 38, 46, 22, 29, 39]",[],"[4.536893598044874, 21.643117101640556, 7.643268136763626, 38.561264721547396, 46.26505080811974, 22.65076116481259, 29.59327413115001, 39.326241501669195]","[{'INP': 32}, {'CONV': [64, 3]}, ({'CONV': [32, 3]}, {'CONV': [128, 3]}), ({'CONV': [64, 3]}, {'CONV': [128, 5]}, {'POOLMAX': [-1, 2]}), ({'CONV': [32, 3]}, {'CONV': [256, 5]}), ({'CONV': [128, 3]}, {'CONV': [256, 3]}, {'POOLMAX': [-1, 2]}), ({'CONV': [128, 5]}, {'CONV': [256, 3]}), ({'CONV': [64, 3]}, {'CONV': [256, 3]}, {'POOLMAX': [-1, 2]}), ({'CONV': [64, 5]}, {'CONV': [128, 5]}), ({'CONV': [128, 3]}, {'CONV': [256, 5]}, {'POOLMAX': [-1, 2]}), {'GLOBAL_AVG': None}, {'LAST_DENSE': [100, 'softmax']}]",HHSE,NSGA2,,,,,0.7072802419046911,,,,1348063232,4192292,,,,,,"[4, 22, 7, 38, 46, 22, 27, 37]",0.7255767509735956,-0.0001181460294056,0.0,0.0,0.375,0.0,0.77,0,2,0,100,0,0.02,BEST,False,False,153,True,True,GREEDY,,,GREEDY_HV
BHQQTD[M][M],11,12,79,77,0.79,True,True,"[4, 21, 7, 38, 46, 22, 29, 39]",[],"[4.536893598044874, 21.643117101640556, 7.643268136763626, 38.561264721547396, 46.26505080811974, 22.65076116481259, 29.59327413115001, 39.326241501669195]","[{'INP': 32}, {'CONV': [64, 3]}, ({'CONV': [32, 3]}, {'CONV': [128, 3]}), ({'CONV': [64, 3]}, {'CONV': [128, 5]}, {'POOLMAX': [-1, 2]}), ({'CONV': [32, 3]}, {'CONV': [256, 5]}), ({'CONV': [128, 3]}, {'CONV': [256, 3]}, {'POOLMAX': [-1, 2]}), ({'CONV': [128, 5]}, {'CONV': [256, 3]}), ({'CONV': [64, 3]}, {'CONV': [256, 3]}, {'POOLMAX': [-1, 2]}), ({'CONV': [64, 5]}, {'CONV': [128, 5]}), ({'CONV': [128, 3]}, {'CONV': [256, 5]}, {'POOLMAX': [-1, 2]}), {'GLOBAL_AVG': None}, {'LAST_DENSE': [100, 'softmax']}]",HHSE,NSGA2,,,,,0.7072802419046911,,,,1348063232,4192292,,,,,,"[4, 22, 7, 38, 46, 22, 27, 37]",0.7255868318024252,-0.0003100793703457,0.0,0.0,0.375,0.0,0.77,0,1,0,100,0,0.01,BEST,False,False,153,True,True,GREEDY,,,GREEDY_HV
BHQQTD[M][M],11,12,80,77,0.8,True,True,"[4, 21, 7, 38, 46, 22, 29, 39]",[],"[4.536893598044874, 21.643117101640556, 7.643268136763626, 38.561264721547396, 46.26505080811974, 22.65076116481259, 29.59327413115001, 39.326241501669195]","[{'INP': 32}, {'CONV': [64, 3]}, ({'CONV': [32, 3]}, {'CONV': [128, 3]}), ({'CONV': [64, 3]}, {'CONV': [128, 5]}, {'POOLMAX': [-1, 2]}), ({'CONV': [32, 3]}, {'CONV': [256, 5]}), ({'CONV': [128, 3]}, {'CONV': [256, 3]}, {'POOLMAX': [-1, 2]}), ({'CONV': [128, 5]}, {'CONV': [256, 3]}), ({'CONV': [64, 3]}, {'CONV': [256, 3]}, {'POOLMAX': [-1, 2]}), ({'CONV': [64, 5]}, {'CONV': [128, 5]}), ({'CONV': [128, 3]}, {'CONV': [256, 5]}, {'POOLMAX': [-1, 2]}), {'GLOBAL_AVG': None}, {'LAST_DENSE': [100, 'softmax']}]",HHSE,NSGA2,,,,,0.7072802419046911,,,,1348063232,4192292,,,,,,"[4, 22, 7, 38, 46, 22, 27, 37]",0.7256098688411595,-4.806801804446703e-05,0.0,0.0,0.375,0.0,0.77,0,0,0,100,0,0.0,BEST,False,False,153,True,True,GREEDY,,,GREEDY_HV
BHQQTD[M][M],11,12,81,77,0.81,True,True,"[4, 21, 7, 38, 46, 22, 29, 39]",[],"[4.536893598044874, 21.643117101640556, 7.643268136763626, 38.561264721547396, 46.26505080811974, 22.65076116481259, 29.59327413115001, 39.326241501669195]","[{'INP': 32}, {'CONV': [64, 3]}, ({'CONV': [32, 3]}, {'CONV': [128, 3]}), ({'CONV': [64, 3]}, {'CONV': [128, 5]}, {'POOLMAX': [-1, 2]}), ({'CONV': [32, 3]}, {'CONV': [256, 5]}), ({'CONV': [128, 3]}, {'CONV': [256, 3]}, {'POOLMAX': [-1, 2]}), ({'CONV': [128, 5]}, {'CONV': [256, 3]}), ({'CONV': [64, 3]}, {'CONV': [256, 3]}, {'POOLMAX': [-1, 2]}), ({'CONV': [64, 5]}, {'CONV': [128, 5]}), ({'CONV': [128, 3]}, {'CONV': [256, 5]}, {'POOLMAX': [-1, 2]}), {'GLOBAL_AVG': None}, {'LAST_DENSE': [100, 'softmax']}]",HHSE,NSGA2,,,,,0.7072802419046911,,,,1348063232,4192292,,,,,,"[4, 22, 7, 38, 46, 22, 27, 37]",0.7258222280633314,-0.0005969307706333,0.0,0.0,0.375,0.0,0.77,0,0,0,100,0,0.0,BEST,False,False,153,True,True,GREEDY,,,GREEDY_HV
BHQQTD[M][M],11,12,82,77,0.82,True,True,"[4, 21, 7, 38, 46, 22, 29, 39]",[],"[4.536893598044874, 21.643117101640556, 7.643268136763626, 38.561264721547396, 46.26505080811974, 22.65076116481259, 29.59327413115001, 39.326241501669195]","[{'INP': 32}, {'CONV': [64, 3]}, ({'CONV': [32, 3]}, {'CONV': [128, 3]}), ({'CONV': [64, 3]}, {'CONV': [128, 5]}, {'POOLMAX': [-1, 2]}), ({'CONV': [32, 3]}, {'CONV': [256, 5]}), ({'CONV': [128, 3]}, {'CONV': [256, 3]}, {'POOLMAX': [-1, 2]}), ({'CONV': [128, 5]}, {'CONV': [256, 3]}), ({'CONV': [64, 3]}, {'CONV': [256, 3]}, {'POOLMAX': [-1, 2]}), ({'CONV': [64, 5]}, {'CONV': [128, 5]}), ({'CONV': [128, 3]}, {'CONV': [256, 5]}, {'POOLMAX': [-1, 2]}), {'GLOBAL_AVG': None}, {'LAST_DENSE': [100, 'softmax']}]",HHSE,NSGA2,,,,,0.7072802419046911,,,,1348063232,4192292,,,,,,"[4, 22, 7, 38, 46, 22, 27, 37]",0.7258146464183723,-4.974649112921004e-05,0.0,0.0,0.375,0.0,0.77,0,0,0,100,0,0.0,BEST,False,False,153,True,True,GREEDY,,,GREEDY_HV
BHQQTD[M][M],11,12,83,77,0.83,True,True,"[4, 21, 7, 38, 46, 22, 29, 39]",[],"[4.536893598044874, 21.643117101640556, 7.643268136763626, 38.561264721547396, 46.26505080811974, 22.65076116481259, 29.59327413115001, 39.326241501669195]","[{'INP': 32}, {'CONV': [64, 3]}, ({'CONV': [32, 3]}, {'CONV': [128, 3]}), ({'CONV': [64, 3]}, {'CONV': [128, 5]}, {'POOLMAX': [-1, 2]}), ({'CONV': [32, 3]}, {'CONV': [256, 5]}), ({'CONV': [128, 3]}, {'CONV': [256, 3]}, {'POOLMAX': [-1, 2]}), ({'CONV': [128, 5]}, {'CONV': [256, 3]}), ({'CONV': [64, 3]}, {'CONV': [256, 3]}, {'POOLMAX': [-1, 2]}), ({'CONV': [64, 5]}, {'CONV': [128, 5]}), ({'CONV': [128, 3]}, {'CONV': [256, 5]}, {'POOLMAX': [-1, 2]}), {'GLOBAL_AVG': None}, {'LAST_DENSE': [100, 'softmax']}]",HHSE,NSGA2,,,,,0.7072802419046911,,,,1348063232,4192292,,,,,,"[4, 22, 7, 38, 46, 22, 27, 37]",0.7259175743122708,5.97990708173235e-07,0.0,0.0,0.375,0.0,0.77,0,1,0,100,0,0.01,BEST,False,False,153,True,True,GREEDY,,,GREEDY_HV
BCBNON[M][M],11,12,84,84,0.84,True,True,"[8, 19, 4, 38, 47, 7, 22, 55]",[],"[8.728096851573197, 19.7645445470825, 4.427622693867891, 38.90573391273446, 47.297714939793174, 7.3140921689392036, 22.702026343115165, 55.30603069158839]","[{'INP': 32}, {'CONV': [64, 3]}, ({'CONV': [32, 5]}, {'CONV': [32, 3]}), ({'CONV': [64, 3]}, {'CONV': [64, 5]}, {'POOLMAX': [-1, 2]}), ({'CONV': [32, 3]}, {'CONV': [128, 3]}), ({'CONV': [128, 3]}, {'CONV': [256, 3]}, {'POOLMAX': [-1, 2]}), ({'CONV': [128, 5]}, {'CONV': [256, 5]}), ({'CONV': [32, 3]}, {'CONV': [256, 5]}, {'POOLMAX': [-1, 2]}), ({'CONV': [64, 3]}, {'CONV': [256, 3]}), ({'CONV': [256, 3]}, {'CONV': [256, 5]}, {'POOLMAX': [-1, 2]}), {'GLOBAL_AVG': None}, {'LAST_DENSE': [100, 'softmax']}]",HHSE,NSGA2,,,,,0.7085008212702884,,,,958593024,5155620,,,,,,"[8, 19, 4, 38, 47, 7, 23, 55]",0.7261204177851737,1.53212041187345e-06,0.0,0.0,0.125,0.875,0.84,0,0,0,100,0,0.0,BEST,False,False,131,True,True,GREEDY,,,GREEDY_HV
BCBNON[M][M],11,12,85,84,0.85,True,True,"[8, 19, 4, 38, 47, 7, 22, 55]",[],"[8.728096851573197, 19.7645445470825, 4.427622693867891, 38.90573391273446, 47.297714939793174, 7.3140921689392036, 22.702026343115165, 55.30603069158839]","[{'INP': 32}, {'CONV': [64, 3]}, ({'CONV': [32, 5]}, {'CONV': [32, 3]}), ({'CONV': [64, 3]}, {'CONV': [64, 5]}, {'POOLMAX': [-1, 2]}), ({'CONV': [32, 3]}, {'CONV': [128, 3]}), ({'CONV': [128, 3]}, {'CONV': [256, 3]}, {'POOLMAX': [-1, 2]}), ({'CONV': [128, 5]}, {'CONV': [256, 5]}), ({'CONV': [32, 3]}, {'CONV': [256, 5]}, {'POOLMAX': [-1, 2]}), ({'CONV': [64, 3]}, {'CONV': [256, 3]}), ({'CONV': [256, 3]}, {'CONV': [256, 5]}, {'POOLMAX': [-1, 2]}), {'GLOBAL_AVG': None}, {'LAST_DENSE': [100, 'softmax']}]",HHSE,NSGA2,,,,,0.7085008212702884,,,,958593024,5155620,,,,,,"[8, 19, 4, 38, 47, 7, 23, 55]",0.7270860970927753,-0.0008541798505865,0.0,0.0,0.125,0.0,0.84,0,0,0,100,0,0.0,BEST,False,False,131,True,True,GREEDY,,,GREEDY_HV
BCBNON[M][M],11,12,86,84,0.86,True,True,"[8, 19, 4, 38, 47, 7, 22, 55]",[],"[8.728096851573197, 19.7645445470825, 4.427622693867891, 38.90573391273446, 47.297714939793174, 7.3140921689392036, 22.702026343115165, 55.30603069158839]","[{'INP': 32}, {'CONV': [64, 3]}, ({'CONV': [32, 5]}, {'CONV': [32, 3]}), ({'CONV': [64, 3]}, {'CONV': [64, 5]}, {'POOLMAX': [-1, 2]}), ({'CONV': [32, 3]}, {'CONV': [128, 3]}), ({'CONV': [128, 3]}, {'CONV': [256, 3]}, {'POOLMAX': [-1, 2]}), ({'CONV': [128, 5]}, {'CONV': [256, 5]}), ({'CONV': [32, 3]}, {'CONV': [256, 5]}, {'POOLMAX': [-1, 2]}), ({'CONV': [64, 3]}, {'CONV': [256, 3]}), ({'CONV': [256, 3]}, {'CONV': [256, 5]}, {'POOLMAX': [-1, 2]}), {'GLOBAL_AVG': None}, {'LAST_DENSE': [100, 'softmax']}]",HHSE,NSGA2,,,,,0.7085008212702884,,,,958593024,5155620,,,,,,"[8, 19, 4, 38, 47, 7, 23, 55]",0.7272030130251163,-0.0004054972793282,0.0,0.0,0.125,0.0,0.84,0,0,0,100,0,0.0,BEST,False,False,131,True,True,GREEDY,,,GREEDY_HV
BCBNON[M][M],11,12,87,84,0.87,True,True,"[8, 19, 4, 38, 47, 7, 22, 55]",[],"[8.728096851573197, 19.7645445470825, 4.427622693867891, 38.90573391273446, 47.297714939793174, 7.3140921689392036, 22.702026343115165, 55.30603069158839]","[{'INP': 32}, {'CONV': [64, 3]}, ({'CONV': [32, 5]}, {'CONV': [32, 3]}), ({'CONV': [64, 3]}, {'CONV': [64, 5]}, {'POOLMAX': [-1, 2]}), ({'CONV': [32, 3]}, {'CONV': [128, 3]}), ({'CONV': [128, 3]}, {'CONV': [256, 3]}, {'POOLMAX': [-1, 2]}), ({'CONV': [128, 5]}, {'CONV': [256, 5]}), ({'CONV': [32, 3]}, {'CONV': [256, 5]}, {'POOLMAX': [-1, 2]}), ({'CONV': [64, 3]}, {'CONV': [256, 3]}), ({'CONV': [256, 3]}, {'CONV': [256, 5]}, {'POOLMAX': [-1, 2]}), {'GLOBAL_AVG': None}, {'LAST_DENSE': [100, 'softmax']}]",HHSE,NSGA2,,,,,0.7085008212702884,,,,958593024,5155620,,,,,,"[8, 19, 4, 38, 47, 7, 23, 55]",0.7273525494370031,-0.0002629643914675,0.0,0.0,0.125,0.0,0.84,0,1,0,100,0,0.01,BEST,False,False,131,True,True,GREEDY,,,GREEDY_HV
BCBNON[M][M][M][M],11,12,88,88,0.88,True,True,"[9, 21, 4, 38, 47, 7, 22, 55]",[],"[9.205502405401134, 21.283564664710372, 4.385071760756488, 38.933000748293274, 47.522087082084525, 7.516159712861506, 22.003684641308126, 55.02690762247783]","[{'INP': 32}, {'CONV': [64, 3]}, ({'CONV': [32, 5]}, {'CONV': [32, 5]}), ({'CONV': [64, 3]}, {'CONV': [128, 5]}, {'POOLMAX': [-1, 2]}), ({'CONV': [32, 3]}, {'CONV': [128, 3]}), ({'CONV': [128, 3]}, {'CONV': [256, 3]}, {'POOLMAX': [-1, 2]}), ({'CONV': [128, 5]}, {'CONV': [256, 5]}), ({'CONV': [32, 3]}, {'CONV': [256, 5]}, {'POOLMAX': [-1, 2]}), ({'CONV': [64, 3]}, {'CONV': [256, 3]}), ({'CONV': [256, 3]}, {'CONV': [256, 5]}, {'POOLMAX': [-1, 2]}), {'GLOBAL_AVG': None}, {'LAST_DENSE': [100, 'softmax']}]",HHSE,NSGA2,,,,,0.7094392594012561,,,,1211889664,5293092,,,,,,"[8, 21, 4, 38, 47, 7, 21, 55]",0.7273563388761919,-0.0009508908512319,0.0,0.0,0.25,0.25,0.88,0,2,0,100,0,0.02,BEST,False,False,117,True,True,GREEDY,,,GREEDY_HV
BCBNON[M][M][M][M],11,12,89,88,0.89,True,True,"[9, 21, 4, 38, 47, 7, 22, 55]",[],"[9.205502405401134, 21.283564664710372, 4.385071760756488, 38.933000748293274, 47.522087082084525, 7.516159712861506, 22.003684641308126, 55.02690762247783]","[{'INP': 32}, {'CONV': [64, 3]}, ({'CONV': [32, 5]}, {'CONV': [32, 5]}), ({'CONV': [64, 3]}, {'CONV': [128, 5]}, {'POOLMAX': [-1, 2]}), ({'CONV': [32, 3]}, {'CONV': [128, 3]}), ({'CONV': [128, 3]}, {'CONV': [256, 3]}, {'POOLMAX': [-1, 2]}), ({'CONV': [128, 5]}, {'CONV': [256, 5]}), ({'CONV': [32, 3]}, {'CONV': [256, 5]}, {'POOLMAX': [-1, 2]}), ({'CONV': [64, 3]}, {'CONV': [256, 3]}), ({'CONV': [256, 3]}, {'CONV': [256, 5]}, {'POOLMAX': [-1, 2]}), {'GLOBAL_AVG': None}, {'LAST_DENSE': [100, 'softmax']}]",HHSE,NSGA2,,,,,0.7094392594012561,,,,1211889664,5293092,,,,,,"[8, 21, 4, 38, 47, 7, 21, 55]",0.728137782442967,-1.808540425574101e-05,0.0,0.0,0.25,0.0,0.88,0,1,0,100,0,0.01,BEST,False,False,117,True,True,GREEDY,,,GREEDY_HV
BCBNON[M][M][M][M],11,12,90,88,0.9,True,True,"[9, 21, 4, 38, 47, 7, 22, 55]",[],"[9.205502405401134, 21.283564664710372, 4.385071760756488, 38.933000748293274, 47.522087082084525, 7.516159712861506, 22.003684641308126, 55.02690762247783]","[{'INP': 32}, {'CONV': [64, 3]}, ({'CONV': [32, 5]}, {'CONV': [32, 5]}), ({'CONV': [64, 3]}, {'CONV': [128, 5]}, {'POOLMAX': [-1, 2]}), ({'CONV': [32, 3]}, {'CONV': [128, 3]}), ({'CONV': [128, 3]}, {'CONV': [256, 3]}, {'POOLMAX': [-1, 2]}), ({'CONV': [128, 5]}, {'CONV': [256, 5]}), ({'CONV': [32, 3]}, {'CONV': [256, 5]}, {'POOLMAX': [-1, 2]}), ({'CONV': [64, 3]}, {'CONV': [256, 3]}), ({'CONV': [256, 3]}, {'CONV': [256, 5]}, {'POOLMAX': [-1, 2]}), {'GLOBAL_AVG': None}, {'LAST_DENSE': [100, 'softmax']}]",HHSE,NSGA2,,,,,0.7094392594012561,,,,1211889664,5293092,,,,,,"[8, 21, 4, 38, 47, 7, 21, 55]",0.7281602499403361,-6.412486288631669e-06,0.0,0.0,0.25,0.0,0.88,0,3,0,100,0,0.03,BEST,False,False,117,True,True,GREEDY,,,GREEDY_HV
BCBNON[M][M][M][M],11,12,91,88,0.91,True,True,"[9, 21, 4, 38, 47, 7, 22, 55]",[],"[9.205502405401134, 21.283564664710372, 4.385071760756488, 38.933000748293274, 47.522087082084525, 7.516159712861506, 22.003684641308126, 55.02690762247783]","[{'INP': 32}, {'CONV': [64, 3]}, ({'CONV': [32, 5]}, {'CONV': [32, 5]}), ({'CONV': [64, 3]}, {'CONV': [128, 5]}, {'POOLMAX': [-1, 2]}), ({'CONV': [32, 3]}, {'CONV': [128, 3]}), ({'CONV': [128, 3]}, {'CONV': [256, 3]}, {'POOLMAX': [-1, 2]}), ({'CONV': [128, 5]}, {'CONV': [256, 5]}), ({'CONV': [32, 3]}, {'CONV': [256, 5]}, {'POOLMAX': [-1, 2]}), ({'CONV': [64, 3]}, {'CONV': [256, 3]}), ({'CONV': [256, 3]}, {'CONV': [256, 5]}, {'POOLMAX': [-1, 2]}), {'GLOBAL_AVG': None}, {'LAST_DENSE': [100, 'softmax']}]",HHSE,NSGA2,,,,,0.7094392594012561,,,,1211889664,5293092,,,,,,"[8, 21, 4, 38, 47, 7, 21, 55]",0.7283363086129211,-0.0002798731749922,0.0,0.0,0.25,0.0,0.88,0,1,0,100,0,0.01,BEST,False,False,117,True,True,GREEDY,,,GREEDY_HV
BCBNON[M][M][M][M],11,12,92,88,0.92,True,True,"[9, 21, 4, 38, 47, 7, 22, 55]",[],"[9.205502405401134, 21.283564664710372, 4.385071760756488, 38.933000748293274, 47.522087082084525, 7.516159712861506, 22.003684641308126, 55.02690762247783]","[{'INP': 32}, {'CONV': [64, 3]}, ({'CONV': [32, 5]}, {'CONV': [32, 5]}), ({'CONV': [64, 3]}, {'CONV': [128, 5]}, {'POOLMAX': [-1, 2]}), ({'CONV': [32, 3]}, {'CONV': [128, 3]}), ({'CONV': [128, 3]}, {'CONV': [256, 3]}, {'POOLMAX': [-1, 2]}), ({'CONV': [128, 5]}, {'CONV': [256, 5]}), ({'CONV': [32, 3]}, {'CONV': [256, 5]}, {'POOLMAX': [-1, 2]}), ({'CONV': [64, 3]}, {'CONV': [256, 3]}), ({'CONV': [256, 3]}, {'CONV': [256, 5]}, {'POOLMAX': [-1, 2]}), {'GLOBAL_AVG': None}, {'LAST_DENSE': [100, 'softmax']}]",HHSE,NSGA2,,,,,0.7094392594012561,,,,1211889664,5293092,,,,,,"[8, 21, 4, 38, 47, 7, 21, 55]",0.7286079031703441,2.350640190496023e-06,0.0,0.0,0.25,0.0,0.88,0,0,0,100,0,0.0,BEST,False,False,117,True,True,GREEDY,,,GREEDY_HV
BCBNON[M][M][M][M],11,12,93,88,0.93,True,True,"[9, 21, 4, 38, 47, 7, 22, 55]",[],"[9.205502405401134, 21.283564664710372, 4.385071760756488, 38.933000748293274, 47.522087082084525, 7.516159712861506, 22.003684641308126, 55.02690762247783]","[{'INP': 32}, {'CONV': [64, 3]}, ({'CONV': [32, 5]}, {'CONV': [32, 5]}), ({'CONV': [64, 3]}, {'CONV': [128, 5]}, {'POOLMAX': [-1, 2]}), ({'CONV': [32, 3]}, {'CONV': [128, 3]}), ({'CONV': [128, 3]}, {'CONV': [256, 3]}, {'POOLMAX': [-1, 2]}), ({'CONV': [128, 5]}, {'CONV': [256, 5]}), ({'CONV': [32, 3]}, {'CONV': [256, 5]}, {'POOLMAX': [-1, 2]}), ({'CONV': [64, 3]}, {'CONV': [256, 3]}), ({'CONV': [256, 3]}, {'CONV': [256, 5]}, {'POOLMAX': [-1, 2]}), {'GLOBAL_AVG': None}, {'LAST_DENSE': [100, 'softmax']}]",HHSE,NSGA2,,,,,0.7094392594012561,,,,1211889664,5293092,,,,,,"[8, 21, 4, 38, 47, 7, 21, 55]",0.7287414604230799,-0.0002240245762201,0.0,0.0,0.25,0.0,0.88,0,2,0,100,0,0.02,BEST,False,False,117,True,True,GREEDY,,,GREEDY_HV
BCBNON[M][M][M][M],11,12,94,88,0.94,True,True,"[9, 21, 4, 38, 47, 7, 22, 55]",[],"[9.205502405401134, 21.283564664710372, 4.385071760756488, 38.933000748293274, 47.522087082084525, 7.516159712861506, 22.003684641308126, 55.02690762247783]","[{'INP': 32}, {'CONV': [64, 3]}, ({'CONV': [32, 5]}, {'CONV': [32, 5]}), ({'CONV': [64, 3]}, {'CONV': [128, 5]}, {'POOLMAX': [-1, 2]}), ({'CONV': [32, 3]}, {'CONV': [128, 3]}), ({'CONV': [128, 3]}, {'CONV': [256, 3]}, {'POOLMAX': [-1, 2]}), ({'CONV': [128, 5]}, {'CONV': [256, 5]}), ({'CONV': [32, 3]}, {'CONV': [256, 5]}, {'POOLMAX': [-1, 2]}), ({'CONV': [64, 3]}, {'CONV': [256, 3]}), ({'CONV': [256, 3]}, {'CONV': [256, 5]}, {'POOLMAX': [-1, 2]}), {'GLOBAL_AVG': None}, {'LAST_DENSE': [100, 'softmax']}]",HHSE,NSGA2,,,,,0.7094392594012561,,,,1211889664,5293092,,,,,,"[8, 21, 4, 38, 47, 7, 21, 55]",0.7290180995797505,-1.921335273114e-05,0.0,0.0,0.25,0.0,0.88,0,0,0,100,0,0.0,BEST,False,False,117,True,True,GREEDY,,,GREEDY_HV
BCBNON[M][M][M][M],11,12,95,88,0.95,True,True,"[9, 21, 4, 38, 47, 7, 22, 55]",[],"[9.205502405401134, 21.283564664710372, 4.385071760756488, 38.933000748293274, 47.522087082084525, 7.516159712861506, 22.003684641308126, 55.02690762247783]","[{'INP': 32}, {'CONV': [64, 3]}, ({'CONV': [32, 5]}, {'CONV': [32, 5]}), ({'CONV': [64, 3]}, {'CONV': [128, 5]}, {'POOLMAX': [-1, 2]}), ({'CONV': [32, 3]}, {'CONV': [128, 3]}), ({'CONV': [128, 3]}, {'CONV': [256, 3]}, {'POOLMAX': [-1, 2]}), ({'CONV': [128, 5]}, {'CONV': [256, 5]}), ({'CONV': [32, 3]}, {'CONV': [256, 5]}, {'POOLMAX': [-1, 2]}), ({'CONV': [64, 3]}, {'CONV': [256, 3]}), ({'CONV': [256, 3]}, {'CONV': [256, 5]}, {'POOLMAX': [-1, 2]}), {'GLOBAL_AVG': None}, {'LAST_DENSE': [100, 'softmax']}]",HHSE,NSGA2,,,,,0.7094392594012561,,,,1211889664,5293092,,,,,,"[8, 21, 4, 38, 47, 7, 21, 55]",0.7294360302806233,0.0003890820078593,0.0,0.0,0.25,0.0,0.88,0,0,0,100,0,0.0,BEST,False,False,117,True,True,GREEDY,,,GREEDY_HV
BASNJL[M],11,12,96,96,0.96,True,True,"[4, 13, 2, 38, 46, 22, 14, 39]",[],"[4.600610458244597, 13.547780378497851, 2.2708386131794502, 38.95793251801175, 46.212719561243546, 22.12716569835437, 14.152617663081223, 39.54064154277929]","[{'INP': 32}, {'CONV': [64, 3]}, ({'CONV': [32, 3]}, {'CONV': [128, 3]}), ({'CONV': [32, 5]}, {'CONV': [128, 5]}, {'POOLMAX': [-1, 2]}), ({'CONV': [32, 3]}, {'CONV': [64, 3]}), ({'CONV': [128, 3]}, {'CONV': [256, 3]}, {'POOLMAX': [-1, 2]}), ({'CONV': [128, 5]}, {'CONV': [256, 3]}), ({'CONV': [64, 3]}, {'CONV': [256, 3]}, {'POOLMAX': [-1, 2]}), ({'CONV': [32, 5]}, {'CONV': [256, 3]}), ({'CONV': [128, 3]}, {'CONV': [256, 5]}, {'POOLMAX': [-1, 2]}), {'GLOBAL_AVG': None}, {'LAST_DENSE': [100, 'softmax']}]",HHSE,NSGA2,,,,,0.7102741104381471,,,,981970432,3522084,,,,,,"[4, 13, 2, 38, 46, 22, 14, 39]",0.729079639375954,-5.17495585217187e-06,0.125,0.375,0.0,0.875,0.96,0,0,0,100,0,0.0,BEST,False,False,102,True,True,GREEDY,,,GREEDY_HV
BASNJL[M],11,12,97,96,0.97,True,True,"[4, 13, 2, 38, 46, 22, 14, 39]",[],"[4.600610458244597, 13.547780378497851, 2.2708386131794502, 38.95793251801175, 46.212719561243546, 22.12716569835437, 14.152617663081223, 39.54064154277929]","[{'INP': 32}, {'CONV': [64, 3]}, ({'CONV': [32, 3]}, {'CONV': [128, 3]}), ({'CONV': [32, 5]}, {'CONV': [128, 5]}, {'POOLMAX': [-1, 2]}), ({'CONV': [32, 3]}, {'CONV': [64, 3]}), ({'CONV': [128, 3]}, {'CONV': [256, 3]}, {'POOLMAX': [-1, 2]}), ({'CONV': [128, 5]}, {'CONV': [256, 3]}), ({'CONV': [64, 3]}, {'CONV': [256, 3]}, {'POOLMAX': [-1, 2]}), ({'CONV': [32, 5]}, {'CONV': [256, 3]}), ({'CONV': [128, 3]}, {'CONV': [256, 5]}, {'POOLMAX': [-1, 2]}), {'GLOBAL_AVG': None}, {'LAST_DENSE': [100, 'softmax']}]",HHSE,NSGA2,,,,,0.7102741104381471,,,,981970432,3522084,,,,,,"[4, 13, 2, 38, 46, 22, 14, 39]",0.7300464789159389,-1.8320705672869583e-05,0.125,0.375,0.0,0.0,0.96,0,0,0,100,0,0.0,BEST,False,False,102,True,True,GREEDY,,,GREEDY_HV
BASNJL[M],11,12,98,96,0.98,True,True,"[4, 13, 2, 38, 46, 22, 14, 39]",[],"[4.600610458244597, 13.547780378497851, 2.2708386131794502, 38.95793251801175, 46.212719561243546, 22.12716569835437, 14.152617663081223, 39.54064154277929]","[{'INP': 32}, {'CONV': [64, 3]}, ({'CONV': [32, 3]}, {'CONV': [128, 3]}), ({'CONV': [32, 5]}, {'CONV': [128, 5]}, {'POOLMAX': [-1, 2]}), ({'CONV': [32, 3]}, {'CONV': [64, 3]}), ({'CONV': [128, 3]}, {'CONV': [256, 3]}, {'POOLMAX': [-1, 2]}), ({'CONV': [128, 5]}, {'CONV': [256, 3]}), ({'CONV': [64, 3]}, {'CONV': [256, 3]}, {'POOLMAX': [-1, 2]}), ({'CONV': [32, 5]}, {'CONV': [256, 3]}), ({'CONV': [128, 3]}, {'CONV': [256, 5]}, {'POOLMAX': [-1, 2]}), {'GLOBAL_AVG': None}, {'LAST_DENSE': [100, 'softmax']}]",HHSE,NSGA2,,,,,0.7102741104381471,,,,981970432,3522084,,,,,,"[4, 13, 2, 38, 46, 22, 14, 39]",0.7301129961295103,-8.70488382886947e-06,0.125,0.375,0.0,0.0,0.96,0,0,0,100,0,0.0,BEST,False,False,102,True,True,GREEDY,,,GREEDY_HV
BASNJL[M],11,12,99,96,0.99,True,True,"[4, 13, 2, 38, 46, 22, 14, 39]",[],"[4.600610458244597, 13.547780378497851, 2.2708386131794502, 38.95793251801175, 46.212719561243546, 22.12716569835437, 14.152617663081223, 39.54064154277929]","[{'INP': 32}, {'CONV': [64, 3]}, ({'CONV': [32, 3]}, {'CONV': [128, 3]}), ({'CONV': [32, 5]}, {'CONV': [128, 5]}, {'POOLMAX': [-1, 2]}), ({'CONV': [32, 3]}, {'CONV': [64, 3]}), ({'CONV': [128, 3]}, {'CONV': [256, 3]}, {'POOLMAX': [-1, 2]}), ({'CONV': [128, 5]}, {'CONV': [256, 3]}), ({'CONV': [64, 3]}, {'CONV': [256, 3]}, {'POOLMAX': [-1, 2]}), ({'CONV': [32, 5]}, {'CONV': [256, 3]}), ({'CONV': [128, 3]}, {'CONV': [256, 5]}, {'POOLMAX': [-1, 2]}), {'GLOBAL_AVG': None}, {'LAST_DENSE': [100, 'softmax']}]",HHSE,NSGA2,,,,,0.7102741104381471,,,,981970432,3522084,,,,,,"[4, 13, 2, 38, 46, 22, 14, 39]",0.7302327744422356,-3.041624369648499e-05,0.125,0.375,0.0,0.0,0.96,0,0,0,100,0,0.0,BEST,False,False,102,True,True,GREEDY,,,GREEDY_HV
BDPTWE[M],11,12,100,100,1.0,True,True,"[2, 36, 4, 38, 28, 6, 22, 39]",[],"[2.438084503180852, 36.06496562566335, 4.469164710474958, 38.02941772461292, 28.951275370239124, 6.701114646275074, 22.608846701416198, 39.971785790821464]","[{'INP': 32}, {'CONV': [64, 3]}, ({'CONV': [32, 3]}, {'CONV': [64, 3]}), ({'CONV': [128, 3]}, {'CONV': [128, 3]}, {'POOLMAX': [-1, 2]}), ({'CONV': [32, 3]}, {'CONV': [128, 3]}), ({'CONV': [128, 3]}, {'CONV': [256, 3]}, {'POOLMAX': [-1, 2]}), ({'CONV': [64, 5]}, {'CONV': [128, 3]}), ({'CONV': [32, 3]}, {'CONV': [256, 3]}, {'POOLMAX': [-1, 2]}), ({'CONV': [64, 3]}, {'CONV': [256, 3]}), ({'CONV': [128, 3]}, {'CONV': [256, 5]}, {'POOLMAX': [-1, 2]}), {'GLOBAL_AVG': None}, {'LAST_DENSE': [100, 'softmax']}]",HHSE,NSGA2,,,,,0.7105070540157487,,,,921329664,2813092,,,,,,"[2, 36, 4, 38, 28, 6, 22, 39]",0.7302424745954734,-6.647532044046223e-06,0.375,0.125,0.0,0.75,1.0,0,0,0,100,0,0.0,BEST,False,False,100,True,True,GREEDY,,,GREEDY_HV
BMHSXW,12,13,1,1,0.01,False,False,"[28, 47, 18, 4, 27, 4, 54, 15]",[],"[28.33134645675266, 47.24687964162391, 18.909751988952383, 4.4311951383569195, 27.641751886620693, 4.6238228229553, 54.70615275846029, 15.456777973558864]","[{'INP': 32}, {'CONV': [64, 3]}, ({'CONV': [64, 5]}, {'CONV': [128, 3]}), ({'CONV': [128, 5]}, {'CONV': [256, 5]}, {'POOLMAX': [-1, 2]}), ({'CONV': [64, 3]}, {'CONV': [64, 3]}), ({'CONV': [32, 3]}, {'CONV': [128, 3]}, {'POOLMAX': [-1, 2]}), ({'CONV': [64, 5]}, {'CONV': [64, 5]}), ({'CONV': [32, 3]}, {'CONV': [128, 3]}, {'POOLMAX': [-1, 2]}), ({'CONV': [256, 3]}, {'CONV': [256, 3]}), ({'CONV': [32, 5]}, {'CONV': [256, 5]}, {'POOLMAX': [-1, 2]}), {'GLOBAL_AVG': None}, {'LAST_DENSE': [100, 'softmax']}]",HHSE,NSGA2,,,,,0.6872715296872328,,,,3096415744,3336868,,,,,,,0.669701555912493,0.0,0.0,0.0,0.0,0.0,0.01,0,18,0,100,0,0.18,BEST,False,False,328,True,True,GREEDY,,,GREEDY_HV
BIUJA[M],12,13,2,2,0.02,True,True,"[0, 11, 22, 37, 2, 6, 40, 55]",[],"[0.8483067320130457, 11.454371620431074, 22.91328894825555, 37.96333644750164, 2.0634180275621774, 6.35766682215745, 40.29025324961726, 55.70565515106021]","[{'INP': 32}, {'CONV': [64, 3]}, ({'CONV': [32, 3]}, {'CONV': [32, 3]}), ({'CONV': [32, 5]}, {'CONV': [64, 5]}, {'POOLMAX': [-1, 2]}), ({'CONV': [64, 3]}, {'CONV': [256, 3]}), ({'CONV': [128, 3]}, {'CONV': [128, 5]}, {'POOLMAX': [-1, 2]}), ({'CONV': [32, 3]}, {'CONV': [64, 3]}), ({'CONV': [32, 3]}, {'CONV': [256, 3]}, {'POOLMAX': [-1, 2]}), ({'CONV': [128, 5]}, {'CONV': [32, 3]}), ({'CONV': [256, 3]}, {'CONV': [256, 5]}, {'POOLMAX': [-1, 2]}), {'GLOBAL_AVG': None}, {'LAST_DENSE': [100, 'softmax']}]",HHSE,NSGA2,,,,,0.6898483123146902,,,,776175104,3743780,,,,,,"[4, 4, 24, 38, 3, 12, 26, 41]",0.6847733455852588,0.0088505396067087,0.625,0.375,1.0,1.0,0.02,0,2,0,100,0,0.02,BEST,False,False,323,True,True,GREEDY,,,GREEDY_HV
BIUJA[M],12,13,3,2,0.03,True,True,"[0, 11, 22, 37, 2, 6, 40, 55]",[],"[0.8483067320130457, 11.454371620431074, 22.91328894825555, 37.96333644750164, 2.0634180275621774, 6.35766682215745, 40.29025324961726, 55.70565515106021]","[{'INP': 32}, {'CONV': [64, 3]}, ({'CONV': [32, 3]}, {'CONV': [32, 3]}), ({'CONV': [32, 5]}, {'CONV': [64, 5]}, {'POOLMAX': [-1, 2]}), ({'CONV': [64, 3]}, {'CONV': [256, 3]}), ({'CONV': [128, 3]}, {'CONV': [128, 5]}, {'POOLMAX': [-1, 2]}), ({'CONV': [32, 3]}, {'CONV': [64, 3]}), ({'CONV': [32, 3]}, {'CONV': [256, 3]}, {'POOLMAX': [-1, 2]}), ({'CONV': [128, 5]}, {'CONV': [32, 3]}), ({'CONV': [256, 3]}, {'CONV': [256, 5]}, {'POOLMAX': [-1, 2]}), {'GLOBAL_AVG': None}, {'LAST_DENSE': [100, 'softmax']}]",HHSE,NSGA2,,,,,0.6898483123146902,,,,776175104,3743780,,,,,,"[4, 4, 24, 38, 3, 12, 26, 41]",0.6855943467849231,0.0023309903861453,0.625,0.375,1.0,0.0,0.02,0,2,0,100,0,0.02,BEST,False,False,323,True,True,GREEDY,,,GREEDY_HV
BIUJA[M],12,13,4,2,0.04,True,True,"[0, 11, 22, 37, 2, 6, 40, 55]",[],"[0.8483067320130457, 11.454371620431074, 22.91328894825555, 37.96333644750164, 2.0634180275621774, 6.35766682215745, 40.29025324961726, 55.70565515106021]","[{'INP': 32}, {'CONV': [64, 3]}, ({'CONV': [32, 3]}, {'CONV': [32, 3]}), ({'CONV': [32, 5]}, {'CONV': [64, 5]}, {'POOLMAX': [-1, 2]}), ({'CONV': [64, 3]}, {'CONV': [256, 3]}), ({'CONV': [128, 3]}, {'CONV': [128, 5]}, {'POOLMAX': [-1, 2]}), ({'CONV': [32, 3]}, {'CONV': [64, 3]}), ({'CONV': [32, 3]}, {'CONV': [256, 3]}, {'POOLMAX': [-1, 2]}), ({'CONV': [128, 5]}, {'CONV': [32, 3]}), ({'CONV': [256, 3]}, {'CONV': [256, 5]}, {'POOLMAX': [-1, 2]}), {'GLOBAL_AVG': None}, {'LAST_DENSE': [100, 'softmax']}]",HHSE,NSGA2,,,,,0.6898483123146902,,,,776175104,3743780,,,,,,"[4, 4, 24, 38, 3, 12, 26, 41]",0.6968370301939595,-0.005778696987486,0.625,0.375,1.0,0.0,0.02,0,0,0,100,0,0.0,BEST,False,False,323,True,True,GREEDY,,,GREEDY_HV
BIUJA[M],12,13,5,2,0.05,True,True,"[0, 11, 22, 37, 2, 6, 40, 55]",[],"[0.8483067320130457, 11.454371620431074, 22.91328894825555, 37.96333644750164, 2.0634180275621774, 6.35766682215745, 40.29025324961726, 55.70565515106021]","[{'INP': 32}, {'CONV': [64, 3]}, ({'CONV': [32, 3]}, {'CONV': [32, 3]}), ({'CONV': [32, 5]}, {'CONV': [64, 5]}, {'POOLMAX': [-1, 2]}), ({'CONV': [64, 3]}, {'CONV': [256, 3]}), ({'CONV': [128, 3]}, {'CONV': [128, 5]}, {'POOLMAX': [-1, 2]}), ({'CONV': [32, 3]}, {'CONV': [64, 3]}), ({'CONV': [32, 3]}, {'CONV': [256, 3]}, {'POOLMAX': [-1, 2]}), ({'CONV': [128, 5]}, {'CONV': [32, 3]}), ({'CONV': [256, 3]}, {'CONV': [256, 5]}, {'POOLMAX': [-1, 2]}), {'GLOBAL_AVG': None}, {'LAST_DENSE': [100, 'softmax']}]",HHSE,NSGA2,,,,,0.6898483123146902,,,,776175104,3743780,,,,,,"[4, 4, 24, 38, 3, 12, 26, 41]",0.6975098177257968,-0.0061389440580421,0.625,0.375,1.0,0.0,0.02,0,1,0,100,0,0.01,BEST,False,False,323,True,True,GREEDY,,,GREEDY_HV
BJOBIV[M][M],12,13,6,6,0.06,True,True,"[34, 5, 23, 58, 55, 6, 62, 7]",[],"[34.59340485288077, 5.81141036243966, 23.515068484033065, 58.355949249814756, 55.06256672257361, 6.683684607301712, 62.85176587101851, 7.274461633873265]","[{'INP': 32}, {'CONV': [64, 3]}, ({'CONV': [128, 3]}, {'CONV': [64, 3]}), ({'CONV': [32, 3]}, {'CONV': [128, 5]}, {'POOLMAX': [-1, 2]}), ({'CONV': [64, 3]}, {'CONV': [256, 5]}), ({'CONV': [256, 5]}, {'CONV': [64, 3]}, {'POOLMAX': [-1, 2]}), ({'CONV': [256, 3]}, {'CONV': [256, 5]}), ({'CONV': [32, 3]}, {'CONV': [256, 3]}, {'POOLMAX': [-1, 2]}), ({'CONV': [256, 5]}, {'CONV': [256, 3]}), ({'CONV': [32, 3]}, {'CONV': [256, 5]}, {'POOLMAX': [-1, 2]}), {'GLOBAL_AVG': None}, {'LAST_DENSE': [100, 'softmax']}]",HHSE,NSGA2,,,,,0.6973428885805044,,,,2046488064,7015588,,,,,,"[5, 0, 3, 4, 54, 6, 62, 4]",0.7068619922269774,-0.0019826769531672,0.0,0.0,0.75,0.875,0.06,0,2,0,100,0,0.02,BEST,False,False,277,True,True,GREEDY,,,GREEDY_HV
BJOBIV[M][M],12,13,7,6,0.07,True,True,"[34, 5, 23, 58, 55, 6, 62, 7]",[],"[34.59340485288077, 5.81141036243966, 23.515068484033065, 58.355949249814756, 55.06256672257361, 6.683684607301712, 62.85176587101851, 7.274461633873265]","[{'INP': 32}, {'CONV': [64, 3]}, ({'CONV': [128, 3]}, {'CONV': [64, 3]}), ({'CONV': [32, 3]}, {'CONV': [128, 5]}, {'POOLMAX': [-1, 2]}), ({'CONV': [64, 3]}, {'CONV': [256, 5]}), ({'CONV': [256, 5]}, {'CONV': [64, 3]}, {'POOLMAX': [-1, 2]}), ({'CONV': [256, 3]}, {'CONV': [256, 5]}), ({'CONV': [32, 3]}, {'CONV': [256, 3]}, {'POOLMAX': [-1, 2]}), ({'CONV': [256, 5]}, {'CONV': [256, 3]}), ({'CONV': [32, 3]}, {'CONV': [256, 5]}, {'POOLMAX': [-1, 2]}), {'GLOBAL_AVG': None}, {'LAST_DENSE': [100, 'softmax']}]",HHSE,NSGA2,,,,,0.6973428885805044,,,,2046488064,7015588,,,,,,"[5, 0, 3, 4, 54, 6, 62, 4]",0.7093019990514742,-0.0005537325992548,0.0,0.0,0.75,0.0,0.06,0,1,0,100,0,0.01,BEST,False,False,277,True,True,GREEDY,,,GREEDY_HV
BJOBIV[M][M],12,13,8,6,0.08,True,True,"[34, 5, 23, 58, 55, 6, 62, 7]",[],"[34.59340485288077, 5.81141036243966, 23.515068484033065, 58.355949249814756, 55.06256672257361, 6.683684607301712, 62.85176587101851, 7.274461633873265]","[{'INP': 32}, {'CONV': [64, 3]}, ({'CONV': [128, 3]}, {'CONV': [64, 3]}), ({'CONV': [32, 3]}, {'CONV': [128, 5]}, {'POOLMAX': [-1, 2]}), ({'CONV': [64, 3]}, {'CONV': [256, 5]}), ({'CONV': [256, 5]}, {'CONV': [64, 3]}, {'POOLMAX': [-1, 2]}), ({'CONV': [256, 3]}, {'CONV': [256, 5]}), ({'CONV': [32, 3]}, {'CONV': [256, 3]}, {'POOLMAX': [-1, 2]}), ({'CONV': [256, 5]}, {'CONV': [256, 3]}), ({'CONV': [32, 3]}, {'CONV': [256, 5]}, {'POOLMAX': [-1, 2]}), {'GLOBAL_AVG': None}, {'LAST_DENSE': [100, 'softmax']}]",HHSE,NSGA2,,,,,0.6973428885805044,,,,2046488064,7015588,,,,,,"[5, 0, 3, 4, 54, 6, 62, 4]",0.7097160050199057,-0.0007385118046734,0.0,0.0,0.75,0.0,0.06,0,0,0,100,0,0.0,BEST,False,False,277,True,True,GREEDY,,,GREEDY_HV
BJOBIV[M][M],12,13,9,6,0.09,True,True,"[34, 5, 23, 58, 55, 6, 62, 7]",[],"[34.59340485288077, 5.81141036243966, 23.515068484033065, 58.355949249814756, 55.06256672257361, 6.683684607301712, 62.85176587101851, 7.274461633873265]","[{'INP': 32}, {'CONV': [64, 3]}, ({'CONV': [128, 3]}, {'CONV': [64, 3]}), ({'CONV': [32, 3]}, {'CONV': [128, 5]}, {'POOLMAX': [-1, 2]}), ({'CONV': [64, 3]}, {'CONV': [256, 5]}), ({'CONV': [256, 5]}, {'CONV': [64, 3]}, {'POOLMAX': [-1, 2]}), ({'CONV': [256, 3]}, {'CONV': [256, 5]}), ({'CONV': [32, 3]}, {'CONV': [256, 3]}, {'POOLMAX': [-1, 2]}), ({'CONV': [256, 5]}, {'CONV': [256, 3]}), ({'CONV': [32, 3]}, {'CONV': [256, 5]}, {'POOLMAX': [-1, 2]}), {'GLOBAL_AVG': None}, {'LAST_DENSE': [100, 'softmax']}]",HHSE,NSGA2,,,,,0.6973428885805044,,,,2046488064,7015588,,,,,,"[5, 0, 3, 4, 54, 6, 62, 4]",0.7105695511968441,-0.000314008044445,0.0,0.0,0.75,0.0,0.06,0,0,0,100,0,0.0,BEST,False,False,277,True,True,GREEDY,,,GREEDY_HV
BJOBIV[M][M],12,13,10,6,0.1,True,True,"[34, 5, 23, 58, 55, 6, 62, 7]",[],"[34.59340485288077, 5.81141036243966, 23.515068484033065, 58.355949249814756, 55.06256672257361, 6.683684607301712, 62.85176587101851, 7.274461633873265]","[{'INP': 32}, {'CONV': [64, 3]}, ({'CONV': [128, 3]}, {'CONV': [64, 3]}), ({'CONV': [32, 3]}, {'CONV': [128, 5]}, {'POOLMAX': [-1, 2]}), ({'CONV': [64, 3]}, {'CONV': [256, 5]}), ({'CONV': [256, 5]}, {'CONV': [64, 3]}, {'POOLMAX': [-1, 2]}), ({'CONV': [256, 3]}, {'CONV': [256, 5]}), ({'CONV': [32, 3]}, {'CONV': [256, 3]}, {'POOLMAX': [-1, 2]}), ({'CONV': [256, 5]}, {'CONV': [256, 3]}), ({'CONV': [32, 3]}, {'CONV': [256, 5]}, {'POOLMAX': [-1, 2]}), {'GLOBAL_AVG': None}, {'LAST_DENSE': [100, 'softmax']}]",HHSE,NSGA2,,,,,0.6973428885805044,,,,2046488064,7015588,,,,,,"[5, 0, 3, 4, 54, 6, 62, 4]",0.7106838955175672,-0.0004666667733392,0.0,0.0,0.75,0.0,0.06,0,0,0,100,0,0.0,BEST,False,False,277,True,True,GREEDY,,,GREEDY_HV
BJOBIV[M][M],12,13,11,6,0.11,True,True,"[34, 5, 23, 58, 55, 6, 62, 7]",[],"[34.59340485288077, 5.81141036243966, 23.515068484033065, 58.355949249814756, 55.06256672257361, 6.683684607301712, 62.85176587101851, 7.274461633873265]","[{'INP': 32}, {'CONV': [64, 3]}, ({'CONV': [128, 3]}, {'CONV': [64, 3]}), ({'CONV': [32, 3]}, {'CONV': [128, 5]}, {'POOLMAX': [-1, 2]}), ({'CONV': [64, 3]}, {'CONV': [256, 5]}), ({'CONV': [256, 5]}, {'CONV': [64, 3]}, {'POOLMAX': [-1, 2]}), ({'CONV': [256, 3]}, {'CONV': [256, 5]}), ({'CONV': [32, 3]}, {'CONV': [256, 3]}, {'POOLMAX': [-1, 2]}), ({'CONV': [256, 5]}, {'CONV': [256, 3]}), ({'CONV': [32, 3]}, {'CONV': [256, 5]}, {'POOLMAX': [-1, 2]}), {'GLOBAL_AVG': None}, {'LAST_DENSE': [100, 'softmax']}]",HHSE,NSGA2,,,,,0.6973428885805044,,,,2046488064,7015588,,,,,,"[5, 0, 3, 4, 54, 6, 62, 4]",0.7110887186760664,-0.0001796105267963,0.0,0.0,0.75,0.0,0.06,0,1,0,100,0,0.01,BEST,False,False,277,True,True,GREEDY,,,GREEDY_HV
BJOBIV[M][M],12,13,12,6,0.12,True,True,"[34, 5, 23, 58, 55, 6, 62, 7]",[],"[34.59340485288077, 5.81141036243966, 23.515068484033065, 58.355949249814756, 55.06256672257361, 6.683684607301712, 62.85176587101851, 7.274461633873265]","[{'INP': 32}, {'CONV': [64, 3]}, ({'CONV': [128, 3]}, {'CONV': [64, 3]}), ({'CONV': [32, 3]}, {'CONV': [128, 5]}, {'POOLMAX': [-1, 2]}), ({'CONV': [64, 3]}, {'CONV': [256, 5]}), ({'CONV': [256, 5]}, {'CONV': [64, 3]}, {'POOLMAX': [-1, 2]}), ({'CONV': [256, 3]}, {'CONV': [256, 5]}), ({'CONV': [32, 3]}, {'CONV': [256, 3]}, {'POOLMAX': [-1, 2]}), ({'CONV': [256, 5]}, {'CONV': [256, 3]}), ({'CONV': [32, 3]}, {'CONV': [256, 5]}, {'POOLMAX': [-1, 2]}), {'GLOBAL_AVG': None}, {'LAST_DENSE': [100, 'softmax']}]",HHSE,NSGA2,,,,,0.6973428885805044,,,,2046488064,7015588,,,,,,"[5, 0, 3, 4, 54, 6, 62, 4]",0.7116078221711177,-0.0006991043747219,0.0,0.0,0.75,0.0,0.06,0,0,0,100,0,0.0,BEST,False,False,277,True,True,GREEDY,,,GREEDY_HV
BJOBIV[M][M],12,13,13,6,0.13,True,True,"[34, 5, 23, 58, 55, 6, 62, 7]",[],"[34.59340485288077, 5.81141036243966, 23.515068484033065, 58.355949249814756, 55.06256672257361, 6.683684607301712, 62.85176587101851, 7.274461633873265]","[{'INP': 32}, {'CONV': [64, 3]}, ({'CONV': [128, 3]}, {'CONV': [64, 3]}), ({'CONV': [32, 3]}, {'CONV': [128, 5]}, {'POOLMAX': [-1, 2]}), ({'CONV': [64, 3]}, {'CONV': [256, 5]}), ({'CONV': [256, 5]}, {'CONV': [64, 3]}, {'POOLMAX': [-1, 2]}), ({'CONV': [256, 3]}, {'CONV': [256, 5]}), ({'CONV': [32, 3]}, {'CONV': [256, 3]}, {'POOLMAX': [-1, 2]}), ({'CONV': [256, 5]}, {'CONV': [256, 3]}), ({'CONV': [32, 3]}, {'CONV': [256, 5]}, {'POOLMAX': [-1, 2]}), {'GLOBAL_AVG': None}, {'LAST_DENSE': [100, 'softmax']}]",HHSE,NSGA2,,,,,0.6973428885805044,,,,2046488064,7015588,,,,,,"[5, 0, 3, 4, 54, 6, 62, 4]",0.7114738561636562,-0.0004440520202064,0.0,0.0,0.75,0.0,0.06,0,0,0,100,0,0.0,BEST,False,False,277,True,True,GREEDY,,,GREEDY_HV
BJOBIV[M][M],12,13,14,6,0.14,True,True,"[34, 5, 23, 58, 55, 6, 62, 7]",[],"[34.59340485288077, 5.81141036243966, 23.515068484033065, 58.355949249814756, 55.06256672257361, 6.683684607301712, 62.85176587101851, 7.274461633873265]","[{'INP': 32}, {'CONV': [64, 3]}, ({'CONV': [128, 3]}, {'CONV': [64, 3]}), ({'CONV': [32, 3]}, {'CONV': [128, 5]}, {'POOLMAX': [-1, 2]}), ({'CONV': [64, 3]}, {'CONV': [256, 5]}), ({'CONV': [256, 5]}, {'CONV': [64, 3]}, {'POOLMAX': [-1, 2]}), ({'CONV': [256, 3]}, {'CONV': [256, 5]}), ({'CONV': [32, 3]}, {'CONV': [256, 3]}, {'POOLMAX': [-1, 2]}), ({'CONV': [256, 5]}, {'CONV': [256, 3]}), ({'CONV': [32, 3]}, {'CONV': [256, 5]}, {'POOLMAX': [-1, 2]}), {'GLOBAL_AVG': None}, {'LAST_DENSE': [100, 'softmax']}]",HHSE,NSGA2,,,,,0.6973428885805044,,,,2046488064,7015588,,,,,,"[5, 0, 3, 4, 54, 6, 62, 4]",0.7120912633717691,-0.0002400622479663,0.0,0.0,0.75,0.0,0.06,0,0,0,100,0,0.0,BEST,False,False,277,True,True,GREEDY,,,GREEDY_HV
BJOBIV[M][M],12,13,15,6,0.15,True,True,"[34, 5, 23, 58, 55, 6, 62, 7]",[],"[34.59340485288077, 5.81141036243966, 23.515068484033065, 58.355949249814756, 55.06256672257361, 6.683684607301712, 62.85176587101851, 7.274461633873265]","[{'INP': 32}, {'CONV': [64, 3]}, ({'CONV': [128, 3]}, {'CONV': [64, 3]}), ({'CONV': [32, 3]}, {'CONV': [128, 5]}, {'POOLMAX': [-1, 2]}), ({'CONV': [64, 3]}, {'CONV': [256, 5]}), ({'CONV': [256, 5]}, {'CONV': [64, 3]}, {'POOLMAX': [-1, 2]}), ({'CONV': [256, 3]}, {'CONV': [256, 5]}), ({'CONV': [32, 3]}, {'CONV': [256, 3]}, {'POOLMAX': [-1, 2]}), ({'CONV': [256, 5]}, {'CONV': [256, 3]}), ({'CONV': [32, 3]}, {'CONV': [256, 5]}, {'POOLMAX': [-1, 2]}), {'GLOBAL_AVG': None}, {'LAST_DENSE': [100, 'softmax']}]",HHSE,NSGA2,,,,,0.6973428885805044,,,,2046488064,7015588,,,,,,"[5, 0, 3, 4, 54, 6, 62, 4]",0.7117608413169091,-0.0007978896678554,0.0,0.0,0.75,0.0,0.06,0,0,0,100,0,0.0,BEST,False,False,277,True,True,GREEDY,,,GREEDY_HV
BJOBIV[M][M],12,13,16,6,0.16,True,True,"[34, 5, 23, 58, 55, 6, 62, 7]",[],"[34.59340485288077, 5.81141036243966, 23.515068484033065, 58.355949249814756, 55.06256672257361, 6.683684607301712, 62.85176587101851, 7.274461633873265]","[{'INP': 32}, {'CONV': [64, 3]}, ({'CONV': [128, 3]}, {'CONV': [64, 3]}), ({'CONV': [32, 3]}, {'CONV': [128, 5]}, {'POOLMAX': [-1, 2]}), ({'CONV': [64, 3]}, {'CONV': [256, 5]}), ({'CONV': [256, 5]}, {'CONV': [64, 3]}, {'POOLMAX': [-1, 2]}), ({'CONV': [256, 3]}, {'CONV': [256, 5]}), ({'CONV': [32, 3]}, {'CONV': [256, 3]}, {'POOLMAX': [-1, 2]}), ({'CONV': [256, 5]}, {'CONV': [256, 3]}), ({'CONV': [32, 3]}, {'CONV': [256, 5]}, {'POOLMAX': [-1, 2]}), {'GLOBAL_AVG': None}, {'LAST_DENSE': [100, 'softmax']}]",HHSE,NSGA2,,,,,0.6973428885805044,,,,2046488064,7015588,,,,,,"[5, 0, 3, 4, 54, 6, 62, 4]",0.7122740980441158,-0.002231015617342,0.0,0.0,0.75,0.0,0.06,0,1,0,100,0,0.01,BEST,False,False,277,True,True,GREEDY,,,GREEDY_HV
BJOBIV[M][M],12,13,17,6,0.17,True,True,"[34, 5, 23, 58, 55, 6, 62, 7]",[],"[34.59340485288077, 5.81141036243966, 23.515068484033065, 58.355949249814756, 55.06256672257361, 6.683684607301712, 62.85176587101851, 7.274461633873265]","[{'INP': 32}, {'CONV': [64, 3]}, ({'CONV': [128, 3]}, {'CONV': [64, 3]}), ({'CONV': [32, 3]}, {'CONV': [128, 5]}, {'POOLMAX': [-1, 2]}), ({'CONV': [64, 3]}, {'CONV': [256, 5]}), ({'CONV': [256, 5]}, {'CONV': [64, 3]}, {'POOLMAX': [-1, 2]}), ({'CONV': [256, 3]}, {'CONV': [256, 5]}), ({'CONV': [32, 3]}, {'CONV': [256, 3]}, {'POOLMAX': [-1, 2]}), ({'CONV': [256, 5]}, {'CONV': [256, 3]}), ({'CONV': [32, 3]}, {'CONV': [256, 5]}, {'POOLMAX': [-1, 2]}), {'GLOBAL_AVG': None}, {'LAST_DENSE': [100, 'softmax']}]",HHSE,NSGA2,,,,,0.6973428885805044,,,,2046488064,7015588,,,,,,"[5, 0, 3, 4, 54, 6, 62, 4]",0.7118327244719759,-0.0059011236153582,0.0,0.0,0.75,0.0,0.06,0,0,0,100,0,0.0,BEST,False,False,277,True,True,GREEDY,,,GREEDY_HV
BJOBIV[M][M],12,13,18,6,0.18,True,True,"[34, 5, 23, 58, 55, 6, 62, 7]",[],"[34.59340485288077, 5.81141036243966, 23.515068484033065, 58.355949249814756, 55.06256672257361, 6.683684607301712, 62.85176587101851, 7.274461633873265]","[{'INP': 32}, {'CONV': [64, 3]}, ({'CONV': [128, 3]}, {'CONV': [64, 3]}), ({'CONV': [32, 3]}, {'CONV': [128, 5]}, {'POOLMAX': [-1, 2]}), ({'CONV': [64, 3]}, {'CONV': [256, 5]}), ({'CONV': [256, 5]}, {'CONV': [64, 3]}, {'POOLMAX': [-1, 2]}), ({'CONV': [256, 3]}, {'CONV': [256, 5]}), ({'CONV': [32, 3]}, {'CONV': [256, 3]}, {'POOLMAX': [-1, 2]}), ({'CONV': [256, 5]}, {'CONV': [256, 3]}), ({'CONV': [32, 3]}, {'CONV': [256, 5]}, {'POOLMAX': [-1, 2]}), {'GLOBAL_AVG': None}, {'LAST_DENSE': [100, 'softmax']}]",HHSE,NSGA2,,,,,0.6973428885805044,,,,2046488064,7015588,,,,,,"[5, 0, 3, 4, 54, 6, 62, 4]",0.7118199251385163,-0.0002196425736183,0.0,0.0,0.75,0.0,0.06,0,0,0,100,0,0.0,BEST,False,False,277,True,True,GREEDY,,,GREEDY_HV
BKYQIT[M][M],12,13,19,19,0.19,True,True,"[14, 24, 51, 22, 47, 13, 62, 39]",[],"[14.138185336674766, 24.692895754500768, 51.165517113899774, 22.76459306209511, 47.18211102922013, 13.5642063493095, 62.204320637692454, 39.8869717128007]","[{'INP': 32}, {'CONV': [64, 3]}, ({'CONV': [32, 5]}, {'CONV': [256, 3]}), ({'CONV': [64, 5]}, {'CONV': [32, 3]}, {'POOLMAX': [-1, 2]}), ({'CONV': [256, 3]}, {'CONV': [64, 5]}), ({'CONV': [64, 3]}, {'CONV': [256, 3]}, {'POOLMAX': [-1, 2]}), ({'CONV': [128, 5]}, {'CONV': [256, 5]}), ({'CONV': [32, 5]}, {'CONV': [128, 5]}, {'POOLMAX': [-1, 2]}), ({'CONV': [256, 5]}, {'CONV': [256, 3]}), ({'CONV': [128, 3]}, {'CONV': [256, 5]}, {'POOLMAX': [-1, 2]}), {'GLOBAL_AVG': None}, {'LAST_DENSE': [100, 'softmax']}]",HHSE,NSGA2,,,,,0.7040936872190867,,,,1811467264,5726884,,,,,,"[16, 33, 50, 26, 41, 52, 60, 55]",0.7122285888256458,-0.0005205627199157,0.0,0.0,1.0,0.875,0.19,0,1,0,100,0,0.01,BEST,False,False,206,True,True,GREEDY,,,GREEDY_HV
BKYQIT[M][M],12,13,20,19,0.2,True,True,"[14, 24, 51, 22, 47, 13, 62, 39]",[],"[14.138185336674766, 24.692895754500768, 51.165517113899774, 22.76459306209511, 47.18211102922013, 13.5642063493095, 62.204320637692454, 39.8869717128007]","[{'INP': 32}, {'CONV': [64, 3]}, ({'CONV': [32, 5]}, {'CONV': [256, 3]}), ({'CONV': [64, 5]}, {'CONV': [32, 3]}, {'POOLMAX': [-1, 2]}), ({'CONV': [256, 3]}, {'CONV': [64, 5]}), ({'CONV': [64, 3]}, {'CONV': [256, 3]}, {'POOLMAX': [-1, 2]}), ({'CONV': [128, 5]}, {'CONV': [256, 5]}), ({'CONV': [32, 5]}, {'CONV': [128, 5]}, {'POOLMAX': [-1, 2]}), ({'CONV': [256, 5]}, {'CONV': [256, 3]}), ({'CONV': [128, 3]}, {'CONV': [256, 5]}, {'POOLMAX': [-1, 2]}), {'GLOBAL_AVG': None}, {'LAST_DENSE': [100, 'softmax']}]",HHSE,NSGA2,,,,,0.7040936872190867,,,,1811467264,5726884,,,,,,"[16, 33, 50, 26, 41, 52, 60, 55]",0.7170387896504157,-0.0006119870663355,0.0,0.0,1.0,0.0,0.19,0,0,0,100,0,0.0,BEST,False,False,206,True,True,GREEDY,,,GREEDY_HV
BKYQIT[M][M],12,13,21,19,0.21,True,True,"[14, 24, 51, 22, 47, 13, 62, 39]",[],"[14.138185336674766, 24.692895754500768, 51.165517113899774, 22.76459306209511, 47.18211102922013, 13.5642063493095, 62.204320637692454, 39.8869717128007]","[{'INP': 32}, {'CONV': [64, 3]}, ({'CONV': [32, 5]}, {'CONV': [256, 3]}), ({'CONV': [64, 5]}, {'CONV': [32, 3]}, {'POOLMAX': [-1, 2]}), ({'CONV': [256, 3]}, {'CONV': [64, 5]}), ({'CONV': [64, 3]}, {'CONV': [256, 3]}, {'POOLMAX': [-1, 2]}), ({'CONV': [128, 5]}, {'CONV': [256, 5]}), ({'CONV': [32, 5]}, {'CONV': [128, 5]}, {'POOLMAX': [-1, 2]}), ({'CONV': [256, 5]}, {'CONV': [256, 3]}), ({'CONV': [128, 3]}, {'CONV': [256, 5]}, {'POOLMAX': [-1, 2]}), {'GLOBAL_AVG': None}, {'LAST_DENSE': [100, 'softmax']}]",HHSE,NSGA2,,,,,0.7040936872190867,,,,1811467264,5726884,,,,,,"[16, 33, 50, 26, 41, 52, 60, 55]",0.7195328163253499,0.0018361254658487,0.0,0.0,1.0,0.0,0.19,0,0,0,100,0,0.0,BEST,False,False,206,True,True,GREEDY,,,GREEDY_HV
BRQPIE[M],12,13,22,22,0.22,True,True,"[0, 23, 37, 23, 46, 47, 38, 14]",[],"[0.2842558521093312, 23.303880497745524, 37.828495501843946, 23.433694724189863, 46.17005493345703, 47.42650622884437, 38.383529749678424, 14.60902575132431]","[{'INP': 32}, {'CONV': [64, 3]}, ({'CONV': [32, 3]}, {'CONV': [32, 3]}), ({'CONV': [64, 3]}, {'CONV': [256, 5]}, {'POOLMAX': [-1, 2]}), ({'CONV': [128, 3]}, {'CONV': [128, 5]}), ({'CONV': [64, 3]}, {'CONV': [256, 5]}, {'POOLMAX': [-1, 2]}), ({'CONV': [128, 5]}, {'CONV': [256, 3]}), ({'CONV': [128, 5]}, {'CONV': [256, 5]}, {'POOLMAX': [-1, 2]}), ({'CONV': [128, 3]}, {'CONV': [256, 3]}), ({'CONV': [32, 5]}, {'CONV': [256, 3]}, {'POOLMAX': [-1, 2]}), {'GLOBAL_AVG': None}, {'LAST_DENSE': [100, 'softmax']}]",HHSE,NSGA2,,,,,0.7043489899780822,,,,1929829888,5301668,,,,,,"[0, 0, 1, 9, 41, 52, 0, 8]",0.717460263788919,-0.0001916967225232,0.25,0.75,0.875,1.0,0.22,0,1,0,100,0,0.01,BEST,False,False,202,True,True,GREEDY,,,GREEDY_HV
BRQPIE[M],12,13,23,22,0.23,True,True,"[0, 23, 37, 23, 46, 47, 38, 14]",[],"[0.2842558521093312, 23.303880497745524, 37.828495501843946, 23.433694724189863, 46.17005493345703, 47.42650622884437, 38.383529749678424, 14.60902575132431]","[{'INP': 32}, {'CONV': [64, 3]}, ({'CONV': [32, 3]}, {'CONV': [32, 3]}), ({'CONV': [64, 3]}, {'CONV': [256, 5]}, {'POOLMAX': [-1, 2]}), ({'CONV': [128, 3]}, {'CONV': [128, 5]}), ({'CONV': [64, 3]}, {'CONV': [256, 5]}, {'POOLMAX': [-1, 2]}), ({'CONV': [128, 5]}, {'CONV': [256, 3]}), ({'CONV': [128, 5]}, {'CONV': [256, 5]}, {'POOLMAX': [-1, 2]}), ({'CONV': [128, 3]}, {'CONV': [256, 3]}), ({'CONV': [32, 5]}, {'CONV': [256, 3]}, {'POOLMAX': [-1, 2]}), {'GLOBAL_AVG': None}, {'LAST_DENSE': [100, 'softmax']}]",HHSE,NSGA2,,,,,0.7043489899780822,,,,1929829888,5301668,,,,,,"[0, 0, 1, 9, 41, 52, 0, 8]",0.7174234977464948,-0.0002386973474615,0.25,0.75,0.875,0.0,0.22,0,0,0,100,0,0.0,BEST,False,False,202,True,True,GREEDY,,,GREEDY_HV
BRQPIE[M],12,13,24,22,0.24,True,True,"[0, 23, 37, 23, 46, 47, 38, 14]",[],"[0.2842558521093312, 23.303880497745524, 37.828495501843946, 23.433694724189863, 46.17005493345703, 47.42650622884437, 38.383529749678424, 14.60902575132431]","[{'INP': 32}, {'CONV': [64, 3]}, ({'CONV': [32, 3]}, {'CONV': [32, 3]}), ({'CONV': [64, 3]}, {'CONV': [256, 5]}, {'POOLMAX': [-1, 2]}), ({'CONV': [128, 3]}, {'CONV': [128, 5]}), ({'CONV': [64, 3]}, {'CONV': [256, 5]}, {'POOLMAX': [-1, 2]}), ({'CONV': [128, 5]}, {'CONV': [256, 3]}), ({'CONV': [128, 5]}, {'CONV': [256, 5]}, {'POOLMAX': [-1, 2]}), ({'CONV': [128, 3]}, {'CONV': [256, 3]}), ({'CONV': [32, 5]}, {'CONV': [256, 3]}, {'POOLMAX': [-1, 2]}), {'GLOBAL_AVG': None}, {'LAST_DENSE': [100, 'softmax']}]",HHSE,NSGA2,,,,,0.7043489899780822,,,,1929829888,5301668,,,,,,"[0, 0, 1, 9, 41, 52, 0, 8]",0.7174787294894767,-0.0016761843599295,0.25,0.75,0.875,0.0,0.22,0,0,0,100,0,0.0,BEST,False,False,202,True,True,GREEDY,,,GREEDY_HV
BRQPIE[M],12,13,25,22,0.25,True,True,"[0, 23, 37, 23, 46, 47, 38, 14]",[],"[0.2842558521093312, 23.303880497745524, 37.828495501843946, 23.433694724189863, 46.17005493345703, 47.42650622884437, 38.383529749678424, 14.60902575132431]","[{'INP': 32}, {'CONV': [64, 3]}, ({'CONV': [32, 3]}, {'CONV': [32, 3]}), ({'CONV': [64, 3]}, {'CONV': [256, 5]}, {'POOLMAX': [-1, 2]}), ({'CONV': [128, 3]}, {'CONV': [128, 5]}), ({'CONV': [64, 3]}, {'CONV': [256, 5]}, {'POOLMAX': [-1, 2]}), ({'CONV': [128, 5]}, {'CONV': [256, 3]}), ({'CONV': [128, 5]}, {'CONV': [256, 5]}, {'POOLMAX': [-1, 2]}), ({'CONV': [128, 3]}, {'CONV': [256, 3]}), ({'CONV': [32, 5]}, {'CONV': [256, 3]}, {'POOLMAX': [-1, 2]}), {'GLOBAL_AVG': None}, {'LAST_DENSE': [100, 'softmax']}]",HHSE,NSGA2,,,,,0.7043489899780822,,,,1929829888,5301668,,,,,,"[0, 0, 1, 9, 41, 52, 0, 8]",0.7176268494250809,-0.0012209850128483,0.25,0.75,0.875,0.0,0.22,0,0,0,100,0,0.0,BEST,False,False,202,True,True,GREEDY,,,GREEDY_HV
BRQPIE[M],12,13,26,22,0.26,True,True,"[0, 23, 37, 23, 46, 47, 38, 14]",[],"[0.2842558521093312, 23.303880497745524, 37.828495501843946, 23.433694724189863, 46.17005493345703, 47.42650622884437, 38.383529749678424, 14.60902575132431]","[{'INP': 32}, {'CONV': [64, 3]}, ({'CONV': [32, 3]}, {'CONV': [32, 3]}), ({'CONV': [64, 3]}, {'CONV': [256, 5]}, {'POOLMAX': [-1, 2]}), ({'CONV': [128, 3]}, {'CONV': [128, 5]}), ({'CONV': [64, 3]}, {'CONV': [256, 5]}, {'POOLMAX': [-1, 2]}), ({'CONV': [128, 5]}, {'CONV': [256, 3]}), ({'CONV': [128, 5]}, {'CONV': [256, 5]}, {'POOLMAX': [-1, 2]}), ({'CONV': [128, 3]}, {'CONV': [256, 3]}), ({'CONV': [32, 5]}, {'CONV': [256, 3]}, {'POOLMAX': [-1, 2]}), {'GLOBAL_AVG': None}, {'LAST_DENSE': [100, 'softmax']}]",HHSE,NSGA2,,,,,0.7043489899780822,,,,1929829888,5301668,,,,,,"[0, 0, 1, 9, 41, 52, 0, 8]",0.717655806864467,-0.000444807790134,0.25,0.75,0.875,0.0,0.22,0,0,0,100,0,0.0,BEST,False,False,202,True,True,GREEDY,,,GREEDY_HV
BRQPIE[M],12,13,27,22,0.27,True,True,"[0, 23, 37, 23, 46, 47, 38, 14]",[],"[0.2842558521093312, 23.303880497745524, 37.828495501843946, 23.433694724189863, 46.17005493345703, 47.42650622884437, 38.383529749678424, 14.60902575132431]","[{'INP': 32}, {'CONV': [64, 3]}, ({'CONV': [32, 3]}, {'CONV': [32, 3]}), ({'CONV': [64, 3]}, {'CONV': [256, 5]}, {'POOLMAX': [-1, 2]}), ({'CONV': [128, 3]}, {'CONV': [128, 5]}), ({'CONV': [64, 3]}, {'CONV': [256, 5]}, {'POOLMAX': [-1, 2]}), ({'CONV': [128, 5]}, {'CONV': [256, 3]}), ({'CONV': [128, 5]}, {'CONV': [256, 5]}, {'POOLMAX': [-1, 2]}), ({'CONV': [128, 3]}, {'CONV': [256, 3]}), ({'CONV': [32, 5]}, {'CONV': [256, 3]}, {'POOLMAX': [-1, 2]}), {'GLOBAL_AVG': None}, {'LAST_DENSE': [100, 'softmax']}]",HHSE,NSGA2,,,,,0.7043489899780822,,,,1929829888,5301668,,,,,,"[0, 0, 1, 9, 41, 52, 0, 8]",0.7177185746384691,-0.0007040508203151,0.25,0.75,0.875,0.0,0.22,0,0,0,100,0,0.0,BEST,False,False,202,True,True,GREEDY,,,GREEDY_HV
BRQPIE[M],12,13,28,22,0.28,True,True,"[0, 23, 37, 23, 46, 47, 38, 14]",[],"[0.2842558521093312, 23.303880497745524, 37.828495501843946, 23.433694724189863, 46.17005493345703, 47.42650622884437, 38.383529749678424, 14.60902575132431]","[{'INP': 32}, {'CONV': [64, 3]}, ({'CONV': [32, 3]}, {'CONV': [32, 3]}), ({'CONV': [64, 3]}, {'CONV': [256, 5]}, {'POOLMAX': [-1, 2]}), ({'CONV': [128, 3]}, {'CONV': [128, 5]}), ({'CONV': [64, 3]}, {'CONV': [256, 5]}, {'POOLMAX': [-1, 2]}), ({'CONV': [128, 5]}, {'CONV': [256, 3]}), ({'CONV': [128, 5]}, {'CONV': [256, 5]}, {'POOLMAX': [-1, 2]}), ({'CONV': [128, 3]}, {'CONV': [256, 3]}), ({'CONV': [32, 5]}, {'CONV': [256, 3]}, {'POOLMAX': [-1, 2]}), {'GLOBAL_AVG': None}, {'LAST_DENSE': [100, 'softmax']}]",HHSE,NSGA2,,,,,0.7043489899780822,,,,1929829888,5301668,,,,,,"[0, 0, 1, 9, 41, 52, 0, 8]",0.7178008103817013,-0.0038165756095887,0.25,0.75,0.875,0.0,0.22,0,0,0,100,0,0.0,BEST,False,False,202,True,True,GREEDY,,,GREEDY_HV
BRQPIE[M],12,13,29,22,0.29,True,True,"[0, 23, 37, 23, 46, 47, 38, 14]",[],"[0.2842558521093312, 23.303880497745524, 37.828495501843946, 23.433694724189863, 46.17005493345703, 47.42650622884437, 38.383529749678424, 14.60902575132431]","[{'INP': 32}, {'CONV': [64, 3]}, ({'CONV': [32, 3]}, {'CONV': [32, 3]}), ({'CONV': [64, 3]}, {'CONV': [256, 5]}, {'POOLMAX': [-1, 2]}), ({'CONV': [128, 3]}, {'CONV': [128, 5]}), ({'CONV': [64, 3]}, {'CONV': [256, 5]}, {'POOLMAX': [-1, 2]}), ({'CONV': [128, 5]}, {'CONV': [256, 3]}), ({'CONV': [128, 5]}, {'CONV': [256, 5]}, {'POOLMAX': [-1, 2]}), ({'CONV': [128, 3]}, {'CONV': [256, 3]}), ({'CONV': [32, 5]}, {'CONV': [256, 3]}, {'POOLMAX': [-1, 2]}), {'GLOBAL_AVG': None}, {'LAST_DENSE': [100, 'softmax']}]",HHSE,NSGA2,,,,,0.7043489899780822,,,,1929829888,5301668,,,,,,"[0, 0, 1, 9, 41, 52, 0, 8]",0.717816214642584,-0.0011994105147051,0.25,0.75,0.875,0.0,0.22,0,0,0,100,0,0.0,BEST,False,False,202,True,True,GREEDY,,,GREEDY_HV
BRQPIE[M],12,13,30,22,0.3,True,True,"[0, 23, 37, 23, 46, 47, 38, 14]",[],"[0.2842558521093312, 23.303880497745524, 37.828495501843946, 23.433694724189863, 46.17005493345703, 47.42650622884437, 38.383529749678424, 14.60902575132431]","[{'INP': 32}, {'CONV': [64, 3]}, ({'CONV': [32, 3]}, {'CONV': [32, 3]}), ({'CONV': [64, 3]}, {'CONV': [256, 5]}, {'POOLMAX': [-1, 2]}), ({'CONV': [128, 3]}, {'CONV': [128, 5]}), ({'CONV': [64, 3]}, {'CONV': [256, 5]}, {'POOLMAX': [-1, 2]}), ({'CONV': [128, 5]}, {'CONV': [256, 3]}), ({'CONV': [128, 5]}, {'CONV': [256, 5]}, {'POOLMAX': [-1, 2]}), ({'CONV': [128, 3]}, {'CONV': [256, 3]}), ({'CONV': [32, 5]}, {'CONV': [256, 3]}, {'POOLMAX': [-1, 2]}), {'GLOBAL_AVG': None}, {'LAST_DENSE': [100, 'softmax']}]",HHSE,NSGA2,,,,,0.7043489899780822,,,,1929829888,5301668,,,,,,"[0, 0, 1, 9, 41, 52, 0, 8]",0.7178660217960606,-0.0003473427619268,0.25,0.75,0.875,0.0,0.22,0,0,0,100,0,0.0,BEST,False,False,202,True,True,GREEDY,,,GREEDY_HV
BRQPIE[M],12,13,31,22,0.31,True,True,"[0, 23, 37, 23, 46, 47, 38, 14]",[],"[0.2842558521093312, 23.303880497745524, 37.828495501843946, 23.433694724189863, 46.17005493345703, 47.42650622884437, 38.383529749678424, 14.60902575132431]","[{'INP': 32}, {'CONV': [64, 3]}, ({'CONV': [32, 3]}, {'CONV': [32, 3]}), ({'CONV': [64, 3]}, {'CONV': [256, 5]}, {'POOLMAX': [-1, 2]}), ({'CONV': [128, 3]}, {'CONV': [128, 5]}), ({'CONV': [64, 3]}, {'CONV': [256, 5]}, {'POOLMAX': [-1, 2]}), ({'CONV': [128, 5]}, {'CONV': [256, 3]}), ({'CONV': [128, 5]}, {'CONV': [256, 5]}, {'POOLMAX': [-1, 2]}), ({'CONV': [128, 3]}, {'CONV': [256, 3]}), ({'CONV': [32, 5]}, {'CONV': [256, 3]}, {'POOLMAX': [-1, 2]}), {'GLOBAL_AVG': None}, {'LAST_DENSE': [100, 'softmax']}]",HHSE,NSGA2,,,,,0.7043489899780822,,,,1929829888,5301668,,,,,,"[0, 0, 1, 9, 41, 52, 0, 8]",0.7178776064377934,-0.0013129301786021,0.25,0.75,0.875,0.0,0.22,0,0,0,100,0,0.0,BEST,False,False,202,True,True,GREEDY,,,GREEDY_HV
BRQPIE[M],12,13,32,22,0.32,True,True,"[0, 23, 37, 23, 46, 47, 38, 14]",[],"[0.2842558521093312, 23.303880497745524, 37.828495501843946, 23.433694724189863, 46.17005493345703, 47.42650622884437, 38.383529749678424, 14.60902575132431]","[{'INP': 32}, {'CONV': [64, 3]}, ({'CONV': [32, 3]}, {'CONV': [32, 3]}), ({'CONV': [64, 3]}, {'CONV': [256, 5]}, {'POOLMAX': [-1, 2]}), ({'CONV': [128, 3]}, {'CONV': [128, 5]}), ({'CONV': [64, 3]}, {'CONV': [256, 5]}, {'POOLMAX': [-1, 2]}), ({'CONV': [128, 5]}, {'CONV': [256, 3]}), ({'CONV': [128, 5]}, {'CONV': [256, 5]}, {'POOLMAX': [-1, 2]}), ({'CONV': [128, 3]}, {'CONV': [256, 3]}), ({'CONV': [32, 5]}, {'CONV': [256, 3]}, {'POOLMAX': [-1, 2]}), {'GLOBAL_AVG': None}, {'LAST_DENSE': [100, 'softmax']}]",HHSE,NSGA2,,,,,0.7043489899780822,,,,1929829888,5301668,,,,,,"[0, 0, 1, 9, 41, 52, 0, 8]",0.7179104172635101,-0.0002440275236287,0.25,0.75,0.875,0.0,0.22,0,0,0,100,0,0.0,BEST,False,False,202,True,True,GREEDY,,,GREEDY_HV
BRQPIE[M],12,13,33,22,0.33,True,True,"[0, 23, 37, 23, 46, 47, 38, 14]",[],"[0.2842558521093312, 23.303880497745524, 37.828495501843946, 23.433694724189863, 46.17005493345703, 47.42650622884437, 38.383529749678424, 14.60902575132431]","[{'INP': 32}, {'CONV': [64, 3]}, ({'CONV': [32, 3]}, {'CONV': [32, 3]}), ({'CONV': [64, 3]}, {'CONV': [256, 5]}, {'POOLMAX': [-1, 2]}), ({'CONV': [128, 3]}, {'CONV': [128, 5]}), ({'CONV': [64, 3]}, {'CONV': [256, 5]}, {'POOLMAX': [-1, 2]}), ({'CONV': [128, 5]}, {'CONV': [256, 3]}), ({'CONV': [128, 5]}, {'CONV': [256, 5]}, {'POOLMAX': [-1, 2]}), ({'CONV': [128, 3]}, {'CONV': [256, 3]}), ({'CONV': [32, 5]}, {'CONV': [256, 3]}, {'POOLMAX': [-1, 2]}), {'GLOBAL_AVG': None}, {'LAST_DENSE': [100, 'softmax']}]",HHSE,NSGA2,,,,,0.7043489899780822,,,,1929829888,5301668,,,,,,"[0, 0, 1, 9, 41, 52, 0, 8]",0.7179414542697866,-0.0007369838002561,0.25,0.75,0.875,0.0,0.22,0,0,0,100,0,0.0,BEST,False,False,202,True,True,GREEDY,,,GREEDY_HV
BRQPIE[M],12,13,34,22,0.34,True,True,"[0, 23, 37, 23, 46, 47, 38, 14]",[],"[0.2842558521093312, 23.303880497745524, 37.828495501843946, 23.433694724189863, 46.17005493345703, 47.42650622884437, 38.383529749678424, 14.60902575132431]","[{'INP': 32}, {'CONV': [64, 3]}, ({'CONV': [32, 3]}, {'CONV': [32, 3]}), ({'CONV': [64, 3]}, {'CONV': [256, 5]}, {'POOLMAX': [-1, 2]}), ({'CONV': [128, 3]}, {'CONV': [128, 5]}), ({'CONV': [64, 3]}, {'CONV': [256, 5]}, {'POOLMAX': [-1, 2]}), ({'CONV': [128, 5]}, {'CONV': [256, 3]}), ({'CONV': [128, 5]}, {'CONV': [256, 5]}, {'POOLMAX': [-1, 2]}), ({'CONV': [128, 3]}, {'CONV': [256, 3]}), ({'CONV': [32, 5]}, {'CONV': [256, 3]}, {'POOLMAX': [-1, 2]}), {'GLOBAL_AVG': None}, {'LAST_DENSE': [100, 'softmax']}]",HHSE,NSGA2,,,,,0.7043489899780822,,,,1929829888,5301668,,,,,,"[0, 0, 1, 9, 41, 52, 0, 8]",0.7179589920291835,-0.0016168821761095,0.25,0.75,0.875,0.0,0.22,0,0,0,100,0,0.0,BEST,False,False,202,True,True,GREEDY,,,GREEDY_HV
BRQPIE[M],12,13,35,22,0.35,True,True,"[0, 23, 37, 23, 46, 47, 38, 14]",[],"[0.2842558521093312, 23.303880497745524, 37.828495501843946, 23.433694724189863, 46.17005493345703, 47.42650622884437, 38.383529749678424, 14.60902575132431]","[{'INP': 32}, {'CONV': [64, 3]}, ({'CONV': [32, 3]}, {'CONV': [32, 3]}), ({'CONV': [64, 3]}, {'CONV': [256, 5]}, {'POOLMAX': [-1, 2]}), ({'CONV': [128, 3]}, {'CONV': [128, 5]}), ({'CONV': [64, 3]}, {'CONV': [256, 5]}, {'POOLMAX': [-1, 2]}), ({'CONV': [128, 5]}, {'CONV': [256, 3]}), ({'CONV': [128, 5]}, {'CONV': [256, 5]}, {'POOLMAX': [-1, 2]}), ({'CONV': [128, 3]}, {'CONV': [256, 3]}), ({'CONV': [32, 5]}, {'CONV': [256, 3]}, {'POOLMAX': [-1, 2]}), {'GLOBAL_AVG': None}, {'LAST_DENSE': [100, 'softmax']}]",HHSE,NSGA2,,,,,0.7043489899780822,,,,1929829888,5301668,,,,,,"[0, 0, 1, 9, 41, 52, 0, 8]",0.7179492901866791,-0.0006860735210686,0.25,0.75,0.875,0.0,0.22,0,0,0,100,0,0.0,BEST,False,False,202,True,True,GREEDY,,,GREEDY_HV
BRQPIE[M],12,13,36,22,0.36,True,True,"[0, 23, 37, 23, 46, 47, 38, 14]",[],"[0.2842558521093312, 23.303880497745524, 37.828495501843946, 23.433694724189863, 46.17005493345703, 47.42650622884437, 38.383529749678424, 14.60902575132431]","[{'INP': 32}, {'CONV': [64, 3]}, ({'CONV': [32, 3]}, {'CONV': [32, 3]}), ({'CONV': [64, 3]}, {'CONV': [256, 5]}, {'POOLMAX': [-1, 2]}), ({'CONV': [128, 3]}, {'CONV': [128, 5]}), ({'CONV': [64, 3]}, {'CONV': [256, 5]}, {'POOLMAX': [-1, 2]}), ({'CONV': [128, 5]}, {'CONV': [256, 3]}), ({'CONV': [128, 5]}, {'CONV': [256, 5]}, {'POOLMAX': [-1, 2]}), ({'CONV': [128, 3]}, {'CONV': [256, 3]}), ({'CONV': [32, 5]}, {'CONV': [256, 3]}, {'POOLMAX': [-1, 2]}), {'GLOBAL_AVG': None}, {'LAST_DENSE': [100, 'softmax']}]",HHSE,NSGA2,,,,,0.7043489899780822,,,,1929829888,5301668,,,,,,"[0, 0, 1, 9, 41, 52, 0, 8]",0.7179856287869206,-0.0009351775177189,0.25,0.75,0.875,0.0,0.22,0,0,0,100,0,0.0,BEST,False,False,202,True,True,GREEDY,,,GREEDY_HV
BRQPIE[M],12,13,37,22,0.37,True,True,"[0, 23, 37, 23, 46, 47, 38, 14]",[],"[0.2842558521093312, 23.303880497745524, 37.828495501843946, 23.433694724189863, 46.17005493345703, 47.42650622884437, 38.383529749678424, 14.60902575132431]","[{'INP': 32}, {'CONV': [64, 3]}, ({'CONV': [32, 3]}, {'CONV': [32, 3]}), ({'CONV': [64, 3]}, {'CONV': [256, 5]}, {'POOLMAX': [-1, 2]}), ({'CONV': [128, 3]}, {'CONV': [128, 5]}), ({'CONV': [64, 3]}, {'CONV': [256, 5]}, {'POOLMAX': [-1, 2]}), ({'CONV': [128, 5]}, {'CONV': [256, 3]}), ({'CONV': [128, 5]}, {'CONV': [256, 5]}, {'POOLMAX': [-1, 2]}), ({'CONV': [128, 3]}, {'CONV': [256, 3]}), ({'CONV': [32, 5]}, {'CONV': [256, 3]}, {'POOLMAX': [-1, 2]}), {'GLOBAL_AVG': None}, {'LAST_DENSE': [100, 'softmax']}]",HHSE,NSGA2,,,,,0.7043489899780822,,,,1929829888,5301668,,,,,,"[0, 0, 1, 9, 41, 52, 0, 8]",0.7180123003954973,-0.0003570784523869,0.25,0.75,0.875,0.0,0.22,0,0,0,100,0,0.0,BEST,False,False,202,True,True,GREEDY,,,GREEDY_HV
BRQPIE[M],12,13,38,22,0.38,True,True,"[0, 23, 37, 23, 46, 47, 38, 14]",[],"[0.2842558521093312, 23.303880497745524, 37.828495501843946, 23.433694724189863, 46.17005493345703, 47.42650622884437, 38.383529749678424, 14.60902575132431]","[{'INP': 32}, {'CONV': [64, 3]}, ({'CONV': [32, 3]}, {'CONV': [32, 3]}), ({'CONV': [64, 3]}, {'CONV': [256, 5]}, {'POOLMAX': [-1, 2]}), ({'CONV': [128, 3]}, {'CONV': [128, 5]}), ({'CONV': [64, 3]}, {'CONV': [256, 5]}, {'POOLMAX': [-1, 2]}), ({'CONV': [128, 5]}, {'CONV': [256, 3]}), ({'CONV': [128, 5]}, {'CONV': [256, 5]}, {'POOLMAX': [-1, 2]}), ({'CONV': [128, 3]}, {'CONV': [256, 3]}), ({'CONV': [32, 5]}, {'CONV': [256, 3]}, {'POOLMAX': [-1, 2]}), {'GLOBAL_AVG': None}, {'LAST_DENSE': [100, 'softmax']}]",HHSE,NSGA2,,,,,0.7043489899780822,,,,1929829888,5301668,,,,,,"[0, 0, 1, 9, 41, 52, 0, 8]",0.7186863370593449,-0.0004456134006448,0.25,0.75,0.875,0.0,0.22,0,0,0,100,0,0.0,BEST,False,False,202,True,True,GREEDY,,,GREEDY_HV
BRQPIE[M],12,13,39,22,0.39,True,True,"[0, 23, 37, 23, 46, 47, 38, 14]",[],"[0.2842558521093312, 23.303880497745524, 37.828495501843946, 23.433694724189863, 46.17005493345703, 47.42650622884437, 38.383529749678424, 14.60902575132431]","[{'INP': 32}, {'CONV': [64, 3]}, ({'CONV': [32, 3]}, {'CONV': [32, 3]}), ({'CONV': [64, 3]}, {'CONV': [256, 5]}, {'POOLMAX': [-1, 2]}), ({'CONV': [128, 3]}, {'CONV': [128, 5]}), ({'CONV': [64, 3]}, {'CONV': [256, 5]}, {'POOLMAX': [-1, 2]}), ({'CONV': [128, 5]}, {'CONV': [256, 3]}), ({'CONV': [128, 5]}, {'CONV': [256, 5]}, {'POOLMAX': [-1, 2]}), ({'CONV': [128, 3]}, {'CONV': [256, 3]}), ({'CONV': [32, 5]}, {'CONV': [256, 3]}, {'POOLMAX': [-1, 2]}), {'GLOBAL_AVG': None}, {'LAST_DENSE': [100, 'softmax']}]",HHSE,NSGA2,,,,,0.7043489899780822,,,,1929829888,5301668,,,,,,"[0, 0, 1, 9, 41, 52, 0, 8]",0.7183993045099546,-0.0003367424490475,0.25,0.75,0.875,0.0,0.22,0,0,0,100,0,0.0,BEST,False,False,202,True,True,GREEDY,,,GREEDY_HV
BRQPIE[M],12,13,40,22,0.4,True,True,"[0, 23, 37, 23, 46, 47, 38, 14]",[],"[0.2842558521093312, 23.303880497745524, 37.828495501843946, 23.433694724189863, 46.17005493345703, 47.42650622884437, 38.383529749678424, 14.60902575132431]","[{'INP': 32}, {'CONV': [64, 3]}, ({'CONV': [32, 3]}, {'CONV': [32, 3]}), ({'CONV': [64, 3]}, {'CONV': [256, 5]}, {'POOLMAX': [-1, 2]}), ({'CONV': [128, 3]}, {'CONV': [128, 5]}), ({'CONV': [64, 3]}, {'CONV': [256, 5]}, {'POOLMAX': [-1, 2]}), ({'CONV': [128, 5]}, {'CONV': [256, 3]}), ({'CONV': [128, 5]}, {'CONV': [256, 5]}, {'POOLMAX': [-1, 2]}), ({'CONV': [128, 3]}, {'CONV': [256, 3]}), ({'CONV': [32, 5]}, {'CONV': [256, 3]}, {'POOLMAX': [-1, 2]}), {'GLOBAL_AVG': None}, {'LAST_DENSE': [100, 'softmax']}]",HHSE,NSGA2,,,,,0.7043489899780822,,,,1929829888,5301668,,,,,,"[0, 0, 1, 9, 41, 52, 0, 8]",0.7184014069338815,-0.0005184052661322,0.25,0.75,0.875,0.0,0.22,0,0,0,100,0,0.0,BEST,False,False,202,True,True,GREEDY,,,GREEDY_HV
BRQPIE[M],12,13,41,22,0.41,True,True,"[0, 23, 37, 23, 46, 47, 38, 14]",[],"[0.2842558521093312, 23.303880497745524, 37.828495501843946, 23.433694724189863, 46.17005493345703, 47.42650622884437, 38.383529749678424, 14.60902575132431]","[{'INP': 32}, {'CONV': [64, 3]}, ({'CONV': [32, 3]}, {'CONV': [32, 3]}), ({'CONV': [64, 3]}, {'CONV': [256, 5]}, {'POOLMAX': [-1, 2]}), ({'CONV': [128, 3]}, {'CONV': [128, 5]}), ({'CONV': [64, 3]}, {'CONV': [256, 5]}, {'POOLMAX': [-1, 2]}), ({'CONV': [128, 5]}, {'CONV': [256, 3]}), ({'CONV': [128, 5]}, {'CONV': [256, 5]}, {'POOLMAX': [-1, 2]}), ({'CONV': [128, 3]}, {'CONV': [256, 3]}), ({'CONV': [32, 5]}, {'CONV': [256, 3]}, {'POOLMAX': [-1, 2]}), {'GLOBAL_AVG': None}, {'LAST_DENSE': [100, 'softmax']}]",HHSE,NSGA2,,,,,0.7043489899780822,,,,1929829888,5301668,,,,,,"[0, 0, 1, 9, 41, 52, 0, 8]",0.7187382680030736,-0.0025588884618052,0.25,0.75,0.875,0.0,0.22,0,0,0,100,0,0.0,BEST,False,False,202,True,True,GREEDY,,,GREEDY_HV
BRQPIE[M],12,13,42,22,0.42,True,True,"[0, 23, 37, 23, 46, 47, 38, 14]",[],"[0.2842558521093312, 23.303880497745524, 37.828495501843946, 23.433694724189863, 46.17005493345703, 47.42650622884437, 38.383529749678424, 14.60902575132431]","[{'INP': 32}, {'CONV': [64, 3]}, ({'CONV': [32, 3]}, {'CONV': [32, 3]}), ({'CONV': [64, 3]}, {'CONV': [256, 5]}, {'POOLMAX': [-1, 2]}), ({'CONV': [128, 3]}, {'CONV': [128, 5]}), ({'CONV': [64, 3]}, {'CONV': [256, 5]}, {'POOLMAX': [-1, 2]}), ({'CONV': [128, 5]}, {'CONV': [256, 3]}), ({'CONV': [128, 5]}, {'CONV': [256, 5]}, {'POOLMAX': [-1, 2]}), ({'CONV': [128, 3]}, {'CONV': [256, 3]}), ({'CONV': [32, 5]}, {'CONV': [256, 3]}, {'POOLMAX': [-1, 2]}), {'GLOBAL_AVG': None}, {'LAST_DENSE': [100, 'softmax']}]",HHSE,NSGA2,,,,,0.7043489899780822,,,,1929829888,5301668,,,,,,"[0, 0, 1, 9, 41, 52, 0, 8]",0.718509181510016,-0.0005891451427955,0.25,0.75,0.875,0.0,0.22,0,0,0,100,0,0.0,BEST,False,False,202,True,True,GREEDY,,,GREEDY_HV
BRQPIE[M],12,13,43,22,0.43,True,True,"[0, 23, 37, 23, 46, 47, 38, 14]",[],"[0.2842558521093312, 23.303880497745524, 37.828495501843946, 23.433694724189863, 46.17005493345703, 47.42650622884437, 38.383529749678424, 14.60902575132431]","[{'INP': 32}, {'CONV': [64, 3]}, ({'CONV': [32, 3]}, {'CONV': [32, 3]}), ({'CONV': [64, 3]}, {'CONV': [256, 5]}, {'POOLMAX': [-1, 2]}), ({'CONV': [128, 3]}, {'CONV': [128, 5]}), ({'CONV': [64, 3]}, {'CONV': [256, 5]}, {'POOLMAX': [-1, 2]}), ({'CONV': [128, 5]}, {'CONV': [256, 3]}), ({'CONV': [128, 5]}, {'CONV': [256, 5]}, {'POOLMAX': [-1, 2]}), ({'CONV': [128, 3]}, {'CONV': [256, 3]}), ({'CONV': [32, 5]}, {'CONV': [256, 3]}, {'POOLMAX': [-1, 2]}), {'GLOBAL_AVG': None}, {'LAST_DENSE': [100, 'softmax']}]",HHSE,NSGA2,,,,,0.7043489899780822,,,,1929829888,5301668,,,,,,"[0, 0, 1, 9, 41, 52, 0, 8]",0.7185127588888225,-0.0005406054854929,0.25,0.75,0.875,0.0,0.22,0,0,0,100,0,0.0,BEST,False,False,202,True,True,GREEDY,,,GREEDY_HV
BRQPIE[M],12,13,44,22,0.44,True,True,"[0, 23, 37, 23, 46, 47, 38, 14]",[],"[0.2842558521093312, 23.303880497745524, 37.828495501843946, 23.433694724189863, 46.17005493345703, 47.42650622884437, 38.383529749678424, 14.60902575132431]","[{'INP': 32}, {'CONV': [64, 3]}, ({'CONV': [32, 3]}, {'CONV': [32, 3]}), ({'CONV': [64, 3]}, {'CONV': [256, 5]}, {'POOLMAX': [-1, 2]}), ({'CONV': [128, 3]}, {'CONV': [128, 5]}), ({'CONV': [64, 3]}, {'CONV': [256, 5]}, {'POOLMAX': [-1, 2]}), ({'CONV': [128, 5]}, {'CONV': [256, 3]}), ({'CONV': [128, 5]}, {'CONV': [256, 5]}, {'POOLMAX': [-1, 2]}), ({'CONV': [128, 3]}, {'CONV': [256, 3]}), ({'CONV': [32, 5]}, {'CONV': [256, 3]}, {'POOLMAX': [-1, 2]}), {'GLOBAL_AVG': None}, {'LAST_DENSE': [100, 'softmax']}]",HHSE,NSGA2,,,,,0.7043489899780822,,,,1929829888,5301668,,,,,,"[0, 0, 1, 9, 41, 52, 0, 8]",0.7185862914478692,-0.0004766717706515,0.25,0.75,0.875,0.0,0.22,0,0,0,100,0,0.0,BEST,False,False,202,True,True,GREEDY,,,GREEDY_HV
BRQPIE[M],12,13,45,22,0.45,True,True,"[0, 23, 37, 23, 46, 47, 38, 14]",[],"[0.2842558521093312, 23.303880497745524, 37.828495501843946, 23.433694724189863, 46.17005493345703, 47.42650622884437, 38.383529749678424, 14.60902575132431]","[{'INP': 32}, {'CONV': [64, 3]}, ({'CONV': [32, 3]}, {'CONV': [32, 3]}), ({'CONV': [64, 3]}, {'CONV': [256, 5]}, {'POOLMAX': [-1, 2]}), ({'CONV': [128, 3]}, {'CONV': [128, 5]}), ({'CONV': [64, 3]}, {'CONV': [256, 5]}, {'POOLMAX': [-1, 2]}), ({'CONV': [128, 5]}, {'CONV': [256, 3]}), ({'CONV': [128, 5]}, {'CONV': [256, 5]}, {'POOLMAX': [-1, 2]}), ({'CONV': [128, 3]}, {'CONV': [256, 3]}), ({'CONV': [32, 5]}, {'CONV': [256, 3]}, {'POOLMAX': [-1, 2]}), {'GLOBAL_AVG': None}, {'LAST_DENSE': [100, 'softmax']}]",HHSE,NSGA2,,,,,0.7043489899780822,,,,1929829888,5301668,,,,,,"[0, 0, 1, 9, 41, 52, 0, 8]",0.7186837551422965,-0.0001550356538978,0.25,0.75,0.875,0.0,0.22,0,0,0,100,0,0.0,BEST,False,False,202,True,True,GREEDY,,,GREEDY_HV
BRQPIE[M],12,13,46,22,0.46,True,True,"[0, 23, 37, 23, 46, 47, 38, 14]",[],"[0.2842558521093312, 23.303880497745524, 37.828495501843946, 23.433694724189863, 46.17005493345703, 47.42650622884437, 38.383529749678424, 14.60902575132431]","[{'INP': 32}, {'CONV': [64, 3]}, ({'CONV': [32, 3]}, {'CONV': [32, 3]}), ({'CONV': [64, 3]}, {'CONV': [256, 5]}, {'POOLMAX': [-1, 2]}), ({'CONV': [128, 3]}, {'CONV': [128, 5]}), ({'CONV': [64, 3]}, {'CONV': [256, 5]}, {'POOLMAX': [-1, 2]}), ({'CONV': [128, 5]}, {'CONV': [256, 3]}), ({'CONV': [128, 5]}, {'CONV': [256, 5]}, {'POOLMAX': [-1, 2]}), ({'CONV': [128, 3]}, {'CONV': [256, 3]}), ({'CONV': [32, 5]}, {'CONV': [256, 3]}, {'POOLMAX': [-1, 2]}), {'GLOBAL_AVG': None}, {'LAST_DENSE': [100, 'softmax']}]",HHSE,NSGA2,,,,,0.7043489899780822,,,,1929829888,5301668,,,,,,"[0, 0, 1, 9, 41, 52, 0, 8]",0.7185464410929877,-0.0011449805643773,0.25,0.75,0.875,0.0,0.22,0,0,0,100,0,0.0,BEST,False,False,202,True,True,GREEDY,,,GREEDY_HV
BRQPIE[M],12,13,47,22,0.47,True,True,"[0, 23, 37, 23, 46, 47, 38, 14]",[],"[0.2842558521093312, 23.303880497745524, 37.828495501843946, 23.433694724189863, 46.17005493345703, 47.42650622884437, 38.383529749678424, 14.60902575132431]","[{'INP': 32}, {'CONV': [64, 3]}, ({'CONV': [32, 3]}, {'CONV': [32, 3]}), ({'CONV': [64, 3]}, {'CONV': [256, 5]}, {'POOLMAX': [-1, 2]}), ({'CONV': [128, 3]}, {'CONV': [128, 5]}), ({'CONV': [64, 3]}, {'CONV': [256, 5]}, {'POOLMAX': [-1, 2]}), ({'CONV': [128, 5]}, {'CONV': [256, 3]}), ({'CONV': [128, 5]}, {'CONV': [256, 5]}, {'POOLMAX': [-1, 2]}), ({'CONV': [128, 3]}, {'CONV': [256, 3]}), ({'CONV': [32, 5]}, {'CONV': [256, 3]}, {'POOLMAX': [-1, 2]}), {'GLOBAL_AVG': None}, {'LAST_DENSE': [100, 'softmax']}]",HHSE,NSGA2,,,,,0.7043489899780822,,,,1929829888,5301668,,,,,,"[0, 0, 1, 9, 41, 52, 0, 8]",0.718605771390292,-0.000109349591161,0.25,0.75,0.875,0.0,0.22,0,1,0,100,0,0.01,BEST,False,False,202,True,True,GREEDY,,,GREEDY_HV
BRQPIE[M],12,13,48,22,0.48,True,True,"[0, 23, 37, 23, 46, 47, 38, 14]",[],"[0.2842558521093312, 23.303880497745524, 37.828495501843946, 23.433694724189863, 46.17005493345703, 47.42650622884437, 38.383529749678424, 14.60902575132431]","[{'INP': 32}, {'CONV': [64, 3]}, ({'CONV': [32, 3]}, {'CONV': [32, 3]}), ({'CONV': [64, 3]}, {'CONV': [256, 5]}, {'POOLMAX': [-1, 2]}), ({'CONV': [128, 3]}, {'CONV': [128, 5]}), ({'CONV': [64, 3]}, {'CONV': [256, 5]}, {'POOLMAX': [-1, 2]}), ({'CONV': [128, 5]}, {'CONV': [256, 3]}), ({'CONV': [128, 5]}, {'CONV': [256, 5]}, {'POOLMAX': [-1, 2]}), ({'CONV': [128, 3]}, {'CONV': [256, 3]}), ({'CONV': [32, 5]}, {'CONV': [256, 3]}, {'POOLMAX': [-1, 2]}), {'GLOBAL_AVG': None}, {'LAST_DENSE': [100, 'softmax']}]",HHSE,NSGA2,,,,,0.7043489899780822,,,,1929829888,5301668,,,,,,"[0, 0, 1, 9, 41, 52, 0, 8]",0.7185960510182562,-0.0006223686750697,0.25,0.75,0.875,0.0,0.22,0,0,0,100,0,0.0,BEST,False,False,202,True,True,GREEDY,,,GREEDY_HV
BRQPIE[M],12,13,49,22,0.49,True,True,"[0, 23, 37, 23, 46, 47, 38, 14]",[],"[0.2842558521093312, 23.303880497745524, 37.828495501843946, 23.433694724189863, 46.17005493345703, 47.42650622884437, 38.383529749678424, 14.60902575132431]","[{'INP': 32}, {'CONV': [64, 3]}, ({'CONV': [32, 3]}, {'CONV': [32, 3]}), ({'CONV': [64, 3]}, {'CONV': [256, 5]}, {'POOLMAX': [-1, 2]}), ({'CONV': [128, 3]}, {'CONV': [128, 5]}), ({'CONV': [64, 3]}, {'CONV': [256, 5]}, {'POOLMAX': [-1, 2]}), ({'CONV': [128, 5]}, {'CONV': [256, 3]}), ({'CONV': [128, 5]}, {'CONV': [256, 5]}, {'POOLMAX': [-1, 2]}), ({'CONV': [128, 3]}, {'CONV': [256, 3]}), ({'CONV': [32, 5]}, {'CONV': [256, 3]}, {'POOLMAX': [-1, 2]}), {'GLOBAL_AVG': None}, {'LAST_DENSE': [100, 'softmax']}]",HHSE,NSGA2,,,,,0.7043489899780822,,,,1929829888,5301668,,,,,,"[0, 0, 1, 9, 41, 52, 0, 8]",0.7185842688266411,-0.0005170579063772,0.25,0.75,0.875,0.0,0.22,0,0,0,100,0,0.0,BEST,False,False,202,True,True,GREEDY,,,GREEDY_HV
BRQPIE[M],12,13,50,22,0.5,True,True,"[0, 23, 37, 23, 46, 47, 38, 14]",[],"[0.2842558521093312, 23.303880497745524, 37.828495501843946, 23.433694724189863, 46.17005493345703, 47.42650622884437, 38.383529749678424, 14.60902575132431]","[{'INP': 32}, {'CONV': [64, 3]}, ({'CONV': [32, 3]}, {'CONV': [32, 3]}), ({'CONV': [64, 3]}, {'CONV': [256, 5]}, {'POOLMAX': [-1, 2]}), ({'CONV': [128, 3]}, {'CONV': [128, 5]}), ({'CONV': [64, 3]}, {'CONV': [256, 5]}, {'POOLMAX': [-1, 2]}), ({'CONV': [128, 5]}, {'CONV': [256, 3]}), ({'CONV': [128, 5]}, {'CONV': [256, 5]}, {'POOLMAX': [-1, 2]}), ({'CONV': [128, 3]}, {'CONV': [256, 3]}), ({'CONV': [32, 5]}, {'CONV': [256, 3]}, {'POOLMAX': [-1, 2]}), {'GLOBAL_AVG': None}, {'LAST_DENSE': [100, 'softmax']}]",HHSE,NSGA2,,,,,0.7043489899780822,,,,1929829888,5301668,,,,,,"[0, 0, 1, 9, 41, 52, 0, 8]",0.7195120636054188,4.533297557962612e-05,0.25,0.75,0.875,0.0,0.22,0,1,0,100,0,0.01,BEST,False,False,202,True,True,GREEDY,,,GREEDY_HV
BRQPIE[M],12,13,51,22,0.51,True,True,"[0, 23, 37, 23, 46, 47, 38, 14]",[],"[0.2842558521093312, 23.303880497745524, 37.828495501843946, 23.433694724189863, 46.17005493345703, 47.42650622884437, 38.383529749678424, 14.60902575132431]","[{'INP': 32}, {'CONV': [64, 3]}, ({'CONV': [32, 3]}, {'CONV': [32, 3]}), ({'CONV': [64, 3]}, {'CONV': [256, 5]}, {'POOLMAX': [-1, 2]}), ({'CONV': [128, 3]}, {'CONV': [128, 5]}), ({'CONV': [64, 3]}, {'CONV': [256, 5]}, {'POOLMAX': [-1, 2]}), ({'CONV': [128, 5]}, {'CONV': [256, 3]}), ({'CONV': [128, 5]}, {'CONV': [256, 5]}, {'POOLMAX': [-1, 2]}), ({'CONV': [128, 3]}, {'CONV': [256, 3]}), ({'CONV': [32, 5]}, {'CONV': [256, 3]}, {'POOLMAX': [-1, 2]}), {'GLOBAL_AVG': None}, {'LAST_DENSE': [100, 'softmax']}]",HHSE,NSGA2,,,,,0.7043489899780822,,,,1929829888,5301668,,,,,,"[0, 0, 1, 9, 41, 52, 0, 8]",0.7193172101470651,-0.0011966641531154,0.25,0.75,0.875,0.0,0.22,0,0,0,100,0,0.0,BEST,False,False,202,True,True,GREEDY,,,GREEDY_HV
BRQPIE[M],12,13,52,22,0.52,True,True,"[0, 23, 37, 23, 46, 47, 38, 14]",[],"[0.2842558521093312, 23.303880497745524, 37.828495501843946, 23.433694724189863, 46.17005493345703, 47.42650622884437, 38.383529749678424, 14.60902575132431]","[{'INP': 32}, {'CONV': [64, 3]}, ({'CONV': [32, 3]}, {'CONV': [32, 3]}), ({'CONV': [64, 3]}, {'CONV': [256, 5]}, {'POOLMAX': [-1, 2]}), ({'CONV': [128, 3]}, {'CONV': [128, 5]}), ({'CONV': [64, 3]}, {'CONV': [256, 5]}, {'POOLMAX': [-1, 2]}), ({'CONV': [128, 5]}, {'CONV': [256, 3]}), ({'CONV': [128, 5]}, {'CONV': [256, 5]}, {'POOLMAX': [-1, 2]}), ({'CONV': [128, 3]}, {'CONV': [256, 3]}), ({'CONV': [32, 5]}, {'CONV': [256, 3]}, {'POOLMAX': [-1, 2]}), {'GLOBAL_AVG': None}, {'LAST_DENSE': [100, 'softmax']}]",HHSE,NSGA2,,,,,0.7043489899780822,,,,1929829888,5301668,,,,,,"[0, 0, 1, 9, 41, 52, 0, 8]",0.7196055498575198,-2.5902235165853327e-05,0.25,0.75,0.875,0.0,0.22,0,0,0,100,0,0.0,BEST,False,False,202,True,True,GREEDY,,,GREEDY_HV
BRQPIE[M],12,13,53,22,0.53,True,True,"[0, 23, 37, 23, 46, 47, 38, 14]",[],"[0.2842558521093312, 23.303880497745524, 37.828495501843946, 23.433694724189863, 46.17005493345703, 47.42650622884437, 38.383529749678424, 14.60902575132431]","[{'INP': 32}, {'CONV': [64, 3]}, ({'CONV': [32, 3]}, {'CONV': [32, 3]}), ({'CONV': [64, 3]}, {'CONV': [256, 5]}, {'POOLMAX': [-1, 2]}), ({'CONV': [128, 3]}, {'CONV': [128, 5]}), ({'CONV': [64, 3]}, {'CONV': [256, 5]}, {'POOLMAX': [-1, 2]}), ({'CONV': [128, 5]}, {'CONV': [256, 3]}), ({'CONV': [128, 5]}, {'CONV': [256, 5]}, {'POOLMAX': [-1, 2]}), ({'CONV': [128, 3]}, {'CONV': [256, 3]}), ({'CONV': [32, 5]}, {'CONV': [256, 3]}, {'POOLMAX': [-1, 2]}), {'GLOBAL_AVG': None}, {'LAST_DENSE': [100, 'softmax']}]",HHSE,NSGA2,,,,,0.7043489899780822,,,,1929829888,5301668,,,,,,"[0, 0, 1, 9, 41, 52, 0, 8]",0.7193805171825098,-0.0011574543924448,0.25,0.75,0.875,0.0,0.22,0,0,0,100,0,0.0,BEST,False,False,202,True,True,GREEDY,,,GREEDY_HV
BRQPIE[M],12,13,54,22,0.54,True,True,"[0, 23, 37, 23, 46, 47, 38, 14]",[],"[0.2842558521093312, 23.303880497745524, 37.828495501843946, 23.433694724189863, 46.17005493345703, 47.42650622884437, 38.383529749678424, 14.60902575132431]","[{'INP': 32}, {'CONV': [64, 3]}, ({'CONV': [32, 3]}, {'CONV': [32, 3]}), ({'CONV': [64, 3]}, {'CONV': [256, 5]}, {'POOLMAX': [-1, 2]}), ({'CONV': [128, 3]}, {'CONV': [128, 5]}), ({'CONV': [64, 3]}, {'CONV': [256, 5]}, {'POOLMAX': [-1, 2]}), ({'CONV': [128, 5]}, {'CONV': [256, 3]}), ({'CONV': [128, 5]}, {'CONV': [256, 5]}, {'POOLMAX': [-1, 2]}), ({'CONV': [128, 3]}, {'CONV': [256, 3]}), ({'CONV': [32, 5]}, {'CONV': [256, 3]}, {'POOLMAX': [-1, 2]}), {'GLOBAL_AVG': None}, {'LAST_DENSE': [100, 'softmax']}]",HHSE,NSGA2,,,,,0.7043489899780822,,,,1929829888,5301668,,,,,,"[0, 0, 1, 9, 41, 52, 0, 8]",0.7195073370438305,-0.0006101112435896,0.25,0.75,0.875,0.0,0.22,0,0,0,100,0,0.0,BEST,False,False,202,True,True,GREEDY,,,GREEDY_HV
BRQPIE[M],12,13,55,22,0.55,True,True,"[0, 23, 37, 23, 46, 47, 38, 14]",[],"[0.2842558521093312, 23.303880497745524, 37.828495501843946, 23.433694724189863, 46.17005493345703, 47.42650622884437, 38.383529749678424, 14.60902575132431]","[{'INP': 32}, {'CONV': [64, 3]}, ({'CONV': [32, 3]}, {'CONV': [32, 3]}), ({'CONV': [64, 3]}, {'CONV': [256, 5]}, {'POOLMAX': [-1, 2]}), ({'CONV': [128, 3]}, {'CONV': [128, 5]}), ({'CONV': [64, 3]}, {'CONV': [256, 5]}, {'POOLMAX': [-1, 2]}), ({'CONV': [128, 5]}, {'CONV': [256, 3]}), ({'CONV': [128, 5]}, {'CONV': [256, 5]}, {'POOLMAX': [-1, 2]}), ({'CONV': [128, 3]}, {'CONV': [256, 3]}), ({'CONV': [32, 5]}, {'CONV': [256, 3]}, {'POOLMAX': [-1, 2]}), {'GLOBAL_AVG': None}, {'LAST_DENSE': [100, 'softmax']}]",HHSE,NSGA2,,,,,0.7043489899780822,,,,1929829888,5301668,,,,,,"[0, 0, 1, 9, 41, 52, 0, 8]",0.7194061263580106,-0.0021867319116155,0.25,0.75,0.875,0.0,0.22,0,0,0,100,0,0.0,BEST,False,False,202,True,True,GREEDY,,,GREEDY_HV
BRQPIE[M],12,13,56,22,0.56,True,True,"[0, 23, 37, 23, 46, 47, 38, 14]",[],"[0.2842558521093312, 23.303880497745524, 37.828495501843946, 23.433694724189863, 46.17005493345703, 47.42650622884437, 38.383529749678424, 14.60902575132431]","[{'INP': 32}, {'CONV': [64, 3]}, ({'CONV': [32, 3]}, {'CONV': [32, 3]}), ({'CONV': [64, 3]}, {'CONV': [256, 5]}, {'POOLMAX': [-1, 2]}), ({'CONV': [128, 3]}, {'CONV': [128, 5]}), ({'CONV': [64, 3]}, {'CONV': [256, 5]}, {'POOLMAX': [-1, 2]}), ({'CONV': [128, 5]}, {'CONV': [256, 3]}), ({'CONV': [128, 5]}, {'CONV': [256, 5]}, {'POOLMAX': [-1, 2]}), ({'CONV': [128, 3]}, {'CONV': [256, 3]}), ({'CONV': [32, 5]}, {'CONV': [256, 3]}, {'POOLMAX': [-1, 2]}), {'GLOBAL_AVG': None}, {'LAST_DENSE': [100, 'softmax']}]",HHSE,NSGA2,,,,,0.7043489899780822,,,,1929829888,5301668,,,,,,"[0, 0, 1, 9, 41, 52, 0, 8]",0.7196419284779374,-0.0005819237225926,0.25,0.75,0.875,0.0,0.22,0,0,0,100,0,0.0,BEST,False,False,202,True,True,GREEDY,,,GREEDY_HV
BRQPIE[M],12,13,57,22,0.57,True,True,"[0, 23, 37, 23, 46, 47, 38, 14]",[],"[0.2842558521093312, 23.303880497745524, 37.828495501843946, 23.433694724189863, 46.17005493345703, 47.42650622884437, 38.383529749678424, 14.60902575132431]","[{'INP': 32}, {'CONV': [64, 3]}, ({'CONV': [32, 3]}, {'CONV': [32, 3]}), ({'CONV': [64, 3]}, {'CONV': [256, 5]}, {'POOLMAX': [-1, 2]}), ({'CONV': [128, 3]}, {'CONV': [128, 5]}), ({'CONV': [64, 3]}, {'CONV': [256, 5]}, {'POOLMAX': [-1, 2]}), ({'CONV': [128, 5]}, {'CONV': [256, 3]}), ({'CONV': [128, 5]}, {'CONV': [256, 5]}, {'POOLMAX': [-1, 2]}), ({'CONV': [128, 3]}, {'CONV': [256, 3]}), ({'CONV': [32, 5]}, {'CONV': [256, 3]}, {'POOLMAX': [-1, 2]}), {'GLOBAL_AVG': None}, {'LAST_DENSE': [100, 'softmax']}]",HHSE,NSGA2,,,,,0.7043489899780822,,,,1929829888,5301668,,,,,,"[0, 0, 1, 9, 41, 52, 0, 8]",0.7198284930412999,-0.0002631190606614,0.25,0.75,0.875,0.0,0.22,0,0,0,100,0,0.0,BEST,False,False,202,True,True,GREEDY,,,GREEDY_HV
BRQPIE[M],12,13,58,22,0.58,True,True,"[0, 23, 37, 23, 46, 47, 38, 14]",[],"[0.2842558521093312, 23.303880497745524, 37.828495501843946, 23.433694724189863, 46.17005493345703, 47.42650622884437, 38.383529749678424, 14.60902575132431]","[{'INP': 32}, {'CONV': [64, 3]}, ({'CONV': [32, 3]}, {'CONV': [32, 3]}), ({'CONV': [64, 3]}, {'CONV': [256, 5]}, {'POOLMAX': [-1, 2]}), ({'CONV': [128, 3]}, {'CONV': [128, 5]}), ({'CONV': [64, 3]}, {'CONV': [256, 5]}, {'POOLMAX': [-1, 2]}), ({'CONV': [128, 5]}, {'CONV': [256, 3]}), ({'CONV': [128, 5]}, {'CONV': [256, 5]}, {'POOLMAX': [-1, 2]}), ({'CONV': [128, 3]}, {'CONV': [256, 3]}), ({'CONV': [32, 5]}, {'CONV': [256, 3]}, {'POOLMAX': [-1, 2]}), {'GLOBAL_AVG': None}, {'LAST_DENSE': [100, 'softmax']}]",HHSE,NSGA2,,,,,0.7043489899780822,,,,1929829888,5301668,,,,,,"[0, 0, 1, 9, 41, 52, 0, 8]",0.7201973564340267,-0.0011451270773152,0.25,0.75,0.875,0.0,0.22,0,0,0,100,0,0.0,BEST,False,False,202,True,True,GREEDY,,,GREEDY_HV
BRQPIE[M],12,13,59,22,0.59,True,True,"[0, 23, 37, 23, 46, 47, 38, 14]",[],"[0.2842558521093312, 23.303880497745524, 37.828495501843946, 23.433694724189863, 46.17005493345703, 47.42650622884437, 38.383529749678424, 14.60902575132431]","[{'INP': 32}, {'CONV': [64, 3]}, ({'CONV': [32, 3]}, {'CONV': [32, 3]}), ({'CONV': [64, 3]}, {'CONV': [256, 5]}, {'POOLMAX': [-1, 2]}), ({'CONV': [128, 3]}, {'CONV': [128, 5]}), ({'CONV': [64, 3]}, {'CONV': [256, 5]}, {'POOLMAX': [-1, 2]}), ({'CONV': [128, 5]}, {'CONV': [256, 3]}), ({'CONV': [128, 5]}, {'CONV': [256, 5]}, {'POOLMAX': [-1, 2]}), ({'CONV': [128, 3]}, {'CONV': [256, 3]}), ({'CONV': [32, 5]}, {'CONV': [256, 3]}, {'POOLMAX': [-1, 2]}), {'GLOBAL_AVG': None}, {'LAST_DENSE': [100, 'softmax']}]",HHSE,NSGA2,,,,,0.7043489899780822,,,,1929829888,5301668,,,,,,"[0, 0, 1, 9, 41, 52, 0, 8]",0.7202502338801814,-0.0035000039300322,0.25,0.75,0.875,0.0,0.22,0,0,0,100,0,0.0,BEST,False,False,202,True,True,GREEDY,,,GREEDY_HV
BRQPIE[M],12,13,60,22,0.6,True,True,"[0, 23, 37, 23, 46, 47, 38, 14]",[],"[0.2842558521093312, 23.303880497745524, 37.828495501843946, 23.433694724189863, 46.17005493345703, 47.42650622884437, 38.383529749678424, 14.60902575132431]","[{'INP': 32}, {'CONV': [64, 3]}, ({'CONV': [32, 3]}, {'CONV': [32, 3]}), ({'CONV': [64, 3]}, {'CONV': [256, 5]}, {'POOLMAX': [-1, 2]}), ({'CONV': [128, 3]}, {'CONV': [128, 5]}), ({'CONV': [64, 3]}, {'CONV': [256, 5]}, {'POOLMAX': [-1, 2]}), ({'CONV': [128, 5]}, {'CONV': [256, 3]}), ({'CONV': [128, 5]}, {'CONV': [256, 5]}, {'POOLMAX': [-1, 2]}), ({'CONV': [128, 3]}, {'CONV': [256, 3]}), ({'CONV': [32, 5]}, {'CONV': [256, 3]}, {'POOLMAX': [-1, 2]}), {'GLOBAL_AVG': None}, {'LAST_DENSE': [100, 'softmax']}]",HHSE,NSGA2,,,,,0.7043489899780822,,,,1929829888,5301668,,,,,,"[0, 0, 1, 9, 41, 52, 0, 8]",0.7207537209603874,-0.0001049249063185,0.25,0.75,0.875,0.0,0.22,0,0,0,100,0,0.0,BEST,False,False,202,True,True,GREEDY,,,GREEDY_HV
BRQPIE[M],12,13,61,22,0.61,True,True,"[0, 23, 37, 23, 46, 47, 38, 14]",[],"[0.2842558521093312, 23.303880497745524, 37.828495501843946, 23.433694724189863, 46.17005493345703, 47.42650622884437, 38.383529749678424, 14.60902575132431]","[{'INP': 32}, {'CONV': [64, 3]}, ({'CONV': [32, 3]}, {'CONV': [32, 3]}), ({'CONV': [64, 3]}, {'CONV': [256, 5]}, {'POOLMAX': [-1, 2]}), ({'CONV': [128, 3]}, {'CONV': [128, 5]}), ({'CONV': [64, 3]}, {'CONV': [256, 5]}, {'POOLMAX': [-1, 2]}), ({'CONV': [128, 5]}, {'CONV': [256, 3]}), ({'CONV': [128, 5]}, {'CONV': [256, 5]}, {'POOLMAX': [-1, 2]}), ({'CONV': [128, 3]}, {'CONV': [256, 3]}), ({'CONV': [32, 5]}, {'CONV': [256, 3]}, {'POOLMAX': [-1, 2]}), {'GLOBAL_AVG': None}, {'LAST_DENSE': [100, 'softmax']}]",HHSE,NSGA2,,,,,0.7043489899780822,,,,1929829888,5301668,,,,,,"[0, 0, 1, 9, 41, 52, 0, 8]",0.7207853251487789,-2.5136395290892288e-05,0.25,0.75,0.875,0.0,0.22,0,0,0,100,0,0.0,BEST,False,False,202,True,True,GREEDY,,,GREEDY_HV
BRQPIE[M],12,13,62,22,0.62,True,True,"[0, 23, 37, 23, 46, 47, 38, 14]",[],"[0.2842558521093312, 23.303880497745524, 37.828495501843946, 23.433694724189863, 46.17005493345703, 47.42650622884437, 38.383529749678424, 14.60902575132431]","[{'INP': 32}, {'CONV': [64, 3]}, ({'CONV': [32, 3]}, {'CONV': [32, 3]}), ({'CONV': [64, 3]}, {'CONV': [256, 5]}, {'POOLMAX': [-1, 2]}), ({'CONV': [128, 3]}, {'CONV': [128, 5]}), ({'CONV': [64, 3]}, {'CONV': [256, 5]}, {'POOLMAX': [-1, 2]}), ({'CONV': [128, 5]}, {'CONV': [256, 3]}), ({'CONV': [128, 5]}, {'CONV': [256, 5]}, {'POOLMAX': [-1, 2]}), ({'CONV': [128, 3]}, {'CONV': [256, 3]}), ({'CONV': [32, 5]}, {'CONV': [256, 3]}, {'POOLMAX': [-1, 2]}), {'GLOBAL_AVG': None}, {'LAST_DENSE': [100, 'softmax']}]",HHSE,NSGA2,,,,,0.7043489899780822,,,,1929829888,5301668,,,,,,"[0, 0, 1, 9, 41, 52, 0, 8]",0.7208295055849068,-0.0004317592054361,0.25,0.75,0.875,0.0,0.22,0,0,0,100,0,0.0,BEST,False,False,202,True,True,GREEDY,,,GREEDY_HV
BRQPIE[M],12,13,63,22,0.63,True,True,"[0, 23, 37, 23, 46, 47, 38, 14]",[],"[0.2842558521093312, 23.303880497745524, 37.828495501843946, 23.433694724189863, 46.17005493345703, 47.42650622884437, 38.383529749678424, 14.60902575132431]","[{'INP': 32}, {'CONV': [64, 3]}, ({'CONV': [32, 3]}, {'CONV': [32, 3]}), ({'CONV': [64, 3]}, {'CONV': [256, 5]}, {'POOLMAX': [-1, 2]}), ({'CONV': [128, 3]}, {'CONV': [128, 5]}), ({'CONV': [64, 3]}, {'CONV': [256, 5]}, {'POOLMAX': [-1, 2]}), ({'CONV': [128, 5]}, {'CONV': [256, 3]}), ({'CONV': [128, 5]}, {'CONV': [256, 5]}, {'POOLMAX': [-1, 2]}), ({'CONV': [128, 3]}, {'CONV': [256, 3]}), ({'CONV': [32, 5]}, {'CONV': [256, 3]}, {'POOLMAX': [-1, 2]}), {'GLOBAL_AVG': None}, {'LAST_DENSE': [100, 'softmax']}]",HHSE,NSGA2,,,,,0.7043489899780822,,,,1929829888,5301668,,,,,,"[0, 0, 1, 9, 41, 52, 0, 8]",0.7209214777241658,-7.977189515973038e-05,0.25,0.75,0.875,0.0,0.22,0,0,0,100,0,0.0,BEST,False,False,202,True,True,GREEDY,,,GREEDY_HV
BRQPIE[M],12,13,64,22,0.64,True,True,"[0, 23, 37, 23, 46, 47, 38, 14]",[],"[0.2842558521093312, 23.303880497745524, 37.828495501843946, 23.433694724189863, 46.17005493345703, 47.42650622884437, 38.383529749678424, 14.60902575132431]","[{'INP': 32}, {'CONV': [64, 3]}, ({'CONV': [32, 3]}, {'CONV': [32, 3]}), ({'CONV': [64, 3]}, {'CONV': [256, 5]}, {'POOLMAX': [-1, 2]}), ({'CONV': [128, 3]}, {'CONV': [128, 5]}), ({'CONV': [64, 3]}, {'CONV': [256, 5]}, {'POOLMAX': [-1, 2]}), ({'CONV': [128, 5]}, {'CONV': [256, 3]}), ({'CONV': [128, 5]}, {'CONV': [256, 5]}, {'POOLMAX': [-1, 2]}), ({'CONV': [128, 3]}, {'CONV': [256, 3]}), ({'CONV': [32, 5]}, {'CONV': [256, 3]}, {'POOLMAX': [-1, 2]}), {'GLOBAL_AVG': None}, {'LAST_DENSE': [100, 'softmax']}]",HHSE,NSGA2,,,,,0.7043489899780822,,,,1929829888,5301668,,,,,,"[0, 0, 1, 9, 41, 52, 0, 8]",0.720909893281948,-0.0004700899388918,0.25,0.75,0.875,0.0,0.22,0,0,0,100,0,0.0,BEST,False,False,202,True,True,GREEDY,,,GREEDY_HV
BRQPIE[M],12,13,65,22,0.65,True,True,"[0, 23, 37, 23, 46, 47, 38, 14]",[],"[0.2842558521093312, 23.303880497745524, 37.828495501843946, 23.433694724189863, 46.17005493345703, 47.42650622884437, 38.383529749678424, 14.60902575132431]","[{'INP': 32}, {'CONV': [64, 3]}, ({'CONV': [32, 3]}, {'CONV': [32, 3]}), ({'CONV': [64, 3]}, {'CONV': [256, 5]}, {'POOLMAX': [-1, 2]}), ({'CONV': [128, 3]}, {'CONV': [128, 5]}), ({'CONV': [64, 3]}, {'CONV': [256, 5]}, {'POOLMAX': [-1, 2]}), ({'CONV': [128, 5]}, {'CONV': [256, 3]}), ({'CONV': [128, 5]}, {'CONV': [256, 5]}, {'POOLMAX': [-1, 2]}), ({'CONV': [128, 3]}, {'CONV': [256, 3]}), ({'CONV': [32, 5]}, {'CONV': [256, 3]}, {'POOLMAX': [-1, 2]}), {'GLOBAL_AVG': None}, {'LAST_DENSE': [100, 'softmax']}]",HHSE,NSGA2,,,,,0.7043489899780822,,,,1929829888,5301668,,,,,,"[0, 0, 1, 9, 41, 52, 0, 8]",0.7214124320977479,-0.0005604869387854,0.25,0.75,0.875,0.0,0.22,0,1,0,100,0,0.01,BEST,False,False,202,True,True,GREEDY,,,GREEDY_HV
BRQPIE[M],12,13,66,22,0.66,True,True,"[0, 23, 37, 23, 46, 47, 38, 14]",[],"[0.2842558521093312, 23.303880497745524, 37.828495501843946, 23.433694724189863, 46.17005493345703, 47.42650622884437, 38.383529749678424, 14.60902575132431]","[{'INP': 32}, {'CONV': [64, 3]}, ({'CONV': [32, 3]}, {'CONV': [32, 3]}), ({'CONV': [64, 3]}, {'CONV': [256, 5]}, {'POOLMAX': [-1, 2]}), ({'CONV': [128, 3]}, {'CONV': [128, 5]}), ({'CONV': [64, 3]}, {'CONV': [256, 5]}, {'POOLMAX': [-1, 2]}), ({'CONV': [128, 5]}, {'CONV': [256, 3]}), ({'CONV': [128, 5]}, {'CONV': [256, 5]}, {'POOLMAX': [-1, 2]}), ({'CONV': [128, 3]}, {'CONV': [256, 3]}), ({'CONV': [32, 5]}, {'CONV': [256, 3]}, {'POOLMAX': [-1, 2]}), {'GLOBAL_AVG': None}, {'LAST_DENSE': [100, 'softmax']}]",HHSE,NSGA2,,,,,0.7043489899780822,,,,1929829888,5301668,,,,,,"[0, 0, 1, 9, 41, 52, 0, 8]",0.7214113718057501,-0.0002234190597975,0.25,0.75,0.875,0.0,0.22,0,0,0,100,0,0.0,BEST,False,False,202,True,True,GREEDY,,,GREEDY_HV
BRQPIE[M],12,13,67,22,0.67,True,True,"[0, 23, 37, 23, 46, 47, 38, 14]",[],"[0.2842558521093312, 23.303880497745524, 37.828495501843946, 23.433694724189863, 46.17005493345703, 47.42650622884437, 38.383529749678424, 14.60902575132431]","[{'INP': 32}, {'CONV': [64, 3]}, ({'CONV': [32, 3]}, {'CONV': [32, 3]}), ({'CONV': [64, 3]}, {'CONV': [256, 5]}, {'POOLMAX': [-1, 2]}), ({'CONV': [128, 3]}, {'CONV': [128, 5]}), ({'CONV': [64, 3]}, {'CONV': [256, 5]}, {'POOLMAX': [-1, 2]}), ({'CONV': [128, 5]}, {'CONV': [256, 3]}), ({'CONV': [128, 5]}, {'CONV': [256, 5]}, {'POOLMAX': [-1, 2]}), ({'CONV': [128, 3]}, {'CONV': [256, 3]}), ({'CONV': [32, 5]}, {'CONV': [256, 3]}, {'POOLMAX': [-1, 2]}), {'GLOBAL_AVG': None}, {'LAST_DENSE': [100, 'softmax']}]",HHSE,NSGA2,,,,,0.7043489899780822,,,,1929829888,5301668,,,,,,"[0, 0, 1, 9, 41, 52, 0, 8]",0.7226433844169416,-0.0001215523191433,0.25,0.75,0.875,0.0,0.22,0,0,0,100,0,0.0,BEST,False,False,202,True,True,GREEDY,,,GREEDY_HV
BRQPIE[M],12,13,68,22,0.68,True,True,"[0, 23, 37, 23, 46, 47, 38, 14]",[],"[0.2842558521093312, 23.303880497745524, 37.828495501843946, 23.433694724189863, 46.17005493345703, 47.42650622884437, 38.383529749678424, 14.60902575132431]","[{'INP': 32}, {'CONV': [64, 3]}, ({'CONV': [32, 3]}, {'CONV': [32, 3]}), ({'CONV': [64, 3]}, {'CONV': [256, 5]}, {'POOLMAX': [-1, 2]}), ({'CONV': [128, 3]}, {'CONV': [128, 5]}), ({'CONV': [64, 3]}, {'CONV': [256, 5]}, {'POOLMAX': [-1, 2]}), ({'CONV': [128, 5]}, {'CONV': [256, 3]}), ({'CONV': [128, 5]}, {'CONV': [256, 5]}, {'POOLMAX': [-1, 2]}), ({'CONV': [128, 3]}, {'CONV': [256, 3]}), ({'CONV': [32, 5]}, {'CONV': [256, 3]}, {'POOLMAX': [-1, 2]}), {'GLOBAL_AVG': None}, {'LAST_DENSE': [100, 'softmax']}]",HHSE,NSGA2,,,,,0.7043489899780822,,,,1929829888,5301668,,,,,,"[0, 0, 1, 9, 41, 52, 0, 8]",0.722661995241448,-0.0001637477814212,0.25,0.75,0.875,0.0,0.22,0,0,0,100,0,0.0,BEST,False,False,202,True,True,GREEDY,,,GREEDY_HV
BRQPIE[M],12,13,69,22,0.69,True,True,"[0, 23, 37, 23, 46, 47, 38, 14]",[],"[0.2842558521093312, 23.303880497745524, 37.828495501843946, 23.433694724189863, 46.17005493345703, 47.42650622884437, 38.383529749678424, 14.60902575132431]","[{'INP': 32}, {'CONV': [64, 3]}, ({'CONV': [32, 3]}, {'CONV': [32, 3]}), ({'CONV': [64, 3]}, {'CONV': [256, 5]}, {'POOLMAX': [-1, 2]}), ({'CONV': [128, 3]}, {'CONV': [128, 5]}), ({'CONV': [64, 3]}, {'CONV': [256, 5]}, {'POOLMAX': [-1, 2]}), ({'CONV': [128, 5]}, {'CONV': [256, 3]}), ({'CONV': [128, 5]}, {'CONV': [256, 5]}, {'POOLMAX': [-1, 2]}), ({'CONV': [128, 3]}, {'CONV': [256, 3]}), ({'CONV': [32, 5]}, {'CONV': [256, 3]}, {'POOLMAX': [-1, 2]}), {'GLOBAL_AVG': None}, {'LAST_DENSE': [100, 'softmax']}]",HHSE,NSGA2,,,,,0.7043489899780822,,,,1929829888,5301668,,,,,,"[0, 0, 1, 9, 41, 52, 0, 8]",0.7226803171231643,-0.0027306534016581,0.25,0.75,0.875,0.0,0.22,0,0,0,100,0,0.0,BEST,False,False,202,True,True,GREEDY,,,GREEDY_HV
BRQPIE[M],12,13,70,22,0.7,True,True,"[0, 23, 37, 23, 46, 47, 38, 14]",[],"[0.2842558521093312, 23.303880497745524, 37.828495501843946, 23.433694724189863, 46.17005493345703, 47.42650622884437, 38.383529749678424, 14.60902575132431]","[{'INP': 32}, {'CONV': [64, 3]}, ({'CONV': [32, 3]}, {'CONV': [32, 3]}), ({'CONV': [64, 3]}, {'CONV': [256, 5]}, {'POOLMAX': [-1, 2]}), ({'CONV': [128, 3]}, {'CONV': [128, 5]}), ({'CONV': [64, 3]}, {'CONV': [256, 5]}, {'POOLMAX': [-1, 2]}), ({'CONV': [128, 5]}, {'CONV': [256, 3]}), ({'CONV': [128, 5]}, {'CONV': [256, 5]}, {'POOLMAX': [-1, 2]}), ({'CONV': [128, 3]}, {'CONV': [256, 3]}), ({'CONV': [32, 5]}, {'CONV': [256, 3]}, {'POOLMAX': [-1, 2]}), {'GLOBAL_AVG': None}, {'LAST_DENSE': [100, 'softmax']}]",HHSE,NSGA2,,,,,0.7043489899780822,,,,1929829888,5301668,,,,,,"[0, 0, 1, 9, 41, 52, 0, 8]",0.7227834381271879,-0.0001653527592773,0.25,0.75,0.875,0.0,0.22,0,0,0,100,0,0.0,BEST,False,False,202,True,True,GREEDY,,,GREEDY_HV
BRQPIE[M],12,13,71,22,0.71,True,True,"[0, 23, 37, 23, 46, 47, 38, 14]",[],"[0.2842558521093312, 23.303880497745524, 37.828495501843946, 23.433694724189863, 46.17005493345703, 47.42650622884437, 38.383529749678424, 14.60902575132431]","[{'INP': 32}, {'CONV': [64, 3]}, ({'CONV': [32, 3]}, {'CONV': [32, 3]}), ({'CONV': [64, 3]}, {'CONV': [256, 5]}, {'POOLMAX': [-1, 2]}), ({'CONV': [128, 3]}, {'CONV': [128, 5]}), ({'CONV': [64, 3]}, {'CONV': [256, 5]}, {'POOLMAX': [-1, 2]}), ({'CONV': [128, 5]}, {'CONV': [256, 3]}), ({'CONV': [128, 5]}, {'CONV': [256, 5]}, {'POOLMAX': [-1, 2]}), ({'CONV': [128, 3]}, {'CONV': [256, 3]}), ({'CONV': [32, 5]}, {'CONV': [256, 3]}, {'POOLMAX': [-1, 2]}), {'GLOBAL_AVG': None}, {'LAST_DENSE': [100, 'softmax']}]",HHSE,NSGA2,,,,,0.7043489899780822,,,,1929829888,5301668,,,,,,"[0, 0, 1, 9, 41, 52, 0, 8]",0.7229472585418963,-8.252805580588607e-05,0.25,0.75,0.875,0.0,0.22,0,0,0,100,0,0.0,BEST,False,False,202,True,True,GREEDY,,,GREEDY_HV
BEEXAZ[M],12,13,72,72,0.72,True,True,"[0, 7, 6, 14, 46, 6, 39, 60]",[],"[8.879653071854094e-05, 7.715424036703368, 6.552567979088678, 14.370405460013197, 46.12646821461089, 6.608642656149565, 39.608386544827795, 60.8875992199695]","[{'INP': 32}, {'CONV': [64, 3]}, ({'CONV': [32, 3]}, {'CONV': [32, 3]}), ({'CONV': [32, 3]}, {'CONV': [256, 5]}, {'POOLMAX': [-1, 2]}), ({'CONV': [32, 3]}, {'CONV': [256, 3]}), ({'CONV': [32, 5]}, {'CONV': [256, 3]}, {'POOLMAX': [-1, 2]}), ({'CONV': [128, 5]}, {'CONV': [256, 3]}), ({'CONV': [32, 3]}, {'CONV': [256, 3]}, {'POOLMAX': [-1, 2]}), ({'CONV': [128, 3]}, {'CONV': [256, 5]}), ({'CONV': [256, 5]}, {'CONV': [128, 3]}, {'POOLMAX': [-1, 2]}), {'GLOBAL_AVG': None}, {'LAST_DENSE': [100, 'softmax']}]",HHSE,NSGA2,,,,,0.7046025140491026,,,,980123136,5000996,,,,,,"[0, 7, 2, 13, 46, 6, 38, 60]",0.7229441485186257,-0.0001878066745227,0.625,0.375,0.375,0.75,0.72,0,0,0,100,0,0.0,BEST,False,False,197,True,True,GREEDY,,,GREEDY_HV
BEEXAZ[M],12,13,73,72,0.73,True,True,"[0, 7, 6, 14, 46, 6, 39, 60]",[],"[8.879653071854094e-05, 7.715424036703368, 6.552567979088678, 14.370405460013197, 46.12646821461089, 6.608642656149565, 39.608386544827795, 60.8875992199695]","[{'INP': 32}, {'CONV': [64, 3]}, ({'CONV': [32, 3]}, {'CONV': [32, 3]}), ({'CONV': [32, 3]}, {'CONV': [256, 5]}, {'POOLMAX': [-1, 2]}), ({'CONV': [32, 3]}, {'CONV': [256, 3]}), ({'CONV': [32, 5]}, {'CONV': [256, 3]}, {'POOLMAX': [-1, 2]}), ({'CONV': [128, 5]}, {'CONV': [256, 3]}), ({'CONV': [32, 3]}, {'CONV': [256, 3]}, {'POOLMAX': [-1, 2]}), ({'CONV': [128, 3]}, {'CONV': [256, 5]}), ({'CONV': [256, 5]}, {'CONV': [128, 3]}, {'POOLMAX': [-1, 2]}), {'GLOBAL_AVG': None}, {'LAST_DENSE': [100, 'softmax']}]",HHSE,NSGA2,,,,,0.7046025140491026,,,,980123136,5000996,,,,,,"[0, 7, 2, 13, 46, 6, 38, 60]",0.723232242087225,-0.000141444166129,0.625,0.375,0.375,0.0,0.72,0,0,0,100,0,0.0,BEST,False,False,197,True,True,GREEDY,,,GREEDY_HV
BEEXAZ[M],12,13,74,72,0.74,True,True,"[0, 7, 6, 14, 46, 6, 39, 60]",[],"[8.879653071854094e-05, 7.715424036703368, 6.552567979088678, 14.370405460013197, 46.12646821461089, 6.608642656149565, 39.608386544827795, 60.8875992199695]","[{'INP': 32}, {'CONV': [64, 3]}, ({'CONV': [32, 3]}, {'CONV': [32, 3]}), ({'CONV': [32, 3]}, {'CONV': [256, 5]}, {'POOLMAX': [-1, 2]}), ({'CONV': [32, 3]}, {'CONV': [256, 3]}), ({'CONV': [32, 5]}, {'CONV': [256, 3]}, {'POOLMAX': [-1, 2]}), ({'CONV': [128, 5]}, {'CONV': [256, 3]}), ({'CONV': [32, 3]}, {'CONV': [256, 3]}, {'POOLMAX': [-1, 2]}), ({'CONV': [128, 3]}, {'CONV': [256, 5]}), ({'CONV': [256, 5]}, {'CONV': [128, 3]}, {'POOLMAX': [-1, 2]}), {'GLOBAL_AVG': None}, {'LAST_DENSE': [100, 'softmax']}]",HHSE,NSGA2,,,,,0.7046025140491026,,,,980123136,5000996,,,,,,"[0, 7, 2, 13, 46, 6, 38, 60]",0.7232845139832302,-0.0001671405828549,0.625,0.375,0.375,0.0,0.72,0,0,0,100,0,0.0,BEST,False,False,197,True,True,GREEDY,,,GREEDY_HV
BEEXAZ[M],12,13,75,72,0.75,True,True,"[0, 7, 6, 14, 46, 6, 39, 60]",[],"[8.879653071854094e-05, 7.715424036703368, 6.552567979088678, 14.370405460013197, 46.12646821461089, 6.608642656149565, 39.608386544827795, 60.8875992199695]","[{'INP': 32}, {'CONV': [64, 3]}, ({'CONV': [32, 3]}, {'CONV': [32, 3]}), ({'CONV': [32, 3]}, {'CONV': [256, 5]}, {'POOLMAX': [-1, 2]}), ({'CONV': [32, 3]}, {'CONV': [256, 3]}), ({'CONV': [32, 5]}, {'CONV': [256, 3]}, {'POOLMAX': [-1, 2]}), ({'CONV': [128, 5]}, {'CONV': [256, 3]}), ({'CONV': [32, 3]}, {'CONV': [256, 3]}, {'POOLMAX': [-1, 2]}), ({'CONV': [128, 3]}, {'CONV': [256, 5]}), ({'CONV': [256, 5]}, {'CONV': [128, 3]}, {'POOLMAX': [-1, 2]}), {'GLOBAL_AVG': None}, {'LAST_DENSE': [100, 'softmax']}]",HHSE,NSGA2,,,,,0.7046025140491026,,,,980123136,5000996,,,,,,"[0, 7, 2, 13, 46, 6, 38, 60]",0.7232671027633131,-3.0199742555026e-05,0.625,0.375,0.375,0.0,0.72,0,1,0,100,0,0.01,BEST,False,False,197,True,True,GREEDY,,,GREEDY_HV
BEEXAZ[M],12,13,76,72,0.76,True,True,"[0, 7, 6, 14, 46, 6, 39, 60]",[],"[8.879653071854094e-05, 7.715424036703368, 6.552567979088678, 14.370405460013197, 46.12646821461089, 6.608642656149565, 39.608386544827795, 60.8875992199695]","[{'INP': 32}, {'CONV': [64, 3]}, ({'CONV': [32, 3]}, {'CONV': [32, 3]}), ({'CONV': [32, 3]}, {'CONV': [256, 5]}, {'POOLMAX': [-1, 2]}), ({'CONV': [32, 3]}, {'CONV': [256, 3]}), ({'CONV': [32, 5]}, {'CONV': [256, 3]}, {'POOLMAX': [-1, 2]}), ({'CONV': [128, 5]}, {'CONV': [256, 3]}), ({'CONV': [32, 3]}, {'CONV': [256, 3]}, {'POOLMAX': [-1, 2]}), ({'CONV': [128, 3]}, {'CONV': [256, 5]}), ({'CONV': [256, 5]}, {'CONV': [128, 3]}, {'POOLMAX': [-1, 2]}), {'GLOBAL_AVG': None}, {'LAST_DENSE': [100, 'softmax']}]",HHSE,NSGA2,,,,,0.7046025140491026,,,,980123136,5000996,,,,,,"[0, 7, 2, 13, 46, 6, 38, 60]",0.7233692617592518,-2.140771586667256e-06,0.625,0.375,0.375,0.0,0.72,0,0,0,100,0,0.0,BEST,False,False,197,True,True,GREEDY,,,GREEDY_HV
BEEXAZ[M],12,13,77,72,0.77,True,True,"[0, 7, 6, 14, 46, 6, 39, 60]",[],"[8.879653071854094e-05, 7.715424036703368, 6.552567979088678, 14.370405460013197, 46.12646821461089, 6.608642656149565, 39.608386544827795, 60.8875992199695]","[{'INP': 32}, {'CONV': [64, 3]}, ({'CONV': [32, 3]}, {'CONV': [32, 3]}), ({'CONV': [32, 3]}, {'CONV': [256, 5]}, {'POOLMAX': [-1, 2]}), ({'CONV': [32, 3]}, {'CONV': [256, 3]}), ({'CONV': [32, 5]}, {'CONV': [256, 3]}, {'POOLMAX': [-1, 2]}), ({'CONV': [128, 5]}, {'CONV': [256, 3]}), ({'CONV': [32, 3]}, {'CONV': [256, 3]}, {'POOLMAX': [-1, 2]}), ({'CONV': [128, 3]}, {'CONV': [256, 5]}), ({'CONV': [256, 5]}, {'CONV': [128, 3]}, {'POOLMAX': [-1, 2]}), {'GLOBAL_AVG': None}, {'LAST_DENSE': [100, 'softmax']}]",HHSE,NSGA2,,,,,0.7046025140491026,,,,980123136,5000996,,,,,,"[0, 7, 2, 13, 46, 6, 38, 60]",0.7233804780484849,-0.005984953397393,0.625,0.375,0.375,0.0,0.72,0,0,0,100,0,0.0,BEST,False,False,197,True,True,GREEDY,,,GREEDY_HV
BEEXAZ[M],12,13,78,72,0.78,True,True,"[0, 7, 6, 14, 46, 6, 39, 60]",[],"[8.879653071854094e-05, 7.715424036703368, 6.552567979088678, 14.370405460013197, 46.12646821461089, 6.608642656149565, 39.608386544827795, 60.8875992199695]","[{'INP': 32}, {'CONV': [64, 3]}, ({'CONV': [32, 3]}, {'CONV': [32, 3]}), ({'CONV': [32, 3]}, {'CONV': [256, 5]}, {'POOLMAX': [-1, 2]}), ({'CONV': [32, 3]}, {'CONV': [256, 3]}), ({'CONV': [32, 5]}, {'CONV': [256, 3]}, {'POOLMAX': [-1, 2]}), ({'CONV': [128, 5]}, {'CONV': [256, 3]}), ({'CONV': [32, 3]}, {'CONV': [256, 3]}, {'POOLMAX': [-1, 2]}), ({'CONV': [128, 3]}, {'CONV': [256, 5]}), ({'CONV': [256, 5]}, {'CONV': [128, 3]}, {'POOLMAX': [-1, 2]}), {'GLOBAL_AVG': None}, {'LAST_DENSE': [100, 'softmax']}]",HHSE,NSGA2,,,,,0.7046025140491026,,,,980123136,5000996,,,,,,"[0, 7, 2, 13, 46, 6, 38, 60]",0.7234775933753114,-8.548061894508852e-05,0.625,0.375,0.375,0.0,0.72,0,1,0,100,0,0.01,BEST,False,False,197,True,True,GREEDY,,,GREEDY_HV
BEEXAZ[M],12,13,79,72,0.79,True,True,"[0, 7, 6, 14, 46, 6, 39, 60]",[],"[8.879653071854094e-05, 7.715424036703368, 6.552567979088678, 14.370405460013197, 46.12646821461089, 6.608642656149565, 39.608386544827795, 60.8875992199695]","[{'INP': 32}, {'CONV': [64, 3]}, ({'CONV': [32, 3]}, {'CONV': [32, 3]}), ({'CONV': [32, 3]}, {'CONV': [256, 5]}, {'POOLMAX': [-1, 2]}), ({'CONV': [32, 3]}, {'CONV': [256, 3]}), ({'CONV': [32, 5]}, {'CONV': [256, 3]}, {'POOLMAX': [-1, 2]}), ({'CONV': [128, 5]}, {'CONV': [256, 3]}), ({'CONV': [32, 3]}, {'CONV': [256, 3]}, {'POOLMAX': [-1, 2]}), ({'CONV': [128, 3]}, {'CONV': [256, 5]}), ({'CONV': [256, 5]}, {'CONV': [128, 3]}, {'POOLMAX': [-1, 2]}), {'GLOBAL_AVG': None}, {'LAST_DENSE': [100, 'softmax']}]",HHSE,NSGA2,,,,,0.7046025140491026,,,,980123136,5000996,,,,,,"[0, 7, 2, 13, 46, 6, 38, 60]",0.7235770006291661,-0.0005483038457846,0.625,0.375,0.375,0.0,0.72,0,0,0,100,0,0.0,BEST,False,False,197,True,True,GREEDY,,,GREEDY_HV
BEEXAZ[M],12,13,80,72,0.8,True,True,"[0, 7, 6, 14, 46, 6, 39, 60]",[],"[8.879653071854094e-05, 7.715424036703368, 6.552567979088678, 14.370405460013197, 46.12646821461089, 6.608642656149565, 39.608386544827795, 60.8875992199695]","[{'INP': 32}, {'CONV': [64, 3]}, ({'CONV': [32, 3]}, {'CONV': [32, 3]}), ({'CONV': [32, 3]}, {'CONV': [256, 5]}, {'POOLMAX': [-1, 2]}), ({'CONV': [32, 3]}, {'CONV': [256, 3]}), ({'CONV': [32, 5]}, {'CONV': [256, 3]}, {'POOLMAX': [-1, 2]}), ({'CONV': [128, 5]}, {'CONV': [256, 3]}), ({'CONV': [32, 3]}, {'CONV': [256, 3]}, {'POOLMAX': [-1, 2]}), ({'CONV': [128, 3]}, {'CONV': [256, 5]}), ({'CONV': [256, 5]}, {'CONV': [128, 3]}, {'POOLMAX': [-1, 2]}), {'GLOBAL_AVG': None}, {'LAST_DENSE': [100, 'softmax']}]",HHSE,NSGA2,,,,,0.7046025140491026,,,,980123136,5000996,,,,,,"[0, 7, 2, 13, 46, 6, 38, 60]",0.7235940391675122,-0.0003050055440745,0.625,0.375,0.375,0.0,0.72,0,2,0,100,0,0.02,BEST,False,False,197,True,True,GREEDY,,,GREEDY_HV
BEEXAZ[M],12,13,81,72,0.81,True,True,"[0, 7, 6, 14, 46, 6, 39, 60]",[],"[8.879653071854094e-05, 7.715424036703368, 6.552567979088678, 14.370405460013197, 46.12646821461089, 6.608642656149565, 39.608386544827795, 60.8875992199695]","[{'INP': 32}, {'CONV': [64, 3]}, ({'CONV': [32, 3]}, {'CONV': [32, 3]}), ({'CONV': [32, 3]}, {'CONV': [256, 5]}, {'POOLMAX': [-1, 2]}), ({'CONV': [32, 3]}, {'CONV': [256, 3]}), ({'CONV': [32, 5]}, {'CONV': [256, 3]}, {'POOLMAX': [-1, 2]}), ({'CONV': [128, 5]}, {'CONV': [256, 3]}), ({'CONV': [32, 3]}, {'CONV': [256, 3]}, {'POOLMAX': [-1, 2]}), ({'CONV': [128, 3]}, {'CONV': [256, 5]}), ({'CONV': [256, 5]}, {'CONV': [128, 3]}, {'POOLMAX': [-1, 2]}), {'GLOBAL_AVG': None}, {'LAST_DENSE': [100, 'softmax']}]",HHSE,NSGA2,,,,,0.7046025140491026,,,,980123136,5000996,,,,,,"[0, 7, 2, 13, 46, 6, 38, 60]",0.7237236540760152,-6.881708299655287e-06,0.625,0.375,0.375,0.0,0.72,0,0,0,100,0,0.0,BEST,False,False,197,True,True,GREEDY,,,GREEDY_HV
BEEXAZ[M],12,13,82,72,0.82,True,True,"[0, 7, 6, 14, 46, 6, 39, 60]",[],"[8.879653071854094e-05, 7.715424036703368, 6.552567979088678, 14.370405460013197, 46.12646821461089, 6.608642656149565, 39.608386544827795, 60.8875992199695]","[{'INP': 32}, {'CONV': [64, 3]}, ({'CONV': [32, 3]}, {'CONV': [32, 3]}), ({'CONV': [32, 3]}, {'CONV': [256, 5]}, {'POOLMAX': [-1, 2]}), ({'CONV': [32, 3]}, {'CONV': [256, 3]}), ({'CONV': [32, 5]}, {'CONV': [256, 3]}, {'POOLMAX': [-1, 2]}), ({'CONV': [128, 5]}, {'CONV': [256, 3]}), ({'CONV': [32, 3]}, {'CONV': [256, 3]}, {'POOLMAX': [-1, 2]}), ({'CONV': [128, 3]}, {'CONV': [256, 5]}), ({'CONV': [256, 5]}, {'CONV': [128, 3]}, {'POOLMAX': [-1, 2]}), {'GLOBAL_AVG': None}, {'LAST_DENSE': [100, 'softmax']}]",HHSE,NSGA2,,,,,0.7046025140491026,,,,980123136,5000996,,,,,,"[0, 7, 2, 13, 46, 6, 38, 60]",0.7275624393104239,0.0033965163923538,0.625,0.375,0.375,0.0,0.72,0,0,0,100,0,0.0,BEST,False,False,197,True,True,GREEDY,,,GREEDY_HV
BEEXAZ[M],12,13,83,72,0.83,True,True,"[0, 7, 6, 14, 46, 6, 39, 60]",[],"[8.879653071854094e-05, 7.715424036703368, 6.552567979088678, 14.370405460013197, 46.12646821461089, 6.608642656149565, 39.608386544827795, 60.8875992199695]","[{'INP': 32}, {'CONV': [64, 3]}, ({'CONV': [32, 3]}, {'CONV': [32, 3]}), ({'CONV': [32, 3]}, {'CONV': [256, 5]}, {'POOLMAX': [-1, 2]}), ({'CONV': [32, 3]}, {'CONV': [256, 3]}), ({'CONV': [32, 5]}, {'CONV': [256, 3]}, {'POOLMAX': [-1, 2]}), ({'CONV': [128, 5]}, {'CONV': [256, 3]}), ({'CONV': [32, 3]}, {'CONV': [256, 3]}, {'POOLMAX': [-1, 2]}), ({'CONV': [128, 3]}, {'CONV': [256, 5]}), ({'CONV': [256, 5]}, {'CONV': [128, 3]}, {'POOLMAX': [-1, 2]}), {'GLOBAL_AVG': None}, {'LAST_DENSE': [100, 'softmax']}]",HHSE,NSGA2,,,,,0.7046025140491026,,,,980123136,5000996,,,,,,"[0, 7, 2, 13, 46, 6, 38, 60]",0.7241395788974716,-0.0025418771901689,0.625,0.375,0.375,0.0,0.72,0,0,0,100,0,0.0,BEST,False,False,197,True,True,GREEDY,,,GREEDY_HV
BEEXAZ[M],12,13,84,72,0.84,True,True,"[0, 7, 6, 14, 46, 6, 39, 60]",[],"[8.879653071854094e-05, 7.715424036703368, 6.552567979088678, 14.370405460013197, 46.12646821461089, 6.608642656149565, 39.608386544827795, 60.8875992199695]","[{'INP': 32}, {'CONV': [64, 3]}, ({'CONV': [32, 3]}, {'CONV': [32, 3]}), ({'CONV': [32, 3]}, {'CONV': [256, 5]}, {'POOLMAX': [-1, 2]}), ({'CONV': [32, 3]}, {'CONV': [256, 3]}), ({'CONV': [32, 5]}, {'CONV': [256, 3]}, {'POOLMAX': [-1, 2]}), ({'CONV': [128, 5]}, {'CONV': [256, 3]}), ({'CONV': [32, 3]}, {'CONV': [256, 3]}, {'POOLMAX': [-1, 2]}), ({'CONV': [128, 3]}, {'CONV': [256, 5]}), ({'CONV': [256, 5]}, {'CONV': [128, 3]}, {'POOLMAX': [-1, 2]}), {'GLOBAL_AVG': None}, {'LAST_DENSE': [100, 'softmax']}]",HHSE,NSGA2,,,,,0.7046025140491026,,,,980123136,5000996,,,,,,"[0, 7, 2, 13, 46, 6, 38, 60]",0.7242728483179074,2.1750977488466106e-05,0.625,0.375,0.375,0.0,0.72,0,0,0,100,0,0.0,BEST,False,False,197,True,True,GREEDY,,,GREEDY_HV
BPSCNX[M],12,13,85,85,0.85,True,True,"[0, 24, 50, 14, 47, 7, 62, 55]",[],"[0.9079294383588521, 24.813726243927018, 50.579150022482075, 14.385325610600232, 47.37349706362057, 7.0362205957281665, 62.1258330459068, 55.255413088727124]","[{'INP': 32}, {'CONV': [64, 3]}, ({'CONV': [32, 3]}, {'CONV': [32, 3]}), ({'CONV': [64, 5]}, {'CONV': [32, 3]}, {'POOLMAX': [-1, 2]}), ({'CONV': [256, 3]}, {'CONV': [64, 3]}), ({'CONV': [32, 5]}, {'CONV': [256, 3]}, {'POOLMAX': [-1, 2]}), ({'CONV': [128, 5]}, {'CONV': [256, 5]}), ({'CONV': [32, 3]}, {'CONV': [256, 5]}, {'POOLMAX': [-1, 2]}), ({'CONV': [256, 5]}, {'CONV': [256, 3]}), ({'CONV': [256, 3]}, {'CONV': [256, 5]}, {'POOLMAX': [-1, 2]}), {'GLOBAL_AVG': None}, {'LAST_DENSE': [100, 'softmax']}]",HHSE,NSGA2,,,,,0.7065850899063558,,,,770700288,6854308,,,,,,"[0, 24, 51, 14, 47, 7, 62, 55]",0.7243622089125815,-0.0001315532056626,0.5,0.5,0.125,0.75,0.85,0,1,0,100,0,0.01,BEST,False,False,169,True,True,GREEDY,,,GREEDY_HV
BPSCNX[M],12,13,86,85,0.86,True,True,"[0, 24, 50, 14, 47, 7, 62, 55]",[],"[0.9079294383588521, 24.813726243927018, 50.579150022482075, 14.385325610600232, 47.37349706362057, 7.0362205957281665, 62.1258330459068, 55.255413088727124]","[{'INP': 32}, {'CONV': [64, 3]}, ({'CONV': [32, 3]}, {'CONV': [32, 3]}), ({'CONV': [64, 5]}, {'CONV': [32, 3]}, {'POOLMAX': [-1, 2]}), ({'CONV': [256, 3]}, {'CONV': [64, 3]}), ({'CONV': [32, 5]}, {'CONV': [256, 3]}, {'POOLMAX': [-1, 2]}), ({'CONV': [128, 5]}, {'CONV': [256, 5]}), ({'CONV': [32, 3]}, {'CONV': [256, 5]}, {'POOLMAX': [-1, 2]}), ({'CONV': [256, 5]}, {'CONV': [256, 3]}), ({'CONV': [256, 3]}, {'CONV': [256, 5]}, {'POOLMAX': [-1, 2]}), {'GLOBAL_AVG': None}, {'LAST_DENSE': [100, 'softmax']}]",HHSE,NSGA2,,,,,0.7065850899063558,,,,770700288,6854308,,,,,,"[0, 24, 51, 14, 47, 7, 62, 55]",0.725839827058685,-0.0005354723204504,0.5,0.5,0.125,0.0,0.85,0,0,0,100,0,0.0,BEST,False,False,169,True,True,GREEDY,,,GREEDY_HV
BPSCNX[M],12,13,87,85,0.87,True,True,"[0, 24, 50, 14, 47, 7, 62, 55]",[],"[0.9079294383588521, 24.813726243927018, 50.579150022482075, 14.385325610600232, 47.37349706362057, 7.0362205957281665, 62.1258330459068, 55.255413088727124]","[{'INP': 32}, {'CONV': [64, 3]}, ({'CONV': [32, 3]}, {'CONV': [32, 3]}), ({'CONV': [64, 5]}, {'CONV': [32, 3]}, {'POOLMAX': [-1, 2]}), ({'CONV': [256, 3]}, {'CONV': [64, 3]}), ({'CONV': [32, 5]}, {'CONV': [256, 3]}, {'POOLMAX': [-1, 2]}), ({'CONV': [128, 5]}, {'CONV': [256, 5]}), ({'CONV': [32, 3]}, {'CONV': [256, 5]}, {'POOLMAX': [-1, 2]}), ({'CONV': [256, 5]}, {'CONV': [256, 3]}), ({'CONV': [256, 3]}, {'CONV': [256, 5]}, {'POOLMAX': [-1, 2]}), {'GLOBAL_AVG': None}, {'LAST_DENSE': [100, 'softmax']}]",HHSE,NSGA2,,,,,0.7065850899063558,,,,770700288,6854308,,,,,,"[0, 24, 51, 14, 47, 7, 62, 55]",0.7258809428490082,-0.0001596232919348,0.5,0.5,0.125,0.0,0.85,0,1,0,100,0,0.01,BEST,False,False,169,True,True,GREEDY,,,GREEDY_HV
BPSCNX[M],12,13,88,85,0.88,True,True,"[0, 24, 50, 14, 47, 7, 62, 55]",[],"[0.9079294383588521, 24.813726243927018, 50.579150022482075, 14.385325610600232, 47.37349706362057, 7.0362205957281665, 62.1258330459068, 55.255413088727124]","[{'INP': 32}, {'CONV': [64, 3]}, ({'CONV': [32, 3]}, {'CONV': [32, 3]}), ({'CONV': [64, 5]}, {'CONV': [32, 3]}, {'POOLMAX': [-1, 2]}), ({'CONV': [256, 3]}, {'CONV': [64, 3]}), ({'CONV': [32, 5]}, {'CONV': [256, 3]}, {'POOLMAX': [-1, 2]}), ({'CONV': [128, 5]}, {'CONV': [256, 5]}), ({'CONV': [32, 3]}, {'CONV': [256, 5]}, {'POOLMAX': [-1, 2]}), ({'CONV': [256, 5]}, {'CONV': [256, 3]}), ({'CONV': [256, 3]}, {'CONV': [256, 5]}, {'POOLMAX': [-1, 2]}), {'GLOBAL_AVG': None}, {'LAST_DENSE': [100, 'softmax']}]",HHSE,NSGA2,,,,,0.7065850899063558,,,,770700288,6854308,,,,,,"[0, 24, 51, 14, 47, 7, 62, 55]",0.7259874411814845,-7.691315156654888e-05,0.5,0.5,0.125,0.0,0.85,0,1,0,100,0,0.01,BEST,False,False,169,True,True,GREEDY,,,GREEDY_HV
BPSCNX[M],12,13,89,85,0.89,True,True,"[0, 24, 50, 14, 47, 7, 62, 55]",[],"[0.9079294383588521, 24.813726243927018, 50.579150022482075, 14.385325610600232, 47.37349706362057, 7.0362205957281665, 62.1258330459068, 55.255413088727124]","[{'INP': 32}, {'CONV': [64, 3]}, ({'CONV': [32, 3]}, {'CONV': [32, 3]}), ({'CONV': [64, 5]}, {'CONV': [32, 3]}, {'POOLMAX': [-1, 2]}), ({'CONV': [256, 3]}, {'CONV': [64, 3]}), ({'CONV': [32, 5]}, {'CONV': [256, 3]}, {'POOLMAX': [-1, 2]}), ({'CONV': [128, 5]}, {'CONV': [256, 5]}), ({'CONV': [32, 3]}, {'CONV': [256, 5]}, {'POOLMAX': [-1, 2]}), ({'CONV': [256, 5]}, {'CONV': [256, 3]}), ({'CONV': [256, 3]}, {'CONV': [256, 5]}, {'POOLMAX': [-1, 2]}), {'GLOBAL_AVG': None}, {'LAST_DENSE': [100, 'softmax']}]",HHSE,NSGA2,,,,,0.7065850899063558,,,,770700288,6854308,,,,,,"[0, 24, 51, 14, 47, 7, 62, 55]",0.7261667074331093,-0.0027322582260931,0.5,0.5,0.125,0.0,0.85,0,2,0,100,0,0.02,BEST,False,False,169,True,True,GREEDY,,,GREEDY_HV
BPSCNX[M][M],12,13,90,90,0.9,True,True,"[1, 26, 50, 14, 47, 7, 62, 55]",[],"[1.02725129769511, 26.670696766389856, 50.471221571251974, 14.870136478136436, 47.28798373503178, 7.340200587477989, 62.1280559947255, 55.25119629872615]","[{'INP': 32}, {'CONV': [64, 3]}, ({'CONV': [32, 3]}, {'CONV': [32, 5]}), ({'CONV': [64, 5]}, {'CONV': [64, 3]}, {'POOLMAX': [-1, 2]}), ({'CONV': [256, 3]}, {'CONV': [64, 3]}), ({'CONV': [32, 5]}, {'CONV': [256, 3]}, {'POOLMAX': [-1, 2]}), ({'CONV': [128, 5]}, {'CONV': [256, 5]}), ({'CONV': [32, 3]}, {'CONV': [256, 5]}, {'POOLMAX': [-1, 2]}), ({'CONV': [256, 5]}, {'CONV': [256, 3]}), ({'CONV': [256, 3]}, {'CONV': [256, 5]}, {'POOLMAX': [-1, 2]}), {'GLOBAL_AVG': None}, {'LAST_DENSE': [100, 'softmax']}]",HHSE,NSGA2,,,,,0.707357202135853,,,,880047104,6962980,,,,,,"[0, 24, 50, 14, 47, 7, 62, 55]",0.726768066362904,0.000531219466811,0.0,0.0,0.25,0.25,0.9,0,0,0,100,0,0.0,BEST,False,False,150,True,True,GREEDY,,,GREEDY_HV
BSGXAK[M],12,13,91,91,0.91,True,True,"[4, 23, 3, 22, 46, 6, 39, 55]",[],"[4.828691396501105, 23.665465075830582, 3.788548671172323, 22.532108688468092, 46.63213237529331, 6.235922221883107, 39.06397970680277, 55.830834781993886]","[{'INP': 32}, {'CONV': [64, 3]}, ({'CONV': [32, 3]}, {'CONV': [128, 3]}), ({'CONV': [64, 3]}, {'CONV': [256, 5]}, {'POOLMAX': [-1, 2]}), ({'CONV': [32, 3]}, {'CONV': [64, 5]}), ({'CONV': [64, 3]}, {'CONV': [256, 3]}, {'POOLMAX': [-1, 2]}), ({'CONV': [128, 5]}, {'CONV': [256, 3]}), ({'CONV': [32, 3]}, {'CONV': [256, 3]}, {'POOLMAX': [-1, 2]}), ({'CONV': [128, 3]}, {'CONV': [256, 5]}), ({'CONV': [256, 3]}, {'CONV': [256, 5]}, {'POOLMAX': [-1, 2]}), {'GLOBAL_AVG': None}, {'LAST_DENSE': [100, 'softmax']}]",HHSE,NSGA2,,,,,0.7116505938011036,,,,1538460672,5489316,,,,,,"[4, 23, 3, 22, 46, 6, 38, 55]",0.7268572869434824,2.24239564842188e-05,0.375,0.5,0.125,0.875,0.91,0,2,0,100,0,0.02,BEST,False,False,78,True,True,GREEDY,,,GREEDY_HV
BSGXAK[M],12,13,92,91,0.92,True,True,"[4, 23, 3, 22, 46, 6, 39, 55]",[],"[4.828691396501105, 23.665465075830582, 3.788548671172323, 22.532108688468092, 46.63213237529331, 6.235922221883107, 39.06397970680277, 55.830834781993886]","[{'INP': 32}, {'CONV': [64, 3]}, ({'CONV': [32, 3]}, {'CONV': [128, 3]}), ({'CONV': [64, 3]}, {'CONV': [256, 5]}, {'POOLMAX': [-1, 2]}), ({'CONV': [32, 3]}, {'CONV': [64, 5]}), ({'CONV': [64, 3]}, {'CONV': [256, 3]}, {'POOLMAX': [-1, 2]}), ({'CONV': [128, 5]}, {'CONV': [256, 3]}), ({'CONV': [32, 3]}, {'CONV': [256, 3]}, {'POOLMAX': [-1, 2]}), ({'CONV': [128, 3]}, {'CONV': [256, 5]}), ({'CONV': [256, 3]}, {'CONV': [256, 5]}, {'POOLMAX': [-1, 2]}), {'GLOBAL_AVG': None}, {'LAST_DENSE': [100, 'softmax']}]",HHSE,NSGA2,,,,,0.7116505938011036,,,,1538460672,5489316,,,,,,"[4, 23, 3, 22, 46, 6, 38, 55]",0.730370194277183,0.0001008617822785,0.375,0.5,0.125,0.0,0.91,0,1,0,100,0,0.01,BEST,False,False,78,True,True,GREEDY,,,GREEDY_HV
BSGXAK[M][M],12,13,93,93,0.93,True,True,"[4, 23, 4, 22, 46, 6, 39, 55]",[],"[4.813661616123482, 23.55442059149951, 4.042952656114888, 22.563652382873883, 46.51662315996063, 6.253565572417446, 39.20774917763038, 55.6022598770809]","[{'INP': 32}, {'CONV': [64, 3]}, ({'CONV': [32, 3]}, {'CONV': [128, 3]}), ({'CONV': [64, 3]}, {'CONV': [256, 5]}, {'POOLMAX': [-1, 2]}), ({'CONV': [32, 3]}, {'CONV': [128, 3]}), ({'CONV': [64, 3]}, {'CONV': [256, 3]}, {'POOLMAX': [-1, 2]}), ({'CONV': [128, 5]}, {'CONV': [256, 3]}), ({'CONV': [32, 3]}, {'CONV': [256, 3]}, {'POOLMAX': [-1, 2]}), ({'CONV': [128, 3]}, {'CONV': [256, 5]}), ({'CONV': [256, 3]}, {'CONV': [256, 5]}, {'POOLMAX': [-1, 2]}), {'GLOBAL_AVG': None}, {'LAST_DENSE': [100, 'softmax']}]",HHSE,NSGA2,,,,,0.7149261792796495,,,,1550076928,5512100,,,,,,"[4, 23, 3, 22, 46, 6, 39, 55]",0.7310259710515399,-0.0009966726810046,0.0,0.0,0.125,0.125,0.93,0,1,0,100,0,0.01,BEST,False,False,27,True,True,GREEDY,,,GREEDY_HV
BSGXAK[M][M],12,13,94,93,0.94,True,True,"[4, 23, 4, 22, 46, 6, 39, 55]",[],"[4.813661616123482, 23.55442059149951, 4.042952656114888, 22.563652382873883, 46.51662315996063, 6.253565572417446, 39.20774917763038, 55.6022598770809]","[{'INP': 32}, {'CONV': [64, 3]}, ({'CONV': [32, 3]}, {'CONV': [128, 3]}), ({'CONV': [64, 3]}, {'CONV': [256, 5]}, {'POOLMAX': [-1, 2]}), ({'CONV': [32, 3]}, {'CONV': [128, 3]}), ({'CONV': [64, 3]}, {'CONV': [256, 3]}, {'POOLMAX': [-1, 2]}), ({'CONV': [128, 5]}, {'CONV': [256, 3]}), ({'CONV': [32, 3]}, {'CONV': [256, 3]}, {'POOLMAX': [-1, 2]}), ({'CONV': [128, 3]}, {'CONV': [256, 5]}), ({'CONV': [256, 3]}, {'CONV': [256, 5]}, {'POOLMAX': [-1, 2]}), {'GLOBAL_AVG': None}, {'LAST_DENSE': [100, 'softmax']}]",HHSE,NSGA2,,,,,0.7149261792796495,,,,1550076928,5512100,,,,,,"[4, 23, 3, 22, 46, 6, 39, 55]",0.7334964134495315,4.229437917946388e-05,0.0,0.0,0.125,0.0,0.93,0,2,0,100,0,0.02,BEST,False,False,27,True,True,GREEDY,,,GREEDY_HV
BSGXAK[M][M],12,13,95,93,0.95,True,True,"[4, 23, 4, 22, 46, 6, 39, 55]",[],"[4.813661616123482, 23.55442059149951, 4.042952656114888, 22.563652382873883, 46.51662315996063, 6.253565572417446, 39.20774917763038, 55.6022598770809]","[{'INP': 32}, {'CONV': [64, 3]}, ({'CONV': [32, 3]}, {'CONV': [128, 3]}), ({'CONV': [64, 3]}, {'CONV': [256, 5]}, {'POOLMAX': [-1, 2]}), ({'CONV': [32, 3]}, {'CONV': [128, 3]}), ({'CONV': [64, 3]}, {'CONV': [256, 3]}, {'POOLMAX': [-1, 2]}), ({'CONV': [128, 5]}, {'CONV': [256, 3]}), ({'CONV': [32, 3]}, {'CONV': [256, 3]}, {'POOLMAX': [-1, 2]}), ({'CONV': [128, 3]}, {'CONV': [256, 5]}), ({'CONV': [256, 3]}, {'CONV': [256, 5]}, {'POOLMAX': [-1, 2]}), {'GLOBAL_AVG': None}, {'LAST_DENSE': [100, 'softmax']}]",HHSE,NSGA2,,,,,0.7149261792796495,,,,1550076928,5512100,,,,,,"[4, 23, 3, 22, 46, 6, 39, 55]",0.7337860541862669,-4.0768240982647086e-05,0.0,0.0,0.125,0.0,0.93,0,0,0,100,0,0.0,BEST,False,False,27,True,True,GREEDY,,,GREEDY_HV
BSGXAK[M][M],12,13,96,93,0.96,True,True,"[4, 23, 4, 22, 46, 6, 39, 55]",[],"[4.813661616123482, 23.55442059149951, 4.042952656114888, 22.563652382873883, 46.51662315996063, 6.253565572417446, 39.20774917763038, 55.6022598770809]","[{'INP': 32}, {'CONV': [64, 3]}, ({'CONV': [32, 3]}, {'CONV': [128, 3]}), ({'CONV': [64, 3]}, {'CONV': [256, 5]}, {'POOLMAX': [-1, 2]}), ({'CONV': [32, 3]}, {'CONV': [128, 3]}), ({'CONV': [64, 3]}, {'CONV': [256, 3]}, {'POOLMAX': [-1, 2]}), ({'CONV': [128, 5]}, {'CONV': [256, 3]}), ({'CONV': [32, 3]}, {'CONV': [256, 3]}, {'POOLMAX': [-1, 2]}), ({'CONV': [128, 3]}, {'CONV': [256, 5]}), ({'CONV': [256, 3]}, {'CONV': [256, 5]}, {'POOLMAX': [-1, 2]}), {'GLOBAL_AVG': None}, {'LAST_DENSE': [100, 'softmax']}]",HHSE,NSGA2,,,,,0.7149261792796495,,,,1550076928,5512100,,,,,,"[4, 23, 3, 22, 46, 6, 39, 55]",0.7338593042463571,-6.998335006058731e-06,0.0,0.0,0.125,0.0,0.93,0,0,0,100,0,0.0,BEST,False,False,27,True,True,GREEDY,,,GREEDY_HV
BINXWD[M],12,13,97,97,0.97,True,True,"[2, 23, 4, 22, 46, 6, 38, 23]",[],"[2.2186791478616557, 23.72835696609574, 4.679835383173775, 22.222491490405027, 46.20126057263125, 6.606043952045192, 38.5557742271875, 23.497772610175083]","[{'INP': 32}, {'CONV': [64, 3]}, ({'CONV': [32, 3]}, {'CONV': [64, 3]}), ({'CONV': [64, 3]}, {'CONV': [256, 5]}, {'POOLMAX': [-1, 2]}), ({'CONV': [32, 3]}, {'CONV': [128, 3]}), ({'CONV': [64, 3]}, {'CONV': [256, 3]}, {'POOLMAX': [-1, 2]}), ({'CONV': [128, 5]}, {'CONV': [256, 3]}), ({'CONV': [32, 3]}, {'CONV': [256, 3]}, {'POOLMAX': [-1, 2]}), ({'CONV': [128, 3]}, {'CONV': [256, 3]}), ({'CONV': [64, 3]}, {'CONV': [256, 5]}, {'POOLMAX': [-1, 2]}), {'GLOBAL_AVG': None}, {'LAST_DENSE': [100, 'softmax']}]",HHSE,NSGA2,,,,,0.7167850330520855,,,,1366233088,3260324,,,,,,"[2, 23, 4, 22, 46, 6, 38, 23]",0.734135278736625,-0.0013792443871211,0.25,0.5,0.0,0.375,0.97,0,1,0,100,0,0.01,BEST,False,False,13,True,True,GREEDY,,,GREEDY_HV
BUVAPV[M],12,13,98,98,0.98,True,True,"[0, 7, 4, 22, 46, 6, 39, 55]",[],"[0.7466670319614144, 7.0844697921536905, 4.661981163348252, 22.166487574103126, 46.67013018681829, 6.418613063029814, 39.795471056980915, 55.969210844059994]","[{'INP': 32}, {'CONV': [64, 3]}, ({'CONV': [32, 3]}, {'CONV': [32, 3]}), ({'CONV': [32, 3]}, {'CONV': [256, 5]}, {'POOLMAX': [-1, 2]}), ({'CONV': [32, 3]}, {'CONV': [128, 3]}), ({'CONV': [64, 3]}, {'CONV': [256, 3]}, {'POOLMAX': [-1, 2]}), ({'CONV': [128, 5]}, {'CONV': [256, 3]}), ({'CONV': [32, 3]}, {'CONV': [256, 3]}, {'POOLMAX': [-1, 2]}), ({'CONV': [128, 3]}, {'CONV': [256, 5]}), ({'CONV': [256, 3]}, {'CONV': [256, 5]}, {'POOLMAX': [-1, 2]}), {'GLOBAL_AVG': None}, {'LAST_DENSE': [100, 'softmax']}]",HHSE,NSGA2,,,,,0.7173311398341469,,,,941247488,5214628,,,,,,"[0, 7, 4, 22, 46, 6, 39, 55]",0.7362065375630087,-4.420081107758822e-05,0.375,0.125,0.0,0.5,0.98,0,0,0,100,0,0.0,BEST,False,False,10,True,True,GREEDY,,,GREEDY_HV
BUVAPV[M],12,13,99,98,0.99,True,True,"[0, 7, 4, 22, 46, 6, 39, 55]",[],"[0.7466670319614144, 7.0844697921536905, 4.661981163348252, 22.166487574103126, 46.67013018681829, 6.418613063029814, 39.795471056980915, 55.969210844059994]","[{'INP': 32}, {'CONV': [64, 3]}, ({'CONV': [32, 3]}, {'CONV': [32, 3]}), ({'CONV': [32, 3]}, {'CONV': [256, 5]}, {'POOLMAX': [-1, 2]}), ({'CONV': [32, 3]}, {'CONV': [128, 3]}), ({'CONV': [64, 3]}, {'CONV': [256, 3]}, {'POOLMAX': [-1, 2]}), ({'CONV': [128, 5]}, {'CONV': [256, 3]}), ({'CONV': [32, 3]}, {'CONV': [256, 3]}, {'POOLMAX': [-1, 2]}), ({'CONV': [128, 3]}, {'CONV': [256, 5]}), ({'CONV': [256, 3]}, {'CONV': [256, 5]}, {'POOLMAX': [-1, 2]}), {'GLOBAL_AVG': None}, {'LAST_DENSE': [100, 'softmax']}]",HHSE,NSGA2,,,,,0.7173311398341469,,,,941247488,5214628,,,,,,"[0, 7, 4, 22, 46, 6, 39, 55]",0.7367217413228673,-2.9255466434841004e-05,0.375,0.125,0.0,0.0,0.98,0,0,0,100,0,0.0,BEST,False,False,10,True,True,GREEDY,,,GREEDY_HV
BPNXEH[M],12,13,100,100,1.0,True,True,"[0, 7, 4, 22, 46, 6, 39, 23]",[],"[0.07917449996262405, 7.0075530399853765, 4.4781112894678765, 22.646301396174454, 46.041108710651336, 6.895497256091663, 39.11001710611076, 23.251878601851956]","[{'INP': 32}, {'CONV': [64, 3]}, ({'CONV': [32, 3]}, {'CONV': [32, 3]}), ({'CONV': [32, 3]}, {'CONV': [256, 5]}, {'POOLMAX': [-1, 2]}), ({'CONV': [32, 3]}, {'CONV': [128, 3]}), ({'CONV': [64, 3]}, {'CONV': [256, 3]}, {'POOLMAX': [-1, 2]}), ({'CONV': [128, 5]}, {'CONV': [256, 3]}), ({'CONV': [32, 3]}, {'CONV': [256, 3]}, {'POOLMAX': [-1, 2]}), ({'CONV': [128, 3]}, {'CONV': [256, 5]}), ({'CONV': [64, 3]}, {'CONV': [256, 5]}, {'POOLMAX': [-1, 2]}), {'GLOBAL_AVG': None}, {'LAST_DENSE': [100, 'softmax']}]",HHSE,NSGA2,,,,,0.7195091879554554,,,,887754752,3542692,,,,,,"[0, 7, 4, 22, 46, 6, 39, 23]",0.7368888772673785,-0.0005365389058322,0.125,0.375,0.0,0.125,1.0,0,0,0,100,0,0.0,BEST,False,False,2,True,True,GREEDY,,,GREEDY_HV
BSBYAM[M],13,14,1,1,0.01,True,True,"[14, 45, 61, 28, 45, 26, 62, 55]",[],"[14.825717742910344, 45.17671562690342, 61.80117327054591, 28.754234471916085, 45.95803558795413, 26.579972568941045, 62.939853575683586, 55.19770805737895]","[{'INP': 32}, {'CONV': [64, 3]}, ({'CONV': [32, 5]}, {'CONV': [256, 3]}), ({'CONV': [128, 5]}, {'CONV': [128, 5]}, {'POOLMAX': [-1, 2]}), ({'CONV': [256, 5]}, {'CONV': [128, 5]}), ({'CONV': [64, 5]}, {'CONV': [128, 3]}, {'POOLMAX': [-1, 2]}), ({'CONV': [128, 5]}, {'CONV': [128, 5]}), ({'CONV': [64, 5]}, {'CONV': [64, 3]}, {'POOLMAX': [-1, 2]}), ({'CONV': [256, 5]}, {'CONV': [256, 3]}), ({'CONV': [256, 3]}, {'CONV': [256, 5]}, {'POOLMAX': [-1, 2]}), {'GLOBAL_AVG': None}, {'LAST_DENSE': [100, 'softmax']}]",HHSE,NSGA2,,,,,0.6977039157659053,,,,4001311744,7596964,,,,,,"[17, 44, 44, 15, 15, 35, 6, 44]",0.6692899703410369,0.0,0.0,0.0,1.0,0.0,0.01,0,13,0,100,0,0.13,BEST,False,False,273,True,True,GREEDY,,,GREEDY_HV
BSBYAM[M],13,14,2,1,0.02,True,True,"[14, 45, 61, 28, 45, 26, 62, 55]",[],"[14.825717742910344, 45.17671562690342, 61.80117327054591, 28.754234471916085, 45.95803558795413, 26.579972568941045, 62.939853575683586, 55.19770805737895]","[{'INP': 32}, {'CONV': [64, 3]}, ({'CONV': [32, 5]}, {'CONV': [256, 3]}), ({'CONV': [128, 5]}, {'CONV': [128, 5]}, {'POOLMAX': [-1, 2]}), ({'CONV': [256, 5]}, {'CONV': [128, 5]}), ({'CONV': [64, 5]}, {'CONV': [128, 3]}, {'POOLMAX': [-1, 2]}), ({'CONV': [128, 5]}, {'CONV': [128, 5]}), ({'CONV': [64, 5]}, {'CONV': [64, 3]}, {'POOLMAX': [-1, 2]}), ({'CONV': [256, 5]}, {'CONV': [256, 3]}), ({'CONV': [256, 3]}, {'CONV': [256, 5]}, {'POOLMAX': [-1, 2]}), {'GLOBAL_AVG': None}, {'LAST_DENSE': [100, 'softmax']}]",HHSE,NSGA2,,,,,0.6977039157659053,,,,4001311744,7596964,,,,,,"[17, 44, 44, 15, 15, 35, 6, 44]",0.6911882447989605,0.0065858893999641,0.0,0.0,1.0,0.0,0.01,0,1,0,100,0,0.01,BEST,False,False,273,True,True,GREEDY,,,GREEDY_HV
BSBYAM[M],13,14,3,1,0.03,True,True,"[14, 45, 61, 28, 45, 26, 62, 55]",[],"[14.825717742910344, 45.17671562690342, 61.80117327054591, 28.754234471916085, 45.95803558795413, 26.579972568941045, 62.939853575683586, 55.19770805737895]","[{'INP': 32}, {'CONV': [64, 3]}, ({'CONV': [32, 5]}, {'CONV': [256, 3]}), ({'CONV': [128, 5]}, {'CONV': [128, 5]}, {'POOLMAX': [-1, 2]}), ({'CONV': [256, 5]}, {'CONV': [128, 5]}), ({'CONV': [64, 5]}, {'CONV': [128, 3]}, {'POOLMAX': [-1, 2]}), ({'CONV': [128, 5]}, {'CONV': [128, 5]}), ({'CONV': [64, 5]}, {'CONV': [64, 3]}, {'POOLMAX': [-1, 2]}), ({'CONV': [256, 5]}, {'CONV': [256, 3]}), ({'CONV': [256, 3]}, {'CONV': [256, 5]}, {'POOLMAX': [-1, 2]}), {'GLOBAL_AVG': None}, {'LAST_DENSE': [100, 'softmax']}]",HHSE,NSGA2,,,,,0.6977039157659053,,,,4001311744,7596964,,,,,,"[17, 44, 44, 15, 15, 35, 6, 44]",0.7006243878184675,-0.0002060532896372,0.0,0.0,1.0,0.0,0.01,0,1,0,100,0,0.01,BEST,False,False,273,True,True,GREEDY,,,GREEDY_HV
BSBYAM[M],13,14,4,1,0.04,True,True,"[14, 45, 61, 28, 45, 26, 62, 55]",[],"[14.825717742910344, 45.17671562690342, 61.80117327054591, 28.754234471916085, 45.95803558795413, 26.579972568941045, 62.939853575683586, 55.19770805737895]","[{'INP': 32}, {'CONV': [64, 3]}, ({'CONV': [32, 5]}, {'CONV': [256, 3]}), ({'CONV': [128, 5]}, {'CONV': [128, 5]}, {'POOLMAX': [-1, 2]}), ({'CONV': [256, 5]}, {'CONV': [128, 5]}), ({'CONV': [64, 5]}, {'CONV': [128, 3]}, {'POOLMAX': [-1, 2]}), ({'CONV': [128, 5]}, {'CONV': [128, 5]}), ({'CONV': [64, 5]}, {'CONV': [64, 3]}, {'POOLMAX': [-1, 2]}), ({'CONV': [256, 5]}, {'CONV': [256, 3]}), ({'CONV': [256, 3]}, {'CONV': [256, 5]}, {'POOLMAX': [-1, 2]}), {'GLOBAL_AVG': None}, {'LAST_DENSE': [100, 'softmax']}]",HHSE,NSGA2,,,,,0.6977039157659053,,,,4001311744,7596964,,,,,,"[17, 44, 44, 15, 15, 35, 6, 44]",0.701401012506349,-0.0015171232033215,0.0,0.0,1.0,0.0,0.01,0,1,0,100,0,0.01,BEST,False,False,273,True,True,GREEDY,,,GREEDY_HV
BSBYAM[M],13,14,5,1,0.05,True,True,"[14, 45, 61, 28, 45, 26, 62, 55]",[],"[14.825717742910344, 45.17671562690342, 61.80117327054591, 28.754234471916085, 45.95803558795413, 26.579972568941045, 62.939853575683586, 55.19770805737895]","[{'INP': 32}, {'CONV': [64, 3]}, ({'CONV': [32, 5]}, {'CONV': [256, 3]}), ({'CONV': [128, 5]}, {'CONV': [128, 5]}, {'POOLMAX': [-1, 2]}), ({'CONV': [256, 5]}, {'CONV': [128, 5]}), ({'CONV': [64, 5]}, {'CONV': [128, 3]}, {'POOLMAX': [-1, 2]}), ({'CONV': [128, 5]}, {'CONV': [128, 5]}), ({'CONV': [64, 5]}, {'CONV': [64, 3]}, {'POOLMAX': [-1, 2]}), ({'CONV': [256, 5]}, {'CONV': [256, 3]}), ({'CONV': [256, 3]}, {'CONV': [256, 5]}, {'POOLMAX': [-1, 2]}), {'GLOBAL_AVG': None}, {'LAST_DENSE': [100, 'softmax']}]",HHSE,NSGA2,,,,,0.6977039157659053,,,,4001311744,7596964,,,,,,"[17, 44, 44, 15, 15, 35, 6, 44]",0.7028467995861835,-0.0022682823747088,0.0,0.0,1.0,0.0,0.01,0,0,0,100,0,0.0,BEST,False,False,273,True,True,GREEDY,,,GREEDY_HV
BHOVP[M][M],13,14,6,6,0.06,True,True,"[28, 46, 4, 38, 61, 36, 48, 62]",[],"[28.8150176731379, 46.529491126222524, 4.613653871134645, 38.37851593988406, 61.25372269376216, 36.027044595126256, 48.290848493694384, 62.68037036074157]","[{'INP': 32}, {'CONV': [64, 3]}, ({'CONV': [64, 5]}, {'CONV': [128, 3]}), ({'CONV': [128, 5]}, {'CONV': [256, 3]}, {'POOLMAX': [-1, 2]}), ({'CONV': [32, 3]}, {'CONV': [128, 3]}), ({'CONV': [128, 3]}, {'CONV': [256, 3]}, {'POOLMAX': [-1, 2]}), ({'CONV': [256, 5]}, {'CONV': [128, 5]}), ({'CONV': [128, 3]}, {'CONV': [128, 3]}, {'POOLMAX': [-1, 2]}), ({'CONV': [256, 3]}, {'CONV': [32, 3]}), ({'CONV': [256, 5]}, {'CONV': [256, 3]}, {'POOLMAX': [-1, 2]}), {'GLOBAL_AVG': None}, {'LAST_DENSE': [100, 'softmax']}]",HHSE,NSGA2,,,,,0.6990611511573263,,,,2485405184,5387300,,,,,,"[33, 61, 38, 23, 61, 20, 45, 62]",0.7039253672860543,0.0002924002495022,0.0,0.0,0.75,1.0,0.06,0,0,0,100,0,0.0,BEST,False,False,260,True,True,GREEDY,,,GREEDY_HV
BHOVP[M][M],13,14,7,6,0.07,True,True,"[28, 46, 4, 38, 61, 36, 48, 62]",[],"[28.8150176731379, 46.529491126222524, 4.613653871134645, 38.37851593988406, 61.25372269376216, 36.027044595126256, 48.290848493694384, 62.68037036074157]","[{'INP': 32}, {'CONV': [64, 3]}, ({'CONV': [64, 5]}, {'CONV': [128, 3]}), ({'CONV': [128, 5]}, {'CONV': [256, 3]}, {'POOLMAX': [-1, 2]}), ({'CONV': [32, 3]}, {'CONV': [128, 3]}), ({'CONV': [128, 3]}, {'CONV': [256, 3]}, {'POOLMAX': [-1, 2]}), ({'CONV': [256, 5]}, {'CONV': [128, 5]}), ({'CONV': [128, 3]}, {'CONV': [128, 3]}, {'POOLMAX': [-1, 2]}), ({'CONV': [256, 3]}, {'CONV': [32, 3]}), ({'CONV': [256, 5]}, {'CONV': [256, 3]}, {'POOLMAX': [-1, 2]}), {'GLOBAL_AVG': None}, {'LAST_DENSE': [100, 'softmax']}]",HHSE,NSGA2,,,,,0.6990611511573263,,,,2485405184,5387300,,,,,,"[33, 61, 38, 23, 61, 20, 45, 62]",0.7052310357501288,-0.0057516430990737,0.0,0.0,0.75,0.0,0.06,0,0,0,100,0,0.0,BEST,False,False,260,True,True,GREEDY,,,GREEDY_HV
BHOVP[M][M],13,14,8,6,0.08,True,True,"[28, 46, 4, 38, 61, 36, 48, 62]",[],"[28.8150176731379, 46.529491126222524, 4.613653871134645, 38.37851593988406, 61.25372269376216, 36.027044595126256, 48.290848493694384, 62.68037036074157]","[{'INP': 32}, {'CONV': [64, 3]}, ({'CONV': [64, 5]}, {'CONV': [128, 3]}), ({'CONV': [128, 5]}, {'CONV': [256, 3]}, {'POOLMAX': [-1, 2]}), ({'CONV': [32, 3]}, {'CONV': [128, 3]}), ({'CONV': [128, 3]}, {'CONV': [256, 3]}, {'POOLMAX': [-1, 2]}), ({'CONV': [256, 5]}, {'CONV': [128, 5]}), ({'CONV': [128, 3]}, {'CONV': [128, 3]}, {'POOLMAX': [-1, 2]}), ({'CONV': [256, 3]}, {'CONV': [32, 3]}), ({'CONV': [256, 5]}, {'CONV': [256, 3]}, {'POOLMAX': [-1, 2]}), {'GLOBAL_AVG': None}, {'LAST_DENSE': [100, 'softmax']}]",HHSE,NSGA2,,,,,0.6990611511573263,,,,2485405184,5387300,,,,,,"[33, 61, 38, 23, 61, 20, 45, 62]",0.706715805343329,-0.0010043813865656,0.0,0.0,0.75,0.0,0.06,0,0,0,100,0,0.0,BEST,False,False,260,True,True,GREEDY,,,GREEDY_HV
BHOVP[M][M],13,14,9,6,0.09,True,True,"[28, 46, 4, 38, 61, 36, 48, 62]",[],"[28.8150176731379, 46.529491126222524, 4.613653871134645, 38.37851593988406, 61.25372269376216, 36.027044595126256, 48.290848493694384, 62.68037036074157]","[{'INP': 32}, {'CONV': [64, 3]}, ({'CONV': [64, 5]}, {'CONV': [128, 3]}), ({'CONV': [128, 5]}, {'CONV': [256, 3]}, {'POOLMAX': [-1, 2]}), ({'CONV': [32, 3]}, {'CONV': [128, 3]}), ({'CONV': [128, 3]}, {'CONV': [256, 3]}, {'POOLMAX': [-1, 2]}), ({'CONV': [256, 5]}, {'CONV': [128, 5]}), ({'CONV': [128, 3]}, {'CONV': [128, 3]}, {'POOLMAX': [-1, 2]}), ({'CONV': [256, 3]}, {'CONV': [32, 3]}), ({'CONV': [256, 5]}, {'CONV': [256, 3]}, {'POOLMAX': [-1, 2]}), {'GLOBAL_AVG': None}, {'LAST_DENSE': [100, 'softmax']}]",HHSE,NSGA2,,,,,0.6990611511573263,,,,2485405184,5387300,,,,,,"[33, 61, 38, 23, 61, 20, 45, 62]",0.7069086361496226,-0.000680259243615,0.0,0.0,0.75,0.0,0.06,0,0,0,100,0,0.0,BEST,False,False,260,True,True,GREEDY,,,GREEDY_HV
BHOVP[M][M],13,14,10,6,0.1,True,True,"[28, 46, 4, 38, 61, 36, 48, 62]",[],"[28.8150176731379, 46.529491126222524, 4.613653871134645, 38.37851593988406, 61.25372269376216, 36.027044595126256, 48.290848493694384, 62.68037036074157]","[{'INP': 32}, {'CONV': [64, 3]}, ({'CONV': [64, 5]}, {'CONV': [128, 3]}), ({'CONV': [128, 5]}, {'CONV': [256, 3]}, {'POOLMAX': [-1, 2]}), ({'CONV': [32, 3]}, {'CONV': [128, 3]}), ({'CONV': [128, 3]}, {'CONV': [256, 3]}, {'POOLMAX': [-1, 2]}), ({'CONV': [256, 5]}, {'CONV': [128, 5]}), ({'CONV': [128, 3]}, {'CONV': [128, 3]}, {'POOLMAX': [-1, 2]}), ({'CONV': [256, 3]}, {'CONV': [32, 3]}), ({'CONV': [256, 5]}, {'CONV': [256, 3]}, {'POOLMAX': [-1, 2]}), {'GLOBAL_AVG': None}, {'LAST_DENSE': [100, 'softmax']}]",HHSE,NSGA2,,,,,0.6990611511573263,,,,2485405184,5387300,,,,,,"[33, 61, 38, 23, 61, 20, 45, 62]",0.707000172728435,-0.0030701952382365,0.0,0.0,0.75,0.0,0.06,0,0,0,100,0,0.0,BEST,False,False,260,True,True,GREEDY,,,GREEDY_HV
BHOVP[M][M],13,14,11,6,0.11,True,True,"[28, 46, 4, 38, 61, 36, 48, 62]",[],"[28.8150176731379, 46.529491126222524, 4.613653871134645, 38.37851593988406, 61.25372269376216, 36.027044595126256, 48.290848493694384, 62.68037036074157]","[{'INP': 32}, {'CONV': [64, 3]}, ({'CONV': [64, 5]}, {'CONV': [128, 3]}), ({'CONV': [128, 5]}, {'CONV': [256, 3]}, {'POOLMAX': [-1, 2]}), ({'CONV': [32, 3]}, {'CONV': [128, 3]}), ({'CONV': [128, 3]}, {'CONV': [256, 3]}, {'POOLMAX': [-1, 2]}), ({'CONV': [256, 5]}, {'CONV': [128, 5]}), ({'CONV': [128, 3]}, {'CONV': [128, 3]}, {'POOLMAX': [-1, 2]}), ({'CONV': [256, 3]}, {'CONV': [32, 3]}), ({'CONV': [256, 5]}, {'CONV': [256, 3]}, {'POOLMAX': [-1, 2]}), {'GLOBAL_AVG': None}, {'LAST_DENSE': [100, 'softmax']}]",HHSE,NSGA2,,,,,0.6990611511573263,,,,2485405184,5387300,,,,,,"[33, 61, 38, 23, 61, 20, 45, 62]",0.7076761335440995,-0.0028528834741338,0.0,0.0,0.75,0.0,0.06,0,0,0,100,0,0.0,BEST,False,False,260,True,True,GREEDY,,,GREEDY_HV
BHOVP[M][M],13,14,12,6,0.12,True,True,"[28, 46, 4, 38, 61, 36, 48, 62]",[],"[28.8150176731379, 46.529491126222524, 4.613653871134645, 38.37851593988406, 61.25372269376216, 36.027044595126256, 48.290848493694384, 62.68037036074157]","[{'INP': 32}, {'CONV': [64, 3]}, ({'CONV': [64, 5]}, {'CONV': [128, 3]}), ({'CONV': [128, 5]}, {'CONV': [256, 3]}, {'POOLMAX': [-1, 2]}), ({'CONV': [32, 3]}, {'CONV': [128, 3]}), ({'CONV': [128, 3]}, {'CONV': [256, 3]}, {'POOLMAX': [-1, 2]}), ({'CONV': [256, 5]}, {'CONV': [128, 5]}), ({'CONV': [128, 3]}, {'CONV': [128, 3]}, {'POOLMAX': [-1, 2]}), ({'CONV': [256, 3]}, {'CONV': [32, 3]}), ({'CONV': [256, 5]}, {'CONV': [256, 3]}, {'POOLMAX': [-1, 2]}), {'GLOBAL_AVG': None}, {'LAST_DENSE': [100, 'softmax']}]",HHSE,NSGA2,,,,,0.6990611511573263,,,,2485405184,5387300,,,,,,"[33, 61, 38, 23, 61, 20, 45, 62]",0.7127796894469831,0.0030618015609296,0.0,0.0,0.75,0.0,0.06,0,2,0,100,0,0.02,BEST,False,False,260,True,True,GREEDY,,,GREEDY_HV
BHOVP[M][M],13,14,13,6,0.13,True,True,"[28, 46, 4, 38, 61, 36, 48, 62]",[],"[28.8150176731379, 46.529491126222524, 4.613653871134645, 38.37851593988406, 61.25372269376216, 36.027044595126256, 48.290848493694384, 62.68037036074157]","[{'INP': 32}, {'CONV': [64, 3]}, ({'CONV': [64, 5]}, {'CONV': [128, 3]}), ({'CONV': [128, 5]}, {'CONV': [256, 3]}, {'POOLMAX': [-1, 2]}), ({'CONV': [32, 3]}, {'CONV': [128, 3]}), ({'CONV': [128, 3]}, {'CONV': [256, 3]}, {'POOLMAX': [-1, 2]}), ({'CONV': [256, 5]}, {'CONV': [128, 5]}), ({'CONV': [128, 3]}, {'CONV': [128, 3]}, {'POOLMAX': [-1, 2]}), ({'CONV': [256, 3]}, {'CONV': [32, 3]}), ({'CONV': [256, 5]}, {'CONV': [256, 3]}, {'POOLMAX': [-1, 2]}), {'GLOBAL_AVG': None}, {'LAST_DENSE': [100, 'softmax']}]",HHSE,NSGA2,,,,,0.6990611511573263,,,,2485405184,5387300,,,,,,"[33, 61, 38, 23, 61, 20, 45, 62]",0.7082521916367635,-0.0020689682999976,0.0,0.0,0.75,0.0,0.06,0,0,0,100,0,0.0,BEST,False,False,260,True,True,GREEDY,,,GREEDY_HV
BQSHJT[M],13,14,14,14,0.14,True,True,"[10, 45, 45, 31, 57, 61, 6, 55]",[],"[10.363457054150317, 45.569429712088095, 45.37728360368456, 31.463094480570152, 57.30880844609982, 61.48282028473633, 6.834807044403782, 55.96509082265478]","[{'INP': 32}, {'CONV': [64, 3]}, ({'CONV': [32, 5]}, {'CONV': [64, 3]}), ({'CONV': [128, 5]}, {'CONV': [128, 5]}, {'POOLMAX': [-1, 2]}), ({'CONV': [128, 5]}, {'CONV': [128, 5]}), ({'CONV': [64, 5]}, {'CONV': [256, 5]}, {'POOLMAX': [-1, 2]}), ({'CONV': [256, 5]}, {'CONV': [32, 5]}), ({'CONV': [256, 5]}, {'CONV': [128, 5]}, {'POOLMAX': [-1, 2]}), ({'CONV': [32, 3]}, {'CONV': [256, 3]}), ({'CONV': [256, 3]}, {'CONV': [256, 5]}, {'POOLMAX': [-1, 2]}), {'GLOBAL_AVG': None}, {'LAST_DENSE': [100, 'softmax']}]",HHSE,NSGA2,,,,,0.6996072991770472,,,,2584317440,7360932,,,,,,"[0, 16, 2, 58, 47, 0, 4, 36]",0.7127630853645517,-0.0004784507345581,0.375,0.5,1.0,1.0,0.14,0,0,0,100,0,0.0,BEST,False,False,254,True,True,GREEDY,,,GREEDY_HV
BQSHJT[M],13,14,15,14,0.15,True,True,"[10, 45, 45, 31, 57, 61, 6, 55]",[],"[10.363457054150317, 45.569429712088095, 45.37728360368456, 31.463094480570152, 57.30880844609982, 61.48282028473633, 6.834807044403782, 55.96509082265478]","[{'INP': 32}, {'CONV': [64, 3]}, ({'CONV': [32, 5]}, {'CONV': [64, 3]}), ({'CONV': [128, 5]}, {'CONV': [128, 5]}, {'POOLMAX': [-1, 2]}), ({'CONV': [128, 5]}, {'CONV': [128, 5]}), ({'CONV': [64, 5]}, {'CONV': [256, 5]}, {'POOLMAX': [-1, 2]}), ({'CONV': [256, 5]}, {'CONV': [32, 5]}), ({'CONV': [256, 5]}, {'CONV': [128, 5]}, {'POOLMAX': [-1, 2]}), ({'CONV': [32, 3]}, {'CONV': [256, 3]}), ({'CONV': [256, 3]}, {'CONV': [256, 5]}, {'POOLMAX': [-1, 2]}), {'GLOBAL_AVG': None}, {'LAST_DENSE': [100, 'softmax']}]",HHSE,NSGA2,,,,,0.6996072991770472,,,,2584317440,7360932,,,,,,"[0, 16, 2, 58, 47, 0, 4, 36]",0.7134258378415175,-0.0013719093764115,0.375,0.5,1.0,0.0,0.14,0,1,0,100,0,0.01,BEST,False,False,254,True,True,GREEDY,,,GREEDY_HV
BQSHJT[M],13,14,16,14,0.16,True,True,"[10, 45, 45, 31, 57, 61, 6, 55]",[],"[10.363457054150317, 45.569429712088095, 45.37728360368456, 31.463094480570152, 57.30880844609982, 61.48282028473633, 6.834807044403782, 55.96509082265478]","[{'INP': 32}, {'CONV': [64, 3]}, ({'CONV': [32, 5]}, {'CONV': [64, 3]}), ({'CONV': [128, 5]}, {'CONV': [128, 5]}, {'POOLMAX': [-1, 2]}), ({'CONV': [128, 5]}, {'CONV': [128, 5]}), ({'CONV': [64, 5]}, {'CONV': [256, 5]}, {'POOLMAX': [-1, 2]}), ({'CONV': [256, 5]}, {'CONV': [32, 5]}), ({'CONV': [256, 5]}, {'CONV': [128, 5]}, {'POOLMAX': [-1, 2]}), ({'CONV': [32, 3]}, {'CONV': [256, 3]}), ({'CONV': [256, 3]}, {'CONV': [256, 5]}, {'POOLMAX': [-1, 2]}), {'GLOBAL_AVG': None}, {'LAST_DENSE': [100, 'softmax']}]",HHSE,NSGA2,,,,,0.6996072991770472,,,,2584317440,7360932,,,,,,"[0, 16, 2, 58, 47, 0, 4, 36]",0.713544943647536,-0.0016844156617109,0.375,0.5,1.0,0.0,0.14,0,0,0,100,0,0.0,BEST,False,False,254,True,True,GREEDY,,,GREEDY_HV
BQSHJT[M],13,14,17,14,0.17,True,True,"[10, 45, 45, 31, 57, 61, 6, 55]",[],"[10.363457054150317, 45.569429712088095, 45.37728360368456, 31.463094480570152, 57.30880844609982, 61.48282028473633, 6.834807044403782, 55.96509082265478]","[{'INP': 32}, {'CONV': [64, 3]}, ({'CONV': [32, 5]}, {'CONV': [64, 3]}), ({'CONV': [128, 5]}, {'CONV': [128, 5]}, {'POOLMAX': [-1, 2]}), ({'CONV': [128, 5]}, {'CONV': [128, 5]}), ({'CONV': [64, 5]}, {'CONV': [256, 5]}, {'POOLMAX': [-1, 2]}), ({'CONV': [256, 5]}, {'CONV': [32, 5]}), ({'CONV': [256, 5]}, {'CONV': [128, 5]}, {'POOLMAX': [-1, 2]}), ({'CONV': [32, 3]}, {'CONV': [256, 3]}), ({'CONV': [256, 3]}, {'CONV': [256, 5]}, {'POOLMAX': [-1, 2]}), {'GLOBAL_AVG': None}, {'LAST_DENSE': [100, 'softmax']}]",HHSE,NSGA2,,,,,0.6996072991770472,,,,2584317440,7360932,,,,,,"[0, 16, 2, 58, 47, 0, 4, 36]",0.7135315764230458,-0.0026642975102183,0.375,0.5,1.0,0.0,0.14,0,1,0,100,0,0.01,BEST,False,False,254,True,True,GREEDY,,,GREEDY_HV
BQSHJT[M],13,14,18,14,0.18,True,True,"[10, 45, 45, 31, 57, 61, 6, 55]",[],"[10.363457054150317, 45.569429712088095, 45.37728360368456, 31.463094480570152, 57.30880844609982, 61.48282028473633, 6.834807044403782, 55.96509082265478]","[{'INP': 32}, {'CONV': [64, 3]}, ({'CONV': [32, 5]}, {'CONV': [64, 3]}), ({'CONV': [128, 5]}, {'CONV': [128, 5]}, {'POOLMAX': [-1, 2]}), ({'CONV': [128, 5]}, {'CONV': [128, 5]}), ({'CONV': [64, 5]}, {'CONV': [256, 5]}, {'POOLMAX': [-1, 2]}), ({'CONV': [256, 5]}, {'CONV': [32, 5]}), ({'CONV': [256, 5]}, {'CONV': [128, 5]}, {'POOLMAX': [-1, 2]}), ({'CONV': [32, 3]}, {'CONV': [256, 3]}), ({'CONV': [256, 3]}, {'CONV': [256, 5]}, {'POOLMAX': [-1, 2]}), {'GLOBAL_AVG': None}, {'LAST_DENSE': [100, 'softmax']}]",HHSE,NSGA2,,,,,0.6996072991770472,,,,2584317440,7360932,,,,,,"[0, 16, 2, 58, 47, 0, 4, 36]",0.7136384454723846,-0.0009082548480882,0.375,0.5,1.0,0.0,0.14,0,0,0,100,0,0.0,BEST,False,False,254,True,True,GREEDY,,,GREEDY_HV
BQSHJT[M],13,14,19,14,0.19,True,True,"[10, 45, 45, 31, 57, 61, 6, 55]",[],"[10.363457054150317, 45.569429712088095, 45.37728360368456, 31.463094480570152, 57.30880844609982, 61.48282028473633, 6.834807044403782, 55.96509082265478]","[{'INP': 32}, {'CONV': [64, 3]}, ({'CONV': [32, 5]}, {'CONV': [64, 3]}), ({'CONV': [128, 5]}, {'CONV': [128, 5]}, {'POOLMAX': [-1, 2]}), ({'CONV': [128, 5]}, {'CONV': [128, 5]}), ({'CONV': [64, 5]}, {'CONV': [256, 5]}, {'POOLMAX': [-1, 2]}), ({'CONV': [256, 5]}, {'CONV': [32, 5]}), ({'CONV': [256, 5]}, {'CONV': [128, 5]}, {'POOLMAX': [-1, 2]}), ({'CONV': [32, 3]}, {'CONV': [256, 3]}), ({'CONV': [256, 3]}, {'CONV': [256, 5]}, {'POOLMAX': [-1, 2]}), {'GLOBAL_AVG': None}, {'LAST_DENSE': [100, 'softmax']}]",HHSE,NSGA2,,,,,0.6996072991770472,,,,2584317440,7360932,,,,,,"[0, 16, 2, 58, 47, 0, 4, 36]",0.7136858045535968,-0.0005288996494066,0.375,0.5,1.0,0.0,0.14,0,0,0,100,0,0.0,BEST,False,False,254,True,True,GREEDY,,,GREEDY_HV
BQSHJT[M],13,14,20,14,0.2,True,True,"[10, 45, 45, 31, 57, 61, 6, 55]",[],"[10.363457054150317, 45.569429712088095, 45.37728360368456, 31.463094480570152, 57.30880844609982, 61.48282028473633, 6.834807044403782, 55.96509082265478]","[{'INP': 32}, {'CONV': [64, 3]}, ({'CONV': [32, 5]}, {'CONV': [64, 3]}), ({'CONV': [128, 5]}, {'CONV': [128, 5]}, {'POOLMAX': [-1, 2]}), ({'CONV': [128, 5]}, {'CONV': [128, 5]}), ({'CONV': [64, 5]}, {'CONV': [256, 5]}, {'POOLMAX': [-1, 2]}), ({'CONV': [256, 5]}, {'CONV': [32, 5]}), ({'CONV': [256, 5]}, {'CONV': [128, 5]}, {'POOLMAX': [-1, 2]}), ({'CONV': [32, 3]}, {'CONV': [256, 3]}), ({'CONV': [256, 3]}, {'CONV': [256, 5]}, {'POOLMAX': [-1, 2]}), {'GLOBAL_AVG': None}, {'LAST_DENSE': [100, 'softmax']}]",HHSE,NSGA2,,,,,0.6996072991770472,,,,2584317440,7360932,,,,,,"[0, 16, 2, 58, 47, 0, 4, 36]",0.7136926486855724,-0.0008419719896196,0.375,0.5,1.0,0.0,0.14,0,0,0,100,0,0.0,BEST,False,False,254,True,True,GREEDY,,,GREEDY_HV
BQSHJT[M],13,14,21,14,0.21,True,True,"[10, 45, 45, 31, 57, 61, 6, 55]",[],"[10.363457054150317, 45.569429712088095, 45.37728360368456, 31.463094480570152, 57.30880844609982, 61.48282028473633, 6.834807044403782, 55.96509082265478]","[{'INP': 32}, {'CONV': [64, 3]}, ({'CONV': [32, 5]}, {'CONV': [64, 3]}), ({'CONV': [128, 5]}, {'CONV': [128, 5]}, {'POOLMAX': [-1, 2]}), ({'CONV': [128, 5]}, {'CONV': [128, 5]}), ({'CONV': [64, 5]}, {'CONV': [256, 5]}, {'POOLMAX': [-1, 2]}), ({'CONV': [256, 5]}, {'CONV': [32, 5]}), ({'CONV': [256, 5]}, {'CONV': [128, 5]}, {'POOLMAX': [-1, 2]}), ({'CONV': [32, 3]}, {'CONV': [256, 3]}), ({'CONV': [256, 3]}, {'CONV': [256, 5]}, {'POOLMAX': [-1, 2]}), {'GLOBAL_AVG': None}, {'LAST_DENSE': [100, 'softmax']}]",HHSE,NSGA2,,,,,0.6996072991770472,,,,2584317440,7360932,,,,,,"[0, 16, 2, 58, 47, 0, 4, 36]",0.7136927869731958,-0.0007514728933358,0.375,0.5,1.0,0.0,0.14,0,0,0,100,0,0.0,BEST,False,False,254,True,True,GREEDY,,,GREEDY_HV
BQSHJT[M],13,14,22,14,0.22,True,True,"[10, 45, 45, 31, 57, 61, 6, 55]",[],"[10.363457054150317, 45.569429712088095, 45.37728360368456, 31.463094480570152, 57.30880844609982, 61.48282028473633, 6.834807044403782, 55.96509082265478]","[{'INP': 32}, {'CONV': [64, 3]}, ({'CONV': [32, 5]}, {'CONV': [64, 3]}), ({'CONV': [128, 5]}, {'CONV': [128, 5]}, {'POOLMAX': [-1, 2]}), ({'CONV': [128, 5]}, {'CONV': [128, 5]}), ({'CONV': [64, 5]}, {'CONV': [256, 5]}, {'POOLMAX': [-1, 2]}), ({'CONV': [256, 5]}, {'CONV': [32, 5]}), ({'CONV': [256, 5]}, {'CONV': [128, 5]}, {'POOLMAX': [-1, 2]}), ({'CONV': [32, 3]}, {'CONV': [256, 3]}), ({'CONV': [256, 3]}, {'CONV': [256, 5]}, {'POOLMAX': [-1, 2]}), {'GLOBAL_AVG': None}, {'LAST_DENSE': [100, 'softmax']}]",HHSE,NSGA2,,,,,0.6996072991770472,,,,2584317440,7360932,,,,,,"[0, 16, 2, 58, 47, 0, 4, 36]",0.7172590093506734,-0.0006241290498298,0.375,0.5,1.0,0.0,0.14,0,0,0,100,0,0.0,BEST,False,False,254,True,True,GREEDY,,,GREEDY_HV
BQSHJT[M],13,14,23,14,0.23,True,True,"[10, 45, 45, 31, 57, 61, 6, 55]",[],"[10.363457054150317, 45.569429712088095, 45.37728360368456, 31.463094480570152, 57.30880844609982, 61.48282028473633, 6.834807044403782, 55.96509082265478]","[{'INP': 32}, {'CONV': [64, 3]}, ({'CONV': [32, 5]}, {'CONV': [64, 3]}), ({'CONV': [128, 5]}, {'CONV': [128, 5]}, {'POOLMAX': [-1, 2]}), ({'CONV': [128, 5]}, {'CONV': [128, 5]}), ({'CONV': [64, 5]}, {'CONV': [256, 5]}, {'POOLMAX': [-1, 2]}), ({'CONV': [256, 5]}, {'CONV': [32, 5]}), ({'CONV': [256, 5]}, {'CONV': [128, 5]}, {'POOLMAX': [-1, 2]}), ({'CONV': [32, 3]}, {'CONV': [256, 3]}), ({'CONV': [256, 3]}, {'CONV': [256, 5]}, {'POOLMAX': [-1, 2]}), {'GLOBAL_AVG': None}, {'LAST_DENSE': [100, 'softmax']}]",HHSE,NSGA2,,,,,0.6996072991770472,,,,2584317440,7360932,,,,,,"[0, 16, 2, 58, 47, 0, 4, 36]",0.723412445193172,0.0043001510299016,0.375,0.5,1.0,0.0,0.14,0,1,0,100,0,0.01,BEST,False,False,254,True,True,GREEDY,,,GREEDY_HV
BQSHJT[M],13,14,24,14,0.24,True,True,"[10, 45, 45, 31, 57, 61, 6, 55]",[],"[10.363457054150317, 45.569429712088095, 45.37728360368456, 31.463094480570152, 57.30880844609982, 61.48282028473633, 6.834807044403782, 55.96509082265478]","[{'INP': 32}, {'CONV': [64, 3]}, ({'CONV': [32, 5]}, {'CONV': [64, 3]}), ({'CONV': [128, 5]}, {'CONV': [128, 5]}, {'POOLMAX': [-1, 2]}), ({'CONV': [128, 5]}, {'CONV': [128, 5]}), ({'CONV': [64, 5]}, {'CONV': [256, 5]}, {'POOLMAX': [-1, 2]}), ({'CONV': [256, 5]}, {'CONV': [32, 5]}), ({'CONV': [256, 5]}, {'CONV': [128, 5]}, {'POOLMAX': [-1, 2]}), ({'CONV': [32, 3]}, {'CONV': [256, 3]}), ({'CONV': [256, 3]}, {'CONV': [256, 5]}, {'POOLMAX': [-1, 2]}), {'GLOBAL_AVG': None}, {'LAST_DENSE': [100, 'softmax']}]",HHSE,NSGA2,,,,,0.6996072991770472,,,,2584317440,7360932,,,,,,"[0, 16, 2, 58, 47, 0, 4, 36]",0.7173281166431034,-0.0004736031239599,0.375,0.5,1.0,0.0,0.14,0,0,0,100,0,0.0,BEST,False,False,254,True,True,GREEDY,,,GREEDY_HV
BQSHJT[M],13,14,25,14,0.25,True,True,"[10, 45, 45, 31, 57, 61, 6, 55]",[],"[10.363457054150317, 45.569429712088095, 45.37728360368456, 31.463094480570152, 57.30880844609982, 61.48282028473633, 6.834807044403782, 55.96509082265478]","[{'INP': 32}, {'CONV': [64, 3]}, ({'CONV': [32, 5]}, {'CONV': [64, 3]}), ({'CONV': [128, 5]}, {'CONV': [128, 5]}, {'POOLMAX': [-1, 2]}), ({'CONV': [128, 5]}, {'CONV': [128, 5]}), ({'CONV': [64, 5]}, {'CONV': [256, 5]}, {'POOLMAX': [-1, 2]}), ({'CONV': [256, 5]}, {'CONV': [32, 5]}), ({'CONV': [256, 5]}, {'CONV': [128, 5]}, {'POOLMAX': [-1, 2]}), ({'CONV': [32, 3]}, {'CONV': [256, 3]}), ({'CONV': [256, 3]}, {'CONV': [256, 5]}, {'POOLMAX': [-1, 2]}), {'GLOBAL_AVG': None}, {'LAST_DENSE': [100, 'softmax']}]",HHSE,NSGA2,,,,,0.6996072991770472,,,,2584317440,7360932,,,,,,"[0, 16, 2, 58, 47, 0, 4, 36]",0.7174005021106653,-0.0006722425376902,0.375,0.5,1.0,0.0,0.14,0,1,0,100,0,0.01,BEST,False,False,254,True,True,GREEDY,,,GREEDY_HV
BQSHJT[M],13,14,26,14,0.26,True,True,"[10, 45, 45, 31, 57, 61, 6, 55]",[],"[10.363457054150317, 45.569429712088095, 45.37728360368456, 31.463094480570152, 57.30880844609982, 61.48282028473633, 6.834807044403782, 55.96509082265478]","[{'INP': 32}, {'CONV': [64, 3]}, ({'CONV': [32, 5]}, {'CONV': [64, 3]}), ({'CONV': [128, 5]}, {'CONV': [128, 5]}, {'POOLMAX': [-1, 2]}), ({'CONV': [128, 5]}, {'CONV': [128, 5]}), ({'CONV': [64, 5]}, {'CONV': [256, 5]}, {'POOLMAX': [-1, 2]}), ({'CONV': [256, 5]}, {'CONV': [32, 5]}), ({'CONV': [256, 5]}, {'CONV': [128, 5]}, {'POOLMAX': [-1, 2]}), ({'CONV': [32, 3]}, {'CONV': [256, 3]}), ({'CONV': [256, 3]}, {'CONV': [256, 5]}, {'POOLMAX': [-1, 2]}), {'GLOBAL_AVG': None}, {'LAST_DENSE': [100, 'softmax']}]",HHSE,NSGA2,,,,,0.6996072991770472,,,,2584317440,7360932,,,,,,"[0, 16, 2, 58, 47, 0, 4, 36]",0.7185036275916948,-0.0002922706724771,0.375,0.5,1.0,0.0,0.14,0,0,0,100,0,0.0,BEST,False,False,254,True,True,GREEDY,,,GREEDY_HV
BQSHJT[M],13,14,27,14,0.27,True,True,"[10, 45, 45, 31, 57, 61, 6, 55]",[],"[10.363457054150317, 45.569429712088095, 45.37728360368456, 31.463094480570152, 57.30880844609982, 61.48282028473633, 6.834807044403782, 55.96509082265478]","[{'INP': 32}, {'CONV': [64, 3]}, ({'CONV': [32, 5]}, {'CONV': [64, 3]}), ({'CONV': [128, 5]}, {'CONV': [128, 5]}, {'POOLMAX': [-1, 2]}), ({'CONV': [128, 5]}, {'CONV': [128, 5]}), ({'CONV': [64, 5]}, {'CONV': [256, 5]}, {'POOLMAX': [-1, 2]}), ({'CONV': [256, 5]}, {'CONV': [32, 5]}), ({'CONV': [256, 5]}, {'CONV': [128, 5]}, {'POOLMAX': [-1, 2]}), ({'CONV': [32, 3]}, {'CONV': [256, 3]}), ({'CONV': [256, 3]}, {'CONV': [256, 5]}, {'POOLMAX': [-1, 2]}), {'GLOBAL_AVG': None}, {'LAST_DENSE': [100, 'softmax']}]",HHSE,NSGA2,,,,,0.6996072991770472,,,,2584317440,7360932,,,,,,"[0, 16, 2, 58, 47, 0, 4, 36]",0.7181451541163776,-4.9502129539358286e-05,0.375,0.5,1.0,0.0,0.14,0,0,0,100,0,0.0,BEST,False,False,254,True,True,GREEDY,,,GREEDY_HV
BQSHJT[M],13,14,28,14,0.28,True,True,"[10, 45, 45, 31, 57, 61, 6, 55]",[],"[10.363457054150317, 45.569429712088095, 45.37728360368456, 31.463094480570152, 57.30880844609982, 61.48282028473633, 6.834807044403782, 55.96509082265478]","[{'INP': 32}, {'CONV': [64, 3]}, ({'CONV': [32, 5]}, {'CONV': [64, 3]}), ({'CONV': [128, 5]}, {'CONV': [128, 5]}, {'POOLMAX': [-1, 2]}), ({'CONV': [128, 5]}, {'CONV': [128, 5]}), ({'CONV': [64, 5]}, {'CONV': [256, 5]}, {'POOLMAX': [-1, 2]}), ({'CONV': [256, 5]}, {'CONV': [32, 5]}), ({'CONV': [256, 5]}, {'CONV': [128, 5]}, {'POOLMAX': [-1, 2]}), ({'CONV': [32, 3]}, {'CONV': [256, 3]}), ({'CONV': [256, 3]}, {'CONV': [256, 5]}, {'POOLMAX': [-1, 2]}), {'GLOBAL_AVG': None}, {'LAST_DENSE': [100, 'softmax']}]",HHSE,NSGA2,,,,,0.6996072991770472,,,,2584317440,7360932,,,,,,"[0, 16, 2, 58, 47, 0, 4, 36]",0.7181707153348628,-0.0011100822634967,0.375,0.5,1.0,0.0,0.14,0,0,0,100,0,0.0,BEST,False,False,254,True,True,GREEDY,,,GREEDY_HV
BQSHJT[M],13,14,29,14,0.29,True,True,"[10, 45, 45, 31, 57, 61, 6, 55]",[],"[10.363457054150317, 45.569429712088095, 45.37728360368456, 31.463094480570152, 57.30880844609982, 61.48282028473633, 6.834807044403782, 55.96509082265478]","[{'INP': 32}, {'CONV': [64, 3]}, ({'CONV': [32, 5]}, {'CONV': [64, 3]}), ({'CONV': [128, 5]}, {'CONV': [128, 5]}, {'POOLMAX': [-1, 2]}), ({'CONV': [128, 5]}, {'CONV': [128, 5]}), ({'CONV': [64, 5]}, {'CONV': [256, 5]}, {'POOLMAX': [-1, 2]}), ({'CONV': [256, 5]}, {'CONV': [32, 5]}), ({'CONV': [256, 5]}, {'CONV': [128, 5]}, {'POOLMAX': [-1, 2]}), ({'CONV': [32, 3]}, {'CONV': [256, 3]}), ({'CONV': [256, 3]}, {'CONV': [256, 5]}, {'POOLMAX': [-1, 2]}), {'GLOBAL_AVG': None}, {'LAST_DENSE': [100, 'softmax']}]",HHSE,NSGA2,,,,,0.6996072991770472,,,,2584317440,7360932,,,,,,"[0, 16, 2, 58, 47, 0, 4, 36]",0.7182580665047853,-0.0002095029285911,0.375,0.5,1.0,0.0,0.14,0,0,0,100,0,0.0,BEST,False,False,254,True,True,GREEDY,,,GREEDY_HV
BQSHJT[M],13,14,30,14,0.3,True,True,"[10, 45, 45, 31, 57, 61, 6, 55]",[],"[10.363457054150317, 45.569429712088095, 45.37728360368456, 31.463094480570152, 57.30880844609982, 61.48282028473633, 6.834807044403782, 55.96509082265478]","[{'INP': 32}, {'CONV': [64, 3]}, ({'CONV': [32, 5]}, {'CONV': [64, 3]}), ({'CONV': [128, 5]}, {'CONV': [128, 5]}, {'POOLMAX': [-1, 2]}), ({'CONV': [128, 5]}, {'CONV': [128, 5]}), ({'CONV': [64, 5]}, {'CONV': [256, 5]}, {'POOLMAX': [-1, 2]}), ({'CONV': [256, 5]}, {'CONV': [32, 5]}), ({'CONV': [256, 5]}, {'CONV': [128, 5]}, {'POOLMAX': [-1, 2]}), ({'CONV': [32, 3]}, {'CONV': [256, 3]}), ({'CONV': [256, 3]}, {'CONV': [256, 5]}, {'POOLMAX': [-1, 2]}), {'GLOBAL_AVG': None}, {'LAST_DENSE': [100, 'softmax']}]",HHSE,NSGA2,,,,,0.6996072991770472,,,,2584317440,7360932,,,,,,"[0, 16, 2, 58, 47, 0, 4, 36]",0.7184368900590574,-0.0024119828987788,0.375,0.5,1.0,0.0,0.14,0,0,0,100,0,0.0,BEST,False,False,254,True,True,GREEDY,,,GREEDY_HV
BQSHJT[M],13,14,31,14,0.31,True,True,"[10, 45, 45, 31, 57, 61, 6, 55]",[],"[10.363457054150317, 45.569429712088095, 45.37728360368456, 31.463094480570152, 57.30880844609982, 61.48282028473633, 6.834807044403782, 55.96509082265478]","[{'INP': 32}, {'CONV': [64, 3]}, ({'CONV': [32, 5]}, {'CONV': [64, 3]}), ({'CONV': [128, 5]}, {'CONV': [128, 5]}, {'POOLMAX': [-1, 2]}), ({'CONV': [128, 5]}, {'CONV': [128, 5]}), ({'CONV': [64, 5]}, {'CONV': [256, 5]}, {'POOLMAX': [-1, 2]}), ({'CONV': [256, 5]}, {'CONV': [32, 5]}), ({'CONV': [256, 5]}, {'CONV': [128, 5]}, {'POOLMAX': [-1, 2]}), ({'CONV': [32, 3]}, {'CONV': [256, 3]}), ({'CONV': [256, 3]}, {'CONV': [256, 5]}, {'POOLMAX': [-1, 2]}), {'GLOBAL_AVG': None}, {'LAST_DENSE': [100, 'softmax']}]",HHSE,NSGA2,,,,,0.6996072991770472,,,,2584317440,7360932,,,,,,"[0, 16, 2, 58, 47, 0, 4, 36]",0.7184371568899235,-4.850056232230671e-05,0.375,0.5,1.0,0.0,0.14,0,0,0,100,0,0.0,BEST,False,False,254,True,True,GREEDY,,,GREEDY_HV
BQSHJT[M],13,14,32,14,0.32,True,True,"[10, 45, 45, 31, 57, 61, 6, 55]",[],"[10.363457054150317, 45.569429712088095, 45.37728360368456, 31.463094480570152, 57.30880844609982, 61.48282028473633, 6.834807044403782, 55.96509082265478]","[{'INP': 32}, {'CONV': [64, 3]}, ({'CONV': [32, 5]}, {'CONV': [64, 3]}), ({'CONV': [128, 5]}, {'CONV': [128, 5]}, {'POOLMAX': [-1, 2]}), ({'CONV': [128, 5]}, {'CONV': [128, 5]}), ({'CONV': [64, 5]}, {'CONV': [256, 5]}, {'POOLMAX': [-1, 2]}), ({'CONV': [256, 5]}, {'CONV': [32, 5]}), ({'CONV': [256, 5]}, {'CONV': [128, 5]}, {'POOLMAX': [-1, 2]}), ({'CONV': [32, 3]}, {'CONV': [256, 3]}), ({'CONV': [256, 3]}, {'CONV': [256, 5]}, {'POOLMAX': [-1, 2]}), {'GLOBAL_AVG': None}, {'LAST_DENSE': [100, 'softmax']}]",HHSE,NSGA2,,,,,0.6996072991770472,,,,2584317440,7360932,,,,,,"[0, 16, 2, 58, 47, 0, 4, 36]",0.7184281195848451,-0.0035029137602432,0.375,0.5,1.0,0.0,0.14,0,0,0,100,0,0.0,BEST,False,False,254,True,True,GREEDY,,,GREEDY_HV
BQSHJT[M],13,14,33,14,0.33,True,True,"[10, 45, 45, 31, 57, 61, 6, 55]",[],"[10.363457054150317, 45.569429712088095, 45.37728360368456, 31.463094480570152, 57.30880844609982, 61.48282028473633, 6.834807044403782, 55.96509082265478]","[{'INP': 32}, {'CONV': [64, 3]}, ({'CONV': [32, 5]}, {'CONV': [64, 3]}), ({'CONV': [128, 5]}, {'CONV': [128, 5]}, {'POOLMAX': [-1, 2]}), ({'CONV': [128, 5]}, {'CONV': [128, 5]}), ({'CONV': [64, 5]}, {'CONV': [256, 5]}, {'POOLMAX': [-1, 2]}), ({'CONV': [256, 5]}, {'CONV': [32, 5]}), ({'CONV': [256, 5]}, {'CONV': [128, 5]}, {'POOLMAX': [-1, 2]}), ({'CONV': [32, 3]}, {'CONV': [256, 3]}), ({'CONV': [256, 3]}, {'CONV': [256, 5]}, {'POOLMAX': [-1, 2]}), {'GLOBAL_AVG': None}, {'LAST_DENSE': [100, 'softmax']}]",HHSE,NSGA2,,,,,0.6996072991770472,,,,2584317440,7360932,,,,,,"[0, 16, 2, 58, 47, 0, 4, 36]",0.718458302207704,-0.0003123342325196,0.375,0.5,1.0,0.0,0.14,0,1,0,100,0,0.01,BEST,False,False,254,True,True,GREEDY,,,GREEDY_HV
BQSHJT[M],13,14,34,14,0.34,True,True,"[10, 45, 45, 31, 57, 61, 6, 55]",[],"[10.363457054150317, 45.569429712088095, 45.37728360368456, 31.463094480570152, 57.30880844609982, 61.48282028473633, 6.834807044403782, 55.96509082265478]","[{'INP': 32}, {'CONV': [64, 3]}, ({'CONV': [32, 5]}, {'CONV': [64, 3]}), ({'CONV': [128, 5]}, {'CONV': [128, 5]}, {'POOLMAX': [-1, 2]}), ({'CONV': [128, 5]}, {'CONV': [128, 5]}), ({'CONV': [64, 5]}, {'CONV': [256, 5]}, {'POOLMAX': [-1, 2]}), ({'CONV': [256, 5]}, {'CONV': [32, 5]}), ({'CONV': [256, 5]}, {'CONV': [128, 5]}, {'POOLMAX': [-1, 2]}), ({'CONV': [32, 3]}, {'CONV': [256, 3]}), ({'CONV': [256, 3]}, {'CONV': [256, 5]}, {'POOLMAX': [-1, 2]}), {'GLOBAL_AVG': None}, {'LAST_DENSE': [100, 'softmax']}]",HHSE,NSGA2,,,,,0.6996072991770472,,,,2584317440,7360932,,,,,,"[0, 16, 2, 58, 47, 0, 4, 36]",0.7184605424531261,-0.0013637884618072,0.375,0.5,1.0,0.0,0.14,0,0,0,100,0,0.0,BEST,False,False,254,True,True,GREEDY,,,GREEDY_HV
BQSHJT[M],13,14,35,14,0.35,True,True,"[10, 45, 45, 31, 57, 61, 6, 55]",[],"[10.363457054150317, 45.569429712088095, 45.37728360368456, 31.463094480570152, 57.30880844609982, 61.48282028473633, 6.834807044403782, 55.96509082265478]","[{'INP': 32}, {'CONV': [64, 3]}, ({'CONV': [32, 5]}, {'CONV': [64, 3]}), ({'CONV': [128, 5]}, {'CONV': [128, 5]}, {'POOLMAX': [-1, 2]}), ({'CONV': [128, 5]}, {'CONV': [128, 5]}), ({'CONV': [64, 5]}, {'CONV': [256, 5]}, {'POOLMAX': [-1, 2]}), ({'CONV': [256, 5]}, {'CONV': [32, 5]}), ({'CONV': [256, 5]}, {'CONV': [128, 5]}, {'POOLMAX': [-1, 2]}), ({'CONV': [32, 3]}, {'CONV': [256, 3]}), ({'CONV': [256, 3]}, {'CONV': [256, 5]}, {'POOLMAX': [-1, 2]}), {'GLOBAL_AVG': None}, {'LAST_DENSE': [100, 'softmax']}]",HHSE,NSGA2,,,,,0.6996072991770472,,,,2584317440,7360932,,,,,,"[0, 16, 2, 58, 47, 0, 4, 36]",0.7186644036282823,-0.0011991209743015,0.375,0.5,1.0,0.0,0.14,0,1,0,100,0,0.01,BEST,False,False,254,True,True,GREEDY,,,GREEDY_HV
BQSHJT[M],13,14,36,14,0.36,True,True,"[10, 45, 45, 31, 57, 61, 6, 55]",[],"[10.363457054150317, 45.569429712088095, 45.37728360368456, 31.463094480570152, 57.30880844609982, 61.48282028473633, 6.834807044403782, 55.96509082265478]","[{'INP': 32}, {'CONV': [64, 3]}, ({'CONV': [32, 5]}, {'CONV': [64, 3]}), ({'CONV': [128, 5]}, {'CONV': [128, 5]}, {'POOLMAX': [-1, 2]}), ({'CONV': [128, 5]}, {'CONV': [128, 5]}), ({'CONV': [64, 5]}, {'CONV': [256, 5]}, {'POOLMAX': [-1, 2]}), ({'CONV': [256, 5]}, {'CONV': [32, 5]}), ({'CONV': [256, 5]}, {'CONV': [128, 5]}, {'POOLMAX': [-1, 2]}), ({'CONV': [32, 3]}, {'CONV': [256, 3]}), ({'CONV': [256, 3]}, {'CONV': [256, 5]}, {'POOLMAX': [-1, 2]}), {'GLOBAL_AVG': None}, {'LAST_DENSE': [100, 'softmax']}]",HHSE,NSGA2,,,,,0.6996072991770472,,,,2584317440,7360932,,,,,,"[0, 16, 2, 58, 47, 0, 4, 36]",0.7185320770773158,-0.0001692124026984,0.375,0.5,1.0,0.0,0.14,0,0,0,100,0,0.0,BEST,False,False,254,True,True,GREEDY,,,GREEDY_HV
BQSHJT[M],13,14,37,14,0.37,True,True,"[10, 45, 45, 31, 57, 61, 6, 55]",[],"[10.363457054150317, 45.569429712088095, 45.37728360368456, 31.463094480570152, 57.30880844609982, 61.48282028473633, 6.834807044403782, 55.96509082265478]","[{'INP': 32}, {'CONV': [64, 3]}, ({'CONV': [32, 5]}, {'CONV': [64, 3]}), ({'CONV': [128, 5]}, {'CONV': [128, 5]}, {'POOLMAX': [-1, 2]}), ({'CONV': [128, 5]}, {'CONV': [128, 5]}), ({'CONV': [64, 5]}, {'CONV': [256, 5]}, {'POOLMAX': [-1, 2]}), ({'CONV': [256, 5]}, {'CONV': [32, 5]}), ({'CONV': [256, 5]}, {'CONV': [128, 5]}, {'POOLMAX': [-1, 2]}), ({'CONV': [32, 3]}, {'CONV': [256, 3]}), ({'CONV': [256, 3]}, {'CONV': [256, 5]}, {'POOLMAX': [-1, 2]}), {'GLOBAL_AVG': None}, {'LAST_DENSE': [100, 'softmax']}]",HHSE,NSGA2,,,,,0.6996072991770472,,,,2584317440,7360932,,,,,,"[0, 16, 2, 58, 47, 0, 4, 36]",0.7185340338428415,-0.0033752013538604,0.375,0.5,1.0,0.0,0.14,0,0,0,100,0,0.0,BEST,False,False,254,True,True,GREEDY,,,GREEDY_HV
BQSHJT[M],13,14,38,14,0.38,True,True,"[10, 45, 45, 31, 57, 61, 6, 55]",[],"[10.363457054150317, 45.569429712088095, 45.37728360368456, 31.463094480570152, 57.30880844609982, 61.48282028473633, 6.834807044403782, 55.96509082265478]","[{'INP': 32}, {'CONV': [64, 3]}, ({'CONV': [32, 5]}, {'CONV': [64, 3]}), ({'CONV': [128, 5]}, {'CONV': [128, 5]}, {'POOLMAX': [-1, 2]}), ({'CONV': [128, 5]}, {'CONV': [128, 5]}), ({'CONV': [64, 5]}, {'CONV': [256, 5]}, {'POOLMAX': [-1, 2]}), ({'CONV': [256, 5]}, {'CONV': [32, 5]}), ({'CONV': [256, 5]}, {'CONV': [128, 5]}, {'POOLMAX': [-1, 2]}), ({'CONV': [32, 3]}, {'CONV': [256, 3]}), ({'CONV': [256, 3]}, {'CONV': [256, 5]}, {'POOLMAX': [-1, 2]}), {'GLOBAL_AVG': None}, {'LAST_DENSE': [100, 'softmax']}]",HHSE,NSGA2,,,,,0.6996072991770472,,,,2584317440,7360932,,,,,,"[0, 16, 2, 58, 47, 0, 4, 36]",0.718592519333721,-0.0002038997318463,0.375,0.5,1.0,0.0,0.14,0,0,0,100,0,0.0,BEST,False,False,254,True,True,GREEDY,,,GREEDY_HV
BQSHJT[M],13,14,39,14,0.39,True,True,"[10, 45, 45, 31, 57, 61, 6, 55]",[],"[10.363457054150317, 45.569429712088095, 45.37728360368456, 31.463094480570152, 57.30880844609982, 61.48282028473633, 6.834807044403782, 55.96509082265478]","[{'INP': 32}, {'CONV': [64, 3]}, ({'CONV': [32, 5]}, {'CONV': [64, 3]}), ({'CONV': [128, 5]}, {'CONV': [128, 5]}, {'POOLMAX': [-1, 2]}), ({'CONV': [128, 5]}, {'CONV': [128, 5]}), ({'CONV': [64, 5]}, {'CONV': [256, 5]}, {'POOLMAX': [-1, 2]}), ({'CONV': [256, 5]}, {'CONV': [32, 5]}), ({'CONV': [256, 5]}, {'CONV': [128, 5]}, {'POOLMAX': [-1, 2]}), ({'CONV': [32, 3]}, {'CONV': [256, 3]}), ({'CONV': [256, 3]}, {'CONV': [256, 5]}, {'POOLMAX': [-1, 2]}), {'GLOBAL_AVG': None}, {'LAST_DENSE': [100, 'softmax']}]",HHSE,NSGA2,,,,,0.6996072991770472,,,,2584317440,7360932,,,,,,"[0, 16, 2, 58, 47, 0, 4, 36]",0.7187838586615091,-0.000361092930461,0.375,0.5,1.0,0.0,0.14,0,1,0,100,0,0.01,BEST,False,False,254,True,True,GREEDY,,,GREEDY_HV
BQSHJT[M],13,14,40,14,0.4,True,True,"[10, 45, 45, 31, 57, 61, 6, 55]",[],"[10.363457054150317, 45.569429712088095, 45.37728360368456, 31.463094480570152, 57.30880844609982, 61.48282028473633, 6.834807044403782, 55.96509082265478]","[{'INP': 32}, {'CONV': [64, 3]}, ({'CONV': [32, 5]}, {'CONV': [64, 3]}), ({'CONV': [128, 5]}, {'CONV': [128, 5]}, {'POOLMAX': [-1, 2]}), ({'CONV': [128, 5]}, {'CONV': [128, 5]}), ({'CONV': [64, 5]}, {'CONV': [256, 5]}, {'POOLMAX': [-1, 2]}), ({'CONV': [256, 5]}, {'CONV': [32, 5]}), ({'CONV': [256, 5]}, {'CONV': [128, 5]}, {'POOLMAX': [-1, 2]}), ({'CONV': [32, 3]}, {'CONV': [256, 3]}), ({'CONV': [256, 3]}, {'CONV': [256, 5]}, {'POOLMAX': [-1, 2]}), {'GLOBAL_AVG': None}, {'LAST_DENSE': [100, 'softmax']}]",HHSE,NSGA2,,,,,0.6996072991770472,,,,2584317440,7360932,,,,,,"[0, 16, 2, 58, 47, 0, 4, 36]",0.718736662952251,-9.031215214827526e-05,0.375,0.5,1.0,0.0,0.14,0,0,0,100,0,0.0,BEST,False,False,254,True,True,GREEDY,,,GREEDY_HV
BQSHJT[M],13,14,41,14,0.41,True,True,"[10, 45, 45, 31, 57, 61, 6, 55]",[],"[10.363457054150317, 45.569429712088095, 45.37728360368456, 31.463094480570152, 57.30880844609982, 61.48282028473633, 6.834807044403782, 55.96509082265478]","[{'INP': 32}, {'CONV': [64, 3]}, ({'CONV': [32, 5]}, {'CONV': [64, 3]}), ({'CONV': [128, 5]}, {'CONV': [128, 5]}, {'POOLMAX': [-1, 2]}), ({'CONV': [128, 5]}, {'CONV': [128, 5]}), ({'CONV': [64, 5]}, {'CONV': [256, 5]}, {'POOLMAX': [-1, 2]}), ({'CONV': [256, 5]}, {'CONV': [32, 5]}), ({'CONV': [256, 5]}, {'CONV': [128, 5]}, {'POOLMAX': [-1, 2]}), ({'CONV': [32, 3]}, {'CONV': [256, 3]}), ({'CONV': [256, 3]}, {'CONV': [256, 5]}, {'POOLMAX': [-1, 2]}), {'GLOBAL_AVG': None}, {'LAST_DENSE': [100, 'softmax']}]",HHSE,NSGA2,,,,,0.6996072991770472,,,,2584317440,7360932,,,,,,"[0, 16, 2, 58, 47, 0, 4, 36]",0.718758298350211,-0.0001480090691198,0.375,0.5,1.0,0.0,0.14,0,0,0,100,0,0.0,BEST,False,False,254,True,True,GREEDY,,,GREEDY_HV
BQSHJT[M],13,14,42,14,0.42,True,True,"[10, 45, 45, 31, 57, 61, 6, 55]",[],"[10.363457054150317, 45.569429712088095, 45.37728360368456, 31.463094480570152, 57.30880844609982, 61.48282028473633, 6.834807044403782, 55.96509082265478]","[{'INP': 32}, {'CONV': [64, 3]}, ({'CONV': [32, 5]}, {'CONV': [64, 3]}), ({'CONV': [128, 5]}, {'CONV': [128, 5]}, {'POOLMAX': [-1, 2]}), ({'CONV': [128, 5]}, {'CONV': [128, 5]}), ({'CONV': [64, 5]}, {'CONV': [256, 5]}, {'POOLMAX': [-1, 2]}), ({'CONV': [256, 5]}, {'CONV': [32, 5]}), ({'CONV': [256, 5]}, {'CONV': [128, 5]}, {'POOLMAX': [-1, 2]}), ({'CONV': [32, 3]}, {'CONV': [256, 3]}), ({'CONV': [256, 3]}, {'CONV': [256, 5]}, {'POOLMAX': [-1, 2]}), {'GLOBAL_AVG': None}, {'LAST_DENSE': [100, 'softmax']}]",HHSE,NSGA2,,,,,0.6996072991770472,,,,2584317440,7360932,,,,,,"[0, 16, 2, 58, 47, 0, 4, 36]",0.7187822151024761,-9.944241286197196e-05,0.375,0.5,1.0,0.0,0.14,0,0,0,100,0,0.0,BEST,False,False,254,True,True,GREEDY,,,GREEDY_HV
BQSHJT[M],13,14,43,14,0.43,True,True,"[10, 45, 45, 31, 57, 61, 6, 55]",[],"[10.363457054150317, 45.569429712088095, 45.37728360368456, 31.463094480570152, 57.30880844609982, 61.48282028473633, 6.834807044403782, 55.96509082265478]","[{'INP': 32}, {'CONV': [64, 3]}, ({'CONV': [32, 5]}, {'CONV': [64, 3]}), ({'CONV': [128, 5]}, {'CONV': [128, 5]}, {'POOLMAX': [-1, 2]}), ({'CONV': [128, 5]}, {'CONV': [128, 5]}), ({'CONV': [64, 5]}, {'CONV': [256, 5]}, {'POOLMAX': [-1, 2]}), ({'CONV': [256, 5]}, {'CONV': [32, 5]}), ({'CONV': [256, 5]}, {'CONV': [128, 5]}, {'POOLMAX': [-1, 2]}), ({'CONV': [32, 3]}, {'CONV': [256, 3]}), ({'CONV': [256, 3]}, {'CONV': [256, 5]}, {'POOLMAX': [-1, 2]}), {'GLOBAL_AVG': None}, {'LAST_DENSE': [100, 'softmax']}]",HHSE,NSGA2,,,,,0.6996072991770472,,,,2584317440,7360932,,,,,,"[0, 16, 2, 58, 47, 0, 4, 36]",0.7189305845637955,-0.0032066230309993,0.375,0.5,1.0,0.0,0.14,0,0,0,100,0,0.0,BEST,False,False,254,True,True,GREEDY,,,GREEDY_HV
BQSHJT[M],13,14,44,14,0.44,True,True,"[10, 45, 45, 31, 57, 61, 6, 55]",[],"[10.363457054150317, 45.569429712088095, 45.37728360368456, 31.463094480570152, 57.30880844609982, 61.48282028473633, 6.834807044403782, 55.96509082265478]","[{'INP': 32}, {'CONV': [64, 3]}, ({'CONV': [32, 5]}, {'CONV': [64, 3]}), ({'CONV': [128, 5]}, {'CONV': [128, 5]}, {'POOLMAX': [-1, 2]}), ({'CONV': [128, 5]}, {'CONV': [128, 5]}), ({'CONV': [64, 5]}, {'CONV': [256, 5]}, {'POOLMAX': [-1, 2]}), ({'CONV': [256, 5]}, {'CONV': [32, 5]}), ({'CONV': [256, 5]}, {'CONV': [128, 5]}, {'POOLMAX': [-1, 2]}), ({'CONV': [32, 3]}, {'CONV': [256, 3]}), ({'CONV': [256, 3]}, {'CONV': [256, 5]}, {'POOLMAX': [-1, 2]}), {'GLOBAL_AVG': None}, {'LAST_DENSE': [100, 'softmax']}]",HHSE,NSGA2,,,,,0.6996072991770472,,,,2584317440,7360932,,,,,,"[0, 16, 2, 58, 47, 0, 4, 36]",0.718872876953304,-6.90810032751843e-05,0.375,0.5,1.0,0.0,0.14,0,0,0,100,0,0.0,BEST,False,False,254,True,True,GREEDY,,,GREEDY_HV
BQSHJT[M],13,14,45,14,0.45,True,True,"[10, 45, 45, 31, 57, 61, 6, 55]",[],"[10.363457054150317, 45.569429712088095, 45.37728360368456, 31.463094480570152, 57.30880844609982, 61.48282028473633, 6.834807044403782, 55.96509082265478]","[{'INP': 32}, {'CONV': [64, 3]}, ({'CONV': [32, 5]}, {'CONV': [64, 3]}), ({'CONV': [128, 5]}, {'CONV': [128, 5]}, {'POOLMAX': [-1, 2]}), ({'CONV': [128, 5]}, {'CONV': [128, 5]}), ({'CONV': [64, 5]}, {'CONV': [256, 5]}, {'POOLMAX': [-1, 2]}), ({'CONV': [256, 5]}, {'CONV': [32, 5]}), ({'CONV': [256, 5]}, {'CONV': [128, 5]}, {'POOLMAX': [-1, 2]}), ({'CONV': [32, 3]}, {'CONV': [256, 3]}), ({'CONV': [256, 3]}, {'CONV': [256, 5]}, {'POOLMAX': [-1, 2]}), {'GLOBAL_AVG': None}, {'LAST_DENSE': [100, 'softmax']}]",HHSE,NSGA2,,,,,0.6996072991770472,,,,2584317440,7360932,,,,,,"[0, 16, 2, 58, 47, 0, 4, 36]",0.7189505425823135,-0.0003252284721609,0.375,0.5,1.0,0.0,0.14,0,1,0,100,0,0.01,BEST,False,False,254,True,True,GREEDY,,,GREEDY_HV
BQSHJT[M],13,14,46,14,0.46,True,True,"[10, 45, 45, 31, 57, 61, 6, 55]",[],"[10.363457054150317, 45.569429712088095, 45.37728360368456, 31.463094480570152, 57.30880844609982, 61.48282028473633, 6.834807044403782, 55.96509082265478]","[{'INP': 32}, {'CONV': [64, 3]}, ({'CONV': [32, 5]}, {'CONV': [64, 3]}), ({'CONV': [128, 5]}, {'CONV': [128, 5]}, {'POOLMAX': [-1, 2]}), ({'CONV': [128, 5]}, {'CONV': [128, 5]}), ({'CONV': [64, 5]}, {'CONV': [256, 5]}, {'POOLMAX': [-1, 2]}), ({'CONV': [256, 5]}, {'CONV': [32, 5]}), ({'CONV': [256, 5]}, {'CONV': [128, 5]}, {'POOLMAX': [-1, 2]}), ({'CONV': [32, 3]}, {'CONV': [256, 3]}), ({'CONV': [256, 3]}, {'CONV': [256, 5]}, {'POOLMAX': [-1, 2]}), {'GLOBAL_AVG': None}, {'LAST_DENSE': [100, 'softmax']}]",HHSE,NSGA2,,,,,0.6996072991770472,,,,2584317440,7360932,,,,,,"[0, 16, 2, 58, 47, 0, 4, 36]",0.7188781798155559,-0.0023179533459725,0.375,0.5,1.0,0.0,0.14,0,0,0,100,0,0.0,BEST,False,False,254,True,True,GREEDY,,,GREEDY_HV
BQSHJT[M],13,14,47,14,0.47,True,True,"[10, 45, 45, 31, 57, 61, 6, 55]",[],"[10.363457054150317, 45.569429712088095, 45.37728360368456, 31.463094480570152, 57.30880844609982, 61.48282028473633, 6.834807044403782, 55.96509082265478]","[{'INP': 32}, {'CONV': [64, 3]}, ({'CONV': [32, 5]}, {'CONV': [64, 3]}), ({'CONV': [128, 5]}, {'CONV': [128, 5]}, {'POOLMAX': [-1, 2]}), ({'CONV': [128, 5]}, {'CONV': [128, 5]}), ({'CONV': [64, 5]}, {'CONV': [256, 5]}, {'POOLMAX': [-1, 2]}), ({'CONV': [256, 5]}, {'CONV': [32, 5]}), ({'CONV': [256, 5]}, {'CONV': [128, 5]}, {'POOLMAX': [-1, 2]}), ({'CONV': [32, 3]}, {'CONV': [256, 3]}), ({'CONV': [256, 3]}, {'CONV': [256, 5]}, {'POOLMAX': [-1, 2]}), {'GLOBAL_AVG': None}, {'LAST_DENSE': [100, 'softmax']}]",HHSE,NSGA2,,,,,0.6996072991770472,,,,2584317440,7360932,,,,,,"[0, 16, 2, 58, 47, 0, 4, 36]",0.7188837590281754,-0.0004026607775113,0.375,0.5,1.0,0.0,0.14,0,0,0,100,0,0.0,BEST,False,False,254,True,True,GREEDY,,,GREEDY_HV
BQSHJT[M],13,14,48,14,0.48,True,True,"[10, 45, 45, 31, 57, 61, 6, 55]",[],"[10.363457054150317, 45.569429712088095, 45.37728360368456, 31.463094480570152, 57.30880844609982, 61.48282028473633, 6.834807044403782, 55.96509082265478]","[{'INP': 32}, {'CONV': [64, 3]}, ({'CONV': [32, 5]}, {'CONV': [64, 3]}), ({'CONV': [128, 5]}, {'CONV': [128, 5]}, {'POOLMAX': [-1, 2]}), ({'CONV': [128, 5]}, {'CONV': [128, 5]}), ({'CONV': [64, 5]}, {'CONV': [256, 5]}, {'POOLMAX': [-1, 2]}), ({'CONV': [256, 5]}, {'CONV': [32, 5]}), ({'CONV': [256, 5]}, {'CONV': [128, 5]}, {'POOLMAX': [-1, 2]}), ({'CONV': [32, 3]}, {'CONV': [256, 3]}), ({'CONV': [256, 3]}, {'CONV': [256, 5]}, {'POOLMAX': [-1, 2]}), {'GLOBAL_AVG': None}, {'LAST_DENSE': [100, 'softmax']}]",HHSE,NSGA2,,,,,0.6996072991770472,,,,2584317440,7360932,,,,,,"[0, 16, 2, 58, 47, 0, 4, 36]",0.7188826591107091,-0.0003503029339206,0.375,0.5,1.0,0.0,0.14,0,0,0,100,0,0.0,BEST,False,False,254,True,True,GREEDY,,,GREEDY_HV
BQSHJT[M],13,14,49,14,0.49,True,True,"[10, 45, 45, 31, 57, 61, 6, 55]",[],"[10.363457054150317, 45.569429712088095, 45.37728360368456, 31.463094480570152, 57.30880844609982, 61.48282028473633, 6.834807044403782, 55.96509082265478]","[{'INP': 32}, {'CONV': [64, 3]}, ({'CONV': [32, 5]}, {'CONV': [64, 3]}), ({'CONV': [128, 5]}, {'CONV': [128, 5]}, {'POOLMAX': [-1, 2]}), ({'CONV': [128, 5]}, {'CONV': [128, 5]}), ({'CONV': [64, 5]}, {'CONV': [256, 5]}, {'POOLMAX': [-1, 2]}), ({'CONV': [256, 5]}, {'CONV': [32, 5]}), ({'CONV': [256, 5]}, {'CONV': [128, 5]}, {'POOLMAX': [-1, 2]}), ({'CONV': [32, 3]}, {'CONV': [256, 3]}), ({'CONV': [256, 3]}, {'CONV': [256, 5]}, {'POOLMAX': [-1, 2]}), {'GLOBAL_AVG': None}, {'LAST_DENSE': [100, 'softmax']}]",HHSE,NSGA2,,,,,0.6996072991770472,,,,2584317440,7360932,,,,,,"[0, 16, 2, 58, 47, 0, 4, 36]",0.719000946271777,-0.0002452268594503,0.375,0.5,1.0,0.0,0.14,0,0,0,100,0,0.0,BEST,False,False,254,True,True,GREEDY,,,GREEDY_HV
BQSHJT[M],13,14,50,14,0.5,True,True,"[10, 45, 45, 31, 57, 61, 6, 55]",[],"[10.363457054150317, 45.569429712088095, 45.37728360368456, 31.463094480570152, 57.30880844609982, 61.48282028473633, 6.834807044403782, 55.96509082265478]","[{'INP': 32}, {'CONV': [64, 3]}, ({'CONV': [32, 5]}, {'CONV': [64, 3]}), ({'CONV': [128, 5]}, {'CONV': [128, 5]}, {'POOLMAX': [-1, 2]}), ({'CONV': [128, 5]}, {'CONV': [128, 5]}), ({'CONV': [64, 5]}, {'CONV': [256, 5]}, {'POOLMAX': [-1, 2]}), ({'CONV': [256, 5]}, {'CONV': [32, 5]}), ({'CONV': [256, 5]}, {'CONV': [128, 5]}, {'POOLMAX': [-1, 2]}), ({'CONV': [32, 3]}, {'CONV': [256, 3]}), ({'CONV': [256, 3]}, {'CONV': [256, 5]}, {'POOLMAX': [-1, 2]}), {'GLOBAL_AVG': None}, {'LAST_DENSE': [100, 'softmax']}]",HHSE,NSGA2,,,,,0.6996072991770472,,,,2584317440,7360932,,,,,,"[0, 16, 2, 58, 47, 0, 4, 36]",0.7190074785674827,-0.0053573873204654,0.375,0.5,1.0,0.0,0.14,0,0,0,100,0,0.0,BEST,False,False,254,True,True,GREEDY,,,GREEDY_HV
BQSHJT[M],13,14,51,14,0.51,True,True,"[10, 45, 45, 31, 57, 61, 6, 55]",[],"[10.363457054150317, 45.569429712088095, 45.37728360368456, 31.463094480570152, 57.30880844609982, 61.48282028473633, 6.834807044403782, 55.96509082265478]","[{'INP': 32}, {'CONV': [64, 3]}, ({'CONV': [32, 5]}, {'CONV': [64, 3]}), ({'CONV': [128, 5]}, {'CONV': [128, 5]}, {'POOLMAX': [-1, 2]}), ({'CONV': [128, 5]}, {'CONV': [128, 5]}), ({'CONV': [64, 5]}, {'CONV': [256, 5]}, {'POOLMAX': [-1, 2]}), ({'CONV': [256, 5]}, {'CONV': [32, 5]}), ({'CONV': [256, 5]}, {'CONV': [128, 5]}, {'POOLMAX': [-1, 2]}), ({'CONV': [32, 3]}, {'CONV': [256, 3]}), ({'CONV': [256, 3]}, {'CONV': [256, 5]}, {'POOLMAX': [-1, 2]}), {'GLOBAL_AVG': None}, {'LAST_DENSE': [100, 'softmax']}]",HHSE,NSGA2,,,,,0.6996072991770472,,,,2584317440,7360932,,,,,,"[0, 16, 2, 58, 47, 0, 4, 36]",0.7190129370936824,-0.0004834796856216,0.375,0.5,1.0,0.0,0.14,0,0,0,100,0,0.0,BEST,False,False,254,True,True,GREEDY,,,GREEDY_HV
BVBCGQ[M],13,14,52,52,0.52,True,True,"[27, 12, 22, 15, 36, 38, 55, 55]",[],"[27.844789109363234, 12.101372278823229, 22.07713719211337, 15.17367787460975, 36.29364985194771, 38.4567081298992, 55.07746164488786, 55.949412904510645]","[{'INP': 32}, {'CONV': [64, 3]}, ({'CONV': [64, 5]}, {'CONV': [64, 5]}), ({'CONV': [32, 5]}, {'CONV': [128, 3]}, {'POOLMAX': [-1, 2]}), ({'CONV': [64, 3]}, {'CONV': [256, 3]}), ({'CONV': [32, 5]}, {'CONV': [256, 5]}, {'POOLMAX': [-1, 2]}), ({'CONV': [128, 3]}, {'CONV': [128, 3]}), ({'CONV': [128, 3]}, {'CONV': [256, 3]}, {'POOLMAX': [-1, 2]}), ({'CONV': [256, 3]}, {'CONV': [256, 5]}), ({'CONV': [256, 3]}, {'CONV': [256, 5]}, {'POOLMAX': [-1, 2]}), {'GLOBAL_AVG': None}, {'LAST_DENSE': [100, 'softmax']}]",HHSE,NSGA2,,,,,0.7040382042868213,,,,1185926144,6302756,,,,,,"[27, 12, 35, 18, 41, 33, 62, 55]",0.7190241806397782,-0.0002928088038386,0.625,0.25,0.625,0.875,0.52,0,0,0,100,0,0.0,BEST,False,False,207,True,True,GREEDY,,,GREEDY_HV
BVBCGQ[M],13,14,53,52,0.53,True,True,"[27, 12, 22, 15, 36, 38, 55, 55]",[],"[27.844789109363234, 12.101372278823229, 22.07713719211337, 15.17367787460975, 36.29364985194771, 38.4567081298992, 55.07746164488786, 55.949412904510645]","[{'INP': 32}, {'CONV': [64, 3]}, ({'CONV': [64, 5]}, {'CONV': [64, 5]}), ({'CONV': [32, 5]}, {'CONV': [128, 3]}, {'POOLMAX': [-1, 2]}), ({'CONV': [64, 3]}, {'CONV': [256, 3]}), ({'CONV': [32, 5]}, {'CONV': [256, 5]}, {'POOLMAX': [-1, 2]}), ({'CONV': [128, 3]}, {'CONV': [128, 3]}), ({'CONV': [128, 3]}, {'CONV': [256, 3]}, {'POOLMAX': [-1, 2]}), ({'CONV': [256, 3]}, {'CONV': [256, 5]}), ({'CONV': [256, 3]}, {'CONV': [256, 5]}, {'POOLMAX': [-1, 2]}), {'GLOBAL_AVG': None}, {'LAST_DENSE': [100, 'softmax']}]",HHSE,NSGA2,,,,,0.7040382042868213,,,,1185926144,6302756,,,,,,"[27, 12, 35, 18, 41, 33, 62, 55]",0.7222855187201882,-0.0001870032359503,0.625,0.25,0.625,0.0,0.52,0,1,0,100,0,0.01,BEST,False,False,207,True,True,GREEDY,,,GREEDY_HV
BVBCGQ[M],13,14,54,52,0.54,True,True,"[27, 12, 22, 15, 36, 38, 55, 55]",[],"[27.844789109363234, 12.101372278823229, 22.07713719211337, 15.17367787460975, 36.29364985194771, 38.4567081298992, 55.07746164488786, 55.949412904510645]","[{'INP': 32}, {'CONV': [64, 3]}, ({'CONV': [64, 5]}, {'CONV': [64, 5]}), ({'CONV': [32, 5]}, {'CONV': [128, 3]}, {'POOLMAX': [-1, 2]}), ({'CONV': [64, 3]}, {'CONV': [256, 3]}), ({'CONV': [32, 5]}, {'CONV': [256, 5]}, {'POOLMAX': [-1, 2]}), ({'CONV': [128, 3]}, {'CONV': [128, 3]}), ({'CONV': [128, 3]}, {'CONV': [256, 3]}, {'POOLMAX': [-1, 2]}), ({'CONV': [256, 3]}, {'CONV': [256, 5]}), ({'CONV': [256, 3]}, {'CONV': [256, 5]}, {'POOLMAX': [-1, 2]}), {'GLOBAL_AVG': None}, {'LAST_DENSE': [100, 'softmax']}]",HHSE,NSGA2,,,,,0.7040382042868213,,,,1185926144,6302756,,,,,,"[27, 12, 35, 18, 41, 33, 62, 55]",0.7223032264080256,-0.0002477567356943,0.625,0.25,0.625,0.0,0.52,0,1,0,100,0,0.01,BEST,False,False,207,True,True,GREEDY,,,GREEDY_HV
BVBCGQ[M],13,14,55,52,0.55,True,True,"[27, 12, 22, 15, 36, 38, 55, 55]",[],"[27.844789109363234, 12.101372278823229, 22.07713719211337, 15.17367787460975, 36.29364985194771, 38.4567081298992, 55.07746164488786, 55.949412904510645]","[{'INP': 32}, {'CONV': [64, 3]}, ({'CONV': [64, 5]}, {'CONV': [64, 5]}), ({'CONV': [32, 5]}, {'CONV': [128, 3]}, {'POOLMAX': [-1, 2]}), ({'CONV': [64, 3]}, {'CONV': [256, 3]}), ({'CONV': [32, 5]}, {'CONV': [256, 5]}, {'POOLMAX': [-1, 2]}), ({'CONV': [128, 3]}, {'CONV': [128, 3]}), ({'CONV': [128, 3]}, {'CONV': [256, 3]}, {'POOLMAX': [-1, 2]}), ({'CONV': [256, 3]}, {'CONV': [256, 5]}), ({'CONV': [256, 3]}, {'CONV': [256, 5]}, {'POOLMAX': [-1, 2]}), {'GLOBAL_AVG': None}, {'LAST_DENSE': [100, 'softmax']}]",HHSE,NSGA2,,,,,0.7040382042868213,,,,1185926144,6302756,,,,,,"[27, 12, 35, 18, 41, 33, 62, 55]",0.7224743494510676,-0.0018345283168363,0.625,0.25,0.625,0.0,0.52,0,1,0,100,0,0.01,BEST,False,False,207,True,True,GREEDY,,,GREEDY_HV
BVBCGQ[M],13,14,56,52,0.56,True,True,"[27, 12, 22, 15, 36, 38, 55, 55]",[],"[27.844789109363234, 12.101372278823229, 22.07713719211337, 15.17367787460975, 36.29364985194771, 38.4567081298992, 55.07746164488786, 55.949412904510645]","[{'INP': 32}, {'CONV': [64, 3]}, ({'CONV': [64, 5]}, {'CONV': [64, 5]}), ({'CONV': [32, 5]}, {'CONV': [128, 3]}, {'POOLMAX': [-1, 2]}), ({'CONV': [64, 3]}, {'CONV': [256, 3]}), ({'CONV': [32, 5]}, {'CONV': [256, 5]}, {'POOLMAX': [-1, 2]}), ({'CONV': [128, 3]}, {'CONV': [128, 3]}), ({'CONV': [128, 3]}, {'CONV': [256, 3]}, {'POOLMAX': [-1, 2]}), ({'CONV': [256, 3]}, {'CONV': [256, 5]}), ({'CONV': [256, 3]}, {'CONV': [256, 5]}, {'POOLMAX': [-1, 2]}), {'GLOBAL_AVG': None}, {'LAST_DENSE': [100, 'softmax']}]",HHSE,NSGA2,,,,,0.7040382042868213,,,,1185926144,6302756,,,,,,"[27, 12, 35, 18, 41, 33, 62, 55]",0.7226507514394791,-0.0002971653225785,0.625,0.25,0.625,0.0,0.52,0,0,0,100,0,0.0,BEST,False,False,207,True,True,GREEDY,,,GREEDY_HV
BVBCGQ[M],13,14,57,52,0.57,True,True,"[27, 12, 22, 15, 36, 38, 55, 55]",[],"[27.844789109363234, 12.101372278823229, 22.07713719211337, 15.17367787460975, 36.29364985194771, 38.4567081298992, 55.07746164488786, 55.949412904510645]","[{'INP': 32}, {'CONV': [64, 3]}, ({'CONV': [64, 5]}, {'CONV': [64, 5]}), ({'CONV': [32, 5]}, {'CONV': [128, 3]}, {'POOLMAX': [-1, 2]}), ({'CONV': [64, 3]}, {'CONV': [256, 3]}), ({'CONV': [32, 5]}, {'CONV': [256, 5]}, {'POOLMAX': [-1, 2]}), ({'CONV': [128, 3]}, {'CONV': [128, 3]}), ({'CONV': [128, 3]}, {'CONV': [256, 3]}, {'POOLMAX': [-1, 2]}), ({'CONV': [256, 3]}, {'CONV': [256, 5]}), ({'CONV': [256, 3]}, {'CONV': [256, 5]}, {'POOLMAX': [-1, 2]}), {'GLOBAL_AVG': None}, {'LAST_DENSE': [100, 'softmax']}]",HHSE,NSGA2,,,,,0.7040382042868213,,,,1185926144,6302756,,,,,,"[27, 12, 35, 18, 41, 33, 62, 55]",0.7226024328130178,-0.0002561742196516,0.625,0.25,0.625,0.0,0.52,0,0,0,100,0,0.0,BEST,False,False,207,True,True,GREEDY,,,GREEDY_HV
BVBCGQ[M],13,14,58,52,0.58,True,True,"[27, 12, 22, 15, 36, 38, 55, 55]",[],"[27.844789109363234, 12.101372278823229, 22.07713719211337, 15.17367787460975, 36.29364985194771, 38.4567081298992, 55.07746164488786, 55.949412904510645]","[{'INP': 32}, {'CONV': [64, 3]}, ({'CONV': [64, 5]}, {'CONV': [64, 5]}), ({'CONV': [32, 5]}, {'CONV': [128, 3]}, {'POOLMAX': [-1, 2]}), ({'CONV': [64, 3]}, {'CONV': [256, 3]}), ({'CONV': [32, 5]}, {'CONV': [256, 5]}, {'POOLMAX': [-1, 2]}), ({'CONV': [128, 3]}, {'CONV': [128, 3]}), ({'CONV': [128, 3]}, {'CONV': [256, 3]}, {'POOLMAX': [-1, 2]}), ({'CONV': [256, 3]}, {'CONV': [256, 5]}), ({'CONV': [256, 3]}, {'CONV': [256, 5]}, {'POOLMAX': [-1, 2]}), {'GLOBAL_AVG': None}, {'LAST_DENSE': [100, 'softmax']}]",HHSE,NSGA2,,,,,0.7040382042868213,,,,1185926144,6302756,,,,,,"[27, 12, 35, 18, 41, 33, 62, 55]",0.7226507157350459,-0.0001729793101116,0.625,0.25,0.625,0.0,0.52,0,0,0,100,0,0.0,BEST,False,False,207,True,True,GREEDY,,,GREEDY_HV
BVBCGQ[M],13,14,59,52,0.59,True,True,"[27, 12, 22, 15, 36, 38, 55, 55]",[],"[27.844789109363234, 12.101372278823229, 22.07713719211337, 15.17367787460975, 36.29364985194771, 38.4567081298992, 55.07746164488786, 55.949412904510645]","[{'INP': 32}, {'CONV': [64, 3]}, ({'CONV': [64, 5]}, {'CONV': [64, 5]}), ({'CONV': [32, 5]}, {'CONV': [128, 3]}, {'POOLMAX': [-1, 2]}), ({'CONV': [64, 3]}, {'CONV': [256, 3]}), ({'CONV': [32, 5]}, {'CONV': [256, 5]}, {'POOLMAX': [-1, 2]}), ({'CONV': [128, 3]}, {'CONV': [128, 3]}), ({'CONV': [128, 3]}, {'CONV': [256, 3]}, {'POOLMAX': [-1, 2]}), ({'CONV': [256, 3]}, {'CONV': [256, 5]}), ({'CONV': [256, 3]}, {'CONV': [256, 5]}, {'POOLMAX': [-1, 2]}), {'GLOBAL_AVG': None}, {'LAST_DENSE': [100, 'softmax']}]",HHSE,NSGA2,,,,,0.7040382042868213,,,,1185926144,6302756,,,,,,"[27, 12, 35, 18, 41, 33, 62, 55]",0.7226414778878096,-0.0002948603035414,0.625,0.25,0.625,0.0,0.52,0,0,0,100,0,0.0,BEST,False,False,207,True,True,GREEDY,,,GREEDY_HV
BVBCGQ[M],13,14,60,52,0.6,True,True,"[27, 12, 22, 15, 36, 38, 55, 55]",[],"[27.844789109363234, 12.101372278823229, 22.07713719211337, 15.17367787460975, 36.29364985194771, 38.4567081298992, 55.07746164488786, 55.949412904510645]","[{'INP': 32}, {'CONV': [64, 3]}, ({'CONV': [64, 5]}, {'CONV': [64, 5]}), ({'CONV': [32, 5]}, {'CONV': [128, 3]}, {'POOLMAX': [-1, 2]}), ({'CONV': [64, 3]}, {'CONV': [256, 3]}), ({'CONV': [32, 5]}, {'CONV': [256, 5]}, {'POOLMAX': [-1, 2]}), ({'CONV': [128, 3]}, {'CONV': [128, 3]}), ({'CONV': [128, 3]}, {'CONV': [256, 3]}, {'POOLMAX': [-1, 2]}), ({'CONV': [256, 3]}, {'CONV': [256, 5]}), ({'CONV': [256, 3]}, {'CONV': [256, 5]}, {'POOLMAX': [-1, 2]}), {'GLOBAL_AVG': None}, {'LAST_DENSE': [100, 'softmax']}]",HHSE,NSGA2,,,,,0.7040382042868213,,,,1185926144,6302756,,,,,,"[27, 12, 35, 18, 41, 33, 62, 55]",0.722694936955001,-0.0003566574622199,0.625,0.25,0.625,0.0,0.52,0,0,0,100,0,0.0,BEST,False,False,207,True,True,GREEDY,,,GREEDY_HV
BVBCGQ[M],13,14,61,52,0.61,True,True,"[27, 12, 22, 15, 36, 38, 55, 55]",[],"[27.844789109363234, 12.101372278823229, 22.07713719211337, 15.17367787460975, 36.29364985194771, 38.4567081298992, 55.07746164488786, 55.949412904510645]","[{'INP': 32}, {'CONV': [64, 3]}, ({'CONV': [64, 5]}, {'CONV': [64, 5]}), ({'CONV': [32, 5]}, {'CONV': [128, 3]}, {'POOLMAX': [-1, 2]}), ({'CONV': [64, 3]}, {'CONV': [256, 3]}), ({'CONV': [32, 5]}, {'CONV': [256, 5]}, {'POOLMAX': [-1, 2]}), ({'CONV': [128, 3]}, {'CONV': [128, 3]}), ({'CONV': [128, 3]}, {'CONV': [256, 3]}, {'POOLMAX': [-1, 2]}), ({'CONV': [256, 3]}, {'CONV': [256, 5]}), ({'CONV': [256, 3]}, {'CONV': [256, 5]}, {'POOLMAX': [-1, 2]}), {'GLOBAL_AVG': None}, {'LAST_DENSE': [100, 'softmax']}]",HHSE,NSGA2,,,,,0.7040382042868213,,,,1185926144,6302756,,,,,,"[27, 12, 35, 18, 41, 33, 62, 55]",0.7226932182787247,-0.0020391273126013,0.625,0.25,0.625,0.0,0.52,0,0,0,100,0,0.0,BEST,False,False,207,True,True,GREEDY,,,GREEDY_HV
BVBCGQ[M],13,14,62,52,0.62,True,True,"[27, 12, 22, 15, 36, 38, 55, 55]",[],"[27.844789109363234, 12.101372278823229, 22.07713719211337, 15.17367787460975, 36.29364985194771, 38.4567081298992, 55.07746164488786, 55.949412904510645]","[{'INP': 32}, {'CONV': [64, 3]}, ({'CONV': [64, 5]}, {'CONV': [64, 5]}), ({'CONV': [32, 5]}, {'CONV': [128, 3]}, {'POOLMAX': [-1, 2]}), ({'CONV': [64, 3]}, {'CONV': [256, 3]}), ({'CONV': [32, 5]}, {'CONV': [256, 5]}, {'POOLMAX': [-1, 2]}), ({'CONV': [128, 3]}, {'CONV': [128, 3]}), ({'CONV': [128, 3]}, {'CONV': [256, 3]}, {'POOLMAX': [-1, 2]}), ({'CONV': [256, 3]}, {'CONV': [256, 5]}), ({'CONV': [256, 3]}, {'CONV': [256, 5]}, {'POOLMAX': [-1, 2]}), {'GLOBAL_AVG': None}, {'LAST_DENSE': [100, 'softmax']}]",HHSE,NSGA2,,,,,0.7040382042868213,,,,1185926144,6302756,,,,,,"[27, 12, 35, 18, 41, 33, 62, 55]",0.7232534088326646,-8.0902805132399e-05,0.625,0.25,0.625,0.0,0.52,0,0,0,100,0,0.0,BEST,False,False,207,True,True,GREEDY,,,GREEDY_HV
BVBCGQ[M],13,14,63,52,0.63,True,True,"[27, 12, 22, 15, 36, 38, 55, 55]",[],"[27.844789109363234, 12.101372278823229, 22.07713719211337, 15.17367787460975, 36.29364985194771, 38.4567081298992, 55.07746164488786, 55.949412904510645]","[{'INP': 32}, {'CONV': [64, 3]}, ({'CONV': [64, 5]}, {'CONV': [64, 5]}), ({'CONV': [32, 5]}, {'CONV': [128, 3]}, {'POOLMAX': [-1, 2]}), ({'CONV': [64, 3]}, {'CONV': [256, 3]}), ({'CONV': [32, 5]}, {'CONV': [256, 5]}, {'POOLMAX': [-1, 2]}), ({'CONV': [128, 3]}, {'CONV': [128, 3]}), ({'CONV': [128, 3]}, {'CONV': [256, 3]}, {'POOLMAX': [-1, 2]}), ({'CONV': [256, 3]}, {'CONV': [256, 5]}), ({'CONV': [256, 3]}, {'CONV': [256, 5]}, {'POOLMAX': [-1, 2]}), {'GLOBAL_AVG': None}, {'LAST_DENSE': [100, 'softmax']}]",HHSE,NSGA2,,,,,0.7040382042868213,,,,1185926144,6302756,,,,,,"[27, 12, 35, 18, 41, 33, 62, 55]",0.7231772221980282,-6.379456726701704e-05,0.625,0.25,0.625,0.0,0.52,0,0,0,100,0,0.0,BEST,False,False,207,True,True,GREEDY,,,GREEDY_HV
BVBCGQ[M],13,14,64,52,0.64,True,True,"[27, 12, 22, 15, 36, 38, 55, 55]",[],"[27.844789109363234, 12.101372278823229, 22.07713719211337, 15.17367787460975, 36.29364985194771, 38.4567081298992, 55.07746164488786, 55.949412904510645]","[{'INP': 32}, {'CONV': [64, 3]}, ({'CONV': [64, 5]}, {'CONV': [64, 5]}), ({'CONV': [32, 5]}, {'CONV': [128, 3]}, {'POOLMAX': [-1, 2]}), ({'CONV': [64, 3]}, {'CONV': [256, 3]}), ({'CONV': [32, 5]}, {'CONV': [256, 5]}, {'POOLMAX': [-1, 2]}), ({'CONV': [128, 3]}, {'CONV': [128, 3]}), ({'CONV': [128, 3]}, {'CONV': [256, 3]}, {'POOLMAX': [-1, 2]}), ({'CONV': [256, 3]}, {'CONV': [256, 5]}), ({'CONV': [256, 3]}, {'CONV': [256, 5]}, {'POOLMAX': [-1, 2]}), {'GLOBAL_AVG': None}, {'LAST_DENSE': [100, 'softmax']}]",HHSE,NSGA2,,,,,0.7040382042868213,,,,1185926144,6302756,,,,,,"[27, 12, 35, 18, 41, 33, 62, 55]",0.7232363326543637,-0.0002072831468878,0.625,0.25,0.625,0.0,0.52,0,1,0,100,0,0.01,BEST,False,False,207,True,True,GREEDY,,,GREEDY_HV
BVBCGQ[M],13,14,65,52,0.65,True,True,"[27, 12, 22, 15, 36, 38, 55, 55]",[],"[27.844789109363234, 12.101372278823229, 22.07713719211337, 15.17367787460975, 36.29364985194771, 38.4567081298992, 55.07746164488786, 55.949412904510645]","[{'INP': 32}, {'CONV': [64, 3]}, ({'CONV': [64, 5]}, {'CONV': [64, 5]}), ({'CONV': [32, 5]}, {'CONV': [128, 3]}, {'POOLMAX': [-1, 2]}), ({'CONV': [64, 3]}, {'CONV': [256, 3]}), ({'CONV': [32, 5]}, {'CONV': [256, 5]}, {'POOLMAX': [-1, 2]}), ({'CONV': [128, 3]}, {'CONV': [128, 3]}), ({'CONV': [128, 3]}, {'CONV': [256, 3]}, {'POOLMAX': [-1, 2]}), ({'CONV': [256, 3]}, {'CONV': [256, 5]}), ({'CONV': [256, 3]}, {'CONV': [256, 5]}, {'POOLMAX': [-1, 2]}), {'GLOBAL_AVG': None}, {'LAST_DENSE': [100, 'softmax']}]",HHSE,NSGA2,,,,,0.7040382042868213,,,,1185926144,6302756,,,,,,"[27, 12, 35, 18, 41, 33, 62, 55]",0.7232599585290318,-0.0004212165830508,0.625,0.25,0.625,0.0,0.52,0,0,0,100,0,0.0,BEST,False,False,207,True,True,GREEDY,,,GREEDY_HV
BVBCGQ[M],13,14,66,52,0.66,True,True,"[27, 12, 22, 15, 36, 38, 55, 55]",[],"[27.844789109363234, 12.101372278823229, 22.07713719211337, 15.17367787460975, 36.29364985194771, 38.4567081298992, 55.07746164488786, 55.949412904510645]","[{'INP': 32}, {'CONV': [64, 3]}, ({'CONV': [64, 5]}, {'CONV': [64, 5]}), ({'CONV': [32, 5]}, {'CONV': [128, 3]}, {'POOLMAX': [-1, 2]}), ({'CONV': [64, 3]}, {'CONV': [256, 3]}), ({'CONV': [32, 5]}, {'CONV': [256, 5]}, {'POOLMAX': [-1, 2]}), ({'CONV': [128, 3]}, {'CONV': [128, 3]}), ({'CONV': [128, 3]}, {'CONV': [256, 3]}, {'POOLMAX': [-1, 2]}), ({'CONV': [256, 3]}, {'CONV': [256, 5]}), ({'CONV': [256, 3]}, {'CONV': [256, 5]}, {'POOLMAX': [-1, 2]}), {'GLOBAL_AVG': None}, {'LAST_DENSE': [100, 'softmax']}]",HHSE,NSGA2,,,,,0.7040382042868213,,,,1185926144,6302756,,,,,,"[27, 12, 35, 18, 41, 33, 62, 55]",0.7232746734201106,-6.407671212649291e-05,0.625,0.25,0.625,0.0,0.52,0,0,0,100,0,0.0,BEST,False,False,207,True,True,GREEDY,,,GREEDY_HV
BVBCGQ[M],13,14,67,52,0.67,True,True,"[27, 12, 22, 15, 36, 38, 55, 55]",[],"[27.844789109363234, 12.101372278823229, 22.07713719211337, 15.17367787460975, 36.29364985194771, 38.4567081298992, 55.07746164488786, 55.949412904510645]","[{'INP': 32}, {'CONV': [64, 3]}, ({'CONV': [64, 5]}, {'CONV': [64, 5]}), ({'CONV': [32, 5]}, {'CONV': [128, 3]}, {'POOLMAX': [-1, 2]}), ({'CONV': [64, 3]}, {'CONV': [256, 3]}), ({'CONV': [32, 5]}, {'CONV': [256, 5]}, {'POOLMAX': [-1, 2]}), ({'CONV': [128, 3]}, {'CONV': [128, 3]}), ({'CONV': [128, 3]}, {'CONV': [256, 3]}, {'POOLMAX': [-1, 2]}), ({'CONV': [256, 3]}, {'CONV': [256, 5]}), ({'CONV': [256, 3]}, {'CONV': [256, 5]}, {'POOLMAX': [-1, 2]}), {'GLOBAL_AVG': None}, {'LAST_DENSE': [100, 'softmax']}]",HHSE,NSGA2,,,,,0.7040382042868213,,,,1185926144,6302756,,,,,,"[27, 12, 35, 18, 41, 33, 62, 55]",0.723422259562555,-0.0023896999759482,0.625,0.25,0.625,0.0,0.52,0,1,0,100,0,0.01,BEST,False,False,207,True,True,GREEDY,,,GREEDY_HV
BVBCGQ[M],13,14,68,52,0.68,True,True,"[27, 12, 22, 15, 36, 38, 55, 55]",[],"[27.844789109363234, 12.101372278823229, 22.07713719211337, 15.17367787460975, 36.29364985194771, 38.4567081298992, 55.07746164488786, 55.949412904510645]","[{'INP': 32}, {'CONV': [64, 3]}, ({'CONV': [64, 5]}, {'CONV': [64, 5]}), ({'CONV': [32, 5]}, {'CONV': [128, 3]}, {'POOLMAX': [-1, 2]}), ({'CONV': [64, 3]}, {'CONV': [256, 3]}), ({'CONV': [32, 5]}, {'CONV': [256, 5]}, {'POOLMAX': [-1, 2]}), ({'CONV': [128, 3]}, {'CONV': [128, 3]}), ({'CONV': [128, 3]}, {'CONV': [256, 3]}, {'POOLMAX': [-1, 2]}), ({'CONV': [256, 3]}, {'CONV': [256, 5]}), ({'CONV': [256, 3]}, {'CONV': [256, 5]}, {'POOLMAX': [-1, 2]}), {'GLOBAL_AVG': None}, {'LAST_DENSE': [100, 'softmax']}]",HHSE,NSGA2,,,,,0.7040382042868213,,,,1185926144,6302756,,,,,,"[27, 12, 35, 18, 41, 33, 62, 55]",0.7234484368385941,-0.0019221446382916,0.625,0.25,0.625,0.0,0.52,0,1,0,100,0,0.01,BEST,False,False,207,True,True,GREEDY,,,GREEDY_HV
BVBCGQ[M],13,14,69,52,0.69,True,True,"[27, 12, 22, 15, 36, 38, 55, 55]",[],"[27.844789109363234, 12.101372278823229, 22.07713719211337, 15.17367787460975, 36.29364985194771, 38.4567081298992, 55.07746164488786, 55.949412904510645]","[{'INP': 32}, {'CONV': [64, 3]}, ({'CONV': [64, 5]}, {'CONV': [64, 5]}), ({'CONV': [32, 5]}, {'CONV': [128, 3]}, {'POOLMAX': [-1, 2]}), ({'CONV': [64, 3]}, {'CONV': [256, 3]}), ({'CONV': [32, 5]}, {'CONV': [256, 5]}, {'POOLMAX': [-1, 2]}), ({'CONV': [128, 3]}, {'CONV': [128, 3]}), ({'CONV': [128, 3]}, {'CONV': [256, 3]}, {'POOLMAX': [-1, 2]}), ({'CONV': [256, 3]}, {'CONV': [256, 5]}), ({'CONV': [256, 3]}, {'CONV': [256, 5]}, {'POOLMAX': [-1, 2]}), {'GLOBAL_AVG': None}, {'LAST_DENSE': [100, 'softmax']}]",HHSE,NSGA2,,,,,0.7040382042868213,,,,1185926144,6302756,,,,,,"[27, 12, 35, 18, 41, 33, 62, 55]",0.7240264796174318,0.0002568665032587,0.625,0.25,0.625,0.0,0.52,0,0,0,100,0,0.0,BEST,False,False,207,True,True,GREEDY,,,GREEDY_HV
BVBCGQ[M],13,14,70,52,0.7,True,True,"[27, 12, 22, 15, 36, 38, 55, 55]",[],"[27.844789109363234, 12.101372278823229, 22.07713719211337, 15.17367787460975, 36.29364985194771, 38.4567081298992, 55.07746164488786, 55.949412904510645]","[{'INP': 32}, {'CONV': [64, 3]}, ({'CONV': [64, 5]}, {'CONV': [64, 5]}), ({'CONV': [32, 5]}, {'CONV': [128, 3]}, {'POOLMAX': [-1, 2]}), ({'CONV': [64, 3]}, {'CONV': [256, 3]}), ({'CONV': [32, 5]}, {'CONV': [256, 5]}, {'POOLMAX': [-1, 2]}), ({'CONV': [128, 3]}, {'CONV': [128, 3]}), ({'CONV': [128, 3]}, {'CONV': [256, 3]}, {'POOLMAX': [-1, 2]}), ({'CONV': [256, 3]}, {'CONV': [256, 5]}), ({'CONV': [256, 3]}, {'CONV': [256, 5]}, {'POOLMAX': [-1, 2]}), {'GLOBAL_AVG': None}, {'LAST_DENSE': [100, 'softmax']}]",HHSE,NSGA2,,,,,0.7040382042868213,,,,1185926144,6302756,,,,,,"[27, 12, 35, 18, 41, 33, 62, 55]",0.7234566536760332,-0.0002998895679774,0.625,0.25,0.625,0.0,0.52,0,0,0,100,0,0.0,BEST,False,False,207,True,True,GREEDY,,,GREEDY_HV
BVBCGQ[M],13,14,71,52,0.71,True,True,"[27, 12, 22, 15, 36, 38, 55, 55]",[],"[27.844789109363234, 12.101372278823229, 22.07713719211337, 15.17367787460975, 36.29364985194771, 38.4567081298992, 55.07746164488786, 55.949412904510645]","[{'INP': 32}, {'CONV': [64, 3]}, ({'CONV': [64, 5]}, {'CONV': [64, 5]}), ({'CONV': [32, 5]}, {'CONV': [128, 3]}, {'POOLMAX': [-1, 2]}), ({'CONV': [64, 3]}, {'CONV': [256, 3]}), ({'CONV': [32, 5]}, {'CONV': [256, 5]}, {'POOLMAX': [-1, 2]}), ({'CONV': [128, 3]}, {'CONV': [128, 3]}), ({'CONV': [128, 3]}, {'CONV': [256, 3]}, {'POOLMAX': [-1, 2]}), ({'CONV': [256, 3]}, {'CONV': [256, 5]}), ({'CONV': [256, 3]}, {'CONV': [256, 5]}, {'POOLMAX': [-1, 2]}), {'GLOBAL_AVG': None}, {'LAST_DENSE': [100, 'softmax']}]",HHSE,NSGA2,,,,,0.7040382042868213,,,,1185926144,6302756,,,,,,"[27, 12, 35, 18, 41, 33, 62, 55]",0.7234986276167832,-6.337904624309498e-05,0.625,0.25,0.625,0.0,0.52,0,0,0,100,0,0.0,BEST,False,False,207,True,True,GREEDY,,,GREEDY_HV
BVBCGQ[M],13,14,72,52,0.72,True,True,"[27, 12, 22, 15, 36, 38, 55, 55]",[],"[27.844789109363234, 12.101372278823229, 22.07713719211337, 15.17367787460975, 36.29364985194771, 38.4567081298992, 55.07746164488786, 55.949412904510645]","[{'INP': 32}, {'CONV': [64, 3]}, ({'CONV': [64, 5]}, {'CONV': [64, 5]}), ({'CONV': [32, 5]}, {'CONV': [128, 3]}, {'POOLMAX': [-1, 2]}), ({'CONV': [64, 3]}, {'CONV': [256, 3]}), ({'CONV': [32, 5]}, {'CONV': [256, 5]}, {'POOLMAX': [-1, 2]}), ({'CONV': [128, 3]}, {'CONV': [128, 3]}), ({'CONV': [128, 3]}, {'CONV': [256, 3]}, {'POOLMAX': [-1, 2]}), ({'CONV': [256, 3]}, {'CONV': [256, 5]}), ({'CONV': [256, 3]}, {'CONV': [256, 5]}, {'POOLMAX': [-1, 2]}), {'GLOBAL_AVG': None}, {'LAST_DENSE': [100, 'softmax']}]",HHSE,NSGA2,,,,,0.7040382042868213,,,,1185926144,6302756,,,,,,"[27, 12, 35, 18, 41, 33, 62, 55]",0.7235637068888625,-0.0002097300305028,0.625,0.25,0.625,0.0,0.52,0,0,0,100,0,0.0,BEST,False,False,207,True,True,GREEDY,,,GREEDY_HV
BVBCGQ[M],13,14,73,52,0.73,True,True,"[27, 12, 22, 15, 36, 38, 55, 55]",[],"[27.844789109363234, 12.101372278823229, 22.07713719211337, 15.17367787460975, 36.29364985194771, 38.4567081298992, 55.07746164488786, 55.949412904510645]","[{'INP': 32}, {'CONV': [64, 3]}, ({'CONV': [64, 5]}, {'CONV': [64, 5]}), ({'CONV': [32, 5]}, {'CONV': [128, 3]}, {'POOLMAX': [-1, 2]}), ({'CONV': [64, 3]}, {'CONV': [256, 3]}), ({'CONV': [32, 5]}, {'CONV': [256, 5]}, {'POOLMAX': [-1, 2]}), ({'CONV': [128, 3]}, {'CONV': [128, 3]}), ({'CONV': [128, 3]}, {'CONV': [256, 3]}, {'POOLMAX': [-1, 2]}), ({'CONV': [256, 3]}, {'CONV': [256, 5]}), ({'CONV': [256, 3]}, {'CONV': [256, 5]}, {'POOLMAX': [-1, 2]}), {'GLOBAL_AVG': None}, {'LAST_DENSE': [100, 'softmax']}]",HHSE,NSGA2,,,,,0.7040382042868213,,,,1185926144,6302756,,,,,,"[27, 12, 35, 18, 41, 33, 62, 55]",0.7235728790043585,-9.853249486313498e-05,0.625,0.25,0.625,0.0,0.52,0,0,0,100,0,0.0,BEST,False,False,207,True,True,GREEDY,,,GREEDY_HV
BAKIDO[M][M],13,14,74,74,0.74,True,True,"[12, 4, 38, 38, 47, 22, 29, 7]",[],"[12.53703374131608, 4.608877403394269, 38.24370334703911, 38.49273490685876, 47.769487579225604, 22.258434330920718, 29.721709765867814, 7.429578202889111]","[{'INP': 32}, {'CONV': [64, 3]}, ({'CONV': [32, 5]}, {'CONV': [128, 3]}), ({'CONV': [32, 3]}, {'CONV': [128, 3]}, {'POOLMAX': [-1, 2]}), ({'CONV': [128, 3]}, {'CONV': [256, 3]}), ({'CONV': [128, 3]}, {'CONV': [256, 3]}, {'POOLMAX': [-1, 2]}), ({'CONV': [128, 5]}, {'CONV': [256, 5]}), ({'CONV': [64, 3]}, {'CONV': [256, 3]}, {'POOLMAX': [-1, 2]}), ({'CONV': [64, 5]}, {'CONV': [128, 5]}), ({'CONV': [32, 3]}, {'CONV': [256, 5]}, {'POOLMAX': [-1, 2]}), {'GLOBAL_AVG': None}, {'LAST_DENSE': [100, 'softmax']}]",HHSE,NSGA2,,,,,0.70707786514306,,,,1142362624,4020132,,,,,,"[12, 5, 44, 38, 47, 23, 38, 7]",0.7235516394655156,-0.0015996537708112,0.0,0.0,0.5,1.0,0.74,0,0,0,100,0,0.0,BEST,False,False,158,True,True,GREEDY,,,GREEDY_HV
BAKIDO[M][M],13,14,75,74,0.75,True,True,"[12, 4, 38, 38, 47, 22, 29, 7]",[],"[12.53703374131608, 4.608877403394269, 38.24370334703911, 38.49273490685876, 47.769487579225604, 22.258434330920718, 29.721709765867814, 7.429578202889111]","[{'INP': 32}, {'CONV': [64, 3]}, ({'CONV': [32, 5]}, {'CONV': [128, 3]}), ({'CONV': [32, 3]}, {'CONV': [128, 3]}, {'POOLMAX': [-1, 2]}), ({'CONV': [128, 3]}, {'CONV': [256, 3]}), ({'CONV': [128, 3]}, {'CONV': [256, 3]}, {'POOLMAX': [-1, 2]}), ({'CONV': [128, 5]}, {'CONV': [256, 5]}), ({'CONV': [64, 3]}, {'CONV': [256, 3]}, {'POOLMAX': [-1, 2]}), ({'CONV': [64, 5]}, {'CONV': [128, 5]}), ({'CONV': [32, 3]}, {'CONV': [256, 5]}, {'POOLMAX': [-1, 2]}), {'GLOBAL_AVG': None}, {'LAST_DENSE': [100, 'softmax']}]",HHSE,NSGA2,,,,,0.70707786514306,,,,1142362624,4020132,,,,,,"[12, 5, 44, 38, 47, 23, 38, 7]",0.7262676399656696,-0.0001148022144363,0.0,0.0,0.5,0.0,0.74,0,0,0,100,0,0.0,BEST,False,False,158,True,True,GREEDY,,,GREEDY_HV
BAKIDO[M][M],13,14,76,74,0.76,True,True,"[12, 4, 38, 38, 47, 22, 29, 7]",[],"[12.53703374131608, 4.608877403394269, 38.24370334703911, 38.49273490685876, 47.769487579225604, 22.258434330920718, 29.721709765867814, 7.429578202889111]","[{'INP': 32}, {'CONV': [64, 3]}, ({'CONV': [32, 5]}, {'CONV': [128, 3]}), ({'CONV': [32, 3]}, {'CONV': [128, 3]}, {'POOLMAX': [-1, 2]}), ({'CONV': [128, 3]}, {'CONV': [256, 3]}), ({'CONV': [128, 3]}, {'CONV': [256, 3]}, {'POOLMAX': [-1, 2]}), ({'CONV': [128, 5]}, {'CONV': [256, 5]}), ({'CONV': [64, 3]}, {'CONV': [256, 3]}, {'POOLMAX': [-1, 2]}), ({'CONV': [64, 5]}, {'CONV': [128, 5]}), ({'CONV': [32, 3]}, {'CONV': [256, 5]}, {'POOLMAX': [-1, 2]}), {'GLOBAL_AVG': None}, {'LAST_DENSE': [100, 'softmax']}]",HHSE,NSGA2,,,,,0.70707786514306,,,,1142362624,4020132,,,,,,"[12, 5, 44, 38, 47, 23, 38, 7]",0.7265241702422365,-3.657922531563607e-05,0.0,0.0,0.5,0.0,0.74,0,1,0,100,0,0.01,BEST,False,False,158,True,True,GREEDY,,,GREEDY_HV
BAKIDO[M][M],13,14,77,74,0.77,True,True,"[12, 4, 38, 38, 47, 22, 29, 7]",[],"[12.53703374131608, 4.608877403394269, 38.24370334703911, 38.49273490685876, 47.769487579225604, 22.258434330920718, 29.721709765867814, 7.429578202889111]","[{'INP': 32}, {'CONV': [64, 3]}, ({'CONV': [32, 5]}, {'CONV': [128, 3]}), ({'CONV': [32, 3]}, {'CONV': [128, 3]}, {'POOLMAX': [-1, 2]}), ({'CONV': [128, 3]}, {'CONV': [256, 3]}), ({'CONV': [128, 3]}, {'CONV': [256, 3]}, {'POOLMAX': [-1, 2]}), ({'CONV': [128, 5]}, {'CONV': [256, 5]}), ({'CONV': [64, 3]}, {'CONV': [256, 3]}, {'POOLMAX': [-1, 2]}), ({'CONV': [64, 5]}, {'CONV': [128, 5]}), ({'CONV': [32, 3]}, {'CONV': [256, 5]}, {'POOLMAX': [-1, 2]}), {'GLOBAL_AVG': None}, {'LAST_DENSE': [100, 'softmax']}]",HHSE,NSGA2,,,,,0.70707786514306,,,,1142362624,4020132,,,,,,"[12, 5, 44, 38, 47, 23, 38, 7]",0.7265414064169311,-0.0001543928670619,0.0,0.0,0.5,0.0,0.74,0,1,0,100,0,0.01,BEST,False,False,158,True,True,GREEDY,,,GREEDY_HV
BAKIDO[M][M],13,14,78,74,0.78,True,True,"[12, 4, 38, 38, 47, 22, 29, 7]",[],"[12.53703374131608, 4.608877403394269, 38.24370334703911, 38.49273490685876, 47.769487579225604, 22.258434330920718, 29.721709765867814, 7.429578202889111]","[{'INP': 32}, {'CONV': [64, 3]}, ({'CONV': [32, 5]}, {'CONV': [128, 3]}), ({'CONV': [32, 3]}, {'CONV': [128, 3]}, {'POOLMAX': [-1, 2]}), ({'CONV': [128, 3]}, {'CONV': [256, 3]}), ({'CONV': [128, 3]}, {'CONV': [256, 3]}, {'POOLMAX': [-1, 2]}), ({'CONV': [128, 5]}, {'CONV': [256, 5]}), ({'CONV': [64, 3]}, {'CONV': [256, 3]}, {'POOLMAX': [-1, 2]}), ({'CONV': [64, 5]}, {'CONV': [128, 5]}), ({'CONV': [32, 3]}, {'CONV': [256, 5]}, {'POOLMAX': [-1, 2]}), {'GLOBAL_AVG': None}, {'LAST_DENSE': [100, 'softmax']}]",HHSE,NSGA2,,,,,0.70707786514306,,,,1142362624,4020132,,,,,,"[12, 5, 44, 38, 47, 23, 38, 7]",0.7265478308383908,-7.801210421076732e-05,0.0,0.0,0.5,0.0,0.74,0,0,0,100,0,0.0,BEST,False,False,158,True,True,GREEDY,,,GREEDY_HV
BUFQAL[M],13,14,79,79,0.79,True,True,"[13, 5, 42, 38, 47, 22, 31, 6]",[],"[13.881749917631808, 5.845912067317871, 42.951573741810165, 38.277599744800035, 47.12195604279824, 22.27421899844354, 31.10603481005109, 6.506482921145925]","[{'INP': 32}, {'CONV': [64, 3]}, ({'CONV': [32, 5]}, {'CONV': [128, 5]}), ({'CONV': [32, 3]}, {'CONV': [128, 5]}, {'POOLMAX': [-1, 2]}), ({'CONV': [128, 5]}, {'CONV': [64, 3]}), ({'CONV': [128, 3]}, {'CONV': [256, 3]}, {'POOLMAX': [-1, 2]}), ({'CONV': [128, 5]}, {'CONV': [256, 5]}), ({'CONV': [64, 3]}, {'CONV': [256, 3]}, {'POOLMAX': [-1, 2]}), ({'CONV': [64, 5]}, {'CONV': [256, 5]}), ({'CONV': [32, 3]}, {'CONV': [256, 3]}, {'POOLMAX': [-1, 2]}), {'GLOBAL_AVG': None}, {'LAST_DENSE': [100, 'softmax']}]",HHSE,NSGA2,,,,,0.7083600476172108,,,,1321826816,4081316,,,,,,"[12, 5, 44, 38, 46, 23, 31, 7]",0.7268402090179934,-9.941833254767384e-05,0.75,0.25,0.625,0.625,0.79,0,1,0,100,0,0.01,BEST,False,False,135,True,True,GREEDY,,,GREEDY_HV
BUFQAL[M],13,14,80,79,0.8,True,True,"[13, 5, 42, 38, 47, 22, 31, 6]",[],"[13.881749917631808, 5.845912067317871, 42.951573741810165, 38.277599744800035, 47.12195604279824, 22.27421899844354, 31.10603481005109, 6.506482921145925]","[{'INP': 32}, {'CONV': [64, 3]}, ({'CONV': [32, 5]}, {'CONV': [128, 5]}), ({'CONV': [32, 3]}, {'CONV': [128, 5]}, {'POOLMAX': [-1, 2]}), ({'CONV': [128, 5]}, {'CONV': [64, 3]}), ({'CONV': [128, 3]}, {'CONV': [256, 3]}, {'POOLMAX': [-1, 2]}), ({'CONV': [128, 5]}, {'CONV': [256, 5]}), ({'CONV': [64, 3]}, {'CONV': [256, 3]}, {'POOLMAX': [-1, 2]}), ({'CONV': [64, 5]}, {'CONV': [256, 5]}), ({'CONV': [32, 3]}, {'CONV': [256, 3]}, {'POOLMAX': [-1, 2]}), {'GLOBAL_AVG': None}, {'LAST_DENSE': [100, 'softmax']}]",HHSE,NSGA2,,,,,0.7083600476172108,,,,1321826816,4081316,,,,,,"[12, 5, 44, 38, 46, 23, 31, 7]",0.7278670587843419,-4.567568087443519e-05,0.75,0.25,0.625,0.0,0.79,0,0,0,100,0,0.0,BEST,False,False,135,True,True,GREEDY,,,GREEDY_HV
BUFQAL[M],13,14,81,79,0.81,True,True,"[13, 5, 42, 38, 47, 22, 31, 6]",[],"[13.881749917631808, 5.845912067317871, 42.951573741810165, 38.277599744800035, 47.12195604279824, 22.27421899844354, 31.10603481005109, 6.506482921145925]","[{'INP': 32}, {'CONV': [64, 3]}, ({'CONV': [32, 5]}, {'CONV': [128, 5]}), ({'CONV': [32, 3]}, {'CONV': [128, 5]}, {'POOLMAX': [-1, 2]}), ({'CONV': [128, 5]}, {'CONV': [64, 3]}), ({'CONV': [128, 3]}, {'CONV': [256, 3]}, {'POOLMAX': [-1, 2]}), ({'CONV': [128, 5]}, {'CONV': [256, 5]}), ({'CONV': [64, 3]}, {'CONV': [256, 3]}, {'POOLMAX': [-1, 2]}), ({'CONV': [64, 5]}, {'CONV': [256, 5]}), ({'CONV': [32, 3]}, {'CONV': [256, 3]}, {'POOLMAX': [-1, 2]}), {'GLOBAL_AVG': None}, {'LAST_DENSE': [100, 'softmax']}]",HHSE,NSGA2,,,,,0.7083600476172108,,,,1321826816,4081316,,,,,,"[12, 5, 44, 38, 46, 23, 31, 7]",0.72802636180981,-0.0002217743556172,0.75,0.25,0.625,0.0,0.79,0,1,0,100,0,0.01,BEST,False,False,135,True,True,GREEDY,,,GREEDY_HV
BUFQAL[M],13,14,82,79,0.82,True,True,"[13, 5, 42, 38, 47, 22, 31, 6]",[],"[13.881749917631808, 5.845912067317871, 42.951573741810165, 38.277599744800035, 47.12195604279824, 22.27421899844354, 31.10603481005109, 6.506482921145925]","[{'INP': 32}, {'CONV': [64, 3]}, ({'CONV': [32, 5]}, {'CONV': [128, 5]}), ({'CONV': [32, 3]}, {'CONV': [128, 5]}, {'POOLMAX': [-1, 2]}), ({'CONV': [128, 5]}, {'CONV': [64, 3]}), ({'CONV': [128, 3]}, {'CONV': [256, 3]}, {'POOLMAX': [-1, 2]}), ({'CONV': [128, 5]}, {'CONV': [256, 5]}), ({'CONV': [64, 3]}, {'CONV': [256, 3]}, {'POOLMAX': [-1, 2]}), ({'CONV': [64, 5]}, {'CONV': [256, 5]}), ({'CONV': [32, 3]}, {'CONV': [256, 3]}, {'POOLMAX': [-1, 2]}), {'GLOBAL_AVG': None}, {'LAST_DENSE': [100, 'softmax']}]",HHSE,NSGA2,,,,,0.7083600476172108,,,,1321826816,4081316,,,,,,"[12, 5, 44, 38, 46, 23, 31, 7]",0.7281018763333551,-7.94129252924547e-05,0.75,0.25,0.625,0.0,0.79,0,1,0,100,0,0.01,BEST,False,False,135,True,True,GREEDY,,,GREEDY_HV
BUFQAL[M],13,14,83,79,0.83,True,True,"[13, 5, 42, 38, 47, 22, 31, 6]",[],"[13.881749917631808, 5.845912067317871, 42.951573741810165, 38.277599744800035, 47.12195604279824, 22.27421899844354, 31.10603481005109, 6.506482921145925]","[{'INP': 32}, {'CONV': [64, 3]}, ({'CONV': [32, 5]}, {'CONV': [128, 5]}), ({'CONV': [32, 3]}, {'CONV': [128, 5]}, {'POOLMAX': [-1, 2]}), ({'CONV': [128, 5]}, {'CONV': [64, 3]}), ({'CONV': [128, 3]}, {'CONV': [256, 3]}, {'POOLMAX': [-1, 2]}), ({'CONV': [128, 5]}, {'CONV': [256, 5]}), ({'CONV': [64, 3]}, {'CONV': [256, 3]}, {'POOLMAX': [-1, 2]}), ({'CONV': [64, 5]}, {'CONV': [256, 5]}), ({'CONV': [32, 3]}, {'CONV': [256, 3]}, {'POOLMAX': [-1, 2]}), {'GLOBAL_AVG': None}, {'LAST_DENSE': [100, 'softmax']}]",HHSE,NSGA2,,,,,0.7083600476172108,,,,1321826816,4081316,,,,,,"[12, 5, 44, 38, 46, 23, 31, 7]",0.7281093057331967,-3.71702845431976e-05,0.75,0.25,0.625,0.0,0.79,0,0,0,100,0,0.0,BEST,False,False,135,True,True,GREEDY,,,GREEDY_HV
BUFQAL[M],13,14,84,79,0.84,True,True,"[13, 5, 42, 38, 47, 22, 31, 6]",[],"[13.881749917631808, 5.845912067317871, 42.951573741810165, 38.277599744800035, 47.12195604279824, 22.27421899844354, 31.10603481005109, 6.506482921145925]","[{'INP': 32}, {'CONV': [64, 3]}, ({'CONV': [32, 5]}, {'CONV': [128, 5]}), ({'CONV': [32, 3]}, {'CONV': [128, 5]}, {'POOLMAX': [-1, 2]}), ({'CONV': [128, 5]}, {'CONV': [64, 3]}), ({'CONV': [128, 3]}, {'CONV': [256, 3]}, {'POOLMAX': [-1, 2]}), ({'CONV': [128, 5]}, {'CONV': [256, 5]}), ({'CONV': [64, 3]}, {'CONV': [256, 3]}, {'POOLMAX': [-1, 2]}), ({'CONV': [64, 5]}, {'CONV': [256, 5]}), ({'CONV': [32, 3]}, {'CONV': [256, 3]}, {'POOLMAX': [-1, 2]}), {'GLOBAL_AVG': None}, {'LAST_DENSE': [100, 'softmax']}]",HHSE,NSGA2,,,,,0.7083600476172108,,,,1321826816,4081316,,,,,,"[12, 5, 44, 38, 46, 23, 31, 7]",0.7282676338953664,-2.745005579118942e-05,0.75,0.25,0.625,0.0,0.79,0,1,0,100,0,0.01,BEST,False,False,135,True,True,GREEDY,,,GREEDY_HV
BUFQAL[M],13,14,85,79,0.85,True,True,"[13, 5, 42, 38, 47, 22, 31, 6]",[],"[13.881749917631808, 5.845912067317871, 42.951573741810165, 38.277599744800035, 47.12195604279824, 22.27421899844354, 31.10603481005109, 6.506482921145925]","[{'INP': 32}, {'CONV': [64, 3]}, ({'CONV': [32, 5]}, {'CONV': [128, 5]}), ({'CONV': [32, 3]}, {'CONV': [128, 5]}, {'POOLMAX': [-1, 2]}), ({'CONV': [128, 5]}, {'CONV': [64, 3]}), ({'CONV': [128, 3]}, {'CONV': [256, 3]}, {'POOLMAX': [-1, 2]}), ({'CONV': [128, 5]}, {'CONV': [256, 5]}), ({'CONV': [64, 3]}, {'CONV': [256, 3]}, {'POOLMAX': [-1, 2]}), ({'CONV': [64, 5]}, {'CONV': [256, 5]}), ({'CONV': [32, 3]}, {'CONV': [256, 3]}, {'POOLMAX': [-1, 2]}), {'GLOBAL_AVG': None}, {'LAST_DENSE': [100, 'softmax']}]",HHSE,NSGA2,,,,,0.7083600476172108,,,,1321826816,4081316,,,,,,"[12, 5, 44, 38, 46, 23, 31, 7]",0.7282757636209793,-2.6982722675428228e-05,0.75,0.25,0.625,0.0,0.79,0,0,0,100,0,0.0,BEST,False,False,135,True,True,GREEDY,,,GREEDY_HV
BUFQAL[M],13,14,86,79,0.86,True,True,"[13, 5, 42, 38, 47, 22, 31, 6]",[],"[13.881749917631808, 5.845912067317871, 42.951573741810165, 38.277599744800035, 47.12195604279824, 22.27421899844354, 31.10603481005109, 6.506482921145925]","[{'INP': 32}, {'CONV': [64, 3]}, ({'CONV': [32, 5]}, {'CONV': [128, 5]}), ({'CONV': [32, 3]}, {'CONV': [128, 5]}, {'POOLMAX': [-1, 2]}), ({'CONV': [128, 5]}, {'CONV': [64, 3]}), ({'CONV': [128, 3]}, {'CONV': [256, 3]}, {'POOLMAX': [-1, 2]}), ({'CONV': [128, 5]}, {'CONV': [256, 5]}), ({'CONV': [64, 3]}, {'CONV': [256, 3]}, {'POOLMAX': [-1, 2]}), ({'CONV': [64, 5]}, {'CONV': [256, 5]}), ({'CONV': [32, 3]}, {'CONV': [256, 3]}, {'POOLMAX': [-1, 2]}), {'GLOBAL_AVG': None}, {'LAST_DENSE': [100, 'softmax']}]",HHSE,NSGA2,,,,,0.7083600476172108,,,,1321826816,4081316,,,,,,"[12, 5, 44, 38, 46, 23, 31, 7]",0.7287400971234794,-0.0003580048150383,0.75,0.25,0.625,0.0,0.79,0,2,0,100,0,0.02,BEST,False,False,135,True,True,GREEDY,,,GREEDY_HV
BUFQAL[M],13,14,87,79,0.87,True,True,"[13, 5, 42, 38, 47, 22, 31, 6]",[],"[13.881749917631808, 5.845912067317871, 42.951573741810165, 38.277599744800035, 47.12195604279824, 22.27421899844354, 31.10603481005109, 6.506482921145925]","[{'INP': 32}, {'CONV': [64, 3]}, ({'CONV': [32, 5]}, {'CONV': [128, 5]}), ({'CONV': [32, 3]}, {'CONV': [128, 5]}, {'POOLMAX': [-1, 2]}), ({'CONV': [128, 5]}, {'CONV': [64, 3]}), ({'CONV': [128, 3]}, {'CONV': [256, 3]}, {'POOLMAX': [-1, 2]}), ({'CONV': [128, 5]}, {'CONV': [256, 5]}), ({'CONV': [64, 3]}, {'CONV': [256, 3]}, {'POOLMAX': [-1, 2]}), ({'CONV': [64, 5]}, {'CONV': [256, 5]}), ({'CONV': [32, 3]}, {'CONV': [256, 3]}, {'POOLMAX': [-1, 2]}), {'GLOBAL_AVG': None}, {'LAST_DENSE': [100, 'softmax']}]",HHSE,NSGA2,,,,,0.7083600476172108,,,,1321826816,4081316,,,,,,"[12, 5, 44, 38, 46, 23, 31, 7]",0.7300505999714699,0.0012783412364822,0.75,0.25,0.625,0.0,0.79,0,0,0,100,0,0.0,BEST,False,False,135,True,True,GREEDY,,,GREEDY_HV
BUFQAL[M],13,14,88,79,0.88,True,True,"[13, 5, 42, 38, 47, 22, 31, 6]",[],"[13.881749917631808, 5.845912067317871, 42.951573741810165, 38.277599744800035, 47.12195604279824, 22.27421899844354, 31.10603481005109, 6.506482921145925]","[{'INP': 32}, {'CONV': [64, 3]}, ({'CONV': [32, 5]}, {'CONV': [128, 5]}), ({'CONV': [32, 3]}, {'CONV': [128, 5]}, {'POOLMAX': [-1, 2]}), ({'CONV': [128, 5]}, {'CONV': [64, 3]}), ({'CONV': [128, 3]}, {'CONV': [256, 3]}, {'POOLMAX': [-1, 2]}), ({'CONV': [128, 5]}, {'CONV': [256, 5]}), ({'CONV': [64, 3]}, {'CONV': [256, 3]}, {'POOLMAX': [-1, 2]}), ({'CONV': [64, 5]}, {'CONV': [256, 5]}), ({'CONV': [32, 3]}, {'CONV': [256, 3]}, {'POOLMAX': [-1, 2]}), {'GLOBAL_AVG': None}, {'LAST_DENSE': [100, 'softmax']}]",HHSE,NSGA2,,,,,0.7083600476172108,,,,1321826816,4081316,,,,,,"[12, 5, 44, 38, 46, 23, 31, 7]",0.7312925226689131,0.0025363741399235,0.75,0.25,0.625,0.0,0.79,0,1,0,100,0,0.01,BEST,False,False,135,True,True,GREEDY,,,GREEDY_HV
BUFQAL[M],13,14,89,79,0.89,True,True,"[13, 5, 42, 38, 47, 22, 31, 6]",[],"[13.881749917631808, 5.845912067317871, 42.951573741810165, 38.277599744800035, 47.12195604279824, 22.27421899844354, 31.10603481005109, 6.506482921145925]","[{'INP': 32}, {'CONV': [64, 3]}, ({'CONV': [32, 5]}, {'CONV': [128, 5]}), ({'CONV': [32, 3]}, {'CONV': [128, 5]}, {'POOLMAX': [-1, 2]}), ({'CONV': [128, 5]}, {'CONV': [64, 3]}), ({'CONV': [128, 3]}, {'CONV': [256, 3]}, {'POOLMAX': [-1, 2]}), ({'CONV': [128, 5]}, {'CONV': [256, 5]}), ({'CONV': [64, 3]}, {'CONV': [256, 3]}, {'POOLMAX': [-1, 2]}), ({'CONV': [64, 5]}, {'CONV': [256, 5]}), ({'CONV': [32, 3]}, {'CONV': [256, 3]}, {'POOLMAX': [-1, 2]}), {'GLOBAL_AVG': None}, {'LAST_DENSE': [100, 'softmax']}]",HHSE,NSGA2,,,,,0.7083600476172108,,,,1321826816,4081316,,,,,,"[12, 5, 44, 38, 46, 23, 31, 7]",0.7288009476060673,-2.6792949083809248e-06,0.75,0.25,0.625,0.0,0.79,0,1,0,100,0,0.01,BEST,False,False,135,True,True,GREEDY,,,GREEDY_HV
BUFQAL[M],13,14,90,79,0.9,True,True,"[13, 5, 42, 38, 47, 22, 31, 6]",[],"[13.881749917631808, 5.845912067317871, 42.951573741810165, 38.277599744800035, 47.12195604279824, 22.27421899844354, 31.10603481005109, 6.506482921145925]","[{'INP': 32}, {'CONV': [64, 3]}, ({'CONV': [32, 5]}, {'CONV': [128, 5]}), ({'CONV': [32, 3]}, {'CONV': [128, 5]}, {'POOLMAX': [-1, 2]}), ({'CONV': [128, 5]}, {'CONV': [64, 3]}), ({'CONV': [128, 3]}, {'CONV': [256, 3]}, {'POOLMAX': [-1, 2]}), ({'CONV': [128, 5]}, {'CONV': [256, 5]}), ({'CONV': [64, 3]}, {'CONV': [256, 3]}, {'POOLMAX': [-1, 2]}), ({'CONV': [64, 5]}, {'CONV': [256, 5]}), ({'CONV': [32, 3]}, {'CONV': [256, 3]}, {'POOLMAX': [-1, 2]}), {'GLOBAL_AVG': None}, {'LAST_DENSE': [100, 'softmax']}]",HHSE,NSGA2,,,,,0.7083600476172108,,,,1321826816,4081316,,,,,,"[12, 5, 44, 38, 46, 23, 31, 7]",0.7292269139786204,0.0003898432737292,0.75,0.25,0.625,0.0,0.79,0,0,0,100,0,0.0,BEST,False,False,135,True,True,GREEDY,,,GREEDY_HV
BUFQAL[M][M][M],13,14,91,91,0.91,True,True,"[13, 5, 43, 38, 47, 22, 31, 6]",[],"[13.689222731738324, 5.761236837809521, 43.13440786940773, 38.314164318050565, 47.3328720700793, 22.915152950965066, 31.659414916145543, 6.783330372843528]","[{'INP': 32}, {'CONV': [64, 3]}, ({'CONV': [32, 5]}, {'CONV': [128, 5]}), ({'CONV': [32, 3]}, {'CONV': [128, 5]}, {'POOLMAX': [-1, 2]}), ({'CONV': [128, 5]}, {'CONV': [64, 5]}), ({'CONV': [128, 3]}, {'CONV': [256, 3]}, {'POOLMAX': [-1, 2]}), ({'CONV': [128, 5]}, {'CONV': [256, 5]}), ({'CONV': [64, 3]}, {'CONV': [256, 3]}, {'POOLMAX': [-1, 2]}), ({'CONV': [64, 5]}, {'CONV': [256, 5]}), ({'CONV': [32, 3]}, {'CONV': [256, 3]}, {'POOLMAX': [-1, 2]}), {'GLOBAL_AVG': None}, {'LAST_DENSE': [100, 'softmax']}]",HHSE,NSGA2,,,,,0.7084653312472957,,,,1388935680,4212388,,,,,,"[13, 5, 42, 38, 47, 22, 31, 6]",0.7331188466676541,0.004181688374281,0.0,0.0,0.125,0.125,0.91,0,1,0,100,0,0.01,BEST,False,False,132,True,True,GREEDY,,,GREEDY_HV
BBKPNU[M],13,14,92,92,0.92,True,True,"[3, 10, 19, 38, 46, 6, 22, 23]",[],"[3.7709524718309817, 10.06540103410181, 19.810647749908153, 38.08585335392423, 46.09173005958548, 6.3057321226217855, 22.530176626715235, 23.6886080379415]","[{'INP': 32}, {'CONV': [64, 3]}, ({'CONV': [32, 3]}, {'CONV': [64, 5]}), ({'CONV': [32, 5]}, {'CONV': [64, 3]}, {'POOLMAX': [-1, 2]}), ({'CONV': [64, 3]}, {'CONV': [64, 5]}), ({'CONV': [128, 3]}, {'CONV': [256, 3]}, {'POOLMAX': [-1, 2]}), ({'CONV': [128, 5]}, {'CONV': [256, 3]}), ({'CONV': [32, 3]}, {'CONV': [256, 3]}, {'POOLMAX': [-1, 2]}), ({'CONV': [64, 3]}, {'CONV': [256, 3]}), ({'CONV': [64, 3]}, {'CONV': [256, 5]}, {'POOLMAX': [-1, 2]}), {'GLOBAL_AVG': None}, {'LAST_DENSE': [100, 'softmax']}]",HHSE,NSGA2,,,,,0.7089259717074007,,,,740432896,2796452,,,,,,"[3, 8, 19, 38, 46, 6, 22, 23]",0.7322091082063804,0.0031001739738381,0.375,0.375,0.125,0.875,0.92,0,0,0,100,0,0.0,BEST,False,False,125,True,True,GREEDY,,,GREEDY_HV
BQVKPT[M][M][M][M][M],13,14,93,93,0.93,True,True,"[14, 4, 20, 38, 15, 6, 22, 23]",[],"[14.664292423903467, 4.281486889698825, 20.151074805187505, 38.04931698223066, 15.13790668363652, 6.694257270268278, 22.124886920276325, 23.179537115320798]","[{'INP': 32}, {'CONV': [64, 3]}, ({'CONV': [32, 5]}, {'CONV': [256, 3]}), ({'CONV': [32, 3]}, {'CONV': [128, 3]}, {'POOLMAX': [-1, 2]}), ({'CONV': [64, 3]}, {'CONV': [128, 3]}), ({'CONV': [128, 3]}, {'CONV': [256, 3]}, {'POOLMAX': [-1, 2]}), ({'CONV': [32, 5]}, {'CONV': [256, 5]}), ({'CONV': [32, 3]}, {'CONV': [256, 3]}, {'POOLMAX': [-1, 2]}), ({'CONV': [64, 3]}, {'CONV': [256, 3]}), ({'CONV': [64, 3]}, {'CONV': [256, 5]}, {'POOLMAX': [-1, 2]}), {'GLOBAL_AVG': None}, {'LAST_DENSE': [100, 'softmax']}]",HHSE,NSGA2,,,,,0.7109841212789224,,,,890954752,2271012,,,,,,"[13, 4, 19, 38, 15, 6, 22, 23]",0.729624623426452,1.178964384118686e-06,0.0,0.0,0.25,0.5,0.93,0,1,0,100,0,0.01,BEST,False,False,89,True,True,GREEDY,,,GREEDY_HV
BQVKPT[M][M][M][M][M],13,14,94,93,0.94,True,True,"[14, 4, 20, 38, 15, 6, 22, 23]",[],"[14.664292423903467, 4.281486889698825, 20.151074805187505, 38.04931698223066, 15.13790668363652, 6.694257270268278, 22.124886920276325, 23.179537115320798]","[{'INP': 32}, {'CONV': [64, 3]}, ({'CONV': [32, 5]}, {'CONV': [256, 3]}), ({'CONV': [32, 3]}, {'CONV': [128, 3]}, {'POOLMAX': [-1, 2]}), ({'CONV': [64, 3]}, {'CONV': [128, 3]}), ({'CONV': [128, 3]}, {'CONV': [256, 3]}, {'POOLMAX': [-1, 2]}), ({'CONV': [32, 5]}, {'CONV': [256, 5]}), ({'CONV': [32, 3]}, {'CONV': [256, 3]}, {'POOLMAX': [-1, 2]}), ({'CONV': [64, 3]}, {'CONV': [256, 3]}), ({'CONV': [64, 3]}, {'CONV': [256, 5]}, {'POOLMAX': [-1, 2]}), {'GLOBAL_AVG': None}, {'LAST_DENSE': [100, 'softmax']}]",HHSE,NSGA2,,,,,0.7109841212789224,,,,890954752,2271012,,,,,,"[13, 4, 19, 38, 15, 6, 22, 23]",0.7316597589282345,-1.4379183088886194e-05,0.0,0.0,0.25,0.0,0.93,0,1,0,100,0,0.01,BEST,False,False,89,True,True,GREEDY,,,GREEDY_HV
BQVKPT[M][M][M][M][M],13,14,95,93,0.95,True,True,"[14, 4, 20, 38, 15, 6, 22, 23]",[],"[14.664292423903467, 4.281486889698825, 20.151074805187505, 38.04931698223066, 15.13790668363652, 6.694257270268278, 22.124886920276325, 23.179537115320798]","[{'INP': 32}, {'CONV': [64, 3]}, ({'CONV': [32, 5]}, {'CONV': [256, 3]}), ({'CONV': [32, 3]}, {'CONV': [128, 3]}, {'POOLMAX': [-1, 2]}), ({'CONV': [64, 3]}, {'CONV': [128, 3]}), ({'CONV': [128, 3]}, {'CONV': [256, 3]}, {'POOLMAX': [-1, 2]}), ({'CONV': [32, 5]}, {'CONV': [256, 5]}), ({'CONV': [32, 3]}, {'CONV': [256, 3]}, {'POOLMAX': [-1, 2]}), ({'CONV': [64, 3]}, {'CONV': [256, 3]}), ({'CONV': [64, 3]}, {'CONV': [256, 5]}, {'POOLMAX': [-1, 2]}), {'GLOBAL_AVG': None}, {'LAST_DENSE': [100, 'softmax']}]",HHSE,NSGA2,,,,,0.7109841212789224,,,,890954752,2271012,,,,,,"[13, 4, 19, 38, 15, 6, 22, 23]",0.7317023013279376,3.2798904590070066e-06,0.0,0.0,0.25,0.0,0.93,0,0,0,100,0,0.0,BEST,False,False,89,True,True,GREEDY,,,GREEDY_HV
BGKEXZ[M],13,14,96,96,0.96,True,True,"[14, 7, 20, 38, 14, 6, 22, 23]",[],"[14.086570296684334, 7.713138921176181, 20.092976046243088, 38.17055431943422, 14.475974386759498, 6.2759527285286865, 22.655138902024188, 23.329419314039683]","[{'INP': 32}, {'CONV': [64, 3]}, ({'CONV': [32, 5]}, {'CONV': [256, 3]}), ({'CONV': [32, 3]}, {'CONV': [256, 5]}, {'POOLMAX': [-1, 2]}), ({'CONV': [64, 3]}, {'CONV': [128, 3]}), ({'CONV': [128, 3]}, {'CONV': [256, 3]}, {'POOLMAX': [-1, 2]}), ({'CONV': [32, 5]}, {'CONV': [256, 3]}), ({'CONV': [32, 3]}, {'CONV': [256, 3]}, {'POOLMAX': [-1, 2]}), ({'CONV': [64, 3]}, {'CONV': [256, 3]}), ({'CONV': [64, 3]}, {'CONV': [256, 5]}, {'POOLMAX': [-1, 2]}), {'GLOBAL_AVG': None}, {'LAST_DENSE': [100, 'softmax']}]",HHSE,NSGA2,,,,,0.7122794759084613,,,,1257038848,2382116,,,,,,"[14, 7, 20, 38, 14, 6, 22, 23]",0.7317631121279339,1.4046569697501177e-05,0.25,0.125,0.0,0.25,0.96,0,1,0,100,0,0.01,BEST,False,False,66,True,True,GREEDY,,,GREEDY_HV
BGKEXZ[M],13,14,97,96,0.97,True,True,"[14, 7, 20, 38, 14, 6, 22, 23]",[],"[14.086570296684334, 7.713138921176181, 20.092976046243088, 38.17055431943422, 14.475974386759498, 6.2759527285286865, 22.655138902024188, 23.329419314039683]","[{'INP': 32}, {'CONV': [64, 3]}, ({'CONV': [32, 5]}, {'CONV': [256, 3]}), ({'CONV': [32, 3]}, {'CONV': [256, 5]}, {'POOLMAX': [-1, 2]}), ({'CONV': [64, 3]}, {'CONV': [128, 3]}), ({'CONV': [128, 3]}, {'CONV': [256, 3]}, {'POOLMAX': [-1, 2]}), ({'CONV': [32, 5]}, {'CONV': [256, 3]}), ({'CONV': [32, 3]}, {'CONV': [256, 3]}, {'POOLMAX': [-1, 2]}), ({'CONV': [64, 3]}, {'CONV': [256, 3]}), ({'CONV': [64, 3]}, {'CONV': [256, 5]}, {'POOLMAX': [-1, 2]}), {'GLOBAL_AVG': None}, {'LAST_DENSE': [100, 'softmax']}]",HHSE,NSGA2,,,,,0.7122794759084613,,,,1257038848,2382116,,,,,,"[14, 7, 20, 38, 14, 6, 22, 23]",0.7329101157630116,-1.3954009574934643e-05,0.25,0.125,0.0,0.0,0.96,0,0,0,100,0,0.0,BEST,False,False,66,True,True,GREEDY,,,GREEDY_HV
BGKEXZ[M],13,14,98,96,0.98,True,True,"[14, 7, 20, 38, 14, 6, 22, 23]",[],"[14.086570296684334, 7.713138921176181, 20.092976046243088, 38.17055431943422, 14.475974386759498, 6.2759527285286865, 22.655138902024188, 23.329419314039683]","[{'INP': 32}, {'CONV': [64, 3]}, ({'CONV': [32, 5]}, {'CONV': [256, 3]}), ({'CONV': [32, 3]}, {'CONV': [256, 5]}, {'POOLMAX': [-1, 2]}), ({'CONV': [64, 3]}, {'CONV': [128, 3]}), ({'CONV': [128, 3]}, {'CONV': [256, 3]}, {'POOLMAX': [-1, 2]}), ({'CONV': [32, 5]}, {'CONV': [256, 3]}), ({'CONV': [32, 3]}, {'CONV': [256, 3]}, {'POOLMAX': [-1, 2]}), ({'CONV': [64, 3]}, {'CONV': [256, 3]}), ({'CONV': [64, 3]}, {'CONV': [256, 5]}, {'POOLMAX': [-1, 2]}), {'GLOBAL_AVG': None}, {'LAST_DENSE': [100, 'softmax']}]",HHSE,NSGA2,,,,,0.7122794759084613,,,,1257038848,2382116,,,,,,"[14, 7, 20, 38, 14, 6, 22, 23]",0.7331183055116587,-5.474506991065553e-06,0.25,0.125,0.0,0.0,0.96,0,1,0,100,0,0.01,BEST,False,False,66,True,True,GREEDY,,,GREEDY_HV
BBJYGR[M],13,14,99,99,0.99,True,True,"[2, 7, 20, 38, 46, 6, 22, 23]",[],"[2.0098732155640606, 7.36797025706515, 20.41619114486584, 38.74254909997301, 46.45708389090198, 6.435514080420138, 22.3004723396989, 23.405205396109153]","[{'INP': 32}, {'CONV': [64, 3]}, ({'CONV': [32, 3]}, {'CONV': [64, 3]}), ({'CONV': [32, 3]}, {'CONV': [256, 5]}, {'POOLMAX': [-1, 2]}), ({'CONV': [64, 3]}, {'CONV': [128, 3]}), ({'CONV': [128, 3]}, {'CONV': [256, 3]}, {'POOLMAX': [-1, 2]}), ({'CONV': [128, 5]}, {'CONV': [256, 3]}), ({'CONV': [32, 3]}, {'CONV': [256, 3]}, {'POOLMAX': [-1, 2]}), ({'CONV': [64, 3]}, {'CONV': [256, 3]}), ({'CONV': [64, 3]}, {'CONV': [256, 5]}, {'POOLMAX': [-1, 2]}), {'GLOBAL_AVG': None}, {'LAST_DENSE': [100, 'softmax']}]",HHSE,NSGA2,,,,,0.7142261677102628,,,,1069440000,3073956,,,,,,"[2, 7, 20, 38, 46, 6, 22, 23]",0.7331765966821732,-8.416858423232476e-06,0.25,0.25,0.0,0.25,0.99,0,0,0,100,0,0.0,BEST,False,False,36,True,True,GREEDY,,,GREEDY_HV
BBFGIY[M],13,14,100,100,1.0,True,True,"[14, 7, 20, 38, 46, 6, 22, 23]",[],"[14.30151110537621, 7.856382556355829, 20.057631517821047, 38.76370979667237, 46.11766711018431, 6.584491936235908, 22.473355469192995, 23.94907042461313]","[{'INP': 32}, {'CONV': [64, 3]}, ({'CONV': [32, 5]}, {'CONV': [256, 3]}), ({'CONV': [32, 3]}, {'CONV': [256, 5]}, {'POOLMAX': [-1, 2]}), ({'CONV': [64, 3]}, {'CONV': [128, 3]}), ({'CONV': [128, 3]}, {'CONV': [256, 3]}, {'POOLMAX': [-1, 2]}), ({'CONV': [128, 5]}, {'CONV': [256, 3]}), ({'CONV': [32, 3]}, {'CONV': [256, 3]}, {'POOLMAX': [-1, 2]}), ({'CONV': [64, 3]}, {'CONV': [256, 3]}), ({'CONV': [64, 3]}, {'CONV': [256, 5]}, {'POOLMAX': [-1, 2]}), {'GLOBAL_AVG': None}, {'LAST_DENSE': [100, 'softmax']}]",HHSE,NSGA2,,,,,0.7145194800413232,,,,1364024320,3218084,,,,,,"[14, 7, 20, 38, 46, 6, 22, 23]",0.7348400899428428,-2.1390488640360417e-06,0.125,0.125,0.0,0.125,1.0,0,0,0,100,0,0.0,BEST,False,False,31,True,True,GREEDY,,,GREEDY_HV
BQYVYF,14,15,1,1,0.01,False,False,"[49, 39, 4, 35, 39, 14, 36, 55]",[],"[49.3327169996972, 39.91112037918995, 4.4866768789043086, 35.11900396053681, 39.60444743453681, 14.662954484309216, 36.5874431279904, 55.89381147688516]","[{'INP': 32}, {'CONV': [64, 3]}, ({'CONV': [256, 3]}, {'CONV': [32, 5]}), ({'CONV': [128, 3]}, {'CONV': [256, 5]}, {'POOLMAX': [-1, 2]}), ({'CONV': [32, 3]}, {'CONV': [128, 3]}), ({'CONV': [128, 3]}, {'CONV': [64, 5]}, {'POOLMAX': [-1, 2]}), ({'CONV': [128, 3]}, {'CONV': [256, 5]}), ({'CONV': [32, 5]}, {'CONV': [256, 3]}, {'POOLMAX': [-1, 2]}), ({'CONV': [128, 3]}, {'CONV': [128, 3]}), ({'CONV': [256, 3]}, {'CONV': [256, 5]}, {'POOLMAX': [-1, 2]}), {'GLOBAL_AVG': None}, {'LAST_DENSE': [100, 'softmax']}]",HHSE,NSGA2,,,,,0.6916223212247358,,,,2946868224,5255844,,,,,,,0.6697850518837682,0.0,0.0,0.0,0.0,0.0,0.01,0,10,0,100,0,0.1,BEST,False,False,317,True,True,GREEDY,,,GREEDY_HV
BYUKUW[M][M],14,15,2,2,0.02,True,True,"[27, 55, 49, 36, 35, 23, 62, 55]",[],"[27.392302614372618, 55.04733326186474, 49.72196788798746, 36.284159366241894, 35.948300571197784, 23.26784961590283, 62.997174363664065, 55.462610091421446]","[{'INP': 32}, {'CONV': [64, 3]}, ({'CONV': [64, 5]}, {'CONV': [64, 5]}), ({'CONV': [256, 3]}, {'CONV': [256, 5]}, {'POOLMAX': [-1, 2]}), ({'CONV': [256, 3]}, {'CONV': [32, 5]}), ({'CONV': [128, 3]}, {'CONV': [128, 3]}, {'POOLMAX': [-1, 2]}), ({'CONV': [128, 3]}, {'CONV': [64, 5]}), ({'CONV': [64, 3]}, {'CONV': [256, 5]}, {'POOLMAX': [-1, 2]}), ({'CONV': [256, 5]}, {'CONV': [256, 3]}), ({'CONV': [256, 3]}, {'CONV': [256, 5]}, {'POOLMAX': [-1, 2]}), {'GLOBAL_AVG': None}, {'LAST_DENSE': [100, 'softmax']}]",HHSE,NSGA2,,,,,0.6995686592573492,,,,4832324608,8263332,,,,,,"[41, 48, 32, 47, 23, 48, 62, 38]",0.6875614319830774,-0.000145044451227,0.0,0.0,0.875,0.875,0.02,0,4,0,100,0,0.04,BEST,False,False,255,True,True,GREEDY,,,GREEDY_HV
BYUKUW[M][M],14,15,3,2,0.03,True,True,"[27, 55, 49, 36, 35, 23, 62, 55]",[],"[27.392302614372618, 55.04733326186474, 49.72196788798746, 36.284159366241894, 35.948300571197784, 23.26784961590283, 62.997174363664065, 55.462610091421446]","[{'INP': 32}, {'CONV': [64, 3]}, ({'CONV': [64, 5]}, {'CONV': [64, 5]}), ({'CONV': [256, 3]}, {'CONV': [256, 5]}, {'POOLMAX': [-1, 2]}), ({'CONV': [256, 3]}, {'CONV': [32, 5]}), ({'CONV': [128, 3]}, {'CONV': [128, 3]}, {'POOLMAX': [-1, 2]}), ({'CONV': [128, 3]}, {'CONV': [64, 5]}), ({'CONV': [64, 3]}, {'CONV': [256, 5]}, {'POOLMAX': [-1, 2]}), ({'CONV': [256, 5]}, {'CONV': [256, 3]}), ({'CONV': [256, 3]}, {'CONV': [256, 5]}, {'POOLMAX': [-1, 2]}), {'GLOBAL_AVG': None}, {'LAST_DENSE': [100, 'softmax']}]",HHSE,NSGA2,,,,,0.6995686592573492,,,,4832324608,8263332,,,,,,"[41, 48, 32, 47, 23, 48, 62, 38]",0.6971033527769023,-0.0003619207219736,0.0,0.0,0.875,0.0,0.02,0,4,0,100,0,0.04,BEST,False,False,255,True,True,GREEDY,,,GREEDY_HV
BYUKUW[M][M],14,15,4,2,0.04,True,True,"[27, 55, 49, 36, 35, 23, 62, 55]",[],"[27.392302614372618, 55.04733326186474, 49.72196788798746, 36.284159366241894, 35.948300571197784, 23.26784961590283, 62.997174363664065, 55.462610091421446]","[{'INP': 32}, {'CONV': [64, 3]}, ({'CONV': [64, 5]}, {'CONV': [64, 5]}), ({'CONV': [256, 3]}, {'CONV': [256, 5]}, {'POOLMAX': [-1, 2]}), ({'CONV': [256, 3]}, {'CONV': [32, 5]}), ({'CONV': [128, 3]}, {'CONV': [128, 3]}, {'POOLMAX': [-1, 2]}), ({'CONV': [128, 3]}, {'CONV': [64, 5]}), ({'CONV': [64, 3]}, {'CONV': [256, 5]}, {'POOLMAX': [-1, 2]}), ({'CONV': [256, 5]}, {'CONV': [256, 3]}), ({'CONV': [256, 3]}, {'CONV': [256, 5]}, {'POOLMAX': [-1, 2]}), {'GLOBAL_AVG': None}, {'LAST_DENSE': [100, 'softmax']}]",HHSE,NSGA2,,,,,0.6995686592573492,,,,4832324608,8263332,,,,,,"[41, 48, 32, 47, 23, 48, 62, 38]",0.7014451787915219,-0.0023345860159779,0.0,0.0,0.875,0.0,0.02,0,0,0,100,0,0.0,BEST,False,False,255,True,True,GREEDY,,,GREEDY_HV
BYUKUW[M][M],14,15,5,2,0.05,True,True,"[27, 55, 49, 36, 35, 23, 62, 55]",[],"[27.392302614372618, 55.04733326186474, 49.72196788798746, 36.284159366241894, 35.948300571197784, 23.26784961590283, 62.997174363664065, 55.462610091421446]","[{'INP': 32}, {'CONV': [64, 3]}, ({'CONV': [64, 5]}, {'CONV': [64, 5]}), ({'CONV': [256, 3]}, {'CONV': [256, 5]}, {'POOLMAX': [-1, 2]}), ({'CONV': [256, 3]}, {'CONV': [32, 5]}), ({'CONV': [128, 3]}, {'CONV': [128, 3]}, {'POOLMAX': [-1, 2]}), ({'CONV': [128, 3]}, {'CONV': [64, 5]}), ({'CONV': [64, 3]}, {'CONV': [256, 5]}, {'POOLMAX': [-1, 2]}), ({'CONV': [256, 5]}, {'CONV': [256, 3]}), ({'CONV': [256, 3]}, {'CONV': [256, 5]}, {'POOLMAX': [-1, 2]}), {'GLOBAL_AVG': None}, {'LAST_DENSE': [100, 'softmax']}]",HHSE,NSGA2,,,,,0.6995686592573492,,,,4832324608,8263332,,,,,,"[41, 48, 32, 47, 23, 48, 62, 38]",0.7053087139320977,-0.0036911148631577,0.0,0.0,0.875,0.0,0.02,0,1,0,100,0,0.01,BEST,False,False,255,True,True,GREEDY,,,GREEDY_HV
BYUKUW[M][M],14,15,6,2,0.06,True,True,"[27, 55, 49, 36, 35, 23, 62, 55]",[],"[27.392302614372618, 55.04733326186474, 49.72196788798746, 36.284159366241894, 35.948300571197784, 23.26784961590283, 62.997174363664065, 55.462610091421446]","[{'INP': 32}, {'CONV': [64, 3]}, ({'CONV': [64, 5]}, {'CONV': [64, 5]}), ({'CONV': [256, 3]}, {'CONV': [256, 5]}, {'POOLMAX': [-1, 2]}), ({'CONV': [256, 3]}, {'CONV': [32, 5]}), ({'CONV': [128, 3]}, {'CONV': [128, 3]}, {'POOLMAX': [-1, 2]}), ({'CONV': [128, 3]}, {'CONV': [64, 5]}), ({'CONV': [64, 3]}, {'CONV': [256, 5]}, {'POOLMAX': [-1, 2]}), ({'CONV': [256, 5]}, {'CONV': [256, 3]}), ({'CONV': [256, 3]}, {'CONV': [256, 5]}, {'POOLMAX': [-1, 2]}), {'GLOBAL_AVG': None}, {'LAST_DENSE': [100, 'softmax']}]",HHSE,NSGA2,,,,,0.6995686592573492,,,,4832324608,8263332,,,,,,"[41, 48, 32, 47, 23, 48, 62, 38]",0.7057180194927306,-0.0003926506475893,0.0,0.0,0.875,0.0,0.02,0,0,0,100,0,0.0,BEST,False,False,255,True,True,GREEDY,,,GREEDY_HV
BYUKUW[M][M],14,15,7,2,0.07,True,True,"[27, 55, 49, 36, 35, 23, 62, 55]",[],"[27.392302614372618, 55.04733326186474, 49.72196788798746, 36.284159366241894, 35.948300571197784, 23.26784961590283, 62.997174363664065, 55.462610091421446]","[{'INP': 32}, {'CONV': [64, 3]}, ({'CONV': [64, 5]}, {'CONV': [64, 5]}), ({'CONV': [256, 3]}, {'CONV': [256, 5]}, {'POOLMAX': [-1, 2]}), ({'CONV': [256, 3]}, {'CONV': [32, 5]}), ({'CONV': [128, 3]}, {'CONV': [128, 3]}, {'POOLMAX': [-1, 2]}), ({'CONV': [128, 3]}, {'CONV': [64, 5]}), ({'CONV': [64, 3]}, {'CONV': [256, 5]}, {'POOLMAX': [-1, 2]}), ({'CONV': [256, 5]}, {'CONV': [256, 3]}), ({'CONV': [256, 3]}, {'CONV': [256, 5]}, {'POOLMAX': [-1, 2]}), {'GLOBAL_AVG': None}, {'LAST_DENSE': [100, 'softmax']}]",HHSE,NSGA2,,,,,0.6995686592573492,,,,4832324608,8263332,,,,,,"[41, 48, 32, 47, 23, 48, 62, 38]",0.7107539965230153,-0.0011917851266919,0.0,0.0,0.875,0.0,0.02,0,1,0,100,0,0.01,BEST,False,False,255,True,True,GREEDY,,,GREEDY_HV
BYUKUW[M][M],14,15,8,2,0.08,True,True,"[27, 55, 49, 36, 35, 23, 62, 55]",[],"[27.392302614372618, 55.04733326186474, 49.72196788798746, 36.284159366241894, 35.948300571197784, 23.26784961590283, 62.997174363664065, 55.462610091421446]","[{'INP': 32}, {'CONV': [64, 3]}, ({'CONV': [64, 5]}, {'CONV': [64, 5]}), ({'CONV': [256, 3]}, {'CONV': [256, 5]}, {'POOLMAX': [-1, 2]}), ({'CONV': [256, 3]}, {'CONV': [32, 5]}), ({'CONV': [128, 3]}, {'CONV': [128, 3]}, {'POOLMAX': [-1, 2]}), ({'CONV': [128, 3]}, {'CONV': [64, 5]}), ({'CONV': [64, 3]}, {'CONV': [256, 5]}, {'POOLMAX': [-1, 2]}), ({'CONV': [256, 5]}, {'CONV': [256, 3]}), ({'CONV': [256, 3]}, {'CONV': [256, 5]}, {'POOLMAX': [-1, 2]}), {'GLOBAL_AVG': None}, {'LAST_DENSE': [100, 'softmax']}]",HHSE,NSGA2,,,,,0.6995686592573492,,,,4832324608,8263332,,,,,,"[41, 48, 32, 47, 23, 48, 62, 38]",0.71167354711559,-0.0018980697259074,0.0,0.0,0.875,0.0,0.02,0,1,0,100,0,0.01,BEST,False,False,255,True,True,GREEDY,,,GREEDY_HV
BYUKUW[M][M],14,15,9,2,0.09,True,True,"[27, 55, 49, 36, 35, 23, 62, 55]",[],"[27.392302614372618, 55.04733326186474, 49.72196788798746, 36.284159366241894, 35.948300571197784, 23.26784961590283, 62.997174363664065, 55.462610091421446]","[{'INP': 32}, {'CONV': [64, 3]}, ({'CONV': [64, 5]}, {'CONV': [64, 5]}), ({'CONV': [256, 3]}, {'CONV': [256, 5]}, {'POOLMAX': [-1, 2]}), ({'CONV': [256, 3]}, {'CONV': [32, 5]}), ({'CONV': [128, 3]}, {'CONV': [128, 3]}, {'POOLMAX': [-1, 2]}), ({'CONV': [128, 3]}, {'CONV': [64, 5]}), ({'CONV': [64, 3]}, {'CONV': [256, 5]}, {'POOLMAX': [-1, 2]}), ({'CONV': [256, 5]}, {'CONV': [256, 3]}), ({'CONV': [256, 3]}, {'CONV': [256, 5]}, {'POOLMAX': [-1, 2]}), {'GLOBAL_AVG': None}, {'LAST_DENSE': [100, 'softmax']}]",HHSE,NSGA2,,,,,0.6995686592573492,,,,4832324608,8263332,,,,,,"[41, 48, 32, 47, 23, 48, 62, 38]",0.7117830585187842,-0.0006833986009016,0.0,0.0,0.875,0.0,0.02,0,1,0,100,0,0.01,BEST,False,False,255,True,True,GREEDY,,,GREEDY_HV
BYUKUW[M][M],14,15,10,2,0.1,True,True,"[27, 55, 49, 36, 35, 23, 62, 55]",[],"[27.392302614372618, 55.04733326186474, 49.72196788798746, 36.284159366241894, 35.948300571197784, 23.26784961590283, 62.997174363664065, 55.462610091421446]","[{'INP': 32}, {'CONV': [64, 3]}, ({'CONV': [64, 5]}, {'CONV': [64, 5]}), ({'CONV': [256, 3]}, {'CONV': [256, 5]}, {'POOLMAX': [-1, 2]}), ({'CONV': [256, 3]}, {'CONV': [32, 5]}), ({'CONV': [128, 3]}, {'CONV': [128, 3]}, {'POOLMAX': [-1, 2]}), ({'CONV': [128, 3]}, {'CONV': [64, 5]}), ({'CONV': [64, 3]}, {'CONV': [256, 5]}, {'POOLMAX': [-1, 2]}), ({'CONV': [256, 5]}, {'CONV': [256, 3]}), ({'CONV': [256, 3]}, {'CONV': [256, 5]}, {'POOLMAX': [-1, 2]}), {'GLOBAL_AVG': None}, {'LAST_DENSE': [100, 'softmax']}]",HHSE,NSGA2,,,,,0.6995686592573492,,,,4832324608,8263332,,,,,,"[41, 48, 32, 47, 23, 48, 62, 38]",0.7120747729370384,-0.000422419776816,0.0,0.0,0.875,0.0,0.02,0,0,0,100,0,0.0,BEST,False,False,255,True,True,GREEDY,,,GREEDY_HV
BYUKUW[M][M],14,15,11,2,0.11,True,True,"[27, 55, 49, 36, 35, 23, 62, 55]",[],"[27.392302614372618, 55.04733326186474, 49.72196788798746, 36.284159366241894, 35.948300571197784, 23.26784961590283, 62.997174363664065, 55.462610091421446]","[{'INP': 32}, {'CONV': [64, 3]}, ({'CONV': [64, 5]}, {'CONV': [64, 5]}), ({'CONV': [256, 3]}, {'CONV': [256, 5]}, {'POOLMAX': [-1, 2]}), ({'CONV': [256, 3]}, {'CONV': [32, 5]}), ({'CONV': [128, 3]}, {'CONV': [128, 3]}, {'POOLMAX': [-1, 2]}), ({'CONV': [128, 3]}, {'CONV': [64, 5]}), ({'CONV': [64, 3]}, {'CONV': [256, 5]}, {'POOLMAX': [-1, 2]}), ({'CONV': [256, 5]}, {'CONV': [256, 3]}), ({'CONV': [256, 3]}, {'CONV': [256, 5]}, {'POOLMAX': [-1, 2]}), {'GLOBAL_AVG': None}, {'LAST_DENSE': [100, 'softmax']}]",HHSE,NSGA2,,,,,0.6995686592573492,,,,4832324608,8263332,,,,,,"[41, 48, 32, 47, 23, 48, 62, 38]",0.7121951343382433,-0.0021866633736483,0.0,0.0,0.875,0.0,0.02,0,0,0,100,0,0.0,BEST,False,False,255,True,True,GREEDY,,,GREEDY_HV
BYUKUW[M][M],14,15,12,2,0.12,True,True,"[27, 55, 49, 36, 35, 23, 62, 55]",[],"[27.392302614372618, 55.04733326186474, 49.72196788798746, 36.284159366241894, 35.948300571197784, 23.26784961590283, 62.997174363664065, 55.462610091421446]","[{'INP': 32}, {'CONV': [64, 3]}, ({'CONV': [64, 5]}, {'CONV': [64, 5]}), ({'CONV': [256, 3]}, {'CONV': [256, 5]}, {'POOLMAX': [-1, 2]}), ({'CONV': [256, 3]}, {'CONV': [32, 5]}), ({'CONV': [128, 3]}, {'CONV': [128, 3]}, {'POOLMAX': [-1, 2]}), ({'CONV': [128, 3]}, {'CONV': [64, 5]}), ({'CONV': [64, 3]}, {'CONV': [256, 5]}, {'POOLMAX': [-1, 2]}), ({'CONV': [256, 5]}, {'CONV': [256, 3]}), ({'CONV': [256, 3]}, {'CONV': [256, 5]}, {'POOLMAX': [-1, 2]}), {'GLOBAL_AVG': None}, {'LAST_DENSE': [100, 'softmax']}]",HHSE,NSGA2,,,,,0.6995686592573492,,,,4832324608,8263332,,,,,,"[41, 48, 32, 47, 23, 48, 62, 38]",0.7123285607527695,-0.0034054944111779,0.0,0.0,0.875,0.0,0.02,0,0,0,100,0,0.0,BEST,False,False,255,True,True,GREEDY,,,GREEDY_HV
BYUKUW[M][M],14,15,13,2,0.13,True,True,"[27, 55, 49, 36, 35, 23, 62, 55]",[],"[27.392302614372618, 55.04733326186474, 49.72196788798746, 36.284159366241894, 35.948300571197784, 23.26784961590283, 62.997174363664065, 55.462610091421446]","[{'INP': 32}, {'CONV': [64, 3]}, ({'CONV': [64, 5]}, {'CONV': [64, 5]}), ({'CONV': [256, 3]}, {'CONV': [256, 5]}, {'POOLMAX': [-1, 2]}), ({'CONV': [256, 3]}, {'CONV': [32, 5]}), ({'CONV': [128, 3]}, {'CONV': [128, 3]}, {'POOLMAX': [-1, 2]}), ({'CONV': [128, 3]}, {'CONV': [64, 5]}), ({'CONV': [64, 3]}, {'CONV': [256, 5]}, {'POOLMAX': [-1, 2]}), ({'CONV': [256, 5]}, {'CONV': [256, 3]}), ({'CONV': [256, 3]}, {'CONV': [256, 5]}, {'POOLMAX': [-1, 2]}), {'GLOBAL_AVG': None}, {'LAST_DENSE': [100, 'softmax']}]",HHSE,NSGA2,,,,,0.6995686592573492,,,,4832324608,8263332,,,,,,"[41, 48, 32, 47, 23, 48, 62, 38]",0.7128175586751372,-0.0005425311176026,0.0,0.0,0.875,0.0,0.02,0,0,0,100,0,0.0,BEST,False,False,255,True,True,GREEDY,,,GREEDY_HV
BYUKUW[M][M],14,15,14,2,0.14,True,True,"[27, 55, 49, 36, 35, 23, 62, 55]",[],"[27.392302614372618, 55.04733326186474, 49.72196788798746, 36.284159366241894, 35.948300571197784, 23.26784961590283, 62.997174363664065, 55.462610091421446]","[{'INP': 32}, {'CONV': [64, 3]}, ({'CONV': [64, 5]}, {'CONV': [64, 5]}), ({'CONV': [256, 3]}, {'CONV': [256, 5]}, {'POOLMAX': [-1, 2]}), ({'CONV': [256, 3]}, {'CONV': [32, 5]}), ({'CONV': [128, 3]}, {'CONV': [128, 3]}, {'POOLMAX': [-1, 2]}), ({'CONV': [128, 3]}, {'CONV': [64, 5]}), ({'CONV': [64, 3]}, {'CONV': [256, 5]}, {'POOLMAX': [-1, 2]}), ({'CONV': [256, 5]}, {'CONV': [256, 3]}), ({'CONV': [256, 3]}, {'CONV': [256, 5]}, {'POOLMAX': [-1, 2]}), {'GLOBAL_AVG': None}, {'LAST_DENSE': [100, 'softmax']}]",HHSE,NSGA2,,,,,0.6995686592573492,,,,4832324608,8263332,,,,,,"[41, 48, 32, 47, 23, 48, 62, 38]",0.7131067639454867,-0.0009685136810354,0.0,0.0,0.875,0.0,0.02,0,0,0,100,0,0.0,BEST,False,False,255,True,True,GREEDY,,,GREEDY_HV
BYUKUW[M][M],14,15,15,2,0.15,True,True,"[27, 55, 49, 36, 35, 23, 62, 55]",[],"[27.392302614372618, 55.04733326186474, 49.72196788798746, 36.284159366241894, 35.948300571197784, 23.26784961590283, 62.997174363664065, 55.462610091421446]","[{'INP': 32}, {'CONV': [64, 3]}, ({'CONV': [64, 5]}, {'CONV': [64, 5]}), ({'CONV': [256, 3]}, {'CONV': [256, 5]}, {'POOLMAX': [-1, 2]}), ({'CONV': [256, 3]}, {'CONV': [32, 5]}), ({'CONV': [128, 3]}, {'CONV': [128, 3]}, {'POOLMAX': [-1, 2]}), ({'CONV': [128, 3]}, {'CONV': [64, 5]}), ({'CONV': [64, 3]}, {'CONV': [256, 5]}, {'POOLMAX': [-1, 2]}), ({'CONV': [256, 5]}, {'CONV': [256, 3]}), ({'CONV': [256, 3]}, {'CONV': [256, 5]}, {'POOLMAX': [-1, 2]}), {'GLOBAL_AVG': None}, {'LAST_DENSE': [100, 'softmax']}]",HHSE,NSGA2,,,,,0.6995686592573492,,,,4832324608,8263332,,,,,,"[41, 48, 32, 47, 23, 48, 62, 38]",0.7131640851251558,-0.0013884743246548,0.0,0.0,0.875,0.0,0.02,0,0,0,100,0,0.0,BEST,False,False,255,True,True,GREEDY,,,GREEDY_HV
BHHYKV[M][M],14,15,16,16,0.16,True,True,"[37, 0, 27, 38, 52, 23, 43, 47]",[],"[37.75883699389062, 0.9691597913088508, 27.32530985334126, 38.25715939211388, 52.118290344707816, 23.47899940254892, 43.935726248712974, 47.49344631750312]","[{'INP': 32}, {'CONV': [64, 3]}, ({'CONV': [128, 3]}, {'CONV': [128, 5]}), ({'CONV': [32, 3]}, {'CONV': [32, 3]}, {'POOLMAX': [-1, 2]}), ({'CONV': [64, 5]}, {'CONV': [64, 5]}), ({'CONV': [128, 3]}, {'CONV': [256, 3]}, {'POOLMAX': [-1, 2]}), ({'CONV': [256, 3]}, {'CONV': [128, 3]}), ({'CONV': [64, 3]}, {'CONV': [256, 5]}, {'POOLMAX': [-1, 2]}), ({'CONV': [128, 5]}, {'CONV': [64, 5]}), ({'CONV': [128, 5]}, {'CONV': [256, 5]}, {'POOLMAX': [-1, 2]}), {'GLOBAL_AVG': None}, {'LAST_DENSE': [100, 'softmax']}]",HHSE,NSGA2,,,,,0.699804375156266,,,,1599221760,4503844,,,,,,"[17, 11, 2, 22, 29, 15, 38, 46]",0.7142535875301526,-0.0005624917600516,0.0,0.0,1.0,0.875,0.16,0,0,0,100,0,0.0,BEST,False,False,251,True,True,GREEDY,,,GREEDY_HV
BHHYKV[M][M],14,15,17,16,0.17,True,True,"[37, 0, 27, 38, 52, 23, 43, 47]",[],"[37.75883699389062, 0.9691597913088508, 27.32530985334126, 38.25715939211388, 52.118290344707816, 23.47899940254892, 43.935726248712974, 47.49344631750312]","[{'INP': 32}, {'CONV': [64, 3]}, ({'CONV': [128, 3]}, {'CONV': [128, 5]}), ({'CONV': [32, 3]}, {'CONV': [32, 3]}, {'POOLMAX': [-1, 2]}), ({'CONV': [64, 5]}, {'CONV': [64, 5]}), ({'CONV': [128, 3]}, {'CONV': [256, 3]}, {'POOLMAX': [-1, 2]}), ({'CONV': [256, 3]}, {'CONV': [128, 3]}), ({'CONV': [64, 3]}, {'CONV': [256, 5]}, {'POOLMAX': [-1, 2]}), ({'CONV': [128, 5]}, {'CONV': [64, 5]}), ({'CONV': [128, 5]}, {'CONV': [256, 5]}, {'POOLMAX': [-1, 2]}), {'GLOBAL_AVG': None}, {'LAST_DENSE': [100, 'softmax']}]",HHSE,NSGA2,,,,,0.699804375156266,,,,1599221760,4503844,,,,,,"[17, 11, 2, 22, 29, 15, 38, 46]",0.7137879524513294,-0.0021749648183475,0.0,0.0,1.0,0.0,0.16,0,0,0,100,0,0.0,BEST,False,False,251,True,True,GREEDY,,,GREEDY_HV
BHHYKV[M][M],14,15,18,16,0.18,True,True,"[37, 0, 27, 38, 52, 23, 43, 47]",[],"[37.75883699389062, 0.9691597913088508, 27.32530985334126, 38.25715939211388, 52.118290344707816, 23.47899940254892, 43.935726248712974, 47.49344631750312]","[{'INP': 32}, {'CONV': [64, 3]}, ({'CONV': [128, 3]}, {'CONV': [128, 5]}), ({'CONV': [32, 3]}, {'CONV': [32, 3]}, {'POOLMAX': [-1, 2]}), ({'CONV': [64, 5]}, {'CONV': [64, 5]}), ({'CONV': [128, 3]}, {'CONV': [256, 3]}, {'POOLMAX': [-1, 2]}), ({'CONV': [256, 3]}, {'CONV': [128, 3]}), ({'CONV': [64, 3]}, {'CONV': [256, 5]}, {'POOLMAX': [-1, 2]}), ({'CONV': [128, 5]}, {'CONV': [64, 5]}), ({'CONV': [128, 5]}, {'CONV': [256, 5]}, {'POOLMAX': [-1, 2]}), {'GLOBAL_AVG': None}, {'LAST_DENSE': [100, 'softmax']}]",HHSE,NSGA2,,,,,0.699804375156266,,,,1599221760,4503844,,,,,,"[17, 11, 2, 22, 29, 15, 38, 46]",0.7137176625292658,-0.0053451725298246,0.0,0.0,1.0,0.0,0.16,0,0,0,100,0,0.0,BEST,False,False,251,True,True,GREEDY,,,GREEDY_HV
BHHYKV[M][M],14,15,19,16,0.19,True,True,"[37, 0, 27, 38, 52, 23, 43, 47]",[],"[37.75883699389062, 0.9691597913088508, 27.32530985334126, 38.25715939211388, 52.118290344707816, 23.47899940254892, 43.935726248712974, 47.49344631750312]","[{'INP': 32}, {'CONV': [64, 3]}, ({'CONV': [128, 3]}, {'CONV': [128, 5]}), ({'CONV': [32, 3]}, {'CONV': [32, 3]}, {'POOLMAX': [-1, 2]}), ({'CONV': [64, 5]}, {'CONV': [64, 5]}), ({'CONV': [128, 3]}, {'CONV': [256, 3]}, {'POOLMAX': [-1, 2]}), ({'CONV': [256, 3]}, {'CONV': [128, 3]}), ({'CONV': [64, 3]}, {'CONV': [256, 5]}, {'POOLMAX': [-1, 2]}), ({'CONV': [128, 5]}, {'CONV': [64, 5]}), ({'CONV': [128, 5]}, {'CONV': [256, 5]}, {'POOLMAX': [-1, 2]}), {'GLOBAL_AVG': None}, {'LAST_DENSE': [100, 'softmax']}]",HHSE,NSGA2,,,,,0.699804375156266,,,,1599221760,4503844,,,,,,"[17, 11, 2, 22, 29, 15, 38, 46]",0.7177941242024064,0.0013594507412226,0.0,0.0,1.0,0.0,0.16,0,0,0,100,0,0.0,BEST,False,False,251,True,True,GREEDY,,,GREEDY_HV
BHHYKV[M][M],14,15,20,16,0.2,True,True,"[37, 0, 27, 38, 52, 23, 43, 47]",[],"[37.75883699389062, 0.9691597913088508, 27.32530985334126, 38.25715939211388, 52.118290344707816, 23.47899940254892, 43.935726248712974, 47.49344631750312]","[{'INP': 32}, {'CONV': [64, 3]}, ({'CONV': [128, 3]}, {'CONV': [128, 5]}), ({'CONV': [32, 3]}, {'CONV': [32, 3]}, {'POOLMAX': [-1, 2]}), ({'CONV': [64, 5]}, {'CONV': [64, 5]}), ({'CONV': [128, 3]}, {'CONV': [256, 3]}, {'POOLMAX': [-1, 2]}), ({'CONV': [256, 3]}, {'CONV': [128, 3]}), ({'CONV': [64, 3]}, {'CONV': [256, 5]}, {'POOLMAX': [-1, 2]}), ({'CONV': [128, 5]}, {'CONV': [64, 5]}), ({'CONV': [128, 5]}, {'CONV': [256, 5]}, {'POOLMAX': [-1, 2]}), {'GLOBAL_AVG': None}, {'LAST_DENSE': [100, 'softmax']}]",HHSE,NSGA2,,,,,0.699804375156266,,,,1599221760,4503844,,,,,,"[17, 11, 2, 22, 29, 15, 38, 46]",0.7144205037513763,-0.0017038348902055,0.0,0.0,1.0,0.0,0.16,0,1,0,100,0,0.01,BEST,False,False,251,True,True,GREEDY,,,GREEDY_HV
BHHYKV[M][M],14,15,21,16,0.21,True,True,"[37, 0, 27, 38, 52, 23, 43, 47]",[],"[37.75883699389062, 0.9691597913088508, 27.32530985334126, 38.25715939211388, 52.118290344707816, 23.47899940254892, 43.935726248712974, 47.49344631750312]","[{'INP': 32}, {'CONV': [64, 3]}, ({'CONV': [128, 3]}, {'CONV': [128, 5]}), ({'CONV': [32, 3]}, {'CONV': [32, 3]}, {'POOLMAX': [-1, 2]}), ({'CONV': [64, 5]}, {'CONV': [64, 5]}), ({'CONV': [128, 3]}, {'CONV': [256, 3]}, {'POOLMAX': [-1, 2]}), ({'CONV': [256, 3]}, {'CONV': [128, 3]}), ({'CONV': [64, 3]}, {'CONV': [256, 5]}, {'POOLMAX': [-1, 2]}), ({'CONV': [128, 5]}, {'CONV': [64, 5]}), ({'CONV': [128, 5]}, {'CONV': [256, 5]}, {'POOLMAX': [-1, 2]}), {'GLOBAL_AVG': None}, {'LAST_DENSE': [100, 'softmax']}]",HHSE,NSGA2,,,,,0.699804375156266,,,,1599221760,4503844,,,,,,"[17, 11, 2, 22, 29, 15, 38, 46]",0.7149031466557607,-0.0008113349360838,0.0,0.0,1.0,0.0,0.16,0,1,0,100,0,0.01,BEST,False,False,251,True,True,GREEDY,,,GREEDY_HV
BHHYKV[M][M],14,15,22,16,0.22,True,True,"[37, 0, 27, 38, 52, 23, 43, 47]",[],"[37.75883699389062, 0.9691597913088508, 27.32530985334126, 38.25715939211388, 52.118290344707816, 23.47899940254892, 43.935726248712974, 47.49344631750312]","[{'INP': 32}, {'CONV': [64, 3]}, ({'CONV': [128, 3]}, {'CONV': [128, 5]}), ({'CONV': [32, 3]}, {'CONV': [32, 3]}, {'POOLMAX': [-1, 2]}), ({'CONV': [64, 5]}, {'CONV': [64, 5]}), ({'CONV': [128, 3]}, {'CONV': [256, 3]}, {'POOLMAX': [-1, 2]}), ({'CONV': [256, 3]}, {'CONV': [128, 3]}), ({'CONV': [64, 3]}, {'CONV': [256, 5]}, {'POOLMAX': [-1, 2]}), ({'CONV': [128, 5]}, {'CONV': [64, 5]}), ({'CONV': [128, 5]}, {'CONV': [256, 5]}, {'POOLMAX': [-1, 2]}), {'GLOBAL_AVG': None}, {'LAST_DENSE': [100, 'softmax']}]",HHSE,NSGA2,,,,,0.699804375156266,,,,1599221760,4503844,,,,,,"[17, 11, 2, 22, 29, 15, 38, 46]",0.7150288430626667,-0.0003698409650561,0.0,0.0,1.0,0.0,0.16,0,0,0,100,0,0.0,BEST,False,False,251,True,True,GREEDY,,,GREEDY_HV
BHHYKV[M][M],14,15,23,16,0.23,True,True,"[37, 0, 27, 38, 52, 23, 43, 47]",[],"[37.75883699389062, 0.9691597913088508, 27.32530985334126, 38.25715939211388, 52.118290344707816, 23.47899940254892, 43.935726248712974, 47.49344631750312]","[{'INP': 32}, {'CONV': [64, 3]}, ({'CONV': [128, 3]}, {'CONV': [128, 5]}), ({'CONV': [32, 3]}, {'CONV': [32, 3]}, {'POOLMAX': [-1, 2]}), ({'CONV': [64, 5]}, {'CONV': [64, 5]}), ({'CONV': [128, 3]}, {'CONV': [256, 3]}, {'POOLMAX': [-1, 2]}), ({'CONV': [256, 3]}, {'CONV': [128, 3]}), ({'CONV': [64, 3]}, {'CONV': [256, 5]}, {'POOLMAX': [-1, 2]}), ({'CONV': [128, 5]}, {'CONV': [64, 5]}), ({'CONV': [128, 5]}, {'CONV': [256, 5]}, {'POOLMAX': [-1, 2]}), {'GLOBAL_AVG': None}, {'LAST_DENSE': [100, 'softmax']}]",HHSE,NSGA2,,,,,0.699804375156266,,,,1599221760,4503844,,,,,,"[17, 11, 2, 22, 29, 15, 38, 46]",0.7150602272619371,-0.0029173677156925,0.0,0.0,1.0,0.0,0.16,0,0,0,100,0,0.0,BEST,False,False,251,True,True,GREEDY,,,GREEDY_HV
BHHYKV[M][M],14,15,24,16,0.24,True,True,"[37, 0, 27, 38, 52, 23, 43, 47]",[],"[37.75883699389062, 0.9691597913088508, 27.32530985334126, 38.25715939211388, 52.118290344707816, 23.47899940254892, 43.935726248712974, 47.49344631750312]","[{'INP': 32}, {'CONV': [64, 3]}, ({'CONV': [128, 3]}, {'CONV': [128, 5]}), ({'CONV': [32, 3]}, {'CONV': [32, 3]}, {'POOLMAX': [-1, 2]}), ({'CONV': [64, 5]}, {'CONV': [64, 5]}), ({'CONV': [128, 3]}, {'CONV': [256, 3]}, {'POOLMAX': [-1, 2]}), ({'CONV': [256, 3]}, {'CONV': [128, 3]}), ({'CONV': [64, 3]}, {'CONV': [256, 5]}, {'POOLMAX': [-1, 2]}), ({'CONV': [128, 5]}, {'CONV': [64, 5]}), ({'CONV': [128, 5]}, {'CONV': [256, 5]}, {'POOLMAX': [-1, 2]}), {'GLOBAL_AVG': None}, {'LAST_DENSE': [100, 'softmax']}]",HHSE,NSGA2,,,,,0.699804375156266,,,,1599221760,4503844,,,,,,"[17, 11, 2, 22, 29, 15, 38, 46]",0.7151284713304613,-0.0031002130722925,0.0,0.0,1.0,0.0,0.16,0,0,0,100,0,0.0,BEST,False,False,251,True,True,GREEDY,,,GREEDY_HV
BHHYKV[M][M],14,15,25,16,0.25,True,True,"[37, 0, 27, 38, 52, 23, 43, 47]",[],"[37.75883699389062, 0.9691597913088508, 27.32530985334126, 38.25715939211388, 52.118290344707816, 23.47899940254892, 43.935726248712974, 47.49344631750312]","[{'INP': 32}, {'CONV': [64, 3]}, ({'CONV': [128, 3]}, {'CONV': [128, 5]}), ({'CONV': [32, 3]}, {'CONV': [32, 3]}, {'POOLMAX': [-1, 2]}), ({'CONV': [64, 5]}, {'CONV': [64, 5]}), ({'CONV': [128, 3]}, {'CONV': [256, 3]}, {'POOLMAX': [-1, 2]}), ({'CONV': [256, 3]}, {'CONV': [128, 3]}), ({'CONV': [64, 3]}, {'CONV': [256, 5]}, {'POOLMAX': [-1, 2]}), ({'CONV': [128, 5]}, {'CONV': [64, 5]}), ({'CONV': [128, 5]}, {'CONV': [256, 5]}, {'POOLMAX': [-1, 2]}), {'GLOBAL_AVG': None}, {'LAST_DENSE': [100, 'softmax']}]",HHSE,NSGA2,,,,,0.699804375156266,,,,1599221760,4503844,,,,,,"[17, 11, 2, 22, 29, 15, 38, 46]",0.7151355833912864,-0.0031821801263695,0.0,0.0,1.0,0.0,0.16,0,0,0,100,0,0.0,BEST,False,False,251,True,True,GREEDY,,,GREEDY_HV
BHHYKV[M][M],14,15,26,16,0.26,True,True,"[37, 0, 27, 38, 52, 23, 43, 47]",[],"[37.75883699389062, 0.9691597913088508, 27.32530985334126, 38.25715939211388, 52.118290344707816, 23.47899940254892, 43.935726248712974, 47.49344631750312]","[{'INP': 32}, {'CONV': [64, 3]}, ({'CONV': [128, 3]}, {'CONV': [128, 5]}), ({'CONV': [32, 3]}, {'CONV': [32, 3]}, {'POOLMAX': [-1, 2]}), ({'CONV': [64, 5]}, {'CONV': [64, 5]}), ({'CONV': [128, 3]}, {'CONV': [256, 3]}, {'POOLMAX': [-1, 2]}), ({'CONV': [256, 3]}, {'CONV': [128, 3]}), ({'CONV': [64, 3]}, {'CONV': [256, 5]}, {'POOLMAX': [-1, 2]}), ({'CONV': [128, 5]}, {'CONV': [64, 5]}), ({'CONV': [128, 5]}, {'CONV': [256, 5]}, {'POOLMAX': [-1, 2]}), {'GLOBAL_AVG': None}, {'LAST_DENSE': [100, 'softmax']}]",HHSE,NSGA2,,,,,0.699804375156266,,,,1599221760,4503844,,,,,,"[17, 11, 2, 22, 29, 15, 38, 46]",0.7156769123728619,-0.0007888546735791,0.0,0.0,1.0,0.0,0.16,0,0,0,100,0,0.0,BEST,False,False,251,True,True,GREEDY,,,GREEDY_HV
BHHYKV[M][M],14,15,27,16,0.27,True,True,"[37, 0, 27, 38, 52, 23, 43, 47]",[],"[37.75883699389062, 0.9691597913088508, 27.32530985334126, 38.25715939211388, 52.118290344707816, 23.47899940254892, 43.935726248712974, 47.49344631750312]","[{'INP': 32}, {'CONV': [64, 3]}, ({'CONV': [128, 3]}, {'CONV': [128, 5]}), ({'CONV': [32, 3]}, {'CONV': [32, 3]}, {'POOLMAX': [-1, 2]}), ({'CONV': [64, 5]}, {'CONV': [64, 5]}), ({'CONV': [128, 3]}, {'CONV': [256, 3]}, {'POOLMAX': [-1, 2]}), ({'CONV': [256, 3]}, {'CONV': [128, 3]}), ({'CONV': [64, 3]}, {'CONV': [256, 5]}, {'POOLMAX': [-1, 2]}), ({'CONV': [128, 5]}, {'CONV': [64, 5]}), ({'CONV': [128, 5]}, {'CONV': [256, 5]}, {'POOLMAX': [-1, 2]}), {'GLOBAL_AVG': None}, {'LAST_DENSE': [100, 'softmax']}]",HHSE,NSGA2,,,,,0.699804375156266,,,,1599221760,4503844,,,,,,"[17, 11, 2, 22, 29, 15, 38, 46]",0.7157009656821318,-0.0012290420896969,0.0,0.0,1.0,0.0,0.16,0,0,0,100,0,0.0,BEST,False,False,251,True,True,GREEDY,,,GREEDY_HV
BHHYKV[M][M],14,15,28,16,0.28,True,True,"[37, 0, 27, 38, 52, 23, 43, 47]",[],"[37.75883699389062, 0.9691597913088508, 27.32530985334126, 38.25715939211388, 52.118290344707816, 23.47899940254892, 43.935726248712974, 47.49344631750312]","[{'INP': 32}, {'CONV': [64, 3]}, ({'CONV': [128, 3]}, {'CONV': [128, 5]}), ({'CONV': [32, 3]}, {'CONV': [32, 3]}, {'POOLMAX': [-1, 2]}), ({'CONV': [64, 5]}, {'CONV': [64, 5]}), ({'CONV': [128, 3]}, {'CONV': [256, 3]}, {'POOLMAX': [-1, 2]}), ({'CONV': [256, 3]}, {'CONV': [128, 3]}), ({'CONV': [64, 3]}, {'CONV': [256, 5]}, {'POOLMAX': [-1, 2]}), ({'CONV': [128, 5]}, {'CONV': [64, 5]}), ({'CONV': [128, 5]}, {'CONV': [256, 5]}, {'POOLMAX': [-1, 2]}), {'GLOBAL_AVG': None}, {'LAST_DENSE': [100, 'softmax']}]",HHSE,NSGA2,,,,,0.699804375156266,,,,1599221760,4503844,,,,,,"[17, 11, 2, 22, 29, 15, 38, 46]",0.7157337977278403,-0.0003062682850759,0.0,0.0,1.0,0.0,0.16,0,0,0,100,0,0.0,BEST,False,False,251,True,True,GREEDY,,,GREEDY_HV
BHHYKV[M][M],14,15,29,16,0.29,True,True,"[37, 0, 27, 38, 52, 23, 43, 47]",[],"[37.75883699389062, 0.9691597913088508, 27.32530985334126, 38.25715939211388, 52.118290344707816, 23.47899940254892, 43.935726248712974, 47.49344631750312]","[{'INP': 32}, {'CONV': [64, 3]}, ({'CONV': [128, 3]}, {'CONV': [128, 5]}), ({'CONV': [32, 3]}, {'CONV': [32, 3]}, {'POOLMAX': [-1, 2]}), ({'CONV': [64, 5]}, {'CONV': [64, 5]}), ({'CONV': [128, 3]}, {'CONV': [256, 3]}, {'POOLMAX': [-1, 2]}), ({'CONV': [256, 3]}, {'CONV': [128, 3]}), ({'CONV': [64, 3]}, {'CONV': [256, 5]}, {'POOLMAX': [-1, 2]}), ({'CONV': [128, 5]}, {'CONV': [64, 5]}), ({'CONV': [128, 5]}, {'CONV': [256, 5]}, {'POOLMAX': [-1, 2]}), {'GLOBAL_AVG': None}, {'LAST_DENSE': [100, 'softmax']}]",HHSE,NSGA2,,,,,0.699804375156266,,,,1599221760,4503844,,,,,,"[17, 11, 2, 22, 29, 15, 38, 46]",0.715896908571539,-0.0004747726278955,0.0,0.0,1.0,0.0,0.16,0,1,0,100,0,0.01,BEST,False,False,251,True,True,GREEDY,,,GREEDY_HV
BHHYKV[M][M],14,15,30,16,0.3,True,True,"[37, 0, 27, 38, 52, 23, 43, 47]",[],"[37.75883699389062, 0.9691597913088508, 27.32530985334126, 38.25715939211388, 52.118290344707816, 23.47899940254892, 43.935726248712974, 47.49344631750312]","[{'INP': 32}, {'CONV': [64, 3]}, ({'CONV': [128, 3]}, {'CONV': [128, 5]}), ({'CONV': [32, 3]}, {'CONV': [32, 3]}, {'POOLMAX': [-1, 2]}), ({'CONV': [64, 5]}, {'CONV': [64, 5]}), ({'CONV': [128, 3]}, {'CONV': [256, 3]}, {'POOLMAX': [-1, 2]}), ({'CONV': [256, 3]}, {'CONV': [128, 3]}), ({'CONV': [64, 3]}, {'CONV': [256, 5]}, {'POOLMAX': [-1, 2]}), ({'CONV': [128, 5]}, {'CONV': [64, 5]}), ({'CONV': [128, 5]}, {'CONV': [256, 5]}, {'POOLMAX': [-1, 2]}), {'GLOBAL_AVG': None}, {'LAST_DENSE': [100, 'softmax']}]",HHSE,NSGA2,,,,,0.699804375156266,,,,1599221760,4503844,,,,,,"[17, 11, 2, 22, 29, 15, 38, 46]",0.7157282979572438,-0.0022846364638408,0.0,0.0,1.0,0.0,0.16,0,0,0,100,0,0.0,BEST,False,False,251,True,True,GREEDY,,,GREEDY_HV
BHHYKV[M][M],14,15,31,16,0.31,True,True,"[37, 0, 27, 38, 52, 23, 43, 47]",[],"[37.75883699389062, 0.9691597913088508, 27.32530985334126, 38.25715939211388, 52.118290344707816, 23.47899940254892, 43.935726248712974, 47.49344631750312]","[{'INP': 32}, {'CONV': [64, 3]}, ({'CONV': [128, 3]}, {'CONV': [128, 5]}), ({'CONV': [32, 3]}, {'CONV': [32, 3]}, {'POOLMAX': [-1, 2]}), ({'CONV': [64, 5]}, {'CONV': [64, 5]}), ({'CONV': [128, 3]}, {'CONV': [256, 3]}, {'POOLMAX': [-1, 2]}), ({'CONV': [256, 3]}, {'CONV': [128, 3]}), ({'CONV': [64, 3]}, {'CONV': [256, 5]}, {'POOLMAX': [-1, 2]}), ({'CONV': [128, 5]}, {'CONV': [64, 5]}), ({'CONV': [128, 5]}, {'CONV': [256, 5]}, {'POOLMAX': [-1, 2]}), {'GLOBAL_AVG': None}, {'LAST_DENSE': [100, 'softmax']}]",HHSE,NSGA2,,,,,0.699804375156266,,,,1599221760,4503844,,,,,,"[17, 11, 2, 22, 29, 15, 38, 46]",0.7158294890430953,-0.0001507683792866,0.0,0.0,1.0,0.0,0.16,0,0,0,100,0,0.0,BEST,False,False,251,True,True,GREEDY,,,GREEDY_HV
BHHYKV[M][M],14,15,32,16,0.32,True,True,"[37, 0, 27, 38, 52, 23, 43, 47]",[],"[37.75883699389062, 0.9691597913088508, 27.32530985334126, 38.25715939211388, 52.118290344707816, 23.47899940254892, 43.935726248712974, 47.49344631750312]","[{'INP': 32}, {'CONV': [64, 3]}, ({'CONV': [128, 3]}, {'CONV': [128, 5]}), ({'CONV': [32, 3]}, {'CONV': [32, 3]}, {'POOLMAX': [-1, 2]}), ({'CONV': [64, 5]}, {'CONV': [64, 5]}), ({'CONV': [128, 3]}, {'CONV': [256, 3]}, {'POOLMAX': [-1, 2]}), ({'CONV': [256, 3]}, {'CONV': [128, 3]}), ({'CONV': [64, 3]}, {'CONV': [256, 5]}, {'POOLMAX': [-1, 2]}), ({'CONV': [128, 5]}, {'CONV': [64, 5]}), ({'CONV': [128, 5]}, {'CONV': [256, 5]}, {'POOLMAX': [-1, 2]}), {'GLOBAL_AVG': None}, {'LAST_DENSE': [100, 'softmax']}]",HHSE,NSGA2,,,,,0.699804375156266,,,,1599221760,4503844,,,,,,"[17, 11, 2, 22, 29, 15, 38, 46]",0.7158477250911488,-0.0011931113792761,0.0,0.0,1.0,0.0,0.16,0,0,0,100,0,0.0,BEST,False,False,251,True,True,GREEDY,,,GREEDY_HV
BHHYKV[M][M],14,15,33,16,0.33,True,True,"[37, 0, 27, 38, 52, 23, 43, 47]",[],"[37.75883699389062, 0.9691597913088508, 27.32530985334126, 38.25715939211388, 52.118290344707816, 23.47899940254892, 43.935726248712974, 47.49344631750312]","[{'INP': 32}, {'CONV': [64, 3]}, ({'CONV': [128, 3]}, {'CONV': [128, 5]}), ({'CONV': [32, 3]}, {'CONV': [32, 3]}, {'POOLMAX': [-1, 2]}), ({'CONV': [64, 5]}, {'CONV': [64, 5]}), ({'CONV': [128, 3]}, {'CONV': [256, 3]}, {'POOLMAX': [-1, 2]}), ({'CONV': [256, 3]}, {'CONV': [128, 3]}), ({'CONV': [64, 3]}, {'CONV': [256, 5]}, {'POOLMAX': [-1, 2]}), ({'CONV': [128, 5]}, {'CONV': [64, 5]}), ({'CONV': [128, 5]}, {'CONV': [256, 5]}, {'POOLMAX': [-1, 2]}), {'GLOBAL_AVG': None}, {'LAST_DENSE': [100, 'softmax']}]",HHSE,NSGA2,,,,,0.699804375156266,,,,1599221760,4503844,,,,,,"[17, 11, 2, 22, 29, 15, 38, 46]",0.715857421301816,-0.0009074386794933,0.0,0.0,1.0,0.0,0.16,0,0,0,100,0,0.0,BEST,False,False,251,True,True,GREEDY,,,GREEDY_HV
BHHYKV[M][M],14,15,34,16,0.34,True,True,"[37, 0, 27, 38, 52, 23, 43, 47]",[],"[37.75883699389062, 0.9691597913088508, 27.32530985334126, 38.25715939211388, 52.118290344707816, 23.47899940254892, 43.935726248712974, 47.49344631750312]","[{'INP': 32}, {'CONV': [64, 3]}, ({'CONV': [128, 3]}, {'CONV': [128, 5]}), ({'CONV': [32, 3]}, {'CONV': [32, 3]}, {'POOLMAX': [-1, 2]}), ({'CONV': [64, 5]}, {'CONV': [64, 5]}), ({'CONV': [128, 3]}, {'CONV': [256, 3]}, {'POOLMAX': [-1, 2]}), ({'CONV': [256, 3]}, {'CONV': [128, 3]}), ({'CONV': [64, 3]}, {'CONV': [256, 5]}, {'POOLMAX': [-1, 2]}), ({'CONV': [128, 5]}, {'CONV': [64, 5]}), ({'CONV': [128, 5]}, {'CONV': [256, 5]}, {'POOLMAX': [-1, 2]}), {'GLOBAL_AVG': None}, {'LAST_DENSE': [100, 'softmax']}]",HHSE,NSGA2,,,,,0.699804375156266,,,,1599221760,4503844,,,,,,"[17, 11, 2, 22, 29, 15, 38, 46]",0.7159317074971258,-0.0015616862973214,0.0,0.0,1.0,0.0,0.16,0,0,0,100,0,0.0,BEST,False,False,251,True,True,GREEDY,,,GREEDY_HV
BHHYKV[M][M],14,15,35,16,0.35,True,True,"[37, 0, 27, 38, 52, 23, 43, 47]",[],"[37.75883699389062, 0.9691597913088508, 27.32530985334126, 38.25715939211388, 52.118290344707816, 23.47899940254892, 43.935726248712974, 47.49344631750312]","[{'INP': 32}, {'CONV': [64, 3]}, ({'CONV': [128, 3]}, {'CONV': [128, 5]}), ({'CONV': [32, 3]}, {'CONV': [32, 3]}, {'POOLMAX': [-1, 2]}), ({'CONV': [64, 5]}, {'CONV': [64, 5]}), ({'CONV': [128, 3]}, {'CONV': [256, 3]}, {'POOLMAX': [-1, 2]}), ({'CONV': [256, 3]}, {'CONV': [128, 3]}), ({'CONV': [64, 3]}, {'CONV': [256, 5]}, {'POOLMAX': [-1, 2]}), ({'CONV': [128, 5]}, {'CONV': [64, 5]}), ({'CONV': [128, 5]}, {'CONV': [256, 5]}, {'POOLMAX': [-1, 2]}), {'GLOBAL_AVG': None}, {'LAST_DENSE': [100, 'softmax']}]",HHSE,NSGA2,,,,,0.699804375156266,,,,1599221760,4503844,,,,,,"[17, 11, 2, 22, 29, 15, 38, 46]",0.7159712616732706,-0.0016022999070567,0.0,0.0,1.0,0.0,0.16,0,0,0,100,0,0.0,BEST,False,False,251,True,True,GREEDY,,,GREEDY_HV
BHHYKV[M][M],14,15,36,16,0.36,True,True,"[37, 0, 27, 38, 52, 23, 43, 47]",[],"[37.75883699389062, 0.9691597913088508, 27.32530985334126, 38.25715939211388, 52.118290344707816, 23.47899940254892, 43.935726248712974, 47.49344631750312]","[{'INP': 32}, {'CONV': [64, 3]}, ({'CONV': [128, 3]}, {'CONV': [128, 5]}), ({'CONV': [32, 3]}, {'CONV': [32, 3]}, {'POOLMAX': [-1, 2]}), ({'CONV': [64, 5]}, {'CONV': [64, 5]}), ({'CONV': [128, 3]}, {'CONV': [256, 3]}, {'POOLMAX': [-1, 2]}), ({'CONV': [256, 3]}, {'CONV': [128, 3]}), ({'CONV': [64, 3]}, {'CONV': [256, 5]}, {'POOLMAX': [-1, 2]}), ({'CONV': [128, 5]}, {'CONV': [64, 5]}), ({'CONV': [128, 5]}, {'CONV': [256, 5]}, {'POOLMAX': [-1, 2]}), {'GLOBAL_AVG': None}, {'LAST_DENSE': [100, 'softmax']}]",HHSE,NSGA2,,,,,0.699804375156266,,,,1599221760,4503844,,,,,,"[17, 11, 2, 22, 29, 15, 38, 46]",0.7173065461940756,-0.0006728011882434,0.0,0.0,1.0,0.0,0.16,0,1,0,100,0,0.01,BEST,False,False,251,True,True,GREEDY,,,GREEDY_HV
BHHYKV[M][M],14,15,37,16,0.37,True,True,"[37, 0, 27, 38, 52, 23, 43, 47]",[],"[37.75883699389062, 0.9691597913088508, 27.32530985334126, 38.25715939211388, 52.118290344707816, 23.47899940254892, 43.935726248712974, 47.49344631750312]","[{'INP': 32}, {'CONV': [64, 3]}, ({'CONV': [128, 3]}, {'CONV': [128, 5]}), ({'CONV': [32, 3]}, {'CONV': [32, 3]}, {'POOLMAX': [-1, 2]}), ({'CONV': [64, 5]}, {'CONV': [64, 5]}), ({'CONV': [128, 3]}, {'CONV': [256, 3]}, {'POOLMAX': [-1, 2]}), ({'CONV': [256, 3]}, {'CONV': [128, 3]}), ({'CONV': [64, 3]}, {'CONV': [256, 5]}, {'POOLMAX': [-1, 2]}), ({'CONV': [128, 5]}, {'CONV': [64, 5]}), ({'CONV': [128, 5]}, {'CONV': [256, 5]}, {'POOLMAX': [-1, 2]}), {'GLOBAL_AVG': None}, {'LAST_DENSE': [100, 'softmax']}]",HHSE,NSGA2,,,,,0.699804375156266,,,,1599221760,4503844,,,,,,"[17, 11, 2, 22, 29, 15, 38, 46]",0.7167158761744021,-0.0040162278913831,0.0,0.0,1.0,0.0,0.16,0,0,0,100,0,0.0,BEST,False,False,251,True,True,GREEDY,,,GREEDY_HV
BHHYKV[M][M],14,15,38,16,0.38,True,True,"[37, 0, 27, 38, 52, 23, 43, 47]",[],"[37.75883699389062, 0.9691597913088508, 27.32530985334126, 38.25715939211388, 52.118290344707816, 23.47899940254892, 43.935726248712974, 47.49344631750312]","[{'INP': 32}, {'CONV': [64, 3]}, ({'CONV': [128, 3]}, {'CONV': [128, 5]}), ({'CONV': [32, 3]}, {'CONV': [32, 3]}, {'POOLMAX': [-1, 2]}), ({'CONV': [64, 5]}, {'CONV': [64, 5]}), ({'CONV': [128, 3]}, {'CONV': [256, 3]}, {'POOLMAX': [-1, 2]}), ({'CONV': [256, 3]}, {'CONV': [128, 3]}), ({'CONV': [64, 3]}, {'CONV': [256, 5]}, {'POOLMAX': [-1, 2]}), ({'CONV': [128, 5]}, {'CONV': [64, 5]}), ({'CONV': [128, 5]}, {'CONV': [256, 5]}, {'POOLMAX': [-1, 2]}), {'GLOBAL_AVG': None}, {'LAST_DENSE': [100, 'softmax']}]",HHSE,NSGA2,,,,,0.699804375156266,,,,1599221760,4503844,,,,,,"[17, 11, 2, 22, 29, 15, 38, 46]",0.716881226566735,-0.002388325013519,0.0,0.0,1.0,0.0,0.16,0,0,0,100,0,0.0,BEST,False,False,251,True,True,GREEDY,,,GREEDY_HV
BHHYKV[M][M],14,15,39,16,0.39,True,True,"[37, 0, 27, 38, 52, 23, 43, 47]",[],"[37.75883699389062, 0.9691597913088508, 27.32530985334126, 38.25715939211388, 52.118290344707816, 23.47899940254892, 43.935726248712974, 47.49344631750312]","[{'INP': 32}, {'CONV': [64, 3]}, ({'CONV': [128, 3]}, {'CONV': [128, 5]}), ({'CONV': [32, 3]}, {'CONV': [32, 3]}, {'POOLMAX': [-1, 2]}), ({'CONV': [64, 5]}, {'CONV': [64, 5]}), ({'CONV': [128, 3]}, {'CONV': [256, 3]}, {'POOLMAX': [-1, 2]}), ({'CONV': [256, 3]}, {'CONV': [128, 3]}), ({'CONV': [64, 3]}, {'CONV': [256, 5]}, {'POOLMAX': [-1, 2]}), ({'CONV': [128, 5]}, {'CONV': [64, 5]}), ({'CONV': [128, 5]}, {'CONV': [256, 5]}, {'POOLMAX': [-1, 2]}), {'GLOBAL_AVG': None}, {'LAST_DENSE': [100, 'softmax']}]",HHSE,NSGA2,,,,,0.699804375156266,,,,1599221760,4503844,,,,,,"[17, 11, 2, 22, 29, 15, 38, 46]",0.7168972743688473,-0.002065604318391,0.0,0.0,1.0,0.0,0.16,0,0,0,100,0,0.0,BEST,False,False,251,True,True,GREEDY,,,GREEDY_HV
BBUVXQ[M][M][M],14,15,40,40,0.4,True,True,"[0, 12, 26, 23, 30, 6, 22, 55]",[],"[0.2753055736279574, 12.695168158980316, 26.511822010090924, 23.37837630011731, 30.595146107091793, 6.717623909041425, 22.685765000451664, 55.708429972911674]","[{'INP': 32}, {'CONV': [64, 3]}, ({'CONV': [32, 3]}, {'CONV': [32, 3]}), ({'CONV': [32, 5]}, {'CONV': [128, 3]}, {'POOLMAX': [-1, 2]}), ({'CONV': [64, 5]}, {'CONV': [64, 3]}), ({'CONV': [64, 3]}, {'CONV': [256, 5]}, {'POOLMAX': [-1, 2]}), ({'CONV': [64, 5]}, {'CONV': [256, 3]}), ({'CONV': [32, 3]}, {'CONV': [256, 3]}, {'POOLMAX': [-1, 2]}), ({'CONV': [64, 3]}, {'CONV': [256, 3]}), ({'CONV': [256, 3]}, {'CONV': [256, 5]}, {'POOLMAX': [-1, 2]}), {'GLOBAL_AVG': None}, {'LAST_DENSE': [100, 'softmax']}]",HHSE,NSGA2,,,,,0.7026527299478922,,,,714557440,4042020,,,,,,"[0, 4, 0, 31, 18, 6, 28, 44]",0.7169465661159551,-0.0002249494267646,0.0,0.0,0.75,1.0,0.4,0,0,0,100,0,0.0,BEST,False,False,225,True,True,GREEDY,,,GREEDY_HV
BBUVXQ[M][M][M],14,15,41,40,0.41,True,True,"[0, 12, 26, 23, 30, 6, 22, 55]",[],"[0.2753055736279574, 12.695168158980316, 26.511822010090924, 23.37837630011731, 30.595146107091793, 6.717623909041425, 22.685765000451664, 55.708429972911674]","[{'INP': 32}, {'CONV': [64, 3]}, ({'CONV': [32, 3]}, {'CONV': [32, 3]}), ({'CONV': [32, 5]}, {'CONV': [128, 3]}, {'POOLMAX': [-1, 2]}), ({'CONV': [64, 5]}, {'CONV': [64, 3]}), ({'CONV': [64, 3]}, {'CONV': [256, 5]}, {'POOLMAX': [-1, 2]}), ({'CONV': [64, 5]}, {'CONV': [256, 3]}), ({'CONV': [32, 3]}, {'CONV': [256, 3]}, {'POOLMAX': [-1, 2]}), ({'CONV': [64, 3]}, {'CONV': [256, 3]}), ({'CONV': [256, 3]}, {'CONV': [256, 5]}, {'POOLMAX': [-1, 2]}), {'GLOBAL_AVG': None}, {'LAST_DENSE': [100, 'softmax']}]",HHSE,NSGA2,,,,,0.7026527299478922,,,,714557440,4042020,,,,,,"[0, 4, 0, 31, 18, 6, 28, 44]",0.7196207078986445,-0.0002886167551018,0.0,0.0,0.75,0.0,0.4,0,0,0,100,0,0.0,BEST,False,False,225,True,True,GREEDY,,,GREEDY_HV
BBUVXQ[M][M][M],14,15,42,40,0.42,True,True,"[0, 12, 26, 23, 30, 6, 22, 55]",[],"[0.2753055736279574, 12.695168158980316, 26.511822010090924, 23.37837630011731, 30.595146107091793, 6.717623909041425, 22.685765000451664, 55.708429972911674]","[{'INP': 32}, {'CONV': [64, 3]}, ({'CONV': [32, 3]}, {'CONV': [32, 3]}), ({'CONV': [32, 5]}, {'CONV': [128, 3]}, {'POOLMAX': [-1, 2]}), ({'CONV': [64, 5]}, {'CONV': [64, 3]}), ({'CONV': [64, 3]}, {'CONV': [256, 5]}, {'POOLMAX': [-1, 2]}), ({'CONV': [64, 5]}, {'CONV': [256, 3]}), ({'CONV': [32, 3]}, {'CONV': [256, 3]}, {'POOLMAX': [-1, 2]}), ({'CONV': [64, 3]}, {'CONV': [256, 3]}), ({'CONV': [256, 3]}, {'CONV': [256, 5]}, {'POOLMAX': [-1, 2]}), {'GLOBAL_AVG': None}, {'LAST_DENSE': [100, 'softmax']}]",HHSE,NSGA2,,,,,0.7026527299478922,,,,714557440,4042020,,,,,,"[0, 4, 0, 31, 18, 6, 28, 44]",0.7196404621302155,-7.302505542972071e-05,0.0,0.0,0.75,0.0,0.4,0,0,0,100,0,0.0,BEST,False,False,225,True,True,GREEDY,,,GREEDY_HV
BBUVXQ[M][M][M],14,15,43,40,0.43,True,True,"[0, 12, 26, 23, 30, 6, 22, 55]",[],"[0.2753055736279574, 12.695168158980316, 26.511822010090924, 23.37837630011731, 30.595146107091793, 6.717623909041425, 22.685765000451664, 55.708429972911674]","[{'INP': 32}, {'CONV': [64, 3]}, ({'CONV': [32, 3]}, {'CONV': [32, 3]}), ({'CONV': [32, 5]}, {'CONV': [128, 3]}, {'POOLMAX': [-1, 2]}), ({'CONV': [64, 5]}, {'CONV': [64, 3]}), ({'CONV': [64, 3]}, {'CONV': [256, 5]}, {'POOLMAX': [-1, 2]}), ({'CONV': [64, 5]}, {'CONV': [256, 3]}), ({'CONV': [32, 3]}, {'CONV': [256, 3]}, {'POOLMAX': [-1, 2]}), ({'CONV': [64, 3]}, {'CONV': [256, 3]}), ({'CONV': [256, 3]}, {'CONV': [256, 5]}, {'POOLMAX': [-1, 2]}), {'GLOBAL_AVG': None}, {'LAST_DENSE': [100, 'softmax']}]",HHSE,NSGA2,,,,,0.7026527299478922,,,,714557440,4042020,,,,,,"[0, 4, 0, 31, 18, 6, 28, 44]",0.7196247762529173,-0.0001522378720371,0.0,0.0,0.75,0.0,0.4,0,0,0,100,0,0.0,BEST,False,False,225,True,True,GREEDY,,,GREEDY_HV
BBUVXQ[M][M][M],14,15,44,40,0.44,True,True,"[0, 12, 26, 23, 30, 6, 22, 55]",[],"[0.2753055736279574, 12.695168158980316, 26.511822010090924, 23.37837630011731, 30.595146107091793, 6.717623909041425, 22.685765000451664, 55.708429972911674]","[{'INP': 32}, {'CONV': [64, 3]}, ({'CONV': [32, 3]}, {'CONV': [32, 3]}), ({'CONV': [32, 5]}, {'CONV': [128, 3]}, {'POOLMAX': [-1, 2]}), ({'CONV': [64, 5]}, {'CONV': [64, 3]}), ({'CONV': [64, 3]}, {'CONV': [256, 5]}, {'POOLMAX': [-1, 2]}), ({'CONV': [64, 5]}, {'CONV': [256, 3]}), ({'CONV': [32, 3]}, {'CONV': [256, 3]}, {'POOLMAX': [-1, 2]}), ({'CONV': [64, 3]}, {'CONV': [256, 3]}), ({'CONV': [256, 3]}, {'CONV': [256, 5]}, {'POOLMAX': [-1, 2]}), {'GLOBAL_AVG': None}, {'LAST_DENSE': [100, 'softmax']}]",HHSE,NSGA2,,,,,0.7026527299478922,,,,714557440,4042020,,,,,,"[0, 4, 0, 31, 18, 6, 28, 44]",0.7196423655342781,-0.0001718359083719,0.0,0.0,0.75,0.0,0.4,0,0,0,100,0,0.0,BEST,False,False,225,True,True,GREEDY,,,GREEDY_HV
BBUVXQ[M][M][M],14,15,45,40,0.45,True,True,"[0, 12, 26, 23, 30, 6, 22, 55]",[],"[0.2753055736279574, 12.695168158980316, 26.511822010090924, 23.37837630011731, 30.595146107091793, 6.717623909041425, 22.685765000451664, 55.708429972911674]","[{'INP': 32}, {'CONV': [64, 3]}, ({'CONV': [32, 3]}, {'CONV': [32, 3]}), ({'CONV': [32, 5]}, {'CONV': [128, 3]}, {'POOLMAX': [-1, 2]}), ({'CONV': [64, 5]}, {'CONV': [64, 3]}), ({'CONV': [64, 3]}, {'CONV': [256, 5]}, {'POOLMAX': [-1, 2]}), ({'CONV': [64, 5]}, {'CONV': [256, 3]}), ({'CONV': [32, 3]}, {'CONV': [256, 3]}, {'POOLMAX': [-1, 2]}), ({'CONV': [64, 3]}, {'CONV': [256, 3]}), ({'CONV': [256, 3]}, {'CONV': [256, 5]}, {'POOLMAX': [-1, 2]}), {'GLOBAL_AVG': None}, {'LAST_DENSE': [100, 'softmax']}]",HHSE,NSGA2,,,,,0.7026527299478922,,,,714557440,4042020,,,,,,"[0, 4, 0, 31, 18, 6, 28, 44]",0.7196586572367472,-0.0001942566260177,0.0,0.0,0.75,0.0,0.4,0,0,0,100,0,0.0,BEST,False,False,225,True,True,GREEDY,,,GREEDY_HV
BBUVXQ[M][M][M],14,15,46,40,0.46,True,True,"[0, 12, 26, 23, 30, 6, 22, 55]",[],"[0.2753055736279574, 12.695168158980316, 26.511822010090924, 23.37837630011731, 30.595146107091793, 6.717623909041425, 22.685765000451664, 55.708429972911674]","[{'INP': 32}, {'CONV': [64, 3]}, ({'CONV': [32, 3]}, {'CONV': [32, 3]}), ({'CONV': [32, 5]}, {'CONV': [128, 3]}, {'POOLMAX': [-1, 2]}), ({'CONV': [64, 5]}, {'CONV': [64, 3]}), ({'CONV': [64, 3]}, {'CONV': [256, 5]}, {'POOLMAX': [-1, 2]}), ({'CONV': [64, 5]}, {'CONV': [256, 3]}), ({'CONV': [32, 3]}, {'CONV': [256, 3]}, {'POOLMAX': [-1, 2]}), ({'CONV': [64, 3]}, {'CONV': [256, 3]}), ({'CONV': [256, 3]}, {'CONV': [256, 5]}, {'POOLMAX': [-1, 2]}), {'GLOBAL_AVG': None}, {'LAST_DENSE': [100, 'softmax']}]",HHSE,NSGA2,,,,,0.7026527299478922,,,,714557440,4042020,,,,,,"[0, 4, 0, 31, 18, 6, 28, 44]",0.7196679900629088,-0.0001764080710145,0.0,0.0,0.75,0.0,0.4,0,0,0,100,0,0.0,BEST,False,False,225,True,True,GREEDY,,,GREEDY_HV
BBUVXQ[M][M][M],14,15,47,40,0.47,True,True,"[0, 12, 26, 23, 30, 6, 22, 55]",[],"[0.2753055736279574, 12.695168158980316, 26.511822010090924, 23.37837630011731, 30.595146107091793, 6.717623909041425, 22.685765000451664, 55.708429972911674]","[{'INP': 32}, {'CONV': [64, 3]}, ({'CONV': [32, 3]}, {'CONV': [32, 3]}), ({'CONV': [32, 5]}, {'CONV': [128, 3]}, {'POOLMAX': [-1, 2]}), ({'CONV': [64, 5]}, {'CONV': [64, 3]}), ({'CONV': [64, 3]}, {'CONV': [256, 5]}, {'POOLMAX': [-1, 2]}), ({'CONV': [64, 5]}, {'CONV': [256, 3]}), ({'CONV': [32, 3]}, {'CONV': [256, 3]}, {'POOLMAX': [-1, 2]}), ({'CONV': [64, 3]}, {'CONV': [256, 3]}), ({'CONV': [256, 3]}, {'CONV': [256, 5]}, {'POOLMAX': [-1, 2]}), {'GLOBAL_AVG': None}, {'LAST_DENSE': [100, 'softmax']}]",HHSE,NSGA2,,,,,0.7026527299478922,,,,714557440,4042020,,,,,,"[0, 4, 0, 31, 18, 6, 28, 44]",0.719706933558123,-6.515331166079275e-05,0.0,0.0,0.75,0.0,0.4,0,0,0,100,0,0.0,BEST,False,False,225,True,True,GREEDY,,,GREEDY_HV
BBUVXQ[M][M][M],14,15,48,40,0.48,True,True,"[0, 12, 26, 23, 30, 6, 22, 55]",[],"[0.2753055736279574, 12.695168158980316, 26.511822010090924, 23.37837630011731, 30.595146107091793, 6.717623909041425, 22.685765000451664, 55.708429972911674]","[{'INP': 32}, {'CONV': [64, 3]}, ({'CONV': [32, 3]}, {'CONV': [32, 3]}), ({'CONV': [32, 5]}, {'CONV': [128, 3]}, {'POOLMAX': [-1, 2]}), ({'CONV': [64, 5]}, {'CONV': [64, 3]}), ({'CONV': [64, 3]}, {'CONV': [256, 5]}, {'POOLMAX': [-1, 2]}), ({'CONV': [64, 5]}, {'CONV': [256, 3]}), ({'CONV': [32, 3]}, {'CONV': [256, 3]}, {'POOLMAX': [-1, 2]}), ({'CONV': [64, 3]}, {'CONV': [256, 3]}), ({'CONV': [256, 3]}, {'CONV': [256, 5]}, {'POOLMAX': [-1, 2]}), {'GLOBAL_AVG': None}, {'LAST_DENSE': [100, 'softmax']}]",HHSE,NSGA2,,,,,0.7026527299478922,,,,714557440,4042020,,,,,,"[0, 4, 0, 31, 18, 6, 28, 44]",0.7197307148126568,-0.0002795192479512,0.0,0.0,0.75,0.0,0.4,0,0,0,100,0,0.0,BEST,False,False,225,True,True,GREEDY,,,GREEDY_HV
BBUVXQ[M][M][M],14,15,49,40,0.49,True,True,"[0, 12, 26, 23, 30, 6, 22, 55]",[],"[0.2753055736279574, 12.695168158980316, 26.511822010090924, 23.37837630011731, 30.595146107091793, 6.717623909041425, 22.685765000451664, 55.708429972911674]","[{'INP': 32}, {'CONV': [64, 3]}, ({'CONV': [32, 3]}, {'CONV': [32, 3]}), ({'CONV': [32, 5]}, {'CONV': [128, 3]}, {'POOLMAX': [-1, 2]}), ({'CONV': [64, 5]}, {'CONV': [64, 3]}), ({'CONV': [64, 3]}, {'CONV': [256, 5]}, {'POOLMAX': [-1, 2]}), ({'CONV': [64, 5]}, {'CONV': [256, 3]}), ({'CONV': [32, 3]}, {'CONV': [256, 3]}, {'POOLMAX': [-1, 2]}), ({'CONV': [64, 3]}, {'CONV': [256, 3]}), ({'CONV': [256, 3]}, {'CONV': [256, 5]}, {'POOLMAX': [-1, 2]}), {'GLOBAL_AVG': None}, {'LAST_DENSE': [100, 'softmax']}]",HHSE,NSGA2,,,,,0.7026527299478922,,,,714557440,4042020,,,,,,"[0, 4, 0, 31, 18, 6, 28, 44]",0.7197339970466924,-0.0002713268303475,0.0,0.0,0.75,0.0,0.4,0,0,0,100,0,0.0,BEST,False,False,225,True,True,GREEDY,,,GREEDY_HV
BBUVXQ[M][M][M],14,15,50,40,0.5,True,True,"[0, 12, 26, 23, 30, 6, 22, 55]",[],"[0.2753055736279574, 12.695168158980316, 26.511822010090924, 23.37837630011731, 30.595146107091793, 6.717623909041425, 22.685765000451664, 55.708429972911674]","[{'INP': 32}, {'CONV': [64, 3]}, ({'CONV': [32, 3]}, {'CONV': [32, 3]}), ({'CONV': [32, 5]}, {'CONV': [128, 3]}, {'POOLMAX': [-1, 2]}), ({'CONV': [64, 5]}, {'CONV': [64, 3]}), ({'CONV': [64, 3]}, {'CONV': [256, 5]}, {'POOLMAX': [-1, 2]}), ({'CONV': [64, 5]}, {'CONV': [256, 3]}), ({'CONV': [32, 3]}, {'CONV': [256, 3]}, {'POOLMAX': [-1, 2]}), ({'CONV': [64, 3]}, {'CONV': [256, 3]}), ({'CONV': [256, 3]}, {'CONV': [256, 5]}, {'POOLMAX': [-1, 2]}), {'GLOBAL_AVG': None}, {'LAST_DENSE': [100, 'softmax']}]",HHSE,NSGA2,,,,,0.7026527299478922,,,,714557440,4042020,,,,,,"[0, 4, 0, 31, 18, 6, 28, 44]",0.7239465078372657,0.0030351730674136,0.0,0.0,0.75,0.0,0.4,0,0,0,100,0,0.0,BEST,False,False,225,True,True,GREEDY,,,GREEDY_HV
BBUVXQ[M][M][M],14,15,51,40,0.51,True,True,"[0, 12, 26, 23, 30, 6, 22, 55]",[],"[0.2753055736279574, 12.695168158980316, 26.511822010090924, 23.37837630011731, 30.595146107091793, 6.717623909041425, 22.685765000451664, 55.708429972911674]","[{'INP': 32}, {'CONV': [64, 3]}, ({'CONV': [32, 3]}, {'CONV': [32, 3]}), ({'CONV': [32, 5]}, {'CONV': [128, 3]}, {'POOLMAX': [-1, 2]}), ({'CONV': [64, 5]}, {'CONV': [64, 3]}), ({'CONV': [64, 3]}, {'CONV': [256, 5]}, {'POOLMAX': [-1, 2]}), ({'CONV': [64, 5]}, {'CONV': [256, 3]}), ({'CONV': [32, 3]}, {'CONV': [256, 3]}, {'POOLMAX': [-1, 2]}), ({'CONV': [64, 3]}, {'CONV': [256, 3]}), ({'CONV': [256, 3]}, {'CONV': [256, 5]}, {'POOLMAX': [-1, 2]}), {'GLOBAL_AVG': None}, {'LAST_DENSE': [100, 'softmax']}]",HHSE,NSGA2,,,,,0.7026527299478922,,,,714557440,4042020,,,,,,"[0, 4, 0, 31, 18, 6, 28, 44]",0.7202313781404504,-0.0042963560989601,0.0,0.0,0.75,0.0,0.4,0,0,0,100,0,0.0,BEST,False,False,225,True,True,GREEDY,,,GREEDY_HV
BBUVXQ[M][M][M],14,15,52,40,0.52,True,True,"[0, 12, 26, 23, 30, 6, 22, 55]",[],"[0.2753055736279574, 12.695168158980316, 26.511822010090924, 23.37837630011731, 30.595146107091793, 6.717623909041425, 22.685765000451664, 55.708429972911674]","[{'INP': 32}, {'CONV': [64, 3]}, ({'CONV': [32, 3]}, {'CONV': [32, 3]}), ({'CONV': [32, 5]}, {'CONV': [128, 3]}, {'POOLMAX': [-1, 2]}), ({'CONV': [64, 5]}, {'CONV': [64, 3]}), ({'CONV': [64, 3]}, {'CONV': [256, 5]}, {'POOLMAX': [-1, 2]}), ({'CONV': [64, 5]}, {'CONV': [256, 3]}), ({'CONV': [32, 3]}, {'CONV': [256, 3]}, {'POOLMAX': [-1, 2]}), ({'CONV': [64, 3]}, {'CONV': [256, 3]}), ({'CONV': [256, 3]}, {'CONV': [256, 5]}, {'POOLMAX': [-1, 2]}), {'GLOBAL_AVG': None}, {'LAST_DENSE': [100, 'softmax']}]",HHSE,NSGA2,,,,,0.7026527299478922,,,,714557440,4042020,,,,,,"[0, 4, 0, 31, 18, 6, 28, 44]",0.7199319167400208,-0.0002208231557948,0.0,0.0,0.75,0.0,0.4,0,0,0,100,0,0.0,BEST,False,False,225,True,True,GREEDY,,,GREEDY_HV
BBUVXQ[M][M][M],14,15,53,40,0.53,True,True,"[0, 12, 26, 23, 30, 6, 22, 55]",[],"[0.2753055736279574, 12.695168158980316, 26.511822010090924, 23.37837630011731, 30.595146107091793, 6.717623909041425, 22.685765000451664, 55.708429972911674]","[{'INP': 32}, {'CONV': [64, 3]}, ({'CONV': [32, 3]}, {'CONV': [32, 3]}), ({'CONV': [32, 5]}, {'CONV': [128, 3]}, {'POOLMAX': [-1, 2]}), ({'CONV': [64, 5]}, {'CONV': [64, 3]}), ({'CONV': [64, 3]}, {'CONV': [256, 5]}, {'POOLMAX': [-1, 2]}), ({'CONV': [64, 5]}, {'CONV': [256, 3]}), ({'CONV': [32, 3]}, {'CONV': [256, 3]}, {'POOLMAX': [-1, 2]}), ({'CONV': [64, 3]}, {'CONV': [256, 3]}), ({'CONV': [256, 3]}, {'CONV': [256, 5]}, {'POOLMAX': [-1, 2]}), {'GLOBAL_AVG': None}, {'LAST_DENSE': [100, 'softmax']}]",HHSE,NSGA2,,,,,0.7026527299478922,,,,714557440,4042020,,,,,,"[0, 4, 0, 31, 18, 6, 28, 44]",0.7199402599585965,-0.0001220174709388,0.0,0.0,0.75,0.0,0.4,0,0,0,100,0,0.0,BEST,False,False,225,True,True,GREEDY,,,GREEDY_HV
BBUVXQ[M][M][M],14,15,54,40,0.54,True,True,"[0, 12, 26, 23, 30, 6, 22, 55]",[],"[0.2753055736279574, 12.695168158980316, 26.511822010090924, 23.37837630011731, 30.595146107091793, 6.717623909041425, 22.685765000451664, 55.708429972911674]","[{'INP': 32}, {'CONV': [64, 3]}, ({'CONV': [32, 3]}, {'CONV': [32, 3]}), ({'CONV': [32, 5]}, {'CONV': [128, 3]}, {'POOLMAX': [-1, 2]}), ({'CONV': [64, 5]}, {'CONV': [64, 3]}), ({'CONV': [64, 3]}, {'CONV': [256, 5]}, {'POOLMAX': [-1, 2]}), ({'CONV': [64, 5]}, {'CONV': [256, 3]}), ({'CONV': [32, 3]}, {'CONV': [256, 3]}, {'POOLMAX': [-1, 2]}), ({'CONV': [64, 3]}, {'CONV': [256, 3]}), ({'CONV': [256, 3]}, {'CONV': [256, 5]}, {'POOLMAX': [-1, 2]}), {'GLOBAL_AVG': None}, {'LAST_DENSE': [100, 'softmax']}]",HHSE,NSGA2,,,,,0.7026527299478922,,,,714557440,4042020,,,,,,"[0, 4, 0, 31, 18, 6, 28, 44]",0.7201967488214005,-0.0004301005519847,0.0,0.0,0.75,0.0,0.4,0,0,0,100,0,0.0,BEST,False,False,225,True,True,GREEDY,,,GREEDY_HV
BBUVXQ[M][M][M],14,15,55,40,0.55,True,True,"[0, 12, 26, 23, 30, 6, 22, 55]",[],"[0.2753055736279574, 12.695168158980316, 26.511822010090924, 23.37837630011731, 30.595146107091793, 6.717623909041425, 22.685765000451664, 55.708429972911674]","[{'INP': 32}, {'CONV': [64, 3]}, ({'CONV': [32, 3]}, {'CONV': [32, 3]}), ({'CONV': [32, 5]}, {'CONV': [128, 3]}, {'POOLMAX': [-1, 2]}), ({'CONV': [64, 5]}, {'CONV': [64, 3]}), ({'CONV': [64, 3]}, {'CONV': [256, 5]}, {'POOLMAX': [-1, 2]}), ({'CONV': [64, 5]}, {'CONV': [256, 3]}), ({'CONV': [32, 3]}, {'CONV': [256, 3]}, {'POOLMAX': [-1, 2]}), ({'CONV': [64, 3]}, {'CONV': [256, 3]}), ({'CONV': [256, 3]}, {'CONV': [256, 5]}, {'POOLMAX': [-1, 2]}), {'GLOBAL_AVG': None}, {'LAST_DENSE': [100, 'softmax']}]",HHSE,NSGA2,,,,,0.7026527299478922,,,,714557440,4042020,,,,,,"[0, 4, 0, 31, 18, 6, 28, 44]",0.7200358193862897,-0.0005726749951309,0.0,0.0,0.75,0.0,0.4,0,0,0,100,0,0.0,BEST,False,False,225,True,True,GREEDY,,,GREEDY_HV
BBUVXQ[M][M][M],14,15,56,40,0.56,True,True,"[0, 12, 26, 23, 30, 6, 22, 55]",[],"[0.2753055736279574, 12.695168158980316, 26.511822010090924, 23.37837630011731, 30.595146107091793, 6.717623909041425, 22.685765000451664, 55.708429972911674]","[{'INP': 32}, {'CONV': [64, 3]}, ({'CONV': [32, 3]}, {'CONV': [32, 3]}), ({'CONV': [32, 5]}, {'CONV': [128, 3]}, {'POOLMAX': [-1, 2]}), ({'CONV': [64, 5]}, {'CONV': [64, 3]}), ({'CONV': [64, 3]}, {'CONV': [256, 5]}, {'POOLMAX': [-1, 2]}), ({'CONV': [64, 5]}, {'CONV': [256, 3]}), ({'CONV': [32, 3]}, {'CONV': [256, 3]}, {'POOLMAX': [-1, 2]}), ({'CONV': [64, 3]}, {'CONV': [256, 3]}), ({'CONV': [256, 3]}, {'CONV': [256, 5]}, {'POOLMAX': [-1, 2]}), {'GLOBAL_AVG': None}, {'LAST_DENSE': [100, 'softmax']}]",HHSE,NSGA2,,,,,0.7026527299478922,,,,714557440,4042020,,,,,,"[0, 4, 0, 31, 18, 6, 28, 44]",0.7200682259309714,-0.0047437022030542,0.0,0.0,0.75,0.0,0.4,0,0,0,100,0,0.0,BEST,False,False,225,True,True,GREEDY,,,GREEDY_HV
BBUVXQ[M][M][M],14,15,57,40,0.57,True,True,"[0, 12, 26, 23, 30, 6, 22, 55]",[],"[0.2753055736279574, 12.695168158980316, 26.511822010090924, 23.37837630011731, 30.595146107091793, 6.717623909041425, 22.685765000451664, 55.708429972911674]","[{'INP': 32}, {'CONV': [64, 3]}, ({'CONV': [32, 3]}, {'CONV': [32, 3]}), ({'CONV': [32, 5]}, {'CONV': [128, 3]}, {'POOLMAX': [-1, 2]}), ({'CONV': [64, 5]}, {'CONV': [64, 3]}), ({'CONV': [64, 3]}, {'CONV': [256, 5]}, {'POOLMAX': [-1, 2]}), ({'CONV': [64, 5]}, {'CONV': [256, 3]}), ({'CONV': [32, 3]}, {'CONV': [256, 3]}, {'POOLMAX': [-1, 2]}), ({'CONV': [64, 3]}, {'CONV': [256, 3]}), ({'CONV': [256, 3]}, {'CONV': [256, 5]}, {'POOLMAX': [-1, 2]}), {'GLOBAL_AVG': None}, {'LAST_DENSE': [100, 'softmax']}]",HHSE,NSGA2,,,,,0.7026527299478922,,,,714557440,4042020,,,,,,"[0, 4, 0, 31, 18, 6, 28, 44]",0.7200425793616704,-0.0034879633944605,0.0,0.0,0.75,0.0,0.4,0,0,0,100,0,0.0,BEST,False,False,225,True,True,GREEDY,,,GREEDY_HV
BBUVXQ[M][M][M],14,15,58,40,0.58,True,True,"[0, 12, 26, 23, 30, 6, 22, 55]",[],"[0.2753055736279574, 12.695168158980316, 26.511822010090924, 23.37837630011731, 30.595146107091793, 6.717623909041425, 22.685765000451664, 55.708429972911674]","[{'INP': 32}, {'CONV': [64, 3]}, ({'CONV': [32, 3]}, {'CONV': [32, 3]}), ({'CONV': [32, 5]}, {'CONV': [128, 3]}, {'POOLMAX': [-1, 2]}), ({'CONV': [64, 5]}, {'CONV': [64, 3]}), ({'CONV': [64, 3]}, {'CONV': [256, 5]}, {'POOLMAX': [-1, 2]}), ({'CONV': [64, 5]}, {'CONV': [256, 3]}), ({'CONV': [32, 3]}, {'CONV': [256, 3]}, {'POOLMAX': [-1, 2]}), ({'CONV': [64, 3]}, {'CONV': [256, 3]}), ({'CONV': [256, 3]}, {'CONV': [256, 5]}, {'POOLMAX': [-1, 2]}), {'GLOBAL_AVG': None}, {'LAST_DENSE': [100, 'softmax']}]",HHSE,NSGA2,,,,,0.7026527299478922,,,,714557440,4042020,,,,,,"[0, 4, 0, 31, 18, 6, 28, 44]",0.7201119697348926,-0.0005065823137897,0.0,0.0,0.75,0.0,0.4,0,0,0,100,0,0.0,BEST,False,False,225,True,True,GREEDY,,,GREEDY_HV
BBUVXQ[M][M][M],14,15,59,40,0.59,True,True,"[0, 12, 26, 23, 30, 6, 22, 55]",[],"[0.2753055736279574, 12.695168158980316, 26.511822010090924, 23.37837630011731, 30.595146107091793, 6.717623909041425, 22.685765000451664, 55.708429972911674]","[{'INP': 32}, {'CONV': [64, 3]}, ({'CONV': [32, 3]}, {'CONV': [32, 3]}), ({'CONV': [32, 5]}, {'CONV': [128, 3]}, {'POOLMAX': [-1, 2]}), ({'CONV': [64, 5]}, {'CONV': [64, 3]}), ({'CONV': [64, 3]}, {'CONV': [256, 5]}, {'POOLMAX': [-1, 2]}), ({'CONV': [64, 5]}, {'CONV': [256, 3]}), ({'CONV': [32, 3]}, {'CONV': [256, 3]}, {'POOLMAX': [-1, 2]}), ({'CONV': [64, 3]}, {'CONV': [256, 3]}), ({'CONV': [256, 3]}, {'CONV': [256, 5]}, {'POOLMAX': [-1, 2]}), {'GLOBAL_AVG': None}, {'LAST_DENSE': [100, 'softmax']}]",HHSE,NSGA2,,,,,0.7026527299478922,,,,714557440,4042020,,,,,,"[0, 4, 0, 31, 18, 6, 28, 44]",0.7200922664782243,-0.0015750574374815,0.0,0.0,0.75,0.0,0.4,0,1,0,100,0,0.01,BEST,False,False,225,True,True,GREEDY,,,GREEDY_HV
BBUVXQ[M][M][M],14,15,60,40,0.6,True,True,"[0, 12, 26, 23, 30, 6, 22, 55]",[],"[0.2753055736279574, 12.695168158980316, 26.511822010090924, 23.37837630011731, 30.595146107091793, 6.717623909041425, 22.685765000451664, 55.708429972911674]","[{'INP': 32}, {'CONV': [64, 3]}, ({'CONV': [32, 3]}, {'CONV': [32, 3]}), ({'CONV': [32, 5]}, {'CONV': [128, 3]}, {'POOLMAX': [-1, 2]}), ({'CONV': [64, 5]}, {'CONV': [64, 3]}), ({'CONV': [64, 3]}, {'CONV': [256, 5]}, {'POOLMAX': [-1, 2]}), ({'CONV': [64, 5]}, {'CONV': [256, 3]}), ({'CONV': [32, 3]}, {'CONV': [256, 3]}, {'POOLMAX': [-1, 2]}), ({'CONV': [64, 3]}, {'CONV': [256, 3]}), ({'CONV': [256, 3]}, {'CONV': [256, 5]}, {'POOLMAX': [-1, 2]}), {'GLOBAL_AVG': None}, {'LAST_DENSE': [100, 'softmax']}]",HHSE,NSGA2,,,,,0.7026527299478922,,,,714557440,4042020,,,,,,"[0, 4, 0, 31, 18, 6, 28, 44]",0.7203604407239761,-0.000221718646198,0.0,0.0,0.75,0.0,0.4,0,0,0,100,0,0.0,BEST,False,False,225,True,True,GREEDY,,,GREEDY_HV
BBUVXQ[M][M][M],14,15,61,40,0.61,True,True,"[0, 12, 26, 23, 30, 6, 22, 55]",[],"[0.2753055736279574, 12.695168158980316, 26.511822010090924, 23.37837630011731, 30.595146107091793, 6.717623909041425, 22.685765000451664, 55.708429972911674]","[{'INP': 32}, {'CONV': [64, 3]}, ({'CONV': [32, 3]}, {'CONV': [32, 3]}), ({'CONV': [32, 5]}, {'CONV': [128, 3]}, {'POOLMAX': [-1, 2]}), ({'CONV': [64, 5]}, {'CONV': [64, 3]}), ({'CONV': [64, 3]}, {'CONV': [256, 5]}, {'POOLMAX': [-1, 2]}), ({'CONV': [64, 5]}, {'CONV': [256, 3]}), ({'CONV': [32, 3]}, {'CONV': [256, 3]}, {'POOLMAX': [-1, 2]}), ({'CONV': [64, 3]}, {'CONV': [256, 3]}), ({'CONV': [256, 3]}, {'CONV': [256, 5]}, {'POOLMAX': [-1, 2]}), {'GLOBAL_AVG': None}, {'LAST_DENSE': [100, 'softmax']}]",HHSE,NSGA2,,,,,0.7026527299478922,,,,714557440,4042020,,,,,,"[0, 4, 0, 31, 18, 6, 28, 44]",0.7202766805903156,-0.0006135737222849,0.0,0.0,0.75,0.0,0.4,0,0,0,100,0,0.0,BEST,False,False,225,True,True,GREEDY,,,GREEDY_HV
BBUVXQ[M][M][M],14,15,62,40,0.62,True,True,"[0, 12, 26, 23, 30, 6, 22, 55]",[],"[0.2753055736279574, 12.695168158980316, 26.511822010090924, 23.37837630011731, 30.595146107091793, 6.717623909041425, 22.685765000451664, 55.708429972911674]","[{'INP': 32}, {'CONV': [64, 3]}, ({'CONV': [32, 3]}, {'CONV': [32, 3]}), ({'CONV': [32, 5]}, {'CONV': [128, 3]}, {'POOLMAX': [-1, 2]}), ({'CONV': [64, 5]}, {'CONV': [64, 3]}), ({'CONV': [64, 3]}, {'CONV': [256, 5]}, {'POOLMAX': [-1, 2]}), ({'CONV': [64, 5]}, {'CONV': [256, 3]}), ({'CONV': [32, 3]}, {'CONV': [256, 3]}, {'POOLMAX': [-1, 2]}), ({'CONV': [64, 3]}, {'CONV': [256, 3]}), ({'CONV': [256, 3]}, {'CONV': [256, 5]}, {'POOLMAX': [-1, 2]}), {'GLOBAL_AVG': None}, {'LAST_DENSE': [100, 'softmax']}]",HHSE,NSGA2,,,,,0.7026527299478922,,,,714557440,4042020,,,,,,"[0, 4, 0, 31, 18, 6, 28, 44]",0.7202791324005314,-0.0006069944054533,0.0,0.0,0.75,0.0,0.4,0,0,0,100,0,0.0,BEST,False,False,225,True,True,GREEDY,,,GREEDY_HV
BBUVXQ[M][M][M],14,15,63,40,0.63,True,True,"[0, 12, 26, 23, 30, 6, 22, 55]",[],"[0.2753055736279574, 12.695168158980316, 26.511822010090924, 23.37837630011731, 30.595146107091793, 6.717623909041425, 22.685765000451664, 55.708429972911674]","[{'INP': 32}, {'CONV': [64, 3]}, ({'CONV': [32, 3]}, {'CONV': [32, 3]}), ({'CONV': [32, 5]}, {'CONV': [128, 3]}, {'POOLMAX': [-1, 2]}), ({'CONV': [64, 5]}, {'CONV': [64, 3]}), ({'CONV': [64, 3]}, {'CONV': [256, 5]}, {'POOLMAX': [-1, 2]}), ({'CONV': [64, 5]}, {'CONV': [256, 3]}), ({'CONV': [32, 3]}, {'CONV': [256, 3]}, {'POOLMAX': [-1, 2]}), ({'CONV': [64, 3]}, {'CONV': [256, 3]}), ({'CONV': [256, 3]}, {'CONV': [256, 5]}, {'POOLMAX': [-1, 2]}), {'GLOBAL_AVG': None}, {'LAST_DENSE': [100, 'softmax']}]",HHSE,NSGA2,,,,,0.7026527299478922,,,,714557440,4042020,,,,,,"[0, 4, 0, 31, 18, 6, 28, 44]",0.7204271326645236,-2.5366710857066543e-05,0.0,0.0,0.75,0.0,0.4,0,1,0,100,0,0.01,BEST,False,False,225,True,True,GREEDY,,,GREEDY_HV
BBUVXQ[M][M][M],14,15,64,40,0.64,True,True,"[0, 12, 26, 23, 30, 6, 22, 55]",[],"[0.2753055736279574, 12.695168158980316, 26.511822010090924, 23.37837630011731, 30.595146107091793, 6.717623909041425, 22.685765000451664, 55.708429972911674]","[{'INP': 32}, {'CONV': [64, 3]}, ({'CONV': [32, 3]}, {'CONV': [32, 3]}), ({'CONV': [32, 5]}, {'CONV': [128, 3]}, {'POOLMAX': [-1, 2]}), ({'CONV': [64, 5]}, {'CONV': [64, 3]}), ({'CONV': [64, 3]}, {'CONV': [256, 5]}, {'POOLMAX': [-1, 2]}), ({'CONV': [64, 5]}, {'CONV': [256, 3]}), ({'CONV': [32, 3]}, {'CONV': [256, 3]}, {'POOLMAX': [-1, 2]}), ({'CONV': [64, 3]}, {'CONV': [256, 3]}), ({'CONV': [256, 3]}, {'CONV': [256, 5]}, {'POOLMAX': [-1, 2]}), {'GLOBAL_AVG': None}, {'LAST_DENSE': [100, 'softmax']}]",HHSE,NSGA2,,,,,0.7026527299478922,,,,714557440,4042020,,,,,,"[0, 4, 0, 31, 18, 6, 28, 44]",0.7209231574846791,-7.767118420720642e-05,0.0,0.0,0.75,0.0,0.4,0,0,0,100,0,0.0,BEST,False,False,225,True,True,GREEDY,,,GREEDY_HV
BBUVXQ[M][M][M],14,15,65,40,0.65,True,True,"[0, 12, 26, 23, 30, 6, 22, 55]",[],"[0.2753055736279574, 12.695168158980316, 26.511822010090924, 23.37837630011731, 30.595146107091793, 6.717623909041425, 22.685765000451664, 55.708429972911674]","[{'INP': 32}, {'CONV': [64, 3]}, ({'CONV': [32, 3]}, {'CONV': [32, 3]}), ({'CONV': [32, 5]}, {'CONV': [128, 3]}, {'POOLMAX': [-1, 2]}), ({'CONV': [64, 5]}, {'CONV': [64, 3]}), ({'CONV': [64, 3]}, {'CONV': [256, 5]}, {'POOLMAX': [-1, 2]}), ({'CONV': [64, 5]}, {'CONV': [256, 3]}), ({'CONV': [32, 3]}, {'CONV': [256, 3]}, {'POOLMAX': [-1, 2]}), ({'CONV': [64, 3]}, {'CONV': [256, 3]}), ({'CONV': [256, 3]}, {'CONV': [256, 5]}, {'POOLMAX': [-1, 2]}), {'GLOBAL_AVG': None}, {'LAST_DENSE': [100, 'softmax']}]",HHSE,NSGA2,,,,,0.7026527299478922,,,,714557440,4042020,,,,,,"[0, 4, 0, 31, 18, 6, 28, 44]",0.720907676636903,-0.0001161161739414,0.0,0.0,0.75,0.0,0.4,0,0,0,100,0,0.0,BEST,False,False,225,True,True,GREEDY,,,GREEDY_HV
BBUVXQ[M][M][M],14,15,66,40,0.66,True,True,"[0, 12, 26, 23, 30, 6, 22, 55]",[],"[0.2753055736279574, 12.695168158980316, 26.511822010090924, 23.37837630011731, 30.595146107091793, 6.717623909041425, 22.685765000451664, 55.708429972911674]","[{'INP': 32}, {'CONV': [64, 3]}, ({'CONV': [32, 3]}, {'CONV': [32, 3]}), ({'CONV': [32, 5]}, {'CONV': [128, 3]}, {'POOLMAX': [-1, 2]}), ({'CONV': [64, 5]}, {'CONV': [64, 3]}), ({'CONV': [64, 3]}, {'CONV': [256, 5]}, {'POOLMAX': [-1, 2]}), ({'CONV': [64, 5]}, {'CONV': [256, 3]}), ({'CONV': [32, 3]}, {'CONV': [256, 3]}, {'POOLMAX': [-1, 2]}), ({'CONV': [64, 3]}, {'CONV': [256, 3]}), ({'CONV': [256, 3]}, {'CONV': [256, 5]}, {'POOLMAX': [-1, 2]}), {'GLOBAL_AVG': None}, {'LAST_DENSE': [100, 'softmax']}]",HHSE,NSGA2,,,,,0.7026527299478922,,,,714557440,4042020,,,,,,"[0, 4, 0, 31, 18, 6, 28, 44]",0.7209148067675172,-0.0002223997681648,0.0,0.0,0.75,0.0,0.4,0,0,0,100,0,0.0,BEST,False,False,225,True,True,GREEDY,,,GREEDY_HV
BWQFVW[M][M],14,15,67,67,0.67,True,True,"[3, 14, 23, 44, 47, 4, 62, 55]",[],"[3.4728002702687855, 14.718904085731939, 23.514862257284395, 44.53846449214251, 47.1053630130309, 4.003746042079386, 62.10617547691263, 55.091958201131916]","[{'INP': 32}, {'CONV': [64, 3]}, ({'CONV': [32, 3]}, {'CONV': [64, 5]}), ({'CONV': [32, 5]}, {'CONV': [256, 3]}, {'POOLMAX': [-1, 2]}), ({'CONV': [64, 3]}, {'CONV': [256, 5]}), ({'CONV': [128, 5]}, {'CONV': [128, 3]}, {'POOLMAX': [-1, 2]}), ({'CONV': [128, 5]}, {'CONV': [256, 5]}), ({'CONV': [32, 3]}, {'CONV': [128, 3]}, {'POOLMAX': [-1, 2]}), ({'CONV': [256, 5]}, {'CONV': [256, 3]}), ({'CONV': [256, 3]}, {'CONV': [256, 5]}, {'POOLMAX': [-1, 2]}), {'GLOBAL_AVG': None}, {'LAST_DENSE': [100, 'softmax']}]",HHSE,NSGA2,,,,,0.7027352735123409,,,,1474540544,6732708,,,,,,"[0, 18, 4, 34, 46, 4, 62, 53]",0.7209143601528434,-0.0001540462134588,0.0,0.0,0.75,0.875,0.67,0,0,0,100,0,0.0,BEST,False,False,223,True,True,GREEDY,,,GREEDY_HV
BWQFVW[M][M],14,15,68,67,0.68,True,True,"[3, 14, 23, 44, 47, 4, 62, 55]",[],"[3.4728002702687855, 14.718904085731939, 23.514862257284395, 44.53846449214251, 47.1053630130309, 4.003746042079386, 62.10617547691263, 55.091958201131916]","[{'INP': 32}, {'CONV': [64, 3]}, ({'CONV': [32, 3]}, {'CONV': [64, 5]}), ({'CONV': [32, 5]}, {'CONV': [256, 3]}, {'POOLMAX': [-1, 2]}), ({'CONV': [64, 3]}, {'CONV': [256, 5]}), ({'CONV': [128, 5]}, {'CONV': [128, 3]}, {'POOLMAX': [-1, 2]}), ({'CONV': [128, 5]}, {'CONV': [256, 5]}), ({'CONV': [32, 3]}, {'CONV': [128, 3]}, {'POOLMAX': [-1, 2]}), ({'CONV': [256, 5]}, {'CONV': [256, 3]}), ({'CONV': [256, 3]}, {'CONV': [256, 5]}, {'POOLMAX': [-1, 2]}), {'GLOBAL_AVG': None}, {'LAST_DENSE': [100, 'softmax']}]",HHSE,NSGA2,,,,,0.7027352735123409,,,,1474540544,6732708,,,,,,"[0, 18, 4, 34, 46, 4, 62, 53]",0.7210194849968146,-0.000360324925356,0.0,0.0,0.75,0.0,0.67,0,0,0,100,0,0.0,BEST,False,False,223,True,True,GREEDY,,,GREEDY_HV
BGTXBR[M][M][M],14,15,69,69,0.69,True,True,"[6, 29, 9, 47, 46, 6, 39, 23]",[],"[6.361684085696878, 29.218912887323427, 9.863383155659275, 47.667724635152496, 46.34194814887774, 6.422375508909406, 39.82358977131896, 23.123587493736537]","[{'INP': 32}, {'CONV': [64, 3]}, ({'CONV': [32, 3]}, {'CONV': [256, 3]}), ({'CONV': [64, 5]}, {'CONV': [128, 5]}, {'POOLMAX': [-1, 2]}), ({'CONV': [32, 5]}, {'CONV': [32, 5]}), ({'CONV': [128, 5]}, {'CONV': [256, 5]}, {'POOLMAX': [-1, 2]}), ({'CONV': [128, 5]}, {'CONV': [256, 3]}), ({'CONV': [32, 3]}, {'CONV': [256, 3]}, {'POOLMAX': [-1, 2]}), ({'CONV': [128, 3]}, {'CONV': [256, 5]}), ({'CONV': [64, 3]}, {'CONV': [256, 5]}, {'POOLMAX': [-1, 2]}), {'GLOBAL_AVG': None}, {'LAST_DENSE': [100, 'softmax']}]",HHSE,NSGA2,,,,,0.7068269846633156,,,,2207477760,4725796,,,,,,"[6, 23, 2, 45, 46, 6, 40, 23]",0.7209777475758572,-0.0005146557631584,0.0,0.0,0.5,1.0,0.69,0,0,0,100,0,0.0,BEST,False,False,163,True,True,GREEDY,,,GREEDY_HV
BGTXBR[M][M][M],14,15,70,69,0.7,True,True,"[6, 29, 9, 47, 46, 6, 39, 23]",[],"[6.361684085696878, 29.218912887323427, 9.863383155659275, 47.667724635152496, 46.34194814887774, 6.422375508909406, 39.82358977131896, 23.123587493736537]","[{'INP': 32}, {'CONV': [64, 3]}, ({'CONV': [32, 3]}, {'CONV': [256, 3]}), ({'CONV': [64, 5]}, {'CONV': [128, 5]}, {'POOLMAX': [-1, 2]}), ({'CONV': [32, 5]}, {'CONV': [32, 5]}), ({'CONV': [128, 5]}, {'CONV': [256, 5]}, {'POOLMAX': [-1, 2]}), ({'CONV': [128, 5]}, {'CONV': [256, 3]}), ({'CONV': [32, 3]}, {'CONV': [256, 3]}, {'POOLMAX': [-1, 2]}), ({'CONV': [128, 3]}, {'CONV': [256, 5]}), ({'CONV': [64, 3]}, {'CONV': [256, 5]}, {'POOLMAX': [-1, 2]}), {'GLOBAL_AVG': None}, {'LAST_DENSE': [100, 'softmax']}]",HHSE,NSGA2,,,,,0.7068269846633156,,,,2207477760,4725796,,,,,,"[6, 23, 2, 45, 46, 6, 40, 23]",0.7239710738217773,-0.0002717231246803,0.0,0.0,0.5,0.0,0.69,0,0,0,100,0,0.0,BEST,False,False,163,True,True,GREEDY,,,GREEDY_HV
BGTXBR[M][M][M],14,15,71,69,0.71,True,True,"[6, 29, 9, 47, 46, 6, 39, 23]",[],"[6.361684085696878, 29.218912887323427, 9.863383155659275, 47.667724635152496, 46.34194814887774, 6.422375508909406, 39.82358977131896, 23.123587493736537]","[{'INP': 32}, {'CONV': [64, 3]}, ({'CONV': [32, 3]}, {'CONV': [256, 3]}), ({'CONV': [64, 5]}, {'CONV': [128, 5]}, {'POOLMAX': [-1, 2]}), ({'CONV': [32, 5]}, {'CONV': [32, 5]}), ({'CONV': [128, 5]}, {'CONV': [256, 5]}, {'POOLMAX': [-1, 2]}), ({'CONV': [128, 5]}, {'CONV': [256, 3]}), ({'CONV': [32, 3]}, {'CONV': [256, 3]}, {'POOLMAX': [-1, 2]}), ({'CONV': [128, 3]}, {'CONV': [256, 5]}), ({'CONV': [64, 3]}, {'CONV': [256, 5]}, {'POOLMAX': [-1, 2]}), {'GLOBAL_AVG': None}, {'LAST_DENSE': [100, 'softmax']}]",HHSE,NSGA2,,,,,0.7068269846633156,,,,2207477760,4725796,,,,,,"[6, 23, 2, 45, 46, 6, 40, 23]",0.7240705468375752,-0.000131503831699,0.0,0.0,0.5,0.0,0.69,0,0,0,100,0,0.0,BEST,False,False,163,True,True,GREEDY,,,GREEDY_HV
BGTXBR[M][M][M],14,15,72,69,0.72,True,True,"[6, 29, 9, 47, 46, 6, 39, 23]",[],"[6.361684085696878, 29.218912887323427, 9.863383155659275, 47.667724635152496, 46.34194814887774, 6.422375508909406, 39.82358977131896, 23.123587493736537]","[{'INP': 32}, {'CONV': [64, 3]}, ({'CONV': [32, 3]}, {'CONV': [256, 3]}), ({'CONV': [64, 5]}, {'CONV': [128, 5]}, {'POOLMAX': [-1, 2]}), ({'CONV': [32, 5]}, {'CONV': [32, 5]}), ({'CONV': [128, 5]}, {'CONV': [256, 5]}, {'POOLMAX': [-1, 2]}), ({'CONV': [128, 5]}, {'CONV': [256, 3]}), ({'CONV': [32, 3]}, {'CONV': [256, 3]}, {'POOLMAX': [-1, 2]}), ({'CONV': [128, 3]}, {'CONV': [256, 5]}), ({'CONV': [64, 3]}, {'CONV': [256, 5]}, {'POOLMAX': [-1, 2]}), {'GLOBAL_AVG': None}, {'LAST_DENSE': [100, 'softmax']}]",HHSE,NSGA2,,,,,0.7068269846633156,,,,2207477760,4725796,,,,,,"[6, 23, 2, 45, 46, 6, 40, 23]",0.7240837321551066,-0.0001204066009793,0.0,0.0,0.5,0.0,0.69,0,1,0,100,0,0.01,BEST,False,False,163,True,True,GREEDY,,,GREEDY_HV
BGTXBR[M][M][M],14,15,73,69,0.73,True,True,"[6, 29, 9, 47, 46, 6, 39, 23]",[],"[6.361684085696878, 29.218912887323427, 9.863383155659275, 47.667724635152496, 46.34194814887774, 6.422375508909406, 39.82358977131896, 23.123587493736537]","[{'INP': 32}, {'CONV': [64, 3]}, ({'CONV': [32, 3]}, {'CONV': [256, 3]}), ({'CONV': [64, 5]}, {'CONV': [128, 5]}, {'POOLMAX': [-1, 2]}), ({'CONV': [32, 5]}, {'CONV': [32, 5]}), ({'CONV': [128, 5]}, {'CONV': [256, 5]}, {'POOLMAX': [-1, 2]}), ({'CONV': [128, 5]}, {'CONV': [256, 3]}), ({'CONV': [32, 3]}, {'CONV': [256, 3]}, {'POOLMAX': [-1, 2]}), ({'CONV': [128, 3]}, {'CONV': [256, 5]}), ({'CONV': [64, 3]}, {'CONV': [256, 5]}, {'POOLMAX': [-1, 2]}), {'GLOBAL_AVG': None}, {'LAST_DENSE': [100, 'softmax']}]",HHSE,NSGA2,,,,,0.7068269846633156,,,,2207477760,4725796,,,,,,"[6, 23, 2, 45, 46, 6, 40, 23]",0.7240996180748851,-0.0001048947798845,0.0,0.0,0.5,0.0,0.69,0,0,0,100,0,0.0,BEST,False,False,163,True,True,GREEDY,,,GREEDY_HV
BGTXBR[M][M][M],14,15,74,69,0.74,True,True,"[6, 29, 9, 47, 46, 6, 39, 23]",[],"[6.361684085696878, 29.218912887323427, 9.863383155659275, 47.667724635152496, 46.34194814887774, 6.422375508909406, 39.82358977131896, 23.123587493736537]","[{'INP': 32}, {'CONV': [64, 3]}, ({'CONV': [32, 3]}, {'CONV': [256, 3]}), ({'CONV': [64, 5]}, {'CONV': [128, 5]}, {'POOLMAX': [-1, 2]}), ({'CONV': [32, 5]}, {'CONV': [32, 5]}), ({'CONV': [128, 5]}, {'CONV': [256, 5]}, {'POOLMAX': [-1, 2]}), ({'CONV': [128, 5]}, {'CONV': [256, 3]}), ({'CONV': [32, 3]}, {'CONV': [256, 3]}, {'POOLMAX': [-1, 2]}), ({'CONV': [128, 3]}, {'CONV': [256, 5]}), ({'CONV': [64, 3]}, {'CONV': [256, 5]}, {'POOLMAX': [-1, 2]}), {'GLOBAL_AVG': None}, {'LAST_DENSE': [100, 'softmax']}]",HHSE,NSGA2,,,,,0.7068269846633156,,,,2207477760,4725796,,,,,,"[6, 23, 2, 45, 46, 6, 40, 23]",0.7241567845421374,-0.0001787698682562,0.0,0.0,0.5,0.0,0.69,0,0,0,100,0,0.0,BEST,False,False,163,True,True,GREEDY,,,GREEDY_HV
BWQFVW[M][M][M],14,15,75,75,0.75,True,True,"[1, 20, 11, 30, 46, 6, 62, 55]",[],"[1.5490287093953556, 20.625367084730204, 11.89179256239053, 30.413326513614834, 46.189647534656366, 6.015037706673747, 62.339129888882745, 55.3896516994733]","[{'INP': 32}, {'CONV': [64, 3]}, ({'CONV': [32, 3]}, {'CONV': [32, 5]}), ({'CONV': [64, 3]}, {'CONV': [128, 3]}, {'POOLMAX': [-1, 2]}), ({'CONV': [32, 5]}, {'CONV': [64, 5]}), ({'CONV': [64, 5]}, {'CONV': [256, 3]}, {'POOLMAX': [-1, 2]}), ({'CONV': [128, 5]}, {'CONV': [256, 3]}), ({'CONV': [32, 3]}, {'CONV': [256, 3]}, {'POOLMAX': [-1, 2]}), ({'CONV': [256, 5]}, {'CONV': [256, 3]}), ({'CONV': [256, 3]}, {'CONV': [256, 5]}, {'POOLMAX': [-1, 2]}), {'GLOBAL_AVG': None}, {'LAST_DENSE': [100, 'softmax']}]",HHSE,NSGA2,,,,,0.7086500342648033,,,,796505088,6294820,,,,,,"[1, 19, 11, 30, 45, 4, 62, 55]",0.7266390872701921,0.0021163134910475,0.0,0.0,0.375,0.75,0.75,0,0,0,100,0,0.0,BEST,False,False,130,True,True,GREEDY,,,GREEDY_HV
BWQFVW[M][M][M],14,15,76,75,0.76,True,True,"[1, 20, 11, 30, 46, 6, 62, 55]",[],"[1.5490287093953556, 20.625367084730204, 11.89179256239053, 30.413326513614834, 46.189647534656366, 6.015037706673747, 62.339129888882745, 55.3896516994733]","[{'INP': 32}, {'CONV': [64, 3]}, ({'CONV': [32, 3]}, {'CONV': [32, 5]}), ({'CONV': [64, 3]}, {'CONV': [128, 3]}, {'POOLMAX': [-1, 2]}), ({'CONV': [32, 5]}, {'CONV': [64, 5]}), ({'CONV': [64, 5]}, {'CONV': [256, 3]}, {'POOLMAX': [-1, 2]}), ({'CONV': [128, 5]}, {'CONV': [256, 3]}), ({'CONV': [32, 3]}, {'CONV': [256, 3]}, {'POOLMAX': [-1, 2]}), ({'CONV': [256, 5]}, {'CONV': [256, 3]}), ({'CONV': [256, 3]}, {'CONV': [256, 5]}, {'POOLMAX': [-1, 2]}), {'GLOBAL_AVG': None}, {'LAST_DENSE': [100, 'softmax']}]",HHSE,NSGA2,,,,,0.7086500342648033,,,,796505088,6294820,,,,,,"[1, 19, 11, 30, 45, 4, 62, 55]",0.7259126934799348,-0.0002946491973411,0.0,0.0,0.375,0.0,0.75,0,0,0,100,0,0.0,BEST,False,False,130,True,True,GREEDY,,,GREEDY_HV
BWQFVW[M][M][M],14,15,77,75,0.77,True,True,"[1, 20, 11, 30, 46, 6, 62, 55]",[],"[1.5490287093953556, 20.625367084730204, 11.89179256239053, 30.413326513614834, 46.189647534656366, 6.015037706673747, 62.339129888882745, 55.3896516994733]","[{'INP': 32}, {'CONV': [64, 3]}, ({'CONV': [32, 3]}, {'CONV': [32, 5]}), ({'CONV': [64, 3]}, {'CONV': [128, 3]}, {'POOLMAX': [-1, 2]}), ({'CONV': [32, 5]}, {'CONV': [64, 5]}), ({'CONV': [64, 5]}, {'CONV': [256, 3]}, {'POOLMAX': [-1, 2]}), ({'CONV': [128, 5]}, {'CONV': [256, 3]}), ({'CONV': [32, 3]}, {'CONV': [256, 3]}, {'POOLMAX': [-1, 2]}), ({'CONV': [256, 5]}, {'CONV': [256, 3]}), ({'CONV': [256, 3]}, {'CONV': [256, 5]}, {'POOLMAX': [-1, 2]}), {'GLOBAL_AVG': None}, {'LAST_DENSE': [100, 'softmax']}]",HHSE,NSGA2,,,,,0.7086500342648033,,,,796505088,6294820,,,,,,"[1, 19, 11, 30, 45, 4, 62, 55]",0.7261587493280854,-0.0004077171338303,0.0,0.0,0.375,0.0,0.75,0,0,0,100,0,0.0,BEST,False,False,130,True,True,GREEDY,,,GREEDY_HV
BWQFVW[M][M][M],14,15,78,75,0.78,True,True,"[1, 20, 11, 30, 46, 6, 62, 55]",[],"[1.5490287093953556, 20.625367084730204, 11.89179256239053, 30.413326513614834, 46.189647534656366, 6.015037706673747, 62.339129888882745, 55.3896516994733]","[{'INP': 32}, {'CONV': [64, 3]}, ({'CONV': [32, 3]}, {'CONV': [32, 5]}), ({'CONV': [64, 3]}, {'CONV': [128, 3]}, {'POOLMAX': [-1, 2]}), ({'CONV': [32, 5]}, {'CONV': [64, 5]}), ({'CONV': [64, 5]}, {'CONV': [256, 3]}, {'POOLMAX': [-1, 2]}), ({'CONV': [128, 5]}, {'CONV': [256, 3]}), ({'CONV': [32, 3]}, {'CONV': [256, 3]}, {'POOLMAX': [-1, 2]}), ({'CONV': [256, 5]}, {'CONV': [256, 3]}), ({'CONV': [256, 3]}, {'CONV': [256, 5]}, {'POOLMAX': [-1, 2]}), {'GLOBAL_AVG': None}, {'LAST_DENSE': [100, 'softmax']}]",HHSE,NSGA2,,,,,0.7086500342648033,,,,796505088,6294820,,,,,,"[1, 19, 11, 30, 45, 4, 62, 55]",0.7261903399141105,-6.065413177402945e-05,0.0,0.0,0.375,0.0,0.75,0,0,0,100,0,0.0,BEST,False,False,130,True,True,GREEDY,,,GREEDY_HV
BWQFVW[M][M][M],14,15,79,75,0.79,True,True,"[1, 20, 11, 30, 46, 6, 62, 55]",[],"[1.5490287093953556, 20.625367084730204, 11.89179256239053, 30.413326513614834, 46.189647534656366, 6.015037706673747, 62.339129888882745, 55.3896516994733]","[{'INP': 32}, {'CONV': [64, 3]}, ({'CONV': [32, 3]}, {'CONV': [32, 5]}), ({'CONV': [64, 3]}, {'CONV': [128, 3]}, {'POOLMAX': [-1, 2]}), ({'CONV': [32, 5]}, {'CONV': [64, 5]}), ({'CONV': [64, 5]}, {'CONV': [256, 3]}, {'POOLMAX': [-1, 2]}), ({'CONV': [128, 5]}, {'CONV': [256, 3]}), ({'CONV': [32, 3]}, {'CONV': [256, 3]}, {'POOLMAX': [-1, 2]}), ({'CONV': [256, 5]}, {'CONV': [256, 3]}), ({'CONV': [256, 3]}, {'CONV': [256, 5]}, {'POOLMAX': [-1, 2]}), {'GLOBAL_AVG': None}, {'LAST_DENSE': [100, 'softmax']}]",HHSE,NSGA2,,,,,0.7086500342648033,,,,796505088,6294820,,,,,,"[1, 19, 11, 30, 45, 4, 62, 55]",0.7263754357840025,-0.000152384436757,0.0,0.0,0.375,0.0,0.75,0,2,0,100,0,0.02,BEST,False,False,130,True,True,GREEDY,,,GREEDY_HV
BWQFVW[M][M][M],14,15,80,75,0.8,True,True,"[1, 20, 11, 30, 46, 6, 62, 55]",[],"[1.5490287093953556, 20.625367084730204, 11.89179256239053, 30.413326513614834, 46.189647534656366, 6.015037706673747, 62.339129888882745, 55.3896516994733]","[{'INP': 32}, {'CONV': [64, 3]}, ({'CONV': [32, 3]}, {'CONV': [32, 5]}), ({'CONV': [64, 3]}, {'CONV': [128, 3]}, {'POOLMAX': [-1, 2]}), ({'CONV': [32, 5]}, {'CONV': [64, 5]}), ({'CONV': [64, 5]}, {'CONV': [256, 3]}, {'POOLMAX': [-1, 2]}), ({'CONV': [128, 5]}, {'CONV': [256, 3]}), ({'CONV': [32, 3]}, {'CONV': [256, 3]}, {'POOLMAX': [-1, 2]}), ({'CONV': [256, 5]}, {'CONV': [256, 3]}), ({'CONV': [256, 3]}, {'CONV': [256, 5]}, {'POOLMAX': [-1, 2]}), {'GLOBAL_AVG': None}, {'LAST_DENSE': [100, 'softmax']}]",HHSE,NSGA2,,,,,0.7086500342648033,,,,796505088,6294820,,,,,,"[1, 19, 11, 30, 45, 4, 62, 55]",0.726479966881411,-2.2204654602342444e-05,0.0,0.0,0.375,0.0,0.75,0,1,0,100,0,0.01,BEST,False,False,130,True,True,GREEDY,,,GREEDY_HV
BWQFVW[M][M][M],14,15,81,75,0.81,True,True,"[1, 20, 11, 30, 46, 6, 62, 55]",[],"[1.5490287093953556, 20.625367084730204, 11.89179256239053, 30.413326513614834, 46.189647534656366, 6.015037706673747, 62.339129888882745, 55.3896516994733]","[{'INP': 32}, {'CONV': [64, 3]}, ({'CONV': [32, 3]}, {'CONV': [32, 5]}), ({'CONV': [64, 3]}, {'CONV': [128, 3]}, {'POOLMAX': [-1, 2]}), ({'CONV': [32, 5]}, {'CONV': [64, 5]}), ({'CONV': [64, 5]}, {'CONV': [256, 3]}, {'POOLMAX': [-1, 2]}), ({'CONV': [128, 5]}, {'CONV': [256, 3]}), ({'CONV': [32, 3]}, {'CONV': [256, 3]}, {'POOLMAX': [-1, 2]}), ({'CONV': [256, 5]}, {'CONV': [256, 3]}), ({'CONV': [256, 3]}, {'CONV': [256, 5]}, {'POOLMAX': [-1, 2]}), {'GLOBAL_AVG': None}, {'LAST_DENSE': [100, 'softmax']}]",HHSE,NSGA2,,,,,0.7086500342648033,,,,796505088,6294820,,,,,,"[1, 19, 11, 30, 45, 4, 62, 55]",0.7264156949181617,-0.0007027443427227,0.0,0.0,0.375,0.0,0.75,0,0,0,100,0,0.0,BEST,False,False,130,True,True,GREEDY,,,GREEDY_HV
BWQFVW[M][M][M],14,15,82,75,0.82,True,True,"[1, 20, 11, 30, 46, 6, 62, 55]",[],"[1.5490287093953556, 20.625367084730204, 11.89179256239053, 30.413326513614834, 46.189647534656366, 6.015037706673747, 62.339129888882745, 55.3896516994733]","[{'INP': 32}, {'CONV': [64, 3]}, ({'CONV': [32, 3]}, {'CONV': [32, 5]}), ({'CONV': [64, 3]}, {'CONV': [128, 3]}, {'POOLMAX': [-1, 2]}), ({'CONV': [32, 5]}, {'CONV': [64, 5]}), ({'CONV': [64, 5]}, {'CONV': [256, 3]}, {'POOLMAX': [-1, 2]}), ({'CONV': [128, 5]}, {'CONV': [256, 3]}), ({'CONV': [32, 3]}, {'CONV': [256, 3]}, {'POOLMAX': [-1, 2]}), ({'CONV': [256, 5]}, {'CONV': [256, 3]}), ({'CONV': [256, 3]}, {'CONV': [256, 5]}, {'POOLMAX': [-1, 2]}), {'GLOBAL_AVG': None}, {'LAST_DENSE': [100, 'softmax']}]",HHSE,NSGA2,,,,,0.7086500342648033,,,,796505088,6294820,,,,,,"[1, 19, 11, 30, 45, 4, 62, 55]",0.7264150930170264,-0.0001519202826495,0.0,0.0,0.375,0.0,0.75,0,1,0,100,0,0.01,BEST,False,False,130,True,True,GREEDY,,,GREEDY_HV
BWQFVW[M][M][M],14,15,83,75,0.83,True,True,"[1, 20, 11, 30, 46, 6, 62, 55]",[],"[1.5490287093953556, 20.625367084730204, 11.89179256239053, 30.413326513614834, 46.189647534656366, 6.015037706673747, 62.339129888882745, 55.3896516994733]","[{'INP': 32}, {'CONV': [64, 3]}, ({'CONV': [32, 3]}, {'CONV': [32, 5]}), ({'CONV': [64, 3]}, {'CONV': [128, 3]}, {'POOLMAX': [-1, 2]}), ({'CONV': [32, 5]}, {'CONV': [64, 5]}), ({'CONV': [64, 5]}, {'CONV': [256, 3]}, {'POOLMAX': [-1, 2]}), ({'CONV': [128, 5]}, {'CONV': [256, 3]}), ({'CONV': [32, 3]}, {'CONV': [256, 3]}, {'POOLMAX': [-1, 2]}), ({'CONV': [256, 5]}, {'CONV': [256, 3]}), ({'CONV': [256, 3]}, {'CONV': [256, 5]}, {'POOLMAX': [-1, 2]}), {'GLOBAL_AVG': None}, {'LAST_DENSE': [100, 'softmax']}]",HHSE,NSGA2,,,,,0.7086500342648033,,,,796505088,6294820,,,,,,"[1, 19, 11, 30, 45, 4, 62, 55]",0.7271555081886175,0.0004000573079138,0.0,0.0,0.375,0.0,0.75,0,2,0,100,0,0.02,BEST,False,False,130,True,True,GREEDY,,,GREEDY_HV
BWQFVW[M][M][M],14,15,84,75,0.84,True,True,"[1, 20, 11, 30, 46, 6, 62, 55]",[],"[1.5490287093953556, 20.625367084730204, 11.89179256239053, 30.413326513614834, 46.189647534656366, 6.015037706673747, 62.339129888882745, 55.3896516994733]","[{'INP': 32}, {'CONV': [64, 3]}, ({'CONV': [32, 3]}, {'CONV': [32, 5]}), ({'CONV': [64, 3]}, {'CONV': [128, 3]}, {'POOLMAX': [-1, 2]}), ({'CONV': [32, 5]}, {'CONV': [64, 5]}), ({'CONV': [64, 5]}, {'CONV': [256, 3]}, {'POOLMAX': [-1, 2]}), ({'CONV': [128, 5]}, {'CONV': [256, 3]}), ({'CONV': [32, 3]}, {'CONV': [256, 3]}, {'POOLMAX': [-1, 2]}), ({'CONV': [256, 5]}, {'CONV': [256, 3]}), ({'CONV': [256, 3]}, {'CONV': [256, 5]}, {'POOLMAX': [-1, 2]}), {'GLOBAL_AVG': None}, {'LAST_DENSE': [100, 'softmax']}]",HHSE,NSGA2,,,,,0.7086500342648033,,,,796505088,6294820,,,,,,"[1, 19, 11, 30, 45, 4, 62, 55]",0.7268025532059804,-9.674698251382896e-05,0.0,0.0,0.375,0.0,0.75,0,0,0,100,0,0.0,BEST,False,False,130,True,True,GREEDY,,,GREEDY_HV
BWQFVW[M][M][M],14,15,85,75,0.85,True,True,"[1, 20, 11, 30, 46, 6, 62, 55]",[],"[1.5490287093953556, 20.625367084730204, 11.89179256239053, 30.413326513614834, 46.189647534656366, 6.015037706673747, 62.339129888882745, 55.3896516994733]","[{'INP': 32}, {'CONV': [64, 3]}, ({'CONV': [32, 3]}, {'CONV': [32, 5]}), ({'CONV': [64, 3]}, {'CONV': [128, 3]}, {'POOLMAX': [-1, 2]}), ({'CONV': [32, 5]}, {'CONV': [64, 5]}), ({'CONV': [64, 5]}, {'CONV': [256, 3]}, {'POOLMAX': [-1, 2]}), ({'CONV': [128, 5]}, {'CONV': [256, 3]}), ({'CONV': [32, 3]}, {'CONV': [256, 3]}, {'POOLMAX': [-1, 2]}), ({'CONV': [256, 5]}, {'CONV': [256, 3]}), ({'CONV': [256, 3]}, {'CONV': [256, 5]}, {'POOLMAX': [-1, 2]}), {'GLOBAL_AVG': None}, {'LAST_DENSE': [100, 'softmax']}]",HHSE,NSGA2,,,,,0.7086500342648033,,,,796505088,6294820,,,,,,"[1, 19, 11, 30, 45, 4, 62, 55]",0.7270291572937193,-1.3400512191230618e-05,0.0,0.0,0.375,0.0,0.75,0,1,0,100,0,0.01,BEST,False,False,130,True,True,GREEDY,,,GREEDY_HV
BWQFVW[M][M][M],14,15,86,75,0.86,True,True,"[1, 20, 11, 30, 46, 6, 62, 55]",[],"[1.5490287093953556, 20.625367084730204, 11.89179256239053, 30.413326513614834, 46.189647534656366, 6.015037706673747, 62.339129888882745, 55.3896516994733]","[{'INP': 32}, {'CONV': [64, 3]}, ({'CONV': [32, 3]}, {'CONV': [32, 5]}), ({'CONV': [64, 3]}, {'CONV': [128, 3]}, {'POOLMAX': [-1, 2]}), ({'CONV': [32, 5]}, {'CONV': [64, 5]}), ({'CONV': [64, 5]}, {'CONV': [256, 3]}, {'POOLMAX': [-1, 2]}), ({'CONV': [128, 5]}, {'CONV': [256, 3]}), ({'CONV': [32, 3]}, {'CONV': [256, 3]}, {'POOLMAX': [-1, 2]}), ({'CONV': [256, 5]}, {'CONV': [256, 3]}), ({'CONV': [256, 3]}, {'CONV': [256, 5]}, {'POOLMAX': [-1, 2]}), {'GLOBAL_AVG': None}, {'LAST_DENSE': [100, 'softmax']}]",HHSE,NSGA2,,,,,0.7086500342648033,,,,796505088,6294820,,,,,,"[1, 19, 11, 30, 45, 4, 62, 55]",0.7271027907678741,-0.0003508859500703,0.0,0.0,0.375,0.0,0.75,0,1,0,100,0,0.01,BEST,False,False,130,True,True,GREEDY,,,GREEDY_HV
BWQFVW[M][M][M],14,15,87,75,0.87,True,True,"[1, 20, 11, 30, 46, 6, 62, 55]",[],"[1.5490287093953556, 20.625367084730204, 11.89179256239053, 30.413326513614834, 46.189647534656366, 6.015037706673747, 62.339129888882745, 55.3896516994733]","[{'INP': 32}, {'CONV': [64, 3]}, ({'CONV': [32, 3]}, {'CONV': [32, 5]}), ({'CONV': [64, 3]}, {'CONV': [128, 3]}, {'POOLMAX': [-1, 2]}), ({'CONV': [32, 5]}, {'CONV': [64, 5]}), ({'CONV': [64, 5]}, {'CONV': [256, 3]}, {'POOLMAX': [-1, 2]}), ({'CONV': [128, 5]}, {'CONV': [256, 3]}), ({'CONV': [32, 3]}, {'CONV': [256, 3]}, {'POOLMAX': [-1, 2]}), ({'CONV': [256, 5]}, {'CONV': [256, 3]}), ({'CONV': [256, 3]}, {'CONV': [256, 5]}, {'POOLMAX': [-1, 2]}), {'GLOBAL_AVG': None}, {'LAST_DENSE': [100, 'softmax']}]",HHSE,NSGA2,,,,,0.7086500342648033,,,,796505088,6294820,,,,,,"[1, 19, 11, 30, 45, 4, 62, 55]",0.7272863380959267,-0.0002255852833719,0.0,0.0,0.375,0.0,0.75,0,0,0,100,0,0.0,BEST,False,False,130,True,True,GREEDY,,,GREEDY_HV
BWQFVW[M][M][M],14,15,88,75,0.88,True,True,"[1, 20, 11, 30, 46, 6, 62, 55]",[],"[1.5490287093953556, 20.625367084730204, 11.89179256239053, 30.413326513614834, 46.189647534656366, 6.015037706673747, 62.339129888882745, 55.3896516994733]","[{'INP': 32}, {'CONV': [64, 3]}, ({'CONV': [32, 3]}, {'CONV': [32, 5]}), ({'CONV': [64, 3]}, {'CONV': [128, 3]}, {'POOLMAX': [-1, 2]}), ({'CONV': [32, 5]}, {'CONV': [64, 5]}), ({'CONV': [64, 5]}, {'CONV': [256, 3]}, {'POOLMAX': [-1, 2]}), ({'CONV': [128, 5]}, {'CONV': [256, 3]}), ({'CONV': [32, 3]}, {'CONV': [256, 3]}, {'POOLMAX': [-1, 2]}), ({'CONV': [256, 5]}, {'CONV': [256, 3]}), ({'CONV': [256, 3]}, {'CONV': [256, 5]}, {'POOLMAX': [-1, 2]}), {'GLOBAL_AVG': None}, {'LAST_DENSE': [100, 'softmax']}]",HHSE,NSGA2,,,,,0.7086500342648033,,,,796505088,6294820,,,,,,"[1, 19, 11, 30, 45, 4, 62, 55]",0.7280779321355467,0.0006652781603352,0.0,0.0,0.375,0.0,0.75,0,2,0,100,0,0.02,BEST,False,False,130,True,True,GREEDY,,,GREEDY_HV
BWQFVW[M][M][M][M],14,15,89,89,0.89,True,True,"[1, 20, 13, 30, 46, 6, 62, 55]",[],"[1.5479839927898922, 20.348358840983938, 13.060075359187833, 30.589737606862595, 46.20638934298937, 6.0027655190726295, 62.34816652191645, 55.40474113887953]","[{'INP': 32}, {'CONV': [64, 3]}, ({'CONV': [32, 3]}, {'CONV': [32, 5]}), ({'CONV': [64, 3]}, {'CONV': [128, 3]}, {'POOLMAX': [-1, 2]}), ({'CONV': [32, 5]}, {'CONV': [128, 5]}), ({'CONV': [64, 5]}, {'CONV': [256, 3]}, {'POOLMAX': [-1, 2]}), ({'CONV': [128, 5]}, {'CONV': [256, 3]}), ({'CONV': [32, 3]}, {'CONV': [256, 3]}, {'POOLMAX': [-1, 2]}), ({'CONV': [256, 5]}, {'CONV': [256, 3]}), ({'CONV': [256, 3]}, {'CONV': [256, 5]}, {'POOLMAX': [-1, 2]}), {'GLOBAL_AVG': None}, {'LAST_DENSE': [100, 'softmax']}]",HHSE,NSGA2,,,,,0.709467408975307,,,,875230208,6448676,,,,,,"[1, 20, 11, 30, 46, 6, 62, 55]",0.727486014402003,-0.000185335497855,0.0,0.0,0.125,0.125,0.89,0,0,0,100,0,0.0,BEST,False,False,116,True,True,GREEDY,,,GREEDY_HV
BBTBGU[M][M],14,15,90,90,0.9,True,True,"[2, 3, 12, 22, 46, 6, 62, 55]",[],"[2.747690032044532, 3.975787707944109, 12.459793659786754, 22.076785075853792, 46.41983491001597, 6.618561672849217, 62.18758464157841, 55.436714083466484]","[{'INP': 32}, {'CONV': [64, 3]}, ({'CONV': [32, 3]}, {'CONV': [64, 3]}), ({'CONV': [32, 3]}, {'CONV': [64, 5]}, {'POOLMAX': [-1, 2]}), ({'CONV': [32, 5]}, {'CONV': [128, 3]}), ({'CONV': [64, 3]}, {'CONV': [256, 3]}, {'POOLMAX': [-1, 2]}), ({'CONV': [128, 5]}, {'CONV': [256, 3]}), ({'CONV': [32, 3]}, {'CONV': [256, 3]}, {'POOLMAX': [-1, 2]}), ({'CONV': [256, 5]}, {'CONV': [256, 3]}), ({'CONV': [256, 3]}, {'CONV': [256, 5]}, {'POOLMAX': [-1, 2]}), {'GLOBAL_AVG': None}, {'LAST_DENSE': [100, 'softmax']}]",HHSE,NSGA2,,,,,0.7102556839907981,,,,686945280,6170916,,,,,,"[0, 3, 11, 22, 46, 6, 62, 55]",0.7284951054804394,4.777332448280269e-05,0.0,0.0,0.25,0.5,0.9,0,1,0,100,0,0.01,BEST,False,False,104,True,True,GREEDY,,,GREEDY_HV
BBTBGU[M][M],14,15,91,90,0.91,True,True,"[2, 3, 12, 22, 46, 6, 62, 55]",[],"[2.747690032044532, 3.975787707944109, 12.459793659786754, 22.076785075853792, 46.41983491001597, 6.618561672849217, 62.18758464157841, 55.436714083466484]","[{'INP': 32}, {'CONV': [64, 3]}, ({'CONV': [32, 3]}, {'CONV': [64, 3]}), ({'CONV': [32, 3]}, {'CONV': [64, 5]}, {'POOLMAX': [-1, 2]}), ({'CONV': [32, 5]}, {'CONV': [128, 3]}), ({'CONV': [64, 3]}, {'CONV': [256, 3]}, {'POOLMAX': [-1, 2]}), ({'CONV': [128, 5]}, {'CONV': [256, 3]}), ({'CONV': [32, 3]}, {'CONV': [256, 3]}, {'POOLMAX': [-1, 2]}), ({'CONV': [256, 5]}, {'CONV': [256, 3]}), ({'CONV': [256, 3]}, {'CONV': [256, 5]}, {'POOLMAX': [-1, 2]}), {'GLOBAL_AVG': None}, {'LAST_DENSE': [100, 'softmax']}]",HHSE,NSGA2,,,,,0.7102556839907981,,,,686945280,6170916,,,,,,"[0, 3, 11, 22, 46, 6, 62, 55]",0.7291601642368097,5.263615140171929e-05,0.0,0.0,0.25,0.0,0.9,0,1,0,100,0,0.01,BEST,False,False,104,True,True,GREEDY,,,GREEDY_HV
BBTBGU[M][M][M],14,15,92,92,0.92,True,True,"[2, 4, 12, 22, 46, 6, 62, 55]",[],"[2.79611519041488, 4.032072372340487, 12.298127617175151, 22.18818136488788, 46.34051542520552, 6.724525469401553, 62.0443433869397, 55.39273740707482]","[{'INP': 32}, {'CONV': [64, 3]}, ({'CONV': [32, 3]}, {'CONV': [64, 3]}), ({'CONV': [32, 3]}, {'CONV': [128, 3]}, {'POOLMAX': [-1, 2]}), ({'CONV': [32, 5]}, {'CONV': [128, 3]}), ({'CONV': [64, 3]}, {'CONV': [256, 3]}, {'POOLMAX': [-1, 2]}), ({'CONV': [128, 5]}, {'CONV': [256, 3]}), ({'CONV': [32, 3]}, {'CONV': [256, 3]}, {'POOLMAX': [-1, 2]}), ({'CONV': [256, 5]}, {'CONV': [256, 3]}), ({'CONV': [256, 3]}, {'CONV': [256, 5]}, {'POOLMAX': [-1, 2]}), {'GLOBAL_AVG': None}, {'LAST_DENSE': [100, 'softmax']}]",HHSE,NSGA2,,,,,0.7113540798874517,,,,684389376,6208036,,,,,,"[2, 3, 12, 22, 46, 6, 62, 55]",0.7292590312612695,-0.0001051054997165,0.0,0.0,0.125,0.125,0.92,0,1,0,100,0,0.01,BEST,False,False,81,True,True,GREEDY,,,GREEDY_HV
BBTBGU[M][M][M],14,15,93,92,0.93,True,True,"[2, 4, 12, 22, 46, 6, 62, 55]",[],"[2.79611519041488, 4.032072372340487, 12.298127617175151, 22.18818136488788, 46.34051542520552, 6.724525469401553, 62.0443433869397, 55.39273740707482]","[{'INP': 32}, {'CONV': [64, 3]}, ({'CONV': [32, 3]}, {'CONV': [64, 3]}), ({'CONV': [32, 3]}, {'CONV': [128, 3]}, {'POOLMAX': [-1, 2]}), ({'CONV': [32, 5]}, {'CONV': [128, 3]}), ({'CONV': [64, 3]}, {'CONV': [256, 3]}, {'POOLMAX': [-1, 2]}), ({'CONV': [128, 5]}, {'CONV': [256, 3]}), ({'CONV': [32, 3]}, {'CONV': [256, 3]}, {'POOLMAX': [-1, 2]}), ({'CONV': [256, 5]}, {'CONV': [256, 3]}), ({'CONV': [256, 3]}, {'CONV': [256, 5]}, {'POOLMAX': [-1, 2]}), {'GLOBAL_AVG': None}, {'LAST_DENSE': [100, 'softmax']}]",HHSE,NSGA2,,,,,0.7113540798874517,,,,684389376,6208036,,,,,,"[2, 3, 12, 22, 46, 6, 62, 55]",0.7303180758193606,5.613243478619357e-05,0.0,0.0,0.125,0.0,0.92,0,3,0,100,0,0.03,BEST,False,False,81,True,True,GREEDY,,,GREEDY_HV
BZRYH[M],14,15,94,94,0.94,True,True,"[0, 3, 15, 22, 46, 6, 62, 55]",[],"[0.9092612747412868, 3.002804618823152, 15.395200318306511, 22.431059361971585, 46.37626353782704, 6.222333128384607, 62.070468347448326, 55.052754094655256]","[{'INP': 32}, {'CONV': [64, 3]}, ({'CONV': [32, 3]}, {'CONV': [32, 3]}), ({'CONV': [32, 3]}, {'CONV': [64, 5]}, {'POOLMAX': [-1, 2]}), ({'CONV': [32, 5]}, {'CONV': [256, 5]}), ({'CONV': [64, 3]}, {'CONV': [256, 3]}, {'POOLMAX': [-1, 2]}), ({'CONV': [128, 5]}, {'CONV': [256, 3]}), ({'CONV': [32, 3]}, {'CONV': [256, 3]}, {'POOLMAX': [-1, 2]}), ({'CONV': [256, 5]}, {'CONV': [256, 3]}), ({'CONV': [256, 3]}, {'CONV': [256, 5]}, {'POOLMAX': [-1, 2]}), {'GLOBAL_AVG': None}, {'LAST_DENSE': [100, 'softmax']}]",HHSE,NSGA2,,,,,0.7143981910372854,,,,772928512,6394532,,,,,,"[0, 3, 15, 22, 46, 6, 62, 55]",0.7304196933763932,-5.675635814383906e-05,0.125,0.375,0.0,0.375,0.94,0,0,0,100,0,0.0,BEST,False,False,34,True,True,GREEDY,,,GREEDY_HV
BZRYH[M],14,15,95,94,0.95,True,True,"[0, 3, 15, 22, 46, 6, 62, 55]",[],"[0.9092612747412868, 3.002804618823152, 15.395200318306511, 22.431059361971585, 46.37626353782704, 6.222333128384607, 62.070468347448326, 55.052754094655256]","[{'INP': 32}, {'CONV': [64, 3]}, ({'CONV': [32, 3]}, {'CONV': [32, 3]}), ({'CONV': [32, 3]}, {'CONV': [64, 5]}, {'POOLMAX': [-1, 2]}), ({'CONV': [32, 5]}, {'CONV': [256, 5]}), ({'CONV': [64, 3]}, {'CONV': [256, 3]}, {'POOLMAX': [-1, 2]}), ({'CONV': [128, 5]}, {'CONV': [256, 3]}), ({'CONV': [32, 3]}, {'CONV': [256, 3]}, {'POOLMAX': [-1, 2]}), ({'CONV': [256, 5]}, {'CONV': [256, 3]}), ({'CONV': [256, 3]}, {'CONV': [256, 5]}, {'POOLMAX': [-1, 2]}), {'GLOBAL_AVG': None}, {'LAST_DENSE': [100, 'softmax']}]",HHSE,NSGA2,,,,,0.7143981910372854,,,,772928512,6394532,,,,,,"[0, 3, 15, 22, 46, 6, 62, 55]",0.7330605342476979,8.444239425364763e-06,0.125,0.375,0.0,0.0,0.94,0,0,0,100,0,0.0,BEST,False,False,34,True,True,GREEDY,,,GREEDY_HV
BZRYH[M],14,15,96,94,0.96,True,True,"[0, 3, 15, 22, 46, 6, 62, 55]",[],"[0.9092612747412868, 3.002804618823152, 15.395200318306511, 22.431059361971585, 46.37626353782704, 6.222333128384607, 62.070468347448326, 55.052754094655256]","[{'INP': 32}, {'CONV': [64, 3]}, ({'CONV': [32, 3]}, {'CONV': [32, 3]}), ({'CONV': [32, 3]}, {'CONV': [64, 5]}, {'POOLMAX': [-1, 2]}), ({'CONV': [32, 5]}, {'CONV': [256, 5]}), ({'CONV': [64, 3]}, {'CONV': [256, 3]}, {'POOLMAX': [-1, 2]}), ({'CONV': [128, 5]}, {'CONV': [256, 3]}), ({'CONV': [32, 3]}, {'CONV': [256, 3]}, {'POOLMAX': [-1, 2]}), ({'CONV': [256, 5]}, {'CONV': [256, 3]}), ({'CONV': [256, 3]}, {'CONV': [256, 5]}, {'POOLMAX': [-1, 2]}), {'GLOBAL_AVG': None}, {'LAST_DENSE': [100, 'softmax']}]",HHSE,NSGA2,,,,,0.7143981910372854,,,,772928512,6394532,,,,,,"[0, 3, 15, 22, 46, 6, 62, 55]",0.7331908078192232,-1.399118450284842e-05,0.125,0.375,0.0,0.0,0.94,0,0,0,100,0,0.0,BEST,False,False,34,True,True,GREEDY,,,GREEDY_HV
BZRYH[M],14,15,97,94,0.97,True,True,"[0, 3, 15, 22, 46, 6, 62, 55]",[],"[0.9092612747412868, 3.002804618823152, 15.395200318306511, 22.431059361971585, 46.37626353782704, 6.222333128384607, 62.070468347448326, 55.052754094655256]","[{'INP': 32}, {'CONV': [64, 3]}, ({'CONV': [32, 3]}, {'CONV': [32, 3]}), ({'CONV': [32, 3]}, {'CONV': [64, 5]}, {'POOLMAX': [-1, 2]}), ({'CONV': [32, 5]}, {'CONV': [256, 5]}), ({'CONV': [64, 3]}, {'CONV': [256, 3]}, {'POOLMAX': [-1, 2]}), ({'CONV': [128, 5]}, {'CONV': [256, 3]}), ({'CONV': [32, 3]}, {'CONV': [256, 3]}, {'POOLMAX': [-1, 2]}), ({'CONV': [256, 5]}, {'CONV': [256, 3]}), ({'CONV': [256, 3]}, {'CONV': [256, 5]}, {'POOLMAX': [-1, 2]}), {'GLOBAL_AVG': None}, {'LAST_DENSE': [100, 'softmax']}]",HHSE,NSGA2,,,,,0.7143981910372854,,,,772928512,6394532,,,,,,"[0, 3, 15, 22, 46, 6, 62, 55]",0.7332584481949411,-9.088140050295124e-06,0.125,0.375,0.0,0.0,0.94,0,0,0,100,0,0.0,BEST,False,False,34,True,True,GREEDY,,,GREEDY_HV
BZQCBY[M],14,15,98,98,0.98,True,True,"[0, 4, 15, 22, 46, 6, 62, 55]",[],"[0.6929845380851226, 4.394991311309374, 15.781522574765908, 22.168119417489237, 46.42940365812628, 6.006842005305717, 62.51562796062071, 55.043725783776004]","[{'INP': 32}, {'CONV': [64, 3]}, ({'CONV': [32, 3]}, {'CONV': [32, 3]}), ({'CONV': [32, 3]}, {'CONV': [128, 3]}, {'POOLMAX': [-1, 2]}), ({'CONV': [32, 5]}, {'CONV': [256, 5]}), ({'CONV': [64, 3]}, {'CONV': [256, 3]}, {'POOLMAX': [-1, 2]}), ({'CONV': [128, 5]}, {'CONV': [256, 3]}), ({'CONV': [32, 3]}, {'CONV': [256, 3]}, {'POOLMAX': [-1, 2]}), ({'CONV': [256, 5]}, {'CONV': [256, 3]}), ({'CONV': [256, 3]}, {'CONV': [256, 5]}, {'POOLMAX': [-1, 2]}), {'GLOBAL_AVG': None}, {'LAST_DENSE': [100, 'softmax']}]",HHSE,NSGA2,,,,,0.715496586933939,,,,770372608,6431652,,,,,,"[0, 4, 15, 22, 46, 6, 62, 55]",0.7333835389436887,-2.339826313990656e-05,0.125,0.5,0.0,0.125,0.98,0,0,0,100,0,0.0,BEST,False,False,21,True,True,GREEDY,,,GREEDY_HV
BZQCBY[M],14,15,99,98,0.99,True,True,"[0, 4, 15, 22, 46, 6, 62, 55]",[],"[0.6929845380851226, 4.394991311309374, 15.781522574765908, 22.168119417489237, 46.42940365812628, 6.006842005305717, 62.51562796062071, 55.043725783776004]","[{'INP': 32}, {'CONV': [64, 3]}, ({'CONV': [32, 3]}, {'CONV': [32, 3]}), ({'CONV': [32, 3]}, {'CONV': [128, 3]}, {'POOLMAX': [-1, 2]}), ({'CONV': [32, 5]}, {'CONV': [256, 5]}), ({'CONV': [64, 3]}, {'CONV': [256, 3]}, {'POOLMAX': [-1, 2]}), ({'CONV': [128, 5]}, {'CONV': [256, 3]}), ({'CONV': [32, 3]}, {'CONV': [256, 3]}, {'POOLMAX': [-1, 2]}), ({'CONV': [256, 5]}, {'CONV': [256, 3]}), ({'CONV': [256, 3]}, {'CONV': [256, 5]}, {'POOLMAX': [-1, 2]}), {'GLOBAL_AVG': None}, {'LAST_DENSE': [100, 'softmax']}]",HHSE,NSGA2,,,,,0.715496586933939,,,,770372608,6431652,,,,,,"[0, 4, 15, 22, 46, 6, 62, 55]",0.7342882000950706,2.438355726219754e-07,0.125,0.5,0.0,0.0,0.98,0,0,0,100,0,0.0,BEST,False,False,21,True,True,GREEDY,,,GREEDY_HV
BZQCBY[M],14,15,100,98,1.0,True,True,"[0, 4, 15, 22, 46, 6, 62, 55]",[],"[0.6929845380851226, 4.394991311309374, 15.781522574765908, 22.168119417489237, 46.42940365812628, 6.006842005305717, 62.51562796062071, 55.043725783776004]","[{'INP': 32}, {'CONV': [64, 3]}, ({'CONV': [32, 3]}, {'CONV': [32, 3]}), ({'CONV': [32, 3]}, {'CONV': [128, 3]}, {'POOLMAX': [-1, 2]}), ({'CONV': [32, 5]}, {'CONV': [256, 5]}), ({'CONV': [64, 3]}, {'CONV': [256, 3]}, {'POOLMAX': [-1, 2]}), ({'CONV': [128, 5]}, {'CONV': [256, 3]}), ({'CONV': [32, 3]}, {'CONV': [256, 3]}, {'POOLMAX': [-1, 2]}), ({'CONV': [256, 5]}, {'CONV': [256, 3]}), ({'CONV': [256, 3]}, {'CONV': [256, 5]}, {'POOLMAX': [-1, 2]}), {'GLOBAL_AVG': None}, {'LAST_DENSE': [100, 'softmax']}]",HHSE,NSGA2,,,,,0.715496586933939,,,,770372608,6431652,,,,,,"[0, 4, 15, 22, 46, 6, 62, 55]",0.7343762988592483,-0.0017757961118092,0.125,0.5,0.0,0.0,0.98,0,0,0,100,0,0.0,BEST,False,False,21,True,True,GREEDY,,,GREEDY_HV
BHDGKC,15,16,1,1,0.01,False,False,"[36, 22, 0, 38, 46, 61, 31, 60]",[],"[36.920824437582986, 22.065999098832435, 0.3361429947625797, 38.83850864360894, 46.77891924718808, 61.59362258114883, 31.51582051276551, 60.30750367070384]","[{'INP': 32}, {'CONV': [64, 3]}, ({'CONV': [128, 3]}, {'CONV': [128, 3]}), ({'CONV': [64, 3]}, {'CONV': [256, 3]}, {'POOLMAX': [-1, 2]}), ({'CONV': [32, 3]}, {'CONV': [32, 3]}), ({'CONV': [128, 3]}, {'CONV': [256, 3]}, {'POOLMAX': [-1, 2]}), ({'CONV': [128, 5]}, {'CONV': [256, 3]}), ({'CONV': [256, 5]}, {'CONV': [128, 5]}, {'POOLMAX': [-1, 2]}), ({'CONV': [64, 5]}, {'CONV': [256, 5]}), ({'CONV': [256, 5]}, {'CONV': [128, 3]}, {'POOLMAX': [-1, 2]}), {'GLOBAL_AVG': None}, {'LAST_DENSE': [100, 'softmax']}]",HHSE,NSGA2,,,,,0.7050872567716616,,,,1666081280,7001380,,,,,,,0.6827899396843102,0.0,0.0,0.0,0.0,0.0,0.01,0,10,0,100,0,0.1,BEST,False,False,190,True,True,GREEDY,,,GREEDY_HV
BHDGKC,15,16,2,1,0.02,False,False,"[36, 22, 0, 38, 46, 61, 31, 60]",[],"[36.920824437582986, 22.065999098832435, 0.3361429947625797, 38.83850864360894, 46.77891924718808, 61.59362258114883, 31.51582051276551, 60.30750367070384]","[{'INP': 32}, {'CONV': [64, 3]}, ({'CONV': [128, 3]}, {'CONV': [128, 3]}), ({'CONV': [64, 3]}, {'CONV': [256, 3]}, {'POOLMAX': [-1, 2]}), ({'CONV': [32, 3]}, {'CONV': [32, 3]}), ({'CONV': [128, 3]}, {'CONV': [256, 3]}, {'POOLMAX': [-1, 2]}), ({'CONV': [128, 5]}, {'CONV': [256, 3]}), ({'CONV': [256, 5]}, {'CONV': [128, 5]}, {'POOLMAX': [-1, 2]}), ({'CONV': [64, 5]}, {'CONV': [256, 5]}), ({'CONV': [256, 5]}, {'CONV': [128, 3]}, {'POOLMAX': [-1, 2]}), {'GLOBAL_AVG': None}, {'LAST_DENSE': [100, 'softmax']}]",HHSE,NSGA2,,,,,0.7050872567716616,,,,1666081280,7001380,,,,,,,0.6806440915856572,-0.0048749902911989,0.0,0.0,0.0,0.0,0.01,0,2,0,100,0,0.02,BEST,False,False,190,True,True,GREEDY,,,GREEDY_HV
BHDGKC,15,16,3,1,0.03,False,False,"[36, 22, 0, 38, 46, 61, 31, 60]",[],"[36.920824437582986, 22.065999098832435, 0.3361429947625797, 38.83850864360894, 46.77891924718808, 61.59362258114883, 31.51582051276551, 60.30750367070384]","[{'INP': 32}, {'CONV': [64, 3]}, ({'CONV': [128, 3]}, {'CONV': [128, 3]}), ({'CONV': [64, 3]}, {'CONV': [256, 3]}, {'POOLMAX': [-1, 2]}), ({'CONV': [32, 3]}, {'CONV': [32, 3]}), ({'CONV': [128, 3]}, {'CONV': [256, 3]}, {'POOLMAX': [-1, 2]}), ({'CONV': [128, 5]}, {'CONV': [256, 3]}), ({'CONV': [256, 5]}, {'CONV': [128, 5]}, {'POOLMAX': [-1, 2]}), ({'CONV': [64, 5]}, {'CONV': [256, 5]}), ({'CONV': [256, 5]}, {'CONV': [128, 3]}, {'POOLMAX': [-1, 2]}), {'GLOBAL_AVG': None}, {'LAST_DENSE': [100, 'softmax']}]",HHSE,NSGA2,,,,,0.7050872567716616,,,,1666081280,7001380,,,,,,,0.6953428173111351,-0.0015006533622611,0.0,0.0,0.0,0.0,0.01,0,0,0,100,0,0.0,BEST,False,False,190,True,True,GREEDY,,,GREEDY_HV
BHDGKC,15,16,4,1,0.04,False,False,"[36, 22, 0, 38, 46, 61, 31, 60]",[],"[36.920824437582986, 22.065999098832435, 0.3361429947625797, 38.83850864360894, 46.77891924718808, 61.59362258114883, 31.51582051276551, 60.30750367070384]","[{'INP': 32}, {'CONV': [64, 3]}, ({'CONV': [128, 3]}, {'CONV': [128, 3]}), ({'CONV': [64, 3]}, {'CONV': [256, 3]}, {'POOLMAX': [-1, 2]}), ({'CONV': [32, 3]}, {'CONV': [32, 3]}), ({'CONV': [128, 3]}, {'CONV': [256, 3]}, {'POOLMAX': [-1, 2]}), ({'CONV': [128, 5]}, {'CONV': [256, 3]}), ({'CONV': [256, 5]}, {'CONV': [128, 5]}, {'POOLMAX': [-1, 2]}), ({'CONV': [64, 5]}, {'CONV': [256, 5]}), ({'CONV': [256, 5]}, {'CONV': [128, 3]}, {'POOLMAX': [-1, 2]}), {'GLOBAL_AVG': None}, {'LAST_DENSE': [100, 'softmax']}]",HHSE,NSGA2,,,,,0.7050872567716616,,,,1666081280,7001380,,,,,,,0.7004247741708025,0.0012146262167407,0.0,0.0,0.0,0.0,0.01,0,1,0,100,0,0.01,BEST,False,False,190,True,True,GREEDY,,,GREEDY_HV
BHDGKC,15,16,5,1,0.05,False,False,"[36, 22, 0, 38, 46, 61, 31, 60]",[],"[36.920824437582986, 22.065999098832435, 0.3361429947625797, 38.83850864360894, 46.77891924718808, 61.59362258114883, 31.51582051276551, 60.30750367070384]","[{'INP': 32}, {'CONV': [64, 3]}, ({'CONV': [128, 3]}, {'CONV': [128, 3]}), ({'CONV': [64, 3]}, {'CONV': [256, 3]}, {'POOLMAX': [-1, 2]}), ({'CONV': [32, 3]}, {'CONV': [32, 3]}), ({'CONV': [128, 3]}, {'CONV': [256, 3]}, {'POOLMAX': [-1, 2]}), ({'CONV': [128, 5]}, {'CONV': [256, 3]}), ({'CONV': [256, 5]}, {'CONV': [128, 5]}, {'POOLMAX': [-1, 2]}), ({'CONV': [64, 5]}, {'CONV': [256, 5]}), ({'CONV': [256, 5]}, {'CONV': [128, 3]}, {'POOLMAX': [-1, 2]}), {'GLOBAL_AVG': None}, {'LAST_DENSE': [100, 'softmax']}]",HHSE,NSGA2,,,,,0.7050872567716616,,,,1666081280,7001380,,,,,,,0.700623553931587,-0.0025141006186022,0.0,0.0,0.0,0.0,0.01,0,0,0,100,0,0.0,BEST,False,False,190,True,True,GREEDY,,,GREEDY_HV
BHDGKC,15,16,6,1,0.06,False,False,"[36, 22, 0, 38, 46, 61, 31, 60]",[],"[36.920824437582986, 22.065999098832435, 0.3361429947625797, 38.83850864360894, 46.77891924718808, 61.59362258114883, 31.51582051276551, 60.30750367070384]","[{'INP': 32}, {'CONV': [64, 3]}, ({'CONV': [128, 3]}, {'CONV': [128, 3]}), ({'CONV': [64, 3]}, {'CONV': [256, 3]}, {'POOLMAX': [-1, 2]}), ({'CONV': [32, 3]}, {'CONV': [32, 3]}), ({'CONV': [128, 3]}, {'CONV': [256, 3]}, {'POOLMAX': [-1, 2]}), ({'CONV': [128, 5]}, {'CONV': [256, 3]}), ({'CONV': [256, 5]}, {'CONV': [128, 5]}, {'POOLMAX': [-1, 2]}), ({'CONV': [64, 5]}, {'CONV': [256, 5]}), ({'CONV': [256, 5]}, {'CONV': [128, 3]}, {'POOLMAX': [-1, 2]}), {'GLOBAL_AVG': None}, {'LAST_DENSE': [100, 'softmax']}]",HHSE,NSGA2,,,,,0.7050872567716616,,,,1666081280,7001380,,,,,,,0.7079263247849804,-0.0008054744200427,0.0,0.0,0.0,0.0,0.01,0,1,0,100,0,0.01,BEST,False,False,190,True,True,GREEDY,,,GREEDY_HV
BHDGKC,15,16,7,1,0.07,False,False,"[36, 22, 0, 38, 46, 61, 31, 60]",[],"[36.920824437582986, 22.065999098832435, 0.3361429947625797, 38.83850864360894, 46.77891924718808, 61.59362258114883, 31.51582051276551, 60.30750367070384]","[{'INP': 32}, {'CONV': [64, 3]}, ({'CONV': [128, 3]}, {'CONV': [128, 3]}), ({'CONV': [64, 3]}, {'CONV': [256, 3]}, {'POOLMAX': [-1, 2]}), ({'CONV': [32, 3]}, {'CONV': [32, 3]}), ({'CONV': [128, 3]}, {'CONV': [256, 3]}, {'POOLMAX': [-1, 2]}), ({'CONV': [128, 5]}, {'CONV': [256, 3]}), ({'CONV': [256, 5]}, {'CONV': [128, 5]}, {'POOLMAX': [-1, 2]}), ({'CONV': [64, 5]}, {'CONV': [256, 5]}), ({'CONV': [256, 5]}, {'CONV': [128, 3]}, {'POOLMAX': [-1, 2]}), {'GLOBAL_AVG': None}, {'LAST_DENSE': [100, 'softmax']}]",HHSE,NSGA2,,,,,0.7050872567716616,,,,1666081280,7001380,,,,,,,0.7106507228213141,0.001643877549332,0.0,0.0,0.0,0.0,0.01,0,0,0,100,0,0.0,BEST,False,False,190,True,True,GREEDY,,,GREEDY_HV
BHDGKC,15,16,8,1,0.08,False,False,"[36, 22, 0, 38, 46, 61, 31, 60]",[],"[36.920824437582986, 22.065999098832435, 0.3361429947625797, 38.83850864360894, 46.77891924718808, 61.59362258114883, 31.51582051276551, 60.30750367070384]","[{'INP': 32}, {'CONV': [64, 3]}, ({'CONV': [128, 3]}, {'CONV': [128, 3]}), ({'CONV': [64, 3]}, {'CONV': [256, 3]}, {'POOLMAX': [-1, 2]}), ({'CONV': [32, 3]}, {'CONV': [32, 3]}), ({'CONV': [128, 3]}, {'CONV': [256, 3]}, {'POOLMAX': [-1, 2]}), ({'CONV': [128, 5]}, {'CONV': [256, 3]}), ({'CONV': [256, 5]}, {'CONV': [128, 5]}, {'POOLMAX': [-1, 2]}), ({'CONV': [64, 5]}, {'CONV': [256, 5]}), ({'CONV': [256, 5]}, {'CONV': [128, 3]}, {'POOLMAX': [-1, 2]}), {'GLOBAL_AVG': None}, {'LAST_DENSE': [100, 'softmax']}]",HHSE,NSGA2,,,,,0.7050872567716616,,,,1666081280,7001380,,,,,,,0.7090518256128866,-0.0018177848657587,0.0,0.0,0.0,0.0,0.01,0,0,0,100,0,0.0,BEST,False,False,190,True,True,GREEDY,,,GREEDY_HV
BHDGKC,15,16,9,1,0.09,False,False,"[36, 22, 0, 38, 46, 61, 31, 60]",[],"[36.920824437582986, 22.065999098832435, 0.3361429947625797, 38.83850864360894, 46.77891924718808, 61.59362258114883, 31.51582051276551, 60.30750367070384]","[{'INP': 32}, {'CONV': [64, 3]}, ({'CONV': [128, 3]}, {'CONV': [128, 3]}), ({'CONV': [64, 3]}, {'CONV': [256, 3]}, {'POOLMAX': [-1, 2]}), ({'CONV': [32, 3]}, {'CONV': [32, 3]}), ({'CONV': [128, 3]}, {'CONV': [256, 3]}, {'POOLMAX': [-1, 2]}), ({'CONV': [128, 5]}, {'CONV': [256, 3]}), ({'CONV': [256, 5]}, {'CONV': [128, 5]}, {'POOLMAX': [-1, 2]}), ({'CONV': [64, 5]}, {'CONV': [256, 5]}), ({'CONV': [256, 5]}, {'CONV': [128, 3]}, {'POOLMAX': [-1, 2]}), {'GLOBAL_AVG': None}, {'LAST_DENSE': [100, 'softmax']}]",HHSE,NSGA2,,,,,0.7050872567716616,,,,1666081280,7001380,,,,,,,0.7092990789754414,-0.0003159877616791,0.0,0.0,0.0,0.0,0.01,0,0,0,100,0,0.0,BEST,False,False,190,True,True,GREEDY,,,GREEDY_HV
BHDGKC,15,16,10,1,0.1,False,False,"[36, 22, 0, 38, 46, 61, 31, 60]",[],"[36.920824437582986, 22.065999098832435, 0.3361429947625797, 38.83850864360894, 46.77891924718808, 61.59362258114883, 31.51582051276551, 60.30750367070384]","[{'INP': 32}, {'CONV': [64, 3]}, ({'CONV': [128, 3]}, {'CONV': [128, 3]}), ({'CONV': [64, 3]}, {'CONV': [256, 3]}, {'POOLMAX': [-1, 2]}), ({'CONV': [32, 3]}, {'CONV': [32, 3]}), ({'CONV': [128, 3]}, {'CONV': [256, 3]}, {'POOLMAX': [-1, 2]}), ({'CONV': [128, 5]}, {'CONV': [256, 3]}), ({'CONV': [256, 5]}, {'CONV': [128, 5]}, {'POOLMAX': [-1, 2]}), ({'CONV': [64, 5]}, {'CONV': [256, 5]}), ({'CONV': [256, 5]}, {'CONV': [128, 3]}, {'POOLMAX': [-1, 2]}), {'GLOBAL_AVG': None}, {'LAST_DENSE': [100, 'softmax']}]",HHSE,NSGA2,,,,,0.7050872567716616,,,,1666081280,7001380,,,,,,,0.7092362683854855,-0.0014652989611608,0.0,0.0,0.0,0.0,0.01,0,0,0,100,0,0.0,BEST,False,False,190,True,True,GREEDY,,,GREEDY_HV
BHDGKC,15,16,11,1,0.11,False,False,"[36, 22, 0, 38, 46, 61, 31, 60]",[],"[36.920824437582986, 22.065999098832435, 0.3361429947625797, 38.83850864360894, 46.77891924718808, 61.59362258114883, 31.51582051276551, 60.30750367070384]","[{'INP': 32}, {'CONV': [64, 3]}, ({'CONV': [128, 3]}, {'CONV': [128, 3]}), ({'CONV': [64, 3]}, {'CONV': [256, 3]}, {'POOLMAX': [-1, 2]}), ({'CONV': [32, 3]}, {'CONV': [32, 3]}), ({'CONV': [128, 3]}, {'CONV': [256, 3]}, {'POOLMAX': [-1, 2]}), ({'CONV': [128, 5]}, {'CONV': [256, 3]}), ({'CONV': [256, 5]}, {'CONV': [128, 5]}, {'POOLMAX': [-1, 2]}), ({'CONV': [64, 5]}, {'CONV': [256, 5]}), ({'CONV': [256, 5]}, {'CONV': [128, 3]}, {'POOLMAX': [-1, 2]}), {'GLOBAL_AVG': None}, {'LAST_DENSE': [100, 'softmax']}]",HHSE,NSGA2,,,,,0.7050872567716616,,,,1666081280,7001380,,,,,,,0.7093901585023714,-0.0019605583153804,0.0,0.0,0.0,0.0,0.01,0,0,0,100,0,0.0,BEST,False,False,190,True,True,GREEDY,,,GREEDY_HV
BHDGKC,15,16,12,1,0.12,False,False,"[36, 22, 0, 38, 46, 61, 31, 60]",[],"[36.920824437582986, 22.065999098832435, 0.3361429947625797, 38.83850864360894, 46.77891924718808, 61.59362258114883, 31.51582051276551, 60.30750367070384]","[{'INP': 32}, {'CONV': [64, 3]}, ({'CONV': [128, 3]}, {'CONV': [128, 3]}), ({'CONV': [64, 3]}, {'CONV': [256, 3]}, {'POOLMAX': [-1, 2]}), ({'CONV': [32, 3]}, {'CONV': [32, 3]}), ({'CONV': [128, 3]}, {'CONV': [256, 3]}, {'POOLMAX': [-1, 2]}), ({'CONV': [128, 5]}, {'CONV': [256, 3]}), ({'CONV': [256, 5]}, {'CONV': [128, 5]}, {'POOLMAX': [-1, 2]}), ({'CONV': [64, 5]}, {'CONV': [256, 5]}), ({'CONV': [256, 5]}, {'CONV': [128, 3]}, {'POOLMAX': [-1, 2]}), {'GLOBAL_AVG': None}, {'LAST_DENSE': [100, 'softmax']}]",HHSE,NSGA2,,,,,0.7050872567716616,,,,1666081280,7001380,,,,,,,0.7093751708702178,-0.0037353175185008,0.0,0.0,0.0,0.0,0.01,0,0,0,100,0,0.0,BEST,False,False,190,True,True,GREEDY,,,GREEDY_HV
BHDGKC,15,16,13,1,0.13,False,False,"[36, 22, 0, 38, 46, 61, 31, 60]",[],"[36.920824437582986, 22.065999098832435, 0.3361429947625797, 38.83850864360894, 46.77891924718808, 61.59362258114883, 31.51582051276551, 60.30750367070384]","[{'INP': 32}, {'CONV': [64, 3]}, ({'CONV': [128, 3]}, {'CONV': [128, 3]}), ({'CONV': [64, 3]}, {'CONV': [256, 3]}, {'POOLMAX': [-1, 2]}), ({'CONV': [32, 3]}, {'CONV': [32, 3]}), ({'CONV': [128, 3]}, {'CONV': [256, 3]}, {'POOLMAX': [-1, 2]}), ({'CONV': [128, 5]}, {'CONV': [256, 3]}), ({'CONV': [256, 5]}, {'CONV': [128, 5]}, {'POOLMAX': [-1, 2]}), ({'CONV': [64, 5]}, {'CONV': [256, 5]}), ({'CONV': [256, 5]}, {'CONV': [128, 3]}, {'POOLMAX': [-1, 2]}), {'GLOBAL_AVG': None}, {'LAST_DENSE': [100, 'softmax']}]",HHSE,NSGA2,,,,,0.7050872567716616,,,,1666081280,7001380,,,,,,,0.7116978151878592,-0.0004736916526362,0.0,0.0,0.0,0.0,0.01,0,0,0,100,0,0.0,BEST,False,False,190,True,True,GREEDY,,,GREEDY_HV
BHDGKC,15,16,14,1,0.14,False,False,"[36, 22, 0, 38, 46, 61, 31, 60]",[],"[36.920824437582986, 22.065999098832435, 0.3361429947625797, 38.83850864360894, 46.77891924718808, 61.59362258114883, 31.51582051276551, 60.30750367070384]","[{'INP': 32}, {'CONV': [64, 3]}, ({'CONV': [128, 3]}, {'CONV': [128, 3]}), ({'CONV': [64, 3]}, {'CONV': [256, 3]}, {'POOLMAX': [-1, 2]}), ({'CONV': [32, 3]}, {'CONV': [32, 3]}), ({'CONV': [128, 3]}, {'CONV': [256, 3]}, {'POOLMAX': [-1, 2]}), ({'CONV': [128, 5]}, {'CONV': [256, 3]}), ({'CONV': [256, 5]}, {'CONV': [128, 5]}, {'POOLMAX': [-1, 2]}), ({'CONV': [64, 5]}, {'CONV': [256, 5]}), ({'CONV': [256, 5]}, {'CONV': [128, 3]}, {'POOLMAX': [-1, 2]}), {'GLOBAL_AVG': None}, {'LAST_DENSE': [100, 'softmax']}]",HHSE,NSGA2,,,,,0.7050872567716616,,,,1666081280,7001380,,,,,,,0.712244703150728,-0.0031102638567888,0.0,0.0,0.0,0.0,0.01,0,0,0,100,0,0.0,BEST,False,False,190,True,True,GREEDY,,,GREEDY_HV
BHDGKC,15,16,15,1,0.15,False,False,"[36, 22, 0, 38, 46, 61, 31, 60]",[],"[36.920824437582986, 22.065999098832435, 0.3361429947625797, 38.83850864360894, 46.77891924718808, 61.59362258114883, 31.51582051276551, 60.30750367070384]","[{'INP': 32}, {'CONV': [64, 3]}, ({'CONV': [128, 3]}, {'CONV': [128, 3]}), ({'CONV': [64, 3]}, {'CONV': [256, 3]}, {'POOLMAX': [-1, 2]}), ({'CONV': [32, 3]}, {'CONV': [32, 3]}), ({'CONV': [128, 3]}, {'CONV': [256, 3]}, {'POOLMAX': [-1, 2]}), ({'CONV': [128, 5]}, {'CONV': [256, 3]}), ({'CONV': [256, 5]}, {'CONV': [128, 5]}, {'POOLMAX': [-1, 2]}), ({'CONV': [64, 5]}, {'CONV': [256, 5]}), ({'CONV': [256, 5]}, {'CONV': [128, 3]}, {'POOLMAX': [-1, 2]}), {'GLOBAL_AVG': None}, {'LAST_DENSE': [100, 'softmax']}]",HHSE,NSGA2,,,,,0.7050872567716616,,,,1666081280,7001380,,,,,,,0.7134984479372191,-0.000547050437701,0.0,0.0,0.0,0.0,0.01,0,1,0,100,0,0.01,BEST,False,False,190,True,True,GREEDY,,,GREEDY_HV
BHDGKC,15,16,16,1,0.16,False,False,"[36, 22, 0, 38, 46, 61, 31, 60]",[],"[36.920824437582986, 22.065999098832435, 0.3361429947625797, 38.83850864360894, 46.77891924718808, 61.59362258114883, 31.51582051276551, 60.30750367070384]","[{'INP': 32}, {'CONV': [64, 3]}, ({'CONV': [128, 3]}, {'CONV': [128, 3]}), ({'CONV': [64, 3]}, {'CONV': [256, 3]}, {'POOLMAX': [-1, 2]}), ({'CONV': [32, 3]}, {'CONV': [32, 3]}), ({'CONV': [128, 3]}, {'CONV': [256, 3]}, {'POOLMAX': [-1, 2]}), ({'CONV': [128, 5]}, {'CONV': [256, 3]}), ({'CONV': [256, 5]}, {'CONV': [128, 5]}, {'POOLMAX': [-1, 2]}), ({'CONV': [64, 5]}, {'CONV': [256, 5]}), ({'CONV': [256, 5]}, {'CONV': [128, 3]}, {'POOLMAX': [-1, 2]}), {'GLOBAL_AVG': None}, {'LAST_DENSE': [100, 'softmax']}]",HHSE,NSGA2,,,,,0.7050872567716616,,,,1666081280,7001380,,,,,,,0.7135059534059194,-0.0022759504654804,0.0,0.0,0.0,0.0,0.01,0,0,0,100,0,0.0,BEST,False,False,190,True,True,GREEDY,,,GREEDY_HV
BHDGKC,15,16,17,1,0.17,False,False,"[36, 22, 0, 38, 46, 61, 31, 60]",[],"[36.920824437582986, 22.065999098832435, 0.3361429947625797, 38.83850864360894, 46.77891924718808, 61.59362258114883, 31.51582051276551, 60.30750367070384]","[{'INP': 32}, {'CONV': [64, 3]}, ({'CONV': [128, 3]}, {'CONV': [128, 3]}), ({'CONV': [64, 3]}, {'CONV': [256, 3]}, {'POOLMAX': [-1, 2]}), ({'CONV': [32, 3]}, {'CONV': [32, 3]}), ({'CONV': [128, 3]}, {'CONV': [256, 3]}, {'POOLMAX': [-1, 2]}), ({'CONV': [128, 5]}, {'CONV': [256, 3]}), ({'CONV': [256, 5]}, {'CONV': [128, 5]}, {'POOLMAX': [-1, 2]}), ({'CONV': [64, 5]}, {'CONV': [256, 5]}), ({'CONV': [256, 5]}, {'CONV': [128, 3]}, {'POOLMAX': [-1, 2]}), {'GLOBAL_AVG': None}, {'LAST_DENSE': [100, 'softmax']}]",HHSE,NSGA2,,,,,0.7050872567716616,,,,1666081280,7001380,,,,,,,0.7135426043116065,-0.0024415428660578,0.0,0.0,0.0,0.0,0.01,0,0,0,100,0,0.0,BEST,False,False,190,True,True,GREEDY,,,GREEDY_HV
BHDGKC,15,16,18,1,0.18,False,False,"[36, 22, 0, 38, 46, 61, 31, 60]",[],"[36.920824437582986, 22.065999098832435, 0.3361429947625797, 38.83850864360894, 46.77891924718808, 61.59362258114883, 31.51582051276551, 60.30750367070384]","[{'INP': 32}, {'CONV': [64, 3]}, ({'CONV': [128, 3]}, {'CONV': [128, 3]}), ({'CONV': [64, 3]}, {'CONV': [256, 3]}, {'POOLMAX': [-1, 2]}), ({'CONV': [32, 3]}, {'CONV': [32, 3]}), ({'CONV': [128, 3]}, {'CONV': [256, 3]}, {'POOLMAX': [-1, 2]}), ({'CONV': [128, 5]}, {'CONV': [256, 3]}), ({'CONV': [256, 5]}, {'CONV': [128, 5]}, {'POOLMAX': [-1, 2]}), ({'CONV': [64, 5]}, {'CONV': [256, 5]}), ({'CONV': [256, 5]}, {'CONV': [128, 3]}, {'POOLMAX': [-1, 2]}), {'GLOBAL_AVG': None}, {'LAST_DENSE': [100, 'softmax']}]",HHSE,NSGA2,,,,,0.7050872567716616,,,,1666081280,7001380,,,,,,,0.7135967804702364,-0.0016365212495619,0.0,0.0,0.0,0.0,0.01,0,0,0,100,0,0.0,BEST,False,False,190,True,True,GREEDY,,,GREEDY_HV
BHDGKC,15,16,19,1,0.19,False,False,"[36, 22, 0, 38, 46, 61, 31, 60]",[],"[36.920824437582986, 22.065999098832435, 0.3361429947625797, 38.83850864360894, 46.77891924718808, 61.59362258114883, 31.51582051276551, 60.30750367070384]","[{'INP': 32}, {'CONV': [64, 3]}, ({'CONV': [128, 3]}, {'CONV': [128, 3]}), ({'CONV': [64, 3]}, {'CONV': [256, 3]}, {'POOLMAX': [-1, 2]}), ({'CONV': [32, 3]}, {'CONV': [32, 3]}), ({'CONV': [128, 3]}, {'CONV': [256, 3]}, {'POOLMAX': [-1, 2]}), ({'CONV': [128, 5]}, {'CONV': [256, 3]}), ({'CONV': [256, 5]}, {'CONV': [128, 5]}, {'POOLMAX': [-1, 2]}), ({'CONV': [64, 5]}, {'CONV': [256, 5]}), ({'CONV': [256, 5]}, {'CONV': [128, 3]}, {'POOLMAX': [-1, 2]}), {'GLOBAL_AVG': None}, {'LAST_DENSE': [100, 'softmax']}]",HHSE,NSGA2,,,,,0.7050872567716616,,,,1666081280,7001380,,,,,,,0.7136066942022727,-0.001015799433591,0.0,0.0,0.0,0.0,0.01,0,0,0,100,0,0.0,BEST,False,False,190,True,True,GREEDY,,,GREEDY_HV
BHDGKC,15,16,20,1,0.2,False,False,"[36, 22, 0, 38, 46, 61, 31, 60]",[],"[36.920824437582986, 22.065999098832435, 0.3361429947625797, 38.83850864360894, 46.77891924718808, 61.59362258114883, 31.51582051276551, 60.30750367070384]","[{'INP': 32}, {'CONV': [64, 3]}, ({'CONV': [128, 3]}, {'CONV': [128, 3]}), ({'CONV': [64, 3]}, {'CONV': [256, 3]}, {'POOLMAX': [-1, 2]}), ({'CONV': [32, 3]}, {'CONV': [32, 3]}), ({'CONV': [128, 3]}, {'CONV': [256, 3]}, {'POOLMAX': [-1, 2]}), ({'CONV': [128, 5]}, {'CONV': [256, 3]}), ({'CONV': [256, 5]}, {'CONV': [128, 5]}, {'POOLMAX': [-1, 2]}), ({'CONV': [64, 5]}, {'CONV': [256, 5]}), ({'CONV': [256, 5]}, {'CONV': [128, 3]}, {'POOLMAX': [-1, 2]}), {'GLOBAL_AVG': None}, {'LAST_DENSE': [100, 'softmax']}]",HHSE,NSGA2,,,,,0.7050872567716616,,,,1666081280,7001380,,,,,,,0.7144388346664038,-0.0003166903986308,0.0,0.0,0.0,0.0,0.01,0,0,0,100,0,0.0,BEST,False,False,190,True,True,GREEDY,,,GREEDY_HV
BHDGKC,15,16,21,1,0.21,False,False,"[36, 22, 0, 38, 46, 61, 31, 60]",[],"[36.920824437582986, 22.065999098832435, 0.3361429947625797, 38.83850864360894, 46.77891924718808, 61.59362258114883, 31.51582051276551, 60.30750367070384]","[{'INP': 32}, {'CONV': [64, 3]}, ({'CONV': [128, 3]}, {'CONV': [128, 3]}), ({'CONV': [64, 3]}, {'CONV': [256, 3]}, {'POOLMAX': [-1, 2]}), ({'CONV': [32, 3]}, {'CONV': [32, 3]}), ({'CONV': [128, 3]}, {'CONV': [256, 3]}, {'POOLMAX': [-1, 2]}), ({'CONV': [128, 5]}, {'CONV': [256, 3]}), ({'CONV': [256, 5]}, {'CONV': [128, 5]}, {'POOLMAX': [-1, 2]}), ({'CONV': [64, 5]}, {'CONV': [256, 5]}), ({'CONV': [256, 5]}, {'CONV': [128, 3]}, {'POOLMAX': [-1, 2]}), {'GLOBAL_AVG': None}, {'LAST_DENSE': [100, 'softmax']}]",HHSE,NSGA2,,,,,0.7050872567716616,,,,1666081280,7001380,,,,,,,0.7138481750168308,-0.0014666946631769,0.0,0.0,0.0,0.0,0.01,0,0,0,100,0,0.0,BEST,False,False,190,True,True,GREEDY,,,GREEDY_HV
BHDGKC,15,16,22,1,0.22,False,False,"[36, 22, 0, 38, 46, 61, 31, 60]",[],"[36.920824437582986, 22.065999098832435, 0.3361429947625797, 38.83850864360894, 46.77891924718808, 61.59362258114883, 31.51582051276551, 60.30750367070384]","[{'INP': 32}, {'CONV': [64, 3]}, ({'CONV': [128, 3]}, {'CONV': [128, 3]}), ({'CONV': [64, 3]}, {'CONV': [256, 3]}, {'POOLMAX': [-1, 2]}), ({'CONV': [32, 3]}, {'CONV': [32, 3]}), ({'CONV': [128, 3]}, {'CONV': [256, 3]}, {'POOLMAX': [-1, 2]}), ({'CONV': [128, 5]}, {'CONV': [256, 3]}), ({'CONV': [256, 5]}, {'CONV': [128, 5]}, {'POOLMAX': [-1, 2]}), ({'CONV': [64, 5]}, {'CONV': [256, 5]}), ({'CONV': [256, 5]}, {'CONV': [128, 3]}, {'POOLMAX': [-1, 2]}), {'GLOBAL_AVG': None}, {'LAST_DENSE': [100, 'softmax']}]",HHSE,NSGA2,,,,,0.7050872567716616,,,,1666081280,7001380,,,,,,,0.7169397628665033,-0.001137786583638,0.0,0.0,0.0,0.0,0.01,0,0,0,100,0,0.0,BEST,False,False,190,True,True,GREEDY,,,GREEDY_HV
BHDGKC,15,16,23,1,0.23,False,False,"[36, 22, 0, 38, 46, 61, 31, 60]",[],"[36.920824437582986, 22.065999098832435, 0.3361429947625797, 38.83850864360894, 46.77891924718808, 61.59362258114883, 31.51582051276551, 60.30750367070384]","[{'INP': 32}, {'CONV': [64, 3]}, ({'CONV': [128, 3]}, {'CONV': [128, 3]}), ({'CONV': [64, 3]}, {'CONV': [256, 3]}, {'POOLMAX': [-1, 2]}), ({'CONV': [32, 3]}, {'CONV': [32, 3]}), ({'CONV': [128, 3]}, {'CONV': [256, 3]}, {'POOLMAX': [-1, 2]}), ({'CONV': [128, 5]}, {'CONV': [256, 3]}), ({'CONV': [256, 5]}, {'CONV': [128, 5]}, {'POOLMAX': [-1, 2]}), ({'CONV': [64, 5]}, {'CONV': [256, 5]}), ({'CONV': [256, 5]}, {'CONV': [128, 3]}, {'POOLMAX': [-1, 2]}), {'GLOBAL_AVG': None}, {'LAST_DENSE': [100, 'softmax']}]",HHSE,NSGA2,,,,,0.7050872567716616,,,,1666081280,7001380,,,,,,,0.7169397968494615,-0.0002466993626876,0.0,0.0,0.0,0.0,0.01,0,0,0,100,0,0.0,BEST,False,False,190,True,True,GREEDY,,,GREEDY_HV
BHDGKC,15,16,24,1,0.24,False,False,"[36, 22, 0, 38, 46, 61, 31, 60]",[],"[36.920824437582986, 22.065999098832435, 0.3361429947625797, 38.83850864360894, 46.77891924718808, 61.59362258114883, 31.51582051276551, 60.30750367070384]","[{'INP': 32}, {'CONV': [64, 3]}, ({'CONV': [128, 3]}, {'CONV': [128, 3]}), ({'CONV': [64, 3]}, {'CONV': [256, 3]}, {'POOLMAX': [-1, 2]}), ({'CONV': [32, 3]}, {'CONV': [32, 3]}), ({'CONV': [128, 3]}, {'CONV': [256, 3]}, {'POOLMAX': [-1, 2]}), ({'CONV': [128, 5]}, {'CONV': [256, 3]}), ({'CONV': [256, 5]}, {'CONV': [128, 5]}, {'POOLMAX': [-1, 2]}), ({'CONV': [64, 5]}, {'CONV': [256, 5]}), ({'CONV': [256, 5]}, {'CONV': [128, 3]}, {'POOLMAX': [-1, 2]}), {'GLOBAL_AVG': None}, {'LAST_DENSE': [100, 'softmax']}]",HHSE,NSGA2,,,,,0.7050872567716616,,,,1666081280,7001380,,,,,,,0.7169977811943682,-0.0001104788943068,0.0,0.0,0.0,0.0,0.01,0,0,0,100,0,0.0,BEST,False,False,190,True,True,GREEDY,,,GREEDY_HV
BHDGKC,15,16,25,1,0.25,False,False,"[36, 22, 0, 38, 46, 61, 31, 60]",[],"[36.920824437582986, 22.065999098832435, 0.3361429947625797, 38.83850864360894, 46.77891924718808, 61.59362258114883, 31.51582051276551, 60.30750367070384]","[{'INP': 32}, {'CONV': [64, 3]}, ({'CONV': [128, 3]}, {'CONV': [128, 3]}), ({'CONV': [64, 3]}, {'CONV': [256, 3]}, {'POOLMAX': [-1, 2]}), ({'CONV': [32, 3]}, {'CONV': [32, 3]}), ({'CONV': [128, 3]}, {'CONV': [256, 3]}, {'POOLMAX': [-1, 2]}), ({'CONV': [128, 5]}, {'CONV': [256, 3]}), ({'CONV': [256, 5]}, {'CONV': [128, 5]}, {'POOLMAX': [-1, 2]}), ({'CONV': [64, 5]}, {'CONV': [256, 5]}), ({'CONV': [256, 5]}, {'CONV': [128, 3]}, {'POOLMAX': [-1, 2]}), {'GLOBAL_AVG': None}, {'LAST_DENSE': [100, 'softmax']}]",HHSE,NSGA2,,,,,0.7050872567716616,,,,1666081280,7001380,,,,,,,0.718170377356546,-0.00021681055627,0.0,0.0,0.0,0.0,0.01,0,0,0,100,0,0.0,BEST,False,False,190,True,True,GREEDY,,,GREEDY_HV
BHDGKC,15,16,26,1,0.26,False,False,"[36, 22, 0, 38, 46, 61, 31, 60]",[],"[36.920824437582986, 22.065999098832435, 0.3361429947625797, 38.83850864360894, 46.77891924718808, 61.59362258114883, 31.51582051276551, 60.30750367070384]","[{'INP': 32}, {'CONV': [64, 3]}, ({'CONV': [128, 3]}, {'CONV': [128, 3]}), ({'CONV': [64, 3]}, {'CONV': [256, 3]}, {'POOLMAX': [-1, 2]}), ({'CONV': [32, 3]}, {'CONV': [32, 3]}), ({'CONV': [128, 3]}, {'CONV': [256, 3]}, {'POOLMAX': [-1, 2]}), ({'CONV': [128, 5]}, {'CONV': [256, 3]}), ({'CONV': [256, 5]}, {'CONV': [128, 5]}, {'POOLMAX': [-1, 2]}), ({'CONV': [64, 5]}, {'CONV': [256, 5]}), ({'CONV': [256, 5]}, {'CONV': [128, 3]}, {'POOLMAX': [-1, 2]}), {'GLOBAL_AVG': None}, {'LAST_DENSE': [100, 'softmax']}]",HHSE,NSGA2,,,,,0.7050872567716616,,,,1666081280,7001380,,,,,,,0.7181714010794735,-0.0001158030904455,0.0,0.0,0.0,0.0,0.01,0,0,0,100,0,0.0,BEST,False,False,190,True,True,GREEDY,,,GREEDY_HV
BHDGKC,15,16,27,1,0.27,False,False,"[36, 22, 0, 38, 46, 61, 31, 60]",[],"[36.920824437582986, 22.065999098832435, 0.3361429947625797, 38.83850864360894, 46.77891924718808, 61.59362258114883, 31.51582051276551, 60.30750367070384]","[{'INP': 32}, {'CONV': [64, 3]}, ({'CONV': [128, 3]}, {'CONV': [128, 3]}), ({'CONV': [64, 3]}, {'CONV': [256, 3]}, {'POOLMAX': [-1, 2]}), ({'CONV': [32, 3]}, {'CONV': [32, 3]}), ({'CONV': [128, 3]}, {'CONV': [256, 3]}, {'POOLMAX': [-1, 2]}), ({'CONV': [128, 5]}, {'CONV': [256, 3]}), ({'CONV': [256, 5]}, {'CONV': [128, 5]}, {'POOLMAX': [-1, 2]}), ({'CONV': [64, 5]}, {'CONV': [256, 5]}), ({'CONV': [256, 5]}, {'CONV': [128, 3]}, {'POOLMAX': [-1, 2]}), {'GLOBAL_AVG': None}, {'LAST_DENSE': [100, 'softmax']}]",HHSE,NSGA2,,,,,0.7050872567716616,,,,1666081280,7001380,,,,,,,0.7182144258998412,-0.0001569282352492,0.0,0.0,0.0,0.0,0.01,0,0,0,100,0,0.0,BEST,False,False,190,True,True,GREEDY,,,GREEDY_HV
BHDGKC,15,16,28,1,0.28,False,False,"[36, 22, 0, 38, 46, 61, 31, 60]",[],"[36.920824437582986, 22.065999098832435, 0.3361429947625797, 38.83850864360894, 46.77891924718808, 61.59362258114883, 31.51582051276551, 60.30750367070384]","[{'INP': 32}, {'CONV': [64, 3]}, ({'CONV': [128, 3]}, {'CONV': [128, 3]}), ({'CONV': [64, 3]}, {'CONV': [256, 3]}, {'POOLMAX': [-1, 2]}), ({'CONV': [32, 3]}, {'CONV': [32, 3]}), ({'CONV': [128, 3]}, {'CONV': [256, 3]}, {'POOLMAX': [-1, 2]}), ({'CONV': [128, 5]}, {'CONV': [256, 3]}), ({'CONV': [256, 5]}, {'CONV': [128, 5]}, {'POOLMAX': [-1, 2]}), ({'CONV': [64, 5]}, {'CONV': [256, 5]}), ({'CONV': [256, 5]}, {'CONV': [128, 3]}, {'POOLMAX': [-1, 2]}), {'GLOBAL_AVG': None}, {'LAST_DENSE': [100, 'softmax']}]",HHSE,NSGA2,,,,,0.7050872567716616,,,,1666081280,7001380,,,,,,,0.7182203959463968,-0.0017724167273778,0.0,0.0,0.0,0.0,0.01,0,0,0,100,0,0.0,BEST,False,False,190,True,True,GREEDY,,,GREEDY_HV
BHDGKC,15,16,29,1,0.29,False,False,"[36, 22, 0, 38, 46, 61, 31, 60]",[],"[36.920824437582986, 22.065999098832435, 0.3361429947625797, 38.83850864360894, 46.77891924718808, 61.59362258114883, 31.51582051276551, 60.30750367070384]","[{'INP': 32}, {'CONV': [64, 3]}, ({'CONV': [128, 3]}, {'CONV': [128, 3]}), ({'CONV': [64, 3]}, {'CONV': [256, 3]}, {'POOLMAX': [-1, 2]}), ({'CONV': [32, 3]}, {'CONV': [32, 3]}), ({'CONV': [128, 3]}, {'CONV': [256, 3]}, {'POOLMAX': [-1, 2]}), ({'CONV': [128, 5]}, {'CONV': [256, 3]}), ({'CONV': [256, 5]}, {'CONV': [128, 5]}, {'POOLMAX': [-1, 2]}), ({'CONV': [64, 5]}, {'CONV': [256, 5]}), ({'CONV': [256, 5]}, {'CONV': [128, 3]}, {'POOLMAX': [-1, 2]}), {'GLOBAL_AVG': None}, {'LAST_DENSE': [100, 'softmax']}]",HHSE,NSGA2,,,,,0.7050872567716616,,,,1666081280,7001380,,,,,,,0.7184914322697011,-0.0007527643344259,0.0,0.0,0.0,0.0,0.01,0,0,0,100,0,0.0,BEST,False,False,190,True,True,GREEDY,,,GREEDY_HV
BHDGKC,15,16,30,1,0.3,False,False,"[36, 22, 0, 38, 46, 61, 31, 60]",[],"[36.920824437582986, 22.065999098832435, 0.3361429947625797, 38.83850864360894, 46.77891924718808, 61.59362258114883, 31.51582051276551, 60.30750367070384]","[{'INP': 32}, {'CONV': [64, 3]}, ({'CONV': [128, 3]}, {'CONV': [128, 3]}), ({'CONV': [64, 3]}, {'CONV': [256, 3]}, {'POOLMAX': [-1, 2]}), ({'CONV': [32, 3]}, {'CONV': [32, 3]}), ({'CONV': [128, 3]}, {'CONV': [256, 3]}, {'POOLMAX': [-1, 2]}), ({'CONV': [128, 5]}, {'CONV': [256, 3]}), ({'CONV': [256, 5]}, {'CONV': [128, 5]}, {'POOLMAX': [-1, 2]}), ({'CONV': [64, 5]}, {'CONV': [256, 5]}), ({'CONV': [256, 5]}, {'CONV': [128, 3]}, {'POOLMAX': [-1, 2]}), {'GLOBAL_AVG': None}, {'LAST_DENSE': [100, 'softmax']}]",HHSE,NSGA2,,,,,0.7050872567716616,,,,1666081280,7001380,,,,,,,0.71851299029136,-7.647691633982934e-05,0.0,0.0,0.0,0.0,0.01,0,0,0,100,0,0.0,BEST,False,False,190,True,True,GREEDY,,,GREEDY_HV
BHDGKC,15,16,31,1,0.31,False,False,"[36, 22, 0, 38, 46, 61, 31, 60]",[],"[36.920824437582986, 22.065999098832435, 0.3361429947625797, 38.83850864360894, 46.77891924718808, 61.59362258114883, 31.51582051276551, 60.30750367070384]","[{'INP': 32}, {'CONV': [64, 3]}, ({'CONV': [128, 3]}, {'CONV': [128, 3]}), ({'CONV': [64, 3]}, {'CONV': [256, 3]}, {'POOLMAX': [-1, 2]}), ({'CONV': [32, 3]}, {'CONV': [32, 3]}), ({'CONV': [128, 3]}, {'CONV': [256, 3]}, {'POOLMAX': [-1, 2]}), ({'CONV': [128, 5]}, {'CONV': [256, 3]}), ({'CONV': [256, 5]}, {'CONV': [128, 5]}, {'POOLMAX': [-1, 2]}), ({'CONV': [64, 5]}, {'CONV': [256, 5]}), ({'CONV': [256, 5]}, {'CONV': [128, 3]}, {'POOLMAX': [-1, 2]}), {'GLOBAL_AVG': None}, {'LAST_DENSE': [100, 'softmax']}]",HHSE,NSGA2,,,,,0.7050872567716616,,,,1666081280,7001380,,,,,,,0.7185287968593163,-0.0001384239315856,0.0,0.0,0.0,0.0,0.01,0,0,0,100,0,0.0,BEST,False,False,190,True,True,GREEDY,,,GREEDY_HV
BHDGKC,15,16,32,1,0.32,False,False,"[36, 22, 0, 38, 46, 61, 31, 60]",[],"[36.920824437582986, 22.065999098832435, 0.3361429947625797, 38.83850864360894, 46.77891924718808, 61.59362258114883, 31.51582051276551, 60.30750367070384]","[{'INP': 32}, {'CONV': [64, 3]}, ({'CONV': [128, 3]}, {'CONV': [128, 3]}), ({'CONV': [64, 3]}, {'CONV': [256, 3]}, {'POOLMAX': [-1, 2]}), ({'CONV': [32, 3]}, {'CONV': [32, 3]}), ({'CONV': [128, 3]}, {'CONV': [256, 3]}, {'POOLMAX': [-1, 2]}), ({'CONV': [128, 5]}, {'CONV': [256, 3]}), ({'CONV': [256, 5]}, {'CONV': [128, 5]}, {'POOLMAX': [-1, 2]}), ({'CONV': [64, 5]}, {'CONV': [256, 5]}), ({'CONV': [256, 5]}, {'CONV': [128, 3]}, {'POOLMAX': [-1, 2]}), {'GLOBAL_AVG': None}, {'LAST_DENSE': [100, 'softmax']}]",HHSE,NSGA2,,,,,0.7050872567716616,,,,1666081280,7001380,,,,,,,0.7187265555122554,-0.0001591283514095,0.0,0.0,0.0,0.0,0.01,0,0,0,100,0,0.0,BEST,False,False,190,True,True,GREEDY,,,GREEDY_HV
BHDGKC,15,16,33,1,0.33,False,False,"[36, 22, 0, 38, 46, 61, 31, 60]",[],"[36.920824437582986, 22.065999098832435, 0.3361429947625797, 38.83850864360894, 46.77891924718808, 61.59362258114883, 31.51582051276551, 60.30750367070384]","[{'INP': 32}, {'CONV': [64, 3]}, ({'CONV': [128, 3]}, {'CONV': [128, 3]}), ({'CONV': [64, 3]}, {'CONV': [256, 3]}, {'POOLMAX': [-1, 2]}), ({'CONV': [32, 3]}, {'CONV': [32, 3]}), ({'CONV': [128, 3]}, {'CONV': [256, 3]}, {'POOLMAX': [-1, 2]}), ({'CONV': [128, 5]}, {'CONV': [256, 3]}), ({'CONV': [256, 5]}, {'CONV': [128, 5]}, {'POOLMAX': [-1, 2]}), ({'CONV': [64, 5]}, {'CONV': [256, 5]}), ({'CONV': [256, 5]}, {'CONV': [128, 3]}, {'POOLMAX': [-1, 2]}), {'GLOBAL_AVG': None}, {'LAST_DENSE': [100, 'softmax']}]",HHSE,NSGA2,,,,,0.7050872567716616,,,,1666081280,7001380,,,,,,,0.7187226867968979,-0.0001334989318714,0.0,0.0,0.0,0.0,0.01,0,0,0,100,0,0.0,BEST,False,False,190,True,True,GREEDY,,,GREEDY_HV
BHDGKC,15,16,34,1,0.34,False,False,"[36, 22, 0, 38, 46, 61, 31, 60]",[],"[36.920824437582986, 22.065999098832435, 0.3361429947625797, 38.83850864360894, 46.77891924718808, 61.59362258114883, 31.51582051276551, 60.30750367070384]","[{'INP': 32}, {'CONV': [64, 3]}, ({'CONV': [128, 3]}, {'CONV': [128, 3]}), ({'CONV': [64, 3]}, {'CONV': [256, 3]}, {'POOLMAX': [-1, 2]}), ({'CONV': [32, 3]}, {'CONV': [32, 3]}), ({'CONV': [128, 3]}, {'CONV': [256, 3]}, {'POOLMAX': [-1, 2]}), ({'CONV': [128, 5]}, {'CONV': [256, 3]}), ({'CONV': [256, 5]}, {'CONV': [128, 5]}, {'POOLMAX': [-1, 2]}), ({'CONV': [64, 5]}, {'CONV': [256, 5]}), ({'CONV': [256, 5]}, {'CONV': [128, 3]}, {'POOLMAX': [-1, 2]}), {'GLOBAL_AVG': None}, {'LAST_DENSE': [100, 'softmax']}]",HHSE,NSGA2,,,,,0.7050872567716616,,,,1666081280,7001380,,,,,,,0.7197947846227857,-7.176582857071345e-05,0.0,0.0,0.0,0.0,0.01,0,0,0,100,0,0.0,BEST,False,False,190,True,True,GREEDY,,,GREEDY_HV
BHDGKC,15,16,35,1,0.35,False,False,"[36, 22, 0, 38, 46, 61, 31, 60]",[],"[36.920824437582986, 22.065999098832435, 0.3361429947625797, 38.83850864360894, 46.77891924718808, 61.59362258114883, 31.51582051276551, 60.30750367070384]","[{'INP': 32}, {'CONV': [64, 3]}, ({'CONV': [128, 3]}, {'CONV': [128, 3]}), ({'CONV': [64, 3]}, {'CONV': [256, 3]}, {'POOLMAX': [-1, 2]}), ({'CONV': [32, 3]}, {'CONV': [32, 3]}), ({'CONV': [128, 3]}, {'CONV': [256, 3]}, {'POOLMAX': [-1, 2]}), ({'CONV': [128, 5]}, {'CONV': [256, 3]}), ({'CONV': [256, 5]}, {'CONV': [128, 5]}, {'POOLMAX': [-1, 2]}), ({'CONV': [64, 5]}, {'CONV': [256, 5]}), ({'CONV': [256, 5]}, {'CONV': [128, 3]}, {'POOLMAX': [-1, 2]}), {'GLOBAL_AVG': None}, {'LAST_DENSE': [100, 'softmax']}]",HHSE,NSGA2,,,,,0.7050872567716616,,,,1666081280,7001380,,,,,,,0.719796755187315,-0.0008692236445977,0.0,0.0,0.0,0.0,0.01,0,0,0,100,0,0.0,BEST,False,False,190,True,True,GREEDY,,,GREEDY_HV
BHDGKC,15,16,36,1,0.36,False,False,"[36, 22, 0, 38, 46, 61, 31, 60]",[],"[36.920824437582986, 22.065999098832435, 0.3361429947625797, 38.83850864360894, 46.77891924718808, 61.59362258114883, 31.51582051276551, 60.30750367070384]","[{'INP': 32}, {'CONV': [64, 3]}, ({'CONV': [128, 3]}, {'CONV': [128, 3]}), ({'CONV': [64, 3]}, {'CONV': [256, 3]}, {'POOLMAX': [-1, 2]}), ({'CONV': [32, 3]}, {'CONV': [32, 3]}), ({'CONV': [128, 3]}, {'CONV': [256, 3]}, {'POOLMAX': [-1, 2]}), ({'CONV': [128, 5]}, {'CONV': [256, 3]}), ({'CONV': [256, 5]}, {'CONV': [128, 5]}, {'POOLMAX': [-1, 2]}), ({'CONV': [64, 5]}, {'CONV': [256, 5]}), ({'CONV': [256, 5]}, {'CONV': [128, 3]}, {'POOLMAX': [-1, 2]}), {'GLOBAL_AVG': None}, {'LAST_DENSE': [100, 'softmax']}]",HHSE,NSGA2,,,,,0.7050872567716616,,,,1666081280,7001380,,,,,,,0.7198039794662505,-0.0001198719920961,0.0,0.0,0.0,0.0,0.01,0,0,0,100,0,0.0,BEST,False,False,190,True,True,GREEDY,,,GREEDY_HV
BHDGKC,15,16,37,1,0.37,False,False,"[36, 22, 0, 38, 46, 61, 31, 60]",[],"[36.920824437582986, 22.065999098832435, 0.3361429947625797, 38.83850864360894, 46.77891924718808, 61.59362258114883, 31.51582051276551, 60.30750367070384]","[{'INP': 32}, {'CONV': [64, 3]}, ({'CONV': [128, 3]}, {'CONV': [128, 3]}), ({'CONV': [64, 3]}, {'CONV': [256, 3]}, {'POOLMAX': [-1, 2]}), ({'CONV': [32, 3]}, {'CONV': [32, 3]}), ({'CONV': [128, 3]}, {'CONV': [256, 3]}, {'POOLMAX': [-1, 2]}), ({'CONV': [128, 5]}, {'CONV': [256, 3]}), ({'CONV': [256, 5]}, {'CONV': [128, 5]}, {'POOLMAX': [-1, 2]}), ({'CONV': [64, 5]}, {'CONV': [256, 5]}), ({'CONV': [256, 5]}, {'CONV': [128, 3]}, {'POOLMAX': [-1, 2]}), {'GLOBAL_AVG': None}, {'LAST_DENSE': [100, 'softmax']}]",HHSE,NSGA2,,,,,0.7050872567716616,,,,1666081280,7001380,,,,,,,0.7198111357207262,-0.0002030080224719,0.0,0.0,0.0,0.0,0.01,0,0,0,100,0,0.0,BEST,False,False,190,True,True,GREEDY,,,GREEDY_HV
BHDGKC,15,16,38,1,0.38,False,False,"[36, 22, 0, 38, 46, 61, 31, 60]",[],"[36.920824437582986, 22.065999098832435, 0.3361429947625797, 38.83850864360894, 46.77891924718808, 61.59362258114883, 31.51582051276551, 60.30750367070384]","[{'INP': 32}, {'CONV': [64, 3]}, ({'CONV': [128, 3]}, {'CONV': [128, 3]}), ({'CONV': [64, 3]}, {'CONV': [256, 3]}, {'POOLMAX': [-1, 2]}), ({'CONV': [32, 3]}, {'CONV': [32, 3]}), ({'CONV': [128, 3]}, {'CONV': [256, 3]}, {'POOLMAX': [-1, 2]}), ({'CONV': [128, 5]}, {'CONV': [256, 3]}), ({'CONV': [256, 5]}, {'CONV': [128, 5]}, {'POOLMAX': [-1, 2]}), ({'CONV': [64, 5]}, {'CONV': [256, 5]}), ({'CONV': [256, 5]}, {'CONV': [128, 3]}, {'POOLMAX': [-1, 2]}), {'GLOBAL_AVG': None}, {'LAST_DENSE': [100, 'softmax']}]",HHSE,NSGA2,,,,,0.7050872567716616,,,,1666081280,7001380,,,,,,,0.7199477184936268,-0.0001868319863856,0.0,0.0,0.0,0.0,0.01,0,0,0,100,0,0.0,BEST,False,False,190,True,True,GREEDY,,,GREEDY_HV
BHDGKC,15,16,39,1,0.39,False,False,"[36, 22, 0, 38, 46, 61, 31, 60]",[],"[36.920824437582986, 22.065999098832435, 0.3361429947625797, 38.83850864360894, 46.77891924718808, 61.59362258114883, 31.51582051276551, 60.30750367070384]","[{'INP': 32}, {'CONV': [64, 3]}, ({'CONV': [128, 3]}, {'CONV': [128, 3]}), ({'CONV': [64, 3]}, {'CONV': [256, 3]}, {'POOLMAX': [-1, 2]}), ({'CONV': [32, 3]}, {'CONV': [32, 3]}), ({'CONV': [128, 3]}, {'CONV': [256, 3]}, {'POOLMAX': [-1, 2]}), ({'CONV': [128, 5]}, {'CONV': [256, 3]}), ({'CONV': [256, 5]}, {'CONV': [128, 5]}, {'POOLMAX': [-1, 2]}), ({'CONV': [64, 5]}, {'CONV': [256, 5]}), ({'CONV': [256, 5]}, {'CONV': [128, 3]}, {'POOLMAX': [-1, 2]}), {'GLOBAL_AVG': None}, {'LAST_DENSE': [100, 'softmax']}]",HHSE,NSGA2,,,,,0.7050872567716616,,,,1666081280,7001380,,,,,,,0.7201544063992761,-0.0002016368734085,0.0,0.0,0.0,0.0,0.01,0,0,0,100,0,0.0,BEST,False,False,190,True,True,GREEDY,,,GREEDY_HV
BHDGKC,15,16,40,1,0.4,False,False,"[36, 22, 0, 38, 46, 61, 31, 60]",[],"[36.920824437582986, 22.065999098832435, 0.3361429947625797, 38.83850864360894, 46.77891924718808, 61.59362258114883, 31.51582051276551, 60.30750367070384]","[{'INP': 32}, {'CONV': [64, 3]}, ({'CONV': [128, 3]}, {'CONV': [128, 3]}), ({'CONV': [64, 3]}, {'CONV': [256, 3]}, {'POOLMAX': [-1, 2]}), ({'CONV': [32, 3]}, {'CONV': [32, 3]}), ({'CONV': [128, 3]}, {'CONV': [256, 3]}, {'POOLMAX': [-1, 2]}), ({'CONV': [128, 5]}, {'CONV': [256, 3]}), ({'CONV': [256, 5]}, {'CONV': [128, 5]}, {'POOLMAX': [-1, 2]}), ({'CONV': [64, 5]}, {'CONV': [256, 5]}), ({'CONV': [256, 5]}, {'CONV': [128, 3]}, {'POOLMAX': [-1, 2]}), {'GLOBAL_AVG': None}, {'LAST_DENSE': [100, 'softmax']}]",HHSE,NSGA2,,,,,0.7050872567716616,,,,1666081280,7001380,,,,,,,0.7199575649566714,-0.0015581838664018,0.0,0.0,0.0,0.0,0.01,0,0,0,100,0,0.0,BEST,False,False,190,True,True,GREEDY,,,GREEDY_HV
BHDGKC,15,16,41,1,0.41,False,False,"[36, 22, 0, 38, 46, 61, 31, 60]",[],"[36.920824437582986, 22.065999098832435, 0.3361429947625797, 38.83850864360894, 46.77891924718808, 61.59362258114883, 31.51582051276551, 60.30750367070384]","[{'INP': 32}, {'CONV': [64, 3]}, ({'CONV': [128, 3]}, {'CONV': [128, 3]}), ({'CONV': [64, 3]}, {'CONV': [256, 3]}, {'POOLMAX': [-1, 2]}), ({'CONV': [32, 3]}, {'CONV': [32, 3]}), ({'CONV': [128, 3]}, {'CONV': [256, 3]}, {'POOLMAX': [-1, 2]}), ({'CONV': [128, 5]}, {'CONV': [256, 3]}), ({'CONV': [256, 5]}, {'CONV': [128, 5]}, {'POOLMAX': [-1, 2]}), ({'CONV': [64, 5]}, {'CONV': [256, 5]}), ({'CONV': [256, 5]}, {'CONV': [128, 3]}, {'POOLMAX': [-1, 2]}), {'GLOBAL_AVG': None}, {'LAST_DENSE': [100, 'softmax']}]",HHSE,NSGA2,,,,,0.7050872567716616,,,,1666081280,7001380,,,,,,,0.7199964659156555,-0.0002398152353567,0.0,0.0,0.0,0.0,0.01,0,0,0,100,0,0.0,BEST,False,False,190,True,True,GREEDY,,,GREEDY_HV
BKQOGZ[M][M][M],15,16,42,42,0.42,True,True,"[0, 18, 15, 38, 60, 6, 5, 23]",[],"[0.23453150448258991, 18.516415741148265, 15.468433163797233, 38.8955663318635, 60.4101827417723, 6.677007175324799, 5.407661412897506, 23.082189997260663]","[{'INP': 32}, {'CONV': [64, 3]}, ({'CONV': [32, 3]}, {'CONV': [32, 3]}), ({'CONV': [64, 3]}, {'CONV': [64, 3]}, {'POOLMAX': [-1, 2]}), ({'CONV': [32, 5]}, {'CONV': [256, 5]}), ({'CONV': [128, 3]}, {'CONV': [256, 3]}, {'POOLMAX': [-1, 2]}), ({'CONV': [256, 5]}, {'CONV': [128, 3]}), ({'CONV': [32, 3]}, {'CONV': [256, 3]}, {'POOLMAX': [-1, 2]}), ({'CONV': [32, 3]}, {'CONV': [128, 5]}), ({'CONV': [64, 3]}, {'CONV': [256, 5]}, {'POOLMAX': [-1, 2]}), {'GLOBAL_AVG': None}, {'LAST_DENSE': [100, 'softmax']}]",HHSE,NSGA2,,,,,0.7055535605115774,,,,892275200,3667876,,,,,,"[0, 0, 7, 38, 60, 5, 6, 19]",0.7200067542191103,-0.0001786406578158,0.0,0.0,0.625,0.875,0.42,0,0,0,100,0,0.0,BEST,False,False,181,True,True,GREEDY,,,GREEDY_HV
BKQOGZ[M][M][M],15,16,43,42,0.43,True,True,"[0, 18, 15, 38, 60, 6, 5, 23]",[],"[0.23453150448258991, 18.516415741148265, 15.468433163797233, 38.8955663318635, 60.4101827417723, 6.677007175324799, 5.407661412897506, 23.082189997260663]","[{'INP': 32}, {'CONV': [64, 3]}, ({'CONV': [32, 3]}, {'CONV': [32, 3]}), ({'CONV': [64, 3]}, {'CONV': [64, 3]}, {'POOLMAX': [-1, 2]}), ({'CONV': [32, 5]}, {'CONV': [256, 5]}), ({'CONV': [128, 3]}, {'CONV': [256, 3]}, {'POOLMAX': [-1, 2]}), ({'CONV': [256, 5]}, {'CONV': [128, 3]}), ({'CONV': [32, 3]}, {'CONV': [256, 3]}, {'POOLMAX': [-1, 2]}), ({'CONV': [32, 3]}, {'CONV': [128, 5]}), ({'CONV': [64, 3]}, {'CONV': [256, 5]}, {'POOLMAX': [-1, 2]}), {'GLOBAL_AVG': None}, {'LAST_DENSE': [100, 'softmax']}]",HHSE,NSGA2,,,,,0.7055535605115774,,,,892275200,3667876,,,,,,"[0, 0, 7, 38, 60, 5, 6, 19]",0.7210819981386234,-2.265199470918855e-05,0.0,0.0,0.625,0.0,0.42,0,0,0,100,0,0.0,BEST,False,False,181,True,True,GREEDY,,,GREEDY_HV
BKQOGZ[M][M][M],15,16,44,42,0.44,True,True,"[0, 18, 15, 38, 60, 6, 5, 23]",[],"[0.23453150448258991, 18.516415741148265, 15.468433163797233, 38.8955663318635, 60.4101827417723, 6.677007175324799, 5.407661412897506, 23.082189997260663]","[{'INP': 32}, {'CONV': [64, 3]}, ({'CONV': [32, 3]}, {'CONV': [32, 3]}), ({'CONV': [64, 3]}, {'CONV': [64, 3]}, {'POOLMAX': [-1, 2]}), ({'CONV': [32, 5]}, {'CONV': [256, 5]}), ({'CONV': [128, 3]}, {'CONV': [256, 3]}, {'POOLMAX': [-1, 2]}), ({'CONV': [256, 5]}, {'CONV': [128, 3]}), ({'CONV': [32, 3]}, {'CONV': [256, 3]}, {'POOLMAX': [-1, 2]}), ({'CONV': [32, 3]}, {'CONV': [128, 5]}), ({'CONV': [64, 3]}, {'CONV': [256, 5]}, {'POOLMAX': [-1, 2]}), {'GLOBAL_AVG': None}, {'LAST_DENSE': [100, 'softmax']}]",HHSE,NSGA2,,,,,0.7055535605115774,,,,892275200,3667876,,,,,,"[0, 0, 7, 38, 60, 5, 6, 19]",0.7211484482945061,-0.0001963542763318,0.0,0.0,0.625,0.0,0.42,0,0,0,100,0,0.0,BEST,False,False,181,True,True,GREEDY,,,GREEDY_HV
BKQOGZ[M][M][M],15,16,45,42,0.45,True,True,"[0, 18, 15, 38, 60, 6, 5, 23]",[],"[0.23453150448258991, 18.516415741148265, 15.468433163797233, 38.8955663318635, 60.4101827417723, 6.677007175324799, 5.407661412897506, 23.082189997260663]","[{'INP': 32}, {'CONV': [64, 3]}, ({'CONV': [32, 3]}, {'CONV': [32, 3]}), ({'CONV': [64, 3]}, {'CONV': [64, 3]}, {'POOLMAX': [-1, 2]}), ({'CONV': [32, 5]}, {'CONV': [256, 5]}), ({'CONV': [128, 3]}, {'CONV': [256, 3]}, {'POOLMAX': [-1, 2]}), ({'CONV': [256, 5]}, {'CONV': [128, 3]}), ({'CONV': [32, 3]}, {'CONV': [256, 3]}, {'POOLMAX': [-1, 2]}), ({'CONV': [32, 3]}, {'CONV': [128, 5]}), ({'CONV': [64, 3]}, {'CONV': [256, 5]}, {'POOLMAX': [-1, 2]}), {'GLOBAL_AVG': None}, {'LAST_DENSE': [100, 'softmax']}]",HHSE,NSGA2,,,,,0.7055535605115774,,,,892275200,3667876,,,,,,"[0, 0, 7, 38, 60, 5, 6, 19]",0.7212513540169196,-0.0010762774150543,0.0,0.0,0.625,0.0,0.42,0,0,0,100,0,0.0,BEST,False,False,181,True,True,GREEDY,,,GREEDY_HV
BKQOGZ[M][M][M],15,16,46,42,0.46,True,True,"[0, 18, 15, 38, 60, 6, 5, 23]",[],"[0.23453150448258991, 18.516415741148265, 15.468433163797233, 38.8955663318635, 60.4101827417723, 6.677007175324799, 5.407661412897506, 23.082189997260663]","[{'INP': 32}, {'CONV': [64, 3]}, ({'CONV': [32, 3]}, {'CONV': [32, 3]}), ({'CONV': [64, 3]}, {'CONV': [64, 3]}, {'POOLMAX': [-1, 2]}), ({'CONV': [32, 5]}, {'CONV': [256, 5]}), ({'CONV': [128, 3]}, {'CONV': [256, 3]}, {'POOLMAX': [-1, 2]}), ({'CONV': [256, 5]}, {'CONV': [128, 3]}), ({'CONV': [32, 3]}, {'CONV': [256, 3]}, {'POOLMAX': [-1, 2]}), ({'CONV': [32, 3]}, {'CONV': [128, 5]}), ({'CONV': [64, 3]}, {'CONV': [256, 5]}, {'POOLMAX': [-1, 2]}), {'GLOBAL_AVG': None}, {'LAST_DENSE': [100, 'softmax']}]",HHSE,NSGA2,,,,,0.7055535605115774,,,,892275200,3667876,,,,,,"[0, 0, 7, 38, 60, 5, 6, 19]",0.7212038026335259,-7.2212618851486e-05,0.0,0.0,0.625,0.0,0.42,0,0,0,100,0,0.0,BEST,False,False,181,True,True,GREEDY,,,GREEDY_HV
BKQOGZ[M][M][M],15,16,47,42,0.47,True,True,"[0, 18, 15, 38, 60, 6, 5, 23]",[],"[0.23453150448258991, 18.516415741148265, 15.468433163797233, 38.8955663318635, 60.4101827417723, 6.677007175324799, 5.407661412897506, 23.082189997260663]","[{'INP': 32}, {'CONV': [64, 3]}, ({'CONV': [32, 3]}, {'CONV': [32, 3]}), ({'CONV': [64, 3]}, {'CONV': [64, 3]}, {'POOLMAX': [-1, 2]}), ({'CONV': [32, 5]}, {'CONV': [256, 5]}), ({'CONV': [128, 3]}, {'CONV': [256, 3]}, {'POOLMAX': [-1, 2]}), ({'CONV': [256, 5]}, {'CONV': [128, 3]}), ({'CONV': [32, 3]}, {'CONV': [256, 3]}, {'POOLMAX': [-1, 2]}), ({'CONV': [32, 3]}, {'CONV': [128, 5]}), ({'CONV': [64, 3]}, {'CONV': [256, 5]}, {'POOLMAX': [-1, 2]}), {'GLOBAL_AVG': None}, {'LAST_DENSE': [100, 'softmax']}]",HHSE,NSGA2,,,,,0.7055535605115774,,,,892275200,3667876,,,,,,"[0, 0, 7, 38, 60, 5, 6, 19]",0.721178242672536,-0.0012173347674745,0.0,0.0,0.625,0.0,0.42,0,0,0,100,0,0.0,BEST,False,False,181,True,True,GREEDY,,,GREEDY_HV
BKQOGZ[M][M][M],15,16,48,42,0.48,True,True,"[0, 18, 15, 38, 60, 6, 5, 23]",[],"[0.23453150448258991, 18.516415741148265, 15.468433163797233, 38.8955663318635, 60.4101827417723, 6.677007175324799, 5.407661412897506, 23.082189997260663]","[{'INP': 32}, {'CONV': [64, 3]}, ({'CONV': [32, 3]}, {'CONV': [32, 3]}), ({'CONV': [64, 3]}, {'CONV': [64, 3]}, {'POOLMAX': [-1, 2]}), ({'CONV': [32, 5]}, {'CONV': [256, 5]}), ({'CONV': [128, 3]}, {'CONV': [256, 3]}, {'POOLMAX': [-1, 2]}), ({'CONV': [256, 5]}, {'CONV': [128, 3]}), ({'CONV': [32, 3]}, {'CONV': [256, 3]}, {'POOLMAX': [-1, 2]}), ({'CONV': [32, 3]}, {'CONV': [128, 5]}), ({'CONV': [64, 3]}, {'CONV': [256, 5]}, {'POOLMAX': [-1, 2]}), {'GLOBAL_AVG': None}, {'LAST_DENSE': [100, 'softmax']}]",HHSE,NSGA2,,,,,0.7055535605115774,,,,892275200,3667876,,,,,,"[0, 0, 7, 38, 60, 5, 6, 19]",0.7211795499277873,-0.0004640366618562,0.0,0.0,0.625,0.0,0.42,0,2,0,100,0,0.02,BEST,False,False,181,True,True,GREEDY,,,GREEDY_HV
BKQOGZ[M][M][M],15,16,49,42,0.49,True,True,"[0, 18, 15, 38, 60, 6, 5, 23]",[],"[0.23453150448258991, 18.516415741148265, 15.468433163797233, 38.8955663318635, 60.4101827417723, 6.677007175324799, 5.407661412897506, 23.082189997260663]","[{'INP': 32}, {'CONV': [64, 3]}, ({'CONV': [32, 3]}, {'CONV': [32, 3]}), ({'CONV': [64, 3]}, {'CONV': [64, 3]}, {'POOLMAX': [-1, 2]}), ({'CONV': [32, 5]}, {'CONV': [256, 5]}), ({'CONV': [128, 3]}, {'CONV': [256, 3]}, {'POOLMAX': [-1, 2]}), ({'CONV': [256, 5]}, {'CONV': [128, 3]}), ({'CONV': [32, 3]}, {'CONV': [256, 3]}, {'POOLMAX': [-1, 2]}), ({'CONV': [32, 3]}, {'CONV': [128, 5]}), ({'CONV': [64, 3]}, {'CONV': [256, 5]}, {'POOLMAX': [-1, 2]}), {'GLOBAL_AVG': None}, {'LAST_DENSE': [100, 'softmax']}]",HHSE,NSGA2,,,,,0.7055535605115774,,,,892275200,3667876,,,,,,"[0, 0, 7, 38, 60, 5, 6, 19]",0.721179837448592,-0.000182096870086,0.0,0.0,0.625,0.0,0.42,0,0,0,100,0,0.0,BEST,False,False,181,True,True,GREEDY,,,GREEDY_HV
BKQOGZ[M][M][M],15,16,50,42,0.5,True,True,"[0, 18, 15, 38, 60, 6, 5, 23]",[],"[0.23453150448258991, 18.516415741148265, 15.468433163797233, 38.8955663318635, 60.4101827417723, 6.677007175324799, 5.407661412897506, 23.082189997260663]","[{'INP': 32}, {'CONV': [64, 3]}, ({'CONV': [32, 3]}, {'CONV': [32, 3]}), ({'CONV': [64, 3]}, {'CONV': [64, 3]}, {'POOLMAX': [-1, 2]}), ({'CONV': [32, 5]}, {'CONV': [256, 5]}), ({'CONV': [128, 3]}, {'CONV': [256, 3]}, {'POOLMAX': [-1, 2]}), ({'CONV': [256, 5]}, {'CONV': [128, 3]}), ({'CONV': [32, 3]}, {'CONV': [256, 3]}, {'POOLMAX': [-1, 2]}), ({'CONV': [32, 3]}, {'CONV': [128, 5]}), ({'CONV': [64, 3]}, {'CONV': [256, 5]}, {'POOLMAX': [-1, 2]}), {'GLOBAL_AVG': None}, {'LAST_DENSE': [100, 'softmax']}]",HHSE,NSGA2,,,,,0.7055535605115774,,,,892275200,3667876,,,,,,"[0, 0, 7, 38, 60, 5, 6, 19]",0.7212352551625472,-0.0020848159163135,0.0,0.0,0.625,0.0,0.42,0,0,0,100,0,0.0,BEST,False,False,181,True,True,GREEDY,,,GREEDY_HV
BKQOGZ[M][M][M],15,16,51,42,0.51,True,True,"[0, 18, 15, 38, 60, 6, 5, 23]",[],"[0.23453150448258991, 18.516415741148265, 15.468433163797233, 38.8955663318635, 60.4101827417723, 6.677007175324799, 5.407661412897506, 23.082189997260663]","[{'INP': 32}, {'CONV': [64, 3]}, ({'CONV': [32, 3]}, {'CONV': [32, 3]}), ({'CONV': [64, 3]}, {'CONV': [64, 3]}, {'POOLMAX': [-1, 2]}), ({'CONV': [32, 5]}, {'CONV': [256, 5]}), ({'CONV': [128, 3]}, {'CONV': [256, 3]}, {'POOLMAX': [-1, 2]}), ({'CONV': [256, 5]}, {'CONV': [128, 3]}), ({'CONV': [32, 3]}, {'CONV': [256, 3]}, {'POOLMAX': [-1, 2]}), ({'CONV': [32, 3]}, {'CONV': [128, 5]}), ({'CONV': [64, 3]}, {'CONV': [256, 5]}, {'POOLMAX': [-1, 2]}), {'GLOBAL_AVG': None}, {'LAST_DENSE': [100, 'softmax']}]",HHSE,NSGA2,,,,,0.7055535605115774,,,,892275200,3667876,,,,,,"[0, 0, 7, 38, 60, 5, 6, 19]",0.7212683941259391,-0.000504241394912,0.0,0.0,0.625,0.0,0.42,0,0,0,100,0,0.0,BEST,False,False,181,True,True,GREEDY,,,GREEDY_HV
BKQOGZ[M][M][M],15,16,52,42,0.52,True,True,"[0, 18, 15, 38, 60, 6, 5, 23]",[],"[0.23453150448258991, 18.516415741148265, 15.468433163797233, 38.8955663318635, 60.4101827417723, 6.677007175324799, 5.407661412897506, 23.082189997260663]","[{'INP': 32}, {'CONV': [64, 3]}, ({'CONV': [32, 3]}, {'CONV': [32, 3]}), ({'CONV': [64, 3]}, {'CONV': [64, 3]}, {'POOLMAX': [-1, 2]}), ({'CONV': [32, 5]}, {'CONV': [256, 5]}), ({'CONV': [128, 3]}, {'CONV': [256, 3]}, {'POOLMAX': [-1, 2]}), ({'CONV': [256, 5]}, {'CONV': [128, 3]}), ({'CONV': [32, 3]}, {'CONV': [256, 3]}, {'POOLMAX': [-1, 2]}), ({'CONV': [32, 3]}, {'CONV': [128, 5]}), ({'CONV': [64, 3]}, {'CONV': [256, 5]}, {'POOLMAX': [-1, 2]}), {'GLOBAL_AVG': None}, {'LAST_DENSE': [100, 'softmax']}]",HHSE,NSGA2,,,,,0.7055535605115774,,,,892275200,3667876,,,,,,"[0, 0, 7, 38, 60, 5, 6, 19]",0.7212856919548547,-0.0004162561232778,0.0,0.0,0.625,0.0,0.42,0,0,0,100,0,0.0,BEST,False,False,181,True,True,GREEDY,,,GREEDY_HV
BKQOGZ[M][M][M],15,16,53,42,0.53,True,True,"[0, 18, 15, 38, 60, 6, 5, 23]",[],"[0.23453150448258991, 18.516415741148265, 15.468433163797233, 38.8955663318635, 60.4101827417723, 6.677007175324799, 5.407661412897506, 23.082189997260663]","[{'INP': 32}, {'CONV': [64, 3]}, ({'CONV': [32, 3]}, {'CONV': [32, 3]}), ({'CONV': [64, 3]}, {'CONV': [64, 3]}, {'POOLMAX': [-1, 2]}), ({'CONV': [32, 5]}, {'CONV': [256, 5]}), ({'CONV': [128, 3]}, {'CONV': [256, 3]}, {'POOLMAX': [-1, 2]}), ({'CONV': [256, 5]}, {'CONV': [128, 3]}), ({'CONV': [32, 3]}, {'CONV': [256, 3]}, {'POOLMAX': [-1, 2]}), ({'CONV': [32, 3]}, {'CONV': [128, 5]}), ({'CONV': [64, 3]}, {'CONV': [256, 5]}, {'POOLMAX': [-1, 2]}), {'GLOBAL_AVG': None}, {'LAST_DENSE': [100, 'softmax']}]",HHSE,NSGA2,,,,,0.7055535605115774,,,,892275200,3667876,,,,,,"[0, 0, 7, 38, 60, 5, 6, 19]",0.7212807096606151,-0.0004967714353121,0.0,0.0,0.625,0.0,0.42,0,0,0,100,0,0.0,BEST,False,False,181,True,True,GREEDY,,,GREEDY_HV
BKQOGZ[M][M][M],15,16,54,42,0.54,True,True,"[0, 18, 15, 38, 60, 6, 5, 23]",[],"[0.23453150448258991, 18.516415741148265, 15.468433163797233, 38.8955663318635, 60.4101827417723, 6.677007175324799, 5.407661412897506, 23.082189997260663]","[{'INP': 32}, {'CONV': [64, 3]}, ({'CONV': [32, 3]}, {'CONV': [32, 3]}), ({'CONV': [64, 3]}, {'CONV': [64, 3]}, {'POOLMAX': [-1, 2]}), ({'CONV': [32, 5]}, {'CONV': [256, 5]}), ({'CONV': [128, 3]}, {'CONV': [256, 3]}, {'POOLMAX': [-1, 2]}), ({'CONV': [256, 5]}, {'CONV': [128, 3]}), ({'CONV': [32, 3]}, {'CONV': [256, 3]}, {'POOLMAX': [-1, 2]}), ({'CONV': [32, 3]}, {'CONV': [128, 5]}), ({'CONV': [64, 3]}, {'CONV': [256, 5]}, {'POOLMAX': [-1, 2]}), {'GLOBAL_AVG': None}, {'LAST_DENSE': [100, 'softmax']}]",HHSE,NSGA2,,,,,0.7055535605115774,,,,892275200,3667876,,,,,,"[0, 0, 7, 38, 60, 5, 6, 19]",0.7213838263769752,-0.0002341130848356,0.0,0.0,0.625,0.0,0.42,0,0,0,100,0,0.0,BEST,False,False,181,True,True,GREEDY,,,GREEDY_HV
BKQOGZ[M][M][M],15,16,55,42,0.55,True,True,"[0, 18, 15, 38, 60, 6, 5, 23]",[],"[0.23453150448258991, 18.516415741148265, 15.468433163797233, 38.8955663318635, 60.4101827417723, 6.677007175324799, 5.407661412897506, 23.082189997260663]","[{'INP': 32}, {'CONV': [64, 3]}, ({'CONV': [32, 3]}, {'CONV': [32, 3]}), ({'CONV': [64, 3]}, {'CONV': [64, 3]}, {'POOLMAX': [-1, 2]}), ({'CONV': [32, 5]}, {'CONV': [256, 5]}), ({'CONV': [128, 3]}, {'CONV': [256, 3]}, {'POOLMAX': [-1, 2]}), ({'CONV': [256, 5]}, {'CONV': [128, 3]}), ({'CONV': [32, 3]}, {'CONV': [256, 3]}, {'POOLMAX': [-1, 2]}), ({'CONV': [32, 3]}, {'CONV': [128, 5]}), ({'CONV': [64, 3]}, {'CONV': [256, 5]}, {'POOLMAX': [-1, 2]}), {'GLOBAL_AVG': None}, {'LAST_DENSE': [100, 'softmax']}]",HHSE,NSGA2,,,,,0.7055535605115774,,,,892275200,3667876,,,,,,"[0, 0, 7, 38, 60, 5, 6, 19]",0.7213981607552229,-0.00103301287242,0.0,0.0,0.625,0.0,0.42,0,0,0,100,0,0.0,BEST,False,False,181,True,True,GREEDY,,,GREEDY_HV
BKQOGZ[M][M][M],15,16,56,42,0.56,True,True,"[0, 18, 15, 38, 60, 6, 5, 23]",[],"[0.23453150448258991, 18.516415741148265, 15.468433163797233, 38.8955663318635, 60.4101827417723, 6.677007175324799, 5.407661412897506, 23.082189997260663]","[{'INP': 32}, {'CONV': [64, 3]}, ({'CONV': [32, 3]}, {'CONV': [32, 3]}), ({'CONV': [64, 3]}, {'CONV': [64, 3]}, {'POOLMAX': [-1, 2]}), ({'CONV': [32, 5]}, {'CONV': [256, 5]}), ({'CONV': [128, 3]}, {'CONV': [256, 3]}, {'POOLMAX': [-1, 2]}), ({'CONV': [256, 5]}, {'CONV': [128, 3]}), ({'CONV': [32, 3]}, {'CONV': [256, 3]}, {'POOLMAX': [-1, 2]}), ({'CONV': [32, 3]}, {'CONV': [128, 5]}), ({'CONV': [64, 3]}, {'CONV': [256, 5]}, {'POOLMAX': [-1, 2]}), {'GLOBAL_AVG': None}, {'LAST_DENSE': [100, 'softmax']}]",HHSE,NSGA2,,,,,0.7055535605115774,,,,892275200,3667876,,,,,,"[0, 0, 7, 38, 60, 5, 6, 19]",0.7215154639501853,-0.0001117824395618,0.0,0.0,0.625,0.0,0.42,0,0,0,100,0,0.0,BEST,False,False,181,True,True,GREEDY,,,GREEDY_HV
BKQOGZ[M][M][M],15,16,57,42,0.57,True,True,"[0, 18, 15, 38, 60, 6, 5, 23]",[],"[0.23453150448258991, 18.516415741148265, 15.468433163797233, 38.8955663318635, 60.4101827417723, 6.677007175324799, 5.407661412897506, 23.082189997260663]","[{'INP': 32}, {'CONV': [64, 3]}, ({'CONV': [32, 3]}, {'CONV': [32, 3]}), ({'CONV': [64, 3]}, {'CONV': [64, 3]}, {'POOLMAX': [-1, 2]}), ({'CONV': [32, 5]}, {'CONV': [256, 5]}), ({'CONV': [128, 3]}, {'CONV': [256, 3]}, {'POOLMAX': [-1, 2]}), ({'CONV': [256, 5]}, {'CONV': [128, 3]}), ({'CONV': [32, 3]}, {'CONV': [256, 3]}, {'POOLMAX': [-1, 2]}), ({'CONV': [32, 3]}, {'CONV': [128, 5]}), ({'CONV': [64, 3]}, {'CONV': [256, 5]}, {'POOLMAX': [-1, 2]}), {'GLOBAL_AVG': None}, {'LAST_DENSE': [100, 'softmax']}]",HHSE,NSGA2,,,,,0.7055535605115774,,,,892275200,3667876,,,,,,"[0, 0, 7, 38, 60, 5, 6, 19]",0.721570634744201,-0.0001119652039119,0.0,0.0,0.625,0.0,0.42,0,1,0,100,0,0.01,BEST,False,False,181,True,True,GREEDY,,,GREEDY_HV
BKQOGZ[M][M][M],15,16,58,42,0.58,True,True,"[0, 18, 15, 38, 60, 6, 5, 23]",[],"[0.23453150448258991, 18.516415741148265, 15.468433163797233, 38.8955663318635, 60.4101827417723, 6.677007175324799, 5.407661412897506, 23.082189997260663]","[{'INP': 32}, {'CONV': [64, 3]}, ({'CONV': [32, 3]}, {'CONV': [32, 3]}), ({'CONV': [64, 3]}, {'CONV': [64, 3]}, {'POOLMAX': [-1, 2]}), ({'CONV': [32, 5]}, {'CONV': [256, 5]}), ({'CONV': [128, 3]}, {'CONV': [256, 3]}, {'POOLMAX': [-1, 2]}), ({'CONV': [256, 5]}, {'CONV': [128, 3]}), ({'CONV': [32, 3]}, {'CONV': [256, 3]}, {'POOLMAX': [-1, 2]}), ({'CONV': [32, 3]}, {'CONV': [128, 5]}), ({'CONV': [64, 3]}, {'CONV': [256, 5]}, {'POOLMAX': [-1, 2]}), {'GLOBAL_AVG': None}, {'LAST_DENSE': [100, 'softmax']}]",HHSE,NSGA2,,,,,0.7055535605115774,,,,892275200,3667876,,,,,,"[0, 0, 7, 38, 60, 5, 6, 19]",0.7215610424077027,-0.0008551295352329,0.0,0.0,0.625,0.0,0.42,0,0,0,100,0,0.0,BEST,False,False,181,True,True,GREEDY,,,GREEDY_HV
BKQOGZ[M][M][M],15,16,59,42,0.59,True,True,"[0, 18, 15, 38, 60, 6, 5, 23]",[],"[0.23453150448258991, 18.516415741148265, 15.468433163797233, 38.8955663318635, 60.4101827417723, 6.677007175324799, 5.407661412897506, 23.082189997260663]","[{'INP': 32}, {'CONV': [64, 3]}, ({'CONV': [32, 3]}, {'CONV': [32, 3]}), ({'CONV': [64, 3]}, {'CONV': [64, 3]}, {'POOLMAX': [-1, 2]}), ({'CONV': [32, 5]}, {'CONV': [256, 5]}), ({'CONV': [128, 3]}, {'CONV': [256, 3]}, {'POOLMAX': [-1, 2]}), ({'CONV': [256, 5]}, {'CONV': [128, 3]}), ({'CONV': [32, 3]}, {'CONV': [256, 3]}, {'POOLMAX': [-1, 2]}), ({'CONV': [32, 3]}, {'CONV': [128, 5]}), ({'CONV': [64, 3]}, {'CONV': [256, 5]}, {'POOLMAX': [-1, 2]}), {'GLOBAL_AVG': None}, {'LAST_DENSE': [100, 'softmax']}]",HHSE,NSGA2,,,,,0.7055535605115774,,,,892275200,3667876,,,,,,"[0, 0, 7, 38, 60, 5, 6, 19]",0.7215642490800007,-0.0015572045436795,0.0,0.0,0.625,0.0,0.42,0,0,0,100,0,0.0,BEST,False,False,181,True,True,GREEDY,,,GREEDY_HV
BKQOGZ[M][M][M],15,16,60,42,0.6,True,True,"[0, 18, 15, 38, 60, 6, 5, 23]",[],"[0.23453150448258991, 18.516415741148265, 15.468433163797233, 38.8955663318635, 60.4101827417723, 6.677007175324799, 5.407661412897506, 23.082189997260663]","[{'INP': 32}, {'CONV': [64, 3]}, ({'CONV': [32, 3]}, {'CONV': [32, 3]}), ({'CONV': [64, 3]}, {'CONV': [64, 3]}, {'POOLMAX': [-1, 2]}), ({'CONV': [32, 5]}, {'CONV': [256, 5]}), ({'CONV': [128, 3]}, {'CONV': [256, 3]}, {'POOLMAX': [-1, 2]}), ({'CONV': [256, 5]}, {'CONV': [128, 3]}), ({'CONV': [32, 3]}, {'CONV': [256, 3]}, {'POOLMAX': [-1, 2]}), ({'CONV': [32, 3]}, {'CONV': [128, 5]}), ({'CONV': [64, 3]}, {'CONV': [256, 5]}, {'POOLMAX': [-1, 2]}), {'GLOBAL_AVG': None}, {'LAST_DENSE': [100, 'softmax']}]",HHSE,NSGA2,,,,,0.7055535605115774,,,,892275200,3667876,,,,,,"[0, 0, 7, 38, 60, 5, 6, 19]",0.7215958359793941,-0.0002230011199958,0.0,0.0,0.625,0.0,0.42,0,1,0,100,0,0.01,BEST,False,False,181,True,True,GREEDY,,,GREEDY_HV
BKQOGZ[M][M][M],15,16,61,42,0.61,True,True,"[0, 18, 15, 38, 60, 6, 5, 23]",[],"[0.23453150448258991, 18.516415741148265, 15.468433163797233, 38.8955663318635, 60.4101827417723, 6.677007175324799, 5.407661412897506, 23.082189997260663]","[{'INP': 32}, {'CONV': [64, 3]}, ({'CONV': [32, 3]}, {'CONV': [32, 3]}), ({'CONV': [64, 3]}, {'CONV': [64, 3]}, {'POOLMAX': [-1, 2]}), ({'CONV': [32, 5]}, {'CONV': [256, 5]}), ({'CONV': [128, 3]}, {'CONV': [256, 3]}, {'POOLMAX': [-1, 2]}), ({'CONV': [256, 5]}, {'CONV': [128, 3]}), ({'CONV': [32, 3]}, {'CONV': [256, 3]}, {'POOLMAX': [-1, 2]}), ({'CONV': [32, 3]}, {'CONV': [128, 5]}), ({'CONV': [64, 3]}, {'CONV': [256, 5]}, {'POOLMAX': [-1, 2]}), {'GLOBAL_AVG': None}, {'LAST_DENSE': [100, 'softmax']}]",HHSE,NSGA2,,,,,0.7055535605115774,,,,892275200,3667876,,,,,,"[0, 0, 7, 38, 60, 5, 6, 19]",0.7216899447953224,-0.0011945205444848,0.0,0.0,0.625,0.0,0.42,0,1,0,100,0,0.01,BEST,False,False,181,True,True,GREEDY,,,GREEDY_HV
BKQOGZ[M][M][M],15,16,62,42,0.62,True,True,"[0, 18, 15, 38, 60, 6, 5, 23]",[],"[0.23453150448258991, 18.516415741148265, 15.468433163797233, 38.8955663318635, 60.4101827417723, 6.677007175324799, 5.407661412897506, 23.082189997260663]","[{'INP': 32}, {'CONV': [64, 3]}, ({'CONV': [32, 3]}, {'CONV': [32, 3]}), ({'CONV': [64, 3]}, {'CONV': [64, 3]}, {'POOLMAX': [-1, 2]}), ({'CONV': [32, 5]}, {'CONV': [256, 5]}), ({'CONV': [128, 3]}, {'CONV': [256, 3]}, {'POOLMAX': [-1, 2]}), ({'CONV': [256, 5]}, {'CONV': [128, 3]}), ({'CONV': [32, 3]}, {'CONV': [256, 3]}, {'POOLMAX': [-1, 2]}), ({'CONV': [32, 3]}, {'CONV': [128, 5]}), ({'CONV': [64, 3]}, {'CONV': [256, 5]}, {'POOLMAX': [-1, 2]}), {'GLOBAL_AVG': None}, {'LAST_DENSE': [100, 'softmax']}]",HHSE,NSGA2,,,,,0.7055535605115774,,,,892275200,3667876,,,,,,"[0, 0, 7, 38, 60, 5, 6, 19]",0.7216884394452658,-0.0006094318294906,0.0,0.0,0.625,0.0,0.42,0,0,0,100,0,0.0,BEST,False,False,181,True,True,GREEDY,,,GREEDY_HV
BKQOGZ[M][M][M],15,16,63,42,0.63,True,True,"[0, 18, 15, 38, 60, 6, 5, 23]",[],"[0.23453150448258991, 18.516415741148265, 15.468433163797233, 38.8955663318635, 60.4101827417723, 6.677007175324799, 5.407661412897506, 23.082189997260663]","[{'INP': 32}, {'CONV': [64, 3]}, ({'CONV': [32, 3]}, {'CONV': [32, 3]}), ({'CONV': [64, 3]}, {'CONV': [64, 3]}, {'POOLMAX': [-1, 2]}), ({'CONV': [32, 5]}, {'CONV': [256, 5]}), ({'CONV': [128, 3]}, {'CONV': [256, 3]}, {'POOLMAX': [-1, 2]}), ({'CONV': [256, 5]}, {'CONV': [128, 3]}), ({'CONV': [32, 3]}, {'CONV': [256, 3]}, {'POOLMAX': [-1, 2]}), ({'CONV': [32, 3]}, {'CONV': [128, 5]}), ({'CONV': [64, 3]}, {'CONV': [256, 5]}, {'POOLMAX': [-1, 2]}), {'GLOBAL_AVG': None}, {'LAST_DENSE': [100, 'softmax']}]",HHSE,NSGA2,,,,,0.7055535605115774,,,,892275200,3667876,,,,,,"[0, 0, 7, 38, 60, 5, 6, 19]",0.721686599062985,-0.0010489129848375,0.0,0.0,0.625,0.0,0.42,0,0,0,100,0,0.0,BEST,False,False,181,True,True,GREEDY,,,GREEDY_HV
BKQOGZ[M][M][M],15,16,64,42,0.64,True,True,"[0, 18, 15, 38, 60, 6, 5, 23]",[],"[0.23453150448258991, 18.516415741148265, 15.468433163797233, 38.8955663318635, 60.4101827417723, 6.677007175324799, 5.407661412897506, 23.082189997260663]","[{'INP': 32}, {'CONV': [64, 3]}, ({'CONV': [32, 3]}, {'CONV': [32, 3]}), ({'CONV': [64, 3]}, {'CONV': [64, 3]}, {'POOLMAX': [-1, 2]}), ({'CONV': [32, 5]}, {'CONV': [256, 5]}), ({'CONV': [128, 3]}, {'CONV': [256, 3]}, {'POOLMAX': [-1, 2]}), ({'CONV': [256, 5]}, {'CONV': [128, 3]}), ({'CONV': [32, 3]}, {'CONV': [256, 3]}, {'POOLMAX': [-1, 2]}), ({'CONV': [32, 3]}, {'CONV': [128, 5]}), ({'CONV': [64, 3]}, {'CONV': [256, 5]}, {'POOLMAX': [-1, 2]}), {'GLOBAL_AVG': None}, {'LAST_DENSE': [100, 'softmax']}]",HHSE,NSGA2,,,,,0.7055535605115774,,,,892275200,3667876,,,,,,"[0, 0, 7, 38, 60, 5, 6, 19]",0.7217328968993075,-0.0008236059540699,0.0,0.0,0.625,0.0,0.42,0,0,0,100,0,0.0,BEST,False,False,181,True,True,GREEDY,,,GREEDY_HV
BKQOGZ[M][M][M],15,16,65,42,0.65,True,True,"[0, 18, 15, 38, 60, 6, 5, 23]",[],"[0.23453150448258991, 18.516415741148265, 15.468433163797233, 38.8955663318635, 60.4101827417723, 6.677007175324799, 5.407661412897506, 23.082189997260663]","[{'INP': 32}, {'CONV': [64, 3]}, ({'CONV': [32, 3]}, {'CONV': [32, 3]}), ({'CONV': [64, 3]}, {'CONV': [64, 3]}, {'POOLMAX': [-1, 2]}), ({'CONV': [32, 5]}, {'CONV': [256, 5]}), ({'CONV': [128, 3]}, {'CONV': [256, 3]}, {'POOLMAX': [-1, 2]}), ({'CONV': [256, 5]}, {'CONV': [128, 3]}), ({'CONV': [32, 3]}, {'CONV': [256, 3]}, {'POOLMAX': [-1, 2]}), ({'CONV': [32, 3]}, {'CONV': [128, 5]}), ({'CONV': [64, 3]}, {'CONV': [256, 5]}, {'POOLMAX': [-1, 2]}), {'GLOBAL_AVG': None}, {'LAST_DENSE': [100, 'softmax']}]",HHSE,NSGA2,,,,,0.7055535605115774,,,,892275200,3667876,,,,,,"[0, 0, 7, 38, 60, 5, 6, 19]",0.7217755292713857,-6.362802681625368e-06,0.0,0.0,0.625,0.0,0.42,0,0,0,100,0,0.0,BEST,False,False,181,True,True,GREEDY,,,GREEDY_HV
BKQOGZ[M][M][M],15,16,66,42,0.66,True,True,"[0, 18, 15, 38, 60, 6, 5, 23]",[],"[0.23453150448258991, 18.516415741148265, 15.468433163797233, 38.8955663318635, 60.4101827417723, 6.677007175324799, 5.407661412897506, 23.082189997260663]","[{'INP': 32}, {'CONV': [64, 3]}, ({'CONV': [32, 3]}, {'CONV': [32, 3]}), ({'CONV': [64, 3]}, {'CONV': [64, 3]}, {'POOLMAX': [-1, 2]}), ({'CONV': [32, 5]}, {'CONV': [256, 5]}), ({'CONV': [128, 3]}, {'CONV': [256, 3]}, {'POOLMAX': [-1, 2]}), ({'CONV': [256, 5]}, {'CONV': [128, 3]}), ({'CONV': [32, 3]}, {'CONV': [256, 3]}, {'POOLMAX': [-1, 2]}), ({'CONV': [32, 3]}, {'CONV': [128, 5]}), ({'CONV': [64, 3]}, {'CONV': [256, 5]}, {'POOLMAX': [-1, 2]}), {'GLOBAL_AVG': None}, {'LAST_DENSE': [100, 'softmax']}]",HHSE,NSGA2,,,,,0.7055535605115774,,,,892275200,3667876,,,,,,"[0, 0, 7, 38, 60, 5, 6, 19]",0.721862413247612,-0.0003246302635906,0.0,0.0,0.625,0.0,0.42,0,0,0,100,0,0.0,BEST,False,False,181,True,True,GREEDY,,,GREEDY_HV
BKQOGZ[M][M][M],15,16,67,42,0.67,True,True,"[0, 18, 15, 38, 60, 6, 5, 23]",[],"[0.23453150448258991, 18.516415741148265, 15.468433163797233, 38.8955663318635, 60.4101827417723, 6.677007175324799, 5.407661412897506, 23.082189997260663]","[{'INP': 32}, {'CONV': [64, 3]}, ({'CONV': [32, 3]}, {'CONV': [32, 3]}), ({'CONV': [64, 3]}, {'CONV': [64, 3]}, {'POOLMAX': [-1, 2]}), ({'CONV': [32, 5]}, {'CONV': [256, 5]}), ({'CONV': [128, 3]}, {'CONV': [256, 3]}, {'POOLMAX': [-1, 2]}), ({'CONV': [256, 5]}, {'CONV': [128, 3]}), ({'CONV': [32, 3]}, {'CONV': [256, 3]}, {'POOLMAX': [-1, 2]}), ({'CONV': [32, 3]}, {'CONV': [128, 5]}), ({'CONV': [64, 3]}, {'CONV': [256, 5]}, {'POOLMAX': [-1, 2]}), {'GLOBAL_AVG': None}, {'LAST_DENSE': [100, 'softmax']}]",HHSE,NSGA2,,,,,0.7055535605115774,,,,892275200,3667876,,,,,,"[0, 0, 7, 38, 60, 5, 6, 19]",0.7218907502009978,-0.000245204015428,0.0,0.0,0.625,0.0,0.42,0,0,0,100,0,0.0,BEST,False,False,181,True,True,GREEDY,,,GREEDY_HV
BKQOGZ[M][M][M],15,16,68,42,0.68,True,True,"[0, 18, 15, 38, 60, 6, 5, 23]",[],"[0.23453150448258991, 18.516415741148265, 15.468433163797233, 38.8955663318635, 60.4101827417723, 6.677007175324799, 5.407661412897506, 23.082189997260663]","[{'INP': 32}, {'CONV': [64, 3]}, ({'CONV': [32, 3]}, {'CONV': [32, 3]}), ({'CONV': [64, 3]}, {'CONV': [64, 3]}, {'POOLMAX': [-1, 2]}), ({'CONV': [32, 5]}, {'CONV': [256, 5]}), ({'CONV': [128, 3]}, {'CONV': [256, 3]}, {'POOLMAX': [-1, 2]}), ({'CONV': [256, 5]}, {'CONV': [128, 3]}), ({'CONV': [32, 3]}, {'CONV': [256, 3]}, {'POOLMAX': [-1, 2]}), ({'CONV': [32, 3]}, {'CONV': [128, 5]}), ({'CONV': [64, 3]}, {'CONV': [256, 5]}, {'POOLMAX': [-1, 2]}), {'GLOBAL_AVG': None}, {'LAST_DENSE': [100, 'softmax']}]",HHSE,NSGA2,,,,,0.7055535605115774,,,,892275200,3667876,,,,,,"[0, 0, 7, 38, 60, 5, 6, 19]",0.7220609024866548,0.0001126518434544,0.0,0.0,0.625,0.0,0.42,0,0,0,100,0,0.0,BEST,False,False,181,True,True,GREEDY,,,GREEDY_HV
BKQOGZ[M][M][M],15,16,69,42,0.69,True,True,"[0, 18, 15, 38, 60, 6, 5, 23]",[],"[0.23453150448258991, 18.516415741148265, 15.468433163797233, 38.8955663318635, 60.4101827417723, 6.677007175324799, 5.407661412897506, 23.082189997260663]","[{'INP': 32}, {'CONV': [64, 3]}, ({'CONV': [32, 3]}, {'CONV': [32, 3]}), ({'CONV': [64, 3]}, {'CONV': [64, 3]}, {'POOLMAX': [-1, 2]}), ({'CONV': [32, 5]}, {'CONV': [256, 5]}), ({'CONV': [128, 3]}, {'CONV': [256, 3]}, {'POOLMAX': [-1, 2]}), ({'CONV': [256, 5]}, {'CONV': [128, 3]}), ({'CONV': [32, 3]}, {'CONV': [256, 3]}, {'POOLMAX': [-1, 2]}), ({'CONV': [32, 3]}, {'CONV': [128, 5]}), ({'CONV': [64, 3]}, {'CONV': [256, 5]}, {'POOLMAX': [-1, 2]}), {'GLOBAL_AVG': None}, {'LAST_DENSE': [100, 'softmax']}]",HHSE,NSGA2,,,,,0.7055535605115774,,,,892275200,3667876,,,,,,"[0, 0, 7, 38, 60, 5, 6, 19]",0.7218908508247213,-6.148481935364103e-05,0.0,0.0,0.625,0.0,0.42,0,0,0,100,0,0.0,BEST,False,False,181,True,True,GREEDY,,,GREEDY_HV
BFFQFF[M][M],15,16,70,70,0.7,True,True,"[0, 5, 15, 3, 46, 6, 62, 23]",[],"[0.4885553684138361, 5.255770217738788, 15.510858568313383, 3.911142435714905, 46.33162193688283, 6.039328911084477, 62.22398639147356, 23.53114073763261]","[{'INP': 32}, {'CONV': [64, 3]}, ({'CONV': [32, 3]}, {'CONV': [32, 3]}), ({'CONV': [32, 3]}, {'CONV': [128, 5]}, {'POOLMAX': [-1, 2]}), ({'CONV': [32, 5]}, {'CONV': [256, 5]}), ({'CONV': [32, 3]}, {'CONV': [64, 5]}, {'POOLMAX': [-1, 2]}), ({'CONV': [128, 5]}, {'CONV': [256, 3]}), ({'CONV': [32, 3]}, {'CONV': [256, 3]}, {'POOLMAX': [-1, 2]}), ({'CONV': [256, 5]}, {'CONV': [256, 3]}), ({'CONV': [64, 3]}, {'CONV': [256, 5]}, {'POOLMAX': [-1, 2]}), {'GLOBAL_AVG': None}, {'LAST_DENSE': [100, 'softmax']}]",HHSE,NSGA2,,,,,0.7090510262715952,,,,684939264,4039972,,,,,,"[0, 0, 13, 4, 46, 6, 62, 29]",0.721938264011848,-0.0005707675534926,0.0,0.0,0.5,0.5,0.7,0,0,0,100,0,0.0,BEST,False,False,123,True,True,GREEDY,,,GREEDY_HV
BFFQFF[M][M],15,16,71,70,0.71,True,True,"[0, 5, 15, 3, 46, 6, 62, 23]",[],"[0.4885553684138361, 5.255770217738788, 15.510858568313383, 3.911142435714905, 46.33162193688283, 6.039328911084477, 62.22398639147356, 23.53114073763261]","[{'INP': 32}, {'CONV': [64, 3]}, ({'CONV': [32, 3]}, {'CONV': [32, 3]}), ({'CONV': [32, 3]}, {'CONV': [128, 5]}, {'POOLMAX': [-1, 2]}), ({'CONV': [32, 5]}, {'CONV': [256, 5]}), ({'CONV': [32, 3]}, {'CONV': [64, 5]}, {'POOLMAX': [-1, 2]}), ({'CONV': [128, 5]}, {'CONV': [256, 3]}), ({'CONV': [32, 3]}, {'CONV': [256, 3]}, {'POOLMAX': [-1, 2]}), ({'CONV': [256, 5]}, {'CONV': [256, 3]}), ({'CONV': [64, 3]}, {'CONV': [256, 5]}, {'POOLMAX': [-1, 2]}), {'GLOBAL_AVG': None}, {'LAST_DENSE': [100, 'softmax']}]",HHSE,NSGA2,,,,,0.7090510262715952,,,,684939264,4039972,,,,,,"[0, 0, 13, 4, 46, 6, 62, 29]",0.7248835855995239,-0.0003856713803807,0.0,0.0,0.5,0.0,0.7,0,0,0,100,0,0.0,BEST,False,False,123,True,True,GREEDY,,,GREEDY_HV
BFFQFF[M][M],15,16,72,70,0.72,True,True,"[0, 5, 15, 3, 46, 6, 62, 23]",[],"[0.4885553684138361, 5.255770217738788, 15.510858568313383, 3.911142435714905, 46.33162193688283, 6.039328911084477, 62.22398639147356, 23.53114073763261]","[{'INP': 32}, {'CONV': [64, 3]}, ({'CONV': [32, 3]}, {'CONV': [32, 3]}), ({'CONV': [32, 3]}, {'CONV': [128, 5]}, {'POOLMAX': [-1, 2]}), ({'CONV': [32, 5]}, {'CONV': [256, 5]}), ({'CONV': [32, 3]}, {'CONV': [64, 5]}, {'POOLMAX': [-1, 2]}), ({'CONV': [128, 5]}, {'CONV': [256, 3]}), ({'CONV': [32, 3]}, {'CONV': [256, 3]}, {'POOLMAX': [-1, 2]}), ({'CONV': [256, 5]}, {'CONV': [256, 3]}), ({'CONV': [64, 3]}, {'CONV': [256, 5]}, {'POOLMAX': [-1, 2]}), {'GLOBAL_AVG': None}, {'LAST_DENSE': [100, 'softmax']}]",HHSE,NSGA2,,,,,0.7090510262715952,,,,684939264,4039972,,,,,,"[0, 0, 13, 4, 46, 6, 62, 29]",0.7249871178558986,-0.001327763927565,0.0,0.0,0.5,0.0,0.7,0,1,0,100,0,0.01,BEST,False,False,123,True,True,GREEDY,,,GREEDY_HV
BFFQFF[M][M],15,16,73,70,0.73,True,True,"[0, 5, 15, 3, 46, 6, 62, 23]",[],"[0.4885553684138361, 5.255770217738788, 15.510858568313383, 3.911142435714905, 46.33162193688283, 6.039328911084477, 62.22398639147356, 23.53114073763261]","[{'INP': 32}, {'CONV': [64, 3]}, ({'CONV': [32, 3]}, {'CONV': [32, 3]}), ({'CONV': [32, 3]}, {'CONV': [128, 5]}, {'POOLMAX': [-1, 2]}), ({'CONV': [32, 5]}, {'CONV': [256, 5]}), ({'CONV': [32, 3]}, {'CONV': [64, 5]}, {'POOLMAX': [-1, 2]}), ({'CONV': [128, 5]}, {'CONV': [256, 3]}), ({'CONV': [32, 3]}, {'CONV': [256, 3]}, {'POOLMAX': [-1, 2]}), ({'CONV': [256, 5]}, {'CONV': [256, 3]}), ({'CONV': [64, 3]}, {'CONV': [256, 5]}, {'POOLMAX': [-1, 2]}), {'GLOBAL_AVG': None}, {'LAST_DENSE': [100, 'softmax']}]",HHSE,NSGA2,,,,,0.7090510262715952,,,,684939264,4039972,,,,,,"[0, 0, 13, 4, 46, 6, 62, 29]",0.7249290903717591,-0.0002709225814683,0.0,0.0,0.5,0.0,0.7,0,0,0,100,0,0.0,BEST,False,False,123,True,True,GREEDY,,,GREEDY_HV
BFFQFF[M][M],15,16,74,70,0.74,True,True,"[0, 5, 15, 3, 46, 6, 62, 23]",[],"[0.4885553684138361, 5.255770217738788, 15.510858568313383, 3.911142435714905, 46.33162193688283, 6.039328911084477, 62.22398639147356, 23.53114073763261]","[{'INP': 32}, {'CONV': [64, 3]}, ({'CONV': [32, 3]}, {'CONV': [32, 3]}), ({'CONV': [32, 3]}, {'CONV': [128, 5]}, {'POOLMAX': [-1, 2]}), ({'CONV': [32, 5]}, {'CONV': [256, 5]}), ({'CONV': [32, 3]}, {'CONV': [64, 5]}, {'POOLMAX': [-1, 2]}), ({'CONV': [128, 5]}, {'CONV': [256, 3]}), ({'CONV': [32, 3]}, {'CONV': [256, 3]}, {'POOLMAX': [-1, 2]}), ({'CONV': [256, 5]}, {'CONV': [256, 3]}), ({'CONV': [64, 3]}, {'CONV': [256, 5]}, {'POOLMAX': [-1, 2]}), {'GLOBAL_AVG': None}, {'LAST_DENSE': [100, 'softmax']}]",HHSE,NSGA2,,,,,0.7090510262715952,,,,684939264,4039972,,,,,,"[0, 0, 13, 4, 46, 6, 62, 29]",0.7268278168867619,0.0017800660204536,0.0,0.0,0.5,0.0,0.7,0,0,0,100,0,0.0,BEST,False,False,123,True,True,GREEDY,,,GREEDY_HV
BFFQFF[M][M],15,16,75,70,0.75,True,True,"[0, 5, 15, 3, 46, 6, 62, 23]",[],"[0.4885553684138361, 5.255770217738788, 15.510858568313383, 3.911142435714905, 46.33162193688283, 6.039328911084477, 62.22398639147356, 23.53114073763261]","[{'INP': 32}, {'CONV': [64, 3]}, ({'CONV': [32, 3]}, {'CONV': [32, 3]}), ({'CONV': [32, 3]}, {'CONV': [128, 5]}, {'POOLMAX': [-1, 2]}), ({'CONV': [32, 5]}, {'CONV': [256, 5]}), ({'CONV': [32, 3]}, {'CONV': [64, 5]}, {'POOLMAX': [-1, 2]}), ({'CONV': [128, 5]}, {'CONV': [256, 3]}), ({'CONV': [32, 3]}, {'CONV': [256, 3]}, {'POOLMAX': [-1, 2]}), ({'CONV': [256, 5]}, {'CONV': [256, 3]}), ({'CONV': [64, 3]}, {'CONV': [256, 5]}, {'POOLMAX': [-1, 2]}), {'GLOBAL_AVG': None}, {'LAST_DENSE': [100, 'softmax']}]",HHSE,NSGA2,,,,,0.7090510262715952,,,,684939264,4039972,,,,,,"[0, 0, 13, 4, 46, 6, 62, 29]",0.725068620161518,-0.0002411980755551,0.0,0.0,0.5,0.0,0.7,0,0,0,100,0,0.0,BEST,False,False,123,True,True,GREEDY,,,GREEDY_HV
BFFQFF[M][M],15,16,76,70,0.76,True,True,"[0, 5, 15, 3, 46, 6, 62, 23]",[],"[0.4885553684138361, 5.255770217738788, 15.510858568313383, 3.911142435714905, 46.33162193688283, 6.039328911084477, 62.22398639147356, 23.53114073763261]","[{'INP': 32}, {'CONV': [64, 3]}, ({'CONV': [32, 3]}, {'CONV': [32, 3]}), ({'CONV': [32, 3]}, {'CONV': [128, 5]}, {'POOLMAX': [-1, 2]}), ({'CONV': [32, 5]}, {'CONV': [256, 5]}), ({'CONV': [32, 3]}, {'CONV': [64, 5]}, {'POOLMAX': [-1, 2]}), ({'CONV': [128, 5]}, {'CONV': [256, 3]}), ({'CONV': [32, 3]}, {'CONV': [256, 3]}, {'POOLMAX': [-1, 2]}), ({'CONV': [256, 5]}, {'CONV': [256, 3]}), ({'CONV': [64, 3]}, {'CONV': [256, 5]}, {'POOLMAX': [-1, 2]}), {'GLOBAL_AVG': None}, {'LAST_DENSE': [100, 'softmax']}]",HHSE,NSGA2,,,,,0.7090510262715952,,,,684939264,4039972,,,,,,"[0, 0, 13, 4, 46, 6, 62, 29]",0.7251614426817605,-0.0007111567062095,0.0,0.0,0.5,0.0,0.7,0,0,0,100,0,0.0,BEST,False,False,123,True,True,GREEDY,,,GREEDY_HV
BFFQFF[M][M],15,16,77,70,0.77,True,True,"[0, 5, 15, 3, 46, 6, 62, 23]",[],"[0.4885553684138361, 5.255770217738788, 15.510858568313383, 3.911142435714905, 46.33162193688283, 6.039328911084477, 62.22398639147356, 23.53114073763261]","[{'INP': 32}, {'CONV': [64, 3]}, ({'CONV': [32, 3]}, {'CONV': [32, 3]}), ({'CONV': [32, 3]}, {'CONV': [128, 5]}, {'POOLMAX': [-1, 2]}), ({'CONV': [32, 5]}, {'CONV': [256, 5]}), ({'CONV': [32, 3]}, {'CONV': [64, 5]}, {'POOLMAX': [-1, 2]}), ({'CONV': [128, 5]}, {'CONV': [256, 3]}), ({'CONV': [32, 3]}, {'CONV': [256, 3]}, {'POOLMAX': [-1, 2]}), ({'CONV': [256, 5]}, {'CONV': [256, 3]}), ({'CONV': [64, 3]}, {'CONV': [256, 5]}, {'POOLMAX': [-1, 2]}), {'GLOBAL_AVG': None}, {'LAST_DENSE': [100, 'softmax']}]",HHSE,NSGA2,,,,,0.7090510262715952,,,,684939264,4039972,,,,,,"[0, 0, 13, 4, 46, 6, 62, 29]",0.7253753087886992,7.03211175994145e-05,0.0,0.0,0.5,0.0,0.7,0,0,0,100,0,0.0,BEST,False,False,123,True,True,GREEDY,,,GREEDY_HV
BFFQFF[M][M],15,16,78,70,0.78,True,True,"[0, 5, 15, 3, 46, 6, 62, 23]",[],"[0.4885553684138361, 5.255770217738788, 15.510858568313383, 3.911142435714905, 46.33162193688283, 6.039328911084477, 62.22398639147356, 23.53114073763261]","[{'INP': 32}, {'CONV': [64, 3]}, ({'CONV': [32, 3]}, {'CONV': [32, 3]}), ({'CONV': [32, 3]}, {'CONV': [128, 5]}, {'POOLMAX': [-1, 2]}), ({'CONV': [32, 5]}, {'CONV': [256, 5]}), ({'CONV': [32, 3]}, {'CONV': [64, 5]}, {'POOLMAX': [-1, 2]}), ({'CONV': [128, 5]}, {'CONV': [256, 3]}), ({'CONV': [32, 3]}, {'CONV': [256, 3]}, {'POOLMAX': [-1, 2]}), ({'CONV': [256, 5]}, {'CONV': [256, 3]}), ({'CONV': [64, 3]}, {'CONV': [256, 5]}, {'POOLMAX': [-1, 2]}), {'GLOBAL_AVG': None}, {'LAST_DENSE': [100, 'softmax']}]",HHSE,NSGA2,,,,,0.7090510262715952,,,,684939264,4039972,,,,,,"[0, 0, 13, 4, 46, 6, 62, 29]",0.725453288068769,-0.000202800887592,0.0,0.0,0.5,0.0,0.7,0,0,0,100,0,0.0,BEST,False,False,123,True,True,GREEDY,,,GREEDY_HV
BFFQFF[M][M],15,16,79,70,0.79,True,True,"[0, 5, 15, 3, 46, 6, 62, 23]",[],"[0.4885553684138361, 5.255770217738788, 15.510858568313383, 3.911142435714905, 46.33162193688283, 6.039328911084477, 62.22398639147356, 23.53114073763261]","[{'INP': 32}, {'CONV': [64, 3]}, ({'CONV': [32, 3]}, {'CONV': [32, 3]}), ({'CONV': [32, 3]}, {'CONV': [128, 5]}, {'POOLMAX': [-1, 2]}), ({'CONV': [32, 5]}, {'CONV': [256, 5]}), ({'CONV': [32, 3]}, {'CONV': [64, 5]}, {'POOLMAX': [-1, 2]}), ({'CONV': [128, 5]}, {'CONV': [256, 3]}), ({'CONV': [32, 3]}, {'CONV': [256, 3]}, {'POOLMAX': [-1, 2]}), ({'CONV': [256, 5]}, {'CONV': [256, 3]}), ({'CONV': [64, 3]}, {'CONV': [256, 5]}, {'POOLMAX': [-1, 2]}), {'GLOBAL_AVG': None}, {'LAST_DENSE': [100, 'softmax']}]",HHSE,NSGA2,,,,,0.7090510262715952,,,,684939264,4039972,,,,,,"[0, 0, 13, 4, 46, 6, 62, 29]",0.7261676068108239,0.0001611678279417,0.0,0.0,0.5,0.0,0.7,0,0,0,100,0,0.0,BEST,False,False,123,True,True,GREEDY,,,GREEDY_HV
BFFQFF[M][M],15,16,80,70,0.8,True,True,"[0, 5, 15, 3, 46, 6, 62, 23]",[],"[0.4885553684138361, 5.255770217738788, 15.510858568313383, 3.911142435714905, 46.33162193688283, 6.039328911084477, 62.22398639147356, 23.53114073763261]","[{'INP': 32}, {'CONV': [64, 3]}, ({'CONV': [32, 3]}, {'CONV': [32, 3]}), ({'CONV': [32, 3]}, {'CONV': [128, 5]}, {'POOLMAX': [-1, 2]}), ({'CONV': [32, 5]}, {'CONV': [256, 5]}), ({'CONV': [32, 3]}, {'CONV': [64, 5]}, {'POOLMAX': [-1, 2]}), ({'CONV': [128, 5]}, {'CONV': [256, 3]}), ({'CONV': [32, 3]}, {'CONV': [256, 3]}, {'POOLMAX': [-1, 2]}), ({'CONV': [256, 5]}, {'CONV': [256, 3]}), ({'CONV': [64, 3]}, {'CONV': [256, 5]}, {'POOLMAX': [-1, 2]}), {'GLOBAL_AVG': None}, {'LAST_DENSE': [100, 'softmax']}]",HHSE,NSGA2,,,,,0.7090510262715952,,,,684939264,4039972,,,,,,"[0, 0, 13, 4, 46, 6, 62, 29]",0.7263325714704638,-0.000278670967609,0.0,0.0,0.5,0.0,0.7,0,1,0,100,0,0.01,BEST,False,False,123,True,True,GREEDY,,,GREEDY_HV
BFFQFF[M][M],15,16,81,70,0.81,True,True,"[0, 5, 15, 3, 46, 6, 62, 23]",[],"[0.4885553684138361, 5.255770217738788, 15.510858568313383, 3.911142435714905, 46.33162193688283, 6.039328911084477, 62.22398639147356, 23.53114073763261]","[{'INP': 32}, {'CONV': [64, 3]}, ({'CONV': [32, 3]}, {'CONV': [32, 3]}), ({'CONV': [32, 3]}, {'CONV': [128, 5]}, {'POOLMAX': [-1, 2]}), ({'CONV': [32, 5]}, {'CONV': [256, 5]}), ({'CONV': [32, 3]}, {'CONV': [64, 5]}, {'POOLMAX': [-1, 2]}), ({'CONV': [128, 5]}, {'CONV': [256, 3]}), ({'CONV': [32, 3]}, {'CONV': [256, 3]}, {'POOLMAX': [-1, 2]}), ({'CONV': [256, 5]}, {'CONV': [256, 3]}), ({'CONV': [64, 3]}, {'CONV': [256, 5]}, {'POOLMAX': [-1, 2]}), {'GLOBAL_AVG': None}, {'LAST_DENSE': [100, 'softmax']}]",HHSE,NSGA2,,,,,0.7090510262715952,,,,684939264,4039972,,,,,,"[0, 0, 13, 4, 46, 6, 62, 29]",0.7272898930601732,0.0004645093555072,0.0,0.0,0.5,0.0,0.7,0,0,0,100,0,0.0,BEST,False,False,123,True,True,GREEDY,,,GREEDY_HV
BFFQFF[M][M],15,16,82,70,0.82,True,True,"[0, 5, 15, 3, 46, 6, 62, 23]",[],"[0.4885553684138361, 5.255770217738788, 15.510858568313383, 3.911142435714905, 46.33162193688283, 6.039328911084477, 62.22398639147356, 23.53114073763261]","[{'INP': 32}, {'CONV': [64, 3]}, ({'CONV': [32, 3]}, {'CONV': [32, 3]}), ({'CONV': [32, 3]}, {'CONV': [128, 5]}, {'POOLMAX': [-1, 2]}), ({'CONV': [32, 5]}, {'CONV': [256, 5]}), ({'CONV': [32, 3]}, {'CONV': [64, 5]}, {'POOLMAX': [-1, 2]}), ({'CONV': [128, 5]}, {'CONV': [256, 3]}), ({'CONV': [32, 3]}, {'CONV': [256, 3]}, {'POOLMAX': [-1, 2]}), ({'CONV': [256, 5]}, {'CONV': [256, 3]}), ({'CONV': [64, 3]}, {'CONV': [256, 5]}, {'POOLMAX': [-1, 2]}), {'GLOBAL_AVG': None}, {'LAST_DENSE': [100, 'softmax']}]",HHSE,NSGA2,,,,,0.7090510262715952,,,,684939264,4039972,,,,,,"[0, 0, 13, 4, 46, 6, 62, 29]",0.7264466195900248,-5.798090813236012e-05,0.0,0.0,0.5,0.0,0.7,0,1,0,100,0,0.01,BEST,False,False,123,True,True,GREEDY,,,GREEDY_HV
BFFQFF[M][M],15,16,83,70,0.83,True,True,"[0, 5, 15, 3, 46, 6, 62, 23]",[],"[0.4885553684138361, 5.255770217738788, 15.510858568313383, 3.911142435714905, 46.33162193688283, 6.039328911084477, 62.22398639147356, 23.53114073763261]","[{'INP': 32}, {'CONV': [64, 3]}, ({'CONV': [32, 3]}, {'CONV': [32, 3]}), ({'CONV': [32, 3]}, {'CONV': [128, 5]}, {'POOLMAX': [-1, 2]}), ({'CONV': [32, 5]}, {'CONV': [256, 5]}), ({'CONV': [32, 3]}, {'CONV': [64, 5]}, {'POOLMAX': [-1, 2]}), ({'CONV': [128, 5]}, {'CONV': [256, 3]}), ({'CONV': [32, 3]}, {'CONV': [256, 3]}, {'POOLMAX': [-1, 2]}), ({'CONV': [256, 5]}, {'CONV': [256, 3]}), ({'CONV': [64, 3]}, {'CONV': [256, 5]}, {'POOLMAX': [-1, 2]}), {'GLOBAL_AVG': None}, {'LAST_DENSE': [100, 'softmax']}]",HHSE,NSGA2,,,,,0.7090510262715952,,,,684939264,4039972,,,,,,"[0, 0, 13, 4, 46, 6, 62, 29]",0.7264610198574364,-0.0012760144459564,0.0,0.0,0.5,0.0,0.7,0,0,0,100,0,0.0,BEST,False,False,123,True,True,GREEDY,,,GREEDY_HV
BFFQFF[M][M],15,16,84,70,0.84,True,True,"[0, 5, 15, 3, 46, 6, 62, 23]",[],"[0.4885553684138361, 5.255770217738788, 15.510858568313383, 3.911142435714905, 46.33162193688283, 6.039328911084477, 62.22398639147356, 23.53114073763261]","[{'INP': 32}, {'CONV': [64, 3]}, ({'CONV': [32, 3]}, {'CONV': [32, 3]}), ({'CONV': [32, 3]}, {'CONV': [128, 5]}, {'POOLMAX': [-1, 2]}), ({'CONV': [32, 5]}, {'CONV': [256, 5]}), ({'CONV': [32, 3]}, {'CONV': [64, 5]}, {'POOLMAX': [-1, 2]}), ({'CONV': [128, 5]}, {'CONV': [256, 3]}), ({'CONV': [32, 3]}, {'CONV': [256, 3]}, {'POOLMAX': [-1, 2]}), ({'CONV': [256, 5]}, {'CONV': [256, 3]}), ({'CONV': [64, 3]}, {'CONV': [256, 5]}, {'POOLMAX': [-1, 2]}), {'GLOBAL_AVG': None}, {'LAST_DENSE': [100, 'softmax']}]",HHSE,NSGA2,,,,,0.7090510262715952,,,,684939264,4039972,,,,,,"[0, 0, 13, 4, 46, 6, 62, 29]",0.7266911442255427,-0.0004894016074795,0.0,0.0,0.5,0.0,0.7,0,2,0,100,0,0.02,BEST,False,False,123,True,True,GREEDY,,,GREEDY_HV
BFFQFF[M][M],15,16,85,70,0.85,True,True,"[0, 5, 15, 3, 46, 6, 62, 23]",[],"[0.4885553684138361, 5.255770217738788, 15.510858568313383, 3.911142435714905, 46.33162193688283, 6.039328911084477, 62.22398639147356, 23.53114073763261]","[{'INP': 32}, {'CONV': [64, 3]}, ({'CONV': [32, 3]}, {'CONV': [32, 3]}), ({'CONV': [32, 3]}, {'CONV': [128, 5]}, {'POOLMAX': [-1, 2]}), ({'CONV': [32, 5]}, {'CONV': [256, 5]}), ({'CONV': [32, 3]}, {'CONV': [64, 5]}, {'POOLMAX': [-1, 2]}), ({'CONV': [128, 5]}, {'CONV': [256, 3]}), ({'CONV': [32, 3]}, {'CONV': [256, 3]}, {'POOLMAX': [-1, 2]}), ({'CONV': [256, 5]}, {'CONV': [256, 3]}), ({'CONV': [64, 3]}, {'CONV': [256, 5]}, {'POOLMAX': [-1, 2]}), {'GLOBAL_AVG': None}, {'LAST_DENSE': [100, 'softmax']}]",HHSE,NSGA2,,,,,0.7090510262715952,,,,684939264,4039972,,,,,,"[0, 0, 13, 4, 46, 6, 62, 29]",0.7266266833662892,2.141810474198813e-06,0.0,0.0,0.5,0.0,0.7,0,0,0,100,0,0.0,BEST,False,False,123,True,True,GREEDY,,,GREEDY_HV
BFFQFF[M][M],15,16,86,70,0.86,True,True,"[0, 5, 15, 3, 46, 6, 62, 23]",[],"[0.4885553684138361, 5.255770217738788, 15.510858568313383, 3.911142435714905, 46.33162193688283, 6.039328911084477, 62.22398639147356, 23.53114073763261]","[{'INP': 32}, {'CONV': [64, 3]}, ({'CONV': [32, 3]}, {'CONV': [32, 3]}), ({'CONV': [32, 3]}, {'CONV': [128, 5]}, {'POOLMAX': [-1, 2]}), ({'CONV': [32, 5]}, {'CONV': [256, 5]}), ({'CONV': [32, 3]}, {'CONV': [64, 5]}, {'POOLMAX': [-1, 2]}), ({'CONV': [128, 5]}, {'CONV': [256, 3]}), ({'CONV': [32, 3]}, {'CONV': [256, 3]}, {'POOLMAX': [-1, 2]}), ({'CONV': [256, 5]}, {'CONV': [256, 3]}), ({'CONV': [64, 3]}, {'CONV': [256, 5]}, {'POOLMAX': [-1, 2]}), {'GLOBAL_AVG': None}, {'LAST_DENSE': [100, 'softmax']}]",HHSE,NSGA2,,,,,0.7090510262715952,,,,684939264,4039972,,,,,,"[0, 0, 13, 4, 46, 6, 62, 29]",0.7267221651947321,-5.712179670336326e-05,0.0,0.0,0.5,0.0,0.7,0,3,0,100,0,0.03,BEST,False,False,123,True,True,GREEDY,,,GREEDY_HV
BFFQFF[M][M],15,16,87,70,0.87,True,True,"[0, 5, 15, 3, 46, 6, 62, 23]",[],"[0.4885553684138361, 5.255770217738788, 15.510858568313383, 3.911142435714905, 46.33162193688283, 6.039328911084477, 62.22398639147356, 23.53114073763261]","[{'INP': 32}, {'CONV': [64, 3]}, ({'CONV': [32, 3]}, {'CONV': [32, 3]}), ({'CONV': [32, 3]}, {'CONV': [128, 5]}, {'POOLMAX': [-1, 2]}), ({'CONV': [32, 5]}, {'CONV': [256, 5]}), ({'CONV': [32, 3]}, {'CONV': [64, 5]}, {'POOLMAX': [-1, 2]}), ({'CONV': [128, 5]}, {'CONV': [256, 3]}), ({'CONV': [32, 3]}, {'CONV': [256, 3]}, {'POOLMAX': [-1, 2]}), ({'CONV': [256, 5]}, {'CONV': [256, 3]}), ({'CONV': [64, 3]}, {'CONV': [256, 5]}, {'POOLMAX': [-1, 2]}), {'GLOBAL_AVG': None}, {'LAST_DENSE': [100, 'softmax']}]",HHSE,NSGA2,,,,,0.7090510262715952,,,,684939264,4039972,,,,,,"[0, 0, 13, 4, 46, 6, 62, 29]",0.7267176666373978,-8.334087492123388e-06,0.0,0.0,0.5,0.0,0.7,0,0,0,100,0,0.0,BEST,False,False,123,True,True,GREEDY,,,GREEDY_HV
BFFQFF[M][M],15,16,88,70,0.88,True,True,"[0, 5, 15, 3, 46, 6, 62, 23]",[],"[0.4885553684138361, 5.255770217738788, 15.510858568313383, 3.911142435714905, 46.33162193688283, 6.039328911084477, 62.22398639147356, 23.53114073763261]","[{'INP': 32}, {'CONV': [64, 3]}, ({'CONV': [32, 3]}, {'CONV': [32, 3]}), ({'CONV': [32, 3]}, {'CONV': [128, 5]}, {'POOLMAX': [-1, 2]}), ({'CONV': [32, 5]}, {'CONV': [256, 5]}), ({'CONV': [32, 3]}, {'CONV': [64, 5]}, {'POOLMAX': [-1, 2]}), ({'CONV': [128, 5]}, {'CONV': [256, 3]}), ({'CONV': [32, 3]}, {'CONV': [256, 3]}, {'POOLMAX': [-1, 2]}), ({'CONV': [256, 5]}, {'CONV': [256, 3]}), ({'CONV': [64, 3]}, {'CONV': [256, 5]}, {'POOLMAX': [-1, 2]}), {'GLOBAL_AVG': None}, {'LAST_DENSE': [100, 'softmax']}]",HHSE,NSGA2,,,,,0.7090510262715952,,,,684939264,4039972,,,,,,"[0, 0, 13, 4, 46, 6, 62, 29]",0.7271062239367401,0.0002320325875472,0.0,0.0,0.5,0.0,0.7,0,0,0,100,0,0.0,BEST,False,False,123,True,True,GREEDY,,,GREEDY_HV
BFFQFF[M][M],15,16,89,70,0.89,True,True,"[0, 5, 15, 3, 46, 6, 62, 23]",[],"[0.4885553684138361, 5.255770217738788, 15.510858568313383, 3.911142435714905, 46.33162193688283, 6.039328911084477, 62.22398639147356, 23.53114073763261]","[{'INP': 32}, {'CONV': [64, 3]}, ({'CONV': [32, 3]}, {'CONV': [32, 3]}), ({'CONV': [32, 3]}, {'CONV': [128, 5]}, {'POOLMAX': [-1, 2]}), ({'CONV': [32, 5]}, {'CONV': [256, 5]}), ({'CONV': [32, 3]}, {'CONV': [64, 5]}, {'POOLMAX': [-1, 2]}), ({'CONV': [128, 5]}, {'CONV': [256, 3]}), ({'CONV': [32, 3]}, {'CONV': [256, 3]}, {'POOLMAX': [-1, 2]}), ({'CONV': [256, 5]}, {'CONV': [256, 3]}), ({'CONV': [64, 3]}, {'CONV': [256, 5]}, {'POOLMAX': [-1, 2]}), {'GLOBAL_AVG': None}, {'LAST_DENSE': [100, 'softmax']}]",HHSE,NSGA2,,,,,0.7090510262715952,,,,684939264,4039972,,,,,,"[0, 0, 13, 4, 46, 6, 62, 29]",0.7268619406892632,-5.756895698960651e-05,0.0,0.0,0.5,0.0,0.7,0,0,0,100,0,0.0,BEST,False,False,123,True,True,GREEDY,,,GREEDY_HV
BFFQFF[M][M],15,16,90,70,0.9,True,True,"[0, 5, 15, 3, 46, 6, 62, 23]",[],"[0.4885553684138361, 5.255770217738788, 15.510858568313383, 3.911142435714905, 46.33162193688283, 6.039328911084477, 62.22398639147356, 23.53114073763261]","[{'INP': 32}, {'CONV': [64, 3]}, ({'CONV': [32, 3]}, {'CONV': [32, 3]}), ({'CONV': [32, 3]}, {'CONV': [128, 5]}, {'POOLMAX': [-1, 2]}), ({'CONV': [32, 5]}, {'CONV': [256, 5]}), ({'CONV': [32, 3]}, {'CONV': [64, 5]}, {'POOLMAX': [-1, 2]}), ({'CONV': [128, 5]}, {'CONV': [256, 3]}), ({'CONV': [32, 3]}, {'CONV': [256, 3]}, {'POOLMAX': [-1, 2]}), ({'CONV': [256, 5]}, {'CONV': [256, 3]}), ({'CONV': [64, 3]}, {'CONV': [256, 5]}, {'POOLMAX': [-1, 2]}), {'GLOBAL_AVG': None}, {'LAST_DENSE': [100, 'softmax']}]",HHSE,NSGA2,,,,,0.7090510262715952,,,,684939264,4039972,,,,,,"[0, 0, 13, 4, 46, 6, 62, 29]",0.7273129320452311,-0.0012025542335593,0.0,0.0,0.5,0.0,0.7,0,1,0,100,0,0.01,BEST,False,False,123,True,True,GREEDY,,,GREEDY_HV
BFFQFF[M][M],15,16,91,70,0.91,True,True,"[0, 5, 15, 3, 46, 6, 62, 23]",[],"[0.4885553684138361, 5.255770217738788, 15.510858568313383, 3.911142435714905, 46.33162193688283, 6.039328911084477, 62.22398639147356, 23.53114073763261]","[{'INP': 32}, {'CONV': [64, 3]}, ({'CONV': [32, 3]}, {'CONV': [32, 3]}), ({'CONV': [32, 3]}, {'CONV': [128, 5]}, {'POOLMAX': [-1, 2]}), ({'CONV': [32, 5]}, {'CONV': [256, 5]}), ({'CONV': [32, 3]}, {'CONV': [64, 5]}, {'POOLMAX': [-1, 2]}), ({'CONV': [128, 5]}, {'CONV': [256, 3]}), ({'CONV': [32, 3]}, {'CONV': [256, 3]}, {'POOLMAX': [-1, 2]}), ({'CONV': [256, 5]}, {'CONV': [256, 3]}), ({'CONV': [64, 3]}, {'CONV': [256, 5]}, {'POOLMAX': [-1, 2]}), {'GLOBAL_AVG': None}, {'LAST_DENSE': [100, 'softmax']}]",HHSE,NSGA2,,,,,0.7090510262715952,,,,684939264,4039972,,,,,,"[0, 0, 13, 4, 46, 6, 62, 29]",0.7274694319888864,-0.0002305094798336,0.0,0.0,0.5,0.0,0.7,0,0,0,100,0,0.0,BEST,False,False,123,True,True,GREEDY,,,GREEDY_HV
BZKTOC[M],15,16,92,92,0.92,True,True,"[0, 18, 15, 38, 46, 6, 62, 23]",[],"[0.9221336782237659, 18.374404546884662, 15.820113273361589, 38.38693669072874, 46.890814995576406, 6.27275153221977, 62.053553660592186, 23.313770793546716]","[{'INP': 32}, {'CONV': [64, 3]}, ({'CONV': [32, 3]}, {'CONV': [32, 3]}), ({'CONV': [64, 3]}, {'CONV': [64, 3]}, {'POOLMAX': [-1, 2]}), ({'CONV': [32, 5]}, {'CONV': [256, 5]}), ({'CONV': [128, 3]}, {'CONV': [256, 3]}, {'POOLMAX': [-1, 2]}), ({'CONV': [128, 5]}, {'CONV': [256, 3]}), ({'CONV': [32, 3]}, {'CONV': [256, 3]}, {'POOLMAX': [-1, 2]}), ({'CONV': [256, 5]}, {'CONV': [256, 3]}), ({'CONV': [64, 3]}, {'CONV': [256, 5]}, {'POOLMAX': [-1, 2]}), {'GLOBAL_AVG': None}, {'LAST_DENSE': [100, 'softmax']}]",HHSE,NSGA2,,,,,0.7105834007526044,,,,860190720,5012772,,,,,,"[0, 18, 15, 38, 46, 6, 62, 23]",0.727543994372818,-1.1571549523248237e-05,0.25,0.25,0.0,0.25,0.92,0,1,0,100,0,0.01,BEST,False,False,98,True,True,GREEDY,,,GREEDY_HV
BQRHPX[M],15,16,93,93,0.93,True,True,"[14, 11, 15, 38, 46, 7, 62, 23]",[],"[14.337660774953239, 11.244457785407503, 15.930343414054747, 38.28041508716177, 46.62042663597507, 7.129470970103201, 62.981045465139914, 23.6906530197995]","[{'INP': 32}, {'CONV': [64, 3]}, ({'CONV': [32, 5]}, {'CONV': [256, 3]}), ({'CONV': [32, 5]}, {'CONV': [64, 5]}, {'POOLMAX': [-1, 2]}), ({'CONV': [32, 5]}, {'CONV': [256, 5]}), ({'CONV': [128, 3]}, {'CONV': [256, 3]}, {'POOLMAX': [-1, 2]}), ({'CONV': [128, 5]}, {'CONV': [256, 3]}), ({'CONV': [32, 3]}, {'CONV': [256, 5]}, {'POOLMAX': [-1, 2]}), ({'CONV': [256, 5]}, {'CONV': [256, 3]}), ({'CONV': [64, 3]}, {'CONV': [256, 5]}, {'POOLMAX': [-1, 2]}), {'GLOBAL_AVG': None}, {'LAST_DENSE': [100, 'softmax']}]",HHSE,NSGA2,,,,,0.7122529349588939,,,,1488222208,5442596,,,,,,"[14, 11, 15, 38, 46, 6, 62, 23]",0.7288946980818649,-2.0087749921682278e-05,0.5,0.25,0.125,0.375,0.93,0,0,0,100,0,0.0,BEST,False,False,67,True,True,GREEDY,,,GREEDY_HV
BQRHPX[M],15,16,94,93,0.94,True,True,"[14, 11, 15, 38, 46, 7, 62, 23]",[],"[14.337660774953239, 11.244457785407503, 15.930343414054747, 38.28041508716177, 46.62042663597507, 7.129470970103201, 62.981045465139914, 23.6906530197995]","[{'INP': 32}, {'CONV': [64, 3]}, ({'CONV': [32, 5]}, {'CONV': [256, 3]}), ({'CONV': [32, 5]}, {'CONV': [64, 5]}, {'POOLMAX': [-1, 2]}), ({'CONV': [32, 5]}, {'CONV': [256, 5]}), ({'CONV': [128, 3]}, {'CONV': [256, 3]}, {'POOLMAX': [-1, 2]}), ({'CONV': [128, 5]}, {'CONV': [256, 3]}), ({'CONV': [32, 3]}, {'CONV': [256, 5]}, {'POOLMAX': [-1, 2]}), ({'CONV': [256, 5]}, {'CONV': [256, 3]}), ({'CONV': [64, 3]}, {'CONV': [256, 5]}, {'POOLMAX': [-1, 2]}), {'GLOBAL_AVG': None}, {'LAST_DENSE': [100, 'softmax']}]",HHSE,NSGA2,,,,,0.7122529349588939,,,,1488222208,5442596,,,,,,"[14, 11, 15, 38, 46, 6, 62, 23]",0.730167701606213,-0.0005343515478976,0.5,0.25,0.125,0.0,0.93,0,0,0,100,0,0.0,BEST,False,False,67,True,True,GREEDY,,,GREEDY_HV
BSJEXV[M],15,16,95,95,0.95,True,True,"[2, 11, 15, 38, 46, 6, 62, 23]",[],"[2.8877097462824293, 11.266037543421136, 15.626619530565495, 38.691685264709214, 46.95675056149618, 6.329728491963945, 62.22815828625138, 23.411451071854277]","[{'INP': 32}, {'CONV': [64, 3]}, ({'CONV': [32, 3]}, {'CONV': [64, 3]}), ({'CONV': [32, 5]}, {'CONV': [64, 5]}, {'POOLMAX': [-1, 2]}), ({'CONV': [32, 5]}, {'CONV': [256, 5]}), ({'CONV': [128, 3]}, {'CONV': [256, 3]}, {'POOLMAX': [-1, 2]}), ({'CONV': [128, 5]}, {'CONV': [256, 3]}), ({'CONV': [32, 3]}, {'CONV': [256, 3]}, {'POOLMAX': [-1, 2]}), ({'CONV': [256, 5]}, {'CONV': [256, 3]}), ({'CONV': [64, 3]}, {'CONV': [256, 5]}, {'POOLMAX': [-1, 2]}), {'GLOBAL_AVG': None}, {'LAST_DENSE': [100, 'softmax']}]",HHSE,NSGA2,,,,,0.7144946056887315,,,,975534080,5069092,,,,,,"[2, 11, 15, 38, 46, 6, 62, 23]",0.7304483472610162,6.128996288456978e-05,0.375,0.25,0.0,0.25,0.95,0,1,0,100,0,0.01,BEST,False,False,33,True,True,GREEDY,,,GREEDY_HV
BSJEXV[M],15,16,96,95,0.96,True,True,"[2, 11, 15, 38, 46, 6, 62, 23]",[],"[2.8877097462824293, 11.266037543421136, 15.626619530565495, 38.691685264709214, 46.95675056149618, 6.329728491963945, 62.22815828625138, 23.411451071854277]","[{'INP': 32}, {'CONV': [64, 3]}, ({'CONV': [32, 3]}, {'CONV': [64, 3]}), ({'CONV': [32, 5]}, {'CONV': [64, 5]}, {'POOLMAX': [-1, 2]}), ({'CONV': [32, 5]}, {'CONV': [256, 5]}), ({'CONV': [128, 3]}, {'CONV': [256, 3]}, {'POOLMAX': [-1, 2]}), ({'CONV': [128, 5]}, {'CONV': [256, 3]}), ({'CONV': [32, 3]}, {'CONV': [256, 3]}, {'POOLMAX': [-1, 2]}), ({'CONV': [256, 5]}, {'CONV': [256, 3]}), ({'CONV': [64, 3]}, {'CONV': [256, 5]}, {'POOLMAX': [-1, 2]}), {'GLOBAL_AVG': None}, {'LAST_DENSE': [100, 'softmax']}]",HHSE,NSGA2,,,,,0.7144946056887315,,,,975534080,5069092,,,,,,"[2, 11, 15, 38, 46, 6, 62, 23]",0.7323871965602518,-0.0001432531040997,0.375,0.25,0.0,0.0,0.95,0,0,0,100,0,0.0,BEST,False,False,33,True,True,GREEDY,,,GREEDY_HV
BSJEXV[M],15,16,97,95,0.97,True,True,"[2, 11, 15, 38, 46, 6, 62, 23]",[],"[2.8877097462824293, 11.266037543421136, 15.626619530565495, 38.691685264709214, 46.95675056149618, 6.329728491963945, 62.22815828625138, 23.411451071854277]","[{'INP': 32}, {'CONV': [64, 3]}, ({'CONV': [32, 3]}, {'CONV': [64, 3]}), ({'CONV': [32, 5]}, {'CONV': [64, 5]}, {'POOLMAX': [-1, 2]}), ({'CONV': [32, 5]}, {'CONV': [256, 5]}), ({'CONV': [128, 3]}, {'CONV': [256, 3]}, {'POOLMAX': [-1, 2]}), ({'CONV': [128, 5]}, {'CONV': [256, 3]}), ({'CONV': [32, 3]}, {'CONV': [256, 3]}, {'POOLMAX': [-1, 2]}), ({'CONV': [256, 5]}, {'CONV': [256, 3]}), ({'CONV': [64, 3]}, {'CONV': [256, 5]}, {'POOLMAX': [-1, 2]}), {'GLOBAL_AVG': None}, {'LAST_DENSE': [100, 'softmax']}]",HHSE,NSGA2,,,,,0.7144946056887315,,,,975534080,5069092,,,,,,"[2, 11, 15, 38, 46, 6, 62, 23]",0.7326687010247264,-1.4235375280335916e-05,0.375,0.25,0.0,0.0,0.95,0,0,0,100,0,0.0,BEST,False,False,33,True,True,GREEDY,,,GREEDY_HV
BSJEXV[M],15,16,98,95,0.98,True,True,"[2, 11, 15, 38, 46, 6, 62, 23]",[],"[2.8877097462824293, 11.266037543421136, 15.626619530565495, 38.691685264709214, 46.95675056149618, 6.329728491963945, 62.22815828625138, 23.411451071854277]","[{'INP': 32}, {'CONV': [64, 3]}, ({'CONV': [32, 3]}, {'CONV': [64, 3]}), ({'CONV': [32, 5]}, {'CONV': [64, 5]}, {'POOLMAX': [-1, 2]}), ({'CONV': [32, 5]}, {'CONV': [256, 5]}), ({'CONV': [128, 3]}, {'CONV': [256, 3]}, {'POOLMAX': [-1, 2]}), ({'CONV': [128, 5]}, {'CONV': [256, 3]}), ({'CONV': [32, 3]}, {'CONV': [256, 3]}, {'POOLMAX': [-1, 2]}), ({'CONV': [256, 5]}, {'CONV': [256, 3]}), ({'CONV': [64, 3]}, {'CONV': [256, 5]}, {'POOLMAX': [-1, 2]}), {'GLOBAL_AVG': None}, {'LAST_DENSE': [100, 'softmax']}]",HHSE,NSGA2,,,,,0.7144946056887315,,,,975534080,5069092,,,,,,"[2, 11, 15, 38, 46, 6, 62, 23]",0.7327970918758382,-4.892454134042268e-06,0.375,0.25,0.0,0.0,0.95,0,0,0,100,0,0.0,BEST,False,False,33,True,True,GREEDY,,,GREEDY_HV
BSJEXV[M],15,16,99,95,0.99,True,True,"[2, 11, 15, 38, 46, 6, 62, 23]",[],"[2.8877097462824293, 11.266037543421136, 15.626619530565495, 38.691685264709214, 46.95675056149618, 6.329728491963945, 62.22815828625138, 23.411451071854277]","[{'INP': 32}, {'CONV': [64, 3]}, ({'CONV': [32, 3]}, {'CONV': [64, 3]}), ({'CONV': [32, 5]}, {'CONV': [64, 5]}, {'POOLMAX': [-1, 2]}), ({'CONV': [32, 5]}, {'CONV': [256, 5]}), ({'CONV': [128, 3]}, {'CONV': [256, 3]}, {'POOLMAX': [-1, 2]}), ({'CONV': [128, 5]}, {'CONV': [256, 3]}), ({'CONV': [32, 3]}, {'CONV': [256, 3]}, {'POOLMAX': [-1, 2]}), ({'CONV': [256, 5]}, {'CONV': [256, 3]}), ({'CONV': [64, 3]}, {'CONV': [256, 5]}, {'POOLMAX': [-1, 2]}), {'GLOBAL_AVG': None}, {'LAST_DENSE': [100, 'softmax']}]",HHSE,NSGA2,,,,,0.7144946056887315,,,,975534080,5069092,,,,,,"[2, 11, 15, 38, 46, 6, 62, 23]",0.7328293221773283,-3.043334062047265e-05,0.375,0.25,0.0,0.0,0.95,0,0,0,100,0,0.0,BEST,False,False,33,True,True,GREEDY,,,GREEDY_HV
BSJEXV[M],15,16,100,95,1.0,True,True,"[2, 11, 15, 38, 46, 6, 62, 23]",[],"[2.8877097462824293, 11.266037543421136, 15.626619530565495, 38.691685264709214, 46.95675056149618, 6.329728491963945, 62.22815828625138, 23.411451071854277]","[{'INP': 32}, {'CONV': [64, 3]}, ({'CONV': [32, 3]}, {'CONV': [64, 3]}), ({'CONV': [32, 5]}, {'CONV': [64, 5]}, {'POOLMAX': [-1, 2]}), ({'CONV': [32, 5]}, {'CONV': [256, 5]}), ({'CONV': [128, 3]}, {'CONV': [256, 3]}, {'POOLMAX': [-1, 2]}), ({'CONV': [128, 5]}, {'CONV': [256, 3]}), ({'CONV': [32, 3]}, {'CONV': [256, 3]}, {'POOLMAX': [-1, 2]}), ({'CONV': [256, 5]}, {'CONV': [256, 3]}), ({'CONV': [64, 3]}, {'CONV': [256, 5]}, {'POOLMAX': [-1, 2]}), {'GLOBAL_AVG': None}, {'LAST_DENSE': [100, 'softmax']}]",HHSE,NSGA2,,,,,0.7144946056887315,,,,975534080,5069092,,,,,,"[2, 11, 15, 38, 46, 6, 62, 23]",0.7328658255407744,-3.2334211148454806e-05,0.375,0.25,0.0,0.0,0.95,0,0,0,100,0,0.0,BEST,False,False,33,True,True,GREEDY,,,GREEDY_HV
BVSYXG[M],16,17,1,1,0.01,True,True,"[58, 46, 26, 62, 57, 6, 30, 62]",[],"[58.5689730706401, 46.939682291605955, 26.311438520694836, 62.0812485275074, 57.46064846308509, 6.600579960769366, 30.111024991578017, 62.868498762272345]","[{'INP': 32}, {'CONV': [64, 3]}, ({'CONV': [256, 5]}, {'CONV': [64, 3]}), ({'CONV': [128, 5]}, {'CONV': [256, 3]}, {'POOLMAX': [-1, 2]}), ({'CONV': [64, 5]}, {'CONV': [64, 3]}), ({'CONV': [256, 5]}, {'CONV': [256, 3]}, {'POOLMAX': [-1, 2]}), ({'CONV': [256, 5]}, {'CONV': [32, 5]}), ({'CONV': [32, 3]}, {'CONV': [256, 3]}, {'POOLMAX': [-1, 2]}), ({'CONV': [64, 5]}, {'CONV': [256, 3]}), ({'CONV': [256, 5]}, {'CONV': [256, 3]}, {'POOLMAX': [-1, 2]}), {'GLOBAL_AVG': None}, {'LAST_DENSE': [100, 'softmax']}]",HHSE,NSGA2,,,,,0.6947106980599793,,,,3250216960,7252772,,,,,,"[41, 21, 56, 61, 56, 22, 1, 62]",0.6812146672370327,0.0,0.0,0.0,0.875,0.0,0.01,0,11,0,100,0,0.11,BEST,False,False,298,True,True,GREEDY,,,GREEDY_HV
BVSYXG[M],16,17,2,1,0.02,True,True,"[58, 46, 26, 62, 57, 6, 30, 62]",[],"[58.5689730706401, 46.939682291605955, 26.311438520694836, 62.0812485275074, 57.46064846308509, 6.600579960769366, 30.111024991578017, 62.868498762272345]","[{'INP': 32}, {'CONV': [64, 3]}, ({'CONV': [256, 5]}, {'CONV': [64, 3]}), ({'CONV': [128, 5]}, {'CONV': [256, 3]}, {'POOLMAX': [-1, 2]}), ({'CONV': [64, 5]}, {'CONV': [64, 3]}), ({'CONV': [256, 5]}, {'CONV': [256, 3]}, {'POOLMAX': [-1, 2]}), ({'CONV': [256, 5]}, {'CONV': [32, 5]}), ({'CONV': [32, 3]}, {'CONV': [256, 3]}, {'POOLMAX': [-1, 2]}), ({'CONV': [64, 5]}, {'CONV': [256, 3]}), ({'CONV': [256, 5]}, {'CONV': [256, 3]}, {'POOLMAX': [-1, 2]}), {'GLOBAL_AVG': None}, {'LAST_DENSE': [100, 'softmax']}]",HHSE,NSGA2,,,,,0.6947106980599793,,,,3250216960,7252772,,,,,,"[41, 21, 56, 61, 56, 22, 1, 62]",0.6931485282902841,0.0062802490243114,0.0,0.0,0.875,0.0,0.01,0,1,0,100,0,0.01,BEST,False,False,298,True,True,GREEDY,,,GREEDY_HV
BIEFHO[M],16,17,3,3,0.03,True,True,"[25, 52, 20, 31, 59, 21, 47, 55]",[],"[25.65258524144344, 52.789912735569025, 20.174653823996014, 31.429481097162267, 59.49266860151156, 21.482103393977454, 47.43673148331846, 55.794475700551004]","[{'INP': 32}, {'CONV': [64, 3]}, ({'CONV': [64, 5]}, {'CONV': [32, 5]}), ({'CONV': [256, 3]}, {'CONV': [128, 3]}, {'POOLMAX': [-1, 2]}), ({'CONV': [64, 3]}, {'CONV': [128, 3]}), ({'CONV': [64, 5]}, {'CONV': [256, 5]}, {'POOLMAX': [-1, 2]}), ({'CONV': [256, 5]}, {'CONV': [64, 5]}), ({'CONV': [64, 3]}, {'CONV': [128, 5]}, {'POOLMAX': [-1, 2]}), ({'CONV': [128, 5]}, {'CONV': [256, 5]}), ({'CONV': [256, 3]}, {'CONV': [256, 5]}, {'POOLMAX': [-1, 2]}), {'GLOBAL_AVG': None}, {'LAST_DENSE': [100, 'softmax']}]",HHSE,NSGA2,,,,,0.6951371025931466,,,,1871422464,7068068,,,,,,"[20, 52, 0, 20, 44, 49, 27, 54]",0.6878524504057567,-0.006001241748644,0.75,0.25,0.875,1.0,0.03,0,0,0,100,0,0.0,BEST,False,False,296,True,True,GREEDY,,,GREEDY_HV
BIEFHO[M],16,17,4,3,0.04,True,True,"[25, 52, 20, 31, 59, 21, 47, 55]",[],"[25.65258524144344, 52.789912735569025, 20.174653823996014, 31.429481097162267, 59.49266860151156, 21.482103393977454, 47.43673148331846, 55.794475700551004]","[{'INP': 32}, {'CONV': [64, 3]}, ({'CONV': [64, 5]}, {'CONV': [32, 5]}), ({'CONV': [256, 3]}, {'CONV': [128, 3]}, {'POOLMAX': [-1, 2]}), ({'CONV': [64, 3]}, {'CONV': [128, 3]}), ({'CONV': [64, 5]}, {'CONV': [256, 5]}, {'POOLMAX': [-1, 2]}), ({'CONV': [256, 5]}, {'CONV': [64, 5]}), ({'CONV': [64, 3]}, {'CONV': [128, 5]}, {'POOLMAX': [-1, 2]}), ({'CONV': [128, 5]}, {'CONV': [256, 5]}), ({'CONV': [256, 3]}, {'CONV': [256, 5]}, {'POOLMAX': [-1, 2]}), {'GLOBAL_AVG': None}, {'LAST_DENSE': [100, 'softmax']}]",HHSE,NSGA2,,,,,0.6951371025931466,,,,1871422464,7068068,,,,,,"[20, 52, 0, 20, 44, 49, 27, 54]",0.6935583167094245,-0.0051094145293016,0.75,0.25,0.875,0.0,0.03,0,0,0,100,0,0.0,BEST,False,False,296,True,True,GREEDY,,,GREEDY_HV
BIEFHO[M],16,17,5,3,0.05,True,True,"[25, 52, 20, 31, 59, 21, 47, 55]",[],"[25.65258524144344, 52.789912735569025, 20.174653823996014, 31.429481097162267, 59.49266860151156, 21.482103393977454, 47.43673148331846, 55.794475700551004]","[{'INP': 32}, {'CONV': [64, 3]}, ({'CONV': [64, 5]}, {'CONV': [32, 5]}), ({'CONV': [256, 3]}, {'CONV': [128, 3]}, {'POOLMAX': [-1, 2]}), ({'CONV': [64, 3]}, {'CONV': [128, 3]}), ({'CONV': [64, 5]}, {'CONV': [256, 5]}, {'POOLMAX': [-1, 2]}), ({'CONV': [256, 5]}, {'CONV': [64, 5]}), ({'CONV': [64, 3]}, {'CONV': [128, 5]}, {'POOLMAX': [-1, 2]}), ({'CONV': [128, 5]}, {'CONV': [256, 5]}), ({'CONV': [256, 3]}, {'CONV': [256, 5]}, {'POOLMAX': [-1, 2]}), {'GLOBAL_AVG': None}, {'LAST_DENSE': [100, 'softmax']}]",HHSE,NSGA2,,,,,0.6951371025931466,,,,1871422464,7068068,,,,,,"[20, 52, 0, 20, 44, 49, 27, 54]",0.6961632885702798,0.0002672352592687,0.75,0.25,0.875,0.0,0.03,0,0,0,100,0,0.0,BEST,False,False,296,True,True,GREEDY,,,GREEDY_HV
BIEFHO[M],16,17,6,3,0.06,True,True,"[25, 52, 20, 31, 59, 21, 47, 55]",[],"[25.65258524144344, 52.789912735569025, 20.174653823996014, 31.429481097162267, 59.49266860151156, 21.482103393977454, 47.43673148331846, 55.794475700551004]","[{'INP': 32}, {'CONV': [64, 3]}, ({'CONV': [64, 5]}, {'CONV': [32, 5]}), ({'CONV': [256, 3]}, {'CONV': [128, 3]}, {'POOLMAX': [-1, 2]}), ({'CONV': [64, 3]}, {'CONV': [128, 3]}), ({'CONV': [64, 5]}, {'CONV': [256, 5]}, {'POOLMAX': [-1, 2]}), ({'CONV': [256, 5]}, {'CONV': [64, 5]}), ({'CONV': [64, 3]}, {'CONV': [128, 5]}, {'POOLMAX': [-1, 2]}), ({'CONV': [128, 5]}, {'CONV': [256, 5]}), ({'CONV': [256, 3]}, {'CONV': [256, 5]}, {'POOLMAX': [-1, 2]}), {'GLOBAL_AVG': None}, {'LAST_DENSE': [100, 'softmax']}]",HHSE,NSGA2,,,,,0.6951371025931466,,,,1871422464,7068068,,,,,,"[20, 52, 0, 20, 44, 49, 27, 54]",0.7035770219657613,-0.0049877874559861,0.75,0.25,0.875,0.0,0.03,0,0,0,100,0,0.0,BEST,False,False,296,True,True,GREEDY,,,GREEDY_HV
BIEFHO[M],16,17,7,3,0.07,True,True,"[25, 52, 20, 31, 59, 21, 47, 55]",[],"[25.65258524144344, 52.789912735569025, 20.174653823996014, 31.429481097162267, 59.49266860151156, 21.482103393977454, 47.43673148331846, 55.794475700551004]","[{'INP': 32}, {'CONV': [64, 3]}, ({'CONV': [64, 5]}, {'CONV': [32, 5]}), ({'CONV': [256, 3]}, {'CONV': [128, 3]}, {'POOLMAX': [-1, 2]}), ({'CONV': [64, 3]}, {'CONV': [128, 3]}), ({'CONV': [64, 5]}, {'CONV': [256, 5]}, {'POOLMAX': [-1, 2]}), ({'CONV': [256, 5]}, {'CONV': [64, 5]}), ({'CONV': [64, 3]}, {'CONV': [128, 5]}, {'POOLMAX': [-1, 2]}), ({'CONV': [128, 5]}, {'CONV': [256, 5]}), ({'CONV': [256, 3]}, {'CONV': [256, 5]}, {'POOLMAX': [-1, 2]}), {'GLOBAL_AVG': None}, {'LAST_DENSE': [100, 'softmax']}]",HHSE,NSGA2,,,,,0.6951371025931466,,,,1871422464,7068068,,,,,,"[20, 52, 0, 20, 44, 49, 27, 54]",0.7035474993341156,-0.0009264378321756,0.75,0.25,0.875,0.0,0.03,0,0,0,100,0,0.0,BEST,False,False,296,True,True,GREEDY,,,GREEDY_HV
BIEFHO[M],16,17,8,3,0.08,True,True,"[25, 52, 20, 31, 59, 21, 47, 55]",[],"[25.65258524144344, 52.789912735569025, 20.174653823996014, 31.429481097162267, 59.49266860151156, 21.482103393977454, 47.43673148331846, 55.794475700551004]","[{'INP': 32}, {'CONV': [64, 3]}, ({'CONV': [64, 5]}, {'CONV': [32, 5]}), ({'CONV': [256, 3]}, {'CONV': [128, 3]}, {'POOLMAX': [-1, 2]}), ({'CONV': [64, 3]}, {'CONV': [128, 3]}), ({'CONV': [64, 5]}, {'CONV': [256, 5]}, {'POOLMAX': [-1, 2]}), ({'CONV': [256, 5]}, {'CONV': [64, 5]}), ({'CONV': [64, 3]}, {'CONV': [128, 5]}, {'POOLMAX': [-1, 2]}), ({'CONV': [128, 5]}, {'CONV': [256, 5]}), ({'CONV': [256, 3]}, {'CONV': [256, 5]}, {'POOLMAX': [-1, 2]}), {'GLOBAL_AVG': None}, {'LAST_DENSE': [100, 'softmax']}]",HHSE,NSGA2,,,,,0.6951371025931466,,,,1871422464,7068068,,,,,,"[20, 52, 0, 20, 44, 49, 27, 54]",0.7037733434818179,-0.0012232447779989,0.75,0.25,0.875,0.0,0.03,0,0,0,100,0,0.0,BEST,False,False,296,True,True,GREEDY,,,GREEDY_HV
BIEFHO[M],16,17,9,3,0.09,True,True,"[25, 52, 20, 31, 59, 21, 47, 55]",[],"[25.65258524144344, 52.789912735569025, 20.174653823996014, 31.429481097162267, 59.49266860151156, 21.482103393977454, 47.43673148331846, 55.794475700551004]","[{'INP': 32}, {'CONV': [64, 3]}, ({'CONV': [64, 5]}, {'CONV': [32, 5]}), ({'CONV': [256, 3]}, {'CONV': [128, 3]}, {'POOLMAX': [-1, 2]}), ({'CONV': [64, 3]}, {'CONV': [128, 3]}), ({'CONV': [64, 5]}, {'CONV': [256, 5]}, {'POOLMAX': [-1, 2]}), ({'CONV': [256, 5]}, {'CONV': [64, 5]}), ({'CONV': [64, 3]}, {'CONV': [128, 5]}, {'POOLMAX': [-1, 2]}), ({'CONV': [128, 5]}, {'CONV': [256, 5]}), ({'CONV': [256, 3]}, {'CONV': [256, 5]}, {'POOLMAX': [-1, 2]}), {'GLOBAL_AVG': None}, {'LAST_DENSE': [100, 'softmax']}]",HHSE,NSGA2,,,,,0.6951371025931466,,,,1871422464,7068068,,,,,,"[20, 52, 0, 20, 44, 49, 27, 54]",0.7049470235675437,-0.0033499802097056,0.75,0.25,0.875,0.0,0.03,0,1,0,100,0,0.01,BEST,False,False,296,True,True,GREEDY,,,GREEDY_HV
BIEFHO[M],16,17,10,3,0.1,True,True,"[25, 52, 20, 31, 59, 21, 47, 55]",[],"[25.65258524144344, 52.789912735569025, 20.174653823996014, 31.429481097162267, 59.49266860151156, 21.482103393977454, 47.43673148331846, 55.794475700551004]","[{'INP': 32}, {'CONV': [64, 3]}, ({'CONV': [64, 5]}, {'CONV': [32, 5]}), ({'CONV': [256, 3]}, {'CONV': [128, 3]}, {'POOLMAX': [-1, 2]}), ({'CONV': [64, 3]}, {'CONV': [128, 3]}), ({'CONV': [64, 5]}, {'CONV': [256, 5]}, {'POOLMAX': [-1, 2]}), ({'CONV': [256, 5]}, {'CONV': [64, 5]}), ({'CONV': [64, 3]}, {'CONV': [128, 5]}, {'POOLMAX': [-1, 2]}), ({'CONV': [128, 5]}, {'CONV': [256, 5]}), ({'CONV': [256, 3]}, {'CONV': [256, 5]}, {'POOLMAX': [-1, 2]}), {'GLOBAL_AVG': None}, {'LAST_DENSE': [100, 'softmax']}]",HHSE,NSGA2,,,,,0.6951371025931466,,,,1871422464,7068068,,,,,,"[20, 52, 0, 20, 44, 49, 27, 54]",0.7046281439778891,-0.0052573180315769,0.75,0.25,0.875,0.0,0.03,0,0,0,100,0,0.0,BEST,False,False,296,True,True,GREEDY,,,GREEDY_HV
BIEFHO[M],16,17,11,3,0.11,True,True,"[25, 52, 20, 31, 59, 21, 47, 55]",[],"[25.65258524144344, 52.789912735569025, 20.174653823996014, 31.429481097162267, 59.49266860151156, 21.482103393977454, 47.43673148331846, 55.794475700551004]","[{'INP': 32}, {'CONV': [64, 3]}, ({'CONV': [64, 5]}, {'CONV': [32, 5]}), ({'CONV': [256, 3]}, {'CONV': [128, 3]}, {'POOLMAX': [-1, 2]}), ({'CONV': [64, 3]}, {'CONV': [128, 3]}), ({'CONV': [64, 5]}, {'CONV': [256, 5]}, {'POOLMAX': [-1, 2]}), ({'CONV': [256, 5]}, {'CONV': [64, 5]}), ({'CONV': [64, 3]}, {'CONV': [128, 5]}, {'POOLMAX': [-1, 2]}), ({'CONV': [128, 5]}, {'CONV': [256, 5]}), ({'CONV': [256, 3]}, {'CONV': [256, 5]}, {'POOLMAX': [-1, 2]}), {'GLOBAL_AVG': None}, {'LAST_DENSE': [100, 'softmax']}]",HHSE,NSGA2,,,,,0.6951371025931466,,,,1871422464,7068068,,,,,,"[20, 52, 0, 20, 44, 49, 27, 54]",0.7060355758559174,-6.925849655026184e-05,0.75,0.25,0.875,0.0,0.03,0,1,0,100,0,0.01,BEST,False,False,296,True,True,GREEDY,,,GREEDY_HV
BWZBCJ[M],16,17,12,12,0.12,True,True,"[5, 57, 33, 38, 61, 30, 29, 6]",[],"[5.100029504719544, 57.453070758991025, 33.6364930131877, 38.80472037393116, 61.62203791596829, 30.141527764536484, 29.920506960029243, 6.124589425594416]","[{'INP': 32}, {'CONV': [64, 3]}, ({'CONV': [32, 3]}, {'CONV': [128, 5]}), ({'CONV': [256, 5]}, {'CONV': [32, 5]}, {'POOLMAX': [-1, 2]}), ({'CONV': [128, 3]}, {'CONV': [32, 5]}), ({'CONV': [128, 3]}, {'CONV': [256, 3]}, {'POOLMAX': [-1, 2]}), ({'CONV': [256, 5]}, {'CONV': [128, 5]}), ({'CONV': [64, 5]}, {'CONV': [256, 3]}, {'POOLMAX': [-1, 2]}), ({'CONV': [64, 5]}, {'CONV': [128, 5]}), ({'CONV': [32, 3]}, {'CONV': [256, 3]}, {'POOLMAX': [-1, 2]}), {'GLOBAL_AVG': None}, {'LAST_DENSE': [100, 'softmax']}]",HHSE,NSGA2,,,,,0.6976472209053768,,,,2976297472,5187108,,,,,,"[58, 14, 16, 62, 60, 31, 30, 7]",0.708400262534299,0.0001451179031964,0.625,0.375,1.0,1.0,0.12,0,0,0,100,0,0.0,BEST,False,False,274,True,True,GREEDY,,,GREEDY_HV
BWZBCJ[M],16,17,13,12,0.13,True,True,"[5, 57, 33, 38, 61, 30, 29, 6]",[],"[5.100029504719544, 57.453070758991025, 33.6364930131877, 38.80472037393116, 61.62203791596829, 30.141527764536484, 29.920506960029243, 6.124589425594416]","[{'INP': 32}, {'CONV': [64, 3]}, ({'CONV': [32, 3]}, {'CONV': [128, 5]}), ({'CONV': [256, 5]}, {'CONV': [32, 5]}, {'POOLMAX': [-1, 2]}), ({'CONV': [128, 3]}, {'CONV': [32, 5]}), ({'CONV': [128, 3]}, {'CONV': [256, 3]}, {'POOLMAX': [-1, 2]}), ({'CONV': [256, 5]}, {'CONV': [128, 5]}), ({'CONV': [64, 5]}, {'CONV': [256, 3]}, {'POOLMAX': [-1, 2]}), ({'CONV': [64, 5]}, {'CONV': [128, 5]}), ({'CONV': [32, 3]}, {'CONV': [256, 3]}, {'POOLMAX': [-1, 2]}), {'GLOBAL_AVG': None}, {'LAST_DENSE': [100, 'softmax']}]",HHSE,NSGA2,,,,,0.6976472209053768,,,,2976297472,5187108,,,,,,"[58, 14, 16, 62, 60, 31, 30, 7]",0.7105122875363725,-0.0014140848278128,0.625,0.375,1.0,0.0,0.12,0,0,0,100,0,0.0,BEST,False,False,274,True,True,GREEDY,,,GREEDY_HV
BWZBCJ[M],16,17,14,12,0.14,True,True,"[5, 57, 33, 38, 61, 30, 29, 6]",[],"[5.100029504719544, 57.453070758991025, 33.6364930131877, 38.80472037393116, 61.62203791596829, 30.141527764536484, 29.920506960029243, 6.124589425594416]","[{'INP': 32}, {'CONV': [64, 3]}, ({'CONV': [32, 3]}, {'CONV': [128, 5]}), ({'CONV': [256, 5]}, {'CONV': [32, 5]}, {'POOLMAX': [-1, 2]}), ({'CONV': [128, 3]}, {'CONV': [32, 5]}), ({'CONV': [128, 3]}, {'CONV': [256, 3]}, {'POOLMAX': [-1, 2]}), ({'CONV': [256, 5]}, {'CONV': [128, 5]}), ({'CONV': [64, 5]}, {'CONV': [256, 3]}, {'POOLMAX': [-1, 2]}), ({'CONV': [64, 5]}, {'CONV': [128, 5]}), ({'CONV': [32, 3]}, {'CONV': [256, 3]}, {'POOLMAX': [-1, 2]}), {'GLOBAL_AVG': None}, {'LAST_DENSE': [100, 'softmax']}]",HHSE,NSGA2,,,,,0.6976472209053768,,,,2976297472,5187108,,,,,,"[58, 14, 16, 62, 60, 31, 30, 7]",0.7105886976646194,-0.0007296442630965,0.625,0.375,1.0,0.0,0.12,0,0,0,100,0,0.0,BEST,False,False,274,True,True,GREEDY,,,GREEDY_HV
BWZBCJ[M],16,17,15,12,0.15,True,True,"[5, 57, 33, 38, 61, 30, 29, 6]",[],"[5.100029504719544, 57.453070758991025, 33.6364930131877, 38.80472037393116, 61.62203791596829, 30.141527764536484, 29.920506960029243, 6.124589425594416]","[{'INP': 32}, {'CONV': [64, 3]}, ({'CONV': [32, 3]}, {'CONV': [128, 5]}), ({'CONV': [256, 5]}, {'CONV': [32, 5]}, {'POOLMAX': [-1, 2]}), ({'CONV': [128, 3]}, {'CONV': [32, 5]}), ({'CONV': [128, 3]}, {'CONV': [256, 3]}, {'POOLMAX': [-1, 2]}), ({'CONV': [256, 5]}, {'CONV': [128, 5]}), ({'CONV': [64, 5]}, {'CONV': [256, 3]}, {'POOLMAX': [-1, 2]}), ({'CONV': [64, 5]}, {'CONV': [128, 5]}), ({'CONV': [32, 3]}, {'CONV': [256, 3]}, {'POOLMAX': [-1, 2]}), {'GLOBAL_AVG': None}, {'LAST_DENSE': [100, 'softmax']}]",HHSE,NSGA2,,,,,0.6976472209053768,,,,2976297472,5187108,,,,,,"[58, 14, 16, 62, 60, 31, 30, 7]",0.711177939685018,-0.0019146422838198,0.625,0.375,1.0,0.0,0.12,0,0,0,100,0,0.0,BEST,False,False,274,True,True,GREEDY,,,GREEDY_HV
BWZBCJ[M],16,17,16,12,0.16,True,True,"[5, 57, 33, 38, 61, 30, 29, 6]",[],"[5.100029504719544, 57.453070758991025, 33.6364930131877, 38.80472037393116, 61.62203791596829, 30.141527764536484, 29.920506960029243, 6.124589425594416]","[{'INP': 32}, {'CONV': [64, 3]}, ({'CONV': [32, 3]}, {'CONV': [128, 5]}), ({'CONV': [256, 5]}, {'CONV': [32, 5]}, {'POOLMAX': [-1, 2]}), ({'CONV': [128, 3]}, {'CONV': [32, 5]}), ({'CONV': [128, 3]}, {'CONV': [256, 3]}, {'POOLMAX': [-1, 2]}), ({'CONV': [256, 5]}, {'CONV': [128, 5]}), ({'CONV': [64, 5]}, {'CONV': [256, 3]}, {'POOLMAX': [-1, 2]}), ({'CONV': [64, 5]}, {'CONV': [128, 5]}), ({'CONV': [32, 3]}, {'CONV': [256, 3]}, {'POOLMAX': [-1, 2]}), {'GLOBAL_AVG': None}, {'LAST_DENSE': [100, 'softmax']}]",HHSE,NSGA2,,,,,0.6976472209053768,,,,2976297472,5187108,,,,,,"[58, 14, 16, 62, 60, 31, 30, 7]",0.7118149883566834,4.542248053795994e-05,0.625,0.375,1.0,0.0,0.12,0,0,0,100,0,0.0,BEST,False,False,274,True,True,GREEDY,,,GREEDY_HV
BWZBCJ[M],16,17,17,12,0.17,True,True,"[5, 57, 33, 38, 61, 30, 29, 6]",[],"[5.100029504719544, 57.453070758991025, 33.6364930131877, 38.80472037393116, 61.62203791596829, 30.141527764536484, 29.920506960029243, 6.124589425594416]","[{'INP': 32}, {'CONV': [64, 3]}, ({'CONV': [32, 3]}, {'CONV': [128, 5]}), ({'CONV': [256, 5]}, {'CONV': [32, 5]}, {'POOLMAX': [-1, 2]}), ({'CONV': [128, 3]}, {'CONV': [32, 5]}), ({'CONV': [128, 3]}, {'CONV': [256, 3]}, {'POOLMAX': [-1, 2]}), ({'CONV': [256, 5]}, {'CONV': [128, 5]}), ({'CONV': [64, 5]}, {'CONV': [256, 3]}, {'POOLMAX': [-1, 2]}), ({'CONV': [64, 5]}, {'CONV': [128, 5]}), ({'CONV': [32, 3]}, {'CONV': [256, 3]}, {'POOLMAX': [-1, 2]}), {'GLOBAL_AVG': None}, {'LAST_DENSE': [100, 'softmax']}]",HHSE,NSGA2,,,,,0.6976472209053768,,,,2976297472,5187108,,,,,,"[58, 14, 16, 62, 60, 31, 30, 7]",0.7133409020160163,0.0011921471658314,0.625,0.375,1.0,0.0,0.12,0,0,0,100,0,0.0,BEST,False,False,274,True,True,GREEDY,,,GREEDY_HV
BWZBCJ[M],16,17,18,12,0.18,True,True,"[5, 57, 33, 38, 61, 30, 29, 6]",[],"[5.100029504719544, 57.453070758991025, 33.6364930131877, 38.80472037393116, 61.62203791596829, 30.141527764536484, 29.920506960029243, 6.124589425594416]","[{'INP': 32}, {'CONV': [64, 3]}, ({'CONV': [32, 3]}, {'CONV': [128, 5]}), ({'CONV': [256, 5]}, {'CONV': [32, 5]}, {'POOLMAX': [-1, 2]}), ({'CONV': [128, 3]}, {'CONV': [32, 5]}), ({'CONV': [128, 3]}, {'CONV': [256, 3]}, {'POOLMAX': [-1, 2]}), ({'CONV': [256, 5]}, {'CONV': [128, 5]}), ({'CONV': [64, 5]}, {'CONV': [256, 3]}, {'POOLMAX': [-1, 2]}), ({'CONV': [64, 5]}, {'CONV': [128, 5]}), ({'CONV': [32, 3]}, {'CONV': [256, 3]}, {'POOLMAX': [-1, 2]}), {'GLOBAL_AVG': None}, {'LAST_DENSE': [100, 'softmax']}]",HHSE,NSGA2,,,,,0.6976472209053768,,,,2976297472,5187108,,,,,,"[58, 14, 16, 62, 60, 31, 30, 7]",0.7116656455686744,-0.000961354278216,0.625,0.375,1.0,0.0,0.12,0,0,0,100,0,0.0,BEST,False,False,274,True,True,GREEDY,,,GREEDY_HV
BWZBCJ[M],16,17,19,12,0.19,True,True,"[5, 57, 33, 38, 61, 30, 29, 6]",[],"[5.100029504719544, 57.453070758991025, 33.6364930131877, 38.80472037393116, 61.62203791596829, 30.141527764536484, 29.920506960029243, 6.124589425594416]","[{'INP': 32}, {'CONV': [64, 3]}, ({'CONV': [32, 3]}, {'CONV': [128, 5]}), ({'CONV': [256, 5]}, {'CONV': [32, 5]}, {'POOLMAX': [-1, 2]}), ({'CONV': [128, 3]}, {'CONV': [32, 5]}), ({'CONV': [128, 3]}, {'CONV': [256, 3]}, {'POOLMAX': [-1, 2]}), ({'CONV': [256, 5]}, {'CONV': [128, 5]}), ({'CONV': [64, 5]}, {'CONV': [256, 3]}, {'POOLMAX': [-1, 2]}), ({'CONV': [64, 5]}, {'CONV': [128, 5]}), ({'CONV': [32, 3]}, {'CONV': [256, 3]}, {'POOLMAX': [-1, 2]}), {'GLOBAL_AVG': None}, {'LAST_DENSE': [100, 'softmax']}]",HHSE,NSGA2,,,,,0.6976472209053768,,,,2976297472,5187108,,,,,,"[58, 14, 16, 62, 60, 31, 30, 7]",0.7119451675560746,-0.0012683727185098,0.625,0.375,1.0,0.0,0.12,0,0,0,100,0,0.0,BEST,False,False,274,True,True,GREEDY,,,GREEDY_HV
BWZBCJ[M],16,17,20,12,0.2,True,True,"[5, 57, 33, 38, 61, 30, 29, 6]",[],"[5.100029504719544, 57.453070758991025, 33.6364930131877, 38.80472037393116, 61.62203791596829, 30.141527764536484, 29.920506960029243, 6.124589425594416]","[{'INP': 32}, {'CONV': [64, 3]}, ({'CONV': [32, 3]}, {'CONV': [128, 5]}), ({'CONV': [256, 5]}, {'CONV': [32, 5]}, {'POOLMAX': [-1, 2]}), ({'CONV': [128, 3]}, {'CONV': [32, 5]}), ({'CONV': [128, 3]}, {'CONV': [256, 3]}, {'POOLMAX': [-1, 2]}), ({'CONV': [256, 5]}, {'CONV': [128, 5]}), ({'CONV': [64, 5]}, {'CONV': [256, 3]}, {'POOLMAX': [-1, 2]}), ({'CONV': [64, 5]}, {'CONV': [128, 5]}), ({'CONV': [32, 3]}, {'CONV': [256, 3]}, {'POOLMAX': [-1, 2]}), {'GLOBAL_AVG': None}, {'LAST_DENSE': [100, 'softmax']}]",HHSE,NSGA2,,,,,0.6976472209053768,,,,2976297472,5187108,,,,,,"[58, 14, 16, 62, 60, 31, 30, 7]",0.7119230139921078,-0.0005133852081099,0.625,0.375,1.0,0.0,0.12,0,0,0,100,0,0.0,BEST,False,False,274,True,True,GREEDY,,,GREEDY_HV
BWZBCJ[M],16,17,21,12,0.21,True,True,"[5, 57, 33, 38, 61, 30, 29, 6]",[],"[5.100029504719544, 57.453070758991025, 33.6364930131877, 38.80472037393116, 61.62203791596829, 30.141527764536484, 29.920506960029243, 6.124589425594416]","[{'INP': 32}, {'CONV': [64, 3]}, ({'CONV': [32, 3]}, {'CONV': [128, 5]}), ({'CONV': [256, 5]}, {'CONV': [32, 5]}, {'POOLMAX': [-1, 2]}), ({'CONV': [128, 3]}, {'CONV': [32, 5]}), ({'CONV': [128, 3]}, {'CONV': [256, 3]}, {'POOLMAX': [-1, 2]}), ({'CONV': [256, 5]}, {'CONV': [128, 5]}), ({'CONV': [64, 5]}, {'CONV': [256, 3]}, {'POOLMAX': [-1, 2]}), ({'CONV': [64, 5]}, {'CONV': [128, 5]}), ({'CONV': [32, 3]}, {'CONV': [256, 3]}, {'POOLMAX': [-1, 2]}), {'GLOBAL_AVG': None}, {'LAST_DENSE': [100, 'softmax']}]",HHSE,NSGA2,,,,,0.6976472209053768,,,,2976297472,5187108,,,,,,"[58, 14, 16, 62, 60, 31, 30, 7]",0.7125410099082712,-0.0009307668233682,0.625,0.375,1.0,0.0,0.12,0,0,0,100,0,0.0,BEST,False,False,274,True,True,GREEDY,,,GREEDY_HV
BWZBCJ[M],16,17,22,12,0.22,True,True,"[5, 57, 33, 38, 61, 30, 29, 6]",[],"[5.100029504719544, 57.453070758991025, 33.6364930131877, 38.80472037393116, 61.62203791596829, 30.141527764536484, 29.920506960029243, 6.124589425594416]","[{'INP': 32}, {'CONV': [64, 3]}, ({'CONV': [32, 3]}, {'CONV': [128, 5]}), ({'CONV': [256, 5]}, {'CONV': [32, 5]}, {'POOLMAX': [-1, 2]}), ({'CONV': [128, 3]}, {'CONV': [32, 5]}), ({'CONV': [128, 3]}, {'CONV': [256, 3]}, {'POOLMAX': [-1, 2]}), ({'CONV': [256, 5]}, {'CONV': [128, 5]}), ({'CONV': [64, 5]}, {'CONV': [256, 3]}, {'POOLMAX': [-1, 2]}), ({'CONV': [64, 5]}, {'CONV': [128, 5]}), ({'CONV': [32, 3]}, {'CONV': [256, 3]}, {'POOLMAX': [-1, 2]}), {'GLOBAL_AVG': None}, {'LAST_DENSE': [100, 'softmax']}]",HHSE,NSGA2,,,,,0.6976472209053768,,,,2976297472,5187108,,,,,,"[58, 14, 16, 62, 60, 31, 30, 7]",0.7125917031980624,-0.0013363947598186,0.625,0.375,1.0,0.0,0.12,0,0,0,100,0,0.0,BEST,False,False,274,True,True,GREEDY,,,GREEDY_HV
BWZBCJ[M],16,17,23,12,0.23,True,True,"[5, 57, 33, 38, 61, 30, 29, 6]",[],"[5.100029504719544, 57.453070758991025, 33.6364930131877, 38.80472037393116, 61.62203791596829, 30.141527764536484, 29.920506960029243, 6.124589425594416]","[{'INP': 32}, {'CONV': [64, 3]}, ({'CONV': [32, 3]}, {'CONV': [128, 5]}), ({'CONV': [256, 5]}, {'CONV': [32, 5]}, {'POOLMAX': [-1, 2]}), ({'CONV': [128, 3]}, {'CONV': [32, 5]}), ({'CONV': [128, 3]}, {'CONV': [256, 3]}, {'POOLMAX': [-1, 2]}), ({'CONV': [256, 5]}, {'CONV': [128, 5]}), ({'CONV': [64, 5]}, {'CONV': [256, 3]}, {'POOLMAX': [-1, 2]}), ({'CONV': [64, 5]}, {'CONV': [128, 5]}), ({'CONV': [32, 3]}, {'CONV': [256, 3]}, {'POOLMAX': [-1, 2]}), {'GLOBAL_AVG': None}, {'LAST_DENSE': [100, 'softmax']}]",HHSE,NSGA2,,,,,0.6976472209053768,,,,2976297472,5187108,,,,,,"[58, 14, 16, 62, 60, 31, 30, 7]",0.7126100088430792,-0.0078945828157505,0.625,0.375,1.0,0.0,0.12,0,0,0,100,0,0.0,BEST,False,False,274,True,True,GREEDY,,,GREEDY_HV
BWZBCJ[M],16,17,24,12,0.24,True,True,"[5, 57, 33, 38, 61, 30, 29, 6]",[],"[5.100029504719544, 57.453070758991025, 33.6364930131877, 38.80472037393116, 61.62203791596829, 30.141527764536484, 29.920506960029243, 6.124589425594416]","[{'INP': 32}, {'CONV': [64, 3]}, ({'CONV': [32, 3]}, {'CONV': [128, 5]}), ({'CONV': [256, 5]}, {'CONV': [32, 5]}, {'POOLMAX': [-1, 2]}), ({'CONV': [128, 3]}, {'CONV': [32, 5]}), ({'CONV': [128, 3]}, {'CONV': [256, 3]}, {'POOLMAX': [-1, 2]}), ({'CONV': [256, 5]}, {'CONV': [128, 5]}), ({'CONV': [64, 5]}, {'CONV': [256, 3]}, {'POOLMAX': [-1, 2]}), ({'CONV': [64, 5]}, {'CONV': [128, 5]}), ({'CONV': [32, 3]}, {'CONV': [256, 3]}, {'POOLMAX': [-1, 2]}), {'GLOBAL_AVG': None}, {'LAST_DENSE': [100, 'softmax']}]",HHSE,NSGA2,,,,,0.6976472209053768,,,,2976297472,5187108,,,,,,"[58, 14, 16, 62, 60, 31, 30, 7]",0.7126392249066221,-0.0025625778417356,0.625,0.375,1.0,0.0,0.12,0,0,0,100,0,0.0,BEST,False,False,274,True,True,GREEDY,,,GREEDY_HV
BWZBCJ[M],16,17,25,12,0.25,True,True,"[5, 57, 33, 38, 61, 30, 29, 6]",[],"[5.100029504719544, 57.453070758991025, 33.6364930131877, 38.80472037393116, 61.62203791596829, 30.141527764536484, 29.920506960029243, 6.124589425594416]","[{'INP': 32}, {'CONV': [64, 3]}, ({'CONV': [32, 3]}, {'CONV': [128, 5]}), ({'CONV': [256, 5]}, {'CONV': [32, 5]}, {'POOLMAX': [-1, 2]}), ({'CONV': [128, 3]}, {'CONV': [32, 5]}), ({'CONV': [128, 3]}, {'CONV': [256, 3]}, {'POOLMAX': [-1, 2]}), ({'CONV': [256, 5]}, {'CONV': [128, 5]}), ({'CONV': [64, 5]}, {'CONV': [256, 3]}, {'POOLMAX': [-1, 2]}), ({'CONV': [64, 5]}, {'CONV': [128, 5]}), ({'CONV': [32, 3]}, {'CONV': [256, 3]}, {'POOLMAX': [-1, 2]}), {'GLOBAL_AVG': None}, {'LAST_DENSE': [100, 'softmax']}]",HHSE,NSGA2,,,,,0.6976472209053768,,,,2976297472,5187108,,,,,,"[58, 14, 16, 62, 60, 31, 30, 7]",0.7126400092342762,-0.0038156141887617,0.625,0.375,1.0,0.0,0.12,0,0,0,100,0,0.0,BEST,False,False,274,True,True,GREEDY,,,GREEDY_HV
BWZBCJ[M],16,17,26,12,0.26,True,True,"[5, 57, 33, 38, 61, 30, 29, 6]",[],"[5.100029504719544, 57.453070758991025, 33.6364930131877, 38.80472037393116, 61.62203791596829, 30.141527764536484, 29.920506960029243, 6.124589425594416]","[{'INP': 32}, {'CONV': [64, 3]}, ({'CONV': [32, 3]}, {'CONV': [128, 5]}), ({'CONV': [256, 5]}, {'CONV': [32, 5]}, {'POOLMAX': [-1, 2]}), ({'CONV': [128, 3]}, {'CONV': [32, 5]}), ({'CONV': [128, 3]}, {'CONV': [256, 3]}, {'POOLMAX': [-1, 2]}), ({'CONV': [256, 5]}, {'CONV': [128, 5]}), ({'CONV': [64, 5]}, {'CONV': [256, 3]}, {'POOLMAX': [-1, 2]}), ({'CONV': [64, 5]}, {'CONV': [128, 5]}), ({'CONV': [32, 3]}, {'CONV': [256, 3]}, {'POOLMAX': [-1, 2]}), {'GLOBAL_AVG': None}, {'LAST_DENSE': [100, 'softmax']}]",HHSE,NSGA2,,,,,0.6976472209053768,,,,2976297472,5187108,,,,,,"[58, 14, 16, 62, 60, 31, 30, 7]",0.7127355802836508,-0.0023823640339157,0.625,0.375,1.0,0.0,0.12,0,1,0,100,0,0.01,BEST,False,False,274,True,True,GREEDY,,,GREEDY_HV
BWZBCJ[M],16,17,27,12,0.27,True,True,"[5, 57, 33, 38, 61, 30, 29, 6]",[],"[5.100029504719544, 57.453070758991025, 33.6364930131877, 38.80472037393116, 61.62203791596829, 30.141527764536484, 29.920506960029243, 6.124589425594416]","[{'INP': 32}, {'CONV': [64, 3]}, ({'CONV': [32, 3]}, {'CONV': [128, 5]}), ({'CONV': [256, 5]}, {'CONV': [32, 5]}, {'POOLMAX': [-1, 2]}), ({'CONV': [128, 3]}, {'CONV': [32, 5]}), ({'CONV': [128, 3]}, {'CONV': [256, 3]}, {'POOLMAX': [-1, 2]}), ({'CONV': [256, 5]}, {'CONV': [128, 5]}), ({'CONV': [64, 5]}, {'CONV': [256, 3]}, {'POOLMAX': [-1, 2]}), ({'CONV': [64, 5]}, {'CONV': [128, 5]}), ({'CONV': [32, 3]}, {'CONV': [256, 3]}, {'POOLMAX': [-1, 2]}), {'GLOBAL_AVG': None}, {'LAST_DENSE': [100, 'softmax']}]",HHSE,NSGA2,,,,,0.6976472209053768,,,,2976297472,5187108,,,,,,"[58, 14, 16, 62, 60, 31, 30, 7]",0.7130958741534523,-0.0003124461447305,0.625,0.375,1.0,0.0,0.12,0,0,0,100,0,0.0,BEST,False,False,274,True,True,GREEDY,,,GREEDY_HV
BWZBCJ[M],16,17,28,12,0.28,True,True,"[5, 57, 33, 38, 61, 30, 29, 6]",[],"[5.100029504719544, 57.453070758991025, 33.6364930131877, 38.80472037393116, 61.62203791596829, 30.141527764536484, 29.920506960029243, 6.124589425594416]","[{'INP': 32}, {'CONV': [64, 3]}, ({'CONV': [32, 3]}, {'CONV': [128, 5]}), ({'CONV': [256, 5]}, {'CONV': [32, 5]}, {'POOLMAX': [-1, 2]}), ({'CONV': [128, 3]}, {'CONV': [32, 5]}), ({'CONV': [128, 3]}, {'CONV': [256, 3]}, {'POOLMAX': [-1, 2]}), ({'CONV': [256, 5]}, {'CONV': [128, 5]}), ({'CONV': [64, 5]}, {'CONV': [256, 3]}, {'POOLMAX': [-1, 2]}), ({'CONV': [64, 5]}, {'CONV': [128, 5]}), ({'CONV': [32, 3]}, {'CONV': [256, 3]}, {'POOLMAX': [-1, 2]}), {'GLOBAL_AVG': None}, {'LAST_DENSE': [100, 'softmax']}]",HHSE,NSGA2,,,,,0.6976472209053768,,,,2976297472,5187108,,,,,,"[58, 14, 16, 62, 60, 31, 30, 7]",0.7132126690967533,-0.0001923145495006,0.625,0.375,1.0,0.0,0.12,0,0,0,100,0,0.0,BEST,False,False,274,True,True,GREEDY,,,GREEDY_HV
BWZBCJ[M],16,17,29,12,0.29,True,True,"[5, 57, 33, 38, 61, 30, 29, 6]",[],"[5.100029504719544, 57.453070758991025, 33.6364930131877, 38.80472037393116, 61.62203791596829, 30.141527764536484, 29.920506960029243, 6.124589425594416]","[{'INP': 32}, {'CONV': [64, 3]}, ({'CONV': [32, 3]}, {'CONV': [128, 5]}), ({'CONV': [256, 5]}, {'CONV': [32, 5]}, {'POOLMAX': [-1, 2]}), ({'CONV': [128, 3]}, {'CONV': [32, 5]}), ({'CONV': [128, 3]}, {'CONV': [256, 3]}, {'POOLMAX': [-1, 2]}), ({'CONV': [256, 5]}, {'CONV': [128, 5]}), ({'CONV': [64, 5]}, {'CONV': [256, 3]}, {'POOLMAX': [-1, 2]}), ({'CONV': [64, 5]}, {'CONV': [128, 5]}), ({'CONV': [32, 3]}, {'CONV': [256, 3]}, {'POOLMAX': [-1, 2]}), {'GLOBAL_AVG': None}, {'LAST_DENSE': [100, 'softmax']}]",HHSE,NSGA2,,,,,0.6976472209053768,,,,2976297472,5187108,,,,,,"[58, 14, 16, 62, 60, 31, 30, 7]",0.7133029421069093,-0.0011636751362485,0.625,0.375,1.0,0.0,0.12,0,0,0,100,0,0.0,BEST,False,False,274,True,True,GREEDY,,,GREEDY_HV
BWZBCJ[M],16,17,30,12,0.3,True,True,"[5, 57, 33, 38, 61, 30, 29, 6]",[],"[5.100029504719544, 57.453070758991025, 33.6364930131877, 38.80472037393116, 61.62203791596829, 30.141527764536484, 29.920506960029243, 6.124589425594416]","[{'INP': 32}, {'CONV': [64, 3]}, ({'CONV': [32, 3]}, {'CONV': [128, 5]}), ({'CONV': [256, 5]}, {'CONV': [32, 5]}, {'POOLMAX': [-1, 2]}), ({'CONV': [128, 3]}, {'CONV': [32, 5]}), ({'CONV': [128, 3]}, {'CONV': [256, 3]}, {'POOLMAX': [-1, 2]}), ({'CONV': [256, 5]}, {'CONV': [128, 5]}), ({'CONV': [64, 5]}, {'CONV': [256, 3]}, {'POOLMAX': [-1, 2]}), ({'CONV': [64, 5]}, {'CONV': [128, 5]}), ({'CONV': [32, 3]}, {'CONV': [256, 3]}, {'POOLMAX': [-1, 2]}), {'GLOBAL_AVG': None}, {'LAST_DENSE': [100, 'softmax']}]",HHSE,NSGA2,,,,,0.6976472209053768,,,,2976297472,5187108,,,,,,"[58, 14, 16, 62, 60, 31, 30, 7]",0.7138791970715594,-0.0011027916116462,0.625,0.375,1.0,0.0,0.12,0,0,0,100,0,0.0,BEST,False,False,274,True,True,GREEDY,,,GREEDY_HV
BWZBCJ[M],16,17,31,12,0.31,True,True,"[5, 57, 33, 38, 61, 30, 29, 6]",[],"[5.100029504719544, 57.453070758991025, 33.6364930131877, 38.80472037393116, 61.62203791596829, 30.141527764536484, 29.920506960029243, 6.124589425594416]","[{'INP': 32}, {'CONV': [64, 3]}, ({'CONV': [32, 3]}, {'CONV': [128, 5]}), ({'CONV': [256, 5]}, {'CONV': [32, 5]}, {'POOLMAX': [-1, 2]}), ({'CONV': [128, 3]}, {'CONV': [32, 5]}), ({'CONV': [128, 3]}, {'CONV': [256, 3]}, {'POOLMAX': [-1, 2]}), ({'CONV': [256, 5]}, {'CONV': [128, 5]}), ({'CONV': [64, 5]}, {'CONV': [256, 3]}, {'POOLMAX': [-1, 2]}), ({'CONV': [64, 5]}, {'CONV': [128, 5]}), ({'CONV': [32, 3]}, {'CONV': [256, 3]}, {'POOLMAX': [-1, 2]}), {'GLOBAL_AVG': None}, {'LAST_DENSE': [100, 'softmax']}]",HHSE,NSGA2,,,,,0.6976472209053768,,,,2976297472,5187108,,,,,,"[58, 14, 16, 62, 60, 31, 30, 7]",0.713892837911338,-0.0007034054981089,0.625,0.375,1.0,0.0,0.12,0,1,0,100,0,0.01,BEST,False,False,274,True,True,GREEDY,,,GREEDY_HV
BWZBCJ[M],16,17,32,12,0.32,True,True,"[5, 57, 33, 38, 61, 30, 29, 6]",[],"[5.100029504719544, 57.453070758991025, 33.6364930131877, 38.80472037393116, 61.62203791596829, 30.141527764536484, 29.920506960029243, 6.124589425594416]","[{'INP': 32}, {'CONV': [64, 3]}, ({'CONV': [32, 3]}, {'CONV': [128, 5]}), ({'CONV': [256, 5]}, {'CONV': [32, 5]}, {'POOLMAX': [-1, 2]}), ({'CONV': [128, 3]}, {'CONV': [32, 5]}), ({'CONV': [128, 3]}, {'CONV': [256, 3]}, {'POOLMAX': [-1, 2]}), ({'CONV': [256, 5]}, {'CONV': [128, 5]}), ({'CONV': [64, 5]}, {'CONV': [256, 3]}, {'POOLMAX': [-1, 2]}), ({'CONV': [64, 5]}, {'CONV': [128, 5]}), ({'CONV': [32, 3]}, {'CONV': [256, 3]}, {'POOLMAX': [-1, 2]}), {'GLOBAL_AVG': None}, {'LAST_DENSE': [100, 'softmax']}]",HHSE,NSGA2,,,,,0.6976472209053768,,,,2976297472,5187108,,,,,,"[58, 14, 16, 62, 60, 31, 30, 7]",0.7140040272554269,-0.000577755969839,0.625,0.375,1.0,0.0,0.12,0,1,0,100,0,0.01,BEST,False,False,274,True,True,GREEDY,,,GREEDY_HV
BWZBCJ[M],16,17,33,12,0.33,True,True,"[5, 57, 33, 38, 61, 30, 29, 6]",[],"[5.100029504719544, 57.453070758991025, 33.6364930131877, 38.80472037393116, 61.62203791596829, 30.141527764536484, 29.920506960029243, 6.124589425594416]","[{'INP': 32}, {'CONV': [64, 3]}, ({'CONV': [32, 3]}, {'CONV': [128, 5]}), ({'CONV': [256, 5]}, {'CONV': [32, 5]}, {'POOLMAX': [-1, 2]}), ({'CONV': [128, 3]}, {'CONV': [32, 5]}), ({'CONV': [128, 3]}, {'CONV': [256, 3]}, {'POOLMAX': [-1, 2]}), ({'CONV': [256, 5]}, {'CONV': [128, 5]}), ({'CONV': [64, 5]}, {'CONV': [256, 3]}, {'POOLMAX': [-1, 2]}), ({'CONV': [64, 5]}, {'CONV': [128, 5]}), ({'CONV': [32, 3]}, {'CONV': [256, 3]}, {'POOLMAX': [-1, 2]}), {'GLOBAL_AVG': None}, {'LAST_DENSE': [100, 'softmax']}]",HHSE,NSGA2,,,,,0.6976472209053768,,,,2976297472,5187108,,,,,,"[58, 14, 16, 62, 60, 31, 30, 7]",0.7142312152792301,-0.0012169414113987,0.625,0.375,1.0,0.0,0.12,0,0,0,100,0,0.0,BEST,False,False,274,True,True,GREEDY,,,GREEDY_HV
BWZBCJ[M],16,17,34,12,0.34,True,True,"[5, 57, 33, 38, 61, 30, 29, 6]",[],"[5.100029504719544, 57.453070758991025, 33.6364930131877, 38.80472037393116, 61.62203791596829, 30.141527764536484, 29.920506960029243, 6.124589425594416]","[{'INP': 32}, {'CONV': [64, 3]}, ({'CONV': [32, 3]}, {'CONV': [128, 5]}), ({'CONV': [256, 5]}, {'CONV': [32, 5]}, {'POOLMAX': [-1, 2]}), ({'CONV': [128, 3]}, {'CONV': [32, 5]}), ({'CONV': [128, 3]}, {'CONV': [256, 3]}, {'POOLMAX': [-1, 2]}), ({'CONV': [256, 5]}, {'CONV': [128, 5]}), ({'CONV': [64, 5]}, {'CONV': [256, 3]}, {'POOLMAX': [-1, 2]}), ({'CONV': [64, 5]}, {'CONV': [128, 5]}), ({'CONV': [32, 3]}, {'CONV': [256, 3]}, {'POOLMAX': [-1, 2]}), {'GLOBAL_AVG': None}, {'LAST_DENSE': [100, 'softmax']}]",HHSE,NSGA2,,,,,0.6976472209053768,,,,2976297472,5187108,,,,,,"[58, 14, 16, 62, 60, 31, 30, 7]",0.7140078233350433,-0.0025860708889259,0.625,0.375,1.0,0.0,0.12,0,0,0,100,0,0.0,BEST,False,False,274,True,True,GREEDY,,,GREEDY_HV
BWZBCJ[M],16,17,35,12,0.35,True,True,"[5, 57, 33, 38, 61, 30, 29, 6]",[],"[5.100029504719544, 57.453070758991025, 33.6364930131877, 38.80472037393116, 61.62203791596829, 30.141527764536484, 29.920506960029243, 6.124589425594416]","[{'INP': 32}, {'CONV': [64, 3]}, ({'CONV': [32, 3]}, {'CONV': [128, 5]}), ({'CONV': [256, 5]}, {'CONV': [32, 5]}, {'POOLMAX': [-1, 2]}), ({'CONV': [128, 3]}, {'CONV': [32, 5]}), ({'CONV': [128, 3]}, {'CONV': [256, 3]}, {'POOLMAX': [-1, 2]}), ({'CONV': [256, 5]}, {'CONV': [128, 5]}), ({'CONV': [64, 5]}, {'CONV': [256, 3]}, {'POOLMAX': [-1, 2]}), ({'CONV': [64, 5]}, {'CONV': [128, 5]}), ({'CONV': [32, 3]}, {'CONV': [256, 3]}, {'POOLMAX': [-1, 2]}), {'GLOBAL_AVG': None}, {'LAST_DENSE': [100, 'softmax']}]",HHSE,NSGA2,,,,,0.6976472209053768,,,,2976297472,5187108,,,,,,"[58, 14, 16, 62, 60, 31, 30, 7]",0.7140446058455899,-0.0006774825618282,0.625,0.375,1.0,0.0,0.12,0,0,0,100,0,0.0,BEST,False,False,274,True,True,GREEDY,,,GREEDY_HV
BWZBCJ[M],16,17,36,12,0.36,True,True,"[5, 57, 33, 38, 61, 30, 29, 6]",[],"[5.100029504719544, 57.453070758991025, 33.6364930131877, 38.80472037393116, 61.62203791596829, 30.141527764536484, 29.920506960029243, 6.124589425594416]","[{'INP': 32}, {'CONV': [64, 3]}, ({'CONV': [32, 3]}, {'CONV': [128, 5]}), ({'CONV': [256, 5]}, {'CONV': [32, 5]}, {'POOLMAX': [-1, 2]}), ({'CONV': [128, 3]}, {'CONV': [32, 5]}), ({'CONV': [128, 3]}, {'CONV': [256, 3]}, {'POOLMAX': [-1, 2]}), ({'CONV': [256, 5]}, {'CONV': [128, 5]}), ({'CONV': [64, 5]}, {'CONV': [256, 3]}, {'POOLMAX': [-1, 2]}), ({'CONV': [64, 5]}, {'CONV': [128, 5]}), ({'CONV': [32, 3]}, {'CONV': [256, 3]}, {'POOLMAX': [-1, 2]}), {'GLOBAL_AVG': None}, {'LAST_DENSE': [100, 'softmax']}]",HHSE,NSGA2,,,,,0.6976472209053768,,,,2976297472,5187108,,,,,,"[58, 14, 16, 62, 60, 31, 30, 7]",0.7142505405274484,-0.0052252287108944,0.625,0.375,1.0,0.0,0.12,0,0,0,100,0,0.0,BEST,False,False,274,True,True,GREEDY,,,GREEDY_HV
BWZBCJ[M],16,17,37,12,0.37,True,True,"[5, 57, 33, 38, 61, 30, 29, 6]",[],"[5.100029504719544, 57.453070758991025, 33.6364930131877, 38.80472037393116, 61.62203791596829, 30.141527764536484, 29.920506960029243, 6.124589425594416]","[{'INP': 32}, {'CONV': [64, 3]}, ({'CONV': [32, 3]}, {'CONV': [128, 5]}), ({'CONV': [256, 5]}, {'CONV': [32, 5]}, {'POOLMAX': [-1, 2]}), ({'CONV': [128, 3]}, {'CONV': [32, 5]}), ({'CONV': [128, 3]}, {'CONV': [256, 3]}, {'POOLMAX': [-1, 2]}), ({'CONV': [256, 5]}, {'CONV': [128, 5]}), ({'CONV': [64, 5]}, {'CONV': [256, 3]}, {'POOLMAX': [-1, 2]}), ({'CONV': [64, 5]}, {'CONV': [128, 5]}), ({'CONV': [32, 3]}, {'CONV': [256, 3]}, {'POOLMAX': [-1, 2]}), {'GLOBAL_AVG': None}, {'LAST_DENSE': [100, 'softmax']}]",HHSE,NSGA2,,,,,0.6976472209053768,,,,2976297472,5187108,,,,,,"[58, 14, 16, 62, 60, 31, 30, 7]",0.7140570433233641,-0.0004255706807873,0.625,0.375,1.0,0.0,0.12,0,0,0,100,0,0.0,BEST,False,False,274,True,True,GREEDY,,,GREEDY_HV
BWZBCJ[M],16,17,38,12,0.38,True,True,"[5, 57, 33, 38, 61, 30, 29, 6]",[],"[5.100029504719544, 57.453070758991025, 33.6364930131877, 38.80472037393116, 61.62203791596829, 30.141527764536484, 29.920506960029243, 6.124589425594416]","[{'INP': 32}, {'CONV': [64, 3]}, ({'CONV': [32, 3]}, {'CONV': [128, 5]}), ({'CONV': [256, 5]}, {'CONV': [32, 5]}, {'POOLMAX': [-1, 2]}), ({'CONV': [128, 3]}, {'CONV': [32, 5]}), ({'CONV': [128, 3]}, {'CONV': [256, 3]}, {'POOLMAX': [-1, 2]}), ({'CONV': [256, 5]}, {'CONV': [128, 5]}), ({'CONV': [64, 5]}, {'CONV': [256, 3]}, {'POOLMAX': [-1, 2]}), ({'CONV': [64, 5]}, {'CONV': [128, 5]}), ({'CONV': [32, 3]}, {'CONV': [256, 3]}, {'POOLMAX': [-1, 2]}), {'GLOBAL_AVG': None}, {'LAST_DENSE': [100, 'softmax']}]",HHSE,NSGA2,,,,,0.6976472209053768,,,,2976297472,5187108,,,,,,"[58, 14, 16, 62, 60, 31, 30, 7]",0.7142049636280486,-0.0004332914677073,0.625,0.375,1.0,0.0,0.12,0,0,0,100,0,0.0,BEST,False,False,274,True,True,GREEDY,,,GREEDY_HV
BWZBCJ[M],16,17,39,12,0.39,True,True,"[5, 57, 33, 38, 61, 30, 29, 6]",[],"[5.100029504719544, 57.453070758991025, 33.6364930131877, 38.80472037393116, 61.62203791596829, 30.141527764536484, 29.920506960029243, 6.124589425594416]","[{'INP': 32}, {'CONV': [64, 3]}, ({'CONV': [32, 3]}, {'CONV': [128, 5]}), ({'CONV': [256, 5]}, {'CONV': [32, 5]}, {'POOLMAX': [-1, 2]}), ({'CONV': [128, 3]}, {'CONV': [32, 5]}), ({'CONV': [128, 3]}, {'CONV': [256, 3]}, {'POOLMAX': [-1, 2]}), ({'CONV': [256, 5]}, {'CONV': [128, 5]}), ({'CONV': [64, 5]}, {'CONV': [256, 3]}, {'POOLMAX': [-1, 2]}), ({'CONV': [64, 5]}, {'CONV': [128, 5]}), ({'CONV': [32, 3]}, {'CONV': [256, 3]}, {'POOLMAX': [-1, 2]}), {'GLOBAL_AVG': None}, {'LAST_DENSE': [100, 'softmax']}]",HHSE,NSGA2,,,,,0.6976472209053768,,,,2976297472,5187108,,,,,,"[58, 14, 16, 62, 60, 31, 30, 7]",0.7142069970406123,-0.003670798707371,0.625,0.375,1.0,0.0,0.12,0,0,0,100,0,0.0,BEST,False,False,274,True,True,GREEDY,,,GREEDY_HV
BWZBCJ[M],16,17,40,12,0.4,True,True,"[5, 57, 33, 38, 61, 30, 29, 6]",[],"[5.100029504719544, 57.453070758991025, 33.6364930131877, 38.80472037393116, 61.62203791596829, 30.141527764536484, 29.920506960029243, 6.124589425594416]","[{'INP': 32}, {'CONV': [64, 3]}, ({'CONV': [32, 3]}, {'CONV': [128, 5]}), ({'CONV': [256, 5]}, {'CONV': [32, 5]}, {'POOLMAX': [-1, 2]}), ({'CONV': [128, 3]}, {'CONV': [32, 5]}), ({'CONV': [128, 3]}, {'CONV': [256, 3]}, {'POOLMAX': [-1, 2]}), ({'CONV': [256, 5]}, {'CONV': [128, 5]}), ({'CONV': [64, 5]}, {'CONV': [256, 3]}, {'POOLMAX': [-1, 2]}), ({'CONV': [64, 5]}, {'CONV': [128, 5]}), ({'CONV': [32, 3]}, {'CONV': [256, 3]}, {'POOLMAX': [-1, 2]}), {'GLOBAL_AVG': None}, {'LAST_DENSE': [100, 'softmax']}]",HHSE,NSGA2,,,,,0.6976472209053768,,,,2976297472,5187108,,,,,,"[58, 14, 16, 62, 60, 31, 30, 7]",0.7142399934458178,-8.821151919691239e-05,0.625,0.375,1.0,0.0,0.12,0,0,0,100,0,0.0,BEST,False,False,274,True,True,GREEDY,,,GREEDY_HV
BBIPBJ[M][M],16,17,41,41,0.41,True,True,"[0, 44, 38, 15, 36, 6, 28, 55]",[],"[0.0700016833169355, 44.04470826533385, 38.946870154001715, 15.497728320719693, 36.91493586832826, 6.2235249789336065, 28.13782231606503, 55.81652174545972]","[{'INP': 32}, {'CONV': [64, 3]}, ({'CONV': [32, 3]}, {'CONV': [32, 3]}), ({'CONV': [128, 5]}, {'CONV': [128, 3]}, {'POOLMAX': [-1, 2]}), ({'CONV': [128, 3]}, {'CONV': [256, 3]}), ({'CONV': [32, 5]}, {'CONV': [256, 5]}, {'POOLMAX': [-1, 2]}), ({'CONV': [128, 3]}, {'CONV': [128, 3]}), ({'CONV': [32, 3]}, {'CONV': [256, 3]}, {'POOLMAX': [-1, 2]}), ({'CONV': [64, 5]}, {'CONV': [128, 3]}), ({'CONV': [256, 3]}, {'CONV': [256, 5]}, {'POOLMAX': [-1, 2]}), {'GLOBAL_AVG': None}, {'LAST_DENSE': [100, 'softmax']}]",HHSE,NSGA2,,,,,0.7054958287741648,,,,1160163328,4135716,,,,,,"[0, 0, 35, 3, 52, 5, 44, 55]",0.7148469557010388,0.0003712581974175,0.0,0.0,0.75,1.0,0.41,0,0,0,100,0,0.0,BEST,False,False,184,True,True,GREEDY,,,GREEDY_HV
BBIPBJ[M][M],16,17,42,41,0.42,True,True,"[0, 44, 38, 15, 36, 6, 28, 55]",[],"[0.0700016833169355, 44.04470826533385, 38.946870154001715, 15.497728320719693, 36.91493586832826, 6.2235249789336065, 28.13782231606503, 55.81652174545972]","[{'INP': 32}, {'CONV': [64, 3]}, ({'CONV': [32, 3]}, {'CONV': [32, 3]}), ({'CONV': [128, 5]}, {'CONV': [128, 3]}, {'POOLMAX': [-1, 2]}), ({'CONV': [128, 3]}, {'CONV': [256, 3]}), ({'CONV': [32, 5]}, {'CONV': [256, 5]}, {'POOLMAX': [-1, 2]}), ({'CONV': [128, 3]}, {'CONV': [128, 3]}), ({'CONV': [32, 3]}, {'CONV': [256, 3]}, {'POOLMAX': [-1, 2]}), ({'CONV': [64, 5]}, {'CONV': [128, 3]}), ({'CONV': [256, 3]}, {'CONV': [256, 5]}, {'POOLMAX': [-1, 2]}), {'GLOBAL_AVG': None}, {'LAST_DENSE': [100, 'softmax']}]",HHSE,NSGA2,,,,,0.7054958287741648,,,,1160163328,4135716,,,,,,"[0, 0, 35, 3, 52, 5, 44, 55]",0.720705589540026,-0.0003763772207654,0.0,0.0,0.75,0.0,0.41,0,0,0,100,0,0.0,BEST,False,False,184,True,True,GREEDY,,,GREEDY_HV
BBIPBJ[M][M],16,17,43,41,0.43,True,True,"[0, 44, 38, 15, 36, 6, 28, 55]",[],"[0.0700016833169355, 44.04470826533385, 38.946870154001715, 15.497728320719693, 36.91493586832826, 6.2235249789336065, 28.13782231606503, 55.81652174545972]","[{'INP': 32}, {'CONV': [64, 3]}, ({'CONV': [32, 3]}, {'CONV': [32, 3]}), ({'CONV': [128, 5]}, {'CONV': [128, 3]}, {'POOLMAX': [-1, 2]}), ({'CONV': [128, 3]}, {'CONV': [256, 3]}), ({'CONV': [32, 5]}, {'CONV': [256, 5]}, {'POOLMAX': [-1, 2]}), ({'CONV': [128, 3]}, {'CONV': [128, 3]}), ({'CONV': [32, 3]}, {'CONV': [256, 3]}, {'POOLMAX': [-1, 2]}), ({'CONV': [64, 5]}, {'CONV': [128, 3]}), ({'CONV': [256, 3]}, {'CONV': [256, 5]}, {'POOLMAX': [-1, 2]}), {'GLOBAL_AVG': None}, {'LAST_DENSE': [100, 'softmax']}]",HHSE,NSGA2,,,,,0.7054958287741648,,,,1160163328,4135716,,,,,,"[0, 0, 35, 3, 52, 5, 44, 55]",0.720752657373372,-0.0001940424886195,0.0,0.0,0.75,0.0,0.41,0,1,0,100,0,0.01,BEST,False,False,184,True,True,GREEDY,,,GREEDY_HV
BBIPBJ[M][M],16,17,44,41,0.44,True,True,"[0, 44, 38, 15, 36, 6, 28, 55]",[],"[0.0700016833169355, 44.04470826533385, 38.946870154001715, 15.497728320719693, 36.91493586832826, 6.2235249789336065, 28.13782231606503, 55.81652174545972]","[{'INP': 32}, {'CONV': [64, 3]}, ({'CONV': [32, 3]}, {'CONV': [32, 3]}), ({'CONV': [128, 5]}, {'CONV': [128, 3]}, {'POOLMAX': [-1, 2]}), ({'CONV': [128, 3]}, {'CONV': [256, 3]}), ({'CONV': [32, 5]}, {'CONV': [256, 5]}, {'POOLMAX': [-1, 2]}), ({'CONV': [128, 3]}, {'CONV': [128, 3]}), ({'CONV': [32, 3]}, {'CONV': [256, 3]}, {'POOLMAX': [-1, 2]}), ({'CONV': [64, 5]}, {'CONV': [128, 3]}), ({'CONV': [256, 3]}, {'CONV': [256, 5]}, {'POOLMAX': [-1, 2]}), {'GLOBAL_AVG': None}, {'LAST_DENSE': [100, 'softmax']}]",HHSE,NSGA2,,,,,0.7054958287741648,,,,1160163328,4135716,,,,,,"[0, 0, 35, 3, 52, 5, 44, 55]",0.7211514982620997,-0.0001313592704283,0.0,0.0,0.75,0.0,0.41,0,0,0,100,0,0.0,BEST,False,False,184,True,True,GREEDY,,,GREEDY_HV
BBIPBJ[M][M],16,17,45,41,0.45,True,True,"[0, 44, 38, 15, 36, 6, 28, 55]",[],"[0.0700016833169355, 44.04470826533385, 38.946870154001715, 15.497728320719693, 36.91493586832826, 6.2235249789336065, 28.13782231606503, 55.81652174545972]","[{'INP': 32}, {'CONV': [64, 3]}, ({'CONV': [32, 3]}, {'CONV': [32, 3]}), ({'CONV': [128, 5]}, {'CONV': [128, 3]}, {'POOLMAX': [-1, 2]}), ({'CONV': [128, 3]}, {'CONV': [256, 3]}), ({'CONV': [32, 5]}, {'CONV': [256, 5]}, {'POOLMAX': [-1, 2]}), ({'CONV': [128, 3]}, {'CONV': [128, 3]}), ({'CONV': [32, 3]}, {'CONV': [256, 3]}, {'POOLMAX': [-1, 2]}), ({'CONV': [64, 5]}, {'CONV': [128, 3]}), ({'CONV': [256, 3]}, {'CONV': [256, 5]}, {'POOLMAX': [-1, 2]}), {'GLOBAL_AVG': None}, {'LAST_DENSE': [100, 'softmax']}]",HHSE,NSGA2,,,,,0.7054958287741648,,,,1160163328,4135716,,,,,,"[0, 0, 35, 3, 52, 5, 44, 55]",0.7211516446722119,-0.0011818763986043,0.0,0.0,0.75,0.0,0.41,0,0,0,100,0,0.0,BEST,False,False,184,True,True,GREEDY,,,GREEDY_HV
BBIPBJ[M][M],16,17,46,41,0.46,True,True,"[0, 44, 38, 15, 36, 6, 28, 55]",[],"[0.0700016833169355, 44.04470826533385, 38.946870154001715, 15.497728320719693, 36.91493586832826, 6.2235249789336065, 28.13782231606503, 55.81652174545972]","[{'INP': 32}, {'CONV': [64, 3]}, ({'CONV': [32, 3]}, {'CONV': [32, 3]}), ({'CONV': [128, 5]}, {'CONV': [128, 3]}, {'POOLMAX': [-1, 2]}), ({'CONV': [128, 3]}, {'CONV': [256, 3]}), ({'CONV': [32, 5]}, {'CONV': [256, 5]}, {'POOLMAX': [-1, 2]}), ({'CONV': [128, 3]}, {'CONV': [128, 3]}), ({'CONV': [32, 3]}, {'CONV': [256, 3]}, {'POOLMAX': [-1, 2]}), ({'CONV': [64, 5]}, {'CONV': [128, 3]}), ({'CONV': [256, 3]}, {'CONV': [256, 5]}, {'POOLMAX': [-1, 2]}), {'GLOBAL_AVG': None}, {'LAST_DENSE': [100, 'softmax']}]",HHSE,NSGA2,,,,,0.7054958287741648,,,,1160163328,4135716,,,,,,"[0, 0, 35, 3, 52, 5, 44, 55]",0.7211514879476069,-0.0003397196074819,0.0,0.0,0.75,0.0,0.41,0,0,0,100,0,0.0,BEST,False,False,184,True,True,GREEDY,,,GREEDY_HV
BBIPBJ[M][M],16,17,47,41,0.47,True,True,"[0, 44, 38, 15, 36, 6, 28, 55]",[],"[0.0700016833169355, 44.04470826533385, 38.946870154001715, 15.497728320719693, 36.91493586832826, 6.2235249789336065, 28.13782231606503, 55.81652174545972]","[{'INP': 32}, {'CONV': [64, 3]}, ({'CONV': [32, 3]}, {'CONV': [32, 3]}), ({'CONV': [128, 5]}, {'CONV': [128, 3]}, {'POOLMAX': [-1, 2]}), ({'CONV': [128, 3]}, {'CONV': [256, 3]}), ({'CONV': [32, 5]}, {'CONV': [256, 5]}, {'POOLMAX': [-1, 2]}), ({'CONV': [128, 3]}, {'CONV': [128, 3]}), ({'CONV': [32, 3]}, {'CONV': [256, 3]}, {'POOLMAX': [-1, 2]}), ({'CONV': [64, 5]}, {'CONV': [128, 3]}), ({'CONV': [256, 3]}, {'CONV': [256, 5]}, {'POOLMAX': [-1, 2]}), {'GLOBAL_AVG': None}, {'LAST_DENSE': [100, 'softmax']}]",HHSE,NSGA2,,,,,0.7054958287741648,,,,1160163328,4135716,,,,,,"[0, 0, 35, 3, 52, 5, 44, 55]",0.7211697263486858,-0.0001473185267629,0.0,0.0,0.75,0.0,0.41,0,0,0,100,0,0.0,BEST,False,False,184,True,True,GREEDY,,,GREEDY_HV
BBIPBJ[M][M],16,17,48,41,0.48,True,True,"[0, 44, 38, 15, 36, 6, 28, 55]",[],"[0.0700016833169355, 44.04470826533385, 38.946870154001715, 15.497728320719693, 36.91493586832826, 6.2235249789336065, 28.13782231606503, 55.81652174545972]","[{'INP': 32}, {'CONV': [64, 3]}, ({'CONV': [32, 3]}, {'CONV': [32, 3]}), ({'CONV': [128, 5]}, {'CONV': [128, 3]}, {'POOLMAX': [-1, 2]}), ({'CONV': [128, 3]}, {'CONV': [256, 3]}), ({'CONV': [32, 5]}, {'CONV': [256, 5]}, {'POOLMAX': [-1, 2]}), ({'CONV': [128, 3]}, {'CONV': [128, 3]}), ({'CONV': [32, 3]}, {'CONV': [256, 3]}, {'POOLMAX': [-1, 2]}), ({'CONV': [64, 5]}, {'CONV': [128, 3]}), ({'CONV': [256, 3]}, {'CONV': [256, 5]}, {'POOLMAX': [-1, 2]}), {'GLOBAL_AVG': None}, {'LAST_DENSE': [100, 'softmax']}]",HHSE,NSGA2,,,,,0.7054958287741648,,,,1160163328,4135716,,,,,,"[0, 0, 35, 3, 52, 5, 44, 55]",0.7211865764357018,-0.0007915410704828,0.0,0.0,0.75,0.0,0.41,0,0,0,100,0,0.0,BEST,False,False,184,True,True,GREEDY,,,GREEDY_HV
BBIPBJ[M][M],16,17,49,41,0.49,True,True,"[0, 44, 38, 15, 36, 6, 28, 55]",[],"[0.0700016833169355, 44.04470826533385, 38.946870154001715, 15.497728320719693, 36.91493586832826, 6.2235249789336065, 28.13782231606503, 55.81652174545972]","[{'INP': 32}, {'CONV': [64, 3]}, ({'CONV': [32, 3]}, {'CONV': [32, 3]}), ({'CONV': [128, 5]}, {'CONV': [128, 3]}, {'POOLMAX': [-1, 2]}), ({'CONV': [128, 3]}, {'CONV': [256, 3]}), ({'CONV': [32, 5]}, {'CONV': [256, 5]}, {'POOLMAX': [-1, 2]}), ({'CONV': [128, 3]}, {'CONV': [128, 3]}), ({'CONV': [32, 3]}, {'CONV': [256, 3]}, {'POOLMAX': [-1, 2]}), ({'CONV': [64, 5]}, {'CONV': [128, 3]}), ({'CONV': [256, 3]}, {'CONV': [256, 5]}, {'POOLMAX': [-1, 2]}), {'GLOBAL_AVG': None}, {'LAST_DENSE': [100, 'softmax']}]",HHSE,NSGA2,,,,,0.7054958287741648,,,,1160163328,4135716,,,,,,"[0, 0, 35, 3, 52, 5, 44, 55]",0.7212134089089266,-0.0005391803557373,0.0,0.0,0.75,0.0,0.41,0,0,0,100,0,0.0,BEST,False,False,184,True,True,GREEDY,,,GREEDY_HV
BBIPBJ[M][M],16,17,50,41,0.5,True,True,"[0, 44, 38, 15, 36, 6, 28, 55]",[],"[0.0700016833169355, 44.04470826533385, 38.946870154001715, 15.497728320719693, 36.91493586832826, 6.2235249789336065, 28.13782231606503, 55.81652174545972]","[{'INP': 32}, {'CONV': [64, 3]}, ({'CONV': [32, 3]}, {'CONV': [32, 3]}), ({'CONV': [128, 5]}, {'CONV': [128, 3]}, {'POOLMAX': [-1, 2]}), ({'CONV': [128, 3]}, {'CONV': [256, 3]}), ({'CONV': [32, 5]}, {'CONV': [256, 5]}, {'POOLMAX': [-1, 2]}), ({'CONV': [128, 3]}, {'CONV': [128, 3]}), ({'CONV': [32, 3]}, {'CONV': [256, 3]}, {'POOLMAX': [-1, 2]}), ({'CONV': [64, 5]}, {'CONV': [128, 3]}), ({'CONV': [256, 3]}, {'CONV': [256, 5]}, {'POOLMAX': [-1, 2]}), {'GLOBAL_AVG': None}, {'LAST_DENSE': [100, 'softmax']}]",HHSE,NSGA2,,,,,0.7054958287741648,,,,1160163328,4135716,,,,,,"[0, 0, 35, 3, 52, 5, 44, 55]",0.7213969882345522,-0.0020656225275492,0.0,0.0,0.75,0.0,0.41,0,1,0,100,0,0.01,BEST,False,False,184,True,True,GREEDY,,,GREEDY_HV
BBIPBJ[M][M],16,17,51,41,0.51,True,True,"[0, 44, 38, 15, 36, 6, 28, 55]",[],"[0.0700016833169355, 44.04470826533385, 38.946870154001715, 15.497728320719693, 36.91493586832826, 6.2235249789336065, 28.13782231606503, 55.81652174545972]","[{'INP': 32}, {'CONV': [64, 3]}, ({'CONV': [32, 3]}, {'CONV': [32, 3]}), ({'CONV': [128, 5]}, {'CONV': [128, 3]}, {'POOLMAX': [-1, 2]}), ({'CONV': [128, 3]}, {'CONV': [256, 3]}), ({'CONV': [32, 5]}, {'CONV': [256, 5]}, {'POOLMAX': [-1, 2]}), ({'CONV': [128, 3]}, {'CONV': [128, 3]}), ({'CONV': [32, 3]}, {'CONV': [256, 3]}, {'POOLMAX': [-1, 2]}), ({'CONV': [64, 5]}, {'CONV': [128, 3]}), ({'CONV': [256, 3]}, {'CONV': [256, 5]}, {'POOLMAX': [-1, 2]}), {'GLOBAL_AVG': None}, {'LAST_DENSE': [100, 'softmax']}]",HHSE,NSGA2,,,,,0.7054958287741648,,,,1160163328,4135716,,,,,,"[0, 0, 35, 3, 52, 5, 44, 55]",0.7212386042975727,-0.0014128293379362,0.0,0.0,0.75,0.0,0.41,0,0,0,100,0,0.0,BEST,False,False,184,True,True,GREEDY,,,GREEDY_HV
BBIPBJ[M][M],16,17,52,41,0.52,True,True,"[0, 44, 38, 15, 36, 6, 28, 55]",[],"[0.0700016833169355, 44.04470826533385, 38.946870154001715, 15.497728320719693, 36.91493586832826, 6.2235249789336065, 28.13782231606503, 55.81652174545972]","[{'INP': 32}, {'CONV': [64, 3]}, ({'CONV': [32, 3]}, {'CONV': [32, 3]}), ({'CONV': [128, 5]}, {'CONV': [128, 3]}, {'POOLMAX': [-1, 2]}), ({'CONV': [128, 3]}, {'CONV': [256, 3]}), ({'CONV': [32, 5]}, {'CONV': [256, 5]}, {'POOLMAX': [-1, 2]}), ({'CONV': [128, 3]}, {'CONV': [128, 3]}), ({'CONV': [32, 3]}, {'CONV': [256, 3]}, {'POOLMAX': [-1, 2]}), ({'CONV': [64, 5]}, {'CONV': [128, 3]}), ({'CONV': [256, 3]}, {'CONV': [256, 5]}, {'POOLMAX': [-1, 2]}), {'GLOBAL_AVG': None}, {'LAST_DENSE': [100, 'softmax']}]",HHSE,NSGA2,,,,,0.7054958287741648,,,,1160163328,4135716,,,,,,"[0, 0, 35, 3, 52, 5, 44, 55]",0.7212449960944731,-0.0009953706646779,0.0,0.0,0.75,0.0,0.41,0,0,0,100,0,0.0,BEST,False,False,184,True,True,GREEDY,,,GREEDY_HV
BBIPBJ[M][M],16,17,53,41,0.53,True,True,"[0, 44, 38, 15, 36, 6, 28, 55]",[],"[0.0700016833169355, 44.04470826533385, 38.946870154001715, 15.497728320719693, 36.91493586832826, 6.2235249789336065, 28.13782231606503, 55.81652174545972]","[{'INP': 32}, {'CONV': [64, 3]}, ({'CONV': [32, 3]}, {'CONV': [32, 3]}), ({'CONV': [128, 5]}, {'CONV': [128, 3]}, {'POOLMAX': [-1, 2]}), ({'CONV': [128, 3]}, {'CONV': [256, 3]}), ({'CONV': [32, 5]}, {'CONV': [256, 5]}, {'POOLMAX': [-1, 2]}), ({'CONV': [128, 3]}, {'CONV': [128, 3]}), ({'CONV': [32, 3]}, {'CONV': [256, 3]}, {'POOLMAX': [-1, 2]}), ({'CONV': [64, 5]}, {'CONV': [128, 3]}), ({'CONV': [256, 3]}, {'CONV': [256, 5]}, {'POOLMAX': [-1, 2]}), {'GLOBAL_AVG': None}, {'LAST_DENSE': [100, 'softmax']}]",HHSE,NSGA2,,,,,0.7054958287741648,,,,1160163328,4135716,,,,,,"[0, 0, 35, 3, 52, 5, 44, 55]",0.7212854477368156,-0.0001531560333265,0.0,0.0,0.75,0.0,0.41,0,0,0,100,0,0.0,BEST,False,False,184,True,True,GREEDY,,,GREEDY_HV
BBIPBJ[M][M],16,17,54,41,0.54,True,True,"[0, 44, 38, 15, 36, 6, 28, 55]",[],"[0.0700016833169355, 44.04470826533385, 38.946870154001715, 15.497728320719693, 36.91493586832826, 6.2235249789336065, 28.13782231606503, 55.81652174545972]","[{'INP': 32}, {'CONV': [64, 3]}, ({'CONV': [32, 3]}, {'CONV': [32, 3]}), ({'CONV': [128, 5]}, {'CONV': [128, 3]}, {'POOLMAX': [-1, 2]}), ({'CONV': [128, 3]}, {'CONV': [256, 3]}), ({'CONV': [32, 5]}, {'CONV': [256, 5]}, {'POOLMAX': [-1, 2]}), ({'CONV': [128, 3]}, {'CONV': [128, 3]}), ({'CONV': [32, 3]}, {'CONV': [256, 3]}, {'POOLMAX': [-1, 2]}), ({'CONV': [64, 5]}, {'CONV': [128, 3]}), ({'CONV': [256, 3]}, {'CONV': [256, 5]}, {'POOLMAX': [-1, 2]}), {'GLOBAL_AVG': None}, {'LAST_DENSE': [100, 'softmax']}]",HHSE,NSGA2,,,,,0.7054958287741648,,,,1160163328,4135716,,,,,,"[0, 0, 35, 3, 52, 5, 44, 55]",0.7214336857948094,-0.0004443144112498,0.0,0.0,0.75,0.0,0.41,0,0,0,100,0,0.0,BEST,False,False,184,True,True,GREEDY,,,GREEDY_HV
BBIPBJ[M][M],16,17,55,41,0.55,True,True,"[0, 44, 38, 15, 36, 6, 28, 55]",[],"[0.0700016833169355, 44.04470826533385, 38.946870154001715, 15.497728320719693, 36.91493586832826, 6.2235249789336065, 28.13782231606503, 55.81652174545972]","[{'INP': 32}, {'CONV': [64, 3]}, ({'CONV': [32, 3]}, {'CONV': [32, 3]}), ({'CONV': [128, 5]}, {'CONV': [128, 3]}, {'POOLMAX': [-1, 2]}), ({'CONV': [128, 3]}, {'CONV': [256, 3]}), ({'CONV': [32, 5]}, {'CONV': [256, 5]}, {'POOLMAX': [-1, 2]}), ({'CONV': [128, 3]}, {'CONV': [128, 3]}), ({'CONV': [32, 3]}, {'CONV': [256, 3]}, {'POOLMAX': [-1, 2]}), ({'CONV': [64, 5]}, {'CONV': [128, 3]}), ({'CONV': [256, 3]}, {'CONV': [256, 5]}, {'POOLMAX': [-1, 2]}), {'GLOBAL_AVG': None}, {'LAST_DENSE': [100, 'softmax']}]",HHSE,NSGA2,,,,,0.7054958287741648,,,,1160163328,4135716,,,,,,"[0, 0, 35, 3, 52, 5, 44, 55]",0.7220650396553028,-0.0005546516014383,0.0,0.0,0.75,0.0,0.41,0,0,0,100,0,0.0,BEST,False,False,184,True,True,GREEDY,,,GREEDY_HV
BBIPBJ[M][M],16,17,56,41,0.56,True,True,"[0, 44, 38, 15, 36, 6, 28, 55]",[],"[0.0700016833169355, 44.04470826533385, 38.946870154001715, 15.497728320719693, 36.91493586832826, 6.2235249789336065, 28.13782231606503, 55.81652174545972]","[{'INP': 32}, {'CONV': [64, 3]}, ({'CONV': [32, 3]}, {'CONV': [32, 3]}), ({'CONV': [128, 5]}, {'CONV': [128, 3]}, {'POOLMAX': [-1, 2]}), ({'CONV': [128, 3]}, {'CONV': [256, 3]}), ({'CONV': [32, 5]}, {'CONV': [256, 5]}, {'POOLMAX': [-1, 2]}), ({'CONV': [128, 3]}, {'CONV': [128, 3]}), ({'CONV': [32, 3]}, {'CONV': [256, 3]}, {'POOLMAX': [-1, 2]}), ({'CONV': [64, 5]}, {'CONV': [128, 3]}), ({'CONV': [256, 3]}, {'CONV': [256, 5]}, {'POOLMAX': [-1, 2]}), {'GLOBAL_AVG': None}, {'LAST_DENSE': [100, 'softmax']}]",HHSE,NSGA2,,,,,0.7054958287741648,,,,1160163328,4135716,,,,,,"[0, 0, 35, 3, 52, 5, 44, 55]",0.7214601161533927,-0.0003240312677079,0.0,0.0,0.75,0.0,0.41,0,0,0,100,0,0.0,BEST,False,False,184,True,True,GREEDY,,,GREEDY_HV
BBIPBJ[M][M],16,17,57,41,0.57,True,True,"[0, 44, 38, 15, 36, 6, 28, 55]",[],"[0.0700016833169355, 44.04470826533385, 38.946870154001715, 15.497728320719693, 36.91493586832826, 6.2235249789336065, 28.13782231606503, 55.81652174545972]","[{'INP': 32}, {'CONV': [64, 3]}, ({'CONV': [32, 3]}, {'CONV': [32, 3]}), ({'CONV': [128, 5]}, {'CONV': [128, 3]}, {'POOLMAX': [-1, 2]}), ({'CONV': [128, 3]}, {'CONV': [256, 3]}), ({'CONV': [32, 5]}, {'CONV': [256, 5]}, {'POOLMAX': [-1, 2]}), ({'CONV': [128, 3]}, {'CONV': [128, 3]}), ({'CONV': [32, 3]}, {'CONV': [256, 3]}, {'POOLMAX': [-1, 2]}), ({'CONV': [64, 5]}, {'CONV': [128, 3]}), ({'CONV': [256, 3]}, {'CONV': [256, 5]}, {'POOLMAX': [-1, 2]}), {'GLOBAL_AVG': None}, {'LAST_DENSE': [100, 'softmax']}]",HHSE,NSGA2,,,,,0.7054958287741648,,,,1160163328,4135716,,,,,,"[0, 0, 35, 3, 52, 5, 44, 55]",0.7214939985082206,-0.0007123485541102,0.0,0.0,0.75,0.0,0.41,0,0,0,100,0,0.0,BEST,False,False,184,True,True,GREEDY,,,GREEDY_HV
BBIPBJ[M][M],16,17,58,41,0.58,True,True,"[0, 44, 38, 15, 36, 6, 28, 55]",[],"[0.0700016833169355, 44.04470826533385, 38.946870154001715, 15.497728320719693, 36.91493586832826, 6.2235249789336065, 28.13782231606503, 55.81652174545972]","[{'INP': 32}, {'CONV': [64, 3]}, ({'CONV': [32, 3]}, {'CONV': [32, 3]}), ({'CONV': [128, 5]}, {'CONV': [128, 3]}, {'POOLMAX': [-1, 2]}), ({'CONV': [128, 3]}, {'CONV': [256, 3]}), ({'CONV': [32, 5]}, {'CONV': [256, 5]}, {'POOLMAX': [-1, 2]}), ({'CONV': [128, 3]}, {'CONV': [128, 3]}), ({'CONV': [32, 3]}, {'CONV': [256, 3]}, {'POOLMAX': [-1, 2]}), ({'CONV': [64, 5]}, {'CONV': [128, 3]}), ({'CONV': [256, 3]}, {'CONV': [256, 5]}, {'POOLMAX': [-1, 2]}), {'GLOBAL_AVG': None}, {'LAST_DENSE': [100, 'softmax']}]",HHSE,NSGA2,,,,,0.7054958287741648,,,,1160163328,4135716,,,,,,"[0, 0, 35, 3, 52, 5, 44, 55]",0.7215926945960769,-0.0005167609761275,0.0,0.0,0.75,0.0,0.41,0,1,0,100,0,0.01,BEST,False,False,184,True,True,GREEDY,,,GREEDY_HV
BBIPBJ[M][M],16,17,59,41,0.59,True,True,"[0, 44, 38, 15, 36, 6, 28, 55]",[],"[0.0700016833169355, 44.04470826533385, 38.946870154001715, 15.497728320719693, 36.91493586832826, 6.2235249789336065, 28.13782231606503, 55.81652174545972]","[{'INP': 32}, {'CONV': [64, 3]}, ({'CONV': [32, 3]}, {'CONV': [32, 3]}), ({'CONV': [128, 5]}, {'CONV': [128, 3]}, {'POOLMAX': [-1, 2]}), ({'CONV': [128, 3]}, {'CONV': [256, 3]}), ({'CONV': [32, 5]}, {'CONV': [256, 5]}, {'POOLMAX': [-1, 2]}), ({'CONV': [128, 3]}, {'CONV': [128, 3]}), ({'CONV': [32, 3]}, {'CONV': [256, 3]}, {'POOLMAX': [-1, 2]}), ({'CONV': [64, 5]}, {'CONV': [128, 3]}), ({'CONV': [256, 3]}, {'CONV': [256, 5]}, {'POOLMAX': [-1, 2]}), {'GLOBAL_AVG': None}, {'LAST_DENSE': [100, 'softmax']}]",HHSE,NSGA2,,,,,0.7054958287741648,,,,1160163328,4135716,,,,,,"[0, 0, 35, 3, 52, 5, 44, 55]",0.7215735774305233,-0.0010081502905731,0.0,0.0,0.75,0.0,0.41,0,0,0,100,0,0.0,BEST,False,False,184,True,True,GREEDY,,,GREEDY_HV
BBIPBJ[M][M],16,17,60,41,0.6,True,True,"[0, 44, 38, 15, 36, 6, 28, 55]",[],"[0.0700016833169355, 44.04470826533385, 38.946870154001715, 15.497728320719693, 36.91493586832826, 6.2235249789336065, 28.13782231606503, 55.81652174545972]","[{'INP': 32}, {'CONV': [64, 3]}, ({'CONV': [32, 3]}, {'CONV': [32, 3]}), ({'CONV': [128, 5]}, {'CONV': [128, 3]}, {'POOLMAX': [-1, 2]}), ({'CONV': [128, 3]}, {'CONV': [256, 3]}), ({'CONV': [32, 5]}, {'CONV': [256, 5]}, {'POOLMAX': [-1, 2]}), ({'CONV': [128, 3]}, {'CONV': [128, 3]}), ({'CONV': [32, 3]}, {'CONV': [256, 3]}, {'POOLMAX': [-1, 2]}), ({'CONV': [64, 5]}, {'CONV': [128, 3]}), ({'CONV': [256, 3]}, {'CONV': [256, 5]}, {'POOLMAX': [-1, 2]}), {'GLOBAL_AVG': None}, {'LAST_DENSE': [100, 'softmax']}]",HHSE,NSGA2,,,,,0.7054958287741648,,,,1160163328,4135716,,,,,,"[0, 0, 35, 3, 52, 5, 44, 55]",0.7215901299728062,-0.0004565683733108,0.0,0.0,0.75,0.0,0.41,0,0,0,100,0,0.0,BEST,False,False,184,True,True,GREEDY,,,GREEDY_HV
BBIPBJ[M][M],16,17,61,41,0.61,True,True,"[0, 44, 38, 15, 36, 6, 28, 55]",[],"[0.0700016833169355, 44.04470826533385, 38.946870154001715, 15.497728320719693, 36.91493586832826, 6.2235249789336065, 28.13782231606503, 55.81652174545972]","[{'INP': 32}, {'CONV': [64, 3]}, ({'CONV': [32, 3]}, {'CONV': [32, 3]}), ({'CONV': [128, 5]}, {'CONV': [128, 3]}, {'POOLMAX': [-1, 2]}), ({'CONV': [128, 3]}, {'CONV': [256, 3]}), ({'CONV': [32, 5]}, {'CONV': [256, 5]}, {'POOLMAX': [-1, 2]}), ({'CONV': [128, 3]}, {'CONV': [128, 3]}), ({'CONV': [32, 3]}, {'CONV': [256, 3]}, {'POOLMAX': [-1, 2]}), ({'CONV': [64, 5]}, {'CONV': [128, 3]}), ({'CONV': [256, 3]}, {'CONV': [256, 5]}, {'POOLMAX': [-1, 2]}), {'GLOBAL_AVG': None}, {'LAST_DENSE': [100, 'softmax']}]",HHSE,NSGA2,,,,,0.7054958287741648,,,,1160163328,4135716,,,,,,"[0, 0, 35, 3, 52, 5, 44, 55]",0.7221525032626895,-0.0004802010725417,0.0,0.0,0.75,0.0,0.41,0,0,0,100,0,0.0,BEST,False,False,184,True,True,GREEDY,,,GREEDY_HV
BBIPBJ[M][M],16,17,62,41,0.62,True,True,"[0, 44, 38, 15, 36, 6, 28, 55]",[],"[0.0700016833169355, 44.04470826533385, 38.946870154001715, 15.497728320719693, 36.91493586832826, 6.2235249789336065, 28.13782231606503, 55.81652174545972]","[{'INP': 32}, {'CONV': [64, 3]}, ({'CONV': [32, 3]}, {'CONV': [32, 3]}), ({'CONV': [128, 5]}, {'CONV': [128, 3]}, {'POOLMAX': [-1, 2]}), ({'CONV': [128, 3]}, {'CONV': [256, 3]}), ({'CONV': [32, 5]}, {'CONV': [256, 5]}, {'POOLMAX': [-1, 2]}), ({'CONV': [128, 3]}, {'CONV': [128, 3]}), ({'CONV': [32, 3]}, {'CONV': [256, 3]}, {'POOLMAX': [-1, 2]}), ({'CONV': [64, 5]}, {'CONV': [128, 3]}), ({'CONV': [256, 3]}, {'CONV': [256, 5]}, {'POOLMAX': [-1, 2]}), {'GLOBAL_AVG': None}, {'LAST_DENSE': [100, 'softmax']}]",HHSE,NSGA2,,,,,0.7054958287741648,,,,1160163328,4135716,,,,,,"[0, 0, 35, 3, 52, 5, 44, 55]",0.7221528937769454,-0.0011990265446256,0.0,0.0,0.75,0.0,0.41,0,1,0,100,0,0.01,BEST,False,False,184,True,True,GREEDY,,,GREEDY_HV
BBIPBJ[M][M],16,17,63,41,0.63,True,True,"[0, 44, 38, 15, 36, 6, 28, 55]",[],"[0.0700016833169355, 44.04470826533385, 38.946870154001715, 15.497728320719693, 36.91493586832826, 6.2235249789336065, 28.13782231606503, 55.81652174545972]","[{'INP': 32}, {'CONV': [64, 3]}, ({'CONV': [32, 3]}, {'CONV': [32, 3]}), ({'CONV': [128, 5]}, {'CONV': [128, 3]}, {'POOLMAX': [-1, 2]}), ({'CONV': [128, 3]}, {'CONV': [256, 3]}), ({'CONV': [32, 5]}, {'CONV': [256, 5]}, {'POOLMAX': [-1, 2]}), ({'CONV': [128, 3]}, {'CONV': [128, 3]}), ({'CONV': [32, 3]}, {'CONV': [256, 3]}, {'POOLMAX': [-1, 2]}), ({'CONV': [64, 5]}, {'CONV': [128, 3]}), ({'CONV': [256, 3]}, {'CONV': [256, 5]}, {'POOLMAX': [-1, 2]}), {'GLOBAL_AVG': None}, {'LAST_DENSE': [100, 'softmax']}]",HHSE,NSGA2,,,,,0.7054958287741648,,,,1160163328,4135716,,,,,,"[0, 0, 35, 3, 52, 5, 44, 55]",0.7221635025071056,-0.0011659569218386,0.0,0.0,0.75,0.0,0.41,0,0,0,100,0,0.0,BEST,False,False,184,True,True,GREEDY,,,GREEDY_HV
BBIPBJ[M][M],16,17,64,41,0.64,True,True,"[0, 44, 38, 15, 36, 6, 28, 55]",[],"[0.0700016833169355, 44.04470826533385, 38.946870154001715, 15.497728320719693, 36.91493586832826, 6.2235249789336065, 28.13782231606503, 55.81652174545972]","[{'INP': 32}, {'CONV': [64, 3]}, ({'CONV': [32, 3]}, {'CONV': [32, 3]}), ({'CONV': [128, 5]}, {'CONV': [128, 3]}, {'POOLMAX': [-1, 2]}), ({'CONV': [128, 3]}, {'CONV': [256, 3]}), ({'CONV': [32, 5]}, {'CONV': [256, 5]}, {'POOLMAX': [-1, 2]}), ({'CONV': [128, 3]}, {'CONV': [128, 3]}), ({'CONV': [32, 3]}, {'CONV': [256, 3]}, {'POOLMAX': [-1, 2]}), ({'CONV': [64, 5]}, {'CONV': [128, 3]}), ({'CONV': [256, 3]}, {'CONV': [256, 5]}, {'POOLMAX': [-1, 2]}), {'GLOBAL_AVG': None}, {'LAST_DENSE': [100, 'softmax']}]",HHSE,NSGA2,,,,,0.7054958287741648,,,,1160163328,4135716,,,,,,"[0, 0, 35, 3, 52, 5, 44, 55]",0.7221934092450939,-0.0002877458917146,0.0,0.0,0.75,0.0,0.41,0,0,0,100,0,0.0,BEST,False,False,184,True,True,GREEDY,,,GREEDY_HV
BBIPBJ[M][M],16,17,65,41,0.65,True,True,"[0, 44, 38, 15, 36, 6, 28, 55]",[],"[0.0700016833169355, 44.04470826533385, 38.946870154001715, 15.497728320719693, 36.91493586832826, 6.2235249789336065, 28.13782231606503, 55.81652174545972]","[{'INP': 32}, {'CONV': [64, 3]}, ({'CONV': [32, 3]}, {'CONV': [32, 3]}), ({'CONV': [128, 5]}, {'CONV': [128, 3]}, {'POOLMAX': [-1, 2]}), ({'CONV': [128, 3]}, {'CONV': [256, 3]}), ({'CONV': [32, 5]}, {'CONV': [256, 5]}, {'POOLMAX': [-1, 2]}), ({'CONV': [128, 3]}, {'CONV': [128, 3]}), ({'CONV': [32, 3]}, {'CONV': [256, 3]}, {'POOLMAX': [-1, 2]}), ({'CONV': [64, 5]}, {'CONV': [128, 3]}), ({'CONV': [256, 3]}, {'CONV': [256, 5]}, {'POOLMAX': [-1, 2]}), {'GLOBAL_AVG': None}, {'LAST_DENSE': [100, 'softmax']}]",HHSE,NSGA2,,,,,0.7054958287741648,,,,1160163328,4135716,,,,,,"[0, 0, 35, 3, 52, 5, 44, 55]",0.722383226562349,-0.0003782997282211,0.0,0.0,0.75,0.0,0.41,0,0,0,100,0,0.0,BEST,False,False,184,True,True,GREEDY,,,GREEDY_HV
BBIPBJ[M][M],16,17,66,41,0.66,True,True,"[0, 44, 38, 15, 36, 6, 28, 55]",[],"[0.0700016833169355, 44.04470826533385, 38.946870154001715, 15.497728320719693, 36.91493586832826, 6.2235249789336065, 28.13782231606503, 55.81652174545972]","[{'INP': 32}, {'CONV': [64, 3]}, ({'CONV': [32, 3]}, {'CONV': [32, 3]}), ({'CONV': [128, 5]}, {'CONV': [128, 3]}, {'POOLMAX': [-1, 2]}), ({'CONV': [128, 3]}, {'CONV': [256, 3]}), ({'CONV': [32, 5]}, {'CONV': [256, 5]}, {'POOLMAX': [-1, 2]}), ({'CONV': [128, 3]}, {'CONV': [128, 3]}), ({'CONV': [32, 3]}, {'CONV': [256, 3]}, {'POOLMAX': [-1, 2]}), ({'CONV': [64, 5]}, {'CONV': [128, 3]}), ({'CONV': [256, 3]}, {'CONV': [256, 5]}, {'POOLMAX': [-1, 2]}), {'GLOBAL_AVG': None}, {'LAST_DENSE': [100, 'softmax']}]",HHSE,NSGA2,,,,,0.7054958287741648,,,,1160163328,4135716,,,,,,"[0, 0, 35, 3, 52, 5, 44, 55]",0.7221925383924965,-0.0001582279381413,0.0,0.0,0.75,0.0,0.41,0,0,0,100,0,0.0,BEST,False,False,184,True,True,GREEDY,,,GREEDY_HV
BBIPBJ[M][M],16,17,67,41,0.67,True,True,"[0, 44, 38, 15, 36, 6, 28, 55]",[],"[0.0700016833169355, 44.04470826533385, 38.946870154001715, 15.497728320719693, 36.91493586832826, 6.2235249789336065, 28.13782231606503, 55.81652174545972]","[{'INP': 32}, {'CONV': [64, 3]}, ({'CONV': [32, 3]}, {'CONV': [32, 3]}), ({'CONV': [128, 5]}, {'CONV': [128, 3]}, {'POOLMAX': [-1, 2]}), ({'CONV': [128, 3]}, {'CONV': [256, 3]}), ({'CONV': [32, 5]}, {'CONV': [256, 5]}, {'POOLMAX': [-1, 2]}), ({'CONV': [128, 3]}, {'CONV': [128, 3]}), ({'CONV': [32, 3]}, {'CONV': [256, 3]}, {'POOLMAX': [-1, 2]}), ({'CONV': [64, 5]}, {'CONV': [128, 3]}), ({'CONV': [256, 3]}, {'CONV': [256, 5]}, {'POOLMAX': [-1, 2]}), {'GLOBAL_AVG': None}, {'LAST_DENSE': [100, 'softmax']}]",HHSE,NSGA2,,,,,0.7054958287741648,,,,1160163328,4135716,,,,,,"[0, 0, 35, 3, 52, 5, 44, 55]",0.7228800509316452,-0.0003920666989732,0.0,0.0,0.75,0.0,0.41,0,0,0,100,0,0.0,BEST,False,False,184,True,True,GREEDY,,,GREEDY_HV
BBIPBJ[M][M],16,17,68,41,0.68,True,True,"[0, 44, 38, 15, 36, 6, 28, 55]",[],"[0.0700016833169355, 44.04470826533385, 38.946870154001715, 15.497728320719693, 36.91493586832826, 6.2235249789336065, 28.13782231606503, 55.81652174545972]","[{'INP': 32}, {'CONV': [64, 3]}, ({'CONV': [32, 3]}, {'CONV': [32, 3]}), ({'CONV': [128, 5]}, {'CONV': [128, 3]}, {'POOLMAX': [-1, 2]}), ({'CONV': [128, 3]}, {'CONV': [256, 3]}), ({'CONV': [32, 5]}, {'CONV': [256, 5]}, {'POOLMAX': [-1, 2]}), ({'CONV': [128, 3]}, {'CONV': [128, 3]}), ({'CONV': [32, 3]}, {'CONV': [256, 3]}, {'POOLMAX': [-1, 2]}), ({'CONV': [64, 5]}, {'CONV': [128, 3]}), ({'CONV': [256, 3]}, {'CONV': [256, 5]}, {'POOLMAX': [-1, 2]}), {'GLOBAL_AVG': None}, {'LAST_DENSE': [100, 'softmax']}]",HHSE,NSGA2,,,,,0.7054958287741648,,,,1160163328,4135716,,,,,,"[0, 0, 35, 3, 52, 5, 44, 55]",0.7229124682779577,-5.561346619009644e-05,0.0,0.0,0.75,0.0,0.41,0,0,0,100,0,0.0,BEST,False,False,184,True,True,GREEDY,,,GREEDY_HV
BBIPBJ[M][M],16,17,69,41,0.69,True,True,"[0, 44, 38, 15, 36, 6, 28, 55]",[],"[0.0700016833169355, 44.04470826533385, 38.946870154001715, 15.497728320719693, 36.91493586832826, 6.2235249789336065, 28.13782231606503, 55.81652174545972]","[{'INP': 32}, {'CONV': [64, 3]}, ({'CONV': [32, 3]}, {'CONV': [32, 3]}), ({'CONV': [128, 5]}, {'CONV': [128, 3]}, {'POOLMAX': [-1, 2]}), ({'CONV': [128, 3]}, {'CONV': [256, 3]}), ({'CONV': [32, 5]}, {'CONV': [256, 5]}, {'POOLMAX': [-1, 2]}), ({'CONV': [128, 3]}, {'CONV': [128, 3]}), ({'CONV': [32, 3]}, {'CONV': [256, 3]}, {'POOLMAX': [-1, 2]}), ({'CONV': [64, 5]}, {'CONV': [128, 3]}), ({'CONV': [256, 3]}, {'CONV': [256, 5]}, {'POOLMAX': [-1, 2]}), {'GLOBAL_AVG': None}, {'LAST_DENSE': [100, 'softmax']}]",HHSE,NSGA2,,,,,0.7054958287741648,,,,1160163328,4135716,,,,,,"[0, 0, 35, 3, 52, 5, 44, 55]",0.7229785092789797,-0.0004740506274784,0.0,0.0,0.75,0.0,0.41,0,1,0,100,0,0.01,BEST,False,False,184,True,True,GREEDY,,,GREEDY_HV
BBIPBJ[M][M],16,17,70,41,0.7,True,True,"[0, 44, 38, 15, 36, 6, 28, 55]",[],"[0.0700016833169355, 44.04470826533385, 38.946870154001715, 15.497728320719693, 36.91493586832826, 6.2235249789336065, 28.13782231606503, 55.81652174545972]","[{'INP': 32}, {'CONV': [64, 3]}, ({'CONV': [32, 3]}, {'CONV': [32, 3]}), ({'CONV': [128, 5]}, {'CONV': [128, 3]}, {'POOLMAX': [-1, 2]}), ({'CONV': [128, 3]}, {'CONV': [256, 3]}), ({'CONV': [32, 5]}, {'CONV': [256, 5]}, {'POOLMAX': [-1, 2]}), ({'CONV': [128, 3]}, {'CONV': [128, 3]}), ({'CONV': [32, 3]}, {'CONV': [256, 3]}, {'POOLMAX': [-1, 2]}), ({'CONV': [64, 5]}, {'CONV': [128, 3]}), ({'CONV': [256, 3]}, {'CONV': [256, 5]}, {'POOLMAX': [-1, 2]}), {'GLOBAL_AVG': None}, {'LAST_DENSE': [100, 'softmax']}]",HHSE,NSGA2,,,,,0.7054958287741648,,,,1160163328,4135716,,,,,,"[0, 0, 35, 3, 52, 5, 44, 55]",0.7229689436213077,-0.0005344628807265,0.0,0.0,0.75,0.0,0.41,0,0,0,100,0,0.0,BEST,False,False,184,True,True,GREEDY,,,GREEDY_HV
BBIPBJ[M][M],16,17,71,41,0.71,True,True,"[0, 44, 38, 15, 36, 6, 28, 55]",[],"[0.0700016833169355, 44.04470826533385, 38.946870154001715, 15.497728320719693, 36.91493586832826, 6.2235249789336065, 28.13782231606503, 55.81652174545972]","[{'INP': 32}, {'CONV': [64, 3]}, ({'CONV': [32, 3]}, {'CONV': [32, 3]}), ({'CONV': [128, 5]}, {'CONV': [128, 3]}, {'POOLMAX': [-1, 2]}), ({'CONV': [128, 3]}, {'CONV': [256, 3]}), ({'CONV': [32, 5]}, {'CONV': [256, 5]}, {'POOLMAX': [-1, 2]}), ({'CONV': [128, 3]}, {'CONV': [128, 3]}), ({'CONV': [32, 3]}, {'CONV': [256, 3]}, {'POOLMAX': [-1, 2]}), ({'CONV': [64, 5]}, {'CONV': [128, 3]}), ({'CONV': [256, 3]}, {'CONV': [256, 5]}, {'POOLMAX': [-1, 2]}), {'GLOBAL_AVG': None}, {'LAST_DENSE': [100, 'softmax']}]",HHSE,NSGA2,,,,,0.7054958287741648,,,,1160163328,4135716,,,,,,"[0, 0, 35, 3, 52, 5, 44, 55]",0.7229887824497687,-0.0004044514231547,0.0,0.0,0.75,0.0,0.41,0,0,0,100,0,0.0,BEST,False,False,184,True,True,GREEDY,,,GREEDY_HV
BBIPBJ[M][M],16,17,72,41,0.72,True,True,"[0, 44, 38, 15, 36, 6, 28, 55]",[],"[0.0700016833169355, 44.04470826533385, 38.946870154001715, 15.497728320719693, 36.91493586832826, 6.2235249789336065, 28.13782231606503, 55.81652174545972]","[{'INP': 32}, {'CONV': [64, 3]}, ({'CONV': [32, 3]}, {'CONV': [32, 3]}), ({'CONV': [128, 5]}, {'CONV': [128, 3]}, {'POOLMAX': [-1, 2]}), ({'CONV': [128, 3]}, {'CONV': [256, 3]}), ({'CONV': [32, 5]}, {'CONV': [256, 5]}, {'POOLMAX': [-1, 2]}), ({'CONV': [128, 3]}, {'CONV': [128, 3]}), ({'CONV': [32, 3]}, {'CONV': [256, 3]}, {'POOLMAX': [-1, 2]}), ({'CONV': [64, 5]}, {'CONV': [128, 3]}), ({'CONV': [256, 3]}, {'CONV': [256, 5]}, {'POOLMAX': [-1, 2]}), {'GLOBAL_AVG': None}, {'LAST_DENSE': [100, 'softmax']}]",HHSE,NSGA2,,,,,0.7054958287741648,,,,1160163328,4135716,,,,,,"[0, 0, 35, 3, 52, 5, 44, 55]",0.722999490102959,-0.0004992441110975,0.0,0.0,0.75,0.0,0.41,0,0,0,100,0,0.0,BEST,False,False,184,True,True,GREEDY,,,GREEDY_HV
BBIPBJ[M][M],16,17,73,41,0.73,True,True,"[0, 44, 38, 15, 36, 6, 28, 55]",[],"[0.0700016833169355, 44.04470826533385, 38.946870154001715, 15.497728320719693, 36.91493586832826, 6.2235249789336065, 28.13782231606503, 55.81652174545972]","[{'INP': 32}, {'CONV': [64, 3]}, ({'CONV': [32, 3]}, {'CONV': [32, 3]}), ({'CONV': [128, 5]}, {'CONV': [128, 3]}, {'POOLMAX': [-1, 2]}), ({'CONV': [128, 3]}, {'CONV': [256, 3]}), ({'CONV': [32, 5]}, {'CONV': [256, 5]}, {'POOLMAX': [-1, 2]}), ({'CONV': [128, 3]}, {'CONV': [128, 3]}), ({'CONV': [32, 3]}, {'CONV': [256, 3]}, {'POOLMAX': [-1, 2]}), ({'CONV': [64, 5]}, {'CONV': [128, 3]}), ({'CONV': [256, 3]}, {'CONV': [256, 5]}, {'POOLMAX': [-1, 2]}), {'GLOBAL_AVG': None}, {'LAST_DENSE': [100, 'softmax']}]",HHSE,NSGA2,,,,,0.7054958287741648,,,,1160163328,4135716,,,,,,"[0, 0, 35, 3, 52, 5, 44, 55]",0.723007875391238,-0.0004516881186907,0.0,0.0,0.75,0.0,0.41,0,0,0,100,0,0.0,BEST,False,False,184,True,True,GREEDY,,,GREEDY_HV
BBIPBJ[M][M],16,17,74,41,0.74,True,True,"[0, 44, 38, 15, 36, 6, 28, 55]",[],"[0.0700016833169355, 44.04470826533385, 38.946870154001715, 15.497728320719693, 36.91493586832826, 6.2235249789336065, 28.13782231606503, 55.81652174545972]","[{'INP': 32}, {'CONV': [64, 3]}, ({'CONV': [32, 3]}, {'CONV': [32, 3]}), ({'CONV': [128, 5]}, {'CONV': [128, 3]}, {'POOLMAX': [-1, 2]}), ({'CONV': [128, 3]}, {'CONV': [256, 3]}), ({'CONV': [32, 5]}, {'CONV': [256, 5]}, {'POOLMAX': [-1, 2]}), ({'CONV': [128, 3]}, {'CONV': [128, 3]}), ({'CONV': [32, 3]}, {'CONV': [256, 3]}, {'POOLMAX': [-1, 2]}), ({'CONV': [64, 5]}, {'CONV': [128, 3]}), ({'CONV': [256, 3]}, {'CONV': [256, 5]}, {'POOLMAX': [-1, 2]}), {'GLOBAL_AVG': None}, {'LAST_DENSE': [100, 'softmax']}]",HHSE,NSGA2,,,,,0.7054958287741648,,,,1160163328,4135716,,,,,,"[0, 0, 35, 3, 52, 5, 44, 55]",0.7231869260125744,-0.0003398901750656,0.0,0.0,0.75,0.0,0.41,0,0,0,100,0,0.0,BEST,False,False,184,True,True,GREEDY,,,GREEDY_HV
BBIPBJ[M][M],16,17,75,41,0.75,True,True,"[0, 44, 38, 15, 36, 6, 28, 55]",[],"[0.0700016833169355, 44.04470826533385, 38.946870154001715, 15.497728320719693, 36.91493586832826, 6.2235249789336065, 28.13782231606503, 55.81652174545972]","[{'INP': 32}, {'CONV': [64, 3]}, ({'CONV': [32, 3]}, {'CONV': [32, 3]}), ({'CONV': [128, 5]}, {'CONV': [128, 3]}, {'POOLMAX': [-1, 2]}), ({'CONV': [128, 3]}, {'CONV': [256, 3]}), ({'CONV': [32, 5]}, {'CONV': [256, 5]}, {'POOLMAX': [-1, 2]}), ({'CONV': [128, 3]}, {'CONV': [128, 3]}), ({'CONV': [32, 3]}, {'CONV': [256, 3]}, {'POOLMAX': [-1, 2]}), ({'CONV': [64, 5]}, {'CONV': [128, 3]}), ({'CONV': [256, 3]}, {'CONV': [256, 5]}, {'POOLMAX': [-1, 2]}), {'GLOBAL_AVG': None}, {'LAST_DENSE': [100, 'softmax']}]",HHSE,NSGA2,,,,,0.7054958287741648,,,,1160163328,4135716,,,,,,"[0, 0, 35, 3, 52, 5, 44, 55]",0.7235428662333686,0.0002430923911908,0.0,0.0,0.75,0.0,0.41,0,0,0,100,0,0.0,BEST,False,False,184,True,True,GREEDY,,,GREEDY_HV
BBIPBJ[M][M],16,17,76,41,0.76,True,True,"[0, 44, 38, 15, 36, 6, 28, 55]",[],"[0.0700016833169355, 44.04470826533385, 38.946870154001715, 15.497728320719693, 36.91493586832826, 6.2235249789336065, 28.13782231606503, 55.81652174545972]","[{'INP': 32}, {'CONV': [64, 3]}, ({'CONV': [32, 3]}, {'CONV': [32, 3]}), ({'CONV': [128, 5]}, {'CONV': [128, 3]}, {'POOLMAX': [-1, 2]}), ({'CONV': [128, 3]}, {'CONV': [256, 3]}), ({'CONV': [32, 5]}, {'CONV': [256, 5]}, {'POOLMAX': [-1, 2]}), ({'CONV': [128, 3]}, {'CONV': [128, 3]}), ({'CONV': [32, 3]}, {'CONV': [256, 3]}, {'POOLMAX': [-1, 2]}), ({'CONV': [64, 5]}, {'CONV': [128, 3]}), ({'CONV': [256, 3]}, {'CONV': [256, 5]}, {'POOLMAX': [-1, 2]}), {'GLOBAL_AVG': None}, {'LAST_DENSE': [100, 'softmax']}]",HHSE,NSGA2,,,,,0.7054958287741648,,,,1160163328,4135716,,,,,,"[0, 0, 35, 3, 52, 5, 44, 55]",0.7231609396716363,-0.0001761121916573,0.0,0.0,0.75,0.0,0.41,0,1,0,100,0,0.01,BEST,False,False,184,True,True,GREEDY,,,GREEDY_HV
BBIPBJ[M][M],16,17,77,41,0.77,True,True,"[0, 44, 38, 15, 36, 6, 28, 55]",[],"[0.0700016833169355, 44.04470826533385, 38.946870154001715, 15.497728320719693, 36.91493586832826, 6.2235249789336065, 28.13782231606503, 55.81652174545972]","[{'INP': 32}, {'CONV': [64, 3]}, ({'CONV': [32, 3]}, {'CONV': [32, 3]}), ({'CONV': [128, 5]}, {'CONV': [128, 3]}, {'POOLMAX': [-1, 2]}), ({'CONV': [128, 3]}, {'CONV': [256, 3]}), ({'CONV': [32, 5]}, {'CONV': [256, 5]}, {'POOLMAX': [-1, 2]}), ({'CONV': [128, 3]}, {'CONV': [128, 3]}), ({'CONV': [32, 3]}, {'CONV': [256, 3]}, {'POOLMAX': [-1, 2]}), ({'CONV': [64, 5]}, {'CONV': [128, 3]}), ({'CONV': [256, 3]}, {'CONV': [256, 5]}, {'POOLMAX': [-1, 2]}), {'GLOBAL_AVG': None}, {'LAST_DENSE': [100, 'softmax']}]",HHSE,NSGA2,,,,,0.7054958287741648,,,,1160163328,4135716,,,,,,"[0, 0, 35, 3, 52, 5, 44, 55]",0.7232049523432514,-0.0005313892667009,0.0,0.0,0.75,0.0,0.41,0,1,0,100,0,0.01,BEST,False,False,184,True,True,GREEDY,,,GREEDY_HV
BBIPBJ[M][M],16,17,78,41,0.78,True,True,"[0, 44, 38, 15, 36, 6, 28, 55]",[],"[0.0700016833169355, 44.04470826533385, 38.946870154001715, 15.497728320719693, 36.91493586832826, 6.2235249789336065, 28.13782231606503, 55.81652174545972]","[{'INP': 32}, {'CONV': [64, 3]}, ({'CONV': [32, 3]}, {'CONV': [32, 3]}), ({'CONV': [128, 5]}, {'CONV': [128, 3]}, {'POOLMAX': [-1, 2]}), ({'CONV': [128, 3]}, {'CONV': [256, 3]}), ({'CONV': [32, 5]}, {'CONV': [256, 5]}, {'POOLMAX': [-1, 2]}), ({'CONV': [128, 3]}, {'CONV': [128, 3]}), ({'CONV': [32, 3]}, {'CONV': [256, 3]}, {'POOLMAX': [-1, 2]}), ({'CONV': [64, 5]}, {'CONV': [128, 3]}), ({'CONV': [256, 3]}, {'CONV': [256, 5]}, {'POOLMAX': [-1, 2]}), {'GLOBAL_AVG': None}, {'LAST_DENSE': [100, 'softmax']}]",HHSE,NSGA2,,,,,0.7054958287741648,,,,1160163328,4135716,,,,,,"[0, 0, 35, 3, 52, 5, 44, 55]",0.7237285318032347,-0.0003342381152171,0.0,0.0,0.75,0.0,0.41,0,0,0,100,0,0.0,BEST,False,False,184,True,True,GREEDY,,,GREEDY_HV
BLXNWH[M][M],16,17,79,79,0.79,True,True,"[14, 7, 15, 15, 22, 6, 7, 15]",[],"[14.699349377568332, 7.540538397198744, 15.289490407102969, 15.309453691189665, 22.525206162095483, 6.04229697234347, 7.391753263065148, 15.651018640231413]","[{'INP': 32}, {'CONV': [64, 3]}, ({'CONV': [32, 5]}, {'CONV': [256, 3]}), ({'CONV': [32, 3]}, {'CONV': [256, 5]}, {'POOLMAX': [-1, 2]}), ({'CONV': [32, 5]}, {'CONV': [256, 5]}), ({'CONV': [32, 5]}, {'CONV': [256, 5]}, {'POOLMAX': [-1, 2]}), ({'CONV': [64, 3]}, {'CONV': [256, 3]}), ({'CONV': [32, 3]}, {'CONV': [256, 3]}, {'POOLMAX': [-1, 2]}), ({'CONV': [32, 3]}, {'CONV': [256, 5]}), ({'CONV': [32, 5]}, {'CONV': [256, 5]}, {'POOLMAX': [-1, 2]}), {'GLOBAL_AVG': None}, {'LAST_DENSE': [100, 'softmax']}]",HHSE,NSGA2,,,,,0.7069895548038357,,,,1333590016,2390180,,,,,,"[14, 7, 15, 17, 22, 6, 6, 4]",0.723738020127987,-4.880023853393034e-05,0.0,0.0,0.375,0.75,0.79,0,0,0,100,0,0.0,BEST,False,False,159,True,True,GREEDY,,,GREEDY_HV
BLXNWH[M][M],16,17,80,79,0.8,True,True,"[14, 7, 15, 15, 22, 6, 7, 15]",[],"[14.699349377568332, 7.540538397198744, 15.289490407102969, 15.309453691189665, 22.525206162095483, 6.04229697234347, 7.391753263065148, 15.651018640231413]","[{'INP': 32}, {'CONV': [64, 3]}, ({'CONV': [32, 5]}, {'CONV': [256, 3]}), ({'CONV': [32, 3]}, {'CONV': [256, 5]}, {'POOLMAX': [-1, 2]}), ({'CONV': [32, 5]}, {'CONV': [256, 5]}), ({'CONV': [32, 5]}, {'CONV': [256, 5]}, {'POOLMAX': [-1, 2]}), ({'CONV': [64, 3]}, {'CONV': [256, 3]}), ({'CONV': [32, 3]}, {'CONV': [256, 3]}, {'POOLMAX': [-1, 2]}), ({'CONV': [32, 3]}, {'CONV': [256, 5]}), ({'CONV': [32, 5]}, {'CONV': [256, 5]}, {'POOLMAX': [-1, 2]}), {'GLOBAL_AVG': None}, {'LAST_DENSE': [100, 'softmax']}]",HHSE,NSGA2,,,,,0.7069895548038357,,,,1333590016,2390180,,,,,,"[14, 7, 15, 17, 22, 6, 6, 4]",0.7253915682824268,-0.000482194292289,0.0,0.0,0.375,0.0,0.79,0,0,0,100,0,0.0,BEST,False,False,159,True,True,GREEDY,,,GREEDY_HV
BLXNWH[M][M],16,17,81,79,0.81,True,True,"[14, 7, 15, 15, 22, 6, 7, 15]",[],"[14.699349377568332, 7.540538397198744, 15.289490407102969, 15.309453691189665, 22.525206162095483, 6.04229697234347, 7.391753263065148, 15.651018640231413]","[{'INP': 32}, {'CONV': [64, 3]}, ({'CONV': [32, 5]}, {'CONV': [256, 3]}), ({'CONV': [32, 3]}, {'CONV': [256, 5]}, {'POOLMAX': [-1, 2]}), ({'CONV': [32, 5]}, {'CONV': [256, 5]}), ({'CONV': [32, 5]}, {'CONV': [256, 5]}, {'POOLMAX': [-1, 2]}), ({'CONV': [64, 3]}, {'CONV': [256, 3]}), ({'CONV': [32, 3]}, {'CONV': [256, 3]}, {'POOLMAX': [-1, 2]}), ({'CONV': [32, 3]}, {'CONV': [256, 5]}), ({'CONV': [32, 5]}, {'CONV': [256, 5]}, {'POOLMAX': [-1, 2]}), {'GLOBAL_AVG': None}, {'LAST_DENSE': [100, 'softmax']}]",HHSE,NSGA2,,,,,0.7069895548038357,,,,1333590016,2390180,,,,,,"[14, 7, 15, 17, 22, 6, 6, 4]",0.7254683217052306,1.6725310340803823e-05,0.0,0.0,0.375,0.0,0.79,0,2,0,100,0,0.02,BEST,False,False,159,True,True,GREEDY,,,GREEDY_HV
BLXNWH[M][M],16,17,82,79,0.82,True,True,"[14, 7, 15, 15, 22, 6, 7, 15]",[],"[14.699349377568332, 7.540538397198744, 15.289490407102969, 15.309453691189665, 22.525206162095483, 6.04229697234347, 7.391753263065148, 15.651018640231413]","[{'INP': 32}, {'CONV': [64, 3]}, ({'CONV': [32, 5]}, {'CONV': [256, 3]}), ({'CONV': [32, 3]}, {'CONV': [256, 5]}, {'POOLMAX': [-1, 2]}), ({'CONV': [32, 5]}, {'CONV': [256, 5]}), ({'CONV': [32, 5]}, {'CONV': [256, 5]}, {'POOLMAX': [-1, 2]}), ({'CONV': [64, 3]}, {'CONV': [256, 3]}), ({'CONV': [32, 3]}, {'CONV': [256, 3]}, {'POOLMAX': [-1, 2]}), ({'CONV': [32, 3]}, {'CONV': [256, 5]}), ({'CONV': [32, 5]}, {'CONV': [256, 5]}, {'POOLMAX': [-1, 2]}), {'GLOBAL_AVG': None}, {'LAST_DENSE': [100, 'softmax']}]",HHSE,NSGA2,,,,,0.7069895548038357,,,,1333590016,2390180,,,,,,"[14, 7, 15, 17, 22, 6, 6, 4]",0.7257153946794532,-0.0005863063456513,0.0,0.0,0.375,0.0,0.79,0,0,0,100,0,0.0,BEST,False,False,159,True,True,GREEDY,,,GREEDY_HV
BLXNWH[M][M],16,17,83,79,0.83,True,True,"[14, 7, 15, 15, 22, 6, 7, 15]",[],"[14.699349377568332, 7.540538397198744, 15.289490407102969, 15.309453691189665, 22.525206162095483, 6.04229697234347, 7.391753263065148, 15.651018640231413]","[{'INP': 32}, {'CONV': [64, 3]}, ({'CONV': [32, 5]}, {'CONV': [256, 3]}), ({'CONV': [32, 3]}, {'CONV': [256, 5]}, {'POOLMAX': [-1, 2]}), ({'CONV': [32, 5]}, {'CONV': [256, 5]}), ({'CONV': [32, 5]}, {'CONV': [256, 5]}, {'POOLMAX': [-1, 2]}), ({'CONV': [64, 3]}, {'CONV': [256, 3]}), ({'CONV': [32, 3]}, {'CONV': [256, 3]}, {'POOLMAX': [-1, 2]}), ({'CONV': [32, 3]}, {'CONV': [256, 5]}), ({'CONV': [32, 5]}, {'CONV': [256, 5]}, {'POOLMAX': [-1, 2]}), {'GLOBAL_AVG': None}, {'LAST_DENSE': [100, 'softmax']}]",HHSE,NSGA2,,,,,0.7069895548038357,,,,1333590016,2390180,,,,,,"[14, 7, 15, 17, 22, 6, 6, 4]",0.7254813485527871,-0.0012185878348544,0.0,0.0,0.375,0.0,0.79,0,1,0,100,0,0.01,BEST,False,False,159,True,True,GREEDY,,,GREEDY_HV
BLXNWH[M][M],16,17,84,79,0.84,True,True,"[14, 7, 15, 15, 22, 6, 7, 15]",[],"[14.699349377568332, 7.540538397198744, 15.289490407102969, 15.309453691189665, 22.525206162095483, 6.04229697234347, 7.391753263065148, 15.651018640231413]","[{'INP': 32}, {'CONV': [64, 3]}, ({'CONV': [32, 5]}, {'CONV': [256, 3]}), ({'CONV': [32, 3]}, {'CONV': [256, 5]}, {'POOLMAX': [-1, 2]}), ({'CONV': [32, 5]}, {'CONV': [256, 5]}), ({'CONV': [32, 5]}, {'CONV': [256, 5]}, {'POOLMAX': [-1, 2]}), ({'CONV': [64, 3]}, {'CONV': [256, 3]}), ({'CONV': [32, 3]}, {'CONV': [256, 3]}, {'POOLMAX': [-1, 2]}), ({'CONV': [32, 3]}, {'CONV': [256, 5]}), ({'CONV': [32, 5]}, {'CONV': [256, 5]}, {'POOLMAX': [-1, 2]}), {'GLOBAL_AVG': None}, {'LAST_DENSE': [100, 'softmax']}]",HHSE,NSGA2,,,,,0.7069895548038357,,,,1333590016,2390180,,,,,,"[14, 7, 15, 17, 22, 6, 6, 4]",0.725476433558112,-6.133184181000839e-05,0.0,0.0,0.375,0.0,0.79,0,0,0,100,0,0.0,BEST,False,False,159,True,True,GREEDY,,,GREEDY_HV
BLXNWH[M][M],16,17,85,79,0.85,True,True,"[14, 7, 15, 15, 22, 6, 7, 15]",[],"[14.699349377568332, 7.540538397198744, 15.289490407102969, 15.309453691189665, 22.525206162095483, 6.04229697234347, 7.391753263065148, 15.651018640231413]","[{'INP': 32}, {'CONV': [64, 3]}, ({'CONV': [32, 5]}, {'CONV': [256, 3]}), ({'CONV': [32, 3]}, {'CONV': [256, 5]}, {'POOLMAX': [-1, 2]}), ({'CONV': [32, 5]}, {'CONV': [256, 5]}), ({'CONV': [32, 5]}, {'CONV': [256, 5]}, {'POOLMAX': [-1, 2]}), ({'CONV': [64, 3]}, {'CONV': [256, 3]}), ({'CONV': [32, 3]}, {'CONV': [256, 3]}, {'POOLMAX': [-1, 2]}), ({'CONV': [32, 3]}, {'CONV': [256, 5]}), ({'CONV': [32, 5]}, {'CONV': [256, 5]}, {'POOLMAX': [-1, 2]}), {'GLOBAL_AVG': None}, {'LAST_DENSE': [100, 'softmax']}]",HHSE,NSGA2,,,,,0.7069895548038357,,,,1333590016,2390180,,,,,,"[14, 7, 15, 17, 22, 6, 6, 4]",0.7255740413630909,-9.979917418057038e-05,0.0,0.0,0.375,0.0,0.79,0,0,0,100,0,0.0,BEST,False,False,159,True,True,GREEDY,,,GREEDY_HV
BLXNWH[M][M],16,17,86,79,0.86,True,True,"[14, 7, 15, 15, 22, 6, 7, 15]",[],"[14.699349377568332, 7.540538397198744, 15.289490407102969, 15.309453691189665, 22.525206162095483, 6.04229697234347, 7.391753263065148, 15.651018640231413]","[{'INP': 32}, {'CONV': [64, 3]}, ({'CONV': [32, 5]}, {'CONV': [256, 3]}), ({'CONV': [32, 3]}, {'CONV': [256, 5]}, {'POOLMAX': [-1, 2]}), ({'CONV': [32, 5]}, {'CONV': [256, 5]}), ({'CONV': [32, 5]}, {'CONV': [256, 5]}, {'POOLMAX': [-1, 2]}), ({'CONV': [64, 3]}, {'CONV': [256, 3]}), ({'CONV': [32, 3]}, {'CONV': [256, 3]}, {'POOLMAX': [-1, 2]}), ({'CONV': [32, 3]}, {'CONV': [256, 5]}), ({'CONV': [32, 5]}, {'CONV': [256, 5]}, {'POOLMAX': [-1, 2]}), {'GLOBAL_AVG': None}, {'LAST_DENSE': [100, 'softmax']}]",HHSE,NSGA2,,,,,0.7069895548038357,,,,1333590016,2390180,,,,,,"[14, 7, 15, 17, 22, 6, 6, 4]",0.7257607585947138,-0.0002764895902075,0.0,0.0,0.375,0.0,0.79,0,0,0,100,0,0.0,BEST,False,False,159,True,True,GREEDY,,,GREEDY_HV
BLXNWH[M][M],16,17,87,79,0.87,True,True,"[14, 7, 15, 15, 22, 6, 7, 15]",[],"[14.699349377568332, 7.540538397198744, 15.289490407102969, 15.309453691189665, 22.525206162095483, 6.04229697234347, 7.391753263065148, 15.651018640231413]","[{'INP': 32}, {'CONV': [64, 3]}, ({'CONV': [32, 5]}, {'CONV': [256, 3]}), ({'CONV': [32, 3]}, {'CONV': [256, 5]}, {'POOLMAX': [-1, 2]}), ({'CONV': [32, 5]}, {'CONV': [256, 5]}), ({'CONV': [32, 5]}, {'CONV': [256, 5]}, {'POOLMAX': [-1, 2]}), ({'CONV': [64, 3]}, {'CONV': [256, 3]}), ({'CONV': [32, 3]}, {'CONV': [256, 3]}, {'POOLMAX': [-1, 2]}), ({'CONV': [32, 3]}, {'CONV': [256, 5]}), ({'CONV': [32, 5]}, {'CONV': [256, 5]}, {'POOLMAX': [-1, 2]}), {'GLOBAL_AVG': None}, {'LAST_DENSE': [100, 'softmax']}]",HHSE,NSGA2,,,,,0.7069895548038357,,,,1333590016,2390180,,,,,,"[14, 7, 15, 17, 22, 6, 6, 4]",0.7257859107329566,-9.3062949705347e-06,0.0,0.0,0.375,0.0,0.79,0,1,0,100,0,0.01,BEST,False,False,159,True,True,GREEDY,,,GREEDY_HV
BLXNWH[M][M],16,17,88,79,0.88,True,True,"[14, 7, 15, 15, 22, 6, 7, 15]",[],"[14.699349377568332, 7.540538397198744, 15.289490407102969, 15.309453691189665, 22.525206162095483, 6.04229697234347, 7.391753263065148, 15.651018640231413]","[{'INP': 32}, {'CONV': [64, 3]}, ({'CONV': [32, 5]}, {'CONV': [256, 3]}), ({'CONV': [32, 3]}, {'CONV': [256, 5]}, {'POOLMAX': [-1, 2]}), ({'CONV': [32, 5]}, {'CONV': [256, 5]}), ({'CONV': [32, 5]}, {'CONV': [256, 5]}, {'POOLMAX': [-1, 2]}), ({'CONV': [64, 3]}, {'CONV': [256, 3]}), ({'CONV': [32, 3]}, {'CONV': [256, 3]}, {'POOLMAX': [-1, 2]}), ({'CONV': [32, 3]}, {'CONV': [256, 5]}), ({'CONV': [32, 5]}, {'CONV': [256, 5]}, {'POOLMAX': [-1, 2]}), {'GLOBAL_AVG': None}, {'LAST_DENSE': [100, 'softmax']}]",HHSE,NSGA2,,,,,0.7069895548038357,,,,1333590016,2390180,,,,,,"[14, 7, 15, 17, 22, 6, 6, 4]",0.7260211194279809,-5.0016594437041206e-05,0.0,0.0,0.375,0.0,0.79,0,1,0,100,0,0.01,BEST,False,False,159,True,True,GREEDY,,,GREEDY_HV
BEXIZB[M][M],16,17,89,89,0.89,True,True,"[2, 5, 9, 38, 47, 22, 30, 31]",[],"[2.645353857316414, 5.223805172126211, 9.095295779816444, 38.935281920554225, 47.650252166189716, 22.375583489634142, 30.86973242462631, 31.807805788044323]","[{'INP': 32}, {'CONV': [64, 3]}, ({'CONV': [32, 3]}, {'CONV': [64, 3]}), ({'CONV': [32, 3]}, {'CONV': [128, 5]}, {'POOLMAX': [-1, 2]}), ({'CONV': [32, 5]}, {'CONV': [32, 5]}), ({'CONV': [128, 3]}, {'CONV': [256, 3]}, {'POOLMAX': [-1, 2]}), ({'CONV': [128, 5]}, {'CONV': [256, 5]}), ({'CONV': [64, 3]}, {'CONV': [256, 3]}, {'POOLMAX': [-1, 2]}), ({'CONV': [64, 5]}, {'CONV': [256, 3]}), ({'CONV': [64, 5]}, {'CONV': [256, 5]}, {'POOLMAX': [-1, 2]}), {'GLOBAL_AVG': None}, {'LAST_DENSE': [100, 'softmax']}]",HHSE,NSGA2,,,,,0.7070799881636723,,,,856818688,3962916,,,,,,"[2, 4, 9, 38, 47, 21, 30, 31]",0.7261244518592784,-1.9529262406559056e-05,0.0,0.0,0.25,1.0,0.89,0,0,0,100,0,0.0,BEST,False,False,157,True,True,GREEDY,,,GREEDY_HV
BEXIZB[M][M],16,17,90,89,0.9,True,True,"[2, 5, 9, 38, 47, 22, 30, 31]",[],"[2.645353857316414, 5.223805172126211, 9.095295779816444, 38.935281920554225, 47.650252166189716, 22.375583489634142, 30.86973242462631, 31.807805788044323]","[{'INP': 32}, {'CONV': [64, 3]}, ({'CONV': [32, 3]}, {'CONV': [64, 3]}), ({'CONV': [32, 3]}, {'CONV': [128, 5]}, {'POOLMAX': [-1, 2]}), ({'CONV': [32, 5]}, {'CONV': [32, 5]}), ({'CONV': [128, 3]}, {'CONV': [256, 3]}, {'POOLMAX': [-1, 2]}), ({'CONV': [128, 5]}, {'CONV': [256, 5]}), ({'CONV': [64, 3]}, {'CONV': [256, 3]}, {'POOLMAX': [-1, 2]}), ({'CONV': [64, 5]}, {'CONV': [256, 3]}), ({'CONV': [64, 5]}, {'CONV': [256, 5]}, {'POOLMAX': [-1, 2]}), {'GLOBAL_AVG': None}, {'LAST_DENSE': [100, 'softmax']}]",HHSE,NSGA2,,,,,0.7070799881636723,,,,856818688,3962916,,,,,,"[2, 4, 9, 38, 47, 21, 30, 31]",0.7263022241986968,-2.9929784599813655e-05,0.0,0.0,0.25,0.0,0.89,0,0,0,100,0,0.0,BEST,False,False,157,True,True,GREEDY,,,GREEDY_HV
BEXIZB[M][M],16,17,91,89,0.91,True,True,"[2, 5, 9, 38, 47, 22, 30, 31]",[],"[2.645353857316414, 5.223805172126211, 9.095295779816444, 38.935281920554225, 47.650252166189716, 22.375583489634142, 30.86973242462631, 31.807805788044323]","[{'INP': 32}, {'CONV': [64, 3]}, ({'CONV': [32, 3]}, {'CONV': [64, 3]}), ({'CONV': [32, 3]}, {'CONV': [128, 5]}, {'POOLMAX': [-1, 2]}), ({'CONV': [32, 5]}, {'CONV': [32, 5]}), ({'CONV': [128, 3]}, {'CONV': [256, 3]}, {'POOLMAX': [-1, 2]}), ({'CONV': [128, 5]}, {'CONV': [256, 5]}), ({'CONV': [64, 3]}, {'CONV': [256, 3]}, {'POOLMAX': [-1, 2]}), ({'CONV': [64, 5]}, {'CONV': [256, 3]}), ({'CONV': [64, 5]}, {'CONV': [256, 5]}, {'POOLMAX': [-1, 2]}), {'GLOBAL_AVG': None}, {'LAST_DENSE': [100, 'softmax']}]",HHSE,NSGA2,,,,,0.7070799881636723,,,,856818688,3962916,,,,,,"[2, 4, 9, 38, 47, 21, 30, 31]",0.7263917445521262,-0.0002987016006831,0.0,0.0,0.25,0.0,0.89,0,0,0,100,0,0.0,BEST,False,False,157,True,True,GREEDY,,,GREEDY_HV
BVHUSI[M],16,17,92,92,0.92,True,True,"[0, 7, 15, 30, 22, 6, 21, 55]",[],"[0.9349325012319086, 7.755928358528116, 15.738303120931999, 30.649485129771225, 22.23914052746358, 6.73182079190338, 21.958611680167706, 55.76429113671663]","[{'INP': 32}, {'CONV': [64, 3]}, ({'CONV': [32, 3]}, {'CONV': [32, 3]}), ({'CONV': [32, 3]}, {'CONV': [256, 5]}, {'POOLMAX': [-1, 2]}), ({'CONV': [32, 5]}, {'CONV': [256, 5]}), ({'CONV': [64, 5]}, {'CONV': [256, 3]}, {'POOLMAX': [-1, 2]}), ({'CONV': [64, 3]}, {'CONV': [256, 3]}), ({'CONV': [32, 3]}, {'CONV': [256, 3]}, {'POOLMAX': [-1, 2]}), ({'CONV': [64, 3]}, {'CONV': [128, 5]}), ({'CONV': [256, 3]}, {'CONV': [256, 5]}, {'POOLMAX': [-1, 2]}), {'GLOBAL_AVG': None}, {'LAST_DENSE': [100, 'softmax']}]",HHSE,NSGA2,,,,,0.7088907259609957,,,,1127759872,3973028,,,,,,"[0, 7, 15, 30, 22, 6, 21, 55]",0.7264881520320221,4.599045599751328e-05,0.5,0.375,0.0,1.0,0.92,0,1,0,100,0,0.01,BEST,False,False,126,True,True,GREEDY,,,GREEDY_HV
BVHUSI[M],16,17,93,92,0.93,True,True,"[0, 7, 15, 30, 22, 6, 21, 55]",[],"[0.9349325012319086, 7.755928358528116, 15.738303120931999, 30.649485129771225, 22.23914052746358, 6.73182079190338, 21.958611680167706, 55.76429113671663]","[{'INP': 32}, {'CONV': [64, 3]}, ({'CONV': [32, 3]}, {'CONV': [32, 3]}), ({'CONV': [32, 3]}, {'CONV': [256, 5]}, {'POOLMAX': [-1, 2]}), ({'CONV': [32, 5]}, {'CONV': [256, 5]}), ({'CONV': [64, 5]}, {'CONV': [256, 3]}, {'POOLMAX': [-1, 2]}), ({'CONV': [64, 3]}, {'CONV': [256, 3]}), ({'CONV': [32, 3]}, {'CONV': [256, 3]}, {'POOLMAX': [-1, 2]}), ({'CONV': [64, 3]}, {'CONV': [128, 5]}), ({'CONV': [256, 3]}, {'CONV': [256, 5]}, {'POOLMAX': [-1, 2]}), {'GLOBAL_AVG': None}, {'LAST_DENSE': [100, 'softmax']}]",HHSE,NSGA2,,,,,0.7088907259609957,,,,1127759872,3973028,,,,,,"[0, 7, 15, 30, 22, 6, 21, 55]",0.7306805481585604,0.0007877025399591,0.5,0.375,0.0,0.0,0.92,0,1,0,100,0,0.01,BEST,False,False,126,True,True,GREEDY,,,GREEDY_HV
BVHUSI[M],16,17,94,92,0.94,True,True,"[0, 7, 15, 30, 22, 6, 21, 55]",[],"[0.9349325012319086, 7.755928358528116, 15.738303120931999, 30.649485129771225, 22.23914052746358, 6.73182079190338, 21.958611680167706, 55.76429113671663]","[{'INP': 32}, {'CONV': [64, 3]}, ({'CONV': [32, 3]}, {'CONV': [32, 3]}), ({'CONV': [32, 3]}, {'CONV': [256, 5]}, {'POOLMAX': [-1, 2]}), ({'CONV': [32, 5]}, {'CONV': [256, 5]}), ({'CONV': [64, 5]}, {'CONV': [256, 3]}, {'POOLMAX': [-1, 2]}), ({'CONV': [64, 3]}, {'CONV': [256, 3]}), ({'CONV': [32, 3]}, {'CONV': [256, 3]}, {'POOLMAX': [-1, 2]}), ({'CONV': [64, 3]}, {'CONV': [128, 5]}), ({'CONV': [256, 3]}, {'CONV': [256, 5]}, {'POOLMAX': [-1, 2]}), {'GLOBAL_AVG': None}, {'LAST_DENSE': [100, 'softmax']}]",HHSE,NSGA2,,,,,0.7088907259609957,,,,1127759872,3973028,,,,,,"[0, 7, 15, 30, 22, 6, 21, 55]",0.7280277903174771,4.0082570630817216e-05,0.5,0.375,0.0,0.0,0.92,0,1,0,100,0,0.01,BEST,False,False,126,True,True,GREEDY,,,GREEDY_HV
BVHUSI[M][M],16,17,95,95,0.95,True,True,"[0, 7, 15, 30, 22, 6, 22, 55]",[],"[0.9327400042422769, 7.703940341278407, 15.736672631505426, 30.509725395519993, 22.21823056365421, 6.725743996163837, 22.200329653158967, 55.69002106514361]","[{'INP': 32}, {'CONV': [64, 3]}, ({'CONV': [32, 3]}, {'CONV': [32, 3]}), ({'CONV': [32, 3]}, {'CONV': [256, 5]}, {'POOLMAX': [-1, 2]}), ({'CONV': [32, 5]}, {'CONV': [256, 5]}), ({'CONV': [64, 5]}, {'CONV': [256, 3]}, {'POOLMAX': [-1, 2]}), ({'CONV': [64, 3]}, {'CONV': [256, 3]}), ({'CONV': [32, 3]}, {'CONV': [256, 3]}, {'POOLMAX': [-1, 2]}), ({'CONV': [64, 3]}, {'CONV': [256, 3]}), ({'CONV': [256, 3]}, {'CONV': [256, 5]}, {'POOLMAX': [-1, 2]}), {'GLOBAL_AVG': None}, {'LAST_DENSE': [100, 'softmax']}]",HHSE,NSGA2,,,,,0.7122393918770494,,,,1135372288,4211108,,,,,,"[0, 7, 15, 30, 22, 6, 21, 55]",0.7309123592196901,0.0025761169884556,0.0,0.0,0.125,0.125,0.95,0,0,0,100,0,0.0,BEST,False,False,68,True,True,GREEDY,,,GREEDY_HV
BVHUSI[M][M],16,17,96,95,0.96,True,True,"[0, 7, 15, 30, 22, 6, 22, 55]",[],"[0.9327400042422769, 7.703940341278407, 15.736672631505426, 30.509725395519993, 22.21823056365421, 6.725743996163837, 22.200329653158967, 55.69002106514361]","[{'INP': 32}, {'CONV': [64, 3]}, ({'CONV': [32, 3]}, {'CONV': [32, 3]}), ({'CONV': [32, 3]}, {'CONV': [256, 5]}, {'POOLMAX': [-1, 2]}), ({'CONV': [32, 5]}, {'CONV': [256, 5]}), ({'CONV': [64, 5]}, {'CONV': [256, 3]}, {'POOLMAX': [-1, 2]}), ({'CONV': [64, 3]}, {'CONV': [256, 3]}), ({'CONV': [32, 3]}, {'CONV': [256, 3]}, {'POOLMAX': [-1, 2]}), ({'CONV': [64, 3]}, {'CONV': [256, 3]}), ({'CONV': [256, 3]}, {'CONV': [256, 5]}, {'POOLMAX': [-1, 2]}), {'GLOBAL_AVG': None}, {'LAST_DENSE': [100, 'softmax']}]",HHSE,NSGA2,,,,,0.7122393918770494,,,,1135372288,4211108,,,,,,"[0, 7, 15, 30, 22, 6, 21, 55]",0.7308390423794042,-2.903793285091716e-05,0.0,0.0,0.125,0.0,0.95,0,0,0,100,0,0.0,BEST,False,False,68,True,True,GREEDY,,,GREEDY_HV
BKNKGU[M],16,17,97,97,0.97,True,True,"[2, 7, 15, 30, 46, 6, 14, 55]",[],"[2.789664225653375, 7.728858467665793, 15.6838271655198, 30.421666077201863, 46.84304379977983, 6.926508200860912, 14.642406145052348, 55.650822554739236]","[{'INP': 32}, {'CONV': [64, 3]}, ({'CONV': [32, 3]}, {'CONV': [64, 3]}), ({'CONV': [32, 3]}, {'CONV': [256, 5]}, {'POOLMAX': [-1, 2]}), ({'CONV': [32, 5]}, {'CONV': [256, 5]}), ({'CONV': [64, 5]}, {'CONV': [256, 3]}, {'POOLMAX': [-1, 2]}), ({'CONV': [128, 5]}, {'CONV': [256, 3]}), ({'CONV': [32, 3]}, {'CONV': [256, 3]}, {'POOLMAX': [-1, 2]}), ({'CONV': [32, 5]}, {'CONV': [256, 3]}), ({'CONV': [256, 3]}, {'CONV': [256, 5]}, {'POOLMAX': [-1, 2]}), {'GLOBAL_AVG': None}, {'LAST_DENSE': [100, 'softmax']}]",HHSE,NSGA2,,,,,0.7158282832146153,,,,1277636096,5032612,,,,,,"[2, 7, 15, 30, 46, 6, 14, 55]",0.7308974074773074,-4.452302546198439e-06,0.375,0.5,0.0,0.375,0.97,0,0,0,100,0,0.0,BEST,False,False,19,True,True,GREEDY,,,GREEDY_HV
BKNKGU[M],16,17,98,97,0.98,True,True,"[2, 7, 15, 30, 46, 6, 14, 55]",[],"[2.789664225653375, 7.728858467665793, 15.6838271655198, 30.421666077201863, 46.84304379977983, 6.926508200860912, 14.642406145052348, 55.650822554739236]","[{'INP': 32}, {'CONV': [64, 3]}, ({'CONV': [32, 3]}, {'CONV': [64, 3]}), ({'CONV': [32, 3]}, {'CONV': [256, 5]}, {'POOLMAX': [-1, 2]}), ({'CONV': [32, 5]}, {'CONV': [256, 5]}), ({'CONV': [64, 5]}, {'CONV': [256, 3]}, {'POOLMAX': [-1, 2]}), ({'CONV': [128, 5]}, {'CONV': [256, 3]}), ({'CONV': [32, 3]}, {'CONV': [256, 3]}, {'POOLMAX': [-1, 2]}), ({'CONV': [32, 5]}, {'CONV': [256, 3]}), ({'CONV': [256, 3]}, {'CONV': [256, 5]}, {'POOLMAX': [-1, 2]}), {'GLOBAL_AVG': None}, {'LAST_DENSE': [100, 'softmax']}]",HHSE,NSGA2,,,,,0.7158282832146153,,,,1277636096,5032612,,,,,,"[2, 7, 15, 30, 46, 6, 14, 55]",0.7338690271785289,-0.000538291381014,0.375,0.5,0.0,0.0,0.97,0,0,0,100,0,0.0,BEST,False,False,19,True,True,GREEDY,,,GREEDY_HV
BKNKGU[M],16,17,99,97,0.99,True,True,"[2, 7, 15, 30, 46, 6, 14, 55]",[],"[2.789664225653375, 7.728858467665793, 15.6838271655198, 30.421666077201863, 46.84304379977983, 6.926508200860912, 14.642406145052348, 55.650822554739236]","[{'INP': 32}, {'CONV': [64, 3]}, ({'CONV': [32, 3]}, {'CONV': [64, 3]}), ({'CONV': [32, 3]}, {'CONV': [256, 5]}, {'POOLMAX': [-1, 2]}), ({'CONV': [32, 5]}, {'CONV': [256, 5]}), ({'CONV': [64, 5]}, {'CONV': [256, 3]}, {'POOLMAX': [-1, 2]}), ({'CONV': [128, 5]}, {'CONV': [256, 3]}), ({'CONV': [32, 3]}, {'CONV': [256, 3]}, {'POOLMAX': [-1, 2]}), ({'CONV': [32, 5]}, {'CONV': [256, 3]}), ({'CONV': [256, 3]}, {'CONV': [256, 5]}, {'POOLMAX': [-1, 2]}), {'GLOBAL_AVG': None}, {'LAST_DENSE': [100, 'softmax']}]",HHSE,NSGA2,,,,,0.7158282832146153,,,,1277636096,5032612,,,,,,"[2, 7, 15, 30, 46, 6, 14, 55]",0.7339552530378047,-2.493689756910556e-07,0.375,0.5,0.0,0.0,0.97,0,0,0,100,0,0.0,BEST,False,False,19,True,True,GREEDY,,,GREEDY_HV
BKNKGU[M],16,17,100,97,1.0,True,True,"[2, 7, 15, 30, 46, 6, 14, 55]",[],"[2.789664225653375, 7.728858467665793, 15.6838271655198, 30.421666077201863, 46.84304379977983, 6.926508200860912, 14.642406145052348, 55.650822554739236]","[{'INP': 32}, {'CONV': [64, 3]}, ({'CONV': [32, 3]}, {'CONV': [64, 3]}), ({'CONV': [32, 3]}, {'CONV': [256, 5]}, {'POOLMAX': [-1, 2]}), ({'CONV': [32, 5]}, {'CONV': [256, 5]}), ({'CONV': [64, 5]}, {'CONV': [256, 3]}, {'POOLMAX': [-1, 2]}), ({'CONV': [128, 5]}, {'CONV': [256, 3]}), ({'CONV': [32, 3]}, {'CONV': [256, 3]}, {'POOLMAX': [-1, 2]}), ({'CONV': [32, 5]}, {'CONV': [256, 3]}), ({'CONV': [256, 3]}, {'CONV': [256, 5]}, {'POOLMAX': [-1, 2]}), {'GLOBAL_AVG': None}, {'LAST_DENSE': [100, 'softmax']}]",HHSE,NSGA2,,,,,0.7158282832146153,,,,1277636096,5032612,,,,,,"[2, 7, 15, 30, 46, 6, 14, 55]",0.7340450581982885,-3.442603059444771e-05,0.375,0.5,0.0,0.0,0.97,0,0,0,100,0,0.0,BEST,False,False,19,True,True,GREEDY,,,GREEDY_HV
BBYWMA[M],17,18,1,1,0.01,True,True,"[60, 5, 9, 5, 61, 21, 38, 55]",[],"[60.20315609473059, 5.879578148060919, 9.031371694594359, 5.536830327777206, 61.88883301306207, 21.863264148977713, 38.402328780296095, 55.266251575796346]","[{'INP': 32}, {'CONV': [64, 3]}, ({'CONV': [256, 5]}, {'CONV': [128, 3]}), ({'CONV': [32, 3]}, {'CONV': [128, 5]}, {'POOLMAX': [-1, 2]}), ({'CONV': [32, 5]}, {'CONV': [32, 5]}), ({'CONV': [32, 3]}, {'CONV': [128, 5]}, {'POOLMAX': [-1, 2]}), ({'CONV': [256, 5]}, {'CONV': [128, 5]}), ({'CONV': [64, 3]}, {'CONV': [128, 5]}, {'POOLMAX': [-1, 2]}), ({'CONV': [128, 3]}, {'CONV': [256, 3]}), ({'CONV': [256, 3]}, {'CONV': [256, 5]}, {'POOLMAX': [-1, 2]}), {'GLOBAL_AVG': None}, {'LAST_DENSE': [100, 'softmax']}]",HHSE,NSGA2,,,,,0.692504525231613,,,,2189513728,5707556,,,,,,"[39, 30, 39, 23, 15, 58, 48, 46]",0.6823265429305198,0.0,0.25,0.75,1.0,0.0,0.01,0,18,0,100,0,0.18,BEST,False,False,311,True,True,GREEDY,,,GREEDY_HV
BAYPNL[M][M],17,18,2,2,0.02,True,True,"[4, 57, 27, 60, 28, 6, 52, 22]",[],"[4.453009958763985, 57.287681027422856, 27.569069762964936, 60.942699120092385, 28.932450333652184, 6.797137586528489, 52.904977786253106, 22.564221795217193]","[{'INP': 32}, {'CONV': [64, 3]}, ({'CONV': [32, 3]}, {'CONV': [128, 3]}), ({'CONV': [256, 5]}, {'CONV': [32, 5]}, {'POOLMAX': [-1, 2]}), ({'CONV': [64, 5]}, {'CONV': [64, 5]}), ({'CONV': [256, 5]}, {'CONV': [128, 3]}, {'POOLMAX': [-1, 2]}), ({'CONV': [64, 5]}, {'CONV': [128, 3]}), ({'CONV': [32, 3]}, {'CONV': [256, 3]}, {'POOLMAX': [-1, 2]}), ({'CONV': [256, 3]}, {'CONV': [128, 3]}), ({'CONV': [64, 3]}, {'CONV': [256, 3]}, {'POOLMAX': [-1, 2]}), {'GLOBAL_AVG': None}, {'LAST_DENSE': [100, 'softmax']}]",HHSE,NSGA2,,,,,0.697868107171568,,,,2742370304,3468708,,,,,,"[8, 43, 23, 58, 58, 7, 45, 39]",0.691734728772161,-2.594706214675835e-05,0.0,0.0,1.0,1.0,0.02,0,4,0,100,0,0.04,BEST,False,False,272,True,True,GREEDY,,,GREEDY_HV
BAYPNL[M][M],17,18,3,2,0.03,True,True,"[4, 57, 27, 60, 28, 6, 52, 22]",[],"[4.453009958763985, 57.287681027422856, 27.569069762964936, 60.942699120092385, 28.932450333652184, 6.797137586528489, 52.904977786253106, 22.564221795217193]","[{'INP': 32}, {'CONV': [64, 3]}, ({'CONV': [32, 3]}, {'CONV': [128, 3]}), ({'CONV': [256, 5]}, {'CONV': [32, 5]}, {'POOLMAX': [-1, 2]}), ({'CONV': [64, 5]}, {'CONV': [64, 5]}), ({'CONV': [256, 5]}, {'CONV': [128, 3]}, {'POOLMAX': [-1, 2]}), ({'CONV': [64, 5]}, {'CONV': [128, 3]}), ({'CONV': [32, 3]}, {'CONV': [256, 3]}, {'POOLMAX': [-1, 2]}), ({'CONV': [256, 3]}, {'CONV': [128, 3]}), ({'CONV': [64, 3]}, {'CONV': [256, 3]}, {'POOLMAX': [-1, 2]}), {'GLOBAL_AVG': None}, {'LAST_DENSE': [100, 'softmax']}]",HHSE,NSGA2,,,,,0.697868107171568,,,,2742370304,3468708,,,,,,"[8, 43, 23, 58, 58, 7, 45, 39]",0.6960570123762343,-0.0015114571636672,0.0,0.0,1.0,0.0,0.02,0,0,0,100,0,0.0,BEST,False,False,272,True,True,GREEDY,,,GREEDY_HV
BAYPNL[M][M],17,18,4,2,0.04,True,True,"[4, 57, 27, 60, 28, 6, 52, 22]",[],"[4.453009958763985, 57.287681027422856, 27.569069762964936, 60.942699120092385, 28.932450333652184, 6.797137586528489, 52.904977786253106, 22.564221795217193]","[{'INP': 32}, {'CONV': [64, 3]}, ({'CONV': [32, 3]}, {'CONV': [128, 3]}), ({'CONV': [256, 5]}, {'CONV': [32, 5]}, {'POOLMAX': [-1, 2]}), ({'CONV': [64, 5]}, {'CONV': [64, 5]}), ({'CONV': [256, 5]}, {'CONV': [128, 3]}, {'POOLMAX': [-1, 2]}), ({'CONV': [64, 5]}, {'CONV': [128, 3]}), ({'CONV': [32, 3]}, {'CONV': [256, 3]}, {'POOLMAX': [-1, 2]}), ({'CONV': [256, 3]}, {'CONV': [128, 3]}), ({'CONV': [64, 3]}, {'CONV': [256, 3]}, {'POOLMAX': [-1, 2]}), {'GLOBAL_AVG': None}, {'LAST_DENSE': [100, 'softmax']}]",HHSE,NSGA2,,,,,0.697868107171568,,,,2742370304,3468708,,,,,,"[8, 43, 23, 58, 58, 7, 45, 39]",0.6978871045383954,-0.0014443078676412,0.0,0.0,1.0,0.0,0.02,0,0,0,100,0,0.0,BEST,False,False,272,True,True,GREEDY,,,GREEDY_HV
BAYPNL[M][M],17,18,5,2,0.05,True,True,"[4, 57, 27, 60, 28, 6, 52, 22]",[],"[4.453009958763985, 57.287681027422856, 27.569069762964936, 60.942699120092385, 28.932450333652184, 6.797137586528489, 52.904977786253106, 22.564221795217193]","[{'INP': 32}, {'CONV': [64, 3]}, ({'CONV': [32, 3]}, {'CONV': [128, 3]}), ({'CONV': [256, 5]}, {'CONV': [32, 5]}, {'POOLMAX': [-1, 2]}), ({'CONV': [64, 5]}, {'CONV': [64, 5]}), ({'CONV': [256, 5]}, {'CONV': [128, 3]}, {'POOLMAX': [-1, 2]}), ({'CONV': [64, 5]}, {'CONV': [128, 3]}), ({'CONV': [32, 3]}, {'CONV': [256, 3]}, {'POOLMAX': [-1, 2]}), ({'CONV': [256, 3]}, {'CONV': [128, 3]}), ({'CONV': [64, 3]}, {'CONV': [256, 3]}, {'POOLMAX': [-1, 2]}), {'GLOBAL_AVG': None}, {'LAST_DENSE': [100, 'softmax']}]",HHSE,NSGA2,,,,,0.697868107171568,,,,2742370304,3468708,,,,,,"[8, 43, 23, 58, 58, 7, 45, 39]",0.6979882373810599,-0.0029363601010252,0.0,0.0,1.0,0.0,0.02,0,2,0,100,0,0.02,BEST,False,False,272,True,True,GREEDY,,,GREEDY_HV
BAYPNL[M][M],17,18,6,2,0.06,True,True,"[4, 57, 27, 60, 28, 6, 52, 22]",[],"[4.453009958763985, 57.287681027422856, 27.569069762964936, 60.942699120092385, 28.932450333652184, 6.797137586528489, 52.904977786253106, 22.564221795217193]","[{'INP': 32}, {'CONV': [64, 3]}, ({'CONV': [32, 3]}, {'CONV': [128, 3]}), ({'CONV': [256, 5]}, {'CONV': [32, 5]}, {'POOLMAX': [-1, 2]}), ({'CONV': [64, 5]}, {'CONV': [64, 5]}), ({'CONV': [256, 5]}, {'CONV': [128, 3]}, {'POOLMAX': [-1, 2]}), ({'CONV': [64, 5]}, {'CONV': [128, 3]}), ({'CONV': [32, 3]}, {'CONV': [256, 3]}, {'POOLMAX': [-1, 2]}), ({'CONV': [256, 3]}, {'CONV': [128, 3]}), ({'CONV': [64, 3]}, {'CONV': [256, 3]}, {'POOLMAX': [-1, 2]}), {'GLOBAL_AVG': None}, {'LAST_DENSE': [100, 'softmax']}]",HHSE,NSGA2,,,,,0.697868107171568,,,,2742370304,3468708,,,,,,"[8, 43, 23, 58, 58, 7, 45, 39]",0.7052238245029299,0.0051653957780666,0.0,0.0,1.0,0.0,0.02,0,0,0,100,0,0.0,BEST,False,False,272,True,True,GREEDY,,,GREEDY_HV
BAYPNL[M][M],17,18,7,2,0.07,True,True,"[4, 57, 27, 60, 28, 6, 52, 22]",[],"[4.453009958763985, 57.287681027422856, 27.569069762964936, 60.942699120092385, 28.932450333652184, 6.797137586528489, 52.904977786253106, 22.564221795217193]","[{'INP': 32}, {'CONV': [64, 3]}, ({'CONV': [32, 3]}, {'CONV': [128, 3]}), ({'CONV': [256, 5]}, {'CONV': [32, 5]}, {'POOLMAX': [-1, 2]}), ({'CONV': [64, 5]}, {'CONV': [64, 5]}), ({'CONV': [256, 5]}, {'CONV': [128, 3]}, {'POOLMAX': [-1, 2]}), ({'CONV': [64, 5]}, {'CONV': [128, 3]}), ({'CONV': [32, 3]}, {'CONV': [256, 3]}, {'POOLMAX': [-1, 2]}), ({'CONV': [256, 3]}, {'CONV': [128, 3]}), ({'CONV': [64, 3]}, {'CONV': [256, 3]}, {'POOLMAX': [-1, 2]}), {'GLOBAL_AVG': None}, {'LAST_DENSE': [100, 'softmax']}]",HHSE,NSGA2,,,,,0.697868107171568,,,,2742370304,3468708,,,,,,"[8, 43, 23, 58, 58, 7, 45, 39]",0.7047890958540584,-0.0011250977489338,0.0,0.0,1.0,0.0,0.02,0,0,0,100,0,0.0,BEST,False,False,272,True,True,GREEDY,,,GREEDY_HV
BOQHRT[M][M][M],17,18,8,8,0.08,True,True,"[33, 0, 9, 12, 46, 54, 39, 55]",[],"[33.52014576478118, 0.5052665519307937, 9.597468867154117, 12.529960046710581, 46.513852222064, 54.316272336256276, 39.80477639180414, 55.24427927973473]","[{'INP': 32}, {'CONV': [64, 3]}, ({'CONV': [128, 3]}, {'CONV': [32, 5]}), ({'CONV': [32, 3]}, {'CONV': [32, 3]}, {'POOLMAX': [-1, 2]}), ({'CONV': [32, 5]}, {'CONV': [32, 5]}), ({'CONV': [32, 5]}, {'CONV': [128, 3]}, {'POOLMAX': [-1, 2]}), ({'CONV': [128, 5]}, {'CONV': [256, 3]}), ({'CONV': [256, 3]}, {'CONV': [256, 3]}, {'POOLMAX': [-1, 2]}), ({'CONV': [128, 3]}, {'CONV': [256, 5]}), ({'CONV': [256, 3]}, {'CONV': [256, 5]}, {'POOLMAX': [-1, 2]}), {'GLOBAL_AVG': None}, {'LAST_DENSE': [100, 'softmax']}]",HHSE,NSGA2,,,,,0.6983723361132127,,,,810836992,5571364,,,,,,"[0, 2, 12, 38, 16, 29, 8, 2]",0.7051386570908464,-0.0009445476021245,0.0,0.0,1.0,1.0,0.08,0,0,0,100,0,0.0,BEST,False,False,267,True,True,GREEDY,,,GREEDY_HV
BOQHRT[M][M][M],17,18,9,8,0.09,True,True,"[33, 0, 9, 12, 46, 54, 39, 55]",[],"[33.52014576478118, 0.5052665519307937, 9.597468867154117, 12.529960046710581, 46.513852222064, 54.316272336256276, 39.80477639180414, 55.24427927973473]","[{'INP': 32}, {'CONV': [64, 3]}, ({'CONV': [128, 3]}, {'CONV': [32, 5]}), ({'CONV': [32, 3]}, {'CONV': [32, 3]}, {'POOLMAX': [-1, 2]}), ({'CONV': [32, 5]}, {'CONV': [32, 5]}), ({'CONV': [32, 5]}, {'CONV': [128, 3]}, {'POOLMAX': [-1, 2]}), ({'CONV': [128, 5]}, {'CONV': [256, 3]}), ({'CONV': [256, 3]}, {'CONV': [256, 3]}, {'POOLMAX': [-1, 2]}), ({'CONV': [128, 3]}, {'CONV': [256, 5]}), ({'CONV': [256, 3]}, {'CONV': [256, 5]}, {'POOLMAX': [-1, 2]}), {'GLOBAL_AVG': None}, {'LAST_DENSE': [100, 'softmax']}]",HHSE,NSGA2,,,,,0.6983723361132127,,,,810836992,5571364,,,,,,"[0, 2, 12, 38, 16, 29, 8, 2]",0.706242627565616,-0.0021898636521799,0.0,0.0,1.0,0.0,0.08,0,2,0,100,0,0.02,BEST,False,False,267,True,True,GREEDY,,,GREEDY_HV
BOQHRT[M][M][M],17,18,10,8,0.1,True,True,"[33, 0, 9, 12, 46, 54, 39, 55]",[],"[33.52014576478118, 0.5052665519307937, 9.597468867154117, 12.529960046710581, 46.513852222064, 54.316272336256276, 39.80477639180414, 55.24427927973473]","[{'INP': 32}, {'CONV': [64, 3]}, ({'CONV': [128, 3]}, {'CONV': [32, 5]}), ({'CONV': [32, 3]}, {'CONV': [32, 3]}, {'POOLMAX': [-1, 2]}), ({'CONV': [32, 5]}, {'CONV': [32, 5]}), ({'CONV': [32, 5]}, {'CONV': [128, 3]}, {'POOLMAX': [-1, 2]}), ({'CONV': [128, 5]}, {'CONV': [256, 3]}), ({'CONV': [256, 3]}, {'CONV': [256, 3]}, {'POOLMAX': [-1, 2]}), ({'CONV': [128, 3]}, {'CONV': [256, 5]}), ({'CONV': [256, 3]}, {'CONV': [256, 5]}, {'POOLMAX': [-1, 2]}), {'GLOBAL_AVG': None}, {'LAST_DENSE': [100, 'softmax']}]",HHSE,NSGA2,,,,,0.6983723361132127,,,,810836992,5571364,,,,,,"[0, 2, 12, 38, 16, 29, 8, 2]",0.7066580380106314,-7.054745393486606e-05,0.0,0.0,1.0,0.0,0.08,0,0,0,100,0,0.0,BEST,False,False,267,True,True,GREEDY,,,GREEDY_HV
BOQHRT[M][M][M],17,18,11,8,0.11,True,True,"[33, 0, 9, 12, 46, 54, 39, 55]",[],"[33.52014576478118, 0.5052665519307937, 9.597468867154117, 12.529960046710581, 46.513852222064, 54.316272336256276, 39.80477639180414, 55.24427927973473]","[{'INP': 32}, {'CONV': [64, 3]}, ({'CONV': [128, 3]}, {'CONV': [32, 5]}), ({'CONV': [32, 3]}, {'CONV': [32, 3]}, {'POOLMAX': [-1, 2]}), ({'CONV': [32, 5]}, {'CONV': [32, 5]}), ({'CONV': [32, 5]}, {'CONV': [128, 3]}, {'POOLMAX': [-1, 2]}), ({'CONV': [128, 5]}, {'CONV': [256, 3]}), ({'CONV': [256, 3]}, {'CONV': [256, 3]}, {'POOLMAX': [-1, 2]}), ({'CONV': [128, 3]}, {'CONV': [256, 5]}), ({'CONV': [256, 3]}, {'CONV': [256, 5]}, {'POOLMAX': [-1, 2]}), {'GLOBAL_AVG': None}, {'LAST_DENSE': [100, 'softmax']}]",HHSE,NSGA2,,,,,0.6983723361132127,,,,810836992,5571364,,,,,,"[0, 2, 12, 38, 16, 29, 8, 2]",0.708343625520362,0.0005629727287735,0.0,0.0,1.0,0.0,0.08,0,2,0,100,0,0.02,BEST,False,False,267,True,True,GREEDY,,,GREEDY_HV
BWWKXI[M],17,18,12,12,0.12,True,True,"[13, 7, 16, 38, 46, 23, 5, 6]",[],"[13.27483838370045, 7.5529196974265655, 16.03209347335452, 38.53460250568493, 46.42385820416751, 23.726064614158226, 5.349363921204171, 6.4646711958287835]","[{'INP': 32}, {'CONV': [64, 3]}, ({'CONV': [32, 5]}, {'CONV': [128, 5]}), ({'CONV': [32, 3]}, {'CONV': [256, 5]}, {'POOLMAX': [-1, 2]}), ({'CONV': [64, 3]}, {'CONV': [32, 3]}), ({'CONV': [128, 3]}, {'CONV': [256, 3]}, {'POOLMAX': [-1, 2]}), ({'CONV': [128, 5]}, {'CONV': [256, 3]}), ({'CONV': [64, 3]}, {'CONV': [256, 5]}, {'POOLMAX': [-1, 2]}), ({'CONV': [32, 3]}, {'CONV': [128, 5]}), ({'CONV': [32, 3]}, {'CONV': [256, 3]}, {'POOLMAX': [-1, 2]}), {'GLOBAL_AVG': None}, {'LAST_DENSE': [100, 'softmax']}]",HHSE,NSGA2,,,,,0.7013417393233498,,,,1295869952,2886820,,,,,,"[0, 21, 28, 38, 60, 26, 6, 11]",0.707041172498012,-0.0020647969007991,0.25,0.75,0.875,0.875,0.12,0,0,0,100,0,0.0,BEST,False,False,235,True,True,GREEDY,,,GREEDY_HV
BWWKXI[M],17,18,13,12,0.13,True,True,"[13, 7, 16, 38, 46, 23, 5, 6]",[],"[13.27483838370045, 7.5529196974265655, 16.03209347335452, 38.53460250568493, 46.42385820416751, 23.726064614158226, 5.349363921204171, 6.4646711958287835]","[{'INP': 32}, {'CONV': [64, 3]}, ({'CONV': [32, 5]}, {'CONV': [128, 5]}), ({'CONV': [32, 3]}, {'CONV': [256, 5]}, {'POOLMAX': [-1, 2]}), ({'CONV': [64, 3]}, {'CONV': [32, 3]}), ({'CONV': [128, 3]}, {'CONV': [256, 3]}, {'POOLMAX': [-1, 2]}), ({'CONV': [128, 5]}, {'CONV': [256, 3]}), ({'CONV': [64, 3]}, {'CONV': [256, 5]}, {'POOLMAX': [-1, 2]}), ({'CONV': [32, 3]}, {'CONV': [128, 5]}), ({'CONV': [32, 3]}, {'CONV': [256, 3]}, {'POOLMAX': [-1, 2]}), {'GLOBAL_AVG': None}, {'LAST_DENSE': [100, 'softmax']}]",HHSE,NSGA2,,,,,0.7013417393233498,,,,1295869952,2886820,,,,,,"[0, 21, 28, 38, 60, 26, 6, 11]",0.7111402332677094,-0.0010460632052036,0.25,0.75,0.875,0.0,0.12,0,1,0,100,0,0.01,BEST,False,False,235,True,True,GREEDY,,,GREEDY_HV
BWWKXI[M],17,18,14,12,0.14,True,True,"[13, 7, 16, 38, 46, 23, 5, 6]",[],"[13.27483838370045, 7.5529196974265655, 16.03209347335452, 38.53460250568493, 46.42385820416751, 23.726064614158226, 5.349363921204171, 6.4646711958287835]","[{'INP': 32}, {'CONV': [64, 3]}, ({'CONV': [32, 5]}, {'CONV': [128, 5]}), ({'CONV': [32, 3]}, {'CONV': [256, 5]}, {'POOLMAX': [-1, 2]}), ({'CONV': [64, 3]}, {'CONV': [32, 3]}), ({'CONV': [128, 3]}, {'CONV': [256, 3]}, {'POOLMAX': [-1, 2]}), ({'CONV': [128, 5]}, {'CONV': [256, 3]}), ({'CONV': [64, 3]}, {'CONV': [256, 5]}, {'POOLMAX': [-1, 2]}), ({'CONV': [32, 3]}, {'CONV': [128, 5]}), ({'CONV': [32, 3]}, {'CONV': [256, 3]}, {'POOLMAX': [-1, 2]}), {'GLOBAL_AVG': None}, {'LAST_DENSE': [100, 'softmax']}]",HHSE,NSGA2,,,,,0.7013417393233498,,,,1295869952,2886820,,,,,,"[0, 21, 28, 38, 60, 26, 6, 11]",0.7112837095994177,-0.0028053141173816,0.25,0.75,0.875,0.0,0.12,0,1,0,100,0,0.01,BEST,False,False,235,True,True,GREEDY,,,GREEDY_HV
BWWKXI[M],17,18,15,12,0.15,True,True,"[13, 7, 16, 38, 46, 23, 5, 6]",[],"[13.27483838370045, 7.5529196974265655, 16.03209347335452, 38.53460250568493, 46.42385820416751, 23.726064614158226, 5.349363921204171, 6.4646711958287835]","[{'INP': 32}, {'CONV': [64, 3]}, ({'CONV': [32, 5]}, {'CONV': [128, 5]}), ({'CONV': [32, 3]}, {'CONV': [256, 5]}, {'POOLMAX': [-1, 2]}), ({'CONV': [64, 3]}, {'CONV': [32, 3]}), ({'CONV': [128, 3]}, {'CONV': [256, 3]}, {'POOLMAX': [-1, 2]}), ({'CONV': [128, 5]}, {'CONV': [256, 3]}), ({'CONV': [64, 3]}, {'CONV': [256, 5]}, {'POOLMAX': [-1, 2]}), ({'CONV': [32, 3]}, {'CONV': [128, 5]}), ({'CONV': [32, 3]}, {'CONV': [256, 3]}, {'POOLMAX': [-1, 2]}), {'GLOBAL_AVG': None}, {'LAST_DENSE': [100, 'softmax']}]",HHSE,NSGA2,,,,,0.7013417393233498,,,,1295869952,2886820,,,,,,"[0, 21, 28, 38, 60, 26, 6, 11]",0.7118639725792006,-0.0002145804664483,0.25,0.75,0.875,0.0,0.12,0,0,0,100,0,0.0,BEST,False,False,235,True,True,GREEDY,,,GREEDY_HV
BWWKXI[M],17,18,16,12,0.16,True,True,"[13, 7, 16, 38, 46, 23, 5, 6]",[],"[13.27483838370045, 7.5529196974265655, 16.03209347335452, 38.53460250568493, 46.42385820416751, 23.726064614158226, 5.349363921204171, 6.4646711958287835]","[{'INP': 32}, {'CONV': [64, 3]}, ({'CONV': [32, 5]}, {'CONV': [128, 5]}), ({'CONV': [32, 3]}, {'CONV': [256, 5]}, {'POOLMAX': [-1, 2]}), ({'CONV': [64, 3]}, {'CONV': [32, 3]}), ({'CONV': [128, 3]}, {'CONV': [256, 3]}, {'POOLMAX': [-1, 2]}), ({'CONV': [128, 5]}, {'CONV': [256, 3]}), ({'CONV': [64, 3]}, {'CONV': [256, 5]}, {'POOLMAX': [-1, 2]}), ({'CONV': [32, 3]}, {'CONV': [128, 5]}), ({'CONV': [32, 3]}, {'CONV': [256, 3]}, {'POOLMAX': [-1, 2]}), {'GLOBAL_AVG': None}, {'LAST_DENSE': [100, 'softmax']}]",HHSE,NSGA2,,,,,0.7013417393233498,,,,1295869952,2886820,,,,,,"[0, 21, 28, 38, 60, 26, 6, 11]",0.7119381216391761,-0.0015566750439771,0.25,0.75,0.875,0.0,0.12,0,0,0,100,0,0.0,BEST,False,False,235,True,True,GREEDY,,,GREEDY_HV
BWWKXI[M],17,18,17,12,0.17,True,True,"[13, 7, 16, 38, 46, 23, 5, 6]",[],"[13.27483838370045, 7.5529196974265655, 16.03209347335452, 38.53460250568493, 46.42385820416751, 23.726064614158226, 5.349363921204171, 6.4646711958287835]","[{'INP': 32}, {'CONV': [64, 3]}, ({'CONV': [32, 5]}, {'CONV': [128, 5]}), ({'CONV': [32, 3]}, {'CONV': [256, 5]}, {'POOLMAX': [-1, 2]}), ({'CONV': [64, 3]}, {'CONV': [32, 3]}), ({'CONV': [128, 3]}, {'CONV': [256, 3]}, {'POOLMAX': [-1, 2]}), ({'CONV': [128, 5]}, {'CONV': [256, 3]}), ({'CONV': [64, 3]}, {'CONV': [256, 5]}, {'POOLMAX': [-1, 2]}), ({'CONV': [32, 3]}, {'CONV': [128, 5]}), ({'CONV': [32, 3]}, {'CONV': [256, 3]}, {'POOLMAX': [-1, 2]}), {'GLOBAL_AVG': None}, {'LAST_DENSE': [100, 'softmax']}]",HHSE,NSGA2,,,,,0.7013417393233498,,,,1295869952,2886820,,,,,,"[0, 21, 28, 38, 60, 26, 6, 11]",0.7156315603938173,-0.0002326192997691,0.25,0.75,0.875,0.0,0.12,0,0,0,100,0,0.0,BEST,False,False,235,True,True,GREEDY,,,GREEDY_HV
BWWKXI[M],17,18,18,12,0.18,True,True,"[13, 7, 16, 38, 46, 23, 5, 6]",[],"[13.27483838370045, 7.5529196974265655, 16.03209347335452, 38.53460250568493, 46.42385820416751, 23.726064614158226, 5.349363921204171, 6.4646711958287835]","[{'INP': 32}, {'CONV': [64, 3]}, ({'CONV': [32, 5]}, {'CONV': [128, 5]}), ({'CONV': [32, 3]}, {'CONV': [256, 5]}, {'POOLMAX': [-1, 2]}), ({'CONV': [64, 3]}, {'CONV': [32, 3]}), ({'CONV': [128, 3]}, {'CONV': [256, 3]}, {'POOLMAX': [-1, 2]}), ({'CONV': [128, 5]}, {'CONV': [256, 3]}), ({'CONV': [64, 3]}, {'CONV': [256, 5]}, {'POOLMAX': [-1, 2]}), ({'CONV': [32, 3]}, {'CONV': [128, 5]}), ({'CONV': [32, 3]}, {'CONV': [256, 3]}, {'POOLMAX': [-1, 2]}), {'GLOBAL_AVG': None}, {'LAST_DENSE': [100, 'softmax']}]",HHSE,NSGA2,,,,,0.7013417393233498,,,,1295869952,2886820,,,,,,"[0, 21, 28, 38, 60, 26, 6, 11]",0.7157528464174912,-0.0003484834202183,0.25,0.75,0.875,0.0,0.12,0,0,0,100,0,0.0,BEST,False,False,235,True,True,GREEDY,,,GREEDY_HV
BWWKXI[M],17,18,19,12,0.19,True,True,"[13, 7, 16, 38, 46, 23, 5, 6]",[],"[13.27483838370045, 7.5529196974265655, 16.03209347335452, 38.53460250568493, 46.42385820416751, 23.726064614158226, 5.349363921204171, 6.4646711958287835]","[{'INP': 32}, {'CONV': [64, 3]}, ({'CONV': [32, 5]}, {'CONV': [128, 5]}), ({'CONV': [32, 3]}, {'CONV': [256, 5]}, {'POOLMAX': [-1, 2]}), ({'CONV': [64, 3]}, {'CONV': [32, 3]}), ({'CONV': [128, 3]}, {'CONV': [256, 3]}, {'POOLMAX': [-1, 2]}), ({'CONV': [128, 5]}, {'CONV': [256, 3]}), ({'CONV': [64, 3]}, {'CONV': [256, 5]}, {'POOLMAX': [-1, 2]}), ({'CONV': [32, 3]}, {'CONV': [128, 5]}), ({'CONV': [32, 3]}, {'CONV': [256, 3]}, {'POOLMAX': [-1, 2]}), {'GLOBAL_AVG': None}, {'LAST_DENSE': [100, 'softmax']}]",HHSE,NSGA2,,,,,0.7013417393233498,,,,1295869952,2886820,,,,,,"[0, 21, 28, 38, 60, 26, 6, 11]",0.7164772926773664,-6.653333658035443e-05,0.25,0.75,0.875,0.0,0.12,0,0,0,100,0,0.0,BEST,False,False,235,True,True,GREEDY,,,GREEDY_HV
BWWKXI[M],17,18,20,12,0.2,True,True,"[13, 7, 16, 38, 46, 23, 5, 6]",[],"[13.27483838370045, 7.5529196974265655, 16.03209347335452, 38.53460250568493, 46.42385820416751, 23.726064614158226, 5.349363921204171, 6.4646711958287835]","[{'INP': 32}, {'CONV': [64, 3]}, ({'CONV': [32, 5]}, {'CONV': [128, 5]}), ({'CONV': [32, 3]}, {'CONV': [256, 5]}, {'POOLMAX': [-1, 2]}), ({'CONV': [64, 3]}, {'CONV': [32, 3]}), ({'CONV': [128, 3]}, {'CONV': [256, 3]}, {'POOLMAX': [-1, 2]}), ({'CONV': [128, 5]}, {'CONV': [256, 3]}), ({'CONV': [64, 3]}, {'CONV': [256, 5]}, {'POOLMAX': [-1, 2]}), ({'CONV': [32, 3]}, {'CONV': [128, 5]}), ({'CONV': [32, 3]}, {'CONV': [256, 3]}, {'POOLMAX': [-1, 2]}), {'GLOBAL_AVG': None}, {'LAST_DENSE': [100, 'softmax']}]",HHSE,NSGA2,,,,,0.7013417393233498,,,,1295869952,2886820,,,,,,"[0, 21, 28, 38, 60, 26, 6, 11]",0.716535141240694,-0.000122950522213,0.25,0.75,0.875,0.0,0.12,0,1,0,100,0,0.01,BEST,False,False,235,True,True,GREEDY,,,GREEDY_HV
BWWKXI[M],17,18,21,12,0.21,True,True,"[13, 7, 16, 38, 46, 23, 5, 6]",[],"[13.27483838370045, 7.5529196974265655, 16.03209347335452, 38.53460250568493, 46.42385820416751, 23.726064614158226, 5.349363921204171, 6.4646711958287835]","[{'INP': 32}, {'CONV': [64, 3]}, ({'CONV': [32, 5]}, {'CONV': [128, 5]}), ({'CONV': [32, 3]}, {'CONV': [256, 5]}, {'POOLMAX': [-1, 2]}), ({'CONV': [64, 3]}, {'CONV': [32, 3]}), ({'CONV': [128, 3]}, {'CONV': [256, 3]}, {'POOLMAX': [-1, 2]}), ({'CONV': [128, 5]}, {'CONV': [256, 3]}), ({'CONV': [64, 3]}, {'CONV': [256, 5]}, {'POOLMAX': [-1, 2]}), ({'CONV': [32, 3]}, {'CONV': [128, 5]}), ({'CONV': [32, 3]}, {'CONV': [256, 3]}, {'POOLMAX': [-1, 2]}), {'GLOBAL_AVG': None}, {'LAST_DENSE': [100, 'softmax']}]",HHSE,NSGA2,,,,,0.7013417393233498,,,,1295869952,2886820,,,,,,"[0, 21, 28, 38, 60, 26, 6, 11]",0.7166316011398932,-0.0001911856220289,0.25,0.75,0.875,0.0,0.12,0,0,0,100,0,0.0,BEST,False,False,235,True,True,GREEDY,,,GREEDY_HV
BWWKXI[M],17,18,22,12,0.22,True,True,"[13, 7, 16, 38, 46, 23, 5, 6]",[],"[13.27483838370045, 7.5529196974265655, 16.03209347335452, 38.53460250568493, 46.42385820416751, 23.726064614158226, 5.349363921204171, 6.4646711958287835]","[{'INP': 32}, {'CONV': [64, 3]}, ({'CONV': [32, 5]}, {'CONV': [128, 5]}), ({'CONV': [32, 3]}, {'CONV': [256, 5]}, {'POOLMAX': [-1, 2]}), ({'CONV': [64, 3]}, {'CONV': [32, 3]}), ({'CONV': [128, 3]}, {'CONV': [256, 3]}, {'POOLMAX': [-1, 2]}), ({'CONV': [128, 5]}, {'CONV': [256, 3]}), ({'CONV': [64, 3]}, {'CONV': [256, 5]}, {'POOLMAX': [-1, 2]}), ({'CONV': [32, 3]}, {'CONV': [128, 5]}), ({'CONV': [32, 3]}, {'CONV': [256, 3]}, {'POOLMAX': [-1, 2]}), {'GLOBAL_AVG': None}, {'LAST_DENSE': [100, 'softmax']}]",HHSE,NSGA2,,,,,0.7013417393233498,,,,1295869952,2886820,,,,,,"[0, 21, 28, 38, 60, 26, 6, 11]",0.7166743045537429,-0.0003877362743492,0.25,0.75,0.875,0.0,0.12,0,0,0,100,0,0.0,BEST,False,False,235,True,True,GREEDY,,,GREEDY_HV
BWWKXI[M],17,18,23,12,0.23,True,True,"[13, 7, 16, 38, 46, 23, 5, 6]",[],"[13.27483838370045, 7.5529196974265655, 16.03209347335452, 38.53460250568493, 46.42385820416751, 23.726064614158226, 5.349363921204171, 6.4646711958287835]","[{'INP': 32}, {'CONV': [64, 3]}, ({'CONV': [32, 5]}, {'CONV': [128, 5]}), ({'CONV': [32, 3]}, {'CONV': [256, 5]}, {'POOLMAX': [-1, 2]}), ({'CONV': [64, 3]}, {'CONV': [32, 3]}), ({'CONV': [128, 3]}, {'CONV': [256, 3]}, {'POOLMAX': [-1, 2]}), ({'CONV': [128, 5]}, {'CONV': [256, 3]}), ({'CONV': [64, 3]}, {'CONV': [256, 5]}, {'POOLMAX': [-1, 2]}), ({'CONV': [32, 3]}, {'CONV': [128, 5]}), ({'CONV': [32, 3]}, {'CONV': [256, 3]}, {'POOLMAX': [-1, 2]}), {'GLOBAL_AVG': None}, {'LAST_DENSE': [100, 'softmax']}]",HHSE,NSGA2,,,,,0.7013417393233498,,,,1295869952,2886820,,,,,,"[0, 21, 28, 38, 60, 26, 6, 11]",0.7166951344614851,-0.0002866750399914,0.25,0.75,0.875,0.0,0.12,0,0,0,100,0,0.0,BEST,False,False,235,True,True,GREEDY,,,GREEDY_HV
BWWKXI[M],17,18,24,12,0.24,True,True,"[13, 7, 16, 38, 46, 23, 5, 6]",[],"[13.27483838370045, 7.5529196974265655, 16.03209347335452, 38.53460250568493, 46.42385820416751, 23.726064614158226, 5.349363921204171, 6.4646711958287835]","[{'INP': 32}, {'CONV': [64, 3]}, ({'CONV': [32, 5]}, {'CONV': [128, 5]}), ({'CONV': [32, 3]}, {'CONV': [256, 5]}, {'POOLMAX': [-1, 2]}), ({'CONV': [64, 3]}, {'CONV': [32, 3]}), ({'CONV': [128, 3]}, {'CONV': [256, 3]}, {'POOLMAX': [-1, 2]}), ({'CONV': [128, 5]}, {'CONV': [256, 3]}), ({'CONV': [64, 3]}, {'CONV': [256, 5]}, {'POOLMAX': [-1, 2]}), ({'CONV': [32, 3]}, {'CONV': [128, 5]}), ({'CONV': [32, 3]}, {'CONV': [256, 3]}, {'POOLMAX': [-1, 2]}), {'GLOBAL_AVG': None}, {'LAST_DENSE': [100, 'softmax']}]",HHSE,NSGA2,,,,,0.7013417393233498,,,,1295869952,2886820,,,,,,"[0, 21, 28, 38, 60, 26, 6, 11]",0.7168948525830007,-5.896124182946938e-05,0.25,0.75,0.875,0.0,0.12,0,0,0,100,0,0.0,BEST,False,False,235,True,True,GREEDY,,,GREEDY_HV
BWWKXI[M],17,18,25,12,0.25,True,True,"[13, 7, 16, 38, 46, 23, 5, 6]",[],"[13.27483838370045, 7.5529196974265655, 16.03209347335452, 38.53460250568493, 46.42385820416751, 23.726064614158226, 5.349363921204171, 6.4646711958287835]","[{'INP': 32}, {'CONV': [64, 3]}, ({'CONV': [32, 5]}, {'CONV': [128, 5]}), ({'CONV': [32, 3]}, {'CONV': [256, 5]}, {'POOLMAX': [-1, 2]}), ({'CONV': [64, 3]}, {'CONV': [32, 3]}), ({'CONV': [128, 3]}, {'CONV': [256, 3]}, {'POOLMAX': [-1, 2]}), ({'CONV': [128, 5]}, {'CONV': [256, 3]}), ({'CONV': [64, 3]}, {'CONV': [256, 5]}, {'POOLMAX': [-1, 2]}), ({'CONV': [32, 3]}, {'CONV': [128, 5]}), ({'CONV': [32, 3]}, {'CONV': [256, 3]}, {'POOLMAX': [-1, 2]}), {'GLOBAL_AVG': None}, {'LAST_DENSE': [100, 'softmax']}]",HHSE,NSGA2,,,,,0.7013417393233498,,,,1295869952,2886820,,,,,,"[0, 21, 28, 38, 60, 26, 6, 11]",0.7174096278787832,-0.0002956378561438,0.25,0.75,0.875,0.0,0.12,0,0,0,100,0,0.0,BEST,False,False,235,True,True,GREEDY,,,GREEDY_HV
BWWKXI[M],17,18,26,12,0.26,True,True,"[13, 7, 16, 38, 46, 23, 5, 6]",[],"[13.27483838370045, 7.5529196974265655, 16.03209347335452, 38.53460250568493, 46.42385820416751, 23.726064614158226, 5.349363921204171, 6.4646711958287835]","[{'INP': 32}, {'CONV': [64, 3]}, ({'CONV': [32, 5]}, {'CONV': [128, 5]}), ({'CONV': [32, 3]}, {'CONV': [256, 5]}, {'POOLMAX': [-1, 2]}), ({'CONV': [64, 3]}, {'CONV': [32, 3]}), ({'CONV': [128, 3]}, {'CONV': [256, 3]}, {'POOLMAX': [-1, 2]}), ({'CONV': [128, 5]}, {'CONV': [256, 3]}), ({'CONV': [64, 3]}, {'CONV': [256, 5]}, {'POOLMAX': [-1, 2]}), ({'CONV': [32, 3]}, {'CONV': [128, 5]}), ({'CONV': [32, 3]}, {'CONV': [256, 3]}, {'POOLMAX': [-1, 2]}), {'GLOBAL_AVG': None}, {'LAST_DENSE': [100, 'softmax']}]",HHSE,NSGA2,,,,,0.7013417393233498,,,,1295869952,2886820,,,,,,"[0, 21, 28, 38, 60, 26, 6, 11]",0.7174189970730009,-0.0001353660871274,0.25,0.75,0.875,0.0,0.12,0,1,0,100,0,0.01,BEST,False,False,235,True,True,GREEDY,,,GREEDY_HV
BWWKXI[M],17,18,27,12,0.27,True,True,"[13, 7, 16, 38, 46, 23, 5, 6]",[],"[13.27483838370045, 7.5529196974265655, 16.03209347335452, 38.53460250568493, 46.42385820416751, 23.726064614158226, 5.349363921204171, 6.4646711958287835]","[{'INP': 32}, {'CONV': [64, 3]}, ({'CONV': [32, 5]}, {'CONV': [128, 5]}), ({'CONV': [32, 3]}, {'CONV': [256, 5]}, {'POOLMAX': [-1, 2]}), ({'CONV': [64, 3]}, {'CONV': [32, 3]}), ({'CONV': [128, 3]}, {'CONV': [256, 3]}, {'POOLMAX': [-1, 2]}), ({'CONV': [128, 5]}, {'CONV': [256, 3]}), ({'CONV': [64, 3]}, {'CONV': [256, 5]}, {'POOLMAX': [-1, 2]}), ({'CONV': [32, 3]}, {'CONV': [128, 5]}), ({'CONV': [32, 3]}, {'CONV': [256, 3]}, {'POOLMAX': [-1, 2]}), {'GLOBAL_AVG': None}, {'LAST_DENSE': [100, 'softmax']}]",HHSE,NSGA2,,,,,0.7013417393233498,,,,1295869952,2886820,,,,,,"[0, 21, 28, 38, 60, 26, 6, 11]",0.7174549659648664,-0.0002280440102812,0.25,0.75,0.875,0.0,0.12,0,0,0,100,0,0.0,BEST,False,False,235,True,True,GREEDY,,,GREEDY_HV
BWWKXI[M],17,18,28,12,0.28,True,True,"[13, 7, 16, 38, 46, 23, 5, 6]",[],"[13.27483838370045, 7.5529196974265655, 16.03209347335452, 38.53460250568493, 46.42385820416751, 23.726064614158226, 5.349363921204171, 6.4646711958287835]","[{'INP': 32}, {'CONV': [64, 3]}, ({'CONV': [32, 5]}, {'CONV': [128, 5]}), ({'CONV': [32, 3]}, {'CONV': [256, 5]}, {'POOLMAX': [-1, 2]}), ({'CONV': [64, 3]}, {'CONV': [32, 3]}), ({'CONV': [128, 3]}, {'CONV': [256, 3]}, {'POOLMAX': [-1, 2]}), ({'CONV': [128, 5]}, {'CONV': [256, 3]}), ({'CONV': [64, 3]}, {'CONV': [256, 5]}, {'POOLMAX': [-1, 2]}), ({'CONV': [32, 3]}, {'CONV': [128, 5]}), ({'CONV': [32, 3]}, {'CONV': [256, 3]}, {'POOLMAX': [-1, 2]}), {'GLOBAL_AVG': None}, {'LAST_DENSE': [100, 'softmax']}]",HHSE,NSGA2,,,,,0.7013417393233498,,,,1295869952,2886820,,,,,,"[0, 21, 28, 38, 60, 26, 6, 11]",0.7175165019737775,-0.0001831877140163,0.25,0.75,0.875,0.0,0.12,0,0,0,100,0,0.0,BEST,False,False,235,True,True,GREEDY,,,GREEDY_HV
BWWKXI[M],17,18,29,12,0.29,True,True,"[13, 7, 16, 38, 46, 23, 5, 6]",[],"[13.27483838370045, 7.5529196974265655, 16.03209347335452, 38.53460250568493, 46.42385820416751, 23.726064614158226, 5.349363921204171, 6.4646711958287835]","[{'INP': 32}, {'CONV': [64, 3]}, ({'CONV': [32, 5]}, {'CONV': [128, 5]}), ({'CONV': [32, 3]}, {'CONV': [256, 5]}, {'POOLMAX': [-1, 2]}), ({'CONV': [64, 3]}, {'CONV': [32, 3]}), ({'CONV': [128, 3]}, {'CONV': [256, 3]}, {'POOLMAX': [-1, 2]}), ({'CONV': [128, 5]}, {'CONV': [256, 3]}), ({'CONV': [64, 3]}, {'CONV': [256, 5]}, {'POOLMAX': [-1, 2]}), ({'CONV': [32, 3]}, {'CONV': [128, 5]}), ({'CONV': [32, 3]}, {'CONV': [256, 3]}, {'POOLMAX': [-1, 2]}), {'GLOBAL_AVG': None}, {'LAST_DENSE': [100, 'softmax']}]",HHSE,NSGA2,,,,,0.7013417393233498,,,,1295869952,2886820,,,,,,"[0, 21, 28, 38, 60, 26, 6, 11]",0.7175049471888643,-0.0058043771096807,0.25,0.75,0.875,0.0,0.12,0,0,0,100,0,0.0,BEST,False,False,235,True,True,GREEDY,,,GREEDY_HV
BWWKXI[M],17,18,30,12,0.3,True,True,"[13, 7, 16, 38, 46, 23, 5, 6]",[],"[13.27483838370045, 7.5529196974265655, 16.03209347335452, 38.53460250568493, 46.42385820416751, 23.726064614158226, 5.349363921204171, 6.4646711958287835]","[{'INP': 32}, {'CONV': [64, 3]}, ({'CONV': [32, 5]}, {'CONV': [128, 5]}), ({'CONV': [32, 3]}, {'CONV': [256, 5]}, {'POOLMAX': [-1, 2]}), ({'CONV': [64, 3]}, {'CONV': [32, 3]}), ({'CONV': [128, 3]}, {'CONV': [256, 3]}, {'POOLMAX': [-1, 2]}), ({'CONV': [128, 5]}, {'CONV': [256, 3]}), ({'CONV': [64, 3]}, {'CONV': [256, 5]}, {'POOLMAX': [-1, 2]}), ({'CONV': [32, 3]}, {'CONV': [128, 5]}), ({'CONV': [32, 3]}, {'CONV': [256, 3]}, {'POOLMAX': [-1, 2]}), {'GLOBAL_AVG': None}, {'LAST_DENSE': [100, 'softmax']}]",HHSE,NSGA2,,,,,0.7013417393233498,,,,1295869952,2886820,,,,,,"[0, 21, 28, 38, 60, 26, 6, 11]",0.7175452411892386,-0.0002990446954046,0.25,0.75,0.875,0.0,0.12,0,0,0,100,0,0.0,BEST,False,False,235,True,True,GREEDY,,,GREEDY_HV
BWWKXI[M],17,18,31,12,0.31,True,True,"[13, 7, 16, 38, 46, 23, 5, 6]",[],"[13.27483838370045, 7.5529196974265655, 16.03209347335452, 38.53460250568493, 46.42385820416751, 23.726064614158226, 5.349363921204171, 6.4646711958287835]","[{'INP': 32}, {'CONV': [64, 3]}, ({'CONV': [32, 5]}, {'CONV': [128, 5]}), ({'CONV': [32, 3]}, {'CONV': [256, 5]}, {'POOLMAX': [-1, 2]}), ({'CONV': [64, 3]}, {'CONV': [32, 3]}), ({'CONV': [128, 3]}, {'CONV': [256, 3]}, {'POOLMAX': [-1, 2]}), ({'CONV': [128, 5]}, {'CONV': [256, 3]}), ({'CONV': [64, 3]}, {'CONV': [256, 5]}, {'POOLMAX': [-1, 2]}), ({'CONV': [32, 3]}, {'CONV': [128, 5]}), ({'CONV': [32, 3]}, {'CONV': [256, 3]}, {'POOLMAX': [-1, 2]}), {'GLOBAL_AVG': None}, {'LAST_DENSE': [100, 'softmax']}]",HHSE,NSGA2,,,,,0.7013417393233498,,,,1295869952,2886820,,,,,,"[0, 21, 28, 38, 60, 26, 6, 11]",0.7175761495552199,-0.0002650753255277,0.25,0.75,0.875,0.0,0.12,0,0,0,100,0,0.0,BEST,False,False,235,True,True,GREEDY,,,GREEDY_HV
BWWKXI[M],17,18,32,12,0.32,True,True,"[13, 7, 16, 38, 46, 23, 5, 6]",[],"[13.27483838370045, 7.5529196974265655, 16.03209347335452, 38.53460250568493, 46.42385820416751, 23.726064614158226, 5.349363921204171, 6.4646711958287835]","[{'INP': 32}, {'CONV': [64, 3]}, ({'CONV': [32, 5]}, {'CONV': [128, 5]}), ({'CONV': [32, 3]}, {'CONV': [256, 5]}, {'POOLMAX': [-1, 2]}), ({'CONV': [64, 3]}, {'CONV': [32, 3]}), ({'CONV': [128, 3]}, {'CONV': [256, 3]}, {'POOLMAX': [-1, 2]}), ({'CONV': [128, 5]}, {'CONV': [256, 3]}), ({'CONV': [64, 3]}, {'CONV': [256, 5]}, {'POOLMAX': [-1, 2]}), ({'CONV': [32, 3]}, {'CONV': [128, 5]}), ({'CONV': [32, 3]}, {'CONV': [256, 3]}, {'POOLMAX': [-1, 2]}), {'GLOBAL_AVG': None}, {'LAST_DENSE': [100, 'softmax']}]",HHSE,NSGA2,,,,,0.7013417393233498,,,,1295869952,2886820,,,,,,"[0, 21, 28, 38, 60, 26, 6, 11]",0.7176294002031195,-0.0003063646896986,0.25,0.75,0.875,0.0,0.12,0,0,0,100,0,0.0,BEST,False,False,235,True,True,GREEDY,,,GREEDY_HV
BWWKXI[M],17,18,33,12,0.33,True,True,"[13, 7, 16, 38, 46, 23, 5, 6]",[],"[13.27483838370045, 7.5529196974265655, 16.03209347335452, 38.53460250568493, 46.42385820416751, 23.726064614158226, 5.349363921204171, 6.4646711958287835]","[{'INP': 32}, {'CONV': [64, 3]}, ({'CONV': [32, 5]}, {'CONV': [128, 5]}), ({'CONV': [32, 3]}, {'CONV': [256, 5]}, {'POOLMAX': [-1, 2]}), ({'CONV': [64, 3]}, {'CONV': [32, 3]}), ({'CONV': [128, 3]}, {'CONV': [256, 3]}, {'POOLMAX': [-1, 2]}), ({'CONV': [128, 5]}, {'CONV': [256, 3]}), ({'CONV': [64, 3]}, {'CONV': [256, 5]}, {'POOLMAX': [-1, 2]}), ({'CONV': [32, 3]}, {'CONV': [128, 5]}), ({'CONV': [32, 3]}, {'CONV': [256, 3]}, {'POOLMAX': [-1, 2]}), {'GLOBAL_AVG': None}, {'LAST_DENSE': [100, 'softmax']}]",HHSE,NSGA2,,,,,0.7013417393233498,,,,1295869952,2886820,,,,,,"[0, 21, 28, 38, 60, 26, 6, 11]",0.7176383477533195,-0.0006722180438147,0.25,0.75,0.875,0.0,0.12,0,0,0,100,0,0.0,BEST,False,False,235,True,True,GREEDY,,,GREEDY_HV
BYQJMB[M][M],17,18,34,34,0.34,True,True,"[13, 7, 20, 38, 27, 61, 15, 14]",[],"[13.793434188115818, 7.373683941274378, 20.16630783424064, 38.43923156602531, 27.496224605876115, 61.71528200032137, 15.272898251504529, 14.330987850561845]","[{'INP': 32}, {'CONV': [64, 3]}, ({'CONV': [32, 5]}, {'CONV': [128, 5]}), ({'CONV': [32, 3]}, {'CONV': [256, 5]}, {'POOLMAX': [-1, 2]}), ({'CONV': [64, 3]}, {'CONV': [128, 3]}), ({'CONV': [128, 3]}, {'CONV': [256, 3]}, {'POOLMAX': [-1, 2]}), ({'CONV': [64, 5]}, {'CONV': [64, 5]}), ({'CONV': [256, 5]}, {'CONV': [128, 5]}, {'POOLMAX': [-1, 2]}), ({'CONV': [32, 5]}, {'CONV': [256, 5]}), ({'CONV': [32, 5]}, {'CONV': [256, 3]}, {'POOLMAX': [-1, 2]}), {'GLOBAL_AVG': None}, {'LAST_DENSE': [100, 'softmax']}]",HHSE,NSGA2,,,,,0.7014380136836295,,,,1399324672,3421476,,,,,,"[14, 11, 59, 44, 21, 61, 55, 15]",0.7178662770554374,-0.0001283520309058,0.0,0.0,0.875,0.625,0.34,0,0,0,100,0,0.0,BEST,False,False,234,True,True,GREEDY,,,GREEDY_HV
BYQJMB[M][M],17,18,35,34,0.35,True,True,"[13, 7, 20, 38, 27, 61, 15, 14]",[],"[13.793434188115818, 7.373683941274378, 20.16630783424064, 38.43923156602531, 27.496224605876115, 61.71528200032137, 15.272898251504529, 14.330987850561845]","[{'INP': 32}, {'CONV': [64, 3]}, ({'CONV': [32, 5]}, {'CONV': [128, 5]}), ({'CONV': [32, 3]}, {'CONV': [256, 5]}, {'POOLMAX': [-1, 2]}), ({'CONV': [64, 3]}, {'CONV': [128, 3]}), ({'CONV': [128, 3]}, {'CONV': [256, 3]}, {'POOLMAX': [-1, 2]}), ({'CONV': [64, 5]}, {'CONV': [64, 5]}), ({'CONV': [256, 5]}, {'CONV': [128, 5]}, {'POOLMAX': [-1, 2]}), ({'CONV': [32, 5]}, {'CONV': [256, 5]}), ({'CONV': [32, 5]}, {'CONV': [256, 3]}, {'POOLMAX': [-1, 2]}), {'GLOBAL_AVG': None}, {'LAST_DENSE': [100, 'softmax']}]",HHSE,NSGA2,,,,,0.7014380136836295,,,,1399324672,3421476,,,,,,"[14, 11, 59, 44, 21, 61, 55, 15]",0.7190049313975342,-0.0004341267238974,0.0,0.0,0.875,0.0,0.34,0,2,0,100,0,0.02,BEST,False,False,234,True,True,GREEDY,,,GREEDY_HV
BYQJMB[M][M],17,18,36,34,0.36,True,True,"[13, 7, 20, 38, 27, 61, 15, 14]",[],"[13.793434188115818, 7.373683941274378, 20.16630783424064, 38.43923156602531, 27.496224605876115, 61.71528200032137, 15.272898251504529, 14.330987850561845]","[{'INP': 32}, {'CONV': [64, 3]}, ({'CONV': [32, 5]}, {'CONV': [128, 5]}), ({'CONV': [32, 3]}, {'CONV': [256, 5]}, {'POOLMAX': [-1, 2]}), ({'CONV': [64, 3]}, {'CONV': [128, 3]}), ({'CONV': [128, 3]}, {'CONV': [256, 3]}, {'POOLMAX': [-1, 2]}), ({'CONV': [64, 5]}, {'CONV': [64, 5]}), ({'CONV': [256, 5]}, {'CONV': [128, 5]}, {'POOLMAX': [-1, 2]}), ({'CONV': [32, 5]}, {'CONV': [256, 5]}), ({'CONV': [32, 5]}, {'CONV': [256, 3]}, {'POOLMAX': [-1, 2]}), {'GLOBAL_AVG': None}, {'LAST_DENSE': [100, 'softmax']}]",HHSE,NSGA2,,,,,0.7014380136836295,,,,1399324672,3421476,,,,,,"[14, 11, 59, 44, 21, 61, 55, 15]",0.7179551580571133,-0.0001369099017943,0.0,0.0,0.875,0.0,0.34,0,0,0,100,0,0.0,BEST,False,False,234,True,True,GREEDY,,,GREEDY_HV
BYQJMB[M][M],17,18,37,34,0.37,True,True,"[13, 7, 20, 38, 27, 61, 15, 14]",[],"[13.793434188115818, 7.373683941274378, 20.16630783424064, 38.43923156602531, 27.496224605876115, 61.71528200032137, 15.272898251504529, 14.330987850561845]","[{'INP': 32}, {'CONV': [64, 3]}, ({'CONV': [32, 5]}, {'CONV': [128, 5]}), ({'CONV': [32, 3]}, {'CONV': [256, 5]}, {'POOLMAX': [-1, 2]}), ({'CONV': [64, 3]}, {'CONV': [128, 3]}), ({'CONV': [128, 3]}, {'CONV': [256, 3]}, {'POOLMAX': [-1, 2]}), ({'CONV': [64, 5]}, {'CONV': [64, 5]}), ({'CONV': [256, 5]}, {'CONV': [128, 5]}, {'POOLMAX': [-1, 2]}), ({'CONV': [32, 5]}, {'CONV': [256, 5]}), ({'CONV': [32, 5]}, {'CONV': [256, 3]}, {'POOLMAX': [-1, 2]}), {'GLOBAL_AVG': None}, {'LAST_DENSE': [100, 'softmax']}]",HHSE,NSGA2,,,,,0.7014380136836295,,,,1399324672,3421476,,,,,,"[14, 11, 59, 44, 21, 61, 55, 15]",0.7179499604105809,-0.0003815690460481,0.0,0.0,0.875,0.0,0.34,0,0,0,100,0,0.0,BEST,False,False,234,True,True,GREEDY,,,GREEDY_HV
BYQJMB[M][M],17,18,38,34,0.38,True,True,"[13, 7, 20, 38, 27, 61, 15, 14]",[],"[13.793434188115818, 7.373683941274378, 20.16630783424064, 38.43923156602531, 27.496224605876115, 61.71528200032137, 15.272898251504529, 14.330987850561845]","[{'INP': 32}, {'CONV': [64, 3]}, ({'CONV': [32, 5]}, {'CONV': [128, 5]}), ({'CONV': [32, 3]}, {'CONV': [256, 5]}, {'POOLMAX': [-1, 2]}), ({'CONV': [64, 3]}, {'CONV': [128, 3]}), ({'CONV': [128, 3]}, {'CONV': [256, 3]}, {'POOLMAX': [-1, 2]}), ({'CONV': [64, 5]}, {'CONV': [64, 5]}), ({'CONV': [256, 5]}, {'CONV': [128, 5]}, {'POOLMAX': [-1, 2]}), ({'CONV': [32, 5]}, {'CONV': [256, 5]}), ({'CONV': [32, 5]}, {'CONV': [256, 3]}, {'POOLMAX': [-1, 2]}), {'GLOBAL_AVG': None}, {'LAST_DENSE': [100, 'softmax']}]",HHSE,NSGA2,,,,,0.7014380136836295,,,,1399324672,3421476,,,,,,"[14, 11, 59, 44, 21, 61, 55, 15]",0.7181378148658528,-0.0001160595660339,0.0,0.0,0.875,0.0,0.34,0,0,0,100,0,0.0,BEST,False,False,234,True,True,GREEDY,,,GREEDY_HV
BYQJMB[M][M],17,18,39,34,0.39,True,True,"[13, 7, 20, 38, 27, 61, 15, 14]",[],"[13.793434188115818, 7.373683941274378, 20.16630783424064, 38.43923156602531, 27.496224605876115, 61.71528200032137, 15.272898251504529, 14.330987850561845]","[{'INP': 32}, {'CONV': [64, 3]}, ({'CONV': [32, 5]}, {'CONV': [128, 5]}), ({'CONV': [32, 3]}, {'CONV': [256, 5]}, {'POOLMAX': [-1, 2]}), ({'CONV': [64, 3]}, {'CONV': [128, 3]}), ({'CONV': [128, 3]}, {'CONV': [256, 3]}, {'POOLMAX': [-1, 2]}), ({'CONV': [64, 5]}, {'CONV': [64, 5]}), ({'CONV': [256, 5]}, {'CONV': [128, 5]}, {'POOLMAX': [-1, 2]}), ({'CONV': [32, 5]}, {'CONV': [256, 5]}), ({'CONV': [32, 5]}, {'CONV': [256, 3]}, {'POOLMAX': [-1, 2]}), {'GLOBAL_AVG': None}, {'LAST_DENSE': [100, 'softmax']}]",HHSE,NSGA2,,,,,0.7014380136836295,,,,1399324672,3421476,,,,,,"[14, 11, 59, 44, 21, 61, 55, 15]",0.718372624372521,-0.0007431843566695,0.0,0.0,0.875,0.0,0.34,0,0,0,100,0,0.0,BEST,False,False,234,True,True,GREEDY,,,GREEDY_HV
BYQJMB[M][M],17,18,40,34,0.4,True,True,"[13, 7, 20, 38, 27, 61, 15, 14]",[],"[13.793434188115818, 7.373683941274378, 20.16630783424064, 38.43923156602531, 27.496224605876115, 61.71528200032137, 15.272898251504529, 14.330987850561845]","[{'INP': 32}, {'CONV': [64, 3]}, ({'CONV': [32, 5]}, {'CONV': [128, 5]}), ({'CONV': [32, 3]}, {'CONV': [256, 5]}, {'POOLMAX': [-1, 2]}), ({'CONV': [64, 3]}, {'CONV': [128, 3]}), ({'CONV': [128, 3]}, {'CONV': [256, 3]}, {'POOLMAX': [-1, 2]}), ({'CONV': [64, 5]}, {'CONV': [64, 5]}), ({'CONV': [256, 5]}, {'CONV': [128, 5]}, {'POOLMAX': [-1, 2]}), ({'CONV': [32, 5]}, {'CONV': [256, 5]}), ({'CONV': [32, 5]}, {'CONV': [256, 3]}, {'POOLMAX': [-1, 2]}), {'GLOBAL_AVG': None}, {'LAST_DENSE': [100, 'softmax']}]",HHSE,NSGA2,,,,,0.7014380136836295,,,,1399324672,3421476,,,,,,"[14, 11, 59, 44, 21, 61, 55, 15]",0.7233849799147075,0.005159825624636,0.0,0.0,0.875,0.0,0.34,0,0,0,100,0,0.0,BEST,False,False,234,True,True,GREEDY,,,GREEDY_HV
BYQJMB[M][M],17,18,41,34,0.41,True,True,"[13, 7, 20, 38, 27, 61, 15, 14]",[],"[13.793434188115818, 7.373683941274378, 20.16630783424064, 38.43923156602531, 27.496224605876115, 61.71528200032137, 15.272898251504529, 14.330987850561845]","[{'INP': 32}, {'CONV': [64, 3]}, ({'CONV': [32, 5]}, {'CONV': [128, 5]}), ({'CONV': [32, 3]}, {'CONV': [256, 5]}, {'POOLMAX': [-1, 2]}), ({'CONV': [64, 3]}, {'CONV': [128, 3]}), ({'CONV': [128, 3]}, {'CONV': [256, 3]}, {'POOLMAX': [-1, 2]}), ({'CONV': [64, 5]}, {'CONV': [64, 5]}), ({'CONV': [256, 5]}, {'CONV': [128, 5]}, {'POOLMAX': [-1, 2]}), ({'CONV': [32, 5]}, {'CONV': [256, 5]}), ({'CONV': [32, 5]}, {'CONV': [256, 3]}, {'POOLMAX': [-1, 2]}), {'GLOBAL_AVG': None}, {'LAST_DENSE': [100, 'softmax']}]",HHSE,NSGA2,,,,,0.7014380136836295,,,,1399324672,3421476,,,,,,"[14, 11, 59, 44, 21, 61, 55, 15]",0.7186590737221356,0.0004698612599429,0.0,0.0,0.875,0.0,0.34,0,0,0,100,0,0.0,BEST,False,False,234,True,True,GREEDY,,,GREEDY_HV
BYQJMB[M][M],17,18,42,34,0.42,True,True,"[13, 7, 20, 38, 27, 61, 15, 14]",[],"[13.793434188115818, 7.373683941274378, 20.16630783424064, 38.43923156602531, 27.496224605876115, 61.71528200032137, 15.272898251504529, 14.330987850561845]","[{'INP': 32}, {'CONV': [64, 3]}, ({'CONV': [32, 5]}, {'CONV': [128, 5]}), ({'CONV': [32, 3]}, {'CONV': [256, 5]}, {'POOLMAX': [-1, 2]}), ({'CONV': [64, 3]}, {'CONV': [128, 3]}), ({'CONV': [128, 3]}, {'CONV': [256, 3]}, {'POOLMAX': [-1, 2]}), ({'CONV': [64, 5]}, {'CONV': [64, 5]}), ({'CONV': [256, 5]}, {'CONV': [128, 5]}, {'POOLMAX': [-1, 2]}), ({'CONV': [32, 5]}, {'CONV': [256, 5]}), ({'CONV': [32, 5]}, {'CONV': [256, 3]}, {'POOLMAX': [-1, 2]}), {'GLOBAL_AVG': None}, {'LAST_DENSE': [100, 'softmax']}]",HHSE,NSGA2,,,,,0.7014380136836295,,,,1399324672,3421476,,,,,,"[14, 11, 59, 44, 21, 61, 55, 15]",0.7181647092013361,-0.0002712612923854,0.0,0.0,0.875,0.0,0.34,0,0,0,100,0,0.0,BEST,False,False,234,True,True,GREEDY,,,GREEDY_HV
BYQJMB[M][M],17,18,43,34,0.43,True,True,"[13, 7, 20, 38, 27, 61, 15, 14]",[],"[13.793434188115818, 7.373683941274378, 20.16630783424064, 38.43923156602531, 27.496224605876115, 61.71528200032137, 15.272898251504529, 14.330987850561845]","[{'INP': 32}, {'CONV': [64, 3]}, ({'CONV': [32, 5]}, {'CONV': [128, 5]}), ({'CONV': [32, 3]}, {'CONV': [256, 5]}, {'POOLMAX': [-1, 2]}), ({'CONV': [64, 3]}, {'CONV': [128, 3]}), ({'CONV': [128, 3]}, {'CONV': [256, 3]}, {'POOLMAX': [-1, 2]}), ({'CONV': [64, 5]}, {'CONV': [64, 5]}), ({'CONV': [256, 5]}, {'CONV': [128, 5]}, {'POOLMAX': [-1, 2]}), ({'CONV': [32, 5]}, {'CONV': [256, 5]}), ({'CONV': [32, 5]}, {'CONV': [256, 3]}, {'POOLMAX': [-1, 2]}), {'GLOBAL_AVG': None}, {'LAST_DENSE': [100, 'softmax']}]",HHSE,NSGA2,,,,,0.7014380136836295,,,,1399324672,3421476,,,,,,"[14, 11, 59, 44, 21, 61, 55, 15]",0.7181515250614622,-0.0037233294052186,0.0,0.0,0.875,0.0,0.34,0,0,0,100,0,0.0,BEST,False,False,234,True,True,GREEDY,,,GREEDY_HV
BYQJMB[M][M],17,18,44,34,0.44,True,True,"[13, 7, 20, 38, 27, 61, 15, 14]",[],"[13.793434188115818, 7.373683941274378, 20.16630783424064, 38.43923156602531, 27.496224605876115, 61.71528200032137, 15.272898251504529, 14.330987850561845]","[{'INP': 32}, {'CONV': [64, 3]}, ({'CONV': [32, 5]}, {'CONV': [128, 5]}), ({'CONV': [32, 3]}, {'CONV': [256, 5]}, {'POOLMAX': [-1, 2]}), ({'CONV': [64, 3]}, {'CONV': [128, 3]}), ({'CONV': [128, 3]}, {'CONV': [256, 3]}, {'POOLMAX': [-1, 2]}), ({'CONV': [64, 5]}, {'CONV': [64, 5]}), ({'CONV': [256, 5]}, {'CONV': [128, 5]}, {'POOLMAX': [-1, 2]}), ({'CONV': [32, 5]}, {'CONV': [256, 5]}), ({'CONV': [32, 5]}, {'CONV': [256, 3]}, {'POOLMAX': [-1, 2]}), {'GLOBAL_AVG': None}, {'LAST_DENSE': [100, 'softmax']}]",HHSE,NSGA2,,,,,0.7014380136836295,,,,1399324672,3421476,,,,,,"[14, 11, 59, 44, 21, 61, 55, 15]",0.7181487558954684,-0.0004296957290066,0.0,0.0,0.875,0.0,0.34,0,0,0,100,0,0.0,BEST,False,False,234,True,True,GREEDY,,,GREEDY_HV
BYQJMB[M][M],17,18,45,34,0.45,True,True,"[13, 7, 20, 38, 27, 61, 15, 14]",[],"[13.793434188115818, 7.373683941274378, 20.16630783424064, 38.43923156602531, 27.496224605876115, 61.71528200032137, 15.272898251504529, 14.330987850561845]","[{'INP': 32}, {'CONV': [64, 3]}, ({'CONV': [32, 5]}, {'CONV': [128, 5]}), ({'CONV': [32, 3]}, {'CONV': [256, 5]}, {'POOLMAX': [-1, 2]}), ({'CONV': [64, 3]}, {'CONV': [128, 3]}), ({'CONV': [128, 3]}, {'CONV': [256, 3]}, {'POOLMAX': [-1, 2]}), ({'CONV': [64, 5]}, {'CONV': [64, 5]}), ({'CONV': [256, 5]}, {'CONV': [128, 5]}, {'POOLMAX': [-1, 2]}), ({'CONV': [32, 5]}, {'CONV': [256, 5]}), ({'CONV': [32, 5]}, {'CONV': [256, 3]}, {'POOLMAX': [-1, 2]}), {'GLOBAL_AVG': None}, {'LAST_DENSE': [100, 'softmax']}]",HHSE,NSGA2,,,,,0.7014380136836295,,,,1399324672,3421476,,,,,,"[14, 11, 59, 44, 21, 61, 55, 15]",0.7181797326655449,-7.630770967548273e-05,0.0,0.0,0.875,0.0,0.34,0,0,0,100,0,0.0,BEST,False,False,234,True,True,GREEDY,,,GREEDY_HV
BYQJMB[M][M],17,18,46,34,0.46,True,True,"[13, 7, 20, 38, 27, 61, 15, 14]",[],"[13.793434188115818, 7.373683941274378, 20.16630783424064, 38.43923156602531, 27.496224605876115, 61.71528200032137, 15.272898251504529, 14.330987850561845]","[{'INP': 32}, {'CONV': [64, 3]}, ({'CONV': [32, 5]}, {'CONV': [128, 5]}), ({'CONV': [32, 3]}, {'CONV': [256, 5]}, {'POOLMAX': [-1, 2]}), ({'CONV': [64, 3]}, {'CONV': [128, 3]}), ({'CONV': [128, 3]}, {'CONV': [256, 3]}, {'POOLMAX': [-1, 2]}), ({'CONV': [64, 5]}, {'CONV': [64, 5]}), ({'CONV': [256, 5]}, {'CONV': [128, 5]}, {'POOLMAX': [-1, 2]}), ({'CONV': [32, 5]}, {'CONV': [256, 5]}), ({'CONV': [32, 5]}, {'CONV': [256, 3]}, {'POOLMAX': [-1, 2]}), {'GLOBAL_AVG': None}, {'LAST_DENSE': [100, 'softmax']}]",HHSE,NSGA2,,,,,0.7014380136836295,,,,1399324672,3421476,,,,,,"[14, 11, 59, 44, 21, 61, 55, 15]",0.7181913367123968,-0.0002344270084598,0.0,0.0,0.875,0.0,0.34,0,0,0,100,0,0.0,BEST,False,False,234,True,True,GREEDY,,,GREEDY_HV
BYQJMB[M][M],17,18,47,34,0.47,True,True,"[13, 7, 20, 38, 27, 61, 15, 14]",[],"[13.793434188115818, 7.373683941274378, 20.16630783424064, 38.43923156602531, 27.496224605876115, 61.71528200032137, 15.272898251504529, 14.330987850561845]","[{'INP': 32}, {'CONV': [64, 3]}, ({'CONV': [32, 5]}, {'CONV': [128, 5]}), ({'CONV': [32, 3]}, {'CONV': [256, 5]}, {'POOLMAX': [-1, 2]}), ({'CONV': [64, 3]}, {'CONV': [128, 3]}), ({'CONV': [128, 3]}, {'CONV': [256, 3]}, {'POOLMAX': [-1, 2]}), ({'CONV': [64, 5]}, {'CONV': [64, 5]}), ({'CONV': [256, 5]}, {'CONV': [128, 5]}, {'POOLMAX': [-1, 2]}), ({'CONV': [32, 5]}, {'CONV': [256, 5]}), ({'CONV': [32, 5]}, {'CONV': [256, 3]}, {'POOLMAX': [-1, 2]}), {'GLOBAL_AVG': None}, {'LAST_DENSE': [100, 'softmax']}]",HHSE,NSGA2,,,,,0.7014380136836295,,,,1399324672,3421476,,,,,,"[14, 11, 59, 44, 21, 61, 55, 15]",0.7182740581329567,-0.0021625839302427,0.0,0.0,0.875,0.0,0.34,0,0,0,100,0,0.0,BEST,False,False,234,True,True,GREEDY,,,GREEDY_HV
BYQJMB[M][M],17,18,48,34,0.48,True,True,"[13, 7, 20, 38, 27, 61, 15, 14]",[],"[13.793434188115818, 7.373683941274378, 20.16630783424064, 38.43923156602531, 27.496224605876115, 61.71528200032137, 15.272898251504529, 14.330987850561845]","[{'INP': 32}, {'CONV': [64, 3]}, ({'CONV': [32, 5]}, {'CONV': [128, 5]}), ({'CONV': [32, 3]}, {'CONV': [256, 5]}, {'POOLMAX': [-1, 2]}), ({'CONV': [64, 3]}, {'CONV': [128, 3]}), ({'CONV': [128, 3]}, {'CONV': [256, 3]}, {'POOLMAX': [-1, 2]}), ({'CONV': [64, 5]}, {'CONV': [64, 5]}), ({'CONV': [256, 5]}, {'CONV': [128, 5]}, {'POOLMAX': [-1, 2]}), ({'CONV': [32, 5]}, {'CONV': [256, 5]}), ({'CONV': [32, 5]}, {'CONV': [256, 3]}, {'POOLMAX': [-1, 2]}), {'GLOBAL_AVG': None}, {'LAST_DENSE': [100, 'softmax']}]",HHSE,NSGA2,,,,,0.7014380136836295,,,,1399324672,3421476,,,,,,"[14, 11, 59, 44, 21, 61, 55, 15]",0.7182825162968498,-0.0001003054125729,0.0,0.0,0.875,0.0,0.34,0,0,0,100,0,0.0,BEST,False,False,234,True,True,GREEDY,,,GREEDY_HV
BYQJMB[M][M],17,18,49,34,0.49,True,True,"[13, 7, 20, 38, 27, 61, 15, 14]",[],"[13.793434188115818, 7.373683941274378, 20.16630783424064, 38.43923156602531, 27.496224605876115, 61.71528200032137, 15.272898251504529, 14.330987850561845]","[{'INP': 32}, {'CONV': [64, 3]}, ({'CONV': [32, 5]}, {'CONV': [128, 5]}), ({'CONV': [32, 3]}, {'CONV': [256, 5]}, {'POOLMAX': [-1, 2]}), ({'CONV': [64, 3]}, {'CONV': [128, 3]}), ({'CONV': [128, 3]}, {'CONV': [256, 3]}, {'POOLMAX': [-1, 2]}), ({'CONV': [64, 5]}, {'CONV': [64, 5]}), ({'CONV': [256, 5]}, {'CONV': [128, 5]}, {'POOLMAX': [-1, 2]}), ({'CONV': [32, 5]}, {'CONV': [256, 5]}), ({'CONV': [32, 5]}, {'CONV': [256, 3]}, {'POOLMAX': [-1, 2]}), {'GLOBAL_AVG': None}, {'LAST_DENSE': [100, 'softmax']}]",HHSE,NSGA2,,,,,0.7014380136836295,,,,1399324672,3421476,,,,,,"[14, 11, 59, 44, 21, 61, 55, 15]",0.7182825123608965,-0.0041013151138092,0.0,0.0,0.875,0.0,0.34,0,0,0,100,0,0.0,BEST,False,False,234,True,True,GREEDY,,,GREEDY_HV
BYQJMB[M][M],17,18,50,34,0.5,True,True,"[13, 7, 20, 38, 27, 61, 15, 14]",[],"[13.793434188115818, 7.373683941274378, 20.16630783424064, 38.43923156602531, 27.496224605876115, 61.71528200032137, 15.272898251504529, 14.330987850561845]","[{'INP': 32}, {'CONV': [64, 3]}, ({'CONV': [32, 5]}, {'CONV': [128, 5]}), ({'CONV': [32, 3]}, {'CONV': [256, 5]}, {'POOLMAX': [-1, 2]}), ({'CONV': [64, 3]}, {'CONV': [128, 3]}), ({'CONV': [128, 3]}, {'CONV': [256, 3]}, {'POOLMAX': [-1, 2]}), ({'CONV': [64, 5]}, {'CONV': [64, 5]}), ({'CONV': [256, 5]}, {'CONV': [128, 5]}, {'POOLMAX': [-1, 2]}), ({'CONV': [32, 5]}, {'CONV': [256, 5]}), ({'CONV': [32, 5]}, {'CONV': [256, 3]}, {'POOLMAX': [-1, 2]}), {'GLOBAL_AVG': None}, {'LAST_DENSE': [100, 'softmax']}]",HHSE,NSGA2,,,,,0.7014380136836295,,,,1399324672,3421476,,,,,,"[14, 11, 59, 44, 21, 61, 55, 15]",0.7189056979862963,0.0001759151168438,0.0,0.0,0.875,0.0,0.34,0,1,0,100,0,0.01,BEST,False,False,234,True,True,GREEDY,,,GREEDY_HV
BYQJMB[M][M],17,18,51,34,0.51,True,True,"[13, 7, 20, 38, 27, 61, 15, 14]",[],"[13.793434188115818, 7.373683941274378, 20.16630783424064, 38.43923156602531, 27.496224605876115, 61.71528200032137, 15.272898251504529, 14.330987850561845]","[{'INP': 32}, {'CONV': [64, 3]}, ({'CONV': [32, 5]}, {'CONV': [128, 5]}), ({'CONV': [32, 3]}, {'CONV': [256, 5]}, {'POOLMAX': [-1, 2]}), ({'CONV': [64, 3]}, {'CONV': [128, 3]}), ({'CONV': [128, 3]}, {'CONV': [256, 3]}, {'POOLMAX': [-1, 2]}), ({'CONV': [64, 5]}, {'CONV': [64, 5]}), ({'CONV': [256, 5]}, {'CONV': [128, 5]}, {'POOLMAX': [-1, 2]}), ({'CONV': [32, 5]}, {'CONV': [256, 5]}), ({'CONV': [32, 5]}, {'CONV': [256, 3]}, {'POOLMAX': [-1, 2]}), {'GLOBAL_AVG': None}, {'LAST_DENSE': [100, 'softmax']}]",HHSE,NSGA2,,,,,0.7014380136836295,,,,1399324672,3421476,,,,,,"[14, 11, 59, 44, 21, 61, 55, 15]",0.7195240936788347,-0.0009461393695582,0.0,0.0,0.875,0.0,0.34,0,1,0,100,0,0.01,BEST,False,False,234,True,True,GREEDY,,,GREEDY_HV
BYQJMB[M][M],17,18,52,34,0.52,True,True,"[13, 7, 20, 38, 27, 61, 15, 14]",[],"[13.793434188115818, 7.373683941274378, 20.16630783424064, 38.43923156602531, 27.496224605876115, 61.71528200032137, 15.272898251504529, 14.330987850561845]","[{'INP': 32}, {'CONV': [64, 3]}, ({'CONV': [32, 5]}, {'CONV': [128, 5]}), ({'CONV': [32, 3]}, {'CONV': [256, 5]}, {'POOLMAX': [-1, 2]}), ({'CONV': [64, 3]}, {'CONV': [128, 3]}), ({'CONV': [128, 3]}, {'CONV': [256, 3]}, {'POOLMAX': [-1, 2]}), ({'CONV': [64, 5]}, {'CONV': [64, 5]}), ({'CONV': [256, 5]}, {'CONV': [128, 5]}, {'POOLMAX': [-1, 2]}), ({'CONV': [32, 5]}, {'CONV': [256, 5]}), ({'CONV': [32, 5]}, {'CONV': [256, 3]}, {'POOLMAX': [-1, 2]}), {'GLOBAL_AVG': None}, {'LAST_DENSE': [100, 'softmax']}]",HHSE,NSGA2,,,,,0.7014380136836295,,,,1399324672,3421476,,,,,,"[14, 11, 59, 44, 21, 61, 55, 15]",0.7195354109341201,-0.0015590128877096,0.0,0.0,0.875,0.0,0.34,0,0,0,100,0,0.0,BEST,False,False,234,True,True,GREEDY,,,GREEDY_HV
BYQJMB[M][M],17,18,53,34,0.53,True,True,"[13, 7, 20, 38, 27, 61, 15, 14]",[],"[13.793434188115818, 7.373683941274378, 20.16630783424064, 38.43923156602531, 27.496224605876115, 61.71528200032137, 15.272898251504529, 14.330987850561845]","[{'INP': 32}, {'CONV': [64, 3]}, ({'CONV': [32, 5]}, {'CONV': [128, 5]}), ({'CONV': [32, 3]}, {'CONV': [256, 5]}, {'POOLMAX': [-1, 2]}), ({'CONV': [64, 3]}, {'CONV': [128, 3]}), ({'CONV': [128, 3]}, {'CONV': [256, 3]}, {'POOLMAX': [-1, 2]}), ({'CONV': [64, 5]}, {'CONV': [64, 5]}), ({'CONV': [256, 5]}, {'CONV': [128, 5]}, {'POOLMAX': [-1, 2]}), ({'CONV': [32, 5]}, {'CONV': [256, 5]}), ({'CONV': [32, 5]}, {'CONV': [256, 3]}, {'POOLMAX': [-1, 2]}), {'GLOBAL_AVG': None}, {'LAST_DENSE': [100, 'softmax']}]",HHSE,NSGA2,,,,,0.7014380136836295,,,,1399324672,3421476,,,,,,"[14, 11, 59, 44, 21, 61, 55, 15]",0.7195675746900587,-1.3230663711838451e-05,0.0,0.0,0.875,0.0,0.34,0,0,0,100,0,0.0,BEST,False,False,234,True,True,GREEDY,,,GREEDY_HV
BYQJMB[M][M],17,18,54,34,0.54,True,True,"[13, 7, 20, 38, 27, 61, 15, 14]",[],"[13.793434188115818, 7.373683941274378, 20.16630783424064, 38.43923156602531, 27.496224605876115, 61.71528200032137, 15.272898251504529, 14.330987850561845]","[{'INP': 32}, {'CONV': [64, 3]}, ({'CONV': [32, 5]}, {'CONV': [128, 5]}), ({'CONV': [32, 3]}, {'CONV': [256, 5]}, {'POOLMAX': [-1, 2]}), ({'CONV': [64, 3]}, {'CONV': [128, 3]}), ({'CONV': [128, 3]}, {'CONV': [256, 3]}, {'POOLMAX': [-1, 2]}), ({'CONV': [64, 5]}, {'CONV': [64, 5]}), ({'CONV': [256, 5]}, {'CONV': [128, 5]}, {'POOLMAX': [-1, 2]}), ({'CONV': [32, 5]}, {'CONV': [256, 5]}), ({'CONV': [32, 5]}, {'CONV': [256, 3]}, {'POOLMAX': [-1, 2]}), {'GLOBAL_AVG': None}, {'LAST_DENSE': [100, 'softmax']}]",HHSE,NSGA2,,,,,0.7014380136836295,,,,1399324672,3421476,,,,,,"[14, 11, 59, 44, 21, 61, 55, 15]",0.719539838097093,-0.0015566028687385,0.0,0.0,0.875,0.0,0.34,0,0,0,100,0,0.0,BEST,False,False,234,True,True,GREEDY,,,GREEDY_HV
BYQJMB[M][M],17,18,55,34,0.55,True,True,"[13, 7, 20, 38, 27, 61, 15, 14]",[],"[13.793434188115818, 7.373683941274378, 20.16630783424064, 38.43923156602531, 27.496224605876115, 61.71528200032137, 15.272898251504529, 14.330987850561845]","[{'INP': 32}, {'CONV': [64, 3]}, ({'CONV': [32, 5]}, {'CONV': [128, 5]}), ({'CONV': [32, 3]}, {'CONV': [256, 5]}, {'POOLMAX': [-1, 2]}), ({'CONV': [64, 3]}, {'CONV': [128, 3]}), ({'CONV': [128, 3]}, {'CONV': [256, 3]}, {'POOLMAX': [-1, 2]}), ({'CONV': [64, 5]}, {'CONV': [64, 5]}), ({'CONV': [256, 5]}, {'CONV': [128, 5]}, {'POOLMAX': [-1, 2]}), ({'CONV': [32, 5]}, {'CONV': [256, 5]}), ({'CONV': [32, 5]}, {'CONV': [256, 3]}, {'POOLMAX': [-1, 2]}), {'GLOBAL_AVG': None}, {'LAST_DENSE': [100, 'softmax']}]",HHSE,NSGA2,,,,,0.7014380136836295,,,,1399324672,3421476,,,,,,"[14, 11, 59, 44, 21, 61, 55, 15]",0.719590353607479,-0.0003321400787145,0.0,0.0,0.875,0.0,0.34,0,0,0,100,0,0.0,BEST,False,False,234,True,True,GREEDY,,,GREEDY_HV
BYQJMB[M][M],17,18,56,34,0.56,True,True,"[13, 7, 20, 38, 27, 61, 15, 14]",[],"[13.793434188115818, 7.373683941274378, 20.16630783424064, 38.43923156602531, 27.496224605876115, 61.71528200032137, 15.272898251504529, 14.330987850561845]","[{'INP': 32}, {'CONV': [64, 3]}, ({'CONV': [32, 5]}, {'CONV': [128, 5]}), ({'CONV': [32, 3]}, {'CONV': [256, 5]}, {'POOLMAX': [-1, 2]}), ({'CONV': [64, 3]}, {'CONV': [128, 3]}), ({'CONV': [128, 3]}, {'CONV': [256, 3]}, {'POOLMAX': [-1, 2]}), ({'CONV': [64, 5]}, {'CONV': [64, 5]}), ({'CONV': [256, 5]}, {'CONV': [128, 5]}, {'POOLMAX': [-1, 2]}), ({'CONV': [32, 5]}, {'CONV': [256, 5]}), ({'CONV': [32, 5]}, {'CONV': [256, 3]}, {'POOLMAX': [-1, 2]}), {'GLOBAL_AVG': None}, {'LAST_DENSE': [100, 'softmax']}]",HHSE,NSGA2,,,,,0.7014380136836295,,,,1399324672,3421476,,,,,,"[14, 11, 59, 44, 21, 61, 55, 15]",0.7196216038340739,-0.0060114360601669,0.0,0.0,0.875,0.0,0.34,0,0,0,100,0,0.0,BEST,False,False,234,True,True,GREEDY,,,GREEDY_HV
BYQJMB[M][M],17,18,57,34,0.57,True,True,"[13, 7, 20, 38, 27, 61, 15, 14]",[],"[13.793434188115818, 7.373683941274378, 20.16630783424064, 38.43923156602531, 27.496224605876115, 61.71528200032137, 15.272898251504529, 14.330987850561845]","[{'INP': 32}, {'CONV': [64, 3]}, ({'CONV': [32, 5]}, {'CONV': [128, 5]}), ({'CONV': [32, 3]}, {'CONV': [256, 5]}, {'POOLMAX': [-1, 2]}), ({'CONV': [64, 3]}, {'CONV': [128, 3]}), ({'CONV': [128, 3]}, {'CONV': [256, 3]}, {'POOLMAX': [-1, 2]}), ({'CONV': [64, 5]}, {'CONV': [64, 5]}), ({'CONV': [256, 5]}, {'CONV': [128, 5]}, {'POOLMAX': [-1, 2]}), ({'CONV': [32, 5]}, {'CONV': [256, 5]}), ({'CONV': [32, 5]}, {'CONV': [256, 3]}, {'POOLMAX': [-1, 2]}), {'GLOBAL_AVG': None}, {'LAST_DENSE': [100, 'softmax']}]",HHSE,NSGA2,,,,,0.7014380136836295,,,,1399324672,3421476,,,,,,"[14, 11, 59, 44, 21, 61, 55, 15]",0.7196321631256746,-0.0026975833558355,0.0,0.0,0.875,0.0,0.34,0,0,0,100,0,0.0,BEST,False,False,234,True,True,GREEDY,,,GREEDY_HV
BYQJMB[M][M],17,18,58,34,0.58,True,True,"[13, 7, 20, 38, 27, 61, 15, 14]",[],"[13.793434188115818, 7.373683941274378, 20.16630783424064, 38.43923156602531, 27.496224605876115, 61.71528200032137, 15.272898251504529, 14.330987850561845]","[{'INP': 32}, {'CONV': [64, 3]}, ({'CONV': [32, 5]}, {'CONV': [128, 5]}), ({'CONV': [32, 3]}, {'CONV': [256, 5]}, {'POOLMAX': [-1, 2]}), ({'CONV': [64, 3]}, {'CONV': [128, 3]}), ({'CONV': [128, 3]}, {'CONV': [256, 3]}, {'POOLMAX': [-1, 2]}), ({'CONV': [64, 5]}, {'CONV': [64, 5]}), ({'CONV': [256, 5]}, {'CONV': [128, 5]}, {'POOLMAX': [-1, 2]}), ({'CONV': [32, 5]}, {'CONV': [256, 5]}), ({'CONV': [32, 5]}, {'CONV': [256, 3]}, {'POOLMAX': [-1, 2]}), {'GLOBAL_AVG': None}, {'LAST_DENSE': [100, 'softmax']}]",HHSE,NSGA2,,,,,0.7014380136836295,,,,1399324672,3421476,,,,,,"[14, 11, 59, 44, 21, 61, 55, 15]",0.7196800369425276,-0.0003618318872703,0.0,0.0,0.875,0.0,0.34,0,0,0,100,0,0.0,BEST,False,False,234,True,True,GREEDY,,,GREEDY_HV
BYQJMB[M][M],17,18,59,34,0.59,True,True,"[13, 7, 20, 38, 27, 61, 15, 14]",[],"[13.793434188115818, 7.373683941274378, 20.16630783424064, 38.43923156602531, 27.496224605876115, 61.71528200032137, 15.272898251504529, 14.330987850561845]","[{'INP': 32}, {'CONV': [64, 3]}, ({'CONV': [32, 5]}, {'CONV': [128, 5]}), ({'CONV': [32, 3]}, {'CONV': [256, 5]}, {'POOLMAX': [-1, 2]}), ({'CONV': [64, 3]}, {'CONV': [128, 3]}), ({'CONV': [128, 3]}, {'CONV': [256, 3]}, {'POOLMAX': [-1, 2]}), ({'CONV': [64, 5]}, {'CONV': [64, 5]}), ({'CONV': [256, 5]}, {'CONV': [128, 5]}, {'POOLMAX': [-1, 2]}), ({'CONV': [32, 5]}, {'CONV': [256, 5]}), ({'CONV': [32, 5]}, {'CONV': [256, 3]}, {'POOLMAX': [-1, 2]}), {'GLOBAL_AVG': None}, {'LAST_DENSE': [100, 'softmax']}]",HHSE,NSGA2,,,,,0.7014380136836295,,,,1399324672,3421476,,,,,,"[14, 11, 59, 44, 21, 61, 55, 15]",0.7196829941130524,-0.0002823796447772,0.0,0.0,0.875,0.0,0.34,0,0,0,100,0,0.0,BEST,False,False,234,True,True,GREEDY,,,GREEDY_HV
BYQJMB[M][M],17,18,60,34,0.6,True,True,"[13, 7, 20, 38, 27, 61, 15, 14]",[],"[13.793434188115818, 7.373683941274378, 20.16630783424064, 38.43923156602531, 27.496224605876115, 61.71528200032137, 15.272898251504529, 14.330987850561845]","[{'INP': 32}, {'CONV': [64, 3]}, ({'CONV': [32, 5]}, {'CONV': [128, 5]}), ({'CONV': [32, 3]}, {'CONV': [256, 5]}, {'POOLMAX': [-1, 2]}), ({'CONV': [64, 3]}, {'CONV': [128, 3]}), ({'CONV': [128, 3]}, {'CONV': [256, 3]}, {'POOLMAX': [-1, 2]}), ({'CONV': [64, 5]}, {'CONV': [64, 5]}), ({'CONV': [256, 5]}, {'CONV': [128, 5]}, {'POOLMAX': [-1, 2]}), ({'CONV': [32, 5]}, {'CONV': [256, 5]}), ({'CONV': [32, 5]}, {'CONV': [256, 3]}, {'POOLMAX': [-1, 2]}), {'GLOBAL_AVG': None}, {'LAST_DENSE': [100, 'softmax']}]",HHSE,NSGA2,,,,,0.7014380136836295,,,,1399324672,3421476,,,,,,"[14, 11, 59, 44, 21, 61, 55, 15]",0.7196679382894234,-0.0007466609533807,0.0,0.0,0.875,0.0,0.34,0,0,0,100,0,0.0,BEST,False,False,234,True,True,GREEDY,,,GREEDY_HV
BYQJMB[M][M],17,18,61,34,0.61,True,True,"[13, 7, 20, 38, 27, 61, 15, 14]",[],"[13.793434188115818, 7.373683941274378, 20.16630783424064, 38.43923156602531, 27.496224605876115, 61.71528200032137, 15.272898251504529, 14.330987850561845]","[{'INP': 32}, {'CONV': [64, 3]}, ({'CONV': [32, 5]}, {'CONV': [128, 5]}), ({'CONV': [32, 3]}, {'CONV': [256, 5]}, {'POOLMAX': [-1, 2]}), ({'CONV': [64, 3]}, {'CONV': [128, 3]}), ({'CONV': [128, 3]}, {'CONV': [256, 3]}, {'POOLMAX': [-1, 2]}), ({'CONV': [64, 5]}, {'CONV': [64, 5]}), ({'CONV': [256, 5]}, {'CONV': [128, 5]}, {'POOLMAX': [-1, 2]}), ({'CONV': [32, 5]}, {'CONV': [256, 5]}), ({'CONV': [32, 5]}, {'CONV': [256, 3]}, {'POOLMAX': [-1, 2]}), {'GLOBAL_AVG': None}, {'LAST_DENSE': [100, 'softmax']}]",HHSE,NSGA2,,,,,0.7014380136836295,,,,1399324672,3421476,,,,,,"[14, 11, 59, 44, 21, 61, 55, 15]",0.7197188329460387,-0.0060367081610251,0.0,0.0,0.875,0.0,0.34,0,0,0,100,0,0.0,BEST,False,False,234,True,True,GREEDY,,,GREEDY_HV
BYQJMB[M][M],17,18,62,34,0.62,True,True,"[13, 7, 20, 38, 27, 61, 15, 14]",[],"[13.793434188115818, 7.373683941274378, 20.16630783424064, 38.43923156602531, 27.496224605876115, 61.71528200032137, 15.272898251504529, 14.330987850561845]","[{'INP': 32}, {'CONV': [64, 3]}, ({'CONV': [32, 5]}, {'CONV': [128, 5]}), ({'CONV': [32, 3]}, {'CONV': [256, 5]}, {'POOLMAX': [-1, 2]}), ({'CONV': [64, 3]}, {'CONV': [128, 3]}), ({'CONV': [128, 3]}, {'CONV': [256, 3]}, {'POOLMAX': [-1, 2]}), ({'CONV': [64, 5]}, {'CONV': [64, 5]}), ({'CONV': [256, 5]}, {'CONV': [128, 5]}, {'POOLMAX': [-1, 2]}), ({'CONV': [32, 5]}, {'CONV': [256, 5]}), ({'CONV': [32, 5]}, {'CONV': [256, 3]}, {'POOLMAX': [-1, 2]}), {'GLOBAL_AVG': None}, {'LAST_DENSE': [100, 'softmax']}]",HHSE,NSGA2,,,,,0.7014380136836295,,,,1399324672,3421476,,,,,,"[14, 11, 59, 44, 21, 61, 55, 15]",0.7198556342743587,-0.0059516332682796,0.0,0.0,0.875,0.0,0.34,0,0,0,100,0,0.0,BEST,False,False,234,True,True,GREEDY,,,GREEDY_HV
BYQJMB[M][M],17,18,63,34,0.63,True,True,"[13, 7, 20, 38, 27, 61, 15, 14]",[],"[13.793434188115818, 7.373683941274378, 20.16630783424064, 38.43923156602531, 27.496224605876115, 61.71528200032137, 15.272898251504529, 14.330987850561845]","[{'INP': 32}, {'CONV': [64, 3]}, ({'CONV': [32, 5]}, {'CONV': [128, 5]}), ({'CONV': [32, 3]}, {'CONV': [256, 5]}, {'POOLMAX': [-1, 2]}), ({'CONV': [64, 3]}, {'CONV': [128, 3]}), ({'CONV': [128, 3]}, {'CONV': [256, 3]}, {'POOLMAX': [-1, 2]}), ({'CONV': [64, 5]}, {'CONV': [64, 5]}), ({'CONV': [256, 5]}, {'CONV': [128, 5]}, {'POOLMAX': [-1, 2]}), ({'CONV': [32, 5]}, {'CONV': [256, 5]}), ({'CONV': [32, 5]}, {'CONV': [256, 3]}, {'POOLMAX': [-1, 2]}), {'GLOBAL_AVG': None}, {'LAST_DENSE': [100, 'softmax']}]",HHSE,NSGA2,,,,,0.7014380136836295,,,,1399324672,3421476,,,,,,"[14, 11, 59, 44, 21, 61, 55, 15]",0.7198607735617928,-6.916330224138179e-05,0.0,0.0,0.875,0.0,0.34,0,0,0,100,0,0.0,BEST,False,False,234,True,True,GREEDY,,,GREEDY_HV
BYQJMB[M][M],17,18,64,34,0.64,True,True,"[13, 7, 20, 38, 27, 61, 15, 14]",[],"[13.793434188115818, 7.373683941274378, 20.16630783424064, 38.43923156602531, 27.496224605876115, 61.71528200032137, 15.272898251504529, 14.330987850561845]","[{'INP': 32}, {'CONV': [64, 3]}, ({'CONV': [32, 5]}, {'CONV': [128, 5]}), ({'CONV': [32, 3]}, {'CONV': [256, 5]}, {'POOLMAX': [-1, 2]}), ({'CONV': [64, 3]}, {'CONV': [128, 3]}), ({'CONV': [128, 3]}, {'CONV': [256, 3]}, {'POOLMAX': [-1, 2]}), ({'CONV': [64, 5]}, {'CONV': [64, 5]}), ({'CONV': [256, 5]}, {'CONV': [128, 5]}, {'POOLMAX': [-1, 2]}), ({'CONV': [32, 5]}, {'CONV': [256, 5]}), ({'CONV': [32, 5]}, {'CONV': [256, 3]}, {'POOLMAX': [-1, 2]}), {'GLOBAL_AVG': None}, {'LAST_DENSE': [100, 'softmax']}]",HHSE,NSGA2,,,,,0.7014380136836295,,,,1399324672,3421476,,,,,,"[14, 11, 59, 44, 21, 61, 55, 15]",0.7199493306386169,-0.0005485666658977,0.0,0.0,0.875,0.0,0.34,0,1,0,100,0,0.01,BEST,False,False,234,True,True,GREEDY,,,GREEDY_HV
BYQJMB[M][M],17,18,65,34,0.65,True,True,"[13, 7, 20, 38, 27, 61, 15, 14]",[],"[13.793434188115818, 7.373683941274378, 20.16630783424064, 38.43923156602531, 27.496224605876115, 61.71528200032137, 15.272898251504529, 14.330987850561845]","[{'INP': 32}, {'CONV': [64, 3]}, ({'CONV': [32, 5]}, {'CONV': [128, 5]}), ({'CONV': [32, 3]}, {'CONV': [256, 5]}, {'POOLMAX': [-1, 2]}), ({'CONV': [64, 3]}, {'CONV': [128, 3]}), ({'CONV': [128, 3]}, {'CONV': [256, 3]}, {'POOLMAX': [-1, 2]}), ({'CONV': [64, 5]}, {'CONV': [64, 5]}), ({'CONV': [256, 5]}, {'CONV': [128, 5]}, {'POOLMAX': [-1, 2]}), ({'CONV': [32, 5]}, {'CONV': [256, 5]}), ({'CONV': [32, 5]}, {'CONV': [256, 3]}, {'POOLMAX': [-1, 2]}), {'GLOBAL_AVG': None}, {'LAST_DENSE': [100, 'softmax']}]",HHSE,NSGA2,,,,,0.7014380136836295,,,,1399324672,3421476,,,,,,"[14, 11, 59, 44, 21, 61, 55, 15]",0.7199560034339083,-0.0005722346270019,0.0,0.0,0.875,0.0,0.34,0,0,0,100,0,0.0,BEST,False,False,234,True,True,GREEDY,,,GREEDY_HV
BYQJMB[M][M],17,18,66,34,0.66,True,True,"[13, 7, 20, 38, 27, 61, 15, 14]",[],"[13.793434188115818, 7.373683941274378, 20.16630783424064, 38.43923156602531, 27.496224605876115, 61.71528200032137, 15.272898251504529, 14.330987850561845]","[{'INP': 32}, {'CONV': [64, 3]}, ({'CONV': [32, 5]}, {'CONV': [128, 5]}), ({'CONV': [32, 3]}, {'CONV': [256, 5]}, {'POOLMAX': [-1, 2]}), ({'CONV': [64, 3]}, {'CONV': [128, 3]}), ({'CONV': [128, 3]}, {'CONV': [256, 3]}, {'POOLMAX': [-1, 2]}), ({'CONV': [64, 5]}, {'CONV': [64, 5]}), ({'CONV': [256, 5]}, {'CONV': [128, 5]}, {'POOLMAX': [-1, 2]}), ({'CONV': [32, 5]}, {'CONV': [256, 5]}), ({'CONV': [32, 5]}, {'CONV': [256, 3]}, {'POOLMAX': [-1, 2]}), {'GLOBAL_AVG': None}, {'LAST_DENSE': [100, 'softmax']}]",HHSE,NSGA2,,,,,0.7014380136836295,,,,1399324672,3421476,,,,,,"[14, 11, 59, 44, 21, 61, 55, 15]",0.719937228386415,-0.0008237000777637,0.0,0.0,0.875,0.0,0.34,0,0,0,100,0,0.0,BEST,False,False,234,True,True,GREEDY,,,GREEDY_HV
BYQJMB[M][M],17,18,67,34,0.67,True,True,"[13, 7, 20, 38, 27, 61, 15, 14]",[],"[13.793434188115818, 7.373683941274378, 20.16630783424064, 38.43923156602531, 27.496224605876115, 61.71528200032137, 15.272898251504529, 14.330987850561845]","[{'INP': 32}, {'CONV': [64, 3]}, ({'CONV': [32, 5]}, {'CONV': [128, 5]}), ({'CONV': [32, 3]}, {'CONV': [256, 5]}, {'POOLMAX': [-1, 2]}), ({'CONV': [64, 3]}, {'CONV': [128, 3]}), ({'CONV': [128, 3]}, {'CONV': [256, 3]}, {'POOLMAX': [-1, 2]}), ({'CONV': [64, 5]}, {'CONV': [64, 5]}), ({'CONV': [256, 5]}, {'CONV': [128, 5]}, {'POOLMAX': [-1, 2]}), ({'CONV': [32, 5]}, {'CONV': [256, 5]}), ({'CONV': [32, 5]}, {'CONV': [256, 3]}, {'POOLMAX': [-1, 2]}), {'GLOBAL_AVG': None}, {'LAST_DENSE': [100, 'softmax']}]",HHSE,NSGA2,,,,,0.7014380136836295,,,,1399324672,3421476,,,,,,"[14, 11, 59, 44, 21, 61, 55, 15]",0.7199510363182333,-4.901236440646439e-05,0.0,0.0,0.875,0.0,0.34,0,0,0,100,0,0.0,BEST,False,False,234,True,True,GREEDY,,,GREEDY_HV
BYQJMB[M][M],17,18,68,34,0.68,True,True,"[13, 7, 20, 38, 27, 61, 15, 14]",[],"[13.793434188115818, 7.373683941274378, 20.16630783424064, 38.43923156602531, 27.496224605876115, 61.71528200032137, 15.272898251504529, 14.330987850561845]","[{'INP': 32}, {'CONV': [64, 3]}, ({'CONV': [32, 5]}, {'CONV': [128, 5]}), ({'CONV': [32, 3]}, {'CONV': [256, 5]}, {'POOLMAX': [-1, 2]}), ({'CONV': [64, 3]}, {'CONV': [128, 3]}), ({'CONV': [128, 3]}, {'CONV': [256, 3]}, {'POOLMAX': [-1, 2]}), ({'CONV': [64, 5]}, {'CONV': [64, 5]}), ({'CONV': [256, 5]}, {'CONV': [128, 5]}, {'POOLMAX': [-1, 2]}), ({'CONV': [32, 5]}, {'CONV': [256, 5]}), ({'CONV': [32, 5]}, {'CONV': [256, 3]}, {'POOLMAX': [-1, 2]}), {'GLOBAL_AVG': None}, {'LAST_DENSE': [100, 'softmax']}]",HHSE,NSGA2,,,,,0.7014380136836295,,,,1399324672,3421476,,,,,,"[14, 11, 59, 44, 21, 61, 55, 15]",0.7199860459542533,-0.0007766581382048,0.0,0.0,0.875,0.0,0.34,0,0,0,100,0,0.0,BEST,False,False,234,True,True,GREEDY,,,GREEDY_HV
BYQJMB[M][M],17,18,69,34,0.69,True,True,"[13, 7, 20, 38, 27, 61, 15, 14]",[],"[13.793434188115818, 7.373683941274378, 20.16630783424064, 38.43923156602531, 27.496224605876115, 61.71528200032137, 15.272898251504529, 14.330987850561845]","[{'INP': 32}, {'CONV': [64, 3]}, ({'CONV': [32, 5]}, {'CONV': [128, 5]}), ({'CONV': [32, 3]}, {'CONV': [256, 5]}, {'POOLMAX': [-1, 2]}), ({'CONV': [64, 3]}, {'CONV': [128, 3]}), ({'CONV': [128, 3]}, {'CONV': [256, 3]}, {'POOLMAX': [-1, 2]}), ({'CONV': [64, 5]}, {'CONV': [64, 5]}), ({'CONV': [256, 5]}, {'CONV': [128, 5]}, {'POOLMAX': [-1, 2]}), ({'CONV': [32, 5]}, {'CONV': [256, 5]}), ({'CONV': [32, 5]}, {'CONV': [256, 3]}, {'POOLMAX': [-1, 2]}), {'GLOBAL_AVG': None}, {'LAST_DENSE': [100, 'softmax']}]",HHSE,NSGA2,,,,,0.7014380136836295,,,,1399324672,3421476,,,,,,"[14, 11, 59, 44, 21, 61, 55, 15]",0.7200400489752932,-7.737124113904592e-05,0.0,0.0,0.875,0.0,0.34,0,1,0,100,0,0.01,BEST,False,False,234,True,True,GREEDY,,,GREEDY_HV
BYQJMB[M][M],17,18,70,34,0.7,True,True,"[13, 7, 20, 38, 27, 61, 15, 14]",[],"[13.793434188115818, 7.373683941274378, 20.16630783424064, 38.43923156602531, 27.496224605876115, 61.71528200032137, 15.272898251504529, 14.330987850561845]","[{'INP': 32}, {'CONV': [64, 3]}, ({'CONV': [32, 5]}, {'CONV': [128, 5]}), ({'CONV': [32, 3]}, {'CONV': [256, 5]}, {'POOLMAX': [-1, 2]}), ({'CONV': [64, 3]}, {'CONV': [128, 3]}), ({'CONV': [128, 3]}, {'CONV': [256, 3]}, {'POOLMAX': [-1, 2]}), ({'CONV': [64, 5]}, {'CONV': [64, 5]}), ({'CONV': [256, 5]}, {'CONV': [128, 5]}, {'POOLMAX': [-1, 2]}), ({'CONV': [32, 5]}, {'CONV': [256, 5]}), ({'CONV': [32, 5]}, {'CONV': [256, 3]}, {'POOLMAX': [-1, 2]}), {'GLOBAL_AVG': None}, {'LAST_DENSE': [100, 'softmax']}]",HHSE,NSGA2,,,,,0.7014380136836295,,,,1399324672,3421476,,,,,,"[14, 11, 59, 44, 21, 61, 55, 15]",0.7200564625802042,-2.145328348457376e-05,0.0,0.0,0.875,0.0,0.34,0,0,0,100,0,0.0,BEST,False,False,234,True,True,GREEDY,,,GREEDY_HV
BYQJMB[M][M],17,18,71,34,0.71,True,True,"[13, 7, 20, 38, 27, 61, 15, 14]",[],"[13.793434188115818, 7.373683941274378, 20.16630783424064, 38.43923156602531, 27.496224605876115, 61.71528200032137, 15.272898251504529, 14.330987850561845]","[{'INP': 32}, {'CONV': [64, 3]}, ({'CONV': [32, 5]}, {'CONV': [128, 5]}), ({'CONV': [32, 3]}, {'CONV': [256, 5]}, {'POOLMAX': [-1, 2]}), ({'CONV': [64, 3]}, {'CONV': [128, 3]}), ({'CONV': [128, 3]}, {'CONV': [256, 3]}, {'POOLMAX': [-1, 2]}), ({'CONV': [64, 5]}, {'CONV': [64, 5]}), ({'CONV': [256, 5]}, {'CONV': [128, 5]}, {'POOLMAX': [-1, 2]}), ({'CONV': [32, 5]}, {'CONV': [256, 5]}), ({'CONV': [32, 5]}, {'CONV': [256, 3]}, {'POOLMAX': [-1, 2]}), {'GLOBAL_AVG': None}, {'LAST_DENSE': [100, 'softmax']}]",HHSE,NSGA2,,,,,0.7014380136836295,,,,1399324672,3421476,,,,,,"[14, 11, 59, 44, 21, 61, 55, 15]",0.7200344952210314,-0.0004851495903467,0.0,0.0,0.875,0.0,0.34,0,0,0,100,0,0.0,BEST,False,False,234,True,True,GREEDY,,,GREEDY_HV
BYQJMB[M][M],17,18,72,34,0.72,True,True,"[13, 7, 20, 38, 27, 61, 15, 14]",[],"[13.793434188115818, 7.373683941274378, 20.16630783424064, 38.43923156602531, 27.496224605876115, 61.71528200032137, 15.272898251504529, 14.330987850561845]","[{'INP': 32}, {'CONV': [64, 3]}, ({'CONV': [32, 5]}, {'CONV': [128, 5]}), ({'CONV': [32, 3]}, {'CONV': [256, 5]}, {'POOLMAX': [-1, 2]}), ({'CONV': [64, 3]}, {'CONV': [128, 3]}), ({'CONV': [128, 3]}, {'CONV': [256, 3]}, {'POOLMAX': [-1, 2]}), ({'CONV': [64, 5]}, {'CONV': [64, 5]}), ({'CONV': [256, 5]}, {'CONV': [128, 5]}, {'POOLMAX': [-1, 2]}), ({'CONV': [32, 5]}, {'CONV': [256, 5]}), ({'CONV': [32, 5]}, {'CONV': [256, 3]}, {'POOLMAX': [-1, 2]}), {'GLOBAL_AVG': None}, {'LAST_DENSE': [100, 'softmax']}]",HHSE,NSGA2,,,,,0.7014380136836295,,,,1399324672,3421476,,,,,,"[14, 11, 59, 44, 21, 61, 55, 15]",0.720055380944804,-0.0052452711986739,0.0,0.0,0.875,0.0,0.34,0,0,0,100,0,0.0,BEST,False,False,234,True,True,GREEDY,,,GREEDY_HV
BYQJMB[M][M],17,18,73,34,0.73,True,True,"[13, 7, 20, 38, 27, 61, 15, 14]",[],"[13.793434188115818, 7.373683941274378, 20.16630783424064, 38.43923156602531, 27.496224605876115, 61.71528200032137, 15.272898251504529, 14.330987850561845]","[{'INP': 32}, {'CONV': [64, 3]}, ({'CONV': [32, 5]}, {'CONV': [128, 5]}), ({'CONV': [32, 3]}, {'CONV': [256, 5]}, {'POOLMAX': [-1, 2]}), ({'CONV': [64, 3]}, {'CONV': [128, 3]}), ({'CONV': [128, 3]}, {'CONV': [256, 3]}, {'POOLMAX': [-1, 2]}), ({'CONV': [64, 5]}, {'CONV': [64, 5]}), ({'CONV': [256, 5]}, {'CONV': [128, 5]}, {'POOLMAX': [-1, 2]}), ({'CONV': [32, 5]}, {'CONV': [256, 5]}), ({'CONV': [32, 5]}, {'CONV': [256, 3]}, {'POOLMAX': [-1, 2]}), {'GLOBAL_AVG': None}, {'LAST_DENSE': [100, 'softmax']}]",HHSE,NSGA2,,,,,0.7014380136836295,,,,1399324672,3421476,,,,,,"[14, 11, 59, 44, 21, 61, 55, 15]",0.7201173901107053,-0.0002304750205137,0.0,0.0,0.875,0.0,0.34,0,0,0,100,0,0.0,BEST,False,False,234,True,True,GREEDY,,,GREEDY_HV
BYQJMB[M][M],17,18,74,34,0.74,True,True,"[13, 7, 20, 38, 27, 61, 15, 14]",[],"[13.793434188115818, 7.373683941274378, 20.16630783424064, 38.43923156602531, 27.496224605876115, 61.71528200032137, 15.272898251504529, 14.330987850561845]","[{'INP': 32}, {'CONV': [64, 3]}, ({'CONV': [32, 5]}, {'CONV': [128, 5]}), ({'CONV': [32, 3]}, {'CONV': [256, 5]}, {'POOLMAX': [-1, 2]}), ({'CONV': [64, 3]}, {'CONV': [128, 3]}), ({'CONV': [128, 3]}, {'CONV': [256, 3]}, {'POOLMAX': [-1, 2]}), ({'CONV': [64, 5]}, {'CONV': [64, 5]}), ({'CONV': [256, 5]}, {'CONV': [128, 5]}, {'POOLMAX': [-1, 2]}), ({'CONV': [32, 5]}, {'CONV': [256, 5]}), ({'CONV': [32, 5]}, {'CONV': [256, 3]}, {'POOLMAX': [-1, 2]}), {'GLOBAL_AVG': None}, {'LAST_DENSE': [100, 'softmax']}]",HHSE,NSGA2,,,,,0.7014380136836295,,,,1399324672,3421476,,,,,,"[14, 11, 59, 44, 21, 61, 55, 15]",0.7237318103130771,0.0035484271756617,0.0,0.0,0.875,0.0,0.34,0,0,0,100,0,0.0,BEST,False,False,234,True,True,GREEDY,,,GREEDY_HV
BYQJMB[M][M],17,18,75,34,0.75,True,True,"[13, 7, 20, 38, 27, 61, 15, 14]",[],"[13.793434188115818, 7.373683941274378, 20.16630783424064, 38.43923156602531, 27.496224605876115, 61.71528200032137, 15.272898251504529, 14.330987850561845]","[{'INP': 32}, {'CONV': [64, 3]}, ({'CONV': [32, 5]}, {'CONV': [128, 5]}), ({'CONV': [32, 3]}, {'CONV': [256, 5]}, {'POOLMAX': [-1, 2]}), ({'CONV': [64, 3]}, {'CONV': [128, 3]}), ({'CONV': [128, 3]}, {'CONV': [256, 3]}, {'POOLMAX': [-1, 2]}), ({'CONV': [64, 5]}, {'CONV': [64, 5]}), ({'CONV': [256, 5]}, {'CONV': [128, 5]}, {'POOLMAX': [-1, 2]}), ({'CONV': [32, 5]}, {'CONV': [256, 5]}), ({'CONV': [32, 5]}, {'CONV': [256, 3]}, {'POOLMAX': [-1, 2]}), {'GLOBAL_AVG': None}, {'LAST_DENSE': [100, 'softmax']}]",HHSE,NSGA2,,,,,0.7014380136836295,,,,1399324672,3421476,,,,,,"[14, 11, 59, 44, 21, 61, 55, 15]",0.7201254694013793,-0.0052005889836305,0.0,0.0,0.875,0.0,0.34,0,0,0,100,0,0.0,BEST,False,False,234,True,True,GREEDY,,,GREEDY_HV
BYQJMB[M][M],17,18,76,34,0.76,True,True,"[13, 7, 20, 38, 27, 61, 15, 14]",[],"[13.793434188115818, 7.373683941274378, 20.16630783424064, 38.43923156602531, 27.496224605876115, 61.71528200032137, 15.272898251504529, 14.330987850561845]","[{'INP': 32}, {'CONV': [64, 3]}, ({'CONV': [32, 5]}, {'CONV': [128, 5]}), ({'CONV': [32, 3]}, {'CONV': [256, 5]}, {'POOLMAX': [-1, 2]}), ({'CONV': [64, 3]}, {'CONV': [128, 3]}), ({'CONV': [128, 3]}, {'CONV': [256, 3]}, {'POOLMAX': [-1, 2]}), ({'CONV': [64, 5]}, {'CONV': [64, 5]}), ({'CONV': [256, 5]}, {'CONV': [128, 5]}, {'POOLMAX': [-1, 2]}), ({'CONV': [32, 5]}, {'CONV': [256, 5]}), ({'CONV': [32, 5]}, {'CONV': [256, 3]}, {'POOLMAX': [-1, 2]}), {'GLOBAL_AVG': None}, {'LAST_DENSE': [100, 'softmax']}]",HHSE,NSGA2,,,,,0.7014380136836295,,,,1399324672,3421476,,,,,,"[14, 11, 59, 44, 21, 61, 55, 15]",0.7201432479053596,-0.0051369993278451,0.0,0.0,0.875,0.0,0.34,0,0,0,100,0,0.0,BEST,False,False,234,True,True,GREEDY,,,GREEDY_HV
BYQJMB[M][M],17,18,77,34,0.77,True,True,"[13, 7, 20, 38, 27, 61, 15, 14]",[],"[13.793434188115818, 7.373683941274378, 20.16630783424064, 38.43923156602531, 27.496224605876115, 61.71528200032137, 15.272898251504529, 14.330987850561845]","[{'INP': 32}, {'CONV': [64, 3]}, ({'CONV': [32, 5]}, {'CONV': [128, 5]}), ({'CONV': [32, 3]}, {'CONV': [256, 5]}, {'POOLMAX': [-1, 2]}), ({'CONV': [64, 3]}, {'CONV': [128, 3]}), ({'CONV': [128, 3]}, {'CONV': [256, 3]}, {'POOLMAX': [-1, 2]}), ({'CONV': [64, 5]}, {'CONV': [64, 5]}), ({'CONV': [256, 5]}, {'CONV': [128, 5]}, {'POOLMAX': [-1, 2]}), ({'CONV': [32, 5]}, {'CONV': [256, 5]}), ({'CONV': [32, 5]}, {'CONV': [256, 3]}, {'POOLMAX': [-1, 2]}), {'GLOBAL_AVG': None}, {'LAST_DENSE': [100, 'softmax']}]",HHSE,NSGA2,,,,,0.7014380136836295,,,,1399324672,3421476,,,,,,"[14, 11, 59, 44, 21, 61, 55, 15]",0.7201666240307725,-0.0005670093910179,0.0,0.0,0.875,0.0,0.34,0,2,0,100,0,0.02,BEST,False,False,234,True,True,GREEDY,,,GREEDY_HV
BYQJMB[M][M],17,18,78,34,0.78,True,True,"[13, 7, 20, 38, 27, 61, 15, 14]",[],"[13.793434188115818, 7.373683941274378, 20.16630783424064, 38.43923156602531, 27.496224605876115, 61.71528200032137, 15.272898251504529, 14.330987850561845]","[{'INP': 32}, {'CONV': [64, 3]}, ({'CONV': [32, 5]}, {'CONV': [128, 5]}), ({'CONV': [32, 3]}, {'CONV': [256, 5]}, {'POOLMAX': [-1, 2]}), ({'CONV': [64, 3]}, {'CONV': [128, 3]}), ({'CONV': [128, 3]}, {'CONV': [256, 3]}, {'POOLMAX': [-1, 2]}), ({'CONV': [64, 5]}, {'CONV': [64, 5]}), ({'CONV': [256, 5]}, {'CONV': [128, 5]}, {'POOLMAX': [-1, 2]}), ({'CONV': [32, 5]}, {'CONV': [256, 5]}), ({'CONV': [32, 5]}, {'CONV': [256, 3]}, {'POOLMAX': [-1, 2]}), {'GLOBAL_AVG': None}, {'LAST_DENSE': [100, 'softmax']}]",HHSE,NSGA2,,,,,0.7014380136836295,,,,1399324672,3421476,,,,,,"[14, 11, 59, 44, 21, 61, 55, 15]",0.7203868312764621,-0.0049799929927061,0.0,0.0,0.875,0.0,0.34,0,1,0,100,0,0.01,BEST,False,False,234,True,True,GREEDY,,,GREEDY_HV
BYQJMB[M][M],17,18,79,34,0.79,True,True,"[13, 7, 20, 38, 27, 61, 15, 14]",[],"[13.793434188115818, 7.373683941274378, 20.16630783424064, 38.43923156602531, 27.496224605876115, 61.71528200032137, 15.272898251504529, 14.330987850561845]","[{'INP': 32}, {'CONV': [64, 3]}, ({'CONV': [32, 5]}, {'CONV': [128, 5]}), ({'CONV': [32, 3]}, {'CONV': [256, 5]}, {'POOLMAX': [-1, 2]}), ({'CONV': [64, 3]}, {'CONV': [128, 3]}), ({'CONV': [128, 3]}, {'CONV': [256, 3]}, {'POOLMAX': [-1, 2]}), ({'CONV': [64, 5]}, {'CONV': [64, 5]}), ({'CONV': [256, 5]}, {'CONV': [128, 5]}, {'POOLMAX': [-1, 2]}), ({'CONV': [32, 5]}, {'CONV': [256, 5]}), ({'CONV': [32, 5]}, {'CONV': [256, 3]}, {'POOLMAX': [-1, 2]}), {'GLOBAL_AVG': None}, {'LAST_DENSE': [100, 'softmax']}]",HHSE,NSGA2,,,,,0.7014380136836295,,,,1399324672,3421476,,,,,,"[14, 11, 59, 44, 21, 61, 55, 15]",0.7205262671723802,-0.002111901960724,0.0,0.0,0.875,0.0,0.34,0,0,0,100,0,0.0,BEST,False,False,234,True,True,GREEDY,,,GREEDY_HV
BHFZAF[M],17,18,80,80,0.8,True,True,"[16, 0, 15, 38, 46, 6, 12, 31]",[],"[16.626158800330593, 0.6120762338347366, 15.911024800081375, 38.706979585300736, 46.91234000547692, 6.389596754919144, 12.861915113898325, 31.241802884493392]","[{'INP': 32}, {'CONV': [64, 3]}, ({'CONV': [64, 3]}, {'CONV': [32, 3]}), ({'CONV': [32, 3]}, {'CONV': [32, 3]}, {'POOLMAX': [-1, 2]}), ({'CONV': [32, 5]}, {'CONV': [256, 5]}), ({'CONV': [128, 3]}, {'CONV': [256, 3]}, {'POOLMAX': [-1, 2]}), ({'CONV': [128, 5]}, {'CONV': [256, 3]}), ({'CONV': [32, 3]}, {'CONV': [256, 3]}, {'POOLMAX': [-1, 2]}), ({'CONV': [32, 5]}, {'CONV': [128, 3]}), ({'CONV': [64, 5]}, {'CONV': [256, 5]}, {'POOLMAX': [-1, 2]}), {'GLOBAL_AVG': None}, {'LAST_DENSE': [100, 'softmax']}]",HHSE,NSGA2,,,,,0.7037877852575167,,,,766151168,3047204,,,,,,"[13, 0, 16, 38, 46, 4, 13, 31]",0.7205296295985477,-1.3196024395867312e-05,0.5,0.5,0.5,0.875,0.8,0,0,0,100,0,0.0,BEST,False,False,212,True,True,GREEDY,,,GREEDY_HV
BHFZAF[M],17,18,81,80,0.81,True,True,"[16, 0, 15, 38, 46, 6, 12, 31]",[],"[16.626158800330593, 0.6120762338347366, 15.911024800081375, 38.706979585300736, 46.91234000547692, 6.389596754919144, 12.861915113898325, 31.241802884493392]","[{'INP': 32}, {'CONV': [64, 3]}, ({'CONV': [64, 3]}, {'CONV': [32, 3]}), ({'CONV': [32, 3]}, {'CONV': [32, 3]}, {'POOLMAX': [-1, 2]}), ({'CONV': [32, 5]}, {'CONV': [256, 5]}), ({'CONV': [128, 3]}, {'CONV': [256, 3]}, {'POOLMAX': [-1, 2]}), ({'CONV': [128, 5]}, {'CONV': [256, 3]}), ({'CONV': [32, 3]}, {'CONV': [256, 3]}, {'POOLMAX': [-1, 2]}), ({'CONV': [32, 5]}, {'CONV': [128, 3]}), ({'CONV': [64, 5]}, {'CONV': [256, 5]}, {'POOLMAX': [-1, 2]}), {'GLOBAL_AVG': None}, {'LAST_DENSE': [100, 'softmax']}]",HHSE,NSGA2,,,,,0.7037877852575167,,,,766151168,3047204,,,,,,"[13, 0, 16, 38, 46, 4, 13, 31]",0.7226543121384863,-0.0018682514420063,0.5,0.5,0.5,0.0,0.8,0,0,0,100,0,0.0,BEST,False,False,212,True,True,GREEDY,,,GREEDY_HV
BHFZAF[M],17,18,82,80,0.82,True,True,"[16, 0, 15, 38, 46, 6, 12, 31]",[],"[16.626158800330593, 0.6120762338347366, 15.911024800081375, 38.706979585300736, 46.91234000547692, 6.389596754919144, 12.861915113898325, 31.241802884493392]","[{'INP': 32}, {'CONV': [64, 3]}, ({'CONV': [64, 3]}, {'CONV': [32, 3]}), ({'CONV': [32, 3]}, {'CONV': [32, 3]}, {'POOLMAX': [-1, 2]}), ({'CONV': [32, 5]}, {'CONV': [256, 5]}), ({'CONV': [128, 3]}, {'CONV': [256, 3]}, {'POOLMAX': [-1, 2]}), ({'CONV': [128, 5]}, {'CONV': [256, 3]}), ({'CONV': [32, 3]}, {'CONV': [256, 3]}, {'POOLMAX': [-1, 2]}), ({'CONV': [32, 5]}, {'CONV': [128, 3]}), ({'CONV': [64, 5]}, {'CONV': [256, 5]}, {'POOLMAX': [-1, 2]}), {'GLOBAL_AVG': None}, {'LAST_DENSE': [100, 'softmax']}]",HHSE,NSGA2,,,,,0.7037877852575167,,,,766151168,3047204,,,,,,"[13, 0, 16, 38, 46, 4, 13, 31]",0.722705834838419,-0.0009464224313853,0.5,0.5,0.5,0.0,0.8,0,0,0,100,0,0.0,BEST,False,False,212,True,True,GREEDY,,,GREEDY_HV
BHFZAF[M],17,18,83,80,0.83,True,True,"[16, 0, 15, 38, 46, 6, 12, 31]",[],"[16.626158800330593, 0.6120762338347366, 15.911024800081375, 38.706979585300736, 46.91234000547692, 6.389596754919144, 12.861915113898325, 31.241802884493392]","[{'INP': 32}, {'CONV': [64, 3]}, ({'CONV': [64, 3]}, {'CONV': [32, 3]}), ({'CONV': [32, 3]}, {'CONV': [32, 3]}, {'POOLMAX': [-1, 2]}), ({'CONV': [32, 5]}, {'CONV': [256, 5]}), ({'CONV': [128, 3]}, {'CONV': [256, 3]}, {'POOLMAX': [-1, 2]}), ({'CONV': [128, 5]}, {'CONV': [256, 3]}), ({'CONV': [32, 3]}, {'CONV': [256, 3]}, {'POOLMAX': [-1, 2]}), ({'CONV': [32, 5]}, {'CONV': [128, 3]}), ({'CONV': [64, 5]}, {'CONV': [256, 5]}, {'POOLMAX': [-1, 2]}), {'GLOBAL_AVG': None}, {'LAST_DENSE': [100, 'softmax']}]",HHSE,NSGA2,,,,,0.7037877852575167,,,,766151168,3047204,,,,,,"[13, 0, 16, 38, 46, 4, 13, 31]",0.7239079421504028,0.0010620813354154,0.5,0.5,0.5,0.0,0.8,0,1,0,100,0,0.01,BEST,False,False,212,True,True,GREEDY,,,GREEDY_HV
BYQJMB[M][M][M][M],17,18,84,84,0.84,True,True,"[14, 7, 19, 38, 29, 61, 15, 15]",[],"[14.676722388190534, 7.478906987265606, 19.97659668142544, 38.030660068499905, 29.83065078891073, 61.75239912994227, 15.651754668443088, 15.634294879499507]","[{'INP': 32}, {'CONV': [64, 3]}, ({'CONV': [32, 5]}, {'CONV': [256, 3]}), ({'CONV': [32, 3]}, {'CONV': [256, 5]}, {'POOLMAX': [-1, 2]}), ({'CONV': [64, 3]}, {'CONV': [64, 5]}), ({'CONV': [128, 3]}, {'CONV': [256, 3]}, {'POOLMAX': [-1, 2]}), ({'CONV': [64, 5]}, {'CONV': [128, 5]}), ({'CONV': [256, 5]}, {'CONV': [128, 5]}, {'POOLMAX': [-1, 2]}), ({'CONV': [32, 5]}, {'CONV': [256, 5]}), ({'CONV': [32, 5]}, {'CONV': [256, 5]}, {'POOLMAX': [-1, 2]}), {'GLOBAL_AVG': None}, {'LAST_DENSE': [100, 'softmax']}]",HHSE,NSGA2,,,,,0.7039232674089174,,,,1463357440,4028196,,,,,,"[14, 7, 19, 38, 27, 61, 15, 14]",0.723079396005324,-0.0040758593649147,0.0,0.0,0.25,0.875,0.84,0,1,0,100,0,0.01,BEST,False,False,210,True,True,GREEDY,,,GREEDY_HV
BYQJMB[M][M][M][M],17,18,85,84,0.85,True,True,"[14, 7, 19, 38, 29, 61, 15, 15]",[],"[14.676722388190534, 7.478906987265606, 19.97659668142544, 38.030660068499905, 29.83065078891073, 61.75239912994227, 15.651754668443088, 15.634294879499507]","[{'INP': 32}, {'CONV': [64, 3]}, ({'CONV': [32, 5]}, {'CONV': [256, 3]}), ({'CONV': [32, 3]}, {'CONV': [256, 5]}, {'POOLMAX': [-1, 2]}), ({'CONV': [64, 3]}, {'CONV': [64, 5]}), ({'CONV': [128, 3]}, {'CONV': [256, 3]}, {'POOLMAX': [-1, 2]}), ({'CONV': [64, 5]}, {'CONV': [128, 5]}), ({'CONV': [256, 5]}, {'CONV': [128, 5]}, {'POOLMAX': [-1, 2]}), ({'CONV': [32, 5]}, {'CONV': [256, 5]}), ({'CONV': [32, 5]}, {'CONV': [256, 5]}, {'POOLMAX': [-1, 2]}), {'GLOBAL_AVG': None}, {'LAST_DENSE': [100, 'softmax']}]",HHSE,NSGA2,,,,,0.7039232674089174,,,,1463357440,4028196,,,,,,"[14, 7, 19, 38, 27, 61, 15, 14]",0.7231891520022199,-0.003905608530062,0.0,0.0,0.25,0.0,0.84,0,0,0,100,0,0.0,BEST,False,False,210,True,True,GREEDY,,,GREEDY_HV
BYQJMB[M][M][M][M][M],17,18,86,86,0.86,True,True,"[15, 10, 22, 38, 28, 61, 15, 15]",[],"[15.719846884136217, 10.245739599971337, 22.499125411831724, 38.56460924409013, 28.217838900461643, 61.7712158477221, 15.633633691607733, 15.441063620467427]","[{'INP': 32}, {'CONV': [64, 3]}, ({'CONV': [32, 5]}, {'CONV': [256, 5]}), ({'CONV': [32, 5]}, {'CONV': [64, 3]}, {'POOLMAX': [-1, 2]}), ({'CONV': [64, 3]}, {'CONV': [256, 3]}), ({'CONV': [128, 3]}, {'CONV': [256, 3]}, {'POOLMAX': [-1, 2]}), ({'CONV': [64, 5]}, {'CONV': [128, 3]}), ({'CONV': [256, 5]}, {'CONV': [128, 5]}, {'POOLMAX': [-1, 2]}), ({'CONV': [32, 5]}, {'CONV': [256, 5]}), ({'CONV': [32, 5]}, {'CONV': [256, 5]}, {'POOLMAX': [-1, 2]}), {'GLOBAL_AVG': None}, {'LAST_DENSE': [100, 'softmax']}]",HHSE,NSGA2,,,,,0.7089441197626822,,,,1679937536,4128548,,,,,,"[14, 7, 19, 38, 29, 61, 15, 15]",0.7232347761396012,-0.0003671267168758,0.0,0.0,0.5,0.5,0.86,0,0,0,100,0,0.0,BEST,False,False,124,True,True,GREEDY,,,GREEDY_HV
BYQJMB[M][M][M][M][M],17,18,87,87,0.87,True,True,"[14, 7, 20, 38, 27, 61, 15, 15]",[],"[14.760091961101269, 7.208410186616727, 20.33631399514469, 38.958737465753735, 27.677708084717704, 61.35231554400807, 15.454559257864512, 15.047669404461146]","[{'INP': 32}, {'CONV': [64, 3]}, ({'CONV': [32, 5]}, {'CONV': [256, 3]}), ({'CONV': [32, 3]}, {'CONV': [256, 5]}, {'POOLMAX': [-1, 2]}), ({'CONV': [64, 3]}, {'CONV': [128, 3]}), ({'CONV': [128, 3]}, {'CONV': [256, 3]}, {'POOLMAX': [-1, 2]}), ({'CONV': [64, 5]}, {'CONV': [64, 5]}), ({'CONV': [256, 5]}, {'CONV': [128, 5]}, {'POOLMAX': [-1, 2]}), ({'CONV': [32, 5]}, {'CONV': [256, 5]}), ({'CONV': [32, 5]}, {'CONV': [256, 5]}, {'POOLMAX': [-1, 2]}), {'GLOBAL_AVG': None}, {'LAST_DENSE': [100, 'softmax']}]",HHSE,NSGA2,,,,,0.7096509579518184,,,,1420951552,3561252,,,,,,"[14, 7, 20, 38, 28, 61, 15, 14]",0.727664602729347,-0.0002120018265475,0.0,0.0,0.25,0.5,0.87,0,2,0,100,0,0.02,BEST,False,False,111,True,True,GREEDY,,,GREEDY_HV
BYQJMB[M][M][M][M][M],17,18,88,87,0.88,True,True,"[14, 7, 20, 38, 27, 61, 15, 15]",[],"[14.760091961101269, 7.208410186616727, 20.33631399514469, 38.958737465753735, 27.677708084717704, 61.35231554400807, 15.454559257864512, 15.047669404461146]","[{'INP': 32}, {'CONV': [64, 3]}, ({'CONV': [32, 5]}, {'CONV': [256, 3]}), ({'CONV': [32, 3]}, {'CONV': [256, 5]}, {'POOLMAX': [-1, 2]}), ({'CONV': [64, 3]}, {'CONV': [128, 3]}), ({'CONV': [128, 3]}, {'CONV': [256, 3]}, {'POOLMAX': [-1, 2]}), ({'CONV': [64, 5]}, {'CONV': [64, 5]}), ({'CONV': [256, 5]}, {'CONV': [128, 5]}, {'POOLMAX': [-1, 2]}), ({'CONV': [32, 5]}, {'CONV': [256, 5]}), ({'CONV': [32, 5]}, {'CONV': [256, 5]}, {'POOLMAX': [-1, 2]}), {'GLOBAL_AVG': None}, {'LAST_DENSE': [100, 'softmax']}]",HHSE,NSGA2,,,,,0.7096509579518184,,,,1420951552,3561252,,,,,,"[14, 7, 20, 38, 28, 61, 15, 14]",0.7283406432389513,-9.60164746780512e-05,0.0,0.0,0.25,0.0,0.87,0,0,0,100,0,0.0,BEST,False,False,111,True,True,GREEDY,,,GREEDY_HV
BYQJMB[M][M][M][M][M],17,18,89,87,0.89,True,True,"[14, 7, 20, 38, 27, 61, 15, 15]",[],"[14.760091961101269, 7.208410186616727, 20.33631399514469, 38.958737465753735, 27.677708084717704, 61.35231554400807, 15.454559257864512, 15.047669404461146]","[{'INP': 32}, {'CONV': [64, 3]}, ({'CONV': [32, 5]}, {'CONV': [256, 3]}), ({'CONV': [32, 3]}, {'CONV': [256, 5]}, {'POOLMAX': [-1, 2]}), ({'CONV': [64, 3]}, {'CONV': [128, 3]}), ({'CONV': [128, 3]}, {'CONV': [256, 3]}, {'POOLMAX': [-1, 2]}), ({'CONV': [64, 5]}, {'CONV': [64, 5]}), ({'CONV': [256, 5]}, {'CONV': [128, 5]}, {'POOLMAX': [-1, 2]}), ({'CONV': [32, 5]}, {'CONV': [256, 5]}), ({'CONV': [32, 5]}, {'CONV': [256, 5]}, {'POOLMAX': [-1, 2]}), {'GLOBAL_AVG': None}, {'LAST_DENSE': [100, 'softmax']}]",HHSE,NSGA2,,,,,0.7096509579518184,,,,1420951552,3561252,,,,,,"[14, 7, 20, 38, 28, 61, 15, 14]",0.7285424806676256,3.7957882000339005e-05,0.0,0.0,0.25,0.0,0.87,0,3,0,100,0,0.03,BEST,False,False,111,True,True,GREEDY,,,GREEDY_HV
BYQJMB[M][M][M][M][M],17,18,90,87,0.9,True,True,"[14, 7, 20, 38, 27, 61, 15, 15]",[],"[14.760091961101269, 7.208410186616727, 20.33631399514469, 38.958737465753735, 27.677708084717704, 61.35231554400807, 15.454559257864512, 15.047669404461146]","[{'INP': 32}, {'CONV': [64, 3]}, ({'CONV': [32, 5]}, {'CONV': [256, 3]}), ({'CONV': [32, 3]}, {'CONV': [256, 5]}, {'POOLMAX': [-1, 2]}), ({'CONV': [64, 3]}, {'CONV': [128, 3]}), ({'CONV': [128, 3]}, {'CONV': [256, 3]}, {'POOLMAX': [-1, 2]}), ({'CONV': [64, 5]}, {'CONV': [64, 5]}), ({'CONV': [256, 5]}, {'CONV': [128, 5]}, {'POOLMAX': [-1, 2]}), ({'CONV': [32, 5]}, {'CONV': [256, 5]}), ({'CONV': [32, 5]}, {'CONV': [256, 5]}, {'POOLMAX': [-1, 2]}), {'GLOBAL_AVG': None}, {'LAST_DENSE': [100, 'softmax']}]",HHSE,NSGA2,,,,,0.7096509579518184,,,,1420951552,3561252,,,,,,"[14, 7, 20, 38, 28, 61, 15, 14]",0.7290036396529452,-5.015984542944274e-05,0.0,0.0,0.25,0.0,0.87,0,0,0,100,0,0.0,BEST,False,False,111,True,True,GREEDY,,,GREEDY_HV
BYQJMB[M][M][M][M][M],17,18,91,87,0.91,True,True,"[14, 7, 20, 38, 27, 61, 15, 15]",[],"[14.760091961101269, 7.208410186616727, 20.33631399514469, 38.958737465753735, 27.677708084717704, 61.35231554400807, 15.454559257864512, 15.047669404461146]","[{'INP': 32}, {'CONV': [64, 3]}, ({'CONV': [32, 5]}, {'CONV': [256, 3]}), ({'CONV': [32, 3]}, {'CONV': [256, 5]}, {'POOLMAX': [-1, 2]}), ({'CONV': [64, 3]}, {'CONV': [128, 3]}), ({'CONV': [128, 3]}, {'CONV': [256, 3]}, {'POOLMAX': [-1, 2]}), ({'CONV': [64, 5]}, {'CONV': [64, 5]}), ({'CONV': [256, 5]}, {'CONV': [128, 5]}, {'POOLMAX': [-1, 2]}), ({'CONV': [32, 5]}, {'CONV': [256, 5]}), ({'CONV': [32, 5]}, {'CONV': [256, 5]}, {'POOLMAX': [-1, 2]}), {'GLOBAL_AVG': None}, {'LAST_DENSE': [100, 'softmax']}]",HHSE,NSGA2,,,,,0.7096509579518184,,,,1420951552,3561252,,,,,,"[14, 7, 20, 38, 28, 61, 15, 14]",0.7321295964115091,0.0017224277467094,0.0,0.0,0.25,0.0,0.87,0,0,0,100,0,0.0,BEST,False,False,111,True,True,GREEDY,,,GREEDY_HV
BYQJMB[M][M][M][M][M],17,18,92,87,0.92,True,True,"[14, 7, 20, 38, 27, 61, 15, 15]",[],"[14.760091961101269, 7.208410186616727, 20.33631399514469, 38.958737465753735, 27.677708084717704, 61.35231554400807, 15.454559257864512, 15.047669404461146]","[{'INP': 32}, {'CONV': [64, 3]}, ({'CONV': [32, 5]}, {'CONV': [256, 3]}), ({'CONV': [32, 3]}, {'CONV': [256, 5]}, {'POOLMAX': [-1, 2]}), ({'CONV': [64, 3]}, {'CONV': [128, 3]}), ({'CONV': [128, 3]}, {'CONV': [256, 3]}, {'POOLMAX': [-1, 2]}), ({'CONV': [64, 5]}, {'CONV': [64, 5]}), ({'CONV': [256, 5]}, {'CONV': [128, 5]}, {'POOLMAX': [-1, 2]}), ({'CONV': [32, 5]}, {'CONV': [256, 5]}), ({'CONV': [32, 5]}, {'CONV': [256, 5]}, {'POOLMAX': [-1, 2]}), {'GLOBAL_AVG': None}, {'LAST_DENSE': [100, 'softmax']}]",HHSE,NSGA2,,,,,0.7096509579518184,,,,1420951552,3561252,,,,,,"[14, 7, 20, 38, 28, 61, 15, 14]",0.7295014927341145,0.0003663744198905,0.0,0.0,0.25,0.0,0.87,0,1,0,100,0,0.01,BEST,False,False,111,True,True,GREEDY,,,GREEDY_HV
BWWKXI[M][M][M],17,18,93,93,0.93,True,True,"[12, 7, 15, 38, 46, 22, 5, 6]",[],"[12.784727628920871, 7.81917363573064, 15.591410746407519, 38.37463989826804, 46.86668482199312, 22.9903391019661, 5.318154799001971, 6.4400111912526965]","[{'INP': 32}, {'CONV': [64, 3]}, ({'CONV': [32, 5]}, {'CONV': [128, 3]}), ({'CONV': [32, 3]}, {'CONV': [256, 5]}, {'POOLMAX': [-1, 2]}), ({'CONV': [32, 5]}, {'CONV': [256, 5]}), ({'CONV': [128, 3]}, {'CONV': [256, 3]}, {'POOLMAX': [-1, 2]}), ({'CONV': [128, 5]}, {'CONV': [256, 3]}), ({'CONV': [64, 3]}, {'CONV': [256, 3]}, {'POOLMAX': [-1, 2]}), ({'CONV': [32, 3]}, {'CONV': [128, 5]}), ({'CONV': [32, 3]}, {'CONV': [256, 3]}, {'POOLMAX': [-1, 2]}), {'GLOBAL_AVG': None}, {'LAST_DENSE': [100, 'softmax']}]",HHSE,NSGA2,,,,,0.7111793169128313,,,,1385244672,3061668,,,,,,"[12, 7, 15, 38, 46, 23, 5, 6]",0.7304680653182856,0.0004668917016418,0.0,0.0,0.125,0.75,0.93,0,1,0,100,0,0.01,BEST,False,False,84,True,True,GREEDY,,,GREEDY_HV
BWHYWO[M],17,18,94,94,0.94,True,True,"[15, 7, 4, 38, 46, 22, 27, 31]",[],"[15.03322392176066, 7.173652926596134, 4.6778339614068445, 38.531536935250344, 46.426205811255784, 22.70262069143328, 27.550653807292115, 31.159816217252278]","[{'INP': 32}, {'CONV': [64, 3]}, ({'CONV': [32, 5]}, {'CONV': [256, 5]}), ({'CONV': [32, 3]}, {'CONV': [256, 5]}, {'POOLMAX': [-1, 2]}), ({'CONV': [32, 3]}, {'CONV': [128, 3]}), ({'CONV': [128, 3]}, {'CONV': [256, 3]}, {'POOLMAX': [-1, 2]}), ({'CONV': [128, 5]}, {'CONV': [256, 3]}), ({'CONV': [64, 3]}, {'CONV': [256, 3]}, {'POOLMAX': [-1, 2]}), ({'CONV': [64, 5]}, {'CONV': [64, 5]}), ({'CONV': [64, 5]}, {'CONV': [256, 5]}, {'POOLMAX': [-1, 2]}), {'GLOBAL_AVG': None}, {'LAST_DENSE': [100, 'softmax']}]",HHSE,NSGA2,,,,,0.7119402726247377,,,,1600169984,3557284,,,,,,"[14, 7, 4, 38, 46, 22, 27, 31]",0.7305939313382691,2.1565337527618134e-05,0.375,0.25,0.125,0.5,0.94,0,0,0,100,0,0.0,BEST,False,False,75,True,True,GREEDY,,,GREEDY_HV
BWHYWO[M],17,18,95,94,0.95,True,True,"[15, 7, 4, 38, 46, 22, 27, 31]",[],"[15.03322392176066, 7.173652926596134, 4.6778339614068445, 38.531536935250344, 46.426205811255784, 22.70262069143328, 27.550653807292115, 31.159816217252278]","[{'INP': 32}, {'CONV': [64, 3]}, ({'CONV': [32, 5]}, {'CONV': [256, 5]}), ({'CONV': [32, 3]}, {'CONV': [256, 5]}, {'POOLMAX': [-1, 2]}), ({'CONV': [32, 3]}, {'CONV': [128, 3]}), ({'CONV': [128, 3]}, {'CONV': [256, 3]}, {'POOLMAX': [-1, 2]}), ({'CONV': [128, 5]}, {'CONV': [256, 3]}), ({'CONV': [64, 3]}, {'CONV': [256, 3]}, {'POOLMAX': [-1, 2]}), ({'CONV': [64, 5]}, {'CONV': [64, 5]}), ({'CONV': [64, 5]}, {'CONV': [256, 5]}, {'POOLMAX': [-1, 2]}), {'GLOBAL_AVG': None}, {'LAST_DENSE': [100, 'softmax']}]",HHSE,NSGA2,,,,,0.7119402726247377,,,,1600169984,3557284,,,,,,"[14, 7, 4, 38, 46, 22, 27, 31]",0.7316883007700893,-6.129419588885021e-06,0.375,0.25,0.125,0.0,0.94,0,2,0,100,0,0.02,BEST,False,False,75,True,True,GREEDY,,,GREEDY_HV
BFRFKK[M],17,18,96,96,0.96,True,True,"[13, 6, 15, 38, 46, 22, 5, 31]",[],"[13.876451491768941, 6.7070854024341395, 15.741461091263766, 38.56638996774312, 46.52800669599446, 22.48733300427719, 5.8213044935452745, 31.805685745328237]","[{'INP': 32}, {'CONV': [64, 3]}, ({'CONV': [32, 5]}, {'CONV': [128, 5]}), ({'CONV': [32, 3]}, {'CONV': [256, 3]}, {'POOLMAX': [-1, 2]}), ({'CONV': [32, 5]}, {'CONV': [256, 5]}), ({'CONV': [128, 3]}, {'CONV': [256, 3]}, {'POOLMAX': [-1, 2]}), ({'CONV': [128, 5]}, {'CONV': [256, 3]}), ({'CONV': [64, 3]}, {'CONV': [256, 3]}, {'POOLMAX': [-1, 2]}), ({'CONV': [32, 3]}, {'CONV': [128, 5]}), ({'CONV': [64, 5]}, {'CONV': [256, 5]}, {'POOLMAX': [-1, 2]}), {'GLOBAL_AVG': None}, {'LAST_DENSE': [100, 'softmax']}]",HHSE,NSGA2,,,,,0.7119778589092556,,,,1267151360,3500068,,,,,,"[13, 6, 15, 38, 46, 22, 5, 31]",0.7318978430920984,-1.6866296179585127e-05,0.125,0.125,0.0,0.5,0.96,0,0,0,100,0,0.0,BEST,False,False,71,True,True,GREEDY,,,GREEDY_HV
BPZZWT[M],17,18,97,97,0.97,True,True,"[0, 0, 4, 38, 46, 6, 17, 23]",[],"[0.5700555202496456, 0.7147541302330922, 4.018583751979, 38.22124425102869, 46.769193742482585, 6.622708466894051, 17.77428707179716, 23.43320014225989]","[{'INP': 32}, {'CONV': [64, 3]}, ({'CONV': [32, 3]}, {'CONV': [32, 3]}), ({'CONV': [32, 3]}, {'CONV': [32, 3]}, {'POOLMAX': [-1, 2]}), ({'CONV': [32, 3]}, {'CONV': [128, 3]}), ({'CONV': [128, 3]}, {'CONV': [256, 3]}, {'POOLMAX': [-1, 2]}), ({'CONV': [128, 5]}, {'CONV': [256, 3]}), ({'CONV': [32, 3]}, {'CONV': [256, 3]}, {'POOLMAX': [-1, 2]}), ({'CONV': [64, 3]}, {'CONV': [32, 5]}), ({'CONV': [64, 3]}, {'CONV': [256, 5]}, {'POOLMAX': [-1, 2]}), {'GLOBAL_AVG': None}, {'LAST_DENSE': [100, 'softmax']}]",HHSE,NSGA2,,,,,0.7131204787775655,,,,531985920,2457508,,,,,,"[0, 0, 4, 38, 46, 6, 17, 23]",0.7320055382000644,-5.579295978441756e-06,0.375,0.5,0.0,0.75,0.97,0,0,0,100,0,0.0,BEST,False,False,53,True,True,GREEDY,,,GREEDY_HV
BPZZWT[M],17,18,98,97,0.98,True,True,"[0, 0, 4, 38, 46, 6, 17, 23]",[],"[0.5700555202496456, 0.7147541302330922, 4.018583751979, 38.22124425102869, 46.769193742482585, 6.622708466894051, 17.77428707179716, 23.43320014225989]","[{'INP': 32}, {'CONV': [64, 3]}, ({'CONV': [32, 3]}, {'CONV': [32, 3]}), ({'CONV': [32, 3]}, {'CONV': [32, 3]}, {'POOLMAX': [-1, 2]}), ({'CONV': [32, 3]}, {'CONV': [128, 3]}), ({'CONV': [128, 3]}, {'CONV': [256, 3]}, {'POOLMAX': [-1, 2]}), ({'CONV': [128, 5]}, {'CONV': [256, 3]}), ({'CONV': [32, 3]}, {'CONV': [256, 3]}, {'POOLMAX': [-1, 2]}), ({'CONV': [64, 3]}, {'CONV': [32, 5]}), ({'CONV': [64, 3]}, {'CONV': [256, 5]}, {'POOLMAX': [-1, 2]}), {'GLOBAL_AVG': None}, {'LAST_DENSE': [100, 'softmax']}]",HHSE,NSGA2,,,,,0.7131204787775655,,,,531985920,2457508,,,,,,"[0, 0, 4, 38, 46, 6, 17, 23]",0.7334610521053353,-1.3943420689721542e-05,0.375,0.5,0.0,0.0,0.97,0,0,0,100,0,0.0,BEST,False,False,53,True,True,GREEDY,,,GREEDY_HV
BPZZWT[M],17,18,99,97,0.99,True,True,"[0, 0, 4, 38, 46, 6, 17, 23]",[],"[0.5700555202496456, 0.7147541302330922, 4.018583751979, 38.22124425102869, 46.769193742482585, 6.622708466894051, 17.77428707179716, 23.43320014225989]","[{'INP': 32}, {'CONV': [64, 3]}, ({'CONV': [32, 3]}, {'CONV': [32, 3]}), ({'CONV': [32, 3]}, {'CONV': [32, 3]}, {'POOLMAX': [-1, 2]}), ({'CONV': [32, 3]}, {'CONV': [128, 3]}), ({'CONV': [128, 3]}, {'CONV': [256, 3]}, {'POOLMAX': [-1, 2]}), ({'CONV': [128, 5]}, {'CONV': [256, 3]}), ({'CONV': [32, 3]}, {'CONV': [256, 3]}, {'POOLMAX': [-1, 2]}), ({'CONV': [64, 3]}, {'CONV': [32, 5]}), ({'CONV': [64, 3]}, {'CONV': [256, 5]}, {'POOLMAX': [-1, 2]}), {'GLOBAL_AVG': None}, {'LAST_DENSE': [100, 'softmax']}]",HHSE,NSGA2,,,,,0.7131204787775655,,,,531985920,2457508,,,,,,"[0, 0, 4, 38, 46, 6, 17, 23]",0.7335314115948393,-1.6340535209491414e-05,0.375,0.5,0.0,0.0,0.97,0,0,0,100,0,0.0,BEST,False,False,53,True,True,GREEDY,,,GREEDY_HV
BEHDDE[M],17,18,100,100,1.0,True,True,"[2, 5, 4, 38, 46, 6, 17, 4]",[],"[2.6980809478096064, 5.471064529073988, 4.8828977370908175, 38.823582349036585, 46.66939776375548, 6.248267777171186, 17.460666137971916, 4.674168947465311]","[{'INP': 32}, {'CONV': [64, 3]}, ({'CONV': [32, 3]}, {'CONV': [64, 3]}), ({'CONV': [32, 3]}, {'CONV': [128, 5]}, {'POOLMAX': [-1, 2]}), ({'CONV': [32, 3]}, {'CONV': [128, 3]}), ({'CONV': [128, 3]}, {'CONV': [256, 3]}, {'POOLMAX': [-1, 2]}), ({'CONV': [128, 5]}, {'CONV': [256, 3]}), ({'CONV': [32, 3]}, {'CONV': [256, 3]}, {'POOLMAX': [-1, 2]}), ({'CONV': [64, 3]}, {'CONV': [32, 5]}), ({'CONV': [32, 3]}, {'CONV': [128, 3]}, {'POOLMAX': [-1, 2]}), {'GLOBAL_AVG': None}, {'LAST_DENSE': [100, 'softmax']}]",HHSE,NSGA2,,,,,0.7132226905690182,,,,763510272,2201892,,,,,,"[2, 5, 4, 38, 46, 6, 17, 4]",0.7335933887037974,-6.946386159867313e-05,0.25,0.125,0.0,0.375,1.0,0,0,0,100,0,0.0,BEST,False,False,52,True,True,GREEDY,,,GREEDY_HV
BTPDZT[M],18,19,1,1,0.01,True,True,"[37, 2, 45, 12, 62, 12, 54, 55]",[],"[37.02410784337742, 2.5697365511445867, 45.885657854645686, 12.950833395513165, 62.755781299579965, 12.606444835450525, 54.31049806185341, 55.54878280387835]","[{'INP': 32}, {'CONV': [64, 3]}, ({'CONV': [128, 3]}, {'CONV': [128, 5]}), ({'CONV': [32, 3]}, {'CONV': [64, 3]}, {'POOLMAX': [-1, 2]}), ({'CONV': [128, 5]}, {'CONV': [128, 5]}), ({'CONV': [32, 5]}, {'CONV': [128, 3]}, {'POOLMAX': [-1, 2]}), ({'CONV': [256, 5]}, {'CONV': [256, 3]}), ({'CONV': [32, 5]}, {'CONV': [128, 3]}, {'POOLMAX': [-1, 2]}), ({'CONV': [256, 3]}, {'CONV': [256, 3]}), ({'CONV': [256, 3]}, {'CONV': [256, 5]}, {'POOLMAX': [-1, 2]}), {'GLOBAL_AVG': None}, {'LAST_DENSE': [100, 'softmax']}]",HHSE,NSGA2,,,,,0.6910142063416609,,,,1806873600,6093476,,,,,,"[50, 43, 47, 17, 20, 62, 3, 7]",0.676456908598547,0.0,0.125,0.875,1.0,0.0,0.01,0,13,0,100,0,0.13,BEST,False,False,320,True,True,GREEDY,,,GREEDY_HV
BRCVAM[M],18,19,2,2,0.02,True,True,"[0, 20, 2, 55, 28, 19, 38, 55]",[],"[0.9885290332581533, 20.017822137926643, 2.3598465906685, 55.197880161226514, 28.6800999639039, 19.096091128791432, 38.45720248418396, 55.588712278298885]","[{'INP': 32}, {'CONV': [64, 3]}, ({'CONV': [32, 3]}, {'CONV': [32, 3]}), ({'CONV': [64, 3]}, {'CONV': [128, 3]}, {'POOLMAX': [-1, 2]}), ({'CONV': [32, 3]}, {'CONV': [64, 3]}), ({'CONV': [256, 3]}, {'CONV': [256, 5]}, {'POOLMAX': [-1, 2]}), ({'CONV': [64, 5]}, {'CONV': [128, 3]}), ({'CONV': [64, 3]}, {'CONV': [64, 5]}, {'POOLMAX': [-1, 2]}), ({'CONV': [128, 3]}, {'CONV': [256, 3]}), ({'CONV': [256, 3]}, {'CONV': [256, 5]}, {'POOLMAX': [-1, 2]}), {'GLOBAL_AVG': None}, {'LAST_DENSE': [100, 'softmax']}]",HHSE,NSGA2,,,,,0.6941595022370899,,,,1362547712,5253284,,,,,,"[37, 11, 6, 8, 62, 30, 32, 55]",0.6852070412720941,-0.0024614461807495,0.375,0.625,0.875,0.875,0.02,0,2,0,100,0,0.02,BEST,False,False,303,True,True,GREEDY,,,GREEDY_HV
BRCVAM[M],18,19,3,2,0.03,True,True,"[0, 20, 2, 55, 28, 19, 38, 55]",[],"[0.9885290332581533, 20.017822137926643, 2.3598465906685, 55.197880161226514, 28.6800999639039, 19.096091128791432, 38.45720248418396, 55.588712278298885]","[{'INP': 32}, {'CONV': [64, 3]}, ({'CONV': [32, 3]}, {'CONV': [32, 3]}), ({'CONV': [64, 3]}, {'CONV': [128, 3]}, {'POOLMAX': [-1, 2]}), ({'CONV': [32, 3]}, {'CONV': [64, 3]}), ({'CONV': [256, 3]}, {'CONV': [256, 5]}, {'POOLMAX': [-1, 2]}), ({'CONV': [64, 5]}, {'CONV': [128, 3]}), ({'CONV': [64, 3]}, {'CONV': [64, 5]}, {'POOLMAX': [-1, 2]}), ({'CONV': [128, 3]}, {'CONV': [256, 3]}), ({'CONV': [256, 3]}, {'CONV': [256, 5]}, {'POOLMAX': [-1, 2]}), {'GLOBAL_AVG': None}, {'LAST_DENSE': [100, 'softmax']}]",HHSE,NSGA2,,,,,0.6941595022370899,,,,1362547712,5253284,,,,,,"[37, 11, 6, 8, 62, 30, 32, 55]",0.6953828977585851,-2.997543176130879e-05,0.375,0.625,0.875,0.0,0.02,0,2,0,100,0,0.02,BEST,False,False,303,True,True,GREEDY,,,GREEDY_HV
BRCVAM[M],18,19,4,2,0.04,True,True,"[0, 20, 2, 55, 28, 19, 38, 55]",[],"[0.9885290332581533, 20.017822137926643, 2.3598465906685, 55.197880161226514, 28.6800999639039, 19.096091128791432, 38.45720248418396, 55.588712278298885]","[{'INP': 32}, {'CONV': [64, 3]}, ({'CONV': [32, 3]}, {'CONV': [32, 3]}), ({'CONV': [64, 3]}, {'CONV': [128, 3]}, {'POOLMAX': [-1, 2]}), ({'CONV': [32, 3]}, {'CONV': [64, 3]}), ({'CONV': [256, 3]}, {'CONV': [256, 5]}, {'POOLMAX': [-1, 2]}), ({'CONV': [64, 5]}, {'CONV': [128, 3]}), ({'CONV': [64, 3]}, {'CONV': [64, 5]}, {'POOLMAX': [-1, 2]}), ({'CONV': [128, 3]}, {'CONV': [256, 3]}), ({'CONV': [256, 3]}, {'CONV': [256, 5]}, {'POOLMAX': [-1, 2]}), {'GLOBAL_AVG': None}, {'LAST_DENSE': [100, 'softmax']}]",HHSE,NSGA2,,,,,0.6941595022370899,,,,1362547712,5253284,,,,,,"[37, 11, 6, 8, 62, 30, 32, 55]",0.694556895944794,-0.0034577609932212,0.375,0.625,0.875,0.0,0.02,0,0,0,100,0,0.0,BEST,False,False,303,True,True,GREEDY,,,GREEDY_HV
BRCVAM[M],18,19,5,2,0.05,True,True,"[0, 20, 2, 55, 28, 19, 38, 55]",[],"[0.9885290332581533, 20.017822137926643, 2.3598465906685, 55.197880161226514, 28.6800999639039, 19.096091128791432, 38.45720248418396, 55.588712278298885]","[{'INP': 32}, {'CONV': [64, 3]}, ({'CONV': [32, 3]}, {'CONV': [32, 3]}), ({'CONV': [64, 3]}, {'CONV': [128, 3]}, {'POOLMAX': [-1, 2]}), ({'CONV': [32, 3]}, {'CONV': [64, 3]}), ({'CONV': [256, 3]}, {'CONV': [256, 5]}, {'POOLMAX': [-1, 2]}), ({'CONV': [64, 5]}, {'CONV': [128, 3]}), ({'CONV': [64, 3]}, {'CONV': [64, 5]}, {'POOLMAX': [-1, 2]}), ({'CONV': [128, 3]}, {'CONV': [256, 3]}), ({'CONV': [256, 3]}, {'CONV': [256, 5]}, {'POOLMAX': [-1, 2]}), {'GLOBAL_AVG': None}, {'LAST_DENSE': [100, 'softmax']}]",HHSE,NSGA2,,,,,0.6941595022370899,,,,1362547712,5253284,,,,,,"[37, 11, 6, 8, 62, 30, 32, 55]",0.6956227649454697,-0.0017207456508683,0.375,0.625,0.875,0.0,0.02,0,1,0,100,0,0.01,BEST,False,False,303,True,True,GREEDY,,,GREEDY_HV
BCXTJN[M],18,19,6,6,0.06,True,True,"[14, 30, 31, 22, 39, 0, 62, 55]",[],"[14.086775318505316, 30.020268375043525, 31.27967403768988, 22.412930991984187, 39.66821524431879, 0.7931060444908802, 62.129905876852206, 55.56596158858956]","[{'INP': 32}, {'CONV': [64, 3]}, ({'CONV': [32, 5]}, {'CONV': [256, 3]}), ({'CONV': [64, 5]}, {'CONV': [256, 3]}, {'POOLMAX': [-1, 2]}), ({'CONV': [64, 5]}, {'CONV': [256, 5]}), ({'CONV': [64, 3]}, {'CONV': [256, 3]}, {'POOLMAX': [-1, 2]}), ({'CONV': [128, 3]}, {'CONV': [256, 5]}), ({'CONV': [32, 3]}, {'CONV': [32, 3]}, {'POOLMAX': [-1, 2]}), ({'CONV': [256, 5]}, {'CONV': [256, 3]}), ({'CONV': [256, 3]}, {'CONV': [256, 5]}, {'POOLMAX': [-1, 2]}), {'GLOBAL_AVG': None}, {'LAST_DENSE': [100, 'softmax']}]",HHSE,NSGA2,,,,,0.6954773771240491,,,,2226494464,6054564,,,,,,"[0, 3, 10, 4, 6, 4, 61, 54]",0.7004842030357089,-0.0003747263802208,0.25,0.625,1.0,0.875,0.06,0,0,0,100,0,0.0,BEST,False,False,295,True,True,GREEDY,,,GREEDY_HV
BCXTJN[M],18,19,7,6,0.07,True,True,"[14, 30, 31, 22, 39, 0, 62, 55]",[],"[14.086775318505316, 30.020268375043525, 31.27967403768988, 22.412930991984187, 39.66821524431879, 0.7931060444908802, 62.129905876852206, 55.56596158858956]","[{'INP': 32}, {'CONV': [64, 3]}, ({'CONV': [32, 5]}, {'CONV': [256, 3]}), ({'CONV': [64, 5]}, {'CONV': [256, 3]}, {'POOLMAX': [-1, 2]}), ({'CONV': [64, 5]}, {'CONV': [256, 5]}), ({'CONV': [64, 3]}, {'CONV': [256, 3]}, {'POOLMAX': [-1, 2]}), ({'CONV': [128, 3]}, {'CONV': [256, 5]}), ({'CONV': [32, 3]}, {'CONV': [32, 3]}, {'POOLMAX': [-1, 2]}), ({'CONV': [256, 5]}, {'CONV': [256, 3]}), ({'CONV': [256, 3]}, {'CONV': [256, 5]}, {'POOLMAX': [-1, 2]}), {'GLOBAL_AVG': None}, {'LAST_DENSE': [100, 'softmax']}]",HHSE,NSGA2,,,,,0.6954773771240491,,,,2226494464,6054564,,,,,,"[0, 3, 10, 4, 6, 4, 61, 54]",0.7015406720033086,-0.0074220414397435,0.25,0.625,1.0,0.0,0.06,0,0,0,100,0,0.0,BEST,False,False,295,True,True,GREEDY,,,GREEDY_HV
BCXTJN[M],18,19,8,6,0.08,True,True,"[14, 30, 31, 22, 39, 0, 62, 55]",[],"[14.086775318505316, 30.020268375043525, 31.27967403768988, 22.412930991984187, 39.66821524431879, 0.7931060444908802, 62.129905876852206, 55.56596158858956]","[{'INP': 32}, {'CONV': [64, 3]}, ({'CONV': [32, 5]}, {'CONV': [256, 3]}), ({'CONV': [64, 5]}, {'CONV': [256, 3]}, {'POOLMAX': [-1, 2]}), ({'CONV': [64, 5]}, {'CONV': [256, 5]}), ({'CONV': [64, 3]}, {'CONV': [256, 3]}, {'POOLMAX': [-1, 2]}), ({'CONV': [128, 3]}, {'CONV': [256, 5]}), ({'CONV': [32, 3]}, {'CONV': [32, 3]}, {'POOLMAX': [-1, 2]}), ({'CONV': [256, 5]}, {'CONV': [256, 3]}), ({'CONV': [256, 3]}, {'CONV': [256, 5]}, {'POOLMAX': [-1, 2]}), {'GLOBAL_AVG': None}, {'LAST_DENSE': [100, 'softmax']}]",HHSE,NSGA2,,,,,0.6954773771240491,,,,2226494464,6054564,,,,,,"[0, 3, 10, 4, 6, 4, 61, 54]",0.7027753919162529,-0.0026708840081407,0.25,0.625,1.0,0.0,0.06,0,0,0,100,0,0.0,BEST,False,False,295,True,True,GREEDY,,,GREEDY_HV
BCXTJN[M],18,19,9,6,0.09,True,True,"[14, 30, 31, 22, 39, 0, 62, 55]",[],"[14.086775318505316, 30.020268375043525, 31.27967403768988, 22.412930991984187, 39.66821524431879, 0.7931060444908802, 62.129905876852206, 55.56596158858956]","[{'INP': 32}, {'CONV': [64, 3]}, ({'CONV': [32, 5]}, {'CONV': [256, 3]}), ({'CONV': [64, 5]}, {'CONV': [256, 3]}, {'POOLMAX': [-1, 2]}), ({'CONV': [64, 5]}, {'CONV': [256, 5]}), ({'CONV': [64, 3]}, {'CONV': [256, 3]}, {'POOLMAX': [-1, 2]}), ({'CONV': [128, 3]}, {'CONV': [256, 5]}), ({'CONV': [32, 3]}, {'CONV': [32, 3]}, {'POOLMAX': [-1, 2]}), ({'CONV': [256, 5]}, {'CONV': [256, 3]}), ({'CONV': [256, 3]}, {'CONV': [256, 5]}, {'POOLMAX': [-1, 2]}), {'GLOBAL_AVG': None}, {'LAST_DENSE': [100, 'softmax']}]",HHSE,NSGA2,,,,,0.6954773771240491,,,,2226494464,6054564,,,,,,"[0, 3, 10, 4, 6, 4, 61, 54]",0.7028582164222585,-0.0028920999915189,0.25,0.625,1.0,0.0,0.06,0,0,0,100,0,0.0,BEST,False,False,295,True,True,GREEDY,,,GREEDY_HV
BCXTJN[M],18,19,10,6,0.1,True,True,"[14, 30, 31, 22, 39, 0, 62, 55]",[],"[14.086775318505316, 30.020268375043525, 31.27967403768988, 22.412930991984187, 39.66821524431879, 0.7931060444908802, 62.129905876852206, 55.56596158858956]","[{'INP': 32}, {'CONV': [64, 3]}, ({'CONV': [32, 5]}, {'CONV': [256, 3]}), ({'CONV': [64, 5]}, {'CONV': [256, 3]}, {'POOLMAX': [-1, 2]}), ({'CONV': [64, 5]}, {'CONV': [256, 5]}), ({'CONV': [64, 3]}, {'CONV': [256, 3]}, {'POOLMAX': [-1, 2]}), ({'CONV': [128, 3]}, {'CONV': [256, 5]}), ({'CONV': [32, 3]}, {'CONV': [32, 3]}, {'POOLMAX': [-1, 2]}), ({'CONV': [256, 5]}, {'CONV': [256, 3]}), ({'CONV': [256, 3]}, {'CONV': [256, 5]}, {'POOLMAX': [-1, 2]}), {'GLOBAL_AVG': None}, {'LAST_DENSE': [100, 'softmax']}]",HHSE,NSGA2,,,,,0.6954773771240491,,,,2226494464,6054564,,,,,,"[0, 3, 10, 4, 6, 4, 61, 54]",0.7036398217022123,-0.0021521116779591,0.25,0.625,1.0,0.0,0.06,0,0,0,100,0,0.0,BEST,False,False,295,True,True,GREEDY,,,GREEDY_HV
BCXTJN[M],18,19,11,6,0.11,True,True,"[14, 30, 31, 22, 39, 0, 62, 55]",[],"[14.086775318505316, 30.020268375043525, 31.27967403768988, 22.412930991984187, 39.66821524431879, 0.7931060444908802, 62.129905876852206, 55.56596158858956]","[{'INP': 32}, {'CONV': [64, 3]}, ({'CONV': [32, 5]}, {'CONV': [256, 3]}), ({'CONV': [64, 5]}, {'CONV': [256, 3]}, {'POOLMAX': [-1, 2]}), ({'CONV': [64, 5]}, {'CONV': [256, 5]}), ({'CONV': [64, 3]}, {'CONV': [256, 3]}, {'POOLMAX': [-1, 2]}), ({'CONV': [128, 3]}, {'CONV': [256, 5]}), ({'CONV': [32, 3]}, {'CONV': [32, 3]}, {'POOLMAX': [-1, 2]}), ({'CONV': [256, 5]}, {'CONV': [256, 3]}), ({'CONV': [256, 3]}, {'CONV': [256, 5]}, {'POOLMAX': [-1, 2]}), {'GLOBAL_AVG': None}, {'LAST_DENSE': [100, 'softmax']}]",HHSE,NSGA2,,,,,0.6954773771240491,,,,2226494464,6054564,,,,,,"[0, 3, 10, 4, 6, 4, 61, 54]",0.7047185285811354,-0.0045402943409654,0.25,0.625,1.0,0.0,0.06,0,0,0,100,0,0.0,BEST,False,False,295,True,True,GREEDY,,,GREEDY_HV
BDLLIO[M],18,19,12,12,0.12,True,True,"[10, 0, 53, 34, 35, 7, 54, 55]",[],"[10.093062883346995, 0.791272752056047, 53.06575150698139, 34.85613332369736, 35.29120095317036, 7.706651402501075, 54.02256293542844, 55.81627154380524]","[{'INP': 32}, {'CONV': [64, 3]}, ({'CONV': [32, 5]}, {'CONV': [64, 3]}), ({'CONV': [32, 3]}, {'CONV': [32, 3]}, {'POOLMAX': [-1, 2]}), ({'CONV': [256, 3]}, {'CONV': [128, 5]}), ({'CONV': [128, 3]}, {'CONV': [64, 3]}, {'POOLMAX': [-1, 2]}), ({'CONV': [128, 3]}, {'CONV': [64, 5]}), ({'CONV': [32, 3]}, {'CONV': [256, 5]}, {'POOLMAX': [-1, 2]}), ({'CONV': [256, 3]}, {'CONV': [256, 3]}), ({'CONV': [256, 3]}, {'CONV': [256, 5]}, {'POOLMAX': [-1, 2]}), {'GLOBAL_AVG': None}, {'LAST_DENSE': [100, 'softmax']}]",HHSE,NSGA2,,,,,0.6964587973816241,,,,948921344,5157668,,,,,,"[20, 0, 52, 5, 50, 21, 46, 4]",0.7120656216501894,0.0048187445746458,0.375,0.5,0.875,0.875,0.12,0,1,0,100,0,0.01,BEST,False,False,286,True,True,GREEDY,,,GREEDY_HV
BDLLIO[M],18,19,13,12,0.13,True,True,"[10, 0, 53, 34, 35, 7, 54, 55]",[],"[10.093062883346995, 0.791272752056047, 53.06575150698139, 34.85613332369736, 35.29120095317036, 7.706651402501075, 54.02256293542844, 55.81627154380524]","[{'INP': 32}, {'CONV': [64, 3]}, ({'CONV': [32, 5]}, {'CONV': [64, 3]}), ({'CONV': [32, 3]}, {'CONV': [32, 3]}, {'POOLMAX': [-1, 2]}), ({'CONV': [256, 3]}, {'CONV': [128, 5]}), ({'CONV': [128, 3]}, {'CONV': [64, 3]}, {'POOLMAX': [-1, 2]}), ({'CONV': [128, 3]}, {'CONV': [64, 5]}), ({'CONV': [32, 3]}, {'CONV': [256, 5]}, {'POOLMAX': [-1, 2]}), ({'CONV': [256, 3]}, {'CONV': [256, 3]}), ({'CONV': [256, 3]}, {'CONV': [256, 5]}, {'POOLMAX': [-1, 2]}), {'GLOBAL_AVG': None}, {'LAST_DENSE': [100, 'softmax']}]",HHSE,NSGA2,,,,,0.6964587973816241,,,,948921344,5157668,,,,,,"[20, 0, 52, 5, 50, 21, 46, 4]",0.7073825329962192,-0.0002868872021221,0.375,0.5,0.875,0.0,0.12,0,0,0,100,0,0.0,BEST,False,False,286,True,True,GREEDY,,,GREEDY_HV
BDLLIO[M],18,19,14,12,0.14,True,True,"[10, 0, 53, 34, 35, 7, 54, 55]",[],"[10.093062883346995, 0.791272752056047, 53.06575150698139, 34.85613332369736, 35.29120095317036, 7.706651402501075, 54.02256293542844, 55.81627154380524]","[{'INP': 32}, {'CONV': [64, 3]}, ({'CONV': [32, 5]}, {'CONV': [64, 3]}), ({'CONV': [32, 3]}, {'CONV': [32, 3]}, {'POOLMAX': [-1, 2]}), ({'CONV': [256, 3]}, {'CONV': [128, 5]}), ({'CONV': [128, 3]}, {'CONV': [64, 3]}, {'POOLMAX': [-1, 2]}), ({'CONV': [128, 3]}, {'CONV': [64, 5]}), ({'CONV': [32, 3]}, {'CONV': [256, 5]}, {'POOLMAX': [-1, 2]}), ({'CONV': [256, 3]}, {'CONV': [256, 3]}), ({'CONV': [256, 3]}, {'CONV': [256, 5]}, {'POOLMAX': [-1, 2]}), {'GLOBAL_AVG': None}, {'LAST_DENSE': [100, 'softmax']}]",HHSE,NSGA2,,,,,0.6964587973816241,,,,948921344,5157668,,,,,,"[20, 0, 52, 5, 50, 21, 46, 4]",0.7076202899846844,-0.0010404956439643,0.375,0.5,0.875,0.0,0.12,0,0,0,100,0,0.0,BEST,False,False,286,True,True,GREEDY,,,GREEDY_HV
BAKJNT[M],18,19,15,15,0.15,True,True,"[2, 30, 28, 38, 37, 55, 55, 7]",[],"[2.1952415675705312, 30.900482437740052, 28.114803857606372, 38.23270119507748, 37.167278308960206, 55.531960792015745, 55.63740786048733, 7.438463849410473]","[{'INP': 32}, {'CONV': [64, 3]}, ({'CONV': [32, 3]}, {'CONV': [64, 3]}), ({'CONV': [64, 5]}, {'CONV': [256, 3]}, {'POOLMAX': [-1, 2]}), ({'CONV': [64, 5]}, {'CONV': [128, 3]}), ({'CONV': [128, 3]}, {'CONV': [256, 3]}, {'POOLMAX': [-1, 2]}), ({'CONV': [128, 3]}, {'CONV': [128, 5]}), ({'CONV': [256, 3]}, {'CONV': [256, 5]}, {'POOLMAX': [-1, 2]}), ({'CONV': [256, 3]}, {'CONV': [256, 5]}), ({'CONV': [32, 3]}, {'CONV': [256, 5]}, {'POOLMAX': [-1, 2]}), {'GLOBAL_AVG': None}, {'LAST_DENSE': [100, 'softmax']}]",HHSE,NSGA2,,,,,0.6979014063529101,,,,1487504896,6394916,,,,,,"[0, 16, 4, 20, 52, 20, 45, 7]",0.7074503734861304,-0.0044027637465339,0.0,1.0,0.875,1.0,0.15,0,0,0,100,0,0.0,BEST,False,False,271,True,True,GREEDY,,,GREEDY_HV
BAKJNT[M],18,19,16,15,0.16,True,True,"[2, 30, 28, 38, 37, 55, 55, 7]",[],"[2.1952415675705312, 30.900482437740052, 28.114803857606372, 38.23270119507748, 37.167278308960206, 55.531960792015745, 55.63740786048733, 7.438463849410473]","[{'INP': 32}, {'CONV': [64, 3]}, ({'CONV': [32, 3]}, {'CONV': [64, 3]}), ({'CONV': [64, 5]}, {'CONV': [256, 3]}, {'POOLMAX': [-1, 2]}), ({'CONV': [64, 5]}, {'CONV': [128, 3]}), ({'CONV': [128, 3]}, {'CONV': [256, 3]}, {'POOLMAX': [-1, 2]}), ({'CONV': [128, 3]}, {'CONV': [128, 5]}), ({'CONV': [256, 3]}, {'CONV': [256, 5]}, {'POOLMAX': [-1, 2]}), ({'CONV': [256, 3]}, {'CONV': [256, 5]}), ({'CONV': [32, 3]}, {'CONV': [256, 5]}, {'POOLMAX': [-1, 2]}), {'GLOBAL_AVG': None}, {'LAST_DENSE': [100, 'softmax']}]",HHSE,NSGA2,,,,,0.6979014063529101,,,,1487504896,6394916,,,,,,"[0, 16, 4, 20, 52, 20, 45, 7]",0.7085119882891715,-0.0025955555543117,0.0,1.0,0.875,0.0,0.15,0,0,0,100,0,0.0,BEST,False,False,271,True,True,GREEDY,,,GREEDY_HV
BAKJNT[M],18,19,17,15,0.17,True,True,"[2, 30, 28, 38, 37, 55, 55, 7]",[],"[2.1952415675705312, 30.900482437740052, 28.114803857606372, 38.23270119507748, 37.167278308960206, 55.531960792015745, 55.63740786048733, 7.438463849410473]","[{'INP': 32}, {'CONV': [64, 3]}, ({'CONV': [32, 3]}, {'CONV': [64, 3]}), ({'CONV': [64, 5]}, {'CONV': [256, 3]}, {'POOLMAX': [-1, 2]}), ({'CONV': [64, 5]}, {'CONV': [128, 3]}), ({'CONV': [128, 3]}, {'CONV': [256, 3]}, {'POOLMAX': [-1, 2]}), ({'CONV': [128, 3]}, {'CONV': [128, 5]}), ({'CONV': [256, 3]}, {'CONV': [256, 5]}, {'POOLMAX': [-1, 2]}), ({'CONV': [256, 3]}, {'CONV': [256, 5]}), ({'CONV': [32, 3]}, {'CONV': [256, 5]}, {'POOLMAX': [-1, 2]}), {'GLOBAL_AVG': None}, {'LAST_DENSE': [100, 'softmax']}]",HHSE,NSGA2,,,,,0.6979014063529101,,,,1487504896,6394916,,,,,,"[0, 16, 4, 20, 52, 20, 45, 7]",0.7092557379355755,-6.834235617658724e-05,0.0,1.0,0.875,0.0,0.15,0,2,0,100,0,0.02,BEST,False,False,271,True,True,GREEDY,,,GREEDY_HV
BAKJNT[M],18,19,18,15,0.18,True,True,"[2, 30, 28, 38, 37, 55, 55, 7]",[],"[2.1952415675705312, 30.900482437740052, 28.114803857606372, 38.23270119507748, 37.167278308960206, 55.531960792015745, 55.63740786048733, 7.438463849410473]","[{'INP': 32}, {'CONV': [64, 3]}, ({'CONV': [32, 3]}, {'CONV': [64, 3]}), ({'CONV': [64, 5]}, {'CONV': [256, 3]}, {'POOLMAX': [-1, 2]}), ({'CONV': [64, 5]}, {'CONV': [128, 3]}), ({'CONV': [128, 3]}, {'CONV': [256, 3]}, {'POOLMAX': [-1, 2]}), ({'CONV': [128, 3]}, {'CONV': [128, 5]}), ({'CONV': [256, 3]}, {'CONV': [256, 5]}, {'POOLMAX': [-1, 2]}), ({'CONV': [256, 3]}, {'CONV': [256, 5]}), ({'CONV': [32, 3]}, {'CONV': [256, 5]}, {'POOLMAX': [-1, 2]}), {'GLOBAL_AVG': None}, {'LAST_DENSE': [100, 'softmax']}]",HHSE,NSGA2,,,,,0.6979014063529101,,,,1487504896,6394916,,,,,,"[0, 16, 4, 20, 52, 20, 45, 7]",0.7090687228780955,-0.0024510889788221,0.0,1.0,0.875,0.0,0.15,0,0,0,100,0,0.0,BEST,False,False,271,True,True,GREEDY,,,GREEDY_HV
BAKJNT[M],18,19,19,15,0.19,True,True,"[2, 30, 28, 38, 37, 55, 55, 7]",[],"[2.1952415675705312, 30.900482437740052, 28.114803857606372, 38.23270119507748, 37.167278308960206, 55.531960792015745, 55.63740786048733, 7.438463849410473]","[{'INP': 32}, {'CONV': [64, 3]}, ({'CONV': [32, 3]}, {'CONV': [64, 3]}), ({'CONV': [64, 5]}, {'CONV': [256, 3]}, {'POOLMAX': [-1, 2]}), ({'CONV': [64, 5]}, {'CONV': [128, 3]}), ({'CONV': [128, 3]}, {'CONV': [256, 3]}, {'POOLMAX': [-1, 2]}), ({'CONV': [128, 3]}, {'CONV': [128, 5]}), ({'CONV': [256, 3]}, {'CONV': [256, 5]}, {'POOLMAX': [-1, 2]}), ({'CONV': [256, 3]}, {'CONV': [256, 5]}), ({'CONV': [32, 3]}, {'CONV': [256, 5]}, {'POOLMAX': [-1, 2]}), {'GLOBAL_AVG': None}, {'LAST_DENSE': [100, 'softmax']}]",HHSE,NSGA2,,,,,0.6979014063529101,,,,1487504896,6394916,,,,,,"[0, 16, 4, 20, 52, 20, 45, 7]",0.709069715405298,-0.0021216004633363,0.0,1.0,0.875,0.0,0.15,0,0,0,100,0,0.0,BEST,False,False,271,True,True,GREEDY,,,GREEDY_HV
BAKJNT[M],18,19,20,15,0.2,True,True,"[2, 30, 28, 38, 37, 55, 55, 7]",[],"[2.1952415675705312, 30.900482437740052, 28.114803857606372, 38.23270119507748, 37.167278308960206, 55.531960792015745, 55.63740786048733, 7.438463849410473]","[{'INP': 32}, {'CONV': [64, 3]}, ({'CONV': [32, 3]}, {'CONV': [64, 3]}), ({'CONV': [64, 5]}, {'CONV': [256, 3]}, {'POOLMAX': [-1, 2]}), ({'CONV': [64, 5]}, {'CONV': [128, 3]}), ({'CONV': [128, 3]}, {'CONV': [256, 3]}, {'POOLMAX': [-1, 2]}), ({'CONV': [128, 3]}, {'CONV': [128, 5]}), ({'CONV': [256, 3]}, {'CONV': [256, 5]}, {'POOLMAX': [-1, 2]}), ({'CONV': [256, 3]}, {'CONV': [256, 5]}), ({'CONV': [32, 3]}, {'CONV': [256, 5]}, {'POOLMAX': [-1, 2]}), {'GLOBAL_AVG': None}, {'LAST_DENSE': [100, 'softmax']}]",HHSE,NSGA2,,,,,0.6979014063529101,,,,1487504896,6394916,,,,,,"[0, 16, 4, 20, 52, 20, 45, 7]",0.7098059500156186,-0.0007768683268669,0.0,1.0,0.875,0.0,0.15,0,0,0,100,0,0.0,BEST,False,False,271,True,True,GREEDY,,,GREEDY_HV
BAKJNT[M],18,19,21,15,0.21,True,True,"[2, 30, 28, 38, 37, 55, 55, 7]",[],"[2.1952415675705312, 30.900482437740052, 28.114803857606372, 38.23270119507748, 37.167278308960206, 55.531960792015745, 55.63740786048733, 7.438463849410473]","[{'INP': 32}, {'CONV': [64, 3]}, ({'CONV': [32, 3]}, {'CONV': [64, 3]}), ({'CONV': [64, 5]}, {'CONV': [256, 3]}, {'POOLMAX': [-1, 2]}), ({'CONV': [64, 5]}, {'CONV': [128, 3]}), ({'CONV': [128, 3]}, {'CONV': [256, 3]}, {'POOLMAX': [-1, 2]}), ({'CONV': [128, 3]}, {'CONV': [128, 5]}), ({'CONV': [256, 3]}, {'CONV': [256, 5]}, {'POOLMAX': [-1, 2]}), ({'CONV': [256, 3]}, {'CONV': [256, 5]}), ({'CONV': [32, 3]}, {'CONV': [256, 5]}, {'POOLMAX': [-1, 2]}), {'GLOBAL_AVG': None}, {'LAST_DENSE': [100, 'softmax']}]",HHSE,NSGA2,,,,,0.6979014063529101,,,,1487504896,6394916,,,,,,"[0, 16, 4, 20, 52, 20, 45, 7]",0.7094197390293242,-0.0030217573379217,0.0,1.0,0.875,0.0,0.15,0,0,0,100,0,0.0,BEST,False,False,271,True,True,GREEDY,,,GREEDY_HV
BAKJNT[M],18,19,22,15,0.22,True,True,"[2, 30, 28, 38, 37, 55, 55, 7]",[],"[2.1952415675705312, 30.900482437740052, 28.114803857606372, 38.23270119507748, 37.167278308960206, 55.531960792015745, 55.63740786048733, 7.438463849410473]","[{'INP': 32}, {'CONV': [64, 3]}, ({'CONV': [32, 3]}, {'CONV': [64, 3]}), ({'CONV': [64, 5]}, {'CONV': [256, 3]}, {'POOLMAX': [-1, 2]}), ({'CONV': [64, 5]}, {'CONV': [128, 3]}), ({'CONV': [128, 3]}, {'CONV': [256, 3]}, {'POOLMAX': [-1, 2]}), ({'CONV': [128, 3]}, {'CONV': [128, 5]}), ({'CONV': [256, 3]}, {'CONV': [256, 5]}, {'POOLMAX': [-1, 2]}), ({'CONV': [256, 3]}, {'CONV': [256, 5]}), ({'CONV': [32, 3]}, {'CONV': [256, 5]}, {'POOLMAX': [-1, 2]}), {'GLOBAL_AVG': None}, {'LAST_DENSE': [100, 'softmax']}]",HHSE,NSGA2,,,,,0.6979014063529101,,,,1487504896,6394916,,,,,,"[0, 16, 4, 20, 52, 20, 45, 7]",0.709526115198694,-0.0002174939815006,0.0,1.0,0.875,0.0,0.15,0,1,0,100,0,0.01,BEST,False,False,271,True,True,GREEDY,,,GREEDY_HV
BAKJNT[M],18,19,23,15,0.23,True,True,"[2, 30, 28, 38, 37, 55, 55, 7]",[],"[2.1952415675705312, 30.900482437740052, 28.114803857606372, 38.23270119507748, 37.167278308960206, 55.531960792015745, 55.63740786048733, 7.438463849410473]","[{'INP': 32}, {'CONV': [64, 3]}, ({'CONV': [32, 3]}, {'CONV': [64, 3]}), ({'CONV': [64, 5]}, {'CONV': [256, 3]}, {'POOLMAX': [-1, 2]}), ({'CONV': [64, 5]}, {'CONV': [128, 3]}), ({'CONV': [128, 3]}, {'CONV': [256, 3]}, {'POOLMAX': [-1, 2]}), ({'CONV': [128, 3]}, {'CONV': [128, 5]}), ({'CONV': [256, 3]}, {'CONV': [256, 5]}, {'POOLMAX': [-1, 2]}), ({'CONV': [256, 3]}, {'CONV': [256, 5]}), ({'CONV': [32, 3]}, {'CONV': [256, 5]}, {'POOLMAX': [-1, 2]}), {'GLOBAL_AVG': None}, {'LAST_DENSE': [100, 'softmax']}]",HHSE,NSGA2,,,,,0.6979014063529101,,,,1487504896,6394916,,,,,,"[0, 16, 4, 20, 52, 20, 45, 7]",0.7095598947262607,-0.0005737681805417,0.0,1.0,0.875,0.0,0.15,0,1,0,100,0,0.01,BEST,False,False,271,True,True,GREEDY,,,GREEDY_HV
BAKJNT[M],18,19,24,15,0.24,True,True,"[2, 30, 28, 38, 37, 55, 55, 7]",[],"[2.1952415675705312, 30.900482437740052, 28.114803857606372, 38.23270119507748, 37.167278308960206, 55.531960792015745, 55.63740786048733, 7.438463849410473]","[{'INP': 32}, {'CONV': [64, 3]}, ({'CONV': [32, 3]}, {'CONV': [64, 3]}), ({'CONV': [64, 5]}, {'CONV': [256, 3]}, {'POOLMAX': [-1, 2]}), ({'CONV': [64, 5]}, {'CONV': [128, 3]}), ({'CONV': [128, 3]}, {'CONV': [256, 3]}, {'POOLMAX': [-1, 2]}), ({'CONV': [128, 3]}, {'CONV': [128, 5]}), ({'CONV': [256, 3]}, {'CONV': [256, 5]}, {'POOLMAX': [-1, 2]}), ({'CONV': [256, 3]}, {'CONV': [256, 5]}), ({'CONV': [32, 3]}, {'CONV': [256, 5]}, {'POOLMAX': [-1, 2]}), {'GLOBAL_AVG': None}, {'LAST_DENSE': [100, 'softmax']}]",HHSE,NSGA2,,,,,0.6979014063529101,,,,1487504896,6394916,,,,,,"[0, 16, 4, 20, 52, 20, 45, 7]",0.7114262482429575,0.0008457629812658,0.0,1.0,0.875,0.0,0.15,0,0,0,100,0,0.0,BEST,False,False,271,True,True,GREEDY,,,GREEDY_HV
BAKJNT[M],18,19,25,15,0.25,True,True,"[2, 30, 28, 38, 37, 55, 55, 7]",[],"[2.1952415675705312, 30.900482437740052, 28.114803857606372, 38.23270119507748, 37.167278308960206, 55.531960792015745, 55.63740786048733, 7.438463849410473]","[{'INP': 32}, {'CONV': [64, 3]}, ({'CONV': [32, 3]}, {'CONV': [64, 3]}), ({'CONV': [64, 5]}, {'CONV': [256, 3]}, {'POOLMAX': [-1, 2]}), ({'CONV': [64, 5]}, {'CONV': [128, 3]}), ({'CONV': [128, 3]}, {'CONV': [256, 3]}, {'POOLMAX': [-1, 2]}), ({'CONV': [128, 3]}, {'CONV': [128, 5]}), ({'CONV': [256, 3]}, {'CONV': [256, 5]}, {'POOLMAX': [-1, 2]}), ({'CONV': [256, 3]}, {'CONV': [256, 5]}), ({'CONV': [32, 3]}, {'CONV': [256, 5]}, {'POOLMAX': [-1, 2]}), {'GLOBAL_AVG': None}, {'LAST_DENSE': [100, 'softmax']}]",HHSE,NSGA2,,,,,0.6979014063529101,,,,1487504896,6394916,,,,,,"[0, 16, 4, 20, 52, 20, 45, 7]",0.7096744095974816,-0.0017724364583289,0.0,1.0,0.875,0.0,0.15,0,0,0,100,0,0.0,BEST,False,False,271,True,True,GREEDY,,,GREEDY_HV
BAKJNT[M],18,19,26,15,0.26,True,True,"[2, 30, 28, 38, 37, 55, 55, 7]",[],"[2.1952415675705312, 30.900482437740052, 28.114803857606372, 38.23270119507748, 37.167278308960206, 55.531960792015745, 55.63740786048733, 7.438463849410473]","[{'INP': 32}, {'CONV': [64, 3]}, ({'CONV': [32, 3]}, {'CONV': [64, 3]}), ({'CONV': [64, 5]}, {'CONV': [256, 3]}, {'POOLMAX': [-1, 2]}), ({'CONV': [64, 5]}, {'CONV': [128, 3]}), ({'CONV': [128, 3]}, {'CONV': [256, 3]}, {'POOLMAX': [-1, 2]}), ({'CONV': [128, 3]}, {'CONV': [128, 5]}), ({'CONV': [256, 3]}, {'CONV': [256, 5]}, {'POOLMAX': [-1, 2]}), ({'CONV': [256, 3]}, {'CONV': [256, 5]}), ({'CONV': [32, 3]}, {'CONV': [256, 5]}, {'POOLMAX': [-1, 2]}), {'GLOBAL_AVG': None}, {'LAST_DENSE': [100, 'softmax']}]",HHSE,NSGA2,,,,,0.6979014063529101,,,,1487504896,6394916,,,,,,"[0, 16, 4, 20, 52, 20, 45, 7]",0.7096526807853332,-0.0034595319312059,0.0,1.0,0.875,0.0,0.15,0,0,0,100,0,0.0,BEST,False,False,271,True,True,GREEDY,,,GREEDY_HV
BAKJNT[M],18,19,27,15,0.27,True,True,"[2, 30, 28, 38, 37, 55, 55, 7]",[],"[2.1952415675705312, 30.900482437740052, 28.114803857606372, 38.23270119507748, 37.167278308960206, 55.531960792015745, 55.63740786048733, 7.438463849410473]","[{'INP': 32}, {'CONV': [64, 3]}, ({'CONV': [32, 3]}, {'CONV': [64, 3]}), ({'CONV': [64, 5]}, {'CONV': [256, 3]}, {'POOLMAX': [-1, 2]}), ({'CONV': [64, 5]}, {'CONV': [128, 3]}), ({'CONV': [128, 3]}, {'CONV': [256, 3]}, {'POOLMAX': [-1, 2]}), ({'CONV': [128, 3]}, {'CONV': [128, 5]}), ({'CONV': [256, 3]}, {'CONV': [256, 5]}, {'POOLMAX': [-1, 2]}), ({'CONV': [256, 3]}, {'CONV': [256, 5]}), ({'CONV': [32, 3]}, {'CONV': [256, 5]}, {'POOLMAX': [-1, 2]}), {'GLOBAL_AVG': None}, {'LAST_DENSE': [100, 'softmax']}]",HHSE,NSGA2,,,,,0.6979014063529101,,,,1487504896,6394916,,,,,,"[0, 16, 4, 20, 52, 20, 45, 7]",0.7112128888068836,-0.0017273954747747,0.0,1.0,0.875,0.0,0.15,0,1,0,100,0,0.01,BEST,False,False,271,True,True,GREEDY,,,GREEDY_HV
BAKJNT[M],18,19,28,15,0.28,True,True,"[2, 30, 28, 38, 37, 55, 55, 7]",[],"[2.1952415675705312, 30.900482437740052, 28.114803857606372, 38.23270119507748, 37.167278308960206, 55.531960792015745, 55.63740786048733, 7.438463849410473]","[{'INP': 32}, {'CONV': [64, 3]}, ({'CONV': [32, 3]}, {'CONV': [64, 3]}), ({'CONV': [64, 5]}, {'CONV': [256, 3]}, {'POOLMAX': [-1, 2]}), ({'CONV': [64, 5]}, {'CONV': [128, 3]}), ({'CONV': [128, 3]}, {'CONV': [256, 3]}, {'POOLMAX': [-1, 2]}), ({'CONV': [128, 3]}, {'CONV': [128, 5]}), ({'CONV': [256, 3]}, {'CONV': [256, 5]}, {'POOLMAX': [-1, 2]}), ({'CONV': [256, 3]}, {'CONV': [256, 5]}), ({'CONV': [32, 3]}, {'CONV': [256, 5]}, {'POOLMAX': [-1, 2]}), {'GLOBAL_AVG': None}, {'LAST_DENSE': [100, 'softmax']}]",HHSE,NSGA2,,,,,0.6979014063529101,,,,1487504896,6394916,,,,,,"[0, 16, 4, 20, 52, 20, 45, 7]",0.7104453490475081,-0.0047171235761493,0.0,1.0,0.875,0.0,0.15,0,1,0,100,0,0.01,BEST,False,False,271,True,True,GREEDY,,,GREEDY_HV
BIWHSM[M],18,19,29,29,0.29,True,True,"[15, 47, 4, 38, 55, 28, 46, 15]",[],"[15.354609487830562, 47.60904776186321, 4.381530970573902, 38.18864636495218, 55.95587903521224, 28.149114898026326, 46.909189956497514, 15.13313474413808]","[{'INP': 32}, {'CONV': [64, 3]}, ({'CONV': [32, 5]}, {'CONV': [256, 5]}), ({'CONV': [128, 5]}, {'CONV': [256, 5]}, {'POOLMAX': [-1, 2]}), ({'CONV': [32, 3]}, {'CONV': [128, 3]}), ({'CONV': [128, 3]}, {'CONV': [256, 3]}, {'POOLMAX': [-1, 2]}), ({'CONV': [256, 3]}, {'CONV': [256, 5]}), ({'CONV': [64, 5]}, {'CONV': [128, 3]}, {'POOLMAX': [-1, 2]}), ({'CONV': [128, 5]}, {'CONV': [256, 3]}), ({'CONV': [32, 5]}, {'CONV': [256, 5]}, {'POOLMAX': [-1, 2]}), {'GLOBAL_AVG': None}, {'LAST_DENSE': [100, 'softmax']}]",HHSE,NSGA2,,,,,0.7071191960300276,,,,4555271680,6311076,,,,,,"[14, 35, 2, 38, 53, 4, 45, 15]",0.710602968890155,-0.0001982052007716,0.5,0.5,0.75,0.875,0.29,0,1,0,100,0,0.01,BEST,False,False,156,True,True,GREEDY,,,GREEDY_HV
BIWHSM[M],18,19,30,29,0.3,True,True,"[15, 47, 4, 38, 55, 28, 46, 15]",[],"[15.354609487830562, 47.60904776186321, 4.381530970573902, 38.18864636495218, 55.95587903521224, 28.149114898026326, 46.909189956497514, 15.13313474413808]","[{'INP': 32}, {'CONV': [64, 3]}, ({'CONV': [32, 5]}, {'CONV': [256, 5]}), ({'CONV': [128, 5]}, {'CONV': [256, 5]}, {'POOLMAX': [-1, 2]}), ({'CONV': [32, 3]}, {'CONV': [128, 3]}), ({'CONV': [128, 3]}, {'CONV': [256, 3]}, {'POOLMAX': [-1, 2]}), ({'CONV': [256, 3]}, {'CONV': [256, 5]}), ({'CONV': [64, 5]}, {'CONV': [128, 3]}, {'POOLMAX': [-1, 2]}), ({'CONV': [128, 5]}, {'CONV': [256, 3]}), ({'CONV': [32, 5]}, {'CONV': [256, 5]}, {'POOLMAX': [-1, 2]}), {'GLOBAL_AVG': None}, {'LAST_DENSE': [100, 'softmax']}]",HHSE,NSGA2,,,,,0.7071191960300276,,,,4555271680,6311076,,,,,,"[14, 35, 2, 38, 53, 4, 45, 15]",0.715681798744032,-0.002006692475432,0.5,0.5,0.75,0.0,0.29,0,0,0,100,0,0.0,BEST,False,False,156,True,True,GREEDY,,,GREEDY_HV
BIWHSM[M],18,19,31,29,0.31,True,True,"[15, 47, 4, 38, 55, 28, 46, 15]",[],"[15.354609487830562, 47.60904776186321, 4.381530970573902, 38.18864636495218, 55.95587903521224, 28.149114898026326, 46.909189956497514, 15.13313474413808]","[{'INP': 32}, {'CONV': [64, 3]}, ({'CONV': [32, 5]}, {'CONV': [256, 5]}), ({'CONV': [128, 5]}, {'CONV': [256, 5]}, {'POOLMAX': [-1, 2]}), ({'CONV': [32, 3]}, {'CONV': [128, 3]}), ({'CONV': [128, 3]}, {'CONV': [256, 3]}, {'POOLMAX': [-1, 2]}), ({'CONV': [256, 3]}, {'CONV': [256, 5]}), ({'CONV': [64, 5]}, {'CONV': [128, 3]}, {'POOLMAX': [-1, 2]}), ({'CONV': [128, 5]}, {'CONV': [256, 3]}), ({'CONV': [32, 5]}, {'CONV': [256, 5]}, {'POOLMAX': [-1, 2]}), {'GLOBAL_AVG': None}, {'LAST_DENSE': [100, 'softmax']}]",HHSE,NSGA2,,,,,0.7071191960300276,,,,4555271680,6311076,,,,,,"[14, 35, 2, 38, 53, 4, 45, 15]",0.715685796164721,-0.0011999171337174,0.5,0.5,0.75,0.0,0.29,0,0,0,100,0,0.0,BEST,False,False,156,True,True,GREEDY,,,GREEDY_HV
BIWHSM[M],18,19,32,29,0.32,True,True,"[15, 47, 4, 38, 55, 28, 46, 15]",[],"[15.354609487830562, 47.60904776186321, 4.381530970573902, 38.18864636495218, 55.95587903521224, 28.149114898026326, 46.909189956497514, 15.13313474413808]","[{'INP': 32}, {'CONV': [64, 3]}, ({'CONV': [32, 5]}, {'CONV': [256, 5]}), ({'CONV': [128, 5]}, {'CONV': [256, 5]}, {'POOLMAX': [-1, 2]}), ({'CONV': [32, 3]}, {'CONV': [128, 3]}), ({'CONV': [128, 3]}, {'CONV': [256, 3]}, {'POOLMAX': [-1, 2]}), ({'CONV': [256, 3]}, {'CONV': [256, 5]}), ({'CONV': [64, 5]}, {'CONV': [128, 3]}, {'POOLMAX': [-1, 2]}), ({'CONV': [128, 5]}, {'CONV': [256, 3]}), ({'CONV': [32, 5]}, {'CONV': [256, 5]}, {'POOLMAX': [-1, 2]}), {'GLOBAL_AVG': None}, {'LAST_DENSE': [100, 'softmax']}]",HHSE,NSGA2,,,,,0.7071191960300276,,,,4555271680,6311076,,,,,,"[14, 35, 2, 38, 53, 4, 45, 15]",0.7157358138886254,-0.0012280415924409,0.5,0.5,0.75,0.0,0.29,0,0,0,100,0,0.0,BEST,False,False,156,True,True,GREEDY,,,GREEDY_HV
BIWHSM[M],18,19,33,29,0.33,True,True,"[15, 47, 4, 38, 55, 28, 46, 15]",[],"[15.354609487830562, 47.60904776186321, 4.381530970573902, 38.18864636495218, 55.95587903521224, 28.149114898026326, 46.909189956497514, 15.13313474413808]","[{'INP': 32}, {'CONV': [64, 3]}, ({'CONV': [32, 5]}, {'CONV': [256, 5]}), ({'CONV': [128, 5]}, {'CONV': [256, 5]}, {'POOLMAX': [-1, 2]}), ({'CONV': [32, 3]}, {'CONV': [128, 3]}), ({'CONV': [128, 3]}, {'CONV': [256, 3]}, {'POOLMAX': [-1, 2]}), ({'CONV': [256, 3]}, {'CONV': [256, 5]}), ({'CONV': [64, 5]}, {'CONV': [128, 3]}, {'POOLMAX': [-1, 2]}), ({'CONV': [128, 5]}, {'CONV': [256, 3]}), ({'CONV': [32, 5]}, {'CONV': [256, 5]}, {'POOLMAX': [-1, 2]}), {'GLOBAL_AVG': None}, {'LAST_DENSE': [100, 'softmax']}]",HHSE,NSGA2,,,,,0.7071191960300276,,,,4555271680,6311076,,,,,,"[14, 35, 2, 38, 53, 4, 45, 15]",0.7157993524092514,-9.190753030030584e-05,0.5,0.5,0.75,0.0,0.29,0,0,0,100,0,0.0,BEST,False,False,156,True,True,GREEDY,,,GREEDY_HV
BIWHSM[M],18,19,34,29,0.34,True,True,"[15, 47, 4, 38, 55, 28, 46, 15]",[],"[15.354609487830562, 47.60904776186321, 4.381530970573902, 38.18864636495218, 55.95587903521224, 28.149114898026326, 46.909189956497514, 15.13313474413808]","[{'INP': 32}, {'CONV': [64, 3]}, ({'CONV': [32, 5]}, {'CONV': [256, 5]}), ({'CONV': [128, 5]}, {'CONV': [256, 5]}, {'POOLMAX': [-1, 2]}), ({'CONV': [32, 3]}, {'CONV': [128, 3]}), ({'CONV': [128, 3]}, {'CONV': [256, 3]}, {'POOLMAX': [-1, 2]}), ({'CONV': [256, 3]}, {'CONV': [256, 5]}), ({'CONV': [64, 5]}, {'CONV': [128, 3]}, {'POOLMAX': [-1, 2]}), ({'CONV': [128, 5]}, {'CONV': [256, 3]}), ({'CONV': [32, 5]}, {'CONV': [256, 5]}, {'POOLMAX': [-1, 2]}), {'GLOBAL_AVG': None}, {'LAST_DENSE': [100, 'softmax']}]",HHSE,NSGA2,,,,,0.7071191960300276,,,,4555271680,6311076,,,,,,"[14, 35, 2, 38, 53, 4, 45, 15]",0.7159823494953012,-0.00145946138028,0.5,0.5,0.75,0.0,0.29,0,0,0,100,0,0.0,BEST,False,False,156,True,True,GREEDY,,,GREEDY_HV
BIWHSM[M],18,19,35,29,0.35,True,True,"[15, 47, 4, 38, 55, 28, 46, 15]",[],"[15.354609487830562, 47.60904776186321, 4.381530970573902, 38.18864636495218, 55.95587903521224, 28.149114898026326, 46.909189956497514, 15.13313474413808]","[{'INP': 32}, {'CONV': [64, 3]}, ({'CONV': [32, 5]}, {'CONV': [256, 5]}), ({'CONV': [128, 5]}, {'CONV': [256, 5]}, {'POOLMAX': [-1, 2]}), ({'CONV': [32, 3]}, {'CONV': [128, 3]}), ({'CONV': [128, 3]}, {'CONV': [256, 3]}, {'POOLMAX': [-1, 2]}), ({'CONV': [256, 3]}, {'CONV': [256, 5]}), ({'CONV': [64, 5]}, {'CONV': [128, 3]}, {'POOLMAX': [-1, 2]}), ({'CONV': [128, 5]}, {'CONV': [256, 3]}), ({'CONV': [32, 5]}, {'CONV': [256, 5]}, {'POOLMAX': [-1, 2]}), {'GLOBAL_AVG': None}, {'LAST_DENSE': [100, 'softmax']}]",HHSE,NSGA2,,,,,0.7071191960300276,,,,4555271680,6311076,,,,,,"[14, 35, 2, 38, 53, 4, 45, 15]",0.7160339457850933,-0.0008868705077669,0.5,0.5,0.75,0.0,0.29,0,0,0,100,0,0.0,BEST,False,False,156,True,True,GREEDY,,,GREEDY_HV
BIWHSM[M],18,19,36,29,0.36,True,True,"[15, 47, 4, 38, 55, 28, 46, 15]",[],"[15.354609487830562, 47.60904776186321, 4.381530970573902, 38.18864636495218, 55.95587903521224, 28.149114898026326, 46.909189956497514, 15.13313474413808]","[{'INP': 32}, {'CONV': [64, 3]}, ({'CONV': [32, 5]}, {'CONV': [256, 5]}), ({'CONV': [128, 5]}, {'CONV': [256, 5]}, {'POOLMAX': [-1, 2]}), ({'CONV': [32, 3]}, {'CONV': [128, 3]}), ({'CONV': [128, 3]}, {'CONV': [256, 3]}, {'POOLMAX': [-1, 2]}), ({'CONV': [256, 3]}, {'CONV': [256, 5]}), ({'CONV': [64, 5]}, {'CONV': [128, 3]}, {'POOLMAX': [-1, 2]}), ({'CONV': [128, 5]}, {'CONV': [256, 3]}), ({'CONV': [32, 5]}, {'CONV': [256, 5]}, {'POOLMAX': [-1, 2]}), {'GLOBAL_AVG': None}, {'LAST_DENSE': [100, 'softmax']}]",HHSE,NSGA2,,,,,0.7071191960300276,,,,4555271680,6311076,,,,,,"[14, 35, 2, 38, 53, 4, 45, 15]",0.7165838722495194,-0.0007979848434591,0.5,0.5,0.75,0.0,0.29,0,0,0,100,0,0.0,BEST,False,False,156,True,True,GREEDY,,,GREEDY_HV
BIWHSM[M],18,19,37,29,0.37,True,True,"[15, 47, 4, 38, 55, 28, 46, 15]",[],"[15.354609487830562, 47.60904776186321, 4.381530970573902, 38.18864636495218, 55.95587903521224, 28.149114898026326, 46.909189956497514, 15.13313474413808]","[{'INP': 32}, {'CONV': [64, 3]}, ({'CONV': [32, 5]}, {'CONV': [256, 5]}), ({'CONV': [128, 5]}, {'CONV': [256, 5]}, {'POOLMAX': [-1, 2]}), ({'CONV': [32, 3]}, {'CONV': [128, 3]}), ({'CONV': [128, 3]}, {'CONV': [256, 3]}, {'POOLMAX': [-1, 2]}), ({'CONV': [256, 3]}, {'CONV': [256, 5]}), ({'CONV': [64, 5]}, {'CONV': [128, 3]}, {'POOLMAX': [-1, 2]}), ({'CONV': [128, 5]}, {'CONV': [256, 3]}), ({'CONV': [32, 5]}, {'CONV': [256, 5]}, {'POOLMAX': [-1, 2]}), {'GLOBAL_AVG': None}, {'LAST_DENSE': [100, 'softmax']}]",HHSE,NSGA2,,,,,0.7071191960300276,,,,4555271680,6311076,,,,,,"[14, 35, 2, 38, 53, 4, 45, 15]",0.7166043849786119,-0.0014782804924311,0.5,0.5,0.75,0.0,0.29,0,0,0,100,0,0.0,BEST,False,False,156,True,True,GREEDY,,,GREEDY_HV
BIWHSM[M],18,19,38,29,0.38,True,True,"[15, 47, 4, 38, 55, 28, 46, 15]",[],"[15.354609487830562, 47.60904776186321, 4.381530970573902, 38.18864636495218, 55.95587903521224, 28.149114898026326, 46.909189956497514, 15.13313474413808]","[{'INP': 32}, {'CONV': [64, 3]}, ({'CONV': [32, 5]}, {'CONV': [256, 5]}), ({'CONV': [128, 5]}, {'CONV': [256, 5]}, {'POOLMAX': [-1, 2]}), ({'CONV': [32, 3]}, {'CONV': [128, 3]}), ({'CONV': [128, 3]}, {'CONV': [256, 3]}, {'POOLMAX': [-1, 2]}), ({'CONV': [256, 3]}, {'CONV': [256, 5]}), ({'CONV': [64, 5]}, {'CONV': [128, 3]}, {'POOLMAX': [-1, 2]}), ({'CONV': [128, 5]}, {'CONV': [256, 3]}), ({'CONV': [32, 5]}, {'CONV': [256, 5]}, {'POOLMAX': [-1, 2]}), {'GLOBAL_AVG': None}, {'LAST_DENSE': [100, 'softmax']}]",HHSE,NSGA2,,,,,0.7071191960300276,,,,4555271680,6311076,,,,,,"[14, 35, 2, 38, 53, 4, 45, 15]",0.716791638947472,-0.0012339344553881,0.5,0.5,0.75,0.0,0.29,0,0,0,100,0,0.0,BEST,False,False,156,True,True,GREEDY,,,GREEDY_HV
BIWHSM[M],18,19,39,29,0.39,True,True,"[15, 47, 4, 38, 55, 28, 46, 15]",[],"[15.354609487830562, 47.60904776186321, 4.381530970573902, 38.18864636495218, 55.95587903521224, 28.149114898026326, 46.909189956497514, 15.13313474413808]","[{'INP': 32}, {'CONV': [64, 3]}, ({'CONV': [32, 5]}, {'CONV': [256, 5]}), ({'CONV': [128, 5]}, {'CONV': [256, 5]}, {'POOLMAX': [-1, 2]}), ({'CONV': [32, 3]}, {'CONV': [128, 3]}), ({'CONV': [128, 3]}, {'CONV': [256, 3]}, {'POOLMAX': [-1, 2]}), ({'CONV': [256, 3]}, {'CONV': [256, 5]}), ({'CONV': [64, 5]}, {'CONV': [128, 3]}, {'POOLMAX': [-1, 2]}), ({'CONV': [128, 5]}, {'CONV': [256, 3]}), ({'CONV': [32, 5]}, {'CONV': [256, 5]}, {'POOLMAX': [-1, 2]}), {'GLOBAL_AVG': None}, {'LAST_DENSE': [100, 'softmax']}]",HHSE,NSGA2,,,,,0.7071191960300276,,,,4555271680,6311076,,,,,,"[14, 35, 2, 38, 53, 4, 45, 15]",0.7168020771663788,-0.0006109098647614,0.5,0.5,0.75,0.0,0.29,0,0,0,100,0,0.0,BEST,False,False,156,True,True,GREEDY,,,GREEDY_HV
BIWHSM[M],18,19,40,29,0.4,True,True,"[15, 47, 4, 38, 55, 28, 46, 15]",[],"[15.354609487830562, 47.60904776186321, 4.381530970573902, 38.18864636495218, 55.95587903521224, 28.149114898026326, 46.909189956497514, 15.13313474413808]","[{'INP': 32}, {'CONV': [64, 3]}, ({'CONV': [32, 5]}, {'CONV': [256, 5]}), ({'CONV': [128, 5]}, {'CONV': [256, 5]}, {'POOLMAX': [-1, 2]}), ({'CONV': [32, 3]}, {'CONV': [128, 3]}), ({'CONV': [128, 3]}, {'CONV': [256, 3]}, {'POOLMAX': [-1, 2]}), ({'CONV': [256, 3]}, {'CONV': [256, 5]}), ({'CONV': [64, 5]}, {'CONV': [128, 3]}, {'POOLMAX': [-1, 2]}), ({'CONV': [128, 5]}, {'CONV': [256, 3]}), ({'CONV': [32, 5]}, {'CONV': [256, 5]}, {'POOLMAX': [-1, 2]}), {'GLOBAL_AVG': None}, {'LAST_DENSE': [100, 'softmax']}]",HHSE,NSGA2,,,,,0.7071191960300276,,,,4555271680,6311076,,,,,,"[14, 35, 2, 38, 53, 4, 45, 15]",0.7188239517627244,0.000131934022909,0.5,0.5,0.75,0.0,0.29,0,0,0,100,0,0.0,BEST,False,False,156,True,True,GREEDY,,,GREEDY_HV
BIWHSM[M],18,19,41,29,0.41,True,True,"[15, 47, 4, 38, 55, 28, 46, 15]",[],"[15.354609487830562, 47.60904776186321, 4.381530970573902, 38.18864636495218, 55.95587903521224, 28.149114898026326, 46.909189956497514, 15.13313474413808]","[{'INP': 32}, {'CONV': [64, 3]}, ({'CONV': [32, 5]}, {'CONV': [256, 5]}), ({'CONV': [128, 5]}, {'CONV': [256, 5]}, {'POOLMAX': [-1, 2]}), ({'CONV': [32, 3]}, {'CONV': [128, 3]}), ({'CONV': [128, 3]}, {'CONV': [256, 3]}, {'POOLMAX': [-1, 2]}), ({'CONV': [256, 3]}, {'CONV': [256, 5]}), ({'CONV': [64, 5]}, {'CONV': [128, 3]}, {'POOLMAX': [-1, 2]}), ({'CONV': [128, 5]}, {'CONV': [256, 3]}), ({'CONV': [32, 5]}, {'CONV': [256, 5]}, {'POOLMAX': [-1, 2]}), {'GLOBAL_AVG': None}, {'LAST_DENSE': [100, 'softmax']}]",HHSE,NSGA2,,,,,0.7071191960300276,,,,4555271680,6311076,,,,,,"[14, 35, 2, 38, 53, 4, 45, 15]",0.7185142243322059,-0.0019075759066852,0.5,0.5,0.75,0.0,0.29,0,0,0,100,0,0.0,BEST,False,False,156,True,True,GREEDY,,,GREEDY_HV
BIWHSM[M],18,19,42,29,0.42,True,True,"[15, 47, 4, 38, 55, 28, 46, 15]",[],"[15.354609487830562, 47.60904776186321, 4.381530970573902, 38.18864636495218, 55.95587903521224, 28.149114898026326, 46.909189956497514, 15.13313474413808]","[{'INP': 32}, {'CONV': [64, 3]}, ({'CONV': [32, 5]}, {'CONV': [256, 5]}), ({'CONV': [128, 5]}, {'CONV': [256, 5]}, {'POOLMAX': [-1, 2]}), ({'CONV': [32, 3]}, {'CONV': [128, 3]}), ({'CONV': [128, 3]}, {'CONV': [256, 3]}, {'POOLMAX': [-1, 2]}), ({'CONV': [256, 3]}, {'CONV': [256, 5]}), ({'CONV': [64, 5]}, {'CONV': [128, 3]}, {'POOLMAX': [-1, 2]}), ({'CONV': [128, 5]}, {'CONV': [256, 3]}), ({'CONV': [32, 5]}, {'CONV': [256, 5]}, {'POOLMAX': [-1, 2]}), {'GLOBAL_AVG': None}, {'LAST_DENSE': [100, 'softmax']}]",HHSE,NSGA2,,,,,0.7071191960300276,,,,4555271680,6311076,,,,,,"[14, 35, 2, 38, 53, 4, 45, 15]",0.7188511465406621,-0.0001675300169015,0.5,0.5,0.75,0.0,0.29,0,0,0,100,0,0.0,BEST,False,False,156,True,True,GREEDY,,,GREEDY_HV
BIWHSM[M],18,19,43,29,0.43,True,True,"[15, 47, 4, 38, 55, 28, 46, 15]",[],"[15.354609487830562, 47.60904776186321, 4.381530970573902, 38.18864636495218, 55.95587903521224, 28.149114898026326, 46.909189956497514, 15.13313474413808]","[{'INP': 32}, {'CONV': [64, 3]}, ({'CONV': [32, 5]}, {'CONV': [256, 5]}), ({'CONV': [128, 5]}, {'CONV': [256, 5]}, {'POOLMAX': [-1, 2]}), ({'CONV': [32, 3]}, {'CONV': [128, 3]}), ({'CONV': [128, 3]}, {'CONV': [256, 3]}, {'POOLMAX': [-1, 2]}), ({'CONV': [256, 3]}, {'CONV': [256, 5]}), ({'CONV': [64, 5]}, {'CONV': [128, 3]}, {'POOLMAX': [-1, 2]}), ({'CONV': [128, 5]}, {'CONV': [256, 3]}), ({'CONV': [32, 5]}, {'CONV': [256, 5]}, {'POOLMAX': [-1, 2]}), {'GLOBAL_AVG': None}, {'LAST_DENSE': [100, 'softmax']}]",HHSE,NSGA2,,,,,0.7071191960300276,,,,4555271680,6311076,,,,,,"[14, 35, 2, 38, 53, 4, 45, 15]",0.718532759294954,-0.0010621170593465,0.5,0.5,0.75,0.0,0.29,0,0,0,100,0,0.0,BEST,False,False,156,True,True,GREEDY,,,GREEDY_HV
BIWHSM[M],18,19,44,29,0.44,True,True,"[15, 47, 4, 38, 55, 28, 46, 15]",[],"[15.354609487830562, 47.60904776186321, 4.381530970573902, 38.18864636495218, 55.95587903521224, 28.149114898026326, 46.909189956497514, 15.13313474413808]","[{'INP': 32}, {'CONV': [64, 3]}, ({'CONV': [32, 5]}, {'CONV': [256, 5]}), ({'CONV': [128, 5]}, {'CONV': [256, 5]}, {'POOLMAX': [-1, 2]}), ({'CONV': [32, 3]}, {'CONV': [128, 3]}), ({'CONV': [128, 3]}, {'CONV': [256, 3]}, {'POOLMAX': [-1, 2]}), ({'CONV': [256, 3]}, {'CONV': [256, 5]}), ({'CONV': [64, 5]}, {'CONV': [128, 3]}, {'POOLMAX': [-1, 2]}), ({'CONV': [128, 5]}, {'CONV': [256, 3]}), ({'CONV': [32, 5]}, {'CONV': [256, 5]}, {'POOLMAX': [-1, 2]}), {'GLOBAL_AVG': None}, {'LAST_DENSE': [100, 'softmax']}]",HHSE,NSGA2,,,,,0.7071191960300276,,,,4555271680,6311076,,,,,,"[14, 35, 2, 38, 53, 4, 45, 15]",0.7193835440259205,-0.0002482688585482,0.5,0.5,0.75,0.0,0.29,0,1,0,100,0,0.01,BEST,False,False,156,True,True,GREEDY,,,GREEDY_HV
BIWHSM[M],18,19,45,29,0.45,True,True,"[15, 47, 4, 38, 55, 28, 46, 15]",[],"[15.354609487830562, 47.60904776186321, 4.381530970573902, 38.18864636495218, 55.95587903521224, 28.149114898026326, 46.909189956497514, 15.13313474413808]","[{'INP': 32}, {'CONV': [64, 3]}, ({'CONV': [32, 5]}, {'CONV': [256, 5]}), ({'CONV': [128, 5]}, {'CONV': [256, 5]}, {'POOLMAX': [-1, 2]}), ({'CONV': [32, 3]}, {'CONV': [128, 3]}), ({'CONV': [128, 3]}, {'CONV': [256, 3]}, {'POOLMAX': [-1, 2]}), ({'CONV': [256, 3]}, {'CONV': [256, 5]}), ({'CONV': [64, 5]}, {'CONV': [128, 3]}, {'POOLMAX': [-1, 2]}), ({'CONV': [128, 5]}, {'CONV': [256, 3]}), ({'CONV': [32, 5]}, {'CONV': [256, 5]}, {'POOLMAX': [-1, 2]}), {'GLOBAL_AVG': None}, {'LAST_DENSE': [100, 'softmax']}]",HHSE,NSGA2,,,,,0.7071191960300276,,,,4555271680,6311076,,,,,,"[14, 35, 2, 38, 53, 4, 45, 15]",0.7185624315450729,-0.0004910073783453,0.5,0.5,0.75,0.0,0.29,0,0,0,100,0,0.0,BEST,False,False,156,True,True,GREEDY,,,GREEDY_HV
BIWHSM[M],18,19,46,29,0.46,True,True,"[15, 47, 4, 38, 55, 28, 46, 15]",[],"[15.354609487830562, 47.60904776186321, 4.381530970573902, 38.18864636495218, 55.95587903521224, 28.149114898026326, 46.909189956497514, 15.13313474413808]","[{'INP': 32}, {'CONV': [64, 3]}, ({'CONV': [32, 5]}, {'CONV': [256, 5]}), ({'CONV': [128, 5]}, {'CONV': [256, 5]}, {'POOLMAX': [-1, 2]}), ({'CONV': [32, 3]}, {'CONV': [128, 3]}), ({'CONV': [128, 3]}, {'CONV': [256, 3]}, {'POOLMAX': [-1, 2]}), ({'CONV': [256, 3]}, {'CONV': [256, 5]}), ({'CONV': [64, 5]}, {'CONV': [128, 3]}, {'POOLMAX': [-1, 2]}), ({'CONV': [128, 5]}, {'CONV': [256, 3]}), ({'CONV': [32, 5]}, {'CONV': [256, 5]}, {'POOLMAX': [-1, 2]}), {'GLOBAL_AVG': None}, {'LAST_DENSE': [100, 'softmax']}]",HHSE,NSGA2,,,,,0.7071191960300276,,,,4555271680,6311076,,,,,,"[14, 35, 2, 38, 53, 4, 45, 15]",0.7190137563465238,-0.0001170950316613,0.5,0.5,0.75,0.0,0.29,0,0,0,100,0,0.0,BEST,False,False,156,True,True,GREEDY,,,GREEDY_HV
BIWHSM[M],18,19,47,29,0.47,True,True,"[15, 47, 4, 38, 55, 28, 46, 15]",[],"[15.354609487830562, 47.60904776186321, 4.381530970573902, 38.18864636495218, 55.95587903521224, 28.149114898026326, 46.909189956497514, 15.13313474413808]","[{'INP': 32}, {'CONV': [64, 3]}, ({'CONV': [32, 5]}, {'CONV': [256, 5]}), ({'CONV': [128, 5]}, {'CONV': [256, 5]}, {'POOLMAX': [-1, 2]}), ({'CONV': [32, 3]}, {'CONV': [128, 3]}), ({'CONV': [128, 3]}, {'CONV': [256, 3]}, {'POOLMAX': [-1, 2]}), ({'CONV': [256, 3]}, {'CONV': [256, 5]}), ({'CONV': [64, 5]}, {'CONV': [128, 3]}, {'POOLMAX': [-1, 2]}), ({'CONV': [128, 5]}, {'CONV': [256, 3]}), ({'CONV': [32, 5]}, {'CONV': [256, 5]}, {'POOLMAX': [-1, 2]}), {'GLOBAL_AVG': None}, {'LAST_DENSE': [100, 'softmax']}]",HHSE,NSGA2,,,,,0.7071191960300276,,,,4555271680,6311076,,,,,,"[14, 35, 2, 38, 53, 4, 45, 15]",0.718989847789949,-0.0007103018978354,0.5,0.5,0.75,0.0,0.29,0,0,0,100,0,0.0,BEST,False,False,156,True,True,GREEDY,,,GREEDY_HV
BIWHSM[M],18,19,48,29,0.48,True,True,"[15, 47, 4, 38, 55, 28, 46, 15]",[],"[15.354609487830562, 47.60904776186321, 4.381530970573902, 38.18864636495218, 55.95587903521224, 28.149114898026326, 46.909189956497514, 15.13313474413808]","[{'INP': 32}, {'CONV': [64, 3]}, ({'CONV': [32, 5]}, {'CONV': [256, 5]}), ({'CONV': [128, 5]}, {'CONV': [256, 5]}, {'POOLMAX': [-1, 2]}), ({'CONV': [32, 3]}, {'CONV': [128, 3]}), ({'CONV': [128, 3]}, {'CONV': [256, 3]}, {'POOLMAX': [-1, 2]}), ({'CONV': [256, 3]}, {'CONV': [256, 5]}), ({'CONV': [64, 5]}, {'CONV': [128, 3]}, {'POOLMAX': [-1, 2]}), ({'CONV': [128, 5]}, {'CONV': [256, 3]}), ({'CONV': [32, 5]}, {'CONV': [256, 5]}, {'POOLMAX': [-1, 2]}), {'GLOBAL_AVG': None}, {'LAST_DENSE': [100, 'softmax']}]",HHSE,NSGA2,,,,,0.7071191960300276,,,,4555271680,6311076,,,,,,"[14, 35, 2, 38, 53, 4, 45, 15]",0.7190689399673071,-0.0007856310540659,0.5,0.5,0.75,0.0,0.29,0,1,0,100,0,0.01,BEST,False,False,156,True,True,GREEDY,,,GREEDY_HV
BIWHSM[M],18,19,49,29,0.49,True,True,"[15, 47, 4, 38, 55, 28, 46, 15]",[],"[15.354609487830562, 47.60904776186321, 4.381530970573902, 38.18864636495218, 55.95587903521224, 28.149114898026326, 46.909189956497514, 15.13313474413808]","[{'INP': 32}, {'CONV': [64, 3]}, ({'CONV': [32, 5]}, {'CONV': [256, 5]}), ({'CONV': [128, 5]}, {'CONV': [256, 5]}, {'POOLMAX': [-1, 2]}), ({'CONV': [32, 3]}, {'CONV': [128, 3]}), ({'CONV': [128, 3]}, {'CONV': [256, 3]}, {'POOLMAX': [-1, 2]}), ({'CONV': [256, 3]}, {'CONV': [256, 5]}), ({'CONV': [64, 5]}, {'CONV': [128, 3]}, {'POOLMAX': [-1, 2]}), ({'CONV': [128, 5]}, {'CONV': [256, 3]}), ({'CONV': [32, 5]}, {'CONV': [256, 5]}, {'POOLMAX': [-1, 2]}), {'GLOBAL_AVG': None}, {'LAST_DENSE': [100, 'softmax']}]",HHSE,NSGA2,,,,,0.7071191960300276,,,,4555271680,6311076,,,,,,"[14, 35, 2, 38, 53, 4, 45, 15]",0.7190615302911116,-0.0015413076363288,0.5,0.5,0.75,0.0,0.29,0,0,0,100,0,0.0,BEST,False,False,156,True,True,GREEDY,,,GREEDY_HV
BIWHSM[M],18,19,50,29,0.5,True,True,"[15, 47, 4, 38, 55, 28, 46, 15]",[],"[15.354609487830562, 47.60904776186321, 4.381530970573902, 38.18864636495218, 55.95587903521224, 28.149114898026326, 46.909189956497514, 15.13313474413808]","[{'INP': 32}, {'CONV': [64, 3]}, ({'CONV': [32, 5]}, {'CONV': [256, 5]}), ({'CONV': [128, 5]}, {'CONV': [256, 5]}, {'POOLMAX': [-1, 2]}), ({'CONV': [32, 3]}, {'CONV': [128, 3]}), ({'CONV': [128, 3]}, {'CONV': [256, 3]}, {'POOLMAX': [-1, 2]}), ({'CONV': [256, 3]}, {'CONV': [256, 5]}), ({'CONV': [64, 5]}, {'CONV': [128, 3]}, {'POOLMAX': [-1, 2]}), ({'CONV': [128, 5]}, {'CONV': [256, 3]}), ({'CONV': [32, 5]}, {'CONV': [256, 5]}, {'POOLMAX': [-1, 2]}), {'GLOBAL_AVG': None}, {'LAST_DENSE': [100, 'softmax']}]",HHSE,NSGA2,,,,,0.7071191960300276,,,,4555271680,6311076,,,,,,"[14, 35, 2, 38, 53, 4, 45, 15]",0.7192523267875154,-0.0007828316594873,0.5,0.5,0.75,0.0,0.29,0,0,0,100,0,0.0,BEST,False,False,156,True,True,GREEDY,,,GREEDY_HV
BIWHSM[M],18,19,51,29,0.51,True,True,"[15, 47, 4, 38, 55, 28, 46, 15]",[],"[15.354609487830562, 47.60904776186321, 4.381530970573902, 38.18864636495218, 55.95587903521224, 28.149114898026326, 46.909189956497514, 15.13313474413808]","[{'INP': 32}, {'CONV': [64, 3]}, ({'CONV': [32, 5]}, {'CONV': [256, 5]}), ({'CONV': [128, 5]}, {'CONV': [256, 5]}, {'POOLMAX': [-1, 2]}), ({'CONV': [32, 3]}, {'CONV': [128, 3]}), ({'CONV': [128, 3]}, {'CONV': [256, 3]}, {'POOLMAX': [-1, 2]}), ({'CONV': [256, 3]}, {'CONV': [256, 5]}), ({'CONV': [64, 5]}, {'CONV': [128, 3]}, {'POOLMAX': [-1, 2]}), ({'CONV': [128, 5]}, {'CONV': [256, 3]}), ({'CONV': [32, 5]}, {'CONV': [256, 5]}, {'POOLMAX': [-1, 2]}), {'GLOBAL_AVG': None}, {'LAST_DENSE': [100, 'softmax']}]",HHSE,NSGA2,,,,,0.7071191960300276,,,,4555271680,6311076,,,,,,"[14, 35, 2, 38, 53, 4, 45, 15]",0.7190652750034772,-0.0008889492786448,0.5,0.5,0.75,0.0,0.29,0,0,0,100,0,0.0,BEST,False,False,156,True,True,GREEDY,,,GREEDY_HV
BIWHSM[M],18,19,52,29,0.52,True,True,"[15, 47, 4, 38, 55, 28, 46, 15]",[],"[15.354609487830562, 47.60904776186321, 4.381530970573902, 38.18864636495218, 55.95587903521224, 28.149114898026326, 46.909189956497514, 15.13313474413808]","[{'INP': 32}, {'CONV': [64, 3]}, ({'CONV': [32, 5]}, {'CONV': [256, 5]}), ({'CONV': [128, 5]}, {'CONV': [256, 5]}, {'POOLMAX': [-1, 2]}), ({'CONV': [32, 3]}, {'CONV': [128, 3]}), ({'CONV': [128, 3]}, {'CONV': [256, 3]}, {'POOLMAX': [-1, 2]}), ({'CONV': [256, 3]}, {'CONV': [256, 5]}), ({'CONV': [64, 5]}, {'CONV': [128, 3]}, {'POOLMAX': [-1, 2]}), ({'CONV': [128, 5]}, {'CONV': [256, 3]}), ({'CONV': [32, 5]}, {'CONV': [256, 5]}, {'POOLMAX': [-1, 2]}), {'GLOBAL_AVG': None}, {'LAST_DENSE': [100, 'softmax']}]",HHSE,NSGA2,,,,,0.7071191960300276,,,,4555271680,6311076,,,,,,"[14, 35, 2, 38, 53, 4, 45, 15]",0.7191644267735543,-3.7398065264593328e-06,0.5,0.5,0.75,0.0,0.29,0,1,0,100,0,0.01,BEST,False,False,156,True,True,GREEDY,,,GREEDY_HV
BIWHSM[M],18,19,53,29,0.53,True,True,"[15, 47, 4, 38, 55, 28, 46, 15]",[],"[15.354609487830562, 47.60904776186321, 4.381530970573902, 38.18864636495218, 55.95587903521224, 28.149114898026326, 46.909189956497514, 15.13313474413808]","[{'INP': 32}, {'CONV': [64, 3]}, ({'CONV': [32, 5]}, {'CONV': [256, 5]}), ({'CONV': [128, 5]}, {'CONV': [256, 5]}, {'POOLMAX': [-1, 2]}), ({'CONV': [32, 3]}, {'CONV': [128, 3]}), ({'CONV': [128, 3]}, {'CONV': [256, 3]}, {'POOLMAX': [-1, 2]}), ({'CONV': [256, 3]}, {'CONV': [256, 5]}), ({'CONV': [64, 5]}, {'CONV': [128, 3]}, {'POOLMAX': [-1, 2]}), ({'CONV': [128, 5]}, {'CONV': [256, 3]}), ({'CONV': [32, 5]}, {'CONV': [256, 5]}, {'POOLMAX': [-1, 2]}), {'GLOBAL_AVG': None}, {'LAST_DENSE': [100, 'softmax']}]",HHSE,NSGA2,,,,,0.7071191960300276,,,,4555271680,6311076,,,,,,"[14, 35, 2, 38, 53, 4, 45, 15]",0.7191496316150161,-0.0003947637177685,0.5,0.5,0.75,0.0,0.29,0,0,0,100,0,0.0,BEST,False,False,156,True,True,GREEDY,,,GREEDY_HV
BIWHSM[M],18,19,54,29,0.54,True,True,"[15, 47, 4, 38, 55, 28, 46, 15]",[],"[15.354609487830562, 47.60904776186321, 4.381530970573902, 38.18864636495218, 55.95587903521224, 28.149114898026326, 46.909189956497514, 15.13313474413808]","[{'INP': 32}, {'CONV': [64, 3]}, ({'CONV': [32, 5]}, {'CONV': [256, 5]}), ({'CONV': [128, 5]}, {'CONV': [256, 5]}, {'POOLMAX': [-1, 2]}), ({'CONV': [32, 3]}, {'CONV': [128, 3]}), ({'CONV': [128, 3]}, {'CONV': [256, 3]}, {'POOLMAX': [-1, 2]}), ({'CONV': [256, 3]}, {'CONV': [256, 5]}), ({'CONV': [64, 5]}, {'CONV': [128, 3]}, {'POOLMAX': [-1, 2]}), ({'CONV': [128, 5]}, {'CONV': [256, 3]}), ({'CONV': [32, 5]}, {'CONV': [256, 5]}, {'POOLMAX': [-1, 2]}), {'GLOBAL_AVG': None}, {'LAST_DENSE': [100, 'softmax']}]",HHSE,NSGA2,,,,,0.7071191960300276,,,,4555271680,6311076,,,,,,"[14, 35, 2, 38, 53, 4, 45, 15]",0.7192032935046027,-0.0014197010023579,0.5,0.5,0.75,0.0,0.29,0,0,0,100,0,0.0,BEST,False,False,156,True,True,GREEDY,,,GREEDY_HV
BIWHSM[M],18,19,55,29,0.55,True,True,"[15, 47, 4, 38, 55, 28, 46, 15]",[],"[15.354609487830562, 47.60904776186321, 4.381530970573902, 38.18864636495218, 55.95587903521224, 28.149114898026326, 46.909189956497514, 15.13313474413808]","[{'INP': 32}, {'CONV': [64, 3]}, ({'CONV': [32, 5]}, {'CONV': [256, 5]}), ({'CONV': [128, 5]}, {'CONV': [256, 5]}, {'POOLMAX': [-1, 2]}), ({'CONV': [32, 3]}, {'CONV': [128, 3]}), ({'CONV': [128, 3]}, {'CONV': [256, 3]}, {'POOLMAX': [-1, 2]}), ({'CONV': [256, 3]}, {'CONV': [256, 5]}), ({'CONV': [64, 5]}, {'CONV': [128, 3]}, {'POOLMAX': [-1, 2]}), ({'CONV': [128, 5]}, {'CONV': [256, 3]}), ({'CONV': [32, 5]}, {'CONV': [256, 5]}, {'POOLMAX': [-1, 2]}), {'GLOBAL_AVG': None}, {'LAST_DENSE': [100, 'softmax']}]",HHSE,NSGA2,,,,,0.7071191960300276,,,,4555271680,6311076,,,,,,"[14, 35, 2, 38, 53, 4, 45, 15]",0.7194537827183702,-0.0008444403622334,0.5,0.5,0.75,0.0,0.29,0,0,0,100,0,0.0,BEST,False,False,156,True,True,GREEDY,,,GREEDY_HV
BIWHSM[M],18,19,56,29,0.56,True,True,"[15, 47, 4, 38, 55, 28, 46, 15]",[],"[15.354609487830562, 47.60904776186321, 4.381530970573902, 38.18864636495218, 55.95587903521224, 28.149114898026326, 46.909189956497514, 15.13313474413808]","[{'INP': 32}, {'CONV': [64, 3]}, ({'CONV': [32, 5]}, {'CONV': [256, 5]}), ({'CONV': [128, 5]}, {'CONV': [256, 5]}, {'POOLMAX': [-1, 2]}), ({'CONV': [32, 3]}, {'CONV': [128, 3]}), ({'CONV': [128, 3]}, {'CONV': [256, 3]}, {'POOLMAX': [-1, 2]}), ({'CONV': [256, 3]}, {'CONV': [256, 5]}), ({'CONV': [64, 5]}, {'CONV': [128, 3]}, {'POOLMAX': [-1, 2]}), ({'CONV': [128, 5]}, {'CONV': [256, 3]}), ({'CONV': [32, 5]}, {'CONV': [256, 5]}, {'POOLMAX': [-1, 2]}), {'GLOBAL_AVG': None}, {'LAST_DENSE': [100, 'softmax']}]",HHSE,NSGA2,,,,,0.7071191960300276,,,,4555271680,6311076,,,,,,"[14, 35, 2, 38, 53, 4, 45, 15]",0.7191620463867616,-0.0009886116057191,0.5,0.5,0.75,0.0,0.29,0,0,0,100,0,0.0,BEST,False,False,156,True,True,GREEDY,,,GREEDY_HV
BIWHSM[M],18,19,57,29,0.57,True,True,"[15, 47, 4, 38, 55, 28, 46, 15]",[],"[15.354609487830562, 47.60904776186321, 4.381530970573902, 38.18864636495218, 55.95587903521224, 28.149114898026326, 46.909189956497514, 15.13313474413808]","[{'INP': 32}, {'CONV': [64, 3]}, ({'CONV': [32, 5]}, {'CONV': [256, 5]}), ({'CONV': [128, 5]}, {'CONV': [256, 5]}, {'POOLMAX': [-1, 2]}), ({'CONV': [32, 3]}, {'CONV': [128, 3]}), ({'CONV': [128, 3]}, {'CONV': [256, 3]}, {'POOLMAX': [-1, 2]}), ({'CONV': [256, 3]}, {'CONV': [256, 5]}), ({'CONV': [64, 5]}, {'CONV': [128, 3]}, {'POOLMAX': [-1, 2]}), ({'CONV': [128, 5]}, {'CONV': [256, 3]}), ({'CONV': [32, 5]}, {'CONV': [256, 5]}, {'POOLMAX': [-1, 2]}), {'GLOBAL_AVG': None}, {'LAST_DENSE': [100, 'softmax']}]",HHSE,NSGA2,,,,,0.7071191960300276,,,,4555271680,6311076,,,,,,"[14, 35, 2, 38, 53, 4, 45, 15]",0.7191589707961977,-0.0007538003266659,0.5,0.5,0.75,0.0,0.29,0,0,0,100,0,0.0,BEST,False,False,156,True,True,GREEDY,,,GREEDY_HV
BIWHSM[M],18,19,58,29,0.58,True,True,"[15, 47, 4, 38, 55, 28, 46, 15]",[],"[15.354609487830562, 47.60904776186321, 4.381530970573902, 38.18864636495218, 55.95587903521224, 28.149114898026326, 46.909189956497514, 15.13313474413808]","[{'INP': 32}, {'CONV': [64, 3]}, ({'CONV': [32, 5]}, {'CONV': [256, 5]}), ({'CONV': [128, 5]}, {'CONV': [256, 5]}, {'POOLMAX': [-1, 2]}), ({'CONV': [32, 3]}, {'CONV': [128, 3]}), ({'CONV': [128, 3]}, {'CONV': [256, 3]}, {'POOLMAX': [-1, 2]}), ({'CONV': [256, 3]}, {'CONV': [256, 5]}), ({'CONV': [64, 5]}, {'CONV': [128, 3]}, {'POOLMAX': [-1, 2]}), ({'CONV': [128, 5]}, {'CONV': [256, 3]}), ({'CONV': [32, 5]}, {'CONV': [256, 5]}, {'POOLMAX': [-1, 2]}), {'GLOBAL_AVG': None}, {'LAST_DENSE': [100, 'softmax']}]",HHSE,NSGA2,,,,,0.7071191960300276,,,,4555271680,6311076,,,,,,"[14, 35, 2, 38, 53, 4, 45, 15]",0.7193845921355729,-0.0020103369536238,0.5,0.5,0.75,0.0,0.29,0,0,0,100,0,0.0,BEST,False,False,156,True,True,GREEDY,,,GREEDY_HV
BIWHSM[M],18,19,59,29,0.59,True,True,"[15, 47, 4, 38, 55, 28, 46, 15]",[],"[15.354609487830562, 47.60904776186321, 4.381530970573902, 38.18864636495218, 55.95587903521224, 28.149114898026326, 46.909189956497514, 15.13313474413808]","[{'INP': 32}, {'CONV': [64, 3]}, ({'CONV': [32, 5]}, {'CONV': [256, 5]}), ({'CONV': [128, 5]}, {'CONV': [256, 5]}, {'POOLMAX': [-1, 2]}), ({'CONV': [32, 3]}, {'CONV': [128, 3]}), ({'CONV': [128, 3]}, {'CONV': [256, 3]}, {'POOLMAX': [-1, 2]}), ({'CONV': [256, 3]}, {'CONV': [256, 5]}), ({'CONV': [64, 5]}, {'CONV': [128, 3]}, {'POOLMAX': [-1, 2]}), ({'CONV': [128, 5]}, {'CONV': [256, 3]}), ({'CONV': [32, 5]}, {'CONV': [256, 5]}, {'POOLMAX': [-1, 2]}), {'GLOBAL_AVG': None}, {'LAST_DENSE': [100, 'softmax']}]",HHSE,NSGA2,,,,,0.7071191960300276,,,,4555271680,6311076,,,,,,"[14, 35, 2, 38, 53, 4, 45, 15]",0.7197327443741427,-0.0026855948912353,0.5,0.5,0.75,0.0,0.29,0,0,0,100,0,0.0,BEST,False,False,156,True,True,GREEDY,,,GREEDY_HV
BIWHSM[M],18,19,60,29,0.6,True,True,"[15, 47, 4, 38, 55, 28, 46, 15]",[],"[15.354609487830562, 47.60904776186321, 4.381530970573902, 38.18864636495218, 55.95587903521224, 28.149114898026326, 46.909189956497514, 15.13313474413808]","[{'INP': 32}, {'CONV': [64, 3]}, ({'CONV': [32, 5]}, {'CONV': [256, 5]}), ({'CONV': [128, 5]}, {'CONV': [256, 5]}, {'POOLMAX': [-1, 2]}), ({'CONV': [32, 3]}, {'CONV': [128, 3]}), ({'CONV': [128, 3]}, {'CONV': [256, 3]}, {'POOLMAX': [-1, 2]}), ({'CONV': [256, 3]}, {'CONV': [256, 5]}), ({'CONV': [64, 5]}, {'CONV': [128, 3]}, {'POOLMAX': [-1, 2]}), ({'CONV': [128, 5]}, {'CONV': [256, 3]}), ({'CONV': [32, 5]}, {'CONV': [256, 5]}, {'POOLMAX': [-1, 2]}), {'GLOBAL_AVG': None}, {'LAST_DENSE': [100, 'softmax']}]",HHSE,NSGA2,,,,,0.7071191960300276,,,,4555271680,6311076,,,,,,"[14, 35, 2, 38, 53, 4, 45, 15]",0.7197465657444224,-0.0012318391890507,0.5,0.5,0.75,0.0,0.29,0,0,0,100,0,0.0,BEST,False,False,156,True,True,GREEDY,,,GREEDY_HV
BIWHSM[M],18,19,61,29,0.61,True,True,"[15, 47, 4, 38, 55, 28, 46, 15]",[],"[15.354609487830562, 47.60904776186321, 4.381530970573902, 38.18864636495218, 55.95587903521224, 28.149114898026326, 46.909189956497514, 15.13313474413808]","[{'INP': 32}, {'CONV': [64, 3]}, ({'CONV': [32, 5]}, {'CONV': [256, 5]}), ({'CONV': [128, 5]}, {'CONV': [256, 5]}, {'POOLMAX': [-1, 2]}), ({'CONV': [32, 3]}, {'CONV': [128, 3]}), ({'CONV': [128, 3]}, {'CONV': [256, 3]}, {'POOLMAX': [-1, 2]}), ({'CONV': [256, 3]}, {'CONV': [256, 5]}), ({'CONV': [64, 5]}, {'CONV': [128, 3]}, {'POOLMAX': [-1, 2]}), ({'CONV': [128, 5]}, {'CONV': [256, 3]}), ({'CONV': [32, 5]}, {'CONV': [256, 5]}, {'POOLMAX': [-1, 2]}), {'GLOBAL_AVG': None}, {'LAST_DENSE': [100, 'softmax']}]",HHSE,NSGA2,,,,,0.7071191960300276,,,,4555271680,6311076,,,,,,"[14, 35, 2, 38, 53, 4, 45, 15]",0.7201898272398899,-0.0002501484919947,0.5,0.5,0.75,0.0,0.29,0,1,0,100,0,0.01,BEST,False,False,156,True,True,GREEDY,,,GREEDY_HV
BIWHSM[M],18,19,62,29,0.62,True,True,"[15, 47, 4, 38, 55, 28, 46, 15]",[],"[15.354609487830562, 47.60904776186321, 4.381530970573902, 38.18864636495218, 55.95587903521224, 28.149114898026326, 46.909189956497514, 15.13313474413808]","[{'INP': 32}, {'CONV': [64, 3]}, ({'CONV': [32, 5]}, {'CONV': [256, 5]}), ({'CONV': [128, 5]}, {'CONV': [256, 5]}, {'POOLMAX': [-1, 2]}), ({'CONV': [32, 3]}, {'CONV': [128, 3]}), ({'CONV': [128, 3]}, {'CONV': [256, 3]}, {'POOLMAX': [-1, 2]}), ({'CONV': [256, 3]}, {'CONV': [256, 5]}), ({'CONV': [64, 5]}, {'CONV': [128, 3]}, {'POOLMAX': [-1, 2]}), ({'CONV': [128, 5]}, {'CONV': [256, 3]}), ({'CONV': [32, 5]}, {'CONV': [256, 5]}, {'POOLMAX': [-1, 2]}), {'GLOBAL_AVG': None}, {'LAST_DENSE': [100, 'softmax']}]",HHSE,NSGA2,,,,,0.7071191960300276,,,,4555271680,6311076,,,,,,"[14, 35, 2, 38, 53, 4, 45, 15]",0.7198374600724335,-0.0011832239737246,0.5,0.5,0.75,0.0,0.29,0,0,0,100,0,0.0,BEST,False,False,156,True,True,GREEDY,,,GREEDY_HV
BIWHSM[M],18,19,63,29,0.63,True,True,"[15, 47, 4, 38, 55, 28, 46, 15]",[],"[15.354609487830562, 47.60904776186321, 4.381530970573902, 38.18864636495218, 55.95587903521224, 28.149114898026326, 46.909189956497514, 15.13313474413808]","[{'INP': 32}, {'CONV': [64, 3]}, ({'CONV': [32, 5]}, {'CONV': [256, 5]}), ({'CONV': [128, 5]}, {'CONV': [256, 5]}, {'POOLMAX': [-1, 2]}), ({'CONV': [32, 3]}, {'CONV': [128, 3]}), ({'CONV': [128, 3]}, {'CONV': [256, 3]}, {'POOLMAX': [-1, 2]}), ({'CONV': [256, 3]}, {'CONV': [256, 5]}), ({'CONV': [64, 5]}, {'CONV': [128, 3]}, {'POOLMAX': [-1, 2]}), ({'CONV': [128, 5]}, {'CONV': [256, 3]}), ({'CONV': [32, 5]}, {'CONV': [256, 5]}, {'POOLMAX': [-1, 2]}), {'GLOBAL_AVG': None}, {'LAST_DENSE': [100, 'softmax']}]",HHSE,NSGA2,,,,,0.7071191960300276,,,,4555271680,6311076,,,,,,"[14, 35, 2, 38, 53, 4, 45, 15]",0.7216769690726453,0.001389127474646,0.5,0.5,0.75,0.0,0.29,0,1,0,100,0,0.01,BEST,False,False,156,True,True,GREEDY,,,GREEDY_HV
BIWHSM[M],18,19,64,29,0.64,True,True,"[15, 47, 4, 38, 55, 28, 46, 15]",[],"[15.354609487830562, 47.60904776186321, 4.381530970573902, 38.18864636495218, 55.95587903521224, 28.149114898026326, 46.909189956497514, 15.13313474413808]","[{'INP': 32}, {'CONV': [64, 3]}, ({'CONV': [32, 5]}, {'CONV': [256, 5]}), ({'CONV': [128, 5]}, {'CONV': [256, 5]}, {'POOLMAX': [-1, 2]}), ({'CONV': [32, 3]}, {'CONV': [128, 3]}), ({'CONV': [128, 3]}, {'CONV': [256, 3]}, {'POOLMAX': [-1, 2]}), ({'CONV': [256, 3]}, {'CONV': [256, 5]}), ({'CONV': [64, 5]}, {'CONV': [128, 3]}, {'POOLMAX': [-1, 2]}), ({'CONV': [128, 5]}, {'CONV': [256, 3]}), ({'CONV': [32, 5]}, {'CONV': [256, 5]}, {'POOLMAX': [-1, 2]}), {'GLOBAL_AVG': None}, {'LAST_DENSE': [100, 'softmax']}]",HHSE,NSGA2,,,,,0.7071191960300276,,,,4555271680,6311076,,,,,,"[14, 35, 2, 38, 53, 4, 45, 15]",0.7200553723824691,-0.0002064796354709,0.5,0.5,0.75,0.0,0.29,0,0,0,100,0,0.0,BEST,False,False,156,True,True,GREEDY,,,GREEDY_HV
BIWHSM[M],18,19,65,29,0.65,True,True,"[15, 47, 4, 38, 55, 28, 46, 15]",[],"[15.354609487830562, 47.60904776186321, 4.381530970573902, 38.18864636495218, 55.95587903521224, 28.149114898026326, 46.909189956497514, 15.13313474413808]","[{'INP': 32}, {'CONV': [64, 3]}, ({'CONV': [32, 5]}, {'CONV': [256, 5]}), ({'CONV': [128, 5]}, {'CONV': [256, 5]}, {'POOLMAX': [-1, 2]}), ({'CONV': [32, 3]}, {'CONV': [128, 3]}), ({'CONV': [128, 3]}, {'CONV': [256, 3]}, {'POOLMAX': [-1, 2]}), ({'CONV': [256, 3]}, {'CONV': [256, 5]}), ({'CONV': [64, 5]}, {'CONV': [128, 3]}, {'POOLMAX': [-1, 2]}), ({'CONV': [128, 5]}, {'CONV': [256, 3]}), ({'CONV': [32, 5]}, {'CONV': [256, 5]}, {'POOLMAX': [-1, 2]}), {'GLOBAL_AVG': None}, {'LAST_DENSE': [100, 'softmax']}]",HHSE,NSGA2,,,,,0.7071191960300276,,,,4555271680,6311076,,,,,,"[14, 35, 2, 38, 53, 4, 45, 15]",0.7199125357482766,-0.0013729832473092,0.5,0.5,0.75,0.0,0.29,0,0,0,100,0,0.0,BEST,False,False,156,True,True,GREEDY,,,GREEDY_HV
BIWHSM[M],18,19,66,29,0.66,True,True,"[15, 47, 4, 38, 55, 28, 46, 15]",[],"[15.354609487830562, 47.60904776186321, 4.381530970573902, 38.18864636495218, 55.95587903521224, 28.149114898026326, 46.909189956497514, 15.13313474413808]","[{'INP': 32}, {'CONV': [64, 3]}, ({'CONV': [32, 5]}, {'CONV': [256, 5]}), ({'CONV': [128, 5]}, {'CONV': [256, 5]}, {'POOLMAX': [-1, 2]}), ({'CONV': [32, 3]}, {'CONV': [128, 3]}), ({'CONV': [128, 3]}, {'CONV': [256, 3]}, {'POOLMAX': [-1, 2]}), ({'CONV': [256, 3]}, {'CONV': [256, 5]}), ({'CONV': [64, 5]}, {'CONV': [128, 3]}, {'POOLMAX': [-1, 2]}), ({'CONV': [128, 5]}, {'CONV': [256, 3]}), ({'CONV': [32, 5]}, {'CONV': [256, 5]}, {'POOLMAX': [-1, 2]}), {'GLOBAL_AVG': None}, {'LAST_DENSE': [100, 'softmax']}]",HHSE,NSGA2,,,,,0.7071191960300276,,,,4555271680,6311076,,,,,,"[14, 35, 2, 38, 53, 4, 45, 15]",0.7199405565231758,-0.0006546400871946,0.5,0.5,0.75,0.0,0.29,0,0,0,100,0,0.0,BEST,False,False,156,True,True,GREEDY,,,GREEDY_HV
BIWHSM[M],18,19,67,29,0.67,True,True,"[15, 47, 4, 38, 55, 28, 46, 15]",[],"[15.354609487830562, 47.60904776186321, 4.381530970573902, 38.18864636495218, 55.95587903521224, 28.149114898026326, 46.909189956497514, 15.13313474413808]","[{'INP': 32}, {'CONV': [64, 3]}, ({'CONV': [32, 5]}, {'CONV': [256, 5]}), ({'CONV': [128, 5]}, {'CONV': [256, 5]}, {'POOLMAX': [-1, 2]}), ({'CONV': [32, 3]}, {'CONV': [128, 3]}), ({'CONV': [128, 3]}, {'CONV': [256, 3]}, {'POOLMAX': [-1, 2]}), ({'CONV': [256, 3]}, {'CONV': [256, 5]}), ({'CONV': [64, 5]}, {'CONV': [128, 3]}, {'POOLMAX': [-1, 2]}), ({'CONV': [128, 5]}, {'CONV': [256, 3]}), ({'CONV': [32, 5]}, {'CONV': [256, 5]}, {'POOLMAX': [-1, 2]}), {'GLOBAL_AVG': None}, {'LAST_DENSE': [100, 'softmax']}]",HHSE,NSGA2,,,,,0.7071191960300276,,,,4555271680,6311076,,,,,,"[14, 35, 2, 38, 53, 4, 45, 15]",0.7200308757242393,-0.0007633039612218,0.5,0.5,0.75,0.0,0.29,0,0,0,100,0,0.0,BEST,False,False,156,True,True,GREEDY,,,GREEDY_HV
BIWHSM[M],18,19,68,29,0.68,True,True,"[15, 47, 4, 38, 55, 28, 46, 15]",[],"[15.354609487830562, 47.60904776186321, 4.381530970573902, 38.18864636495218, 55.95587903521224, 28.149114898026326, 46.909189956497514, 15.13313474413808]","[{'INP': 32}, {'CONV': [64, 3]}, ({'CONV': [32, 5]}, {'CONV': [256, 5]}), ({'CONV': [128, 5]}, {'CONV': [256, 5]}, {'POOLMAX': [-1, 2]}), ({'CONV': [32, 3]}, {'CONV': [128, 3]}), ({'CONV': [128, 3]}, {'CONV': [256, 3]}, {'POOLMAX': [-1, 2]}), ({'CONV': [256, 3]}, {'CONV': [256, 5]}), ({'CONV': [64, 5]}, {'CONV': [128, 3]}, {'POOLMAX': [-1, 2]}), ({'CONV': [128, 5]}, {'CONV': [256, 3]}), ({'CONV': [32, 5]}, {'CONV': [256, 5]}, {'POOLMAX': [-1, 2]}), {'GLOBAL_AVG': None}, {'LAST_DENSE': [100, 'softmax']}]",HHSE,NSGA2,,,,,0.7071191960300276,,,,4555271680,6311076,,,,,,"[14, 35, 2, 38, 53, 4, 45, 15]",0.7204894235748107,-0.0007268526129906,0.5,0.5,0.75,0.0,0.29,0,0,0,100,0,0.0,BEST,False,False,156,True,True,GREEDY,,,GREEDY_HV
BIWHSM[M],18,19,69,29,0.69,True,True,"[15, 47, 4, 38, 55, 28, 46, 15]",[],"[15.354609487830562, 47.60904776186321, 4.381530970573902, 38.18864636495218, 55.95587903521224, 28.149114898026326, 46.909189956497514, 15.13313474413808]","[{'INP': 32}, {'CONV': [64, 3]}, ({'CONV': [32, 5]}, {'CONV': [256, 5]}), ({'CONV': [128, 5]}, {'CONV': [256, 5]}, {'POOLMAX': [-1, 2]}), ({'CONV': [32, 3]}, {'CONV': [128, 3]}), ({'CONV': [128, 3]}, {'CONV': [256, 3]}, {'POOLMAX': [-1, 2]}), ({'CONV': [256, 3]}, {'CONV': [256, 5]}), ({'CONV': [64, 5]}, {'CONV': [128, 3]}, {'POOLMAX': [-1, 2]}), ({'CONV': [128, 5]}, {'CONV': [256, 3]}), ({'CONV': [32, 5]}, {'CONV': [256, 5]}, {'POOLMAX': [-1, 2]}), {'GLOBAL_AVG': None}, {'LAST_DENSE': [100, 'softmax']}]",HHSE,NSGA2,,,,,0.7071191960300276,,,,4555271680,6311076,,,,,,"[14, 35, 2, 38, 53, 4, 45, 15]",0.7205266694900535,-0.0002545738900073,0.5,0.5,0.75,0.0,0.29,0,0,0,100,0,0.0,BEST,False,False,156,True,True,GREEDY,,,GREEDY_HV
BIWHSM[M],18,19,70,29,0.7,True,True,"[15, 47, 4, 38, 55, 28, 46, 15]",[],"[15.354609487830562, 47.60904776186321, 4.381530970573902, 38.18864636495218, 55.95587903521224, 28.149114898026326, 46.909189956497514, 15.13313474413808]","[{'INP': 32}, {'CONV': [64, 3]}, ({'CONV': [32, 5]}, {'CONV': [256, 5]}), ({'CONV': [128, 5]}, {'CONV': [256, 5]}, {'POOLMAX': [-1, 2]}), ({'CONV': [32, 3]}, {'CONV': [128, 3]}), ({'CONV': [128, 3]}, {'CONV': [256, 3]}, {'POOLMAX': [-1, 2]}), ({'CONV': [256, 3]}, {'CONV': [256, 5]}), ({'CONV': [64, 5]}, {'CONV': [128, 3]}, {'POOLMAX': [-1, 2]}), ({'CONV': [128, 5]}, {'CONV': [256, 3]}), ({'CONV': [32, 5]}, {'CONV': [256, 5]}, {'POOLMAX': [-1, 2]}), {'GLOBAL_AVG': None}, {'LAST_DENSE': [100, 'softmax']}]",HHSE,NSGA2,,,,,0.7071191960300276,,,,4555271680,6311076,,,,,,"[14, 35, 2, 38, 53, 4, 45, 15]",0.7205317873920645,-0.0022709782093759,0.5,0.5,0.75,0.0,0.29,0,0,0,100,0,0.0,BEST,False,False,156,True,True,GREEDY,,,GREEDY_HV
BIWHSM[M],18,19,71,29,0.71,True,True,"[15, 47, 4, 38, 55, 28, 46, 15]",[],"[15.354609487830562, 47.60904776186321, 4.381530970573902, 38.18864636495218, 55.95587903521224, 28.149114898026326, 46.909189956497514, 15.13313474413808]","[{'INP': 32}, {'CONV': [64, 3]}, ({'CONV': [32, 5]}, {'CONV': [256, 5]}), ({'CONV': [128, 5]}, {'CONV': [256, 5]}, {'POOLMAX': [-1, 2]}), ({'CONV': [32, 3]}, {'CONV': [128, 3]}), ({'CONV': [128, 3]}, {'CONV': [256, 3]}, {'POOLMAX': [-1, 2]}), ({'CONV': [256, 3]}, {'CONV': [256, 5]}), ({'CONV': [64, 5]}, {'CONV': [128, 3]}, {'POOLMAX': [-1, 2]}), ({'CONV': [128, 5]}, {'CONV': [256, 3]}), ({'CONV': [32, 5]}, {'CONV': [256, 5]}, {'POOLMAX': [-1, 2]}), {'GLOBAL_AVG': None}, {'LAST_DENSE': [100, 'softmax']}]",HHSE,NSGA2,,,,,0.7071191960300276,,,,4555271680,6311076,,,,,,"[14, 35, 2, 38, 53, 4, 45, 15]",0.7205917655892518,-0.001192981056119,0.5,0.5,0.75,0.0,0.29,0,0,0,100,0,0.0,BEST,False,False,156,True,True,GREEDY,,,GREEDY_HV
BIWHSM[M],18,19,72,29,0.72,True,True,"[15, 47, 4, 38, 55, 28, 46, 15]",[],"[15.354609487830562, 47.60904776186321, 4.381530970573902, 38.18864636495218, 55.95587903521224, 28.149114898026326, 46.909189956497514, 15.13313474413808]","[{'INP': 32}, {'CONV': [64, 3]}, ({'CONV': [32, 5]}, {'CONV': [256, 5]}), ({'CONV': [128, 5]}, {'CONV': [256, 5]}, {'POOLMAX': [-1, 2]}), ({'CONV': [32, 3]}, {'CONV': [128, 3]}), ({'CONV': [128, 3]}, {'CONV': [256, 3]}, {'POOLMAX': [-1, 2]}), ({'CONV': [256, 3]}, {'CONV': [256, 5]}), ({'CONV': [64, 5]}, {'CONV': [128, 3]}, {'POOLMAX': [-1, 2]}), ({'CONV': [128, 5]}, {'CONV': [256, 3]}), ({'CONV': [32, 5]}, {'CONV': [256, 5]}, {'POOLMAX': [-1, 2]}), {'GLOBAL_AVG': None}, {'LAST_DENSE': [100, 'softmax']}]",HHSE,NSGA2,,,,,0.7071191960300276,,,,4555271680,6311076,,,,,,"[14, 35, 2, 38, 53, 4, 45, 15]",0.7206043633779212,-0.0003977614224159,0.5,0.5,0.75,0.0,0.29,0,0,0,100,0,0.0,BEST,False,False,156,True,True,GREEDY,,,GREEDY_HV
BIWHSM[M],18,19,73,29,0.73,True,True,"[15, 47, 4, 38, 55, 28, 46, 15]",[],"[15.354609487830562, 47.60904776186321, 4.381530970573902, 38.18864636495218, 55.95587903521224, 28.149114898026326, 46.909189956497514, 15.13313474413808]","[{'INP': 32}, {'CONV': [64, 3]}, ({'CONV': [32, 5]}, {'CONV': [256, 5]}), ({'CONV': [128, 5]}, {'CONV': [256, 5]}, {'POOLMAX': [-1, 2]}), ({'CONV': [32, 3]}, {'CONV': [128, 3]}), ({'CONV': [128, 3]}, {'CONV': [256, 3]}, {'POOLMAX': [-1, 2]}), ({'CONV': [256, 3]}, {'CONV': [256, 5]}), ({'CONV': [64, 5]}, {'CONV': [128, 3]}, {'POOLMAX': [-1, 2]}), ({'CONV': [128, 5]}, {'CONV': [256, 3]}), ({'CONV': [32, 5]}, {'CONV': [256, 5]}, {'POOLMAX': [-1, 2]}), {'GLOBAL_AVG': None}, {'LAST_DENSE': [100, 'softmax']}]",HHSE,NSGA2,,,,,0.7071191960300276,,,,4555271680,6311076,,,,,,"[14, 35, 2, 38, 53, 4, 45, 15]",0.7206245450029098,-0.0001151882405595,0.5,0.5,0.75,0.0,0.29,0,0,0,100,0,0.0,BEST,False,False,156,True,True,GREEDY,,,GREEDY_HV
BIWHSM[M],18,19,74,29,0.74,True,True,"[15, 47, 4, 38, 55, 28, 46, 15]",[],"[15.354609487830562, 47.60904776186321, 4.381530970573902, 38.18864636495218, 55.95587903521224, 28.149114898026326, 46.909189956497514, 15.13313474413808]","[{'INP': 32}, {'CONV': [64, 3]}, ({'CONV': [32, 5]}, {'CONV': [256, 5]}), ({'CONV': [128, 5]}, {'CONV': [256, 5]}, {'POOLMAX': [-1, 2]}), ({'CONV': [32, 3]}, {'CONV': [128, 3]}), ({'CONV': [128, 3]}, {'CONV': [256, 3]}, {'POOLMAX': [-1, 2]}), ({'CONV': [256, 3]}, {'CONV': [256, 5]}), ({'CONV': [64, 5]}, {'CONV': [128, 3]}, {'POOLMAX': [-1, 2]}), ({'CONV': [128, 5]}, {'CONV': [256, 3]}), ({'CONV': [32, 5]}, {'CONV': [256, 5]}, {'POOLMAX': [-1, 2]}), {'GLOBAL_AVG': None}, {'LAST_DENSE': [100, 'softmax']}]",HHSE,NSGA2,,,,,0.7071191960300276,,,,4555271680,6311076,,,,,,"[14, 35, 2, 38, 53, 4, 45, 15]",0.7206367786043832,-0.0024542572194331,0.5,0.5,0.75,0.0,0.29,0,0,0,100,0,0.0,BEST,False,False,156,True,True,GREEDY,,,GREEDY_HV
BIWHSM[M],18,19,75,29,0.75,True,True,"[15, 47, 4, 38, 55, 28, 46, 15]",[],"[15.354609487830562, 47.60904776186321, 4.381530970573902, 38.18864636495218, 55.95587903521224, 28.149114898026326, 46.909189956497514, 15.13313474413808]","[{'INP': 32}, {'CONV': [64, 3]}, ({'CONV': [32, 5]}, {'CONV': [256, 5]}), ({'CONV': [128, 5]}, {'CONV': [256, 5]}, {'POOLMAX': [-1, 2]}), ({'CONV': [32, 3]}, {'CONV': [128, 3]}), ({'CONV': [128, 3]}, {'CONV': [256, 3]}, {'POOLMAX': [-1, 2]}), ({'CONV': [256, 3]}, {'CONV': [256, 5]}), ({'CONV': [64, 5]}, {'CONV': [128, 3]}, {'POOLMAX': [-1, 2]}), ({'CONV': [128, 5]}, {'CONV': [256, 3]}), ({'CONV': [32, 5]}, {'CONV': [256, 5]}, {'POOLMAX': [-1, 2]}), {'GLOBAL_AVG': None}, {'LAST_DENSE': [100, 'softmax']}]",HHSE,NSGA2,,,,,0.7071191960300276,,,,4555271680,6311076,,,,,,"[14, 35, 2, 38, 53, 4, 45, 15]",0.7209199555078541,-0.0016892850627889,0.5,0.5,0.75,0.0,0.29,0,1,0,100,0,0.01,BEST,False,False,156,True,True,GREEDY,,,GREEDY_HV
BIWHSM[M],18,19,76,29,0.76,True,True,"[15, 47, 4, 38, 55, 28, 46, 15]",[],"[15.354609487830562, 47.60904776186321, 4.381530970573902, 38.18864636495218, 55.95587903521224, 28.149114898026326, 46.909189956497514, 15.13313474413808]","[{'INP': 32}, {'CONV': [64, 3]}, ({'CONV': [32, 5]}, {'CONV': [256, 5]}), ({'CONV': [128, 5]}, {'CONV': [256, 5]}, {'POOLMAX': [-1, 2]}), ({'CONV': [32, 3]}, {'CONV': [128, 3]}), ({'CONV': [128, 3]}, {'CONV': [256, 3]}, {'POOLMAX': [-1, 2]}), ({'CONV': [256, 3]}, {'CONV': [256, 5]}), ({'CONV': [64, 5]}, {'CONV': [128, 3]}, {'POOLMAX': [-1, 2]}), ({'CONV': [128, 5]}, {'CONV': [256, 3]}), ({'CONV': [32, 5]}, {'CONV': [256, 5]}, {'POOLMAX': [-1, 2]}), {'GLOBAL_AVG': None}, {'LAST_DENSE': [100, 'softmax']}]",HHSE,NSGA2,,,,,0.7071191960300276,,,,4555271680,6311076,,,,,,"[14, 35, 2, 38, 53, 4, 45, 15]",0.7231000847512797,-0.000250319771429,0.5,0.5,0.75,0.0,0.29,0,0,0,100,0,0.0,BEST,False,False,156,True,True,GREEDY,,,GREEDY_HV
BIWHSM[M],18,19,77,29,0.77,True,True,"[15, 47, 4, 38, 55, 28, 46, 15]",[],"[15.354609487830562, 47.60904776186321, 4.381530970573902, 38.18864636495218, 55.95587903521224, 28.149114898026326, 46.909189956497514, 15.13313474413808]","[{'INP': 32}, {'CONV': [64, 3]}, ({'CONV': [32, 5]}, {'CONV': [256, 5]}), ({'CONV': [128, 5]}, {'CONV': [256, 5]}, {'POOLMAX': [-1, 2]}), ({'CONV': [32, 3]}, {'CONV': [128, 3]}), ({'CONV': [128, 3]}, {'CONV': [256, 3]}, {'POOLMAX': [-1, 2]}), ({'CONV': [256, 3]}, {'CONV': [256, 5]}), ({'CONV': [64, 5]}, {'CONV': [128, 3]}, {'POOLMAX': [-1, 2]}), ({'CONV': [128, 5]}, {'CONV': [256, 3]}), ({'CONV': [32, 5]}, {'CONV': [256, 5]}, {'POOLMAX': [-1, 2]}), {'GLOBAL_AVG': None}, {'LAST_DENSE': [100, 'softmax']}]",HHSE,NSGA2,,,,,0.7071191960300276,,,,4555271680,6311076,,,,,,"[14, 35, 2, 38, 53, 4, 45, 15]",0.7230675559704184,-2.8906334675338208e-05,0.5,0.5,0.75,0.0,0.29,0,1,0,100,0,0.01,BEST,False,False,156,True,True,GREEDY,,,GREEDY_HV
BIWHSM[M],18,19,78,29,0.78,True,True,"[15, 47, 4, 38, 55, 28, 46, 15]",[],"[15.354609487830562, 47.60904776186321, 4.381530970573902, 38.18864636495218, 55.95587903521224, 28.149114898026326, 46.909189956497514, 15.13313474413808]","[{'INP': 32}, {'CONV': [64, 3]}, ({'CONV': [32, 5]}, {'CONV': [256, 5]}), ({'CONV': [128, 5]}, {'CONV': [256, 5]}, {'POOLMAX': [-1, 2]}), ({'CONV': [32, 3]}, {'CONV': [128, 3]}), ({'CONV': [128, 3]}, {'CONV': [256, 3]}, {'POOLMAX': [-1, 2]}), ({'CONV': [256, 3]}, {'CONV': [256, 5]}), ({'CONV': [64, 5]}, {'CONV': [128, 3]}, {'POOLMAX': [-1, 2]}), ({'CONV': [128, 5]}, {'CONV': [256, 3]}), ({'CONV': [32, 5]}, {'CONV': [256, 5]}, {'POOLMAX': [-1, 2]}), {'GLOBAL_AVG': None}, {'LAST_DENSE': [100, 'softmax']}]",HHSE,NSGA2,,,,,0.7071191960300276,,,,4555271680,6311076,,,,,,"[14, 35, 2, 38, 53, 4, 45, 15]",0.7231112008426177,-5.7529216753615664e-05,0.5,0.5,0.75,0.0,0.29,0,1,0,100,0,0.01,BEST,False,False,156,True,True,GREEDY,,,GREEDY_HV
BIWHSM[M],18,19,79,29,0.79,True,True,"[15, 47, 4, 38, 55, 28, 46, 15]",[],"[15.354609487830562, 47.60904776186321, 4.381530970573902, 38.18864636495218, 55.95587903521224, 28.149114898026326, 46.909189956497514, 15.13313474413808]","[{'INP': 32}, {'CONV': [64, 3]}, ({'CONV': [32, 5]}, {'CONV': [256, 5]}), ({'CONV': [128, 5]}, {'CONV': [256, 5]}, {'POOLMAX': [-1, 2]}), ({'CONV': [32, 3]}, {'CONV': [128, 3]}), ({'CONV': [128, 3]}, {'CONV': [256, 3]}, {'POOLMAX': [-1, 2]}), ({'CONV': [256, 3]}, {'CONV': [256, 5]}), ({'CONV': [64, 5]}, {'CONV': [128, 3]}, {'POOLMAX': [-1, 2]}), ({'CONV': [128, 5]}, {'CONV': [256, 3]}), ({'CONV': [32, 5]}, {'CONV': [256, 5]}, {'POOLMAX': [-1, 2]}), {'GLOBAL_AVG': None}, {'LAST_DENSE': [100, 'softmax']}]",HHSE,NSGA2,,,,,0.7071191960300276,,,,4555271680,6311076,,,,,,"[14, 35, 2, 38, 53, 4, 45, 15]",0.7231147619471965,-7.685756203179572e-05,0.5,0.5,0.75,0.0,0.29,0,0,0,100,0,0.0,BEST,False,False,156,True,True,GREEDY,,,GREEDY_HV
BIWHSM[M],18,19,80,29,0.8,True,True,"[15, 47, 4, 38, 55, 28, 46, 15]",[],"[15.354609487830562, 47.60904776186321, 4.381530970573902, 38.18864636495218, 55.95587903521224, 28.149114898026326, 46.909189956497514, 15.13313474413808]","[{'INP': 32}, {'CONV': [64, 3]}, ({'CONV': [32, 5]}, {'CONV': [256, 5]}), ({'CONV': [128, 5]}, {'CONV': [256, 5]}, {'POOLMAX': [-1, 2]}), ({'CONV': [32, 3]}, {'CONV': [128, 3]}), ({'CONV': [128, 3]}, {'CONV': [256, 3]}, {'POOLMAX': [-1, 2]}), ({'CONV': [256, 3]}, {'CONV': [256, 5]}), ({'CONV': [64, 5]}, {'CONV': [128, 3]}, {'POOLMAX': [-1, 2]}), ({'CONV': [128, 5]}, {'CONV': [256, 3]}), ({'CONV': [32, 5]}, {'CONV': [256, 5]}, {'POOLMAX': [-1, 2]}), {'GLOBAL_AVG': None}, {'LAST_DENSE': [100, 'softmax']}]",HHSE,NSGA2,,,,,0.7071191960300276,,,,4555271680,6311076,,,,,,"[14, 35, 2, 38, 53, 4, 45, 15]",0.7231265507977624,-0.0013175648000449,0.5,0.5,0.75,0.0,0.29,0,0,0,100,0,0.0,BEST,False,False,156,True,True,GREEDY,,,GREEDY_HV
BIWHSM[M],18,19,81,29,0.81,True,True,"[15, 47, 4, 38, 55, 28, 46, 15]",[],"[15.354609487830562, 47.60904776186321, 4.381530970573902, 38.18864636495218, 55.95587903521224, 28.149114898026326, 46.909189956497514, 15.13313474413808]","[{'INP': 32}, {'CONV': [64, 3]}, ({'CONV': [32, 5]}, {'CONV': [256, 5]}), ({'CONV': [128, 5]}, {'CONV': [256, 5]}, {'POOLMAX': [-1, 2]}), ({'CONV': [32, 3]}, {'CONV': [128, 3]}), ({'CONV': [128, 3]}, {'CONV': [256, 3]}, {'POOLMAX': [-1, 2]}), ({'CONV': [256, 3]}, {'CONV': [256, 5]}), ({'CONV': [64, 5]}, {'CONV': [128, 3]}, {'POOLMAX': [-1, 2]}), ({'CONV': [128, 5]}, {'CONV': [256, 3]}), ({'CONV': [32, 5]}, {'CONV': [256, 5]}, {'POOLMAX': [-1, 2]}), {'GLOBAL_AVG': None}, {'LAST_DENSE': [100, 'softmax']}]",HHSE,NSGA2,,,,,0.7071191960300276,,,,4555271680,6311076,,,,,,"[14, 35, 2, 38, 53, 4, 45, 15]",0.7231569183630819,-0.0006141792105978,0.5,0.5,0.75,0.0,0.29,0,0,0,100,0,0.0,BEST,False,False,156,True,True,GREEDY,,,GREEDY_HV
BIWHSM[M],18,19,82,29,0.82,True,True,"[15, 47, 4, 38, 55, 28, 46, 15]",[],"[15.354609487830562, 47.60904776186321, 4.381530970573902, 38.18864636495218, 55.95587903521224, 28.149114898026326, 46.909189956497514, 15.13313474413808]","[{'INP': 32}, {'CONV': [64, 3]}, ({'CONV': [32, 5]}, {'CONV': [256, 5]}), ({'CONV': [128, 5]}, {'CONV': [256, 5]}, {'POOLMAX': [-1, 2]}), ({'CONV': [32, 3]}, {'CONV': [128, 3]}), ({'CONV': [128, 3]}, {'CONV': [256, 3]}, {'POOLMAX': [-1, 2]}), ({'CONV': [256, 3]}, {'CONV': [256, 5]}), ({'CONV': [64, 5]}, {'CONV': [128, 3]}, {'POOLMAX': [-1, 2]}), ({'CONV': [128, 5]}, {'CONV': [256, 3]}), ({'CONV': [32, 5]}, {'CONV': [256, 5]}, {'POOLMAX': [-1, 2]}), {'GLOBAL_AVG': None}, {'LAST_DENSE': [100, 'softmax']}]",HHSE,NSGA2,,,,,0.7071191960300276,,,,4555271680,6311076,,,,,,"[14, 35, 2, 38, 53, 4, 45, 15]",0.7233763790230587,-0.0001017525062068,0.5,0.5,0.75,0.0,0.29,0,0,0,100,0,0.0,BEST,False,False,156,True,True,GREEDY,,,GREEDY_HV
BIWHSM[M],18,19,83,29,0.83,True,True,"[15, 47, 4, 38, 55, 28, 46, 15]",[],"[15.354609487830562, 47.60904776186321, 4.381530970573902, 38.18864636495218, 55.95587903521224, 28.149114898026326, 46.909189956497514, 15.13313474413808]","[{'INP': 32}, {'CONV': [64, 3]}, ({'CONV': [32, 5]}, {'CONV': [256, 5]}), ({'CONV': [128, 5]}, {'CONV': [256, 5]}, {'POOLMAX': [-1, 2]}), ({'CONV': [32, 3]}, {'CONV': [128, 3]}), ({'CONV': [128, 3]}, {'CONV': [256, 3]}, {'POOLMAX': [-1, 2]}), ({'CONV': [256, 3]}, {'CONV': [256, 5]}), ({'CONV': [64, 5]}, {'CONV': [128, 3]}, {'POOLMAX': [-1, 2]}), ({'CONV': [128, 5]}, {'CONV': [256, 3]}), ({'CONV': [32, 5]}, {'CONV': [256, 5]}, {'POOLMAX': [-1, 2]}), {'GLOBAL_AVG': None}, {'LAST_DENSE': [100, 'softmax']}]",HHSE,NSGA2,,,,,0.7071191960300276,,,,4555271680,6311076,,,,,,"[14, 35, 2, 38, 53, 4, 45, 15]",0.7232371482771962,-0.000172049989924,0.5,0.5,0.75,0.0,0.29,0,1,0,100,0,0.01,BEST,False,False,156,True,True,GREEDY,,,GREEDY_HV
BCETVE[M][M][M],18,19,84,84,0.84,True,True,"[10, 12, 13, 38, 47, 38, 14, 22]",[],"[10.503218017045283, 12.45604591393584, 13.046153297141638, 38.440214537082525, 47.33115877178393, 38.98615802788263, 14.1835485809957, 22.101810395361255]","[{'INP': 32}, {'CONV': [64, 3]}, ({'CONV': [32, 5]}, {'CONV': [64, 3]}), ({'CONV': [32, 5]}, {'CONV': [128, 3]}, {'POOLMAX': [-1, 2]}), ({'CONV': [32, 5]}, {'CONV': [128, 5]}), ({'CONV': [128, 3]}, {'CONV': [256, 3]}, {'POOLMAX': [-1, 2]}), ({'CONV': [128, 5]}, {'CONV': [256, 5]}), ({'CONV': [128, 3]}, {'CONV': [256, 3]}, {'POOLMAX': [-1, 2]}), ({'CONV': [32, 5]}, {'CONV': [256, 3]}), ({'CONV': [64, 3]}, {'CONV': [256, 3]}, {'POOLMAX': [-1, 2]}), {'GLOBAL_AVG': None}, {'LAST_DENSE': [100, 'softmax']}]",HHSE,NSGA2,,,,,0.7073621231855097,,,,964962816,3642916,,,,,,"[10, 12, 12, 38, 46, 39, 14, 22]",0.7233653153953203,2.2371871265414175e-05,0.0,0.0,0.375,0.875,0.84,0,1,0,100,0,0.01,BEST,False,False,149,True,True,GREEDY,,,GREEDY_HV
BCETVE[M][M][M],18,19,85,84,0.85,True,True,"[10, 12, 13, 38, 47, 38, 14, 22]",[],"[10.503218017045283, 12.45604591393584, 13.046153297141638, 38.440214537082525, 47.33115877178393, 38.98615802788263, 14.1835485809957, 22.101810395361255]","[{'INP': 32}, {'CONV': [64, 3]}, ({'CONV': [32, 5]}, {'CONV': [64, 3]}), ({'CONV': [32, 5]}, {'CONV': [128, 3]}, {'POOLMAX': [-1, 2]}), ({'CONV': [32, 5]}, {'CONV': [128, 5]}), ({'CONV': [128, 3]}, {'CONV': [256, 3]}, {'POOLMAX': [-1, 2]}), ({'CONV': [128, 5]}, {'CONV': [256, 5]}), ({'CONV': [128, 3]}, {'CONV': [256, 3]}, {'POOLMAX': [-1, 2]}), ({'CONV': [32, 5]}, {'CONV': [256, 3]}), ({'CONV': [64, 3]}, {'CONV': [256, 3]}, {'POOLMAX': [-1, 2]}), {'GLOBAL_AVG': None}, {'LAST_DENSE': [100, 'softmax']}]",HHSE,NSGA2,,,,,0.7073621231855097,,,,964962816,3642916,,,,,,"[10, 12, 12, 38, 46, 39, 14, 22]",0.7242925377524161,-0.0001231032509456,0.0,0.0,0.375,0.0,0.84,0,0,0,100,0,0.0,BEST,False,False,149,True,True,GREEDY,,,GREEDY_HV
BCETVE[M][M][M],18,19,86,84,0.86,True,True,"[10, 12, 13, 38, 47, 38, 14, 22]",[],"[10.503218017045283, 12.45604591393584, 13.046153297141638, 38.440214537082525, 47.33115877178393, 38.98615802788263, 14.1835485809957, 22.101810395361255]","[{'INP': 32}, {'CONV': [64, 3]}, ({'CONV': [32, 5]}, {'CONV': [64, 3]}), ({'CONV': [32, 5]}, {'CONV': [128, 3]}, {'POOLMAX': [-1, 2]}), ({'CONV': [32, 5]}, {'CONV': [128, 5]}), ({'CONV': [128, 3]}, {'CONV': [256, 3]}, {'POOLMAX': [-1, 2]}), ({'CONV': [128, 5]}, {'CONV': [256, 5]}), ({'CONV': [128, 3]}, {'CONV': [256, 3]}, {'POOLMAX': [-1, 2]}), ({'CONV': [32, 5]}, {'CONV': [256, 3]}), ({'CONV': [64, 3]}, {'CONV': [256, 3]}, {'POOLMAX': [-1, 2]}), {'GLOBAL_AVG': None}, {'LAST_DENSE': [100, 'softmax']}]",HHSE,NSGA2,,,,,0.7073621231855097,,,,964962816,3642916,,,,,,"[10, 12, 12, 38, 46, 39, 14, 22]",0.724306841945944,-0.0001193084092369,0.0,0.0,0.375,0.0,0.84,0,0,0,100,0,0.0,BEST,False,False,149,True,True,GREEDY,,,GREEDY_HV
BFPLVV[M][M][M][M],18,19,87,87,0.87,True,True,"[8, 12, 20, 36, 46, 6, 39, 22]",[],"[8.770270323268347, 12.174147822074445, 20.69262622166438, 36.127170210410846, 46.89346155382566, 6.598333655132952, 39.25305983320573, 22.557803098724264]","[{'INP': 32}, {'CONV': [64, 3]}, ({'CONV': [32, 5]}, {'CONV': [32, 3]}), ({'CONV': [32, 5]}, {'CONV': [128, 3]}, {'POOLMAX': [-1, 2]}), ({'CONV': [64, 3]}, {'CONV': [128, 3]}), ({'CONV': [128, 3]}, {'CONV': [128, 3]}, {'POOLMAX': [-1, 2]}), ({'CONV': [128, 5]}, {'CONV': [256, 3]}), ({'CONV': [32, 3]}, {'CONV': [256, 3]}, {'POOLMAX': [-1, 2]}), ({'CONV': [128, 3]}, {'CONV': [256, 5]}), ({'CONV': [64, 3]}, {'CONV': [256, 3]}, {'POOLMAX': [-1, 2]}), {'GLOBAL_AVG': None}, {'LAST_DENSE': [100, 'softmax']}]",HHSE,NSGA2,,,,,0.7094092560754466,,,,638939136,2862116,,,,,,"[9, 10, 21, 36, 46, 6, 39, 22]",0.7244751069356157,-0.0001965262686375,0.0,0.0,0.375,0.75,0.87,0,0,0,100,0,0.0,BEST,False,False,119,True,True,GREEDY,,,GREEDY_HV
BFPLVV[M][M][M][M],18,19,88,87,0.88,True,True,"[8, 12, 20, 36, 46, 6, 39, 22]",[],"[8.770270323268347, 12.174147822074445, 20.69262622166438, 36.127170210410846, 46.89346155382566, 6.598333655132952, 39.25305983320573, 22.557803098724264]","[{'INP': 32}, {'CONV': [64, 3]}, ({'CONV': [32, 5]}, {'CONV': [32, 3]}), ({'CONV': [32, 5]}, {'CONV': [128, 3]}, {'POOLMAX': [-1, 2]}), ({'CONV': [64, 3]}, {'CONV': [128, 3]}), ({'CONV': [128, 3]}, {'CONV': [128, 3]}, {'POOLMAX': [-1, 2]}), ({'CONV': [128, 5]}, {'CONV': [256, 3]}), ({'CONV': [32, 3]}, {'CONV': [256, 3]}, {'POOLMAX': [-1, 2]}), ({'CONV': [128, 3]}, {'CONV': [256, 5]}), ({'CONV': [64, 3]}, {'CONV': [256, 3]}, {'POOLMAX': [-1, 2]}), {'GLOBAL_AVG': None}, {'LAST_DENSE': [100, 'softmax']}]",HHSE,NSGA2,,,,,0.7094092560754466,,,,638939136,2862116,,,,,,"[9, 10, 21, 36, 46, 6, 39, 22]",0.7264248269342418,-0.0001795699047486,0.0,0.0,0.375,0.0,0.87,0,0,0,100,0,0.0,BEST,False,False,119,True,True,GREEDY,,,GREEDY_HV
BFPLVV[M][M][M][M],18,19,89,87,0.89,True,True,"[8, 12, 20, 36, 46, 6, 39, 22]",[],"[8.770270323268347, 12.174147822074445, 20.69262622166438, 36.127170210410846, 46.89346155382566, 6.598333655132952, 39.25305983320573, 22.557803098724264]","[{'INP': 32}, {'CONV': [64, 3]}, ({'CONV': [32, 5]}, {'CONV': [32, 3]}), ({'CONV': [32, 5]}, {'CONV': [128, 3]}, {'POOLMAX': [-1, 2]}), ({'CONV': [64, 3]}, {'CONV': [128, 3]}), ({'CONV': [128, 3]}, {'CONV': [128, 3]}, {'POOLMAX': [-1, 2]}), ({'CONV': [128, 5]}, {'CONV': [256, 3]}), ({'CONV': [32, 3]}, {'CONV': [256, 3]}, {'POOLMAX': [-1, 2]}), ({'CONV': [128, 3]}, {'CONV': [256, 5]}), ({'CONV': [64, 3]}, {'CONV': [256, 3]}, {'POOLMAX': [-1, 2]}), {'GLOBAL_AVG': None}, {'LAST_DENSE': [100, 'softmax']}]",HHSE,NSGA2,,,,,0.7094092560754466,,,,638939136,2862116,,,,,,"[9, 10, 21, 36, 46, 6, 39, 22]",0.7264608572439029,-2.516312477052196e-05,0.0,0.0,0.375,0.0,0.87,0,3,0,100,0,0.03,BEST,False,False,119,True,True,GREEDY,,,GREEDY_HV
BFPLVV[M][M][M][M],18,19,90,87,0.9,True,True,"[8, 12, 20, 36, 46, 6, 39, 22]",[],"[8.770270323268347, 12.174147822074445, 20.69262622166438, 36.127170210410846, 46.89346155382566, 6.598333655132952, 39.25305983320573, 22.557803098724264]","[{'INP': 32}, {'CONV': [64, 3]}, ({'CONV': [32, 5]}, {'CONV': [32, 3]}), ({'CONV': [32, 5]}, {'CONV': [128, 3]}, {'POOLMAX': [-1, 2]}), ({'CONV': [64, 3]}, {'CONV': [128, 3]}), ({'CONV': [128, 3]}, {'CONV': [128, 3]}, {'POOLMAX': [-1, 2]}), ({'CONV': [128, 5]}, {'CONV': [256, 3]}), ({'CONV': [32, 3]}, {'CONV': [256, 3]}, {'POOLMAX': [-1, 2]}), ({'CONV': [128, 3]}, {'CONV': [256, 5]}), ({'CONV': [64, 3]}, {'CONV': [256, 3]}, {'POOLMAX': [-1, 2]}), {'GLOBAL_AVG': None}, {'LAST_DENSE': [100, 'softmax']}]",HHSE,NSGA2,,,,,0.7094092560754466,,,,638939136,2862116,,,,,,"[9, 10, 21, 36, 46, 6, 39, 22]",0.726617816695395,2.6243380608415023e-05,0.0,0.0,0.375,0.0,0.87,0,1,0,100,0,0.01,BEST,False,False,119,True,True,GREEDY,,,GREEDY_HV
BFPLVV[M][M][M][M],18,19,91,87,0.91,True,True,"[8, 12, 20, 36, 46, 6, 39, 22]",[],"[8.770270323268347, 12.174147822074445, 20.69262622166438, 36.127170210410846, 46.89346155382566, 6.598333655132952, 39.25305983320573, 22.557803098724264]","[{'INP': 32}, {'CONV': [64, 3]}, ({'CONV': [32, 5]}, {'CONV': [32, 3]}), ({'CONV': [32, 5]}, {'CONV': [128, 3]}, {'POOLMAX': [-1, 2]}), ({'CONV': [64, 3]}, {'CONV': [128, 3]}), ({'CONV': [128, 3]}, {'CONV': [128, 3]}, {'POOLMAX': [-1, 2]}), ({'CONV': [128, 5]}, {'CONV': [256, 3]}), ({'CONV': [32, 3]}, {'CONV': [256, 3]}, {'POOLMAX': [-1, 2]}), ({'CONV': [128, 3]}, {'CONV': [256, 5]}), ({'CONV': [64, 3]}, {'CONV': [256, 3]}, {'POOLMAX': [-1, 2]}), {'GLOBAL_AVG': None}, {'LAST_DENSE': [100, 'softmax']}]",HHSE,NSGA2,,,,,0.7094092560754466,,,,638939136,2862116,,,,,,"[9, 10, 21, 36, 46, 6, 39, 22]",0.7268767723489166,-4.012690761179272e-05,0.0,0.0,0.375,0.0,0.87,0,1,0,100,0,0.01,BEST,False,False,119,True,True,GREEDY,,,GREEDY_HV
BXTJWK[M],18,19,92,92,0.92,True,True,"[8, 12, 20, 36, 46, 6, 39, 23]",[],"[8.940396672598139, 12.34961490139622, 20.4988958490209, 36.738973827128525, 46.86565165076229, 6.655411214784466, 39.51158637270281, 23.069035099132584]","[{'INP': 32}, {'CONV': [64, 3]}, ({'CONV': [32, 5]}, {'CONV': [32, 3]}), ({'CONV': [32, 5]}, {'CONV': [128, 3]}, {'POOLMAX': [-1, 2]}), ({'CONV': [64, 3]}, {'CONV': [128, 3]}), ({'CONV': [128, 3]}, {'CONV': [128, 3]}, {'POOLMAX': [-1, 2]}), ({'CONV': [128, 5]}, {'CONV': [256, 3]}), ({'CONV': [32, 3]}, {'CONV': [256, 3]}, {'POOLMAX': [-1, 2]}), ({'CONV': [128, 3]}, {'CONV': [256, 5]}), ({'CONV': [64, 3]}, {'CONV': [256, 5]}, {'POOLMAX': [-1, 2]}), {'GLOBAL_AVG': None}, {'LAST_DENSE': [100, 'softmax']}]",HHSE,NSGA2,,,,,0.7095624254893135,,,,647327744,3124260,,,,,,"[8, 12, 20, 36, 46, 6, 39, 22]",0.7269639947230389,-0.0003014476087589,0.875,0.0,0.125,0.125,0.92,0,1,0,100,0,0.01,BEST,False,False,114,True,True,GREEDY,,,GREEDY_HV
BXTJWK[M],18,19,93,92,0.93,True,True,"[8, 12, 20, 36, 46, 6, 39, 23]",[],"[8.940396672598139, 12.34961490139622, 20.4988958490209, 36.738973827128525, 46.86565165076229, 6.655411214784466, 39.51158637270281, 23.069035099132584]","[{'INP': 32}, {'CONV': [64, 3]}, ({'CONV': [32, 5]}, {'CONV': [32, 3]}), ({'CONV': [32, 5]}, {'CONV': [128, 3]}, {'POOLMAX': [-1, 2]}), ({'CONV': [64, 3]}, {'CONV': [128, 3]}), ({'CONV': [128, 3]}, {'CONV': [128, 3]}, {'POOLMAX': [-1, 2]}), ({'CONV': [128, 5]}, {'CONV': [256, 3]}), ({'CONV': [32, 3]}, {'CONV': [256, 3]}, {'POOLMAX': [-1, 2]}), ({'CONV': [128, 3]}, {'CONV': [256, 5]}), ({'CONV': [64, 3]}, {'CONV': [256, 5]}, {'POOLMAX': [-1, 2]}), {'GLOBAL_AVG': None}, {'LAST_DENSE': [100, 'softmax']}]",HHSE,NSGA2,,,,,0.7095624254893135,,,,647327744,3124260,,,,,,"[8, 12, 20, 36, 46, 6, 39, 22]",0.727430966696093,-8.531628869135055e-05,0.875,0.0,0.125,0.0,0.92,0,2,0,100,0,0.02,BEST,False,False,114,True,True,GREEDY,,,GREEDY_HV
BLJVTC[M],18,19,94,94,0.94,True,True,"[7, 12, 20, 36, 46, 6, 39, 22]",[],"[7.934592240810832, 12.702787149010234, 20.36707154176635, 36.105197544689794, 46.80821210980142, 6.976733557576757, 39.8675371133729, 22.65954426720447]","[{'INP': 32}, {'CONV': [64, 3]}, ({'CONV': [32, 3]}, {'CONV': [256, 5]}), ({'CONV': [32, 5]}, {'CONV': [128, 3]}, {'POOLMAX': [-1, 2]}), ({'CONV': [64, 3]}, {'CONV': [128, 3]}), ({'CONV': [128, 3]}, {'CONV': [128, 3]}, {'POOLMAX': [-1, 2]}), ({'CONV': [128, 5]}, {'CONV': [256, 3]}), ({'CONV': [32, 3]}, {'CONV': [256, 3]}, {'POOLMAX': [-1, 2]}), ({'CONV': [128, 3]}, {'CONV': [256, 5]}), ({'CONV': [64, 3]}, {'CONV': [256, 3]}, {'POOLMAX': [-1, 2]}), {'GLOBAL_AVG': None}, {'LAST_DENSE': [100, 'softmax']}]",HHSE,NSGA2,,,,,0.7099767225280228,,,,1340534784,3205028,,,,,,"[8, 12, 20, 36, 46, 6, 39, 22]",0.7278328609844698,0.0001502237272859,0.0,0.125,0.125,0.25,0.94,0,2,0,100,0,0.02,BEST,False,False,107,True,True,GREEDY,,,GREEDY_HV
BLJVTC[M],18,19,95,94,0.95,True,True,"[7, 12, 20, 36, 46, 6, 39, 22]",[],"[7.934592240810832, 12.702787149010234, 20.36707154176635, 36.105197544689794, 46.80821210980142, 6.976733557576757, 39.8675371133729, 22.65954426720447]","[{'INP': 32}, {'CONV': [64, 3]}, ({'CONV': [32, 3]}, {'CONV': [256, 5]}), ({'CONV': [32, 5]}, {'CONV': [128, 3]}, {'POOLMAX': [-1, 2]}), ({'CONV': [64, 3]}, {'CONV': [128, 3]}), ({'CONV': [128, 3]}, {'CONV': [128, 3]}, {'POOLMAX': [-1, 2]}), ({'CONV': [128, 5]}, {'CONV': [256, 3]}), ({'CONV': [32, 3]}, {'CONV': [256, 3]}, {'POOLMAX': [-1, 2]}), ({'CONV': [128, 3]}, {'CONV': [256, 5]}), ({'CONV': [64, 3]}, {'CONV': [256, 3]}, {'POOLMAX': [-1, 2]}), {'GLOBAL_AVG': None}, {'LAST_DENSE': [100, 'softmax']}]",HHSE,NSGA2,,,,,0.7099767225280228,,,,1340534784,3205028,,,,,,"[8, 12, 20, 36, 46, 6, 39, 22]",0.7284929991785799,6.703976331845496e-07,0.0,0.125,0.125,0.0,0.94,0,0,0,100,0,0.0,BEST,False,False,107,True,True,GREEDY,,,GREEDY_HV
BJFNHD[M],18,19,96,96,0.96,True,True,"[7, 4, 4, 36, 46, 6, 39, 22]",[],"[7.7050652094957055, 4.604506788535422, 4.997373368685688, 36.11434160619201, 46.78099716166354, 6.234538763125924, 39.78168294631629, 22.053337776406416]","[{'INP': 32}, {'CONV': [64, 3]}, ({'CONV': [32, 3]}, {'CONV': [256, 5]}), ({'CONV': [32, 3]}, {'CONV': [128, 3]}, {'POOLMAX': [-1, 2]}), ({'CONV': [32, 3]}, {'CONV': [128, 3]}), ({'CONV': [128, 3]}, {'CONV': [128, 3]}, {'POOLMAX': [-1, 2]}), ({'CONV': [128, 5]}, {'CONV': [256, 3]}), ({'CONV': [32, 3]}, {'CONV': [256, 3]}, {'POOLMAX': [-1, 2]}), ({'CONV': [128, 3]}, {'CONV': [256, 5]}), ({'CONV': [64, 3]}, {'CONV': [256, 3]}, {'POOLMAX': [-1, 2]}), {'GLOBAL_AVG': None}, {'LAST_DENSE': [100, 'softmax']}]",HHSE,NSGA2,,,,,0.7109167800993217,,,,1034309632,3000100,,,,,,"[7, 4, 4, 36, 46, 6, 39, 22]",0.7290602614053534,1.8414397300547947e-05,0.5,0.25,0.0,0.25,0.96,0,0,0,100,0,0.0,BEST,False,False,91,True,True,GREEDY,,,GREEDY_HV
BRVPGW[M],18,19,97,97,0.97,True,True,"[2, 4, 4, 36, 46, 6, 39, 23]",[],"[2.3694604858286628, 4.349069209365298, 4.559996333593068, 36.71776399189048, 46.239409860355785, 6.114380270022843, 39.43560444968006, 23.370435197192727]","[{'INP': 32}, {'CONV': [64, 3]}, ({'CONV': [32, 3]}, {'CONV': [64, 3]}), ({'CONV': [32, 3]}, {'CONV': [128, 3]}, {'POOLMAX': [-1, 2]}), ({'CONV': [32, 3]}, {'CONV': [128, 3]}), ({'CONV': [128, 3]}, {'CONV': [128, 3]}, {'POOLMAX': [-1, 2]}), ({'CONV': [128, 5]}, {'CONV': [256, 3]}), ({'CONV': [32, 3]}, {'CONV': [256, 3]}, {'POOLMAX': [-1, 2]}), ({'CONV': [128, 3]}, {'CONV': [256, 5]}), ({'CONV': [64, 3]}, {'CONV': [256, 5]}, {'POOLMAX': [-1, 2]}), {'GLOBAL_AVG': None}, {'LAST_DENSE': [100, 'softmax']}]",HHSE,NSGA2,,,,,0.7139509479780964,,,,546787328,3019812,,,,,,"[2, 4, 4, 36, 46, 6, 39, 23]",0.7299761776151263,-1.648403187903824e-05,0.375,0.25,0.0,0.25,0.97,0,0,0,100,0,0.0,BEST,False,False,40,True,True,GREEDY,,,GREEDY_HV
BRVPGW[M],18,19,98,97,0.98,True,True,"[2, 4, 4, 36, 46, 6, 39, 23]",[],"[2.3694604858286628, 4.349069209365298, 4.559996333593068, 36.71776399189048, 46.239409860355785, 6.114380270022843, 39.43560444968006, 23.370435197192727]","[{'INP': 32}, {'CONV': [64, 3]}, ({'CONV': [32, 3]}, {'CONV': [64, 3]}), ({'CONV': [32, 3]}, {'CONV': [128, 3]}, {'POOLMAX': [-1, 2]}), ({'CONV': [32, 3]}, {'CONV': [128, 3]}), ({'CONV': [128, 3]}, {'CONV': [128, 3]}, {'POOLMAX': [-1, 2]}), ({'CONV': [128, 5]}, {'CONV': [256, 3]}), ({'CONV': [32, 3]}, {'CONV': [256, 3]}, {'POOLMAX': [-1, 2]}), ({'CONV': [128, 3]}, {'CONV': [256, 5]}), ({'CONV': [64, 3]}, {'CONV': [256, 5]}, {'POOLMAX': [-1, 2]}), {'GLOBAL_AVG': None}, {'LAST_DENSE': [100, 'softmax']}]",HHSE,NSGA2,,,,,0.7139509479780964,,,,546787328,3019812,,,,,,"[2, 4, 4, 36, 46, 6, 39, 23]",0.7327534758937193,-0.0005131259128065,0.375,0.25,0.0,0.0,0.97,0,0,0,100,0,0.0,BEST,False,False,40,True,True,GREEDY,,,GREEDY_HV
BRVPGW[M],18,19,99,97,0.99,True,True,"[2, 4, 4, 36, 46, 6, 39, 23]",[],"[2.3694604858286628, 4.349069209365298, 4.559996333593068, 36.71776399189048, 46.239409860355785, 6.114380270022843, 39.43560444968006, 23.370435197192727]","[{'INP': 32}, {'CONV': [64, 3]}, ({'CONV': [32, 3]}, {'CONV': [64, 3]}), ({'CONV': [32, 3]}, {'CONV': [128, 3]}, {'POOLMAX': [-1, 2]}), ({'CONV': [32, 3]}, {'CONV': [128, 3]}), ({'CONV': [128, 3]}, {'CONV': [128, 3]}, {'POOLMAX': [-1, 2]}), ({'CONV': [128, 5]}, {'CONV': [256, 3]}), ({'CONV': [32, 3]}, {'CONV': [256, 3]}, {'POOLMAX': [-1, 2]}), ({'CONV': [128, 3]}, {'CONV': [256, 5]}), ({'CONV': [64, 3]}, {'CONV': [256, 5]}, {'POOLMAX': [-1, 2]}), {'GLOBAL_AVG': None}, {'LAST_DENSE': [100, 'softmax']}]",HHSE,NSGA2,,,,,0.7139509479780964,,,,546787328,3019812,,,,,,"[2, 4, 4, 36, 46, 6, 39, 23]",0.7328068456229464,-0.0005625196775295,0.375,0.25,0.0,0.0,0.97,0,0,0,100,0,0.0,BEST,False,False,40,True,True,GREEDY,,,GREEDY_HV
BRVPGW[M],18,19,100,97,1.0,True,True,"[2, 4, 4, 36, 46, 6, 39, 23]",[],"[2.3694604858286628, 4.349069209365298, 4.559996333593068, 36.71776399189048, 46.239409860355785, 6.114380270022843, 39.43560444968006, 23.370435197192727]","[{'INP': 32}, {'CONV': [64, 3]}, ({'CONV': [32, 3]}, {'CONV': [64, 3]}), ({'CONV': [32, 3]}, {'CONV': [128, 3]}, {'POOLMAX': [-1, 2]}), ({'CONV': [32, 3]}, {'CONV': [128, 3]}), ({'CONV': [128, 3]}, {'CONV': [128, 3]}, {'POOLMAX': [-1, 2]}), ({'CONV': [128, 5]}, {'CONV': [256, 3]}), ({'CONV': [32, 3]}, {'CONV': [256, 3]}, {'POOLMAX': [-1, 2]}), ({'CONV': [128, 3]}, {'CONV': [256, 5]}), ({'CONV': [64, 3]}, {'CONV': [256, 5]}, {'POOLMAX': [-1, 2]}), {'GLOBAL_AVG': None}, {'LAST_DENSE': [100, 'softmax']}]",HHSE,NSGA2,,,,,0.7139509479780964,,,,546787328,3019812,,,,,,"[2, 4, 4, 36, 46, 6, 39, 23]",0.7328710805476494,-8.861728264419888e-06,0.375,0.25,0.0,0.0,0.97,0,0,0,100,0,0.0,BEST,False,False,40,True,True,GREEDY,,,GREEDY_HV
BKLGL[M],19,20,1,1,0.01,True,True,"[4, 39, 46, 2, 47, 13, 7, 55]",[],"[4.585291038693327, 39.885062894884996, 46.438806243053854, 2.502330087968609, 47.01065175072917, 13.830265095497627, 7.105235264075329, 55.67714232167217]","[{'INP': 32}, {'CONV': [64, 3]}, ({'CONV': [32, 3]}, {'CONV': [128, 3]}), ({'CONV': [128, 3]}, {'CONV': [256, 5]}, {'POOLMAX': [-1, 2]}), ({'CONV': [128, 5]}, {'CONV': [256, 3]}), ({'CONV': [32, 3]}, {'CONV': [64, 3]}, {'POOLMAX': [-1, 2]}), ({'CONV': [128, 5]}, {'CONV': [256, 5]}), ({'CONV': [32, 5]}, {'CONV': [128, 5]}, {'POOLMAX': [-1, 2]}), ({'CONV': [32, 3]}, {'CONV': [256, 5]}), ({'CONV': [256, 3]}, {'CONV': [256, 5]}, {'POOLMAX': [-1, 2]}), {'GLOBAL_AVG': None}, {'LAST_DENSE': [100, 'softmax']}]",HHSE,NSGA2,,,,,0.6929657284073425,,,,2968718848,6066468,,,,,,"[43, 23, 39, 31, 22, 18, 9, 31]",0.6752377201779651,0.0,0.625,0.375,1.0,0.0,0.01,0,17,0,100,0,0.17,BEST,False,False,309,True,True,GREEDY,,,GREEDY_HV
BKLGL[M],19,20,2,1,0.02,True,True,"[4, 39, 46, 2, 47, 13, 7, 55]",[],"[4.585291038693327, 39.885062894884996, 46.438806243053854, 2.502330087968609, 47.01065175072917, 13.830265095497627, 7.105235264075329, 55.67714232167217]","[{'INP': 32}, {'CONV': [64, 3]}, ({'CONV': [32, 3]}, {'CONV': [128, 3]}), ({'CONV': [128, 3]}, {'CONV': [256, 5]}, {'POOLMAX': [-1, 2]}), ({'CONV': [128, 5]}, {'CONV': [256, 3]}), ({'CONV': [32, 3]}, {'CONV': [64, 3]}, {'POOLMAX': [-1, 2]}), ({'CONV': [128, 5]}, {'CONV': [256, 5]}), ({'CONV': [32, 5]}, {'CONV': [128, 5]}, {'POOLMAX': [-1, 2]}), ({'CONV': [32, 3]}, {'CONV': [256, 5]}), ({'CONV': [256, 3]}, {'CONV': [256, 5]}, {'POOLMAX': [-1, 2]}), {'GLOBAL_AVG': None}, {'LAST_DENSE': [100, 'softmax']}]",HHSE,NSGA2,,,,,0.6929657284073425,,,,2968718848,6066468,,,,,,"[43, 23, 39, 31, 22, 18, 9, 31]",0.6840031419329217,-0.0001795402752554,0.625,0.375,1.0,0.0,0.01,0,2,0,100,0,0.02,BEST,False,False,309,True,True,GREEDY,,,GREEDY_HV
BJWAIC[M],19,20,3,3,0.03,True,True,"[2, 43, 37, 52, 53, 6, 54, 23]",[],"[2.6766238286788493, 43.4162644549033, 37.35345691857322, 52.38770828765019, 53.61162179742704, 6.020214823960505, 54.296580034328755, 23.727948884960064]","[{'INP': 32}, {'CONV': [64, 3]}, ({'CONV': [32, 3]}, {'CONV': [64, 3]}), ({'CONV': [128, 5]}, {'CONV': [64, 5]}, {'POOLMAX': [-1, 2]}), ({'CONV': [128, 3]}, {'CONV': [128, 5]}), ({'CONV': [256, 3]}, {'CONV': [128, 3]}, {'POOLMAX': [-1, 2]}), ({'CONV': [256, 3]}, {'CONV': [128, 5]}), ({'CONV': [32, 3]}, {'CONV': [256, 3]}, {'POOLMAX': [-1, 2]}), ({'CONV': [256, 3]}, {'CONV': [256, 3]}), ({'CONV': [64, 3]}, {'CONV': [256, 5]}, {'POOLMAX': [-1, 2]}), {'GLOBAL_AVG': None}, {'LAST_DENSE': [100, 'softmax']}]",HHSE,NSGA2,,,,,0.697588169465025,,,,1683118080,4518436,,,,,,"[34, 32, 29, 16, 11, 12, 51, 11]",0.7008227637516675,-0.001493244624285,0.5,0.5,1.0,1.0,0.03,0,3,0,100,0,0.03,BEST,False,False,275,True,True,GREEDY,,,GREEDY_HV
BJWAIC[M],19,20,4,3,0.04,True,True,"[2, 43, 37, 52, 53, 6, 54, 23]",[],"[2.6766238286788493, 43.4162644549033, 37.35345691857322, 52.38770828765019, 53.61162179742704, 6.020214823960505, 54.296580034328755, 23.727948884960064]","[{'INP': 32}, {'CONV': [64, 3]}, ({'CONV': [32, 3]}, {'CONV': [64, 3]}), ({'CONV': [128, 5]}, {'CONV': [64, 5]}, {'POOLMAX': [-1, 2]}), ({'CONV': [128, 3]}, {'CONV': [128, 5]}), ({'CONV': [256, 3]}, {'CONV': [128, 3]}, {'POOLMAX': [-1, 2]}), ({'CONV': [256, 3]}, {'CONV': [128, 5]}), ({'CONV': [32, 3]}, {'CONV': [256, 3]}, {'POOLMAX': [-1, 2]}), ({'CONV': [256, 3]}, {'CONV': [256, 3]}), ({'CONV': [64, 3]}, {'CONV': [256, 5]}, {'POOLMAX': [-1, 2]}), {'GLOBAL_AVG': None}, {'LAST_DENSE': [100, 'softmax']}]",HHSE,NSGA2,,,,,0.697588169465025,,,,1683118080,4518436,,,,,,"[34, 32, 29, 16, 11, 12, 51, 11]",0.7051268240344494,2.936138904197083e-05,0.5,0.5,1.0,0.0,0.03,0,0,0,100,0,0.0,BEST,False,False,275,True,True,GREEDY,,,GREEDY_HV
BJWAIC[M],19,20,5,3,0.05,True,True,"[2, 43, 37, 52, 53, 6, 54, 23]",[],"[2.6766238286788493, 43.4162644549033, 37.35345691857322, 52.38770828765019, 53.61162179742704, 6.020214823960505, 54.296580034328755, 23.727948884960064]","[{'INP': 32}, {'CONV': [64, 3]}, ({'CONV': [32, 3]}, {'CONV': [64, 3]}), ({'CONV': [128, 5]}, {'CONV': [64, 5]}, {'POOLMAX': [-1, 2]}), ({'CONV': [128, 3]}, {'CONV': [128, 5]}), ({'CONV': [256, 3]}, {'CONV': [128, 3]}, {'POOLMAX': [-1, 2]}), ({'CONV': [256, 3]}, {'CONV': [128, 5]}), ({'CONV': [32, 3]}, {'CONV': [256, 3]}, {'POOLMAX': [-1, 2]}), ({'CONV': [256, 3]}, {'CONV': [256, 3]}), ({'CONV': [64, 3]}, {'CONV': [256, 5]}, {'POOLMAX': [-1, 2]}), {'GLOBAL_AVG': None}, {'LAST_DENSE': [100, 'softmax']}]",HHSE,NSGA2,,,,,0.697588169465025,,,,1683118080,4518436,,,,,,"[34, 32, 29, 16, 11, 12, 51, 11]",0.704968029751044,-0.0013568050128924,0.5,0.5,1.0,0.0,0.03,0,1,0,100,0,0.01,BEST,False,False,275,True,True,GREEDY,,,GREEDY_HV
BJWAIC[M],19,20,6,3,0.06,True,True,"[2, 43, 37, 52, 53, 6, 54, 23]",[],"[2.6766238286788493, 43.4162644549033, 37.35345691857322, 52.38770828765019, 53.61162179742704, 6.020214823960505, 54.296580034328755, 23.727948884960064]","[{'INP': 32}, {'CONV': [64, 3]}, ({'CONV': [32, 3]}, {'CONV': [64, 3]}), ({'CONV': [128, 5]}, {'CONV': [64, 5]}, {'POOLMAX': [-1, 2]}), ({'CONV': [128, 3]}, {'CONV': [128, 5]}), ({'CONV': [256, 3]}, {'CONV': [128, 3]}, {'POOLMAX': [-1, 2]}), ({'CONV': [256, 3]}, {'CONV': [128, 5]}), ({'CONV': [32, 3]}, {'CONV': [256, 3]}, {'POOLMAX': [-1, 2]}), ({'CONV': [256, 3]}, {'CONV': [256, 3]}), ({'CONV': [64, 3]}, {'CONV': [256, 5]}, {'POOLMAX': [-1, 2]}), {'GLOBAL_AVG': None}, {'LAST_DENSE': [100, 'softmax']}]",HHSE,NSGA2,,,,,0.697588169465025,,,,1683118080,4518436,,,,,,"[34, 32, 29, 16, 11, 12, 51, 11]",0.7062524171921318,-0.0002165804317662,0.5,0.5,1.0,0.0,0.03,0,0,0,100,0,0.0,BEST,False,False,275,True,True,GREEDY,,,GREEDY_HV
BJWAIC[M],19,20,7,3,0.07,True,True,"[2, 43, 37, 52, 53, 6, 54, 23]",[],"[2.6766238286788493, 43.4162644549033, 37.35345691857322, 52.38770828765019, 53.61162179742704, 6.020214823960505, 54.296580034328755, 23.727948884960064]","[{'INP': 32}, {'CONV': [64, 3]}, ({'CONV': [32, 3]}, {'CONV': [64, 3]}), ({'CONV': [128, 5]}, {'CONV': [64, 5]}, {'POOLMAX': [-1, 2]}), ({'CONV': [128, 3]}, {'CONV': [128, 5]}), ({'CONV': [256, 3]}, {'CONV': [128, 3]}, {'POOLMAX': [-1, 2]}), ({'CONV': [256, 3]}, {'CONV': [128, 5]}), ({'CONV': [32, 3]}, {'CONV': [256, 3]}, {'POOLMAX': [-1, 2]}), ({'CONV': [256, 3]}, {'CONV': [256, 3]}), ({'CONV': [64, 3]}, {'CONV': [256, 5]}, {'POOLMAX': [-1, 2]}), {'GLOBAL_AVG': None}, {'LAST_DENSE': [100, 'softmax']}]",HHSE,NSGA2,,,,,0.697588169465025,,,,1683118080,4518436,,,,,,"[34, 32, 29, 16, 11, 12, 51, 11]",0.7054195511216692,-0.0002933796750784,0.5,0.5,1.0,0.0,0.03,0,0,0,100,0,0.0,BEST,False,False,275,True,True,GREEDY,,,GREEDY_HV
BJWAIC[M],19,20,8,3,0.08,True,True,"[2, 43, 37, 52, 53, 6, 54, 23]",[],"[2.6766238286788493, 43.4162644549033, 37.35345691857322, 52.38770828765019, 53.61162179742704, 6.020214823960505, 54.296580034328755, 23.727948884960064]","[{'INP': 32}, {'CONV': [64, 3]}, ({'CONV': [32, 3]}, {'CONV': [64, 3]}), ({'CONV': [128, 5]}, {'CONV': [64, 5]}, {'POOLMAX': [-1, 2]}), ({'CONV': [128, 3]}, {'CONV': [128, 5]}), ({'CONV': [256, 3]}, {'CONV': [128, 3]}, {'POOLMAX': [-1, 2]}), ({'CONV': [256, 3]}, {'CONV': [128, 5]}), ({'CONV': [32, 3]}, {'CONV': [256, 3]}, {'POOLMAX': [-1, 2]}), ({'CONV': [256, 3]}, {'CONV': [256, 3]}), ({'CONV': [64, 3]}, {'CONV': [256, 5]}, {'POOLMAX': [-1, 2]}), {'GLOBAL_AVG': None}, {'LAST_DENSE': [100, 'softmax']}]",HHSE,NSGA2,,,,,0.697588169465025,,,,1683118080,4518436,,,,,,"[34, 32, 29, 16, 11, 12, 51, 11]",0.7082793531965279,-0.002592905556331,0.5,0.5,1.0,0.0,0.03,0,0,0,100,0,0.0,BEST,False,False,275,True,True,GREEDY,,,GREEDY_HV
BJWAIC[M],19,20,9,3,0.09,True,True,"[2, 43, 37, 52, 53, 6, 54, 23]",[],"[2.6766238286788493, 43.4162644549033, 37.35345691857322, 52.38770828765019, 53.61162179742704, 6.020214823960505, 54.296580034328755, 23.727948884960064]","[{'INP': 32}, {'CONV': [64, 3]}, ({'CONV': [32, 3]}, {'CONV': [64, 3]}), ({'CONV': [128, 5]}, {'CONV': [64, 5]}, {'POOLMAX': [-1, 2]}), ({'CONV': [128, 3]}, {'CONV': [128, 5]}), ({'CONV': [256, 3]}, {'CONV': [128, 3]}, {'POOLMAX': [-1, 2]}), ({'CONV': [256, 3]}, {'CONV': [128, 5]}), ({'CONV': [32, 3]}, {'CONV': [256, 3]}, {'POOLMAX': [-1, 2]}), ({'CONV': [256, 3]}, {'CONV': [256, 3]}), ({'CONV': [64, 3]}, {'CONV': [256, 5]}, {'POOLMAX': [-1, 2]}), {'GLOBAL_AVG': None}, {'LAST_DENSE': [100, 'softmax']}]",HHSE,NSGA2,,,,,0.697588169465025,,,,1683118080,4518436,,,,,,"[34, 32, 29, 16, 11, 12, 51, 11]",0.7079537876429198,-0.0029624763580332,0.5,0.5,1.0,0.0,0.03,0,0,0,100,0,0.0,BEST,False,False,275,True,True,GREEDY,,,GREEDY_HV
BJWAIC[M],19,20,10,3,0.1,True,True,"[2, 43, 37, 52, 53, 6, 54, 23]",[],"[2.6766238286788493, 43.4162644549033, 37.35345691857322, 52.38770828765019, 53.61162179742704, 6.020214823960505, 54.296580034328755, 23.727948884960064]","[{'INP': 32}, {'CONV': [64, 3]}, ({'CONV': [32, 3]}, {'CONV': [64, 3]}), ({'CONV': [128, 5]}, {'CONV': [64, 5]}, {'POOLMAX': [-1, 2]}), ({'CONV': [128, 3]}, {'CONV': [128, 5]}), ({'CONV': [256, 3]}, {'CONV': [128, 3]}, {'POOLMAX': [-1, 2]}), ({'CONV': [256, 3]}, {'CONV': [128, 5]}), ({'CONV': [32, 3]}, {'CONV': [256, 3]}, {'POOLMAX': [-1, 2]}), ({'CONV': [256, 3]}, {'CONV': [256, 3]}), ({'CONV': [64, 3]}, {'CONV': [256, 5]}, {'POOLMAX': [-1, 2]}), {'GLOBAL_AVG': None}, {'LAST_DENSE': [100, 'softmax']}]",HHSE,NSGA2,,,,,0.697588169465025,,,,1683118080,4518436,,,,,,"[34, 32, 29, 16, 11, 12, 51, 11]",0.7082344956633824,-0.0027742071894562,0.5,0.5,1.0,0.0,0.03,0,1,0,100,0,0.01,BEST,False,False,275,True,True,GREEDY,,,GREEDY_HV
BJWAIC[M],19,20,11,3,0.11,True,True,"[2, 43, 37, 52, 53, 6, 54, 23]",[],"[2.6766238286788493, 43.4162644549033, 37.35345691857322, 52.38770828765019, 53.61162179742704, 6.020214823960505, 54.296580034328755, 23.727948884960064]","[{'INP': 32}, {'CONV': [64, 3]}, ({'CONV': [32, 3]}, {'CONV': [64, 3]}), ({'CONV': [128, 5]}, {'CONV': [64, 5]}, {'POOLMAX': [-1, 2]}), ({'CONV': [128, 3]}, {'CONV': [128, 5]}), ({'CONV': [256, 3]}, {'CONV': [128, 3]}, {'POOLMAX': [-1, 2]}), ({'CONV': [256, 3]}, {'CONV': [128, 5]}), ({'CONV': [32, 3]}, {'CONV': [256, 3]}, {'POOLMAX': [-1, 2]}), ({'CONV': [256, 3]}, {'CONV': [256, 3]}), ({'CONV': [64, 3]}, {'CONV': [256, 5]}, {'POOLMAX': [-1, 2]}), {'GLOBAL_AVG': None}, {'LAST_DENSE': [100, 'softmax']}]",HHSE,NSGA2,,,,,0.697588169465025,,,,1683118080,4518436,,,,,,"[34, 32, 29, 16, 11, 12, 51, 11]",0.7101007480781836,-0.000175873527085,0.5,0.5,1.0,0.0,0.03,0,1,0,100,0,0.01,BEST,False,False,275,True,True,GREEDY,,,GREEDY_HV
BJWAIC[M],19,20,12,3,0.12,True,True,"[2, 43, 37, 52, 53, 6, 54, 23]",[],"[2.6766238286788493, 43.4162644549033, 37.35345691857322, 52.38770828765019, 53.61162179742704, 6.020214823960505, 54.296580034328755, 23.727948884960064]","[{'INP': 32}, {'CONV': [64, 3]}, ({'CONV': [32, 3]}, {'CONV': [64, 3]}), ({'CONV': [128, 5]}, {'CONV': [64, 5]}, {'POOLMAX': [-1, 2]}), ({'CONV': [128, 3]}, {'CONV': [128, 5]}), ({'CONV': [256, 3]}, {'CONV': [128, 3]}, {'POOLMAX': [-1, 2]}), ({'CONV': [256, 3]}, {'CONV': [128, 5]}), ({'CONV': [32, 3]}, {'CONV': [256, 3]}, {'POOLMAX': [-1, 2]}), ({'CONV': [256, 3]}, {'CONV': [256, 3]}), ({'CONV': [64, 3]}, {'CONV': [256, 5]}, {'POOLMAX': [-1, 2]}), {'GLOBAL_AVG': None}, {'LAST_DENSE': [100, 'softmax']}]",HHSE,NSGA2,,,,,0.697588169465025,,,,1683118080,4518436,,,,,,"[34, 32, 29, 16, 11, 12, 51, 11]",0.7105563512956448,-0.0014144562156545,0.5,0.5,1.0,0.0,0.03,0,2,0,100,0,0.02,BEST,False,False,275,True,True,GREEDY,,,GREEDY_HV
BJWAIC[M],19,20,13,3,0.13,True,True,"[2, 43, 37, 52, 53, 6, 54, 23]",[],"[2.6766238286788493, 43.4162644549033, 37.35345691857322, 52.38770828765019, 53.61162179742704, 6.020214823960505, 54.296580034328755, 23.727948884960064]","[{'INP': 32}, {'CONV': [64, 3]}, ({'CONV': [32, 3]}, {'CONV': [64, 3]}), ({'CONV': [128, 5]}, {'CONV': [64, 5]}, {'POOLMAX': [-1, 2]}), ({'CONV': [128, 3]}, {'CONV': [128, 5]}), ({'CONV': [256, 3]}, {'CONV': [128, 3]}, {'POOLMAX': [-1, 2]}), ({'CONV': [256, 3]}, {'CONV': [128, 5]}), ({'CONV': [32, 3]}, {'CONV': [256, 3]}, {'POOLMAX': [-1, 2]}), ({'CONV': [256, 3]}, {'CONV': [256, 3]}), ({'CONV': [64, 3]}, {'CONV': [256, 5]}, {'POOLMAX': [-1, 2]}), {'GLOBAL_AVG': None}, {'LAST_DENSE': [100, 'softmax']}]",HHSE,NSGA2,,,,,0.697588169465025,,,,1683118080,4518436,,,,,,"[34, 32, 29, 16, 11, 12, 51, 11]",0.714766952895965,-0.0007812881600438,0.5,0.5,1.0,0.0,0.03,0,2,0,100,0,0.02,BEST,False,False,275,True,True,GREEDY,,,GREEDY_HV
BJWAIC[M],19,20,14,3,0.14,True,True,"[2, 43, 37, 52, 53, 6, 54, 23]",[],"[2.6766238286788493, 43.4162644549033, 37.35345691857322, 52.38770828765019, 53.61162179742704, 6.020214823960505, 54.296580034328755, 23.727948884960064]","[{'INP': 32}, {'CONV': [64, 3]}, ({'CONV': [32, 3]}, {'CONV': [64, 3]}), ({'CONV': [128, 5]}, {'CONV': [64, 5]}, {'POOLMAX': [-1, 2]}), ({'CONV': [128, 3]}, {'CONV': [128, 5]}), ({'CONV': [256, 3]}, {'CONV': [128, 3]}, {'POOLMAX': [-1, 2]}), ({'CONV': [256, 3]}, {'CONV': [128, 5]}), ({'CONV': [32, 3]}, {'CONV': [256, 3]}, {'POOLMAX': [-1, 2]}), ({'CONV': [256, 3]}, {'CONV': [256, 3]}), ({'CONV': [64, 3]}, {'CONV': [256, 5]}, {'POOLMAX': [-1, 2]}), {'GLOBAL_AVG': None}, {'LAST_DENSE': [100, 'softmax']}]",HHSE,NSGA2,,,,,0.697588169465025,,,,1683118080,4518436,,,,,,"[34, 32, 29, 16, 11, 12, 51, 11]",0.7145481924573907,-0.0006396265571289,0.5,0.5,1.0,0.0,0.03,0,0,0,100,0,0.0,BEST,False,False,275,True,True,GREEDY,,,GREEDY_HV
BJWAIC[M],19,20,15,3,0.15,True,True,"[2, 43, 37, 52, 53, 6, 54, 23]",[],"[2.6766238286788493, 43.4162644549033, 37.35345691857322, 52.38770828765019, 53.61162179742704, 6.020214823960505, 54.296580034328755, 23.727948884960064]","[{'INP': 32}, {'CONV': [64, 3]}, ({'CONV': [32, 3]}, {'CONV': [64, 3]}), ({'CONV': [128, 5]}, {'CONV': [64, 5]}, {'POOLMAX': [-1, 2]}), ({'CONV': [128, 3]}, {'CONV': [128, 5]}), ({'CONV': [256, 3]}, {'CONV': [128, 3]}, {'POOLMAX': [-1, 2]}), ({'CONV': [256, 3]}, {'CONV': [128, 5]}), ({'CONV': [32, 3]}, {'CONV': [256, 3]}, {'POOLMAX': [-1, 2]}), ({'CONV': [256, 3]}, {'CONV': [256, 3]}), ({'CONV': [64, 3]}, {'CONV': [256, 5]}, {'POOLMAX': [-1, 2]}), {'GLOBAL_AVG': None}, {'LAST_DENSE': [100, 'softmax']}]",HHSE,NSGA2,,,,,0.697588169465025,,,,1683118080,4518436,,,,,,"[34, 32, 29, 16, 11, 12, 51, 11]",0.7154077501712592,-0.0043499691736625,0.5,0.5,1.0,0.0,0.03,0,0,0,100,0,0.0,BEST,False,False,275,True,True,GREEDY,,,GREEDY_HV
BJWAIC[M],19,20,16,3,0.16,True,True,"[2, 43, 37, 52, 53, 6, 54, 23]",[],"[2.6766238286788493, 43.4162644549033, 37.35345691857322, 52.38770828765019, 53.61162179742704, 6.020214823960505, 54.296580034328755, 23.727948884960064]","[{'INP': 32}, {'CONV': [64, 3]}, ({'CONV': [32, 3]}, {'CONV': [64, 3]}), ({'CONV': [128, 5]}, {'CONV': [64, 5]}, {'POOLMAX': [-1, 2]}), ({'CONV': [128, 3]}, {'CONV': [128, 5]}), ({'CONV': [256, 3]}, {'CONV': [128, 3]}, {'POOLMAX': [-1, 2]}), ({'CONV': [256, 3]}, {'CONV': [128, 5]}), ({'CONV': [32, 3]}, {'CONV': [256, 3]}, {'POOLMAX': [-1, 2]}), ({'CONV': [256, 3]}, {'CONV': [256, 3]}), ({'CONV': [64, 3]}, {'CONV': [256, 5]}, {'POOLMAX': [-1, 2]}), {'GLOBAL_AVG': None}, {'LAST_DENSE': [100, 'softmax']}]",HHSE,NSGA2,,,,,0.697588169465025,,,,1683118080,4518436,,,,,,"[34, 32, 29, 16, 11, 12, 51, 11]",0.7155636058758679,-0.0002466600390975,0.5,0.5,1.0,0.0,0.03,0,1,0,100,0,0.01,BEST,False,False,275,True,True,GREEDY,,,GREEDY_HV
BJWAIC[M],19,20,17,3,0.17,True,True,"[2, 43, 37, 52, 53, 6, 54, 23]",[],"[2.6766238286788493, 43.4162644549033, 37.35345691857322, 52.38770828765019, 53.61162179742704, 6.020214823960505, 54.296580034328755, 23.727948884960064]","[{'INP': 32}, {'CONV': [64, 3]}, ({'CONV': [32, 3]}, {'CONV': [64, 3]}), ({'CONV': [128, 5]}, {'CONV': [64, 5]}, {'POOLMAX': [-1, 2]}), ({'CONV': [128, 3]}, {'CONV': [128, 5]}), ({'CONV': [256, 3]}, {'CONV': [128, 3]}, {'POOLMAX': [-1, 2]}), ({'CONV': [256, 3]}, {'CONV': [128, 5]}), ({'CONV': [32, 3]}, {'CONV': [256, 3]}, {'POOLMAX': [-1, 2]}), ({'CONV': [256, 3]}, {'CONV': [256, 3]}), ({'CONV': [64, 3]}, {'CONV': [256, 5]}, {'POOLMAX': [-1, 2]}), {'GLOBAL_AVG': None}, {'LAST_DENSE': [100, 'softmax']}]",HHSE,NSGA2,,,,,0.697588169465025,,,,1683118080,4518436,,,,,,"[34, 32, 29, 16, 11, 12, 51, 11]",0.7154588560356404,-0.0006903994855261,0.5,0.5,1.0,0.0,0.03,0,0,0,100,0,0.0,BEST,False,False,275,True,True,GREEDY,,,GREEDY_HV
BJWAIC[M],19,20,18,3,0.18,True,True,"[2, 43, 37, 52, 53, 6, 54, 23]",[],"[2.6766238286788493, 43.4162644549033, 37.35345691857322, 52.38770828765019, 53.61162179742704, 6.020214823960505, 54.296580034328755, 23.727948884960064]","[{'INP': 32}, {'CONV': [64, 3]}, ({'CONV': [32, 3]}, {'CONV': [64, 3]}), ({'CONV': [128, 5]}, {'CONV': [64, 5]}, {'POOLMAX': [-1, 2]}), ({'CONV': [128, 3]}, {'CONV': [128, 5]}), ({'CONV': [256, 3]}, {'CONV': [128, 3]}, {'POOLMAX': [-1, 2]}), ({'CONV': [256, 3]}, {'CONV': [128, 5]}), ({'CONV': [32, 3]}, {'CONV': [256, 3]}, {'POOLMAX': [-1, 2]}), ({'CONV': [256, 3]}, {'CONV': [256, 3]}), ({'CONV': [64, 3]}, {'CONV': [256, 5]}, {'POOLMAX': [-1, 2]}), {'GLOBAL_AVG': None}, {'LAST_DENSE': [100, 'softmax']}]",HHSE,NSGA2,,,,,0.697588169465025,,,,1683118080,4518436,,,,,,"[34, 32, 29, 16, 11, 12, 51, 11]",0.7154753820628817,-0.0005249951686145,0.5,0.5,1.0,0.0,0.03,0,0,0,100,0,0.0,BEST,False,False,275,True,True,GREEDY,,,GREEDY_HV
BJWAIC[M],19,20,19,3,0.19,True,True,"[2, 43, 37, 52, 53, 6, 54, 23]",[],"[2.6766238286788493, 43.4162644549033, 37.35345691857322, 52.38770828765019, 53.61162179742704, 6.020214823960505, 54.296580034328755, 23.727948884960064]","[{'INP': 32}, {'CONV': [64, 3]}, ({'CONV': [32, 3]}, {'CONV': [64, 3]}), ({'CONV': [128, 5]}, {'CONV': [64, 5]}, {'POOLMAX': [-1, 2]}), ({'CONV': [128, 3]}, {'CONV': [128, 5]}), ({'CONV': [256, 3]}, {'CONV': [128, 3]}, {'POOLMAX': [-1, 2]}), ({'CONV': [256, 3]}, {'CONV': [128, 5]}), ({'CONV': [32, 3]}, {'CONV': [256, 3]}, {'POOLMAX': [-1, 2]}), ({'CONV': [256, 3]}, {'CONV': [256, 3]}), ({'CONV': [64, 3]}, {'CONV': [256, 5]}, {'POOLMAX': [-1, 2]}), {'GLOBAL_AVG': None}, {'LAST_DENSE': [100, 'softmax']}]",HHSE,NSGA2,,,,,0.697588169465025,,,,1683118080,4518436,,,,,,"[34, 32, 29, 16, 11, 12, 51, 11]",0.7155965643072512,-0.0038846774449814,0.5,0.5,1.0,0.0,0.03,0,0,0,100,0,0.0,BEST,False,False,275,True,True,GREEDY,,,GREEDY_HV
BJWAIC[M],19,20,20,3,0.2,True,True,"[2, 43, 37, 52, 53, 6, 54, 23]",[],"[2.6766238286788493, 43.4162644549033, 37.35345691857322, 52.38770828765019, 53.61162179742704, 6.020214823960505, 54.296580034328755, 23.727948884960064]","[{'INP': 32}, {'CONV': [64, 3]}, ({'CONV': [32, 3]}, {'CONV': [64, 3]}), ({'CONV': [128, 5]}, {'CONV': [64, 5]}, {'POOLMAX': [-1, 2]}), ({'CONV': [128, 3]}, {'CONV': [128, 5]}), ({'CONV': [256, 3]}, {'CONV': [128, 3]}, {'POOLMAX': [-1, 2]}), ({'CONV': [256, 3]}, {'CONV': [128, 5]}), ({'CONV': [32, 3]}, {'CONV': [256, 3]}, {'POOLMAX': [-1, 2]}), ({'CONV': [256, 3]}, {'CONV': [256, 3]}), ({'CONV': [64, 3]}, {'CONV': [256, 5]}, {'POOLMAX': [-1, 2]}), {'GLOBAL_AVG': None}, {'LAST_DENSE': [100, 'softmax']}]",HHSE,NSGA2,,,,,0.697588169465025,,,,1683118080,4518436,,,,,,"[34, 32, 29, 16, 11, 12, 51, 11]",0.715740333504997,-0.000386419417256,0.5,0.5,1.0,0.0,0.03,0,0,0,100,0,0.0,BEST,False,False,275,True,True,GREEDY,,,GREEDY_HV
BJWAIC[M],19,20,21,3,0.21,True,True,"[2, 43, 37, 52, 53, 6, 54, 23]",[],"[2.6766238286788493, 43.4162644549033, 37.35345691857322, 52.38770828765019, 53.61162179742704, 6.020214823960505, 54.296580034328755, 23.727948884960064]","[{'INP': 32}, {'CONV': [64, 3]}, ({'CONV': [32, 3]}, {'CONV': [64, 3]}), ({'CONV': [128, 5]}, {'CONV': [64, 5]}, {'POOLMAX': [-1, 2]}), ({'CONV': [128, 3]}, {'CONV': [128, 5]}), ({'CONV': [256, 3]}, {'CONV': [128, 3]}, {'POOLMAX': [-1, 2]}), ({'CONV': [256, 3]}, {'CONV': [128, 5]}), ({'CONV': [32, 3]}, {'CONV': [256, 3]}, {'POOLMAX': [-1, 2]}), ({'CONV': [256, 3]}, {'CONV': [256, 3]}), ({'CONV': [64, 3]}, {'CONV': [256, 5]}, {'POOLMAX': [-1, 2]}), {'GLOBAL_AVG': None}, {'LAST_DENSE': [100, 'softmax']}]",HHSE,NSGA2,,,,,0.697588169465025,,,,1683118080,4518436,,,,,,"[34, 32, 29, 16, 11, 12, 51, 11]",0.7157553925606497,-0.0004682130372074,0.5,0.5,1.0,0.0,0.03,0,0,0,100,0,0.0,BEST,False,False,275,True,True,GREEDY,,,GREEDY_HV
BJWAIC[M],19,20,22,3,0.22,True,True,"[2, 43, 37, 52, 53, 6, 54, 23]",[],"[2.6766238286788493, 43.4162644549033, 37.35345691857322, 52.38770828765019, 53.61162179742704, 6.020214823960505, 54.296580034328755, 23.727948884960064]","[{'INP': 32}, {'CONV': [64, 3]}, ({'CONV': [32, 3]}, {'CONV': [64, 3]}), ({'CONV': [128, 5]}, {'CONV': [64, 5]}, {'POOLMAX': [-1, 2]}), ({'CONV': [128, 3]}, {'CONV': [128, 5]}), ({'CONV': [256, 3]}, {'CONV': [128, 3]}, {'POOLMAX': [-1, 2]}), ({'CONV': [256, 3]}, {'CONV': [128, 5]}), ({'CONV': [32, 3]}, {'CONV': [256, 3]}, {'POOLMAX': [-1, 2]}), ({'CONV': [256, 3]}, {'CONV': [256, 3]}), ({'CONV': [64, 3]}, {'CONV': [256, 5]}, {'POOLMAX': [-1, 2]}), {'GLOBAL_AVG': None}, {'LAST_DENSE': [100, 'softmax']}]",HHSE,NSGA2,,,,,0.697588169465025,,,,1683118080,4518436,,,,,,"[34, 32, 29, 16, 11, 12, 51, 11]",0.716126616817748,-6.042605171963089e-05,0.5,0.5,1.0,0.0,0.03,0,0,0,100,0,0.0,BEST,False,False,275,True,True,GREEDY,,,GREEDY_HV
BJWAIC[M],19,20,23,3,0.23,True,True,"[2, 43, 37, 52, 53, 6, 54, 23]",[],"[2.6766238286788493, 43.4162644549033, 37.35345691857322, 52.38770828765019, 53.61162179742704, 6.020214823960505, 54.296580034328755, 23.727948884960064]","[{'INP': 32}, {'CONV': [64, 3]}, ({'CONV': [32, 3]}, {'CONV': [64, 3]}), ({'CONV': [128, 5]}, {'CONV': [64, 5]}, {'POOLMAX': [-1, 2]}), ({'CONV': [128, 3]}, {'CONV': [128, 5]}), ({'CONV': [256, 3]}, {'CONV': [128, 3]}, {'POOLMAX': [-1, 2]}), ({'CONV': [256, 3]}, {'CONV': [128, 5]}), ({'CONV': [32, 3]}, {'CONV': [256, 3]}, {'POOLMAX': [-1, 2]}), ({'CONV': [256, 3]}, {'CONV': [256, 3]}), ({'CONV': [64, 3]}, {'CONV': [256, 5]}, {'POOLMAX': [-1, 2]}), {'GLOBAL_AVG': None}, {'LAST_DENSE': [100, 'softmax']}]",HHSE,NSGA2,,,,,0.697588169465025,,,,1683118080,4518436,,,,,,"[34, 32, 29, 16, 11, 12, 51, 11]",0.7161406955308176,-0.0001476958197199,0.5,0.5,1.0,0.0,0.03,0,0,0,100,0,0.0,BEST,False,False,275,True,True,GREEDY,,,GREEDY_HV
BJWAIC[M],19,20,24,3,0.24,True,True,"[2, 43, 37, 52, 53, 6, 54, 23]",[],"[2.6766238286788493, 43.4162644549033, 37.35345691857322, 52.38770828765019, 53.61162179742704, 6.020214823960505, 54.296580034328755, 23.727948884960064]","[{'INP': 32}, {'CONV': [64, 3]}, ({'CONV': [32, 3]}, {'CONV': [64, 3]}), ({'CONV': [128, 5]}, {'CONV': [64, 5]}, {'POOLMAX': [-1, 2]}), ({'CONV': [128, 3]}, {'CONV': [128, 5]}), ({'CONV': [256, 3]}, {'CONV': [128, 3]}, {'POOLMAX': [-1, 2]}), ({'CONV': [256, 3]}, {'CONV': [128, 5]}), ({'CONV': [32, 3]}, {'CONV': [256, 3]}, {'POOLMAX': [-1, 2]}), ({'CONV': [256, 3]}, {'CONV': [256, 3]}), ({'CONV': [64, 3]}, {'CONV': [256, 5]}, {'POOLMAX': [-1, 2]}), {'GLOBAL_AVG': None}, {'LAST_DENSE': [100, 'softmax']}]",HHSE,NSGA2,,,,,0.697588169465025,,,,1683118080,4518436,,,,,,"[34, 32, 29, 16, 11, 12, 51, 11]",0.7161941447499641,-5.5365704842658126e-05,0.5,0.5,1.0,0.0,0.03,0,0,0,100,0,0.0,BEST,False,False,275,True,True,GREEDY,,,GREEDY_HV
BJWAIC[M],19,20,25,3,0.25,True,True,"[2, 43, 37, 52, 53, 6, 54, 23]",[],"[2.6766238286788493, 43.4162644549033, 37.35345691857322, 52.38770828765019, 53.61162179742704, 6.020214823960505, 54.296580034328755, 23.727948884960064]","[{'INP': 32}, {'CONV': [64, 3]}, ({'CONV': [32, 3]}, {'CONV': [64, 3]}), ({'CONV': [128, 5]}, {'CONV': [64, 5]}, {'POOLMAX': [-1, 2]}), ({'CONV': [128, 3]}, {'CONV': [128, 5]}), ({'CONV': [256, 3]}, {'CONV': [128, 3]}, {'POOLMAX': [-1, 2]}), ({'CONV': [256, 3]}, {'CONV': [128, 5]}), ({'CONV': [32, 3]}, {'CONV': [256, 3]}, {'POOLMAX': [-1, 2]}), ({'CONV': [256, 3]}, {'CONV': [256, 3]}), ({'CONV': [64, 3]}, {'CONV': [256, 5]}, {'POOLMAX': [-1, 2]}), {'GLOBAL_AVG': None}, {'LAST_DENSE': [100, 'softmax']}]",HHSE,NSGA2,,,,,0.697588169465025,,,,1683118080,4518436,,,,,,"[34, 32, 29, 16, 11, 12, 51, 11]",0.7167492422096976,-0.0001053499091716,0.5,0.5,1.0,0.0,0.03,0,0,0,100,0,0.0,BEST,False,False,275,True,True,GREEDY,,,GREEDY_HV
BJWAIC[M],19,20,26,3,0.26,True,True,"[2, 43, 37, 52, 53, 6, 54, 23]",[],"[2.6766238286788493, 43.4162644549033, 37.35345691857322, 52.38770828765019, 53.61162179742704, 6.020214823960505, 54.296580034328755, 23.727948884960064]","[{'INP': 32}, {'CONV': [64, 3]}, ({'CONV': [32, 3]}, {'CONV': [64, 3]}), ({'CONV': [128, 5]}, {'CONV': [64, 5]}, {'POOLMAX': [-1, 2]}), ({'CONV': [128, 3]}, {'CONV': [128, 5]}), ({'CONV': [256, 3]}, {'CONV': [128, 3]}, {'POOLMAX': [-1, 2]}), ({'CONV': [256, 3]}, {'CONV': [128, 5]}), ({'CONV': [32, 3]}, {'CONV': [256, 3]}, {'POOLMAX': [-1, 2]}), ({'CONV': [256, 3]}, {'CONV': [256, 3]}), ({'CONV': [64, 3]}, {'CONV': [256, 5]}, {'POOLMAX': [-1, 2]}), {'GLOBAL_AVG': None}, {'LAST_DENSE': [100, 'softmax']}]",HHSE,NSGA2,,,,,0.697588169465025,,,,1683118080,4518436,,,,,,"[34, 32, 29, 16, 11, 12, 51, 11]",0.7169096037126463,-0.0016174139296041,0.5,0.5,1.0,0.0,0.03,0,0,0,100,0,0.0,BEST,False,False,275,True,True,GREEDY,,,GREEDY_HV
BJWAIC[M],19,20,27,3,0.27,True,True,"[2, 43, 37, 52, 53, 6, 54, 23]",[],"[2.6766238286788493, 43.4162644549033, 37.35345691857322, 52.38770828765019, 53.61162179742704, 6.020214823960505, 54.296580034328755, 23.727948884960064]","[{'INP': 32}, {'CONV': [64, 3]}, ({'CONV': [32, 3]}, {'CONV': [64, 3]}), ({'CONV': [128, 5]}, {'CONV': [64, 5]}, {'POOLMAX': [-1, 2]}), ({'CONV': [128, 3]}, {'CONV': [128, 5]}), ({'CONV': [256, 3]}, {'CONV': [128, 3]}, {'POOLMAX': [-1, 2]}), ({'CONV': [256, 3]}, {'CONV': [128, 5]}), ({'CONV': [32, 3]}, {'CONV': [256, 3]}, {'POOLMAX': [-1, 2]}), ({'CONV': [256, 3]}, {'CONV': [256, 3]}), ({'CONV': [64, 3]}, {'CONV': [256, 5]}, {'POOLMAX': [-1, 2]}), {'GLOBAL_AVG': None}, {'LAST_DENSE': [100, 'softmax']}]",HHSE,NSGA2,,,,,0.697588169465025,,,,1683118080,4518436,,,,,,"[34, 32, 29, 16, 11, 12, 51, 11]",0.7168807228682981,-0.0001663784855806,0.5,0.5,1.0,0.0,0.03,0,1,0,100,0,0.01,BEST,False,False,275,True,True,GREEDY,,,GREEDY_HV
BJWAIC[M],19,20,28,3,0.28,True,True,"[2, 43, 37, 52, 53, 6, 54, 23]",[],"[2.6766238286788493, 43.4162644549033, 37.35345691857322, 52.38770828765019, 53.61162179742704, 6.020214823960505, 54.296580034328755, 23.727948884960064]","[{'INP': 32}, {'CONV': [64, 3]}, ({'CONV': [32, 3]}, {'CONV': [64, 3]}), ({'CONV': [128, 5]}, {'CONV': [64, 5]}, {'POOLMAX': [-1, 2]}), ({'CONV': [128, 3]}, {'CONV': [128, 5]}), ({'CONV': [256, 3]}, {'CONV': [128, 3]}, {'POOLMAX': [-1, 2]}), ({'CONV': [256, 3]}, {'CONV': [128, 5]}), ({'CONV': [32, 3]}, {'CONV': [256, 3]}, {'POOLMAX': [-1, 2]}), ({'CONV': [256, 3]}, {'CONV': [256, 3]}), ({'CONV': [64, 3]}, {'CONV': [256, 5]}, {'POOLMAX': [-1, 2]}), {'GLOBAL_AVG': None}, {'LAST_DENSE': [100, 'softmax']}]",HHSE,NSGA2,,,,,0.697588169465025,,,,1683118080,4518436,,,,,,"[34, 32, 29, 16, 11, 12, 51, 11]",0.7168983257664635,-0.0002288069035959,0.5,0.5,1.0,0.0,0.03,0,0,0,100,0,0.0,BEST,False,False,275,True,True,GREEDY,,,GREEDY_HV
BJWAIC[M],19,20,29,3,0.29,True,True,"[2, 43, 37, 52, 53, 6, 54, 23]",[],"[2.6766238286788493, 43.4162644549033, 37.35345691857322, 52.38770828765019, 53.61162179742704, 6.020214823960505, 54.296580034328755, 23.727948884960064]","[{'INP': 32}, {'CONV': [64, 3]}, ({'CONV': [32, 3]}, {'CONV': [64, 3]}), ({'CONV': [128, 5]}, {'CONV': [64, 5]}, {'POOLMAX': [-1, 2]}), ({'CONV': [128, 3]}, {'CONV': [128, 5]}), ({'CONV': [256, 3]}, {'CONV': [128, 3]}, {'POOLMAX': [-1, 2]}), ({'CONV': [256, 3]}, {'CONV': [128, 5]}), ({'CONV': [32, 3]}, {'CONV': [256, 3]}, {'POOLMAX': [-1, 2]}), ({'CONV': [256, 3]}, {'CONV': [256, 3]}), ({'CONV': [64, 3]}, {'CONV': [256, 5]}, {'POOLMAX': [-1, 2]}), {'GLOBAL_AVG': None}, {'LAST_DENSE': [100, 'softmax']}]",HHSE,NSGA2,,,,,0.697588169465025,,,,1683118080,4518436,,,,,,"[34, 32, 29, 16, 11, 12, 51, 11]",0.7169574253479725,-9.01985159060814e-05,0.5,0.5,1.0,0.0,0.03,0,1,0,100,0,0.01,BEST,False,False,275,True,True,GREEDY,,,GREEDY_HV
BSWBVJ[M],19,20,30,30,0.3,True,True,"[44, 29, 9, 47, 22, 6, 53, 55]",[],"[44.324911590175944, 29.062456358512858, 9.00147181150325, 47.04604237156102, 22.342365917806177, 6.984241972931315, 53.83729413103901, 55.312153533967745]","[{'INP': 32}, {'CONV': [64, 3]}, ({'CONV': [128, 5]}, {'CONV': [128, 3]}), ({'CONV': [64, 5]}, {'CONV': [128, 5]}, {'POOLMAX': [-1, 2]}), ({'CONV': [32, 5]}, {'CONV': [32, 5]}), ({'CONV': [128, 5]}, {'CONV': [256, 5]}, {'POOLMAX': [-1, 2]}), ({'CONV': [64, 3]}, {'CONV': [256, 3]}), ({'CONV': [32, 3]}, {'CONV': [256, 3]}, {'POOLMAX': [-1, 2]}), ({'CONV': [256, 3]}, {'CONV': [128, 5]}), ({'CONV': [256, 3]}, {'CONV': [256, 5]}, {'POOLMAX': [-1, 2]}), {'GLOBAL_AVG': None}, {'LAST_DENSE': [100, 'softmax']}]",HHSE,NSGA2,,,,,0.7002293238911508,,,,2269174784,5633444,,,,,,"[25, 12, 20, 15, 57, 61, 46, 46]",0.7169042705916695,-7.635234190805917e-05,0.625,0.375,1.0,0.875,0.3,0,0,0,100,0,0.0,BEST,False,False,247,True,True,GREEDY,,,GREEDY_HV
BSWBVJ[M],19,20,31,30,0.31,True,True,"[44, 29, 9, 47, 22, 6, 53, 55]",[],"[44.324911590175944, 29.062456358512858, 9.00147181150325, 47.04604237156102, 22.342365917806177, 6.984241972931315, 53.83729413103901, 55.312153533967745]","[{'INP': 32}, {'CONV': [64, 3]}, ({'CONV': [128, 5]}, {'CONV': [128, 3]}), ({'CONV': [64, 5]}, {'CONV': [128, 5]}, {'POOLMAX': [-1, 2]}), ({'CONV': [32, 5]}, {'CONV': [32, 5]}), ({'CONV': [128, 5]}, {'CONV': [256, 5]}, {'POOLMAX': [-1, 2]}), ({'CONV': [64, 3]}, {'CONV': [256, 3]}), ({'CONV': [32, 3]}, {'CONV': [256, 3]}, {'POOLMAX': [-1, 2]}), ({'CONV': [256, 3]}, {'CONV': [128, 5]}), ({'CONV': [256, 3]}, {'CONV': [256, 5]}, {'POOLMAX': [-1, 2]}), {'GLOBAL_AVG': None}, {'LAST_DENSE': [100, 'softmax']}]",HHSE,NSGA2,,,,,0.7002293238911508,,,,2269174784,5633444,,,,,,"[25, 12, 20, 15, 57, 61, 46, 46]",0.7187319024065957,-0.000179130849616,0.625,0.375,1.0,0.0,0.3,0,0,0,100,0,0.0,BEST,False,False,247,True,True,GREEDY,,,GREEDY_HV
BSWBVJ[M],19,20,32,30,0.32,True,True,"[44, 29, 9, 47, 22, 6, 53, 55]",[],"[44.324911590175944, 29.062456358512858, 9.00147181150325, 47.04604237156102, 22.342365917806177, 6.984241972931315, 53.83729413103901, 55.312153533967745]","[{'INP': 32}, {'CONV': [64, 3]}, ({'CONV': [128, 5]}, {'CONV': [128, 3]}), ({'CONV': [64, 5]}, {'CONV': [128, 5]}, {'POOLMAX': [-1, 2]}), ({'CONV': [32, 5]}, {'CONV': [32, 5]}), ({'CONV': [128, 5]}, {'CONV': [256, 5]}, {'POOLMAX': [-1, 2]}), ({'CONV': [64, 3]}, {'CONV': [256, 3]}), ({'CONV': [32, 3]}, {'CONV': [256, 3]}, {'POOLMAX': [-1, 2]}), ({'CONV': [256, 3]}, {'CONV': [128, 5]}), ({'CONV': [256, 3]}, {'CONV': [256, 5]}, {'POOLMAX': [-1, 2]}), {'GLOBAL_AVG': None}, {'LAST_DENSE': [100, 'softmax']}]",HHSE,NSGA2,,,,,0.7002293238911508,,,,2269174784,5633444,,,,,,"[25, 12, 20, 15, 57, 61, 46, 46]",0.7187634063958168,-0.0002061712530948,0.625,0.375,1.0,0.0,0.3,0,0,0,100,0,0.0,BEST,False,False,247,True,True,GREEDY,,,GREEDY_HV
BSWBVJ[M],19,20,33,30,0.33,True,True,"[44, 29, 9, 47, 22, 6, 53, 55]",[],"[44.324911590175944, 29.062456358512858, 9.00147181150325, 47.04604237156102, 22.342365917806177, 6.984241972931315, 53.83729413103901, 55.312153533967745]","[{'INP': 32}, {'CONV': [64, 3]}, ({'CONV': [128, 5]}, {'CONV': [128, 3]}), ({'CONV': [64, 5]}, {'CONV': [128, 5]}, {'POOLMAX': [-1, 2]}), ({'CONV': [32, 5]}, {'CONV': [32, 5]}), ({'CONV': [128, 5]}, {'CONV': [256, 5]}, {'POOLMAX': [-1, 2]}), ({'CONV': [64, 3]}, {'CONV': [256, 3]}), ({'CONV': [32, 3]}, {'CONV': [256, 3]}, {'POOLMAX': [-1, 2]}), ({'CONV': [256, 3]}, {'CONV': [128, 5]}), ({'CONV': [256, 3]}, {'CONV': [256, 5]}, {'POOLMAX': [-1, 2]}), {'GLOBAL_AVG': None}, {'LAST_DENSE': [100, 'softmax']}]",HHSE,NSGA2,,,,,0.7002293238911508,,,,2269174784,5633444,,,,,,"[25, 12, 20, 15, 57, 61, 46, 46]",0.7188770655429592,-0.0008614186382549,0.625,0.375,1.0,0.0,0.3,0,0,0,100,0,0.0,BEST,False,False,247,True,True,GREEDY,,,GREEDY_HV
BSWBVJ[M],19,20,34,30,0.34,True,True,"[44, 29, 9, 47, 22, 6, 53, 55]",[],"[44.324911590175944, 29.062456358512858, 9.00147181150325, 47.04604237156102, 22.342365917806177, 6.984241972931315, 53.83729413103901, 55.312153533967745]","[{'INP': 32}, {'CONV': [64, 3]}, ({'CONV': [128, 5]}, {'CONV': [128, 3]}), ({'CONV': [64, 5]}, {'CONV': [128, 5]}, {'POOLMAX': [-1, 2]}), ({'CONV': [32, 5]}, {'CONV': [32, 5]}), ({'CONV': [128, 5]}, {'CONV': [256, 5]}, {'POOLMAX': [-1, 2]}), ({'CONV': [64, 3]}, {'CONV': [256, 3]}), ({'CONV': [32, 3]}, {'CONV': [256, 3]}, {'POOLMAX': [-1, 2]}), ({'CONV': [256, 3]}, {'CONV': [128, 5]}), ({'CONV': [256, 3]}, {'CONV': [256, 5]}, {'POOLMAX': [-1, 2]}), {'GLOBAL_AVG': None}, {'LAST_DENSE': [100, 'softmax']}]",HHSE,NSGA2,,,,,0.7002293238911508,,,,2269174784,5633444,,,,,,"[25, 12, 20, 15, 57, 61, 46, 46]",0.7188182249053259,-0.0002657080257645,0.625,0.375,1.0,0.0,0.3,0,0,0,100,0,0.0,BEST,False,False,247,True,True,GREEDY,,,GREEDY_HV
BSWBVJ[M],19,20,35,30,0.35,True,True,"[44, 29, 9, 47, 22, 6, 53, 55]",[],"[44.324911590175944, 29.062456358512858, 9.00147181150325, 47.04604237156102, 22.342365917806177, 6.984241972931315, 53.83729413103901, 55.312153533967745]","[{'INP': 32}, {'CONV': [64, 3]}, ({'CONV': [128, 5]}, {'CONV': [128, 3]}), ({'CONV': [64, 5]}, {'CONV': [128, 5]}, {'POOLMAX': [-1, 2]}), ({'CONV': [32, 5]}, {'CONV': [32, 5]}), ({'CONV': [128, 5]}, {'CONV': [256, 5]}, {'POOLMAX': [-1, 2]}), ({'CONV': [64, 3]}, {'CONV': [256, 3]}), ({'CONV': [32, 3]}, {'CONV': [256, 3]}, {'POOLMAX': [-1, 2]}), ({'CONV': [256, 3]}, {'CONV': [128, 5]}), ({'CONV': [256, 3]}, {'CONV': [256, 5]}, {'POOLMAX': [-1, 2]}), {'GLOBAL_AVG': None}, {'LAST_DENSE': [100, 'softmax']}]",HHSE,NSGA2,,,,,0.7002293238911508,,,,2269174784,5633444,,,,,,"[25, 12, 20, 15, 57, 61, 46, 46]",0.7188407518230773,-0.0001399825915195,0.625,0.375,1.0,0.0,0.3,0,0,0,100,0,0.0,BEST,False,False,247,True,True,GREEDY,,,GREEDY_HV
BSWBVJ[M],19,20,36,30,0.36,True,True,"[44, 29, 9, 47, 22, 6, 53, 55]",[],"[44.324911590175944, 29.062456358512858, 9.00147181150325, 47.04604237156102, 22.342365917806177, 6.984241972931315, 53.83729413103901, 55.312153533967745]","[{'INP': 32}, {'CONV': [64, 3]}, ({'CONV': [128, 5]}, {'CONV': [128, 3]}), ({'CONV': [64, 5]}, {'CONV': [128, 5]}, {'POOLMAX': [-1, 2]}), ({'CONV': [32, 5]}, {'CONV': [32, 5]}), ({'CONV': [128, 5]}, {'CONV': [256, 5]}, {'POOLMAX': [-1, 2]}), ({'CONV': [64, 3]}, {'CONV': [256, 3]}), ({'CONV': [32, 3]}, {'CONV': [256, 3]}, {'POOLMAX': [-1, 2]}), ({'CONV': [256, 3]}, {'CONV': [128, 5]}), ({'CONV': [256, 3]}, {'CONV': [256, 5]}, {'POOLMAX': [-1, 2]}), {'GLOBAL_AVG': None}, {'LAST_DENSE': [100, 'softmax']}]",HHSE,NSGA2,,,,,0.7002293238911508,,,,2269174784,5633444,,,,,,"[25, 12, 20, 15, 57, 61, 46, 46]",0.7188278557052656,-0.0009335984636059,0.625,0.375,1.0,0.0,0.3,0,0,0,100,0,0.0,BEST,False,False,247,True,True,GREEDY,,,GREEDY_HV
BSWBVJ[M],19,20,37,30,0.37,True,True,"[44, 29, 9, 47, 22, 6, 53, 55]",[],"[44.324911590175944, 29.062456358512858, 9.00147181150325, 47.04604237156102, 22.342365917806177, 6.984241972931315, 53.83729413103901, 55.312153533967745]","[{'INP': 32}, {'CONV': [64, 3]}, ({'CONV': [128, 5]}, {'CONV': [128, 3]}), ({'CONV': [64, 5]}, {'CONV': [128, 5]}, {'POOLMAX': [-1, 2]}), ({'CONV': [32, 5]}, {'CONV': [32, 5]}), ({'CONV': [128, 5]}, {'CONV': [256, 5]}, {'POOLMAX': [-1, 2]}), ({'CONV': [64, 3]}, {'CONV': [256, 3]}), ({'CONV': [32, 3]}, {'CONV': [256, 3]}, {'POOLMAX': [-1, 2]}), ({'CONV': [256, 3]}, {'CONV': [128, 5]}), ({'CONV': [256, 3]}, {'CONV': [256, 5]}, {'POOLMAX': [-1, 2]}), {'GLOBAL_AVG': None}, {'LAST_DENSE': [100, 'softmax']}]",HHSE,NSGA2,,,,,0.7002293238911508,,,,2269174784,5633444,,,,,,"[25, 12, 20, 15, 57, 61, 46, 46]",0.7189101511222927,-0.0005955110194687,0.625,0.375,1.0,0.0,0.3,0,0,0,100,0,0.0,BEST,False,False,247,True,True,GREEDY,,,GREEDY_HV
BSWBVJ[M],19,20,38,30,0.38,True,True,"[44, 29, 9, 47, 22, 6, 53, 55]",[],"[44.324911590175944, 29.062456358512858, 9.00147181150325, 47.04604237156102, 22.342365917806177, 6.984241972931315, 53.83729413103901, 55.312153533967745]","[{'INP': 32}, {'CONV': [64, 3]}, ({'CONV': [128, 5]}, {'CONV': [128, 3]}), ({'CONV': [64, 5]}, {'CONV': [128, 5]}, {'POOLMAX': [-1, 2]}), ({'CONV': [32, 5]}, {'CONV': [32, 5]}), ({'CONV': [128, 5]}, {'CONV': [256, 5]}, {'POOLMAX': [-1, 2]}), ({'CONV': [64, 3]}, {'CONV': [256, 3]}), ({'CONV': [32, 3]}, {'CONV': [256, 3]}, {'POOLMAX': [-1, 2]}), ({'CONV': [256, 3]}, {'CONV': [128, 5]}), ({'CONV': [256, 3]}, {'CONV': [256, 5]}, {'POOLMAX': [-1, 2]}), {'GLOBAL_AVG': None}, {'LAST_DENSE': [100, 'softmax']}]",HHSE,NSGA2,,,,,0.7002293238911508,,,,2269174784,5633444,,,,,,"[25, 12, 20, 15, 57, 61, 46, 46]",0.718930620542602,-0.0004246994708891,0.625,0.375,1.0,0.0,0.3,0,0,0,100,0,0.0,BEST,False,False,247,True,True,GREEDY,,,GREEDY_HV
BSWBVJ[M],19,20,39,30,0.39,True,True,"[44, 29, 9, 47, 22, 6, 53, 55]",[],"[44.324911590175944, 29.062456358512858, 9.00147181150325, 47.04604237156102, 22.342365917806177, 6.984241972931315, 53.83729413103901, 55.312153533967745]","[{'INP': 32}, {'CONV': [64, 3]}, ({'CONV': [128, 5]}, {'CONV': [128, 3]}), ({'CONV': [64, 5]}, {'CONV': [128, 5]}, {'POOLMAX': [-1, 2]}), ({'CONV': [32, 5]}, {'CONV': [32, 5]}), ({'CONV': [128, 5]}, {'CONV': [256, 5]}, {'POOLMAX': [-1, 2]}), ({'CONV': [64, 3]}, {'CONV': [256, 3]}), ({'CONV': [32, 3]}, {'CONV': [256, 3]}, {'POOLMAX': [-1, 2]}), ({'CONV': [256, 3]}, {'CONV': [128, 5]}), ({'CONV': [256, 3]}, {'CONV': [256, 5]}, {'POOLMAX': [-1, 2]}), {'GLOBAL_AVG': None}, {'LAST_DENSE': [100, 'softmax']}]",HHSE,NSGA2,,,,,0.7002293238911508,,,,2269174784,5633444,,,,,,"[25, 12, 20, 15, 57, 61, 46, 46]",0.7189559070998914,-0.0001714732702019,0.625,0.375,1.0,0.0,0.3,0,0,0,100,0,0.0,BEST,False,False,247,True,True,GREEDY,,,GREEDY_HV
BCXQMR[M],19,20,40,40,0.4,True,True,"[25, 15, 39, 23, 11, 38, 54, 22]",[],"[25.313967437760443, 15.266981692094982, 39.371069023246044, 23.27264967409946, 11.073554749307016, 38.72642939966021, 54.423805178046756, 22.56537869810899]","[{'INP': 32}, {'CONV': [64, 3]}, ({'CONV': [64, 5]}, {'CONV': [32, 5]}), ({'CONV': [32, 5]}, {'CONV': [256, 5]}, {'POOLMAX': [-1, 2]}), ({'CONV': [128, 3]}, {'CONV': [256, 5]}), ({'CONV': [64, 3]}, {'CONV': [256, 5]}, {'POOLMAX': [-1, 2]}), ({'CONV': [32, 5]}, {'CONV': [64, 5]}), ({'CONV': [128, 3]}, {'CONV': [256, 3]}, {'POOLMAX': [-1, 2]}), ({'CONV': [256, 3]}, {'CONV': [256, 3]}), ({'CONV': [64, 3]}, {'CONV': [256, 3]}, {'POOLMAX': [-1, 2]}), {'GLOBAL_AVG': None}, {'LAST_DENSE': [100, 'softmax']}]",HHSE,NSGA2,,,,,0.7007066480280061,,,,1777608704,4191652,,,,,,"[0, 2, 0, 18, 0, 28, 54, 15]",0.7189844850279741,-0.0003080357484643,0.625,0.375,0.875,1.0,0.4,0,0,0,100,0,0.0,BEST,False,False,242,True,True,GREEDY,,,GREEDY_HV
BCXQMR[M],19,20,41,40,0.41,True,True,"[25, 15, 39, 23, 11, 38, 54, 22]",[],"[25.313967437760443, 15.266981692094982, 39.371069023246044, 23.27264967409946, 11.073554749307016, 38.72642939966021, 54.423805178046756, 22.56537869810899]","[{'INP': 32}, {'CONV': [64, 3]}, ({'CONV': [64, 5]}, {'CONV': [32, 5]}), ({'CONV': [32, 5]}, {'CONV': [256, 5]}, {'POOLMAX': [-1, 2]}), ({'CONV': [128, 3]}, {'CONV': [256, 5]}), ({'CONV': [64, 3]}, {'CONV': [256, 5]}, {'POOLMAX': [-1, 2]}), ({'CONV': [32, 5]}, {'CONV': [64, 5]}), ({'CONV': [128, 3]}, {'CONV': [256, 3]}, {'POOLMAX': [-1, 2]}), ({'CONV': [256, 3]}, {'CONV': [256, 3]}), ({'CONV': [64, 3]}, {'CONV': [256, 3]}, {'POOLMAX': [-1, 2]}), {'GLOBAL_AVG': None}, {'LAST_DENSE': [100, 'softmax']}]",HHSE,NSGA2,,,,,0.7007066480280061,,,,1777608704,4191652,,,,,,"[0, 2, 0, 18, 0, 28, 54, 15]",0.719544444426407,-8.708782432131912e-05,0.625,0.375,0.875,0.0,0.4,0,0,0,100,0,0.0,BEST,False,False,242,True,True,GREEDY,,,GREEDY_HV
BCXQMR[M],19,20,42,40,0.42,True,True,"[25, 15, 39, 23, 11, 38, 54, 22]",[],"[25.313967437760443, 15.266981692094982, 39.371069023246044, 23.27264967409946, 11.073554749307016, 38.72642939966021, 54.423805178046756, 22.56537869810899]","[{'INP': 32}, {'CONV': [64, 3]}, ({'CONV': [64, 5]}, {'CONV': [32, 5]}), ({'CONV': [32, 5]}, {'CONV': [256, 5]}, {'POOLMAX': [-1, 2]}), ({'CONV': [128, 3]}, {'CONV': [256, 5]}), ({'CONV': [64, 3]}, {'CONV': [256, 5]}, {'POOLMAX': [-1, 2]}), ({'CONV': [32, 5]}, {'CONV': [64, 5]}), ({'CONV': [128, 3]}, {'CONV': [256, 3]}, {'POOLMAX': [-1, 2]}), ({'CONV': [256, 3]}, {'CONV': [256, 3]}), ({'CONV': [64, 3]}, {'CONV': [256, 3]}, {'POOLMAX': [-1, 2]}), {'GLOBAL_AVG': None}, {'LAST_DENSE': [100, 'softmax']}]",HHSE,NSGA2,,,,,0.7007066480280061,,,,1777608704,4191652,,,,,,"[0, 2, 0, 18, 0, 28, 54, 15]",0.7197226835200952,-0.0003837842376434,0.625,0.375,0.875,0.0,0.4,0,0,0,100,0,0.0,BEST,False,False,242,True,True,GREEDY,,,GREEDY_HV
BCXQMR[M],19,20,43,40,0.43,True,True,"[25, 15, 39, 23, 11, 38, 54, 22]",[],"[25.313967437760443, 15.266981692094982, 39.371069023246044, 23.27264967409946, 11.073554749307016, 38.72642939966021, 54.423805178046756, 22.56537869810899]","[{'INP': 32}, {'CONV': [64, 3]}, ({'CONV': [64, 5]}, {'CONV': [32, 5]}), ({'CONV': [32, 5]}, {'CONV': [256, 5]}, {'POOLMAX': [-1, 2]}), ({'CONV': [128, 3]}, {'CONV': [256, 5]}), ({'CONV': [64, 3]}, {'CONV': [256, 5]}, {'POOLMAX': [-1, 2]}), ({'CONV': [32, 5]}, {'CONV': [64, 5]}), ({'CONV': [128, 3]}, {'CONV': [256, 3]}, {'POOLMAX': [-1, 2]}), ({'CONV': [256, 3]}, {'CONV': [256, 3]}), ({'CONV': [64, 3]}, {'CONV': [256, 3]}, {'POOLMAX': [-1, 2]}), {'GLOBAL_AVG': None}, {'LAST_DENSE': [100, 'softmax']}]",HHSE,NSGA2,,,,,0.7007066480280061,,,,1777608704,4191652,,,,,,"[0, 2, 0, 18, 0, 28, 54, 15]",0.7197660457442467,-0.0008298708666105,0.625,0.375,0.875,0.0,0.4,0,0,0,100,0,0.0,BEST,False,False,242,True,True,GREEDY,,,GREEDY_HV
BCXQMR[M],19,20,44,40,0.44,True,True,"[25, 15, 39, 23, 11, 38, 54, 22]",[],"[25.313967437760443, 15.266981692094982, 39.371069023246044, 23.27264967409946, 11.073554749307016, 38.72642939966021, 54.423805178046756, 22.56537869810899]","[{'INP': 32}, {'CONV': [64, 3]}, ({'CONV': [64, 5]}, {'CONV': [32, 5]}), ({'CONV': [32, 5]}, {'CONV': [256, 5]}, {'POOLMAX': [-1, 2]}), ({'CONV': [128, 3]}, {'CONV': [256, 5]}), ({'CONV': [64, 3]}, {'CONV': [256, 5]}, {'POOLMAX': [-1, 2]}), ({'CONV': [32, 5]}, {'CONV': [64, 5]}), ({'CONV': [128, 3]}, {'CONV': [256, 3]}, {'POOLMAX': [-1, 2]}), ({'CONV': [256, 3]}, {'CONV': [256, 3]}), ({'CONV': [64, 3]}, {'CONV': [256, 3]}, {'POOLMAX': [-1, 2]}), {'GLOBAL_AVG': None}, {'LAST_DENSE': [100, 'softmax']}]",HHSE,NSGA2,,,,,0.7007066480280061,,,,1777608704,4191652,,,,,,"[0, 2, 0, 18, 0, 28, 54, 15]",0.7197649043193717,-0.0001145749514217,0.625,0.375,0.875,0.0,0.4,0,0,0,100,0,0.0,BEST,False,False,242,True,True,GREEDY,,,GREEDY_HV
BCXQMR[M],19,20,45,40,0.45,True,True,"[25, 15, 39, 23, 11, 38, 54, 22]",[],"[25.313967437760443, 15.266981692094982, 39.371069023246044, 23.27264967409946, 11.073554749307016, 38.72642939966021, 54.423805178046756, 22.56537869810899]","[{'INP': 32}, {'CONV': [64, 3]}, ({'CONV': [64, 5]}, {'CONV': [32, 5]}), ({'CONV': [32, 5]}, {'CONV': [256, 5]}, {'POOLMAX': [-1, 2]}), ({'CONV': [128, 3]}, {'CONV': [256, 5]}), ({'CONV': [64, 3]}, {'CONV': [256, 5]}, {'POOLMAX': [-1, 2]}), ({'CONV': [32, 5]}, {'CONV': [64, 5]}), ({'CONV': [128, 3]}, {'CONV': [256, 3]}, {'POOLMAX': [-1, 2]}), ({'CONV': [256, 3]}, {'CONV': [256, 3]}), ({'CONV': [64, 3]}, {'CONV': [256, 3]}, {'POOLMAX': [-1, 2]}), {'GLOBAL_AVG': None}, {'LAST_DENSE': [100, 'softmax']}]",HHSE,NSGA2,,,,,0.7007066480280061,,,,1777608704,4191652,,,,,,"[0, 2, 0, 18, 0, 28, 54, 15]",0.7199528138400968,-0.0002243863082243,0.625,0.375,0.875,0.0,0.4,0,0,0,100,0,0.0,BEST,False,False,242,True,True,GREEDY,,,GREEDY_HV
BCXQMR[M],19,20,46,40,0.46,True,True,"[25, 15, 39, 23, 11, 38, 54, 22]",[],"[25.313967437760443, 15.266981692094982, 39.371069023246044, 23.27264967409946, 11.073554749307016, 38.72642939966021, 54.423805178046756, 22.56537869810899]","[{'INP': 32}, {'CONV': [64, 3]}, ({'CONV': [64, 5]}, {'CONV': [32, 5]}), ({'CONV': [32, 5]}, {'CONV': [256, 5]}, {'POOLMAX': [-1, 2]}), ({'CONV': [128, 3]}, {'CONV': [256, 5]}), ({'CONV': [64, 3]}, {'CONV': [256, 5]}, {'POOLMAX': [-1, 2]}), ({'CONV': [32, 5]}, {'CONV': [64, 5]}), ({'CONV': [128, 3]}, {'CONV': [256, 3]}, {'POOLMAX': [-1, 2]}), ({'CONV': [256, 3]}, {'CONV': [256, 3]}), ({'CONV': [64, 3]}, {'CONV': [256, 3]}, {'POOLMAX': [-1, 2]}), {'GLOBAL_AVG': None}, {'LAST_DENSE': [100, 'softmax']}]",HHSE,NSGA2,,,,,0.7007066480280061,,,,1777608704,4191652,,,,,,"[0, 2, 0, 18, 0, 28, 54, 15]",0.720007405455883,-0.0001520754249182,0.625,0.375,0.875,0.0,0.4,0,0,0,100,0,0.0,BEST,False,False,242,True,True,GREEDY,,,GREEDY_HV
BCXQMR[M],19,20,47,40,0.47,True,True,"[25, 15, 39, 23, 11, 38, 54, 22]",[],"[25.313967437760443, 15.266981692094982, 39.371069023246044, 23.27264967409946, 11.073554749307016, 38.72642939966021, 54.423805178046756, 22.56537869810899]","[{'INP': 32}, {'CONV': [64, 3]}, ({'CONV': [64, 5]}, {'CONV': [32, 5]}), ({'CONV': [32, 5]}, {'CONV': [256, 5]}, {'POOLMAX': [-1, 2]}), ({'CONV': [128, 3]}, {'CONV': [256, 5]}), ({'CONV': [64, 3]}, {'CONV': [256, 5]}, {'POOLMAX': [-1, 2]}), ({'CONV': [32, 5]}, {'CONV': [64, 5]}), ({'CONV': [128, 3]}, {'CONV': [256, 3]}, {'POOLMAX': [-1, 2]}), ({'CONV': [256, 3]}, {'CONV': [256, 3]}), ({'CONV': [64, 3]}, {'CONV': [256, 3]}, {'POOLMAX': [-1, 2]}), {'GLOBAL_AVG': None}, {'LAST_DENSE': [100, 'softmax']}]",HHSE,NSGA2,,,,,0.7007066480280061,,,,1777608704,4191652,,,,,,"[0, 2, 0, 18, 0, 28, 54, 15]",0.7199891726166466,-0.0002255751830855,0.625,0.375,0.875,0.0,0.4,0,0,0,100,0,0.0,BEST,False,False,242,True,True,GREEDY,,,GREEDY_HV
BCXQMR[M],19,20,48,40,0.48,True,True,"[25, 15, 39, 23, 11, 38, 54, 22]",[],"[25.313967437760443, 15.266981692094982, 39.371069023246044, 23.27264967409946, 11.073554749307016, 38.72642939966021, 54.423805178046756, 22.56537869810899]","[{'INP': 32}, {'CONV': [64, 3]}, ({'CONV': [64, 5]}, {'CONV': [32, 5]}), ({'CONV': [32, 5]}, {'CONV': [256, 5]}, {'POOLMAX': [-1, 2]}), ({'CONV': [128, 3]}, {'CONV': [256, 5]}), ({'CONV': [64, 3]}, {'CONV': [256, 5]}, {'POOLMAX': [-1, 2]}), ({'CONV': [32, 5]}, {'CONV': [64, 5]}), ({'CONV': [128, 3]}, {'CONV': [256, 3]}, {'POOLMAX': [-1, 2]}), ({'CONV': [256, 3]}, {'CONV': [256, 3]}), ({'CONV': [64, 3]}, {'CONV': [256, 3]}, {'POOLMAX': [-1, 2]}), {'GLOBAL_AVG': None}, {'LAST_DENSE': [100, 'softmax']}]",HHSE,NSGA2,,,,,0.7007066480280061,,,,1777608704,4191652,,,,,,"[0, 2, 0, 18, 0, 28, 54, 15]",0.7200596545598772,-0.0023909961239608,0.625,0.375,0.875,0.0,0.4,0,0,0,100,0,0.0,BEST,False,False,242,True,True,GREEDY,,,GREEDY_HV
BCXQMR[M],19,20,49,40,0.49,True,True,"[25, 15, 39, 23, 11, 38, 54, 22]",[],"[25.313967437760443, 15.266981692094982, 39.371069023246044, 23.27264967409946, 11.073554749307016, 38.72642939966021, 54.423805178046756, 22.56537869810899]","[{'INP': 32}, {'CONV': [64, 3]}, ({'CONV': [64, 5]}, {'CONV': [32, 5]}), ({'CONV': [32, 5]}, {'CONV': [256, 5]}, {'POOLMAX': [-1, 2]}), ({'CONV': [128, 3]}, {'CONV': [256, 5]}), ({'CONV': [64, 3]}, {'CONV': [256, 5]}, {'POOLMAX': [-1, 2]}), ({'CONV': [32, 5]}, {'CONV': [64, 5]}), ({'CONV': [128, 3]}, {'CONV': [256, 3]}, {'POOLMAX': [-1, 2]}), ({'CONV': [256, 3]}, {'CONV': [256, 3]}), ({'CONV': [64, 3]}, {'CONV': [256, 3]}, {'POOLMAX': [-1, 2]}), {'GLOBAL_AVG': None}, {'LAST_DENSE': [100, 'softmax']}]",HHSE,NSGA2,,,,,0.7007066480280061,,,,1777608704,4191652,,,,,,"[0, 2, 0, 18, 0, 28, 54, 15]",0.7200596545598772,-0.0002303317141736,0.625,0.375,0.875,0.0,0.4,0,0,0,100,0,0.0,BEST,False,False,242,True,True,GREEDY,,,GREEDY_HV
BCXQMR[M],19,20,50,40,0.5,True,True,"[25, 15, 39, 23, 11, 38, 54, 22]",[],"[25.313967437760443, 15.266981692094982, 39.371069023246044, 23.27264967409946, 11.073554749307016, 38.72642939966021, 54.423805178046756, 22.56537869810899]","[{'INP': 32}, {'CONV': [64, 3]}, ({'CONV': [64, 5]}, {'CONV': [32, 5]}), ({'CONV': [32, 5]}, {'CONV': [256, 5]}, {'POOLMAX': [-1, 2]}), ({'CONV': [128, 3]}, {'CONV': [256, 5]}), ({'CONV': [64, 3]}, {'CONV': [256, 5]}, {'POOLMAX': [-1, 2]}), ({'CONV': [32, 5]}, {'CONV': [64, 5]}), ({'CONV': [128, 3]}, {'CONV': [256, 3]}, {'POOLMAX': [-1, 2]}), ({'CONV': [256, 3]}, {'CONV': [256, 3]}), ({'CONV': [64, 3]}, {'CONV': [256, 3]}, {'POOLMAX': [-1, 2]}), {'GLOBAL_AVG': None}, {'LAST_DENSE': [100, 'softmax']}]",HHSE,NSGA2,,,,,0.7007066480280061,,,,1777608704,4191652,,,,,,"[0, 2, 0, 18, 0, 28, 54, 15]",0.7200636499813375,-0.0002631117858558,0.625,0.375,0.875,0.0,0.4,0,0,0,100,0,0.0,BEST,False,False,242,True,True,GREEDY,,,GREEDY_HV
BOGCAS[M],19,20,51,51,0.51,True,True,"[0, 30, 7, 38, 31, 5, 22, 39]",[],"[0.26169494615678485, 30.290306403637796, 7.432920578593519, 38.168390166871276, 31.57474149487821, 5.485852139281336, 22.388730153722758, 39.0585653615903]","[{'INP': 32}, {'CONV': [64, 3]}, ({'CONV': [32, 3]}, {'CONV': [32, 3]}), ({'CONV': [64, 5]}, {'CONV': [256, 3]}, {'POOLMAX': [-1, 2]}), ({'CONV': [32, 3]}, {'CONV': [256, 5]}), ({'CONV': [128, 3]}, {'CONV': [256, 3]}, {'POOLMAX': [-1, 2]}), ({'CONV': [64, 5]}, {'CONV': [256, 5]}), ({'CONV': [32, 3]}, {'CONV': [128, 5]}, {'POOLMAX': [-1, 2]}), ({'CONV': [64, 3]}, {'CONV': [256, 3]}), ({'CONV': [128, 3]}, {'CONV': [256, 5]}, {'POOLMAX': [-1, 2]}), {'GLOBAL_AVG': None}, {'LAST_DENSE': [100, 'softmax']}]",HHSE,NSGA2,,,,,0.7019749816746883,,,,1086513152,3461924,,,,,,"[0, 30, 10, 38, 30, 6, 28, 39]",0.7200672665247193,-0.0003551567004576,0.5,0.5,0.5,1.0,0.51,0,0,0,100,0,0.0,BEST,False,False,231,True,True,GREEDY,,,GREEDY_HV
BOGCAS[M],19,20,52,51,0.52,True,True,"[0, 30, 7, 38, 31, 5, 22, 39]",[],"[0.26169494615678485, 30.290306403637796, 7.432920578593519, 38.168390166871276, 31.57474149487821, 5.485852139281336, 22.388730153722758, 39.0585653615903]","[{'INP': 32}, {'CONV': [64, 3]}, ({'CONV': [32, 3]}, {'CONV': [32, 3]}), ({'CONV': [64, 5]}, {'CONV': [256, 3]}, {'POOLMAX': [-1, 2]}), ({'CONV': [32, 3]}, {'CONV': [256, 5]}), ({'CONV': [128, 3]}, {'CONV': [256, 3]}, {'POOLMAX': [-1, 2]}), ({'CONV': [64, 5]}, {'CONV': [256, 5]}), ({'CONV': [32, 3]}, {'CONV': [128, 5]}, {'POOLMAX': [-1, 2]}), ({'CONV': [64, 3]}, {'CONV': [256, 3]}), ({'CONV': [128, 3]}, {'CONV': [256, 5]}, {'POOLMAX': [-1, 2]}), {'GLOBAL_AVG': None}, {'LAST_DENSE': [100, 'softmax']}]",HHSE,NSGA2,,,,,0.7019749816746883,,,,1086513152,3461924,,,,,,"[0, 30, 10, 38, 30, 6, 28, 39]",0.7213468278192261,-0.0001312177044305,0.5,0.5,0.5,0.0,0.51,0,0,0,100,0,0.0,BEST,False,False,231,True,True,GREEDY,,,GREEDY_HV
BOGCAS[M],19,20,53,51,0.53,True,True,"[0, 30, 7, 38, 31, 5, 22, 39]",[],"[0.26169494615678485, 30.290306403637796, 7.432920578593519, 38.168390166871276, 31.57474149487821, 5.485852139281336, 22.388730153722758, 39.0585653615903]","[{'INP': 32}, {'CONV': [64, 3]}, ({'CONV': [32, 3]}, {'CONV': [32, 3]}), ({'CONV': [64, 5]}, {'CONV': [256, 3]}, {'POOLMAX': [-1, 2]}), ({'CONV': [32, 3]}, {'CONV': [256, 5]}), ({'CONV': [128, 3]}, {'CONV': [256, 3]}, {'POOLMAX': [-1, 2]}), ({'CONV': [64, 5]}, {'CONV': [256, 5]}), ({'CONV': [32, 3]}, {'CONV': [128, 5]}, {'POOLMAX': [-1, 2]}), ({'CONV': [64, 3]}, {'CONV': [256, 3]}), ({'CONV': [128, 3]}, {'CONV': [256, 5]}, {'POOLMAX': [-1, 2]}), {'GLOBAL_AVG': None}, {'LAST_DENSE': [100, 'softmax']}]",HHSE,NSGA2,,,,,0.7019749816746883,,,,1086513152,3461924,,,,,,"[0, 30, 10, 38, 30, 6, 28, 39]",0.7213768725051187,-7.604652879078522e-05,0.5,0.5,0.5,0.0,0.51,0,1,0,100,0,0.01,BEST,False,False,231,True,True,GREEDY,,,GREEDY_HV
BOGCAS[M],19,20,54,51,0.54,True,True,"[0, 30, 7, 38, 31, 5, 22, 39]",[],"[0.26169494615678485, 30.290306403637796, 7.432920578593519, 38.168390166871276, 31.57474149487821, 5.485852139281336, 22.388730153722758, 39.0585653615903]","[{'INP': 32}, {'CONV': [64, 3]}, ({'CONV': [32, 3]}, {'CONV': [32, 3]}), ({'CONV': [64, 5]}, {'CONV': [256, 3]}, {'POOLMAX': [-1, 2]}), ({'CONV': [32, 3]}, {'CONV': [256, 5]}), ({'CONV': [128, 3]}, {'CONV': [256, 3]}, {'POOLMAX': [-1, 2]}), ({'CONV': [64, 5]}, {'CONV': [256, 5]}), ({'CONV': [32, 3]}, {'CONV': [128, 5]}, {'POOLMAX': [-1, 2]}), ({'CONV': [64, 3]}, {'CONV': [256, 3]}), ({'CONV': [128, 3]}, {'CONV': [256, 5]}, {'POOLMAX': [-1, 2]}), {'GLOBAL_AVG': None}, {'LAST_DENSE': [100, 'softmax']}]",HHSE,NSGA2,,,,,0.7019749816746883,,,,1086513152,3461924,,,,,,"[0, 30, 10, 38, 30, 6, 28, 39]",0.7214100279858696,-0.0001565635981731,0.5,0.5,0.5,0.0,0.51,0,0,0,100,0,0.0,BEST,False,False,231,True,True,GREEDY,,,GREEDY_HV
BOBGCD[M][M][M],19,20,55,55,0.55,True,True,"[10, 36, 20, 23, 11, 30, 46, 55]",[],"[10.646548212034075, 36.51363572578157, 20.148338487433865, 23.206663265082966, 11.181642724602582, 30.452281882978042, 46.82931238474787, 55.93292510829816]","[{'INP': 32}, {'CONV': [64, 3]}, ({'CONV': [32, 5]}, {'CONV': [64, 3]}), ({'CONV': [128, 3]}, {'CONV': [128, 3]}, {'POOLMAX': [-1, 2]}), ({'CONV': [64, 3]}, {'CONV': [128, 3]}), ({'CONV': [64, 3]}, {'CONV': [256, 5]}, {'POOLMAX': [-1, 2]}), ({'CONV': [32, 5]}, {'CONV': [64, 5]}), ({'CONV': [64, 5]}, {'CONV': [256, 3]}, {'POOLMAX': [-1, 2]}), ({'CONV': [128, 5]}, {'CONV': [256, 3]}), ({'CONV': [256, 3]}, {'CONV': [256, 5]}, {'POOLMAX': [-1, 2]}), {'GLOBAL_AVG': None}, {'LAST_DENSE': [100, 'softmax']}]",HHSE,NSGA2,,,,,0.7022917769595497,,,,1097706496,4806180,,,,,,"[11, 33, 20, 15, 12, 26, 46, 55]",0.721536167452498,-0.0001139126571103,0.0,0.0,0.625,1.0,0.55,0,0,0,100,0,0.0,BEST,False,False,227,True,True,GREEDY,,,GREEDY_HV
BOBGCD[M][M][M],19,20,56,55,0.56,True,True,"[10, 36, 20, 23, 11, 30, 46, 55]",[],"[10.646548212034075, 36.51363572578157, 20.148338487433865, 23.206663265082966, 11.181642724602582, 30.452281882978042, 46.82931238474787, 55.93292510829816]","[{'INP': 32}, {'CONV': [64, 3]}, ({'CONV': [32, 5]}, {'CONV': [64, 3]}), ({'CONV': [128, 3]}, {'CONV': [128, 3]}, {'POOLMAX': [-1, 2]}), ({'CONV': [64, 3]}, {'CONV': [128, 3]}), ({'CONV': [64, 3]}, {'CONV': [256, 5]}, {'POOLMAX': [-1, 2]}), ({'CONV': [32, 5]}, {'CONV': [64, 5]}), ({'CONV': [64, 5]}, {'CONV': [256, 3]}, {'POOLMAX': [-1, 2]}), ({'CONV': [128, 5]}, {'CONV': [256, 3]}), ({'CONV': [256, 3]}, {'CONV': [256, 5]}, {'POOLMAX': [-1, 2]}), {'GLOBAL_AVG': None}, {'LAST_DENSE': [100, 'softmax']}]",HHSE,NSGA2,,,,,0.7022917769595497,,,,1097706496,4806180,,,,,,"[11, 33, 20, 15, 12, 26, 46, 55]",0.7218774236829035,6.21684689672275e-05,0.0,0.0,0.625,0.0,0.55,0,0,0,100,0,0.0,BEST,False,False,227,True,True,GREEDY,,,GREEDY_HV
BOBGCD[M][M][M],19,20,57,55,0.57,True,True,"[10, 36, 20, 23, 11, 30, 46, 55]",[],"[10.646548212034075, 36.51363572578157, 20.148338487433865, 23.206663265082966, 11.181642724602582, 30.452281882978042, 46.82931238474787, 55.93292510829816]","[{'INP': 32}, {'CONV': [64, 3]}, ({'CONV': [32, 5]}, {'CONV': [64, 3]}), ({'CONV': [128, 3]}, {'CONV': [128, 3]}, {'POOLMAX': [-1, 2]}), ({'CONV': [64, 3]}, {'CONV': [128, 3]}), ({'CONV': [64, 3]}, {'CONV': [256, 5]}, {'POOLMAX': [-1, 2]}), ({'CONV': [32, 5]}, {'CONV': [64, 5]}), ({'CONV': [64, 5]}, {'CONV': [256, 3]}, {'POOLMAX': [-1, 2]}), ({'CONV': [128, 5]}, {'CONV': [256, 3]}), ({'CONV': [256, 3]}, {'CONV': [256, 5]}, {'POOLMAX': [-1, 2]}), {'GLOBAL_AVG': None}, {'LAST_DENSE': [100, 'softmax']}]",HHSE,NSGA2,,,,,0.7022917769595497,,,,1097706496,4806180,,,,,,"[11, 33, 20, 15, 12, 26, 46, 55]",0.721779763079629,-0.0034534831635679,0.0,0.0,0.625,0.0,0.55,0,0,0,100,0,0.0,BEST,False,False,227,True,True,GREEDY,,,GREEDY_HV
BOBGCD[M][M][M],19,20,58,55,0.58,True,True,"[10, 36, 20, 23, 11, 30, 46, 55]",[],"[10.646548212034075, 36.51363572578157, 20.148338487433865, 23.206663265082966, 11.181642724602582, 30.452281882978042, 46.82931238474787, 55.93292510829816]","[{'INP': 32}, {'CONV': [64, 3]}, ({'CONV': [32, 5]}, {'CONV': [64, 3]}), ({'CONV': [128, 3]}, {'CONV': [128, 3]}, {'POOLMAX': [-1, 2]}), ({'CONV': [64, 3]}, {'CONV': [128, 3]}), ({'CONV': [64, 3]}, {'CONV': [256, 5]}, {'POOLMAX': [-1, 2]}), ({'CONV': [32, 5]}, {'CONV': [64, 5]}), ({'CONV': [64, 5]}, {'CONV': [256, 3]}, {'POOLMAX': [-1, 2]}), ({'CONV': [128, 5]}, {'CONV': [256, 3]}), ({'CONV': [256, 3]}, {'CONV': [256, 5]}, {'POOLMAX': [-1, 2]}), {'GLOBAL_AVG': None}, {'LAST_DENSE': [100, 'softmax']}]",HHSE,NSGA2,,,,,0.7022917769595497,,,,1097706496,4806180,,,,,,"[11, 33, 20, 15, 12, 26, 46, 55]",0.721828570032575,-0.0004700718478081,0.0,0.0,0.625,0.0,0.55,0,0,0,100,0,0.0,BEST,False,False,227,True,True,GREEDY,,,GREEDY_HV
BOBGCD[M][M][M],19,20,59,55,0.59,True,True,"[10, 36, 20, 23, 11, 30, 46, 55]",[],"[10.646548212034075, 36.51363572578157, 20.148338487433865, 23.206663265082966, 11.181642724602582, 30.452281882978042, 46.82931238474787, 55.93292510829816]","[{'INP': 32}, {'CONV': [64, 3]}, ({'CONV': [32, 5]}, {'CONV': [64, 3]}), ({'CONV': [128, 3]}, {'CONV': [128, 3]}, {'POOLMAX': [-1, 2]}), ({'CONV': [64, 3]}, {'CONV': [128, 3]}), ({'CONV': [64, 3]}, {'CONV': [256, 5]}, {'POOLMAX': [-1, 2]}), ({'CONV': [32, 5]}, {'CONV': [64, 5]}), ({'CONV': [64, 5]}, {'CONV': [256, 3]}, {'POOLMAX': [-1, 2]}), ({'CONV': [128, 5]}, {'CONV': [256, 3]}), ({'CONV': [256, 3]}, {'CONV': [256, 5]}, {'POOLMAX': [-1, 2]}), {'GLOBAL_AVG': None}, {'LAST_DENSE': [100, 'softmax']}]",HHSE,NSGA2,,,,,0.7022917769595497,,,,1097706496,4806180,,,,,,"[11, 33, 20, 15, 12, 26, 46, 55]",0.7219023505927268,-4.1383768545899535e-05,0.0,0.0,0.625,0.0,0.55,0,0,0,100,0,0.0,BEST,False,False,227,True,True,GREEDY,,,GREEDY_HV
BOBGCD[M][M][M],19,20,60,55,0.6,True,True,"[10, 36, 20, 23, 11, 30, 46, 55]",[],"[10.646548212034075, 36.51363572578157, 20.148338487433865, 23.206663265082966, 11.181642724602582, 30.452281882978042, 46.82931238474787, 55.93292510829816]","[{'INP': 32}, {'CONV': [64, 3]}, ({'CONV': [32, 5]}, {'CONV': [64, 3]}), ({'CONV': [128, 3]}, {'CONV': [128, 3]}, {'POOLMAX': [-1, 2]}), ({'CONV': [64, 3]}, {'CONV': [128, 3]}), ({'CONV': [64, 3]}, {'CONV': [256, 5]}, {'POOLMAX': [-1, 2]}), ({'CONV': [32, 5]}, {'CONV': [64, 5]}), ({'CONV': [64, 5]}, {'CONV': [256, 3]}, {'POOLMAX': [-1, 2]}), ({'CONV': [128, 5]}, {'CONV': [256, 3]}), ({'CONV': [256, 3]}, {'CONV': [256, 5]}, {'POOLMAX': [-1, 2]}), {'GLOBAL_AVG': None}, {'LAST_DENSE': [100, 'softmax']}]",HHSE,NSGA2,,,,,0.7022917769595497,,,,1097706496,4806180,,,,,,"[11, 33, 20, 15, 12, 26, 46, 55]",0.7219043662273291,-0.0001182247810992,0.0,0.0,0.625,0.0,0.55,0,0,0,100,0,0.0,BEST,False,False,227,True,True,GREEDY,,,GREEDY_HV
BOBGCD[M][M][M],19,20,61,55,0.61,True,True,"[10, 36, 20, 23, 11, 30, 46, 55]",[],"[10.646548212034075, 36.51363572578157, 20.148338487433865, 23.206663265082966, 11.181642724602582, 30.452281882978042, 46.82931238474787, 55.93292510829816]","[{'INP': 32}, {'CONV': [64, 3]}, ({'CONV': [32, 5]}, {'CONV': [64, 3]}), ({'CONV': [128, 3]}, {'CONV': [128, 3]}, {'POOLMAX': [-1, 2]}), ({'CONV': [64, 3]}, {'CONV': [128, 3]}), ({'CONV': [64, 3]}, {'CONV': [256, 5]}, {'POOLMAX': [-1, 2]}), ({'CONV': [32, 5]}, {'CONV': [64, 5]}), ({'CONV': [64, 5]}, {'CONV': [256, 3]}, {'POOLMAX': [-1, 2]}), ({'CONV': [128, 5]}, {'CONV': [256, 3]}), ({'CONV': [256, 3]}, {'CONV': [256, 5]}, {'POOLMAX': [-1, 2]}), {'GLOBAL_AVG': None}, {'LAST_DENSE': [100, 'softmax']}]",HHSE,NSGA2,,,,,0.7022917769595497,,,,1097706496,4806180,,,,,,"[11, 33, 20, 15, 12, 26, 46, 55]",0.7219609609450726,-0.0028992601222881,0.0,0.0,0.625,0.0,0.55,0,0,0,100,0,0.0,BEST,False,False,227,True,True,GREEDY,,,GREEDY_HV
BOBGCD[M][M][M],19,20,62,55,0.62,True,True,"[10, 36, 20, 23, 11, 30, 46, 55]",[],"[10.646548212034075, 36.51363572578157, 20.148338487433865, 23.206663265082966, 11.181642724602582, 30.452281882978042, 46.82931238474787, 55.93292510829816]","[{'INP': 32}, {'CONV': [64, 3]}, ({'CONV': [32, 5]}, {'CONV': [64, 3]}), ({'CONV': [128, 3]}, {'CONV': [128, 3]}, {'POOLMAX': [-1, 2]}), ({'CONV': [64, 3]}, {'CONV': [128, 3]}), ({'CONV': [64, 3]}, {'CONV': [256, 5]}, {'POOLMAX': [-1, 2]}), ({'CONV': [32, 5]}, {'CONV': [64, 5]}), ({'CONV': [64, 5]}, {'CONV': [256, 3]}, {'POOLMAX': [-1, 2]}), ({'CONV': [128, 5]}, {'CONV': [256, 3]}), ({'CONV': [256, 3]}, {'CONV': [256, 5]}, {'POOLMAX': [-1, 2]}), {'GLOBAL_AVG': None}, {'LAST_DENSE': [100, 'softmax']}]",HHSE,NSGA2,,,,,0.7022917769595497,,,,1097706496,4806180,,,,,,"[11, 33, 20, 15, 12, 26, 46, 55]",0.7220295216886208,-2.960880745928041e-05,0.0,0.0,0.625,0.0,0.55,0,0,0,100,0,0.0,BEST,False,False,227,True,True,GREEDY,,,GREEDY_HV
BOBGCD[M][M][M],19,20,63,55,0.63,True,True,"[10, 36, 20, 23, 11, 30, 46, 55]",[],"[10.646548212034075, 36.51363572578157, 20.148338487433865, 23.206663265082966, 11.181642724602582, 30.452281882978042, 46.82931238474787, 55.93292510829816]","[{'INP': 32}, {'CONV': [64, 3]}, ({'CONV': [32, 5]}, {'CONV': [64, 3]}), ({'CONV': [128, 3]}, {'CONV': [128, 3]}, {'POOLMAX': [-1, 2]}), ({'CONV': [64, 3]}, {'CONV': [128, 3]}), ({'CONV': [64, 3]}, {'CONV': [256, 5]}, {'POOLMAX': [-1, 2]}), ({'CONV': [32, 5]}, {'CONV': [64, 5]}), ({'CONV': [64, 5]}, {'CONV': [256, 3]}, {'POOLMAX': [-1, 2]}), ({'CONV': [128, 5]}, {'CONV': [256, 3]}), ({'CONV': [256, 3]}, {'CONV': [256, 5]}, {'POOLMAX': [-1, 2]}), {'GLOBAL_AVG': None}, {'LAST_DENSE': [100, 'softmax']}]",HHSE,NSGA2,,,,,0.7022917769595497,,,,1097706496,4806180,,,,,,"[11, 33, 20, 15, 12, 26, 46, 55]",0.7220416664272962,-0.0004024206389364,0.0,0.0,0.625,0.0,0.55,0,1,0,100,0,0.01,BEST,False,False,227,True,True,GREEDY,,,GREEDY_HV
BOBGCD[M][M][M],19,20,64,55,0.64,True,True,"[10, 36, 20, 23, 11, 30, 46, 55]",[],"[10.646548212034075, 36.51363572578157, 20.148338487433865, 23.206663265082966, 11.181642724602582, 30.452281882978042, 46.82931238474787, 55.93292510829816]","[{'INP': 32}, {'CONV': [64, 3]}, ({'CONV': [32, 5]}, {'CONV': [64, 3]}), ({'CONV': [128, 3]}, {'CONV': [128, 3]}, {'POOLMAX': [-1, 2]}), ({'CONV': [64, 3]}, {'CONV': [128, 3]}), ({'CONV': [64, 3]}, {'CONV': [256, 5]}, {'POOLMAX': [-1, 2]}), ({'CONV': [32, 5]}, {'CONV': [64, 5]}), ({'CONV': [64, 5]}, {'CONV': [256, 3]}, {'POOLMAX': [-1, 2]}), ({'CONV': [128, 5]}, {'CONV': [256, 3]}), ({'CONV': [256, 3]}, {'CONV': [256, 5]}, {'POOLMAX': [-1, 2]}), {'GLOBAL_AVG': None}, {'LAST_DENSE': [100, 'softmax']}]",HHSE,NSGA2,,,,,0.7022917769595497,,,,1097706496,4806180,,,,,,"[11, 33, 20, 15, 12, 26, 46, 55]",0.7220463861577049,-0.0003688262735753,0.0,0.0,0.625,0.0,0.55,0,0,0,100,0,0.0,BEST,False,False,227,True,True,GREEDY,,,GREEDY_HV
BOBGCD[M][M][M],19,20,65,55,0.65,True,True,"[10, 36, 20, 23, 11, 30, 46, 55]",[],"[10.646548212034075, 36.51363572578157, 20.148338487433865, 23.206663265082966, 11.181642724602582, 30.452281882978042, 46.82931238474787, 55.93292510829816]","[{'INP': 32}, {'CONV': [64, 3]}, ({'CONV': [32, 5]}, {'CONV': [64, 3]}), ({'CONV': [128, 3]}, {'CONV': [128, 3]}, {'POOLMAX': [-1, 2]}), ({'CONV': [64, 3]}, {'CONV': [128, 3]}), ({'CONV': [64, 3]}, {'CONV': [256, 5]}, {'POOLMAX': [-1, 2]}), ({'CONV': [32, 5]}, {'CONV': [64, 5]}), ({'CONV': [64, 5]}, {'CONV': [256, 3]}, {'POOLMAX': [-1, 2]}), ({'CONV': [128, 5]}, {'CONV': [256, 3]}), ({'CONV': [256, 3]}, {'CONV': [256, 5]}, {'POOLMAX': [-1, 2]}), {'GLOBAL_AVG': None}, {'LAST_DENSE': [100, 'softmax']}]",HHSE,NSGA2,,,,,0.7022917769595497,,,,1097706496,4806180,,,,,,"[11, 33, 20, 15, 12, 26, 46, 55]",0.7221792106441787,-1.84680059307496e-05,0.0,0.0,0.625,0.0,0.55,0,0,0,100,0,0.0,BEST,False,False,227,True,True,GREEDY,,,GREEDY_HV
BOBGCD[M][M][M],19,20,66,55,0.66,True,True,"[10, 36, 20, 23, 11, 30, 46, 55]",[],"[10.646548212034075, 36.51363572578157, 20.148338487433865, 23.206663265082966, 11.181642724602582, 30.452281882978042, 46.82931238474787, 55.93292510829816]","[{'INP': 32}, {'CONV': [64, 3]}, ({'CONV': [32, 5]}, {'CONV': [64, 3]}), ({'CONV': [128, 3]}, {'CONV': [128, 3]}, {'POOLMAX': [-1, 2]}), ({'CONV': [64, 3]}, {'CONV': [128, 3]}), ({'CONV': [64, 3]}, {'CONV': [256, 5]}, {'POOLMAX': [-1, 2]}), ({'CONV': [32, 5]}, {'CONV': [64, 5]}), ({'CONV': [64, 5]}, {'CONV': [256, 3]}, {'POOLMAX': [-1, 2]}), ({'CONV': [128, 5]}, {'CONV': [256, 3]}), ({'CONV': [256, 3]}, {'CONV': [256, 5]}, {'POOLMAX': [-1, 2]}), {'GLOBAL_AVG': None}, {'LAST_DENSE': [100, 'softmax']}]",HHSE,NSGA2,,,,,0.7022917769595497,,,,1097706496,4806180,,,,,,"[11, 33, 20, 15, 12, 26, 46, 55]",0.7222306144326323,-0.0002322029563246,0.0,0.0,0.625,0.0,0.55,0,0,0,100,0,0.0,BEST,False,False,227,True,True,GREEDY,,,GREEDY_HV
BOBGCD[M][M][M],19,20,67,55,0.67,True,True,"[10, 36, 20, 23, 11, 30, 46, 55]",[],"[10.646548212034075, 36.51363572578157, 20.148338487433865, 23.206663265082966, 11.181642724602582, 30.452281882978042, 46.82931238474787, 55.93292510829816]","[{'INP': 32}, {'CONV': [64, 3]}, ({'CONV': [32, 5]}, {'CONV': [64, 3]}), ({'CONV': [128, 3]}, {'CONV': [128, 3]}, {'POOLMAX': [-1, 2]}), ({'CONV': [64, 3]}, {'CONV': [128, 3]}), ({'CONV': [64, 3]}, {'CONV': [256, 5]}, {'POOLMAX': [-1, 2]}), ({'CONV': [32, 5]}, {'CONV': [64, 5]}), ({'CONV': [64, 5]}, {'CONV': [256, 3]}, {'POOLMAX': [-1, 2]}), ({'CONV': [128, 5]}, {'CONV': [256, 3]}), ({'CONV': [256, 3]}, {'CONV': [256, 5]}, {'POOLMAX': [-1, 2]}), {'GLOBAL_AVG': None}, {'LAST_DENSE': [100, 'softmax']}]",HHSE,NSGA2,,,,,0.7022917769595497,,,,1097706496,4806180,,,,,,"[11, 33, 20, 15, 12, 26, 46, 55]",0.7222864318854126,-0.0003041384195586,0.0,0.0,0.625,0.0,0.55,0,0,0,100,0,0.0,BEST,False,False,227,True,True,GREEDY,,,GREEDY_HV
BOBGCD[M][M][M],19,20,68,55,0.68,True,True,"[10, 36, 20, 23, 11, 30, 46, 55]",[],"[10.646548212034075, 36.51363572578157, 20.148338487433865, 23.206663265082966, 11.181642724602582, 30.452281882978042, 46.82931238474787, 55.93292510829816]","[{'INP': 32}, {'CONV': [64, 3]}, ({'CONV': [32, 5]}, {'CONV': [64, 3]}), ({'CONV': [128, 3]}, {'CONV': [128, 3]}, {'POOLMAX': [-1, 2]}), ({'CONV': [64, 3]}, {'CONV': [128, 3]}), ({'CONV': [64, 3]}, {'CONV': [256, 5]}, {'POOLMAX': [-1, 2]}), ({'CONV': [32, 5]}, {'CONV': [64, 5]}), ({'CONV': [64, 5]}, {'CONV': [256, 3]}, {'POOLMAX': [-1, 2]}), ({'CONV': [128, 5]}, {'CONV': [256, 3]}), ({'CONV': [256, 3]}, {'CONV': [256, 5]}, {'POOLMAX': [-1, 2]}), {'GLOBAL_AVG': None}, {'LAST_DENSE': [100, 'softmax']}]",HHSE,NSGA2,,,,,0.7022917769595497,,,,1097706496,4806180,,,,,,"[11, 33, 20, 15, 12, 26, 46, 55]",0.7222499841164156,-0.0025604709491324,0.0,0.0,0.625,0.0,0.55,0,1,0,100,0,0.01,BEST,False,False,227,True,True,GREEDY,,,GREEDY_HV
BOBGCD[M][M][M],19,20,69,55,0.69,True,True,"[10, 36, 20, 23, 11, 30, 46, 55]",[],"[10.646548212034075, 36.51363572578157, 20.148338487433865, 23.206663265082966, 11.181642724602582, 30.452281882978042, 46.82931238474787, 55.93292510829816]","[{'INP': 32}, {'CONV': [64, 3]}, ({'CONV': [32, 5]}, {'CONV': [64, 3]}), ({'CONV': [128, 3]}, {'CONV': [128, 3]}, {'POOLMAX': [-1, 2]}), ({'CONV': [64, 3]}, {'CONV': [128, 3]}), ({'CONV': [64, 3]}, {'CONV': [256, 5]}, {'POOLMAX': [-1, 2]}), ({'CONV': [32, 5]}, {'CONV': [64, 5]}), ({'CONV': [64, 5]}, {'CONV': [256, 3]}, {'POOLMAX': [-1, 2]}), ({'CONV': [128, 5]}, {'CONV': [256, 3]}), ({'CONV': [256, 3]}, {'CONV': [256, 5]}, {'POOLMAX': [-1, 2]}), {'GLOBAL_AVG': None}, {'LAST_DENSE': [100, 'softmax']}]",HHSE,NSGA2,,,,,0.7022917769595497,,,,1097706496,4806180,,,,,,"[11, 33, 20, 15, 12, 26, 46, 55]",0.7223205288626071,-2.3446831466600315e-05,0.0,0.0,0.625,0.0,0.55,0,0,0,100,0,0.0,BEST,False,False,227,True,True,GREEDY,,,GREEDY_HV
BOBGCD[M][M][M],19,20,70,55,0.7,True,True,"[10, 36, 20, 23, 11, 30, 46, 55]",[],"[10.646548212034075, 36.51363572578157, 20.148338487433865, 23.206663265082966, 11.181642724602582, 30.452281882978042, 46.82931238474787, 55.93292510829816]","[{'INP': 32}, {'CONV': [64, 3]}, ({'CONV': [32, 5]}, {'CONV': [64, 3]}), ({'CONV': [128, 3]}, {'CONV': [128, 3]}, {'POOLMAX': [-1, 2]}), ({'CONV': [64, 3]}, {'CONV': [128, 3]}), ({'CONV': [64, 3]}, {'CONV': [256, 5]}, {'POOLMAX': [-1, 2]}), ({'CONV': [32, 5]}, {'CONV': [64, 5]}), ({'CONV': [64, 5]}, {'CONV': [256, 3]}, {'POOLMAX': [-1, 2]}), ({'CONV': [128, 5]}, {'CONV': [256, 3]}), ({'CONV': [256, 3]}, {'CONV': [256, 5]}, {'POOLMAX': [-1, 2]}), {'GLOBAL_AVG': None}, {'LAST_DENSE': [100, 'softmax']}]",HHSE,NSGA2,,,,,0.7022917769595497,,,,1097706496,4806180,,,,,,"[11, 33, 20, 15, 12, 26, 46, 55]",0.7225024529101899,0.0001832204321446,0.0,0.0,0.625,0.0,0.55,0,1,0,100,0,0.01,BEST,False,False,227,True,True,GREEDY,,,GREEDY_HV
BCGNHE[M][M][M][M],19,20,71,71,0.71,True,True,"[4, 15, 38, 23, 36, 6, 31, 15]",[],"[4.62313574667586, 15.625469386358297, 38.33665910195827, 23.17728308138283, 36.23644061307326, 6.018315034083207, 31.4283662548908, 15.808626108617224]","[{'INP': 32}, {'CONV': [64, 3]}, ({'CONV': [32, 3]}, {'CONV': [128, 3]}), ({'CONV': [32, 5]}, {'CONV': [256, 5]}, {'POOLMAX': [-1, 2]}), ({'CONV': [128, 3]}, {'CONV': [256, 3]}), ({'CONV': [64, 3]}, {'CONV': [256, 5]}, {'POOLMAX': [-1, 2]}), ({'CONV': [128, 3]}, {'CONV': [128, 3]}), ({'CONV': [32, 3]}, {'CONV': [256, 3]}, {'POOLMAX': [-1, 2]}), ({'CONV': [64, 5]}, {'CONV': [256, 5]}), ({'CONV': [32, 5]}, {'CONV': [256, 5]}, {'POOLMAX': [-1, 2]}), {'GLOBAL_AVG': None}, {'LAST_DENSE': [100, 'softmax']}]",HHSE,NSGA2,,,,,0.7028179275140729,,,,1448423936,3328036,,,,,,"[2, 16, 42, 22, 35, 6, 28, 14]",0.7224294797416687,-3.603456194822829e-05,0.0,0.0,0.875,0.875,0.71,0,0,0,100,0,0.0,BEST,False,False,222,True,True,GREEDY,,,GREEDY_HV
BCGNHE[M][M][M][M],19,20,72,71,0.72,True,True,"[4, 15, 38, 23, 36, 6, 31, 15]",[],"[4.62313574667586, 15.625469386358297, 38.33665910195827, 23.17728308138283, 36.23644061307326, 6.018315034083207, 31.4283662548908, 15.808626108617224]","[{'INP': 32}, {'CONV': [64, 3]}, ({'CONV': [32, 3]}, {'CONV': [128, 3]}), ({'CONV': [32, 5]}, {'CONV': [256, 5]}, {'POOLMAX': [-1, 2]}), ({'CONV': [128, 3]}, {'CONV': [256, 3]}), ({'CONV': [64, 3]}, {'CONV': [256, 5]}, {'POOLMAX': [-1, 2]}), ({'CONV': [128, 3]}, {'CONV': [128, 3]}), ({'CONV': [32, 3]}, {'CONV': [256, 3]}, {'POOLMAX': [-1, 2]}), ({'CONV': [64, 5]}, {'CONV': [256, 5]}), ({'CONV': [32, 5]}, {'CONV': [256, 5]}, {'POOLMAX': [-1, 2]}), {'GLOBAL_AVG': None}, {'LAST_DENSE': [100, 'softmax']}]",HHSE,NSGA2,,,,,0.7028179275140729,,,,1448423936,3328036,,,,,,"[2, 16, 42, 22, 35, 6, 28, 14]",0.723022635270614,-2.6241059751797025e-05,0.0,0.0,0.875,0.0,0.71,0,0,0,100,0,0.0,BEST,False,False,222,True,True,GREEDY,,,GREEDY_HV
BCGNHE[M][M][M][M],19,20,73,71,0.73,True,True,"[4, 15, 38, 23, 36, 6, 31, 15]",[],"[4.62313574667586, 15.625469386358297, 38.33665910195827, 23.17728308138283, 36.23644061307326, 6.018315034083207, 31.4283662548908, 15.808626108617224]","[{'INP': 32}, {'CONV': [64, 3]}, ({'CONV': [32, 3]}, {'CONV': [128, 3]}), ({'CONV': [32, 5]}, {'CONV': [256, 5]}, {'POOLMAX': [-1, 2]}), ({'CONV': [128, 3]}, {'CONV': [256, 3]}), ({'CONV': [64, 3]}, {'CONV': [256, 5]}, {'POOLMAX': [-1, 2]}), ({'CONV': [128, 3]}, {'CONV': [128, 3]}), ({'CONV': [32, 3]}, {'CONV': [256, 3]}, {'POOLMAX': [-1, 2]}), ({'CONV': [64, 5]}, {'CONV': [256, 5]}), ({'CONV': [32, 5]}, {'CONV': [256, 5]}, {'POOLMAX': [-1, 2]}), {'GLOBAL_AVG': None}, {'LAST_DENSE': [100, 'softmax']}]",HHSE,NSGA2,,,,,0.7028179275140729,,,,1448423936,3328036,,,,,,"[2, 16, 42, 22, 35, 6, 28, 14]",0.723056669155181,-2.738105610022856e-06,0.0,0.0,0.875,0.0,0.71,0,0,0,100,0,0.0,BEST,False,False,222,True,True,GREEDY,,,GREEDY_HV
BCGNHE[M][M][M][M],19,20,74,71,0.74,True,True,"[4, 15, 38, 23, 36, 6, 31, 15]",[],"[4.62313574667586, 15.625469386358297, 38.33665910195827, 23.17728308138283, 36.23644061307326, 6.018315034083207, 31.4283662548908, 15.808626108617224]","[{'INP': 32}, {'CONV': [64, 3]}, ({'CONV': [32, 3]}, {'CONV': [128, 3]}), ({'CONV': [32, 5]}, {'CONV': [256, 5]}, {'POOLMAX': [-1, 2]}), ({'CONV': [128, 3]}, {'CONV': [256, 3]}), ({'CONV': [64, 3]}, {'CONV': [256, 5]}, {'POOLMAX': [-1, 2]}), ({'CONV': [128, 3]}, {'CONV': [128, 3]}), ({'CONV': [32, 3]}, {'CONV': [256, 3]}, {'POOLMAX': [-1, 2]}), ({'CONV': [64, 5]}, {'CONV': [256, 5]}), ({'CONV': [32, 5]}, {'CONV': [256, 5]}, {'POOLMAX': [-1, 2]}), {'GLOBAL_AVG': None}, {'LAST_DENSE': [100, 'softmax']}]",HHSE,NSGA2,,,,,0.7028179275140729,,,,1448423936,3328036,,,,,,"[2, 16, 42, 22, 35, 6, 28, 14]",0.7232066686507179,-3.6118687725572585e-05,0.0,0.0,0.875,0.0,0.71,0,0,0,100,0,0.0,BEST,False,False,222,True,True,GREEDY,,,GREEDY_HV
BCGNHE[M][M][M][M],19,20,75,71,0.75,True,True,"[4, 15, 38, 23, 36, 6, 31, 15]",[],"[4.62313574667586, 15.625469386358297, 38.33665910195827, 23.17728308138283, 36.23644061307326, 6.018315034083207, 31.4283662548908, 15.808626108617224]","[{'INP': 32}, {'CONV': [64, 3]}, ({'CONV': [32, 3]}, {'CONV': [128, 3]}), ({'CONV': [32, 5]}, {'CONV': [256, 5]}, {'POOLMAX': [-1, 2]}), ({'CONV': [128, 3]}, {'CONV': [256, 3]}), ({'CONV': [64, 3]}, {'CONV': [256, 5]}, {'POOLMAX': [-1, 2]}), ({'CONV': [128, 3]}, {'CONV': [128, 3]}), ({'CONV': [32, 3]}, {'CONV': [256, 3]}, {'POOLMAX': [-1, 2]}), ({'CONV': [64, 5]}, {'CONV': [256, 5]}), ({'CONV': [32, 5]}, {'CONV': [256, 5]}, {'POOLMAX': [-1, 2]}), {'GLOBAL_AVG': None}, {'LAST_DENSE': [100, 'softmax']}]",HHSE,NSGA2,,,,,0.7028179275140729,,,,1448423936,3328036,,,,,,"[2, 16, 42, 22, 35, 6, 28, 14]",0.7232092284618876,-0.0001333044350487,0.0,0.0,0.875,0.0,0.71,0,1,0,100,0,0.01,BEST,False,False,222,True,True,GREEDY,,,GREEDY_HV
BCGNHE[M][M][M][M],19,20,76,71,0.76,True,True,"[4, 15, 38, 23, 36, 6, 31, 15]",[],"[4.62313574667586, 15.625469386358297, 38.33665910195827, 23.17728308138283, 36.23644061307326, 6.018315034083207, 31.4283662548908, 15.808626108617224]","[{'INP': 32}, {'CONV': [64, 3]}, ({'CONV': [32, 3]}, {'CONV': [128, 3]}), ({'CONV': [32, 5]}, {'CONV': [256, 5]}, {'POOLMAX': [-1, 2]}), ({'CONV': [128, 3]}, {'CONV': [256, 3]}), ({'CONV': [64, 3]}, {'CONV': [256, 5]}, {'POOLMAX': [-1, 2]}), ({'CONV': [128, 3]}, {'CONV': [128, 3]}), ({'CONV': [32, 3]}, {'CONV': [256, 3]}, {'POOLMAX': [-1, 2]}), ({'CONV': [64, 5]}, {'CONV': [256, 5]}), ({'CONV': [32, 5]}, {'CONV': [256, 5]}, {'POOLMAX': [-1, 2]}), {'GLOBAL_AVG': None}, {'LAST_DENSE': [100, 'softmax']}]",HHSE,NSGA2,,,,,0.7028179275140729,,,,1448423936,3328036,,,,,,"[2, 16, 42, 22, 35, 6, 28, 14]",0.7232561015256171,-2.3875590710709105e-05,0.0,0.0,0.875,0.0,0.71,0,0,0,100,0,0.0,BEST,False,False,222,True,True,GREEDY,,,GREEDY_HV
BCGNHE[M][M][M][M],19,20,77,71,0.77,True,True,"[4, 15, 38, 23, 36, 6, 31, 15]",[],"[4.62313574667586, 15.625469386358297, 38.33665910195827, 23.17728308138283, 36.23644061307326, 6.018315034083207, 31.4283662548908, 15.808626108617224]","[{'INP': 32}, {'CONV': [64, 3]}, ({'CONV': [32, 3]}, {'CONV': [128, 3]}), ({'CONV': [32, 5]}, {'CONV': [256, 5]}, {'POOLMAX': [-1, 2]}), ({'CONV': [128, 3]}, {'CONV': [256, 3]}), ({'CONV': [64, 3]}, {'CONV': [256, 5]}, {'POOLMAX': [-1, 2]}), ({'CONV': [128, 3]}, {'CONV': [128, 3]}), ({'CONV': [32, 3]}, {'CONV': [256, 3]}, {'POOLMAX': [-1, 2]}), ({'CONV': [64, 5]}, {'CONV': [256, 5]}), ({'CONV': [32, 5]}, {'CONV': [256, 5]}, {'POOLMAX': [-1, 2]}), {'GLOBAL_AVG': None}, {'LAST_DENSE': [100, 'softmax']}]",HHSE,NSGA2,,,,,0.7028179275140729,,,,1448423936,3328036,,,,,,"[2, 16, 42, 22, 35, 6, 28, 14]",0.7233467604394694,-4.371185013485324e-05,0.0,0.0,0.875,0.0,0.71,0,0,0,100,0,0.0,BEST,False,False,222,True,True,GREEDY,,,GREEDY_HV
BCGNHE[M][M][M][M],19,20,78,71,0.78,True,True,"[4, 15, 38, 23, 36, 6, 31, 15]",[],"[4.62313574667586, 15.625469386358297, 38.33665910195827, 23.17728308138283, 36.23644061307326, 6.018315034083207, 31.4283662548908, 15.808626108617224]","[{'INP': 32}, {'CONV': [64, 3]}, ({'CONV': [32, 3]}, {'CONV': [128, 3]}), ({'CONV': [32, 5]}, {'CONV': [256, 5]}, {'POOLMAX': [-1, 2]}), ({'CONV': [128, 3]}, {'CONV': [256, 3]}), ({'CONV': [64, 3]}, {'CONV': [256, 5]}, {'POOLMAX': [-1, 2]}), ({'CONV': [128, 3]}, {'CONV': [128, 3]}), ({'CONV': [32, 3]}, {'CONV': [256, 3]}, {'POOLMAX': [-1, 2]}), ({'CONV': [64, 5]}, {'CONV': [256, 5]}), ({'CONV': [32, 5]}, {'CONV': [256, 5]}, {'POOLMAX': [-1, 2]}), {'GLOBAL_AVG': None}, {'LAST_DENSE': [100, 'softmax']}]",HHSE,NSGA2,,,,,0.7028179275140729,,,,1448423936,3328036,,,,,,"[2, 16, 42, 22, 35, 6, 28, 14]",0.7235434040619232,5.489086518761788e-06,0.0,0.0,0.875,0.0,0.71,0,2,0,100,0,0.02,BEST,False,False,222,True,True,GREEDY,,,GREEDY_HV
BCGNHE[M][M][M][M],19,20,79,71,0.79,True,True,"[4, 15, 38, 23, 36, 6, 31, 15]",[],"[4.62313574667586, 15.625469386358297, 38.33665910195827, 23.17728308138283, 36.23644061307326, 6.018315034083207, 31.4283662548908, 15.808626108617224]","[{'INP': 32}, {'CONV': [64, 3]}, ({'CONV': [32, 3]}, {'CONV': [128, 3]}), ({'CONV': [32, 5]}, {'CONV': [256, 5]}, {'POOLMAX': [-1, 2]}), ({'CONV': [128, 3]}, {'CONV': [256, 3]}), ({'CONV': [64, 3]}, {'CONV': [256, 5]}, {'POOLMAX': [-1, 2]}), ({'CONV': [128, 3]}, {'CONV': [128, 3]}), ({'CONV': [32, 3]}, {'CONV': [256, 3]}, {'POOLMAX': [-1, 2]}), ({'CONV': [64, 5]}, {'CONV': [256, 5]}), ({'CONV': [32, 5]}, {'CONV': [256, 5]}, {'POOLMAX': [-1, 2]}), {'GLOBAL_AVG': None}, {'LAST_DENSE': [100, 'softmax']}]",HHSE,NSGA2,,,,,0.7028179275140729,,,,1448423936,3328036,,,,,,"[2, 16, 42, 22, 35, 6, 28, 14]",0.7233799830817329,-5.3858082031066346e-05,0.0,0.0,0.875,0.0,0.71,0,2,0,100,0,0.02,BEST,False,False,222,True,True,GREEDY,,,GREEDY_HV
BCGNHE[M][M][M][M],19,20,80,71,0.8,True,True,"[4, 15, 38, 23, 36, 6, 31, 15]",[],"[4.62313574667586, 15.625469386358297, 38.33665910195827, 23.17728308138283, 36.23644061307326, 6.018315034083207, 31.4283662548908, 15.808626108617224]","[{'INP': 32}, {'CONV': [64, 3]}, ({'CONV': [32, 3]}, {'CONV': [128, 3]}), ({'CONV': [32, 5]}, {'CONV': [256, 5]}, {'POOLMAX': [-1, 2]}), ({'CONV': [128, 3]}, {'CONV': [256, 3]}), ({'CONV': [64, 3]}, {'CONV': [256, 5]}, {'POOLMAX': [-1, 2]}), ({'CONV': [128, 3]}, {'CONV': [128, 3]}), ({'CONV': [32, 3]}, {'CONV': [256, 3]}, {'POOLMAX': [-1, 2]}), ({'CONV': [64, 5]}, {'CONV': [256, 5]}), ({'CONV': [32, 5]}, {'CONV': [256, 5]}, {'POOLMAX': [-1, 2]}), {'GLOBAL_AVG': None}, {'LAST_DENSE': [100, 'softmax']}]",HHSE,NSGA2,,,,,0.7028179275140729,,,,1448423936,3328036,,,,,,"[2, 16, 42, 22, 35, 6, 28, 14]",0.723406727804691,-7.60152562383487e-05,0.0,0.0,0.875,0.0,0.71,0,0,0,100,0,0.0,BEST,False,False,222,True,True,GREEDY,,,GREEDY_HV
BCGNHE[M][M][M][M],19,20,81,71,0.81,True,True,"[4, 15, 38, 23, 36, 6, 31, 15]",[],"[4.62313574667586, 15.625469386358297, 38.33665910195827, 23.17728308138283, 36.23644061307326, 6.018315034083207, 31.4283662548908, 15.808626108617224]","[{'INP': 32}, {'CONV': [64, 3]}, ({'CONV': [32, 3]}, {'CONV': [128, 3]}), ({'CONV': [32, 5]}, {'CONV': [256, 5]}, {'POOLMAX': [-1, 2]}), ({'CONV': [128, 3]}, {'CONV': [256, 3]}), ({'CONV': [64, 3]}, {'CONV': [256, 5]}, {'POOLMAX': [-1, 2]}), ({'CONV': [128, 3]}, {'CONV': [128, 3]}), ({'CONV': [32, 3]}, {'CONV': [256, 3]}, {'POOLMAX': [-1, 2]}), ({'CONV': [64, 5]}, {'CONV': [256, 5]}), ({'CONV': [32, 5]}, {'CONV': [256, 5]}, {'POOLMAX': [-1, 2]}), {'GLOBAL_AVG': None}, {'LAST_DENSE': [100, 'softmax']}]",HHSE,NSGA2,,,,,0.7028179275140729,,,,1448423936,3328036,,,,,,"[2, 16, 42, 22, 35, 6, 28, 14]",0.723420610451234,-9.45416395460308e-05,0.0,0.0,0.875,0.0,0.71,0,1,0,100,0,0.01,BEST,False,False,222,True,True,GREEDY,,,GREEDY_HV
BOBGCD[M][M][M][M],19,20,82,82,0.82,True,True,"[10, 36, 20, 23, 19, 30, 44, 55]",[],"[10.929946548512595, 36.77794439768581, 20.104946541724047, 23.646001715513055, 19.653133303264894, 30.581968271315613, 44.84611692624773, 55.94511686561711]","[{'INP': 32}, {'CONV': [64, 3]}, ({'CONV': [32, 5]}, {'CONV': [64, 3]}), ({'CONV': [128, 3]}, {'CONV': [128, 3]}, {'POOLMAX': [-1, 2]}), ({'CONV': [64, 3]}, {'CONV': [128, 3]}), ({'CONV': [64, 3]}, {'CONV': [256, 5]}, {'POOLMAX': [-1, 2]}), ({'CONV': [64, 3]}, {'CONV': [64, 5]}), ({'CONV': [64, 5]}, {'CONV': [256, 3]}, {'POOLMAX': [-1, 2]}), ({'CONV': [128, 5]}, {'CONV': [128, 3]}), ({'CONV': [256, 3]}, {'CONV': [256, 5]}, {'POOLMAX': [-1, 2]}), {'GLOBAL_AVG': None}, {'LAST_DENSE': [100, 'softmax']}]",HHSE,NSGA2,,,,,0.7048112294768004,,,,1082764288,4357284,,,,,,"[10, 36, 20, 23, 11, 30, 46, 55]",0.7236570027004602,-6.218517116229894e-05,0.0,0.0,0.25,0.875,0.82,0,0,0,100,0,0.0,BEST,False,False,195,True,True,GREEDY,,,GREEDY_HV
BOBGCD[M][M][M][M],19,20,83,82,0.83,True,True,"[10, 36, 20, 23, 19, 30, 44, 55]",[],"[10.929946548512595, 36.77794439768581, 20.104946541724047, 23.646001715513055, 19.653133303264894, 30.581968271315613, 44.84611692624773, 55.94511686561711]","[{'INP': 32}, {'CONV': [64, 3]}, ({'CONV': [32, 5]}, {'CONV': [64, 3]}), ({'CONV': [128, 3]}, {'CONV': [128, 3]}, {'POOLMAX': [-1, 2]}), ({'CONV': [64, 3]}, {'CONV': [128, 3]}), ({'CONV': [64, 3]}, {'CONV': [256, 5]}, {'POOLMAX': [-1, 2]}), ({'CONV': [64, 3]}, {'CONV': [64, 5]}), ({'CONV': [64, 5]}, {'CONV': [256, 3]}, {'POOLMAX': [-1, 2]}), ({'CONV': [128, 5]}, {'CONV': [128, 3]}), ({'CONV': [256, 3]}, {'CONV': [256, 5]}, {'POOLMAX': [-1, 2]}), {'GLOBAL_AVG': None}, {'LAST_DENSE': [100, 'softmax']}]",HHSE,NSGA2,,,,,0.7048112294768004,,,,1082764288,4357284,,,,,,"[10, 36, 20, 23, 11, 30, 46, 55]",0.7251939060715114,-2.008577161849434e-05,0.0,0.0,0.25,0.0,0.82,0,0,0,100,0,0.0,BEST,False,False,195,True,True,GREEDY,,,GREEDY_HV
BOBGCD[M][M][M][M],19,20,84,82,0.84,True,True,"[10, 36, 20, 23, 19, 30, 44, 55]",[],"[10.929946548512595, 36.77794439768581, 20.104946541724047, 23.646001715513055, 19.653133303264894, 30.581968271315613, 44.84611692624773, 55.94511686561711]","[{'INP': 32}, {'CONV': [64, 3]}, ({'CONV': [32, 5]}, {'CONV': [64, 3]}), ({'CONV': [128, 3]}, {'CONV': [128, 3]}, {'POOLMAX': [-1, 2]}), ({'CONV': [64, 3]}, {'CONV': [128, 3]}), ({'CONV': [64, 3]}, {'CONV': [256, 5]}, {'POOLMAX': [-1, 2]}), ({'CONV': [64, 3]}, {'CONV': [64, 5]}), ({'CONV': [64, 5]}, {'CONV': [256, 3]}, {'POOLMAX': [-1, 2]}), ({'CONV': [128, 5]}, {'CONV': [128, 3]}), ({'CONV': [256, 3]}, {'CONV': [256, 5]}, {'POOLMAX': [-1, 2]}), {'GLOBAL_AVG': None}, {'LAST_DENSE': [100, 'softmax']}]",HHSE,NSGA2,,,,,0.7048112294768004,,,,1082764288,4357284,,,,,,"[10, 36, 20, 23, 11, 30, 46, 55]",0.7251877202213394,-0.00018381991664,0.0,0.0,0.25,0.0,0.82,0,0,0,100,0,0.0,BEST,False,False,195,True,True,GREEDY,,,GREEDY_HV
BOBGCD[M][M][M][M],19,20,85,82,0.85,True,True,"[10, 36, 20, 23, 19, 30, 44, 55]",[],"[10.929946548512595, 36.77794439768581, 20.104946541724047, 23.646001715513055, 19.653133303264894, 30.581968271315613, 44.84611692624773, 55.94511686561711]","[{'INP': 32}, {'CONV': [64, 3]}, ({'CONV': [32, 5]}, {'CONV': [64, 3]}), ({'CONV': [128, 3]}, {'CONV': [128, 3]}, {'POOLMAX': [-1, 2]}), ({'CONV': [64, 3]}, {'CONV': [128, 3]}), ({'CONV': [64, 3]}, {'CONV': [256, 5]}, {'POOLMAX': [-1, 2]}), ({'CONV': [64, 3]}, {'CONV': [64, 5]}), ({'CONV': [64, 5]}, {'CONV': [256, 3]}, {'POOLMAX': [-1, 2]}), ({'CONV': [128, 5]}, {'CONV': [128, 3]}), ({'CONV': [256, 3]}, {'CONV': [256, 5]}, {'POOLMAX': [-1, 2]}), {'GLOBAL_AVG': None}, {'LAST_DENSE': [100, 'softmax']}]",HHSE,NSGA2,,,,,0.7048112294768004,,,,1082764288,4357284,,,,,,"[10, 36, 20, 23, 11, 30, 46, 55]",0.7254945219817327,-3.0411241739081163e-05,0.0,0.0,0.25,0.0,0.82,0,0,0,100,0,0.0,BEST,False,False,195,True,True,GREEDY,,,GREEDY_HV
BOBGCD[M][M][M][M],19,20,86,82,0.86,True,True,"[10, 36, 20, 23, 19, 30, 44, 55]",[],"[10.929946548512595, 36.77794439768581, 20.104946541724047, 23.646001715513055, 19.653133303264894, 30.581968271315613, 44.84611692624773, 55.94511686561711]","[{'INP': 32}, {'CONV': [64, 3]}, ({'CONV': [32, 5]}, {'CONV': [64, 3]}), ({'CONV': [128, 3]}, {'CONV': [128, 3]}, {'POOLMAX': [-1, 2]}), ({'CONV': [64, 3]}, {'CONV': [128, 3]}), ({'CONV': [64, 3]}, {'CONV': [256, 5]}, {'POOLMAX': [-1, 2]}), ({'CONV': [64, 3]}, {'CONV': [64, 5]}), ({'CONV': [64, 5]}, {'CONV': [256, 3]}, {'POOLMAX': [-1, 2]}), ({'CONV': [128, 5]}, {'CONV': [128, 3]}), ({'CONV': [256, 3]}, {'CONV': [256, 5]}, {'POOLMAX': [-1, 2]}), {'GLOBAL_AVG': None}, {'LAST_DENSE': [100, 'softmax']}]",HHSE,NSGA2,,,,,0.7048112294768004,,,,1082764288,4357284,,,,,,"[10, 36, 20, 23, 11, 30, 46, 55]",0.7257770621448714,-3.4666622252821355e-06,0.0,0.0,0.25,0.0,0.82,0,1,0,100,0,0.01,BEST,False,False,195,True,True,GREEDY,,,GREEDY_HV
BOBGCD[M][M][M][M],19,20,87,82,0.87,True,True,"[10, 36, 20, 23, 19, 30, 44, 55]",[],"[10.929946548512595, 36.77794439768581, 20.104946541724047, 23.646001715513055, 19.653133303264894, 30.581968271315613, 44.84611692624773, 55.94511686561711]","[{'INP': 32}, {'CONV': [64, 3]}, ({'CONV': [32, 5]}, {'CONV': [64, 3]}), ({'CONV': [128, 3]}, {'CONV': [128, 3]}, {'POOLMAX': [-1, 2]}), ({'CONV': [64, 3]}, {'CONV': [128, 3]}), ({'CONV': [64, 3]}, {'CONV': [256, 5]}, {'POOLMAX': [-1, 2]}), ({'CONV': [64, 3]}, {'CONV': [64, 5]}), ({'CONV': [64, 5]}, {'CONV': [256, 3]}, {'POOLMAX': [-1, 2]}), ({'CONV': [128, 5]}, {'CONV': [128, 3]}), ({'CONV': [256, 3]}, {'CONV': [256, 5]}, {'POOLMAX': [-1, 2]}), {'GLOBAL_AVG': None}, {'LAST_DENSE': [100, 'softmax']}]",HHSE,NSGA2,,,,,0.7048112294768004,,,,1082764288,4357284,,,,,,"[10, 36, 20, 23, 11, 30, 46, 55]",0.7258313359201434,2.1799266906818996e-05,0.0,0.0,0.25,0.0,0.82,0,3,0,100,0,0.03,BEST,False,False,195,True,True,GREEDY,,,GREEDY_HV
BOBGCD[M][M][M][M][M],19,20,88,88,0.88,True,True,"[10, 36, 20, 23, 19, 30, 45, 55]",[],"[10.751743832909957, 36.90512864310244, 20.78926724830777, 23.745011631480832, 19.7167966575509, 30.749763744046504, 45.09971362553889, 55.34781617954778]","[{'INP': 32}, {'CONV': [64, 3]}, ({'CONV': [32, 5]}, {'CONV': [64, 3]}), ({'CONV': [128, 3]}, {'CONV': [128, 3]}, {'POOLMAX': [-1, 2]}), ({'CONV': [64, 3]}, {'CONV': [128, 3]}), ({'CONV': [64, 3]}, {'CONV': [256, 5]}, {'POOLMAX': [-1, 2]}), ({'CONV': [64, 3]}, {'CONV': [64, 5]}), ({'CONV': [64, 5]}, {'CONV': [256, 3]}, {'POOLMAX': [-1, 2]}), ({'CONV': [128, 5]}, {'CONV': [128, 5]}), ({'CONV': [256, 3]}, {'CONV': [256, 5]}, {'POOLMAX': [-1, 2]}), {'GLOBAL_AVG': None}, {'LAST_DENSE': [100, 'softmax']}]",HHSE,NSGA2,,,,,0.7054649499266287,,,,1091152896,4619428,,,,,,"[10, 36, 20, 23, 19, 30, 44, 55]",0.7267987355121086,0.0009278122639956,0.0,0.0,0.125,0.125,0.88,0,1,0,100,0,0.01,BEST,False,False,186,True,True,GREEDY,,,GREEDY_HV
BLYLAB[M],19,20,89,89,0.89,True,True,"[2, 5, 20, 38, 28, 7, 22, 15]",[],"[2.6790990495433897, 5.433769735847324, 20.59621221519794, 38.64977324270281, 28.449374935612, 7.809234325915249, 22.749023203637922, 15.70295157106525]","[{'INP': 32}, {'CONV': [64, 3]}, ({'CONV': [32, 3]}, {'CONV': [64, 3]}), ({'CONV': [32, 3]}, {'CONV': [128, 5]}, {'POOLMAX': [-1, 2]}), ({'CONV': [64, 3]}, {'CONV': [128, 3]}), ({'CONV': [128, 3]}, {'CONV': [256, 3]}, {'POOLMAX': [-1, 2]}), ({'CONV': [64, 5]}, {'CONV': [128, 3]}), ({'CONV': [32, 3]}, {'CONV': [256, 5]}, {'POOLMAX': [-1, 2]}), ({'CONV': [64, 3]}, {'CONV': [256, 3]}), ({'CONV': [32, 5]}, {'CONV': [256, 5]}, {'POOLMAX': [-1, 2]}), {'GLOBAL_AVG': None}, {'LAST_DENSE': [100, 'softmax']}]",HHSE,NSGA2,,,,,0.7054802762215067,,,,747332096,2212388,,,,,,"[2, 5, 20, 38, 28, 6, 22, 15]",0.7264130307746599,-2.38007331538892e-05,0.25,0.25,0.125,0.875,0.89,0,2,0,100,0,0.02,BEST,False,False,185,True,True,GREEDY,,,GREEDY_HV
BLYLAB[M],19,20,90,89,0.9,True,True,"[2, 5, 20, 38, 28, 7, 22, 15]",[],"[2.6790990495433897, 5.433769735847324, 20.59621221519794, 38.64977324270281, 28.449374935612, 7.809234325915249, 22.749023203637922, 15.70295157106525]","[{'INP': 32}, {'CONV': [64, 3]}, ({'CONV': [32, 3]}, {'CONV': [64, 3]}), ({'CONV': [32, 3]}, {'CONV': [128, 5]}, {'POOLMAX': [-1, 2]}), ({'CONV': [64, 3]}, {'CONV': [128, 3]}), ({'CONV': [128, 3]}, {'CONV': [256, 3]}, {'POOLMAX': [-1, 2]}), ({'CONV': [64, 5]}, {'CONV': [128, 3]}), ({'CONV': [32, 3]}, {'CONV': [256, 5]}, {'POOLMAX': [-1, 2]}), ({'CONV': [64, 3]}, {'CONV': [256, 3]}), ({'CONV': [32, 5]}, {'CONV': [256, 5]}, {'POOLMAX': [-1, 2]}), {'GLOBAL_AVG': None}, {'LAST_DENSE': [100, 'softmax']}]",HHSE,NSGA2,,,,,0.7054802762215067,,,,747332096,2212388,,,,,,"[2, 5, 20, 38, 28, 6, 22, 15]",0.726585074484779,-4.227372405674057e-05,0.25,0.25,0.125,0.0,0.89,0,1,0,100,0,0.01,BEST,False,False,185,True,True,GREEDY,,,GREEDY_HV
BSFKSA[M][M][M][M],19,20,91,91,0.91,True,True,"[2, 6, 43, 38, 28, 6, 21, 15]",[],"[2.6173943988991275, 6.088197520934025, 43.67898920619568, 38.66390809178649, 28.64200145946705, 6.577412647527871, 21.957456508223448, 15.558727073834486]","[{'INP': 32}, {'CONV': [64, 3]}, ({'CONV': [32, 3]}, {'CONV': [64, 3]}), ({'CONV': [32, 3]}, {'CONV': [256, 3]}, {'POOLMAX': [-1, 2]}), ({'CONV': [128, 5]}, {'CONV': [64, 5]}), ({'CONV': [128, 3]}, {'CONV': [256, 3]}, {'POOLMAX': [-1, 2]}), ({'CONV': [64, 5]}, {'CONV': [128, 3]}), ({'CONV': [32, 3]}, {'CONV': [256, 3]}, {'POOLMAX': [-1, 2]}), ({'CONV': [64, 3]}, {'CONV': [128, 5]}), ({'CONV': [32, 5]}, {'CONV': [256, 5]}, {'POOLMAX': [-1, 2]}), {'GLOBAL_AVG': None}, {'LAST_DENSE': [100, 'softmax']}]",HHSE,NSGA2,,,,,0.7055268079703995,,,,1082604032,2810404,,,,,,"[2, 5, 43, 38, 28, 6, 21, 15]",0.7266770395809187,5.346994503052649e-06,0.0,0.0,0.125,0.5,0.91,0,1,0,100,0,0.01,BEST,False,False,182,True,True,GREEDY,,,GREEDY_HV
BSFKSA[M][M][M][M][M],19,20,92,92,0.92,True,True,"[2, 6, 43, 38, 28, 6, 22, 15]",[],"[2.601001257843883, 6.411492431710269, 43.70433429263172, 38.56394900575099, 28.593305838129478, 6.9003928279834525, 22.341574590973984, 15.532277864636072]","[{'INP': 32}, {'CONV': [64, 3]}, ({'CONV': [32, 3]}, {'CONV': [64, 3]}), ({'CONV': [32, 3]}, {'CONV': [256, 3]}, {'POOLMAX': [-1, 2]}), ({'CONV': [128, 5]}, {'CONV': [64, 5]}), ({'CONV': [128, 3]}, {'CONV': [256, 3]}, {'POOLMAX': [-1, 2]}), ({'CONV': [64, 5]}, {'CONV': [128, 3]}), ({'CONV': [32, 3]}, {'CONV': [256, 3]}, {'POOLMAX': [-1, 2]}), ({'CONV': [64, 3]}, {'CONV': [256, 3]}), ({'CONV': [32, 5]}, {'CONV': [256, 5]}, {'POOLMAX': [-1, 2]}), {'GLOBAL_AVG': None}, {'LAST_DENSE': [100, 'softmax']}]",HHSE,NSGA2,,,,,0.7060201569353043,,,,1084056064,2855972,,,,,,"[2, 6, 43, 38, 28, 6, 21, 15]",0.7268200187391053,9.460280512740836e-06,0.0,0.0,0.125,0.125,0.92,0,1,0,100,0,0.01,BEST,False,False,175,True,True,GREEDY,,,GREEDY_HV
BOYMHP[M],19,20,93,93,0.93,True,True,"[2, 5, 0, 39, 14, 6, 45, 55]",[],"[2.7680073787000854, 5.79366685712885, 0.6114151181941718, 39.06785870881596, 14.921782517140656, 6.3840750733566, 45.546454682520626, 55.08732956497991]","[{'INP': 32}, {'CONV': [64, 3]}, ({'CONV': [32, 3]}, {'CONV': [64, 3]}), ({'CONV': [32, 3]}, {'CONV': [128, 5]}, {'POOLMAX': [-1, 2]}), ({'CONV': [32, 3]}, {'CONV': [32, 3]}), ({'CONV': [128, 3]}, {'CONV': [256, 5]}, {'POOLMAX': [-1, 2]}), ({'CONV': [32, 5]}, {'CONV': [256, 3]}), ({'CONV': [32, 3]}, {'CONV': [256, 3]}, {'POOLMAX': [-1, 2]}), ({'CONV': [128, 5]}, {'CONV': [128, 5]}), ({'CONV': [256, 3]}, {'CONV': [256, 5]}, {'POOLMAX': [-1, 2]}), {'GLOBAL_AVG': None}, {'LAST_DENSE': [100, 'softmax']}]",HHSE,NSGA2,,,,,0.7067662387387645,,,,947489792,4683812,,,,,,"[2, 5, 0, 38, 14, 6, 45, 55]",0.7272956850475301,-8.573485965501781e-06,0.625,0.375,0.125,0.75,0.93,0,1,0,100,0,0.01,BEST,False,False,164,True,True,GREEDY,,,GREEDY_HV
BCZVKJ[M][M],19,20,94,94,0.94,True,True,"[2, 6, 4, 38, 28, 7, 22, 15]",[],"[2.4191581261443877, 6.562695820645199, 4.463702664755517, 38.3845570612512, 28.01592497231777, 7.190371113544113, 22.099381348089256, 15.320351452811508]","[{'INP': 32}, {'CONV': [64, 3]}, ({'CONV': [32, 3]}, {'CONV': [64, 3]}), ({'CONV': [32, 3]}, {'CONV': [256, 3]}, {'POOLMAX': [-1, 2]}), ({'CONV': [32, 3]}, {'CONV': [128, 3]}), ({'CONV': [128, 3]}, {'CONV': [256, 3]}, {'POOLMAX': [-1, 2]}), ({'CONV': [64, 5]}, {'CONV': [128, 3]}), ({'CONV': [32, 3]}, {'CONV': [256, 5]}, {'POOLMAX': [-1, 2]}), ({'CONV': [64, 3]}, {'CONV': [256, 3]}), ({'CONV': [32, 5]}, {'CONV': [256, 5]}, {'POOLMAX': [-1, 2]}), {'GLOBAL_AVG': None}, {'LAST_DENSE': [100, 'softmax']}]",HHSE,NSGA2,,,,,0.7068407909535496,,,,670876160,2147236,,,,,,"[2, 6, 4, 38, 28, 7, 21, 15]",0.7279851786191238,-3.504638259155257e-06,0.0,0.0,0.125,0.875,0.94,0,0,0,100,0,0.0,BEST,False,False,161,True,True,GREEDY,,,GREEDY_HV
BCZVKJ[M][M],19,20,95,94,0.95,True,True,"[2, 6, 4, 38, 28, 7, 22, 15]",[],"[2.4191581261443877, 6.562695820645199, 4.463702664755517, 38.3845570612512, 28.01592497231777, 7.190371113544113, 22.099381348089256, 15.320351452811508]","[{'INP': 32}, {'CONV': [64, 3]}, ({'CONV': [32, 3]}, {'CONV': [64, 3]}), ({'CONV': [32, 3]}, {'CONV': [256, 3]}, {'POOLMAX': [-1, 2]}), ({'CONV': [32, 3]}, {'CONV': [128, 3]}), ({'CONV': [128, 3]}, {'CONV': [256, 3]}, {'POOLMAX': [-1, 2]}), ({'CONV': [64, 5]}, {'CONV': [128, 3]}), ({'CONV': [32, 3]}, {'CONV': [256, 5]}, {'POOLMAX': [-1, 2]}), ({'CONV': [64, 3]}, {'CONV': [256, 3]}), ({'CONV': [32, 5]}, {'CONV': [256, 5]}, {'POOLMAX': [-1, 2]}), {'GLOBAL_AVG': None}, {'LAST_DENSE': [100, 'softmax']}]",HHSE,NSGA2,,,,,0.7068407909535496,,,,670876160,2147236,,,,,,"[2, 6, 4, 38, 28, 7, 21, 15]",0.7285434880047533,-0.0016733178695148,0.0,0.0,0.125,0.0,0.94,0,0,0,100,0,0.0,BEST,False,False,161,True,True,GREEDY,,,GREEDY_HV
BCZVKJ[M][M],19,20,96,94,0.96,True,True,"[2, 6, 4, 38, 28, 7, 22, 15]",[],"[2.4191581261443877, 6.562695820645199, 4.463702664755517, 38.3845570612512, 28.01592497231777, 7.190371113544113, 22.099381348089256, 15.320351452811508]","[{'INP': 32}, {'CONV': [64, 3]}, ({'CONV': [32, 3]}, {'CONV': [64, 3]}), ({'CONV': [32, 3]}, {'CONV': [256, 3]}, {'POOLMAX': [-1, 2]}), ({'CONV': [32, 3]}, {'CONV': [128, 3]}), ({'CONV': [128, 3]}, {'CONV': [256, 3]}, {'POOLMAX': [-1, 2]}), ({'CONV': [64, 5]}, {'CONV': [128, 3]}), ({'CONV': [32, 3]}, {'CONV': [256, 5]}, {'POOLMAX': [-1, 2]}), ({'CONV': [64, 3]}, {'CONV': [256, 3]}), ({'CONV': [32, 5]}, {'CONV': [256, 5]}, {'POOLMAX': [-1, 2]}), {'GLOBAL_AVG': None}, {'LAST_DENSE': [100, 'softmax']}]",HHSE,NSGA2,,,,,0.7068407909535496,,,,670876160,2147236,,,,,,"[2, 6, 4, 38, 28, 7, 21, 15]",0.7285810167094366,1.060098644600771e-05,0.0,0.0,0.125,0.0,0.94,0,1,0,100,0,0.01,BEST,False,False,161,True,True,GREEDY,,,GREEDY_HV
BCZVKJ[M][M],19,20,97,94,0.97,True,True,"[2, 6, 4, 38, 28, 7, 22, 15]",[],"[2.4191581261443877, 6.562695820645199, 4.463702664755517, 38.3845570612512, 28.01592497231777, 7.190371113544113, 22.099381348089256, 15.320351452811508]","[{'INP': 32}, {'CONV': [64, 3]}, ({'CONV': [32, 3]}, {'CONV': [64, 3]}), ({'CONV': [32, 3]}, {'CONV': [256, 3]}, {'POOLMAX': [-1, 2]}), ({'CONV': [32, 3]}, {'CONV': [128, 3]}), ({'CONV': [128, 3]}, {'CONV': [256, 3]}, {'POOLMAX': [-1, 2]}), ({'CONV': [64, 5]}, {'CONV': [128, 3]}), ({'CONV': [32, 3]}, {'CONV': [256, 5]}, {'POOLMAX': [-1, 2]}), ({'CONV': [64, 3]}, {'CONV': [256, 3]}), ({'CONV': [32, 5]}, {'CONV': [256, 5]}, {'POOLMAX': [-1, 2]}), {'GLOBAL_AVG': None}, {'LAST_DENSE': [100, 'softmax']}]",HHSE,NSGA2,,,,,0.7068407909535496,,,,670876160,2147236,,,,,,"[2, 6, 4, 38, 28, 7, 21, 15]",0.7286167806652042,-5.985795309526587e-05,0.0,0.0,0.125,0.0,0.94,0,0,0,100,0,0.0,BEST,False,False,161,True,True,GREEDY,,,GREEDY_HV
BQIRQX[M],19,20,98,98,0.98,True,True,"[14, 4, 4, 22, 28, 6, 5, 55]",[],"[14.224346040792192, 4.640368147310485, 4.439788818811795, 22.77114513202828, 28.907105780087168, 6.507496069894582, 5.430308840100839, 55.27839308509051]","[{'INP': 32}, {'CONV': [64, 3]}, ({'CONV': [32, 5]}, {'CONV': [256, 3]}), ({'CONV': [32, 3]}, {'CONV': [128, 3]}, {'POOLMAX': [-1, 2]}), ({'CONV': [32, 3]}, {'CONV': [128, 3]}), ({'CONV': [64, 3]}, {'CONV': [256, 3]}, {'POOLMAX': [-1, 2]}), ({'CONV': [64, 5]}, {'CONV': [128, 3]}), ({'CONV': [32, 3]}, {'CONV': [256, 3]}, {'POOLMAX': [-1, 2]}), ({'CONV': [32, 3]}, {'CONV': [128, 5]}), ({'CONV': [256, 3]}, {'CONV': [256, 5]}, {'POOLMAX': [-1, 2]}), {'GLOBAL_AVG': None}, {'LAST_DENSE': [100, 'softmax']}]",HHSE,NSGA2,,,,,0.7080237392152402,,,,784766464,3269796,,,,,,"[14, 4, 4, 22, 28, 6, 5, 55]",0.7286733790409022,-1.1917532689587064e-05,0.625,0.25,0.0,0.75,0.98,0,0,0,100,0,0.0,BEST,False,False,138,True,True,GREEDY,,,GREEDY_HV
BQIRQX[M],19,20,99,98,0.99,True,True,"[14, 4, 4, 22, 28, 6, 5, 55]",[],"[14.224346040792192, 4.640368147310485, 4.439788818811795, 22.77114513202828, 28.907105780087168, 6.507496069894582, 5.430308840100839, 55.27839308509051]","[{'INP': 32}, {'CONV': [64, 3]}, ({'CONV': [32, 5]}, {'CONV': [256, 3]}), ({'CONV': [32, 3]}, {'CONV': [128, 3]}, {'POOLMAX': [-1, 2]}), ({'CONV': [32, 3]}, {'CONV': [128, 3]}), ({'CONV': [64, 3]}, {'CONV': [256, 3]}, {'POOLMAX': [-1, 2]}), ({'CONV': [64, 5]}, {'CONV': [128, 3]}), ({'CONV': [32, 3]}, {'CONV': [256, 3]}, {'POOLMAX': [-1, 2]}), ({'CONV': [32, 3]}, {'CONV': [128, 5]}), ({'CONV': [256, 3]}, {'CONV': [256, 5]}, {'POOLMAX': [-1, 2]}), {'GLOBAL_AVG': None}, {'LAST_DENSE': [100, 'softmax']}]",HHSE,NSGA2,,,,,0.7080237392152402,,,,784766464,3269796,,,,,,"[14, 4, 4, 22, 28, 6, 5, 55]",0.7297142767500404,-1.1702660681733867e-05,0.625,0.25,0.0,0.0,0.98,0,0,0,100,0,0.0,BEST,False,False,138,True,True,GREEDY,,,GREEDY_HV
BQIRQX[M],19,20,100,98,1.0,True,True,"[14, 4, 4, 22, 28, 6, 5, 55]",[],"[14.224346040792192, 4.640368147310485, 4.439788818811795, 22.77114513202828, 28.907105780087168, 6.507496069894582, 5.430308840100839, 55.27839308509051]","[{'INP': 32}, {'CONV': [64, 3]}, ({'CONV': [32, 5]}, {'CONV': [256, 3]}), ({'CONV': [32, 3]}, {'CONV': [128, 3]}, {'POOLMAX': [-1, 2]}), ({'CONV': [32, 3]}, {'CONV': [128, 3]}), ({'CONV': [64, 3]}, {'CONV': [256, 3]}, {'POOLMAX': [-1, 2]}), ({'CONV': [64, 5]}, {'CONV': [128, 3]}), ({'CONV': [32, 3]}, {'CONV': [256, 3]}, {'POOLMAX': [-1, 2]}), ({'CONV': [32, 3]}, {'CONV': [128, 5]}), ({'CONV': [256, 3]}, {'CONV': [256, 5]}, {'POOLMAX': [-1, 2]}), {'GLOBAL_AVG': None}, {'LAST_DENSE': [100, 'softmax']}]",HHSE,NSGA2,,,,,0.7080237392152402,,,,784766464,3269796,,,,,,"[14, 4, 4, 22, 28, 6, 5, 55]",0.729704459959583,-0.0006983816068462,0.625,0.25,0.0,0.0,0.98,0,0,0,100,0,0.0,BEST,False,False,138,True,True,GREEDY,,,GREEDY_HV
BDSJJ[M],20,21,1,1,0.01,True,True,"[36, 5, 62, 18, 28, 6, 11, 7]",[],"[36.19289298112197, 5.996652121506802, 62.46180274973254, 18.610808273082128, 28.947493979526936, 6.445890105006576, 11.09390756153647, 7.1235325248029016]","[{'INP': 32}, {'CONV': [64, 3]}, ({'CONV': [128, 3]}, {'CONV': [128, 3]}), ({'CONV': [32, 3]}, {'CONV': [128, 5]}, {'POOLMAX': [-1, 2]}), ({'CONV': [256, 5]}, {'CONV': [256, 3]}), ({'CONV': [64, 3]}, {'CONV': [64, 3]}, {'POOLMAX': [-1, 2]}), ({'CONV': [64, 5]}, {'CONV': [128, 3]}), ({'CONV': [32, 3]}, {'CONV': [256, 3]}, {'POOLMAX': [-1, 2]}), ({'CONV': [32, 5]}, {'CONV': [64, 5]}), ({'CONV': [32, 3]}, {'CONV': [256, 5]}, {'POOLMAX': [-1, 2]}), {'GLOBAL_AVG': None}, {'LAST_DENSE': [100, 'softmax']}]",HHSE,NSGA2,,,,,0.688119909811542,,,,1613749248,2755108,,,,,,"[2, 16, 61, 12, 54, 13, 14, 9]",0.682789367207403,0.0,0.0,0.0,1.0,0.0,0.01,0,10,0,100,0,0.1,BEST,False,False,327,True,True,GREEDY,,,GREEDY_HV
BFYCCE[M][M],20,21,2,2,0.02,True,True,"[3, 8, 2, 12, 49, 62, 60, 55]",[],"[3.044949680113845, 8.144418729035173, 2.9647259953084717, 12.95116162046724, 49.422428791445185, 62.668210183497095, 60.58120437739409, 55.93274947240103]","[{'INP': 32}, {'CONV': [64, 3]}, ({'CONV': [32, 3]}, {'CONV': [64, 5]}), ({'CONV': [32, 5]}, {'CONV': [32, 3]}, {'POOLMAX': [-1, 2]}), ({'CONV': [32, 3]}, {'CONV': [64, 3]}), ({'CONV': [32, 5]}, {'CONV': [128, 3]}, {'POOLMAX': [-1, 2]}), ({'CONV': [256, 3]}, {'CONV': [32, 5]}), ({'CONV': [256, 5]}, {'CONV': [256, 3]}, {'POOLMAX': [-1, 2]}), ({'CONV': [256, 5]}, {'CONV': [128, 3]}), ({'CONV': [256, 3]}, {'CONV': [256, 5]}, {'POOLMAX': [-1, 2]}), {'GLOBAL_AVG': None}, {'LAST_DENSE': [100, 'softmax']}]",HHSE,NSGA2,,,,,0.6890810571289573,,,,620727296,5442852,,,,,,"[24, 2, 11, 48, 47, 62, 48, 37]",0.6813343844232433,0.0050609958398156,0.0,0.0,0.875,1.0,0.02,0,2,0,100,0,0.02,BEST,False,False,325,True,True,GREEDY,,,GREEDY_HV
BFYCCE[M][M],20,21,3,2,0.03,True,True,"[3, 8, 2, 12, 49, 62, 60, 55]",[],"[3.044949680113845, 8.144418729035173, 2.9647259953084717, 12.95116162046724, 49.422428791445185, 62.668210183497095, 60.58120437739409, 55.93274947240103]","[{'INP': 32}, {'CONV': [64, 3]}, ({'CONV': [32, 3]}, {'CONV': [64, 5]}), ({'CONV': [32, 5]}, {'CONV': [32, 3]}, {'POOLMAX': [-1, 2]}), ({'CONV': [32, 3]}, {'CONV': [64, 3]}), ({'CONV': [32, 5]}, {'CONV': [128, 3]}, {'POOLMAX': [-1, 2]}), ({'CONV': [256, 3]}, {'CONV': [32, 5]}), ({'CONV': [256, 5]}, {'CONV': [256, 3]}, {'POOLMAX': [-1, 2]}), ({'CONV': [256, 5]}, {'CONV': [128, 3]}), ({'CONV': [256, 3]}, {'CONV': [256, 5]}, {'POOLMAX': [-1, 2]}), {'GLOBAL_AVG': None}, {'LAST_DENSE': [100, 'softmax']}]",HHSE,NSGA2,,,,,0.6890810571289573,,,,620727296,5442852,,,,,,"[24, 2, 11, 48, 47, 62, 48, 37]",0.6942941278116511,-0.0015306332964662,0.0,0.0,0.875,0.0,0.02,0,3,0,100,0,0.03,BEST,False,False,325,True,True,GREEDY,,,GREEDY_HV
BPGELY[M],20,21,4,4,0.04,True,True,"[26, 21, 5, 31, 53, 6, 5, 55]",[],"[26.617921018472224, 21.7702894311201, 5.417170626412712, 31.277782463034157, 53.210224200519306, 6.423124655085896, 5.065402008512453, 55.76033456626183]","[{'INP': 32}, {'CONV': [64, 3]}, ({'CONV': [64, 5]}, {'CONV': [64, 3]}), ({'CONV': [64, 3]}, {'CONV': [128, 5]}, {'POOLMAX': [-1, 2]}), ({'CONV': [32, 3]}, {'CONV': [128, 5]}), ({'CONV': [64, 5]}, {'CONV': [256, 5]}, {'POOLMAX': [-1, 2]}), ({'CONV': [256, 3]}, {'CONV': [128, 5]}), ({'CONV': [32, 3]}, {'CONV': [256, 3]}, {'POOLMAX': [-1, 2]}), ({'CONV': [32, 3]}, {'CONV': [128, 5]}), ({'CONV': [256, 3]}, {'CONV': [256, 5]}, {'POOLMAX': [-1, 2]}), {'GLOBAL_AVG': None}, {'LAST_DENSE': [100, 'softmax']}]",HHSE,NSGA2,,,,,0.6962255119107065,,,,1435338240,4799908,,,,,,"[2, 26, 24, 35, 37, 17, 5, 37]",0.6931138166456176,-0.0030822375833784,0.5,0.5,0.875,0.875,0.04,0,1,0,100,0,0.01,BEST,False,False,288,True,True,GREEDY,,,GREEDY_HV
BPGELY[M],20,21,5,4,0.05,True,True,"[26, 21, 5, 31, 53, 6, 5, 55]",[],"[26.617921018472224, 21.7702894311201, 5.417170626412712, 31.277782463034157, 53.210224200519306, 6.423124655085896, 5.065402008512453, 55.76033456626183]","[{'INP': 32}, {'CONV': [64, 3]}, ({'CONV': [64, 5]}, {'CONV': [64, 3]}), ({'CONV': [64, 3]}, {'CONV': [128, 5]}, {'POOLMAX': [-1, 2]}), ({'CONV': [32, 3]}, {'CONV': [128, 5]}), ({'CONV': [64, 5]}, {'CONV': [256, 5]}, {'POOLMAX': [-1, 2]}), ({'CONV': [256, 3]}, {'CONV': [128, 5]}), ({'CONV': [32, 3]}, {'CONV': [256, 3]}, {'POOLMAX': [-1, 2]}), ({'CONV': [32, 3]}, {'CONV': [128, 5]}), ({'CONV': [256, 3]}, {'CONV': [256, 5]}, {'POOLMAX': [-1, 2]}), {'GLOBAL_AVG': None}, {'LAST_DENSE': [100, 'softmax']}]",HHSE,NSGA2,,,,,0.6962255119107065,,,,1435338240,4799908,,,,,,"[2, 26, 24, 35, 37, 17, 5, 37]",0.7104979600661734,-3.587306355334885e-05,0.5,0.5,0.875,0.0,0.04,0,0,0,100,0,0.0,BEST,False,False,288,True,True,GREEDY,,,GREEDY_HV
BPGELY[M],20,21,6,4,0.06,True,True,"[26, 21, 5, 31, 53, 6, 5, 55]",[],"[26.617921018472224, 21.7702894311201, 5.417170626412712, 31.277782463034157, 53.210224200519306, 6.423124655085896, 5.065402008512453, 55.76033456626183]","[{'INP': 32}, {'CONV': [64, 3]}, ({'CONV': [64, 5]}, {'CONV': [64, 3]}), ({'CONV': [64, 3]}, {'CONV': [128, 5]}, {'POOLMAX': [-1, 2]}), ({'CONV': [32, 3]}, {'CONV': [128, 5]}), ({'CONV': [64, 5]}, {'CONV': [256, 5]}, {'POOLMAX': [-1, 2]}), ({'CONV': [256, 3]}, {'CONV': [128, 5]}), ({'CONV': [32, 3]}, {'CONV': [256, 3]}, {'POOLMAX': [-1, 2]}), ({'CONV': [32, 3]}, {'CONV': [128, 5]}), ({'CONV': [256, 3]}, {'CONV': [256, 5]}, {'POOLMAX': [-1, 2]}), {'GLOBAL_AVG': None}, {'LAST_DENSE': [100, 'softmax']}]",HHSE,NSGA2,,,,,0.6962255119107065,,,,1435338240,4799908,,,,,,"[2, 26, 24, 35, 37, 17, 5, 37]",0.7108455957706639,-0.0002729841877705,0.5,0.5,0.875,0.0,0.04,0,0,0,100,0,0.0,BEST,False,False,288,True,True,GREEDY,,,GREEDY_HV
BPGELY[M],20,21,7,4,0.07,True,True,"[26, 21, 5, 31, 53, 6, 5, 55]",[],"[26.617921018472224, 21.7702894311201, 5.417170626412712, 31.277782463034157, 53.210224200519306, 6.423124655085896, 5.065402008512453, 55.76033456626183]","[{'INP': 32}, {'CONV': [64, 3]}, ({'CONV': [64, 5]}, {'CONV': [64, 3]}), ({'CONV': [64, 3]}, {'CONV': [128, 5]}, {'POOLMAX': [-1, 2]}), ({'CONV': [32, 3]}, {'CONV': [128, 5]}), ({'CONV': [64, 5]}, {'CONV': [256, 5]}, {'POOLMAX': [-1, 2]}), ({'CONV': [256, 3]}, {'CONV': [128, 5]}), ({'CONV': [32, 3]}, {'CONV': [256, 3]}, {'POOLMAX': [-1, 2]}), ({'CONV': [32, 3]}, {'CONV': [128, 5]}), ({'CONV': [256, 3]}, {'CONV': [256, 5]}, {'POOLMAX': [-1, 2]}), {'GLOBAL_AVG': None}, {'LAST_DENSE': [100, 'softmax']}]",HHSE,NSGA2,,,,,0.6962255119107065,,,,1435338240,4799908,,,,,,"[2, 26, 24, 35, 37, 17, 5, 37]",0.7110358617054746,-0.0005738795551208,0.5,0.5,0.875,0.0,0.04,0,0,0,100,0,0.0,BEST,False,False,288,True,True,GREEDY,,,GREEDY_HV
BPGELY[M],20,21,8,4,0.08,True,True,"[26, 21, 5, 31, 53, 6, 5, 55]",[],"[26.617921018472224, 21.7702894311201, 5.417170626412712, 31.277782463034157, 53.210224200519306, 6.423124655085896, 5.065402008512453, 55.76033456626183]","[{'INP': 32}, {'CONV': [64, 3]}, ({'CONV': [64, 5]}, {'CONV': [64, 3]}), ({'CONV': [64, 3]}, {'CONV': [128, 5]}, {'POOLMAX': [-1, 2]}), ({'CONV': [32, 3]}, {'CONV': [128, 5]}), ({'CONV': [64, 5]}, {'CONV': [256, 5]}, {'POOLMAX': [-1, 2]}), ({'CONV': [256, 3]}, {'CONV': [128, 5]}), ({'CONV': [32, 3]}, {'CONV': [256, 3]}, {'POOLMAX': [-1, 2]}), ({'CONV': [32, 3]}, {'CONV': [128, 5]}), ({'CONV': [256, 3]}, {'CONV': [256, 5]}, {'POOLMAX': [-1, 2]}), {'GLOBAL_AVG': None}, {'LAST_DENSE': [100, 'softmax']}]",HHSE,NSGA2,,,,,0.6962255119107065,,,,1435338240,4799908,,,,,,"[2, 26, 24, 35, 37, 17, 5, 37]",0.712768237469627,-0.0008830716155387,0.5,0.5,0.875,0.0,0.04,0,1,0,100,0,0.01,BEST,False,False,288,True,True,GREEDY,,,GREEDY_HV
BPGELY[M],20,21,9,4,0.09,True,True,"[26, 21, 5, 31, 53, 6, 5, 55]",[],"[26.617921018472224, 21.7702894311201, 5.417170626412712, 31.277782463034157, 53.210224200519306, 6.423124655085896, 5.065402008512453, 55.76033456626183]","[{'INP': 32}, {'CONV': [64, 3]}, ({'CONV': [64, 5]}, {'CONV': [64, 3]}), ({'CONV': [64, 3]}, {'CONV': [128, 5]}, {'POOLMAX': [-1, 2]}), ({'CONV': [32, 3]}, {'CONV': [128, 5]}), ({'CONV': [64, 5]}, {'CONV': [256, 5]}, {'POOLMAX': [-1, 2]}), ({'CONV': [256, 3]}, {'CONV': [128, 5]}), ({'CONV': [32, 3]}, {'CONV': [256, 3]}, {'POOLMAX': [-1, 2]}), ({'CONV': [32, 3]}, {'CONV': [128, 5]}), ({'CONV': [256, 3]}, {'CONV': [256, 5]}, {'POOLMAX': [-1, 2]}), {'GLOBAL_AVG': None}, {'LAST_DENSE': [100, 'softmax']}]",HHSE,NSGA2,,,,,0.6962255119107065,,,,1435338240,4799908,,,,,,"[2, 26, 24, 35, 37, 17, 5, 37]",0.7142614478092488,0.0008510504590428,0.5,0.5,0.875,0.0,0.04,0,0,0,100,0,0.0,BEST,False,False,288,True,True,GREEDY,,,GREEDY_HV
BPGELY[M],20,21,10,4,0.1,True,True,"[26, 21, 5, 31, 53, 6, 5, 55]",[],"[26.617921018472224, 21.7702894311201, 5.417170626412712, 31.277782463034157, 53.210224200519306, 6.423124655085896, 5.065402008512453, 55.76033456626183]","[{'INP': 32}, {'CONV': [64, 3]}, ({'CONV': [64, 5]}, {'CONV': [64, 3]}), ({'CONV': [64, 3]}, {'CONV': [128, 5]}, {'POOLMAX': [-1, 2]}), ({'CONV': [32, 3]}, {'CONV': [128, 5]}), ({'CONV': [64, 5]}, {'CONV': [256, 5]}, {'POOLMAX': [-1, 2]}), ({'CONV': [256, 3]}, {'CONV': [128, 5]}), ({'CONV': [32, 3]}, {'CONV': [256, 3]}, {'POOLMAX': [-1, 2]}), ({'CONV': [32, 3]}, {'CONV': [128, 5]}), ({'CONV': [256, 3]}, {'CONV': [256, 5]}, {'POOLMAX': [-1, 2]}), {'GLOBAL_AVG': None}, {'LAST_DENSE': [100, 'softmax']}]",HHSE,NSGA2,,,,,0.6962255119107065,,,,1435338240,4799908,,,,,,"[2, 26, 24, 35, 37, 17, 5, 37]",0.7131838292638559,-0.0017240025676552,0.5,0.5,0.875,0.0,0.04,0,1,0,100,0,0.01,BEST,False,False,288,True,True,GREEDY,,,GREEDY_HV
BPGELY[M],20,21,11,4,0.11,True,True,"[26, 21, 5, 31, 53, 6, 5, 55]",[],"[26.617921018472224, 21.7702894311201, 5.417170626412712, 31.277782463034157, 53.210224200519306, 6.423124655085896, 5.065402008512453, 55.76033456626183]","[{'INP': 32}, {'CONV': [64, 3]}, ({'CONV': [64, 5]}, {'CONV': [64, 3]}), ({'CONV': [64, 3]}, {'CONV': [128, 5]}, {'POOLMAX': [-1, 2]}), ({'CONV': [32, 3]}, {'CONV': [128, 5]}), ({'CONV': [64, 5]}, {'CONV': [256, 5]}, {'POOLMAX': [-1, 2]}), ({'CONV': [256, 3]}, {'CONV': [128, 5]}), ({'CONV': [32, 3]}, {'CONV': [256, 3]}, {'POOLMAX': [-1, 2]}), ({'CONV': [32, 3]}, {'CONV': [128, 5]}), ({'CONV': [256, 3]}, {'CONV': [256, 5]}, {'POOLMAX': [-1, 2]}), {'GLOBAL_AVG': None}, {'LAST_DENSE': [100, 'softmax']}]",HHSE,NSGA2,,,,,0.6962255119107065,,,,1435338240,4799908,,,,,,"[2, 26, 24, 35, 37, 17, 5, 37]",0.7134483816258943,-0.0018484710501907,0.5,0.5,0.875,0.0,0.04,0,1,0,100,0,0.01,BEST,False,False,288,True,True,GREEDY,,,GREEDY_HV
BPGELY[M],20,21,12,4,0.12,True,True,"[26, 21, 5, 31, 53, 6, 5, 55]",[],"[26.617921018472224, 21.7702894311201, 5.417170626412712, 31.277782463034157, 53.210224200519306, 6.423124655085896, 5.065402008512453, 55.76033456626183]","[{'INP': 32}, {'CONV': [64, 3]}, ({'CONV': [64, 5]}, {'CONV': [64, 3]}), ({'CONV': [64, 3]}, {'CONV': [128, 5]}, {'POOLMAX': [-1, 2]}), ({'CONV': [32, 3]}, {'CONV': [128, 5]}), ({'CONV': [64, 5]}, {'CONV': [256, 5]}, {'POOLMAX': [-1, 2]}), ({'CONV': [256, 3]}, {'CONV': [128, 5]}), ({'CONV': [32, 3]}, {'CONV': [256, 3]}, {'POOLMAX': [-1, 2]}), ({'CONV': [32, 3]}, {'CONV': [128, 5]}), ({'CONV': [256, 3]}, {'CONV': [256, 5]}, {'POOLMAX': [-1, 2]}), {'GLOBAL_AVG': None}, {'LAST_DENSE': [100, 'softmax']}]",HHSE,NSGA2,,,,,0.6962255119107065,,,,1435338240,4799908,,,,,,"[2, 26, 24, 35, 37, 17, 5, 37]",0.7133404245827984,-0.0011764197430327,0.5,0.5,0.875,0.0,0.04,0,0,0,100,0,0.0,BEST,False,False,288,True,True,GREEDY,,,GREEDY_HV
BPGELY[M],20,21,13,4,0.13,True,True,"[26, 21, 5, 31, 53, 6, 5, 55]",[],"[26.617921018472224, 21.7702894311201, 5.417170626412712, 31.277782463034157, 53.210224200519306, 6.423124655085896, 5.065402008512453, 55.76033456626183]","[{'INP': 32}, {'CONV': [64, 3]}, ({'CONV': [64, 5]}, {'CONV': [64, 3]}), ({'CONV': [64, 3]}, {'CONV': [128, 5]}, {'POOLMAX': [-1, 2]}), ({'CONV': [32, 3]}, {'CONV': [128, 5]}), ({'CONV': [64, 5]}, {'CONV': [256, 5]}, {'POOLMAX': [-1, 2]}), ({'CONV': [256, 3]}, {'CONV': [128, 5]}), ({'CONV': [32, 3]}, {'CONV': [256, 3]}, {'POOLMAX': [-1, 2]}), ({'CONV': [32, 3]}, {'CONV': [128, 5]}), ({'CONV': [256, 3]}, {'CONV': [256, 5]}, {'POOLMAX': [-1, 2]}), {'GLOBAL_AVG': None}, {'LAST_DENSE': [100, 'softmax']}]",HHSE,NSGA2,,,,,0.6962255119107065,,,,1435338240,4799908,,,,,,"[2, 26, 24, 35, 37, 17, 5, 37]",0.7134957005644165,-0.0045965481448919,0.5,0.5,0.875,0.0,0.04,0,1,0,100,0,0.01,BEST,False,False,288,True,True,GREEDY,,,GREEDY_HV
BPGELY[M],20,21,14,4,0.14,True,True,"[26, 21, 5, 31, 53, 6, 5, 55]",[],"[26.617921018472224, 21.7702894311201, 5.417170626412712, 31.277782463034157, 53.210224200519306, 6.423124655085896, 5.065402008512453, 55.76033456626183]","[{'INP': 32}, {'CONV': [64, 3]}, ({'CONV': [64, 5]}, {'CONV': [64, 3]}), ({'CONV': [64, 3]}, {'CONV': [128, 5]}, {'POOLMAX': [-1, 2]}), ({'CONV': [32, 3]}, {'CONV': [128, 5]}), ({'CONV': [64, 5]}, {'CONV': [256, 5]}, {'POOLMAX': [-1, 2]}), ({'CONV': [256, 3]}, {'CONV': [128, 5]}), ({'CONV': [32, 3]}, {'CONV': [256, 3]}, {'POOLMAX': [-1, 2]}), ({'CONV': [32, 3]}, {'CONV': [128, 5]}), ({'CONV': [256, 3]}, {'CONV': [256, 5]}, {'POOLMAX': [-1, 2]}), {'GLOBAL_AVG': None}, {'LAST_DENSE': [100, 'softmax']}]",HHSE,NSGA2,,,,,0.6962255119107065,,,,1435338240,4799908,,,,,,"[2, 26, 24, 35, 37, 17, 5, 37]",0.7134620341905626,-0.0002703842999778,0.5,0.5,0.875,0.0,0.04,0,1,0,100,0,0.01,BEST,False,False,288,True,True,GREEDY,,,GREEDY_HV
BPGELY[M],20,21,15,4,0.15,True,True,"[26, 21, 5, 31, 53, 6, 5, 55]",[],"[26.617921018472224, 21.7702894311201, 5.417170626412712, 31.277782463034157, 53.210224200519306, 6.423124655085896, 5.065402008512453, 55.76033456626183]","[{'INP': 32}, {'CONV': [64, 3]}, ({'CONV': [64, 5]}, {'CONV': [64, 3]}), ({'CONV': [64, 3]}, {'CONV': [128, 5]}, {'POOLMAX': [-1, 2]}), ({'CONV': [32, 3]}, {'CONV': [128, 5]}), ({'CONV': [64, 5]}, {'CONV': [256, 5]}, {'POOLMAX': [-1, 2]}), ({'CONV': [256, 3]}, {'CONV': [128, 5]}), ({'CONV': [32, 3]}, {'CONV': [256, 3]}, {'POOLMAX': [-1, 2]}), ({'CONV': [32, 3]}, {'CONV': [128, 5]}), ({'CONV': [256, 3]}, {'CONV': [256, 5]}, {'POOLMAX': [-1, 2]}), {'GLOBAL_AVG': None}, {'LAST_DENSE': [100, 'softmax']}]",HHSE,NSGA2,,,,,0.6962255119107065,,,,1435338240,4799908,,,,,,"[2, 26, 24, 35, 37, 17, 5, 37]",0.7135395895133856,-0.0002856471789336,0.5,0.5,0.875,0.0,0.04,0,0,0,100,0,0.0,BEST,False,False,288,True,True,GREEDY,,,GREEDY_HV
BPGELY[M],20,21,16,4,0.16,True,True,"[26, 21, 5, 31, 53, 6, 5, 55]",[],"[26.617921018472224, 21.7702894311201, 5.417170626412712, 31.277782463034157, 53.210224200519306, 6.423124655085896, 5.065402008512453, 55.76033456626183]","[{'INP': 32}, {'CONV': [64, 3]}, ({'CONV': [64, 5]}, {'CONV': [64, 3]}), ({'CONV': [64, 3]}, {'CONV': [128, 5]}, {'POOLMAX': [-1, 2]}), ({'CONV': [32, 3]}, {'CONV': [128, 5]}), ({'CONV': [64, 5]}, {'CONV': [256, 5]}, {'POOLMAX': [-1, 2]}), ({'CONV': [256, 3]}, {'CONV': [128, 5]}), ({'CONV': [32, 3]}, {'CONV': [256, 3]}, {'POOLMAX': [-1, 2]}), ({'CONV': [32, 3]}, {'CONV': [128, 5]}), ({'CONV': [256, 3]}, {'CONV': [256, 5]}, {'POOLMAX': [-1, 2]}), {'GLOBAL_AVG': None}, {'LAST_DENSE': [100, 'softmax']}]",HHSE,NSGA2,,,,,0.6962255119107065,,,,1435338240,4799908,,,,,,"[2, 26, 24, 35, 37, 17, 5, 37]",0.7140892506267055,0.0003158146004339,0.5,0.5,0.875,0.0,0.04,0,1,0,100,0,0.01,BEST,False,False,288,True,True,GREEDY,,,GREEDY_HV
BPGELY[M],20,21,17,4,0.17,True,True,"[26, 21, 5, 31, 53, 6, 5, 55]",[],"[26.617921018472224, 21.7702894311201, 5.417170626412712, 31.277782463034157, 53.210224200519306, 6.423124655085896, 5.065402008512453, 55.76033456626183]","[{'INP': 32}, {'CONV': [64, 3]}, ({'CONV': [64, 5]}, {'CONV': [64, 3]}), ({'CONV': [64, 3]}, {'CONV': [128, 5]}, {'POOLMAX': [-1, 2]}), ({'CONV': [32, 3]}, {'CONV': [128, 5]}), ({'CONV': [64, 5]}, {'CONV': [256, 5]}, {'POOLMAX': [-1, 2]}), ({'CONV': [256, 3]}, {'CONV': [128, 5]}), ({'CONV': [32, 3]}, {'CONV': [256, 3]}, {'POOLMAX': [-1, 2]}), ({'CONV': [32, 3]}, {'CONV': [128, 5]}), ({'CONV': [256, 3]}, {'CONV': [256, 5]}, {'POOLMAX': [-1, 2]}), {'GLOBAL_AVG': None}, {'LAST_DENSE': [100, 'softmax']}]",HHSE,NSGA2,,,,,0.6962255119107065,,,,1435338240,4799908,,,,,,"[2, 26, 24, 35, 37, 17, 5, 37]",0.7135409754497063,-0.0004435029506569,0.5,0.5,0.875,0.0,0.04,0,0,0,100,0,0.0,BEST,False,False,288,True,True,GREEDY,,,GREEDY_HV
BPGELY[M],20,21,18,4,0.18,True,True,"[26, 21, 5, 31, 53, 6, 5, 55]",[],"[26.617921018472224, 21.7702894311201, 5.417170626412712, 31.277782463034157, 53.210224200519306, 6.423124655085896, 5.065402008512453, 55.76033456626183]","[{'INP': 32}, {'CONV': [64, 3]}, ({'CONV': [64, 5]}, {'CONV': [64, 3]}), ({'CONV': [64, 3]}, {'CONV': [128, 5]}, {'POOLMAX': [-1, 2]}), ({'CONV': [32, 3]}, {'CONV': [128, 5]}), ({'CONV': [64, 5]}, {'CONV': [256, 5]}, {'POOLMAX': [-1, 2]}), ({'CONV': [256, 3]}, {'CONV': [128, 5]}), ({'CONV': [32, 3]}, {'CONV': [256, 3]}, {'POOLMAX': [-1, 2]}), ({'CONV': [32, 3]}, {'CONV': [128, 5]}), ({'CONV': [256, 3]}, {'CONV': [256, 5]}, {'POOLMAX': [-1, 2]}), {'GLOBAL_AVG': None}, {'LAST_DENSE': [100, 'softmax']}]",HHSE,NSGA2,,,,,0.6962255119107065,,,,1435338240,4799908,,,,,,"[2, 26, 24, 35, 37, 17, 5, 37]",0.7135673169336412,-0.0024413816583165,0.5,0.5,0.875,0.0,0.04,0,0,0,100,0,0.0,BEST,False,False,288,True,True,GREEDY,,,GREEDY_HV
BPGELY[M],20,21,19,4,0.19,True,True,"[26, 21, 5, 31, 53, 6, 5, 55]",[],"[26.617921018472224, 21.7702894311201, 5.417170626412712, 31.277782463034157, 53.210224200519306, 6.423124655085896, 5.065402008512453, 55.76033456626183]","[{'INP': 32}, {'CONV': [64, 3]}, ({'CONV': [64, 5]}, {'CONV': [64, 3]}), ({'CONV': [64, 3]}, {'CONV': [128, 5]}, {'POOLMAX': [-1, 2]}), ({'CONV': [32, 3]}, {'CONV': [128, 5]}), ({'CONV': [64, 5]}, {'CONV': [256, 5]}, {'POOLMAX': [-1, 2]}), ({'CONV': [256, 3]}, {'CONV': [128, 5]}), ({'CONV': [32, 3]}, {'CONV': [256, 3]}, {'POOLMAX': [-1, 2]}), ({'CONV': [32, 3]}, {'CONV': [128, 5]}), ({'CONV': [256, 3]}, {'CONV': [256, 5]}, {'POOLMAX': [-1, 2]}), {'GLOBAL_AVG': None}, {'LAST_DENSE': [100, 'softmax']}]",HHSE,NSGA2,,,,,0.6962255119107065,,,,1435338240,4799908,,,,,,"[2, 26, 24, 35, 37, 17, 5, 37]",0.7136930525107185,-7.49017105236005e-05,0.5,0.5,0.875,0.0,0.04,0,0,0,100,0,0.0,BEST,False,False,288,True,True,GREEDY,,,GREEDY_HV
BQQHHC[M][M],20,21,20,20,0.2,True,True,"[4, 0, 39, 23, 54, 13, 62, 55]",[],"[4.609960206191281, 0.28142476974999986, 39.19204017376987, 23.856293230497833, 54.94708953761608, 13.566575318392879, 62.50773993964105, 55.68491154101209]","[{'INP': 32}, {'CONV': [64, 3]}, ({'CONV': [32, 3]}, {'CONV': [128, 3]}), ({'CONV': [32, 3]}, {'CONV': [32, 3]}, {'POOLMAX': [-1, 2]}), ({'CONV': [128, 3]}, {'CONV': [256, 5]}), ({'CONV': [64, 3]}, {'CONV': [256, 5]}, {'POOLMAX': [-1, 2]}), ({'CONV': [256, 3]}, {'CONV': [256, 3]}), ({'CONV': [32, 5]}, {'CONV': [128, 5]}, {'POOLMAX': [-1, 2]}), ({'CONV': [256, 5]}, {'CONV': [256, 3]}), ({'CONV': [256, 3]}, {'CONV': [256, 5]}, {'POOLMAX': [-1, 2]}), {'GLOBAL_AVG': None}, {'LAST_DENSE': [100, 'softmax']}]",HHSE,NSGA2,,,,,0.6989418346283695,,,,1244550144,6676772,,,,,,"[8, 0, 13, 15, 62, 14, 62, 55]",0.7138360618794577,-6.268156069211273e-05,0.0,0.0,0.625,0.875,0.2,0,0,0,100,0,0.0,BEST,False,False,262,True,True,GREEDY,,,GREEDY_HV
BQQHHC[M][M],20,21,21,20,0.21,True,True,"[4, 0, 39, 23, 54, 13, 62, 55]",[],"[4.609960206191281, 0.28142476974999986, 39.19204017376987, 23.856293230497833, 54.94708953761608, 13.566575318392879, 62.50773993964105, 55.68491154101209]","[{'INP': 32}, {'CONV': [64, 3]}, ({'CONV': [32, 3]}, {'CONV': [128, 3]}), ({'CONV': [32, 3]}, {'CONV': [32, 3]}, {'POOLMAX': [-1, 2]}), ({'CONV': [128, 3]}, {'CONV': [256, 5]}), ({'CONV': [64, 3]}, {'CONV': [256, 5]}, {'POOLMAX': [-1, 2]}), ({'CONV': [256, 3]}, {'CONV': [256, 3]}), ({'CONV': [32, 5]}, {'CONV': [128, 5]}, {'POOLMAX': [-1, 2]}), ({'CONV': [256, 5]}, {'CONV': [256, 3]}), ({'CONV': [256, 3]}, {'CONV': [256, 5]}, {'POOLMAX': [-1, 2]}), {'GLOBAL_AVG': None}, {'LAST_DENSE': [100, 'softmax']}]",HHSE,NSGA2,,,,,0.6989418346283695,,,,1244550144,6676772,,,,,,"[8, 0, 13, 15, 62, 14, 62, 55]",0.7157575513717993,-0.0024417436094916,0.0,0.0,0.625,0.0,0.2,0,0,0,100,0,0.0,BEST,False,False,262,True,True,GREEDY,,,GREEDY_HV
BQQHHC[M][M],20,21,22,20,0.22,True,True,"[4, 0, 39, 23, 54, 13, 62, 55]",[],"[4.609960206191281, 0.28142476974999986, 39.19204017376987, 23.856293230497833, 54.94708953761608, 13.566575318392879, 62.50773993964105, 55.68491154101209]","[{'INP': 32}, {'CONV': [64, 3]}, ({'CONV': [32, 3]}, {'CONV': [128, 3]}), ({'CONV': [32, 3]}, {'CONV': [32, 3]}, {'POOLMAX': [-1, 2]}), ({'CONV': [128, 3]}, {'CONV': [256, 5]}), ({'CONV': [64, 3]}, {'CONV': [256, 5]}, {'POOLMAX': [-1, 2]}), ({'CONV': [256, 3]}, {'CONV': [256, 3]}), ({'CONV': [32, 5]}, {'CONV': [128, 5]}, {'POOLMAX': [-1, 2]}), ({'CONV': [256, 5]}, {'CONV': [256, 3]}), ({'CONV': [256, 3]}, {'CONV': [256, 5]}, {'POOLMAX': [-1, 2]}), {'GLOBAL_AVG': None}, {'LAST_DENSE': [100, 'softmax']}]",HHSE,NSGA2,,,,,0.6989418346283695,,,,1244550144,6676772,,,,,,"[8, 0, 13, 15, 62, 14, 62, 55]",0.7157682526346525,-0.0004700900067431,0.0,0.0,0.625,0.0,0.2,0,0,0,100,0,0.0,BEST,False,False,262,True,True,GREEDY,,,GREEDY_HV
BQQHHC[M][M],20,21,23,20,0.23,True,True,"[4, 0, 39, 23, 54, 13, 62, 55]",[],"[4.609960206191281, 0.28142476974999986, 39.19204017376987, 23.856293230497833, 54.94708953761608, 13.566575318392879, 62.50773993964105, 55.68491154101209]","[{'INP': 32}, {'CONV': [64, 3]}, ({'CONV': [32, 3]}, {'CONV': [128, 3]}), ({'CONV': [32, 3]}, {'CONV': [32, 3]}, {'POOLMAX': [-1, 2]}), ({'CONV': [128, 3]}, {'CONV': [256, 5]}), ({'CONV': [64, 3]}, {'CONV': [256, 5]}, {'POOLMAX': [-1, 2]}), ({'CONV': [256, 3]}, {'CONV': [256, 3]}), ({'CONV': [32, 5]}, {'CONV': [128, 5]}, {'POOLMAX': [-1, 2]}), ({'CONV': [256, 5]}, {'CONV': [256, 3]}), ({'CONV': [256, 3]}, {'CONV': [256, 5]}, {'POOLMAX': [-1, 2]}), {'GLOBAL_AVG': None}, {'LAST_DENSE': [100, 'softmax']}]",HHSE,NSGA2,,,,,0.6989418346283695,,,,1244550144,6676772,,,,,,"[8, 0, 13, 15, 62, 14, 62, 55]",0.7157687504443306,-0.00034330170313,0.0,0.0,0.625,0.0,0.2,0,0,0,100,0,0.0,BEST,False,False,262,True,True,GREEDY,,,GREEDY_HV
BQQHHC[M][M],20,21,24,20,0.24,True,True,"[4, 0, 39, 23, 54, 13, 62, 55]",[],"[4.609960206191281, 0.28142476974999986, 39.19204017376987, 23.856293230497833, 54.94708953761608, 13.566575318392879, 62.50773993964105, 55.68491154101209]","[{'INP': 32}, {'CONV': [64, 3]}, ({'CONV': [32, 3]}, {'CONV': [128, 3]}), ({'CONV': [32, 3]}, {'CONV': [32, 3]}, {'POOLMAX': [-1, 2]}), ({'CONV': [128, 3]}, {'CONV': [256, 5]}), ({'CONV': [64, 3]}, {'CONV': [256, 5]}, {'POOLMAX': [-1, 2]}), ({'CONV': [256, 3]}, {'CONV': [256, 3]}), ({'CONV': [32, 5]}, {'CONV': [128, 5]}, {'POOLMAX': [-1, 2]}), ({'CONV': [256, 5]}, {'CONV': [256, 3]}), ({'CONV': [256, 3]}, {'CONV': [256, 5]}, {'POOLMAX': [-1, 2]}), {'GLOBAL_AVG': None}, {'LAST_DENSE': [100, 'softmax']}]",HHSE,NSGA2,,,,,0.6989418346283695,,,,1244550144,6676772,,,,,,"[8, 0, 13, 15, 62, 14, 62, 55]",0.7157724634491497,-0.003326687745864,0.0,0.0,0.625,0.0,0.2,0,0,0,100,0,0.0,BEST,False,False,262,True,True,GREEDY,,,GREEDY_HV
BQQHHC[M][M],20,21,25,20,0.25,True,True,"[4, 0, 39, 23, 54, 13, 62, 55]",[],"[4.609960206191281, 0.28142476974999986, 39.19204017376987, 23.856293230497833, 54.94708953761608, 13.566575318392879, 62.50773993964105, 55.68491154101209]","[{'INP': 32}, {'CONV': [64, 3]}, ({'CONV': [32, 3]}, {'CONV': [128, 3]}), ({'CONV': [32, 3]}, {'CONV': [32, 3]}, {'POOLMAX': [-1, 2]}), ({'CONV': [128, 3]}, {'CONV': [256, 5]}), ({'CONV': [64, 3]}, {'CONV': [256, 5]}, {'POOLMAX': [-1, 2]}), ({'CONV': [256, 3]}, {'CONV': [256, 3]}), ({'CONV': [32, 5]}, {'CONV': [128, 5]}, {'POOLMAX': [-1, 2]}), ({'CONV': [256, 5]}, {'CONV': [256, 3]}), ({'CONV': [256, 3]}, {'CONV': [256, 5]}, {'POOLMAX': [-1, 2]}), {'GLOBAL_AVG': None}, {'LAST_DENSE': [100, 'softmax']}]",HHSE,NSGA2,,,,,0.6989418346283695,,,,1244550144,6676772,,,,,,"[8, 0, 13, 15, 62, 14, 62, 55]",0.7157831050856507,-0.0095894132183156,0.0,0.0,0.625,0.0,0.2,0,0,0,100,0,0.0,BEST,False,False,262,True,True,GREEDY,,,GREEDY_HV
BQQHHC[M][M],20,21,26,20,0.26,True,True,"[4, 0, 39, 23, 54, 13, 62, 55]",[],"[4.609960206191281, 0.28142476974999986, 39.19204017376987, 23.856293230497833, 54.94708953761608, 13.566575318392879, 62.50773993964105, 55.68491154101209]","[{'INP': 32}, {'CONV': [64, 3]}, ({'CONV': [32, 3]}, {'CONV': [128, 3]}), ({'CONV': [32, 3]}, {'CONV': [32, 3]}, {'POOLMAX': [-1, 2]}), ({'CONV': [128, 3]}, {'CONV': [256, 5]}), ({'CONV': [64, 3]}, {'CONV': [256, 5]}, {'POOLMAX': [-1, 2]}), ({'CONV': [256, 3]}, {'CONV': [256, 3]}), ({'CONV': [32, 5]}, {'CONV': [128, 5]}, {'POOLMAX': [-1, 2]}), ({'CONV': [256, 5]}, {'CONV': [256, 3]}), ({'CONV': [256, 3]}, {'CONV': [256, 5]}, {'POOLMAX': [-1, 2]}), {'GLOBAL_AVG': None}, {'LAST_DENSE': [100, 'softmax']}]",HHSE,NSGA2,,,,,0.6989418346283695,,,,1244550144,6676772,,,,,,"[8, 0, 13, 15, 62, 14, 62, 55]",0.7157979345845321,-0.0003804930732523,0.0,0.0,0.625,0.0,0.2,0,0,0,100,0,0.0,BEST,False,False,262,True,True,GREEDY,,,GREEDY_HV
BQQHHC[M][M],20,21,27,20,0.27,True,True,"[4, 0, 39, 23, 54, 13, 62, 55]",[],"[4.609960206191281, 0.28142476974999986, 39.19204017376987, 23.856293230497833, 54.94708953761608, 13.566575318392879, 62.50773993964105, 55.68491154101209]","[{'INP': 32}, {'CONV': [64, 3]}, ({'CONV': [32, 3]}, {'CONV': [128, 3]}), ({'CONV': [32, 3]}, {'CONV': [32, 3]}, {'POOLMAX': [-1, 2]}), ({'CONV': [128, 3]}, {'CONV': [256, 5]}), ({'CONV': [64, 3]}, {'CONV': [256, 5]}, {'POOLMAX': [-1, 2]}), ({'CONV': [256, 3]}, {'CONV': [256, 3]}), ({'CONV': [32, 5]}, {'CONV': [128, 5]}, {'POOLMAX': [-1, 2]}), ({'CONV': [256, 5]}, {'CONV': [256, 3]}), ({'CONV': [256, 3]}, {'CONV': [256, 5]}, {'POOLMAX': [-1, 2]}), {'GLOBAL_AVG': None}, {'LAST_DENSE': [100, 'softmax']}]",HHSE,NSGA2,,,,,0.6989418346283695,,,,1244550144,6676772,,,,,,"[8, 0, 13, 15, 62, 14, 62, 55]",0.7158211590759658,-0.0001296668885266,0.0,0.0,0.625,0.0,0.2,0,0,0,100,0,0.0,BEST,False,False,262,True,True,GREEDY,,,GREEDY_HV
BQQHHC[M][M],20,21,28,20,0.28,True,True,"[4, 0, 39, 23, 54, 13, 62, 55]",[],"[4.609960206191281, 0.28142476974999986, 39.19204017376987, 23.856293230497833, 54.94708953761608, 13.566575318392879, 62.50773993964105, 55.68491154101209]","[{'INP': 32}, {'CONV': [64, 3]}, ({'CONV': [32, 3]}, {'CONV': [128, 3]}), ({'CONV': [32, 3]}, {'CONV': [32, 3]}, {'POOLMAX': [-1, 2]}), ({'CONV': [128, 3]}, {'CONV': [256, 5]}), ({'CONV': [64, 3]}, {'CONV': [256, 5]}, {'POOLMAX': [-1, 2]}), ({'CONV': [256, 3]}, {'CONV': [256, 3]}), ({'CONV': [32, 5]}, {'CONV': [128, 5]}, {'POOLMAX': [-1, 2]}), ({'CONV': [256, 5]}, {'CONV': [256, 3]}), ({'CONV': [256, 3]}, {'CONV': [256, 5]}, {'POOLMAX': [-1, 2]}), {'GLOBAL_AVG': None}, {'LAST_DENSE': [100, 'softmax']}]",HHSE,NSGA2,,,,,0.6989418346283695,,,,1244550144,6676772,,,,,,"[8, 0, 13, 15, 62, 14, 62, 55]",0.715826225631429,-0.0003153808086092,0.0,0.0,0.625,0.0,0.2,0,0,0,100,0,0.0,BEST,False,False,262,True,True,GREEDY,,,GREEDY_HV
BQQHHC[M][M],20,21,29,20,0.29,True,True,"[4, 0, 39, 23, 54, 13, 62, 55]",[],"[4.609960206191281, 0.28142476974999986, 39.19204017376987, 23.856293230497833, 54.94708953761608, 13.566575318392879, 62.50773993964105, 55.68491154101209]","[{'INP': 32}, {'CONV': [64, 3]}, ({'CONV': [32, 3]}, {'CONV': [128, 3]}), ({'CONV': [32, 3]}, {'CONV': [32, 3]}, {'POOLMAX': [-1, 2]}), ({'CONV': [128, 3]}, {'CONV': [256, 5]}), ({'CONV': [64, 3]}, {'CONV': [256, 5]}, {'POOLMAX': [-1, 2]}), ({'CONV': [256, 3]}, {'CONV': [256, 3]}), ({'CONV': [32, 5]}, {'CONV': [128, 5]}, {'POOLMAX': [-1, 2]}), ({'CONV': [256, 5]}, {'CONV': [256, 3]}), ({'CONV': [256, 3]}, {'CONV': [256, 5]}, {'POOLMAX': [-1, 2]}), {'GLOBAL_AVG': None}, {'LAST_DENSE': [100, 'softmax']}]",HHSE,NSGA2,,,,,0.6989418346283695,,,,1244550144,6676772,,,,,,"[8, 0, 13, 15, 62, 14, 62, 55]",0.7158691257427422,-0.0002352538487379,0.0,0.0,0.625,0.0,0.2,0,0,0,100,0,0.0,BEST,False,False,262,True,True,GREEDY,,,GREEDY_HV
BQQHHC[M][M],20,21,30,20,0.3,True,True,"[4, 0, 39, 23, 54, 13, 62, 55]",[],"[4.609960206191281, 0.28142476974999986, 39.19204017376987, 23.856293230497833, 54.94708953761608, 13.566575318392879, 62.50773993964105, 55.68491154101209]","[{'INP': 32}, {'CONV': [64, 3]}, ({'CONV': [32, 3]}, {'CONV': [128, 3]}), ({'CONV': [32, 3]}, {'CONV': [32, 3]}, {'POOLMAX': [-1, 2]}), ({'CONV': [128, 3]}, {'CONV': [256, 5]}), ({'CONV': [64, 3]}, {'CONV': [256, 5]}, {'POOLMAX': [-1, 2]}), ({'CONV': [256, 3]}, {'CONV': [256, 3]}), ({'CONV': [32, 5]}, {'CONV': [128, 5]}, {'POOLMAX': [-1, 2]}), ({'CONV': [256, 5]}, {'CONV': [256, 3]}), ({'CONV': [256, 3]}, {'CONV': [256, 5]}, {'POOLMAX': [-1, 2]}), {'GLOBAL_AVG': None}, {'LAST_DENSE': [100, 'softmax']}]",HHSE,NSGA2,,,,,0.6989418346283695,,,,1244550144,6676772,,,,,,"[8, 0, 13, 15, 62, 14, 62, 55]",0.7158696217033439,-0.0010197381040445,0.0,0.0,0.625,0.0,0.2,0,0,0,100,0,0.0,BEST,False,False,262,True,True,GREEDY,,,GREEDY_HV
BQQHHC[M][M],20,21,31,20,0.31,True,True,"[4, 0, 39, 23, 54, 13, 62, 55]",[],"[4.609960206191281, 0.28142476974999986, 39.19204017376987, 23.856293230497833, 54.94708953761608, 13.566575318392879, 62.50773993964105, 55.68491154101209]","[{'INP': 32}, {'CONV': [64, 3]}, ({'CONV': [32, 3]}, {'CONV': [128, 3]}), ({'CONV': [32, 3]}, {'CONV': [32, 3]}, {'POOLMAX': [-1, 2]}), ({'CONV': [128, 3]}, {'CONV': [256, 5]}), ({'CONV': [64, 3]}, {'CONV': [256, 5]}, {'POOLMAX': [-1, 2]}), ({'CONV': [256, 3]}, {'CONV': [256, 3]}), ({'CONV': [32, 5]}, {'CONV': [128, 5]}, {'POOLMAX': [-1, 2]}), ({'CONV': [256, 5]}, {'CONV': [256, 3]}), ({'CONV': [256, 3]}, {'CONV': [256, 5]}, {'POOLMAX': [-1, 2]}), {'GLOBAL_AVG': None}, {'LAST_DENSE': [100, 'softmax']}]",HHSE,NSGA2,,,,,0.6989418346283695,,,,1244550144,6676772,,,,,,"[8, 0, 13, 15, 62, 14, 62, 55]",0.7161764858378228,-0.0004976222133353,0.0,0.0,0.625,0.0,0.2,0,0,0,100,0,0.0,BEST,False,False,262,True,True,GREEDY,,,GREEDY_HV
BQQHHC[M][M],20,21,32,20,0.32,True,True,"[4, 0, 39, 23, 54, 13, 62, 55]",[],"[4.609960206191281, 0.28142476974999986, 39.19204017376987, 23.856293230497833, 54.94708953761608, 13.566575318392879, 62.50773993964105, 55.68491154101209]","[{'INP': 32}, {'CONV': [64, 3]}, ({'CONV': [32, 3]}, {'CONV': [128, 3]}), ({'CONV': [32, 3]}, {'CONV': [32, 3]}, {'POOLMAX': [-1, 2]}), ({'CONV': [128, 3]}, {'CONV': [256, 5]}), ({'CONV': [64, 3]}, {'CONV': [256, 5]}, {'POOLMAX': [-1, 2]}), ({'CONV': [256, 3]}, {'CONV': [256, 3]}), ({'CONV': [32, 5]}, {'CONV': [128, 5]}, {'POOLMAX': [-1, 2]}), ({'CONV': [256, 5]}, {'CONV': [256, 3]}), ({'CONV': [256, 3]}, {'CONV': [256, 5]}, {'POOLMAX': [-1, 2]}), {'GLOBAL_AVG': None}, {'LAST_DENSE': [100, 'softmax']}]",HHSE,NSGA2,,,,,0.6989418346283695,,,,1244550144,6676772,,,,,,"[8, 0, 13, 15, 62, 14, 62, 55]",0.7162203017783996,-0.0035493487127211,0.0,0.0,0.625,0.0,0.2,0,0,0,100,0,0.0,BEST,False,False,262,True,True,GREEDY,,,GREEDY_HV
BQQHHC[M][M],20,21,33,20,0.33,True,True,"[4, 0, 39, 23, 54, 13, 62, 55]",[],"[4.609960206191281, 0.28142476974999986, 39.19204017376987, 23.856293230497833, 54.94708953761608, 13.566575318392879, 62.50773993964105, 55.68491154101209]","[{'INP': 32}, {'CONV': [64, 3]}, ({'CONV': [32, 3]}, {'CONV': [128, 3]}), ({'CONV': [32, 3]}, {'CONV': [32, 3]}, {'POOLMAX': [-1, 2]}), ({'CONV': [128, 3]}, {'CONV': [256, 5]}), ({'CONV': [64, 3]}, {'CONV': [256, 5]}, {'POOLMAX': [-1, 2]}), ({'CONV': [256, 3]}, {'CONV': [256, 3]}), ({'CONV': [32, 5]}, {'CONV': [128, 5]}, {'POOLMAX': [-1, 2]}), ({'CONV': [256, 5]}, {'CONV': [256, 3]}), ({'CONV': [256, 3]}, {'CONV': [256, 5]}, {'POOLMAX': [-1, 2]}), {'GLOBAL_AVG': None}, {'LAST_DENSE': [100, 'softmax']}]",HHSE,NSGA2,,,,,0.6989418346283695,,,,1244550144,6676772,,,,,,"[8, 0, 13, 15, 62, 14, 62, 55]",0.7162203083230742,-0.0097814587363808,0.0,0.0,0.625,0.0,0.2,0,0,0,100,0,0.0,BEST,False,False,262,True,True,GREEDY,,,GREEDY_HV
BQQHHC[M][M],20,21,34,20,0.34,True,True,"[4, 0, 39, 23, 54, 13, 62, 55]",[],"[4.609960206191281, 0.28142476974999986, 39.19204017376987, 23.856293230497833, 54.94708953761608, 13.566575318392879, 62.50773993964105, 55.68491154101209]","[{'INP': 32}, {'CONV': [64, 3]}, ({'CONV': [32, 3]}, {'CONV': [128, 3]}), ({'CONV': [32, 3]}, {'CONV': [32, 3]}, {'POOLMAX': [-1, 2]}), ({'CONV': [128, 3]}, {'CONV': [256, 5]}), ({'CONV': [64, 3]}, {'CONV': [256, 5]}, {'POOLMAX': [-1, 2]}), ({'CONV': [256, 3]}, {'CONV': [256, 3]}), ({'CONV': [32, 5]}, {'CONV': [128, 5]}, {'POOLMAX': [-1, 2]}), ({'CONV': [256, 5]}, {'CONV': [256, 3]}), ({'CONV': [256, 3]}, {'CONV': [256, 5]}, {'POOLMAX': [-1, 2]}), {'GLOBAL_AVG': None}, {'LAST_DENSE': [100, 'softmax']}]",HHSE,NSGA2,,,,,0.6989418346283695,,,,1244550144,6676772,,,,,,"[8, 0, 13, 15, 62, 14, 62, 55]",0.7163323149208425,-0.0001441996091638,0.0,0.0,0.625,0.0,0.2,0,0,0,100,0,0.0,BEST,False,False,262,True,True,GREEDY,,,GREEDY_HV
BQQHHC[M][M],20,21,35,20,0.35,True,True,"[4, 0, 39, 23, 54, 13, 62, 55]",[],"[4.609960206191281, 0.28142476974999986, 39.19204017376987, 23.856293230497833, 54.94708953761608, 13.566575318392879, 62.50773993964105, 55.68491154101209]","[{'INP': 32}, {'CONV': [64, 3]}, ({'CONV': [32, 3]}, {'CONV': [128, 3]}), ({'CONV': [32, 3]}, {'CONV': [32, 3]}, {'POOLMAX': [-1, 2]}), ({'CONV': [128, 3]}, {'CONV': [256, 5]}), ({'CONV': [64, 3]}, {'CONV': [256, 5]}, {'POOLMAX': [-1, 2]}), ({'CONV': [256, 3]}, {'CONV': [256, 3]}), ({'CONV': [32, 5]}, {'CONV': [128, 5]}, {'POOLMAX': [-1, 2]}), ({'CONV': [256, 5]}, {'CONV': [256, 3]}), ({'CONV': [256, 3]}, {'CONV': [256, 5]}, {'POOLMAX': [-1, 2]}), {'GLOBAL_AVG': None}, {'LAST_DENSE': [100, 'softmax']}]",HHSE,NSGA2,,,,,0.6989418346283695,,,,1244550144,6676772,,,,,,"[8, 0, 13, 15, 62, 14, 62, 55]",0.7163493053130328,-0.0107935407762295,0.0,0.0,0.625,0.0,0.2,0,0,0,100,0,0.0,BEST,False,False,262,True,True,GREEDY,,,GREEDY_HV
BQQHHC[M][M],20,21,36,20,0.36,True,True,"[4, 0, 39, 23, 54, 13, 62, 55]",[],"[4.609960206191281, 0.28142476974999986, 39.19204017376987, 23.856293230497833, 54.94708953761608, 13.566575318392879, 62.50773993964105, 55.68491154101209]","[{'INP': 32}, {'CONV': [64, 3]}, ({'CONV': [32, 3]}, {'CONV': [128, 3]}), ({'CONV': [32, 3]}, {'CONV': [32, 3]}, {'POOLMAX': [-1, 2]}), ({'CONV': [128, 3]}, {'CONV': [256, 5]}), ({'CONV': [64, 3]}, {'CONV': [256, 5]}, {'POOLMAX': [-1, 2]}), ({'CONV': [256, 3]}, {'CONV': [256, 3]}), ({'CONV': [32, 5]}, {'CONV': [128, 5]}, {'POOLMAX': [-1, 2]}), ({'CONV': [256, 5]}, {'CONV': [256, 3]}), ({'CONV': [256, 3]}, {'CONV': [256, 5]}, {'POOLMAX': [-1, 2]}), {'GLOBAL_AVG': None}, {'LAST_DENSE': [100, 'softmax']}]",HHSE,NSGA2,,,,,0.6989418346283695,,,,1244550144,6676772,,,,,,"[8, 0, 13, 15, 62, 14, 62, 55]",0.7165762120975657,-0.0004068304251059,0.0,0.0,0.625,0.0,0.2,0,0,0,100,0,0.0,BEST,False,False,262,True,True,GREEDY,,,GREEDY_HV
BQQHHC[M][M],20,21,37,20,0.37,True,True,"[4, 0, 39, 23, 54, 13, 62, 55]",[],"[4.609960206191281, 0.28142476974999986, 39.19204017376987, 23.856293230497833, 54.94708953761608, 13.566575318392879, 62.50773993964105, 55.68491154101209]","[{'INP': 32}, {'CONV': [64, 3]}, ({'CONV': [32, 3]}, {'CONV': [128, 3]}), ({'CONV': [32, 3]}, {'CONV': [32, 3]}, {'POOLMAX': [-1, 2]}), ({'CONV': [128, 3]}, {'CONV': [256, 5]}), ({'CONV': [64, 3]}, {'CONV': [256, 5]}, {'POOLMAX': [-1, 2]}), ({'CONV': [256, 3]}, {'CONV': [256, 3]}), ({'CONV': [32, 5]}, {'CONV': [128, 5]}, {'POOLMAX': [-1, 2]}), ({'CONV': [256, 5]}, {'CONV': [256, 3]}), ({'CONV': [256, 3]}, {'CONV': [256, 5]}, {'POOLMAX': [-1, 2]}), {'GLOBAL_AVG': None}, {'LAST_DENSE': [100, 'softmax']}]",HHSE,NSGA2,,,,,0.6989418346283695,,,,1244550144,6676772,,,,,,"[8, 0, 13, 15, 62, 14, 62, 55]",0.7198086802288646,0.0027224553498111,0.0,0.0,0.625,0.0,0.2,0,0,0,100,0,0.0,BEST,False,False,262,True,True,GREEDY,,,GREEDY_HV
BQQHHC[M][M],20,21,38,20,0.38,True,True,"[4, 0, 39, 23, 54, 13, 62, 55]",[],"[4.609960206191281, 0.28142476974999986, 39.19204017376987, 23.856293230497833, 54.94708953761608, 13.566575318392879, 62.50773993964105, 55.68491154101209]","[{'INP': 32}, {'CONV': [64, 3]}, ({'CONV': [32, 3]}, {'CONV': [128, 3]}), ({'CONV': [32, 3]}, {'CONV': [32, 3]}, {'POOLMAX': [-1, 2]}), ({'CONV': [128, 3]}, {'CONV': [256, 5]}), ({'CONV': [64, 3]}, {'CONV': [256, 5]}, {'POOLMAX': [-1, 2]}), ({'CONV': [256, 3]}, {'CONV': [256, 3]}), ({'CONV': [32, 5]}, {'CONV': [128, 5]}, {'POOLMAX': [-1, 2]}), ({'CONV': [256, 5]}, {'CONV': [256, 3]}), ({'CONV': [256, 3]}, {'CONV': [256, 5]}, {'POOLMAX': [-1, 2]}), {'GLOBAL_AVG': None}, {'LAST_DENSE': [100, 'softmax']}]",HHSE,NSGA2,,,,,0.6989418346283695,,,,1244550144,6676772,,,,,,"[8, 0, 13, 15, 62, 14, 62, 55]",0.7166069861728738,-0.0018325784449249,0.0,0.0,0.625,0.0,0.2,0,0,0,100,0,0.0,BEST,False,False,262,True,True,GREEDY,,,GREEDY_HV
BQQHHC[M][M],20,21,39,20,0.39,True,True,"[4, 0, 39, 23, 54, 13, 62, 55]",[],"[4.609960206191281, 0.28142476974999986, 39.19204017376987, 23.856293230497833, 54.94708953761608, 13.566575318392879, 62.50773993964105, 55.68491154101209]","[{'INP': 32}, {'CONV': [64, 3]}, ({'CONV': [32, 3]}, {'CONV': [128, 3]}), ({'CONV': [32, 3]}, {'CONV': [32, 3]}, {'POOLMAX': [-1, 2]}), ({'CONV': [128, 3]}, {'CONV': [256, 5]}), ({'CONV': [64, 3]}, {'CONV': [256, 5]}, {'POOLMAX': [-1, 2]}), ({'CONV': [256, 3]}, {'CONV': [256, 3]}), ({'CONV': [32, 5]}, {'CONV': [128, 5]}, {'POOLMAX': [-1, 2]}), ({'CONV': [256, 5]}, {'CONV': [256, 3]}), ({'CONV': [256, 3]}, {'CONV': [256, 5]}, {'POOLMAX': [-1, 2]}), {'GLOBAL_AVG': None}, {'LAST_DENSE': [100, 'softmax']}]",HHSE,NSGA2,,,,,0.6989418346283695,,,,1244550144,6676772,,,,,,"[8, 0, 13, 15, 62, 14, 62, 55]",0.7166313334697022,-0.0078850544560719,0.0,0.0,0.625,0.0,0.2,0,0,0,100,0,0.0,BEST,False,False,262,True,True,GREEDY,,,GREEDY_HV
BQQHHC[M][M],20,21,40,20,0.4,True,True,"[4, 0, 39, 23, 54, 13, 62, 55]",[],"[4.609960206191281, 0.28142476974999986, 39.19204017376987, 23.856293230497833, 54.94708953761608, 13.566575318392879, 62.50773993964105, 55.68491154101209]","[{'INP': 32}, {'CONV': [64, 3]}, ({'CONV': [32, 3]}, {'CONV': [128, 3]}), ({'CONV': [32, 3]}, {'CONV': [32, 3]}, {'POOLMAX': [-1, 2]}), ({'CONV': [128, 3]}, {'CONV': [256, 5]}), ({'CONV': [64, 3]}, {'CONV': [256, 5]}, {'POOLMAX': [-1, 2]}), ({'CONV': [256, 3]}, {'CONV': [256, 3]}), ({'CONV': [32, 5]}, {'CONV': [128, 5]}, {'POOLMAX': [-1, 2]}), ({'CONV': [256, 5]}, {'CONV': [256, 3]}), ({'CONV': [256, 3]}, {'CONV': [256, 5]}, {'POOLMAX': [-1, 2]}), {'GLOBAL_AVG': None}, {'LAST_DENSE': [100, 'softmax']}]",HHSE,NSGA2,,,,,0.6989418346283695,,,,1244550144,6676772,,,,,,"[8, 0, 13, 15, 62, 14, 62, 55]",0.7174812737211028,-0.0013743290229849,0.0,0.0,0.625,0.0,0.2,0,1,0,100,0,0.01,BEST,False,False,262,True,True,GREEDY,,,GREEDY_HV
BQQHHC[M][M],20,21,41,20,0.41,True,True,"[4, 0, 39, 23, 54, 13, 62, 55]",[],"[4.609960206191281, 0.28142476974999986, 39.19204017376987, 23.856293230497833, 54.94708953761608, 13.566575318392879, 62.50773993964105, 55.68491154101209]","[{'INP': 32}, {'CONV': [64, 3]}, ({'CONV': [32, 3]}, {'CONV': [128, 3]}), ({'CONV': [32, 3]}, {'CONV': [32, 3]}, {'POOLMAX': [-1, 2]}), ({'CONV': [128, 3]}, {'CONV': [256, 5]}), ({'CONV': [64, 3]}, {'CONV': [256, 5]}, {'POOLMAX': [-1, 2]}), ({'CONV': [256, 3]}, {'CONV': [256, 3]}), ({'CONV': [32, 5]}, {'CONV': [128, 5]}, {'POOLMAX': [-1, 2]}), ({'CONV': [256, 5]}, {'CONV': [256, 3]}), ({'CONV': [256, 3]}, {'CONV': [256, 5]}, {'POOLMAX': [-1, 2]}), {'GLOBAL_AVG': None}, {'LAST_DENSE': [100, 'softmax']}]",HHSE,NSGA2,,,,,0.6989418346283695,,,,1244550144,6676772,,,,,,"[8, 0, 13, 15, 62, 14, 62, 55]",0.7166527747882203,-0.0071847008664878,0.0,0.0,0.625,0.0,0.2,0,0,0,100,0,0.0,BEST,False,False,262,True,True,GREEDY,,,GREEDY_HV
BQQHHC[M][M],20,21,42,20,0.42,True,True,"[4, 0, 39, 23, 54, 13, 62, 55]",[],"[4.609960206191281, 0.28142476974999986, 39.19204017376987, 23.856293230497833, 54.94708953761608, 13.566575318392879, 62.50773993964105, 55.68491154101209]","[{'INP': 32}, {'CONV': [64, 3]}, ({'CONV': [32, 3]}, {'CONV': [128, 3]}), ({'CONV': [32, 3]}, {'CONV': [32, 3]}, {'POOLMAX': [-1, 2]}), ({'CONV': [128, 3]}, {'CONV': [256, 5]}), ({'CONV': [64, 3]}, {'CONV': [256, 5]}, {'POOLMAX': [-1, 2]}), ({'CONV': [256, 3]}, {'CONV': [256, 3]}), ({'CONV': [32, 5]}, {'CONV': [128, 5]}, {'POOLMAX': [-1, 2]}), ({'CONV': [256, 5]}, {'CONV': [256, 3]}), ({'CONV': [256, 3]}, {'CONV': [256, 5]}, {'POOLMAX': [-1, 2]}), {'GLOBAL_AVG': None}, {'LAST_DENSE': [100, 'softmax']}]",HHSE,NSGA2,,,,,0.6989418346283695,,,,1244550144,6676772,,,,,,"[8, 0, 13, 15, 62, 14, 62, 55]",0.7167564109749787,-7.183967080370834e-05,0.0,0.0,0.625,0.0,0.2,0,0,0,100,0,0.0,BEST,False,False,262,True,True,GREEDY,,,GREEDY_HV
BQQHHC[M][M],20,21,43,20,0.43,True,True,"[4, 0, 39, 23, 54, 13, 62, 55]",[],"[4.609960206191281, 0.28142476974999986, 39.19204017376987, 23.856293230497833, 54.94708953761608, 13.566575318392879, 62.50773993964105, 55.68491154101209]","[{'INP': 32}, {'CONV': [64, 3]}, ({'CONV': [32, 3]}, {'CONV': [128, 3]}), ({'CONV': [32, 3]}, {'CONV': [32, 3]}, {'POOLMAX': [-1, 2]}), ({'CONV': [128, 3]}, {'CONV': [256, 5]}), ({'CONV': [64, 3]}, {'CONV': [256, 5]}, {'POOLMAX': [-1, 2]}), ({'CONV': [256, 3]}, {'CONV': [256, 3]}), ({'CONV': [32, 5]}, {'CONV': [128, 5]}, {'POOLMAX': [-1, 2]}), ({'CONV': [256, 5]}, {'CONV': [256, 3]}), ({'CONV': [256, 3]}, {'CONV': [256, 5]}, {'POOLMAX': [-1, 2]}), {'GLOBAL_AVG': None}, {'LAST_DENSE': [100, 'softmax']}]",HHSE,NSGA2,,,,,0.6989418346283695,,,,1244550144,6676772,,,,,,"[8, 0, 13, 15, 62, 14, 62, 55]",0.716750961493376,-0.0001460192648832,0.0,0.0,0.625,0.0,0.2,0,0,0,100,0,0.0,BEST,False,False,262,True,True,GREEDY,,,GREEDY_HV
BQQHHC[M][M],20,21,44,20,0.44,True,True,"[4, 0, 39, 23, 54, 13, 62, 55]",[],"[4.609960206191281, 0.28142476974999986, 39.19204017376987, 23.856293230497833, 54.94708953761608, 13.566575318392879, 62.50773993964105, 55.68491154101209]","[{'INP': 32}, {'CONV': [64, 3]}, ({'CONV': [32, 3]}, {'CONV': [128, 3]}), ({'CONV': [32, 3]}, {'CONV': [32, 3]}, {'POOLMAX': [-1, 2]}), ({'CONV': [128, 3]}, {'CONV': [256, 5]}), ({'CONV': [64, 3]}, {'CONV': [256, 5]}, {'POOLMAX': [-1, 2]}), ({'CONV': [256, 3]}, {'CONV': [256, 3]}), ({'CONV': [32, 5]}, {'CONV': [128, 5]}, {'POOLMAX': [-1, 2]}), ({'CONV': [256, 5]}, {'CONV': [256, 3]}), ({'CONV': [256, 3]}, {'CONV': [256, 5]}, {'POOLMAX': [-1, 2]}), {'GLOBAL_AVG': None}, {'LAST_DENSE': [100, 'softmax']}]",HHSE,NSGA2,,,,,0.6989418346283695,,,,1244550144,6676772,,,,,,"[8, 0, 13, 15, 62, 14, 62, 55]",0.7167663381731152,-0.0054154184660389,0.0,0.0,0.625,0.0,0.2,0,1,0,100,0,0.01,BEST,False,False,262,True,True,GREEDY,,,GREEDY_HV
BQQHHC[M][M],20,21,45,20,0.45,True,True,"[4, 0, 39, 23, 54, 13, 62, 55]",[],"[4.609960206191281, 0.28142476974999986, 39.19204017376987, 23.856293230497833, 54.94708953761608, 13.566575318392879, 62.50773993964105, 55.68491154101209]","[{'INP': 32}, {'CONV': [64, 3]}, ({'CONV': [32, 3]}, {'CONV': [128, 3]}), ({'CONV': [32, 3]}, {'CONV': [32, 3]}, {'POOLMAX': [-1, 2]}), ({'CONV': [128, 3]}, {'CONV': [256, 5]}), ({'CONV': [64, 3]}, {'CONV': [256, 5]}, {'POOLMAX': [-1, 2]}), ({'CONV': [256, 3]}, {'CONV': [256, 3]}), ({'CONV': [32, 5]}, {'CONV': [128, 5]}, {'POOLMAX': [-1, 2]}), ({'CONV': [256, 5]}, {'CONV': [256, 3]}), ({'CONV': [256, 3]}, {'CONV': [256, 5]}, {'POOLMAX': [-1, 2]}), {'GLOBAL_AVG': None}, {'LAST_DENSE': [100, 'softmax']}]",HHSE,NSGA2,,,,,0.6989418346283695,,,,1244550144,6676772,,,,,,"[8, 0, 13, 15, 62, 14, 62, 55]",0.7168634216985368,-0.0088022819941588,0.0,0.0,0.625,0.0,0.2,0,0,0,100,0,0.0,BEST,False,False,262,True,True,GREEDY,,,GREEDY_HV
BQQHHC[M][M],20,21,46,20,0.46,True,True,"[4, 0, 39, 23, 54, 13, 62, 55]",[],"[4.609960206191281, 0.28142476974999986, 39.19204017376987, 23.856293230497833, 54.94708953761608, 13.566575318392879, 62.50773993964105, 55.68491154101209]","[{'INP': 32}, {'CONV': [64, 3]}, ({'CONV': [32, 3]}, {'CONV': [128, 3]}), ({'CONV': [32, 3]}, {'CONV': [32, 3]}, {'POOLMAX': [-1, 2]}), ({'CONV': [128, 3]}, {'CONV': [256, 5]}), ({'CONV': [64, 3]}, {'CONV': [256, 5]}, {'POOLMAX': [-1, 2]}), ({'CONV': [256, 3]}, {'CONV': [256, 3]}), ({'CONV': [32, 5]}, {'CONV': [128, 5]}, {'POOLMAX': [-1, 2]}), ({'CONV': [256, 5]}, {'CONV': [256, 3]}), ({'CONV': [256, 3]}, {'CONV': [256, 5]}, {'POOLMAX': [-1, 2]}), {'GLOBAL_AVG': None}, {'LAST_DENSE': [100, 'softmax']}]",HHSE,NSGA2,,,,,0.6989418346283695,,,,1244550144,6676772,,,,,,"[8, 0, 13, 15, 62, 14, 62, 55]",0.7167724106122682,-0.0019854810466,0.0,0.0,0.625,0.0,0.2,0,0,0,100,0,0.0,BEST,False,False,262,True,True,GREEDY,,,GREEDY_HV
BQQHHC[M][M],20,21,47,20,0.47,True,True,"[4, 0, 39, 23, 54, 13, 62, 55]",[],"[4.609960206191281, 0.28142476974999986, 39.19204017376987, 23.856293230497833, 54.94708953761608, 13.566575318392879, 62.50773993964105, 55.68491154101209]","[{'INP': 32}, {'CONV': [64, 3]}, ({'CONV': [32, 3]}, {'CONV': [128, 3]}), ({'CONV': [32, 3]}, {'CONV': [32, 3]}, {'POOLMAX': [-1, 2]}), ({'CONV': [128, 3]}, {'CONV': [256, 5]}), ({'CONV': [64, 3]}, {'CONV': [256, 5]}, {'POOLMAX': [-1, 2]}), ({'CONV': [256, 3]}, {'CONV': [256, 3]}), ({'CONV': [32, 5]}, {'CONV': [128, 5]}, {'POOLMAX': [-1, 2]}), ({'CONV': [256, 5]}, {'CONV': [256, 3]}), ({'CONV': [256, 3]}, {'CONV': [256, 5]}, {'POOLMAX': [-1, 2]}), {'GLOBAL_AVG': None}, {'LAST_DENSE': [100, 'softmax']}]",HHSE,NSGA2,,,,,0.6989418346283695,,,,1244550144,6676772,,,,,,"[8, 0, 13, 15, 62, 14, 62, 55]",0.7175647531568655,-0.0074607778002402,0.0,0.0,0.625,0.0,0.2,0,0,0,100,0,0.0,BEST,False,False,262,True,True,GREEDY,,,GREEDY_HV
BQQHHC[M][M],20,21,48,20,0.48,True,True,"[4, 0, 39, 23, 54, 13, 62, 55]",[],"[4.609960206191281, 0.28142476974999986, 39.19204017376987, 23.856293230497833, 54.94708953761608, 13.566575318392879, 62.50773993964105, 55.68491154101209]","[{'INP': 32}, {'CONV': [64, 3]}, ({'CONV': [32, 3]}, {'CONV': [128, 3]}), ({'CONV': [32, 3]}, {'CONV': [32, 3]}, {'POOLMAX': [-1, 2]}), ({'CONV': [128, 3]}, {'CONV': [256, 5]}), ({'CONV': [64, 3]}, {'CONV': [256, 5]}, {'POOLMAX': [-1, 2]}), ({'CONV': [256, 3]}, {'CONV': [256, 3]}), ({'CONV': [32, 5]}, {'CONV': [128, 5]}, {'POOLMAX': [-1, 2]}), ({'CONV': [256, 5]}, {'CONV': [256, 3]}), ({'CONV': [256, 3]}, {'CONV': [256, 5]}, {'POOLMAX': [-1, 2]}), {'GLOBAL_AVG': None}, {'LAST_DENSE': [100, 'softmax']}]",HHSE,NSGA2,,,,,0.6989418346283695,,,,1244550144,6676772,,,,,,"[8, 0, 13, 15, 62, 14, 62, 55]",0.7195997353287101,-0.0016403823930627,0.0,0.0,0.625,0.0,0.2,0,0,0,100,0,0.0,BEST,False,False,262,True,True,GREEDY,,,GREEDY_HV
BQQHHC[M][M],20,21,49,20,0.49,True,True,"[4, 0, 39, 23, 54, 13, 62, 55]",[],"[4.609960206191281, 0.28142476974999986, 39.19204017376987, 23.856293230497833, 54.94708953761608, 13.566575318392879, 62.50773993964105, 55.68491154101209]","[{'INP': 32}, {'CONV': [64, 3]}, ({'CONV': [32, 3]}, {'CONV': [128, 3]}), ({'CONV': [32, 3]}, {'CONV': [32, 3]}, {'POOLMAX': [-1, 2]}), ({'CONV': [128, 3]}, {'CONV': [256, 5]}), ({'CONV': [64, 3]}, {'CONV': [256, 5]}, {'POOLMAX': [-1, 2]}), ({'CONV': [256, 3]}, {'CONV': [256, 3]}), ({'CONV': [32, 5]}, {'CONV': [128, 5]}, {'POOLMAX': [-1, 2]}), ({'CONV': [256, 5]}, {'CONV': [256, 3]}), ({'CONV': [256, 3]}, {'CONV': [256, 5]}, {'POOLMAX': [-1, 2]}), {'GLOBAL_AVG': None}, {'LAST_DENSE': [100, 'softmax']}]",HHSE,NSGA2,,,,,0.6989418346283695,,,,1244550144,6676772,,,,,,"[8, 0, 13, 15, 62, 14, 62, 55]",0.7176515908002945,-0.011806999964221,0.0,0.0,0.625,0.0,0.2,0,0,0,100,0,0.0,BEST,False,False,262,True,True,GREEDY,,,GREEDY_HV
BQQHHC[M][M],20,21,50,20,0.5,True,True,"[4, 0, 39, 23, 54, 13, 62, 55]",[],"[4.609960206191281, 0.28142476974999986, 39.19204017376987, 23.856293230497833, 54.94708953761608, 13.566575318392879, 62.50773993964105, 55.68491154101209]","[{'INP': 32}, {'CONV': [64, 3]}, ({'CONV': [32, 3]}, {'CONV': [128, 3]}), ({'CONV': [32, 3]}, {'CONV': [32, 3]}, {'POOLMAX': [-1, 2]}), ({'CONV': [128, 3]}, {'CONV': [256, 5]}), ({'CONV': [64, 3]}, {'CONV': [256, 5]}, {'POOLMAX': [-1, 2]}), ({'CONV': [256, 3]}, {'CONV': [256, 3]}), ({'CONV': [32, 5]}, {'CONV': [128, 5]}, {'POOLMAX': [-1, 2]}), ({'CONV': [256, 5]}, {'CONV': [256, 3]}), ({'CONV': [256, 3]}, {'CONV': [256, 5]}, {'POOLMAX': [-1, 2]}), {'GLOBAL_AVG': None}, {'LAST_DENSE': [100, 'softmax']}]",HHSE,NSGA2,,,,,0.6989418346283695,,,,1244550144,6676772,,,,,,"[8, 0, 13, 15, 62, 14, 62, 55]",0.7176182771961439,-0.0001480417087447,0.0,0.0,0.625,0.0,0.2,0,2,0,100,0,0.02,BEST,False,False,262,True,True,GREEDY,,,GREEDY_HV
BTZRLI[M][M],20,21,51,51,0.51,True,True,"[2, 4, 33, 23, 19, 23, 62, 55]",[],"[2.110374499804062, 4.52513675320398, 33.227959290277376, 23.938972321851125, 19.521203777455636, 23.23398444749616, 62.480767542465294, 55.08265179816968]","[{'INP': 32}, {'CONV': [64, 3]}, ({'CONV': [32, 3]}, {'CONV': [64, 3]}), ({'CONV': [32, 3]}, {'CONV': [128, 3]}, {'POOLMAX': [-1, 2]}), ({'CONV': [128, 3]}, {'CONV': [32, 5]}), ({'CONV': [64, 3]}, {'CONV': [256, 5]}, {'POOLMAX': [-1, 2]}), ({'CONV': [64, 3]}, {'CONV': [64, 5]}), ({'CONV': [64, 3]}, {'CONV': [256, 5]}, {'POOLMAX': [-1, 2]}), ({'CONV': [256, 5]}, {'CONV': [256, 3]}), ({'CONV': [256, 3]}, {'CONV': [256, 5]}, {'POOLMAX': [-1, 2]}), {'GLOBAL_AVG': None}, {'LAST_DENSE': [100, 'softmax']}]",HHSE,NSGA2,,,,,0.701120198970835,,,,774495232,5959332,,,,,,"[2, 5, 17, 17, 41, 23, 62, 55]",0.7176165362365733,-0.0003378912437805,0.0,0.0,0.5,0.625,0.51,0,0,0,100,0,0.0,BEST,False,False,238,True,True,GREEDY,,,GREEDY_HV
BTZRLI[M][M],20,21,52,51,0.52,True,True,"[2, 4, 33, 23, 19, 23, 62, 55]",[],"[2.110374499804062, 4.52513675320398, 33.227959290277376, 23.938972321851125, 19.521203777455636, 23.23398444749616, 62.480767542465294, 55.08265179816968]","[{'INP': 32}, {'CONV': [64, 3]}, ({'CONV': [32, 3]}, {'CONV': [64, 3]}), ({'CONV': [32, 3]}, {'CONV': [128, 3]}, {'POOLMAX': [-1, 2]}), ({'CONV': [128, 3]}, {'CONV': [32, 5]}), ({'CONV': [64, 3]}, {'CONV': [256, 5]}, {'POOLMAX': [-1, 2]}), ({'CONV': [64, 3]}, {'CONV': [64, 5]}), ({'CONV': [64, 3]}, {'CONV': [256, 5]}, {'POOLMAX': [-1, 2]}), ({'CONV': [256, 5]}, {'CONV': [256, 3]}), ({'CONV': [256, 3]}, {'CONV': [256, 5]}, {'POOLMAX': [-1, 2]}), {'GLOBAL_AVG': None}, {'LAST_DENSE': [100, 'softmax']}]",HHSE,NSGA2,,,,,0.701120198970835,,,,774495232,5959332,,,,,,"[2, 5, 17, 17, 41, 23, 62, 55]",0.7193281842873587,-0.0001419076337868,0.0,0.0,0.5,0.0,0.51,0,0,0,100,0,0.0,BEST,False,False,238,True,True,GREEDY,,,GREEDY_HV
BTZRLI[M][M],20,21,53,51,0.53,True,True,"[2, 4, 33, 23, 19, 23, 62, 55]",[],"[2.110374499804062, 4.52513675320398, 33.227959290277376, 23.938972321851125, 19.521203777455636, 23.23398444749616, 62.480767542465294, 55.08265179816968]","[{'INP': 32}, {'CONV': [64, 3]}, ({'CONV': [32, 3]}, {'CONV': [64, 3]}), ({'CONV': [32, 3]}, {'CONV': [128, 3]}, {'POOLMAX': [-1, 2]}), ({'CONV': [128, 3]}, {'CONV': [32, 5]}), ({'CONV': [64, 3]}, {'CONV': [256, 5]}, {'POOLMAX': [-1, 2]}), ({'CONV': [64, 3]}, {'CONV': [64, 5]}), ({'CONV': [64, 3]}, {'CONV': [256, 5]}, {'POOLMAX': [-1, 2]}), ({'CONV': [256, 5]}, {'CONV': [256, 3]}), ({'CONV': [256, 3]}, {'CONV': [256, 5]}, {'POOLMAX': [-1, 2]}), {'GLOBAL_AVG': None}, {'LAST_DENSE': [100, 'softmax']}]",HHSE,NSGA2,,,,,0.701120198970835,,,,774495232,5959332,,,,,,"[2, 5, 17, 17, 41, 23, 62, 55]",0.7193822880517838,-0.000565857146467,0.0,0.0,0.5,0.0,0.51,0,0,0,100,0,0.0,BEST,False,False,238,True,True,GREEDY,,,GREEDY_HV
BTZRLI[M][M],20,21,54,51,0.54,True,True,"[2, 4, 33, 23, 19, 23, 62, 55]",[],"[2.110374499804062, 4.52513675320398, 33.227959290277376, 23.938972321851125, 19.521203777455636, 23.23398444749616, 62.480767542465294, 55.08265179816968]","[{'INP': 32}, {'CONV': [64, 3]}, ({'CONV': [32, 3]}, {'CONV': [64, 3]}), ({'CONV': [32, 3]}, {'CONV': [128, 3]}, {'POOLMAX': [-1, 2]}), ({'CONV': [128, 3]}, {'CONV': [32, 5]}), ({'CONV': [64, 3]}, {'CONV': [256, 5]}, {'POOLMAX': [-1, 2]}), ({'CONV': [64, 3]}, {'CONV': [64, 5]}), ({'CONV': [64, 3]}, {'CONV': [256, 5]}, {'POOLMAX': [-1, 2]}), ({'CONV': [256, 5]}, {'CONV': [256, 3]}), ({'CONV': [256, 3]}, {'CONV': [256, 5]}, {'POOLMAX': [-1, 2]}), {'GLOBAL_AVG': None}, {'LAST_DENSE': [100, 'softmax']}]",HHSE,NSGA2,,,,,0.701120198970835,,,,774495232,5959332,,,,,,"[2, 5, 17, 17, 41, 23, 62, 55]",0.7203671263582299,-0.000938388951077,0.0,0.0,0.5,0.0,0.51,0,0,0,100,0,0.0,BEST,False,False,238,True,True,GREEDY,,,GREEDY_HV
BTZRLI[M][M],20,21,55,51,0.55,True,True,"[2, 4, 33, 23, 19, 23, 62, 55]",[],"[2.110374499804062, 4.52513675320398, 33.227959290277376, 23.938972321851125, 19.521203777455636, 23.23398444749616, 62.480767542465294, 55.08265179816968]","[{'INP': 32}, {'CONV': [64, 3]}, ({'CONV': [32, 3]}, {'CONV': [64, 3]}), ({'CONV': [32, 3]}, {'CONV': [128, 3]}, {'POOLMAX': [-1, 2]}), ({'CONV': [128, 3]}, {'CONV': [32, 5]}), ({'CONV': [64, 3]}, {'CONV': [256, 5]}, {'POOLMAX': [-1, 2]}), ({'CONV': [64, 3]}, {'CONV': [64, 5]}), ({'CONV': [64, 3]}, {'CONV': [256, 5]}, {'POOLMAX': [-1, 2]}), ({'CONV': [256, 5]}, {'CONV': [256, 3]}), ({'CONV': [256, 3]}, {'CONV': [256, 5]}, {'POOLMAX': [-1, 2]}), {'GLOBAL_AVG': None}, {'LAST_DENSE': [100, 'softmax']}]",HHSE,NSGA2,,,,,0.701120198970835,,,,774495232,5959332,,,,,,"[2, 5, 17, 17, 41, 23, 62, 55]",0.7193962131511438,-0.0008031376038265,0.0,0.0,0.5,0.0,0.51,0,0,0,100,0,0.0,BEST,False,False,238,True,True,GREEDY,,,GREEDY_HV
BTZRLI[M][M],20,21,56,51,0.56,True,True,"[2, 4, 33, 23, 19, 23, 62, 55]",[],"[2.110374499804062, 4.52513675320398, 33.227959290277376, 23.938972321851125, 19.521203777455636, 23.23398444749616, 62.480767542465294, 55.08265179816968]","[{'INP': 32}, {'CONV': [64, 3]}, ({'CONV': [32, 3]}, {'CONV': [64, 3]}), ({'CONV': [32, 3]}, {'CONV': [128, 3]}, {'POOLMAX': [-1, 2]}), ({'CONV': [128, 3]}, {'CONV': [32, 5]}), ({'CONV': [64, 3]}, {'CONV': [256, 5]}, {'POOLMAX': [-1, 2]}), ({'CONV': [64, 3]}, {'CONV': [64, 5]}), ({'CONV': [64, 3]}, {'CONV': [256, 5]}, {'POOLMAX': [-1, 2]}), ({'CONV': [256, 5]}, {'CONV': [256, 3]}), ({'CONV': [256, 3]}, {'CONV': [256, 5]}, {'POOLMAX': [-1, 2]}), {'GLOBAL_AVG': None}, {'LAST_DENSE': [100, 'softmax']}]",HHSE,NSGA2,,,,,0.701120198970835,,,,774495232,5959332,,,,,,"[2, 5, 17, 17, 41, 23, 62, 55]",0.7193962887762833,-0.0001036960931539,0.0,0.0,0.5,0.0,0.51,0,0,0,100,0,0.0,BEST,False,False,238,True,True,GREEDY,,,GREEDY_HV
BTZRLI[M][M],20,21,57,51,0.57,True,True,"[2, 4, 33, 23, 19, 23, 62, 55]",[],"[2.110374499804062, 4.52513675320398, 33.227959290277376, 23.938972321851125, 19.521203777455636, 23.23398444749616, 62.480767542465294, 55.08265179816968]","[{'INP': 32}, {'CONV': [64, 3]}, ({'CONV': [32, 3]}, {'CONV': [64, 3]}), ({'CONV': [32, 3]}, {'CONV': [128, 3]}, {'POOLMAX': [-1, 2]}), ({'CONV': [128, 3]}, {'CONV': [32, 5]}), ({'CONV': [64, 3]}, {'CONV': [256, 5]}, {'POOLMAX': [-1, 2]}), ({'CONV': [64, 3]}, {'CONV': [64, 5]}), ({'CONV': [64, 3]}, {'CONV': [256, 5]}, {'POOLMAX': [-1, 2]}), ({'CONV': [256, 5]}, {'CONV': [256, 3]}), ({'CONV': [256, 3]}, {'CONV': [256, 5]}, {'POOLMAX': [-1, 2]}), {'GLOBAL_AVG': None}, {'LAST_DENSE': [100, 'softmax']}]",HHSE,NSGA2,,,,,0.701120198970835,,,,774495232,5959332,,,,,,"[2, 5, 17, 17, 41, 23, 62, 55]",0.7194021234811749,-0.0001998499123097,0.0,0.0,0.5,0.0,0.51,0,0,0,100,0,0.0,BEST,False,False,238,True,True,GREEDY,,,GREEDY_HV
BTZRLI[M][M],20,21,58,51,0.58,True,True,"[2, 4, 33, 23, 19, 23, 62, 55]",[],"[2.110374499804062, 4.52513675320398, 33.227959290277376, 23.938972321851125, 19.521203777455636, 23.23398444749616, 62.480767542465294, 55.08265179816968]","[{'INP': 32}, {'CONV': [64, 3]}, ({'CONV': [32, 3]}, {'CONV': [64, 3]}), ({'CONV': [32, 3]}, {'CONV': [128, 3]}, {'POOLMAX': [-1, 2]}), ({'CONV': [128, 3]}, {'CONV': [32, 5]}), ({'CONV': [64, 3]}, {'CONV': [256, 5]}, {'POOLMAX': [-1, 2]}), ({'CONV': [64, 3]}, {'CONV': [64, 5]}), ({'CONV': [64, 3]}, {'CONV': [256, 5]}, {'POOLMAX': [-1, 2]}), ({'CONV': [256, 5]}, {'CONV': [256, 3]}), ({'CONV': [256, 3]}, {'CONV': [256, 5]}, {'POOLMAX': [-1, 2]}), {'GLOBAL_AVG': None}, {'LAST_DENSE': [100, 'softmax']}]",HHSE,NSGA2,,,,,0.701120198970835,,,,774495232,5959332,,,,,,"[2, 5, 17, 17, 41, 23, 62, 55]",0.7194601401039727,-0.0018960560919313,0.0,0.0,0.5,0.0,0.51,0,0,0,100,0,0.0,BEST,False,False,238,True,True,GREEDY,,,GREEDY_HV
BTZRLI[M][M],20,21,59,51,0.59,True,True,"[2, 4, 33, 23, 19, 23, 62, 55]",[],"[2.110374499804062, 4.52513675320398, 33.227959290277376, 23.938972321851125, 19.521203777455636, 23.23398444749616, 62.480767542465294, 55.08265179816968]","[{'INP': 32}, {'CONV': [64, 3]}, ({'CONV': [32, 3]}, {'CONV': [64, 3]}), ({'CONV': [32, 3]}, {'CONV': [128, 3]}, {'POOLMAX': [-1, 2]}), ({'CONV': [128, 3]}, {'CONV': [32, 5]}), ({'CONV': [64, 3]}, {'CONV': [256, 5]}, {'POOLMAX': [-1, 2]}), ({'CONV': [64, 3]}, {'CONV': [64, 5]}), ({'CONV': [64, 3]}, {'CONV': [256, 5]}, {'POOLMAX': [-1, 2]}), ({'CONV': [256, 5]}, {'CONV': [256, 3]}), ({'CONV': [256, 3]}, {'CONV': [256, 5]}, {'POOLMAX': [-1, 2]}), {'GLOBAL_AVG': None}, {'LAST_DENSE': [100, 'softmax']}]",HHSE,NSGA2,,,,,0.701120198970835,,,,774495232,5959332,,,,,,"[2, 5, 17, 17, 41, 23, 62, 55]",0.7195029584216481,-0.0022016016864313,0.0,0.0,0.5,0.0,0.51,0,2,0,100,0,0.02,BEST,False,False,238,True,True,GREEDY,,,GREEDY_HV
BTZRLI[M][M],20,21,60,51,0.6,True,True,"[2, 4, 33, 23, 19, 23, 62, 55]",[],"[2.110374499804062, 4.52513675320398, 33.227959290277376, 23.938972321851125, 19.521203777455636, 23.23398444749616, 62.480767542465294, 55.08265179816968]","[{'INP': 32}, {'CONV': [64, 3]}, ({'CONV': [32, 3]}, {'CONV': [64, 3]}), ({'CONV': [32, 3]}, {'CONV': [128, 3]}, {'POOLMAX': [-1, 2]}), ({'CONV': [128, 3]}, {'CONV': [32, 5]}), ({'CONV': [64, 3]}, {'CONV': [256, 5]}, {'POOLMAX': [-1, 2]}), ({'CONV': [64, 3]}, {'CONV': [64, 5]}), ({'CONV': [64, 3]}, {'CONV': [256, 5]}, {'POOLMAX': [-1, 2]}), ({'CONV': [256, 5]}, {'CONV': [256, 3]}), ({'CONV': [256, 3]}, {'CONV': [256, 5]}, {'POOLMAX': [-1, 2]}), {'GLOBAL_AVG': None}, {'LAST_DENSE': [100, 'softmax']}]",HHSE,NSGA2,,,,,0.701120198970835,,,,774495232,5959332,,,,,,"[2, 5, 17, 17, 41, 23, 62, 55]",0.7194155899512129,-0.003527173657027,0.0,0.0,0.5,0.0,0.51,0,0,0,100,0,0.0,BEST,False,False,238,True,True,GREEDY,,,GREEDY_HV
BTZRLI[M][M],20,21,61,51,0.61,True,True,"[2, 4, 33, 23, 19, 23, 62, 55]",[],"[2.110374499804062, 4.52513675320398, 33.227959290277376, 23.938972321851125, 19.521203777455636, 23.23398444749616, 62.480767542465294, 55.08265179816968]","[{'INP': 32}, {'CONV': [64, 3]}, ({'CONV': [32, 3]}, {'CONV': [64, 3]}), ({'CONV': [32, 3]}, {'CONV': [128, 3]}, {'POOLMAX': [-1, 2]}), ({'CONV': [128, 3]}, {'CONV': [32, 5]}), ({'CONV': [64, 3]}, {'CONV': [256, 5]}, {'POOLMAX': [-1, 2]}), ({'CONV': [64, 3]}, {'CONV': [64, 5]}), ({'CONV': [64, 3]}, {'CONV': [256, 5]}, {'POOLMAX': [-1, 2]}), ({'CONV': [256, 5]}, {'CONV': [256, 3]}), ({'CONV': [256, 3]}, {'CONV': [256, 5]}, {'POOLMAX': [-1, 2]}), {'GLOBAL_AVG': None}, {'LAST_DENSE': [100, 'softmax']}]",HHSE,NSGA2,,,,,0.701120198970835,,,,774495232,5959332,,,,,,"[2, 5, 17, 17, 41, 23, 62, 55]",0.7194229618239902,-0.0026788332569377,0.0,0.0,0.5,0.0,0.51,0,0,0,100,0,0.0,BEST,False,False,238,True,True,GREEDY,,,GREEDY_HV
BTZRLI[M][M],20,21,62,51,0.62,True,True,"[2, 4, 33, 23, 19, 23, 62, 55]",[],"[2.110374499804062, 4.52513675320398, 33.227959290277376, 23.938972321851125, 19.521203777455636, 23.23398444749616, 62.480767542465294, 55.08265179816968]","[{'INP': 32}, {'CONV': [64, 3]}, ({'CONV': [32, 3]}, {'CONV': [64, 3]}), ({'CONV': [32, 3]}, {'CONV': [128, 3]}, {'POOLMAX': [-1, 2]}), ({'CONV': [128, 3]}, {'CONV': [32, 5]}), ({'CONV': [64, 3]}, {'CONV': [256, 5]}, {'POOLMAX': [-1, 2]}), ({'CONV': [64, 3]}, {'CONV': [64, 5]}), ({'CONV': [64, 3]}, {'CONV': [256, 5]}, {'POOLMAX': [-1, 2]}), ({'CONV': [256, 5]}, {'CONV': [256, 3]}), ({'CONV': [256, 3]}, {'CONV': [256, 5]}, {'POOLMAX': [-1, 2]}), {'GLOBAL_AVG': None}, {'LAST_DENSE': [100, 'softmax']}]",HHSE,NSGA2,,,,,0.701120198970835,,,,774495232,5959332,,,,,,"[2, 5, 17, 17, 41, 23, 62, 55]",0.7196177500909215,-0.0006639655224709,0.0,0.0,0.5,0.0,0.51,0,0,0,100,0,0.0,BEST,False,False,238,True,True,GREEDY,,,GREEDY_HV
BTZRLI[M][M],20,21,63,51,0.63,True,True,"[2, 4, 33, 23, 19, 23, 62, 55]",[],"[2.110374499804062, 4.52513675320398, 33.227959290277376, 23.938972321851125, 19.521203777455636, 23.23398444749616, 62.480767542465294, 55.08265179816968]","[{'INP': 32}, {'CONV': [64, 3]}, ({'CONV': [32, 3]}, {'CONV': [64, 3]}), ({'CONV': [32, 3]}, {'CONV': [128, 3]}, {'POOLMAX': [-1, 2]}), ({'CONV': [128, 3]}, {'CONV': [32, 5]}), ({'CONV': [64, 3]}, {'CONV': [256, 5]}, {'POOLMAX': [-1, 2]}), ({'CONV': [64, 3]}, {'CONV': [64, 5]}), ({'CONV': [64, 3]}, {'CONV': [256, 5]}, {'POOLMAX': [-1, 2]}), ({'CONV': [256, 5]}, {'CONV': [256, 3]}), ({'CONV': [256, 3]}, {'CONV': [256, 5]}, {'POOLMAX': [-1, 2]}), {'GLOBAL_AVG': None}, {'LAST_DENSE': [100, 'softmax']}]",HHSE,NSGA2,,,,,0.701120198970835,,,,774495232,5959332,,,,,,"[2, 5, 17, 17, 41, 23, 62, 55]",0.7197104129598146,-0.0087812971776544,0.0,0.0,0.5,0.0,0.51,0,0,0,100,0,0.0,BEST,False,False,238,True,True,GREEDY,,,GREEDY_HV
BTZRLI[M][M][M],20,21,64,64,0.64,True,True,"[20, 3, 33, 23, 22, 19, 62, 55]",[],"[20.460981213746038, 3.3487249096006053, 33.124393235307885, 23.367125448489002, 22.859791719336652, 19.83084743893475, 62.61249679868249, 55.644066829016325]","[{'INP': 32}, {'CONV': [64, 3]}, ({'CONV': [64, 3]}, {'CONV': [128, 3]}), ({'CONV': [32, 3]}, {'CONV': [64, 5]}, {'POOLMAX': [-1, 2]}), ({'CONV': [128, 3]}, {'CONV': [32, 5]}), ({'CONV': [64, 3]}, {'CONV': [256, 5]}, {'POOLMAX': [-1, 2]}), ({'CONV': [64, 3]}, {'CONV': [256, 3]}), ({'CONV': [64, 3]}, {'CONV': [64, 5]}, {'POOLMAX': [-1, 2]}), ({'CONV': [256, 5]}, {'CONV': [256, 3]}), ({'CONV': [256, 3]}, {'CONV': [256, 5]}, {'POOLMAX': [-1, 2]}), {'GLOBAL_AVG': None}, {'LAST_DENSE': [100, 'softmax']}]",HHSE,NSGA2,,,,,0.7041947422368118,,,,895982592,4611876,,,,,,"[2, 4, 33, 23, 19, 23, 62, 55]",0.71964362423604,-0.0015487667890624,0.0,0.0,0.5,0.5,0.64,0,0,0,100,0,0.0,BEST,False,False,205,True,True,GREEDY,,,GREEDY_HV
BTZRLI[M][M][M],20,21,65,64,0.65,True,True,"[20, 3, 33, 23, 22, 19, 62, 55]",[],"[20.460981213746038, 3.3487249096006053, 33.124393235307885, 23.367125448489002, 22.859791719336652, 19.83084743893475, 62.61249679868249, 55.644066829016325]","[{'INP': 32}, {'CONV': [64, 3]}, ({'CONV': [64, 3]}, {'CONV': [128, 3]}), ({'CONV': [32, 3]}, {'CONV': [64, 5]}, {'POOLMAX': [-1, 2]}), ({'CONV': [128, 3]}, {'CONV': [32, 5]}), ({'CONV': [64, 3]}, {'CONV': [256, 5]}, {'POOLMAX': [-1, 2]}), ({'CONV': [64, 3]}, {'CONV': [256, 3]}), ({'CONV': [64, 3]}, {'CONV': [64, 5]}, {'POOLMAX': [-1, 2]}), ({'CONV': [256, 5]}, {'CONV': [256, 3]}), ({'CONV': [256, 3]}, {'CONV': [256, 5]}, {'POOLMAX': [-1, 2]}), {'GLOBAL_AVG': None}, {'LAST_DENSE': [100, 'softmax']}]",HHSE,NSGA2,,,,,0.7041947422368118,,,,895982592,4611876,,,,,,"[2, 4, 33, 23, 19, 23, 62, 55]",0.7225390586094472,-0.0001198797803925,0.0,0.0,0.5,0.0,0.64,0,1,0,100,0,0.01,BEST,False,False,205,True,True,GREEDY,,,GREEDY_HV
BTZRLI[M][M][M],20,21,66,64,0.66,True,True,"[20, 3, 33, 23, 22, 19, 62, 55]",[],"[20.460981213746038, 3.3487249096006053, 33.124393235307885, 23.367125448489002, 22.859791719336652, 19.83084743893475, 62.61249679868249, 55.644066829016325]","[{'INP': 32}, {'CONV': [64, 3]}, ({'CONV': [64, 3]}, {'CONV': [128, 3]}), ({'CONV': [32, 3]}, {'CONV': [64, 5]}, {'POOLMAX': [-1, 2]}), ({'CONV': [128, 3]}, {'CONV': [32, 5]}), ({'CONV': [64, 3]}, {'CONV': [256, 5]}, {'POOLMAX': [-1, 2]}), ({'CONV': [64, 3]}, {'CONV': [256, 3]}), ({'CONV': [64, 3]}, {'CONV': [64, 5]}, {'POOLMAX': [-1, 2]}), ({'CONV': [256, 5]}, {'CONV': [256, 3]}), ({'CONV': [256, 3]}, {'CONV': [256, 5]}, {'POOLMAX': [-1, 2]}), {'GLOBAL_AVG': None}, {'LAST_DENSE': [100, 'softmax']}]",HHSE,NSGA2,,,,,0.7041947422368118,,,,895982592,4611876,,,,,,"[2, 4, 33, 23, 19, 23, 62, 55]",0.7225030786346155,-0.0065760517371774,0.0,0.0,0.5,0.0,0.64,0,0,0,100,0,0.0,BEST,False,False,205,True,True,GREEDY,,,GREEDY_HV
BTZRLI[M][M][M],20,21,67,64,0.67,True,True,"[20, 3, 33, 23, 22, 19, 62, 55]",[],"[20.460981213746038, 3.3487249096006053, 33.124393235307885, 23.367125448489002, 22.859791719336652, 19.83084743893475, 62.61249679868249, 55.644066829016325]","[{'INP': 32}, {'CONV': [64, 3]}, ({'CONV': [64, 3]}, {'CONV': [128, 3]}), ({'CONV': [32, 3]}, {'CONV': [64, 5]}, {'POOLMAX': [-1, 2]}), ({'CONV': [128, 3]}, {'CONV': [32, 5]}), ({'CONV': [64, 3]}, {'CONV': [256, 5]}, {'POOLMAX': [-1, 2]}), ({'CONV': [64, 3]}, {'CONV': [256, 3]}), ({'CONV': [64, 3]}, {'CONV': [64, 5]}, {'POOLMAX': [-1, 2]}), ({'CONV': [256, 5]}, {'CONV': [256, 3]}), ({'CONV': [256, 3]}, {'CONV': [256, 5]}, {'POOLMAX': [-1, 2]}), {'GLOBAL_AVG': None}, {'LAST_DENSE': [100, 'softmax']}]",HHSE,NSGA2,,,,,0.7041947422368118,,,,895982592,4611876,,,,,,"[2, 4, 33, 23, 19, 23, 62, 55]",0.7225126917006598,-0.0002394497265253,0.0,0.0,0.5,0.0,0.64,0,0,0,100,0,0.0,BEST,False,False,205,True,True,GREEDY,,,GREEDY_HV
BTZRLI[M][M][M],20,21,68,64,0.68,True,True,"[20, 3, 33, 23, 22, 19, 62, 55]",[],"[20.460981213746038, 3.3487249096006053, 33.124393235307885, 23.367125448489002, 22.859791719336652, 19.83084743893475, 62.61249679868249, 55.644066829016325]","[{'INP': 32}, {'CONV': [64, 3]}, ({'CONV': [64, 3]}, {'CONV': [128, 3]}), ({'CONV': [32, 3]}, {'CONV': [64, 5]}, {'POOLMAX': [-1, 2]}), ({'CONV': [128, 3]}, {'CONV': [32, 5]}), ({'CONV': [64, 3]}, {'CONV': [256, 5]}, {'POOLMAX': [-1, 2]}), ({'CONV': [64, 3]}, {'CONV': [256, 3]}), ({'CONV': [64, 3]}, {'CONV': [64, 5]}, {'POOLMAX': [-1, 2]}), ({'CONV': [256, 5]}, {'CONV': [256, 3]}), ({'CONV': [256, 3]}, {'CONV': [256, 5]}, {'POOLMAX': [-1, 2]}), {'GLOBAL_AVG': None}, {'LAST_DENSE': [100, 'softmax']}]",HHSE,NSGA2,,,,,0.7041947422368118,,,,895982592,4611876,,,,,,"[2, 4, 33, 23, 19, 23, 62, 55]",0.7225912922887192,-6.486705857289277e-05,0.0,0.0,0.5,0.0,0.64,0,0,0,100,0,0.0,BEST,False,False,205,True,True,GREEDY,,,GREEDY_HV
BTZRLI[M][M][M],20,21,69,64,0.69,True,True,"[20, 3, 33, 23, 22, 19, 62, 55]",[],"[20.460981213746038, 3.3487249096006053, 33.124393235307885, 23.367125448489002, 22.859791719336652, 19.83084743893475, 62.61249679868249, 55.644066829016325]","[{'INP': 32}, {'CONV': [64, 3]}, ({'CONV': [64, 3]}, {'CONV': [128, 3]}), ({'CONV': [32, 3]}, {'CONV': [64, 5]}, {'POOLMAX': [-1, 2]}), ({'CONV': [128, 3]}, {'CONV': [32, 5]}), ({'CONV': [64, 3]}, {'CONV': [256, 5]}, {'POOLMAX': [-1, 2]}), ({'CONV': [64, 3]}, {'CONV': [256, 3]}), ({'CONV': [64, 3]}, {'CONV': [64, 5]}, {'POOLMAX': [-1, 2]}), ({'CONV': [256, 5]}, {'CONV': [256, 3]}), ({'CONV': [256, 3]}, {'CONV': [256, 5]}, {'POOLMAX': [-1, 2]}), {'GLOBAL_AVG': None}, {'LAST_DENSE': [100, 'softmax']}]",HHSE,NSGA2,,,,,0.7041947422368118,,,,895982592,4611876,,,,,,"[2, 4, 33, 23, 19, 23, 62, 55]",0.7231146272645127,-0.0004795835410333,0.0,0.0,0.5,0.0,0.64,0,0,0,100,0,0.0,BEST,False,False,205,True,True,GREEDY,,,GREEDY_HV
BTZRLI[M][M][M],20,21,70,64,0.7,True,True,"[20, 3, 33, 23, 22, 19, 62, 55]",[],"[20.460981213746038, 3.3487249096006053, 33.124393235307885, 23.367125448489002, 22.859791719336652, 19.83084743893475, 62.61249679868249, 55.644066829016325]","[{'INP': 32}, {'CONV': [64, 3]}, ({'CONV': [64, 3]}, {'CONV': [128, 3]}), ({'CONV': [32, 3]}, {'CONV': [64, 5]}, {'POOLMAX': [-1, 2]}), ({'CONV': [128, 3]}, {'CONV': [32, 5]}), ({'CONV': [64, 3]}, {'CONV': [256, 5]}, {'POOLMAX': [-1, 2]}), ({'CONV': [64, 3]}, {'CONV': [256, 3]}), ({'CONV': [64, 3]}, {'CONV': [64, 5]}, {'POOLMAX': [-1, 2]}), ({'CONV': [256, 5]}, {'CONV': [256, 3]}), ({'CONV': [256, 3]}, {'CONV': [256, 5]}, {'POOLMAX': [-1, 2]}), {'GLOBAL_AVG': None}, {'LAST_DENSE': [100, 'softmax']}]",HHSE,NSGA2,,,,,0.7041947422368118,,,,895982592,4611876,,,,,,"[2, 4, 33, 23, 19, 23, 62, 55]",0.7231510134837325,-0.0068669556978611,0.0,0.0,0.5,0.0,0.64,0,0,0,100,0,0.0,BEST,False,False,205,True,True,GREEDY,,,GREEDY_HV
BTZRLI[M][M][M],20,21,71,64,0.71,True,True,"[20, 3, 33, 23, 22, 19, 62, 55]",[],"[20.460981213746038, 3.3487249096006053, 33.124393235307885, 23.367125448489002, 22.859791719336652, 19.83084743893475, 62.61249679868249, 55.644066829016325]","[{'INP': 32}, {'CONV': [64, 3]}, ({'CONV': [64, 3]}, {'CONV': [128, 3]}), ({'CONV': [32, 3]}, {'CONV': [64, 5]}, {'POOLMAX': [-1, 2]}), ({'CONV': [128, 3]}, {'CONV': [32, 5]}), ({'CONV': [64, 3]}, {'CONV': [256, 5]}, {'POOLMAX': [-1, 2]}), ({'CONV': [64, 3]}, {'CONV': [256, 3]}), ({'CONV': [64, 3]}, {'CONV': [64, 5]}, {'POOLMAX': [-1, 2]}), ({'CONV': [256, 5]}, {'CONV': [256, 3]}), ({'CONV': [256, 3]}, {'CONV': [256, 5]}, {'POOLMAX': [-1, 2]}), {'GLOBAL_AVG': None}, {'LAST_DENSE': [100, 'softmax']}]",HHSE,NSGA2,,,,,0.7041947422368118,,,,895982592,4611876,,,,,,"[2, 4, 33, 23, 19, 23, 62, 55]",0.7231626009261717,-0.0036212577038103,0.0,0.0,0.5,0.0,0.64,0,1,0,100,0,0.01,BEST,False,False,205,True,True,GREEDY,,,GREEDY_HV
BTZRLI[M][M][M],20,21,72,64,0.72,True,True,"[20, 3, 33, 23, 22, 19, 62, 55]",[],"[20.460981213746038, 3.3487249096006053, 33.124393235307885, 23.367125448489002, 22.859791719336652, 19.83084743893475, 62.61249679868249, 55.644066829016325]","[{'INP': 32}, {'CONV': [64, 3]}, ({'CONV': [64, 3]}, {'CONV': [128, 3]}), ({'CONV': [32, 3]}, {'CONV': [64, 5]}, {'POOLMAX': [-1, 2]}), ({'CONV': [128, 3]}, {'CONV': [32, 5]}), ({'CONV': [64, 3]}, {'CONV': [256, 5]}, {'POOLMAX': [-1, 2]}), ({'CONV': [64, 3]}, {'CONV': [256, 3]}), ({'CONV': [64, 3]}, {'CONV': [64, 5]}, {'POOLMAX': [-1, 2]}), ({'CONV': [256, 5]}, {'CONV': [256, 3]}), ({'CONV': [256, 3]}, {'CONV': [256, 5]}, {'POOLMAX': [-1, 2]}), {'GLOBAL_AVG': None}, {'LAST_DENSE': [100, 'softmax']}]",HHSE,NSGA2,,,,,0.7041947422368118,,,,895982592,4611876,,,,,,"[2, 4, 33, 23, 19, 23, 62, 55]",0.7231805757163536,-0.0048231928931796,0.0,0.0,0.5,0.0,0.64,0,0,0,100,0,0.0,BEST,False,False,205,True,True,GREEDY,,,GREEDY_HV
BTZRLI[M][M][M],20,21,73,64,0.73,True,True,"[20, 3, 33, 23, 22, 19, 62, 55]",[],"[20.460981213746038, 3.3487249096006053, 33.124393235307885, 23.367125448489002, 22.859791719336652, 19.83084743893475, 62.61249679868249, 55.644066829016325]","[{'INP': 32}, {'CONV': [64, 3]}, ({'CONV': [64, 3]}, {'CONV': [128, 3]}), ({'CONV': [32, 3]}, {'CONV': [64, 5]}, {'POOLMAX': [-1, 2]}), ({'CONV': [128, 3]}, {'CONV': [32, 5]}), ({'CONV': [64, 3]}, {'CONV': [256, 5]}, {'POOLMAX': [-1, 2]}), ({'CONV': [64, 3]}, {'CONV': [256, 3]}), ({'CONV': [64, 3]}, {'CONV': [64, 5]}, {'POOLMAX': [-1, 2]}), ({'CONV': [256, 5]}, {'CONV': [256, 3]}), ({'CONV': [256, 3]}, {'CONV': [256, 5]}, {'POOLMAX': [-1, 2]}), {'GLOBAL_AVG': None}, {'LAST_DENSE': [100, 'softmax']}]",HHSE,NSGA2,,,,,0.7041947422368118,,,,895982592,4611876,,,,,,"[2, 4, 33, 23, 19, 23, 62, 55]",0.7231963289001857,-0.0005077940241255,0.0,0.0,0.5,0.0,0.64,0,1,0,100,0,0.01,BEST,False,False,205,True,True,GREEDY,,,GREEDY_HV
BTZRLI[M][M][M],20,21,74,64,0.74,True,True,"[20, 3, 33, 23, 22, 19, 62, 55]",[],"[20.460981213746038, 3.3487249096006053, 33.124393235307885, 23.367125448489002, 22.859791719336652, 19.83084743893475, 62.61249679868249, 55.644066829016325]","[{'INP': 32}, {'CONV': [64, 3]}, ({'CONV': [64, 3]}, {'CONV': [128, 3]}), ({'CONV': [32, 3]}, {'CONV': [64, 5]}, {'POOLMAX': [-1, 2]}), ({'CONV': [128, 3]}, {'CONV': [32, 5]}), ({'CONV': [64, 3]}, {'CONV': [256, 5]}, {'POOLMAX': [-1, 2]}), ({'CONV': [64, 3]}, {'CONV': [256, 3]}), ({'CONV': [64, 3]}, {'CONV': [64, 5]}, {'POOLMAX': [-1, 2]}), ({'CONV': [256, 5]}, {'CONV': [256, 3]}), ({'CONV': [256, 3]}, {'CONV': [256, 5]}, {'POOLMAX': [-1, 2]}), {'GLOBAL_AVG': None}, {'LAST_DENSE': [100, 'softmax']}]",HHSE,NSGA2,,,,,0.7041947422368118,,,,895982592,4611876,,,,,,"[2, 4, 33, 23, 19, 23, 62, 55]",0.723249865076323,-0.000291117873858,0.0,0.0,0.5,0.0,0.64,0,1,0,100,0,0.01,BEST,False,False,205,True,True,GREEDY,,,GREEDY_HV
BTZRLI[M][M][M],20,21,75,64,0.75,True,True,"[20, 3, 33, 23, 22, 19, 62, 55]",[],"[20.460981213746038, 3.3487249096006053, 33.124393235307885, 23.367125448489002, 22.859791719336652, 19.83084743893475, 62.61249679868249, 55.644066829016325]","[{'INP': 32}, {'CONV': [64, 3]}, ({'CONV': [64, 3]}, {'CONV': [128, 3]}), ({'CONV': [32, 3]}, {'CONV': [64, 5]}, {'POOLMAX': [-1, 2]}), ({'CONV': [128, 3]}, {'CONV': [32, 5]}), ({'CONV': [64, 3]}, {'CONV': [256, 5]}, {'POOLMAX': [-1, 2]}), ({'CONV': [64, 3]}, {'CONV': [256, 3]}), ({'CONV': [64, 3]}, {'CONV': [64, 5]}, {'POOLMAX': [-1, 2]}), ({'CONV': [256, 5]}, {'CONV': [256, 3]}), ({'CONV': [256, 3]}, {'CONV': [256, 5]}, {'POOLMAX': [-1, 2]}), {'GLOBAL_AVG': None}, {'LAST_DENSE': [100, 'softmax']}]",HHSE,NSGA2,,,,,0.7041947422368118,,,,895982592,4611876,,,,,,"[2, 4, 33, 23, 19, 23, 62, 55]",0.723246335967515,-0.0004869113074092,0.0,0.0,0.5,0.0,0.64,0,0,0,100,0,0.0,BEST,False,False,205,True,True,GREEDY,,,GREEDY_HV
BTZRLI[M][M][M],20,21,76,64,0.76,True,True,"[20, 3, 33, 23, 22, 19, 62, 55]",[],"[20.460981213746038, 3.3487249096006053, 33.124393235307885, 23.367125448489002, 22.859791719336652, 19.83084743893475, 62.61249679868249, 55.644066829016325]","[{'INP': 32}, {'CONV': [64, 3]}, ({'CONV': [64, 3]}, {'CONV': [128, 3]}), ({'CONV': [32, 3]}, {'CONV': [64, 5]}, {'POOLMAX': [-1, 2]}), ({'CONV': [128, 3]}, {'CONV': [32, 5]}), ({'CONV': [64, 3]}, {'CONV': [256, 5]}, {'POOLMAX': [-1, 2]}), ({'CONV': [64, 3]}, {'CONV': [256, 3]}), ({'CONV': [64, 3]}, {'CONV': [64, 5]}, {'POOLMAX': [-1, 2]}), ({'CONV': [256, 5]}, {'CONV': [256, 3]}), ({'CONV': [256, 3]}, {'CONV': [256, 5]}, {'POOLMAX': [-1, 2]}), {'GLOBAL_AVG': None}, {'LAST_DENSE': [100, 'softmax']}]",HHSE,NSGA2,,,,,0.7041947422368118,,,,895982592,4611876,,,,,,"[2, 4, 33, 23, 19, 23, 62, 55]",0.7232511586995691,-0.0068354457089292,0.0,0.0,0.5,0.0,0.64,0,0,0,100,0,0.0,BEST,False,False,205,True,True,GREEDY,,,GREEDY_HV
BTZRLI[M][M][M],20,21,77,64,0.77,True,True,"[20, 3, 33, 23, 22, 19, 62, 55]",[],"[20.460981213746038, 3.3487249096006053, 33.124393235307885, 23.367125448489002, 22.859791719336652, 19.83084743893475, 62.61249679868249, 55.644066829016325]","[{'INP': 32}, {'CONV': [64, 3]}, ({'CONV': [64, 3]}, {'CONV': [128, 3]}), ({'CONV': [32, 3]}, {'CONV': [64, 5]}, {'POOLMAX': [-1, 2]}), ({'CONV': [128, 3]}, {'CONV': [32, 5]}), ({'CONV': [64, 3]}, {'CONV': [256, 5]}, {'POOLMAX': [-1, 2]}), ({'CONV': [64, 3]}, {'CONV': [256, 3]}), ({'CONV': [64, 3]}, {'CONV': [64, 5]}, {'POOLMAX': [-1, 2]}), ({'CONV': [256, 5]}, {'CONV': [256, 3]}), ({'CONV': [256, 3]}, {'CONV': [256, 5]}, {'POOLMAX': [-1, 2]}), {'GLOBAL_AVG': None}, {'LAST_DENSE': [100, 'softmax']}]",HHSE,NSGA2,,,,,0.7041947422368118,,,,895982592,4611876,,,,,,"[2, 4, 33, 23, 19, 23, 62, 55]",0.7268238539935274,0.0030344740423909,0.0,0.0,0.5,0.0,0.64,0,1,0,100,0,0.01,BEST,False,False,205,True,True,GREEDY,,,GREEDY_HV
BTZRLI[M][M][M],20,21,78,64,0.78,True,True,"[20, 3, 33, 23, 22, 19, 62, 55]",[],"[20.460981213746038, 3.3487249096006053, 33.124393235307885, 23.367125448489002, 22.859791719336652, 19.83084743893475, 62.61249679868249, 55.644066829016325]","[{'INP': 32}, {'CONV': [64, 3]}, ({'CONV': [64, 3]}, {'CONV': [128, 3]}), ({'CONV': [32, 3]}, {'CONV': [64, 5]}, {'POOLMAX': [-1, 2]}), ({'CONV': [128, 3]}, {'CONV': [32, 5]}), ({'CONV': [64, 3]}, {'CONV': [256, 5]}, {'POOLMAX': [-1, 2]}), ({'CONV': [64, 3]}, {'CONV': [256, 3]}), ({'CONV': [64, 3]}, {'CONV': [64, 5]}, {'POOLMAX': [-1, 2]}), ({'CONV': [256, 5]}, {'CONV': [256, 3]}), ({'CONV': [256, 3]}, {'CONV': [256, 5]}, {'POOLMAX': [-1, 2]}), {'GLOBAL_AVG': None}, {'LAST_DENSE': [100, 'softmax']}]",HHSE,NSGA2,,,,,0.7041947422368118,,,,895982592,4611876,,,,,,"[2, 4, 33, 23, 19, 23, 62, 55]",0.7233291427311892,-0.0005026964056359,0.0,0.0,0.5,0.0,0.64,0,0,0,100,0,0.0,BEST,False,False,205,True,True,GREEDY,,,GREEDY_HV
BTZRLI[M][M][M],20,21,79,64,0.79,True,True,"[20, 3, 33, 23, 22, 19, 62, 55]",[],"[20.460981213746038, 3.3487249096006053, 33.124393235307885, 23.367125448489002, 22.859791719336652, 19.83084743893475, 62.61249679868249, 55.644066829016325]","[{'INP': 32}, {'CONV': [64, 3]}, ({'CONV': [64, 3]}, {'CONV': [128, 3]}), ({'CONV': [32, 3]}, {'CONV': [64, 5]}, {'POOLMAX': [-1, 2]}), ({'CONV': [128, 3]}, {'CONV': [32, 5]}), ({'CONV': [64, 3]}, {'CONV': [256, 5]}, {'POOLMAX': [-1, 2]}), ({'CONV': [64, 3]}, {'CONV': [256, 3]}), ({'CONV': [64, 3]}, {'CONV': [64, 5]}, {'POOLMAX': [-1, 2]}), ({'CONV': [256, 5]}, {'CONV': [256, 3]}), ({'CONV': [256, 3]}, {'CONV': [256, 5]}, {'POOLMAX': [-1, 2]}), {'GLOBAL_AVG': None}, {'LAST_DENSE': [100, 'softmax']}]",HHSE,NSGA2,,,,,0.7041947422368118,,,,895982592,4611876,,,,,,"[2, 4, 33, 23, 19, 23, 62, 55]",0.7233687670897959,-0.0036130742118896,0.0,0.0,0.5,0.0,0.64,0,1,0,100,0,0.01,BEST,False,False,205,True,True,GREEDY,,,GREEDY_HV
BTZRLI[M][M][M],20,21,80,64,0.8,True,True,"[20, 3, 33, 23, 22, 19, 62, 55]",[],"[20.460981213746038, 3.3487249096006053, 33.124393235307885, 23.367125448489002, 22.859791719336652, 19.83084743893475, 62.61249679868249, 55.644066829016325]","[{'INP': 32}, {'CONV': [64, 3]}, ({'CONV': [64, 3]}, {'CONV': [128, 3]}), ({'CONV': [32, 3]}, {'CONV': [64, 5]}, {'POOLMAX': [-1, 2]}), ({'CONV': [128, 3]}, {'CONV': [32, 5]}), ({'CONV': [64, 3]}, {'CONV': [256, 5]}, {'POOLMAX': [-1, 2]}), ({'CONV': [64, 3]}, {'CONV': [256, 3]}), ({'CONV': [64, 3]}, {'CONV': [64, 5]}, {'POOLMAX': [-1, 2]}), ({'CONV': [256, 5]}, {'CONV': [256, 3]}), ({'CONV': [256, 3]}, {'CONV': [256, 5]}, {'POOLMAX': [-1, 2]}), {'GLOBAL_AVG': None}, {'LAST_DENSE': [100, 'softmax']}]",HHSE,NSGA2,,,,,0.7041947422368118,,,,895982592,4611876,,,,,,"[2, 4, 33, 23, 19, 23, 62, 55]",0.7233617971067758,-0.0070382126137272,0.0,0.0,0.5,0.0,0.64,0,0,0,100,0,0.0,BEST,False,False,205,True,True,GREEDY,,,GREEDY_HV
BTZRLI[M][M][M],20,21,81,64,0.81,True,True,"[20, 3, 33, 23, 22, 19, 62, 55]",[],"[20.460981213746038, 3.3487249096006053, 33.124393235307885, 23.367125448489002, 22.859791719336652, 19.83084743893475, 62.61249679868249, 55.644066829016325]","[{'INP': 32}, {'CONV': [64, 3]}, ({'CONV': [64, 3]}, {'CONV': [128, 3]}), ({'CONV': [32, 3]}, {'CONV': [64, 5]}, {'POOLMAX': [-1, 2]}), ({'CONV': [128, 3]}, {'CONV': [32, 5]}), ({'CONV': [64, 3]}, {'CONV': [256, 5]}, {'POOLMAX': [-1, 2]}), ({'CONV': [64, 3]}, {'CONV': [256, 3]}), ({'CONV': [64, 3]}, {'CONV': [64, 5]}, {'POOLMAX': [-1, 2]}), ({'CONV': [256, 5]}, {'CONV': [256, 3]}), ({'CONV': [256, 3]}, {'CONV': [256, 5]}, {'POOLMAX': [-1, 2]}), {'GLOBAL_AVG': None}, {'LAST_DENSE': [100, 'softmax']}]",HHSE,NSGA2,,,,,0.7041947422368118,,,,895982592,4611876,,,,,,"[2, 4, 33, 23, 19, 23, 62, 55]",0.7236941063095662,-7.726500842797357e-05,0.0,0.0,0.5,0.0,0.64,0,3,0,100,0,0.03,BEST,False,False,205,True,True,GREEDY,,,GREEDY_HV
BUNJET[M][M],20,21,82,82,0.82,True,True,"[3, 10, 32, 23, 15, 7, 60, 55]",[],"[3.411046012183891, 10.305193180168095, 32.84406511139554, 23.885209186087636, 15.950673166220662, 7.763806151536883, 60.31989619286225, 55.840736782092996]","[{'INP': 32}, {'CONV': [64, 3]}, ({'CONV': [32, 3]}, {'CONV': [64, 5]}), ({'CONV': [32, 5]}, {'CONV': [64, 3]}, {'POOLMAX': [-1, 2]}), ({'CONV': [128, 3]}, {'CONV': [32, 3]}), ({'CONV': [64, 3]}, {'CONV': [256, 5]}, {'POOLMAX': [-1, 2]}), ({'CONV': [32, 5]}, {'CONV': [256, 5]}), ({'CONV': [32, 3]}, {'CONV': [256, 5]}, {'POOLMAX': [-1, 2]}), ({'CONV': [256, 5]}, {'CONV': [128, 3]}), ({'CONV': [256, 3]}, {'CONV': [256, 5]}, {'POOLMAX': [-1, 2]}), {'GLOBAL_AVG': None}, {'LAST_DENSE': [100, 'softmax']}]",HHSE,NSGA2,,,,,0.7042215344842103,,,,779179008,5268900,,,,,,"[1, 6, 33, 22, 15, 6, 60, 55]",0.72405900272875,-0.0008240360092819,0.0,0.0,0.625,0.75,0.82,0,1,0,100,0,0.01,BEST,False,False,204,True,True,GREEDY,,,GREEDY_HV
BTZRLI[M][M][M][M],20,21,83,83,0.83,True,True,"[22, 7, 34, 23, 22, 20, 62, 55]",[],"[22.831838280552038, 7.2794023178102165, 34.62008084703896, 23.405795362259013, 22.781631947550686, 20.052143557543776, 62.617802251422866, 55.49906125055415]","[{'INP': 32}, {'CONV': [64, 3]}, ({'CONV': [64, 3]}, {'CONV': [256, 3]}), ({'CONV': [32, 3]}, {'CONV': [256, 5]}, {'POOLMAX': [-1, 2]}), ({'CONV': [128, 3]}, {'CONV': [64, 3]}), ({'CONV': [64, 3]}, {'CONV': [256, 5]}, {'POOLMAX': [-1, 2]}), ({'CONV': [64, 3]}, {'CONV': [256, 3]}), ({'CONV': [64, 3]}, {'CONV': [128, 3]}, {'POOLMAX': [-1, 2]}), ({'CONV': [256, 5]}, {'CONV': [256, 3]}), ({'CONV': [256, 3]}, {'CONV': [256, 5]}, {'POOLMAX': [-1, 2]}), {'GLOBAL_AVG': None}, {'LAST_DENSE': [100, 'softmax']}]",HHSE,NSGA2,,,,,0.708771286854798,,,,1556990976,5469604,,,,,,"[20, 3, 33, 23, 22, 19, 62, 55]",0.7245447913941477,-0.0025277168395266,0.0,0.0,0.5,0.75,0.83,0,0,0,100,0,0.0,BEST,False,False,127,True,True,GREEDY,,,GREEDY_HV
BTZRLI[M][M][M][M],20,21,84,83,0.84,True,True,"[22, 7, 34, 23, 22, 20, 62, 55]",[],"[22.831838280552038, 7.2794023178102165, 34.62008084703896, 23.405795362259013, 22.781631947550686, 20.052143557543776, 62.617802251422866, 55.49906125055415]","[{'INP': 32}, {'CONV': [64, 3]}, ({'CONV': [64, 3]}, {'CONV': [256, 3]}), ({'CONV': [32, 3]}, {'CONV': [256, 5]}, {'POOLMAX': [-1, 2]}), ({'CONV': [128, 3]}, {'CONV': [64, 3]}), ({'CONV': [64, 3]}, {'CONV': [256, 5]}, {'POOLMAX': [-1, 2]}), ({'CONV': [64, 3]}, {'CONV': [256, 3]}), ({'CONV': [64, 3]}, {'CONV': [128, 3]}, {'POOLMAX': [-1, 2]}), ({'CONV': [256, 5]}, {'CONV': [256, 3]}), ({'CONV': [256, 3]}, {'CONV': [256, 5]}, {'POOLMAX': [-1, 2]}), {'GLOBAL_AVG': None}, {'LAST_DENSE': [100, 'softmax']}]",HHSE,NSGA2,,,,,0.708771286854798,,,,1556990976,5469604,,,,,,"[20, 3, 33, 23, 22, 19, 62, 55]",0.727851200204089,-2.758194543428516e-06,0.0,0.0,0.5,0.0,0.83,0,1,0,100,0,0.01,BEST,False,False,127,True,True,GREEDY,,,GREEDY_HV
BTZRLI[M][M][M][M],20,21,85,83,0.85,True,True,"[22, 7, 34, 23, 22, 20, 62, 55]",[],"[22.831838280552038, 7.2794023178102165, 34.62008084703896, 23.405795362259013, 22.781631947550686, 20.052143557543776, 62.617802251422866, 55.49906125055415]","[{'INP': 32}, {'CONV': [64, 3]}, ({'CONV': [64, 3]}, {'CONV': [256, 3]}), ({'CONV': [32, 3]}, {'CONV': [256, 5]}, {'POOLMAX': [-1, 2]}), ({'CONV': [128, 3]}, {'CONV': [64, 3]}), ({'CONV': [64, 3]}, {'CONV': [256, 5]}, {'POOLMAX': [-1, 2]}), ({'CONV': [64, 3]}, {'CONV': [256, 3]}), ({'CONV': [64, 3]}, {'CONV': [128, 3]}, {'POOLMAX': [-1, 2]}), ({'CONV': [256, 5]}, {'CONV': [256, 3]}), ({'CONV': [256, 3]}, {'CONV': [256, 5]}, {'POOLMAX': [-1, 2]}), {'GLOBAL_AVG': None}, {'LAST_DENSE': [100, 'softmax']}]",HHSE,NSGA2,,,,,0.708771286854798,,,,1556990976,5469604,,,,,,"[20, 3, 33, 23, 22, 19, 62, 55]",0.7279497299133632,-2.98735879555867e-06,0.0,0.0,0.5,0.0,0.83,0,0,0,100,0,0.0,BEST,False,False,127,True,True,GREEDY,,,GREEDY_HV
BRUIVT[M],20,21,86,86,0.86,True,True,"[20, 3, 33, 22, 23, 6, 62, 55]",[],"[20.936946512021382, 3.4266522910825885, 33.614955077871215, 22.954388973247852, 23.678206816027167, 6.712619106855578, 62.391984081590124, 55.23486284124475]","[{'INP': 32}, {'CONV': [64, 3]}, ({'CONV': [64, 3]}, {'CONV': [128, 3]}), ({'CONV': [32, 3]}, {'CONV': [64, 5]}, {'POOLMAX': [-1, 2]}), ({'CONV': [128, 3]}, {'CONV': [32, 5]}), ({'CONV': [64, 3]}, {'CONV': [256, 3]}, {'POOLMAX': [-1, 2]}), ({'CONV': [64, 3]}, {'CONV': [256, 5]}), ({'CONV': [32, 3]}, {'CONV': [256, 3]}, {'POOLMAX': [-1, 2]}), ({'CONV': [256, 5]}, {'CONV': [256, 3]}), ({'CONV': [256, 3]}, {'CONV': [256, 5]}, {'POOLMAX': [-1, 2]}), {'GLOBAL_AVG': None}, {'LAST_DENSE': [100, 'softmax']}]",HHSE,NSGA2,,,,,0.7111521677980295,,,,821634048,5738916,,,,,,"[20, 3, 33, 22, 22, 7, 62, 55]",0.7280109073521075,1.083030470439006e-05,0.25,0.5,0.25,0.75,0.86,0,0,0,100,0,0.0,BEST,False,False,85,True,True,GREEDY,,,GREEDY_HV
BRUIVT[M],20,21,87,86,0.87,True,True,"[20, 3, 33, 22, 23, 6, 62, 55]",[],"[20.936946512021382, 3.4266522910825885, 33.614955077871215, 22.954388973247852, 23.678206816027167, 6.712619106855578, 62.391984081590124, 55.23486284124475]","[{'INP': 32}, {'CONV': [64, 3]}, ({'CONV': [64, 3]}, {'CONV': [128, 3]}), ({'CONV': [32, 3]}, {'CONV': [64, 5]}, {'POOLMAX': [-1, 2]}), ({'CONV': [128, 3]}, {'CONV': [32, 5]}), ({'CONV': [64, 3]}, {'CONV': [256, 3]}, {'POOLMAX': [-1, 2]}), ({'CONV': [64, 3]}, {'CONV': [256, 5]}), ({'CONV': [32, 3]}, {'CONV': [256, 3]}, {'POOLMAX': [-1, 2]}), ({'CONV': [256, 5]}, {'CONV': [256, 3]}), ({'CONV': [256, 3]}, {'CONV': [256, 5]}, {'POOLMAX': [-1, 2]}), {'GLOBAL_AVG': None}, {'LAST_DENSE': [100, 'softmax']}]",HHSE,NSGA2,,,,,0.7111521677980295,,,,821634048,5738916,,,,,,"[20, 3, 33, 22, 22, 7, 62, 55]",0.730096372034111,-0.0002133267123179,0.25,0.5,0.25,0.0,0.86,0,3,0,100,0,0.03,BEST,False,False,85,True,True,GREEDY,,,GREEDY_HV
BRUIVT[M],20,21,88,86,0.88,True,True,"[20, 3, 33, 22, 23, 6, 62, 55]",[],"[20.936946512021382, 3.4266522910825885, 33.614955077871215, 22.954388973247852, 23.678206816027167, 6.712619106855578, 62.391984081590124, 55.23486284124475]","[{'INP': 32}, {'CONV': [64, 3]}, ({'CONV': [64, 3]}, {'CONV': [128, 3]}), ({'CONV': [32, 3]}, {'CONV': [64, 5]}, {'POOLMAX': [-1, 2]}), ({'CONV': [128, 3]}, {'CONV': [32, 5]}), ({'CONV': [64, 3]}, {'CONV': [256, 3]}, {'POOLMAX': [-1, 2]}), ({'CONV': [64, 3]}, {'CONV': [256, 5]}), ({'CONV': [32, 3]}, {'CONV': [256, 3]}, {'POOLMAX': [-1, 2]}), ({'CONV': [256, 5]}, {'CONV': [256, 3]}), ({'CONV': [256, 3]}, {'CONV': [256, 5]}, {'POOLMAX': [-1, 2]}), {'GLOBAL_AVG': None}, {'LAST_DENSE': [100, 'softmax']}]",HHSE,NSGA2,,,,,0.7111521677980295,,,,821634048,5738916,,,,,,"[20, 3, 33, 22, 22, 7, 62, 55]",0.7303147904070078,-6.803657866749635e-05,0.25,0.5,0.25,0.0,0.86,0,0,0,100,0,0.0,BEST,False,False,85,True,True,GREEDY,,,GREEDY_HV
BRUIVT[M],20,21,89,86,0.89,True,True,"[20, 3, 33, 22, 23, 6, 62, 55]",[],"[20.936946512021382, 3.4266522910825885, 33.614955077871215, 22.954388973247852, 23.678206816027167, 6.712619106855578, 62.391984081590124, 55.23486284124475]","[{'INP': 32}, {'CONV': [64, 3]}, ({'CONV': [64, 3]}, {'CONV': [128, 3]}), ({'CONV': [32, 3]}, {'CONV': [64, 5]}, {'POOLMAX': [-1, 2]}), ({'CONV': [128, 3]}, {'CONV': [32, 5]}), ({'CONV': [64, 3]}, {'CONV': [256, 3]}, {'POOLMAX': [-1, 2]}), ({'CONV': [64, 3]}, {'CONV': [256, 5]}), ({'CONV': [32, 3]}, {'CONV': [256, 3]}, {'POOLMAX': [-1, 2]}), ({'CONV': [256, 5]}, {'CONV': [256, 3]}), ({'CONV': [256, 3]}, {'CONV': [256, 5]}, {'POOLMAX': [-1, 2]}), {'GLOBAL_AVG': None}, {'LAST_DENSE': [100, 'softmax']}]",HHSE,NSGA2,,,,,0.7111521677980295,,,,821634048,5738916,,,,,,"[20, 3, 33, 22, 22, 7, 62, 55]",0.7303750509473784,-2.5530279124441613e-05,0.25,0.5,0.25,0.0,0.86,0,1,0,100,0,0.01,BEST,False,False,85,True,True,GREEDY,,,GREEDY_HV
BRUIVT[M],20,21,90,86,0.9,True,True,"[20, 3, 33, 22, 23, 6, 62, 55]",[],"[20.936946512021382, 3.4266522910825885, 33.614955077871215, 22.954388973247852, 23.678206816027167, 6.712619106855578, 62.391984081590124, 55.23486284124475]","[{'INP': 32}, {'CONV': [64, 3]}, ({'CONV': [64, 3]}, {'CONV': [128, 3]}), ({'CONV': [32, 3]}, {'CONV': [64, 5]}, {'POOLMAX': [-1, 2]}), ({'CONV': [128, 3]}, {'CONV': [32, 5]}), ({'CONV': [64, 3]}, {'CONV': [256, 3]}, {'POOLMAX': [-1, 2]}), ({'CONV': [64, 3]}, {'CONV': [256, 5]}), ({'CONV': [32, 3]}, {'CONV': [256, 3]}, {'POOLMAX': [-1, 2]}), ({'CONV': [256, 5]}, {'CONV': [256, 3]}), ({'CONV': [256, 3]}, {'CONV': [256, 5]}, {'POOLMAX': [-1, 2]}), {'GLOBAL_AVG': None}, {'LAST_DENSE': [100, 'softmax']}]",HHSE,NSGA2,,,,,0.7111521677980295,,,,821634048,5738916,,,,,,"[20, 3, 33, 22, 22, 7, 62, 55]",0.7305947381180913,-0.0004588690260636,0.25,0.5,0.25,0.0,0.86,0,0,0,100,0,0.0,BEST,False,False,85,True,True,GREEDY,,,GREEDY_HV
BRUIVT[M],20,21,91,86,0.91,True,True,"[20, 3, 33, 22, 23, 6, 62, 55]",[],"[20.936946512021382, 3.4266522910825885, 33.614955077871215, 22.954388973247852, 23.678206816027167, 6.712619106855578, 62.391984081590124, 55.23486284124475]","[{'INP': 32}, {'CONV': [64, 3]}, ({'CONV': [64, 3]}, {'CONV': [128, 3]}), ({'CONV': [32, 3]}, {'CONV': [64, 5]}, {'POOLMAX': [-1, 2]}), ({'CONV': [128, 3]}, {'CONV': [32, 5]}), ({'CONV': [64, 3]}, {'CONV': [256, 3]}, {'POOLMAX': [-1, 2]}), ({'CONV': [64, 3]}, {'CONV': [256, 5]}), ({'CONV': [32, 3]}, {'CONV': [256, 3]}, {'POOLMAX': [-1, 2]}), ({'CONV': [256, 5]}, {'CONV': [256, 3]}), ({'CONV': [256, 3]}, {'CONV': [256, 5]}, {'POOLMAX': [-1, 2]}), {'GLOBAL_AVG': None}, {'LAST_DENSE': [100, 'softmax']}]",HHSE,NSGA2,,,,,0.7111521677980295,,,,821634048,5738916,,,,,,"[20, 3, 33, 22, 22, 7, 62, 55]",0.730604650616823,1.589732762696805e-05,0.25,0.5,0.25,0.0,0.86,0,1,0,100,0,0.01,BEST,False,False,85,True,True,GREEDY,,,GREEDY_HV
BRUIVT[M],20,21,92,86,0.92,True,True,"[20, 3, 33, 22, 23, 6, 62, 55]",[],"[20.936946512021382, 3.4266522910825885, 33.614955077871215, 22.954388973247852, 23.678206816027167, 6.712619106855578, 62.391984081590124, 55.23486284124475]","[{'INP': 32}, {'CONV': [64, 3]}, ({'CONV': [64, 3]}, {'CONV': [128, 3]}), ({'CONV': [32, 3]}, {'CONV': [64, 5]}, {'POOLMAX': [-1, 2]}), ({'CONV': [128, 3]}, {'CONV': [32, 5]}), ({'CONV': [64, 3]}, {'CONV': [256, 3]}, {'POOLMAX': [-1, 2]}), ({'CONV': [64, 3]}, {'CONV': [256, 5]}), ({'CONV': [32, 3]}, {'CONV': [256, 3]}, {'POOLMAX': [-1, 2]}), ({'CONV': [256, 5]}, {'CONV': [256, 3]}), ({'CONV': [256, 3]}, {'CONV': [256, 5]}, {'POOLMAX': [-1, 2]}), {'GLOBAL_AVG': None}, {'LAST_DENSE': [100, 'softmax']}]",HHSE,NSGA2,,,,,0.7111521677980295,,,,821634048,5738916,,,,,,"[20, 3, 33, 22, 22, 7, 62, 55]",0.7307752219653616,7.513566414907302e-05,0.25,0.5,0.25,0.0,0.86,0,0,0,100,0,0.0,BEST,False,False,85,True,True,GREEDY,,,GREEDY_HV
BRUIVT[M],20,21,93,86,0.93,True,True,"[20, 3, 33, 22, 23, 6, 62, 55]",[],"[20.936946512021382, 3.4266522910825885, 33.614955077871215, 22.954388973247852, 23.678206816027167, 6.712619106855578, 62.391984081590124, 55.23486284124475]","[{'INP': 32}, {'CONV': [64, 3]}, ({'CONV': [64, 3]}, {'CONV': [128, 3]}), ({'CONV': [32, 3]}, {'CONV': [64, 5]}, {'POOLMAX': [-1, 2]}), ({'CONV': [128, 3]}, {'CONV': [32, 5]}), ({'CONV': [64, 3]}, {'CONV': [256, 3]}, {'POOLMAX': [-1, 2]}), ({'CONV': [64, 3]}, {'CONV': [256, 5]}), ({'CONV': [32, 3]}, {'CONV': [256, 3]}, {'POOLMAX': [-1, 2]}), ({'CONV': [256, 5]}, {'CONV': [256, 3]}), ({'CONV': [256, 3]}, {'CONV': [256, 5]}, {'POOLMAX': [-1, 2]}), {'GLOBAL_AVG': None}, {'LAST_DENSE': [100, 'softmax']}]",HHSE,NSGA2,,,,,0.7111521677980295,,,,821634048,5738916,,,,,,"[20, 3, 33, 22, 22, 7, 62, 55]",0.7310364724170011,1.754948142140833e-06,0.25,0.5,0.25,0.0,0.86,0,0,0,100,0,0.0,BEST,False,False,85,True,True,GREEDY,,,GREEDY_HV
BRUIVT[M],20,21,94,86,0.94,True,True,"[20, 3, 33, 22, 23, 6, 62, 55]",[],"[20.936946512021382, 3.4266522910825885, 33.614955077871215, 22.954388973247852, 23.678206816027167, 6.712619106855578, 62.391984081590124, 55.23486284124475]","[{'INP': 32}, {'CONV': [64, 3]}, ({'CONV': [64, 3]}, {'CONV': [128, 3]}), ({'CONV': [32, 3]}, {'CONV': [64, 5]}, {'POOLMAX': [-1, 2]}), ({'CONV': [128, 3]}, {'CONV': [32, 5]}), ({'CONV': [64, 3]}, {'CONV': [256, 3]}, {'POOLMAX': [-1, 2]}), ({'CONV': [64, 3]}, {'CONV': [256, 5]}), ({'CONV': [32, 3]}, {'CONV': [256, 3]}, {'POOLMAX': [-1, 2]}), ({'CONV': [256, 5]}, {'CONV': [256, 3]}), ({'CONV': [256, 3]}, {'CONV': [256, 5]}, {'POOLMAX': [-1, 2]}), {'GLOBAL_AVG': None}, {'LAST_DENSE': [100, 'softmax']}]",HHSE,NSGA2,,,,,0.7111521677980295,,,,821634048,5738916,,,,,,"[20, 3, 33, 22, 22, 7, 62, 55]",0.7312109260027534,1.2915606326990847e-05,0.25,0.5,0.25,0.0,0.86,0,0,0,100,0,0.0,BEST,False,False,85,True,True,GREEDY,,,GREEDY_HV
BVPUPD[M][M][M],20,21,95,95,0.95,True,True,"[5, 11, 4, 23, 46, 7, 38, 55]",[],"[5.452197636804756, 11.212009477812998, 4.271769165492529, 23.099070751670038, 46.21602174015717, 7.822684211410625, 38.683018271908786, 55.10828124050108]","[{'INP': 32}, {'CONV': [64, 3]}, ({'CONV': [32, 3]}, {'CONV': [128, 5]}), ({'CONV': [32, 5]}, {'CONV': [64, 5]}, {'POOLMAX': [-1, 2]}), ({'CONV': [32, 3]}, {'CONV': [128, 3]}), ({'CONV': [64, 3]}, {'CONV': [256, 5]}, {'POOLMAX': [-1, 2]}), ({'CONV': [128, 5]}, {'CONV': [256, 3]}), ({'CONV': [32, 3]}, {'CONV': [256, 5]}, {'POOLMAX': [-1, 2]}), ({'CONV': [128, 3]}, {'CONV': [256, 3]}), ({'CONV': [256, 3]}, {'CONV': [256, 5]}, {'POOLMAX': [-1, 2]}), {'GLOBAL_AVG': None}, {'LAST_DENSE': [100, 'softmax']}]",HHSE,NSGA2,,,,,0.7151848589923343,,,,1112984576,5060644,,,,,,"[5, 11, 4, 22, 46, 7, 38, 55]",0.7342548973504374,0.0029781387768689,0.0,0.0,0.125,0.875,0.95,0,0,0,100,0,0.0,BEST,False,False,24,True,True,GREEDY,,,GREEDY_HV
BVPUPD[M][M][M],20,21,96,95,0.96,True,True,"[5, 11, 4, 23, 46, 7, 38, 55]",[],"[5.452197636804756, 11.212009477812998, 4.271769165492529, 23.099070751670038, 46.21602174015717, 7.822684211410625, 38.683018271908786, 55.10828124050108]","[{'INP': 32}, {'CONV': [64, 3]}, ({'CONV': [32, 3]}, {'CONV': [128, 5]}), ({'CONV': [32, 5]}, {'CONV': [64, 5]}, {'POOLMAX': [-1, 2]}), ({'CONV': [32, 3]}, {'CONV': [128, 3]}), ({'CONV': [64, 3]}, {'CONV': [256, 5]}, {'POOLMAX': [-1, 2]}), ({'CONV': [128, 5]}, {'CONV': [256, 3]}), ({'CONV': [32, 3]}, {'CONV': [256, 5]}, {'POOLMAX': [-1, 2]}), ({'CONV': [128, 3]}, {'CONV': [256, 3]}), ({'CONV': [256, 3]}, {'CONV': [256, 5]}, {'POOLMAX': [-1, 2]}), {'GLOBAL_AVG': None}, {'LAST_DENSE': [100, 'softmax']}]",HHSE,NSGA2,,,,,0.7151848589923343,,,,1112984576,5060644,,,,,,"[5, 11, 4, 22, 46, 7, 38, 55]",0.7344080649964361,-2.855721891237284e-05,0.0,0.0,0.125,0.0,0.95,0,0,0,100,0,0.0,BEST,False,False,24,True,True,GREEDY,,,GREEDY_HV
BVPUPD[M][M][M],20,21,97,95,0.97,True,True,"[5, 11, 4, 23, 46, 7, 38, 55]",[],"[5.452197636804756, 11.212009477812998, 4.271769165492529, 23.099070751670038, 46.21602174015717, 7.822684211410625, 38.683018271908786, 55.10828124050108]","[{'INP': 32}, {'CONV': [64, 3]}, ({'CONV': [32, 3]}, {'CONV': [128, 5]}), ({'CONV': [32, 5]}, {'CONV': [64, 5]}, {'POOLMAX': [-1, 2]}), ({'CONV': [32, 3]}, {'CONV': [128, 3]}), ({'CONV': [64, 3]}, {'CONV': [256, 5]}, {'POOLMAX': [-1, 2]}), ({'CONV': [128, 5]}, {'CONV': [256, 3]}), ({'CONV': [32, 3]}, {'CONV': [256, 5]}, {'POOLMAX': [-1, 2]}), ({'CONV': [128, 3]}, {'CONV': [256, 3]}), ({'CONV': [256, 3]}, {'CONV': [256, 5]}, {'POOLMAX': [-1, 2]}), {'GLOBAL_AVG': None}, {'LAST_DENSE': [100, 'softmax']}]",HHSE,NSGA2,,,,,0.7151848589923343,,,,1112984576,5060644,,,,,,"[5, 11, 4, 22, 46, 7, 38, 55]",0.7345605255729868,4.885445876734451e-07,0.0,0.0,0.125,0.0,0.95,0,0,0,100,0,0.0,BEST,False,False,24,True,True,GREEDY,,,GREEDY_HV
BVPUPD[M][M][M],20,21,98,95,0.98,True,True,"[5, 11, 4, 23, 46, 7, 38, 55]",[],"[5.452197636804756, 11.212009477812998, 4.271769165492529, 23.099070751670038, 46.21602174015717, 7.822684211410625, 38.683018271908786, 55.10828124050108]","[{'INP': 32}, {'CONV': [64, 3]}, ({'CONV': [32, 3]}, {'CONV': [128, 5]}), ({'CONV': [32, 5]}, {'CONV': [64, 5]}, {'POOLMAX': [-1, 2]}), ({'CONV': [32, 3]}, {'CONV': [128, 3]}), ({'CONV': [64, 3]}, {'CONV': [256, 5]}, {'POOLMAX': [-1, 2]}), ({'CONV': [128, 5]}, {'CONV': [256, 3]}), ({'CONV': [32, 3]}, {'CONV': [256, 5]}, {'POOLMAX': [-1, 2]}), ({'CONV': [128, 3]}, {'CONV': [256, 3]}), ({'CONV': [256, 3]}, {'CONV': [256, 5]}, {'POOLMAX': [-1, 2]}), {'GLOBAL_AVG': None}, {'LAST_DENSE': [100, 'softmax']}]",HHSE,NSGA2,,,,,0.7151848589923343,,,,1112984576,5060644,,,,,,"[5, 11, 4, 22, 46, 7, 38, 55]",0.7346763020216478,-3.400211983173307e-05,0.0,0.0,0.125,0.0,0.95,0,0,0,100,0,0.0,BEST,False,False,24,True,True,GREEDY,,,GREEDY_HV
BLAJFZ[M],20,21,99,99,0.99,True,True,"[20, 4, 33, 23, 46, 6, 38, 55]",[],"[20.93074561995838, 4.237386060927748, 33.82426365361051, 23.425904531476654, 46.887955429256024, 6.321943350605608, 38.043011855695354, 55.19545723095799]","[{'INP': 32}, {'CONV': [64, 3]}, ({'CONV': [64, 3]}, {'CONV': [128, 3]}), ({'CONV': [32, 3]}, {'CONV': [128, 3]}, {'POOLMAX': [-1, 2]}), ({'CONV': [128, 3]}, {'CONV': [32, 5]}), ({'CONV': [64, 3]}, {'CONV': [256, 5]}, {'POOLMAX': [-1, 2]}), ({'CONV': [128, 5]}, {'CONV': [256, 3]}), ({'CONV': [32, 3]}, {'CONV': [256, 3]}, {'POOLMAX': [-1, 2]}), ({'CONV': [128, 3]}, {'CONV': [256, 3]}), ({'CONV': [256, 3]}, {'CONV': [256, 5]}, {'POOLMAX': [-1, 2]}), {'GLOBAL_AVG': None}, {'LAST_DENSE': [100, 'softmax']}]",HHSE,NSGA2,,,,,0.7154668220956887,,,,983714816,4979108,,,,,,"[20, 4, 33, 23, 46, 6, 38, 55]",0.7347188484801649,-7.888728424498836e-05,0.5,0.125,0.0,0.5,0.99,0,0,0,100,0,0.0,BEST,False,False,22,True,True,GREEDY,,,GREEDY_HV
BLAJFZ[M],20,21,100,99,1.0,True,True,"[20, 4, 33, 23, 46, 6, 38, 55]",[],"[20.93074561995838, 4.237386060927748, 33.82426365361051, 23.425904531476654, 46.887955429256024, 6.321943350605608, 38.043011855695354, 55.19545723095799]","[{'INP': 32}, {'CONV': [64, 3]}, ({'CONV': [64, 3]}, {'CONV': [128, 3]}), ({'CONV': [32, 3]}, {'CONV': [128, 3]}, {'POOLMAX': [-1, 2]}), ({'CONV': [128, 3]}, {'CONV': [32, 5]}), ({'CONV': [64, 3]}, {'CONV': [256, 5]}, {'POOLMAX': [-1, 2]}), ({'CONV': [128, 5]}, {'CONV': [256, 3]}), ({'CONV': [32, 3]}, {'CONV': [256, 3]}, {'POOLMAX': [-1, 2]}), ({'CONV': [128, 3]}, {'CONV': [256, 3]}), ({'CONV': [256, 3]}, {'CONV': [256, 5]}, {'POOLMAX': [-1, 2]}), {'GLOBAL_AVG': None}, {'LAST_DENSE': [100, 'softmax']}]",HHSE,NSGA2,,,,,0.7154668220956887,,,,983714816,4979108,,,,,,"[20, 4, 33, 23, 46, 6, 38, 55]",0.735046503629599,-2.105454933731821e-07,0.5,0.125,0.0,0.0,0.99,0,0,0,100,0,0.0,BEST,False,False,22,True,True,GREEDY,,,GREEDY_HV
BWDNNW[M],21,22,1,1,0.01,True,True,"[14, 28, 6, 57, 22, 62, 22, 22]",[],"[14.814967035798375, 28.783619264268165, 6.768993770949216, 57.79855141568473, 22.871086161814155, 62.52064012601082, 22.265089842278826, 22.831383619889806]","[{'INP': 32}, {'CONV': [64, 3]}, ({'CONV': [32, 5]}, {'CONV': [256, 3]}), ({'CONV': [64, 5]}, {'CONV': [128, 3]}, {'POOLMAX': [-1, 2]}), ({'CONV': [32, 3]}, {'CONV': [256, 3]}), ({'CONV': [256, 5]}, {'CONV': [32, 5]}, {'POOLMAX': [-1, 2]}), ({'CONV': [64, 3]}, {'CONV': [256, 3]}), ({'CONV': [256, 5]}, {'CONV': [256, 3]}, {'POOLMAX': [-1, 2]}), ({'CONV': [64, 3]}, {'CONV': [256, 3]}), ({'CONV': [64, 3]}, {'CONV': [256, 3]}, {'POOLMAX': [-1, 2]}), {'GLOBAL_AVG': None}, {'LAST_DENSE': [100, 'softmax']}]",HHSE,NSGA2,,,,,0.6918956876835325,,,,2579440640,5583780,,,,,,"[13, 54, 17, 38, 5, 53, 36, 43]",0.6720422861857087,0.0,0.0,0.875,1.0,0.0,0.01,0,9,0,100,0,0.09,BEST,False,False,315,True,True,GREEDY,,,GREEDY_HV
BWDNNW[M],21,22,2,1,0.02,True,True,"[14, 28, 6, 57, 22, 62, 22, 22]",[],"[14.814967035798375, 28.783619264268165, 6.768993770949216, 57.79855141568473, 22.871086161814155, 62.52064012601082, 22.265089842278826, 22.831383619889806]","[{'INP': 32}, {'CONV': [64, 3]}, ({'CONV': [32, 5]}, {'CONV': [256, 3]}), ({'CONV': [64, 5]}, {'CONV': [128, 3]}, {'POOLMAX': [-1, 2]}), ({'CONV': [32, 3]}, {'CONV': [256, 3]}), ({'CONV': [256, 5]}, {'CONV': [32, 5]}, {'POOLMAX': [-1, 2]}), ({'CONV': [64, 3]}, {'CONV': [256, 3]}), ({'CONV': [256, 5]}, {'CONV': [256, 3]}, {'POOLMAX': [-1, 2]}), ({'CONV': [64, 3]}, {'CONV': [256, 3]}), ({'CONV': [64, 3]}, {'CONV': [256, 3]}, {'POOLMAX': [-1, 2]}), {'GLOBAL_AVG': None}, {'LAST_DENSE': [100, 'softmax']}]",HHSE,NSGA2,,,,,0.6918956876835325,,,,2579440640,5583780,,,,,,"[13, 54, 17, 38, 5, 53, 36, 43]",0.6732573743236225,-0.0080311756032127,0.0,0.875,1.0,0.0,0.01,0,2,0,100,0,0.02,BEST,False,False,315,True,True,GREEDY,,,GREEDY_HV
BWDNNW[M],21,22,3,1,0.03,True,True,"[14, 28, 6, 57, 22, 62, 22, 22]",[],"[14.814967035798375, 28.783619264268165, 6.768993770949216, 57.79855141568473, 22.871086161814155, 62.52064012601082, 22.265089842278826, 22.831383619889806]","[{'INP': 32}, {'CONV': [64, 3]}, ({'CONV': [32, 5]}, {'CONV': [256, 3]}), ({'CONV': [64, 5]}, {'CONV': [128, 3]}, {'POOLMAX': [-1, 2]}), ({'CONV': [32, 3]}, {'CONV': [256, 3]}), ({'CONV': [256, 5]}, {'CONV': [32, 5]}, {'POOLMAX': [-1, 2]}), ({'CONV': [64, 3]}, {'CONV': [256, 3]}), ({'CONV': [256, 5]}, {'CONV': [256, 3]}, {'POOLMAX': [-1, 2]}), ({'CONV': [64, 3]}, {'CONV': [256, 3]}), ({'CONV': [64, 3]}, {'CONV': [256, 3]}, {'POOLMAX': [-1, 2]}), {'GLOBAL_AVG': None}, {'LAST_DENSE': [100, 'softmax']}]",HHSE,NSGA2,,,,,0.6918956876835325,,,,2579440640,5583780,,,,,,"[13, 54, 17, 38, 5, 53, 36, 43]",0.6822398442052329,-0.0037294057446517,0.0,0.875,1.0,0.0,0.01,0,1,0,100,0,0.01,BEST,False,False,315,True,True,GREEDY,,,GREEDY_HV
BWDNNW[M],21,22,4,1,0.04,True,True,"[14, 28, 6, 57, 22, 62, 22, 22]",[],"[14.814967035798375, 28.783619264268165, 6.768993770949216, 57.79855141568473, 22.871086161814155, 62.52064012601082, 22.265089842278826, 22.831383619889806]","[{'INP': 32}, {'CONV': [64, 3]}, ({'CONV': [32, 5]}, {'CONV': [256, 3]}), ({'CONV': [64, 5]}, {'CONV': [128, 3]}, {'POOLMAX': [-1, 2]}), ({'CONV': [32, 3]}, {'CONV': [256, 3]}), ({'CONV': [256, 5]}, {'CONV': [32, 5]}, {'POOLMAX': [-1, 2]}), ({'CONV': [64, 3]}, {'CONV': [256, 3]}), ({'CONV': [256, 5]}, {'CONV': [256, 3]}, {'POOLMAX': [-1, 2]}), ({'CONV': [64, 3]}, {'CONV': [256, 3]}), ({'CONV': [64, 3]}, {'CONV': [256, 3]}, {'POOLMAX': [-1, 2]}), {'GLOBAL_AVG': None}, {'LAST_DENSE': [100, 'softmax']}]",HHSE,NSGA2,,,,,0.6918956876835325,,,,2579440640,5583780,,,,,,"[13, 54, 17, 38, 5, 53, 36, 43]",0.6862884237656618,-0.0008293563434446,0.0,0.875,1.0,0.0,0.01,0,0,0,100,0,0.0,BEST,False,False,315,True,True,GREEDY,,,GREEDY_HV
BCSZXJ[M][M],21,22,5,5,0.05,True,True,"[38, 33, 7, 38, 17, 30, 43, 31]",[],"[38.35166139708559, 33.87371390594067, 7.757723699681918, 38.53716696533159, 17.864122430513213, 30.017604339067148, 43.16505600059922, 31.933513409466254]","[{'INP': 32}, {'CONV': [64, 3]}, ({'CONV': [128, 3]}, {'CONV': [256, 3]}), ({'CONV': [128, 3]}, {'CONV': [32, 5]}, {'POOLMAX': [-1, 2]}), ({'CONV': [32, 3]}, {'CONV': [256, 5]}), ({'CONV': [128, 3]}, {'CONV': [256, 3]}, {'POOLMAX': [-1, 2]}), ({'CONV': [64, 3]}, {'CONV': [32, 5]}), ({'CONV': [64, 5]}, {'CONV': [256, 3]}, {'POOLMAX': [-1, 2]}), ({'CONV': [128, 5]}, {'CONV': [64, 5]}), ({'CONV': [64, 5]}, {'CONV': [256, 5]}, {'POOLMAX': [-1, 2]}), {'GLOBAL_AVG': None}, {'LAST_DENSE': [100, 'softmax']}]",HHSE,NSGA2,,,,,0.6959230357584602,,,,2088457216,3539364,,,,,,"[1, 10, 17, 12, 19, 49, 31, 62]",0.6934535680864833,-0.0011009879268358,0.0,0.0,1.0,1.0,0.05,0,1,0,100,0,0.01,BEST,False,False,291,True,True,GREEDY,,,GREEDY_HV
BCSZXJ[M][M],21,22,6,5,0.06,True,True,"[38, 33, 7, 38, 17, 30, 43, 31]",[],"[38.35166139708559, 33.87371390594067, 7.757723699681918, 38.53716696533159, 17.864122430513213, 30.017604339067148, 43.16505600059922, 31.933513409466254]","[{'INP': 32}, {'CONV': [64, 3]}, ({'CONV': [128, 3]}, {'CONV': [256, 3]}), ({'CONV': [128, 3]}, {'CONV': [32, 5]}, {'POOLMAX': [-1, 2]}), ({'CONV': [32, 3]}, {'CONV': [256, 5]}), ({'CONV': [128, 3]}, {'CONV': [256, 3]}, {'POOLMAX': [-1, 2]}), ({'CONV': [64, 3]}, {'CONV': [32, 5]}), ({'CONV': [64, 5]}, {'CONV': [256, 3]}, {'POOLMAX': [-1, 2]}), ({'CONV': [128, 5]}, {'CONV': [64, 5]}), ({'CONV': [64, 5]}, {'CONV': [256, 5]}, {'POOLMAX': [-1, 2]}), {'GLOBAL_AVG': None}, {'LAST_DENSE': [100, 'softmax']}]",HHSE,NSGA2,,,,,0.6959230357584602,,,,2088457216,3539364,,,,,,"[1, 10, 17, 12, 19, 49, 31, 62]",0.7004271824534651,-0.00080496482481,0.0,0.0,1.0,0.0,0.05,0,1,0,100,0,0.01,BEST,False,False,291,True,True,GREEDY,,,GREEDY_HV
BCSZXJ[M][M],21,22,7,5,0.07,True,True,"[38, 33, 7, 38, 17, 30, 43, 31]",[],"[38.35166139708559, 33.87371390594067, 7.757723699681918, 38.53716696533159, 17.864122430513213, 30.017604339067148, 43.16505600059922, 31.933513409466254]","[{'INP': 32}, {'CONV': [64, 3]}, ({'CONV': [128, 3]}, {'CONV': [256, 3]}), ({'CONV': [128, 3]}, {'CONV': [32, 5]}, {'POOLMAX': [-1, 2]}), ({'CONV': [32, 3]}, {'CONV': [256, 5]}), ({'CONV': [128, 3]}, {'CONV': [256, 3]}, {'POOLMAX': [-1, 2]}), ({'CONV': [64, 3]}, {'CONV': [32, 5]}), ({'CONV': [64, 5]}, {'CONV': [256, 3]}, {'POOLMAX': [-1, 2]}), ({'CONV': [128, 5]}, {'CONV': [64, 5]}), ({'CONV': [64, 5]}, {'CONV': [256, 5]}, {'POOLMAX': [-1, 2]}), {'GLOBAL_AVG': None}, {'LAST_DENSE': [100, 'softmax']}]",HHSE,NSGA2,,,,,0.6959230357584602,,,,2088457216,3539364,,,,,,"[1, 10, 17, 12, 19, 49, 31, 62]",0.6985839803900156,-0.0015738289785645,0.0,0.0,1.0,0.0,0.05,0,1,0,100,0,0.01,BEST,False,False,291,True,True,GREEDY,,,GREEDY_HV
BYAGGX[M][M][M],21,22,8,8,0.08,True,True,"[29, 61, 62, 38, 62, 6, 53, 6]",[],"[29.154811491750607, 61.2362044326178, 62.805208927458004, 38.57984923057791, 62.54072627133222, 6.040796420578581, 53.75330591078513, 6.9687096144567455]","[{'INP': 32}, {'CONV': [64, 3]}, ({'CONV': [64, 5]}, {'CONV': [128, 5]}), ({'CONV': [256, 5]}, {'CONV': [128, 5]}, {'POOLMAX': [-1, 2]}), ({'CONV': [256, 5]}, {'CONV': [256, 3]}), ({'CONV': [128, 3]}, {'CONV': [256, 3]}, {'POOLMAX': [-1, 2]}), ({'CONV': [256, 5]}, {'CONV': [256, 3]}), ({'CONV': [32, 3]}, {'CONV': [256, 3]}, {'POOLMAX': [-1, 2]}), ({'CONV': [256, 3]}, {'CONV': [128, 5]}), ({'CONV': [32, 3]}, {'CONV': [256, 3]}, {'POOLMAX': [-1, 2]}), {'GLOBAL_AVG': None}, {'LAST_DENSE': [100, 'softmax']}]",HHSE,NSGA2,,,,,0.7008493976085454,,,,5369906688,7879204,,,,,,"[35, 61, 60, 34, 62, 6, 38, 21]",0.6999486063909695,-0.0075020215078996,0.0,0.0,0.625,0.875,0.08,0,1,0,100,0,0.01,BEST,False,False,241,True,True,GREEDY,,,GREEDY_HV
BYAGGX[M][M][M],21,22,9,8,0.09,True,True,"[29, 61, 62, 38, 62, 6, 53, 6]",[],"[29.154811491750607, 61.2362044326178, 62.805208927458004, 38.57984923057791, 62.54072627133222, 6.040796420578581, 53.75330591078513, 6.9687096144567455]","[{'INP': 32}, {'CONV': [64, 3]}, ({'CONV': [64, 5]}, {'CONV': [128, 5]}), ({'CONV': [256, 5]}, {'CONV': [128, 5]}, {'POOLMAX': [-1, 2]}), ({'CONV': [256, 5]}, {'CONV': [256, 3]}), ({'CONV': [128, 3]}, {'CONV': [256, 3]}, {'POOLMAX': [-1, 2]}), ({'CONV': [256, 5]}, {'CONV': [256, 3]}), ({'CONV': [32, 3]}, {'CONV': [256, 3]}, {'POOLMAX': [-1, 2]}), ({'CONV': [256, 3]}, {'CONV': [128, 5]}), ({'CONV': [32, 3]}, {'CONV': [256, 3]}, {'POOLMAX': [-1, 2]}), {'GLOBAL_AVG': None}, {'LAST_DENSE': [100, 'softmax']}]",HHSE,NSGA2,,,,,0.7008493976085454,,,,5369906688,7879204,,,,,,"[35, 61, 60, 34, 62, 6, 38, 21]",0.7054333934483326,0.0008873117559552,0.0,0.0,0.625,0.0,0.08,0,0,0,100,0,0.0,BEST,False,False,241,True,True,GREEDY,,,GREEDY_HV
BYAGGX[M][M][M],21,22,10,8,0.1,True,True,"[29, 61, 62, 38, 62, 6, 53, 6]",[],"[29.154811491750607, 61.2362044326178, 62.805208927458004, 38.57984923057791, 62.54072627133222, 6.040796420578581, 53.75330591078513, 6.9687096144567455]","[{'INP': 32}, {'CONV': [64, 3]}, ({'CONV': [64, 5]}, {'CONV': [128, 5]}), ({'CONV': [256, 5]}, {'CONV': [128, 5]}, {'POOLMAX': [-1, 2]}), ({'CONV': [256, 5]}, {'CONV': [256, 3]}), ({'CONV': [128, 3]}, {'CONV': [256, 3]}, {'POOLMAX': [-1, 2]}), ({'CONV': [256, 5]}, {'CONV': [256, 3]}), ({'CONV': [32, 3]}, {'CONV': [256, 3]}, {'POOLMAX': [-1, 2]}), ({'CONV': [256, 3]}, {'CONV': [128, 5]}), ({'CONV': [32, 3]}, {'CONV': [256, 3]}, {'POOLMAX': [-1, 2]}), {'GLOBAL_AVG': None}, {'LAST_DENSE': [100, 'softmax']}]",HHSE,NSGA2,,,,,0.7008493976085454,,,,5369906688,7879204,,,,,,"[35, 61, 60, 34, 62, 6, 38, 21]",0.7040999543747661,-0.0002885410428221,0.0,0.0,0.625,0.0,0.08,0,1,0,100,0,0.01,BEST,False,False,241,True,True,GREEDY,,,GREEDY_HV
BVZYFT[M],21,22,11,11,0.11,True,True,"[14, 62, 54, 22, 10, 6, 7, 55]",[],"[14.184302118709226, 62.07972897245509, 54.78419664650265, 22.425604445697367, 10.286439629446793, 6.675579822124561, 7.3326198087641785, 55.255618872012995]","[{'INP': 32}, {'CONV': [64, 3]}, ({'CONV': [32, 5]}, {'CONV': [256, 3]}), ({'CONV': [256, 5]}, {'CONV': [256, 3]}, {'POOLMAX': [-1, 2]}), ({'CONV': [256, 3]}, {'CONV': [256, 3]}), ({'CONV': [64, 3]}, {'CONV': [256, 3]}, {'POOLMAX': [-1, 2]}), ({'CONV': [32, 5]}, {'CONV': [64, 3]}), ({'CONV': [32, 3]}, {'CONV': [256, 3]}, {'POOLMAX': [-1, 2]}), ({'CONV': [32, 3]}, {'CONV': [256, 5]}), ({'CONV': [256, 3]}, {'CONV': [256, 5]}, {'POOLMAX': [-1, 2]}), {'GLOBAL_AVG': None}, {'LAST_DENSE': [100, 'softmax']}]",HHSE,NSGA2,,,,,0.7009676186881693,,,,5705475584,6688804,,,,,,"[25, 34, 23, 18, 19, 14, 46, 11]",0.7042491317543695,-0.0063383550253122,0.375,0.5,1.0,0.875,0.11,0,1,0,100,0,0.01,BEST,False,False,239,True,True,GREEDY,,,GREEDY_HV
BVZYFT[M],21,22,12,11,0.12,True,True,"[14, 62, 54, 22, 10, 6, 7, 55]",[],"[14.184302118709226, 62.07972897245509, 54.78419664650265, 22.425604445697367, 10.286439629446793, 6.675579822124561, 7.3326198087641785, 55.255618872012995]","[{'INP': 32}, {'CONV': [64, 3]}, ({'CONV': [32, 5]}, {'CONV': [256, 3]}), ({'CONV': [256, 5]}, {'CONV': [256, 3]}, {'POOLMAX': [-1, 2]}), ({'CONV': [256, 3]}, {'CONV': [256, 3]}), ({'CONV': [64, 3]}, {'CONV': [256, 3]}, {'POOLMAX': [-1, 2]}), ({'CONV': [32, 5]}, {'CONV': [64, 3]}), ({'CONV': [32, 3]}, {'CONV': [256, 3]}, {'POOLMAX': [-1, 2]}), ({'CONV': [32, 3]}, {'CONV': [256, 5]}), ({'CONV': [256, 3]}, {'CONV': [256, 5]}, {'POOLMAX': [-1, 2]}), {'GLOBAL_AVG': None}, {'LAST_DENSE': [100, 'softmax']}]",HHSE,NSGA2,,,,,0.7009676186881693,,,,5705475584,6688804,,,,,,"[25, 34, 23, 18, 19, 14, 46, 11]",0.7095812914688443,0.0031309761629693,0.375,0.5,1.0,0.0,0.11,0,0,0,100,0,0.0,BEST,False,False,239,True,True,GREEDY,,,GREEDY_HV
BVZYFT[M],21,22,13,11,0.13,True,True,"[14, 62, 54, 22, 10, 6, 7, 55]",[],"[14.184302118709226, 62.07972897245509, 54.78419664650265, 22.425604445697367, 10.286439629446793, 6.675579822124561, 7.3326198087641785, 55.255618872012995]","[{'INP': 32}, {'CONV': [64, 3]}, ({'CONV': [32, 5]}, {'CONV': [256, 3]}), ({'CONV': [256, 5]}, {'CONV': [256, 3]}, {'POOLMAX': [-1, 2]}), ({'CONV': [256, 3]}, {'CONV': [256, 3]}), ({'CONV': [64, 3]}, {'CONV': [256, 3]}, {'POOLMAX': [-1, 2]}), ({'CONV': [32, 5]}, {'CONV': [64, 3]}), ({'CONV': [32, 3]}, {'CONV': [256, 3]}, {'POOLMAX': [-1, 2]}), ({'CONV': [32, 3]}, {'CONV': [256, 5]}), ({'CONV': [256, 3]}, {'CONV': [256, 5]}, {'POOLMAX': [-1, 2]}), {'GLOBAL_AVG': None}, {'LAST_DENSE': [100, 'softmax']}]",HHSE,NSGA2,,,,,0.7009676186881693,,,,5705475584,6688804,,,,,,"[25, 34, 23, 18, 19, 14, 46, 11]",0.7064205782124958,-0.0027658671399327,0.375,0.5,1.0,0.0,0.11,0,0,0,100,0,0.0,BEST,False,False,239,True,True,GREEDY,,,GREEDY_HV
BVZYFT[M],21,22,14,11,0.14,True,True,"[14, 62, 54, 22, 10, 6, 7, 55]",[],"[14.184302118709226, 62.07972897245509, 54.78419664650265, 22.425604445697367, 10.286439629446793, 6.675579822124561, 7.3326198087641785, 55.255618872012995]","[{'INP': 32}, {'CONV': [64, 3]}, ({'CONV': [32, 5]}, {'CONV': [256, 3]}), ({'CONV': [256, 5]}, {'CONV': [256, 3]}, {'POOLMAX': [-1, 2]}), ({'CONV': [256, 3]}, {'CONV': [256, 3]}), ({'CONV': [64, 3]}, {'CONV': [256, 3]}, {'POOLMAX': [-1, 2]}), ({'CONV': [32, 5]}, {'CONV': [64, 3]}), ({'CONV': [32, 3]}, {'CONV': [256, 3]}, {'POOLMAX': [-1, 2]}), ({'CONV': [32, 3]}, {'CONV': [256, 5]}), ({'CONV': [256, 3]}, {'CONV': [256, 5]}, {'POOLMAX': [-1, 2]}), {'GLOBAL_AVG': None}, {'LAST_DENSE': [100, 'softmax']}]",HHSE,NSGA2,,,,,0.7009676186881693,,,,5705475584,6688804,,,,,,"[25, 34, 23, 18, 19, 14, 46, 11]",0.7123786299808545,-0.0045002014683401,0.375,0.5,1.0,0.0,0.11,0,0,0,100,0,0.0,BEST,False,False,239,True,True,GREEDY,,,GREEDY_HV
BVZYFT[M],21,22,15,11,0.15,True,True,"[14, 62, 54, 22, 10, 6, 7, 55]",[],"[14.184302118709226, 62.07972897245509, 54.78419664650265, 22.425604445697367, 10.286439629446793, 6.675579822124561, 7.3326198087641785, 55.255618872012995]","[{'INP': 32}, {'CONV': [64, 3]}, ({'CONV': [32, 5]}, {'CONV': [256, 3]}), ({'CONV': [256, 5]}, {'CONV': [256, 3]}, {'POOLMAX': [-1, 2]}), ({'CONV': [256, 3]}, {'CONV': [256, 3]}), ({'CONV': [64, 3]}, {'CONV': [256, 3]}, {'POOLMAX': [-1, 2]}), ({'CONV': [32, 5]}, {'CONV': [64, 3]}), ({'CONV': [32, 3]}, {'CONV': [256, 3]}, {'POOLMAX': [-1, 2]}), ({'CONV': [32, 3]}, {'CONV': [256, 5]}), ({'CONV': [256, 3]}, {'CONV': [256, 5]}, {'POOLMAX': [-1, 2]}), {'GLOBAL_AVG': None}, {'LAST_DENSE': [100, 'softmax']}]",HHSE,NSGA2,,,,,0.7009676186881693,,,,5705475584,6688804,,,,,,"[25, 34, 23, 18, 19, 14, 46, 11]",0.7120457349798037,-0.0003502743152732,0.375,0.5,1.0,0.0,0.11,0,0,0,100,0,0.0,BEST,False,False,239,True,True,GREEDY,,,GREEDY_HV
BVZYFT[M],21,22,16,11,0.16,True,True,"[14, 62, 54, 22, 10, 6, 7, 55]",[],"[14.184302118709226, 62.07972897245509, 54.78419664650265, 22.425604445697367, 10.286439629446793, 6.675579822124561, 7.3326198087641785, 55.255618872012995]","[{'INP': 32}, {'CONV': [64, 3]}, ({'CONV': [32, 5]}, {'CONV': [256, 3]}), ({'CONV': [256, 5]}, {'CONV': [256, 3]}, {'POOLMAX': [-1, 2]}), ({'CONV': [256, 3]}, {'CONV': [256, 3]}), ({'CONV': [64, 3]}, {'CONV': [256, 3]}, {'POOLMAX': [-1, 2]}), ({'CONV': [32, 5]}, {'CONV': [64, 3]}), ({'CONV': [32, 3]}, {'CONV': [256, 3]}, {'POOLMAX': [-1, 2]}), ({'CONV': [32, 3]}, {'CONV': [256, 5]}), ({'CONV': [256, 3]}, {'CONV': [256, 5]}, {'POOLMAX': [-1, 2]}), {'GLOBAL_AVG': None}, {'LAST_DENSE': [100, 'softmax']}]",HHSE,NSGA2,,,,,0.7009676186881693,,,,5705475584,6688804,,,,,,"[25, 34, 23, 18, 19, 14, 46, 11]",0.7125201482420878,-0.000270713426497,0.375,0.5,1.0,0.0,0.11,0,0,0,100,0,0.0,BEST,False,False,239,True,True,GREEDY,,,GREEDY_HV
BVZYFT[M],21,22,17,11,0.17,True,True,"[14, 62, 54, 22, 10, 6, 7, 55]",[],"[14.184302118709226, 62.07972897245509, 54.78419664650265, 22.425604445697367, 10.286439629446793, 6.675579822124561, 7.3326198087641785, 55.255618872012995]","[{'INP': 32}, {'CONV': [64, 3]}, ({'CONV': [32, 5]}, {'CONV': [256, 3]}), ({'CONV': [256, 5]}, {'CONV': [256, 3]}, {'POOLMAX': [-1, 2]}), ({'CONV': [256, 3]}, {'CONV': [256, 3]}), ({'CONV': [64, 3]}, {'CONV': [256, 3]}, {'POOLMAX': [-1, 2]}), ({'CONV': [32, 5]}, {'CONV': [64, 3]}), ({'CONV': [32, 3]}, {'CONV': [256, 3]}, {'POOLMAX': [-1, 2]}), ({'CONV': [32, 3]}, {'CONV': [256, 5]}), ({'CONV': [256, 3]}, {'CONV': [256, 5]}, {'POOLMAX': [-1, 2]}), {'GLOBAL_AVG': None}, {'LAST_DENSE': [100, 'softmax']}]",HHSE,NSGA2,,,,,0.7009676186881693,,,,5705475584,6688804,,,,,,"[25, 34, 23, 18, 19, 14, 46, 11]",0.7124464791415789,-0.0011786212197575,0.375,0.5,1.0,0.0,0.11,0,0,0,100,0,0.0,BEST,False,False,239,True,True,GREEDY,,,GREEDY_HV
BVZYFT[M],21,22,18,11,0.18,True,True,"[14, 62, 54, 22, 10, 6, 7, 55]",[],"[14.184302118709226, 62.07972897245509, 54.78419664650265, 22.425604445697367, 10.286439629446793, 6.675579822124561, 7.3326198087641785, 55.255618872012995]","[{'INP': 32}, {'CONV': [64, 3]}, ({'CONV': [32, 5]}, {'CONV': [256, 3]}), ({'CONV': [256, 5]}, {'CONV': [256, 3]}, {'POOLMAX': [-1, 2]}), ({'CONV': [256, 3]}, {'CONV': [256, 3]}), ({'CONV': [64, 3]}, {'CONV': [256, 3]}, {'POOLMAX': [-1, 2]}), ({'CONV': [32, 5]}, {'CONV': [64, 3]}), ({'CONV': [32, 3]}, {'CONV': [256, 3]}, {'POOLMAX': [-1, 2]}), ({'CONV': [32, 3]}, {'CONV': [256, 5]}), ({'CONV': [256, 3]}, {'CONV': [256, 5]}, {'POOLMAX': [-1, 2]}), {'GLOBAL_AVG': None}, {'LAST_DENSE': [100, 'softmax']}]",HHSE,NSGA2,,,,,0.7009676186881693,,,,5705475584,6688804,,,,,,"[25, 34, 23, 18, 19, 14, 46, 11]",0.7123127859566666,-0.0011845070413348,0.375,0.5,1.0,0.0,0.11,0,1,0,100,0,0.01,BEST,False,False,239,True,True,GREEDY,,,GREEDY_HV
BVZYFT[M],21,22,19,11,0.19,True,True,"[14, 62, 54, 22, 10, 6, 7, 55]",[],"[14.184302118709226, 62.07972897245509, 54.78419664650265, 22.425604445697367, 10.286439629446793, 6.675579822124561, 7.3326198087641785, 55.255618872012995]","[{'INP': 32}, {'CONV': [64, 3]}, ({'CONV': [32, 5]}, {'CONV': [256, 3]}), ({'CONV': [256, 5]}, {'CONV': [256, 3]}, {'POOLMAX': [-1, 2]}), ({'CONV': [256, 3]}, {'CONV': [256, 3]}), ({'CONV': [64, 3]}, {'CONV': [256, 3]}, {'POOLMAX': [-1, 2]}), ({'CONV': [32, 5]}, {'CONV': [64, 3]}), ({'CONV': [32, 3]}, {'CONV': [256, 3]}, {'POOLMAX': [-1, 2]}), ({'CONV': [32, 3]}, {'CONV': [256, 5]}), ({'CONV': [256, 3]}, {'CONV': [256, 5]}, {'POOLMAX': [-1, 2]}), {'GLOBAL_AVG': None}, {'LAST_DENSE': [100, 'softmax']}]",HHSE,NSGA2,,,,,0.7009676186881693,,,,5705475584,6688804,,,,,,"[25, 34, 23, 18, 19, 14, 46, 11]",0.712977822815951,-0.0009501651490144,0.375,0.5,1.0,0.0,0.11,0,0,0,100,0,0.0,BEST,False,False,239,True,True,GREEDY,,,GREEDY_HV
BVZYFT[M],21,22,20,11,0.2,True,True,"[14, 62, 54, 22, 10, 6, 7, 55]",[],"[14.184302118709226, 62.07972897245509, 54.78419664650265, 22.425604445697367, 10.286439629446793, 6.675579822124561, 7.3326198087641785, 55.255618872012995]","[{'INP': 32}, {'CONV': [64, 3]}, ({'CONV': [32, 5]}, {'CONV': [256, 3]}), ({'CONV': [256, 5]}, {'CONV': [256, 3]}, {'POOLMAX': [-1, 2]}), ({'CONV': [256, 3]}, {'CONV': [256, 3]}), ({'CONV': [64, 3]}, {'CONV': [256, 3]}, {'POOLMAX': [-1, 2]}), ({'CONV': [32, 5]}, {'CONV': [64, 3]}), ({'CONV': [32, 3]}, {'CONV': [256, 3]}, {'POOLMAX': [-1, 2]}), ({'CONV': [32, 3]}, {'CONV': [256, 5]}), ({'CONV': [256, 3]}, {'CONV': [256, 5]}, {'POOLMAX': [-1, 2]}), {'GLOBAL_AVG': None}, {'LAST_DENSE': [100, 'softmax']}]",HHSE,NSGA2,,,,,0.7009676186881693,,,,5705475584,6688804,,,,,,"[25, 34, 23, 18, 19, 14, 46, 11]",0.7130329816366675,-0.0015612941155048,0.375,0.5,1.0,0.0,0.11,0,0,0,100,0,0.0,BEST,False,False,239,True,True,GREEDY,,,GREEDY_HV
BVZYFT[M],21,22,21,11,0.21,True,True,"[14, 62, 54, 22, 10, 6, 7, 55]",[],"[14.184302118709226, 62.07972897245509, 54.78419664650265, 22.425604445697367, 10.286439629446793, 6.675579822124561, 7.3326198087641785, 55.255618872012995]","[{'INP': 32}, {'CONV': [64, 3]}, ({'CONV': [32, 5]}, {'CONV': [256, 3]}), ({'CONV': [256, 5]}, {'CONV': [256, 3]}, {'POOLMAX': [-1, 2]}), ({'CONV': [256, 3]}, {'CONV': [256, 3]}), ({'CONV': [64, 3]}, {'CONV': [256, 3]}, {'POOLMAX': [-1, 2]}), ({'CONV': [32, 5]}, {'CONV': [64, 3]}), ({'CONV': [32, 3]}, {'CONV': [256, 3]}, {'POOLMAX': [-1, 2]}), ({'CONV': [32, 3]}, {'CONV': [256, 5]}), ({'CONV': [256, 3]}, {'CONV': [256, 5]}, {'POOLMAX': [-1, 2]}), {'GLOBAL_AVG': None}, {'LAST_DENSE': [100, 'softmax']}]",HHSE,NSGA2,,,,,0.7009676186881693,,,,5705475584,6688804,,,,,,"[25, 34, 23, 18, 19, 14, 46, 11]",0.7146102496993054,-0.0003813471268492,0.375,0.5,1.0,0.0,0.11,0,1,0,100,0,0.01,BEST,False,False,239,True,True,GREEDY,,,GREEDY_HV
BVZYFT[M],21,22,22,11,0.22,True,True,"[14, 62, 54, 22, 10, 6, 7, 55]",[],"[14.184302118709226, 62.07972897245509, 54.78419664650265, 22.425604445697367, 10.286439629446793, 6.675579822124561, 7.3326198087641785, 55.255618872012995]","[{'INP': 32}, {'CONV': [64, 3]}, ({'CONV': [32, 5]}, {'CONV': [256, 3]}), ({'CONV': [256, 5]}, {'CONV': [256, 3]}, {'POOLMAX': [-1, 2]}), ({'CONV': [256, 3]}, {'CONV': [256, 3]}), ({'CONV': [64, 3]}, {'CONV': [256, 3]}, {'POOLMAX': [-1, 2]}), ({'CONV': [32, 5]}, {'CONV': [64, 3]}), ({'CONV': [32, 3]}, {'CONV': [256, 3]}, {'POOLMAX': [-1, 2]}), ({'CONV': [32, 3]}, {'CONV': [256, 5]}), ({'CONV': [256, 3]}, {'CONV': [256, 5]}, {'POOLMAX': [-1, 2]}), {'GLOBAL_AVG': None}, {'LAST_DENSE': [100, 'softmax']}]",HHSE,NSGA2,,,,,0.7009676186881693,,,,5705475584,6688804,,,,,,"[25, 34, 23, 18, 19, 14, 46, 11]",0.7145324377994684,-0.0001140129738496,0.375,0.5,1.0,0.0,0.11,0,1,0,100,0,0.01,BEST,False,False,239,True,True,GREEDY,,,GREEDY_HV
BVZYFT[M],21,22,23,11,0.23,True,True,"[14, 62, 54, 22, 10, 6, 7, 55]",[],"[14.184302118709226, 62.07972897245509, 54.78419664650265, 22.425604445697367, 10.286439629446793, 6.675579822124561, 7.3326198087641785, 55.255618872012995]","[{'INP': 32}, {'CONV': [64, 3]}, ({'CONV': [32, 5]}, {'CONV': [256, 3]}), ({'CONV': [256, 5]}, {'CONV': [256, 3]}, {'POOLMAX': [-1, 2]}), ({'CONV': [256, 3]}, {'CONV': [256, 3]}), ({'CONV': [64, 3]}, {'CONV': [256, 3]}, {'POOLMAX': [-1, 2]}), ({'CONV': [32, 5]}, {'CONV': [64, 3]}), ({'CONV': [32, 3]}, {'CONV': [256, 3]}, {'POOLMAX': [-1, 2]}), ({'CONV': [32, 3]}, {'CONV': [256, 5]}), ({'CONV': [256, 3]}, {'CONV': [256, 5]}, {'POOLMAX': [-1, 2]}), {'GLOBAL_AVG': None}, {'LAST_DENSE': [100, 'softmax']}]",HHSE,NSGA2,,,,,0.7009676186881693,,,,5705475584,6688804,,,,,,"[25, 34, 23, 18, 19, 14, 46, 11]",0.7144791637781849,-0.00058082262358,0.375,0.5,1.0,0.0,0.11,0,0,0,100,0,0.0,BEST,False,False,239,True,True,GREEDY,,,GREEDY_HV
BVZYFT[M],21,22,24,11,0.24,True,True,"[14, 62, 54, 22, 10, 6, 7, 55]",[],"[14.184302118709226, 62.07972897245509, 54.78419664650265, 22.425604445697367, 10.286439629446793, 6.675579822124561, 7.3326198087641785, 55.255618872012995]","[{'INP': 32}, {'CONV': [64, 3]}, ({'CONV': [32, 5]}, {'CONV': [256, 3]}), ({'CONV': [256, 5]}, {'CONV': [256, 3]}, {'POOLMAX': [-1, 2]}), ({'CONV': [256, 3]}, {'CONV': [256, 3]}), ({'CONV': [64, 3]}, {'CONV': [256, 3]}, {'POOLMAX': [-1, 2]}), ({'CONV': [32, 5]}, {'CONV': [64, 3]}), ({'CONV': [32, 3]}, {'CONV': [256, 3]}, {'POOLMAX': [-1, 2]}), ({'CONV': [32, 3]}, {'CONV': [256, 5]}), ({'CONV': [256, 3]}, {'CONV': [256, 5]}, {'POOLMAX': [-1, 2]}), {'GLOBAL_AVG': None}, {'LAST_DENSE': [100, 'softmax']}]",HHSE,NSGA2,,,,,0.7009676186881693,,,,5705475584,6688804,,,,,,"[25, 34, 23, 18, 19, 14, 46, 11]",0.7145255881369227,-0.0004534367099831,0.375,0.5,1.0,0.0,0.11,0,0,0,100,0,0.0,BEST,False,False,239,True,True,GREEDY,,,GREEDY_HV
BVZYFT[M],21,22,25,11,0.25,True,True,"[14, 62, 54, 22, 10, 6, 7, 55]",[],"[14.184302118709226, 62.07972897245509, 54.78419664650265, 22.425604445697367, 10.286439629446793, 6.675579822124561, 7.3326198087641785, 55.255618872012995]","[{'INP': 32}, {'CONV': [64, 3]}, ({'CONV': [32, 5]}, {'CONV': [256, 3]}), ({'CONV': [256, 5]}, {'CONV': [256, 3]}, {'POOLMAX': [-1, 2]}), ({'CONV': [256, 3]}, {'CONV': [256, 3]}), ({'CONV': [64, 3]}, {'CONV': [256, 3]}, {'POOLMAX': [-1, 2]}), ({'CONV': [32, 5]}, {'CONV': [64, 3]}), ({'CONV': [32, 3]}, {'CONV': [256, 3]}, {'POOLMAX': [-1, 2]}), ({'CONV': [32, 3]}, {'CONV': [256, 5]}), ({'CONV': [256, 3]}, {'CONV': [256, 5]}, {'POOLMAX': [-1, 2]}), {'GLOBAL_AVG': None}, {'LAST_DENSE': [100, 'softmax']}]",HHSE,NSGA2,,,,,0.7009676186881693,,,,5705475584,6688804,,,,,,"[25, 34, 23, 18, 19, 14, 46, 11]",0.7145086441208268,-0.0003733879151622,0.375,0.5,1.0,0.0,0.11,0,0,0,100,0,0.0,BEST,False,False,239,True,True,GREEDY,,,GREEDY_HV
BVZYFT[M],21,22,26,11,0.26,True,True,"[14, 62, 54, 22, 10, 6, 7, 55]",[],"[14.184302118709226, 62.07972897245509, 54.78419664650265, 22.425604445697367, 10.286439629446793, 6.675579822124561, 7.3326198087641785, 55.255618872012995]","[{'INP': 32}, {'CONV': [64, 3]}, ({'CONV': [32, 5]}, {'CONV': [256, 3]}), ({'CONV': [256, 5]}, {'CONV': [256, 3]}, {'POOLMAX': [-1, 2]}), ({'CONV': [256, 3]}, {'CONV': [256, 3]}), ({'CONV': [64, 3]}, {'CONV': [256, 3]}, {'POOLMAX': [-1, 2]}), ({'CONV': [32, 5]}, {'CONV': [64, 3]}), ({'CONV': [32, 3]}, {'CONV': [256, 3]}, {'POOLMAX': [-1, 2]}), ({'CONV': [32, 3]}, {'CONV': [256, 5]}), ({'CONV': [256, 3]}, {'CONV': [256, 5]}, {'POOLMAX': [-1, 2]}), {'GLOBAL_AVG': None}, {'LAST_DENSE': [100, 'softmax']}]",HHSE,NSGA2,,,,,0.7009676186881693,,,,5705475584,6688804,,,,,,"[25, 34, 23, 18, 19, 14, 46, 11]",0.7146776793340612,-0.0001703932936368,0.375,0.5,1.0,0.0,0.11,0,0,0,100,0,0.0,BEST,False,False,239,True,True,GREEDY,,,GREEDY_HV
BVZYFT[M],21,22,27,11,0.27,True,True,"[14, 62, 54, 22, 10, 6, 7, 55]",[],"[14.184302118709226, 62.07972897245509, 54.78419664650265, 22.425604445697367, 10.286439629446793, 6.675579822124561, 7.3326198087641785, 55.255618872012995]","[{'INP': 32}, {'CONV': [64, 3]}, ({'CONV': [32, 5]}, {'CONV': [256, 3]}), ({'CONV': [256, 5]}, {'CONV': [256, 3]}, {'POOLMAX': [-1, 2]}), ({'CONV': [256, 3]}, {'CONV': [256, 3]}), ({'CONV': [64, 3]}, {'CONV': [256, 3]}, {'POOLMAX': [-1, 2]}), ({'CONV': [32, 5]}, {'CONV': [64, 3]}), ({'CONV': [32, 3]}, {'CONV': [256, 3]}, {'POOLMAX': [-1, 2]}), ({'CONV': [32, 3]}, {'CONV': [256, 5]}), ({'CONV': [256, 3]}, {'CONV': [256, 5]}, {'POOLMAX': [-1, 2]}), {'GLOBAL_AVG': None}, {'LAST_DENSE': [100, 'softmax']}]",HHSE,NSGA2,,,,,0.7009676186881693,,,,5705475584,6688804,,,,,,"[25, 34, 23, 18, 19, 14, 46, 11]",0.7146585733414372,-6.497321556198088e-05,0.375,0.5,1.0,0.0,0.11,0,0,0,100,0,0.0,BEST,False,False,239,True,True,GREEDY,,,GREEDY_HV
BVZYFT[M],21,22,28,11,0.28,True,True,"[14, 62, 54, 22, 10, 6, 7, 55]",[],"[14.184302118709226, 62.07972897245509, 54.78419664650265, 22.425604445697367, 10.286439629446793, 6.675579822124561, 7.3326198087641785, 55.255618872012995]","[{'INP': 32}, {'CONV': [64, 3]}, ({'CONV': [32, 5]}, {'CONV': [256, 3]}), ({'CONV': [256, 5]}, {'CONV': [256, 3]}, {'POOLMAX': [-1, 2]}), ({'CONV': [256, 3]}, {'CONV': [256, 3]}), ({'CONV': [64, 3]}, {'CONV': [256, 3]}, {'POOLMAX': [-1, 2]}), ({'CONV': [32, 5]}, {'CONV': [64, 3]}), ({'CONV': [32, 3]}, {'CONV': [256, 3]}, {'POOLMAX': [-1, 2]}), ({'CONV': [32, 3]}, {'CONV': [256, 5]}), ({'CONV': [256, 3]}, {'CONV': [256, 5]}, {'POOLMAX': [-1, 2]}), {'GLOBAL_AVG': None}, {'LAST_DENSE': [100, 'softmax']}]",HHSE,NSGA2,,,,,0.7009676186881693,,,,5705475584,6688804,,,,,,"[25, 34, 23, 18, 19, 14, 46, 11]",0.7147537924008357,-0.0003380682259069,0.375,0.5,1.0,0.0,0.11,0,0,0,100,0,0.0,BEST,False,False,239,True,True,GREEDY,,,GREEDY_HV
BVZYFT[M],21,22,29,11,0.29,True,True,"[14, 62, 54, 22, 10, 6, 7, 55]",[],"[14.184302118709226, 62.07972897245509, 54.78419664650265, 22.425604445697367, 10.286439629446793, 6.675579822124561, 7.3326198087641785, 55.255618872012995]","[{'INP': 32}, {'CONV': [64, 3]}, ({'CONV': [32, 5]}, {'CONV': [256, 3]}), ({'CONV': [256, 5]}, {'CONV': [256, 3]}, {'POOLMAX': [-1, 2]}), ({'CONV': [256, 3]}, {'CONV': [256, 3]}), ({'CONV': [64, 3]}, {'CONV': [256, 3]}, {'POOLMAX': [-1, 2]}), ({'CONV': [32, 5]}, {'CONV': [64, 3]}), ({'CONV': [32, 3]}, {'CONV': [256, 3]}, {'POOLMAX': [-1, 2]}), ({'CONV': [32, 3]}, {'CONV': [256, 5]}), ({'CONV': [256, 3]}, {'CONV': [256, 5]}, {'POOLMAX': [-1, 2]}), {'GLOBAL_AVG': None}, {'LAST_DENSE': [100, 'softmax']}]",HHSE,NSGA2,,,,,0.7009676186881693,,,,5705475584,6688804,,,,,,"[25, 34, 23, 18, 19, 14, 46, 11]",0.7148267259614132,-0.0016321871362153,0.375,0.5,1.0,0.0,0.11,0,0,0,100,0,0.0,BEST,False,False,239,True,True,GREEDY,,,GREEDY_HV
BVZYFT[M],21,22,30,11,0.3,True,True,"[14, 62, 54, 22, 10, 6, 7, 55]",[],"[14.184302118709226, 62.07972897245509, 54.78419664650265, 22.425604445697367, 10.286439629446793, 6.675579822124561, 7.3326198087641785, 55.255618872012995]","[{'INP': 32}, {'CONV': [64, 3]}, ({'CONV': [32, 5]}, {'CONV': [256, 3]}), ({'CONV': [256, 5]}, {'CONV': [256, 3]}, {'POOLMAX': [-1, 2]}), ({'CONV': [256, 3]}, {'CONV': [256, 3]}), ({'CONV': [64, 3]}, {'CONV': [256, 3]}, {'POOLMAX': [-1, 2]}), ({'CONV': [32, 5]}, {'CONV': [64, 3]}), ({'CONV': [32, 3]}, {'CONV': [256, 3]}, {'POOLMAX': [-1, 2]}), ({'CONV': [32, 3]}, {'CONV': [256, 5]}), ({'CONV': [256, 3]}, {'CONV': [256, 5]}, {'POOLMAX': [-1, 2]}), {'GLOBAL_AVG': None}, {'LAST_DENSE': [100, 'softmax']}]",HHSE,NSGA2,,,,,0.7009676186881693,,,,5705475584,6688804,,,,,,"[25, 34, 23, 18, 19, 14, 46, 11]",0.7150328545495386,-0.0002127653063652,0.375,0.5,1.0,0.0,0.11,0,1,0,100,0,0.01,BEST,False,False,239,True,True,GREEDY,,,GREEDY_HV
BVZYFT[M],21,22,31,11,0.31,True,True,"[14, 62, 54, 22, 10, 6, 7, 55]",[],"[14.184302118709226, 62.07972897245509, 54.78419664650265, 22.425604445697367, 10.286439629446793, 6.675579822124561, 7.3326198087641785, 55.255618872012995]","[{'INP': 32}, {'CONV': [64, 3]}, ({'CONV': [32, 5]}, {'CONV': [256, 3]}), ({'CONV': [256, 5]}, {'CONV': [256, 3]}, {'POOLMAX': [-1, 2]}), ({'CONV': [256, 3]}, {'CONV': [256, 3]}), ({'CONV': [64, 3]}, {'CONV': [256, 3]}, {'POOLMAX': [-1, 2]}), ({'CONV': [32, 5]}, {'CONV': [64, 3]}), ({'CONV': [32, 3]}, {'CONV': [256, 3]}, {'POOLMAX': [-1, 2]}), ({'CONV': [32, 3]}, {'CONV': [256, 5]}), ({'CONV': [256, 3]}, {'CONV': [256, 5]}, {'POOLMAX': [-1, 2]}), {'GLOBAL_AVG': None}, {'LAST_DENSE': [100, 'softmax']}]",HHSE,NSGA2,,,,,0.7009676186881693,,,,5705475584,6688804,,,,,,"[25, 34, 23, 18, 19, 14, 46, 11]",0.7149497598229901,-0.0015343970881693,0.375,0.5,1.0,0.0,0.11,0,0,0,100,0,0.0,BEST,False,False,239,True,True,GREEDY,,,GREEDY_HV
BVZYFT[M],21,22,32,11,0.32,True,True,"[14, 62, 54, 22, 10, 6, 7, 55]",[],"[14.184302118709226, 62.07972897245509, 54.78419664650265, 22.425604445697367, 10.286439629446793, 6.675579822124561, 7.3326198087641785, 55.255618872012995]","[{'INP': 32}, {'CONV': [64, 3]}, ({'CONV': [32, 5]}, {'CONV': [256, 3]}), ({'CONV': [256, 5]}, {'CONV': [256, 3]}, {'POOLMAX': [-1, 2]}), ({'CONV': [256, 3]}, {'CONV': [256, 3]}), ({'CONV': [64, 3]}, {'CONV': [256, 3]}, {'POOLMAX': [-1, 2]}), ({'CONV': [32, 5]}, {'CONV': [64, 3]}), ({'CONV': [32, 3]}, {'CONV': [256, 3]}, {'POOLMAX': [-1, 2]}), ({'CONV': [32, 3]}, {'CONV': [256, 5]}), ({'CONV': [256, 3]}, {'CONV': [256, 5]}, {'POOLMAX': [-1, 2]}), {'GLOBAL_AVG': None}, {'LAST_DENSE': [100, 'softmax']}]",HHSE,NSGA2,,,,,0.7009676186881693,,,,5705475584,6688804,,,,,,"[25, 34, 23, 18, 19, 14, 46, 11]",0.715076282878277,-0.0006933041743186,0.375,0.5,1.0,0.0,0.11,0,1,0,100,0,0.01,BEST,False,False,239,True,True,GREEDY,,,GREEDY_HV
BVZYFT[M],21,22,33,11,0.33,True,True,"[14, 62, 54, 22, 10, 6, 7, 55]",[],"[14.184302118709226, 62.07972897245509, 54.78419664650265, 22.425604445697367, 10.286439629446793, 6.675579822124561, 7.3326198087641785, 55.255618872012995]","[{'INP': 32}, {'CONV': [64, 3]}, ({'CONV': [32, 5]}, {'CONV': [256, 3]}), ({'CONV': [256, 5]}, {'CONV': [256, 3]}, {'POOLMAX': [-1, 2]}), ({'CONV': [256, 3]}, {'CONV': [256, 3]}), ({'CONV': [64, 3]}, {'CONV': [256, 3]}, {'POOLMAX': [-1, 2]}), ({'CONV': [32, 5]}, {'CONV': [64, 3]}), ({'CONV': [32, 3]}, {'CONV': [256, 3]}, {'POOLMAX': [-1, 2]}), ({'CONV': [32, 3]}, {'CONV': [256, 5]}), ({'CONV': [256, 3]}, {'CONV': [256, 5]}, {'POOLMAX': [-1, 2]}), {'GLOBAL_AVG': None}, {'LAST_DENSE': [100, 'softmax']}]",HHSE,NSGA2,,,,,0.7009676186881693,,,,5705475584,6688804,,,,,,"[25, 34, 23, 18, 19, 14, 46, 11]",0.7158900032279807,-4.269939981793591e-05,0.375,0.5,1.0,0.0,0.11,0,0,0,100,0,0.0,BEST,False,False,239,True,True,GREEDY,,,GREEDY_HV
BVZYFT[M],21,22,34,11,0.34,True,True,"[14, 62, 54, 22, 10, 6, 7, 55]",[],"[14.184302118709226, 62.07972897245509, 54.78419664650265, 22.425604445697367, 10.286439629446793, 6.675579822124561, 7.3326198087641785, 55.255618872012995]","[{'INP': 32}, {'CONV': [64, 3]}, ({'CONV': [32, 5]}, {'CONV': [256, 3]}), ({'CONV': [256, 5]}, {'CONV': [256, 3]}, {'POOLMAX': [-1, 2]}), ({'CONV': [256, 3]}, {'CONV': [256, 3]}), ({'CONV': [64, 3]}, {'CONV': [256, 3]}, {'POOLMAX': [-1, 2]}), ({'CONV': [32, 5]}, {'CONV': [64, 3]}), ({'CONV': [32, 3]}, {'CONV': [256, 3]}, {'POOLMAX': [-1, 2]}), ({'CONV': [32, 3]}, {'CONV': [256, 5]}), ({'CONV': [256, 3]}, {'CONV': [256, 5]}, {'POOLMAX': [-1, 2]}), {'GLOBAL_AVG': None}, {'LAST_DENSE': [100, 'softmax']}]",HHSE,NSGA2,,,,,0.7009676186881693,,,,5705475584,6688804,,,,,,"[25, 34, 23, 18, 19, 14, 46, 11]",0.7158923095629544,-0.0004198840356057,0.375,0.5,1.0,0.0,0.11,0,0,0,100,0,0.0,BEST,False,False,239,True,True,GREEDY,,,GREEDY_HV
BVZYFT[M],21,22,35,11,0.35,True,True,"[14, 62, 54, 22, 10, 6, 7, 55]",[],"[14.184302118709226, 62.07972897245509, 54.78419664650265, 22.425604445697367, 10.286439629446793, 6.675579822124561, 7.3326198087641785, 55.255618872012995]","[{'INP': 32}, {'CONV': [64, 3]}, ({'CONV': [32, 5]}, {'CONV': [256, 3]}), ({'CONV': [256, 5]}, {'CONV': [256, 3]}, {'POOLMAX': [-1, 2]}), ({'CONV': [256, 3]}, {'CONV': [256, 3]}), ({'CONV': [64, 3]}, {'CONV': [256, 3]}, {'POOLMAX': [-1, 2]}), ({'CONV': [32, 5]}, {'CONV': [64, 3]}), ({'CONV': [32, 3]}, {'CONV': [256, 3]}, {'POOLMAX': [-1, 2]}), ({'CONV': [32, 3]}, {'CONV': [256, 5]}), ({'CONV': [256, 3]}, {'CONV': [256, 5]}, {'POOLMAX': [-1, 2]}), {'GLOBAL_AVG': None}, {'LAST_DENSE': [100, 'softmax']}]",HHSE,NSGA2,,,,,0.7009676186881693,,,,5705475584,6688804,,,,,,"[25, 34, 23, 18, 19, 14, 46, 11]",0.7160085120139952,-6.587348906272883e-05,0.375,0.5,1.0,0.0,0.11,0,0,0,100,0,0.0,BEST,False,False,239,True,True,GREEDY,,,GREEDY_HV
BVZYFT[M],21,22,36,11,0.36,True,True,"[14, 62, 54, 22, 10, 6, 7, 55]",[],"[14.184302118709226, 62.07972897245509, 54.78419664650265, 22.425604445697367, 10.286439629446793, 6.675579822124561, 7.3326198087641785, 55.255618872012995]","[{'INP': 32}, {'CONV': [64, 3]}, ({'CONV': [32, 5]}, {'CONV': [256, 3]}), ({'CONV': [256, 5]}, {'CONV': [256, 3]}, {'POOLMAX': [-1, 2]}), ({'CONV': [256, 3]}, {'CONV': [256, 3]}), ({'CONV': [64, 3]}, {'CONV': [256, 3]}, {'POOLMAX': [-1, 2]}), ({'CONV': [32, 5]}, {'CONV': [64, 3]}), ({'CONV': [32, 3]}, {'CONV': [256, 3]}, {'POOLMAX': [-1, 2]}), ({'CONV': [32, 3]}, {'CONV': [256, 5]}), ({'CONV': [256, 3]}, {'CONV': [256, 5]}, {'POOLMAX': [-1, 2]}), {'GLOBAL_AVG': None}, {'LAST_DENSE': [100, 'softmax']}]",HHSE,NSGA2,,,,,0.7009676186881693,,,,5705475584,6688804,,,,,,"[25, 34, 23, 18, 19, 14, 46, 11]",0.7160033061614435,-0.0004681634885976,0.375,0.5,1.0,0.0,0.11,0,0,0,100,0,0.0,BEST,False,False,239,True,True,GREEDY,,,GREEDY_HV
BVZYFT[M],21,22,37,11,0.37,True,True,"[14, 62, 54, 22, 10, 6, 7, 55]",[],"[14.184302118709226, 62.07972897245509, 54.78419664650265, 22.425604445697367, 10.286439629446793, 6.675579822124561, 7.3326198087641785, 55.255618872012995]","[{'INP': 32}, {'CONV': [64, 3]}, ({'CONV': [32, 5]}, {'CONV': [256, 3]}), ({'CONV': [256, 5]}, {'CONV': [256, 3]}, {'POOLMAX': [-1, 2]}), ({'CONV': [256, 3]}, {'CONV': [256, 3]}), ({'CONV': [64, 3]}, {'CONV': [256, 3]}, {'POOLMAX': [-1, 2]}), ({'CONV': [32, 5]}, {'CONV': [64, 3]}), ({'CONV': [32, 3]}, {'CONV': [256, 3]}, {'POOLMAX': [-1, 2]}), ({'CONV': [32, 3]}, {'CONV': [256, 5]}), ({'CONV': [256, 3]}, {'CONV': [256, 5]}, {'POOLMAX': [-1, 2]}), {'GLOBAL_AVG': None}, {'LAST_DENSE': [100, 'softmax']}]",HHSE,NSGA2,,,,,0.7009676186881693,,,,5705475584,6688804,,,,,,"[25, 34, 23, 18, 19, 14, 46, 11]",0.7160700244930476,-0.0009715388513661,0.375,0.5,1.0,0.0,0.11,0,1,0,100,0,0.01,BEST,False,False,239,True,True,GREEDY,,,GREEDY_HV
BVZYFT[M],21,22,38,11,0.38,True,True,"[14, 62, 54, 22, 10, 6, 7, 55]",[],"[14.184302118709226, 62.07972897245509, 54.78419664650265, 22.425604445697367, 10.286439629446793, 6.675579822124561, 7.3326198087641785, 55.255618872012995]","[{'INP': 32}, {'CONV': [64, 3]}, ({'CONV': [32, 5]}, {'CONV': [256, 3]}), ({'CONV': [256, 5]}, {'CONV': [256, 3]}, {'POOLMAX': [-1, 2]}), ({'CONV': [256, 3]}, {'CONV': [256, 3]}), ({'CONV': [64, 3]}, {'CONV': [256, 3]}, {'POOLMAX': [-1, 2]}), ({'CONV': [32, 5]}, {'CONV': [64, 3]}), ({'CONV': [32, 3]}, {'CONV': [256, 3]}, {'POOLMAX': [-1, 2]}), ({'CONV': [32, 3]}, {'CONV': [256, 5]}), ({'CONV': [256, 3]}, {'CONV': [256, 5]}, {'POOLMAX': [-1, 2]}), {'GLOBAL_AVG': None}, {'LAST_DENSE': [100, 'softmax']}]",HHSE,NSGA2,,,,,0.7009676186881693,,,,5705475584,6688804,,,,,,"[25, 34, 23, 18, 19, 14, 46, 11]",0.7164456780727742,-0.0013255540944789,0.375,0.5,1.0,0.0,0.11,0,0,0,100,0,0.0,BEST,False,False,239,True,True,GREEDY,,,GREEDY_HV
BVZYFT[M],21,22,39,11,0.39,True,True,"[14, 62, 54, 22, 10, 6, 7, 55]",[],"[14.184302118709226, 62.07972897245509, 54.78419664650265, 22.425604445697367, 10.286439629446793, 6.675579822124561, 7.3326198087641785, 55.255618872012995]","[{'INP': 32}, {'CONV': [64, 3]}, ({'CONV': [32, 5]}, {'CONV': [256, 3]}), ({'CONV': [256, 5]}, {'CONV': [256, 3]}, {'POOLMAX': [-1, 2]}), ({'CONV': [256, 3]}, {'CONV': [256, 3]}), ({'CONV': [64, 3]}, {'CONV': [256, 3]}, {'POOLMAX': [-1, 2]}), ({'CONV': [32, 5]}, {'CONV': [64, 3]}), ({'CONV': [32, 3]}, {'CONV': [256, 3]}, {'POOLMAX': [-1, 2]}), ({'CONV': [32, 3]}, {'CONV': [256, 5]}), ({'CONV': [256, 3]}, {'CONV': [256, 5]}, {'POOLMAX': [-1, 2]}), {'GLOBAL_AVG': None}, {'LAST_DENSE': [100, 'softmax']}]",HHSE,NSGA2,,,,,0.7009676186881693,,,,5705475584,6688804,,,,,,"[25, 34, 23, 18, 19, 14, 46, 11]",0.716082325056276,-0.0008547181605136,0.375,0.5,1.0,0.0,0.11,0,0,0,100,0,0.0,BEST,False,False,239,True,True,GREEDY,,,GREEDY_HV
BVZYFT[M],21,22,40,11,0.4,True,True,"[14, 62, 54, 22, 10, 6, 7, 55]",[],"[14.184302118709226, 62.07972897245509, 54.78419664650265, 22.425604445697367, 10.286439629446793, 6.675579822124561, 7.3326198087641785, 55.255618872012995]","[{'INP': 32}, {'CONV': [64, 3]}, ({'CONV': [32, 5]}, {'CONV': [256, 3]}), ({'CONV': [256, 5]}, {'CONV': [256, 3]}, {'POOLMAX': [-1, 2]}), ({'CONV': [256, 3]}, {'CONV': [256, 3]}), ({'CONV': [64, 3]}, {'CONV': [256, 3]}, {'POOLMAX': [-1, 2]}), ({'CONV': [32, 5]}, {'CONV': [64, 3]}), ({'CONV': [32, 3]}, {'CONV': [256, 3]}, {'POOLMAX': [-1, 2]}), ({'CONV': [32, 3]}, {'CONV': [256, 5]}), ({'CONV': [256, 3]}, {'CONV': [256, 5]}, {'POOLMAX': [-1, 2]}), {'GLOBAL_AVG': None}, {'LAST_DENSE': [100, 'softmax']}]",HHSE,NSGA2,,,,,0.7009676186881693,,,,5705475584,6688804,,,,,,"[25, 34, 23, 18, 19, 14, 46, 11]",0.716082325056276,-0.002584964170236,0.375,0.5,1.0,0.0,0.11,0,0,0,100,0,0.0,BEST,False,False,239,True,True,GREEDY,,,GREEDY_HV
BVZYFT[M],21,22,41,11,0.41,True,True,"[14, 62, 54, 22, 10, 6, 7, 55]",[],"[14.184302118709226, 62.07972897245509, 54.78419664650265, 22.425604445697367, 10.286439629446793, 6.675579822124561, 7.3326198087641785, 55.255618872012995]","[{'INP': 32}, {'CONV': [64, 3]}, ({'CONV': [32, 5]}, {'CONV': [256, 3]}), ({'CONV': [256, 5]}, {'CONV': [256, 3]}, {'POOLMAX': [-1, 2]}), ({'CONV': [256, 3]}, {'CONV': [256, 3]}), ({'CONV': [64, 3]}, {'CONV': [256, 3]}, {'POOLMAX': [-1, 2]}), ({'CONV': [32, 5]}, {'CONV': [64, 3]}), ({'CONV': [32, 3]}, {'CONV': [256, 3]}, {'POOLMAX': [-1, 2]}), ({'CONV': [32, 3]}, {'CONV': [256, 5]}), ({'CONV': [256, 3]}, {'CONV': [256, 5]}, {'POOLMAX': [-1, 2]}), {'GLOBAL_AVG': None}, {'LAST_DENSE': [100, 'softmax']}]",HHSE,NSGA2,,,,,0.7009676186881693,,,,5705475584,6688804,,,,,,"[25, 34, 23, 18, 19, 14, 46, 11]",0.7161210023380615,-0.0005318831807857,0.375,0.5,1.0,0.0,0.11,0,0,0,100,0,0.0,BEST,False,False,239,True,True,GREEDY,,,GREEDY_HV
BVZYFT[M],21,22,42,11,0.42,True,True,"[14, 62, 54, 22, 10, 6, 7, 55]",[],"[14.184302118709226, 62.07972897245509, 54.78419664650265, 22.425604445697367, 10.286439629446793, 6.675579822124561, 7.3326198087641785, 55.255618872012995]","[{'INP': 32}, {'CONV': [64, 3]}, ({'CONV': [32, 5]}, {'CONV': [256, 3]}), ({'CONV': [256, 5]}, {'CONV': [256, 3]}, {'POOLMAX': [-1, 2]}), ({'CONV': [256, 3]}, {'CONV': [256, 3]}), ({'CONV': [64, 3]}, {'CONV': [256, 3]}, {'POOLMAX': [-1, 2]}), ({'CONV': [32, 5]}, {'CONV': [64, 3]}), ({'CONV': [32, 3]}, {'CONV': [256, 3]}, {'POOLMAX': [-1, 2]}), ({'CONV': [32, 3]}, {'CONV': [256, 5]}), ({'CONV': [256, 3]}, {'CONV': [256, 5]}, {'POOLMAX': [-1, 2]}), {'GLOBAL_AVG': None}, {'LAST_DENSE': [100, 'softmax']}]",HHSE,NSGA2,,,,,0.7009676186881693,,,,5705475584,6688804,,,,,,"[25, 34, 23, 18, 19, 14, 46, 11]",0.7161404655887551,-0.0014152179604145,0.375,0.5,1.0,0.0,0.11,0,0,0,100,0,0.0,BEST,False,False,239,True,True,GREEDY,,,GREEDY_HV
BVZYFT[M],21,22,43,11,0.43,True,True,"[14, 62, 54, 22, 10, 6, 7, 55]",[],"[14.184302118709226, 62.07972897245509, 54.78419664650265, 22.425604445697367, 10.286439629446793, 6.675579822124561, 7.3326198087641785, 55.255618872012995]","[{'INP': 32}, {'CONV': [64, 3]}, ({'CONV': [32, 5]}, {'CONV': [256, 3]}), ({'CONV': [256, 5]}, {'CONV': [256, 3]}, {'POOLMAX': [-1, 2]}), ({'CONV': [256, 3]}, {'CONV': [256, 3]}), ({'CONV': [64, 3]}, {'CONV': [256, 3]}, {'POOLMAX': [-1, 2]}), ({'CONV': [32, 5]}, {'CONV': [64, 3]}), ({'CONV': [32, 3]}, {'CONV': [256, 3]}, {'POOLMAX': [-1, 2]}), ({'CONV': [32, 3]}, {'CONV': [256, 5]}), ({'CONV': [256, 3]}, {'CONV': [256, 5]}, {'POOLMAX': [-1, 2]}), {'GLOBAL_AVG': None}, {'LAST_DENSE': [100, 'softmax']}]",HHSE,NSGA2,,,,,0.7009676186881693,,,,5705475584,6688804,,,,,,"[25, 34, 23, 18, 19, 14, 46, 11]",0.7161567768164147,-5.2473511090722624e-05,0.375,0.5,1.0,0.0,0.11,0,0,0,100,0,0.0,BEST,False,False,239,True,True,GREEDY,,,GREEDY_HV
BVZYFT[M],21,22,44,11,0.44,True,True,"[14, 62, 54, 22, 10, 6, 7, 55]",[],"[14.184302118709226, 62.07972897245509, 54.78419664650265, 22.425604445697367, 10.286439629446793, 6.675579822124561, 7.3326198087641785, 55.255618872012995]","[{'INP': 32}, {'CONV': [64, 3]}, ({'CONV': [32, 5]}, {'CONV': [256, 3]}), ({'CONV': [256, 5]}, {'CONV': [256, 3]}, {'POOLMAX': [-1, 2]}), ({'CONV': [256, 3]}, {'CONV': [256, 3]}), ({'CONV': [64, 3]}, {'CONV': [256, 3]}, {'POOLMAX': [-1, 2]}), ({'CONV': [32, 5]}, {'CONV': [64, 3]}), ({'CONV': [32, 3]}, {'CONV': [256, 3]}, {'POOLMAX': [-1, 2]}), ({'CONV': [32, 3]}, {'CONV': [256, 5]}), ({'CONV': [256, 3]}, {'CONV': [256, 5]}, {'POOLMAX': [-1, 2]}), {'GLOBAL_AVG': None}, {'LAST_DENSE': [100, 'softmax']}]",HHSE,NSGA2,,,,,0.7009676186881693,,,,5705475584,6688804,,,,,,"[25, 34, 23, 18, 19, 14, 46, 11]",0.7162468188052369,-0.0005043927591982,0.375,0.5,1.0,0.0,0.11,0,0,0,100,0,0.0,BEST,False,False,239,True,True,GREEDY,,,GREEDY_HV
BVZYFT[M],21,22,45,11,0.45,True,True,"[14, 62, 54, 22, 10, 6, 7, 55]",[],"[14.184302118709226, 62.07972897245509, 54.78419664650265, 22.425604445697367, 10.286439629446793, 6.675579822124561, 7.3326198087641785, 55.255618872012995]","[{'INP': 32}, {'CONV': [64, 3]}, ({'CONV': [32, 5]}, {'CONV': [256, 3]}), ({'CONV': [256, 5]}, {'CONV': [256, 3]}, {'POOLMAX': [-1, 2]}), ({'CONV': [256, 3]}, {'CONV': [256, 3]}), ({'CONV': [64, 3]}, {'CONV': [256, 3]}, {'POOLMAX': [-1, 2]}), ({'CONV': [32, 5]}, {'CONV': [64, 3]}), ({'CONV': [32, 3]}, {'CONV': [256, 3]}, {'POOLMAX': [-1, 2]}), ({'CONV': [32, 3]}, {'CONV': [256, 5]}), ({'CONV': [256, 3]}, {'CONV': [256, 5]}, {'POOLMAX': [-1, 2]}), {'GLOBAL_AVG': None}, {'LAST_DENSE': [100, 'softmax']}]",HHSE,NSGA2,,,,,0.7009676186881693,,,,5705475584,6688804,,,,,,"[25, 34, 23, 18, 19, 14, 46, 11]",0.7169439376959668,-0.0004864985973401,0.375,0.5,1.0,0.0,0.11,0,0,0,100,0,0.0,BEST,False,False,239,True,True,GREEDY,,,GREEDY_HV
BVZYFT[M],21,22,46,11,0.46,True,True,"[14, 62, 54, 22, 10, 6, 7, 55]",[],"[14.184302118709226, 62.07972897245509, 54.78419664650265, 22.425604445697367, 10.286439629446793, 6.675579822124561, 7.3326198087641785, 55.255618872012995]","[{'INP': 32}, {'CONV': [64, 3]}, ({'CONV': [32, 5]}, {'CONV': [256, 3]}), ({'CONV': [256, 5]}, {'CONV': [256, 3]}, {'POOLMAX': [-1, 2]}), ({'CONV': [256, 3]}, {'CONV': [256, 3]}), ({'CONV': [64, 3]}, {'CONV': [256, 3]}, {'POOLMAX': [-1, 2]}), ({'CONV': [32, 5]}, {'CONV': [64, 3]}), ({'CONV': [32, 3]}, {'CONV': [256, 3]}, {'POOLMAX': [-1, 2]}), ({'CONV': [32, 3]}, {'CONV': [256, 5]}), ({'CONV': [256, 3]}, {'CONV': [256, 5]}, {'POOLMAX': [-1, 2]}), {'GLOBAL_AVG': None}, {'LAST_DENSE': [100, 'softmax']}]",HHSE,NSGA2,,,,,0.7009676186881693,,,,5705475584,6688804,,,,,,"[25, 34, 23, 18, 19, 14, 46, 11]",0.7169453841517381,-0.0003433089657245,0.375,0.5,1.0,0.0,0.11,0,0,0,100,0,0.0,BEST,False,False,239,True,True,GREEDY,,,GREEDY_HV
BVZYFT[M],21,22,47,11,0.47,True,True,"[14, 62, 54, 22, 10, 6, 7, 55]",[],"[14.184302118709226, 62.07972897245509, 54.78419664650265, 22.425604445697367, 10.286439629446793, 6.675579822124561, 7.3326198087641785, 55.255618872012995]","[{'INP': 32}, {'CONV': [64, 3]}, ({'CONV': [32, 5]}, {'CONV': [256, 3]}), ({'CONV': [256, 5]}, {'CONV': [256, 3]}, {'POOLMAX': [-1, 2]}), ({'CONV': [256, 3]}, {'CONV': [256, 3]}), ({'CONV': [64, 3]}, {'CONV': [256, 3]}, {'POOLMAX': [-1, 2]}), ({'CONV': [32, 5]}, {'CONV': [64, 3]}), ({'CONV': [32, 3]}, {'CONV': [256, 3]}, {'POOLMAX': [-1, 2]}), ({'CONV': [32, 3]}, {'CONV': [256, 5]}), ({'CONV': [256, 3]}, {'CONV': [256, 5]}, {'POOLMAX': [-1, 2]}), {'GLOBAL_AVG': None}, {'LAST_DENSE': [100, 'softmax']}]",HHSE,NSGA2,,,,,0.7009676186881693,,,,5705475584,6688804,,,,,,"[25, 34, 23, 18, 19, 14, 46, 11]",0.7169469523474838,-0.0012170195181123,0.375,0.5,1.0,0.0,0.11,0,0,0,100,0,0.0,BEST,False,False,239,True,True,GREEDY,,,GREEDY_HV
BVZYFT[M],21,22,48,11,0.48,True,True,"[14, 62, 54, 22, 10, 6, 7, 55]",[],"[14.184302118709226, 62.07972897245509, 54.78419664650265, 22.425604445697367, 10.286439629446793, 6.675579822124561, 7.3326198087641785, 55.255618872012995]","[{'INP': 32}, {'CONV': [64, 3]}, ({'CONV': [32, 5]}, {'CONV': [256, 3]}), ({'CONV': [256, 5]}, {'CONV': [256, 3]}, {'POOLMAX': [-1, 2]}), ({'CONV': [256, 3]}, {'CONV': [256, 3]}), ({'CONV': [64, 3]}, {'CONV': [256, 3]}, {'POOLMAX': [-1, 2]}), ({'CONV': [32, 5]}, {'CONV': [64, 3]}), ({'CONV': [32, 3]}, {'CONV': [256, 3]}, {'POOLMAX': [-1, 2]}), ({'CONV': [32, 3]}, {'CONV': [256, 5]}), ({'CONV': [256, 3]}, {'CONV': [256, 5]}, {'POOLMAX': [-1, 2]}), {'GLOBAL_AVG': None}, {'LAST_DENSE': [100, 'softmax']}]",HHSE,NSGA2,,,,,0.7009676186881693,,,,5705475584,6688804,,,,,,"[25, 34, 23, 18, 19, 14, 46, 11]",0.7170583897028362,-0.000844878505082,0.375,0.5,1.0,0.0,0.11,0,1,0,100,0,0.01,BEST,False,False,239,True,True,GREEDY,,,GREEDY_HV
BVZYFT[M],21,22,49,11,0.49,True,True,"[14, 62, 54, 22, 10, 6, 7, 55]",[],"[14.184302118709226, 62.07972897245509, 54.78419664650265, 22.425604445697367, 10.286439629446793, 6.675579822124561, 7.3326198087641785, 55.255618872012995]","[{'INP': 32}, {'CONV': [64, 3]}, ({'CONV': [32, 5]}, {'CONV': [256, 3]}), ({'CONV': [256, 5]}, {'CONV': [256, 3]}, {'POOLMAX': [-1, 2]}), ({'CONV': [256, 3]}, {'CONV': [256, 3]}), ({'CONV': [64, 3]}, {'CONV': [256, 3]}, {'POOLMAX': [-1, 2]}), ({'CONV': [32, 5]}, {'CONV': [64, 3]}), ({'CONV': [32, 3]}, {'CONV': [256, 3]}, {'POOLMAX': [-1, 2]}), ({'CONV': [32, 3]}, {'CONV': [256, 5]}), ({'CONV': [256, 3]}, {'CONV': [256, 5]}, {'POOLMAX': [-1, 2]}), {'GLOBAL_AVG': None}, {'LAST_DENSE': [100, 'softmax']}]",HHSE,NSGA2,,,,,0.7009676186881693,,,,5705475584,6688804,,,,,,"[25, 34, 23, 18, 19, 14, 46, 11]",0.7169792050846605,-0.0025631243366038,0.375,0.5,1.0,0.0,0.11,0,0,0,100,0,0.0,BEST,False,False,239,True,True,GREEDY,,,GREEDY_HV
BVVAPO[M],21,22,50,50,0.5,True,True,"[0, 43, 52, 38, 62, 5, 55, 6]",[],"[0.5218222729730801, 43.975018163579286, 52.209102391856646, 38.18427883103141, 62.388973036927794, 5.7001010851971134, 55.55777997935562, 6.804943591502789]","[{'INP': 32}, {'CONV': [64, 3]}, ({'CONV': [32, 3]}, {'CONV': [32, 3]}), ({'CONV': [128, 5]}, {'CONV': [64, 5]}, {'POOLMAX': [-1, 2]}), ({'CONV': [256, 3]}, {'CONV': [128, 3]}), ({'CONV': [128, 3]}, {'CONV': [256, 3]}, {'POOLMAX': [-1, 2]}), ({'CONV': [256, 5]}, {'CONV': [256, 3]}), ({'CONV': [32, 3]}, {'CONV': [128, 5]}, {'POOLMAX': [-1, 2]}), ({'CONV': [256, 3]}, {'CONV': [256, 5]}), ({'CONV': [32, 3]}, {'CONV': [256, 3]}, {'POOLMAX': [-1, 2]}), {'GLOBAL_AVG': None}, {'LAST_DENSE': [100, 'softmax']}]",HHSE,NSGA2,,,,,0.7031157217209991,,,,1520160256,5742372,,,,,,"[0, 61, 62, 26, 62, 6, 53, 6]",0.7182736177064291,0.0001579659188638,0.25,0.625,0.625,1.0,0.5,0,0,0,100,0,0.0,BEST,False,False,220,True,True,GREEDY,,,GREEDY_HV
BYROLR[M],21,22,51,51,0.51,True,True,"[2, 31, 2, 38, 22, 30, 2, 15]",[],"[2.4280577032312367, 31.672909826739474, 2.6040049960580527, 38.17732466015385, 22.287572914716844, 30.290097290372827, 2.511514976233103, 15.94964201418563]","[{'INP': 32}, {'CONV': [64, 3]}, ({'CONV': [32, 3]}, {'CONV': [64, 3]}), ({'CONV': [64, 5]}, {'CONV': [256, 5]}, {'POOLMAX': [-1, 2]}), ({'CONV': [32, 3]}, {'CONV': [64, 3]}), ({'CONV': [128, 3]}, {'CONV': [256, 3]}, {'POOLMAX': [-1, 2]}), ({'CONV': [64, 3]}, {'CONV': [256, 3]}), ({'CONV': [64, 5]}, {'CONV': [256, 3]}, {'POOLMAX': [-1, 2]}), ({'CONV': [32, 3]}, {'CONV': [64, 3]}), ({'CONV': [32, 5]}, {'CONV': [256, 5]}, {'POOLMAX': [-1, 2]}), {'GLOBAL_AVG': None}, {'LAST_DENSE': [100, 'softmax']}]",HHSE,NSGA2,,,,,0.7034390026500335,,,,1488487424,2245156,,,,,,"[0, 24, 3, 38, 22, 34, 4, 22]",0.718655312769443,-0.0006928940975039,0.625,0.25,0.75,0.875,0.51,0,0,0,100,0,0.0,BEST,False,False,217,True,True,GREEDY,,,GREEDY_HV
BYROLR[M],21,22,52,51,0.52,True,True,"[2, 31, 2, 38, 22, 30, 2, 15]",[],"[2.4280577032312367, 31.672909826739474, 2.6040049960580527, 38.17732466015385, 22.287572914716844, 30.290097290372827, 2.511514976233103, 15.94964201418563]","[{'INP': 32}, {'CONV': [64, 3]}, ({'CONV': [32, 3]}, {'CONV': [64, 3]}), ({'CONV': [64, 5]}, {'CONV': [256, 5]}, {'POOLMAX': [-1, 2]}), ({'CONV': [32, 3]}, {'CONV': [64, 3]}), ({'CONV': [128, 3]}, {'CONV': [256, 3]}, {'POOLMAX': [-1, 2]}), ({'CONV': [64, 3]}, {'CONV': [256, 3]}), ({'CONV': [64, 5]}, {'CONV': [256, 3]}, {'POOLMAX': [-1, 2]}), ({'CONV': [32, 3]}, {'CONV': [64, 3]}), ({'CONV': [32, 5]}, {'CONV': [256, 5]}, {'POOLMAX': [-1, 2]}), {'GLOBAL_AVG': None}, {'LAST_DENSE': [100, 'softmax']}]",HHSE,NSGA2,,,,,0.7034390026500335,,,,1488487424,2245156,,,,,,"[0, 24, 3, 38, 22, 34, 4, 22]",0.7194380114576249,-9.293562219603312e-05,0.625,0.25,0.75,0.0,0.51,0,0,0,100,0,0.0,BEST,False,False,217,True,True,GREEDY,,,GREEDY_HV
BYROLR[M],21,22,53,51,0.53,True,True,"[2, 31, 2, 38, 22, 30, 2, 15]",[],"[2.4280577032312367, 31.672909826739474, 2.6040049960580527, 38.17732466015385, 22.287572914716844, 30.290097290372827, 2.511514976233103, 15.94964201418563]","[{'INP': 32}, {'CONV': [64, 3]}, ({'CONV': [32, 3]}, {'CONV': [64, 3]}), ({'CONV': [64, 5]}, {'CONV': [256, 5]}, {'POOLMAX': [-1, 2]}), ({'CONV': [32, 3]}, {'CONV': [64, 3]}), ({'CONV': [128, 3]}, {'CONV': [256, 3]}, {'POOLMAX': [-1, 2]}), ({'CONV': [64, 3]}, {'CONV': [256, 3]}), ({'CONV': [64, 5]}, {'CONV': [256, 3]}, {'POOLMAX': [-1, 2]}), ({'CONV': [32, 3]}, {'CONV': [64, 3]}), ({'CONV': [32, 5]}, {'CONV': [256, 5]}, {'POOLMAX': [-1, 2]}), {'GLOBAL_AVG': None}, {'LAST_DENSE': [100, 'softmax']}]",HHSE,NSGA2,,,,,0.7034390026500335,,,,1488487424,2245156,,,,,,"[0, 24, 3, 38, 22, 34, 4, 22]",0.7194383017867374,-0.0004162308691972,0.625,0.25,0.75,0.0,0.51,0,0,0,100,0,0.0,BEST,False,False,217,True,True,GREEDY,,,GREEDY_HV
BYROLR[M],21,22,54,51,0.54,True,True,"[2, 31, 2, 38, 22, 30, 2, 15]",[],"[2.4280577032312367, 31.672909826739474, 2.6040049960580527, 38.17732466015385, 22.287572914716844, 30.290097290372827, 2.511514976233103, 15.94964201418563]","[{'INP': 32}, {'CONV': [64, 3]}, ({'CONV': [32, 3]}, {'CONV': [64, 3]}), ({'CONV': [64, 5]}, {'CONV': [256, 5]}, {'POOLMAX': [-1, 2]}), ({'CONV': [32, 3]}, {'CONV': [64, 3]}), ({'CONV': [128, 3]}, {'CONV': [256, 3]}, {'POOLMAX': [-1, 2]}), ({'CONV': [64, 3]}, {'CONV': [256, 3]}), ({'CONV': [64, 5]}, {'CONV': [256, 3]}, {'POOLMAX': [-1, 2]}), ({'CONV': [32, 3]}, {'CONV': [64, 3]}), ({'CONV': [32, 5]}, {'CONV': [256, 5]}, {'POOLMAX': [-1, 2]}), {'GLOBAL_AVG': None}, {'LAST_DENSE': [100, 'softmax']}]",HHSE,NSGA2,,,,,0.7034390026500335,,,,1488487424,2245156,,,,,,"[0, 24, 3, 38, 22, 34, 4, 22]",0.7194474169444317,-0.0030349673425715,0.625,0.25,0.75,0.0,0.51,0,0,0,100,0,0.0,BEST,False,False,217,True,True,GREEDY,,,GREEDY_HV
BYROLR[M],21,22,55,51,0.55,True,True,"[2, 31, 2, 38, 22, 30, 2, 15]",[],"[2.4280577032312367, 31.672909826739474, 2.6040049960580527, 38.17732466015385, 22.287572914716844, 30.290097290372827, 2.511514976233103, 15.94964201418563]","[{'INP': 32}, {'CONV': [64, 3]}, ({'CONV': [32, 3]}, {'CONV': [64, 3]}), ({'CONV': [64, 5]}, {'CONV': [256, 5]}, {'POOLMAX': [-1, 2]}), ({'CONV': [32, 3]}, {'CONV': [64, 3]}), ({'CONV': [128, 3]}, {'CONV': [256, 3]}, {'POOLMAX': [-1, 2]}), ({'CONV': [64, 3]}, {'CONV': [256, 3]}), ({'CONV': [64, 5]}, {'CONV': [256, 3]}, {'POOLMAX': [-1, 2]}), ({'CONV': [32, 3]}, {'CONV': [64, 3]}), ({'CONV': [32, 5]}, {'CONV': [256, 5]}, {'POOLMAX': [-1, 2]}), {'GLOBAL_AVG': None}, {'LAST_DENSE': [100, 'softmax']}]",HHSE,NSGA2,,,,,0.7034390026500335,,,,1488487424,2245156,,,,,,"[0, 24, 3, 38, 22, 34, 4, 22]",0.7194676583819541,-0.0006148221075384,0.625,0.25,0.75,0.0,0.51,0,0,0,100,0,0.0,BEST,False,False,217,True,True,GREEDY,,,GREEDY_HV
BYROLR[M],21,22,56,51,0.56,True,True,"[2, 31, 2, 38, 22, 30, 2, 15]",[],"[2.4280577032312367, 31.672909826739474, 2.6040049960580527, 38.17732466015385, 22.287572914716844, 30.290097290372827, 2.511514976233103, 15.94964201418563]","[{'INP': 32}, {'CONV': [64, 3]}, ({'CONV': [32, 3]}, {'CONV': [64, 3]}), ({'CONV': [64, 5]}, {'CONV': [256, 5]}, {'POOLMAX': [-1, 2]}), ({'CONV': [32, 3]}, {'CONV': [64, 3]}), ({'CONV': [128, 3]}, {'CONV': [256, 3]}, {'POOLMAX': [-1, 2]}), ({'CONV': [64, 3]}, {'CONV': [256, 3]}), ({'CONV': [64, 5]}, {'CONV': [256, 3]}, {'POOLMAX': [-1, 2]}), ({'CONV': [32, 3]}, {'CONV': [64, 3]}), ({'CONV': [32, 5]}, {'CONV': [256, 5]}, {'POOLMAX': [-1, 2]}), {'GLOBAL_AVG': None}, {'LAST_DENSE': [100, 'softmax']}]",HHSE,NSGA2,,,,,0.7034390026500335,,,,1488487424,2245156,,,,,,"[0, 24, 3, 38, 22, 34, 4, 22]",0.719567333821141,-0.0003150576568147,0.625,0.25,0.75,0.0,0.51,0,0,0,100,0,0.0,BEST,False,False,217,True,True,GREEDY,,,GREEDY_HV
BYROLR[M],21,22,57,51,0.57,True,True,"[2, 31, 2, 38, 22, 30, 2, 15]",[],"[2.4280577032312367, 31.672909826739474, 2.6040049960580527, 38.17732466015385, 22.287572914716844, 30.290097290372827, 2.511514976233103, 15.94964201418563]","[{'INP': 32}, {'CONV': [64, 3]}, ({'CONV': [32, 3]}, {'CONV': [64, 3]}), ({'CONV': [64, 5]}, {'CONV': [256, 5]}, {'POOLMAX': [-1, 2]}), ({'CONV': [32, 3]}, {'CONV': [64, 3]}), ({'CONV': [128, 3]}, {'CONV': [256, 3]}, {'POOLMAX': [-1, 2]}), ({'CONV': [64, 3]}, {'CONV': [256, 3]}), ({'CONV': [64, 5]}, {'CONV': [256, 3]}, {'POOLMAX': [-1, 2]}), ({'CONV': [32, 3]}, {'CONV': [64, 3]}), ({'CONV': [32, 5]}, {'CONV': [256, 5]}, {'POOLMAX': [-1, 2]}), {'GLOBAL_AVG': None}, {'LAST_DENSE': [100, 'softmax']}]",HHSE,NSGA2,,,,,0.7034390026500335,,,,1488487424,2245156,,,,,,"[0, 24, 3, 38, 22, 34, 4, 22]",0.7195935183473049,-0.0002420018478941,0.625,0.25,0.75,0.0,0.51,0,0,0,100,0,0.0,BEST,False,False,217,True,True,GREEDY,,,GREEDY_HV
BYROLR[M],21,22,58,51,0.58,True,True,"[2, 31, 2, 38, 22, 30, 2, 15]",[],"[2.4280577032312367, 31.672909826739474, 2.6040049960580527, 38.17732466015385, 22.287572914716844, 30.290097290372827, 2.511514976233103, 15.94964201418563]","[{'INP': 32}, {'CONV': [64, 3]}, ({'CONV': [32, 3]}, {'CONV': [64, 3]}), ({'CONV': [64, 5]}, {'CONV': [256, 5]}, {'POOLMAX': [-1, 2]}), ({'CONV': [32, 3]}, {'CONV': [64, 3]}), ({'CONV': [128, 3]}, {'CONV': [256, 3]}, {'POOLMAX': [-1, 2]}), ({'CONV': [64, 3]}, {'CONV': [256, 3]}), ({'CONV': [64, 5]}, {'CONV': [256, 3]}, {'POOLMAX': [-1, 2]}), ({'CONV': [32, 3]}, {'CONV': [64, 3]}), ({'CONV': [32, 5]}, {'CONV': [256, 5]}, {'POOLMAX': [-1, 2]}), {'GLOBAL_AVG': None}, {'LAST_DENSE': [100, 'softmax']}]",HHSE,NSGA2,,,,,0.7034390026500335,,,,1488487424,2245156,,,,,,"[0, 24, 3, 38, 22, 34, 4, 22]",0.7199405087393054,-0.000673643636848,0.625,0.25,0.75,0.0,0.51,0,0,0,100,0,0.0,BEST,False,False,217,True,True,GREEDY,,,GREEDY_HV
BYROLR[M],21,22,59,51,0.59,True,True,"[2, 31, 2, 38, 22, 30, 2, 15]",[],"[2.4280577032312367, 31.672909826739474, 2.6040049960580527, 38.17732466015385, 22.287572914716844, 30.290097290372827, 2.511514976233103, 15.94964201418563]","[{'INP': 32}, {'CONV': [64, 3]}, ({'CONV': [32, 3]}, {'CONV': [64, 3]}), ({'CONV': [64, 5]}, {'CONV': [256, 5]}, {'POOLMAX': [-1, 2]}), ({'CONV': [32, 3]}, {'CONV': [64, 3]}), ({'CONV': [128, 3]}, {'CONV': [256, 3]}, {'POOLMAX': [-1, 2]}), ({'CONV': [64, 3]}, {'CONV': [256, 3]}), ({'CONV': [64, 5]}, {'CONV': [256, 3]}, {'POOLMAX': [-1, 2]}), ({'CONV': [32, 3]}, {'CONV': [64, 3]}), ({'CONV': [32, 5]}, {'CONV': [256, 5]}, {'POOLMAX': [-1, 2]}), {'GLOBAL_AVG': None}, {'LAST_DENSE': [100, 'softmax']}]",HHSE,NSGA2,,,,,0.7034390026500335,,,,1488487424,2245156,,,,,,"[0, 24, 3, 38, 22, 34, 4, 22]",0.7199740465490713,-0.0004644022006352,0.625,0.25,0.75,0.0,0.51,0,1,0,100,0,0.01,BEST,False,False,217,True,True,GREEDY,,,GREEDY_HV
BYROLR[M],21,22,60,51,0.6,True,True,"[2, 31, 2, 38, 22, 30, 2, 15]",[],"[2.4280577032312367, 31.672909826739474, 2.6040049960580527, 38.17732466015385, 22.287572914716844, 30.290097290372827, 2.511514976233103, 15.94964201418563]","[{'INP': 32}, {'CONV': [64, 3]}, ({'CONV': [32, 3]}, {'CONV': [64, 3]}), ({'CONV': [64, 5]}, {'CONV': [256, 5]}, {'POOLMAX': [-1, 2]}), ({'CONV': [32, 3]}, {'CONV': [64, 3]}), ({'CONV': [128, 3]}, {'CONV': [256, 3]}, {'POOLMAX': [-1, 2]}), ({'CONV': [64, 3]}, {'CONV': [256, 3]}), ({'CONV': [64, 5]}, {'CONV': [256, 3]}, {'POOLMAX': [-1, 2]}), ({'CONV': [32, 3]}, {'CONV': [64, 3]}), ({'CONV': [32, 5]}, {'CONV': [256, 5]}, {'POOLMAX': [-1, 2]}), {'GLOBAL_AVG': None}, {'LAST_DENSE': [100, 'softmax']}]",HHSE,NSGA2,,,,,0.7034390026500335,,,,1488487424,2245156,,,,,,"[0, 24, 3, 38, 22, 34, 4, 22]",0.7202018239659767,-0.000261927769388,0.625,0.25,0.75,0.0,0.51,0,0,0,100,0,0.0,BEST,False,False,217,True,True,GREEDY,,,GREEDY_HV
BYROLR[M],21,22,61,51,0.61,True,True,"[2, 31, 2, 38, 22, 30, 2, 15]",[],"[2.4280577032312367, 31.672909826739474, 2.6040049960580527, 38.17732466015385, 22.287572914716844, 30.290097290372827, 2.511514976233103, 15.94964201418563]","[{'INP': 32}, {'CONV': [64, 3]}, ({'CONV': [32, 3]}, {'CONV': [64, 3]}), ({'CONV': [64, 5]}, {'CONV': [256, 5]}, {'POOLMAX': [-1, 2]}), ({'CONV': [32, 3]}, {'CONV': [64, 3]}), ({'CONV': [128, 3]}, {'CONV': [256, 3]}, {'POOLMAX': [-1, 2]}), ({'CONV': [64, 3]}, {'CONV': [256, 3]}), ({'CONV': [64, 5]}, {'CONV': [256, 3]}, {'POOLMAX': [-1, 2]}), ({'CONV': [32, 3]}, {'CONV': [64, 3]}), ({'CONV': [32, 5]}, {'CONV': [256, 5]}, {'POOLMAX': [-1, 2]}), {'GLOBAL_AVG': None}, {'LAST_DENSE': [100, 'softmax']}]",HHSE,NSGA2,,,,,0.7034390026500335,,,,1488487424,2245156,,,,,,"[0, 24, 3, 38, 22, 34, 4, 22]",0.7202146921803343,-0.0002852632418037,0.625,0.25,0.75,0.0,0.51,0,0,0,100,0,0.0,BEST,False,False,217,True,True,GREEDY,,,GREEDY_HV
BYROLR[M],21,22,62,51,0.62,True,True,"[2, 31, 2, 38, 22, 30, 2, 15]",[],"[2.4280577032312367, 31.672909826739474, 2.6040049960580527, 38.17732466015385, 22.287572914716844, 30.290097290372827, 2.511514976233103, 15.94964201418563]","[{'INP': 32}, {'CONV': [64, 3]}, ({'CONV': [32, 3]}, {'CONV': [64, 3]}), ({'CONV': [64, 5]}, {'CONV': [256, 5]}, {'POOLMAX': [-1, 2]}), ({'CONV': [32, 3]}, {'CONV': [64, 3]}), ({'CONV': [128, 3]}, {'CONV': [256, 3]}, {'POOLMAX': [-1, 2]}), ({'CONV': [64, 3]}, {'CONV': [256, 3]}), ({'CONV': [64, 5]}, {'CONV': [256, 3]}, {'POOLMAX': [-1, 2]}), ({'CONV': [32, 3]}, {'CONV': [64, 3]}), ({'CONV': [32, 5]}, {'CONV': [256, 5]}, {'POOLMAX': [-1, 2]}), {'GLOBAL_AVG': None}, {'LAST_DENSE': [100, 'softmax']}]",HHSE,NSGA2,,,,,0.7034390026500335,,,,1488487424,2245156,,,,,,"[0, 24, 3, 38, 22, 34, 4, 22]",0.7202228483016786,-0.0001407501087914,0.625,0.25,0.75,0.0,0.51,0,0,0,100,0,0.0,BEST,False,False,217,True,True,GREEDY,,,GREEDY_HV
BYROLR[M],21,22,63,51,0.63,True,True,"[2, 31, 2, 38, 22, 30, 2, 15]",[],"[2.4280577032312367, 31.672909826739474, 2.6040049960580527, 38.17732466015385, 22.287572914716844, 30.290097290372827, 2.511514976233103, 15.94964201418563]","[{'INP': 32}, {'CONV': [64, 3]}, ({'CONV': [32, 3]}, {'CONV': [64, 3]}), ({'CONV': [64, 5]}, {'CONV': [256, 5]}, {'POOLMAX': [-1, 2]}), ({'CONV': [32, 3]}, {'CONV': [64, 3]}), ({'CONV': [128, 3]}, {'CONV': [256, 3]}, {'POOLMAX': [-1, 2]}), ({'CONV': [64, 3]}, {'CONV': [256, 3]}), ({'CONV': [64, 5]}, {'CONV': [256, 3]}, {'POOLMAX': [-1, 2]}), ({'CONV': [32, 3]}, {'CONV': [64, 3]}), ({'CONV': [32, 5]}, {'CONV': [256, 5]}, {'POOLMAX': [-1, 2]}), {'GLOBAL_AVG': None}, {'LAST_DENSE': [100, 'softmax']}]",HHSE,NSGA2,,,,,0.7034390026500335,,,,1488487424,2245156,,,,,,"[0, 24, 3, 38, 22, 34, 4, 22]",0.7202675113378303,-0.0001741716476555,0.625,0.25,0.75,0.0,0.51,0,1,0,100,0,0.01,BEST,False,False,217,True,True,GREEDY,,,GREEDY_HV
BYROLR[M],21,22,64,51,0.64,True,True,"[2, 31, 2, 38, 22, 30, 2, 15]",[],"[2.4280577032312367, 31.672909826739474, 2.6040049960580527, 38.17732466015385, 22.287572914716844, 30.290097290372827, 2.511514976233103, 15.94964201418563]","[{'INP': 32}, {'CONV': [64, 3]}, ({'CONV': [32, 3]}, {'CONV': [64, 3]}), ({'CONV': [64, 5]}, {'CONV': [256, 5]}, {'POOLMAX': [-1, 2]}), ({'CONV': [32, 3]}, {'CONV': [64, 3]}), ({'CONV': [128, 3]}, {'CONV': [256, 3]}, {'POOLMAX': [-1, 2]}), ({'CONV': [64, 3]}, {'CONV': [256, 3]}), ({'CONV': [64, 5]}, {'CONV': [256, 3]}, {'POOLMAX': [-1, 2]}), ({'CONV': [32, 3]}, {'CONV': [64, 3]}), ({'CONV': [32, 5]}, {'CONV': [256, 5]}, {'POOLMAX': [-1, 2]}), {'GLOBAL_AVG': None}, {'LAST_DENSE': [100, 'softmax']}]",HHSE,NSGA2,,,,,0.7034390026500335,,,,1488487424,2245156,,,,,,"[0, 24, 3, 38, 22, 34, 4, 22]",0.7203205478240965,-0.0008549854149727,0.625,0.25,0.75,0.0,0.51,0,0,0,100,0,0.0,BEST,False,False,217,True,True,GREEDY,,,GREEDY_HV
BYROLR[M],21,22,65,51,0.65,True,True,"[2, 31, 2, 38, 22, 30, 2, 15]",[],"[2.4280577032312367, 31.672909826739474, 2.6040049960580527, 38.17732466015385, 22.287572914716844, 30.290097290372827, 2.511514976233103, 15.94964201418563]","[{'INP': 32}, {'CONV': [64, 3]}, ({'CONV': [32, 3]}, {'CONV': [64, 3]}), ({'CONV': [64, 5]}, {'CONV': [256, 5]}, {'POOLMAX': [-1, 2]}), ({'CONV': [32, 3]}, {'CONV': [64, 3]}), ({'CONV': [128, 3]}, {'CONV': [256, 3]}, {'POOLMAX': [-1, 2]}), ({'CONV': [64, 3]}, {'CONV': [256, 3]}), ({'CONV': [64, 5]}, {'CONV': [256, 3]}, {'POOLMAX': [-1, 2]}), ({'CONV': [32, 3]}, {'CONV': [64, 3]}), ({'CONV': [32, 5]}, {'CONV': [256, 5]}, {'POOLMAX': [-1, 2]}), {'GLOBAL_AVG': None}, {'LAST_DENSE': [100, 'softmax']}]",HHSE,NSGA2,,,,,0.7034390026500335,,,,1488487424,2245156,,,,,,"[0, 24, 3, 38, 22, 34, 4, 22]",0.7206897719149351,0.0002898868119985,0.625,0.25,0.75,0.0,0.51,0,0,0,100,0,0.0,BEST,False,False,217,True,True,GREEDY,,,GREEDY_HV
BYROLR[M],21,22,66,51,0.66,True,True,"[2, 31, 2, 38, 22, 30, 2, 15]",[],"[2.4280577032312367, 31.672909826739474, 2.6040049960580527, 38.17732466015385, 22.287572914716844, 30.290097290372827, 2.511514976233103, 15.94964201418563]","[{'INP': 32}, {'CONV': [64, 3]}, ({'CONV': [32, 3]}, {'CONV': [64, 3]}), ({'CONV': [64, 5]}, {'CONV': [256, 5]}, {'POOLMAX': [-1, 2]}), ({'CONV': [32, 3]}, {'CONV': [64, 3]}), ({'CONV': [128, 3]}, {'CONV': [256, 3]}, {'POOLMAX': [-1, 2]}), ({'CONV': [64, 3]}, {'CONV': [256, 3]}), ({'CONV': [64, 5]}, {'CONV': [256, 3]}, {'POOLMAX': [-1, 2]}), ({'CONV': [32, 3]}, {'CONV': [64, 3]}), ({'CONV': [32, 5]}, {'CONV': [256, 5]}, {'POOLMAX': [-1, 2]}), {'GLOBAL_AVG': None}, {'LAST_DENSE': [100, 'softmax']}]",HHSE,NSGA2,,,,,0.7034390026500335,,,,1488487424,2245156,,,,,,"[0, 24, 3, 38, 22, 34, 4, 22]",0.7203219007222049,-0.0010223982069179,0.625,0.25,0.75,0.0,0.51,0,1,0,100,0,0.01,BEST,False,False,217,True,True,GREEDY,,,GREEDY_HV
BYROLR[M],21,22,67,51,0.67,True,True,"[2, 31, 2, 38, 22, 30, 2, 15]",[],"[2.4280577032312367, 31.672909826739474, 2.6040049960580527, 38.17732466015385, 22.287572914716844, 30.290097290372827, 2.511514976233103, 15.94964201418563]","[{'INP': 32}, {'CONV': [64, 3]}, ({'CONV': [32, 3]}, {'CONV': [64, 3]}), ({'CONV': [64, 5]}, {'CONV': [256, 5]}, {'POOLMAX': [-1, 2]}), ({'CONV': [32, 3]}, {'CONV': [64, 3]}), ({'CONV': [128, 3]}, {'CONV': [256, 3]}, {'POOLMAX': [-1, 2]}), ({'CONV': [64, 3]}, {'CONV': [256, 3]}), ({'CONV': [64, 5]}, {'CONV': [256, 3]}, {'POOLMAX': [-1, 2]}), ({'CONV': [32, 3]}, {'CONV': [64, 3]}), ({'CONV': [32, 5]}, {'CONV': [256, 5]}, {'POOLMAX': [-1, 2]}), {'GLOBAL_AVG': None}, {'LAST_DENSE': [100, 'softmax']}]",HHSE,NSGA2,,,,,0.7034390026500335,,,,1488487424,2245156,,,,,,"[0, 24, 3, 38, 22, 34, 4, 22]",0.7203220917921241,-0.0001166281994872,0.625,0.25,0.75,0.0,0.51,0,0,0,100,0,0.0,BEST,False,False,217,True,True,GREEDY,,,GREEDY_HV
BYROLR[M],21,22,68,51,0.68,True,True,"[2, 31, 2, 38, 22, 30, 2, 15]",[],"[2.4280577032312367, 31.672909826739474, 2.6040049960580527, 38.17732466015385, 22.287572914716844, 30.290097290372827, 2.511514976233103, 15.94964201418563]","[{'INP': 32}, {'CONV': [64, 3]}, ({'CONV': [32, 3]}, {'CONV': [64, 3]}), ({'CONV': [64, 5]}, {'CONV': [256, 5]}, {'POOLMAX': [-1, 2]}), ({'CONV': [32, 3]}, {'CONV': [64, 3]}), ({'CONV': [128, 3]}, {'CONV': [256, 3]}, {'POOLMAX': [-1, 2]}), ({'CONV': [64, 3]}, {'CONV': [256, 3]}), ({'CONV': [64, 5]}, {'CONV': [256, 3]}, {'POOLMAX': [-1, 2]}), ({'CONV': [32, 3]}, {'CONV': [64, 3]}), ({'CONV': [32, 5]}, {'CONV': [256, 5]}, {'POOLMAX': [-1, 2]}), {'GLOBAL_AVG': None}, {'LAST_DENSE': [100, 'softmax']}]",HHSE,NSGA2,,,,,0.7034390026500335,,,,1488487424,2245156,,,,,,"[0, 24, 3, 38, 22, 34, 4, 22]",0.7209030164957775,-0.0001729545526689,0.625,0.25,0.75,0.0,0.51,0,0,0,100,0,0.0,BEST,False,False,217,True,True,GREEDY,,,GREEDY_HV
BYROLR[M],21,22,69,51,0.69,True,True,"[2, 31, 2, 38, 22, 30, 2, 15]",[],"[2.4280577032312367, 31.672909826739474, 2.6040049960580527, 38.17732466015385, 22.287572914716844, 30.290097290372827, 2.511514976233103, 15.94964201418563]","[{'INP': 32}, {'CONV': [64, 3]}, ({'CONV': [32, 3]}, {'CONV': [64, 3]}), ({'CONV': [64, 5]}, {'CONV': [256, 5]}, {'POOLMAX': [-1, 2]}), ({'CONV': [32, 3]}, {'CONV': [64, 3]}), ({'CONV': [128, 3]}, {'CONV': [256, 3]}, {'POOLMAX': [-1, 2]}), ({'CONV': [64, 3]}, {'CONV': [256, 3]}), ({'CONV': [64, 5]}, {'CONV': [256, 3]}, {'POOLMAX': [-1, 2]}), ({'CONV': [32, 3]}, {'CONV': [64, 3]}), ({'CONV': [32, 5]}, {'CONV': [256, 5]}, {'POOLMAX': [-1, 2]}), {'GLOBAL_AVG': None}, {'LAST_DENSE': [100, 'softmax']}]",HHSE,NSGA2,,,,,0.7034390026500335,,,,1488487424,2245156,,,,,,"[0, 24, 3, 38, 22, 34, 4, 22]",0.721114562255361,-0.0006056592589129,0.625,0.25,0.75,0.0,0.51,0,1,0,100,0,0.01,BEST,False,False,217,True,True,GREEDY,,,GREEDY_HV
BYROLR[M],21,22,70,51,0.7,True,True,"[2, 31, 2, 38, 22, 30, 2, 15]",[],"[2.4280577032312367, 31.672909826739474, 2.6040049960580527, 38.17732466015385, 22.287572914716844, 30.290097290372827, 2.511514976233103, 15.94964201418563]","[{'INP': 32}, {'CONV': [64, 3]}, ({'CONV': [32, 3]}, {'CONV': [64, 3]}), ({'CONV': [64, 5]}, {'CONV': [256, 5]}, {'POOLMAX': [-1, 2]}), ({'CONV': [32, 3]}, {'CONV': [64, 3]}), ({'CONV': [128, 3]}, {'CONV': [256, 3]}, {'POOLMAX': [-1, 2]}), ({'CONV': [64, 3]}, {'CONV': [256, 3]}), ({'CONV': [64, 5]}, {'CONV': [256, 3]}, {'POOLMAX': [-1, 2]}), ({'CONV': [32, 3]}, {'CONV': [64, 3]}), ({'CONV': [32, 5]}, {'CONV': [256, 5]}, {'POOLMAX': [-1, 2]}), {'GLOBAL_AVG': None}, {'LAST_DENSE': [100, 'softmax']}]",HHSE,NSGA2,,,,,0.7034390026500335,,,,1488487424,2245156,,,,,,"[0, 24, 3, 38, 22, 34, 4, 22]",0.7212044302754668,6.199913388549305e-05,0.625,0.25,0.75,0.0,0.51,0,0,0,100,0,0.0,BEST,False,False,217,True,True,GREEDY,,,GREEDY_HV
BYROLR[M],21,22,71,51,0.71,True,True,"[2, 31, 2, 38, 22, 30, 2, 15]",[],"[2.4280577032312367, 31.672909826739474, 2.6040049960580527, 38.17732466015385, 22.287572914716844, 30.290097290372827, 2.511514976233103, 15.94964201418563]","[{'INP': 32}, {'CONV': [64, 3]}, ({'CONV': [32, 3]}, {'CONV': [64, 3]}), ({'CONV': [64, 5]}, {'CONV': [256, 5]}, {'POOLMAX': [-1, 2]}), ({'CONV': [32, 3]}, {'CONV': [64, 3]}), ({'CONV': [128, 3]}, {'CONV': [256, 3]}, {'POOLMAX': [-1, 2]}), ({'CONV': [64, 3]}, {'CONV': [256, 3]}), ({'CONV': [64, 5]}, {'CONV': [256, 3]}, {'POOLMAX': [-1, 2]}), ({'CONV': [32, 3]}, {'CONV': [64, 3]}), ({'CONV': [32, 5]}, {'CONV': [256, 5]}, {'POOLMAX': [-1, 2]}), {'GLOBAL_AVG': None}, {'LAST_DENSE': [100, 'softmax']}]",HHSE,NSGA2,,,,,0.7034390026500335,,,,1488487424,2245156,,,,,,"[0, 24, 3, 38, 22, 34, 4, 22]",0.7211186721891639,-0.0009324771892452,0.625,0.25,0.75,0.0,0.51,0,0,0,100,0,0.0,BEST,False,False,217,True,True,GREEDY,,,GREEDY_HV
BYROLR[M],21,22,72,51,0.72,True,True,"[2, 31, 2, 38, 22, 30, 2, 15]",[],"[2.4280577032312367, 31.672909826739474, 2.6040049960580527, 38.17732466015385, 22.287572914716844, 30.290097290372827, 2.511514976233103, 15.94964201418563]","[{'INP': 32}, {'CONV': [64, 3]}, ({'CONV': [32, 3]}, {'CONV': [64, 3]}), ({'CONV': [64, 5]}, {'CONV': [256, 5]}, {'POOLMAX': [-1, 2]}), ({'CONV': [32, 3]}, {'CONV': [64, 3]}), ({'CONV': [128, 3]}, {'CONV': [256, 3]}, {'POOLMAX': [-1, 2]}), ({'CONV': [64, 3]}, {'CONV': [256, 3]}), ({'CONV': [64, 5]}, {'CONV': [256, 3]}, {'POOLMAX': [-1, 2]}), ({'CONV': [32, 3]}, {'CONV': [64, 3]}), ({'CONV': [32, 5]}, {'CONV': [256, 5]}, {'POOLMAX': [-1, 2]}), {'GLOBAL_AVG': None}, {'LAST_DENSE': [100, 'softmax']}]",HHSE,NSGA2,,,,,0.7034390026500335,,,,1488487424,2245156,,,,,,"[0, 24, 3, 38, 22, 34, 4, 22]",0.7211233484818989,-0.0006326959937574,0.625,0.25,0.75,0.0,0.51,0,0,0,100,0,0.0,BEST,False,False,217,True,True,GREEDY,,,GREEDY_HV
BYROLR[M],21,22,73,51,0.73,True,True,"[2, 31, 2, 38, 22, 30, 2, 15]",[],"[2.4280577032312367, 31.672909826739474, 2.6040049960580527, 38.17732466015385, 22.287572914716844, 30.290097290372827, 2.511514976233103, 15.94964201418563]","[{'INP': 32}, {'CONV': [64, 3]}, ({'CONV': [32, 3]}, {'CONV': [64, 3]}), ({'CONV': [64, 5]}, {'CONV': [256, 5]}, {'POOLMAX': [-1, 2]}), ({'CONV': [32, 3]}, {'CONV': [64, 3]}), ({'CONV': [128, 3]}, {'CONV': [256, 3]}, {'POOLMAX': [-1, 2]}), ({'CONV': [64, 3]}, {'CONV': [256, 3]}), ({'CONV': [64, 5]}, {'CONV': [256, 3]}, {'POOLMAX': [-1, 2]}), ({'CONV': [32, 3]}, {'CONV': [64, 3]}), ({'CONV': [32, 5]}, {'CONV': [256, 5]}, {'POOLMAX': [-1, 2]}), {'GLOBAL_AVG': None}, {'LAST_DENSE': [100, 'softmax']}]",HHSE,NSGA2,,,,,0.7034390026500335,,,,1488487424,2245156,,,,,,"[0, 24, 3, 38, 22, 34, 4, 22]",0.7211410217675871,-0.0006186190851902,0.625,0.25,0.75,0.0,0.51,0,0,0,100,0,0.0,BEST,False,False,217,True,True,GREEDY,,,GREEDY_HV
BEAVNI[M],21,22,74,74,0.74,True,True,"[0, 11, 31, 23, 45, 6, 39, 55]",[],"[0.0273166172380412, 11.808958437744387, 31.906686413246984, 23.09401411197876, 45.483793607407826, 6.263274361193885, 39.46272278202593, 55.39413065001711]","[{'INP': 32}, {'CONV': [64, 3]}, ({'CONV': [32, 3]}, {'CONV': [32, 3]}), ({'CONV': [32, 5]}, {'CONV': [64, 5]}, {'POOLMAX': [-1, 2]}), ({'CONV': [64, 5]}, {'CONV': [256, 5]}), ({'CONV': [64, 3]}, {'CONV': [256, 5]}, {'POOLMAX': [-1, 2]}), ({'CONV': [128, 5]}, {'CONV': [128, 5]}), ({'CONV': [32, 3]}, {'CONV': [256, 3]}, {'POOLMAX': [-1, 2]}), ({'CONV': [128, 3]}, {'CONV': [256, 5]}), ({'CONV': [256, 3]}, {'CONV': [256, 5]}, {'POOLMAX': [-1, 2]}), {'GLOBAL_AVG': None}, {'LAST_DENSE': [100, 'softmax']}]",HHSE,NSGA2,,,,,0.7044031298244087,,,,1046072320,5891876,,,,,,"[0, 13, 32, 23, 44, 6, 38, 55]",0.7212700005338905,-0.0047607831628527,0.375,0.375,0.5,1.0,0.74,0,0,0,100,0,0.0,BEST,False,False,200,True,True,GREEDY,,,GREEDY_HV
BEAVNI[M],21,22,75,74,0.75,True,True,"[0, 11, 31, 23, 45, 6, 39, 55]",[],"[0.0273166172380412, 11.808958437744387, 31.906686413246984, 23.09401411197876, 45.483793607407826, 6.263274361193885, 39.46272278202593, 55.39413065001711]","[{'INP': 32}, {'CONV': [64, 3]}, ({'CONV': [32, 3]}, {'CONV': [32, 3]}), ({'CONV': [32, 5]}, {'CONV': [64, 5]}, {'POOLMAX': [-1, 2]}), ({'CONV': [64, 5]}, {'CONV': [256, 5]}), ({'CONV': [64, 3]}, {'CONV': [256, 5]}, {'POOLMAX': [-1, 2]}), ({'CONV': [128, 5]}, {'CONV': [128, 5]}), ({'CONV': [32, 3]}, {'CONV': [256, 3]}, {'POOLMAX': [-1, 2]}), ({'CONV': [128, 3]}, {'CONV': [256, 5]}), ({'CONV': [256, 3]}, {'CONV': [256, 5]}, {'POOLMAX': [-1, 2]}), {'GLOBAL_AVG': None}, {'LAST_DENSE': [100, 'softmax']}]",HHSE,NSGA2,,,,,0.7044031298244087,,,,1046072320,5891876,,,,,,"[0, 13, 32, 23, 44, 6, 38, 55]",0.7220137571193825,-0.0001299057514169,0.375,0.375,0.5,0.0,0.74,0,0,0,100,0,0.0,BEST,False,False,200,True,True,GREEDY,,,GREEDY_HV
BEAVNI[M][M],21,22,76,76,0.76,True,True,"[0, 15, 32, 28, 46, 6, 39, 55]",[],"[0.02562869501796791, 15.241199448619309, 32.3431655233051, 28.056422131514235, 46.08318223278431, 6.205896428832948, 39.91477357180656, 55.425344111894255]","[{'INP': 32}, {'CONV': [64, 3]}, ({'CONV': [32, 3]}, {'CONV': [32, 3]}), ({'CONV': [32, 5]}, {'CONV': [256, 5]}, {'POOLMAX': [-1, 2]}), ({'CONV': [128, 3]}, {'CONV': [32, 3]}), ({'CONV': [64, 5]}, {'CONV': [128, 3]}, {'POOLMAX': [-1, 2]}), ({'CONV': [128, 5]}, {'CONV': [256, 3]}), ({'CONV': [32, 3]}, {'CONV': [256, 3]}, {'POOLMAX': [-1, 2]}), ({'CONV': [128, 3]}, {'CONV': [256, 5]}), ({'CONV': [256, 3]}, {'CONV': [256, 5]}, {'POOLMAX': [-1, 2]}), {'GLOBAL_AVG': None}, {'LAST_DENSE': [100, 'softmax']}]",HHSE,NSGA2,,,,,0.70659598206905,,,,986041344,4945828,,,,,,"[0, 11, 31, 23, 45, 6, 39, 55]",0.7220630837750783,-1.827786849317725e-05,0.0,0.0,0.5,0.5,0.76,0,1,0,100,0,0.01,BEST,False,False,167,True,True,GREEDY,,,GREEDY_HV
BEAVNI[M][M],21,22,77,76,0.77,True,True,"[0, 15, 32, 28, 46, 6, 39, 55]",[],"[0.02562869501796791, 15.241199448619309, 32.3431655233051, 28.056422131514235, 46.08318223278431, 6.205896428832948, 39.91477357180656, 55.425344111894255]","[{'INP': 32}, {'CONV': [64, 3]}, ({'CONV': [32, 3]}, {'CONV': [32, 3]}), ({'CONV': [32, 5]}, {'CONV': [256, 5]}, {'POOLMAX': [-1, 2]}), ({'CONV': [128, 3]}, {'CONV': [32, 3]}), ({'CONV': [64, 5]}, {'CONV': [128, 3]}, {'POOLMAX': [-1, 2]}), ({'CONV': [128, 5]}, {'CONV': [256, 3]}), ({'CONV': [32, 3]}, {'CONV': [256, 3]}, {'POOLMAX': [-1, 2]}), ({'CONV': [128, 3]}, {'CONV': [256, 5]}), ({'CONV': [256, 3]}, {'CONV': [256, 5]}, {'POOLMAX': [-1, 2]}), {'GLOBAL_AVG': None}, {'LAST_DENSE': [100, 'softmax']}]",HHSE,NSGA2,,,,,0.70659598206905,,,,986041344,4945828,,,,,,"[0, 11, 31, 23, 45, 6, 39, 55]",0.7238347395687914,-6.568930744887957e-05,0.0,0.0,0.5,0.0,0.76,0,1,0,100,0,0.01,BEST,False,False,167,True,True,GREEDY,,,GREEDY_HV
BEAVNI[M][M],21,22,78,76,0.78,True,True,"[0, 15, 32, 28, 46, 6, 39, 55]",[],"[0.02562869501796791, 15.241199448619309, 32.3431655233051, 28.056422131514235, 46.08318223278431, 6.205896428832948, 39.91477357180656, 55.425344111894255]","[{'INP': 32}, {'CONV': [64, 3]}, ({'CONV': [32, 3]}, {'CONV': [32, 3]}), ({'CONV': [32, 5]}, {'CONV': [256, 5]}, {'POOLMAX': [-1, 2]}), ({'CONV': [128, 3]}, {'CONV': [32, 3]}), ({'CONV': [64, 5]}, {'CONV': [128, 3]}, {'POOLMAX': [-1, 2]}), ({'CONV': [128, 5]}, {'CONV': [256, 3]}), ({'CONV': [32, 3]}, {'CONV': [256, 3]}, {'POOLMAX': [-1, 2]}), ({'CONV': [128, 3]}, {'CONV': [256, 5]}), ({'CONV': [256, 3]}, {'CONV': [256, 5]}, {'POOLMAX': [-1, 2]}), {'GLOBAL_AVG': None}, {'LAST_DENSE': [100, 'softmax']}]",HHSE,NSGA2,,,,,0.70659598206905,,,,986041344,4945828,,,,,,"[0, 11, 31, 23, 45, 6, 39, 55]",0.723989429747492,-1.7040037969540123e-05,0.0,0.0,0.5,0.0,0.76,0,2,0,100,0,0.02,BEST,False,False,167,True,True,GREEDY,,,GREEDY_HV
BEAVNI[M][M],21,22,79,76,0.79,True,True,"[0, 15, 32, 28, 46, 6, 39, 55]",[],"[0.02562869501796791, 15.241199448619309, 32.3431655233051, 28.056422131514235, 46.08318223278431, 6.205896428832948, 39.91477357180656, 55.425344111894255]","[{'INP': 32}, {'CONV': [64, 3]}, ({'CONV': [32, 3]}, {'CONV': [32, 3]}), ({'CONV': [32, 5]}, {'CONV': [256, 5]}, {'POOLMAX': [-1, 2]}), ({'CONV': [128, 3]}, {'CONV': [32, 3]}), ({'CONV': [64, 5]}, {'CONV': [128, 3]}, {'POOLMAX': [-1, 2]}), ({'CONV': [128, 5]}, {'CONV': [256, 3]}), ({'CONV': [32, 3]}, {'CONV': [256, 3]}, {'POOLMAX': [-1, 2]}), ({'CONV': [128, 3]}, {'CONV': [256, 5]}), ({'CONV': [256, 3]}, {'CONV': [256, 5]}, {'POOLMAX': [-1, 2]}), {'GLOBAL_AVG': None}, {'LAST_DENSE': [100, 'softmax']}]",HHSE,NSGA2,,,,,0.70659598206905,,,,986041344,4945828,,,,,,"[0, 11, 31, 23, 45, 6, 39, 55]",0.7240323912212857,-5.566368159848345e-06,0.0,0.0,0.5,0.0,0.76,0,1,0,100,0,0.01,BEST,False,False,167,True,True,GREEDY,,,GREEDY_HV
BEAVNI[M][M],21,22,80,76,0.8,True,True,"[0, 15, 32, 28, 46, 6, 39, 55]",[],"[0.02562869501796791, 15.241199448619309, 32.3431655233051, 28.056422131514235, 46.08318223278431, 6.205896428832948, 39.91477357180656, 55.425344111894255]","[{'INP': 32}, {'CONV': [64, 3]}, ({'CONV': [32, 3]}, {'CONV': [32, 3]}), ({'CONV': [32, 5]}, {'CONV': [256, 5]}, {'POOLMAX': [-1, 2]}), ({'CONV': [128, 3]}, {'CONV': [32, 3]}), ({'CONV': [64, 5]}, {'CONV': [128, 3]}, {'POOLMAX': [-1, 2]}), ({'CONV': [128, 5]}, {'CONV': [256, 3]}), ({'CONV': [32, 3]}, {'CONV': [256, 3]}, {'POOLMAX': [-1, 2]}), ({'CONV': [128, 3]}, {'CONV': [256, 5]}), ({'CONV': [256, 3]}, {'CONV': [256, 5]}, {'POOLMAX': [-1, 2]}), {'GLOBAL_AVG': None}, {'LAST_DENSE': [100, 'softmax']}]",HHSE,NSGA2,,,,,0.70659598206905,,,,986041344,4945828,,,,,,"[0, 11, 31, 23, 45, 6, 39, 55]",0.7241878269496087,-0.0002960269701446,0.0,0.0,0.5,0.0,0.76,0,0,0,100,0,0.0,BEST,False,False,167,True,True,GREEDY,,,GREEDY_HV
BEAVNI[M][M],21,22,81,76,0.81,True,True,"[0, 15, 32, 28, 46, 6, 39, 55]",[],"[0.02562869501796791, 15.241199448619309, 32.3431655233051, 28.056422131514235, 46.08318223278431, 6.205896428832948, 39.91477357180656, 55.425344111894255]","[{'INP': 32}, {'CONV': [64, 3]}, ({'CONV': [32, 3]}, {'CONV': [32, 3]}), ({'CONV': [32, 5]}, {'CONV': [256, 5]}, {'POOLMAX': [-1, 2]}), ({'CONV': [128, 3]}, {'CONV': [32, 3]}), ({'CONV': [64, 5]}, {'CONV': [128, 3]}, {'POOLMAX': [-1, 2]}), ({'CONV': [128, 5]}, {'CONV': [256, 3]}), ({'CONV': [32, 3]}, {'CONV': [256, 3]}, {'POOLMAX': [-1, 2]}), ({'CONV': [128, 3]}, {'CONV': [256, 5]}), ({'CONV': [256, 3]}, {'CONV': [256, 5]}, {'POOLMAX': [-1, 2]}), {'GLOBAL_AVG': None}, {'LAST_DENSE': [100, 'softmax']}]",HHSE,NSGA2,,,,,0.70659598206905,,,,986041344,4945828,,,,,,"[0, 11, 31, 23, 45, 6, 39, 55]",0.7241348898720432,-0.000448895266395,0.0,0.0,0.5,0.0,0.76,0,1,0,100,0,0.01,BEST,False,False,167,True,True,GREEDY,,,GREEDY_HV
BEAVNI[M][M],21,22,82,76,0.82,True,True,"[0, 15, 32, 28, 46, 6, 39, 55]",[],"[0.02562869501796791, 15.241199448619309, 32.3431655233051, 28.056422131514235, 46.08318223278431, 6.205896428832948, 39.91477357180656, 55.425344111894255]","[{'INP': 32}, {'CONV': [64, 3]}, ({'CONV': [32, 3]}, {'CONV': [32, 3]}), ({'CONV': [32, 5]}, {'CONV': [256, 5]}, {'POOLMAX': [-1, 2]}), ({'CONV': [128, 3]}, {'CONV': [32, 3]}), ({'CONV': [64, 5]}, {'CONV': [128, 3]}, {'POOLMAX': [-1, 2]}), ({'CONV': [128, 5]}, {'CONV': [256, 3]}), ({'CONV': [32, 3]}, {'CONV': [256, 3]}, {'POOLMAX': [-1, 2]}), ({'CONV': [128, 3]}, {'CONV': [256, 5]}), ({'CONV': [256, 3]}, {'CONV': [256, 5]}, {'POOLMAX': [-1, 2]}), {'GLOBAL_AVG': None}, {'LAST_DENSE': [100, 'softmax']}]",HHSE,NSGA2,,,,,0.70659598206905,,,,986041344,4945828,,,,,,"[0, 11, 31, 23, 45, 6, 39, 55]",0.7243870911416301,-0.0001325715407743,0.0,0.0,0.5,0.0,0.76,0,0,0,100,0,0.0,BEST,False,False,167,True,True,GREEDY,,,GREEDY_HV
BEAVNI[M][M],21,22,83,76,0.83,True,True,"[0, 15, 32, 28, 46, 6, 39, 55]",[],"[0.02562869501796791, 15.241199448619309, 32.3431655233051, 28.056422131514235, 46.08318223278431, 6.205896428832948, 39.91477357180656, 55.425344111894255]","[{'INP': 32}, {'CONV': [64, 3]}, ({'CONV': [32, 3]}, {'CONV': [32, 3]}), ({'CONV': [32, 5]}, {'CONV': [256, 5]}, {'POOLMAX': [-1, 2]}), ({'CONV': [128, 3]}, {'CONV': [32, 3]}), ({'CONV': [64, 5]}, {'CONV': [128, 3]}, {'POOLMAX': [-1, 2]}), ({'CONV': [128, 5]}, {'CONV': [256, 3]}), ({'CONV': [32, 3]}, {'CONV': [256, 3]}, {'POOLMAX': [-1, 2]}), ({'CONV': [128, 3]}, {'CONV': [256, 5]}), ({'CONV': [256, 3]}, {'CONV': [256, 5]}, {'POOLMAX': [-1, 2]}), {'GLOBAL_AVG': None}, {'LAST_DENSE': [100, 'softmax']}]",HHSE,NSGA2,,,,,0.70659598206905,,,,986041344,4945828,,,,,,"[0, 11, 31, 23, 45, 6, 39, 55]",0.7244687896451124,-2.3983426998497315e-05,0.0,0.0,0.5,0.0,0.76,0,0,0,100,0,0.0,BEST,False,False,167,True,True,GREEDY,,,GREEDY_HV
BEAVNI[M][M],21,22,84,76,0.84,True,True,"[0, 15, 32, 28, 46, 6, 39, 55]",[],"[0.02562869501796791, 15.241199448619309, 32.3431655233051, 28.056422131514235, 46.08318223278431, 6.205896428832948, 39.91477357180656, 55.425344111894255]","[{'INP': 32}, {'CONV': [64, 3]}, ({'CONV': [32, 3]}, {'CONV': [32, 3]}), ({'CONV': [32, 5]}, {'CONV': [256, 5]}, {'POOLMAX': [-1, 2]}), ({'CONV': [128, 3]}, {'CONV': [32, 3]}), ({'CONV': [64, 5]}, {'CONV': [128, 3]}, {'POOLMAX': [-1, 2]}), ({'CONV': [128, 5]}, {'CONV': [256, 3]}), ({'CONV': [32, 3]}, {'CONV': [256, 3]}, {'POOLMAX': [-1, 2]}), ({'CONV': [128, 3]}, {'CONV': [256, 5]}), ({'CONV': [256, 3]}, {'CONV': [256, 5]}, {'POOLMAX': [-1, 2]}), {'GLOBAL_AVG': None}, {'LAST_DENSE': [100, 'softmax']}]",HHSE,NSGA2,,,,,0.70659598206905,,,,986041344,4945828,,,,,,"[0, 11, 31, 23, 45, 6, 39, 55]",0.7244829015824976,-5.66259304372041e-05,0.0,0.0,0.5,0.0,0.76,0,2,0,100,0,0.02,BEST,False,False,167,True,True,GREEDY,,,GREEDY_HV
BEAVNI[M][M],21,22,85,76,0.85,True,True,"[0, 15, 32, 28, 46, 6, 39, 55]",[],"[0.02562869501796791, 15.241199448619309, 32.3431655233051, 28.056422131514235, 46.08318223278431, 6.205896428832948, 39.91477357180656, 55.425344111894255]","[{'INP': 32}, {'CONV': [64, 3]}, ({'CONV': [32, 3]}, {'CONV': [32, 3]}), ({'CONV': [32, 5]}, {'CONV': [256, 5]}, {'POOLMAX': [-1, 2]}), ({'CONV': [128, 3]}, {'CONV': [32, 3]}), ({'CONV': [64, 5]}, {'CONV': [128, 3]}, {'POOLMAX': [-1, 2]}), ({'CONV': [128, 5]}, {'CONV': [256, 3]}), ({'CONV': [32, 3]}, {'CONV': [256, 3]}, {'POOLMAX': [-1, 2]}), ({'CONV': [128, 3]}, {'CONV': [256, 5]}), ({'CONV': [256, 3]}, {'CONV': [256, 5]}, {'POOLMAX': [-1, 2]}), {'GLOBAL_AVG': None}, {'LAST_DENSE': [100, 'softmax']}]",HHSE,NSGA2,,,,,0.70659598206905,,,,986041344,4945828,,,,,,"[0, 11, 31, 23, 45, 6, 39, 55]",0.7245085251045793,-3.496015606430092e-05,0.0,0.0,0.5,0.0,0.76,0,0,0,100,0,0.0,BEST,False,False,167,True,True,GREEDY,,,GREEDY_HV
BYROLR[M][M],21,22,86,86,0.86,True,True,"[2, 31, 2, 38, 22, 30, 5, 15]",[],"[2.8064885409495357, 31.349656642002955, 2.578091679030332, 38.393776159384004, 22.701220269069765, 30.99883139551474, 5.36617912907629, 15.878275235274243]","[{'INP': 32}, {'CONV': [64, 3]}, ({'CONV': [32, 3]}, {'CONV': [64, 3]}), ({'CONV': [64, 5]}, {'CONV': [256, 5]}, {'POOLMAX': [-1, 2]}), ({'CONV': [32, 3]}, {'CONV': [64, 3]}), ({'CONV': [128, 3]}, {'CONV': [256, 3]}, {'POOLMAX': [-1, 2]}), ({'CONV': [64, 3]}, {'CONV': [256, 3]}), ({'CONV': [64, 5]}, {'CONV': [256, 3]}, {'POOLMAX': [-1, 2]}), ({'CONV': [32, 3]}, {'CONV': [128, 5]}), ({'CONV': [32, 5]}, {'CONV': [256, 5]}, {'POOLMAX': [-1, 2]}), {'GLOBAL_AVG': None}, {'LAST_DENSE': [100, 'softmax']}]",HHSE,NSGA2,,,,,0.7077047462908894,,,,1492817920,2380580,,,,,,"[2, 31, 2, 38, 22, 30, 2, 15]",0.724680959958912,5.2074621227249374e-05,0.0,0.0,0.125,1.0,0.86,0,2,0,100,0,0.02,BEST,False,False,142,True,True,GREEDY,,,GREEDY_HV
BYROLR[M][M],21,22,87,86,0.87,True,True,"[2, 31, 2, 38, 22, 30, 5, 15]",[],"[2.8064885409495357, 31.349656642002955, 2.578091679030332, 38.393776159384004, 22.701220269069765, 30.99883139551474, 5.36617912907629, 15.878275235274243]","[{'INP': 32}, {'CONV': [64, 3]}, ({'CONV': [32, 3]}, {'CONV': [64, 3]}), ({'CONV': [64, 5]}, {'CONV': [256, 5]}, {'POOLMAX': [-1, 2]}), ({'CONV': [32, 3]}, {'CONV': [64, 3]}), ({'CONV': [128, 3]}, {'CONV': [256, 3]}, {'POOLMAX': [-1, 2]}), ({'CONV': [64, 3]}, {'CONV': [256, 3]}), ({'CONV': [64, 5]}, {'CONV': [256, 3]}, {'POOLMAX': [-1, 2]}), ({'CONV': [32, 3]}, {'CONV': [128, 5]}), ({'CONV': [32, 5]}, {'CONV': [256, 5]}, {'POOLMAX': [-1, 2]}), {'GLOBAL_AVG': None}, {'LAST_DENSE': [100, 'softmax']}]",HHSE,NSGA2,,,,,0.7077047462908894,,,,1492817920,2380580,,,,,,"[2, 31, 2, 38, 22, 30, 2, 15]",0.7261492022555628,-3.0610934496300146e-05,0.0,0.0,0.125,0.0,0.86,0,0,0,100,0,0.0,BEST,False,False,142,True,True,GREEDY,,,GREEDY_HV
BZDMNN[M],21,22,88,88,0.88,True,True,"[1, 11, 31, 23, 46, 6, 38, 55]",[],"[1.0447166447208456, 11.327828251558579, 31.84088642150095, 23.375974216692168, 46.890217581140014, 6.006205723303029, 38.208136919192135, 55.51058341751865]","[{'INP': 32}, {'CONV': [64, 3]}, ({'CONV': [32, 3]}, {'CONV': [32, 5]}), ({'CONV': [32, 5]}, {'CONV': [64, 5]}, {'POOLMAX': [-1, 2]}), ({'CONV': [64, 5]}, {'CONV': [256, 5]}), ({'CONV': [64, 3]}, {'CONV': [256, 5]}, {'POOLMAX': [-1, 2]}), ({'CONV': [128, 5]}, {'CONV': [256, 3]}), ({'CONV': [32, 3]}, {'CONV': [256, 3]}, {'POOLMAX': [-1, 2]}), ({'CONV': [128, 3]}, {'CONV': [256, 3]}), ({'CONV': [256, 3]}, {'CONV': [256, 5]}, {'POOLMAX': [-1, 2]}), {'GLOBAL_AVG': None}, {'LAST_DENSE': [100, 'softmax']}]",HHSE,NSGA2,,,,,0.7096432776731467,,,,1052929024,5306660,,,,,,"[1, 11, 32, 23, 46, 6, 39, 55]",0.726205139463729,-0.0005120693968054,0.125,0.375,0.25,1.0,0.88,0,0,0,100,0,0.0,BEST,False,False,112,True,True,GREEDY,,,GREEDY_HV
BZDMNN[M],21,22,89,88,0.89,True,True,"[1, 11, 31, 23, 46, 6, 38, 55]",[],"[1.0447166447208456, 11.327828251558579, 31.84088642150095, 23.375974216692168, 46.890217581140014, 6.006205723303029, 38.208136919192135, 55.51058341751865]","[{'INP': 32}, {'CONV': [64, 3]}, ({'CONV': [32, 3]}, {'CONV': [32, 5]}), ({'CONV': [32, 5]}, {'CONV': [64, 5]}, {'POOLMAX': [-1, 2]}), ({'CONV': [64, 5]}, {'CONV': [256, 5]}), ({'CONV': [64, 3]}, {'CONV': [256, 5]}, {'POOLMAX': [-1, 2]}), ({'CONV': [128, 5]}, {'CONV': [256, 3]}), ({'CONV': [32, 3]}, {'CONV': [256, 3]}, {'POOLMAX': [-1, 2]}), ({'CONV': [128, 3]}, {'CONV': [256, 3]}), ({'CONV': [256, 3]}, {'CONV': [256, 5]}, {'POOLMAX': [-1, 2]}), {'GLOBAL_AVG': None}, {'LAST_DENSE': [100, 'softmax']}]",HHSE,NSGA2,,,,,0.7096432776731467,,,,1052929024,5306660,,,,,,"[1, 11, 32, 23, 46, 6, 39, 55]",0.7277998454217041,-7.264012877661319e-05,0.125,0.375,0.25,0.0,0.88,0,1,0,100,0,0.01,BEST,False,False,112,True,True,GREEDY,,,GREEDY_HV
BZDMNN[M],21,22,90,88,0.9,True,True,"[1, 11, 31, 23, 46, 6, 38, 55]",[],"[1.0447166447208456, 11.327828251558579, 31.84088642150095, 23.375974216692168, 46.890217581140014, 6.006205723303029, 38.208136919192135, 55.51058341751865]","[{'INP': 32}, {'CONV': [64, 3]}, ({'CONV': [32, 3]}, {'CONV': [32, 5]}), ({'CONV': [32, 5]}, {'CONV': [64, 5]}, {'POOLMAX': [-1, 2]}), ({'CONV': [64, 5]}, {'CONV': [256, 5]}), ({'CONV': [64, 3]}, {'CONV': [256, 5]}, {'POOLMAX': [-1, 2]}), ({'CONV': [128, 5]}, {'CONV': [256, 3]}), ({'CONV': [32, 3]}, {'CONV': [256, 3]}, {'POOLMAX': [-1, 2]}), ({'CONV': [128, 3]}, {'CONV': [256, 3]}), ({'CONV': [256, 3]}, {'CONV': [256, 5]}, {'POOLMAX': [-1, 2]}), {'GLOBAL_AVG': None}, {'LAST_DENSE': [100, 'softmax']}]",HHSE,NSGA2,,,,,0.7096432776731467,,,,1052929024,5306660,,,,,,"[1, 11, 32, 23, 46, 6, 39, 55]",0.7283878644992945,0.0005784031522315,0.125,0.375,0.25,0.0,0.88,0,1,0,100,0,0.01,BEST,False,False,112,True,True,GREEDY,,,GREEDY_HV
BZDMNN[M],21,22,91,88,0.91,True,True,"[1, 11, 31, 23, 46, 6, 38, 55]",[],"[1.0447166447208456, 11.327828251558579, 31.84088642150095, 23.375974216692168, 46.890217581140014, 6.006205723303029, 38.208136919192135, 55.51058341751865]","[{'INP': 32}, {'CONV': [64, 3]}, ({'CONV': [32, 3]}, {'CONV': [32, 5]}), ({'CONV': [32, 5]}, {'CONV': [64, 5]}, {'POOLMAX': [-1, 2]}), ({'CONV': [64, 5]}, {'CONV': [256, 5]}), ({'CONV': [64, 3]}, {'CONV': [256, 5]}, {'POOLMAX': [-1, 2]}), ({'CONV': [128, 5]}, {'CONV': [256, 3]}), ({'CONV': [32, 3]}, {'CONV': [256, 3]}, {'POOLMAX': [-1, 2]}), ({'CONV': [128, 3]}, {'CONV': [256, 3]}), ({'CONV': [256, 3]}, {'CONV': [256, 5]}, {'POOLMAX': [-1, 2]}), {'GLOBAL_AVG': None}, {'LAST_DENSE': [100, 'softmax']}]",HHSE,NSGA2,,,,,0.7096432776731467,,,,1052929024,5306660,,,,,,"[1, 11, 32, 23, 46, 6, 39, 55]",0.7279079783777087,-4.0356014314846256e-05,0.125,0.375,0.25,0.0,0.88,0,2,0,100,0,0.02,BEST,False,False,112,True,True,GREEDY,,,GREEDY_HV
BZDMNN[M][M],21,22,92,92,0.92,True,True,"[2, 11, 31, 23, 46, 6, 38, 55]",[],"[2.9608209926652114, 11.308092633856312, 31.78018455804052, 23.223311414294, 46.85633790824276, 6.111508489590412, 38.053571911824456, 55.52204521488397]","[{'INP': 32}, {'CONV': [64, 3]}, ({'CONV': [32, 3]}, {'CONV': [64, 3]}), ({'CONV': [32, 5]}, {'CONV': [64, 5]}, {'POOLMAX': [-1, 2]}), ({'CONV': [64, 5]}, {'CONV': [256, 5]}), ({'CONV': [64, 3]}, {'CONV': [256, 5]}, {'POOLMAX': [-1, 2]}), ({'CONV': [128, 5]}, {'CONV': [256, 3]}), ({'CONV': [32, 3]}, {'CONV': [256, 3]}, {'POOLMAX': [-1, 2]}), ({'CONV': [128, 3]}, {'CONV': [256, 3]}), ({'CONV': [256, 3]}, {'CONV': [256, 5]}, {'POOLMAX': [-1, 2]}), {'GLOBAL_AVG': None}, {'LAST_DENSE': [100, 'softmax']}]",HHSE,NSGA2,,,,,0.7128690106933919,,,,1090841600,5325220,,,,,,"[1, 11, 31, 23, 46, 6, 38, 55]",0.7304964019827291,0.0025725431280938,0.0,0.0,0.125,0.125,0.92,0,2,0,100,0,0.02,BEST,False,False,57,True,True,GREEDY,,,GREEDY_HV
BZDMNN[M][M][M],21,22,93,93,0.93,True,True,"[3, 11, 31, 23, 46, 6, 38, 55]",[],"[3.1613195089503012, 11.485715235899372, 31.836318505813225, 23.37564282920653, 46.60733378854912, 6.491016795941569, 38.05067190894043, 55.5684908042276]","[{'INP': 32}, {'CONV': [64, 3]}, ({'CONV': [32, 3]}, {'CONV': [64, 5]}), ({'CONV': [32, 5]}, {'CONV': [64, 5]}, {'POOLMAX': [-1, 2]}), ({'CONV': [64, 5]}, {'CONV': [256, 5]}), ({'CONV': [64, 3]}, {'CONV': [256, 5]}, {'POOLMAX': [-1, 2]}), ({'CONV': [128, 5]}, {'CONV': [256, 3]}), ({'CONV': [32, 3]}, {'CONV': [256, 3]}, {'POOLMAX': [-1, 2]}), ({'CONV': [128, 3]}, {'CONV': [256, 3]}), ({'CONV': [256, 3]}, {'CONV': [256, 5]}, {'POOLMAX': [-1, 2]}), {'GLOBAL_AVG': None}, {'LAST_DENSE': [100, 'softmax']}]",HHSE,NSGA2,,,,,0.7132598302251454,,,,1157950464,5357988,,,,,,"[2, 11, 31, 23, 46, 6, 38, 55]",0.7303964685245403,-1.7963245459995392e-06,0.0,0.0,0.125,0.125,0.93,0,0,0,100,0,0.0,BEST,False,False,50,True,True,GREEDY,,,GREEDY_HV
BZDMNN[M][M][M][M],21,22,94,94,0.94,True,True,"[3, 11, 32, 23, 46, 6, 38, 55]",[],"[3.2488520644918353, 11.441040489441235, 32.26803514271241, 23.580120967559417, 46.36761968408892, 6.52185156096388, 38.036862348098, 55.58105479562587]","[{'INP': 32}, {'CONV': [64, 3]}, ({'CONV': [32, 3]}, {'CONV': [64, 5]}), ({'CONV': [32, 5]}, {'CONV': [64, 5]}, {'POOLMAX': [-1, 2]}), ({'CONV': [128, 3]}, {'CONV': [32, 3]}), ({'CONV': [64, 3]}, {'CONV': [256, 5]}, {'POOLMAX': [-1, 2]}), ({'CONV': [128, 5]}, {'CONV': [256, 3]}), ({'CONV': [32, 3]}, {'CONV': [256, 3]}, {'POOLMAX': [-1, 2]}), ({'CONV': [128, 3]}, {'CONV': [256, 3]}), ({'CONV': [256, 3]}, {'CONV': [256, 5]}, {'POOLMAX': [-1, 2]}), {'GLOBAL_AVG': None}, {'LAST_DENSE': [100, 'softmax']}]",HHSE,NSGA2,,,,,0.7137491759543683,,,,886164480,4826916,,,,,,"[3, 11, 31, 23, 46, 6, 38, 55]",0.731258448791195,0.000444779229437,0.0,0.0,0.125,0.125,0.94,0,1,0,100,0,0.01,BEST,False,False,42,True,True,GREEDY,,,GREEDY_HV
BZDMNN[M][M][M][M],21,22,95,94,0.95,True,True,"[3, 11, 32, 23, 46, 6, 38, 55]",[],"[3.2488520644918353, 11.441040489441235, 32.26803514271241, 23.580120967559417, 46.36761968408892, 6.52185156096388, 38.036862348098, 55.58105479562587]","[{'INP': 32}, {'CONV': [64, 3]}, ({'CONV': [32, 3]}, {'CONV': [64, 5]}), ({'CONV': [32, 5]}, {'CONV': [64, 5]}, {'POOLMAX': [-1, 2]}), ({'CONV': [128, 3]}, {'CONV': [32, 3]}), ({'CONV': [64, 3]}, {'CONV': [256, 5]}, {'POOLMAX': [-1, 2]}), ({'CONV': [128, 5]}, {'CONV': [256, 3]}), ({'CONV': [32, 3]}, {'CONV': [256, 3]}, {'POOLMAX': [-1, 2]}), ({'CONV': [128, 3]}, {'CONV': [256, 3]}), ({'CONV': [256, 3]}, {'CONV': [256, 5]}, {'POOLMAX': [-1, 2]}), {'GLOBAL_AVG': None}, {'LAST_DENSE': [100, 'softmax']}]",HHSE,NSGA2,,,,,0.7137491759543683,,,,886164480,4826916,,,,,,"[3, 11, 31, 23, 46, 6, 38, 55]",0.7314474335131177,-0.0001348958188519,0.0,0.0,0.125,0.0,0.94,0,1,0,100,0,0.01,BEST,False,False,42,True,True,GREEDY,,,GREEDY_HV
BZDMNN[M][M][M][M],21,22,96,94,0.96,True,True,"[3, 11, 32, 23, 46, 6, 38, 55]",[],"[3.2488520644918353, 11.441040489441235, 32.26803514271241, 23.580120967559417, 46.36761968408892, 6.52185156096388, 38.036862348098, 55.58105479562587]","[{'INP': 32}, {'CONV': [64, 3]}, ({'CONV': [32, 3]}, {'CONV': [64, 5]}), ({'CONV': [32, 5]}, {'CONV': [64, 5]}, {'POOLMAX': [-1, 2]}), ({'CONV': [128, 3]}, {'CONV': [32, 3]}), ({'CONV': [64, 3]}, {'CONV': [256, 5]}, {'POOLMAX': [-1, 2]}), ({'CONV': [128, 5]}, {'CONV': [256, 3]}), ({'CONV': [32, 3]}, {'CONV': [256, 3]}, {'POOLMAX': [-1, 2]}), ({'CONV': [128, 3]}, {'CONV': [256, 3]}), ({'CONV': [256, 3]}, {'CONV': [256, 5]}, {'POOLMAX': [-1, 2]}), {'GLOBAL_AVG': None}, {'LAST_DENSE': [100, 'softmax']}]",HHSE,NSGA2,,,,,0.7137491759543683,,,,886164480,4826916,,,,,,"[3, 11, 31, 23, 46, 6, 38, 55]",0.7328735595648124,0.0011872628847495,0.0,0.0,0.125,0.0,0.94,0,1,0,100,0,0.01,BEST,False,False,42,True,True,GREEDY,,,GREEDY_HV
BZDMNN[M][M][M][M],21,22,97,94,0.97,True,True,"[3, 11, 32, 23, 46, 6, 38, 55]",[],"[3.2488520644918353, 11.441040489441235, 32.26803514271241, 23.580120967559417, 46.36761968408892, 6.52185156096388, 38.036862348098, 55.58105479562587]","[{'INP': 32}, {'CONV': [64, 3]}, ({'CONV': [32, 3]}, {'CONV': [64, 5]}), ({'CONV': [32, 5]}, {'CONV': [64, 5]}, {'POOLMAX': [-1, 2]}), ({'CONV': [128, 3]}, {'CONV': [32, 3]}), ({'CONV': [64, 3]}, {'CONV': [256, 5]}, {'POOLMAX': [-1, 2]}), ({'CONV': [128, 5]}, {'CONV': [256, 3]}), ({'CONV': [32, 3]}, {'CONV': [256, 3]}, {'POOLMAX': [-1, 2]}), ({'CONV': [128, 3]}, {'CONV': [256, 3]}), ({'CONV': [256, 3]}, {'CONV': [256, 5]}, {'POOLMAX': [-1, 2]}), {'GLOBAL_AVG': None}, {'LAST_DENSE': [100, 'softmax']}]",HHSE,NSGA2,,,,,0.7137491759543683,,,,886164480,4826916,,,,,,"[3, 11, 31, 23, 46, 6, 38, 55]",0.732979129215322,1.121796335779024e-05,0.0,0.0,0.125,0.0,0.94,0,1,0,100,0,0.01,BEST,False,False,42,True,True,GREEDY,,,GREEDY_HV
BZDMNN[M][M][M][M],21,22,98,94,0.98,True,True,"[3, 11, 32, 23, 46, 6, 38, 55]",[],"[3.2488520644918353, 11.441040489441235, 32.26803514271241, 23.580120967559417, 46.36761968408892, 6.52185156096388, 38.036862348098, 55.58105479562587]","[{'INP': 32}, {'CONV': [64, 3]}, ({'CONV': [32, 3]}, {'CONV': [64, 5]}), ({'CONV': [32, 5]}, {'CONV': [64, 5]}, {'POOLMAX': [-1, 2]}), ({'CONV': [128, 3]}, {'CONV': [32, 3]}), ({'CONV': [64, 3]}, {'CONV': [256, 5]}, {'POOLMAX': [-1, 2]}), ({'CONV': [128, 5]}, {'CONV': [256, 3]}), ({'CONV': [32, 3]}, {'CONV': [256, 3]}, {'POOLMAX': [-1, 2]}), ({'CONV': [128, 3]}, {'CONV': [256, 3]}), ({'CONV': [256, 3]}, {'CONV': [256, 5]}, {'POOLMAX': [-1, 2]}), {'GLOBAL_AVG': None}, {'LAST_DENSE': [100, 'softmax']}]",HHSE,NSGA2,,,,,0.7137491759543683,,,,886164480,4826916,,,,,,"[3, 11, 31, 23, 46, 6, 38, 55]",0.7330549421486028,-0.0006102490977049,0.0,0.0,0.125,0.0,0.94,0,0,0,100,0,0.0,BEST,False,False,42,True,True,GREEDY,,,GREEDY_HV
BZDMNN[M][M][M][M],21,22,99,94,0.99,True,True,"[3, 11, 32, 23, 46, 6, 38, 55]",[],"[3.2488520644918353, 11.441040489441235, 32.26803514271241, 23.580120967559417, 46.36761968408892, 6.52185156096388, 38.036862348098, 55.58105479562587]","[{'INP': 32}, {'CONV': [64, 3]}, ({'CONV': [32, 3]}, {'CONV': [64, 5]}), ({'CONV': [32, 5]}, {'CONV': [64, 5]}, {'POOLMAX': [-1, 2]}), ({'CONV': [128, 3]}, {'CONV': [32, 3]}), ({'CONV': [64, 3]}, {'CONV': [256, 5]}, {'POOLMAX': [-1, 2]}), ({'CONV': [128, 5]}, {'CONV': [256, 3]}), ({'CONV': [32, 3]}, {'CONV': [256, 3]}, {'POOLMAX': [-1, 2]}), ({'CONV': [128, 3]}, {'CONV': [256, 3]}), ({'CONV': [256, 3]}, {'CONV': [256, 5]}, {'POOLMAX': [-1, 2]}), {'GLOBAL_AVG': None}, {'LAST_DENSE': [100, 'softmax']}]",HHSE,NSGA2,,,,,0.7137491759543683,,,,886164480,4826916,,,,,,"[3, 11, 31, 23, 46, 6, 38, 55]",0.7332664273449037,-0.0014268745424528,0.0,0.0,0.125,0.0,0.94,0,0,0,100,0,0.0,BEST,False,False,42,True,True,GREEDY,,,GREEDY_HV
BZDMNN[M][M][M][M],21,22,100,94,1.0,True,True,"[3, 11, 32, 23, 46, 6, 38, 55]",[],"[3.2488520644918353, 11.441040489441235, 32.26803514271241, 23.580120967559417, 46.36761968408892, 6.52185156096388, 38.036862348098, 55.58105479562587]","[{'INP': 32}, {'CONV': [64, 3]}, ({'CONV': [32, 3]}, {'CONV': [64, 5]}), ({'CONV': [32, 5]}, {'CONV': [64, 5]}, {'POOLMAX': [-1, 2]}), ({'CONV': [128, 3]}, {'CONV': [32, 3]}), ({'CONV': [64, 3]}, {'CONV': [256, 5]}, {'POOLMAX': [-1, 2]}), ({'CONV': [128, 5]}, {'CONV': [256, 3]}), ({'CONV': [32, 3]}, {'CONV': [256, 3]}, {'POOLMAX': [-1, 2]}), ({'CONV': [128, 3]}, {'CONV': [256, 3]}), ({'CONV': [256, 3]}, {'CONV': [256, 5]}, {'POOLMAX': [-1, 2]}), {'GLOBAL_AVG': None}, {'LAST_DENSE': [100, 'softmax']}]",HHSE,NSGA2,,,,,0.7137491759543683,,,,886164480,4826916,,,,,,"[3, 11, 31, 23, 46, 6, 38, 55]",0.733334503877598,-7.14281411823281e-05,0.0,0.0,0.125,0.0,0.94,0,0,0,100,0,0.0,BEST,False,False,42,True,True,GREEDY,,,GREEDY_HV
BGBIGD,22,23,1,1,0.01,False,False,"[56, 37, 53, 45, 10, 6, 38, 22]",[],"[56.26272600314503, 37.246057982427004, 53.91581492203141, 45.23326195417224, 10.688618305179192, 6.504357697966115, 38.95403672845877, 22.83998473710826]","[{'INP': 32}, {'CONV': [64, 3]}, ({'CONV': [256, 5]}, {'CONV': [32, 3]}), ({'CONV': [128, 3]}, {'CONV': [128, 5]}, {'POOLMAX': [-1, 2]}), ({'CONV': [256, 3]}, {'CONV': [128, 5]}), ({'CONV': [128, 5]}, {'CONV': [128, 5]}, {'POOLMAX': [-1, 2]}), ({'CONV': [32, 5]}, {'CONV': [64, 3]}), ({'CONV': [32, 3]}, {'CONV': [256, 3]}, {'POOLMAX': [-1, 2]}), ({'CONV': [128, 3]}, {'CONV': [256, 3]}), ({'CONV': [64, 3]}, {'CONV': [256, 3]}, {'POOLMAX': [-1, 2]}), {'GLOBAL_AVG': None}, {'LAST_DENSE': [100, 'softmax']}]",HHSE,NSGA2,,,,,0.6922093353542051,,,,2958084096,3997604,,,,,,,0.6795355863960552,0.0,0.0,0.0,0.0,0.0,0.01,0,11,0,100,0,0.11,BEST,False,False,312,True,True,GREEDY,,,GREEDY_HV
BGBIGD,22,23,2,1,0.02,False,False,"[56, 37, 53, 45, 10, 6, 38, 22]",[],"[56.26272600314503, 37.246057982427004, 53.91581492203141, 45.23326195417224, 10.688618305179192, 6.504357697966115, 38.95403672845877, 22.83998473710826]","[{'INP': 32}, {'CONV': [64, 3]}, ({'CONV': [256, 5]}, {'CONV': [32, 3]}), ({'CONV': [128, 3]}, {'CONV': [128, 5]}, {'POOLMAX': [-1, 2]}), ({'CONV': [256, 3]}, {'CONV': [128, 5]}), ({'CONV': [128, 5]}, {'CONV': [128, 5]}, {'POOLMAX': [-1, 2]}), ({'CONV': [32, 5]}, {'CONV': [64, 3]}), ({'CONV': [32, 3]}, {'CONV': [256, 3]}, {'POOLMAX': [-1, 2]}), ({'CONV': [128, 3]}, {'CONV': [256, 3]}), ({'CONV': [64, 3]}, {'CONV': [256, 3]}, {'POOLMAX': [-1, 2]}), {'GLOBAL_AVG': None}, {'LAST_DENSE': [100, 'softmax']}]",HHSE,NSGA2,,,,,0.6922093353542051,,,,2958084096,3997604,,,,,,,0.6868102028166537,-0.0001822490021742,0.0,0.0,0.0,0.0,0.01,0,1,0,100,0,0.01,BEST,False,False,312,True,True,GREEDY,,,GREEDY_HV
BGBIGD,22,23,3,1,0.03,False,False,"[56, 37, 53, 45, 10, 6, 38, 22]",[],"[56.26272600314503, 37.246057982427004, 53.91581492203141, 45.23326195417224, 10.688618305179192, 6.504357697966115, 38.95403672845877, 22.83998473710826]","[{'INP': 32}, {'CONV': [64, 3]}, ({'CONV': [256, 5]}, {'CONV': [32, 3]}), ({'CONV': [128, 3]}, {'CONV': [128, 5]}, {'POOLMAX': [-1, 2]}), ({'CONV': [256, 3]}, {'CONV': [128, 5]}), ({'CONV': [128, 5]}, {'CONV': [128, 5]}, {'POOLMAX': [-1, 2]}), ({'CONV': [32, 5]}, {'CONV': [64, 3]}), ({'CONV': [32, 3]}, {'CONV': [256, 3]}, {'POOLMAX': [-1, 2]}), ({'CONV': [128, 3]}, {'CONV': [256, 3]}), ({'CONV': [64, 3]}, {'CONV': [256, 3]}, {'POOLMAX': [-1, 2]}), {'GLOBAL_AVG': None}, {'LAST_DENSE': [100, 'softmax']}]",HHSE,NSGA2,,,,,0.6922093353542051,,,,2958084096,3997604,,,,,,,0.694466405242349,-0.0019156948666392,0.0,0.0,0.0,0.0,0.01,0,0,0,100,0,0.0,BEST,False,False,312,True,True,GREEDY,,,GREEDY_HV
BYKHKC[M][M],22,23,4,4,0.04,True,True,"[2, 18, 20, 14, 23, 6, 21, 55]",[],"[2.111747232368959, 18.563184098068437, 20.332455470410682, 14.716815451900947, 23.527272266003497, 6.136141039565257, 21.449066937740874, 55.05366183454253]","[{'INP': 32}, {'CONV': [64, 3]}, ({'CONV': [32, 3]}, {'CONV': [64, 3]}), ({'CONV': [64, 3]}, {'CONV': [64, 3]}, {'POOLMAX': [-1, 2]}), ({'CONV': [64, 3]}, {'CONV': [128, 3]}), ({'CONV': [32, 5]}, {'CONV': [256, 3]}, {'POOLMAX': [-1, 2]}), ({'CONV': [64, 3]}, {'CONV': [256, 5]}), ({'CONV': [32, 3]}, {'CONV': [256, 3]}, {'POOLMAX': [-1, 2]}), ({'CONV': [64, 3]}, {'CONV': [128, 5]}), ({'CONV': [256, 3]}, {'CONV': [256, 5]}, {'POOLMAX': [-1, 2]}), {'GLOBAL_AVG': None}, {'LAST_DENSE': [100, 'softmax']}]",HHSE,NSGA2,,,,,0.7035306341942897,,,,543145984,3423140,,,,,,"[24, 5, 20, 28, 11, 8, 62, 31]",0.6907929228242466,-0.0017932086687741,0.0,0.0,0.875,0.875,0.04,0,0,0,100,0,0.0,BEST,False,False,216,True,True,GREEDY,,,GREEDY_HV
BYKHKC[M][M],22,23,5,4,0.05,True,True,"[2, 18, 20, 14, 23, 6, 21, 55]",[],"[2.111747232368959, 18.563184098068437, 20.332455470410682, 14.716815451900947, 23.527272266003497, 6.136141039565257, 21.449066937740874, 55.05366183454253]","[{'INP': 32}, {'CONV': [64, 3]}, ({'CONV': [32, 3]}, {'CONV': [64, 3]}), ({'CONV': [64, 3]}, {'CONV': [64, 3]}, {'POOLMAX': [-1, 2]}), ({'CONV': [64, 3]}, {'CONV': [128, 3]}), ({'CONV': [32, 5]}, {'CONV': [256, 3]}, {'POOLMAX': [-1, 2]}), ({'CONV': [64, 3]}, {'CONV': [256, 5]}), ({'CONV': [32, 3]}, {'CONV': [256, 3]}, {'POOLMAX': [-1, 2]}), ({'CONV': [64, 3]}, {'CONV': [128, 5]}), ({'CONV': [256, 3]}, {'CONV': [256, 5]}, {'POOLMAX': [-1, 2]}), {'GLOBAL_AVG': None}, {'LAST_DENSE': [100, 'softmax']}]",HHSE,NSGA2,,,,,0.7035306341942897,,,,543145984,3423140,,,,,,"[24, 5, 20, 28, 11, 8, 62, 31]",0.7074462244596549,-0.0022938896976489,0.0,0.0,0.875,0.0,0.04,0,0,0,100,0,0.0,BEST,False,False,216,True,True,GREEDY,,,GREEDY_HV
BYKHKC[M][M],22,23,6,4,0.06,True,True,"[2, 18, 20, 14, 23, 6, 21, 55]",[],"[2.111747232368959, 18.563184098068437, 20.332455470410682, 14.716815451900947, 23.527272266003497, 6.136141039565257, 21.449066937740874, 55.05366183454253]","[{'INP': 32}, {'CONV': [64, 3]}, ({'CONV': [32, 3]}, {'CONV': [64, 3]}), ({'CONV': [64, 3]}, {'CONV': [64, 3]}, {'POOLMAX': [-1, 2]}), ({'CONV': [64, 3]}, {'CONV': [128, 3]}), ({'CONV': [32, 5]}, {'CONV': [256, 3]}, {'POOLMAX': [-1, 2]}), ({'CONV': [64, 3]}, {'CONV': [256, 5]}), ({'CONV': [32, 3]}, {'CONV': [256, 3]}, {'POOLMAX': [-1, 2]}), ({'CONV': [64, 3]}, {'CONV': [128, 5]}), ({'CONV': [256, 3]}, {'CONV': [256, 5]}, {'POOLMAX': [-1, 2]}), {'GLOBAL_AVG': None}, {'LAST_DENSE': [100, 'softmax']}]",HHSE,NSGA2,,,,,0.7035306341942897,,,,543145984,3423140,,,,,,"[24, 5, 20, 28, 11, 8, 62, 31]",0.7134574438557859,-0.0016672728151851,0.0,0.0,0.875,0.0,0.04,0,1,0,100,0,0.01,BEST,False,False,216,True,True,GREEDY,,,GREEDY_HV
BYKHKC[M][M],22,23,7,4,0.07,True,True,"[2, 18, 20, 14, 23, 6, 21, 55]",[],"[2.111747232368959, 18.563184098068437, 20.332455470410682, 14.716815451900947, 23.527272266003497, 6.136141039565257, 21.449066937740874, 55.05366183454253]","[{'INP': 32}, {'CONV': [64, 3]}, ({'CONV': [32, 3]}, {'CONV': [64, 3]}), ({'CONV': [64, 3]}, {'CONV': [64, 3]}, {'POOLMAX': [-1, 2]}), ({'CONV': [64, 3]}, {'CONV': [128, 3]}), ({'CONV': [32, 5]}, {'CONV': [256, 3]}, {'POOLMAX': [-1, 2]}), ({'CONV': [64, 3]}, {'CONV': [256, 5]}), ({'CONV': [32, 3]}, {'CONV': [256, 3]}, {'POOLMAX': [-1, 2]}), ({'CONV': [64, 3]}, {'CONV': [128, 5]}), ({'CONV': [256, 3]}, {'CONV': [256, 5]}, {'POOLMAX': [-1, 2]}), {'GLOBAL_AVG': None}, {'LAST_DENSE': [100, 'softmax']}]",HHSE,NSGA2,,,,,0.7035306341942897,,,,543145984,3423140,,,,,,"[24, 5, 20, 28, 11, 8, 62, 31]",0.7166152247829739,-0.0008507520464019,0.0,0.0,0.875,0.0,0.04,0,1,0,100,0,0.01,BEST,False,False,216,True,True,GREEDY,,,GREEDY_HV
BYKHKC[M][M],22,23,8,4,0.08,True,True,"[2, 18, 20, 14, 23, 6, 21, 55]",[],"[2.111747232368959, 18.563184098068437, 20.332455470410682, 14.716815451900947, 23.527272266003497, 6.136141039565257, 21.449066937740874, 55.05366183454253]","[{'INP': 32}, {'CONV': [64, 3]}, ({'CONV': [32, 3]}, {'CONV': [64, 3]}), ({'CONV': [64, 3]}, {'CONV': [64, 3]}, {'POOLMAX': [-1, 2]}), ({'CONV': [64, 3]}, {'CONV': [128, 3]}), ({'CONV': [32, 5]}, {'CONV': [256, 3]}, {'POOLMAX': [-1, 2]}), ({'CONV': [64, 3]}, {'CONV': [256, 5]}), ({'CONV': [32, 3]}, {'CONV': [256, 3]}, {'POOLMAX': [-1, 2]}), ({'CONV': [64, 3]}, {'CONV': [128, 5]}), ({'CONV': [256, 3]}, {'CONV': [256, 5]}, {'POOLMAX': [-1, 2]}), {'GLOBAL_AVG': None}, {'LAST_DENSE': [100, 'softmax']}]",HHSE,NSGA2,,,,,0.7035306341942897,,,,543145984,3423140,,,,,,"[24, 5, 20, 28, 11, 8, 62, 31]",0.7167953587475997,-0.000615169211247,0.0,0.0,0.875,0.0,0.04,0,1,0,100,0,0.01,BEST,False,False,216,True,True,GREEDY,,,GREEDY_HV
BYKHKC[M][M],22,23,9,4,0.09,True,True,"[2, 18, 20, 14, 23, 6, 21, 55]",[],"[2.111747232368959, 18.563184098068437, 20.332455470410682, 14.716815451900947, 23.527272266003497, 6.136141039565257, 21.449066937740874, 55.05366183454253]","[{'INP': 32}, {'CONV': [64, 3]}, ({'CONV': [32, 3]}, {'CONV': [64, 3]}), ({'CONV': [64, 3]}, {'CONV': [64, 3]}, {'POOLMAX': [-1, 2]}), ({'CONV': [64, 3]}, {'CONV': [128, 3]}), ({'CONV': [32, 5]}, {'CONV': [256, 3]}, {'POOLMAX': [-1, 2]}), ({'CONV': [64, 3]}, {'CONV': [256, 5]}), ({'CONV': [32, 3]}, {'CONV': [256, 3]}, {'POOLMAX': [-1, 2]}), ({'CONV': [64, 3]}, {'CONV': [128, 5]}), ({'CONV': [256, 3]}, {'CONV': [256, 5]}, {'POOLMAX': [-1, 2]}), {'GLOBAL_AVG': None}, {'LAST_DENSE': [100, 'softmax']}]",HHSE,NSGA2,,,,,0.7035306341942897,,,,543145984,3423140,,,,,,"[24, 5, 20, 28, 11, 8, 62, 31]",0.716842562857153,-0.0007926638077,0.0,0.0,0.875,0.0,0.04,0,2,0,100,0,0.02,BEST,False,False,216,True,True,GREEDY,,,GREEDY_HV
BYKHKC[M][M],22,23,10,4,0.1,True,True,"[2, 18, 20, 14, 23, 6, 21, 55]",[],"[2.111747232368959, 18.563184098068437, 20.332455470410682, 14.716815451900947, 23.527272266003497, 6.136141039565257, 21.449066937740874, 55.05366183454253]","[{'INP': 32}, {'CONV': [64, 3]}, ({'CONV': [32, 3]}, {'CONV': [64, 3]}), ({'CONV': [64, 3]}, {'CONV': [64, 3]}, {'POOLMAX': [-1, 2]}), ({'CONV': [64, 3]}, {'CONV': [128, 3]}), ({'CONV': [32, 5]}, {'CONV': [256, 3]}, {'POOLMAX': [-1, 2]}), ({'CONV': [64, 3]}, {'CONV': [256, 5]}), ({'CONV': [32, 3]}, {'CONV': [256, 3]}, {'POOLMAX': [-1, 2]}), ({'CONV': [64, 3]}, {'CONV': [128, 5]}), ({'CONV': [256, 3]}, {'CONV': [256, 5]}, {'POOLMAX': [-1, 2]}), {'GLOBAL_AVG': None}, {'LAST_DENSE': [100, 'softmax']}]",HHSE,NSGA2,,,,,0.7035306341942897,,,,543145984,3423140,,,,,,"[24, 5, 20, 28, 11, 8, 62, 31]",0.7170480722413961,-0.0004653788366565,0.0,0.0,0.875,0.0,0.04,0,0,0,100,0,0.0,BEST,False,False,216,True,True,GREEDY,,,GREEDY_HV
BYKHKC[M][M],22,23,11,4,0.11,True,True,"[2, 18, 20, 14, 23, 6, 21, 55]",[],"[2.111747232368959, 18.563184098068437, 20.332455470410682, 14.716815451900947, 23.527272266003497, 6.136141039565257, 21.449066937740874, 55.05366183454253]","[{'INP': 32}, {'CONV': [64, 3]}, ({'CONV': [32, 3]}, {'CONV': [64, 3]}), ({'CONV': [64, 3]}, {'CONV': [64, 3]}, {'POOLMAX': [-1, 2]}), ({'CONV': [64, 3]}, {'CONV': [128, 3]}), ({'CONV': [32, 5]}, {'CONV': [256, 3]}, {'POOLMAX': [-1, 2]}), ({'CONV': [64, 3]}, {'CONV': [256, 5]}), ({'CONV': [32, 3]}, {'CONV': [256, 3]}, {'POOLMAX': [-1, 2]}), ({'CONV': [64, 3]}, {'CONV': [128, 5]}), ({'CONV': [256, 3]}, {'CONV': [256, 5]}, {'POOLMAX': [-1, 2]}), {'GLOBAL_AVG': None}, {'LAST_DENSE': [100, 'softmax']}]",HHSE,NSGA2,,,,,0.7035306341942897,,,,543145984,3423140,,,,,,"[24, 5, 20, 28, 11, 8, 62, 31]",0.7170218370578922,-0.0001685785804379,0.0,0.0,0.875,0.0,0.04,0,0,0,100,0,0.0,BEST,False,False,216,True,True,GREEDY,,,GREEDY_HV
BYKHKC[M][M],22,23,12,4,0.12,True,True,"[2, 18, 20, 14, 23, 6, 21, 55]",[],"[2.111747232368959, 18.563184098068437, 20.332455470410682, 14.716815451900947, 23.527272266003497, 6.136141039565257, 21.449066937740874, 55.05366183454253]","[{'INP': 32}, {'CONV': [64, 3]}, ({'CONV': [32, 3]}, {'CONV': [64, 3]}), ({'CONV': [64, 3]}, {'CONV': [64, 3]}, {'POOLMAX': [-1, 2]}), ({'CONV': [64, 3]}, {'CONV': [128, 3]}), ({'CONV': [32, 5]}, {'CONV': [256, 3]}, {'POOLMAX': [-1, 2]}), ({'CONV': [64, 3]}, {'CONV': [256, 5]}), ({'CONV': [32, 3]}, {'CONV': [256, 3]}, {'POOLMAX': [-1, 2]}), ({'CONV': [64, 3]}, {'CONV': [128, 5]}), ({'CONV': [256, 3]}, {'CONV': [256, 5]}, {'POOLMAX': [-1, 2]}), {'GLOBAL_AVG': None}, {'LAST_DENSE': [100, 'softmax']}]",HHSE,NSGA2,,,,,0.7035306341942897,,,,543145984,3423140,,,,,,"[24, 5, 20, 28, 11, 8, 62, 31]",0.71709145385618,-0.0025984179834761,0.0,0.0,0.875,0.0,0.04,0,1,0,100,0,0.01,BEST,False,False,216,True,True,GREEDY,,,GREEDY_HV
BYKHKC[M][M],22,23,13,4,0.13,True,True,"[2, 18, 20, 14, 23, 6, 21, 55]",[],"[2.111747232368959, 18.563184098068437, 20.332455470410682, 14.716815451900947, 23.527272266003497, 6.136141039565257, 21.449066937740874, 55.05366183454253]","[{'INP': 32}, {'CONV': [64, 3]}, ({'CONV': [32, 3]}, {'CONV': [64, 3]}), ({'CONV': [64, 3]}, {'CONV': [64, 3]}, {'POOLMAX': [-1, 2]}), ({'CONV': [64, 3]}, {'CONV': [128, 3]}), ({'CONV': [32, 5]}, {'CONV': [256, 3]}, {'POOLMAX': [-1, 2]}), ({'CONV': [64, 3]}, {'CONV': [256, 5]}), ({'CONV': [32, 3]}, {'CONV': [256, 3]}, {'POOLMAX': [-1, 2]}), ({'CONV': [64, 3]}, {'CONV': [128, 5]}), ({'CONV': [256, 3]}, {'CONV': [256, 5]}, {'POOLMAX': [-1, 2]}), {'GLOBAL_AVG': None}, {'LAST_DENSE': [100, 'softmax']}]",HHSE,NSGA2,,,,,0.7035306341942897,,,,543145984,3423140,,,,,,"[24, 5, 20, 28, 11, 8, 62, 31]",0.7201534498127763,0.0012527868847278,0.0,0.0,0.875,0.0,0.04,0,1,0,100,0,0.01,BEST,False,False,216,True,True,GREEDY,,,GREEDY_HV
BYKHKC[M][M],22,23,14,4,0.14,True,True,"[2, 18, 20, 14, 23, 6, 21, 55]",[],"[2.111747232368959, 18.563184098068437, 20.332455470410682, 14.716815451900947, 23.527272266003497, 6.136141039565257, 21.449066937740874, 55.05366183454253]","[{'INP': 32}, {'CONV': [64, 3]}, ({'CONV': [32, 3]}, {'CONV': [64, 3]}), ({'CONV': [64, 3]}, {'CONV': [64, 3]}, {'POOLMAX': [-1, 2]}), ({'CONV': [64, 3]}, {'CONV': [128, 3]}), ({'CONV': [32, 5]}, {'CONV': [256, 3]}, {'POOLMAX': [-1, 2]}), ({'CONV': [64, 3]}, {'CONV': [256, 5]}), ({'CONV': [32, 3]}, {'CONV': [256, 3]}, {'POOLMAX': [-1, 2]}), ({'CONV': [64, 3]}, {'CONV': [128, 5]}), ({'CONV': [256, 3]}, {'CONV': [256, 5]}, {'POOLMAX': [-1, 2]}), {'GLOBAL_AVG': None}, {'LAST_DENSE': [100, 'softmax']}]",HHSE,NSGA2,,,,,0.7035306341942897,,,,543145984,3423140,,,,,,"[24, 5, 20, 28, 11, 8, 62, 31]",0.7172690912403553,-0.0002425608833998,0.0,0.0,0.875,0.0,0.04,0,1,0,100,0,0.01,BEST,False,False,216,True,True,GREEDY,,,GREEDY_HV
BYKHKC[M][M],22,23,15,4,0.15,True,True,"[2, 18, 20, 14, 23, 6, 21, 55]",[],"[2.111747232368959, 18.563184098068437, 20.332455470410682, 14.716815451900947, 23.527272266003497, 6.136141039565257, 21.449066937740874, 55.05366183454253]","[{'INP': 32}, {'CONV': [64, 3]}, ({'CONV': [32, 3]}, {'CONV': [64, 3]}), ({'CONV': [64, 3]}, {'CONV': [64, 3]}, {'POOLMAX': [-1, 2]}), ({'CONV': [64, 3]}, {'CONV': [128, 3]}), ({'CONV': [32, 5]}, {'CONV': [256, 3]}, {'POOLMAX': [-1, 2]}), ({'CONV': [64, 3]}, {'CONV': [256, 5]}), ({'CONV': [32, 3]}, {'CONV': [256, 3]}, {'POOLMAX': [-1, 2]}), ({'CONV': [64, 3]}, {'CONV': [128, 5]}), ({'CONV': [256, 3]}, {'CONV': [256, 5]}, {'POOLMAX': [-1, 2]}), {'GLOBAL_AVG': None}, {'LAST_DENSE': [100, 'softmax']}]",HHSE,NSGA2,,,,,0.7035306341942897,,,,543145984,3423140,,,,,,"[24, 5, 20, 28, 11, 8, 62, 31]",0.7176623965515043,-0.0010659296863887,0.0,0.0,0.875,0.0,0.04,0,1,0,100,0,0.01,BEST,False,False,216,True,True,GREEDY,,,GREEDY_HV
BYKHKC[M][M],22,23,16,4,0.16,True,True,"[2, 18, 20, 14, 23, 6, 21, 55]",[],"[2.111747232368959, 18.563184098068437, 20.332455470410682, 14.716815451900947, 23.527272266003497, 6.136141039565257, 21.449066937740874, 55.05366183454253]","[{'INP': 32}, {'CONV': [64, 3]}, ({'CONV': [32, 3]}, {'CONV': [64, 3]}), ({'CONV': [64, 3]}, {'CONV': [64, 3]}, {'POOLMAX': [-1, 2]}), ({'CONV': [64, 3]}, {'CONV': [128, 3]}), ({'CONV': [32, 5]}, {'CONV': [256, 3]}, {'POOLMAX': [-1, 2]}), ({'CONV': [64, 3]}, {'CONV': [256, 5]}), ({'CONV': [32, 3]}, {'CONV': [256, 3]}, {'POOLMAX': [-1, 2]}), ({'CONV': [64, 3]}, {'CONV': [128, 5]}), ({'CONV': [256, 3]}, {'CONV': [256, 5]}, {'POOLMAX': [-1, 2]}), {'GLOBAL_AVG': None}, {'LAST_DENSE': [100, 'softmax']}]",HHSE,NSGA2,,,,,0.7035306341942897,,,,543145984,3423140,,,,,,"[24, 5, 20, 28, 11, 8, 62, 31]",0.7176930810434721,-0.0012459920948106,0.0,0.0,0.875,0.0,0.04,0,0,0,100,0,0.0,BEST,False,False,216,True,True,GREEDY,,,GREEDY_HV
BYKHKC[M][M],22,23,17,4,0.17,True,True,"[2, 18, 20, 14, 23, 6, 21, 55]",[],"[2.111747232368959, 18.563184098068437, 20.332455470410682, 14.716815451900947, 23.527272266003497, 6.136141039565257, 21.449066937740874, 55.05366183454253]","[{'INP': 32}, {'CONV': [64, 3]}, ({'CONV': [32, 3]}, {'CONV': [64, 3]}), ({'CONV': [64, 3]}, {'CONV': [64, 3]}, {'POOLMAX': [-1, 2]}), ({'CONV': [64, 3]}, {'CONV': [128, 3]}), ({'CONV': [32, 5]}, {'CONV': [256, 3]}, {'POOLMAX': [-1, 2]}), ({'CONV': [64, 3]}, {'CONV': [256, 5]}), ({'CONV': [32, 3]}, {'CONV': [256, 3]}, {'POOLMAX': [-1, 2]}), ({'CONV': [64, 3]}, {'CONV': [128, 5]}), ({'CONV': [256, 3]}, {'CONV': [256, 5]}, {'POOLMAX': [-1, 2]}), {'GLOBAL_AVG': None}, {'LAST_DENSE': [100, 'softmax']}]",HHSE,NSGA2,,,,,0.7035306341942897,,,,543145984,3423140,,,,,,"[24, 5, 20, 28, 11, 8, 62, 31]",0.7178790548433585,-0.0005960999113847,0.0,0.0,0.875,0.0,0.04,0,0,0,100,0,0.0,BEST,False,False,216,True,True,GREEDY,,,GREEDY_HV
BYKHKC[M][M],22,23,18,4,0.18,True,True,"[2, 18, 20, 14, 23, 6, 21, 55]",[],"[2.111747232368959, 18.563184098068437, 20.332455470410682, 14.716815451900947, 23.527272266003497, 6.136141039565257, 21.449066937740874, 55.05366183454253]","[{'INP': 32}, {'CONV': [64, 3]}, ({'CONV': [32, 3]}, {'CONV': [64, 3]}), ({'CONV': [64, 3]}, {'CONV': [64, 3]}, {'POOLMAX': [-1, 2]}), ({'CONV': [64, 3]}, {'CONV': [128, 3]}), ({'CONV': [32, 5]}, {'CONV': [256, 3]}, {'POOLMAX': [-1, 2]}), ({'CONV': [64, 3]}, {'CONV': [256, 5]}), ({'CONV': [32, 3]}, {'CONV': [256, 3]}, {'POOLMAX': [-1, 2]}), ({'CONV': [64, 3]}, {'CONV': [128, 5]}), ({'CONV': [256, 3]}, {'CONV': [256, 5]}, {'POOLMAX': [-1, 2]}), {'GLOBAL_AVG': None}, {'LAST_DENSE': [100, 'softmax']}]",HHSE,NSGA2,,,,,0.7035306341942897,,,,543145984,3423140,,,,,,"[24, 5, 20, 28, 11, 8, 62, 31]",0.7181010623043974,-0.0002806021637914,0.0,0.0,0.875,0.0,0.04,0,0,0,100,0,0.0,BEST,False,False,216,True,True,GREEDY,,,GREEDY_HV
BYKHKC[M][M],22,23,19,4,0.19,True,True,"[2, 18, 20, 14, 23, 6, 21, 55]",[],"[2.111747232368959, 18.563184098068437, 20.332455470410682, 14.716815451900947, 23.527272266003497, 6.136141039565257, 21.449066937740874, 55.05366183454253]","[{'INP': 32}, {'CONV': [64, 3]}, ({'CONV': [32, 3]}, {'CONV': [64, 3]}), ({'CONV': [64, 3]}, {'CONV': [64, 3]}, {'POOLMAX': [-1, 2]}), ({'CONV': [64, 3]}, {'CONV': [128, 3]}), ({'CONV': [32, 5]}, {'CONV': [256, 3]}, {'POOLMAX': [-1, 2]}), ({'CONV': [64, 3]}, {'CONV': [256, 5]}), ({'CONV': [32, 3]}, {'CONV': [256, 3]}, {'POOLMAX': [-1, 2]}), ({'CONV': [64, 3]}, {'CONV': [128, 5]}), ({'CONV': [256, 3]}, {'CONV': [256, 5]}, {'POOLMAX': [-1, 2]}), {'GLOBAL_AVG': None}, {'LAST_DENSE': [100, 'softmax']}]",HHSE,NSGA2,,,,,0.7035306341942897,,,,543145984,3423140,,,,,,"[24, 5, 20, 28, 11, 8, 62, 31]",0.7202715599643637,0.0014459418820285,0.0,0.0,0.875,0.0,0.04,0,0,0,100,0,0.0,BEST,False,False,216,True,True,GREEDY,,,GREEDY_HV
BYKHKC[M][M],22,23,20,4,0.2,True,True,"[2, 18, 20, 14, 23, 6, 21, 55]",[],"[2.111747232368959, 18.563184098068437, 20.332455470410682, 14.716815451900947, 23.527272266003497, 6.136141039565257, 21.449066937740874, 55.05366183454253]","[{'INP': 32}, {'CONV': [64, 3]}, ({'CONV': [32, 3]}, {'CONV': [64, 3]}), ({'CONV': [64, 3]}, {'CONV': [64, 3]}, {'POOLMAX': [-1, 2]}), ({'CONV': [64, 3]}, {'CONV': [128, 3]}), ({'CONV': [32, 5]}, {'CONV': [256, 3]}, {'POOLMAX': [-1, 2]}), ({'CONV': [64, 3]}, {'CONV': [256, 5]}), ({'CONV': [32, 3]}, {'CONV': [256, 3]}, {'POOLMAX': [-1, 2]}), ({'CONV': [64, 3]}, {'CONV': [128, 5]}), ({'CONV': [256, 3]}, {'CONV': [256, 5]}, {'POOLMAX': [-1, 2]}), {'GLOBAL_AVG': None}, {'LAST_DENSE': [100, 'softmax']}]",HHSE,NSGA2,,,,,0.7035306341942897,,,,543145984,3423140,,,,,,"[24, 5, 20, 28, 11, 8, 62, 31]",0.7181664066475565,-0.000560169173374,0.0,0.0,0.875,0.0,0.04,0,0,0,100,0,0.0,BEST,False,False,216,True,True,GREEDY,,,GREEDY_HV
BYKHKC[M][M],22,23,21,4,0.21,True,True,"[2, 18, 20, 14, 23, 6, 21, 55]",[],"[2.111747232368959, 18.563184098068437, 20.332455470410682, 14.716815451900947, 23.527272266003497, 6.136141039565257, 21.449066937740874, 55.05366183454253]","[{'INP': 32}, {'CONV': [64, 3]}, ({'CONV': [32, 3]}, {'CONV': [64, 3]}), ({'CONV': [64, 3]}, {'CONV': [64, 3]}, {'POOLMAX': [-1, 2]}), ({'CONV': [64, 3]}, {'CONV': [128, 3]}), ({'CONV': [32, 5]}, {'CONV': [256, 3]}, {'POOLMAX': [-1, 2]}), ({'CONV': [64, 3]}, {'CONV': [256, 5]}), ({'CONV': [32, 3]}, {'CONV': [256, 3]}, {'POOLMAX': [-1, 2]}), ({'CONV': [64, 3]}, {'CONV': [128, 5]}), ({'CONV': [256, 3]}, {'CONV': [256, 5]}, {'POOLMAX': [-1, 2]}), {'GLOBAL_AVG': None}, {'LAST_DENSE': [100, 'softmax']}]",HHSE,NSGA2,,,,,0.7035306341942897,,,,543145984,3423140,,,,,,"[24, 5, 20, 28, 11, 8, 62, 31]",0.7183403434510375,-0.0011720828488567,0.0,0.0,0.875,0.0,0.04,0,0,0,100,0,0.0,BEST,False,False,216,True,True,GREEDY,,,GREEDY_HV
BYKHKC[M][M],22,23,22,4,0.22,True,True,"[2, 18, 20, 14, 23, 6, 21, 55]",[],"[2.111747232368959, 18.563184098068437, 20.332455470410682, 14.716815451900947, 23.527272266003497, 6.136141039565257, 21.449066937740874, 55.05366183454253]","[{'INP': 32}, {'CONV': [64, 3]}, ({'CONV': [32, 3]}, {'CONV': [64, 3]}), ({'CONV': [64, 3]}, {'CONV': [64, 3]}, {'POOLMAX': [-1, 2]}), ({'CONV': [64, 3]}, {'CONV': [128, 3]}), ({'CONV': [32, 5]}, {'CONV': [256, 3]}, {'POOLMAX': [-1, 2]}), ({'CONV': [64, 3]}, {'CONV': [256, 5]}), ({'CONV': [32, 3]}, {'CONV': [256, 3]}, {'POOLMAX': [-1, 2]}), ({'CONV': [64, 3]}, {'CONV': [128, 5]}), ({'CONV': [256, 3]}, {'CONV': [256, 5]}, {'POOLMAX': [-1, 2]}), {'GLOBAL_AVG': None}, {'LAST_DENSE': [100, 'softmax']}]",HHSE,NSGA2,,,,,0.7035306341942897,,,,543145984,3423140,,,,,,"[24, 5, 20, 28, 11, 8, 62, 31]",0.7184047518267127,-0.0009816052823875,0.0,0.0,0.875,0.0,0.04,0,0,0,100,0,0.0,BEST,False,False,216,True,True,GREEDY,,,GREEDY_HV
BYKHKC[M][M],22,23,23,4,0.23,True,True,"[2, 18, 20, 14, 23, 6, 21, 55]",[],"[2.111747232368959, 18.563184098068437, 20.332455470410682, 14.716815451900947, 23.527272266003497, 6.136141039565257, 21.449066937740874, 55.05366183454253]","[{'INP': 32}, {'CONV': [64, 3]}, ({'CONV': [32, 3]}, {'CONV': [64, 3]}), ({'CONV': [64, 3]}, {'CONV': [64, 3]}, {'POOLMAX': [-1, 2]}), ({'CONV': [64, 3]}, {'CONV': [128, 3]}), ({'CONV': [32, 5]}, {'CONV': [256, 3]}, {'POOLMAX': [-1, 2]}), ({'CONV': [64, 3]}, {'CONV': [256, 5]}), ({'CONV': [32, 3]}, {'CONV': [256, 3]}, {'POOLMAX': [-1, 2]}), ({'CONV': [64, 3]}, {'CONV': [128, 5]}), ({'CONV': [256, 3]}, {'CONV': [256, 5]}, {'POOLMAX': [-1, 2]}), {'GLOBAL_AVG': None}, {'LAST_DENSE': [100, 'softmax']}]",HHSE,NSGA2,,,,,0.7035306341942897,,,,543145984,3423140,,,,,,"[24, 5, 20, 28, 11, 8, 62, 31]",0.7184176140934727,-0.0004404136988417,0.0,0.0,0.875,0.0,0.04,0,0,0,100,0,0.0,BEST,False,False,216,True,True,GREEDY,,,GREEDY_HV
BYKHKC[M][M],22,23,24,4,0.24,True,True,"[2, 18, 20, 14, 23, 6, 21, 55]",[],"[2.111747232368959, 18.563184098068437, 20.332455470410682, 14.716815451900947, 23.527272266003497, 6.136141039565257, 21.449066937740874, 55.05366183454253]","[{'INP': 32}, {'CONV': [64, 3]}, ({'CONV': [32, 3]}, {'CONV': [64, 3]}), ({'CONV': [64, 3]}, {'CONV': [64, 3]}, {'POOLMAX': [-1, 2]}), ({'CONV': [64, 3]}, {'CONV': [128, 3]}), ({'CONV': [32, 5]}, {'CONV': [256, 3]}, {'POOLMAX': [-1, 2]}), ({'CONV': [64, 3]}, {'CONV': [256, 5]}), ({'CONV': [32, 3]}, {'CONV': [256, 3]}, {'POOLMAX': [-1, 2]}), ({'CONV': [64, 3]}, {'CONV': [128, 5]}), ({'CONV': [256, 3]}, {'CONV': [256, 5]}, {'POOLMAX': [-1, 2]}), {'GLOBAL_AVG': None}, {'LAST_DENSE': [100, 'softmax']}]",HHSE,NSGA2,,,,,0.7035306341942897,,,,543145984,3423140,,,,,,"[24, 5, 20, 28, 11, 8, 62, 31]",0.7193855444742566,-0.0009399957960966,0.0,0.0,0.875,0.0,0.04,0,0,0,100,0,0.0,BEST,False,False,216,True,True,GREEDY,,,GREEDY_HV
BYKHKC[M][M],22,23,25,4,0.25,True,True,"[2, 18, 20, 14, 23, 6, 21, 55]",[],"[2.111747232368959, 18.563184098068437, 20.332455470410682, 14.716815451900947, 23.527272266003497, 6.136141039565257, 21.449066937740874, 55.05366183454253]","[{'INP': 32}, {'CONV': [64, 3]}, ({'CONV': [32, 3]}, {'CONV': [64, 3]}), ({'CONV': [64, 3]}, {'CONV': [64, 3]}, {'POOLMAX': [-1, 2]}), ({'CONV': [64, 3]}, {'CONV': [128, 3]}), ({'CONV': [32, 5]}, {'CONV': [256, 3]}, {'POOLMAX': [-1, 2]}), ({'CONV': [64, 3]}, {'CONV': [256, 5]}), ({'CONV': [32, 3]}, {'CONV': [256, 3]}, {'POOLMAX': [-1, 2]}), ({'CONV': [64, 3]}, {'CONV': [128, 5]}), ({'CONV': [256, 3]}, {'CONV': [256, 5]}, {'POOLMAX': [-1, 2]}), {'GLOBAL_AVG': None}, {'LAST_DENSE': [100, 'softmax']}]",HHSE,NSGA2,,,,,0.7035306341942897,,,,543145984,3423140,,,,,,"[24, 5, 20, 28, 11, 8, 62, 31]",0.7194325293049899,-0.0001524205893346,0.0,0.0,0.875,0.0,0.04,0,1,0,100,0,0.01,BEST,False,False,216,True,True,GREEDY,,,GREEDY_HV
BYKHKC[M][M],22,23,26,4,0.26,True,True,"[2, 18, 20, 14, 23, 6, 21, 55]",[],"[2.111747232368959, 18.563184098068437, 20.332455470410682, 14.716815451900947, 23.527272266003497, 6.136141039565257, 21.449066937740874, 55.05366183454253]","[{'INP': 32}, {'CONV': [64, 3]}, ({'CONV': [32, 3]}, {'CONV': [64, 3]}), ({'CONV': [64, 3]}, {'CONV': [64, 3]}, {'POOLMAX': [-1, 2]}), ({'CONV': [64, 3]}, {'CONV': [128, 3]}), ({'CONV': [32, 5]}, {'CONV': [256, 3]}, {'POOLMAX': [-1, 2]}), ({'CONV': [64, 3]}, {'CONV': [256, 5]}), ({'CONV': [32, 3]}, {'CONV': [256, 3]}, {'POOLMAX': [-1, 2]}), ({'CONV': [64, 3]}, {'CONV': [128, 5]}), ({'CONV': [256, 3]}, {'CONV': [256, 5]}, {'POOLMAX': [-1, 2]}), {'GLOBAL_AVG': None}, {'LAST_DENSE': [100, 'softmax']}]",HHSE,NSGA2,,,,,0.7035306341942897,,,,543145984,3423140,,,,,,"[24, 5, 20, 28, 11, 8, 62, 31]",0.7194249637185903,-9.25897453235569e-05,0.0,0.0,0.875,0.0,0.04,0,0,0,100,0,0.0,BEST,False,False,216,True,True,GREEDY,,,GREEDY_HV
BYKHKC[M][M],22,23,27,4,0.27,True,True,"[2, 18, 20, 14, 23, 6, 21, 55]",[],"[2.111747232368959, 18.563184098068437, 20.332455470410682, 14.716815451900947, 23.527272266003497, 6.136141039565257, 21.449066937740874, 55.05366183454253]","[{'INP': 32}, {'CONV': [64, 3]}, ({'CONV': [32, 3]}, {'CONV': [64, 3]}), ({'CONV': [64, 3]}, {'CONV': [64, 3]}, {'POOLMAX': [-1, 2]}), ({'CONV': [64, 3]}, {'CONV': [128, 3]}), ({'CONV': [32, 5]}, {'CONV': [256, 3]}, {'POOLMAX': [-1, 2]}), ({'CONV': [64, 3]}, {'CONV': [256, 5]}), ({'CONV': [32, 3]}, {'CONV': [256, 3]}, {'POOLMAX': [-1, 2]}), ({'CONV': [64, 3]}, {'CONV': [128, 5]}), ({'CONV': [256, 3]}, {'CONV': [256, 5]}, {'POOLMAX': [-1, 2]}), {'GLOBAL_AVG': None}, {'LAST_DENSE': [100, 'softmax']}]",HHSE,NSGA2,,,,,0.7035306341942897,,,,543145984,3423140,,,,,,"[24, 5, 20, 28, 11, 8, 62, 31]",0.7194105329575821,-0.0002700664441125,0.0,0.0,0.875,0.0,0.04,0,0,0,100,0,0.0,BEST,False,False,216,True,True,GREEDY,,,GREEDY_HV
BYKHKC[M][M],22,23,28,4,0.28,True,True,"[2, 18, 20, 14, 23, 6, 21, 55]",[],"[2.111747232368959, 18.563184098068437, 20.332455470410682, 14.716815451900947, 23.527272266003497, 6.136141039565257, 21.449066937740874, 55.05366183454253]","[{'INP': 32}, {'CONV': [64, 3]}, ({'CONV': [32, 3]}, {'CONV': [64, 3]}), ({'CONV': [64, 3]}, {'CONV': [64, 3]}, {'POOLMAX': [-1, 2]}), ({'CONV': [64, 3]}, {'CONV': [128, 3]}), ({'CONV': [32, 5]}, {'CONV': [256, 3]}, {'POOLMAX': [-1, 2]}), ({'CONV': [64, 3]}, {'CONV': [256, 5]}), ({'CONV': [32, 3]}, {'CONV': [256, 3]}, {'POOLMAX': [-1, 2]}), ({'CONV': [64, 3]}, {'CONV': [128, 5]}), ({'CONV': [256, 3]}, {'CONV': [256, 5]}, {'POOLMAX': [-1, 2]}), {'GLOBAL_AVG': None}, {'LAST_DENSE': [100, 'softmax']}]",HHSE,NSGA2,,,,,0.7035306341942897,,,,543145984,3423140,,,,,,"[24, 5, 20, 28, 11, 8, 62, 31]",0.721589389291849,-3.278475066836872e-05,0.0,0.0,0.875,0.0,0.04,0,0,0,100,0,0.0,BEST,False,False,216,True,True,GREEDY,,,GREEDY_HV
BYKHKC[M][M],22,23,29,4,0.29,True,True,"[2, 18, 20, 14, 23, 6, 21, 55]",[],"[2.111747232368959, 18.563184098068437, 20.332455470410682, 14.716815451900947, 23.527272266003497, 6.136141039565257, 21.449066937740874, 55.05366183454253]","[{'INP': 32}, {'CONV': [64, 3]}, ({'CONV': [32, 3]}, {'CONV': [64, 3]}), ({'CONV': [64, 3]}, {'CONV': [64, 3]}, {'POOLMAX': [-1, 2]}), ({'CONV': [64, 3]}, {'CONV': [128, 3]}), ({'CONV': [32, 5]}, {'CONV': [256, 3]}, {'POOLMAX': [-1, 2]}), ({'CONV': [64, 3]}, {'CONV': [256, 5]}), ({'CONV': [32, 3]}, {'CONV': [256, 3]}, {'POOLMAX': [-1, 2]}), ({'CONV': [64, 3]}, {'CONV': [128, 5]}), ({'CONV': [256, 3]}, {'CONV': [256, 5]}, {'POOLMAX': [-1, 2]}), {'GLOBAL_AVG': None}, {'LAST_DENSE': [100, 'softmax']}]",HHSE,NSGA2,,,,,0.7035306341942897,,,,543145984,3423140,,,,,,"[24, 5, 20, 28, 11, 8, 62, 31]",0.7216569511062333,-2.69127534726632e-05,0.0,0.0,0.875,0.0,0.04,0,0,0,100,0,0.0,BEST,False,False,216,True,True,GREEDY,,,GREEDY_HV
BYKHKC[M][M],22,23,30,4,0.3,True,True,"[2, 18, 20, 14, 23, 6, 21, 55]",[],"[2.111747232368959, 18.563184098068437, 20.332455470410682, 14.716815451900947, 23.527272266003497, 6.136141039565257, 21.449066937740874, 55.05366183454253]","[{'INP': 32}, {'CONV': [64, 3]}, ({'CONV': [32, 3]}, {'CONV': [64, 3]}), ({'CONV': [64, 3]}, {'CONV': [64, 3]}, {'POOLMAX': [-1, 2]}), ({'CONV': [64, 3]}, {'CONV': [128, 3]}), ({'CONV': [32, 5]}, {'CONV': [256, 3]}, {'POOLMAX': [-1, 2]}), ({'CONV': [64, 3]}, {'CONV': [256, 5]}), ({'CONV': [32, 3]}, {'CONV': [256, 3]}, {'POOLMAX': [-1, 2]}), ({'CONV': [64, 3]}, {'CONV': [128, 5]}), ({'CONV': [256, 3]}, {'CONV': [256, 5]}, {'POOLMAX': [-1, 2]}), {'GLOBAL_AVG': None}, {'LAST_DENSE': [100, 'softmax']}]",HHSE,NSGA2,,,,,0.7035306341942897,,,,543145984,3423140,,,,,,"[24, 5, 20, 28, 11, 8, 62, 31]",0.7217204345157594,-0.0006984131817689,0.0,0.0,0.875,0.0,0.04,0,2,0,100,0,0.02,BEST,False,False,216,True,True,GREEDY,,,GREEDY_HV
BYKHKC[M][M],22,23,31,4,0.31,True,True,"[2, 18, 20, 14, 23, 6, 21, 55]",[],"[2.111747232368959, 18.563184098068437, 20.332455470410682, 14.716815451900947, 23.527272266003497, 6.136141039565257, 21.449066937740874, 55.05366183454253]","[{'INP': 32}, {'CONV': [64, 3]}, ({'CONV': [32, 3]}, {'CONV': [64, 3]}), ({'CONV': [64, 3]}, {'CONV': [64, 3]}, {'POOLMAX': [-1, 2]}), ({'CONV': [64, 3]}, {'CONV': [128, 3]}), ({'CONV': [32, 5]}, {'CONV': [256, 3]}, {'POOLMAX': [-1, 2]}), ({'CONV': [64, 3]}, {'CONV': [256, 5]}), ({'CONV': [32, 3]}, {'CONV': [256, 3]}, {'POOLMAX': [-1, 2]}), ({'CONV': [64, 3]}, {'CONV': [128, 5]}), ({'CONV': [256, 3]}, {'CONV': [256, 5]}, {'POOLMAX': [-1, 2]}), {'GLOBAL_AVG': None}, {'LAST_DENSE': [100, 'softmax']}]",HHSE,NSGA2,,,,,0.7035306341942897,,,,543145984,3423140,,,,,,"[24, 5, 20, 28, 11, 8, 62, 31]",0.7217689364450682,-2.479118496645505e-05,0.0,0.0,0.875,0.0,0.04,0,0,0,100,0,0.0,BEST,False,False,216,True,True,GREEDY,,,GREEDY_HV
BYKHKC[M][M],22,23,32,4,0.32,True,True,"[2, 18, 20, 14, 23, 6, 21, 55]",[],"[2.111747232368959, 18.563184098068437, 20.332455470410682, 14.716815451900947, 23.527272266003497, 6.136141039565257, 21.449066937740874, 55.05366183454253]","[{'INP': 32}, {'CONV': [64, 3]}, ({'CONV': [32, 3]}, {'CONV': [64, 3]}), ({'CONV': [64, 3]}, {'CONV': [64, 3]}, {'POOLMAX': [-1, 2]}), ({'CONV': [64, 3]}, {'CONV': [128, 3]}), ({'CONV': [32, 5]}, {'CONV': [256, 3]}, {'POOLMAX': [-1, 2]}), ({'CONV': [64, 3]}, {'CONV': [256, 5]}), ({'CONV': [32, 3]}, {'CONV': [256, 3]}, {'POOLMAX': [-1, 2]}), ({'CONV': [64, 3]}, {'CONV': [128, 5]}), ({'CONV': [256, 3]}, {'CONV': [256, 5]}, {'POOLMAX': [-1, 2]}), {'GLOBAL_AVG': None}, {'LAST_DENSE': [100, 'softmax']}]",HHSE,NSGA2,,,,,0.7035306341942897,,,,543145984,3423140,,,,,,"[24, 5, 20, 28, 11, 8, 62, 31]",0.721894652280766,-9.442555153116317e-06,0.0,0.0,0.875,0.0,0.04,0,0,0,100,0,0.0,BEST,False,False,216,True,True,GREEDY,,,GREEDY_HV
BYKHKC[M][M],22,23,33,4,0.33,True,True,"[2, 18, 20, 14, 23, 6, 21, 55]",[],"[2.111747232368959, 18.563184098068437, 20.332455470410682, 14.716815451900947, 23.527272266003497, 6.136141039565257, 21.449066937740874, 55.05366183454253]","[{'INP': 32}, {'CONV': [64, 3]}, ({'CONV': [32, 3]}, {'CONV': [64, 3]}), ({'CONV': [64, 3]}, {'CONV': [64, 3]}, {'POOLMAX': [-1, 2]}), ({'CONV': [64, 3]}, {'CONV': [128, 3]}), ({'CONV': [32, 5]}, {'CONV': [256, 3]}, {'POOLMAX': [-1, 2]}), ({'CONV': [64, 3]}, {'CONV': [256, 5]}), ({'CONV': [32, 3]}, {'CONV': [256, 3]}, {'POOLMAX': [-1, 2]}), ({'CONV': [64, 3]}, {'CONV': [128, 5]}), ({'CONV': [256, 3]}, {'CONV': [256, 5]}, {'POOLMAX': [-1, 2]}), {'GLOBAL_AVG': None}, {'LAST_DENSE': [100, 'softmax']}]",HHSE,NSGA2,,,,,0.7035306341942897,,,,543145984,3423140,,,,,,"[24, 5, 20, 28, 11, 8, 62, 31]",0.7219293264564972,-0.0001867102475751,0.0,0.0,0.875,0.0,0.04,0,0,0,100,0,0.0,BEST,False,False,216,True,True,GREEDY,,,GREEDY_HV
BYKHKC[M][M],22,23,34,4,0.34,True,True,"[2, 18, 20, 14, 23, 6, 21, 55]",[],"[2.111747232368959, 18.563184098068437, 20.332455470410682, 14.716815451900947, 23.527272266003497, 6.136141039565257, 21.449066937740874, 55.05366183454253]","[{'INP': 32}, {'CONV': [64, 3]}, ({'CONV': [32, 3]}, {'CONV': [64, 3]}), ({'CONV': [64, 3]}, {'CONV': [64, 3]}, {'POOLMAX': [-1, 2]}), ({'CONV': [64, 3]}, {'CONV': [128, 3]}), ({'CONV': [32, 5]}, {'CONV': [256, 3]}, {'POOLMAX': [-1, 2]}), ({'CONV': [64, 3]}, {'CONV': [256, 5]}), ({'CONV': [32, 3]}, {'CONV': [256, 3]}, {'POOLMAX': [-1, 2]}), ({'CONV': [64, 3]}, {'CONV': [128, 5]}), ({'CONV': [256, 3]}, {'CONV': [256, 5]}, {'POOLMAX': [-1, 2]}), {'GLOBAL_AVG': None}, {'LAST_DENSE': [100, 'softmax']}]",HHSE,NSGA2,,,,,0.7035306341942897,,,,543145984,3423140,,,,,,"[24, 5, 20, 28, 11, 8, 62, 31]",0.7219336560760987,-0.0003519130451318,0.0,0.0,0.875,0.0,0.04,0,0,0,100,0,0.0,BEST,False,False,216,True,True,GREEDY,,,GREEDY_HV
BYKHKC[M][M],22,23,35,4,0.35,True,True,"[2, 18, 20, 14, 23, 6, 21, 55]",[],"[2.111747232368959, 18.563184098068437, 20.332455470410682, 14.716815451900947, 23.527272266003497, 6.136141039565257, 21.449066937740874, 55.05366183454253]","[{'INP': 32}, {'CONV': [64, 3]}, ({'CONV': [32, 3]}, {'CONV': [64, 3]}), ({'CONV': [64, 3]}, {'CONV': [64, 3]}, {'POOLMAX': [-1, 2]}), ({'CONV': [64, 3]}, {'CONV': [128, 3]}), ({'CONV': [32, 5]}, {'CONV': [256, 3]}, {'POOLMAX': [-1, 2]}), ({'CONV': [64, 3]}, {'CONV': [256, 5]}), ({'CONV': [32, 3]}, {'CONV': [256, 3]}, {'POOLMAX': [-1, 2]}), ({'CONV': [64, 3]}, {'CONV': [128, 5]}), ({'CONV': [256, 3]}, {'CONV': [256, 5]}, {'POOLMAX': [-1, 2]}), {'GLOBAL_AVG': None}, {'LAST_DENSE': [100, 'softmax']}]",HHSE,NSGA2,,,,,0.7035306341942897,,,,543145984,3423140,,,,,,"[24, 5, 20, 28, 11, 8, 62, 31]",0.7219284831812429,-9.57045789071742e-05,0.0,0.0,0.875,0.0,0.04,0,1,0,100,0,0.01,BEST,False,False,216,True,True,GREEDY,,,GREEDY_HV
BYKHKC[M][M],22,23,36,4,0.36,True,True,"[2, 18, 20, 14, 23, 6, 21, 55]",[],"[2.111747232368959, 18.563184098068437, 20.332455470410682, 14.716815451900947, 23.527272266003497, 6.136141039565257, 21.449066937740874, 55.05366183454253]","[{'INP': 32}, {'CONV': [64, 3]}, ({'CONV': [32, 3]}, {'CONV': [64, 3]}), ({'CONV': [64, 3]}, {'CONV': [64, 3]}, {'POOLMAX': [-1, 2]}), ({'CONV': [64, 3]}, {'CONV': [128, 3]}), ({'CONV': [32, 5]}, {'CONV': [256, 3]}, {'POOLMAX': [-1, 2]}), ({'CONV': [64, 3]}, {'CONV': [256, 5]}), ({'CONV': [32, 3]}, {'CONV': [256, 3]}, {'POOLMAX': [-1, 2]}), ({'CONV': [64, 3]}, {'CONV': [128, 5]}), ({'CONV': [256, 3]}, {'CONV': [256, 5]}, {'POOLMAX': [-1, 2]}), {'GLOBAL_AVG': None}, {'LAST_DENSE': [100, 'softmax']}]",HHSE,NSGA2,,,,,0.7035306341942897,,,,543145984,3423140,,,,,,"[24, 5, 20, 28, 11, 8, 62, 31]",0.7219308827063116,-0.0001048721251137,0.0,0.0,0.875,0.0,0.04,0,0,0,100,0,0.0,BEST,False,False,216,True,True,GREEDY,,,GREEDY_HV
BYKHKC[M][M],22,23,37,4,0.37,True,True,"[2, 18, 20, 14, 23, 6, 21, 55]",[],"[2.111747232368959, 18.563184098068437, 20.332455470410682, 14.716815451900947, 23.527272266003497, 6.136141039565257, 21.449066937740874, 55.05366183454253]","[{'INP': 32}, {'CONV': [64, 3]}, ({'CONV': [32, 3]}, {'CONV': [64, 3]}), ({'CONV': [64, 3]}, {'CONV': [64, 3]}, {'POOLMAX': [-1, 2]}), ({'CONV': [64, 3]}, {'CONV': [128, 3]}), ({'CONV': [32, 5]}, {'CONV': [256, 3]}, {'POOLMAX': [-1, 2]}), ({'CONV': [64, 3]}, {'CONV': [256, 5]}), ({'CONV': [32, 3]}, {'CONV': [256, 3]}, {'POOLMAX': [-1, 2]}), ({'CONV': [64, 3]}, {'CONV': [128, 5]}), ({'CONV': [256, 3]}, {'CONV': [256, 5]}, {'POOLMAX': [-1, 2]}), {'GLOBAL_AVG': None}, {'LAST_DENSE': [100, 'softmax']}]",HHSE,NSGA2,,,,,0.7035306341942897,,,,543145984,3423140,,,,,,"[24, 5, 20, 28, 11, 8, 62, 31]",0.7219356306977099,-6.276755482836904e-05,0.0,0.0,0.875,0.0,0.04,0,0,0,100,0,0.0,BEST,False,False,216,True,True,GREEDY,,,GREEDY_HV
BYKHKC[M][M],22,23,38,4,0.38,True,True,"[2, 18, 20, 14, 23, 6, 21, 55]",[],"[2.111747232368959, 18.563184098068437, 20.332455470410682, 14.716815451900947, 23.527272266003497, 6.136141039565257, 21.449066937740874, 55.05366183454253]","[{'INP': 32}, {'CONV': [64, 3]}, ({'CONV': [32, 3]}, {'CONV': [64, 3]}), ({'CONV': [64, 3]}, {'CONV': [64, 3]}, {'POOLMAX': [-1, 2]}), ({'CONV': [64, 3]}, {'CONV': [128, 3]}), ({'CONV': [32, 5]}, {'CONV': [256, 3]}, {'POOLMAX': [-1, 2]}), ({'CONV': [64, 3]}, {'CONV': [256, 5]}), ({'CONV': [32, 3]}, {'CONV': [256, 3]}, {'POOLMAX': [-1, 2]}), ({'CONV': [64, 3]}, {'CONV': [128, 5]}), ({'CONV': [256, 3]}, {'CONV': [256, 5]}, {'POOLMAX': [-1, 2]}), {'GLOBAL_AVG': None}, {'LAST_DENSE': [100, 'softmax']}]",HHSE,NSGA2,,,,,0.7035306341942897,,,,543145984,3423140,,,,,,"[24, 5, 20, 28, 11, 8, 62, 31]",0.7219491206975639,-0.000492778666172,0.0,0.0,0.875,0.0,0.04,0,0,0,100,0,0.0,BEST,False,False,216,True,True,GREEDY,,,GREEDY_HV
BYKHKC[M][M],22,23,39,4,0.39,True,True,"[2, 18, 20, 14, 23, 6, 21, 55]",[],"[2.111747232368959, 18.563184098068437, 20.332455470410682, 14.716815451900947, 23.527272266003497, 6.136141039565257, 21.449066937740874, 55.05366183454253]","[{'INP': 32}, {'CONV': [64, 3]}, ({'CONV': [32, 3]}, {'CONV': [64, 3]}), ({'CONV': [64, 3]}, {'CONV': [64, 3]}, {'POOLMAX': [-1, 2]}), ({'CONV': [64, 3]}, {'CONV': [128, 3]}), ({'CONV': [32, 5]}, {'CONV': [256, 3]}, {'POOLMAX': [-1, 2]}), ({'CONV': [64, 3]}, {'CONV': [256, 5]}), ({'CONV': [32, 3]}, {'CONV': [256, 3]}, {'POOLMAX': [-1, 2]}), ({'CONV': [64, 3]}, {'CONV': [128, 5]}), ({'CONV': [256, 3]}, {'CONV': [256, 5]}, {'POOLMAX': [-1, 2]}), {'GLOBAL_AVG': None}, {'LAST_DENSE': [100, 'softmax']}]",HHSE,NSGA2,,,,,0.7035306341942897,,,,543145984,3423140,,,,,,"[24, 5, 20, 28, 11, 8, 62, 31]",0.7223148587090462,6.19414498047588e-05,0.0,0.0,0.875,0.0,0.04,0,0,0,100,0,0.0,BEST,False,False,216,True,True,GREEDY,,,GREEDY_HV
BYKHKC[M][M],22,23,40,4,0.4,True,True,"[2, 18, 20, 14, 23, 6, 21, 55]",[],"[2.111747232368959, 18.563184098068437, 20.332455470410682, 14.716815451900947, 23.527272266003497, 6.136141039565257, 21.449066937740874, 55.05366183454253]","[{'INP': 32}, {'CONV': [64, 3]}, ({'CONV': [32, 3]}, {'CONV': [64, 3]}), ({'CONV': [64, 3]}, {'CONV': [64, 3]}, {'POOLMAX': [-1, 2]}), ({'CONV': [64, 3]}, {'CONV': [128, 3]}), ({'CONV': [32, 5]}, {'CONV': [256, 3]}, {'POOLMAX': [-1, 2]}), ({'CONV': [64, 3]}, {'CONV': [256, 5]}), ({'CONV': [32, 3]}, {'CONV': [256, 3]}, {'POOLMAX': [-1, 2]}), ({'CONV': [64, 3]}, {'CONV': [128, 5]}), ({'CONV': [256, 3]}, {'CONV': [256, 5]}, {'POOLMAX': [-1, 2]}), {'GLOBAL_AVG': None}, {'LAST_DENSE': [100, 'softmax']}]",HHSE,NSGA2,,,,,0.7035306341942897,,,,543145984,3423140,,,,,,"[24, 5, 20, 28, 11, 8, 62, 31]",0.7222813694618884,-0.0001053217139442,0.0,0.0,0.875,0.0,0.04,0,0,0,100,0,0.0,BEST,False,False,216,True,True,GREEDY,,,GREEDY_HV
BYKHKC[M][M],22,23,41,4,0.41,True,True,"[2, 18, 20, 14, 23, 6, 21, 55]",[],"[2.111747232368959, 18.563184098068437, 20.332455470410682, 14.716815451900947, 23.527272266003497, 6.136141039565257, 21.449066937740874, 55.05366183454253]","[{'INP': 32}, {'CONV': [64, 3]}, ({'CONV': [32, 3]}, {'CONV': [64, 3]}), ({'CONV': [64, 3]}, {'CONV': [64, 3]}, {'POOLMAX': [-1, 2]}), ({'CONV': [64, 3]}, {'CONV': [128, 3]}), ({'CONV': [32, 5]}, {'CONV': [256, 3]}, {'POOLMAX': [-1, 2]}), ({'CONV': [64, 3]}, {'CONV': [256, 5]}), ({'CONV': [32, 3]}, {'CONV': [256, 3]}, {'POOLMAX': [-1, 2]}), ({'CONV': [64, 3]}, {'CONV': [128, 5]}), ({'CONV': [256, 3]}, {'CONV': [256, 5]}, {'POOLMAX': [-1, 2]}), {'GLOBAL_AVG': None}, {'LAST_DENSE': [100, 'softmax']}]",HHSE,NSGA2,,,,,0.7035306341942897,,,,543145984,3423140,,,,,,"[24, 5, 20, 28, 11, 8, 62, 31]",0.7222931146480197,-0.0001194544890023,0.0,0.0,0.875,0.0,0.04,0,0,0,100,0,0.0,BEST,False,False,216,True,True,GREEDY,,,GREEDY_HV
BYKHKC[M][M],22,23,42,4,0.42,True,True,"[2, 18, 20, 14, 23, 6, 21, 55]",[],"[2.111747232368959, 18.563184098068437, 20.332455470410682, 14.716815451900947, 23.527272266003497, 6.136141039565257, 21.449066937740874, 55.05366183454253]","[{'INP': 32}, {'CONV': [64, 3]}, ({'CONV': [32, 3]}, {'CONV': [64, 3]}), ({'CONV': [64, 3]}, {'CONV': [64, 3]}, {'POOLMAX': [-1, 2]}), ({'CONV': [64, 3]}, {'CONV': [128, 3]}), ({'CONV': [32, 5]}, {'CONV': [256, 3]}, {'POOLMAX': [-1, 2]}), ({'CONV': [64, 3]}, {'CONV': [256, 5]}), ({'CONV': [32, 3]}, {'CONV': [256, 3]}, {'POOLMAX': [-1, 2]}), ({'CONV': [64, 3]}, {'CONV': [128, 5]}), ({'CONV': [256, 3]}, {'CONV': [256, 5]}, {'POOLMAX': [-1, 2]}), {'GLOBAL_AVG': None}, {'LAST_DENSE': [100, 'softmax']}]",HHSE,NSGA2,,,,,0.7035306341942897,,,,543145984,3423140,,,,,,"[24, 5, 20, 28, 11, 8, 62, 31]",0.722292936359594,-0.0001320588840918,0.0,0.0,0.875,0.0,0.04,0,0,0,100,0,0.0,BEST,False,False,216,True,True,GREEDY,,,GREEDY_HV
BYKHKC[M][M],22,23,43,4,0.43,True,True,"[2, 18, 20, 14, 23, 6, 21, 55]",[],"[2.111747232368959, 18.563184098068437, 20.332455470410682, 14.716815451900947, 23.527272266003497, 6.136141039565257, 21.449066937740874, 55.05366183454253]","[{'INP': 32}, {'CONV': [64, 3]}, ({'CONV': [32, 3]}, {'CONV': [64, 3]}), ({'CONV': [64, 3]}, {'CONV': [64, 3]}, {'POOLMAX': [-1, 2]}), ({'CONV': [64, 3]}, {'CONV': [128, 3]}), ({'CONV': [32, 5]}, {'CONV': [256, 3]}, {'POOLMAX': [-1, 2]}), ({'CONV': [64, 3]}, {'CONV': [256, 5]}), ({'CONV': [32, 3]}, {'CONV': [256, 3]}, {'POOLMAX': [-1, 2]}), ({'CONV': [64, 3]}, {'CONV': [128, 5]}), ({'CONV': [256, 3]}, {'CONV': [256, 5]}, {'POOLMAX': [-1, 2]}), {'GLOBAL_AVG': None}, {'LAST_DENSE': [100, 'softmax']}]",HHSE,NSGA2,,,,,0.7035306341942897,,,,543145984,3423140,,,,,,"[24, 5, 20, 28, 11, 8, 62, 31]",0.7223034490102087,-0.0001176941058743,0.0,0.0,0.875,0.0,0.04,0,0,0,100,0,0.0,BEST,False,False,216,True,True,GREEDY,,,GREEDY_HV
BYKHKC[M][M],22,23,44,4,0.44,True,True,"[2, 18, 20, 14, 23, 6, 21, 55]",[],"[2.111747232368959, 18.563184098068437, 20.332455470410682, 14.716815451900947, 23.527272266003497, 6.136141039565257, 21.449066937740874, 55.05366183454253]","[{'INP': 32}, {'CONV': [64, 3]}, ({'CONV': [32, 3]}, {'CONV': [64, 3]}), ({'CONV': [64, 3]}, {'CONV': [64, 3]}, {'POOLMAX': [-1, 2]}), ({'CONV': [64, 3]}, {'CONV': [128, 3]}), ({'CONV': [32, 5]}, {'CONV': [256, 3]}, {'POOLMAX': [-1, 2]}), ({'CONV': [64, 3]}, {'CONV': [256, 5]}), ({'CONV': [32, 3]}, {'CONV': [256, 3]}, {'POOLMAX': [-1, 2]}), ({'CONV': [64, 3]}, {'CONV': [128, 5]}), ({'CONV': [256, 3]}, {'CONV': [256, 5]}, {'POOLMAX': [-1, 2]}), {'GLOBAL_AVG': None}, {'LAST_DENSE': [100, 'softmax']}]",HHSE,NSGA2,,,,,0.7035306341942897,,,,543145984,3423140,,,,,,"[24, 5, 20, 28, 11, 8, 62, 31]",0.7225040399281549,-5.733406163821453e-05,0.0,0.0,0.875,0.0,0.04,0,0,0,100,0,0.0,BEST,False,False,216,True,True,GREEDY,,,GREEDY_HV
BYKHKC[M][M],22,23,45,4,0.45,True,True,"[2, 18, 20, 14, 23, 6, 21, 55]",[],"[2.111747232368959, 18.563184098068437, 20.332455470410682, 14.716815451900947, 23.527272266003497, 6.136141039565257, 21.449066937740874, 55.05366183454253]","[{'INP': 32}, {'CONV': [64, 3]}, ({'CONV': [32, 3]}, {'CONV': [64, 3]}), ({'CONV': [64, 3]}, {'CONV': [64, 3]}, {'POOLMAX': [-1, 2]}), ({'CONV': [64, 3]}, {'CONV': [128, 3]}), ({'CONV': [32, 5]}, {'CONV': [256, 3]}, {'POOLMAX': [-1, 2]}), ({'CONV': [64, 3]}, {'CONV': [256, 5]}), ({'CONV': [32, 3]}, {'CONV': [256, 3]}, {'POOLMAX': [-1, 2]}), ({'CONV': [64, 3]}, {'CONV': [128, 5]}), ({'CONV': [256, 3]}, {'CONV': [256, 5]}, {'POOLMAX': [-1, 2]}), {'GLOBAL_AVG': None}, {'LAST_DENSE': [100, 'softmax']}]",HHSE,NSGA2,,,,,0.7035306341942897,,,,543145984,3423140,,,,,,"[24, 5, 20, 28, 11, 8, 62, 31]",0.7225529570492499,-0.0014027382673514,0.0,0.0,0.875,0.0,0.04,0,0,0,100,0,0.0,BEST,False,False,216,True,True,GREEDY,,,GREEDY_HV
BYKHKC[M][M],22,23,46,4,0.46,True,True,"[2, 18, 20, 14, 23, 6, 21, 55]",[],"[2.111747232368959, 18.563184098068437, 20.332455470410682, 14.716815451900947, 23.527272266003497, 6.136141039565257, 21.449066937740874, 55.05366183454253]","[{'INP': 32}, {'CONV': [64, 3]}, ({'CONV': [32, 3]}, {'CONV': [64, 3]}), ({'CONV': [64, 3]}, {'CONV': [64, 3]}, {'POOLMAX': [-1, 2]}), ({'CONV': [64, 3]}, {'CONV': [128, 3]}), ({'CONV': [32, 5]}, {'CONV': [256, 3]}, {'POOLMAX': [-1, 2]}), ({'CONV': [64, 3]}, {'CONV': [256, 5]}), ({'CONV': [32, 3]}, {'CONV': [256, 3]}, {'POOLMAX': [-1, 2]}), ({'CONV': [64, 3]}, {'CONV': [128, 5]}), ({'CONV': [256, 3]}, {'CONV': [256, 5]}, {'POOLMAX': [-1, 2]}), {'GLOBAL_AVG': None}, {'LAST_DENSE': [100, 'softmax']}]",HHSE,NSGA2,,,,,0.7035306341942897,,,,543145984,3423140,,,,,,"[24, 5, 20, 28, 11, 8, 62, 31]",0.7225529606588001,-6.395165337724773e-05,0.0,0.0,0.875,0.0,0.04,0,0,0,100,0,0.0,BEST,False,False,216,True,True,GREEDY,,,GREEDY_HV
BYKHKC[M][M],22,23,47,4,0.47,True,True,"[2, 18, 20, 14, 23, 6, 21, 55]",[],"[2.111747232368959, 18.563184098068437, 20.332455470410682, 14.716815451900947, 23.527272266003497, 6.136141039565257, 21.449066937740874, 55.05366183454253]","[{'INP': 32}, {'CONV': [64, 3]}, ({'CONV': [32, 3]}, {'CONV': [64, 3]}), ({'CONV': [64, 3]}, {'CONV': [64, 3]}, {'POOLMAX': [-1, 2]}), ({'CONV': [64, 3]}, {'CONV': [128, 3]}), ({'CONV': [32, 5]}, {'CONV': [256, 3]}, {'POOLMAX': [-1, 2]}), ({'CONV': [64, 3]}, {'CONV': [256, 5]}), ({'CONV': [32, 3]}, {'CONV': [256, 3]}, {'POOLMAX': [-1, 2]}), ({'CONV': [64, 3]}, {'CONV': [128, 5]}), ({'CONV': [256, 3]}, {'CONV': [256, 5]}, {'POOLMAX': [-1, 2]}), {'GLOBAL_AVG': None}, {'LAST_DENSE': [100, 'softmax']}]",HHSE,NSGA2,,,,,0.7035306341942897,,,,543145984,3423140,,,,,,"[24, 5, 20, 28, 11, 8, 62, 31]",0.7225597611495486,-0.0011656397824956,0.0,0.0,0.875,0.0,0.04,0,0,0,100,0,0.0,BEST,False,False,216,True,True,GREEDY,,,GREEDY_HV
BYKHKC[M][M],22,23,48,4,0.48,True,True,"[2, 18, 20, 14, 23, 6, 21, 55]",[],"[2.111747232368959, 18.563184098068437, 20.332455470410682, 14.716815451900947, 23.527272266003497, 6.136141039565257, 21.449066937740874, 55.05366183454253]","[{'INP': 32}, {'CONV': [64, 3]}, ({'CONV': [32, 3]}, {'CONV': [64, 3]}), ({'CONV': [64, 3]}, {'CONV': [64, 3]}, {'POOLMAX': [-1, 2]}), ({'CONV': [64, 3]}, {'CONV': [128, 3]}), ({'CONV': [32, 5]}, {'CONV': [256, 3]}, {'POOLMAX': [-1, 2]}), ({'CONV': [64, 3]}, {'CONV': [256, 5]}), ({'CONV': [32, 3]}, {'CONV': [256, 3]}, {'POOLMAX': [-1, 2]}), ({'CONV': [64, 3]}, {'CONV': [128, 5]}), ({'CONV': [256, 3]}, {'CONV': [256, 5]}, {'POOLMAX': [-1, 2]}), {'GLOBAL_AVG': None}, {'LAST_DENSE': [100, 'softmax']}]",HHSE,NSGA2,,,,,0.7035306341942897,,,,543145984,3423140,,,,,,"[24, 5, 20, 28, 11, 8, 62, 31]",0.7225597114467001,-0.0004670030589122,0.0,0.0,0.875,0.0,0.04,0,0,0,100,0,0.0,BEST,False,False,216,True,True,GREEDY,,,GREEDY_HV
BYKHKC[M][M],22,23,49,4,0.49,True,True,"[2, 18, 20, 14, 23, 6, 21, 55]",[],"[2.111747232368959, 18.563184098068437, 20.332455470410682, 14.716815451900947, 23.527272266003497, 6.136141039565257, 21.449066937740874, 55.05366183454253]","[{'INP': 32}, {'CONV': [64, 3]}, ({'CONV': [32, 3]}, {'CONV': [64, 3]}), ({'CONV': [64, 3]}, {'CONV': [64, 3]}, {'POOLMAX': [-1, 2]}), ({'CONV': [64, 3]}, {'CONV': [128, 3]}), ({'CONV': [32, 5]}, {'CONV': [256, 3]}, {'POOLMAX': [-1, 2]}), ({'CONV': [64, 3]}, {'CONV': [256, 5]}), ({'CONV': [32, 3]}, {'CONV': [256, 3]}, {'POOLMAX': [-1, 2]}), ({'CONV': [64, 3]}, {'CONV': [128, 5]}), ({'CONV': [256, 3]}, {'CONV': [256, 5]}, {'POOLMAX': [-1, 2]}), {'GLOBAL_AVG': None}, {'LAST_DENSE': [100, 'softmax']}]",HHSE,NSGA2,,,,,0.7035306341942897,,,,543145984,3423140,,,,,,"[24, 5, 20, 28, 11, 8, 62, 31]",0.7225597373440334,-6.118091701090567e-05,0.0,0.0,0.875,0.0,0.04,0,0,0,100,0,0.0,BEST,False,False,216,True,True,GREEDY,,,GREEDY_HV
BYKHKC[M][M],22,23,50,4,0.5,True,True,"[2, 18, 20, 14, 23, 6, 21, 55]",[],"[2.111747232368959, 18.563184098068437, 20.332455470410682, 14.716815451900947, 23.527272266003497, 6.136141039565257, 21.449066937740874, 55.05366183454253]","[{'INP': 32}, {'CONV': [64, 3]}, ({'CONV': [32, 3]}, {'CONV': [64, 3]}), ({'CONV': [64, 3]}, {'CONV': [64, 3]}, {'POOLMAX': [-1, 2]}), ({'CONV': [64, 3]}, {'CONV': [128, 3]}), ({'CONV': [32, 5]}, {'CONV': [256, 3]}, {'POOLMAX': [-1, 2]}), ({'CONV': [64, 3]}, {'CONV': [256, 5]}), ({'CONV': [32, 3]}, {'CONV': [256, 3]}, {'POOLMAX': [-1, 2]}), ({'CONV': [64, 3]}, {'CONV': [128, 5]}), ({'CONV': [256, 3]}, {'CONV': [256, 5]}, {'POOLMAX': [-1, 2]}), {'GLOBAL_AVG': None}, {'LAST_DENSE': [100, 'softmax']}]",HHSE,NSGA2,,,,,0.7035306341942897,,,,543145984,3423140,,,,,,"[24, 5, 20, 28, 11, 8, 62, 31]",0.722597854749897,-0.0003423403456562,0.0,0.0,0.875,0.0,0.04,0,0,0,100,0,0.0,BEST,False,False,216,True,True,GREEDY,,,GREEDY_HV
BYKHKC[M][M],22,23,51,4,0.51,True,True,"[2, 18, 20, 14, 23, 6, 21, 55]",[],"[2.111747232368959, 18.563184098068437, 20.332455470410682, 14.716815451900947, 23.527272266003497, 6.136141039565257, 21.449066937740874, 55.05366183454253]","[{'INP': 32}, {'CONV': [64, 3]}, ({'CONV': [32, 3]}, {'CONV': [64, 3]}), ({'CONV': [64, 3]}, {'CONV': [64, 3]}, {'POOLMAX': [-1, 2]}), ({'CONV': [64, 3]}, {'CONV': [128, 3]}), ({'CONV': [32, 5]}, {'CONV': [256, 3]}, {'POOLMAX': [-1, 2]}), ({'CONV': [64, 3]}, {'CONV': [256, 5]}), ({'CONV': [32, 3]}, {'CONV': [256, 3]}, {'POOLMAX': [-1, 2]}), ({'CONV': [64, 3]}, {'CONV': [128, 5]}), ({'CONV': [256, 3]}, {'CONV': [256, 5]}, {'POOLMAX': [-1, 2]}), {'GLOBAL_AVG': None}, {'LAST_DENSE': [100, 'softmax']}]",HHSE,NSGA2,,,,,0.7035306341942897,,,,543145984,3423140,,,,,,"[24, 5, 20, 28, 11, 8, 62, 31]",0.7225997259859435,-7.159958933111721e-05,0.0,0.0,0.875,0.0,0.04,0,0,0,100,0,0.0,BEST,False,False,216,True,True,GREEDY,,,GREEDY_HV
BIOGO[M],22,23,52,52,0.52,True,True,"[12, 14, 28, 23, 46, 47, 21, 55]",[],"[12.069343819140558, 14.430093897870861, 28.07017162031299, 23.070056387462287, 46.6945794402483, 47.90803297883946, 21.383736428871238, 55.164145380509176]","[{'INP': 32}, {'CONV': [64, 3]}, ({'CONV': [32, 5]}, {'CONV': [128, 3]}), ({'CONV': [32, 5]}, {'CONV': [256, 3]}, {'POOLMAX': [-1, 2]}), ({'CONV': [64, 5]}, {'CONV': [128, 3]}), ({'CONV': [64, 3]}, {'CONV': [256, 5]}, {'POOLMAX': [-1, 2]}), ({'CONV': [128, 5]}, {'CONV': [256, 3]}), ({'CONV': [128, 5]}, {'CONV': [256, 5]}, {'POOLMAX': [-1, 2]}), ({'CONV': [64, 3]}, {'CONV': [128, 5]}), ({'CONV': [256, 3]}, {'CONV': [256, 5]}, {'POOLMAX': [-1, 2]}), {'GLOBAL_AVG': None}, {'LAST_DENSE': [100, 'softmax']}]",HHSE,NSGA2,,,,,0.7059585243623214,,,,1470015488,6306340,,,,,,"[9, 5, 45, 21, 46, 47, 27, 55]",0.7226354032266757,-0.0001037653863427,0.25,0.75,0.625,0.75,0.52,0,0,0,100,0,0.0,BEST,False,False,179,True,True,GREEDY,,,GREEDY_HV
BIOGO[M],22,23,53,52,0.53,True,True,"[12, 14, 28, 23, 46, 47, 21, 55]",[],"[12.069343819140558, 14.430093897870861, 28.07017162031299, 23.070056387462287, 46.6945794402483, 47.90803297883946, 21.383736428871238, 55.164145380509176]","[{'INP': 32}, {'CONV': [64, 3]}, ({'CONV': [32, 5]}, {'CONV': [128, 3]}), ({'CONV': [32, 5]}, {'CONV': [256, 3]}, {'POOLMAX': [-1, 2]}), ({'CONV': [64, 5]}, {'CONV': [128, 3]}), ({'CONV': [64, 3]}, {'CONV': [256, 5]}, {'POOLMAX': [-1, 2]}), ({'CONV': [128, 5]}, {'CONV': [256, 3]}), ({'CONV': [128, 5]}, {'CONV': [256, 5]}, {'POOLMAX': [-1, 2]}), ({'CONV': [64, 3]}, {'CONV': [128, 5]}), ({'CONV': [256, 3]}, {'CONV': [256, 5]}, {'POOLMAX': [-1, 2]}), {'GLOBAL_AVG': None}, {'LAST_DENSE': [100, 'softmax']}]",HHSE,NSGA2,,,,,0.7059585243623214,,,,1470015488,6306340,,,,,,"[9, 5, 45, 21, 46, 47, 27, 55]",0.7243951606624447,-0.0001532008188932,0.25,0.75,0.625,0.0,0.52,0,0,0,100,0,0.0,BEST,False,False,179,True,True,GREEDY,,,GREEDY_HV
BIOGO[M],22,23,54,52,0.54,True,True,"[12, 14, 28, 23, 46, 47, 21, 55]",[],"[12.069343819140558, 14.430093897870861, 28.07017162031299, 23.070056387462287, 46.6945794402483, 47.90803297883946, 21.383736428871238, 55.164145380509176]","[{'INP': 32}, {'CONV': [64, 3]}, ({'CONV': [32, 5]}, {'CONV': [128, 3]}), ({'CONV': [32, 5]}, {'CONV': [256, 3]}, {'POOLMAX': [-1, 2]}), ({'CONV': [64, 5]}, {'CONV': [128, 3]}), ({'CONV': [64, 3]}, {'CONV': [256, 5]}, {'POOLMAX': [-1, 2]}), ({'CONV': [128, 5]}, {'CONV': [256, 3]}), ({'CONV': [128, 5]}, {'CONV': [256, 5]}, {'POOLMAX': [-1, 2]}), ({'CONV': [64, 3]}, {'CONV': [128, 5]}), ({'CONV': [256, 3]}, {'CONV': [256, 5]}, {'POOLMAX': [-1, 2]}), {'GLOBAL_AVG': None}, {'LAST_DENSE': [100, 'softmax']}]",HHSE,NSGA2,,,,,0.7059585243623214,,,,1470015488,6306340,,,,,,"[9, 5, 45, 21, 46, 47, 27, 55]",0.7245289847480769,-7.027819109939326e-05,0.25,0.75,0.625,0.0,0.52,0,1,0,100,0,0.01,BEST,False,False,179,True,True,GREEDY,,,GREEDY_HV
BIOGO[M],22,23,55,52,0.55,True,True,"[12, 14, 28, 23, 46, 47, 21, 55]",[],"[12.069343819140558, 14.430093897870861, 28.07017162031299, 23.070056387462287, 46.6945794402483, 47.90803297883946, 21.383736428871238, 55.164145380509176]","[{'INP': 32}, {'CONV': [64, 3]}, ({'CONV': [32, 5]}, {'CONV': [128, 3]}), ({'CONV': [32, 5]}, {'CONV': [256, 3]}, {'POOLMAX': [-1, 2]}), ({'CONV': [64, 5]}, {'CONV': [128, 3]}), ({'CONV': [64, 3]}, {'CONV': [256, 5]}, {'POOLMAX': [-1, 2]}), ({'CONV': [128, 5]}, {'CONV': [256, 3]}), ({'CONV': [128, 5]}, {'CONV': [256, 5]}, {'POOLMAX': [-1, 2]}), ({'CONV': [64, 3]}, {'CONV': [128, 5]}), ({'CONV': [256, 3]}, {'CONV': [256, 5]}, {'POOLMAX': [-1, 2]}), {'GLOBAL_AVG': None}, {'LAST_DENSE': [100, 'softmax']}]",HHSE,NSGA2,,,,,0.7059585243623214,,,,1470015488,6306340,,,,,,"[9, 5, 45, 21, 46, 47, 27, 55]",0.7245466766152401,-0.0022616929767306,0.25,0.75,0.625,0.0,0.52,0,0,0,100,0,0.0,BEST,False,False,179,True,True,GREEDY,,,GREEDY_HV
BIOGO[M],22,23,56,52,0.56,True,True,"[12, 14, 28, 23, 46, 47, 21, 55]",[],"[12.069343819140558, 14.430093897870861, 28.07017162031299, 23.070056387462287, 46.6945794402483, 47.90803297883946, 21.383736428871238, 55.164145380509176]","[{'INP': 32}, {'CONV': [64, 3]}, ({'CONV': [32, 5]}, {'CONV': [128, 3]}), ({'CONV': [32, 5]}, {'CONV': [256, 3]}, {'POOLMAX': [-1, 2]}), ({'CONV': [64, 5]}, {'CONV': [128, 3]}), ({'CONV': [64, 3]}, {'CONV': [256, 5]}, {'POOLMAX': [-1, 2]}), ({'CONV': [128, 5]}, {'CONV': [256, 3]}), ({'CONV': [128, 5]}, {'CONV': [256, 5]}, {'POOLMAX': [-1, 2]}), ({'CONV': [64, 3]}, {'CONV': [128, 5]}), ({'CONV': [256, 3]}, {'CONV': [256, 5]}, {'POOLMAX': [-1, 2]}), {'GLOBAL_AVG': None}, {'LAST_DENSE': [100, 'softmax']}]",HHSE,NSGA2,,,,,0.7059585243623214,,,,1470015488,6306340,,,,,,"[9, 5, 45, 21, 46, 47, 27, 55]",0.7245701011226784,-5.8901143309197934e-05,0.25,0.75,0.625,0.0,0.52,0,0,0,100,0,0.0,BEST,False,False,179,True,True,GREEDY,,,GREEDY_HV
BIOGO[M],22,23,57,52,0.57,True,True,"[12, 14, 28, 23, 46, 47, 21, 55]",[],"[12.069343819140558, 14.430093897870861, 28.07017162031299, 23.070056387462287, 46.6945794402483, 47.90803297883946, 21.383736428871238, 55.164145380509176]","[{'INP': 32}, {'CONV': [64, 3]}, ({'CONV': [32, 5]}, {'CONV': [128, 3]}), ({'CONV': [32, 5]}, {'CONV': [256, 3]}, {'POOLMAX': [-1, 2]}), ({'CONV': [64, 5]}, {'CONV': [128, 3]}), ({'CONV': [64, 3]}, {'CONV': [256, 5]}, {'POOLMAX': [-1, 2]}), ({'CONV': [128, 5]}, {'CONV': [256, 3]}), ({'CONV': [128, 5]}, {'CONV': [256, 5]}, {'POOLMAX': [-1, 2]}), ({'CONV': [64, 3]}, {'CONV': [128, 5]}), ({'CONV': [256, 3]}, {'CONV': [256, 5]}, {'POOLMAX': [-1, 2]}), {'GLOBAL_AVG': None}, {'LAST_DENSE': [100, 'softmax']}]",HHSE,NSGA2,,,,,0.7059585243623214,,,,1470015488,6306340,,,,,,"[9, 5, 45, 21, 46, 47, 27, 55]",0.724584358958231,-9.17952860169935e-05,0.25,0.75,0.625,0.0,0.52,0,0,0,100,0,0.0,BEST,False,False,179,True,True,GREEDY,,,GREEDY_HV
BIOGO[M],22,23,58,52,0.58,True,True,"[12, 14, 28, 23, 46, 47, 21, 55]",[],"[12.069343819140558, 14.430093897870861, 28.07017162031299, 23.070056387462287, 46.6945794402483, 47.90803297883946, 21.383736428871238, 55.164145380509176]","[{'INP': 32}, {'CONV': [64, 3]}, ({'CONV': [32, 5]}, {'CONV': [128, 3]}), ({'CONV': [32, 5]}, {'CONV': [256, 3]}, {'POOLMAX': [-1, 2]}), ({'CONV': [64, 5]}, {'CONV': [128, 3]}), ({'CONV': [64, 3]}, {'CONV': [256, 5]}, {'POOLMAX': [-1, 2]}), ({'CONV': [128, 5]}, {'CONV': [256, 3]}), ({'CONV': [128, 5]}, {'CONV': [256, 5]}, {'POOLMAX': [-1, 2]}), ({'CONV': [64, 3]}, {'CONV': [128, 5]}), ({'CONV': [256, 3]}, {'CONV': [256, 5]}, {'POOLMAX': [-1, 2]}), {'GLOBAL_AVG': None}, {'LAST_DENSE': [100, 'softmax']}]",HHSE,NSGA2,,,,,0.7059585243623214,,,,1470015488,6306340,,,,,,"[9, 5, 45, 21, 46, 47, 27, 55]",0.724584358958231,-8.867864109096679e-05,0.25,0.75,0.625,0.0,0.52,0,1,0,100,0,0.01,BEST,False,False,179,True,True,GREEDY,,,GREEDY_HV
BIOGO[M],22,23,59,52,0.59,True,True,"[12, 14, 28, 23, 46, 47, 21, 55]",[],"[12.069343819140558, 14.430093897870861, 28.07017162031299, 23.070056387462287, 46.6945794402483, 47.90803297883946, 21.383736428871238, 55.164145380509176]","[{'INP': 32}, {'CONV': [64, 3]}, ({'CONV': [32, 5]}, {'CONV': [128, 3]}), ({'CONV': [32, 5]}, {'CONV': [256, 3]}, {'POOLMAX': [-1, 2]}), ({'CONV': [64, 5]}, {'CONV': [128, 3]}), ({'CONV': [64, 3]}, {'CONV': [256, 5]}, {'POOLMAX': [-1, 2]}), ({'CONV': [128, 5]}, {'CONV': [256, 3]}), ({'CONV': [128, 5]}, {'CONV': [256, 5]}, {'POOLMAX': [-1, 2]}), ({'CONV': [64, 3]}, {'CONV': [128, 5]}), ({'CONV': [256, 3]}, {'CONV': [256, 5]}, {'POOLMAX': [-1, 2]}), {'GLOBAL_AVG': None}, {'LAST_DENSE': [100, 'softmax']}]",HHSE,NSGA2,,,,,0.7059585243623214,,,,1470015488,6306340,,,,,,"[9, 5, 45, 21, 46, 47, 27, 55]",0.724584358958231,-5.817674643338045e-05,0.25,0.75,0.625,0.0,0.52,0,0,0,100,0,0.0,BEST,False,False,179,True,True,GREEDY,,,GREEDY_HV
BIOGO[M],22,23,60,52,0.6,True,True,"[12, 14, 28, 23, 46, 47, 21, 55]",[],"[12.069343819140558, 14.430093897870861, 28.07017162031299, 23.070056387462287, 46.6945794402483, 47.90803297883946, 21.383736428871238, 55.164145380509176]","[{'INP': 32}, {'CONV': [64, 3]}, ({'CONV': [32, 5]}, {'CONV': [128, 3]}), ({'CONV': [32, 5]}, {'CONV': [256, 3]}, {'POOLMAX': [-1, 2]}), ({'CONV': [64, 5]}, {'CONV': [128, 3]}), ({'CONV': [64, 3]}, {'CONV': [256, 5]}, {'POOLMAX': [-1, 2]}), ({'CONV': [128, 5]}, {'CONV': [256, 3]}), ({'CONV': [128, 5]}, {'CONV': [256, 5]}, {'POOLMAX': [-1, 2]}), ({'CONV': [64, 3]}, {'CONV': [128, 5]}), ({'CONV': [256, 3]}, {'CONV': [256, 5]}, {'POOLMAX': [-1, 2]}), {'GLOBAL_AVG': None}, {'LAST_DENSE': [100, 'softmax']}]",HHSE,NSGA2,,,,,0.7059585243623214,,,,1470015488,6306340,,,,,,"[9, 5, 45, 21, 46, 47, 27, 55]",0.7245870587868377,-0.0002216345242465,0.25,0.75,0.625,0.0,0.52,0,1,0,100,0,0.01,BEST,False,False,179,True,True,GREEDY,,,GREEDY_HV
BIOGO[M],22,23,61,52,0.61,True,True,"[12, 14, 28, 23, 46, 47, 21, 55]",[],"[12.069343819140558, 14.430093897870861, 28.07017162031299, 23.070056387462287, 46.6945794402483, 47.90803297883946, 21.383736428871238, 55.164145380509176]","[{'INP': 32}, {'CONV': [64, 3]}, ({'CONV': [32, 5]}, {'CONV': [128, 3]}), ({'CONV': [32, 5]}, {'CONV': [256, 3]}, {'POOLMAX': [-1, 2]}), ({'CONV': [64, 5]}, {'CONV': [128, 3]}), ({'CONV': [64, 3]}, {'CONV': [256, 5]}, {'POOLMAX': [-1, 2]}), ({'CONV': [128, 5]}, {'CONV': [256, 3]}), ({'CONV': [128, 5]}, {'CONV': [256, 5]}, {'POOLMAX': [-1, 2]}), ({'CONV': [64, 3]}, {'CONV': [128, 5]}), ({'CONV': [256, 3]}, {'CONV': [256, 5]}, {'POOLMAX': [-1, 2]}), {'GLOBAL_AVG': None}, {'LAST_DENSE': [100, 'softmax']}]",HHSE,NSGA2,,,,,0.7059585243623214,,,,1470015488,6306340,,,,,,"[9, 5, 45, 21, 46, 47, 27, 55]",0.7245921065341079,-0.00018332415191,0.25,0.75,0.625,0.0,0.52,0,0,0,100,0,0.0,BEST,False,False,179,True,True,GREEDY,,,GREEDY_HV
BIOGO[M],22,23,62,52,0.62,True,True,"[12, 14, 28, 23, 46, 47, 21, 55]",[],"[12.069343819140558, 14.430093897870861, 28.07017162031299, 23.070056387462287, 46.6945794402483, 47.90803297883946, 21.383736428871238, 55.164145380509176]","[{'INP': 32}, {'CONV': [64, 3]}, ({'CONV': [32, 5]}, {'CONV': [128, 3]}), ({'CONV': [32, 5]}, {'CONV': [256, 3]}, {'POOLMAX': [-1, 2]}), ({'CONV': [64, 5]}, {'CONV': [128, 3]}), ({'CONV': [64, 3]}, {'CONV': [256, 5]}, {'POOLMAX': [-1, 2]}), ({'CONV': [128, 5]}, {'CONV': [256, 3]}), ({'CONV': [128, 5]}, {'CONV': [256, 5]}, {'POOLMAX': [-1, 2]}), ({'CONV': [64, 3]}, {'CONV': [128, 5]}), ({'CONV': [256, 3]}, {'CONV': [256, 5]}, {'POOLMAX': [-1, 2]}), {'GLOBAL_AVG': None}, {'LAST_DENSE': [100, 'softmax']}]",HHSE,NSGA2,,,,,0.7059585243623214,,,,1470015488,6306340,,,,,,"[9, 5, 45, 21, 46, 47, 27, 55]",0.7246624268486833,-7.288400886806823e-05,0.25,0.75,0.625,0.0,0.52,0,0,0,100,0,0.0,BEST,False,False,179,True,True,GREEDY,,,GREEDY_HV
BIOGO[M],22,23,63,52,0.63,True,True,"[12, 14, 28, 23, 46, 47, 21, 55]",[],"[12.069343819140558, 14.430093897870861, 28.07017162031299, 23.070056387462287, 46.6945794402483, 47.90803297883946, 21.383736428871238, 55.164145380509176]","[{'INP': 32}, {'CONV': [64, 3]}, ({'CONV': [32, 5]}, {'CONV': [128, 3]}), ({'CONV': [32, 5]}, {'CONV': [256, 3]}, {'POOLMAX': [-1, 2]}), ({'CONV': [64, 5]}, {'CONV': [128, 3]}), ({'CONV': [64, 3]}, {'CONV': [256, 5]}, {'POOLMAX': [-1, 2]}), ({'CONV': [128, 5]}, {'CONV': [256, 3]}), ({'CONV': [128, 5]}, {'CONV': [256, 5]}, {'POOLMAX': [-1, 2]}), ({'CONV': [64, 3]}, {'CONV': [128, 5]}), ({'CONV': [256, 3]}, {'CONV': [256, 5]}, {'POOLMAX': [-1, 2]}), {'GLOBAL_AVG': None}, {'LAST_DENSE': [100, 'softmax']}]",HHSE,NSGA2,,,,,0.7059585243623214,,,,1470015488,6306340,,,,,,"[9, 5, 45, 21, 46, 47, 27, 55]",0.7246119078814386,-0.0001803701235938,0.25,0.75,0.625,0.0,0.52,0,0,0,100,0,0.0,BEST,False,False,179,True,True,GREEDY,,,GREEDY_HV
BIOGO[M],22,23,64,52,0.64,True,True,"[12, 14, 28, 23, 46, 47, 21, 55]",[],"[12.069343819140558, 14.430093897870861, 28.07017162031299, 23.070056387462287, 46.6945794402483, 47.90803297883946, 21.383736428871238, 55.164145380509176]","[{'INP': 32}, {'CONV': [64, 3]}, ({'CONV': [32, 5]}, {'CONV': [128, 3]}), ({'CONV': [32, 5]}, {'CONV': [256, 3]}, {'POOLMAX': [-1, 2]}), ({'CONV': [64, 5]}, {'CONV': [128, 3]}), ({'CONV': [64, 3]}, {'CONV': [256, 5]}, {'POOLMAX': [-1, 2]}), ({'CONV': [128, 5]}, {'CONV': [256, 3]}), ({'CONV': [128, 5]}, {'CONV': [256, 5]}, {'POOLMAX': [-1, 2]}), ({'CONV': [64, 3]}, {'CONV': [128, 5]}), ({'CONV': [256, 3]}, {'CONV': [256, 5]}, {'POOLMAX': [-1, 2]}), {'GLOBAL_AVG': None}, {'LAST_DENSE': [100, 'softmax']}]",HHSE,NSGA2,,,,,0.7059585243623214,,,,1470015488,6306340,,,,,,"[9, 5, 45, 21, 46, 47, 27, 55]",0.7246272422413411,-7.050790122553607e-05,0.25,0.75,0.625,0.0,0.52,0,0,0,100,0,0.0,BEST,False,False,179,True,True,GREEDY,,,GREEDY_HV
BIOGO[M],22,23,65,52,0.65,True,True,"[12, 14, 28, 23, 46, 47, 21, 55]",[],"[12.069343819140558, 14.430093897870861, 28.07017162031299, 23.070056387462287, 46.6945794402483, 47.90803297883946, 21.383736428871238, 55.164145380509176]","[{'INP': 32}, {'CONV': [64, 3]}, ({'CONV': [32, 5]}, {'CONV': [128, 3]}), ({'CONV': [32, 5]}, {'CONV': [256, 3]}, {'POOLMAX': [-1, 2]}), ({'CONV': [64, 5]}, {'CONV': [128, 3]}), ({'CONV': [64, 3]}, {'CONV': [256, 5]}, {'POOLMAX': [-1, 2]}), ({'CONV': [128, 5]}, {'CONV': [256, 3]}), ({'CONV': [128, 5]}, {'CONV': [256, 5]}, {'POOLMAX': [-1, 2]}), ({'CONV': [64, 3]}, {'CONV': [128, 5]}), ({'CONV': [256, 3]}, {'CONV': [256, 5]}, {'POOLMAX': [-1, 2]}), {'GLOBAL_AVG': None}, {'LAST_DENSE': [100, 'softmax']}]",HHSE,NSGA2,,,,,0.7059585243623214,,,,1470015488,6306340,,,,,,"[9, 5, 45, 21, 46, 47, 27, 55]",0.7246692608926252,-0.0001049344356224,0.25,0.75,0.625,0.0,0.52,0,0,0,100,0,0.0,BEST,False,False,179,True,True,GREEDY,,,GREEDY_HV
BIOGO[M],22,23,66,52,0.66,True,True,"[12, 14, 28, 23, 46, 47, 21, 55]",[],"[12.069343819140558, 14.430093897870861, 28.07017162031299, 23.070056387462287, 46.6945794402483, 47.90803297883946, 21.383736428871238, 55.164145380509176]","[{'INP': 32}, {'CONV': [64, 3]}, ({'CONV': [32, 5]}, {'CONV': [128, 3]}), ({'CONV': [32, 5]}, {'CONV': [256, 3]}, {'POOLMAX': [-1, 2]}), ({'CONV': [64, 5]}, {'CONV': [128, 3]}), ({'CONV': [64, 3]}, {'CONV': [256, 5]}, {'POOLMAX': [-1, 2]}), ({'CONV': [128, 5]}, {'CONV': [256, 3]}), ({'CONV': [128, 5]}, {'CONV': [256, 5]}, {'POOLMAX': [-1, 2]}), ({'CONV': [64, 3]}, {'CONV': [128, 5]}), ({'CONV': [256, 3]}, {'CONV': [256, 5]}, {'POOLMAX': [-1, 2]}), {'GLOBAL_AVG': None}, {'LAST_DENSE': [100, 'softmax']}]",HHSE,NSGA2,,,,,0.7059585243623214,,,,1470015488,6306340,,,,,,"[9, 5, 45, 21, 46, 47, 27, 55]",0.7247069880859902,-0.0006169932038704,0.25,0.75,0.625,0.0,0.52,0,1,0,100,0,0.01,BEST,False,False,179,True,True,GREEDY,,,GREEDY_HV
BIOGO[M],22,23,67,52,0.67,True,True,"[12, 14, 28, 23, 46, 47, 21, 55]",[],"[12.069343819140558, 14.430093897870861, 28.07017162031299, 23.070056387462287, 46.6945794402483, 47.90803297883946, 21.383736428871238, 55.164145380509176]","[{'INP': 32}, {'CONV': [64, 3]}, ({'CONV': [32, 5]}, {'CONV': [128, 3]}), ({'CONV': [32, 5]}, {'CONV': [256, 3]}, {'POOLMAX': [-1, 2]}), ({'CONV': [64, 5]}, {'CONV': [128, 3]}), ({'CONV': [64, 3]}, {'CONV': [256, 5]}, {'POOLMAX': [-1, 2]}), ({'CONV': [128, 5]}, {'CONV': [256, 3]}), ({'CONV': [128, 5]}, {'CONV': [256, 5]}, {'POOLMAX': [-1, 2]}), ({'CONV': [64, 3]}, {'CONV': [128, 5]}), ({'CONV': [256, 3]}, {'CONV': [256, 5]}, {'POOLMAX': [-1, 2]}), {'GLOBAL_AVG': None}, {'LAST_DENSE': [100, 'softmax']}]",HHSE,NSGA2,,,,,0.7059585243623214,,,,1470015488,6306340,,,,,,"[9, 5, 45, 21, 46, 47, 27, 55]",0.7247220615283334,-0.0005923385714846,0.25,0.75,0.625,0.0,0.52,0,0,0,100,0,0.0,BEST,False,False,179,True,True,GREEDY,,,GREEDY_HV
BIOGO[M],22,23,68,52,0.68,True,True,"[12, 14, 28, 23, 46, 47, 21, 55]",[],"[12.069343819140558, 14.430093897870861, 28.07017162031299, 23.070056387462287, 46.6945794402483, 47.90803297883946, 21.383736428871238, 55.164145380509176]","[{'INP': 32}, {'CONV': [64, 3]}, ({'CONV': [32, 5]}, {'CONV': [128, 3]}), ({'CONV': [32, 5]}, {'CONV': [256, 3]}, {'POOLMAX': [-1, 2]}), ({'CONV': [64, 5]}, {'CONV': [128, 3]}), ({'CONV': [64, 3]}, {'CONV': [256, 5]}, {'POOLMAX': [-1, 2]}), ({'CONV': [128, 5]}, {'CONV': [256, 3]}), ({'CONV': [128, 5]}, {'CONV': [256, 5]}, {'POOLMAX': [-1, 2]}), ({'CONV': [64, 3]}, {'CONV': [128, 5]}), ({'CONV': [256, 3]}, {'CONV': [256, 5]}, {'POOLMAX': [-1, 2]}), {'GLOBAL_AVG': None}, {'LAST_DENSE': [100, 'softmax']}]",HHSE,NSGA2,,,,,0.7059585243623214,,,,1470015488,6306340,,,,,,"[9, 5, 45, 21, 46, 47, 27, 55]",0.7248349156766263,-6.688778031760378e-05,0.25,0.75,0.625,0.0,0.52,0,0,0,100,0,0.0,BEST,False,False,179,True,True,GREEDY,,,GREEDY_HV
BIOGO[M],22,23,69,52,0.69,True,True,"[12, 14, 28, 23, 46, 47, 21, 55]",[],"[12.069343819140558, 14.430093897870861, 28.07017162031299, 23.070056387462287, 46.6945794402483, 47.90803297883946, 21.383736428871238, 55.164145380509176]","[{'INP': 32}, {'CONV': [64, 3]}, ({'CONV': [32, 5]}, {'CONV': [128, 3]}), ({'CONV': [32, 5]}, {'CONV': [256, 3]}, {'POOLMAX': [-1, 2]}), ({'CONV': [64, 5]}, {'CONV': [128, 3]}), ({'CONV': [64, 3]}, {'CONV': [256, 5]}, {'POOLMAX': [-1, 2]}), ({'CONV': [128, 5]}, {'CONV': [256, 3]}), ({'CONV': [128, 5]}, {'CONV': [256, 5]}, {'POOLMAX': [-1, 2]}), ({'CONV': [64, 3]}, {'CONV': [128, 5]}), ({'CONV': [256, 3]}, {'CONV': [256, 5]}, {'POOLMAX': [-1, 2]}), {'GLOBAL_AVG': None}, {'LAST_DENSE': [100, 'softmax']}]",HHSE,NSGA2,,,,,0.7059585243623214,,,,1470015488,6306340,,,,,,"[9, 5, 45, 21, 46, 47, 27, 55]",0.7248052936996541,-2.6994064768248727e-05,0.25,0.75,0.625,0.0,0.52,0,1,0,100,0,0.01,BEST,False,False,179,True,True,GREEDY,,,GREEDY_HV
BIOGO[M],22,23,70,52,0.7,True,True,"[12, 14, 28, 23, 46, 47, 21, 55]",[],"[12.069343819140558, 14.430093897870861, 28.07017162031299, 23.070056387462287, 46.6945794402483, 47.90803297883946, 21.383736428871238, 55.164145380509176]","[{'INP': 32}, {'CONV': [64, 3]}, ({'CONV': [32, 5]}, {'CONV': [128, 3]}), ({'CONV': [32, 5]}, {'CONV': [256, 3]}, {'POOLMAX': [-1, 2]}), ({'CONV': [64, 5]}, {'CONV': [128, 3]}), ({'CONV': [64, 3]}, {'CONV': [256, 5]}, {'POOLMAX': [-1, 2]}), ({'CONV': [128, 5]}, {'CONV': [256, 3]}), ({'CONV': [128, 5]}, {'CONV': [256, 5]}, {'POOLMAX': [-1, 2]}), ({'CONV': [64, 3]}, {'CONV': [128, 5]}), ({'CONV': [256, 3]}, {'CONV': [256, 5]}, {'POOLMAX': [-1, 2]}), {'GLOBAL_AVG': None}, {'LAST_DENSE': [100, 'softmax']}]",HHSE,NSGA2,,,,,0.7059585243623214,,,,1470015488,6306340,,,,,,"[9, 5, 45, 21, 46, 47, 27, 55]",0.7250605057148346,-4.814295415134229e-05,0.25,0.75,0.625,0.0,0.52,0,0,0,100,0,0.0,BEST,False,False,179,True,True,GREEDY,,,GREEDY_HV
BIOGO[M],22,23,71,52,0.71,True,True,"[12, 14, 28, 23, 46, 47, 21, 55]",[],"[12.069343819140558, 14.430093897870861, 28.07017162031299, 23.070056387462287, 46.6945794402483, 47.90803297883946, 21.383736428871238, 55.164145380509176]","[{'INP': 32}, {'CONV': [64, 3]}, ({'CONV': [32, 5]}, {'CONV': [128, 3]}), ({'CONV': [32, 5]}, {'CONV': [256, 3]}, {'POOLMAX': [-1, 2]}), ({'CONV': [64, 5]}, {'CONV': [128, 3]}), ({'CONV': [64, 3]}, {'CONV': [256, 5]}, {'POOLMAX': [-1, 2]}), ({'CONV': [128, 5]}, {'CONV': [256, 3]}), ({'CONV': [128, 5]}, {'CONV': [256, 5]}, {'POOLMAX': [-1, 2]}), ({'CONV': [64, 3]}, {'CONV': [128, 5]}), ({'CONV': [256, 3]}, {'CONV': [256, 5]}, {'POOLMAX': [-1, 2]}), {'GLOBAL_AVG': None}, {'LAST_DENSE': [100, 'softmax']}]",HHSE,NSGA2,,,,,0.7059585243623214,,,,1470015488,6306340,,,,,,"[9, 5, 45, 21, 46, 47, 27, 55]",0.7250522251689107,-9.143845572312514e-05,0.25,0.75,0.625,0.0,0.52,0,0,0,100,0,0.0,BEST,False,False,179,True,True,GREEDY,,,GREEDY_HV
BIOGO[M],22,23,72,52,0.72,True,True,"[12, 14, 28, 23, 46, 47, 21, 55]",[],"[12.069343819140558, 14.430093897870861, 28.07017162031299, 23.070056387462287, 46.6945794402483, 47.90803297883946, 21.383736428871238, 55.164145380509176]","[{'INP': 32}, {'CONV': [64, 3]}, ({'CONV': [32, 5]}, {'CONV': [128, 3]}), ({'CONV': [32, 5]}, {'CONV': [256, 3]}, {'POOLMAX': [-1, 2]}), ({'CONV': [64, 5]}, {'CONV': [128, 3]}), ({'CONV': [64, 3]}, {'CONV': [256, 5]}, {'POOLMAX': [-1, 2]}), ({'CONV': [128, 5]}, {'CONV': [256, 3]}), ({'CONV': [128, 5]}, {'CONV': [256, 5]}, {'POOLMAX': [-1, 2]}), ({'CONV': [64, 3]}, {'CONV': [128, 5]}), ({'CONV': [256, 3]}, {'CONV': [256, 5]}, {'POOLMAX': [-1, 2]}), {'GLOBAL_AVG': None}, {'LAST_DENSE': [100, 'softmax']}]",HHSE,NSGA2,,,,,0.7059585243623214,,,,1470015488,6306340,,,,,,"[9, 5, 45, 21, 46, 47, 27, 55]",0.7252064373057054,5.476014799798978e-05,0.25,0.75,0.625,0.0,0.52,0,0,0,100,0,0.0,BEST,False,False,179,True,True,GREEDY,,,GREEDY_HV
BIOGO[M],22,23,73,52,0.73,True,True,"[12, 14, 28, 23, 46, 47, 21, 55]",[],"[12.069343819140558, 14.430093897870861, 28.07017162031299, 23.070056387462287, 46.6945794402483, 47.90803297883946, 21.383736428871238, 55.164145380509176]","[{'INP': 32}, {'CONV': [64, 3]}, ({'CONV': [32, 5]}, {'CONV': [128, 3]}), ({'CONV': [32, 5]}, {'CONV': [256, 3]}, {'POOLMAX': [-1, 2]}), ({'CONV': [64, 5]}, {'CONV': [128, 3]}), ({'CONV': [64, 3]}, {'CONV': [256, 5]}, {'POOLMAX': [-1, 2]}), ({'CONV': [128, 5]}, {'CONV': [256, 3]}), ({'CONV': [128, 5]}, {'CONV': [256, 5]}, {'POOLMAX': [-1, 2]}), ({'CONV': [64, 3]}, {'CONV': [128, 5]}), ({'CONV': [256, 3]}, {'CONV': [256, 5]}, {'POOLMAX': [-1, 2]}), {'GLOBAL_AVG': None}, {'LAST_DENSE': [100, 'softmax']}]",HHSE,NSGA2,,,,,0.7059585243623214,,,,1470015488,6306340,,,,,,"[9, 5, 45, 21, 46, 47, 27, 55]",0.7250809809492589,-6.51203494950181e-05,0.25,0.75,0.625,0.0,0.52,0,0,0,100,0,0.0,BEST,False,False,179,True,True,GREEDY,,,GREEDY_HV
BIOGO[M],22,23,74,52,0.74,True,True,"[12, 14, 28, 23, 46, 47, 21, 55]",[],"[12.069343819140558, 14.430093897870861, 28.07017162031299, 23.070056387462287, 46.6945794402483, 47.90803297883946, 21.383736428871238, 55.164145380509176]","[{'INP': 32}, {'CONV': [64, 3]}, ({'CONV': [32, 5]}, {'CONV': [128, 3]}), ({'CONV': [32, 5]}, {'CONV': [256, 3]}, {'POOLMAX': [-1, 2]}), ({'CONV': [64, 5]}, {'CONV': [128, 3]}), ({'CONV': [64, 3]}, {'CONV': [256, 5]}, {'POOLMAX': [-1, 2]}), ({'CONV': [128, 5]}, {'CONV': [256, 3]}), ({'CONV': [128, 5]}, {'CONV': [256, 5]}, {'POOLMAX': [-1, 2]}), ({'CONV': [64, 3]}, {'CONV': [128, 5]}), ({'CONV': [256, 3]}, {'CONV': [256, 5]}, {'POOLMAX': [-1, 2]}), {'GLOBAL_AVG': None}, {'LAST_DENSE': [100, 'softmax']}]",HHSE,NSGA2,,,,,0.7059585243623214,,,,1470015488,6306340,,,,,,"[9, 5, 45, 21, 46, 47, 27, 55]",0.7251154250936659,-0.0008400340185746,0.25,0.75,0.625,0.0,0.52,0,0,0,100,0,0.0,BEST,False,False,179,True,True,GREEDY,,,GREEDY_HV
BIOGO[M],22,23,75,52,0.75,True,True,"[12, 14, 28, 23, 46, 47, 21, 55]",[],"[12.069343819140558, 14.430093897870861, 28.07017162031299, 23.070056387462287, 46.6945794402483, 47.90803297883946, 21.383736428871238, 55.164145380509176]","[{'INP': 32}, {'CONV': [64, 3]}, ({'CONV': [32, 5]}, {'CONV': [128, 3]}), ({'CONV': [32, 5]}, {'CONV': [256, 3]}, {'POOLMAX': [-1, 2]}), ({'CONV': [64, 5]}, {'CONV': [128, 3]}), ({'CONV': [64, 3]}, {'CONV': [256, 5]}, {'POOLMAX': [-1, 2]}), ({'CONV': [128, 5]}, {'CONV': [256, 3]}), ({'CONV': [128, 5]}, {'CONV': [256, 5]}, {'POOLMAX': [-1, 2]}), ({'CONV': [64, 3]}, {'CONV': [128, 5]}), ({'CONV': [256, 3]}, {'CONV': [256, 5]}, {'POOLMAX': [-1, 2]}), {'GLOBAL_AVG': None}, {'LAST_DENSE': [100, 'softmax']}]",HHSE,NSGA2,,,,,0.7059585243623214,,,,1470015488,6306340,,,,,,"[9, 5, 45, 21, 46, 47, 27, 55]",0.7251178176287133,-0.0004730837090151,0.25,0.75,0.625,0.0,0.52,0,0,0,100,0,0.0,BEST,False,False,179,True,True,GREEDY,,,GREEDY_HV
BIOGO[M],22,23,76,52,0.76,True,True,"[12, 14, 28, 23, 46, 47, 21, 55]",[],"[12.069343819140558, 14.430093897870861, 28.07017162031299, 23.070056387462287, 46.6945794402483, 47.90803297883946, 21.383736428871238, 55.164145380509176]","[{'INP': 32}, {'CONV': [64, 3]}, ({'CONV': [32, 5]}, {'CONV': [128, 3]}), ({'CONV': [32, 5]}, {'CONV': [256, 3]}, {'POOLMAX': [-1, 2]}), ({'CONV': [64, 5]}, {'CONV': [128, 3]}), ({'CONV': [64, 3]}, {'CONV': [256, 5]}, {'POOLMAX': [-1, 2]}), ({'CONV': [128, 5]}, {'CONV': [256, 3]}), ({'CONV': [128, 5]}, {'CONV': [256, 5]}, {'POOLMAX': [-1, 2]}), ({'CONV': [64, 3]}, {'CONV': [128, 5]}), ({'CONV': [256, 3]}, {'CONV': [256, 5]}, {'POOLMAX': [-1, 2]}), {'GLOBAL_AVG': None}, {'LAST_DENSE': [100, 'softmax']}]",HHSE,NSGA2,,,,,0.7059585243623214,,,,1470015488,6306340,,,,,,"[9, 5, 45, 21, 46, 47, 27, 55]",0.7251350602615505,-0.0001152945623785,0.25,0.75,0.625,0.0,0.52,0,0,0,100,0,0.0,BEST,False,False,179,True,True,GREEDY,,,GREEDY_HV
BIOGO[M],22,23,77,52,0.77,True,True,"[12, 14, 28, 23, 46, 47, 21, 55]",[],"[12.069343819140558, 14.430093897870861, 28.07017162031299, 23.070056387462287, 46.6945794402483, 47.90803297883946, 21.383736428871238, 55.164145380509176]","[{'INP': 32}, {'CONV': [64, 3]}, ({'CONV': [32, 5]}, {'CONV': [128, 3]}), ({'CONV': [32, 5]}, {'CONV': [256, 3]}, {'POOLMAX': [-1, 2]}), ({'CONV': [64, 5]}, {'CONV': [128, 3]}), ({'CONV': [64, 3]}, {'CONV': [256, 5]}, {'POOLMAX': [-1, 2]}), ({'CONV': [128, 5]}, {'CONV': [256, 3]}), ({'CONV': [128, 5]}, {'CONV': [256, 5]}, {'POOLMAX': [-1, 2]}), ({'CONV': [64, 3]}, {'CONV': [128, 5]}), ({'CONV': [256, 3]}, {'CONV': [256, 5]}, {'POOLMAX': [-1, 2]}), {'GLOBAL_AVG': None}, {'LAST_DENSE': [100, 'softmax']}]",HHSE,NSGA2,,,,,0.7059585243623214,,,,1470015488,6306340,,,,,,"[9, 5, 45, 21, 46, 47, 27, 55]",0.725215751316145,-4.195914964344461e-05,0.25,0.75,0.625,0.0,0.52,0,1,0,100,0,0.01,BEST,False,False,179,True,True,GREEDY,,,GREEDY_HV
BIOGO[M],22,23,78,52,0.78,True,True,"[12, 14, 28, 23, 46, 47, 21, 55]",[],"[12.069343819140558, 14.430093897870861, 28.07017162031299, 23.070056387462287, 46.6945794402483, 47.90803297883946, 21.383736428871238, 55.164145380509176]","[{'INP': 32}, {'CONV': [64, 3]}, ({'CONV': [32, 5]}, {'CONV': [128, 3]}), ({'CONV': [32, 5]}, {'CONV': [256, 3]}, {'POOLMAX': [-1, 2]}), ({'CONV': [64, 5]}, {'CONV': [128, 3]}), ({'CONV': [64, 3]}, {'CONV': [256, 5]}, {'POOLMAX': [-1, 2]}), ({'CONV': [128, 5]}, {'CONV': [256, 3]}), ({'CONV': [128, 5]}, {'CONV': [256, 5]}, {'POOLMAX': [-1, 2]}), ({'CONV': [64, 3]}, {'CONV': [128, 5]}), ({'CONV': [256, 3]}, {'CONV': [256, 5]}, {'POOLMAX': [-1, 2]}), {'GLOBAL_AVG': None}, {'LAST_DENSE': [100, 'softmax']}]",HHSE,NSGA2,,,,,0.7059585243623214,,,,1470015488,6306340,,,,,,"[9, 5, 45, 21, 46, 47, 27, 55]",0.7252116206777222,-0.0002742790124481,0.25,0.75,0.625,0.0,0.52,0,0,0,100,0,0.0,BEST,False,False,179,True,True,GREEDY,,,GREEDY_HV
BIOGO[M],22,23,79,52,0.79,True,True,"[12, 14, 28, 23, 46, 47, 21, 55]",[],"[12.069343819140558, 14.430093897870861, 28.07017162031299, 23.070056387462287, 46.6945794402483, 47.90803297883946, 21.383736428871238, 55.164145380509176]","[{'INP': 32}, {'CONV': [64, 3]}, ({'CONV': [32, 5]}, {'CONV': [128, 3]}), ({'CONV': [32, 5]}, {'CONV': [256, 3]}, {'POOLMAX': [-1, 2]}), ({'CONV': [64, 5]}, {'CONV': [128, 3]}), ({'CONV': [64, 3]}, {'CONV': [256, 5]}, {'POOLMAX': [-1, 2]}), ({'CONV': [128, 5]}, {'CONV': [256, 3]}), ({'CONV': [128, 5]}, {'CONV': [256, 5]}, {'POOLMAX': [-1, 2]}), ({'CONV': [64, 3]}, {'CONV': [128, 5]}), ({'CONV': [256, 3]}, {'CONV': [256, 5]}, {'POOLMAX': [-1, 2]}), {'GLOBAL_AVG': None}, {'LAST_DENSE': [100, 'softmax']}]",HHSE,NSGA2,,,,,0.7059585243623214,,,,1470015488,6306340,,,,,,"[9, 5, 45, 21, 46, 47, 27, 55]",0.7252578906429697,-0.0003000938091599,0.25,0.75,0.625,0.0,0.52,0,0,0,100,0,0.0,BEST,False,False,179,True,True,GREEDY,,,GREEDY_HV
BLQDHJ[M],22,23,80,80,0.8,True,True,"[13, 17, 20, 23, 46, 6, 13, 55]",[],"[13.837281543898602, 17.77681014290802, 20.95369510227933, 23.68049740548272, 46.590939463887004, 6.28903123227024, 13.317864217398938, 55.08435127696107]","[{'INP': 32}, {'CONV': [64, 3]}, ({'CONV': [32, 5]}, {'CONV': [128, 5]}), ({'CONV': [64, 3]}, {'CONV': [32, 5]}, {'POOLMAX': [-1, 2]}), ({'CONV': [64, 3]}, {'CONV': [128, 3]}), ({'CONV': [64, 3]}, {'CONV': [256, 5]}, {'POOLMAX': [-1, 2]}), ({'CONV': [128, 5]}, {'CONV': [256, 3]}), ({'CONV': [32, 3]}, {'CONV': [256, 3]}, {'POOLMAX': [-1, 2]}), ({'CONV': [32, 5]}, {'CONV': [128, 5]}), ({'CONV': [256, 3]}, {'CONV': [256, 5]}, {'POOLMAX': [-1, 2]}), {'GLOBAL_AVG': None}, {'LAST_DENSE': [100, 'softmax']}]",HHSE,NSGA2,,,,,0.706089434881456,,,,1104881152,4392228,,,,,,"[12, 14, 20, 23, 46, 6, 13, 55]",0.7252995768494487,-1.8463599014029164e-05,0.375,0.375,0.25,0.625,0.8,0,0,0,100,0,0.0,BEST,False,False,173,True,True,GREEDY,,,GREEDY_HV
BLQDHJ[M],22,23,81,80,0.81,True,True,"[13, 17, 20, 23, 46, 6, 13, 55]",[],"[13.837281543898602, 17.77681014290802, 20.95369510227933, 23.68049740548272, 46.590939463887004, 6.28903123227024, 13.317864217398938, 55.08435127696107]","[{'INP': 32}, {'CONV': [64, 3]}, ({'CONV': [32, 5]}, {'CONV': [128, 5]}), ({'CONV': [64, 3]}, {'CONV': [32, 5]}, {'POOLMAX': [-1, 2]}), ({'CONV': [64, 3]}, {'CONV': [128, 3]}), ({'CONV': [64, 3]}, {'CONV': [256, 5]}, {'POOLMAX': [-1, 2]}), ({'CONV': [128, 5]}, {'CONV': [256, 3]}), ({'CONV': [32, 3]}, {'CONV': [256, 3]}, {'POOLMAX': [-1, 2]}), ({'CONV': [32, 5]}, {'CONV': [128, 5]}), ({'CONV': [256, 3]}, {'CONV': [256, 5]}, {'POOLMAX': [-1, 2]}), {'GLOBAL_AVG': None}, {'LAST_DENSE': [100, 'softmax']}]",HHSE,NSGA2,,,,,0.706089434881456,,,,1104881152,4392228,,,,,,"[12, 14, 20, 23, 46, 6, 13, 55]",0.7256480162296454,-1.980585630512177e-05,0.375,0.375,0.25,0.0,0.8,0,0,0,100,0,0.0,BEST,False,False,173,True,True,GREEDY,,,GREEDY_HV
BLQDHJ[M],22,23,82,80,0.82,True,True,"[13, 17, 20, 23, 46, 6, 13, 55]",[],"[13.837281543898602, 17.77681014290802, 20.95369510227933, 23.68049740548272, 46.590939463887004, 6.28903123227024, 13.317864217398938, 55.08435127696107]","[{'INP': 32}, {'CONV': [64, 3]}, ({'CONV': [32, 5]}, {'CONV': [128, 5]}), ({'CONV': [64, 3]}, {'CONV': [32, 5]}, {'POOLMAX': [-1, 2]}), ({'CONV': [64, 3]}, {'CONV': [128, 3]}), ({'CONV': [64, 3]}, {'CONV': [256, 5]}, {'POOLMAX': [-1, 2]}), ({'CONV': [128, 5]}, {'CONV': [256, 3]}), ({'CONV': [32, 3]}, {'CONV': [256, 3]}, {'POOLMAX': [-1, 2]}), ({'CONV': [32, 5]}, {'CONV': [128, 5]}), ({'CONV': [256, 3]}, {'CONV': [256, 5]}, {'POOLMAX': [-1, 2]}), {'GLOBAL_AVG': None}, {'LAST_DENSE': [100, 'softmax']}]",HHSE,NSGA2,,,,,0.706089434881456,,,,1104881152,4392228,,,,,,"[12, 14, 20, 23, 46, 6, 13, 55]",0.7257233619281944,-3.1691922251719795e-05,0.375,0.375,0.25,0.0,0.8,0,1,0,100,0,0.01,BEST,False,False,173,True,True,GREEDY,,,GREEDY_HV
BLQDHJ[M],22,23,83,80,0.83,True,True,"[13, 17, 20, 23, 46, 6, 13, 55]",[],"[13.837281543898602, 17.77681014290802, 20.95369510227933, 23.68049740548272, 46.590939463887004, 6.28903123227024, 13.317864217398938, 55.08435127696107]","[{'INP': 32}, {'CONV': [64, 3]}, ({'CONV': [32, 5]}, {'CONV': [128, 5]}), ({'CONV': [64, 3]}, {'CONV': [32, 5]}, {'POOLMAX': [-1, 2]}), ({'CONV': [64, 3]}, {'CONV': [128, 3]}), ({'CONV': [64, 3]}, {'CONV': [256, 5]}, {'POOLMAX': [-1, 2]}), ({'CONV': [128, 5]}, {'CONV': [256, 3]}), ({'CONV': [32, 3]}, {'CONV': [256, 3]}, {'POOLMAX': [-1, 2]}), ({'CONV': [32, 5]}, {'CONV': [128, 5]}), ({'CONV': [256, 3]}, {'CONV': [256, 5]}, {'POOLMAX': [-1, 2]}), {'GLOBAL_AVG': None}, {'LAST_DENSE': [100, 'softmax']}]",HHSE,NSGA2,,,,,0.706089434881456,,,,1104881152,4392228,,,,,,"[12, 14, 20, 23, 46, 6, 13, 55]",0.7259723918520021,5.605160485000482e-05,0.375,0.375,0.25,0.0,0.8,0,1,0,100,0,0.01,BEST,False,False,173,True,True,GREEDY,,,GREEDY_HV
BZYEP[M][M],22,23,84,84,0.84,True,True,"[3, 12, 18, 37, 46, 6, 5, 55]",[],"[3.727096267327523, 12.594720710948847, 18.28386740593805, 37.1096365782008, 46.8749843113588, 6.0354272445635075, 5.251519208687001, 55.97024157528338]","[{'INP': 32}, {'CONV': [64, 3]}, ({'CONV': [32, 3]}, {'CONV': [64, 5]}), ({'CONV': [32, 5]}, {'CONV': [128, 3]}, {'POOLMAX': [-1, 2]}), ({'CONV': [64, 3]}, {'CONV': [64, 3]}), ({'CONV': [128, 3]}, {'CONV': [128, 5]}, {'POOLMAX': [-1, 2]}), ({'CONV': [128, 5]}, {'CONV': [256, 3]}), ({'CONV': [32, 3]}, {'CONV': [256, 3]}, {'POOLMAX': [-1, 2]}), ({'CONV': [32, 3]}, {'CONV': [128, 5]}), ({'CONV': [256, 3]}, {'CONV': [256, 5]}, {'POOLMAX': [-1, 2]}), {'GLOBAL_AVG': None}, {'LAST_DENSE': [100, 'softmax']}]",HHSE,NSGA2,,,,,0.7074076524422236,,,,810329600,3748644,,,,,,"[3, 12, 21, 37, 46, 6, 4, 55]",0.725917533726151,-0.0020604306927518,0.0,0.0,0.25,0.625,0.84,0,0,0,100,0,0.0,BEST,False,False,148,True,True,GREEDY,,,GREEDY_HV
BZYEP[M][M],22,23,85,84,0.85,True,True,"[3, 12, 18, 37, 46, 6, 5, 55]",[],"[3.727096267327523, 12.594720710948847, 18.28386740593805, 37.1096365782008, 46.8749843113588, 6.0354272445635075, 5.251519208687001, 55.97024157528338]","[{'INP': 32}, {'CONV': [64, 3]}, ({'CONV': [32, 3]}, {'CONV': [64, 5]}), ({'CONV': [32, 5]}, {'CONV': [128, 3]}, {'POOLMAX': [-1, 2]}), ({'CONV': [64, 3]}, {'CONV': [64, 3]}), ({'CONV': [128, 3]}, {'CONV': [128, 5]}, {'POOLMAX': [-1, 2]}), ({'CONV': [128, 5]}, {'CONV': [256, 3]}), ({'CONV': [32, 3]}, {'CONV': [256, 3]}, {'POOLMAX': [-1, 2]}), ({'CONV': [32, 3]}, {'CONV': [128, 5]}), ({'CONV': [256, 3]}, {'CONV': [256, 5]}, {'POOLMAX': [-1, 2]}), {'GLOBAL_AVG': None}, {'LAST_DENSE': [100, 'softmax']}]",HHSE,NSGA2,,,,,0.7074076524422236,,,,810329600,3748644,,,,,,"[3, 12, 21, 37, 46, 6, 4, 55]",0.7286028594955587,0.0009843425429431,0.0,0.0,0.25,0.0,0.84,0,0,0,100,0,0.0,BEST,False,False,148,True,True,GREEDY,,,GREEDY_HV
BZYEP[M][M],22,23,86,84,0.86,True,True,"[3, 12, 18, 37, 46, 6, 5, 55]",[],"[3.727096267327523, 12.594720710948847, 18.28386740593805, 37.1096365782008, 46.8749843113588, 6.0354272445635075, 5.251519208687001, 55.97024157528338]","[{'INP': 32}, {'CONV': [64, 3]}, ({'CONV': [32, 3]}, {'CONV': [64, 5]}), ({'CONV': [32, 5]}, {'CONV': [128, 3]}, {'POOLMAX': [-1, 2]}), ({'CONV': [64, 3]}, {'CONV': [64, 3]}), ({'CONV': [128, 3]}, {'CONV': [128, 5]}, {'POOLMAX': [-1, 2]}), ({'CONV': [128, 5]}, {'CONV': [256, 3]}), ({'CONV': [32, 3]}, {'CONV': [256, 3]}, {'POOLMAX': [-1, 2]}), ({'CONV': [32, 3]}, {'CONV': [128, 5]}), ({'CONV': [256, 3]}, {'CONV': [256, 5]}, {'POOLMAX': [-1, 2]}), {'GLOBAL_AVG': None}, {'LAST_DENSE': [100, 'softmax']}]",HHSE,NSGA2,,,,,0.7074076524422236,,,,810329600,3748644,,,,,,"[3, 12, 21, 37, 46, 6, 4, 55]",0.727303685839222,-3.080224618212668e-05,0.0,0.0,0.25,0.0,0.84,0,2,0,100,0,0.02,BEST,False,False,148,True,True,GREEDY,,,GREEDY_HV
BZYEP[M][M],22,23,87,84,0.87,True,True,"[3, 12, 18, 37, 46, 6, 5, 55]",[],"[3.727096267327523, 12.594720710948847, 18.28386740593805, 37.1096365782008, 46.8749843113588, 6.0354272445635075, 5.251519208687001, 55.97024157528338]","[{'INP': 32}, {'CONV': [64, 3]}, ({'CONV': [32, 3]}, {'CONV': [64, 5]}), ({'CONV': [32, 5]}, {'CONV': [128, 3]}, {'POOLMAX': [-1, 2]}), ({'CONV': [64, 3]}, {'CONV': [64, 3]}), ({'CONV': [128, 3]}, {'CONV': [128, 5]}, {'POOLMAX': [-1, 2]}), ({'CONV': [128, 5]}, {'CONV': [256, 3]}), ({'CONV': [32, 3]}, {'CONV': [256, 3]}, {'POOLMAX': [-1, 2]}), ({'CONV': [32, 3]}, {'CONV': [128, 5]}), ({'CONV': [256, 3]}, {'CONV': [256, 5]}, {'POOLMAX': [-1, 2]}), {'GLOBAL_AVG': None}, {'LAST_DENSE': [100, 'softmax']}]",HHSE,NSGA2,,,,,0.7074076524422236,,,,810329600,3748644,,,,,,"[3, 12, 21, 37, 46, 6, 4, 55]",0.7273968469709987,3.822680239684573e-06,0.0,0.0,0.25,0.0,0.84,0,0,0,100,0,0.0,BEST,False,False,148,True,True,GREEDY,,,GREEDY_HV
BMQUJG[M][M],22,23,88,88,0.88,True,True,"[2, 4, 20, 14, 47, 6, 20, 55]",[],"[2.7261469803696587, 4.072247683867153, 20.10131572090777, 14.466655445904706, 47.380319637710215, 6.5412918167307765, 20.55705483791473, 55.06500136436804]","[{'INP': 32}, {'CONV': [64, 3]}, ({'CONV': [32, 3]}, {'CONV': [64, 3]}), ({'CONV': [32, 3]}, {'CONV': [128, 3]}, {'POOLMAX': [-1, 2]}), ({'CONV': [64, 3]}, {'CONV': [128, 3]}), ({'CONV': [32, 5]}, {'CONV': [256, 3]}, {'POOLMAX': [-1, 2]}), ({'CONV': [128, 5]}, {'CONV': [256, 5]}), ({'CONV': [32, 3]}, {'CONV': [256, 3]}, {'POOLMAX': [-1, 2]}), ({'CONV': [64, 3]}, {'CONV': [128, 3]}), ({'CONV': [256, 3]}, {'CONV': [256, 5]}, {'POOLMAX': [-1, 2]}), {'GLOBAL_AVG': None}, {'LAST_DENSE': [100, 'softmax']}]",HHSE,NSGA2,,,,,0.7083904474201873,,,,658935808,4392228,,,,,,"[2, 4, 19, 14, 46, 6, 20, 55]",0.7274463951091524,-6.388119168976303e-06,0.0,0.0,0.25,0.75,0.88,0,1,0,100,0,0.01,BEST,False,False,134,True,True,GREEDY,,,GREEDY_HV
BQIPOH[M],22,23,89,89,0.89,True,True,"[2, 8, 15, 38, 46, 6, 5, 23]",[],"[2.3759856446131034, 8.169170766706621, 15.316753377331587, 38.09841156120568, 46.450519998347175, 6.7624560003635095, 5.357739606991587, 23.75920549118349]","[{'INP': 32}, {'CONV': [64, 3]}, ({'CONV': [32, 3]}, {'CONV': [64, 3]}), ({'CONV': [32, 5]}, {'CONV': [32, 3]}, {'POOLMAX': [-1, 2]}), ({'CONV': [32, 5]}, {'CONV': [256, 5]}), ({'CONV': [128, 3]}, {'CONV': [256, 3]}, {'POOLMAX': [-1, 2]}), ({'CONV': [128, 5]}, {'CONV': [256, 3]}), ({'CONV': [32, 3]}, {'CONV': [256, 3]}, {'POOLMAX': [-1, 2]}), ({'CONV': [32, 3]}, {'CONV': [128, 5]}), ({'CONV': [64, 3]}, {'CONV': [256, 5]}, {'POOLMAX': [-1, 2]}), {'GLOBAL_AVG': None}, {'LAST_DENSE': [100, 'softmax']}]",HHSE,NSGA2,,,,,0.7106840745309251,,,,808094208,2874148,,,,,,"[2, 8, 14, 38, 46, 6, 5, 23]",0.7283396395379198,-0.0024075413624903,0.75,0.125,0.125,0.75,0.89,0,0,0,100,0,0.0,BEST,False,False,96,True,True,GREEDY,,,GREEDY_HV
BQIPOH[M],22,23,90,89,0.9,True,True,"[2, 8, 15, 38, 46, 6, 5, 23]",[],"[2.3759856446131034, 8.169170766706621, 15.316753377331587, 38.09841156120568, 46.450519998347175, 6.7624560003635095, 5.357739606991587, 23.75920549118349]","[{'INP': 32}, {'CONV': [64, 3]}, ({'CONV': [32, 3]}, {'CONV': [64, 3]}), ({'CONV': [32, 5]}, {'CONV': [32, 3]}, {'POOLMAX': [-1, 2]}), ({'CONV': [32, 5]}, {'CONV': [256, 5]}), ({'CONV': [128, 3]}, {'CONV': [256, 3]}, {'POOLMAX': [-1, 2]}), ({'CONV': [128, 5]}, {'CONV': [256, 3]}), ({'CONV': [32, 3]}, {'CONV': [256, 3]}, {'POOLMAX': [-1, 2]}), ({'CONV': [32, 3]}, {'CONV': [128, 5]}), ({'CONV': [64, 3]}, {'CONV': [256, 5]}, {'POOLMAX': [-1, 2]}), {'GLOBAL_AVG': None}, {'LAST_DENSE': [100, 'softmax']}]",HHSE,NSGA2,,,,,0.7106840745309251,,,,808094208,2874148,,,,,,"[2, 8, 14, 38, 46, 6, 5, 23]",0.730398728602011,2.86171403995894e-05,0.75,0.125,0.125,0.0,0.89,0,0,0,100,0,0.0,BEST,False,False,96,True,True,GREEDY,,,GREEDY_HV
BQIPOH[M],22,23,91,89,0.91,True,True,"[2, 8, 15, 38, 46, 6, 5, 23]",[],"[2.3759856446131034, 8.169170766706621, 15.316753377331587, 38.09841156120568, 46.450519998347175, 6.7624560003635095, 5.357739606991587, 23.75920549118349]","[{'INP': 32}, {'CONV': [64, 3]}, ({'CONV': [32, 3]}, {'CONV': [64, 3]}), ({'CONV': [32, 5]}, {'CONV': [32, 3]}, {'POOLMAX': [-1, 2]}), ({'CONV': [32, 5]}, {'CONV': [256, 5]}), ({'CONV': [128, 3]}, {'CONV': [256, 3]}, {'POOLMAX': [-1, 2]}), ({'CONV': [128, 5]}, {'CONV': [256, 3]}), ({'CONV': [32, 3]}, {'CONV': [256, 3]}, {'POOLMAX': [-1, 2]}), ({'CONV': [32, 3]}, {'CONV': [128, 5]}), ({'CONV': [64, 3]}, {'CONV': [256, 5]}, {'POOLMAX': [-1, 2]}), {'GLOBAL_AVG': None}, {'LAST_DENSE': [100, 'softmax']}]",HHSE,NSGA2,,,,,0.7106840745309251,,,,808094208,2874148,,,,,,"[2, 8, 14, 38, 46, 6, 5, 23]",0.731590311286795,0.0011460491326591,0.75,0.125,0.125,0.0,0.89,0,1,0,100,0,0.01,BEST,False,False,96,True,True,GREEDY,,,GREEDY_HV
BCXACJ[M],22,23,92,92,0.92,True,True,"[2, 18, 15, 38, 46, 6, 11, 23]",[],"[2.4294639262012514, 18.144093828040162, 15.351354483457769, 38.19566203828671, 46.38766626718555, 6.73592629566542, 11.481678516323695, 23.590065292666264]","[{'INP': 32}, {'CONV': [64, 3]}, ({'CONV': [32, 3]}, {'CONV': [64, 3]}), ({'CONV': [64, 3]}, {'CONV': [64, 3]}, {'POOLMAX': [-1, 2]}), ({'CONV': [32, 5]}, {'CONV': [256, 5]}), ({'CONV': [128, 3]}, {'CONV': [256, 3]}, {'POOLMAX': [-1, 2]}), ({'CONV': [128, 5]}, {'CONV': [256, 3]}), ({'CONV': [32, 3]}, {'CONV': [256, 3]}, {'POOLMAX': [-1, 2]}), ({'CONV': [32, 5]}, {'CONV': [64, 5]}), ({'CONV': [64, 3]}, {'CONV': [256, 5]}, {'POOLMAX': [-1, 2]}), {'GLOBAL_AVG': None}, {'LAST_DENSE': [100, 'softmax']}]",HHSE,NSGA2,,,,,0.7111943996196043,,,,850294272,2956068,,,,,,"[2, 18, 15, 38, 46, 6, 11, 23]",0.7305244044238143,-0.0002053838014649,0.25,0.375,0.0,0.25,0.92,0,1,0,100,0,0.01,BEST,False,False,83,True,True,GREEDY,,,GREEDY_HV
BCXACJ[M],22,23,93,92,0.93,True,True,"[2, 18, 15, 38, 46, 6, 11, 23]",[],"[2.4294639262012514, 18.144093828040162, 15.351354483457769, 38.19566203828671, 46.38766626718555, 6.73592629566542, 11.481678516323695, 23.590065292666264]","[{'INP': 32}, {'CONV': [64, 3]}, ({'CONV': [32, 3]}, {'CONV': [64, 3]}), ({'CONV': [64, 3]}, {'CONV': [64, 3]}, {'POOLMAX': [-1, 2]}), ({'CONV': [32, 5]}, {'CONV': [256, 5]}), ({'CONV': [128, 3]}, {'CONV': [256, 3]}, {'POOLMAX': [-1, 2]}), ({'CONV': [128, 5]}, {'CONV': [256, 3]}), ({'CONV': [32, 3]}, {'CONV': [256, 3]}, {'POOLMAX': [-1, 2]}), ({'CONV': [32, 5]}, {'CONV': [64, 5]}), ({'CONV': [64, 3]}, {'CONV': [256, 5]}, {'POOLMAX': [-1, 2]}), {'GLOBAL_AVG': None}, {'LAST_DENSE': [100, 'softmax']}]",HHSE,NSGA2,,,,,0.7111943996196043,,,,850294272,2956068,,,,,,"[2, 18, 15, 38, 46, 6, 11, 23]",0.7310400628562342,4.795915727962008e-05,0.25,0.375,0.0,0.0,0.92,0,3,0,100,0,0.03,BEST,False,False,83,True,True,GREEDY,,,GREEDY_HV
BCXACJ[M],22,23,94,92,0.94,True,True,"[2, 18, 15, 38, 46, 6, 11, 23]",[],"[2.4294639262012514, 18.144093828040162, 15.351354483457769, 38.19566203828671, 46.38766626718555, 6.73592629566542, 11.481678516323695, 23.590065292666264]","[{'INP': 32}, {'CONV': [64, 3]}, ({'CONV': [32, 3]}, {'CONV': [64, 3]}), ({'CONV': [64, 3]}, {'CONV': [64, 3]}, {'POOLMAX': [-1, 2]}), ({'CONV': [32, 5]}, {'CONV': [256, 5]}), ({'CONV': [128, 3]}, {'CONV': [256, 3]}, {'POOLMAX': [-1, 2]}), ({'CONV': [128, 5]}, {'CONV': [256, 3]}), ({'CONV': [32, 3]}, {'CONV': [256, 3]}, {'POOLMAX': [-1, 2]}), ({'CONV': [32, 5]}, {'CONV': [64, 5]}), ({'CONV': [64, 3]}, {'CONV': [256, 5]}, {'POOLMAX': [-1, 2]}), {'GLOBAL_AVG': None}, {'LAST_DENSE': [100, 'softmax']}]",HHSE,NSGA2,,,,,0.7111943996196043,,,,850294272,2956068,,,,,,"[2, 18, 15, 38, 46, 6, 11, 23]",0.731107777751145,-0.0003920494703221,0.25,0.375,0.0,0.0,0.92,0,4,0,100,0,0.04,BEST,False,False,83,True,True,GREEDY,,,GREEDY_HV
BGIYHH[M],22,23,95,95,0.95,True,True,"[2, 11, 15, 38, 46, 6, 20, 23]",[],"[2.3477694352995537, 11.025832603279879, 15.348292767124626, 38.97932510325847, 46.21713879832788, 6.020173510655285, 20.30706533281914, 23.40947792865868]","[{'INP': 32}, {'CONV': [64, 3]}, ({'CONV': [32, 3]}, {'CONV': [64, 3]}), ({'CONV': [32, 5]}, {'CONV': [64, 5]}, {'POOLMAX': [-1, 2]}), ({'CONV': [32, 5]}, {'CONV': [256, 5]}), ({'CONV': [128, 3]}, {'CONV': [256, 3]}, {'POOLMAX': [-1, 2]}), ({'CONV': [128, 5]}, {'CONV': [256, 3]}), ({'CONV': [32, 3]}, {'CONV': [256, 3]}, {'POOLMAX': [-1, 2]}), ({'CONV': [64, 3]}, {'CONV': [128, 3]}), ({'CONV': [64, 3]}, {'CONV': [256, 5]}, {'POOLMAX': [-1, 2]}), {'GLOBAL_AVG': None}, {'LAST_DENSE': [100, 'softmax']}]",HHSE,NSGA2,,,,,0.7117490405155007,,,,908923904,2987044,,,,,,"[2, 10, 15, 38, 46, 6, 20, 23]",0.7311343288690202,3.25962716896111e-06,0.125,0.25,0.125,0.25,0.95,0,0,0,100,0,0.0,BEST,False,False,77,True,True,GREEDY,,,GREEDY_HV
BQINEI[M],22,23,96,96,0.96,True,True,"[2, 12, 15, 38, 46, 6, 21, 23]",[],"[2.337550375973111, 12.171212926790666, 15.638806589104796, 38.27504749392048, 46.11567945564624, 6.481893392696654, 21.59358917316917, 23.215889691461992]","[{'INP': 32}, {'CONV': [64, 3]}, ({'CONV': [32, 3]}, {'CONV': [64, 3]}), ({'CONV': [32, 5]}, {'CONV': [128, 3]}, {'POOLMAX': [-1, 2]}), ({'CONV': [32, 5]}, {'CONV': [256, 5]}), ({'CONV': [128, 3]}, {'CONV': [256, 3]}, {'POOLMAX': [-1, 2]}), ({'CONV': [128, 5]}, {'CONV': [256, 3]}), ({'CONV': [32, 3]}, {'CONV': [256, 3]}, {'POOLMAX': [-1, 2]}), ({'CONV': [64, 3]}, {'CONV': [128, 5]}), ({'CONV': [64, 3]}, {'CONV': [256, 5]}, {'POOLMAX': [-1, 2]}), {'GLOBAL_AVG': None}, {'LAST_DENSE': [100, 'softmax']}]",HHSE,NSGA2,,,,,0.7121851432674873,,,,910562304,3155236,,,,,,"[2, 12, 15, 38, 46, 6, 21, 23]",0.7316334109181138,-3.840842824565094e-05,0.25,0.25,0.0,0.25,0.96,0,0,0,100,0,0.0,BEST,False,False,69,True,True,GREEDY,,,GREEDY_HV
BQINEI[M],22,23,97,96,0.97,True,True,"[2, 12, 15, 38, 46, 6, 21, 23]",[],"[2.337550375973111, 12.171212926790666, 15.638806589104796, 38.27504749392048, 46.11567945564624, 6.481893392696654, 21.59358917316917, 23.215889691461992]","[{'INP': 32}, {'CONV': [64, 3]}, ({'CONV': [32, 3]}, {'CONV': [64, 3]}), ({'CONV': [32, 5]}, {'CONV': [128, 3]}, {'POOLMAX': [-1, 2]}), ({'CONV': [32, 5]}, {'CONV': [256, 5]}), ({'CONV': [128, 3]}, {'CONV': [256, 3]}, {'POOLMAX': [-1, 2]}), ({'CONV': [128, 5]}, {'CONV': [256, 3]}), ({'CONV': [32, 3]}, {'CONV': [256, 3]}, {'POOLMAX': [-1, 2]}), ({'CONV': [64, 3]}, {'CONV': [128, 5]}), ({'CONV': [64, 3]}, {'CONV': [256, 5]}, {'POOLMAX': [-1, 2]}), {'GLOBAL_AVG': None}, {'LAST_DENSE': [100, 'softmax']}]",HHSE,NSGA2,,,,,0.7121851432674873,,,,910562304,3155236,,,,,,"[2, 12, 15, 38, 46, 6, 21, 23]",0.7320038021111506,-2.857381027410177e-05,0.25,0.25,0.0,0.0,0.96,0,0,0,100,0,0.0,BEST,False,False,69,True,True,GREEDY,,,GREEDY_HV
BQINEI[M],22,23,98,96,0.98,True,True,"[2, 12, 15, 38, 46, 6, 21, 23]",[],"[2.337550375973111, 12.171212926790666, 15.638806589104796, 38.27504749392048, 46.11567945564624, 6.481893392696654, 21.59358917316917, 23.215889691461992]","[{'INP': 32}, {'CONV': [64, 3]}, ({'CONV': [32, 3]}, {'CONV': [64, 3]}), ({'CONV': [32, 5]}, {'CONV': [128, 3]}, {'POOLMAX': [-1, 2]}), ({'CONV': [32, 5]}, {'CONV': [256, 5]}), ({'CONV': [128, 3]}, {'CONV': [256, 3]}, {'POOLMAX': [-1, 2]}), ({'CONV': [128, 5]}, {'CONV': [256, 3]}), ({'CONV': [32, 3]}, {'CONV': [256, 3]}, {'POOLMAX': [-1, 2]}), ({'CONV': [64, 3]}, {'CONV': [128, 5]}), ({'CONV': [64, 3]}, {'CONV': [256, 5]}, {'POOLMAX': [-1, 2]}), {'GLOBAL_AVG': None}, {'LAST_DENSE': [100, 'softmax']}]",HHSE,NSGA2,,,,,0.7121851432674873,,,,910562304,3155236,,,,,,"[2, 12, 15, 38, 46, 6, 21, 23]",0.7320366372010576,-9.247185267402536e-06,0.25,0.25,0.0,0.0,0.96,0,0,0,100,0,0.0,BEST,False,False,69,True,True,GREEDY,,,GREEDY_HV
BEAFSN[M],22,23,99,99,0.99,True,True,"[2, 18, 15, 38, 46, 6, 22, 23]",[],"[2.675114449072469, 18.042066962571088, 15.23779520616137, 38.28226941036425, 46.14034391282467, 6.595086738665077, 22.393705120376943, 23.290747104988466]","[{'INP': 32}, {'CONV': [64, 3]}, ({'CONV': [32, 3]}, {'CONV': [64, 3]}), ({'CONV': [64, 3]}, {'CONV': [64, 3]}, {'POOLMAX': [-1, 2]}), ({'CONV': [32, 5]}, {'CONV': [256, 5]}), ({'CONV': [128, 3]}, {'CONV': [256, 3]}, {'POOLMAX': [-1, 2]}), ({'CONV': [128, 5]}, {'CONV': [256, 3]}), ({'CONV': [32, 3]}, {'CONV': [256, 3]}, {'POOLMAX': [-1, 2]}), ({'CONV': [64, 3]}, {'CONV': [256, 3]}), ({'CONV': [64, 3]}, {'CONV': [256, 5]}, {'POOLMAX': [-1, 2]}), {'GLOBAL_AVG': None}, {'LAST_DENSE': [100, 'softmax']}]",HHSE,NSGA2,,,,,0.7123711392892117,,,,855096320,3106468,,,,,,"[2, 18, 15, 38, 46, 6, 22, 23]",0.7320590608685891,-0.0002869404944501,0.125,0.625,0.0,0.25,0.99,0,0,0,100,0,0.0,BEST,False,False,64,True,True,GREEDY,,,GREEDY_HV
BEAFSN[M],22,23,100,99,1.0,True,True,"[2, 18, 15, 38, 46, 6, 22, 23]",[],"[2.675114449072469, 18.042066962571088, 15.23779520616137, 38.28226941036425, 46.14034391282467, 6.595086738665077, 22.393705120376943, 23.290747104988466]","[{'INP': 32}, {'CONV': [64, 3]}, ({'CONV': [32, 3]}, {'CONV': [64, 3]}), ({'CONV': [64, 3]}, {'CONV': [64, 3]}, {'POOLMAX': [-1, 2]}), ({'CONV': [32, 5]}, {'CONV': [256, 5]}), ({'CONV': [128, 3]}, {'CONV': [256, 3]}, {'POOLMAX': [-1, 2]}), ({'CONV': [128, 5]}, {'CONV': [256, 3]}), ({'CONV': [32, 3]}, {'CONV': [256, 3]}, {'POOLMAX': [-1, 2]}), ({'CONV': [64, 3]}, {'CONV': [256, 3]}), ({'CONV': [64, 3]}, {'CONV': [256, 5]}, {'POOLMAX': [-1, 2]}), {'GLOBAL_AVG': None}, {'LAST_DENSE': [100, 'softmax']}]",HHSE,NSGA2,,,,,0.7123711392892117,,,,855096320,3106468,,,,,,"[2, 18, 15, 38, 46, 6, 22, 23]",0.7322328450449745,-0.0002834333044209,0.125,0.625,0.0,0.0,0.99,0,0,0,100,0,0.0,BEST,False,False,64,True,True,GREEDY,,,GREEDY_HV
BXRZEK[M],23,24,1,1,0.01,True,True,"[61, 15, 15, 60, 28, 54, 23, 7]",[],"[61.3226661328061, 15.592737305544173, 15.60260272342156, 60.16104952423499, 28.741396820504253, 54.32636357722304, 23.667427221505204, 7.143844567528925]","[{'INP': 32}, {'CONV': [64, 3]}, ({'CONV': [256, 5]}, {'CONV': [128, 5]}), ({'CONV': [32, 5]}, {'CONV': [256, 5]}, {'POOLMAX': [-1, 2]}), ({'CONV': [32, 5]}, {'CONV': [256, 5]}), ({'CONV': [256, 5]}, {'CONV': [128, 3]}, {'POOLMAX': [-1, 2]}), ({'CONV': [64, 5]}, {'CONV': [128, 3]}), ({'CONV': [256, 3]}, {'CONV': [256, 3]}, {'POOLMAX': [-1, 2]}), ({'CONV': [64, 3]}, {'CONV': [256, 5]}), ({'CONV': [32, 3]}, {'CONV': [256, 5]}, {'POOLMAX': [-1, 2]}), {'GLOBAL_AVG': None}, {'LAST_DENSE': [100, 'softmax']}]",HHSE,NSGA2,,,,,0.6887969341191018,,,,4530690560,5916068,,,,,,"[46, 0, 31, 57, 56, 52, 37, 6]",0.6776408298783227,0.0,0.375,0.625,1.0,0.0,0.01,0,21,0,100,0,0.21,BEST,False,False,326,True,True,GREEDY,,,GREEDY_HV
BHKLB[M][M],23,24,2,2,0.02,True,True,"[14, 62, 11, 5, 55, 4, 29, 6]",[],"[14.093514887598696, 62.558562929285, 11.166251081258153, 5.232287489976933, 55.990467041428104, 4.730884454048806, 29.195022001060586, 6.364029115131284]","[{'INP': 32}, {'CONV': [64, 3]}, ({'CONV': [32, 5]}, {'CONV': [256, 3]}), ({'CONV': [256, 5]}, {'CONV': [256, 3]}, {'POOLMAX': [-1, 2]}), ({'CONV': [32, 5]}, {'CONV': [64, 5]}), ({'CONV': [32, 3]}, {'CONV': [128, 5]}, {'POOLMAX': [-1, 2]}), ({'CONV': [256, 3]}, {'CONV': [256, 5]}), ({'CONV': [32, 3]}, {'CONV': [128, 3]}, {'POOLMAX': [-1, 2]}), ({'CONV': [64, 5]}, {'CONV': [128, 5]}), ({'CONV': [32, 3]}, {'CONV': [256, 3]}, {'POOLMAX': [-1, 2]}), {'GLOBAL_AVG': None}, {'LAST_DENSE': [100, 'softmax']}]",HHSE,NSGA2,,,,,0.6910175142788446,,,,5300283904,5330596,,,,,,"[15, 57, 15, 58, 54, 6, 54, 27]",0.6842202043901658,0.0041163452921629,0.0,0.0,1.0,1.0,0.02,0,1,0,100,0,0.01,BEST,False,False,319,True,True,GREEDY,,,GREEDY_HV
BHKLB[M][M],23,24,3,2,0.03,True,True,"[14, 62, 11, 5, 55, 4, 29, 6]",[],"[14.093514887598696, 62.558562929285, 11.166251081258153, 5.232287489976933, 55.990467041428104, 4.730884454048806, 29.195022001060586, 6.364029115131284]","[{'INP': 32}, {'CONV': [64, 3]}, ({'CONV': [32, 5]}, {'CONV': [256, 3]}), ({'CONV': [256, 5]}, {'CONV': [256, 3]}, {'POOLMAX': [-1, 2]}), ({'CONV': [32, 5]}, {'CONV': [64, 5]}), ({'CONV': [32, 3]}, {'CONV': [128, 5]}, {'POOLMAX': [-1, 2]}), ({'CONV': [256, 3]}, {'CONV': [256, 5]}), ({'CONV': [32, 3]}, {'CONV': [128, 3]}, {'POOLMAX': [-1, 2]}), ({'CONV': [64, 5]}, {'CONV': [128, 5]}), ({'CONV': [32, 3]}, {'CONV': [256, 3]}, {'POOLMAX': [-1, 2]}), {'GLOBAL_AVG': None}, {'LAST_DENSE': [100, 'softmax']}]",HHSE,NSGA2,,,,,0.6910175142788446,,,,5300283904,5330596,,,,,,"[15, 57, 15, 58, 54, 6, 54, 27]",0.6979476755608335,-0.0008504605470529,0.0,0.0,1.0,0.0,0.02,0,2,0,100,0,0.02,BEST,False,False,319,True,True,GREEDY,,,GREEDY_HV
BHKLB[M][M],23,24,4,2,0.04,True,True,"[14, 62, 11, 5, 55, 4, 29, 6]",[],"[14.093514887598696, 62.558562929285, 11.166251081258153, 5.232287489976933, 55.990467041428104, 4.730884454048806, 29.195022001060586, 6.364029115131284]","[{'INP': 32}, {'CONV': [64, 3]}, ({'CONV': [32, 5]}, {'CONV': [256, 3]}), ({'CONV': [256, 5]}, {'CONV': [256, 3]}, {'POOLMAX': [-1, 2]}), ({'CONV': [32, 5]}, {'CONV': [64, 5]}), ({'CONV': [32, 3]}, {'CONV': [128, 5]}, {'POOLMAX': [-1, 2]}), ({'CONV': [256, 3]}, {'CONV': [256, 5]}), ({'CONV': [32, 3]}, {'CONV': [128, 3]}, {'POOLMAX': [-1, 2]}), ({'CONV': [64, 5]}, {'CONV': [128, 5]}), ({'CONV': [32, 3]}, {'CONV': [256, 3]}, {'POOLMAX': [-1, 2]}), {'GLOBAL_AVG': None}, {'LAST_DENSE': [100, 'softmax']}]",HHSE,NSGA2,,,,,0.6910175142788446,,,,5300283904,5330596,,,,,,"[15, 57, 15, 58, 54, 6, 54, 27]",0.6989592743780452,-0.0026950469987013,0.0,0.0,1.0,0.0,0.02,0,0,0,100,0,0.0,BEST,False,False,319,True,True,GREEDY,,,GREEDY_HV
BHKLB[M][M],23,24,5,2,0.05,True,True,"[14, 62, 11, 5, 55, 4, 29, 6]",[],"[14.093514887598696, 62.558562929285, 11.166251081258153, 5.232287489976933, 55.990467041428104, 4.730884454048806, 29.195022001060586, 6.364029115131284]","[{'INP': 32}, {'CONV': [64, 3]}, ({'CONV': [32, 5]}, {'CONV': [256, 3]}), ({'CONV': [256, 5]}, {'CONV': [256, 3]}, {'POOLMAX': [-1, 2]}), ({'CONV': [32, 5]}, {'CONV': [64, 5]}), ({'CONV': [32, 3]}, {'CONV': [128, 5]}, {'POOLMAX': [-1, 2]}), ({'CONV': [256, 3]}, {'CONV': [256, 5]}), ({'CONV': [32, 3]}, {'CONV': [128, 3]}, {'POOLMAX': [-1, 2]}), ({'CONV': [64, 5]}, {'CONV': [128, 5]}), ({'CONV': [32, 3]}, {'CONV': [256, 3]}, {'POOLMAX': [-1, 2]}), {'GLOBAL_AVG': None}, {'LAST_DENSE': [100, 'softmax']}]",HHSE,NSGA2,,,,,0.6910175142788446,,,,5300283904,5330596,,,,,,"[15, 57, 15, 58, 54, 6, 54, 27]",0.7004604626507616,-0.002191304978508,0.0,0.0,1.0,0.0,0.02,0,2,0,100,0,0.02,BEST,False,False,319,True,True,GREEDY,,,GREEDY_HV
BHKLB[M][M],23,24,6,2,0.06,True,True,"[14, 62, 11, 5, 55, 4, 29, 6]",[],"[14.093514887598696, 62.558562929285, 11.166251081258153, 5.232287489976933, 55.990467041428104, 4.730884454048806, 29.195022001060586, 6.364029115131284]","[{'INP': 32}, {'CONV': [64, 3]}, ({'CONV': [32, 5]}, {'CONV': [256, 3]}), ({'CONV': [256, 5]}, {'CONV': [256, 3]}, {'POOLMAX': [-1, 2]}), ({'CONV': [32, 5]}, {'CONV': [64, 5]}), ({'CONV': [32, 3]}, {'CONV': [128, 5]}, {'POOLMAX': [-1, 2]}), ({'CONV': [256, 3]}, {'CONV': [256, 5]}), ({'CONV': [32, 3]}, {'CONV': [128, 3]}, {'POOLMAX': [-1, 2]}), ({'CONV': [64, 5]}, {'CONV': [128, 5]}), ({'CONV': [32, 3]}, {'CONV': [256, 3]}, {'POOLMAX': [-1, 2]}), {'GLOBAL_AVG': None}, {'LAST_DENSE': [100, 'softmax']}]",HHSE,NSGA2,,,,,0.6910175142788446,,,,5300283904,5330596,,,,,,"[15, 57, 15, 58, 54, 6, 54, 27]",0.7011219694111108,-0.0012047872254963,0.0,0.0,1.0,0.0,0.02,0,0,0,100,0,0.0,BEST,False,False,319,True,True,GREEDY,,,GREEDY_HV
BDGHJG[M][M][M][M],23,24,7,7,0.07,True,True,"[53, 57, 23, 38, 19, 30, 22, 4]",[],"[53.174908804748846, 57.36706454888127, 23.256399931513627, 38.24924989944218, 19.964807642001205, 30.013312159839465, 22.0174869995898, 4.097830215850209]","[{'INP': 32}, {'CONV': [64, 3]}, ({'CONV': [256, 3]}, {'CONV': [128, 5]}), ({'CONV': [256, 5]}, {'CONV': [32, 5]}, {'POOLMAX': [-1, 2]}), ({'CONV': [64, 3]}, {'CONV': [256, 5]}), ({'CONV': [128, 3]}, {'CONV': [256, 3]}, {'POOLMAX': [-1, 2]}), ({'CONV': [64, 3]}, {'CONV': [64, 5]}), ({'CONV': [64, 5]}, {'CONV': [256, 3]}, {'POOLMAX': [-1, 2]}), ({'CONV': [64, 3]}, {'CONV': [256, 3]}), ({'CONV': [32, 3]}, {'CONV': [128, 3]}, {'POOLMAX': [-1, 2]}), {'GLOBAL_AVG': None}, {'LAST_DENSE': [100, 'softmax']}]",HHSE,NSGA2,,,,,0.6967280540665398,,,,4683828224,3937828,,,,,,"[0, 1, 33, 0, 38, 39, 62, 62]",0.7143942042438121,0.0057866520914116,0.0,0.0,1.0,1.0,0.07,0,0,0,100,0,0.0,BEST,False,False,282,True,True,GREEDY,,,GREEDY_HV
BDGHJG[M][M][M][M],23,24,8,7,0.08,True,True,"[53, 57, 23, 38, 19, 30, 22, 4]",[],"[53.174908804748846, 57.36706454888127, 23.256399931513627, 38.24924989944218, 19.964807642001205, 30.013312159839465, 22.0174869995898, 4.097830215850209]","[{'INP': 32}, {'CONV': [64, 3]}, ({'CONV': [256, 3]}, {'CONV': [128, 5]}), ({'CONV': [256, 5]}, {'CONV': [32, 5]}, {'POOLMAX': [-1, 2]}), ({'CONV': [64, 3]}, {'CONV': [256, 5]}), ({'CONV': [128, 3]}, {'CONV': [256, 3]}, {'POOLMAX': [-1, 2]}), ({'CONV': [64, 3]}, {'CONV': [64, 5]}), ({'CONV': [64, 5]}, {'CONV': [256, 3]}, {'POOLMAX': [-1, 2]}), ({'CONV': [64, 3]}, {'CONV': [256, 3]}), ({'CONV': [32, 3]}, {'CONV': [128, 3]}, {'POOLMAX': [-1, 2]}), {'GLOBAL_AVG': None}, {'LAST_DENSE': [100, 'softmax']}]",HHSE,NSGA2,,,,,0.6967280540665398,,,,4683828224,3937828,,,,,,"[0, 1, 33, 0, 38, 39, 62, 62]",0.713411040842644,0.0008394072952355,0.0,0.0,1.0,0.0,0.07,0,0,0,100,0,0.0,BEST,False,False,282,True,True,GREEDY,,,GREEDY_HV
BDGHJG[M][M][M][M],23,24,9,7,0.09,True,True,"[53, 57, 23, 38, 19, 30, 22, 4]",[],"[53.174908804748846, 57.36706454888127, 23.256399931513627, 38.24924989944218, 19.964807642001205, 30.013312159839465, 22.0174869995898, 4.097830215850209]","[{'INP': 32}, {'CONV': [64, 3]}, ({'CONV': [256, 3]}, {'CONV': [128, 5]}), ({'CONV': [256, 5]}, {'CONV': [32, 5]}, {'POOLMAX': [-1, 2]}), ({'CONV': [64, 3]}, {'CONV': [256, 5]}), ({'CONV': [128, 3]}, {'CONV': [256, 3]}, {'POOLMAX': [-1, 2]}), ({'CONV': [64, 3]}, {'CONV': [64, 5]}), ({'CONV': [64, 5]}, {'CONV': [256, 3]}, {'POOLMAX': [-1, 2]}), ({'CONV': [64, 3]}, {'CONV': [256, 3]}), ({'CONV': [32, 3]}, {'CONV': [128, 3]}, {'POOLMAX': [-1, 2]}), {'GLOBAL_AVG': None}, {'LAST_DENSE': [100, 'softmax']}]",HHSE,NSGA2,,,,,0.6967280540665398,,,,4683828224,3937828,,,,,,"[0, 1, 33, 0, 38, 39, 62, 62]",0.7117187651517927,-0.0004212406248416,0.0,0.0,1.0,0.0,0.07,0,0,0,100,0,0.0,BEST,False,False,282,True,True,GREEDY,,,GREEDY_HV
BDGHJG[M][M][M][M],23,24,10,7,0.1,True,True,"[53, 57, 23, 38, 19, 30, 22, 4]",[],"[53.174908804748846, 57.36706454888127, 23.256399931513627, 38.24924989944218, 19.964807642001205, 30.013312159839465, 22.0174869995898, 4.097830215850209]","[{'INP': 32}, {'CONV': [64, 3]}, ({'CONV': [256, 3]}, {'CONV': [128, 5]}), ({'CONV': [256, 5]}, {'CONV': [32, 5]}, {'POOLMAX': [-1, 2]}), ({'CONV': [64, 3]}, {'CONV': [256, 5]}), ({'CONV': [128, 3]}, {'CONV': [256, 3]}, {'POOLMAX': [-1, 2]}), ({'CONV': [64, 3]}, {'CONV': [64, 5]}), ({'CONV': [64, 5]}, {'CONV': [256, 3]}, {'POOLMAX': [-1, 2]}), ({'CONV': [64, 3]}, {'CONV': [256, 3]}), ({'CONV': [32, 3]}, {'CONV': [128, 3]}, {'POOLMAX': [-1, 2]}), {'GLOBAL_AVG': None}, {'LAST_DENSE': [100, 'softmax']}]",HHSE,NSGA2,,,,,0.6967280540665398,,,,4683828224,3937828,,,,,,"[0, 1, 33, 0, 38, 39, 62, 62]",0.7121413379808971,-0.0005821620564225,0.0,0.0,1.0,0.0,0.07,0,0,0,100,0,0.0,BEST,False,False,282,True,True,GREEDY,,,GREEDY_HV
BDGHJG[M][M][M][M],23,24,11,7,0.11,True,True,"[53, 57, 23, 38, 19, 30, 22, 4]",[],"[53.174908804748846, 57.36706454888127, 23.256399931513627, 38.24924989944218, 19.964807642001205, 30.013312159839465, 22.0174869995898, 4.097830215850209]","[{'INP': 32}, {'CONV': [64, 3]}, ({'CONV': [256, 3]}, {'CONV': [128, 5]}), ({'CONV': [256, 5]}, {'CONV': [32, 5]}, {'POOLMAX': [-1, 2]}), ({'CONV': [64, 3]}, {'CONV': [256, 5]}), ({'CONV': [128, 3]}, {'CONV': [256, 3]}, {'POOLMAX': [-1, 2]}), ({'CONV': [64, 3]}, {'CONV': [64, 5]}), ({'CONV': [64, 5]}, {'CONV': [256, 3]}, {'POOLMAX': [-1, 2]}), ({'CONV': [64, 3]}, {'CONV': [256, 3]}), ({'CONV': [32, 3]}, {'CONV': [128, 3]}, {'POOLMAX': [-1, 2]}), {'GLOBAL_AVG': None}, {'LAST_DENSE': [100, 'softmax']}]",HHSE,NSGA2,,,,,0.6967280540665398,,,,4683828224,3937828,,,,,,"[0, 1, 33, 0, 38, 39, 62, 62]",0.712537004430293,-0.000178618852915,0.0,0.0,1.0,0.0,0.07,0,0,0,100,0,0.0,BEST,False,False,282,True,True,GREEDY,,,GREEDY_HV
BEPSNE[M][M],23,24,12,12,0.12,True,True,"[62, 53, 13, 60, 62, 6, 22, 62]",[],"[62.57518320729309, 53.67725244984117, 13.414478181800275, 60.987477606968994, 62.99662578833047, 6.748588345083901, 22.862841212604625, 62.46390545829275]","[{'INP': 32}, {'CONV': [64, 3]}, ({'CONV': [256, 5]}, {'CONV': [256, 3]}), ({'CONV': [256, 3]}, {'CONV': [128, 5]}, {'POOLMAX': [-1, 2]}), ({'CONV': [32, 5]}, {'CONV': [128, 5]}), ({'CONV': [256, 5]}, {'CONV': [128, 3]}, {'POOLMAX': [-1, 2]}), ({'CONV': [256, 5]}, {'CONV': [256, 3]}), ({'CONV': [32, 3]}, {'CONV': [256, 3]}, {'POOLMAX': [-1, 2]}), ({'CONV': [64, 3]}, {'CONV': [256, 3]}), ({'CONV': [256, 5]}, {'CONV': [256, 3]}, {'POOLMAX': [-1, 2]}), {'GLOBAL_AVG': None}, {'LAST_DENSE': [100, 'softmax']}]",HHSE,NSGA2,,,,,0.6996937114597753,,,,5898016768,7846948,,,,,,"[0, 0, 0, 17, 62, 6, 23, 61]",0.7126227888973424,-0.0046357690358332,0.0,0.0,0.75,0.875,0.12,0,0,0,100,0,0.0,BEST,False,False,253,True,True,GREEDY,,,GREEDY_HV
BEPSNE[M][M],23,24,13,12,0.13,True,True,"[62, 53, 13, 60, 62, 6, 22, 62]",[],"[62.57518320729309, 53.67725244984117, 13.414478181800275, 60.987477606968994, 62.99662578833047, 6.748588345083901, 22.862841212604625, 62.46390545829275]","[{'INP': 32}, {'CONV': [64, 3]}, ({'CONV': [256, 5]}, {'CONV': [256, 3]}), ({'CONV': [256, 3]}, {'CONV': [128, 5]}, {'POOLMAX': [-1, 2]}), ({'CONV': [32, 5]}, {'CONV': [128, 5]}), ({'CONV': [256, 5]}, {'CONV': [128, 3]}, {'POOLMAX': [-1, 2]}), ({'CONV': [256, 5]}, {'CONV': [256, 3]}), ({'CONV': [32, 3]}, {'CONV': [256, 3]}, {'POOLMAX': [-1, 2]}), ({'CONV': [64, 3]}, {'CONV': [256, 3]}), ({'CONV': [256, 5]}, {'CONV': [256, 3]}, {'POOLMAX': [-1, 2]}), {'GLOBAL_AVG': None}, {'LAST_DENSE': [100, 'softmax']}]",HHSE,NSGA2,,,,,0.6996937114597753,,,,5898016768,7846948,,,,,,"[0, 0, 0, 17, 62, 6, 23, 61]",0.71405555892006,-0.0008131418312748,0.0,0.0,0.75,0.0,0.12,0,0,0,100,0,0.0,BEST,False,False,253,True,True,GREEDY,,,GREEDY_HV
BEPSNE[M][M],23,24,14,12,0.14,True,True,"[62, 53, 13, 60, 62, 6, 22, 62]",[],"[62.57518320729309, 53.67725244984117, 13.414478181800275, 60.987477606968994, 62.99662578833047, 6.748588345083901, 22.862841212604625, 62.46390545829275]","[{'INP': 32}, {'CONV': [64, 3]}, ({'CONV': [256, 5]}, {'CONV': [256, 3]}), ({'CONV': [256, 3]}, {'CONV': [128, 5]}, {'POOLMAX': [-1, 2]}), ({'CONV': [32, 5]}, {'CONV': [128, 5]}), ({'CONV': [256, 5]}, {'CONV': [128, 3]}, {'POOLMAX': [-1, 2]}), ({'CONV': [256, 5]}, {'CONV': [256, 3]}), ({'CONV': [32, 3]}, {'CONV': [256, 3]}, {'POOLMAX': [-1, 2]}), ({'CONV': [64, 3]}, {'CONV': [256, 3]}), ({'CONV': [256, 5]}, {'CONV': [256, 3]}, {'POOLMAX': [-1, 2]}), {'GLOBAL_AVG': None}, {'LAST_DENSE': [100, 'softmax']}]",HHSE,NSGA2,,,,,0.6996937114597753,,,,5898016768,7846948,,,,,,"[0, 0, 0, 17, 62, 6, 23, 61]",0.7141886250407985,-0.000183151905265,0.0,0.0,0.75,0.0,0.12,0,1,0,100,0,0.01,BEST,False,False,253,True,True,GREEDY,,,GREEDY_HV
BEPSNE[M][M],23,24,15,12,0.15,True,True,"[62, 53, 13, 60, 62, 6, 22, 62]",[],"[62.57518320729309, 53.67725244984117, 13.414478181800275, 60.987477606968994, 62.99662578833047, 6.748588345083901, 22.862841212604625, 62.46390545829275]","[{'INP': 32}, {'CONV': [64, 3]}, ({'CONV': [256, 5]}, {'CONV': [256, 3]}), ({'CONV': [256, 3]}, {'CONV': [128, 5]}, {'POOLMAX': [-1, 2]}), ({'CONV': [32, 5]}, {'CONV': [128, 5]}), ({'CONV': [256, 5]}, {'CONV': [128, 3]}, {'POOLMAX': [-1, 2]}), ({'CONV': [256, 5]}, {'CONV': [256, 3]}), ({'CONV': [32, 3]}, {'CONV': [256, 3]}, {'POOLMAX': [-1, 2]}), ({'CONV': [64, 3]}, {'CONV': [256, 3]}), ({'CONV': [256, 5]}, {'CONV': [256, 3]}, {'POOLMAX': [-1, 2]}), {'GLOBAL_AVG': None}, {'LAST_DENSE': [100, 'softmax']}]",HHSE,NSGA2,,,,,0.6996937114597753,,,,5898016768,7846948,,,,,,"[0, 0, 0, 17, 62, 6, 23, 61]",0.7158614633508947,-0.000209603908763,0.0,0.0,0.75,0.0,0.12,0,0,0,100,0,0.0,BEST,False,False,253,True,True,GREEDY,,,GREEDY_HV
BEPSNE[M][M],23,24,16,12,0.16,True,True,"[62, 53, 13, 60, 62, 6, 22, 62]",[],"[62.57518320729309, 53.67725244984117, 13.414478181800275, 60.987477606968994, 62.99662578833047, 6.748588345083901, 22.862841212604625, 62.46390545829275]","[{'INP': 32}, {'CONV': [64, 3]}, ({'CONV': [256, 5]}, {'CONV': [256, 3]}), ({'CONV': [256, 3]}, {'CONV': [128, 5]}, {'POOLMAX': [-1, 2]}), ({'CONV': [32, 5]}, {'CONV': [128, 5]}), ({'CONV': [256, 5]}, {'CONV': [128, 3]}, {'POOLMAX': [-1, 2]}), ({'CONV': [256, 5]}, {'CONV': [256, 3]}), ({'CONV': [32, 3]}, {'CONV': [256, 3]}, {'POOLMAX': [-1, 2]}), ({'CONV': [64, 3]}, {'CONV': [256, 3]}), ({'CONV': [256, 5]}, {'CONV': [256, 3]}, {'POOLMAX': [-1, 2]}), {'GLOBAL_AVG': None}, {'LAST_DENSE': [100, 'softmax']}]",HHSE,NSGA2,,,,,0.6996937114597753,,,,5898016768,7846948,,,,,,"[0, 0, 0, 17, 62, 6, 23, 61]",0.7152446967559167,-0.0003967745474444,0.0,0.0,0.75,0.0,0.12,0,0,0,100,0,0.0,BEST,False,False,253,True,True,GREEDY,,,GREEDY_HV
BEPSNE[M][M],23,24,17,12,0.17,True,True,"[62, 53, 13, 60, 62, 6, 22, 62]",[],"[62.57518320729309, 53.67725244984117, 13.414478181800275, 60.987477606968994, 62.99662578833047, 6.748588345083901, 22.862841212604625, 62.46390545829275]","[{'INP': 32}, {'CONV': [64, 3]}, ({'CONV': [256, 5]}, {'CONV': [256, 3]}), ({'CONV': [256, 3]}, {'CONV': [128, 5]}, {'POOLMAX': [-1, 2]}), ({'CONV': [32, 5]}, {'CONV': [128, 5]}), ({'CONV': [256, 5]}, {'CONV': [128, 3]}, {'POOLMAX': [-1, 2]}), ({'CONV': [256, 5]}, {'CONV': [256, 3]}), ({'CONV': [32, 3]}, {'CONV': [256, 3]}, {'POOLMAX': [-1, 2]}), ({'CONV': [64, 3]}, {'CONV': [256, 3]}), ({'CONV': [256, 5]}, {'CONV': [256, 3]}, {'POOLMAX': [-1, 2]}), {'GLOBAL_AVG': None}, {'LAST_DENSE': [100, 'softmax']}]",HHSE,NSGA2,,,,,0.6996937114597753,,,,5898016768,7846948,,,,,,"[0, 0, 0, 17, 62, 6, 23, 61]",0.7158443089017368,0.0004882210073853,0.0,0.0,0.75,0.0,0.12,0,0,0,100,0,0.0,BEST,False,False,253,True,True,GREEDY,,,GREEDY_HV
BEPSNE[M][M],23,24,18,12,0.18,True,True,"[62, 53, 13, 60, 62, 6, 22, 62]",[],"[62.57518320729309, 53.67725244984117, 13.414478181800275, 60.987477606968994, 62.99662578833047, 6.748588345083901, 22.862841212604625, 62.46390545829275]","[{'INP': 32}, {'CONV': [64, 3]}, ({'CONV': [256, 5]}, {'CONV': [256, 3]}), ({'CONV': [256, 3]}, {'CONV': [128, 5]}, {'POOLMAX': [-1, 2]}), ({'CONV': [32, 5]}, {'CONV': [128, 5]}), ({'CONV': [256, 5]}, {'CONV': [128, 3]}, {'POOLMAX': [-1, 2]}), ({'CONV': [256, 5]}, {'CONV': [256, 3]}), ({'CONV': [32, 3]}, {'CONV': [256, 3]}, {'POOLMAX': [-1, 2]}), ({'CONV': [64, 3]}, {'CONV': [256, 3]}), ({'CONV': [256, 5]}, {'CONV': [256, 3]}, {'POOLMAX': [-1, 2]}), {'GLOBAL_AVG': None}, {'LAST_DENSE': [100, 'softmax']}]",HHSE,NSGA2,,,,,0.6996937114597753,,,,5898016768,7846948,,,,,,"[0, 0, 0, 17, 62, 6, 23, 61]",0.7164401745646556,0.0006287030721113,0.0,0.0,0.75,0.0,0.12,0,0,0,100,0,0.0,BEST,False,False,253,True,True,GREEDY,,,GREEDY_HV
BEPSNE[M][M],23,24,19,12,0.19,True,True,"[62, 53, 13, 60, 62, 6, 22, 62]",[],"[62.57518320729309, 53.67725244984117, 13.414478181800275, 60.987477606968994, 62.99662578833047, 6.748588345083901, 22.862841212604625, 62.46390545829275]","[{'INP': 32}, {'CONV': [64, 3]}, ({'CONV': [256, 5]}, {'CONV': [256, 3]}), ({'CONV': [256, 3]}, {'CONV': [128, 5]}, {'POOLMAX': [-1, 2]}), ({'CONV': [32, 5]}, {'CONV': [128, 5]}), ({'CONV': [256, 5]}, {'CONV': [128, 3]}, {'POOLMAX': [-1, 2]}), ({'CONV': [256, 5]}, {'CONV': [256, 3]}), ({'CONV': [32, 3]}, {'CONV': [256, 3]}, {'POOLMAX': [-1, 2]}), ({'CONV': [64, 3]}, {'CONV': [256, 3]}), ({'CONV': [256, 5]}, {'CONV': [256, 3]}, {'POOLMAX': [-1, 2]}), {'GLOBAL_AVG': None}, {'LAST_DENSE': [100, 'softmax']}]",HHSE,NSGA2,,,,,0.6996937114597753,,,,5898016768,7846948,,,,,,"[0, 0, 0, 17, 62, 6, 23, 61]",0.7165494368863976,-5.079801802188033e-05,0.0,0.0,0.75,0.0,0.12,0,0,0,100,0,0.0,BEST,False,False,253,True,True,GREEDY,,,GREEDY_HV
BEPSNE[M][M],23,24,20,12,0.2,True,True,"[62, 53, 13, 60, 62, 6, 22, 62]",[],"[62.57518320729309, 53.67725244984117, 13.414478181800275, 60.987477606968994, 62.99662578833047, 6.748588345083901, 22.862841212604625, 62.46390545829275]","[{'INP': 32}, {'CONV': [64, 3]}, ({'CONV': [256, 5]}, {'CONV': [256, 3]}), ({'CONV': [256, 3]}, {'CONV': [128, 5]}, {'POOLMAX': [-1, 2]}), ({'CONV': [32, 5]}, {'CONV': [128, 5]}), ({'CONV': [256, 5]}, {'CONV': [128, 3]}, {'POOLMAX': [-1, 2]}), ({'CONV': [256, 5]}, {'CONV': [256, 3]}), ({'CONV': [32, 3]}, {'CONV': [256, 3]}, {'POOLMAX': [-1, 2]}), ({'CONV': [64, 3]}, {'CONV': [256, 3]}), ({'CONV': [256, 5]}, {'CONV': [256, 3]}, {'POOLMAX': [-1, 2]}), {'GLOBAL_AVG': None}, {'LAST_DENSE': [100, 'softmax']}]",HHSE,NSGA2,,,,,0.6996937114597753,,,,5898016768,7846948,,,,,,"[0, 0, 0, 17, 62, 6, 23, 61]",0.7156855344642823,-0.0008874818303625,0.0,0.0,0.75,0.0,0.12,0,0,0,100,0,0.0,BEST,False,False,253,True,True,GREEDY,,,GREEDY_HV
BEPSNE[M][M],23,24,21,12,0.21,True,True,"[62, 53, 13, 60, 62, 6, 22, 62]",[],"[62.57518320729309, 53.67725244984117, 13.414478181800275, 60.987477606968994, 62.99662578833047, 6.748588345083901, 22.862841212604625, 62.46390545829275]","[{'INP': 32}, {'CONV': [64, 3]}, ({'CONV': [256, 5]}, {'CONV': [256, 3]}), ({'CONV': [256, 3]}, {'CONV': [128, 5]}, {'POOLMAX': [-1, 2]}), ({'CONV': [32, 5]}, {'CONV': [128, 5]}), ({'CONV': [256, 5]}, {'CONV': [128, 3]}, {'POOLMAX': [-1, 2]}), ({'CONV': [256, 5]}, {'CONV': [256, 3]}), ({'CONV': [32, 3]}, {'CONV': [256, 3]}, {'POOLMAX': [-1, 2]}), ({'CONV': [64, 3]}, {'CONV': [256, 3]}), ({'CONV': [256, 5]}, {'CONV': [256, 3]}, {'POOLMAX': [-1, 2]}), {'GLOBAL_AVG': None}, {'LAST_DENSE': [100, 'softmax']}]",HHSE,NSGA2,,,,,0.6996937114597753,,,,5898016768,7846948,,,,,,"[0, 0, 0, 17, 62, 6, 23, 61]",0.7157634017050529,-0.0001728076308475,0.0,0.0,0.75,0.0,0.12,0,0,0,100,0,0.0,BEST,False,False,253,True,True,GREEDY,,,GREEDY_HV
BEPSNE[M][M],23,24,22,12,0.22,True,True,"[62, 53, 13, 60, 62, 6, 22, 62]",[],"[62.57518320729309, 53.67725244984117, 13.414478181800275, 60.987477606968994, 62.99662578833047, 6.748588345083901, 22.862841212604625, 62.46390545829275]","[{'INP': 32}, {'CONV': [64, 3]}, ({'CONV': [256, 5]}, {'CONV': [256, 3]}), ({'CONV': [256, 3]}, {'CONV': [128, 5]}, {'POOLMAX': [-1, 2]}), ({'CONV': [32, 5]}, {'CONV': [128, 5]}), ({'CONV': [256, 5]}, {'CONV': [128, 3]}, {'POOLMAX': [-1, 2]}), ({'CONV': [256, 5]}, {'CONV': [256, 3]}), ({'CONV': [32, 3]}, {'CONV': [256, 3]}, {'POOLMAX': [-1, 2]}), ({'CONV': [64, 3]}, {'CONV': [256, 3]}), ({'CONV': [256, 5]}, {'CONV': [256, 3]}, {'POOLMAX': [-1, 2]}), {'GLOBAL_AVG': None}, {'LAST_DENSE': [100, 'softmax']}]",HHSE,NSGA2,,,,,0.6996937114597753,,,,5898016768,7846948,,,,,,"[0, 0, 0, 17, 62, 6, 23, 61]",0.7159381198472934,-0.0005422180343954,0.0,0.0,0.75,0.0,0.12,0,0,0,100,0,0.0,BEST,False,False,253,True,True,GREEDY,,,GREEDY_HV
BEPSNE[M][M],23,24,23,12,0.23,True,True,"[62, 53, 13, 60, 62, 6, 22, 62]",[],"[62.57518320729309, 53.67725244984117, 13.414478181800275, 60.987477606968994, 62.99662578833047, 6.748588345083901, 22.862841212604625, 62.46390545829275]","[{'INP': 32}, {'CONV': [64, 3]}, ({'CONV': [256, 5]}, {'CONV': [256, 3]}), ({'CONV': [256, 3]}, {'CONV': [128, 5]}, {'POOLMAX': [-1, 2]}), ({'CONV': [32, 5]}, {'CONV': [128, 5]}), ({'CONV': [256, 5]}, {'CONV': [128, 3]}, {'POOLMAX': [-1, 2]}), ({'CONV': [256, 5]}, {'CONV': [256, 3]}), ({'CONV': [32, 3]}, {'CONV': [256, 3]}, {'POOLMAX': [-1, 2]}), ({'CONV': [64, 3]}, {'CONV': [256, 3]}), ({'CONV': [256, 5]}, {'CONV': [256, 3]}, {'POOLMAX': [-1, 2]}), {'GLOBAL_AVG': None}, {'LAST_DENSE': [100, 'softmax']}]",HHSE,NSGA2,,,,,0.6996937114597753,,,,5898016768,7846948,,,,,,"[0, 0, 0, 17, 62, 6, 23, 61]",0.7160571558302952,-0.0002393350827766,0.0,0.0,0.75,0.0,0.12,0,1,0,100,0,0.01,BEST,False,False,253,True,True,GREEDY,,,GREEDY_HV
BEPSNE[M][M],23,24,24,12,0.24,True,True,"[62, 53, 13, 60, 62, 6, 22, 62]",[],"[62.57518320729309, 53.67725244984117, 13.414478181800275, 60.987477606968994, 62.99662578833047, 6.748588345083901, 22.862841212604625, 62.46390545829275]","[{'INP': 32}, {'CONV': [64, 3]}, ({'CONV': [256, 5]}, {'CONV': [256, 3]}), ({'CONV': [256, 3]}, {'CONV': [128, 5]}, {'POOLMAX': [-1, 2]}), ({'CONV': [32, 5]}, {'CONV': [128, 5]}), ({'CONV': [256, 5]}, {'CONV': [128, 3]}, {'POOLMAX': [-1, 2]}), ({'CONV': [256, 5]}, {'CONV': [256, 3]}), ({'CONV': [32, 3]}, {'CONV': [256, 3]}, {'POOLMAX': [-1, 2]}), ({'CONV': [64, 3]}, {'CONV': [256, 3]}), ({'CONV': [256, 5]}, {'CONV': [256, 3]}, {'POOLMAX': [-1, 2]}), {'GLOBAL_AVG': None}, {'LAST_DENSE': [100, 'softmax']}]",HHSE,NSGA2,,,,,0.6996937114597753,,,,5898016768,7846948,,,,,,"[0, 0, 0, 17, 62, 6, 23, 61]",0.7167395098633462,-0.0025118923803191,0.0,0.0,0.75,0.0,0.12,0,0,0,100,0,0.0,BEST,False,False,253,True,True,GREEDY,,,GREEDY_HV
BEPSNE[M][M],23,24,25,12,0.25,True,True,"[62, 53, 13, 60, 62, 6, 22, 62]",[],"[62.57518320729309, 53.67725244984117, 13.414478181800275, 60.987477606968994, 62.99662578833047, 6.748588345083901, 22.862841212604625, 62.46390545829275]","[{'INP': 32}, {'CONV': [64, 3]}, ({'CONV': [256, 5]}, {'CONV': [256, 3]}), ({'CONV': [256, 3]}, {'CONV': [128, 5]}, {'POOLMAX': [-1, 2]}), ({'CONV': [32, 5]}, {'CONV': [128, 5]}), ({'CONV': [256, 5]}, {'CONV': [128, 3]}, {'POOLMAX': [-1, 2]}), ({'CONV': [256, 5]}, {'CONV': [256, 3]}), ({'CONV': [32, 3]}, {'CONV': [256, 3]}, {'POOLMAX': [-1, 2]}), ({'CONV': [64, 3]}, {'CONV': [256, 3]}), ({'CONV': [256, 5]}, {'CONV': [256, 3]}, {'POOLMAX': [-1, 2]}), {'GLOBAL_AVG': None}, {'LAST_DENSE': [100, 'softmax']}]",HHSE,NSGA2,,,,,0.6996937114597753,,,,5898016768,7846948,,,,,,"[0, 0, 0, 17, 62, 6, 23, 61]",0.7161933965459976,-0.00109456379304,0.0,0.0,0.75,0.0,0.12,0,1,0,100,0,0.01,BEST,False,False,253,True,True,GREEDY,,,GREEDY_HV
BEPSNE[M][M],23,24,26,12,0.26,True,True,"[62, 53, 13, 60, 62, 6, 22, 62]",[],"[62.57518320729309, 53.67725244984117, 13.414478181800275, 60.987477606968994, 62.99662578833047, 6.748588345083901, 22.862841212604625, 62.46390545829275]","[{'INP': 32}, {'CONV': [64, 3]}, ({'CONV': [256, 5]}, {'CONV': [256, 3]}), ({'CONV': [256, 3]}, {'CONV': [128, 5]}, {'POOLMAX': [-1, 2]}), ({'CONV': [32, 5]}, {'CONV': [128, 5]}), ({'CONV': [256, 5]}, {'CONV': [128, 3]}, {'POOLMAX': [-1, 2]}), ({'CONV': [256, 5]}, {'CONV': [256, 3]}), ({'CONV': [32, 3]}, {'CONV': [256, 3]}, {'POOLMAX': [-1, 2]}), ({'CONV': [64, 3]}, {'CONV': [256, 3]}), ({'CONV': [256, 5]}, {'CONV': [256, 3]}, {'POOLMAX': [-1, 2]}), {'GLOBAL_AVG': None}, {'LAST_DENSE': [100, 'softmax']}]",HHSE,NSGA2,,,,,0.6996937114597753,,,,5898016768,7846948,,,,,,"[0, 0, 0, 17, 62, 6, 23, 61]",0.7162335709315324,-0.0004780865512958,0.0,0.0,0.75,0.0,0.12,0,0,0,100,0,0.0,BEST,False,False,253,True,True,GREEDY,,,GREEDY_HV
BEPSNE[M][M],23,24,27,12,0.27,True,True,"[62, 53, 13, 60, 62, 6, 22, 62]",[],"[62.57518320729309, 53.67725244984117, 13.414478181800275, 60.987477606968994, 62.99662578833047, 6.748588345083901, 22.862841212604625, 62.46390545829275]","[{'INP': 32}, {'CONV': [64, 3]}, ({'CONV': [256, 5]}, {'CONV': [256, 3]}), ({'CONV': [256, 3]}, {'CONV': [128, 5]}, {'POOLMAX': [-1, 2]}), ({'CONV': [32, 5]}, {'CONV': [128, 5]}), ({'CONV': [256, 5]}, {'CONV': [128, 3]}, {'POOLMAX': [-1, 2]}), ({'CONV': [256, 5]}, {'CONV': [256, 3]}), ({'CONV': [32, 3]}, {'CONV': [256, 3]}, {'POOLMAX': [-1, 2]}), ({'CONV': [64, 3]}, {'CONV': [256, 3]}), ({'CONV': [256, 5]}, {'CONV': [256, 3]}, {'POOLMAX': [-1, 2]}), {'GLOBAL_AVG': None}, {'LAST_DENSE': [100, 'softmax']}]",HHSE,NSGA2,,,,,0.6996937114597753,,,,5898016768,7846948,,,,,,"[0, 0, 0, 17, 62, 6, 23, 61]",0.7162509569860371,-0.0001096402919599,0.0,0.0,0.75,0.0,0.12,0,0,0,100,0,0.0,BEST,False,False,253,True,True,GREEDY,,,GREEDY_HV
BEPSNE[M][M],23,24,28,12,0.28,True,True,"[62, 53, 13, 60, 62, 6, 22, 62]",[],"[62.57518320729309, 53.67725244984117, 13.414478181800275, 60.987477606968994, 62.99662578833047, 6.748588345083901, 22.862841212604625, 62.46390545829275]","[{'INP': 32}, {'CONV': [64, 3]}, ({'CONV': [256, 5]}, {'CONV': [256, 3]}), ({'CONV': [256, 3]}, {'CONV': [128, 5]}, {'POOLMAX': [-1, 2]}), ({'CONV': [32, 5]}, {'CONV': [128, 5]}), ({'CONV': [256, 5]}, {'CONV': [128, 3]}, {'POOLMAX': [-1, 2]}), ({'CONV': [256, 5]}, {'CONV': [256, 3]}), ({'CONV': [32, 3]}, {'CONV': [256, 3]}, {'POOLMAX': [-1, 2]}), ({'CONV': [64, 3]}, {'CONV': [256, 3]}), ({'CONV': [256, 5]}, {'CONV': [256, 3]}, {'POOLMAX': [-1, 2]}), {'GLOBAL_AVG': None}, {'LAST_DENSE': [100, 'softmax']}]",HHSE,NSGA2,,,,,0.6996937114597753,,,,5898016768,7846948,,,,,,"[0, 0, 0, 17, 62, 6, 23, 61]",0.7164141117745052,-0.0016600589141968,0.0,0.0,0.75,0.0,0.12,0,0,0,100,0,0.0,BEST,False,False,253,True,True,GREEDY,,,GREEDY_HV
BEPSNE[M][M],23,24,29,12,0.29,True,True,"[62, 53, 13, 60, 62, 6, 22, 62]",[],"[62.57518320729309, 53.67725244984117, 13.414478181800275, 60.987477606968994, 62.99662578833047, 6.748588345083901, 22.862841212604625, 62.46390545829275]","[{'INP': 32}, {'CONV': [64, 3]}, ({'CONV': [256, 5]}, {'CONV': [256, 3]}), ({'CONV': [256, 3]}, {'CONV': [128, 5]}, {'POOLMAX': [-1, 2]}), ({'CONV': [32, 5]}, {'CONV': [128, 5]}), ({'CONV': [256, 5]}, {'CONV': [128, 3]}, {'POOLMAX': [-1, 2]}), ({'CONV': [256, 5]}, {'CONV': [256, 3]}), ({'CONV': [32, 3]}, {'CONV': [256, 3]}, {'POOLMAX': [-1, 2]}), ({'CONV': [64, 3]}, {'CONV': [256, 3]}), ({'CONV': [256, 5]}, {'CONV': [256, 3]}, {'POOLMAX': [-1, 2]}), {'GLOBAL_AVG': None}, {'LAST_DENSE': [100, 'softmax']}]",HHSE,NSGA2,,,,,0.6996937114597753,,,,5898016768,7846948,,,,,,"[0, 0, 0, 17, 62, 6, 23, 61]",0.716416322708276,-0.0015174192290045,0.0,0.0,0.75,0.0,0.12,0,0,0,100,0,0.0,BEST,False,False,253,True,True,GREEDY,,,GREEDY_HV
BEPSNE[M][M],23,24,30,12,0.3,True,True,"[62, 53, 13, 60, 62, 6, 22, 62]",[],"[62.57518320729309, 53.67725244984117, 13.414478181800275, 60.987477606968994, 62.99662578833047, 6.748588345083901, 22.862841212604625, 62.46390545829275]","[{'INP': 32}, {'CONV': [64, 3]}, ({'CONV': [256, 5]}, {'CONV': [256, 3]}), ({'CONV': [256, 3]}, {'CONV': [128, 5]}, {'POOLMAX': [-1, 2]}), ({'CONV': [32, 5]}, {'CONV': [128, 5]}), ({'CONV': [256, 5]}, {'CONV': [128, 3]}, {'POOLMAX': [-1, 2]}), ({'CONV': [256, 5]}, {'CONV': [256, 3]}), ({'CONV': [32, 3]}, {'CONV': [256, 3]}, {'POOLMAX': [-1, 2]}), ({'CONV': [64, 3]}, {'CONV': [256, 3]}), ({'CONV': [256, 5]}, {'CONV': [256, 3]}, {'POOLMAX': [-1, 2]}), {'GLOBAL_AVG': None}, {'LAST_DENSE': [100, 'softmax']}]",HHSE,NSGA2,,,,,0.6996937114597753,,,,5898016768,7846948,,,,,,"[0, 0, 0, 17, 62, 6, 23, 61]",0.7164678961591542,-0.0003066592041615,0.0,0.0,0.75,0.0,0.12,0,0,0,100,0,0.0,BEST,False,False,253,True,True,GREEDY,,,GREEDY_HV
BEPSNE[M][M],23,24,31,12,0.31,True,True,"[62, 53, 13, 60, 62, 6, 22, 62]",[],"[62.57518320729309, 53.67725244984117, 13.414478181800275, 60.987477606968994, 62.99662578833047, 6.748588345083901, 22.862841212604625, 62.46390545829275]","[{'INP': 32}, {'CONV': [64, 3]}, ({'CONV': [256, 5]}, {'CONV': [256, 3]}), ({'CONV': [256, 3]}, {'CONV': [128, 5]}, {'POOLMAX': [-1, 2]}), ({'CONV': [32, 5]}, {'CONV': [128, 5]}), ({'CONV': [256, 5]}, {'CONV': [128, 3]}, {'POOLMAX': [-1, 2]}), ({'CONV': [256, 5]}, {'CONV': [256, 3]}), ({'CONV': [32, 3]}, {'CONV': [256, 3]}, {'POOLMAX': [-1, 2]}), ({'CONV': [64, 3]}, {'CONV': [256, 3]}), ({'CONV': [256, 5]}, {'CONV': [256, 3]}, {'POOLMAX': [-1, 2]}), {'GLOBAL_AVG': None}, {'LAST_DENSE': [100, 'softmax']}]",HHSE,NSGA2,,,,,0.6996937114597753,,,,5898016768,7846948,,,,,,"[0, 0, 0, 17, 62, 6, 23, 61]",0.7175098019054885,-0.0004620596120269,0.0,0.0,0.75,0.0,0.12,0,0,0,100,0,0.0,BEST,False,False,253,True,True,GREEDY,,,GREEDY_HV
BEPSNE[M][M],23,24,32,12,0.32,True,True,"[62, 53, 13, 60, 62, 6, 22, 62]",[],"[62.57518320729309, 53.67725244984117, 13.414478181800275, 60.987477606968994, 62.99662578833047, 6.748588345083901, 22.862841212604625, 62.46390545829275]","[{'INP': 32}, {'CONV': [64, 3]}, ({'CONV': [256, 5]}, {'CONV': [256, 3]}), ({'CONV': [256, 3]}, {'CONV': [128, 5]}, {'POOLMAX': [-1, 2]}), ({'CONV': [32, 5]}, {'CONV': [128, 5]}), ({'CONV': [256, 5]}, {'CONV': [128, 3]}, {'POOLMAX': [-1, 2]}), ({'CONV': [256, 5]}, {'CONV': [256, 3]}), ({'CONV': [32, 3]}, {'CONV': [256, 3]}, {'POOLMAX': [-1, 2]}), ({'CONV': [64, 3]}, {'CONV': [256, 3]}), ({'CONV': [256, 5]}, {'CONV': [256, 3]}, {'POOLMAX': [-1, 2]}), {'GLOBAL_AVG': None}, {'LAST_DENSE': [100, 'softmax']}]",HHSE,NSGA2,,,,,0.6996937114597753,,,,5898016768,7846948,,,,,,"[0, 0, 0, 17, 62, 6, 23, 61]",0.7175846507655266,-0.0005393606189791,0.0,0.0,0.75,0.0,0.12,0,0,0,100,0,0.0,BEST,False,False,253,True,True,GREEDY,,,GREEDY_HV
BEPSNE[M][M],23,24,33,12,0.33,True,True,"[62, 53, 13, 60, 62, 6, 22, 62]",[],"[62.57518320729309, 53.67725244984117, 13.414478181800275, 60.987477606968994, 62.99662578833047, 6.748588345083901, 22.862841212604625, 62.46390545829275]","[{'INP': 32}, {'CONV': [64, 3]}, ({'CONV': [256, 5]}, {'CONV': [256, 3]}), ({'CONV': [256, 3]}, {'CONV': [128, 5]}, {'POOLMAX': [-1, 2]}), ({'CONV': [32, 5]}, {'CONV': [128, 5]}), ({'CONV': [256, 5]}, {'CONV': [128, 3]}, {'POOLMAX': [-1, 2]}), ({'CONV': [256, 5]}, {'CONV': [256, 3]}), ({'CONV': [32, 3]}, {'CONV': [256, 3]}, {'POOLMAX': [-1, 2]}), ({'CONV': [64, 3]}, {'CONV': [256, 3]}), ({'CONV': [256, 5]}, {'CONV': [256, 3]}, {'POOLMAX': [-1, 2]}), {'GLOBAL_AVG': None}, {'LAST_DENSE': [100, 'softmax']}]",HHSE,NSGA2,,,,,0.6996937114597753,,,,5898016768,7846948,,,,,,"[0, 0, 0, 17, 62, 6, 23, 61]",0.717581938107409,-0.0005255422371787,0.0,0.0,0.75,0.0,0.12,0,0,0,100,0,0.0,BEST,False,False,253,True,True,GREEDY,,,GREEDY_HV
BEPSNE[M][M],23,24,34,12,0.34,True,True,"[62, 53, 13, 60, 62, 6, 22, 62]",[],"[62.57518320729309, 53.67725244984117, 13.414478181800275, 60.987477606968994, 62.99662578833047, 6.748588345083901, 22.862841212604625, 62.46390545829275]","[{'INP': 32}, {'CONV': [64, 3]}, ({'CONV': [256, 5]}, {'CONV': [256, 3]}), ({'CONV': [256, 3]}, {'CONV': [128, 5]}, {'POOLMAX': [-1, 2]}), ({'CONV': [32, 5]}, {'CONV': [128, 5]}), ({'CONV': [256, 5]}, {'CONV': [128, 3]}, {'POOLMAX': [-1, 2]}), ({'CONV': [256, 5]}, {'CONV': [256, 3]}), ({'CONV': [32, 3]}, {'CONV': [256, 3]}, {'POOLMAX': [-1, 2]}), ({'CONV': [64, 3]}, {'CONV': [256, 3]}), ({'CONV': [256, 5]}, {'CONV': [256, 3]}, {'POOLMAX': [-1, 2]}), {'GLOBAL_AVG': None}, {'LAST_DENSE': [100, 'softmax']}]",HHSE,NSGA2,,,,,0.6996937114597753,,,,5898016768,7846948,,,,,,"[0, 0, 0, 17, 62, 6, 23, 61]",0.7177543619567898,-0.0002239584281472,0.0,0.0,0.75,0.0,0.12,0,0,0,100,0,0.0,BEST,False,False,253,True,True,GREEDY,,,GREEDY_HV
BEPSNE[M][M],23,24,35,12,0.35,True,True,"[62, 53, 13, 60, 62, 6, 22, 62]",[],"[62.57518320729309, 53.67725244984117, 13.414478181800275, 60.987477606968994, 62.99662578833047, 6.748588345083901, 22.862841212604625, 62.46390545829275]","[{'INP': 32}, {'CONV': [64, 3]}, ({'CONV': [256, 5]}, {'CONV': [256, 3]}), ({'CONV': [256, 3]}, {'CONV': [128, 5]}, {'POOLMAX': [-1, 2]}), ({'CONV': [32, 5]}, {'CONV': [128, 5]}), ({'CONV': [256, 5]}, {'CONV': [128, 3]}, {'POOLMAX': [-1, 2]}), ({'CONV': [256, 5]}, {'CONV': [256, 3]}), ({'CONV': [32, 3]}, {'CONV': [256, 3]}, {'POOLMAX': [-1, 2]}), ({'CONV': [64, 3]}, {'CONV': [256, 3]}), ({'CONV': [256, 5]}, {'CONV': [256, 3]}, {'POOLMAX': [-1, 2]}), {'GLOBAL_AVG': None}, {'LAST_DENSE': [100, 'softmax']}]",HHSE,NSGA2,,,,,0.6996937114597753,,,,5898016768,7846948,,,,,,"[0, 0, 0, 17, 62, 6, 23, 61]",0.7178055659921676,-0.0002748204425727,0.0,0.0,0.75,0.0,0.12,0,1,0,100,0,0.01,BEST,False,False,253,True,True,GREEDY,,,GREEDY_HV
BEPSNE[M][M],23,24,36,12,0.36,True,True,"[62, 53, 13, 60, 62, 6, 22, 62]",[],"[62.57518320729309, 53.67725244984117, 13.414478181800275, 60.987477606968994, 62.99662578833047, 6.748588345083901, 22.862841212604625, 62.46390545829275]","[{'INP': 32}, {'CONV': [64, 3]}, ({'CONV': [256, 5]}, {'CONV': [256, 3]}), ({'CONV': [256, 3]}, {'CONV': [128, 5]}, {'POOLMAX': [-1, 2]}), ({'CONV': [32, 5]}, {'CONV': [128, 5]}), ({'CONV': [256, 5]}, {'CONV': [128, 3]}, {'POOLMAX': [-1, 2]}), ({'CONV': [256, 5]}, {'CONV': [256, 3]}), ({'CONV': [32, 3]}, {'CONV': [256, 3]}, {'POOLMAX': [-1, 2]}), ({'CONV': [64, 3]}, {'CONV': [256, 3]}), ({'CONV': [256, 5]}, {'CONV': [256, 3]}, {'POOLMAX': [-1, 2]}), {'GLOBAL_AVG': None}, {'LAST_DENSE': [100, 'softmax']}]",HHSE,NSGA2,,,,,0.6996937114597753,,,,5898016768,7846948,,,,,,"[0, 0, 0, 17, 62, 6, 23, 61]",0.7177819490798143,-0.0003240760122524,0.0,0.0,0.75,0.0,0.12,0,0,0,100,0,0.0,BEST,False,False,253,True,True,GREEDY,,,GREEDY_HV
BEPSNE[M][M],23,24,37,12,0.37,True,True,"[62, 53, 13, 60, 62, 6, 22, 62]",[],"[62.57518320729309, 53.67725244984117, 13.414478181800275, 60.987477606968994, 62.99662578833047, 6.748588345083901, 22.862841212604625, 62.46390545829275]","[{'INP': 32}, {'CONV': [64, 3]}, ({'CONV': [256, 5]}, {'CONV': [256, 3]}), ({'CONV': [256, 3]}, {'CONV': [128, 5]}, {'POOLMAX': [-1, 2]}), ({'CONV': [32, 5]}, {'CONV': [128, 5]}), ({'CONV': [256, 5]}, {'CONV': [128, 3]}, {'POOLMAX': [-1, 2]}), ({'CONV': [256, 5]}, {'CONV': [256, 3]}), ({'CONV': [32, 3]}, {'CONV': [256, 3]}, {'POOLMAX': [-1, 2]}), ({'CONV': [64, 3]}, {'CONV': [256, 3]}), ({'CONV': [256, 5]}, {'CONV': [256, 3]}, {'POOLMAX': [-1, 2]}), {'GLOBAL_AVG': None}, {'LAST_DENSE': [100, 'softmax']}]",HHSE,NSGA2,,,,,0.6996937114597753,,,,5898016768,7846948,,,,,,"[0, 0, 0, 17, 62, 6, 23, 61]",0.7189228232406263,-0.0007738563687068,0.0,0.0,0.75,0.0,0.12,0,0,0,100,0,0.0,BEST,False,False,253,True,True,GREEDY,,,GREEDY_HV
BEPSNE[M][M],23,24,38,12,0.38,True,True,"[62, 53, 13, 60, 62, 6, 22, 62]",[],"[62.57518320729309, 53.67725244984117, 13.414478181800275, 60.987477606968994, 62.99662578833047, 6.748588345083901, 22.862841212604625, 62.46390545829275]","[{'INP': 32}, {'CONV': [64, 3]}, ({'CONV': [256, 5]}, {'CONV': [256, 3]}), ({'CONV': [256, 3]}, {'CONV': [128, 5]}, {'POOLMAX': [-1, 2]}), ({'CONV': [32, 5]}, {'CONV': [128, 5]}), ({'CONV': [256, 5]}, {'CONV': [128, 3]}, {'POOLMAX': [-1, 2]}), ({'CONV': [256, 5]}, {'CONV': [256, 3]}), ({'CONV': [32, 3]}, {'CONV': [256, 3]}, {'POOLMAX': [-1, 2]}), ({'CONV': [64, 3]}, {'CONV': [256, 3]}), ({'CONV': [256, 5]}, {'CONV': [256, 3]}, {'POOLMAX': [-1, 2]}), {'GLOBAL_AVG': None}, {'LAST_DENSE': [100, 'softmax']}]",HHSE,NSGA2,,,,,0.6996937114597753,,,,5898016768,7846948,,,,,,"[0, 0, 0, 17, 62, 6, 23, 61]",0.7191656041897618,-0.0019442969947124,0.0,0.0,0.75,0.0,0.12,0,0,0,100,0,0.0,BEST,False,False,253,True,True,GREEDY,,,GREEDY_HV
BEPSNE[M][M],23,24,39,12,0.39,True,True,"[62, 53, 13, 60, 62, 6, 22, 62]",[],"[62.57518320729309, 53.67725244984117, 13.414478181800275, 60.987477606968994, 62.99662578833047, 6.748588345083901, 22.862841212604625, 62.46390545829275]","[{'INP': 32}, {'CONV': [64, 3]}, ({'CONV': [256, 5]}, {'CONV': [256, 3]}), ({'CONV': [256, 3]}, {'CONV': [128, 5]}, {'POOLMAX': [-1, 2]}), ({'CONV': [32, 5]}, {'CONV': [128, 5]}), ({'CONV': [256, 5]}, {'CONV': [128, 3]}, {'POOLMAX': [-1, 2]}), ({'CONV': [256, 5]}, {'CONV': [256, 3]}), ({'CONV': [32, 3]}, {'CONV': [256, 3]}, {'POOLMAX': [-1, 2]}), ({'CONV': [64, 3]}, {'CONV': [256, 3]}), ({'CONV': [256, 5]}, {'CONV': [256, 3]}, {'POOLMAX': [-1, 2]}), {'GLOBAL_AVG': None}, {'LAST_DENSE': [100, 'softmax']}]",HHSE,NSGA2,,,,,0.6996937114597753,,,,5898016768,7846948,,,,,,"[0, 0, 0, 17, 62, 6, 23, 61]",0.7179610867174269,-0.0023161230256136,0.0,0.0,0.75,0.0,0.12,0,1,0,100,0,0.01,BEST,False,False,253,True,True,GREEDY,,,GREEDY_HV
BEPSNE[M][M],23,24,40,12,0.4,True,True,"[62, 53, 13, 60, 62, 6, 22, 62]",[],"[62.57518320729309, 53.67725244984117, 13.414478181800275, 60.987477606968994, 62.99662578833047, 6.748588345083901, 22.862841212604625, 62.46390545829275]","[{'INP': 32}, {'CONV': [64, 3]}, ({'CONV': [256, 5]}, {'CONV': [256, 3]}), ({'CONV': [256, 3]}, {'CONV': [128, 5]}, {'POOLMAX': [-1, 2]}), ({'CONV': [32, 5]}, {'CONV': [128, 5]}), ({'CONV': [256, 5]}, {'CONV': [128, 3]}, {'POOLMAX': [-1, 2]}), ({'CONV': [256, 5]}, {'CONV': [256, 3]}), ({'CONV': [32, 3]}, {'CONV': [256, 3]}, {'POOLMAX': [-1, 2]}), ({'CONV': [64, 3]}, {'CONV': [256, 3]}), ({'CONV': [256, 5]}, {'CONV': [256, 3]}, {'POOLMAX': [-1, 2]}), {'GLOBAL_AVG': None}, {'LAST_DENSE': [100, 'softmax']}]",HHSE,NSGA2,,,,,0.6996937114597753,,,,5898016768,7846948,,,,,,"[0, 0, 0, 17, 62, 6, 23, 61]",0.7182911674536352,-8.555929359799208e-05,0.0,0.0,0.75,0.0,0.12,0,0,0,100,0,0.0,BEST,False,False,253,True,True,GREEDY,,,GREEDY_HV
BEPSNE[M][M],23,24,41,12,0.41,True,True,"[62, 53, 13, 60, 62, 6, 22, 62]",[],"[62.57518320729309, 53.67725244984117, 13.414478181800275, 60.987477606968994, 62.99662578833047, 6.748588345083901, 22.862841212604625, 62.46390545829275]","[{'INP': 32}, {'CONV': [64, 3]}, ({'CONV': [256, 5]}, {'CONV': [256, 3]}), ({'CONV': [256, 3]}, {'CONV': [128, 5]}, {'POOLMAX': [-1, 2]}), ({'CONV': [32, 5]}, {'CONV': [128, 5]}), ({'CONV': [256, 5]}, {'CONV': [128, 3]}, {'POOLMAX': [-1, 2]}), ({'CONV': [256, 5]}, {'CONV': [256, 3]}), ({'CONV': [32, 3]}, {'CONV': [256, 3]}, {'POOLMAX': [-1, 2]}), ({'CONV': [64, 3]}, {'CONV': [256, 3]}), ({'CONV': [256, 5]}, {'CONV': [256, 3]}, {'POOLMAX': [-1, 2]}), {'GLOBAL_AVG': None}, {'LAST_DENSE': [100, 'softmax']}]",HHSE,NSGA2,,,,,0.6996937114597753,,,,5898016768,7846948,,,,,,"[0, 0, 0, 17, 62, 6, 23, 61]",0.7182768031446707,-0.0018444072829418,0.0,0.0,0.75,0.0,0.12,0,1,0,100,0,0.01,BEST,False,False,253,True,True,GREEDY,,,GREEDY_HV
BEPSNE[M][M],23,24,42,12,0.42,True,True,"[62, 53, 13, 60, 62, 6, 22, 62]",[],"[62.57518320729309, 53.67725244984117, 13.414478181800275, 60.987477606968994, 62.99662578833047, 6.748588345083901, 22.862841212604625, 62.46390545829275]","[{'INP': 32}, {'CONV': [64, 3]}, ({'CONV': [256, 5]}, {'CONV': [256, 3]}), ({'CONV': [256, 3]}, {'CONV': [128, 5]}, {'POOLMAX': [-1, 2]}), ({'CONV': [32, 5]}, {'CONV': [128, 5]}), ({'CONV': [256, 5]}, {'CONV': [128, 3]}, {'POOLMAX': [-1, 2]}), ({'CONV': [256, 5]}, {'CONV': [256, 3]}), ({'CONV': [32, 3]}, {'CONV': [256, 3]}, {'POOLMAX': [-1, 2]}), ({'CONV': [64, 3]}, {'CONV': [256, 3]}), ({'CONV': [256, 5]}, {'CONV': [256, 3]}, {'POOLMAX': [-1, 2]}), {'GLOBAL_AVG': None}, {'LAST_DENSE': [100, 'softmax']}]",HHSE,NSGA2,,,,,0.6996937114597753,,,,5898016768,7846948,,,,,,"[0, 0, 0, 17, 62, 6, 23, 61]",0.7182777615886717,-0.0020132081423216,0.0,0.0,0.75,0.0,0.12,0,0,0,100,0,0.0,BEST,False,False,253,True,True,GREEDY,,,GREEDY_HV
BITPPN[M][M],23,24,43,43,0.43,True,True,"[43, 30, 18, 46, 46, 26, 39, 55]",[],"[43.23400937285557, 30.677243297078814, 18.731948648746236, 46.83450811377014, 46.856521432616766, 26.423763454435026, 39.06070985804002, 55.11514802728442]","[{'INP': 32}, {'CONV': [64, 3]}, ({'CONV': [128, 5]}, {'CONV': [64, 5]}), ({'CONV': [64, 5]}, {'CONV': [256, 3]}, {'POOLMAX': [-1, 2]}), ({'CONV': [64, 3]}, {'CONV': [64, 3]}), ({'CONV': [128, 5]}, {'CONV': [256, 3]}, {'POOLMAX': [-1, 2]}), ({'CONV': [128, 5]}, {'CONV': [256, 3]}), ({'CONV': [64, 5]}, {'CONV': [64, 3]}, {'POOLMAX': [-1, 2]}), ({'CONV': [128, 3]}, {'CONV': [256, 5]}), ({'CONV': [256, 3]}, {'CONV': [256, 5]}, {'POOLMAX': [-1, 2]}), {'GLOBAL_AVG': None}, {'LAST_DENSE': [100, 'softmax']}]",HHSE,NSGA2,,,,,0.7037517551611044,,,,2009195520,6062628,,,,,,"[36, 30, 0, 29, 46, 6, 58, 26]",0.7183049433401038,-0.0004486210874007,0.0,0.0,0.75,1.0,0.43,0,0,0,100,0,0.0,BEST,False,False,213,True,True,GREEDY,,,GREEDY_HV
BITPPN[M][M],23,24,44,43,0.44,True,True,"[43, 30, 18, 46, 46, 26, 39, 55]",[],"[43.23400937285557, 30.677243297078814, 18.731948648746236, 46.83450811377014, 46.856521432616766, 26.423763454435026, 39.06070985804002, 55.11514802728442]","[{'INP': 32}, {'CONV': [64, 3]}, ({'CONV': [128, 5]}, {'CONV': [64, 5]}), ({'CONV': [64, 5]}, {'CONV': [256, 3]}, {'POOLMAX': [-1, 2]}), ({'CONV': [64, 3]}, {'CONV': [64, 3]}), ({'CONV': [128, 5]}, {'CONV': [256, 3]}, {'POOLMAX': [-1, 2]}), ({'CONV': [128, 5]}, {'CONV': [256, 3]}), ({'CONV': [64, 5]}, {'CONV': [64, 3]}, {'POOLMAX': [-1, 2]}), ({'CONV': [128, 3]}, {'CONV': [256, 5]}), ({'CONV': [256, 3]}, {'CONV': [256, 5]}, {'POOLMAX': [-1, 2]}), {'GLOBAL_AVG': None}, {'LAST_DENSE': [100, 'softmax']}]",HHSE,NSGA2,,,,,0.7037517551611044,,,,2009195520,6062628,,,,,,"[36, 30, 0, 29, 46, 6, 58, 26]",0.7212522631695345,-0.000325080248792,0.0,0.0,0.75,0.0,0.43,0,0,0,100,0,0.0,BEST,False,False,213,True,True,GREEDY,,,GREEDY_HV
BITPPN[M][M],23,24,45,43,0.45,True,True,"[43, 30, 18, 46, 46, 26, 39, 55]",[],"[43.23400937285557, 30.677243297078814, 18.731948648746236, 46.83450811377014, 46.856521432616766, 26.423763454435026, 39.06070985804002, 55.11514802728442]","[{'INP': 32}, {'CONV': [64, 3]}, ({'CONV': [128, 5]}, {'CONV': [64, 5]}), ({'CONV': [64, 5]}, {'CONV': [256, 3]}, {'POOLMAX': [-1, 2]}), ({'CONV': [64, 3]}, {'CONV': [64, 3]}), ({'CONV': [128, 5]}, {'CONV': [256, 3]}, {'POOLMAX': [-1, 2]}), ({'CONV': [128, 5]}, {'CONV': [256, 3]}), ({'CONV': [64, 5]}, {'CONV': [64, 3]}, {'POOLMAX': [-1, 2]}), ({'CONV': [128, 3]}, {'CONV': [256, 5]}), ({'CONV': [256, 3]}, {'CONV': [256, 5]}, {'POOLMAX': [-1, 2]}), {'GLOBAL_AVG': None}, {'LAST_DENSE': [100, 'softmax']}]",HHSE,NSGA2,,,,,0.7037517551611044,,,,2009195520,6062628,,,,,,"[36, 30, 0, 29, 46, 6, 58, 26]",0.7212885021642038,-0.0001186174623691,0.0,0.0,0.75,0.0,0.43,0,0,0,100,0,0.0,BEST,False,False,213,True,True,GREEDY,,,GREEDY_HV
BITPPN[M][M],23,24,46,43,0.46,True,True,"[43, 30, 18, 46, 46, 26, 39, 55]",[],"[43.23400937285557, 30.677243297078814, 18.731948648746236, 46.83450811377014, 46.856521432616766, 26.423763454435026, 39.06070985804002, 55.11514802728442]","[{'INP': 32}, {'CONV': [64, 3]}, ({'CONV': [128, 5]}, {'CONV': [64, 5]}), ({'CONV': [64, 5]}, {'CONV': [256, 3]}, {'POOLMAX': [-1, 2]}), ({'CONV': [64, 3]}, {'CONV': [64, 3]}), ({'CONV': [128, 5]}, {'CONV': [256, 3]}, {'POOLMAX': [-1, 2]}), ({'CONV': [128, 5]}, {'CONV': [256, 3]}), ({'CONV': [64, 5]}, {'CONV': [64, 3]}, {'POOLMAX': [-1, 2]}), ({'CONV': [128, 3]}, {'CONV': [256, 5]}), ({'CONV': [256, 3]}, {'CONV': [256, 5]}, {'POOLMAX': [-1, 2]}), {'GLOBAL_AVG': None}, {'LAST_DENSE': [100, 'softmax']}]",HHSE,NSGA2,,,,,0.7037517551611044,,,,2009195520,6062628,,,,,,"[36, 30, 0, 29, 46, 6, 58, 26]",0.7212825616565066,-0.0014405957951502,0.0,0.0,0.75,0.0,0.43,0,0,0,100,0,0.0,BEST,False,False,213,True,True,GREEDY,,,GREEDY_HV
BITPPN[M][M],23,24,47,43,0.47,True,True,"[43, 30, 18, 46, 46, 26, 39, 55]",[],"[43.23400937285557, 30.677243297078814, 18.731948648746236, 46.83450811377014, 46.856521432616766, 26.423763454435026, 39.06070985804002, 55.11514802728442]","[{'INP': 32}, {'CONV': [64, 3]}, ({'CONV': [128, 5]}, {'CONV': [64, 5]}), ({'CONV': [64, 5]}, {'CONV': [256, 3]}, {'POOLMAX': [-1, 2]}), ({'CONV': [64, 3]}, {'CONV': [64, 3]}), ({'CONV': [128, 5]}, {'CONV': [256, 3]}, {'POOLMAX': [-1, 2]}), ({'CONV': [128, 5]}, {'CONV': [256, 3]}), ({'CONV': [64, 5]}, {'CONV': [64, 3]}, {'POOLMAX': [-1, 2]}), ({'CONV': [128, 3]}, {'CONV': [256, 5]}), ({'CONV': [256, 3]}, {'CONV': [256, 5]}, {'POOLMAX': [-1, 2]}), {'GLOBAL_AVG': None}, {'LAST_DENSE': [100, 'softmax']}]",HHSE,NSGA2,,,,,0.7037517551611044,,,,2009195520,6062628,,,,,,"[36, 30, 0, 29, 46, 6, 58, 26]",0.7212985371974656,-0.0001178638737839,0.0,0.0,0.75,0.0,0.43,0,0,0,100,0,0.0,BEST,False,False,213,True,True,GREEDY,,,GREEDY_HV
BQELCS[M],23,24,48,48,0.48,True,True,"[38, 30, 38, 38, 34, 31, 22, 21]",[],"[38.656383640596864, 30.462573582247536, 38.32638782514634, 38.306303711388416, 34.65475826658887, 31.427392428354157, 22.585847581043012, 21.188532077033855]","[{'INP': 32}, {'CONV': [64, 3]}, ({'CONV': [128, 3]}, {'CONV': [256, 3]}), ({'CONV': [64, 5]}, {'CONV': [256, 3]}, {'POOLMAX': [-1, 2]}), ({'CONV': [128, 3]}, {'CONV': [256, 3]}), ({'CONV': [128, 3]}, {'CONV': [256, 3]}, {'POOLMAX': [-1, 2]}), ({'CONV': [128, 3]}, {'CONV': [64, 3]}), ({'CONV': [64, 5]}, {'CONV': [256, 5]}, {'POOLMAX': [-1, 2]}), ({'CONV': [64, 3]}, {'CONV': [256, 3]}), ({'CONV': [64, 3]}, {'CONV': [128, 5]}, {'POOLMAX': [-1, 2]}), {'GLOBAL_AVG': None}, {'LAST_DENSE': [100, 'softmax']}]",HHSE,NSGA2,,,,,0.7074502588142337,,,,2643305984,3658020,,,,,,"[24, 8, 56, 47, 60, 6, 30, 15]",0.721414898786363,-7.977477752940665e-06,0.375,0.5,1.0,0.875,0.48,0,1,0,100,0,0.01,BEST,False,False,146,True,True,GREEDY,,,GREEDY_HV
BQELCS[M],23,24,49,48,0.49,True,True,"[38, 30, 38, 38, 34, 31, 22, 21]",[],"[38.656383640596864, 30.462573582247536, 38.32638782514634, 38.306303711388416, 34.65475826658887, 31.427392428354157, 22.585847581043012, 21.188532077033855]","[{'INP': 32}, {'CONV': [64, 3]}, ({'CONV': [128, 3]}, {'CONV': [256, 3]}), ({'CONV': [64, 5]}, {'CONV': [256, 3]}, {'POOLMAX': [-1, 2]}), ({'CONV': [128, 3]}, {'CONV': [256, 3]}), ({'CONV': [128, 3]}, {'CONV': [256, 3]}, {'POOLMAX': [-1, 2]}), ({'CONV': [128, 3]}, {'CONV': [64, 3]}), ({'CONV': [64, 5]}, {'CONV': [256, 5]}, {'POOLMAX': [-1, 2]}), ({'CONV': [64, 3]}, {'CONV': [256, 3]}), ({'CONV': [64, 3]}, {'CONV': [128, 5]}, {'POOLMAX': [-1, 2]}), {'GLOBAL_AVG': None}, {'LAST_DENSE': [100, 'softmax']}]",HHSE,NSGA2,,,,,0.7074502588142337,,,,2643305984,3658020,,,,,,"[24, 8, 56, 47, 60, 6, 30, 15]",0.7244701549926094,-0.0001237408736239,0.375,0.5,1.0,0.0,0.48,0,0,0,100,0,0.0,BEST,False,False,146,True,True,GREEDY,,,GREEDY_HV
BQELCS[M],23,24,50,48,0.5,True,True,"[38, 30, 38, 38, 34, 31, 22, 21]",[],"[38.656383640596864, 30.462573582247536, 38.32638782514634, 38.306303711388416, 34.65475826658887, 31.427392428354157, 22.585847581043012, 21.188532077033855]","[{'INP': 32}, {'CONV': [64, 3]}, ({'CONV': [128, 3]}, {'CONV': [256, 3]}), ({'CONV': [64, 5]}, {'CONV': [256, 3]}, {'POOLMAX': [-1, 2]}), ({'CONV': [128, 3]}, {'CONV': [256, 3]}), ({'CONV': [128, 3]}, {'CONV': [256, 3]}, {'POOLMAX': [-1, 2]}), ({'CONV': [128, 3]}, {'CONV': [64, 3]}), ({'CONV': [64, 5]}, {'CONV': [256, 5]}, {'POOLMAX': [-1, 2]}), ({'CONV': [64, 3]}, {'CONV': [256, 3]}), ({'CONV': [64, 3]}, {'CONV': [128, 5]}, {'POOLMAX': [-1, 2]}), {'GLOBAL_AVG': None}, {'LAST_DENSE': [100, 'softmax']}]",HHSE,NSGA2,,,,,0.7074502588142337,,,,2643305984,3658020,,,,,,"[24, 8, 56, 47, 60, 6, 30, 15]",0.7245369504460026,-7.762656083776243e-05,0.375,0.5,1.0,0.0,0.48,0,0,0,100,0,0.0,BEST,False,False,146,True,True,GREEDY,,,GREEDY_HV
BQELCS[M],23,24,51,48,0.51,True,True,"[38, 30, 38, 38, 34, 31, 22, 21]",[],"[38.656383640596864, 30.462573582247536, 38.32638782514634, 38.306303711388416, 34.65475826658887, 31.427392428354157, 22.585847581043012, 21.188532077033855]","[{'INP': 32}, {'CONV': [64, 3]}, ({'CONV': [128, 3]}, {'CONV': [256, 3]}), ({'CONV': [64, 5]}, {'CONV': [256, 3]}, {'POOLMAX': [-1, 2]}), ({'CONV': [128, 3]}, {'CONV': [256, 3]}), ({'CONV': [128, 3]}, {'CONV': [256, 3]}, {'POOLMAX': [-1, 2]}), ({'CONV': [128, 3]}, {'CONV': [64, 3]}), ({'CONV': [64, 5]}, {'CONV': [256, 5]}, {'POOLMAX': [-1, 2]}), ({'CONV': [64, 3]}, {'CONV': [256, 3]}), ({'CONV': [64, 3]}, {'CONV': [128, 5]}, {'POOLMAX': [-1, 2]}), {'GLOBAL_AVG': None}, {'LAST_DENSE': [100, 'softmax']}]",HHSE,NSGA2,,,,,0.7074502588142337,,,,2643305984,3658020,,,,,,"[24, 8, 56, 47, 60, 6, 30, 15]",0.7246384382318403,-0.000436537378188,0.375,0.5,1.0,0.0,0.48,0,0,0,100,0,0.0,BEST,False,False,146,True,True,GREEDY,,,GREEDY_HV
BQELCS[M],23,24,52,48,0.52,True,True,"[38, 30, 38, 38, 34, 31, 22, 21]",[],"[38.656383640596864, 30.462573582247536, 38.32638782514634, 38.306303711388416, 34.65475826658887, 31.427392428354157, 22.585847581043012, 21.188532077033855]","[{'INP': 32}, {'CONV': [64, 3]}, ({'CONV': [128, 3]}, {'CONV': [256, 3]}), ({'CONV': [64, 5]}, {'CONV': [256, 3]}, {'POOLMAX': [-1, 2]}), ({'CONV': [128, 3]}, {'CONV': [256, 3]}), ({'CONV': [128, 3]}, {'CONV': [256, 3]}, {'POOLMAX': [-1, 2]}), ({'CONV': [128, 3]}, {'CONV': [64, 3]}), ({'CONV': [64, 5]}, {'CONV': [256, 5]}, {'POOLMAX': [-1, 2]}), ({'CONV': [64, 3]}, {'CONV': [256, 3]}), ({'CONV': [64, 3]}, {'CONV': [128, 5]}, {'POOLMAX': [-1, 2]}), {'GLOBAL_AVG': None}, {'LAST_DENSE': [100, 'softmax']}]",HHSE,NSGA2,,,,,0.7074502588142337,,,,2643305984,3658020,,,,,,"[24, 8, 56, 47, 60, 6, 30, 15]",0.7246386128335971,-0.0002312195848468,0.375,0.5,1.0,0.0,0.48,0,0,0,100,0,0.0,BEST,False,False,146,True,True,GREEDY,,,GREEDY_HV
BQELCS[M],23,24,53,48,0.53,True,True,"[38, 30, 38, 38, 34, 31, 22, 21]",[],"[38.656383640596864, 30.462573582247536, 38.32638782514634, 38.306303711388416, 34.65475826658887, 31.427392428354157, 22.585847581043012, 21.188532077033855]","[{'INP': 32}, {'CONV': [64, 3]}, ({'CONV': [128, 3]}, {'CONV': [256, 3]}), ({'CONV': [64, 5]}, {'CONV': [256, 3]}, {'POOLMAX': [-1, 2]}), ({'CONV': [128, 3]}, {'CONV': [256, 3]}), ({'CONV': [128, 3]}, {'CONV': [256, 3]}, {'POOLMAX': [-1, 2]}), ({'CONV': [128, 3]}, {'CONV': [64, 3]}), ({'CONV': [64, 5]}, {'CONV': [256, 5]}, {'POOLMAX': [-1, 2]}), ({'CONV': [64, 3]}, {'CONV': [256, 3]}), ({'CONV': [64, 3]}, {'CONV': [128, 5]}, {'POOLMAX': [-1, 2]}), {'GLOBAL_AVG': None}, {'LAST_DENSE': [100, 'softmax']}]",HHSE,NSGA2,,,,,0.7074502588142337,,,,2643305984,3658020,,,,,,"[24, 8, 56, 47, 60, 6, 30, 15]",0.7247394129993486,6.642675454138215e-08,0.375,0.5,1.0,0.0,0.48,0,1,0,100,0,0.01,BEST,False,False,146,True,True,GREEDY,,,GREEDY_HV
BQELCS[M],23,24,54,48,0.54,True,True,"[38, 30, 38, 38, 34, 31, 22, 21]",[],"[38.656383640596864, 30.462573582247536, 38.32638782514634, 38.306303711388416, 34.65475826658887, 31.427392428354157, 22.585847581043012, 21.188532077033855]","[{'INP': 32}, {'CONV': [64, 3]}, ({'CONV': [128, 3]}, {'CONV': [256, 3]}), ({'CONV': [64, 5]}, {'CONV': [256, 3]}, {'POOLMAX': [-1, 2]}), ({'CONV': [128, 3]}, {'CONV': [256, 3]}), ({'CONV': [128, 3]}, {'CONV': [256, 3]}, {'POOLMAX': [-1, 2]}), ({'CONV': [128, 3]}, {'CONV': [64, 3]}), ({'CONV': [64, 5]}, {'CONV': [256, 5]}, {'POOLMAX': [-1, 2]}), ({'CONV': [64, 3]}, {'CONV': [256, 3]}), ({'CONV': [64, 3]}, {'CONV': [128, 5]}, {'POOLMAX': [-1, 2]}), {'GLOBAL_AVG': None}, {'LAST_DENSE': [100, 'softmax']}]",HHSE,NSGA2,,,,,0.7074502588142337,,,,2643305984,3658020,,,,,,"[24, 8, 56, 47, 60, 6, 30, 15]",0.7246583193021768,-0.0002182581921101,0.375,0.5,1.0,0.0,0.48,0,0,0,100,0,0.0,BEST,False,False,146,True,True,GREEDY,,,GREEDY_HV
BQELCS[M],23,24,55,48,0.55,True,True,"[38, 30, 38, 38, 34, 31, 22, 21]",[],"[38.656383640596864, 30.462573582247536, 38.32638782514634, 38.306303711388416, 34.65475826658887, 31.427392428354157, 22.585847581043012, 21.188532077033855]","[{'INP': 32}, {'CONV': [64, 3]}, ({'CONV': [128, 3]}, {'CONV': [256, 3]}), ({'CONV': [64, 5]}, {'CONV': [256, 3]}, {'POOLMAX': [-1, 2]}), ({'CONV': [128, 3]}, {'CONV': [256, 3]}), ({'CONV': [128, 3]}, {'CONV': [256, 3]}, {'POOLMAX': [-1, 2]}), ({'CONV': [128, 3]}, {'CONV': [64, 3]}), ({'CONV': [64, 5]}, {'CONV': [256, 5]}, {'POOLMAX': [-1, 2]}), ({'CONV': [64, 3]}, {'CONV': [256, 3]}), ({'CONV': [64, 3]}, {'CONV': [128, 5]}, {'POOLMAX': [-1, 2]}), {'GLOBAL_AVG': None}, {'LAST_DENSE': [100, 'softmax']}]",HHSE,NSGA2,,,,,0.7074502588142337,,,,2643305984,3658020,,,,,,"[24, 8, 56, 47, 60, 6, 30, 15]",0.7246853188089055,-0.0001843855603828,0.375,0.5,1.0,0.0,0.48,0,0,0,100,0,0.0,BEST,False,False,146,True,True,GREEDY,,,GREEDY_HV
BQELCS[M],23,24,56,48,0.56,True,True,"[38, 30, 38, 38, 34, 31, 22, 21]",[],"[38.656383640596864, 30.462573582247536, 38.32638782514634, 38.306303711388416, 34.65475826658887, 31.427392428354157, 22.585847581043012, 21.188532077033855]","[{'INP': 32}, {'CONV': [64, 3]}, ({'CONV': [128, 3]}, {'CONV': [256, 3]}), ({'CONV': [64, 5]}, {'CONV': [256, 3]}, {'POOLMAX': [-1, 2]}), ({'CONV': [128, 3]}, {'CONV': [256, 3]}), ({'CONV': [128, 3]}, {'CONV': [256, 3]}, {'POOLMAX': [-1, 2]}), ({'CONV': [128, 3]}, {'CONV': [64, 3]}), ({'CONV': [64, 5]}, {'CONV': [256, 5]}, {'POOLMAX': [-1, 2]}), ({'CONV': [64, 3]}, {'CONV': [256, 3]}), ({'CONV': [64, 3]}, {'CONV': [128, 5]}, {'POOLMAX': [-1, 2]}), {'GLOBAL_AVG': None}, {'LAST_DENSE': [100, 'softmax']}]",HHSE,NSGA2,,,,,0.7074502588142337,,,,2643305984,3658020,,,,,,"[24, 8, 56, 47, 60, 6, 30, 15]",0.7247027119299256,-0.0001931404012248,0.375,0.5,1.0,0.0,0.48,0,0,0,100,0,0.0,BEST,False,False,146,True,True,GREEDY,,,GREEDY_HV
BQELCS[M],23,24,57,48,0.57,True,True,"[38, 30, 38, 38, 34, 31, 22, 21]",[],"[38.656383640596864, 30.462573582247536, 38.32638782514634, 38.306303711388416, 34.65475826658887, 31.427392428354157, 22.585847581043012, 21.188532077033855]","[{'INP': 32}, {'CONV': [64, 3]}, ({'CONV': [128, 3]}, {'CONV': [256, 3]}), ({'CONV': [64, 5]}, {'CONV': [256, 3]}, {'POOLMAX': [-1, 2]}), ({'CONV': [128, 3]}, {'CONV': [256, 3]}), ({'CONV': [128, 3]}, {'CONV': [256, 3]}, {'POOLMAX': [-1, 2]}), ({'CONV': [128, 3]}, {'CONV': [64, 3]}), ({'CONV': [64, 5]}, {'CONV': [256, 5]}, {'POOLMAX': [-1, 2]}), ({'CONV': [64, 3]}, {'CONV': [256, 3]}), ({'CONV': [64, 3]}, {'CONV': [128, 5]}, {'POOLMAX': [-1, 2]}), {'GLOBAL_AVG': None}, {'LAST_DENSE': [100, 'softmax']}]",HHSE,NSGA2,,,,,0.7074502588142337,,,,2643305984,3658020,,,,,,"[24, 8, 56, 47, 60, 6, 30, 15]",0.724725119352483,-0.0005108256577925,0.375,0.5,1.0,0.0,0.48,0,0,0,100,0,0.0,BEST,False,False,146,True,True,GREEDY,,,GREEDY_HV
BQELCS[M],23,24,58,48,0.58,True,True,"[38, 30, 38, 38, 34, 31, 22, 21]",[],"[38.656383640596864, 30.462573582247536, 38.32638782514634, 38.306303711388416, 34.65475826658887, 31.427392428354157, 22.585847581043012, 21.188532077033855]","[{'INP': 32}, {'CONV': [64, 3]}, ({'CONV': [128, 3]}, {'CONV': [256, 3]}), ({'CONV': [64, 5]}, {'CONV': [256, 3]}, {'POOLMAX': [-1, 2]}), ({'CONV': [128, 3]}, {'CONV': [256, 3]}), ({'CONV': [128, 3]}, {'CONV': [256, 3]}, {'POOLMAX': [-1, 2]}), ({'CONV': [128, 3]}, {'CONV': [64, 3]}), ({'CONV': [64, 5]}, {'CONV': [256, 5]}, {'POOLMAX': [-1, 2]}), ({'CONV': [64, 3]}, {'CONV': [256, 3]}), ({'CONV': [64, 3]}, {'CONV': [128, 5]}, {'POOLMAX': [-1, 2]}), {'GLOBAL_AVG': None}, {'LAST_DENSE': [100, 'softmax']}]",HHSE,NSGA2,,,,,0.7074502588142337,,,,2643305984,3658020,,,,,,"[24, 8, 56, 47, 60, 6, 30, 15]",0.7247195357487771,-0.0005097532588278,0.375,0.5,1.0,0.0,0.48,0,0,0,100,0,0.0,BEST,False,False,146,True,True,GREEDY,,,GREEDY_HV
BQELCS[M],23,24,59,48,0.59,True,True,"[38, 30, 38, 38, 34, 31, 22, 21]",[],"[38.656383640596864, 30.462573582247536, 38.32638782514634, 38.306303711388416, 34.65475826658887, 31.427392428354157, 22.585847581043012, 21.188532077033855]","[{'INP': 32}, {'CONV': [64, 3]}, ({'CONV': [128, 3]}, {'CONV': [256, 3]}), ({'CONV': [64, 5]}, {'CONV': [256, 3]}, {'POOLMAX': [-1, 2]}), ({'CONV': [128, 3]}, {'CONV': [256, 3]}), ({'CONV': [128, 3]}, {'CONV': [256, 3]}, {'POOLMAX': [-1, 2]}), ({'CONV': [128, 3]}, {'CONV': [64, 3]}), ({'CONV': [64, 5]}, {'CONV': [256, 5]}, {'POOLMAX': [-1, 2]}), ({'CONV': [64, 3]}, {'CONV': [256, 3]}), ({'CONV': [64, 3]}, {'CONV': [128, 5]}, {'POOLMAX': [-1, 2]}), {'GLOBAL_AVG': None}, {'LAST_DENSE': [100, 'softmax']}]",HHSE,NSGA2,,,,,0.7074502588142337,,,,2643305984,3658020,,,,,,"[24, 8, 56, 47, 60, 6, 30, 15]",0.7247246128725551,-0.0006213893433337,0.375,0.5,1.0,0.0,0.48,0,0,0,100,0,0.0,BEST,False,False,146,True,True,GREEDY,,,GREEDY_HV
BQELCS[M],23,24,60,48,0.6,True,True,"[38, 30, 38, 38, 34, 31, 22, 21]",[],"[38.656383640596864, 30.462573582247536, 38.32638782514634, 38.306303711388416, 34.65475826658887, 31.427392428354157, 22.585847581043012, 21.188532077033855]","[{'INP': 32}, {'CONV': [64, 3]}, ({'CONV': [128, 3]}, {'CONV': [256, 3]}), ({'CONV': [64, 5]}, {'CONV': [256, 3]}, {'POOLMAX': [-1, 2]}), ({'CONV': [128, 3]}, {'CONV': [256, 3]}), ({'CONV': [128, 3]}, {'CONV': [256, 3]}, {'POOLMAX': [-1, 2]}), ({'CONV': [128, 3]}, {'CONV': [64, 3]}), ({'CONV': [64, 5]}, {'CONV': [256, 5]}, {'POOLMAX': [-1, 2]}), ({'CONV': [64, 3]}, {'CONV': [256, 3]}), ({'CONV': [64, 3]}, {'CONV': [128, 5]}, {'POOLMAX': [-1, 2]}), {'GLOBAL_AVG': None}, {'LAST_DENSE': [100, 'softmax']}]",HHSE,NSGA2,,,,,0.7074502588142337,,,,2643305984,3658020,,,,,,"[24, 8, 56, 47, 60, 6, 30, 15]",0.7247291263158213,-0.0001832159420882,0.375,0.5,1.0,0.0,0.48,0,0,0,100,0,0.0,BEST,False,False,146,True,True,GREEDY,,,GREEDY_HV
BQELCS[M],23,24,61,48,0.61,True,True,"[38, 30, 38, 38, 34, 31, 22, 21]",[],"[38.656383640596864, 30.462573582247536, 38.32638782514634, 38.306303711388416, 34.65475826658887, 31.427392428354157, 22.585847581043012, 21.188532077033855]","[{'INP': 32}, {'CONV': [64, 3]}, ({'CONV': [128, 3]}, {'CONV': [256, 3]}), ({'CONV': [64, 5]}, {'CONV': [256, 3]}, {'POOLMAX': [-1, 2]}), ({'CONV': [128, 3]}, {'CONV': [256, 3]}), ({'CONV': [128, 3]}, {'CONV': [256, 3]}, {'POOLMAX': [-1, 2]}), ({'CONV': [128, 3]}, {'CONV': [64, 3]}), ({'CONV': [64, 5]}, {'CONV': [256, 5]}, {'POOLMAX': [-1, 2]}), ({'CONV': [64, 3]}, {'CONV': [256, 3]}), ({'CONV': [64, 3]}, {'CONV': [128, 5]}, {'POOLMAX': [-1, 2]}), {'GLOBAL_AVG': None}, {'LAST_DENSE': [100, 'softmax']}]",HHSE,NSGA2,,,,,0.7074502588142337,,,,2643305984,3658020,,,,,,"[24, 8, 56, 47, 60, 6, 30, 15]",0.7247995925667222,-0.0009213497020406,0.375,0.5,1.0,0.0,0.48,0,0,0,100,0,0.0,BEST,False,False,146,True,True,GREEDY,,,GREEDY_HV
BQELCS[M],23,24,62,48,0.62,True,True,"[38, 30, 38, 38, 34, 31, 22, 21]",[],"[38.656383640596864, 30.462573582247536, 38.32638782514634, 38.306303711388416, 34.65475826658887, 31.427392428354157, 22.585847581043012, 21.188532077033855]","[{'INP': 32}, {'CONV': [64, 3]}, ({'CONV': [128, 3]}, {'CONV': [256, 3]}), ({'CONV': [64, 5]}, {'CONV': [256, 3]}, {'POOLMAX': [-1, 2]}), ({'CONV': [128, 3]}, {'CONV': [256, 3]}), ({'CONV': [128, 3]}, {'CONV': [256, 3]}, {'POOLMAX': [-1, 2]}), ({'CONV': [128, 3]}, {'CONV': [64, 3]}), ({'CONV': [64, 5]}, {'CONV': [256, 5]}, {'POOLMAX': [-1, 2]}), ({'CONV': [64, 3]}, {'CONV': [256, 3]}), ({'CONV': [64, 3]}, {'CONV': [128, 5]}, {'POOLMAX': [-1, 2]}), {'GLOBAL_AVG': None}, {'LAST_DENSE': [100, 'softmax']}]",HHSE,NSGA2,,,,,0.7074502588142337,,,,2643305984,3658020,,,,,,"[24, 8, 56, 47, 60, 6, 30, 15]",0.7247625856260947,-0.0011366084369762,0.375,0.5,1.0,0.0,0.48,0,0,0,100,0,0.0,BEST,False,False,146,True,True,GREEDY,,,GREEDY_HV
BQELCS[M],23,24,63,48,0.63,True,True,"[38, 30, 38, 38, 34, 31, 22, 21]",[],"[38.656383640596864, 30.462573582247536, 38.32638782514634, 38.306303711388416, 34.65475826658887, 31.427392428354157, 22.585847581043012, 21.188532077033855]","[{'INP': 32}, {'CONV': [64, 3]}, ({'CONV': [128, 3]}, {'CONV': [256, 3]}), ({'CONV': [64, 5]}, {'CONV': [256, 3]}, {'POOLMAX': [-1, 2]}), ({'CONV': [128, 3]}, {'CONV': [256, 3]}), ({'CONV': [128, 3]}, {'CONV': [256, 3]}, {'POOLMAX': [-1, 2]}), ({'CONV': [128, 3]}, {'CONV': [64, 3]}), ({'CONV': [64, 5]}, {'CONV': [256, 5]}, {'POOLMAX': [-1, 2]}), ({'CONV': [64, 3]}, {'CONV': [256, 3]}), ({'CONV': [64, 3]}, {'CONV': [128, 5]}, {'POOLMAX': [-1, 2]}), {'GLOBAL_AVG': None}, {'LAST_DENSE': [100, 'softmax']}]",HHSE,NSGA2,,,,,0.7074502588142337,,,,2643305984,3658020,,,,,,"[24, 8, 56, 47, 60, 6, 30, 15]",0.7248170907251376,-7.824942025180803e-05,0.375,0.5,1.0,0.0,0.48,0,0,0,100,0,0.0,BEST,False,False,146,True,True,GREEDY,,,GREEDY_HV
BQELCS[M],23,24,64,48,0.64,True,True,"[38, 30, 38, 38, 34, 31, 22, 21]",[],"[38.656383640596864, 30.462573582247536, 38.32638782514634, 38.306303711388416, 34.65475826658887, 31.427392428354157, 22.585847581043012, 21.188532077033855]","[{'INP': 32}, {'CONV': [64, 3]}, ({'CONV': [128, 3]}, {'CONV': [256, 3]}), ({'CONV': [64, 5]}, {'CONV': [256, 3]}, {'POOLMAX': [-1, 2]}), ({'CONV': [128, 3]}, {'CONV': [256, 3]}), ({'CONV': [128, 3]}, {'CONV': [256, 3]}, {'POOLMAX': [-1, 2]}), ({'CONV': [128, 3]}, {'CONV': [64, 3]}), ({'CONV': [64, 5]}, {'CONV': [256, 5]}, {'POOLMAX': [-1, 2]}), ({'CONV': [64, 3]}, {'CONV': [256, 3]}), ({'CONV': [64, 3]}, {'CONV': [128, 5]}, {'POOLMAX': [-1, 2]}), {'GLOBAL_AVG': None}, {'LAST_DENSE': [100, 'softmax']}]",HHSE,NSGA2,,,,,0.7074502588142337,,,,2643305984,3658020,,,,,,"[24, 8, 56, 47, 60, 6, 30, 15]",0.724973623790192,-0.0004847031812257,0.375,0.5,1.0,0.0,0.48,0,1,0,100,0,0.01,BEST,False,False,146,True,True,GREEDY,,,GREEDY_HV
BQELCS[M],23,24,65,48,0.65,True,True,"[38, 30, 38, 38, 34, 31, 22, 21]",[],"[38.656383640596864, 30.462573582247536, 38.32638782514634, 38.306303711388416, 34.65475826658887, 31.427392428354157, 22.585847581043012, 21.188532077033855]","[{'INP': 32}, {'CONV': [64, 3]}, ({'CONV': [128, 3]}, {'CONV': [256, 3]}), ({'CONV': [64, 5]}, {'CONV': [256, 3]}, {'POOLMAX': [-1, 2]}), ({'CONV': [128, 3]}, {'CONV': [256, 3]}), ({'CONV': [128, 3]}, {'CONV': [256, 3]}, {'POOLMAX': [-1, 2]}), ({'CONV': [128, 3]}, {'CONV': [64, 3]}), ({'CONV': [64, 5]}, {'CONV': [256, 5]}, {'POOLMAX': [-1, 2]}), ({'CONV': [64, 3]}, {'CONV': [256, 3]}), ({'CONV': [64, 3]}, {'CONV': [128, 5]}, {'POOLMAX': [-1, 2]}), {'GLOBAL_AVG': None}, {'LAST_DENSE': [100, 'softmax']}]",HHSE,NSGA2,,,,,0.7074502588142337,,,,2643305984,3658020,,,,,,"[24, 8, 56, 47, 60, 6, 30, 15]",0.724858576301953,-0.0008015356049204,0.375,0.5,1.0,0.0,0.48,0,0,0,100,0,0.0,BEST,False,False,146,True,True,GREEDY,,,GREEDY_HV
BQELCS[M],23,24,66,48,0.66,True,True,"[38, 30, 38, 38, 34, 31, 22, 21]",[],"[38.656383640596864, 30.462573582247536, 38.32638782514634, 38.306303711388416, 34.65475826658887, 31.427392428354157, 22.585847581043012, 21.188532077033855]","[{'INP': 32}, {'CONV': [64, 3]}, ({'CONV': [128, 3]}, {'CONV': [256, 3]}), ({'CONV': [64, 5]}, {'CONV': [256, 3]}, {'POOLMAX': [-1, 2]}), ({'CONV': [128, 3]}, {'CONV': [256, 3]}), ({'CONV': [128, 3]}, {'CONV': [256, 3]}, {'POOLMAX': [-1, 2]}), ({'CONV': [128, 3]}, {'CONV': [64, 3]}), ({'CONV': [64, 5]}, {'CONV': [256, 5]}, {'POOLMAX': [-1, 2]}), ({'CONV': [64, 3]}, {'CONV': [256, 3]}), ({'CONV': [64, 3]}, {'CONV': [128, 5]}, {'POOLMAX': [-1, 2]}), {'GLOBAL_AVG': None}, {'LAST_DENSE': [100, 'softmax']}]",HHSE,NSGA2,,,,,0.7074502588142337,,,,2643305984,3658020,,,,,,"[24, 8, 56, 47, 60, 6, 30, 15]",0.7249003404246787,-0.0003996428117463,0.375,0.5,1.0,0.0,0.48,0,0,0,100,0,0.0,BEST,False,False,146,True,True,GREEDY,,,GREEDY_HV
BQELCS[M],23,24,67,48,0.67,True,True,"[38, 30, 38, 38, 34, 31, 22, 21]",[],"[38.656383640596864, 30.462573582247536, 38.32638782514634, 38.306303711388416, 34.65475826658887, 31.427392428354157, 22.585847581043012, 21.188532077033855]","[{'INP': 32}, {'CONV': [64, 3]}, ({'CONV': [128, 3]}, {'CONV': [256, 3]}), ({'CONV': [64, 5]}, {'CONV': [256, 3]}, {'POOLMAX': [-1, 2]}), ({'CONV': [128, 3]}, {'CONV': [256, 3]}), ({'CONV': [128, 3]}, {'CONV': [256, 3]}, {'POOLMAX': [-1, 2]}), ({'CONV': [128, 3]}, {'CONV': [64, 3]}), ({'CONV': [64, 5]}, {'CONV': [256, 5]}, {'POOLMAX': [-1, 2]}), ({'CONV': [64, 3]}, {'CONV': [256, 3]}), ({'CONV': [64, 3]}, {'CONV': [128, 5]}, {'POOLMAX': [-1, 2]}), {'GLOBAL_AVG': None}, {'LAST_DENSE': [100, 'softmax']}]",HHSE,NSGA2,,,,,0.7074502588142337,,,,2643305984,3658020,,,,,,"[24, 8, 56, 47, 60, 6, 30, 15]",0.7248763613382885,-0.0004169597566642,0.375,0.5,1.0,0.0,0.48,0,0,0,100,0,0.0,BEST,False,False,146,True,True,GREEDY,,,GREEDY_HV
BQELCS[M],23,24,68,48,0.68,True,True,"[38, 30, 38, 38, 34, 31, 22, 21]",[],"[38.656383640596864, 30.462573582247536, 38.32638782514634, 38.306303711388416, 34.65475826658887, 31.427392428354157, 22.585847581043012, 21.188532077033855]","[{'INP': 32}, {'CONV': [64, 3]}, ({'CONV': [128, 3]}, {'CONV': [256, 3]}), ({'CONV': [64, 5]}, {'CONV': [256, 3]}, {'POOLMAX': [-1, 2]}), ({'CONV': [128, 3]}, {'CONV': [256, 3]}), ({'CONV': [128, 3]}, {'CONV': [256, 3]}, {'POOLMAX': [-1, 2]}), ({'CONV': [128, 3]}, {'CONV': [64, 3]}), ({'CONV': [64, 5]}, {'CONV': [256, 5]}, {'POOLMAX': [-1, 2]}), ({'CONV': [64, 3]}, {'CONV': [256, 3]}), ({'CONV': [64, 3]}, {'CONV': [128, 5]}, {'POOLMAX': [-1, 2]}), {'GLOBAL_AVG': None}, {'LAST_DENSE': [100, 'softmax']}]",HHSE,NSGA2,,,,,0.7074502588142337,,,,2643305984,3658020,,,,,,"[24, 8, 56, 47, 60, 6, 30, 15]",0.7248761135805105,-0.0006722404608002,0.375,0.5,1.0,0.0,0.48,0,0,0,100,0,0.0,BEST,False,False,146,True,True,GREEDY,,,GREEDY_HV
BQELCS[M],23,24,69,48,0.69,True,True,"[38, 30, 38, 38, 34, 31, 22, 21]",[],"[38.656383640596864, 30.462573582247536, 38.32638782514634, 38.306303711388416, 34.65475826658887, 31.427392428354157, 22.585847581043012, 21.188532077033855]","[{'INP': 32}, {'CONV': [64, 3]}, ({'CONV': [128, 3]}, {'CONV': [256, 3]}), ({'CONV': [64, 5]}, {'CONV': [256, 3]}, {'POOLMAX': [-1, 2]}), ({'CONV': [128, 3]}, {'CONV': [256, 3]}), ({'CONV': [128, 3]}, {'CONV': [256, 3]}, {'POOLMAX': [-1, 2]}), ({'CONV': [128, 3]}, {'CONV': [64, 3]}), ({'CONV': [64, 5]}, {'CONV': [256, 5]}, {'POOLMAX': [-1, 2]}), ({'CONV': [64, 3]}, {'CONV': [256, 3]}), ({'CONV': [64, 3]}, {'CONV': [128, 5]}, {'POOLMAX': [-1, 2]}), {'GLOBAL_AVG': None}, {'LAST_DENSE': [100, 'softmax']}]",HHSE,NSGA2,,,,,0.7074502588142337,,,,2643305984,3658020,,,,,,"[24, 8, 56, 47, 60, 6, 30, 15]",0.725010228444237,-0.0002537143488119,0.375,0.5,1.0,0.0,0.48,0,0,0,100,0,0.0,BEST,False,False,146,True,True,GREEDY,,,GREEDY_HV
BQELCS[M],23,24,70,48,0.7,True,True,"[38, 30, 38, 38, 34, 31, 22, 21]",[],"[38.656383640596864, 30.462573582247536, 38.32638782514634, 38.306303711388416, 34.65475826658887, 31.427392428354157, 22.585847581043012, 21.188532077033855]","[{'INP': 32}, {'CONV': [64, 3]}, ({'CONV': [128, 3]}, {'CONV': [256, 3]}), ({'CONV': [64, 5]}, {'CONV': [256, 3]}, {'POOLMAX': [-1, 2]}), ({'CONV': [128, 3]}, {'CONV': [256, 3]}), ({'CONV': [128, 3]}, {'CONV': [256, 3]}, {'POOLMAX': [-1, 2]}), ({'CONV': [128, 3]}, {'CONV': [64, 3]}), ({'CONV': [64, 5]}, {'CONV': [256, 5]}, {'POOLMAX': [-1, 2]}), ({'CONV': [64, 3]}, {'CONV': [256, 3]}), ({'CONV': [64, 3]}, {'CONV': [128, 5]}, {'POOLMAX': [-1, 2]}), {'GLOBAL_AVG': None}, {'LAST_DENSE': [100, 'softmax']}]",HHSE,NSGA2,,,,,0.7074502588142337,,,,2643305984,3658020,,,,,,"[24, 8, 56, 47, 60, 6, 30, 15]",0.7250803177127153,-0.0012753889279786,0.375,0.5,1.0,0.0,0.48,0,0,0,100,0,0.0,BEST,False,False,146,True,True,GREEDY,,,GREEDY_HV
BQELCS[M],23,24,71,48,0.71,True,True,"[38, 30, 38, 38, 34, 31, 22, 21]",[],"[38.656383640596864, 30.462573582247536, 38.32638782514634, 38.306303711388416, 34.65475826658887, 31.427392428354157, 22.585847581043012, 21.188532077033855]","[{'INP': 32}, {'CONV': [64, 3]}, ({'CONV': [128, 3]}, {'CONV': [256, 3]}), ({'CONV': [64, 5]}, {'CONV': [256, 3]}, {'POOLMAX': [-1, 2]}), ({'CONV': [128, 3]}, {'CONV': [256, 3]}), ({'CONV': [128, 3]}, {'CONV': [256, 3]}, {'POOLMAX': [-1, 2]}), ({'CONV': [128, 3]}, {'CONV': [64, 3]}), ({'CONV': [64, 5]}, {'CONV': [256, 5]}, {'POOLMAX': [-1, 2]}), ({'CONV': [64, 3]}, {'CONV': [256, 3]}), ({'CONV': [64, 3]}, {'CONV': [128, 5]}, {'POOLMAX': [-1, 2]}), {'GLOBAL_AVG': None}, {'LAST_DENSE': [100, 'softmax']}]",HHSE,NSGA2,,,,,0.7074502588142337,,,,2643305984,3658020,,,,,,"[24, 8, 56, 47, 60, 6, 30, 15]",0.7251024972996962,-0.0003916214766479,0.375,0.5,1.0,0.0,0.48,0,0,0,100,0,0.0,BEST,False,False,146,True,True,GREEDY,,,GREEDY_HV
BQELCS[M],23,24,72,48,0.72,True,True,"[38, 30, 38, 38, 34, 31, 22, 21]",[],"[38.656383640596864, 30.462573582247536, 38.32638782514634, 38.306303711388416, 34.65475826658887, 31.427392428354157, 22.585847581043012, 21.188532077033855]","[{'INP': 32}, {'CONV': [64, 3]}, ({'CONV': [128, 3]}, {'CONV': [256, 3]}), ({'CONV': [64, 5]}, {'CONV': [256, 3]}, {'POOLMAX': [-1, 2]}), ({'CONV': [128, 3]}, {'CONV': [256, 3]}), ({'CONV': [128, 3]}, {'CONV': [256, 3]}, {'POOLMAX': [-1, 2]}), ({'CONV': [128, 3]}, {'CONV': [64, 3]}), ({'CONV': [64, 5]}, {'CONV': [256, 5]}, {'POOLMAX': [-1, 2]}), ({'CONV': [64, 3]}, {'CONV': [256, 3]}), ({'CONV': [64, 3]}, {'CONV': [128, 5]}, {'POOLMAX': [-1, 2]}), {'GLOBAL_AVG': None}, {'LAST_DENSE': [100, 'softmax']}]",HHSE,NSGA2,,,,,0.7074502588142337,,,,2643305984,3658020,,,,,,"[24, 8, 56, 47, 60, 6, 30, 15]",0.7251115317426784,-0.0003056857767614,0.375,0.5,1.0,0.0,0.48,0,0,0,100,0,0.0,BEST,False,False,146,True,True,GREEDY,,,GREEDY_HV
BQELCS[M],23,24,73,48,0.73,True,True,"[38, 30, 38, 38, 34, 31, 22, 21]",[],"[38.656383640596864, 30.462573582247536, 38.32638782514634, 38.306303711388416, 34.65475826658887, 31.427392428354157, 22.585847581043012, 21.188532077033855]","[{'INP': 32}, {'CONV': [64, 3]}, ({'CONV': [128, 3]}, {'CONV': [256, 3]}), ({'CONV': [64, 5]}, {'CONV': [256, 3]}, {'POOLMAX': [-1, 2]}), ({'CONV': [128, 3]}, {'CONV': [256, 3]}), ({'CONV': [128, 3]}, {'CONV': [256, 3]}, {'POOLMAX': [-1, 2]}), ({'CONV': [128, 3]}, {'CONV': [64, 3]}), ({'CONV': [64, 5]}, {'CONV': [256, 5]}, {'POOLMAX': [-1, 2]}), ({'CONV': [64, 3]}, {'CONV': [256, 3]}), ({'CONV': [64, 3]}, {'CONV': [128, 5]}, {'POOLMAX': [-1, 2]}), {'GLOBAL_AVG': None}, {'LAST_DENSE': [100, 'softmax']}]",HHSE,NSGA2,,,,,0.7074502588142337,,,,2643305984,3658020,,,,,,"[24, 8, 56, 47, 60, 6, 30, 15]",0.7251897795989235,-0.0014506888966916,0.375,0.5,1.0,0.0,0.48,0,1,0,100,0,0.01,BEST,False,False,146,True,True,GREEDY,,,GREEDY_HV
BQELCS[M],23,24,74,48,0.74,True,True,"[38, 30, 38, 38, 34, 31, 22, 21]",[],"[38.656383640596864, 30.462573582247536, 38.32638782514634, 38.306303711388416, 34.65475826658887, 31.427392428354157, 22.585847581043012, 21.188532077033855]","[{'INP': 32}, {'CONV': [64, 3]}, ({'CONV': [128, 3]}, {'CONV': [256, 3]}), ({'CONV': [64, 5]}, {'CONV': [256, 3]}, {'POOLMAX': [-1, 2]}), ({'CONV': [128, 3]}, {'CONV': [256, 3]}), ({'CONV': [128, 3]}, {'CONV': [256, 3]}, {'POOLMAX': [-1, 2]}), ({'CONV': [128, 3]}, {'CONV': [64, 3]}), ({'CONV': [64, 5]}, {'CONV': [256, 5]}, {'POOLMAX': [-1, 2]}), ({'CONV': [64, 3]}, {'CONV': [256, 3]}), ({'CONV': [64, 3]}, {'CONV': [128, 5]}, {'POOLMAX': [-1, 2]}), {'GLOBAL_AVG': None}, {'LAST_DENSE': [100, 'softmax']}]",HHSE,NSGA2,,,,,0.7074502588142337,,,,2643305984,3658020,,,,,,"[24, 8, 56, 47, 60, 6, 30, 15]",0.725405759889721,0.000213333537381,0.375,0.5,1.0,0.0,0.48,0,0,0,100,0,0.0,BEST,False,False,146,True,True,GREEDY,,,GREEDY_HV
BQELCS[M],23,24,75,48,0.75,True,True,"[38, 30, 38, 38, 34, 31, 22, 21]",[],"[38.656383640596864, 30.462573582247536, 38.32638782514634, 38.306303711388416, 34.65475826658887, 31.427392428354157, 22.585847581043012, 21.188532077033855]","[{'INP': 32}, {'CONV': [64, 3]}, ({'CONV': [128, 3]}, {'CONV': [256, 3]}), ({'CONV': [64, 5]}, {'CONV': [256, 3]}, {'POOLMAX': [-1, 2]}), ({'CONV': [128, 3]}, {'CONV': [256, 3]}), ({'CONV': [128, 3]}, {'CONV': [256, 3]}, {'POOLMAX': [-1, 2]}), ({'CONV': [128, 3]}, {'CONV': [64, 3]}), ({'CONV': [64, 5]}, {'CONV': [256, 5]}, {'POOLMAX': [-1, 2]}), ({'CONV': [64, 3]}, {'CONV': [256, 3]}), ({'CONV': [64, 3]}, {'CONV': [128, 5]}, {'POOLMAX': [-1, 2]}), {'GLOBAL_AVG': None}, {'LAST_DENSE': [100, 'softmax']}]",HHSE,NSGA2,,,,,0.7074502588142337,,,,2643305984,3658020,,,,,,"[24, 8, 56, 47, 60, 6, 30, 15]",0.7251880010409708,-0.0009187816653034,0.375,0.5,1.0,0.0,0.48,0,0,0,100,0,0.0,BEST,False,False,146,True,True,GREEDY,,,GREEDY_HV
BQELCS[M],23,24,76,48,0.76,True,True,"[38, 30, 38, 38, 34, 31, 22, 21]",[],"[38.656383640596864, 30.462573582247536, 38.32638782514634, 38.306303711388416, 34.65475826658887, 31.427392428354157, 22.585847581043012, 21.188532077033855]","[{'INP': 32}, {'CONV': [64, 3]}, ({'CONV': [128, 3]}, {'CONV': [256, 3]}), ({'CONV': [64, 5]}, {'CONV': [256, 3]}, {'POOLMAX': [-1, 2]}), ({'CONV': [128, 3]}, {'CONV': [256, 3]}), ({'CONV': [128, 3]}, {'CONV': [256, 3]}, {'POOLMAX': [-1, 2]}), ({'CONV': [128, 3]}, {'CONV': [64, 3]}), ({'CONV': [64, 5]}, {'CONV': [256, 5]}, {'POOLMAX': [-1, 2]}), ({'CONV': [64, 3]}, {'CONV': [256, 3]}), ({'CONV': [64, 3]}, {'CONV': [128, 5]}, {'POOLMAX': [-1, 2]}), {'GLOBAL_AVG': None}, {'LAST_DENSE': [100, 'softmax']}]",HHSE,NSGA2,,,,,0.7074502588142337,,,,2643305984,3658020,,,,,,"[24, 8, 56, 47, 60, 6, 30, 15]",0.7253079733161023,-0.0007456373897577,0.375,0.5,1.0,0.0,0.48,0,1,0,100,0,0.01,BEST,False,False,146,True,True,GREEDY,,,GREEDY_HV
BQELCS[M],23,24,77,48,0.77,True,True,"[38, 30, 38, 38, 34, 31, 22, 21]",[],"[38.656383640596864, 30.462573582247536, 38.32638782514634, 38.306303711388416, 34.65475826658887, 31.427392428354157, 22.585847581043012, 21.188532077033855]","[{'INP': 32}, {'CONV': [64, 3]}, ({'CONV': [128, 3]}, {'CONV': [256, 3]}), ({'CONV': [64, 5]}, {'CONV': [256, 3]}, {'POOLMAX': [-1, 2]}), ({'CONV': [128, 3]}, {'CONV': [256, 3]}), ({'CONV': [128, 3]}, {'CONV': [256, 3]}, {'POOLMAX': [-1, 2]}), ({'CONV': [128, 3]}, {'CONV': [64, 3]}), ({'CONV': [64, 5]}, {'CONV': [256, 5]}, {'POOLMAX': [-1, 2]}), ({'CONV': [64, 3]}, {'CONV': [256, 3]}), ({'CONV': [64, 3]}, {'CONV': [128, 5]}, {'POOLMAX': [-1, 2]}), {'GLOBAL_AVG': None}, {'LAST_DENSE': [100, 'softmax']}]",HHSE,NSGA2,,,,,0.7074502588142337,,,,2643305984,3658020,,,,,,"[24, 8, 56, 47, 60, 6, 30, 15]",0.725374564101187,-0.0001021798733041,0.375,0.5,1.0,0.0,0.48,0,0,0,100,0,0.0,BEST,False,False,146,True,True,GREEDY,,,GREEDY_HV
BQELCS[M],23,24,78,48,0.78,True,True,"[38, 30, 38, 38, 34, 31, 22, 21]",[],"[38.656383640596864, 30.462573582247536, 38.32638782514634, 38.306303711388416, 34.65475826658887, 31.427392428354157, 22.585847581043012, 21.188532077033855]","[{'INP': 32}, {'CONV': [64, 3]}, ({'CONV': [128, 3]}, {'CONV': [256, 3]}), ({'CONV': [64, 5]}, {'CONV': [256, 3]}, {'POOLMAX': [-1, 2]}), ({'CONV': [128, 3]}, {'CONV': [256, 3]}), ({'CONV': [128, 3]}, {'CONV': [256, 3]}, {'POOLMAX': [-1, 2]}), ({'CONV': [128, 3]}, {'CONV': [64, 3]}), ({'CONV': [64, 5]}, {'CONV': [256, 5]}, {'POOLMAX': [-1, 2]}), ({'CONV': [64, 3]}, {'CONV': [256, 3]}), ({'CONV': [64, 3]}, {'CONV': [128, 5]}, {'POOLMAX': [-1, 2]}), {'GLOBAL_AVG': None}, {'LAST_DENSE': [100, 'softmax']}]",HHSE,NSGA2,,,,,0.7074502588142337,,,,2643305984,3658020,,,,,,"[24, 8, 56, 47, 60, 6, 30, 15]",0.7255944334136489,0.0001552766037171,0.375,0.5,1.0,0.0,0.48,0,0,0,100,0,0.0,BEST,False,False,146,True,True,GREEDY,,,GREEDY_HV
BQELCS[M],23,24,79,48,0.79,True,True,"[38, 30, 38, 38, 34, 31, 22, 21]",[],"[38.656383640596864, 30.462573582247536, 38.32638782514634, 38.306303711388416, 34.65475826658887, 31.427392428354157, 22.585847581043012, 21.188532077033855]","[{'INP': 32}, {'CONV': [64, 3]}, ({'CONV': [128, 3]}, {'CONV': [256, 3]}), ({'CONV': [64, 5]}, {'CONV': [256, 3]}, {'POOLMAX': [-1, 2]}), ({'CONV': [128, 3]}, {'CONV': [256, 3]}), ({'CONV': [128, 3]}, {'CONV': [256, 3]}, {'POOLMAX': [-1, 2]}), ({'CONV': [128, 3]}, {'CONV': [64, 3]}), ({'CONV': [64, 5]}, {'CONV': [256, 5]}, {'POOLMAX': [-1, 2]}), ({'CONV': [64, 3]}, {'CONV': [256, 3]}), ({'CONV': [64, 3]}, {'CONV': [128, 5]}, {'POOLMAX': [-1, 2]}), {'GLOBAL_AVG': None}, {'LAST_DENSE': [100, 'softmax']}]",HHSE,NSGA2,,,,,0.7074502588142337,,,,2643305984,3658020,,,,,,"[24, 8, 56, 47, 60, 6, 30, 15]",0.7257140617500465,-0.0004172949129933,0.375,0.5,1.0,0.0,0.48,0,2,0,100,0,0.02,BEST,False,False,146,True,True,GREEDY,,,GREEDY_HV
BQELCS[M],23,24,80,48,0.8,True,True,"[38, 30, 38, 38, 34, 31, 22, 21]",[],"[38.656383640596864, 30.462573582247536, 38.32638782514634, 38.306303711388416, 34.65475826658887, 31.427392428354157, 22.585847581043012, 21.188532077033855]","[{'INP': 32}, {'CONV': [64, 3]}, ({'CONV': [128, 3]}, {'CONV': [256, 3]}), ({'CONV': [64, 5]}, {'CONV': [256, 3]}, {'POOLMAX': [-1, 2]}), ({'CONV': [128, 3]}, {'CONV': [256, 3]}), ({'CONV': [128, 3]}, {'CONV': [256, 3]}, {'POOLMAX': [-1, 2]}), ({'CONV': [128, 3]}, {'CONV': [64, 3]}), ({'CONV': [64, 5]}, {'CONV': [256, 5]}, {'POOLMAX': [-1, 2]}), ({'CONV': [64, 3]}, {'CONV': [256, 3]}), ({'CONV': [64, 3]}, {'CONV': [128, 5]}, {'POOLMAX': [-1, 2]}), {'GLOBAL_AVG': None}, {'LAST_DENSE': [100, 'softmax']}]",HHSE,NSGA2,,,,,0.7074502588142337,,,,2643305984,3658020,,,,,,"[24, 8, 56, 47, 60, 6, 30, 15]",0.7257881339186247,-0.0001716096020369,0.375,0.5,1.0,0.0,0.48,0,0,0,100,0,0.0,BEST,False,False,146,True,True,GREEDY,,,GREEDY_HV
BQELCS[M],23,24,81,48,0.81,True,True,"[38, 30, 38, 38, 34, 31, 22, 21]",[],"[38.656383640596864, 30.462573582247536, 38.32638782514634, 38.306303711388416, 34.65475826658887, 31.427392428354157, 22.585847581043012, 21.188532077033855]","[{'INP': 32}, {'CONV': [64, 3]}, ({'CONV': [128, 3]}, {'CONV': [256, 3]}), ({'CONV': [64, 5]}, {'CONV': [256, 3]}, {'POOLMAX': [-1, 2]}), ({'CONV': [128, 3]}, {'CONV': [256, 3]}), ({'CONV': [128, 3]}, {'CONV': [256, 3]}, {'POOLMAX': [-1, 2]}), ({'CONV': [128, 3]}, {'CONV': [64, 3]}), ({'CONV': [64, 5]}, {'CONV': [256, 5]}, {'POOLMAX': [-1, 2]}), ({'CONV': [64, 3]}, {'CONV': [256, 3]}), ({'CONV': [64, 3]}, {'CONV': [128, 5]}, {'POOLMAX': [-1, 2]}), {'GLOBAL_AVG': None}, {'LAST_DENSE': [100, 'softmax']}]",HHSE,NSGA2,,,,,0.7074502588142337,,,,2643305984,3658020,,,,,,"[24, 8, 56, 47, 60, 6, 30, 15]",0.7269988664814557,0.0007644903068697,0.375,0.5,1.0,0.0,0.48,0,1,0,100,0,0.01,BEST,False,False,146,True,True,GREEDY,,,GREEDY_HV
BQELCS[M],23,24,82,48,0.82,True,True,"[38, 30, 38, 38, 34, 31, 22, 21]",[],"[38.656383640596864, 30.462573582247536, 38.32638782514634, 38.306303711388416, 34.65475826658887, 31.427392428354157, 22.585847581043012, 21.188532077033855]","[{'INP': 32}, {'CONV': [64, 3]}, ({'CONV': [128, 3]}, {'CONV': [256, 3]}), ({'CONV': [64, 5]}, {'CONV': [256, 3]}, {'POOLMAX': [-1, 2]}), ({'CONV': [128, 3]}, {'CONV': [256, 3]}), ({'CONV': [128, 3]}, {'CONV': [256, 3]}, {'POOLMAX': [-1, 2]}), ({'CONV': [128, 3]}, {'CONV': [64, 3]}), ({'CONV': [64, 5]}, {'CONV': [256, 5]}, {'POOLMAX': [-1, 2]}), ({'CONV': [64, 3]}, {'CONV': [256, 3]}), ({'CONV': [64, 3]}, {'CONV': [128, 5]}, {'POOLMAX': [-1, 2]}), {'GLOBAL_AVG': None}, {'LAST_DENSE': [100, 'softmax']}]",HHSE,NSGA2,,,,,0.7074502588142337,,,,2643305984,3658020,,,,,,"[24, 8, 56, 47, 60, 6, 30, 15]",0.7260175597014071,-0.0008859972308572,0.375,0.5,1.0,0.0,0.48,0,1,0,100,0,0.01,BEST,False,False,146,True,True,GREEDY,,,GREEDY_HV
BQELCS[M],23,24,83,48,0.83,True,True,"[38, 30, 38, 38, 34, 31, 22, 21]",[],"[38.656383640596864, 30.462573582247536, 38.32638782514634, 38.306303711388416, 34.65475826658887, 31.427392428354157, 22.585847581043012, 21.188532077033855]","[{'INP': 32}, {'CONV': [64, 3]}, ({'CONV': [128, 3]}, {'CONV': [256, 3]}), ({'CONV': [64, 5]}, {'CONV': [256, 3]}, {'POOLMAX': [-1, 2]}), ({'CONV': [128, 3]}, {'CONV': [256, 3]}), ({'CONV': [128, 3]}, {'CONV': [256, 3]}, {'POOLMAX': [-1, 2]}), ({'CONV': [128, 3]}, {'CONV': [64, 3]}), ({'CONV': [64, 5]}, {'CONV': [256, 5]}, {'POOLMAX': [-1, 2]}), ({'CONV': [64, 3]}, {'CONV': [256, 3]}), ({'CONV': [64, 3]}, {'CONV': [128, 5]}, {'POOLMAX': [-1, 2]}), {'GLOBAL_AVG': None}, {'LAST_DENSE': [100, 'softmax']}]",HHSE,NSGA2,,,,,0.7074502588142337,,,,2643305984,3658020,,,,,,"[24, 8, 56, 47, 60, 6, 30, 15]",0.7263251931766699,-5.830315841703904e-05,0.375,0.5,1.0,0.0,0.48,0,1,0,100,0,0.01,BEST,False,False,146,True,True,GREEDY,,,GREEDY_HV
BQELCS[M],23,24,84,48,0.84,True,True,"[38, 30, 38, 38, 34, 31, 22, 21]",[],"[38.656383640596864, 30.462573582247536, 38.32638782514634, 38.306303711388416, 34.65475826658887, 31.427392428354157, 22.585847581043012, 21.188532077033855]","[{'INP': 32}, {'CONV': [64, 3]}, ({'CONV': [128, 3]}, {'CONV': [256, 3]}), ({'CONV': [64, 5]}, {'CONV': [256, 3]}, {'POOLMAX': [-1, 2]}), ({'CONV': [128, 3]}, {'CONV': [256, 3]}), ({'CONV': [128, 3]}, {'CONV': [256, 3]}, {'POOLMAX': [-1, 2]}), ({'CONV': [128, 3]}, {'CONV': [64, 3]}), ({'CONV': [64, 5]}, {'CONV': [256, 5]}, {'POOLMAX': [-1, 2]}), ({'CONV': [64, 3]}, {'CONV': [256, 3]}), ({'CONV': [64, 3]}, {'CONV': [128, 5]}, {'POOLMAX': [-1, 2]}), {'GLOBAL_AVG': None}, {'LAST_DENSE': [100, 'softmax']}]",HHSE,NSGA2,,,,,0.7074502588142337,,,,2643305984,3658020,,,,,,"[24, 8, 56, 47, 60, 6, 30, 15]",0.7263522982869163,-7.038567121209205e-05,0.375,0.5,1.0,0.0,0.48,0,0,0,100,0,0.0,BEST,False,False,146,True,True,GREEDY,,,GREEDY_HV
BQELCS[M],23,24,85,48,0.85,True,True,"[38, 30, 38, 38, 34, 31, 22, 21]",[],"[38.656383640596864, 30.462573582247536, 38.32638782514634, 38.306303711388416, 34.65475826658887, 31.427392428354157, 22.585847581043012, 21.188532077033855]","[{'INP': 32}, {'CONV': [64, 3]}, ({'CONV': [128, 3]}, {'CONV': [256, 3]}), ({'CONV': [64, 5]}, {'CONV': [256, 3]}, {'POOLMAX': [-1, 2]}), ({'CONV': [128, 3]}, {'CONV': [256, 3]}), ({'CONV': [128, 3]}, {'CONV': [256, 3]}, {'POOLMAX': [-1, 2]}), ({'CONV': [128, 3]}, {'CONV': [64, 3]}), ({'CONV': [64, 5]}, {'CONV': [256, 5]}, {'POOLMAX': [-1, 2]}), ({'CONV': [64, 3]}, {'CONV': [256, 3]}), ({'CONV': [64, 3]}, {'CONV': [128, 5]}, {'POOLMAX': [-1, 2]}), {'GLOBAL_AVG': None}, {'LAST_DENSE': [100, 'softmax']}]",HHSE,NSGA2,,,,,0.7074502588142337,,,,2643305984,3658020,,,,,,"[24, 8, 56, 47, 60, 6, 30, 15]",0.7271140111457962,-2.8487774340724137e-05,0.375,0.5,1.0,0.0,0.48,0,0,0,100,0,0.0,BEST,False,False,146,True,True,GREEDY,,,GREEDY_HV
BQELCS[M],23,24,86,48,0.86,True,True,"[38, 30, 38, 38, 34, 31, 22, 21]",[],"[38.656383640596864, 30.462573582247536, 38.32638782514634, 38.306303711388416, 34.65475826658887, 31.427392428354157, 22.585847581043012, 21.188532077033855]","[{'INP': 32}, {'CONV': [64, 3]}, ({'CONV': [128, 3]}, {'CONV': [256, 3]}), ({'CONV': [64, 5]}, {'CONV': [256, 3]}, {'POOLMAX': [-1, 2]}), ({'CONV': [128, 3]}, {'CONV': [256, 3]}), ({'CONV': [128, 3]}, {'CONV': [256, 3]}, {'POOLMAX': [-1, 2]}), ({'CONV': [128, 3]}, {'CONV': [64, 3]}), ({'CONV': [64, 5]}, {'CONV': [256, 5]}, {'POOLMAX': [-1, 2]}), ({'CONV': [64, 3]}, {'CONV': [256, 3]}), ({'CONV': [64, 3]}, {'CONV': [128, 5]}, {'POOLMAX': [-1, 2]}), {'GLOBAL_AVG': None}, {'LAST_DENSE': [100, 'softmax']}]",HHSE,NSGA2,,,,,0.7074502588142337,,,,2643305984,3658020,,,,,,"[24, 8, 56, 47, 60, 6, 30, 15]",0.7272635105744957,1.9133959896389108e-05,0.375,0.5,1.0,0.0,0.48,0,1,0,100,0,0.01,BEST,False,False,146,True,True,GREEDY,,,GREEDY_HV
BQELCS[M],23,24,87,48,0.87,True,True,"[38, 30, 38, 38, 34, 31, 22, 21]",[],"[38.656383640596864, 30.462573582247536, 38.32638782514634, 38.306303711388416, 34.65475826658887, 31.427392428354157, 22.585847581043012, 21.188532077033855]","[{'INP': 32}, {'CONV': [64, 3]}, ({'CONV': [128, 3]}, {'CONV': [256, 3]}), ({'CONV': [64, 5]}, {'CONV': [256, 3]}, {'POOLMAX': [-1, 2]}), ({'CONV': [128, 3]}, {'CONV': [256, 3]}), ({'CONV': [128, 3]}, {'CONV': [256, 3]}, {'POOLMAX': [-1, 2]}), ({'CONV': [128, 3]}, {'CONV': [64, 3]}), ({'CONV': [64, 5]}, {'CONV': [256, 5]}, {'POOLMAX': [-1, 2]}), ({'CONV': [64, 3]}, {'CONV': [256, 3]}), ({'CONV': [64, 3]}, {'CONV': [128, 5]}, {'POOLMAX': [-1, 2]}), {'GLOBAL_AVG': None}, {'LAST_DENSE': [100, 'softmax']}]",HHSE,NSGA2,,,,,0.7074502588142337,,,,2643305984,3658020,,,,,,"[24, 8, 56, 47, 60, 6, 30, 15]",0.7272997295709122,-2.7075671357068565e-05,0.375,0.5,1.0,0.0,0.48,0,0,0,100,0,0.0,BEST,False,False,146,True,True,GREEDY,,,GREEDY_HV
BQELCS[M],23,24,88,48,0.88,True,True,"[38, 30, 38, 38, 34, 31, 22, 21]",[],"[38.656383640596864, 30.462573582247536, 38.32638782514634, 38.306303711388416, 34.65475826658887, 31.427392428354157, 22.585847581043012, 21.188532077033855]","[{'INP': 32}, {'CONV': [64, 3]}, ({'CONV': [128, 3]}, {'CONV': [256, 3]}), ({'CONV': [64, 5]}, {'CONV': [256, 3]}, {'POOLMAX': [-1, 2]}), ({'CONV': [128, 3]}, {'CONV': [256, 3]}), ({'CONV': [128, 3]}, {'CONV': [256, 3]}, {'POOLMAX': [-1, 2]}), ({'CONV': [128, 3]}, {'CONV': [64, 3]}), ({'CONV': [64, 5]}, {'CONV': [256, 5]}, {'POOLMAX': [-1, 2]}), ({'CONV': [64, 3]}, {'CONV': [256, 3]}), ({'CONV': [64, 3]}, {'CONV': [128, 5]}, {'POOLMAX': [-1, 2]}), {'GLOBAL_AVG': None}, {'LAST_DENSE': [100, 'softmax']}]",HHSE,NSGA2,,,,,0.7074502588142337,,,,2643305984,3658020,,,,,,"[24, 8, 56, 47, 60, 6, 30, 15]",0.7273919829906633,-6.269944986925235e-05,0.375,0.5,1.0,0.0,0.48,0,2,0,100,0,0.02,BEST,False,False,146,True,True,GREEDY,,,GREEDY_HV
BQELCS[M],23,24,89,48,0.89,True,True,"[38, 30, 38, 38, 34, 31, 22, 21]",[],"[38.656383640596864, 30.462573582247536, 38.32638782514634, 38.306303711388416, 34.65475826658887, 31.427392428354157, 22.585847581043012, 21.188532077033855]","[{'INP': 32}, {'CONV': [64, 3]}, ({'CONV': [128, 3]}, {'CONV': [256, 3]}), ({'CONV': [64, 5]}, {'CONV': [256, 3]}, {'POOLMAX': [-1, 2]}), ({'CONV': [128, 3]}, {'CONV': [256, 3]}), ({'CONV': [128, 3]}, {'CONV': [256, 3]}, {'POOLMAX': [-1, 2]}), ({'CONV': [128, 3]}, {'CONV': [64, 3]}), ({'CONV': [64, 5]}, {'CONV': [256, 5]}, {'POOLMAX': [-1, 2]}), ({'CONV': [64, 3]}, {'CONV': [256, 3]}), ({'CONV': [64, 3]}, {'CONV': [128, 5]}, {'POOLMAX': [-1, 2]}), {'GLOBAL_AVG': None}, {'LAST_DENSE': [100, 'softmax']}]",HHSE,NSGA2,,,,,0.7074502588142337,,,,2643305984,3658020,,,,,,"[24, 8, 56, 47, 60, 6, 30, 15]",0.7278223093017956,0.00020024621403,0.375,0.5,1.0,0.0,0.48,0,4,0,100,0,0.04,BEST,False,False,146,True,True,GREEDY,,,GREEDY_HV
BQELCS[M],23,24,90,48,0.9,True,True,"[38, 30, 38, 38, 34, 31, 22, 21]",[],"[38.656383640596864, 30.462573582247536, 38.32638782514634, 38.306303711388416, 34.65475826658887, 31.427392428354157, 22.585847581043012, 21.188532077033855]","[{'INP': 32}, {'CONV': [64, 3]}, ({'CONV': [128, 3]}, {'CONV': [256, 3]}), ({'CONV': [64, 5]}, {'CONV': [256, 3]}, {'POOLMAX': [-1, 2]}), ({'CONV': [128, 3]}, {'CONV': [256, 3]}), ({'CONV': [128, 3]}, {'CONV': [256, 3]}, {'POOLMAX': [-1, 2]}), ({'CONV': [128, 3]}, {'CONV': [64, 3]}), ({'CONV': [64, 5]}, {'CONV': [256, 5]}, {'POOLMAX': [-1, 2]}), ({'CONV': [64, 3]}, {'CONV': [256, 3]}), ({'CONV': [64, 3]}, {'CONV': [128, 5]}, {'POOLMAX': [-1, 2]}), {'GLOBAL_AVG': None}, {'LAST_DENSE': [100, 'softmax']}]",HHSE,NSGA2,,,,,0.7074502588142337,,,,2643305984,3658020,,,,,,"[24, 8, 56, 47, 60, 6, 30, 15]",0.7277581584373822,-0.0001284503868106,0.375,0.5,1.0,0.0,0.48,0,1,0,100,0,0.01,BEST,False,False,146,True,True,GREEDY,,,GREEDY_HV
BQELCS[M],23,24,91,48,0.91,True,True,"[38, 30, 38, 38, 34, 31, 22, 21]",[],"[38.656383640596864, 30.462573582247536, 38.32638782514634, 38.306303711388416, 34.65475826658887, 31.427392428354157, 22.585847581043012, 21.188532077033855]","[{'INP': 32}, {'CONV': [64, 3]}, ({'CONV': [128, 3]}, {'CONV': [256, 3]}), ({'CONV': [64, 5]}, {'CONV': [256, 3]}, {'POOLMAX': [-1, 2]}), ({'CONV': [128, 3]}, {'CONV': [256, 3]}), ({'CONV': [128, 3]}, {'CONV': [256, 3]}, {'POOLMAX': [-1, 2]}), ({'CONV': [128, 3]}, {'CONV': [64, 3]}), ({'CONV': [64, 5]}, {'CONV': [256, 5]}, {'POOLMAX': [-1, 2]}), ({'CONV': [64, 3]}, {'CONV': [256, 3]}), ({'CONV': [64, 3]}, {'CONV': [128, 5]}, {'POOLMAX': [-1, 2]}), {'GLOBAL_AVG': None}, {'LAST_DENSE': [100, 'softmax']}]",HHSE,NSGA2,,,,,0.7074502588142337,,,,2643305984,3658020,,,,,,"[24, 8, 56, 47, 60, 6, 30, 15]",0.7277876010729424,-0.0004111156336354,0.375,0.5,1.0,0.0,0.48,0,0,0,100,0,0.0,BEST,False,False,146,True,True,GREEDY,,,GREEDY_HV
BQELCS[M],23,24,92,48,0.92,True,True,"[38, 30, 38, 38, 34, 31, 22, 21]",[],"[38.656383640596864, 30.462573582247536, 38.32638782514634, 38.306303711388416, 34.65475826658887, 31.427392428354157, 22.585847581043012, 21.188532077033855]","[{'INP': 32}, {'CONV': [64, 3]}, ({'CONV': [128, 3]}, {'CONV': [256, 3]}), ({'CONV': [64, 5]}, {'CONV': [256, 3]}, {'POOLMAX': [-1, 2]}), ({'CONV': [128, 3]}, {'CONV': [256, 3]}), ({'CONV': [128, 3]}, {'CONV': [256, 3]}, {'POOLMAX': [-1, 2]}), ({'CONV': [128, 3]}, {'CONV': [64, 3]}), ({'CONV': [64, 5]}, {'CONV': [256, 5]}, {'POOLMAX': [-1, 2]}), ({'CONV': [64, 3]}, {'CONV': [256, 3]}), ({'CONV': [64, 3]}, {'CONV': [128, 5]}, {'POOLMAX': [-1, 2]}), {'GLOBAL_AVG': None}, {'LAST_DENSE': [100, 'softmax']}]",HHSE,NSGA2,,,,,0.7074502588142337,,,,2643305984,3658020,,,,,,"[24, 8, 56, 47, 60, 6, 30, 15]",0.7292196699979563,0.0014042738847506,0.375,0.5,1.0,0.0,0.48,0,2,0,100,0,0.02,BEST,False,False,146,True,True,GREEDY,,,GREEDY_HV
BQELCS[M],23,24,93,48,0.93,True,True,"[38, 30, 38, 38, 34, 31, 22, 21]",[],"[38.656383640596864, 30.462573582247536, 38.32638782514634, 38.306303711388416, 34.65475826658887, 31.427392428354157, 22.585847581043012, 21.188532077033855]","[{'INP': 32}, {'CONV': [64, 3]}, ({'CONV': [128, 3]}, {'CONV': [256, 3]}), ({'CONV': [64, 5]}, {'CONV': [256, 3]}, {'POOLMAX': [-1, 2]}), ({'CONV': [128, 3]}, {'CONV': [256, 3]}), ({'CONV': [128, 3]}, {'CONV': [256, 3]}, {'POOLMAX': [-1, 2]}), ({'CONV': [128, 3]}, {'CONV': [64, 3]}), ({'CONV': [64, 5]}, {'CONV': [256, 5]}, {'POOLMAX': [-1, 2]}), ({'CONV': [64, 3]}, {'CONV': [256, 3]}), ({'CONV': [64, 3]}, {'CONV': [128, 5]}, {'POOLMAX': [-1, 2]}), {'GLOBAL_AVG': None}, {'LAST_DENSE': [100, 'softmax']}]",HHSE,NSGA2,,,,,0.7074502588142337,,,,2643305984,3658020,,,,,,"[24, 8, 56, 47, 60, 6, 30, 15]",0.7278872979742936,-0.0003527577267501,0.375,0.5,1.0,0.0,0.48,0,0,0,100,0,0.0,BEST,False,False,146,True,True,GREEDY,,,GREEDY_HV
BQELCS[M],23,24,94,48,0.94,True,True,"[38, 30, 38, 38, 34, 31, 22, 21]",[],"[38.656383640596864, 30.462573582247536, 38.32638782514634, 38.306303711388416, 34.65475826658887, 31.427392428354157, 22.585847581043012, 21.188532077033855]","[{'INP': 32}, {'CONV': [64, 3]}, ({'CONV': [128, 3]}, {'CONV': [256, 3]}), ({'CONV': [64, 5]}, {'CONV': [256, 3]}, {'POOLMAX': [-1, 2]}), ({'CONV': [128, 3]}, {'CONV': [256, 3]}), ({'CONV': [128, 3]}, {'CONV': [256, 3]}, {'POOLMAX': [-1, 2]}), ({'CONV': [128, 3]}, {'CONV': [64, 3]}), ({'CONV': [64, 5]}, {'CONV': [256, 5]}, {'POOLMAX': [-1, 2]}), ({'CONV': [64, 3]}, {'CONV': [256, 3]}), ({'CONV': [64, 3]}, {'CONV': [128, 5]}, {'POOLMAX': [-1, 2]}), {'GLOBAL_AVG': None}, {'LAST_DENSE': [100, 'softmax']}]",HHSE,NSGA2,,,,,0.7074502588142337,,,,2643305984,3658020,,,,,,"[24, 8, 56, 47, 60, 6, 30, 15]",0.728240071416688,-8.225620427682045e-06,0.375,0.5,1.0,0.0,0.48,0,1,0,100,0,0.01,BEST,False,False,146,True,True,GREEDY,,,GREEDY_HV
BCDJWR[M],23,24,95,95,0.95,True,True,"[14, 7, 2, 34, 22, 7, 62, 55]",[],"[14.690862152707997, 7.390020225165837, 2.422172222153301, 34.20174566003484, 22.982151417508653, 7.350546690244147, 62.63489431186029, 55.77733690432206]","[{'INP': 32}, {'CONV': [64, 3]}, ({'CONV': [32, 5]}, {'CONV': [256, 3]}), ({'CONV': [32, 3]}, {'CONV': [256, 5]}, {'POOLMAX': [-1, 2]}), ({'CONV': [32, 3]}, {'CONV': [64, 3]}), ({'CONV': [128, 3]}, {'CONV': [64, 3]}, {'POOLMAX': [-1, 2]}), ({'CONV': [64, 3]}, {'CONV': [256, 3]}), ({'CONV': [32, 3]}, {'CONV': [256, 5]}, {'POOLMAX': [-1, 2]}), ({'CONV': [256, 5]}, {'CONV': [256, 3]}), ({'CONV': [256, 3]}, {'CONV': [256, 5]}, {'POOLMAX': [-1, 2]}), {'GLOBAL_AVG': None}, {'LAST_DENSE': [100, 'softmax']}]",HHSE,NSGA2,,,,,0.7125631900113708,,,,1159521280,5600036,,,,,,"[14, 7, 2, 34, 22, 7, 62, 55]",0.7283839233836507,-0.0012996488135633,0.5,0.375,0.0,1.0,0.95,0,1,0,100,0,0.01,BEST,False,False,61,True,True,GREEDY,,,GREEDY_HV
BCDJWR[M],23,24,96,95,0.96,True,True,"[14, 7, 2, 34, 22, 7, 62, 55]",[],"[14.690862152707997, 7.390020225165837, 2.422172222153301, 34.20174566003484, 22.982151417508653, 7.350546690244147, 62.63489431186029, 55.77733690432206]","[{'INP': 32}, {'CONV': [64, 3]}, ({'CONV': [32, 5]}, {'CONV': [256, 3]}), ({'CONV': [32, 3]}, {'CONV': [256, 5]}, {'POOLMAX': [-1, 2]}), ({'CONV': [32, 3]}, {'CONV': [64, 3]}), ({'CONV': [128, 3]}, {'CONV': [64, 3]}, {'POOLMAX': [-1, 2]}), ({'CONV': [64, 3]}, {'CONV': [256, 3]}), ({'CONV': [32, 3]}, {'CONV': [256, 5]}, {'POOLMAX': [-1, 2]}), ({'CONV': [256, 5]}, {'CONV': [256, 3]}), ({'CONV': [256, 3]}, {'CONV': [256, 5]}, {'POOLMAX': [-1, 2]}), {'GLOBAL_AVG': None}, {'LAST_DENSE': [100, 'softmax']}]",HHSE,NSGA2,,,,,0.7125631900113708,,,,1159521280,5600036,,,,,,"[14, 7, 2, 34, 22, 7, 62, 55]",0.7323429511734388,-0.0001656817023764,0.5,0.375,0.0,0.0,0.95,0,1,0,100,0,0.01,BEST,False,False,61,True,True,GREEDY,,,GREEDY_HV
BCDJWR[M],23,24,97,95,0.97,True,True,"[14, 7, 2, 34, 22, 7, 62, 55]",[],"[14.690862152707997, 7.390020225165837, 2.422172222153301, 34.20174566003484, 22.982151417508653, 7.350546690244147, 62.63489431186029, 55.77733690432206]","[{'INP': 32}, {'CONV': [64, 3]}, ({'CONV': [32, 5]}, {'CONV': [256, 3]}), ({'CONV': [32, 3]}, {'CONV': [256, 5]}, {'POOLMAX': [-1, 2]}), ({'CONV': [32, 3]}, {'CONV': [64, 3]}), ({'CONV': [128, 3]}, {'CONV': [64, 3]}, {'POOLMAX': [-1, 2]}), ({'CONV': [64, 3]}, {'CONV': [256, 3]}), ({'CONV': [32, 3]}, {'CONV': [256, 5]}, {'POOLMAX': [-1, 2]}), ({'CONV': [256, 5]}, {'CONV': [256, 3]}), ({'CONV': [256, 3]}, {'CONV': [256, 5]}, {'POOLMAX': [-1, 2]}), {'GLOBAL_AVG': None}, {'LAST_DENSE': [100, 'softmax']}]",HHSE,NSGA2,,,,,0.7125631900113708,,,,1159521280,5600036,,,,,,"[14, 7, 2, 34, 22, 7, 62, 55]",0.7323588311611668,6.094285628366336e-07,0.5,0.375,0.0,0.0,0.95,0,0,0,100,0,0.0,BEST,False,False,61,True,True,GREEDY,,,GREEDY_HV
BCDJWR[M],23,24,98,95,0.98,True,True,"[14, 7, 2, 34, 22, 7, 62, 55]",[],"[14.690862152707997, 7.390020225165837, 2.422172222153301, 34.20174566003484, 22.982151417508653, 7.350546690244147, 62.63489431186029, 55.77733690432206]","[{'INP': 32}, {'CONV': [64, 3]}, ({'CONV': [32, 5]}, {'CONV': [256, 3]}), ({'CONV': [32, 3]}, {'CONV': [256, 5]}, {'POOLMAX': [-1, 2]}), ({'CONV': [32, 3]}, {'CONV': [64, 3]}), ({'CONV': [128, 3]}, {'CONV': [64, 3]}, {'POOLMAX': [-1, 2]}), ({'CONV': [64, 3]}, {'CONV': [256, 3]}), ({'CONV': [32, 3]}, {'CONV': [256, 5]}, {'POOLMAX': [-1, 2]}), ({'CONV': [256, 5]}, {'CONV': [256, 3]}), ({'CONV': [256, 3]}, {'CONV': [256, 5]}, {'POOLMAX': [-1, 2]}), {'GLOBAL_AVG': None}, {'LAST_DENSE': [100, 'softmax']}]",HHSE,NSGA2,,,,,0.7125631900113708,,,,1159521280,5600036,,,,,,"[14, 7, 2, 34, 22, 7, 62, 55]",0.7325553394323991,-9.350620106540752e-06,0.5,0.375,0.0,0.0,0.95,0,0,0,100,0,0.0,BEST,False,False,61,True,True,GREEDY,,,GREEDY_HV
BCDJWR[M],23,24,99,95,0.99,True,True,"[14, 7, 2, 34, 22, 7, 62, 55]",[],"[14.690862152707997, 7.390020225165837, 2.422172222153301, 34.20174566003484, 22.982151417508653, 7.350546690244147, 62.63489431186029, 55.77733690432206]","[{'INP': 32}, {'CONV': [64, 3]}, ({'CONV': [32, 5]}, {'CONV': [256, 3]}), ({'CONV': [32, 3]}, {'CONV': [256, 5]}, {'POOLMAX': [-1, 2]}), ({'CONV': [32, 3]}, {'CONV': [64, 3]}), ({'CONV': [128, 3]}, {'CONV': [64, 3]}, {'POOLMAX': [-1, 2]}), ({'CONV': [64, 3]}, {'CONV': [256, 3]}), ({'CONV': [32, 3]}, {'CONV': [256, 5]}, {'POOLMAX': [-1, 2]}), ({'CONV': [256, 5]}, {'CONV': [256, 3]}), ({'CONV': [256, 3]}, {'CONV': [256, 5]}, {'POOLMAX': [-1, 2]}), {'GLOBAL_AVG': None}, {'LAST_DENSE': [100, 'softmax']}]",HHSE,NSGA2,,,,,0.7125631900113708,,,,1159521280,5600036,,,,,,"[14, 7, 2, 34, 22, 7, 62, 55]",0.7326068317950426,-1.6259160072640277e-05,0.5,0.375,0.0,0.0,0.95,0,0,0,100,0,0.0,BEST,False,False,61,True,True,GREEDY,,,GREEDY_HV
BCDJWR[M],23,24,100,95,1.0,True,True,"[14, 7, 2, 34, 22, 7, 62, 55]",[],"[14.690862152707997, 7.390020225165837, 2.422172222153301, 34.20174566003484, 22.982151417508653, 7.350546690244147, 62.63489431186029, 55.77733690432206]","[{'INP': 32}, {'CONV': [64, 3]}, ({'CONV': [32, 5]}, {'CONV': [256, 3]}), ({'CONV': [32, 3]}, {'CONV': [256, 5]}, {'POOLMAX': [-1, 2]}), ({'CONV': [32, 3]}, {'CONV': [64, 3]}), ({'CONV': [128, 3]}, {'CONV': [64, 3]}, {'POOLMAX': [-1, 2]}), ({'CONV': [64, 3]}, {'CONV': [256, 3]}), ({'CONV': [32, 3]}, {'CONV': [256, 5]}, {'POOLMAX': [-1, 2]}), ({'CONV': [256, 5]}, {'CONV': [256, 3]}), ({'CONV': [256, 3]}, {'CONV': [256, 5]}, {'POOLMAX': [-1, 2]}), {'GLOBAL_AVG': None}, {'LAST_DENSE': [100, 'softmax']}]",HHSE,NSGA2,,,,,0.7125631900113708,,,,1159521280,5600036,,,,,,"[14, 7, 2, 34, 22, 7, 62, 55]",0.732958214862237,-1.7104636383380445e-05,0.5,0.375,0.0,0.0,0.95,0,0,0,100,0,0.0,BEST,False,False,61,True,True,GREEDY,,,GREEDY_HV
BDNDIL,24,25,1,1,0.01,False,False,"[56, 46, 4, 38, 6, 21, 23, 4]",[],"[56.21182745670439, 46.12313114577936, 4.891657292031455, 38.504693200685814, 6.215611354053596, 21.754642096184433, 23.743263690025515, 4.444978155964069]","[{'INP': 32}, {'CONV': [64, 3]}, ({'CONV': [256, 5]}, {'CONV': [32, 3]}), ({'CONV': [128, 5]}, {'CONV': [256, 3]}, {'POOLMAX': [-1, 2]}), ({'CONV': [32, 3]}, {'CONV': [128, 3]}), ({'CONV': [128, 3]}, {'CONV': [256, 3]}, {'POOLMAX': [-1, 2]}), ({'CONV': [32, 3]}, {'CONV': [256, 3]}), ({'CONV': [64, 3]}, {'CONV': [128, 5]}, {'POOLMAX': [-1, 2]}), ({'CONV': [64, 3]}, {'CONV': [256, 5]}), ({'CONV': [32, 3]}, {'CONV': [128, 3]}, {'POOLMAX': [-1, 2]}), {'GLOBAL_AVG': None}, {'LAST_DENSE': [100, 'softmax']}]",HHSE,NSGA2,,,,,0.6956225450790186,,,,2179208192,2550820,,,,,,,0.6719143755696643,0.0,0.0,0.0,0.0,0.0,0.01,0,14,0,100,0,0.14,BEST,False,False,294,True,True,GREEDY,,,GREEDY_HV
BDNDIL,24,25,2,1,0.02,False,False,"[56, 46, 4, 38, 6, 21, 23, 4]",[],"[56.21182745670439, 46.12313114577936, 4.891657292031455, 38.504693200685814, 6.215611354053596, 21.754642096184433, 23.743263690025515, 4.444978155964069]","[{'INP': 32}, {'CONV': [64, 3]}, ({'CONV': [256, 5]}, {'CONV': [32, 3]}), ({'CONV': [128, 5]}, {'CONV': [256, 3]}, {'POOLMAX': [-1, 2]}), ({'CONV': [32, 3]}, {'CONV': [128, 3]}), ({'CONV': [128, 3]}, {'CONV': [256, 3]}, {'POOLMAX': [-1, 2]}), ({'CONV': [32, 3]}, {'CONV': [256, 3]}), ({'CONV': [64, 3]}, {'CONV': [128, 5]}, {'POOLMAX': [-1, 2]}), ({'CONV': [64, 3]}, {'CONV': [256, 5]}), ({'CONV': [32, 3]}, {'CONV': [128, 3]}, {'POOLMAX': [-1, 2]}), {'GLOBAL_AVG': None}, {'LAST_DENSE': [100, 'softmax']}]",HHSE,NSGA2,,,,,0.6956225450790186,,,,2179208192,2550820,,,,,,,0.6769114337407975,-0.0042093181304098,0.0,0.0,0.0,0.0,0.01,0,0,0,100,0,0.0,BEST,False,False,294,True,True,GREEDY,,,GREEDY_HV
BDNDIL,24,25,3,1,0.03,False,False,"[56, 46, 4, 38, 6, 21, 23, 4]",[],"[56.21182745670439, 46.12313114577936, 4.891657292031455, 38.504693200685814, 6.215611354053596, 21.754642096184433, 23.743263690025515, 4.444978155964069]","[{'INP': 32}, {'CONV': [64, 3]}, ({'CONV': [256, 5]}, {'CONV': [32, 3]}), ({'CONV': [128, 5]}, {'CONV': [256, 3]}, {'POOLMAX': [-1, 2]}), ({'CONV': [32, 3]}, {'CONV': [128, 3]}), ({'CONV': [128, 3]}, {'CONV': [256, 3]}, {'POOLMAX': [-1, 2]}), ({'CONV': [32, 3]}, {'CONV': [256, 3]}), ({'CONV': [64, 3]}, {'CONV': [128, 5]}, {'POOLMAX': [-1, 2]}), ({'CONV': [64, 3]}, {'CONV': [256, 5]}), ({'CONV': [32, 3]}, {'CONV': [128, 3]}, {'POOLMAX': [-1, 2]}), {'GLOBAL_AVG': None}, {'LAST_DENSE': [100, 'softmax']}]",HHSE,NSGA2,,,,,0.6956225450790186,,,,2179208192,2550820,,,,,,,0.6909114043242641,0.0086977592499923,0.0,0.0,0.0,0.0,0.01,0,4,0,100,0,0.04,BEST,False,False,294,True,True,GREEDY,,,GREEDY_HV
BDNDIL,24,25,4,1,0.04,False,False,"[56, 46, 4, 38, 6, 21, 23, 4]",[],"[56.21182745670439, 46.12313114577936, 4.891657292031455, 38.504693200685814, 6.215611354053596, 21.754642096184433, 23.743263690025515, 4.444978155964069]","[{'INP': 32}, {'CONV': [64, 3]}, ({'CONV': [256, 5]}, {'CONV': [32, 3]}), ({'CONV': [128, 5]}, {'CONV': [256, 3]}, {'POOLMAX': [-1, 2]}), ({'CONV': [32, 3]}, {'CONV': [128, 3]}), ({'CONV': [128, 3]}, {'CONV': [256, 3]}, {'POOLMAX': [-1, 2]}), ({'CONV': [32, 3]}, {'CONV': [256, 3]}), ({'CONV': [64, 3]}, {'CONV': [128, 5]}, {'POOLMAX': [-1, 2]}), ({'CONV': [64, 3]}, {'CONV': [256, 5]}), ({'CONV': [32, 3]}, {'CONV': [128, 3]}, {'POOLMAX': [-1, 2]}), {'GLOBAL_AVG': None}, {'LAST_DENSE': [100, 'softmax']}]",HHSE,NSGA2,,,,,0.6956225450790186,,,,2179208192,2550820,,,,,,,0.7002581359171557,-0.0049544365322823,0.0,0.0,0.0,0.0,0.01,0,0,0,100,0,0.0,BEST,False,False,294,True,True,GREEDY,,,GREEDY_HV
BDNDIL,24,25,5,1,0.05,False,False,"[56, 46, 4, 38, 6, 21, 23, 4]",[],"[56.21182745670439, 46.12313114577936, 4.891657292031455, 38.504693200685814, 6.215611354053596, 21.754642096184433, 23.743263690025515, 4.444978155964069]","[{'INP': 32}, {'CONV': [64, 3]}, ({'CONV': [256, 5]}, {'CONV': [32, 3]}), ({'CONV': [128, 5]}, {'CONV': [256, 3]}, {'POOLMAX': [-1, 2]}), ({'CONV': [32, 3]}, {'CONV': [128, 3]}), ({'CONV': [128, 3]}, {'CONV': [256, 3]}, {'POOLMAX': [-1, 2]}), ({'CONV': [32, 3]}, {'CONV': [256, 3]}), ({'CONV': [64, 3]}, {'CONV': [128, 5]}, {'POOLMAX': [-1, 2]}), ({'CONV': [64, 3]}, {'CONV': [256, 5]}), ({'CONV': [32, 3]}, {'CONV': [128, 3]}, {'POOLMAX': [-1, 2]}), {'GLOBAL_AVG': None}, {'LAST_DENSE': [100, 'softmax']}]",HHSE,NSGA2,,,,,0.6956225450790186,,,,2179208192,2550820,,,,,,,0.7023066601829696,-0.003001592478525,0.0,0.0,0.0,0.0,0.01,0,0,0,100,0,0.0,BEST,False,False,294,True,True,GREEDY,,,GREEDY_HV
BDNDIL,24,25,6,1,0.06,False,False,"[56, 46, 4, 38, 6, 21, 23, 4]",[],"[56.21182745670439, 46.12313114577936, 4.891657292031455, 38.504693200685814, 6.215611354053596, 21.754642096184433, 23.743263690025515, 4.444978155964069]","[{'INP': 32}, {'CONV': [64, 3]}, ({'CONV': [256, 5]}, {'CONV': [32, 3]}), ({'CONV': [128, 5]}, {'CONV': [256, 3]}, {'POOLMAX': [-1, 2]}), ({'CONV': [32, 3]}, {'CONV': [128, 3]}), ({'CONV': [128, 3]}, {'CONV': [256, 3]}, {'POOLMAX': [-1, 2]}), ({'CONV': [32, 3]}, {'CONV': [256, 3]}), ({'CONV': [64, 3]}, {'CONV': [128, 5]}, {'POOLMAX': [-1, 2]}), ({'CONV': [64, 3]}, {'CONV': [256, 5]}), ({'CONV': [32, 3]}, {'CONV': [128, 3]}, {'POOLMAX': [-1, 2]}), {'GLOBAL_AVG': None}, {'LAST_DENSE': [100, 'softmax']}]",HHSE,NSGA2,,,,,0.6956225450790186,,,,2179208192,2550820,,,,,,,0.7032688351534473,-0.0032139592475834,0.0,0.0,0.0,0.0,0.01,0,0,0,100,0,0.0,BEST,False,False,294,True,True,GREEDY,,,GREEDY_HV
BDNDIL,24,25,7,1,0.07,False,False,"[56, 46, 4, 38, 6, 21, 23, 4]",[],"[56.21182745670439, 46.12313114577936, 4.891657292031455, 38.504693200685814, 6.215611354053596, 21.754642096184433, 23.743263690025515, 4.444978155964069]","[{'INP': 32}, {'CONV': [64, 3]}, ({'CONV': [256, 5]}, {'CONV': [32, 3]}), ({'CONV': [128, 5]}, {'CONV': [256, 3]}, {'POOLMAX': [-1, 2]}), ({'CONV': [32, 3]}, {'CONV': [128, 3]}), ({'CONV': [128, 3]}, {'CONV': [256, 3]}, {'POOLMAX': [-1, 2]}), ({'CONV': [32, 3]}, {'CONV': [256, 3]}), ({'CONV': [64, 3]}, {'CONV': [128, 5]}, {'POOLMAX': [-1, 2]}), ({'CONV': [64, 3]}, {'CONV': [256, 5]}), ({'CONV': [32, 3]}, {'CONV': [128, 3]}, {'POOLMAX': [-1, 2]}), {'GLOBAL_AVG': None}, {'LAST_DENSE': [100, 'softmax']}]",HHSE,NSGA2,,,,,0.6956225450790186,,,,2179208192,2550820,,,,,,,0.7066033314517014,-0.0006021117292034,0.0,0.0,0.0,0.0,0.01,0,0,0,100,0,0.0,BEST,False,False,294,True,True,GREEDY,,,GREEDY_HV
BDNDIL,24,25,8,1,0.08,False,False,"[56, 46, 4, 38, 6, 21, 23, 4]",[],"[56.21182745670439, 46.12313114577936, 4.891657292031455, 38.504693200685814, 6.215611354053596, 21.754642096184433, 23.743263690025515, 4.444978155964069]","[{'INP': 32}, {'CONV': [64, 3]}, ({'CONV': [256, 5]}, {'CONV': [32, 3]}), ({'CONV': [128, 5]}, {'CONV': [256, 3]}, {'POOLMAX': [-1, 2]}), ({'CONV': [32, 3]}, {'CONV': [128, 3]}), ({'CONV': [128, 3]}, {'CONV': [256, 3]}, {'POOLMAX': [-1, 2]}), ({'CONV': [32, 3]}, {'CONV': [256, 3]}), ({'CONV': [64, 3]}, {'CONV': [128, 5]}, {'POOLMAX': [-1, 2]}), ({'CONV': [64, 3]}, {'CONV': [256, 5]}), ({'CONV': [32, 3]}, {'CONV': [128, 3]}, {'POOLMAX': [-1, 2]}), {'GLOBAL_AVG': None}, {'LAST_DENSE': [100, 'softmax']}]",HHSE,NSGA2,,,,,0.6956225450790186,,,,2179208192,2550820,,,,,,,0.7076103227635064,-0.002344771764037,0.0,0.0,0.0,0.0,0.01,0,1,0,100,0,0.01,BEST,False,False,294,True,True,GREEDY,,,GREEDY_HV
BDNDIL,24,25,9,1,0.09,False,False,"[56, 46, 4, 38, 6, 21, 23, 4]",[],"[56.21182745670439, 46.12313114577936, 4.891657292031455, 38.504693200685814, 6.215611354053596, 21.754642096184433, 23.743263690025515, 4.444978155964069]","[{'INP': 32}, {'CONV': [64, 3]}, ({'CONV': [256, 5]}, {'CONV': [32, 3]}), ({'CONV': [128, 5]}, {'CONV': [256, 3]}, {'POOLMAX': [-1, 2]}), ({'CONV': [32, 3]}, {'CONV': [128, 3]}), ({'CONV': [128, 3]}, {'CONV': [256, 3]}, {'POOLMAX': [-1, 2]}), ({'CONV': [32, 3]}, {'CONV': [256, 3]}), ({'CONV': [64, 3]}, {'CONV': [128, 5]}, {'POOLMAX': [-1, 2]}), ({'CONV': [64, 3]}, {'CONV': [256, 5]}), ({'CONV': [32, 3]}, {'CONV': [128, 3]}, {'POOLMAX': [-1, 2]}), {'GLOBAL_AVG': None}, {'LAST_DENSE': [100, 'softmax']}]",HHSE,NSGA2,,,,,0.6956225450790186,,,,2179208192,2550820,,,,,,,0.7068870204200431,-0.0003501434401237,0.0,0.0,0.0,0.0,0.01,0,0,0,100,0,0.0,BEST,False,False,294,True,True,GREEDY,,,GREEDY_HV
BDNDIL,24,25,10,1,0.1,False,False,"[56, 46, 4, 38, 6, 21, 23, 4]",[],"[56.21182745670439, 46.12313114577936, 4.891657292031455, 38.504693200685814, 6.215611354053596, 21.754642096184433, 23.743263690025515, 4.444978155964069]","[{'INP': 32}, {'CONV': [64, 3]}, ({'CONV': [256, 5]}, {'CONV': [32, 3]}), ({'CONV': [128, 5]}, {'CONV': [256, 3]}, {'POOLMAX': [-1, 2]}), ({'CONV': [32, 3]}, {'CONV': [128, 3]}), ({'CONV': [128, 3]}, {'CONV': [256, 3]}, {'POOLMAX': [-1, 2]}), ({'CONV': [32, 3]}, {'CONV': [256, 3]}), ({'CONV': [64, 3]}, {'CONV': [128, 5]}, {'POOLMAX': [-1, 2]}), ({'CONV': [64, 3]}, {'CONV': [256, 5]}), ({'CONV': [32, 3]}, {'CONV': [128, 3]}, {'POOLMAX': [-1, 2]}), {'GLOBAL_AVG': None}, {'LAST_DENSE': [100, 'softmax']}]",HHSE,NSGA2,,,,,0.6956225450790186,,,,2179208192,2550820,,,,,,,0.7072953972249452,-0.0026096026902456,0.0,0.0,0.0,0.0,0.01,0,1,0,100,0,0.01,BEST,False,False,294,True,True,GREEDY,,,GREEDY_HV
BDNDIL,24,25,11,1,0.11,False,False,"[56, 46, 4, 38, 6, 21, 23, 4]",[],"[56.21182745670439, 46.12313114577936, 4.891657292031455, 38.504693200685814, 6.215611354053596, 21.754642096184433, 23.743263690025515, 4.444978155964069]","[{'INP': 32}, {'CONV': [64, 3]}, ({'CONV': [256, 5]}, {'CONV': [32, 3]}), ({'CONV': [128, 5]}, {'CONV': [256, 3]}, {'POOLMAX': [-1, 2]}), ({'CONV': [32, 3]}, {'CONV': [128, 3]}), ({'CONV': [128, 3]}, {'CONV': [256, 3]}, {'POOLMAX': [-1, 2]}), ({'CONV': [32, 3]}, {'CONV': [256, 3]}), ({'CONV': [64, 3]}, {'CONV': [128, 5]}, {'POOLMAX': [-1, 2]}), ({'CONV': [64, 3]}, {'CONV': [256, 5]}), ({'CONV': [32, 3]}, {'CONV': [128, 3]}, {'POOLMAX': [-1, 2]}), {'GLOBAL_AVG': None}, {'LAST_DENSE': [100, 'softmax']}]",HHSE,NSGA2,,,,,0.6956225450790186,,,,2179208192,2550820,,,,,,,0.7079408770140128,-0.0017161731893517,0.0,0.0,0.0,0.0,0.01,0,0,0,100,0,0.0,BEST,False,False,294,True,True,GREEDY,,,GREEDY_HV
BDNDIL,24,25,12,1,0.12,False,False,"[56, 46, 4, 38, 6, 21, 23, 4]",[],"[56.21182745670439, 46.12313114577936, 4.891657292031455, 38.504693200685814, 6.215611354053596, 21.754642096184433, 23.743263690025515, 4.444978155964069]","[{'INP': 32}, {'CONV': [64, 3]}, ({'CONV': [256, 5]}, {'CONV': [32, 3]}), ({'CONV': [128, 5]}, {'CONV': [256, 3]}, {'POOLMAX': [-1, 2]}), ({'CONV': [32, 3]}, {'CONV': [128, 3]}), ({'CONV': [128, 3]}, {'CONV': [256, 3]}, {'POOLMAX': [-1, 2]}), ({'CONV': [32, 3]}, {'CONV': [256, 3]}), ({'CONV': [64, 3]}, {'CONV': [128, 5]}, {'POOLMAX': [-1, 2]}), ({'CONV': [64, 3]}, {'CONV': [256, 5]}), ({'CONV': [32, 3]}, {'CONV': [128, 3]}, {'POOLMAX': [-1, 2]}), {'GLOBAL_AVG': None}, {'LAST_DENSE': [100, 'softmax']}]",HHSE,NSGA2,,,,,0.6956225450790186,,,,2179208192,2550820,,,,,,,0.7080163118767017,-0.0113929178916597,0.0,0.0,0.0,0.0,0.01,0,0,0,100,0,0.0,BEST,False,False,294,True,True,GREEDY,,,GREEDY_HV
BADLES[M],24,25,13,13,0.13,True,True,"[5, 44, 52, 26, 15, 31, 62, 55]",[],"[5.579509690825974, 44.20767375637922, 52.380749280645645, 26.202559152585835, 15.817163029621529, 31.305143231744307, 62.95467474083402, 55.12263853902396]","[{'INP': 32}, {'CONV': [64, 3]}, ({'CONV': [32, 3]}, {'CONV': [128, 5]}), ({'CONV': [128, 5]}, {'CONV': [128, 3]}, {'POOLMAX': [-1, 2]}), ({'CONV': [256, 3]}, {'CONV': [128, 3]}), ({'CONV': [64, 5]}, {'CONV': [64, 3]}, {'POOLMAX': [-1, 2]}), ({'CONV': [32, 5]}, {'CONV': [256, 5]}), ({'CONV': [64, 5]}, {'CONV': [256, 5]}, {'POOLMAX': [-1, 2]}), ({'CONV': [256, 5]}, {'CONV': [256, 3]}), ({'CONV': [256, 3]}, {'CONV': [256, 5]}, {'POOLMAX': [-1, 2]}), {'GLOBAL_AVG': None}, {'LAST_DENSE': [100, 'softmax']}]",HHSE,NSGA2,,,,,0.7022794244849683,,,,2101920768,7078948,,,,,,"[18, 20, 41, 22, 30, 38, 62, 52]",0.7082258802640711,-0.0018405308414825,0.0,0.0,0.875,1.0,0.13,0,0,0,100,0,0.0,BEST,False,False,228,True,True,GREEDY,,,GREEDY_HV
BADLES[M],24,25,14,13,0.14,True,True,"[5, 44, 52, 26, 15, 31, 62, 55]",[],"[5.579509690825974, 44.20767375637922, 52.380749280645645, 26.202559152585835, 15.817163029621529, 31.305143231744307, 62.95467474083402, 55.12263853902396]","[{'INP': 32}, {'CONV': [64, 3]}, ({'CONV': [32, 3]}, {'CONV': [128, 5]}), ({'CONV': [128, 5]}, {'CONV': [128, 3]}, {'POOLMAX': [-1, 2]}), ({'CONV': [256, 3]}, {'CONV': [128, 3]}), ({'CONV': [64, 5]}, {'CONV': [64, 3]}, {'POOLMAX': [-1, 2]}), ({'CONV': [32, 5]}, {'CONV': [256, 5]}), ({'CONV': [64, 5]}, {'CONV': [256, 5]}, {'POOLMAX': [-1, 2]}), ({'CONV': [256, 5]}, {'CONV': [256, 3]}), ({'CONV': [256, 3]}, {'CONV': [256, 5]}, {'POOLMAX': [-1, 2]}), {'GLOBAL_AVG': None}, {'LAST_DENSE': [100, 'softmax']}]",HHSE,NSGA2,,,,,0.7022794244849683,,,,2101920768,7078948,,,,,,"[18, 20, 41, 22, 30, 38, 62, 52]",0.7127369334189777,-0.0027422663503592,0.0,0.0,0.875,0.0,0.13,0,0,0,100,0,0.0,BEST,False,False,228,True,True,GREEDY,,,GREEDY_HV
BADLES[M],24,25,15,13,0.15,True,True,"[5, 44, 52, 26, 15, 31, 62, 55]",[],"[5.579509690825974, 44.20767375637922, 52.380749280645645, 26.202559152585835, 15.817163029621529, 31.305143231744307, 62.95467474083402, 55.12263853902396]","[{'INP': 32}, {'CONV': [64, 3]}, ({'CONV': [32, 3]}, {'CONV': [128, 5]}), ({'CONV': [128, 5]}, {'CONV': [128, 3]}, {'POOLMAX': [-1, 2]}), ({'CONV': [256, 3]}, {'CONV': [128, 3]}), ({'CONV': [64, 5]}, {'CONV': [64, 3]}, {'POOLMAX': [-1, 2]}), ({'CONV': [32, 5]}, {'CONV': [256, 5]}), ({'CONV': [64, 5]}, {'CONV': [256, 5]}, {'POOLMAX': [-1, 2]}), ({'CONV': [256, 5]}, {'CONV': [256, 3]}), ({'CONV': [256, 3]}, {'CONV': [256, 5]}, {'POOLMAX': [-1, 2]}), {'GLOBAL_AVG': None}, {'LAST_DENSE': [100, 'softmax']}]",HHSE,NSGA2,,,,,0.7022794244849683,,,,2101920768,7078948,,,,,,"[18, 20, 41, 22, 30, 38, 62, 52]",0.7125766659544375,-0.001222680492309,0.0,0.0,0.875,0.0,0.13,0,1,0,100,0,0.01,BEST,False,False,228,True,True,GREEDY,,,GREEDY_HV
BADLES[M],24,25,16,13,0.16,True,True,"[5, 44, 52, 26, 15, 31, 62, 55]",[],"[5.579509690825974, 44.20767375637922, 52.380749280645645, 26.202559152585835, 15.817163029621529, 31.305143231744307, 62.95467474083402, 55.12263853902396]","[{'INP': 32}, {'CONV': [64, 3]}, ({'CONV': [32, 3]}, {'CONV': [128, 5]}), ({'CONV': [128, 5]}, {'CONV': [128, 3]}, {'POOLMAX': [-1, 2]}), ({'CONV': [256, 3]}, {'CONV': [128, 3]}), ({'CONV': [64, 5]}, {'CONV': [64, 3]}, {'POOLMAX': [-1, 2]}), ({'CONV': [32, 5]}, {'CONV': [256, 5]}), ({'CONV': [64, 5]}, {'CONV': [256, 5]}, {'POOLMAX': [-1, 2]}), ({'CONV': [256, 5]}, {'CONV': [256, 3]}), ({'CONV': [256, 3]}, {'CONV': [256, 5]}, {'POOLMAX': [-1, 2]}), {'GLOBAL_AVG': None}, {'LAST_DENSE': [100, 'softmax']}]",HHSE,NSGA2,,,,,0.7022794244849683,,,,2101920768,7078948,,,,,,"[18, 20, 41, 22, 30, 38, 62, 52]",0.7130455102334277,-0.0022559813360364,0.0,0.0,0.875,0.0,0.13,0,0,0,100,0,0.0,BEST,False,False,228,True,True,GREEDY,,,GREEDY_HV
BADLES[M],24,25,17,13,0.17,True,True,"[5, 44, 52, 26, 15, 31, 62, 55]",[],"[5.579509690825974, 44.20767375637922, 52.380749280645645, 26.202559152585835, 15.817163029621529, 31.305143231744307, 62.95467474083402, 55.12263853902396]","[{'INP': 32}, {'CONV': [64, 3]}, ({'CONV': [32, 3]}, {'CONV': [128, 5]}), ({'CONV': [128, 5]}, {'CONV': [128, 3]}, {'POOLMAX': [-1, 2]}), ({'CONV': [256, 3]}, {'CONV': [128, 3]}), ({'CONV': [64, 5]}, {'CONV': [64, 3]}, {'POOLMAX': [-1, 2]}), ({'CONV': [32, 5]}, {'CONV': [256, 5]}), ({'CONV': [64, 5]}, {'CONV': [256, 5]}, {'POOLMAX': [-1, 2]}), ({'CONV': [256, 5]}, {'CONV': [256, 3]}), ({'CONV': [256, 3]}, {'CONV': [256, 5]}, {'POOLMAX': [-1, 2]}), {'GLOBAL_AVG': None}, {'LAST_DENSE': [100, 'softmax']}]",HHSE,NSGA2,,,,,0.7022794244849683,,,,2101920768,7078948,,,,,,"[18, 20, 41, 22, 30, 38, 62, 52]",0.7174084223024528,-0.001973436446622,0.0,0.0,0.875,0.0,0.13,0,0,0,100,0,0.0,BEST,False,False,228,True,True,GREEDY,,,GREEDY_HV
BADLES[M],24,25,18,13,0.18,True,True,"[5, 44, 52, 26, 15, 31, 62, 55]",[],"[5.579509690825974, 44.20767375637922, 52.380749280645645, 26.202559152585835, 15.817163029621529, 31.305143231744307, 62.95467474083402, 55.12263853902396]","[{'INP': 32}, {'CONV': [64, 3]}, ({'CONV': [32, 3]}, {'CONV': [128, 5]}), ({'CONV': [128, 5]}, {'CONV': [128, 3]}, {'POOLMAX': [-1, 2]}), ({'CONV': [256, 3]}, {'CONV': [128, 3]}), ({'CONV': [64, 5]}, {'CONV': [64, 3]}, {'POOLMAX': [-1, 2]}), ({'CONV': [32, 5]}, {'CONV': [256, 5]}), ({'CONV': [64, 5]}, {'CONV': [256, 5]}, {'POOLMAX': [-1, 2]}), ({'CONV': [256, 5]}, {'CONV': [256, 3]}), ({'CONV': [256, 3]}, {'CONV': [256, 5]}, {'POOLMAX': [-1, 2]}), {'GLOBAL_AVG': None}, {'LAST_DENSE': [100, 'softmax']}]",HHSE,NSGA2,,,,,0.7022794244849683,,,,2101920768,7078948,,,,,,"[18, 20, 41, 22, 30, 38, 62, 52]",0.7174351753246665,-9.243197864716723e-05,0.0,0.0,0.875,0.0,0.13,0,0,0,100,0,0.0,BEST,False,False,228,True,True,GREEDY,,,GREEDY_HV
BADLES[M],24,25,19,13,0.19,True,True,"[5, 44, 52, 26, 15, 31, 62, 55]",[],"[5.579509690825974, 44.20767375637922, 52.380749280645645, 26.202559152585835, 15.817163029621529, 31.305143231744307, 62.95467474083402, 55.12263853902396]","[{'INP': 32}, {'CONV': [64, 3]}, ({'CONV': [32, 3]}, {'CONV': [128, 5]}), ({'CONV': [128, 5]}, {'CONV': [128, 3]}, {'POOLMAX': [-1, 2]}), ({'CONV': [256, 3]}, {'CONV': [128, 3]}), ({'CONV': [64, 5]}, {'CONV': [64, 3]}, {'POOLMAX': [-1, 2]}), ({'CONV': [32, 5]}, {'CONV': [256, 5]}), ({'CONV': [64, 5]}, {'CONV': [256, 5]}, {'POOLMAX': [-1, 2]}), ({'CONV': [256, 5]}, {'CONV': [256, 3]}), ({'CONV': [256, 3]}, {'CONV': [256, 5]}, {'POOLMAX': [-1, 2]}), {'GLOBAL_AVG': None}, {'LAST_DENSE': [100, 'softmax']}]",HHSE,NSGA2,,,,,0.7022794244849683,,,,2101920768,7078948,,,,,,"[18, 20, 41, 22, 30, 38, 62, 52]",0.7182451205378428,0.000404317718989,0.0,0.0,0.875,0.0,0.13,0,0,0,100,0,0.0,BEST,False,False,228,True,True,GREEDY,,,GREEDY_HV
BADLES[M],24,25,20,13,0.2,True,True,"[5, 44, 52, 26, 15, 31, 62, 55]",[],"[5.579509690825974, 44.20767375637922, 52.380749280645645, 26.202559152585835, 15.817163029621529, 31.305143231744307, 62.95467474083402, 55.12263853902396]","[{'INP': 32}, {'CONV': [64, 3]}, ({'CONV': [32, 3]}, {'CONV': [128, 5]}), ({'CONV': [128, 5]}, {'CONV': [128, 3]}, {'POOLMAX': [-1, 2]}), ({'CONV': [256, 3]}, {'CONV': [128, 3]}), ({'CONV': [64, 5]}, {'CONV': [64, 3]}, {'POOLMAX': [-1, 2]}), ({'CONV': [32, 5]}, {'CONV': [256, 5]}), ({'CONV': [64, 5]}, {'CONV': [256, 5]}, {'POOLMAX': [-1, 2]}), ({'CONV': [256, 5]}, {'CONV': [256, 3]}), ({'CONV': [256, 3]}, {'CONV': [256, 5]}, {'POOLMAX': [-1, 2]}), {'GLOBAL_AVG': None}, {'LAST_DENSE': [100, 'softmax']}]",HHSE,NSGA2,,,,,0.7022794244849683,,,,2101920768,7078948,,,,,,"[18, 20, 41, 22, 30, 38, 62, 52]",0.7175676048050885,-0.0009391883725938,0.0,0.0,0.875,0.0,0.13,0,1,0,100,0,0.01,BEST,False,False,228,True,True,GREEDY,,,GREEDY_HV
BADLES[M],24,25,21,13,0.21,True,True,"[5, 44, 52, 26, 15, 31, 62, 55]",[],"[5.579509690825974, 44.20767375637922, 52.380749280645645, 26.202559152585835, 15.817163029621529, 31.305143231744307, 62.95467474083402, 55.12263853902396]","[{'INP': 32}, {'CONV': [64, 3]}, ({'CONV': [32, 3]}, {'CONV': [128, 5]}), ({'CONV': [128, 5]}, {'CONV': [128, 3]}, {'POOLMAX': [-1, 2]}), ({'CONV': [256, 3]}, {'CONV': [128, 3]}), ({'CONV': [64, 5]}, {'CONV': [64, 3]}, {'POOLMAX': [-1, 2]}), ({'CONV': [32, 5]}, {'CONV': [256, 5]}), ({'CONV': [64, 5]}, {'CONV': [256, 5]}, {'POOLMAX': [-1, 2]}), ({'CONV': [256, 5]}, {'CONV': [256, 3]}), ({'CONV': [256, 3]}, {'CONV': [256, 5]}, {'POOLMAX': [-1, 2]}), {'GLOBAL_AVG': None}, {'LAST_DENSE': [100, 'softmax']}]",HHSE,NSGA2,,,,,0.7022794244849683,,,,2101920768,7078948,,,,,,"[18, 20, 41, 22, 30, 38, 62, 52]",0.7175586996789485,-0.0002744703466884,0.0,0.0,0.875,0.0,0.13,0,0,0,100,0,0.0,BEST,False,False,228,True,True,GREEDY,,,GREEDY_HV
BADLES[M],24,25,22,13,0.22,True,True,"[5, 44, 52, 26, 15, 31, 62, 55]",[],"[5.579509690825974, 44.20767375637922, 52.380749280645645, 26.202559152585835, 15.817163029621529, 31.305143231744307, 62.95467474083402, 55.12263853902396]","[{'INP': 32}, {'CONV': [64, 3]}, ({'CONV': [32, 3]}, {'CONV': [128, 5]}), ({'CONV': [128, 5]}, {'CONV': [128, 3]}, {'POOLMAX': [-1, 2]}), ({'CONV': [256, 3]}, {'CONV': [128, 3]}), ({'CONV': [64, 5]}, {'CONV': [64, 3]}, {'POOLMAX': [-1, 2]}), ({'CONV': [32, 5]}, {'CONV': [256, 5]}), ({'CONV': [64, 5]}, {'CONV': [256, 5]}, {'POOLMAX': [-1, 2]}), ({'CONV': [256, 5]}, {'CONV': [256, 3]}), ({'CONV': [256, 3]}, {'CONV': [256, 5]}, {'POOLMAX': [-1, 2]}), {'GLOBAL_AVG': None}, {'LAST_DENSE': [100, 'softmax']}]",HHSE,NSGA2,,,,,0.7022794244849683,,,,2101920768,7078948,,,,,,"[18, 20, 41, 22, 30, 38, 62, 52]",0.717935218075515,6.637874954285028e-05,0.0,0.0,0.875,0.0,0.13,0,0,0,100,0,0.0,BEST,False,False,228,True,True,GREEDY,,,GREEDY_HV
BADLES[M],24,25,23,13,0.23,True,True,"[5, 44, 52, 26, 15, 31, 62, 55]",[],"[5.579509690825974, 44.20767375637922, 52.380749280645645, 26.202559152585835, 15.817163029621529, 31.305143231744307, 62.95467474083402, 55.12263853902396]","[{'INP': 32}, {'CONV': [64, 3]}, ({'CONV': [32, 3]}, {'CONV': [128, 5]}), ({'CONV': [128, 5]}, {'CONV': [128, 3]}, {'POOLMAX': [-1, 2]}), ({'CONV': [256, 3]}, {'CONV': [128, 3]}), ({'CONV': [64, 5]}, {'CONV': [64, 3]}, {'POOLMAX': [-1, 2]}), ({'CONV': [32, 5]}, {'CONV': [256, 5]}), ({'CONV': [64, 5]}, {'CONV': [256, 5]}, {'POOLMAX': [-1, 2]}), ({'CONV': [256, 5]}, {'CONV': [256, 3]}), ({'CONV': [256, 3]}, {'CONV': [256, 5]}, {'POOLMAX': [-1, 2]}), {'GLOBAL_AVG': None}, {'LAST_DENSE': [100, 'softmax']}]",HHSE,NSGA2,,,,,0.7022794244849683,,,,2101920768,7078948,,,,,,"[18, 20, 41, 22, 30, 38, 62, 52]",0.717737859339173,-0.0002757515703355,0.0,0.0,0.875,0.0,0.13,0,0,0,100,0,0.0,BEST,False,False,228,True,True,GREEDY,,,GREEDY_HV
BADLES[M],24,25,24,13,0.24,True,True,"[5, 44, 52, 26, 15, 31, 62, 55]",[],"[5.579509690825974, 44.20767375637922, 52.380749280645645, 26.202559152585835, 15.817163029621529, 31.305143231744307, 62.95467474083402, 55.12263853902396]","[{'INP': 32}, {'CONV': [64, 3]}, ({'CONV': [32, 3]}, {'CONV': [128, 5]}), ({'CONV': [128, 5]}, {'CONV': [128, 3]}, {'POOLMAX': [-1, 2]}), ({'CONV': [256, 3]}, {'CONV': [128, 3]}), ({'CONV': [64, 5]}, {'CONV': [64, 3]}, {'POOLMAX': [-1, 2]}), ({'CONV': [32, 5]}, {'CONV': [256, 5]}), ({'CONV': [64, 5]}, {'CONV': [256, 5]}, {'POOLMAX': [-1, 2]}), ({'CONV': [256, 5]}, {'CONV': [256, 3]}), ({'CONV': [256, 3]}, {'CONV': [256, 5]}, {'POOLMAX': [-1, 2]}), {'GLOBAL_AVG': None}, {'LAST_DENSE': [100, 'softmax']}]",HHSE,NSGA2,,,,,0.7022794244849683,,,,2101920768,7078948,,,,,,"[18, 20, 41, 22, 30, 38, 62, 52]",0.7178994911963112,-0.0003205918149506,0.0,0.0,0.875,0.0,0.13,0,0,0,100,0,0.0,BEST,False,False,228,True,True,GREEDY,,,GREEDY_HV
BADLES[M],24,25,25,13,0.25,True,True,"[5, 44, 52, 26, 15, 31, 62, 55]",[],"[5.579509690825974, 44.20767375637922, 52.380749280645645, 26.202559152585835, 15.817163029621529, 31.305143231744307, 62.95467474083402, 55.12263853902396]","[{'INP': 32}, {'CONV': [64, 3]}, ({'CONV': [32, 3]}, {'CONV': [128, 5]}), ({'CONV': [128, 5]}, {'CONV': [128, 3]}, {'POOLMAX': [-1, 2]}), ({'CONV': [256, 3]}, {'CONV': [128, 3]}), ({'CONV': [64, 5]}, {'CONV': [64, 3]}, {'POOLMAX': [-1, 2]}), ({'CONV': [32, 5]}, {'CONV': [256, 5]}), ({'CONV': [64, 5]}, {'CONV': [256, 5]}, {'POOLMAX': [-1, 2]}), ({'CONV': [256, 5]}, {'CONV': [256, 3]}), ({'CONV': [256, 3]}, {'CONV': [256, 5]}, {'POOLMAX': [-1, 2]}), {'GLOBAL_AVG': None}, {'LAST_DENSE': [100, 'softmax']}]",HHSE,NSGA2,,,,,0.7022794244849683,,,,2101920768,7078948,,,,,,"[18, 20, 41, 22, 30, 38, 62, 52]",0.7179508756099395,-0.0003707391617455,0.0,0.0,0.875,0.0,0.13,0,0,0,100,0,0.0,BEST,False,False,228,True,True,GREEDY,,,GREEDY_HV
BADLES[M],24,25,26,13,0.26,True,True,"[5, 44, 52, 26, 15, 31, 62, 55]",[],"[5.579509690825974, 44.20767375637922, 52.380749280645645, 26.202559152585835, 15.817163029621529, 31.305143231744307, 62.95467474083402, 55.12263853902396]","[{'INP': 32}, {'CONV': [64, 3]}, ({'CONV': [32, 3]}, {'CONV': [128, 5]}), ({'CONV': [128, 5]}, {'CONV': [128, 3]}, {'POOLMAX': [-1, 2]}), ({'CONV': [256, 3]}, {'CONV': [128, 3]}), ({'CONV': [64, 5]}, {'CONV': [64, 3]}, {'POOLMAX': [-1, 2]}), ({'CONV': [32, 5]}, {'CONV': [256, 5]}), ({'CONV': [64, 5]}, {'CONV': [256, 5]}, {'POOLMAX': [-1, 2]}), ({'CONV': [256, 5]}, {'CONV': [256, 3]}), ({'CONV': [256, 3]}, {'CONV': [256, 5]}, {'POOLMAX': [-1, 2]}), {'GLOBAL_AVG': None}, {'LAST_DENSE': [100, 'softmax']}]",HHSE,NSGA2,,,,,0.7022794244849683,,,,2101920768,7078948,,,,,,"[18, 20, 41, 22, 30, 38, 62, 52]",0.7183264478083298,0.00025654050067,0.0,0.0,0.875,0.0,0.13,0,0,0,100,0,0.0,BEST,False,False,228,True,True,GREEDY,,,GREEDY_HV
BADLES[M],24,25,27,13,0.27,True,True,"[5, 44, 52, 26, 15, 31, 62, 55]",[],"[5.579509690825974, 44.20767375637922, 52.380749280645645, 26.202559152585835, 15.817163029621529, 31.305143231744307, 62.95467474083402, 55.12263853902396]","[{'INP': 32}, {'CONV': [64, 3]}, ({'CONV': [32, 3]}, {'CONV': [128, 5]}), ({'CONV': [128, 5]}, {'CONV': [128, 3]}, {'POOLMAX': [-1, 2]}), ({'CONV': [256, 3]}, {'CONV': [128, 3]}), ({'CONV': [64, 5]}, {'CONV': [64, 3]}, {'POOLMAX': [-1, 2]}), ({'CONV': [32, 5]}, {'CONV': [256, 5]}), ({'CONV': [64, 5]}, {'CONV': [256, 5]}, {'POOLMAX': [-1, 2]}), ({'CONV': [256, 5]}, {'CONV': [256, 3]}), ({'CONV': [256, 3]}, {'CONV': [256, 5]}, {'POOLMAX': [-1, 2]}), {'GLOBAL_AVG': None}, {'LAST_DENSE': [100, 'softmax']}]",HHSE,NSGA2,,,,,0.7022794244849683,,,,2101920768,7078948,,,,,,"[18, 20, 41, 22, 30, 38, 62, 52]",0.7180375405152567,-0.0005381301880225,0.0,0.0,0.875,0.0,0.13,0,0,0,100,0,0.0,BEST,False,False,228,True,True,GREEDY,,,GREEDY_HV
BADLES[M],24,25,28,13,0.28,True,True,"[5, 44, 52, 26, 15, 31, 62, 55]",[],"[5.579509690825974, 44.20767375637922, 52.380749280645645, 26.202559152585835, 15.817163029621529, 31.305143231744307, 62.95467474083402, 55.12263853902396]","[{'INP': 32}, {'CONV': [64, 3]}, ({'CONV': [32, 3]}, {'CONV': [128, 5]}), ({'CONV': [128, 5]}, {'CONV': [128, 3]}, {'POOLMAX': [-1, 2]}), ({'CONV': [256, 3]}, {'CONV': [128, 3]}), ({'CONV': [64, 5]}, {'CONV': [64, 3]}, {'POOLMAX': [-1, 2]}), ({'CONV': [32, 5]}, {'CONV': [256, 5]}), ({'CONV': [64, 5]}, {'CONV': [256, 5]}, {'POOLMAX': [-1, 2]}), ({'CONV': [256, 5]}, {'CONV': [256, 3]}), ({'CONV': [256, 3]}, {'CONV': [256, 5]}, {'POOLMAX': [-1, 2]}), {'GLOBAL_AVG': None}, {'LAST_DENSE': [100, 'softmax']}]",HHSE,NSGA2,,,,,0.7022794244849683,,,,2101920768,7078948,,,,,,"[18, 20, 41, 22, 30, 38, 62, 52]",0.7184659161890442,0.0003213048657587,0.0,0.0,0.875,0.0,0.13,0,1,0,100,0,0.01,BEST,False,False,228,True,True,GREEDY,,,GREEDY_HV
BADLES[M],24,25,29,13,0.29,True,True,"[5, 44, 52, 26, 15, 31, 62, 55]",[],"[5.579509690825974, 44.20767375637922, 52.380749280645645, 26.202559152585835, 15.817163029621529, 31.305143231744307, 62.95467474083402, 55.12263853902396]","[{'INP': 32}, {'CONV': [64, 3]}, ({'CONV': [32, 3]}, {'CONV': [128, 5]}), ({'CONV': [128, 5]}, {'CONV': [128, 3]}, {'POOLMAX': [-1, 2]}), ({'CONV': [256, 3]}, {'CONV': [128, 3]}), ({'CONV': [64, 5]}, {'CONV': [64, 3]}, {'POOLMAX': [-1, 2]}), ({'CONV': [32, 5]}, {'CONV': [256, 5]}), ({'CONV': [64, 5]}, {'CONV': [256, 5]}, {'POOLMAX': [-1, 2]}), ({'CONV': [256, 5]}, {'CONV': [256, 3]}), ({'CONV': [256, 3]}, {'CONV': [256, 5]}, {'POOLMAX': [-1, 2]}), {'GLOBAL_AVG': None}, {'LAST_DENSE': [100, 'softmax']}]",HHSE,NSGA2,,,,,0.7022794244849683,,,,2101920768,7078948,,,,,,"[18, 20, 41, 22, 30, 38, 62, 52]",0.7181460910101928,-0.0002572812793784,0.0,0.0,0.875,0.0,0.13,0,0,0,100,0,0.0,BEST,False,False,228,True,True,GREEDY,,,GREEDY_HV
BADLES[M],24,25,30,13,0.3,True,True,"[5, 44, 52, 26, 15, 31, 62, 55]",[],"[5.579509690825974, 44.20767375637922, 52.380749280645645, 26.202559152585835, 15.817163029621529, 31.305143231744307, 62.95467474083402, 55.12263853902396]","[{'INP': 32}, {'CONV': [64, 3]}, ({'CONV': [32, 3]}, {'CONV': [128, 5]}), ({'CONV': [128, 5]}, {'CONV': [128, 3]}, {'POOLMAX': [-1, 2]}), ({'CONV': [256, 3]}, {'CONV': [128, 3]}), ({'CONV': [64, 5]}, {'CONV': [64, 3]}, {'POOLMAX': [-1, 2]}), ({'CONV': [32, 5]}, {'CONV': [256, 5]}), ({'CONV': [64, 5]}, {'CONV': [256, 5]}, {'POOLMAX': [-1, 2]}), ({'CONV': [256, 5]}, {'CONV': [256, 3]}), ({'CONV': [256, 3]}, {'CONV': [256, 5]}, {'POOLMAX': [-1, 2]}), {'GLOBAL_AVG': None}, {'LAST_DENSE': [100, 'softmax']}]",HHSE,NSGA2,,,,,0.7022794244849683,,,,2101920768,7078948,,,,,,"[18, 20, 41, 22, 30, 38, 62, 52]",0.7181017923841742,-0.0007556624546378,0.0,0.0,0.875,0.0,0.13,0,0,0,100,0,0.0,BEST,False,False,228,True,True,GREEDY,,,GREEDY_HV
BADLES[M],24,25,31,13,0.31,True,True,"[5, 44, 52, 26, 15, 31, 62, 55]",[],"[5.579509690825974, 44.20767375637922, 52.380749280645645, 26.202559152585835, 15.817163029621529, 31.305143231744307, 62.95467474083402, 55.12263853902396]","[{'INP': 32}, {'CONV': [64, 3]}, ({'CONV': [32, 3]}, {'CONV': [128, 5]}), ({'CONV': [128, 5]}, {'CONV': [128, 3]}, {'POOLMAX': [-1, 2]}), ({'CONV': [256, 3]}, {'CONV': [128, 3]}), ({'CONV': [64, 5]}, {'CONV': [64, 3]}, {'POOLMAX': [-1, 2]}), ({'CONV': [32, 5]}, {'CONV': [256, 5]}), ({'CONV': [64, 5]}, {'CONV': [256, 5]}, {'POOLMAX': [-1, 2]}), ({'CONV': [256, 5]}, {'CONV': [256, 3]}), ({'CONV': [256, 3]}, {'CONV': [256, 5]}, {'POOLMAX': [-1, 2]}), {'GLOBAL_AVG': None}, {'LAST_DENSE': [100, 'softmax']}]",HHSE,NSGA2,,,,,0.7022794244849683,,,,2101920768,7078948,,,,,,"[18, 20, 41, 22, 30, 38, 62, 52]",0.7184246649761793,0.0001022333282175,0.0,0.0,0.875,0.0,0.13,0,0,0,100,0,0.0,BEST,False,False,228,True,True,GREEDY,,,GREEDY_HV
BADLES[M],24,25,32,13,0.32,True,True,"[5, 44, 52, 26, 15, 31, 62, 55]",[],"[5.579509690825974, 44.20767375637922, 52.380749280645645, 26.202559152585835, 15.817163029621529, 31.305143231744307, 62.95467474083402, 55.12263853902396]","[{'INP': 32}, {'CONV': [64, 3]}, ({'CONV': [32, 3]}, {'CONV': [128, 5]}), ({'CONV': [128, 5]}, {'CONV': [128, 3]}, {'POOLMAX': [-1, 2]}), ({'CONV': [256, 3]}, {'CONV': [128, 3]}), ({'CONV': [64, 5]}, {'CONV': [64, 3]}, {'POOLMAX': [-1, 2]}), ({'CONV': [32, 5]}, {'CONV': [256, 5]}), ({'CONV': [64, 5]}, {'CONV': [256, 5]}, {'POOLMAX': [-1, 2]}), ({'CONV': [256, 5]}, {'CONV': [256, 3]}), ({'CONV': [256, 3]}, {'CONV': [256, 5]}, {'POOLMAX': [-1, 2]}), {'GLOBAL_AVG': None}, {'LAST_DENSE': [100, 'softmax']}]",HHSE,NSGA2,,,,,0.7022794244849683,,,,2101920768,7078948,,,,,,"[18, 20, 41, 22, 30, 38, 62, 52]",0.7182408197010223,-0.0002421209135213,0.0,0.0,0.875,0.0,0.13,0,0,0,100,0,0.0,BEST,False,False,228,True,True,GREEDY,,,GREEDY_HV
BADLES[M],24,25,33,13,0.33,True,True,"[5, 44, 52, 26, 15, 31, 62, 55]",[],"[5.579509690825974, 44.20767375637922, 52.380749280645645, 26.202559152585835, 15.817163029621529, 31.305143231744307, 62.95467474083402, 55.12263853902396]","[{'INP': 32}, {'CONV': [64, 3]}, ({'CONV': [32, 3]}, {'CONV': [128, 5]}), ({'CONV': [128, 5]}, {'CONV': [128, 3]}, {'POOLMAX': [-1, 2]}), ({'CONV': [256, 3]}, {'CONV': [128, 3]}), ({'CONV': [64, 5]}, {'CONV': [64, 3]}, {'POOLMAX': [-1, 2]}), ({'CONV': [32, 5]}, {'CONV': [256, 5]}), ({'CONV': [64, 5]}, {'CONV': [256, 5]}, {'POOLMAX': [-1, 2]}), ({'CONV': [256, 5]}, {'CONV': [256, 3]}), ({'CONV': [256, 3]}, {'CONV': [256, 5]}, {'POOLMAX': [-1, 2]}), {'GLOBAL_AVG': None}, {'LAST_DENSE': [100, 'softmax']}]",HHSE,NSGA2,,,,,0.7022794244849683,,,,2101920768,7078948,,,,,,"[18, 20, 41, 22, 30, 38, 62, 52]",0.7181784835522932,-0.0001374278816016,0.0,0.0,0.875,0.0,0.13,0,0,0,100,0,0.0,BEST,False,False,228,True,True,GREEDY,,,GREEDY_HV
BADLES[M],24,25,34,13,0.34,True,True,"[5, 44, 52, 26, 15, 31, 62, 55]",[],"[5.579509690825974, 44.20767375637922, 52.380749280645645, 26.202559152585835, 15.817163029621529, 31.305143231744307, 62.95467474083402, 55.12263853902396]","[{'INP': 32}, {'CONV': [64, 3]}, ({'CONV': [32, 3]}, {'CONV': [128, 5]}), ({'CONV': [128, 5]}, {'CONV': [128, 3]}, {'POOLMAX': [-1, 2]}), ({'CONV': [256, 3]}, {'CONV': [128, 3]}), ({'CONV': [64, 5]}, {'CONV': [64, 3]}, {'POOLMAX': [-1, 2]}), ({'CONV': [32, 5]}, {'CONV': [256, 5]}), ({'CONV': [64, 5]}, {'CONV': [256, 5]}, {'POOLMAX': [-1, 2]}), ({'CONV': [256, 5]}, {'CONV': [256, 3]}), ({'CONV': [256, 3]}, {'CONV': [256, 5]}, {'POOLMAX': [-1, 2]}), {'GLOBAL_AVG': None}, {'LAST_DENSE': [100, 'softmax']}]",HHSE,NSGA2,,,,,0.7022794244849683,,,,2101920768,7078948,,,,,,"[18, 20, 41, 22, 30, 38, 62, 52]",0.7181930067491011,-0.0002086586036578,0.0,0.0,0.875,0.0,0.13,0,0,0,100,0,0.0,BEST,False,False,228,True,True,GREEDY,,,GREEDY_HV
BADLES[M],24,25,35,13,0.35,True,True,"[5, 44, 52, 26, 15, 31, 62, 55]",[],"[5.579509690825974, 44.20767375637922, 52.380749280645645, 26.202559152585835, 15.817163029621529, 31.305143231744307, 62.95467474083402, 55.12263853902396]","[{'INP': 32}, {'CONV': [64, 3]}, ({'CONV': [32, 3]}, {'CONV': [128, 5]}), ({'CONV': [128, 5]}, {'CONV': [128, 3]}, {'POOLMAX': [-1, 2]}), ({'CONV': [256, 3]}, {'CONV': [128, 3]}), ({'CONV': [64, 5]}, {'CONV': [64, 3]}, {'POOLMAX': [-1, 2]}), ({'CONV': [32, 5]}, {'CONV': [256, 5]}), ({'CONV': [64, 5]}, {'CONV': [256, 5]}, {'POOLMAX': [-1, 2]}), ({'CONV': [256, 5]}, {'CONV': [256, 3]}), ({'CONV': [256, 3]}, {'CONV': [256, 5]}, {'POOLMAX': [-1, 2]}), {'GLOBAL_AVG': None}, {'LAST_DENSE': [100, 'softmax']}]",HHSE,NSGA2,,,,,0.7022794244849683,,,,2101920768,7078948,,,,,,"[18, 20, 41, 22, 30, 38, 62, 52]",0.7181931959462766,-0.0002650050190835,0.0,0.0,0.875,0.0,0.13,0,0,0,100,0,0.0,BEST,False,False,228,True,True,GREEDY,,,GREEDY_HV
BADLES[M],24,25,36,13,0.36,True,True,"[5, 44, 52, 26, 15, 31, 62, 55]",[],"[5.579509690825974, 44.20767375637922, 52.380749280645645, 26.202559152585835, 15.817163029621529, 31.305143231744307, 62.95467474083402, 55.12263853902396]","[{'INP': 32}, {'CONV': [64, 3]}, ({'CONV': [32, 3]}, {'CONV': [128, 5]}), ({'CONV': [128, 5]}, {'CONV': [128, 3]}, {'POOLMAX': [-1, 2]}), ({'CONV': [256, 3]}, {'CONV': [128, 3]}), ({'CONV': [64, 5]}, {'CONV': [64, 3]}, {'POOLMAX': [-1, 2]}), ({'CONV': [32, 5]}, {'CONV': [256, 5]}), ({'CONV': [64, 5]}, {'CONV': [256, 5]}, {'POOLMAX': [-1, 2]}), ({'CONV': [256, 5]}, {'CONV': [256, 3]}), ({'CONV': [256, 3]}, {'CONV': [256, 5]}, {'POOLMAX': [-1, 2]}), {'GLOBAL_AVG': None}, {'LAST_DENSE': [100, 'softmax']}]",HHSE,NSGA2,,,,,0.7022794244849683,,,,2101920768,7078948,,,,,,"[18, 20, 41, 22, 30, 38, 62, 52]",0.7182570644379707,-0.0003089358607796,0.0,0.0,0.875,0.0,0.13,0,0,0,100,0,0.0,BEST,False,False,228,True,True,GREEDY,,,GREEDY_HV
BADLES[M],24,25,37,13,0.37,True,True,"[5, 44, 52, 26, 15, 31, 62, 55]",[],"[5.579509690825974, 44.20767375637922, 52.380749280645645, 26.202559152585835, 15.817163029621529, 31.305143231744307, 62.95467474083402, 55.12263853902396]","[{'INP': 32}, {'CONV': [64, 3]}, ({'CONV': [32, 3]}, {'CONV': [128, 5]}), ({'CONV': [128, 5]}, {'CONV': [128, 3]}, {'POOLMAX': [-1, 2]}), ({'CONV': [256, 3]}, {'CONV': [128, 3]}), ({'CONV': [64, 5]}, {'CONV': [64, 3]}, {'POOLMAX': [-1, 2]}), ({'CONV': [32, 5]}, {'CONV': [256, 5]}), ({'CONV': [64, 5]}, {'CONV': [256, 5]}, {'POOLMAX': [-1, 2]}), ({'CONV': [256, 5]}, {'CONV': [256, 3]}), ({'CONV': [256, 3]}, {'CONV': [256, 5]}, {'POOLMAX': [-1, 2]}), {'GLOBAL_AVG': None}, {'LAST_DENSE': [100, 'softmax']}]",HHSE,NSGA2,,,,,0.7022794244849683,,,,2101920768,7078948,,,,,,"[18, 20, 41, 22, 30, 38, 62, 52]",0.7182682888013048,-0.0006598948808713,0.0,0.0,0.875,0.0,0.13,0,0,0,100,0,0.0,BEST,False,False,228,True,True,GREEDY,,,GREEDY_HV
BADLES[M],24,25,38,13,0.38,True,True,"[5, 44, 52, 26, 15, 31, 62, 55]",[],"[5.579509690825974, 44.20767375637922, 52.380749280645645, 26.202559152585835, 15.817163029621529, 31.305143231744307, 62.95467474083402, 55.12263853902396]","[{'INP': 32}, {'CONV': [64, 3]}, ({'CONV': [32, 3]}, {'CONV': [128, 5]}), ({'CONV': [128, 5]}, {'CONV': [128, 3]}, {'POOLMAX': [-1, 2]}), ({'CONV': [256, 3]}, {'CONV': [128, 3]}), ({'CONV': [64, 5]}, {'CONV': [64, 3]}, {'POOLMAX': [-1, 2]}), ({'CONV': [32, 5]}, {'CONV': [256, 5]}), ({'CONV': [64, 5]}, {'CONV': [256, 5]}, {'POOLMAX': [-1, 2]}), ({'CONV': [256, 5]}, {'CONV': [256, 3]}), ({'CONV': [256, 3]}, {'CONV': [256, 5]}, {'POOLMAX': [-1, 2]}), {'GLOBAL_AVG': None}, {'LAST_DENSE': [100, 'softmax']}]",HHSE,NSGA2,,,,,0.7022794244849683,,,,2101920768,7078948,,,,,,"[18, 20, 41, 22, 30, 38, 62, 52]",0.7183695574122817,-0.000721835871617,0.0,0.0,0.875,0.0,0.13,0,0,0,100,0,0.0,BEST,False,False,228,True,True,GREEDY,,,GREEDY_HV
BADLES[M],24,25,39,13,0.39,True,True,"[5, 44, 52, 26, 15, 31, 62, 55]",[],"[5.579509690825974, 44.20767375637922, 52.380749280645645, 26.202559152585835, 15.817163029621529, 31.305143231744307, 62.95467474083402, 55.12263853902396]","[{'INP': 32}, {'CONV': [64, 3]}, ({'CONV': [32, 3]}, {'CONV': [128, 5]}), ({'CONV': [128, 5]}, {'CONV': [128, 3]}, {'POOLMAX': [-1, 2]}), ({'CONV': [256, 3]}, {'CONV': [128, 3]}), ({'CONV': [64, 5]}, {'CONV': [64, 3]}, {'POOLMAX': [-1, 2]}), ({'CONV': [32, 5]}, {'CONV': [256, 5]}), ({'CONV': [64, 5]}, {'CONV': [256, 5]}, {'POOLMAX': [-1, 2]}), ({'CONV': [256, 5]}, {'CONV': [256, 3]}), ({'CONV': [256, 3]}, {'CONV': [256, 5]}, {'POOLMAX': [-1, 2]}), {'GLOBAL_AVG': None}, {'LAST_DENSE': [100, 'softmax']}]",HHSE,NSGA2,,,,,0.7022794244849683,,,,2101920768,7078948,,,,,,"[18, 20, 41, 22, 30, 38, 62, 52]",0.7183559118403049,-0.0002657251451655,0.0,0.0,0.875,0.0,0.13,0,0,0,100,0,0.0,BEST,False,False,228,True,True,GREEDY,,,GREEDY_HV
BADLES[M],24,25,40,13,0.4,True,True,"[5, 44, 52, 26, 15, 31, 62, 55]",[],"[5.579509690825974, 44.20767375637922, 52.380749280645645, 26.202559152585835, 15.817163029621529, 31.305143231744307, 62.95467474083402, 55.12263853902396]","[{'INP': 32}, {'CONV': [64, 3]}, ({'CONV': [32, 3]}, {'CONV': [128, 5]}), ({'CONV': [128, 5]}, {'CONV': [128, 3]}, {'POOLMAX': [-1, 2]}), ({'CONV': [256, 3]}, {'CONV': [128, 3]}), ({'CONV': [64, 5]}, {'CONV': [64, 3]}, {'POOLMAX': [-1, 2]}), ({'CONV': [32, 5]}, {'CONV': [256, 5]}), ({'CONV': [64, 5]}, {'CONV': [256, 5]}, {'POOLMAX': [-1, 2]}), ({'CONV': [256, 5]}, {'CONV': [256, 3]}), ({'CONV': [256, 3]}, {'CONV': [256, 5]}, {'POOLMAX': [-1, 2]}), {'GLOBAL_AVG': None}, {'LAST_DENSE': [100, 'softmax']}]",HHSE,NSGA2,,,,,0.7022794244849683,,,,2101920768,7078948,,,,,,"[18, 20, 41, 22, 30, 38, 62, 52]",0.7183960773832297,-0.0003386294140446,0.0,0.0,0.875,0.0,0.13,0,0,0,100,0,0.0,BEST,False,False,228,True,True,GREEDY,,,GREEDY_HV
BADLES[M],24,25,41,13,0.41,True,True,"[5, 44, 52, 26, 15, 31, 62, 55]",[],"[5.579509690825974, 44.20767375637922, 52.380749280645645, 26.202559152585835, 15.817163029621529, 31.305143231744307, 62.95467474083402, 55.12263853902396]","[{'INP': 32}, {'CONV': [64, 3]}, ({'CONV': [32, 3]}, {'CONV': [128, 5]}), ({'CONV': [128, 5]}, {'CONV': [128, 3]}, {'POOLMAX': [-1, 2]}), ({'CONV': [256, 3]}, {'CONV': [128, 3]}), ({'CONV': [64, 5]}, {'CONV': [64, 3]}, {'POOLMAX': [-1, 2]}), ({'CONV': [32, 5]}, {'CONV': [256, 5]}), ({'CONV': [64, 5]}, {'CONV': [256, 5]}, {'POOLMAX': [-1, 2]}), ({'CONV': [256, 5]}, {'CONV': [256, 3]}), ({'CONV': [256, 3]}, {'CONV': [256, 5]}, {'POOLMAX': [-1, 2]}), {'GLOBAL_AVG': None}, {'LAST_DENSE': [100, 'softmax']}]",HHSE,NSGA2,,,,,0.7022794244849683,,,,2101920768,7078948,,,,,,"[18, 20, 41, 22, 30, 38, 62, 52]",0.7183973221867913,-0.0008554625054203,0.0,0.0,0.875,0.0,0.13,0,0,0,100,0,0.0,BEST,False,False,228,True,True,GREEDY,,,GREEDY_HV
BADLES[M],24,25,42,13,0.42,True,True,"[5, 44, 52, 26, 15, 31, 62, 55]",[],"[5.579509690825974, 44.20767375637922, 52.380749280645645, 26.202559152585835, 15.817163029621529, 31.305143231744307, 62.95467474083402, 55.12263853902396]","[{'INP': 32}, {'CONV': [64, 3]}, ({'CONV': [32, 3]}, {'CONV': [128, 5]}), ({'CONV': [128, 5]}, {'CONV': [128, 3]}, {'POOLMAX': [-1, 2]}), ({'CONV': [256, 3]}, {'CONV': [128, 3]}), ({'CONV': [64, 5]}, {'CONV': [64, 3]}, {'POOLMAX': [-1, 2]}), ({'CONV': [32, 5]}, {'CONV': [256, 5]}), ({'CONV': [64, 5]}, {'CONV': [256, 5]}, {'POOLMAX': [-1, 2]}), ({'CONV': [256, 5]}, {'CONV': [256, 3]}), ({'CONV': [256, 3]}, {'CONV': [256, 5]}, {'POOLMAX': [-1, 2]}), {'GLOBAL_AVG': None}, {'LAST_DENSE': [100, 'softmax']}]",HHSE,NSGA2,,,,,0.7022794244849683,,,,2101920768,7078948,,,,,,"[18, 20, 41, 22, 30, 38, 62, 52]",0.7184576159862057,-0.000623215641324,0.0,0.0,0.875,0.0,0.13,0,0,0,100,0,0.0,BEST,False,False,228,True,True,GREEDY,,,GREEDY_HV
BADLES[M],24,25,43,13,0.43,True,True,"[5, 44, 52, 26, 15, 31, 62, 55]",[],"[5.579509690825974, 44.20767375637922, 52.380749280645645, 26.202559152585835, 15.817163029621529, 31.305143231744307, 62.95467474083402, 55.12263853902396]","[{'INP': 32}, {'CONV': [64, 3]}, ({'CONV': [32, 3]}, {'CONV': [128, 5]}), ({'CONV': [128, 5]}, {'CONV': [128, 3]}, {'POOLMAX': [-1, 2]}), ({'CONV': [256, 3]}, {'CONV': [128, 3]}), ({'CONV': [64, 5]}, {'CONV': [64, 3]}, {'POOLMAX': [-1, 2]}), ({'CONV': [32, 5]}, {'CONV': [256, 5]}), ({'CONV': [64, 5]}, {'CONV': [256, 5]}, {'POOLMAX': [-1, 2]}), ({'CONV': [256, 5]}, {'CONV': [256, 3]}), ({'CONV': [256, 3]}, {'CONV': [256, 5]}, {'POOLMAX': [-1, 2]}), {'GLOBAL_AVG': None}, {'LAST_DENSE': [100, 'softmax']}]",HHSE,NSGA2,,,,,0.7022794244849683,,,,2101920768,7078948,,,,,,"[18, 20, 41, 22, 30, 38, 62, 52]",0.7184423529311127,-0.0001226554298326,0.0,0.0,0.875,0.0,0.13,0,0,0,100,0,0.0,BEST,False,False,228,True,True,GREEDY,,,GREEDY_HV
BADLES[M],24,25,44,13,0.44,True,True,"[5, 44, 52, 26, 15, 31, 62, 55]",[],"[5.579509690825974, 44.20767375637922, 52.380749280645645, 26.202559152585835, 15.817163029621529, 31.305143231744307, 62.95467474083402, 55.12263853902396]","[{'INP': 32}, {'CONV': [64, 3]}, ({'CONV': [32, 3]}, {'CONV': [128, 5]}), ({'CONV': [128, 5]}, {'CONV': [128, 3]}, {'POOLMAX': [-1, 2]}), ({'CONV': [256, 3]}, {'CONV': [128, 3]}), ({'CONV': [64, 5]}, {'CONV': [64, 3]}, {'POOLMAX': [-1, 2]}), ({'CONV': [32, 5]}, {'CONV': [256, 5]}), ({'CONV': [64, 5]}, {'CONV': [256, 5]}, {'POOLMAX': [-1, 2]}), ({'CONV': [256, 5]}, {'CONV': [256, 3]}), ({'CONV': [256, 3]}, {'CONV': [256, 5]}, {'POOLMAX': [-1, 2]}), {'GLOBAL_AVG': None}, {'LAST_DENSE': [100, 'softmax']}]",HHSE,NSGA2,,,,,0.7022794244849683,,,,2101920768,7078948,,,,,,"[18, 20, 41, 22, 30, 38, 62, 52]",0.7190843000904759,-8.803010006552814e-05,0.0,0.0,0.875,0.0,0.13,0,0,0,100,0,0.0,BEST,False,False,228,True,True,GREEDY,,,GREEDY_HV
BADLES[M],24,25,45,13,0.45,True,True,"[5, 44, 52, 26, 15, 31, 62, 55]",[],"[5.579509690825974, 44.20767375637922, 52.380749280645645, 26.202559152585835, 15.817163029621529, 31.305143231744307, 62.95467474083402, 55.12263853902396]","[{'INP': 32}, {'CONV': [64, 3]}, ({'CONV': [32, 3]}, {'CONV': [128, 5]}), ({'CONV': [128, 5]}, {'CONV': [128, 3]}, {'POOLMAX': [-1, 2]}), ({'CONV': [256, 3]}, {'CONV': [128, 3]}), ({'CONV': [64, 5]}, {'CONV': [64, 3]}, {'POOLMAX': [-1, 2]}), ({'CONV': [32, 5]}, {'CONV': [256, 5]}), ({'CONV': [64, 5]}, {'CONV': [256, 5]}, {'POOLMAX': [-1, 2]}), ({'CONV': [256, 5]}, {'CONV': [256, 3]}), ({'CONV': [256, 3]}, {'CONV': [256, 5]}, {'POOLMAX': [-1, 2]}), {'GLOBAL_AVG': None}, {'LAST_DENSE': [100, 'softmax']}]",HHSE,NSGA2,,,,,0.7022794244849683,,,,2101920768,7078948,,,,,,"[18, 20, 41, 22, 30, 38, 62, 52]",0.7190940175940921,-0.0010434369502994,0.0,0.0,0.875,0.0,0.13,0,0,0,100,0,0.0,BEST,False,False,228,True,True,GREEDY,,,GREEDY_HV
BADLES[M],24,25,46,13,0.46,True,True,"[5, 44, 52, 26, 15, 31, 62, 55]",[],"[5.579509690825974, 44.20767375637922, 52.380749280645645, 26.202559152585835, 15.817163029621529, 31.305143231744307, 62.95467474083402, 55.12263853902396]","[{'INP': 32}, {'CONV': [64, 3]}, ({'CONV': [32, 3]}, {'CONV': [128, 5]}), ({'CONV': [128, 5]}, {'CONV': [128, 3]}, {'POOLMAX': [-1, 2]}), ({'CONV': [256, 3]}, {'CONV': [128, 3]}), ({'CONV': [64, 5]}, {'CONV': [64, 3]}, {'POOLMAX': [-1, 2]}), ({'CONV': [32, 5]}, {'CONV': [256, 5]}), ({'CONV': [64, 5]}, {'CONV': [256, 5]}, {'POOLMAX': [-1, 2]}), ({'CONV': [256, 5]}, {'CONV': [256, 3]}), ({'CONV': [256, 3]}, {'CONV': [256, 5]}, {'POOLMAX': [-1, 2]}), {'GLOBAL_AVG': None}, {'LAST_DENSE': [100, 'softmax']}]",HHSE,NSGA2,,,,,0.7022794244849683,,,,2101920768,7078948,,,,,,"[18, 20, 41, 22, 30, 38, 62, 52]",0.7190953552996487,-0.0007822675362965,0.0,0.0,0.875,0.0,0.13,0,0,0,100,0,0.0,BEST,False,False,228,True,True,GREEDY,,,GREEDY_HV
BADLES[M],24,25,47,13,0.47,True,True,"[5, 44, 52, 26, 15, 31, 62, 55]",[],"[5.579509690825974, 44.20767375637922, 52.380749280645645, 26.202559152585835, 15.817163029621529, 31.305143231744307, 62.95467474083402, 55.12263853902396]","[{'INP': 32}, {'CONV': [64, 3]}, ({'CONV': [32, 3]}, {'CONV': [128, 5]}), ({'CONV': [128, 5]}, {'CONV': [128, 3]}, {'POOLMAX': [-1, 2]}), ({'CONV': [256, 3]}, {'CONV': [128, 3]}), ({'CONV': [64, 5]}, {'CONV': [64, 3]}, {'POOLMAX': [-1, 2]}), ({'CONV': [32, 5]}, {'CONV': [256, 5]}), ({'CONV': [64, 5]}, {'CONV': [256, 5]}, {'POOLMAX': [-1, 2]}), ({'CONV': [256, 5]}, {'CONV': [256, 3]}), ({'CONV': [256, 3]}, {'CONV': [256, 5]}, {'POOLMAX': [-1, 2]}), {'GLOBAL_AVG': None}, {'LAST_DENSE': [100, 'softmax']}]",HHSE,NSGA2,,,,,0.7022794244849683,,,,2101920768,7078948,,,,,,"[18, 20, 41, 22, 30, 38, 62, 52]",0.7194013841462612,-0.0005407536017034,0.0,0.0,0.875,0.0,0.13,0,0,0,100,0,0.0,BEST,False,False,228,True,True,GREEDY,,,GREEDY_HV
BADLES[M],24,25,48,13,0.48,True,True,"[5, 44, 52, 26, 15, 31, 62, 55]",[],"[5.579509690825974, 44.20767375637922, 52.380749280645645, 26.202559152585835, 15.817163029621529, 31.305143231744307, 62.95467474083402, 55.12263853902396]","[{'INP': 32}, {'CONV': [64, 3]}, ({'CONV': [32, 3]}, {'CONV': [128, 5]}), ({'CONV': [128, 5]}, {'CONV': [128, 3]}, {'POOLMAX': [-1, 2]}), ({'CONV': [256, 3]}, {'CONV': [128, 3]}), ({'CONV': [64, 5]}, {'CONV': [64, 3]}, {'POOLMAX': [-1, 2]}), ({'CONV': [32, 5]}, {'CONV': [256, 5]}), ({'CONV': [64, 5]}, {'CONV': [256, 5]}, {'POOLMAX': [-1, 2]}), ({'CONV': [256, 5]}, {'CONV': [256, 3]}), ({'CONV': [256, 3]}, {'CONV': [256, 5]}, {'POOLMAX': [-1, 2]}), {'GLOBAL_AVG': None}, {'LAST_DENSE': [100, 'softmax']}]",HHSE,NSGA2,,,,,0.7022794244849683,,,,2101920768,7078948,,,,,,"[18, 20, 41, 22, 30, 38, 62, 52]",0.7194311423578372,-8.847776391984752e-05,0.0,0.0,0.875,0.0,0.13,0,0,0,100,0,0.0,BEST,False,False,228,True,True,GREEDY,,,GREEDY_HV
BADLES[M],24,25,49,13,0.49,True,True,"[5, 44, 52, 26, 15, 31, 62, 55]",[],"[5.579509690825974, 44.20767375637922, 52.380749280645645, 26.202559152585835, 15.817163029621529, 31.305143231744307, 62.95467474083402, 55.12263853902396]","[{'INP': 32}, {'CONV': [64, 3]}, ({'CONV': [32, 3]}, {'CONV': [128, 5]}), ({'CONV': [128, 5]}, {'CONV': [128, 3]}, {'POOLMAX': [-1, 2]}), ({'CONV': [256, 3]}, {'CONV': [128, 3]}), ({'CONV': [64, 5]}, {'CONV': [64, 3]}, {'POOLMAX': [-1, 2]}), ({'CONV': [32, 5]}, {'CONV': [256, 5]}), ({'CONV': [64, 5]}, {'CONV': [256, 5]}, {'POOLMAX': [-1, 2]}), ({'CONV': [256, 5]}, {'CONV': [256, 3]}), ({'CONV': [256, 3]}, {'CONV': [256, 5]}, {'POOLMAX': [-1, 2]}), {'GLOBAL_AVG': None}, {'LAST_DENSE': [100, 'softmax']}]",HHSE,NSGA2,,,,,0.7022794244849683,,,,2101920768,7078948,,,,,,"[18, 20, 41, 22, 30, 38, 62, 52]",0.7194182524921685,-0.0011486709095379,0.0,0.0,0.875,0.0,0.13,0,0,0,100,0,0.0,BEST,False,False,228,True,True,GREEDY,,,GREEDY_HV
BADLES[M],24,25,50,13,0.5,True,True,"[5, 44, 52, 26, 15, 31, 62, 55]",[],"[5.579509690825974, 44.20767375637922, 52.380749280645645, 26.202559152585835, 15.817163029621529, 31.305143231744307, 62.95467474083402, 55.12263853902396]","[{'INP': 32}, {'CONV': [64, 3]}, ({'CONV': [32, 3]}, {'CONV': [128, 5]}), ({'CONV': [128, 5]}, {'CONV': [128, 3]}, {'POOLMAX': [-1, 2]}), ({'CONV': [256, 3]}, {'CONV': [128, 3]}), ({'CONV': [64, 5]}, {'CONV': [64, 3]}, {'POOLMAX': [-1, 2]}), ({'CONV': [32, 5]}, {'CONV': [256, 5]}), ({'CONV': [64, 5]}, {'CONV': [256, 5]}, {'POOLMAX': [-1, 2]}), ({'CONV': [256, 5]}, {'CONV': [256, 3]}), ({'CONV': [256, 3]}, {'CONV': [256, 5]}, {'POOLMAX': [-1, 2]}), {'GLOBAL_AVG': None}, {'LAST_DENSE': [100, 'softmax']}]",HHSE,NSGA2,,,,,0.7022794244849683,,,,2101920768,7078948,,,,,,"[18, 20, 41, 22, 30, 38, 62, 52]",0.7194200102296098,-0.0009324452254113,0.0,0.0,0.875,0.0,0.13,0,0,0,100,0,0.0,BEST,False,False,228,True,True,GREEDY,,,GREEDY_HV
BADLES[M],24,25,51,13,0.51,True,True,"[5, 44, 52, 26, 15, 31, 62, 55]",[],"[5.579509690825974, 44.20767375637922, 52.380749280645645, 26.202559152585835, 15.817163029621529, 31.305143231744307, 62.95467474083402, 55.12263853902396]","[{'INP': 32}, {'CONV': [64, 3]}, ({'CONV': [32, 3]}, {'CONV': [128, 5]}), ({'CONV': [128, 5]}, {'CONV': [128, 3]}, {'POOLMAX': [-1, 2]}), ({'CONV': [256, 3]}, {'CONV': [128, 3]}), ({'CONV': [64, 5]}, {'CONV': [64, 3]}, {'POOLMAX': [-1, 2]}), ({'CONV': [32, 5]}, {'CONV': [256, 5]}), ({'CONV': [64, 5]}, {'CONV': [256, 5]}, {'POOLMAX': [-1, 2]}), ({'CONV': [256, 5]}, {'CONV': [256, 3]}), ({'CONV': [256, 3]}, {'CONV': [256, 5]}, {'POOLMAX': [-1, 2]}), {'GLOBAL_AVG': None}, {'LAST_DENSE': [100, 'softmax']}]",HHSE,NSGA2,,,,,0.7022794244849683,,,,2101920768,7078948,,,,,,"[18, 20, 41, 22, 30, 38, 62, 52]",0.7194378135482862,-0.0007883952882723,0.0,0.0,0.875,0.0,0.13,0,0,0,100,0,0.0,BEST,False,False,228,True,True,GREEDY,,,GREEDY_HV
BADLES[M],24,25,52,13,0.52,True,True,"[5, 44, 52, 26, 15, 31, 62, 55]",[],"[5.579509690825974, 44.20767375637922, 52.380749280645645, 26.202559152585835, 15.817163029621529, 31.305143231744307, 62.95467474083402, 55.12263853902396]","[{'INP': 32}, {'CONV': [64, 3]}, ({'CONV': [32, 3]}, {'CONV': [128, 5]}), ({'CONV': [128, 5]}, {'CONV': [128, 3]}, {'POOLMAX': [-1, 2]}), ({'CONV': [256, 3]}, {'CONV': [128, 3]}), ({'CONV': [64, 5]}, {'CONV': [64, 3]}, {'POOLMAX': [-1, 2]}), ({'CONV': [32, 5]}, {'CONV': [256, 5]}), ({'CONV': [64, 5]}, {'CONV': [256, 5]}, {'POOLMAX': [-1, 2]}), ({'CONV': [256, 5]}, {'CONV': [256, 3]}), ({'CONV': [256, 3]}, {'CONV': [256, 5]}, {'POOLMAX': [-1, 2]}), {'GLOBAL_AVG': None}, {'LAST_DENSE': [100, 'softmax']}]",HHSE,NSGA2,,,,,0.7022794244849683,,,,2101920768,7078948,,,,,,"[18, 20, 41, 22, 30, 38, 62, 52]",0.7195189090839192,-2.2901668304542436e-05,0.0,0.0,0.875,0.0,0.13,0,1,0,100,0,0.01,BEST,False,False,228,True,True,GREEDY,,,GREEDY_HV
BADLES[M],24,25,53,13,0.53,True,True,"[5, 44, 52, 26, 15, 31, 62, 55]",[],"[5.579509690825974, 44.20767375637922, 52.380749280645645, 26.202559152585835, 15.817163029621529, 31.305143231744307, 62.95467474083402, 55.12263853902396]","[{'INP': 32}, {'CONV': [64, 3]}, ({'CONV': [32, 3]}, {'CONV': [128, 5]}), ({'CONV': [128, 5]}, {'CONV': [128, 3]}, {'POOLMAX': [-1, 2]}), ({'CONV': [256, 3]}, {'CONV': [128, 3]}), ({'CONV': [64, 5]}, {'CONV': [64, 3]}, {'POOLMAX': [-1, 2]}), ({'CONV': [32, 5]}, {'CONV': [256, 5]}), ({'CONV': [64, 5]}, {'CONV': [256, 5]}, {'POOLMAX': [-1, 2]}), ({'CONV': [256, 5]}, {'CONV': [256, 3]}), ({'CONV': [256, 3]}, {'CONV': [256, 5]}, {'POOLMAX': [-1, 2]}), {'GLOBAL_AVG': None}, {'LAST_DENSE': [100, 'softmax']}]",HHSE,NSGA2,,,,,0.7022794244849683,,,,2101920768,7078948,,,,,,"[18, 20, 41, 22, 30, 38, 62, 52]",0.7195495198448115,-0.0008012376055723,0.0,0.0,0.875,0.0,0.13,0,1,0,100,0,0.01,BEST,False,False,228,True,True,GREEDY,,,GREEDY_HV
BADLES[M],24,25,54,13,0.54,True,True,"[5, 44, 52, 26, 15, 31, 62, 55]",[],"[5.579509690825974, 44.20767375637922, 52.380749280645645, 26.202559152585835, 15.817163029621529, 31.305143231744307, 62.95467474083402, 55.12263853902396]","[{'INP': 32}, {'CONV': [64, 3]}, ({'CONV': [32, 3]}, {'CONV': [128, 5]}), ({'CONV': [128, 5]}, {'CONV': [128, 3]}, {'POOLMAX': [-1, 2]}), ({'CONV': [256, 3]}, {'CONV': [128, 3]}), ({'CONV': [64, 5]}, {'CONV': [64, 3]}, {'POOLMAX': [-1, 2]}), ({'CONV': [32, 5]}, {'CONV': [256, 5]}), ({'CONV': [64, 5]}, {'CONV': [256, 5]}, {'POOLMAX': [-1, 2]}), ({'CONV': [256, 5]}, {'CONV': [256, 3]}), ({'CONV': [256, 3]}, {'CONV': [256, 5]}, {'POOLMAX': [-1, 2]}), {'GLOBAL_AVG': None}, {'LAST_DENSE': [100, 'softmax']}]",HHSE,NSGA2,,,,,0.7022794244849683,,,,2101920768,7078948,,,,,,"[18, 20, 41, 22, 30, 38, 62, 52]",0.7195145209902676,-0.000783627679155,0.0,0.0,0.875,0.0,0.13,0,0,0,100,0,0.0,BEST,False,False,228,True,True,GREEDY,,,GREEDY_HV
BADLES[M],24,25,55,13,0.55,True,True,"[5, 44, 52, 26, 15, 31, 62, 55]",[],"[5.579509690825974, 44.20767375637922, 52.380749280645645, 26.202559152585835, 15.817163029621529, 31.305143231744307, 62.95467474083402, 55.12263853902396]","[{'INP': 32}, {'CONV': [64, 3]}, ({'CONV': [32, 3]}, {'CONV': [128, 5]}), ({'CONV': [128, 5]}, {'CONV': [128, 3]}, {'POOLMAX': [-1, 2]}), ({'CONV': [256, 3]}, {'CONV': [128, 3]}), ({'CONV': [64, 5]}, {'CONV': [64, 3]}, {'POOLMAX': [-1, 2]}), ({'CONV': [32, 5]}, {'CONV': [256, 5]}), ({'CONV': [64, 5]}, {'CONV': [256, 5]}, {'POOLMAX': [-1, 2]}), ({'CONV': [256, 5]}, {'CONV': [256, 3]}), ({'CONV': [256, 3]}, {'CONV': [256, 5]}, {'POOLMAX': [-1, 2]}), {'GLOBAL_AVG': None}, {'LAST_DENSE': [100, 'softmax']}]",HHSE,NSGA2,,,,,0.7022794244849683,,,,2101920768,7078948,,,,,,"[18, 20, 41, 22, 30, 38, 62, 52]",0.7195636931673044,-0.0003184581273864,0.0,0.0,0.875,0.0,0.13,0,0,0,100,0,0.0,BEST,False,False,228,True,True,GREEDY,,,GREEDY_HV
BADLES[M],24,25,56,13,0.56,True,True,"[5, 44, 52, 26, 15, 31, 62, 55]",[],"[5.579509690825974, 44.20767375637922, 52.380749280645645, 26.202559152585835, 15.817163029621529, 31.305143231744307, 62.95467474083402, 55.12263853902396]","[{'INP': 32}, {'CONV': [64, 3]}, ({'CONV': [32, 3]}, {'CONV': [128, 5]}), ({'CONV': [128, 5]}, {'CONV': [128, 3]}, {'POOLMAX': [-1, 2]}), ({'CONV': [256, 3]}, {'CONV': [128, 3]}), ({'CONV': [64, 5]}, {'CONV': [64, 3]}, {'POOLMAX': [-1, 2]}), ({'CONV': [32, 5]}, {'CONV': [256, 5]}), ({'CONV': [64, 5]}, {'CONV': [256, 5]}, {'POOLMAX': [-1, 2]}), ({'CONV': [256, 5]}, {'CONV': [256, 3]}), ({'CONV': [256, 3]}, {'CONV': [256, 5]}, {'POOLMAX': [-1, 2]}), {'GLOBAL_AVG': None}, {'LAST_DENSE': [100, 'softmax']}]",HHSE,NSGA2,,,,,0.7022794244849683,,,,2101920768,7078948,,,,,,"[18, 20, 41, 22, 30, 38, 62, 52]",0.7195636901327853,-0.0001653740206999,0.0,0.0,0.875,0.0,0.13,0,0,0,100,0,0.0,BEST,False,False,228,True,True,GREEDY,,,GREEDY_HV
BADLES[M],24,25,57,13,0.57,True,True,"[5, 44, 52, 26, 15, 31, 62, 55]",[],"[5.579509690825974, 44.20767375637922, 52.380749280645645, 26.202559152585835, 15.817163029621529, 31.305143231744307, 62.95467474083402, 55.12263853902396]","[{'INP': 32}, {'CONV': [64, 3]}, ({'CONV': [32, 3]}, {'CONV': [128, 5]}), ({'CONV': [128, 5]}, {'CONV': [128, 3]}, {'POOLMAX': [-1, 2]}), ({'CONV': [256, 3]}, {'CONV': [128, 3]}), ({'CONV': [64, 5]}, {'CONV': [64, 3]}, {'POOLMAX': [-1, 2]}), ({'CONV': [32, 5]}, {'CONV': [256, 5]}), ({'CONV': [64, 5]}, {'CONV': [256, 5]}, {'POOLMAX': [-1, 2]}), ({'CONV': [256, 5]}, {'CONV': [256, 3]}), ({'CONV': [256, 3]}, {'CONV': [256, 5]}, {'POOLMAX': [-1, 2]}), {'GLOBAL_AVG': None}, {'LAST_DENSE': [100, 'softmax']}]",HHSE,NSGA2,,,,,0.7022794244849683,,,,2101920768,7078948,,,,,,"[18, 20, 41, 22, 30, 38, 62, 52]",0.7195983599662973,-0.0004057349587476,0.0,0.0,0.875,0.0,0.13,0,0,0,100,0,0.0,BEST,False,False,228,True,True,GREEDY,,,GREEDY_HV
BADLES[M],24,25,58,13,0.58,True,True,"[5, 44, 52, 26, 15, 31, 62, 55]",[],"[5.579509690825974, 44.20767375637922, 52.380749280645645, 26.202559152585835, 15.817163029621529, 31.305143231744307, 62.95467474083402, 55.12263853902396]","[{'INP': 32}, {'CONV': [64, 3]}, ({'CONV': [32, 3]}, {'CONV': [128, 5]}), ({'CONV': [128, 5]}, {'CONV': [128, 3]}, {'POOLMAX': [-1, 2]}), ({'CONV': [256, 3]}, {'CONV': [128, 3]}), ({'CONV': [64, 5]}, {'CONV': [64, 3]}, {'POOLMAX': [-1, 2]}), ({'CONV': [32, 5]}, {'CONV': [256, 5]}), ({'CONV': [64, 5]}, {'CONV': [256, 5]}, {'POOLMAX': [-1, 2]}), ({'CONV': [256, 5]}, {'CONV': [256, 3]}), ({'CONV': [256, 3]}, {'CONV': [256, 5]}, {'POOLMAX': [-1, 2]}), {'GLOBAL_AVG': None}, {'LAST_DENSE': [100, 'softmax']}]",HHSE,NSGA2,,,,,0.7022794244849683,,,,2101920768,7078948,,,,,,"[18, 20, 41, 22, 30, 38, 62, 52]",0.719580702508591,-0.0001433951985883,0.0,0.0,0.875,0.0,0.13,0,0,0,100,0,0.0,BEST,False,False,228,True,True,GREEDY,,,GREEDY_HV
BADLES[M],24,25,59,13,0.59,True,True,"[5, 44, 52, 26, 15, 31, 62, 55]",[],"[5.579509690825974, 44.20767375637922, 52.380749280645645, 26.202559152585835, 15.817163029621529, 31.305143231744307, 62.95467474083402, 55.12263853902396]","[{'INP': 32}, {'CONV': [64, 3]}, ({'CONV': [32, 3]}, {'CONV': [128, 5]}), ({'CONV': [128, 5]}, {'CONV': [128, 3]}, {'POOLMAX': [-1, 2]}), ({'CONV': [256, 3]}, {'CONV': [128, 3]}), ({'CONV': [64, 5]}, {'CONV': [64, 3]}, {'POOLMAX': [-1, 2]}), ({'CONV': [32, 5]}, {'CONV': [256, 5]}), ({'CONV': [64, 5]}, {'CONV': [256, 5]}, {'POOLMAX': [-1, 2]}), ({'CONV': [256, 5]}, {'CONV': [256, 3]}), ({'CONV': [256, 3]}, {'CONV': [256, 5]}, {'POOLMAX': [-1, 2]}), {'GLOBAL_AVG': None}, {'LAST_DENSE': [100, 'softmax']}]",HHSE,NSGA2,,,,,0.7022794244849683,,,,2101920768,7078948,,,,,,"[18, 20, 41, 22, 30, 38, 62, 52]",0.7198696340072557,-0.0004929777981564,0.0,0.0,0.875,0.0,0.13,0,1,0,100,0,0.01,BEST,False,False,228,True,True,GREEDY,,,GREEDY_HV
BADLES[M],24,25,60,13,0.6,True,True,"[5, 44, 52, 26, 15, 31, 62, 55]",[],"[5.579509690825974, 44.20767375637922, 52.380749280645645, 26.202559152585835, 15.817163029621529, 31.305143231744307, 62.95467474083402, 55.12263853902396]","[{'INP': 32}, {'CONV': [64, 3]}, ({'CONV': [32, 3]}, {'CONV': [128, 5]}), ({'CONV': [128, 5]}, {'CONV': [128, 3]}, {'POOLMAX': [-1, 2]}), ({'CONV': [256, 3]}, {'CONV': [128, 3]}), ({'CONV': [64, 5]}, {'CONV': [64, 3]}, {'POOLMAX': [-1, 2]}), ({'CONV': [32, 5]}, {'CONV': [256, 5]}), ({'CONV': [64, 5]}, {'CONV': [256, 5]}, {'POOLMAX': [-1, 2]}), ({'CONV': [256, 5]}, {'CONV': [256, 3]}), ({'CONV': [256, 3]}, {'CONV': [256, 5]}, {'POOLMAX': [-1, 2]}), {'GLOBAL_AVG': None}, {'LAST_DENSE': [100, 'softmax']}]",HHSE,NSGA2,,,,,0.7022794244849683,,,,2101920768,7078948,,,,,,"[18, 20, 41, 22, 30, 38, 62, 52]",0.7204625051210722,-0.0007466808687264,0.0,0.0,0.875,0.0,0.13,0,0,0,100,0,0.0,BEST,False,False,228,True,True,GREEDY,,,GREEDY_HV
BADLES[M],24,25,61,13,0.61,True,True,"[5, 44, 52, 26, 15, 31, 62, 55]",[],"[5.579509690825974, 44.20767375637922, 52.380749280645645, 26.202559152585835, 15.817163029621529, 31.305143231744307, 62.95467474083402, 55.12263853902396]","[{'INP': 32}, {'CONV': [64, 3]}, ({'CONV': [32, 3]}, {'CONV': [128, 5]}), ({'CONV': [128, 5]}, {'CONV': [128, 3]}, {'POOLMAX': [-1, 2]}), ({'CONV': [256, 3]}, {'CONV': [128, 3]}), ({'CONV': [64, 5]}, {'CONV': [64, 3]}, {'POOLMAX': [-1, 2]}), ({'CONV': [32, 5]}, {'CONV': [256, 5]}), ({'CONV': [64, 5]}, {'CONV': [256, 5]}, {'POOLMAX': [-1, 2]}), ({'CONV': [256, 5]}, {'CONV': [256, 3]}), ({'CONV': [256, 3]}, {'CONV': [256, 5]}, {'POOLMAX': [-1, 2]}), {'GLOBAL_AVG': None}, {'LAST_DENSE': [100, 'softmax']}]",HHSE,NSGA2,,,,,0.7022794244849683,,,,2101920768,7078948,,,,,,"[18, 20, 41, 22, 30, 38, 62, 52]",0.7202237834889141,-0.0005711553506833,0.0,0.0,0.875,0.0,0.13,0,0,0,100,0,0.0,BEST,False,False,228,True,True,GREEDY,,,GREEDY_HV
BADLES[M],24,25,62,13,0.62,True,True,"[5, 44, 52, 26, 15, 31, 62, 55]",[],"[5.579509690825974, 44.20767375637922, 52.380749280645645, 26.202559152585835, 15.817163029621529, 31.305143231744307, 62.95467474083402, 55.12263853902396]","[{'INP': 32}, {'CONV': [64, 3]}, ({'CONV': [32, 3]}, {'CONV': [128, 5]}), ({'CONV': [128, 5]}, {'CONV': [128, 3]}, {'POOLMAX': [-1, 2]}), ({'CONV': [256, 3]}, {'CONV': [128, 3]}), ({'CONV': [64, 5]}, {'CONV': [64, 3]}, {'POOLMAX': [-1, 2]}), ({'CONV': [32, 5]}, {'CONV': [256, 5]}), ({'CONV': [64, 5]}, {'CONV': [256, 5]}, {'POOLMAX': [-1, 2]}), ({'CONV': [256, 5]}, {'CONV': [256, 3]}), ({'CONV': [256, 3]}, {'CONV': [256, 5]}, {'POOLMAX': [-1, 2]}), {'GLOBAL_AVG': None}, {'LAST_DENSE': [100, 'softmax']}]",HHSE,NSGA2,,,,,0.7022794244849683,,,,2101920768,7078948,,,,,,"[18, 20, 41, 22, 30, 38, 62, 52]",0.7202563160614928,-0.0009463248780156,0.0,0.0,0.875,0.0,0.13,0,0,0,100,0,0.0,BEST,False,False,228,True,True,GREEDY,,,GREEDY_HV
BADLES[M][M],24,25,63,63,0.63,True,True,"[5, 46, 53, 23, 21, 30, 62, 55]",[],"[5.492527634668071, 46.749184096891604, 53.8619795554773, 23.96838602644933, 21.295526087023216, 30.217750354221558, 62.958244618200304, 55.796124717820796]","[{'INP': 32}, {'CONV': [64, 3]}, ({'CONV': [32, 3]}, {'CONV': [128, 5]}), ({'CONV': [128, 5]}, {'CONV': [256, 3]}, {'POOLMAX': [-1, 2]}), ({'CONV': [256, 3]}, {'CONV': [128, 5]}), ({'CONV': [64, 3]}, {'CONV': [256, 5]}, {'POOLMAX': [-1, 2]}), ({'CONV': [64, 3]}, {'CONV': [128, 5]}), ({'CONV': [64, 5]}, {'CONV': [256, 3]}, {'POOLMAX': [-1, 2]}), ({'CONV': [256, 5]}, {'CONV': [256, 3]}), ({'CONV': [256, 3]}, {'CONV': [256, 5]}, {'POOLMAX': [-1, 2]}), {'GLOBAL_AVG': None}, {'LAST_DENSE': [100, 'softmax']}]",HHSE,NSGA2,,,,,0.7055217087806297,,,,2901216256,7917476,,,,,,"[5, 44, 52, 26, 15, 31, 62, 55]",0.720503264217903,-0.0020868640247349,0.0,0.0,0.625,0.625,0.63,0,0,0,100,0,0.0,BEST,False,False,183,True,True,GREEDY,,,GREEDY_HV
BADLES[M][M],24,25,64,63,0.64,True,True,"[5, 46, 53, 23, 21, 30, 62, 55]",[],"[5.492527634668071, 46.749184096891604, 53.8619795554773, 23.96838602644933, 21.295526087023216, 30.217750354221558, 62.958244618200304, 55.796124717820796]","[{'INP': 32}, {'CONV': [64, 3]}, ({'CONV': [32, 3]}, {'CONV': [128, 5]}), ({'CONV': [128, 5]}, {'CONV': [256, 3]}, {'POOLMAX': [-1, 2]}), ({'CONV': [256, 3]}, {'CONV': [128, 5]}), ({'CONV': [64, 3]}, {'CONV': [256, 5]}, {'POOLMAX': [-1, 2]}), ({'CONV': [64, 3]}, {'CONV': [128, 5]}), ({'CONV': [64, 5]}, {'CONV': [256, 3]}, {'POOLMAX': [-1, 2]}), ({'CONV': [256, 5]}, {'CONV': [256, 3]}), ({'CONV': [256, 3]}, {'CONV': [256, 5]}, {'POOLMAX': [-1, 2]}), {'GLOBAL_AVG': None}, {'LAST_DENSE': [100, 'softmax']}]",HHSE,NSGA2,,,,,0.7055217087806297,,,,2901216256,7917476,,,,,,"[5, 44, 52, 26, 15, 31, 62, 55]",0.7221512030938885,-0.0003125374712096,0.0,0.0,0.625,0.0,0.63,0,0,0,100,0,0.0,BEST,False,False,183,True,True,GREEDY,,,GREEDY_HV
BADLES[M][M],24,25,65,63,0.65,True,True,"[5, 46, 53, 23, 21, 30, 62, 55]",[],"[5.492527634668071, 46.749184096891604, 53.8619795554773, 23.96838602644933, 21.295526087023216, 30.217750354221558, 62.958244618200304, 55.796124717820796]","[{'INP': 32}, {'CONV': [64, 3]}, ({'CONV': [32, 3]}, {'CONV': [128, 5]}), ({'CONV': [128, 5]}, {'CONV': [256, 3]}, {'POOLMAX': [-1, 2]}), ({'CONV': [256, 3]}, {'CONV': [128, 5]}), ({'CONV': [64, 3]}, {'CONV': [256, 5]}, {'POOLMAX': [-1, 2]}), ({'CONV': [64, 3]}, {'CONV': [128, 5]}), ({'CONV': [64, 5]}, {'CONV': [256, 3]}, {'POOLMAX': [-1, 2]}), ({'CONV': [256, 5]}, {'CONV': [256, 3]}), ({'CONV': [256, 3]}, {'CONV': [256, 5]}, {'POOLMAX': [-1, 2]}), {'GLOBAL_AVG': None}, {'LAST_DENSE': [100, 'softmax']}]",HHSE,NSGA2,,,,,0.7055217087806297,,,,2901216256,7917476,,,,,,"[5, 44, 52, 26, 15, 31, 62, 55]",0.7245446271793008,0.0015795726022688,0.0,0.0,0.625,0.0,0.63,0,0,0,100,0,0.0,BEST,False,False,183,True,True,GREEDY,,,GREEDY_HV
BADLES[M][M],24,25,66,63,0.66,True,True,"[5, 46, 53, 23, 21, 30, 62, 55]",[],"[5.492527634668071, 46.749184096891604, 53.8619795554773, 23.96838602644933, 21.295526087023216, 30.217750354221558, 62.958244618200304, 55.796124717820796]","[{'INP': 32}, {'CONV': [64, 3]}, ({'CONV': [32, 3]}, {'CONV': [128, 5]}), ({'CONV': [128, 5]}, {'CONV': [256, 3]}, {'POOLMAX': [-1, 2]}), ({'CONV': [256, 3]}, {'CONV': [128, 5]}), ({'CONV': [64, 3]}, {'CONV': [256, 5]}, {'POOLMAX': [-1, 2]}), ({'CONV': [64, 3]}, {'CONV': [128, 5]}), ({'CONV': [64, 5]}, {'CONV': [256, 3]}, {'POOLMAX': [-1, 2]}), ({'CONV': [256, 5]}, {'CONV': [256, 3]}), ({'CONV': [256, 3]}, {'CONV': [256, 5]}, {'POOLMAX': [-1, 2]}), {'GLOBAL_AVG': None}, {'LAST_DENSE': [100, 'softmax']}]",HHSE,NSGA2,,,,,0.7055217087806297,,,,2901216256,7917476,,,,,,"[5, 44, 52, 26, 15, 31, 62, 55]",0.7222636347624047,-0.000123472671182,0.0,0.0,0.625,0.0,0.63,0,0,0,100,0,0.0,BEST,False,False,183,True,True,GREEDY,,,GREEDY_HV
BADLES[M][M],24,25,67,63,0.67,True,True,"[5, 46, 53, 23, 21, 30, 62, 55]",[],"[5.492527634668071, 46.749184096891604, 53.8619795554773, 23.96838602644933, 21.295526087023216, 30.217750354221558, 62.958244618200304, 55.796124717820796]","[{'INP': 32}, {'CONV': [64, 3]}, ({'CONV': [32, 3]}, {'CONV': [128, 5]}), ({'CONV': [128, 5]}, {'CONV': [256, 3]}, {'POOLMAX': [-1, 2]}), ({'CONV': [256, 3]}, {'CONV': [128, 5]}), ({'CONV': [64, 3]}, {'CONV': [256, 5]}, {'POOLMAX': [-1, 2]}), ({'CONV': [64, 3]}, {'CONV': [128, 5]}), ({'CONV': [64, 5]}, {'CONV': [256, 3]}, {'POOLMAX': [-1, 2]}), ({'CONV': [256, 5]}, {'CONV': [256, 3]}), ({'CONV': [256, 3]}, {'CONV': [256, 5]}, {'POOLMAX': [-1, 2]}), {'GLOBAL_AVG': None}, {'LAST_DENSE': [100, 'softmax']}]",HHSE,NSGA2,,,,,0.7055217087806297,,,,2901216256,7917476,,,,,,"[5, 44, 52, 26, 15, 31, 62, 55]",0.7222710343349508,-5.4741249427281424e-05,0.0,0.0,0.625,0.0,0.63,0,0,0,100,0,0.0,BEST,False,False,183,True,True,GREEDY,,,GREEDY_HV
BADLES[M][M],24,25,68,63,0.68,True,True,"[5, 46, 53, 23, 21, 30, 62, 55]",[],"[5.492527634668071, 46.749184096891604, 53.8619795554773, 23.96838602644933, 21.295526087023216, 30.217750354221558, 62.958244618200304, 55.796124717820796]","[{'INP': 32}, {'CONV': [64, 3]}, ({'CONV': [32, 3]}, {'CONV': [128, 5]}), ({'CONV': [128, 5]}, {'CONV': [256, 3]}, {'POOLMAX': [-1, 2]}), ({'CONV': [256, 3]}, {'CONV': [128, 5]}), ({'CONV': [64, 3]}, {'CONV': [256, 5]}, {'POOLMAX': [-1, 2]}), ({'CONV': [64, 3]}, {'CONV': [128, 5]}), ({'CONV': [64, 5]}, {'CONV': [256, 3]}, {'POOLMAX': [-1, 2]}), ({'CONV': [256, 5]}, {'CONV': [256, 3]}), ({'CONV': [256, 3]}, {'CONV': [256, 5]}, {'POOLMAX': [-1, 2]}), {'GLOBAL_AVG': None}, {'LAST_DENSE': [100, 'softmax']}]",HHSE,NSGA2,,,,,0.7055217087806297,,,,2901216256,7917476,,,,,,"[5, 44, 52, 26, 15, 31, 62, 55]",0.7222459085237877,-0.0002054302976017,0.0,0.0,0.625,0.0,0.63,0,0,0,100,0,0.0,BEST,False,False,183,True,True,GREEDY,,,GREEDY_HV
BADLES[M][M],24,25,69,63,0.69,True,True,"[5, 46, 53, 23, 21, 30, 62, 55]",[],"[5.492527634668071, 46.749184096891604, 53.8619795554773, 23.96838602644933, 21.295526087023216, 30.217750354221558, 62.958244618200304, 55.796124717820796]","[{'INP': 32}, {'CONV': [64, 3]}, ({'CONV': [32, 3]}, {'CONV': [128, 5]}), ({'CONV': [128, 5]}, {'CONV': [256, 3]}, {'POOLMAX': [-1, 2]}), ({'CONV': [256, 3]}, {'CONV': [128, 5]}), ({'CONV': [64, 3]}, {'CONV': [256, 5]}, {'POOLMAX': [-1, 2]}), ({'CONV': [64, 3]}, {'CONV': [128, 5]}), ({'CONV': [64, 5]}, {'CONV': [256, 3]}, {'POOLMAX': [-1, 2]}), ({'CONV': [256, 5]}, {'CONV': [256, 3]}), ({'CONV': [256, 3]}, {'CONV': [256, 5]}, {'POOLMAX': [-1, 2]}), {'GLOBAL_AVG': None}, {'LAST_DENSE': [100, 'softmax']}]",HHSE,NSGA2,,,,,0.7055217087806297,,,,2901216256,7917476,,,,,,"[5, 44, 52, 26, 15, 31, 62, 55]",0.7222588037570682,-6.365972698796352e-05,0.0,0.0,0.625,0.0,0.63,0,0,0,100,0,0.0,BEST,False,False,183,True,True,GREEDY,,,GREEDY_HV
BADLES[M][M],24,25,70,63,0.7,True,True,"[5, 46, 53, 23, 21, 30, 62, 55]",[],"[5.492527634668071, 46.749184096891604, 53.8619795554773, 23.96838602644933, 21.295526087023216, 30.217750354221558, 62.958244618200304, 55.796124717820796]","[{'INP': 32}, {'CONV': [64, 3]}, ({'CONV': [32, 3]}, {'CONV': [128, 5]}), ({'CONV': [128, 5]}, {'CONV': [256, 3]}, {'POOLMAX': [-1, 2]}), ({'CONV': [256, 3]}, {'CONV': [128, 5]}), ({'CONV': [64, 3]}, {'CONV': [256, 5]}, {'POOLMAX': [-1, 2]}), ({'CONV': [64, 3]}, {'CONV': [128, 5]}), ({'CONV': [64, 5]}, {'CONV': [256, 3]}, {'POOLMAX': [-1, 2]}), ({'CONV': [256, 5]}, {'CONV': [256, 3]}), ({'CONV': [256, 3]}, {'CONV': [256, 5]}, {'POOLMAX': [-1, 2]}), {'GLOBAL_AVG': None}, {'LAST_DENSE': [100, 'softmax']}]",HHSE,NSGA2,,,,,0.7055217087806297,,,,2901216256,7917476,,,,,,"[5, 44, 52, 26, 15, 31, 62, 55]",0.7232413217761677,0.0005958239417326,0.0,0.0,0.625,0.0,0.63,0,0,0,100,0,0.0,BEST,False,False,183,True,True,GREEDY,,,GREEDY_HV
BNLPUZ[M],24,25,71,71,0.71,True,True,"[14, 39, 53, 20, 14, 29, 62, 55]",[],"[14.528842703462288, 39.35758843728215, 53.14609765884533, 20.840732491100916, 14.588081259440994, 29.301789549681338, 62.03836909708496, 55.472900616544074]","[{'INP': 32}, {'CONV': [64, 3]}, ({'CONV': [32, 5]}, {'CONV': [256, 3]}), ({'CONV': [128, 3]}, {'CONV': [256, 5]}, {'POOLMAX': [-1, 2]}), ({'CONV': [256, 3]}, {'CONV': [128, 5]}), ({'CONV': [64, 3]}, {'CONV': [128, 3]}, {'POOLMAX': [-1, 2]}), ({'CONV': [32, 5]}, {'CONV': [256, 3]}), ({'CONV': [64, 5]}, {'CONV': [128, 5]}, {'POOLMAX': [-1, 2]}), ({'CONV': [256, 5]}, {'CONV': [256, 3]}), ({'CONV': [256, 3]}, {'CONV': [256, 5]}, {'POOLMAX': [-1, 2]}), {'GLOBAL_AVG': None}, {'LAST_DENSE': [100, 'softmax']}]",HHSE,NSGA2,,,,,0.7059920870189138,,,,3561612288,7261988,,,,,,"[5, 44, 52, 23, 15, 31, 62, 55]",0.7223818249353273,-0.0001098889808673,0.125,0.5,0.75,0.625,0.71,0,0,0,100,0,0.0,BEST,False,False,176,True,True,GREEDY,,,GREEDY_HV
BNLPUZ[M],24,25,72,71,0.72,True,True,"[14, 39, 53, 20, 14, 29, 62, 55]",[],"[14.528842703462288, 39.35758843728215, 53.14609765884533, 20.840732491100916, 14.588081259440994, 29.301789549681338, 62.03836909708496, 55.472900616544074]","[{'INP': 32}, {'CONV': [64, 3]}, ({'CONV': [32, 5]}, {'CONV': [256, 3]}), ({'CONV': [128, 3]}, {'CONV': [256, 5]}, {'POOLMAX': [-1, 2]}), ({'CONV': [256, 3]}, {'CONV': [128, 5]}), ({'CONV': [64, 3]}, {'CONV': [128, 3]}, {'POOLMAX': [-1, 2]}), ({'CONV': [32, 5]}, {'CONV': [256, 3]}), ({'CONV': [64, 5]}, {'CONV': [128, 5]}, {'POOLMAX': [-1, 2]}), ({'CONV': [256, 5]}, {'CONV': [256, 3]}), ({'CONV': [256, 3]}, {'CONV': [256, 5]}, {'POOLMAX': [-1, 2]}), {'GLOBAL_AVG': None}, {'LAST_DENSE': [100, 'softmax']}]",HHSE,NSGA2,,,,,0.7059920870189138,,,,3561612288,7261988,,,,,,"[5, 44, 52, 23, 15, 31, 62, 55]",0.7246203307816182,0.0014793818928863,0.125,0.5,0.75,0.0,0.71,0,0,0,100,0,0.0,BEST,False,False,176,True,True,GREEDY,,,GREEDY_HV
BNLPUZ[M],24,25,73,71,0.73,True,True,"[14, 39, 53, 20, 14, 29, 62, 55]",[],"[14.528842703462288, 39.35758843728215, 53.14609765884533, 20.840732491100916, 14.588081259440994, 29.301789549681338, 62.03836909708496, 55.472900616544074]","[{'INP': 32}, {'CONV': [64, 3]}, ({'CONV': [32, 5]}, {'CONV': [256, 3]}), ({'CONV': [128, 3]}, {'CONV': [256, 5]}, {'POOLMAX': [-1, 2]}), ({'CONV': [256, 3]}, {'CONV': [128, 5]}), ({'CONV': [64, 3]}, {'CONV': [128, 3]}, {'POOLMAX': [-1, 2]}), ({'CONV': [32, 5]}, {'CONV': [256, 3]}), ({'CONV': [64, 5]}, {'CONV': [128, 5]}, {'POOLMAX': [-1, 2]}), ({'CONV': [256, 5]}, {'CONV': [256, 3]}), ({'CONV': [256, 3]}, {'CONV': [256, 5]}, {'POOLMAX': [-1, 2]}), {'GLOBAL_AVG': None}, {'LAST_DENSE': [100, 'softmax']}]",HHSE,NSGA2,,,,,0.7059920870189138,,,,3561612288,7261988,,,,,,"[5, 44, 52, 23, 15, 31, 62, 55]",0.7228039585660258,-0.0012594657479338,0.125,0.5,0.75,0.0,0.71,0,0,0,100,0,0.0,BEST,False,False,176,True,True,GREEDY,,,GREEDY_HV
BNLPUZ[M],24,25,74,71,0.74,True,True,"[14, 39, 53, 20, 14, 29, 62, 55]",[],"[14.528842703462288, 39.35758843728215, 53.14609765884533, 20.840732491100916, 14.588081259440994, 29.301789549681338, 62.03836909708496, 55.472900616544074]","[{'INP': 32}, {'CONV': [64, 3]}, ({'CONV': [32, 5]}, {'CONV': [256, 3]}), ({'CONV': [128, 3]}, {'CONV': [256, 5]}, {'POOLMAX': [-1, 2]}), ({'CONV': [256, 3]}, {'CONV': [128, 5]}), ({'CONV': [64, 3]}, {'CONV': [128, 3]}, {'POOLMAX': [-1, 2]}), ({'CONV': [32, 5]}, {'CONV': [256, 3]}), ({'CONV': [64, 5]}, {'CONV': [128, 5]}, {'POOLMAX': [-1, 2]}), ({'CONV': [256, 5]}, {'CONV': [256, 3]}), ({'CONV': [256, 3]}, {'CONV': [256, 5]}, {'POOLMAX': [-1, 2]}), {'GLOBAL_AVG': None}, {'LAST_DENSE': [100, 'softmax']}]",HHSE,NSGA2,,,,,0.7059920870189138,,,,3561612288,7261988,,,,,,"[5, 44, 52, 23, 15, 31, 62, 55]",0.7229619260699419,-0.0044441573369491,0.125,0.5,0.75,0.0,0.71,0,1,0,100,0,0.01,BEST,False,False,176,True,True,GREEDY,,,GREEDY_HV
BNLPUZ[M],24,25,75,71,0.75,True,True,"[14, 39, 53, 20, 14, 29, 62, 55]",[],"[14.528842703462288, 39.35758843728215, 53.14609765884533, 20.840732491100916, 14.588081259440994, 29.301789549681338, 62.03836909708496, 55.472900616544074]","[{'INP': 32}, {'CONV': [64, 3]}, ({'CONV': [32, 5]}, {'CONV': [256, 3]}), ({'CONV': [128, 3]}, {'CONV': [256, 5]}, {'POOLMAX': [-1, 2]}), ({'CONV': [256, 3]}, {'CONV': [128, 5]}), ({'CONV': [64, 3]}, {'CONV': [128, 3]}, {'POOLMAX': [-1, 2]}), ({'CONV': [32, 5]}, {'CONV': [256, 3]}), ({'CONV': [64, 5]}, {'CONV': [128, 5]}, {'POOLMAX': [-1, 2]}), ({'CONV': [256, 5]}, {'CONV': [256, 3]}), ({'CONV': [256, 3]}, {'CONV': [256, 5]}, {'POOLMAX': [-1, 2]}), {'GLOBAL_AVG': None}, {'LAST_DENSE': [100, 'softmax']}]",HHSE,NSGA2,,,,,0.7059920870189138,,,,3561612288,7261988,,,,,,"[5, 44, 52, 23, 15, 31, 62, 55]",0.7229803099337195,-0.0006574786267745,0.125,0.5,0.75,0.0,0.71,0,1,0,100,0,0.01,BEST,False,False,176,True,True,GREEDY,,,GREEDY_HV
BNLPUZ[M],24,25,76,71,0.76,True,True,"[14, 39, 53, 20, 14, 29, 62, 55]",[],"[14.528842703462288, 39.35758843728215, 53.14609765884533, 20.840732491100916, 14.588081259440994, 29.301789549681338, 62.03836909708496, 55.472900616544074]","[{'INP': 32}, {'CONV': [64, 3]}, ({'CONV': [32, 5]}, {'CONV': [256, 3]}), ({'CONV': [128, 3]}, {'CONV': [256, 5]}, {'POOLMAX': [-1, 2]}), ({'CONV': [256, 3]}, {'CONV': [128, 5]}), ({'CONV': [64, 3]}, {'CONV': [128, 3]}, {'POOLMAX': [-1, 2]}), ({'CONV': [32, 5]}, {'CONV': [256, 3]}), ({'CONV': [64, 5]}, {'CONV': [128, 5]}, {'POOLMAX': [-1, 2]}), ({'CONV': [256, 5]}, {'CONV': [256, 3]}), ({'CONV': [256, 3]}, {'CONV': [256, 5]}, {'POOLMAX': [-1, 2]}), {'GLOBAL_AVG': None}, {'LAST_DENSE': [100, 'softmax']}]",HHSE,NSGA2,,,,,0.7059920870189138,,,,3561612288,7261988,,,,,,"[5, 44, 52, 23, 15, 31, 62, 55]",0.723379690249627,-2.771057797912313e-05,0.125,0.5,0.75,0.0,0.71,0,0,0,100,0,0.0,BEST,False,False,176,True,True,GREEDY,,,GREEDY_HV
BNLPUZ[M],24,25,77,71,0.77,True,True,"[14, 39, 53, 20, 14, 29, 62, 55]",[],"[14.528842703462288, 39.35758843728215, 53.14609765884533, 20.840732491100916, 14.588081259440994, 29.301789549681338, 62.03836909708496, 55.472900616544074]","[{'INP': 32}, {'CONV': [64, 3]}, ({'CONV': [32, 5]}, {'CONV': [256, 3]}), ({'CONV': [128, 3]}, {'CONV': [256, 5]}, {'POOLMAX': [-1, 2]}), ({'CONV': [256, 3]}, {'CONV': [128, 5]}), ({'CONV': [64, 3]}, {'CONV': [128, 3]}, {'POOLMAX': [-1, 2]}), ({'CONV': [32, 5]}, {'CONV': [256, 3]}), ({'CONV': [64, 5]}, {'CONV': [128, 5]}, {'POOLMAX': [-1, 2]}), ({'CONV': [256, 5]}, {'CONV': [256, 3]}), ({'CONV': [256, 3]}, {'CONV': [256, 5]}, {'POOLMAX': [-1, 2]}), {'GLOBAL_AVG': None}, {'LAST_DENSE': [100, 'softmax']}]",HHSE,NSGA2,,,,,0.7059920870189138,,,,3561612288,7261988,,,,,,"[5, 44, 52, 23, 15, 31, 62, 55]",0.7234776092013246,-0.0007534029057038,0.125,0.5,0.75,0.0,0.71,0,1,0,100,0,0.01,BEST,False,False,176,True,True,GREEDY,,,GREEDY_HV
BADLES[M][M][M],24,25,78,78,0.78,True,True,"[5, 43, 54, 23, 22, 30, 62, 55]",[],"[5.437944134240353, 43.76802571556505, 54.36825585931427, 23.632612139289584, 22.87435611278065, 30.50913520442793, 62.960730925290044, 55.82155658706685]","[{'INP': 32}, {'CONV': [64, 3]}, ({'CONV': [32, 3]}, {'CONV': [128, 5]}), ({'CONV': [128, 5]}, {'CONV': [64, 5]}, {'POOLMAX': [-1, 2]}), ({'CONV': [256, 3]}, {'CONV': [256, 3]}), ({'CONV': [64, 3]}, {'CONV': [256, 5]}, {'POOLMAX': [-1, 2]}), ({'CONV': [64, 3]}, {'CONV': [256, 3]}), ({'CONV': [64, 5]}, {'CONV': [256, 3]}, {'POOLMAX': [-1, 2]}), ({'CONV': [256, 5]}, {'CONV': [256, 3]}), ({'CONV': [256, 3]}, {'CONV': [256, 5]}, {'POOLMAX': [-1, 2]}), {'GLOBAL_AVG': None}, {'LAST_DENSE': [100, 'softmax']}]",HHSE,NSGA2,,,,,0.7067560138760809,,,,2427792384,7377060,,,,,,"[5, 46, 53, 23, 21, 30, 62, 55]",0.7235323472019177,-0.0004111220244287,0.0,0.0,0.375,0.75,0.78,0,0,0,100,0,0.0,BEST,False,False,165,True,True,GREEDY,,,GREEDY_HV
BADLES[M][M][M],24,25,79,78,0.79,True,True,"[5, 43, 54, 23, 22, 30, 62, 55]",[],"[5.437944134240353, 43.76802571556505, 54.36825585931427, 23.632612139289584, 22.87435611278065, 30.50913520442793, 62.960730925290044, 55.82155658706685]","[{'INP': 32}, {'CONV': [64, 3]}, ({'CONV': [32, 3]}, {'CONV': [128, 5]}), ({'CONV': [128, 5]}, {'CONV': [64, 5]}, {'POOLMAX': [-1, 2]}), ({'CONV': [256, 3]}, {'CONV': [256, 3]}), ({'CONV': [64, 3]}, {'CONV': [256, 5]}, {'POOLMAX': [-1, 2]}), ({'CONV': [64, 3]}, {'CONV': [256, 3]}), ({'CONV': [64, 5]}, {'CONV': [256, 3]}, {'POOLMAX': [-1, 2]}), ({'CONV': [256, 5]}, {'CONV': [256, 3]}), ({'CONV': [256, 3]}, {'CONV': [256, 5]}, {'POOLMAX': [-1, 2]}), {'GLOBAL_AVG': None}, {'LAST_DENSE': [100, 'softmax']}]",HHSE,NSGA2,,,,,0.7067560138760809,,,,2427792384,7377060,,,,,,"[5, 46, 53, 23, 21, 30, 62, 55]",0.7241865397377522,-0.0022152237357447,0.0,0.0,0.375,0.0,0.78,0,1,0,100,0,0.01,BEST,False,False,165,True,True,GREEDY,,,GREEDY_HV
BADLES[M][M][M],24,25,80,78,0.8,True,True,"[5, 43, 54, 23, 22, 30, 62, 55]",[],"[5.437944134240353, 43.76802571556505, 54.36825585931427, 23.632612139289584, 22.87435611278065, 30.50913520442793, 62.960730925290044, 55.82155658706685]","[{'INP': 32}, {'CONV': [64, 3]}, ({'CONV': [32, 3]}, {'CONV': [128, 5]}), ({'CONV': [128, 5]}, {'CONV': [64, 5]}, {'POOLMAX': [-1, 2]}), ({'CONV': [256, 3]}, {'CONV': [256, 3]}), ({'CONV': [64, 3]}, {'CONV': [256, 5]}, {'POOLMAX': [-1, 2]}), ({'CONV': [64, 3]}, {'CONV': [256, 3]}), ({'CONV': [64, 5]}, {'CONV': [256, 3]}, {'POOLMAX': [-1, 2]}), ({'CONV': [256, 5]}, {'CONV': [256, 3]}), ({'CONV': [256, 3]}, {'CONV': [256, 5]}, {'POOLMAX': [-1, 2]}), {'GLOBAL_AVG': None}, {'LAST_DENSE': [100, 'softmax']}]",HHSE,NSGA2,,,,,0.7067560138760809,,,,2427792384,7377060,,,,,,"[5, 46, 53, 23, 21, 30, 62, 55]",0.7245442441104073,-0.0004889546210697,0.0,0.0,0.375,0.0,0.78,0,0,0,100,0,0.0,BEST,False,False,165,True,True,GREEDY,,,GREEDY_HV
BADLES[M][M][M],24,25,81,78,0.81,True,True,"[5, 43, 54, 23, 22, 30, 62, 55]",[],"[5.437944134240353, 43.76802571556505, 54.36825585931427, 23.632612139289584, 22.87435611278065, 30.50913520442793, 62.960730925290044, 55.82155658706685]","[{'INP': 32}, {'CONV': [64, 3]}, ({'CONV': [32, 3]}, {'CONV': [128, 5]}), ({'CONV': [128, 5]}, {'CONV': [64, 5]}, {'POOLMAX': [-1, 2]}), ({'CONV': [256, 3]}, {'CONV': [256, 3]}), ({'CONV': [64, 3]}, {'CONV': [256, 5]}, {'POOLMAX': [-1, 2]}), ({'CONV': [64, 3]}, {'CONV': [256, 3]}), ({'CONV': [64, 5]}, {'CONV': [256, 3]}, {'POOLMAX': [-1, 2]}), ({'CONV': [256, 5]}, {'CONV': [256, 3]}), ({'CONV': [256, 3]}, {'CONV': [256, 5]}, {'POOLMAX': [-1, 2]}), {'GLOBAL_AVG': None}, {'LAST_DENSE': [100, 'softmax']}]",HHSE,NSGA2,,,,,0.7067560138760809,,,,2427792384,7377060,,,,,,"[5, 46, 53, 23, 21, 30, 62, 55]",0.725215555413959,0.0001456910756705,0.0,0.0,0.375,0.0,0.78,0,2,0,100,0,0.02,BEST,False,False,165,True,True,GREEDY,,,GREEDY_HV
BVTRSD[M],24,25,82,82,0.82,True,True,"[5, 44, 13, 23, 23, 30, 62, 55]",[],"[5.081571264819627, 44.10839707022753, 13.527460632990405, 23.4491742846099, 23.062991401745926, 30.527810491517897, 62.52811600682268, 55.13031499907777]","[{'INP': 32}, {'CONV': [64, 3]}, ({'CONV': [32, 3]}, {'CONV': [128, 5]}), ({'CONV': [128, 5]}, {'CONV': [128, 3]}, {'POOLMAX': [-1, 2]}), ({'CONV': [32, 5]}, {'CONV': [128, 5]}), ({'CONV': [64, 3]}, {'CONV': [256, 5]}, {'POOLMAX': [-1, 2]}), ({'CONV': [64, 3]}, {'CONV': [256, 5]}), ({'CONV': [64, 5]}, {'CONV': [256, 3]}, {'POOLMAX': [-1, 2]}), ({'CONV': [256, 5]}, {'CONV': [256, 3]}), ({'CONV': [256, 3]}, {'CONV': [256, 5]}, {'POOLMAX': [-1, 2]}), {'GLOBAL_AVG': None}, {'LAST_DENSE': [100, 'softmax']}]",HHSE,NSGA2,,,,,0.7087020378512485,,,,2033667072,6974500,,,,,,"[5, 43, 13, 23, 22, 30, 62, 55]",0.7246553011979637,-0.0001896922858033,0.75,0.125,0.25,0.375,0.82,0,0,0,100,0,0.0,BEST,False,False,129,True,True,GREEDY,,,GREEDY_HV
BVTRSD[M],24,25,83,82,0.83,True,True,"[5, 44, 13, 23, 23, 30, 62, 55]",[],"[5.081571264819627, 44.10839707022753, 13.527460632990405, 23.4491742846099, 23.062991401745926, 30.527810491517897, 62.52811600682268, 55.13031499907777]","[{'INP': 32}, {'CONV': [64, 3]}, ({'CONV': [32, 3]}, {'CONV': [128, 5]}), ({'CONV': [128, 5]}, {'CONV': [128, 3]}, {'POOLMAX': [-1, 2]}), ({'CONV': [32, 5]}, {'CONV': [128, 5]}), ({'CONV': [64, 3]}, {'CONV': [256, 5]}, {'POOLMAX': [-1, 2]}), ({'CONV': [64, 3]}, {'CONV': [256, 5]}), ({'CONV': [64, 5]}, {'CONV': [256, 3]}, {'POOLMAX': [-1, 2]}), ({'CONV': [256, 5]}, {'CONV': [256, 3]}), ({'CONV': [256, 3]}, {'CONV': [256, 5]}, {'POOLMAX': [-1, 2]}), {'GLOBAL_AVG': None}, {'LAST_DENSE': [100, 'softmax']}]",HHSE,NSGA2,,,,,0.7087020378512485,,,,2033667072,6974500,,,,,,"[5, 43, 13, 23, 22, 30, 62, 55]",0.7270725145838883,-0.0003229697707487,0.75,0.125,0.25,0.0,0.82,0,2,0,100,0,0.02,BEST,False,False,129,True,True,GREEDY,,,GREEDY_HV
BVTRSD[M],24,25,84,82,0.84,True,True,"[5, 44, 13, 23, 23, 30, 62, 55]",[],"[5.081571264819627, 44.10839707022753, 13.527460632990405, 23.4491742846099, 23.062991401745926, 30.527810491517897, 62.52811600682268, 55.13031499907777]","[{'INP': 32}, {'CONV': [64, 3]}, ({'CONV': [32, 3]}, {'CONV': [128, 5]}), ({'CONV': [128, 5]}, {'CONV': [128, 3]}, {'POOLMAX': [-1, 2]}), ({'CONV': [32, 5]}, {'CONV': [128, 5]}), ({'CONV': [64, 3]}, {'CONV': [256, 5]}, {'POOLMAX': [-1, 2]}), ({'CONV': [64, 3]}, {'CONV': [256, 5]}), ({'CONV': [64, 5]}, {'CONV': [256, 3]}, {'POOLMAX': [-1, 2]}), ({'CONV': [256, 5]}, {'CONV': [256, 3]}), ({'CONV': [256, 3]}, {'CONV': [256, 5]}, {'POOLMAX': [-1, 2]}), {'GLOBAL_AVG': None}, {'LAST_DENSE': [100, 'softmax']}]",HHSE,NSGA2,,,,,0.7087020378512485,,,,2033667072,6974500,,,,,,"[5, 43, 13, 23, 22, 30, 62, 55]",0.7270114002996771,-0.0010941290526348,0.75,0.125,0.25,0.0,0.82,0,0,0,100,0,0.0,BEST,False,False,129,True,True,GREEDY,,,GREEDY_HV
BADLES[M][M][M][M],24,25,85,85,0.85,True,True,"[5, 44, 53, 23, 23, 30, 62, 55]",[],"[5.821584317333457, 44.74000942909295, 53.651290985609975, 23.6842210033234, 23.362886926982473, 30.59873188011795, 62.589322700586, 55.94192098916362]","[{'INP': 32}, {'CONV': [64, 3]}, ({'CONV': [32, 3]}, {'CONV': [128, 5]}), ({'CONV': [128, 5]}, {'CONV': [128, 3]}, {'POOLMAX': [-1, 2]}), ({'CONV': [256, 3]}, {'CONV': [128, 5]}), ({'CONV': [64, 3]}, {'CONV': [256, 5]}, {'POOLMAX': [-1, 2]}), ({'CONV': [64, 3]}, {'CONV': [256, 5]}), ({'CONV': [64, 5]}, {'CONV': [256, 3]}, {'POOLMAX': [-1, 2]}), ({'CONV': [256, 5]}, {'CONV': [256, 3]}), ({'CONV': [256, 3]}, {'CONV': [256, 5]}, {'POOLMAX': [-1, 2]}), {'GLOBAL_AVG': None}, {'LAST_DENSE': [100, 'softmax']}]",HHSE,NSGA2,,,,,0.7100738794249766,,,,2499521536,7884708,,,,,,"[5, 43, 54, 23, 22, 30, 62, 55]",0.7270069909959125,-0.0004452936806674,0.0,0.0,0.375,0.125,0.85,0,1,0,100,0,0.01,BEST,False,False,105,True,True,GREEDY,,,GREEDY_HV
BADLES[M][M][M][M],24,25,86,85,0.86,True,True,"[5, 44, 53, 23, 23, 30, 62, 55]",[],"[5.821584317333457, 44.74000942909295, 53.651290985609975, 23.6842210033234, 23.362886926982473, 30.59873188011795, 62.589322700586, 55.94192098916362]","[{'INP': 32}, {'CONV': [64, 3]}, ({'CONV': [32, 3]}, {'CONV': [128, 5]}), ({'CONV': [128, 5]}, {'CONV': [128, 3]}, {'POOLMAX': [-1, 2]}), ({'CONV': [256, 3]}, {'CONV': [128, 5]}), ({'CONV': [64, 3]}, {'CONV': [256, 5]}, {'POOLMAX': [-1, 2]}), ({'CONV': [64, 3]}, {'CONV': [256, 5]}), ({'CONV': [64, 5]}, {'CONV': [256, 3]}, {'POOLMAX': [-1, 2]}), ({'CONV': [256, 5]}, {'CONV': [256, 3]}), ({'CONV': [256, 3]}, {'CONV': [256, 5]}, {'POOLMAX': [-1, 2]}), {'GLOBAL_AVG': None}, {'LAST_DENSE': [100, 'softmax']}]",HHSE,NSGA2,,,,,0.7100738794249766,,,,2499521536,7884708,,,,,,"[5, 43, 54, 23, 22, 30, 62, 55]",0.7279194471525426,3.6223527134504607e-06,0.0,0.0,0.375,0.0,0.85,0,0,0,100,0,0.0,BEST,False,False,105,True,True,GREEDY,,,GREEDY_HV
BADLES[M][M][M][M],24,25,87,85,0.87,True,True,"[5, 44, 53, 23, 23, 30, 62, 55]",[],"[5.821584317333457, 44.74000942909295, 53.651290985609975, 23.6842210033234, 23.362886926982473, 30.59873188011795, 62.589322700586, 55.94192098916362]","[{'INP': 32}, {'CONV': [64, 3]}, ({'CONV': [32, 3]}, {'CONV': [128, 5]}), ({'CONV': [128, 5]}, {'CONV': [128, 3]}, {'POOLMAX': [-1, 2]}), ({'CONV': [256, 3]}, {'CONV': [128, 5]}), ({'CONV': [64, 3]}, {'CONV': [256, 5]}, {'POOLMAX': [-1, 2]}), ({'CONV': [64, 3]}, {'CONV': [256, 5]}), ({'CONV': [64, 5]}, {'CONV': [256, 3]}, {'POOLMAX': [-1, 2]}), ({'CONV': [256, 5]}, {'CONV': [256, 3]}), ({'CONV': [256, 3]}, {'CONV': [256, 5]}, {'POOLMAX': [-1, 2]}), {'GLOBAL_AVG': None}, {'LAST_DENSE': [100, 'softmax']}]",HHSE,NSGA2,,,,,0.7100738794249766,,,,2499521536,7884708,,,,,,"[5, 43, 54, 23, 22, 30, 62, 55]",0.7284933136957968,-0.000460123537485,0.0,0.0,0.375,0.0,0.85,0,1,0,100,0,0.01,BEST,False,False,105,True,True,GREEDY,,,GREEDY_HV
BADLES[M][M][M][M],24,25,88,85,0.88,True,True,"[5, 44, 53, 23, 23, 30, 62, 55]",[],"[5.821584317333457, 44.74000942909295, 53.651290985609975, 23.6842210033234, 23.362886926982473, 30.59873188011795, 62.589322700586, 55.94192098916362]","[{'INP': 32}, {'CONV': [64, 3]}, ({'CONV': [32, 3]}, {'CONV': [128, 5]}), ({'CONV': [128, 5]}, {'CONV': [128, 3]}, {'POOLMAX': [-1, 2]}), ({'CONV': [256, 3]}, {'CONV': [128, 5]}), ({'CONV': [64, 3]}, {'CONV': [256, 5]}, {'POOLMAX': [-1, 2]}), ({'CONV': [64, 3]}, {'CONV': [256, 5]}), ({'CONV': [64, 5]}, {'CONV': [256, 3]}, {'POOLMAX': [-1, 2]}), ({'CONV': [256, 5]}, {'CONV': [256, 3]}), ({'CONV': [256, 3]}, {'CONV': [256, 5]}, {'POOLMAX': [-1, 2]}), {'GLOBAL_AVG': None}, {'LAST_DENSE': [100, 'softmax']}]",HHSE,NSGA2,,,,,0.7100738794249766,,,,2499521536,7884708,,,,,,"[5, 43, 54, 23, 22, 30, 62, 55]",0.7284314092641618,-0.0002751582716298,0.0,0.0,0.375,0.0,0.85,0,1,0,100,0,0.01,BEST,False,False,105,True,True,GREEDY,,,GREEDY_HV
BADLES[M][M][M][M],24,25,89,85,0.89,True,True,"[5, 44, 53, 23, 23, 30, 62, 55]",[],"[5.821584317333457, 44.74000942909295, 53.651290985609975, 23.6842210033234, 23.362886926982473, 30.59873188011795, 62.589322700586, 55.94192098916362]","[{'INP': 32}, {'CONV': [64, 3]}, ({'CONV': [32, 3]}, {'CONV': [128, 5]}), ({'CONV': [128, 5]}, {'CONV': [128, 3]}, {'POOLMAX': [-1, 2]}), ({'CONV': [256, 3]}, {'CONV': [128, 5]}), ({'CONV': [64, 3]}, {'CONV': [256, 5]}, {'POOLMAX': [-1, 2]}), ({'CONV': [64, 3]}, {'CONV': [256, 5]}), ({'CONV': [64, 5]}, {'CONV': [256, 3]}, {'POOLMAX': [-1, 2]}), ({'CONV': [256, 5]}, {'CONV': [256, 3]}), ({'CONV': [256, 3]}, {'CONV': [256, 5]}, {'POOLMAX': [-1, 2]}), {'GLOBAL_AVG': None}, {'LAST_DENSE': [100, 'softmax']}]",HHSE,NSGA2,,,,,0.7100738794249766,,,,2499521536,7884708,,,,,,"[5, 43, 54, 23, 22, 30, 62, 55]",0.7286288277061215,0.0001568157358244,0.0,0.0,0.375,0.0,0.85,0,2,0,100,0,0.02,BEST,False,False,105,True,True,GREEDY,,,GREEDY_HV
BADLES[M][M][M][M],24,25,90,85,0.9,True,True,"[5, 44, 53, 23, 23, 30, 62, 55]",[],"[5.821584317333457, 44.74000942909295, 53.651290985609975, 23.6842210033234, 23.362886926982473, 30.59873188011795, 62.589322700586, 55.94192098916362]","[{'INP': 32}, {'CONV': [64, 3]}, ({'CONV': [32, 3]}, {'CONV': [128, 5]}), ({'CONV': [128, 5]}, {'CONV': [128, 3]}, {'POOLMAX': [-1, 2]}), ({'CONV': [256, 3]}, {'CONV': [128, 5]}), ({'CONV': [64, 3]}, {'CONV': [256, 5]}, {'POOLMAX': [-1, 2]}), ({'CONV': [64, 3]}, {'CONV': [256, 5]}), ({'CONV': [64, 5]}, {'CONV': [256, 3]}, {'POOLMAX': [-1, 2]}), ({'CONV': [256, 5]}, {'CONV': [256, 3]}), ({'CONV': [256, 3]}, {'CONV': [256, 5]}, {'POOLMAX': [-1, 2]}), {'GLOBAL_AVG': None}, {'LAST_DENSE': [100, 'softmax']}]",HHSE,NSGA2,,,,,0.7100738794249766,,,,2499521536,7884708,,,,,,"[5, 43, 54, 23, 22, 30, 62, 55]",0.7295173317817754,-4.763894796711021e-05,0.0,0.0,0.375,0.0,0.85,0,0,0,100,0,0.0,BEST,False,False,105,True,True,GREEDY,,,GREEDY_HV
BADLES[M][M][M][M],24,25,91,85,0.91,True,True,"[5, 44, 53, 23, 23, 30, 62, 55]",[],"[5.821584317333457, 44.74000942909295, 53.651290985609975, 23.6842210033234, 23.362886926982473, 30.59873188011795, 62.589322700586, 55.94192098916362]","[{'INP': 32}, {'CONV': [64, 3]}, ({'CONV': [32, 3]}, {'CONV': [128, 5]}), ({'CONV': [128, 5]}, {'CONV': [128, 3]}, {'POOLMAX': [-1, 2]}), ({'CONV': [256, 3]}, {'CONV': [128, 5]}), ({'CONV': [64, 3]}, {'CONV': [256, 5]}, {'POOLMAX': [-1, 2]}), ({'CONV': [64, 3]}, {'CONV': [256, 5]}), ({'CONV': [64, 5]}, {'CONV': [256, 3]}, {'POOLMAX': [-1, 2]}), ({'CONV': [256, 5]}, {'CONV': [256, 3]}), ({'CONV': [256, 3]}, {'CONV': [256, 5]}, {'POOLMAX': [-1, 2]}), {'GLOBAL_AVG': None}, {'LAST_DENSE': [100, 'softmax']}]",HHSE,NSGA2,,,,,0.7100738794249766,,,,2499521536,7884708,,,,,,"[5, 43, 54, 23, 22, 30, 62, 55]",0.7296664841891657,-7.591857849564843e-05,0.0,0.0,0.375,0.0,0.85,0,0,0,100,0,0.0,BEST,False,False,105,True,True,GREEDY,,,GREEDY_HV
BADLES[M][M][M][M],24,25,92,85,0.92,True,True,"[5, 44, 53, 23, 23, 30, 62, 55]",[],"[5.821584317333457, 44.74000942909295, 53.651290985609975, 23.6842210033234, 23.362886926982473, 30.59873188011795, 62.589322700586, 55.94192098916362]","[{'INP': 32}, {'CONV': [64, 3]}, ({'CONV': [32, 3]}, {'CONV': [128, 5]}), ({'CONV': [128, 5]}, {'CONV': [128, 3]}, {'POOLMAX': [-1, 2]}), ({'CONV': [256, 3]}, {'CONV': [128, 5]}), ({'CONV': [64, 3]}, {'CONV': [256, 5]}, {'POOLMAX': [-1, 2]}), ({'CONV': [64, 3]}, {'CONV': [256, 5]}), ({'CONV': [64, 5]}, {'CONV': [256, 3]}, {'POOLMAX': [-1, 2]}), ({'CONV': [256, 5]}, {'CONV': [256, 3]}), ({'CONV': [256, 3]}, {'CONV': [256, 5]}, {'POOLMAX': [-1, 2]}), {'GLOBAL_AVG': None}, {'LAST_DENSE': [100, 'softmax']}]",HHSE,NSGA2,,,,,0.7100738794249766,,,,2499521536,7884708,,,,,,"[5, 43, 54, 23, 22, 30, 62, 55]",0.7321524536190667,0.002266627047444,0.0,0.0,0.375,0.0,0.85,0,1,0,100,0,0.01,BEST,False,False,105,True,True,GREEDY,,,GREEDY_HV
BMAIYQ[M],24,25,93,93,0.93,True,True,"[5, 5, 15, 23, 28, 7, 62, 55]",[],"[5.497525025638701, 5.8379128870746495, 15.176189470756526, 23.310159769702313, 28.802667560156337, 7.3232628563426605, 62.67100688205134, 55.422329512519966]","[{'INP': 32}, {'CONV': [64, 3]}, ({'CONV': [32, 3]}, {'CONV': [128, 5]}), ({'CONV': [32, 3]}, {'CONV': [128, 5]}, {'POOLMAX': [-1, 2]}), ({'CONV': [32, 5]}, {'CONV': [256, 5]}), ({'CONV': [64, 3]}, {'CONV': [256, 5]}, {'POOLMAX': [-1, 2]}), ({'CONV': [64, 5]}, {'CONV': [128, 3]}), ({'CONV': [32, 3]}, {'CONV': [256, 5]}, {'POOLMAX': [-1, 2]}), ({'CONV': [256, 5]}, {'CONV': [256, 3]}), ({'CONV': [256, 3]}, {'CONV': [256, 5]}, {'POOLMAX': [-1, 2]}), {'GLOBAL_AVG': None}, {'LAST_DENSE': [100, 'softmax']}]",HHSE,NSGA2,,,,,0.7162177624355213,,,,1218020352,6343204,,,,,,"[5, 5, 14, 23, 28, 6, 62, 55]",0.731621348361173,0.0015695748446095,0.375,0.5,0.25,0.5,0.93,0,0,0,100,0,0.0,BEST,False,False,16,True,True,GREEDY,,,GREEDY_HV
BMAIYQ[M],24,25,94,93,0.94,True,True,"[5, 5, 15, 23, 28, 7, 62, 55]",[],"[5.497525025638701, 5.8379128870746495, 15.176189470756526, 23.310159769702313, 28.802667560156337, 7.3232628563426605, 62.67100688205134, 55.422329512519966]","[{'INP': 32}, {'CONV': [64, 3]}, ({'CONV': [32, 3]}, {'CONV': [128, 5]}), ({'CONV': [32, 3]}, {'CONV': [128, 5]}, {'POOLMAX': [-1, 2]}), ({'CONV': [32, 5]}, {'CONV': [256, 5]}), ({'CONV': [64, 3]}, {'CONV': [256, 5]}, {'POOLMAX': [-1, 2]}), ({'CONV': [64, 5]}, {'CONV': [128, 3]}), ({'CONV': [32, 3]}, {'CONV': [256, 5]}, {'POOLMAX': [-1, 2]}), ({'CONV': [256, 5]}, {'CONV': [256, 3]}), ({'CONV': [256, 3]}, {'CONV': [256, 5]}, {'POOLMAX': [-1, 2]}), {'GLOBAL_AVG': None}, {'LAST_DENSE': [100, 'softmax']}]",HHSE,NSGA2,,,,,0.7162177624355213,,,,1218020352,6343204,,,,,,"[5, 5, 14, 23, 28, 6, 62, 55]",0.7349779574670815,-7.637626429080058e-07,0.375,0.5,0.25,0.0,0.93,0,0,0,100,0,0.0,BEST,False,False,16,True,True,GREEDY,,,GREEDY_HV
BMAIYQ[M],24,25,95,93,0.95,True,True,"[5, 5, 15, 23, 28, 7, 62, 55]",[],"[5.497525025638701, 5.8379128870746495, 15.176189470756526, 23.310159769702313, 28.802667560156337, 7.3232628563426605, 62.67100688205134, 55.422329512519966]","[{'INP': 32}, {'CONV': [64, 3]}, ({'CONV': [32, 3]}, {'CONV': [128, 5]}), ({'CONV': [32, 3]}, {'CONV': [128, 5]}, {'POOLMAX': [-1, 2]}), ({'CONV': [32, 5]}, {'CONV': [256, 5]}), ({'CONV': [64, 3]}, {'CONV': [256, 5]}, {'POOLMAX': [-1, 2]}), ({'CONV': [64, 5]}, {'CONV': [128, 3]}), ({'CONV': [32, 3]}, {'CONV': [256, 5]}, {'POOLMAX': [-1, 2]}), ({'CONV': [256, 5]}, {'CONV': [256, 3]}), ({'CONV': [256, 3]}, {'CONV': [256, 5]}, {'POOLMAX': [-1, 2]}), {'GLOBAL_AVG': None}, {'LAST_DENSE': [100, 'softmax']}]",HHSE,NSGA2,,,,,0.7162177624355213,,,,1218020352,6343204,,,,,,"[5, 5, 14, 23, 28, 6, 62, 55]",0.7351452488955882,-1.3629025914618786e-05,0.375,0.5,0.25,0.0,0.93,0,0,0,100,0,0.0,BEST,False,False,16,True,True,GREEDY,,,GREEDY_HV
BMAIYQ[M],24,25,96,93,0.96,True,True,"[5, 5, 15, 23, 28, 7, 62, 55]",[],"[5.497525025638701, 5.8379128870746495, 15.176189470756526, 23.310159769702313, 28.802667560156337, 7.3232628563426605, 62.67100688205134, 55.422329512519966]","[{'INP': 32}, {'CONV': [64, 3]}, ({'CONV': [32, 3]}, {'CONV': [128, 5]}), ({'CONV': [32, 3]}, {'CONV': [128, 5]}, {'POOLMAX': [-1, 2]}), ({'CONV': [32, 5]}, {'CONV': [256, 5]}), ({'CONV': [64, 3]}, {'CONV': [256, 5]}, {'POOLMAX': [-1, 2]}), ({'CONV': [64, 5]}, {'CONV': [128, 3]}), ({'CONV': [32, 3]}, {'CONV': [256, 5]}, {'POOLMAX': [-1, 2]}), ({'CONV': [256, 5]}, {'CONV': [256, 3]}), ({'CONV': [256, 3]}, {'CONV': [256, 5]}, {'POOLMAX': [-1, 2]}), {'GLOBAL_AVG': None}, {'LAST_DENSE': [100, 'softmax']}]",HHSE,NSGA2,,,,,0.7162177624355213,,,,1218020352,6343204,,,,,,"[5, 5, 14, 23, 28, 6, 62, 55]",0.7353043908899825,-0.0006868614234822,0.375,0.5,0.25,0.0,0.93,0,1,0,100,0,0.01,BEST,False,False,16,True,True,GREEDY,,,GREEDY_HV
BMAIYQ[M],24,25,97,93,0.97,True,True,"[5, 5, 15, 23, 28, 7, 62, 55]",[],"[5.497525025638701, 5.8379128870746495, 15.176189470756526, 23.310159769702313, 28.802667560156337, 7.3232628563426605, 62.67100688205134, 55.422329512519966]","[{'INP': 32}, {'CONV': [64, 3]}, ({'CONV': [32, 3]}, {'CONV': [128, 5]}), ({'CONV': [32, 3]}, {'CONV': [128, 5]}, {'POOLMAX': [-1, 2]}), ({'CONV': [32, 5]}, {'CONV': [256, 5]}), ({'CONV': [64, 3]}, {'CONV': [256, 5]}, {'POOLMAX': [-1, 2]}), ({'CONV': [64, 5]}, {'CONV': [128, 3]}), ({'CONV': [32, 3]}, {'CONV': [256, 5]}, {'POOLMAX': [-1, 2]}), ({'CONV': [256, 5]}, {'CONV': [256, 3]}), ({'CONV': [256, 3]}, {'CONV': [256, 5]}, {'POOLMAX': [-1, 2]}), {'GLOBAL_AVG': None}, {'LAST_DENSE': [100, 'softmax']}]",HHSE,NSGA2,,,,,0.7162177624355213,,,,1218020352,6343204,,,,,,"[5, 5, 14, 23, 28, 6, 62, 55]",0.7359041561662819,8.676132454144003e-06,0.375,0.5,0.25,0.0,0.93,0,0,0,100,0,0.0,BEST,False,False,16,True,True,GREEDY,,,GREEDY_HV
BSBXFO[M],24,25,98,98,0.98,True,True,"[2, 5, 15, 30, 28, 6, 62, 55]",[],"[2.1187708499082802, 5.809146109482984, 15.662014230230863, 30.878642536609426, 28.881945302676286, 6.955691049887366, 62.88135663022929, 55.2027570615237]","[{'INP': 32}, {'CONV': [64, 3]}, ({'CONV': [32, 3]}, {'CONV': [64, 3]}), ({'CONV': [32, 3]}, {'CONV': [128, 5]}, {'POOLMAX': [-1, 2]}), ({'CONV': [32, 5]}, {'CONV': [256, 5]}), ({'CONV': [64, 5]}, {'CONV': [256, 3]}, {'POOLMAX': [-1, 2]}), ({'CONV': [64, 5]}, {'CONV': [128, 3]}), ({'CONV': [32, 3]}, {'CONV': [256, 3]}, {'POOLMAX': [-1, 2]}), ({'CONV': [256, 5]}, {'CONV': [256, 3]}), ({'CONV': [256, 3]}, {'CONV': [256, 5]}, {'POOLMAX': [-1, 2]}), {'GLOBAL_AVG': None}, {'LAST_DENSE': [100, 'softmax']}]",HHSE,NSGA2,,,,,0.7164262125236326,,,,991200256,6109476,,,,,,"[2, 5, 15, 30, 28, 6, 62, 55]",0.7361490367342454,-0.0004247410704973,0.375,0.25,0.0,0.375,0.98,0,0,0,100,0,0.0,BEST,False,False,15,True,True,GREEDY,,,GREEDY_HV
BSBXFO[M],24,25,99,98,0.99,True,True,"[2, 5, 15, 30, 28, 6, 62, 55]",[],"[2.1187708499082802, 5.809146109482984, 15.662014230230863, 30.878642536609426, 28.881945302676286, 6.955691049887366, 62.88135663022929, 55.2027570615237]","[{'INP': 32}, {'CONV': [64, 3]}, ({'CONV': [32, 3]}, {'CONV': [64, 3]}), ({'CONV': [32, 3]}, {'CONV': [128, 5]}, {'POOLMAX': [-1, 2]}), ({'CONV': [32, 5]}, {'CONV': [256, 5]}), ({'CONV': [64, 5]}, {'CONV': [256, 3]}, {'POOLMAX': [-1, 2]}), ({'CONV': [64, 5]}, {'CONV': [128, 3]}), ({'CONV': [32, 3]}, {'CONV': [256, 3]}, {'POOLMAX': [-1, 2]}), ({'CONV': [256, 5]}, {'CONV': [256, 3]}), ({'CONV': [256, 3]}, {'CONV': [256, 5]}, {'POOLMAX': [-1, 2]}), {'GLOBAL_AVG': None}, {'LAST_DENSE': [100, 'softmax']}]",HHSE,NSGA2,,,,,0.7164262125236326,,,,991200256,6109476,,,,,,"[2, 5, 15, 30, 28, 6, 62, 55]",0.7365411247443194,-5.604987641572024e-05,0.375,0.25,0.0,0.0,0.98,0,0,0,100,0,0.0,BEST,False,False,15,True,True,GREEDY,,,GREEDY_HV
BSBXFO[M],24,25,100,98,1.0,True,True,"[2, 5, 15, 30, 28, 6, 62, 55]",[],"[2.1187708499082802, 5.809146109482984, 15.662014230230863, 30.878642536609426, 28.881945302676286, 6.955691049887366, 62.88135663022929, 55.2027570615237]","[{'INP': 32}, {'CONV': [64, 3]}, ({'CONV': [32, 3]}, {'CONV': [64, 3]}), ({'CONV': [32, 3]}, {'CONV': [128, 5]}, {'POOLMAX': [-1, 2]}), ({'CONV': [32, 5]}, {'CONV': [256, 5]}), ({'CONV': [64, 5]}, {'CONV': [256, 3]}, {'POOLMAX': [-1, 2]}), ({'CONV': [64, 5]}, {'CONV': [128, 3]}), ({'CONV': [32, 3]}, {'CONV': [256, 3]}, {'POOLMAX': [-1, 2]}), ({'CONV': [256, 5]}, {'CONV': [256, 3]}), ({'CONV': [256, 3]}, {'CONV': [256, 5]}, {'POOLMAX': [-1, 2]}), {'GLOBAL_AVG': None}, {'LAST_DENSE': [100, 'softmax']}]",HHSE,NSGA2,,,,,0.7164262125236326,,,,991200256,6109476,,,,,,"[2, 5, 15, 30, 28, 6, 62, 55]",0.7366482580989134,-1.3731602884425875e-05,0.375,0.25,0.0,0.0,0.98,0,0,0,100,0,0.0,BEST,False,False,15,True,True,GREEDY,,,GREEDY_HV
BMVJSC[M],25,26,1,1,0.01,True,True,"[11, 11, 29, 55, 55, 47, 15, 39]",[],"[11.540085569374977, 11.525240947896219, 29.419524635952968, 55.24946813398344, 55.00807136224153, 47.26814396798698, 15.848103131251833, 39.84442185287975]","[{'INP': 32}, {'CONV': [64, 3]}, ({'CONV': [32, 5]}, {'CONV': [64, 5]}), ({'CONV': [32, 5]}, {'CONV': [64, 5]}, {'POOLMAX': [-1, 2]}), ({'CONV': [64, 5]}, {'CONV': [128, 5]}), ({'CONV': [256, 3]}, {'CONV': [256, 5]}, {'POOLMAX': [-1, 2]}), ({'CONV': [256, 3]}, {'CONV': [256, 5]}), ({'CONV': [128, 5]}, {'CONV': [256, 5]}, {'POOLMAX': [-1, 2]}), ({'CONV': [32, 5]}, {'CONV': [256, 5]}), ({'CONV': [128, 3]}, {'CONV': [256, 5]}, {'POOLMAX': [-1, 2]}), {'GLOBAL_AVG': None}, {'LAST_DENSE': [100, 'softmax']}]",HHSE,NSGA2,,,,,0.6899946573284232,,,,2117008896,7873188,,,,,,"[35, 2, 38, 28, 41, 34, 46, 34]",0.6686824138047589,0.0,0.0,0.0,1.0,0.0,0.01,0,15,0,100,0,0.15,BEST,False,False,322,True,True,GREEDY,,,GREEDY_HV
BMVJSC[M],25,26,2,1,0.02,True,True,"[11, 11, 29, 55, 55, 47, 15, 39]",[],"[11.540085569374977, 11.525240947896219, 29.419524635952968, 55.24946813398344, 55.00807136224153, 47.26814396798698, 15.848103131251833, 39.84442185287975]","[{'INP': 32}, {'CONV': [64, 3]}, ({'CONV': [32, 5]}, {'CONV': [64, 5]}), ({'CONV': [32, 5]}, {'CONV': [64, 5]}, {'POOLMAX': [-1, 2]}), ({'CONV': [64, 5]}, {'CONV': [128, 5]}), ({'CONV': [256, 3]}, {'CONV': [256, 5]}, {'POOLMAX': [-1, 2]}), ({'CONV': [256, 3]}, {'CONV': [256, 5]}), ({'CONV': [128, 5]}, {'CONV': [256, 5]}, {'POOLMAX': [-1, 2]}), ({'CONV': [32, 5]}, {'CONV': [256, 5]}), ({'CONV': [128, 3]}, {'CONV': [256, 5]}, {'POOLMAX': [-1, 2]}), {'GLOBAL_AVG': None}, {'LAST_DENSE': [100, 'softmax']}]",HHSE,NSGA2,,,,,0.6899946573284232,,,,2117008896,7873188,,,,,,"[35, 2, 38, 28, 41, 34, 46, 34]",0.6789886008577481,-0.004965355077924,0.0,0.0,1.0,0.0,0.01,0,1,0,100,0,0.01,BEST,False,False,322,True,True,GREEDY,,,GREEDY_HV
BMYHQC[M],25,26,3,3,0.03,True,True,"[0, 23, 60, 60, 7, 61, 47, 55]",[],"[0.11737166164170931, 23.11666468756451, 60.72594485090624, 60.013059360196365, 7.100780907987314, 61.76200617081928, 47.14865545852012, 55.02350583571537]","[{'INP': 32}, {'CONV': [64, 3]}, ({'CONV': [32, 3]}, {'CONV': [32, 3]}), ({'CONV': [64, 3]}, {'CONV': [256, 5]}, {'POOLMAX': [-1, 2]}), ({'CONV': [256, 5]}, {'CONV': [128, 3]}), ({'CONV': [256, 5]}, {'CONV': [128, 3]}, {'POOLMAX': [-1, 2]}), ({'CONV': [32, 3]}, {'CONV': [256, 5]}), ({'CONV': [256, 5]}, {'CONV': [128, 5]}, {'POOLMAX': [-1, 2]}), ({'CONV': [128, 5]}, {'CONV': [256, 5]}), ({'CONV': [256, 3]}, {'CONV': [256, 5]}, {'POOLMAX': [-1, 2]}), {'GLOBAL_AVG': None}, {'LAST_DENSE': [100, 'softmax']}]",HHSE,NSGA2,,,,,0.6945818900167292,,,,2958027776,9697956,,,,,,"[0, 23, 55, 55, 55, 52, 46, 47]",0.6991489885999742,-0.0102441345783186,0.75,0.25,0.75,1.0,0.03,0,0,0,100,0,0.0,BEST,False,False,302,True,True,GREEDY,,,GREEDY_HV
BMYHQC[M],25,26,4,3,0.04,True,True,"[0, 23, 60, 60, 7, 61, 47, 55]",[],"[0.11737166164170931, 23.11666468756451, 60.72594485090624, 60.013059360196365, 7.100780907987314, 61.76200617081928, 47.14865545852012, 55.02350583571537]","[{'INP': 32}, {'CONV': [64, 3]}, ({'CONV': [32, 3]}, {'CONV': [32, 3]}), ({'CONV': [64, 3]}, {'CONV': [256, 5]}, {'POOLMAX': [-1, 2]}), ({'CONV': [256, 5]}, {'CONV': [128, 3]}), ({'CONV': [256, 5]}, {'CONV': [128, 3]}, {'POOLMAX': [-1, 2]}), ({'CONV': [32, 3]}, {'CONV': [256, 5]}), ({'CONV': [256, 5]}, {'CONV': [128, 5]}, {'POOLMAX': [-1, 2]}), ({'CONV': [128, 5]}, {'CONV': [256, 5]}), ({'CONV': [256, 3]}, {'CONV': [256, 5]}, {'POOLMAX': [-1, 2]}), {'GLOBAL_AVG': None}, {'LAST_DENSE': [100, 'softmax']}]",HHSE,NSGA2,,,,,0.6945818900167292,,,,2958027776,9697956,,,,,,"[0, 23, 55, 55, 55, 52, 46, 47]",0.7025472161315159,-0.0012318073440108,0.75,0.25,0.75,0.0,0.03,0,0,0,100,0,0.0,BEST,False,False,302,True,True,GREEDY,,,GREEDY_HV
BMYHQC[M],25,26,5,3,0.05,True,True,"[0, 23, 60, 60, 7, 61, 47, 55]",[],"[0.11737166164170931, 23.11666468756451, 60.72594485090624, 60.013059360196365, 7.100780907987314, 61.76200617081928, 47.14865545852012, 55.02350583571537]","[{'INP': 32}, {'CONV': [64, 3]}, ({'CONV': [32, 3]}, {'CONV': [32, 3]}), ({'CONV': [64, 3]}, {'CONV': [256, 5]}, {'POOLMAX': [-1, 2]}), ({'CONV': [256, 5]}, {'CONV': [128, 3]}), ({'CONV': [256, 5]}, {'CONV': [128, 3]}, {'POOLMAX': [-1, 2]}), ({'CONV': [32, 3]}, {'CONV': [256, 5]}), ({'CONV': [256, 5]}, {'CONV': [128, 5]}, {'POOLMAX': [-1, 2]}), ({'CONV': [128, 5]}, {'CONV': [256, 5]}), ({'CONV': [256, 3]}, {'CONV': [256, 5]}, {'POOLMAX': [-1, 2]}), {'GLOBAL_AVG': None}, {'LAST_DENSE': [100, 'softmax']}]",HHSE,NSGA2,,,,,0.6945818900167292,,,,2958027776,9697956,,,,,,"[0, 23, 55, 55, 55, 52, 46, 47]",0.7022277713415302,-0.0065955022897504,0.75,0.25,0.75,0.0,0.03,0,0,0,100,0,0.0,BEST,False,False,302,True,True,GREEDY,,,GREEDY_HV
BMYHQC[M],25,26,6,3,0.06,True,True,"[0, 23, 60, 60, 7, 61, 47, 55]",[],"[0.11737166164170931, 23.11666468756451, 60.72594485090624, 60.013059360196365, 7.100780907987314, 61.76200617081928, 47.14865545852012, 55.02350583571537]","[{'INP': 32}, {'CONV': [64, 3]}, ({'CONV': [32, 3]}, {'CONV': [32, 3]}), ({'CONV': [64, 3]}, {'CONV': [256, 5]}, {'POOLMAX': [-1, 2]}), ({'CONV': [256, 5]}, {'CONV': [128, 3]}), ({'CONV': [256, 5]}, {'CONV': [128, 3]}, {'POOLMAX': [-1, 2]}), ({'CONV': [32, 3]}, {'CONV': [256, 5]}), ({'CONV': [256, 5]}, {'CONV': [128, 5]}, {'POOLMAX': [-1, 2]}), ({'CONV': [128, 5]}, {'CONV': [256, 5]}), ({'CONV': [256, 3]}, {'CONV': [256, 5]}, {'POOLMAX': [-1, 2]}), {'GLOBAL_AVG': None}, {'LAST_DENSE': [100, 'softmax']}]",HHSE,NSGA2,,,,,0.6945818900167292,,,,2958027776,9697956,,,,,,"[0, 23, 55, 55, 55, 52, 46, 47]",0.7024696121851712,-0.001468106016041,0.75,0.25,0.75,0.0,0.03,0,1,0,100,0,0.01,BEST,False,False,302,True,True,GREEDY,,,GREEDY_HV
BZEVZN[M][M][M][M],25,26,7,7,0.07,True,True,"[45, 61, 5, 30, 47, 6, 55, 62]",[],"[45.18696981772412, 61.171325175022815, 5.171397534818778, 30.391297149001062, 47.656109838448785, 6.146193323230099, 55.13524719357105, 62.47837877679867]","[{'INP': 32}, {'CONV': [64, 3]}, ({'CONV': [128, 5]}, {'CONV': [128, 5]}), ({'CONV': [256, 5]}, {'CONV': [128, 5]}, {'POOLMAX': [-1, 2]}), ({'CONV': [32, 3]}, {'CONV': [128, 5]}), ({'CONV': [64, 5]}, {'CONV': [256, 3]}, {'POOLMAX': [-1, 2]}), ({'CONV': [128, 5]}, {'CONV': [256, 5]}), ({'CONV': [32, 3]}, {'CONV': [256, 3]}, {'POOLMAX': [-1, 2]}), ({'CONV': [256, 3]}, {'CONV': [256, 5]}), ({'CONV': [256, 5]}, {'CONV': [256, 3]}, {'POOLMAX': [-1, 2]}), {'GLOBAL_AVG': None}, {'LAST_DENSE': [100, 'softmax']}]",HHSE,NSGA2,,,,,0.6946202267384862,,,,5245563904,9025572,,,,,,"[50, 53, 6, 62, 19, 6, 48, 62]",0.702809637668276,-0.000175775972903,0.0,0.0,0.75,1.0,0.07,0,1,0,100,0,0.01,BEST,False,False,301,True,True,GREEDY,,,GREEDY_HV
BZEVZN[M][M][M][M],25,26,8,7,0.08,True,True,"[45, 61, 5, 30, 47, 6, 55, 62]",[],"[45.18696981772412, 61.171325175022815, 5.171397534818778, 30.391297149001062, 47.656109838448785, 6.146193323230099, 55.13524719357105, 62.47837877679867]","[{'INP': 32}, {'CONV': [64, 3]}, ({'CONV': [128, 5]}, {'CONV': [128, 5]}), ({'CONV': [256, 5]}, {'CONV': [128, 5]}, {'POOLMAX': [-1, 2]}), ({'CONV': [32, 3]}, {'CONV': [128, 5]}), ({'CONV': [64, 5]}, {'CONV': [256, 3]}, {'POOLMAX': [-1, 2]}), ({'CONV': [128, 5]}, {'CONV': [256, 5]}), ({'CONV': [32, 3]}, {'CONV': [256, 3]}, {'POOLMAX': [-1, 2]}), ({'CONV': [256, 3]}, {'CONV': [256, 5]}), ({'CONV': [256, 5]}, {'CONV': [256, 3]}, {'POOLMAX': [-1, 2]}), {'GLOBAL_AVG': None}, {'LAST_DENSE': [100, 'softmax']}]",HHSE,NSGA2,,,,,0.6946202267384862,,,,5245563904,9025572,,,,,,"[50, 53, 6, 62, 19, 6, 48, 62]",0.7151802838071016,0.0064291807940083,0.0,0.0,0.75,0.0,0.07,0,0,0,100,0,0.0,BEST,False,False,301,True,True,GREEDY,,,GREEDY_HV
BZEVZN[M][M][M][M],25,26,9,7,0.09,True,True,"[45, 61, 5, 30, 47, 6, 55, 62]",[],"[45.18696981772412, 61.171325175022815, 5.171397534818778, 30.391297149001062, 47.656109838448785, 6.146193323230099, 55.13524719357105, 62.47837877679867]","[{'INP': 32}, {'CONV': [64, 3]}, ({'CONV': [128, 5]}, {'CONV': [128, 5]}), ({'CONV': [256, 5]}, {'CONV': [128, 5]}, {'POOLMAX': [-1, 2]}), ({'CONV': [32, 3]}, {'CONV': [128, 5]}), ({'CONV': [64, 5]}, {'CONV': [256, 3]}, {'POOLMAX': [-1, 2]}), ({'CONV': [128, 5]}, {'CONV': [256, 5]}), ({'CONV': [32, 3]}, {'CONV': [256, 3]}, {'POOLMAX': [-1, 2]}), ({'CONV': [256, 3]}, {'CONV': [256, 5]}), ({'CONV': [256, 5]}, {'CONV': [256, 3]}, {'POOLMAX': [-1, 2]}), {'GLOBAL_AVG': None}, {'LAST_DENSE': [100, 'softmax']}]",HHSE,NSGA2,,,,,0.6946202267384862,,,,5245563904,9025572,,,,,,"[50, 53, 6, 62, 19, 6, 48, 62]",0.7059455065565468,-0.0008020411446046,0.0,0.0,0.75,0.0,0.07,0,1,0,100,0,0.01,BEST,False,False,301,True,True,GREEDY,,,GREEDY_HV
BZEVZN[M][M][M][M],25,26,10,7,0.1,True,True,"[45, 61, 5, 30, 47, 6, 55, 62]",[],"[45.18696981772412, 61.171325175022815, 5.171397534818778, 30.391297149001062, 47.656109838448785, 6.146193323230099, 55.13524719357105, 62.47837877679867]","[{'INP': 32}, {'CONV': [64, 3]}, ({'CONV': [128, 5]}, {'CONV': [128, 5]}), ({'CONV': [256, 5]}, {'CONV': [128, 5]}, {'POOLMAX': [-1, 2]}), ({'CONV': [32, 3]}, {'CONV': [128, 5]}), ({'CONV': [64, 5]}, {'CONV': [256, 3]}, {'POOLMAX': [-1, 2]}), ({'CONV': [128, 5]}, {'CONV': [256, 5]}), ({'CONV': [32, 3]}, {'CONV': [256, 3]}, {'POOLMAX': [-1, 2]}), ({'CONV': [256, 3]}, {'CONV': [256, 5]}), ({'CONV': [256, 5]}, {'CONV': [256, 3]}, {'POOLMAX': [-1, 2]}), {'GLOBAL_AVG': None}, {'LAST_DENSE': [100, 'softmax']}]",HHSE,NSGA2,,,,,0.6946202267384862,,,,5245563904,9025572,,,,,,"[50, 53, 6, 62, 19, 6, 48, 62]",0.7059201653861922,-0.0043965005808243,0.0,0.0,0.75,0.0,0.07,0,0,0,100,0,0.0,BEST,False,False,301,True,True,GREEDY,,,GREEDY_HV
BZEVZN[M][M][M][M][M],25,26,11,11,0.11,True,True,"[40, 44, 53, 38, 60, 38, 6, 10]",[],"[40.44214288093681, 44.8455313868278, 53.39100174115634, 38.08598654077383, 60.21501707309142, 38.61859029649888, 6.7703483584774915, 10.750530403240461]","[{'INP': 32}, {'CONV': [64, 3]}, ({'CONV': [128, 5]}, {'CONV': [32, 3]}), ({'CONV': [128, 5]}, {'CONV': [128, 3]}, {'POOLMAX': [-1, 2]}), ({'CONV': [256, 3]}, {'CONV': [128, 5]}), ({'CONV': [128, 3]}, {'CONV': [256, 3]}, {'POOLMAX': [-1, 2]}), ({'CONV': [256, 5]}, {'CONV': [128, 3]}), ({'CONV': [128, 3]}, {'CONV': [256, 3]}, {'POOLMAX': [-1, 2]}), ({'CONV': [32, 3]}, {'CONV': [256, 3]}), ({'CONV': [32, 5]}, {'CONV': [64, 3]}, {'POOLMAX': [-1, 2]}), {'GLOBAL_AVG': None}, {'LAST_DENSE': [100, 'softmax']}]",HHSE,NSGA2,,,,,0.6958083415492788,,,,2127624960,4812196,,,,,,"[45, 61, 5, 30, 47, 6, 55, 62]",0.7059864201229447,-0.0014208399014785,0.0,0.0,1.0,1.0,0.11,0,0,0,100,0,0.0,BEST,False,False,293,True,True,GREEDY,,,GREEDY_HV
BZEVZN[M][M][M][M][M],25,26,12,11,0.12,True,True,"[40, 44, 53, 38, 60, 38, 6, 10]",[],"[40.44214288093681, 44.8455313868278, 53.39100174115634, 38.08598654077383, 60.21501707309142, 38.61859029649888, 6.7703483584774915, 10.750530403240461]","[{'INP': 32}, {'CONV': [64, 3]}, ({'CONV': [128, 5]}, {'CONV': [32, 3]}), ({'CONV': [128, 5]}, {'CONV': [128, 3]}, {'POOLMAX': [-1, 2]}), ({'CONV': [256, 3]}, {'CONV': [128, 5]}), ({'CONV': [128, 3]}, {'CONV': [256, 3]}, {'POOLMAX': [-1, 2]}), ({'CONV': [256, 5]}, {'CONV': [128, 3]}), ({'CONV': [128, 3]}, {'CONV': [256, 3]}, {'POOLMAX': [-1, 2]}), ({'CONV': [32, 3]}, {'CONV': [256, 3]}), ({'CONV': [32, 5]}, {'CONV': [64, 3]}, {'POOLMAX': [-1, 2]}), {'GLOBAL_AVG': None}, {'LAST_DENSE': [100, 'softmax']}]",HHSE,NSGA2,,,,,0.6958083415492788,,,,2127624960,4812196,,,,,,"[45, 61, 5, 30, 47, 6, 55, 62]",0.7081920835125386,-0.0023249524640496,0.0,0.0,1.0,0.0,0.11,0,0,0,100,0,0.0,BEST,False,False,293,True,True,GREEDY,,,GREEDY_HV
BZEVZN[M][M][M][M][M],25,26,13,11,0.13,True,True,"[40, 44, 53, 38, 60, 38, 6, 10]",[],"[40.44214288093681, 44.8455313868278, 53.39100174115634, 38.08598654077383, 60.21501707309142, 38.61859029649888, 6.7703483584774915, 10.750530403240461]","[{'INP': 32}, {'CONV': [64, 3]}, ({'CONV': [128, 5]}, {'CONV': [32, 3]}), ({'CONV': [128, 5]}, {'CONV': [128, 3]}, {'POOLMAX': [-1, 2]}), ({'CONV': [256, 3]}, {'CONV': [128, 5]}), ({'CONV': [128, 3]}, {'CONV': [256, 3]}, {'POOLMAX': [-1, 2]}), ({'CONV': [256, 5]}, {'CONV': [128, 3]}), ({'CONV': [128, 3]}, {'CONV': [256, 3]}, {'POOLMAX': [-1, 2]}), ({'CONV': [32, 3]}, {'CONV': [256, 3]}), ({'CONV': [32, 5]}, {'CONV': [64, 3]}, {'POOLMAX': [-1, 2]}), {'GLOBAL_AVG': None}, {'LAST_DENSE': [100, 'softmax']}]",HHSE,NSGA2,,,,,0.6958083415492788,,,,2127624960,4812196,,,,,,"[45, 61, 5, 30, 47, 6, 55, 62]",0.7076360740817323,-0.0025817429422286,0.0,0.0,1.0,0.0,0.11,0,0,0,100,0,0.0,BEST,False,False,293,True,True,GREEDY,,,GREEDY_HV
BZEVZN[M][M][M][M][M],25,26,14,11,0.14,True,True,"[40, 44, 53, 38, 60, 38, 6, 10]",[],"[40.44214288093681, 44.8455313868278, 53.39100174115634, 38.08598654077383, 60.21501707309142, 38.61859029649888, 6.7703483584774915, 10.750530403240461]","[{'INP': 32}, {'CONV': [64, 3]}, ({'CONV': [128, 5]}, {'CONV': [32, 3]}), ({'CONV': [128, 5]}, {'CONV': [128, 3]}, {'POOLMAX': [-1, 2]}), ({'CONV': [256, 3]}, {'CONV': [128, 5]}), ({'CONV': [128, 3]}, {'CONV': [256, 3]}, {'POOLMAX': [-1, 2]}), ({'CONV': [256, 5]}, {'CONV': [128, 3]}), ({'CONV': [128, 3]}, {'CONV': [256, 3]}, {'POOLMAX': [-1, 2]}), ({'CONV': [32, 3]}, {'CONV': [256, 3]}), ({'CONV': [32, 5]}, {'CONV': [64, 3]}, {'POOLMAX': [-1, 2]}), {'GLOBAL_AVG': None}, {'LAST_DENSE': [100, 'softmax']}]",HHSE,NSGA2,,,,,0.6958083415492788,,,,2127624960,4812196,,,,,,"[45, 61, 5, 30, 47, 6, 55, 62]",0.7085679608295159,0.0008471633179381,0.0,0.0,1.0,0.0,0.11,0,0,0,100,0,0.0,BEST,False,False,293,True,True,GREEDY,,,GREEDY_HV
BZEVZN[M][M][M][M][M],25,26,15,11,0.15,True,True,"[40, 44, 53, 38, 60, 38, 6, 10]",[],"[40.44214288093681, 44.8455313868278, 53.39100174115634, 38.08598654077383, 60.21501707309142, 38.61859029649888, 6.7703483584774915, 10.750530403240461]","[{'INP': 32}, {'CONV': [64, 3]}, ({'CONV': [128, 5]}, {'CONV': [32, 3]}), ({'CONV': [128, 5]}, {'CONV': [128, 3]}, {'POOLMAX': [-1, 2]}), ({'CONV': [256, 3]}, {'CONV': [128, 5]}), ({'CONV': [128, 3]}, {'CONV': [256, 3]}, {'POOLMAX': [-1, 2]}), ({'CONV': [256, 5]}, {'CONV': [128, 3]}), ({'CONV': [128, 3]}, {'CONV': [256, 3]}, {'POOLMAX': [-1, 2]}), ({'CONV': [32, 3]}, {'CONV': [256, 3]}), ({'CONV': [32, 5]}, {'CONV': [64, 3]}, {'POOLMAX': [-1, 2]}), {'GLOBAL_AVG': None}, {'LAST_DENSE': [100, 'softmax']}]",HHSE,NSGA2,,,,,0.6958083415492788,,,,2127624960,4812196,,,,,,"[45, 61, 5, 30, 47, 6, 55, 62]",0.7090050808783985,0.0002782858989807,0.0,0.0,1.0,0.0,0.11,0,0,0,100,0,0.0,BEST,False,False,293,True,True,GREEDY,,,GREEDY_HV
BPAYJC[M][M],25,26,16,16,0.16,True,True,"[0, 32, 47, 22, 62, 6, 44, 36]",[],"[0.7500471137169016, 32.03398616329455, 47.58169391973064, 22.732690476454916, 62.936875251582975, 6.332940895413751, 44.883752063927815, 36.58502084189717]","[{'INP': 32}, {'CONV': [64, 3]}, ({'CONV': [32, 3]}, {'CONV': [32, 3]}), ({'CONV': [128, 3]}, {'CONV': [32, 3]}, {'POOLMAX': [-1, 2]}), ({'CONV': [128, 5]}, {'CONV': [256, 5]}), ({'CONV': [64, 3]}, {'CONV': [256, 3]}, {'POOLMAX': [-1, 2]}), ({'CONV': [256, 5]}, {'CONV': [256, 3]}), ({'CONV': [32, 3]}, {'CONV': [256, 3]}, {'POOLMAX': [-1, 2]}), ({'CONV': [128, 5]}, {'CONV': [128, 3]}), ({'CONV': [128, 3]}, {'CONV': [128, 3]}, {'POOLMAX': [-1, 2]}), {'GLOBAL_AVG': None}, {'LAST_DENSE': [100, 'softmax']}]",HHSE,NSGA2,,,,,0.7009272071507626,,,,1181634048,4978980,,,,,,"[0, 62, 44, 28, 62, 6, 10, 55]",0.708682943881245,-0.0003869286858178,0.0,0.0,0.625,1.0,0.16,0,0,0,100,0,0.0,BEST,False,False,240,True,True,GREEDY,,,GREEDY_HV
BPAYJC[M][M],25,26,17,16,0.17,True,True,"[0, 32, 47, 22, 62, 6, 44, 36]",[],"[0.7500471137169016, 32.03398616329455, 47.58169391973064, 22.732690476454916, 62.936875251582975, 6.332940895413751, 44.883752063927815, 36.58502084189717]","[{'INP': 32}, {'CONV': [64, 3]}, ({'CONV': [32, 3]}, {'CONV': [32, 3]}), ({'CONV': [128, 3]}, {'CONV': [32, 3]}, {'POOLMAX': [-1, 2]}), ({'CONV': [128, 5]}, {'CONV': [256, 5]}), ({'CONV': [64, 3]}, {'CONV': [256, 3]}, {'POOLMAX': [-1, 2]}), ({'CONV': [256, 5]}, {'CONV': [256, 3]}), ({'CONV': [32, 3]}, {'CONV': [256, 3]}, {'POOLMAX': [-1, 2]}), ({'CONV': [128, 5]}, {'CONV': [128, 3]}), ({'CONV': [128, 3]}, {'CONV': [128, 3]}, {'POOLMAX': [-1, 2]}), {'GLOBAL_AVG': None}, {'LAST_DENSE': [100, 'softmax']}]",HHSE,NSGA2,,,,,0.7009272071507626,,,,1181634048,4978980,,,,,,"[0, 62, 44, 28, 62, 6, 10, 55]",0.7135691428982444,-0.0010706169983386,0.0,0.0,0.625,0.0,0.16,0,0,0,100,0,0.0,BEST,False,False,240,True,True,GREEDY,,,GREEDY_HV
BPAYJC[M][M],25,26,18,16,0.18,True,True,"[0, 32, 47, 22, 62, 6, 44, 36]",[],"[0.7500471137169016, 32.03398616329455, 47.58169391973064, 22.732690476454916, 62.936875251582975, 6.332940895413751, 44.883752063927815, 36.58502084189717]","[{'INP': 32}, {'CONV': [64, 3]}, ({'CONV': [32, 3]}, {'CONV': [32, 3]}), ({'CONV': [128, 3]}, {'CONV': [32, 3]}, {'POOLMAX': [-1, 2]}), ({'CONV': [128, 5]}, {'CONV': [256, 5]}), ({'CONV': [64, 3]}, {'CONV': [256, 3]}, {'POOLMAX': [-1, 2]}), ({'CONV': [256, 5]}, {'CONV': [256, 3]}), ({'CONV': [32, 3]}, {'CONV': [256, 3]}, {'POOLMAX': [-1, 2]}), ({'CONV': [128, 5]}, {'CONV': [128, 3]}), ({'CONV': [128, 3]}, {'CONV': [128, 3]}, {'POOLMAX': [-1, 2]}), {'GLOBAL_AVG': None}, {'LAST_DENSE': [100, 'softmax']}]",HHSE,NSGA2,,,,,0.7009272071507626,,,,1181634048,4978980,,,,,,"[0, 62, 44, 28, 62, 6, 10, 55]",0.7136183522422451,-0.0003529392619655,0.0,0.0,0.625,0.0,0.16,0,0,0,100,0,0.0,BEST,False,False,240,True,True,GREEDY,,,GREEDY_HV
BPAYJC[M][M],25,26,19,16,0.19,True,True,"[0, 32, 47, 22, 62, 6, 44, 36]",[],"[0.7500471137169016, 32.03398616329455, 47.58169391973064, 22.732690476454916, 62.936875251582975, 6.332940895413751, 44.883752063927815, 36.58502084189717]","[{'INP': 32}, {'CONV': [64, 3]}, ({'CONV': [32, 3]}, {'CONV': [32, 3]}), ({'CONV': [128, 3]}, {'CONV': [32, 3]}, {'POOLMAX': [-1, 2]}), ({'CONV': [128, 5]}, {'CONV': [256, 5]}), ({'CONV': [64, 3]}, {'CONV': [256, 3]}, {'POOLMAX': [-1, 2]}), ({'CONV': [256, 5]}, {'CONV': [256, 3]}), ({'CONV': [32, 3]}, {'CONV': [256, 3]}, {'POOLMAX': [-1, 2]}), ({'CONV': [128, 5]}, {'CONV': [128, 3]}), ({'CONV': [128, 3]}, {'CONV': [128, 3]}, {'POOLMAX': [-1, 2]}), {'GLOBAL_AVG': None}, {'LAST_DENSE': [100, 'softmax']}]",HHSE,NSGA2,,,,,0.7009272071507626,,,,1181634048,4978980,,,,,,"[0, 62, 44, 28, 62, 6, 10, 55]",0.7136912973351754,-0.0001026901543926,0.0,0.0,0.625,0.0,0.16,0,1,0,100,0,0.01,BEST,False,False,240,True,True,GREEDY,,,GREEDY_HV
BPAYJC[M][M],25,26,20,16,0.2,True,True,"[0, 32, 47, 22, 62, 6, 44, 36]",[],"[0.7500471137169016, 32.03398616329455, 47.58169391973064, 22.732690476454916, 62.936875251582975, 6.332940895413751, 44.883752063927815, 36.58502084189717]","[{'INP': 32}, {'CONV': [64, 3]}, ({'CONV': [32, 3]}, {'CONV': [32, 3]}), ({'CONV': [128, 3]}, {'CONV': [32, 3]}, {'POOLMAX': [-1, 2]}), ({'CONV': [128, 5]}, {'CONV': [256, 5]}), ({'CONV': [64, 3]}, {'CONV': [256, 3]}, {'POOLMAX': [-1, 2]}), ({'CONV': [256, 5]}, {'CONV': [256, 3]}), ({'CONV': [32, 3]}, {'CONV': [256, 3]}, {'POOLMAX': [-1, 2]}), ({'CONV': [128, 5]}, {'CONV': [128, 3]}), ({'CONV': [128, 3]}, {'CONV': [128, 3]}, {'POOLMAX': [-1, 2]}), {'GLOBAL_AVG': None}, {'LAST_DENSE': [100, 'softmax']}]",HHSE,NSGA2,,,,,0.7009272071507626,,,,1181634048,4978980,,,,,,"[0, 62, 44, 28, 62, 6, 10, 55]",0.7137201140619931,-7.031640937738004e-05,0.0,0.0,0.625,0.0,0.16,0,0,0,100,0,0.0,BEST,False,False,240,True,True,GREEDY,,,GREEDY_HV
BPAYJC[M][M],25,26,21,16,0.21,True,True,"[0, 32, 47, 22, 62, 6, 44, 36]",[],"[0.7500471137169016, 32.03398616329455, 47.58169391973064, 22.732690476454916, 62.936875251582975, 6.332940895413751, 44.883752063927815, 36.58502084189717]","[{'INP': 32}, {'CONV': [64, 3]}, ({'CONV': [32, 3]}, {'CONV': [32, 3]}), ({'CONV': [128, 3]}, {'CONV': [32, 3]}, {'POOLMAX': [-1, 2]}), ({'CONV': [128, 5]}, {'CONV': [256, 5]}), ({'CONV': [64, 3]}, {'CONV': [256, 3]}, {'POOLMAX': [-1, 2]}), ({'CONV': [256, 5]}, {'CONV': [256, 3]}), ({'CONV': [32, 3]}, {'CONV': [256, 3]}, {'POOLMAX': [-1, 2]}), ({'CONV': [128, 5]}, {'CONV': [128, 3]}), ({'CONV': [128, 3]}, {'CONV': [128, 3]}, {'POOLMAX': [-1, 2]}), {'GLOBAL_AVG': None}, {'LAST_DENSE': [100, 'softmax']}]",HHSE,NSGA2,,,,,0.7009272071507626,,,,1181634048,4978980,,,,,,"[0, 62, 44, 28, 62, 6, 10, 55]",0.7138432794164968,-0.001168035731744,0.0,0.0,0.625,0.0,0.16,0,0,0,100,0,0.0,BEST,False,False,240,True,True,GREEDY,,,GREEDY_HV
BPAYJC[M][M],25,26,22,16,0.22,True,True,"[0, 32, 47, 22, 62, 6, 44, 36]",[],"[0.7500471137169016, 32.03398616329455, 47.58169391973064, 22.732690476454916, 62.936875251582975, 6.332940895413751, 44.883752063927815, 36.58502084189717]","[{'INP': 32}, {'CONV': [64, 3]}, ({'CONV': [32, 3]}, {'CONV': [32, 3]}), ({'CONV': [128, 3]}, {'CONV': [32, 3]}, {'POOLMAX': [-1, 2]}), ({'CONV': [128, 5]}, {'CONV': [256, 5]}), ({'CONV': [64, 3]}, {'CONV': [256, 3]}, {'POOLMAX': [-1, 2]}), ({'CONV': [256, 5]}, {'CONV': [256, 3]}), ({'CONV': [32, 3]}, {'CONV': [256, 3]}, {'POOLMAX': [-1, 2]}), ({'CONV': [128, 5]}, {'CONV': [128, 3]}), ({'CONV': [128, 3]}, {'CONV': [128, 3]}, {'POOLMAX': [-1, 2]}), {'GLOBAL_AVG': None}, {'LAST_DENSE': [100, 'softmax']}]",HHSE,NSGA2,,,,,0.7009272071507626,,,,1181634048,4978980,,,,,,"[0, 62, 44, 28, 62, 6, 10, 55]",0.7142784095561368,-0.0027334705132331,0.0,0.0,0.625,0.0,0.16,0,0,0,100,0,0.0,BEST,False,False,240,True,True,GREEDY,,,GREEDY_HV
BPAYJC[M][M],25,26,23,16,0.23,True,True,"[0, 32, 47, 22, 62, 6, 44, 36]",[],"[0.7500471137169016, 32.03398616329455, 47.58169391973064, 22.732690476454916, 62.936875251582975, 6.332940895413751, 44.883752063927815, 36.58502084189717]","[{'INP': 32}, {'CONV': [64, 3]}, ({'CONV': [32, 3]}, {'CONV': [32, 3]}), ({'CONV': [128, 3]}, {'CONV': [32, 3]}, {'POOLMAX': [-1, 2]}), ({'CONV': [128, 5]}, {'CONV': [256, 5]}), ({'CONV': [64, 3]}, {'CONV': [256, 3]}, {'POOLMAX': [-1, 2]}), ({'CONV': [256, 5]}, {'CONV': [256, 3]}), ({'CONV': [32, 3]}, {'CONV': [256, 3]}, {'POOLMAX': [-1, 2]}), ({'CONV': [128, 5]}, {'CONV': [128, 3]}), ({'CONV': [128, 3]}, {'CONV': [128, 3]}, {'POOLMAX': [-1, 2]}), {'GLOBAL_AVG': None}, {'LAST_DENSE': [100, 'softmax']}]",HHSE,NSGA2,,,,,0.7009272071507626,,,,1181634048,4978980,,,,,,"[0, 62, 44, 28, 62, 6, 10, 55]",0.7145976717831506,-0.0016867648733112,0.0,0.0,0.625,0.0,0.16,0,0,0,100,0,0.0,BEST,False,False,240,True,True,GREEDY,,,GREEDY_HV
BPAYJC[M][M],25,26,24,16,0.24,True,True,"[0, 32, 47, 22, 62, 6, 44, 36]",[],"[0.7500471137169016, 32.03398616329455, 47.58169391973064, 22.732690476454916, 62.936875251582975, 6.332940895413751, 44.883752063927815, 36.58502084189717]","[{'INP': 32}, {'CONV': [64, 3]}, ({'CONV': [32, 3]}, {'CONV': [32, 3]}), ({'CONV': [128, 3]}, {'CONV': [32, 3]}, {'POOLMAX': [-1, 2]}), ({'CONV': [128, 5]}, {'CONV': [256, 5]}), ({'CONV': [64, 3]}, {'CONV': [256, 3]}, {'POOLMAX': [-1, 2]}), ({'CONV': [256, 5]}, {'CONV': [256, 3]}), ({'CONV': [32, 3]}, {'CONV': [256, 3]}, {'POOLMAX': [-1, 2]}), ({'CONV': [128, 5]}, {'CONV': [128, 3]}), ({'CONV': [128, 3]}, {'CONV': [128, 3]}, {'POOLMAX': [-1, 2]}), {'GLOBAL_AVG': None}, {'LAST_DENSE': [100, 'softmax']}]",HHSE,NSGA2,,,,,0.7009272071507626,,,,1181634048,4978980,,,,,,"[0, 62, 44, 28, 62, 6, 10, 55]",0.7144928481915782,-0.0007531056756431,0.0,0.0,0.625,0.0,0.16,0,1,0,100,0,0.01,BEST,False,False,240,True,True,GREEDY,,,GREEDY_HV
BPAYJC[M][M],25,26,25,16,0.25,True,True,"[0, 32, 47, 22, 62, 6, 44, 36]",[],"[0.7500471137169016, 32.03398616329455, 47.58169391973064, 22.732690476454916, 62.936875251582975, 6.332940895413751, 44.883752063927815, 36.58502084189717]","[{'INP': 32}, {'CONV': [64, 3]}, ({'CONV': [32, 3]}, {'CONV': [32, 3]}), ({'CONV': [128, 3]}, {'CONV': [32, 3]}, {'POOLMAX': [-1, 2]}), ({'CONV': [128, 5]}, {'CONV': [256, 5]}), ({'CONV': [64, 3]}, {'CONV': [256, 3]}, {'POOLMAX': [-1, 2]}), ({'CONV': [256, 5]}, {'CONV': [256, 3]}), ({'CONV': [32, 3]}, {'CONV': [256, 3]}, {'POOLMAX': [-1, 2]}), ({'CONV': [128, 5]}, {'CONV': [128, 3]}), ({'CONV': [128, 3]}, {'CONV': [128, 3]}, {'POOLMAX': [-1, 2]}), {'GLOBAL_AVG': None}, {'LAST_DENSE': [100, 'softmax']}]",HHSE,NSGA2,,,,,0.7009272071507626,,,,1181634048,4978980,,,,,,"[0, 62, 44, 28, 62, 6, 10, 55]",0.714495673285592,-8.358461936019967e-05,0.0,0.0,0.625,0.0,0.16,0,0,0,100,0,0.0,BEST,False,False,240,True,True,GREEDY,,,GREEDY_HV
BPAYJC[M][M],25,26,26,16,0.26,True,True,"[0, 32, 47, 22, 62, 6, 44, 36]",[],"[0.7500471137169016, 32.03398616329455, 47.58169391973064, 22.732690476454916, 62.936875251582975, 6.332940895413751, 44.883752063927815, 36.58502084189717]","[{'INP': 32}, {'CONV': [64, 3]}, ({'CONV': [32, 3]}, {'CONV': [32, 3]}), ({'CONV': [128, 3]}, {'CONV': [32, 3]}, {'POOLMAX': [-1, 2]}), ({'CONV': [128, 5]}, {'CONV': [256, 5]}), ({'CONV': [64, 3]}, {'CONV': [256, 3]}, {'POOLMAX': [-1, 2]}), ({'CONV': [256, 5]}, {'CONV': [256, 3]}), ({'CONV': [32, 3]}, {'CONV': [256, 3]}, {'POOLMAX': [-1, 2]}), ({'CONV': [128, 5]}, {'CONV': [128, 3]}), ({'CONV': [128, 3]}, {'CONV': [128, 3]}, {'POOLMAX': [-1, 2]}), {'GLOBAL_AVG': None}, {'LAST_DENSE': [100, 'softmax']}]",HHSE,NSGA2,,,,,0.7009272071507626,,,,1181634048,4978980,,,,,,"[0, 62, 44, 28, 62, 6, 10, 55]",0.715994693767249,-0.0001574713820025,0.0,0.0,0.625,0.0,0.16,0,0,0,100,0,0.0,BEST,False,False,240,True,True,GREEDY,,,GREEDY_HV
BPAYJC[M][M],25,26,27,16,0.27,True,True,"[0, 32, 47, 22, 62, 6, 44, 36]",[],"[0.7500471137169016, 32.03398616329455, 47.58169391973064, 22.732690476454916, 62.936875251582975, 6.332940895413751, 44.883752063927815, 36.58502084189717]","[{'INP': 32}, {'CONV': [64, 3]}, ({'CONV': [32, 3]}, {'CONV': [32, 3]}), ({'CONV': [128, 3]}, {'CONV': [32, 3]}, {'POOLMAX': [-1, 2]}), ({'CONV': [128, 5]}, {'CONV': [256, 5]}), ({'CONV': [64, 3]}, {'CONV': [256, 3]}, {'POOLMAX': [-1, 2]}), ({'CONV': [256, 5]}, {'CONV': [256, 3]}), ({'CONV': [32, 3]}, {'CONV': [256, 3]}, {'POOLMAX': [-1, 2]}), ({'CONV': [128, 5]}, {'CONV': [128, 3]}), ({'CONV': [128, 3]}, {'CONV': [128, 3]}, {'POOLMAX': [-1, 2]}), {'GLOBAL_AVG': None}, {'LAST_DENSE': [100, 'softmax']}]",HHSE,NSGA2,,,,,0.7009272071507626,,,,1181634048,4978980,,,,,,"[0, 62, 44, 28, 62, 6, 10, 55]",0.7163254826907975,-0.0002771869597647,0.0,0.0,0.625,0.0,0.16,0,0,0,100,0,0.0,BEST,False,False,240,True,True,GREEDY,,,GREEDY_HV
BPAYJC[M][M],25,26,28,16,0.28,True,True,"[0, 32, 47, 22, 62, 6, 44, 36]",[],"[0.7500471137169016, 32.03398616329455, 47.58169391973064, 22.732690476454916, 62.936875251582975, 6.332940895413751, 44.883752063927815, 36.58502084189717]","[{'INP': 32}, {'CONV': [64, 3]}, ({'CONV': [32, 3]}, {'CONV': [32, 3]}), ({'CONV': [128, 3]}, {'CONV': [32, 3]}, {'POOLMAX': [-1, 2]}), ({'CONV': [128, 5]}, {'CONV': [256, 5]}), ({'CONV': [64, 3]}, {'CONV': [256, 3]}, {'POOLMAX': [-1, 2]}), ({'CONV': [256, 5]}, {'CONV': [256, 3]}), ({'CONV': [32, 3]}, {'CONV': [256, 3]}, {'POOLMAX': [-1, 2]}), ({'CONV': [128, 5]}, {'CONV': [128, 3]}), ({'CONV': [128, 3]}, {'CONV': [128, 3]}, {'POOLMAX': [-1, 2]}), {'GLOBAL_AVG': None}, {'LAST_DENSE': [100, 'softmax']}]",HHSE,NSGA2,,,,,0.7009272071507626,,,,1181634048,4978980,,,,,,"[0, 62, 44, 28, 62, 6, 10, 55]",0.7165493471059089,-0.0003390330151725,0.0,0.0,0.625,0.0,0.16,0,0,0,100,0,0.0,BEST,False,False,240,True,True,GREEDY,,,GREEDY_HV
BPAYJC[M][M],25,26,29,16,0.29,True,True,"[0, 32, 47, 22, 62, 6, 44, 36]",[],"[0.7500471137169016, 32.03398616329455, 47.58169391973064, 22.732690476454916, 62.936875251582975, 6.332940895413751, 44.883752063927815, 36.58502084189717]","[{'INP': 32}, {'CONV': [64, 3]}, ({'CONV': [32, 3]}, {'CONV': [32, 3]}), ({'CONV': [128, 3]}, {'CONV': [32, 3]}, {'POOLMAX': [-1, 2]}), ({'CONV': [128, 5]}, {'CONV': [256, 5]}), ({'CONV': [64, 3]}, {'CONV': [256, 3]}, {'POOLMAX': [-1, 2]}), ({'CONV': [256, 5]}, {'CONV': [256, 3]}), ({'CONV': [32, 3]}, {'CONV': [256, 3]}, {'POOLMAX': [-1, 2]}), ({'CONV': [128, 5]}, {'CONV': [128, 3]}), ({'CONV': [128, 3]}, {'CONV': [128, 3]}, {'POOLMAX': [-1, 2]}), {'GLOBAL_AVG': None}, {'LAST_DENSE': [100, 'softmax']}]",HHSE,NSGA2,,,,,0.7009272071507626,,,,1181634048,4978980,,,,,,"[0, 62, 44, 28, 62, 6, 10, 55]",0.7168533005104626,-3.387020221978787e-05,0.0,0.0,0.625,0.0,0.16,0,1,0,100,0,0.01,BEST,False,False,240,True,True,GREEDY,,,GREEDY_HV
BPAYJC[M][M],25,26,30,16,0.3,True,True,"[0, 32, 47, 22, 62, 6, 44, 36]",[],"[0.7500471137169016, 32.03398616329455, 47.58169391973064, 22.732690476454916, 62.936875251582975, 6.332940895413751, 44.883752063927815, 36.58502084189717]","[{'INP': 32}, {'CONV': [64, 3]}, ({'CONV': [32, 3]}, {'CONV': [32, 3]}), ({'CONV': [128, 3]}, {'CONV': [32, 3]}, {'POOLMAX': [-1, 2]}), ({'CONV': [128, 5]}, {'CONV': [256, 5]}), ({'CONV': [64, 3]}, {'CONV': [256, 3]}, {'POOLMAX': [-1, 2]}), ({'CONV': [256, 5]}, {'CONV': [256, 3]}), ({'CONV': [32, 3]}, {'CONV': [256, 3]}, {'POOLMAX': [-1, 2]}), ({'CONV': [128, 5]}, {'CONV': [128, 3]}), ({'CONV': [128, 3]}, {'CONV': [128, 3]}, {'POOLMAX': [-1, 2]}), {'GLOBAL_AVG': None}, {'LAST_DENSE': [100, 'softmax']}]",HHSE,NSGA2,,,,,0.7009272071507626,,,,1181634048,4978980,,,,,,"[0, 62, 44, 28, 62, 6, 10, 55]",0.7167592647091021,-5.797790409300952e-05,0.0,0.0,0.625,0.0,0.16,0,0,0,100,0,0.0,BEST,False,False,240,True,True,GREEDY,,,GREEDY_HV
BPAYJC[M][M],25,26,31,16,0.31,True,True,"[0, 32, 47, 22, 62, 6, 44, 36]",[],"[0.7500471137169016, 32.03398616329455, 47.58169391973064, 22.732690476454916, 62.936875251582975, 6.332940895413751, 44.883752063927815, 36.58502084189717]","[{'INP': 32}, {'CONV': [64, 3]}, ({'CONV': [32, 3]}, {'CONV': [32, 3]}), ({'CONV': [128, 3]}, {'CONV': [32, 3]}, {'POOLMAX': [-1, 2]}), ({'CONV': [128, 5]}, {'CONV': [256, 5]}), ({'CONV': [64, 3]}, {'CONV': [256, 3]}, {'POOLMAX': [-1, 2]}), ({'CONV': [256, 5]}, {'CONV': [256, 3]}), ({'CONV': [32, 3]}, {'CONV': [256, 3]}, {'POOLMAX': [-1, 2]}), ({'CONV': [128, 5]}, {'CONV': [128, 3]}), ({'CONV': [128, 3]}, {'CONV': [128, 3]}, {'POOLMAX': [-1, 2]}), {'GLOBAL_AVG': None}, {'LAST_DENSE': [100, 'softmax']}]",HHSE,NSGA2,,,,,0.7009272071507626,,,,1181634048,4978980,,,,,,"[0, 62, 44, 28, 62, 6, 10, 55]",0.7169337031080857,-3.83000220366414e-05,0.0,0.0,0.625,0.0,0.16,0,0,0,100,0,0.0,BEST,False,False,240,True,True,GREEDY,,,GREEDY_HV
BPAYJC[M][M],25,26,32,16,0.32,True,True,"[0, 32, 47, 22, 62, 6, 44, 36]",[],"[0.7500471137169016, 32.03398616329455, 47.58169391973064, 22.732690476454916, 62.936875251582975, 6.332940895413751, 44.883752063927815, 36.58502084189717]","[{'INP': 32}, {'CONV': [64, 3]}, ({'CONV': [32, 3]}, {'CONV': [32, 3]}), ({'CONV': [128, 3]}, {'CONV': [32, 3]}, {'POOLMAX': [-1, 2]}), ({'CONV': [128, 5]}, {'CONV': [256, 5]}), ({'CONV': [64, 3]}, {'CONV': [256, 3]}, {'POOLMAX': [-1, 2]}), ({'CONV': [256, 5]}, {'CONV': [256, 3]}), ({'CONV': [32, 3]}, {'CONV': [256, 3]}, {'POOLMAX': [-1, 2]}), ({'CONV': [128, 5]}, {'CONV': [128, 3]}), ({'CONV': [128, 3]}, {'CONV': [128, 3]}, {'POOLMAX': [-1, 2]}), {'GLOBAL_AVG': None}, {'LAST_DENSE': [100, 'softmax']}]",HHSE,NSGA2,,,,,0.7009272071507626,,,,1181634048,4978980,,,,,,"[0, 62, 44, 28, 62, 6, 10, 55]",0.7168624996211068,-0.0008298104025363,0.0,0.0,0.625,0.0,0.16,0,0,0,100,0,0.0,BEST,False,False,240,True,True,GREEDY,,,GREEDY_HV
BPAYJC[M][M],25,26,33,16,0.33,True,True,"[0, 32, 47, 22, 62, 6, 44, 36]",[],"[0.7500471137169016, 32.03398616329455, 47.58169391973064, 22.732690476454916, 62.936875251582975, 6.332940895413751, 44.883752063927815, 36.58502084189717]","[{'INP': 32}, {'CONV': [64, 3]}, ({'CONV': [32, 3]}, {'CONV': [32, 3]}), ({'CONV': [128, 3]}, {'CONV': [32, 3]}, {'POOLMAX': [-1, 2]}), ({'CONV': [128, 5]}, {'CONV': [256, 5]}), ({'CONV': [64, 3]}, {'CONV': [256, 3]}, {'POOLMAX': [-1, 2]}), ({'CONV': [256, 5]}, {'CONV': [256, 3]}), ({'CONV': [32, 3]}, {'CONV': [256, 3]}, {'POOLMAX': [-1, 2]}), ({'CONV': [128, 5]}, {'CONV': [128, 3]}), ({'CONV': [128, 3]}, {'CONV': [128, 3]}, {'POOLMAX': [-1, 2]}), {'GLOBAL_AVG': None}, {'LAST_DENSE': [100, 'softmax']}]",HHSE,NSGA2,,,,,0.7009272071507626,,,,1181634048,4978980,,,,,,"[0, 62, 44, 28, 62, 6, 10, 55]",0.716913653519813,-0.0010822441330079,0.0,0.0,0.625,0.0,0.16,0,0,0,100,0,0.0,BEST,False,False,240,True,True,GREEDY,,,GREEDY_HV
BPAYJC[M][M],25,26,34,16,0.34,True,True,"[0, 32, 47, 22, 62, 6, 44, 36]",[],"[0.7500471137169016, 32.03398616329455, 47.58169391973064, 22.732690476454916, 62.936875251582975, 6.332940895413751, 44.883752063927815, 36.58502084189717]","[{'INP': 32}, {'CONV': [64, 3]}, ({'CONV': [32, 3]}, {'CONV': [32, 3]}), ({'CONV': [128, 3]}, {'CONV': [32, 3]}, {'POOLMAX': [-1, 2]}), ({'CONV': [128, 5]}, {'CONV': [256, 5]}), ({'CONV': [64, 3]}, {'CONV': [256, 3]}, {'POOLMAX': [-1, 2]}), ({'CONV': [256, 5]}, {'CONV': [256, 3]}), ({'CONV': [32, 3]}, {'CONV': [256, 3]}, {'POOLMAX': [-1, 2]}), ({'CONV': [128, 5]}, {'CONV': [128, 3]}), ({'CONV': [128, 3]}, {'CONV': [128, 3]}, {'POOLMAX': [-1, 2]}), {'GLOBAL_AVG': None}, {'LAST_DENSE': [100, 'softmax']}]",HHSE,NSGA2,,,,,0.7009272071507626,,,,1181634048,4978980,,,,,,"[0, 62, 44, 28, 62, 6, 10, 55]",0.7170927904478864,-9.627827483027485e-05,0.0,0.0,0.625,0.0,0.16,0,0,0,100,0,0.0,BEST,False,False,240,True,True,GREEDY,,,GREEDY_HV
BPAYJC[M][M],25,26,35,16,0.35,True,True,"[0, 32, 47, 22, 62, 6, 44, 36]",[],"[0.7500471137169016, 32.03398616329455, 47.58169391973064, 22.732690476454916, 62.936875251582975, 6.332940895413751, 44.883752063927815, 36.58502084189717]","[{'INP': 32}, {'CONV': [64, 3]}, ({'CONV': [32, 3]}, {'CONV': [32, 3]}), ({'CONV': [128, 3]}, {'CONV': [32, 3]}, {'POOLMAX': [-1, 2]}), ({'CONV': [128, 5]}, {'CONV': [256, 5]}), ({'CONV': [64, 3]}, {'CONV': [256, 3]}, {'POOLMAX': [-1, 2]}), ({'CONV': [256, 5]}, {'CONV': [256, 3]}), ({'CONV': [32, 3]}, {'CONV': [256, 3]}, {'POOLMAX': [-1, 2]}), ({'CONV': [128, 5]}, {'CONV': [128, 3]}), ({'CONV': [128, 3]}, {'CONV': [128, 3]}, {'POOLMAX': [-1, 2]}), {'GLOBAL_AVG': None}, {'LAST_DENSE': [100, 'softmax']}]",HHSE,NSGA2,,,,,0.7009272071507626,,,,1181634048,4978980,,,,,,"[0, 62, 44, 28, 62, 6, 10, 55]",0.717178242156501,-0.0005314223572203,0.0,0.0,0.625,0.0,0.16,0,0,0,100,0,0.0,BEST,False,False,240,True,True,GREEDY,,,GREEDY_HV
BPAYJC[M][M],25,26,36,16,0.36,True,True,"[0, 32, 47, 22, 62, 6, 44, 36]",[],"[0.7500471137169016, 32.03398616329455, 47.58169391973064, 22.732690476454916, 62.936875251582975, 6.332940895413751, 44.883752063927815, 36.58502084189717]","[{'INP': 32}, {'CONV': [64, 3]}, ({'CONV': [32, 3]}, {'CONV': [32, 3]}), ({'CONV': [128, 3]}, {'CONV': [32, 3]}, {'POOLMAX': [-1, 2]}), ({'CONV': [128, 5]}, {'CONV': [256, 5]}), ({'CONV': [64, 3]}, {'CONV': [256, 3]}, {'POOLMAX': [-1, 2]}), ({'CONV': [256, 5]}, {'CONV': [256, 3]}), ({'CONV': [32, 3]}, {'CONV': [256, 3]}, {'POOLMAX': [-1, 2]}), ({'CONV': [128, 5]}, {'CONV': [128, 3]}), ({'CONV': [128, 3]}, {'CONV': [128, 3]}, {'POOLMAX': [-1, 2]}), {'GLOBAL_AVG': None}, {'LAST_DENSE': [100, 'softmax']}]",HHSE,NSGA2,,,,,0.7009272071507626,,,,1181634048,4978980,,,,,,"[0, 62, 44, 28, 62, 6, 10, 55]",0.7173215034083353,-0.0010409293609279,0.0,0.0,0.625,0.0,0.16,0,0,0,100,0,0.0,BEST,False,False,240,True,True,GREEDY,,,GREEDY_HV
BPAYJC[M][M],25,26,37,16,0.37,True,True,"[0, 32, 47, 22, 62, 6, 44, 36]",[],"[0.7500471137169016, 32.03398616329455, 47.58169391973064, 22.732690476454916, 62.936875251582975, 6.332940895413751, 44.883752063927815, 36.58502084189717]","[{'INP': 32}, {'CONV': [64, 3]}, ({'CONV': [32, 3]}, {'CONV': [32, 3]}), ({'CONV': [128, 3]}, {'CONV': [32, 3]}, {'POOLMAX': [-1, 2]}), ({'CONV': [128, 5]}, {'CONV': [256, 5]}), ({'CONV': [64, 3]}, {'CONV': [256, 3]}, {'POOLMAX': [-1, 2]}), ({'CONV': [256, 5]}, {'CONV': [256, 3]}), ({'CONV': [32, 3]}, {'CONV': [256, 3]}, {'POOLMAX': [-1, 2]}), ({'CONV': [128, 5]}, {'CONV': [128, 3]}), ({'CONV': [128, 3]}, {'CONV': [128, 3]}, {'POOLMAX': [-1, 2]}), {'GLOBAL_AVG': None}, {'LAST_DENSE': [100, 'softmax']}]",HHSE,NSGA2,,,,,0.7009272071507626,,,,1181634048,4978980,,,,,,"[0, 62, 44, 28, 62, 6, 10, 55]",0.7176140606650034,-0.0001777397524157,0.0,0.0,0.625,0.0,0.16,0,0,0,100,0,0.0,BEST,False,False,240,True,True,GREEDY,,,GREEDY_HV
BPAYJC[M][M],25,26,38,16,0.38,True,True,"[0, 32, 47, 22, 62, 6, 44, 36]",[],"[0.7500471137169016, 32.03398616329455, 47.58169391973064, 22.732690476454916, 62.936875251582975, 6.332940895413751, 44.883752063927815, 36.58502084189717]","[{'INP': 32}, {'CONV': [64, 3]}, ({'CONV': [32, 3]}, {'CONV': [32, 3]}), ({'CONV': [128, 3]}, {'CONV': [32, 3]}, {'POOLMAX': [-1, 2]}), ({'CONV': [128, 5]}, {'CONV': [256, 5]}), ({'CONV': [64, 3]}, {'CONV': [256, 3]}, {'POOLMAX': [-1, 2]}), ({'CONV': [256, 5]}, {'CONV': [256, 3]}), ({'CONV': [32, 3]}, {'CONV': [256, 3]}, {'POOLMAX': [-1, 2]}), ({'CONV': [128, 5]}, {'CONV': [128, 3]}), ({'CONV': [128, 3]}, {'CONV': [128, 3]}, {'POOLMAX': [-1, 2]}), {'GLOBAL_AVG': None}, {'LAST_DENSE': [100, 'softmax']}]",HHSE,NSGA2,,,,,0.7009272071507626,,,,1181634048,4978980,,,,,,"[0, 62, 44, 28, 62, 6, 10, 55]",0.7176293646487557,-0.0003059980152523,0.0,0.0,0.625,0.0,0.16,0,0,0,100,0,0.0,BEST,False,False,240,True,True,GREEDY,,,GREEDY_HV
BPAYJC[M][M],25,26,39,16,0.39,True,True,"[0, 32, 47, 22, 62, 6, 44, 36]",[],"[0.7500471137169016, 32.03398616329455, 47.58169391973064, 22.732690476454916, 62.936875251582975, 6.332940895413751, 44.883752063927815, 36.58502084189717]","[{'INP': 32}, {'CONV': [64, 3]}, ({'CONV': [32, 3]}, {'CONV': [32, 3]}), ({'CONV': [128, 3]}, {'CONV': [32, 3]}, {'POOLMAX': [-1, 2]}), ({'CONV': [128, 5]}, {'CONV': [256, 5]}), ({'CONV': [64, 3]}, {'CONV': [256, 3]}, {'POOLMAX': [-1, 2]}), ({'CONV': [256, 5]}, {'CONV': [256, 3]}), ({'CONV': [32, 3]}, {'CONV': [256, 3]}, {'POOLMAX': [-1, 2]}), ({'CONV': [128, 5]}, {'CONV': [128, 3]}), ({'CONV': [128, 3]}, {'CONV': [128, 3]}, {'POOLMAX': [-1, 2]}), {'GLOBAL_AVG': None}, {'LAST_DENSE': [100, 'softmax']}]",HHSE,NSGA2,,,,,0.7009272071507626,,,,1181634048,4978980,,,,,,"[0, 62, 44, 28, 62, 6, 10, 55]",0.7176746316929918,-6.347799924222297e-05,0.0,0.0,0.625,0.0,0.16,0,0,0,100,0,0.0,BEST,False,False,240,True,True,GREEDY,,,GREEDY_HV
BPAYJC[M][M],25,26,40,16,0.4,True,True,"[0, 32, 47, 22, 62, 6, 44, 36]",[],"[0.7500471137169016, 32.03398616329455, 47.58169391973064, 22.732690476454916, 62.936875251582975, 6.332940895413751, 44.883752063927815, 36.58502084189717]","[{'INP': 32}, {'CONV': [64, 3]}, ({'CONV': [32, 3]}, {'CONV': [32, 3]}), ({'CONV': [128, 3]}, {'CONV': [32, 3]}, {'POOLMAX': [-1, 2]}), ({'CONV': [128, 5]}, {'CONV': [256, 5]}), ({'CONV': [64, 3]}, {'CONV': [256, 3]}, {'POOLMAX': [-1, 2]}), ({'CONV': [256, 5]}, {'CONV': [256, 3]}), ({'CONV': [32, 3]}, {'CONV': [256, 3]}, {'POOLMAX': [-1, 2]}), ({'CONV': [128, 5]}, {'CONV': [128, 3]}), ({'CONV': [128, 3]}, {'CONV': [128, 3]}, {'POOLMAX': [-1, 2]}), {'GLOBAL_AVG': None}, {'LAST_DENSE': [100, 'softmax']}]",HHSE,NSGA2,,,,,0.7009272071507626,,,,1181634048,4978980,,,,,,"[0, 62, 44, 28, 62, 6, 10, 55]",0.7176684086963414,-0.0008149762050581,0.0,0.0,0.625,0.0,0.16,0,0,0,100,0,0.0,BEST,False,False,240,True,True,GREEDY,,,GREEDY_HV
BPAYJC[M][M],25,26,41,16,0.41,True,True,"[0, 32, 47, 22, 62, 6, 44, 36]",[],"[0.7500471137169016, 32.03398616329455, 47.58169391973064, 22.732690476454916, 62.936875251582975, 6.332940895413751, 44.883752063927815, 36.58502084189717]","[{'INP': 32}, {'CONV': [64, 3]}, ({'CONV': [32, 3]}, {'CONV': [32, 3]}), ({'CONV': [128, 3]}, {'CONV': [32, 3]}, {'POOLMAX': [-1, 2]}), ({'CONV': [128, 5]}, {'CONV': [256, 5]}), ({'CONV': [64, 3]}, {'CONV': [256, 3]}, {'POOLMAX': [-1, 2]}), ({'CONV': [256, 5]}, {'CONV': [256, 3]}), ({'CONV': [32, 3]}, {'CONV': [256, 3]}, {'POOLMAX': [-1, 2]}), ({'CONV': [128, 5]}, {'CONV': [128, 3]}), ({'CONV': [128, 3]}, {'CONV': [128, 3]}, {'POOLMAX': [-1, 2]}), {'GLOBAL_AVG': None}, {'LAST_DENSE': [100, 'softmax']}]",HHSE,NSGA2,,,,,0.7009272071507626,,,,1181634048,4978980,,,,,,"[0, 62, 44, 28, 62, 6, 10, 55]",0.7176715686480564,-0.0004318318964275,0.0,0.0,0.625,0.0,0.16,0,0,0,100,0,0.0,BEST,False,False,240,True,True,GREEDY,,,GREEDY_HV
BPAYJC[M][M],25,26,42,16,0.42,True,True,"[0, 32, 47, 22, 62, 6, 44, 36]",[],"[0.7500471137169016, 32.03398616329455, 47.58169391973064, 22.732690476454916, 62.936875251582975, 6.332940895413751, 44.883752063927815, 36.58502084189717]","[{'INP': 32}, {'CONV': [64, 3]}, ({'CONV': [32, 3]}, {'CONV': [32, 3]}), ({'CONV': [128, 3]}, {'CONV': [32, 3]}, {'POOLMAX': [-1, 2]}), ({'CONV': [128, 5]}, {'CONV': [256, 5]}), ({'CONV': [64, 3]}, {'CONV': [256, 3]}, {'POOLMAX': [-1, 2]}), ({'CONV': [256, 5]}, {'CONV': [256, 3]}), ({'CONV': [32, 3]}, {'CONV': [256, 3]}, {'POOLMAX': [-1, 2]}), ({'CONV': [128, 5]}, {'CONV': [128, 3]}), ({'CONV': [128, 3]}, {'CONV': [128, 3]}, {'POOLMAX': [-1, 2]}), {'GLOBAL_AVG': None}, {'LAST_DENSE': [100, 'softmax']}]",HHSE,NSGA2,,,,,0.7009272071507626,,,,1181634048,4978980,,,,,,"[0, 62, 44, 28, 62, 6, 10, 55]",0.717784623807292,-0.002626856736053,0.0,0.0,0.625,0.0,0.16,0,0,0,100,0,0.0,BEST,False,False,240,True,True,GREEDY,,,GREEDY_HV
BPAYJC[M][M],25,26,43,16,0.43,True,True,"[0, 32, 47, 22, 62, 6, 44, 36]",[],"[0.7500471137169016, 32.03398616329455, 47.58169391973064, 22.732690476454916, 62.936875251582975, 6.332940895413751, 44.883752063927815, 36.58502084189717]","[{'INP': 32}, {'CONV': [64, 3]}, ({'CONV': [32, 3]}, {'CONV': [32, 3]}), ({'CONV': [128, 3]}, {'CONV': [32, 3]}, {'POOLMAX': [-1, 2]}), ({'CONV': [128, 5]}, {'CONV': [256, 5]}), ({'CONV': [64, 3]}, {'CONV': [256, 3]}, {'POOLMAX': [-1, 2]}), ({'CONV': [256, 5]}, {'CONV': [256, 3]}), ({'CONV': [32, 3]}, {'CONV': [256, 3]}, {'POOLMAX': [-1, 2]}), ({'CONV': [128, 5]}, {'CONV': [128, 3]}), ({'CONV': [128, 3]}, {'CONV': [128, 3]}, {'POOLMAX': [-1, 2]}), {'GLOBAL_AVG': None}, {'LAST_DENSE': [100, 'softmax']}]",HHSE,NSGA2,,,,,0.7009272071507626,,,,1181634048,4978980,,,,,,"[0, 62, 44, 28, 62, 6, 10, 55]",0.7177946187307481,-0.0017418250813538,0.0,0.0,0.625,0.0,0.16,0,0,0,100,0,0.0,BEST,False,False,240,True,True,GREEDY,,,GREEDY_HV
BPAYJC[M][M],25,26,44,16,0.44,True,True,"[0, 32, 47, 22, 62, 6, 44, 36]",[],"[0.7500471137169016, 32.03398616329455, 47.58169391973064, 22.732690476454916, 62.936875251582975, 6.332940895413751, 44.883752063927815, 36.58502084189717]","[{'INP': 32}, {'CONV': [64, 3]}, ({'CONV': [32, 3]}, {'CONV': [32, 3]}), ({'CONV': [128, 3]}, {'CONV': [32, 3]}, {'POOLMAX': [-1, 2]}), ({'CONV': [128, 5]}, {'CONV': [256, 5]}), ({'CONV': [64, 3]}, {'CONV': [256, 3]}, {'POOLMAX': [-1, 2]}), ({'CONV': [256, 5]}, {'CONV': [256, 3]}), ({'CONV': [32, 3]}, {'CONV': [256, 3]}, {'POOLMAX': [-1, 2]}), ({'CONV': [128, 5]}, {'CONV': [128, 3]}), ({'CONV': [128, 3]}, {'CONV': [128, 3]}, {'POOLMAX': [-1, 2]}), {'GLOBAL_AVG': None}, {'LAST_DENSE': [100, 'softmax']}]",HHSE,NSGA2,,,,,0.7009272071507626,,,,1181634048,4978980,,,,,,"[0, 62, 44, 28, 62, 6, 10, 55]",0.7180468086239966,-0.0021900013555274,0.0,0.0,0.625,0.0,0.16,0,0,0,100,0,0.0,BEST,False,False,240,True,True,GREEDY,,,GREEDY_HV
BPAYJC[M][M],25,26,45,16,0.45,True,True,"[0, 32, 47, 22, 62, 6, 44, 36]",[],"[0.7500471137169016, 32.03398616329455, 47.58169391973064, 22.732690476454916, 62.936875251582975, 6.332940895413751, 44.883752063927815, 36.58502084189717]","[{'INP': 32}, {'CONV': [64, 3]}, ({'CONV': [32, 3]}, {'CONV': [32, 3]}), ({'CONV': [128, 3]}, {'CONV': [32, 3]}, {'POOLMAX': [-1, 2]}), ({'CONV': [128, 5]}, {'CONV': [256, 5]}), ({'CONV': [64, 3]}, {'CONV': [256, 3]}, {'POOLMAX': [-1, 2]}), ({'CONV': [256, 5]}, {'CONV': [256, 3]}), ({'CONV': [32, 3]}, {'CONV': [256, 3]}, {'POOLMAX': [-1, 2]}), ({'CONV': [128, 5]}, {'CONV': [128, 3]}), ({'CONV': [128, 3]}, {'CONV': [128, 3]}, {'POOLMAX': [-1, 2]}), {'GLOBAL_AVG': None}, {'LAST_DENSE': [100, 'softmax']}]",HHSE,NSGA2,,,,,0.7009272071507626,,,,1181634048,4978980,,,,,,"[0, 62, 44, 28, 62, 6, 10, 55]",0.7181016404432969,-0.0002355071948032,0.0,0.0,0.625,0.0,0.16,0,0,0,100,0,0.0,BEST,False,False,240,True,True,GREEDY,,,GREEDY_HV
BPAYJC[M][M],25,26,46,16,0.46,True,True,"[0, 32, 47, 22, 62, 6, 44, 36]",[],"[0.7500471137169016, 32.03398616329455, 47.58169391973064, 22.732690476454916, 62.936875251582975, 6.332940895413751, 44.883752063927815, 36.58502084189717]","[{'INP': 32}, {'CONV': [64, 3]}, ({'CONV': [32, 3]}, {'CONV': [32, 3]}), ({'CONV': [128, 3]}, {'CONV': [32, 3]}, {'POOLMAX': [-1, 2]}), ({'CONV': [128, 5]}, {'CONV': [256, 5]}), ({'CONV': [64, 3]}, {'CONV': [256, 3]}, {'POOLMAX': [-1, 2]}), ({'CONV': [256, 5]}, {'CONV': [256, 3]}), ({'CONV': [32, 3]}, {'CONV': [256, 3]}, {'POOLMAX': [-1, 2]}), ({'CONV': [128, 5]}, {'CONV': [128, 3]}), ({'CONV': [128, 3]}, {'CONV': [128, 3]}, {'POOLMAX': [-1, 2]}), {'GLOBAL_AVG': None}, {'LAST_DENSE': [100, 'softmax']}]",HHSE,NSGA2,,,,,0.7009272071507626,,,,1181634048,4978980,,,,,,"[0, 62, 44, 28, 62, 6, 10, 55]",0.7181101432269505,-0.0001908753510596,0.0,0.0,0.625,0.0,0.16,0,0,0,100,0,0.0,BEST,False,False,240,True,True,GREEDY,,,GREEDY_HV
BPAYJC[M][M],25,26,47,16,0.47,True,True,"[0, 32, 47, 22, 62, 6, 44, 36]",[],"[0.7500471137169016, 32.03398616329455, 47.58169391973064, 22.732690476454916, 62.936875251582975, 6.332940895413751, 44.883752063927815, 36.58502084189717]","[{'INP': 32}, {'CONV': [64, 3]}, ({'CONV': [32, 3]}, {'CONV': [32, 3]}), ({'CONV': [128, 3]}, {'CONV': [32, 3]}, {'POOLMAX': [-1, 2]}), ({'CONV': [128, 5]}, {'CONV': [256, 5]}), ({'CONV': [64, 3]}, {'CONV': [256, 3]}, {'POOLMAX': [-1, 2]}), ({'CONV': [256, 5]}, {'CONV': [256, 3]}), ({'CONV': [32, 3]}, {'CONV': [256, 3]}, {'POOLMAX': [-1, 2]}), ({'CONV': [128, 5]}, {'CONV': [128, 3]}), ({'CONV': [128, 3]}, {'CONV': [128, 3]}, {'POOLMAX': [-1, 2]}), {'GLOBAL_AVG': None}, {'LAST_DENSE': [100, 'softmax']}]",HHSE,NSGA2,,,,,0.7009272071507626,,,,1181634048,4978980,,,,,,"[0, 62, 44, 28, 62, 6, 10, 55]",0.7181495279581347,-0.0013294012681376,0.0,0.0,0.625,0.0,0.16,0,0,0,100,0,0.0,BEST,False,False,240,True,True,GREEDY,,,GREEDY_HV
BPAYJC[M][M],25,26,48,16,0.48,True,True,"[0, 32, 47, 22, 62, 6, 44, 36]",[],"[0.7500471137169016, 32.03398616329455, 47.58169391973064, 22.732690476454916, 62.936875251582975, 6.332940895413751, 44.883752063927815, 36.58502084189717]","[{'INP': 32}, {'CONV': [64, 3]}, ({'CONV': [32, 3]}, {'CONV': [32, 3]}), ({'CONV': [128, 3]}, {'CONV': [32, 3]}, {'POOLMAX': [-1, 2]}), ({'CONV': [128, 5]}, {'CONV': [256, 5]}), ({'CONV': [64, 3]}, {'CONV': [256, 3]}, {'POOLMAX': [-1, 2]}), ({'CONV': [256, 5]}, {'CONV': [256, 3]}), ({'CONV': [32, 3]}, {'CONV': [256, 3]}, {'POOLMAX': [-1, 2]}), ({'CONV': [128, 5]}, {'CONV': [128, 3]}), ({'CONV': [128, 3]}, {'CONV': [128, 3]}, {'POOLMAX': [-1, 2]}), {'GLOBAL_AVG': None}, {'LAST_DENSE': [100, 'softmax']}]",HHSE,NSGA2,,,,,0.7009272071507626,,,,1181634048,4978980,,,,,,"[0, 62, 44, 28, 62, 6, 10, 55]",0.7182307582010828,-0.0002167374153783,0.0,0.0,0.625,0.0,0.16,0,0,0,100,0,0.0,BEST,False,False,240,True,True,GREEDY,,,GREEDY_HV
BPAYJC[M][M],25,26,49,16,0.49,True,True,"[0, 32, 47, 22, 62, 6, 44, 36]",[],"[0.7500471137169016, 32.03398616329455, 47.58169391973064, 22.732690476454916, 62.936875251582975, 6.332940895413751, 44.883752063927815, 36.58502084189717]","[{'INP': 32}, {'CONV': [64, 3]}, ({'CONV': [32, 3]}, {'CONV': [32, 3]}), ({'CONV': [128, 3]}, {'CONV': [32, 3]}, {'POOLMAX': [-1, 2]}), ({'CONV': [128, 5]}, {'CONV': [256, 5]}), ({'CONV': [64, 3]}, {'CONV': [256, 3]}, {'POOLMAX': [-1, 2]}), ({'CONV': [256, 5]}, {'CONV': [256, 3]}), ({'CONV': [32, 3]}, {'CONV': [256, 3]}, {'POOLMAX': [-1, 2]}), ({'CONV': [128, 5]}, {'CONV': [128, 3]}), ({'CONV': [128, 3]}, {'CONV': [128, 3]}, {'POOLMAX': [-1, 2]}), {'GLOBAL_AVG': None}, {'LAST_DENSE': [100, 'softmax']}]",HHSE,NSGA2,,,,,0.7009272071507626,,,,1181634048,4978980,,,,,,"[0, 62, 44, 28, 62, 6, 10, 55]",0.7182167637278893,-0.0002111463907736,0.0,0.0,0.625,0.0,0.16,0,0,0,100,0,0.0,BEST,False,False,240,True,True,GREEDY,,,GREEDY_HV
BPAYJC[M][M],25,26,50,16,0.5,True,True,"[0, 32, 47, 22, 62, 6, 44, 36]",[],"[0.7500471137169016, 32.03398616329455, 47.58169391973064, 22.732690476454916, 62.936875251582975, 6.332940895413751, 44.883752063927815, 36.58502084189717]","[{'INP': 32}, {'CONV': [64, 3]}, ({'CONV': [32, 3]}, {'CONV': [32, 3]}), ({'CONV': [128, 3]}, {'CONV': [32, 3]}, {'POOLMAX': [-1, 2]}), ({'CONV': [128, 5]}, {'CONV': [256, 5]}), ({'CONV': [64, 3]}, {'CONV': [256, 3]}, {'POOLMAX': [-1, 2]}), ({'CONV': [256, 5]}, {'CONV': [256, 3]}), ({'CONV': [32, 3]}, {'CONV': [256, 3]}, {'POOLMAX': [-1, 2]}), ({'CONV': [128, 5]}, {'CONV': [128, 3]}), ({'CONV': [128, 3]}, {'CONV': [128, 3]}, {'POOLMAX': [-1, 2]}), {'GLOBAL_AVG': None}, {'LAST_DENSE': [100, 'softmax']}]",HHSE,NSGA2,,,,,0.7009272071507626,,,,1181634048,4978980,,,,,,"[0, 62, 44, 28, 62, 6, 10, 55]",0.718224660507696,-0.0001923720237687,0.0,0.0,0.625,0.0,0.16,0,0,0,100,0,0.0,BEST,False,False,240,True,True,GREEDY,,,GREEDY_HV
BPAYJC[M][M],25,26,51,16,0.51,True,True,"[0, 32, 47, 22, 62, 6, 44, 36]",[],"[0.7500471137169016, 32.03398616329455, 47.58169391973064, 22.732690476454916, 62.936875251582975, 6.332940895413751, 44.883752063927815, 36.58502084189717]","[{'INP': 32}, {'CONV': [64, 3]}, ({'CONV': [32, 3]}, {'CONV': [32, 3]}), ({'CONV': [128, 3]}, {'CONV': [32, 3]}, {'POOLMAX': [-1, 2]}), ({'CONV': [128, 5]}, {'CONV': [256, 5]}), ({'CONV': [64, 3]}, {'CONV': [256, 3]}, {'POOLMAX': [-1, 2]}), ({'CONV': [256, 5]}, {'CONV': [256, 3]}), ({'CONV': [32, 3]}, {'CONV': [256, 3]}, {'POOLMAX': [-1, 2]}), ({'CONV': [128, 5]}, {'CONV': [128, 3]}), ({'CONV': [128, 3]}, {'CONV': [128, 3]}, {'POOLMAX': [-1, 2]}), {'GLOBAL_AVG': None}, {'LAST_DENSE': [100, 'softmax']}]",HHSE,NSGA2,,,,,0.7009272071507626,,,,1181634048,4978980,,,,,,"[0, 62, 44, 28, 62, 6, 10, 55]",0.718224879576322,-0.0028864175006402,0.0,0.0,0.625,0.0,0.16,0,0,0,100,0,0.0,BEST,False,False,240,True,True,GREEDY,,,GREEDY_HV
BPAYJC[M][M],25,26,52,16,0.52,True,True,"[0, 32, 47, 22, 62, 6, 44, 36]",[],"[0.7500471137169016, 32.03398616329455, 47.58169391973064, 22.732690476454916, 62.936875251582975, 6.332940895413751, 44.883752063927815, 36.58502084189717]","[{'INP': 32}, {'CONV': [64, 3]}, ({'CONV': [32, 3]}, {'CONV': [32, 3]}), ({'CONV': [128, 3]}, {'CONV': [32, 3]}, {'POOLMAX': [-1, 2]}), ({'CONV': [128, 5]}, {'CONV': [256, 5]}), ({'CONV': [64, 3]}, {'CONV': [256, 3]}, {'POOLMAX': [-1, 2]}), ({'CONV': [256, 5]}, {'CONV': [256, 3]}), ({'CONV': [32, 3]}, {'CONV': [256, 3]}, {'POOLMAX': [-1, 2]}), ({'CONV': [128, 5]}, {'CONV': [128, 3]}), ({'CONV': [128, 3]}, {'CONV': [128, 3]}, {'POOLMAX': [-1, 2]}), {'GLOBAL_AVG': None}, {'LAST_DENSE': [100, 'softmax']}]",HHSE,NSGA2,,,,,0.7009272071507626,,,,1181634048,4978980,,,,,,"[0, 62, 44, 28, 62, 6, 10, 55]",0.7182340445951683,-0.0006754105736227,0.0,0.0,0.625,0.0,0.16,0,0,0,100,0,0.0,BEST,False,False,240,True,True,GREEDY,,,GREEDY_HV
BPAYJC[M][M],25,26,53,16,0.53,True,True,"[0, 32, 47, 22, 62, 6, 44, 36]",[],"[0.7500471137169016, 32.03398616329455, 47.58169391973064, 22.732690476454916, 62.936875251582975, 6.332940895413751, 44.883752063927815, 36.58502084189717]","[{'INP': 32}, {'CONV': [64, 3]}, ({'CONV': [32, 3]}, {'CONV': [32, 3]}), ({'CONV': [128, 3]}, {'CONV': [32, 3]}, {'POOLMAX': [-1, 2]}), ({'CONV': [128, 5]}, {'CONV': [256, 5]}), ({'CONV': [64, 3]}, {'CONV': [256, 3]}, {'POOLMAX': [-1, 2]}), ({'CONV': [256, 5]}, {'CONV': [256, 3]}), ({'CONV': [32, 3]}, {'CONV': [256, 3]}, {'POOLMAX': [-1, 2]}), ({'CONV': [128, 5]}, {'CONV': [128, 3]}), ({'CONV': [128, 3]}, {'CONV': [128, 3]}, {'POOLMAX': [-1, 2]}), {'GLOBAL_AVG': None}, {'LAST_DENSE': [100, 'softmax']}]",HHSE,NSGA2,,,,,0.7009272071507626,,,,1181634048,4978980,,,,,,"[0, 62, 44, 28, 62, 6, 10, 55]",0.7182418435351251,-0.0021612822126225,0.0,0.0,0.625,0.0,0.16,0,0,0,100,0,0.0,BEST,False,False,240,True,True,GREEDY,,,GREEDY_HV
BPAYJC[M][M],25,26,54,16,0.54,True,True,"[0, 32, 47, 22, 62, 6, 44, 36]",[],"[0.7500471137169016, 32.03398616329455, 47.58169391973064, 22.732690476454916, 62.936875251582975, 6.332940895413751, 44.883752063927815, 36.58502084189717]","[{'INP': 32}, {'CONV': [64, 3]}, ({'CONV': [32, 3]}, {'CONV': [32, 3]}), ({'CONV': [128, 3]}, {'CONV': [32, 3]}, {'POOLMAX': [-1, 2]}), ({'CONV': [128, 5]}, {'CONV': [256, 5]}), ({'CONV': [64, 3]}, {'CONV': [256, 3]}, {'POOLMAX': [-1, 2]}), ({'CONV': [256, 5]}, {'CONV': [256, 3]}), ({'CONV': [32, 3]}, {'CONV': [256, 3]}, {'POOLMAX': [-1, 2]}), ({'CONV': [128, 5]}, {'CONV': [128, 3]}), ({'CONV': [128, 3]}, {'CONV': [128, 3]}, {'POOLMAX': [-1, 2]}), {'GLOBAL_AVG': None}, {'LAST_DENSE': [100, 'softmax']}]",HHSE,NSGA2,,,,,0.7009272071507626,,,,1181634048,4978980,,,,,,"[0, 62, 44, 28, 62, 6, 10, 55]",0.7182495718859361,-0.0004964453965061,0.0,0.0,0.625,0.0,0.16,0,0,0,100,0,0.0,BEST,False,False,240,True,True,GREEDY,,,GREEDY_HV
BPAYJC[M][M],25,26,55,16,0.55,True,True,"[0, 32, 47, 22, 62, 6, 44, 36]",[],"[0.7500471137169016, 32.03398616329455, 47.58169391973064, 22.732690476454916, 62.936875251582975, 6.332940895413751, 44.883752063927815, 36.58502084189717]","[{'INP': 32}, {'CONV': [64, 3]}, ({'CONV': [32, 3]}, {'CONV': [32, 3]}), ({'CONV': [128, 3]}, {'CONV': [32, 3]}, {'POOLMAX': [-1, 2]}), ({'CONV': [128, 5]}, {'CONV': [256, 5]}), ({'CONV': [64, 3]}, {'CONV': [256, 3]}, {'POOLMAX': [-1, 2]}), ({'CONV': [256, 5]}, {'CONV': [256, 3]}), ({'CONV': [32, 3]}, {'CONV': [256, 3]}, {'POOLMAX': [-1, 2]}), ({'CONV': [128, 5]}, {'CONV': [128, 3]}), ({'CONV': [128, 3]}, {'CONV': [128, 3]}, {'POOLMAX': [-1, 2]}), {'GLOBAL_AVG': None}, {'LAST_DENSE': [100, 'softmax']}]",HHSE,NSGA2,,,,,0.7009272071507626,,,,1181634048,4978980,,,,,,"[0, 62, 44, 28, 62, 6, 10, 55]",0.7183867622522685,-7.682277539300397e-05,0.0,0.0,0.625,0.0,0.16,0,0,0,100,0,0.0,BEST,False,False,240,True,True,GREEDY,,,GREEDY_HV
BPAYJC[M][M],25,26,56,16,0.56,True,True,"[0, 32, 47, 22, 62, 6, 44, 36]",[],"[0.7500471137169016, 32.03398616329455, 47.58169391973064, 22.732690476454916, 62.936875251582975, 6.332940895413751, 44.883752063927815, 36.58502084189717]","[{'INP': 32}, {'CONV': [64, 3]}, ({'CONV': [32, 3]}, {'CONV': [32, 3]}), ({'CONV': [128, 3]}, {'CONV': [32, 3]}, {'POOLMAX': [-1, 2]}), ({'CONV': [128, 5]}, {'CONV': [256, 5]}), ({'CONV': [64, 3]}, {'CONV': [256, 3]}, {'POOLMAX': [-1, 2]}), ({'CONV': [256, 5]}, {'CONV': [256, 3]}), ({'CONV': [32, 3]}, {'CONV': [256, 3]}, {'POOLMAX': [-1, 2]}), ({'CONV': [128, 5]}, {'CONV': [128, 3]}), ({'CONV': [128, 3]}, {'CONV': [128, 3]}, {'POOLMAX': [-1, 2]}), {'GLOBAL_AVG': None}, {'LAST_DENSE': [100, 'softmax']}]",HHSE,NSGA2,,,,,0.7009272071507626,,,,1181634048,4978980,,,,,,"[0, 62, 44, 28, 62, 6, 10, 55]",0.7184000145814659,-0.0007569339714083,0.0,0.0,0.625,0.0,0.16,0,0,0,100,0,0.0,BEST,False,False,240,True,True,GREEDY,,,GREEDY_HV
BPAYJC[M][M],25,26,57,16,0.57,True,True,"[0, 32, 47, 22, 62, 6, 44, 36]",[],"[0.7500471137169016, 32.03398616329455, 47.58169391973064, 22.732690476454916, 62.936875251582975, 6.332940895413751, 44.883752063927815, 36.58502084189717]","[{'INP': 32}, {'CONV': [64, 3]}, ({'CONV': [32, 3]}, {'CONV': [32, 3]}), ({'CONV': [128, 3]}, {'CONV': [32, 3]}, {'POOLMAX': [-1, 2]}), ({'CONV': [128, 5]}, {'CONV': [256, 5]}), ({'CONV': [64, 3]}, {'CONV': [256, 3]}, {'POOLMAX': [-1, 2]}), ({'CONV': [256, 5]}, {'CONV': [256, 3]}), ({'CONV': [32, 3]}, {'CONV': [256, 3]}, {'POOLMAX': [-1, 2]}), ({'CONV': [128, 5]}, {'CONV': [128, 3]}), ({'CONV': [128, 3]}, {'CONV': [128, 3]}, {'POOLMAX': [-1, 2]}), {'GLOBAL_AVG': None}, {'LAST_DENSE': [100, 'softmax']}]",HHSE,NSGA2,,,,,0.7009272071507626,,,,1181634048,4978980,,,,,,"[0, 62, 44, 28, 62, 6, 10, 55]",0.718407714146702,-0.0001150504602785,0.0,0.0,0.625,0.0,0.16,0,0,0,100,0,0.0,BEST,False,False,240,True,True,GREEDY,,,GREEDY_HV
BPAYJC[M][M],25,26,58,16,0.58,True,True,"[0, 32, 47, 22, 62, 6, 44, 36]",[],"[0.7500471137169016, 32.03398616329455, 47.58169391973064, 22.732690476454916, 62.936875251582975, 6.332940895413751, 44.883752063927815, 36.58502084189717]","[{'INP': 32}, {'CONV': [64, 3]}, ({'CONV': [32, 3]}, {'CONV': [32, 3]}), ({'CONV': [128, 3]}, {'CONV': [32, 3]}, {'POOLMAX': [-1, 2]}), ({'CONV': [128, 5]}, {'CONV': [256, 5]}), ({'CONV': [64, 3]}, {'CONV': [256, 3]}, {'POOLMAX': [-1, 2]}), ({'CONV': [256, 5]}, {'CONV': [256, 3]}), ({'CONV': [32, 3]}, {'CONV': [256, 3]}, {'POOLMAX': [-1, 2]}), ({'CONV': [128, 5]}, {'CONV': [128, 3]}), ({'CONV': [128, 3]}, {'CONV': [128, 3]}, {'POOLMAX': [-1, 2]}), {'GLOBAL_AVG': None}, {'LAST_DENSE': [100, 'softmax']}]",HHSE,NSGA2,,,,,0.7009272071507626,,,,1181634048,4978980,,,,,,"[0, 62, 44, 28, 62, 6, 10, 55]",0.7184043515856068,-0.0001447016232408,0.0,0.0,0.625,0.0,0.16,0,0,0,100,0,0.0,BEST,False,False,240,True,True,GREEDY,,,GREEDY_HV
BPAYJC[M][M],25,26,59,16,0.59,True,True,"[0, 32, 47, 22, 62, 6, 44, 36]",[],"[0.7500471137169016, 32.03398616329455, 47.58169391973064, 22.732690476454916, 62.936875251582975, 6.332940895413751, 44.883752063927815, 36.58502084189717]","[{'INP': 32}, {'CONV': [64, 3]}, ({'CONV': [32, 3]}, {'CONV': [32, 3]}), ({'CONV': [128, 3]}, {'CONV': [32, 3]}, {'POOLMAX': [-1, 2]}), ({'CONV': [128, 5]}, {'CONV': [256, 5]}), ({'CONV': [64, 3]}, {'CONV': [256, 3]}, {'POOLMAX': [-1, 2]}), ({'CONV': [256, 5]}, {'CONV': [256, 3]}), ({'CONV': [32, 3]}, {'CONV': [256, 3]}, {'POOLMAX': [-1, 2]}), ({'CONV': [128, 5]}, {'CONV': [128, 3]}), ({'CONV': [128, 3]}, {'CONV': [128, 3]}, {'POOLMAX': [-1, 2]}), {'GLOBAL_AVG': None}, {'LAST_DENSE': [100, 'softmax']}]",HHSE,NSGA2,,,,,0.7009272071507626,,,,1181634048,4978980,,,,,,"[0, 62, 44, 28, 62, 6, 10, 55]",0.7185347903903497,-0.0024575071944822,0.0,0.0,0.625,0.0,0.16,0,0,0,100,0,0.0,BEST,False,False,240,True,True,GREEDY,,,GREEDY_HV
BPAYJC[M][M],25,26,60,16,0.6,True,True,"[0, 32, 47, 22, 62, 6, 44, 36]",[],"[0.7500471137169016, 32.03398616329455, 47.58169391973064, 22.732690476454916, 62.936875251582975, 6.332940895413751, 44.883752063927815, 36.58502084189717]","[{'INP': 32}, {'CONV': [64, 3]}, ({'CONV': [32, 3]}, {'CONV': [32, 3]}), ({'CONV': [128, 3]}, {'CONV': [32, 3]}, {'POOLMAX': [-1, 2]}), ({'CONV': [128, 5]}, {'CONV': [256, 5]}), ({'CONV': [64, 3]}, {'CONV': [256, 3]}, {'POOLMAX': [-1, 2]}), ({'CONV': [256, 5]}, {'CONV': [256, 3]}), ({'CONV': [32, 3]}, {'CONV': [256, 3]}, {'POOLMAX': [-1, 2]}), ({'CONV': [128, 5]}, {'CONV': [128, 3]}), ({'CONV': [128, 3]}, {'CONV': [128, 3]}, {'POOLMAX': [-1, 2]}), {'GLOBAL_AVG': None}, {'LAST_DENSE': [100, 'softmax']}]",HHSE,NSGA2,,,,,0.7009272071507626,,,,1181634048,4978980,,,,,,"[0, 62, 44, 28, 62, 6, 10, 55]",0.7185483511262231,-0.0001713955717853,0.0,0.0,0.625,0.0,0.16,0,1,0,100,0,0.01,BEST,False,False,240,True,True,GREEDY,,,GREEDY_HV
BPAYJC[M][M],25,26,61,16,0.61,True,True,"[0, 32, 47, 22, 62, 6, 44, 36]",[],"[0.7500471137169016, 32.03398616329455, 47.58169391973064, 22.732690476454916, 62.936875251582975, 6.332940895413751, 44.883752063927815, 36.58502084189717]","[{'INP': 32}, {'CONV': [64, 3]}, ({'CONV': [32, 3]}, {'CONV': [32, 3]}), ({'CONV': [128, 3]}, {'CONV': [32, 3]}, {'POOLMAX': [-1, 2]}), ({'CONV': [128, 5]}, {'CONV': [256, 5]}), ({'CONV': [64, 3]}, {'CONV': [256, 3]}, {'POOLMAX': [-1, 2]}), ({'CONV': [256, 5]}, {'CONV': [256, 3]}), ({'CONV': [32, 3]}, {'CONV': [256, 3]}, {'POOLMAX': [-1, 2]}), ({'CONV': [128, 5]}, {'CONV': [128, 3]}), ({'CONV': [128, 3]}, {'CONV': [128, 3]}, {'POOLMAX': [-1, 2]}), {'GLOBAL_AVG': None}, {'LAST_DENSE': [100, 'softmax']}]",HHSE,NSGA2,,,,,0.7009272071507626,,,,1181634048,4978980,,,,,,"[0, 62, 44, 28, 62, 6, 10, 55]",0.7193587322033227,-0.0013120669556733,0.0,0.0,0.625,0.0,0.16,0,1,0,100,0,0.01,BEST,False,False,240,True,True,GREEDY,,,GREEDY_HV
BPAYJC[M][M],25,26,62,16,0.62,True,True,"[0, 32, 47, 22, 62, 6, 44, 36]",[],"[0.7500471137169016, 32.03398616329455, 47.58169391973064, 22.732690476454916, 62.936875251582975, 6.332940895413751, 44.883752063927815, 36.58502084189717]","[{'INP': 32}, {'CONV': [64, 3]}, ({'CONV': [32, 3]}, {'CONV': [32, 3]}), ({'CONV': [128, 3]}, {'CONV': [32, 3]}, {'POOLMAX': [-1, 2]}), ({'CONV': [128, 5]}, {'CONV': [256, 5]}), ({'CONV': [64, 3]}, {'CONV': [256, 3]}, {'POOLMAX': [-1, 2]}), ({'CONV': [256, 5]}, {'CONV': [256, 3]}), ({'CONV': [32, 3]}, {'CONV': [256, 3]}, {'POOLMAX': [-1, 2]}), ({'CONV': [128, 5]}, {'CONV': [128, 3]}), ({'CONV': [128, 3]}, {'CONV': [128, 3]}, {'POOLMAX': [-1, 2]}), {'GLOBAL_AVG': None}, {'LAST_DENSE': [100, 'softmax']}]",HHSE,NSGA2,,,,,0.7009272071507626,,,,1181634048,4978980,,,,,,"[0, 62, 44, 28, 62, 6, 10, 55]",0.7186676398522398,-0.0004152765607945,0.0,0.0,0.625,0.0,0.16,0,0,0,100,0,0.0,BEST,False,False,240,True,True,GREEDY,,,GREEDY_HV
BPAYJC[M][M],25,26,63,16,0.63,True,True,"[0, 32, 47, 22, 62, 6, 44, 36]",[],"[0.7500471137169016, 32.03398616329455, 47.58169391973064, 22.732690476454916, 62.936875251582975, 6.332940895413751, 44.883752063927815, 36.58502084189717]","[{'INP': 32}, {'CONV': [64, 3]}, ({'CONV': [32, 3]}, {'CONV': [32, 3]}), ({'CONV': [128, 3]}, {'CONV': [32, 3]}, {'POOLMAX': [-1, 2]}), ({'CONV': [128, 5]}, {'CONV': [256, 5]}), ({'CONV': [64, 3]}, {'CONV': [256, 3]}, {'POOLMAX': [-1, 2]}), ({'CONV': [256, 5]}, {'CONV': [256, 3]}), ({'CONV': [32, 3]}, {'CONV': [256, 3]}, {'POOLMAX': [-1, 2]}), ({'CONV': [128, 5]}, {'CONV': [128, 3]}), ({'CONV': [128, 3]}, {'CONV': [128, 3]}, {'POOLMAX': [-1, 2]}), {'GLOBAL_AVG': None}, {'LAST_DENSE': [100, 'softmax']}]",HHSE,NSGA2,,,,,0.7009272071507626,,,,1181634048,4978980,,,,,,"[0, 62, 44, 28, 62, 6, 10, 55]",0.718727108604355,-0.0004948645991182,0.0,0.0,0.625,0.0,0.16,0,0,0,100,0,0.0,BEST,False,False,240,True,True,GREEDY,,,GREEDY_HV
BPAYJC[M][M],25,26,64,16,0.64,True,True,"[0, 32, 47, 22, 62, 6, 44, 36]",[],"[0.7500471137169016, 32.03398616329455, 47.58169391973064, 22.732690476454916, 62.936875251582975, 6.332940895413751, 44.883752063927815, 36.58502084189717]","[{'INP': 32}, {'CONV': [64, 3]}, ({'CONV': [32, 3]}, {'CONV': [32, 3]}), ({'CONV': [128, 3]}, {'CONV': [32, 3]}, {'POOLMAX': [-1, 2]}), ({'CONV': [128, 5]}, {'CONV': [256, 5]}), ({'CONV': [64, 3]}, {'CONV': [256, 3]}, {'POOLMAX': [-1, 2]}), ({'CONV': [256, 5]}, {'CONV': [256, 3]}), ({'CONV': [32, 3]}, {'CONV': [256, 3]}, {'POOLMAX': [-1, 2]}), ({'CONV': [128, 5]}, {'CONV': [128, 3]}), ({'CONV': [128, 3]}, {'CONV': [128, 3]}, {'POOLMAX': [-1, 2]}), {'GLOBAL_AVG': None}, {'LAST_DENSE': [100, 'softmax']}]",HHSE,NSGA2,,,,,0.7009272071507626,,,,1181634048,4978980,,,,,,"[0, 62, 44, 28, 62, 6, 10, 55]",0.7190039072462782,0.0001997006738722,0.0,0.0,0.625,0.0,0.16,0,0,0,100,0,0.0,BEST,False,False,240,True,True,GREEDY,,,GREEDY_HV
BPAYJC[M][M],25,26,65,16,0.65,True,True,"[0, 32, 47, 22, 62, 6, 44, 36]",[],"[0.7500471137169016, 32.03398616329455, 47.58169391973064, 22.732690476454916, 62.936875251582975, 6.332940895413751, 44.883752063927815, 36.58502084189717]","[{'INP': 32}, {'CONV': [64, 3]}, ({'CONV': [32, 3]}, {'CONV': [32, 3]}), ({'CONV': [128, 3]}, {'CONV': [32, 3]}, {'POOLMAX': [-1, 2]}), ({'CONV': [128, 5]}, {'CONV': [256, 5]}), ({'CONV': [64, 3]}, {'CONV': [256, 3]}, {'POOLMAX': [-1, 2]}), ({'CONV': [256, 5]}, {'CONV': [256, 3]}), ({'CONV': [32, 3]}, {'CONV': [256, 3]}, {'POOLMAX': [-1, 2]}), ({'CONV': [128, 5]}, {'CONV': [128, 3]}), ({'CONV': [128, 3]}, {'CONV': [128, 3]}, {'POOLMAX': [-1, 2]}), {'GLOBAL_AVG': None}, {'LAST_DENSE': [100, 'softmax']}]",HHSE,NSGA2,,,,,0.7009272071507626,,,,1181634048,4978980,,,,,,"[0, 62, 44, 28, 62, 6, 10, 55]",0.7188743430753113,-6.940216142714561e-05,0.0,0.0,0.625,0.0,0.16,0,0,0,100,0,0.0,BEST,False,False,240,True,True,GREEDY,,,GREEDY_HV
BPAYJC[M][M],25,26,66,16,0.66,True,True,"[0, 32, 47, 22, 62, 6, 44, 36]",[],"[0.7500471137169016, 32.03398616329455, 47.58169391973064, 22.732690476454916, 62.936875251582975, 6.332940895413751, 44.883752063927815, 36.58502084189717]","[{'INP': 32}, {'CONV': [64, 3]}, ({'CONV': [32, 3]}, {'CONV': [32, 3]}), ({'CONV': [128, 3]}, {'CONV': [32, 3]}, {'POOLMAX': [-1, 2]}), ({'CONV': [128, 5]}, {'CONV': [256, 5]}), ({'CONV': [64, 3]}, {'CONV': [256, 3]}, {'POOLMAX': [-1, 2]}), ({'CONV': [256, 5]}, {'CONV': [256, 3]}), ({'CONV': [32, 3]}, {'CONV': [256, 3]}, {'POOLMAX': [-1, 2]}), ({'CONV': [128, 5]}, {'CONV': [128, 3]}), ({'CONV': [128, 3]}, {'CONV': [128, 3]}, {'POOLMAX': [-1, 2]}), {'GLOBAL_AVG': None}, {'LAST_DENSE': [100, 'softmax']}]",HHSE,NSGA2,,,,,0.7009272071507626,,,,1181634048,4978980,,,,,,"[0, 62, 44, 28, 62, 6, 10, 55]",0.719018750766411,-0.0001389998233551,0.0,0.0,0.625,0.0,0.16,0,0,0,100,0,0.0,BEST,False,False,240,True,True,GREEDY,,,GREEDY_HV
BYFLTJ[M],25,26,67,67,0.67,True,True,"[35, 32, 21, 36, 46, 6, 54, 20]",[],"[35.870790077708385, 32.26602029924919, 21.282546782518224, 36.384208924622136, 46.85583457274437, 6.339385165873964, 54.60345747619263, 20.96433825335676]","[{'INP': 32}, {'CONV': [64, 3]}, ({'CONV': [128, 3]}, {'CONV': [64, 5]}), ({'CONV': [128, 3]}, {'CONV': [32, 3]}, {'POOLMAX': [-1, 2]}), ({'CONV': [64, 3]}, {'CONV': [128, 5]}), ({'CONV': [128, 3]}, {'CONV': [128, 3]}, {'POOLMAX': [-1, 2]}), ({'CONV': [128, 5]}, {'CONV': [256, 3]}), ({'CONV': [32, 3]}, {'CONV': [256, 3]}, {'POOLMAX': [-1, 2]}), ({'CONV': [256, 3]}, {'CONV': [256, 3]}), ({'CONV': [64, 3]}, {'CONV': [128, 3]}, {'POOLMAX': [-1, 2]}), {'GLOBAL_AVG': None}, {'LAST_DENSE': [100, 'softmax']}]",HHSE,NSGA2,,,,,0.704943970209913,,,,1222961664,3183652,,,,,,"[33, 36, 14, 38, 51, 6, 55, 21]",0.7189708609376722,-0.0002478663919738,0.25,0.625,0.875,0.75,0.67,0,0,0,100,0,0.0,BEST,False,False,193,True,True,GREEDY,,,GREEDY_HV
BYFLTJ[M],25,26,68,67,0.68,True,True,"[35, 32, 21, 36, 46, 6, 54, 20]",[],"[35.870790077708385, 32.26602029924919, 21.282546782518224, 36.384208924622136, 46.85583457274437, 6.339385165873964, 54.60345747619263, 20.96433825335676]","[{'INP': 32}, {'CONV': [64, 3]}, ({'CONV': [128, 3]}, {'CONV': [64, 5]}), ({'CONV': [128, 3]}, {'CONV': [32, 3]}, {'POOLMAX': [-1, 2]}), ({'CONV': [64, 3]}, {'CONV': [128, 5]}), ({'CONV': [128, 3]}, {'CONV': [128, 3]}, {'POOLMAX': [-1, 2]}), ({'CONV': [128, 5]}, {'CONV': [256, 3]}), ({'CONV': [32, 3]}, {'CONV': [256, 3]}, {'POOLMAX': [-1, 2]}), ({'CONV': [256, 3]}, {'CONV': [256, 3]}), ({'CONV': [64, 3]}, {'CONV': [128, 3]}, {'POOLMAX': [-1, 2]}), {'GLOBAL_AVG': None}, {'LAST_DENSE': [100, 'softmax']}]",HHSE,NSGA2,,,,,0.704943970209913,,,,1222961664,3183652,,,,,,"[33, 36, 14, 38, 51, 6, 55, 21]",0.7225372963658495,-1.1089025105159855e-05,0.25,0.625,0.875,0.0,0.67,0,0,0,100,0,0.0,BEST,False,False,193,True,True,GREEDY,,,GREEDY_HV
BYFLTJ[M],25,26,69,67,0.69,True,True,"[35, 32, 21, 36, 46, 6, 54, 20]",[],"[35.870790077708385, 32.26602029924919, 21.282546782518224, 36.384208924622136, 46.85583457274437, 6.339385165873964, 54.60345747619263, 20.96433825335676]","[{'INP': 32}, {'CONV': [64, 3]}, ({'CONV': [128, 3]}, {'CONV': [64, 5]}), ({'CONV': [128, 3]}, {'CONV': [32, 3]}, {'POOLMAX': [-1, 2]}), ({'CONV': [64, 3]}, {'CONV': [128, 5]}), ({'CONV': [128, 3]}, {'CONV': [128, 3]}, {'POOLMAX': [-1, 2]}), ({'CONV': [128, 5]}, {'CONV': [256, 3]}), ({'CONV': [32, 3]}, {'CONV': [256, 3]}, {'POOLMAX': [-1, 2]}), ({'CONV': [256, 3]}, {'CONV': [256, 3]}), ({'CONV': [64, 3]}, {'CONV': [128, 3]}, {'POOLMAX': [-1, 2]}), {'GLOBAL_AVG': None}, {'LAST_DENSE': [100, 'softmax']}]",HHSE,NSGA2,,,,,0.704943970209913,,,,1222961664,3183652,,,,,,"[33, 36, 14, 38, 51, 6, 55, 21]",0.7226748083440826,0.0001024583845463,0.25,0.625,0.875,0.0,0.67,0,0,0,100,0,0.0,BEST,False,False,193,True,True,GREEDY,,,GREEDY_HV
BYFLTJ[M],25,26,70,67,0.7,True,True,"[35, 32, 21, 36, 46, 6, 54, 20]",[],"[35.870790077708385, 32.26602029924919, 21.282546782518224, 36.384208924622136, 46.85583457274437, 6.339385165873964, 54.60345747619263, 20.96433825335676]","[{'INP': 32}, {'CONV': [64, 3]}, ({'CONV': [128, 3]}, {'CONV': [64, 5]}), ({'CONV': [128, 3]}, {'CONV': [32, 3]}, {'POOLMAX': [-1, 2]}), ({'CONV': [64, 3]}, {'CONV': [128, 5]}), ({'CONV': [128, 3]}, {'CONV': [128, 3]}, {'POOLMAX': [-1, 2]}), ({'CONV': [128, 5]}, {'CONV': [256, 3]}), ({'CONV': [32, 3]}, {'CONV': [256, 3]}, {'POOLMAX': [-1, 2]}), ({'CONV': [256, 3]}, {'CONV': [256, 3]}), ({'CONV': [64, 3]}, {'CONV': [128, 3]}, {'POOLMAX': [-1, 2]}), {'GLOBAL_AVG': None}, {'LAST_DENSE': [100, 'softmax']}]",HHSE,NSGA2,,,,,0.704943970209913,,,,1222961664,3183652,,,,,,"[33, 36, 14, 38, 51, 6, 55, 21]",0.7225683548563593,-0.0002880091531081,0.25,0.625,0.875,0.0,0.67,0,0,0,100,0,0.0,BEST,False,False,193,True,True,GREEDY,,,GREEDY_HV
BYFLTJ[M],25,26,71,67,0.71,True,True,"[35, 32, 21, 36, 46, 6, 54, 20]",[],"[35.870790077708385, 32.26602029924919, 21.282546782518224, 36.384208924622136, 46.85583457274437, 6.339385165873964, 54.60345747619263, 20.96433825335676]","[{'INP': 32}, {'CONV': [64, 3]}, ({'CONV': [128, 3]}, {'CONV': [64, 5]}), ({'CONV': [128, 3]}, {'CONV': [32, 3]}, {'POOLMAX': [-1, 2]}), ({'CONV': [64, 3]}, {'CONV': [128, 5]}), ({'CONV': [128, 3]}, {'CONV': [128, 3]}, {'POOLMAX': [-1, 2]}), ({'CONV': [128, 5]}, {'CONV': [256, 3]}), ({'CONV': [32, 3]}, {'CONV': [256, 3]}, {'POOLMAX': [-1, 2]}), ({'CONV': [256, 3]}, {'CONV': [256, 3]}), ({'CONV': [64, 3]}, {'CONV': [128, 3]}, {'POOLMAX': [-1, 2]}), {'GLOBAL_AVG': None}, {'LAST_DENSE': [100, 'softmax']}]",HHSE,NSGA2,,,,,0.704943970209913,,,,1222961664,3183652,,,,,,"[33, 36, 14, 38, 51, 6, 55, 21]",0.7227496494583987,-3.768752730359815e-05,0.25,0.625,0.875,0.0,0.67,0,0,0,100,0,0.0,BEST,False,False,193,True,True,GREEDY,,,GREEDY_HV
BPAYJC[M][M][M][M][M],25,26,72,72,0.72,True,True,"[14, 22, 38, 38, 57, 5, 55, 22]",[],"[14.933270520424053, 22.212728492267487, 38.29567607447, 38.55327546523388, 57.13311299714873, 5.0653867207780054, 55.08770506973008, 22.812989471857165]","[{'INP': 32}, {'CONV': [64, 3]}, ({'CONV': [32, 5]}, {'CONV': [256, 3]}), ({'CONV': [64, 3]}, {'CONV': [256, 3]}, {'POOLMAX': [-1, 2]}), ({'CONV': [128, 3]}, {'CONV': [256, 3]}), ({'CONV': [128, 3]}, {'CONV': [256, 3]}, {'POOLMAX': [-1, 2]}), ({'CONV': [256, 5]}, {'CONV': [32, 5]}), ({'CONV': [32, 3]}, {'CONV': [128, 5]}, {'POOLMAX': [-1, 2]}), ({'CONV': [256, 3]}, {'CONV': [256, 5]}), ({'CONV': [64, 3]}, {'CONV': [256, 3]}, {'POOLMAX': [-1, 2]}), {'GLOBAL_AVG': None}, {'LAST_DENSE': [100, 'softmax']}]",HHSE,NSGA2,,,,,0.7063197286793288,,,,1794916352,5820836,,,,,,"[10, 20, 47, 36, 55, 4, 54, 22]",0.7240053822664024,-0.0001225107722566,0.0,0.0,0.875,1.0,0.72,0,2,0,100,0,0.02,BEST,False,False,171,True,True,GREEDY,,,GREEDY_HV
BPAYJC[M][M][M][M][M],25,26,73,72,0.73,True,True,"[14, 22, 38, 38, 57, 5, 55, 22]",[],"[14.933270520424053, 22.212728492267487, 38.29567607447, 38.55327546523388, 57.13311299714873, 5.0653867207780054, 55.08770506973008, 22.812989471857165]","[{'INP': 32}, {'CONV': [64, 3]}, ({'CONV': [32, 5]}, {'CONV': [256, 3]}), ({'CONV': [64, 3]}, {'CONV': [256, 3]}, {'POOLMAX': [-1, 2]}), ({'CONV': [128, 3]}, {'CONV': [256, 3]}), ({'CONV': [128, 3]}, {'CONV': [256, 3]}, {'POOLMAX': [-1, 2]}), ({'CONV': [256, 5]}, {'CONV': [32, 5]}), ({'CONV': [32, 3]}, {'CONV': [128, 5]}, {'POOLMAX': [-1, 2]}), ({'CONV': [256, 3]}, {'CONV': [256, 5]}), ({'CONV': [64, 3]}, {'CONV': [256, 3]}, {'POOLMAX': [-1, 2]}), {'GLOBAL_AVG': None}, {'LAST_DENSE': [100, 'softmax']}]",HHSE,NSGA2,,,,,0.7063197286793288,,,,1794916352,5820836,,,,,,"[10, 20, 47, 36, 55, 4, 54, 22]",0.724999759897739,-0.00094482853402,0.0,0.0,0.875,0.0,0.72,0,1,0,100,0,0.01,BEST,False,False,171,True,True,GREEDY,,,GREEDY_HV
BPAYJC[M][M][M][M][M],25,26,74,72,0.74,True,True,"[14, 22, 38, 38, 57, 5, 55, 22]",[],"[14.933270520424053, 22.212728492267487, 38.29567607447, 38.55327546523388, 57.13311299714873, 5.0653867207780054, 55.08770506973008, 22.812989471857165]","[{'INP': 32}, {'CONV': [64, 3]}, ({'CONV': [32, 5]}, {'CONV': [256, 3]}), ({'CONV': [64, 3]}, {'CONV': [256, 3]}, {'POOLMAX': [-1, 2]}), ({'CONV': [128, 3]}, {'CONV': [256, 3]}), ({'CONV': [128, 3]}, {'CONV': [256, 3]}, {'POOLMAX': [-1, 2]}), ({'CONV': [256, 5]}, {'CONV': [32, 5]}), ({'CONV': [32, 3]}, {'CONV': [128, 5]}, {'POOLMAX': [-1, 2]}), ({'CONV': [256, 3]}, {'CONV': [256, 5]}), ({'CONV': [64, 3]}, {'CONV': [256, 3]}, {'POOLMAX': [-1, 2]}), {'GLOBAL_AVG': None}, {'LAST_DENSE': [100, 'softmax']}]",HHSE,NSGA2,,,,,0.7063197286793288,,,,1794916352,5820836,,,,,,"[10, 20, 47, 36, 55, 4, 54, 22]",0.7250709982019414,-8.548634817517886e-05,0.0,0.0,0.875,0.0,0.72,0,1,0,100,0,0.01,BEST,False,False,171,True,True,GREEDY,,,GREEDY_HV
BPAYJC[M][M][M][M][M],25,26,75,72,0.75,True,True,"[14, 22, 38, 38, 57, 5, 55, 22]",[],"[14.933270520424053, 22.212728492267487, 38.29567607447, 38.55327546523388, 57.13311299714873, 5.0653867207780054, 55.08770506973008, 22.812989471857165]","[{'INP': 32}, {'CONV': [64, 3]}, ({'CONV': [32, 5]}, {'CONV': [256, 3]}), ({'CONV': [64, 3]}, {'CONV': [256, 3]}, {'POOLMAX': [-1, 2]}), ({'CONV': [128, 3]}, {'CONV': [256, 3]}), ({'CONV': [128, 3]}, {'CONV': [256, 3]}, {'POOLMAX': [-1, 2]}), ({'CONV': [256, 5]}, {'CONV': [32, 5]}), ({'CONV': [32, 3]}, {'CONV': [128, 5]}, {'POOLMAX': [-1, 2]}), ({'CONV': [256, 3]}, {'CONV': [256, 5]}), ({'CONV': [64, 3]}, {'CONV': [256, 3]}, {'POOLMAX': [-1, 2]}), {'GLOBAL_AVG': None}, {'LAST_DENSE': [100, 'softmax']}]",HHSE,NSGA2,,,,,0.7063197286793288,,,,1794916352,5820836,,,,,,"[10, 20, 47, 36, 55, 4, 54, 22]",0.7250748269157914,-0.0002510227400612,0.0,0.0,0.875,0.0,0.72,0,0,0,100,0,0.0,BEST,False,False,171,True,True,GREEDY,,,GREEDY_HV
BPAYJC[M][M][M][M][M],25,26,76,72,0.76,True,True,"[14, 22, 38, 38, 57, 5, 55, 22]",[],"[14.933270520424053, 22.212728492267487, 38.29567607447, 38.55327546523388, 57.13311299714873, 5.0653867207780054, 55.08770506973008, 22.812989471857165]","[{'INP': 32}, {'CONV': [64, 3]}, ({'CONV': [32, 5]}, {'CONV': [256, 3]}), ({'CONV': [64, 3]}, {'CONV': [256, 3]}, {'POOLMAX': [-1, 2]}), ({'CONV': [128, 3]}, {'CONV': [256, 3]}), ({'CONV': [128, 3]}, {'CONV': [256, 3]}, {'POOLMAX': [-1, 2]}), ({'CONV': [256, 5]}, {'CONV': [32, 5]}), ({'CONV': [32, 3]}, {'CONV': [128, 5]}, {'POOLMAX': [-1, 2]}), ({'CONV': [256, 3]}, {'CONV': [256, 5]}), ({'CONV': [64, 3]}, {'CONV': [256, 3]}, {'POOLMAX': [-1, 2]}), {'GLOBAL_AVG': None}, {'LAST_DENSE': [100, 'softmax']}]",HHSE,NSGA2,,,,,0.7063197286793288,,,,1794916352,5820836,,,,,,"[10, 20, 47, 36, 55, 4, 54, 22]",0.7254401842928871,-0.0020118149316712,0.0,0.0,0.875,0.0,0.72,0,0,0,100,0,0.0,BEST,False,False,171,True,True,GREEDY,,,GREEDY_HV
BPAYJC[M][M][M][M][M],25,26,77,72,0.77,True,True,"[14, 22, 38, 38, 57, 5, 55, 22]",[],"[14.933270520424053, 22.212728492267487, 38.29567607447, 38.55327546523388, 57.13311299714873, 5.0653867207780054, 55.08770506973008, 22.812989471857165]","[{'INP': 32}, {'CONV': [64, 3]}, ({'CONV': [32, 5]}, {'CONV': [256, 3]}), ({'CONV': [64, 3]}, {'CONV': [256, 3]}, {'POOLMAX': [-1, 2]}), ({'CONV': [128, 3]}, {'CONV': [256, 3]}), ({'CONV': [128, 3]}, {'CONV': [256, 3]}, {'POOLMAX': [-1, 2]}), ({'CONV': [256, 5]}, {'CONV': [32, 5]}), ({'CONV': [32, 3]}, {'CONV': [128, 5]}, {'POOLMAX': [-1, 2]}), ({'CONV': [256, 3]}, {'CONV': [256, 5]}), ({'CONV': [64, 3]}, {'CONV': [256, 3]}, {'POOLMAX': [-1, 2]}), {'GLOBAL_AVG': None}, {'LAST_DENSE': [100, 'softmax']}]",HHSE,NSGA2,,,,,0.7063197286793288,,,,1794916352,5820836,,,,,,"[10, 20, 47, 36, 55, 4, 54, 22]",0.7252898654764433,-3.631572759310586e-05,0.0,0.0,0.875,0.0,0.72,0,0,0,100,0,0.0,BEST,False,False,171,True,True,GREEDY,,,GREEDY_HV
BPAYJC[M][M][M][M][M],25,26,78,72,0.78,True,True,"[14, 22, 38, 38, 57, 5, 55, 22]",[],"[14.933270520424053, 22.212728492267487, 38.29567607447, 38.55327546523388, 57.13311299714873, 5.0653867207780054, 55.08770506973008, 22.812989471857165]","[{'INP': 32}, {'CONV': [64, 3]}, ({'CONV': [32, 5]}, {'CONV': [256, 3]}), ({'CONV': [64, 3]}, {'CONV': [256, 3]}, {'POOLMAX': [-1, 2]}), ({'CONV': [128, 3]}, {'CONV': [256, 3]}), ({'CONV': [128, 3]}, {'CONV': [256, 3]}, {'POOLMAX': [-1, 2]}), ({'CONV': [256, 5]}, {'CONV': [32, 5]}), ({'CONV': [32, 3]}, {'CONV': [128, 5]}, {'POOLMAX': [-1, 2]}), ({'CONV': [256, 3]}, {'CONV': [256, 5]}), ({'CONV': [64, 3]}, {'CONV': [256, 3]}, {'POOLMAX': [-1, 2]}), {'GLOBAL_AVG': None}, {'LAST_DENSE': [100, 'softmax']}]",HHSE,NSGA2,,,,,0.7063197286793288,,,,1794916352,5820836,,,,,,"[10, 20, 47, 36, 55, 4, 54, 22]",0.7252996040418461,-0.0001481561120962,0.0,0.0,0.875,0.0,0.72,0,0,0,100,0,0.0,BEST,False,False,171,True,True,GREEDY,,,GREEDY_HV
BPAYJC[M][M][M][M][M],25,26,79,72,0.79,True,True,"[14, 22, 38, 38, 57, 5, 55, 22]",[],"[14.933270520424053, 22.212728492267487, 38.29567607447, 38.55327546523388, 57.13311299714873, 5.0653867207780054, 55.08770506973008, 22.812989471857165]","[{'INP': 32}, {'CONV': [64, 3]}, ({'CONV': [32, 5]}, {'CONV': [256, 3]}), ({'CONV': [64, 3]}, {'CONV': [256, 3]}, {'POOLMAX': [-1, 2]}), ({'CONV': [128, 3]}, {'CONV': [256, 3]}), ({'CONV': [128, 3]}, {'CONV': [256, 3]}, {'POOLMAX': [-1, 2]}), ({'CONV': [256, 5]}, {'CONV': [32, 5]}), ({'CONV': [32, 3]}, {'CONV': [128, 5]}, {'POOLMAX': [-1, 2]}), ({'CONV': [256, 3]}, {'CONV': [256, 5]}), ({'CONV': [64, 3]}, {'CONV': [256, 3]}, {'POOLMAX': [-1, 2]}), {'GLOBAL_AVG': None}, {'LAST_DENSE': [100, 'softmax']}]",HHSE,NSGA2,,,,,0.7063197286793288,,,,1794916352,5820836,,,,,,"[10, 20, 47, 36, 55, 4, 54, 22]",0.7255561088559082,-0.0001268311339016,0.0,0.0,0.875,0.0,0.72,0,1,0,100,0,0.01,BEST,False,False,171,True,True,GREEDY,,,GREEDY_HV
BPAYJC[M][M][M][M][M],25,26,80,72,0.8,True,True,"[14, 22, 38, 38, 57, 5, 55, 22]",[],"[14.933270520424053, 22.212728492267487, 38.29567607447, 38.55327546523388, 57.13311299714873, 5.0653867207780054, 55.08770506973008, 22.812989471857165]","[{'INP': 32}, {'CONV': [64, 3]}, ({'CONV': [32, 5]}, {'CONV': [256, 3]}), ({'CONV': [64, 3]}, {'CONV': [256, 3]}, {'POOLMAX': [-1, 2]}), ({'CONV': [128, 3]}, {'CONV': [256, 3]}), ({'CONV': [128, 3]}, {'CONV': [256, 3]}, {'POOLMAX': [-1, 2]}), ({'CONV': [256, 5]}, {'CONV': [32, 5]}), ({'CONV': [32, 3]}, {'CONV': [128, 5]}, {'POOLMAX': [-1, 2]}), ({'CONV': [256, 3]}, {'CONV': [256, 5]}), ({'CONV': [64, 3]}, {'CONV': [256, 3]}, {'POOLMAX': [-1, 2]}), {'GLOBAL_AVG': None}, {'LAST_DENSE': [100, 'softmax']}]",HHSE,NSGA2,,,,,0.7063197286793288,,,,1794916352,5820836,,,,,,"[10, 20, 47, 36, 55, 4, 54, 22]",0.7254648343213019,-0.0022137072064596,0.0,0.0,0.875,0.0,0.72,0,0,0,100,0,0.0,BEST,False,False,171,True,True,GREEDY,,,GREEDY_HV
BPAYJC[M][M][M][M][M],25,26,81,72,0.81,True,True,"[14, 22, 38, 38, 57, 5, 55, 22]",[],"[14.933270520424053, 22.212728492267487, 38.29567607447, 38.55327546523388, 57.13311299714873, 5.0653867207780054, 55.08770506973008, 22.812989471857165]","[{'INP': 32}, {'CONV': [64, 3]}, ({'CONV': [32, 5]}, {'CONV': [256, 3]}), ({'CONV': [64, 3]}, {'CONV': [256, 3]}, {'POOLMAX': [-1, 2]}), ({'CONV': [128, 3]}, {'CONV': [256, 3]}), ({'CONV': [128, 3]}, {'CONV': [256, 3]}, {'POOLMAX': [-1, 2]}), ({'CONV': [256, 5]}, {'CONV': [32, 5]}), ({'CONV': [32, 3]}, {'CONV': [128, 5]}, {'POOLMAX': [-1, 2]}), ({'CONV': [256, 3]}, {'CONV': [256, 5]}), ({'CONV': [64, 3]}, {'CONV': [256, 3]}, {'POOLMAX': [-1, 2]}), {'GLOBAL_AVG': None}, {'LAST_DENSE': [100, 'softmax']}]",HHSE,NSGA2,,,,,0.7063197286793288,,,,1794916352,5820836,,,,,,"[10, 20, 47, 36, 55, 4, 54, 22]",0.7255753841778374,2.403042494281138e-05,0.0,0.0,0.875,0.0,0.72,0,0,0,100,0,0.0,BEST,False,False,171,True,True,GREEDY,,,GREEDY_HV
BYFLTJ[M][M],25,26,82,82,0.82,True,True,"[35, 30, 20, 36, 46, 6, 54, 20]",[],"[35.876495401107626, 30.14055252569974, 20.75279891475593, 36.267142570399315, 46.90522691812803, 6.312825560672121, 54.47300354497908, 20.527507401433567]","[{'INP': 32}, {'CONV': [64, 3]}, ({'CONV': [128, 3]}, {'CONV': [64, 5]}), ({'CONV': [64, 5]}, {'CONV': [256, 3]}, {'POOLMAX': [-1, 2]}), ({'CONV': [64, 3]}, {'CONV': [128, 3]}), ({'CONV': [128, 3]}, {'CONV': [128, 3]}, {'POOLMAX': [-1, 2]}), ({'CONV': [128, 5]}, {'CONV': [256, 3]}), ({'CONV': [32, 3]}, {'CONV': [256, 3]}, {'POOLMAX': [-1, 2]}), ({'CONV': [256, 3]}, {'CONV': [256, 3]}), ({'CONV': [64, 3]}, {'CONV': [128, 3]}, {'POOLMAX': [-1, 2]}), {'GLOBAL_AVG': None}, {'LAST_DENSE': [100, 'softmax']}]",HHSE,NSGA2,,,,,0.7074937993992342,,,,1508862464,3321508,,,,,,"[35, 32, 21, 36, 46, 6, 54, 20]",0.7256421659281576,-7.956434506217747e-05,0.0,0.0,0.25,1.0,0.82,0,0,0,100,0,0.0,BEST,False,False,145,True,True,GREEDY,,,GREEDY_HV
BYFLTJ[M][M],25,26,83,82,0.83,True,True,"[35, 30, 20, 36, 46, 6, 54, 20]",[],"[35.876495401107626, 30.14055252569974, 20.75279891475593, 36.267142570399315, 46.90522691812803, 6.312825560672121, 54.47300354497908, 20.527507401433567]","[{'INP': 32}, {'CONV': [64, 3]}, ({'CONV': [128, 3]}, {'CONV': [64, 5]}), ({'CONV': [64, 5]}, {'CONV': [256, 3]}, {'POOLMAX': [-1, 2]}), ({'CONV': [64, 3]}, {'CONV': [128, 3]}), ({'CONV': [128, 3]}, {'CONV': [128, 3]}, {'POOLMAX': [-1, 2]}), ({'CONV': [128, 5]}, {'CONV': [256, 3]}), ({'CONV': [32, 3]}, {'CONV': [256, 3]}, {'POOLMAX': [-1, 2]}), ({'CONV': [256, 3]}, {'CONV': [256, 3]}), ({'CONV': [64, 3]}, {'CONV': [128, 3]}, {'POOLMAX': [-1, 2]}), {'GLOBAL_AVG': None}, {'LAST_DENSE': [100, 'softmax']}]",HHSE,NSGA2,,,,,0.7074937993992342,,,,1508862464,3321508,,,,,,"[35, 32, 21, 36, 46, 6, 54, 20]",0.7267919315142368,-2.4789965195948227e-05,0.0,0.0,0.25,0.0,0.82,0,3,0,100,0,0.03,BEST,False,False,145,True,True,GREEDY,,,GREEDY_HV
BYFLTJ[M][M],25,26,84,82,0.84,True,True,"[35, 30, 20, 36, 46, 6, 54, 20]",[],"[35.876495401107626, 30.14055252569974, 20.75279891475593, 36.267142570399315, 46.90522691812803, 6.312825560672121, 54.47300354497908, 20.527507401433567]","[{'INP': 32}, {'CONV': [64, 3]}, ({'CONV': [128, 3]}, {'CONV': [64, 5]}), ({'CONV': [64, 5]}, {'CONV': [256, 3]}, {'POOLMAX': [-1, 2]}), ({'CONV': [64, 3]}, {'CONV': [128, 3]}), ({'CONV': [128, 3]}, {'CONV': [128, 3]}, {'POOLMAX': [-1, 2]}), ({'CONV': [128, 5]}, {'CONV': [256, 3]}), ({'CONV': [32, 3]}, {'CONV': [256, 3]}, {'POOLMAX': [-1, 2]}), ({'CONV': [256, 3]}, {'CONV': [256, 3]}), ({'CONV': [64, 3]}, {'CONV': [128, 3]}, {'POOLMAX': [-1, 2]}), {'GLOBAL_AVG': None}, {'LAST_DENSE': [100, 'softmax']}]",HHSE,NSGA2,,,,,0.7074937993992342,,,,1508862464,3321508,,,,,,"[35, 32, 21, 36, 46, 6, 54, 20]",0.7269315374067257,-0.0003692044840027,0.0,0.0,0.25,0.0,0.82,0,0,0,100,0,0.0,BEST,False,False,145,True,True,GREEDY,,,GREEDY_HV
BYFLTJ[M][M],25,26,85,85,0.85,True,True,"[36, 28, 21, 36, 46, 6, 54, 22]",[],"[36.288539434589566, 28.442589215377804, 21.23094553545272, 36.47146076577619, 46.889826660088154, 6.336511923943476, 54.168633919093196, 22.084161377891583]","[{'INP': 32}, {'CONV': [64, 3]}, ({'CONV': [128, 3]}, {'CONV': [128, 3]}), ({'CONV': [64, 5]}, {'CONV': [128, 3]}, {'POOLMAX': [-1, 2]}), ({'CONV': [64, 3]}, {'CONV': [128, 5]}), ({'CONV': [128, 3]}, {'CONV': [128, 3]}, {'POOLMAX': [-1, 2]}), ({'CONV': [128, 5]}, {'CONV': [256, 3]}), ({'CONV': [32, 3]}, {'CONV': [256, 3]}, {'POOLMAX': [-1, 2]}), ({'CONV': [256, 3]}, {'CONV': [256, 3]}), ({'CONV': [64, 3]}, {'CONV': [256, 3]}, {'POOLMAX': [-1, 2]}), {'GLOBAL_AVG': None}, {'LAST_DENSE': [100, 'softmax']}]",HHSE,NSGA2,,,,,0.7103167447803471,,,,1481054208,3436964,,,,,,"[35, 32, 21, 36, 46, 6, 54, 20]",0.7277931499231212,0.0003591573784734,0.0,0.0,0.375,0.5,0.85,0,0,0,100,0,0.0,BEST,False,False,101,True,True,GREEDY,,,GREEDY_HV
BYFLTJ[M][M],25,26,86,85,0.86,True,True,"[36, 28, 21, 36, 46, 6, 54, 22]",[],"[36.288539434589566, 28.442589215377804, 21.23094553545272, 36.47146076577619, 46.889826660088154, 6.336511923943476, 54.168633919093196, 22.084161377891583]","[{'INP': 32}, {'CONV': [64, 3]}, ({'CONV': [128, 3]}, {'CONV': [128, 3]}), ({'CONV': [64, 5]}, {'CONV': [128, 3]}, {'POOLMAX': [-1, 2]}), ({'CONV': [64, 3]}, {'CONV': [128, 5]}), ({'CONV': [128, 3]}, {'CONV': [128, 3]}, {'POOLMAX': [-1, 2]}), ({'CONV': [128, 5]}, {'CONV': [256, 3]}), ({'CONV': [32, 3]}, {'CONV': [256, 3]}, {'POOLMAX': [-1, 2]}), ({'CONV': [256, 3]}, {'CONV': [256, 3]}), ({'CONV': [64, 3]}, {'CONV': [256, 3]}, {'POOLMAX': [-1, 2]}), {'GLOBAL_AVG': None}, {'LAST_DENSE': [100, 'softmax']}]",HHSE,NSGA2,,,,,0.7103167447803471,,,,1481054208,3436964,,,,,,"[35, 32, 21, 36, 46, 6, 54, 20]",0.7294454266529924,7.623158545522202e-07,0.0,0.0,0.375,0.0,0.85,0,1,0,100,0,0.01,BEST,False,False,101,True,True,GREEDY,,,GREEDY_HV
BYFLTJ[M][M],25,26,87,85,0.87,True,True,"[36, 28, 21, 36, 46, 6, 54, 22]",[],"[36.288539434589566, 28.442589215377804, 21.23094553545272, 36.47146076577619, 46.889826660088154, 6.336511923943476, 54.168633919093196, 22.084161377891583]","[{'INP': 32}, {'CONV': [64, 3]}, ({'CONV': [128, 3]}, {'CONV': [128, 3]}), ({'CONV': [64, 5]}, {'CONV': [128, 3]}, {'POOLMAX': [-1, 2]}), ({'CONV': [64, 3]}, {'CONV': [128, 5]}), ({'CONV': [128, 3]}, {'CONV': [128, 3]}, {'POOLMAX': [-1, 2]}), ({'CONV': [128, 5]}, {'CONV': [256, 3]}), ({'CONV': [32, 3]}, {'CONV': [256, 3]}, {'POOLMAX': [-1, 2]}), ({'CONV': [256, 3]}, {'CONV': [256, 3]}), ({'CONV': [64, 3]}, {'CONV': [256, 3]}, {'POOLMAX': [-1, 2]}), {'GLOBAL_AVG': None}, {'LAST_DENSE': [100, 'softmax']}]",HHSE,NSGA2,,,,,0.7103167447803471,,,,1481054208,3436964,,,,,,"[35, 32, 21, 36, 46, 6, 54, 20]",0.7311813653988464,0.0015908494457143,0.0,0.0,0.375,0.0,0.85,0,1,0,100,0,0.01,BEST,False,False,101,True,True,GREEDY,,,GREEDY_HV
BYFLTJ[M][M],25,26,88,85,0.88,True,True,"[36, 28, 21, 36, 46, 6, 54, 22]",[],"[36.288539434589566, 28.442589215377804, 21.23094553545272, 36.47146076577619, 46.889826660088154, 6.336511923943476, 54.168633919093196, 22.084161377891583]","[{'INP': 32}, {'CONV': [64, 3]}, ({'CONV': [128, 3]}, {'CONV': [128, 3]}), ({'CONV': [64, 5]}, {'CONV': [128, 3]}, {'POOLMAX': [-1, 2]}), ({'CONV': [64, 3]}, {'CONV': [128, 5]}), ({'CONV': [128, 3]}, {'CONV': [128, 3]}, {'POOLMAX': [-1, 2]}), ({'CONV': [128, 5]}, {'CONV': [256, 3]}), ({'CONV': [32, 3]}, {'CONV': [256, 3]}, {'POOLMAX': [-1, 2]}), ({'CONV': [256, 3]}, {'CONV': [256, 3]}), ({'CONV': [64, 3]}, {'CONV': [256, 3]}, {'POOLMAX': [-1, 2]}), {'GLOBAL_AVG': None}, {'LAST_DENSE': [100, 'softmax']}]",HHSE,NSGA2,,,,,0.7103167447803471,,,,1481054208,3436964,,,,,,"[35, 32, 21, 36, 46, 6, 54, 20]",0.7298724668862943,0.0001950244427376,0.0,0.0,0.375,0.0,0.85,0,0,0,100,0,0.0,BEST,False,False,101,True,True,GREEDY,,,GREEDY_HV
BYFLTJ[M][M],25,26,89,85,0.89,True,True,"[36, 28, 21, 36, 46, 6, 54, 22]",[],"[36.288539434589566, 28.442589215377804, 21.23094553545272, 36.47146076577619, 46.889826660088154, 6.336511923943476, 54.168633919093196, 22.084161377891583]","[{'INP': 32}, {'CONV': [64, 3]}, ({'CONV': [128, 3]}, {'CONV': [128, 3]}), ({'CONV': [64, 5]}, {'CONV': [128, 3]}, {'POOLMAX': [-1, 2]}), ({'CONV': [64, 3]}, {'CONV': [128, 5]}), ({'CONV': [128, 3]}, {'CONV': [128, 3]}, {'POOLMAX': [-1, 2]}), ({'CONV': [128, 5]}, {'CONV': [256, 3]}), ({'CONV': [32, 3]}, {'CONV': [256, 3]}, {'POOLMAX': [-1, 2]}), ({'CONV': [256, 3]}, {'CONV': [256, 3]}), ({'CONV': [64, 3]}, {'CONV': [256, 3]}, {'POOLMAX': [-1, 2]}), {'GLOBAL_AVG': None}, {'LAST_DENSE': [100, 'softmax']}]",HHSE,NSGA2,,,,,0.7103167447803471,,,,1481054208,3436964,,,,,,"[35, 32, 21, 36, 46, 6, 54, 20]",0.7309099131455704,0.0011490944108868,0.0,0.0,0.375,0.0,0.85,0,2,0,100,0,0.02,BEST,False,False,101,True,True,GREEDY,,,GREEDY_HV
BKBEYH[M],25,26,90,90,0.9,True,True,"[36, 28, 22, 36, 46, 6, 54, 23]",[],"[36.24714745791445, 28.177906178540375, 22.28674094367891, 36.89561020426555, 46.36582992837735, 6.714862906414518, 54.20345639655915, 23.120946583747852]","[{'INP': 32}, {'CONV': [64, 3]}, ({'CONV': [128, 3]}, {'CONV': [128, 3]}), ({'CONV': [64, 5]}, {'CONV': [128, 3]}, {'POOLMAX': [-1, 2]}), ({'CONV': [64, 3]}, {'CONV': [256, 3]}), ({'CONV': [128, 3]}, {'CONV': [128, 3]}, {'POOLMAX': [-1, 2]}), ({'CONV': [128, 5]}, {'CONV': [256, 3]}), ({'CONV': [32, 3]}, {'CONV': [256, 3]}, {'POOLMAX': [-1, 2]}), ({'CONV': [256, 3]}, {'CONV': [256, 3]}), ({'CONV': [64, 3]}, {'CONV': [256, 5]}, {'POOLMAX': [-1, 2]}), {'GLOBAL_AVG': None}, {'LAST_DENSE': [100, 'softmax']}]",HHSE,NSGA2,,,,,0.7130147474440905,,,,1535744000,3789732,,,,,,"[36, 28, 21, 36, 46, 6, 54, 21]",0.729968922672582,2.304199493952108e-05,0.5,0.125,0.25,0.25,0.9,0,2,0,100,0,0.02,BEST,False,False,56,True,True,GREEDY,,,GREEDY_HV
BYFLTJ[M][M][M][M],25,26,91,91,0.91,True,True,"[35, 28, 22, 36, 46, 6, 54, 23]",[],"[35.93460949909124, 28.56577412000935, 22.821298502217825, 36.93926149486031, 46.48744678690309, 6.562951099077003, 54.65416722120191, 23.47763452861212]","[{'INP': 32}, {'CONV': [64, 3]}, ({'CONV': [128, 3]}, {'CONV': [64, 5]}), ({'CONV': [64, 5]}, {'CONV': [128, 3]}, {'POOLMAX': [-1, 2]}), ({'CONV': [64, 3]}, {'CONV': [256, 3]}), ({'CONV': [128, 3]}, {'CONV': [128, 3]}, {'POOLMAX': [-1, 2]}), ({'CONV': [128, 5]}, {'CONV': [256, 3]}), ({'CONV': [32, 3]}, {'CONV': [256, 3]}, {'POOLMAX': [-1, 2]}), ({'CONV': [256, 3]}, {'CONV': [256, 3]}), ({'CONV': [64, 3]}, {'CONV': [256, 5]}, {'POOLMAX': [-1, 2]}), {'GLOBAL_AVG': None}, {'LAST_DENSE': [100, 'softmax']}]",HHSE,NSGA2,,,,,0.7133196863910188,,,,1443141632,3744420,,,,,,"[35, 28, 22, 36, 46, 6, 54, 21]",0.7321219026990793,3.143471184985369e-05,0.0,0.0,0.125,0.125,0.91,0,2,0,100,0,0.02,BEST,False,False,48,True,True,GREEDY,,,GREEDY_HV
BPYIMG[M],25,26,92,92,0.92,True,True,"[15, 32, 21, 22, 46, 6, 54, 23]",[],"[15.2331774097171, 32.86726132519036, 21.37996708279269, 22.182826628228877, 46.51506530472838, 6.630035091652495, 54.94187405889023, 23.14964192834867]","[{'INP': 32}, {'CONV': [64, 3]}, ({'CONV': [32, 5]}, {'CONV': [256, 5]}), ({'CONV': [128, 3]}, {'CONV': [32, 3]}, {'POOLMAX': [-1, 2]}), ({'CONV': [64, 3]}, {'CONV': [128, 5]}), ({'CONV': [64, 3]}, {'CONV': [256, 3]}, {'POOLMAX': [-1, 2]}), ({'CONV': [128, 5]}, {'CONV': [256, 3]}), ({'CONV': [32, 3]}, {'CONV': [256, 3]}, {'POOLMAX': [-1, 2]}), ({'CONV': [256, 3]}, {'CONV': [256, 3]}), ({'CONV': [64, 3]}, {'CONV': [256, 5]}, {'POOLMAX': [-1, 2]}), {'GLOBAL_AVG': None}, {'LAST_DENSE': [100, 'softmax']}]",HHSE,NSGA2,,,,,0.7152284394515579,,,,1655986176,4068004,,,,,,"[14, 32, 21, 22, 46, 6, 54, 23]",0.732696944300172,0.0001123212742202,0.5,0.375,0.125,0.5,0.92,0,2,0,100,0,0.02,BEST,False,False,23,True,True,GREEDY,,,GREEDY_HV
BPYIMG[M],25,26,93,92,0.93,True,True,"[15, 32, 21, 22, 46, 6, 54, 23]",[],"[15.2331774097171, 32.86726132519036, 21.37996708279269, 22.182826628228877, 46.51506530472838, 6.630035091652495, 54.94187405889023, 23.14964192834867]","[{'INP': 32}, {'CONV': [64, 3]}, ({'CONV': [32, 5]}, {'CONV': [256, 5]}), ({'CONV': [128, 3]}, {'CONV': [32, 3]}, {'POOLMAX': [-1, 2]}), ({'CONV': [64, 3]}, {'CONV': [128, 5]}), ({'CONV': [64, 3]}, {'CONV': [256, 3]}, {'POOLMAX': [-1, 2]}), ({'CONV': [128, 5]}, {'CONV': [256, 3]}), ({'CONV': [32, 3]}, {'CONV': [256, 3]}, {'POOLMAX': [-1, 2]}), ({'CONV': [256, 3]}, {'CONV': [256, 3]}), ({'CONV': [64, 3]}, {'CONV': [256, 5]}, {'POOLMAX': [-1, 2]}), {'GLOBAL_AVG': None}, {'LAST_DENSE': [100, 'softmax']}]",HHSE,NSGA2,,,,,0.7152284394515579,,,,1655986176,4068004,,,,,,"[14, 32, 21, 22, 46, 6, 54, 23]",0.7345491149434527,0.0001936762235325,0.5,0.375,0.125,0.0,0.92,0,3,0,100,0,0.03,BEST,False,False,23,True,True,GREEDY,,,GREEDY_HV
BHQLRA[M],25,26,94,94,0.94,True,True,"[15, 7, 4, 22, 46, 6, 54, 23]",[],"[15.16382529346878, 7.414853627826232, 4.00689505088731, 22.284745246541114, 46.06664301250928, 6.677912884547253, 54.64688755093385, 23.301349927685965]","[{'INP': 32}, {'CONV': [64, 3]}, ({'CONV': [32, 5]}, {'CONV': [256, 5]}), ({'CONV': [32, 3]}, {'CONV': [256, 5]}, {'POOLMAX': [-1, 2]}), ({'CONV': [32, 3]}, {'CONV': [128, 3]}), ({'CONV': [64, 3]}, {'CONV': [256, 3]}, {'POOLMAX': [-1, 2]}), ({'CONV': [128, 5]}, {'CONV': [256, 3]}), ({'CONV': [32, 3]}, {'CONV': [256, 3]}, {'POOLMAX': [-1, 2]}), ({'CONV': [256, 3]}, {'CONV': [256, 3]}), ({'CONV': [64, 3]}, {'CONV': [256, 5]}, {'POOLMAX': [-1, 2]}), {'GLOBAL_AVG': None}, {'LAST_DENSE': [100, 'softmax']}]",HHSE,NSGA2,,,,,0.7184185268795901,,,,1490794496,3902500,,,,,,"[15, 7, 4, 22, 46, 6, 54, 23]",0.7344928895382739,0.000126060487485,0.25,0.375,0.0,0.25,0.94,0,1,0,100,0,0.01,BEST,False,False,7,True,True,GREEDY,,,GREEDY_HV
BHQLRA[M],25,26,95,94,0.95,True,True,"[15, 7, 4, 22, 46, 6, 54, 23]",[],"[15.16382529346878, 7.414853627826232, 4.00689505088731, 22.284745246541114, 46.06664301250928, 6.677912884547253, 54.64688755093385, 23.301349927685965]","[{'INP': 32}, {'CONV': [64, 3]}, ({'CONV': [32, 5]}, {'CONV': [256, 5]}), ({'CONV': [32, 3]}, {'CONV': [256, 5]}, {'POOLMAX': [-1, 2]}), ({'CONV': [32, 3]}, {'CONV': [128, 3]}), ({'CONV': [64, 3]}, {'CONV': [256, 3]}, {'POOLMAX': [-1, 2]}), ({'CONV': [128, 5]}, {'CONV': [256, 3]}), ({'CONV': [32, 3]}, {'CONV': [256, 3]}, {'POOLMAX': [-1, 2]}), ({'CONV': [256, 3]}, {'CONV': [256, 3]}), ({'CONV': [64, 3]}, {'CONV': [256, 5]}, {'POOLMAX': [-1, 2]}), {'GLOBAL_AVG': None}, {'LAST_DENSE': [100, 'softmax']}]",HHSE,NSGA2,,,,,0.7184185268795901,,,,1490794496,3902500,,,,,,"[15, 7, 4, 22, 46, 6, 54, 23]",0.7370631803008624,-5.440901825204403e-05,0.25,0.375,0.0,0.0,0.94,0,2,0,100,0,0.02,BEST,False,False,7,True,True,GREEDY,,,GREEDY_HV
BHQLRA[M],25,26,96,94,0.96,True,True,"[15, 7, 4, 22, 46, 6, 54, 23]",[],"[15.16382529346878, 7.414853627826232, 4.00689505088731, 22.284745246541114, 46.06664301250928, 6.677912884547253, 54.64688755093385, 23.301349927685965]","[{'INP': 32}, {'CONV': [64, 3]}, ({'CONV': [32, 5]}, {'CONV': [256, 5]}), ({'CONV': [32, 3]}, {'CONV': [256, 5]}, {'POOLMAX': [-1, 2]}), ({'CONV': [32, 3]}, {'CONV': [128, 3]}), ({'CONV': [64, 3]}, {'CONV': [256, 3]}, {'POOLMAX': [-1, 2]}), ({'CONV': [128, 5]}, {'CONV': [256, 3]}), ({'CONV': [32, 3]}, {'CONV': [256, 3]}, {'POOLMAX': [-1, 2]}), ({'CONV': [256, 3]}, {'CONV': [256, 3]}), ({'CONV': [64, 3]}, {'CONV': [256, 5]}, {'POOLMAX': [-1, 2]}), {'GLOBAL_AVG': None}, {'LAST_DENSE': [100, 'softmax']}]",HHSE,NSGA2,,,,,0.7184185268795901,,,,1490794496,3902500,,,,,,"[15, 7, 4, 22, 46, 6, 54, 23]",0.7371610100835287,-0.0008984184502041,0.25,0.375,0.0,0.0,0.94,0,0,0,100,0,0.0,BEST,False,False,7,True,True,GREEDY,,,GREEDY_HV
BHQLRA[M],25,26,97,94,0.97,True,True,"[15, 7, 4, 22, 46, 6, 54, 23]",[],"[15.16382529346878, 7.414853627826232, 4.00689505088731, 22.284745246541114, 46.06664301250928, 6.677912884547253, 54.64688755093385, 23.301349927685965]","[{'INP': 32}, {'CONV': [64, 3]}, ({'CONV': [32, 5]}, {'CONV': [256, 5]}), ({'CONV': [32, 3]}, {'CONV': [256, 5]}, {'POOLMAX': [-1, 2]}), ({'CONV': [32, 3]}, {'CONV': [128, 3]}), ({'CONV': [64, 3]}, {'CONV': [256, 3]}, {'POOLMAX': [-1, 2]}), ({'CONV': [128, 5]}, {'CONV': [256, 3]}), ({'CONV': [32, 3]}, {'CONV': [256, 3]}, {'POOLMAX': [-1, 2]}), ({'CONV': [256, 3]}, {'CONV': [256, 3]}), ({'CONV': [64, 3]}, {'CONV': [256, 5]}, {'POOLMAX': [-1, 2]}), {'GLOBAL_AVG': None}, {'LAST_DENSE': [100, 'softmax']}]",HHSE,NSGA2,,,,,0.7184185268795901,,,,1490794496,3902500,,,,,,"[15, 7, 4, 22, 46, 6, 54, 23]",0.7373909261630764,-0.0001510269852195,0.25,0.375,0.0,0.0,0.94,0,0,0,100,0,0.0,BEST,False,False,7,True,True,GREEDY,,,GREEDY_HV
BOYFQ[M],25,26,98,98,0.98,True,True,"[15, 7, 22, 22, 46, 6, 54, 23]",[],"[15.676354276614656, 7.204540861379063, 22.493232120669443, 22.06183366519629, 46.48396868184578, 6.708986137908842, 54.78184130068638, 23.840141411500674]","[{'INP': 32}, {'CONV': [64, 3]}, ({'CONV': [32, 5]}, {'CONV': [256, 5]}), ({'CONV': [32, 3]}, {'CONV': [256, 5]}, {'POOLMAX': [-1, 2]}), ({'CONV': [64, 3]}, {'CONV': [256, 3]}), ({'CONV': [64, 3]}, {'CONV': [256, 3]}, {'POOLMAX': [-1, 2]}), ({'CONV': [128, 5]}, {'CONV': [256, 3]}), ({'CONV': [32, 3]}, {'CONV': [256, 3]}, {'POOLMAX': [-1, 2]}), ({'CONV': [256, 3]}, {'CONV': [256, 3]}), ({'CONV': [64, 3]}, {'CONV': [256, 5]}, {'POOLMAX': [-1, 2]}), {'GLOBAL_AVG': None}, {'LAST_DENSE': [100, 'softmax']}]",HHSE,NSGA2,,,,,0.7187173371156665,,,,1623119872,4161188,,,,,,"[15, 7, 22, 22, 46, 6, 54, 23]",0.7375211376381876,-2.355683228350003e-05,0.125,0.25,0.0,0.125,0.98,0,0,0,100,0,0.0,BEST,False,False,6,True,True,GREEDY,,,GREEDY_HV
BUVHPF[M],25,26,99,99,0.99,True,True,"[2, 7, 4, 22, 46, 6, 54, 23]",[],"[2.9926103178342056, 7.051793612058876, 4.371660046221492, 22.190384810535722, 46.04103833382327, 6.45327902942464, 54.05310082207366, 23.284692628845438]","[{'INP': 32}, {'CONV': [64, 3]}, ({'CONV': [32, 3]}, {'CONV': [64, 3]}), ({'CONV': [32, 3]}, {'CONV': [256, 5]}, {'POOLMAX': [-1, 2]}), ({'CONV': [32, 3]}, {'CONV': [128, 3]}), ({'CONV': [64, 3]}, {'CONV': [256, 3]}, {'POOLMAX': [-1, 2]}), ({'CONV': [128, 5]}, {'CONV': [256, 3]}), ({'CONV': [32, 3]}, {'CONV': [256, 3]}, {'POOLMAX': [-1, 2]}), ({'CONV': [256, 3]}, {'CONV': [256, 3]}), ({'CONV': [64, 3]}, {'CONV': [256, 5]}, {'POOLMAX': [-1, 2]}), {'GLOBAL_AVG': None}, {'LAST_DENSE': [100, 'softmax']}]",HHSE,NSGA2,,,,,0.7187340589581914,,,,927774720,3627300,,,,,,"[2, 7, 4, 22, 46, 6, 54, 23]",0.737911186700012,-6.439608429720245e-06,0.125,0.125,0.0,0.25,0.99,0,0,0,100,0,0.0,BEST,False,False,5,True,True,GREEDY,,,GREEDY_HV
BASGYO[M],25,26,100,100,1.0,True,True,"[14, 28, 4, 3, 46, 6, 54, 23]",[],"[14.723504357764435, 28.792615674490357, 4.462563825784866, 3.4626904405115875, 46.058700973713435, 6.180037721719863, 54.75289873923925, 23.69902163447004]","[{'INP': 32}, {'CONV': [64, 3]}, ({'CONV': [32, 5]}, {'CONV': [256, 3]}), ({'CONV': [64, 5]}, {'CONV': [128, 3]}, {'POOLMAX': [-1, 2]}), ({'CONV': [32, 3]}, {'CONV': [128, 3]}), ({'CONV': [32, 3]}, {'CONV': [64, 5]}, {'POOLMAX': [-1, 2]}), ({'CONV': [128, 5]}, {'CONV': [256, 3]}), ({'CONV': [32, 3]}, {'CONV': [256, 3]}, {'POOLMAX': [-1, 2]}), ({'CONV': [256, 3]}, {'CONV': [256, 3]}), ({'CONV': [64, 3]}, {'CONV': [256, 5]}, {'POOLMAX': [-1, 2]}), {'GLOBAL_AVG': None}, {'LAST_DENSE': [100, 'softmax']}]",HHSE,NSGA2,,,,,0.7188490866476519,,,,1474615296,3190564,,,,,,"[14, 28, 4, 3, 46, 6, 54, 23]",0.7382284077785262,-2.157522594070649e-05,0.375,0.125,0.0,0.375,1.0,0,0,0,100,0,0.0,BEST,False,False,4,True,True,GREEDY,,,GREEDY_HV
BSSXTY[M],26,27,1,1,0.01,True,True,"[25, 32, 31, 52, 46, 6, 55, 61]",[],"[25.26479803250787, 32.64724655766279, 31.173447277514022, 52.96138287478115, 46.09840729436033, 6.738505809651244, 55.81265040237851, 61.4338060656719]","[{'INP': 32}, {'CONV': [64, 3]}, ({'CONV': [64, 5]}, {'CONV': [32, 5]}), ({'CONV': [128, 3]}, {'CONV': [32, 3]}, {'POOLMAX': [-1, 2]}), ({'CONV': [64, 5]}, {'CONV': [256, 5]}), ({'CONV': [256, 3]}, {'CONV': [128, 3]}, {'POOLMAX': [-1, 2]}), ({'CONV': [128, 5]}, {'CONV': [256, 3]}), ({'CONV': [32, 3]}, {'CONV': [256, 3]}, {'POOLMAX': [-1, 2]}), ({'CONV': [256, 3]}, {'CONV': [256, 5]}), ({'CONV': [256, 5]}, {'CONV': [128, 5]}, {'POOLMAX': [-1, 2]}), {'GLOBAL_AVG': None}, {'LAST_DENSE': [100, 'softmax']}]",HHSE,NSGA2,,,,,0.7005806322290224,,,,1420207616,7135652,,,,,,"[62, 12, 31, 17, 37, 9, 49, 18]",0.6826547650250837,0.0,0.0,0.0,0.875,0.0,0.01,0,15,0,100,0,0.15,BEST,False,False,245,True,True,GREEDY,,,GREEDY_HV
BSSXTY[M],26,27,2,1,0.02,True,True,"[25, 32, 31, 52, 46, 6, 55, 61]",[],"[25.26479803250787, 32.64724655766279, 31.173447277514022, 52.96138287478115, 46.09840729436033, 6.738505809651244, 55.81265040237851, 61.4338060656719]","[{'INP': 32}, {'CONV': [64, 3]}, ({'CONV': [64, 5]}, {'CONV': [32, 5]}), ({'CONV': [128, 3]}, {'CONV': [32, 3]}, {'POOLMAX': [-1, 2]}), ({'CONV': [64, 5]}, {'CONV': [256, 5]}), ({'CONV': [256, 3]}, {'CONV': [128, 3]}, {'POOLMAX': [-1, 2]}), ({'CONV': [128, 5]}, {'CONV': [256, 3]}), ({'CONV': [32, 3]}, {'CONV': [256, 3]}, {'POOLMAX': [-1, 2]}), ({'CONV': [256, 3]}, {'CONV': [256, 5]}), ({'CONV': [256, 5]}, {'CONV': [128, 5]}, {'POOLMAX': [-1, 2]}), {'GLOBAL_AVG': None}, {'LAST_DENSE': [100, 'softmax']}]",HHSE,NSGA2,,,,,0.7005806322290224,,,,1420207616,7135652,,,,,,"[62, 12, 31, 17, 37, 9, 49, 18]",0.6970469193365343,-0.0002190561319166,0.0,0.0,0.875,0.0,0.01,0,2,0,100,0,0.02,BEST,False,False,245,True,True,GREEDY,,,GREEDY_HV
BSSXTY[M],26,27,3,1,0.03,True,True,"[25, 32, 31, 52, 46, 6, 55, 61]",[],"[25.26479803250787, 32.64724655766279, 31.173447277514022, 52.96138287478115, 46.09840729436033, 6.738505809651244, 55.81265040237851, 61.4338060656719]","[{'INP': 32}, {'CONV': [64, 3]}, ({'CONV': [64, 5]}, {'CONV': [32, 5]}), ({'CONV': [128, 3]}, {'CONV': [32, 3]}, {'POOLMAX': [-1, 2]}), ({'CONV': [64, 5]}, {'CONV': [256, 5]}), ({'CONV': [256, 3]}, {'CONV': [128, 3]}, {'POOLMAX': [-1, 2]}), ({'CONV': [128, 5]}, {'CONV': [256, 3]}), ({'CONV': [32, 3]}, {'CONV': [256, 3]}, {'POOLMAX': [-1, 2]}), ({'CONV': [256, 3]}, {'CONV': [256, 5]}), ({'CONV': [256, 5]}, {'CONV': [128, 5]}, {'POOLMAX': [-1, 2]}), {'GLOBAL_AVG': None}, {'LAST_DENSE': [100, 'softmax']}]",HHSE,NSGA2,,,,,0.7005806322290224,,,,1420207616,7135652,,,,,,"[62, 12, 31, 17, 37, 9, 49, 18]",0.7006456631329254,-0.0004749828725298,0.0,0.0,0.875,0.0,0.01,0,0,0,100,0,0.0,BEST,False,False,245,True,True,GREEDY,,,GREEDY_HV
BSSXTY[M],26,27,4,1,0.04,True,True,"[25, 32, 31, 52, 46, 6, 55, 61]",[],"[25.26479803250787, 32.64724655766279, 31.173447277514022, 52.96138287478115, 46.09840729436033, 6.738505809651244, 55.81265040237851, 61.4338060656719]","[{'INP': 32}, {'CONV': [64, 3]}, ({'CONV': [64, 5]}, {'CONV': [32, 5]}), ({'CONV': [128, 3]}, {'CONV': [32, 3]}, {'POOLMAX': [-1, 2]}), ({'CONV': [64, 5]}, {'CONV': [256, 5]}), ({'CONV': [256, 3]}, {'CONV': [128, 3]}, {'POOLMAX': [-1, 2]}), ({'CONV': [128, 5]}, {'CONV': [256, 3]}), ({'CONV': [32, 3]}, {'CONV': [256, 3]}, {'POOLMAX': [-1, 2]}), ({'CONV': [256, 3]}, {'CONV': [256, 5]}), ({'CONV': [256, 5]}, {'CONV': [128, 5]}, {'POOLMAX': [-1, 2]}), {'GLOBAL_AVG': None}, {'LAST_DENSE': [100, 'softmax']}]",HHSE,NSGA2,,,,,0.7005806322290224,,,,1420207616,7135652,,,,,,"[62, 12, 31, 17, 37, 9, 49, 18]",0.7068152007570098,0.004646653455918,0.0,0.0,0.875,0.0,0.01,0,1,0,100,0,0.01,BEST,False,False,245,True,True,GREEDY,,,GREEDY_HV
BSSXTY[M],26,27,5,1,0.05,True,True,"[25, 32, 31, 52, 46, 6, 55, 61]",[],"[25.26479803250787, 32.64724655766279, 31.173447277514022, 52.96138287478115, 46.09840729436033, 6.738505809651244, 55.81265040237851, 61.4338060656719]","[{'INP': 32}, {'CONV': [64, 3]}, ({'CONV': [64, 5]}, {'CONV': [32, 5]}), ({'CONV': [128, 3]}, {'CONV': [32, 3]}, {'POOLMAX': [-1, 2]}), ({'CONV': [64, 5]}, {'CONV': [256, 5]}), ({'CONV': [256, 3]}, {'CONV': [128, 3]}, {'POOLMAX': [-1, 2]}), ({'CONV': [128, 5]}, {'CONV': [256, 3]}), ({'CONV': [32, 3]}, {'CONV': [256, 3]}, {'POOLMAX': [-1, 2]}), ({'CONV': [256, 3]}, {'CONV': [256, 5]}), ({'CONV': [256, 5]}, {'CONV': [128, 5]}, {'POOLMAX': [-1, 2]}), {'GLOBAL_AVG': None}, {'LAST_DENSE': [100, 'softmax']}]",HHSE,NSGA2,,,,,0.7005806322290224,,,,1420207616,7135652,,,,,,"[62, 12, 31, 17, 37, 9, 49, 18]",0.7029874914579691,-0.0009671805343297,0.0,0.0,0.875,0.0,0.01,0,1,0,100,0,0.01,BEST,False,False,245,True,True,GREEDY,,,GREEDY_HV
BSSXTY[M],26,27,6,1,0.06,True,True,"[25, 32, 31, 52, 46, 6, 55, 61]",[],"[25.26479803250787, 32.64724655766279, 31.173447277514022, 52.96138287478115, 46.09840729436033, 6.738505809651244, 55.81265040237851, 61.4338060656719]","[{'INP': 32}, {'CONV': [64, 3]}, ({'CONV': [64, 5]}, {'CONV': [32, 5]}), ({'CONV': [128, 3]}, {'CONV': [32, 3]}, {'POOLMAX': [-1, 2]}), ({'CONV': [64, 5]}, {'CONV': [256, 5]}), ({'CONV': [256, 3]}, {'CONV': [128, 3]}, {'POOLMAX': [-1, 2]}), ({'CONV': [128, 5]}, {'CONV': [256, 3]}), ({'CONV': [32, 3]}, {'CONV': [256, 3]}, {'POOLMAX': [-1, 2]}), ({'CONV': [256, 3]}, {'CONV': [256, 5]}), ({'CONV': [256, 5]}, {'CONV': [128, 5]}, {'POOLMAX': [-1, 2]}), {'GLOBAL_AVG': None}, {'LAST_DENSE': [100, 'softmax']}]",HHSE,NSGA2,,,,,0.7005806322290224,,,,1420207616,7135652,,,,,,"[62, 12, 31, 17, 37, 9, 49, 18]",0.7029392016051614,-0.0046755248332478,0.0,0.0,0.875,0.0,0.01,0,0,0,100,0,0.0,BEST,False,False,245,True,True,GREEDY,,,GREEDY_HV
BSSXTY[M],26,27,7,1,0.07,True,True,"[25, 32, 31, 52, 46, 6, 55, 61]",[],"[25.26479803250787, 32.64724655766279, 31.173447277514022, 52.96138287478115, 46.09840729436033, 6.738505809651244, 55.81265040237851, 61.4338060656719]","[{'INP': 32}, {'CONV': [64, 3]}, ({'CONV': [64, 5]}, {'CONV': [32, 5]}), ({'CONV': [128, 3]}, {'CONV': [32, 3]}, {'POOLMAX': [-1, 2]}), ({'CONV': [64, 5]}, {'CONV': [256, 5]}), ({'CONV': [256, 3]}, {'CONV': [128, 3]}, {'POOLMAX': [-1, 2]}), ({'CONV': [128, 5]}, {'CONV': [256, 3]}), ({'CONV': [32, 3]}, {'CONV': [256, 3]}, {'POOLMAX': [-1, 2]}), ({'CONV': [256, 3]}, {'CONV': [256, 5]}), ({'CONV': [256, 5]}, {'CONV': [128, 5]}, {'POOLMAX': [-1, 2]}), {'GLOBAL_AVG': None}, {'LAST_DENSE': [100, 'softmax']}]",HHSE,NSGA2,,,,,0.7005806322290224,,,,1420207616,7135652,,,,,,"[62, 12, 31, 17, 37, 9, 49, 18]",0.7055375782107944,-0.0027960734904561,0.0,0.0,0.875,0.0,0.01,0,0,0,100,0,0.0,BEST,False,False,245,True,True,GREEDY,,,GREEDY_HV
BZKVPE[M][M][M],26,27,8,8,0.08,True,True,"[49, 9, 51, 62, 60, 6, 31, 62]",[],"[49.03611759847268, 9.726001682569603, 51.44530123792659, 62.3689877417245, 60.970928124274295, 6.594979498807485, 31.545683380691642, 62.83707277496771]","[{'INP': 32}, {'CONV': [64, 3]}, ({'CONV': [256, 3]}, {'CONV': [32, 5]}), ({'CONV': [32, 5]}, {'CONV': [32, 5]}, {'POOLMAX': [-1, 2]}), ({'CONV': [256, 3]}, {'CONV': [64, 5]}), ({'CONV': [256, 5]}, {'CONV': [256, 3]}, {'POOLMAX': [-1, 2]}), ({'CONV': [256, 5]}, {'CONV': [128, 3]}), ({'CONV': [32, 3]}, {'CONV': [256, 3]}, {'POOLMAX': [-1, 2]}), ({'CONV': [64, 5]}, {'CONV': [256, 5]}), ({'CONV': [256, 5]}, {'CONV': [256, 3]}, {'POOLMAX': [-1, 2]}), {'GLOBAL_AVG': None}, {'LAST_DENSE': [100, 'softmax']}]",HHSE,NSGA2,,,,,0.700661000826181,,,,1952126976,7015972,,,,,,"[48, 29, 22, 62, 41, 7, 23, 55]",0.7090056034530428,-0.0031548567330089,0.0,0.0,0.875,0.875,0.08,0,1,0,100,0,0.01,BEST,False,False,243,True,True,GREEDY,,,GREEDY_HV
BZKVPE[M][M][M],26,27,9,8,0.09,True,True,"[49, 9, 51, 62, 60, 6, 31, 62]",[],"[49.03611759847268, 9.726001682569603, 51.44530123792659, 62.3689877417245, 60.970928124274295, 6.594979498807485, 31.545683380691642, 62.83707277496771]","[{'INP': 32}, {'CONV': [64, 3]}, ({'CONV': [256, 3]}, {'CONV': [32, 5]}), ({'CONV': [32, 5]}, {'CONV': [32, 5]}, {'POOLMAX': [-1, 2]}), ({'CONV': [256, 3]}, {'CONV': [64, 5]}), ({'CONV': [256, 5]}, {'CONV': [256, 3]}, {'POOLMAX': [-1, 2]}), ({'CONV': [256, 5]}, {'CONV': [128, 3]}), ({'CONV': [32, 3]}, {'CONV': [256, 3]}, {'POOLMAX': [-1, 2]}), ({'CONV': [64, 5]}, {'CONV': [256, 5]}), ({'CONV': [256, 5]}, {'CONV': [256, 3]}, {'POOLMAX': [-1, 2]}), {'GLOBAL_AVG': None}, {'LAST_DENSE': [100, 'softmax']}]",HHSE,NSGA2,,,,,0.700661000826181,,,,1952126976,7015972,,,,,,"[48, 29, 22, 62, 41, 7, 23, 55]",0.7095937188038848,-0.0031168389076801,0.0,0.0,0.875,0.0,0.08,0,1,0,100,0,0.01,BEST,False,False,243,True,True,GREEDY,,,GREEDY_HV
BZKVPE[M][M][M],26,27,10,8,0.1,True,True,"[49, 9, 51, 62, 60, 6, 31, 62]",[],"[49.03611759847268, 9.726001682569603, 51.44530123792659, 62.3689877417245, 60.970928124274295, 6.594979498807485, 31.545683380691642, 62.83707277496771]","[{'INP': 32}, {'CONV': [64, 3]}, ({'CONV': [256, 3]}, {'CONV': [32, 5]}), ({'CONV': [32, 5]}, {'CONV': [32, 5]}, {'POOLMAX': [-1, 2]}), ({'CONV': [256, 3]}, {'CONV': [64, 5]}), ({'CONV': [256, 5]}, {'CONV': [256, 3]}, {'POOLMAX': [-1, 2]}), ({'CONV': [256, 5]}, {'CONV': [128, 3]}), ({'CONV': [32, 3]}, {'CONV': [256, 3]}, {'POOLMAX': [-1, 2]}), ({'CONV': [64, 5]}, {'CONV': [256, 5]}), ({'CONV': [256, 5]}, {'CONV': [256, 3]}, {'POOLMAX': [-1, 2]}), {'GLOBAL_AVG': None}, {'LAST_DENSE': [100, 'softmax']}]",HHSE,NSGA2,,,,,0.700661000826181,,,,1952126976,7015972,,,,,,"[48, 29, 22, 62, 41, 7, 23, 55]",0.7100246578103724,-0.0012554934981245,0.0,0.0,0.875,0.0,0.08,0,1,0,100,0,0.01,BEST,False,False,243,True,True,GREEDY,,,GREEDY_HV
BZKVPE[M][M][M],26,27,11,8,0.11,True,True,"[49, 9, 51, 62, 60, 6, 31, 62]",[],"[49.03611759847268, 9.726001682569603, 51.44530123792659, 62.3689877417245, 60.970928124274295, 6.594979498807485, 31.545683380691642, 62.83707277496771]","[{'INP': 32}, {'CONV': [64, 3]}, ({'CONV': [256, 3]}, {'CONV': [32, 5]}), ({'CONV': [32, 5]}, {'CONV': [32, 5]}, {'POOLMAX': [-1, 2]}), ({'CONV': [256, 3]}, {'CONV': [64, 5]}), ({'CONV': [256, 5]}, {'CONV': [256, 3]}, {'POOLMAX': [-1, 2]}), ({'CONV': [256, 5]}, {'CONV': [128, 3]}), ({'CONV': [32, 3]}, {'CONV': [256, 3]}, {'POOLMAX': [-1, 2]}), ({'CONV': [64, 5]}, {'CONV': [256, 5]}), ({'CONV': [256, 5]}, {'CONV': [256, 3]}, {'POOLMAX': [-1, 2]}), {'GLOBAL_AVG': None}, {'LAST_DENSE': [100, 'softmax']}]",HHSE,NSGA2,,,,,0.700661000826181,,,,1952126976,7015972,,,,,,"[48, 29, 22, 62, 41, 7, 23, 55]",0.7130454633496334,0.0028091854166573,0.0,0.0,0.875,0.0,0.08,0,0,0,100,0,0.0,BEST,False,False,243,True,True,GREEDY,,,GREEDY_HV
BZKVPE[M][M][M],26,27,12,8,0.12,True,True,"[49, 9, 51, 62, 60, 6, 31, 62]",[],"[49.03611759847268, 9.726001682569603, 51.44530123792659, 62.3689877417245, 60.970928124274295, 6.594979498807485, 31.545683380691642, 62.83707277496771]","[{'INP': 32}, {'CONV': [64, 3]}, ({'CONV': [256, 3]}, {'CONV': [32, 5]}), ({'CONV': [32, 5]}, {'CONV': [32, 5]}, {'POOLMAX': [-1, 2]}), ({'CONV': [256, 3]}, {'CONV': [64, 5]}), ({'CONV': [256, 5]}, {'CONV': [256, 3]}, {'POOLMAX': [-1, 2]}), ({'CONV': [256, 5]}, {'CONV': [128, 3]}), ({'CONV': [32, 3]}, {'CONV': [256, 3]}, {'POOLMAX': [-1, 2]}), ({'CONV': [64, 5]}, {'CONV': [256, 5]}), ({'CONV': [256, 5]}, {'CONV': [256, 3]}, {'POOLMAX': [-1, 2]}), {'GLOBAL_AVG': None}, {'LAST_DENSE': [100, 'softmax']}]",HHSE,NSGA2,,,,,0.700661000826181,,,,1952126976,7015972,,,,,,"[48, 29, 22, 62, 41, 7, 23, 55]",0.7100108959589487,-0.0022163426686637,0.0,0.0,0.875,0.0,0.08,0,0,0,100,0,0.0,BEST,False,False,243,True,True,GREEDY,,,GREEDY_HV
BZKVPE[M][M][M],26,27,13,8,0.13,True,True,"[49, 9, 51, 62, 60, 6, 31, 62]",[],"[49.03611759847268, 9.726001682569603, 51.44530123792659, 62.3689877417245, 60.970928124274295, 6.594979498807485, 31.545683380691642, 62.83707277496771]","[{'INP': 32}, {'CONV': [64, 3]}, ({'CONV': [256, 3]}, {'CONV': [32, 5]}), ({'CONV': [32, 5]}, {'CONV': [32, 5]}, {'POOLMAX': [-1, 2]}), ({'CONV': [256, 3]}, {'CONV': [64, 5]}), ({'CONV': [256, 5]}, {'CONV': [256, 3]}, {'POOLMAX': [-1, 2]}), ({'CONV': [256, 5]}, {'CONV': [128, 3]}), ({'CONV': [32, 3]}, {'CONV': [256, 3]}, {'POOLMAX': [-1, 2]}), ({'CONV': [64, 5]}, {'CONV': [256, 5]}), ({'CONV': [256, 5]}, {'CONV': [256, 3]}, {'POOLMAX': [-1, 2]}), {'GLOBAL_AVG': None}, {'LAST_DENSE': [100, 'softmax']}]",HHSE,NSGA2,,,,,0.700661000826181,,,,1952126976,7015972,,,,,,"[48, 29, 22, 62, 41, 7, 23, 55]",0.7101182239364399,-0.0033108849864095,0.0,0.0,0.875,0.0,0.08,0,0,0,100,0,0.0,BEST,False,False,243,True,True,GREEDY,,,GREEDY_HV
BZKVPE[M][M][M],26,27,14,8,0.14,True,True,"[49, 9, 51, 62, 60, 6, 31, 62]",[],"[49.03611759847268, 9.726001682569603, 51.44530123792659, 62.3689877417245, 60.970928124274295, 6.594979498807485, 31.545683380691642, 62.83707277496771]","[{'INP': 32}, {'CONV': [64, 3]}, ({'CONV': [256, 3]}, {'CONV': [32, 5]}), ({'CONV': [32, 5]}, {'CONV': [32, 5]}, {'POOLMAX': [-1, 2]}), ({'CONV': [256, 3]}, {'CONV': [64, 5]}), ({'CONV': [256, 5]}, {'CONV': [256, 3]}, {'POOLMAX': [-1, 2]}), ({'CONV': [256, 5]}, {'CONV': [128, 3]}), ({'CONV': [32, 3]}, {'CONV': [256, 3]}, {'POOLMAX': [-1, 2]}), ({'CONV': [64, 5]}, {'CONV': [256, 5]}), ({'CONV': [256, 5]}, {'CONV': [256, 3]}, {'POOLMAX': [-1, 2]}), {'GLOBAL_AVG': None}, {'LAST_DENSE': [100, 'softmax']}]",HHSE,NSGA2,,,,,0.700661000826181,,,,1952126976,7015972,,,,,,"[48, 29, 22, 62, 41, 7, 23, 55]",0.7113662324880639,0.0006344512175466,0.0,0.0,0.875,0.0,0.08,0,1,0,100,0,0.01,BEST,False,False,243,True,True,GREEDY,,,GREEDY_HV
BZKVPE[M][M][M],26,27,15,8,0.15,True,True,"[49, 9, 51, 62, 60, 6, 31, 62]",[],"[49.03611759847268, 9.726001682569603, 51.44530123792659, 62.3689877417245, 60.970928124274295, 6.594979498807485, 31.545683380691642, 62.83707277496771]","[{'INP': 32}, {'CONV': [64, 3]}, ({'CONV': [256, 3]}, {'CONV': [32, 5]}), ({'CONV': [32, 5]}, {'CONV': [32, 5]}, {'POOLMAX': [-1, 2]}), ({'CONV': [256, 3]}, {'CONV': [64, 5]}), ({'CONV': [256, 5]}, {'CONV': [256, 3]}, {'POOLMAX': [-1, 2]}), ({'CONV': [256, 5]}, {'CONV': [128, 3]}), ({'CONV': [32, 3]}, {'CONV': [256, 3]}, {'POOLMAX': [-1, 2]}), ({'CONV': [64, 5]}, {'CONV': [256, 5]}), ({'CONV': [256, 5]}, {'CONV': [256, 3]}, {'POOLMAX': [-1, 2]}), {'GLOBAL_AVG': None}, {'LAST_DENSE': [100, 'softmax']}]",HHSE,NSGA2,,,,,0.700661000826181,,,,1952126976,7015972,,,,,,"[48, 29, 22, 62, 41, 7, 23, 55]",0.7109105088931091,-0.0012042592118668,0.0,0.0,0.875,0.0,0.08,0,1,0,100,0,0.01,BEST,False,False,243,True,True,GREEDY,,,GREEDY_HV
BZKVPE[M][M][M],26,27,16,8,0.16,True,True,"[49, 9, 51, 62, 60, 6, 31, 62]",[],"[49.03611759847268, 9.726001682569603, 51.44530123792659, 62.3689877417245, 60.970928124274295, 6.594979498807485, 31.545683380691642, 62.83707277496771]","[{'INP': 32}, {'CONV': [64, 3]}, ({'CONV': [256, 3]}, {'CONV': [32, 5]}), ({'CONV': [32, 5]}, {'CONV': [32, 5]}, {'POOLMAX': [-1, 2]}), ({'CONV': [256, 3]}, {'CONV': [64, 5]}), ({'CONV': [256, 5]}, {'CONV': [256, 3]}, {'POOLMAX': [-1, 2]}), ({'CONV': [256, 5]}, {'CONV': [128, 3]}), ({'CONV': [32, 3]}, {'CONV': [256, 3]}, {'POOLMAX': [-1, 2]}), ({'CONV': [64, 5]}, {'CONV': [256, 5]}), ({'CONV': [256, 5]}, {'CONV': [256, 3]}, {'POOLMAX': [-1, 2]}), {'GLOBAL_AVG': None}, {'LAST_DENSE': [100, 'softmax']}]",HHSE,NSGA2,,,,,0.700661000826181,,,,1952126976,7015972,,,,,,"[48, 29, 22, 62, 41, 7, 23, 55]",0.7132193623762307,-0.0014167974770326,0.0,0.0,0.875,0.0,0.08,0,0,0,100,0,0.0,BEST,False,False,243,True,True,GREEDY,,,GREEDY_HV
BZKVPE[M][M][M],26,27,17,8,0.17,True,True,"[49, 9, 51, 62, 60, 6, 31, 62]",[],"[49.03611759847268, 9.726001682569603, 51.44530123792659, 62.3689877417245, 60.970928124274295, 6.594979498807485, 31.545683380691642, 62.83707277496771]","[{'INP': 32}, {'CONV': [64, 3]}, ({'CONV': [256, 3]}, {'CONV': [32, 5]}), ({'CONV': [32, 5]}, {'CONV': [32, 5]}, {'POOLMAX': [-1, 2]}), ({'CONV': [256, 3]}, {'CONV': [64, 5]}), ({'CONV': [256, 5]}, {'CONV': [256, 3]}, {'POOLMAX': [-1, 2]}), ({'CONV': [256, 5]}, {'CONV': [128, 3]}), ({'CONV': [32, 3]}, {'CONV': [256, 3]}, {'POOLMAX': [-1, 2]}), ({'CONV': [64, 5]}, {'CONV': [256, 5]}), ({'CONV': [256, 5]}, {'CONV': [256, 3]}, {'POOLMAX': [-1, 2]}), {'GLOBAL_AVG': None}, {'LAST_DENSE': [100, 'softmax']}]",HHSE,NSGA2,,,,,0.700661000826181,,,,1952126976,7015972,,,,,,"[48, 29, 22, 62, 41, 7, 23, 55]",0.7133068180598969,-0.000580593927437,0.0,0.0,0.875,0.0,0.08,0,0,0,100,0,0.0,BEST,False,False,243,True,True,GREEDY,,,GREEDY_HV
BZKVPE[M][M][M],26,27,18,8,0.18,True,True,"[49, 9, 51, 62, 60, 6, 31, 62]",[],"[49.03611759847268, 9.726001682569603, 51.44530123792659, 62.3689877417245, 60.970928124274295, 6.594979498807485, 31.545683380691642, 62.83707277496771]","[{'INP': 32}, {'CONV': [64, 3]}, ({'CONV': [256, 3]}, {'CONV': [32, 5]}), ({'CONV': [32, 5]}, {'CONV': [32, 5]}, {'POOLMAX': [-1, 2]}), ({'CONV': [256, 3]}, {'CONV': [64, 5]}), ({'CONV': [256, 5]}, {'CONV': [256, 3]}, {'POOLMAX': [-1, 2]}), ({'CONV': [256, 5]}, {'CONV': [128, 3]}), ({'CONV': [32, 3]}, {'CONV': [256, 3]}, {'POOLMAX': [-1, 2]}), ({'CONV': [64, 5]}, {'CONV': [256, 5]}), ({'CONV': [256, 5]}, {'CONV': [256, 3]}, {'POOLMAX': [-1, 2]}), {'GLOBAL_AVG': None}, {'LAST_DENSE': [100, 'softmax']}]",HHSE,NSGA2,,,,,0.700661000826181,,,,1952126976,7015972,,,,,,"[48, 29, 22, 62, 41, 7, 23, 55]",0.71390515892066,-0.0007179924410078,0.0,0.0,0.875,0.0,0.08,0,0,0,100,0,0.0,BEST,False,False,243,True,True,GREEDY,,,GREEDY_HV
BZKVPE[M][M][M],26,27,19,8,0.19,True,True,"[49, 9, 51, 62, 60, 6, 31, 62]",[],"[49.03611759847268, 9.726001682569603, 51.44530123792659, 62.3689877417245, 60.970928124274295, 6.594979498807485, 31.545683380691642, 62.83707277496771]","[{'INP': 32}, {'CONV': [64, 3]}, ({'CONV': [256, 3]}, {'CONV': [32, 5]}), ({'CONV': [32, 5]}, {'CONV': [32, 5]}, {'POOLMAX': [-1, 2]}), ({'CONV': [256, 3]}, {'CONV': [64, 5]}), ({'CONV': [256, 5]}, {'CONV': [256, 3]}, {'POOLMAX': [-1, 2]}), ({'CONV': [256, 5]}, {'CONV': [128, 3]}), ({'CONV': [32, 3]}, {'CONV': [256, 3]}, {'POOLMAX': [-1, 2]}), ({'CONV': [64, 5]}, {'CONV': [256, 5]}), ({'CONV': [256, 5]}, {'CONV': [256, 3]}, {'POOLMAX': [-1, 2]}), {'GLOBAL_AVG': None}, {'LAST_DENSE': [100, 'softmax']}]",HHSE,NSGA2,,,,,0.700661000826181,,,,1952126976,7015972,,,,,,"[48, 29, 22, 62, 41, 7, 23, 55]",0.7135649815593436,-0.0010253763358362,0.0,0.0,0.875,0.0,0.08,0,0,0,100,0,0.0,BEST,False,False,243,True,True,GREEDY,,,GREEDY_HV
BZKVPE[M][M][M],26,27,20,8,0.2,True,True,"[49, 9, 51, 62, 60, 6, 31, 62]",[],"[49.03611759847268, 9.726001682569603, 51.44530123792659, 62.3689877417245, 60.970928124274295, 6.594979498807485, 31.545683380691642, 62.83707277496771]","[{'INP': 32}, {'CONV': [64, 3]}, ({'CONV': [256, 3]}, {'CONV': [32, 5]}), ({'CONV': [32, 5]}, {'CONV': [32, 5]}, {'POOLMAX': [-1, 2]}), ({'CONV': [256, 3]}, {'CONV': [64, 5]}), ({'CONV': [256, 5]}, {'CONV': [256, 3]}, {'POOLMAX': [-1, 2]}), ({'CONV': [256, 5]}, {'CONV': [128, 3]}), ({'CONV': [32, 3]}, {'CONV': [256, 3]}, {'POOLMAX': [-1, 2]}), ({'CONV': [64, 5]}, {'CONV': [256, 5]}), ({'CONV': [256, 5]}, {'CONV': [256, 3]}, {'POOLMAX': [-1, 2]}), {'GLOBAL_AVG': None}, {'LAST_DENSE': [100, 'softmax']}]",HHSE,NSGA2,,,,,0.700661000826181,,,,1952126976,7015972,,,,,,"[48, 29, 22, 62, 41, 7, 23, 55]",0.7136108375020463,-0.0023021295709276,0.0,0.0,0.875,0.0,0.08,0,0,0,100,0,0.0,BEST,False,False,243,True,True,GREEDY,,,GREEDY_HV
BZKVPE[M][M][M],26,27,21,8,0.21,True,True,"[49, 9, 51, 62, 60, 6, 31, 62]",[],"[49.03611759847268, 9.726001682569603, 51.44530123792659, 62.3689877417245, 60.970928124274295, 6.594979498807485, 31.545683380691642, 62.83707277496771]","[{'INP': 32}, {'CONV': [64, 3]}, ({'CONV': [256, 3]}, {'CONV': [32, 5]}), ({'CONV': [32, 5]}, {'CONV': [32, 5]}, {'POOLMAX': [-1, 2]}), ({'CONV': [256, 3]}, {'CONV': [64, 5]}), ({'CONV': [256, 5]}, {'CONV': [256, 3]}, {'POOLMAX': [-1, 2]}), ({'CONV': [256, 5]}, {'CONV': [128, 3]}), ({'CONV': [32, 3]}, {'CONV': [256, 3]}, {'POOLMAX': [-1, 2]}), ({'CONV': [64, 5]}, {'CONV': [256, 5]}), ({'CONV': [256, 5]}, {'CONV': [256, 3]}, {'POOLMAX': [-1, 2]}), {'GLOBAL_AVG': None}, {'LAST_DENSE': [100, 'softmax']}]",HHSE,NSGA2,,,,,0.700661000826181,,,,1952126976,7015972,,,,,,"[48, 29, 22, 62, 41, 7, 23, 55]",0.7139108890957043,-0.0012609053094549,0.0,0.0,0.875,0.0,0.08,0,0,0,100,0,0.0,BEST,False,False,243,True,True,GREEDY,,,GREEDY_HV
BZKVPE[M][M][M],26,27,22,8,0.22,True,True,"[49, 9, 51, 62, 60, 6, 31, 62]",[],"[49.03611759847268, 9.726001682569603, 51.44530123792659, 62.3689877417245, 60.970928124274295, 6.594979498807485, 31.545683380691642, 62.83707277496771]","[{'INP': 32}, {'CONV': [64, 3]}, ({'CONV': [256, 3]}, {'CONV': [32, 5]}), ({'CONV': [32, 5]}, {'CONV': [32, 5]}, {'POOLMAX': [-1, 2]}), ({'CONV': [256, 3]}, {'CONV': [64, 5]}), ({'CONV': [256, 5]}, {'CONV': [256, 3]}, {'POOLMAX': [-1, 2]}), ({'CONV': [256, 5]}, {'CONV': [128, 3]}), ({'CONV': [32, 3]}, {'CONV': [256, 3]}, {'POOLMAX': [-1, 2]}), ({'CONV': [64, 5]}, {'CONV': [256, 5]}), ({'CONV': [256, 5]}, {'CONV': [256, 3]}, {'POOLMAX': [-1, 2]}), {'GLOBAL_AVG': None}, {'LAST_DENSE': [100, 'softmax']}]",HHSE,NSGA2,,,,,0.700661000826181,,,,1952126976,7015972,,,,,,"[48, 29, 22, 62, 41, 7, 23, 55]",0.7139085394137215,-0.0031109164327156,0.0,0.0,0.875,0.0,0.08,0,0,0,100,0,0.0,BEST,False,False,243,True,True,GREEDY,,,GREEDY_HV
BZKVPE[M][M][M],26,27,23,8,0.23,True,True,"[49, 9, 51, 62, 60, 6, 31, 62]",[],"[49.03611759847268, 9.726001682569603, 51.44530123792659, 62.3689877417245, 60.970928124274295, 6.594979498807485, 31.545683380691642, 62.83707277496771]","[{'INP': 32}, {'CONV': [64, 3]}, ({'CONV': [256, 3]}, {'CONV': [32, 5]}), ({'CONV': [32, 5]}, {'CONV': [32, 5]}, {'POOLMAX': [-1, 2]}), ({'CONV': [256, 3]}, {'CONV': [64, 5]}), ({'CONV': [256, 5]}, {'CONV': [256, 3]}, {'POOLMAX': [-1, 2]}), ({'CONV': [256, 5]}, {'CONV': [128, 3]}), ({'CONV': [32, 3]}, {'CONV': [256, 3]}, {'POOLMAX': [-1, 2]}), ({'CONV': [64, 5]}, {'CONV': [256, 5]}), ({'CONV': [256, 5]}, {'CONV': [256, 3]}, {'POOLMAX': [-1, 2]}), {'GLOBAL_AVG': None}, {'LAST_DENSE': [100, 'softmax']}]",HHSE,NSGA2,,,,,0.700661000826181,,,,1952126976,7015972,,,,,,"[48, 29, 22, 62, 41, 7, 23, 55]",0.7142315976077819,-0.0022981800616486,0.0,0.0,0.875,0.0,0.08,0,0,0,100,0,0.0,BEST,False,False,243,True,True,GREEDY,,,GREEDY_HV
BZKVPE[M][M][M],26,27,24,8,0.24,True,True,"[49, 9, 51, 62, 60, 6, 31, 62]",[],"[49.03611759847268, 9.726001682569603, 51.44530123792659, 62.3689877417245, 60.970928124274295, 6.594979498807485, 31.545683380691642, 62.83707277496771]","[{'INP': 32}, {'CONV': [64, 3]}, ({'CONV': [256, 3]}, {'CONV': [32, 5]}), ({'CONV': [32, 5]}, {'CONV': [32, 5]}, {'POOLMAX': [-1, 2]}), ({'CONV': [256, 3]}, {'CONV': [64, 5]}), ({'CONV': [256, 5]}, {'CONV': [256, 3]}, {'POOLMAX': [-1, 2]}), ({'CONV': [256, 5]}, {'CONV': [128, 3]}), ({'CONV': [32, 3]}, {'CONV': [256, 3]}, {'POOLMAX': [-1, 2]}), ({'CONV': [64, 5]}, {'CONV': [256, 5]}), ({'CONV': [256, 5]}, {'CONV': [256, 3]}, {'POOLMAX': [-1, 2]}), {'GLOBAL_AVG': None}, {'LAST_DENSE': [100, 'softmax']}]",HHSE,NSGA2,,,,,0.700661000826181,,,,1952126976,7015972,,,,,,"[48, 29, 22, 62, 41, 7, 23, 55]",0.7141740611277985,-0.0007586029667181,0.0,0.0,0.875,0.0,0.08,0,0,0,100,0,0.0,BEST,False,False,243,True,True,GREEDY,,,GREEDY_HV
BZKVPE[M][M][M],26,27,25,8,0.25,True,True,"[49, 9, 51, 62, 60, 6, 31, 62]",[],"[49.03611759847268, 9.726001682569603, 51.44530123792659, 62.3689877417245, 60.970928124274295, 6.594979498807485, 31.545683380691642, 62.83707277496771]","[{'INP': 32}, {'CONV': [64, 3]}, ({'CONV': [256, 3]}, {'CONV': [32, 5]}), ({'CONV': [32, 5]}, {'CONV': [32, 5]}, {'POOLMAX': [-1, 2]}), ({'CONV': [256, 3]}, {'CONV': [64, 5]}), ({'CONV': [256, 5]}, {'CONV': [256, 3]}, {'POOLMAX': [-1, 2]}), ({'CONV': [256, 5]}, {'CONV': [128, 3]}), ({'CONV': [32, 3]}, {'CONV': [256, 3]}, {'POOLMAX': [-1, 2]}), ({'CONV': [64, 5]}, {'CONV': [256, 5]}), ({'CONV': [256, 5]}, {'CONV': [256, 3]}, {'POOLMAX': [-1, 2]}), {'GLOBAL_AVG': None}, {'LAST_DENSE': [100, 'softmax']}]",HHSE,NSGA2,,,,,0.700661000826181,,,,1952126976,7015972,,,,,,"[48, 29, 22, 62, 41, 7, 23, 55]",0.7142039191092076,-0.0015311334403069,0.0,0.0,0.875,0.0,0.08,0,0,0,100,0,0.0,BEST,False,False,243,True,True,GREEDY,,,GREEDY_HV
BZKVPE[M][M][M],26,27,26,8,0.26,True,True,"[49, 9, 51, 62, 60, 6, 31, 62]",[],"[49.03611759847268, 9.726001682569603, 51.44530123792659, 62.3689877417245, 60.970928124274295, 6.594979498807485, 31.545683380691642, 62.83707277496771]","[{'INP': 32}, {'CONV': [64, 3]}, ({'CONV': [256, 3]}, {'CONV': [32, 5]}), ({'CONV': [32, 5]}, {'CONV': [32, 5]}, {'POOLMAX': [-1, 2]}), ({'CONV': [256, 3]}, {'CONV': [64, 5]}), ({'CONV': [256, 5]}, {'CONV': [256, 3]}, {'POOLMAX': [-1, 2]}), ({'CONV': [256, 5]}, {'CONV': [128, 3]}), ({'CONV': [32, 3]}, {'CONV': [256, 3]}, {'POOLMAX': [-1, 2]}), ({'CONV': [64, 5]}, {'CONV': [256, 5]}), ({'CONV': [256, 5]}, {'CONV': [256, 3]}, {'POOLMAX': [-1, 2]}), {'GLOBAL_AVG': None}, {'LAST_DENSE': [100, 'softmax']}]",HHSE,NSGA2,,,,,0.700661000826181,,,,1952126976,7015972,,,,,,"[48, 29, 22, 62, 41, 7, 23, 55]",0.7141994037918675,-0.001092588668476,0.0,0.0,0.875,0.0,0.08,0,0,0,100,0,0.0,BEST,False,False,243,True,True,GREEDY,,,GREEDY_HV
BZKVPE[M][M][M],26,27,27,8,0.27,True,True,"[49, 9, 51, 62, 60, 6, 31, 62]",[],"[49.03611759847268, 9.726001682569603, 51.44530123792659, 62.3689877417245, 60.970928124274295, 6.594979498807485, 31.545683380691642, 62.83707277496771]","[{'INP': 32}, {'CONV': [64, 3]}, ({'CONV': [256, 3]}, {'CONV': [32, 5]}), ({'CONV': [32, 5]}, {'CONV': [32, 5]}, {'POOLMAX': [-1, 2]}), ({'CONV': [256, 3]}, {'CONV': [64, 5]}), ({'CONV': [256, 5]}, {'CONV': [256, 3]}, {'POOLMAX': [-1, 2]}), ({'CONV': [256, 5]}, {'CONV': [128, 3]}), ({'CONV': [32, 3]}, {'CONV': [256, 3]}, {'POOLMAX': [-1, 2]}), ({'CONV': [64, 5]}, {'CONV': [256, 5]}), ({'CONV': [256, 5]}, {'CONV': [256, 3]}, {'POOLMAX': [-1, 2]}), {'GLOBAL_AVG': None}, {'LAST_DENSE': [100, 'softmax']}]",HHSE,NSGA2,,,,,0.700661000826181,,,,1952126976,7015972,,,,,,"[48, 29, 22, 62, 41, 7, 23, 55]",0.7142244675770428,-0.0025590797199482,0.0,0.0,0.875,0.0,0.08,0,0,0,100,0,0.0,BEST,False,False,243,True,True,GREEDY,,,GREEDY_HV
BZKVPE[M][M][M],26,27,28,8,0.28,True,True,"[49, 9, 51, 62, 60, 6, 31, 62]",[],"[49.03611759847268, 9.726001682569603, 51.44530123792659, 62.3689877417245, 60.970928124274295, 6.594979498807485, 31.545683380691642, 62.83707277496771]","[{'INP': 32}, {'CONV': [64, 3]}, ({'CONV': [256, 3]}, {'CONV': [32, 5]}), ({'CONV': [32, 5]}, {'CONV': [32, 5]}, {'POOLMAX': [-1, 2]}), ({'CONV': [256, 3]}, {'CONV': [64, 5]}), ({'CONV': [256, 5]}, {'CONV': [256, 3]}, {'POOLMAX': [-1, 2]}), ({'CONV': [256, 5]}, {'CONV': [128, 3]}), ({'CONV': [32, 3]}, {'CONV': [256, 3]}, {'POOLMAX': [-1, 2]}), ({'CONV': [64, 5]}, {'CONV': [256, 5]}), ({'CONV': [256, 5]}, {'CONV': [256, 3]}, {'POOLMAX': [-1, 2]}), {'GLOBAL_AVG': None}, {'LAST_DENSE': [100, 'softmax']}]",HHSE,NSGA2,,,,,0.700661000826181,,,,1952126976,7015972,,,,,,"[48, 29, 22, 62, 41, 7, 23, 55]",0.7142577477590957,-0.0015086046346413,0.0,0.0,0.875,0.0,0.08,0,1,0,100,0,0.01,BEST,False,False,243,True,True,GREEDY,,,GREEDY_HV
BZKVPE[M][M][M],26,27,29,8,0.29,True,True,"[49, 9, 51, 62, 60, 6, 31, 62]",[],"[49.03611759847268, 9.726001682569603, 51.44530123792659, 62.3689877417245, 60.970928124274295, 6.594979498807485, 31.545683380691642, 62.83707277496771]","[{'INP': 32}, {'CONV': [64, 3]}, ({'CONV': [256, 3]}, {'CONV': [32, 5]}), ({'CONV': [32, 5]}, {'CONV': [32, 5]}, {'POOLMAX': [-1, 2]}), ({'CONV': [256, 3]}, {'CONV': [64, 5]}), ({'CONV': [256, 5]}, {'CONV': [256, 3]}, {'POOLMAX': [-1, 2]}), ({'CONV': [256, 5]}, {'CONV': [128, 3]}), ({'CONV': [32, 3]}, {'CONV': [256, 3]}, {'POOLMAX': [-1, 2]}), ({'CONV': [64, 5]}, {'CONV': [256, 5]}), ({'CONV': [256, 5]}, {'CONV': [256, 3]}, {'POOLMAX': [-1, 2]}), {'GLOBAL_AVG': None}, {'LAST_DENSE': [100, 'softmax']}]",HHSE,NSGA2,,,,,0.700661000826181,,,,1952126976,7015972,,,,,,"[48, 29, 22, 62, 41, 7, 23, 55]",0.7143610826444816,-0.00216684097713,0.0,0.0,0.875,0.0,0.08,0,0,0,100,0,0.0,BEST,False,False,243,True,True,GREEDY,,,GREEDY_HV
BZKVPE[M][M][M],26,27,30,8,0.3,True,True,"[49, 9, 51, 62, 60, 6, 31, 62]",[],"[49.03611759847268, 9.726001682569603, 51.44530123792659, 62.3689877417245, 60.970928124274295, 6.594979498807485, 31.545683380691642, 62.83707277496771]","[{'INP': 32}, {'CONV': [64, 3]}, ({'CONV': [256, 3]}, {'CONV': [32, 5]}), ({'CONV': [32, 5]}, {'CONV': [32, 5]}, {'POOLMAX': [-1, 2]}), ({'CONV': [256, 3]}, {'CONV': [64, 5]}), ({'CONV': [256, 5]}, {'CONV': [256, 3]}, {'POOLMAX': [-1, 2]}), ({'CONV': [256, 5]}, {'CONV': [128, 3]}), ({'CONV': [32, 3]}, {'CONV': [256, 3]}, {'POOLMAX': [-1, 2]}), ({'CONV': [64, 5]}, {'CONV': [256, 5]}), ({'CONV': [256, 5]}, {'CONV': [256, 3]}, {'POOLMAX': [-1, 2]}), {'GLOBAL_AVG': None}, {'LAST_DENSE': [100, 'softmax']}]",HHSE,NSGA2,,,,,0.700661000826181,,,,1952126976,7015972,,,,,,"[48, 29, 22, 62, 41, 7, 23, 55]",0.7157293323594576,0.00084283373426,0.0,0.0,0.875,0.0,0.08,0,0,0,100,0,0.0,BEST,False,False,243,True,True,GREEDY,,,GREEDY_HV
BZKVPE[M][M][M],26,27,31,8,0.31,True,True,"[49, 9, 51, 62, 60, 6, 31, 62]",[],"[49.03611759847268, 9.726001682569603, 51.44530123792659, 62.3689877417245, 60.970928124274295, 6.594979498807485, 31.545683380691642, 62.83707277496771]","[{'INP': 32}, {'CONV': [64, 3]}, ({'CONV': [256, 3]}, {'CONV': [32, 5]}), ({'CONV': [32, 5]}, {'CONV': [32, 5]}, {'POOLMAX': [-1, 2]}), ({'CONV': [256, 3]}, {'CONV': [64, 5]}), ({'CONV': [256, 5]}, {'CONV': [256, 3]}, {'POOLMAX': [-1, 2]}), ({'CONV': [256, 5]}, {'CONV': [128, 3]}), ({'CONV': [32, 3]}, {'CONV': [256, 3]}, {'POOLMAX': [-1, 2]}), ({'CONV': [64, 5]}, {'CONV': [256, 5]}), ({'CONV': [256, 5]}, {'CONV': [256, 3]}, {'POOLMAX': [-1, 2]}), {'GLOBAL_AVG': None}, {'LAST_DENSE': [100, 'softmax']}]",HHSE,NSGA2,,,,,0.700661000826181,,,,1952126976,7015972,,,,,,"[48, 29, 22, 62, 41, 7, 23, 55]",0.7146924873824653,-0.0010096798906135,0.0,0.0,0.875,0.0,0.08,0,0,0,100,0,0.0,BEST,False,False,243,True,True,GREEDY,,,GREEDY_HV
BZKVPE[M][M][M],26,27,32,8,0.32,True,True,"[49, 9, 51, 62, 60, 6, 31, 62]",[],"[49.03611759847268, 9.726001682569603, 51.44530123792659, 62.3689877417245, 60.970928124274295, 6.594979498807485, 31.545683380691642, 62.83707277496771]","[{'INP': 32}, {'CONV': [64, 3]}, ({'CONV': [256, 3]}, {'CONV': [32, 5]}), ({'CONV': [32, 5]}, {'CONV': [32, 5]}, {'POOLMAX': [-1, 2]}), ({'CONV': [256, 3]}, {'CONV': [64, 5]}), ({'CONV': [256, 5]}, {'CONV': [256, 3]}, {'POOLMAX': [-1, 2]}), ({'CONV': [256, 5]}, {'CONV': [128, 3]}), ({'CONV': [32, 3]}, {'CONV': [256, 3]}, {'POOLMAX': [-1, 2]}), ({'CONV': [64, 5]}, {'CONV': [256, 5]}), ({'CONV': [256, 5]}, {'CONV': [256, 3]}, {'POOLMAX': [-1, 2]}), {'GLOBAL_AVG': None}, {'LAST_DENSE': [100, 'softmax']}]",HHSE,NSGA2,,,,,0.700661000826181,,,,1952126976,7015972,,,,,,"[48, 29, 22, 62, 41, 7, 23, 55]",0.7148129727694628,-0.0032246657320247,0.0,0.0,0.875,0.0,0.08,0,0,0,100,0,0.0,BEST,False,False,243,True,True,GREEDY,,,GREEDY_HV
BZKVPE[M][M][M],26,27,33,8,0.33,True,True,"[49, 9, 51, 62, 60, 6, 31, 62]",[],"[49.03611759847268, 9.726001682569603, 51.44530123792659, 62.3689877417245, 60.970928124274295, 6.594979498807485, 31.545683380691642, 62.83707277496771]","[{'INP': 32}, {'CONV': [64, 3]}, ({'CONV': [256, 3]}, {'CONV': [32, 5]}), ({'CONV': [32, 5]}, {'CONV': [32, 5]}, {'POOLMAX': [-1, 2]}), ({'CONV': [256, 3]}, {'CONV': [64, 5]}), ({'CONV': [256, 5]}, {'CONV': [256, 3]}, {'POOLMAX': [-1, 2]}), ({'CONV': [256, 5]}, {'CONV': [128, 3]}), ({'CONV': [32, 3]}, {'CONV': [256, 3]}, {'POOLMAX': [-1, 2]}), ({'CONV': [64, 5]}, {'CONV': [256, 5]}), ({'CONV': [256, 5]}, {'CONV': [256, 3]}, {'POOLMAX': [-1, 2]}), {'GLOBAL_AVG': None}, {'LAST_DENSE': [100, 'softmax']}]",HHSE,NSGA2,,,,,0.700661000826181,,,,1952126976,7015972,,,,,,"[48, 29, 22, 62, 41, 7, 23, 55]",0.7147640703168806,-0.0004172420491929,0.0,0.0,0.875,0.0,0.08,0,0,0,100,0,0.0,BEST,False,False,243,True,True,GREEDY,,,GREEDY_HV
BZKVPE[M][M][M],26,27,34,8,0.34,True,True,"[49, 9, 51, 62, 60, 6, 31, 62]",[],"[49.03611759847268, 9.726001682569603, 51.44530123792659, 62.3689877417245, 60.970928124274295, 6.594979498807485, 31.545683380691642, 62.83707277496771]","[{'INP': 32}, {'CONV': [64, 3]}, ({'CONV': [256, 3]}, {'CONV': [32, 5]}), ({'CONV': [32, 5]}, {'CONV': [32, 5]}, {'POOLMAX': [-1, 2]}), ({'CONV': [256, 3]}, {'CONV': [64, 5]}), ({'CONV': [256, 5]}, {'CONV': [256, 3]}, {'POOLMAX': [-1, 2]}), ({'CONV': [256, 5]}, {'CONV': [128, 3]}), ({'CONV': [32, 3]}, {'CONV': [256, 3]}, {'POOLMAX': [-1, 2]}), ({'CONV': [64, 5]}, {'CONV': [256, 5]}), ({'CONV': [256, 5]}, {'CONV': [256, 3]}, {'POOLMAX': [-1, 2]}), {'GLOBAL_AVG': None}, {'LAST_DENSE': [100, 'softmax']}]",HHSE,NSGA2,,,,,0.700661000826181,,,,1952126976,7015972,,,,,,"[48, 29, 22, 62, 41, 7, 23, 55]",0.7161836561210442,-0.0044293732834712,0.0,0.0,0.875,0.0,0.08,0,0,0,100,0,0.0,BEST,False,False,243,True,True,GREEDY,,,GREEDY_HV
BZKVPE[M][M][M],26,27,35,8,0.35,True,True,"[49, 9, 51, 62, 60, 6, 31, 62]",[],"[49.03611759847268, 9.726001682569603, 51.44530123792659, 62.3689877417245, 60.970928124274295, 6.594979498807485, 31.545683380691642, 62.83707277496771]","[{'INP': 32}, {'CONV': [64, 3]}, ({'CONV': [256, 3]}, {'CONV': [32, 5]}), ({'CONV': [32, 5]}, {'CONV': [32, 5]}, {'POOLMAX': [-1, 2]}), ({'CONV': [256, 3]}, {'CONV': [64, 5]}), ({'CONV': [256, 5]}, {'CONV': [256, 3]}, {'POOLMAX': [-1, 2]}), ({'CONV': [256, 5]}, {'CONV': [128, 3]}), ({'CONV': [32, 3]}, {'CONV': [256, 3]}, {'POOLMAX': [-1, 2]}), ({'CONV': [64, 5]}, {'CONV': [256, 5]}), ({'CONV': [256, 5]}, {'CONV': [256, 3]}, {'POOLMAX': [-1, 2]}), {'GLOBAL_AVG': None}, {'LAST_DENSE': [100, 'softmax']}]",HHSE,NSGA2,,,,,0.700661000826181,,,,1952126976,7015972,,,,,,"[48, 29, 22, 62, 41, 7, 23, 55]",0.7162569294240734,-0.0002292134753313,0.0,0.0,0.875,0.0,0.08,0,2,0,100,0,0.02,BEST,False,False,243,True,True,GREEDY,,,GREEDY_HV
BZKVPE[M][M][M],26,27,36,8,0.36,True,True,"[49, 9, 51, 62, 60, 6, 31, 62]",[],"[49.03611759847268, 9.726001682569603, 51.44530123792659, 62.3689877417245, 60.970928124274295, 6.594979498807485, 31.545683380691642, 62.83707277496771]","[{'INP': 32}, {'CONV': [64, 3]}, ({'CONV': [256, 3]}, {'CONV': [32, 5]}), ({'CONV': [32, 5]}, {'CONV': [32, 5]}, {'POOLMAX': [-1, 2]}), ({'CONV': [256, 3]}, {'CONV': [64, 5]}), ({'CONV': [256, 5]}, {'CONV': [256, 3]}, {'POOLMAX': [-1, 2]}), ({'CONV': [256, 5]}, {'CONV': [128, 3]}), ({'CONV': [32, 3]}, {'CONV': [256, 3]}, {'POOLMAX': [-1, 2]}), ({'CONV': [64, 5]}, {'CONV': [256, 5]}), ({'CONV': [256, 5]}, {'CONV': [256, 3]}, {'POOLMAX': [-1, 2]}), {'GLOBAL_AVG': None}, {'LAST_DENSE': [100, 'softmax']}]",HHSE,NSGA2,,,,,0.700661000826181,,,,1952126976,7015972,,,,,,"[48, 29, 22, 62, 41, 7, 23, 55]",0.7164653889276448,-0.000276437341702,0.0,0.0,0.875,0.0,0.08,0,0,0,100,0,0.0,BEST,False,False,243,True,True,GREEDY,,,GREEDY_HV
BZKVPE[M][M][M],26,27,37,8,0.37,True,True,"[49, 9, 51, 62, 60, 6, 31, 62]",[],"[49.03611759847268, 9.726001682569603, 51.44530123792659, 62.3689877417245, 60.970928124274295, 6.594979498807485, 31.545683380691642, 62.83707277496771]","[{'INP': 32}, {'CONV': [64, 3]}, ({'CONV': [256, 3]}, {'CONV': [32, 5]}), ({'CONV': [32, 5]}, {'CONV': [32, 5]}, {'POOLMAX': [-1, 2]}), ({'CONV': [256, 3]}, {'CONV': [64, 5]}), ({'CONV': [256, 5]}, {'CONV': [256, 3]}, {'POOLMAX': [-1, 2]}), ({'CONV': [256, 5]}, {'CONV': [128, 3]}), ({'CONV': [32, 3]}, {'CONV': [256, 3]}, {'POOLMAX': [-1, 2]}), ({'CONV': [64, 5]}, {'CONV': [256, 5]}), ({'CONV': [256, 5]}, {'CONV': [256, 3]}, {'POOLMAX': [-1, 2]}), {'GLOBAL_AVG': None}, {'LAST_DENSE': [100, 'softmax']}]",HHSE,NSGA2,,,,,0.700661000826181,,,,1952126976,7015972,,,,,,"[48, 29, 22, 62, 41, 7, 23, 55]",0.7164769476436843,-0.000655167906672,0.0,0.0,0.875,0.0,0.08,0,0,0,100,0,0.0,BEST,False,False,243,True,True,GREEDY,,,GREEDY_HV
BZKVPE[M][M][M],26,27,38,8,0.38,True,True,"[49, 9, 51, 62, 60, 6, 31, 62]",[],"[49.03611759847268, 9.726001682569603, 51.44530123792659, 62.3689877417245, 60.970928124274295, 6.594979498807485, 31.545683380691642, 62.83707277496771]","[{'INP': 32}, {'CONV': [64, 3]}, ({'CONV': [256, 3]}, {'CONV': [32, 5]}), ({'CONV': [32, 5]}, {'CONV': [32, 5]}, {'POOLMAX': [-1, 2]}), ({'CONV': [256, 3]}, {'CONV': [64, 5]}), ({'CONV': [256, 5]}, {'CONV': [256, 3]}, {'POOLMAX': [-1, 2]}), ({'CONV': [256, 5]}, {'CONV': [128, 3]}), ({'CONV': [32, 3]}, {'CONV': [256, 3]}, {'POOLMAX': [-1, 2]}), ({'CONV': [64, 5]}, {'CONV': [256, 5]}), ({'CONV': [256, 5]}, {'CONV': [256, 3]}, {'POOLMAX': [-1, 2]}), {'GLOBAL_AVG': None}, {'LAST_DENSE': [100, 'softmax']}]",HHSE,NSGA2,,,,,0.700661000826181,,,,1952126976,7015972,,,,,,"[48, 29, 22, 62, 41, 7, 23, 55]",0.7164655175727727,-0.0006165258596702,0.0,0.0,0.875,0.0,0.08,0,0,0,100,0,0.0,BEST,False,False,243,True,True,GREEDY,,,GREEDY_HV
BZKVPE[M][M][M],26,27,39,8,0.39,True,True,"[49, 9, 51, 62, 60, 6, 31, 62]",[],"[49.03611759847268, 9.726001682569603, 51.44530123792659, 62.3689877417245, 60.970928124274295, 6.594979498807485, 31.545683380691642, 62.83707277496771]","[{'INP': 32}, {'CONV': [64, 3]}, ({'CONV': [256, 3]}, {'CONV': [32, 5]}), ({'CONV': [32, 5]}, {'CONV': [32, 5]}, {'POOLMAX': [-1, 2]}), ({'CONV': [256, 3]}, {'CONV': [64, 5]}), ({'CONV': [256, 5]}, {'CONV': [256, 3]}, {'POOLMAX': [-1, 2]}), ({'CONV': [256, 5]}, {'CONV': [128, 3]}), ({'CONV': [32, 3]}, {'CONV': [256, 3]}, {'POOLMAX': [-1, 2]}), ({'CONV': [64, 5]}, {'CONV': [256, 5]}), ({'CONV': [256, 5]}, {'CONV': [256, 3]}, {'POOLMAX': [-1, 2]}), {'GLOBAL_AVG': None}, {'LAST_DENSE': [100, 'softmax']}]",HHSE,NSGA2,,,,,0.700661000826181,,,,1952126976,7015972,,,,,,"[48, 29, 22, 62, 41, 7, 23, 55]",0.716837017490962,-0.0011655275459834,0.0,0.0,0.875,0.0,0.08,0,0,0,100,0,0.0,BEST,False,False,243,True,True,GREEDY,,,GREEDY_HV
BZKVPE[M][M][M],26,27,40,8,0.4,True,True,"[49, 9, 51, 62, 60, 6, 31, 62]",[],"[49.03611759847268, 9.726001682569603, 51.44530123792659, 62.3689877417245, 60.970928124274295, 6.594979498807485, 31.545683380691642, 62.83707277496771]","[{'INP': 32}, {'CONV': [64, 3]}, ({'CONV': [256, 3]}, {'CONV': [32, 5]}), ({'CONV': [32, 5]}, {'CONV': [32, 5]}, {'POOLMAX': [-1, 2]}), ({'CONV': [256, 3]}, {'CONV': [64, 5]}), ({'CONV': [256, 5]}, {'CONV': [256, 3]}, {'POOLMAX': [-1, 2]}), ({'CONV': [256, 5]}, {'CONV': [128, 3]}), ({'CONV': [32, 3]}, {'CONV': [256, 3]}, {'POOLMAX': [-1, 2]}), ({'CONV': [64, 5]}, {'CONV': [256, 5]}), ({'CONV': [256, 5]}, {'CONV': [256, 3]}, {'POOLMAX': [-1, 2]}), {'GLOBAL_AVG': None}, {'LAST_DENSE': [100, 'softmax']}]",HHSE,NSGA2,,,,,0.700661000826181,,,,1952126976,7015972,,,,,,"[48, 29, 22, 62, 41, 7, 23, 55]",0.7168380048055787,-0.0024609133706482,0.0,0.0,0.875,0.0,0.08,0,0,0,100,0,0.0,BEST,False,False,243,True,True,GREEDY,,,GREEDY_HV
BZKVPE[M][M][M],26,27,41,8,0.41,True,True,"[49, 9, 51, 62, 60, 6, 31, 62]",[],"[49.03611759847268, 9.726001682569603, 51.44530123792659, 62.3689877417245, 60.970928124274295, 6.594979498807485, 31.545683380691642, 62.83707277496771]","[{'INP': 32}, {'CONV': [64, 3]}, ({'CONV': [256, 3]}, {'CONV': [32, 5]}), ({'CONV': [32, 5]}, {'CONV': [32, 5]}, {'POOLMAX': [-1, 2]}), ({'CONV': [256, 3]}, {'CONV': [64, 5]}), ({'CONV': [256, 5]}, {'CONV': [256, 3]}, {'POOLMAX': [-1, 2]}), ({'CONV': [256, 5]}, {'CONV': [128, 3]}), ({'CONV': [32, 3]}, {'CONV': [256, 3]}, {'POOLMAX': [-1, 2]}), ({'CONV': [64, 5]}, {'CONV': [256, 5]}), ({'CONV': [256, 5]}, {'CONV': [256, 3]}, {'POOLMAX': [-1, 2]}), {'GLOBAL_AVG': None}, {'LAST_DENSE': [100, 'softmax']}]",HHSE,NSGA2,,,,,0.700661000826181,,,,1952126976,7015972,,,,,,"[48, 29, 22, 62, 41, 7, 23, 55]",0.7184377297287923,-0.0018200644473034,0.0,0.0,0.875,0.0,0.08,0,0,0,100,0,0.0,BEST,False,False,243,True,True,GREEDY,,,GREEDY_HV
BZKVPE[M][M][M],26,27,42,8,0.42,True,True,"[49, 9, 51, 62, 60, 6, 31, 62]",[],"[49.03611759847268, 9.726001682569603, 51.44530123792659, 62.3689877417245, 60.970928124274295, 6.594979498807485, 31.545683380691642, 62.83707277496771]","[{'INP': 32}, {'CONV': [64, 3]}, ({'CONV': [256, 3]}, {'CONV': [32, 5]}), ({'CONV': [32, 5]}, {'CONV': [32, 5]}, {'POOLMAX': [-1, 2]}), ({'CONV': [256, 3]}, {'CONV': [64, 5]}), ({'CONV': [256, 5]}, {'CONV': [256, 3]}, {'POOLMAX': [-1, 2]}), ({'CONV': [256, 5]}, {'CONV': [128, 3]}), ({'CONV': [32, 3]}, {'CONV': [256, 3]}, {'POOLMAX': [-1, 2]}), ({'CONV': [64, 5]}, {'CONV': [256, 5]}), ({'CONV': [256, 5]}, {'CONV': [256, 3]}, {'POOLMAX': [-1, 2]}), {'GLOBAL_AVG': None}, {'LAST_DENSE': [100, 'softmax']}]",HHSE,NSGA2,,,,,0.700661000826181,,,,1952126976,7015972,,,,,,"[48, 29, 22, 62, 41, 7, 23, 55]",0.7181393396997896,-0.0003625600441031,0.0,0.0,0.875,0.0,0.08,0,0,0,100,0,0.0,BEST,False,False,243,True,True,GREEDY,,,GREEDY_HV
BZKVPE[M][M][M],26,27,43,8,0.43,True,True,"[49, 9, 51, 62, 60, 6, 31, 62]",[],"[49.03611759847268, 9.726001682569603, 51.44530123792659, 62.3689877417245, 60.970928124274295, 6.594979498807485, 31.545683380691642, 62.83707277496771]","[{'INP': 32}, {'CONV': [64, 3]}, ({'CONV': [256, 3]}, {'CONV': [32, 5]}), ({'CONV': [32, 5]}, {'CONV': [32, 5]}, {'POOLMAX': [-1, 2]}), ({'CONV': [256, 3]}, {'CONV': [64, 5]}), ({'CONV': [256, 5]}, {'CONV': [256, 3]}, {'POOLMAX': [-1, 2]}), ({'CONV': [256, 5]}, {'CONV': [128, 3]}), ({'CONV': [32, 3]}, {'CONV': [256, 3]}, {'POOLMAX': [-1, 2]}), ({'CONV': [64, 5]}, {'CONV': [256, 5]}), ({'CONV': [256, 5]}, {'CONV': [256, 3]}, {'POOLMAX': [-1, 2]}), {'GLOBAL_AVG': None}, {'LAST_DENSE': [100, 'softmax']}]",HHSE,NSGA2,,,,,0.700661000826181,,,,1952126976,7015972,,,,,,"[48, 29, 22, 62, 41, 7, 23, 55]",0.7181299419393619,-0.0002757118002119,0.0,0.0,0.875,0.0,0.08,0,0,0,100,0,0.0,BEST,False,False,243,True,True,GREEDY,,,GREEDY_HV
BZKVPE[M][M][M],26,27,44,8,0.44,True,True,"[49, 9, 51, 62, 60, 6, 31, 62]",[],"[49.03611759847268, 9.726001682569603, 51.44530123792659, 62.3689877417245, 60.970928124274295, 6.594979498807485, 31.545683380691642, 62.83707277496771]","[{'INP': 32}, {'CONV': [64, 3]}, ({'CONV': [256, 3]}, {'CONV': [32, 5]}), ({'CONV': [32, 5]}, {'CONV': [32, 5]}, {'POOLMAX': [-1, 2]}), ({'CONV': [256, 3]}, {'CONV': [64, 5]}), ({'CONV': [256, 5]}, {'CONV': [256, 3]}, {'POOLMAX': [-1, 2]}), ({'CONV': [256, 5]}, {'CONV': [128, 3]}), ({'CONV': [32, 3]}, {'CONV': [256, 3]}, {'POOLMAX': [-1, 2]}), ({'CONV': [64, 5]}, {'CONV': [256, 5]}), ({'CONV': [256, 5]}, {'CONV': [256, 3]}, {'POOLMAX': [-1, 2]}), {'GLOBAL_AVG': None}, {'LAST_DENSE': [100, 'softmax']}]",HHSE,NSGA2,,,,,0.700661000826181,,,,1952126976,7015972,,,,,,"[48, 29, 22, 62, 41, 7, 23, 55]",0.7181587172697987,-0.0022969871884027,0.0,0.0,0.875,0.0,0.08,0,0,0,100,0,0.0,BEST,False,False,243,True,True,GREEDY,,,GREEDY_HV
BZKVPE[M][M][M],26,27,45,8,0.45,True,True,"[49, 9, 51, 62, 60, 6, 31, 62]",[],"[49.03611759847268, 9.726001682569603, 51.44530123792659, 62.3689877417245, 60.970928124274295, 6.594979498807485, 31.545683380691642, 62.83707277496771]","[{'INP': 32}, {'CONV': [64, 3]}, ({'CONV': [256, 3]}, {'CONV': [32, 5]}), ({'CONV': [32, 5]}, {'CONV': [32, 5]}, {'POOLMAX': [-1, 2]}), ({'CONV': [256, 3]}, {'CONV': [64, 5]}), ({'CONV': [256, 5]}, {'CONV': [256, 3]}, {'POOLMAX': [-1, 2]}), ({'CONV': [256, 5]}, {'CONV': [128, 3]}), ({'CONV': [32, 3]}, {'CONV': [256, 3]}, {'POOLMAX': [-1, 2]}), ({'CONV': [64, 5]}, {'CONV': [256, 5]}), ({'CONV': [256, 5]}, {'CONV': [256, 3]}, {'POOLMAX': [-1, 2]}), {'GLOBAL_AVG': None}, {'LAST_DENSE': [100, 'softmax']}]",HHSE,NSGA2,,,,,0.700661000826181,,,,1952126976,7015972,,,,,,"[48, 29, 22, 62, 41, 7, 23, 55]",0.7181782236865273,-0.0011294342163892,0.0,0.0,0.875,0.0,0.08,0,0,0,100,0,0.0,BEST,False,False,243,True,True,GREEDY,,,GREEDY_HV
BZKVPE[M][M][M],26,27,46,8,0.46,True,True,"[49, 9, 51, 62, 60, 6, 31, 62]",[],"[49.03611759847268, 9.726001682569603, 51.44530123792659, 62.3689877417245, 60.970928124274295, 6.594979498807485, 31.545683380691642, 62.83707277496771]","[{'INP': 32}, {'CONV': [64, 3]}, ({'CONV': [256, 3]}, {'CONV': [32, 5]}), ({'CONV': [32, 5]}, {'CONV': [32, 5]}, {'POOLMAX': [-1, 2]}), ({'CONV': [256, 3]}, {'CONV': [64, 5]}), ({'CONV': [256, 5]}, {'CONV': [256, 3]}, {'POOLMAX': [-1, 2]}), ({'CONV': [256, 5]}, {'CONV': [128, 3]}), ({'CONV': [32, 3]}, {'CONV': [256, 3]}, {'POOLMAX': [-1, 2]}), ({'CONV': [64, 5]}, {'CONV': [256, 5]}), ({'CONV': [256, 5]}, {'CONV': [256, 3]}, {'POOLMAX': [-1, 2]}), {'GLOBAL_AVG': None}, {'LAST_DENSE': [100, 'softmax']}]",HHSE,NSGA2,,,,,0.700661000826181,,,,1952126976,7015972,,,,,,"[48, 29, 22, 62, 41, 7, 23, 55]",0.7193494893548602,0.0003318181007243,0.0,0.0,0.875,0.0,0.08,0,0,0,100,0,0.0,BEST,False,False,243,True,True,GREEDY,,,GREEDY_HV
BZKVPE[M][M][M],26,27,47,8,0.47,True,True,"[49, 9, 51, 62, 60, 6, 31, 62]",[],"[49.03611759847268, 9.726001682569603, 51.44530123792659, 62.3689877417245, 60.970928124274295, 6.594979498807485, 31.545683380691642, 62.83707277496771]","[{'INP': 32}, {'CONV': [64, 3]}, ({'CONV': [256, 3]}, {'CONV': [32, 5]}), ({'CONV': [32, 5]}, {'CONV': [32, 5]}, {'POOLMAX': [-1, 2]}), ({'CONV': [256, 3]}, {'CONV': [64, 5]}), ({'CONV': [256, 5]}, {'CONV': [256, 3]}, {'POOLMAX': [-1, 2]}), ({'CONV': [256, 5]}, {'CONV': [128, 3]}), ({'CONV': [32, 3]}, {'CONV': [256, 3]}, {'POOLMAX': [-1, 2]}), ({'CONV': [64, 5]}, {'CONV': [256, 5]}), ({'CONV': [256, 5]}, {'CONV': [256, 3]}, {'POOLMAX': [-1, 2]}), {'GLOBAL_AVG': None}, {'LAST_DENSE': [100, 'softmax']}]",HHSE,NSGA2,,,,,0.700661000826181,,,,1952126976,7015972,,,,,,"[48, 29, 22, 62, 41, 7, 23, 55]",0.7182511684667368,-0.0007570125553386,0.0,0.0,0.875,0.0,0.08,0,0,0,100,0,0.0,BEST,False,False,243,True,True,GREEDY,,,GREEDY_HV
BZKVPE[M][M][M],26,27,48,8,0.48,True,True,"[49, 9, 51, 62, 60, 6, 31, 62]",[],"[49.03611759847268, 9.726001682569603, 51.44530123792659, 62.3689877417245, 60.970928124274295, 6.594979498807485, 31.545683380691642, 62.83707277496771]","[{'INP': 32}, {'CONV': [64, 3]}, ({'CONV': [256, 3]}, {'CONV': [32, 5]}), ({'CONV': [32, 5]}, {'CONV': [32, 5]}, {'POOLMAX': [-1, 2]}), ({'CONV': [256, 3]}, {'CONV': [64, 5]}), ({'CONV': [256, 5]}, {'CONV': [256, 3]}, {'POOLMAX': [-1, 2]}), ({'CONV': [256, 5]}, {'CONV': [128, 3]}), ({'CONV': [32, 3]}, {'CONV': [256, 3]}, {'POOLMAX': [-1, 2]}), ({'CONV': [64, 5]}, {'CONV': [256, 5]}), ({'CONV': [256, 5]}, {'CONV': [256, 3]}, {'POOLMAX': [-1, 2]}), {'GLOBAL_AVG': None}, {'LAST_DENSE': [100, 'softmax']}]",HHSE,NSGA2,,,,,0.700661000826181,,,,1952126976,7015972,,,,,,"[48, 29, 22, 62, 41, 7, 23, 55]",0.7183126661758896,-0.0051544842756008,0.0,0.0,0.875,0.0,0.08,0,0,0,100,0,0.0,BEST,False,False,243,True,True,GREEDY,,,GREEDY_HV
BZKVPE[M][M][M],26,27,49,8,0.49,True,True,"[49, 9, 51, 62, 60, 6, 31, 62]",[],"[49.03611759847268, 9.726001682569603, 51.44530123792659, 62.3689877417245, 60.970928124274295, 6.594979498807485, 31.545683380691642, 62.83707277496771]","[{'INP': 32}, {'CONV': [64, 3]}, ({'CONV': [256, 3]}, {'CONV': [32, 5]}), ({'CONV': [32, 5]}, {'CONV': [32, 5]}, {'POOLMAX': [-1, 2]}), ({'CONV': [256, 3]}, {'CONV': [64, 5]}), ({'CONV': [256, 5]}, {'CONV': [256, 3]}, {'POOLMAX': [-1, 2]}), ({'CONV': [256, 5]}, {'CONV': [128, 3]}), ({'CONV': [32, 3]}, {'CONV': [256, 3]}, {'POOLMAX': [-1, 2]}), ({'CONV': [64, 5]}, {'CONV': [256, 5]}), ({'CONV': [256, 5]}, {'CONV': [256, 3]}, {'POOLMAX': [-1, 2]}), {'GLOBAL_AVG': None}, {'LAST_DENSE': [100, 'softmax']}]",HHSE,NSGA2,,,,,0.700661000826181,,,,1952126976,7015972,,,,,,"[48, 29, 22, 62, 41, 7, 23, 55]",0.7183792711496817,-0.0005808132043233,0.0,0.0,0.875,0.0,0.08,0,1,0,100,0,0.01,BEST,False,False,243,True,True,GREEDY,,,GREEDY_HV
BZKVPE[M][M][M],26,27,50,8,0.5,True,True,"[49, 9, 51, 62, 60, 6, 31, 62]",[],"[49.03611759847268, 9.726001682569603, 51.44530123792659, 62.3689877417245, 60.970928124274295, 6.594979498807485, 31.545683380691642, 62.83707277496771]","[{'INP': 32}, {'CONV': [64, 3]}, ({'CONV': [256, 3]}, {'CONV': [32, 5]}), ({'CONV': [32, 5]}, {'CONV': [32, 5]}, {'POOLMAX': [-1, 2]}), ({'CONV': [256, 3]}, {'CONV': [64, 5]}), ({'CONV': [256, 5]}, {'CONV': [256, 3]}, {'POOLMAX': [-1, 2]}), ({'CONV': [256, 5]}, {'CONV': [128, 3]}), ({'CONV': [32, 3]}, {'CONV': [256, 3]}, {'POOLMAX': [-1, 2]}), ({'CONV': [64, 5]}, {'CONV': [256, 5]}), ({'CONV': [256, 5]}, {'CONV': [256, 3]}, {'POOLMAX': [-1, 2]}), {'GLOBAL_AVG': None}, {'LAST_DENSE': [100, 'softmax']}]",HHSE,NSGA2,,,,,0.700661000826181,,,,1952126976,7015972,,,,,,"[48, 29, 22, 62, 41, 7, 23, 55]",0.7183579037757826,-0.0046567658394217,0.0,0.0,0.875,0.0,0.08,0,0,0,100,0,0.0,BEST,False,False,243,True,True,GREEDY,,,GREEDY_HV
BZKVPE[M][M][M],26,27,51,8,0.51,True,True,"[49, 9, 51, 62, 60, 6, 31, 62]",[],"[49.03611759847268, 9.726001682569603, 51.44530123792659, 62.3689877417245, 60.970928124274295, 6.594979498807485, 31.545683380691642, 62.83707277496771]","[{'INP': 32}, {'CONV': [64, 3]}, ({'CONV': [256, 3]}, {'CONV': [32, 5]}), ({'CONV': [32, 5]}, {'CONV': [32, 5]}, {'POOLMAX': [-1, 2]}), ({'CONV': [256, 3]}, {'CONV': [64, 5]}), ({'CONV': [256, 5]}, {'CONV': [256, 3]}, {'POOLMAX': [-1, 2]}), ({'CONV': [256, 5]}, {'CONV': [128, 3]}), ({'CONV': [32, 3]}, {'CONV': [256, 3]}, {'POOLMAX': [-1, 2]}), ({'CONV': [64, 5]}, {'CONV': [256, 5]}), ({'CONV': [256, 5]}, {'CONV': [256, 3]}, {'POOLMAX': [-1, 2]}), {'GLOBAL_AVG': None}, {'LAST_DENSE': [100, 'softmax']}]",HHSE,NSGA2,,,,,0.700661000826181,,,,1952126976,7015972,,,,,,"[48, 29, 22, 62, 41, 7, 23, 55]",0.7183884908202642,-0.0006212748086708,0.0,0.0,0.875,0.0,0.08,0,0,0,100,0,0.0,BEST,False,False,243,True,True,GREEDY,,,GREEDY_HV
BZKVPE[M][M][M],26,27,52,8,0.52,True,True,"[49, 9, 51, 62, 60, 6, 31, 62]",[],"[49.03611759847268, 9.726001682569603, 51.44530123792659, 62.3689877417245, 60.970928124274295, 6.594979498807485, 31.545683380691642, 62.83707277496771]","[{'INP': 32}, {'CONV': [64, 3]}, ({'CONV': [256, 3]}, {'CONV': [32, 5]}), ({'CONV': [32, 5]}, {'CONV': [32, 5]}, {'POOLMAX': [-1, 2]}), ({'CONV': [256, 3]}, {'CONV': [64, 5]}), ({'CONV': [256, 5]}, {'CONV': [256, 3]}, {'POOLMAX': [-1, 2]}), ({'CONV': [256, 5]}, {'CONV': [128, 3]}), ({'CONV': [32, 3]}, {'CONV': [256, 3]}, {'POOLMAX': [-1, 2]}), ({'CONV': [64, 5]}, {'CONV': [256, 5]}), ({'CONV': [256, 5]}, {'CONV': [256, 3]}, {'POOLMAX': [-1, 2]}), {'GLOBAL_AVG': None}, {'LAST_DENSE': [100, 'softmax']}]",HHSE,NSGA2,,,,,0.700661000826181,,,,1952126976,7015972,,,,,,"[48, 29, 22, 62, 41, 7, 23, 55]",0.7185720647358127,-0.0007620573655744,0.0,0.0,0.875,0.0,0.08,0,1,0,100,0,0.01,BEST,False,False,243,True,True,GREEDY,,,GREEDY_HV
BZKVPE[M][M][M],26,27,53,8,0.53,True,True,"[49, 9, 51, 62, 60, 6, 31, 62]",[],"[49.03611759847268, 9.726001682569603, 51.44530123792659, 62.3689877417245, 60.970928124274295, 6.594979498807485, 31.545683380691642, 62.83707277496771]","[{'INP': 32}, {'CONV': [64, 3]}, ({'CONV': [256, 3]}, {'CONV': [32, 5]}), ({'CONV': [32, 5]}, {'CONV': [32, 5]}, {'POOLMAX': [-1, 2]}), ({'CONV': [256, 3]}, {'CONV': [64, 5]}), ({'CONV': [256, 5]}, {'CONV': [256, 3]}, {'POOLMAX': [-1, 2]}), ({'CONV': [256, 5]}, {'CONV': [128, 3]}), ({'CONV': [32, 3]}, {'CONV': [256, 3]}, {'POOLMAX': [-1, 2]}), ({'CONV': [64, 5]}, {'CONV': [256, 5]}), ({'CONV': [256, 5]}, {'CONV': [256, 3]}, {'POOLMAX': [-1, 2]}), {'GLOBAL_AVG': None}, {'LAST_DENSE': [100, 'softmax']}]",HHSE,NSGA2,,,,,0.700661000826181,,,,1952126976,7015972,,,,,,"[48, 29, 22, 62, 41, 7, 23, 55]",0.7183987792608606,-0.0003430040623867,0.0,0.0,0.875,0.0,0.08,0,0,0,100,0,0.0,BEST,False,False,243,True,True,GREEDY,,,GREEDY_HV
BZKVPE[M][M][M],26,27,54,8,0.54,True,True,"[49, 9, 51, 62, 60, 6, 31, 62]",[],"[49.03611759847268, 9.726001682569603, 51.44530123792659, 62.3689877417245, 60.970928124274295, 6.594979498807485, 31.545683380691642, 62.83707277496771]","[{'INP': 32}, {'CONV': [64, 3]}, ({'CONV': [256, 3]}, {'CONV': [32, 5]}), ({'CONV': [32, 5]}, {'CONV': [32, 5]}, {'POOLMAX': [-1, 2]}), ({'CONV': [256, 3]}, {'CONV': [64, 5]}), ({'CONV': [256, 5]}, {'CONV': [256, 3]}, {'POOLMAX': [-1, 2]}), ({'CONV': [256, 5]}, {'CONV': [128, 3]}), ({'CONV': [32, 3]}, {'CONV': [256, 3]}, {'POOLMAX': [-1, 2]}), ({'CONV': [64, 5]}, {'CONV': [256, 5]}), ({'CONV': [256, 5]}, {'CONV': [256, 3]}, {'POOLMAX': [-1, 2]}), {'GLOBAL_AVG': None}, {'LAST_DENSE': [100, 'softmax']}]",HHSE,NSGA2,,,,,0.700661000826181,,,,1952126976,7015972,,,,,,"[48, 29, 22, 62, 41, 7, 23, 55]",0.7188949903143105,-7.190424905101356e-05,0.0,0.0,0.875,0.0,0.08,0,0,0,100,0,0.0,BEST,False,False,243,True,True,GREEDY,,,GREEDY_HV
BZKVPE[M][M][M],26,27,55,8,0.55,True,True,"[49, 9, 51, 62, 60, 6, 31, 62]",[],"[49.03611759847268, 9.726001682569603, 51.44530123792659, 62.3689877417245, 60.970928124274295, 6.594979498807485, 31.545683380691642, 62.83707277496771]","[{'INP': 32}, {'CONV': [64, 3]}, ({'CONV': [256, 3]}, {'CONV': [32, 5]}), ({'CONV': [32, 5]}, {'CONV': [32, 5]}, {'POOLMAX': [-1, 2]}), ({'CONV': [256, 3]}, {'CONV': [64, 5]}), ({'CONV': [256, 5]}, {'CONV': [256, 3]}, {'POOLMAX': [-1, 2]}), ({'CONV': [256, 5]}, {'CONV': [128, 3]}), ({'CONV': [32, 3]}, {'CONV': [256, 3]}, {'POOLMAX': [-1, 2]}), ({'CONV': [64, 5]}, {'CONV': [256, 5]}), ({'CONV': [256, 5]}, {'CONV': [256, 3]}, {'POOLMAX': [-1, 2]}), {'GLOBAL_AVG': None}, {'LAST_DENSE': [100, 'softmax']}]",HHSE,NSGA2,,,,,0.700661000826181,,,,1952126976,7015972,,,,,,"[48, 29, 22, 62, 41, 7, 23, 55]",0.7190915381955337,-0.0001221059060032,0.0,0.0,0.875,0.0,0.08,0,0,0,100,0,0.0,BEST,False,False,243,True,True,GREEDY,,,GREEDY_HV
BZKVPE[M][M][M],26,27,56,8,0.56,True,True,"[49, 9, 51, 62, 60, 6, 31, 62]",[],"[49.03611759847268, 9.726001682569603, 51.44530123792659, 62.3689877417245, 60.970928124274295, 6.594979498807485, 31.545683380691642, 62.83707277496771]","[{'INP': 32}, {'CONV': [64, 3]}, ({'CONV': [256, 3]}, {'CONV': [32, 5]}), ({'CONV': [32, 5]}, {'CONV': [32, 5]}, {'POOLMAX': [-1, 2]}), ({'CONV': [256, 3]}, {'CONV': [64, 5]}), ({'CONV': [256, 5]}, {'CONV': [256, 3]}, {'POOLMAX': [-1, 2]}), ({'CONV': [256, 5]}, {'CONV': [128, 3]}), ({'CONV': [32, 3]}, {'CONV': [256, 3]}, {'POOLMAX': [-1, 2]}), ({'CONV': [64, 5]}, {'CONV': [256, 5]}), ({'CONV': [256, 5]}, {'CONV': [256, 3]}, {'POOLMAX': [-1, 2]}), {'GLOBAL_AVG': None}, {'LAST_DENSE': [100, 'softmax']}]",HHSE,NSGA2,,,,,0.700661000826181,,,,1952126976,7015972,,,,,,"[48, 29, 22, 62, 41, 7, 23, 55]",0.720236406929422,-0.0011160398621578,0.0,0.0,0.875,0.0,0.08,0,0,0,100,0,0.0,BEST,False,False,243,True,True,GREEDY,,,GREEDY_HV
BZKVPE[M][M][M],26,27,57,8,0.57,True,True,"[49, 9, 51, 62, 60, 6, 31, 62]",[],"[49.03611759847268, 9.726001682569603, 51.44530123792659, 62.3689877417245, 60.970928124274295, 6.594979498807485, 31.545683380691642, 62.83707277496771]","[{'INP': 32}, {'CONV': [64, 3]}, ({'CONV': [256, 3]}, {'CONV': [32, 5]}), ({'CONV': [32, 5]}, {'CONV': [32, 5]}, {'POOLMAX': [-1, 2]}), ({'CONV': [256, 3]}, {'CONV': [64, 5]}), ({'CONV': [256, 5]}, {'CONV': [256, 3]}, {'POOLMAX': [-1, 2]}), ({'CONV': [256, 5]}, {'CONV': [128, 3]}), ({'CONV': [32, 3]}, {'CONV': [256, 3]}, {'POOLMAX': [-1, 2]}), ({'CONV': [64, 5]}, {'CONV': [256, 5]}), ({'CONV': [256, 5]}, {'CONV': [256, 3]}, {'POOLMAX': [-1, 2]}), {'GLOBAL_AVG': None}, {'LAST_DENSE': [100, 'softmax']}]",HHSE,NSGA2,,,,,0.700661000826181,,,,1952126976,7015972,,,,,,"[48, 29, 22, 62, 41, 7, 23, 55]",0.7192845740953326,-0.0001422651145532,0.0,0.0,0.875,0.0,0.08,0,0,0,100,0,0.0,BEST,False,False,243,True,True,GREEDY,,,GREEDY_HV
BZKVPE[M][M][M],26,27,58,8,0.58,True,True,"[49, 9, 51, 62, 60, 6, 31, 62]",[],"[49.03611759847268, 9.726001682569603, 51.44530123792659, 62.3689877417245, 60.970928124274295, 6.594979498807485, 31.545683380691642, 62.83707277496771]","[{'INP': 32}, {'CONV': [64, 3]}, ({'CONV': [256, 3]}, {'CONV': [32, 5]}), ({'CONV': [32, 5]}, {'CONV': [32, 5]}, {'POOLMAX': [-1, 2]}), ({'CONV': [256, 3]}, {'CONV': [64, 5]}), ({'CONV': [256, 5]}, {'CONV': [256, 3]}, {'POOLMAX': [-1, 2]}), ({'CONV': [256, 5]}, {'CONV': [128, 3]}), ({'CONV': [32, 3]}, {'CONV': [256, 3]}, {'POOLMAX': [-1, 2]}), ({'CONV': [64, 5]}, {'CONV': [256, 5]}), ({'CONV': [256, 5]}, {'CONV': [256, 3]}, {'POOLMAX': [-1, 2]}), {'GLOBAL_AVG': None}, {'LAST_DENSE': [100, 'softmax']}]",HHSE,NSGA2,,,,,0.700661000826181,,,,1952126976,7015972,,,,,,"[48, 29, 22, 62, 41, 7, 23, 55]",0.7192810778558097,-0.0038410529375245,0.0,0.0,0.875,0.0,0.08,0,1,0,100,0,0.01,BEST,False,False,243,True,True,GREEDY,,,GREEDY_HV
BZKVPE[M][M][M],26,27,59,8,0.59,True,True,"[49, 9, 51, 62, 60, 6, 31, 62]",[],"[49.03611759847268, 9.726001682569603, 51.44530123792659, 62.3689877417245, 60.970928124274295, 6.594979498807485, 31.545683380691642, 62.83707277496771]","[{'INP': 32}, {'CONV': [64, 3]}, ({'CONV': [256, 3]}, {'CONV': [32, 5]}), ({'CONV': [32, 5]}, {'CONV': [32, 5]}, {'POOLMAX': [-1, 2]}), ({'CONV': [256, 3]}, {'CONV': [64, 5]}), ({'CONV': [256, 5]}, {'CONV': [256, 3]}, {'POOLMAX': [-1, 2]}), ({'CONV': [256, 5]}, {'CONV': [128, 3]}), ({'CONV': [32, 3]}, {'CONV': [256, 3]}, {'POOLMAX': [-1, 2]}), ({'CONV': [64, 5]}, {'CONV': [256, 5]}), ({'CONV': [256, 5]}, {'CONV': [256, 3]}, {'POOLMAX': [-1, 2]}), {'GLOBAL_AVG': None}, {'LAST_DENSE': [100, 'softmax']}]",HHSE,NSGA2,,,,,0.700661000826181,,,,1952126976,7015972,,,,,,"[48, 29, 22, 62, 41, 7, 23, 55]",0.7193069945612814,-0.0027115133060958,0.0,0.0,0.875,0.0,0.08,0,0,0,100,0,0.0,BEST,False,False,243,True,True,GREEDY,,,GREEDY_HV
BZKVPE[M][M][M],26,27,60,8,0.6,True,True,"[49, 9, 51, 62, 60, 6, 31, 62]",[],"[49.03611759847268, 9.726001682569603, 51.44530123792659, 62.3689877417245, 60.970928124274295, 6.594979498807485, 31.545683380691642, 62.83707277496771]","[{'INP': 32}, {'CONV': [64, 3]}, ({'CONV': [256, 3]}, {'CONV': [32, 5]}), ({'CONV': [32, 5]}, {'CONV': [32, 5]}, {'POOLMAX': [-1, 2]}), ({'CONV': [256, 3]}, {'CONV': [64, 5]}), ({'CONV': [256, 5]}, {'CONV': [256, 3]}, {'POOLMAX': [-1, 2]}), ({'CONV': [256, 5]}, {'CONV': [128, 3]}), ({'CONV': [32, 3]}, {'CONV': [256, 3]}, {'POOLMAX': [-1, 2]}), ({'CONV': [64, 5]}, {'CONV': [256, 5]}), ({'CONV': [256, 5]}, {'CONV': [256, 3]}, {'POOLMAX': [-1, 2]}), {'GLOBAL_AVG': None}, {'LAST_DENSE': [100, 'softmax']}]",HHSE,NSGA2,,,,,0.700661000826181,,,,1952126976,7015972,,,,,,"[48, 29, 22, 62, 41, 7, 23, 55]",0.7193084399253493,-0.0003720687839398,0.0,0.0,0.875,0.0,0.08,0,0,0,100,0,0.0,BEST,False,False,243,True,True,GREEDY,,,GREEDY_HV
BZKVPE[M][M][M],26,27,61,8,0.61,True,True,"[49, 9, 51, 62, 60, 6, 31, 62]",[],"[49.03611759847268, 9.726001682569603, 51.44530123792659, 62.3689877417245, 60.970928124274295, 6.594979498807485, 31.545683380691642, 62.83707277496771]","[{'INP': 32}, {'CONV': [64, 3]}, ({'CONV': [256, 3]}, {'CONV': [32, 5]}), ({'CONV': [32, 5]}, {'CONV': [32, 5]}, {'POOLMAX': [-1, 2]}), ({'CONV': [256, 3]}, {'CONV': [64, 5]}), ({'CONV': [256, 5]}, {'CONV': [256, 3]}, {'POOLMAX': [-1, 2]}), ({'CONV': [256, 5]}, {'CONV': [128, 3]}), ({'CONV': [32, 3]}, {'CONV': [256, 3]}, {'POOLMAX': [-1, 2]}), ({'CONV': [64, 5]}, {'CONV': [256, 5]}), ({'CONV': [256, 5]}, {'CONV': [256, 3]}, {'POOLMAX': [-1, 2]}), {'GLOBAL_AVG': None}, {'LAST_DENSE': [100, 'softmax']}]",HHSE,NSGA2,,,,,0.700661000826181,,,,1952126976,7015972,,,,,,"[48, 29, 22, 62, 41, 7, 23, 55]",0.7193569452729781,-0.0042693186963874,0.0,0.0,0.875,0.0,0.08,0,1,0,100,0,0.01,BEST,False,False,243,True,True,GREEDY,,,GREEDY_HV
BZKVPE[M][M][M],26,27,62,8,0.62,True,True,"[49, 9, 51, 62, 60, 6, 31, 62]",[],"[49.03611759847268, 9.726001682569603, 51.44530123792659, 62.3689877417245, 60.970928124274295, 6.594979498807485, 31.545683380691642, 62.83707277496771]","[{'INP': 32}, {'CONV': [64, 3]}, ({'CONV': [256, 3]}, {'CONV': [32, 5]}), ({'CONV': [32, 5]}, {'CONV': [32, 5]}, {'POOLMAX': [-1, 2]}), ({'CONV': [256, 3]}, {'CONV': [64, 5]}), ({'CONV': [256, 5]}, {'CONV': [256, 3]}, {'POOLMAX': [-1, 2]}), ({'CONV': [256, 5]}, {'CONV': [128, 3]}), ({'CONV': [32, 3]}, {'CONV': [256, 3]}, {'POOLMAX': [-1, 2]}), ({'CONV': [64, 5]}, {'CONV': [256, 5]}), ({'CONV': [256, 5]}, {'CONV': [256, 3]}, {'POOLMAX': [-1, 2]}), {'GLOBAL_AVG': None}, {'LAST_DENSE': [100, 'softmax']}]",HHSE,NSGA2,,,,,0.700661000826181,,,,1952126976,7015972,,,,,,"[48, 29, 22, 62, 41, 7, 23, 55]",0.7196171224741271,-0.0026202345605443,0.0,0.0,0.875,0.0,0.08,0,0,0,100,0,0.0,BEST,False,False,243,True,True,GREEDY,,,GREEDY_HV
BZKVPE[M][M][M],26,27,63,8,0.63,True,True,"[49, 9, 51, 62, 60, 6, 31, 62]",[],"[49.03611759847268, 9.726001682569603, 51.44530123792659, 62.3689877417245, 60.970928124274295, 6.594979498807485, 31.545683380691642, 62.83707277496771]","[{'INP': 32}, {'CONV': [64, 3]}, ({'CONV': [256, 3]}, {'CONV': [32, 5]}), ({'CONV': [32, 5]}, {'CONV': [32, 5]}, {'POOLMAX': [-1, 2]}), ({'CONV': [256, 3]}, {'CONV': [64, 5]}), ({'CONV': [256, 5]}, {'CONV': [256, 3]}, {'POOLMAX': [-1, 2]}), ({'CONV': [256, 5]}, {'CONV': [128, 3]}), ({'CONV': [32, 3]}, {'CONV': [256, 3]}, {'POOLMAX': [-1, 2]}), ({'CONV': [64, 5]}, {'CONV': [256, 5]}), ({'CONV': [256, 5]}, {'CONV': [256, 3]}, {'POOLMAX': [-1, 2]}), {'GLOBAL_AVG': None}, {'LAST_DENSE': [100, 'softmax']}]",HHSE,NSGA2,,,,,0.700661000826181,,,,1952126976,7015972,,,,,,"[48, 29, 22, 62, 41, 7, 23, 55]",0.7196099315527937,-7.198616830417226e-05,0.0,0.0,0.875,0.0,0.08,0,1,0,100,0,0.01,BEST,False,False,243,True,True,GREEDY,,,GREEDY_HV
BZKVPE[M][M][M],26,27,64,8,0.64,True,True,"[49, 9, 51, 62, 60, 6, 31, 62]",[],"[49.03611759847268, 9.726001682569603, 51.44530123792659, 62.3689877417245, 60.970928124274295, 6.594979498807485, 31.545683380691642, 62.83707277496771]","[{'INP': 32}, {'CONV': [64, 3]}, ({'CONV': [256, 3]}, {'CONV': [32, 5]}), ({'CONV': [32, 5]}, {'CONV': [32, 5]}, {'POOLMAX': [-1, 2]}), ({'CONV': [256, 3]}, {'CONV': [64, 5]}), ({'CONV': [256, 5]}, {'CONV': [256, 3]}, {'POOLMAX': [-1, 2]}), ({'CONV': [256, 5]}, {'CONV': [128, 3]}), ({'CONV': [32, 3]}, {'CONV': [256, 3]}, {'POOLMAX': [-1, 2]}), ({'CONV': [64, 5]}, {'CONV': [256, 5]}), ({'CONV': [256, 5]}, {'CONV': [256, 3]}, {'POOLMAX': [-1, 2]}), {'GLOBAL_AVG': None}, {'LAST_DENSE': [100, 'softmax']}]",HHSE,NSGA2,,,,,0.700661000826181,,,,1952126976,7015972,,,,,,"[48, 29, 22, 62, 41, 7, 23, 55]",0.7196245224295723,-7.467198998800662e-05,0.0,0.0,0.875,0.0,0.08,0,0,0,100,0,0.0,BEST,False,False,243,True,True,GREEDY,,,GREEDY_HV
BZKVPE[M][M][M],26,27,65,8,0.65,True,True,"[49, 9, 51, 62, 60, 6, 31, 62]",[],"[49.03611759847268, 9.726001682569603, 51.44530123792659, 62.3689877417245, 60.970928124274295, 6.594979498807485, 31.545683380691642, 62.83707277496771]","[{'INP': 32}, {'CONV': [64, 3]}, ({'CONV': [256, 3]}, {'CONV': [32, 5]}), ({'CONV': [32, 5]}, {'CONV': [32, 5]}, {'POOLMAX': [-1, 2]}), ({'CONV': [256, 3]}, {'CONV': [64, 5]}), ({'CONV': [256, 5]}, {'CONV': [256, 3]}, {'POOLMAX': [-1, 2]}), ({'CONV': [256, 5]}, {'CONV': [128, 3]}), ({'CONV': [32, 3]}, {'CONV': [256, 3]}, {'POOLMAX': [-1, 2]}), ({'CONV': [64, 5]}, {'CONV': [256, 5]}), ({'CONV': [256, 5]}, {'CONV': [256, 3]}, {'POOLMAX': [-1, 2]}), {'GLOBAL_AVG': None}, {'LAST_DENSE': [100, 'softmax']}]",HHSE,NSGA2,,,,,0.700661000826181,,,,1952126976,7015972,,,,,,"[48, 29, 22, 62, 41, 7, 23, 55]",0.7196878486590459,-0.0021233892601943,0.0,0.0,0.875,0.0,0.08,0,0,0,100,0,0.0,BEST,False,False,243,True,True,GREEDY,,,GREEDY_HV
BZKVPE[M][M][M],26,27,66,8,0.66,True,True,"[49, 9, 51, 62, 60, 6, 31, 62]",[],"[49.03611759847268, 9.726001682569603, 51.44530123792659, 62.3689877417245, 60.970928124274295, 6.594979498807485, 31.545683380691642, 62.83707277496771]","[{'INP': 32}, {'CONV': [64, 3]}, ({'CONV': [256, 3]}, {'CONV': [32, 5]}), ({'CONV': [32, 5]}, {'CONV': [32, 5]}, {'POOLMAX': [-1, 2]}), ({'CONV': [256, 3]}, {'CONV': [64, 5]}), ({'CONV': [256, 5]}, {'CONV': [256, 3]}, {'POOLMAX': [-1, 2]}), ({'CONV': [256, 5]}, {'CONV': [128, 3]}), ({'CONV': [32, 3]}, {'CONV': [256, 3]}, {'POOLMAX': [-1, 2]}), ({'CONV': [64, 5]}, {'CONV': [256, 5]}), ({'CONV': [256, 5]}, {'CONV': [256, 3]}, {'POOLMAX': [-1, 2]}), {'GLOBAL_AVG': None}, {'LAST_DENSE': [100, 'softmax']}]",HHSE,NSGA2,,,,,0.700661000826181,,,,1952126976,7015972,,,,,,"[48, 29, 22, 62, 41, 7, 23, 55]",0.7197036933638525,-0.0020570731968715,0.0,0.0,0.875,0.0,0.08,0,0,0,100,0,0.0,BEST,False,False,243,True,True,GREEDY,,,GREEDY_HV
BZKVPE[M][M][M],26,27,67,8,0.67,True,True,"[49, 9, 51, 62, 60, 6, 31, 62]",[],"[49.03611759847268, 9.726001682569603, 51.44530123792659, 62.3689877417245, 60.970928124274295, 6.594979498807485, 31.545683380691642, 62.83707277496771]","[{'INP': 32}, {'CONV': [64, 3]}, ({'CONV': [256, 3]}, {'CONV': [32, 5]}), ({'CONV': [32, 5]}, {'CONV': [32, 5]}, {'POOLMAX': [-1, 2]}), ({'CONV': [256, 3]}, {'CONV': [64, 5]}), ({'CONV': [256, 5]}, {'CONV': [256, 3]}, {'POOLMAX': [-1, 2]}), ({'CONV': [256, 5]}, {'CONV': [128, 3]}), ({'CONV': [32, 3]}, {'CONV': [256, 3]}, {'POOLMAX': [-1, 2]}), ({'CONV': [64, 5]}, {'CONV': [256, 5]}), ({'CONV': [256, 5]}, {'CONV': [256, 3]}, {'POOLMAX': [-1, 2]}), {'GLOBAL_AVG': None}, {'LAST_DENSE': [100, 'softmax']}]",HHSE,NSGA2,,,,,0.700661000826181,,,,1952126976,7015972,,,,,,"[48, 29, 22, 62, 41, 7, 23, 55]",0.7197077458166036,-0.0001416853738849,0.0,0.0,0.875,0.0,0.08,0,0,0,100,0,0.0,BEST,False,False,243,True,True,GREEDY,,,GREEDY_HV
BZKVPE[M][M][M],26,27,68,8,0.68,True,True,"[49, 9, 51, 62, 60, 6, 31, 62]",[],"[49.03611759847268, 9.726001682569603, 51.44530123792659, 62.3689877417245, 60.970928124274295, 6.594979498807485, 31.545683380691642, 62.83707277496771]","[{'INP': 32}, {'CONV': [64, 3]}, ({'CONV': [256, 3]}, {'CONV': [32, 5]}), ({'CONV': [32, 5]}, {'CONV': [32, 5]}, {'POOLMAX': [-1, 2]}), ({'CONV': [256, 3]}, {'CONV': [64, 5]}), ({'CONV': [256, 5]}, {'CONV': [256, 3]}, {'POOLMAX': [-1, 2]}), ({'CONV': [256, 5]}, {'CONV': [128, 3]}), ({'CONV': [32, 3]}, {'CONV': [256, 3]}, {'POOLMAX': [-1, 2]}), ({'CONV': [64, 5]}, {'CONV': [256, 5]}), ({'CONV': [256, 5]}, {'CONV': [256, 3]}, {'POOLMAX': [-1, 2]}), {'GLOBAL_AVG': None}, {'LAST_DENSE': [100, 'softmax']}]",HHSE,NSGA2,,,,,0.700661000826181,,,,1952126976,7015972,,,,,,"[48, 29, 22, 62, 41, 7, 23, 55]",0.7197416433489862,-5.7886966698506015e-05,0.0,0.0,0.875,0.0,0.08,0,1,0,100,0,0.01,BEST,False,False,243,True,True,GREEDY,,,GREEDY_HV
BZKVPE[M][M][M],26,27,69,8,0.69,True,True,"[49, 9, 51, 62, 60, 6, 31, 62]",[],"[49.03611759847268, 9.726001682569603, 51.44530123792659, 62.3689877417245, 60.970928124274295, 6.594979498807485, 31.545683380691642, 62.83707277496771]","[{'INP': 32}, {'CONV': [64, 3]}, ({'CONV': [256, 3]}, {'CONV': [32, 5]}), ({'CONV': [32, 5]}, {'CONV': [32, 5]}, {'POOLMAX': [-1, 2]}), ({'CONV': [256, 3]}, {'CONV': [64, 5]}), ({'CONV': [256, 5]}, {'CONV': [256, 3]}, {'POOLMAX': [-1, 2]}), ({'CONV': [256, 5]}, {'CONV': [128, 3]}), ({'CONV': [32, 3]}, {'CONV': [256, 3]}, {'POOLMAX': [-1, 2]}), ({'CONV': [64, 5]}, {'CONV': [256, 5]}), ({'CONV': [256, 5]}, {'CONV': [256, 3]}, {'POOLMAX': [-1, 2]}), {'GLOBAL_AVG': None}, {'LAST_DENSE': [100, 'softmax']}]",HHSE,NSGA2,,,,,0.700661000826181,,,,1952126976,7015972,,,,,,"[48, 29, 22, 62, 41, 7, 23, 55]",0.7197974137562072,-0.0021220369687232,0.0,0.0,0.875,0.0,0.08,0,1,0,100,0,0.01,BEST,False,False,243,True,True,GREEDY,,,GREEDY_HV
BZKVPE[M][M][M],26,27,70,8,0.7,True,True,"[49, 9, 51, 62, 60, 6, 31, 62]",[],"[49.03611759847268, 9.726001682569603, 51.44530123792659, 62.3689877417245, 60.970928124274295, 6.594979498807485, 31.545683380691642, 62.83707277496771]","[{'INP': 32}, {'CONV': [64, 3]}, ({'CONV': [256, 3]}, {'CONV': [32, 5]}), ({'CONV': [32, 5]}, {'CONV': [32, 5]}, {'POOLMAX': [-1, 2]}), ({'CONV': [256, 3]}, {'CONV': [64, 5]}), ({'CONV': [256, 5]}, {'CONV': [256, 3]}, {'POOLMAX': [-1, 2]}), ({'CONV': [256, 5]}, {'CONV': [128, 3]}), ({'CONV': [32, 3]}, {'CONV': [256, 3]}, {'POOLMAX': [-1, 2]}), ({'CONV': [64, 5]}, {'CONV': [256, 5]}), ({'CONV': [256, 5]}, {'CONV': [256, 3]}, {'POOLMAX': [-1, 2]}), {'GLOBAL_AVG': None}, {'LAST_DENSE': [100, 'softmax']}]",HHSE,NSGA2,,,,,0.700661000826181,,,,1952126976,7015972,,,,,,"[48, 29, 22, 62, 41, 7, 23, 55]",0.7197675433665993,-0.0019095059502906,0.0,0.0,0.875,0.0,0.08,0,1,0,100,0,0.01,BEST,False,False,243,True,True,GREEDY,,,GREEDY_HV
BZKVPE[M][M][M],26,27,71,8,0.71,True,True,"[49, 9, 51, 62, 60, 6, 31, 62]",[],"[49.03611759847268, 9.726001682569603, 51.44530123792659, 62.3689877417245, 60.970928124274295, 6.594979498807485, 31.545683380691642, 62.83707277496771]","[{'INP': 32}, {'CONV': [64, 3]}, ({'CONV': [256, 3]}, {'CONV': [32, 5]}), ({'CONV': [32, 5]}, {'CONV': [32, 5]}, {'POOLMAX': [-1, 2]}), ({'CONV': [256, 3]}, {'CONV': [64, 5]}), ({'CONV': [256, 5]}, {'CONV': [256, 3]}, {'POOLMAX': [-1, 2]}), ({'CONV': [256, 5]}, {'CONV': [128, 3]}), ({'CONV': [32, 3]}, {'CONV': [256, 3]}, {'POOLMAX': [-1, 2]}), ({'CONV': [64, 5]}, {'CONV': [256, 5]}), ({'CONV': [256, 5]}, {'CONV': [256, 3]}, {'POOLMAX': [-1, 2]}), {'GLOBAL_AVG': None}, {'LAST_DENSE': [100, 'softmax']}]",HHSE,NSGA2,,,,,0.700661000826181,,,,1952126976,7015972,,,,,,"[48, 29, 22, 62, 41, 7, 23, 55]",0.7197917080473883,-4.526410962713001e-05,0.0,0.0,0.875,0.0,0.08,0,0,0,100,0,0.0,BEST,False,False,243,True,True,GREEDY,,,GREEDY_HV
BZKVPE[M][M][M],26,27,72,8,0.72,True,True,"[49, 9, 51, 62, 60, 6, 31, 62]",[],"[49.03611759847268, 9.726001682569603, 51.44530123792659, 62.3689877417245, 60.970928124274295, 6.594979498807485, 31.545683380691642, 62.83707277496771]","[{'INP': 32}, {'CONV': [64, 3]}, ({'CONV': [256, 3]}, {'CONV': [32, 5]}), ({'CONV': [32, 5]}, {'CONV': [32, 5]}, {'POOLMAX': [-1, 2]}), ({'CONV': [256, 3]}, {'CONV': [64, 5]}), ({'CONV': [256, 5]}, {'CONV': [256, 3]}, {'POOLMAX': [-1, 2]}), ({'CONV': [256, 5]}, {'CONV': [128, 3]}), ({'CONV': [32, 3]}, {'CONV': [256, 3]}, {'POOLMAX': [-1, 2]}), ({'CONV': [64, 5]}, {'CONV': [256, 5]}), ({'CONV': [256, 5]}, {'CONV': [256, 3]}, {'POOLMAX': [-1, 2]}), {'GLOBAL_AVG': None}, {'LAST_DENSE': [100, 'softmax']}]",HHSE,NSGA2,,,,,0.700661000826181,,,,1952126976,7015972,,,,,,"[48, 29, 22, 62, 41, 7, 23, 55]",0.7198706336544468,-5.8110200149119606e-05,0.0,0.0,0.875,0.0,0.08,0,0,0,100,0,0.0,BEST,False,False,243,True,True,GREEDY,,,GREEDY_HV
BZKVPE[M][M][M],26,27,73,8,0.73,True,True,"[49, 9, 51, 62, 60, 6, 31, 62]",[],"[49.03611759847268, 9.726001682569603, 51.44530123792659, 62.3689877417245, 60.970928124274295, 6.594979498807485, 31.545683380691642, 62.83707277496771]","[{'INP': 32}, {'CONV': [64, 3]}, ({'CONV': [256, 3]}, {'CONV': [32, 5]}), ({'CONV': [32, 5]}, {'CONV': [32, 5]}, {'POOLMAX': [-1, 2]}), ({'CONV': [256, 3]}, {'CONV': [64, 5]}), ({'CONV': [256, 5]}, {'CONV': [256, 3]}, {'POOLMAX': [-1, 2]}), ({'CONV': [256, 5]}, {'CONV': [128, 3]}), ({'CONV': [32, 3]}, {'CONV': [256, 3]}, {'POOLMAX': [-1, 2]}), ({'CONV': [64, 5]}, {'CONV': [256, 5]}), ({'CONV': [256, 5]}, {'CONV': [256, 3]}, {'POOLMAX': [-1, 2]}), {'GLOBAL_AVG': None}, {'LAST_DENSE': [100, 'softmax']}]",HHSE,NSGA2,,,,,0.700661000826181,,,,1952126976,7015972,,,,,,"[48, 29, 22, 62, 41, 7, 23, 55]",0.7201095268967406,6.200436733383441e-05,0.0,0.0,0.875,0.0,0.08,0,0,0,100,0,0.0,BEST,False,False,243,True,True,GREEDY,,,GREEDY_HV
BZKVPE[M][M][M],26,27,74,8,0.74,True,True,"[49, 9, 51, 62, 60, 6, 31, 62]",[],"[49.03611759847268, 9.726001682569603, 51.44530123792659, 62.3689877417245, 60.970928124274295, 6.594979498807485, 31.545683380691642, 62.83707277496771]","[{'INP': 32}, {'CONV': [64, 3]}, ({'CONV': [256, 3]}, {'CONV': [32, 5]}), ({'CONV': [32, 5]}, {'CONV': [32, 5]}, {'POOLMAX': [-1, 2]}), ({'CONV': [256, 3]}, {'CONV': [64, 5]}), ({'CONV': [256, 5]}, {'CONV': [256, 3]}, {'POOLMAX': [-1, 2]}), ({'CONV': [256, 5]}, {'CONV': [128, 3]}), ({'CONV': [32, 3]}, {'CONV': [256, 3]}, {'POOLMAX': [-1, 2]}), ({'CONV': [64, 5]}, {'CONV': [256, 5]}), ({'CONV': [256, 5]}, {'CONV': [256, 3]}, {'POOLMAX': [-1, 2]}), {'GLOBAL_AVG': None}, {'LAST_DENSE': [100, 'softmax']}]",HHSE,NSGA2,,,,,0.700661000826181,,,,1952126976,7015972,,,,,,"[48, 29, 22, 62, 41, 7, 23, 55]",0.7200506264464062,-0.0017605495592254,0.0,0.0,0.875,0.0,0.08,0,2,0,100,0,0.02,BEST,False,False,243,True,True,GREEDY,,,GREEDY_HV
BZKVPE[M][M][M],26,27,75,8,0.75,True,True,"[49, 9, 51, 62, 60, 6, 31, 62]",[],"[49.03611759847268, 9.726001682569603, 51.44530123792659, 62.3689877417245, 60.970928124274295, 6.594979498807485, 31.545683380691642, 62.83707277496771]","[{'INP': 32}, {'CONV': [64, 3]}, ({'CONV': [256, 3]}, {'CONV': [32, 5]}), ({'CONV': [32, 5]}, {'CONV': [32, 5]}, {'POOLMAX': [-1, 2]}), ({'CONV': [256, 3]}, {'CONV': [64, 5]}), ({'CONV': [256, 5]}, {'CONV': [256, 3]}, {'POOLMAX': [-1, 2]}), ({'CONV': [256, 5]}, {'CONV': [128, 3]}), ({'CONV': [32, 3]}, {'CONV': [256, 3]}, {'POOLMAX': [-1, 2]}), ({'CONV': [64, 5]}, {'CONV': [256, 5]}), ({'CONV': [256, 5]}, {'CONV': [256, 3]}, {'POOLMAX': [-1, 2]}), {'GLOBAL_AVG': None}, {'LAST_DENSE': [100, 'softmax']}]",HHSE,NSGA2,,,,,0.700661000826181,,,,1952126976,7015972,,,,,,"[48, 29, 22, 62, 41, 7, 23, 55]",0.7200698184215302,-0.0002492990127426,0.0,0.0,0.875,0.0,0.08,0,1,0,100,0,0.01,BEST,False,False,243,True,True,GREEDY,,,GREEDY_HV
BZKVPE[M][M][M],26,27,76,8,0.76,True,True,"[49, 9, 51, 62, 60, 6, 31, 62]",[],"[49.03611759847268, 9.726001682569603, 51.44530123792659, 62.3689877417245, 60.970928124274295, 6.594979498807485, 31.545683380691642, 62.83707277496771]","[{'INP': 32}, {'CONV': [64, 3]}, ({'CONV': [256, 3]}, {'CONV': [32, 5]}), ({'CONV': [32, 5]}, {'CONV': [32, 5]}, {'POOLMAX': [-1, 2]}), ({'CONV': [256, 3]}, {'CONV': [64, 5]}), ({'CONV': [256, 5]}, {'CONV': [256, 3]}, {'POOLMAX': [-1, 2]}), ({'CONV': [256, 5]}, {'CONV': [128, 3]}), ({'CONV': [32, 3]}, {'CONV': [256, 3]}, {'POOLMAX': [-1, 2]}), ({'CONV': [64, 5]}, {'CONV': [256, 5]}), ({'CONV': [256, 5]}, {'CONV': [256, 3]}, {'POOLMAX': [-1, 2]}), {'GLOBAL_AVG': None}, {'LAST_DENSE': [100, 'softmax']}]",HHSE,NSGA2,,,,,0.700661000826181,,,,1952126976,7015972,,,,,,"[48, 29, 22, 62, 41, 7, 23, 55]",0.7200883132201488,-0.0035175493225517,0.0,0.0,0.875,0.0,0.08,0,1,0,100,0,0.01,BEST,False,False,243,True,True,GREEDY,,,GREEDY_HV
BZKVPE[M][M][M],26,27,77,8,0.77,True,True,"[49, 9, 51, 62, 60, 6, 31, 62]",[],"[49.03611759847268, 9.726001682569603, 51.44530123792659, 62.3689877417245, 60.970928124274295, 6.594979498807485, 31.545683380691642, 62.83707277496771]","[{'INP': 32}, {'CONV': [64, 3]}, ({'CONV': [256, 3]}, {'CONV': [32, 5]}), ({'CONV': [32, 5]}, {'CONV': [32, 5]}, {'POOLMAX': [-1, 2]}), ({'CONV': [256, 3]}, {'CONV': [64, 5]}), ({'CONV': [256, 5]}, {'CONV': [256, 3]}, {'POOLMAX': [-1, 2]}), ({'CONV': [256, 5]}, {'CONV': [128, 3]}), ({'CONV': [32, 3]}, {'CONV': [256, 3]}, {'POOLMAX': [-1, 2]}), ({'CONV': [64, 5]}, {'CONV': [256, 5]}), ({'CONV': [256, 5]}, {'CONV': [256, 3]}, {'POOLMAX': [-1, 2]}), {'GLOBAL_AVG': None}, {'LAST_DENSE': [100, 'softmax']}]",HHSE,NSGA2,,,,,0.700661000826181,,,,1952126976,7015972,,,,,,"[48, 29, 22, 62, 41, 7, 23, 55]",0.7201844750445335,-4.375425569780322e-05,0.0,0.0,0.875,0.0,0.08,0,0,0,100,0,0.0,BEST,False,False,243,True,True,GREEDY,,,GREEDY_HV
BZKVPE[M][M][M],26,27,78,8,0.78,True,True,"[49, 9, 51, 62, 60, 6, 31, 62]",[],"[49.03611759847268, 9.726001682569603, 51.44530123792659, 62.3689877417245, 60.970928124274295, 6.594979498807485, 31.545683380691642, 62.83707277496771]","[{'INP': 32}, {'CONV': [64, 3]}, ({'CONV': [256, 3]}, {'CONV': [32, 5]}), ({'CONV': [32, 5]}, {'CONV': [32, 5]}, {'POOLMAX': [-1, 2]}), ({'CONV': [256, 3]}, {'CONV': [64, 5]}), ({'CONV': [256, 5]}, {'CONV': [256, 3]}, {'POOLMAX': [-1, 2]}), ({'CONV': [256, 5]}, {'CONV': [128, 3]}), ({'CONV': [32, 3]}, {'CONV': [256, 3]}, {'POOLMAX': [-1, 2]}), ({'CONV': [64, 5]}, {'CONV': [256, 5]}), ({'CONV': [256, 5]}, {'CONV': [256, 3]}, {'POOLMAX': [-1, 2]}), {'GLOBAL_AVG': None}, {'LAST_DENSE': [100, 'softmax']}]",HHSE,NSGA2,,,,,0.700661000826181,,,,1952126976,7015972,,,,,,"[48, 29, 22, 62, 41, 7, 23, 55]",0.7203071924357864,-0.0007186560874776,0.0,0.0,0.875,0.0,0.08,0,1,0,100,0,0.01,BEST,False,False,243,True,True,GREEDY,,,GREEDY_HV
BZKVPE[M][M][M],26,27,79,8,0.79,True,True,"[49, 9, 51, 62, 60, 6, 31, 62]",[],"[49.03611759847268, 9.726001682569603, 51.44530123792659, 62.3689877417245, 60.970928124274295, 6.594979498807485, 31.545683380691642, 62.83707277496771]","[{'INP': 32}, {'CONV': [64, 3]}, ({'CONV': [256, 3]}, {'CONV': [32, 5]}), ({'CONV': [32, 5]}, {'CONV': [32, 5]}, {'POOLMAX': [-1, 2]}), ({'CONV': [256, 3]}, {'CONV': [64, 5]}), ({'CONV': [256, 5]}, {'CONV': [256, 3]}, {'POOLMAX': [-1, 2]}), ({'CONV': [256, 5]}, {'CONV': [128, 3]}), ({'CONV': [32, 3]}, {'CONV': [256, 3]}, {'POOLMAX': [-1, 2]}), ({'CONV': [64, 5]}, {'CONV': [256, 5]}), ({'CONV': [256, 5]}, {'CONV': [256, 3]}, {'POOLMAX': [-1, 2]}), {'GLOBAL_AVG': None}, {'LAST_DENSE': [100, 'softmax']}]",HHSE,NSGA2,,,,,0.700661000826181,,,,1952126976,7015972,,,,,,"[48, 29, 22, 62, 41, 7, 23, 55]",0.7205866861530272,-0.0022281970300506,0.0,0.0,0.875,0.0,0.08,0,1,0,100,0,0.01,BEST,False,False,243,True,True,GREEDY,,,GREEDY_HV
BZKVPE[M][M][M],26,27,80,8,0.8,True,True,"[49, 9, 51, 62, 60, 6, 31, 62]",[],"[49.03611759847268, 9.726001682569603, 51.44530123792659, 62.3689877417245, 60.970928124274295, 6.594979498807485, 31.545683380691642, 62.83707277496771]","[{'INP': 32}, {'CONV': [64, 3]}, ({'CONV': [256, 3]}, {'CONV': [32, 5]}), ({'CONV': [32, 5]}, {'CONV': [32, 5]}, {'POOLMAX': [-1, 2]}), ({'CONV': [256, 3]}, {'CONV': [64, 5]}), ({'CONV': [256, 5]}, {'CONV': [256, 3]}, {'POOLMAX': [-1, 2]}), ({'CONV': [256, 5]}, {'CONV': [128, 3]}), ({'CONV': [32, 3]}, {'CONV': [256, 3]}, {'POOLMAX': [-1, 2]}), ({'CONV': [64, 5]}, {'CONV': [256, 5]}), ({'CONV': [256, 5]}, {'CONV': [256, 3]}, {'POOLMAX': [-1, 2]}), {'GLOBAL_AVG': None}, {'LAST_DENSE': [100, 'softmax']}]",HHSE,NSGA2,,,,,0.700661000826181,,,,1952126976,7015972,,,,,,"[48, 29, 22, 62, 41, 7, 23, 55]",0.7203713988075043,-0.0046272925389707,0.0,0.0,0.875,0.0,0.08,0,1,0,100,0,0.01,BEST,False,False,243,True,True,GREEDY,,,GREEDY_HV
BZKVPE[M][M][M],26,27,81,8,0.81,True,True,"[49, 9, 51, 62, 60, 6, 31, 62]",[],"[49.03611759847268, 9.726001682569603, 51.44530123792659, 62.3689877417245, 60.970928124274295, 6.594979498807485, 31.545683380691642, 62.83707277496771]","[{'INP': 32}, {'CONV': [64, 3]}, ({'CONV': [256, 3]}, {'CONV': [32, 5]}), ({'CONV': [32, 5]}, {'CONV': [32, 5]}, {'POOLMAX': [-1, 2]}), ({'CONV': [256, 3]}, {'CONV': [64, 5]}), ({'CONV': [256, 5]}, {'CONV': [256, 3]}, {'POOLMAX': [-1, 2]}), ({'CONV': [256, 5]}, {'CONV': [128, 3]}), ({'CONV': [32, 3]}, {'CONV': [256, 3]}, {'POOLMAX': [-1, 2]}), ({'CONV': [64, 5]}, {'CONV': [256, 5]}), ({'CONV': [256, 5]}, {'CONV': [256, 3]}, {'POOLMAX': [-1, 2]}), {'GLOBAL_AVG': None}, {'LAST_DENSE': [100, 'softmax']}]",HHSE,NSGA2,,,,,0.700661000826181,,,,1952126976,7015972,,,,,,"[48, 29, 22, 62, 41, 7, 23, 55]",0.7207719464812652,-0.0029416562595461,0.0,0.0,0.875,0.0,0.08,0,1,0,100,0,0.01,BEST,False,False,243,True,True,GREEDY,,,GREEDY_HV
BCUEGC[M][M][M][M][M][M][M],26,27,82,82,0.82,True,True,"[14, 23, 11, 38, 47, 14, 24, 13]",[],"[14.71207694579486, 23.185056777753683, 11.615847240968348, 38.82892435995843, 47.537543147232064, 14.575818778827472, 24.810759764560704, 13.215821744117797]","[{'INP': 32}, {'CONV': [64, 3]}, ({'CONV': [32, 5]}, {'CONV': [256, 3]}), ({'CONV': [64, 3]}, {'CONV': [256, 5]}, {'POOLMAX': [-1, 2]}), ({'CONV': [32, 5]}, {'CONV': [64, 5]}), ({'CONV': [128, 3]}, {'CONV': [256, 3]}, {'POOLMAX': [-1, 2]}), ({'CONV': [128, 5]}, {'CONV': [256, 5]}), ({'CONV': [32, 5]}, {'CONV': [256, 3]}, {'POOLMAX': [-1, 2]}), ({'CONV': [64, 5]}, {'CONV': [32, 3]}), ({'CONV': [32, 5]}, {'CONV': [128, 5]}, {'POOLMAX': [-1, 2]}), {'GLOBAL_AVG': None}, {'LAST_DENSE': [100, 'softmax']}]",HHSE,NSGA2,,,,,0.7020505302070204,,,,1988918784,3802532,,,,,,"[14, 22, 10, 38, 46, 14, 24, 13]",0.7204464849815712,-3.3193275219556284e-05,0.0,0.0,0.375,1.0,0.82,0,1,0,100,0,0.01,BEST,False,False,229,True,True,GREEDY,,,GREEDY_HV
BJJQFY[M],26,27,83,83,0.83,True,True,"[0, 4, 49, 31, 55, 6, 28, 55]",[],"[0.07472001425396174, 4.47994392045812, 49.31222047338836, 31.760963552518675, 55.92795860748993, 6.102842356628313, 28.21366377574226, 55.746468014651334]","[{'INP': 32}, {'CONV': [64, 3]}, ({'CONV': [32, 3]}, {'CONV': [32, 3]}), ({'CONV': [32, 3]}, {'CONV': [128, 3]}, {'POOLMAX': [-1, 2]}), ({'CONV': [256, 3]}, {'CONV': [32, 5]}), ({'CONV': [64, 5]}, {'CONV': [256, 5]}, {'POOLMAX': [-1, 2]}), ({'CONV': [256, 3]}, {'CONV': [256, 5]}), ({'CONV': [32, 3]}, {'CONV': [256, 3]}, {'POOLMAX': [-1, 2]}), ({'CONV': [64, 5]}, {'CONV': [128, 3]}), ({'CONV': [256, 3]}, {'CONV': [256, 5]}, {'POOLMAX': [-1, 2]}), {'GLOBAL_AVG': None}, {'LAST_DENSE': [100, 'softmax']}]",HHSE,NSGA2,,,,,0.7051417384967812,,,,1031221248,5863588,,,,,,"[0, 2, 52, 31, 56, 6, 28, 55]",0.7223213366866676,0.0004540721413071,0.625,0.25,0.375,1.0,0.83,0,1,0,100,0,0.01,BEST,False,False,189,True,True,GREEDY,,,GREEDY_HV
BJJQFY[M],26,27,84,83,0.84,True,True,"[0, 4, 49, 31, 55, 6, 28, 55]",[],"[0.07472001425396174, 4.47994392045812, 49.31222047338836, 31.760963552518675, 55.92795860748993, 6.102842356628313, 28.21366377574226, 55.746468014651334]","[{'INP': 32}, {'CONV': [64, 3]}, ({'CONV': [32, 3]}, {'CONV': [32, 3]}), ({'CONV': [32, 3]}, {'CONV': [128, 3]}, {'POOLMAX': [-1, 2]}), ({'CONV': [256, 3]}, {'CONV': [32, 5]}), ({'CONV': [64, 5]}, {'CONV': [256, 5]}, {'POOLMAX': [-1, 2]}), ({'CONV': [256, 3]}, {'CONV': [256, 5]}), ({'CONV': [32, 3]}, {'CONV': [256, 3]}, {'POOLMAX': [-1, 2]}), ({'CONV': [64, 5]}, {'CONV': [128, 3]}), ({'CONV': [256, 3]}, {'CONV': [256, 5]}, {'POOLMAX': [-1, 2]}), {'GLOBAL_AVG': None}, {'LAST_DENSE': [100, 'softmax']}]",HHSE,NSGA2,,,,,0.7051417384967812,,,,1031221248,5863588,,,,,,"[0, 2, 52, 31, 56, 6, 28, 55]",0.7239929010162498,1.629711772310749e-05,0.625,0.25,0.375,0.0,0.83,0,0,0,100,0,0.0,BEST,False,False,189,True,True,GREEDY,,,GREEDY_HV
BJJQFY[M],26,27,85,83,0.85,True,True,"[0, 4, 49, 31, 55, 6, 28, 55]",[],"[0.07472001425396174, 4.47994392045812, 49.31222047338836, 31.760963552518675, 55.92795860748993, 6.102842356628313, 28.21366377574226, 55.746468014651334]","[{'INP': 32}, {'CONV': [64, 3]}, ({'CONV': [32, 3]}, {'CONV': [32, 3]}), ({'CONV': [32, 3]}, {'CONV': [128, 3]}, {'POOLMAX': [-1, 2]}), ({'CONV': [256, 3]}, {'CONV': [32, 5]}), ({'CONV': [64, 5]}, {'CONV': [256, 5]}, {'POOLMAX': [-1, 2]}), ({'CONV': [256, 3]}, {'CONV': [256, 5]}), ({'CONV': [32, 3]}, {'CONV': [256, 3]}, {'POOLMAX': [-1, 2]}), ({'CONV': [64, 5]}, {'CONV': [128, 3]}), ({'CONV': [256, 3]}, {'CONV': [256, 5]}, {'POOLMAX': [-1, 2]}), {'GLOBAL_AVG': None}, {'LAST_DENSE': [100, 'softmax']}]",HHSE,NSGA2,,,,,0.7051417384967812,,,,1031221248,5863588,,,,,,"[0, 2, 52, 31, 56, 6, 28, 55]",0.7241376058945092,-0.0001560651926876,0.625,0.25,0.375,0.0,0.83,0,1,0,100,0,0.01,BEST,False,False,189,True,True,GREEDY,,,GREEDY_HV
BJJQFY[M],26,27,86,83,0.86,True,True,"[0, 4, 49, 31, 55, 6, 28, 55]",[],"[0.07472001425396174, 4.47994392045812, 49.31222047338836, 31.760963552518675, 55.92795860748993, 6.102842356628313, 28.21366377574226, 55.746468014651334]","[{'INP': 32}, {'CONV': [64, 3]}, ({'CONV': [32, 3]}, {'CONV': [32, 3]}), ({'CONV': [32, 3]}, {'CONV': [128, 3]}, {'POOLMAX': [-1, 2]}), ({'CONV': [256, 3]}, {'CONV': [32, 5]}), ({'CONV': [64, 5]}, {'CONV': [256, 5]}, {'POOLMAX': [-1, 2]}), ({'CONV': [256, 3]}, {'CONV': [256, 5]}), ({'CONV': [32, 3]}, {'CONV': [256, 3]}, {'POOLMAX': [-1, 2]}), ({'CONV': [64, 5]}, {'CONV': [128, 3]}), ({'CONV': [256, 3]}, {'CONV': [256, 5]}, {'POOLMAX': [-1, 2]}), {'GLOBAL_AVG': None}, {'LAST_DENSE': [100, 'softmax']}]",HHSE,NSGA2,,,,,0.7051417384967812,,,,1031221248,5863588,,,,,,"[0, 2, 52, 31, 56, 6, 28, 55]",0.7242598556592674,-0.0020635680143602,0.625,0.25,0.375,0.0,0.83,0,0,0,100,0,0.0,BEST,False,False,189,True,True,GREEDY,,,GREEDY_HV
BJJQFY[M],26,27,87,83,0.87,True,True,"[0, 4, 49, 31, 55, 6, 28, 55]",[],"[0.07472001425396174, 4.47994392045812, 49.31222047338836, 31.760963552518675, 55.92795860748993, 6.102842356628313, 28.21366377574226, 55.746468014651334]","[{'INP': 32}, {'CONV': [64, 3]}, ({'CONV': [32, 3]}, {'CONV': [32, 3]}), ({'CONV': [32, 3]}, {'CONV': [128, 3]}, {'POOLMAX': [-1, 2]}), ({'CONV': [256, 3]}, {'CONV': [32, 5]}), ({'CONV': [64, 5]}, {'CONV': [256, 5]}, {'POOLMAX': [-1, 2]}), ({'CONV': [256, 3]}, {'CONV': [256, 5]}), ({'CONV': [32, 3]}, {'CONV': [256, 3]}, {'POOLMAX': [-1, 2]}), ({'CONV': [64, 5]}, {'CONV': [128, 3]}), ({'CONV': [256, 3]}, {'CONV': [256, 5]}, {'POOLMAX': [-1, 2]}), {'GLOBAL_AVG': None}, {'LAST_DENSE': [100, 'softmax']}]",HHSE,NSGA2,,,,,0.7051417384967812,,,,1031221248,5863588,,,,,,"[0, 2, 52, 31, 56, 6, 28, 55]",0.7246459141316982,-4.363141258290071e-07,0.625,0.25,0.375,0.0,0.83,0,1,0,100,0,0.01,BEST,False,False,189,True,True,GREEDY,,,GREEDY_HV
BPRJQY[M],26,27,88,88,0.88,True,True,"[5, 14, 4, 38, 28, 6, 30, 23]",[],"[5.1274675070880775, 14.77569924973108, 4.210084357311798, 38.18488352740694, 28.302184108140853, 6.96670790343401, 30.784267198134554, 23.321161417007204]","[{'INP': 32}, {'CONV': [64, 3]}, ({'CONV': [32, 3]}, {'CONV': [128, 5]}), ({'CONV': [32, 5]}, {'CONV': [256, 3]}, {'POOLMAX': [-1, 2]}), ({'CONV': [32, 3]}, {'CONV': [128, 3]}), ({'CONV': [128, 3]}, {'CONV': [256, 3]}, {'POOLMAX': [-1, 2]}), ({'CONV': [64, 5]}, {'CONV': [128, 3]}), ({'CONV': [32, 3]}, {'CONV': [256, 3]}, {'POOLMAX': [-1, 2]}), ({'CONV': [64, 5]}, {'CONV': [256, 3]}), ({'CONV': [64, 3]}, {'CONV': [256, 5]}, {'POOLMAX': [-1, 2]}), {'GLOBAL_AVG': None}, {'LAST_DENSE': [100, 'softmax']}]",HHSE,NSGA2,,,,,0.7071598925173573,,,,1011469312,2594084,,,,,,"[5, 14, 4, 38, 27, 6, 30, 23]",0.7255784598157644,0.0007915251198808,0.5,0.25,0.125,0.875,0.88,0,1,0,100,0,0.01,BEST,False,False,155,True,True,GREEDY,,,GREEDY_HV
BPRJQY[M],26,27,89,88,0.89,True,True,"[5, 14, 4, 38, 28, 6, 30, 23]",[],"[5.1274675070880775, 14.77569924973108, 4.210084357311798, 38.18488352740694, 28.302184108140853, 6.96670790343401, 30.784267198134554, 23.321161417007204]","[{'INP': 32}, {'CONV': [64, 3]}, ({'CONV': [32, 3]}, {'CONV': [128, 5]}), ({'CONV': [32, 5]}, {'CONV': [256, 3]}, {'POOLMAX': [-1, 2]}), ({'CONV': [32, 3]}, {'CONV': [128, 3]}), ({'CONV': [128, 3]}, {'CONV': [256, 3]}, {'POOLMAX': [-1, 2]}), ({'CONV': [64, 5]}, {'CONV': [128, 3]}), ({'CONV': [32, 3]}, {'CONV': [256, 3]}, {'POOLMAX': [-1, 2]}), ({'CONV': [64, 5]}, {'CONV': [256, 3]}), ({'CONV': [64, 3]}, {'CONV': [256, 5]}, {'POOLMAX': [-1, 2]}), {'GLOBAL_AVG': None}, {'LAST_DENSE': [100, 'softmax']}]",HHSE,NSGA2,,,,,0.7071598925173573,,,,1011469312,2594084,,,,,,"[5, 14, 4, 38, 27, 6, 30, 23]",0.7266962232734089,3.637422275604152e-07,0.5,0.25,0.125,0.0,0.88,0,1,0,100,0,0.01,BEST,False,False,155,True,True,GREEDY,,,GREEDY_HV
BPRJQY[M],26,27,90,88,0.9,True,True,"[5, 14, 4, 38, 28, 6, 30, 23]",[],"[5.1274675070880775, 14.77569924973108, 4.210084357311798, 38.18488352740694, 28.302184108140853, 6.96670790343401, 30.784267198134554, 23.321161417007204]","[{'INP': 32}, {'CONV': [64, 3]}, ({'CONV': [32, 3]}, {'CONV': [128, 5]}), ({'CONV': [32, 5]}, {'CONV': [256, 3]}, {'POOLMAX': [-1, 2]}), ({'CONV': [32, 3]}, {'CONV': [128, 3]}), ({'CONV': [128, 3]}, {'CONV': [256, 3]}, {'POOLMAX': [-1, 2]}), ({'CONV': [64, 5]}, {'CONV': [128, 3]}), ({'CONV': [32, 3]}, {'CONV': [256, 3]}, {'POOLMAX': [-1, 2]}), ({'CONV': [64, 5]}, {'CONV': [256, 3]}), ({'CONV': [64, 3]}, {'CONV': [256, 5]}, {'POOLMAX': [-1, 2]}), {'GLOBAL_AVG': None}, {'LAST_DENSE': [100, 'softmax']}]",HHSE,NSGA2,,,,,0.7071598925173573,,,,1011469312,2594084,,,,,,"[5, 14, 4, 38, 27, 6, 30, 23]",0.7268849585083217,-0.0002977040353971,0.5,0.25,0.125,0.0,0.88,0,4,0,100,0,0.04,BEST,False,False,155,True,True,GREEDY,,,GREEDY_HV
BDDZHB[M],26,27,91,91,0.91,True,True,"[3, 4, 4, 38, 47, 7, 31, 4]",[],"[3.9116604746349837, 4.890523569389249, 4.141196082676831, 38.20397997531878, 47.079138331348695, 7.582787765777426, 31.899897116143755, 4.89417865569621]","[{'INP': 32}, {'CONV': [64, 3]}, ({'CONV': [32, 3]}, {'CONV': [64, 5]}), ({'CONV': [32, 3]}, {'CONV': [128, 3]}, {'POOLMAX': [-1, 2]}), ({'CONV': [32, 3]}, {'CONV': [128, 3]}), ({'CONV': [128, 3]}, {'CONV': [256, 3]}, {'POOLMAX': [-1, 2]}), ({'CONV': [128, 5]}, {'CONV': [256, 5]}), ({'CONV': [32, 3]}, {'CONV': [256, 5]}, {'POOLMAX': [-1, 2]}), ({'CONV': [64, 5]}, {'CONV': [256, 5]}), ({'CONV': [32, 3]}, {'CONV': [128, 3]}, {'POOLMAX': [-1, 2]}), {'GLOBAL_AVG': None}, {'LAST_DENSE': [100, 'softmax']}]",HHSE,NSGA2,,,,,0.7077891586394998,,,,802227200,3510436,,,,,,"[3, 4, 3, 38, 46, 7, 31, 4]",0.7290951349358475,0.0022212490009755,0.25,0.625,0.25,0.75,0.91,0,2,0,100,0,0.02,BEST,False,False,141,True,True,GREEDY,,,GREEDY_HV
BYICMU[M][M],26,27,92,92,0.92,True,True,"[6, 7, 4, 38, 28, 7, 31, 23]",[],"[6.041057155297501, 7.090311944589204, 4.823011517944662, 38.519281204237586, 28.07683845828363, 7.025282346105885, 31.106886076520457, 23.576998116736334]","[{'INP': 32}, {'CONV': [64, 3]}, ({'CONV': [32, 3]}, {'CONV': [256, 3]}), ({'CONV': [32, 3]}, {'CONV': [256, 5]}, {'POOLMAX': [-1, 2]}), ({'CONV': [32, 3]}, {'CONV': [128, 3]}), ({'CONV': [128, 3]}, {'CONV': [256, 3]}, {'POOLMAX': [-1, 2]}), ({'CONV': [64, 5]}, {'CONV': [128, 3]}), ({'CONV': [32, 3]}, {'CONV': [256, 5]}, {'POOLMAX': [-1, 2]}), ({'CONV': [64, 5]}, {'CONV': [256, 5]}), ({'CONV': [64, 3]}, {'CONV': [256, 5]}, {'POOLMAX': [-1, 2]}), {'GLOBAL_AVG': None}, {'LAST_DENSE': [100, 'softmax']}]",HHSE,NSGA2,,,,,0.7108073924246633,,,,1188285440,3061540,,,,,,"[5, 6, 4, 38, 28, 6, 30, 23]",0.7284983483833753,0.0006341800894884,0.0,0.0,0.5,0.5,0.92,0,1,0,100,0,0.01,BEST,False,False,94,True,True,GREEDY,,,GREEDY_HV
BYICMU[M][M][M],26,27,93,93,0.93,True,True,"[6, 7, 4, 38, 28, 6, 31, 23]",[],"[6.0603662528194855, 7.082189128176039, 4.824555218536902, 38.518837754555186, 28.091454714115116, 6.959857096670632, 31.38894363308336, 23.761460966082605]","[{'INP': 32}, {'CONV': [64, 3]}, ({'CONV': [32, 3]}, {'CONV': [256, 3]}), ({'CONV': [32, 3]}, {'CONV': [256, 5]}, {'POOLMAX': [-1, 2]}), ({'CONV': [32, 3]}, {'CONV': [128, 3]}), ({'CONV': [128, 3]}, {'CONV': [256, 3]}, {'POOLMAX': [-1, 2]}), ({'CONV': [64, 5]}, {'CONV': [128, 3]}), ({'CONV': [32, 3]}, {'CONV': [256, 3]}, {'POOLMAX': [-1, 2]}), ({'CONV': [64, 5]}, {'CONV': [256, 5]}), ({'CONV': [64, 3]}, {'CONV': [256, 5]}, {'POOLMAX': [-1, 2]}), {'GLOBAL_AVG': None}, {'LAST_DENSE': [100, 'softmax']}]",HHSE,NSGA2,,,,,0.7131011518158298,,,,1171508224,2930468,,,,,,"[6, 7, 4, 38, 28, 7, 31, 23]",0.7301052571763258,1.6236023063997962e-05,0.0,0.0,0.125,0.125,0.93,0,0,0,100,0,0.0,BEST,False,False,54,True,True,GREEDY,,,GREEDY_HV
BYICMU[M][M][M],26,27,94,93,0.94,True,True,"[6, 7, 4, 38, 28, 6, 31, 23]",[],"[6.0603662528194855, 7.082189128176039, 4.824555218536902, 38.518837754555186, 28.091454714115116, 6.959857096670632, 31.38894363308336, 23.761460966082605]","[{'INP': 32}, {'CONV': [64, 3]}, ({'CONV': [32, 3]}, {'CONV': [256, 3]}), ({'CONV': [32, 3]}, {'CONV': [256, 5]}, {'POOLMAX': [-1, 2]}), ({'CONV': [32, 3]}, {'CONV': [128, 3]}), ({'CONV': [128, 3]}, {'CONV': [256, 3]}, {'POOLMAX': [-1, 2]}), ({'CONV': [64, 5]}, {'CONV': [128, 3]}), ({'CONV': [32, 3]}, {'CONV': [256, 3]}, {'POOLMAX': [-1, 2]}), ({'CONV': [64, 5]}, {'CONV': [256, 5]}), ({'CONV': [64, 3]}, {'CONV': [256, 5]}, {'POOLMAX': [-1, 2]}), {'GLOBAL_AVG': None}, {'LAST_DENSE': [100, 'softmax']}]",HHSE,NSGA2,,,,,0.7131011518158298,,,,1171508224,2930468,,,,,,"[6, 7, 4, 38, 28, 7, 31, 23]",0.7320679349709542,-8.59034049567331e-05,0.0,0.0,0.125,0.0,0.93,0,0,0,100,0,0.0,BEST,False,False,54,True,True,GREEDY,,,GREEDY_HV
BYICMU[M][M][M],26,27,95,93,0.95,True,True,"[6, 7, 4, 38, 28, 6, 31, 23]",[],"[6.0603662528194855, 7.082189128176039, 4.824555218536902, 38.518837754555186, 28.091454714115116, 6.959857096670632, 31.38894363308336, 23.761460966082605]","[{'INP': 32}, {'CONV': [64, 3]}, ({'CONV': [32, 3]}, {'CONV': [256, 3]}), ({'CONV': [32, 3]}, {'CONV': [256, 5]}, {'POOLMAX': [-1, 2]}), ({'CONV': [32, 3]}, {'CONV': [128, 3]}), ({'CONV': [128, 3]}, {'CONV': [256, 3]}, {'POOLMAX': [-1, 2]}), ({'CONV': [64, 5]}, {'CONV': [128, 3]}), ({'CONV': [32, 3]}, {'CONV': [256, 3]}, {'POOLMAX': [-1, 2]}), ({'CONV': [64, 5]}, {'CONV': [256, 5]}), ({'CONV': [64, 3]}, {'CONV': [256, 5]}, {'POOLMAX': [-1, 2]}), {'GLOBAL_AVG': None}, {'LAST_DENSE': [100, 'softmax']}]",HHSE,NSGA2,,,,,0.7131011518158298,,,,1171508224,2930468,,,,,,"[6, 7, 4, 38, 28, 7, 31, 23]",0.7322545952200673,-4.0949831417003146e-05,0.0,0.0,0.125,0.0,0.93,0,0,0,100,0,0.0,BEST,False,False,54,True,True,GREEDY,,,GREEDY_HV
BYICMU[M][M][M],26,27,96,93,0.96,True,True,"[6, 7, 4, 38, 28, 6, 31, 23]",[],"[6.0603662528194855, 7.082189128176039, 4.824555218536902, 38.518837754555186, 28.091454714115116, 6.959857096670632, 31.38894363308336, 23.761460966082605]","[{'INP': 32}, {'CONV': [64, 3]}, ({'CONV': [32, 3]}, {'CONV': [256, 3]}), ({'CONV': [32, 3]}, {'CONV': [256, 5]}, {'POOLMAX': [-1, 2]}), ({'CONV': [32, 3]}, {'CONV': [128, 3]}), ({'CONV': [128, 3]}, {'CONV': [256, 3]}, {'POOLMAX': [-1, 2]}), ({'CONV': [64, 5]}, {'CONV': [128, 3]}), ({'CONV': [32, 3]}, {'CONV': [256, 3]}, {'POOLMAX': [-1, 2]}), ({'CONV': [64, 5]}, {'CONV': [256, 5]}), ({'CONV': [64, 3]}, {'CONV': [256, 5]}, {'POOLMAX': [-1, 2]}), {'GLOBAL_AVG': None}, {'LAST_DENSE': [100, 'softmax']}]",HHSE,NSGA2,,,,,0.7131011518158298,,,,1171508224,2930468,,,,,,"[6, 7, 4, 38, 28, 7, 31, 23]",0.7324166294886395,2.2527296917873585e-05,0.0,0.0,0.125,0.0,0.93,0,0,0,100,0,0.0,BEST,False,False,54,True,True,GREEDY,,,GREEDY_HV
BYICMU[M][M][M],26,27,97,93,0.97,True,True,"[6, 7, 4, 38, 28, 6, 31, 23]",[],"[6.0603662528194855, 7.082189128176039, 4.824555218536902, 38.518837754555186, 28.091454714115116, 6.959857096670632, 31.38894363308336, 23.761460966082605]","[{'INP': 32}, {'CONV': [64, 3]}, ({'CONV': [32, 3]}, {'CONV': [256, 3]}), ({'CONV': [32, 3]}, {'CONV': [256, 5]}, {'POOLMAX': [-1, 2]}), ({'CONV': [32, 3]}, {'CONV': [128, 3]}), ({'CONV': [128, 3]}, {'CONV': [256, 3]}, {'POOLMAX': [-1, 2]}), ({'CONV': [64, 5]}, {'CONV': [128, 3]}), ({'CONV': [32, 3]}, {'CONV': [256, 3]}, {'POOLMAX': [-1, 2]}), ({'CONV': [64, 5]}, {'CONV': [256, 5]}), ({'CONV': [64, 3]}, {'CONV': [256, 5]}, {'POOLMAX': [-1, 2]}), {'GLOBAL_AVG': None}, {'LAST_DENSE': [100, 'softmax']}]",HHSE,NSGA2,,,,,0.7131011518158298,,,,1171508224,2930468,,,,,,"[6, 7, 4, 38, 28, 7, 31, 23]",0.732494847840974,-8.211891305731633e-06,0.0,0.0,0.125,0.0,0.93,0,0,0,100,0,0.0,BEST,False,False,54,True,True,GREEDY,,,GREEDY_HV
BYGQEC[M],26,27,98,98,0.98,True,True,"[2, 7, 4, 38, 46, 6, 21, 23]",[],"[2.535497895448041, 7.467452716930016, 4.500003485959978, 38.42287782125824, 46.76649021864404, 6.1641636638018005, 21.003356029329403, 23.528677449525865]","[{'INP': 32}, {'CONV': [64, 3]}, ({'CONV': [32, 3]}, {'CONV': [64, 3]}), ({'CONV': [32, 3]}, {'CONV': [256, 5]}, {'POOLMAX': [-1, 2]}), ({'CONV': [32, 3]}, {'CONV': [128, 3]}), ({'CONV': [128, 3]}, {'CONV': [256, 3]}, {'POOLMAX': [-1, 2]}), ({'CONV': [128, 5]}, {'CONV': [256, 3]}), ({'CONV': [32, 3]}, {'CONV': [256, 3]}, {'POOLMAX': [-1, 2]}), ({'CONV': [64, 3]}, {'CONV': [128, 5]}), ({'CONV': [64, 3]}, {'CONV': [256, 5]}, {'POOLMAX': [-1, 2]}), {'GLOBAL_AVG': None}, {'LAST_DENSE': [100, 'softmax']}]",HHSE,NSGA2,,,,,0.7140419902699956,,,,1012241408,2946340,,,,,,"[2, 7, 4, 38, 46, 6, 21, 23]",0.7326076227805323,4.376326343535908e-06,0.5,0.375,0.0,0.375,0.98,0,1,0,100,0,0.01,BEST,False,False,38,True,True,GREEDY,,,GREEDY_HV
BYGQEC[M],26,27,99,98,0.99,True,True,"[2, 7, 4, 38, 46, 6, 21, 23]",[],"[2.535497895448041, 7.467452716930016, 4.500003485959978, 38.42287782125824, 46.76649021864404, 6.1641636638018005, 21.003356029329403, 23.528677449525865]","[{'INP': 32}, {'CONV': [64, 3]}, ({'CONV': [32, 3]}, {'CONV': [64, 3]}), ({'CONV': [32, 3]}, {'CONV': [256, 5]}, {'POOLMAX': [-1, 2]}), ({'CONV': [32, 3]}, {'CONV': [128, 3]}), ({'CONV': [128, 3]}, {'CONV': [256, 3]}, {'POOLMAX': [-1, 2]}), ({'CONV': [128, 5]}, {'CONV': [256, 3]}), ({'CONV': [32, 3]}, {'CONV': [256, 3]}, {'POOLMAX': [-1, 2]}), ({'CONV': [64, 3]}, {'CONV': [128, 5]}), ({'CONV': [64, 3]}, {'CONV': [256, 5]}, {'POOLMAX': [-1, 2]}), {'GLOBAL_AVG': None}, {'LAST_DENSE': [100, 'softmax']}]",HHSE,NSGA2,,,,,0.7140419902699956,,,,1012241408,2946340,,,,,,"[2, 7, 4, 38, 46, 6, 21, 23]",0.7334437284017264,-2.556210986537355e-05,0.5,0.375,0.0,0.0,0.98,0,0,0,100,0,0.0,BEST,False,False,38,True,True,GREEDY,,,GREEDY_HV
BNEZDU[M],26,27,100,100,1.0,True,True,"[0, 7, 4, 38, 46, 6, 31, 23]",[],"[0.3182907179694605, 7.628850477763081, 4.856493508286506, 38.606878166977836, 46.791134937243946, 6.93604097580066, 31.755688297045438, 23.16214551157891]","[{'INP': 32}, {'CONV': [64, 3]}, ({'CONV': [32, 3]}, {'CONV': [32, 3]}), ({'CONV': [32, 3]}, {'CONV': [256, 5]}, {'POOLMAX': [-1, 2]}), ({'CONV': [32, 3]}, {'CONV': [128, 3]}), ({'CONV': [128, 3]}, {'CONV': [256, 3]}, {'POOLMAX': [-1, 2]}), ({'CONV': [128, 5]}, {'CONV': [256, 3]}), ({'CONV': [32, 3]}, {'CONV': [256, 3]}, {'POOLMAX': [-1, 2]}), ({'CONV': [64, 5]}, {'CONV': [256, 5]}), ({'CONV': [64, 3]}, {'CONV': [256, 5]}, {'POOLMAX': [-1, 2]}), {'GLOBAL_AVG': None}, {'LAST_DENSE': [100, 'softmax']}]",HHSE,NSGA2,,,,,0.7140901457304563,,,,991640576,3468964,,,,,,"[0, 7, 4, 38, 46, 6, 31, 23]",0.7335147307041598,-7.777565315336687e-06,0.125,0.25,0.0,0.25,1.0,0,0,0,100,0,0.0,BEST,False,False,37,True,True,GREEDY,,,GREEDY_HV
BHDCCD[M],27,28,1,1,0.01,True,True,"[38, 31, 60, 60, 30, 41, 44, 55]",[],"[38.38335949530468, 31.654689861416056, 60.92406459127351, 60.503728414688666, 30.249526705634054, 41.0276040774206, 44.348446366339644, 55.32704071120545]","[{'INP': 32}, {'CONV': [64, 3]}, ({'CONV': [128, 3]}, {'CONV': [256, 3]}), ({'CONV': [64, 5]}, {'CONV': [256, 5]}, {'POOLMAX': [-1, 2]}), ({'CONV': [256, 5]}, {'CONV': [128, 3]}), ({'CONV': [256, 5]}, {'CONV': [128, 3]}, {'POOLMAX': [-1, 2]}), ({'CONV': [64, 5]}, {'CONV': [256, 3]}), ({'CONV': [128, 5]}, {'CONV': [32, 5]}, {'POOLMAX': [-1, 2]}), ({'CONV': [128, 5]}, {'CONV': [128, 3]}), ({'CONV': [256, 3]}, {'CONV': [256, 5]}, {'POOLMAX': [-1, 2]}), {'GLOBAL_AVG': None}, {'LAST_DENSE': [100, 'softmax']}]",HHSE,NSGA2,,,,,0.6967132221687282,,,,4235817984,7730852,,,,,,"[31, 16, 56, 55, 26, 53, 26, 53]",0.6752404564469925,0.0,0.375,0.625,1.0,0.0,0.01,0,17,0,100,0,0.17,BEST,False,False,283,True,True,GREEDY,,,GREEDY_HV
BHDCCD[M],27,28,2,1,0.02,True,True,"[38, 31, 60, 60, 30, 41, 44, 55]",[],"[38.38335949530468, 31.654689861416056, 60.92406459127351, 60.503728414688666, 30.249526705634054, 41.0276040774206, 44.348446366339644, 55.32704071120545]","[{'INP': 32}, {'CONV': [64, 3]}, ({'CONV': [128, 3]}, {'CONV': [256, 3]}), ({'CONV': [64, 5]}, {'CONV': [256, 5]}, {'POOLMAX': [-1, 2]}), ({'CONV': [256, 5]}, {'CONV': [128, 3]}), ({'CONV': [256, 5]}, {'CONV': [128, 3]}, {'POOLMAX': [-1, 2]}), ({'CONV': [64, 5]}, {'CONV': [256, 3]}), ({'CONV': [128, 5]}, {'CONV': [32, 5]}, {'POOLMAX': [-1, 2]}), ({'CONV': [128, 5]}, {'CONV': [128, 3]}), ({'CONV': [256, 3]}, {'CONV': [256, 5]}, {'POOLMAX': [-1, 2]}), {'GLOBAL_AVG': None}, {'LAST_DENSE': [100, 'softmax']}]",HHSE,NSGA2,,,,,0.6967132221687282,,,,4235817984,7730852,,,,,,"[31, 16, 56, 55, 26, 53, 26, 53]",0.6967041195291617,0.0206422036729093,0.375,0.625,1.0,0.0,0.01,0,4,0,100,0,0.04,BEST,False,False,283,True,True,GREEDY,,,GREEDY_HV
BHDCCD[M],27,28,3,1,0.03,True,True,"[38, 31, 60, 60, 30, 41, 44, 55]",[],"[38.38335949530468, 31.654689861416056, 60.92406459127351, 60.503728414688666, 30.249526705634054, 41.0276040774206, 44.348446366339644, 55.32704071120545]","[{'INP': 32}, {'CONV': [64, 3]}, ({'CONV': [128, 3]}, {'CONV': [256, 3]}), ({'CONV': [64, 5]}, {'CONV': [256, 5]}, {'POOLMAX': [-1, 2]}), ({'CONV': [256, 5]}, {'CONV': [128, 3]}), ({'CONV': [256, 5]}, {'CONV': [128, 3]}, {'POOLMAX': [-1, 2]}), ({'CONV': [64, 5]}, {'CONV': [256, 3]}), ({'CONV': [128, 5]}, {'CONV': [32, 5]}, {'POOLMAX': [-1, 2]}), ({'CONV': [128, 5]}, {'CONV': [128, 3]}), ({'CONV': [256, 3]}, {'CONV': [256, 5]}, {'POOLMAX': [-1, 2]}), {'GLOBAL_AVG': None}, {'LAST_DENSE': [100, 'softmax']}]",HHSE,NSGA2,,,,,0.6967132221687282,,,,4235817984,7730852,,,,,,"[31, 16, 56, 55, 26, 53, 26, 53]",0.6845323856392367,0.0012022560029409,0.375,0.625,1.0,0.0,0.01,0,6,0,100,0,0.06,BEST,False,False,283,True,True,GREEDY,,,GREEDY_HV
BHDCCD[M],27,28,4,1,0.04,True,True,"[38, 31, 60, 60, 30, 41, 44, 55]",[],"[38.38335949530468, 31.654689861416056, 60.92406459127351, 60.503728414688666, 30.249526705634054, 41.0276040774206, 44.348446366339644, 55.32704071120545]","[{'INP': 32}, {'CONV': [64, 3]}, ({'CONV': [128, 3]}, {'CONV': [256, 3]}), ({'CONV': [64, 5]}, {'CONV': [256, 5]}, {'POOLMAX': [-1, 2]}), ({'CONV': [256, 5]}, {'CONV': [128, 3]}), ({'CONV': [256, 5]}, {'CONV': [128, 3]}, {'POOLMAX': [-1, 2]}), ({'CONV': [64, 5]}, {'CONV': [256, 3]}), ({'CONV': [128, 5]}, {'CONV': [32, 5]}, {'POOLMAX': [-1, 2]}), ({'CONV': [128, 5]}, {'CONV': [128, 3]}), ({'CONV': [256, 3]}, {'CONV': [256, 5]}, {'POOLMAX': [-1, 2]}), {'GLOBAL_AVG': None}, {'LAST_DENSE': [100, 'softmax']}]",HHSE,NSGA2,,,,,0.6967132221687282,,,,4235817984,7730852,,,,,,"[31, 16, 56, 55, 26, 53, 26, 53]",0.6952544367317686,0.0031291295294316,0.375,0.625,1.0,0.0,0.01,0,3,0,100,0,0.03,BEST,False,False,283,True,True,GREEDY,,,GREEDY_HV
BHDCCD[M],27,28,5,1,0.05,True,True,"[38, 31, 60, 60, 30, 41, 44, 55]",[],"[38.38335949530468, 31.654689861416056, 60.92406459127351, 60.503728414688666, 30.249526705634054, 41.0276040774206, 44.348446366339644, 55.32704071120545]","[{'INP': 32}, {'CONV': [64, 3]}, ({'CONV': [128, 3]}, {'CONV': [256, 3]}), ({'CONV': [64, 5]}, {'CONV': [256, 5]}, {'POOLMAX': [-1, 2]}), ({'CONV': [256, 5]}, {'CONV': [128, 3]}), ({'CONV': [256, 5]}, {'CONV': [128, 3]}, {'POOLMAX': [-1, 2]}), ({'CONV': [64, 5]}, {'CONV': [256, 3]}), ({'CONV': [128, 5]}, {'CONV': [32, 5]}, {'POOLMAX': [-1, 2]}), ({'CONV': [128, 5]}, {'CONV': [128, 3]}), ({'CONV': [256, 3]}, {'CONV': [256, 5]}, {'POOLMAX': [-1, 2]}), {'GLOBAL_AVG': None}, {'LAST_DENSE': [100, 'softmax']}]",HHSE,NSGA2,,,,,0.6967132221687282,,,,4235817984,7730852,,,,,,"[31, 16, 56, 55, 26, 53, 26, 53]",0.6940836129416195,-0.0079286763737788,0.375,0.625,1.0,0.0,0.01,0,1,0,100,0,0.01,BEST,False,False,283,True,True,GREEDY,,,GREEDY_HV
BHDCCD[M],27,28,6,1,0.06,True,True,"[38, 31, 60, 60, 30, 41, 44, 55]",[],"[38.38335949530468, 31.654689861416056, 60.92406459127351, 60.503728414688666, 30.249526705634054, 41.0276040774206, 44.348446366339644, 55.32704071120545]","[{'INP': 32}, {'CONV': [64, 3]}, ({'CONV': [128, 3]}, {'CONV': [256, 3]}), ({'CONV': [64, 5]}, {'CONV': [256, 5]}, {'POOLMAX': [-1, 2]}), ({'CONV': [256, 5]}, {'CONV': [128, 3]}), ({'CONV': [256, 5]}, {'CONV': [128, 3]}, {'POOLMAX': [-1, 2]}), ({'CONV': [64, 5]}, {'CONV': [256, 3]}), ({'CONV': [128, 5]}, {'CONV': [32, 5]}, {'POOLMAX': [-1, 2]}), ({'CONV': [128, 5]}, {'CONV': [128, 3]}), ({'CONV': [256, 3]}, {'CONV': [256, 5]}, {'POOLMAX': [-1, 2]}), {'GLOBAL_AVG': None}, {'LAST_DENSE': [100, 'softmax']}]",HHSE,NSGA2,,,,,0.6967132221687282,,,,4235817984,7730852,,,,,,"[31, 16, 56, 55, 26, 53, 26, 53]",0.6942692421299292,-0.0066246106770823,0.375,0.625,1.0,0.0,0.01,0,1,0,100,0,0.01,BEST,False,False,283,True,True,GREEDY,,,GREEDY_HV
BHDCCD[M],27,28,7,1,0.07,True,True,"[38, 31, 60, 60, 30, 41, 44, 55]",[],"[38.38335949530468, 31.654689861416056, 60.92406459127351, 60.503728414688666, 30.249526705634054, 41.0276040774206, 44.348446366339644, 55.32704071120545]","[{'INP': 32}, {'CONV': [64, 3]}, ({'CONV': [128, 3]}, {'CONV': [256, 3]}), ({'CONV': [64, 5]}, {'CONV': [256, 5]}, {'POOLMAX': [-1, 2]}), ({'CONV': [256, 5]}, {'CONV': [128, 3]}), ({'CONV': [256, 5]}, {'CONV': [128, 3]}, {'POOLMAX': [-1, 2]}), ({'CONV': [64, 5]}, {'CONV': [256, 3]}), ({'CONV': [128, 5]}, {'CONV': [32, 5]}, {'POOLMAX': [-1, 2]}), ({'CONV': [128, 5]}, {'CONV': [128, 3]}), ({'CONV': [256, 3]}, {'CONV': [256, 5]}, {'POOLMAX': [-1, 2]}), {'GLOBAL_AVG': None}, {'LAST_DENSE': [100, 'softmax']}]",HHSE,NSGA2,,,,,0.6967132221687282,,,,4235817984,7730852,,,,,,"[31, 16, 56, 55, 26, 53, 26, 53]",0.7020352924965881,-0.001838351135584,0.375,0.625,1.0,0.0,0.01,0,1,0,100,0,0.01,BEST,False,False,283,True,True,GREEDY,,,GREEDY_HV
BHDCCD[M],27,28,8,1,0.08,True,True,"[38, 31, 60, 60, 30, 41, 44, 55]",[],"[38.38335949530468, 31.654689861416056, 60.92406459127351, 60.503728414688666, 30.249526705634054, 41.0276040774206, 44.348446366339644, 55.32704071120545]","[{'INP': 32}, {'CONV': [64, 3]}, ({'CONV': [128, 3]}, {'CONV': [256, 3]}), ({'CONV': [64, 5]}, {'CONV': [256, 5]}, {'POOLMAX': [-1, 2]}), ({'CONV': [256, 5]}, {'CONV': [128, 3]}), ({'CONV': [256, 5]}, {'CONV': [128, 3]}, {'POOLMAX': [-1, 2]}), ({'CONV': [64, 5]}, {'CONV': [256, 3]}), ({'CONV': [128, 5]}, {'CONV': [32, 5]}, {'POOLMAX': [-1, 2]}), ({'CONV': [128, 5]}, {'CONV': [128, 3]}), ({'CONV': [256, 3]}, {'CONV': [256, 5]}, {'POOLMAX': [-1, 2]}), {'GLOBAL_AVG': None}, {'LAST_DENSE': [100, 'softmax']}]",HHSE,NSGA2,,,,,0.6967132221687282,,,,4235817984,7730852,,,,,,"[31, 16, 56, 55, 26, 53, 26, 53]",0.7025196363501636,-0.0034307150237222,0.375,0.625,1.0,0.0,0.01,0,0,0,100,0,0.0,BEST,False,False,283,True,True,GREEDY,,,GREEDY_HV
BHDCCD[M],27,28,9,1,0.09,True,True,"[38, 31, 60, 60, 30, 41, 44, 55]",[],"[38.38335949530468, 31.654689861416056, 60.92406459127351, 60.503728414688666, 30.249526705634054, 41.0276040774206, 44.348446366339644, 55.32704071120545]","[{'INP': 32}, {'CONV': [64, 3]}, ({'CONV': [128, 3]}, {'CONV': [256, 3]}), ({'CONV': [64, 5]}, {'CONV': [256, 5]}, {'POOLMAX': [-1, 2]}), ({'CONV': [256, 5]}, {'CONV': [128, 3]}), ({'CONV': [256, 5]}, {'CONV': [128, 3]}, {'POOLMAX': [-1, 2]}), ({'CONV': [64, 5]}, {'CONV': [256, 3]}), ({'CONV': [128, 5]}, {'CONV': [32, 5]}, {'POOLMAX': [-1, 2]}), ({'CONV': [128, 5]}, {'CONV': [128, 3]}), ({'CONV': [256, 3]}, {'CONV': [256, 5]}, {'POOLMAX': [-1, 2]}), {'GLOBAL_AVG': None}, {'LAST_DENSE': [100, 'softmax']}]",HHSE,NSGA2,,,,,0.6967132221687282,,,,4235817984,7730852,,,,,,"[31, 16, 56, 55, 26, 53, 26, 53]",0.7035052062388963,-0.0026085093797628,0.375,0.625,1.0,0.0,0.01,0,3,0,100,0,0.03,BEST,False,False,283,True,True,GREEDY,,,GREEDY_HV
BHDCCD[M],27,28,10,1,0.1,True,True,"[38, 31, 60, 60, 30, 41, 44, 55]",[],"[38.38335949530468, 31.654689861416056, 60.92406459127351, 60.503728414688666, 30.249526705634054, 41.0276040774206, 44.348446366339644, 55.32704071120545]","[{'INP': 32}, {'CONV': [64, 3]}, ({'CONV': [128, 3]}, {'CONV': [256, 3]}), ({'CONV': [64, 5]}, {'CONV': [256, 5]}, {'POOLMAX': [-1, 2]}), ({'CONV': [256, 5]}, {'CONV': [128, 3]}), ({'CONV': [256, 5]}, {'CONV': [128, 3]}, {'POOLMAX': [-1, 2]}), ({'CONV': [64, 5]}, {'CONV': [256, 3]}), ({'CONV': [128, 5]}, {'CONV': [32, 5]}, {'POOLMAX': [-1, 2]}), ({'CONV': [128, 5]}, {'CONV': [128, 3]}), ({'CONV': [256, 3]}, {'CONV': [256, 5]}, {'POOLMAX': [-1, 2]}), {'GLOBAL_AVG': None}, {'LAST_DENSE': [100, 'softmax']}]",HHSE,NSGA2,,,,,0.6967132221687282,,,,4235817984,7730852,,,,,,"[31, 16, 56, 55, 26, 53, 26, 53]",0.710750251791668,0.0042344874515514,0.375,0.625,1.0,0.0,0.01,0,0,0,100,0,0.0,BEST,False,False,283,True,True,GREEDY,,,GREEDY_HV
BHDCCD[M],27,28,11,1,0.11,True,True,"[38, 31, 60, 60, 30, 41, 44, 55]",[],"[38.38335949530468, 31.654689861416056, 60.92406459127351, 60.503728414688666, 30.249526705634054, 41.0276040774206, 44.348446366339644, 55.32704071120545]","[{'INP': 32}, {'CONV': [64, 3]}, ({'CONV': [128, 3]}, {'CONV': [256, 3]}), ({'CONV': [64, 5]}, {'CONV': [256, 5]}, {'POOLMAX': [-1, 2]}), ({'CONV': [256, 5]}, {'CONV': [128, 3]}), ({'CONV': [256, 5]}, {'CONV': [128, 3]}, {'POOLMAX': [-1, 2]}), ({'CONV': [64, 5]}, {'CONV': [256, 3]}), ({'CONV': [128, 5]}, {'CONV': [32, 5]}, {'POOLMAX': [-1, 2]}), ({'CONV': [128, 5]}, {'CONV': [128, 3]}), ({'CONV': [256, 3]}, {'CONV': [256, 5]}, {'POOLMAX': [-1, 2]}), {'GLOBAL_AVG': None}, {'LAST_DENSE': [100, 'softmax']}]",HHSE,NSGA2,,,,,0.6967132221687282,,,,4235817984,7730852,,,,,,"[31, 16, 56, 55, 26, 53, 26, 53]",0.7061786274649844,-0.0016762173869842,0.375,0.625,1.0,0.0,0.01,0,1,0,100,0,0.01,BEST,False,False,283,True,True,GREEDY,,,GREEDY_HV
BHDCCD[M],27,28,12,1,0.12,True,True,"[38, 31, 60, 60, 30, 41, 44, 55]",[],"[38.38335949530468, 31.654689861416056, 60.92406459127351, 60.503728414688666, 30.249526705634054, 41.0276040774206, 44.348446366339644, 55.32704071120545]","[{'INP': 32}, {'CONV': [64, 3]}, ({'CONV': [128, 3]}, {'CONV': [256, 3]}), ({'CONV': [64, 5]}, {'CONV': [256, 5]}, {'POOLMAX': [-1, 2]}), ({'CONV': [256, 5]}, {'CONV': [128, 3]}), ({'CONV': [256, 5]}, {'CONV': [128, 3]}, {'POOLMAX': [-1, 2]}), ({'CONV': [64, 5]}, {'CONV': [256, 3]}), ({'CONV': [128, 5]}, {'CONV': [32, 5]}, {'POOLMAX': [-1, 2]}), ({'CONV': [128, 5]}, {'CONV': [128, 3]}), ({'CONV': [256, 3]}, {'CONV': [256, 5]}, {'POOLMAX': [-1, 2]}), {'GLOBAL_AVG': None}, {'LAST_DENSE': [100, 'softmax']}]",HHSE,NSGA2,,,,,0.6967132221687282,,,,4235817984,7730852,,,,,,"[31, 16, 56, 55, 26, 53, 26, 53]",0.7080581691654055,-0.0002160628881554,0.375,0.625,1.0,0.0,0.01,0,0,0,100,0,0.0,BEST,False,False,283,True,True,GREEDY,,,GREEDY_HV
BHDCCD[M],27,28,13,1,0.13,True,True,"[38, 31, 60, 60, 30, 41, 44, 55]",[],"[38.38335949530468, 31.654689861416056, 60.92406459127351, 60.503728414688666, 30.249526705634054, 41.0276040774206, 44.348446366339644, 55.32704071120545]","[{'INP': 32}, {'CONV': [64, 3]}, ({'CONV': [128, 3]}, {'CONV': [256, 3]}), ({'CONV': [64, 5]}, {'CONV': [256, 5]}, {'POOLMAX': [-1, 2]}), ({'CONV': [256, 5]}, {'CONV': [128, 3]}), ({'CONV': [256, 5]}, {'CONV': [128, 3]}, {'POOLMAX': [-1, 2]}), ({'CONV': [64, 5]}, {'CONV': [256, 3]}), ({'CONV': [128, 5]}, {'CONV': [32, 5]}, {'POOLMAX': [-1, 2]}), ({'CONV': [128, 5]}, {'CONV': [128, 3]}), ({'CONV': [256, 3]}, {'CONV': [256, 5]}, {'POOLMAX': [-1, 2]}), {'GLOBAL_AVG': None}, {'LAST_DENSE': [100, 'softmax']}]",HHSE,NSGA2,,,,,0.6967132221687282,,,,4235817984,7730852,,,,,,"[31, 16, 56, 55, 26, 53, 26, 53]",0.7104224625482598,0.0009892807228899,0.375,0.625,1.0,0.0,0.01,0,1,0,100,0,0.01,BEST,False,False,283,True,True,GREEDY,,,GREEDY_HV
BHDCCD[M],27,28,14,1,0.14,True,True,"[38, 31, 60, 60, 30, 41, 44, 55]",[],"[38.38335949530468, 31.654689861416056, 60.92406459127351, 60.503728414688666, 30.249526705634054, 41.0276040774206, 44.348446366339644, 55.32704071120545]","[{'INP': 32}, {'CONV': [64, 3]}, ({'CONV': [128, 3]}, {'CONV': [256, 3]}), ({'CONV': [64, 5]}, {'CONV': [256, 5]}, {'POOLMAX': [-1, 2]}), ({'CONV': [256, 5]}, {'CONV': [128, 3]}), ({'CONV': [256, 5]}, {'CONV': [128, 3]}, {'POOLMAX': [-1, 2]}), ({'CONV': [64, 5]}, {'CONV': [256, 3]}), ({'CONV': [128, 5]}, {'CONV': [32, 5]}, {'POOLMAX': [-1, 2]}), ({'CONV': [128, 5]}, {'CONV': [128, 3]}), ({'CONV': [256, 3]}, {'CONV': [256, 5]}, {'POOLMAX': [-1, 2]}), {'GLOBAL_AVG': None}, {'LAST_DENSE': [100, 'softmax']}]",HHSE,NSGA2,,,,,0.6967132221687282,,,,4235817984,7730852,,,,,,"[31, 16, 56, 55, 26, 53, 26, 53]",0.7169928623683324,0.0041336416718493,0.375,0.625,1.0,0.0,0.01,0,0,0,100,0,0.0,BEST,False,False,283,True,True,GREEDY,,,GREEDY_HV
BHDCCD[M],27,28,15,1,0.15,True,True,"[38, 31, 60, 60, 30, 41, 44, 55]",[],"[38.38335949530468, 31.654689861416056, 60.92406459127351, 60.503728414688666, 30.249526705634054, 41.0276040774206, 44.348446366339644, 55.32704071120545]","[{'INP': 32}, {'CONV': [64, 3]}, ({'CONV': [128, 3]}, {'CONV': [256, 3]}), ({'CONV': [64, 5]}, {'CONV': [256, 5]}, {'POOLMAX': [-1, 2]}), ({'CONV': [256, 5]}, {'CONV': [128, 3]}), ({'CONV': [256, 5]}, {'CONV': [128, 3]}, {'POOLMAX': [-1, 2]}), ({'CONV': [64, 5]}, {'CONV': [256, 3]}), ({'CONV': [128, 5]}, {'CONV': [32, 5]}, {'POOLMAX': [-1, 2]}), ({'CONV': [128, 5]}, {'CONV': [128, 3]}), ({'CONV': [256, 3]}, {'CONV': [256, 5]}, {'POOLMAX': [-1, 2]}), {'GLOBAL_AVG': None}, {'LAST_DENSE': [100, 'softmax']}]",HHSE,NSGA2,,,,,0.6967132221687282,,,,4235817984,7730852,,,,,,"[31, 16, 56, 55, 26, 53, 26, 53]",0.7112053806672038,-0.0006859732306215,0.375,0.625,1.0,0.0,0.01,0,0,0,100,0,0.0,BEST,False,False,283,True,True,GREEDY,,,GREEDY_HV
BHDCCD[M],27,28,16,1,0.16,True,True,"[38, 31, 60, 60, 30, 41, 44, 55]",[],"[38.38335949530468, 31.654689861416056, 60.92406459127351, 60.503728414688666, 30.249526705634054, 41.0276040774206, 44.348446366339644, 55.32704071120545]","[{'INP': 32}, {'CONV': [64, 3]}, ({'CONV': [128, 3]}, {'CONV': [256, 3]}), ({'CONV': [64, 5]}, {'CONV': [256, 5]}, {'POOLMAX': [-1, 2]}), ({'CONV': [256, 5]}, {'CONV': [128, 3]}), ({'CONV': [256, 5]}, {'CONV': [128, 3]}, {'POOLMAX': [-1, 2]}), ({'CONV': [64, 5]}, {'CONV': [256, 3]}), ({'CONV': [128, 5]}, {'CONV': [32, 5]}, {'POOLMAX': [-1, 2]}), ({'CONV': [128, 5]}, {'CONV': [128, 3]}), ({'CONV': [256, 3]}, {'CONV': [256, 5]}, {'POOLMAX': [-1, 2]}), {'GLOBAL_AVG': None}, {'LAST_DENSE': [100, 'softmax']}]",HHSE,NSGA2,,,,,0.6967132221687282,,,,4235817984,7730852,,,,,,"[31, 16, 56, 55, 26, 53, 26, 53]",0.7114758401802432,-0.0037229295775009,0.375,0.625,1.0,0.0,0.01,0,0,0,100,0,0.0,BEST,False,False,283,True,True,GREEDY,,,GREEDY_HV
BHDCCD[M],27,28,17,1,0.17,True,True,"[38, 31, 60, 60, 30, 41, 44, 55]",[],"[38.38335949530468, 31.654689861416056, 60.92406459127351, 60.503728414688666, 30.249526705634054, 41.0276040774206, 44.348446366339644, 55.32704071120545]","[{'INP': 32}, {'CONV': [64, 3]}, ({'CONV': [128, 3]}, {'CONV': [256, 3]}), ({'CONV': [64, 5]}, {'CONV': [256, 5]}, {'POOLMAX': [-1, 2]}), ({'CONV': [256, 5]}, {'CONV': [128, 3]}), ({'CONV': [256, 5]}, {'CONV': [128, 3]}, {'POOLMAX': [-1, 2]}), ({'CONV': [64, 5]}, {'CONV': [256, 3]}), ({'CONV': [128, 5]}, {'CONV': [32, 5]}, {'POOLMAX': [-1, 2]}), ({'CONV': [128, 5]}, {'CONV': [128, 3]}), ({'CONV': [256, 3]}, {'CONV': [256, 5]}, {'POOLMAX': [-1, 2]}), {'GLOBAL_AVG': None}, {'LAST_DENSE': [100, 'softmax']}]",HHSE,NSGA2,,,,,0.6967132221687282,,,,4235817984,7730852,,,,,,"[31, 16, 56, 55, 26, 53, 26, 53]",0.7114895107958547,-0.0007019479535025,0.375,0.625,1.0,0.0,0.01,0,0,0,100,0,0.0,BEST,False,False,283,True,True,GREEDY,,,GREEDY_HV
BHDCCD[M],27,28,18,1,0.18,True,True,"[38, 31, 60, 60, 30, 41, 44, 55]",[],"[38.38335949530468, 31.654689861416056, 60.92406459127351, 60.503728414688666, 30.249526705634054, 41.0276040774206, 44.348446366339644, 55.32704071120545]","[{'INP': 32}, {'CONV': [64, 3]}, ({'CONV': [128, 3]}, {'CONV': [256, 3]}), ({'CONV': [64, 5]}, {'CONV': [256, 5]}, {'POOLMAX': [-1, 2]}), ({'CONV': [256, 5]}, {'CONV': [128, 3]}), ({'CONV': [256, 5]}, {'CONV': [128, 3]}, {'POOLMAX': [-1, 2]}), ({'CONV': [64, 5]}, {'CONV': [256, 3]}), ({'CONV': [128, 5]}, {'CONV': [32, 5]}, {'POOLMAX': [-1, 2]}), ({'CONV': [128, 5]}, {'CONV': [128, 3]}), ({'CONV': [256, 3]}, {'CONV': [256, 5]}, {'POOLMAX': [-1, 2]}), {'GLOBAL_AVG': None}, {'LAST_DENSE': [100, 'softmax']}]",HHSE,NSGA2,,,,,0.6967132221687282,,,,4235817984,7730852,,,,,,"[31, 16, 56, 55, 26, 53, 26, 53]",0.7115495268302487,-0.00118800648533,0.375,0.625,1.0,0.0,0.01,0,1,0,100,0,0.01,BEST,False,False,283,True,True,GREEDY,,,GREEDY_HV
BHDCCD[M],27,28,19,1,0.19,True,True,"[38, 31, 60, 60, 30, 41, 44, 55]",[],"[38.38335949530468, 31.654689861416056, 60.92406459127351, 60.503728414688666, 30.249526705634054, 41.0276040774206, 44.348446366339644, 55.32704071120545]","[{'INP': 32}, {'CONV': [64, 3]}, ({'CONV': [128, 3]}, {'CONV': [256, 3]}), ({'CONV': [64, 5]}, {'CONV': [256, 5]}, {'POOLMAX': [-1, 2]}), ({'CONV': [256, 5]}, {'CONV': [128, 3]}), ({'CONV': [256, 5]}, {'CONV': [128, 3]}, {'POOLMAX': [-1, 2]}), ({'CONV': [64, 5]}, {'CONV': [256, 3]}), ({'CONV': [128, 5]}, {'CONV': [32, 5]}, {'POOLMAX': [-1, 2]}), ({'CONV': [128, 5]}, {'CONV': [128, 3]}), ({'CONV': [256, 3]}, {'CONV': [256, 5]}, {'POOLMAX': [-1, 2]}), {'GLOBAL_AVG': None}, {'LAST_DENSE': [100, 'softmax']}]",HHSE,NSGA2,,,,,0.6967132221687282,,,,4235817984,7730852,,,,,,"[31, 16, 56, 55, 26, 53, 26, 53]",0.7115779894527927,-0.0010323591010794,0.375,0.625,1.0,0.0,0.01,0,0,0,100,0,0.0,BEST,False,False,283,True,True,GREEDY,,,GREEDY_HV
BHDCCD[M],27,28,20,1,0.2,True,True,"[38, 31, 60, 60, 30, 41, 44, 55]",[],"[38.38335949530468, 31.654689861416056, 60.92406459127351, 60.503728414688666, 30.249526705634054, 41.0276040774206, 44.348446366339644, 55.32704071120545]","[{'INP': 32}, {'CONV': [64, 3]}, ({'CONV': [128, 3]}, {'CONV': [256, 3]}), ({'CONV': [64, 5]}, {'CONV': [256, 5]}, {'POOLMAX': [-1, 2]}), ({'CONV': [256, 5]}, {'CONV': [128, 3]}), ({'CONV': [256, 5]}, {'CONV': [128, 3]}, {'POOLMAX': [-1, 2]}), ({'CONV': [64, 5]}, {'CONV': [256, 3]}), ({'CONV': [128, 5]}, {'CONV': [32, 5]}, {'POOLMAX': [-1, 2]}), ({'CONV': [128, 5]}, {'CONV': [128, 3]}), ({'CONV': [256, 3]}, {'CONV': [256, 5]}, {'POOLMAX': [-1, 2]}), {'GLOBAL_AVG': None}, {'LAST_DENSE': [100, 'softmax']}]",HHSE,NSGA2,,,,,0.6967132221687282,,,,4235817984,7730852,,,,,,"[31, 16, 56, 55, 26, 53, 26, 53]",0.7120167930630641,-0.0006660351217239,0.375,0.625,1.0,0.0,0.01,0,0,0,100,0,0.0,BEST,False,False,283,True,True,GREEDY,,,GREEDY_HV
BHDCCD[M],27,28,21,1,0.21,True,True,"[38, 31, 60, 60, 30, 41, 44, 55]",[],"[38.38335949530468, 31.654689861416056, 60.92406459127351, 60.503728414688666, 30.249526705634054, 41.0276040774206, 44.348446366339644, 55.32704071120545]","[{'INP': 32}, {'CONV': [64, 3]}, ({'CONV': [128, 3]}, {'CONV': [256, 3]}), ({'CONV': [64, 5]}, {'CONV': [256, 5]}, {'POOLMAX': [-1, 2]}), ({'CONV': [256, 5]}, {'CONV': [128, 3]}), ({'CONV': [256, 5]}, {'CONV': [128, 3]}, {'POOLMAX': [-1, 2]}), ({'CONV': [64, 5]}, {'CONV': [256, 3]}), ({'CONV': [128, 5]}, {'CONV': [32, 5]}, {'POOLMAX': [-1, 2]}), ({'CONV': [128, 5]}, {'CONV': [128, 3]}), ({'CONV': [256, 3]}, {'CONV': [256, 5]}, {'POOLMAX': [-1, 2]}), {'GLOBAL_AVG': None}, {'LAST_DENSE': [100, 'softmax']}]",HHSE,NSGA2,,,,,0.6967132221687282,,,,4235817984,7730852,,,,,,"[31, 16, 56, 55, 26, 53, 26, 53]",0.7120171189035026,-0.0005837326144492,0.375,0.625,1.0,0.0,0.01,0,0,0,100,0,0.0,BEST,False,False,283,True,True,GREEDY,,,GREEDY_HV
BHDCCD[M],27,28,22,1,0.22,True,True,"[38, 31, 60, 60, 30, 41, 44, 55]",[],"[38.38335949530468, 31.654689861416056, 60.92406459127351, 60.503728414688666, 30.249526705634054, 41.0276040774206, 44.348446366339644, 55.32704071120545]","[{'INP': 32}, {'CONV': [64, 3]}, ({'CONV': [128, 3]}, {'CONV': [256, 3]}), ({'CONV': [64, 5]}, {'CONV': [256, 5]}, {'POOLMAX': [-1, 2]}), ({'CONV': [256, 5]}, {'CONV': [128, 3]}), ({'CONV': [256, 5]}, {'CONV': [128, 3]}, {'POOLMAX': [-1, 2]}), ({'CONV': [64, 5]}, {'CONV': [256, 3]}), ({'CONV': [128, 5]}, {'CONV': [32, 5]}, {'POOLMAX': [-1, 2]}), ({'CONV': [128, 5]}, {'CONV': [128, 3]}), ({'CONV': [256, 3]}, {'CONV': [256, 5]}, {'POOLMAX': [-1, 2]}), {'GLOBAL_AVG': None}, {'LAST_DENSE': [100, 'softmax']}]",HHSE,NSGA2,,,,,0.6967132221687282,,,,4235817984,7730852,,,,,,"[31, 16, 56, 55, 26, 53, 26, 53]",0.7120432252901618,-0.001070488578581,0.375,0.625,1.0,0.0,0.01,0,0,0,100,0,0.0,BEST,False,False,283,True,True,GREEDY,,,GREEDY_HV
BHDCCD[M],27,28,23,1,0.23,True,True,"[38, 31, 60, 60, 30, 41, 44, 55]",[],"[38.38335949530468, 31.654689861416056, 60.92406459127351, 60.503728414688666, 30.249526705634054, 41.0276040774206, 44.348446366339644, 55.32704071120545]","[{'INP': 32}, {'CONV': [64, 3]}, ({'CONV': [128, 3]}, {'CONV': [256, 3]}), ({'CONV': [64, 5]}, {'CONV': [256, 5]}, {'POOLMAX': [-1, 2]}), ({'CONV': [256, 5]}, {'CONV': [128, 3]}), ({'CONV': [256, 5]}, {'CONV': [128, 3]}, {'POOLMAX': [-1, 2]}), ({'CONV': [64, 5]}, {'CONV': [256, 3]}), ({'CONV': [128, 5]}, {'CONV': [32, 5]}, {'POOLMAX': [-1, 2]}), ({'CONV': [128, 5]}, {'CONV': [128, 3]}), ({'CONV': [256, 3]}, {'CONV': [256, 5]}, {'POOLMAX': [-1, 2]}), {'GLOBAL_AVG': None}, {'LAST_DENSE': [100, 'softmax']}]",HHSE,NSGA2,,,,,0.6967132221687282,,,,4235817984,7730852,,,,,,"[31, 16, 56, 55, 26, 53, 26, 53]",0.7120712341720606,-0.0011021900615391,0.375,0.625,1.0,0.0,0.01,0,0,0,100,0,0.0,BEST,False,False,283,True,True,GREEDY,,,GREEDY_HV
BHDCCD[M],27,28,24,1,0.24,True,True,"[38, 31, 60, 60, 30, 41, 44, 55]",[],"[38.38335949530468, 31.654689861416056, 60.92406459127351, 60.503728414688666, 30.249526705634054, 41.0276040774206, 44.348446366339644, 55.32704071120545]","[{'INP': 32}, {'CONV': [64, 3]}, ({'CONV': [128, 3]}, {'CONV': [256, 3]}), ({'CONV': [64, 5]}, {'CONV': [256, 5]}, {'POOLMAX': [-1, 2]}), ({'CONV': [256, 5]}, {'CONV': [128, 3]}), ({'CONV': [256, 5]}, {'CONV': [128, 3]}, {'POOLMAX': [-1, 2]}), ({'CONV': [64, 5]}, {'CONV': [256, 3]}), ({'CONV': [128, 5]}, {'CONV': [32, 5]}, {'POOLMAX': [-1, 2]}), ({'CONV': [128, 5]}, {'CONV': [128, 3]}), ({'CONV': [256, 3]}, {'CONV': [256, 5]}, {'POOLMAX': [-1, 2]}), {'GLOBAL_AVG': None}, {'LAST_DENSE': [100, 'softmax']}]",HHSE,NSGA2,,,,,0.6967132221687282,,,,4235817984,7730852,,,,,,"[31, 16, 56, 55, 26, 53, 26, 53]",0.7120930099435442,-0.0005215992418436,0.375,0.625,1.0,0.0,0.01,0,0,0,100,0,0.0,BEST,False,False,283,True,True,GREEDY,,,GREEDY_HV
BHDCCD[M],27,28,25,1,0.25,True,True,"[38, 31, 60, 60, 30, 41, 44, 55]",[],"[38.38335949530468, 31.654689861416056, 60.92406459127351, 60.503728414688666, 30.249526705634054, 41.0276040774206, 44.348446366339644, 55.32704071120545]","[{'INP': 32}, {'CONV': [64, 3]}, ({'CONV': [128, 3]}, {'CONV': [256, 3]}), ({'CONV': [64, 5]}, {'CONV': [256, 5]}, {'POOLMAX': [-1, 2]}), ({'CONV': [256, 5]}, {'CONV': [128, 3]}), ({'CONV': [256, 5]}, {'CONV': [128, 3]}, {'POOLMAX': [-1, 2]}), ({'CONV': [64, 5]}, {'CONV': [256, 3]}), ({'CONV': [128, 5]}, {'CONV': [32, 5]}, {'POOLMAX': [-1, 2]}), ({'CONV': [128, 5]}, {'CONV': [128, 3]}), ({'CONV': [256, 3]}, {'CONV': [256, 5]}, {'POOLMAX': [-1, 2]}), {'GLOBAL_AVG': None}, {'LAST_DENSE': [100, 'softmax']}]",HHSE,NSGA2,,,,,0.6967132221687282,,,,4235817984,7730852,,,,,,"[31, 16, 56, 55, 26, 53, 26, 53]",0.7121342562084032,-0.0002650189284023,0.375,0.625,1.0,0.0,0.01,0,0,0,100,0,0.0,BEST,False,False,283,True,True,GREEDY,,,GREEDY_HV
BHDCCD[M],27,28,26,1,0.26,True,True,"[38, 31, 60, 60, 30, 41, 44, 55]",[],"[38.38335949530468, 31.654689861416056, 60.92406459127351, 60.503728414688666, 30.249526705634054, 41.0276040774206, 44.348446366339644, 55.32704071120545]","[{'INP': 32}, {'CONV': [64, 3]}, ({'CONV': [128, 3]}, {'CONV': [256, 3]}), ({'CONV': [64, 5]}, {'CONV': [256, 5]}, {'POOLMAX': [-1, 2]}), ({'CONV': [256, 5]}, {'CONV': [128, 3]}), ({'CONV': [256, 5]}, {'CONV': [128, 3]}, {'POOLMAX': [-1, 2]}), ({'CONV': [64, 5]}, {'CONV': [256, 3]}), ({'CONV': [128, 5]}, {'CONV': [32, 5]}, {'POOLMAX': [-1, 2]}), ({'CONV': [128, 5]}, {'CONV': [128, 3]}), ({'CONV': [256, 3]}, {'CONV': [256, 5]}, {'POOLMAX': [-1, 2]}), {'GLOBAL_AVG': None}, {'LAST_DENSE': [100, 'softmax']}]",HHSE,NSGA2,,,,,0.6967132221687282,,,,4235817984,7730852,,,,,,"[31, 16, 56, 55, 26, 53, 26, 53]",0.7124936349234157,-0.0002931754328014,0.375,0.625,1.0,0.0,0.01,0,0,0,100,0,0.0,BEST,False,False,283,True,True,GREEDY,,,GREEDY_HV
BHDCCD[M],27,28,27,1,0.27,True,True,"[38, 31, 60, 60, 30, 41, 44, 55]",[],"[38.38335949530468, 31.654689861416056, 60.92406459127351, 60.503728414688666, 30.249526705634054, 41.0276040774206, 44.348446366339644, 55.32704071120545]","[{'INP': 32}, {'CONV': [64, 3]}, ({'CONV': [128, 3]}, {'CONV': [256, 3]}), ({'CONV': [64, 5]}, {'CONV': [256, 5]}, {'POOLMAX': [-1, 2]}), ({'CONV': [256, 5]}, {'CONV': [128, 3]}), ({'CONV': [256, 5]}, {'CONV': [128, 3]}, {'POOLMAX': [-1, 2]}), ({'CONV': [64, 5]}, {'CONV': [256, 3]}), ({'CONV': [128, 5]}, {'CONV': [32, 5]}, {'POOLMAX': [-1, 2]}), ({'CONV': [128, 5]}, {'CONV': [128, 3]}), ({'CONV': [256, 3]}, {'CONV': [256, 5]}, {'POOLMAX': [-1, 2]}), {'GLOBAL_AVG': None}, {'LAST_DENSE': [100, 'softmax']}]",HHSE,NSGA2,,,,,0.6967132221687282,,,,4235817984,7730852,,,,,,"[31, 16, 56, 55, 26, 53, 26, 53]",0.712493182103963,-0.0008964751262017,0.375,0.625,1.0,0.0,0.01,0,0,0,100,0,0.0,BEST,False,False,283,True,True,GREEDY,,,GREEDY_HV
BHDCCD[M],27,28,28,1,0.28,True,True,"[38, 31, 60, 60, 30, 41, 44, 55]",[],"[38.38335949530468, 31.654689861416056, 60.92406459127351, 60.503728414688666, 30.249526705634054, 41.0276040774206, 44.348446366339644, 55.32704071120545]","[{'INP': 32}, {'CONV': [64, 3]}, ({'CONV': [128, 3]}, {'CONV': [256, 3]}), ({'CONV': [64, 5]}, {'CONV': [256, 5]}, {'POOLMAX': [-1, 2]}), ({'CONV': [256, 5]}, {'CONV': [128, 3]}), ({'CONV': [256, 5]}, {'CONV': [128, 3]}, {'POOLMAX': [-1, 2]}), ({'CONV': [64, 5]}, {'CONV': [256, 3]}), ({'CONV': [128, 5]}, {'CONV': [32, 5]}, {'POOLMAX': [-1, 2]}), ({'CONV': [128, 5]}, {'CONV': [128, 3]}), ({'CONV': [256, 3]}, {'CONV': [256, 5]}, {'POOLMAX': [-1, 2]}), {'GLOBAL_AVG': None}, {'LAST_DENSE': [100, 'softmax']}]",HHSE,NSGA2,,,,,0.6967132221687282,,,,4235817984,7730852,,,,,,"[31, 16, 56, 55, 26, 53, 26, 53]",0.7130423600227045,-0.0002853557556653,0.375,0.625,1.0,0.0,0.01,0,0,0,100,0,0.0,BEST,False,False,283,True,True,GREEDY,,,GREEDY_HV
BHDCCD[M],27,28,29,1,0.29,True,True,"[38, 31, 60, 60, 30, 41, 44, 55]",[],"[38.38335949530468, 31.654689861416056, 60.92406459127351, 60.503728414688666, 30.249526705634054, 41.0276040774206, 44.348446366339644, 55.32704071120545]","[{'INP': 32}, {'CONV': [64, 3]}, ({'CONV': [128, 3]}, {'CONV': [256, 3]}), ({'CONV': [64, 5]}, {'CONV': [256, 5]}, {'POOLMAX': [-1, 2]}), ({'CONV': [256, 5]}, {'CONV': [128, 3]}), ({'CONV': [256, 5]}, {'CONV': [128, 3]}, {'POOLMAX': [-1, 2]}), ({'CONV': [64, 5]}, {'CONV': [256, 3]}), ({'CONV': [128, 5]}, {'CONV': [32, 5]}, {'POOLMAX': [-1, 2]}), ({'CONV': [128, 5]}, {'CONV': [128, 3]}), ({'CONV': [256, 3]}, {'CONV': [256, 5]}, {'POOLMAX': [-1, 2]}), {'GLOBAL_AVG': None}, {'LAST_DENSE': [100, 'softmax']}]",HHSE,NSGA2,,,,,0.6967132221687282,,,,4235817984,7730852,,,,,,"[31, 16, 56, 55, 26, 53, 26, 53]",0.7131148231677469,-0.0005814541104318,0.375,0.625,1.0,0.0,0.01,0,0,0,100,0,0.0,BEST,False,False,283,True,True,GREEDY,,,GREEDY_HV
BHDCCD[M],27,28,30,1,0.3,True,True,"[38, 31, 60, 60, 30, 41, 44, 55]",[],"[38.38335949530468, 31.654689861416056, 60.92406459127351, 60.503728414688666, 30.249526705634054, 41.0276040774206, 44.348446366339644, 55.32704071120545]","[{'INP': 32}, {'CONV': [64, 3]}, ({'CONV': [128, 3]}, {'CONV': [256, 3]}), ({'CONV': [64, 5]}, {'CONV': [256, 5]}, {'POOLMAX': [-1, 2]}), ({'CONV': [256, 5]}, {'CONV': [128, 3]}), ({'CONV': [256, 5]}, {'CONV': [128, 3]}, {'POOLMAX': [-1, 2]}), ({'CONV': [64, 5]}, {'CONV': [256, 3]}), ({'CONV': [128, 5]}, {'CONV': [32, 5]}, {'POOLMAX': [-1, 2]}), ({'CONV': [128, 5]}, {'CONV': [128, 3]}), ({'CONV': [256, 3]}, {'CONV': [256, 5]}, {'POOLMAX': [-1, 2]}), {'GLOBAL_AVG': None}, {'LAST_DENSE': [100, 'softmax']}]",HHSE,NSGA2,,,,,0.6967132221687282,,,,4235817984,7730852,,,,,,"[31, 16, 56, 55, 26, 53, 26, 53]",0.7132775970496399,-0.0001927940085141,0.375,0.625,1.0,0.0,0.01,0,0,0,100,0,0.0,BEST,False,False,283,True,True,GREEDY,,,GREEDY_HV
BHDCCD[M],27,28,31,1,0.31,True,True,"[38, 31, 60, 60, 30, 41, 44, 55]",[],"[38.38335949530468, 31.654689861416056, 60.92406459127351, 60.503728414688666, 30.249526705634054, 41.0276040774206, 44.348446366339644, 55.32704071120545]","[{'INP': 32}, {'CONV': [64, 3]}, ({'CONV': [128, 3]}, {'CONV': [256, 3]}), ({'CONV': [64, 5]}, {'CONV': [256, 5]}, {'POOLMAX': [-1, 2]}), ({'CONV': [256, 5]}, {'CONV': [128, 3]}), ({'CONV': [256, 5]}, {'CONV': [128, 3]}, {'POOLMAX': [-1, 2]}), ({'CONV': [64, 5]}, {'CONV': [256, 3]}), ({'CONV': [128, 5]}, {'CONV': [32, 5]}, {'POOLMAX': [-1, 2]}), ({'CONV': [128, 5]}, {'CONV': [128, 3]}), ({'CONV': [256, 3]}, {'CONV': [256, 5]}, {'POOLMAX': [-1, 2]}), {'GLOBAL_AVG': None}, {'LAST_DENSE': [100, 'softmax']}]",HHSE,NSGA2,,,,,0.6967132221687282,,,,4235817984,7730852,,,,,,"[31, 16, 56, 55, 26, 53, 26, 53]",0.7133445475246937,-0.0014544421549452,0.375,0.625,1.0,0.0,0.01,0,0,0,100,0,0.0,BEST,False,False,283,True,True,GREEDY,,,GREEDY_HV
BHDCCD[M],27,28,32,1,0.32,True,True,"[38, 31, 60, 60, 30, 41, 44, 55]",[],"[38.38335949530468, 31.654689861416056, 60.92406459127351, 60.503728414688666, 30.249526705634054, 41.0276040774206, 44.348446366339644, 55.32704071120545]","[{'INP': 32}, {'CONV': [64, 3]}, ({'CONV': [128, 3]}, {'CONV': [256, 3]}), ({'CONV': [64, 5]}, {'CONV': [256, 5]}, {'POOLMAX': [-1, 2]}), ({'CONV': [256, 5]}, {'CONV': [128, 3]}), ({'CONV': [256, 5]}, {'CONV': [128, 3]}, {'POOLMAX': [-1, 2]}), ({'CONV': [64, 5]}, {'CONV': [256, 3]}), ({'CONV': [128, 5]}, {'CONV': [32, 5]}, {'POOLMAX': [-1, 2]}), ({'CONV': [128, 5]}, {'CONV': [128, 3]}), ({'CONV': [256, 3]}, {'CONV': [256, 5]}, {'POOLMAX': [-1, 2]}), {'GLOBAL_AVG': None}, {'LAST_DENSE': [100, 'softmax']}]",HHSE,NSGA2,,,,,0.6967132221687282,,,,4235817984,7730852,,,,,,"[31, 16, 56, 55, 26, 53, 26, 53]",0.713293994201377,-0.0006337411483291,0.375,0.625,1.0,0.0,0.01,0,0,0,100,0,0.0,BEST,False,False,283,True,True,GREEDY,,,GREEDY_HV
BHDCCD[M],27,28,33,1,0.33,True,True,"[38, 31, 60, 60, 30, 41, 44, 55]",[],"[38.38335949530468, 31.654689861416056, 60.92406459127351, 60.503728414688666, 30.249526705634054, 41.0276040774206, 44.348446366339644, 55.32704071120545]","[{'INP': 32}, {'CONV': [64, 3]}, ({'CONV': [128, 3]}, {'CONV': [256, 3]}), ({'CONV': [64, 5]}, {'CONV': [256, 5]}, {'POOLMAX': [-1, 2]}), ({'CONV': [256, 5]}, {'CONV': [128, 3]}), ({'CONV': [256, 5]}, {'CONV': [128, 3]}, {'POOLMAX': [-1, 2]}), ({'CONV': [64, 5]}, {'CONV': [256, 3]}), ({'CONV': [128, 5]}, {'CONV': [32, 5]}, {'POOLMAX': [-1, 2]}), ({'CONV': [128, 5]}, {'CONV': [128, 3]}), ({'CONV': [256, 3]}, {'CONV': [256, 5]}, {'POOLMAX': [-1, 2]}), {'GLOBAL_AVG': None}, {'LAST_DENSE': [100, 'softmax']}]",HHSE,NSGA2,,,,,0.6967132221687282,,,,4235817984,7730852,,,,,,"[31, 16, 56, 55, 26, 53, 26, 53]",0.713417850353235,-0.0026636424551002,0.375,0.625,1.0,0.0,0.01,0,0,0,100,0,0.0,BEST,False,False,283,True,True,GREEDY,,,GREEDY_HV
BHDCCD[M],27,28,34,1,0.34,True,True,"[38, 31, 60, 60, 30, 41, 44, 55]",[],"[38.38335949530468, 31.654689861416056, 60.92406459127351, 60.503728414688666, 30.249526705634054, 41.0276040774206, 44.348446366339644, 55.32704071120545]","[{'INP': 32}, {'CONV': [64, 3]}, ({'CONV': [128, 3]}, {'CONV': [256, 3]}), ({'CONV': [64, 5]}, {'CONV': [256, 5]}, {'POOLMAX': [-1, 2]}), ({'CONV': [256, 5]}, {'CONV': [128, 3]}), ({'CONV': [256, 5]}, {'CONV': [128, 3]}, {'POOLMAX': [-1, 2]}), ({'CONV': [64, 5]}, {'CONV': [256, 3]}), ({'CONV': [128, 5]}, {'CONV': [32, 5]}, {'POOLMAX': [-1, 2]}), ({'CONV': [128, 5]}, {'CONV': [128, 3]}), ({'CONV': [256, 3]}, {'CONV': [256, 5]}, {'POOLMAX': [-1, 2]}), {'GLOBAL_AVG': None}, {'LAST_DENSE': [100, 'softmax']}]",HHSE,NSGA2,,,,,0.6967132221687282,,,,4235817984,7730852,,,,,,"[31, 16, 56, 55, 26, 53, 26, 53]",0.7134816421242411,-0.0003462013492392,0.375,0.625,1.0,0.0,0.01,0,2,0,100,0,0.02,BEST,False,False,283,True,True,GREEDY,,,GREEDY_HV
BHDCCD[M],27,28,35,1,0.35,True,True,"[38, 31, 60, 60, 30, 41, 44, 55]",[],"[38.38335949530468, 31.654689861416056, 60.92406459127351, 60.503728414688666, 30.249526705634054, 41.0276040774206, 44.348446366339644, 55.32704071120545]","[{'INP': 32}, {'CONV': [64, 3]}, ({'CONV': [128, 3]}, {'CONV': [256, 3]}), ({'CONV': [64, 5]}, {'CONV': [256, 5]}, {'POOLMAX': [-1, 2]}), ({'CONV': [256, 5]}, {'CONV': [128, 3]}), ({'CONV': [256, 5]}, {'CONV': [128, 3]}, {'POOLMAX': [-1, 2]}), ({'CONV': [64, 5]}, {'CONV': [256, 3]}), ({'CONV': [128, 5]}, {'CONV': [32, 5]}, {'POOLMAX': [-1, 2]}), ({'CONV': [128, 5]}, {'CONV': [128, 3]}), ({'CONV': [256, 3]}, {'CONV': [256, 5]}, {'POOLMAX': [-1, 2]}), {'GLOBAL_AVG': None}, {'LAST_DENSE': [100, 'softmax']}]",HHSE,NSGA2,,,,,0.6967132221687282,,,,4235817984,7730852,,,,,,"[31, 16, 56, 55, 26, 53, 26, 53]",0.7134373122060519,-0.0045068047925379,0.375,0.625,1.0,0.0,0.01,0,0,0,100,0,0.0,BEST,False,False,283,True,True,GREEDY,,,GREEDY_HV
BHDCCD[M],27,28,36,1,0.36,True,True,"[38, 31, 60, 60, 30, 41, 44, 55]",[],"[38.38335949530468, 31.654689861416056, 60.92406459127351, 60.503728414688666, 30.249526705634054, 41.0276040774206, 44.348446366339644, 55.32704071120545]","[{'INP': 32}, {'CONV': [64, 3]}, ({'CONV': [128, 3]}, {'CONV': [256, 3]}), ({'CONV': [64, 5]}, {'CONV': [256, 5]}, {'POOLMAX': [-1, 2]}), ({'CONV': [256, 5]}, {'CONV': [128, 3]}), ({'CONV': [256, 5]}, {'CONV': [128, 3]}, {'POOLMAX': [-1, 2]}), ({'CONV': [64, 5]}, {'CONV': [256, 3]}), ({'CONV': [128, 5]}, {'CONV': [32, 5]}, {'POOLMAX': [-1, 2]}), ({'CONV': [128, 5]}, {'CONV': [128, 3]}), ({'CONV': [256, 3]}, {'CONV': [256, 5]}, {'POOLMAX': [-1, 2]}), {'GLOBAL_AVG': None}, {'LAST_DENSE': [100, 'softmax']}]",HHSE,NSGA2,,,,,0.6967132221687282,,,,4235817984,7730852,,,,,,"[31, 16, 56, 55, 26, 53, 26, 53]",0.7134472402296516,-0.0014066352966967,0.375,0.625,1.0,0.0,0.01,0,0,0,100,0,0.0,BEST,False,False,283,True,True,GREEDY,,,GREEDY_HV
BHDCCD[M],27,28,37,1,0.37,True,True,"[38, 31, 60, 60, 30, 41, 44, 55]",[],"[38.38335949530468, 31.654689861416056, 60.92406459127351, 60.503728414688666, 30.249526705634054, 41.0276040774206, 44.348446366339644, 55.32704071120545]","[{'INP': 32}, {'CONV': [64, 3]}, ({'CONV': [128, 3]}, {'CONV': [256, 3]}), ({'CONV': [64, 5]}, {'CONV': [256, 5]}, {'POOLMAX': [-1, 2]}), ({'CONV': [256, 5]}, {'CONV': [128, 3]}), ({'CONV': [256, 5]}, {'CONV': [128, 3]}, {'POOLMAX': [-1, 2]}), ({'CONV': [64, 5]}, {'CONV': [256, 3]}), ({'CONV': [128, 5]}, {'CONV': [32, 5]}, {'POOLMAX': [-1, 2]}), ({'CONV': [128, 5]}, {'CONV': [128, 3]}), ({'CONV': [256, 3]}, {'CONV': [256, 5]}, {'POOLMAX': [-1, 2]}), {'GLOBAL_AVG': None}, {'LAST_DENSE': [100, 'softmax']}]",HHSE,NSGA2,,,,,0.6967132221687282,,,,4235817984,7730852,,,,,,"[31, 16, 56, 55, 26, 53, 26, 53]",0.7135980335992963,-0.0007599573902125,0.375,0.625,1.0,0.0,0.01,0,0,0,100,0,0.0,BEST,False,False,283,True,True,GREEDY,,,GREEDY_HV
BHDCCD[M],27,28,38,1,0.38,True,True,"[38, 31, 60, 60, 30, 41, 44, 55]",[],"[38.38335949530468, 31.654689861416056, 60.92406459127351, 60.503728414688666, 30.249526705634054, 41.0276040774206, 44.348446366339644, 55.32704071120545]","[{'INP': 32}, {'CONV': [64, 3]}, ({'CONV': [128, 3]}, {'CONV': [256, 3]}), ({'CONV': [64, 5]}, {'CONV': [256, 5]}, {'POOLMAX': [-1, 2]}), ({'CONV': [256, 5]}, {'CONV': [128, 3]}), ({'CONV': [256, 5]}, {'CONV': [128, 3]}, {'POOLMAX': [-1, 2]}), ({'CONV': [64, 5]}, {'CONV': [256, 3]}), ({'CONV': [128, 5]}, {'CONV': [32, 5]}, {'POOLMAX': [-1, 2]}), ({'CONV': [128, 5]}, {'CONV': [128, 3]}), ({'CONV': [256, 3]}, {'CONV': [256, 5]}, {'POOLMAX': [-1, 2]}), {'GLOBAL_AVG': None}, {'LAST_DENSE': [100, 'softmax']}]",HHSE,NSGA2,,,,,0.6967132221687282,,,,4235817984,7730852,,,,,,"[31, 16, 56, 55, 26, 53, 26, 53]",0.7138154320641253,-0.0004315032237022,0.375,0.625,1.0,0.0,0.01,0,1,0,100,0,0.01,BEST,False,False,283,True,True,GREEDY,,,GREEDY_HV
BHDCCD[M],27,28,39,1,0.39,True,True,"[38, 31, 60, 60, 30, 41, 44, 55]",[],"[38.38335949530468, 31.654689861416056, 60.92406459127351, 60.503728414688666, 30.249526705634054, 41.0276040774206, 44.348446366339644, 55.32704071120545]","[{'INP': 32}, {'CONV': [64, 3]}, ({'CONV': [128, 3]}, {'CONV': [256, 3]}), ({'CONV': [64, 5]}, {'CONV': [256, 5]}, {'POOLMAX': [-1, 2]}), ({'CONV': [256, 5]}, {'CONV': [128, 3]}), ({'CONV': [256, 5]}, {'CONV': [128, 3]}, {'POOLMAX': [-1, 2]}), ({'CONV': [64, 5]}, {'CONV': [256, 3]}), ({'CONV': [128, 5]}, {'CONV': [32, 5]}, {'POOLMAX': [-1, 2]}), ({'CONV': [128, 5]}, {'CONV': [128, 3]}), ({'CONV': [256, 3]}, {'CONV': [256, 5]}, {'POOLMAX': [-1, 2]}), {'GLOBAL_AVG': None}, {'LAST_DENSE': [100, 'softmax']}]",HHSE,NSGA2,,,,,0.6967132221687282,,,,4235817984,7730852,,,,,,"[31, 16, 56, 55, 26, 53, 26, 53]",0.7136722367809131,-0.0008436615544852,0.375,0.625,1.0,0.0,0.01,0,0,0,100,0,0.0,BEST,False,False,283,True,True,GREEDY,,,GREEDY_HV
BHDCCD[M],27,28,40,1,0.4,True,True,"[38, 31, 60, 60, 30, 41, 44, 55]",[],"[38.38335949530468, 31.654689861416056, 60.92406459127351, 60.503728414688666, 30.249526705634054, 41.0276040774206, 44.348446366339644, 55.32704071120545]","[{'INP': 32}, {'CONV': [64, 3]}, ({'CONV': [128, 3]}, {'CONV': [256, 3]}), ({'CONV': [64, 5]}, {'CONV': [256, 5]}, {'POOLMAX': [-1, 2]}), ({'CONV': [256, 5]}, {'CONV': [128, 3]}), ({'CONV': [256, 5]}, {'CONV': [128, 3]}, {'POOLMAX': [-1, 2]}), ({'CONV': [64, 5]}, {'CONV': [256, 3]}), ({'CONV': [128, 5]}, {'CONV': [32, 5]}, {'POOLMAX': [-1, 2]}), ({'CONV': [128, 5]}, {'CONV': [128, 3]}), ({'CONV': [256, 3]}, {'CONV': [256, 5]}, {'POOLMAX': [-1, 2]}), {'GLOBAL_AVG': None}, {'LAST_DENSE': [100, 'softmax']}]",HHSE,NSGA2,,,,,0.6967132221687282,,,,4235817984,7730852,,,,,,"[31, 16, 56, 55, 26, 53, 26, 53]",0.713681941414959,-0.0021025864597811,0.375,0.625,1.0,0.0,0.01,0,0,0,100,0,0.0,BEST,False,False,283,True,True,GREEDY,,,GREEDY_HV
BHDCCD[M],27,28,41,1,0.41,True,True,"[38, 31, 60, 60, 30, 41, 44, 55]",[],"[38.38335949530468, 31.654689861416056, 60.92406459127351, 60.503728414688666, 30.249526705634054, 41.0276040774206, 44.348446366339644, 55.32704071120545]","[{'INP': 32}, {'CONV': [64, 3]}, ({'CONV': [128, 3]}, {'CONV': [256, 3]}), ({'CONV': [64, 5]}, {'CONV': [256, 5]}, {'POOLMAX': [-1, 2]}), ({'CONV': [256, 5]}, {'CONV': [128, 3]}), ({'CONV': [256, 5]}, {'CONV': [128, 3]}, {'POOLMAX': [-1, 2]}), ({'CONV': [64, 5]}, {'CONV': [256, 3]}), ({'CONV': [128, 5]}, {'CONV': [32, 5]}, {'POOLMAX': [-1, 2]}), ({'CONV': [128, 5]}, {'CONV': [128, 3]}), ({'CONV': [256, 3]}, {'CONV': [256, 5]}, {'POOLMAX': [-1, 2]}), {'GLOBAL_AVG': None}, {'LAST_DENSE': [100, 'softmax']}]",HHSE,NSGA2,,,,,0.6967132221687282,,,,4235817984,7730852,,,,,,"[31, 16, 56, 55, 26, 53, 26, 53]",0.7136938869590645,-0.0003180210542439,0.375,0.625,1.0,0.0,0.01,0,0,0,100,0,0.0,BEST,False,False,283,True,True,GREEDY,,,GREEDY_HV
BHDCCD[M],27,28,42,1,0.42,True,True,"[38, 31, 60, 60, 30, 41, 44, 55]",[],"[38.38335949530468, 31.654689861416056, 60.92406459127351, 60.503728414688666, 30.249526705634054, 41.0276040774206, 44.348446366339644, 55.32704071120545]","[{'INP': 32}, {'CONV': [64, 3]}, ({'CONV': [128, 3]}, {'CONV': [256, 3]}), ({'CONV': [64, 5]}, {'CONV': [256, 5]}, {'POOLMAX': [-1, 2]}), ({'CONV': [256, 5]}, {'CONV': [128, 3]}), ({'CONV': [256, 5]}, {'CONV': [128, 3]}, {'POOLMAX': [-1, 2]}), ({'CONV': [64, 5]}, {'CONV': [256, 3]}), ({'CONV': [128, 5]}, {'CONV': [32, 5]}, {'POOLMAX': [-1, 2]}), ({'CONV': [128, 5]}, {'CONV': [128, 3]}), ({'CONV': [256, 3]}, {'CONV': [256, 5]}, {'POOLMAX': [-1, 2]}), {'GLOBAL_AVG': None}, {'LAST_DENSE': [100, 'softmax']}]",HHSE,NSGA2,,,,,0.6967132221687282,,,,4235817984,7730852,,,,,,"[31, 16, 56, 55, 26, 53, 26, 53]",0.713734175595434,-0.0004453800287648,0.375,0.625,1.0,0.0,0.01,0,0,0,100,0,0.0,BEST,False,False,283,True,True,GREEDY,,,GREEDY_HV
BHDCCD[M],27,28,43,1,0.43,True,True,"[38, 31, 60, 60, 30, 41, 44, 55]",[],"[38.38335949530468, 31.654689861416056, 60.92406459127351, 60.503728414688666, 30.249526705634054, 41.0276040774206, 44.348446366339644, 55.32704071120545]","[{'INP': 32}, {'CONV': [64, 3]}, ({'CONV': [128, 3]}, {'CONV': [256, 3]}), ({'CONV': [64, 5]}, {'CONV': [256, 5]}, {'POOLMAX': [-1, 2]}), ({'CONV': [256, 5]}, {'CONV': [128, 3]}), ({'CONV': [256, 5]}, {'CONV': [128, 3]}, {'POOLMAX': [-1, 2]}), ({'CONV': [64, 5]}, {'CONV': [256, 3]}), ({'CONV': [128, 5]}, {'CONV': [32, 5]}, {'POOLMAX': [-1, 2]}), ({'CONV': [128, 5]}, {'CONV': [128, 3]}), ({'CONV': [256, 3]}, {'CONV': [256, 5]}, {'POOLMAX': [-1, 2]}), {'GLOBAL_AVG': None}, {'LAST_DENSE': [100, 'softmax']}]",HHSE,NSGA2,,,,,0.6967132221687282,,,,4235817984,7730852,,,,,,"[31, 16, 56, 55, 26, 53, 26, 53]",0.7137848129847856,-0.0028000107541654,0.375,0.625,1.0,0.0,0.01,0,0,0,100,0,0.0,BEST,False,False,283,True,True,GREEDY,,,GREEDY_HV
BHDCCD[M],27,28,44,1,0.44,True,True,"[38, 31, 60, 60, 30, 41, 44, 55]",[],"[38.38335949530468, 31.654689861416056, 60.92406459127351, 60.503728414688666, 30.249526705634054, 41.0276040774206, 44.348446366339644, 55.32704071120545]","[{'INP': 32}, {'CONV': [64, 3]}, ({'CONV': [128, 3]}, {'CONV': [256, 3]}), ({'CONV': [64, 5]}, {'CONV': [256, 5]}, {'POOLMAX': [-1, 2]}), ({'CONV': [256, 5]}, {'CONV': [128, 3]}), ({'CONV': [256, 5]}, {'CONV': [128, 3]}, {'POOLMAX': [-1, 2]}), ({'CONV': [64, 5]}, {'CONV': [256, 3]}), ({'CONV': [128, 5]}, {'CONV': [32, 5]}, {'POOLMAX': [-1, 2]}), ({'CONV': [128, 5]}, {'CONV': [128, 3]}), ({'CONV': [256, 3]}, {'CONV': [256, 5]}, {'POOLMAX': [-1, 2]}), {'GLOBAL_AVG': None}, {'LAST_DENSE': [100, 'softmax']}]",HHSE,NSGA2,,,,,0.6967132221687282,,,,4235817984,7730852,,,,,,"[31, 16, 56, 55, 26, 53, 26, 53]",0.7138527140528295,-0.0020403653313858,0.375,0.625,1.0,0.0,0.01,0,0,0,100,0,0.0,BEST,False,False,283,True,True,GREEDY,,,GREEDY_HV
BHDCCD[M],27,28,45,1,0.45,True,True,"[38, 31, 60, 60, 30, 41, 44, 55]",[],"[38.38335949530468, 31.654689861416056, 60.92406459127351, 60.503728414688666, 30.249526705634054, 41.0276040774206, 44.348446366339644, 55.32704071120545]","[{'INP': 32}, {'CONV': [64, 3]}, ({'CONV': [128, 3]}, {'CONV': [256, 3]}), ({'CONV': [64, 5]}, {'CONV': [256, 5]}, {'POOLMAX': [-1, 2]}), ({'CONV': [256, 5]}, {'CONV': [128, 3]}), ({'CONV': [256, 5]}, {'CONV': [128, 3]}, {'POOLMAX': [-1, 2]}), ({'CONV': [64, 5]}, {'CONV': [256, 3]}), ({'CONV': [128, 5]}, {'CONV': [32, 5]}, {'POOLMAX': [-1, 2]}), ({'CONV': [128, 5]}, {'CONV': [128, 3]}), ({'CONV': [256, 3]}, {'CONV': [256, 5]}, {'POOLMAX': [-1, 2]}), {'GLOBAL_AVG': None}, {'LAST_DENSE': [100, 'softmax']}]",HHSE,NSGA2,,,,,0.6967132221687282,,,,4235817984,7730852,,,,,,"[31, 16, 56, 55, 26, 53, 26, 53]",0.7145207839225018,-0.0033713924020746,0.375,0.625,1.0,0.0,0.01,0,0,0,100,0,0.0,BEST,False,False,283,True,True,GREEDY,,,GREEDY_HV
BHDCCD[M],27,28,46,1,0.46,True,True,"[38, 31, 60, 60, 30, 41, 44, 55]",[],"[38.38335949530468, 31.654689861416056, 60.92406459127351, 60.503728414688666, 30.249526705634054, 41.0276040774206, 44.348446366339644, 55.32704071120545]","[{'INP': 32}, {'CONV': [64, 3]}, ({'CONV': [128, 3]}, {'CONV': [256, 3]}), ({'CONV': [64, 5]}, {'CONV': [256, 5]}, {'POOLMAX': [-1, 2]}), ({'CONV': [256, 5]}, {'CONV': [128, 3]}), ({'CONV': [256, 5]}, {'CONV': [128, 3]}, {'POOLMAX': [-1, 2]}), ({'CONV': [64, 5]}, {'CONV': [256, 3]}), ({'CONV': [128, 5]}, {'CONV': [32, 5]}, {'POOLMAX': [-1, 2]}), ({'CONV': [128, 5]}, {'CONV': [128, 3]}), ({'CONV': [256, 3]}, {'CONV': [256, 5]}, {'POOLMAX': [-1, 2]}), {'GLOBAL_AVG': None}, {'LAST_DENSE': [100, 'softmax']}]",HHSE,NSGA2,,,,,0.6967132221687282,,,,4235817984,7730852,,,,,,"[31, 16, 56, 55, 26, 53, 26, 53]",0.7145306157802418,-0.0024220831871857,0.375,0.625,1.0,0.0,0.01,0,0,0,100,0,0.0,BEST,False,False,283,True,True,GREEDY,,,GREEDY_HV
BHDCCD[M],27,28,47,1,0.47,True,True,"[38, 31, 60, 60, 30, 41, 44, 55]",[],"[38.38335949530468, 31.654689861416056, 60.92406459127351, 60.503728414688666, 30.249526705634054, 41.0276040774206, 44.348446366339644, 55.32704071120545]","[{'INP': 32}, {'CONV': [64, 3]}, ({'CONV': [128, 3]}, {'CONV': [256, 3]}), ({'CONV': [64, 5]}, {'CONV': [256, 5]}, {'POOLMAX': [-1, 2]}), ({'CONV': [256, 5]}, {'CONV': [128, 3]}), ({'CONV': [256, 5]}, {'CONV': [128, 3]}, {'POOLMAX': [-1, 2]}), ({'CONV': [64, 5]}, {'CONV': [256, 3]}), ({'CONV': [128, 5]}, {'CONV': [32, 5]}, {'POOLMAX': [-1, 2]}), ({'CONV': [128, 5]}, {'CONV': [128, 3]}), ({'CONV': [256, 3]}, {'CONV': [256, 5]}, {'POOLMAX': [-1, 2]}), {'GLOBAL_AVG': None}, {'LAST_DENSE': [100, 'softmax']}]",HHSE,NSGA2,,,,,0.6967132221687282,,,,4235817984,7730852,,,,,,"[31, 16, 56, 55, 26, 53, 26, 53]",0.7145331877672426,-0.0004332159638321,0.375,0.625,1.0,0.0,0.01,0,0,0,100,0,0.0,BEST,False,False,283,True,True,GREEDY,,,GREEDY_HV
BHDCCD[M],27,28,48,1,0.48,True,True,"[38, 31, 60, 60, 30, 41, 44, 55]",[],"[38.38335949530468, 31.654689861416056, 60.92406459127351, 60.503728414688666, 30.249526705634054, 41.0276040774206, 44.348446366339644, 55.32704071120545]","[{'INP': 32}, {'CONV': [64, 3]}, ({'CONV': [128, 3]}, {'CONV': [256, 3]}), ({'CONV': [64, 5]}, {'CONV': [256, 5]}, {'POOLMAX': [-1, 2]}), ({'CONV': [256, 5]}, {'CONV': [128, 3]}), ({'CONV': [256, 5]}, {'CONV': [128, 3]}, {'POOLMAX': [-1, 2]}), ({'CONV': [64, 5]}, {'CONV': [256, 3]}), ({'CONV': [128, 5]}, {'CONV': [32, 5]}, {'POOLMAX': [-1, 2]}), ({'CONV': [128, 5]}, {'CONV': [128, 3]}), ({'CONV': [256, 3]}, {'CONV': [256, 5]}, {'POOLMAX': [-1, 2]}), {'GLOBAL_AVG': None}, {'LAST_DENSE': [100, 'softmax']}]",HHSE,NSGA2,,,,,0.6967132221687282,,,,4235817984,7730852,,,,,,"[31, 16, 56, 55, 26, 53, 26, 53]",0.7145328370106135,-0.0023982101999603,0.375,0.625,1.0,0.0,0.01,0,0,0,100,0,0.0,BEST,False,False,283,True,True,GREEDY,,,GREEDY_HV
BHDCCD[M],27,28,49,1,0.49,True,True,"[38, 31, 60, 60, 30, 41, 44, 55]",[],"[38.38335949530468, 31.654689861416056, 60.92406459127351, 60.503728414688666, 30.249526705634054, 41.0276040774206, 44.348446366339644, 55.32704071120545]","[{'INP': 32}, {'CONV': [64, 3]}, ({'CONV': [128, 3]}, {'CONV': [256, 3]}), ({'CONV': [64, 5]}, {'CONV': [256, 5]}, {'POOLMAX': [-1, 2]}), ({'CONV': [256, 5]}, {'CONV': [128, 3]}), ({'CONV': [256, 5]}, {'CONV': [128, 3]}, {'POOLMAX': [-1, 2]}), ({'CONV': [64, 5]}, {'CONV': [256, 3]}), ({'CONV': [128, 5]}, {'CONV': [32, 5]}, {'POOLMAX': [-1, 2]}), ({'CONV': [128, 5]}, {'CONV': [128, 3]}), ({'CONV': [256, 3]}, {'CONV': [256, 5]}, {'POOLMAX': [-1, 2]}), {'GLOBAL_AVG': None}, {'LAST_DENSE': [100, 'softmax']}]",HHSE,NSGA2,,,,,0.6967132221687282,,,,4235817984,7730852,,,,,,"[31, 16, 56, 55, 26, 53, 26, 53]",0.7147641130054965,-0.0001786978601352,0.375,0.625,1.0,0.0,0.01,0,0,0,100,0,0.0,BEST,False,False,283,True,True,GREEDY,,,GREEDY_HV
BHDCCD[M],27,28,50,1,0.5,True,True,"[38, 31, 60, 60, 30, 41, 44, 55]",[],"[38.38335949530468, 31.654689861416056, 60.92406459127351, 60.503728414688666, 30.249526705634054, 41.0276040774206, 44.348446366339644, 55.32704071120545]","[{'INP': 32}, {'CONV': [64, 3]}, ({'CONV': [128, 3]}, {'CONV': [256, 3]}), ({'CONV': [64, 5]}, {'CONV': [256, 5]}, {'POOLMAX': [-1, 2]}), ({'CONV': [256, 5]}, {'CONV': [128, 3]}), ({'CONV': [256, 5]}, {'CONV': [128, 3]}, {'POOLMAX': [-1, 2]}), ({'CONV': [64, 5]}, {'CONV': [256, 3]}), ({'CONV': [128, 5]}, {'CONV': [32, 5]}, {'POOLMAX': [-1, 2]}), ({'CONV': [128, 5]}, {'CONV': [128, 3]}), ({'CONV': [256, 3]}, {'CONV': [256, 5]}, {'POOLMAX': [-1, 2]}), {'GLOBAL_AVG': None}, {'LAST_DENSE': [100, 'softmax']}]",HHSE,NSGA2,,,,,0.6967132221687282,,,,4235817984,7730852,,,,,,"[31, 16, 56, 55, 26, 53, 26, 53]",0.7147793633572963,-0.0001551782377884,0.375,0.625,1.0,0.0,0.01,0,0,0,100,0,0.0,BEST,False,False,283,True,True,GREEDY,,,GREEDY_HV
BHDCCD[M],27,28,51,1,0.51,True,True,"[38, 31, 60, 60, 30, 41, 44, 55]",[],"[38.38335949530468, 31.654689861416056, 60.92406459127351, 60.503728414688666, 30.249526705634054, 41.0276040774206, 44.348446366339644, 55.32704071120545]","[{'INP': 32}, {'CONV': [64, 3]}, ({'CONV': [128, 3]}, {'CONV': [256, 3]}), ({'CONV': [64, 5]}, {'CONV': [256, 5]}, {'POOLMAX': [-1, 2]}), ({'CONV': [256, 5]}, {'CONV': [128, 3]}), ({'CONV': [256, 5]}, {'CONV': [128, 3]}, {'POOLMAX': [-1, 2]}), ({'CONV': [64, 5]}, {'CONV': [256, 3]}), ({'CONV': [128, 5]}, {'CONV': [32, 5]}, {'POOLMAX': [-1, 2]}), ({'CONV': [128, 5]}, {'CONV': [128, 3]}), ({'CONV': [256, 3]}, {'CONV': [256, 5]}, {'POOLMAX': [-1, 2]}), {'GLOBAL_AVG': None}, {'LAST_DENSE': [100, 'softmax']}]",HHSE,NSGA2,,,,,0.6967132221687282,,,,4235817984,7730852,,,,,,"[31, 16, 56, 55, 26, 53, 26, 53]",0.714779297234856,-0.0016500380478203,0.375,0.625,1.0,0.0,0.01,0,0,0,100,0,0.0,BEST,False,False,283,True,True,GREEDY,,,GREEDY_HV
BHDCCD[M],27,28,52,1,0.52,True,True,"[38, 31, 60, 60, 30, 41, 44, 55]",[],"[38.38335949530468, 31.654689861416056, 60.92406459127351, 60.503728414688666, 30.249526705634054, 41.0276040774206, 44.348446366339644, 55.32704071120545]","[{'INP': 32}, {'CONV': [64, 3]}, ({'CONV': [128, 3]}, {'CONV': [256, 3]}), ({'CONV': [64, 5]}, {'CONV': [256, 5]}, {'POOLMAX': [-1, 2]}), ({'CONV': [256, 5]}, {'CONV': [128, 3]}), ({'CONV': [256, 5]}, {'CONV': [128, 3]}, {'POOLMAX': [-1, 2]}), ({'CONV': [64, 5]}, {'CONV': [256, 3]}), ({'CONV': [128, 5]}, {'CONV': [32, 5]}, {'POOLMAX': [-1, 2]}), ({'CONV': [128, 5]}, {'CONV': [128, 3]}), ({'CONV': [256, 3]}, {'CONV': [256, 5]}, {'POOLMAX': [-1, 2]}), {'GLOBAL_AVG': None}, {'LAST_DENSE': [100, 'softmax']}]",HHSE,NSGA2,,,,,0.6967132221687282,,,,4235817984,7730852,,,,,,"[31, 16, 56, 55, 26, 53, 26, 53]",0.714783691864002,-0.0001699790807646,0.375,0.625,1.0,0.0,0.01,0,0,0,100,0,0.0,BEST,False,False,283,True,True,GREEDY,,,GREEDY_HV
BHDCCD[M],27,28,53,1,0.53,True,True,"[38, 31, 60, 60, 30, 41, 44, 55]",[],"[38.38335949530468, 31.654689861416056, 60.92406459127351, 60.503728414688666, 30.249526705634054, 41.0276040774206, 44.348446366339644, 55.32704071120545]","[{'INP': 32}, {'CONV': [64, 3]}, ({'CONV': [128, 3]}, {'CONV': [256, 3]}), ({'CONV': [64, 5]}, {'CONV': [256, 5]}, {'POOLMAX': [-1, 2]}), ({'CONV': [256, 5]}, {'CONV': [128, 3]}), ({'CONV': [256, 5]}, {'CONV': [128, 3]}, {'POOLMAX': [-1, 2]}), ({'CONV': [64, 5]}, {'CONV': [256, 3]}), ({'CONV': [128, 5]}, {'CONV': [32, 5]}, {'POOLMAX': [-1, 2]}), ({'CONV': [128, 5]}, {'CONV': [128, 3]}), ({'CONV': [256, 3]}, {'CONV': [256, 5]}, {'POOLMAX': [-1, 2]}), {'GLOBAL_AVG': None}, {'LAST_DENSE': [100, 'softmax']}]",HHSE,NSGA2,,,,,0.6967132221687282,,,,4235817984,7730852,,,,,,"[31, 16, 56, 55, 26, 53, 26, 53]",0.7148151460788276,-0.0028699264506034,0.375,0.625,1.0,0.0,0.01,0,0,0,100,0,0.0,BEST,False,False,283,True,True,GREEDY,,,GREEDY_HV
BHDCCD[M],27,28,54,1,0.54,True,True,"[38, 31, 60, 60, 30, 41, 44, 55]",[],"[38.38335949530468, 31.654689861416056, 60.92406459127351, 60.503728414688666, 30.249526705634054, 41.0276040774206, 44.348446366339644, 55.32704071120545]","[{'INP': 32}, {'CONV': [64, 3]}, ({'CONV': [128, 3]}, {'CONV': [256, 3]}), ({'CONV': [64, 5]}, {'CONV': [256, 5]}, {'POOLMAX': [-1, 2]}), ({'CONV': [256, 5]}, {'CONV': [128, 3]}), ({'CONV': [256, 5]}, {'CONV': [128, 3]}, {'POOLMAX': [-1, 2]}), ({'CONV': [64, 5]}, {'CONV': [256, 3]}), ({'CONV': [128, 5]}, {'CONV': [32, 5]}, {'POOLMAX': [-1, 2]}), ({'CONV': [128, 5]}, {'CONV': [128, 3]}), ({'CONV': [256, 3]}, {'CONV': [256, 5]}, {'POOLMAX': [-1, 2]}), {'GLOBAL_AVG': None}, {'LAST_DENSE': [100, 'softmax']}]",HHSE,NSGA2,,,,,0.6967132221687282,,,,4235817984,7730852,,,,,,"[31, 16, 56, 55, 26, 53, 26, 53]",0.7148104986992598,-0.0025709274998533,0.375,0.625,1.0,0.0,0.01,0,0,0,100,0,0.0,BEST,False,False,283,True,True,GREEDY,,,GREEDY_HV
BNZGUW[M][M][M],27,28,55,55,0.55,True,True,"[14, 2, 0, 23, 39, 28, 31, 55]",[],"[14.634848911265921, 2.418339915781582, 0.6917382268110087, 23.10664867180476, 39.35255909398679, 28.56637882732187, 31.45151675433231, 55.30623808109457]","[{'INP': 32}, {'CONV': [64, 3]}, ({'CONV': [32, 5]}, {'CONV': [256, 3]}), ({'CONV': [32, 3]}, {'CONV': [64, 3]}, {'POOLMAX': [-1, 2]}), ({'CONV': [32, 3]}, {'CONV': [32, 3]}), ({'CONV': [64, 3]}, {'CONV': [256, 5]}, {'POOLMAX': [-1, 2]}), ({'CONV': [128, 3]}, {'CONV': [256, 5]}), ({'CONV': [64, 5]}, {'CONV': [128, 3]}, {'POOLMAX': [-1, 2]}), ({'CONV': [64, 5]}, {'CONV': [256, 5]}), ({'CONV': [256, 3]}, {'CONV': [256, 5]}, {'POOLMAX': [-1, 2]}), {'GLOBAL_AVG': None}, {'LAST_DENSE': [100, 'softmax']}]",HHSE,NSGA2,,,,,0.6974111125735684,,,,980541440,5149220,,,,,,"[0, 2, 0, 17, 30, 6, 29, 55]",0.7148406269515513,-0.0003889679911949,0.0,0.0,0.625,0.875,0.55,0,0,0,100,0,0.0,BEST,False,False,276,True,True,GREEDY,,,GREEDY_HV
BNZGUW[M][M][M],27,28,56,55,0.56,True,True,"[14, 2, 0, 23, 39, 28, 31, 55]",[],"[14.634848911265921, 2.418339915781582, 0.6917382268110087, 23.10664867180476, 39.35255909398679, 28.56637882732187, 31.45151675433231, 55.30623808109457]","[{'INP': 32}, {'CONV': [64, 3]}, ({'CONV': [32, 5]}, {'CONV': [256, 3]}), ({'CONV': [32, 3]}, {'CONV': [64, 3]}, {'POOLMAX': [-1, 2]}), ({'CONV': [32, 3]}, {'CONV': [32, 3]}), ({'CONV': [64, 3]}, {'CONV': [256, 5]}, {'POOLMAX': [-1, 2]}), ({'CONV': [128, 3]}, {'CONV': [256, 5]}), ({'CONV': [64, 5]}, {'CONV': [128, 3]}, {'POOLMAX': [-1, 2]}), ({'CONV': [64, 5]}, {'CONV': [256, 5]}), ({'CONV': [256, 3]}, {'CONV': [256, 5]}, {'POOLMAX': [-1, 2]}), {'GLOBAL_AVG': None}, {'LAST_DENSE': [100, 'softmax']}]",HHSE,NSGA2,,,,,0.6974111125735684,,,,980541440,5149220,,,,,,"[0, 2, 0, 17, 30, 6, 29, 55]",0.7155792078685808,-0.0007777237242104,0.0,0.0,0.625,0.0,0.55,0,0,0,100,0,0.0,BEST,False,False,276,True,True,GREEDY,,,GREEDY_HV
BNZGUW[M][M][M],27,28,57,55,0.57,True,True,"[14, 2, 0, 23, 39, 28, 31, 55]",[],"[14.634848911265921, 2.418339915781582, 0.6917382268110087, 23.10664867180476, 39.35255909398679, 28.56637882732187, 31.45151675433231, 55.30623808109457]","[{'INP': 32}, {'CONV': [64, 3]}, ({'CONV': [32, 5]}, {'CONV': [256, 3]}), ({'CONV': [32, 3]}, {'CONV': [64, 3]}, {'POOLMAX': [-1, 2]}), ({'CONV': [32, 3]}, {'CONV': [32, 3]}), ({'CONV': [64, 3]}, {'CONV': [256, 5]}, {'POOLMAX': [-1, 2]}), ({'CONV': [128, 3]}, {'CONV': [256, 5]}), ({'CONV': [64, 5]}, {'CONV': [128, 3]}, {'POOLMAX': [-1, 2]}), ({'CONV': [64, 5]}, {'CONV': [256, 5]}), ({'CONV': [256, 3]}, {'CONV': [256, 5]}, {'POOLMAX': [-1, 2]}), {'GLOBAL_AVG': None}, {'LAST_DENSE': [100, 'softmax']}]",HHSE,NSGA2,,,,,0.6974111125735684,,,,980541440,5149220,,,,,,"[0, 2, 0, 17, 30, 6, 29, 55]",0.7158443040298046,-0.0013412673948365,0.0,0.0,0.625,0.0,0.55,0,0,0,100,0,0.0,BEST,False,False,276,True,True,GREEDY,,,GREEDY_HV
BNZGUW[M][M][M],27,28,58,55,0.58,True,True,"[14, 2, 0, 23, 39, 28, 31, 55]",[],"[14.634848911265921, 2.418339915781582, 0.6917382268110087, 23.10664867180476, 39.35255909398679, 28.56637882732187, 31.45151675433231, 55.30623808109457]","[{'INP': 32}, {'CONV': [64, 3]}, ({'CONV': [32, 5]}, {'CONV': [256, 3]}), ({'CONV': [32, 3]}, {'CONV': [64, 3]}, {'POOLMAX': [-1, 2]}), ({'CONV': [32, 3]}, {'CONV': [32, 3]}), ({'CONV': [64, 3]}, {'CONV': [256, 5]}, {'POOLMAX': [-1, 2]}), ({'CONV': [128, 3]}, {'CONV': [256, 5]}), ({'CONV': [64, 5]}, {'CONV': [128, 3]}, {'POOLMAX': [-1, 2]}), ({'CONV': [64, 5]}, {'CONV': [256, 5]}), ({'CONV': [256, 3]}, {'CONV': [256, 5]}, {'POOLMAX': [-1, 2]}), {'GLOBAL_AVG': None}, {'LAST_DENSE': [100, 'softmax']}]",HHSE,NSGA2,,,,,0.6974111125735684,,,,980541440,5149220,,,,,,"[0, 2, 0, 17, 30, 6, 29, 55]",0.7158455678745865,-0.0001501194256923,0.0,0.0,0.625,0.0,0.55,0,0,0,100,0,0.0,BEST,False,False,276,True,True,GREEDY,,,GREEDY_HV
BNZGUW[M][M][M],27,28,59,55,0.59,True,True,"[14, 2, 0, 23, 39, 28, 31, 55]",[],"[14.634848911265921, 2.418339915781582, 0.6917382268110087, 23.10664867180476, 39.35255909398679, 28.56637882732187, 31.45151675433231, 55.30623808109457]","[{'INP': 32}, {'CONV': [64, 3]}, ({'CONV': [32, 5]}, {'CONV': [256, 3]}), ({'CONV': [32, 3]}, {'CONV': [64, 3]}, {'POOLMAX': [-1, 2]}), ({'CONV': [32, 3]}, {'CONV': [32, 3]}), ({'CONV': [64, 3]}, {'CONV': [256, 5]}, {'POOLMAX': [-1, 2]}), ({'CONV': [128, 3]}, {'CONV': [256, 5]}), ({'CONV': [64, 5]}, {'CONV': [128, 3]}, {'POOLMAX': [-1, 2]}), ({'CONV': [64, 5]}, {'CONV': [256, 5]}), ({'CONV': [256, 3]}, {'CONV': [256, 5]}, {'POOLMAX': [-1, 2]}), {'GLOBAL_AVG': None}, {'LAST_DENSE': [100, 'softmax']}]",HHSE,NSGA2,,,,,0.6974111125735684,,,,980541440,5149220,,,,,,"[0, 2, 0, 17, 30, 6, 29, 55]",0.7158727108618912,-0.0005540267006645,0.0,0.0,0.625,0.0,0.55,0,0,0,100,0,0.0,BEST,False,False,276,True,True,GREEDY,,,GREEDY_HV
BNZGUW[M][M][M],27,28,60,55,0.6,True,True,"[14, 2, 0, 23, 39, 28, 31, 55]",[],"[14.634848911265921, 2.418339915781582, 0.6917382268110087, 23.10664867180476, 39.35255909398679, 28.56637882732187, 31.45151675433231, 55.30623808109457]","[{'INP': 32}, {'CONV': [64, 3]}, ({'CONV': [32, 5]}, {'CONV': [256, 3]}), ({'CONV': [32, 3]}, {'CONV': [64, 3]}, {'POOLMAX': [-1, 2]}), ({'CONV': [32, 3]}, {'CONV': [32, 3]}), ({'CONV': [64, 3]}, {'CONV': [256, 5]}, {'POOLMAX': [-1, 2]}), ({'CONV': [128, 3]}, {'CONV': [256, 5]}), ({'CONV': [64, 5]}, {'CONV': [128, 3]}, {'POOLMAX': [-1, 2]}), ({'CONV': [64, 5]}, {'CONV': [256, 5]}), ({'CONV': [256, 3]}, {'CONV': [256, 5]}, {'POOLMAX': [-1, 2]}), {'GLOBAL_AVG': None}, {'LAST_DENSE': [100, 'softmax']}]",HHSE,NSGA2,,,,,0.6974111125735684,,,,980541440,5149220,,,,,,"[0, 2, 0, 17, 30, 6, 29, 55]",0.7158918204065615,-0.0002341932996593,0.0,0.0,0.625,0.0,0.55,0,0,0,100,0,0.0,BEST,False,False,276,True,True,GREEDY,,,GREEDY_HV
BWBMLM[M],27,28,61,61,0.61,True,True,"[12, 7, 38, 4, 22, 7, 31, 55]",[],"[12.057445982649167, 7.8908290994477674, 38.750149217035094, 4.3572458030759025, 22.19793032197779, 7.101163207302823, 31.430975983990937, 55.538903988712754]","[{'INP': 32}, {'CONV': [64, 3]}, ({'CONV': [32, 5]}, {'CONV': [128, 3]}), ({'CONV': [32, 3]}, {'CONV': [256, 5]}, {'POOLMAX': [-1, 2]}), ({'CONV': [128, 3]}, {'CONV': [256, 3]}), ({'CONV': [32, 3]}, {'CONV': [128, 3]}, {'POOLMAX': [-1, 2]}), ({'CONV': [64, 3]}, {'CONV': [256, 3]}), ({'CONV': [32, 3]}, {'CONV': [256, 5]}, {'POOLMAX': [-1, 2]}), ({'CONV': [64, 5]}, {'CONV': [256, 5]}), ({'CONV': [256, 3]}, {'CONV': [256, 5]}, {'POOLMAX': [-1, 2]}), {'GLOBAL_AVG': None}, {'LAST_DENSE': [100, 'softmax']}]",HHSE,NSGA2,,,,,0.7039226894360692,,,,1203808256,4614692,,,,,,"[14, 0, 34, 4, 19, 6, 28, 55]",0.7159880096513072,-0.000942800527992,0.625,0.25,0.75,0.75,0.61,0,0,0,100,0,0.0,BEST,False,False,211,True,True,GREEDY,,,GREEDY_HV
BWBMLM[M],27,28,62,61,0.62,True,True,"[12, 7, 38, 4, 22, 7, 31, 55]",[],"[12.057445982649167, 7.8908290994477674, 38.750149217035094, 4.3572458030759025, 22.19793032197779, 7.101163207302823, 31.430975983990937, 55.538903988712754]","[{'INP': 32}, {'CONV': [64, 3]}, ({'CONV': [32, 5]}, {'CONV': [128, 3]}), ({'CONV': [32, 3]}, {'CONV': [256, 5]}, {'POOLMAX': [-1, 2]}), ({'CONV': [128, 3]}, {'CONV': [256, 3]}), ({'CONV': [32, 3]}, {'CONV': [128, 3]}, {'POOLMAX': [-1, 2]}), ({'CONV': [64, 3]}, {'CONV': [256, 3]}), ({'CONV': [32, 3]}, {'CONV': [256, 5]}, {'POOLMAX': [-1, 2]}), ({'CONV': [64, 5]}, {'CONV': [256, 5]}), ({'CONV': [256, 3]}, {'CONV': [256, 5]}, {'POOLMAX': [-1, 2]}), {'GLOBAL_AVG': None}, {'LAST_DENSE': [100, 'softmax']}]",HHSE,NSGA2,,,,,0.7039226894360692,,,,1203808256,4614692,,,,,,"[14, 0, 34, 4, 19, 6, 28, 55]",0.7211096029556614,-0.0001486694186544,0.625,0.25,0.75,0.0,0.61,0,0,0,100,0,0.0,BEST,False,False,211,True,True,GREEDY,,,GREEDY_HV
BWBMLM[M],27,28,63,61,0.63,True,True,"[12, 7, 38, 4, 22, 7, 31, 55]",[],"[12.057445982649167, 7.8908290994477674, 38.750149217035094, 4.3572458030759025, 22.19793032197779, 7.101163207302823, 31.430975983990937, 55.538903988712754]","[{'INP': 32}, {'CONV': [64, 3]}, ({'CONV': [32, 5]}, {'CONV': [128, 3]}), ({'CONV': [32, 3]}, {'CONV': [256, 5]}, {'POOLMAX': [-1, 2]}), ({'CONV': [128, 3]}, {'CONV': [256, 3]}), ({'CONV': [32, 3]}, {'CONV': [128, 3]}, {'POOLMAX': [-1, 2]}), ({'CONV': [64, 3]}, {'CONV': [256, 3]}), ({'CONV': [32, 3]}, {'CONV': [256, 5]}, {'POOLMAX': [-1, 2]}), ({'CONV': [64, 5]}, {'CONV': [256, 5]}), ({'CONV': [256, 3]}, {'CONV': [256, 5]}, {'POOLMAX': [-1, 2]}), {'GLOBAL_AVG': None}, {'LAST_DENSE': [100, 'softmax']}]",HHSE,NSGA2,,,,,0.7039226894360692,,,,1203808256,4614692,,,,,,"[14, 0, 34, 4, 19, 6, 28, 55]",0.7211292246241627,-0.0006945209050024,0.625,0.25,0.75,0.0,0.61,0,0,0,100,0,0.0,BEST,False,False,211,True,True,GREEDY,,,GREEDY_HV
BWBMLM[M],27,28,64,61,0.64,True,True,"[12, 7, 38, 4, 22, 7, 31, 55]",[],"[12.057445982649167, 7.8908290994477674, 38.750149217035094, 4.3572458030759025, 22.19793032197779, 7.101163207302823, 31.430975983990937, 55.538903988712754]","[{'INP': 32}, {'CONV': [64, 3]}, ({'CONV': [32, 5]}, {'CONV': [128, 3]}), ({'CONV': [32, 3]}, {'CONV': [256, 5]}, {'POOLMAX': [-1, 2]}), ({'CONV': [128, 3]}, {'CONV': [256, 3]}), ({'CONV': [32, 3]}, {'CONV': [128, 3]}, {'POOLMAX': [-1, 2]}), ({'CONV': [64, 3]}, {'CONV': [256, 3]}), ({'CONV': [32, 3]}, {'CONV': [256, 5]}, {'POOLMAX': [-1, 2]}), ({'CONV': [64, 5]}, {'CONV': [256, 5]}), ({'CONV': [256, 3]}, {'CONV': [256, 5]}, {'POOLMAX': [-1, 2]}), {'GLOBAL_AVG': None}, {'LAST_DENSE': [100, 'softmax']}]",HHSE,NSGA2,,,,,0.7039226894360692,,,,1203808256,4614692,,,,,,"[14, 0, 34, 4, 19, 6, 28, 55]",0.7211460650515303,-4.951828868116071e-05,0.625,0.25,0.75,0.0,0.61,0,0,0,100,0,0.0,BEST,False,False,211,True,True,GREEDY,,,GREEDY_HV
BWBMLM[M],27,28,65,61,0.65,True,True,"[12, 7, 38, 4, 22, 7, 31, 55]",[],"[12.057445982649167, 7.8908290994477674, 38.750149217035094, 4.3572458030759025, 22.19793032197779, 7.101163207302823, 31.430975983990937, 55.538903988712754]","[{'INP': 32}, {'CONV': [64, 3]}, ({'CONV': [32, 5]}, {'CONV': [128, 3]}), ({'CONV': [32, 3]}, {'CONV': [256, 5]}, {'POOLMAX': [-1, 2]}), ({'CONV': [128, 3]}, {'CONV': [256, 3]}), ({'CONV': [32, 3]}, {'CONV': [128, 3]}, {'POOLMAX': [-1, 2]}), ({'CONV': [64, 3]}, {'CONV': [256, 3]}), ({'CONV': [32, 3]}, {'CONV': [256, 5]}, {'POOLMAX': [-1, 2]}), ({'CONV': [64, 5]}, {'CONV': [256, 5]}), ({'CONV': [256, 3]}, {'CONV': [256, 5]}, {'POOLMAX': [-1, 2]}), {'GLOBAL_AVG': None}, {'LAST_DENSE': [100, 'softmax']}]",HHSE,NSGA2,,,,,0.7039226894360692,,,,1203808256,4614692,,,,,,"[14, 0, 34, 4, 19, 6, 28, 55]",0.7211685807105255,-8.818845088631733e-05,0.625,0.25,0.75,0.0,0.61,0,0,0,100,0,0.0,BEST,False,False,211,True,True,GREEDY,,,GREEDY_HV
BWBMLM[M],27,28,66,61,0.66,True,True,"[12, 7, 38, 4, 22, 7, 31, 55]",[],"[12.057445982649167, 7.8908290994477674, 38.750149217035094, 4.3572458030759025, 22.19793032197779, 7.101163207302823, 31.430975983990937, 55.538903988712754]","[{'INP': 32}, {'CONV': [64, 3]}, ({'CONV': [32, 5]}, {'CONV': [128, 3]}), ({'CONV': [32, 3]}, {'CONV': [256, 5]}, {'POOLMAX': [-1, 2]}), ({'CONV': [128, 3]}, {'CONV': [256, 3]}), ({'CONV': [32, 3]}, {'CONV': [128, 3]}, {'POOLMAX': [-1, 2]}), ({'CONV': [64, 3]}, {'CONV': [256, 3]}), ({'CONV': [32, 3]}, {'CONV': [256, 5]}, {'POOLMAX': [-1, 2]}), ({'CONV': [64, 5]}, {'CONV': [256, 5]}), ({'CONV': [256, 3]}, {'CONV': [256, 5]}, {'POOLMAX': [-1, 2]}), {'GLOBAL_AVG': None}, {'LAST_DENSE': [100, 'softmax']}]",HHSE,NSGA2,,,,,0.7039226894360692,,,,1203808256,4614692,,,,,,"[14, 0, 34, 4, 19, 6, 28, 55]",0.7211980064136162,-0.0006982862699781,0.625,0.25,0.75,0.0,0.61,0,0,0,100,0,0.0,BEST,False,False,211,True,True,GREEDY,,,GREEDY_HV
BWBMLM[M],27,28,67,61,0.67,True,True,"[12, 7, 38, 4, 22, 7, 31, 55]",[],"[12.057445982649167, 7.8908290994477674, 38.750149217035094, 4.3572458030759025, 22.19793032197779, 7.101163207302823, 31.430975983990937, 55.538903988712754]","[{'INP': 32}, {'CONV': [64, 3]}, ({'CONV': [32, 5]}, {'CONV': [128, 3]}), ({'CONV': [32, 3]}, {'CONV': [256, 5]}, {'POOLMAX': [-1, 2]}), ({'CONV': [128, 3]}, {'CONV': [256, 3]}), ({'CONV': [32, 3]}, {'CONV': [128, 3]}, {'POOLMAX': [-1, 2]}), ({'CONV': [64, 3]}, {'CONV': [256, 3]}), ({'CONV': [32, 3]}, {'CONV': [256, 5]}, {'POOLMAX': [-1, 2]}), ({'CONV': [64, 5]}, {'CONV': [256, 5]}), ({'CONV': [256, 3]}, {'CONV': [256, 5]}, {'POOLMAX': [-1, 2]}), {'GLOBAL_AVG': None}, {'LAST_DENSE': [100, 'softmax']}]",HHSE,NSGA2,,,,,0.7039226894360692,,,,1203808256,4614692,,,,,,"[14, 0, 34, 4, 19, 6, 28, 55]",0.7212249319918485,-6.814283323364201e-05,0.625,0.25,0.75,0.0,0.61,0,0,0,100,0,0.0,BEST,False,False,211,True,True,GREEDY,,,GREEDY_HV
BWBMLM[M],27,28,68,61,0.68,True,True,"[12, 7, 38, 4, 22, 7, 31, 55]",[],"[12.057445982649167, 7.8908290994477674, 38.750149217035094, 4.3572458030759025, 22.19793032197779, 7.101163207302823, 31.430975983990937, 55.538903988712754]","[{'INP': 32}, {'CONV': [64, 3]}, ({'CONV': [32, 5]}, {'CONV': [128, 3]}), ({'CONV': [32, 3]}, {'CONV': [256, 5]}, {'POOLMAX': [-1, 2]}), ({'CONV': [128, 3]}, {'CONV': [256, 3]}), ({'CONV': [32, 3]}, {'CONV': [128, 3]}, {'POOLMAX': [-1, 2]}), ({'CONV': [64, 3]}, {'CONV': [256, 3]}), ({'CONV': [32, 3]}, {'CONV': [256, 5]}, {'POOLMAX': [-1, 2]}), ({'CONV': [64, 5]}, {'CONV': [256, 5]}), ({'CONV': [256, 3]}, {'CONV': [256, 5]}, {'POOLMAX': [-1, 2]}), {'GLOBAL_AVG': None}, {'LAST_DENSE': [100, 'softmax']}]",HHSE,NSGA2,,,,,0.7039226894360692,,,,1203808256,4614692,,,,,,"[14, 0, 34, 4, 19, 6, 28, 55]",0.7212745277041014,-0.0007715133321943,0.625,0.25,0.75,0.0,0.61,0,0,0,100,0,0.0,BEST,False,False,211,True,True,GREEDY,,,GREEDY_HV
BWBMLM[M],27,28,69,61,0.69,True,True,"[12, 7, 38, 4, 22, 7, 31, 55]",[],"[12.057445982649167, 7.8908290994477674, 38.750149217035094, 4.3572458030759025, 22.19793032197779, 7.101163207302823, 31.430975983990937, 55.538903988712754]","[{'INP': 32}, {'CONV': [64, 3]}, ({'CONV': [32, 5]}, {'CONV': [128, 3]}), ({'CONV': [32, 3]}, {'CONV': [256, 5]}, {'POOLMAX': [-1, 2]}), ({'CONV': [128, 3]}, {'CONV': [256, 3]}), ({'CONV': [32, 3]}, {'CONV': [128, 3]}, {'POOLMAX': [-1, 2]}), ({'CONV': [64, 3]}, {'CONV': [256, 3]}), ({'CONV': [32, 3]}, {'CONV': [256, 5]}, {'POOLMAX': [-1, 2]}), ({'CONV': [64, 5]}, {'CONV': [256, 5]}), ({'CONV': [256, 3]}, {'CONV': [256, 5]}, {'POOLMAX': [-1, 2]}), {'GLOBAL_AVG': None}, {'LAST_DENSE': [100, 'softmax']}]",HHSE,NSGA2,,,,,0.7039226894360692,,,,1203808256,4614692,,,,,,"[14, 0, 34, 4, 19, 6, 28, 55]",0.7213246165302472,-0.0004569263835142,0.625,0.25,0.75,0.0,0.61,0,0,0,100,0,0.0,BEST,False,False,211,True,True,GREEDY,,,GREEDY_HV
BWBMLM[M],27,28,70,61,0.7,True,True,"[12, 7, 38, 4, 22, 7, 31, 55]",[],"[12.057445982649167, 7.8908290994477674, 38.750149217035094, 4.3572458030759025, 22.19793032197779, 7.101163207302823, 31.430975983990937, 55.538903988712754]","[{'INP': 32}, {'CONV': [64, 3]}, ({'CONV': [32, 5]}, {'CONV': [128, 3]}), ({'CONV': [32, 3]}, {'CONV': [256, 5]}, {'POOLMAX': [-1, 2]}), ({'CONV': [128, 3]}, {'CONV': [256, 3]}), ({'CONV': [32, 3]}, {'CONV': [128, 3]}, {'POOLMAX': [-1, 2]}), ({'CONV': [64, 3]}, {'CONV': [256, 3]}), ({'CONV': [32, 3]}, {'CONV': [256, 5]}, {'POOLMAX': [-1, 2]}), ({'CONV': [64, 5]}, {'CONV': [256, 5]}), ({'CONV': [256, 3]}, {'CONV': [256, 5]}, {'POOLMAX': [-1, 2]}), {'GLOBAL_AVG': None}, {'LAST_DENSE': [100, 'softmax']}]",HHSE,NSGA2,,,,,0.7039226894360692,,,,1203808256,4614692,,,,,,"[14, 0, 34, 4, 19, 6, 28, 55]",0.7213676736737226,-0.0012566682328057,0.625,0.25,0.75,0.0,0.61,0,0,0,100,0,0.0,BEST,False,False,211,True,True,GREEDY,,,GREEDY_HV
BWBMLM[M],27,28,71,61,0.71,True,True,"[12, 7, 38, 4, 22, 7, 31, 55]",[],"[12.057445982649167, 7.8908290994477674, 38.750149217035094, 4.3572458030759025, 22.19793032197779, 7.101163207302823, 31.430975983990937, 55.538903988712754]","[{'INP': 32}, {'CONV': [64, 3]}, ({'CONV': [32, 5]}, {'CONV': [128, 3]}), ({'CONV': [32, 3]}, {'CONV': [256, 5]}, {'POOLMAX': [-1, 2]}), ({'CONV': [128, 3]}, {'CONV': [256, 3]}), ({'CONV': [32, 3]}, {'CONV': [128, 3]}, {'POOLMAX': [-1, 2]}), ({'CONV': [64, 3]}, {'CONV': [256, 3]}), ({'CONV': [32, 3]}, {'CONV': [256, 5]}, {'POOLMAX': [-1, 2]}), ({'CONV': [64, 5]}, {'CONV': [256, 5]}), ({'CONV': [256, 3]}, {'CONV': [256, 5]}, {'POOLMAX': [-1, 2]}), {'GLOBAL_AVG': None}, {'LAST_DENSE': [100, 'softmax']}]",HHSE,NSGA2,,,,,0.7039226894360692,,,,1203808256,4614692,,,,,,"[14, 0, 34, 4, 19, 6, 28, 55]",0.7213372275396676,-0.0002871289606704,0.625,0.25,0.75,0.0,0.61,0,0,0,100,0,0.0,BEST,False,False,211,True,True,GREEDY,,,GREEDY_HV
BWBMLM[M],27,28,72,61,0.72,True,True,"[12, 7, 38, 4, 22, 7, 31, 55]",[],"[12.057445982649167, 7.8908290994477674, 38.750149217035094, 4.3572458030759025, 22.19793032197779, 7.101163207302823, 31.430975983990937, 55.538903988712754]","[{'INP': 32}, {'CONV': [64, 3]}, ({'CONV': [32, 5]}, {'CONV': [128, 3]}), ({'CONV': [32, 3]}, {'CONV': [256, 5]}, {'POOLMAX': [-1, 2]}), ({'CONV': [128, 3]}, {'CONV': [256, 3]}), ({'CONV': [32, 3]}, {'CONV': [128, 3]}, {'POOLMAX': [-1, 2]}), ({'CONV': [64, 3]}, {'CONV': [256, 3]}), ({'CONV': [32, 3]}, {'CONV': [256, 5]}, {'POOLMAX': [-1, 2]}), ({'CONV': [64, 5]}, {'CONV': [256, 5]}), ({'CONV': [256, 3]}, {'CONV': [256, 5]}, {'POOLMAX': [-1, 2]}), {'GLOBAL_AVG': None}, {'LAST_DENSE': [100, 'softmax']}]",HHSE,NSGA2,,,,,0.7039226894360692,,,,1203808256,4614692,,,,,,"[14, 0, 34, 4, 19, 6, 28, 55]",0.7213517884761943,-0.0005183195618988,0.625,0.25,0.75,0.0,0.61,0,0,0,100,0,0.0,BEST,False,False,211,True,True,GREEDY,,,GREEDY_HV
BWBMLM[M],27,28,73,61,0.73,True,True,"[12, 7, 38, 4, 22, 7, 31, 55]",[],"[12.057445982649167, 7.8908290994477674, 38.750149217035094, 4.3572458030759025, 22.19793032197779, 7.101163207302823, 31.430975983990937, 55.538903988712754]","[{'INP': 32}, {'CONV': [64, 3]}, ({'CONV': [32, 5]}, {'CONV': [128, 3]}), ({'CONV': [32, 3]}, {'CONV': [256, 5]}, {'POOLMAX': [-1, 2]}), ({'CONV': [128, 3]}, {'CONV': [256, 3]}), ({'CONV': [32, 3]}, {'CONV': [128, 3]}, {'POOLMAX': [-1, 2]}), ({'CONV': [64, 3]}, {'CONV': [256, 3]}), ({'CONV': [32, 3]}, {'CONV': [256, 5]}, {'POOLMAX': [-1, 2]}), ({'CONV': [64, 5]}, {'CONV': [256, 5]}), ({'CONV': [256, 3]}, {'CONV': [256, 5]}, {'POOLMAX': [-1, 2]}), {'GLOBAL_AVG': None}, {'LAST_DENSE': [100, 'softmax']}]",HHSE,NSGA2,,,,,0.7039226894360692,,,,1203808256,4614692,,,,,,"[14, 0, 34, 4, 19, 6, 28, 55]",0.7213772121979946,-0.0010820988925642,0.625,0.25,0.75,0.0,0.61,0,1,0,100,0,0.01,BEST,False,False,211,True,True,GREEDY,,,GREEDY_HV
BWBMLM[M],27,28,74,61,0.74,True,True,"[12, 7, 38, 4, 22, 7, 31, 55]",[],"[12.057445982649167, 7.8908290994477674, 38.750149217035094, 4.3572458030759025, 22.19793032197779, 7.101163207302823, 31.430975983990937, 55.538903988712754]","[{'INP': 32}, {'CONV': [64, 3]}, ({'CONV': [32, 5]}, {'CONV': [128, 3]}), ({'CONV': [32, 3]}, {'CONV': [256, 5]}, {'POOLMAX': [-1, 2]}), ({'CONV': [128, 3]}, {'CONV': [256, 3]}), ({'CONV': [32, 3]}, {'CONV': [128, 3]}, {'POOLMAX': [-1, 2]}), ({'CONV': [64, 3]}, {'CONV': [256, 3]}), ({'CONV': [32, 3]}, {'CONV': [256, 5]}, {'POOLMAX': [-1, 2]}), ({'CONV': [64, 5]}, {'CONV': [256, 5]}), ({'CONV': [256, 3]}, {'CONV': [256, 5]}, {'POOLMAX': [-1, 2]}), {'GLOBAL_AVG': None}, {'LAST_DENSE': [100, 'softmax']}]",HHSE,NSGA2,,,,,0.7039226894360692,,,,1203808256,4614692,,,,,,"[14, 0, 34, 4, 19, 6, 28, 55]",0.7213640785617526,-7.40324250169122e-05,0.625,0.25,0.75,0.0,0.61,0,1,0,100,0,0.01,BEST,False,False,211,True,True,GREEDY,,,GREEDY_HV
BWBMLM[M][M],27,28,75,75,0.75,True,True,"[14, 7, 39, 6, 22, 7, 29, 55]",[],"[14.039209752578582, 7.4001295230969815, 39.65235632848171, 6.851298383412965, 22.83551153307913, 7.16157218827257, 29.43753401899965, 55.760578931718975]","[{'INP': 32}, {'CONV': [64, 3]}, ({'CONV': [32, 5]}, {'CONV': [256, 3]}), ({'CONV': [32, 3]}, {'CONV': [256, 5]}, {'POOLMAX': [-1, 2]}), ({'CONV': [128, 3]}, {'CONV': [256, 5]}), ({'CONV': [32, 3]}, {'CONV': [256, 3]}, {'POOLMAX': [-1, 2]}), ({'CONV': [64, 3]}, {'CONV': [256, 3]}), ({'CONV': [32, 3]}, {'CONV': [256, 5]}, {'POOLMAX': [-1, 2]}), ({'CONV': [64, 5]}, {'CONV': [128, 5]}), ({'CONV': [256, 3]}, {'CONV': [256, 5]}, {'POOLMAX': [-1, 2]}), {'GLOBAL_AVG': None}, {'LAST_DENSE': [100, 'softmax']}]",HHSE,NSGA2,,,,,0.7042814939852002,,,,1636499456,4824100,,,,,,"[12, 7, 38, 4, 22, 7, 31, 55]",0.7214040352028943,-0.0003500018567457,0.0,0.0,0.5,0.5,0.75,0,0,0,100,0,0.0,BEST,False,False,203,True,True,GREEDY,,,GREEDY_HV
BWBMLM[M][M],27,28,76,75,0.76,True,True,"[14, 7, 39, 6, 22, 7, 29, 55]",[],"[14.039209752578582, 7.4001295230969815, 39.65235632848171, 6.851298383412965, 22.83551153307913, 7.16157218827257, 29.43753401899965, 55.760578931718975]","[{'INP': 32}, {'CONV': [64, 3]}, ({'CONV': [32, 5]}, {'CONV': [256, 3]}), ({'CONV': [32, 3]}, {'CONV': [256, 5]}, {'POOLMAX': [-1, 2]}), ({'CONV': [128, 3]}, {'CONV': [256, 5]}), ({'CONV': [32, 3]}, {'CONV': [256, 3]}, {'POOLMAX': [-1, 2]}), ({'CONV': [64, 3]}, {'CONV': [256, 3]}), ({'CONV': [32, 3]}, {'CONV': [256, 5]}, {'POOLMAX': [-1, 2]}), ({'CONV': [64, 5]}, {'CONV': [128, 5]}), ({'CONV': [256, 3]}, {'CONV': [256, 5]}, {'POOLMAX': [-1, 2]}), {'GLOBAL_AVG': None}, {'LAST_DENSE': [100, 'softmax']}]",HHSE,NSGA2,,,,,0.7042814939852002,,,,1636499456,4824100,,,,,,"[12, 7, 38, 4, 22, 7, 31, 55]",0.7217315725222548,-0.0001046681762573,0.0,0.0,0.5,0.0,0.75,0,0,0,100,0,0.0,BEST,False,False,203,True,True,GREEDY,,,GREEDY_HV
BWBMLM[M][M],27,28,77,75,0.77,True,True,"[14, 7, 39, 6, 22, 7, 29, 55]",[],"[14.039209752578582, 7.4001295230969815, 39.65235632848171, 6.851298383412965, 22.83551153307913, 7.16157218827257, 29.43753401899965, 55.760578931718975]","[{'INP': 32}, {'CONV': [64, 3]}, ({'CONV': [32, 5]}, {'CONV': [256, 3]}), ({'CONV': [32, 3]}, {'CONV': [256, 5]}, {'POOLMAX': [-1, 2]}), ({'CONV': [128, 3]}, {'CONV': [256, 5]}), ({'CONV': [32, 3]}, {'CONV': [256, 3]}, {'POOLMAX': [-1, 2]}), ({'CONV': [64, 3]}, {'CONV': [256, 3]}), ({'CONV': [32, 3]}, {'CONV': [256, 5]}, {'POOLMAX': [-1, 2]}), ({'CONV': [64, 5]}, {'CONV': [128, 5]}), ({'CONV': [256, 3]}, {'CONV': [256, 5]}, {'POOLMAX': [-1, 2]}), {'GLOBAL_AVG': None}, {'LAST_DENSE': [100, 'softmax']}]",HHSE,NSGA2,,,,,0.7042814939852002,,,,1636499456,4824100,,,,,,"[12, 7, 38, 4, 22, 7, 31, 55]",0.7217330327142654,-0.0002537962731088,0.0,0.0,0.5,0.0,0.75,0,0,0,100,0,0.0,BEST,False,False,203,True,True,GREEDY,,,GREEDY_HV
BWBMLM[M][M],27,28,78,75,0.78,True,True,"[14, 7, 39, 6, 22, 7, 29, 55]",[],"[14.039209752578582, 7.4001295230969815, 39.65235632848171, 6.851298383412965, 22.83551153307913, 7.16157218827257, 29.43753401899965, 55.760578931718975]","[{'INP': 32}, {'CONV': [64, 3]}, ({'CONV': [32, 5]}, {'CONV': [256, 3]}), ({'CONV': [32, 3]}, {'CONV': [256, 5]}, {'POOLMAX': [-1, 2]}), ({'CONV': [128, 3]}, {'CONV': [256, 5]}), ({'CONV': [32, 3]}, {'CONV': [256, 3]}, {'POOLMAX': [-1, 2]}), ({'CONV': [64, 3]}, {'CONV': [256, 3]}), ({'CONV': [32, 3]}, {'CONV': [256, 5]}, {'POOLMAX': [-1, 2]}), ({'CONV': [64, 5]}, {'CONV': [128, 5]}), ({'CONV': [256, 3]}, {'CONV': [256, 5]}, {'POOLMAX': [-1, 2]}), {'GLOBAL_AVG': None}, {'LAST_DENSE': [100, 'softmax']}]",HHSE,NSGA2,,,,,0.7042814939852002,,,,1636499456,4824100,,,,,,"[12, 7, 38, 4, 22, 7, 31, 55]",0.721749076049522,-9.22317340752432e-05,0.0,0.0,0.5,0.0,0.75,0,0,0,100,0,0.0,BEST,False,False,203,True,True,GREEDY,,,GREEDY_HV
BWBMLM[M][M],27,28,79,75,0.79,True,True,"[14, 7, 39, 6, 22, 7, 29, 55]",[],"[14.039209752578582, 7.4001295230969815, 39.65235632848171, 6.851298383412965, 22.83551153307913, 7.16157218827257, 29.43753401899965, 55.760578931718975]","[{'INP': 32}, {'CONV': [64, 3]}, ({'CONV': [32, 5]}, {'CONV': [256, 3]}), ({'CONV': [32, 3]}, {'CONV': [256, 5]}, {'POOLMAX': [-1, 2]}), ({'CONV': [128, 3]}, {'CONV': [256, 5]}), ({'CONV': [32, 3]}, {'CONV': [256, 3]}, {'POOLMAX': [-1, 2]}), ({'CONV': [64, 3]}, {'CONV': [256, 3]}), ({'CONV': [32, 3]}, {'CONV': [256, 5]}, {'POOLMAX': [-1, 2]}), ({'CONV': [64, 5]}, {'CONV': [128, 5]}), ({'CONV': [256, 3]}, {'CONV': [256, 5]}, {'POOLMAX': [-1, 2]}), {'GLOBAL_AVG': None}, {'LAST_DENSE': [100, 'softmax']}]",HHSE,NSGA2,,,,,0.7042814939852002,,,,1636499456,4824100,,,,,,"[12, 7, 38, 4, 22, 7, 31, 55]",0.7254878558173049,0.0021152417783839,0.0,0.0,0.5,0.0,0.75,0,1,0,100,0,0.01,BEST,False,False,203,True,True,GREEDY,,,GREEDY_HV
BCEFDY[M],27,28,80,80,0.8,True,True,"[15, 4, 40, 20, 28, 6, 38, 55]",[],"[15.883634479814244, 4.030121754595983, 40.33800933501233, 20.299393966649077, 28.08273193701767, 6.81014718523584, 38.923463286020265, 55.223764245936906]","[{'INP': 32}, {'CONV': [64, 3]}, ({'CONV': [32, 5]}, {'CONV': [256, 5]}), ({'CONV': [32, 3]}, {'CONV': [128, 3]}, {'POOLMAX': [-1, 2]}), ({'CONV': [128, 5]}, {'CONV': [32, 3]}), ({'CONV': [64, 3]}, {'CONV': [128, 3]}, {'POOLMAX': [-1, 2]}), ({'CONV': [64, 5]}, {'CONV': [128, 3]}), ({'CONV': [32, 3]}, {'CONV': [256, 3]}, {'POOLMAX': [-1, 2]}), ({'CONV': [128, 3]}, {'CONV': [256, 3]}), ({'CONV': [256, 3]}, {'CONV': [256, 5]}, {'POOLMAX': [-1, 2]}), {'GLOBAL_AVG': None}, {'LAST_DENSE': [100, 'softmax']}]",HHSE,NSGA2,,,,,0.7053024194443199,,,,1174166528,4148772,,,,,,"[14, 2, 39, 20, 27, 6, 38, 55]",0.7219545095347073,-0.0004462297781044,0.625,0.125,0.5,0.875,0.8,0,3,0,100,0,0.03,BEST,False,False,188,True,True,GREEDY,,,GREEDY_HV
BCEFDY[M],27,28,81,80,0.81,True,True,"[15, 4, 40, 20, 28, 6, 38, 55]",[],"[15.883634479814244, 4.030121754595983, 40.33800933501233, 20.299393966649077, 28.08273193701767, 6.81014718523584, 38.923463286020265, 55.223764245936906]","[{'INP': 32}, {'CONV': [64, 3]}, ({'CONV': [32, 5]}, {'CONV': [256, 5]}), ({'CONV': [32, 3]}, {'CONV': [128, 3]}, {'POOLMAX': [-1, 2]}), ({'CONV': [128, 5]}, {'CONV': [32, 3]}), ({'CONV': [64, 3]}, {'CONV': [128, 3]}, {'POOLMAX': [-1, 2]}), ({'CONV': [64, 5]}, {'CONV': [128, 3]}), ({'CONV': [32, 3]}, {'CONV': [256, 3]}, {'POOLMAX': [-1, 2]}), ({'CONV': [128, 3]}, {'CONV': [256, 3]}), ({'CONV': [256, 3]}, {'CONV': [256, 5]}, {'POOLMAX': [-1, 2]}), {'GLOBAL_AVG': None}, {'LAST_DENSE': [100, 'softmax']}]",HHSE,NSGA2,,,,,0.7053024194443199,,,,1174166528,4148772,,,,,,"[14, 2, 39, 20, 27, 6, 38, 55]",0.725003480991874,0.0019810315950326,0.625,0.125,0.5,0.0,0.8,0,1,0,100,0,0.01,BEST,False,False,188,True,True,GREEDY,,,GREEDY_HV
BCEFDY[M],27,28,82,80,0.82,True,True,"[15, 4, 40, 20, 28, 6, 38, 55]",[],"[15.883634479814244, 4.030121754595983, 40.33800933501233, 20.299393966649077, 28.08273193701767, 6.81014718523584, 38.923463286020265, 55.223764245936906]","[{'INP': 32}, {'CONV': [64, 3]}, ({'CONV': [32, 5]}, {'CONV': [256, 5]}), ({'CONV': [32, 3]}, {'CONV': [128, 3]}, {'POOLMAX': [-1, 2]}), ({'CONV': [128, 5]}, {'CONV': [32, 3]}), ({'CONV': [64, 3]}, {'CONV': [128, 3]}, {'POOLMAX': [-1, 2]}), ({'CONV': [64, 5]}, {'CONV': [128, 3]}), ({'CONV': [32, 3]}, {'CONV': [256, 3]}, {'POOLMAX': [-1, 2]}), ({'CONV': [128, 3]}, {'CONV': [256, 3]}), ({'CONV': [256, 3]}, {'CONV': [256, 5]}, {'POOLMAX': [-1, 2]}), {'GLOBAL_AVG': None}, {'LAST_DENSE': [100, 'softmax']}]",HHSE,NSGA2,,,,,0.7053024194443199,,,,1174166528,4148772,,,,,,"[14, 2, 39, 20, 27, 6, 38, 55]",0.7248572729145506,0.001890754779519,0.625,0.125,0.5,0.0,0.8,0,0,0,100,0,0.0,BEST,False,False,188,True,True,GREEDY,,,GREEDY_HV
BCEFDY[M],27,28,83,80,0.83,True,True,"[15, 4, 40, 20, 28, 6, 38, 55]",[],"[15.883634479814244, 4.030121754595983, 40.33800933501233, 20.299393966649077, 28.08273193701767, 6.81014718523584, 38.923463286020265, 55.223764245936906]","[{'INP': 32}, {'CONV': [64, 3]}, ({'CONV': [32, 5]}, {'CONV': [256, 5]}), ({'CONV': [32, 3]}, {'CONV': [128, 3]}, {'POOLMAX': [-1, 2]}), ({'CONV': [128, 5]}, {'CONV': [32, 3]}), ({'CONV': [64, 3]}, {'CONV': [128, 3]}, {'POOLMAX': [-1, 2]}), ({'CONV': [64, 5]}, {'CONV': [128, 3]}), ({'CONV': [32, 3]}, {'CONV': [256, 3]}, {'POOLMAX': [-1, 2]}), ({'CONV': [128, 3]}, {'CONV': [256, 3]}), ({'CONV': [256, 3]}, {'CONV': [256, 5]}, {'POOLMAX': [-1, 2]}), {'GLOBAL_AVG': None}, {'LAST_DENSE': [100, 'softmax']}]",HHSE,NSGA2,,,,,0.7053024194443199,,,,1174166528,4148772,,,,,,"[14, 2, 39, 20, 27, 6, 38, 55]",0.724130642399164,0.0010282808222121,0.625,0.125,0.5,0.0,0.8,0,0,0,100,0,0.0,BEST,False,False,188,True,True,GREEDY,,,GREEDY_HV
BAFEGS[M][M][M][M],27,28,84,84,0.84,True,True,"[20, 22, 20, 30, 46, 6, 21, 39]",[],"[20.756910113841933, 22.852644408821767, 20.023941201512752, 30.768582804055097, 46.28837754909906, 6.121568768001281, 21.551510591684647, 39.915218616214524]","[{'INP': 32}, {'CONV': [64, 3]}, ({'CONV': [64, 3]}, {'CONV': [128, 3]}), ({'CONV': [64, 3]}, {'CONV': [256, 3]}, {'POOLMAX': [-1, 2]}), ({'CONV': [64, 3]}, {'CONV': [128, 3]}), ({'CONV': [64, 5]}, {'CONV': [256, 3]}, {'POOLMAX': [-1, 2]}), ({'CONV': [128, 5]}, {'CONV': [256, 3]}), ({'CONV': [32, 3]}, {'CONV': [256, 3]}, {'POOLMAX': [-1, 2]}), ({'CONV': [64, 3]}, {'CONV': [128, 5]}), ({'CONV': [128, 3]}, {'CONV': [256, 5]}, {'POOLMAX': [-1, 2]}), {'GLOBAL_AVG': None}, {'LAST_DENSE': [100, 'softmax']}]",HHSE,NSGA2,,,,,0.7119550127074247,,,,1185613824,3522468,,,,,,"[20, 23, 20, 31, 46, 5, 23, 39]",0.7229918738522829,-5.504476033413308e-05,0.0,0.0,0.5,0.875,0.84,0,2,0,100,0,0.02,BEST,False,False,73,True,True,GREEDY,,,GREEDY_HV
BAFEGS[M][M][M][M],27,28,85,84,0.85,True,True,"[20, 22, 20, 30, 46, 6, 21, 39]",[],"[20.756910113841933, 22.852644408821767, 20.023941201512752, 30.768582804055097, 46.28837754909906, 6.121568768001281, 21.551510591684647, 39.915218616214524]","[{'INP': 32}, {'CONV': [64, 3]}, ({'CONV': [64, 3]}, {'CONV': [128, 3]}), ({'CONV': [64, 3]}, {'CONV': [256, 3]}, {'POOLMAX': [-1, 2]}), ({'CONV': [64, 3]}, {'CONV': [128, 3]}), ({'CONV': [64, 5]}, {'CONV': [256, 3]}, {'POOLMAX': [-1, 2]}), ({'CONV': [128, 5]}, {'CONV': [256, 3]}), ({'CONV': [32, 3]}, {'CONV': [256, 3]}, {'POOLMAX': [-1, 2]}), ({'CONV': [64, 3]}, {'CONV': [128, 5]}), ({'CONV': [128, 3]}, {'CONV': [256, 5]}, {'POOLMAX': [-1, 2]}), {'GLOBAL_AVG': None}, {'LAST_DENSE': [100, 'softmax']}]",HHSE,NSGA2,,,,,0.7119550127074247,,,,1185613824,3522468,,,,,,"[20, 23, 20, 31, 46, 5, 23, 39]",0.7288435211705282,-0.0004375809255822,0.0,0.0,0.5,0.0,0.84,0,1,0,100,0,0.01,BEST,False,False,73,True,True,GREEDY,,,GREEDY_HV
BAFEGS[M][M][M][M],27,28,86,84,0.86,True,True,"[20, 22, 20, 30, 46, 6, 21, 39]",[],"[20.756910113841933, 22.852644408821767, 20.023941201512752, 30.768582804055097, 46.28837754909906, 6.121568768001281, 21.551510591684647, 39.915218616214524]","[{'INP': 32}, {'CONV': [64, 3]}, ({'CONV': [64, 3]}, {'CONV': [128, 3]}), ({'CONV': [64, 3]}, {'CONV': [256, 3]}, {'POOLMAX': [-1, 2]}), ({'CONV': [64, 3]}, {'CONV': [128, 3]}), ({'CONV': [64, 5]}, {'CONV': [256, 3]}, {'POOLMAX': [-1, 2]}), ({'CONV': [128, 5]}, {'CONV': [256, 3]}), ({'CONV': [32, 3]}, {'CONV': [256, 3]}, {'POOLMAX': [-1, 2]}), ({'CONV': [64, 3]}, {'CONV': [128, 5]}), ({'CONV': [128, 3]}, {'CONV': [256, 5]}, {'POOLMAX': [-1, 2]}), {'GLOBAL_AVG': None}, {'LAST_DENSE': [100, 'softmax']}]",HHSE,NSGA2,,,,,0.7119550127074247,,,,1185613824,3522468,,,,,,"[20, 23, 20, 31, 46, 5, 23, 39]",0.728750816023284,-0.000170555900063,0.0,0.0,0.5,0.0,0.84,0,0,0,100,0,0.0,BEST,False,False,73,True,True,GREEDY,,,GREEDY_HV
BAFEGS[M][M][M][M],27,28,87,84,0.87,True,True,"[20, 22, 20, 30, 46, 6, 21, 39]",[],"[20.756910113841933, 22.852644408821767, 20.023941201512752, 30.768582804055097, 46.28837754909906, 6.121568768001281, 21.551510591684647, 39.915218616214524]","[{'INP': 32}, {'CONV': [64, 3]}, ({'CONV': [64, 3]}, {'CONV': [128, 3]}), ({'CONV': [64, 3]}, {'CONV': [256, 3]}, {'POOLMAX': [-1, 2]}), ({'CONV': [64, 3]}, {'CONV': [128, 3]}), ({'CONV': [64, 5]}, {'CONV': [256, 3]}, {'POOLMAX': [-1, 2]}), ({'CONV': [128, 5]}, {'CONV': [256, 3]}), ({'CONV': [32, 3]}, {'CONV': [256, 3]}, {'POOLMAX': [-1, 2]}), ({'CONV': [64, 3]}, {'CONV': [128, 5]}), ({'CONV': [128, 3]}, {'CONV': [256, 5]}, {'POOLMAX': [-1, 2]}), {'GLOBAL_AVG': None}, {'LAST_DENSE': [100, 'softmax']}]",HHSE,NSGA2,,,,,0.7119550127074247,,,,1185613824,3522468,,,,,,"[20, 23, 20, 31, 46, 5, 23, 39]",0.7290802206662776,4.458835686882434e-05,0.0,0.0,0.5,0.0,0.84,0,1,0,100,0,0.01,BEST,False,False,73,True,True,GREEDY,,,GREEDY_HV
BAFEGS[M][M][M][M][M][M],27,28,88,88,0.88,True,True,"[20, 22, 23, 30, 46, 6, 22, 39]",[],"[20.226572808763937, 22.11653279518596, 23.40688765083016, 30.06637990014301, 46.596392270827515, 6.845655776804939, 22.653705936652738, 39.72225195003122]","[{'INP': 32}, {'CONV': [64, 3]}, ({'CONV': [64, 3]}, {'CONV': [128, 3]}), ({'CONV': [64, 3]}, {'CONV': [256, 3]}, {'POOLMAX': [-1, 2]}), ({'CONV': [64, 3]}, {'CONV': [256, 5]}), ({'CONV': [64, 5]}, {'CONV': [256, 3]}, {'POOLMAX': [-1, 2]}), ({'CONV': [128, 5]}, {'CONV': [256, 3]}), ({'CONV': [32, 3]}, {'CONV': [256, 3]}, {'POOLMAX': [-1, 2]}), ({'CONV': [64, 3]}, {'CONV': [256, 3]}), ({'CONV': [128, 3]}, {'CONV': [256, 5]}, {'POOLMAX': [-1, 2]}), {'GLOBAL_AVG': None}, {'LAST_DENSE': [100, 'softmax']}]",HHSE,NSGA2,,,,,0.7132487349464437,,,,1465495552,4154276,,,,,,"[20, 22, 19, 30, 46, 6, 22, 39]",0.7292434841873212,-0.0007231433439981,0.0,0.0,0.125,0.25,0.88,0,1,0,100,0,0.01,BEST,False,False,51,True,True,GREEDY,,,GREEDY_HV
BAFEGS[M][M][M][M][M][M],27,28,89,88,0.89,True,True,"[20, 22, 23, 30, 46, 6, 22, 39]",[],"[20.226572808763937, 22.11653279518596, 23.40688765083016, 30.06637990014301, 46.596392270827515, 6.845655776804939, 22.653705936652738, 39.72225195003122]","[{'INP': 32}, {'CONV': [64, 3]}, ({'CONV': [64, 3]}, {'CONV': [128, 3]}), ({'CONV': [64, 3]}, {'CONV': [256, 3]}, {'POOLMAX': [-1, 2]}), ({'CONV': [64, 3]}, {'CONV': [256, 5]}), ({'CONV': [64, 5]}, {'CONV': [256, 3]}, {'POOLMAX': [-1, 2]}), ({'CONV': [128, 5]}, {'CONV': [256, 3]}), ({'CONV': [32, 3]}, {'CONV': [256, 3]}, {'POOLMAX': [-1, 2]}), ({'CONV': [64, 3]}, {'CONV': [256, 3]}), ({'CONV': [128, 3]}, {'CONV': [256, 5]}, {'POOLMAX': [-1, 2]}), {'GLOBAL_AVG': None}, {'LAST_DENSE': [100, 'softmax']}]",HHSE,NSGA2,,,,,0.7132487349464437,,,,1465495552,4154276,,,,,,"[20, 22, 19, 30, 46, 6, 22, 39]",0.7304206400582378,-3.4734784328360746e-05,0.0,0.0,0.125,0.0,0.88,0,0,0,100,0,0.0,BEST,False,False,51,True,True,GREEDY,,,GREEDY_HV
BAFEGS[M][M][M][M][M][M],27,28,90,88,0.9,True,True,"[20, 22, 23, 30, 46, 6, 22, 39]",[],"[20.226572808763937, 22.11653279518596, 23.40688765083016, 30.06637990014301, 46.596392270827515, 6.845655776804939, 22.653705936652738, 39.72225195003122]","[{'INP': 32}, {'CONV': [64, 3]}, ({'CONV': [64, 3]}, {'CONV': [128, 3]}), ({'CONV': [64, 3]}, {'CONV': [256, 3]}, {'POOLMAX': [-1, 2]}), ({'CONV': [64, 3]}, {'CONV': [256, 5]}), ({'CONV': [64, 5]}, {'CONV': [256, 3]}, {'POOLMAX': [-1, 2]}), ({'CONV': [128, 5]}, {'CONV': [256, 3]}), ({'CONV': [32, 3]}, {'CONV': [256, 3]}, {'POOLMAX': [-1, 2]}), ({'CONV': [64, 3]}, {'CONV': [256, 3]}), ({'CONV': [128, 3]}, {'CONV': [256, 5]}, {'POOLMAX': [-1, 2]}), {'GLOBAL_AVG': None}, {'LAST_DENSE': [100, 'softmax']}]",HHSE,NSGA2,,,,,0.7132487349464437,,,,1465495552,4154276,,,,,,"[20, 22, 19, 30, 46, 6, 22, 39]",0.7304861064979254,-9.43855072893518e-05,0.0,0.0,0.125,0.0,0.88,0,0,0,100,0,0.0,BEST,False,False,51,True,True,GREEDY,,,GREEDY_HV
BAFEGS[M][M][M][M][M][M],27,28,91,88,0.91,True,True,"[20, 22, 23, 30, 46, 6, 22, 39]",[],"[20.226572808763937, 22.11653279518596, 23.40688765083016, 30.06637990014301, 46.596392270827515, 6.845655776804939, 22.653705936652738, 39.72225195003122]","[{'INP': 32}, {'CONV': [64, 3]}, ({'CONV': [64, 3]}, {'CONV': [128, 3]}), ({'CONV': [64, 3]}, {'CONV': [256, 3]}, {'POOLMAX': [-1, 2]}), ({'CONV': [64, 3]}, {'CONV': [256, 5]}), ({'CONV': [64, 5]}, {'CONV': [256, 3]}, {'POOLMAX': [-1, 2]}), ({'CONV': [128, 5]}, {'CONV': [256, 3]}), ({'CONV': [32, 3]}, {'CONV': [256, 3]}, {'POOLMAX': [-1, 2]}), ({'CONV': [64, 3]}, {'CONV': [256, 3]}), ({'CONV': [128, 3]}, {'CONV': [256, 5]}, {'POOLMAX': [-1, 2]}), {'GLOBAL_AVG': None}, {'LAST_DENSE': [100, 'softmax']}]",HHSE,NSGA2,,,,,0.7132487349464437,,,,1465495552,4154276,,,,,,"[20, 22, 19, 30, 46, 6, 22, 39]",0.7310473793368488,1.3652861729607224e-05,0.0,0.0,0.125,0.0,0.88,0,1,0,100,0,0.01,BEST,False,False,51,True,True,GREEDY,,,GREEDY_HV
BAFEGS[M][M][M][M][M][M],27,28,92,88,0.92,True,True,"[20, 22, 23, 30, 46, 6, 22, 39]",[],"[20.226572808763937, 22.11653279518596, 23.40688765083016, 30.06637990014301, 46.596392270827515, 6.845655776804939, 22.653705936652738, 39.72225195003122]","[{'INP': 32}, {'CONV': [64, 3]}, ({'CONV': [64, 3]}, {'CONV': [128, 3]}), ({'CONV': [64, 3]}, {'CONV': [256, 3]}, {'POOLMAX': [-1, 2]}), ({'CONV': [64, 3]}, {'CONV': [256, 5]}), ({'CONV': [64, 5]}, {'CONV': [256, 3]}, {'POOLMAX': [-1, 2]}), ({'CONV': [128, 5]}, {'CONV': [256, 3]}), ({'CONV': [32, 3]}, {'CONV': [256, 3]}, {'POOLMAX': [-1, 2]}), ({'CONV': [64, 3]}, {'CONV': [256, 3]}), ({'CONV': [128, 3]}, {'CONV': [256, 5]}, {'POOLMAX': [-1, 2]}), {'GLOBAL_AVG': None}, {'LAST_DENSE': [100, 'softmax']}]",HHSE,NSGA2,,,,,0.7132487349464437,,,,1465495552,4154276,,,,,,"[20, 22, 19, 30, 46, 6, 22, 39]",0.731359498534187,-0.0006894024824427,0.0,0.0,0.125,0.0,0.88,0,2,0,100,0,0.02,BEST,False,False,51,True,True,GREEDY,,,GREEDY_HV
BAFEGS[M][M][M][M][M],27,28,93,93,0.93,True,True,"[20, 23, 20, 30, 46, 6, 22, 39]",[],"[20.682772674983777, 23.374456817069788, 20.024281726028395, 30.89573906782564, 46.29762382216686, 6.0533071920086465, 22.20010443958206, 39.97932889936081]","[{'INP': 32}, {'CONV': [64, 3]}, ({'CONV': [64, 3]}, {'CONV': [128, 3]}), ({'CONV': [64, 3]}, {'CONV': [256, 5]}, {'POOLMAX': [-1, 2]}), ({'CONV': [64, 3]}, {'CONV': [128, 3]}), ({'CONV': [64, 5]}, {'CONV': [256, 3]}, {'POOLMAX': [-1, 2]}), ({'CONV': [128, 5]}, {'CONV': [256, 3]}), ({'CONV': [32, 3]}, {'CONV': [256, 3]}, {'POOLMAX': [-1, 2]}), ({'CONV': [64, 3]}, {'CONV': [256, 3]}), ({'CONV': [128, 3]}, {'CONV': [256, 5]}, {'POOLMAX': [-1, 2]}), {'GLOBAL_AVG': None}, {'LAST_DENSE': [100, 'softmax']}]",HHSE,NSGA2,,,,,0.7143248946182917,,,,1725378560,3875236,,,,,,"[20, 22, 20, 30, 46, 6, 21, 39]",0.7314062920392311,-0.0008075519779788,0.0,0.0,0.25,0.25,0.93,0,1,0,100,0,0.01,BEST,False,False,35,True,True,GREEDY,,,GREEDY_HV
BNLOMJ[M],27,28,94,94,0.94,True,True,"[20, 22, 2, 30, 46, 6, 39, 55]",[],"[20.82956142403241, 22.112662114723694, 2.7517014518169645, 30.62131702912031, 46.34094987980801, 6.443534254972681, 39.645565248621615, 55.310061864459904]","[{'INP': 32}, {'CONV': [64, 3]}, ({'CONV': [64, 3]}, {'CONV': [128, 3]}), ({'CONV': [64, 3]}, {'CONV': [256, 3]}, {'POOLMAX': [-1, 2]}), ({'CONV': [32, 3]}, {'CONV': [64, 3]}), ({'CONV': [64, 5]}, {'CONV': [256, 3]}, {'POOLMAX': [-1, 2]}), ({'CONV': [128, 5]}, {'CONV': [256, 3]}), ({'CONV': [32, 3]}, {'CONV': [256, 3]}, {'POOLMAX': [-1, 2]}), ({'CONV': [128, 3]}, {'CONV': [256, 5]}), ({'CONV': [256, 3]}, {'CONV': [256, 5]}, {'POOLMAX': [-1, 2]}), {'GLOBAL_AVG': None}, {'LAST_DENSE': [100, 'softmax']}]",HHSE,NSGA2,,,,,0.7146907630944689,,,,1131777024,5315364,,,,,,"[20, 22, 2, 30, 46, 6, 39, 55]",0.7324426621380256,-6.212127776206167e-05,0.375,0.125,0.0,0.5,0.94,0,0,0,100,0,0.0,BEST,False,False,30,True,True,GREEDY,,,GREEDY_HV
BRZWVX[M],27,28,95,95,0.95,True,True,"[20, 22, 20, 30, 46, 6, 23, 55]",[],"[20.142911247931856, 22.116191844678863, 20.42848852235665, 30.58601477357476, 46.87883375095197, 6.444864499682701, 23.336215622788696, 55.23245796320597]","[{'INP': 32}, {'CONV': [64, 3]}, ({'CONV': [64, 3]}, {'CONV': [128, 3]}), ({'CONV': [64, 3]}, {'CONV': [256, 3]}, {'POOLMAX': [-1, 2]}), ({'CONV': [64, 3]}, {'CONV': [128, 3]}), ({'CONV': [64, 5]}, {'CONV': [256, 3]}, {'POOLMAX': [-1, 2]}), ({'CONV': [128, 5]}, {'CONV': [256, 3]}), ({'CONV': [32, 3]}, {'CONV': [256, 3]}, {'POOLMAX': [-1, 2]}), ({'CONV': [64, 3]}, {'CONV': [256, 5]}), ({'CONV': [256, 3]}, {'CONV': [256, 5]}, {'POOLMAX': [-1, 2]}), {'GLOBAL_AVG': None}, {'LAST_DENSE': [100, 'softmax']}]",HHSE,NSGA2,,,,,0.717497949441514,,,,1232558080,4989860,,,,,,"[20, 22, 20, 30, 46, 6, 22, 55]",0.7329183136416509,-1.506268772011321e-05,0.125,0.375,0.125,0.25,0.95,0,0,0,100,0,0.0,BEST,False,False,9,True,True,GREEDY,,,GREEDY_HV
BRZWVX[M],27,28,96,95,0.96,True,True,"[20, 22, 20, 30, 46, 6, 23, 55]",[],"[20.142911247931856, 22.116191844678863, 20.42848852235665, 30.58601477357476, 46.87883375095197, 6.444864499682701, 23.336215622788696, 55.23245796320597]","[{'INP': 32}, {'CONV': [64, 3]}, ({'CONV': [64, 3]}, {'CONV': [128, 3]}), ({'CONV': [64, 3]}, {'CONV': [256, 3]}, {'POOLMAX': [-1, 2]}), ({'CONV': [64, 3]}, {'CONV': [128, 3]}), ({'CONV': [64, 5]}, {'CONV': [256, 3]}, {'POOLMAX': [-1, 2]}), ({'CONV': [128, 5]}, {'CONV': [256, 3]}), ({'CONV': [32, 3]}, {'CONV': [256, 3]}, {'POOLMAX': [-1, 2]}), ({'CONV': [64, 3]}, {'CONV': [256, 5]}), ({'CONV': [256, 3]}, {'CONV': [256, 5]}, {'POOLMAX': [-1, 2]}), {'GLOBAL_AVG': None}, {'LAST_DENSE': [100, 'softmax']}]",HHSE,NSGA2,,,,,0.717497949441514,,,,1232558080,4989860,,,,,,"[20, 22, 20, 30, 46, 6, 22, 55]",0.7352301067755338,-2.756870800391109e-05,0.125,0.375,0.125,0.0,0.95,0,0,0,100,0,0.0,BEST,False,False,9,True,True,GREEDY,,,GREEDY_HV
BNDPOB[M],27,28,97,97,0.97,True,True,"[20, 22, 20, 30, 46, 6, 22, 55]",[],"[20.444972451170596, 22.088303925854362, 20.437159635594654, 30.09363856223683, 46.2397846554089, 6.415912069831693, 22.675041014032235, 55.159873446381845]","[{'INP': 32}, {'CONV': [64, 3]}, ({'CONV': [64, 3]}, {'CONV': [128, 3]}), ({'CONV': [64, 3]}, {'CONV': [256, 3]}, {'POOLMAX': [-1, 2]}), ({'CONV': [64, 3]}, {'CONV': [128, 3]}), ({'CONV': [64, 5]}, {'CONV': [256, 3]}, {'POOLMAX': [-1, 2]}), ({'CONV': [128, 5]}, {'CONV': [256, 3]}), ({'CONV': [32, 3]}, {'CONV': [256, 3]}, {'POOLMAX': [-1, 2]}), ({'CONV': [64, 3]}, {'CONV': [256, 3]}), ({'CONV': [256, 3]}, {'CONV': [256, 5]}, {'POOLMAX': [-1, 2]}), {'GLOBAL_AVG': None}, {'LAST_DENSE': [100, 'softmax']}]",HHSE,NSGA2,,,,,0.7194076822339894,,,,1224169472,4727716,,,,,,"[20, 22, 20, 30, 46, 6, 22, 55]",0.7357924692836949,-0.0014474882784487,0.25,0.125,0.0,0.125,0.97,0,0,0,100,0,0.0,BEST,False,False,3,True,True,GREEDY,,,GREEDY_HV
BNDPOB[M],27,28,98,97,0.98,True,True,"[20, 22, 20, 30, 46, 6, 22, 55]",[],"[20.444972451170596, 22.088303925854362, 20.437159635594654, 30.09363856223683, 46.2397846554089, 6.415912069831693, 22.675041014032235, 55.159873446381845]","[{'INP': 32}, {'CONV': [64, 3]}, ({'CONV': [64, 3]}, {'CONV': [128, 3]}), ({'CONV': [64, 3]}, {'CONV': [256, 3]}, {'POOLMAX': [-1, 2]}), ({'CONV': [64, 3]}, {'CONV': [128, 3]}), ({'CONV': [64, 5]}, {'CONV': [256, 3]}, {'POOLMAX': [-1, 2]}), ({'CONV': [128, 5]}, {'CONV': [256, 3]}), ({'CONV': [32, 3]}, {'CONV': [256, 3]}, {'POOLMAX': [-1, 2]}), ({'CONV': [64, 3]}, {'CONV': [256, 3]}), ({'CONV': [256, 3]}, {'CONV': [256, 5]}, {'POOLMAX': [-1, 2]}), {'GLOBAL_AVG': None}, {'LAST_DENSE': [100, 'softmax']}]",HHSE,NSGA2,,,,,0.7194076822339894,,,,1224169472,4727716,,,,,,"[20, 22, 20, 30, 46, 6, 22, 55]",0.7374362769392804,-3.093518132335493e-05,0.25,0.125,0.0,0.0,0.97,0,0,0,100,0,0.0,BEST,False,False,3,True,True,GREEDY,,,GREEDY_HV
BNDPOB[M],27,28,99,97,0.99,True,True,"[20, 22, 20, 30, 46, 6, 22, 55]",[],"[20.444972451170596, 22.088303925854362, 20.437159635594654, 30.09363856223683, 46.2397846554089, 6.415912069831693, 22.675041014032235, 55.159873446381845]","[{'INP': 32}, {'CONV': [64, 3]}, ({'CONV': [64, 3]}, {'CONV': [128, 3]}), ({'CONV': [64, 3]}, {'CONV': [256, 3]}, {'POOLMAX': [-1, 2]}), ({'CONV': [64, 3]}, {'CONV': [128, 3]}), ({'CONV': [64, 5]}, {'CONV': [256, 3]}, {'POOLMAX': [-1, 2]}), ({'CONV': [128, 5]}, {'CONV': [256, 3]}), ({'CONV': [32, 3]}, {'CONV': [256, 3]}, {'POOLMAX': [-1, 2]}), ({'CONV': [64, 3]}, {'CONV': [256, 3]}), ({'CONV': [256, 3]}, {'CONV': [256, 5]}, {'POOLMAX': [-1, 2]}), {'GLOBAL_AVG': None}, {'LAST_DENSE': [100, 'softmax']}]",HHSE,NSGA2,,,,,0.7194076822339894,,,,1224169472,4727716,,,,,,"[20, 22, 20, 30, 46, 6, 22, 55]",0.7375825715035457,-2.8002906380386605e-05,0.25,0.125,0.0,0.0,0.97,0,0,0,100,0,0.0,BEST,False,False,3,True,True,GREEDY,,,GREEDY_HV
BNDPOB[M],27,28,100,97,1.0,True,True,"[20, 22, 20, 30, 46, 6, 22, 55]",[],"[20.444972451170596, 22.088303925854362, 20.437159635594654, 30.09363856223683, 46.2397846554089, 6.415912069831693, 22.675041014032235, 55.159873446381845]","[{'INP': 32}, {'CONV': [64, 3]}, ({'CONV': [64, 3]}, {'CONV': [128, 3]}), ({'CONV': [64, 3]}, {'CONV': [256, 3]}, {'POOLMAX': [-1, 2]}), ({'CONV': [64, 3]}, {'CONV': [128, 3]}), ({'CONV': [64, 5]}, {'CONV': [256, 3]}, {'POOLMAX': [-1, 2]}), ({'CONV': [128, 5]}, {'CONV': [256, 3]}), ({'CONV': [32, 3]}, {'CONV': [256, 3]}, {'POOLMAX': [-1, 2]}), ({'CONV': [64, 3]}, {'CONV': [256, 3]}), ({'CONV': [256, 3]}, {'CONV': [256, 5]}, {'POOLMAX': [-1, 2]}), {'GLOBAL_AVG': None}, {'LAST_DENSE': [100, 'softmax']}]",HHSE,NSGA2,,,,,0.7194076822339894,,,,1224169472,4727716,,,,,,"[20, 22, 20, 30, 46, 6, 22, 55]",0.7376064685917305,-9.334281135475742e-06,0.25,0.125,0.0,0.0,0.97,0,0,0,100,0,0.0,BEST,False,False,3,True,True,GREEDY,,,GREEDY_HV
BFFXBF[M],28,29,1,1,0.01,True,True,"[5, 50, 47, 57, 55, 34, 22, 55]",[],"[5.577497885107028, 50.990075455764654, 47.09265882628889, 57.24161169238005, 55.99664527550027, 34.96405008940607, 22.241772362192886, 55.87181590294462]","[{'INP': 32}, {'CONV': [64, 3]}, ({'CONV': [32, 3]}, {'CONV': [128, 5]}), ({'CONV': [256, 3]}, {'CONV': [64, 3]}, {'POOLMAX': [-1, 2]}), ({'CONV': [128, 5]}, {'CONV': [256, 5]}), ({'CONV': [256, 5]}, {'CONV': [32, 5]}, {'POOLMAX': [-1, 2]}), ({'CONV': [256, 3]}, {'CONV': [256, 5]}), ({'CONV': [128, 3]}, {'CONV': [64, 3]}, {'POOLMAX': [-1, 2]}), ({'CONV': [64, 3]}, {'CONV': [256, 3]}), ({'CONV': [256, 3]}, {'CONV': [256, 5]}, {'POOLMAX': [-1, 2]}), {'GLOBAL_AVG': None}, {'LAST_DENSE': [100, 'softmax']}]",HHSE,NSGA2,,,,,0.6934971612722386,,,,2972835840,7962148,,,,,,"[11, 37, 41, 61, 43, 15, 43, 15]",0.6692047877063264,0.0,0.0,0.0,1.0,0.0,0.01,0,9,0,100,0,0.09,BEST,False,False,308,True,True,GREEDY,,,GREEDY_HV
BFFXBF[M],28,29,2,1,0.02,True,True,"[5, 50, 47, 57, 55, 34, 22, 55]",[],"[5.577497885107028, 50.990075455764654, 47.09265882628889, 57.24161169238005, 55.99664527550027, 34.96405008940607, 22.241772362192886, 55.87181590294462]","[{'INP': 32}, {'CONV': [64, 3]}, ({'CONV': [32, 3]}, {'CONV': [128, 5]}), ({'CONV': [256, 3]}, {'CONV': [64, 3]}, {'POOLMAX': [-1, 2]}), ({'CONV': [128, 5]}, {'CONV': [256, 5]}), ({'CONV': [256, 5]}, {'CONV': [32, 5]}, {'POOLMAX': [-1, 2]}), ({'CONV': [256, 3]}, {'CONV': [256, 5]}), ({'CONV': [128, 3]}, {'CONV': [64, 3]}, {'POOLMAX': [-1, 2]}), ({'CONV': [64, 3]}, {'CONV': [256, 3]}), ({'CONV': [256, 3]}, {'CONV': [256, 5]}, {'POOLMAX': [-1, 2]}), {'GLOBAL_AVG': None}, {'LAST_DENSE': [100, 'softmax']}]",HHSE,NSGA2,,,,,0.6934971612722386,,,,2972835840,7962148,,,,,,"[11, 37, 41, 61, 43, 15, 43, 15]",0.6830887849136109,0.0085802802128431,0.0,0.0,1.0,0.0,0.01,0,1,0,100,0,0.01,BEST,False,False,308,True,True,GREEDY,,,GREEDY_HV
BFFXBF[M],28,29,3,1,0.03,True,True,"[5, 50, 47, 57, 55, 34, 22, 55]",[],"[5.577497885107028, 50.990075455764654, 47.09265882628889, 57.24161169238005, 55.99664527550027, 34.96405008940607, 22.241772362192886, 55.87181590294462]","[{'INP': 32}, {'CONV': [64, 3]}, ({'CONV': [32, 3]}, {'CONV': [128, 5]}), ({'CONV': [256, 3]}, {'CONV': [64, 3]}, {'POOLMAX': [-1, 2]}), ({'CONV': [128, 5]}, {'CONV': [256, 5]}), ({'CONV': [256, 5]}, {'CONV': [32, 5]}, {'POOLMAX': [-1, 2]}), ({'CONV': [256, 3]}, {'CONV': [256, 5]}), ({'CONV': [128, 3]}, {'CONV': [64, 3]}, {'POOLMAX': [-1, 2]}), ({'CONV': [64, 3]}, {'CONV': [256, 3]}), ({'CONV': [256, 3]}, {'CONV': [256, 5]}, {'POOLMAX': [-1, 2]}), {'GLOBAL_AVG': None}, {'LAST_DENSE': [100, 'softmax']}]",HHSE,NSGA2,,,,,0.6934971612722386,,,,2972835840,7962148,,,,,,"[11, 37, 41, 61, 43, 15, 43, 15]",0.6893410635057236,0.0009739421214974,0.0,0.0,1.0,0.0,0.01,0,2,0,100,0,0.02,BEST,False,False,308,True,True,GREEDY,,,GREEDY_HV
BFFXBF[M],28,29,4,1,0.04,True,True,"[5, 50, 47, 57, 55, 34, 22, 55]",[],"[5.577497885107028, 50.990075455764654, 47.09265882628889, 57.24161169238005, 55.99664527550027, 34.96405008940607, 22.241772362192886, 55.87181590294462]","[{'INP': 32}, {'CONV': [64, 3]}, ({'CONV': [32, 3]}, {'CONV': [128, 5]}), ({'CONV': [256, 3]}, {'CONV': [64, 3]}, {'POOLMAX': [-1, 2]}), ({'CONV': [128, 5]}, {'CONV': [256, 5]}), ({'CONV': [256, 5]}, {'CONV': [32, 5]}, {'POOLMAX': [-1, 2]}), ({'CONV': [256, 3]}, {'CONV': [256, 5]}), ({'CONV': [128, 3]}, {'CONV': [64, 3]}, {'POOLMAX': [-1, 2]}), ({'CONV': [64, 3]}, {'CONV': [256, 3]}), ({'CONV': [256, 3]}, {'CONV': [256, 5]}, {'POOLMAX': [-1, 2]}), {'GLOBAL_AVG': None}, {'LAST_DENSE': [100, 'softmax']}]",HHSE,NSGA2,,,,,0.6934971612722386,,,,2972835840,7962148,,,,,,"[11, 37, 41, 61, 43, 15, 43, 15]",0.693711917889299,0.0007089922175911,0.0,0.0,1.0,0.0,0.01,0,3,0,100,0,0.03,BEST,False,False,308,True,True,GREEDY,,,GREEDY_HV
BFFXBF[M],28,29,5,1,0.05,True,True,"[5, 50, 47, 57, 55, 34, 22, 55]",[],"[5.577497885107028, 50.990075455764654, 47.09265882628889, 57.24161169238005, 55.99664527550027, 34.96405008940607, 22.241772362192886, 55.87181590294462]","[{'INP': 32}, {'CONV': [64, 3]}, ({'CONV': [32, 3]}, {'CONV': [128, 5]}), ({'CONV': [256, 3]}, {'CONV': [64, 3]}, {'POOLMAX': [-1, 2]}), ({'CONV': [128, 5]}, {'CONV': [256, 5]}), ({'CONV': [256, 5]}, {'CONV': [32, 5]}, {'POOLMAX': [-1, 2]}), ({'CONV': [256, 3]}, {'CONV': [256, 5]}), ({'CONV': [128, 3]}, {'CONV': [64, 3]}, {'POOLMAX': [-1, 2]}), ({'CONV': [64, 3]}, {'CONV': [256, 3]}), ({'CONV': [256, 3]}, {'CONV': [256, 5]}, {'POOLMAX': [-1, 2]}), {'GLOBAL_AVG': None}, {'LAST_DENSE': [100, 'softmax']}]",HHSE,NSGA2,,,,,0.6934971612722386,,,,2972835840,7962148,,,,,,"[11, 37, 41, 61, 43, 15, 43, 15]",0.6996674230087354,-0.0010706370123065,0.0,0.0,1.0,0.0,0.01,0,2,0,100,0,0.02,BEST,False,False,308,True,True,GREEDY,,,GREEDY_HV
BFFXBF[M],28,29,6,1,0.06,True,True,"[5, 50, 47, 57, 55, 34, 22, 55]",[],"[5.577497885107028, 50.990075455764654, 47.09265882628889, 57.24161169238005, 55.99664527550027, 34.96405008940607, 22.241772362192886, 55.87181590294462]","[{'INP': 32}, {'CONV': [64, 3]}, ({'CONV': [32, 3]}, {'CONV': [128, 5]}), ({'CONV': [256, 3]}, {'CONV': [64, 3]}, {'POOLMAX': [-1, 2]}), ({'CONV': [128, 5]}, {'CONV': [256, 5]}), ({'CONV': [256, 5]}, {'CONV': [32, 5]}, {'POOLMAX': [-1, 2]}), ({'CONV': [256, 3]}, {'CONV': [256, 5]}), ({'CONV': [128, 3]}, {'CONV': [64, 3]}, {'POOLMAX': [-1, 2]}), ({'CONV': [64, 3]}, {'CONV': [256, 3]}), ({'CONV': [256, 3]}, {'CONV': [256, 5]}, {'POOLMAX': [-1, 2]}), {'GLOBAL_AVG': None}, {'LAST_DENSE': [100, 'softmax']}]",HHSE,NSGA2,,,,,0.6934971612722386,,,,2972835840,7962148,,,,,,"[11, 37, 41, 61, 43, 15, 43, 15]",0.6995444927290698,0.0001865852344089,0.0,0.0,1.0,0.0,0.01,0,1,0,100,0,0.01,BEST,False,False,308,True,True,GREEDY,,,GREEDY_HV
BTCIOS[M][M][M][M][M],28,29,7,7,0.07,True,True,"[28, 0, 14, 38, 39, 23, 61, 55]",[],"[28.372143204830277, 0.049304889762673165, 14.158186120037398, 38.533954908124485, 39.10157473048254, 23.818477854252897, 61.52828287060887, 55.185362734680645]","[{'INP': 32}, {'CONV': [64, 3]}, ({'CONV': [64, 5]}, {'CONV': [128, 3]}), ({'CONV': [32, 3]}, {'CONV': [32, 3]}, {'POOLMAX': [-1, 2]}), ({'CONV': [32, 5]}, {'CONV': [256, 3]}), ({'CONV': [128, 3]}, {'CONV': [256, 3]}, {'POOLMAX': [-1, 2]}), ({'CONV': [128, 3]}, {'CONV': [256, 5]}), ({'CONV': [64, 3]}, {'CONV': [256, 5]}, {'POOLMAX': [-1, 2]}), ({'CONV': [256, 5]}, {'CONV': [128, 5]}), ({'CONV': [256, 3]}, {'CONV': [256, 5]}, {'POOLMAX': [-1, 2]}), {'GLOBAL_AVG': None}, {'LAST_DENSE': [100, 'softmax']}]",HHSE,NSGA2,,,,,0.6946759757719327,,,,1169208320,7011236,,,,,,"[48, 0, 2, 45, 10, 36, 19, 55]",0.7003649112725874,-0.0036831813504689,0.0,0.0,0.75,0.875,0.07,0,0,0,100,0,0.0,BEST,False,False,300,True,True,GREEDY,,,GREEDY_HV
BTCIOS[M][M][M][M][M],28,29,8,7,0.08,True,True,"[28, 0, 14, 38, 39, 23, 61, 55]",[],"[28.372143204830277, 0.049304889762673165, 14.158186120037398, 38.533954908124485, 39.10157473048254, 23.818477854252897, 61.52828287060887, 55.185362734680645]","[{'INP': 32}, {'CONV': [64, 3]}, ({'CONV': [64, 5]}, {'CONV': [128, 3]}), ({'CONV': [32, 3]}, {'CONV': [32, 3]}, {'POOLMAX': [-1, 2]}), ({'CONV': [32, 5]}, {'CONV': [256, 3]}), ({'CONV': [128, 3]}, {'CONV': [256, 3]}, {'POOLMAX': [-1, 2]}), ({'CONV': [128, 3]}, {'CONV': [256, 5]}), ({'CONV': [64, 3]}, {'CONV': [256, 5]}, {'POOLMAX': [-1, 2]}), ({'CONV': [256, 5]}, {'CONV': [128, 5]}), ({'CONV': [256, 3]}, {'CONV': [256, 5]}, {'POOLMAX': [-1, 2]}), {'GLOBAL_AVG': None}, {'LAST_DENSE': [100, 'softmax']}]",HHSE,NSGA2,,,,,0.6946759757719327,,,,1169208320,7011236,,,,,,"[48, 0, 2, 45, 10, 36, 19, 55]",0.7046804949812768,-0.0008931182451217,0.0,0.0,0.75,0.0,0.07,0,0,0,100,0,0.0,BEST,False,False,300,True,True,GREEDY,,,GREEDY_HV
BTCIOS[M][M][M][M][M],28,29,9,7,0.09,True,True,"[28, 0, 14, 38, 39, 23, 61, 55]",[],"[28.372143204830277, 0.049304889762673165, 14.158186120037398, 38.533954908124485, 39.10157473048254, 23.818477854252897, 61.52828287060887, 55.185362734680645]","[{'INP': 32}, {'CONV': [64, 3]}, ({'CONV': [64, 5]}, {'CONV': [128, 3]}), ({'CONV': [32, 3]}, {'CONV': [32, 3]}, {'POOLMAX': [-1, 2]}), ({'CONV': [32, 5]}, {'CONV': [256, 3]}), ({'CONV': [128, 3]}, {'CONV': [256, 3]}, {'POOLMAX': [-1, 2]}), ({'CONV': [128, 3]}, {'CONV': [256, 5]}), ({'CONV': [64, 3]}, {'CONV': [256, 5]}, {'POOLMAX': [-1, 2]}), ({'CONV': [256, 5]}, {'CONV': [128, 5]}), ({'CONV': [256, 3]}, {'CONV': [256, 5]}, {'POOLMAX': [-1, 2]}), {'GLOBAL_AVG': None}, {'LAST_DENSE': [100, 'softmax']}]",HHSE,NSGA2,,,,,0.6946759757719327,,,,1169208320,7011236,,,,,,"[48, 0, 2, 45, 10, 36, 19, 55]",0.7082819424794273,-0.000265187333261,0.0,0.0,0.75,0.0,0.07,0,1,0,100,0,0.01,BEST,False,False,300,True,True,GREEDY,,,GREEDY_HV
BTCIOS[M][M][M][M][M],28,29,10,7,0.1,True,True,"[28, 0, 14, 38, 39, 23, 61, 55]",[],"[28.372143204830277, 0.049304889762673165, 14.158186120037398, 38.533954908124485, 39.10157473048254, 23.818477854252897, 61.52828287060887, 55.185362734680645]","[{'INP': 32}, {'CONV': [64, 3]}, ({'CONV': [64, 5]}, {'CONV': [128, 3]}), ({'CONV': [32, 3]}, {'CONV': [32, 3]}, {'POOLMAX': [-1, 2]}), ({'CONV': [32, 5]}, {'CONV': [256, 3]}), ({'CONV': [128, 3]}, {'CONV': [256, 3]}, {'POOLMAX': [-1, 2]}), ({'CONV': [128, 3]}, {'CONV': [256, 5]}), ({'CONV': [64, 3]}, {'CONV': [256, 5]}, {'POOLMAX': [-1, 2]}), ({'CONV': [256, 5]}, {'CONV': [128, 5]}), ({'CONV': [256, 3]}, {'CONV': [256, 5]}, {'POOLMAX': [-1, 2]}), {'GLOBAL_AVG': None}, {'LAST_DENSE': [100, 'softmax']}]",HHSE,NSGA2,,,,,0.6946759757719327,,,,1169208320,7011236,,,,,,"[48, 0, 2, 45, 10, 36, 19, 55]",0.7083504566814575,-7.575594137543273e-05,0.0,0.0,0.75,0.0,0.07,0,0,0,100,0,0.0,BEST,False,False,300,True,True,GREEDY,,,GREEDY_HV
BTCIOS[M][M][M][M][M],28,29,11,7,0.11,True,True,"[28, 0, 14, 38, 39, 23, 61, 55]",[],"[28.372143204830277, 0.049304889762673165, 14.158186120037398, 38.533954908124485, 39.10157473048254, 23.818477854252897, 61.52828287060887, 55.185362734680645]","[{'INP': 32}, {'CONV': [64, 3]}, ({'CONV': [64, 5]}, {'CONV': [128, 3]}), ({'CONV': [32, 3]}, {'CONV': [32, 3]}, {'POOLMAX': [-1, 2]}), ({'CONV': [32, 5]}, {'CONV': [256, 3]}), ({'CONV': [128, 3]}, {'CONV': [256, 3]}, {'POOLMAX': [-1, 2]}), ({'CONV': [128, 3]}, {'CONV': [256, 5]}), ({'CONV': [64, 3]}, {'CONV': [256, 5]}, {'POOLMAX': [-1, 2]}), ({'CONV': [256, 5]}, {'CONV': [128, 5]}), ({'CONV': [256, 3]}, {'CONV': [256, 5]}, {'POOLMAX': [-1, 2]}), {'GLOBAL_AVG': None}, {'LAST_DENSE': [100, 'softmax']}]",HHSE,NSGA2,,,,,0.6946759757719327,,,,1169208320,7011236,,,,,,"[48, 0, 2, 45, 10, 36, 19, 55]",0.7083723655617691,-0.0022776100884427,0.0,0.0,0.75,0.0,0.07,0,0,0,100,0,0.0,BEST,False,False,300,True,True,GREEDY,,,GREEDY_HV
BTCIOS[M][M][M][M][M],28,29,12,7,0.12,True,True,"[28, 0, 14, 38, 39, 23, 61, 55]",[],"[28.372143204830277, 0.049304889762673165, 14.158186120037398, 38.533954908124485, 39.10157473048254, 23.818477854252897, 61.52828287060887, 55.185362734680645]","[{'INP': 32}, {'CONV': [64, 3]}, ({'CONV': [64, 5]}, {'CONV': [128, 3]}), ({'CONV': [32, 3]}, {'CONV': [32, 3]}, {'POOLMAX': [-1, 2]}), ({'CONV': [32, 5]}, {'CONV': [256, 3]}), ({'CONV': [128, 3]}, {'CONV': [256, 3]}, {'POOLMAX': [-1, 2]}), ({'CONV': [128, 3]}, {'CONV': [256, 5]}), ({'CONV': [64, 3]}, {'CONV': [256, 5]}, {'POOLMAX': [-1, 2]}), ({'CONV': [256, 5]}, {'CONV': [128, 5]}), ({'CONV': [256, 3]}, {'CONV': [256, 5]}, {'POOLMAX': [-1, 2]}), {'GLOBAL_AVG': None}, {'LAST_DENSE': [100, 'softmax']}]",HHSE,NSGA2,,,,,0.6946759757719327,,,,1169208320,7011236,,,,,,"[48, 0, 2, 45, 10, 36, 19, 55]",0.7084742875856165,-0.0011798484972069,0.0,0.0,0.75,0.0,0.07,0,0,0,100,0,0.0,BEST,False,False,300,True,True,GREEDY,,,GREEDY_HV
BAPAPW[M],28,29,13,13,0.13,True,True,"[36, 11, 30, 38, 51, 26, 31, 39]",[],"[36.07714279304469, 11.867672711455754, 30.935815002925132, 38.94855735196867, 51.99370954415008, 26.886291131016534, 31.323893300355163, 39.46601383431251]","[{'INP': 32}, {'CONV': [64, 3]}, ({'CONV': [128, 3]}, {'CONV': [128, 3]}), ({'CONV': [32, 5]}, {'CONV': [64, 5]}, {'POOLMAX': [-1, 2]}), ({'CONV': [64, 5]}, {'CONV': [256, 3]}), ({'CONV': [128, 3]}, {'CONV': [256, 3]}, {'POOLMAX': [-1, 2]}), ({'CONV': [256, 3]}, {'CONV': [64, 5]}), ({'CONV': [64, 5]}, {'CONV': [64, 3]}, {'POOLMAX': [-1, 2]}), ({'CONV': [64, 5]}, {'CONV': [256, 5]}), ({'CONV': [128, 3]}, {'CONV': [256, 5]}, {'POOLMAX': [-1, 2]}), {'GLOBAL_AVG': None}, {'LAST_DENSE': [100, 'softmax']}]",HHSE,NSGA2,,,,,0.7019531014425839,,,,1402640384,4015780,,,,,,"[14, 30, 0, 32, 43, 1, 53, 6]",0.7087732830759486,-0.0003803738685282,0.625,0.25,1.0,0.875,0.13,0,1,0,100,0,0.01,BEST,False,False,232,True,True,GREEDY,,,GREEDY_HV
BAPAPW[M],28,29,14,13,0.14,True,True,"[36, 11, 30, 38, 51, 26, 31, 39]",[],"[36.07714279304469, 11.867672711455754, 30.935815002925132, 38.94855735196867, 51.99370954415008, 26.886291131016534, 31.323893300355163, 39.46601383431251]","[{'INP': 32}, {'CONV': [64, 3]}, ({'CONV': [128, 3]}, {'CONV': [128, 3]}), ({'CONV': [32, 5]}, {'CONV': [64, 5]}, {'POOLMAX': [-1, 2]}), ({'CONV': [64, 5]}, {'CONV': [256, 3]}), ({'CONV': [128, 3]}, {'CONV': [256, 3]}, {'POOLMAX': [-1, 2]}), ({'CONV': [256, 3]}, {'CONV': [64, 5]}), ({'CONV': [64, 5]}, {'CONV': [64, 3]}, {'POOLMAX': [-1, 2]}), ({'CONV': [64, 5]}, {'CONV': [256, 5]}), ({'CONV': [128, 3]}, {'CONV': [256, 5]}, {'POOLMAX': [-1, 2]}), {'GLOBAL_AVG': None}, {'LAST_DENSE': [100, 'softmax']}]",HHSE,NSGA2,,,,,0.7019531014425839,,,,1402640384,4015780,,,,,,"[14, 30, 0, 32, 43, 1, 53, 6]",0.714452429700808,-0.0013898536811867,0.625,0.25,1.0,0.0,0.13,0,0,0,100,0,0.0,BEST,False,False,232,True,True,GREEDY,,,GREEDY_HV
BAPAPW[M],28,29,15,13,0.15,True,True,"[36, 11, 30, 38, 51, 26, 31, 39]",[],"[36.07714279304469, 11.867672711455754, 30.935815002925132, 38.94855735196867, 51.99370954415008, 26.886291131016534, 31.323893300355163, 39.46601383431251]","[{'INP': 32}, {'CONV': [64, 3]}, ({'CONV': [128, 3]}, {'CONV': [128, 3]}), ({'CONV': [32, 5]}, {'CONV': [64, 5]}, {'POOLMAX': [-1, 2]}), ({'CONV': [64, 5]}, {'CONV': [256, 3]}), ({'CONV': [128, 3]}, {'CONV': [256, 3]}, {'POOLMAX': [-1, 2]}), ({'CONV': [256, 3]}, {'CONV': [64, 5]}), ({'CONV': [64, 5]}, {'CONV': [64, 3]}, {'POOLMAX': [-1, 2]}), ({'CONV': [64, 5]}, {'CONV': [256, 5]}), ({'CONV': [128, 3]}, {'CONV': [256, 5]}, {'POOLMAX': [-1, 2]}), {'GLOBAL_AVG': None}, {'LAST_DENSE': [100, 'softmax']}]",HHSE,NSGA2,,,,,0.7019531014425839,,,,1402640384,4015780,,,,,,"[14, 30, 0, 32, 43, 1, 53, 6]",0.7144977186751487,-0.0041026139980814,0.625,0.25,1.0,0.0,0.13,0,1,0,100,0,0.01,BEST,False,False,232,True,True,GREEDY,,,GREEDY_HV
BAPAPW[M],28,29,16,13,0.16,True,True,"[36, 11, 30, 38, 51, 26, 31, 39]",[],"[36.07714279304469, 11.867672711455754, 30.935815002925132, 38.94855735196867, 51.99370954415008, 26.886291131016534, 31.323893300355163, 39.46601383431251]","[{'INP': 32}, {'CONV': [64, 3]}, ({'CONV': [128, 3]}, {'CONV': [128, 3]}), ({'CONV': [32, 5]}, {'CONV': [64, 5]}, {'POOLMAX': [-1, 2]}), ({'CONV': [64, 5]}, {'CONV': [256, 3]}), ({'CONV': [128, 3]}, {'CONV': [256, 3]}, {'POOLMAX': [-1, 2]}), ({'CONV': [256, 3]}, {'CONV': [64, 5]}), ({'CONV': [64, 5]}, {'CONV': [64, 3]}, {'POOLMAX': [-1, 2]}), ({'CONV': [64, 5]}, {'CONV': [256, 5]}), ({'CONV': [128, 3]}, {'CONV': [256, 5]}, {'POOLMAX': [-1, 2]}), {'GLOBAL_AVG': None}, {'LAST_DENSE': [100, 'softmax']}]",HHSE,NSGA2,,,,,0.7019531014425839,,,,1402640384,4015780,,,,,,"[14, 30, 0, 32, 43, 1, 53, 6]",0.7150903615661467,-0.0005670550395061,0.625,0.25,1.0,0.0,0.13,0,0,0,100,0,0.0,BEST,False,False,232,True,True,GREEDY,,,GREEDY_HV
BAPAPW[M],28,29,17,13,0.17,True,True,"[36, 11, 30, 38, 51, 26, 31, 39]",[],"[36.07714279304469, 11.867672711455754, 30.935815002925132, 38.94855735196867, 51.99370954415008, 26.886291131016534, 31.323893300355163, 39.46601383431251]","[{'INP': 32}, {'CONV': [64, 3]}, ({'CONV': [128, 3]}, {'CONV': [128, 3]}), ({'CONV': [32, 5]}, {'CONV': [64, 5]}, {'POOLMAX': [-1, 2]}), ({'CONV': [64, 5]}, {'CONV': [256, 3]}), ({'CONV': [128, 3]}, {'CONV': [256, 3]}, {'POOLMAX': [-1, 2]}), ({'CONV': [256, 3]}, {'CONV': [64, 5]}), ({'CONV': [64, 5]}, {'CONV': [64, 3]}, {'POOLMAX': [-1, 2]}), ({'CONV': [64, 5]}, {'CONV': [256, 5]}), ({'CONV': [128, 3]}, {'CONV': [256, 5]}, {'POOLMAX': [-1, 2]}), {'GLOBAL_AVG': None}, {'LAST_DENSE': [100, 'softmax']}]",HHSE,NSGA2,,,,,0.7019531014425839,,,,1402640384,4015780,,,,,,"[14, 30, 0, 32, 43, 1, 53, 6]",0.7168888031431108,-0.0001801464005583,0.625,0.25,1.0,0.0,0.13,0,0,0,100,0,0.0,BEST,False,False,232,True,True,GREEDY,,,GREEDY_HV
BAPAPW[M],28,29,18,13,0.18,True,True,"[36, 11, 30, 38, 51, 26, 31, 39]",[],"[36.07714279304469, 11.867672711455754, 30.935815002925132, 38.94855735196867, 51.99370954415008, 26.886291131016534, 31.323893300355163, 39.46601383431251]","[{'INP': 32}, {'CONV': [64, 3]}, ({'CONV': [128, 3]}, {'CONV': [128, 3]}), ({'CONV': [32, 5]}, {'CONV': [64, 5]}, {'POOLMAX': [-1, 2]}), ({'CONV': [64, 5]}, {'CONV': [256, 3]}), ({'CONV': [128, 3]}, {'CONV': [256, 3]}, {'POOLMAX': [-1, 2]}), ({'CONV': [256, 3]}, {'CONV': [64, 5]}), ({'CONV': [64, 5]}, {'CONV': [64, 3]}, {'POOLMAX': [-1, 2]}), ({'CONV': [64, 5]}, {'CONV': [256, 5]}), ({'CONV': [128, 3]}, {'CONV': [256, 5]}, {'POOLMAX': [-1, 2]}), {'GLOBAL_AVG': None}, {'LAST_DENSE': [100, 'softmax']}]",HHSE,NSGA2,,,,,0.7019531014425839,,,,1402640384,4015780,,,,,,"[14, 30, 0, 32, 43, 1, 53, 6]",0.7169216669361962,-9.988367492375085e-05,0.625,0.25,1.0,0.0,0.13,0,1,0,100,0,0.01,BEST,False,False,232,True,True,GREEDY,,,GREEDY_HV
BAPAPW[M],28,29,19,13,0.19,True,True,"[36, 11, 30, 38, 51, 26, 31, 39]",[],"[36.07714279304469, 11.867672711455754, 30.935815002925132, 38.94855735196867, 51.99370954415008, 26.886291131016534, 31.323893300355163, 39.46601383431251]","[{'INP': 32}, {'CONV': [64, 3]}, ({'CONV': [128, 3]}, {'CONV': [128, 3]}), ({'CONV': [32, 5]}, {'CONV': [64, 5]}, {'POOLMAX': [-1, 2]}), ({'CONV': [64, 5]}, {'CONV': [256, 3]}), ({'CONV': [128, 3]}, {'CONV': [256, 3]}, {'POOLMAX': [-1, 2]}), ({'CONV': [256, 3]}, {'CONV': [64, 5]}), ({'CONV': [64, 5]}, {'CONV': [64, 3]}, {'POOLMAX': [-1, 2]}), ({'CONV': [64, 5]}, {'CONV': [256, 5]}), ({'CONV': [128, 3]}, {'CONV': [256, 5]}, {'POOLMAX': [-1, 2]}), {'GLOBAL_AVG': None}, {'LAST_DENSE': [100, 'softmax']}]",HHSE,NSGA2,,,,,0.7019531014425839,,,,1402640384,4015780,,,,,,"[14, 30, 0, 32, 43, 1, 53, 6]",0.7169308575792721,-0.000242539638162,0.625,0.25,1.0,0.0,0.13,0,0,0,100,0,0.0,BEST,False,False,232,True,True,GREEDY,,,GREEDY_HV
BAPAPW[M],28,29,20,13,0.2,True,True,"[36, 11, 30, 38, 51, 26, 31, 39]",[],"[36.07714279304469, 11.867672711455754, 30.935815002925132, 38.94855735196867, 51.99370954415008, 26.886291131016534, 31.323893300355163, 39.46601383431251]","[{'INP': 32}, {'CONV': [64, 3]}, ({'CONV': [128, 3]}, {'CONV': [128, 3]}), ({'CONV': [32, 5]}, {'CONV': [64, 5]}, {'POOLMAX': [-1, 2]}), ({'CONV': [64, 5]}, {'CONV': [256, 3]}), ({'CONV': [128, 3]}, {'CONV': [256, 3]}, {'POOLMAX': [-1, 2]}), ({'CONV': [256, 3]}, {'CONV': [64, 5]}), ({'CONV': [64, 5]}, {'CONV': [64, 3]}, {'POOLMAX': [-1, 2]}), ({'CONV': [64, 5]}, {'CONV': [256, 5]}), ({'CONV': [128, 3]}, {'CONV': [256, 5]}, {'POOLMAX': [-1, 2]}), {'GLOBAL_AVG': None}, {'LAST_DENSE': [100, 'softmax']}]",HHSE,NSGA2,,,,,0.7019531014425839,,,,1402640384,4015780,,,,,,"[14, 30, 0, 32, 43, 1, 53, 6]",0.7170315633872033,-0.0006062385154022,0.625,0.25,1.0,0.0,0.13,0,0,0,100,0,0.0,BEST,False,False,232,True,True,GREEDY,,,GREEDY_HV
BAPAPW[M],28,29,21,13,0.21,True,True,"[36, 11, 30, 38, 51, 26, 31, 39]",[],"[36.07714279304469, 11.867672711455754, 30.935815002925132, 38.94855735196867, 51.99370954415008, 26.886291131016534, 31.323893300355163, 39.46601383431251]","[{'INP': 32}, {'CONV': [64, 3]}, ({'CONV': [128, 3]}, {'CONV': [128, 3]}), ({'CONV': [32, 5]}, {'CONV': [64, 5]}, {'POOLMAX': [-1, 2]}), ({'CONV': [64, 5]}, {'CONV': [256, 3]}), ({'CONV': [128, 3]}, {'CONV': [256, 3]}, {'POOLMAX': [-1, 2]}), ({'CONV': [256, 3]}, {'CONV': [64, 5]}), ({'CONV': [64, 5]}, {'CONV': [64, 3]}, {'POOLMAX': [-1, 2]}), ({'CONV': [64, 5]}, {'CONV': [256, 5]}), ({'CONV': [128, 3]}, {'CONV': [256, 5]}, {'POOLMAX': [-1, 2]}), {'GLOBAL_AVG': None}, {'LAST_DENSE': [100, 'softmax']}]",HHSE,NSGA2,,,,,0.7019531014425839,,,,1402640384,4015780,,,,,,"[14, 30, 0, 32, 43, 1, 53, 6]",0.7170237088172476,-0.0002676891591912,0.625,0.25,1.0,0.0,0.13,0,0,0,100,0,0.0,BEST,False,False,232,True,True,GREEDY,,,GREEDY_HV
BAPAPW[M],28,29,22,13,0.22,True,True,"[36, 11, 30, 38, 51, 26, 31, 39]",[],"[36.07714279304469, 11.867672711455754, 30.935815002925132, 38.94855735196867, 51.99370954415008, 26.886291131016534, 31.323893300355163, 39.46601383431251]","[{'INP': 32}, {'CONV': [64, 3]}, ({'CONV': [128, 3]}, {'CONV': [128, 3]}), ({'CONV': [32, 5]}, {'CONV': [64, 5]}, {'POOLMAX': [-1, 2]}), ({'CONV': [64, 5]}, {'CONV': [256, 3]}), ({'CONV': [128, 3]}, {'CONV': [256, 3]}, {'POOLMAX': [-1, 2]}), ({'CONV': [256, 3]}, {'CONV': [64, 5]}), ({'CONV': [64, 5]}, {'CONV': [64, 3]}, {'POOLMAX': [-1, 2]}), ({'CONV': [64, 5]}, {'CONV': [256, 5]}), ({'CONV': [128, 3]}, {'CONV': [256, 5]}, {'POOLMAX': [-1, 2]}), {'GLOBAL_AVG': None}, {'LAST_DENSE': [100, 'softmax']}]",HHSE,NSGA2,,,,,0.7019531014425839,,,,1402640384,4015780,,,,,,"[14, 30, 0, 32, 43, 1, 53, 6]",0.7171080029135928,-0.0003578093823022,0.625,0.25,1.0,0.0,0.13,0,0,0,100,0,0.0,BEST,False,False,232,True,True,GREEDY,,,GREEDY_HV
BAPAPW[M],28,29,23,13,0.23,True,True,"[36, 11, 30, 38, 51, 26, 31, 39]",[],"[36.07714279304469, 11.867672711455754, 30.935815002925132, 38.94855735196867, 51.99370954415008, 26.886291131016534, 31.323893300355163, 39.46601383431251]","[{'INP': 32}, {'CONV': [64, 3]}, ({'CONV': [128, 3]}, {'CONV': [128, 3]}), ({'CONV': [32, 5]}, {'CONV': [64, 5]}, {'POOLMAX': [-1, 2]}), ({'CONV': [64, 5]}, {'CONV': [256, 3]}), ({'CONV': [128, 3]}, {'CONV': [256, 3]}, {'POOLMAX': [-1, 2]}), ({'CONV': [256, 3]}, {'CONV': [64, 5]}), ({'CONV': [64, 5]}, {'CONV': [64, 3]}, {'POOLMAX': [-1, 2]}), ({'CONV': [64, 5]}, {'CONV': [256, 5]}), ({'CONV': [128, 3]}, {'CONV': [256, 5]}, {'POOLMAX': [-1, 2]}), {'GLOBAL_AVG': None}, {'LAST_DENSE': [100, 'softmax']}]",HHSE,NSGA2,,,,,0.7019531014425839,,,,1402640384,4015780,,,,,,"[14, 30, 0, 32, 43, 1, 53, 6]",0.7172266271622976,-0.000913893603446,0.625,0.25,1.0,0.0,0.13,0,1,0,100,0,0.01,BEST,False,False,232,True,True,GREEDY,,,GREEDY_HV
BAPAPW[M],28,29,24,13,0.24,True,True,"[36, 11, 30, 38, 51, 26, 31, 39]",[],"[36.07714279304469, 11.867672711455754, 30.935815002925132, 38.94855735196867, 51.99370954415008, 26.886291131016534, 31.323893300355163, 39.46601383431251]","[{'INP': 32}, {'CONV': [64, 3]}, ({'CONV': [128, 3]}, {'CONV': [128, 3]}), ({'CONV': [32, 5]}, {'CONV': [64, 5]}, {'POOLMAX': [-1, 2]}), ({'CONV': [64, 5]}, {'CONV': [256, 3]}), ({'CONV': [128, 3]}, {'CONV': [256, 3]}, {'POOLMAX': [-1, 2]}), ({'CONV': [256, 3]}, {'CONV': [64, 5]}), ({'CONV': [64, 5]}, {'CONV': [64, 3]}, {'POOLMAX': [-1, 2]}), ({'CONV': [64, 5]}, {'CONV': [256, 5]}), ({'CONV': [128, 3]}, {'CONV': [256, 5]}, {'POOLMAX': [-1, 2]}), {'GLOBAL_AVG': None}, {'LAST_DENSE': [100, 'softmax']}]",HHSE,NSGA2,,,,,0.7019531014425839,,,,1402640384,4015780,,,,,,"[14, 30, 0, 32, 43, 1, 53, 6]",0.7172755375755078,-6.074219718177343e-05,0.625,0.25,1.0,0.0,0.13,0,1,0,100,0,0.01,BEST,False,False,232,True,True,GREEDY,,,GREEDY_HV
BAPAPW[M],28,29,25,13,0.25,True,True,"[36, 11, 30, 38, 51, 26, 31, 39]",[],"[36.07714279304469, 11.867672711455754, 30.935815002925132, 38.94855735196867, 51.99370954415008, 26.886291131016534, 31.323893300355163, 39.46601383431251]","[{'INP': 32}, {'CONV': [64, 3]}, ({'CONV': [128, 3]}, {'CONV': [128, 3]}), ({'CONV': [32, 5]}, {'CONV': [64, 5]}, {'POOLMAX': [-1, 2]}), ({'CONV': [64, 5]}, {'CONV': [256, 3]}), ({'CONV': [128, 3]}, {'CONV': [256, 3]}, {'POOLMAX': [-1, 2]}), ({'CONV': [256, 3]}, {'CONV': [64, 5]}), ({'CONV': [64, 5]}, {'CONV': [64, 3]}, {'POOLMAX': [-1, 2]}), ({'CONV': [64, 5]}, {'CONV': [256, 5]}), ({'CONV': [128, 3]}, {'CONV': [256, 5]}, {'POOLMAX': [-1, 2]}), {'GLOBAL_AVG': None}, {'LAST_DENSE': [100, 'softmax']}]",HHSE,NSGA2,,,,,0.7019531014425839,,,,1402640384,4015780,,,,,,"[14, 30, 0, 32, 43, 1, 53, 6]",0.7173028627614804,-0.0010944305090929,0.625,0.25,1.0,0.0,0.13,0,0,0,100,0,0.0,BEST,False,False,232,True,True,GREEDY,,,GREEDY_HV
BAPAPW[M],28,29,26,13,0.26,True,True,"[36, 11, 30, 38, 51, 26, 31, 39]",[],"[36.07714279304469, 11.867672711455754, 30.935815002925132, 38.94855735196867, 51.99370954415008, 26.886291131016534, 31.323893300355163, 39.46601383431251]","[{'INP': 32}, {'CONV': [64, 3]}, ({'CONV': [128, 3]}, {'CONV': [128, 3]}), ({'CONV': [32, 5]}, {'CONV': [64, 5]}, {'POOLMAX': [-1, 2]}), ({'CONV': [64, 5]}, {'CONV': [256, 3]}), ({'CONV': [128, 3]}, {'CONV': [256, 3]}, {'POOLMAX': [-1, 2]}), ({'CONV': [256, 3]}, {'CONV': [64, 5]}), ({'CONV': [64, 5]}, {'CONV': [64, 3]}, {'POOLMAX': [-1, 2]}), ({'CONV': [64, 5]}, {'CONV': [256, 5]}), ({'CONV': [128, 3]}, {'CONV': [256, 5]}, {'POOLMAX': [-1, 2]}), {'GLOBAL_AVG': None}, {'LAST_DENSE': [100, 'softmax']}]",HHSE,NSGA2,,,,,0.7019531014425839,,,,1402640384,4015780,,,,,,"[14, 30, 0, 32, 43, 1, 53, 6]",0.7173386609999262,-0.0013384305073905,0.625,0.25,1.0,0.0,0.13,0,0,0,100,0,0.0,BEST,False,False,232,True,True,GREEDY,,,GREEDY_HV
BAPAPW[M],28,29,27,13,0.27,True,True,"[36, 11, 30, 38, 51, 26, 31, 39]",[],"[36.07714279304469, 11.867672711455754, 30.935815002925132, 38.94855735196867, 51.99370954415008, 26.886291131016534, 31.323893300355163, 39.46601383431251]","[{'INP': 32}, {'CONV': [64, 3]}, ({'CONV': [128, 3]}, {'CONV': [128, 3]}), ({'CONV': [32, 5]}, {'CONV': [64, 5]}, {'POOLMAX': [-1, 2]}), ({'CONV': [64, 5]}, {'CONV': [256, 3]}), ({'CONV': [128, 3]}, {'CONV': [256, 3]}, {'POOLMAX': [-1, 2]}), ({'CONV': [256, 3]}, {'CONV': [64, 5]}), ({'CONV': [64, 5]}, {'CONV': [64, 3]}, {'POOLMAX': [-1, 2]}), ({'CONV': [64, 5]}, {'CONV': [256, 5]}), ({'CONV': [128, 3]}, {'CONV': [256, 5]}, {'POOLMAX': [-1, 2]}), {'GLOBAL_AVG': None}, {'LAST_DENSE': [100, 'softmax']}]",HHSE,NSGA2,,,,,0.7019531014425839,,,,1402640384,4015780,,,,,,"[14, 30, 0, 32, 43, 1, 53, 6]",0.7174366693650827,-0.0008463776103447,0.625,0.25,1.0,0.0,0.13,0,0,0,100,0,0.0,BEST,False,False,232,True,True,GREEDY,,,GREEDY_HV
BAPAPW[M],28,29,28,13,0.28,True,True,"[36, 11, 30, 38, 51, 26, 31, 39]",[],"[36.07714279304469, 11.867672711455754, 30.935815002925132, 38.94855735196867, 51.99370954415008, 26.886291131016534, 31.323893300355163, 39.46601383431251]","[{'INP': 32}, {'CONV': [64, 3]}, ({'CONV': [128, 3]}, {'CONV': [128, 3]}), ({'CONV': [32, 5]}, {'CONV': [64, 5]}, {'POOLMAX': [-1, 2]}), ({'CONV': [64, 5]}, {'CONV': [256, 3]}), ({'CONV': [128, 3]}, {'CONV': [256, 3]}, {'POOLMAX': [-1, 2]}), ({'CONV': [256, 3]}, {'CONV': [64, 5]}), ({'CONV': [64, 5]}, {'CONV': [64, 3]}, {'POOLMAX': [-1, 2]}), ({'CONV': [64, 5]}, {'CONV': [256, 5]}), ({'CONV': [128, 3]}, {'CONV': [256, 5]}, {'POOLMAX': [-1, 2]}), {'GLOBAL_AVG': None}, {'LAST_DENSE': [100, 'softmax']}]",HHSE,NSGA2,,,,,0.7019531014425839,,,,1402640384,4015780,,,,,,"[14, 30, 0, 32, 43, 1, 53, 6]",0.7174138987259808,-7.354941128989712e-05,0.625,0.25,1.0,0.0,0.13,0,0,0,100,0,0.0,BEST,False,False,232,True,True,GREEDY,,,GREEDY_HV
BAPAPW[M],28,29,29,13,0.29,True,True,"[36, 11, 30, 38, 51, 26, 31, 39]",[],"[36.07714279304469, 11.867672711455754, 30.935815002925132, 38.94855735196867, 51.99370954415008, 26.886291131016534, 31.323893300355163, 39.46601383431251]","[{'INP': 32}, {'CONV': [64, 3]}, ({'CONV': [128, 3]}, {'CONV': [128, 3]}), ({'CONV': [32, 5]}, {'CONV': [64, 5]}, {'POOLMAX': [-1, 2]}), ({'CONV': [64, 5]}, {'CONV': [256, 3]}), ({'CONV': [128, 3]}, {'CONV': [256, 3]}, {'POOLMAX': [-1, 2]}), ({'CONV': [256, 3]}, {'CONV': [64, 5]}), ({'CONV': [64, 5]}, {'CONV': [64, 3]}, {'POOLMAX': [-1, 2]}), ({'CONV': [64, 5]}, {'CONV': [256, 5]}), ({'CONV': [128, 3]}, {'CONV': [256, 5]}, {'POOLMAX': [-1, 2]}), {'GLOBAL_AVG': None}, {'LAST_DENSE': [100, 'softmax']}]",HHSE,NSGA2,,,,,0.7019531014425839,,,,1402640384,4015780,,,,,,"[14, 30, 0, 32, 43, 1, 53, 6]",0.7174222691055047,-0.0004024464310173,0.625,0.25,1.0,0.0,0.13,0,0,0,100,0,0.0,BEST,False,False,232,True,True,GREEDY,,,GREEDY_HV
BAPAPW[M],28,29,30,13,0.3,True,True,"[36, 11, 30, 38, 51, 26, 31, 39]",[],"[36.07714279304469, 11.867672711455754, 30.935815002925132, 38.94855735196867, 51.99370954415008, 26.886291131016534, 31.323893300355163, 39.46601383431251]","[{'INP': 32}, {'CONV': [64, 3]}, ({'CONV': [128, 3]}, {'CONV': [128, 3]}), ({'CONV': [32, 5]}, {'CONV': [64, 5]}, {'POOLMAX': [-1, 2]}), ({'CONV': [64, 5]}, {'CONV': [256, 3]}), ({'CONV': [128, 3]}, {'CONV': [256, 3]}, {'POOLMAX': [-1, 2]}), ({'CONV': [256, 3]}, {'CONV': [64, 5]}), ({'CONV': [64, 5]}, {'CONV': [64, 3]}, {'POOLMAX': [-1, 2]}), ({'CONV': [64, 5]}, {'CONV': [256, 5]}), ({'CONV': [128, 3]}, {'CONV': [256, 5]}, {'POOLMAX': [-1, 2]}), {'GLOBAL_AVG': None}, {'LAST_DENSE': [100, 'softmax']}]",HHSE,NSGA2,,,,,0.7019531014425839,,,,1402640384,4015780,,,,,,"[14, 30, 0, 32, 43, 1, 53, 6]",0.7174409470251639,-0.0001084779741979,0.625,0.25,1.0,0.0,0.13,0,0,0,100,0,0.0,BEST,False,False,232,True,True,GREEDY,,,GREEDY_HV
BAPAPW[M],28,29,31,13,0.31,True,True,"[36, 11, 30, 38, 51, 26, 31, 39]",[],"[36.07714279304469, 11.867672711455754, 30.935815002925132, 38.94855735196867, 51.99370954415008, 26.886291131016534, 31.323893300355163, 39.46601383431251]","[{'INP': 32}, {'CONV': [64, 3]}, ({'CONV': [128, 3]}, {'CONV': [128, 3]}), ({'CONV': [32, 5]}, {'CONV': [64, 5]}, {'POOLMAX': [-1, 2]}), ({'CONV': [64, 5]}, {'CONV': [256, 3]}), ({'CONV': [128, 3]}, {'CONV': [256, 3]}, {'POOLMAX': [-1, 2]}), ({'CONV': [256, 3]}, {'CONV': [64, 5]}), ({'CONV': [64, 5]}, {'CONV': [64, 3]}, {'POOLMAX': [-1, 2]}), ({'CONV': [64, 5]}, {'CONV': [256, 5]}), ({'CONV': [128, 3]}, {'CONV': [256, 5]}, {'POOLMAX': [-1, 2]}), {'GLOBAL_AVG': None}, {'LAST_DENSE': [100, 'softmax']}]",HHSE,NSGA2,,,,,0.7019531014425839,,,,1402640384,4015780,,,,,,"[14, 30, 0, 32, 43, 1, 53, 6]",0.7175592606185848,-8.718587983091997e-05,0.625,0.25,1.0,0.0,0.13,0,0,0,100,0,0.0,BEST,False,False,232,True,True,GREEDY,,,GREEDY_HV
BAPAPW[M],28,29,32,13,0.32,True,True,"[36, 11, 30, 38, 51, 26, 31, 39]",[],"[36.07714279304469, 11.867672711455754, 30.935815002925132, 38.94855735196867, 51.99370954415008, 26.886291131016534, 31.323893300355163, 39.46601383431251]","[{'INP': 32}, {'CONV': [64, 3]}, ({'CONV': [128, 3]}, {'CONV': [128, 3]}), ({'CONV': [32, 5]}, {'CONV': [64, 5]}, {'POOLMAX': [-1, 2]}), ({'CONV': [64, 5]}, {'CONV': [256, 3]}), ({'CONV': [128, 3]}, {'CONV': [256, 3]}, {'POOLMAX': [-1, 2]}), ({'CONV': [256, 3]}, {'CONV': [64, 5]}), ({'CONV': [64, 5]}, {'CONV': [64, 3]}, {'POOLMAX': [-1, 2]}), ({'CONV': [64, 5]}, {'CONV': [256, 5]}), ({'CONV': [128, 3]}, {'CONV': [256, 5]}, {'POOLMAX': [-1, 2]}), {'GLOBAL_AVG': None}, {'LAST_DENSE': [100, 'softmax']}]",HHSE,NSGA2,,,,,0.7019531014425839,,,,1402640384,4015780,,,,,,"[14, 30, 0, 32, 43, 1, 53, 6]",0.7177819639466935,-0.000500421660628,0.625,0.25,1.0,0.0,0.13,0,0,0,100,0,0.0,BEST,False,False,232,True,True,GREEDY,,,GREEDY_HV
BAPAPW[M],28,29,33,13,0.33,True,True,"[36, 11, 30, 38, 51, 26, 31, 39]",[],"[36.07714279304469, 11.867672711455754, 30.935815002925132, 38.94855735196867, 51.99370954415008, 26.886291131016534, 31.323893300355163, 39.46601383431251]","[{'INP': 32}, {'CONV': [64, 3]}, ({'CONV': [128, 3]}, {'CONV': [128, 3]}), ({'CONV': [32, 5]}, {'CONV': [64, 5]}, {'POOLMAX': [-1, 2]}), ({'CONV': [64, 5]}, {'CONV': [256, 3]}), ({'CONV': [128, 3]}, {'CONV': [256, 3]}, {'POOLMAX': [-1, 2]}), ({'CONV': [256, 3]}, {'CONV': [64, 5]}), ({'CONV': [64, 5]}, {'CONV': [64, 3]}, {'POOLMAX': [-1, 2]}), ({'CONV': [64, 5]}, {'CONV': [256, 5]}), ({'CONV': [128, 3]}, {'CONV': [256, 5]}, {'POOLMAX': [-1, 2]}), {'GLOBAL_AVG': None}, {'LAST_DENSE': [100, 'softmax']}]",HHSE,NSGA2,,,,,0.7019531014425839,,,,1402640384,4015780,,,,,,"[14, 30, 0, 32, 43, 1, 53, 6]",0.7177882483766218,-0.0008372631965194,0.625,0.25,1.0,0.0,0.13,0,0,0,100,0,0.0,BEST,False,False,232,True,True,GREEDY,,,GREEDY_HV
BAPAPW[M],28,29,34,13,0.34,True,True,"[36, 11, 30, 38, 51, 26, 31, 39]",[],"[36.07714279304469, 11.867672711455754, 30.935815002925132, 38.94855735196867, 51.99370954415008, 26.886291131016534, 31.323893300355163, 39.46601383431251]","[{'INP': 32}, {'CONV': [64, 3]}, ({'CONV': [128, 3]}, {'CONV': [128, 3]}), ({'CONV': [32, 5]}, {'CONV': [64, 5]}, {'POOLMAX': [-1, 2]}), ({'CONV': [64, 5]}, {'CONV': [256, 3]}), ({'CONV': [128, 3]}, {'CONV': [256, 3]}, {'POOLMAX': [-1, 2]}), ({'CONV': [256, 3]}, {'CONV': [64, 5]}), ({'CONV': [64, 5]}, {'CONV': [64, 3]}, {'POOLMAX': [-1, 2]}), ({'CONV': [64, 5]}, {'CONV': [256, 5]}), ({'CONV': [128, 3]}, {'CONV': [256, 5]}, {'POOLMAX': [-1, 2]}), {'GLOBAL_AVG': None}, {'LAST_DENSE': [100, 'softmax']}]",HHSE,NSGA2,,,,,0.7019531014425839,,,,1402640384,4015780,,,,,,"[14, 30, 0, 32, 43, 1, 53, 6]",0.7178059884722146,-0.0006097363238981,0.625,0.25,1.0,0.0,0.13,0,0,0,100,0,0.0,BEST,False,False,232,True,True,GREEDY,,,GREEDY_HV
BAPAPW[M],28,29,35,13,0.35,True,True,"[36, 11, 30, 38, 51, 26, 31, 39]",[],"[36.07714279304469, 11.867672711455754, 30.935815002925132, 38.94855735196867, 51.99370954415008, 26.886291131016534, 31.323893300355163, 39.46601383431251]","[{'INP': 32}, {'CONV': [64, 3]}, ({'CONV': [128, 3]}, {'CONV': [128, 3]}), ({'CONV': [32, 5]}, {'CONV': [64, 5]}, {'POOLMAX': [-1, 2]}), ({'CONV': [64, 5]}, {'CONV': [256, 3]}), ({'CONV': [128, 3]}, {'CONV': [256, 3]}, {'POOLMAX': [-1, 2]}), ({'CONV': [256, 3]}, {'CONV': [64, 5]}), ({'CONV': [64, 5]}, {'CONV': [64, 3]}, {'POOLMAX': [-1, 2]}), ({'CONV': [64, 5]}, {'CONV': [256, 5]}), ({'CONV': [128, 3]}, {'CONV': [256, 5]}, {'POOLMAX': [-1, 2]}), {'GLOBAL_AVG': None}, {'LAST_DENSE': [100, 'softmax']}]",HHSE,NSGA2,,,,,0.7019531014425839,,,,1402640384,4015780,,,,,,"[14, 30, 0, 32, 43, 1, 53, 6]",0.7178143638849533,-0.0014815497595264,0.625,0.25,1.0,0.0,0.13,0,0,0,100,0,0.0,BEST,False,False,232,True,True,GREEDY,,,GREEDY_HV
BAPAPW[M],28,29,36,13,0.36,True,True,"[36, 11, 30, 38, 51, 26, 31, 39]",[],"[36.07714279304469, 11.867672711455754, 30.935815002925132, 38.94855735196867, 51.99370954415008, 26.886291131016534, 31.323893300355163, 39.46601383431251]","[{'INP': 32}, {'CONV': [64, 3]}, ({'CONV': [128, 3]}, {'CONV': [128, 3]}), ({'CONV': [32, 5]}, {'CONV': [64, 5]}, {'POOLMAX': [-1, 2]}), ({'CONV': [64, 5]}, {'CONV': [256, 3]}), ({'CONV': [128, 3]}, {'CONV': [256, 3]}, {'POOLMAX': [-1, 2]}), ({'CONV': [256, 3]}, {'CONV': [64, 5]}), ({'CONV': [64, 5]}, {'CONV': [64, 3]}, {'POOLMAX': [-1, 2]}), ({'CONV': [64, 5]}, {'CONV': [256, 5]}), ({'CONV': [128, 3]}, {'CONV': [256, 5]}, {'POOLMAX': [-1, 2]}), {'GLOBAL_AVG': None}, {'LAST_DENSE': [100, 'softmax']}]",HHSE,NSGA2,,,,,0.7019531014425839,,,,1402640384,4015780,,,,,,"[14, 30, 0, 32, 43, 1, 53, 6]",0.7178663266730632,-0.0012204107768334,0.625,0.25,1.0,0.0,0.13,0,0,0,100,0,0.0,BEST,False,False,232,True,True,GREEDY,,,GREEDY_HV
BAPAPW[M],28,29,37,13,0.37,True,True,"[36, 11, 30, 38, 51, 26, 31, 39]",[],"[36.07714279304469, 11.867672711455754, 30.935815002925132, 38.94855735196867, 51.99370954415008, 26.886291131016534, 31.323893300355163, 39.46601383431251]","[{'INP': 32}, {'CONV': [64, 3]}, ({'CONV': [128, 3]}, {'CONV': [128, 3]}), ({'CONV': [32, 5]}, {'CONV': [64, 5]}, {'POOLMAX': [-1, 2]}), ({'CONV': [64, 5]}, {'CONV': [256, 3]}), ({'CONV': [128, 3]}, {'CONV': [256, 3]}, {'POOLMAX': [-1, 2]}), ({'CONV': [256, 3]}, {'CONV': [64, 5]}), ({'CONV': [64, 5]}, {'CONV': [64, 3]}, {'POOLMAX': [-1, 2]}), ({'CONV': [64, 5]}, {'CONV': [256, 5]}), ({'CONV': [128, 3]}, {'CONV': [256, 5]}, {'POOLMAX': [-1, 2]}), {'GLOBAL_AVG': None}, {'LAST_DENSE': [100, 'softmax']}]",HHSE,NSGA2,,,,,0.7019531014425839,,,,1402640384,4015780,,,,,,"[14, 30, 0, 32, 43, 1, 53, 6]",0.7191295649011418,-8.994233497761073e-05,0.625,0.25,1.0,0.0,0.13,0,0,0,100,0,0.0,BEST,False,False,232,True,True,GREEDY,,,GREEDY_HV
BAPAPW[M],28,29,38,13,0.38,True,True,"[36, 11, 30, 38, 51, 26, 31, 39]",[],"[36.07714279304469, 11.867672711455754, 30.935815002925132, 38.94855735196867, 51.99370954415008, 26.886291131016534, 31.323893300355163, 39.46601383431251]","[{'INP': 32}, {'CONV': [64, 3]}, ({'CONV': [128, 3]}, {'CONV': [128, 3]}), ({'CONV': [32, 5]}, {'CONV': [64, 5]}, {'POOLMAX': [-1, 2]}), ({'CONV': [64, 5]}, {'CONV': [256, 3]}), ({'CONV': [128, 3]}, {'CONV': [256, 3]}, {'POOLMAX': [-1, 2]}), ({'CONV': [256, 3]}, {'CONV': [64, 5]}), ({'CONV': [64, 5]}, {'CONV': [64, 3]}, {'POOLMAX': [-1, 2]}), ({'CONV': [64, 5]}, {'CONV': [256, 5]}), ({'CONV': [128, 3]}, {'CONV': [256, 5]}, {'POOLMAX': [-1, 2]}), {'GLOBAL_AVG': None}, {'LAST_DENSE': [100, 'softmax']}]",HHSE,NSGA2,,,,,0.7019531014425839,,,,1402640384,4015780,,,,,,"[14, 30, 0, 32, 43, 1, 53, 6]",0.7191356891595516,-0.0005001164912316,0.625,0.25,1.0,0.0,0.13,0,0,0,100,0,0.0,BEST,False,False,232,True,True,GREEDY,,,GREEDY_HV
BAPAPW[M],28,29,39,13,0.39,True,True,"[36, 11, 30, 38, 51, 26, 31, 39]",[],"[36.07714279304469, 11.867672711455754, 30.935815002925132, 38.94855735196867, 51.99370954415008, 26.886291131016534, 31.323893300355163, 39.46601383431251]","[{'INP': 32}, {'CONV': [64, 3]}, ({'CONV': [128, 3]}, {'CONV': [128, 3]}), ({'CONV': [32, 5]}, {'CONV': [64, 5]}, {'POOLMAX': [-1, 2]}), ({'CONV': [64, 5]}, {'CONV': [256, 3]}), ({'CONV': [128, 3]}, {'CONV': [256, 3]}, {'POOLMAX': [-1, 2]}), ({'CONV': [256, 3]}, {'CONV': [64, 5]}), ({'CONV': [64, 5]}, {'CONV': [64, 3]}, {'POOLMAX': [-1, 2]}), ({'CONV': [64, 5]}, {'CONV': [256, 5]}), ({'CONV': [128, 3]}, {'CONV': [256, 5]}, {'POOLMAX': [-1, 2]}), {'GLOBAL_AVG': None}, {'LAST_DENSE': [100, 'softmax']}]",HHSE,NSGA2,,,,,0.7019531014425839,,,,1402640384,4015780,,,,,,"[14, 30, 0, 32, 43, 1, 53, 6]",0.7191390882815685,-0.0006778526925871,0.625,0.25,1.0,0.0,0.13,0,0,0,100,0,0.0,BEST,False,False,232,True,True,GREEDY,,,GREEDY_HV
BEEWJO[M][M][M],28,29,40,40,0.4,True,True,"[11, 45, 42, 15, 46, 7, 24, 55]",[],"[11.702365405368301, 45.43230314325237, 42.601149820134054, 15.204749861551118, 46.88773279847512, 7.541170249857807, 24.85420544677307, 55.907560864668596]","[{'INP': 32}, {'CONV': [64, 3]}, ({'CONV': [32, 5]}, {'CONV': [64, 5]}), ({'CONV': [128, 5]}, {'CONV': [128, 5]}, {'POOLMAX': [-1, 2]}), ({'CONV': [128, 5]}, {'CONV': [64, 3]}), ({'CONV': [32, 5]}, {'CONV': [256, 5]}, {'POOLMAX': [-1, 2]}), ({'CONV': [128, 5]}, {'CONV': [256, 3]}), ({'CONV': [32, 3]}, {'CONV': [256, 5]}, {'POOLMAX': [-1, 2]}), ({'CONV': [64, 5]}, {'CONV': [32, 3]}), ({'CONV': [256, 3]}, {'CONV': [256, 5]}, {'POOLMAX': [-1, 2]}), {'GLOBAL_AVG': None}, {'LAST_DENSE': [100, 'softmax']}]",HHSE,NSGA2,,,,,0.7031599941446127,,,,2100752896,5025060,,,,,,"[14, 14, 18, 2, 22, 22, 50, 55]",0.7192453938441545,-9.476963043708596e-05,0.0,0.0,0.875,1.0,0.4,0,0,0,100,0,0.0,BEST,False,False,219,True,True,GREEDY,,,GREEDY_HV
BEEWJO[M][M][M],28,29,41,40,0.41,True,True,"[11, 45, 42, 15, 46, 7, 24, 55]",[],"[11.702365405368301, 45.43230314325237, 42.601149820134054, 15.204749861551118, 46.88773279847512, 7.541170249857807, 24.85420544677307, 55.907560864668596]","[{'INP': 32}, {'CONV': [64, 3]}, ({'CONV': [32, 5]}, {'CONV': [64, 5]}), ({'CONV': [128, 5]}, {'CONV': [128, 5]}, {'POOLMAX': [-1, 2]}), ({'CONV': [128, 5]}, {'CONV': [64, 3]}), ({'CONV': [32, 5]}, {'CONV': [256, 5]}, {'POOLMAX': [-1, 2]}), ({'CONV': [128, 5]}, {'CONV': [256, 3]}), ({'CONV': [32, 3]}, {'CONV': [256, 5]}, {'POOLMAX': [-1, 2]}), ({'CONV': [64, 5]}, {'CONV': [32, 3]}), ({'CONV': [256, 3]}, {'CONV': [256, 5]}, {'POOLMAX': [-1, 2]}), {'GLOBAL_AVG': None}, {'LAST_DENSE': [100, 'softmax']}]",HHSE,NSGA2,,,,,0.7031599941446127,,,,2100752896,5025060,,,,,,"[14, 14, 18, 2, 22, 22, 50, 55]",0.7201566249824393,-0.0007707832943064,0.0,0.0,0.875,0.0,0.4,0,0,0,100,0,0.0,BEST,False,False,219,True,True,GREEDY,,,GREEDY_HV
BEEWJO[M][M][M],28,29,42,40,0.42,True,True,"[11, 45, 42, 15, 46, 7, 24, 55]",[],"[11.702365405368301, 45.43230314325237, 42.601149820134054, 15.204749861551118, 46.88773279847512, 7.541170249857807, 24.85420544677307, 55.907560864668596]","[{'INP': 32}, {'CONV': [64, 3]}, ({'CONV': [32, 5]}, {'CONV': [64, 5]}), ({'CONV': [128, 5]}, {'CONV': [128, 5]}, {'POOLMAX': [-1, 2]}), ({'CONV': [128, 5]}, {'CONV': [64, 3]}), ({'CONV': [32, 5]}, {'CONV': [256, 5]}, {'POOLMAX': [-1, 2]}), ({'CONV': [128, 5]}, {'CONV': [256, 3]}), ({'CONV': [32, 3]}, {'CONV': [256, 5]}, {'POOLMAX': [-1, 2]}), ({'CONV': [64, 5]}, {'CONV': [32, 3]}), ({'CONV': [256, 3]}, {'CONV': [256, 5]}, {'POOLMAX': [-1, 2]}), {'GLOBAL_AVG': None}, {'LAST_DENSE': [100, 'softmax']}]",HHSE,NSGA2,,,,,0.7031599941446127,,,,2100752896,5025060,,,,,,"[14, 14, 18, 2, 22, 22, 50, 55]",0.720168565259705,-0.000959298944251,0.0,0.0,0.875,0.0,0.4,0,1,0,100,0,0.01,BEST,False,False,219,True,True,GREEDY,,,GREEDY_HV
BEEWJO[M][M][M],28,29,43,40,0.43,True,True,"[11, 45, 42, 15, 46, 7, 24, 55]",[],"[11.702365405368301, 45.43230314325237, 42.601149820134054, 15.204749861551118, 46.88773279847512, 7.541170249857807, 24.85420544677307, 55.907560864668596]","[{'INP': 32}, {'CONV': [64, 3]}, ({'CONV': [32, 5]}, {'CONV': [64, 5]}), ({'CONV': [128, 5]}, {'CONV': [128, 5]}, {'POOLMAX': [-1, 2]}), ({'CONV': [128, 5]}, {'CONV': [64, 3]}), ({'CONV': [32, 5]}, {'CONV': [256, 5]}, {'POOLMAX': [-1, 2]}), ({'CONV': [128, 5]}, {'CONV': [256, 3]}), ({'CONV': [32, 3]}, {'CONV': [256, 5]}, {'POOLMAX': [-1, 2]}), ({'CONV': [64, 5]}, {'CONV': [32, 3]}), ({'CONV': [256, 3]}, {'CONV': [256, 5]}, {'POOLMAX': [-1, 2]}), {'GLOBAL_AVG': None}, {'LAST_DENSE': [100, 'softmax']}]",HHSE,NSGA2,,,,,0.7031599941446127,,,,2100752896,5025060,,,,,,"[14, 14, 18, 2, 22, 22, 50, 55]",0.720284339350169,-0.0008435525366912,0.0,0.0,0.875,0.0,0.4,0,0,0,100,0,0.0,BEST,False,False,219,True,True,GREEDY,,,GREEDY_HV
BEEWJO[M][M][M],28,29,44,40,0.44,True,True,"[11, 45, 42, 15, 46, 7, 24, 55]",[],"[11.702365405368301, 45.43230314325237, 42.601149820134054, 15.204749861551118, 46.88773279847512, 7.541170249857807, 24.85420544677307, 55.907560864668596]","[{'INP': 32}, {'CONV': [64, 3]}, ({'CONV': [32, 5]}, {'CONV': [64, 5]}), ({'CONV': [128, 5]}, {'CONV': [128, 5]}, {'POOLMAX': [-1, 2]}), ({'CONV': [128, 5]}, {'CONV': [64, 3]}), ({'CONV': [32, 5]}, {'CONV': [256, 5]}, {'POOLMAX': [-1, 2]}), ({'CONV': [128, 5]}, {'CONV': [256, 3]}), ({'CONV': [32, 3]}, {'CONV': [256, 5]}, {'POOLMAX': [-1, 2]}), ({'CONV': [64, 5]}, {'CONV': [32, 3]}), ({'CONV': [256, 3]}, {'CONV': [256, 5]}, {'POOLMAX': [-1, 2]}), {'GLOBAL_AVG': None}, {'LAST_DENSE': [100, 'softmax']}]",HHSE,NSGA2,,,,,0.7031599941446127,,,,2100752896,5025060,,,,,,"[14, 14, 18, 2, 22, 22, 50, 55]",0.7202705753882592,-0.0004235863534316,0.0,0.0,0.875,0.0,0.4,0,0,0,100,0,0.0,BEST,False,False,219,True,True,GREEDY,,,GREEDY_HV
BEEWJO[M][M][M],28,29,45,40,0.45,True,True,"[11, 45, 42, 15, 46, 7, 24, 55]",[],"[11.702365405368301, 45.43230314325237, 42.601149820134054, 15.204749861551118, 46.88773279847512, 7.541170249857807, 24.85420544677307, 55.907560864668596]","[{'INP': 32}, {'CONV': [64, 3]}, ({'CONV': [32, 5]}, {'CONV': [64, 5]}), ({'CONV': [128, 5]}, {'CONV': [128, 5]}, {'POOLMAX': [-1, 2]}), ({'CONV': [128, 5]}, {'CONV': [64, 3]}), ({'CONV': [32, 5]}, {'CONV': [256, 5]}, {'POOLMAX': [-1, 2]}), ({'CONV': [128, 5]}, {'CONV': [256, 3]}), ({'CONV': [32, 3]}, {'CONV': [256, 5]}, {'POOLMAX': [-1, 2]}), ({'CONV': [64, 5]}, {'CONV': [32, 3]}), ({'CONV': [256, 3]}, {'CONV': [256, 5]}, {'POOLMAX': [-1, 2]}), {'GLOBAL_AVG': None}, {'LAST_DENSE': [100, 'softmax']}]",HHSE,NSGA2,,,,,0.7031599941446127,,,,2100752896,5025060,,,,,,"[14, 14, 18, 2, 22, 22, 50, 55]",0.7202826814299166,-0.0007826986260566,0.0,0.0,0.875,0.0,0.4,0,0,0,100,0,0.0,BEST,False,False,219,True,True,GREEDY,,,GREEDY_HV
BEEWJO[M][M][M],28,29,46,40,0.46,True,True,"[11, 45, 42, 15, 46, 7, 24, 55]",[],"[11.702365405368301, 45.43230314325237, 42.601149820134054, 15.204749861551118, 46.88773279847512, 7.541170249857807, 24.85420544677307, 55.907560864668596]","[{'INP': 32}, {'CONV': [64, 3]}, ({'CONV': [32, 5]}, {'CONV': [64, 5]}), ({'CONV': [128, 5]}, {'CONV': [128, 5]}, {'POOLMAX': [-1, 2]}), ({'CONV': [128, 5]}, {'CONV': [64, 3]}), ({'CONV': [32, 5]}, {'CONV': [256, 5]}, {'POOLMAX': [-1, 2]}), ({'CONV': [128, 5]}, {'CONV': [256, 3]}), ({'CONV': [32, 3]}, {'CONV': [256, 5]}, {'POOLMAX': [-1, 2]}), ({'CONV': [64, 5]}, {'CONV': [32, 3]}), ({'CONV': [256, 3]}, {'CONV': [256, 5]}, {'POOLMAX': [-1, 2]}), {'GLOBAL_AVG': None}, {'LAST_DENSE': [100, 'softmax']}]",HHSE,NSGA2,,,,,0.7031599941446127,,,,2100752896,5025060,,,,,,"[14, 14, 18, 2, 22, 22, 50, 55]",0.7202929725093885,-0.0010096602485849,0.0,0.0,0.875,0.0,0.4,0,0,0,100,0,0.0,BEST,False,False,219,True,True,GREEDY,,,GREEDY_HV
BEEWJO[M][M][M],28,29,47,40,0.47,True,True,"[11, 45, 42, 15, 46, 7, 24, 55]",[],"[11.702365405368301, 45.43230314325237, 42.601149820134054, 15.204749861551118, 46.88773279847512, 7.541170249857807, 24.85420544677307, 55.907560864668596]","[{'INP': 32}, {'CONV': [64, 3]}, ({'CONV': [32, 5]}, {'CONV': [64, 5]}), ({'CONV': [128, 5]}, {'CONV': [128, 5]}, {'POOLMAX': [-1, 2]}), ({'CONV': [128, 5]}, {'CONV': [64, 3]}), ({'CONV': [32, 5]}, {'CONV': [256, 5]}, {'POOLMAX': [-1, 2]}), ({'CONV': [128, 5]}, {'CONV': [256, 3]}), ({'CONV': [32, 3]}, {'CONV': [256, 5]}, {'POOLMAX': [-1, 2]}), ({'CONV': [64, 5]}, {'CONV': [32, 3]}), ({'CONV': [256, 3]}, {'CONV': [256, 5]}, {'POOLMAX': [-1, 2]}), {'GLOBAL_AVG': None}, {'LAST_DENSE': [100, 'softmax']}]",HHSE,NSGA2,,,,,0.7031599941446127,,,,2100752896,5025060,,,,,,"[14, 14, 18, 2, 22, 22, 50, 55]",0.7203096731332856,-0.0004415187823756,0.0,0.0,0.875,0.0,0.4,0,0,0,100,0,0.0,BEST,False,False,219,True,True,GREEDY,,,GREEDY_HV
BEEWJO[M][M][M],28,29,48,40,0.48,True,True,"[11, 45, 42, 15, 46, 7, 24, 55]",[],"[11.702365405368301, 45.43230314325237, 42.601149820134054, 15.204749861551118, 46.88773279847512, 7.541170249857807, 24.85420544677307, 55.907560864668596]","[{'INP': 32}, {'CONV': [64, 3]}, ({'CONV': [32, 5]}, {'CONV': [64, 5]}), ({'CONV': [128, 5]}, {'CONV': [128, 5]}, {'POOLMAX': [-1, 2]}), ({'CONV': [128, 5]}, {'CONV': [64, 3]}), ({'CONV': [32, 5]}, {'CONV': [256, 5]}, {'POOLMAX': [-1, 2]}), ({'CONV': [128, 5]}, {'CONV': [256, 3]}), ({'CONV': [32, 3]}, {'CONV': [256, 5]}, {'POOLMAX': [-1, 2]}), ({'CONV': [64, 5]}, {'CONV': [32, 3]}), ({'CONV': [256, 3]}, {'CONV': [256, 5]}, {'POOLMAX': [-1, 2]}), {'GLOBAL_AVG': None}, {'LAST_DENSE': [100, 'softmax']}]",HHSE,NSGA2,,,,,0.7031599941446127,,,,2100752896,5025060,,,,,,"[14, 14, 18, 2, 22, 22, 50, 55]",0.7203109663938955,-0.0001019334565752,0.0,0.0,0.875,0.0,0.4,0,0,0,100,0,0.0,BEST,False,False,219,True,True,GREEDY,,,GREEDY_HV
BEEWJO[M][M][M],28,29,49,40,0.49,True,True,"[11, 45, 42, 15, 46, 7, 24, 55]",[],"[11.702365405368301, 45.43230314325237, 42.601149820134054, 15.204749861551118, 46.88773279847512, 7.541170249857807, 24.85420544677307, 55.907560864668596]","[{'INP': 32}, {'CONV': [64, 3]}, ({'CONV': [32, 5]}, {'CONV': [64, 5]}), ({'CONV': [128, 5]}, {'CONV': [128, 5]}, {'POOLMAX': [-1, 2]}), ({'CONV': [128, 5]}, {'CONV': [64, 3]}), ({'CONV': [32, 5]}, {'CONV': [256, 5]}, {'POOLMAX': [-1, 2]}), ({'CONV': [128, 5]}, {'CONV': [256, 3]}), ({'CONV': [32, 3]}, {'CONV': [256, 5]}, {'POOLMAX': [-1, 2]}), ({'CONV': [64, 5]}, {'CONV': [32, 3]}), ({'CONV': [256, 3]}, {'CONV': [256, 5]}, {'POOLMAX': [-1, 2]}), {'GLOBAL_AVG': None}, {'LAST_DENSE': [100, 'softmax']}]",HHSE,NSGA2,,,,,0.7031599941446127,,,,2100752896,5025060,,,,,,"[14, 14, 18, 2, 22, 22, 50, 55]",0.7203109663938955,-0.0012172854553728,0.0,0.0,0.875,0.0,0.4,0,0,0,100,0,0.0,BEST,False,False,219,True,True,GREEDY,,,GREEDY_HV
BEEWJO[M][M][M],28,29,50,40,0.5,True,True,"[11, 45, 42, 15, 46, 7, 24, 55]",[],"[11.702365405368301, 45.43230314325237, 42.601149820134054, 15.204749861551118, 46.88773279847512, 7.541170249857807, 24.85420544677307, 55.907560864668596]","[{'INP': 32}, {'CONV': [64, 3]}, ({'CONV': [32, 5]}, {'CONV': [64, 5]}), ({'CONV': [128, 5]}, {'CONV': [128, 5]}, {'POOLMAX': [-1, 2]}), ({'CONV': [128, 5]}, {'CONV': [64, 3]}), ({'CONV': [32, 5]}, {'CONV': [256, 5]}, {'POOLMAX': [-1, 2]}), ({'CONV': [128, 5]}, {'CONV': [256, 3]}), ({'CONV': [32, 3]}, {'CONV': [256, 5]}, {'POOLMAX': [-1, 2]}), ({'CONV': [64, 5]}, {'CONV': [32, 3]}), ({'CONV': [256, 3]}, {'CONV': [256, 5]}, {'POOLMAX': [-1, 2]}), {'GLOBAL_AVG': None}, {'LAST_DENSE': [100, 'softmax']}]",HHSE,NSGA2,,,,,0.7031599941446127,,,,2100752896,5025060,,,,,,"[14, 14, 18, 2, 22, 22, 50, 55]",0.7203455404044189,-0.0011678730017117,0.0,0.0,0.875,0.0,0.4,0,0,0,100,0,0.0,BEST,False,False,219,True,True,GREEDY,,,GREEDY_HV
BEEWJO[M][M][M],28,29,51,40,0.51,True,True,"[11, 45, 42, 15, 46, 7, 24, 55]",[],"[11.702365405368301, 45.43230314325237, 42.601149820134054, 15.204749861551118, 46.88773279847512, 7.541170249857807, 24.85420544677307, 55.907560864668596]","[{'INP': 32}, {'CONV': [64, 3]}, ({'CONV': [32, 5]}, {'CONV': [64, 5]}), ({'CONV': [128, 5]}, {'CONV': [128, 5]}, {'POOLMAX': [-1, 2]}), ({'CONV': [128, 5]}, {'CONV': [64, 3]}), ({'CONV': [32, 5]}, {'CONV': [256, 5]}, {'POOLMAX': [-1, 2]}), ({'CONV': [128, 5]}, {'CONV': [256, 3]}), ({'CONV': [32, 3]}, {'CONV': [256, 5]}, {'POOLMAX': [-1, 2]}), ({'CONV': [64, 5]}, {'CONV': [32, 3]}), ({'CONV': [256, 3]}, {'CONV': [256, 5]}, {'POOLMAX': [-1, 2]}), {'GLOBAL_AVG': None}, {'LAST_DENSE': [100, 'softmax']}]",HHSE,NSGA2,,,,,0.7031599941446127,,,,2100752896,5025060,,,,,,"[14, 14, 18, 2, 22, 22, 50, 55]",0.7203963964265303,-0.0007256627378096,0.0,0.0,0.875,0.0,0.4,0,0,0,100,0,0.0,BEST,False,False,219,True,True,GREEDY,,,GREEDY_HV
BHKPMA[M][M][M][M],28,29,52,52,0.52,True,True,"[15, 4, 38, 22, 60, 6, 18, 55]",[],"[15.587372399531462, 4.613542009600576, 38.847490918817094, 22.855238695262262, 60.71608092508759, 6.238676957309906, 18.49861495190506, 55.46875165980462]","[{'INP': 32}, {'CONV': [64, 3]}, ({'CONV': [32, 5]}, {'CONV': [256, 5]}), ({'CONV': [32, 3]}, {'CONV': [128, 3]}, {'POOLMAX': [-1, 2]}), ({'CONV': [128, 3]}, {'CONV': [256, 3]}), ({'CONV': [64, 3]}, {'CONV': [256, 3]}, {'POOLMAX': [-1, 2]}), ({'CONV': [256, 5]}, {'CONV': [128, 3]}), ({'CONV': [32, 3]}, {'CONV': [256, 3]}, {'POOLMAX': [-1, 2]}), ({'CONV': [64, 3]}, {'CONV': [64, 3]}), ({'CONV': [256, 3]}, {'CONV': [256, 5]}, {'POOLMAX': [-1, 2]}), {'GLOBAL_AVG': None}, {'LAST_DENSE': [100, 'softmax']}]",HHSE,NSGA2,,,,,0.7064576825842257,,,,1461181440,5155492,,,,,,"[16, 0, 42, 5, 60, 7, 23, 55]",0.7204173455808633,-0.001207488847411,0.0,0.0,0.75,0.875,0.52,0,1,0,100,0,0.01,BEST,False,False,170,True,True,GREEDY,,,GREEDY_HV
BHKPMA[M][M][M][M],28,29,53,52,0.53,True,True,"[15, 4, 38, 22, 60, 6, 18, 55]",[],"[15.587372399531462, 4.613542009600576, 38.847490918817094, 22.855238695262262, 60.71608092508759, 6.238676957309906, 18.49861495190506, 55.46875165980462]","[{'INP': 32}, {'CONV': [64, 3]}, ({'CONV': [32, 5]}, {'CONV': [256, 5]}), ({'CONV': [32, 3]}, {'CONV': [128, 3]}, {'POOLMAX': [-1, 2]}), ({'CONV': [128, 3]}, {'CONV': [256, 3]}), ({'CONV': [64, 3]}, {'CONV': [256, 3]}, {'POOLMAX': [-1, 2]}), ({'CONV': [256, 5]}, {'CONV': [128, 3]}), ({'CONV': [32, 3]}, {'CONV': [256, 3]}, {'POOLMAX': [-1, 2]}), ({'CONV': [64, 3]}, {'CONV': [64, 3]}), ({'CONV': [256, 3]}, {'CONV': [256, 5]}, {'POOLMAX': [-1, 2]}), {'GLOBAL_AVG': None}, {'LAST_DENSE': [100, 'softmax']}]",HHSE,NSGA2,,,,,0.7064576825842257,,,,1461181440,5155492,,,,,,"[16, 0, 42, 5, 60, 7, 23, 55]",0.722923283131396,-0.000283808918022,0.0,0.0,0.75,0.0,0.52,0,0,0,100,0,0.0,BEST,False,False,170,True,True,GREEDY,,,GREEDY_HV
BHKPMA[M][M][M][M],28,29,54,52,0.54,True,True,"[15, 4, 38, 22, 60, 6, 18, 55]",[],"[15.587372399531462, 4.613542009600576, 38.847490918817094, 22.855238695262262, 60.71608092508759, 6.238676957309906, 18.49861495190506, 55.46875165980462]","[{'INP': 32}, {'CONV': [64, 3]}, ({'CONV': [32, 5]}, {'CONV': [256, 5]}), ({'CONV': [32, 3]}, {'CONV': [128, 3]}, {'POOLMAX': [-1, 2]}), ({'CONV': [128, 3]}, {'CONV': [256, 3]}), ({'CONV': [64, 3]}, {'CONV': [256, 3]}, {'POOLMAX': [-1, 2]}), ({'CONV': [256, 5]}, {'CONV': [128, 3]}), ({'CONV': [32, 3]}, {'CONV': [256, 3]}, {'POOLMAX': [-1, 2]}), ({'CONV': [64, 3]}, {'CONV': [64, 3]}), ({'CONV': [256, 3]}, {'CONV': [256, 5]}, {'POOLMAX': [-1, 2]}), {'GLOBAL_AVG': None}, {'LAST_DENSE': [100, 'softmax']}]",HHSE,NSGA2,,,,,0.7064576825842257,,,,1461181440,5155492,,,,,,"[16, 0, 42, 5, 60, 7, 23, 55]",0.7230174485296625,-0.0001837835796831,0.0,0.0,0.75,0.0,0.52,0,0,0,100,0,0.0,BEST,False,False,170,True,True,GREEDY,,,GREEDY_HV
BHKPMA[M][M][M][M],28,29,55,52,0.55,True,True,"[15, 4, 38, 22, 60, 6, 18, 55]",[],"[15.587372399531462, 4.613542009600576, 38.847490918817094, 22.855238695262262, 60.71608092508759, 6.238676957309906, 18.49861495190506, 55.46875165980462]","[{'INP': 32}, {'CONV': [64, 3]}, ({'CONV': [32, 5]}, {'CONV': [256, 5]}), ({'CONV': [32, 3]}, {'CONV': [128, 3]}, {'POOLMAX': [-1, 2]}), ({'CONV': [128, 3]}, {'CONV': [256, 3]}), ({'CONV': [64, 3]}, {'CONV': [256, 3]}, {'POOLMAX': [-1, 2]}), ({'CONV': [256, 5]}, {'CONV': [128, 3]}), ({'CONV': [32, 3]}, {'CONV': [256, 3]}, {'POOLMAX': [-1, 2]}), ({'CONV': [64, 3]}, {'CONV': [64, 3]}), ({'CONV': [256, 3]}, {'CONV': [256, 5]}, {'POOLMAX': [-1, 2]}), {'GLOBAL_AVG': None}, {'LAST_DENSE': [100, 'softmax']}]",HHSE,NSGA2,,,,,0.7064576825842257,,,,1461181440,5155492,,,,,,"[16, 0, 42, 5, 60, 7, 23, 55]",0.7229659929635736,-8.295333448538056e-05,0.0,0.0,0.75,0.0,0.52,0,0,0,100,0,0.0,BEST,False,False,170,True,True,GREEDY,,,GREEDY_HV
BHKPMA[M][M][M][M],28,29,56,52,0.56,True,True,"[15, 4, 38, 22, 60, 6, 18, 55]",[],"[15.587372399531462, 4.613542009600576, 38.847490918817094, 22.855238695262262, 60.71608092508759, 6.238676957309906, 18.49861495190506, 55.46875165980462]","[{'INP': 32}, {'CONV': [64, 3]}, ({'CONV': [32, 5]}, {'CONV': [256, 5]}), ({'CONV': [32, 3]}, {'CONV': [128, 3]}, {'POOLMAX': [-1, 2]}), ({'CONV': [128, 3]}, {'CONV': [256, 3]}), ({'CONV': [64, 3]}, {'CONV': [256, 3]}, {'POOLMAX': [-1, 2]}), ({'CONV': [256, 5]}, {'CONV': [128, 3]}), ({'CONV': [32, 3]}, {'CONV': [256, 3]}, {'POOLMAX': [-1, 2]}), ({'CONV': [64, 3]}, {'CONV': [64, 3]}), ({'CONV': [256, 3]}, {'CONV': [256, 5]}, {'POOLMAX': [-1, 2]}), {'GLOBAL_AVG': None}, {'LAST_DENSE': [100, 'softmax']}]",HHSE,NSGA2,,,,,0.7064576825842257,,,,1461181440,5155492,,,,,,"[16, 0, 42, 5, 60, 7, 23, 55]",0.7230865728612841,-7.868765915541864e-05,0.0,0.0,0.75,0.0,0.52,0,0,0,100,0,0.0,BEST,False,False,170,True,True,GREEDY,,,GREEDY_HV
BHKPMA[M][M][M][M],28,29,57,52,0.57,True,True,"[15, 4, 38, 22, 60, 6, 18, 55]",[],"[15.587372399531462, 4.613542009600576, 38.847490918817094, 22.855238695262262, 60.71608092508759, 6.238676957309906, 18.49861495190506, 55.46875165980462]","[{'INP': 32}, {'CONV': [64, 3]}, ({'CONV': [32, 5]}, {'CONV': [256, 5]}), ({'CONV': [32, 3]}, {'CONV': [128, 3]}, {'POOLMAX': [-1, 2]}), ({'CONV': [128, 3]}, {'CONV': [256, 3]}), ({'CONV': [64, 3]}, {'CONV': [256, 3]}, {'POOLMAX': [-1, 2]}), ({'CONV': [256, 5]}, {'CONV': [128, 3]}), ({'CONV': [32, 3]}, {'CONV': [256, 3]}, {'POOLMAX': [-1, 2]}), ({'CONV': [64, 3]}, {'CONV': [64, 3]}), ({'CONV': [256, 3]}, {'CONV': [256, 5]}, {'POOLMAX': [-1, 2]}), {'GLOBAL_AVG': None}, {'LAST_DENSE': [100, 'softmax']}]",HHSE,NSGA2,,,,,0.7064576825842257,,,,1461181440,5155492,,,,,,"[16, 0, 42, 5, 60, 7, 23, 55]",0.7229734734734197,-0.0003923978843967,0.0,0.0,0.75,0.0,0.52,0,0,0,100,0,0.0,BEST,False,False,170,True,True,GREEDY,,,GREEDY_HV
BHKPMA[M][M][M][M],28,29,58,52,0.58,True,True,"[15, 4, 38, 22, 60, 6, 18, 55]",[],"[15.587372399531462, 4.613542009600576, 38.847490918817094, 22.855238695262262, 60.71608092508759, 6.238676957309906, 18.49861495190506, 55.46875165980462]","[{'INP': 32}, {'CONV': [64, 3]}, ({'CONV': [32, 5]}, {'CONV': [256, 5]}), ({'CONV': [32, 3]}, {'CONV': [128, 3]}, {'POOLMAX': [-1, 2]}), ({'CONV': [128, 3]}, {'CONV': [256, 3]}), ({'CONV': [64, 3]}, {'CONV': [256, 3]}, {'POOLMAX': [-1, 2]}), ({'CONV': [256, 5]}, {'CONV': [128, 3]}), ({'CONV': [32, 3]}, {'CONV': [256, 3]}, {'POOLMAX': [-1, 2]}), ({'CONV': [64, 3]}, {'CONV': [64, 3]}), ({'CONV': [256, 3]}, {'CONV': [256, 5]}, {'POOLMAX': [-1, 2]}), {'GLOBAL_AVG': None}, {'LAST_DENSE': [100, 'softmax']}]",HHSE,NSGA2,,,,,0.7064576825842257,,,,1461181440,5155492,,,,,,"[16, 0, 42, 5, 60, 7, 23, 55]",0.7229974220856145,-5.205387644324766e-05,0.0,0.0,0.75,0.0,0.52,0,0,0,100,0,0.0,BEST,False,False,170,True,True,GREEDY,,,GREEDY_HV
BHKPMA[M][M][M][M],28,29,59,52,0.59,True,True,"[15, 4, 38, 22, 60, 6, 18, 55]",[],"[15.587372399531462, 4.613542009600576, 38.847490918817094, 22.855238695262262, 60.71608092508759, 6.238676957309906, 18.49861495190506, 55.46875165980462]","[{'INP': 32}, {'CONV': [64, 3]}, ({'CONV': [32, 5]}, {'CONV': [256, 5]}), ({'CONV': [32, 3]}, {'CONV': [128, 3]}, {'POOLMAX': [-1, 2]}), ({'CONV': [128, 3]}, {'CONV': [256, 3]}), ({'CONV': [64, 3]}, {'CONV': [256, 3]}, {'POOLMAX': [-1, 2]}), ({'CONV': [256, 5]}, {'CONV': [128, 3]}), ({'CONV': [32, 3]}, {'CONV': [256, 3]}, {'POOLMAX': [-1, 2]}), ({'CONV': [64, 3]}, {'CONV': [64, 3]}), ({'CONV': [256, 3]}, {'CONV': [256, 5]}, {'POOLMAX': [-1, 2]}), {'GLOBAL_AVG': None}, {'LAST_DENSE': [100, 'softmax']}]",HHSE,NSGA2,,,,,0.7064576825842257,,,,1461181440,5155492,,,,,,"[16, 0, 42, 5, 60, 7, 23, 55]",0.7230558315813405,-0.0006843035138095,0.0,0.0,0.75,0.0,0.52,0,0,0,100,0,0.0,BEST,False,False,170,True,True,GREEDY,,,GREEDY_HV
BHKPMA[M][M][M][M],28,29,60,52,0.6,True,True,"[15, 4, 38, 22, 60, 6, 18, 55]",[],"[15.587372399531462, 4.613542009600576, 38.847490918817094, 22.855238695262262, 60.71608092508759, 6.238676957309906, 18.49861495190506, 55.46875165980462]","[{'INP': 32}, {'CONV': [64, 3]}, ({'CONV': [32, 5]}, {'CONV': [256, 5]}), ({'CONV': [32, 3]}, {'CONV': [128, 3]}, {'POOLMAX': [-1, 2]}), ({'CONV': [128, 3]}, {'CONV': [256, 3]}), ({'CONV': [64, 3]}, {'CONV': [256, 3]}, {'POOLMAX': [-1, 2]}), ({'CONV': [256, 5]}, {'CONV': [128, 3]}), ({'CONV': [32, 3]}, {'CONV': [256, 3]}, {'POOLMAX': [-1, 2]}), ({'CONV': [64, 3]}, {'CONV': [64, 3]}), ({'CONV': [256, 3]}, {'CONV': [256, 5]}, {'POOLMAX': [-1, 2]}), {'GLOBAL_AVG': None}, {'LAST_DENSE': [100, 'softmax']}]",HHSE,NSGA2,,,,,0.7064576825842257,,,,1461181440,5155492,,,,,,"[16, 0, 42, 5, 60, 7, 23, 55]",0.7230971838432079,-0.0001045001185715,0.0,0.0,0.75,0.0,0.52,0,0,0,100,0,0.0,BEST,False,False,170,True,True,GREEDY,,,GREEDY_HV
BHKPMA[M][M][M][M],28,29,61,52,0.61,True,True,"[15, 4, 38, 22, 60, 6, 18, 55]",[],"[15.587372399531462, 4.613542009600576, 38.847490918817094, 22.855238695262262, 60.71608092508759, 6.238676957309906, 18.49861495190506, 55.46875165980462]","[{'INP': 32}, {'CONV': [64, 3]}, ({'CONV': [32, 5]}, {'CONV': [256, 5]}), ({'CONV': [32, 3]}, {'CONV': [128, 3]}, {'POOLMAX': [-1, 2]}), ({'CONV': [128, 3]}, {'CONV': [256, 3]}), ({'CONV': [64, 3]}, {'CONV': [256, 3]}, {'POOLMAX': [-1, 2]}), ({'CONV': [256, 5]}, {'CONV': [128, 3]}), ({'CONV': [32, 3]}, {'CONV': [256, 3]}, {'POOLMAX': [-1, 2]}), ({'CONV': [64, 3]}, {'CONV': [64, 3]}), ({'CONV': [256, 3]}, {'CONV': [256, 5]}, {'POOLMAX': [-1, 2]}), {'GLOBAL_AVG': None}, {'LAST_DENSE': [100, 'softmax']}]",HHSE,NSGA2,,,,,0.7064576825842257,,,,1461181440,5155492,,,,,,"[16, 0, 42, 5, 60, 7, 23, 55]",0.7230963508041393,-0.0001474406083299,0.0,0.0,0.75,0.0,0.52,0,0,0,100,0,0.0,BEST,False,False,170,True,True,GREEDY,,,GREEDY_HV
BHKPMA[M][M][M][M],28,29,62,52,0.62,True,True,"[15, 4, 38, 22, 60, 6, 18, 55]",[],"[15.587372399531462, 4.613542009600576, 38.847490918817094, 22.855238695262262, 60.71608092508759, 6.238676957309906, 18.49861495190506, 55.46875165980462]","[{'INP': 32}, {'CONV': [64, 3]}, ({'CONV': [32, 5]}, {'CONV': [256, 5]}), ({'CONV': [32, 3]}, {'CONV': [128, 3]}, {'POOLMAX': [-1, 2]}), ({'CONV': [128, 3]}, {'CONV': [256, 3]}), ({'CONV': [64, 3]}, {'CONV': [256, 3]}, {'POOLMAX': [-1, 2]}), ({'CONV': [256, 5]}, {'CONV': [128, 3]}), ({'CONV': [32, 3]}, {'CONV': [256, 3]}, {'POOLMAX': [-1, 2]}), ({'CONV': [64, 3]}, {'CONV': [64, 3]}), ({'CONV': [256, 3]}, {'CONV': [256, 5]}, {'POOLMAX': [-1, 2]}), {'GLOBAL_AVG': None}, {'LAST_DENSE': [100, 'softmax']}]",HHSE,NSGA2,,,,,0.7064576825842257,,,,1461181440,5155492,,,,,,"[16, 0, 42, 5, 60, 7, 23, 55]",0.7232141716245423,-0.0001101611095749,0.0,0.0,0.75,0.0,0.52,0,0,0,100,0,0.0,BEST,False,False,170,True,True,GREEDY,,,GREEDY_HV
BHKPMA[M][M][M][M],28,29,63,52,0.63,True,True,"[15, 4, 38, 22, 60, 6, 18, 55]",[],"[15.587372399531462, 4.613542009600576, 38.847490918817094, 22.855238695262262, 60.71608092508759, 6.238676957309906, 18.49861495190506, 55.46875165980462]","[{'INP': 32}, {'CONV': [64, 3]}, ({'CONV': [32, 5]}, {'CONV': [256, 5]}), ({'CONV': [32, 3]}, {'CONV': [128, 3]}, {'POOLMAX': [-1, 2]}), ({'CONV': [128, 3]}, {'CONV': [256, 3]}), ({'CONV': [64, 3]}, {'CONV': [256, 3]}, {'POOLMAX': [-1, 2]}), ({'CONV': [256, 5]}, {'CONV': [128, 3]}), ({'CONV': [32, 3]}, {'CONV': [256, 3]}, {'POOLMAX': [-1, 2]}), ({'CONV': [64, 3]}, {'CONV': [64, 3]}), ({'CONV': [256, 3]}, {'CONV': [256, 5]}, {'POOLMAX': [-1, 2]}), {'GLOBAL_AVG': None}, {'LAST_DENSE': [100, 'softmax']}]",HHSE,NSGA2,,,,,0.7064576825842257,,,,1461181440,5155492,,,,,,"[16, 0, 42, 5, 60, 7, 23, 55]",0.7232267849874516,-0.0001129488812731,0.0,0.0,0.75,0.0,0.52,0,0,0,100,0,0.0,BEST,False,False,170,True,True,GREEDY,,,GREEDY_HV
BHKPMA[M][M][M][M],28,29,64,52,0.64,True,True,"[15, 4, 38, 22, 60, 6, 18, 55]",[],"[15.587372399531462, 4.613542009600576, 38.847490918817094, 22.855238695262262, 60.71608092508759, 6.238676957309906, 18.49861495190506, 55.46875165980462]","[{'INP': 32}, {'CONV': [64, 3]}, ({'CONV': [32, 5]}, {'CONV': [256, 5]}), ({'CONV': [32, 3]}, {'CONV': [128, 3]}, {'POOLMAX': [-1, 2]}), ({'CONV': [128, 3]}, {'CONV': [256, 3]}), ({'CONV': [64, 3]}, {'CONV': [256, 3]}, {'POOLMAX': [-1, 2]}), ({'CONV': [256, 5]}, {'CONV': [128, 3]}), ({'CONV': [32, 3]}, {'CONV': [256, 3]}, {'POOLMAX': [-1, 2]}), ({'CONV': [64, 3]}, {'CONV': [64, 3]}), ({'CONV': [256, 3]}, {'CONV': [256, 5]}, {'POOLMAX': [-1, 2]}), {'GLOBAL_AVG': None}, {'LAST_DENSE': [100, 'softmax']}]",HHSE,NSGA2,,,,,0.7064576825842257,,,,1461181440,5155492,,,,,,"[16, 0, 42, 5, 60, 7, 23, 55]",0.7232196479607859,-0.0005746023691605,0.0,0.0,0.75,0.0,0.52,0,0,0,100,0,0.0,BEST,False,False,170,True,True,GREEDY,,,GREEDY_HV
BHKPMA[M][M][M][M],28,29,65,52,0.65,True,True,"[15, 4, 38, 22, 60, 6, 18, 55]",[],"[15.587372399531462, 4.613542009600576, 38.847490918817094, 22.855238695262262, 60.71608092508759, 6.238676957309906, 18.49861495190506, 55.46875165980462]","[{'INP': 32}, {'CONV': [64, 3]}, ({'CONV': [32, 5]}, {'CONV': [256, 5]}), ({'CONV': [32, 3]}, {'CONV': [128, 3]}, {'POOLMAX': [-1, 2]}), ({'CONV': [128, 3]}, {'CONV': [256, 3]}), ({'CONV': [64, 3]}, {'CONV': [256, 3]}, {'POOLMAX': [-1, 2]}), ({'CONV': [256, 5]}, {'CONV': [128, 3]}), ({'CONV': [32, 3]}, {'CONV': [256, 3]}, {'POOLMAX': [-1, 2]}), ({'CONV': [64, 3]}, {'CONV': [64, 3]}), ({'CONV': [256, 3]}, {'CONV': [256, 5]}, {'POOLMAX': [-1, 2]}), {'GLOBAL_AVG': None}, {'LAST_DENSE': [100, 'softmax']}]",HHSE,NSGA2,,,,,0.7064576825842257,,,,1461181440,5155492,,,,,,"[16, 0, 42, 5, 60, 7, 23, 55]",0.7232328384839859,-0.0005702081077655,0.0,0.0,0.75,0.0,0.52,0,0,0,100,0,0.0,BEST,False,False,170,True,True,GREEDY,,,GREEDY_HV
BHKPMA[M][M][M][M],28,29,66,52,0.66,True,True,"[15, 4, 38, 22, 60, 6, 18, 55]",[],"[15.587372399531462, 4.613542009600576, 38.847490918817094, 22.855238695262262, 60.71608092508759, 6.238676957309906, 18.49861495190506, 55.46875165980462]","[{'INP': 32}, {'CONV': [64, 3]}, ({'CONV': [32, 5]}, {'CONV': [256, 5]}), ({'CONV': [32, 3]}, {'CONV': [128, 3]}, {'POOLMAX': [-1, 2]}), ({'CONV': [128, 3]}, {'CONV': [256, 3]}), ({'CONV': [64, 3]}, {'CONV': [256, 3]}, {'POOLMAX': [-1, 2]}), ({'CONV': [256, 5]}, {'CONV': [128, 3]}), ({'CONV': [32, 3]}, {'CONV': [256, 3]}, {'POOLMAX': [-1, 2]}), ({'CONV': [64, 3]}, {'CONV': [64, 3]}), ({'CONV': [256, 3]}, {'CONV': [256, 5]}, {'POOLMAX': [-1, 2]}), {'GLOBAL_AVG': None}, {'LAST_DENSE': [100, 'softmax']}]",HHSE,NSGA2,,,,,0.7064576825842257,,,,1461181440,5155492,,,,,,"[16, 0, 42, 5, 60, 7, 23, 55]",0.7234485718665146,-6.92106391498859e-05,0.0,0.0,0.75,0.0,0.52,0,0,0,100,0,0.0,BEST,False,False,170,True,True,GREEDY,,,GREEDY_HV
BHKPMA[M][M][M][M],28,29,67,52,0.67,True,True,"[15, 4, 38, 22, 60, 6, 18, 55]",[],"[15.587372399531462, 4.613542009600576, 38.847490918817094, 22.855238695262262, 60.71608092508759, 6.238676957309906, 18.49861495190506, 55.46875165980462]","[{'INP': 32}, {'CONV': [64, 3]}, ({'CONV': [32, 5]}, {'CONV': [256, 5]}), ({'CONV': [32, 3]}, {'CONV': [128, 3]}, {'POOLMAX': [-1, 2]}), ({'CONV': [128, 3]}, {'CONV': [256, 3]}), ({'CONV': [64, 3]}, {'CONV': [256, 3]}, {'POOLMAX': [-1, 2]}), ({'CONV': [256, 5]}, {'CONV': [128, 3]}), ({'CONV': [32, 3]}, {'CONV': [256, 3]}, {'POOLMAX': [-1, 2]}), ({'CONV': [64, 3]}, {'CONV': [64, 3]}), ({'CONV': [256, 3]}, {'CONV': [256, 5]}, {'POOLMAX': [-1, 2]}), {'GLOBAL_AVG': None}, {'LAST_DENSE': [100, 'softmax']}]",HHSE,NSGA2,,,,,0.7064576825842257,,,,1461181440,5155492,,,,,,"[16, 0, 42, 5, 60, 7, 23, 55]",0.723467026222266,-0.0013262901037349,0.0,0.0,0.75,0.0,0.52,0,1,0,100,0,0.01,BEST,False,False,170,True,True,GREEDY,,,GREEDY_HV
BHKPMA[M][M][M][M],28,29,68,52,0.68,True,True,"[15, 4, 38, 22, 60, 6, 18, 55]",[],"[15.587372399531462, 4.613542009600576, 38.847490918817094, 22.855238695262262, 60.71608092508759, 6.238676957309906, 18.49861495190506, 55.46875165980462]","[{'INP': 32}, {'CONV': [64, 3]}, ({'CONV': [32, 5]}, {'CONV': [256, 5]}), ({'CONV': [32, 3]}, {'CONV': [128, 3]}, {'POOLMAX': [-1, 2]}), ({'CONV': [128, 3]}, {'CONV': [256, 3]}), ({'CONV': [64, 3]}, {'CONV': [256, 3]}, {'POOLMAX': [-1, 2]}), ({'CONV': [256, 5]}, {'CONV': [128, 3]}), ({'CONV': [32, 3]}, {'CONV': [256, 3]}, {'POOLMAX': [-1, 2]}), ({'CONV': [64, 3]}, {'CONV': [64, 3]}), ({'CONV': [256, 3]}, {'CONV': [256, 5]}, {'POOLMAX': [-1, 2]}), {'GLOBAL_AVG': None}, {'LAST_DENSE': [100, 'softmax']}]",HHSE,NSGA2,,,,,0.7064576825842257,,,,1461181440,5155492,,,,,,"[16, 0, 42, 5, 60, 7, 23, 55]",0.7235152610433612,-0.0004881643584141,0.0,0.0,0.75,0.0,0.52,0,0,0,100,0,0.0,BEST,False,False,170,True,True,GREEDY,,,GREEDY_HV
BHKPMA[M][M][M][M],28,29,69,52,0.69,True,True,"[15, 4, 38, 22, 60, 6, 18, 55]",[],"[15.587372399531462, 4.613542009600576, 38.847490918817094, 22.855238695262262, 60.71608092508759, 6.238676957309906, 18.49861495190506, 55.46875165980462]","[{'INP': 32}, {'CONV': [64, 3]}, ({'CONV': [32, 5]}, {'CONV': [256, 5]}), ({'CONV': [32, 3]}, {'CONV': [128, 3]}, {'POOLMAX': [-1, 2]}), ({'CONV': [128, 3]}, {'CONV': [256, 3]}), ({'CONV': [64, 3]}, {'CONV': [256, 3]}, {'POOLMAX': [-1, 2]}), ({'CONV': [256, 5]}, {'CONV': [128, 3]}), ({'CONV': [32, 3]}, {'CONV': [256, 3]}, {'POOLMAX': [-1, 2]}), ({'CONV': [64, 3]}, {'CONV': [64, 3]}), ({'CONV': [256, 3]}, {'CONV': [256, 5]}, {'POOLMAX': [-1, 2]}), {'GLOBAL_AVG': None}, {'LAST_DENSE': [100, 'softmax']}]",HHSE,NSGA2,,,,,0.7064576825842257,,,,1461181440,5155492,,,,,,"[16, 0, 42, 5, 60, 7, 23, 55]",0.7236418839291734,-0.0001965707537886,0.0,0.0,0.75,0.0,0.52,0,1,0,100,0,0.01,BEST,False,False,170,True,True,GREEDY,,,GREEDY_HV
BHKPMA[M][M][M][M],28,29,70,52,0.7,True,True,"[15, 4, 38, 22, 60, 6, 18, 55]",[],"[15.587372399531462, 4.613542009600576, 38.847490918817094, 22.855238695262262, 60.71608092508759, 6.238676957309906, 18.49861495190506, 55.46875165980462]","[{'INP': 32}, {'CONV': [64, 3]}, ({'CONV': [32, 5]}, {'CONV': [256, 5]}), ({'CONV': [32, 3]}, {'CONV': [128, 3]}, {'POOLMAX': [-1, 2]}), ({'CONV': [128, 3]}, {'CONV': [256, 3]}), ({'CONV': [64, 3]}, {'CONV': [256, 3]}, {'POOLMAX': [-1, 2]}), ({'CONV': [256, 5]}, {'CONV': [128, 3]}), ({'CONV': [32, 3]}, {'CONV': [256, 3]}, {'POOLMAX': [-1, 2]}), ({'CONV': [64, 3]}, {'CONV': [64, 3]}), ({'CONV': [256, 3]}, {'CONV': [256, 5]}, {'POOLMAX': [-1, 2]}), {'GLOBAL_AVG': None}, {'LAST_DENSE': [100, 'softmax']}]",HHSE,NSGA2,,,,,0.7064576825842257,,,,1461181440,5155492,,,,,,"[16, 0, 42, 5, 60, 7, 23, 55]",0.7236614978158149,-9.362048572469917e-05,0.0,0.0,0.75,0.0,0.52,0,0,0,100,0,0.0,BEST,False,False,170,True,True,GREEDY,,,GREEDY_HV
BHKPMA[M][M][M][M],28,29,71,52,0.71,True,True,"[15, 4, 38, 22, 60, 6, 18, 55]",[],"[15.587372399531462, 4.613542009600576, 38.847490918817094, 22.855238695262262, 60.71608092508759, 6.238676957309906, 18.49861495190506, 55.46875165980462]","[{'INP': 32}, {'CONV': [64, 3]}, ({'CONV': [32, 5]}, {'CONV': [256, 5]}), ({'CONV': [32, 3]}, {'CONV': [128, 3]}, {'POOLMAX': [-1, 2]}), ({'CONV': [128, 3]}, {'CONV': [256, 3]}), ({'CONV': [64, 3]}, {'CONV': [256, 3]}, {'POOLMAX': [-1, 2]}), ({'CONV': [256, 5]}, {'CONV': [128, 3]}), ({'CONV': [32, 3]}, {'CONV': [256, 3]}, {'POOLMAX': [-1, 2]}), ({'CONV': [64, 3]}, {'CONV': [64, 3]}), ({'CONV': [256, 3]}, {'CONV': [256, 5]}, {'POOLMAX': [-1, 2]}), {'GLOBAL_AVG': None}, {'LAST_DENSE': [100, 'softmax']}]",HHSE,NSGA2,,,,,0.7064576825842257,,,,1461181440,5155492,,,,,,"[16, 0, 42, 5, 60, 7, 23, 55]",0.7245388901792991,-0.0003544610399046,0.0,0.0,0.75,0.0,0.52,0,0,0,100,0,0.0,BEST,False,False,170,True,True,GREEDY,,,GREEDY_HV
BHKPMA[M][M][M][M],28,29,72,52,0.72,True,True,"[15, 4, 38, 22, 60, 6, 18, 55]",[],"[15.587372399531462, 4.613542009600576, 38.847490918817094, 22.855238695262262, 60.71608092508759, 6.238676957309906, 18.49861495190506, 55.46875165980462]","[{'INP': 32}, {'CONV': [64, 3]}, ({'CONV': [32, 5]}, {'CONV': [256, 5]}), ({'CONV': [32, 3]}, {'CONV': [128, 3]}, {'POOLMAX': [-1, 2]}), ({'CONV': [128, 3]}, {'CONV': [256, 3]}), ({'CONV': [64, 3]}, {'CONV': [256, 3]}, {'POOLMAX': [-1, 2]}), ({'CONV': [256, 5]}, {'CONV': [128, 3]}), ({'CONV': [32, 3]}, {'CONV': [256, 3]}, {'POOLMAX': [-1, 2]}), ({'CONV': [64, 3]}, {'CONV': [64, 3]}), ({'CONV': [256, 3]}, {'CONV': [256, 5]}, {'POOLMAX': [-1, 2]}), {'GLOBAL_AVG': None}, {'LAST_DENSE': [100, 'softmax']}]",HHSE,NSGA2,,,,,0.7064576825842257,,,,1461181440,5155492,,,,,,"[16, 0, 42, 5, 60, 7, 23, 55]",0.7246515041994789,-0.0010770291824843,0.0,0.0,0.75,0.0,0.52,0,0,0,100,0,0.0,BEST,False,False,170,True,True,GREEDY,,,GREEDY_HV
BHKPMA[M][M][M][M],28,29,73,52,0.73,True,True,"[15, 4, 38, 22, 60, 6, 18, 55]",[],"[15.587372399531462, 4.613542009600576, 38.847490918817094, 22.855238695262262, 60.71608092508759, 6.238676957309906, 18.49861495190506, 55.46875165980462]","[{'INP': 32}, {'CONV': [64, 3]}, ({'CONV': [32, 5]}, {'CONV': [256, 5]}), ({'CONV': [32, 3]}, {'CONV': [128, 3]}, {'POOLMAX': [-1, 2]}), ({'CONV': [128, 3]}, {'CONV': [256, 3]}), ({'CONV': [64, 3]}, {'CONV': [256, 3]}, {'POOLMAX': [-1, 2]}), ({'CONV': [256, 5]}, {'CONV': [128, 3]}), ({'CONV': [32, 3]}, {'CONV': [256, 3]}, {'POOLMAX': [-1, 2]}), ({'CONV': [64, 3]}, {'CONV': [64, 3]}), ({'CONV': [256, 3]}, {'CONV': [256, 5]}, {'POOLMAX': [-1, 2]}), {'GLOBAL_AVG': None}, {'LAST_DENSE': [100, 'softmax']}]",HHSE,NSGA2,,,,,0.7064576825842257,,,,1461181440,5155492,,,,,,"[16, 0, 42, 5, 60, 7, 23, 55]",0.7246933214913,-0.0003924998238514,0.0,0.0,0.75,0.0,0.52,0,0,0,100,0,0.0,BEST,False,False,170,True,True,GREEDY,,,GREEDY_HV
BHKPMA[M][M][M][M],28,29,74,52,0.74,True,True,"[15, 4, 38, 22, 60, 6, 18, 55]",[],"[15.587372399531462, 4.613542009600576, 38.847490918817094, 22.855238695262262, 60.71608092508759, 6.238676957309906, 18.49861495190506, 55.46875165980462]","[{'INP': 32}, {'CONV': [64, 3]}, ({'CONV': [32, 5]}, {'CONV': [256, 5]}), ({'CONV': [32, 3]}, {'CONV': [128, 3]}, {'POOLMAX': [-1, 2]}), ({'CONV': [128, 3]}, {'CONV': [256, 3]}), ({'CONV': [64, 3]}, {'CONV': [256, 3]}, {'POOLMAX': [-1, 2]}), ({'CONV': [256, 5]}, {'CONV': [128, 3]}), ({'CONV': [32, 3]}, {'CONV': [256, 3]}, {'POOLMAX': [-1, 2]}), ({'CONV': [64, 3]}, {'CONV': [64, 3]}), ({'CONV': [256, 3]}, {'CONV': [256, 5]}, {'POOLMAX': [-1, 2]}), {'GLOBAL_AVG': None}, {'LAST_DENSE': [100, 'softmax']}]",HHSE,NSGA2,,,,,0.7064576825842257,,,,1461181440,5155492,,,,,,"[16, 0, 42, 5, 60, 7, 23, 55]",0.7247660162185268,-0.0002402817936066,0.0,0.0,0.75,0.0,0.52,0,0,0,100,0,0.0,BEST,False,False,170,True,True,GREEDY,,,GREEDY_HV
BHKPMA[M][M][M][M],28,29,75,52,0.75,True,True,"[15, 4, 38, 22, 60, 6, 18, 55]",[],"[15.587372399531462, 4.613542009600576, 38.847490918817094, 22.855238695262262, 60.71608092508759, 6.238676957309906, 18.49861495190506, 55.46875165980462]","[{'INP': 32}, {'CONV': [64, 3]}, ({'CONV': [32, 5]}, {'CONV': [256, 5]}), ({'CONV': [32, 3]}, {'CONV': [128, 3]}, {'POOLMAX': [-1, 2]}), ({'CONV': [128, 3]}, {'CONV': [256, 3]}), ({'CONV': [64, 3]}, {'CONV': [256, 3]}, {'POOLMAX': [-1, 2]}), ({'CONV': [256, 5]}, {'CONV': [128, 3]}), ({'CONV': [32, 3]}, {'CONV': [256, 3]}, {'POOLMAX': [-1, 2]}), ({'CONV': [64, 3]}, {'CONV': [64, 3]}), ({'CONV': [256, 3]}, {'CONV': [256, 5]}, {'POOLMAX': [-1, 2]}), {'GLOBAL_AVG': None}, {'LAST_DENSE': [100, 'softmax']}]",HHSE,NSGA2,,,,,0.7064576825842257,,,,1461181440,5155492,,,,,,"[16, 0, 42, 5, 60, 7, 23, 55]",0.7252151494763388,-0.0001003931985168,0.0,0.0,0.75,0.0,0.52,0,0,0,100,0,0.0,BEST,False,False,170,True,True,GREEDY,,,GREEDY_HV
BHKPMA[M][M][M][M],28,29,76,52,0.76,True,True,"[15, 4, 38, 22, 60, 6, 18, 55]",[],"[15.587372399531462, 4.613542009600576, 38.847490918817094, 22.855238695262262, 60.71608092508759, 6.238676957309906, 18.49861495190506, 55.46875165980462]","[{'INP': 32}, {'CONV': [64, 3]}, ({'CONV': [32, 5]}, {'CONV': [256, 5]}), ({'CONV': [32, 3]}, {'CONV': [128, 3]}, {'POOLMAX': [-1, 2]}), ({'CONV': [128, 3]}, {'CONV': [256, 3]}), ({'CONV': [64, 3]}, {'CONV': [256, 3]}, {'POOLMAX': [-1, 2]}), ({'CONV': [256, 5]}, {'CONV': [128, 3]}), ({'CONV': [32, 3]}, {'CONV': [256, 3]}, {'POOLMAX': [-1, 2]}), ({'CONV': [64, 3]}, {'CONV': [64, 3]}), ({'CONV': [256, 3]}, {'CONV': [256, 5]}, {'POOLMAX': [-1, 2]}), {'GLOBAL_AVG': None}, {'LAST_DENSE': [100, 'softmax']}]",HHSE,NSGA2,,,,,0.7064576825842257,,,,1461181440,5155492,,,,,,"[16, 0, 42, 5, 60, 7, 23, 55]",0.725628651741545,-0.0003117232686078,0.0,0.0,0.75,0.0,0.52,0,0,0,100,0,0.0,BEST,False,False,170,True,True,GREEDY,,,GREEDY_HV
BHKPMA[M][M][M][M],28,29,77,52,0.77,True,True,"[15, 4, 38, 22, 60, 6, 18, 55]",[],"[15.587372399531462, 4.613542009600576, 38.847490918817094, 22.855238695262262, 60.71608092508759, 6.238676957309906, 18.49861495190506, 55.46875165980462]","[{'INP': 32}, {'CONV': [64, 3]}, ({'CONV': [32, 5]}, {'CONV': [256, 5]}), ({'CONV': [32, 3]}, {'CONV': [128, 3]}, {'POOLMAX': [-1, 2]}), ({'CONV': [128, 3]}, {'CONV': [256, 3]}), ({'CONV': [64, 3]}, {'CONV': [256, 3]}, {'POOLMAX': [-1, 2]}), ({'CONV': [256, 5]}, {'CONV': [128, 3]}), ({'CONV': [32, 3]}, {'CONV': [256, 3]}, {'POOLMAX': [-1, 2]}), ({'CONV': [64, 3]}, {'CONV': [64, 3]}), ({'CONV': [256, 3]}, {'CONV': [256, 5]}, {'POOLMAX': [-1, 2]}), {'GLOBAL_AVG': None}, {'LAST_DENSE': [100, 'softmax']}]",HHSE,NSGA2,,,,,0.7064576825842257,,,,1461181440,5155492,,,,,,"[16, 0, 42, 5, 60, 7, 23, 55]",0.7253173173589754,-0.000157052620434,0.0,0.0,0.75,0.0,0.52,0,0,0,100,0,0.0,BEST,False,False,170,True,True,GREEDY,,,GREEDY_HV
BHKPMA[M][M][M][M],28,29,78,52,0.78,True,True,"[15, 4, 38, 22, 60, 6, 18, 55]",[],"[15.587372399531462, 4.613542009600576, 38.847490918817094, 22.855238695262262, 60.71608092508759, 6.238676957309906, 18.49861495190506, 55.46875165980462]","[{'INP': 32}, {'CONV': [64, 3]}, ({'CONV': [32, 5]}, {'CONV': [256, 5]}), ({'CONV': [32, 3]}, {'CONV': [128, 3]}, {'POOLMAX': [-1, 2]}), ({'CONV': [128, 3]}, {'CONV': [256, 3]}), ({'CONV': [64, 3]}, {'CONV': [256, 3]}, {'POOLMAX': [-1, 2]}), ({'CONV': [256, 5]}, {'CONV': [128, 3]}), ({'CONV': [32, 3]}, {'CONV': [256, 3]}, {'POOLMAX': [-1, 2]}), ({'CONV': [64, 3]}, {'CONV': [64, 3]}), ({'CONV': [256, 3]}, {'CONV': [256, 5]}, {'POOLMAX': [-1, 2]}), {'GLOBAL_AVG': None}, {'LAST_DENSE': [100, 'softmax']}]",HHSE,NSGA2,,,,,0.7064576825842257,,,,1461181440,5155492,,,,,,"[16, 0, 42, 5, 60, 7, 23, 55]",0.7254132008683842,-0.0001311040938571,0.0,0.0,0.75,0.0,0.52,0,0,0,100,0,0.0,BEST,False,False,170,True,True,GREEDY,,,GREEDY_HV
BHKPMA[M][M][M][M],28,29,79,52,0.79,True,True,"[15, 4, 38, 22, 60, 6, 18, 55]",[],"[15.587372399531462, 4.613542009600576, 38.847490918817094, 22.855238695262262, 60.71608092508759, 6.238676957309906, 18.49861495190506, 55.46875165980462]","[{'INP': 32}, {'CONV': [64, 3]}, ({'CONV': [32, 5]}, {'CONV': [256, 5]}), ({'CONV': [32, 3]}, {'CONV': [128, 3]}, {'POOLMAX': [-1, 2]}), ({'CONV': [128, 3]}, {'CONV': [256, 3]}), ({'CONV': [64, 3]}, {'CONV': [256, 3]}, {'POOLMAX': [-1, 2]}), ({'CONV': [256, 5]}, {'CONV': [128, 3]}), ({'CONV': [32, 3]}, {'CONV': [256, 3]}, {'POOLMAX': [-1, 2]}), ({'CONV': [64, 3]}, {'CONV': [64, 3]}), ({'CONV': [256, 3]}, {'CONV': [256, 5]}, {'POOLMAX': [-1, 2]}), {'GLOBAL_AVG': None}, {'LAST_DENSE': [100, 'softmax']}]",HHSE,NSGA2,,,,,0.7064576825842257,,,,1461181440,5155492,,,,,,"[16, 0, 42, 5, 60, 7, 23, 55]",0.7254776089252748,-0.0002705064613213,0.0,0.0,0.75,0.0,0.52,0,0,0,100,0,0.0,BEST,False,False,170,True,True,GREEDY,,,GREEDY_HV
BHKPMA[M][M][M][M],28,29,80,52,0.8,True,True,"[15, 4, 38, 22, 60, 6, 18, 55]",[],"[15.587372399531462, 4.613542009600576, 38.847490918817094, 22.855238695262262, 60.71608092508759, 6.238676957309906, 18.49861495190506, 55.46875165980462]","[{'INP': 32}, {'CONV': [64, 3]}, ({'CONV': [32, 5]}, {'CONV': [256, 5]}), ({'CONV': [32, 3]}, {'CONV': [128, 3]}, {'POOLMAX': [-1, 2]}), ({'CONV': [128, 3]}, {'CONV': [256, 3]}), ({'CONV': [64, 3]}, {'CONV': [256, 3]}, {'POOLMAX': [-1, 2]}), ({'CONV': [256, 5]}, {'CONV': [128, 3]}), ({'CONV': [32, 3]}, {'CONV': [256, 3]}, {'POOLMAX': [-1, 2]}), ({'CONV': [64, 3]}, {'CONV': [64, 3]}), ({'CONV': [256, 3]}, {'CONV': [256, 5]}, {'POOLMAX': [-1, 2]}), {'GLOBAL_AVG': None}, {'LAST_DENSE': [100, 'softmax']}]",HHSE,NSGA2,,,,,0.7064576825842257,,,,1461181440,5155492,,,,,,"[16, 0, 42, 5, 60, 7, 23, 55]",0.7256502997354844,-0.0005598404655985,0.0,0.0,0.75,0.0,0.52,0,0,0,100,0,0.0,BEST,False,False,170,True,True,GREEDY,,,GREEDY_HV
BHKPMA[M][M][M][M],28,29,81,52,0.81,True,True,"[15, 4, 38, 22, 60, 6, 18, 55]",[],"[15.587372399531462, 4.613542009600576, 38.847490918817094, 22.855238695262262, 60.71608092508759, 6.238676957309906, 18.49861495190506, 55.46875165980462]","[{'INP': 32}, {'CONV': [64, 3]}, ({'CONV': [32, 5]}, {'CONV': [256, 5]}), ({'CONV': [32, 3]}, {'CONV': [128, 3]}, {'POOLMAX': [-1, 2]}), ({'CONV': [128, 3]}, {'CONV': [256, 3]}), ({'CONV': [64, 3]}, {'CONV': [256, 3]}, {'POOLMAX': [-1, 2]}), ({'CONV': [256, 5]}, {'CONV': [128, 3]}), ({'CONV': [32, 3]}, {'CONV': [256, 3]}, {'POOLMAX': [-1, 2]}), ({'CONV': [64, 3]}, {'CONV': [64, 3]}), ({'CONV': [256, 3]}, {'CONV': [256, 5]}, {'POOLMAX': [-1, 2]}), {'GLOBAL_AVG': None}, {'LAST_DENSE': [100, 'softmax']}]",HHSE,NSGA2,,,,,0.7064576825842257,,,,1461181440,5155492,,,,,,"[16, 0, 42, 5, 60, 7, 23, 55]",0.7256493329320621,-0.000168725734039,0.0,0.0,0.75,0.0,0.52,0,0,0,100,0,0.0,BEST,False,False,170,True,True,GREEDY,,,GREEDY_HV
BHKPMA[M][M][M][M],28,29,82,52,0.82,True,True,"[15, 4, 38, 22, 60, 6, 18, 55]",[],"[15.587372399531462, 4.613542009600576, 38.847490918817094, 22.855238695262262, 60.71608092508759, 6.238676957309906, 18.49861495190506, 55.46875165980462]","[{'INP': 32}, {'CONV': [64, 3]}, ({'CONV': [32, 5]}, {'CONV': [256, 5]}), ({'CONV': [32, 3]}, {'CONV': [128, 3]}, {'POOLMAX': [-1, 2]}), ({'CONV': [128, 3]}, {'CONV': [256, 3]}), ({'CONV': [64, 3]}, {'CONV': [256, 3]}, {'POOLMAX': [-1, 2]}), ({'CONV': [256, 5]}, {'CONV': [128, 3]}), ({'CONV': [32, 3]}, {'CONV': [256, 3]}, {'POOLMAX': [-1, 2]}), ({'CONV': [64, 3]}, {'CONV': [64, 3]}), ({'CONV': [256, 3]}, {'CONV': [256, 5]}, {'POOLMAX': [-1, 2]}), {'GLOBAL_AVG': None}, {'LAST_DENSE': [100, 'softmax']}]",HHSE,NSGA2,,,,,0.7064576825842257,,,,1461181440,5155492,,,,,,"[16, 0, 42, 5, 60, 7, 23, 55]",0.7259831418784743,0.0001812818893427,0.0,0.0,0.75,0.0,0.52,0,2,0,100,0,0.02,BEST,False,False,170,True,True,GREEDY,,,GREEDY_HV
BHKPMA[M][M][M][M],28,29,83,52,0.83,True,True,"[15, 4, 38, 22, 60, 6, 18, 55]",[],"[15.587372399531462, 4.613542009600576, 38.847490918817094, 22.855238695262262, 60.71608092508759, 6.238676957309906, 18.49861495190506, 55.46875165980462]","[{'INP': 32}, {'CONV': [64, 3]}, ({'CONV': [32, 5]}, {'CONV': [256, 5]}), ({'CONV': [32, 3]}, {'CONV': [128, 3]}, {'POOLMAX': [-1, 2]}), ({'CONV': [128, 3]}, {'CONV': [256, 3]}), ({'CONV': [64, 3]}, {'CONV': [256, 3]}, {'POOLMAX': [-1, 2]}), ({'CONV': [256, 5]}, {'CONV': [128, 3]}), ({'CONV': [32, 3]}, {'CONV': [256, 3]}, {'POOLMAX': [-1, 2]}), ({'CONV': [64, 3]}, {'CONV': [64, 3]}), ({'CONV': [256, 3]}, {'CONV': [256, 5]}, {'POOLMAX': [-1, 2]}), {'GLOBAL_AVG': None}, {'LAST_DENSE': [100, 'softmax']}]",HHSE,NSGA2,,,,,0.7064576825842257,,,,1461181440,5155492,,,,,,"[16, 0, 42, 5, 60, 7, 23, 55]",0.7257275680168476,-0.0001998507093704,0.0,0.0,0.75,0.0,0.52,0,0,0,100,0,0.0,BEST,False,False,170,True,True,GREEDY,,,GREEDY_HV
BHKPMA[M][M][M][M],28,29,84,52,0.84,True,True,"[15, 4, 38, 22, 60, 6, 18, 55]",[],"[15.587372399531462, 4.613542009600576, 38.847490918817094, 22.855238695262262, 60.71608092508759, 6.238676957309906, 18.49861495190506, 55.46875165980462]","[{'INP': 32}, {'CONV': [64, 3]}, ({'CONV': [32, 5]}, {'CONV': [256, 5]}), ({'CONV': [32, 3]}, {'CONV': [128, 3]}, {'POOLMAX': [-1, 2]}), ({'CONV': [128, 3]}, {'CONV': [256, 3]}), ({'CONV': [64, 3]}, {'CONV': [256, 3]}, {'POOLMAX': [-1, 2]}), ({'CONV': [256, 5]}, {'CONV': [128, 3]}), ({'CONV': [32, 3]}, {'CONV': [256, 3]}, {'POOLMAX': [-1, 2]}), ({'CONV': [64, 3]}, {'CONV': [64, 3]}), ({'CONV': [256, 3]}, {'CONV': [256, 5]}, {'POOLMAX': [-1, 2]}), {'GLOBAL_AVG': None}, {'LAST_DENSE': [100, 'softmax']}]",HHSE,NSGA2,,,,,0.7064576825842257,,,,1461181440,5155492,,,,,,"[16, 0, 42, 5, 60, 7, 23, 55]",0.7257638660268363,-0.000664518137286,0.0,0.0,0.75,0.0,0.52,0,0,0,100,0,0.0,BEST,False,False,170,True,True,GREEDY,,,GREEDY_HV
BHKPMA[M][M][M][M],28,29,85,52,0.85,True,True,"[15, 4, 38, 22, 60, 6, 18, 55]",[],"[15.587372399531462, 4.613542009600576, 38.847490918817094, 22.855238695262262, 60.71608092508759, 6.238676957309906, 18.49861495190506, 55.46875165980462]","[{'INP': 32}, {'CONV': [64, 3]}, ({'CONV': [32, 5]}, {'CONV': [256, 5]}), ({'CONV': [32, 3]}, {'CONV': [128, 3]}, {'POOLMAX': [-1, 2]}), ({'CONV': [128, 3]}, {'CONV': [256, 3]}), ({'CONV': [64, 3]}, {'CONV': [256, 3]}, {'POOLMAX': [-1, 2]}), ({'CONV': [256, 5]}, {'CONV': [128, 3]}), ({'CONV': [32, 3]}, {'CONV': [256, 3]}, {'POOLMAX': [-1, 2]}), ({'CONV': [64, 3]}, {'CONV': [64, 3]}), ({'CONV': [256, 3]}, {'CONV': [256, 5]}, {'POOLMAX': [-1, 2]}), {'GLOBAL_AVG': None}, {'LAST_DENSE': [100, 'softmax']}]",HHSE,NSGA2,,,,,0.7064576825842257,,,,1461181440,5155492,,,,,,"[16, 0, 42, 5, 60, 7, 23, 55]",0.7261700189247365,-9.350001343222392e-05,0.0,0.0,0.75,0.0,0.52,0,0,0,100,0,0.0,BEST,False,False,170,True,True,GREEDY,,,GREEDY_HV
BHKPMA[M][M][M][M],28,29,86,52,0.86,True,True,"[15, 4, 38, 22, 60, 6, 18, 55]",[],"[15.587372399531462, 4.613542009600576, 38.847490918817094, 22.855238695262262, 60.71608092508759, 6.238676957309906, 18.49861495190506, 55.46875165980462]","[{'INP': 32}, {'CONV': [64, 3]}, ({'CONV': [32, 5]}, {'CONV': [256, 5]}), ({'CONV': [32, 3]}, {'CONV': [128, 3]}, {'POOLMAX': [-1, 2]}), ({'CONV': [128, 3]}, {'CONV': [256, 3]}), ({'CONV': [64, 3]}, {'CONV': [256, 3]}, {'POOLMAX': [-1, 2]}), ({'CONV': [256, 5]}, {'CONV': [128, 3]}), ({'CONV': [32, 3]}, {'CONV': [256, 3]}, {'POOLMAX': [-1, 2]}), ({'CONV': [64, 3]}, {'CONV': [64, 3]}), ({'CONV': [256, 3]}, {'CONV': [256, 5]}, {'POOLMAX': [-1, 2]}), {'GLOBAL_AVG': None}, {'LAST_DENSE': [100, 'softmax']}]",HHSE,NSGA2,,,,,0.7064576825842257,,,,1461181440,5155492,,,,,,"[16, 0, 42, 5, 60, 7, 23, 55]",0.7262235296550589,-0.0015341417569794,0.0,0.0,0.75,0.0,0.52,0,1,0,100,0,0.01,BEST,False,False,170,True,True,GREEDY,,,GREEDY_HV
BHKPMA[M][M][M][M],28,29,87,52,0.87,True,True,"[15, 4, 38, 22, 60, 6, 18, 55]",[],"[15.587372399531462, 4.613542009600576, 38.847490918817094, 22.855238695262262, 60.71608092508759, 6.238676957309906, 18.49861495190506, 55.46875165980462]","[{'INP': 32}, {'CONV': [64, 3]}, ({'CONV': [32, 5]}, {'CONV': [256, 5]}), ({'CONV': [32, 3]}, {'CONV': [128, 3]}, {'POOLMAX': [-1, 2]}), ({'CONV': [128, 3]}, {'CONV': [256, 3]}), ({'CONV': [64, 3]}, {'CONV': [256, 3]}, {'POOLMAX': [-1, 2]}), ({'CONV': [256, 5]}, {'CONV': [128, 3]}), ({'CONV': [32, 3]}, {'CONV': [256, 3]}, {'POOLMAX': [-1, 2]}), ({'CONV': [64, 3]}, {'CONV': [64, 3]}), ({'CONV': [256, 3]}, {'CONV': [256, 5]}, {'POOLMAX': [-1, 2]}), {'GLOBAL_AVG': None}, {'LAST_DENSE': [100, 'softmax']}]",HHSE,NSGA2,,,,,0.7064576825842257,,,,1461181440,5155492,,,,,,"[16, 0, 42, 5, 60, 7, 23, 55]",0.7263593880689048,-0.0001571138730801,0.0,0.0,0.75,0.0,0.52,0,0,0,100,0,0.0,BEST,False,False,170,True,True,GREEDY,,,GREEDY_HV
BUTEBD[M],28,29,88,88,0.88,True,True,"[0, 6, 32, 18, 46, 6, 38, 55]",[],"[0.2259642050916348, 6.542130821170905, 32.19400922679227, 18.56092959338628, 46.86770079462842, 6.648834404371024, 38.30909613493713, 55.194590097955896]","[{'INP': 32}, {'CONV': [64, 3]}, ({'CONV': [32, 3]}, {'CONV': [32, 3]}), ({'CONV': [32, 3]}, {'CONV': [256, 3]}, {'POOLMAX': [-1, 2]}), ({'CONV': [128, 3]}, {'CONV': [32, 3]}), ({'CONV': [64, 3]}, {'CONV': [64, 3]}, {'POOLMAX': [-1, 2]}), ({'CONV': [128, 5]}, {'CONV': [256, 3]}), ({'CONV': [32, 3]}, {'CONV': [256, 3]}, {'POOLMAX': [-1, 2]}), ({'CONV': [128, 3]}, {'CONV': [256, 3]}), ({'CONV': [256, 3]}, {'CONV': [256, 5]}, {'POOLMAX': [-1, 2]}), {'GLOBAL_AVG': None}, {'LAST_DENSE': [100, 'softmax']}]",HHSE,NSGA2,,,,,0.7075260675489726,,,,605260800,3999396,,,,,,"[0, 6, 32, 18, 46, 6, 38, 55]",0.7264235195076896,-0.0003960902280869,0.375,0.5,0.0,0.75,0.88,0,0,0,100,0,0.0,BEST,False,False,144,True,True,GREEDY,,,GREEDY_HV
BUTEBD[M],28,29,89,88,0.89,True,True,"[0, 6, 32, 18, 46, 6, 38, 55]",[],"[0.2259642050916348, 6.542130821170905, 32.19400922679227, 18.56092959338628, 46.86770079462842, 6.648834404371024, 38.30909613493713, 55.194590097955896]","[{'INP': 32}, {'CONV': [64, 3]}, ({'CONV': [32, 3]}, {'CONV': [32, 3]}), ({'CONV': [32, 3]}, {'CONV': [256, 3]}, {'POOLMAX': [-1, 2]}), ({'CONV': [128, 3]}, {'CONV': [32, 3]}), ({'CONV': [64, 3]}, {'CONV': [64, 3]}, {'POOLMAX': [-1, 2]}), ({'CONV': [128, 5]}, {'CONV': [256, 3]}), ({'CONV': [32, 3]}, {'CONV': [256, 3]}, {'POOLMAX': [-1, 2]}), ({'CONV': [128, 3]}, {'CONV': [256, 3]}), ({'CONV': [256, 3]}, {'CONV': [256, 5]}, {'POOLMAX': [-1, 2]}), {'GLOBAL_AVG': None}, {'LAST_DENSE': [100, 'softmax']}]",HHSE,NSGA2,,,,,0.7075260675489726,,,,605260800,3999396,,,,,,"[0, 6, 32, 18, 46, 6, 38, 55]",0.7275724587068184,-0.0021194554970603,0.375,0.5,0.0,0.0,0.88,0,0,0,100,0,0.0,BEST,False,False,144,True,True,GREEDY,,,GREEDY_HV
BUTEBD[M],28,29,90,88,0.9,True,True,"[0, 6, 32, 18, 46, 6, 38, 55]",[],"[0.2259642050916348, 6.542130821170905, 32.19400922679227, 18.56092959338628, 46.86770079462842, 6.648834404371024, 38.30909613493713, 55.194590097955896]","[{'INP': 32}, {'CONV': [64, 3]}, ({'CONV': [32, 3]}, {'CONV': [32, 3]}), ({'CONV': [32, 3]}, {'CONV': [256, 3]}, {'POOLMAX': [-1, 2]}), ({'CONV': [128, 3]}, {'CONV': [32, 3]}), ({'CONV': [64, 3]}, {'CONV': [64, 3]}, {'POOLMAX': [-1, 2]}), ({'CONV': [128, 5]}, {'CONV': [256, 3]}), ({'CONV': [32, 3]}, {'CONV': [256, 3]}, {'POOLMAX': [-1, 2]}), ({'CONV': [128, 3]}, {'CONV': [256, 3]}), ({'CONV': [256, 3]}, {'CONV': [256, 5]}, {'POOLMAX': [-1, 2]}), {'GLOBAL_AVG': None}, {'LAST_DENSE': [100, 'softmax']}]",HHSE,NSGA2,,,,,0.7075260675489726,,,,605260800,3999396,,,,,,"[0, 6, 32, 18, 46, 6, 38, 55]",0.7276193891933833,-0.000360104526155,0.375,0.5,0.0,0.0,0.88,0,1,0,100,0,0.01,BEST,False,False,144,True,True,GREEDY,,,GREEDY_HV
BTKDYG[M][M][M][M],28,29,91,91,0.91,True,True,"[14, 7, 4, 36, 28, 6, 22, 15]",[],"[14.689583926922229, 7.430520953316723, 4.2483348687566655, 36.76890283693619, 28.705067907247514, 6.623400330909905, 22.347698196352614, 15.05823691158485]","[{'INP': 32}, {'CONV': [64, 3]}, ({'CONV': [32, 5]}, {'CONV': [256, 3]}), ({'CONV': [32, 3]}, {'CONV': [256, 5]}, {'POOLMAX': [-1, 2]}), ({'CONV': [32, 3]}, {'CONV': [128, 3]}), ({'CONV': [128, 3]}, {'CONV': [128, 3]}, {'POOLMAX': [-1, 2]}), ({'CONV': [64, 5]}, {'CONV': [128, 3]}), ({'CONV': [32, 3]}, {'CONV': [256, 3]}, {'POOLMAX': [-1, 2]}), ({'CONV': [64, 3]}, {'CONV': [256, 3]}), ({'CONV': [32, 5]}, {'CONV': [256, 5]}, {'POOLMAX': [-1, 2]}), {'GLOBAL_AVG': None}, {'LAST_DENSE': [100, 'softmax']}]",HHSE,NSGA2,,,,,0.708407612247575,,,,1115111936,1938596,,,,,,"[14, 7, 4, 36, 28, 6, 21, 14]",0.7285247792359166,0.0006797008863489,0.0,0.0,0.25,0.875,0.91,0,0,0,100,0,0.0,BEST,False,False,133,True,True,GREEDY,,,GREEDY_HV
BTKDYG[M][M][M][M],28,29,92,91,0.92,True,True,"[14, 7, 4, 36, 28, 6, 22, 15]",[],"[14.689583926922229, 7.430520953316723, 4.2483348687566655, 36.76890283693619, 28.705067907247514, 6.623400330909905, 22.347698196352614, 15.05823691158485]","[{'INP': 32}, {'CONV': [64, 3]}, ({'CONV': [32, 5]}, {'CONV': [256, 3]}), ({'CONV': [32, 3]}, {'CONV': [256, 5]}, {'POOLMAX': [-1, 2]}), ({'CONV': [32, 3]}, {'CONV': [128, 3]}), ({'CONV': [128, 3]}, {'CONV': [128, 3]}, {'POOLMAX': [-1, 2]}), ({'CONV': [64, 5]}, {'CONV': [128, 3]}), ({'CONV': [32, 3]}, {'CONV': [256, 3]}, {'POOLMAX': [-1, 2]}), ({'CONV': [64, 3]}, {'CONV': [256, 3]}), ({'CONV': [32, 5]}, {'CONV': [256, 5]}, {'POOLMAX': [-1, 2]}), {'GLOBAL_AVG': None}, {'LAST_DENSE': [100, 'softmax']}]",HHSE,NSGA2,,,,,0.708407612247575,,,,1115111936,1938596,,,,,,"[14, 7, 4, 36, 28, 6, 21, 14]",0.7286000465784475,-0.0002293139083797,0.0,0.0,0.25,0.0,0.91,0,1,0,100,0,0.01,BEST,False,False,133,True,True,GREEDY,,,GREEDY_HV
BKKDOZ[M],28,29,93,93,0.93,True,True,"[15, 6, 32, 36, 28, 6, 38, 55]",[],"[15.189115477784528, 6.267297128715379, 32.88640959177585, 36.31600034280007, 28.828138146276448, 6.809545414313391, 38.50974761339613, 55.648642679029386]","[{'INP': 32}, {'CONV': [64, 3]}, ({'CONV': [32, 5]}, {'CONV': [256, 5]}), ({'CONV': [32, 3]}, {'CONV': [256, 3]}, {'POOLMAX': [-1, 2]}), ({'CONV': [128, 3]}, {'CONV': [32, 3]}), ({'CONV': [128, 3]}, {'CONV': [128, 3]}, {'POOLMAX': [-1, 2]}), ({'CONV': [64, 5]}, {'CONV': [128, 3]}), ({'CONV': [32, 3]}, {'CONV': [256, 3]}, {'POOLMAX': [-1, 2]}), ({'CONV': [128, 3]}, {'CONV': [256, 3]}), ({'CONV': [256, 3]}, {'CONV': [256, 5]}, {'POOLMAX': [-1, 2]}), {'GLOBAL_AVG': None}, {'LAST_DENSE': [100, 'softmax']}]",HHSE,NSGA2,,,,,0.7096276842432273,,,,1239391232,4163876,,,,,,"[14, 6, 32, 36, 28, 6, 38, 55]",0.728671937920177,-2.925684879251378e-06,0.5,0.375,0.125,0.625,0.93,0,1,0,100,0,0.01,BEST,False,False,113,True,True,GREEDY,,,GREEDY_HV
BKKDOZ[M],28,29,94,93,0.94,True,True,"[15, 6, 32, 36, 28, 6, 38, 55]",[],"[15.189115477784528, 6.267297128715379, 32.88640959177585, 36.31600034280007, 28.828138146276448, 6.809545414313391, 38.50974761339613, 55.648642679029386]","[{'INP': 32}, {'CONV': [64, 3]}, ({'CONV': [32, 5]}, {'CONV': [256, 5]}), ({'CONV': [32, 3]}, {'CONV': [256, 3]}, {'POOLMAX': [-1, 2]}), ({'CONV': [128, 3]}, {'CONV': [32, 3]}), ({'CONV': [128, 3]}, {'CONV': [128, 3]}, {'POOLMAX': [-1, 2]}), ({'CONV': [64, 5]}, {'CONV': [128, 3]}), ({'CONV': [32, 3]}, {'CONV': [256, 3]}, {'POOLMAX': [-1, 2]}), ({'CONV': [128, 3]}, {'CONV': [256, 3]}), ({'CONV': [256, 3]}, {'CONV': [256, 5]}, {'POOLMAX': [-1, 2]}), {'GLOBAL_AVG': None}, {'LAST_DENSE': [100, 'softmax']}]",HHSE,NSGA2,,,,,0.7096276842432273,,,,1239391232,4163876,,,,,,"[14, 6, 32, 36, 28, 6, 38, 55]",0.7297820485698016,-6.791512815473855e-05,0.5,0.375,0.125,0.0,0.93,0,2,0,100,0,0.02,BEST,False,False,113,True,True,GREEDY,,,GREEDY_HV
BGADCF[M],28,29,95,95,0.95,True,True,"[14, 7, 2, 36, 46, 7, 22, 55]",[],"[14.170484348832275, 7.323165121152928, 2.9954159992603118, 36.524503180994756, 46.44239709679051, 7.379368320050574, 22.5638087625708, 55.772971478847765]","[{'INP': 32}, {'CONV': [64, 3]}, ({'CONV': [32, 5]}, {'CONV': [256, 3]}), ({'CONV': [32, 3]}, {'CONV': [256, 5]}, {'POOLMAX': [-1, 2]}), ({'CONV': [32, 3]}, {'CONV': [64, 3]}), ({'CONV': [128, 3]}, {'CONV': [128, 3]}, {'POOLMAX': [-1, 2]}), ({'CONV': [128, 5]}, {'CONV': [256, 3]}), ({'CONV': [32, 3]}, {'CONV': [256, 5]}, {'POOLMAX': [-1, 2]}), ({'CONV': [64, 3]}, {'CONV': [256, 3]}), ({'CONV': [256, 3]}, {'CONV': [256, 5]}, {'POOLMAX': [-1, 2]}), {'GLOBAL_AVG': None}, {'LAST_DENSE': [100, 'softmax']}]",HHSE,NSGA2,,,,,0.7098741597150124,,,,1202141184,4260388,,,,,,"[14, 7, 2, 36, 46, 6, 22, 55]",0.7298917051576255,-1.3239362001704611e-05,0.375,0.625,0.125,0.75,0.95,0,0,0,100,0,0.0,BEST,False,False,108,True,True,GREEDY,,,GREEDY_HV
BHAUWI[M],28,29,96,96,0.96,True,True,"[2, 4, 4, 38, 28, 6, 38, 23]",[],"[2.008772380869874, 4.67212696330481, 4.199186289521168, 38.3938863351688, 28.083313845648046, 6.336526784649454, 38.085929448761505, 23.842896552685698]","[{'INP': 32}, {'CONV': [64, 3]}, ({'CONV': [32, 3]}, {'CONV': [64, 3]}), ({'CONV': [32, 3]}, {'CONV': [128, 3]}, {'POOLMAX': [-1, 2]}), ({'CONV': [32, 3]}, {'CONV': [128, 3]}), ({'CONV': [128, 3]}, {'CONV': [256, 3]}, {'POOLMAX': [-1, 2]}), ({'CONV': [64, 5]}, {'CONV': [128, 3]}), ({'CONV': [32, 3]}, {'CONV': [256, 3]}, {'POOLMAX': [-1, 2]}), ({'CONV': [128, 3]}, {'CONV': [256, 3]}), ({'CONV': [64, 3]}, {'CONV': [256, 5]}, {'POOLMAX': [-1, 2]}), {'GLOBAL_AVG': None}, {'LAST_DENSE': [100, 'softmax']}]",HHSE,NSGA2,,,,,0.7106505550395465,,,,572710912,2384676,,,,,,"[2, 4, 4, 38, 28, 6, 38, 23]",0.730795104173728,0.0005262895677075,0.375,0.5,0.0,1.0,0.96,0,1,0,100,0,0.01,BEST,False,False,97,True,True,GREEDY,,,GREEDY_HV
BHAUWI[M],28,29,97,96,0.97,True,True,"[2, 4, 4, 38, 28, 6, 38, 23]",[],"[2.008772380869874, 4.67212696330481, 4.199186289521168, 38.3938863351688, 28.083313845648046, 6.336526784649454, 38.085929448761505, 23.842896552685698]","[{'INP': 32}, {'CONV': [64, 3]}, ({'CONV': [32, 3]}, {'CONV': [64, 3]}), ({'CONV': [32, 3]}, {'CONV': [128, 3]}, {'POOLMAX': [-1, 2]}), ({'CONV': [32, 3]}, {'CONV': [128, 3]}), ({'CONV': [128, 3]}, {'CONV': [256, 3]}, {'POOLMAX': [-1, 2]}), ({'CONV': [64, 5]}, {'CONV': [128, 3]}), ({'CONV': [32, 3]}, {'CONV': [256, 3]}, {'POOLMAX': [-1, 2]}), ({'CONV': [128, 3]}, {'CONV': [256, 3]}), ({'CONV': [64, 3]}, {'CONV': [256, 5]}, {'POOLMAX': [-1, 2]}), {'GLOBAL_AVG': None}, {'LAST_DENSE': [100, 'softmax']}]",HHSE,NSGA2,,,,,0.7106505550395465,,,,572710912,2384676,,,,,,"[2, 4, 4, 38, 28, 6, 38, 23]",0.7310150305605783,-1.6586247194583237e-05,0.375,0.5,0.0,0.0,0.96,0,0,0,100,0,0.0,BEST,False,False,97,True,True,GREEDY,,,GREEDY_HV
BHOCTM[M],28,29,98,98,0.98,True,True,"[20, 6, 4, 38, 46, 6, 38, 23]",[],"[20.658568439452527, 6.756678022996949, 4.149118224321409, 38.480398842260726, 46.001857709943096, 6.160086983135227, 38.374126137510764, 23.717756817707084]","[{'INP': 32}, {'CONV': [64, 3]}, ({'CONV': [64, 3]}, {'CONV': [128, 3]}), ({'CONV': [32, 3]}, {'CONV': [256, 3]}, {'POOLMAX': [-1, 2]}), ({'CONV': [32, 3]}, {'CONV': [128, 3]}), ({'CONV': [128, 3]}, {'CONV': [256, 3]}, {'POOLMAX': [-1, 2]}), ({'CONV': [128, 5]}, {'CONV': [256, 3]}), ({'CONV': [32, 3]}, {'CONV': [256, 3]}, {'POOLMAX': [-1, 2]}), ({'CONV': [128, 3]}, {'CONV': [256, 3]}), ({'CONV': [64, 3]}, {'CONV': [256, 5]}, {'POOLMAX': [-1, 2]}), {'GLOBAL_AVG': None}, {'LAST_DENSE': [100, 'softmax']}]",HHSE,NSGA2,,,,,0.7171736403966724,,,,943017984,3219876,,,,,,"[20, 6, 4, 38, 46, 6, 38, 23]",0.7311212248037006,-0.0003110836509935,0.5,0.375,0.0,0.375,0.98,0,0,0,100,0,0.0,BEST,False,False,11,True,True,GREEDY,,,GREEDY_HV
BHOCTM[M],28,29,99,98,0.99,True,True,"[20, 6, 4, 38, 46, 6, 38, 23]",[],"[20.658568439452527, 6.756678022996949, 4.149118224321409, 38.480398842260726, 46.001857709943096, 6.160086983135227, 38.374126137510764, 23.717756817707084]","[{'INP': 32}, {'CONV': [64, 3]}, ({'CONV': [64, 3]}, {'CONV': [128, 3]}), ({'CONV': [32, 3]}, {'CONV': [256, 3]}, {'POOLMAX': [-1, 2]}), ({'CONV': [32, 3]}, {'CONV': [128, 3]}), ({'CONV': [128, 3]}, {'CONV': [256, 3]}, {'POOLMAX': [-1, 2]}), ({'CONV': [128, 5]}, {'CONV': [256, 3]}), ({'CONV': [32, 3]}, {'CONV': [256, 3]}, {'POOLMAX': [-1, 2]}), ({'CONV': [128, 3]}, {'CONV': [256, 3]}), ({'CONV': [64, 3]}, {'CONV': [256, 5]}, {'POOLMAX': [-1, 2]}), {'GLOBAL_AVG': None}, {'LAST_DENSE': [100, 'softmax']}]",HHSE,NSGA2,,,,,0.7171736403966724,,,,943017984,3219876,,,,,,"[20, 6, 4, 38, 46, 6, 38, 23]",0.7367664174468631,-9.470523412125063e-05,0.5,0.375,0.0,0.0,0.98,0,0,0,100,0,0.0,BEST,False,False,11,True,True,GREEDY,,,GREEDY_HV
BHOCTM[M],28,29,100,98,1.0,True,True,"[20, 6, 4, 38, 46, 6, 38, 23]",[],"[20.658568439452527, 6.756678022996949, 4.149118224321409, 38.480398842260726, 46.001857709943096, 6.160086983135227, 38.374126137510764, 23.717756817707084]","[{'INP': 32}, {'CONV': [64, 3]}, ({'CONV': [64, 3]}, {'CONV': [128, 3]}), ({'CONV': [32, 3]}, {'CONV': [256, 3]}, {'POOLMAX': [-1, 2]}), ({'CONV': [32, 3]}, {'CONV': [128, 3]}), ({'CONV': [128, 3]}, {'CONV': [256, 3]}, {'POOLMAX': [-1, 2]}), ({'CONV': [128, 5]}, {'CONV': [256, 3]}), ({'CONV': [32, 3]}, {'CONV': [256, 3]}, {'POOLMAX': [-1, 2]}), ({'CONV': [128, 3]}, {'CONV': [256, 3]}), ({'CONV': [64, 3]}, {'CONV': [256, 5]}, {'POOLMAX': [-1, 2]}), {'GLOBAL_AVG': None}, {'LAST_DENSE': [100, 'softmax']}]",HHSE,NSGA2,,,,,0.7171736403966724,,,,943017984,3219876,,,,,,"[20, 6, 4, 38, 46, 6, 38, 23]",0.7368589997933062,-1.2703061599395047e-05,0.5,0.375,0.0,0.0,0.98,0,0,0,100,0,0.0,BEST,False,False,11,True,True,GREEDY,,,GREEDY_HV
BGQGSD[M],29,30,1,1,0.01,True,True,"[0, 0, 46, 38, 31, 5, 52, 15]",[],"[0.8521759046212551, 0.6097284930713988, 46.228604372926974, 38.45334911638873, 31.423058586899394, 5.7252846918037745, 52.75055132025341, 15.634571221030221]","[{'INP': 32}, {'CONV': [64, 3]}, ({'CONV': [32, 3]}, {'CONV': [32, 3]}), ({'CONV': [32, 3]}, {'CONV': [32, 3]}, {'POOLMAX': [-1, 2]}), ({'CONV': [128, 5]}, {'CONV': [256, 3]}), ({'CONV': [128, 3]}, {'CONV': [256, 3]}, {'POOLMAX': [-1, 2]}), ({'CONV': [64, 5]}, {'CONV': [256, 5]}), ({'CONV': [32, 3]}, {'CONV': [128, 5]}, {'POOLMAX': [-1, 2]}), ({'CONV': [256, 3]}, {'CONV': [128, 3]}), ({'CONV': [32, 5]}, {'CONV': [256, 5]}, {'POOLMAX': [-1, 2]}), {'GLOBAL_AVG': None}, {'LAST_DENSE': [100, 'softmax']}]",HHSE,NSGA2,,,,,0.6949774079366235,,,,762099200,2961444,,,,,,"[11, 0, 23, 54, 52, 10, 54, 10]",0.6740185994424696,0.0,0.75,0.25,0.875,0.0,0.01,0,10,0,100,0,0.1,BEST,False,False,297,True,True,GREEDY,,,GREEDY_HV
BOMOSF[M],29,30,2,2,0.02,True,True,"[37, 24, 32, 38, 14, 41, 22, 59]",[],"[37.52056204829206, 24.987409078248376, 32.264132830076754, 38.894709743210846, 14.469670547958719, 41.624321277395424, 22.61244375818277, 59.546241845419466]","[{'INP': 32}, {'CONV': [64, 3]}, ({'CONV': [128, 3]}, {'CONV': [128, 5]}), ({'CONV': [64, 5]}, {'CONV': [32, 3]}, {'POOLMAX': [-1, 2]}), ({'CONV': [128, 3]}, {'CONV': [32, 3]}), ({'CONV': [128, 3]}, {'CONV': [256, 3]}, {'POOLMAX': [-1, 2]}), ({'CONV': [32, 5]}, {'CONV': [256, 3]}), ({'CONV': [128, 5]}, {'CONV': [32, 5]}, {'POOLMAX': [-1, 2]}), ({'CONV': [64, 3]}, {'CONV': [256, 3]}), ({'CONV': [256, 5]}, {'CONV': [64, 5]}, {'POOLMAX': [-1, 2]}), {'GLOBAL_AVG': None}, {'LAST_DENSE': [100, 'softmax']}]",HHSE,NSGA2,,,,,0.6990527341554275,,,,1886092032,4542500,,,,,,"[4, 60, 19, 26, 5, 2, 6, 54]",0.6850527505067682,-0.0053540886397585,0.5,0.5,1.0,0.875,0.02,0,2,0,100,0,0.02,BEST,False,False,261,True,True,GREEDY,,,GREEDY_HV
BOMOSF[M],29,30,3,2,0.03,True,True,"[37, 24, 32, 38, 14, 41, 22, 59]",[],"[37.52056204829206, 24.987409078248376, 32.264132830076754, 38.894709743210846, 14.469670547958719, 41.624321277395424, 22.61244375818277, 59.546241845419466]","[{'INP': 32}, {'CONV': [64, 3]}, ({'CONV': [128, 3]}, {'CONV': [128, 5]}), ({'CONV': [64, 5]}, {'CONV': [32, 3]}, {'POOLMAX': [-1, 2]}), ({'CONV': [128, 3]}, {'CONV': [32, 3]}), ({'CONV': [128, 3]}, {'CONV': [256, 3]}, {'POOLMAX': [-1, 2]}), ({'CONV': [32, 5]}, {'CONV': [256, 3]}), ({'CONV': [128, 5]}, {'CONV': [32, 5]}, {'POOLMAX': [-1, 2]}), ({'CONV': [64, 3]}, {'CONV': [256, 3]}), ({'CONV': [256, 5]}, {'CONV': [64, 5]}, {'POOLMAX': [-1, 2]}), {'GLOBAL_AVG': None}, {'LAST_DENSE': [100, 'softmax']}]",HHSE,NSGA2,,,,,0.6990527341554275,,,,1886092032,4542500,,,,,,"[4, 60, 19, 26, 5, 2, 6, 54]",0.7092307527197448,0.0020164000037355,0.5,0.5,1.0,0.0,0.02,0,2,0,100,0,0.02,BEST,False,False,261,True,True,GREEDY,,,GREEDY_HV
BOMOSF[M],29,30,4,2,0.04,True,True,"[37, 24, 32, 38, 14, 41, 22, 59]",[],"[37.52056204829206, 24.987409078248376, 32.264132830076754, 38.894709743210846, 14.469670547958719, 41.624321277395424, 22.61244375818277, 59.546241845419466]","[{'INP': 32}, {'CONV': [64, 3]}, ({'CONV': [128, 3]}, {'CONV': [128, 5]}), ({'CONV': [64, 5]}, {'CONV': [32, 3]}, {'POOLMAX': [-1, 2]}), ({'CONV': [128, 3]}, {'CONV': [32, 3]}), ({'CONV': [128, 3]}, {'CONV': [256, 3]}, {'POOLMAX': [-1, 2]}), ({'CONV': [32, 5]}, {'CONV': [256, 3]}), ({'CONV': [128, 5]}, {'CONV': [32, 5]}, {'POOLMAX': [-1, 2]}), ({'CONV': [64, 3]}, {'CONV': [256, 3]}), ({'CONV': [256, 5]}, {'CONV': [64, 5]}, {'POOLMAX': [-1, 2]}), {'GLOBAL_AVG': None}, {'LAST_DENSE': [100, 'softmax']}]",HHSE,NSGA2,,,,,0.6990527341554275,,,,1886092032,4542500,,,,,,"[4, 60, 19, 26, 5, 2, 6, 54]",0.7074051004771554,-0.0001889906967228,0.5,0.5,1.0,0.0,0.02,0,2,0,100,0,0.02,BEST,False,False,261,True,True,GREEDY,,,GREEDY_HV
BCQSHJ[M][M][M],29,30,5,5,0.05,True,True,"[14, 18, 0, 39, 28, 14, 62, 39]",[],"[14.679618628471129, 18.2720522363948, 0.04302559516116029, 39.745559321079995, 28.929231477060565, 14.966895321585795, 62.725073471511415, 39.41585132546493]","[{'INP': 32}, {'CONV': [64, 3]}, ({'CONV': [32, 5]}, {'CONV': [256, 3]}), ({'CONV': [64, 3]}, {'CONV': [64, 3]}, {'POOLMAX': [-1, 2]}), ({'CONV': [32, 3]}, {'CONV': [32, 3]}), ({'CONV': [128, 3]}, {'CONV': [256, 5]}, {'POOLMAX': [-1, 2]}), ({'CONV': [64, 5]}, {'CONV': [128, 3]}), ({'CONV': [32, 5]}, {'CONV': [256, 3]}, {'POOLMAX': [-1, 2]}), ({'CONV': [256, 5]}, {'CONV': [256, 3]}), ({'CONV': [128, 3]}, {'CONV': [256, 5]}, {'POOLMAX': [-1, 2]}), {'GLOBAL_AVG': None}, {'LAST_DENSE': [100, 'softmax']}]",HHSE,NSGA2,,,,,0.6997903847715361,,,,1284619264,5231396,,,,,,"[24, 18, 0, 5, 46, 20, 61, 50]",0.7086495655819597,-0.0001357589163351,0.0,0.0,0.75,1.0,0.05,0,2,0,100,0,0.02,BEST,False,False,252,True,True,GREEDY,,,GREEDY_HV
BCQSHJ[M][M][M],29,30,6,5,0.06,True,True,"[14, 18, 0, 39, 28, 14, 62, 39]",[],"[14.679618628471129, 18.2720522363948, 0.04302559516116029, 39.745559321079995, 28.929231477060565, 14.966895321585795, 62.725073471511415, 39.41585132546493]","[{'INP': 32}, {'CONV': [64, 3]}, ({'CONV': [32, 5]}, {'CONV': [256, 3]}), ({'CONV': [64, 3]}, {'CONV': [64, 3]}, {'POOLMAX': [-1, 2]}), ({'CONV': [32, 3]}, {'CONV': [32, 3]}), ({'CONV': [128, 3]}, {'CONV': [256, 5]}, {'POOLMAX': [-1, 2]}), ({'CONV': [64, 5]}, {'CONV': [128, 3]}), ({'CONV': [32, 5]}, {'CONV': [256, 3]}, {'POOLMAX': [-1, 2]}), ({'CONV': [256, 5]}, {'CONV': [256, 3]}), ({'CONV': [128, 3]}, {'CONV': [256, 5]}, {'POOLMAX': [-1, 2]}), {'GLOBAL_AVG': None}, {'LAST_DENSE': [100, 'softmax']}]",HHSE,NSGA2,,,,,0.6997903847715361,,,,1284619264,5231396,,,,,,"[24, 18, 0, 5, 46, 20, 61, 50]",0.709442869611665,-0.001517685562357,0.0,0.0,0.75,0.0,0.05,0,0,0,100,0,0.0,BEST,False,False,252,True,True,GREEDY,,,GREEDY_HV
BCQSHJ[M][M][M],29,30,7,5,0.07,True,True,"[14, 18, 0, 39, 28, 14, 62, 39]",[],"[14.679618628471129, 18.2720522363948, 0.04302559516116029, 39.745559321079995, 28.929231477060565, 14.966895321585795, 62.725073471511415, 39.41585132546493]","[{'INP': 32}, {'CONV': [64, 3]}, ({'CONV': [32, 5]}, {'CONV': [256, 3]}), ({'CONV': [64, 3]}, {'CONV': [64, 3]}, {'POOLMAX': [-1, 2]}), ({'CONV': [32, 3]}, {'CONV': [32, 3]}), ({'CONV': [128, 3]}, {'CONV': [256, 5]}, {'POOLMAX': [-1, 2]}), ({'CONV': [64, 5]}, {'CONV': [128, 3]}), ({'CONV': [32, 5]}, {'CONV': [256, 3]}, {'POOLMAX': [-1, 2]}), ({'CONV': [256, 5]}, {'CONV': [256, 3]}), ({'CONV': [128, 3]}, {'CONV': [256, 5]}, {'POOLMAX': [-1, 2]}), {'GLOBAL_AVG': None}, {'LAST_DENSE': [100, 'softmax']}]",HHSE,NSGA2,,,,,0.6997903847715361,,,,1284619264,5231396,,,,,,"[24, 18, 0, 5, 46, 20, 61, 50]",0.7101640711469253,-1.4902039494724129e-05,0.0,0.0,0.75,0.0,0.05,0,0,0,100,0,0.0,BEST,False,False,252,True,True,GREEDY,,,GREEDY_HV
BCQSHJ[M][M][M],29,30,8,5,0.08,True,True,"[14, 18, 0, 39, 28, 14, 62, 39]",[],"[14.679618628471129, 18.2720522363948, 0.04302559516116029, 39.745559321079995, 28.929231477060565, 14.966895321585795, 62.725073471511415, 39.41585132546493]","[{'INP': 32}, {'CONV': [64, 3]}, ({'CONV': [32, 5]}, {'CONV': [256, 3]}), ({'CONV': [64, 3]}, {'CONV': [64, 3]}, {'POOLMAX': [-1, 2]}), ({'CONV': [32, 3]}, {'CONV': [32, 3]}), ({'CONV': [128, 3]}, {'CONV': [256, 5]}, {'POOLMAX': [-1, 2]}), ({'CONV': [64, 5]}, {'CONV': [128, 3]}), ({'CONV': [32, 5]}, {'CONV': [256, 3]}, {'POOLMAX': [-1, 2]}), ({'CONV': [256, 5]}, {'CONV': [256, 3]}), ({'CONV': [128, 3]}, {'CONV': [256, 5]}, {'POOLMAX': [-1, 2]}), {'GLOBAL_AVG': None}, {'LAST_DENSE': [100, 'softmax']}]",HHSE,NSGA2,,,,,0.6997903847715361,,,,1284619264,5231396,,,,,,"[24, 18, 0, 5, 46, 20, 61, 50]",0.7125977321670522,-4.4307027410761535e-05,0.0,0.0,0.75,0.0,0.05,0,0,0,100,0,0.0,BEST,False,False,252,True,True,GREEDY,,,GREEDY_HV
BCQSHJ[M][M][M],29,30,9,5,0.09,True,True,"[14, 18, 0, 39, 28, 14, 62, 39]",[],"[14.679618628471129, 18.2720522363948, 0.04302559516116029, 39.745559321079995, 28.929231477060565, 14.966895321585795, 62.725073471511415, 39.41585132546493]","[{'INP': 32}, {'CONV': [64, 3]}, ({'CONV': [32, 5]}, {'CONV': [256, 3]}), ({'CONV': [64, 3]}, {'CONV': [64, 3]}, {'POOLMAX': [-1, 2]}), ({'CONV': [32, 3]}, {'CONV': [32, 3]}), ({'CONV': [128, 3]}, {'CONV': [256, 5]}, {'POOLMAX': [-1, 2]}), ({'CONV': [64, 5]}, {'CONV': [128, 3]}), ({'CONV': [32, 5]}, {'CONV': [256, 3]}, {'POOLMAX': [-1, 2]}), ({'CONV': [256, 5]}, {'CONV': [256, 3]}), ({'CONV': [128, 3]}, {'CONV': [256, 5]}, {'POOLMAX': [-1, 2]}), {'GLOBAL_AVG': None}, {'LAST_DENSE': [100, 'softmax']}]",HHSE,NSGA2,,,,,0.6997903847715361,,,,1284619264,5231396,,,,,,"[24, 18, 0, 5, 46, 20, 61, 50]",0.7126642736484963,-0.0001675352245213,0.0,0.0,0.75,0.0,0.05,0,0,0,100,0,0.0,BEST,False,False,252,True,True,GREEDY,,,GREEDY_HV
BCQSHJ[M][M][M],29,30,10,5,0.1,True,True,"[14, 18, 0, 39, 28, 14, 62, 39]",[],"[14.679618628471129, 18.2720522363948, 0.04302559516116029, 39.745559321079995, 28.929231477060565, 14.966895321585795, 62.725073471511415, 39.41585132546493]","[{'INP': 32}, {'CONV': [64, 3]}, ({'CONV': [32, 5]}, {'CONV': [256, 3]}), ({'CONV': [64, 3]}, {'CONV': [64, 3]}, {'POOLMAX': [-1, 2]}), ({'CONV': [32, 3]}, {'CONV': [32, 3]}), ({'CONV': [128, 3]}, {'CONV': [256, 5]}, {'POOLMAX': [-1, 2]}), ({'CONV': [64, 5]}, {'CONV': [128, 3]}), ({'CONV': [32, 5]}, {'CONV': [256, 3]}, {'POOLMAX': [-1, 2]}), ({'CONV': [256, 5]}, {'CONV': [256, 3]}), ({'CONV': [128, 3]}, {'CONV': [256, 5]}, {'POOLMAX': [-1, 2]}), {'GLOBAL_AVG': None}, {'LAST_DENSE': [100, 'softmax']}]",HHSE,NSGA2,,,,,0.6997903847715361,,,,1284619264,5231396,,,,,,"[24, 18, 0, 5, 46, 20, 61, 50]",0.7127033864515373,-0.00048523220376,0.0,0.0,0.75,0.0,0.05,0,0,0,100,0,0.0,BEST,False,False,252,True,True,GREEDY,,,GREEDY_HV
BCQSHJ[M][M][M],29,30,11,5,0.11,True,True,"[14, 18, 0, 39, 28, 14, 62, 39]",[],"[14.679618628471129, 18.2720522363948, 0.04302559516116029, 39.745559321079995, 28.929231477060565, 14.966895321585795, 62.725073471511415, 39.41585132546493]","[{'INP': 32}, {'CONV': [64, 3]}, ({'CONV': [32, 5]}, {'CONV': [256, 3]}), ({'CONV': [64, 3]}, {'CONV': [64, 3]}, {'POOLMAX': [-1, 2]}), ({'CONV': [32, 3]}, {'CONV': [32, 3]}), ({'CONV': [128, 3]}, {'CONV': [256, 5]}, {'POOLMAX': [-1, 2]}), ({'CONV': [64, 5]}, {'CONV': [128, 3]}), ({'CONV': [32, 5]}, {'CONV': [256, 3]}, {'POOLMAX': [-1, 2]}), ({'CONV': [256, 5]}, {'CONV': [256, 3]}), ({'CONV': [128, 3]}, {'CONV': [256, 5]}, {'POOLMAX': [-1, 2]}), {'GLOBAL_AVG': None}, {'LAST_DENSE': [100, 'softmax']}]",HHSE,NSGA2,,,,,0.6997903847715361,,,,1284619264,5231396,,,,,,"[24, 18, 0, 5, 46, 20, 61, 50]",0.7127256855091519,-0.0002374787522545,0.0,0.0,0.75,0.0,0.05,0,1,0,100,0,0.01,BEST,False,False,252,True,True,GREEDY,,,GREEDY_HV
BCQSHJ[M][M][M],29,30,12,5,0.12,True,True,"[14, 18, 0, 39, 28, 14, 62, 39]",[],"[14.679618628471129, 18.2720522363948, 0.04302559516116029, 39.745559321079995, 28.929231477060565, 14.966895321585795, 62.725073471511415, 39.41585132546493]","[{'INP': 32}, {'CONV': [64, 3]}, ({'CONV': [32, 5]}, {'CONV': [256, 3]}), ({'CONV': [64, 3]}, {'CONV': [64, 3]}, {'POOLMAX': [-1, 2]}), ({'CONV': [32, 3]}, {'CONV': [32, 3]}), ({'CONV': [128, 3]}, {'CONV': [256, 5]}, {'POOLMAX': [-1, 2]}), ({'CONV': [64, 5]}, {'CONV': [128, 3]}), ({'CONV': [32, 5]}, {'CONV': [256, 3]}, {'POOLMAX': [-1, 2]}), ({'CONV': [256, 5]}, {'CONV': [256, 3]}), ({'CONV': [128, 3]}, {'CONV': [256, 5]}, {'POOLMAX': [-1, 2]}), {'GLOBAL_AVG': None}, {'LAST_DENSE': [100, 'softmax']}]",HHSE,NSGA2,,,,,0.6997903847715361,,,,1284619264,5231396,,,,,,"[24, 18, 0, 5, 46, 20, 61, 50]",0.7128215783652633,-0.0011000354641613,0.0,0.0,0.75,0.0,0.05,0,0,0,100,0,0.0,BEST,False,False,252,True,True,GREEDY,,,GREEDY_HV
BCQSHJ[M][M][M],29,30,13,5,0.13,True,True,"[14, 18, 0, 39, 28, 14, 62, 39]",[],"[14.679618628471129, 18.2720522363948, 0.04302559516116029, 39.745559321079995, 28.929231477060565, 14.966895321585795, 62.725073471511415, 39.41585132546493]","[{'INP': 32}, {'CONV': [64, 3]}, ({'CONV': [32, 5]}, {'CONV': [256, 3]}), ({'CONV': [64, 3]}, {'CONV': [64, 3]}, {'POOLMAX': [-1, 2]}), ({'CONV': [32, 3]}, {'CONV': [32, 3]}), ({'CONV': [128, 3]}, {'CONV': [256, 5]}, {'POOLMAX': [-1, 2]}), ({'CONV': [64, 5]}, {'CONV': [128, 3]}), ({'CONV': [32, 5]}, {'CONV': [256, 3]}, {'POOLMAX': [-1, 2]}), ({'CONV': [256, 5]}, {'CONV': [256, 3]}), ({'CONV': [128, 3]}, {'CONV': [256, 5]}, {'POOLMAX': [-1, 2]}), {'GLOBAL_AVG': None}, {'LAST_DENSE': [100, 'softmax']}]",HHSE,NSGA2,,,,,0.6997903847715361,,,,1284619264,5231396,,,,,,"[24, 18, 0, 5, 46, 20, 61, 50]",0.7138269661983871,-0.000433314835936,0.0,0.0,0.75,0.0,0.05,0,0,0,100,0,0.0,BEST,False,False,252,True,True,GREEDY,,,GREEDY_HV
BCQSHJ[M][M][M],29,30,14,5,0.14,True,True,"[14, 18, 0, 39, 28, 14, 62, 39]",[],"[14.679618628471129, 18.2720522363948, 0.04302559516116029, 39.745559321079995, 28.929231477060565, 14.966895321585795, 62.725073471511415, 39.41585132546493]","[{'INP': 32}, {'CONV': [64, 3]}, ({'CONV': [32, 5]}, {'CONV': [256, 3]}), ({'CONV': [64, 3]}, {'CONV': [64, 3]}, {'POOLMAX': [-1, 2]}), ({'CONV': [32, 3]}, {'CONV': [32, 3]}), ({'CONV': [128, 3]}, {'CONV': [256, 5]}, {'POOLMAX': [-1, 2]}), ({'CONV': [64, 5]}, {'CONV': [128, 3]}), ({'CONV': [32, 5]}, {'CONV': [256, 3]}, {'POOLMAX': [-1, 2]}), ({'CONV': [256, 5]}, {'CONV': [256, 3]}), ({'CONV': [128, 3]}, {'CONV': [256, 5]}, {'POOLMAX': [-1, 2]}), {'GLOBAL_AVG': None}, {'LAST_DENSE': [100, 'softmax']}]",HHSE,NSGA2,,,,,0.6997903847715361,,,,1284619264,5231396,,,,,,"[24, 18, 0, 5, 46, 20, 61, 50]",0.7136334313370067,-0.0036277258758685,0.0,0.0,0.75,0.0,0.05,0,0,0,100,0,0.0,BEST,False,False,252,True,True,GREEDY,,,GREEDY_HV
BCQSHJ[M][M][M],29,30,15,5,0.15,True,True,"[14, 18, 0, 39, 28, 14, 62, 39]",[],"[14.679618628471129, 18.2720522363948, 0.04302559516116029, 39.745559321079995, 28.929231477060565, 14.966895321585795, 62.725073471511415, 39.41585132546493]","[{'INP': 32}, {'CONV': [64, 3]}, ({'CONV': [32, 5]}, {'CONV': [256, 3]}), ({'CONV': [64, 3]}, {'CONV': [64, 3]}, {'POOLMAX': [-1, 2]}), ({'CONV': [32, 3]}, {'CONV': [32, 3]}), ({'CONV': [128, 3]}, {'CONV': [256, 5]}, {'POOLMAX': [-1, 2]}), ({'CONV': [64, 5]}, {'CONV': [128, 3]}), ({'CONV': [32, 5]}, {'CONV': [256, 3]}, {'POOLMAX': [-1, 2]}), ({'CONV': [256, 5]}, {'CONV': [256, 3]}), ({'CONV': [128, 3]}, {'CONV': [256, 5]}, {'POOLMAX': [-1, 2]}), {'GLOBAL_AVG': None}, {'LAST_DENSE': [100, 'softmax']}]",HHSE,NSGA2,,,,,0.6997903847715361,,,,1284619264,5231396,,,,,,"[24, 18, 0, 5, 46, 20, 61, 50]",0.7143432653749225,-0.0003196887085368,0.0,0.0,0.75,0.0,0.05,0,1,0,100,0,0.01,BEST,False,False,252,True,True,GREEDY,,,GREEDY_HV
BCQSHJ[M][M][M],29,30,16,5,0.16,True,True,"[14, 18, 0, 39, 28, 14, 62, 39]",[],"[14.679618628471129, 18.2720522363948, 0.04302559516116029, 39.745559321079995, 28.929231477060565, 14.966895321585795, 62.725073471511415, 39.41585132546493]","[{'INP': 32}, {'CONV': [64, 3]}, ({'CONV': [32, 5]}, {'CONV': [256, 3]}), ({'CONV': [64, 3]}, {'CONV': [64, 3]}, {'POOLMAX': [-1, 2]}), ({'CONV': [32, 3]}, {'CONV': [32, 3]}), ({'CONV': [128, 3]}, {'CONV': [256, 5]}, {'POOLMAX': [-1, 2]}), ({'CONV': [64, 5]}, {'CONV': [128, 3]}), ({'CONV': [32, 5]}, {'CONV': [256, 3]}, {'POOLMAX': [-1, 2]}), ({'CONV': [256, 5]}, {'CONV': [256, 3]}), ({'CONV': [128, 3]}, {'CONV': [256, 5]}, {'POOLMAX': [-1, 2]}), {'GLOBAL_AVG': None}, {'LAST_DENSE': [100, 'softmax']}]",HHSE,NSGA2,,,,,0.6997903847715361,,,,1284619264,5231396,,,,,,"[24, 18, 0, 5, 46, 20, 61, 50]",0.7143258317019379,-0.0002511263479771,0.0,0.0,0.75,0.0,0.05,0,0,0,100,0,0.0,BEST,False,False,252,True,True,GREEDY,,,GREEDY_HV
BCQSHJ[M][M][M],29,30,17,5,0.17,True,True,"[14, 18, 0, 39, 28, 14, 62, 39]",[],"[14.679618628471129, 18.2720522363948, 0.04302559516116029, 39.745559321079995, 28.929231477060565, 14.966895321585795, 62.725073471511415, 39.41585132546493]","[{'INP': 32}, {'CONV': [64, 3]}, ({'CONV': [32, 5]}, {'CONV': [256, 3]}), ({'CONV': [64, 3]}, {'CONV': [64, 3]}, {'POOLMAX': [-1, 2]}), ({'CONV': [32, 3]}, {'CONV': [32, 3]}), ({'CONV': [128, 3]}, {'CONV': [256, 5]}, {'POOLMAX': [-1, 2]}), ({'CONV': [64, 5]}, {'CONV': [128, 3]}), ({'CONV': [32, 5]}, {'CONV': [256, 3]}, {'POOLMAX': [-1, 2]}), ({'CONV': [256, 5]}, {'CONV': [256, 3]}), ({'CONV': [128, 3]}, {'CONV': [256, 5]}, {'POOLMAX': [-1, 2]}), {'GLOBAL_AVG': None}, {'LAST_DENSE': [100, 'softmax']}]",HHSE,NSGA2,,,,,0.6997903847715361,,,,1284619264,5231396,,,,,,"[24, 18, 0, 5, 46, 20, 61, 50]",0.7143270572224487,-0.0010997501707177,0.0,0.0,0.75,0.0,0.05,0,0,0,100,0,0.0,BEST,False,False,252,True,True,GREEDY,,,GREEDY_HV
BCQSHJ[M][M][M],29,30,18,5,0.18,True,True,"[14, 18, 0, 39, 28, 14, 62, 39]",[],"[14.679618628471129, 18.2720522363948, 0.04302559516116029, 39.745559321079995, 28.929231477060565, 14.966895321585795, 62.725073471511415, 39.41585132546493]","[{'INP': 32}, {'CONV': [64, 3]}, ({'CONV': [32, 5]}, {'CONV': [256, 3]}), ({'CONV': [64, 3]}, {'CONV': [64, 3]}, {'POOLMAX': [-1, 2]}), ({'CONV': [32, 3]}, {'CONV': [32, 3]}), ({'CONV': [128, 3]}, {'CONV': [256, 5]}, {'POOLMAX': [-1, 2]}), ({'CONV': [64, 5]}, {'CONV': [128, 3]}), ({'CONV': [32, 5]}, {'CONV': [256, 3]}, {'POOLMAX': [-1, 2]}), ({'CONV': [256, 5]}, {'CONV': [256, 3]}), ({'CONV': [128, 3]}, {'CONV': [256, 5]}, {'POOLMAX': [-1, 2]}), {'GLOBAL_AVG': None}, {'LAST_DENSE': [100, 'softmax']}]",HHSE,NSGA2,,,,,0.6997903847715361,,,,1284619264,5231396,,,,,,"[24, 18, 0, 5, 46, 20, 61, 50]",0.7146171791159397,-2.4751289499080897e-05,0.0,0.0,0.75,0.0,0.05,0,1,0,100,0,0.01,BEST,False,False,252,True,True,GREEDY,,,GREEDY_HV
BCQSHJ[M][M][M],29,30,19,5,0.19,True,True,"[14, 18, 0, 39, 28, 14, 62, 39]",[],"[14.679618628471129, 18.2720522363948, 0.04302559516116029, 39.745559321079995, 28.929231477060565, 14.966895321585795, 62.725073471511415, 39.41585132546493]","[{'INP': 32}, {'CONV': [64, 3]}, ({'CONV': [32, 5]}, {'CONV': [256, 3]}), ({'CONV': [64, 3]}, {'CONV': [64, 3]}, {'POOLMAX': [-1, 2]}), ({'CONV': [32, 3]}, {'CONV': [32, 3]}), ({'CONV': [128, 3]}, {'CONV': [256, 5]}, {'POOLMAX': [-1, 2]}), ({'CONV': [64, 5]}, {'CONV': [128, 3]}), ({'CONV': [32, 5]}, {'CONV': [256, 3]}, {'POOLMAX': [-1, 2]}), ({'CONV': [256, 5]}, {'CONV': [256, 3]}), ({'CONV': [128, 3]}, {'CONV': [256, 5]}, {'POOLMAX': [-1, 2]}), {'GLOBAL_AVG': None}, {'LAST_DENSE': [100, 'softmax']}]",HHSE,NSGA2,,,,,0.6997903847715361,,,,1284619264,5231396,,,,,,"[24, 18, 0, 5, 46, 20, 61, 50]",0.714392315692076,-0.0006967314985643,0.0,0.0,0.75,0.0,0.05,0,0,0,100,0,0.0,BEST,False,False,252,True,True,GREEDY,,,GREEDY_HV
BCQSHJ[M][M][M],29,30,20,5,0.2,True,True,"[14, 18, 0, 39, 28, 14, 62, 39]",[],"[14.679618628471129, 18.2720522363948, 0.04302559516116029, 39.745559321079995, 28.929231477060565, 14.966895321585795, 62.725073471511415, 39.41585132546493]","[{'INP': 32}, {'CONV': [64, 3]}, ({'CONV': [32, 5]}, {'CONV': [256, 3]}), ({'CONV': [64, 3]}, {'CONV': [64, 3]}, {'POOLMAX': [-1, 2]}), ({'CONV': [32, 3]}, {'CONV': [32, 3]}), ({'CONV': [128, 3]}, {'CONV': [256, 5]}, {'POOLMAX': [-1, 2]}), ({'CONV': [64, 5]}, {'CONV': [128, 3]}), ({'CONV': [32, 5]}, {'CONV': [256, 3]}, {'POOLMAX': [-1, 2]}), ({'CONV': [256, 5]}, {'CONV': [256, 3]}), ({'CONV': [128, 3]}, {'CONV': [256, 5]}, {'POOLMAX': [-1, 2]}), {'GLOBAL_AVG': None}, {'LAST_DENSE': [100, 'softmax']}]",HHSE,NSGA2,,,,,0.6997903847715361,,,,1284619264,5231396,,,,,,"[24, 18, 0, 5, 46, 20, 61, 50]",0.7144370527978412,-9.176855414216868e-05,0.0,0.0,0.75,0.0,0.05,0,1,0,100,0,0.01,BEST,False,False,252,True,True,GREEDY,,,GREEDY_HV
BCQSHJ[M][M][M],29,30,21,5,0.21,True,True,"[14, 18, 0, 39, 28, 14, 62, 39]",[],"[14.679618628471129, 18.2720522363948, 0.04302559516116029, 39.745559321079995, 28.929231477060565, 14.966895321585795, 62.725073471511415, 39.41585132546493]","[{'INP': 32}, {'CONV': [64, 3]}, ({'CONV': [32, 5]}, {'CONV': [256, 3]}), ({'CONV': [64, 3]}, {'CONV': [64, 3]}, {'POOLMAX': [-1, 2]}), ({'CONV': [32, 3]}, {'CONV': [32, 3]}), ({'CONV': [128, 3]}, {'CONV': [256, 5]}, {'POOLMAX': [-1, 2]}), ({'CONV': [64, 5]}, {'CONV': [128, 3]}), ({'CONV': [32, 5]}, {'CONV': [256, 3]}, {'POOLMAX': [-1, 2]}), ({'CONV': [256, 5]}, {'CONV': [256, 3]}), ({'CONV': [128, 3]}, {'CONV': [256, 5]}, {'POOLMAX': [-1, 2]}), {'GLOBAL_AVG': None}, {'LAST_DENSE': [100, 'softmax']}]",HHSE,NSGA2,,,,,0.6997903847715361,,,,1284619264,5231396,,,,,,"[24, 18, 0, 5, 46, 20, 61, 50]",0.714461983321924,-0.0002442559312004,0.0,0.0,0.75,0.0,0.05,0,0,0,100,0,0.0,BEST,False,False,252,True,True,GREEDY,,,GREEDY_HV
BCQSHJ[M][M][M],29,30,22,5,0.22,True,True,"[14, 18, 0, 39, 28, 14, 62, 39]",[],"[14.679618628471129, 18.2720522363948, 0.04302559516116029, 39.745559321079995, 28.929231477060565, 14.966895321585795, 62.725073471511415, 39.41585132546493]","[{'INP': 32}, {'CONV': [64, 3]}, ({'CONV': [32, 5]}, {'CONV': [256, 3]}), ({'CONV': [64, 3]}, {'CONV': [64, 3]}, {'POOLMAX': [-1, 2]}), ({'CONV': [32, 3]}, {'CONV': [32, 3]}), ({'CONV': [128, 3]}, {'CONV': [256, 5]}, {'POOLMAX': [-1, 2]}), ({'CONV': [64, 5]}, {'CONV': [128, 3]}), ({'CONV': [32, 5]}, {'CONV': [256, 3]}, {'POOLMAX': [-1, 2]}), ({'CONV': [256, 5]}, {'CONV': [256, 3]}), ({'CONV': [128, 3]}, {'CONV': [256, 5]}, {'POOLMAX': [-1, 2]}), {'GLOBAL_AVG': None}, {'LAST_DENSE': [100, 'softmax']}]",HHSE,NSGA2,,,,,0.6997903847715361,,,,1284619264,5231396,,,,,,"[24, 18, 0, 5, 46, 20, 61, 50]",0.7145675542018195,-0.0002886212855468,0.0,0.0,0.75,0.0,0.05,0,1,0,100,0,0.01,BEST,False,False,252,True,True,GREEDY,,,GREEDY_HV
BCQSHJ[M][M][M],29,30,23,5,0.23,True,True,"[14, 18, 0, 39, 28, 14, 62, 39]",[],"[14.679618628471129, 18.2720522363948, 0.04302559516116029, 39.745559321079995, 28.929231477060565, 14.966895321585795, 62.725073471511415, 39.41585132546493]","[{'INP': 32}, {'CONV': [64, 3]}, ({'CONV': [32, 5]}, {'CONV': [256, 3]}), ({'CONV': [64, 3]}, {'CONV': [64, 3]}, {'POOLMAX': [-1, 2]}), ({'CONV': [32, 3]}, {'CONV': [32, 3]}), ({'CONV': [128, 3]}, {'CONV': [256, 5]}, {'POOLMAX': [-1, 2]}), ({'CONV': [64, 5]}, {'CONV': [128, 3]}), ({'CONV': [32, 5]}, {'CONV': [256, 3]}, {'POOLMAX': [-1, 2]}), ({'CONV': [256, 5]}, {'CONV': [256, 3]}), ({'CONV': [128, 3]}, {'CONV': [256, 5]}, {'POOLMAX': [-1, 2]}), {'GLOBAL_AVG': None}, {'LAST_DENSE': [100, 'softmax']}]",HHSE,NSGA2,,,,,0.6997903847715361,,,,1284619264,5231396,,,,,,"[24, 18, 0, 5, 46, 20, 61, 50]",0.7148527552457865,-0.0002167309814894,0.0,0.0,0.75,0.0,0.05,0,0,0,100,0,0.0,BEST,False,False,252,True,True,GREEDY,,,GREEDY_HV
BCQSHJ[M][M][M],29,30,24,5,0.24,True,True,"[14, 18, 0, 39, 28, 14, 62, 39]",[],"[14.679618628471129, 18.2720522363948, 0.04302559516116029, 39.745559321079995, 28.929231477060565, 14.966895321585795, 62.725073471511415, 39.41585132546493]","[{'INP': 32}, {'CONV': [64, 3]}, ({'CONV': [32, 5]}, {'CONV': [256, 3]}), ({'CONV': [64, 3]}, {'CONV': [64, 3]}, {'POOLMAX': [-1, 2]}), ({'CONV': [32, 3]}, {'CONV': [32, 3]}), ({'CONV': [128, 3]}, {'CONV': [256, 5]}, {'POOLMAX': [-1, 2]}), ({'CONV': [64, 5]}, {'CONV': [128, 3]}), ({'CONV': [32, 5]}, {'CONV': [256, 3]}, {'POOLMAX': [-1, 2]}), ({'CONV': [256, 5]}, {'CONV': [256, 3]}), ({'CONV': [128, 3]}, {'CONV': [256, 5]}, {'POOLMAX': [-1, 2]}), {'GLOBAL_AVG': None}, {'LAST_DENSE': [100, 'softmax']}]",HHSE,NSGA2,,,,,0.6997903847715361,,,,1284619264,5231396,,,,,,"[24, 18, 0, 5, 46, 20, 61, 50]",0.7148504450145583,-0.0003709504405934,0.0,0.0,0.75,0.0,0.05,0,0,0,100,0,0.0,BEST,False,False,252,True,True,GREEDY,,,GREEDY_HV
BCQSHJ[M][M][M],29,30,25,5,0.25,True,True,"[14, 18, 0, 39, 28, 14, 62, 39]",[],"[14.679618628471129, 18.2720522363948, 0.04302559516116029, 39.745559321079995, 28.929231477060565, 14.966895321585795, 62.725073471511415, 39.41585132546493]","[{'INP': 32}, {'CONV': [64, 3]}, ({'CONV': [32, 5]}, {'CONV': [256, 3]}), ({'CONV': [64, 3]}, {'CONV': [64, 3]}, {'POOLMAX': [-1, 2]}), ({'CONV': [32, 3]}, {'CONV': [32, 3]}), ({'CONV': [128, 3]}, {'CONV': [256, 5]}, {'POOLMAX': [-1, 2]}), ({'CONV': [64, 5]}, {'CONV': [128, 3]}), ({'CONV': [32, 5]}, {'CONV': [256, 3]}, {'POOLMAX': [-1, 2]}), ({'CONV': [256, 5]}, {'CONV': [256, 3]}), ({'CONV': [128, 3]}, {'CONV': [256, 5]}, {'POOLMAX': [-1, 2]}), {'GLOBAL_AVG': None}, {'LAST_DENSE': [100, 'softmax']}]",HHSE,NSGA2,,,,,0.6997903847715361,,,,1284619264,5231396,,,,,,"[24, 18, 0, 5, 46, 20, 61, 50]",0.7149234182436371,-0.0004548435532863,0.0,0.0,0.75,0.0,0.05,0,0,0,100,0,0.0,BEST,False,False,252,True,True,GREEDY,,,GREEDY_HV
BCQSHJ[M][M][M],29,30,26,5,0.26,True,True,"[14, 18, 0, 39, 28, 14, 62, 39]",[],"[14.679618628471129, 18.2720522363948, 0.04302559516116029, 39.745559321079995, 28.929231477060565, 14.966895321585795, 62.725073471511415, 39.41585132546493]","[{'INP': 32}, {'CONV': [64, 3]}, ({'CONV': [32, 5]}, {'CONV': [256, 3]}), ({'CONV': [64, 3]}, {'CONV': [64, 3]}, {'POOLMAX': [-1, 2]}), ({'CONV': [32, 3]}, {'CONV': [32, 3]}), ({'CONV': [128, 3]}, {'CONV': [256, 5]}, {'POOLMAX': [-1, 2]}), ({'CONV': [64, 5]}, {'CONV': [128, 3]}), ({'CONV': [32, 5]}, {'CONV': [256, 3]}, {'POOLMAX': [-1, 2]}), ({'CONV': [256, 5]}, {'CONV': [256, 3]}), ({'CONV': [128, 3]}, {'CONV': [256, 5]}, {'POOLMAX': [-1, 2]}), {'GLOBAL_AVG': None}, {'LAST_DENSE': [100, 'softmax']}]",HHSE,NSGA2,,,,,0.6997903847715361,,,,1284619264,5231396,,,,,,"[24, 18, 0, 5, 46, 20, 61, 50]",0.7150672793100991,1.347739261381431e-05,0.0,0.0,0.75,0.0,0.05,0,0,0,100,0,0.0,BEST,False,False,252,True,True,GREEDY,,,GREEDY_HV
BCQSHJ[M][M][M],29,30,27,5,0.27,True,True,"[14, 18, 0, 39, 28, 14, 62, 39]",[],"[14.679618628471129, 18.2720522363948, 0.04302559516116029, 39.745559321079995, 28.929231477060565, 14.966895321585795, 62.725073471511415, 39.41585132546493]","[{'INP': 32}, {'CONV': [64, 3]}, ({'CONV': [32, 5]}, {'CONV': [256, 3]}), ({'CONV': [64, 3]}, {'CONV': [64, 3]}, {'POOLMAX': [-1, 2]}), ({'CONV': [32, 3]}, {'CONV': [32, 3]}), ({'CONV': [128, 3]}, {'CONV': [256, 5]}, {'POOLMAX': [-1, 2]}), ({'CONV': [64, 5]}, {'CONV': [128, 3]}), ({'CONV': [32, 5]}, {'CONV': [256, 3]}, {'POOLMAX': [-1, 2]}), ({'CONV': [256, 5]}, {'CONV': [256, 3]}), ({'CONV': [128, 3]}, {'CONV': [256, 5]}, {'POOLMAX': [-1, 2]}), {'GLOBAL_AVG': None}, {'LAST_DENSE': [100, 'softmax']}]",HHSE,NSGA2,,,,,0.6997903847715361,,,,1284619264,5231396,,,,,,"[24, 18, 0, 5, 46, 20, 61, 50]",0.7149670191828649,-0.0002134189934454,0.0,0.0,0.75,0.0,0.05,0,0,0,100,0,0.0,BEST,False,False,252,True,True,GREEDY,,,GREEDY_HV
BCQSHJ[M][M][M],29,30,28,5,0.28,True,True,"[14, 18, 0, 39, 28, 14, 62, 39]",[],"[14.679618628471129, 18.2720522363948, 0.04302559516116029, 39.745559321079995, 28.929231477060565, 14.966895321585795, 62.725073471511415, 39.41585132546493]","[{'INP': 32}, {'CONV': [64, 3]}, ({'CONV': [32, 5]}, {'CONV': [256, 3]}), ({'CONV': [64, 3]}, {'CONV': [64, 3]}, {'POOLMAX': [-1, 2]}), ({'CONV': [32, 3]}, {'CONV': [32, 3]}), ({'CONV': [128, 3]}, {'CONV': [256, 5]}, {'POOLMAX': [-1, 2]}), ({'CONV': [64, 5]}, {'CONV': [128, 3]}), ({'CONV': [32, 5]}, {'CONV': [256, 3]}, {'POOLMAX': [-1, 2]}), ({'CONV': [256, 5]}, {'CONV': [256, 3]}), ({'CONV': [128, 3]}, {'CONV': [256, 5]}, {'POOLMAX': [-1, 2]}), {'GLOBAL_AVG': None}, {'LAST_DENSE': [100, 'softmax']}]",HHSE,NSGA2,,,,,0.6997903847715361,,,,1284619264,5231396,,,,,,"[24, 18, 0, 5, 46, 20, 61, 50]",0.7149939209217023,-0.000238485322062,0.0,0.0,0.75,0.0,0.05,0,0,0,100,0,0.0,BEST,False,False,252,True,True,GREEDY,,,GREEDY_HV
BCQSHJ[M][M][M],29,30,29,5,0.29,True,True,"[14, 18, 0, 39, 28, 14, 62, 39]",[],"[14.679618628471129, 18.2720522363948, 0.04302559516116029, 39.745559321079995, 28.929231477060565, 14.966895321585795, 62.725073471511415, 39.41585132546493]","[{'INP': 32}, {'CONV': [64, 3]}, ({'CONV': [32, 5]}, {'CONV': [256, 3]}), ({'CONV': [64, 3]}, {'CONV': [64, 3]}, {'POOLMAX': [-1, 2]}), ({'CONV': [32, 3]}, {'CONV': [32, 3]}), ({'CONV': [128, 3]}, {'CONV': [256, 5]}, {'POOLMAX': [-1, 2]}), ({'CONV': [64, 5]}, {'CONV': [128, 3]}), ({'CONV': [32, 5]}, {'CONV': [256, 3]}, {'POOLMAX': [-1, 2]}), ({'CONV': [256, 5]}, {'CONV': [256, 3]}), ({'CONV': [128, 3]}, {'CONV': [256, 5]}, {'POOLMAX': [-1, 2]}), {'GLOBAL_AVG': None}, {'LAST_DENSE': [100, 'softmax']}]",HHSE,NSGA2,,,,,0.6997903847715361,,,,1284619264,5231396,,,,,,"[24, 18, 0, 5, 46, 20, 61, 50]",0.7150099562534799,-0.0001369623507397,0.0,0.0,0.75,0.0,0.05,0,0,0,100,0,0.0,BEST,False,False,252,True,True,GREEDY,,,GREEDY_HV
BCQSHJ[M][M][M],29,30,30,5,0.3,True,True,"[14, 18, 0, 39, 28, 14, 62, 39]",[],"[14.679618628471129, 18.2720522363948, 0.04302559516116029, 39.745559321079995, 28.929231477060565, 14.966895321585795, 62.725073471511415, 39.41585132546493]","[{'INP': 32}, {'CONV': [64, 3]}, ({'CONV': [32, 5]}, {'CONV': [256, 3]}), ({'CONV': [64, 3]}, {'CONV': [64, 3]}, {'POOLMAX': [-1, 2]}), ({'CONV': [32, 3]}, {'CONV': [32, 3]}), ({'CONV': [128, 3]}, {'CONV': [256, 5]}, {'POOLMAX': [-1, 2]}), ({'CONV': [64, 5]}, {'CONV': [128, 3]}), ({'CONV': [32, 5]}, {'CONV': [256, 3]}, {'POOLMAX': [-1, 2]}), ({'CONV': [256, 5]}, {'CONV': [256, 3]}), ({'CONV': [128, 3]}, {'CONV': [256, 5]}, {'POOLMAX': [-1, 2]}), {'GLOBAL_AVG': None}, {'LAST_DENSE': [100, 'softmax']}]",HHSE,NSGA2,,,,,0.6997903847715361,,,,1284619264,5231396,,,,,,"[24, 18, 0, 5, 46, 20, 61, 50]",0.7150714518056733,-3.446607043944283e-05,0.0,0.0,0.75,0.0,0.05,0,0,0,100,0,0.0,BEST,False,False,252,True,True,GREEDY,,,GREEDY_HV
BCQSHJ[M][M][M],29,30,31,5,0.31,True,True,"[14, 18, 0, 39, 28, 14, 62, 39]",[],"[14.679618628471129, 18.2720522363948, 0.04302559516116029, 39.745559321079995, 28.929231477060565, 14.966895321585795, 62.725073471511415, 39.41585132546493]","[{'INP': 32}, {'CONV': [64, 3]}, ({'CONV': [32, 5]}, {'CONV': [256, 3]}), ({'CONV': [64, 3]}, {'CONV': [64, 3]}, {'POOLMAX': [-1, 2]}), ({'CONV': [32, 3]}, {'CONV': [32, 3]}), ({'CONV': [128, 3]}, {'CONV': [256, 5]}, {'POOLMAX': [-1, 2]}), ({'CONV': [64, 5]}, {'CONV': [128, 3]}), ({'CONV': [32, 5]}, {'CONV': [256, 3]}, {'POOLMAX': [-1, 2]}), ({'CONV': [256, 5]}, {'CONV': [256, 3]}), ({'CONV': [128, 3]}, {'CONV': [256, 5]}, {'POOLMAX': [-1, 2]}), {'GLOBAL_AVG': None}, {'LAST_DENSE': [100, 'softmax']}]",HHSE,NSGA2,,,,,0.6997903847715361,,,,1284619264,5231396,,,,,,"[24, 18, 0, 5, 46, 20, 61, 50]",0.7150874493030045,-0.0020015630525697,0.0,0.0,0.75,0.0,0.05,0,0,0,100,0,0.0,BEST,False,False,252,True,True,GREEDY,,,GREEDY_HV
BCQSHJ[M][M][M],29,30,32,5,0.32,True,True,"[14, 18, 0, 39, 28, 14, 62, 39]",[],"[14.679618628471129, 18.2720522363948, 0.04302559516116029, 39.745559321079995, 28.929231477060565, 14.966895321585795, 62.725073471511415, 39.41585132546493]","[{'INP': 32}, {'CONV': [64, 3]}, ({'CONV': [32, 5]}, {'CONV': [256, 3]}), ({'CONV': [64, 3]}, {'CONV': [64, 3]}, {'POOLMAX': [-1, 2]}), ({'CONV': [32, 3]}, {'CONV': [32, 3]}), ({'CONV': [128, 3]}, {'CONV': [256, 5]}, {'POOLMAX': [-1, 2]}), ({'CONV': [64, 5]}, {'CONV': [128, 3]}), ({'CONV': [32, 5]}, {'CONV': [256, 3]}, {'POOLMAX': [-1, 2]}), ({'CONV': [256, 5]}, {'CONV': [256, 3]}), ({'CONV': [128, 3]}, {'CONV': [256, 5]}, {'POOLMAX': [-1, 2]}), {'GLOBAL_AVG': None}, {'LAST_DENSE': [100, 'softmax']}]",HHSE,NSGA2,,,,,0.6997903847715361,,,,1284619264,5231396,,,,,,"[24, 18, 0, 5, 46, 20, 61, 50]",0.715097404993011,-0.0003357805387756,0.0,0.0,0.75,0.0,0.05,0,0,0,100,0,0.0,BEST,False,False,252,True,True,GREEDY,,,GREEDY_HV
BAUFEO[M][M],29,30,33,33,0.33,True,True,"[0, 6, 35, 38, 46, 41, 15, 54]",[],"[0.0072666109866267, 6.878801486922206, 35.803404935077864, 38.68547815877342, 46.46671504425252, 41.26194944213701, 15.735996804992768, 54.28384120437153]","[{'INP': 32}, {'CONV': [64, 3]}, ({'CONV': [32, 3]}, {'CONV': [32, 3]}), ({'CONV': [32, 3]}, {'CONV': [256, 3]}, {'POOLMAX': [-1, 2]}), ({'CONV': [128, 3]}, {'CONV': [64, 5]}), ({'CONV': [128, 3]}, {'CONV': [256, 3]}, {'POOLMAX': [-1, 2]}), ({'CONV': [128, 5]}, {'CONV': [256, 3]}), ({'CONV': [128, 5]}, {'CONV': [32, 5]}, {'POOLMAX': [-1, 2]}), ({'CONV': [32, 5]}, {'CONV': [256, 5]}), ({'CONV': [256, 3]}, {'CONV': [256, 3]}, {'POOLMAX': [-1, 2]}), {'GLOBAL_AVG': None}, {'LAST_DENSE': [100, 'softmax']}]",HHSE,NSGA2,,,,,0.7029904047409995,,,,984813056,4461476,,,,,,"[0, 0, 54, 47, 47, 47, 27, 55]",0.7151805270702498,-0.0013322445629664,0.0,0.0,0.875,1.0,0.33,0,0,0,100,0,0.0,BEST,False,False,221,True,True,GREEDY,,,GREEDY_HV
BAUFEO[M][M],29,30,34,33,0.34,True,True,"[0, 6, 35, 38, 46, 41, 15, 54]",[],"[0.0072666109866267, 6.878801486922206, 35.803404935077864, 38.68547815877342, 46.46671504425252, 41.26194944213701, 15.735996804992768, 54.28384120437153]","[{'INP': 32}, {'CONV': [64, 3]}, ({'CONV': [32, 3]}, {'CONV': [32, 3]}), ({'CONV': [32, 3]}, {'CONV': [256, 3]}, {'POOLMAX': [-1, 2]}), ({'CONV': [128, 3]}, {'CONV': [64, 5]}), ({'CONV': [128, 3]}, {'CONV': [256, 3]}, {'POOLMAX': [-1, 2]}), ({'CONV': [128, 5]}, {'CONV': [256, 3]}), ({'CONV': [128, 5]}, {'CONV': [32, 5]}, {'POOLMAX': [-1, 2]}), ({'CONV': [32, 5]}, {'CONV': [256, 5]}), ({'CONV': [256, 3]}, {'CONV': [256, 3]}, {'POOLMAX': [-1, 2]}), {'GLOBAL_AVG': None}, {'LAST_DENSE': [100, 'softmax']}]",HHSE,NSGA2,,,,,0.7029904047409995,,,,984813056,4461476,,,,,,"[0, 0, 54, 47, 47, 47, 27, 55]",0.7186982643309905,-0.0004550439451361,0.0,0.0,0.875,0.0,0.33,0,0,0,100,0,0.0,BEST,False,False,221,True,True,GREEDY,,,GREEDY_HV
BAUFEO[M][M],29,30,35,33,0.35,True,True,"[0, 6, 35, 38, 46, 41, 15, 54]",[],"[0.0072666109866267, 6.878801486922206, 35.803404935077864, 38.68547815877342, 46.46671504425252, 41.26194944213701, 15.735996804992768, 54.28384120437153]","[{'INP': 32}, {'CONV': [64, 3]}, ({'CONV': [32, 3]}, {'CONV': [32, 3]}), ({'CONV': [32, 3]}, {'CONV': [256, 3]}, {'POOLMAX': [-1, 2]}), ({'CONV': [128, 3]}, {'CONV': [64, 5]}), ({'CONV': [128, 3]}, {'CONV': [256, 3]}, {'POOLMAX': [-1, 2]}), ({'CONV': [128, 5]}, {'CONV': [256, 3]}), ({'CONV': [128, 5]}, {'CONV': [32, 5]}, {'POOLMAX': [-1, 2]}), ({'CONV': [32, 5]}, {'CONV': [256, 5]}), ({'CONV': [256, 3]}, {'CONV': [256, 3]}, {'POOLMAX': [-1, 2]}), {'GLOBAL_AVG': None}, {'LAST_DENSE': [100, 'softmax']}]",HHSE,NSGA2,,,,,0.7029904047409995,,,,984813056,4461476,,,,,,"[0, 0, 54, 47, 47, 47, 27, 55]",0.719222006297821,0.0003349498750886,0.0,0.0,0.875,0.0,0.33,0,0,0,100,0,0.0,BEST,False,False,221,True,True,GREEDY,,,GREEDY_HV
BAUFEO[M][M],29,30,36,33,0.36,True,True,"[0, 6, 35, 38, 46, 41, 15, 54]",[],"[0.0072666109866267, 6.878801486922206, 35.803404935077864, 38.68547815877342, 46.46671504425252, 41.26194944213701, 15.735996804992768, 54.28384120437153]","[{'INP': 32}, {'CONV': [64, 3]}, ({'CONV': [32, 3]}, {'CONV': [32, 3]}), ({'CONV': [32, 3]}, {'CONV': [256, 3]}, {'POOLMAX': [-1, 2]}), ({'CONV': [128, 3]}, {'CONV': [64, 5]}), ({'CONV': [128, 3]}, {'CONV': [256, 3]}, {'POOLMAX': [-1, 2]}), ({'CONV': [128, 5]}, {'CONV': [256, 3]}), ({'CONV': [128, 5]}, {'CONV': [32, 5]}, {'POOLMAX': [-1, 2]}), ({'CONV': [32, 5]}, {'CONV': [256, 5]}), ({'CONV': [256, 3]}, {'CONV': [256, 3]}, {'POOLMAX': [-1, 2]}), {'GLOBAL_AVG': None}, {'LAST_DENSE': [100, 'softmax']}]",HHSE,NSGA2,,,,,0.7029904047409995,,,,984813056,4461476,,,,,,"[0, 0, 54, 47, 47, 47, 27, 55]",0.7191223280430533,-0.0001818844868453,0.0,0.0,0.875,0.0,0.33,0,1,0,100,0,0.01,BEST,False,False,221,True,True,GREEDY,,,GREEDY_HV
BAUFEO[M][M],29,30,37,33,0.37,True,True,"[0, 6, 35, 38, 46, 41, 15, 54]",[],"[0.0072666109866267, 6.878801486922206, 35.803404935077864, 38.68547815877342, 46.46671504425252, 41.26194944213701, 15.735996804992768, 54.28384120437153]","[{'INP': 32}, {'CONV': [64, 3]}, ({'CONV': [32, 3]}, {'CONV': [32, 3]}), ({'CONV': [32, 3]}, {'CONV': [256, 3]}, {'POOLMAX': [-1, 2]}), ({'CONV': [128, 3]}, {'CONV': [64, 5]}), ({'CONV': [128, 3]}, {'CONV': [256, 3]}, {'POOLMAX': [-1, 2]}), ({'CONV': [128, 5]}, {'CONV': [256, 3]}), ({'CONV': [128, 5]}, {'CONV': [32, 5]}, {'POOLMAX': [-1, 2]}), ({'CONV': [32, 5]}, {'CONV': [256, 5]}), ({'CONV': [256, 3]}, {'CONV': [256, 3]}, {'POOLMAX': [-1, 2]}), {'GLOBAL_AVG': None}, {'LAST_DENSE': [100, 'softmax']}]",HHSE,NSGA2,,,,,0.7029904047409995,,,,984813056,4461476,,,,,,"[0, 0, 54, 47, 47, 47, 27, 55]",0.7191428848352187,-7.200095964610131e-05,0.0,0.0,0.875,0.0,0.33,0,0,0,100,0,0.0,BEST,False,False,221,True,True,GREEDY,,,GREEDY_HV
BAUFEO[M][M],29,30,38,33,0.38,True,True,"[0, 6, 35, 38, 46, 41, 15, 54]",[],"[0.0072666109866267, 6.878801486922206, 35.803404935077864, 38.68547815877342, 46.46671504425252, 41.26194944213701, 15.735996804992768, 54.28384120437153]","[{'INP': 32}, {'CONV': [64, 3]}, ({'CONV': [32, 3]}, {'CONV': [32, 3]}), ({'CONV': [32, 3]}, {'CONV': [256, 3]}, {'POOLMAX': [-1, 2]}), ({'CONV': [128, 3]}, {'CONV': [64, 5]}), ({'CONV': [128, 3]}, {'CONV': [256, 3]}, {'POOLMAX': [-1, 2]}), ({'CONV': [128, 5]}, {'CONV': [256, 3]}), ({'CONV': [128, 5]}, {'CONV': [32, 5]}, {'POOLMAX': [-1, 2]}), ({'CONV': [32, 5]}, {'CONV': [256, 5]}), ({'CONV': [256, 3]}, {'CONV': [256, 3]}, {'POOLMAX': [-1, 2]}), {'GLOBAL_AVG': None}, {'LAST_DENSE': [100, 'softmax']}]",HHSE,NSGA2,,,,,0.7029904047409995,,,,984813056,4461476,,,,,,"[0, 0, 54, 47, 47, 47, 27, 55]",0.7200383723752535,0.000890577383854,0.0,0.0,0.875,0.0,0.33,0,1,0,100,0,0.01,BEST,False,False,221,True,True,GREEDY,,,GREEDY_HV
BAUFEO[M][M],29,30,39,33,0.39,True,True,"[0, 6, 35, 38, 46, 41, 15, 54]",[],"[0.0072666109866267, 6.878801486922206, 35.803404935077864, 38.68547815877342, 46.46671504425252, 41.26194944213701, 15.735996804992768, 54.28384120437153]","[{'INP': 32}, {'CONV': [64, 3]}, ({'CONV': [32, 3]}, {'CONV': [32, 3]}), ({'CONV': [32, 3]}, {'CONV': [256, 3]}, {'POOLMAX': [-1, 2]}), ({'CONV': [128, 3]}, {'CONV': [64, 5]}), ({'CONV': [128, 3]}, {'CONV': [256, 3]}, {'POOLMAX': [-1, 2]}), ({'CONV': [128, 5]}, {'CONV': [256, 3]}), ({'CONV': [128, 5]}, {'CONV': [32, 5]}, {'POOLMAX': [-1, 2]}), ({'CONV': [32, 5]}, {'CONV': [256, 5]}), ({'CONV': [256, 3]}, {'CONV': [256, 3]}, {'POOLMAX': [-1, 2]}), {'GLOBAL_AVG': None}, {'LAST_DENSE': [100, 'softmax']}]",HHSE,NSGA2,,,,,0.7029904047409995,,,,984813056,4461476,,,,,,"[0, 0, 54, 47, 47, 47, 27, 55]",0.7197246809275497,0.0002503044821543,0.0,0.0,0.875,0.0,0.33,0,1,0,100,0,0.01,BEST,False,False,221,True,True,GREEDY,,,GREEDY_HV
BAUFEO[M][M],29,30,40,33,0.4,True,True,"[0, 6, 35, 38, 46, 41, 15, 54]",[],"[0.0072666109866267, 6.878801486922206, 35.803404935077864, 38.68547815877342, 46.46671504425252, 41.26194944213701, 15.735996804992768, 54.28384120437153]","[{'INP': 32}, {'CONV': [64, 3]}, ({'CONV': [32, 3]}, {'CONV': [32, 3]}), ({'CONV': [32, 3]}, {'CONV': [256, 3]}, {'POOLMAX': [-1, 2]}), ({'CONV': [128, 3]}, {'CONV': [64, 5]}), ({'CONV': [128, 3]}, {'CONV': [256, 3]}, {'POOLMAX': [-1, 2]}), ({'CONV': [128, 5]}, {'CONV': [256, 3]}), ({'CONV': [128, 5]}, {'CONV': [32, 5]}, {'POOLMAX': [-1, 2]}), ({'CONV': [32, 5]}, {'CONV': [256, 5]}), ({'CONV': [256, 3]}, {'CONV': [256, 3]}, {'POOLMAX': [-1, 2]}), {'GLOBAL_AVG': None}, {'LAST_DENSE': [100, 'softmax']}]",HHSE,NSGA2,,,,,0.7029904047409995,,,,984813056,4461476,,,,,,"[0, 0, 54, 47, 47, 47, 27, 55]",0.7196911654403791,-7.374704163753965e-05,0.0,0.0,0.875,0.0,0.33,0,0,0,100,0,0.0,BEST,False,False,221,True,True,GREEDY,,,GREEDY_HV
BAUFEO[M][M],29,30,41,33,0.41,True,True,"[0, 6, 35, 38, 46, 41, 15, 54]",[],"[0.0072666109866267, 6.878801486922206, 35.803404935077864, 38.68547815877342, 46.46671504425252, 41.26194944213701, 15.735996804992768, 54.28384120437153]","[{'INP': 32}, {'CONV': [64, 3]}, ({'CONV': [32, 3]}, {'CONV': [32, 3]}), ({'CONV': [32, 3]}, {'CONV': [256, 3]}, {'POOLMAX': [-1, 2]}), ({'CONV': [128, 3]}, {'CONV': [64, 5]}), ({'CONV': [128, 3]}, {'CONV': [256, 3]}, {'POOLMAX': [-1, 2]}), ({'CONV': [128, 5]}, {'CONV': [256, 3]}), ({'CONV': [128, 5]}, {'CONV': [32, 5]}, {'POOLMAX': [-1, 2]}), ({'CONV': [32, 5]}, {'CONV': [256, 5]}), ({'CONV': [256, 3]}, {'CONV': [256, 3]}, {'POOLMAX': [-1, 2]}), {'GLOBAL_AVG': None}, {'LAST_DENSE': [100, 'softmax']}]",HHSE,NSGA2,,,,,0.7029904047409995,,,,984813056,4461476,,,,,,"[0, 0, 54, 47, 47, 47, 27, 55]",0.7197569691307939,-3.9968868530193546e-05,0.0,0.0,0.875,0.0,0.33,0,1,0,100,0,0.01,BEST,False,False,221,True,True,GREEDY,,,GREEDY_HV
BAUFEO[M][M],29,30,42,33,0.42,True,True,"[0, 6, 35, 38, 46, 41, 15, 54]",[],"[0.0072666109866267, 6.878801486922206, 35.803404935077864, 38.68547815877342, 46.46671504425252, 41.26194944213701, 15.735996804992768, 54.28384120437153]","[{'INP': 32}, {'CONV': [64, 3]}, ({'CONV': [32, 3]}, {'CONV': [32, 3]}), ({'CONV': [32, 3]}, {'CONV': [256, 3]}, {'POOLMAX': [-1, 2]}), ({'CONV': [128, 3]}, {'CONV': [64, 5]}), ({'CONV': [128, 3]}, {'CONV': [256, 3]}, {'POOLMAX': [-1, 2]}), ({'CONV': [128, 5]}, {'CONV': [256, 3]}), ({'CONV': [128, 5]}, {'CONV': [32, 5]}, {'POOLMAX': [-1, 2]}), ({'CONV': [32, 5]}, {'CONV': [256, 5]}), ({'CONV': [256, 3]}, {'CONV': [256, 3]}, {'POOLMAX': [-1, 2]}), {'GLOBAL_AVG': None}, {'LAST_DENSE': [100, 'softmax']}]",HHSE,NSGA2,,,,,0.7029904047409995,,,,984813056,4461476,,,,,,"[0, 0, 54, 47, 47, 47, 27, 55]",0.719756391587099,-5.852520215798851e-05,0.0,0.0,0.875,0.0,0.33,0,0,0,100,0,0.0,BEST,False,False,221,True,True,GREEDY,,,GREEDY_HV
BAUFEO[M][M],29,30,43,33,0.43,True,True,"[0, 6, 35, 38, 46, 41, 15, 54]",[],"[0.0072666109866267, 6.878801486922206, 35.803404935077864, 38.68547815877342, 46.46671504425252, 41.26194944213701, 15.735996804992768, 54.28384120437153]","[{'INP': 32}, {'CONV': [64, 3]}, ({'CONV': [32, 3]}, {'CONV': [32, 3]}), ({'CONV': [32, 3]}, {'CONV': [256, 3]}, {'POOLMAX': [-1, 2]}), ({'CONV': [128, 3]}, {'CONV': [64, 5]}), ({'CONV': [128, 3]}, {'CONV': [256, 3]}, {'POOLMAX': [-1, 2]}), ({'CONV': [128, 5]}, {'CONV': [256, 3]}), ({'CONV': [128, 5]}, {'CONV': [32, 5]}, {'POOLMAX': [-1, 2]}), ({'CONV': [32, 5]}, {'CONV': [256, 5]}), ({'CONV': [256, 3]}, {'CONV': [256, 3]}, {'POOLMAX': [-1, 2]}), {'GLOBAL_AVG': None}, {'LAST_DENSE': [100, 'softmax']}]",HHSE,NSGA2,,,,,0.7029904047409995,,,,984813056,4461476,,,,,,"[0, 0, 54, 47, 47, 47, 27, 55]",0.7198240207246622,-5.573735572805827e-05,0.0,0.0,0.875,0.0,0.33,0,0,0,100,0,0.0,BEST,False,False,221,True,True,GREEDY,,,GREEDY_HV
BAUFEO[M][M],29,30,44,33,0.44,True,True,"[0, 6, 35, 38, 46, 41, 15, 54]",[],"[0.0072666109866267, 6.878801486922206, 35.803404935077864, 38.68547815877342, 46.46671504425252, 41.26194944213701, 15.735996804992768, 54.28384120437153]","[{'INP': 32}, {'CONV': [64, 3]}, ({'CONV': [32, 3]}, {'CONV': [32, 3]}), ({'CONV': [32, 3]}, {'CONV': [256, 3]}, {'POOLMAX': [-1, 2]}), ({'CONV': [128, 3]}, {'CONV': [64, 5]}), ({'CONV': [128, 3]}, {'CONV': [256, 3]}, {'POOLMAX': [-1, 2]}), ({'CONV': [128, 5]}, {'CONV': [256, 3]}), ({'CONV': [128, 5]}, {'CONV': [32, 5]}, {'POOLMAX': [-1, 2]}), ({'CONV': [32, 5]}, {'CONV': [256, 5]}), ({'CONV': [256, 3]}, {'CONV': [256, 3]}, {'POOLMAX': [-1, 2]}), {'GLOBAL_AVG': None}, {'LAST_DENSE': [100, 'softmax']}]",HHSE,NSGA2,,,,,0.7029904047409995,,,,984813056,4461476,,,,,,"[0, 0, 54, 47, 47, 47, 27, 55]",0.7198394168258075,-4.039086521989699e-05,0.0,0.0,0.875,0.0,0.33,0,0,0,100,0,0.0,BEST,False,False,221,True,True,GREEDY,,,GREEDY_HV
BAUFEO[M][M],29,30,45,33,0.45,True,True,"[0, 6, 35, 38, 46, 41, 15, 54]",[],"[0.0072666109866267, 6.878801486922206, 35.803404935077864, 38.68547815877342, 46.46671504425252, 41.26194944213701, 15.735996804992768, 54.28384120437153]","[{'INP': 32}, {'CONV': [64, 3]}, ({'CONV': [32, 3]}, {'CONV': [32, 3]}), ({'CONV': [32, 3]}, {'CONV': [256, 3]}, {'POOLMAX': [-1, 2]}), ({'CONV': [128, 3]}, {'CONV': [64, 5]}), ({'CONV': [128, 3]}, {'CONV': [256, 3]}, {'POOLMAX': [-1, 2]}), ({'CONV': [128, 5]}, {'CONV': [256, 3]}), ({'CONV': [128, 5]}, {'CONV': [32, 5]}, {'POOLMAX': [-1, 2]}), ({'CONV': [32, 5]}, {'CONV': [256, 5]}), ({'CONV': [256, 3]}, {'CONV': [256, 3]}, {'POOLMAX': [-1, 2]}), {'GLOBAL_AVG': None}, {'LAST_DENSE': [100, 'softmax']}]",HHSE,NSGA2,,,,,0.7029904047409995,,,,984813056,4461476,,,,,,"[0, 0, 54, 47, 47, 47, 27, 55]",0.7199818399988992,-0.0001350478185402,0.0,0.0,0.875,0.0,0.33,0,0,0,100,0,0.0,BEST,False,False,221,True,True,GREEDY,,,GREEDY_HV
BAUFEO[M][M],29,30,46,33,0.46,True,True,"[0, 6, 35, 38, 46, 41, 15, 54]",[],"[0.0072666109866267, 6.878801486922206, 35.803404935077864, 38.68547815877342, 46.46671504425252, 41.26194944213701, 15.735996804992768, 54.28384120437153]","[{'INP': 32}, {'CONV': [64, 3]}, ({'CONV': [32, 3]}, {'CONV': [32, 3]}), ({'CONV': [32, 3]}, {'CONV': [256, 3]}, {'POOLMAX': [-1, 2]}), ({'CONV': [128, 3]}, {'CONV': [64, 5]}), ({'CONV': [128, 3]}, {'CONV': [256, 3]}, {'POOLMAX': [-1, 2]}), ({'CONV': [128, 5]}, {'CONV': [256, 3]}), ({'CONV': [128, 5]}, {'CONV': [32, 5]}, {'POOLMAX': [-1, 2]}), ({'CONV': [32, 5]}, {'CONV': [256, 5]}), ({'CONV': [256, 3]}, {'CONV': [256, 3]}, {'POOLMAX': [-1, 2]}), {'GLOBAL_AVG': None}, {'LAST_DENSE': [100, 'softmax']}]",HHSE,NSGA2,,,,,0.7029904047409995,,,,984813056,4461476,,,,,,"[0, 0, 54, 47, 47, 47, 27, 55]",0.7198631629035724,-0.0003679027130171,0.0,0.0,0.875,0.0,0.33,0,1,0,100,0,0.01,BEST,False,False,221,True,True,GREEDY,,,GREEDY_HV
BAUFEO[M][M],29,30,47,33,0.47,True,True,"[0, 6, 35, 38, 46, 41, 15, 54]",[],"[0.0072666109866267, 6.878801486922206, 35.803404935077864, 38.68547815877342, 46.46671504425252, 41.26194944213701, 15.735996804992768, 54.28384120437153]","[{'INP': 32}, {'CONV': [64, 3]}, ({'CONV': [32, 3]}, {'CONV': [32, 3]}), ({'CONV': [32, 3]}, {'CONV': [256, 3]}, {'POOLMAX': [-1, 2]}), ({'CONV': [128, 3]}, {'CONV': [64, 5]}), ({'CONV': [128, 3]}, {'CONV': [256, 3]}, {'POOLMAX': [-1, 2]}), ({'CONV': [128, 5]}, {'CONV': [256, 3]}), ({'CONV': [128, 5]}, {'CONV': [32, 5]}, {'POOLMAX': [-1, 2]}), ({'CONV': [32, 5]}, {'CONV': [256, 5]}), ({'CONV': [256, 3]}, {'CONV': [256, 3]}, {'POOLMAX': [-1, 2]}), {'GLOBAL_AVG': None}, {'LAST_DENSE': [100, 'softmax']}]",HHSE,NSGA2,,,,,0.7029904047409995,,,,984813056,4461476,,,,,,"[0, 0, 54, 47, 47, 47, 27, 55]",0.7198632083489898,-0.0003593885328635,0.0,0.0,0.875,0.0,0.33,0,0,0,100,0,0.0,BEST,False,False,221,True,True,GREEDY,,,GREEDY_HV
BAUFEO[M][M],29,30,48,33,0.48,True,True,"[0, 6, 35, 38, 46, 41, 15, 54]",[],"[0.0072666109866267, 6.878801486922206, 35.803404935077864, 38.68547815877342, 46.46671504425252, 41.26194944213701, 15.735996804992768, 54.28384120437153]","[{'INP': 32}, {'CONV': [64, 3]}, ({'CONV': [32, 3]}, {'CONV': [32, 3]}), ({'CONV': [32, 3]}, {'CONV': [256, 3]}, {'POOLMAX': [-1, 2]}), ({'CONV': [128, 3]}, {'CONV': [64, 5]}), ({'CONV': [128, 3]}, {'CONV': [256, 3]}, {'POOLMAX': [-1, 2]}), ({'CONV': [128, 5]}, {'CONV': [256, 3]}), ({'CONV': [128, 5]}, {'CONV': [32, 5]}, {'POOLMAX': [-1, 2]}), ({'CONV': [32, 5]}, {'CONV': [256, 5]}), ({'CONV': [256, 3]}, {'CONV': [256, 3]}, {'POOLMAX': [-1, 2]}), {'GLOBAL_AVG': None}, {'LAST_DENSE': [100, 'softmax']}]",HHSE,NSGA2,,,,,0.7029904047409995,,,,984813056,4461476,,,,,,"[0, 0, 54, 47, 47, 47, 27, 55]",0.7198633738250392,-3.157796674302382e-05,0.0,0.0,0.875,0.0,0.33,0,0,0,100,0,0.0,BEST,False,False,221,True,True,GREEDY,,,GREEDY_HV
BAUFEO[M][M],29,30,49,33,0.49,True,True,"[0, 6, 35, 38, 46, 41, 15, 54]",[],"[0.0072666109866267, 6.878801486922206, 35.803404935077864, 38.68547815877342, 46.46671504425252, 41.26194944213701, 15.735996804992768, 54.28384120437153]","[{'INP': 32}, {'CONV': [64, 3]}, ({'CONV': [32, 3]}, {'CONV': [32, 3]}), ({'CONV': [32, 3]}, {'CONV': [256, 3]}, {'POOLMAX': [-1, 2]}), ({'CONV': [128, 3]}, {'CONV': [64, 5]}), ({'CONV': [128, 3]}, {'CONV': [256, 3]}, {'POOLMAX': [-1, 2]}), ({'CONV': [128, 5]}, {'CONV': [256, 3]}), ({'CONV': [128, 5]}, {'CONV': [32, 5]}, {'POOLMAX': [-1, 2]}), ({'CONV': [32, 5]}, {'CONV': [256, 5]}), ({'CONV': [256, 3]}, {'CONV': [256, 3]}, {'POOLMAX': [-1, 2]}), {'GLOBAL_AVG': None}, {'LAST_DENSE': [100, 'softmax']}]",HHSE,NSGA2,,,,,0.7029904047409995,,,,984813056,4461476,,,,,,"[0, 0, 54, 47, 47, 47, 27, 55]",0.7198777679044316,-0.0001758524149698,0.0,0.0,0.875,0.0,0.33,0,0,0,100,0,0.0,BEST,False,False,221,True,True,GREEDY,,,GREEDY_HV
BAUFEO[M][M],29,30,50,33,0.5,True,True,"[0, 6, 35, 38, 46, 41, 15, 54]",[],"[0.0072666109866267, 6.878801486922206, 35.803404935077864, 38.68547815877342, 46.46671504425252, 41.26194944213701, 15.735996804992768, 54.28384120437153]","[{'INP': 32}, {'CONV': [64, 3]}, ({'CONV': [32, 3]}, {'CONV': [32, 3]}), ({'CONV': [32, 3]}, {'CONV': [256, 3]}, {'POOLMAX': [-1, 2]}), ({'CONV': [128, 3]}, {'CONV': [64, 5]}), ({'CONV': [128, 3]}, {'CONV': [256, 3]}, {'POOLMAX': [-1, 2]}), ({'CONV': [128, 5]}, {'CONV': [256, 3]}), ({'CONV': [128, 5]}, {'CONV': [32, 5]}, {'POOLMAX': [-1, 2]}), ({'CONV': [32, 5]}, {'CONV': [256, 5]}), ({'CONV': [256, 3]}, {'CONV': [256, 3]}, {'POOLMAX': [-1, 2]}), {'GLOBAL_AVG': None}, {'LAST_DENSE': [100, 'softmax']}]",HHSE,NSGA2,,,,,0.7029904047409995,,,,984813056,4461476,,,,,,"[0, 0, 54, 47, 47, 47, 27, 55]",0.7199869364518298,-0.0002760969924852,0.0,0.0,0.875,0.0,0.33,0,0,0,100,0,0.0,BEST,False,False,221,True,True,GREEDY,,,GREEDY_HV
BAUFEO[M][M],29,30,51,33,0.51,True,True,"[0, 6, 35, 38, 46, 41, 15, 54]",[],"[0.0072666109866267, 6.878801486922206, 35.803404935077864, 38.68547815877342, 46.46671504425252, 41.26194944213701, 15.735996804992768, 54.28384120437153]","[{'INP': 32}, {'CONV': [64, 3]}, ({'CONV': [32, 3]}, {'CONV': [32, 3]}), ({'CONV': [32, 3]}, {'CONV': [256, 3]}, {'POOLMAX': [-1, 2]}), ({'CONV': [128, 3]}, {'CONV': [64, 5]}), ({'CONV': [128, 3]}, {'CONV': [256, 3]}, {'POOLMAX': [-1, 2]}), ({'CONV': [128, 5]}, {'CONV': [256, 3]}), ({'CONV': [128, 5]}, {'CONV': [32, 5]}, {'POOLMAX': [-1, 2]}), ({'CONV': [32, 5]}, {'CONV': [256, 5]}), ({'CONV': [256, 3]}, {'CONV': [256, 3]}, {'POOLMAX': [-1, 2]}), {'GLOBAL_AVG': None}, {'LAST_DENSE': [100, 'softmax']}]",HHSE,NSGA2,,,,,0.7029904047409995,,,,984813056,4461476,,,,,,"[0, 0, 54, 47, 47, 47, 27, 55]",0.7198814886321124,-5.875641143715527e-05,0.0,0.0,0.875,0.0,0.33,0,0,0,100,0,0.0,BEST,False,False,221,True,True,GREEDY,,,GREEDY_HV
BAUFEO[M][M],29,30,52,33,0.52,True,True,"[0, 6, 35, 38, 46, 41, 15, 54]",[],"[0.0072666109866267, 6.878801486922206, 35.803404935077864, 38.68547815877342, 46.46671504425252, 41.26194944213701, 15.735996804992768, 54.28384120437153]","[{'INP': 32}, {'CONV': [64, 3]}, ({'CONV': [32, 3]}, {'CONV': [32, 3]}), ({'CONV': [32, 3]}, {'CONV': [256, 3]}, {'POOLMAX': [-1, 2]}), ({'CONV': [128, 3]}, {'CONV': [64, 5]}), ({'CONV': [128, 3]}, {'CONV': [256, 3]}, {'POOLMAX': [-1, 2]}), ({'CONV': [128, 5]}, {'CONV': [256, 3]}), ({'CONV': [128, 5]}, {'CONV': [32, 5]}, {'POOLMAX': [-1, 2]}), ({'CONV': [32, 5]}, {'CONV': [256, 5]}), ({'CONV': [256, 3]}, {'CONV': [256, 3]}, {'POOLMAX': [-1, 2]}), {'GLOBAL_AVG': None}, {'LAST_DENSE': [100, 'softmax']}]",HHSE,NSGA2,,,,,0.7029904047409995,,,,984813056,4461476,,,,,,"[0, 0, 54, 47, 47, 47, 27, 55]",0.7199354304446843,-0.0002544286888643,0.0,0.0,0.875,0.0,0.33,0,0,0,100,0,0.0,BEST,False,False,221,True,True,GREEDY,,,GREEDY_HV
BAUFEO[M][M],29,30,53,33,0.53,True,True,"[0, 6, 35, 38, 46, 41, 15, 54]",[],"[0.0072666109866267, 6.878801486922206, 35.803404935077864, 38.68547815877342, 46.46671504425252, 41.26194944213701, 15.735996804992768, 54.28384120437153]","[{'INP': 32}, {'CONV': [64, 3]}, ({'CONV': [32, 3]}, {'CONV': [32, 3]}), ({'CONV': [32, 3]}, {'CONV': [256, 3]}, {'POOLMAX': [-1, 2]}), ({'CONV': [128, 3]}, {'CONV': [64, 5]}), ({'CONV': [128, 3]}, {'CONV': [256, 3]}, {'POOLMAX': [-1, 2]}), ({'CONV': [128, 5]}, {'CONV': [256, 3]}), ({'CONV': [128, 5]}, {'CONV': [32, 5]}, {'POOLMAX': [-1, 2]}), ({'CONV': [32, 5]}, {'CONV': [256, 5]}), ({'CONV': [256, 3]}, {'CONV': [256, 3]}, {'POOLMAX': [-1, 2]}), {'GLOBAL_AVG': None}, {'LAST_DENSE': [100, 'softmax']}]",HHSE,NSGA2,,,,,0.7029904047409995,,,,984813056,4461476,,,,,,"[0, 0, 54, 47, 47, 47, 27, 55]",0.7199457041965555,-3.856924441814069e-05,0.0,0.0,0.875,0.0,0.33,0,0,0,100,0,0.0,BEST,False,False,221,True,True,GREEDY,,,GREEDY_HV
BAUFEO[M][M],29,30,54,33,0.54,True,True,"[0, 6, 35, 38, 46, 41, 15, 54]",[],"[0.0072666109866267, 6.878801486922206, 35.803404935077864, 38.68547815877342, 46.46671504425252, 41.26194944213701, 15.735996804992768, 54.28384120437153]","[{'INP': 32}, {'CONV': [64, 3]}, ({'CONV': [32, 3]}, {'CONV': [32, 3]}), ({'CONV': [32, 3]}, {'CONV': [256, 3]}, {'POOLMAX': [-1, 2]}), ({'CONV': [128, 3]}, {'CONV': [64, 5]}), ({'CONV': [128, 3]}, {'CONV': [256, 3]}, {'POOLMAX': [-1, 2]}), ({'CONV': [128, 5]}, {'CONV': [256, 3]}), ({'CONV': [128, 5]}, {'CONV': [32, 5]}, {'POOLMAX': [-1, 2]}), ({'CONV': [32, 5]}, {'CONV': [256, 5]}), ({'CONV': [256, 3]}, {'CONV': [256, 3]}, {'POOLMAX': [-1, 2]}), {'GLOBAL_AVG': None}, {'LAST_DENSE': [100, 'softmax']}]",HHSE,NSGA2,,,,,0.7029904047409995,,,,984813056,4461476,,,,,,"[0, 0, 54, 47, 47, 47, 27, 55]",0.7200904153229077,-4.272896583745744e-05,0.0,0.0,0.875,0.0,0.33,0,1,0,100,0,0.01,BEST,False,False,221,True,True,GREEDY,,,GREEDY_HV
BAUFEO[M][M],29,30,55,33,0.55,True,True,"[0, 6, 35, 38, 46, 41, 15, 54]",[],"[0.0072666109866267, 6.878801486922206, 35.803404935077864, 38.68547815877342, 46.46671504425252, 41.26194944213701, 15.735996804992768, 54.28384120437153]","[{'INP': 32}, {'CONV': [64, 3]}, ({'CONV': [32, 3]}, {'CONV': [32, 3]}), ({'CONV': [32, 3]}, {'CONV': [256, 3]}, {'POOLMAX': [-1, 2]}), ({'CONV': [128, 3]}, {'CONV': [64, 5]}), ({'CONV': [128, 3]}, {'CONV': [256, 3]}, {'POOLMAX': [-1, 2]}), ({'CONV': [128, 5]}, {'CONV': [256, 3]}), ({'CONV': [128, 5]}, {'CONV': [32, 5]}, {'POOLMAX': [-1, 2]}), ({'CONV': [32, 5]}, {'CONV': [256, 5]}), ({'CONV': [256, 3]}, {'CONV': [256, 3]}, {'POOLMAX': [-1, 2]}), {'GLOBAL_AVG': None}, {'LAST_DENSE': [100, 'softmax']}]",HHSE,NSGA2,,,,,0.7029904047409995,,,,984813056,4461476,,,,,,"[0, 0, 54, 47, 47, 47, 27, 55]",0.7201047736019331,-0.0001671855741093,0.0,0.0,0.875,0.0,0.33,0,0,0,100,0,0.0,BEST,False,False,221,True,True,GREEDY,,,GREEDY_HV
BAUFEO[M][M],29,30,56,33,0.56,True,True,"[0, 6, 35, 38, 46, 41, 15, 54]",[],"[0.0072666109866267, 6.878801486922206, 35.803404935077864, 38.68547815877342, 46.46671504425252, 41.26194944213701, 15.735996804992768, 54.28384120437153]","[{'INP': 32}, {'CONV': [64, 3]}, ({'CONV': [32, 3]}, {'CONV': [32, 3]}), ({'CONV': [32, 3]}, {'CONV': [256, 3]}, {'POOLMAX': [-1, 2]}), ({'CONV': [128, 3]}, {'CONV': [64, 5]}), ({'CONV': [128, 3]}, {'CONV': [256, 3]}, {'POOLMAX': [-1, 2]}), ({'CONV': [128, 5]}, {'CONV': [256, 3]}), ({'CONV': [128, 5]}, {'CONV': [32, 5]}, {'POOLMAX': [-1, 2]}), ({'CONV': [32, 5]}, {'CONV': [256, 5]}), ({'CONV': [256, 3]}, {'CONV': [256, 3]}, {'POOLMAX': [-1, 2]}), {'GLOBAL_AVG': None}, {'LAST_DENSE': [100, 'softmax']}]",HHSE,NSGA2,,,,,0.7029904047409995,,,,984813056,4461476,,,,,,"[0, 0, 54, 47, 47, 47, 27, 55]",0.7200990683711972,-0.0001081452082216,0.0,0.0,0.875,0.0,0.33,0,0,0,100,0,0.0,BEST,False,False,221,True,True,GREEDY,,,GREEDY_HV
BAUFEO[M][M],29,30,57,33,0.57,True,True,"[0, 6, 35, 38, 46, 41, 15, 54]",[],"[0.0072666109866267, 6.878801486922206, 35.803404935077864, 38.68547815877342, 46.46671504425252, 41.26194944213701, 15.735996804992768, 54.28384120437153]","[{'INP': 32}, {'CONV': [64, 3]}, ({'CONV': [32, 3]}, {'CONV': [32, 3]}), ({'CONV': [32, 3]}, {'CONV': [256, 3]}, {'POOLMAX': [-1, 2]}), ({'CONV': [128, 3]}, {'CONV': [64, 5]}), ({'CONV': [128, 3]}, {'CONV': [256, 3]}, {'POOLMAX': [-1, 2]}), ({'CONV': [128, 5]}, {'CONV': [256, 3]}), ({'CONV': [128, 5]}, {'CONV': [32, 5]}, {'POOLMAX': [-1, 2]}), ({'CONV': [32, 5]}, {'CONV': [256, 5]}), ({'CONV': [256, 3]}, {'CONV': [256, 3]}, {'POOLMAX': [-1, 2]}), {'GLOBAL_AVG': None}, {'LAST_DENSE': [100, 'softmax']}]",HHSE,NSGA2,,,,,0.7029904047409995,,,,984813056,4461476,,,,,,"[0, 0, 54, 47, 47, 47, 27, 55]",0.7205405340156619,0.0001382742291249,0.0,0.0,0.875,0.0,0.33,0,0,0,100,0,0.0,BEST,False,False,221,True,True,GREEDY,,,GREEDY_HV
BAUFEO[M][M],29,30,58,33,0.58,True,True,"[0, 6, 35, 38, 46, 41, 15, 54]",[],"[0.0072666109866267, 6.878801486922206, 35.803404935077864, 38.68547815877342, 46.46671504425252, 41.26194944213701, 15.735996804992768, 54.28384120437153]","[{'INP': 32}, {'CONV': [64, 3]}, ({'CONV': [32, 3]}, {'CONV': [32, 3]}), ({'CONV': [32, 3]}, {'CONV': [256, 3]}, {'POOLMAX': [-1, 2]}), ({'CONV': [128, 3]}, {'CONV': [64, 5]}), ({'CONV': [128, 3]}, {'CONV': [256, 3]}, {'POOLMAX': [-1, 2]}), ({'CONV': [128, 5]}, {'CONV': [256, 3]}), ({'CONV': [128, 5]}, {'CONV': [32, 5]}, {'POOLMAX': [-1, 2]}), ({'CONV': [32, 5]}, {'CONV': [256, 5]}), ({'CONV': [256, 3]}, {'CONV': [256, 3]}, {'POOLMAX': [-1, 2]}), {'GLOBAL_AVG': None}, {'LAST_DENSE': [100, 'softmax']}]",HHSE,NSGA2,,,,,0.7029904047409995,,,,984813056,4461476,,,,,,"[0, 0, 54, 47, 47, 47, 27, 55]",0.7205238974166315,-8.821673339087788e-05,0.0,0.0,0.875,0.0,0.33,0,0,0,100,0,0.0,BEST,False,False,221,True,True,GREEDY,,,GREEDY_HV
BAUFEO[M][M],29,30,59,33,0.59,True,True,"[0, 6, 35, 38, 46, 41, 15, 54]",[],"[0.0072666109866267, 6.878801486922206, 35.803404935077864, 38.68547815877342, 46.46671504425252, 41.26194944213701, 15.735996804992768, 54.28384120437153]","[{'INP': 32}, {'CONV': [64, 3]}, ({'CONV': [32, 3]}, {'CONV': [32, 3]}), ({'CONV': [32, 3]}, {'CONV': [256, 3]}, {'POOLMAX': [-1, 2]}), ({'CONV': [128, 3]}, {'CONV': [64, 5]}), ({'CONV': [128, 3]}, {'CONV': [256, 3]}, {'POOLMAX': [-1, 2]}), ({'CONV': [128, 5]}, {'CONV': [256, 3]}), ({'CONV': [128, 5]}, {'CONV': [32, 5]}, {'POOLMAX': [-1, 2]}), ({'CONV': [32, 5]}, {'CONV': [256, 5]}), ({'CONV': [256, 3]}, {'CONV': [256, 3]}, {'POOLMAX': [-1, 2]}), {'GLOBAL_AVG': None}, {'LAST_DENSE': [100, 'softmax']}]",HHSE,NSGA2,,,,,0.7029904047409995,,,,984813056,4461476,,,,,,"[0, 0, 54, 47, 47, 47, 27, 55]",0.7205228013883325,-4.019964478796378e-05,0.0,0.0,0.875,0.0,0.33,0,0,0,100,0,0.0,BEST,False,False,221,True,True,GREEDY,,,GREEDY_HV
BAUFEO[M][M],29,30,60,33,0.6,True,True,"[0, 6, 35, 38, 46, 41, 15, 54]",[],"[0.0072666109866267, 6.878801486922206, 35.803404935077864, 38.68547815877342, 46.46671504425252, 41.26194944213701, 15.735996804992768, 54.28384120437153]","[{'INP': 32}, {'CONV': [64, 3]}, ({'CONV': [32, 3]}, {'CONV': [32, 3]}), ({'CONV': [32, 3]}, {'CONV': [256, 3]}, {'POOLMAX': [-1, 2]}), ({'CONV': [128, 3]}, {'CONV': [64, 5]}), ({'CONV': [128, 3]}, {'CONV': [256, 3]}, {'POOLMAX': [-1, 2]}), ({'CONV': [128, 5]}, {'CONV': [256, 3]}), ({'CONV': [128, 5]}, {'CONV': [32, 5]}, {'POOLMAX': [-1, 2]}), ({'CONV': [32, 5]}, {'CONV': [256, 5]}), ({'CONV': [256, 3]}, {'CONV': [256, 3]}, {'POOLMAX': [-1, 2]}), {'GLOBAL_AVG': None}, {'LAST_DENSE': [100, 'softmax']}]",HHSE,NSGA2,,,,,0.7029904047409995,,,,984813056,4461476,,,,,,"[0, 0, 54, 47, 47, 47, 27, 55]",0.7205455055081464,-0.0002221842776002,0.0,0.0,0.875,0.0,0.33,0,1,0,100,0,0.01,BEST,False,False,221,True,True,GREEDY,,,GREEDY_HV
BAUFEO[M][M],29,30,61,33,0.61,True,True,"[0, 6, 35, 38, 46, 41, 15, 54]",[],"[0.0072666109866267, 6.878801486922206, 35.803404935077864, 38.68547815877342, 46.46671504425252, 41.26194944213701, 15.735996804992768, 54.28384120437153]","[{'INP': 32}, {'CONV': [64, 3]}, ({'CONV': [32, 3]}, {'CONV': [32, 3]}), ({'CONV': [32, 3]}, {'CONV': [256, 3]}, {'POOLMAX': [-1, 2]}), ({'CONV': [128, 3]}, {'CONV': [64, 5]}), ({'CONV': [128, 3]}, {'CONV': [256, 3]}, {'POOLMAX': [-1, 2]}), ({'CONV': [128, 5]}, {'CONV': [256, 3]}), ({'CONV': [128, 5]}, {'CONV': [32, 5]}, {'POOLMAX': [-1, 2]}), ({'CONV': [32, 5]}, {'CONV': [256, 5]}), ({'CONV': [256, 3]}, {'CONV': [256, 3]}, {'POOLMAX': [-1, 2]}), {'GLOBAL_AVG': None}, {'LAST_DENSE': [100, 'softmax']}]",HHSE,NSGA2,,,,,0.7029904047409995,,,,984813056,4461476,,,,,,"[0, 0, 54, 47, 47, 47, 27, 55]",0.7207316345361914,-0.0001660247317987,0.0,0.0,0.875,0.0,0.33,0,0,0,100,0,0.0,BEST,False,False,221,True,True,GREEDY,,,GREEDY_HV
BAUFEO[M][M],29,30,62,33,0.62,True,True,"[0, 6, 35, 38, 46, 41, 15, 54]",[],"[0.0072666109866267, 6.878801486922206, 35.803404935077864, 38.68547815877342, 46.46671504425252, 41.26194944213701, 15.735996804992768, 54.28384120437153]","[{'INP': 32}, {'CONV': [64, 3]}, ({'CONV': [32, 3]}, {'CONV': [32, 3]}), ({'CONV': [32, 3]}, {'CONV': [256, 3]}, {'POOLMAX': [-1, 2]}), ({'CONV': [128, 3]}, {'CONV': [64, 5]}), ({'CONV': [128, 3]}, {'CONV': [256, 3]}, {'POOLMAX': [-1, 2]}), ({'CONV': [128, 5]}, {'CONV': [256, 3]}), ({'CONV': [128, 5]}, {'CONV': [32, 5]}, {'POOLMAX': [-1, 2]}), ({'CONV': [32, 5]}, {'CONV': [256, 5]}), ({'CONV': [256, 3]}, {'CONV': [256, 3]}, {'POOLMAX': [-1, 2]}), {'GLOBAL_AVG': None}, {'LAST_DENSE': [100, 'softmax']}]",HHSE,NSGA2,,,,,0.7029904047409995,,,,984813056,4461476,,,,,,"[0, 0, 54, 47, 47, 47, 27, 55]",0.7207270243177519,-0.0008979810238036,0.0,0.0,0.875,0.0,0.33,0,0,0,100,0,0.0,BEST,False,False,221,True,True,GREEDY,,,GREEDY_HV
BAUFEO[M][M],29,30,63,33,0.63,True,True,"[0, 6, 35, 38, 46, 41, 15, 54]",[],"[0.0072666109866267, 6.878801486922206, 35.803404935077864, 38.68547815877342, 46.46671504425252, 41.26194944213701, 15.735996804992768, 54.28384120437153]","[{'INP': 32}, {'CONV': [64, 3]}, ({'CONV': [32, 3]}, {'CONV': [32, 3]}), ({'CONV': [32, 3]}, {'CONV': [256, 3]}, {'POOLMAX': [-1, 2]}), ({'CONV': [128, 3]}, {'CONV': [64, 5]}), ({'CONV': [128, 3]}, {'CONV': [256, 3]}, {'POOLMAX': [-1, 2]}), ({'CONV': [128, 5]}, {'CONV': [256, 3]}), ({'CONV': [128, 5]}, {'CONV': [32, 5]}, {'POOLMAX': [-1, 2]}), ({'CONV': [32, 5]}, {'CONV': [256, 5]}), ({'CONV': [256, 3]}, {'CONV': [256, 3]}, {'POOLMAX': [-1, 2]}), {'GLOBAL_AVG': None}, {'LAST_DENSE': [100, 'softmax']}]",HHSE,NSGA2,,,,,0.7029904047409995,,,,984813056,4461476,,,,,,"[0, 0, 54, 47, 47, 47, 27, 55]",0.7207372582782774,-0.0001266231983456,0.0,0.0,0.875,0.0,0.33,0,0,0,100,0,0.0,BEST,False,False,221,True,True,GREEDY,,,GREEDY_HV
BAUFEO[M][M],29,30,64,33,0.64,True,True,"[0, 6, 35, 38, 46, 41, 15, 54]",[],"[0.0072666109866267, 6.878801486922206, 35.803404935077864, 38.68547815877342, 46.46671504425252, 41.26194944213701, 15.735996804992768, 54.28384120437153]","[{'INP': 32}, {'CONV': [64, 3]}, ({'CONV': [32, 3]}, {'CONV': [32, 3]}), ({'CONV': [32, 3]}, {'CONV': [256, 3]}, {'POOLMAX': [-1, 2]}), ({'CONV': [128, 3]}, {'CONV': [64, 5]}), ({'CONV': [128, 3]}, {'CONV': [256, 3]}, {'POOLMAX': [-1, 2]}), ({'CONV': [128, 5]}, {'CONV': [256, 3]}), ({'CONV': [128, 5]}, {'CONV': [32, 5]}, {'POOLMAX': [-1, 2]}), ({'CONV': [32, 5]}, {'CONV': [256, 5]}), ({'CONV': [256, 3]}, {'CONV': [256, 3]}, {'POOLMAX': [-1, 2]}), {'GLOBAL_AVG': None}, {'LAST_DENSE': [100, 'softmax']}]",HHSE,NSGA2,,,,,0.7029904047409995,,,,984813056,4461476,,,,,,"[0, 0, 54, 47, 47, 47, 27, 55]",0.721547102614159,0.0007413775160033,0.0,0.0,0.875,0.0,0.33,0,0,0,100,0,0.0,BEST,False,False,221,True,True,GREEDY,,,GREEDY_HV
BAUFEO[M][M],29,30,65,33,0.65,True,True,"[0, 6, 35, 38, 46, 41, 15, 54]",[],"[0.0072666109866267, 6.878801486922206, 35.803404935077864, 38.68547815877342, 46.46671504425252, 41.26194944213701, 15.735996804992768, 54.28384120437153]","[{'INP': 32}, {'CONV': [64, 3]}, ({'CONV': [32, 3]}, {'CONV': [32, 3]}), ({'CONV': [32, 3]}, {'CONV': [256, 3]}, {'POOLMAX': [-1, 2]}), ({'CONV': [128, 3]}, {'CONV': [64, 5]}), ({'CONV': [128, 3]}, {'CONV': [256, 3]}, {'POOLMAX': [-1, 2]}), ({'CONV': [128, 5]}, {'CONV': [256, 3]}), ({'CONV': [128, 5]}, {'CONV': [32, 5]}, {'POOLMAX': [-1, 2]}), ({'CONV': [32, 5]}, {'CONV': [256, 5]}), ({'CONV': [256, 3]}, {'CONV': [256, 3]}, {'POOLMAX': [-1, 2]}), {'GLOBAL_AVG': None}, {'LAST_DENSE': [100, 'softmax']}]",HHSE,NSGA2,,,,,0.7029904047409995,,,,984813056,4461476,,,,,,"[0, 0, 54, 47, 47, 47, 27, 55]",0.7210579494234222,-0.0004238576190135,0.0,0.0,0.875,0.0,0.33,0,0,0,100,0,0.0,BEST,False,False,221,True,True,GREEDY,,,GREEDY_HV
BAUFEO[M][M],29,30,66,33,0.66,True,True,"[0, 6, 35, 38, 46, 41, 15, 54]",[],"[0.0072666109866267, 6.878801486922206, 35.803404935077864, 38.68547815877342, 46.46671504425252, 41.26194944213701, 15.735996804992768, 54.28384120437153]","[{'INP': 32}, {'CONV': [64, 3]}, ({'CONV': [32, 3]}, {'CONV': [32, 3]}), ({'CONV': [32, 3]}, {'CONV': [256, 3]}, {'POOLMAX': [-1, 2]}), ({'CONV': [128, 3]}, {'CONV': [64, 5]}), ({'CONV': [128, 3]}, {'CONV': [256, 3]}, {'POOLMAX': [-1, 2]}), ({'CONV': [128, 5]}, {'CONV': [256, 3]}), ({'CONV': [128, 5]}, {'CONV': [32, 5]}, {'POOLMAX': [-1, 2]}), ({'CONV': [32, 5]}, {'CONV': [256, 5]}), ({'CONV': [256, 3]}, {'CONV': [256, 3]}, {'POOLMAX': [-1, 2]}), {'GLOBAL_AVG': None}, {'LAST_DENSE': [100, 'softmax']}]",HHSE,NSGA2,,,,,0.7029904047409995,,,,984813056,4461476,,,,,,"[0, 0, 54, 47, 47, 47, 27, 55]",0.7208216999968438,-0.0003768046625137,0.0,0.0,0.875,0.0,0.33,0,0,0,100,0,0.0,BEST,False,False,221,True,True,GREEDY,,,GREEDY_HV
BAUFEO[M][M],29,30,67,33,0.67,True,True,"[0, 6, 35, 38, 46, 41, 15, 54]",[],"[0.0072666109866267, 6.878801486922206, 35.803404935077864, 38.68547815877342, 46.46671504425252, 41.26194944213701, 15.735996804992768, 54.28384120437153]","[{'INP': 32}, {'CONV': [64, 3]}, ({'CONV': [32, 3]}, {'CONV': [32, 3]}), ({'CONV': [32, 3]}, {'CONV': [256, 3]}, {'POOLMAX': [-1, 2]}), ({'CONV': [128, 3]}, {'CONV': [64, 5]}), ({'CONV': [128, 3]}, {'CONV': [256, 3]}, {'POOLMAX': [-1, 2]}), ({'CONV': [128, 5]}, {'CONV': [256, 3]}), ({'CONV': [128, 5]}, {'CONV': [32, 5]}, {'POOLMAX': [-1, 2]}), ({'CONV': [32, 5]}, {'CONV': [256, 5]}), ({'CONV': [256, 3]}, {'CONV': [256, 3]}, {'POOLMAX': [-1, 2]}), {'GLOBAL_AVG': None}, {'LAST_DENSE': [100, 'softmax']}]",HHSE,NSGA2,,,,,0.7029904047409995,,,,984813056,4461476,,,,,,"[0, 0, 54, 47, 47, 47, 27, 55]",0.721016829939388,-0.0003389710340581,0.0,0.0,0.875,0.0,0.33,0,0,0,100,0,0.0,BEST,False,False,221,True,True,GREEDY,,,GREEDY_HV
BAUFEO[M][M],29,30,68,33,0.68,True,True,"[0, 6, 35, 38, 46, 41, 15, 54]",[],"[0.0072666109866267, 6.878801486922206, 35.803404935077864, 38.68547815877342, 46.46671504425252, 41.26194944213701, 15.735996804992768, 54.28384120437153]","[{'INP': 32}, {'CONV': [64, 3]}, ({'CONV': [32, 3]}, {'CONV': [32, 3]}), ({'CONV': [32, 3]}, {'CONV': [256, 3]}, {'POOLMAX': [-1, 2]}), ({'CONV': [128, 3]}, {'CONV': [64, 5]}), ({'CONV': [128, 3]}, {'CONV': [256, 3]}, {'POOLMAX': [-1, 2]}), ({'CONV': [128, 5]}, {'CONV': [256, 3]}), ({'CONV': [128, 5]}, {'CONV': [32, 5]}, {'POOLMAX': [-1, 2]}), ({'CONV': [32, 5]}, {'CONV': [256, 5]}), ({'CONV': [256, 3]}, {'CONV': [256, 3]}, {'POOLMAX': [-1, 2]}), {'GLOBAL_AVG': None}, {'LAST_DENSE': [100, 'softmax']}]",HHSE,NSGA2,,,,,0.7029904047409995,,,,984813056,4461476,,,,,,"[0, 0, 54, 47, 47, 47, 27, 55]",0.7209744087857213,-0.0001594843353996,0.0,0.0,0.875,0.0,0.33,0,0,0,100,0,0.0,BEST,False,False,221,True,True,GREEDY,,,GREEDY_HV
BAUFEO[M][M],29,30,69,33,0.69,True,True,"[0, 6, 35, 38, 46, 41, 15, 54]",[],"[0.0072666109866267, 6.878801486922206, 35.803404935077864, 38.68547815877342, 46.46671504425252, 41.26194944213701, 15.735996804992768, 54.28384120437153]","[{'INP': 32}, {'CONV': [64, 3]}, ({'CONV': [32, 3]}, {'CONV': [32, 3]}), ({'CONV': [32, 3]}, {'CONV': [256, 3]}, {'POOLMAX': [-1, 2]}), ({'CONV': [128, 3]}, {'CONV': [64, 5]}), ({'CONV': [128, 3]}, {'CONV': [256, 3]}, {'POOLMAX': [-1, 2]}), ({'CONV': [128, 5]}, {'CONV': [256, 3]}), ({'CONV': [128, 5]}, {'CONV': [32, 5]}, {'POOLMAX': [-1, 2]}), ({'CONV': [32, 5]}, {'CONV': [256, 5]}), ({'CONV': [256, 3]}, {'CONV': [256, 3]}, {'POOLMAX': [-1, 2]}), {'GLOBAL_AVG': None}, {'LAST_DENSE': [100, 'softmax']}]",HHSE,NSGA2,,,,,0.7029904047409995,,,,984813056,4461476,,,,,,"[0, 0, 54, 47, 47, 47, 27, 55]",0.720974567662226,-0.0004431600066572,0.0,0.0,0.875,0.0,0.33,0,0,0,100,0,0.0,BEST,False,False,221,True,True,GREEDY,,,GREEDY_HV
BAUFEO[M][M],29,30,70,33,0.7,True,True,"[0, 6, 35, 38, 46, 41, 15, 54]",[],"[0.0072666109866267, 6.878801486922206, 35.803404935077864, 38.68547815877342, 46.46671504425252, 41.26194944213701, 15.735996804992768, 54.28384120437153]","[{'INP': 32}, {'CONV': [64, 3]}, ({'CONV': [32, 3]}, {'CONV': [32, 3]}), ({'CONV': [32, 3]}, {'CONV': [256, 3]}, {'POOLMAX': [-1, 2]}), ({'CONV': [128, 3]}, {'CONV': [64, 5]}), ({'CONV': [128, 3]}, {'CONV': [256, 3]}, {'POOLMAX': [-1, 2]}), ({'CONV': [128, 5]}, {'CONV': [256, 3]}), ({'CONV': [128, 5]}, {'CONV': [32, 5]}, {'POOLMAX': [-1, 2]}), ({'CONV': [32, 5]}, {'CONV': [256, 5]}), ({'CONV': [256, 3]}, {'CONV': [256, 3]}, {'POOLMAX': [-1, 2]}), {'GLOBAL_AVG': None}, {'LAST_DENSE': [100, 'softmax']}]",HHSE,NSGA2,,,,,0.7029904047409995,,,,984813056,4461476,,,,,,"[0, 0, 54, 47, 47, 47, 27, 55]",0.7210751952579939,-0.0018338009413958,0.0,0.0,0.875,0.0,0.33,0,1,0,100,0,0.01,BEST,False,False,221,True,True,GREEDY,,,GREEDY_HV
BAUFEO[M][M],29,30,71,33,0.71,True,True,"[0, 6, 35, 38, 46, 41, 15, 54]",[],"[0.0072666109866267, 6.878801486922206, 35.803404935077864, 38.68547815877342, 46.46671504425252, 41.26194944213701, 15.735996804992768, 54.28384120437153]","[{'INP': 32}, {'CONV': [64, 3]}, ({'CONV': [32, 3]}, {'CONV': [32, 3]}), ({'CONV': [32, 3]}, {'CONV': [256, 3]}, {'POOLMAX': [-1, 2]}), ({'CONV': [128, 3]}, {'CONV': [64, 5]}), ({'CONV': [128, 3]}, {'CONV': [256, 3]}, {'POOLMAX': [-1, 2]}), ({'CONV': [128, 5]}, {'CONV': [256, 3]}), ({'CONV': [128, 5]}, {'CONV': [32, 5]}, {'POOLMAX': [-1, 2]}), ({'CONV': [32, 5]}, {'CONV': [256, 5]}), ({'CONV': [256, 3]}, {'CONV': [256, 3]}, {'POOLMAX': [-1, 2]}), {'GLOBAL_AVG': None}, {'LAST_DENSE': [100, 'softmax']}]",HHSE,NSGA2,,,,,0.7029904047409995,,,,984813056,4461476,,,,,,"[0, 0, 54, 47, 47, 47, 27, 55]",0.7210035620189547,-0.0002778377699775,0.0,0.0,0.875,0.0,0.33,0,0,0,100,0,0.0,BEST,False,False,221,True,True,GREEDY,,,GREEDY_HV
BAUFEO[M][M],29,30,72,33,0.72,True,True,"[0, 6, 35, 38, 46, 41, 15, 54]",[],"[0.0072666109866267, 6.878801486922206, 35.803404935077864, 38.68547815877342, 46.46671504425252, 41.26194944213701, 15.735996804992768, 54.28384120437153]","[{'INP': 32}, {'CONV': [64, 3]}, ({'CONV': [32, 3]}, {'CONV': [32, 3]}), ({'CONV': [32, 3]}, {'CONV': [256, 3]}, {'POOLMAX': [-1, 2]}), ({'CONV': [128, 3]}, {'CONV': [64, 5]}), ({'CONV': [128, 3]}, {'CONV': [256, 3]}, {'POOLMAX': [-1, 2]}), ({'CONV': [128, 5]}, {'CONV': [256, 3]}), ({'CONV': [128, 5]}, {'CONV': [32, 5]}, {'POOLMAX': [-1, 2]}), ({'CONV': [32, 5]}, {'CONV': [256, 5]}), ({'CONV': [256, 3]}, {'CONV': [256, 3]}, {'POOLMAX': [-1, 2]}), {'GLOBAL_AVG': None}, {'LAST_DENSE': [100, 'softmax']}]",HHSE,NSGA2,,,,,0.7029904047409995,,,,984813056,4461476,,,,,,"[0, 0, 54, 47, 47, 47, 27, 55]",0.7210153846410309,-0.0002051287697396,0.0,0.0,0.875,0.0,0.33,0,0,0,100,0,0.0,BEST,False,False,221,True,True,GREEDY,,,GREEDY_HV
BRJBRA[M][M],29,30,73,73,0.73,True,True,"[32, 17, 22, 38, 14, 7, 61, 39]",[],"[32.933537265306185, 17.266435564483928, 22.030002441095213, 38.3518654375756, 14.589924287443267, 7.299573945840348, 61.651598221660194, 39.07506270372726]","[{'INP': 32}, {'CONV': [64, 3]}, ({'CONV': [128, 3]}, {'CONV': [32, 3]}), ({'CONV': [64, 3]}, {'CONV': [32, 5]}, {'POOLMAX': [-1, 2]}), ({'CONV': [64, 3]}, {'CONV': [256, 3]}), ({'CONV': [128, 3]}, {'CONV': [256, 3]}, {'POOLMAX': [-1, 2]}), ({'CONV': [32, 5]}, {'CONV': [256, 3]}), ({'CONV': [32, 3]}, {'CONV': [256, 5]}, {'POOLMAX': [-1, 2]}), ({'CONV': [256, 5]}, {'CONV': [128, 5]}), ({'CONV': [128, 3]}, {'CONV': [256, 5]}, {'POOLMAX': [-1, 2]}), {'GLOBAL_AVG': None}, {'LAST_DENSE': [100, 'softmax']}]",HHSE,NSGA2,,,,,0.7036401685516824,,,,943754240,4954148,,,,,,"[30, 11, 22, 38, 15, 7, 61, 38]",0.7211385075525795,-2.1994683374382266e-05,0.0,0.0,0.5,0.875,0.73,0,1,0,100,0,0.01,BEST,False,False,215,True,True,GREEDY,,,GREEDY_HV
BRJBRA[M][M],29,30,74,73,0.74,True,True,"[32, 17, 22, 38, 14, 7, 61, 39]",[],"[32.933537265306185, 17.266435564483928, 22.030002441095213, 38.3518654375756, 14.589924287443267, 7.299573945840348, 61.651598221660194, 39.07506270372726]","[{'INP': 32}, {'CONV': [64, 3]}, ({'CONV': [128, 3]}, {'CONV': [32, 3]}), ({'CONV': [64, 3]}, {'CONV': [32, 5]}, {'POOLMAX': [-1, 2]}), ({'CONV': [64, 3]}, {'CONV': [256, 3]}), ({'CONV': [128, 3]}, {'CONV': [256, 3]}, {'POOLMAX': [-1, 2]}), ({'CONV': [32, 5]}, {'CONV': [256, 3]}), ({'CONV': [32, 3]}, {'CONV': [256, 5]}, {'POOLMAX': [-1, 2]}), ({'CONV': [256, 5]}, {'CONV': [128, 5]}), ({'CONV': [128, 3]}, {'CONV': [256, 5]}, {'POOLMAX': [-1, 2]}), {'GLOBAL_AVG': None}, {'LAST_DENSE': [100, 'softmax']}]",HHSE,NSGA2,,,,,0.7036401685516824,,,,943754240,4954148,,,,,,"[30, 11, 22, 38, 15, 7, 61, 38]",0.7216422523218656,-0.00021942205354,0.0,0.0,0.5,0.0,0.73,0,0,0,100,0,0.0,BEST,False,False,215,True,True,GREEDY,,,GREEDY_HV
BRJBRA[M][M],29,30,75,73,0.75,True,True,"[32, 17, 22, 38, 14, 7, 61, 39]",[],"[32.933537265306185, 17.266435564483928, 22.030002441095213, 38.3518654375756, 14.589924287443267, 7.299573945840348, 61.651598221660194, 39.07506270372726]","[{'INP': 32}, {'CONV': [64, 3]}, ({'CONV': [128, 3]}, {'CONV': [32, 3]}), ({'CONV': [64, 3]}, {'CONV': [32, 5]}, {'POOLMAX': [-1, 2]}), ({'CONV': [64, 3]}, {'CONV': [256, 3]}), ({'CONV': [128, 3]}, {'CONV': [256, 3]}, {'POOLMAX': [-1, 2]}), ({'CONV': [32, 5]}, {'CONV': [256, 3]}), ({'CONV': [32, 3]}, {'CONV': [256, 5]}, {'POOLMAX': [-1, 2]}), ({'CONV': [256, 5]}, {'CONV': [128, 5]}), ({'CONV': [128, 3]}, {'CONV': [256, 5]}, {'POOLMAX': [-1, 2]}), {'GLOBAL_AVG': None}, {'LAST_DENSE': [100, 'softmax']}]",HHSE,NSGA2,,,,,0.7036401685516824,,,,943754240,4954148,,,,,,"[30, 11, 22, 38, 15, 7, 61, 38]",0.7216877029310766,-0.000174291041762,0.0,0.0,0.5,0.0,0.73,0,1,0,100,0,0.01,BEST,False,False,215,True,True,GREEDY,,,GREEDY_HV
BRJBRA[M][M],29,30,76,73,0.76,True,True,"[32, 17, 22, 38, 14, 7, 61, 39]",[],"[32.933537265306185, 17.266435564483928, 22.030002441095213, 38.3518654375756, 14.589924287443267, 7.299573945840348, 61.651598221660194, 39.07506270372726]","[{'INP': 32}, {'CONV': [64, 3]}, ({'CONV': [128, 3]}, {'CONV': [32, 3]}), ({'CONV': [64, 3]}, {'CONV': [32, 5]}, {'POOLMAX': [-1, 2]}), ({'CONV': [64, 3]}, {'CONV': [256, 3]}), ({'CONV': [128, 3]}, {'CONV': [256, 3]}, {'POOLMAX': [-1, 2]}), ({'CONV': [32, 5]}, {'CONV': [256, 3]}), ({'CONV': [32, 3]}, {'CONV': [256, 5]}, {'POOLMAX': [-1, 2]}), ({'CONV': [256, 5]}, {'CONV': [128, 5]}), ({'CONV': [128, 3]}, {'CONV': [256, 5]}, {'POOLMAX': [-1, 2]}), {'GLOBAL_AVG': None}, {'LAST_DENSE': [100, 'softmax']}]",HHSE,NSGA2,,,,,0.7036401685516824,,,,943754240,4954148,,,,,,"[30, 11, 22, 38, 15, 7, 61, 38]",0.721779996885271,-0.0010421009110398,0.0,0.0,0.5,0.0,0.73,0,1,0,100,0,0.01,BEST,False,False,215,True,True,GREEDY,,,GREEDY_HV
BRJBRA[M][M],29,30,77,73,0.77,True,True,"[32, 17, 22, 38, 14, 7, 61, 39]",[],"[32.933537265306185, 17.266435564483928, 22.030002441095213, 38.3518654375756, 14.589924287443267, 7.299573945840348, 61.651598221660194, 39.07506270372726]","[{'INP': 32}, {'CONV': [64, 3]}, ({'CONV': [128, 3]}, {'CONV': [32, 3]}), ({'CONV': [64, 3]}, {'CONV': [32, 5]}, {'POOLMAX': [-1, 2]}), ({'CONV': [64, 3]}, {'CONV': [256, 3]}), ({'CONV': [128, 3]}, {'CONV': [256, 3]}, {'POOLMAX': [-1, 2]}), ({'CONV': [32, 5]}, {'CONV': [256, 3]}), ({'CONV': [32, 3]}, {'CONV': [256, 5]}, {'POOLMAX': [-1, 2]}), ({'CONV': [256, 5]}, {'CONV': [128, 5]}), ({'CONV': [128, 3]}, {'CONV': [256, 5]}, {'POOLMAX': [-1, 2]}), {'GLOBAL_AVG': None}, {'LAST_DENSE': [100, 'softmax']}]",HHSE,NSGA2,,,,,0.7036401685516824,,,,943754240,4954148,,,,,,"[30, 11, 22, 38, 15, 7, 61, 38]",0.7218060628471116,-5.373112325113283e-05,0.0,0.0,0.5,0.0,0.73,0,0,0,100,0,0.0,BEST,False,False,215,True,True,GREEDY,,,GREEDY_HV
BPTJZU[M],29,30,78,78,0.78,True,True,"[2, 7, 32, 38, 47, 5, 23, 62]",[],"[2.327252002408458, 7.95687679631491, 32.891363745706215, 38.47561844574227, 47.662451999028285, 5.38854531766571, 23.636520174060472, 62.139663972833205]","[{'INP': 32}, {'CONV': [64, 3]}, ({'CONV': [32, 3]}, {'CONV': [64, 3]}), ({'CONV': [32, 3]}, {'CONV': [256, 5]}, {'POOLMAX': [-1, 2]}), ({'CONV': [128, 3]}, {'CONV': [32, 3]}), ({'CONV': [128, 3]}, {'CONV': [256, 3]}, {'POOLMAX': [-1, 2]}), ({'CONV': [128, 5]}, {'CONV': [256, 5]}), ({'CONV': [32, 3]}, {'CONV': [128, 5]}, {'POOLMAX': [-1, 2]}), ({'CONV': [64, 3]}, {'CONV': [256, 5]}), ({'CONV': [256, 5]}, {'CONV': [256, 3]}, {'POOLMAX': [-1, 2]}), {'GLOBAL_AVG': None}, {'LAST_DENSE': [100, 'softmax']}]",HHSE,NSGA2,,,,,0.7059646759897638,,,,1199626240,5486628,,,,,,"[2, 8, 36, 38, 47, 4, 23, 62]",0.7218986725953237,-0.0001673176013979,0.25,0.25,0.375,0.875,0.78,0,1,0,100,0,0.01,BEST,False,False,178,True,True,GREEDY,,,GREEDY_HV
BPTJZU[M],29,30,79,78,0.79,True,True,"[2, 7, 32, 38, 47, 5, 23, 62]",[],"[2.327252002408458, 7.95687679631491, 32.891363745706215, 38.47561844574227, 47.662451999028285, 5.38854531766571, 23.636520174060472, 62.139663972833205]","[{'INP': 32}, {'CONV': [64, 3]}, ({'CONV': [32, 3]}, {'CONV': [64, 3]}), ({'CONV': [32, 3]}, {'CONV': [256, 5]}, {'POOLMAX': [-1, 2]}), ({'CONV': [128, 3]}, {'CONV': [32, 3]}), ({'CONV': [128, 3]}, {'CONV': [256, 3]}, {'POOLMAX': [-1, 2]}), ({'CONV': [128, 5]}, {'CONV': [256, 5]}), ({'CONV': [32, 3]}, {'CONV': [128, 5]}, {'POOLMAX': [-1, 2]}), ({'CONV': [64, 3]}, {'CONV': [256, 5]}), ({'CONV': [256, 5]}, {'CONV': [256, 3]}, {'POOLMAX': [-1, 2]}), {'GLOBAL_AVG': None}, {'LAST_DENSE': [100, 'softmax']}]",HHSE,NSGA2,,,,,0.7059646759897638,,,,1199626240,5486628,,,,,,"[2, 8, 36, 38, 47, 4, 23, 62]",0.7237005966174349,-0.0001986504048758,0.25,0.25,0.375,0.0,0.78,0,1,0,100,0,0.01,BEST,False,False,178,True,True,GREEDY,,,GREEDY_HV
BPTJZU[M],29,30,80,78,0.8,True,True,"[2, 7, 32, 38, 47, 5, 23, 62]",[],"[2.327252002408458, 7.95687679631491, 32.891363745706215, 38.47561844574227, 47.662451999028285, 5.38854531766571, 23.636520174060472, 62.139663972833205]","[{'INP': 32}, {'CONV': [64, 3]}, ({'CONV': [32, 3]}, {'CONV': [64, 3]}), ({'CONV': [32, 3]}, {'CONV': [256, 5]}, {'POOLMAX': [-1, 2]}), ({'CONV': [128, 3]}, {'CONV': [32, 3]}), ({'CONV': [128, 3]}, {'CONV': [256, 3]}, {'POOLMAX': [-1, 2]}), ({'CONV': [128, 5]}, {'CONV': [256, 5]}), ({'CONV': [32, 3]}, {'CONV': [128, 5]}, {'POOLMAX': [-1, 2]}), ({'CONV': [64, 3]}, {'CONV': [256, 5]}), ({'CONV': [256, 5]}, {'CONV': [256, 3]}, {'POOLMAX': [-1, 2]}), {'GLOBAL_AVG': None}, {'LAST_DENSE': [100, 'softmax']}]",HHSE,NSGA2,,,,,0.7059646759897638,,,,1199626240,5486628,,,,,,"[2, 8, 36, 38, 47, 4, 23, 62]",0.7237031803794711,-7.957342545128476e-05,0.25,0.25,0.375,0.0,0.78,0,1,0,100,0,0.01,BEST,False,False,178,True,True,GREEDY,,,GREEDY_HV
BPTJZU[M],29,30,81,78,0.81,True,True,"[2, 7, 32, 38, 47, 5, 23, 62]",[],"[2.327252002408458, 7.95687679631491, 32.891363745706215, 38.47561844574227, 47.662451999028285, 5.38854531766571, 23.636520174060472, 62.139663972833205]","[{'INP': 32}, {'CONV': [64, 3]}, ({'CONV': [32, 3]}, {'CONV': [64, 3]}), ({'CONV': [32, 3]}, {'CONV': [256, 5]}, {'POOLMAX': [-1, 2]}), ({'CONV': [128, 3]}, {'CONV': [32, 3]}), ({'CONV': [128, 3]}, {'CONV': [256, 3]}, {'POOLMAX': [-1, 2]}), ({'CONV': [128, 5]}, {'CONV': [256, 5]}), ({'CONV': [32, 3]}, {'CONV': [128, 5]}, {'POOLMAX': [-1, 2]}), ({'CONV': [64, 3]}, {'CONV': [256, 5]}), ({'CONV': [256, 5]}, {'CONV': [256, 3]}, {'POOLMAX': [-1, 2]}), {'GLOBAL_AVG': None}, {'LAST_DENSE': [100, 'softmax']}]",HHSE,NSGA2,,,,,0.7059646759897638,,,,1199626240,5486628,,,,,,"[2, 8, 36, 38, 47, 4, 23, 62]",0.7239080311359922,-0.0004195601940117,0.25,0.25,0.375,0.0,0.78,0,0,0,100,0,0.0,BEST,False,False,178,True,True,GREEDY,,,GREEDY_HV
BPTJZU[M],29,30,82,78,0.82,True,True,"[2, 7, 32, 38, 47, 5, 23, 62]",[],"[2.327252002408458, 7.95687679631491, 32.891363745706215, 38.47561844574227, 47.662451999028285, 5.38854531766571, 23.636520174060472, 62.139663972833205]","[{'INP': 32}, {'CONV': [64, 3]}, ({'CONV': [32, 3]}, {'CONV': [64, 3]}), ({'CONV': [32, 3]}, {'CONV': [256, 5]}, {'POOLMAX': [-1, 2]}), ({'CONV': [128, 3]}, {'CONV': [32, 3]}), ({'CONV': [128, 3]}, {'CONV': [256, 3]}, {'POOLMAX': [-1, 2]}), ({'CONV': [128, 5]}, {'CONV': [256, 5]}), ({'CONV': [32, 3]}, {'CONV': [128, 5]}, {'POOLMAX': [-1, 2]}), ({'CONV': [64, 3]}, {'CONV': [256, 5]}), ({'CONV': [256, 5]}, {'CONV': [256, 3]}, {'POOLMAX': [-1, 2]}), {'GLOBAL_AVG': None}, {'LAST_DENSE': [100, 'softmax']}]",HHSE,NSGA2,,,,,0.7059646759897638,,,,1199626240,5486628,,,,,,"[2, 8, 36, 38, 47, 4, 23, 62]",0.723967163026366,-7.94620023639725e-05,0.25,0.25,0.375,0.0,0.78,0,1,0,100,0,0.01,BEST,False,False,178,True,True,GREEDY,,,GREEDY_HV
BPTJZU[M],29,30,83,78,0.83,True,True,"[2, 7, 32, 38, 47, 5, 23, 62]",[],"[2.327252002408458, 7.95687679631491, 32.891363745706215, 38.47561844574227, 47.662451999028285, 5.38854531766571, 23.636520174060472, 62.139663972833205]","[{'INP': 32}, {'CONV': [64, 3]}, ({'CONV': [32, 3]}, {'CONV': [64, 3]}), ({'CONV': [32, 3]}, {'CONV': [256, 5]}, {'POOLMAX': [-1, 2]}), ({'CONV': [128, 3]}, {'CONV': [32, 3]}), ({'CONV': [128, 3]}, {'CONV': [256, 3]}, {'POOLMAX': [-1, 2]}), ({'CONV': [128, 5]}, {'CONV': [256, 5]}), ({'CONV': [32, 3]}, {'CONV': [128, 5]}, {'POOLMAX': [-1, 2]}), ({'CONV': [64, 3]}, {'CONV': [256, 5]}), ({'CONV': [256, 5]}, {'CONV': [256, 3]}, {'POOLMAX': [-1, 2]}), {'GLOBAL_AVG': None}, {'LAST_DENSE': [100, 'softmax']}]",HHSE,NSGA2,,,,,0.7059646759897638,,,,1199626240,5486628,,,,,,"[2, 8, 36, 38, 47, 4, 23, 62]",0.723994051894538,-0.0015508854673079,0.25,0.25,0.375,0.0,0.78,0,0,0,100,0,0.0,BEST,False,False,178,True,True,GREEDY,,,GREEDY_HV
BPTJZU[M],29,30,84,78,0.84,True,True,"[2, 7, 32, 38, 47, 5, 23, 62]",[],"[2.327252002408458, 7.95687679631491, 32.891363745706215, 38.47561844574227, 47.662451999028285, 5.38854531766571, 23.636520174060472, 62.139663972833205]","[{'INP': 32}, {'CONV': [64, 3]}, ({'CONV': [32, 3]}, {'CONV': [64, 3]}), ({'CONV': [32, 3]}, {'CONV': [256, 5]}, {'POOLMAX': [-1, 2]}), ({'CONV': [128, 3]}, {'CONV': [32, 3]}), ({'CONV': [128, 3]}, {'CONV': [256, 3]}, {'POOLMAX': [-1, 2]}), ({'CONV': [128, 5]}, {'CONV': [256, 5]}), ({'CONV': [32, 3]}, {'CONV': [128, 5]}, {'POOLMAX': [-1, 2]}), ({'CONV': [64, 3]}, {'CONV': [256, 5]}), ({'CONV': [256, 5]}, {'CONV': [256, 3]}, {'POOLMAX': [-1, 2]}), {'GLOBAL_AVG': None}, {'LAST_DENSE': [100, 'softmax']}]",HHSE,NSGA2,,,,,0.7059646759897638,,,,1199626240,5486628,,,,,,"[2, 8, 36, 38, 47, 4, 23, 62]",0.7240541341253295,-0.0013220989249576,0.25,0.25,0.375,0.0,0.78,0,1,0,100,0,0.01,BEST,False,False,178,True,True,GREEDY,,,GREEDY_HV
BPTJZU[M],29,30,85,78,0.85,True,True,"[2, 7, 32, 38, 47, 5, 23, 62]",[],"[2.327252002408458, 7.95687679631491, 32.891363745706215, 38.47561844574227, 47.662451999028285, 5.38854531766571, 23.636520174060472, 62.139663972833205]","[{'INP': 32}, {'CONV': [64, 3]}, ({'CONV': [32, 3]}, {'CONV': [64, 3]}), ({'CONV': [32, 3]}, {'CONV': [256, 5]}, {'POOLMAX': [-1, 2]}), ({'CONV': [128, 3]}, {'CONV': [32, 3]}), ({'CONV': [128, 3]}, {'CONV': [256, 3]}, {'POOLMAX': [-1, 2]}), ({'CONV': [128, 5]}, {'CONV': [256, 5]}), ({'CONV': [32, 3]}, {'CONV': [128, 5]}, {'POOLMAX': [-1, 2]}), ({'CONV': [64, 3]}, {'CONV': [256, 5]}), ({'CONV': [256, 5]}, {'CONV': [256, 3]}, {'POOLMAX': [-1, 2]}), {'GLOBAL_AVG': None}, {'LAST_DENSE': [100, 'softmax']}]",HHSE,NSGA2,,,,,0.7059646759897638,,,,1199626240,5486628,,,,,,"[2, 8, 36, 38, 47, 4, 23, 62]",0.7241715151725885,6.517602710909287e-05,0.25,0.25,0.375,0.0,0.78,0,1,0,100,0,0.01,BEST,False,False,178,True,True,GREEDY,,,GREEDY_HV
BPTJZU[M],29,30,86,78,0.86,True,True,"[2, 7, 32, 38, 47, 5, 23, 62]",[],"[2.327252002408458, 7.95687679631491, 32.891363745706215, 38.47561844574227, 47.662451999028285, 5.38854531766571, 23.636520174060472, 62.139663972833205]","[{'INP': 32}, {'CONV': [64, 3]}, ({'CONV': [32, 3]}, {'CONV': [64, 3]}), ({'CONV': [32, 3]}, {'CONV': [256, 5]}, {'POOLMAX': [-1, 2]}), ({'CONV': [128, 3]}, {'CONV': [32, 3]}), ({'CONV': [128, 3]}, {'CONV': [256, 3]}, {'POOLMAX': [-1, 2]}), ({'CONV': [128, 5]}, {'CONV': [256, 5]}), ({'CONV': [32, 3]}, {'CONV': [128, 5]}, {'POOLMAX': [-1, 2]}), ({'CONV': [64, 3]}, {'CONV': [256, 5]}), ({'CONV': [256, 5]}, {'CONV': [256, 3]}, {'POOLMAX': [-1, 2]}), {'GLOBAL_AVG': None}, {'LAST_DENSE': [100, 'softmax']}]",HHSE,NSGA2,,,,,0.7059646759897638,,,,1199626240,5486628,,,,,,"[2, 8, 36, 38, 47, 4, 23, 62]",0.7242513704824286,-0.0003893198419243,0.25,0.25,0.375,0.0,0.78,0,2,0,100,0,0.02,BEST,False,False,178,True,True,GREEDY,,,GREEDY_HV
BPTJZU[M],29,30,87,78,0.87,True,True,"[2, 7, 32, 38, 47, 5, 23, 62]",[],"[2.327252002408458, 7.95687679631491, 32.891363745706215, 38.47561844574227, 47.662451999028285, 5.38854531766571, 23.636520174060472, 62.139663972833205]","[{'INP': 32}, {'CONV': [64, 3]}, ({'CONV': [32, 3]}, {'CONV': [64, 3]}), ({'CONV': [32, 3]}, {'CONV': [256, 5]}, {'POOLMAX': [-1, 2]}), ({'CONV': [128, 3]}, {'CONV': [32, 3]}), ({'CONV': [128, 3]}, {'CONV': [256, 3]}, {'POOLMAX': [-1, 2]}), ({'CONV': [128, 5]}, {'CONV': [256, 5]}), ({'CONV': [32, 3]}, {'CONV': [128, 5]}, {'POOLMAX': [-1, 2]}), ({'CONV': [64, 3]}, {'CONV': [256, 5]}), ({'CONV': [256, 5]}, {'CONV': [256, 3]}, {'POOLMAX': [-1, 2]}), {'GLOBAL_AVG': None}, {'LAST_DENSE': [100, 'softmax']}]",HHSE,NSGA2,,,,,0.7059646759897638,,,,1199626240,5486628,,,,,,"[2, 8, 36, 38, 47, 4, 23, 62]",0.7251459652539785,0.000244114927702,0.25,0.25,0.375,0.0,0.78,0,0,0,100,0,0.0,BEST,False,False,178,True,True,GREEDY,,,GREEDY_HV
BPTJZU[M],29,30,88,78,0.88,True,True,"[2, 7, 32, 38, 47, 5, 23, 62]",[],"[2.327252002408458, 7.95687679631491, 32.891363745706215, 38.47561844574227, 47.662451999028285, 5.38854531766571, 23.636520174060472, 62.139663972833205]","[{'INP': 32}, {'CONV': [64, 3]}, ({'CONV': [32, 3]}, {'CONV': [64, 3]}), ({'CONV': [32, 3]}, {'CONV': [256, 5]}, {'POOLMAX': [-1, 2]}), ({'CONV': [128, 3]}, {'CONV': [32, 3]}), ({'CONV': [128, 3]}, {'CONV': [256, 3]}, {'POOLMAX': [-1, 2]}), ({'CONV': [128, 5]}, {'CONV': [256, 5]}), ({'CONV': [32, 3]}, {'CONV': [128, 5]}, {'POOLMAX': [-1, 2]}), ({'CONV': [64, 3]}, {'CONV': [256, 5]}), ({'CONV': [256, 5]}, {'CONV': [256, 3]}, {'POOLMAX': [-1, 2]}), {'GLOBAL_AVG': None}, {'LAST_DENSE': [100, 'softmax']}]",HHSE,NSGA2,,,,,0.7059646759897638,,,,1199626240,5486628,,,,,,"[2, 8, 36, 38, 47, 4, 23, 62]",0.7243635224423859,-3.250273671218107e-05,0.25,0.25,0.375,0.0,0.78,0,0,0,100,0,0.0,BEST,False,False,178,True,True,GREEDY,,,GREEDY_HV
BPTJZU[M],29,30,89,78,0.89,True,True,"[2, 7, 32, 38, 47, 5, 23, 62]",[],"[2.327252002408458, 7.95687679631491, 32.891363745706215, 38.47561844574227, 47.662451999028285, 5.38854531766571, 23.636520174060472, 62.139663972833205]","[{'INP': 32}, {'CONV': [64, 3]}, ({'CONV': [32, 3]}, {'CONV': [64, 3]}), ({'CONV': [32, 3]}, {'CONV': [256, 5]}, {'POOLMAX': [-1, 2]}), ({'CONV': [128, 3]}, {'CONV': [32, 3]}), ({'CONV': [128, 3]}, {'CONV': [256, 3]}, {'POOLMAX': [-1, 2]}), ({'CONV': [128, 5]}, {'CONV': [256, 5]}), ({'CONV': [32, 3]}, {'CONV': [128, 5]}, {'POOLMAX': [-1, 2]}), ({'CONV': [64, 3]}, {'CONV': [256, 5]}), ({'CONV': [256, 5]}, {'CONV': [256, 3]}, {'POOLMAX': [-1, 2]}), {'GLOBAL_AVG': None}, {'LAST_DENSE': [100, 'softmax']}]",HHSE,NSGA2,,,,,0.7059646759897638,,,,1199626240,5486628,,,,,,"[2, 8, 36, 38, 47, 4, 23, 62]",0.724490197664574,-0.0005917319870955,0.25,0.25,0.375,0.0,0.78,0,1,0,100,0,0.01,BEST,False,False,178,True,True,GREEDY,,,GREEDY_HV
BPTJZU[M][M],29,30,90,90,0.9,True,True,"[2, 7, 32, 38, 47, 6, 23, 62]",[],"[2.323819736031332, 7.94911930233573, 32.833530565971735, 38.66194907713794, 47.33439804801008, 6.1235237098178805, 23.437343981217307, 62.148711188747235]","[{'INP': 32}, {'CONV': [64, 3]}, ({'CONV': [32, 3]}, {'CONV': [64, 3]}), ({'CONV': [32, 3]}, {'CONV': [256, 5]}, {'POOLMAX': [-1, 2]}), ({'CONV': [128, 3]}, {'CONV': [32, 3]}), ({'CONV': [128, 3]}, {'CONV': [256, 3]}, {'POOLMAX': [-1, 2]}), ({'CONV': [128, 5]}, {'CONV': [256, 5]}), ({'CONV': [32, 3]}, {'CONV': [256, 3]}, {'POOLMAX': [-1, 2]}), ({'CONV': [64, 3]}, {'CONV': [256, 5]}), ({'CONV': [256, 5]}, {'CONV': [256, 3]}, {'POOLMAX': [-1, 2]}), {'GLOBAL_AVG': None}, {'LAST_DENSE': [100, 'softmax']}]",HHSE,NSGA2,,,,,0.7080702975495679,,,,1198389248,5532196,,,,,,"[2, 7, 32, 38, 47, 5, 23, 62]",0.7244579931554589,-1.0384368423599357e-05,0.0,0.0,0.125,0.125,0.9,0,0,0,100,0,0.0,BEST,False,False,136,True,True,GREEDY,,,GREEDY_HV
BPTJZU[M][M],29,30,91,90,0.91,True,True,"[2, 7, 32, 38, 47, 6, 23, 62]",[],"[2.323819736031332, 7.94911930233573, 32.833530565971735, 38.66194907713794, 47.33439804801008, 6.1235237098178805, 23.437343981217307, 62.148711188747235]","[{'INP': 32}, {'CONV': [64, 3]}, ({'CONV': [32, 3]}, {'CONV': [64, 3]}), ({'CONV': [32, 3]}, {'CONV': [256, 5]}, {'POOLMAX': [-1, 2]}), ({'CONV': [128, 3]}, {'CONV': [32, 3]}), ({'CONV': [128, 3]}, {'CONV': [256, 3]}, {'POOLMAX': [-1, 2]}), ({'CONV': [128, 5]}, {'CONV': [256, 5]}), ({'CONV': [32, 3]}, {'CONV': [256, 3]}, {'POOLMAX': [-1, 2]}), ({'CONV': [64, 3]}, {'CONV': [256, 5]}), ({'CONV': [256, 5]}, {'CONV': [256, 3]}, {'POOLMAX': [-1, 2]}), {'GLOBAL_AVG': None}, {'LAST_DENSE': [100, 'softmax']}]",HHSE,NSGA2,,,,,0.7080702975495679,,,,1198389248,5532196,,,,,,"[2, 7, 32, 38, 47, 5, 23, 62]",0.7264991385159203,-0.0004566524999914,0.0,0.0,0.125,0.0,0.9,0,1,0,100,0,0.01,BEST,False,False,136,True,True,GREEDY,,,GREEDY_HV
BPTJZU[M][M],29,30,92,90,0.92,True,True,"[2, 7, 32, 38, 47, 6, 23, 62]",[],"[2.323819736031332, 7.94911930233573, 32.833530565971735, 38.66194907713794, 47.33439804801008, 6.1235237098178805, 23.437343981217307, 62.148711188747235]","[{'INP': 32}, {'CONV': [64, 3]}, ({'CONV': [32, 3]}, {'CONV': [64, 3]}), ({'CONV': [32, 3]}, {'CONV': [256, 5]}, {'POOLMAX': [-1, 2]}), ({'CONV': [128, 3]}, {'CONV': [32, 3]}), ({'CONV': [128, 3]}, {'CONV': [256, 3]}, {'POOLMAX': [-1, 2]}), ({'CONV': [128, 5]}, {'CONV': [256, 5]}), ({'CONV': [32, 3]}, {'CONV': [256, 3]}, {'POOLMAX': [-1, 2]}), ({'CONV': [64, 3]}, {'CONV': [256, 5]}), ({'CONV': [256, 5]}, {'CONV': [256, 3]}, {'POOLMAX': [-1, 2]}), {'GLOBAL_AVG': None}, {'LAST_DENSE': [100, 'softmax']}]",HHSE,NSGA2,,,,,0.7080702975495679,,,,1198389248,5532196,,,,,,"[2, 7, 32, 38, 47, 5, 23, 62]",0.7265595832472262,-0.0003984815310711,0.0,0.0,0.125,0.0,0.9,0,0,0,100,0,0.0,BEST,False,False,136,True,True,GREEDY,,,GREEDY_HV
BPTJZU[M][M],29,30,93,90,0.93,True,True,"[2, 7, 32, 38, 47, 6, 23, 62]",[],"[2.323819736031332, 7.94911930233573, 32.833530565971735, 38.66194907713794, 47.33439804801008, 6.1235237098178805, 23.437343981217307, 62.148711188747235]","[{'INP': 32}, {'CONV': [64, 3]}, ({'CONV': [32, 3]}, {'CONV': [64, 3]}), ({'CONV': [32, 3]}, {'CONV': [256, 5]}, {'POOLMAX': [-1, 2]}), ({'CONV': [128, 3]}, {'CONV': [32, 3]}), ({'CONV': [128, 3]}, {'CONV': [256, 3]}, {'POOLMAX': [-1, 2]}), ({'CONV': [128, 5]}, {'CONV': [256, 5]}), ({'CONV': [32, 3]}, {'CONV': [256, 3]}, {'POOLMAX': [-1, 2]}), ({'CONV': [64, 3]}, {'CONV': [256, 5]}), ({'CONV': [256, 5]}, {'CONV': [256, 3]}, {'POOLMAX': [-1, 2]}), {'GLOBAL_AVG': None}, {'LAST_DENSE': [100, 'softmax']}]",HHSE,NSGA2,,,,,0.7080702975495679,,,,1198389248,5532196,,,,,,"[2, 7, 32, 38, 47, 5, 23, 62]",0.7267044115372774,-0.0004844802657205,0.0,0.0,0.125,0.0,0.9,0,0,0,100,0,0.0,BEST,False,False,136,True,True,GREEDY,,,GREEDY_HV
BCPQKH[M],29,30,94,94,0.94,True,True,"[14, 5, 18, 22, 28, 6, 11, 23]",[],"[14.673949877474284, 5.590644048485515, 18.043147513239273, 22.808782410491755, 28.316219663730852, 6.893522003569985, 11.216692824087637, 23.397919910349785]","[{'INP': 32}, {'CONV': [64, 3]}, ({'CONV': [32, 5]}, {'CONV': [256, 3]}), ({'CONV': [32, 3]}, {'CONV': [128, 5]}, {'POOLMAX': [-1, 2]}), ({'CONV': [64, 3]}, {'CONV': [64, 3]}), ({'CONV': [64, 3]}, {'CONV': [256, 3]}, {'POOLMAX': [-1, 2]}), ({'CONV': [64, 5]}, {'CONV': [128, 3]}), ({'CONV': [32, 3]}, {'CONV': [256, 3]}, {'POOLMAX': [-1, 2]}), ({'CONV': [32, 5]}, {'CONV': [64, 5]}), ({'CONV': [64, 3]}, {'CONV': [256, 5]}, {'POOLMAX': [-1, 2]}), {'GLOBAL_AVG': None}, {'LAST_DENSE': [100, 'softmax']}]",HHSE,NSGA2,,,,,0.7087286606514009,,,,873899520,1927204,,,,,,"[14, 5, 18, 22, 28, 6, 11, 23]",0.7280425836646964,0.0007528167563236,0.5,0.375,0.0,0.875,0.94,0,1,0,100,0,0.01,BEST,False,False,128,True,True,GREEDY,,,GREEDY_HV
BCPQKH[M],29,30,95,94,0.95,True,True,"[14, 5, 18, 22, 28, 6, 11, 23]",[],"[14.673949877474284, 5.590644048485515, 18.043147513239273, 22.808782410491755, 28.316219663730852, 6.893522003569985, 11.216692824087637, 23.397919910349785]","[{'INP': 32}, {'CONV': [64, 3]}, ({'CONV': [32, 5]}, {'CONV': [256, 3]}), ({'CONV': [32, 3]}, {'CONV': [128, 5]}, {'POOLMAX': [-1, 2]}), ({'CONV': [64, 3]}, {'CONV': [64, 3]}), ({'CONV': [64, 3]}, {'CONV': [256, 3]}, {'POOLMAX': [-1, 2]}), ({'CONV': [64, 5]}, {'CONV': [128, 3]}), ({'CONV': [32, 3]}, {'CONV': [256, 3]}, {'POOLMAX': [-1, 2]}), ({'CONV': [32, 5]}, {'CONV': [64, 5]}), ({'CONV': [64, 3]}, {'CONV': [256, 5]}, {'POOLMAX': [-1, 2]}), {'GLOBAL_AVG': None}, {'LAST_DENSE': [100, 'softmax']}]",HHSE,NSGA2,,,,,0.7087286606514009,,,,873899520,1927204,,,,,,"[14, 5, 18, 22, 28, 6, 11, 23]",0.727863508815926,-0.000393475125885,0.5,0.375,0.0,0.0,0.94,0,1,0,100,0,0.01,BEST,False,False,128,True,True,GREEDY,,,GREEDY_HV
BBMTGA[M],29,30,96,96,0.96,True,True,"[14, 26, 20, 22, 14, 6, 21, 23]",[],"[14.608227031788106, 26.671389047902903, 20.304359390849545, 22.250630505393154, 14.530328017826738, 6.094845181207738, 21.492606968559784, 23.55334659050523]","[{'INP': 32}, {'CONV': [64, 3]}, ({'CONV': [32, 5]}, {'CONV': [256, 3]}), ({'CONV': [64, 5]}, {'CONV': [64, 3]}, {'POOLMAX': [-1, 2]}), ({'CONV': [64, 3]}, {'CONV': [128, 3]}), ({'CONV': [64, 3]}, {'CONV': [256, 3]}, {'POOLMAX': [-1, 2]}), ({'CONV': [32, 5]}, {'CONV': [256, 3]}), ({'CONV': [32, 3]}, {'CONV': [256, 3]}, {'POOLMAX': [-1, 2]}), ({'CONV': [64, 3]}, {'CONV': [128, 5]}), ({'CONV': [64, 3]}, {'CONV': [256, 5]}, {'POOLMAX': [-1, 2]}), {'GLOBAL_AVG': None}, {'LAST_DENSE': [100, 'softmax']}]",HHSE,NSGA2,,,,,0.7095174166590807,,,,1428880384,2200484,,,,,,"[14, 26, 20, 22, 14, 6, 21, 23]",0.7288440231763061,-0.0004407041259812,0.375,0.5,0.0,0.5,0.96,0,0,0,100,0,0.0,BEST,False,False,115,True,True,GREEDY,,,GREEDY_HV
BBMTGA[M],29,30,97,96,0.97,True,True,"[14, 26, 20, 22, 14, 6, 21, 23]",[],"[14.608227031788106, 26.671389047902903, 20.304359390849545, 22.250630505393154, 14.530328017826738, 6.094845181207738, 21.492606968559784, 23.55334659050523]","[{'INP': 32}, {'CONV': [64, 3]}, ({'CONV': [32, 5]}, {'CONV': [256, 3]}), ({'CONV': [64, 5]}, {'CONV': [64, 3]}, {'POOLMAX': [-1, 2]}), ({'CONV': [64, 3]}, {'CONV': [128, 3]}), ({'CONV': [64, 3]}, {'CONV': [256, 3]}, {'POOLMAX': [-1, 2]}), ({'CONV': [32, 5]}, {'CONV': [256, 3]}), ({'CONV': [32, 3]}, {'CONV': [256, 3]}, {'POOLMAX': [-1, 2]}), ({'CONV': [64, 3]}, {'CONV': [128, 5]}), ({'CONV': [64, 3]}, {'CONV': [256, 5]}, {'POOLMAX': [-1, 2]}), {'GLOBAL_AVG': None}, {'LAST_DENSE': [100, 'softmax']}]",HHSE,NSGA2,,,,,0.7095174166590807,,,,1428880384,2200484,,,,,,"[14, 26, 20, 22, 14, 6, 21, 23]",0.7296402374241862,-2.519317597382553e-05,0.375,0.5,0.0,0.0,0.96,0,0,0,100,0,0.0,BEST,False,False,115,True,True,GREEDY,,,GREEDY_HV
BRWQG[M],29,30,98,98,0.98,True,True,"[0, 7, 4, 38, 46, 6, 22, 23]",[],"[0.43344672990700184, 7.483843333121613, 4.86611129467985, 38.567633667384364, 46.71398212157093, 6.441136036818284, 22.517997248765194, 23.358216551405707]","[{'INP': 32}, {'CONV': [64, 3]}, ({'CONV': [32, 3]}, {'CONV': [32, 3]}), ({'CONV': [32, 3]}, {'CONV': [256, 5]}, {'POOLMAX': [-1, 2]}), ({'CONV': [32, 3]}, {'CONV': [128, 3]}), ({'CONV': [128, 3]}, {'CONV': [256, 3]}, {'POOLMAX': [-1, 2]}), ({'CONV': [128, 5]}, {'CONV': [256, 3]}), ({'CONV': [32, 3]}, {'CONV': [256, 3]}, {'POOLMAX': [-1, 2]}), ({'CONV': [64, 3]}, {'CONV': [256, 3]}), ({'CONV': [64, 3]}, {'CONV': [256, 5]}, {'POOLMAX': [-1, 2]}), {'GLOBAL_AVG': None}, {'LAST_DENSE': [100, 'softmax']}]",HHSE,NSGA2,,,,,0.7135390450386148,,,,974863360,2944676,,,,,,"[0, 7, 4, 38, 46, 6, 22, 23]",0.7296738440436288,-2.260600920378497e-05,0.375,0.625,0.0,0.75,0.98,0,0,0,100,0,0.0,BEST,False,False,44,True,True,GREEDY,,,GREEDY_HV
BRWQG[M],29,30,99,98,0.99,True,True,"[0, 7, 4, 38, 46, 6, 22, 23]",[],"[0.43344672990700184, 7.483843333121613, 4.86611129467985, 38.567633667384364, 46.71398212157093, 6.441136036818284, 22.517997248765194, 23.358216551405707]","[{'INP': 32}, {'CONV': [64, 3]}, ({'CONV': [32, 3]}, {'CONV': [32, 3]}), ({'CONV': [32, 3]}, {'CONV': [256, 5]}, {'POOLMAX': [-1, 2]}), ({'CONV': [32, 3]}, {'CONV': [128, 3]}), ({'CONV': [128, 3]}, {'CONV': [256, 3]}, {'POOLMAX': [-1, 2]}), ({'CONV': [128, 5]}, {'CONV': [256, 3]}), ({'CONV': [32, 3]}, {'CONV': [256, 3]}, {'POOLMAX': [-1, 2]}), ({'CONV': [64, 3]}, {'CONV': [256, 3]}), ({'CONV': [64, 3]}, {'CONV': [256, 5]}, {'POOLMAX': [-1, 2]}), {'GLOBAL_AVG': None}, {'LAST_DENSE': [100, 'softmax']}]",HHSE,NSGA2,,,,,0.7135390450386148,,,,974863360,2944676,,,,,,"[0, 7, 4, 38, 46, 6, 22, 23]",0.7332566788872643,2.3528937538097597e-05,0.375,0.625,0.0,0.0,0.98,0,1,0,100,0,0.01,BEST,False,False,44,True,True,GREEDY,,,GREEDY_HV
BRWQG[M],29,30,100,98,1.0,True,True,"[0, 7, 4, 38, 46, 6, 22, 23]",[],"[0.43344672990700184, 7.483843333121613, 4.86611129467985, 38.567633667384364, 46.71398212157093, 6.441136036818284, 22.517997248765194, 23.358216551405707]","[{'INP': 32}, {'CONV': [64, 3]}, ({'CONV': [32, 3]}, {'CONV': [32, 3]}), ({'CONV': [32, 3]}, {'CONV': [256, 5]}, {'POOLMAX': [-1, 2]}), ({'CONV': [32, 3]}, {'CONV': [128, 3]}), ({'CONV': [128, 3]}, {'CONV': [256, 3]}, {'POOLMAX': [-1, 2]}), ({'CONV': [128, 5]}, {'CONV': [256, 3]}), ({'CONV': [32, 3]}, {'CONV': [256, 3]}, {'POOLMAX': [-1, 2]}), ({'CONV': [64, 3]}, {'CONV': [256, 3]}), ({'CONV': [64, 3]}, {'CONV': [256, 5]}, {'POOLMAX': [-1, 2]}), {'GLOBAL_AVG': None}, {'LAST_DENSE': [100, 'softmax']}]",HHSE,NSGA2,,,,,0.7135390450386148,,,,974863360,2944676,,,,,,"[0, 7, 4, 38, 46, 6, 22, 23]",0.7332911911293407,-3.952179955124535e-05,0.375,0.625,0.0,0.0,0.98,0,0,0,100,0,0.0,BEST,False,False,44,True,True,GREEDY,,,GREEDY_HV
