Execution,Generation,Crossover_type,Mutation_type,mean_accuracy,std_accuracy,mean_flops,std_flops,mean_params,std_params,HV,dHV,succ_cross,succ_mut,search_name,GOs_history,GOs_count
1,1,SBX,MNUF,0.6598541238675358,0.0207875839118422,1650517693.44,1089765283.6426172,3129395.36,1644081.4742134132,0.687765622877736,0.0,0.15,0.16,GREEDY_HV,"['SPC_MBFLIP', 'SBX_MNUF']",{'SBX_MNUF': 1}
1,2,UC,MPOLY,0.6633619975442169,0.0206844700803057,1161922716.16,820283577.4076203,2593478.56,1486310.4652417705,0.6983553018356049,0.0105896789578688,0.24,0.08,GREEDY_HV,"['SPC_MBFLIP', 'SBX_MNUF', 'UC_MPOLY']","{'SBX_MNUF': 1, 'UC_MPOLY': 1}"
1,3,SBX,MPOLY,0.6633274865945726,0.025962339259305,894903834.88,619634774.7012453,2362140.32,1470286.3472428962,0.7086751464754614,0.0103198446398564,0.05,0.12,GREEDY_HV,"['SPC_MBFLIP', 'SBX_MNUF', 'UC_MPOLY', 'SBX_MPOLY']","{'SBX_MNUF': 1, 'UC_MPOLY': 1, 'SBX_MPOLY': 1}"
1,4,SBX,MPOLY,0.6576418708723915,0.0352267208690136,765138635.52,594313968.9591322,2053784.48,1526500.8081933036,0.7203454208297555,0.0116702743542941,0.01,0.1,GREEDY_HV,"['SPC_MBFLIP', 'SBX_MNUF', 'UC_MPOLY', 'SBX_MPOLY', 'SBX_MPOLY']","{'SBX_MNUF': 1, 'UC_MPOLY': 1, 'SBX_MPOLY': 2}"
1,5,TPC,MPOLY,0.6659081683645331,0.0278536522055358,682990350.08,550506599.9688294,2007534.24,1486766.114899994,0.7259441997648985,0.005598778935143,0.1,0.055,GREEDY_HV,"['SPC_MBFLIP', 'SBX_MNUF', 'UC_MPOLY', 'SBX_MPOLY', 'SBX_MPOLY', 'TPC_MPOLY']","{'SBX_MNUF': 1, 'UC_MPOLY': 1, 'SBX_MPOLY': 2, 'TPC_MPOLY': 1}"
1,6,UC,MPOLY,0.6645184025694387,0.0325645461044033,585281761.28,490795182.6389815,1690491.04,1367564.90451478,0.7289546580560331,0.0030104582911345,0.08,0.04,GREEDY_HV,"['SPC_MBFLIP', 'SBX_MNUF', 'UC_MPOLY', 'SBX_MPOLY', 'SBX_MPOLY', 'TPC_MPOLY', 'UC_MPOLY']","{'SBX_MNUF': 1, 'UC_MPOLY': 2, 'SBX_MPOLY': 2, 'TPC_MPOLY': 1}"
1,7,SBX,MPOLY,0.6628450048519372,0.0340520143737048,464174891.52,377268820.2038096,1454160.8,1115552.604696202,0.7301624904321393,0.0012078323761062,0.0,0.09,GREEDY_HV,"['SPC_MBFLIP', 'SBX_MNUF', 'UC_MPOLY', 'SBX_MPOLY', 'SBX_MPOLY', 'TPC_MPOLY', 'UC_MPOLY', 'SBX_MPOLY']","{'SBX_MNUF': 1, 'UC_MPOLY': 2, 'SBX_MPOLY': 3, 'TPC_MPOLY': 1}"
1,8,UC,NONE,0.6553620857979979,0.0428862282598981,442593118.72,432554518.7281389,1257848.48,1135965.6479179678,0.731697670904546,0.0015351804724066,0.11,0.0,GREEDY_HV,"['SPC_MBFLIP', 'SBX_MNUF', 'UC_MPOLY', 'SBX_MPOLY', 'SBX_MPOLY', 'TPC_MPOLY', 'UC_MPOLY', 'SBX_MPOLY', 'UC_NONE']","{'SBX_MNUF': 1, 'UC_MPOLY': 2, 'SBX_MPOLY': 3, 'TPC_MPOLY': 1, 'UC_NONE': 1}"
1,9,SPC,NONE,0.6494010675020696,0.0458389795059803,378970149.12,383238103.0070027,1048956.32,1017151.5815527482,0.7323248935872364,0.0006272226826904,0.05,0.0,GREEDY_HV,"['SPC_MBFLIP', 'SBX_MNUF', 'UC_MPOLY', 'SBX_MPOLY', 'SBX_MPOLY', 'TPC_MPOLY', 'UC_MPOLY', 'SBX_MPOLY', 'UC_NONE', 'SPC_NONE']","{'SBX_MNUF': 1, 'UC_MPOLY': 2, 'SBX_MPOLY': 3, 'TPC_MPOLY': 1, 'UC_NONE': 1, 'SPC_NONE': 1}"
1,10,SPC,NONE,0.6644464874040567,0.0432210387021237,428019055.36,378870518.6672886,1343124.64,1062249.3881143688,0.7326267772951831,0.0003018837079467,0.03,0.0,GREEDY_HV,"['SPC_MBFLIP', 'SBX_MNUF', 'UC_MPOLY', 'SBX_MPOLY', 'SBX_MPOLY', 'TPC_MPOLY', 'UC_MPOLY', 'SBX_MPOLY', 'UC_NONE', 'SPC_NONE', 'SPC_NONE']","{'SBX_MNUF': 1, 'UC_MPOLY': 2, 'SBX_MPOLY': 3, 'TPC_MPOLY': 1, 'UC_NONE': 1, 'SPC_NONE': 2}"
1,11,TPC,NONE,0.6662143875254732,0.0426527789943055,397941009.92,353631396.36759955,1344435.36,1040368.0783474618,0.7335378535487049,0.0009110762535218,0.02,0.0,GREEDY_HV,"['SPC_MBFLIP', 'SBX_MNUF', 'UC_MPOLY', 'SBX_MPOLY', 'SBX_MPOLY', 'TPC_MPOLY', 'UC_MPOLY', 'SBX_MPOLY', 'UC_NONE', 'SPC_NONE', 'SPC_NONE', 'TPC_NONE']","{'SBX_MNUF': 1, 'UC_MPOLY': 2, 'SBX_MPOLY': 3, 'TPC_MPOLY': 1, 'UC_NONE': 1, 'SPC_NONE': 2, 'TPC_NONE': 1}"
1,12,UC,NONE,0.6694426225331148,0.0422258351162642,409583060.48,346952600.7440898,1428144.8,1050639.7384396235,0.7346086865925905,0.0010708330438855,0.02,0.0,GREEDY_HV,"['SPC_MBFLIP', 'SBX_MNUF', 'UC_MPOLY', 'SBX_MPOLY', 'SBX_MPOLY', 'TPC_MPOLY', 'UC_MPOLY', 'SBX_MPOLY', 'UC_NONE', 'SPC_NONE', 'SPC_NONE', 'TPC_NONE', 'UC_NONE']","{'SBX_MNUF': 1, 'UC_MPOLY': 2, 'SBX_MPOLY': 3, 'TPC_MPOLY': 1, 'UC_NONE': 2, 'SPC_NONE': 2, 'TPC_NONE': 1}"
1,13,TPC,MPOLY,0.6739328019281843,0.0392964076727797,426844170.24,359008686.18026346,1504372.64,1054621.4538280885,0.7349984382800516,0.0003897516874611,0.07,0.01,GREEDY_HV,"['SPC_MBFLIP', 'SBX_MNUF', 'UC_MPOLY', 'SBX_MPOLY', 'SBX_MPOLY', 'TPC_MPOLY', 'UC_MPOLY', 'SBX_MPOLY', 'UC_NONE', 'SPC_NONE', 'SPC_NONE', 'TPC_NONE', 'UC_NONE', 'TPC_MPOLY']","{'SBX_MNUF': 1, 'UC_MPOLY': 2, 'SBX_MPOLY': 3, 'TPC_MPOLY': 2, 'UC_NONE': 2, 'SPC_NONE': 2, 'TPC_NONE': 1}"
1,14,SPC,NONE,0.6781578323279718,0.0335925621024647,439067813.12,380179513.54896593,1548421.28,1070985.789900707,0.7356073823514755,0.0006089440714238,0.03,0.0,GREEDY_HV,"['SPC_MBFLIP', 'SBX_MNUF', 'UC_MPOLY', 'SBX_MPOLY', 'SBX_MPOLY', 'TPC_MPOLY', 'UC_MPOLY', 'SBX_MPOLY', 'UC_NONE', 'SPC_NONE', 'SPC_NONE', 'TPC_NONE', 'UC_NONE', 'TPC_MPOLY', 'SPC_NONE']","{'SBX_MNUF': 1, 'UC_MPOLY': 2, 'SBX_MPOLY': 3, 'TPC_MPOLY': 2, 'UC_NONE': 2, 'SPC_NONE': 3, 'TPC_NONE': 1}"
1,15,UC,NONE,0.6816332061008964,0.0337582134279433,470910222.08,399658176.3680106,1621748.64,1045544.332644958,0.7357862702750613,0.0001788879235857,0.03,0.0,GREEDY_HV,"['SPC_MBFLIP', 'SBX_MNUF', 'UC_MPOLY', 'SBX_MPOLY', 'SBX_MPOLY', 'TPC_MPOLY', 'UC_MPOLY', 'SBX_MPOLY', 'UC_NONE', 'SPC_NONE', 'SPC_NONE', 'TPC_NONE', 'UC_NONE', 'TPC_MPOLY', 'SPC_NONE', 'UC_NONE']","{'SBX_MNUF': 1, 'UC_MPOLY': 2, 'SBX_MPOLY': 3, 'TPC_MPOLY': 2, 'UC_NONE': 3, 'SPC_NONE': 3, 'TPC_NONE': 1}"
1,16,UC,NONE,0.6788335258791727,0.0332534567361244,387914986.24,321421816.1890792,1452812.96,974063.2381430884,0.7359036244717818,0.0001173541967205,0.0,0.0,GREEDY_HV,"['SPC_MBFLIP', 'SBX_MNUF', 'UC_MPOLY', 'SBX_MPOLY', 'SBX_MPOLY', 'TPC_MPOLY', 'UC_MPOLY', 'SBX_MPOLY', 'UC_NONE', 'SPC_NONE', 'SPC_NONE', 'TPC_NONE', 'UC_NONE', 'TPC_MPOLY', 'SPC_NONE', 'UC_NONE', 'UC_NONE']","{'SBX_MNUF': 1, 'UC_MPOLY': 2, 'SBX_MPOLY': 3, 'TPC_MPOLY': 2, 'UC_NONE': 4, 'SPC_NONE': 3, 'TPC_NONE': 1}"
1,17,UC,NONE,0.6820901640562141,0.0341243848711665,468562164.48,383928981.8373262,1612208.8,1055721.288368706,0.7360952062171408,0.0001915817453589,0.01,0.0,GREEDY_HV,"['SPC_MBFLIP', 'SBX_MNUF', 'UC_MPOLY', 'SBX_MPOLY', 'SBX_MPOLY', 'TPC_MPOLY', 'UC_MPOLY', 'SBX_MPOLY', 'UC_NONE', 'SPC_NONE', 'SPC_NONE', 'TPC_NONE', 'UC_NONE', 'TPC_MPOLY', 'SPC_NONE', 'UC_NONE', 'UC_NONE', 'UC_NONE']","{'SBX_MNUF': 1, 'UC_MPOLY': 2, 'SBX_MPOLY': 3, 'TPC_MPOLY': 2, 'UC_NONE': 5, 'SPC_NONE': 3, 'TPC_NONE': 1}"
1,18,UC,NONE,0.6828045338470977,0.0333505172555641,470798415.36,380226674.0752727,1588780.96,1043857.9426448592,0.7373598827301591,0.0012646765130183,0.03,0.0,GREEDY_HV,"['SPC_MBFLIP', 'SBX_MNUF', 'UC_MPOLY', 'SBX_MPOLY', 'SBX_MPOLY', 'TPC_MPOLY', 'UC_MPOLY', 'SBX_MPOLY', 'UC_NONE', 'SPC_NONE', 'SPC_NONE', 'TPC_NONE', 'UC_NONE', 'TPC_MPOLY', 'SPC_NONE', 'UC_NONE', 'UC_NONE', 'UC_NONE', 'UC_NONE']","{'SBX_MNUF': 1, 'UC_MPOLY': 2, 'SBX_MPOLY': 3, 'TPC_MPOLY': 2, 'UC_NONE': 6, 'SPC_NONE': 3, 'TPC_NONE': 1}"
1,19,SPC,NONE,0.6844130569740156,0.0348244771997028,532326192.64,415033011.4191719,1672842.4,1066411.5349365647,0.738155672209016,0.0007957894788569,0.0,0.0,GREEDY_HV,"['SPC_MBFLIP', 'SBX_MNUF', 'UC_MPOLY', 'SBX_MPOLY', 'SBX_MPOLY', 'TPC_MPOLY', 'UC_MPOLY', 'SBX_MPOLY', 'UC_NONE', 'SPC_NONE', 'SPC_NONE', 'TPC_NONE', 'UC_NONE', 'TPC_MPOLY', 'SPC_NONE', 'UC_NONE', 'UC_NONE', 'UC_NONE', 'UC_NONE', 'SPC_NONE']","{'SBX_MNUF': 1, 'UC_MPOLY': 2, 'SBX_MPOLY': 3, 'TPC_MPOLY': 2, 'UC_NONE': 6, 'SPC_NONE': 4, 'TPC_NONE': 1}"
1,20,TPC,NONE,0.6851547806606587,0.0340545657166922,518464335.36,393165150.2656064,1689222.56,1057126.477625609,0.738237175487074,8.150327805800384e-05,0.0,0.0,GREEDY_HV,"['SPC_MBFLIP', 'SBX_MNUF', 'UC_MPOLY', 'SBX_MPOLY', 'SBX_MPOLY', 'TPC_MPOLY', 'UC_MPOLY', 'SBX_MPOLY', 'UC_NONE', 'SPC_NONE', 'SPC_NONE', 'TPC_NONE', 'UC_NONE', 'TPC_MPOLY', 'SPC_NONE', 'UC_NONE', 'UC_NONE', 'UC_NONE', 'UC_NONE', 'SPC_NONE', 'TPC_NONE']","{'SBX_MNUF': 1, 'UC_MPOLY': 2, 'SBX_MPOLY': 3, 'TPC_MPOLY': 2, 'UC_NONE': 6, 'SPC_NONE': 4, 'TPC_NONE': 2}"
1,21,UC,NONE,0.682537410248907,0.0356418834664032,477330933.76,371865011.3194853,1600322.72,1005512.0476685904,0.7389875240051916,0.0007503485181176,0.01,0.0,GREEDY_HV,"['SPC_MBFLIP', 'SBX_MNUF', 'UC_MPOLY', 'SBX_MPOLY', 'SBX_MPOLY', 'TPC_MPOLY', 'UC_MPOLY', 'SBX_MPOLY', 'UC_NONE', 'SPC_NONE', 'SPC_NONE', 'TPC_NONE', 'UC_NONE', 'TPC_MPOLY', 'SPC_NONE', 'UC_NONE', 'UC_NONE', 'UC_NONE', 'UC_NONE', 'SPC_NONE', 'TPC_NONE', 'UC_NONE']","{'SBX_MNUF': 1, 'UC_MPOLY': 2, 'SBX_MPOLY': 3, 'TPC_MPOLY': 2, 'UC_NONE': 7, 'SPC_NONE': 4, 'TPC_NONE': 2}"
1,22,TPC,NONE,0.6828260624628476,0.0353093798453215,504619279.36,400914585.2019056,1554018.72,980403.260745435,0.7390461190159475,5.85950107558908e-05,0.01,0.0,GREEDY_HV,"['SPC_MBFLIP', 'SBX_MNUF', 'UC_MPOLY', 'SBX_MPOLY', 'SBX_MPOLY', 'TPC_MPOLY', 'UC_MPOLY', 'SBX_MPOLY', 'UC_NONE', 'SPC_NONE', 'SPC_NONE', 'TPC_NONE', 'UC_NONE', 'TPC_MPOLY', 'SPC_NONE', 'UC_NONE', 'UC_NONE', 'UC_NONE', 'UC_NONE', 'SPC_NONE', 'TPC_NONE', 'UC_NONE', 'TPC_NONE']","{'SBX_MNUF': 1, 'UC_MPOLY': 2, 'SBX_MPOLY': 3, 'TPC_MPOLY': 2, 'UC_NONE': 7, 'SPC_NONE': 4, 'TPC_NONE': 3}"
1,23,TPC,NONE,0.6821585813356685,0.0356566039293491,493842008.32,379998935.57163405,1540919.2,1005884.9381387518,0.7391803710268761,0.0001342520109285,0.01,0.0,GREEDY_HV,"['SPC_MBFLIP', 'SBX_MNUF', 'UC_MPOLY', 'SBX_MPOLY', 'SBX_MPOLY', 'TPC_MPOLY', 'UC_MPOLY', 'SBX_MPOLY', 'UC_NONE', 'SPC_NONE', 'SPC_NONE', 'TPC_NONE', 'UC_NONE', 'TPC_MPOLY', 'SPC_NONE', 'UC_NONE', 'UC_NONE', 'UC_NONE', 'UC_NONE', 'SPC_NONE', 'TPC_NONE', 'UC_NONE', 'TPC_NONE', 'TPC_NONE']","{'SBX_MNUF': 1, 'UC_MPOLY': 2, 'SBX_MPOLY': 3, 'TPC_MPOLY': 2, 'UC_NONE': 7, 'SPC_NONE': 4, 'TPC_NONE': 4}"
1,24,TPC,NONE,0.6810887874012153,0.0358698371026511,459873009.92,359534224.1930748,1453999.52,980899.1179569536,0.7392696304144063,8.925938753023832e-05,0.03,0.0,GREEDY_HV,"['SPC_MBFLIP', 'SBX_MNUF', 'UC_MPOLY', 'SBX_MPOLY', 'SBX_MPOLY', 'TPC_MPOLY', 'UC_MPOLY', 'SBX_MPOLY', 'UC_NONE', 'SPC_NONE', 'SPC_NONE', 'TPC_NONE', 'UC_NONE', 'TPC_MPOLY', 'SPC_NONE', 'UC_NONE', 'UC_NONE', 'UC_NONE', 'UC_NONE', 'SPC_NONE', 'TPC_NONE', 'UC_NONE', 'TPC_NONE', 'TPC_NONE', 'TPC_NONE']","{'SBX_MNUF': 1, 'UC_MPOLY': 2, 'SBX_MPOLY': 3, 'TPC_MPOLY': 2, 'UC_NONE': 7, 'SPC_NONE': 4, 'TPC_NONE': 5}"
1,25,UC,NONE,0.6844658342238878,0.0342073567189297,485542279.68,371539981.593561,1544627.36,998872.7560561808,0.7393292851496114,5.9654735205083576e-05,0.03,0.0,GREEDY_HV,"['SPC_MBFLIP', 'SBX_MNUF', 'UC_MPOLY', 'SBX_MPOLY', 'SBX_MPOLY', 'TPC_MPOLY', 'UC_MPOLY', 'SBX_MPOLY', 'UC_NONE', 'SPC_NONE', 'SPC_NONE', 'TPC_NONE', 'UC_NONE', 'TPC_MPOLY', 'SPC_NONE', 'UC_NONE', 'UC_NONE', 'UC_NONE', 'UC_NONE', 'SPC_NONE', 'TPC_NONE', 'UC_NONE', 'TPC_NONE', 'TPC_NONE', 'TPC_NONE', 'UC_NONE']","{'SBX_MNUF': 1, 'UC_MPOLY': 2, 'SBX_MPOLY': 3, 'TPC_MPOLY': 2, 'UC_NONE': 8, 'SPC_NONE': 4, 'TPC_NONE': 5}"
1,26,UC,NONE,0.681794670681644,0.0380742067889686,484401447.68,365810725.6223233,1515417.76,1023300.7256667914,0.7393660425519971,3.675740238573422e-05,0.01,0.0,GREEDY_HV,"['SPC_MBFLIP', 'SBX_MNUF', 'UC_MPOLY', 'SBX_MPOLY', 'SBX_MPOLY', 'TPC_MPOLY', 'UC_MPOLY', 'SBX_MPOLY', 'UC_NONE', 'SPC_NONE', 'SPC_NONE', 'TPC_NONE', 'UC_NONE', 'TPC_MPOLY', 'SPC_NONE', 'UC_NONE', 'UC_NONE', 'UC_NONE', 'UC_NONE', 'SPC_NONE', 'TPC_NONE', 'UC_NONE', 'TPC_NONE', 'TPC_NONE', 'TPC_NONE', 'UC_NONE', 'UC_NONE']","{'SBX_MNUF': 1, 'UC_MPOLY': 2, 'SBX_MPOLY': 3, 'TPC_MPOLY': 2, 'UC_NONE': 9, 'SPC_NONE': 4, 'TPC_NONE': 5}"
1,27,SPC,MPOLY,0.6817975080099796,0.0371333555853697,473247911.68,359107575.6822439,1494987.68,1007364.87434775,0.7393827411663565,1.669861435937836e-05,0.01,0.005,GREEDY_HV,"['SPC_MBFLIP', 'SBX_MNUF', 'UC_MPOLY', 'SBX_MPOLY', 'SBX_MPOLY', 'TPC_MPOLY', 'UC_MPOLY', 'SBX_MPOLY', 'UC_NONE', 'SPC_NONE', 'SPC_NONE', 'TPC_NONE', 'UC_NONE', 'TPC_MPOLY', 'SPC_NONE', 'UC_NONE', 'UC_NONE', 'UC_NONE', 'UC_NONE', 'SPC_NONE', 'TPC_NONE', 'UC_NONE', 'TPC_NONE', 'TPC_NONE', 'TPC_NONE', 'UC_NONE', 'UC_NONE', 'SPC_MPOLY']","{'SBX_MNUF': 1, 'UC_MPOLY': 2, 'SBX_MPOLY': 3, 'TPC_MPOLY': 2, 'UC_NONE': 9, 'SPC_NONE': 4, 'TPC_NONE': 5, 'SPC_MPOLY': 1}"
1,28,SPC,NONE,0.6815440198162509,0.0374745234593904,438870021.12,340837616.9357078,1533262.24,1040164.4552693876,0.7394352730241032,5.2531857746673793e-05,0.01,0.0,GREEDY_HV,"['SPC_MBFLIP', 'SBX_MNUF', 'UC_MPOLY', 'SBX_MPOLY', 'SBX_MPOLY', 'TPC_MPOLY', 'UC_MPOLY', 'SBX_MPOLY', 'UC_NONE', 'SPC_NONE', 'SPC_NONE', 'TPC_NONE', 'UC_NONE', 'TPC_MPOLY', 'SPC_NONE', 'UC_NONE', 'UC_NONE', 'UC_NONE', 'UC_NONE', 'SPC_NONE', 'TPC_NONE', 'UC_NONE', 'TPC_NONE', 'TPC_NONE', 'TPC_NONE', 'UC_NONE', 'UC_NONE', 'SPC_MPOLY', 'SPC_NONE']","{'SBX_MNUF': 1, 'UC_MPOLY': 2, 'SBX_MPOLY': 3, 'TPC_MPOLY': 2, 'UC_NONE': 9, 'SPC_NONE': 5, 'TPC_NONE': 5, 'SPC_MPOLY': 1}"
1,29,SPC,MPOLY,0.6813444067418627,0.0373545444268851,431791349.76,342612592.2171137,1522273.44,1025477.2097744964,0.7394060528511184,-2.9220172984789627e-05,0.0,0.0,GREEDY_HV,"['SPC_MBFLIP', 'SBX_MNUF', 'UC_MPOLY', 'SBX_MPOLY', 'SBX_MPOLY', 'TPC_MPOLY', 'UC_MPOLY', 'SBX_MPOLY', 'UC_NONE', 'SPC_NONE', 'SPC_NONE', 'TPC_NONE', 'UC_NONE', 'TPC_MPOLY', 'SPC_NONE', 'UC_NONE', 'UC_NONE', 'UC_NONE', 'UC_NONE', 'SPC_NONE', 'TPC_NONE', 'UC_NONE', 'TPC_NONE', 'TPC_NONE', 'TPC_NONE', 'UC_NONE', 'UC_NONE', 'SPC_MPOLY', 'SPC_NONE', 'SPC_MPOLY']","{'SBX_MNUF': 1, 'UC_MPOLY': 2, 'SBX_MPOLY': 3, 'TPC_MPOLY': 2, 'UC_NONE': 9, 'SPC_NONE': 5, 'TPC_NONE': 5, 'SPC_MPOLY': 2}"
1,30,UC,NONE,0.6811765110430366,0.0382806377139613,448273674.24,350477415.9557604,1548929.44,1066197.6846122327,0.7394480381374793,4.19852863609016e-05,0.0,0.0,GREEDY_HV,"['SPC_MBFLIP', 'SBX_MNUF', 'UC_MPOLY', 'SBX_MPOLY', 'SBX_MPOLY', 'TPC_MPOLY', 'UC_MPOLY', 'SBX_MPOLY', 'UC_NONE', 'SPC_NONE', 'SPC_NONE', 'TPC_NONE', 'UC_NONE', 'TPC_MPOLY', 'SPC_NONE', 'UC_NONE', 'UC_NONE', 'UC_NONE', 'UC_NONE', 'SPC_NONE', 'TPC_NONE', 'UC_NONE', 'TPC_NONE', 'TPC_NONE', 'TPC_NONE', 'UC_NONE', 'UC_NONE', 'SPC_MPOLY', 'SPC_NONE', 'SPC_MPOLY', 'UC_NONE']","{'SBX_MNUF': 1, 'UC_MPOLY': 2, 'SBX_MPOLY': 3, 'TPC_MPOLY': 2, 'UC_NONE': 10, 'SPC_NONE': 5, 'TPC_NONE': 5, 'SPC_MPOLY': 2}"
1,31,UC,NONE,0.6821351989585998,0.0377722183748192,445245153.28,340099752.7560202,1501698.72,1020887.6915003542,0.7394655501507013,1.7512013221976375e-05,0.01,0.0,GREEDY_HV,"['SPC_MBFLIP', 'SBX_MNUF', 'UC_MPOLY', 'SBX_MPOLY', 'SBX_MPOLY', 'TPC_MPOLY', 'UC_MPOLY', 'SBX_MPOLY', 'UC_NONE', 'SPC_NONE', 'SPC_NONE', 'TPC_NONE', 'UC_NONE', 'TPC_MPOLY', 'SPC_NONE', 'UC_NONE', 'UC_NONE', 'UC_NONE', 'UC_NONE', 'SPC_NONE', 'TPC_NONE', 'UC_NONE', 'TPC_NONE', 'TPC_NONE', 'TPC_NONE', 'UC_NONE', 'UC_NONE', 'SPC_MPOLY', 'SPC_NONE', 'SPC_MPOLY', 'UC_NONE', 'UC_NONE']","{'SBX_MNUF': 1, 'UC_MPOLY': 2, 'SBX_MPOLY': 3, 'TPC_MPOLY': 2, 'UC_NONE': 11, 'SPC_NONE': 5, 'TPC_NONE': 5, 'SPC_MPOLY': 2}"
1,32,TPC,NONE,0.6818053642976907,0.0382384441277948,463877657.6,353445813.2843495,1541602.72,1045839.480827054,0.7394784952905942,1.2945139892917013e-05,0.01,0.0,GREEDY_HV,"['SPC_MBFLIP', 'SBX_MNUF', 'UC_MPOLY', 'SBX_MPOLY', 'SBX_MPOLY', 'TPC_MPOLY', 'UC_MPOLY', 'SBX_MPOLY', 'UC_NONE', 'SPC_NONE', 'SPC_NONE', 'TPC_NONE', 'UC_NONE', 'TPC_MPOLY', 'SPC_NONE', 'UC_NONE', 'UC_NONE', 'UC_NONE', 'UC_NONE', 'SPC_NONE', 'TPC_NONE', 'UC_NONE', 'TPC_NONE', 'TPC_NONE', 'TPC_NONE', 'UC_NONE', 'UC_NONE', 'SPC_MPOLY', 'SPC_NONE', 'SPC_MPOLY', 'UC_NONE', 'UC_NONE', 'TPC_NONE']","{'SBX_MNUF': 1, 'UC_MPOLY': 2, 'SBX_MPOLY': 3, 'TPC_MPOLY': 2, 'UC_NONE': 11, 'SPC_NONE': 5, 'TPC_NONE': 6, 'SPC_MPOLY': 2}"
1,33,TPC,NONE,0.6822598598115133,0.0373845820950758,441645306.88,331387278.0274546,1488531.36,1008774.1972298411,0.7394858074972098,7.312206615650574e-06,0.0,0.0,GREEDY_HV,"['SPC_MBFLIP', 'SBX_MNUF', 'UC_MPOLY', 'SBX_MPOLY', 'SBX_MPOLY', 'TPC_MPOLY', 'UC_MPOLY', 'SBX_MPOLY', 'UC_NONE', 'SPC_NONE', 'SPC_NONE', 'TPC_NONE', 'UC_NONE', 'TPC_MPOLY', 'SPC_NONE', 'UC_NONE', 'UC_NONE', 'UC_NONE', 'UC_NONE', 'SPC_NONE', 'TPC_NONE', 'UC_NONE', 'TPC_NONE', 'TPC_NONE', 'TPC_NONE', 'UC_NONE', 'UC_NONE', 'SPC_MPOLY', 'SPC_NONE', 'SPC_MPOLY', 'UC_NONE', 'UC_NONE', 'TPC_NONE', 'TPC_NONE']","{'SBX_MNUF': 1, 'UC_MPOLY': 2, 'SBX_MPOLY': 3, 'TPC_MPOLY': 2, 'UC_NONE': 11, 'SPC_NONE': 5, 'TPC_NONE': 7, 'SPC_MPOLY': 2}"
1,34,TPC,NONE,0.6817586483547663,0.0380407148517168,440721310.72,331349993.8614783,1540172.96,1034612.2241673536,0.739523575440539,3.77679433292144e-05,0.0,0.0,GREEDY_HV,"['SPC_MBFLIP', 'SBX_MNUF', 'UC_MPOLY', 'SBX_MPOLY', 'SBX_MPOLY', 'TPC_MPOLY', 'UC_MPOLY', 'SBX_MPOLY', 'UC_NONE', 'SPC_NONE', 'SPC_NONE', 'TPC_NONE', 'UC_NONE', 'TPC_MPOLY', 'SPC_NONE', 'UC_NONE', 'UC_NONE', 'UC_NONE', 'UC_NONE', 'SPC_NONE', 'TPC_NONE', 'UC_NONE', 'TPC_NONE', 'TPC_NONE', 'TPC_NONE', 'UC_NONE', 'UC_NONE', 'SPC_MPOLY', 'SPC_NONE', 'SPC_MPOLY', 'UC_NONE', 'UC_NONE', 'TPC_NONE', 'TPC_NONE', 'TPC_NONE']","{'SBX_MNUF': 1, 'UC_MPOLY': 2, 'SBX_MPOLY': 3, 'TPC_MPOLY': 2, 'UC_NONE': 11, 'SPC_NONE': 5, 'TPC_NONE': 8, 'SPC_MPOLY': 2}"
1,35,SBX,NONE,0.6781212504475433,0.0374236427608134,509650759.68,1132594547.5483377,1415238.56,1208901.482303668,0.7396353963401656,0.0001118208996265,0.0,0.0,GREEDY_HV,"['SPC_MBFLIP', 'SBX_MNUF', 'UC_MPOLY', 'SBX_MPOLY', 'SBX_MPOLY', 'TPC_MPOLY', 'UC_MPOLY', 'SBX_MPOLY', 'UC_NONE', 'SPC_NONE', 'SPC_NONE', 'TPC_NONE', 'UC_NONE', 'TPC_MPOLY', 'SPC_NONE', 'UC_NONE', 'UC_NONE', 'UC_NONE', 'UC_NONE', 'SPC_NONE', 'TPC_NONE', 'UC_NONE', 'TPC_NONE', 'TPC_NONE', 'TPC_NONE', 'UC_NONE', 'UC_NONE', 'SPC_MPOLY', 'SPC_NONE', 'SPC_MPOLY', 'UC_NONE', 'UC_NONE', 'TPC_NONE', 'TPC_NONE', 'TPC_NONE', 'SBX_NONE']","{'SBX_MNUF': 1, 'UC_MPOLY': 2, 'SBX_MPOLY': 3, 'TPC_MPOLY': 2, 'UC_NONE': 11, 'SPC_NONE': 5, 'TPC_NONE': 8, 'SPC_MPOLY': 2, 'SBX_NONE': 1}"
1,36,SPC,NONE,0.6783851891370932,0.03752565744302,607927357.44,1558856102.462578,1491077.28,1392868.4588045063,0.7396417746162923,6.378276126706162e-06,0.0,0.0,GREEDY_HV,"['SPC_MBFLIP', 'SBX_MNUF', 'UC_MPOLY', 'SBX_MPOLY', 'SBX_MPOLY', 'TPC_MPOLY', 'UC_MPOLY', 'SBX_MPOLY', 'UC_NONE', 'SPC_NONE', 'SPC_NONE', 'TPC_NONE', 'UC_NONE', 'TPC_MPOLY', 'SPC_NONE', 'UC_NONE', 'UC_NONE', 'UC_NONE', 'UC_NONE', 'SPC_NONE', 'TPC_NONE', 'UC_NONE', 'TPC_NONE', 'TPC_NONE', 'TPC_NONE', 'UC_NONE', 'UC_NONE', 'SPC_MPOLY', 'SPC_NONE', 'SPC_MPOLY', 'UC_NONE', 'UC_NONE', 'TPC_NONE', 'TPC_NONE', 'TPC_NONE', 'SBX_NONE', 'SPC_NONE']","{'SBX_MNUF': 1, 'UC_MPOLY': 2, 'SBX_MPOLY': 3, 'TPC_MPOLY': 2, 'UC_NONE': 11, 'SPC_NONE': 6, 'TPC_NONE': 8, 'SPC_MPOLY': 2, 'SBX_NONE': 1}"
1,37,SBX,MPOLY,0.6774135358141326,0.0380438602007712,601979605.76,1558607970.1970327,1478512.8,1401027.6370991117,0.7396787248010228,3.695018473048872e-05,0.0,0.045,GREEDY_HV,"['SPC_MBFLIP', 'SBX_MNUF', 'UC_MPOLY', 'SBX_MPOLY', 'SBX_MPOLY', 'TPC_MPOLY', 'UC_MPOLY', 'SBX_MPOLY', 'UC_NONE', 'SPC_NONE', 'SPC_NONE', 'TPC_NONE', 'UC_NONE', 'TPC_MPOLY', 'SPC_NONE', 'UC_NONE', 'UC_NONE', 'UC_NONE', 'UC_NONE', 'SPC_NONE', 'TPC_NONE', 'UC_NONE', 'TPC_NONE', 'TPC_NONE', 'TPC_NONE', 'UC_NONE', 'UC_NONE', 'SPC_MPOLY', 'SPC_NONE', 'SPC_MPOLY', 'UC_NONE', 'UC_NONE', 'TPC_NONE', 'TPC_NONE', 'TPC_NONE', 'SBX_NONE', 'SPC_NONE', 'SBX_MPOLY']","{'SBX_MNUF': 1, 'UC_MPOLY': 2, 'SBX_MPOLY': 4, 'TPC_MPOLY': 2, 'UC_NONE': 11, 'SPC_NONE': 6, 'TPC_NONE': 8, 'SPC_MPOLY': 2, 'SBX_NONE': 1}"
1,38,SPC,NONE,0.6753588283533793,0.0402958454403922,612078586.88,1559715554.7510438,1469195.68,1422234.143358813,0.7397311662691406,5.244146811778094e-05,0.0,0.0,GREEDY_HV,"['SPC_MBFLIP', 'SBX_MNUF', 'UC_MPOLY', 'SBX_MPOLY', 'SBX_MPOLY', 'TPC_MPOLY', 'UC_MPOLY', 'SBX_MPOLY', 'UC_NONE', 'SPC_NONE', 'SPC_NONE', 'TPC_NONE', 'UC_NONE', 'TPC_MPOLY', 'SPC_NONE', 'UC_NONE', 'UC_NONE', 'UC_NONE', 'UC_NONE', 'SPC_NONE', 'TPC_NONE', 'UC_NONE', 'TPC_NONE', 'TPC_NONE', 'TPC_NONE', 'UC_NONE', 'UC_NONE', 'SPC_MPOLY', 'SPC_NONE', 'SPC_MPOLY', 'UC_NONE', 'UC_NONE', 'TPC_NONE', 'TPC_NONE', 'TPC_NONE', 'SBX_NONE', 'SPC_NONE', 'SBX_MPOLY', 'SPC_NONE']","{'SBX_MNUF': 1, 'UC_MPOLY': 2, 'SBX_MPOLY': 4, 'TPC_MPOLY': 2, 'UC_NONE': 11, 'SPC_NONE': 7, 'TPC_NONE': 8, 'SPC_MPOLY': 2, 'SBX_NONE': 1}"
1,39,UC,NONE,0.6789206449530966,0.0364185558244129,613439979.52,1558154412.820546,1497003.68,1415171.7108860174,0.7397366881023789,5.521833238320006e-06,0.01,0.0,GREEDY_HV,"['SPC_MBFLIP', 'SBX_MNUF', 'UC_MPOLY', 'SBX_MPOLY', 'SBX_MPOLY', 'TPC_MPOLY', 'UC_MPOLY', 'SBX_MPOLY', 'UC_NONE', 'SPC_NONE', 'SPC_NONE', 'TPC_NONE', 'UC_NONE', 'TPC_MPOLY', 'SPC_NONE', 'UC_NONE', 'UC_NONE', 'UC_NONE', 'UC_NONE', 'SPC_NONE', 'TPC_NONE', 'UC_NONE', 'TPC_NONE', 'TPC_NONE', 'TPC_NONE', 'UC_NONE', 'UC_NONE', 'SPC_MPOLY', 'SPC_NONE', 'SPC_MPOLY', 'UC_NONE', 'UC_NONE', 'TPC_NONE', 'TPC_NONE', 'TPC_NONE', 'SBX_NONE', 'SPC_NONE', 'SBX_MPOLY', 'SPC_NONE', 'UC_NONE']","{'SBX_MNUF': 1, 'UC_MPOLY': 2, 'SBX_MPOLY': 4, 'TPC_MPOLY': 2, 'UC_NONE': 12, 'SPC_NONE': 7, 'TPC_NONE': 8, 'SPC_MPOLY': 2, 'SBX_NONE': 1}"
1,40,UC,NONE,0.6781021808301554,0.0375282560793517,612523194.88,1559236811.289919,1503618.72,1416676.8478057235,0.7396876418405665,-4.904626181245764e-05,0.0,0.0,GREEDY_HV,"['SPC_MBFLIP', 'SBX_MNUF', 'UC_MPOLY', 'SBX_MPOLY', 'SBX_MPOLY', 'TPC_MPOLY', 'UC_MPOLY', 'SBX_MPOLY', 'UC_NONE', 'SPC_NONE', 'SPC_NONE', 'TPC_NONE', 'UC_NONE', 'TPC_MPOLY', 'SPC_NONE', 'UC_NONE', 'UC_NONE', 'UC_NONE', 'UC_NONE', 'SPC_NONE', 'TPC_NONE', 'UC_NONE', 'TPC_NONE', 'TPC_NONE', 'TPC_NONE', 'UC_NONE', 'UC_NONE', 'SPC_MPOLY', 'SPC_NONE', 'SPC_MPOLY', 'UC_NONE', 'UC_NONE', 'TPC_NONE', 'TPC_NONE', 'TPC_NONE', 'SBX_NONE', 'SPC_NONE', 'SBX_MPOLY', 'SPC_NONE', 'UC_NONE', 'UC_NONE']","{'SBX_MNUF': 1, 'UC_MPOLY': 2, 'SBX_MPOLY': 4, 'TPC_MPOLY': 2, 'UC_NONE': 13, 'SPC_NONE': 7, 'TPC_NONE': 8, 'SPC_MPOLY': 2, 'SBX_NONE': 1}"
1,41,UC,NONE,0.6797133444570107,0.0379785295897042,483001594.88,772356978.248778,1513307.04,1172201.3726934283,0.7407086936954713,0.0010210518549048,0.01,0.0,GREEDY_HV,"['SPC_MBFLIP', 'SBX_MNUF', 'UC_MPOLY', 'SBX_MPOLY', 'SBX_MPOLY', 'TPC_MPOLY', 'UC_MPOLY', 'SBX_MPOLY', 'UC_NONE', 'SPC_NONE', 'SPC_NONE', 'TPC_NONE', 'UC_NONE', 'TPC_MPOLY', 'SPC_NONE', 'UC_NONE', 'UC_NONE', 'UC_NONE', 'UC_NONE', 'SPC_NONE', 'TPC_NONE', 'UC_NONE', 'TPC_NONE', 'TPC_NONE', 'TPC_NONE', 'UC_NONE', 'UC_NONE', 'SPC_MPOLY', 'SPC_NONE', 'SPC_MPOLY', 'UC_NONE', 'UC_NONE', 'TPC_NONE', 'TPC_NONE', 'TPC_NONE', 'SBX_NONE', 'SPC_NONE', 'SBX_MPOLY', 'SPC_NONE', 'UC_NONE', 'UC_NONE', 'UC_NONE']","{'SBX_MNUF': 1, 'UC_MPOLY': 2, 'SBX_MPOLY': 4, 'TPC_MPOLY': 2, 'UC_NONE': 14, 'SPC_NONE': 7, 'TPC_NONE': 8, 'SPC_MPOLY': 2, 'SBX_NONE': 1}"
1,42,TPC,NONE,0.6774211630824873,0.0378954030629879,600299110.4,1247366987.5056374,1502555.04,1349998.0195945324,0.7407051061700572,-3.587525414072701e-06,0.0,0.0,GREEDY_HV,"['SPC_MBFLIP', 'SBX_MNUF', 'UC_MPOLY', 'SBX_MPOLY', 'SBX_MPOLY', 'TPC_MPOLY', 'UC_MPOLY', 'SBX_MPOLY', 'UC_NONE', 'SPC_NONE', 'SPC_NONE', 'TPC_NONE', 'UC_NONE', 'TPC_MPOLY', 'SPC_NONE', 'UC_NONE', 'UC_NONE', 'UC_NONE', 'UC_NONE', 'SPC_NONE', 'TPC_NONE', 'UC_NONE', 'TPC_NONE', 'TPC_NONE', 'TPC_NONE', 'UC_NONE', 'UC_NONE', 'SPC_MPOLY', 'SPC_NONE', 'SPC_MPOLY', 'UC_NONE', 'UC_NONE', 'TPC_NONE', 'TPC_NONE', 'TPC_NONE', 'SBX_NONE', 'SPC_NONE', 'SBX_MPOLY', 'SPC_NONE', 'UC_NONE', 'UC_NONE', 'UC_NONE', 'TPC_NONE']","{'SBX_MNUF': 1, 'UC_MPOLY': 2, 'SBX_MPOLY': 4, 'TPC_MPOLY': 2, 'UC_NONE': 14, 'SPC_NONE': 7, 'TPC_NONE': 9, 'SPC_MPOLY': 2, 'SBX_NONE': 1}"
1,43,SPC,NONE,0.6769029611780746,0.0376751381395656,581174860.8,1157676384.0308688,1438615.2,1309911.6237826732,0.7408293315384624,0.0001242253684051,0.01,0.0,GREEDY_HV,"['SPC_MBFLIP', 'SBX_MNUF', 'UC_MPOLY', 'SBX_MPOLY', 'SBX_MPOLY', 'TPC_MPOLY', 'UC_MPOLY', 'SBX_MPOLY', 'UC_NONE', 'SPC_NONE', 'SPC_NONE', 'TPC_NONE', 'UC_NONE', 'TPC_MPOLY', 'SPC_NONE', 'UC_NONE', 'UC_NONE', 'UC_NONE', 'UC_NONE', 'SPC_NONE', 'TPC_NONE', 'UC_NONE', 'TPC_NONE', 'TPC_NONE', 'TPC_NONE', 'UC_NONE', 'UC_NONE', 'SPC_MPOLY', 'SPC_NONE', 'SPC_MPOLY', 'UC_NONE', 'UC_NONE', 'TPC_NONE', 'TPC_NONE', 'TPC_NONE', 'SBX_NONE', 'SPC_NONE', 'SBX_MPOLY', 'SPC_NONE', 'UC_NONE', 'UC_NONE', 'UC_NONE', 'TPC_NONE', 'SPC_NONE']","{'SBX_MNUF': 1, 'UC_MPOLY': 2, 'SBX_MPOLY': 4, 'TPC_MPOLY': 2, 'UC_NONE': 14, 'SPC_NONE': 8, 'TPC_NONE': 9, 'SPC_MPOLY': 2, 'SBX_NONE': 1}"
1,44,SPC,NONE,0.6762804215650646,0.0384135823168158,630886737.92,1264072677.0605392,1498487.2,1391634.0629732795,0.7408322001213098,2.868582847370682e-06,0.0,0.0,GREEDY_HV,"['SPC_MBFLIP', 'SBX_MNUF', 'UC_MPOLY', 'SBX_MPOLY', 'SBX_MPOLY', 'TPC_MPOLY', 'UC_MPOLY', 'SBX_MPOLY', 'UC_NONE', 'SPC_NONE', 'SPC_NONE', 'TPC_NONE', 'UC_NONE', 'TPC_MPOLY', 'SPC_NONE', 'UC_NONE', 'UC_NONE', 'UC_NONE', 'UC_NONE', 'SPC_NONE', 'TPC_NONE', 'UC_NONE', 'TPC_NONE', 'TPC_NONE', 'TPC_NONE', 'UC_NONE', 'UC_NONE', 'SPC_MPOLY', 'SPC_NONE', 'SPC_MPOLY', 'UC_NONE', 'UC_NONE', 'TPC_NONE', 'TPC_NONE', 'TPC_NONE', 'SBX_NONE', 'SPC_NONE', 'SBX_MPOLY', 'SPC_NONE', 'UC_NONE', 'UC_NONE', 'UC_NONE', 'TPC_NONE', 'SPC_NONE', 'SPC_NONE']","{'SBX_MNUF': 1, 'UC_MPOLY': 2, 'SBX_MPOLY': 4, 'TPC_MPOLY': 2, 'UC_NONE': 14, 'SPC_NONE': 9, 'TPC_NONE': 9, 'SPC_MPOLY': 2, 'SBX_NONE': 1}"
1,45,SPC,NONE,0.6787275495022362,0.0380964677664059,562283811.84,951480807.7918895,1524245.92,1238073.153604807,0.7413463467825763,0.0005141466612664,0.01,0.0,GREEDY_HV,"['SPC_MBFLIP', 'SBX_MNUF', 'UC_MPOLY', 'SBX_MPOLY', 'SBX_MPOLY', 'TPC_MPOLY', 'UC_MPOLY', 'SBX_MPOLY', 'UC_NONE', 'SPC_NONE', 'SPC_NONE', 'TPC_NONE', 'UC_NONE', 'TPC_MPOLY', 'SPC_NONE', 'UC_NONE', 'UC_NONE', 'UC_NONE', 'UC_NONE', 'SPC_NONE', 'TPC_NONE', 'UC_NONE', 'TPC_NONE', 'TPC_NONE', 'TPC_NONE', 'UC_NONE', 'UC_NONE', 'SPC_MPOLY', 'SPC_NONE', 'SPC_MPOLY', 'UC_NONE', 'UC_NONE', 'TPC_NONE', 'TPC_NONE', 'TPC_NONE', 'SBX_NONE', 'SPC_NONE', 'SBX_MPOLY', 'SPC_NONE', 'UC_NONE', 'UC_NONE', 'UC_NONE', 'TPC_NONE', 'SPC_NONE', 'SPC_NONE', 'SPC_NONE']","{'SBX_MNUF': 1, 'UC_MPOLY': 2, 'SBX_MPOLY': 4, 'TPC_MPOLY': 2, 'UC_NONE': 14, 'SPC_NONE': 10, 'TPC_NONE': 9, 'SPC_MPOLY': 2, 'SBX_NONE': 1}"
1,46,SPC,MPOLY,0.6782964341706875,0.038070167932975,569837992.96,956402576.4325796,1473552.8,1236486.6237006846,0.7415247891905083,0.000178442407932,0.0,0.005,GREEDY_HV,"['SPC_MBFLIP', 'SBX_MNUF', 'UC_MPOLY', 'SBX_MPOLY', 'SBX_MPOLY', 'TPC_MPOLY', 'UC_MPOLY', 'SBX_MPOLY', 'UC_NONE', 'SPC_NONE', 'SPC_NONE', 'TPC_NONE', 'UC_NONE', 'TPC_MPOLY', 'SPC_NONE', 'UC_NONE', 'UC_NONE', 'UC_NONE', 'UC_NONE', 'SPC_NONE', 'TPC_NONE', 'UC_NONE', 'TPC_NONE', 'TPC_NONE', 'TPC_NONE', 'UC_NONE', 'UC_NONE', 'SPC_MPOLY', 'SPC_NONE', 'SPC_MPOLY', 'UC_NONE', 'UC_NONE', 'TPC_NONE', 'TPC_NONE', 'TPC_NONE', 'SBX_NONE', 'SPC_NONE', 'SBX_MPOLY', 'SPC_NONE', 'UC_NONE', 'UC_NONE', 'UC_NONE', 'TPC_NONE', 'SPC_NONE', 'SPC_NONE', 'SPC_NONE', 'SPC_MPOLY']","{'SBX_MNUF': 1, 'UC_MPOLY': 2, 'SBX_MPOLY': 4, 'TPC_MPOLY': 2, 'UC_NONE': 14, 'SPC_NONE': 10, 'TPC_NONE': 9, 'SPC_MPOLY': 3, 'SBX_NONE': 1}"
1,47,SPC,NONE,0.6798959782575329,0.0387648389873338,642037934.08,1079983960.6657648,1587995.04,1290316.5228424992,0.7415910499912665,6.626080075811114e-05,0.0,0.0,GREEDY_HV,"['SPC_MBFLIP', 'SBX_MNUF', 'UC_MPOLY', 'SBX_MPOLY', 'SBX_MPOLY', 'TPC_MPOLY', 'UC_MPOLY', 'SBX_MPOLY', 'UC_NONE', 'SPC_NONE', 'SPC_NONE', 'TPC_NONE', 'UC_NONE', 'TPC_MPOLY', 'SPC_NONE', 'UC_NONE', 'UC_NONE', 'UC_NONE', 'UC_NONE', 'SPC_NONE', 'TPC_NONE', 'UC_NONE', 'TPC_NONE', 'TPC_NONE', 'TPC_NONE', 'UC_NONE', 'UC_NONE', 'SPC_MPOLY', 'SPC_NONE', 'SPC_MPOLY', 'UC_NONE', 'UC_NONE', 'TPC_NONE', 'TPC_NONE', 'TPC_NONE', 'SBX_NONE', 'SPC_NONE', 'SBX_MPOLY', 'SPC_NONE', 'UC_NONE', 'UC_NONE', 'UC_NONE', 'TPC_NONE', 'SPC_NONE', 'SPC_NONE', 'SPC_NONE', 'SPC_MPOLY', 'SPC_NONE']","{'SBX_MNUF': 1, 'UC_MPOLY': 2, 'SBX_MPOLY': 4, 'TPC_MPOLY': 2, 'UC_NONE': 14, 'SPC_NONE': 11, 'TPC_NONE': 9, 'SPC_MPOLY': 3, 'SBX_NONE': 1}"
1,48,TPC,NONE,0.6777181235452239,0.0383863968271138,623617418.24,1083943629.965268,1491801.76,1298053.3849479463,0.74157025977723,-2.0790214036447985e-05,0.0,0.0,GREEDY_HV,"['SPC_MBFLIP', 'SBX_MNUF', 'UC_MPOLY', 'SBX_MPOLY', 'SBX_MPOLY', 'TPC_MPOLY', 'UC_MPOLY', 'SBX_MPOLY', 'UC_NONE', 'SPC_NONE', 'SPC_NONE', 'TPC_NONE', 'UC_NONE', 'TPC_MPOLY', 'SPC_NONE', 'UC_NONE', 'UC_NONE', 'UC_NONE', 'UC_NONE', 'SPC_NONE', 'TPC_NONE', 'UC_NONE', 'TPC_NONE', 'TPC_NONE', 'TPC_NONE', 'UC_NONE', 'UC_NONE', 'SPC_MPOLY', 'SPC_NONE', 'SPC_MPOLY', 'UC_NONE', 'UC_NONE', 'TPC_NONE', 'TPC_NONE', 'TPC_NONE', 'SBX_NONE', 'SPC_NONE', 'SBX_MPOLY', 'SPC_NONE', 'UC_NONE', 'UC_NONE', 'UC_NONE', 'TPC_NONE', 'SPC_NONE', 'SPC_NONE', 'SPC_NONE', 'SPC_MPOLY', 'SPC_NONE', 'TPC_NONE']","{'SBX_MNUF': 1, 'UC_MPOLY': 2, 'SBX_MPOLY': 4, 'TPC_MPOLY': 2, 'UC_NONE': 14, 'SPC_NONE': 11, 'TPC_NONE': 10, 'SPC_MPOLY': 3, 'SBX_NONE': 1}"
1,49,SPC,NONE,0.6773007673638154,0.0378433960801438,504657228.8,804905795.0393516,1383983.52,1126652.999964377,0.7422184390480646,0.0006481792708346,0.0,0.0,GREEDY_HV,"['SPC_MBFLIP', 'SBX_MNUF', 'UC_MPOLY', 'SBX_MPOLY', 'SBX_MPOLY', 'TPC_MPOLY', 'UC_MPOLY', 'SBX_MPOLY', 'UC_NONE', 'SPC_NONE', 'SPC_NONE', 'TPC_NONE', 'UC_NONE', 'TPC_MPOLY', 'SPC_NONE', 'UC_NONE', 'UC_NONE', 'UC_NONE', 'UC_NONE', 'SPC_NONE', 'TPC_NONE', 'UC_NONE', 'TPC_NONE', 'TPC_NONE', 'TPC_NONE', 'UC_NONE', 'UC_NONE', 'SPC_MPOLY', 'SPC_NONE', 'SPC_MPOLY', 'UC_NONE', 'UC_NONE', 'TPC_NONE', 'TPC_NONE', 'TPC_NONE', 'SBX_NONE', 'SPC_NONE', 'SBX_MPOLY', 'SPC_NONE', 'UC_NONE', 'UC_NONE', 'UC_NONE', 'TPC_NONE', 'SPC_NONE', 'SPC_NONE', 'SPC_NONE', 'SPC_MPOLY', 'SPC_NONE', 'TPC_NONE', 'SPC_NONE']","{'SBX_MNUF': 1, 'UC_MPOLY': 2, 'SBX_MPOLY': 4, 'TPC_MPOLY': 2, 'UC_NONE': 14, 'SPC_NONE': 12, 'TPC_NONE': 10, 'SPC_MPOLY': 3, 'SBX_NONE': 1}"
1,50,SPC,NONE,0.6770553467878474,0.0377686574808886,495923640.32,797219036.3260416,1377909.92,1120393.36920401,0.7422378785282536,1.943948018900965e-05,0.0,0.0,GREEDY_HV,"['SPC_MBFLIP', 'SBX_MNUF', 'UC_MPOLY', 'SBX_MPOLY', 'SBX_MPOLY', 'TPC_MPOLY', 'UC_MPOLY', 'SBX_MPOLY', 'UC_NONE', 'SPC_NONE', 'SPC_NONE', 'TPC_NONE', 'UC_NONE', 'TPC_MPOLY', 'SPC_NONE', 'UC_NONE', 'UC_NONE', 'UC_NONE', 'UC_NONE', 'SPC_NONE', 'TPC_NONE', 'UC_NONE', 'TPC_NONE', 'TPC_NONE', 'TPC_NONE', 'UC_NONE', 'UC_NONE', 'SPC_MPOLY', 'SPC_NONE', 'SPC_MPOLY', 'UC_NONE', 'UC_NONE', 'TPC_NONE', 'TPC_NONE', 'TPC_NONE', 'SBX_NONE', 'SPC_NONE', 'SBX_MPOLY', 'SPC_NONE', 'UC_NONE', 'UC_NONE', 'UC_NONE', 'TPC_NONE', 'SPC_NONE', 'SPC_NONE', 'SPC_NONE', 'SPC_MPOLY', 'SPC_NONE', 'TPC_NONE', 'SPC_NONE', 'SPC_NONE']","{'SBX_MNUF': 1, 'UC_MPOLY': 2, 'SBX_MPOLY': 4, 'TPC_MPOLY': 2, 'UC_NONE': 14, 'SPC_NONE': 13, 'TPC_NONE': 10, 'SPC_MPOLY': 3, 'SBX_NONE': 1}"
1,51,SPC,NONE,0.678008667861887,0.0378777560543328,503983324.16,797264417.7885134,1367598.24,1105238.0637777285,0.7422617029196649,2.382439141124237e-05,0.0,0.0,GREEDY_HV,"['SPC_MBFLIP', 'SBX_MNUF', 'UC_MPOLY', 'SBX_MPOLY', 'SBX_MPOLY', 'TPC_MPOLY', 'UC_MPOLY', 'SBX_MPOLY', 'UC_NONE', 'SPC_NONE', 'SPC_NONE', 'TPC_NONE', 'UC_NONE', 'TPC_MPOLY', 'SPC_NONE', 'UC_NONE', 'UC_NONE', 'UC_NONE', 'UC_NONE', 'SPC_NONE', 'TPC_NONE', 'UC_NONE', 'TPC_NONE', 'TPC_NONE', 'TPC_NONE', 'UC_NONE', 'UC_NONE', 'SPC_MPOLY', 'SPC_NONE', 'SPC_MPOLY', 'UC_NONE', 'UC_NONE', 'TPC_NONE', 'TPC_NONE', 'TPC_NONE', 'SBX_NONE', 'SPC_NONE', 'SBX_MPOLY', 'SPC_NONE', 'UC_NONE', 'UC_NONE', 'UC_NONE', 'TPC_NONE', 'SPC_NONE', 'SPC_NONE', 'SPC_NONE', 'SPC_MPOLY', 'SPC_NONE', 'TPC_NONE', 'SPC_NONE', 'SPC_NONE', 'SPC_NONE']","{'SBX_MNUF': 1, 'UC_MPOLY': 2, 'SBX_MPOLY': 4, 'TPC_MPOLY': 2, 'UC_NONE': 14, 'SPC_NONE': 14, 'TPC_NONE': 10, 'SPC_MPOLY': 3, 'SBX_NONE': 1}"
1,52,SPC,NONE,0.6754506871905553,0.037613221180971,469524864.0,795545595.562574,1289726.88,1111729.876036884,0.7423149747431946,5.327182352976578e-05,0.0,0.0,GREEDY_HV,"['SPC_MBFLIP', 'SBX_MNUF', 'UC_MPOLY', 'SBX_MPOLY', 'SBX_MPOLY', 'TPC_MPOLY', 'UC_MPOLY', 'SBX_MPOLY', 'UC_NONE', 'SPC_NONE', 'SPC_NONE', 'TPC_NONE', 'UC_NONE', 'TPC_MPOLY', 'SPC_NONE', 'UC_NONE', 'UC_NONE', 'UC_NONE', 'UC_NONE', 'SPC_NONE', 'TPC_NONE', 'UC_NONE', 'TPC_NONE', 'TPC_NONE', 'TPC_NONE', 'UC_NONE', 'UC_NONE', 'SPC_MPOLY', 'SPC_NONE', 'SPC_MPOLY', 'UC_NONE', 'UC_NONE', 'TPC_NONE', 'TPC_NONE', 'TPC_NONE', 'SBX_NONE', 'SPC_NONE', 'SBX_MPOLY', 'SPC_NONE', 'UC_NONE', 'UC_NONE', 'UC_NONE', 'TPC_NONE', 'SPC_NONE', 'SPC_NONE', 'SPC_NONE', 'SPC_MPOLY', 'SPC_NONE', 'TPC_NONE', 'SPC_NONE', 'SPC_NONE', 'SPC_NONE', 'SPC_NONE']","{'SBX_MNUF': 1, 'UC_MPOLY': 2, 'SBX_MPOLY': 4, 'TPC_MPOLY': 2, 'UC_NONE': 14, 'SPC_NONE': 15, 'TPC_NONE': 10, 'SPC_MPOLY': 3, 'SBX_NONE': 1}"
1,53,SPC,NONE,0.676313123028981,0.0379039435693701,493155968.0,797942130.950127,1303438.24,1088251.7766926284,0.7423577163185648,4.274157537020873e-05,0.02,0.0,GREEDY_HV,"['SPC_MBFLIP', 'SBX_MNUF', 'UC_MPOLY', 'SBX_MPOLY', 'SBX_MPOLY', 'TPC_MPOLY', 'UC_MPOLY', 'SBX_MPOLY', 'UC_NONE', 'SPC_NONE', 'SPC_NONE', 'TPC_NONE', 'UC_NONE', 'TPC_MPOLY', 'SPC_NONE', 'UC_NONE', 'UC_NONE', 'UC_NONE', 'UC_NONE', 'SPC_NONE', 'TPC_NONE', 'UC_NONE', 'TPC_NONE', 'TPC_NONE', 'TPC_NONE', 'UC_NONE', 'UC_NONE', 'SPC_MPOLY', 'SPC_NONE', 'SPC_MPOLY', 'UC_NONE', 'UC_NONE', 'TPC_NONE', 'TPC_NONE', 'TPC_NONE', 'SBX_NONE', 'SPC_NONE', 'SBX_MPOLY', 'SPC_NONE', 'UC_NONE', 'UC_NONE', 'UC_NONE', 'TPC_NONE', 'SPC_NONE', 'SPC_NONE', 'SPC_NONE', 'SPC_MPOLY', 'SPC_NONE', 'TPC_NONE', 'SPC_NONE', 'SPC_NONE', 'SPC_NONE', 'SPC_NONE', 'SPC_NONE']","{'SBX_MNUF': 1, 'UC_MPOLY': 2, 'SBX_MPOLY': 4, 'TPC_MPOLY': 2, 'UC_NONE': 14, 'SPC_NONE': 16, 'TPC_NONE': 10, 'SPC_MPOLY': 3, 'SBX_NONE': 1}"
1,54,TPC,NONE,0.6769382865688977,0.0382569335516599,493930542.08,796959495.2295507,1336208.8,1088574.154594238,0.7423575506134215,-1.6570514338454245e-07,0.0,0.0,GREEDY_HV,"['SPC_MBFLIP', 'SBX_MNUF', 'UC_MPOLY', 'SBX_MPOLY', 'SBX_MPOLY', 'TPC_MPOLY', 'UC_MPOLY', 'SBX_MPOLY', 'UC_NONE', 'SPC_NONE', 'SPC_NONE', 'TPC_NONE', 'UC_NONE', 'TPC_MPOLY', 'SPC_NONE', 'UC_NONE', 'UC_NONE', 'UC_NONE', 'UC_NONE', 'SPC_NONE', 'TPC_NONE', 'UC_NONE', 'TPC_NONE', 'TPC_NONE', 'TPC_NONE', 'UC_NONE', 'UC_NONE', 'SPC_MPOLY', 'SPC_NONE', 'SPC_MPOLY', 'UC_NONE', 'UC_NONE', 'TPC_NONE', 'TPC_NONE', 'TPC_NONE', 'SBX_NONE', 'SPC_NONE', 'SBX_MPOLY', 'SPC_NONE', 'UC_NONE', 'UC_NONE', 'UC_NONE', 'TPC_NONE', 'SPC_NONE', 'SPC_NONE', 'SPC_NONE', 'SPC_MPOLY', 'SPC_NONE', 'TPC_NONE', 'SPC_NONE', 'SPC_NONE', 'SPC_NONE', 'SPC_NONE', 'SPC_NONE', 'TPC_NONE']","{'SBX_MNUF': 1, 'UC_MPOLY': 2, 'SBX_MPOLY': 4, 'TPC_MPOLY': 2, 'UC_NONE': 14, 'SPC_NONE': 16, 'TPC_NONE': 11, 'SPC_MPOLY': 3, 'SBX_NONE': 1}"
1,55,SPC,NONE,0.6774070971003138,0.0379477626189312,492529448.96,793778103.374684,1321404.32,1066899.7606051927,0.7423384592130868,-1.909140033462542e-05,0.0,0.0,GREEDY_HV,"['SPC_MBFLIP', 'SBX_MNUF', 'UC_MPOLY', 'SBX_MPOLY', 'SBX_MPOLY', 'TPC_MPOLY', 'UC_MPOLY', 'SBX_MPOLY', 'UC_NONE', 'SPC_NONE', 'SPC_NONE', 'TPC_NONE', 'UC_NONE', 'TPC_MPOLY', 'SPC_NONE', 'UC_NONE', 'UC_NONE', 'UC_NONE', 'UC_NONE', 'SPC_NONE', 'TPC_NONE', 'UC_NONE', 'TPC_NONE', 'TPC_NONE', 'TPC_NONE', 'UC_NONE', 'UC_NONE', 'SPC_MPOLY', 'SPC_NONE', 'SPC_MPOLY', 'UC_NONE', 'UC_NONE', 'TPC_NONE', 'TPC_NONE', 'TPC_NONE', 'SBX_NONE', 'SPC_NONE', 'SBX_MPOLY', 'SPC_NONE', 'UC_NONE', 'UC_NONE', 'UC_NONE', 'TPC_NONE', 'SPC_NONE', 'SPC_NONE', 'SPC_NONE', 'SPC_MPOLY', 'SPC_NONE', 'TPC_NONE', 'SPC_NONE', 'SPC_NONE', 'SPC_NONE', 'SPC_NONE', 'SPC_NONE', 'TPC_NONE', 'SPC_NONE']","{'SBX_MNUF': 1, 'UC_MPOLY': 2, 'SBX_MPOLY': 4, 'TPC_MPOLY': 2, 'UC_NONE': 14, 'SPC_NONE': 17, 'TPC_NONE': 11, 'SPC_MPOLY': 3, 'SBX_NONE': 1}"
1,56,UC,NONE,0.6771065052865868,0.0383689313204207,555780403.2,1061405580.9952444,1378561.44,1191819.1589268595,0.7430806746137649,0.000742215400678,0.0,0.0,GREEDY_HV,"['SPC_MBFLIP', 'SBX_MNUF', 'UC_MPOLY', 'SBX_MPOLY', 'SBX_MPOLY', 'TPC_MPOLY', 'UC_MPOLY', 'SBX_MPOLY', 'UC_NONE', 'SPC_NONE', 'SPC_NONE', 'TPC_NONE', 'UC_NONE', 'TPC_MPOLY', 'SPC_NONE', 'UC_NONE', 'UC_NONE', 'UC_NONE', 'UC_NONE', 'SPC_NONE', 'TPC_NONE', 'UC_NONE', 'TPC_NONE', 'TPC_NONE', 'TPC_NONE', 'UC_NONE', 'UC_NONE', 'SPC_MPOLY', 'SPC_NONE', 'SPC_MPOLY', 'UC_NONE', 'UC_NONE', 'TPC_NONE', 'TPC_NONE', 'TPC_NONE', 'SBX_NONE', 'SPC_NONE', 'SBX_MPOLY', 'SPC_NONE', 'UC_NONE', 'UC_NONE', 'UC_NONE', 'TPC_NONE', 'SPC_NONE', 'SPC_NONE', 'SPC_NONE', 'SPC_MPOLY', 'SPC_NONE', 'TPC_NONE', 'SPC_NONE', 'SPC_NONE', 'SPC_NONE', 'SPC_NONE', 'SPC_NONE', 'TPC_NONE', 'SPC_NONE', 'UC_NONE']","{'SBX_MNUF': 1, 'UC_MPOLY': 2, 'SBX_MPOLY': 4, 'TPC_MPOLY': 2, 'UC_NONE': 15, 'SPC_NONE': 17, 'TPC_NONE': 11, 'SPC_MPOLY': 3, 'SBX_NONE': 1}"
1,57,TPC,NONE,0.6778203647958676,0.038643840223902,631299066.88,1269498254.8458438,1414269.6,1256969.715123352,0.7431463592149614,6.568460119649178e-05,0.01,0.0,GREEDY_HV,"['SPC_MBFLIP', 'SBX_MNUF', 'UC_MPOLY', 'SBX_MPOLY', 'SBX_MPOLY', 'TPC_MPOLY', 'UC_MPOLY', 'SBX_MPOLY', 'UC_NONE', 'SPC_NONE', 'SPC_NONE', 'TPC_NONE', 'UC_NONE', 'TPC_MPOLY', 'SPC_NONE', 'UC_NONE', 'UC_NONE', 'UC_NONE', 'UC_NONE', 'SPC_NONE', 'TPC_NONE', 'UC_NONE', 'TPC_NONE', 'TPC_NONE', 'TPC_NONE', 'UC_NONE', 'UC_NONE', 'SPC_MPOLY', 'SPC_NONE', 'SPC_MPOLY', 'UC_NONE', 'UC_NONE', 'TPC_NONE', 'TPC_NONE', 'TPC_NONE', 'SBX_NONE', 'SPC_NONE', 'SBX_MPOLY', 'SPC_NONE', 'UC_NONE', 'UC_NONE', 'UC_NONE', 'TPC_NONE', 'SPC_NONE', 'SPC_NONE', 'SPC_NONE', 'SPC_MPOLY', 'SPC_NONE', 'TPC_NONE', 'SPC_NONE', 'SPC_NONE', 'SPC_NONE', 'SPC_NONE', 'SPC_NONE', 'TPC_NONE', 'SPC_NONE', 'UC_NONE', 'TPC_NONE']","{'SBX_MNUF': 1, 'UC_MPOLY': 2, 'SBX_MPOLY': 4, 'TPC_MPOLY': 2, 'UC_NONE': 15, 'SPC_NONE': 17, 'TPC_NONE': 12, 'SPC_MPOLY': 3, 'SBX_NONE': 1}"
1,58,SPC,NONE,0.6777023907976292,0.0387379519609406,662795996.16,1322943449.527028,1435036.32,1298552.99534923,0.7431725199646424,2.616074968098125e-05,0.0,0.0,GREEDY_HV,"['SPC_MBFLIP', 'SBX_MNUF', 'UC_MPOLY', 'SBX_MPOLY', 'SBX_MPOLY', 'TPC_MPOLY', 'UC_MPOLY', 'SBX_MPOLY', 'UC_NONE', 'SPC_NONE', 'SPC_NONE', 'TPC_NONE', 'UC_NONE', 'TPC_MPOLY', 'SPC_NONE', 'UC_NONE', 'UC_NONE', 'UC_NONE', 'UC_NONE', 'SPC_NONE', 'TPC_NONE', 'UC_NONE', 'TPC_NONE', 'TPC_NONE', 'TPC_NONE', 'UC_NONE', 'UC_NONE', 'SPC_MPOLY', 'SPC_NONE', 'SPC_MPOLY', 'UC_NONE', 'UC_NONE', 'TPC_NONE', 'TPC_NONE', 'TPC_NONE', 'SBX_NONE', 'SPC_NONE', 'SBX_MPOLY', 'SPC_NONE', 'UC_NONE', 'UC_NONE', 'UC_NONE', 'TPC_NONE', 'SPC_NONE', 'SPC_NONE', 'SPC_NONE', 'SPC_MPOLY', 'SPC_NONE', 'TPC_NONE', 'SPC_NONE', 'SPC_NONE', 'SPC_NONE', 'SPC_NONE', 'SPC_NONE', 'TPC_NONE', 'SPC_NONE', 'UC_NONE', 'TPC_NONE', 'SPC_NONE']","{'SBX_MNUF': 1, 'UC_MPOLY': 2, 'SBX_MPOLY': 4, 'TPC_MPOLY': 2, 'UC_NONE': 15, 'SPC_NONE': 18, 'TPC_NONE': 12, 'SPC_MPOLY': 3, 'SBX_NONE': 1}"
1,59,TPC,NONE,0.6777036048766857,0.0391491670418895,704909660.16,1371538047.2071135,1448658.08,1319922.3164559924,0.7431607833329691,-1.1736631673309184e-05,0.0,0.0,GREEDY_HV,"['SPC_MBFLIP', 'SBX_MNUF', 'UC_MPOLY', 'SBX_MPOLY', 'SBX_MPOLY', 'TPC_MPOLY', 'UC_MPOLY', 'SBX_MPOLY', 'UC_NONE', 'SPC_NONE', 'SPC_NONE', 'TPC_NONE', 'UC_NONE', 'TPC_MPOLY', 'SPC_NONE', 'UC_NONE', 'UC_NONE', 'UC_NONE', 'UC_NONE', 'SPC_NONE', 'TPC_NONE', 'UC_NONE', 'TPC_NONE', 'TPC_NONE', 'TPC_NONE', 'UC_NONE', 'UC_NONE', 'SPC_MPOLY', 'SPC_NONE', 'SPC_MPOLY', 'UC_NONE', 'UC_NONE', 'TPC_NONE', 'TPC_NONE', 'TPC_NONE', 'SBX_NONE', 'SPC_NONE', 'SBX_MPOLY', 'SPC_NONE', 'UC_NONE', 'UC_NONE', 'UC_NONE', 'TPC_NONE', 'SPC_NONE', 'SPC_NONE', 'SPC_NONE', 'SPC_MPOLY', 'SPC_NONE', 'TPC_NONE', 'SPC_NONE', 'SPC_NONE', 'SPC_NONE', 'SPC_NONE', 'SPC_NONE', 'TPC_NONE', 'SPC_NONE', 'UC_NONE', 'TPC_NONE', 'SPC_NONE', 'TPC_NONE']","{'SBX_MNUF': 1, 'UC_MPOLY': 2, 'SBX_MPOLY': 4, 'TPC_MPOLY': 2, 'UC_NONE': 15, 'SPC_NONE': 18, 'TPC_NONE': 13, 'SPC_MPOLY': 3, 'SBX_NONE': 1}"
1,60,UC,NONE,0.678181883570208,0.0387418249486665,618746321.92,1088575596.7111342,1429570.72,1211144.7204075828,0.7437311514310238,0.0005703680980546,0.0,0.0,GREEDY_HV,"['SPC_MBFLIP', 'SBX_MNUF', 'UC_MPOLY', 'SBX_MPOLY', 'SBX_MPOLY', 'TPC_MPOLY', 'UC_MPOLY', 'SBX_MPOLY', 'UC_NONE', 'SPC_NONE', 'SPC_NONE', 'TPC_NONE', 'UC_NONE', 'TPC_MPOLY', 'SPC_NONE', 'UC_NONE', 'UC_NONE', 'UC_NONE', 'UC_NONE', 'SPC_NONE', 'TPC_NONE', 'UC_NONE', 'TPC_NONE', 'TPC_NONE', 'TPC_NONE', 'UC_NONE', 'UC_NONE', 'SPC_MPOLY', 'SPC_NONE', 'SPC_MPOLY', 'UC_NONE', 'UC_NONE', 'TPC_NONE', 'TPC_NONE', 'TPC_NONE', 'SBX_NONE', 'SPC_NONE', 'SBX_MPOLY', 'SPC_NONE', 'UC_NONE', 'UC_NONE', 'UC_NONE', 'TPC_NONE', 'SPC_NONE', 'SPC_NONE', 'SPC_NONE', 'SPC_MPOLY', 'SPC_NONE', 'TPC_NONE', 'SPC_NONE', 'SPC_NONE', 'SPC_NONE', 'SPC_NONE', 'SPC_NONE', 'TPC_NONE', 'SPC_NONE', 'UC_NONE', 'TPC_NONE', 'SPC_NONE', 'TPC_NONE', 'UC_NONE']","{'SBX_MNUF': 1, 'UC_MPOLY': 2, 'SBX_MPOLY': 4, 'TPC_MPOLY': 2, 'UC_NONE': 16, 'SPC_NONE': 18, 'TPC_NONE': 13, 'SPC_MPOLY': 3, 'SBX_NONE': 1}"
1,61,UC,NONE,0.6777475367440801,0.0393909386150389,670386158.08,1201618398.6782503,1460946.08,1271084.5347792702,0.7436601945265567,-7.09569044670122e-05,0.0,0.0,GREEDY_HV,"['SPC_MBFLIP', 'SBX_MNUF', 'UC_MPOLY', 'SBX_MPOLY', 'SBX_MPOLY', 'TPC_MPOLY', 'UC_MPOLY', 'SBX_MPOLY', 'UC_NONE', 'SPC_NONE', 'SPC_NONE', 'TPC_NONE', 'UC_NONE', 'TPC_MPOLY', 'SPC_NONE', 'UC_NONE', 'UC_NONE', 'UC_NONE', 'UC_NONE', 'SPC_NONE', 'TPC_NONE', 'UC_NONE', 'TPC_NONE', 'TPC_NONE', 'TPC_NONE', 'UC_NONE', 'UC_NONE', 'SPC_MPOLY', 'SPC_NONE', 'SPC_MPOLY', 'UC_NONE', 'UC_NONE', 'TPC_NONE', 'TPC_NONE', 'TPC_NONE', 'SBX_NONE', 'SPC_NONE', 'SBX_MPOLY', 'SPC_NONE', 'UC_NONE', 'UC_NONE', 'UC_NONE', 'TPC_NONE', 'SPC_NONE', 'SPC_NONE', 'SPC_NONE', 'SPC_MPOLY', 'SPC_NONE', 'TPC_NONE', 'SPC_NONE', 'SPC_NONE', 'SPC_NONE', 'SPC_NONE', 'SPC_NONE', 'TPC_NONE', 'SPC_NONE', 'UC_NONE', 'TPC_NONE', 'SPC_NONE', 'TPC_NONE', 'UC_NONE', 'UC_NONE']","{'SBX_MNUF': 1, 'UC_MPOLY': 2, 'SBX_MPOLY': 4, 'TPC_MPOLY': 2, 'UC_NONE': 17, 'SPC_NONE': 18, 'TPC_NONE': 13, 'SPC_MPOLY': 3, 'SBX_NONE': 1}"
1,62,TPC,NONE,0.6780441119121224,0.0395000205401578,674343308.8,1200905529.1842926,1488272.8,1270531.9388212163,0.7436477284766188,-1.2466049937986943e-05,0.0,0.0,GREEDY_HV,"['SPC_MBFLIP', 'SBX_MNUF', 'UC_MPOLY', 'SBX_MPOLY', 'SBX_MPOLY', 'TPC_MPOLY', 'UC_MPOLY', 'SBX_MPOLY', 'UC_NONE', 'SPC_NONE', 'SPC_NONE', 'TPC_NONE', 'UC_NONE', 'TPC_MPOLY', 'SPC_NONE', 'UC_NONE', 'UC_NONE', 'UC_NONE', 'UC_NONE', 'SPC_NONE', 'TPC_NONE', 'UC_NONE', 'TPC_NONE', 'TPC_NONE', 'TPC_NONE', 'UC_NONE', 'UC_NONE', 'SPC_MPOLY', 'SPC_NONE', 'SPC_MPOLY', 'UC_NONE', 'UC_NONE', 'TPC_NONE', 'TPC_NONE', 'TPC_NONE', 'SBX_NONE', 'SPC_NONE', 'SBX_MPOLY', 'SPC_NONE', 'UC_NONE', 'UC_NONE', 'UC_NONE', 'TPC_NONE', 'SPC_NONE', 'SPC_NONE', 'SPC_NONE', 'SPC_MPOLY', 'SPC_NONE', 'TPC_NONE', 'SPC_NONE', 'SPC_NONE', 'SPC_NONE', 'SPC_NONE', 'SPC_NONE', 'TPC_NONE', 'SPC_NONE', 'UC_NONE', 'TPC_NONE', 'SPC_NONE', 'TPC_NONE', 'UC_NONE', 'UC_NONE', 'TPC_NONE']","{'SBX_MNUF': 1, 'UC_MPOLY': 2, 'SBX_MPOLY': 4, 'TPC_MPOLY': 2, 'UC_NONE': 17, 'SPC_NONE': 18, 'TPC_NONE': 14, 'SPC_MPOLY': 3, 'SBX_NONE': 1}"
1,63,TPC,NONE,0.6781917516847554,0.039855328793847,690480629.76,1200000434.634751,1473171.36,1271545.6657823306,0.7436795749317507,3.184645513198969e-05,0.0,0.0,GREEDY_HV,"['SPC_MBFLIP', 'SBX_MNUF', 'UC_MPOLY', 'SBX_MPOLY', 'SBX_MPOLY', 'TPC_MPOLY', 'UC_MPOLY', 'SBX_MPOLY', 'UC_NONE', 'SPC_NONE', 'SPC_NONE', 'TPC_NONE', 'UC_NONE', 'TPC_MPOLY', 'SPC_NONE', 'UC_NONE', 'UC_NONE', 'UC_NONE', 'UC_NONE', 'SPC_NONE', 'TPC_NONE', 'UC_NONE', 'TPC_NONE', 'TPC_NONE', 'TPC_NONE', 'UC_NONE', 'UC_NONE', 'SPC_MPOLY', 'SPC_NONE', 'SPC_MPOLY', 'UC_NONE', 'UC_NONE', 'TPC_NONE', 'TPC_NONE', 'TPC_NONE', 'SBX_NONE', 'SPC_NONE', 'SBX_MPOLY', 'SPC_NONE', 'UC_NONE', 'UC_NONE', 'UC_NONE', 'TPC_NONE', 'SPC_NONE', 'SPC_NONE', 'SPC_NONE', 'SPC_MPOLY', 'SPC_NONE', 'TPC_NONE', 'SPC_NONE', 'SPC_NONE', 'SPC_NONE', 'SPC_NONE', 'SPC_NONE', 'TPC_NONE', 'SPC_NONE', 'UC_NONE', 'TPC_NONE', 'SPC_NONE', 'TPC_NONE', 'UC_NONE', 'UC_NONE', 'TPC_NONE', 'TPC_NONE']","{'SBX_MNUF': 1, 'UC_MPOLY': 2, 'SBX_MPOLY': 4, 'TPC_MPOLY': 2, 'UC_NONE': 17, 'SPC_NONE': 18, 'TPC_NONE': 15, 'SPC_MPOLY': 3, 'SBX_NONE': 1}"
1,64,TPC,NONE,0.6792319520107054,0.0397298531223623,709106570.24,1199547526.2209768,1496411.04,1267827.581969109,0.74375528149525,7.570656349931149e-05,0.0,0.0,GREEDY_HV,"['SPC_MBFLIP', 'SBX_MNUF', 'UC_MPOLY', 'SBX_MPOLY', 'SBX_MPOLY', 'TPC_MPOLY', 'UC_MPOLY', 'SBX_MPOLY', 'UC_NONE', 'SPC_NONE', 'SPC_NONE', 'TPC_NONE', 'UC_NONE', 'TPC_MPOLY', 'SPC_NONE', 'UC_NONE', 'UC_NONE', 'UC_NONE', 'UC_NONE', 'SPC_NONE', 'TPC_NONE', 'UC_NONE', 'TPC_NONE', 'TPC_NONE', 'TPC_NONE', 'UC_NONE', 'UC_NONE', 'SPC_MPOLY', 'SPC_NONE', 'SPC_MPOLY', 'UC_NONE', 'UC_NONE', 'TPC_NONE', 'TPC_NONE', 'TPC_NONE', 'SBX_NONE', 'SPC_NONE', 'SBX_MPOLY', 'SPC_NONE', 'UC_NONE', 'UC_NONE', 'UC_NONE', 'TPC_NONE', 'SPC_NONE', 'SPC_NONE', 'SPC_NONE', 'SPC_MPOLY', 'SPC_NONE', 'TPC_NONE', 'SPC_NONE', 'SPC_NONE', 'SPC_NONE', 'SPC_NONE', 'SPC_NONE', 'TPC_NONE', 'SPC_NONE', 'UC_NONE', 'TPC_NONE', 'SPC_NONE', 'TPC_NONE', 'UC_NONE', 'UC_NONE', 'TPC_NONE', 'TPC_NONE', 'TPC_NONE']","{'SBX_MNUF': 1, 'UC_MPOLY': 2, 'SBX_MPOLY': 4, 'TPC_MPOLY': 2, 'UC_NONE': 17, 'SPC_NONE': 18, 'TPC_NONE': 16, 'SPC_MPOLY': 3, 'SBX_NONE': 1}"
1,65,SPC,NONE,0.6785969353153587,0.0399971464162299,703965701.12,1199256467.0970454,1488190.88,1274361.4750553728,0.7437310033373604,-2.42781578896345e-05,0.0,0.0,GREEDY_HV,"['SPC_MBFLIP', 'SBX_MNUF', 'UC_MPOLY', 'SBX_MPOLY', 'SBX_MPOLY', 'TPC_MPOLY', 'UC_MPOLY', 'SBX_MPOLY', 'UC_NONE', 'SPC_NONE', 'SPC_NONE', 'TPC_NONE', 'UC_NONE', 'TPC_MPOLY', 'SPC_NONE', 'UC_NONE', 'UC_NONE', 'UC_NONE', 'UC_NONE', 'SPC_NONE', 'TPC_NONE', 'UC_NONE', 'TPC_NONE', 'TPC_NONE', 'TPC_NONE', 'UC_NONE', 'UC_NONE', 'SPC_MPOLY', 'SPC_NONE', 'SPC_MPOLY', 'UC_NONE', 'UC_NONE', 'TPC_NONE', 'TPC_NONE', 'TPC_NONE', 'SBX_NONE', 'SPC_NONE', 'SBX_MPOLY', 'SPC_NONE', 'UC_NONE', 'UC_NONE', 'UC_NONE', 'TPC_NONE', 'SPC_NONE', 'SPC_NONE', 'SPC_NONE', 'SPC_MPOLY', 'SPC_NONE', 'TPC_NONE', 'SPC_NONE', 'SPC_NONE', 'SPC_NONE', 'SPC_NONE', 'SPC_NONE', 'TPC_NONE', 'SPC_NONE', 'UC_NONE', 'TPC_NONE', 'SPC_NONE', 'TPC_NONE', 'UC_NONE', 'UC_NONE', 'TPC_NONE', 'TPC_NONE', 'TPC_NONE', 'SPC_NONE']","{'SBX_MNUF': 1, 'UC_MPOLY': 2, 'SBX_MPOLY': 4, 'TPC_MPOLY': 2, 'UC_NONE': 17, 'SPC_NONE': 19, 'TPC_NONE': 16, 'SPC_MPOLY': 3, 'SBX_NONE': 1}"
1,66,SPC,NONE,0.6775087516864585,0.0396783883987374,681495848.96,1201244105.9376078,1448880.8,1259453.815301729,0.7437084337416172,-2.256959574320483e-05,0.0,0.0,GREEDY_HV,"['SPC_MBFLIP', 'SBX_MNUF', 'UC_MPOLY', 'SBX_MPOLY', 'SBX_MPOLY', 'TPC_MPOLY', 'UC_MPOLY', 'SBX_MPOLY', 'UC_NONE', 'SPC_NONE', 'SPC_NONE', 'TPC_NONE', 'UC_NONE', 'TPC_MPOLY', 'SPC_NONE', 'UC_NONE', 'UC_NONE', 'UC_NONE', 'UC_NONE', 'SPC_NONE', 'TPC_NONE', 'UC_NONE', 'TPC_NONE', 'TPC_NONE', 'TPC_NONE', 'UC_NONE', 'UC_NONE', 'SPC_MPOLY', 'SPC_NONE', 'SPC_MPOLY', 'UC_NONE', 'UC_NONE', 'TPC_NONE', 'TPC_NONE', 'TPC_NONE', 'SBX_NONE', 'SPC_NONE', 'SBX_MPOLY', 'SPC_NONE', 'UC_NONE', 'UC_NONE', 'UC_NONE', 'TPC_NONE', 'SPC_NONE', 'SPC_NONE', 'SPC_NONE', 'SPC_MPOLY', 'SPC_NONE', 'TPC_NONE', 'SPC_NONE', 'SPC_NONE', 'SPC_NONE', 'SPC_NONE', 'SPC_NONE', 'TPC_NONE', 'SPC_NONE', 'UC_NONE', 'TPC_NONE', 'SPC_NONE', 'TPC_NONE', 'UC_NONE', 'UC_NONE', 'TPC_NONE', 'TPC_NONE', 'TPC_NONE', 'SPC_NONE', 'SPC_NONE']","{'SBX_MNUF': 1, 'UC_MPOLY': 2, 'SBX_MPOLY': 4, 'TPC_MPOLY': 2, 'UC_NONE': 17, 'SPC_NONE': 20, 'TPC_NONE': 16, 'SPC_MPOLY': 3, 'SBX_NONE': 1}"
1,67,SPC,NONE,0.6768719599541881,0.0396058789627862,667560565.76,1204028747.3327458,1463342.24,1272714.5250606127,0.7437279973872389,1.956364562172297e-05,0.0,0.0,GREEDY_HV,"['SPC_MBFLIP', 'SBX_MNUF', 'UC_MPOLY', 'SBX_MPOLY', 'SBX_MPOLY', 'TPC_MPOLY', 'UC_MPOLY', 'SBX_MPOLY', 'UC_NONE', 'SPC_NONE', 'SPC_NONE', 'TPC_NONE', 'UC_NONE', 'TPC_MPOLY', 'SPC_NONE', 'UC_NONE', 'UC_NONE', 'UC_NONE', 'UC_NONE', 'SPC_NONE', 'TPC_NONE', 'UC_NONE', 'TPC_NONE', 'TPC_NONE', 'TPC_NONE', 'UC_NONE', 'UC_NONE', 'SPC_MPOLY', 'SPC_NONE', 'SPC_MPOLY', 'UC_NONE', 'UC_NONE', 'TPC_NONE', 'TPC_NONE', 'TPC_NONE', 'SBX_NONE', 'SPC_NONE', 'SBX_MPOLY', 'SPC_NONE', 'UC_NONE', 'UC_NONE', 'UC_NONE', 'TPC_NONE', 'SPC_NONE', 'SPC_NONE', 'SPC_NONE', 'SPC_MPOLY', 'SPC_NONE', 'TPC_NONE', 'SPC_NONE', 'SPC_NONE', 'SPC_NONE', 'SPC_NONE', 'SPC_NONE', 'TPC_NONE', 'SPC_NONE', 'UC_NONE', 'TPC_NONE', 'SPC_NONE', 'TPC_NONE', 'UC_NONE', 'UC_NONE', 'TPC_NONE', 'TPC_NONE', 'TPC_NONE', 'SPC_NONE', 'SPC_NONE', 'SPC_NONE']","{'SBX_MNUF': 1, 'UC_MPOLY': 2, 'SBX_MPOLY': 4, 'TPC_MPOLY': 2, 'UC_NONE': 17, 'SPC_NONE': 21, 'TPC_NONE': 16, 'SPC_MPOLY': 3, 'SBX_NONE': 1}"
1,68,SPC,NONE,0.6768952509396832,0.03982501502186,681927239.68,1204506474.5761547,1424562.08,1251673.6179845582,0.743735455654088,7.458266849114103e-06,0.0,0.0,GREEDY_HV,"['SPC_MBFLIP', 'SBX_MNUF', 'UC_MPOLY', 'SBX_MPOLY', 'SBX_MPOLY', 'TPC_MPOLY', 'UC_MPOLY', 'SBX_MPOLY', 'UC_NONE', 'SPC_NONE', 'SPC_NONE', 'TPC_NONE', 'UC_NONE', 'TPC_MPOLY', 'SPC_NONE', 'UC_NONE', 'UC_NONE', 'UC_NONE', 'UC_NONE', 'SPC_NONE', 'TPC_NONE', 'UC_NONE', 'TPC_NONE', 'TPC_NONE', 'TPC_NONE', 'UC_NONE', 'UC_NONE', 'SPC_MPOLY', 'SPC_NONE', 'SPC_MPOLY', 'UC_NONE', 'UC_NONE', 'TPC_NONE', 'TPC_NONE', 'TPC_NONE', 'SBX_NONE', 'SPC_NONE', 'SBX_MPOLY', 'SPC_NONE', 'UC_NONE', 'UC_NONE', 'UC_NONE', 'TPC_NONE', 'SPC_NONE', 'SPC_NONE', 'SPC_NONE', 'SPC_MPOLY', 'SPC_NONE', 'TPC_NONE', 'SPC_NONE', 'SPC_NONE', 'SPC_NONE', 'SPC_NONE', 'SPC_NONE', 'TPC_NONE', 'SPC_NONE', 'UC_NONE', 'TPC_NONE', 'SPC_NONE', 'TPC_NONE', 'UC_NONE', 'UC_NONE', 'TPC_NONE', 'TPC_NONE', 'TPC_NONE', 'SPC_NONE', 'SPC_NONE', 'SPC_NONE', 'SPC_NONE']","{'SBX_MNUF': 1, 'UC_MPOLY': 2, 'SBX_MPOLY': 4, 'TPC_MPOLY': 2, 'UC_NONE': 17, 'SPC_NONE': 22, 'TPC_NONE': 16, 'SPC_MPOLY': 3, 'SBX_NONE': 1}"
1,69,SPC,NONE,0.6772851437232927,0.0397986220272994,666518446.08,1202698478.5101728,1482903.2,1276015.521482525,0.7436685283791562,-6.692727493184947e-05,0.0,0.0,GREEDY_HV,"['SPC_MBFLIP', 'SBX_MNUF', 'UC_MPOLY', 'SBX_MPOLY', 'SBX_MPOLY', 'TPC_MPOLY', 'UC_MPOLY', 'SBX_MPOLY', 'UC_NONE', 'SPC_NONE', 'SPC_NONE', 'TPC_NONE', 'UC_NONE', 'TPC_MPOLY', 'SPC_NONE', 'UC_NONE', 'UC_NONE', 'UC_NONE', 'UC_NONE', 'SPC_NONE', 'TPC_NONE', 'UC_NONE', 'TPC_NONE', 'TPC_NONE', 'TPC_NONE', 'UC_NONE', 'UC_NONE', 'SPC_MPOLY', 'SPC_NONE', 'SPC_MPOLY', 'UC_NONE', 'UC_NONE', 'TPC_NONE', 'TPC_NONE', 'TPC_NONE', 'SBX_NONE', 'SPC_NONE', 'SBX_MPOLY', 'SPC_NONE', 'UC_NONE', 'UC_NONE', 'UC_NONE', 'TPC_NONE', 'SPC_NONE', 'SPC_NONE', 'SPC_NONE', 'SPC_MPOLY', 'SPC_NONE', 'TPC_NONE', 'SPC_NONE', 'SPC_NONE', 'SPC_NONE', 'SPC_NONE', 'SPC_NONE', 'TPC_NONE', 'SPC_NONE', 'UC_NONE', 'TPC_NONE', 'SPC_NONE', 'TPC_NONE', 'UC_NONE', 'UC_NONE', 'TPC_NONE', 'TPC_NONE', 'TPC_NONE', 'SPC_NONE', 'SPC_NONE', 'SPC_NONE', 'SPC_NONE', 'SPC_NONE']","{'SBX_MNUF': 1, 'UC_MPOLY': 2, 'SBX_MPOLY': 4, 'TPC_MPOLY': 2, 'UC_NONE': 17, 'SPC_NONE': 23, 'TPC_NONE': 16, 'SPC_MPOLY': 3, 'SBX_NONE': 1}"
1,70,UC,NONE,0.6757383300086144,0.0393788159888774,668400302.08,1204035246.290928,1378876.32,1256930.4412583134,0.7436979350837167,2.9406704560530628e-05,0.0,0.0,GREEDY_HV,"['SPC_MBFLIP', 'SBX_MNUF', 'UC_MPOLY', 'SBX_MPOLY', 'SBX_MPOLY', 'TPC_MPOLY', 'UC_MPOLY', 'SBX_MPOLY', 'UC_NONE', 'SPC_NONE', 'SPC_NONE', 'TPC_NONE', 'UC_NONE', 'TPC_MPOLY', 'SPC_NONE', 'UC_NONE', 'UC_NONE', 'UC_NONE', 'UC_NONE', 'SPC_NONE', 'TPC_NONE', 'UC_NONE', 'TPC_NONE', 'TPC_NONE', 'TPC_NONE', 'UC_NONE', 'UC_NONE', 'SPC_MPOLY', 'SPC_NONE', 'SPC_MPOLY', 'UC_NONE', 'UC_NONE', 'TPC_NONE', 'TPC_NONE', 'TPC_NONE', 'SBX_NONE', 'SPC_NONE', 'SBX_MPOLY', 'SPC_NONE', 'UC_NONE', 'UC_NONE', 'UC_NONE', 'TPC_NONE', 'SPC_NONE', 'SPC_NONE', 'SPC_NONE', 'SPC_MPOLY', 'SPC_NONE', 'TPC_NONE', 'SPC_NONE', 'SPC_NONE', 'SPC_NONE', 'SPC_NONE', 'SPC_NONE', 'TPC_NONE', 'SPC_NONE', 'UC_NONE', 'TPC_NONE', 'SPC_NONE', 'TPC_NONE', 'UC_NONE', 'UC_NONE', 'TPC_NONE', 'TPC_NONE', 'TPC_NONE', 'SPC_NONE', 'SPC_NONE', 'SPC_NONE', 'SPC_NONE', 'SPC_NONE', 'UC_NONE']","{'SBX_MNUF': 1, 'UC_MPOLY': 2, 'SBX_MPOLY': 4, 'TPC_MPOLY': 2, 'UC_NONE': 18, 'SPC_NONE': 23, 'TPC_NONE': 16, 'SPC_MPOLY': 3, 'SBX_NONE': 1}"
1,71,SPC,NONE,0.6781769705339141,0.0395836381706665,694775884.8,1202754645.472433,1440404.64,1257356.553955285,0.7436994337959975,1.498712280723069e-06,0.0,0.0,GREEDY_HV,"['SPC_MBFLIP', 'SBX_MNUF', 'UC_MPOLY', 'SBX_MPOLY', 'SBX_MPOLY', 'TPC_MPOLY', 'UC_MPOLY', 'SBX_MPOLY', 'UC_NONE', 'SPC_NONE', 'SPC_NONE', 'TPC_NONE', 'UC_NONE', 'TPC_MPOLY', 'SPC_NONE', 'UC_NONE', 'UC_NONE', 'UC_NONE', 'UC_NONE', 'SPC_NONE', 'TPC_NONE', 'UC_NONE', 'TPC_NONE', 'TPC_NONE', 'TPC_NONE', 'UC_NONE', 'UC_NONE', 'SPC_MPOLY', 'SPC_NONE', 'SPC_MPOLY', 'UC_NONE', 'UC_NONE', 'TPC_NONE', 'TPC_NONE', 'TPC_NONE', 'SBX_NONE', 'SPC_NONE', 'SBX_MPOLY', 'SPC_NONE', 'UC_NONE', 'UC_NONE', 'UC_NONE', 'TPC_NONE', 'SPC_NONE', 'SPC_NONE', 'SPC_NONE', 'SPC_MPOLY', 'SPC_NONE', 'TPC_NONE', 'SPC_NONE', 'SPC_NONE', 'SPC_NONE', 'SPC_NONE', 'SPC_NONE', 'TPC_NONE', 'SPC_NONE', 'UC_NONE', 'TPC_NONE', 'SPC_NONE', 'TPC_NONE', 'UC_NONE', 'UC_NONE', 'TPC_NONE', 'TPC_NONE', 'TPC_NONE', 'SPC_NONE', 'SPC_NONE', 'SPC_NONE', 'SPC_NONE', 'SPC_NONE', 'UC_NONE', 'SPC_NONE']","{'SBX_MNUF': 1, 'UC_MPOLY': 2, 'SBX_MPOLY': 4, 'TPC_MPOLY': 2, 'UC_NONE': 18, 'SPC_NONE': 24, 'TPC_NONE': 16, 'SPC_MPOLY': 3, 'SBX_NONE': 1}"
1,72,SPC,NONE,0.6780715434090442,0.039628329948242,688408483.84,1201095672.9718835,1443434.4,1261815.559265743,0.7437513462593226,5.191246332514332e-05,0.0,0.0,GREEDY_HV,"['SPC_MBFLIP', 'SBX_MNUF', 'UC_MPOLY', 'SBX_MPOLY', 'SBX_MPOLY', 'TPC_MPOLY', 'UC_MPOLY', 'SBX_MPOLY', 'UC_NONE', 'SPC_NONE', 'SPC_NONE', 'TPC_NONE', 'UC_NONE', 'TPC_MPOLY', 'SPC_NONE', 'UC_NONE', 'UC_NONE', 'UC_NONE', 'UC_NONE', 'SPC_NONE', 'TPC_NONE', 'UC_NONE', 'TPC_NONE', 'TPC_NONE', 'TPC_NONE', 'UC_NONE', 'UC_NONE', 'SPC_MPOLY', 'SPC_NONE', 'SPC_MPOLY', 'UC_NONE', 'UC_NONE', 'TPC_NONE', 'TPC_NONE', 'TPC_NONE', 'SBX_NONE', 'SPC_NONE', 'SBX_MPOLY', 'SPC_NONE', 'UC_NONE', 'UC_NONE', 'UC_NONE', 'TPC_NONE', 'SPC_NONE', 'SPC_NONE', 'SPC_NONE', 'SPC_MPOLY', 'SPC_NONE', 'TPC_NONE', 'SPC_NONE', 'SPC_NONE', 'SPC_NONE', 'SPC_NONE', 'SPC_NONE', 'TPC_NONE', 'SPC_NONE', 'UC_NONE', 'TPC_NONE', 'SPC_NONE', 'TPC_NONE', 'UC_NONE', 'UC_NONE', 'TPC_NONE', 'TPC_NONE', 'TPC_NONE', 'SPC_NONE', 'SPC_NONE', 'SPC_NONE', 'SPC_NONE', 'SPC_NONE', 'UC_NONE', 'SPC_NONE', 'SPC_NONE']","{'SBX_MNUF': 1, 'UC_MPOLY': 2, 'SBX_MPOLY': 4, 'TPC_MPOLY': 2, 'UC_NONE': 18, 'SPC_NONE': 25, 'TPC_NONE': 16, 'SPC_MPOLY': 3, 'SBX_NONE': 1}"
1,73,SPC,NONE,0.6775605481034028,0.0394661174628866,677854837.76,1200655416.9179666,1438196.64,1267376.6613865944,0.7437499607727047,-1.3854866178775185e-06,0.0,0.0,GREEDY_HV,"['SPC_MBFLIP', 'SBX_MNUF', 'UC_MPOLY', 'SBX_MPOLY', 'SBX_MPOLY', 'TPC_MPOLY', 'UC_MPOLY', 'SBX_MPOLY', 'UC_NONE', 'SPC_NONE', 'SPC_NONE', 'TPC_NONE', 'UC_NONE', 'TPC_MPOLY', 'SPC_NONE', 'UC_NONE', 'UC_NONE', 'UC_NONE', 'UC_NONE', 'SPC_NONE', 'TPC_NONE', 'UC_NONE', 'TPC_NONE', 'TPC_NONE', 'TPC_NONE', 'UC_NONE', 'UC_NONE', 'SPC_MPOLY', 'SPC_NONE', 'SPC_MPOLY', 'UC_NONE', 'UC_NONE', 'TPC_NONE', 'TPC_NONE', 'TPC_NONE', 'SBX_NONE', 'SPC_NONE', 'SBX_MPOLY', 'SPC_NONE', 'UC_NONE', 'UC_NONE', 'UC_NONE', 'TPC_NONE', 'SPC_NONE', 'SPC_NONE', 'SPC_NONE', 'SPC_MPOLY', 'SPC_NONE', 'TPC_NONE', 'SPC_NONE', 'SPC_NONE', 'SPC_NONE', 'SPC_NONE', 'SPC_NONE', 'TPC_NONE', 'SPC_NONE', 'UC_NONE', 'TPC_NONE', 'SPC_NONE', 'TPC_NONE', 'UC_NONE', 'UC_NONE', 'TPC_NONE', 'TPC_NONE', 'TPC_NONE', 'SPC_NONE', 'SPC_NONE', 'SPC_NONE', 'SPC_NONE', 'SPC_NONE', 'UC_NONE', 'SPC_NONE', 'SPC_NONE', 'SPC_NONE']","{'SBX_MNUF': 1, 'UC_MPOLY': 2, 'SBX_MPOLY': 4, 'TPC_MPOLY': 2, 'UC_NONE': 18, 'SPC_NONE': 26, 'TPC_NONE': 16, 'SPC_MPOLY': 3, 'SBX_NONE': 1}"
1,74,SPC,NONE,0.6778140288166469,0.0394621049053135,677400673.28,1201113640.1518607,1466215.84,1267759.9048079625,0.7437341318941881,-1.582887851658832e-05,0.01,0.0,GREEDY_HV,"['SPC_MBFLIP', 'SBX_MNUF', 'UC_MPOLY', 'SBX_MPOLY', 'SBX_MPOLY', 'TPC_MPOLY', 'UC_MPOLY', 'SBX_MPOLY', 'UC_NONE', 'SPC_NONE', 'SPC_NONE', 'TPC_NONE', 'UC_NONE', 'TPC_MPOLY', 'SPC_NONE', 'UC_NONE', 'UC_NONE', 'UC_NONE', 'UC_NONE', 'SPC_NONE', 'TPC_NONE', 'UC_NONE', 'TPC_NONE', 'TPC_NONE', 'TPC_NONE', 'UC_NONE', 'UC_NONE', 'SPC_MPOLY', 'SPC_NONE', 'SPC_MPOLY', 'UC_NONE', 'UC_NONE', 'TPC_NONE', 'TPC_NONE', 'TPC_NONE', 'SBX_NONE', 'SPC_NONE', 'SBX_MPOLY', 'SPC_NONE', 'UC_NONE', 'UC_NONE', 'UC_NONE', 'TPC_NONE', 'SPC_NONE', 'SPC_NONE', 'SPC_NONE', 'SPC_MPOLY', 'SPC_NONE', 'TPC_NONE', 'SPC_NONE', 'SPC_NONE', 'SPC_NONE', 'SPC_NONE', 'SPC_NONE', 'TPC_NONE', 'SPC_NONE', 'UC_NONE', 'TPC_NONE', 'SPC_NONE', 'TPC_NONE', 'UC_NONE', 'UC_NONE', 'TPC_NONE', 'TPC_NONE', 'TPC_NONE', 'SPC_NONE', 'SPC_NONE', 'SPC_NONE', 'SPC_NONE', 'SPC_NONE', 'UC_NONE', 'SPC_NONE', 'SPC_NONE', 'SPC_NONE', 'SPC_NONE']","{'SBX_MNUF': 1, 'UC_MPOLY': 2, 'SBX_MPOLY': 4, 'TPC_MPOLY': 2, 'UC_NONE': 18, 'SPC_NONE': 27, 'TPC_NONE': 16, 'SPC_MPOLY': 3, 'SBX_NONE': 1}"
1,75,TPC,NONE,0.6765839773180139,0.0397687465935934,672614766.08,1202813965.67321,1438121.12,1279242.4535792214,0.743749955959258,1.5824065069836024e-05,0.01,0.0,GREEDY_HV,"['SPC_MBFLIP', 'SBX_MNUF', 'UC_MPOLY', 'SBX_MPOLY', 'SBX_MPOLY', 'TPC_MPOLY', 'UC_MPOLY', 'SBX_MPOLY', 'UC_NONE', 'SPC_NONE', 'SPC_NONE', 'TPC_NONE', 'UC_NONE', 'TPC_MPOLY', 'SPC_NONE', 'UC_NONE', 'UC_NONE', 'UC_NONE', 'UC_NONE', 'SPC_NONE', 'TPC_NONE', 'UC_NONE', 'TPC_NONE', 'TPC_NONE', 'TPC_NONE', 'UC_NONE', 'UC_NONE', 'SPC_MPOLY', 'SPC_NONE', 'SPC_MPOLY', 'UC_NONE', 'UC_NONE', 'TPC_NONE', 'TPC_NONE', 'TPC_NONE', 'SBX_NONE', 'SPC_NONE', 'SBX_MPOLY', 'SPC_NONE', 'UC_NONE', 'UC_NONE', 'UC_NONE', 'TPC_NONE', 'SPC_NONE', 'SPC_NONE', 'SPC_NONE', 'SPC_MPOLY', 'SPC_NONE', 'TPC_NONE', 'SPC_NONE', 'SPC_NONE', 'SPC_NONE', 'SPC_NONE', 'SPC_NONE', 'TPC_NONE', 'SPC_NONE', 'UC_NONE', 'TPC_NONE', 'SPC_NONE', 'TPC_NONE', 'UC_NONE', 'UC_NONE', 'TPC_NONE', 'TPC_NONE', 'TPC_NONE', 'SPC_NONE', 'SPC_NONE', 'SPC_NONE', 'SPC_NONE', 'SPC_NONE', 'UC_NONE', 'SPC_NONE', 'SPC_NONE', 'SPC_NONE', 'SPC_NONE', 'TPC_NONE']","{'SBX_MNUF': 1, 'UC_MPOLY': 2, 'SBX_MPOLY': 4, 'TPC_MPOLY': 2, 'UC_NONE': 18, 'SPC_NONE': 27, 'TPC_NONE': 17, 'SPC_MPOLY': 3, 'SBX_NONE': 1}"
1,76,SBX,NONE,0.6763032461326185,0.0392592707191207,593517864.96,1086256116.5164778,1388540.32,1212770.2731987038,0.743876202662191,0.000126246702933,0.01,0.0,GREEDY_HV,"['SPC_MBFLIP', 'SBX_MNUF', 'UC_MPOLY', 'SBX_MPOLY', 'SBX_MPOLY', 'TPC_MPOLY', 'UC_MPOLY', 'SBX_MPOLY', 'UC_NONE', 'SPC_NONE', 'SPC_NONE', 'TPC_NONE', 'UC_NONE', 'TPC_MPOLY', 'SPC_NONE', 'UC_NONE', 'UC_NONE', 'UC_NONE', 'UC_NONE', 'SPC_NONE', 'TPC_NONE', 'UC_NONE', 'TPC_NONE', 'TPC_NONE', 'TPC_NONE', 'UC_NONE', 'UC_NONE', 'SPC_MPOLY', 'SPC_NONE', 'SPC_MPOLY', 'UC_NONE', 'UC_NONE', 'TPC_NONE', 'TPC_NONE', 'TPC_NONE', 'SBX_NONE', 'SPC_NONE', 'SBX_MPOLY', 'SPC_NONE', 'UC_NONE', 'UC_NONE', 'UC_NONE', 'TPC_NONE', 'SPC_NONE', 'SPC_NONE', 'SPC_NONE', 'SPC_MPOLY', 'SPC_NONE', 'TPC_NONE', 'SPC_NONE', 'SPC_NONE', 'SPC_NONE', 'SPC_NONE', 'SPC_NONE', 'TPC_NONE', 'SPC_NONE', 'UC_NONE', 'TPC_NONE', 'SPC_NONE', 'TPC_NONE', 'UC_NONE', 'UC_NONE', 'TPC_NONE', 'TPC_NONE', 'TPC_NONE', 'SPC_NONE', 'SPC_NONE', 'SPC_NONE', 'SPC_NONE', 'SPC_NONE', 'UC_NONE', 'SPC_NONE', 'SPC_NONE', 'SPC_NONE', 'SPC_NONE', 'TPC_NONE', 'SBX_NONE']","{'SBX_MNUF': 1, 'UC_MPOLY': 2, 'SBX_MPOLY': 4, 'TPC_MPOLY': 2, 'UC_NONE': 18, 'SPC_NONE': 27, 'TPC_NONE': 17, 'SPC_MPOLY': 3, 'SBX_NONE': 2}"
1,77,UC,NONE,0.6769047822536365,0.0397624022585101,611855544.32,1083358506.401158,1414096.8,1224193.004483068,0.7439191888177878,4.298615559683583e-05,0.0,0.0,GREEDY_HV,"['SPC_MBFLIP', 'SBX_MNUF', 'UC_MPOLY', 'SBX_MPOLY', 'SBX_MPOLY', 'TPC_MPOLY', 'UC_MPOLY', 'SBX_MPOLY', 'UC_NONE', 'SPC_NONE', 'SPC_NONE', 'TPC_NONE', 'UC_NONE', 'TPC_MPOLY', 'SPC_NONE', 'UC_NONE', 'UC_NONE', 'UC_NONE', 'UC_NONE', 'SPC_NONE', 'TPC_NONE', 'UC_NONE', 'TPC_NONE', 'TPC_NONE', 'TPC_NONE', 'UC_NONE', 'UC_NONE', 'SPC_MPOLY', 'SPC_NONE', 'SPC_MPOLY', 'UC_NONE', 'UC_NONE', 'TPC_NONE', 'TPC_NONE', 'TPC_NONE', 'SBX_NONE', 'SPC_NONE', 'SBX_MPOLY', 'SPC_NONE', 'UC_NONE', 'UC_NONE', 'UC_NONE', 'TPC_NONE', 'SPC_NONE', 'SPC_NONE', 'SPC_NONE', 'SPC_MPOLY', 'SPC_NONE', 'TPC_NONE', 'SPC_NONE', 'SPC_NONE', 'SPC_NONE', 'SPC_NONE', 'SPC_NONE', 'TPC_NONE', 'SPC_NONE', 'UC_NONE', 'TPC_NONE', 'SPC_NONE', 'TPC_NONE', 'UC_NONE', 'UC_NONE', 'TPC_NONE', 'TPC_NONE', 'TPC_NONE', 'SPC_NONE', 'SPC_NONE', 'SPC_NONE', 'SPC_NONE', 'SPC_NONE', 'UC_NONE', 'SPC_NONE', 'SPC_NONE', 'SPC_NONE', 'SPC_NONE', 'TPC_NONE', 'SBX_NONE', 'UC_NONE']","{'SBX_MNUF': 1, 'UC_MPOLY': 2, 'SBX_MPOLY': 4, 'TPC_MPOLY': 2, 'UC_NONE': 19, 'SPC_NONE': 27, 'TPC_NONE': 17, 'SPC_MPOLY': 3, 'SBX_NONE': 2}"
1,78,SPC,NONE,0.6767347741615797,0.0397367207111622,606242529.28,1084152485.6102746,1413026.72,1218641.6767914523,0.7439423264484487,2.3137630660863277e-05,0.0,0.0,GREEDY_HV,"['SPC_MBFLIP', 'SBX_MNUF', 'UC_MPOLY', 'SBX_MPOLY', 'SBX_MPOLY', 'TPC_MPOLY', 'UC_MPOLY', 'SBX_MPOLY', 'UC_NONE', 'SPC_NONE', 'SPC_NONE', 'TPC_NONE', 'UC_NONE', 'TPC_MPOLY', 'SPC_NONE', 'UC_NONE', 'UC_NONE', 'UC_NONE', 'UC_NONE', 'SPC_NONE', 'TPC_NONE', 'UC_NONE', 'TPC_NONE', 'TPC_NONE', 'TPC_NONE', 'UC_NONE', 'UC_NONE', 'SPC_MPOLY', 'SPC_NONE', 'SPC_MPOLY', 'UC_NONE', 'UC_NONE', 'TPC_NONE', 'TPC_NONE', 'TPC_NONE', 'SBX_NONE', 'SPC_NONE', 'SBX_MPOLY', 'SPC_NONE', 'UC_NONE', 'UC_NONE', 'UC_NONE', 'TPC_NONE', 'SPC_NONE', 'SPC_NONE', 'SPC_NONE', 'SPC_MPOLY', 'SPC_NONE', 'TPC_NONE', 'SPC_NONE', 'SPC_NONE', 'SPC_NONE', 'SPC_NONE', 'SPC_NONE', 'TPC_NONE', 'SPC_NONE', 'UC_NONE', 'TPC_NONE', 'SPC_NONE', 'TPC_NONE', 'UC_NONE', 'UC_NONE', 'TPC_NONE', 'TPC_NONE', 'TPC_NONE', 'SPC_NONE', 'SPC_NONE', 'SPC_NONE', 'SPC_NONE', 'SPC_NONE', 'UC_NONE', 'SPC_NONE', 'SPC_NONE', 'SPC_NONE', 'SPC_NONE', 'TPC_NONE', 'SBX_NONE', 'UC_NONE', 'SPC_NONE']","{'SBX_MNUF': 1, 'UC_MPOLY': 2, 'SBX_MPOLY': 4, 'TPC_MPOLY': 2, 'UC_NONE': 19, 'SPC_NONE': 28, 'TPC_NONE': 17, 'SPC_MPOLY': 3, 'SBX_NONE': 2}"
1,79,TPC,NONE,0.6769020878274759,0.0393706087106416,597920573.44,1083930845.450385,1403221.92,1213597.955342309,0.7439476578612034,5.331412754716602e-06,0.0,0.0,GREEDY_HV,"['SPC_MBFLIP', 'SBX_MNUF', 'UC_MPOLY', 'SBX_MPOLY', 'SBX_MPOLY', 'TPC_MPOLY', 'UC_MPOLY', 'SBX_MPOLY', 'UC_NONE', 'SPC_NONE', 'SPC_NONE', 'TPC_NONE', 'UC_NONE', 'TPC_MPOLY', 'SPC_NONE', 'UC_NONE', 'UC_NONE', 'UC_NONE', 'UC_NONE', 'SPC_NONE', 'TPC_NONE', 'UC_NONE', 'TPC_NONE', 'TPC_NONE', 'TPC_NONE', 'UC_NONE', 'UC_NONE', 'SPC_MPOLY', 'SPC_NONE', 'SPC_MPOLY', 'UC_NONE', 'UC_NONE', 'TPC_NONE', 'TPC_NONE', 'TPC_NONE', 'SBX_NONE', 'SPC_NONE', 'SBX_MPOLY', 'SPC_NONE', 'UC_NONE', 'UC_NONE', 'UC_NONE', 'TPC_NONE', 'SPC_NONE', 'SPC_NONE', 'SPC_NONE', 'SPC_MPOLY', 'SPC_NONE', 'TPC_NONE', 'SPC_NONE', 'SPC_NONE', 'SPC_NONE', 'SPC_NONE', 'SPC_NONE', 'TPC_NONE', 'SPC_NONE', 'UC_NONE', 'TPC_NONE', 'SPC_NONE', 'TPC_NONE', 'UC_NONE', 'UC_NONE', 'TPC_NONE', 'TPC_NONE', 'TPC_NONE', 'SPC_NONE', 'SPC_NONE', 'SPC_NONE', 'SPC_NONE', 'SPC_NONE', 'UC_NONE', 'SPC_NONE', 'SPC_NONE', 'SPC_NONE', 'SPC_NONE', 'TPC_NONE', 'SBX_NONE', 'UC_NONE', 'SPC_NONE', 'TPC_NONE']","{'SBX_MNUF': 1, 'UC_MPOLY': 2, 'SBX_MPOLY': 4, 'TPC_MPOLY': 2, 'UC_NONE': 19, 'SPC_NONE': 28, 'TPC_NONE': 18, 'SPC_MPOLY': 3, 'SBX_NONE': 2}"
1,80,UC,NONE,0.6769405507531064,0.0393957397809594,582943482.88,1077350632.124363,1423744.16,1225144.1462029412,0.74396649437823,1.8836517026610267e-05,0.01,0.0,GREEDY_HV,"['SPC_MBFLIP', 'SBX_MNUF', 'UC_MPOLY', 'SBX_MPOLY', 'SBX_MPOLY', 'TPC_MPOLY', 'UC_MPOLY', 'SBX_MPOLY', 'UC_NONE', 'SPC_NONE', 'SPC_NONE', 'TPC_NONE', 'UC_NONE', 'TPC_MPOLY', 'SPC_NONE', 'UC_NONE', 'UC_NONE', 'UC_NONE', 'UC_NONE', 'SPC_NONE', 'TPC_NONE', 'UC_NONE', 'TPC_NONE', 'TPC_NONE', 'TPC_NONE', 'UC_NONE', 'UC_NONE', 'SPC_MPOLY', 'SPC_NONE', 'SPC_MPOLY', 'UC_NONE', 'UC_NONE', 'TPC_NONE', 'TPC_NONE', 'TPC_NONE', 'SBX_NONE', 'SPC_NONE', 'SBX_MPOLY', 'SPC_NONE', 'UC_NONE', 'UC_NONE', 'UC_NONE', 'TPC_NONE', 'SPC_NONE', 'SPC_NONE', 'SPC_NONE', 'SPC_MPOLY', 'SPC_NONE', 'TPC_NONE', 'SPC_NONE', 'SPC_NONE', 'SPC_NONE', 'SPC_NONE', 'SPC_NONE', 'TPC_NONE', 'SPC_NONE', 'UC_NONE', 'TPC_NONE', 'SPC_NONE', 'TPC_NONE', 'UC_NONE', 'UC_NONE', 'TPC_NONE', 'TPC_NONE', 'TPC_NONE', 'SPC_NONE', 'SPC_NONE', 'SPC_NONE', 'SPC_NONE', 'SPC_NONE', 'UC_NONE', 'SPC_NONE', 'SPC_NONE', 'SPC_NONE', 'SPC_NONE', 'TPC_NONE', 'SBX_NONE', 'UC_NONE', 'SPC_NONE', 'TPC_NONE', 'UC_NONE']","{'SBX_MNUF': 1, 'UC_MPOLY': 2, 'SBX_MPOLY': 4, 'TPC_MPOLY': 2, 'UC_NONE': 20, 'SPC_NONE': 28, 'TPC_NONE': 18, 'SPC_MPOLY': 3, 'SBX_NONE': 2}"
1,81,UC,NONE,0.676418552954417,0.0390382229232914,581160642.56,1079516815.2941418,1381698.72,1206044.3269177636,0.7439554875472326,-1.1006830997417616e-05,0.0,0.0,GREEDY_HV,"['SPC_MBFLIP', 'SBX_MNUF', 'UC_MPOLY', 'SBX_MPOLY', 'SBX_MPOLY', 'TPC_MPOLY', 'UC_MPOLY', 'SBX_MPOLY', 'UC_NONE', 'SPC_NONE', 'SPC_NONE', 'TPC_NONE', 'UC_NONE', 'TPC_MPOLY', 'SPC_NONE', 'UC_NONE', 'UC_NONE', 'UC_NONE', 'UC_NONE', 'SPC_NONE', 'TPC_NONE', 'UC_NONE', 'TPC_NONE', 'TPC_NONE', 'TPC_NONE', 'UC_NONE', 'UC_NONE', 'SPC_MPOLY', 'SPC_NONE', 'SPC_MPOLY', 'UC_NONE', 'UC_NONE', 'TPC_NONE', 'TPC_NONE', 'TPC_NONE', 'SBX_NONE', 'SPC_NONE', 'SBX_MPOLY', 'SPC_NONE', 'UC_NONE', 'UC_NONE', 'UC_NONE', 'TPC_NONE', 'SPC_NONE', 'SPC_NONE', 'SPC_NONE', 'SPC_MPOLY', 'SPC_NONE', 'TPC_NONE', 'SPC_NONE', 'SPC_NONE', 'SPC_NONE', 'SPC_NONE', 'SPC_NONE', 'TPC_NONE', 'SPC_NONE', 'UC_NONE', 'TPC_NONE', 'SPC_NONE', 'TPC_NONE', 'UC_NONE', 'UC_NONE', 'TPC_NONE', 'TPC_NONE', 'TPC_NONE', 'SPC_NONE', 'SPC_NONE', 'SPC_NONE', 'SPC_NONE', 'SPC_NONE', 'UC_NONE', 'SPC_NONE', 'SPC_NONE', 'SPC_NONE', 'SPC_NONE', 'TPC_NONE', 'SBX_NONE', 'UC_NONE', 'SPC_NONE', 'TPC_NONE', 'UC_NONE', 'UC_NONE']","{'SBX_MNUF': 1, 'UC_MPOLY': 2, 'SBX_MPOLY': 4, 'TPC_MPOLY': 2, 'UC_NONE': 21, 'SPC_NONE': 28, 'TPC_NONE': 18, 'SPC_MPOLY': 3, 'SBX_NONE': 2}"
1,82,TPC,NONE,0.6758609295447121,0.0384412409405105,554449361.92,1076975315.6971662,1348228.0,1188320.8937419555,0.744022076224947,6.658867771436316e-05,0.0,0.0,GREEDY_HV,"['SPC_MBFLIP', 'SBX_MNUF', 'UC_MPOLY', 'SBX_MPOLY', 'SBX_MPOLY', 'TPC_MPOLY', 'UC_MPOLY', 'SBX_MPOLY', 'UC_NONE', 'SPC_NONE', 'SPC_NONE', 'TPC_NONE', 'UC_NONE', 'TPC_MPOLY', 'SPC_NONE', 'UC_NONE', 'UC_NONE', 'UC_NONE', 'UC_NONE', 'SPC_NONE', 'TPC_NONE', 'UC_NONE', 'TPC_NONE', 'TPC_NONE', 'TPC_NONE', 'UC_NONE', 'UC_NONE', 'SPC_MPOLY', 'SPC_NONE', 'SPC_MPOLY', 'UC_NONE', 'UC_NONE', 'TPC_NONE', 'TPC_NONE', 'TPC_NONE', 'SBX_NONE', 'SPC_NONE', 'SBX_MPOLY', 'SPC_NONE', 'UC_NONE', 'UC_NONE', 'UC_NONE', 'TPC_NONE', 'SPC_NONE', 'SPC_NONE', 'SPC_NONE', 'SPC_MPOLY', 'SPC_NONE', 'TPC_NONE', 'SPC_NONE', 'SPC_NONE', 'SPC_NONE', 'SPC_NONE', 'SPC_NONE', 'TPC_NONE', 'SPC_NONE', 'UC_NONE', 'TPC_NONE', 'SPC_NONE', 'TPC_NONE', 'UC_NONE', 'UC_NONE', 'TPC_NONE', 'TPC_NONE', 'TPC_NONE', 'SPC_NONE', 'SPC_NONE', 'SPC_NONE', 'SPC_NONE', 'SPC_NONE', 'UC_NONE', 'SPC_NONE', 'SPC_NONE', 'SPC_NONE', 'SPC_NONE', 'TPC_NONE', 'SBX_NONE', 'UC_NONE', 'SPC_NONE', 'TPC_NONE', 'UC_NONE', 'UC_NONE', 'TPC_NONE']","{'SBX_MNUF': 1, 'UC_MPOLY': 2, 'SBX_MPOLY': 4, 'TPC_MPOLY': 2, 'UC_NONE': 21, 'SPC_NONE': 28, 'TPC_NONE': 19, 'SPC_MPOLY': 3, 'SBX_NONE': 2}"
1,83,TPC,NONE,0.6760962450668628,0.038407366107011,450309079.04,696200262.910269,1285376.16,1015720.7615894312,0.7451536434617168,0.0011315672367697,0.03,0.0,GREEDY_HV,"['SPC_MBFLIP', 'SBX_MNUF', 'UC_MPOLY', 'SBX_MPOLY', 'SBX_MPOLY', 'TPC_MPOLY', 'UC_MPOLY', 'SBX_MPOLY', 'UC_NONE', 'SPC_NONE', 'SPC_NONE', 'TPC_NONE', 'UC_NONE', 'TPC_MPOLY', 'SPC_NONE', 'UC_NONE', 'UC_NONE', 'UC_NONE', 'UC_NONE', 'SPC_NONE', 'TPC_NONE', 'UC_NONE', 'TPC_NONE', 'TPC_NONE', 'TPC_NONE', 'UC_NONE', 'UC_NONE', 'SPC_MPOLY', 'SPC_NONE', 'SPC_MPOLY', 'UC_NONE', 'UC_NONE', 'TPC_NONE', 'TPC_NONE', 'TPC_NONE', 'SBX_NONE', 'SPC_NONE', 'SBX_MPOLY', 'SPC_NONE', 'UC_NONE', 'UC_NONE', 'UC_NONE', 'TPC_NONE', 'SPC_NONE', 'SPC_NONE', 'SPC_NONE', 'SPC_MPOLY', 'SPC_NONE', 'TPC_NONE', 'SPC_NONE', 'SPC_NONE', 'SPC_NONE', 'SPC_NONE', 'SPC_NONE', 'TPC_NONE', 'SPC_NONE', 'UC_NONE', 'TPC_NONE', 'SPC_NONE', 'TPC_NONE', 'UC_NONE', 'UC_NONE', 'TPC_NONE', 'TPC_NONE', 'TPC_NONE', 'SPC_NONE', 'SPC_NONE', 'SPC_NONE', 'SPC_NONE', 'SPC_NONE', 'UC_NONE', 'SPC_NONE', 'SPC_NONE', 'SPC_NONE', 'SPC_NONE', 'TPC_NONE', 'SBX_NONE', 'UC_NONE', 'SPC_NONE', 'TPC_NONE', 'UC_NONE', 'UC_NONE', 'TPC_NONE', 'TPC_NONE']","{'SBX_MNUF': 1, 'UC_MPOLY': 2, 'SBX_MPOLY': 4, 'TPC_MPOLY': 2, 'UC_NONE': 21, 'SPC_NONE': 28, 'TPC_NONE': 20, 'SPC_MPOLY': 3, 'SBX_NONE': 2}"
1,84,TPC,NONE,0.6756074383387647,0.038222633270461,447041909.76,695613653.2754942,1274323.36,1012253.2719943516,0.7451542238003281,5.80338611388953e-07,0.0,0.0,GREEDY_HV,"['SPC_MBFLIP', 'SBX_MNUF', 'UC_MPOLY', 'SBX_MPOLY', 'SBX_MPOLY', 'TPC_MPOLY', 'UC_MPOLY', 'SBX_MPOLY', 'UC_NONE', 'SPC_NONE', 'SPC_NONE', 'TPC_NONE', 'UC_NONE', 'TPC_MPOLY', 'SPC_NONE', 'UC_NONE', 'UC_NONE', 'UC_NONE', 'UC_NONE', 'SPC_NONE', 'TPC_NONE', 'UC_NONE', 'TPC_NONE', 'TPC_NONE', 'TPC_NONE', 'UC_NONE', 'UC_NONE', 'SPC_MPOLY', 'SPC_NONE', 'SPC_MPOLY', 'UC_NONE', 'UC_NONE', 'TPC_NONE', 'TPC_NONE', 'TPC_NONE', 'SBX_NONE', 'SPC_NONE', 'SBX_MPOLY', 'SPC_NONE', 'UC_NONE', 'UC_NONE', 'UC_NONE', 'TPC_NONE', 'SPC_NONE', 'SPC_NONE', 'SPC_NONE', 'SPC_MPOLY', 'SPC_NONE', 'TPC_NONE', 'SPC_NONE', 'SPC_NONE', 'SPC_NONE', 'SPC_NONE', 'SPC_NONE', 'TPC_NONE', 'SPC_NONE', 'UC_NONE', 'TPC_NONE', 'SPC_NONE', 'TPC_NONE', 'UC_NONE', 'UC_NONE', 'TPC_NONE', 'TPC_NONE', 'TPC_NONE', 'SPC_NONE', 'SPC_NONE', 'SPC_NONE', 'SPC_NONE', 'SPC_NONE', 'UC_NONE', 'SPC_NONE', 'SPC_NONE', 'SPC_NONE', 'SPC_NONE', 'TPC_NONE', 'SBX_NONE', 'UC_NONE', 'SPC_NONE', 'TPC_NONE', 'UC_NONE', 'UC_NONE', 'TPC_NONE', 'TPC_NONE', 'TPC_NONE']","{'SBX_MNUF': 1, 'UC_MPOLY': 2, 'SBX_MPOLY': 4, 'TPC_MPOLY': 2, 'UC_NONE': 21, 'SPC_NONE': 28, 'TPC_NONE': 21, 'SPC_MPOLY': 3, 'SBX_NONE': 2}"
1,85,UC,NONE,0.67538417143848,0.0385111718127504,447708057.6,696780854.7040639,1252800.16,1021718.7458984468,0.7451559905117738,1.7667114456942912e-06,0.01,0.0,GREEDY_HV,"['SPC_MBFLIP', 'SBX_MNUF', 'UC_MPOLY', 'SBX_MPOLY', 'SBX_MPOLY', 'TPC_MPOLY', 'UC_MPOLY', 'SBX_MPOLY', 'UC_NONE', 'SPC_NONE', 'SPC_NONE', 'TPC_NONE', 'UC_NONE', 'TPC_MPOLY', 'SPC_NONE', 'UC_NONE', 'UC_NONE', 'UC_NONE', 'UC_NONE', 'SPC_NONE', 'TPC_NONE', 'UC_NONE', 'TPC_NONE', 'TPC_NONE', 'TPC_NONE', 'UC_NONE', 'UC_NONE', 'SPC_MPOLY', 'SPC_NONE', 'SPC_MPOLY', 'UC_NONE', 'UC_NONE', 'TPC_NONE', 'TPC_NONE', 'TPC_NONE', 'SBX_NONE', 'SPC_NONE', 'SBX_MPOLY', 'SPC_NONE', 'UC_NONE', 'UC_NONE', 'UC_NONE', 'TPC_NONE', 'SPC_NONE', 'SPC_NONE', 'SPC_NONE', 'SPC_MPOLY', 'SPC_NONE', 'TPC_NONE', 'SPC_NONE', 'SPC_NONE', 'SPC_NONE', 'SPC_NONE', 'SPC_NONE', 'TPC_NONE', 'SPC_NONE', 'UC_NONE', 'TPC_NONE', 'SPC_NONE', 'TPC_NONE', 'UC_NONE', 'UC_NONE', 'TPC_NONE', 'TPC_NONE', 'TPC_NONE', 'SPC_NONE', 'SPC_NONE', 'SPC_NONE', 'SPC_NONE', 'SPC_NONE', 'UC_NONE', 'SPC_NONE', 'SPC_NONE', 'SPC_NONE', 'SPC_NONE', 'TPC_NONE', 'SBX_NONE', 'UC_NONE', 'SPC_NONE', 'TPC_NONE', 'UC_NONE', 'UC_NONE', 'TPC_NONE', 'TPC_NONE', 'TPC_NONE', 'UC_NONE']","{'SBX_MNUF': 1, 'UC_MPOLY': 2, 'SBX_MPOLY': 4, 'TPC_MPOLY': 2, 'UC_NONE': 22, 'SPC_NONE': 28, 'TPC_NONE': 21, 'SPC_MPOLY': 3, 'SBX_NONE': 2}"
1,86,SPC,NONE,0.6750442125129945,0.0386299002674209,499515412.48,821795397.9496661,1236948.64,1077480.6294493796,0.7452386917922458,8.270128047194181e-05,0.0,0.0,GREEDY_HV,"['SPC_MBFLIP', 'SBX_MNUF', 'UC_MPOLY', 'SBX_MPOLY', 'SBX_MPOLY', 'TPC_MPOLY', 'UC_MPOLY', 'SBX_MPOLY', 'UC_NONE', 'SPC_NONE', 'SPC_NONE', 'TPC_NONE', 'UC_NONE', 'TPC_MPOLY', 'SPC_NONE', 'UC_NONE', 'UC_NONE', 'UC_NONE', 'UC_NONE', 'SPC_NONE', 'TPC_NONE', 'UC_NONE', 'TPC_NONE', 'TPC_NONE', 'TPC_NONE', 'UC_NONE', 'UC_NONE', 'SPC_MPOLY', 'SPC_NONE', 'SPC_MPOLY', 'UC_NONE', 'UC_NONE', 'TPC_NONE', 'TPC_NONE', 'TPC_NONE', 'SBX_NONE', 'SPC_NONE', 'SBX_MPOLY', 'SPC_NONE', 'UC_NONE', 'UC_NONE', 'UC_NONE', 'TPC_NONE', 'SPC_NONE', 'SPC_NONE', 'SPC_NONE', 'SPC_MPOLY', 'SPC_NONE', 'TPC_NONE', 'SPC_NONE', 'SPC_NONE', 'SPC_NONE', 'SPC_NONE', 'SPC_NONE', 'TPC_NONE', 'SPC_NONE', 'UC_NONE', 'TPC_NONE', 'SPC_NONE', 'TPC_NONE', 'UC_NONE', 'UC_NONE', 'TPC_NONE', 'TPC_NONE', 'TPC_NONE', 'SPC_NONE', 'SPC_NONE', 'SPC_NONE', 'SPC_NONE', 'SPC_NONE', 'UC_NONE', 'SPC_NONE', 'SPC_NONE', 'SPC_NONE', 'SPC_NONE', 'TPC_NONE', 'SBX_NONE', 'UC_NONE', 'SPC_NONE', 'TPC_NONE', 'UC_NONE', 'UC_NONE', 'TPC_NONE', 'TPC_NONE', 'TPC_NONE', 'UC_NONE', 'SPC_NONE']","{'SBX_MNUF': 1, 'UC_MPOLY': 2, 'SBX_MPOLY': 4, 'TPC_MPOLY': 2, 'UC_NONE': 22, 'SPC_NONE': 29, 'TPC_NONE': 21, 'SPC_MPOLY': 3, 'SBX_NONE': 2}"
1,87,SPC,MNUF,0.6753737846941084,0.0386915636087763,506790456.32,822218012.6152419,1236670.88,1070526.03286692,0.745219317033345,-1.937475890079199e-05,0.01,0.005,GREEDY_HV,"['SPC_MBFLIP', 'SBX_MNUF', 'UC_MPOLY', 'SBX_MPOLY', 'SBX_MPOLY', 'TPC_MPOLY', 'UC_MPOLY', 'SBX_MPOLY', 'UC_NONE', 'SPC_NONE', 'SPC_NONE', 'TPC_NONE', 'UC_NONE', 'TPC_MPOLY', 'SPC_NONE', 'UC_NONE', 'UC_NONE', 'UC_NONE', 'UC_NONE', 'SPC_NONE', 'TPC_NONE', 'UC_NONE', 'TPC_NONE', 'TPC_NONE', 'TPC_NONE', 'UC_NONE', 'UC_NONE', 'SPC_MPOLY', 'SPC_NONE', 'SPC_MPOLY', 'UC_NONE', 'UC_NONE', 'TPC_NONE', 'TPC_NONE', 'TPC_NONE', 'SBX_NONE', 'SPC_NONE', 'SBX_MPOLY', 'SPC_NONE', 'UC_NONE', 'UC_NONE', 'UC_NONE', 'TPC_NONE', 'SPC_NONE', 'SPC_NONE', 'SPC_NONE', 'SPC_MPOLY', 'SPC_NONE', 'TPC_NONE', 'SPC_NONE', 'SPC_NONE', 'SPC_NONE', 'SPC_NONE', 'SPC_NONE', 'TPC_NONE', 'SPC_NONE', 'UC_NONE', 'TPC_NONE', 'SPC_NONE', 'TPC_NONE', 'UC_NONE', 'UC_NONE', 'TPC_NONE', 'TPC_NONE', 'TPC_NONE', 'SPC_NONE', 'SPC_NONE', 'SPC_NONE', 'SPC_NONE', 'SPC_NONE', 'UC_NONE', 'SPC_NONE', 'SPC_NONE', 'SPC_NONE', 'SPC_NONE', 'TPC_NONE', 'SBX_NONE', 'UC_NONE', 'SPC_NONE', 'TPC_NONE', 'UC_NONE', 'UC_NONE', 'TPC_NONE', 'TPC_NONE', 'TPC_NONE', 'UC_NONE', 'SPC_NONE', 'SPC_MNUF']","{'SBX_MNUF': 1, 'UC_MPOLY': 2, 'SBX_MPOLY': 4, 'TPC_MPOLY': 2, 'UC_NONE': 22, 'SPC_NONE': 29, 'TPC_NONE': 21, 'SPC_MPOLY': 3, 'SBX_NONE': 2, 'SPC_MNUF': 1}"
1,88,TPC,NONE,0.6765909934204629,0.0389968615020201,544080957.44,928102025.3357912,1315443.36,1140935.9509902338,0.7452835811840954,6.426415075044822e-05,0.01,0.0,GREEDY_HV,"['SPC_MBFLIP', 'SBX_MNUF', 'UC_MPOLY', 'SBX_MPOLY', 'SBX_MPOLY', 'TPC_MPOLY', 'UC_MPOLY', 'SBX_MPOLY', 'UC_NONE', 'SPC_NONE', 'SPC_NONE', 'TPC_NONE', 'UC_NONE', 'TPC_MPOLY', 'SPC_NONE', 'UC_NONE', 'UC_NONE', 'UC_NONE', 'UC_NONE', 'SPC_NONE', 'TPC_NONE', 'UC_NONE', 'TPC_NONE', 'TPC_NONE', 'TPC_NONE', 'UC_NONE', 'UC_NONE', 'SPC_MPOLY', 'SPC_NONE', 'SPC_MPOLY', 'UC_NONE', 'UC_NONE', 'TPC_NONE', 'TPC_NONE', 'TPC_NONE', 'SBX_NONE', 'SPC_NONE', 'SBX_MPOLY', 'SPC_NONE', 'UC_NONE', 'UC_NONE', 'UC_NONE', 'TPC_NONE', 'SPC_NONE', 'SPC_NONE', 'SPC_NONE', 'SPC_MPOLY', 'SPC_NONE', 'TPC_NONE', 'SPC_NONE', 'SPC_NONE', 'SPC_NONE', 'SPC_NONE', 'SPC_NONE', 'TPC_NONE', 'SPC_NONE', 'UC_NONE', 'TPC_NONE', 'SPC_NONE', 'TPC_NONE', 'UC_NONE', 'UC_NONE', 'TPC_NONE', 'TPC_NONE', 'TPC_NONE', 'SPC_NONE', 'SPC_NONE', 'SPC_NONE', 'SPC_NONE', 'SPC_NONE', 'UC_NONE', 'SPC_NONE', 'SPC_NONE', 'SPC_NONE', 'SPC_NONE', 'TPC_NONE', 'SBX_NONE', 'UC_NONE', 'SPC_NONE', 'TPC_NONE', 'UC_NONE', 'UC_NONE', 'TPC_NONE', 'TPC_NONE', 'TPC_NONE', 'UC_NONE', 'SPC_NONE', 'SPC_MNUF', 'TPC_NONE']","{'SBX_MNUF': 1, 'UC_MPOLY': 2, 'SBX_MPOLY': 4, 'TPC_MPOLY': 2, 'UC_NONE': 22, 'SPC_NONE': 29, 'TPC_NONE': 22, 'SPC_MPOLY': 3, 'SBX_NONE': 2, 'SPC_MNUF': 1}"
1,89,TPC,NONE,0.6748681814851238,0.0388898230917578,536583659.52,929250831.4900848,1295451.04,1164961.4259665934,0.7452827022014994,-8.789825960420217e-07,0.0,0.0,GREEDY_HV,"['SPC_MBFLIP', 'SBX_MNUF', 'UC_MPOLY', 'SBX_MPOLY', 'SBX_MPOLY', 'TPC_MPOLY', 'UC_MPOLY', 'SBX_MPOLY', 'UC_NONE', 'SPC_NONE', 'SPC_NONE', 'TPC_NONE', 'UC_NONE', 'TPC_MPOLY', 'SPC_NONE', 'UC_NONE', 'UC_NONE', 'UC_NONE', 'UC_NONE', 'SPC_NONE', 'TPC_NONE', 'UC_NONE', 'TPC_NONE', 'TPC_NONE', 'TPC_NONE', 'UC_NONE', 'UC_NONE', 'SPC_MPOLY', 'SPC_NONE', 'SPC_MPOLY', 'UC_NONE', 'UC_NONE', 'TPC_NONE', 'TPC_NONE', 'TPC_NONE', 'SBX_NONE', 'SPC_NONE', 'SBX_MPOLY', 'SPC_NONE', 'UC_NONE', 'UC_NONE', 'UC_NONE', 'TPC_NONE', 'SPC_NONE', 'SPC_NONE', 'SPC_NONE', 'SPC_MPOLY', 'SPC_NONE', 'TPC_NONE', 'SPC_NONE', 'SPC_NONE', 'SPC_NONE', 'SPC_NONE', 'SPC_NONE', 'TPC_NONE', 'SPC_NONE', 'UC_NONE', 'TPC_NONE', 'SPC_NONE', 'TPC_NONE', 'UC_NONE', 'UC_NONE', 'TPC_NONE', 'TPC_NONE', 'TPC_NONE', 'SPC_NONE', 'SPC_NONE', 'SPC_NONE', 'SPC_NONE', 'SPC_NONE', 'UC_NONE', 'SPC_NONE', 'SPC_NONE', 'SPC_NONE', 'SPC_NONE', 'TPC_NONE', 'SBX_NONE', 'UC_NONE', 'SPC_NONE', 'TPC_NONE', 'UC_NONE', 'UC_NONE', 'TPC_NONE', 'TPC_NONE', 'TPC_NONE', 'UC_NONE', 'SPC_NONE', 'SPC_MNUF', 'TPC_NONE', 'TPC_NONE']","{'SBX_MNUF': 1, 'UC_MPOLY': 2, 'SBX_MPOLY': 4, 'TPC_MPOLY': 2, 'UC_NONE': 22, 'SPC_NONE': 29, 'TPC_NONE': 23, 'SPC_MPOLY': 3, 'SBX_NONE': 2, 'SPC_MNUF': 1}"
1,90,TPC,NONE,0.6759211293298122,0.0387964968125679,538969180.16,928616559.432241,1329102.24,1172574.552003079,0.7452441079613048,-3.859424019458935e-05,0.0,0.0,GREEDY_HV,"['SPC_MBFLIP', 'SBX_MNUF', 'UC_MPOLY', 'SBX_MPOLY', 'SBX_MPOLY', 'TPC_MPOLY', 'UC_MPOLY', 'SBX_MPOLY', 'UC_NONE', 'SPC_NONE', 'SPC_NONE', 'TPC_NONE', 'UC_NONE', 'TPC_MPOLY', 'SPC_NONE', 'UC_NONE', 'UC_NONE', 'UC_NONE', 'UC_NONE', 'SPC_NONE', 'TPC_NONE', 'UC_NONE', 'TPC_NONE', 'TPC_NONE', 'TPC_NONE', 'UC_NONE', 'UC_NONE', 'SPC_MPOLY', 'SPC_NONE', 'SPC_MPOLY', 'UC_NONE', 'UC_NONE', 'TPC_NONE', 'TPC_NONE', 'TPC_NONE', 'SBX_NONE', 'SPC_NONE', 'SBX_MPOLY', 'SPC_NONE', 'UC_NONE', 'UC_NONE', 'UC_NONE', 'TPC_NONE', 'SPC_NONE', 'SPC_NONE', 'SPC_NONE', 'SPC_MPOLY', 'SPC_NONE', 'TPC_NONE', 'SPC_NONE', 'SPC_NONE', 'SPC_NONE', 'SPC_NONE', 'SPC_NONE', 'TPC_NONE', 'SPC_NONE', 'UC_NONE', 'TPC_NONE', 'SPC_NONE', 'TPC_NONE', 'UC_NONE', 'UC_NONE', 'TPC_NONE', 'TPC_NONE', 'TPC_NONE', 'SPC_NONE', 'SPC_NONE', 'SPC_NONE', 'SPC_NONE', 'SPC_NONE', 'UC_NONE', 'SPC_NONE', 'SPC_NONE', 'SPC_NONE', 'SPC_NONE', 'TPC_NONE', 'SBX_NONE', 'UC_NONE', 'SPC_NONE', 'TPC_NONE', 'UC_NONE', 'UC_NONE', 'TPC_NONE', 'TPC_NONE', 'TPC_NONE', 'UC_NONE', 'SPC_NONE', 'SPC_MNUF', 'TPC_NONE', 'TPC_NONE', 'TPC_NONE']","{'SBX_MNUF': 1, 'UC_MPOLY': 2, 'SBX_MPOLY': 4, 'TPC_MPOLY': 2, 'UC_NONE': 22, 'SPC_NONE': 29, 'TPC_NONE': 24, 'SPC_MPOLY': 3, 'SBX_NONE': 2, 'SPC_MNUF': 1}"
1,91,UC,NONE,0.6792442568868969,0.0388978550953495,559460935.68,924447519.9641387,1432190.88,1170129.1280284007,0.7452325840154246,-1.1523945880220763e-05,0.0,0.0,GREEDY_HV,"['SPC_MBFLIP', 'SBX_MNUF', 'UC_MPOLY', 'SBX_MPOLY', 'SBX_MPOLY', 'TPC_MPOLY', 'UC_MPOLY', 'SBX_MPOLY', 'UC_NONE', 'SPC_NONE', 'SPC_NONE', 'TPC_NONE', 'UC_NONE', 'TPC_MPOLY', 'SPC_NONE', 'UC_NONE', 'UC_NONE', 'UC_NONE', 'UC_NONE', 'SPC_NONE', 'TPC_NONE', 'UC_NONE', 'TPC_NONE', 'TPC_NONE', 'TPC_NONE', 'UC_NONE', 'UC_NONE', 'SPC_MPOLY', 'SPC_NONE', 'SPC_MPOLY', 'UC_NONE', 'UC_NONE', 'TPC_NONE', 'TPC_NONE', 'TPC_NONE', 'SBX_NONE', 'SPC_NONE', 'SBX_MPOLY', 'SPC_NONE', 'UC_NONE', 'UC_NONE', 'UC_NONE', 'TPC_NONE', 'SPC_NONE', 'SPC_NONE', 'SPC_NONE', 'SPC_MPOLY', 'SPC_NONE', 'TPC_NONE', 'SPC_NONE', 'SPC_NONE', 'SPC_NONE', 'SPC_NONE', 'SPC_NONE', 'TPC_NONE', 'SPC_NONE', 'UC_NONE', 'TPC_NONE', 'SPC_NONE', 'TPC_NONE', 'UC_NONE', 'UC_NONE', 'TPC_NONE', 'TPC_NONE', 'TPC_NONE', 'SPC_NONE', 'SPC_NONE', 'SPC_NONE', 'SPC_NONE', 'SPC_NONE', 'UC_NONE', 'SPC_NONE', 'SPC_NONE', 'SPC_NONE', 'SPC_NONE', 'TPC_NONE', 'SBX_NONE', 'UC_NONE', 'SPC_NONE', 'TPC_NONE', 'UC_NONE', 'UC_NONE', 'TPC_NONE', 'TPC_NONE', 'TPC_NONE', 'UC_NONE', 'SPC_NONE', 'SPC_MNUF', 'TPC_NONE', 'TPC_NONE', 'TPC_NONE', 'UC_NONE']","{'SBX_MNUF': 1, 'UC_MPOLY': 2, 'SBX_MPOLY': 4, 'TPC_MPOLY': 2, 'UC_NONE': 23, 'SPC_NONE': 29, 'TPC_NONE': 24, 'SPC_MPOLY': 3, 'SBX_NONE': 2, 'SPC_MNUF': 1}"
1,92,SPC,NONE,0.6767982912113806,0.0392054288710053,541980697.6,928714845.1675948,1376763.04,1178996.1030521682,0.7452462593145682,1.367529914364507e-05,0.0,0.0,GREEDY_HV,"['SPC_MBFLIP', 'SBX_MNUF', 'UC_MPOLY', 'SBX_MPOLY', 'SBX_MPOLY', 'TPC_MPOLY', 'UC_MPOLY', 'SBX_MPOLY', 'UC_NONE', 'SPC_NONE', 'SPC_NONE', 'TPC_NONE', 'UC_NONE', 'TPC_MPOLY', 'SPC_NONE', 'UC_NONE', 'UC_NONE', 'UC_NONE', 'UC_NONE', 'SPC_NONE', 'TPC_NONE', 'UC_NONE', 'TPC_NONE', 'TPC_NONE', 'TPC_NONE', 'UC_NONE', 'UC_NONE', 'SPC_MPOLY', 'SPC_NONE', 'SPC_MPOLY', 'UC_NONE', 'UC_NONE', 'TPC_NONE', 'TPC_NONE', 'TPC_NONE', 'SBX_NONE', 'SPC_NONE', 'SBX_MPOLY', 'SPC_NONE', 'UC_NONE', 'UC_NONE', 'UC_NONE', 'TPC_NONE', 'SPC_NONE', 'SPC_NONE', 'SPC_NONE', 'SPC_MPOLY', 'SPC_NONE', 'TPC_NONE', 'SPC_NONE', 'SPC_NONE', 'SPC_NONE', 'SPC_NONE', 'SPC_NONE', 'TPC_NONE', 'SPC_NONE', 'UC_NONE', 'TPC_NONE', 'SPC_NONE', 'TPC_NONE', 'UC_NONE', 'UC_NONE', 'TPC_NONE', 'TPC_NONE', 'TPC_NONE', 'SPC_NONE', 'SPC_NONE', 'SPC_NONE', 'SPC_NONE', 'SPC_NONE', 'UC_NONE', 'SPC_NONE', 'SPC_NONE', 'SPC_NONE', 'SPC_NONE', 'TPC_NONE', 'SBX_NONE', 'UC_NONE', 'SPC_NONE', 'TPC_NONE', 'UC_NONE', 'UC_NONE', 'TPC_NONE', 'TPC_NONE', 'TPC_NONE', 'UC_NONE', 'SPC_NONE', 'SPC_MNUF', 'TPC_NONE', 'TPC_NONE', 'TPC_NONE', 'UC_NONE', 'SPC_NONE']","{'SBX_MNUF': 1, 'UC_MPOLY': 2, 'SBX_MPOLY': 4, 'TPC_MPOLY': 2, 'UC_NONE': 23, 'SPC_NONE': 30, 'TPC_NONE': 24, 'SPC_MPOLY': 3, 'SBX_NONE': 2, 'SPC_MNUF': 1}"
1,93,SPC,NONE,0.6772604844312531,0.0396524014932994,554998855.68,928857339.495446,1423552.16,1191153.3440858966,0.7452810874083033,3.482809373511753e-05,0.01,0.0,GREEDY_HV,"['SPC_MBFLIP', 'SBX_MNUF', 'UC_MPOLY', 'SBX_MPOLY', 'SBX_MPOLY', 'TPC_MPOLY', 'UC_MPOLY', 'SBX_MPOLY', 'UC_NONE', 'SPC_NONE', 'SPC_NONE', 'TPC_NONE', 'UC_NONE', 'TPC_MPOLY', 'SPC_NONE', 'UC_NONE', 'UC_NONE', 'UC_NONE', 'UC_NONE', 'SPC_NONE', 'TPC_NONE', 'UC_NONE', 'TPC_NONE', 'TPC_NONE', 'TPC_NONE', 'UC_NONE', 'UC_NONE', 'SPC_MPOLY', 'SPC_NONE', 'SPC_MPOLY', 'UC_NONE', 'UC_NONE', 'TPC_NONE', 'TPC_NONE', 'TPC_NONE', 'SBX_NONE', 'SPC_NONE', 'SBX_MPOLY', 'SPC_NONE', 'UC_NONE', 'UC_NONE', 'UC_NONE', 'TPC_NONE', 'SPC_NONE', 'SPC_NONE', 'SPC_NONE', 'SPC_MPOLY', 'SPC_NONE', 'TPC_NONE', 'SPC_NONE', 'SPC_NONE', 'SPC_NONE', 'SPC_NONE', 'SPC_NONE', 'TPC_NONE', 'SPC_NONE', 'UC_NONE', 'TPC_NONE', 'SPC_NONE', 'TPC_NONE', 'UC_NONE', 'UC_NONE', 'TPC_NONE', 'TPC_NONE', 'TPC_NONE', 'SPC_NONE', 'SPC_NONE', 'SPC_NONE', 'SPC_NONE', 'SPC_NONE', 'UC_NONE', 'SPC_NONE', 'SPC_NONE', 'SPC_NONE', 'SPC_NONE', 'TPC_NONE', 'SBX_NONE', 'UC_NONE', 'SPC_NONE', 'TPC_NONE', 'UC_NONE', 'UC_NONE', 'TPC_NONE', 'TPC_NONE', 'TPC_NONE', 'UC_NONE', 'SPC_NONE', 'SPC_MNUF', 'TPC_NONE', 'TPC_NONE', 'TPC_NONE', 'UC_NONE', 'SPC_NONE', 'SPC_NONE']","{'SBX_MNUF': 1, 'UC_MPOLY': 2, 'SBX_MPOLY': 4, 'TPC_MPOLY': 2, 'UC_NONE': 23, 'SPC_NONE': 31, 'TPC_NONE': 24, 'SPC_MPOLY': 3, 'SBX_NONE': 2, 'SPC_MNUF': 1}"
1,94,TPC,NONE,0.6766678160610607,0.039439376868043,545773998.08,930806614.0168904,1393765.28,1190179.8356740384,0.7452809324150087,-1.549932946431909e-07,0.0,0.0,GREEDY_HV,"['SPC_MBFLIP', 'SBX_MNUF', 'UC_MPOLY', 'SBX_MPOLY', 'SBX_MPOLY', 'TPC_MPOLY', 'UC_MPOLY', 'SBX_MPOLY', 'UC_NONE', 'SPC_NONE', 'SPC_NONE', 'TPC_NONE', 'UC_NONE', 'TPC_MPOLY', 'SPC_NONE', 'UC_NONE', 'UC_NONE', 'UC_NONE', 'UC_NONE', 'SPC_NONE', 'TPC_NONE', 'UC_NONE', 'TPC_NONE', 'TPC_NONE', 'TPC_NONE', 'UC_NONE', 'UC_NONE', 'SPC_MPOLY', 'SPC_NONE', 'SPC_MPOLY', 'UC_NONE', 'UC_NONE', 'TPC_NONE', 'TPC_NONE', 'TPC_NONE', 'SBX_NONE', 'SPC_NONE', 'SBX_MPOLY', 'SPC_NONE', 'UC_NONE', 'UC_NONE', 'UC_NONE', 'TPC_NONE', 'SPC_NONE', 'SPC_NONE', 'SPC_NONE', 'SPC_MPOLY', 'SPC_NONE', 'TPC_NONE', 'SPC_NONE', 'SPC_NONE', 'SPC_NONE', 'SPC_NONE', 'SPC_NONE', 'TPC_NONE', 'SPC_NONE', 'UC_NONE', 'TPC_NONE', 'SPC_NONE', 'TPC_NONE', 'UC_NONE', 'UC_NONE', 'TPC_NONE', 'TPC_NONE', 'TPC_NONE', 'SPC_NONE', 'SPC_NONE', 'SPC_NONE', 'SPC_NONE', 'SPC_NONE', 'UC_NONE', 'SPC_NONE', 'SPC_NONE', 'SPC_NONE', 'SPC_NONE', 'TPC_NONE', 'SBX_NONE', 'UC_NONE', 'SPC_NONE', 'TPC_NONE', 'UC_NONE', 'UC_NONE', 'TPC_NONE', 'TPC_NONE', 'TPC_NONE', 'UC_NONE', 'SPC_NONE', 'SPC_MNUF', 'TPC_NONE', 'TPC_NONE', 'TPC_NONE', 'UC_NONE', 'SPC_NONE', 'SPC_NONE', 'TPC_NONE']","{'SBX_MNUF': 1, 'UC_MPOLY': 2, 'SBX_MPOLY': 4, 'TPC_MPOLY': 2, 'UC_NONE': 23, 'SPC_NONE': 31, 'TPC_NONE': 25, 'SPC_MPOLY': 3, 'SBX_NONE': 2, 'SPC_MNUF': 1}"
1,95,TPC,NONE,0.6771358657613373,0.0391678709114015,538366561.28,930334519.6943656,1411225.76,1179454.44518758,0.7453152974389601,3.436502395137708e-05,0.0,0.0,GREEDY_HV,"['SPC_MBFLIP', 'SBX_MNUF', 'UC_MPOLY', 'SBX_MPOLY', 'SBX_MPOLY', 'TPC_MPOLY', 'UC_MPOLY', 'SBX_MPOLY', 'UC_NONE', 'SPC_NONE', 'SPC_NONE', 'TPC_NONE', 'UC_NONE', 'TPC_MPOLY', 'SPC_NONE', 'UC_NONE', 'UC_NONE', 'UC_NONE', 'UC_NONE', 'SPC_NONE', 'TPC_NONE', 'UC_NONE', 'TPC_NONE', 'TPC_NONE', 'TPC_NONE', 'UC_NONE', 'UC_NONE', 'SPC_MPOLY', 'SPC_NONE', 'SPC_MPOLY', 'UC_NONE', 'UC_NONE', 'TPC_NONE', 'TPC_NONE', 'TPC_NONE', 'SBX_NONE', 'SPC_NONE', 'SBX_MPOLY', 'SPC_NONE', 'UC_NONE', 'UC_NONE', 'UC_NONE', 'TPC_NONE', 'SPC_NONE', 'SPC_NONE', 'SPC_NONE', 'SPC_MPOLY', 'SPC_NONE', 'TPC_NONE', 'SPC_NONE', 'SPC_NONE', 'SPC_NONE', 'SPC_NONE', 'SPC_NONE', 'TPC_NONE', 'SPC_NONE', 'UC_NONE', 'TPC_NONE', 'SPC_NONE', 'TPC_NONE', 'UC_NONE', 'UC_NONE', 'TPC_NONE', 'TPC_NONE', 'TPC_NONE', 'SPC_NONE', 'SPC_NONE', 'SPC_NONE', 'SPC_NONE', 'SPC_NONE', 'UC_NONE', 'SPC_NONE', 'SPC_NONE', 'SPC_NONE', 'SPC_NONE', 'TPC_NONE', 'SBX_NONE', 'UC_NONE', 'SPC_NONE', 'TPC_NONE', 'UC_NONE', 'UC_NONE', 'TPC_NONE', 'TPC_NONE', 'TPC_NONE', 'UC_NONE', 'SPC_NONE', 'SPC_MNUF', 'TPC_NONE', 'TPC_NONE', 'TPC_NONE', 'UC_NONE', 'SPC_NONE', 'SPC_NONE', 'TPC_NONE', 'TPC_NONE']","{'SBX_MNUF': 1, 'UC_MPOLY': 2, 'SBX_MPOLY': 4, 'TPC_MPOLY': 2, 'UC_NONE': 23, 'SPC_NONE': 31, 'TPC_NONE': 26, 'SPC_MPOLY': 3, 'SBX_NONE': 2, 'SPC_MNUF': 1}"
1,96,UC,NONE,0.6777346583711648,0.0390950893490179,583085035.52,1028838907.9533522,1442551.2,1214761.1104191972,0.7453520391556329,3.674171667278348e-05,0.0,0.0,GREEDY_HV,"['SPC_MBFLIP', 'SBX_MNUF', 'UC_MPOLY', 'SBX_MPOLY', 'SBX_MPOLY', 'TPC_MPOLY', 'UC_MPOLY', 'SBX_MPOLY', 'UC_NONE', 'SPC_NONE', 'SPC_NONE', 'TPC_NONE', 'UC_NONE', 'TPC_MPOLY', 'SPC_NONE', 'UC_NONE', 'UC_NONE', 'UC_NONE', 'UC_NONE', 'SPC_NONE', 'TPC_NONE', 'UC_NONE', 'TPC_NONE', 'TPC_NONE', 'TPC_NONE', 'UC_NONE', 'UC_NONE', 'SPC_MPOLY', 'SPC_NONE', 'SPC_MPOLY', 'UC_NONE', 'UC_NONE', 'TPC_NONE', 'TPC_NONE', 'TPC_NONE', 'SBX_NONE', 'SPC_NONE', 'SBX_MPOLY', 'SPC_NONE', 'UC_NONE', 'UC_NONE', 'UC_NONE', 'TPC_NONE', 'SPC_NONE', 'SPC_NONE', 'SPC_NONE', 'SPC_MPOLY', 'SPC_NONE', 'TPC_NONE', 'SPC_NONE', 'SPC_NONE', 'SPC_NONE', 'SPC_NONE', 'SPC_NONE', 'TPC_NONE', 'SPC_NONE', 'UC_NONE', 'TPC_NONE', 'SPC_NONE', 'TPC_NONE', 'UC_NONE', 'UC_NONE', 'TPC_NONE', 'TPC_NONE', 'TPC_NONE', 'SPC_NONE', 'SPC_NONE', 'SPC_NONE', 'SPC_NONE', 'SPC_NONE', 'UC_NONE', 'SPC_NONE', 'SPC_NONE', 'SPC_NONE', 'SPC_NONE', 'TPC_NONE', 'SBX_NONE', 'UC_NONE', 'SPC_NONE', 'TPC_NONE', 'UC_NONE', 'UC_NONE', 'TPC_NONE', 'TPC_NONE', 'TPC_NONE', 'UC_NONE', 'SPC_NONE', 'SPC_MNUF', 'TPC_NONE', 'TPC_NONE', 'TPC_NONE', 'UC_NONE', 'SPC_NONE', 'SPC_NONE', 'TPC_NONE', 'TPC_NONE', 'UC_NONE']","{'SBX_MNUF': 1, 'UC_MPOLY': 2, 'SBX_MPOLY': 4, 'TPC_MPOLY': 2, 'UC_NONE': 24, 'SPC_NONE': 31, 'TPC_NONE': 26, 'SPC_MPOLY': 3, 'SBX_NONE': 2, 'SPC_MNUF': 1}"
1,97,TPC,MPOLY,0.6764107110212666,0.0391500878205845,563104071.68,1026230614.5107154,1404014.24,1207242.0157131471,0.7452933673657208,-5.867178991203481e-05,0.0,0.015,GREEDY_HV,"['SPC_MBFLIP', 'SBX_MNUF', 'UC_MPOLY', 'SBX_MPOLY', 'SBX_MPOLY', 'TPC_MPOLY', 'UC_MPOLY', 'SBX_MPOLY', 'UC_NONE', 'SPC_NONE', 'SPC_NONE', 'TPC_NONE', 'UC_NONE', 'TPC_MPOLY', 'SPC_NONE', 'UC_NONE', 'UC_NONE', 'UC_NONE', 'UC_NONE', 'SPC_NONE', 'TPC_NONE', 'UC_NONE', 'TPC_NONE', 'TPC_NONE', 'TPC_NONE', 'UC_NONE', 'UC_NONE', 'SPC_MPOLY', 'SPC_NONE', 'SPC_MPOLY', 'UC_NONE', 'UC_NONE', 'TPC_NONE', 'TPC_NONE', 'TPC_NONE', 'SBX_NONE', 'SPC_NONE', 'SBX_MPOLY', 'SPC_NONE', 'UC_NONE', 'UC_NONE', 'UC_NONE', 'TPC_NONE', 'SPC_NONE', 'SPC_NONE', 'SPC_NONE', 'SPC_MPOLY', 'SPC_NONE', 'TPC_NONE', 'SPC_NONE', 'SPC_NONE', 'SPC_NONE', 'SPC_NONE', 'SPC_NONE', 'TPC_NONE', 'SPC_NONE', 'UC_NONE', 'TPC_NONE', 'SPC_NONE', 'TPC_NONE', 'UC_NONE', 'UC_NONE', 'TPC_NONE', 'TPC_NONE', 'TPC_NONE', 'SPC_NONE', 'SPC_NONE', 'SPC_NONE', 'SPC_NONE', 'SPC_NONE', 'UC_NONE', 'SPC_NONE', 'SPC_NONE', 'SPC_NONE', 'SPC_NONE', 'TPC_NONE', 'SBX_NONE', 'UC_NONE', 'SPC_NONE', 'TPC_NONE', 'UC_NONE', 'UC_NONE', 'TPC_NONE', 'TPC_NONE', 'TPC_NONE', 'UC_NONE', 'SPC_NONE', 'SPC_MNUF', 'TPC_NONE', 'TPC_NONE', 'TPC_NONE', 'UC_NONE', 'SPC_NONE', 'SPC_NONE', 'TPC_NONE', 'TPC_NONE', 'UC_NONE', 'TPC_MPOLY']","{'SBX_MNUF': 1, 'UC_MPOLY': 2, 'SBX_MPOLY': 4, 'TPC_MPOLY': 3, 'UC_NONE': 24, 'SPC_NONE': 31, 'TPC_NONE': 26, 'SPC_MPOLY': 3, 'SBX_NONE': 2, 'SPC_MNUF': 1}"
1,98,SPC,MNUF,0.6762309288725626,0.0391848624273711,565590609.92,1026368154.6250572,1403424.16,1223735.3948238215,0.7453334939225112,4.012655679042077e-05,0.0,0.0,GREEDY_HV,"['SPC_MBFLIP', 'SBX_MNUF', 'UC_MPOLY', 'SBX_MPOLY', 'SBX_MPOLY', 'TPC_MPOLY', 'UC_MPOLY', 'SBX_MPOLY', 'UC_NONE', 'SPC_NONE', 'SPC_NONE', 'TPC_NONE', 'UC_NONE', 'TPC_MPOLY', 'SPC_NONE', 'UC_NONE', 'UC_NONE', 'UC_NONE', 'UC_NONE', 'SPC_NONE', 'TPC_NONE', 'UC_NONE', 'TPC_NONE', 'TPC_NONE', 'TPC_NONE', 'UC_NONE', 'UC_NONE', 'SPC_MPOLY', 'SPC_NONE', 'SPC_MPOLY', 'UC_NONE', 'UC_NONE', 'TPC_NONE', 'TPC_NONE', 'TPC_NONE', 'SBX_NONE', 'SPC_NONE', 'SBX_MPOLY', 'SPC_NONE', 'UC_NONE', 'UC_NONE', 'UC_NONE', 'TPC_NONE', 'SPC_NONE', 'SPC_NONE', 'SPC_NONE', 'SPC_MPOLY', 'SPC_NONE', 'TPC_NONE', 'SPC_NONE', 'SPC_NONE', 'SPC_NONE', 'SPC_NONE', 'SPC_NONE', 'TPC_NONE', 'SPC_NONE', 'UC_NONE', 'TPC_NONE', 'SPC_NONE', 'TPC_NONE', 'UC_NONE', 'UC_NONE', 'TPC_NONE', 'TPC_NONE', 'TPC_NONE', 'SPC_NONE', 'SPC_NONE', 'SPC_NONE', 'SPC_NONE', 'SPC_NONE', 'UC_NONE', 'SPC_NONE', 'SPC_NONE', 'SPC_NONE', 'SPC_NONE', 'TPC_NONE', 'SBX_NONE', 'UC_NONE', 'SPC_NONE', 'TPC_NONE', 'UC_NONE', 'UC_NONE', 'TPC_NONE', 'TPC_NONE', 'TPC_NONE', 'UC_NONE', 'SPC_NONE', 'SPC_MNUF', 'TPC_NONE', 'TPC_NONE', 'TPC_NONE', 'UC_NONE', 'SPC_NONE', 'SPC_NONE', 'TPC_NONE', 'TPC_NONE', 'UC_NONE', 'TPC_MPOLY', 'SPC_MNUF']","{'SBX_MNUF': 1, 'UC_MPOLY': 2, 'SBX_MPOLY': 4, 'TPC_MPOLY': 3, 'UC_NONE': 24, 'SPC_NONE': 31, 'TPC_NONE': 26, 'SPC_MPOLY': 3, 'SBX_NONE': 2, 'SPC_MNUF': 2}"
1,99,SPC,MNUF,0.6762208411226567,0.0396527682620955,571015997.44,1027126434.635448,1395826.08,1217770.3011421463,0.7453939316990721,6.043777656083993e-05,0.0,0.0,GREEDY_HV,"['SPC_MBFLIP', 'SBX_MNUF', 'UC_MPOLY', 'SBX_MPOLY', 'SBX_MPOLY', 'TPC_MPOLY', 'UC_MPOLY', 'SBX_MPOLY', 'UC_NONE', 'SPC_NONE', 'SPC_NONE', 'TPC_NONE', 'UC_NONE', 'TPC_MPOLY', 'SPC_NONE', 'UC_NONE', 'UC_NONE', 'UC_NONE', 'UC_NONE', 'SPC_NONE', 'TPC_NONE', 'UC_NONE', 'TPC_NONE', 'TPC_NONE', 'TPC_NONE', 'UC_NONE', 'UC_NONE', 'SPC_MPOLY', 'SPC_NONE', 'SPC_MPOLY', 'UC_NONE', 'UC_NONE', 'TPC_NONE', 'TPC_NONE', 'TPC_NONE', 'SBX_NONE', 'SPC_NONE', 'SBX_MPOLY', 'SPC_NONE', 'UC_NONE', 'UC_NONE', 'UC_NONE', 'TPC_NONE', 'SPC_NONE', 'SPC_NONE', 'SPC_NONE', 'SPC_MPOLY', 'SPC_NONE', 'TPC_NONE', 'SPC_NONE', 'SPC_NONE', 'SPC_NONE', 'SPC_NONE', 'SPC_NONE', 'TPC_NONE', 'SPC_NONE', 'UC_NONE', 'TPC_NONE', 'SPC_NONE', 'TPC_NONE', 'UC_NONE', 'UC_NONE', 'TPC_NONE', 'TPC_NONE', 'TPC_NONE', 'SPC_NONE', 'SPC_NONE', 'SPC_NONE', 'SPC_NONE', 'SPC_NONE', 'UC_NONE', 'SPC_NONE', 'SPC_NONE', 'SPC_NONE', 'SPC_NONE', 'TPC_NONE', 'SBX_NONE', 'UC_NONE', 'SPC_NONE', 'TPC_NONE', 'UC_NONE', 'UC_NONE', 'TPC_NONE', 'TPC_NONE', 'TPC_NONE', 'UC_NONE', 'SPC_NONE', 'SPC_MNUF', 'TPC_NONE', 'TPC_NONE', 'TPC_NONE', 'UC_NONE', 'SPC_NONE', 'SPC_NONE', 'TPC_NONE', 'TPC_NONE', 'UC_NONE', 'TPC_MPOLY', 'SPC_MNUF', 'SPC_MNUF']","{'SBX_MNUF': 1, 'UC_MPOLY': 2, 'SBX_MPOLY': 4, 'TPC_MPOLY': 3, 'UC_NONE': 24, 'SPC_NONE': 31, 'TPC_NONE': 26, 'SPC_MPOLY': 3, 'SBX_NONE': 2, 'SPC_MNUF': 3}"
1,100,TPC,MNUF,0.675203549738093,0.0392535988876043,560947727.36,1028359743.0153662,1360411.04,1216707.3497367385,0.745399122456561,5.190757488948705e-06,0.0,0.0,GREEDY_HV,"['SPC_MBFLIP', 'SBX_MNUF', 'UC_MPOLY', 'SBX_MPOLY', 'SBX_MPOLY', 'TPC_MPOLY', 'UC_MPOLY', 'SBX_MPOLY', 'UC_NONE', 'SPC_NONE', 'SPC_NONE', 'TPC_NONE', 'UC_NONE', 'TPC_MPOLY', 'SPC_NONE', 'UC_NONE', 'UC_NONE', 'UC_NONE', 'UC_NONE', 'SPC_NONE', 'TPC_NONE', 'UC_NONE', 'TPC_NONE', 'TPC_NONE', 'TPC_NONE', 'UC_NONE', 'UC_NONE', 'SPC_MPOLY', 'SPC_NONE', 'SPC_MPOLY', 'UC_NONE', 'UC_NONE', 'TPC_NONE', 'TPC_NONE', 'TPC_NONE', 'SBX_NONE', 'SPC_NONE', 'SBX_MPOLY', 'SPC_NONE', 'UC_NONE', 'UC_NONE', 'UC_NONE', 'TPC_NONE', 'SPC_NONE', 'SPC_NONE', 'SPC_NONE', 'SPC_MPOLY', 'SPC_NONE', 'TPC_NONE', 'SPC_NONE', 'SPC_NONE', 'SPC_NONE', 'SPC_NONE', 'SPC_NONE', 'TPC_NONE', 'SPC_NONE', 'UC_NONE', 'TPC_NONE', 'SPC_NONE', 'TPC_NONE', 'UC_NONE', 'UC_NONE', 'TPC_NONE', 'TPC_NONE', 'TPC_NONE', 'SPC_NONE', 'SPC_NONE', 'SPC_NONE', 'SPC_NONE', 'SPC_NONE', 'UC_NONE', 'SPC_NONE', 'SPC_NONE', 'SPC_NONE', 'SPC_NONE', 'TPC_NONE', 'SBX_NONE', 'UC_NONE', 'SPC_NONE', 'TPC_NONE', 'UC_NONE', 'UC_NONE', 'TPC_NONE', 'TPC_NONE', 'TPC_NONE', 'UC_NONE', 'SPC_NONE', 'SPC_MNUF', 'TPC_NONE', 'TPC_NONE', 'TPC_NONE', 'UC_NONE', 'SPC_NONE', 'SPC_NONE', 'TPC_NONE', 'TPC_NONE', 'UC_NONE', 'TPC_MPOLY', 'SPC_MNUF', 'SPC_MNUF', 'TPC_MNUF']","{'SBX_MNUF': 1, 'UC_MPOLY': 2, 'SBX_MPOLY': 4, 'TPC_MPOLY': 3, 'UC_NONE': 24, 'SPC_NONE': 31, 'TPC_NONE': 26, 'SPC_MPOLY': 3, 'SBX_NONE': 2, 'SPC_MNUF': 3, 'TPC_MNUF': 1}"
2,1,UC,MNUF,0.6591855811957525,0.0214541514401813,1476891200.0,983478659.2676656,3168728.48,1437077.973499201,0.694204008950404,0.0,0.21,0.14,GREEDY_HV,"['SPC_MBFLIP', 'UC_MNUF']",{'UC_MNUF': 1}
2,2,UC,MPOLY,0.6635201943303783,0.0237456433661858,1324674645.76,1085730408.3667345,2798962.08,1519849.1557947698,0.7063456293166753,0.0121416203662713,0.15,0.085,GREEDY_HV,"['SPC_MBFLIP', 'UC_MNUF', 'UC_MPOLY']","{'UC_MNUF': 1, 'UC_MPOLY': 1}"
2,3,TPC,NONE,0.6667514645076434,0.0265796609279533,1258346961.92,1163988939.7520392,2515184.8,1705586.6972659463,0.7124640703616291,0.0061184410449537,0.09,0.0,GREEDY_HV,"['SPC_MBFLIP', 'UC_MNUF', 'UC_MPOLY', 'TPC_NONE']","{'UC_MNUF': 1, 'UC_MPOLY': 1, 'TPC_NONE': 1}"
2,4,SPC,MPOLY,0.6598157292046465,0.0286716561205906,882531896.32,1016063748.4115283,1997153.44,1368476.832499026,0.7205262451239112,0.0080621747622821,0.1,0.035,GREEDY_HV,"['SPC_MBFLIP', 'UC_MNUF', 'UC_MPOLY', 'TPC_NONE', 'SPC_MPOLY']","{'UC_MNUF': 1, 'UC_MPOLY': 1, 'TPC_NONE': 1, 'SPC_MPOLY': 1}"
2,5,SPC,NONE,0.6733506987960446,0.0295262388970144,1027915415.04,1037764831.4630595,2441070.24,1570803.8025268277,0.7243973982231348,0.0038711530992235,0.15,0.0,GREEDY_HV,"['SPC_MBFLIP', 'UC_MNUF', 'UC_MPOLY', 'TPC_NONE', 'SPC_MPOLY', 'SPC_NONE']","{'UC_MNUF': 1, 'UC_MPOLY': 1, 'TPC_NONE': 1, 'SPC_MPOLY': 1, 'SPC_NONE': 1}"
2,6,TPC,NONE,0.6820615647783146,0.0285143990928334,1256404935.68,1254811484.500592,2694255.52,1653633.7718360045,0.7265496536772714,0.0021522554541366,0.04,0.0,GREEDY_HV,"['SPC_MBFLIP', 'UC_MNUF', 'UC_MPOLY', 'TPC_NONE', 'SPC_MPOLY', 'SPC_NONE', 'TPC_NONE']","{'UC_MNUF': 1, 'UC_MPOLY': 1, 'TPC_NONE': 2, 'SPC_MPOLY': 1, 'SPC_NONE': 1}"
2,7,UC,NONE,0.6817800261289035,0.0282767793631462,797832083.2,856328938.3198262,2374148.0,1540785.7896084064,0.7277544520585592,0.0012047983812877,0.06,0.0,GREEDY_HV,"['SPC_MBFLIP', 'UC_MNUF', 'UC_MPOLY', 'TPC_NONE', 'SPC_MPOLY', 'SPC_NONE', 'TPC_NONE', 'UC_NONE']","{'UC_MNUF': 1, 'UC_MPOLY': 1, 'TPC_NONE': 2, 'SPC_MPOLY': 1, 'SPC_NONE': 1, 'UC_NONE': 1}"
2,8,UC,NONE,0.6831775566528872,0.025433608962782,998606579.2,1170063105.5546486,2422809.76,1716459.797422526,0.7297258717323338,0.0019714196737746,0.06,0.0,GREEDY_HV,"['SPC_MBFLIP', 'UC_MNUF', 'UC_MPOLY', 'TPC_NONE', 'SPC_MPOLY', 'SPC_NONE', 'TPC_NONE', 'UC_NONE', 'UC_NONE']","{'UC_MNUF': 1, 'UC_MPOLY': 1, 'TPC_NONE': 2, 'SPC_MPOLY': 1, 'SPC_NONE': 1, 'UC_NONE': 2}"
2,9,TPC,NONE,0.68513473326208,0.0225459098978796,711436746.24,881558561.919198,2259389.6,1567924.9177909517,0.7333718514266883,0.0036459796943544,0.09,0.0,GREEDY_HV,"['SPC_MBFLIP', 'UC_MNUF', 'UC_MPOLY', 'TPC_NONE', 'SPC_MPOLY', 'SPC_NONE', 'TPC_NONE', 'UC_NONE', 'UC_NONE', 'TPC_NONE']","{'UC_MNUF': 1, 'UC_MPOLY': 1, 'TPC_NONE': 3, 'SPC_MPOLY': 1, 'SPC_NONE': 1, 'UC_NONE': 2}"
2,10,UC,NONE,0.6870073137340751,0.0227133467485952,838490475.52,1023548607.9873585,2177154.72,1572081.3109486038,0.7341040703316347,0.0007322189049464,0.03,0.0,GREEDY_HV,"['SPC_MBFLIP', 'UC_MNUF', 'UC_MPOLY', 'TPC_NONE', 'SPC_MPOLY', 'SPC_NONE', 'TPC_NONE', 'UC_NONE', 'UC_NONE', 'TPC_NONE', 'UC_NONE']","{'UC_MNUF': 1, 'UC_MPOLY': 1, 'TPC_NONE': 3, 'SPC_MPOLY': 1, 'SPC_NONE': 1, 'UC_NONE': 3}"
2,11,UC,NONE,0.6901710189711708,0.0205037829457162,946188625.92,1101792777.6050954,2345399.2,1614741.551279089,0.7347962951784781,0.0006922248468433,0.02,0.0,GREEDY_HV,"['SPC_MBFLIP', 'UC_MNUF', 'UC_MPOLY', 'TPC_NONE', 'SPC_MPOLY', 'SPC_NONE', 'TPC_NONE', 'UC_NONE', 'UC_NONE', 'TPC_NONE', 'UC_NONE', 'UC_NONE']","{'UC_MNUF': 1, 'UC_MPOLY': 1, 'TPC_NONE': 3, 'SPC_MPOLY': 1, 'SPC_NONE': 1, 'UC_NONE': 4}"
2,12,TPC,NONE,0.6848398182291087,0.021840642136669,608355691.52,794291208.3019124,1817454.24,1372452.5622652988,0.7356662502876151,0.000869955109137,0.04,0.0,GREEDY_HV,"['SPC_MBFLIP', 'UC_MNUF', 'UC_MPOLY', 'TPC_NONE', 'SPC_MPOLY', 'SPC_NONE', 'TPC_NONE', 'UC_NONE', 'UC_NONE', 'TPC_NONE', 'UC_NONE', 'UC_NONE', 'TPC_NONE']","{'UC_MNUF': 1, 'UC_MPOLY': 1, 'TPC_NONE': 4, 'SPC_MPOLY': 1, 'SPC_NONE': 1, 'UC_NONE': 4}"
2,13,UC,NONE,0.6872772765324006,0.0226038643144848,694563993.6,878543917.9797069,1937936.8,1472917.920281832,0.736756480369535,0.0010902300819198,0.04,0.0,GREEDY_HV,"['SPC_MBFLIP', 'UC_MNUF', 'UC_MPOLY', 'TPC_NONE', 'SPC_MPOLY', 'SPC_NONE', 'TPC_NONE', 'UC_NONE', 'UC_NONE', 'TPC_NONE', 'UC_NONE', 'UC_NONE', 'TPC_NONE', 'UC_NONE']","{'UC_MNUF': 1, 'UC_MPOLY': 1, 'TPC_NONE': 4, 'SPC_MPOLY': 1, 'SPC_NONE': 1, 'UC_NONE': 5}"
2,14,SPC,NONE,0.6866469738586729,0.0237865739280658,726658585.6,936729856.0011076,1948012.96,1549857.418365044,0.736995818942823,0.0002393385732879,0.0,0.0,GREEDY_HV,"['SPC_MBFLIP', 'UC_MNUF', 'UC_MPOLY', 'TPC_NONE', 'SPC_MPOLY', 'SPC_NONE', 'TPC_NONE', 'UC_NONE', 'UC_NONE', 'TPC_NONE', 'UC_NONE', 'UC_NONE', 'TPC_NONE', 'UC_NONE', 'SPC_NONE']","{'UC_MNUF': 1, 'UC_MPOLY': 1, 'TPC_NONE': 4, 'SPC_MPOLY': 1, 'SPC_NONE': 2, 'UC_NONE': 5}"
2,15,UC,NONE,0.6897503357637009,0.0242707733426121,756620574.72,887887165.5288154,2138889.12,1585603.6161103144,0.7372689509291319,0.0002731319863089,0.01,0.0,GREEDY_HV,"['SPC_MBFLIP', 'UC_MNUF', 'UC_MPOLY', 'TPC_NONE', 'SPC_MPOLY', 'SPC_NONE', 'TPC_NONE', 'UC_NONE', 'UC_NONE', 'TPC_NONE', 'UC_NONE', 'UC_NONE', 'TPC_NONE', 'UC_NONE', 'SPC_NONE', 'UC_NONE']","{'UC_MNUF': 1, 'UC_MPOLY': 1, 'TPC_NONE': 4, 'SPC_MPOLY': 1, 'SPC_NONE': 2, 'UC_NONE': 6}"
2,16,TPC,NONE,0.6909609097930833,0.0243772856903141,786103024.64,901799009.1148844,2273017.76,1655675.8964796774,0.7373350961761467,6.614524701475943e-05,0.03,0.0,GREEDY_HV,"['SPC_MBFLIP', 'UC_MNUF', 'UC_MPOLY', 'TPC_NONE', 'SPC_MPOLY', 'SPC_NONE', 'TPC_NONE', 'UC_NONE', 'UC_NONE', 'TPC_NONE', 'UC_NONE', 'UC_NONE', 'TPC_NONE', 'UC_NONE', 'SPC_NONE', 'UC_NONE', 'TPC_NONE']","{'UC_MNUF': 1, 'UC_MPOLY': 1, 'TPC_NONE': 5, 'SPC_MPOLY': 1, 'SPC_NONE': 2, 'UC_NONE': 6}"
2,17,TPC,MPOLY,0.6902858445503631,0.0266110323273578,800422120.96,904681744.3463824,2243940.0,1654839.7995047618,0.7380470433591205,0.0007119471829738,0.0,0.01,GREEDY_HV,"['SPC_MBFLIP', 'UC_MNUF', 'UC_MPOLY', 'TPC_NONE', 'SPC_MPOLY', 'SPC_NONE', 'TPC_NONE', 'UC_NONE', 'UC_NONE', 'TPC_NONE', 'UC_NONE', 'UC_NONE', 'TPC_NONE', 'UC_NONE', 'SPC_NONE', 'UC_NONE', 'TPC_NONE', 'TPC_MPOLY']","{'UC_MNUF': 1, 'UC_MPOLY': 1, 'TPC_NONE': 5, 'SPC_MPOLY': 1, 'SPC_NONE': 2, 'UC_NONE': 6, 'TPC_MPOLY': 1}"
2,18,TPC,NONE,0.6913136115786632,0.0291590694363523,911033589.76,1005986584.8559678,2455541.92,1739620.1202935297,0.7387760053659321,0.0007289620068116,0.0,0.0,GREEDY_HV,"['SPC_MBFLIP', 'UC_MNUF', 'UC_MPOLY', 'TPC_NONE', 'SPC_MPOLY', 'SPC_NONE', 'TPC_NONE', 'UC_NONE', 'UC_NONE', 'TPC_NONE', 'UC_NONE', 'UC_NONE', 'TPC_NONE', 'UC_NONE', 'SPC_NONE', 'UC_NONE', 'TPC_NONE', 'TPC_MPOLY', 'TPC_NONE']","{'UC_MNUF': 1, 'UC_MPOLY': 1, 'TPC_NONE': 6, 'SPC_MPOLY': 1, 'SPC_NONE': 2, 'UC_NONE': 6, 'TPC_MPOLY': 1}"
2,19,TPC,MPOLY,0.6906915190500343,0.0287830017004773,881963927.04,1006957751.2861056,2409712.8,1732202.428370818,0.7392145250210278,0.0004385196550956,0.02,0.0,GREEDY_HV,"['SPC_MBFLIP', 'UC_MNUF', 'UC_MPOLY', 'TPC_NONE', 'SPC_MPOLY', 'SPC_NONE', 'TPC_NONE', 'UC_NONE', 'UC_NONE', 'TPC_NONE', 'UC_NONE', 'UC_NONE', 'TPC_NONE', 'UC_NONE', 'SPC_NONE', 'UC_NONE', 'TPC_NONE', 'TPC_MPOLY', 'TPC_NONE', 'TPC_MPOLY']","{'UC_MNUF': 1, 'UC_MPOLY': 1, 'TPC_NONE': 6, 'SPC_MPOLY': 1, 'SPC_NONE': 2, 'UC_NONE': 6, 'TPC_MPOLY': 2}"
2,20,TPC,NONE,0.6913161085910474,0.0293861515689518,985824471.04,1100472065.1905518,2507590.56,1860990.3342873345,0.7398513154909718,0.000636790469944,0.01,0.0,GREEDY_HV,"['SPC_MBFLIP', 'UC_MNUF', 'UC_MPOLY', 'TPC_NONE', 'SPC_MPOLY', 'SPC_NONE', 'TPC_NONE', 'UC_NONE', 'UC_NONE', 'TPC_NONE', 'UC_NONE', 'UC_NONE', 'TPC_NONE', 'UC_NONE', 'SPC_NONE', 'UC_NONE', 'TPC_NONE', 'TPC_MPOLY', 'TPC_NONE', 'TPC_MPOLY', 'TPC_NONE']","{'UC_MNUF': 1, 'UC_MPOLY': 1, 'TPC_NONE': 7, 'SPC_MPOLY': 1, 'SPC_NONE': 2, 'UC_NONE': 6, 'TPC_MPOLY': 2}"
2,21,TPC,NONE,0.6907895086875301,0.0304102695825173,1003820736.0,1109294939.625862,2438233.76,1887248.7709449064,0.7399479265585969,9.66110676250409e-05,0.01,0.0,GREEDY_HV,"['SPC_MBFLIP', 'UC_MNUF', 'UC_MPOLY', 'TPC_NONE', 'SPC_MPOLY', 'SPC_NONE', 'TPC_NONE', 'UC_NONE', 'UC_NONE', 'TPC_NONE', 'UC_NONE', 'UC_NONE', 'TPC_NONE', 'UC_NONE', 'SPC_NONE', 'UC_NONE', 'TPC_NONE', 'TPC_MPOLY', 'TPC_NONE', 'TPC_MPOLY', 'TPC_NONE', 'TPC_NONE']","{'UC_MNUF': 1, 'UC_MPOLY': 1, 'TPC_NONE': 8, 'SPC_MPOLY': 1, 'SPC_NONE': 2, 'UC_NONE': 6, 'TPC_MPOLY': 2}"
2,22,UC,NONE,0.6920884976833291,0.0303750791062005,1067504509.44,1125261075.1796825,2530790.56,1914452.6833138303,0.7399460984818076,-1.8280767892786545e-06,0.0,0.0,GREEDY_HV,"['SPC_MBFLIP', 'UC_MNUF', 'UC_MPOLY', 'TPC_NONE', 'SPC_MPOLY', 'SPC_NONE', 'TPC_NONE', 'UC_NONE', 'UC_NONE', 'TPC_NONE', 'UC_NONE', 'UC_NONE', 'TPC_NONE', 'UC_NONE', 'SPC_NONE', 'UC_NONE', 'TPC_NONE', 'TPC_MPOLY', 'TPC_NONE', 'TPC_MPOLY', 'TPC_NONE', 'TPC_NONE', 'UC_NONE']","{'UC_MNUF': 1, 'UC_MPOLY': 1, 'TPC_NONE': 8, 'SPC_MPOLY': 1, 'SPC_NONE': 2, 'UC_NONE': 7, 'TPC_MPOLY': 2}"
2,23,UC,NONE,0.693163130359583,0.0311242904363716,1218551464.96,1235970565.1329286,2704030.88,2004054.6178047007,0.7399601598882055,1.406140639792497e-05,0.0,0.0,GREEDY_HV,"['SPC_MBFLIP', 'UC_MNUF', 'UC_MPOLY', 'TPC_NONE', 'SPC_MPOLY', 'SPC_NONE', 'TPC_NONE', 'UC_NONE', 'UC_NONE', 'TPC_NONE', 'UC_NONE', 'UC_NONE', 'TPC_NONE', 'UC_NONE', 'SPC_NONE', 'UC_NONE', 'TPC_NONE', 'TPC_MPOLY', 'TPC_NONE', 'TPC_MPOLY', 'TPC_NONE', 'TPC_NONE', 'UC_NONE', 'UC_NONE']","{'UC_MNUF': 1, 'UC_MPOLY': 1, 'TPC_NONE': 8, 'SPC_MPOLY': 1, 'SPC_NONE': 2, 'UC_NONE': 8, 'TPC_MPOLY': 2}"
2,24,TPC,NONE,0.6930422703820913,0.0317492378941012,1262123230.72,1268134173.7977765,2828946.08,2045872.9475033963,0.7400134983736104,5.333848540489683e-05,0.0,0.0,GREEDY_HV,"['SPC_MBFLIP', 'UC_MNUF', 'UC_MPOLY', 'TPC_NONE', 'SPC_MPOLY', 'SPC_NONE', 'TPC_NONE', 'UC_NONE', 'UC_NONE', 'TPC_NONE', 'UC_NONE', 'UC_NONE', 'TPC_NONE', 'UC_NONE', 'SPC_NONE', 'UC_NONE', 'TPC_NONE', 'TPC_MPOLY', 'TPC_NONE', 'TPC_MPOLY', 'TPC_NONE', 'TPC_NONE', 'UC_NONE', 'UC_NONE', 'TPC_NONE']","{'UC_MNUF': 1, 'UC_MPOLY': 1, 'TPC_NONE': 9, 'SPC_MPOLY': 1, 'SPC_NONE': 2, 'UC_NONE': 8, 'TPC_MPOLY': 2}"
2,25,UC,NONE,0.6908187804317489,0.0327795522010567,1285591943.68,1301431383.4670968,2665830.56,2076236.363496644,0.7399713455920298,-4.215278158059554e-05,0.01,0.0,GREEDY_HV,"['SPC_MBFLIP', 'UC_MNUF', 'UC_MPOLY', 'TPC_NONE', 'SPC_MPOLY', 'SPC_NONE', 'TPC_NONE', 'UC_NONE', 'UC_NONE', 'TPC_NONE', 'UC_NONE', 'UC_NONE', 'TPC_NONE', 'UC_NONE', 'SPC_NONE', 'UC_NONE', 'TPC_NONE', 'TPC_MPOLY', 'TPC_NONE', 'TPC_MPOLY', 'TPC_NONE', 'TPC_NONE', 'UC_NONE', 'UC_NONE', 'TPC_NONE', 'UC_NONE']","{'UC_MNUF': 1, 'UC_MPOLY': 1, 'TPC_NONE': 9, 'SPC_MPOLY': 1, 'SPC_NONE': 2, 'UC_NONE': 9, 'TPC_MPOLY': 2}"
2,26,TPC,NONE,0.6911545607761188,0.0325212411671051,1231671733.76,1263375841.1923378,2724697.76,2092633.020523288,0.7399420985447321,-2.92470472976758e-05,0.0,0.0,GREEDY_HV,"['SPC_MBFLIP', 'UC_MNUF', 'UC_MPOLY', 'TPC_NONE', 'SPC_MPOLY', 'SPC_NONE', 'TPC_NONE', 'UC_NONE', 'UC_NONE', 'TPC_NONE', 'UC_NONE', 'UC_NONE', 'TPC_NONE', 'UC_NONE', 'SPC_NONE', 'UC_NONE', 'TPC_NONE', 'TPC_MPOLY', 'TPC_NONE', 'TPC_MPOLY', 'TPC_NONE', 'TPC_NONE', 'UC_NONE', 'UC_NONE', 'TPC_NONE', 'UC_NONE', 'TPC_NONE']","{'UC_MNUF': 1, 'UC_MPOLY': 1, 'TPC_NONE': 10, 'SPC_MPOLY': 1, 'SPC_NONE': 2, 'UC_NONE': 9, 'TPC_MPOLY': 2}"
2,27,SPC,NONE,0.6900887094200479,0.033085778611215,1166824814.08,1226958185.5422645,2664665.76,2081225.3909238232,0.7399927956630793,5.069711834715385e-05,0.01,0.0,GREEDY_HV,"['SPC_MBFLIP', 'UC_MNUF', 'UC_MPOLY', 'TPC_NONE', 'SPC_MPOLY', 'SPC_NONE', 'TPC_NONE', 'UC_NONE', 'UC_NONE', 'TPC_NONE', 'UC_NONE', 'UC_NONE', 'TPC_NONE', 'UC_NONE', 'SPC_NONE', 'UC_NONE', 'TPC_NONE', 'TPC_MPOLY', 'TPC_NONE', 'TPC_MPOLY', 'TPC_NONE', 'TPC_NONE', 'UC_NONE', 'UC_NONE', 'TPC_NONE', 'UC_NONE', 'TPC_NONE', 'SPC_NONE']","{'UC_MNUF': 1, 'UC_MPOLY': 1, 'TPC_NONE': 10, 'SPC_MPOLY': 1, 'SPC_NONE': 3, 'UC_NONE': 9, 'TPC_MPOLY': 2}"
2,28,SBX,MPOLY,0.6898781807599633,0.0340558136606312,1161970615.04,1228906713.7634194,2679801.76,2074285.3788057088,0.7402380799863564,0.000245284323277,0.0,0.075,GREEDY_HV,"['SPC_MBFLIP', 'UC_MNUF', 'UC_MPOLY', 'TPC_NONE', 'SPC_MPOLY', 'SPC_NONE', 'TPC_NONE', 'UC_NONE', 'UC_NONE', 'TPC_NONE', 'UC_NONE', 'UC_NONE', 'TPC_NONE', 'UC_NONE', 'SPC_NONE', 'UC_NONE', 'TPC_NONE', 'TPC_MPOLY', 'TPC_NONE', 'TPC_MPOLY', 'TPC_NONE', 'TPC_NONE', 'UC_NONE', 'UC_NONE', 'TPC_NONE', 'UC_NONE', 'TPC_NONE', 'SPC_NONE', 'SBX_MPOLY']","{'UC_MNUF': 1, 'UC_MPOLY': 1, 'TPC_NONE': 10, 'SPC_MPOLY': 1, 'SPC_NONE': 3, 'UC_NONE': 9, 'TPC_MPOLY': 2, 'SBX_MPOLY': 1}"
2,29,UC,NONE,0.6905819992312797,0.0359385628890069,1188295672.32,1205125081.666828,2662802.08,2012038.851357099,0.740306021445282,6.794145892563552e-05,0.01,0.0,GREEDY_HV,"['SPC_MBFLIP', 'UC_MNUF', 'UC_MPOLY', 'TPC_NONE', 'SPC_MPOLY', 'SPC_NONE', 'TPC_NONE', 'UC_NONE', 'UC_NONE', 'TPC_NONE', 'UC_NONE', 'UC_NONE', 'TPC_NONE', 'UC_NONE', 'SPC_NONE', 'UC_NONE', 'TPC_NONE', 'TPC_MPOLY', 'TPC_NONE', 'TPC_MPOLY', 'TPC_NONE', 'TPC_NONE', 'UC_NONE', 'UC_NONE', 'TPC_NONE', 'UC_NONE', 'TPC_NONE', 'SPC_NONE', 'SBX_MPOLY', 'UC_NONE']","{'UC_MNUF': 1, 'UC_MPOLY': 1, 'TPC_NONE': 10, 'SPC_MPOLY': 1, 'SPC_NONE': 3, 'UC_NONE': 10, 'TPC_MPOLY': 2, 'SBX_MPOLY': 1}"
2,30,UC,NONE,0.6897968086299037,0.0367547398007015,1223066636.8,1221620438.2414088,2706748.32,2023715.825813787,0.7403263575706135,2.0336125331477103e-05,0.0,0.0,GREEDY_HV,"['SPC_MBFLIP', 'UC_MNUF', 'UC_MPOLY', 'TPC_NONE', 'SPC_MPOLY', 'SPC_NONE', 'TPC_NONE', 'UC_NONE', 'UC_NONE', 'TPC_NONE', 'UC_NONE', 'UC_NONE', 'TPC_NONE', 'UC_NONE', 'SPC_NONE', 'UC_NONE', 'TPC_NONE', 'TPC_MPOLY', 'TPC_NONE', 'TPC_MPOLY', 'TPC_NONE', 'TPC_NONE', 'UC_NONE', 'UC_NONE', 'TPC_NONE', 'UC_NONE', 'TPC_NONE', 'SPC_NONE', 'SBX_MPOLY', 'UC_NONE', 'UC_NONE']","{'UC_MNUF': 1, 'UC_MPOLY': 1, 'TPC_NONE': 10, 'SPC_MPOLY': 1, 'SPC_NONE': 3, 'UC_NONE': 11, 'TPC_MPOLY': 2, 'SBX_MPOLY': 1}"
2,31,SPC,NONE,0.6899617118480514,0.0367459691878714,1188787980.8,1178639053.7489426,2736212.64,2062370.1656578125,0.7403445591525264,1.820158191290222e-05,0.01,0.0,GREEDY_HV,"['SPC_MBFLIP', 'UC_MNUF', 'UC_MPOLY', 'TPC_NONE', 'SPC_MPOLY', 'SPC_NONE', 'TPC_NONE', 'UC_NONE', 'UC_NONE', 'TPC_NONE', 'UC_NONE', 'UC_NONE', 'TPC_NONE', 'UC_NONE', 'SPC_NONE', 'UC_NONE', 'TPC_NONE', 'TPC_MPOLY', 'TPC_NONE', 'TPC_MPOLY', 'TPC_NONE', 'TPC_NONE', 'UC_NONE', 'UC_NONE', 'TPC_NONE', 'UC_NONE', 'TPC_NONE', 'SPC_NONE', 'SBX_MPOLY', 'UC_NONE', 'UC_NONE', 'SPC_NONE']","{'UC_MNUF': 1, 'UC_MPOLY': 1, 'TPC_NONE': 10, 'SPC_MPOLY': 1, 'SPC_NONE': 4, 'UC_NONE': 11, 'TPC_MPOLY': 2, 'SBX_MPOLY': 1}"
2,32,SBX,MPOLY,0.6899762977688048,0.036766266860028,1188621160.96,1178782466.4175303,2736660.64,2061824.69151456,0.7405089480870468,0.0001643889345204,0.0,0.055,GREEDY_HV,"['SPC_MBFLIP', 'UC_MNUF', 'UC_MPOLY', 'TPC_NONE', 'SPC_MPOLY', 'SPC_NONE', 'TPC_NONE', 'UC_NONE', 'UC_NONE', 'TPC_NONE', 'UC_NONE', 'UC_NONE', 'TPC_NONE', 'UC_NONE', 'SPC_NONE', 'UC_NONE', 'TPC_NONE', 'TPC_MPOLY', 'TPC_NONE', 'TPC_MPOLY', 'TPC_NONE', 'TPC_NONE', 'UC_NONE', 'UC_NONE', 'TPC_NONE', 'UC_NONE', 'TPC_NONE', 'SPC_NONE', 'SBX_MPOLY', 'UC_NONE', 'UC_NONE', 'SPC_NONE', 'SBX_MPOLY']","{'UC_MNUF': 1, 'UC_MPOLY': 1, 'TPC_NONE': 10, 'SPC_MPOLY': 1, 'SPC_NONE': 4, 'UC_NONE': 11, 'TPC_MPOLY': 2, 'SBX_MPOLY': 2}"
2,33,TPC,NONE,0.6899353722395284,0.0373179024808104,1197443573.76,1179783049.37124,2725523.36,2023439.9310024676,0.7405811861257963,7.223803874945034e-05,0.02,0.0,GREEDY_HV,"['SPC_MBFLIP', 'UC_MNUF', 'UC_MPOLY', 'TPC_NONE', 'SPC_MPOLY', 'SPC_NONE', 'TPC_NONE', 'UC_NONE', 'UC_NONE', 'TPC_NONE', 'UC_NONE', 'UC_NONE', 'TPC_NONE', 'UC_NONE', 'SPC_NONE', 'UC_NONE', 'TPC_NONE', 'TPC_MPOLY', 'TPC_NONE', 'TPC_MPOLY', 'TPC_NONE', 'TPC_NONE', 'UC_NONE', 'UC_NONE', 'TPC_NONE', 'UC_NONE', 'TPC_NONE', 'SPC_NONE', 'SBX_MPOLY', 'UC_NONE', 'UC_NONE', 'SPC_NONE', 'SBX_MPOLY', 'TPC_NONE']","{'UC_MNUF': 1, 'UC_MPOLY': 1, 'TPC_NONE': 11, 'SPC_MPOLY': 1, 'SPC_NONE': 4, 'UC_NONE': 11, 'TPC_MPOLY': 2, 'SBX_MPOLY': 2}"
2,34,SBX,MPOLY,0.6906624219062961,0.0364601562537679,1200038873.6,1177742285.2193518,2717607.84,2023966.2702076372,0.7406336616995628,5.247557376653056e-05,0.0,0.055,GREEDY_HV,"['SPC_MBFLIP', 'UC_MNUF', 'UC_MPOLY', 'TPC_NONE', 'SPC_MPOLY', 'SPC_NONE', 'TPC_NONE', 'UC_NONE', 'UC_NONE', 'TPC_NONE', 'UC_NONE', 'UC_NONE', 'TPC_NONE', 'UC_NONE', 'SPC_NONE', 'UC_NONE', 'TPC_NONE', 'TPC_MPOLY', 'TPC_NONE', 'TPC_MPOLY', 'TPC_NONE', 'TPC_NONE', 'UC_NONE', 'UC_NONE', 'TPC_NONE', 'UC_NONE', 'TPC_NONE', 'SPC_NONE', 'SBX_MPOLY', 'UC_NONE', 'UC_NONE', 'SPC_NONE', 'SBX_MPOLY', 'TPC_NONE', 'SBX_MPOLY']","{'UC_MNUF': 1, 'UC_MPOLY': 1, 'TPC_NONE': 11, 'SPC_MPOLY': 1, 'SPC_NONE': 4, 'UC_NONE': 11, 'TPC_MPOLY': 2, 'SBX_MPOLY': 3}"
2,35,SBX,MPOLY,0.6903025378662234,0.0341783270114717,1109802531.84,1109639402.076139,2617478.56,1996691.822124468,0.7409450235027483,0.0003113618031854,0.0,0.05,GREEDY_HV,"['SPC_MBFLIP', 'UC_MNUF', 'UC_MPOLY', 'TPC_NONE', 'SPC_MPOLY', 'SPC_NONE', 'TPC_NONE', 'UC_NONE', 'UC_NONE', 'TPC_NONE', 'UC_NONE', 'UC_NONE', 'TPC_NONE', 'UC_NONE', 'SPC_NONE', 'UC_NONE', 'TPC_NONE', 'TPC_MPOLY', 'TPC_NONE', 'TPC_MPOLY', 'TPC_NONE', 'TPC_NONE', 'UC_NONE', 'UC_NONE', 'TPC_NONE', 'UC_NONE', 'TPC_NONE', 'SPC_NONE', 'SBX_MPOLY', 'UC_NONE', 'UC_NONE', 'SPC_NONE', 'SBX_MPOLY', 'TPC_NONE', 'SBX_MPOLY', 'SBX_MPOLY']","{'UC_MNUF': 1, 'UC_MPOLY': 1, 'TPC_NONE': 11, 'SPC_MPOLY': 1, 'SPC_NONE': 4, 'UC_NONE': 11, 'TPC_MPOLY': 2, 'SBX_MPOLY': 4}"
2,36,UC,NONE,0.6945756727919219,0.0312860307207515,1270558924.8,1188661918.339785,2810729.12,2042606.4447558431,0.7410377578249749,9.2734322226673e-05,0.02,0.0,GREEDY_HV,"['SPC_MBFLIP', 'UC_MNUF', 'UC_MPOLY', 'TPC_NONE', 'SPC_MPOLY', 'SPC_NONE', 'TPC_NONE', 'UC_NONE', 'UC_NONE', 'TPC_NONE', 'UC_NONE', 'UC_NONE', 'TPC_NONE', 'UC_NONE', 'SPC_NONE', 'UC_NONE', 'TPC_NONE', 'TPC_MPOLY', 'TPC_NONE', 'TPC_MPOLY', 'TPC_NONE', 'TPC_NONE', 'UC_NONE', 'UC_NONE', 'TPC_NONE', 'UC_NONE', 'TPC_NONE', 'SPC_NONE', 'SBX_MPOLY', 'UC_NONE', 'UC_NONE', 'SPC_NONE', 'SBX_MPOLY', 'TPC_NONE', 'SBX_MPOLY', 'SBX_MPOLY', 'UC_NONE']","{'UC_MNUF': 1, 'UC_MPOLY': 1, 'TPC_NONE': 11, 'SPC_MPOLY': 1, 'SPC_NONE': 4, 'UC_NONE': 12, 'TPC_MPOLY': 2, 'SBX_MPOLY': 4}"
2,37,UC,MPOLY,0.6908092387204532,0.0354573758643687,1182901858.56,1171012058.4170814,2654113.44,2003956.633343748,0.7412579223146871,0.0002201644897121,0.01,0.005,GREEDY_HV,"['SPC_MBFLIP', 'UC_MNUF', 'UC_MPOLY', 'TPC_NONE', 'SPC_MPOLY', 'SPC_NONE', 'TPC_NONE', 'UC_NONE', 'UC_NONE', 'TPC_NONE', 'UC_NONE', 'UC_NONE', 'TPC_NONE', 'UC_NONE', 'SPC_NONE', 'UC_NONE', 'TPC_NONE', 'TPC_MPOLY', 'TPC_NONE', 'TPC_MPOLY', 'TPC_NONE', 'TPC_NONE', 'UC_NONE', 'UC_NONE', 'TPC_NONE', 'UC_NONE', 'TPC_NONE', 'SPC_NONE', 'SBX_MPOLY', 'UC_NONE', 'UC_NONE', 'SPC_NONE', 'SBX_MPOLY', 'TPC_NONE', 'SBX_MPOLY', 'SBX_MPOLY', 'UC_NONE', 'UC_MPOLY']","{'UC_MNUF': 1, 'UC_MPOLY': 2, 'TPC_NONE': 11, 'SPC_MPOLY': 1, 'SPC_NONE': 4, 'UC_NONE': 12, 'TPC_MPOLY': 2, 'SBX_MPOLY': 4}"
2,38,UC,NONE,0.6901416941591866,0.0388639543243527,1231664734.72,1166564704.645059,2731061.92,2001959.2390646504,0.7413059836497446,4.806133505752541e-05,0.0,0.0,GREEDY_HV,"['SPC_MBFLIP', 'UC_MNUF', 'UC_MPOLY', 'TPC_NONE', 'SPC_MPOLY', 'SPC_NONE', 'TPC_NONE', 'UC_NONE', 'UC_NONE', 'TPC_NONE', 'UC_NONE', 'UC_NONE', 'TPC_NONE', 'UC_NONE', 'SPC_NONE', 'UC_NONE', 'TPC_NONE', 'TPC_MPOLY', 'TPC_NONE', 'TPC_MPOLY', 'TPC_NONE', 'TPC_NONE', 'UC_NONE', 'UC_NONE', 'TPC_NONE', 'UC_NONE', 'TPC_NONE', 'SPC_NONE', 'SBX_MPOLY', 'UC_NONE', 'UC_NONE', 'SPC_NONE', 'SBX_MPOLY', 'TPC_NONE', 'SBX_MPOLY', 'SBX_MPOLY', 'UC_NONE', 'UC_MPOLY', 'UC_NONE']","{'UC_MNUF': 1, 'UC_MPOLY': 2, 'TPC_NONE': 11, 'SPC_MPOLY': 1, 'SPC_NONE': 4, 'UC_NONE': 13, 'TPC_MPOLY': 2, 'SBX_MPOLY': 4}"
2,39,SPC,NONE,0.6880627813379683,0.03926387665883,1181443760.64,1145331211.090985,2571869.6,2043263.7348568395,0.7413432481564303,3.72645066856192e-05,0.0,0.0,GREEDY_HV,"['SPC_MBFLIP', 'UC_MNUF', 'UC_MPOLY', 'TPC_NONE', 'SPC_MPOLY', 'SPC_NONE', 'TPC_NONE', 'UC_NONE', 'UC_NONE', 'TPC_NONE', 'UC_NONE', 'UC_NONE', 'TPC_NONE', 'UC_NONE', 'SPC_NONE', 'UC_NONE', 'TPC_NONE', 'TPC_MPOLY', 'TPC_NONE', 'TPC_MPOLY', 'TPC_NONE', 'TPC_NONE', 'UC_NONE', 'UC_NONE', 'TPC_NONE', 'UC_NONE', 'TPC_NONE', 'SPC_NONE', 'SBX_MPOLY', 'UC_NONE', 'UC_NONE', 'SPC_NONE', 'SBX_MPOLY', 'TPC_NONE', 'SBX_MPOLY', 'SBX_MPOLY', 'UC_NONE', 'UC_MPOLY', 'UC_NONE', 'SPC_NONE']","{'UC_MNUF': 1, 'UC_MPOLY': 2, 'TPC_NONE': 11, 'SPC_MPOLY': 1, 'SPC_NONE': 5, 'UC_NONE': 13, 'TPC_MPOLY': 2, 'SBX_MPOLY': 4}"
2,40,UC,NONE,0.6929596084896957,0.0368357533237716,1297687779.84,1159281364.421493,2730963.36,1949736.269050948,0.7413520186559379,8.770499507648744e-06,0.01,0.0,GREEDY_HV,"['SPC_MBFLIP', 'UC_MNUF', 'UC_MPOLY', 'TPC_NONE', 'SPC_MPOLY', 'SPC_NONE', 'TPC_NONE', 'UC_NONE', 'UC_NONE', 'TPC_NONE', 'UC_NONE', 'UC_NONE', 'TPC_NONE', 'UC_NONE', 'SPC_NONE', 'UC_NONE', 'TPC_NONE', 'TPC_MPOLY', 'TPC_NONE', 'TPC_MPOLY', 'TPC_NONE', 'TPC_NONE', 'UC_NONE', 'UC_NONE', 'TPC_NONE', 'UC_NONE', 'TPC_NONE', 'SPC_NONE', 'SBX_MPOLY', 'UC_NONE', 'UC_NONE', 'SPC_NONE', 'SBX_MPOLY', 'TPC_NONE', 'SBX_MPOLY', 'SBX_MPOLY', 'UC_NONE', 'UC_MPOLY', 'UC_NONE', 'SPC_NONE', 'UC_NONE']","{'UC_MNUF': 1, 'UC_MPOLY': 2, 'TPC_NONE': 11, 'SPC_MPOLY': 1, 'SPC_NONE': 5, 'UC_NONE': 14, 'TPC_MPOLY': 2, 'SBX_MPOLY': 4}"
2,41,SPC,NONE,0.6900311977498419,0.0385710487134291,1244276884.48,1168667469.6543996,2674756.0,1993934.7784193144,0.741349817964211,-2.200691726961246e-06,0.0,0.0,GREEDY_HV,"['SPC_MBFLIP', 'UC_MNUF', 'UC_MPOLY', 'TPC_NONE', 'SPC_MPOLY', 'SPC_NONE', 'TPC_NONE', 'UC_NONE', 'UC_NONE', 'TPC_NONE', 'UC_NONE', 'UC_NONE', 'TPC_NONE', 'UC_NONE', 'SPC_NONE', 'UC_NONE', 'TPC_NONE', 'TPC_MPOLY', 'TPC_NONE', 'TPC_MPOLY', 'TPC_NONE', 'TPC_NONE', 'UC_NONE', 'UC_NONE', 'TPC_NONE', 'UC_NONE', 'TPC_NONE', 'SPC_NONE', 'SBX_MPOLY', 'UC_NONE', 'UC_NONE', 'SPC_NONE', 'SBX_MPOLY', 'TPC_NONE', 'SBX_MPOLY', 'SBX_MPOLY', 'UC_NONE', 'UC_MPOLY', 'UC_NONE', 'SPC_NONE', 'UC_NONE', 'SPC_NONE']","{'UC_MNUF': 1, 'UC_MPOLY': 2, 'TPC_NONE': 11, 'SPC_MPOLY': 1, 'SPC_NONE': 6, 'UC_NONE': 14, 'TPC_MPOLY': 2, 'SBX_MPOLY': 4}"
2,42,SBX,NONE,0.6888815799028172,0.0391373096538467,1179316032.0,1138470449.54329,2570374.56,2000237.509157152,0.7414123815276584,6.256356344747083e-05,0.01,0.0,GREEDY_HV,"['SPC_MBFLIP', 'UC_MNUF', 'UC_MPOLY', 'TPC_NONE', 'SPC_MPOLY', 'SPC_NONE', 'TPC_NONE', 'UC_NONE', 'UC_NONE', 'TPC_NONE', 'UC_NONE', 'UC_NONE', 'TPC_NONE', 'UC_NONE', 'SPC_NONE', 'UC_NONE', 'TPC_NONE', 'TPC_MPOLY', 'TPC_NONE', 'TPC_MPOLY', 'TPC_NONE', 'TPC_NONE', 'UC_NONE', 'UC_NONE', 'TPC_NONE', 'UC_NONE', 'TPC_NONE', 'SPC_NONE', 'SBX_MPOLY', 'UC_NONE', 'UC_NONE', 'SPC_NONE', 'SBX_MPOLY', 'TPC_NONE', 'SBX_MPOLY', 'SBX_MPOLY', 'UC_NONE', 'UC_MPOLY', 'UC_NONE', 'SPC_NONE', 'UC_NONE', 'SPC_NONE', 'SBX_NONE']","{'UC_MNUF': 1, 'UC_MPOLY': 2, 'TPC_NONE': 11, 'SPC_MPOLY': 1, 'SPC_NONE': 6, 'UC_NONE': 14, 'TPC_MPOLY': 2, 'SBX_MPOLY': 4, 'SBX_NONE': 1}"
2,43,TPC,NONE,0.6930559768816295,0.0346568417724523,1261265431.04,1142618679.8269024,2642479.52,1904967.532104148,0.741470456140899,5.807461324058849e-05,0.0,0.0,GREEDY_HV,"['SPC_MBFLIP', 'UC_MNUF', 'UC_MPOLY', 'TPC_NONE', 'SPC_MPOLY', 'SPC_NONE', 'TPC_NONE', 'UC_NONE', 'UC_NONE', 'TPC_NONE', 'UC_NONE', 'UC_NONE', 'TPC_NONE', 'UC_NONE', 'SPC_NONE', 'UC_NONE', 'TPC_NONE', 'TPC_MPOLY', 'TPC_NONE', 'TPC_MPOLY', 'TPC_NONE', 'TPC_NONE', 'UC_NONE', 'UC_NONE', 'TPC_NONE', 'UC_NONE', 'TPC_NONE', 'SPC_NONE', 'SBX_MPOLY', 'UC_NONE', 'UC_NONE', 'SPC_NONE', 'SBX_MPOLY', 'TPC_NONE', 'SBX_MPOLY', 'SBX_MPOLY', 'UC_NONE', 'UC_MPOLY', 'UC_NONE', 'SPC_NONE', 'UC_NONE', 'SPC_NONE', 'SBX_NONE', 'TPC_NONE']","{'UC_MNUF': 1, 'UC_MPOLY': 2, 'TPC_NONE': 12, 'SPC_MPOLY': 1, 'SPC_NONE': 6, 'UC_NONE': 14, 'TPC_MPOLY': 2, 'SBX_MPOLY': 4, 'SBX_NONE': 1}"
2,44,SPC,NONE,0.6917144542717772,0.0358193678338714,1109744339.2,1014525499.5549704,2615556.0,1901823.132771373,0.7421340661342446,0.0006636099933455,0.01,0.0,GREEDY_HV,"['SPC_MBFLIP', 'UC_MNUF', 'UC_MPOLY', 'TPC_NONE', 'SPC_MPOLY', 'SPC_NONE', 'TPC_NONE', 'UC_NONE', 'UC_NONE', 'TPC_NONE', 'UC_NONE', 'UC_NONE', 'TPC_NONE', 'UC_NONE', 'SPC_NONE', 'UC_NONE', 'TPC_NONE', 'TPC_MPOLY', 'TPC_NONE', 'TPC_MPOLY', 'TPC_NONE', 'TPC_NONE', 'UC_NONE', 'UC_NONE', 'TPC_NONE', 'UC_NONE', 'TPC_NONE', 'SPC_NONE', 'SBX_MPOLY', 'UC_NONE', 'UC_NONE', 'SPC_NONE', 'SBX_MPOLY', 'TPC_NONE', 'SBX_MPOLY', 'SBX_MPOLY', 'UC_NONE', 'UC_MPOLY', 'UC_NONE', 'SPC_NONE', 'UC_NONE', 'SPC_NONE', 'SBX_NONE', 'TPC_NONE', 'SPC_NONE']","{'UC_MNUF': 1, 'UC_MPOLY': 2, 'TPC_NONE': 12, 'SPC_MPOLY': 1, 'SPC_NONE': 7, 'UC_NONE': 14, 'TPC_MPOLY': 2, 'SBX_MPOLY': 4, 'SBX_NONE': 1}"
2,45,SPC,NONE,0.6904453405922328,0.0372761087023785,1135083568.64,1048139900.5634162,2652251.04,1967949.427757786,0.7421833742589686,4.930812472403456e-05,0.0,0.0,GREEDY_HV,"['SPC_MBFLIP', 'UC_MNUF', 'UC_MPOLY', 'TPC_NONE', 'SPC_MPOLY', 'SPC_NONE', 'TPC_NONE', 'UC_NONE', 'UC_NONE', 'TPC_NONE', 'UC_NONE', 'UC_NONE', 'TPC_NONE', 'UC_NONE', 'SPC_NONE', 'UC_NONE', 'TPC_NONE', 'TPC_MPOLY', 'TPC_NONE', 'TPC_MPOLY', 'TPC_NONE', 'TPC_NONE', 'UC_NONE', 'UC_NONE', 'TPC_NONE', 'UC_NONE', 'TPC_NONE', 'SPC_NONE', 'SBX_MPOLY', 'UC_NONE', 'UC_NONE', 'SPC_NONE', 'SBX_MPOLY', 'TPC_NONE', 'SBX_MPOLY', 'SBX_MPOLY', 'UC_NONE', 'UC_MPOLY', 'UC_NONE', 'SPC_NONE', 'UC_NONE', 'SPC_NONE', 'SBX_NONE', 'TPC_NONE', 'SPC_NONE', 'SPC_NONE']","{'UC_MNUF': 1, 'UC_MPOLY': 2, 'TPC_NONE': 12, 'SPC_MPOLY': 1, 'SPC_NONE': 8, 'UC_NONE': 14, 'TPC_MPOLY': 2, 'SBX_MPOLY': 4, 'SBX_NONE': 1}"
2,46,SPC,NONE,0.690043908400019,0.0372760847431078,1106554048.0,1019299726.3931572,2568842.4,1975960.619593984,0.742213148585528,2.9774326559373065e-05,0.01,0.0,GREEDY_HV,"['SPC_MBFLIP', 'UC_MNUF', 'UC_MPOLY', 'TPC_NONE', 'SPC_MPOLY', 'SPC_NONE', 'TPC_NONE', 'UC_NONE', 'UC_NONE', 'TPC_NONE', 'UC_NONE', 'UC_NONE', 'TPC_NONE', 'UC_NONE', 'SPC_NONE', 'UC_NONE', 'TPC_NONE', 'TPC_MPOLY', 'TPC_NONE', 'TPC_MPOLY', 'TPC_NONE', 'TPC_NONE', 'UC_NONE', 'UC_NONE', 'TPC_NONE', 'UC_NONE', 'TPC_NONE', 'SPC_NONE', 'SBX_MPOLY', 'UC_NONE', 'UC_NONE', 'SPC_NONE', 'SBX_MPOLY', 'TPC_NONE', 'SBX_MPOLY', 'SBX_MPOLY', 'UC_NONE', 'UC_MPOLY', 'UC_NONE', 'SPC_NONE', 'UC_NONE', 'SPC_NONE', 'SBX_NONE', 'TPC_NONE', 'SPC_NONE', 'SPC_NONE', 'SPC_NONE']","{'UC_MNUF': 1, 'UC_MPOLY': 2, 'TPC_NONE': 12, 'SPC_MPOLY': 1, 'SPC_NONE': 9, 'UC_NONE': 14, 'TPC_MPOLY': 2, 'SBX_MPOLY': 4, 'SBX_NONE': 1}"
2,47,UC,NONE,0.689785834362458,0.0369195027531326,1018677445.12,926943126.073426,2516116.64,1903440.2309195604,0.7422599601349484,4.681154942043353e-05,0.0,0.0,GREEDY_HV,"['SPC_MBFLIP', 'UC_MNUF', 'UC_MPOLY', 'TPC_NONE', 'SPC_MPOLY', 'SPC_NONE', 'TPC_NONE', 'UC_NONE', 'UC_NONE', 'TPC_NONE', 'UC_NONE', 'UC_NONE', 'TPC_NONE', 'UC_NONE', 'SPC_NONE', 'UC_NONE', 'TPC_NONE', 'TPC_MPOLY', 'TPC_NONE', 'TPC_MPOLY', 'TPC_NONE', 'TPC_NONE', 'UC_NONE', 'UC_NONE', 'TPC_NONE', 'UC_NONE', 'TPC_NONE', 'SPC_NONE', 'SBX_MPOLY', 'UC_NONE', 'UC_NONE', 'SPC_NONE', 'SBX_MPOLY', 'TPC_NONE', 'SBX_MPOLY', 'SBX_MPOLY', 'UC_NONE', 'UC_MPOLY', 'UC_NONE', 'SPC_NONE', 'UC_NONE', 'SPC_NONE', 'SBX_NONE', 'TPC_NONE', 'SPC_NONE', 'SPC_NONE', 'SPC_NONE', 'UC_NONE']","{'UC_MNUF': 1, 'UC_MPOLY': 2, 'TPC_NONE': 12, 'SPC_MPOLY': 1, 'SPC_NONE': 9, 'UC_NONE': 15, 'TPC_MPOLY': 2, 'SBX_MPOLY': 4, 'SBX_NONE': 1}"
2,48,SPC,NONE,0.6894735798908113,0.0371546859988989,1022752133.12,956120897.8629496,2534926.24,1968033.147354694,0.7422847748389951,2.4814704046693947e-05,0.0,0.0,GREEDY_HV,"['SPC_MBFLIP', 'UC_MNUF', 'UC_MPOLY', 'TPC_NONE', 'SPC_MPOLY', 'SPC_NONE', 'TPC_NONE', 'UC_NONE', 'UC_NONE', 'TPC_NONE', 'UC_NONE', 'UC_NONE', 'TPC_NONE', 'UC_NONE', 'SPC_NONE', 'UC_NONE', 'TPC_NONE', 'TPC_MPOLY', 'TPC_NONE', 'TPC_MPOLY', 'TPC_NONE', 'TPC_NONE', 'UC_NONE', 'UC_NONE', 'TPC_NONE', 'UC_NONE', 'TPC_NONE', 'SPC_NONE', 'SBX_MPOLY', 'UC_NONE', 'UC_NONE', 'SPC_NONE', 'SBX_MPOLY', 'TPC_NONE', 'SBX_MPOLY', 'SBX_MPOLY', 'UC_NONE', 'UC_MPOLY', 'UC_NONE', 'SPC_NONE', 'UC_NONE', 'SPC_NONE', 'SBX_NONE', 'TPC_NONE', 'SPC_NONE', 'SPC_NONE', 'SPC_NONE', 'UC_NONE', 'SPC_NONE']","{'UC_MNUF': 1, 'UC_MPOLY': 2, 'TPC_NONE': 12, 'SPC_MPOLY': 1, 'SPC_NONE': 10, 'UC_NONE': 15, 'TPC_MPOLY': 2, 'SBX_MPOLY': 4, 'SBX_NONE': 1}"
2,49,UC,NONE,0.6885655508066876,0.0379347144820617,1042608271.36,1023486846.4437572,2478791.84,1972515.0523415264,0.7423231594538662,3.8384614871045386e-05,0.01,0.0,GREEDY_HV,"['SPC_MBFLIP', 'UC_MNUF', 'UC_MPOLY', 'TPC_NONE', 'SPC_MPOLY', 'SPC_NONE', 'TPC_NONE', 'UC_NONE', 'UC_NONE', 'TPC_NONE', 'UC_NONE', 'UC_NONE', 'TPC_NONE', 'UC_NONE', 'SPC_NONE', 'UC_NONE', 'TPC_NONE', 'TPC_MPOLY', 'TPC_NONE', 'TPC_MPOLY', 'TPC_NONE', 'TPC_NONE', 'UC_NONE', 'UC_NONE', 'TPC_NONE', 'UC_NONE', 'TPC_NONE', 'SPC_NONE', 'SBX_MPOLY', 'UC_NONE', 'UC_NONE', 'SPC_NONE', 'SBX_MPOLY', 'TPC_NONE', 'SBX_MPOLY', 'SBX_MPOLY', 'UC_NONE', 'UC_MPOLY', 'UC_NONE', 'SPC_NONE', 'UC_NONE', 'SPC_NONE', 'SBX_NONE', 'TPC_NONE', 'SPC_NONE', 'SPC_NONE', 'SPC_NONE', 'UC_NONE', 'SPC_NONE', 'UC_NONE']","{'UC_MNUF': 1, 'UC_MPOLY': 2, 'TPC_NONE': 12, 'SPC_MPOLY': 1, 'SPC_NONE': 10, 'UC_NONE': 16, 'TPC_MPOLY': 2, 'SBX_MPOLY': 4, 'SBX_NONE': 1}"
2,50,TPC,NONE,0.6885092317464029,0.038627586776879,1109303897.6,1068217667.0736576,2586090.4,2003586.6987166395,0.7423182811026607,-4.878351205439557e-06,0.0,0.0,GREEDY_HV,"['SPC_MBFLIP', 'UC_MNUF', 'UC_MPOLY', 'TPC_NONE', 'SPC_MPOLY', 'SPC_NONE', 'TPC_NONE', 'UC_NONE', 'UC_NONE', 'TPC_NONE', 'UC_NONE', 'UC_NONE', 'TPC_NONE', 'UC_NONE', 'SPC_NONE', 'UC_NONE', 'TPC_NONE', 'TPC_MPOLY', 'TPC_NONE', 'TPC_MPOLY', 'TPC_NONE', 'TPC_NONE', 'UC_NONE', 'UC_NONE', 'TPC_NONE', 'UC_NONE', 'TPC_NONE', 'SPC_NONE', 'SBX_MPOLY', 'UC_NONE', 'UC_NONE', 'SPC_NONE', 'SBX_MPOLY', 'TPC_NONE', 'SBX_MPOLY', 'SBX_MPOLY', 'UC_NONE', 'UC_MPOLY', 'UC_NONE', 'SPC_NONE', 'UC_NONE', 'SPC_NONE', 'SBX_NONE', 'TPC_NONE', 'SPC_NONE', 'SPC_NONE', 'SPC_NONE', 'UC_NONE', 'SPC_NONE', 'UC_NONE', 'TPC_NONE']","{'UC_MNUF': 1, 'UC_MPOLY': 2, 'TPC_NONE': 13, 'SPC_MPOLY': 1, 'SPC_NONE': 10, 'UC_NONE': 16, 'TPC_MPOLY': 2, 'SBX_MPOLY': 4, 'SBX_NONE': 1}"
2,51,TPC,NONE,0.6871814615152266,0.0386479212023378,1004302069.76,1017291561.290928,2446569.12,1936253.0715266813,0.7423664255154505,4.814441278977455e-05,0.02,0.0,GREEDY_HV,"['SPC_MBFLIP', 'UC_MNUF', 'UC_MPOLY', 'TPC_NONE', 'SPC_MPOLY', 'SPC_NONE', 'TPC_NONE', 'UC_NONE', 'UC_NONE', 'TPC_NONE', 'UC_NONE', 'UC_NONE', 'TPC_NONE', 'UC_NONE', 'SPC_NONE', 'UC_NONE', 'TPC_NONE', 'TPC_MPOLY', 'TPC_NONE', 'TPC_MPOLY', 'TPC_NONE', 'TPC_NONE', 'UC_NONE', 'UC_NONE', 'TPC_NONE', 'UC_NONE', 'TPC_NONE', 'SPC_NONE', 'SBX_MPOLY', 'UC_NONE', 'UC_NONE', 'SPC_NONE', 'SBX_MPOLY', 'TPC_NONE', 'SBX_MPOLY', 'SBX_MPOLY', 'UC_NONE', 'UC_MPOLY', 'UC_NONE', 'SPC_NONE', 'UC_NONE', 'SPC_NONE', 'SBX_NONE', 'TPC_NONE', 'SPC_NONE', 'SPC_NONE', 'SPC_NONE', 'UC_NONE', 'SPC_NONE', 'UC_NONE', 'TPC_NONE', 'TPC_NONE']","{'UC_MNUF': 1, 'UC_MPOLY': 2, 'TPC_NONE': 14, 'SPC_MPOLY': 1, 'SPC_NONE': 10, 'UC_NONE': 16, 'TPC_MPOLY': 2, 'SBX_MPOLY': 4, 'SBX_NONE': 1}"
2,52,TPC,NONE,0.6866355187455266,0.0388104059744853,1007373184.0,1025640709.6228276,2412769.44,1954754.0810711123,0.7423639944904172,-2.431025033278189e-06,0.0,0.0,GREEDY_HV,"['SPC_MBFLIP', 'UC_MNUF', 'UC_MPOLY', 'TPC_NONE', 'SPC_MPOLY', 'SPC_NONE', 'TPC_NONE', 'UC_NONE', 'UC_NONE', 'TPC_NONE', 'UC_NONE', 'UC_NONE', 'TPC_NONE', 'UC_NONE', 'SPC_NONE', 'UC_NONE', 'TPC_NONE', 'TPC_MPOLY', 'TPC_NONE', 'TPC_MPOLY', 'TPC_NONE', 'TPC_NONE', 'UC_NONE', 'UC_NONE', 'TPC_NONE', 'UC_NONE', 'TPC_NONE', 'SPC_NONE', 'SBX_MPOLY', 'UC_NONE', 'UC_NONE', 'SPC_NONE', 'SBX_MPOLY', 'TPC_NONE', 'SBX_MPOLY', 'SBX_MPOLY', 'UC_NONE', 'UC_MPOLY', 'UC_NONE', 'SPC_NONE', 'UC_NONE', 'SPC_NONE', 'SBX_NONE', 'TPC_NONE', 'SPC_NONE', 'SPC_NONE', 'SPC_NONE', 'UC_NONE', 'SPC_NONE', 'UC_NONE', 'TPC_NONE', 'TPC_NONE', 'TPC_NONE']","{'UC_MNUF': 1, 'UC_MPOLY': 2, 'TPC_NONE': 15, 'SPC_MPOLY': 1, 'SPC_NONE': 10, 'UC_NONE': 16, 'TPC_MPOLY': 2, 'SBX_MPOLY': 4, 'SBX_NONE': 1}"
2,53,TPC,NONE,0.6877471707556134,0.0384745204999885,1022441308.16,1015271792.1114068,2389783.2,1906788.201147972,0.7423985094573635,3.451496694628631e-05,0.0,0.0,GREEDY_HV,"['SPC_MBFLIP', 'UC_MNUF', 'UC_MPOLY', 'TPC_NONE', 'SPC_MPOLY', 'SPC_NONE', 'TPC_NONE', 'UC_NONE', 'UC_NONE', 'TPC_NONE', 'UC_NONE', 'UC_NONE', 'TPC_NONE', 'UC_NONE', 'SPC_NONE', 'UC_NONE', 'TPC_NONE', 'TPC_MPOLY', 'TPC_NONE', 'TPC_MPOLY', 'TPC_NONE', 'TPC_NONE', 'UC_NONE', 'UC_NONE', 'TPC_NONE', 'UC_NONE', 'TPC_NONE', 'SPC_NONE', 'SBX_MPOLY', 'UC_NONE', 'UC_NONE', 'SPC_NONE', 'SBX_MPOLY', 'TPC_NONE', 'SBX_MPOLY', 'SBX_MPOLY', 'UC_NONE', 'UC_MPOLY', 'UC_NONE', 'SPC_NONE', 'UC_NONE', 'SPC_NONE', 'SBX_NONE', 'TPC_NONE', 'SPC_NONE', 'SPC_NONE', 'SPC_NONE', 'UC_NONE', 'SPC_NONE', 'UC_NONE', 'TPC_NONE', 'TPC_NONE', 'TPC_NONE', 'TPC_NONE']","{'UC_MNUF': 1, 'UC_MPOLY': 2, 'TPC_NONE': 16, 'SPC_MPOLY': 1, 'SPC_NONE': 10, 'UC_NONE': 16, 'TPC_MPOLY': 2, 'SBX_MPOLY': 4, 'SBX_NONE': 1}"
2,54,SPC,NONE,0.6893118123503774,0.038789324984628,1027613102.08,983124506.1833476,2579413.92,1931314.1704528949,0.7423746896267566,-2.3819830606952586e-05,0.01,0.0,GREEDY_HV,"['SPC_MBFLIP', 'UC_MNUF', 'UC_MPOLY', 'TPC_NONE', 'SPC_MPOLY', 'SPC_NONE', 'TPC_NONE', 'UC_NONE', 'UC_NONE', 'TPC_NONE', 'UC_NONE', 'UC_NONE', 'TPC_NONE', 'UC_NONE', 'SPC_NONE', 'UC_NONE', 'TPC_NONE', 'TPC_MPOLY', 'TPC_NONE', 'TPC_MPOLY', 'TPC_NONE', 'TPC_NONE', 'UC_NONE', 'UC_NONE', 'TPC_NONE', 'UC_NONE', 'TPC_NONE', 'SPC_NONE', 'SBX_MPOLY', 'UC_NONE', 'UC_NONE', 'SPC_NONE', 'SBX_MPOLY', 'TPC_NONE', 'SBX_MPOLY', 'SBX_MPOLY', 'UC_NONE', 'UC_MPOLY', 'UC_NONE', 'SPC_NONE', 'UC_NONE', 'SPC_NONE', 'SBX_NONE', 'TPC_NONE', 'SPC_NONE', 'SPC_NONE', 'SPC_NONE', 'UC_NONE', 'SPC_NONE', 'UC_NONE', 'TPC_NONE', 'TPC_NONE', 'TPC_NONE', 'TPC_NONE', 'SPC_NONE']","{'UC_MNUF': 1, 'UC_MPOLY': 2, 'TPC_NONE': 16, 'SPC_MPOLY': 1, 'SPC_NONE': 11, 'UC_NONE': 16, 'TPC_MPOLY': 2, 'SBX_MPOLY': 4, 'SBX_NONE': 1}"
2,55,SPC,NONE,0.6884493227216782,0.0384836003301584,1019890426.88,1014956686.3474356,2524024.48,1948670.534037914,0.7423787491226268,4.059495870234464e-06,0.0,0.0,GREEDY_HV,"['SPC_MBFLIP', 'UC_MNUF', 'UC_MPOLY', 'TPC_NONE', 'SPC_MPOLY', 'SPC_NONE', 'TPC_NONE', 'UC_NONE', 'UC_NONE', 'TPC_NONE', 'UC_NONE', 'UC_NONE', 'TPC_NONE', 'UC_NONE', 'SPC_NONE', 'UC_NONE', 'TPC_NONE', 'TPC_MPOLY', 'TPC_NONE', 'TPC_MPOLY', 'TPC_NONE', 'TPC_NONE', 'UC_NONE', 'UC_NONE', 'TPC_NONE', 'UC_NONE', 'TPC_NONE', 'SPC_NONE', 'SBX_MPOLY', 'UC_NONE', 'UC_NONE', 'SPC_NONE', 'SBX_MPOLY', 'TPC_NONE', 'SBX_MPOLY', 'SBX_MPOLY', 'UC_NONE', 'UC_MPOLY', 'UC_NONE', 'SPC_NONE', 'UC_NONE', 'SPC_NONE', 'SBX_NONE', 'TPC_NONE', 'SPC_NONE', 'SPC_NONE', 'SPC_NONE', 'UC_NONE', 'SPC_NONE', 'UC_NONE', 'TPC_NONE', 'TPC_NONE', 'TPC_NONE', 'TPC_NONE', 'SPC_NONE', 'SPC_NONE']","{'UC_MNUF': 1, 'UC_MPOLY': 2, 'TPC_NONE': 16, 'SPC_MPOLY': 1, 'SPC_NONE': 12, 'UC_NONE': 16, 'TPC_MPOLY': 2, 'SBX_MPOLY': 4, 'SBX_NONE': 1}"
2,56,UC,NONE,0.6890348408133505,0.0384868781893984,1033773235.2,1012903388.6536664,2514400.16,1948382.7259767149,0.7424213269700336,4.2577847406799485e-05,0.02,0.0,GREEDY_HV,"['SPC_MBFLIP', 'UC_MNUF', 'UC_MPOLY', 'TPC_NONE', 'SPC_MPOLY', 'SPC_NONE', 'TPC_NONE', 'UC_NONE', 'UC_NONE', 'TPC_NONE', 'UC_NONE', 'UC_NONE', 'TPC_NONE', 'UC_NONE', 'SPC_NONE', 'UC_NONE', 'TPC_NONE', 'TPC_MPOLY', 'TPC_NONE', 'TPC_MPOLY', 'TPC_NONE', 'TPC_NONE', 'UC_NONE', 'UC_NONE', 'TPC_NONE', 'UC_NONE', 'TPC_NONE', 'SPC_NONE', 'SBX_MPOLY', 'UC_NONE', 'UC_NONE', 'SPC_NONE', 'SBX_MPOLY', 'TPC_NONE', 'SBX_MPOLY', 'SBX_MPOLY', 'UC_NONE', 'UC_MPOLY', 'UC_NONE', 'SPC_NONE', 'UC_NONE', 'SPC_NONE', 'SBX_NONE', 'TPC_NONE', 'SPC_NONE', 'SPC_NONE', 'SPC_NONE', 'UC_NONE', 'SPC_NONE', 'UC_NONE', 'TPC_NONE', 'TPC_NONE', 'TPC_NONE', 'TPC_NONE', 'SPC_NONE', 'SPC_NONE', 'UC_NONE']","{'UC_MNUF': 1, 'UC_MPOLY': 2, 'TPC_NONE': 16, 'SPC_MPOLY': 1, 'SPC_NONE': 12, 'UC_NONE': 17, 'TPC_MPOLY': 2, 'SBX_MPOLY': 4, 'SBX_NONE': 1}"
2,57,SPC,NONE,0.6881363487514,0.0390015033034056,1030900070.4,1007071482.642915,2451485.6,1939561.3529463825,0.7424392328194993,1.7905849465704726e-05,0.0,0.0,GREEDY_HV,"['SPC_MBFLIP', 'UC_MNUF', 'UC_MPOLY', 'TPC_NONE', 'SPC_MPOLY', 'SPC_NONE', 'TPC_NONE', 'UC_NONE', 'UC_NONE', 'TPC_NONE', 'UC_NONE', 'UC_NONE', 'TPC_NONE', 'UC_NONE', 'SPC_NONE', 'UC_NONE', 'TPC_NONE', 'TPC_MPOLY', 'TPC_NONE', 'TPC_MPOLY', 'TPC_NONE', 'TPC_NONE', 'UC_NONE', 'UC_NONE', 'TPC_NONE', 'UC_NONE', 'TPC_NONE', 'SPC_NONE', 'SBX_MPOLY', 'UC_NONE', 'UC_NONE', 'SPC_NONE', 'SBX_MPOLY', 'TPC_NONE', 'SBX_MPOLY', 'SBX_MPOLY', 'UC_NONE', 'UC_MPOLY', 'UC_NONE', 'SPC_NONE', 'UC_NONE', 'SPC_NONE', 'SBX_NONE', 'TPC_NONE', 'SPC_NONE', 'SPC_NONE', 'SPC_NONE', 'UC_NONE', 'SPC_NONE', 'UC_NONE', 'TPC_NONE', 'TPC_NONE', 'TPC_NONE', 'TPC_NONE', 'SPC_NONE', 'SPC_NONE', 'UC_NONE', 'SPC_NONE']","{'UC_MNUF': 1, 'UC_MPOLY': 2, 'TPC_NONE': 16, 'SPC_MPOLY': 1, 'SPC_NONE': 13, 'UC_NONE': 17, 'TPC_MPOLY': 2, 'SBX_MPOLY': 4, 'SBX_NONE': 1}"
2,58,TPC,NONE,0.6876676751608306,0.0386556584117581,1018644807.68,999198462.303293,2425730.72,1935304.408058299,0.7423975148682599,-4.171795123941724e-05,0.01,0.0,GREEDY_HV,"['SPC_MBFLIP', 'UC_MNUF', 'UC_MPOLY', 'TPC_NONE', 'SPC_MPOLY', 'SPC_NONE', 'TPC_NONE', 'UC_NONE', 'UC_NONE', 'TPC_NONE', 'UC_NONE', 'UC_NONE', 'TPC_NONE', 'UC_NONE', 'SPC_NONE', 'UC_NONE', 'TPC_NONE', 'TPC_MPOLY', 'TPC_NONE', 'TPC_MPOLY', 'TPC_NONE', 'TPC_NONE', 'UC_NONE', 'UC_NONE', 'TPC_NONE', 'UC_NONE', 'TPC_NONE', 'SPC_NONE', 'SBX_MPOLY', 'UC_NONE', 'UC_NONE', 'SPC_NONE', 'SBX_MPOLY', 'TPC_NONE', 'SBX_MPOLY', 'SBX_MPOLY', 'UC_NONE', 'UC_MPOLY', 'UC_NONE', 'SPC_NONE', 'UC_NONE', 'SPC_NONE', 'SBX_NONE', 'TPC_NONE', 'SPC_NONE', 'SPC_NONE', 'SPC_NONE', 'UC_NONE', 'SPC_NONE', 'UC_NONE', 'TPC_NONE', 'TPC_NONE', 'TPC_NONE', 'TPC_NONE', 'SPC_NONE', 'SPC_NONE', 'UC_NONE', 'SPC_NONE', 'TPC_NONE']","{'UC_MNUF': 1, 'UC_MPOLY': 2, 'TPC_NONE': 17, 'SPC_MPOLY': 1, 'SPC_NONE': 13, 'UC_NONE': 17, 'TPC_MPOLY': 2, 'SBX_MPOLY': 4, 'SBX_NONE': 1}"
2,59,TPC,NONE,0.6882976787146191,0.0385802788494224,1049463662.08,1027160968.0539207,2497787.04,1989336.98744442,0.7423597145017696,-3.780036649025931e-05,0.01,0.0,GREEDY_HV,"['SPC_MBFLIP', 'UC_MNUF', 'UC_MPOLY', 'TPC_NONE', 'SPC_MPOLY', 'SPC_NONE', 'TPC_NONE', 'UC_NONE', 'UC_NONE', 'TPC_NONE', 'UC_NONE', 'UC_NONE', 'TPC_NONE', 'UC_NONE', 'SPC_NONE', 'UC_NONE', 'TPC_NONE', 'TPC_MPOLY', 'TPC_NONE', 'TPC_MPOLY', 'TPC_NONE', 'TPC_NONE', 'UC_NONE', 'UC_NONE', 'TPC_NONE', 'UC_NONE', 'TPC_NONE', 'SPC_NONE', 'SBX_MPOLY', 'UC_NONE', 'UC_NONE', 'SPC_NONE', 'SBX_MPOLY', 'TPC_NONE', 'SBX_MPOLY', 'SBX_MPOLY', 'UC_NONE', 'UC_MPOLY', 'UC_NONE', 'SPC_NONE', 'UC_NONE', 'SPC_NONE', 'SBX_NONE', 'TPC_NONE', 'SPC_NONE', 'SPC_NONE', 'SPC_NONE', 'UC_NONE', 'SPC_NONE', 'UC_NONE', 'TPC_NONE', 'TPC_NONE', 'TPC_NONE', 'TPC_NONE', 'SPC_NONE', 'SPC_NONE', 'UC_NONE', 'SPC_NONE', 'TPC_NONE', 'TPC_NONE']","{'UC_MNUF': 1, 'UC_MPOLY': 2, 'TPC_NONE': 18, 'SPC_MPOLY': 1, 'SPC_NONE': 13, 'UC_NONE': 17, 'TPC_MPOLY': 2, 'SBX_MPOLY': 4, 'SBX_NONE': 1}"
2,60,SPC,NONE,0.6861786156282398,0.0387499692702342,958792872.96,969030887.294043,2334091.68,1949173.1010313623,0.7423815585604792,2.1844058709530323e-05,0.0,0.0,GREEDY_HV,"['SPC_MBFLIP', 'UC_MNUF', 'UC_MPOLY', 'TPC_NONE', 'SPC_MPOLY', 'SPC_NONE', 'TPC_NONE', 'UC_NONE', 'UC_NONE', 'TPC_NONE', 'UC_NONE', 'UC_NONE', 'TPC_NONE', 'UC_NONE', 'SPC_NONE', 'UC_NONE', 'TPC_NONE', 'TPC_MPOLY', 'TPC_NONE', 'TPC_MPOLY', 'TPC_NONE', 'TPC_NONE', 'UC_NONE', 'UC_NONE', 'TPC_NONE', 'UC_NONE', 'TPC_NONE', 'SPC_NONE', 'SBX_MPOLY', 'UC_NONE', 'UC_NONE', 'SPC_NONE', 'SBX_MPOLY', 'TPC_NONE', 'SBX_MPOLY', 'SBX_MPOLY', 'UC_NONE', 'UC_MPOLY', 'UC_NONE', 'SPC_NONE', 'UC_NONE', 'SPC_NONE', 'SBX_NONE', 'TPC_NONE', 'SPC_NONE', 'SPC_NONE', 'SPC_NONE', 'UC_NONE', 'SPC_NONE', 'UC_NONE', 'TPC_NONE', 'TPC_NONE', 'TPC_NONE', 'TPC_NONE', 'SPC_NONE', 'SPC_NONE', 'UC_NONE', 'SPC_NONE', 'TPC_NONE', 'TPC_NONE', 'SPC_NONE']","{'UC_MNUF': 1, 'UC_MPOLY': 2, 'TPC_NONE': 18, 'SPC_MPOLY': 1, 'SPC_NONE': 14, 'UC_NONE': 17, 'TPC_MPOLY': 2, 'SBX_MPOLY': 4, 'SBX_NONE': 1}"
2,61,SPC,NONE,0.690283445612491,0.0375688744991658,1051270837.76,1016684795.980278,2556184.48,1926132.899837872,0.7424293846410618,4.782608058262472e-05,0.0,0.0,GREEDY_HV,"['SPC_MBFLIP', 'UC_MNUF', 'UC_MPOLY', 'TPC_NONE', 'SPC_MPOLY', 'SPC_NONE', 'TPC_NONE', 'UC_NONE', 'UC_NONE', 'TPC_NONE', 'UC_NONE', 'UC_NONE', 'TPC_NONE', 'UC_NONE', 'SPC_NONE', 'UC_NONE', 'TPC_NONE', 'TPC_MPOLY', 'TPC_NONE', 'TPC_MPOLY', 'TPC_NONE', 'TPC_NONE', 'UC_NONE', 'UC_NONE', 'TPC_NONE', 'UC_NONE', 'TPC_NONE', 'SPC_NONE', 'SBX_MPOLY', 'UC_NONE', 'UC_NONE', 'SPC_NONE', 'SBX_MPOLY', 'TPC_NONE', 'SBX_MPOLY', 'SBX_MPOLY', 'UC_NONE', 'UC_MPOLY', 'UC_NONE', 'SPC_NONE', 'UC_NONE', 'SPC_NONE', 'SBX_NONE', 'TPC_NONE', 'SPC_NONE', 'SPC_NONE', 'SPC_NONE', 'UC_NONE', 'SPC_NONE', 'UC_NONE', 'TPC_NONE', 'TPC_NONE', 'TPC_NONE', 'TPC_NONE', 'SPC_NONE', 'SPC_NONE', 'UC_NONE', 'SPC_NONE', 'TPC_NONE', 'TPC_NONE', 'SPC_NONE', 'SPC_NONE']","{'UC_MNUF': 1, 'UC_MPOLY': 2, 'TPC_NONE': 18, 'SPC_MPOLY': 1, 'SPC_NONE': 15, 'UC_NONE': 17, 'TPC_MPOLY': 2, 'SBX_MPOLY': 4, 'SBX_NONE': 1}"
2,62,UC,NONE,0.6878265236416697,0.0388155094441583,1029084677.12,1027953579.5151896,2431544.48,1948376.0699075963,0.7424274515143372,-1.9331267245847883e-06,0.0,0.0,GREEDY_HV,"['SPC_MBFLIP', 'UC_MNUF', 'UC_MPOLY', 'TPC_NONE', 'SPC_MPOLY', 'SPC_NONE', 'TPC_NONE', 'UC_NONE', 'UC_NONE', 'TPC_NONE', 'UC_NONE', 'UC_NONE', 'TPC_NONE', 'UC_NONE', 'SPC_NONE', 'UC_NONE', 'TPC_NONE', 'TPC_MPOLY', 'TPC_NONE', 'TPC_MPOLY', 'TPC_NONE', 'TPC_NONE', 'UC_NONE', 'UC_NONE', 'TPC_NONE', 'UC_NONE', 'TPC_NONE', 'SPC_NONE', 'SBX_MPOLY', 'UC_NONE', 'UC_NONE', 'SPC_NONE', 'SBX_MPOLY', 'TPC_NONE', 'SBX_MPOLY', 'SBX_MPOLY', 'UC_NONE', 'UC_MPOLY', 'UC_NONE', 'SPC_NONE', 'UC_NONE', 'SPC_NONE', 'SBX_NONE', 'TPC_NONE', 'SPC_NONE', 'SPC_NONE', 'SPC_NONE', 'UC_NONE', 'SPC_NONE', 'UC_NONE', 'TPC_NONE', 'TPC_NONE', 'TPC_NONE', 'TPC_NONE', 'SPC_NONE', 'SPC_NONE', 'UC_NONE', 'SPC_NONE', 'TPC_NONE', 'TPC_NONE', 'SPC_NONE', 'SPC_NONE', 'UC_NONE']","{'UC_MNUF': 1, 'UC_MPOLY': 2, 'TPC_NONE': 18, 'SPC_MPOLY': 1, 'SPC_NONE': 15, 'UC_NONE': 18, 'TPC_MPOLY': 2, 'SBX_MPOLY': 4, 'SBX_NONE': 1}"
2,63,SPC,NONE,0.6881223438228798,0.0391634306093598,1033173268.48,1028011066.2533352,2532583.84,1991184.1285810147,0.7423692747876329,-5.817672670427321e-05,0.0,0.0,GREEDY_HV,"['SPC_MBFLIP', 'UC_MNUF', 'UC_MPOLY', 'TPC_NONE', 'SPC_MPOLY', 'SPC_NONE', 'TPC_NONE', 'UC_NONE', 'UC_NONE', 'TPC_NONE', 'UC_NONE', 'UC_NONE', 'TPC_NONE', 'UC_NONE', 'SPC_NONE', 'UC_NONE', 'TPC_NONE', 'TPC_MPOLY', 'TPC_NONE', 'TPC_MPOLY', 'TPC_NONE', 'TPC_NONE', 'UC_NONE', 'UC_NONE', 'TPC_NONE', 'UC_NONE', 'TPC_NONE', 'SPC_NONE', 'SBX_MPOLY', 'UC_NONE', 'UC_NONE', 'SPC_NONE', 'SBX_MPOLY', 'TPC_NONE', 'SBX_MPOLY', 'SBX_MPOLY', 'UC_NONE', 'UC_MPOLY', 'UC_NONE', 'SPC_NONE', 'UC_NONE', 'SPC_NONE', 'SBX_NONE', 'TPC_NONE', 'SPC_NONE', 'SPC_NONE', 'SPC_NONE', 'UC_NONE', 'SPC_NONE', 'UC_NONE', 'TPC_NONE', 'TPC_NONE', 'TPC_NONE', 'TPC_NONE', 'SPC_NONE', 'SPC_NONE', 'UC_NONE', 'SPC_NONE', 'TPC_NONE', 'TPC_NONE', 'SPC_NONE', 'SPC_NONE', 'UC_NONE', 'SPC_NONE']","{'UC_MNUF': 1, 'UC_MPOLY': 2, 'TPC_NONE': 18, 'SPC_MPOLY': 1, 'SPC_NONE': 16, 'UC_NONE': 18, 'TPC_MPOLY': 2, 'SBX_MPOLY': 4, 'SBX_NONE': 1}"
2,64,SPC,NONE,0.6887326406752666,0.0388118175610395,1030747095.04,1029064147.6070569,2545810.08,1961374.4252228416,0.7423662313633419,-3.043424291027108e-06,0.0,0.0,GREEDY_HV,"['SPC_MBFLIP', 'UC_MNUF', 'UC_MPOLY', 'TPC_NONE', 'SPC_MPOLY', 'SPC_NONE', 'TPC_NONE', 'UC_NONE', 'UC_NONE', 'TPC_NONE', 'UC_NONE', 'UC_NONE', 'TPC_NONE', 'UC_NONE', 'SPC_NONE', 'UC_NONE', 'TPC_NONE', 'TPC_MPOLY', 'TPC_NONE', 'TPC_MPOLY', 'TPC_NONE', 'TPC_NONE', 'UC_NONE', 'UC_NONE', 'TPC_NONE', 'UC_NONE', 'TPC_NONE', 'SPC_NONE', 'SBX_MPOLY', 'UC_NONE', 'UC_NONE', 'SPC_NONE', 'SBX_MPOLY', 'TPC_NONE', 'SBX_MPOLY', 'SBX_MPOLY', 'UC_NONE', 'UC_MPOLY', 'UC_NONE', 'SPC_NONE', 'UC_NONE', 'SPC_NONE', 'SBX_NONE', 'TPC_NONE', 'SPC_NONE', 'SPC_NONE', 'SPC_NONE', 'UC_NONE', 'SPC_NONE', 'UC_NONE', 'TPC_NONE', 'TPC_NONE', 'TPC_NONE', 'TPC_NONE', 'SPC_NONE', 'SPC_NONE', 'UC_NONE', 'SPC_NONE', 'TPC_NONE', 'TPC_NONE', 'SPC_NONE', 'SPC_NONE', 'UC_NONE', 'SPC_NONE', 'SPC_NONE']","{'UC_MNUF': 1, 'UC_MPOLY': 2, 'TPC_NONE': 18, 'SPC_MPOLY': 1, 'SPC_NONE': 17, 'UC_NONE': 18, 'TPC_MPOLY': 2, 'SBX_MPOLY': 4, 'SBX_NONE': 1}"
2,65,SPC,NONE,0.6879435958599697,0.0391054795288796,1055951047.68,1031023067.105152,2526540.96,1967665.645827389,0.742408389480117,4.215811677510395e-05,0.0,0.0,GREEDY_HV,"['SPC_MBFLIP', 'UC_MNUF', 'UC_MPOLY', 'TPC_NONE', 'SPC_MPOLY', 'SPC_NONE', 'TPC_NONE', 'UC_NONE', 'UC_NONE', 'TPC_NONE', 'UC_NONE', 'UC_NONE', 'TPC_NONE', 'UC_NONE', 'SPC_NONE', 'UC_NONE', 'TPC_NONE', 'TPC_MPOLY', 'TPC_NONE', 'TPC_MPOLY', 'TPC_NONE', 'TPC_NONE', 'UC_NONE', 'UC_NONE', 'TPC_NONE', 'UC_NONE', 'TPC_NONE', 'SPC_NONE', 'SBX_MPOLY', 'UC_NONE', 'UC_NONE', 'SPC_NONE', 'SBX_MPOLY', 'TPC_NONE', 'SBX_MPOLY', 'SBX_MPOLY', 'UC_NONE', 'UC_MPOLY', 'UC_NONE', 'SPC_NONE', 'UC_NONE', 'SPC_NONE', 'SBX_NONE', 'TPC_NONE', 'SPC_NONE', 'SPC_NONE', 'SPC_NONE', 'UC_NONE', 'SPC_NONE', 'UC_NONE', 'TPC_NONE', 'TPC_NONE', 'TPC_NONE', 'TPC_NONE', 'SPC_NONE', 'SPC_NONE', 'UC_NONE', 'SPC_NONE', 'TPC_NONE', 'TPC_NONE', 'SPC_NONE', 'SPC_NONE', 'UC_NONE', 'SPC_NONE', 'SPC_NONE', 'SPC_NONE']","{'UC_MNUF': 1, 'UC_MPOLY': 2, 'TPC_NONE': 18, 'SPC_MPOLY': 1, 'SPC_NONE': 18, 'UC_NONE': 18, 'TPC_MPOLY': 2, 'SBX_MPOLY': 4, 'SBX_NONE': 1}"
2,66,SPC,NONE,0.688303431976785,0.0389919243895581,1031291545.6,1004786290.0309592,2495015.84,1950221.962876137,0.742372440373084,-3.594910703297316e-05,0.01,0.0,GREEDY_HV,"['SPC_MBFLIP', 'UC_MNUF', 'UC_MPOLY', 'TPC_NONE', 'SPC_MPOLY', 'SPC_NONE', 'TPC_NONE', 'UC_NONE', 'UC_NONE', 'TPC_NONE', 'UC_NONE', 'UC_NONE', 'TPC_NONE', 'UC_NONE', 'SPC_NONE', 'UC_NONE', 'TPC_NONE', 'TPC_MPOLY', 'TPC_NONE', 'TPC_MPOLY', 'TPC_NONE', 'TPC_NONE', 'UC_NONE', 'UC_NONE', 'TPC_NONE', 'UC_NONE', 'TPC_NONE', 'SPC_NONE', 'SBX_MPOLY', 'UC_NONE', 'UC_NONE', 'SPC_NONE', 'SBX_MPOLY', 'TPC_NONE', 'SBX_MPOLY', 'SBX_MPOLY', 'UC_NONE', 'UC_MPOLY', 'UC_NONE', 'SPC_NONE', 'UC_NONE', 'SPC_NONE', 'SBX_NONE', 'TPC_NONE', 'SPC_NONE', 'SPC_NONE', 'SPC_NONE', 'UC_NONE', 'SPC_NONE', 'UC_NONE', 'TPC_NONE', 'TPC_NONE', 'TPC_NONE', 'TPC_NONE', 'SPC_NONE', 'SPC_NONE', 'UC_NONE', 'SPC_NONE', 'TPC_NONE', 'TPC_NONE', 'SPC_NONE', 'SPC_NONE', 'UC_NONE', 'SPC_NONE', 'SPC_NONE', 'SPC_NONE', 'SPC_NONE']","{'UC_MNUF': 1, 'UC_MPOLY': 2, 'TPC_NONE': 18, 'SPC_MPOLY': 1, 'SPC_NONE': 19, 'UC_NONE': 18, 'TPC_MPOLY': 2, 'SBX_MPOLY': 4, 'SBX_NONE': 1}"
2,67,TPC,NONE,0.6876533089645107,0.0393290966120067,1026387880.96,1036662466.8956816,2510895.52,1983193.854748791,0.742390307016954,1.7866643869934862e-05,0.0,0.0,GREEDY_HV,"['SPC_MBFLIP', 'UC_MNUF', 'UC_MPOLY', 'TPC_NONE', 'SPC_MPOLY', 'SPC_NONE', 'TPC_NONE', 'UC_NONE', 'UC_NONE', 'TPC_NONE', 'UC_NONE', 'UC_NONE', 'TPC_NONE', 'UC_NONE', 'SPC_NONE', 'UC_NONE', 'TPC_NONE', 'TPC_MPOLY', 'TPC_NONE', 'TPC_MPOLY', 'TPC_NONE', 'TPC_NONE', 'UC_NONE', 'UC_NONE', 'TPC_NONE', 'UC_NONE', 'TPC_NONE', 'SPC_NONE', 'SBX_MPOLY', 'UC_NONE', 'UC_NONE', 'SPC_NONE', 'SBX_MPOLY', 'TPC_NONE', 'SBX_MPOLY', 'SBX_MPOLY', 'UC_NONE', 'UC_MPOLY', 'UC_NONE', 'SPC_NONE', 'UC_NONE', 'SPC_NONE', 'SBX_NONE', 'TPC_NONE', 'SPC_NONE', 'SPC_NONE', 'SPC_NONE', 'UC_NONE', 'SPC_NONE', 'UC_NONE', 'TPC_NONE', 'TPC_NONE', 'TPC_NONE', 'TPC_NONE', 'SPC_NONE', 'SPC_NONE', 'UC_NONE', 'SPC_NONE', 'TPC_NONE', 'TPC_NONE', 'SPC_NONE', 'SPC_NONE', 'UC_NONE', 'SPC_NONE', 'SPC_NONE', 'SPC_NONE', 'SPC_NONE', 'TPC_NONE']","{'UC_MNUF': 1, 'UC_MPOLY': 2, 'TPC_NONE': 19, 'SPC_MPOLY': 1, 'SPC_NONE': 19, 'UC_NONE': 18, 'TPC_MPOLY': 2, 'SBX_MPOLY': 4, 'SBX_NONE': 1}"
2,68,SPC,NONE,0.6880820611387799,0.0395133065290642,1027579171.84,1039712410.2762316,2541126.56,1969541.1577481304,0.7424245665725155,3.425955556157767e-05,0.0,0.0,GREEDY_HV,"['SPC_MBFLIP', 'UC_MNUF', 'UC_MPOLY', 'TPC_NONE', 'SPC_MPOLY', 'SPC_NONE', 'TPC_NONE', 'UC_NONE', 'UC_NONE', 'TPC_NONE', 'UC_NONE', 'UC_NONE', 'TPC_NONE', 'UC_NONE', 'SPC_NONE', 'UC_NONE', 'TPC_NONE', 'TPC_MPOLY', 'TPC_NONE', 'TPC_MPOLY', 'TPC_NONE', 'TPC_NONE', 'UC_NONE', 'UC_NONE', 'TPC_NONE', 'UC_NONE', 'TPC_NONE', 'SPC_NONE', 'SBX_MPOLY', 'UC_NONE', 'UC_NONE', 'SPC_NONE', 'SBX_MPOLY', 'TPC_NONE', 'SBX_MPOLY', 'SBX_MPOLY', 'UC_NONE', 'UC_MPOLY', 'UC_NONE', 'SPC_NONE', 'UC_NONE', 'SPC_NONE', 'SBX_NONE', 'TPC_NONE', 'SPC_NONE', 'SPC_NONE', 'SPC_NONE', 'UC_NONE', 'SPC_NONE', 'UC_NONE', 'TPC_NONE', 'TPC_NONE', 'TPC_NONE', 'TPC_NONE', 'SPC_NONE', 'SPC_NONE', 'UC_NONE', 'SPC_NONE', 'TPC_NONE', 'TPC_NONE', 'SPC_NONE', 'SPC_NONE', 'UC_NONE', 'SPC_NONE', 'SPC_NONE', 'SPC_NONE', 'SPC_NONE', 'TPC_NONE', 'SPC_NONE']","{'UC_MNUF': 1, 'UC_MPOLY': 2, 'TPC_NONE': 19, 'SPC_MPOLY': 1, 'SPC_NONE': 20, 'UC_NONE': 18, 'TPC_MPOLY': 2, 'SBX_MPOLY': 4, 'SBX_NONE': 1}"
2,69,TPC,NONE,0.6897224448243614,0.0389055337429488,1041632890.88,990226578.8653356,2583623.84,1934669.1178345445,0.7424173549583652,-7.211614150293144e-06,0.0,0.0,GREEDY_HV,"['SPC_MBFLIP', 'UC_MNUF', 'UC_MPOLY', 'TPC_NONE', 'SPC_MPOLY', 'SPC_NONE', 'TPC_NONE', 'UC_NONE', 'UC_NONE', 'TPC_NONE', 'UC_NONE', 'UC_NONE', 'TPC_NONE', 'UC_NONE', 'SPC_NONE', 'UC_NONE', 'TPC_NONE', 'TPC_MPOLY', 'TPC_NONE', 'TPC_MPOLY', 'TPC_NONE', 'TPC_NONE', 'UC_NONE', 'UC_NONE', 'TPC_NONE', 'UC_NONE', 'TPC_NONE', 'SPC_NONE', 'SBX_MPOLY', 'UC_NONE', 'UC_NONE', 'SPC_NONE', 'SBX_MPOLY', 'TPC_NONE', 'SBX_MPOLY', 'SBX_MPOLY', 'UC_NONE', 'UC_MPOLY', 'UC_NONE', 'SPC_NONE', 'UC_NONE', 'SPC_NONE', 'SBX_NONE', 'TPC_NONE', 'SPC_NONE', 'SPC_NONE', 'SPC_NONE', 'UC_NONE', 'SPC_NONE', 'UC_NONE', 'TPC_NONE', 'TPC_NONE', 'TPC_NONE', 'TPC_NONE', 'SPC_NONE', 'SPC_NONE', 'UC_NONE', 'SPC_NONE', 'TPC_NONE', 'TPC_NONE', 'SPC_NONE', 'SPC_NONE', 'UC_NONE', 'SPC_NONE', 'SPC_NONE', 'SPC_NONE', 'SPC_NONE', 'TPC_NONE', 'SPC_NONE', 'TPC_NONE']","{'UC_MNUF': 1, 'UC_MPOLY': 2, 'TPC_NONE': 20, 'SPC_MPOLY': 1, 'SPC_NONE': 20, 'UC_NONE': 18, 'TPC_MPOLY': 2, 'SBX_MPOLY': 4, 'SBX_NONE': 1}"
2,70,UC,NONE,0.6893342173411745,0.0386446776859658,1017321041.92,997485264.8486488,2529495.2,1935046.066644367,0.7424066685519242,-1.0686406441084983e-05,0.0,0.0,GREEDY_HV,"['SPC_MBFLIP', 'UC_MNUF', 'UC_MPOLY', 'TPC_NONE', 'SPC_MPOLY', 'SPC_NONE', 'TPC_NONE', 'UC_NONE', 'UC_NONE', 'TPC_NONE', 'UC_NONE', 'UC_NONE', 'TPC_NONE', 'UC_NONE', 'SPC_NONE', 'UC_NONE', 'TPC_NONE', 'TPC_MPOLY', 'TPC_NONE', 'TPC_MPOLY', 'TPC_NONE', 'TPC_NONE', 'UC_NONE', 'UC_NONE', 'TPC_NONE', 'UC_NONE', 'TPC_NONE', 'SPC_NONE', 'SBX_MPOLY', 'UC_NONE', 'UC_NONE', 'SPC_NONE', 'SBX_MPOLY', 'TPC_NONE', 'SBX_MPOLY', 'SBX_MPOLY', 'UC_NONE', 'UC_MPOLY', 'UC_NONE', 'SPC_NONE', 'UC_NONE', 'SPC_NONE', 'SBX_NONE', 'TPC_NONE', 'SPC_NONE', 'SPC_NONE', 'SPC_NONE', 'UC_NONE', 'SPC_NONE', 'UC_NONE', 'TPC_NONE', 'TPC_NONE', 'TPC_NONE', 'TPC_NONE', 'SPC_NONE', 'SPC_NONE', 'UC_NONE', 'SPC_NONE', 'TPC_NONE', 'TPC_NONE', 'SPC_NONE', 'SPC_NONE', 'UC_NONE', 'SPC_NONE', 'SPC_NONE', 'SPC_NONE', 'SPC_NONE', 'TPC_NONE', 'SPC_NONE', 'TPC_NONE', 'UC_NONE']","{'UC_MNUF': 1, 'UC_MPOLY': 2, 'TPC_NONE': 20, 'SPC_MPOLY': 1, 'SPC_NONE': 20, 'UC_NONE': 19, 'TPC_MPOLY': 2, 'SBX_MPOLY': 4, 'SBX_NONE': 1}"
2,71,UC,NONE,0.6867784210898796,0.0394757984887721,986961131.52,1016971462.8299624,2484322.72,2004807.610601586,0.7424377003437731,3.1031791848934454e-05,0.0,0.0,GREEDY_HV,"['SPC_MBFLIP', 'UC_MNUF', 'UC_MPOLY', 'TPC_NONE', 'SPC_MPOLY', 'SPC_NONE', 'TPC_NONE', 'UC_NONE', 'UC_NONE', 'TPC_NONE', 'UC_NONE', 'UC_NONE', 'TPC_NONE', 'UC_NONE', 'SPC_NONE', 'UC_NONE', 'TPC_NONE', 'TPC_MPOLY', 'TPC_NONE', 'TPC_MPOLY', 'TPC_NONE', 'TPC_NONE', 'UC_NONE', 'UC_NONE', 'TPC_NONE', 'UC_NONE', 'TPC_NONE', 'SPC_NONE', 'SBX_MPOLY', 'UC_NONE', 'UC_NONE', 'SPC_NONE', 'SBX_MPOLY', 'TPC_NONE', 'SBX_MPOLY', 'SBX_MPOLY', 'UC_NONE', 'UC_MPOLY', 'UC_NONE', 'SPC_NONE', 'UC_NONE', 'SPC_NONE', 'SBX_NONE', 'TPC_NONE', 'SPC_NONE', 'SPC_NONE', 'SPC_NONE', 'UC_NONE', 'SPC_NONE', 'UC_NONE', 'TPC_NONE', 'TPC_NONE', 'TPC_NONE', 'TPC_NONE', 'SPC_NONE', 'SPC_NONE', 'UC_NONE', 'SPC_NONE', 'TPC_NONE', 'TPC_NONE', 'SPC_NONE', 'SPC_NONE', 'UC_NONE', 'SPC_NONE', 'SPC_NONE', 'SPC_NONE', 'SPC_NONE', 'TPC_NONE', 'SPC_NONE', 'TPC_NONE', 'UC_NONE', 'UC_NONE']","{'UC_MNUF': 1, 'UC_MPOLY': 2, 'TPC_NONE': 20, 'SPC_MPOLY': 1, 'SPC_NONE': 20, 'UC_NONE': 20, 'TPC_MPOLY': 2, 'SBX_MPOLY': 4, 'SBX_NONE': 1}"
2,72,UC,NONE,0.6888551926387089,0.0388238591473295,1033617484.8,1036781922.9863808,2540366.24,1971617.244323396,0.742394241409684,-4.345893408908008e-05,0.01,0.0,GREEDY_HV,"['SPC_MBFLIP', 'UC_MNUF', 'UC_MPOLY', 'TPC_NONE', 'SPC_MPOLY', 'SPC_NONE', 'TPC_NONE', 'UC_NONE', 'UC_NONE', 'TPC_NONE', 'UC_NONE', 'UC_NONE', 'TPC_NONE', 'UC_NONE', 'SPC_NONE', 'UC_NONE', 'TPC_NONE', 'TPC_MPOLY', 'TPC_NONE', 'TPC_MPOLY', 'TPC_NONE', 'TPC_NONE', 'UC_NONE', 'UC_NONE', 'TPC_NONE', 'UC_NONE', 'TPC_NONE', 'SPC_NONE', 'SBX_MPOLY', 'UC_NONE', 'UC_NONE', 'SPC_NONE', 'SBX_MPOLY', 'TPC_NONE', 'SBX_MPOLY', 'SBX_MPOLY', 'UC_NONE', 'UC_MPOLY', 'UC_NONE', 'SPC_NONE', 'UC_NONE', 'SPC_NONE', 'SBX_NONE', 'TPC_NONE', 'SPC_NONE', 'SPC_NONE', 'SPC_NONE', 'UC_NONE', 'SPC_NONE', 'UC_NONE', 'TPC_NONE', 'TPC_NONE', 'TPC_NONE', 'TPC_NONE', 'SPC_NONE', 'SPC_NONE', 'UC_NONE', 'SPC_NONE', 'TPC_NONE', 'TPC_NONE', 'SPC_NONE', 'SPC_NONE', 'UC_NONE', 'SPC_NONE', 'SPC_NONE', 'SPC_NONE', 'SPC_NONE', 'TPC_NONE', 'SPC_NONE', 'TPC_NONE', 'UC_NONE', 'UC_NONE', 'UC_NONE']","{'UC_MNUF': 1, 'UC_MPOLY': 2, 'TPC_NONE': 20, 'SPC_MPOLY': 1, 'SPC_NONE': 20, 'UC_NONE': 21, 'TPC_MPOLY': 2, 'SBX_MPOLY': 4, 'SBX_NONE': 1}"
2,73,UC,NONE,0.6879906990280634,0.0389378134052127,1042033991.68,1064365600.9789468,2419020.96,1927747.2781145656,0.7423894827624555,-4.758647228486623e-06,0.0,0.0,GREEDY_HV,"['SPC_MBFLIP', 'UC_MNUF', 'UC_MPOLY', 'TPC_NONE', 'SPC_MPOLY', 'SPC_NONE', 'TPC_NONE', 'UC_NONE', 'UC_NONE', 'TPC_NONE', 'UC_NONE', 'UC_NONE', 'TPC_NONE', 'UC_NONE', 'SPC_NONE', 'UC_NONE', 'TPC_NONE', 'TPC_MPOLY', 'TPC_NONE', 'TPC_MPOLY', 'TPC_NONE', 'TPC_NONE', 'UC_NONE', 'UC_NONE', 'TPC_NONE', 'UC_NONE', 'TPC_NONE', 'SPC_NONE', 'SBX_MPOLY', 'UC_NONE', 'UC_NONE', 'SPC_NONE', 'SBX_MPOLY', 'TPC_NONE', 'SBX_MPOLY', 'SBX_MPOLY', 'UC_NONE', 'UC_MPOLY', 'UC_NONE', 'SPC_NONE', 'UC_NONE', 'SPC_NONE', 'SBX_NONE', 'TPC_NONE', 'SPC_NONE', 'SPC_NONE', 'SPC_NONE', 'UC_NONE', 'SPC_NONE', 'UC_NONE', 'TPC_NONE', 'TPC_NONE', 'TPC_NONE', 'TPC_NONE', 'SPC_NONE', 'SPC_NONE', 'UC_NONE', 'SPC_NONE', 'TPC_NONE', 'TPC_NONE', 'SPC_NONE', 'SPC_NONE', 'UC_NONE', 'SPC_NONE', 'SPC_NONE', 'SPC_NONE', 'SPC_NONE', 'TPC_NONE', 'SPC_NONE', 'TPC_NONE', 'UC_NONE', 'UC_NONE', 'UC_NONE', 'UC_NONE']","{'UC_MNUF': 1, 'UC_MPOLY': 2, 'TPC_NONE': 20, 'SPC_MPOLY': 1, 'SPC_NONE': 20, 'UC_NONE': 22, 'TPC_MPOLY': 2, 'SBX_MPOLY': 4, 'SBX_NONE': 1}"
2,74,TPC,NONE,0.68563367476486,0.0394485406948325,966066283.52,1012195903.7125475,2348516.0,1951764.1098229468,0.7423977009190342,8.218156578698732e-06,0.0,0.0,GREEDY_HV,"['SPC_MBFLIP', 'UC_MNUF', 'UC_MPOLY', 'TPC_NONE', 'SPC_MPOLY', 'SPC_NONE', 'TPC_NONE', 'UC_NONE', 'UC_NONE', 'TPC_NONE', 'UC_NONE', 'UC_NONE', 'TPC_NONE', 'UC_NONE', 'SPC_NONE', 'UC_NONE', 'TPC_NONE', 'TPC_MPOLY', 'TPC_NONE', 'TPC_MPOLY', 'TPC_NONE', 'TPC_NONE', 'UC_NONE', 'UC_NONE', 'TPC_NONE', 'UC_NONE', 'TPC_NONE', 'SPC_NONE', 'SBX_MPOLY', 'UC_NONE', 'UC_NONE', 'SPC_NONE', 'SBX_MPOLY', 'TPC_NONE', 'SBX_MPOLY', 'SBX_MPOLY', 'UC_NONE', 'UC_MPOLY', 'UC_NONE', 'SPC_NONE', 'UC_NONE', 'SPC_NONE', 'SBX_NONE', 'TPC_NONE', 'SPC_NONE', 'SPC_NONE', 'SPC_NONE', 'UC_NONE', 'SPC_NONE', 'UC_NONE', 'TPC_NONE', 'TPC_NONE', 'TPC_NONE', 'TPC_NONE', 'SPC_NONE', 'SPC_NONE', 'UC_NONE', 'SPC_NONE', 'TPC_NONE', 'TPC_NONE', 'SPC_NONE', 'SPC_NONE', 'UC_NONE', 'SPC_NONE', 'SPC_NONE', 'SPC_NONE', 'SPC_NONE', 'TPC_NONE', 'SPC_NONE', 'TPC_NONE', 'UC_NONE', 'UC_NONE', 'UC_NONE', 'UC_NONE', 'TPC_NONE']","{'UC_MNUF': 1, 'UC_MPOLY': 2, 'TPC_NONE': 21, 'SPC_MPOLY': 1, 'SPC_NONE': 20, 'UC_NONE': 22, 'TPC_MPOLY': 2, 'SBX_MPOLY': 4, 'SBX_NONE': 1}"
2,75,SPC,NONE,0.6858836536300705,0.0396444799922778,1005357363.2,1015021640.2951488,2331547.04,1938440.9043856768,0.7424342842853662,3.65833663319437e-05,0.0,0.0,GREEDY_HV,"['SPC_MBFLIP', 'UC_MNUF', 'UC_MPOLY', 'TPC_NONE', 'SPC_MPOLY', 'SPC_NONE', 'TPC_NONE', 'UC_NONE', 'UC_NONE', 'TPC_NONE', 'UC_NONE', 'UC_NONE', 'TPC_NONE', 'UC_NONE', 'SPC_NONE', 'UC_NONE', 'TPC_NONE', 'TPC_MPOLY', 'TPC_NONE', 'TPC_MPOLY', 'TPC_NONE', 'TPC_NONE', 'UC_NONE', 'UC_NONE', 'TPC_NONE', 'UC_NONE', 'TPC_NONE', 'SPC_NONE', 'SBX_MPOLY', 'UC_NONE', 'UC_NONE', 'SPC_NONE', 'SBX_MPOLY', 'TPC_NONE', 'SBX_MPOLY', 'SBX_MPOLY', 'UC_NONE', 'UC_MPOLY', 'UC_NONE', 'SPC_NONE', 'UC_NONE', 'SPC_NONE', 'SBX_NONE', 'TPC_NONE', 'SPC_NONE', 'SPC_NONE', 'SPC_NONE', 'UC_NONE', 'SPC_NONE', 'UC_NONE', 'TPC_NONE', 'TPC_NONE', 'TPC_NONE', 'TPC_NONE', 'SPC_NONE', 'SPC_NONE', 'UC_NONE', 'SPC_NONE', 'TPC_NONE', 'TPC_NONE', 'SPC_NONE', 'SPC_NONE', 'UC_NONE', 'SPC_NONE', 'SPC_NONE', 'SPC_NONE', 'SPC_NONE', 'TPC_NONE', 'SPC_NONE', 'TPC_NONE', 'UC_NONE', 'UC_NONE', 'UC_NONE', 'UC_NONE', 'TPC_NONE', 'SPC_NONE']","{'UC_MNUF': 1, 'UC_MPOLY': 2, 'TPC_NONE': 21, 'SPC_MPOLY': 1, 'SPC_NONE': 21, 'UC_NONE': 22, 'TPC_MPOLY': 2, 'SBX_MPOLY': 4, 'SBX_NONE': 1}"
2,76,TPC,NONE,0.684821427698312,0.0393079266570833,961156316.16,1014618356.9091874,2309962.4,1991605.25239685,0.7424480544541425,1.3770168776350287e-05,0.0,0.0,GREEDY_HV,"['SPC_MBFLIP', 'UC_MNUF', 'UC_MPOLY', 'TPC_NONE', 'SPC_MPOLY', 'SPC_NONE', 'TPC_NONE', 'UC_NONE', 'UC_NONE', 'TPC_NONE', 'UC_NONE', 'UC_NONE', 'TPC_NONE', 'UC_NONE', 'SPC_NONE', 'UC_NONE', 'TPC_NONE', 'TPC_MPOLY', 'TPC_NONE', 'TPC_MPOLY', 'TPC_NONE', 'TPC_NONE', 'UC_NONE', 'UC_NONE', 'TPC_NONE', 'UC_NONE', 'TPC_NONE', 'SPC_NONE', 'SBX_MPOLY', 'UC_NONE', 'UC_NONE', 'SPC_NONE', 'SBX_MPOLY', 'TPC_NONE', 'SBX_MPOLY', 'SBX_MPOLY', 'UC_NONE', 'UC_MPOLY', 'UC_NONE', 'SPC_NONE', 'UC_NONE', 'SPC_NONE', 'SBX_NONE', 'TPC_NONE', 'SPC_NONE', 'SPC_NONE', 'SPC_NONE', 'UC_NONE', 'SPC_NONE', 'UC_NONE', 'TPC_NONE', 'TPC_NONE', 'TPC_NONE', 'TPC_NONE', 'SPC_NONE', 'SPC_NONE', 'UC_NONE', 'SPC_NONE', 'TPC_NONE', 'TPC_NONE', 'SPC_NONE', 'SPC_NONE', 'UC_NONE', 'SPC_NONE', 'SPC_NONE', 'SPC_NONE', 'SPC_NONE', 'TPC_NONE', 'SPC_NONE', 'TPC_NONE', 'UC_NONE', 'UC_NONE', 'UC_NONE', 'UC_NONE', 'TPC_NONE', 'SPC_NONE', 'TPC_NONE']","{'UC_MNUF': 1, 'UC_MPOLY': 2, 'TPC_NONE': 22, 'SPC_MPOLY': 1, 'SPC_NONE': 21, 'UC_NONE': 22, 'TPC_MPOLY': 2, 'SBX_MPOLY': 4, 'SBX_NONE': 1}"
2,77,SPC,NONE,0.6869838249104413,0.0393696465268692,1001182192.64,1004788019.9720708,2404197.28,1946478.7310336484,0.7424170945339811,-3.095992016144411e-05,0.0,0.0,GREEDY_HV,"['SPC_MBFLIP', 'UC_MNUF', 'UC_MPOLY', 'TPC_NONE', 'SPC_MPOLY', 'SPC_NONE', 'TPC_NONE', 'UC_NONE', 'UC_NONE', 'TPC_NONE', 'UC_NONE', 'UC_NONE', 'TPC_NONE', 'UC_NONE', 'SPC_NONE', 'UC_NONE', 'TPC_NONE', 'TPC_MPOLY', 'TPC_NONE', 'TPC_MPOLY', 'TPC_NONE', 'TPC_NONE', 'UC_NONE', 'UC_NONE', 'TPC_NONE', 'UC_NONE', 'TPC_NONE', 'SPC_NONE', 'SBX_MPOLY', 'UC_NONE', 'UC_NONE', 'SPC_NONE', 'SBX_MPOLY', 'TPC_NONE', 'SBX_MPOLY', 'SBX_MPOLY', 'UC_NONE', 'UC_MPOLY', 'UC_NONE', 'SPC_NONE', 'UC_NONE', 'SPC_NONE', 'SBX_NONE', 'TPC_NONE', 'SPC_NONE', 'SPC_NONE', 'SPC_NONE', 'UC_NONE', 'SPC_NONE', 'UC_NONE', 'TPC_NONE', 'TPC_NONE', 'TPC_NONE', 'TPC_NONE', 'SPC_NONE', 'SPC_NONE', 'UC_NONE', 'SPC_NONE', 'TPC_NONE', 'TPC_NONE', 'SPC_NONE', 'SPC_NONE', 'UC_NONE', 'SPC_NONE', 'SPC_NONE', 'SPC_NONE', 'SPC_NONE', 'TPC_NONE', 'SPC_NONE', 'TPC_NONE', 'UC_NONE', 'UC_NONE', 'UC_NONE', 'UC_NONE', 'TPC_NONE', 'SPC_NONE', 'TPC_NONE', 'SPC_NONE']","{'UC_MNUF': 1, 'UC_MPOLY': 2, 'TPC_NONE': 22, 'SPC_MPOLY': 1, 'SPC_NONE': 22, 'UC_NONE': 22, 'TPC_MPOLY': 2, 'SBX_MPOLY': 4, 'SBX_NONE': 1}"
2,78,SPC,NONE,0.6869618476872432,0.0390788507668199,1017240760.32,1039123621.064008,2372394.4,1963334.6593830409,0.7424350164808047,1.7921946823595825e-05,0.01,0.0,GREEDY_HV,"['SPC_MBFLIP', 'UC_MNUF', 'UC_MPOLY', 'TPC_NONE', 'SPC_MPOLY', 'SPC_NONE', 'TPC_NONE', 'UC_NONE', 'UC_NONE', 'TPC_NONE', 'UC_NONE', 'UC_NONE', 'TPC_NONE', 'UC_NONE', 'SPC_NONE', 'UC_NONE', 'TPC_NONE', 'TPC_MPOLY', 'TPC_NONE', 'TPC_MPOLY', 'TPC_NONE', 'TPC_NONE', 'UC_NONE', 'UC_NONE', 'TPC_NONE', 'UC_NONE', 'TPC_NONE', 'SPC_NONE', 'SBX_MPOLY', 'UC_NONE', 'UC_NONE', 'SPC_NONE', 'SBX_MPOLY', 'TPC_NONE', 'SBX_MPOLY', 'SBX_MPOLY', 'UC_NONE', 'UC_MPOLY', 'UC_NONE', 'SPC_NONE', 'UC_NONE', 'SPC_NONE', 'SBX_NONE', 'TPC_NONE', 'SPC_NONE', 'SPC_NONE', 'SPC_NONE', 'UC_NONE', 'SPC_NONE', 'UC_NONE', 'TPC_NONE', 'TPC_NONE', 'TPC_NONE', 'TPC_NONE', 'SPC_NONE', 'SPC_NONE', 'UC_NONE', 'SPC_NONE', 'TPC_NONE', 'TPC_NONE', 'SPC_NONE', 'SPC_NONE', 'UC_NONE', 'SPC_NONE', 'SPC_NONE', 'SPC_NONE', 'SPC_NONE', 'TPC_NONE', 'SPC_NONE', 'TPC_NONE', 'UC_NONE', 'UC_NONE', 'UC_NONE', 'UC_NONE', 'TPC_NONE', 'SPC_NONE', 'TPC_NONE', 'SPC_NONE', 'SPC_NONE']","{'UC_MNUF': 1, 'UC_MPOLY': 2, 'TPC_NONE': 22, 'SPC_MPOLY': 1, 'SPC_NONE': 23, 'UC_NONE': 22, 'TPC_MPOLY': 2, 'SBX_MPOLY': 4, 'SBX_NONE': 1}"
2,79,UC,NONE,0.6895283432919084,0.0388603791710915,1059198208.0,1016478207.206758,2504201.12,1880354.9424811543,0.7424634346699353,2.841818913057459e-05,0.0,0.0,GREEDY_HV,"['SPC_MBFLIP', 'UC_MNUF', 'UC_MPOLY', 'TPC_NONE', 'SPC_MPOLY', 'SPC_NONE', 'TPC_NONE', 'UC_NONE', 'UC_NONE', 'TPC_NONE', 'UC_NONE', 'UC_NONE', 'TPC_NONE', 'UC_NONE', 'SPC_NONE', 'UC_NONE', 'TPC_NONE', 'TPC_MPOLY', 'TPC_NONE', 'TPC_MPOLY', 'TPC_NONE', 'TPC_NONE', 'UC_NONE', 'UC_NONE', 'TPC_NONE', 'UC_NONE', 'TPC_NONE', 'SPC_NONE', 'SBX_MPOLY', 'UC_NONE', 'UC_NONE', 'SPC_NONE', 'SBX_MPOLY', 'TPC_NONE', 'SBX_MPOLY', 'SBX_MPOLY', 'UC_NONE', 'UC_MPOLY', 'UC_NONE', 'SPC_NONE', 'UC_NONE', 'SPC_NONE', 'SBX_NONE', 'TPC_NONE', 'SPC_NONE', 'SPC_NONE', 'SPC_NONE', 'UC_NONE', 'SPC_NONE', 'UC_NONE', 'TPC_NONE', 'TPC_NONE', 'TPC_NONE', 'TPC_NONE', 'SPC_NONE', 'SPC_NONE', 'UC_NONE', 'SPC_NONE', 'TPC_NONE', 'TPC_NONE', 'SPC_NONE', 'SPC_NONE', 'UC_NONE', 'SPC_NONE', 'SPC_NONE', 'SPC_NONE', 'SPC_NONE', 'TPC_NONE', 'SPC_NONE', 'TPC_NONE', 'UC_NONE', 'UC_NONE', 'UC_NONE', 'UC_NONE', 'TPC_NONE', 'SPC_NONE', 'TPC_NONE', 'SPC_NONE', 'SPC_NONE', 'UC_NONE']","{'UC_MNUF': 1, 'UC_MPOLY': 2, 'TPC_NONE': 22, 'SPC_MPOLY': 1, 'SPC_NONE': 23, 'UC_NONE': 23, 'TPC_MPOLY': 2, 'SBX_MPOLY': 4, 'SBX_NONE': 1}"
2,80,SPC,NONE,0.6873519847731441,0.0391416153613638,1022865310.72,1034651389.2429084,2405002.4,1922528.8682219791,0.7423768306785028,-8.660399143245456e-05,0.0,0.0,GREEDY_HV,"['SPC_MBFLIP', 'UC_MNUF', 'UC_MPOLY', 'TPC_NONE', 'SPC_MPOLY', 'SPC_NONE', 'TPC_NONE', 'UC_NONE', 'UC_NONE', 'TPC_NONE', 'UC_NONE', 'UC_NONE', 'TPC_NONE', 'UC_NONE', 'SPC_NONE', 'UC_NONE', 'TPC_NONE', 'TPC_MPOLY', 'TPC_NONE', 'TPC_MPOLY', 'TPC_NONE', 'TPC_NONE', 'UC_NONE', 'UC_NONE', 'TPC_NONE', 'UC_NONE', 'TPC_NONE', 'SPC_NONE', 'SBX_MPOLY', 'UC_NONE', 'UC_NONE', 'SPC_NONE', 'SBX_MPOLY', 'TPC_NONE', 'SBX_MPOLY', 'SBX_MPOLY', 'UC_NONE', 'UC_MPOLY', 'UC_NONE', 'SPC_NONE', 'UC_NONE', 'SPC_NONE', 'SBX_NONE', 'TPC_NONE', 'SPC_NONE', 'SPC_NONE', 'SPC_NONE', 'UC_NONE', 'SPC_NONE', 'UC_NONE', 'TPC_NONE', 'TPC_NONE', 'TPC_NONE', 'TPC_NONE', 'SPC_NONE', 'SPC_NONE', 'UC_NONE', 'SPC_NONE', 'TPC_NONE', 'TPC_NONE', 'SPC_NONE', 'SPC_NONE', 'UC_NONE', 'SPC_NONE', 'SPC_NONE', 'SPC_NONE', 'SPC_NONE', 'TPC_NONE', 'SPC_NONE', 'TPC_NONE', 'UC_NONE', 'UC_NONE', 'UC_NONE', 'UC_NONE', 'TPC_NONE', 'SPC_NONE', 'TPC_NONE', 'SPC_NONE', 'SPC_NONE', 'UC_NONE', 'SPC_NONE']","{'UC_MNUF': 1, 'UC_MPOLY': 2, 'TPC_NONE': 22, 'SPC_MPOLY': 1, 'SPC_NONE': 24, 'UC_NONE': 23, 'TPC_MPOLY': 2, 'SBX_MPOLY': 4, 'SBX_NONE': 1}"
2,81,UC,NONE,0.6887753086110703,0.0387927648694049,1025393203.2,992322116.5080756,2460352.16,1902061.86918562,0.7423652384444389,-1.15922340638841e-05,0.0,0.0,GREEDY_HV,"['SPC_MBFLIP', 'UC_MNUF', 'UC_MPOLY', 'TPC_NONE', 'SPC_MPOLY', 'SPC_NONE', 'TPC_NONE', 'UC_NONE', 'UC_NONE', 'TPC_NONE', 'UC_NONE', 'UC_NONE', 'TPC_NONE', 'UC_NONE', 'SPC_NONE', 'UC_NONE', 'TPC_NONE', 'TPC_MPOLY', 'TPC_NONE', 'TPC_MPOLY', 'TPC_NONE', 'TPC_NONE', 'UC_NONE', 'UC_NONE', 'TPC_NONE', 'UC_NONE', 'TPC_NONE', 'SPC_NONE', 'SBX_MPOLY', 'UC_NONE', 'UC_NONE', 'SPC_NONE', 'SBX_MPOLY', 'TPC_NONE', 'SBX_MPOLY', 'SBX_MPOLY', 'UC_NONE', 'UC_MPOLY', 'UC_NONE', 'SPC_NONE', 'UC_NONE', 'SPC_NONE', 'SBX_NONE', 'TPC_NONE', 'SPC_NONE', 'SPC_NONE', 'SPC_NONE', 'UC_NONE', 'SPC_NONE', 'UC_NONE', 'TPC_NONE', 'TPC_NONE', 'TPC_NONE', 'TPC_NONE', 'SPC_NONE', 'SPC_NONE', 'UC_NONE', 'SPC_NONE', 'TPC_NONE', 'TPC_NONE', 'SPC_NONE', 'SPC_NONE', 'UC_NONE', 'SPC_NONE', 'SPC_NONE', 'SPC_NONE', 'SPC_NONE', 'TPC_NONE', 'SPC_NONE', 'TPC_NONE', 'UC_NONE', 'UC_NONE', 'UC_NONE', 'UC_NONE', 'TPC_NONE', 'SPC_NONE', 'TPC_NONE', 'SPC_NONE', 'SPC_NONE', 'UC_NONE', 'SPC_NONE', 'UC_NONE']","{'UC_MNUF': 1, 'UC_MPOLY': 2, 'TPC_NONE': 22, 'SPC_MPOLY': 1, 'SPC_NONE': 24, 'UC_NONE': 24, 'TPC_MPOLY': 2, 'SBX_MPOLY': 4, 'SBX_NONE': 1}"
2,82,SPC,NONE,0.6880804657945285,0.0389791191516616,1028474961.92,998899161.315316,2400335.52,1918864.0151077125,0.7423968696625939,3.16312181549705e-05,0.0,0.0,GREEDY_HV,"['SPC_MBFLIP', 'UC_MNUF', 'UC_MPOLY', 'TPC_NONE', 'SPC_MPOLY', 'SPC_NONE', 'TPC_NONE', 'UC_NONE', 'UC_NONE', 'TPC_NONE', 'UC_NONE', 'UC_NONE', 'TPC_NONE', 'UC_NONE', 'SPC_NONE', 'UC_NONE', 'TPC_NONE', 'TPC_MPOLY', 'TPC_NONE', 'TPC_MPOLY', 'TPC_NONE', 'TPC_NONE', 'UC_NONE', 'UC_NONE', 'TPC_NONE', 'UC_NONE', 'TPC_NONE', 'SPC_NONE', 'SBX_MPOLY', 'UC_NONE', 'UC_NONE', 'SPC_NONE', 'SBX_MPOLY', 'TPC_NONE', 'SBX_MPOLY', 'SBX_MPOLY', 'UC_NONE', 'UC_MPOLY', 'UC_NONE', 'SPC_NONE', 'UC_NONE', 'SPC_NONE', 'SBX_NONE', 'TPC_NONE', 'SPC_NONE', 'SPC_NONE', 'SPC_NONE', 'UC_NONE', 'SPC_NONE', 'UC_NONE', 'TPC_NONE', 'TPC_NONE', 'TPC_NONE', 'TPC_NONE', 'SPC_NONE', 'SPC_NONE', 'UC_NONE', 'SPC_NONE', 'TPC_NONE', 'TPC_NONE', 'SPC_NONE', 'SPC_NONE', 'UC_NONE', 'SPC_NONE', 'SPC_NONE', 'SPC_NONE', 'SPC_NONE', 'TPC_NONE', 'SPC_NONE', 'TPC_NONE', 'UC_NONE', 'UC_NONE', 'UC_NONE', 'UC_NONE', 'TPC_NONE', 'SPC_NONE', 'TPC_NONE', 'SPC_NONE', 'SPC_NONE', 'UC_NONE', 'SPC_NONE', 'UC_NONE', 'SPC_NONE']","{'UC_MNUF': 1, 'UC_MPOLY': 2, 'TPC_NONE': 22, 'SPC_MPOLY': 1, 'SPC_NONE': 25, 'UC_NONE': 24, 'TPC_MPOLY': 2, 'SBX_MPOLY': 4, 'SBX_NONE': 1}"
2,83,TPC,NONE,0.6877963835020404,0.0390219704407633,1021130547.2,1000850545.1129198,2380971.68,1907792.6789012004,0.7424429131978876,4.604353529369387e-05,0.0,0.0,GREEDY_HV,"['SPC_MBFLIP', 'UC_MNUF', 'UC_MPOLY', 'TPC_NONE', 'SPC_MPOLY', 'SPC_NONE', 'TPC_NONE', 'UC_NONE', 'UC_NONE', 'TPC_NONE', 'UC_NONE', 'UC_NONE', 'TPC_NONE', 'UC_NONE', 'SPC_NONE', 'UC_NONE', 'TPC_NONE', 'TPC_MPOLY', 'TPC_NONE', 'TPC_MPOLY', 'TPC_NONE', 'TPC_NONE', 'UC_NONE', 'UC_NONE', 'TPC_NONE', 'UC_NONE', 'TPC_NONE', 'SPC_NONE', 'SBX_MPOLY', 'UC_NONE', 'UC_NONE', 'SPC_NONE', 'SBX_MPOLY', 'TPC_NONE', 'SBX_MPOLY', 'SBX_MPOLY', 'UC_NONE', 'UC_MPOLY', 'UC_NONE', 'SPC_NONE', 'UC_NONE', 'SPC_NONE', 'SBX_NONE', 'TPC_NONE', 'SPC_NONE', 'SPC_NONE', 'SPC_NONE', 'UC_NONE', 'SPC_NONE', 'UC_NONE', 'TPC_NONE', 'TPC_NONE', 'TPC_NONE', 'TPC_NONE', 'SPC_NONE', 'SPC_NONE', 'UC_NONE', 'SPC_NONE', 'TPC_NONE', 'TPC_NONE', 'SPC_NONE', 'SPC_NONE', 'UC_NONE', 'SPC_NONE', 'SPC_NONE', 'SPC_NONE', 'SPC_NONE', 'TPC_NONE', 'SPC_NONE', 'TPC_NONE', 'UC_NONE', 'UC_NONE', 'UC_NONE', 'UC_NONE', 'TPC_NONE', 'SPC_NONE', 'TPC_NONE', 'SPC_NONE', 'SPC_NONE', 'UC_NONE', 'SPC_NONE', 'UC_NONE', 'SPC_NONE', 'TPC_NONE']","{'UC_MNUF': 1, 'UC_MPOLY': 2, 'TPC_NONE': 23, 'SPC_MPOLY': 1, 'SPC_NONE': 25, 'UC_NONE': 24, 'TPC_MPOLY': 2, 'SBX_MPOLY': 4, 'SBX_NONE': 1}"
2,84,SPC,NONE,0.687749813970133,0.0391954274852431,1050381716.48,1027922866.2716308,2358564.0,1895946.8317486965,0.7424624471162682,1.9533918380609805e-05,0.01,0.0,GREEDY_HV,"['SPC_MBFLIP', 'UC_MNUF', 'UC_MPOLY', 'TPC_NONE', 'SPC_MPOLY', 'SPC_NONE', 'TPC_NONE', 'UC_NONE', 'UC_NONE', 'TPC_NONE', 'UC_NONE', 'UC_NONE', 'TPC_NONE', 'UC_NONE', 'SPC_NONE', 'UC_NONE', 'TPC_NONE', 'TPC_MPOLY', 'TPC_NONE', 'TPC_MPOLY', 'TPC_NONE', 'TPC_NONE', 'UC_NONE', 'UC_NONE', 'TPC_NONE', 'UC_NONE', 'TPC_NONE', 'SPC_NONE', 'SBX_MPOLY', 'UC_NONE', 'UC_NONE', 'SPC_NONE', 'SBX_MPOLY', 'TPC_NONE', 'SBX_MPOLY', 'SBX_MPOLY', 'UC_NONE', 'UC_MPOLY', 'UC_NONE', 'SPC_NONE', 'UC_NONE', 'SPC_NONE', 'SBX_NONE', 'TPC_NONE', 'SPC_NONE', 'SPC_NONE', 'SPC_NONE', 'UC_NONE', 'SPC_NONE', 'UC_NONE', 'TPC_NONE', 'TPC_NONE', 'TPC_NONE', 'TPC_NONE', 'SPC_NONE', 'SPC_NONE', 'UC_NONE', 'SPC_NONE', 'TPC_NONE', 'TPC_NONE', 'SPC_NONE', 'SPC_NONE', 'UC_NONE', 'SPC_NONE', 'SPC_NONE', 'SPC_NONE', 'SPC_NONE', 'TPC_NONE', 'SPC_NONE', 'TPC_NONE', 'UC_NONE', 'UC_NONE', 'UC_NONE', 'UC_NONE', 'TPC_NONE', 'SPC_NONE', 'TPC_NONE', 'SPC_NONE', 'SPC_NONE', 'UC_NONE', 'SPC_NONE', 'UC_NONE', 'SPC_NONE', 'TPC_NONE', 'SPC_NONE']","{'UC_MNUF': 1, 'UC_MPOLY': 2, 'TPC_NONE': 23, 'SPC_MPOLY': 1, 'SPC_NONE': 26, 'UC_NONE': 24, 'TPC_MPOLY': 2, 'SBX_MPOLY': 4, 'SBX_NONE': 1}"
2,85,TPC,NONE,0.6892116086312262,0.0390032137799738,1046975741.44,996935542.0728118,2465420.96,1918940.91633927,0.7424966567721376,3.42096558694216e-05,0.0,0.0,GREEDY_HV,"['SPC_MBFLIP', 'UC_MNUF', 'UC_MPOLY', 'TPC_NONE', 'SPC_MPOLY', 'SPC_NONE', 'TPC_NONE', 'UC_NONE', 'UC_NONE', 'TPC_NONE', 'UC_NONE', 'UC_NONE', 'TPC_NONE', 'UC_NONE', 'SPC_NONE', 'UC_NONE', 'TPC_NONE', 'TPC_MPOLY', 'TPC_NONE', 'TPC_MPOLY', 'TPC_NONE', 'TPC_NONE', 'UC_NONE', 'UC_NONE', 'TPC_NONE', 'UC_NONE', 'TPC_NONE', 'SPC_NONE', 'SBX_MPOLY', 'UC_NONE', 'UC_NONE', 'SPC_NONE', 'SBX_MPOLY', 'TPC_NONE', 'SBX_MPOLY', 'SBX_MPOLY', 'UC_NONE', 'UC_MPOLY', 'UC_NONE', 'SPC_NONE', 'UC_NONE', 'SPC_NONE', 'SBX_NONE', 'TPC_NONE', 'SPC_NONE', 'SPC_NONE', 'SPC_NONE', 'UC_NONE', 'SPC_NONE', 'UC_NONE', 'TPC_NONE', 'TPC_NONE', 'TPC_NONE', 'TPC_NONE', 'SPC_NONE', 'SPC_NONE', 'UC_NONE', 'SPC_NONE', 'TPC_NONE', 'TPC_NONE', 'SPC_NONE', 'SPC_NONE', 'UC_NONE', 'SPC_NONE', 'SPC_NONE', 'SPC_NONE', 'SPC_NONE', 'TPC_NONE', 'SPC_NONE', 'TPC_NONE', 'UC_NONE', 'UC_NONE', 'UC_NONE', 'UC_NONE', 'TPC_NONE', 'SPC_NONE', 'TPC_NONE', 'SPC_NONE', 'SPC_NONE', 'UC_NONE', 'SPC_NONE', 'UC_NONE', 'SPC_NONE', 'TPC_NONE', 'SPC_NONE', 'TPC_NONE']","{'UC_MNUF': 1, 'UC_MPOLY': 2, 'TPC_NONE': 24, 'SPC_MPOLY': 1, 'SPC_NONE': 26, 'UC_NONE': 24, 'TPC_MPOLY': 2, 'SBX_MPOLY': 4, 'SBX_NONE': 1}"
2,86,TPC,NONE,0.6878737236798801,0.0393498468475582,1037794782.72,1001980346.4085482,2411733.92,1945686.128442672,0.7425189266332013,2.2269861063684004e-05,0.0,0.0,GREEDY_HV,"['SPC_MBFLIP', 'UC_MNUF', 'UC_MPOLY', 'TPC_NONE', 'SPC_MPOLY', 'SPC_NONE', 'TPC_NONE', 'UC_NONE', 'UC_NONE', 'TPC_NONE', 'UC_NONE', 'UC_NONE', 'TPC_NONE', 'UC_NONE', 'SPC_NONE', 'UC_NONE', 'TPC_NONE', 'TPC_MPOLY', 'TPC_NONE', 'TPC_MPOLY', 'TPC_NONE', 'TPC_NONE', 'UC_NONE', 'UC_NONE', 'TPC_NONE', 'UC_NONE', 'TPC_NONE', 'SPC_NONE', 'SBX_MPOLY', 'UC_NONE', 'UC_NONE', 'SPC_NONE', 'SBX_MPOLY', 'TPC_NONE', 'SBX_MPOLY', 'SBX_MPOLY', 'UC_NONE', 'UC_MPOLY', 'UC_NONE', 'SPC_NONE', 'UC_NONE', 'SPC_NONE', 'SBX_NONE', 'TPC_NONE', 'SPC_NONE', 'SPC_NONE', 'SPC_NONE', 'UC_NONE', 'SPC_NONE', 'UC_NONE', 'TPC_NONE', 'TPC_NONE', 'TPC_NONE', 'TPC_NONE', 'SPC_NONE', 'SPC_NONE', 'UC_NONE', 'SPC_NONE', 'TPC_NONE', 'TPC_NONE', 'SPC_NONE', 'SPC_NONE', 'UC_NONE', 'SPC_NONE', 'SPC_NONE', 'SPC_NONE', 'SPC_NONE', 'TPC_NONE', 'SPC_NONE', 'TPC_NONE', 'UC_NONE', 'UC_NONE', 'UC_NONE', 'UC_NONE', 'TPC_NONE', 'SPC_NONE', 'TPC_NONE', 'SPC_NONE', 'SPC_NONE', 'UC_NONE', 'SPC_NONE', 'UC_NONE', 'SPC_NONE', 'TPC_NONE', 'SPC_NONE', 'TPC_NONE', 'TPC_NONE']","{'UC_MNUF': 1, 'UC_MPOLY': 2, 'TPC_NONE': 25, 'SPC_MPOLY': 1, 'SPC_NONE': 26, 'UC_NONE': 24, 'TPC_MPOLY': 2, 'SBX_MPOLY': 4, 'SBX_NONE': 1}"
2,87,UC,NONE,0.687527329698998,0.0392259265348538,1003840202.24,977940459.10252,2398724.0,1945785.5472260865,0.7424798398202194,-3.908681298192551e-05,0.02,0.0,GREEDY_HV,"['SPC_MBFLIP', 'UC_MNUF', 'UC_MPOLY', 'TPC_NONE', 'SPC_MPOLY', 'SPC_NONE', 'TPC_NONE', 'UC_NONE', 'UC_NONE', 'TPC_NONE', 'UC_NONE', 'UC_NONE', 'TPC_NONE', 'UC_NONE', 'SPC_NONE', 'UC_NONE', 'TPC_NONE', 'TPC_MPOLY', 'TPC_NONE', 'TPC_MPOLY', 'TPC_NONE', 'TPC_NONE', 'UC_NONE', 'UC_NONE', 'TPC_NONE', 'UC_NONE', 'TPC_NONE', 'SPC_NONE', 'SBX_MPOLY', 'UC_NONE', 'UC_NONE', 'SPC_NONE', 'SBX_MPOLY', 'TPC_NONE', 'SBX_MPOLY', 'SBX_MPOLY', 'UC_NONE', 'UC_MPOLY', 'UC_NONE', 'SPC_NONE', 'UC_NONE', 'SPC_NONE', 'SBX_NONE', 'TPC_NONE', 'SPC_NONE', 'SPC_NONE', 'SPC_NONE', 'UC_NONE', 'SPC_NONE', 'UC_NONE', 'TPC_NONE', 'TPC_NONE', 'TPC_NONE', 'TPC_NONE', 'SPC_NONE', 'SPC_NONE', 'UC_NONE', 'SPC_NONE', 'TPC_NONE', 'TPC_NONE', 'SPC_NONE', 'SPC_NONE', 'UC_NONE', 'SPC_NONE', 'SPC_NONE', 'SPC_NONE', 'SPC_NONE', 'TPC_NONE', 'SPC_NONE', 'TPC_NONE', 'UC_NONE', 'UC_NONE', 'UC_NONE', 'UC_NONE', 'TPC_NONE', 'SPC_NONE', 'TPC_NONE', 'SPC_NONE', 'SPC_NONE', 'UC_NONE', 'SPC_NONE', 'UC_NONE', 'SPC_NONE', 'TPC_NONE', 'SPC_NONE', 'TPC_NONE', 'TPC_NONE', 'UC_NONE']","{'UC_MNUF': 1, 'UC_MPOLY': 2, 'TPC_NONE': 25, 'SPC_MPOLY': 1, 'SPC_NONE': 26, 'UC_NONE': 25, 'TPC_MPOLY': 2, 'SBX_MPOLY': 4, 'SBX_NONE': 1}"
2,88,TPC,NONE,0.6878799168218902,0.0393365458513568,1024034204.16,1002590338.2444028,2490382.24,1973126.7773085288,0.7424677247167744,-1.2115103445009543e-05,0.0,0.0,GREEDY_HV,"['SPC_MBFLIP', 'UC_MNUF', 'UC_MPOLY', 'TPC_NONE', 'SPC_MPOLY', 'SPC_NONE', 'TPC_NONE', 'UC_NONE', 'UC_NONE', 'TPC_NONE', 'UC_NONE', 'UC_NONE', 'TPC_NONE', 'UC_NONE', 'SPC_NONE', 'UC_NONE', 'TPC_NONE', 'TPC_MPOLY', 'TPC_NONE', 'TPC_MPOLY', 'TPC_NONE', 'TPC_NONE', 'UC_NONE', 'UC_NONE', 'TPC_NONE', 'UC_NONE', 'TPC_NONE', 'SPC_NONE', 'SBX_MPOLY', 'UC_NONE', 'UC_NONE', 'SPC_NONE', 'SBX_MPOLY', 'TPC_NONE', 'SBX_MPOLY', 'SBX_MPOLY', 'UC_NONE', 'UC_MPOLY', 'UC_NONE', 'SPC_NONE', 'UC_NONE', 'SPC_NONE', 'SBX_NONE', 'TPC_NONE', 'SPC_NONE', 'SPC_NONE', 'SPC_NONE', 'UC_NONE', 'SPC_NONE', 'UC_NONE', 'TPC_NONE', 'TPC_NONE', 'TPC_NONE', 'TPC_NONE', 'SPC_NONE', 'SPC_NONE', 'UC_NONE', 'SPC_NONE', 'TPC_NONE', 'TPC_NONE', 'SPC_NONE', 'SPC_NONE', 'UC_NONE', 'SPC_NONE', 'SPC_NONE', 'SPC_NONE', 'SPC_NONE', 'TPC_NONE', 'SPC_NONE', 'TPC_NONE', 'UC_NONE', 'UC_NONE', 'UC_NONE', 'UC_NONE', 'TPC_NONE', 'SPC_NONE', 'TPC_NONE', 'SPC_NONE', 'SPC_NONE', 'UC_NONE', 'SPC_NONE', 'UC_NONE', 'SPC_NONE', 'TPC_NONE', 'SPC_NONE', 'TPC_NONE', 'TPC_NONE', 'UC_NONE', 'TPC_NONE']","{'UC_MNUF': 1, 'UC_MPOLY': 2, 'TPC_NONE': 26, 'SPC_MPOLY': 1, 'SPC_NONE': 26, 'UC_NONE': 25, 'TPC_MPOLY': 2, 'SBX_MPOLY': 4, 'SBX_NONE': 1}"
2,89,UC,NONE,0.6882136358565066,0.0389082074351795,1021322283.52,1003286093.6022886,2440704.16,1933366.597032475,0.7424418974844065,-2.582723236788098e-05,0.0,0.0,GREEDY_HV,"['SPC_MBFLIP', 'UC_MNUF', 'UC_MPOLY', 'TPC_NONE', 'SPC_MPOLY', 'SPC_NONE', 'TPC_NONE', 'UC_NONE', 'UC_NONE', 'TPC_NONE', 'UC_NONE', 'UC_NONE', 'TPC_NONE', 'UC_NONE', 'SPC_NONE', 'UC_NONE', 'TPC_NONE', 'TPC_MPOLY', 'TPC_NONE', 'TPC_MPOLY', 'TPC_NONE', 'TPC_NONE', 'UC_NONE', 'UC_NONE', 'TPC_NONE', 'UC_NONE', 'TPC_NONE', 'SPC_NONE', 'SBX_MPOLY', 'UC_NONE', 'UC_NONE', 'SPC_NONE', 'SBX_MPOLY', 'TPC_NONE', 'SBX_MPOLY', 'SBX_MPOLY', 'UC_NONE', 'UC_MPOLY', 'UC_NONE', 'SPC_NONE', 'UC_NONE', 'SPC_NONE', 'SBX_NONE', 'TPC_NONE', 'SPC_NONE', 'SPC_NONE', 'SPC_NONE', 'UC_NONE', 'SPC_NONE', 'UC_NONE', 'TPC_NONE', 'TPC_NONE', 'TPC_NONE', 'TPC_NONE', 'SPC_NONE', 'SPC_NONE', 'UC_NONE', 'SPC_NONE', 'TPC_NONE', 'TPC_NONE', 'SPC_NONE', 'SPC_NONE', 'UC_NONE', 'SPC_NONE', 'SPC_NONE', 'SPC_NONE', 'SPC_NONE', 'TPC_NONE', 'SPC_NONE', 'TPC_NONE', 'UC_NONE', 'UC_NONE', 'UC_NONE', 'UC_NONE', 'TPC_NONE', 'SPC_NONE', 'TPC_NONE', 'SPC_NONE', 'SPC_NONE', 'UC_NONE', 'SPC_NONE', 'UC_NONE', 'SPC_NONE', 'TPC_NONE', 'SPC_NONE', 'TPC_NONE', 'TPC_NONE', 'UC_NONE', 'TPC_NONE', 'UC_NONE']","{'UC_MNUF': 1, 'UC_MPOLY': 2, 'TPC_NONE': 26, 'SPC_MPOLY': 1, 'SPC_NONE': 26, 'UC_NONE': 26, 'TPC_MPOLY': 2, 'SBX_MPOLY': 4, 'SBX_NONE': 1}"
2,90,SPC,NONE,0.6892768306781679,0.0387652426689122,1051287592.96,994454277.2056248,2507929.76,1904410.413834188,0.7425055807114858,6.368322707928087e-05,0.0,0.0,GREEDY_HV,"['SPC_MBFLIP', 'UC_MNUF', 'UC_MPOLY', 'TPC_NONE', 'SPC_MPOLY', 'SPC_NONE', 'TPC_NONE', 'UC_NONE', 'UC_NONE', 'TPC_NONE', 'UC_NONE', 'UC_NONE', 'TPC_NONE', 'UC_NONE', 'SPC_NONE', 'UC_NONE', 'TPC_NONE', 'TPC_MPOLY', 'TPC_NONE', 'TPC_MPOLY', 'TPC_NONE', 'TPC_NONE', 'UC_NONE', 'UC_NONE', 'TPC_NONE', 'UC_NONE', 'TPC_NONE', 'SPC_NONE', 'SBX_MPOLY', 'UC_NONE', 'UC_NONE', 'SPC_NONE', 'SBX_MPOLY', 'TPC_NONE', 'SBX_MPOLY', 'SBX_MPOLY', 'UC_NONE', 'UC_MPOLY', 'UC_NONE', 'SPC_NONE', 'UC_NONE', 'SPC_NONE', 'SBX_NONE', 'TPC_NONE', 'SPC_NONE', 'SPC_NONE', 'SPC_NONE', 'UC_NONE', 'SPC_NONE', 'UC_NONE', 'TPC_NONE', 'TPC_NONE', 'TPC_NONE', 'TPC_NONE', 'SPC_NONE', 'SPC_NONE', 'UC_NONE', 'SPC_NONE', 'TPC_NONE', 'TPC_NONE', 'SPC_NONE', 'SPC_NONE', 'UC_NONE', 'SPC_NONE', 'SPC_NONE', 'SPC_NONE', 'SPC_NONE', 'TPC_NONE', 'SPC_NONE', 'TPC_NONE', 'UC_NONE', 'UC_NONE', 'UC_NONE', 'UC_NONE', 'TPC_NONE', 'SPC_NONE', 'TPC_NONE', 'SPC_NONE', 'SPC_NONE', 'UC_NONE', 'SPC_NONE', 'UC_NONE', 'SPC_NONE', 'TPC_NONE', 'SPC_NONE', 'TPC_NONE', 'TPC_NONE', 'UC_NONE', 'TPC_NONE', 'UC_NONE', 'SPC_NONE']","{'UC_MNUF': 1, 'UC_MPOLY': 2, 'TPC_NONE': 26, 'SPC_MPOLY': 1, 'SPC_NONE': 27, 'UC_NONE': 26, 'TPC_MPOLY': 2, 'SBX_MPOLY': 4, 'SBX_NONE': 1}"
2,91,TPC,NONE,0.6887829451412273,0.0394302142855718,1060486978.56,999835937.7770804,2487819.68,1922403.304118316,0.742530489988372,2.490927688625355e-05,0.0,0.0,GREEDY_HV,"['SPC_MBFLIP', 'UC_MNUF', 'UC_MPOLY', 'TPC_NONE', 'SPC_MPOLY', 'SPC_NONE', 'TPC_NONE', 'UC_NONE', 'UC_NONE', 'TPC_NONE', 'UC_NONE', 'UC_NONE', 'TPC_NONE', 'UC_NONE', 'SPC_NONE', 'UC_NONE', 'TPC_NONE', 'TPC_MPOLY', 'TPC_NONE', 'TPC_MPOLY', 'TPC_NONE', 'TPC_NONE', 'UC_NONE', 'UC_NONE', 'TPC_NONE', 'UC_NONE', 'TPC_NONE', 'SPC_NONE', 'SBX_MPOLY', 'UC_NONE', 'UC_NONE', 'SPC_NONE', 'SBX_MPOLY', 'TPC_NONE', 'SBX_MPOLY', 'SBX_MPOLY', 'UC_NONE', 'UC_MPOLY', 'UC_NONE', 'SPC_NONE', 'UC_NONE', 'SPC_NONE', 'SBX_NONE', 'TPC_NONE', 'SPC_NONE', 'SPC_NONE', 'SPC_NONE', 'UC_NONE', 'SPC_NONE', 'UC_NONE', 'TPC_NONE', 'TPC_NONE', 'TPC_NONE', 'TPC_NONE', 'SPC_NONE', 'SPC_NONE', 'UC_NONE', 'SPC_NONE', 'TPC_NONE', 'TPC_NONE', 'SPC_NONE', 'SPC_NONE', 'UC_NONE', 'SPC_NONE', 'SPC_NONE', 'SPC_NONE', 'SPC_NONE', 'TPC_NONE', 'SPC_NONE', 'TPC_NONE', 'UC_NONE', 'UC_NONE', 'UC_NONE', 'UC_NONE', 'TPC_NONE', 'SPC_NONE', 'TPC_NONE', 'SPC_NONE', 'SPC_NONE', 'UC_NONE', 'SPC_NONE', 'UC_NONE', 'SPC_NONE', 'TPC_NONE', 'SPC_NONE', 'TPC_NONE', 'TPC_NONE', 'UC_NONE', 'TPC_NONE', 'UC_NONE', 'SPC_NONE', 'TPC_NONE']","{'UC_MNUF': 1, 'UC_MPOLY': 2, 'TPC_NONE': 27, 'SPC_MPOLY': 1, 'SPC_NONE': 27, 'UC_NONE': 26, 'TPC_MPOLY': 2, 'SBX_MPOLY': 4, 'SBX_NONE': 1}"
2,92,UC,NONE,0.689926008957023,0.0391250715889427,1068944312.32,995097575.079606,2527516.32,1920395.245574592,0.7425460015983201,1.5511609948060112e-05,0.0,0.0,GREEDY_HV,"['SPC_MBFLIP', 'UC_MNUF', 'UC_MPOLY', 'TPC_NONE', 'SPC_MPOLY', 'SPC_NONE', 'TPC_NONE', 'UC_NONE', 'UC_NONE', 'TPC_NONE', 'UC_NONE', 'UC_NONE', 'TPC_NONE', 'UC_NONE', 'SPC_NONE', 'UC_NONE', 'TPC_NONE', 'TPC_MPOLY', 'TPC_NONE', 'TPC_MPOLY', 'TPC_NONE', 'TPC_NONE', 'UC_NONE', 'UC_NONE', 'TPC_NONE', 'UC_NONE', 'TPC_NONE', 'SPC_NONE', 'SBX_MPOLY', 'UC_NONE', 'UC_NONE', 'SPC_NONE', 'SBX_MPOLY', 'TPC_NONE', 'SBX_MPOLY', 'SBX_MPOLY', 'UC_NONE', 'UC_MPOLY', 'UC_NONE', 'SPC_NONE', 'UC_NONE', 'SPC_NONE', 'SBX_NONE', 'TPC_NONE', 'SPC_NONE', 'SPC_NONE', 'SPC_NONE', 'UC_NONE', 'SPC_NONE', 'UC_NONE', 'TPC_NONE', 'TPC_NONE', 'TPC_NONE', 'TPC_NONE', 'SPC_NONE', 'SPC_NONE', 'UC_NONE', 'SPC_NONE', 'TPC_NONE', 'TPC_NONE', 'SPC_NONE', 'SPC_NONE', 'UC_NONE', 'SPC_NONE', 'SPC_NONE', 'SPC_NONE', 'SPC_NONE', 'TPC_NONE', 'SPC_NONE', 'TPC_NONE', 'UC_NONE', 'UC_NONE', 'UC_NONE', 'UC_NONE', 'TPC_NONE', 'SPC_NONE', 'TPC_NONE', 'SPC_NONE', 'SPC_NONE', 'UC_NONE', 'SPC_NONE', 'UC_NONE', 'SPC_NONE', 'TPC_NONE', 'SPC_NONE', 'TPC_NONE', 'TPC_NONE', 'UC_NONE', 'TPC_NONE', 'UC_NONE', 'SPC_NONE', 'TPC_NONE', 'UC_NONE']","{'UC_MNUF': 1, 'UC_MPOLY': 2, 'TPC_NONE': 27, 'SPC_MPOLY': 1, 'SPC_NONE': 27, 'UC_NONE': 27, 'TPC_MPOLY': 2, 'SBX_MPOLY': 4, 'SBX_NONE': 1}"
2,93,TPC,NONE,0.6892458480232088,0.0389428340001063,1063180313.6,995150659.7666196,2462485.92,1913077.17228741,0.74252847014987,-1.753144845006993e-05,0.0,0.0,GREEDY_HV,"['SPC_MBFLIP', 'UC_MNUF', 'UC_MPOLY', 'TPC_NONE', 'SPC_MPOLY', 'SPC_NONE', 'TPC_NONE', 'UC_NONE', 'UC_NONE', 'TPC_NONE', 'UC_NONE', 'UC_NONE', 'TPC_NONE', 'UC_NONE', 'SPC_NONE', 'UC_NONE', 'TPC_NONE', 'TPC_MPOLY', 'TPC_NONE', 'TPC_MPOLY', 'TPC_NONE', 'TPC_NONE', 'UC_NONE', 'UC_NONE', 'TPC_NONE', 'UC_NONE', 'TPC_NONE', 'SPC_NONE', 'SBX_MPOLY', 'UC_NONE', 'UC_NONE', 'SPC_NONE', 'SBX_MPOLY', 'TPC_NONE', 'SBX_MPOLY', 'SBX_MPOLY', 'UC_NONE', 'UC_MPOLY', 'UC_NONE', 'SPC_NONE', 'UC_NONE', 'SPC_NONE', 'SBX_NONE', 'TPC_NONE', 'SPC_NONE', 'SPC_NONE', 'SPC_NONE', 'UC_NONE', 'SPC_NONE', 'UC_NONE', 'TPC_NONE', 'TPC_NONE', 'TPC_NONE', 'TPC_NONE', 'SPC_NONE', 'SPC_NONE', 'UC_NONE', 'SPC_NONE', 'TPC_NONE', 'TPC_NONE', 'SPC_NONE', 'SPC_NONE', 'UC_NONE', 'SPC_NONE', 'SPC_NONE', 'SPC_NONE', 'SPC_NONE', 'TPC_NONE', 'SPC_NONE', 'TPC_NONE', 'UC_NONE', 'UC_NONE', 'UC_NONE', 'UC_NONE', 'TPC_NONE', 'SPC_NONE', 'TPC_NONE', 'SPC_NONE', 'SPC_NONE', 'UC_NONE', 'SPC_NONE', 'UC_NONE', 'SPC_NONE', 'TPC_NONE', 'SPC_NONE', 'TPC_NONE', 'TPC_NONE', 'UC_NONE', 'TPC_NONE', 'UC_NONE', 'SPC_NONE', 'TPC_NONE', 'UC_NONE', 'TPC_NONE']","{'UC_MNUF': 1, 'UC_MPOLY': 2, 'TPC_NONE': 28, 'SPC_MPOLY': 1, 'SPC_NONE': 27, 'UC_NONE': 27, 'TPC_MPOLY': 2, 'SBX_MPOLY': 4, 'SBX_NONE': 1}"
2,94,TPC,NONE,0.6888620273588643,0.0393525834230831,1063556994.56,997628317.8005004,2471878.56,1934015.20260842,0.7424516419953623,-7.682815450771319e-05,0.0,0.0,GREEDY_HV,"['SPC_MBFLIP', 'UC_MNUF', 'UC_MPOLY', 'TPC_NONE', 'SPC_MPOLY', 'SPC_NONE', 'TPC_NONE', 'UC_NONE', 'UC_NONE', 'TPC_NONE', 'UC_NONE', 'UC_NONE', 'TPC_NONE', 'UC_NONE', 'SPC_NONE', 'UC_NONE', 'TPC_NONE', 'TPC_MPOLY', 'TPC_NONE', 'TPC_MPOLY', 'TPC_NONE', 'TPC_NONE', 'UC_NONE', 'UC_NONE', 'TPC_NONE', 'UC_NONE', 'TPC_NONE', 'SPC_NONE', 'SBX_MPOLY', 'UC_NONE', 'UC_NONE', 'SPC_NONE', 'SBX_MPOLY', 'TPC_NONE', 'SBX_MPOLY', 'SBX_MPOLY', 'UC_NONE', 'UC_MPOLY', 'UC_NONE', 'SPC_NONE', 'UC_NONE', 'SPC_NONE', 'SBX_NONE', 'TPC_NONE', 'SPC_NONE', 'SPC_NONE', 'SPC_NONE', 'UC_NONE', 'SPC_NONE', 'UC_NONE', 'TPC_NONE', 'TPC_NONE', 'TPC_NONE', 'TPC_NONE', 'SPC_NONE', 'SPC_NONE', 'UC_NONE', 'SPC_NONE', 'TPC_NONE', 'TPC_NONE', 'SPC_NONE', 'SPC_NONE', 'UC_NONE', 'SPC_NONE', 'SPC_NONE', 'SPC_NONE', 'SPC_NONE', 'TPC_NONE', 'SPC_NONE', 'TPC_NONE', 'UC_NONE', 'UC_NONE', 'UC_NONE', 'UC_NONE', 'TPC_NONE', 'SPC_NONE', 'TPC_NONE', 'SPC_NONE', 'SPC_NONE', 'UC_NONE', 'SPC_NONE', 'UC_NONE', 'SPC_NONE', 'TPC_NONE', 'SPC_NONE', 'TPC_NONE', 'TPC_NONE', 'UC_NONE', 'TPC_NONE', 'UC_NONE', 'SPC_NONE', 'TPC_NONE', 'UC_NONE', 'TPC_NONE', 'TPC_NONE']","{'UC_MNUF': 1, 'UC_MPOLY': 2, 'TPC_NONE': 29, 'SPC_MPOLY': 1, 'SPC_NONE': 27, 'UC_NONE': 27, 'TPC_MPOLY': 2, 'SBX_MPOLY': 4, 'SBX_NONE': 1}"
2,95,SPC,NONE,0.6879927953083694,0.0386142860141136,1040820679.68,1006168653.3485216,2361355.68,1923772.1737670857,0.7424780237391141,2.6381743751802134e-05,0.0,0.0,GREEDY_HV,"['SPC_MBFLIP', 'UC_MNUF', 'UC_MPOLY', 'TPC_NONE', 'SPC_MPOLY', 'SPC_NONE', 'TPC_NONE', 'UC_NONE', 'UC_NONE', 'TPC_NONE', 'UC_NONE', 'UC_NONE', 'TPC_NONE', 'UC_NONE', 'SPC_NONE', 'UC_NONE', 'TPC_NONE', 'TPC_MPOLY', 'TPC_NONE', 'TPC_MPOLY', 'TPC_NONE', 'TPC_NONE', 'UC_NONE', 'UC_NONE', 'TPC_NONE', 'UC_NONE', 'TPC_NONE', 'SPC_NONE', 'SBX_MPOLY', 'UC_NONE', 'UC_NONE', 'SPC_NONE', 'SBX_MPOLY', 'TPC_NONE', 'SBX_MPOLY', 'SBX_MPOLY', 'UC_NONE', 'UC_MPOLY', 'UC_NONE', 'SPC_NONE', 'UC_NONE', 'SPC_NONE', 'SBX_NONE', 'TPC_NONE', 'SPC_NONE', 'SPC_NONE', 'SPC_NONE', 'UC_NONE', 'SPC_NONE', 'UC_NONE', 'TPC_NONE', 'TPC_NONE', 'TPC_NONE', 'TPC_NONE', 'SPC_NONE', 'SPC_NONE', 'UC_NONE', 'SPC_NONE', 'TPC_NONE', 'TPC_NONE', 'SPC_NONE', 'SPC_NONE', 'UC_NONE', 'SPC_NONE', 'SPC_NONE', 'SPC_NONE', 'SPC_NONE', 'TPC_NONE', 'SPC_NONE', 'TPC_NONE', 'UC_NONE', 'UC_NONE', 'UC_NONE', 'UC_NONE', 'TPC_NONE', 'SPC_NONE', 'TPC_NONE', 'SPC_NONE', 'SPC_NONE', 'UC_NONE', 'SPC_NONE', 'UC_NONE', 'SPC_NONE', 'TPC_NONE', 'SPC_NONE', 'TPC_NONE', 'TPC_NONE', 'UC_NONE', 'TPC_NONE', 'UC_NONE', 'SPC_NONE', 'TPC_NONE', 'UC_NONE', 'TPC_NONE', 'TPC_NONE', 'SPC_NONE']","{'UC_MNUF': 1, 'UC_MPOLY': 2, 'TPC_NONE': 29, 'SPC_MPOLY': 1, 'SPC_NONE': 28, 'UC_NONE': 27, 'TPC_MPOLY': 2, 'SBX_MPOLY': 4, 'SBX_NONE': 1}"
2,96,TPC,MNUF,0.6879670668153477,0.038908976275641,1035314539.52,1001988064.6972944,2394848.16,1917763.46831673,0.7424326061394354,-4.541759967868764e-05,0.0,0.0,GREEDY_HV,"['SPC_MBFLIP', 'UC_MNUF', 'UC_MPOLY', 'TPC_NONE', 'SPC_MPOLY', 'SPC_NONE', 'TPC_NONE', 'UC_NONE', 'UC_NONE', 'TPC_NONE', 'UC_NONE', 'UC_NONE', 'TPC_NONE', 'UC_NONE', 'SPC_NONE', 'UC_NONE', 'TPC_NONE', 'TPC_MPOLY', 'TPC_NONE', 'TPC_MPOLY', 'TPC_NONE', 'TPC_NONE', 'UC_NONE', 'UC_NONE', 'TPC_NONE', 'UC_NONE', 'TPC_NONE', 'SPC_NONE', 'SBX_MPOLY', 'UC_NONE', 'UC_NONE', 'SPC_NONE', 'SBX_MPOLY', 'TPC_NONE', 'SBX_MPOLY', 'SBX_MPOLY', 'UC_NONE', 'UC_MPOLY', 'UC_NONE', 'SPC_NONE', 'UC_NONE', 'SPC_NONE', 'SBX_NONE', 'TPC_NONE', 'SPC_NONE', 'SPC_NONE', 'SPC_NONE', 'UC_NONE', 'SPC_NONE', 'UC_NONE', 'TPC_NONE', 'TPC_NONE', 'TPC_NONE', 'TPC_NONE', 'SPC_NONE', 'SPC_NONE', 'UC_NONE', 'SPC_NONE', 'TPC_NONE', 'TPC_NONE', 'SPC_NONE', 'SPC_NONE', 'UC_NONE', 'SPC_NONE', 'SPC_NONE', 'SPC_NONE', 'SPC_NONE', 'TPC_NONE', 'SPC_NONE', 'TPC_NONE', 'UC_NONE', 'UC_NONE', 'UC_NONE', 'UC_NONE', 'TPC_NONE', 'SPC_NONE', 'TPC_NONE', 'SPC_NONE', 'SPC_NONE', 'UC_NONE', 'SPC_NONE', 'UC_NONE', 'SPC_NONE', 'TPC_NONE', 'SPC_NONE', 'TPC_NONE', 'TPC_NONE', 'UC_NONE', 'TPC_NONE', 'UC_NONE', 'SPC_NONE', 'TPC_NONE', 'UC_NONE', 'TPC_NONE', 'TPC_NONE', 'SPC_NONE', 'TPC_MNUF']","{'UC_MNUF': 1, 'UC_MPOLY': 2, 'TPC_NONE': 29, 'SPC_MPOLY': 1, 'SPC_NONE': 28, 'UC_NONE': 27, 'TPC_MPOLY': 2, 'SBX_MPOLY': 4, 'SBX_NONE': 1, 'TPC_MNUF': 1}"
2,97,TPC,MNUF,0.6870235524518429,0.0391292262907611,1031320688.64,1004996312.7056484,2319416.48,1899331.2398477336,0.7424247340499976,-7.872089437754859e-06,0.0,0.0,GREEDY_HV,"['SPC_MBFLIP', 'UC_MNUF', 'UC_MPOLY', 'TPC_NONE', 'SPC_MPOLY', 'SPC_NONE', 'TPC_NONE', 'UC_NONE', 'UC_NONE', 'TPC_NONE', 'UC_NONE', 'UC_NONE', 'TPC_NONE', 'UC_NONE', 'SPC_NONE', 'UC_NONE', 'TPC_NONE', 'TPC_MPOLY', 'TPC_NONE', 'TPC_MPOLY', 'TPC_NONE', 'TPC_NONE', 'UC_NONE', 'UC_NONE', 'TPC_NONE', 'UC_NONE', 'TPC_NONE', 'SPC_NONE', 'SBX_MPOLY', 'UC_NONE', 'UC_NONE', 'SPC_NONE', 'SBX_MPOLY', 'TPC_NONE', 'SBX_MPOLY', 'SBX_MPOLY', 'UC_NONE', 'UC_MPOLY', 'UC_NONE', 'SPC_NONE', 'UC_NONE', 'SPC_NONE', 'SBX_NONE', 'TPC_NONE', 'SPC_NONE', 'SPC_NONE', 'SPC_NONE', 'UC_NONE', 'SPC_NONE', 'UC_NONE', 'TPC_NONE', 'TPC_NONE', 'TPC_NONE', 'TPC_NONE', 'SPC_NONE', 'SPC_NONE', 'UC_NONE', 'SPC_NONE', 'TPC_NONE', 'TPC_NONE', 'SPC_NONE', 'SPC_NONE', 'UC_NONE', 'SPC_NONE', 'SPC_NONE', 'SPC_NONE', 'SPC_NONE', 'TPC_NONE', 'SPC_NONE', 'TPC_NONE', 'UC_NONE', 'UC_NONE', 'UC_NONE', 'UC_NONE', 'TPC_NONE', 'SPC_NONE', 'TPC_NONE', 'SPC_NONE', 'SPC_NONE', 'UC_NONE', 'SPC_NONE', 'UC_NONE', 'SPC_NONE', 'TPC_NONE', 'SPC_NONE', 'TPC_NONE', 'TPC_NONE', 'UC_NONE', 'TPC_NONE', 'UC_NONE', 'SPC_NONE', 'TPC_NONE', 'UC_NONE', 'TPC_NONE', 'TPC_NONE', 'SPC_NONE', 'TPC_MNUF', 'TPC_MNUF']","{'UC_MNUF': 1, 'UC_MPOLY': 2, 'TPC_NONE': 29, 'SPC_MPOLY': 1, 'SPC_NONE': 28, 'UC_NONE': 27, 'TPC_MPOLY': 2, 'SBX_MPOLY': 4, 'SBX_NONE': 1, 'TPC_MNUF': 2}"
2,98,TPC,MNUF,0.6878880378680711,0.0389960284190903,1050907008.0,1032655414.367744,2426621.6,1947940.2473904383,0.7424466755744968,2.1941524499191623e-05,0.0,0.0,GREEDY_HV,"['SPC_MBFLIP', 'UC_MNUF', 'UC_MPOLY', 'TPC_NONE', 'SPC_MPOLY', 'SPC_NONE', 'TPC_NONE', 'UC_NONE', 'UC_NONE', 'TPC_NONE', 'UC_NONE', 'UC_NONE', 'TPC_NONE', 'UC_NONE', 'SPC_NONE', 'UC_NONE', 'TPC_NONE', 'TPC_MPOLY', 'TPC_NONE', 'TPC_MPOLY', 'TPC_NONE', 'TPC_NONE', 'UC_NONE', 'UC_NONE', 'TPC_NONE', 'UC_NONE', 'TPC_NONE', 'SPC_NONE', 'SBX_MPOLY', 'UC_NONE', 'UC_NONE', 'SPC_NONE', 'SBX_MPOLY', 'TPC_NONE', 'SBX_MPOLY', 'SBX_MPOLY', 'UC_NONE', 'UC_MPOLY', 'UC_NONE', 'SPC_NONE', 'UC_NONE', 'SPC_NONE', 'SBX_NONE', 'TPC_NONE', 'SPC_NONE', 'SPC_NONE', 'SPC_NONE', 'UC_NONE', 'SPC_NONE', 'UC_NONE', 'TPC_NONE', 'TPC_NONE', 'TPC_NONE', 'TPC_NONE', 'SPC_NONE', 'SPC_NONE', 'UC_NONE', 'SPC_NONE', 'TPC_NONE', 'TPC_NONE', 'SPC_NONE', 'SPC_NONE', 'UC_NONE', 'SPC_NONE', 'SPC_NONE', 'SPC_NONE', 'SPC_NONE', 'TPC_NONE', 'SPC_NONE', 'TPC_NONE', 'UC_NONE', 'UC_NONE', 'UC_NONE', 'UC_NONE', 'TPC_NONE', 'SPC_NONE', 'TPC_NONE', 'SPC_NONE', 'SPC_NONE', 'UC_NONE', 'SPC_NONE', 'UC_NONE', 'SPC_NONE', 'TPC_NONE', 'SPC_NONE', 'TPC_NONE', 'TPC_NONE', 'UC_NONE', 'TPC_NONE', 'UC_NONE', 'SPC_NONE', 'TPC_NONE', 'UC_NONE', 'TPC_NONE', 'TPC_NONE', 'SPC_NONE', 'TPC_MNUF', 'TPC_MNUF', 'TPC_MNUF']","{'UC_MNUF': 1, 'UC_MPOLY': 2, 'TPC_NONE': 29, 'SPC_MPOLY': 1, 'SPC_NONE': 28, 'UC_NONE': 27, 'TPC_MPOLY': 2, 'SBX_MPOLY': 4, 'SBX_NONE': 1, 'TPC_MNUF': 3}"
2,99,TPC,MNUF,0.6887939562654517,0.0387408655916927,1044894504.96,1021952205.9619104,2429591.2,1904095.3874701129,0.7424777121718981,3.1036597401223887e-05,0.0,0.0,GREEDY_HV,"['SPC_MBFLIP', 'UC_MNUF', 'UC_MPOLY', 'TPC_NONE', 'SPC_MPOLY', 'SPC_NONE', 'TPC_NONE', 'UC_NONE', 'UC_NONE', 'TPC_NONE', 'UC_NONE', 'UC_NONE', 'TPC_NONE', 'UC_NONE', 'SPC_NONE', 'UC_NONE', 'TPC_NONE', 'TPC_MPOLY', 'TPC_NONE', 'TPC_MPOLY', 'TPC_NONE', 'TPC_NONE', 'UC_NONE', 'UC_NONE', 'TPC_NONE', 'UC_NONE', 'TPC_NONE', 'SPC_NONE', 'SBX_MPOLY', 'UC_NONE', 'UC_NONE', 'SPC_NONE', 'SBX_MPOLY', 'TPC_NONE', 'SBX_MPOLY', 'SBX_MPOLY', 'UC_NONE', 'UC_MPOLY', 'UC_NONE', 'SPC_NONE', 'UC_NONE', 'SPC_NONE', 'SBX_NONE', 'TPC_NONE', 'SPC_NONE', 'SPC_NONE', 'SPC_NONE', 'UC_NONE', 'SPC_NONE', 'UC_NONE', 'TPC_NONE', 'TPC_NONE', 'TPC_NONE', 'TPC_NONE', 'SPC_NONE', 'SPC_NONE', 'UC_NONE', 'SPC_NONE', 'TPC_NONE', 'TPC_NONE', 'SPC_NONE', 'SPC_NONE', 'UC_NONE', 'SPC_NONE', 'SPC_NONE', 'SPC_NONE', 'SPC_NONE', 'TPC_NONE', 'SPC_NONE', 'TPC_NONE', 'UC_NONE', 'UC_NONE', 'UC_NONE', 'UC_NONE', 'TPC_NONE', 'SPC_NONE', 'TPC_NONE', 'SPC_NONE', 'SPC_NONE', 'UC_NONE', 'SPC_NONE', 'UC_NONE', 'SPC_NONE', 'TPC_NONE', 'SPC_NONE', 'TPC_NONE', 'TPC_NONE', 'UC_NONE', 'TPC_NONE', 'UC_NONE', 'SPC_NONE', 'TPC_NONE', 'UC_NONE', 'TPC_NONE', 'TPC_NONE', 'SPC_NONE', 'TPC_MNUF', 'TPC_MNUF', 'TPC_MNUF', 'TPC_MNUF']","{'UC_MNUF': 1, 'UC_MPOLY': 2, 'TPC_NONE': 29, 'SPC_MPOLY': 1, 'SPC_NONE': 28, 'UC_NONE': 27, 'TPC_MPOLY': 2, 'SBX_MPOLY': 4, 'SBX_NONE': 1, 'TPC_MNUF': 4}"
2,100,UC,MNUF,0.6885949603846717,0.0393002810328727,1032804382.72,997797129.7753266,2510840.48,1951959.892044448,0.7424674035388258,-1.0308633072275695e-05,0.01,0.0,GREEDY_HV,"['SPC_MBFLIP', 'UC_MNUF', 'UC_MPOLY', 'TPC_NONE', 'SPC_MPOLY', 'SPC_NONE', 'TPC_NONE', 'UC_NONE', 'UC_NONE', 'TPC_NONE', 'UC_NONE', 'UC_NONE', 'TPC_NONE', 'UC_NONE', 'SPC_NONE', 'UC_NONE', 'TPC_NONE', 'TPC_MPOLY', 'TPC_NONE', 'TPC_MPOLY', 'TPC_NONE', 'TPC_NONE', 'UC_NONE', 'UC_NONE', 'TPC_NONE', 'UC_NONE', 'TPC_NONE', 'SPC_NONE', 'SBX_MPOLY', 'UC_NONE', 'UC_NONE', 'SPC_NONE', 'SBX_MPOLY', 'TPC_NONE', 'SBX_MPOLY', 'SBX_MPOLY', 'UC_NONE', 'UC_MPOLY', 'UC_NONE', 'SPC_NONE', 'UC_NONE', 'SPC_NONE', 'SBX_NONE', 'TPC_NONE', 'SPC_NONE', 'SPC_NONE', 'SPC_NONE', 'UC_NONE', 'SPC_NONE', 'UC_NONE', 'TPC_NONE', 'TPC_NONE', 'TPC_NONE', 'TPC_NONE', 'SPC_NONE', 'SPC_NONE', 'UC_NONE', 'SPC_NONE', 'TPC_NONE', 'TPC_NONE', 'SPC_NONE', 'SPC_NONE', 'UC_NONE', 'SPC_NONE', 'SPC_NONE', 'SPC_NONE', 'SPC_NONE', 'TPC_NONE', 'SPC_NONE', 'TPC_NONE', 'UC_NONE', 'UC_NONE', 'UC_NONE', 'UC_NONE', 'TPC_NONE', 'SPC_NONE', 'TPC_NONE', 'SPC_NONE', 'SPC_NONE', 'UC_NONE', 'SPC_NONE', 'UC_NONE', 'SPC_NONE', 'TPC_NONE', 'SPC_NONE', 'TPC_NONE', 'TPC_NONE', 'UC_NONE', 'TPC_NONE', 'UC_NONE', 'SPC_NONE', 'TPC_NONE', 'UC_NONE', 'TPC_NONE', 'TPC_NONE', 'SPC_NONE', 'TPC_MNUF', 'TPC_MNUF', 'TPC_MNUF', 'TPC_MNUF', 'UC_MNUF']","{'UC_MNUF': 2, 'UC_MPOLY': 2, 'TPC_NONE': 29, 'SPC_MPOLY': 1, 'SPC_NONE': 28, 'UC_NONE': 27, 'TPC_MPOLY': 2, 'SBX_MPOLY': 4, 'SBX_NONE': 1, 'TPC_MNUF': 4}"
3,1,TPC,MNUF,0.6590310254920274,0.0222147669057074,1658224417.28,1145044525.5093458,3217111.2,1654004.1884363892,0.6876785750965348,0.0,0.24,0.09,GREEDY_HV,"['SPC_MBFLIP', 'TPC_MNUF']",{'TPC_MNUF': 1}
3,2,SBX,MPOLY,0.657607518451926,0.0253690852751614,1028119937.28,697028815.0409067,2494293.92,1484932.8289159993,0.7020979434130613,0.0144193683165264,0.04,0.125,GREEDY_HV,"['SPC_MBFLIP', 'TPC_MNUF', 'SBX_MPOLY']","{'TPC_MNUF': 1, 'SBX_MPOLY': 1}"
3,3,SBX,MPOLY,0.6560789028859159,0.0313176942353696,871630981.12,586988636.009358,2208142.24,1562554.9578514104,0.7142669833887632,0.0121690399757018,0.02,0.095,GREEDY_HV,"['SPC_MBFLIP', 'TPC_MNUF', 'SBX_MPOLY', 'SBX_MPOLY']","{'TPC_MNUF': 1, 'SBX_MPOLY': 2}"
3,4,SPC,NONE,0.6589401712274763,0.0323933569950617,710009767.68,530219412.0446346,1868206.24,1219883.1159883237,0.7194356097766094,0.0051686263878462,0.11,0.0,GREEDY_HV,"['SPC_MBFLIP', 'TPC_MNUF', 'SBX_MPOLY', 'SBX_MPOLY', 'SPC_NONE']","{'TPC_MNUF': 1, 'SBX_MPOLY': 2, 'SPC_NONE': 1}"
3,5,UC,NONE,0.6658515054956159,0.0349148552888747,802972097.28,623194515.6058936,2116972.96,1466813.4779476898,0.7224271684871094,0.0029915587105,0.04,0.0,GREEDY_HV,"['SPC_MBFLIP', 'TPC_MNUF', 'SBX_MPOLY', 'SBX_MPOLY', 'SPC_NONE', 'UC_NONE']","{'TPC_MNUF': 1, 'SBX_MPOLY': 2, 'SPC_NONE': 1, 'UC_NONE': 1}"
3,6,SPC,NONE,0.6690652520655236,0.0288805025503487,612895921.92,445113772.758316,1699867.04,1184871.5246393422,0.7267102070260305,0.004283038538921,0.13,0.0,GREEDY_HV,"['SPC_MBFLIP', 'TPC_MNUF', 'SBX_MPOLY', 'SBX_MPOLY', 'SPC_NONE', 'UC_NONE', 'SPC_NONE']","{'TPC_MNUF': 1, 'SBX_MPOLY': 2, 'SPC_NONE': 2, 'UC_NONE': 1}"
3,7,SPC,NONE,0.6742202399683531,0.023798283538584,598116362.24,441888640.5561085,1815389.6,1285875.152330801,0.7295249226728434,0.0028147156468129,0.01,0.0,GREEDY_HV,"['SPC_MBFLIP', 'TPC_MNUF', 'SBX_MPOLY', 'SBX_MPOLY', 'SPC_NONE', 'UC_NONE', 'SPC_NONE', 'SPC_NONE']","{'TPC_MNUF': 1, 'SBX_MPOLY': 2, 'SPC_NONE': 3, 'UC_NONE': 1}"
3,8,SPC,NONE,0.6771408265038811,0.0200402176540325,516395092.48,353753904.85942656,1773547.68,1140563.3054658817,0.7302890784967334,0.00076415582389,0.03,0.0,GREEDY_HV,"['SPC_MBFLIP', 'TPC_MNUF', 'SBX_MPOLY', 'SBX_MPOLY', 'SPC_NONE', 'UC_NONE', 'SPC_NONE', 'SPC_NONE', 'SPC_NONE']","{'TPC_MNUF': 1, 'SBX_MPOLY': 2, 'SPC_NONE': 4, 'UC_NONE': 1}"
3,9,TPC,NONE,0.68077061016595,0.0228765072134946,558793116.16,417359160.96608186,1996094.88,1268894.4224313796,0.734241029260301,0.0039519507635675,0.03,0.0,GREEDY_HV,"['SPC_MBFLIP', 'TPC_MNUF', 'SBX_MPOLY', 'SBX_MPOLY', 'SPC_NONE', 'UC_NONE', 'SPC_NONE', 'SPC_NONE', 'SPC_NONE', 'TPC_NONE']","{'TPC_MNUF': 1, 'SBX_MPOLY': 2, 'SPC_NONE': 4, 'UC_NONE': 1, 'TPC_NONE': 1}"
3,10,TPC,NONE,0.6800598774227075,0.0257719366740674,586434211.84,484536226.2864897,1887644.32,1365050.8348994688,0.7347311612989498,0.0004901320386487,0.04,0.0,GREEDY_HV,"['SPC_MBFLIP', 'TPC_MNUF', 'SBX_MPOLY', 'SBX_MPOLY', 'SPC_NONE', 'UC_NONE', 'SPC_NONE', 'SPC_NONE', 'SPC_NONE', 'TPC_NONE', 'TPC_NONE']","{'TPC_MNUF': 1, 'SBX_MPOLY': 2, 'SPC_NONE': 4, 'UC_NONE': 1, 'TPC_NONE': 2}"
3,11,SPC,NONE,0.6820033968752501,0.0261528084283949,613012943.36,461600427.7753464,1942839.2,1349247.416085634,0.7358165339850677,0.0010853726861179,0.02,0.0,GREEDY_HV,"['SPC_MBFLIP', 'TPC_MNUF', 'SBX_MPOLY', 'SBX_MPOLY', 'SPC_NONE', 'UC_NONE', 'SPC_NONE', 'SPC_NONE', 'SPC_NONE', 'TPC_NONE', 'TPC_NONE', 'SPC_NONE']","{'TPC_MNUF': 1, 'SBX_MPOLY': 2, 'SPC_NONE': 5, 'UC_NONE': 1, 'TPC_NONE': 2}"
3,12,SPC,NONE,0.684015753607848,0.0254685205088452,597891484.16,450321756.5137033,2000367.52,1358434.5811609223,0.7367176728395833,0.0009011388545155,0.03,0.0,GREEDY_HV,"['SPC_MBFLIP', 'TPC_MNUF', 'SBX_MPOLY', 'SBX_MPOLY', 'SPC_NONE', 'UC_NONE', 'SPC_NONE', 'SPC_NONE', 'SPC_NONE', 'TPC_NONE', 'TPC_NONE', 'SPC_NONE', 'SPC_NONE']","{'TPC_MNUF': 1, 'SBX_MPOLY': 2, 'SPC_NONE': 6, 'UC_NONE': 1, 'TPC_NONE': 2}"
3,13,UC,MPOLY,0.6820050633839253,0.0271452395536643,570603613.44,440977328.7006025,1894493.6,1339584.750091042,0.7371325274749532,0.0004148546353698,0.0,0.005,GREEDY_HV,"['SPC_MBFLIP', 'TPC_MNUF', 'SBX_MPOLY', 'SBX_MPOLY', 'SPC_NONE', 'UC_NONE', 'SPC_NONE', 'SPC_NONE', 'SPC_NONE', 'TPC_NONE', 'TPC_NONE', 'SPC_NONE', 'SPC_NONE', 'UC_MPOLY']","{'TPC_MNUF': 1, 'SBX_MPOLY': 2, 'SPC_NONE': 6, 'UC_NONE': 1, 'TPC_NONE': 2, 'UC_MPOLY': 1}"
3,14,UC,NONE,0.6794608552260839,0.0309914278289998,553616993.28,408877487.5658457,1818259.36,1359587.357276755,0.7387960525846695,0.0016635251097163,0.01,0.0,GREEDY_HV,"['SPC_MBFLIP', 'TPC_MNUF', 'SBX_MPOLY', 'SBX_MPOLY', 'SPC_NONE', 'UC_NONE', 'SPC_NONE', 'SPC_NONE', 'SPC_NONE', 'TPC_NONE', 'TPC_NONE', 'SPC_NONE', 'SPC_NONE', 'UC_MPOLY', 'UC_NONE']","{'TPC_MNUF': 1, 'SBX_MPOLY': 2, 'SPC_NONE': 6, 'UC_NONE': 2, 'TPC_NONE': 2, 'UC_MPOLY': 1}"
3,15,SPC,NONE,0.6822840491942591,0.0325379839526644,630796782.08,441024795.8868215,2018683.04,1486317.152605822,0.738934157452142,0.0001381048674724,0.01,0.0,GREEDY_HV,"['SPC_MBFLIP', 'TPC_MNUF', 'SBX_MPOLY', 'SBX_MPOLY', 'SPC_NONE', 'UC_NONE', 'SPC_NONE', 'SPC_NONE', 'SPC_NONE', 'TPC_NONE', 'TPC_NONE', 'SPC_NONE', 'SPC_NONE', 'UC_MPOLY', 'UC_NONE', 'SPC_NONE']","{'TPC_MNUF': 1, 'SBX_MPOLY': 2, 'SPC_NONE': 7, 'UC_NONE': 2, 'TPC_NONE': 2, 'UC_MPOLY': 1}"
3,16,NONE,MPOLY,0.6838403810804919,0.032724094875424,641157794.56,435657629.3693195,2061618.08,1462307.338496799,0.7393351652529278,0.0004010078007857,0.0,0.0,GREEDY_HV,"['SPC_MBFLIP', 'TPC_MNUF', 'SBX_MPOLY', 'SBX_MPOLY', 'SPC_NONE', 'UC_NONE', 'SPC_NONE', 'SPC_NONE', 'SPC_NONE', 'TPC_NONE', 'TPC_NONE', 'SPC_NONE', 'SPC_NONE', 'UC_MPOLY', 'UC_NONE', 'SPC_NONE', 'NONE_MPOLY']","{'TPC_MNUF': 1, 'SBX_MPOLY': 2, 'SPC_NONE': 7, 'UC_NONE': 2, 'TPC_NONE': 2, 'UC_MPOLY': 1, 'NONE_MPOLY': 1}"
3,17,UC,NONE,0.6853775058561606,0.0355552806146246,680141501.44,454366394.80950814,2220189.6,1537823.1265036953,0.7395208009524831,0.0001856356995553,0.04,0.0,GREEDY_HV,"['SPC_MBFLIP', 'TPC_MNUF', 'SBX_MPOLY', 'SBX_MPOLY', 'SPC_NONE', 'UC_NONE', 'SPC_NONE', 'SPC_NONE', 'SPC_NONE', 'TPC_NONE', 'TPC_NONE', 'SPC_NONE', 'SPC_NONE', 'UC_MPOLY', 'UC_NONE', 'SPC_NONE', 'NONE_MPOLY', 'UC_NONE']","{'TPC_MNUF': 1, 'SBX_MPOLY': 2, 'SPC_NONE': 7, 'UC_NONE': 3, 'TPC_NONE': 2, 'UC_MPOLY': 1, 'NONE_MPOLY': 1}"
3,18,UC,NONE,0.6838662268324821,0.0354685989773188,621948789.76,440256104.7979352,2105473.44,1494303.1590082136,0.7396980963126393,0.0001772953601562,0.01,0.0,GREEDY_HV,"['SPC_MBFLIP', 'TPC_MNUF', 'SBX_MPOLY', 'SBX_MPOLY', 'SPC_NONE', 'UC_NONE', 'SPC_NONE', 'SPC_NONE', 'SPC_NONE', 'TPC_NONE', 'TPC_NONE', 'SPC_NONE', 'SPC_NONE', 'UC_MPOLY', 'UC_NONE', 'SPC_NONE', 'NONE_MPOLY', 'UC_NONE', 'UC_NONE']","{'TPC_MNUF': 1, 'SBX_MPOLY': 2, 'SPC_NONE': 7, 'UC_NONE': 4, 'TPC_NONE': 2, 'UC_MPOLY': 1, 'NONE_MPOLY': 1}"
3,19,TPC,NONE,0.685091324195145,0.0357157301427212,632586270.72,438723878.9998641,2238437.28,1537196.8443782218,0.739805716068199,0.0001076197555597,0.02,0.0,GREEDY_HV,"['SPC_MBFLIP', 'TPC_MNUF', 'SBX_MPOLY', 'SBX_MPOLY', 'SPC_NONE', 'UC_NONE', 'SPC_NONE', 'SPC_NONE', 'SPC_NONE', 'TPC_NONE', 'TPC_NONE', 'SPC_NONE', 'SPC_NONE', 'UC_MPOLY', 'UC_NONE', 'SPC_NONE', 'NONE_MPOLY', 'UC_NONE', 'UC_NONE', 'TPC_NONE']","{'TPC_MNUF': 1, 'SBX_MPOLY': 2, 'SPC_NONE': 7, 'UC_NONE': 4, 'TPC_NONE': 3, 'UC_MPOLY': 1, 'NONE_MPOLY': 1}"
3,20,SPC,NONE,0.6859854632862,0.0359020926169311,668959431.68,463095221.5017886,2252112.8,1527481.202408305,0.7399151659440361,0.000109449875837,0.01,0.0,GREEDY_HV,"['SPC_MBFLIP', 'TPC_MNUF', 'SBX_MPOLY', 'SBX_MPOLY', 'SPC_NONE', 'UC_NONE', 'SPC_NONE', 'SPC_NONE', 'SPC_NONE', 'TPC_NONE', 'TPC_NONE', 'SPC_NONE', 'SPC_NONE', 'UC_MPOLY', 'UC_NONE', 'SPC_NONE', 'NONE_MPOLY', 'UC_NONE', 'UC_NONE', 'TPC_NONE', 'SPC_NONE']","{'TPC_MNUF': 1, 'SBX_MPOLY': 2, 'SPC_NONE': 8, 'UC_NONE': 4, 'TPC_NONE': 3, 'UC_MPOLY': 1, 'NONE_MPOLY': 1}"
3,21,TPC,NONE,0.6836898194881911,0.0373609939893419,647957594.88,472465687.3934927,2187513.76,1545583.8553848646,0.7399418231994818,2.665725544570563e-05,0.01,0.0,GREEDY_HV,"['SPC_MBFLIP', 'TPC_MNUF', 'SBX_MPOLY', 'SBX_MPOLY', 'SPC_NONE', 'UC_NONE', 'SPC_NONE', 'SPC_NONE', 'SPC_NONE', 'TPC_NONE', 'TPC_NONE', 'SPC_NONE', 'SPC_NONE', 'UC_MPOLY', 'UC_NONE', 'SPC_NONE', 'NONE_MPOLY', 'UC_NONE', 'UC_NONE', 'TPC_NONE', 'SPC_NONE', 'TPC_NONE']","{'TPC_MNUF': 1, 'SBX_MPOLY': 2, 'SPC_NONE': 8, 'UC_NONE': 4, 'TPC_NONE': 4, 'UC_MPOLY': 1, 'NONE_MPOLY': 1}"
3,22,TPC,NONE,0.6825257754740056,0.0380507018610893,650761745.92,471861555.7808937,2108686.24,1546161.2537357484,0.7399214280804208,-2.0395119060934164e-05,0.01,0.0,GREEDY_HV,"['SPC_MBFLIP', 'TPC_MNUF', 'SBX_MPOLY', 'SBX_MPOLY', 'SPC_NONE', 'UC_NONE', 'SPC_NONE', 'SPC_NONE', 'SPC_NONE', 'TPC_NONE', 'TPC_NONE', 'SPC_NONE', 'SPC_NONE', 'UC_MPOLY', 'UC_NONE', 'SPC_NONE', 'NONE_MPOLY', 'UC_NONE', 'UC_NONE', 'TPC_NONE', 'SPC_NONE', 'TPC_NONE', 'TPC_NONE']","{'TPC_MNUF': 1, 'SBX_MPOLY': 2, 'SPC_NONE': 8, 'UC_NONE': 4, 'TPC_NONE': 5, 'UC_MPOLY': 1, 'NONE_MPOLY': 1}"
3,23,TPC,NONE,0.6832211563770397,0.0380611341674578,646554288.64,456161033.6051772,2133822.88,1538187.032362666,0.7399613776500209,3.99495696000729e-05,0.02,0.0,GREEDY_HV,"['SPC_MBFLIP', 'TPC_MNUF', 'SBX_MPOLY', 'SBX_MPOLY', 'SPC_NONE', 'UC_NONE', 'SPC_NONE', 'SPC_NONE', 'SPC_NONE', 'TPC_NONE', 'TPC_NONE', 'SPC_NONE', 'SPC_NONE', 'UC_MPOLY', 'UC_NONE', 'SPC_NONE', 'NONE_MPOLY', 'UC_NONE', 'UC_NONE', 'TPC_NONE', 'SPC_NONE', 'TPC_NONE', 'TPC_NONE', 'TPC_NONE']","{'TPC_MNUF': 1, 'SBX_MPOLY': 2, 'SPC_NONE': 8, 'UC_NONE': 4, 'TPC_NONE': 6, 'UC_MPOLY': 1, 'NONE_MPOLY': 1}"
3,24,UC,NONE,0.6829941985629233,0.0383283974746433,634938119.68,465755723.02178806,2167274.4,1591862.663416515,0.7400756887773681,0.0001143111273471,0.0,0.0,GREEDY_HV,"['SPC_MBFLIP', 'TPC_MNUF', 'SBX_MPOLY', 'SBX_MPOLY', 'SPC_NONE', 'UC_NONE', 'SPC_NONE', 'SPC_NONE', 'SPC_NONE', 'TPC_NONE', 'TPC_NONE', 'SPC_NONE', 'SPC_NONE', 'UC_MPOLY', 'UC_NONE', 'SPC_NONE', 'NONE_MPOLY', 'UC_NONE', 'UC_NONE', 'TPC_NONE', 'SPC_NONE', 'TPC_NONE', 'TPC_NONE', 'TPC_NONE', 'UC_NONE']","{'TPC_MNUF': 1, 'SBX_MPOLY': 2, 'SPC_NONE': 8, 'UC_NONE': 5, 'TPC_NONE': 6, 'UC_MPOLY': 1, 'NONE_MPOLY': 1}"
3,25,TPC,NONE,0.6831759274868139,0.0382319156164184,647873507.84,483957707.03806937,2094803.36,1574581.7353222636,0.7401276889791231,5.200020175499809e-05,0.02,0.0,GREEDY_HV,"['SPC_MBFLIP', 'TPC_MNUF', 'SBX_MPOLY', 'SBX_MPOLY', 'SPC_NONE', 'UC_NONE', 'SPC_NONE', 'SPC_NONE', 'SPC_NONE', 'TPC_NONE', 'TPC_NONE', 'SPC_NONE', 'SPC_NONE', 'UC_MPOLY', 'UC_NONE', 'SPC_NONE', 'NONE_MPOLY', 'UC_NONE', 'UC_NONE', 'TPC_NONE', 'SPC_NONE', 'TPC_NONE', 'TPC_NONE', 'TPC_NONE', 'UC_NONE', 'TPC_NONE']","{'TPC_MNUF': 1, 'SBX_MPOLY': 2, 'SPC_NONE': 8, 'UC_NONE': 5, 'TPC_NONE': 7, 'UC_MPOLY': 1, 'NONE_MPOLY': 1}"
3,26,SPC,NONE,0.6833500815982996,0.0386437964652822,643651799.04,472678154.1714368,2124363.68,1603176.3529569097,0.7402157831597003,8.809418057720286e-05,0.01,0.0,GREEDY_HV,"['SPC_MBFLIP', 'TPC_MNUF', 'SBX_MPOLY', 'SBX_MPOLY', 'SPC_NONE', 'UC_NONE', 'SPC_NONE', 'SPC_NONE', 'SPC_NONE', 'TPC_NONE', 'TPC_NONE', 'SPC_NONE', 'SPC_NONE', 'UC_MPOLY', 'UC_NONE', 'SPC_NONE', 'NONE_MPOLY', 'UC_NONE', 'UC_NONE', 'TPC_NONE', 'SPC_NONE', 'TPC_NONE', 'TPC_NONE', 'TPC_NONE', 'UC_NONE', 'TPC_NONE', 'SPC_NONE']","{'TPC_MNUF': 1, 'SBX_MPOLY': 2, 'SPC_NONE': 9, 'UC_NONE': 5, 'TPC_NONE': 7, 'UC_MPOLY': 1, 'NONE_MPOLY': 1}"
3,27,TPC,NONE,0.6827137910602383,0.0390179060816473,648229178.88,478229683.0216668,2120185.76,1621810.9431044122,0.7402410912765239,2.530811682366352e-05,0.0,0.0,GREEDY_HV,"['SPC_MBFLIP', 'TPC_MNUF', 'SBX_MPOLY', 'SBX_MPOLY', 'SPC_NONE', 'UC_NONE', 'SPC_NONE', 'SPC_NONE', 'SPC_NONE', 'TPC_NONE', 'TPC_NONE', 'SPC_NONE', 'SPC_NONE', 'UC_MPOLY', 'UC_NONE', 'SPC_NONE', 'NONE_MPOLY', 'UC_NONE', 'UC_NONE', 'TPC_NONE', 'SPC_NONE', 'TPC_NONE', 'TPC_NONE', 'TPC_NONE', 'UC_NONE', 'TPC_NONE', 'SPC_NONE', 'TPC_NONE']","{'TPC_MNUF': 1, 'SBX_MPOLY': 2, 'SPC_NONE': 9, 'UC_NONE': 5, 'TPC_NONE': 8, 'UC_MPOLY': 1, 'NONE_MPOLY': 1}"
3,28,SPC,NONE,0.681947710245775,0.0390227991136361,651705879.04,481358778.285462,2049371.04,1627335.0745688356,0.7402511051630549,1.0013886530990668e-05,0.0,0.0,GREEDY_HV,"['SPC_MBFLIP', 'TPC_MNUF', 'SBX_MPOLY', 'SBX_MPOLY', 'SPC_NONE', 'UC_NONE', 'SPC_NONE', 'SPC_NONE', 'SPC_NONE', 'TPC_NONE', 'TPC_NONE', 'SPC_NONE', 'SPC_NONE', 'UC_MPOLY', 'UC_NONE', 'SPC_NONE', 'NONE_MPOLY', 'UC_NONE', 'UC_NONE', 'TPC_NONE', 'SPC_NONE', 'TPC_NONE', 'TPC_NONE', 'TPC_NONE', 'UC_NONE', 'TPC_NONE', 'SPC_NONE', 'TPC_NONE', 'SPC_NONE']","{'TPC_MNUF': 1, 'SBX_MPOLY': 2, 'SPC_NONE': 10, 'UC_NONE': 5, 'TPC_NONE': 8, 'UC_MPOLY': 1, 'NONE_MPOLY': 1}"
3,29,TPC,NONE,0.6828156804960724,0.0389819792258047,653983208.96,469749757.3162694,2126183.84,1644210.9524236033,0.7402004945474334,-5.061061562150471e-05,0.01,0.0,GREEDY_HV,"['SPC_MBFLIP', 'TPC_MNUF', 'SBX_MPOLY', 'SBX_MPOLY', 'SPC_NONE', 'UC_NONE', 'SPC_NONE', 'SPC_NONE', 'SPC_NONE', 'TPC_NONE', 'TPC_NONE', 'SPC_NONE', 'SPC_NONE', 'UC_MPOLY', 'UC_NONE', 'SPC_NONE', 'NONE_MPOLY', 'UC_NONE', 'UC_NONE', 'TPC_NONE', 'SPC_NONE', 'TPC_NONE', 'TPC_NONE', 'TPC_NONE', 'UC_NONE', 'TPC_NONE', 'SPC_NONE', 'TPC_NONE', 'SPC_NONE', 'TPC_NONE']","{'TPC_MNUF': 1, 'SBX_MPOLY': 2, 'SPC_NONE': 10, 'UC_NONE': 5, 'TPC_NONE': 9, 'UC_MPOLY': 1, 'NONE_MPOLY': 1}"
3,30,UC,NONE,0.6835525412221373,0.0391754206740932,667049326.08,485393534.9672611,2192380.32,1633134.3465281164,0.7402234084400399,2.2913892606446492e-05,0.0,0.0,GREEDY_HV,"['SPC_MBFLIP', 'TPC_MNUF', 'SBX_MPOLY', 'SBX_MPOLY', 'SPC_NONE', 'UC_NONE', 'SPC_NONE', 'SPC_NONE', 'SPC_NONE', 'TPC_NONE', 'TPC_NONE', 'SPC_NONE', 'SPC_NONE', 'UC_MPOLY', 'UC_NONE', 'SPC_NONE', 'NONE_MPOLY', 'UC_NONE', 'UC_NONE', 'TPC_NONE', 'SPC_NONE', 'TPC_NONE', 'TPC_NONE', 'TPC_NONE', 'UC_NONE', 'TPC_NONE', 'SPC_NONE', 'TPC_NONE', 'SPC_NONE', 'TPC_NONE', 'UC_NONE']","{'TPC_MNUF': 1, 'SBX_MPOLY': 2, 'SPC_NONE': 10, 'UC_NONE': 6, 'TPC_NONE': 9, 'UC_MPOLY': 1, 'NONE_MPOLY': 1}"
3,31,SPC,NONE,0.6840201550452886,0.0384622713119974,667714547.2,485838514.75633854,2181746.08,1629924.6287277436,0.7403216011640987,9.819272405886537e-05,0.04,0.0,GREEDY_HV,"['SPC_MBFLIP', 'TPC_MNUF', 'SBX_MPOLY', 'SBX_MPOLY', 'SPC_NONE', 'UC_NONE', 'SPC_NONE', 'SPC_NONE', 'SPC_NONE', 'TPC_NONE', 'TPC_NONE', 'SPC_NONE', 'SPC_NONE', 'UC_MPOLY', 'UC_NONE', 'SPC_NONE', 'NONE_MPOLY', 'UC_NONE', 'UC_NONE', 'TPC_NONE', 'SPC_NONE', 'TPC_NONE', 'TPC_NONE', 'TPC_NONE', 'UC_NONE', 'TPC_NONE', 'SPC_NONE', 'TPC_NONE', 'SPC_NONE', 'TPC_NONE', 'UC_NONE', 'SPC_NONE']","{'TPC_MNUF': 1, 'SBX_MPOLY': 2, 'SPC_NONE': 11, 'UC_NONE': 6, 'TPC_NONE': 9, 'UC_MPOLY': 1, 'NONE_MPOLY': 1}"
3,32,UC,NONE,0.6868222090154867,0.0370006412691205,707867988.48,488234161.357021,2317319.84,1614426.5462540854,0.7403240274629955,2.42629889679602e-06,0.01,0.0,GREEDY_HV,"['SPC_MBFLIP', 'TPC_MNUF', 'SBX_MPOLY', 'SBX_MPOLY', 'SPC_NONE', 'UC_NONE', 'SPC_NONE', 'SPC_NONE', 'SPC_NONE', 'TPC_NONE', 'TPC_NONE', 'SPC_NONE', 'SPC_NONE', 'UC_MPOLY', 'UC_NONE', 'SPC_NONE', 'NONE_MPOLY', 'UC_NONE', 'UC_NONE', 'TPC_NONE', 'SPC_NONE', 'TPC_NONE', 'TPC_NONE', 'TPC_NONE', 'UC_NONE', 'TPC_NONE', 'SPC_NONE', 'TPC_NONE', 'SPC_NONE', 'TPC_NONE', 'UC_NONE', 'SPC_NONE', 'UC_NONE']","{'TPC_MNUF': 1, 'SBX_MPOLY': 2, 'SPC_NONE': 11, 'UC_NONE': 7, 'TPC_NONE': 9, 'UC_MPOLY': 1, 'NONE_MPOLY': 1}"
3,33,TPC,NONE,0.6822927233437233,0.0397130195985866,688826767.36,516496266.2009653,2152723.36,1664252.0628932354,0.7403147543667198,-9.273096275741466e-06,0.01,0.0,GREEDY_HV,"['SPC_MBFLIP', 'TPC_MNUF', 'SBX_MPOLY', 'SBX_MPOLY', 'SPC_NONE', 'UC_NONE', 'SPC_NONE', 'SPC_NONE', 'SPC_NONE', 'TPC_NONE', 'TPC_NONE', 'SPC_NONE', 'SPC_NONE', 'UC_MPOLY', 'UC_NONE', 'SPC_NONE', 'NONE_MPOLY', 'UC_NONE', 'UC_NONE', 'TPC_NONE', 'SPC_NONE', 'TPC_NONE', 'TPC_NONE', 'TPC_NONE', 'UC_NONE', 'TPC_NONE', 'SPC_NONE', 'TPC_NONE', 'SPC_NONE', 'TPC_NONE', 'UC_NONE', 'SPC_NONE', 'UC_NONE', 'TPC_NONE']","{'TPC_MNUF': 1, 'SBX_MPOLY': 2, 'SPC_NONE': 11, 'UC_NONE': 7, 'TPC_NONE': 10, 'UC_MPOLY': 1, 'NONE_MPOLY': 1}"
3,34,TPC,NONE,0.6826671296608745,0.0395401169903347,696900812.8,508200386.48476833,2130325.92,1642849.1510516708,0.7403175364641238,2.7820974040082547e-06,0.01,0.0,GREEDY_HV,"['SPC_MBFLIP', 'TPC_MNUF', 'SBX_MPOLY', 'SBX_MPOLY', 'SPC_NONE', 'UC_NONE', 'SPC_NONE', 'SPC_NONE', 'SPC_NONE', 'TPC_NONE', 'TPC_NONE', 'SPC_NONE', 'SPC_NONE', 'UC_MPOLY', 'UC_NONE', 'SPC_NONE', 'NONE_MPOLY', 'UC_NONE', 'UC_NONE', 'TPC_NONE', 'SPC_NONE', 'TPC_NONE', 'TPC_NONE', 'TPC_NONE', 'UC_NONE', 'TPC_NONE', 'SPC_NONE', 'TPC_NONE', 'SPC_NONE', 'TPC_NONE', 'UC_NONE', 'SPC_NONE', 'UC_NONE', 'TPC_NONE', 'TPC_NONE']","{'TPC_MNUF': 1, 'SBX_MPOLY': 2, 'SPC_NONE': 11, 'UC_NONE': 7, 'TPC_NONE': 11, 'UC_MPOLY': 1, 'NONE_MPOLY': 1}"
3,35,SPC,NONE,0.6830346357501921,0.0391486654698927,658341099.52,484250854.4574438,2176016.8,1658372.7952879104,0.7403192688341566,1.7323700327587233e-06,0.0,0.0,GREEDY_HV,"['SPC_MBFLIP', 'TPC_MNUF', 'SBX_MPOLY', 'SBX_MPOLY', 'SPC_NONE', 'UC_NONE', 'SPC_NONE', 'SPC_NONE', 'SPC_NONE', 'TPC_NONE', 'TPC_NONE', 'SPC_NONE', 'SPC_NONE', 'UC_MPOLY', 'UC_NONE', 'SPC_NONE', 'NONE_MPOLY', 'UC_NONE', 'UC_NONE', 'TPC_NONE', 'SPC_NONE', 'TPC_NONE', 'TPC_NONE', 'TPC_NONE', 'UC_NONE', 'TPC_NONE', 'SPC_NONE', 'TPC_NONE', 'SPC_NONE', 'TPC_NONE', 'UC_NONE', 'SPC_NONE', 'UC_NONE', 'TPC_NONE', 'TPC_NONE', 'SPC_NONE']","{'TPC_MNUF': 1, 'SBX_MPOLY': 2, 'SPC_NONE': 12, 'UC_NONE': 7, 'TPC_NONE': 11, 'UC_MPOLY': 1, 'NONE_MPOLY': 1}"
3,36,TPC,NONE,0.6834077857194981,0.0391823402252045,677839628.8,493668909.03885216,2227630.24,1661432.1185814915,0.7403248550223911,5.586188234540934e-06,0.0,0.0,GREEDY_HV,"['SPC_MBFLIP', 'TPC_MNUF', 'SBX_MPOLY', 'SBX_MPOLY', 'SPC_NONE', 'UC_NONE', 'SPC_NONE', 'SPC_NONE', 'SPC_NONE', 'TPC_NONE', 'TPC_NONE', 'SPC_NONE', 'SPC_NONE', 'UC_MPOLY', 'UC_NONE', 'SPC_NONE', 'NONE_MPOLY', 'UC_NONE', 'UC_NONE', 'TPC_NONE', 'SPC_NONE', 'TPC_NONE', 'TPC_NONE', 'TPC_NONE', 'UC_NONE', 'TPC_NONE', 'SPC_NONE', 'TPC_NONE', 'SPC_NONE', 'TPC_NONE', 'UC_NONE', 'SPC_NONE', 'UC_NONE', 'TPC_NONE', 'TPC_NONE', 'SPC_NONE', 'TPC_NONE']","{'TPC_MNUF': 1, 'SBX_MPOLY': 2, 'SPC_NONE': 12, 'UC_NONE': 7, 'TPC_NONE': 12, 'UC_MPOLY': 1, 'NONE_MPOLY': 1}"
3,37,SPC,NONE,0.6835691107379265,0.0387145234673516,674849497.6,496983504.7357876,2176029.6,1628951.8428052326,0.740320221561872,-4.633460519043453e-06,0.0,0.0,GREEDY_HV,"['SPC_MBFLIP', 'TPC_MNUF', 'SBX_MPOLY', 'SBX_MPOLY', 'SPC_NONE', 'UC_NONE', 'SPC_NONE', 'SPC_NONE', 'SPC_NONE', 'TPC_NONE', 'TPC_NONE', 'SPC_NONE', 'SPC_NONE', 'UC_MPOLY', 'UC_NONE', 'SPC_NONE', 'NONE_MPOLY', 'UC_NONE', 'UC_NONE', 'TPC_NONE', 'SPC_NONE', 'TPC_NONE', 'TPC_NONE', 'TPC_NONE', 'UC_NONE', 'TPC_NONE', 'SPC_NONE', 'TPC_NONE', 'SPC_NONE', 'TPC_NONE', 'UC_NONE', 'SPC_NONE', 'UC_NONE', 'TPC_NONE', 'TPC_NONE', 'SPC_NONE', 'TPC_NONE', 'SPC_NONE']","{'TPC_MNUF': 1, 'SBX_MPOLY': 2, 'SPC_NONE': 13, 'UC_NONE': 7, 'TPC_NONE': 12, 'UC_MPOLY': 1, 'NONE_MPOLY': 1}"
3,38,UC,NONE,0.6825740436461766,0.0393349234940041,676136601.6,507464629.9536209,2131178.4,1642763.316838065,0.740330990674703,1.0769112830932848e-05,0.0,0.0,GREEDY_HV,"['SPC_MBFLIP', 'TPC_MNUF', 'SBX_MPOLY', 'SBX_MPOLY', 'SPC_NONE', 'UC_NONE', 'SPC_NONE', 'SPC_NONE', 'SPC_NONE', 'TPC_NONE', 'TPC_NONE', 'SPC_NONE', 'SPC_NONE', 'UC_MPOLY', 'UC_NONE', 'SPC_NONE', 'NONE_MPOLY', 'UC_NONE', 'UC_NONE', 'TPC_NONE', 'SPC_NONE', 'TPC_NONE', 'TPC_NONE', 'TPC_NONE', 'UC_NONE', 'TPC_NONE', 'SPC_NONE', 'TPC_NONE', 'SPC_NONE', 'TPC_NONE', 'UC_NONE', 'SPC_NONE', 'UC_NONE', 'TPC_NONE', 'TPC_NONE', 'SPC_NONE', 'TPC_NONE', 'SPC_NONE', 'UC_NONE']","{'TPC_MNUF': 1, 'SBX_MPOLY': 2, 'SPC_NONE': 13, 'UC_NONE': 8, 'TPC_NONE': 12, 'UC_MPOLY': 1, 'NONE_MPOLY': 1}"
3,39,NONE,MPOLY,0.6819893394722194,0.0395510833730798,675085783.04,519168425.46812856,2132787.36,1685785.2816356623,0.7408666327955497,0.0005356421208466,0.0,0.0,GREEDY_HV,"['SPC_MBFLIP', 'TPC_MNUF', 'SBX_MPOLY', 'SBX_MPOLY', 'SPC_NONE', 'UC_NONE', 'SPC_NONE', 'SPC_NONE', 'SPC_NONE', 'TPC_NONE', 'TPC_NONE', 'SPC_NONE', 'SPC_NONE', 'UC_MPOLY', 'UC_NONE', 'SPC_NONE', 'NONE_MPOLY', 'UC_NONE', 'UC_NONE', 'TPC_NONE', 'SPC_NONE', 'TPC_NONE', 'TPC_NONE', 'TPC_NONE', 'UC_NONE', 'TPC_NONE', 'SPC_NONE', 'TPC_NONE', 'SPC_NONE', 'TPC_NONE', 'UC_NONE', 'SPC_NONE', 'UC_NONE', 'TPC_NONE', 'TPC_NONE', 'SPC_NONE', 'TPC_NONE', 'SPC_NONE', 'UC_NONE', 'NONE_MPOLY']","{'TPC_MNUF': 1, 'SBX_MPOLY': 2, 'SPC_NONE': 13, 'UC_NONE': 8, 'TPC_NONE': 12, 'UC_MPOLY': 1, 'NONE_MPOLY': 2}"
3,40,TPC,NONE,0.6846841597154503,0.0397854078875151,726944839.68,527942880.8133853,2277236.64,1710728.1545004605,0.7409175399302805,5.090713473088204e-05,0.0,0.0,GREEDY_HV,"['SPC_MBFLIP', 'TPC_MNUF', 'SBX_MPOLY', 'SBX_MPOLY', 'SPC_NONE', 'UC_NONE', 'SPC_NONE', 'SPC_NONE', 'SPC_NONE', 'TPC_NONE', 'TPC_NONE', 'SPC_NONE', 'SPC_NONE', 'UC_MPOLY', 'UC_NONE', 'SPC_NONE', 'NONE_MPOLY', 'UC_NONE', 'UC_NONE', 'TPC_NONE', 'SPC_NONE', 'TPC_NONE', 'TPC_NONE', 'TPC_NONE', 'UC_NONE', 'TPC_NONE', 'SPC_NONE', 'TPC_NONE', 'SPC_NONE', 'TPC_NONE', 'UC_NONE', 'SPC_NONE', 'UC_NONE', 'TPC_NONE', 'TPC_NONE', 'SPC_NONE', 'TPC_NONE', 'SPC_NONE', 'UC_NONE', 'NONE_MPOLY', 'TPC_NONE']","{'TPC_MNUF': 1, 'SBX_MPOLY': 2, 'SPC_NONE': 13, 'UC_NONE': 8, 'TPC_NONE': 13, 'UC_MPOLY': 1, 'NONE_MPOLY': 2}"
3,41,SPC,NONE,0.6818833164085168,0.0406175619773637,702819804.16,535975185.415516,2156504.48,1715789.0046432894,0.7409151560466047,-2.3838836757938964e-06,0.0,0.0,GREEDY_HV,"['SPC_MBFLIP', 'TPC_MNUF', 'SBX_MPOLY', 'SBX_MPOLY', 'SPC_NONE', 'UC_NONE', 'SPC_NONE', 'SPC_NONE', 'SPC_NONE', 'TPC_NONE', 'TPC_NONE', 'SPC_NONE', 'SPC_NONE', 'UC_MPOLY', 'UC_NONE', 'SPC_NONE', 'NONE_MPOLY', 'UC_NONE', 'UC_NONE', 'TPC_NONE', 'SPC_NONE', 'TPC_NONE', 'TPC_NONE', 'TPC_NONE', 'UC_NONE', 'TPC_NONE', 'SPC_NONE', 'TPC_NONE', 'SPC_NONE', 'TPC_NONE', 'UC_NONE', 'SPC_NONE', 'UC_NONE', 'TPC_NONE', 'TPC_NONE', 'SPC_NONE', 'TPC_NONE', 'SPC_NONE', 'UC_NONE', 'NONE_MPOLY', 'TPC_NONE', 'SPC_NONE']","{'TPC_MNUF': 1, 'SBX_MPOLY': 2, 'SPC_NONE': 14, 'UC_NONE': 8, 'TPC_NONE': 13, 'UC_MPOLY': 1, 'NONE_MPOLY': 2}"
3,42,UC,NONE,0.6832625086834517,0.040032196875963,701170664.96,524325482.97422,2213188.0,1723709.1626278954,0.7409596512013378,4.4495154733037445e-05,0.0,0.0,GREEDY_HV,"['SPC_MBFLIP', 'TPC_MNUF', 'SBX_MPOLY', 'SBX_MPOLY', 'SPC_NONE', 'UC_NONE', 'SPC_NONE', 'SPC_NONE', 'SPC_NONE', 'TPC_NONE', 'TPC_NONE', 'SPC_NONE', 'SPC_NONE', 'UC_MPOLY', 'UC_NONE', 'SPC_NONE', 'NONE_MPOLY', 'UC_NONE', 'UC_NONE', 'TPC_NONE', 'SPC_NONE', 'TPC_NONE', 'TPC_NONE', 'TPC_NONE', 'UC_NONE', 'TPC_NONE', 'SPC_NONE', 'TPC_NONE', 'SPC_NONE', 'TPC_NONE', 'UC_NONE', 'SPC_NONE', 'UC_NONE', 'TPC_NONE', 'TPC_NONE', 'SPC_NONE', 'TPC_NONE', 'SPC_NONE', 'UC_NONE', 'NONE_MPOLY', 'TPC_NONE', 'SPC_NONE', 'UC_NONE']","{'TPC_MNUF': 1, 'SBX_MPOLY': 2, 'SPC_NONE': 14, 'UC_NONE': 9, 'TPC_NONE': 13, 'UC_MPOLY': 1, 'NONE_MPOLY': 2}"
3,43,SBX,NONE,0.6810603837409736,0.0406531292290568,707192785.92,758334215.2662491,2273144.48,1891893.5560891395,0.7411628205844402,0.0002031693831023,0.0,0.0,GREEDY_HV,"['SPC_MBFLIP', 'TPC_MNUF', 'SBX_MPOLY', 'SBX_MPOLY', 'SPC_NONE', 'UC_NONE', 'SPC_NONE', 'SPC_NONE', 'SPC_NONE', 'TPC_NONE', 'TPC_NONE', 'SPC_NONE', 'SPC_NONE', 'UC_MPOLY', 'UC_NONE', 'SPC_NONE', 'NONE_MPOLY', 'UC_NONE', 'UC_NONE', 'TPC_NONE', 'SPC_NONE', 'TPC_NONE', 'TPC_NONE', 'TPC_NONE', 'UC_NONE', 'TPC_NONE', 'SPC_NONE', 'TPC_NONE', 'SPC_NONE', 'TPC_NONE', 'UC_NONE', 'SPC_NONE', 'UC_NONE', 'TPC_NONE', 'TPC_NONE', 'SPC_NONE', 'TPC_NONE', 'SPC_NONE', 'UC_NONE', 'NONE_MPOLY', 'TPC_NONE', 'SPC_NONE', 'UC_NONE', 'SBX_NONE']","{'TPC_MNUF': 1, 'SBX_MPOLY': 2, 'SPC_NONE': 14, 'UC_NONE': 9, 'TPC_NONE': 13, 'UC_MPOLY': 1, 'NONE_MPOLY': 2, 'SBX_NONE': 1}"
3,44,TPC,NONE,0.6801085927716938,0.0402625114190131,742325903.36,937413440.5460798,2173700.0,1956738.6501244565,0.7411987625492464,3.594196480627421e-05,0.0,0.0,GREEDY_HV,"['SPC_MBFLIP', 'TPC_MNUF', 'SBX_MPOLY', 'SBX_MPOLY', 'SPC_NONE', 'UC_NONE', 'SPC_NONE', 'SPC_NONE', 'SPC_NONE', 'TPC_NONE', 'TPC_NONE', 'SPC_NONE', 'SPC_NONE', 'UC_MPOLY', 'UC_NONE', 'SPC_NONE', 'NONE_MPOLY', 'UC_NONE', 'UC_NONE', 'TPC_NONE', 'SPC_NONE', 'TPC_NONE', 'TPC_NONE', 'TPC_NONE', 'UC_NONE', 'TPC_NONE', 'SPC_NONE', 'TPC_NONE', 'SPC_NONE', 'TPC_NONE', 'UC_NONE', 'SPC_NONE', 'UC_NONE', 'TPC_NONE', 'TPC_NONE', 'SPC_NONE', 'TPC_NONE', 'SPC_NONE', 'UC_NONE', 'NONE_MPOLY', 'TPC_NONE', 'SPC_NONE', 'UC_NONE', 'SBX_NONE', 'TPC_NONE']","{'TPC_MNUF': 1, 'SBX_MPOLY': 2, 'SPC_NONE': 14, 'UC_NONE': 9, 'TPC_NONE': 14, 'UC_MPOLY': 1, 'NONE_MPOLY': 2, 'SBX_NONE': 1}"
3,45,UC,NONE,0.6814326497881907,0.0408525285267125,773116001.28,936864030.8430048,2292514.72,2006268.7146172929,0.7411873005203218,-1.1462028924658084e-05,0.0,0.0,GREEDY_HV,"['SPC_MBFLIP', 'TPC_MNUF', 'SBX_MPOLY', 'SBX_MPOLY', 'SPC_NONE', 'UC_NONE', 'SPC_NONE', 'SPC_NONE', 'SPC_NONE', 'TPC_NONE', 'TPC_NONE', 'SPC_NONE', 'SPC_NONE', 'UC_MPOLY', 'UC_NONE', 'SPC_NONE', 'NONE_MPOLY', 'UC_NONE', 'UC_NONE', 'TPC_NONE', 'SPC_NONE', 'TPC_NONE', 'TPC_NONE', 'TPC_NONE', 'UC_NONE', 'TPC_NONE', 'SPC_NONE', 'TPC_NONE', 'SPC_NONE', 'TPC_NONE', 'UC_NONE', 'SPC_NONE', 'UC_NONE', 'TPC_NONE', 'TPC_NONE', 'SPC_NONE', 'TPC_NONE', 'SPC_NONE', 'UC_NONE', 'NONE_MPOLY', 'TPC_NONE', 'SPC_NONE', 'UC_NONE', 'SBX_NONE', 'TPC_NONE', 'UC_NONE']","{'TPC_MNUF': 1, 'SBX_MPOLY': 2, 'SPC_NONE': 14, 'UC_NONE': 10, 'TPC_NONE': 14, 'UC_MPOLY': 1, 'NONE_MPOLY': 2, 'SBX_NONE': 1}"
3,46,UC,NONE,0.6806286387267005,0.0405215897638292,819527715.84,1085532134.7407243,2214247.84,2042232.757574272,0.7415376256924614,0.0003503251721396,0.0,0.0,GREEDY_HV,"['SPC_MBFLIP', 'TPC_MNUF', 'SBX_MPOLY', 'SBX_MPOLY', 'SPC_NONE', 'UC_NONE', 'SPC_NONE', 'SPC_NONE', 'SPC_NONE', 'TPC_NONE', 'TPC_NONE', 'SPC_NONE', 'SPC_NONE', 'UC_MPOLY', 'UC_NONE', 'SPC_NONE', 'NONE_MPOLY', 'UC_NONE', 'UC_NONE', 'TPC_NONE', 'SPC_NONE', 'TPC_NONE', 'TPC_NONE', 'TPC_NONE', 'UC_NONE', 'TPC_NONE', 'SPC_NONE', 'TPC_NONE', 'SPC_NONE', 'TPC_NONE', 'UC_NONE', 'SPC_NONE', 'UC_NONE', 'TPC_NONE', 'TPC_NONE', 'SPC_NONE', 'TPC_NONE', 'SPC_NONE', 'UC_NONE', 'NONE_MPOLY', 'TPC_NONE', 'SPC_NONE', 'UC_NONE', 'SBX_NONE', 'TPC_NONE', 'UC_NONE', 'UC_NONE']","{'TPC_MNUF': 1, 'SBX_MPOLY': 2, 'SPC_NONE': 14, 'UC_NONE': 11, 'TPC_NONE': 14, 'UC_MPOLY': 1, 'NONE_MPOLY': 2, 'SBX_NONE': 1}"
3,47,SPC,NONE,0.6817154021004336,0.0409649424895333,874299816.96,1207136097.1082082,2394985.12,2151413.765262281,0.7415649681904556,2.73424979941872e-05,0.01,0.0,GREEDY_HV,"['SPC_MBFLIP', 'TPC_MNUF', 'SBX_MPOLY', 'SBX_MPOLY', 'SPC_NONE', 'UC_NONE', 'SPC_NONE', 'SPC_NONE', 'SPC_NONE', 'TPC_NONE', 'TPC_NONE', 'SPC_NONE', 'SPC_NONE', 'UC_MPOLY', 'UC_NONE', 'SPC_NONE', 'NONE_MPOLY', 'UC_NONE', 'UC_NONE', 'TPC_NONE', 'SPC_NONE', 'TPC_NONE', 'TPC_NONE', 'TPC_NONE', 'UC_NONE', 'TPC_NONE', 'SPC_NONE', 'TPC_NONE', 'SPC_NONE', 'TPC_NONE', 'UC_NONE', 'SPC_NONE', 'UC_NONE', 'TPC_NONE', 'TPC_NONE', 'SPC_NONE', 'TPC_NONE', 'SPC_NONE', 'UC_NONE', 'NONE_MPOLY', 'TPC_NONE', 'SPC_NONE', 'UC_NONE', 'SBX_NONE', 'TPC_NONE', 'UC_NONE', 'UC_NONE', 'SPC_NONE']","{'TPC_MNUF': 1, 'SBX_MPOLY': 2, 'SPC_NONE': 15, 'UC_NONE': 11, 'TPC_NONE': 14, 'UC_MPOLY': 1, 'NONE_MPOLY': 2, 'SBX_NONE': 1}"
3,48,SPC,NONE,0.6816570741222108,0.0408217654853929,866556206.08,1210304413.8105488,2350412.96,2137332.813414635,0.7415752493363026,1.0281145847002016e-05,0.0,0.0,GREEDY_HV,"['SPC_MBFLIP', 'TPC_MNUF', 'SBX_MPOLY', 'SBX_MPOLY', 'SPC_NONE', 'UC_NONE', 'SPC_NONE', 'SPC_NONE', 'SPC_NONE', 'TPC_NONE', 'TPC_NONE', 'SPC_NONE', 'SPC_NONE', 'UC_MPOLY', 'UC_NONE', 'SPC_NONE', 'NONE_MPOLY', 'UC_NONE', 'UC_NONE', 'TPC_NONE', 'SPC_NONE', 'TPC_NONE', 'TPC_NONE', 'TPC_NONE', 'UC_NONE', 'TPC_NONE', 'SPC_NONE', 'TPC_NONE', 'SPC_NONE', 'TPC_NONE', 'UC_NONE', 'SPC_NONE', 'UC_NONE', 'TPC_NONE', 'TPC_NONE', 'SPC_NONE', 'TPC_NONE', 'SPC_NONE', 'UC_NONE', 'NONE_MPOLY', 'TPC_NONE', 'SPC_NONE', 'UC_NONE', 'SBX_NONE', 'TPC_NONE', 'UC_NONE', 'UC_NONE', 'SPC_NONE', 'SPC_NONE']","{'TPC_MNUF': 1, 'SBX_MPOLY': 2, 'SPC_NONE': 16, 'UC_NONE': 11, 'TPC_NONE': 14, 'UC_MPOLY': 1, 'NONE_MPOLY': 2, 'SBX_NONE': 1}"
3,49,UC,NONE,0.6830051512028453,0.0413072025605523,900943088.64,1208047836.2003882,2530702.24,2173001.972505636,0.7415868592094323,1.1609873129758697e-05,0.0,0.0,GREEDY_HV,"['SPC_MBFLIP', 'TPC_MNUF', 'SBX_MPOLY', 'SBX_MPOLY', 'SPC_NONE', 'UC_NONE', 'SPC_NONE', 'SPC_NONE', 'SPC_NONE', 'TPC_NONE', 'TPC_NONE', 'SPC_NONE', 'SPC_NONE', 'UC_MPOLY', 'UC_NONE', 'SPC_NONE', 'NONE_MPOLY', 'UC_NONE', 'UC_NONE', 'TPC_NONE', 'SPC_NONE', 'TPC_NONE', 'TPC_NONE', 'TPC_NONE', 'UC_NONE', 'TPC_NONE', 'SPC_NONE', 'TPC_NONE', 'SPC_NONE', 'TPC_NONE', 'UC_NONE', 'SPC_NONE', 'UC_NONE', 'TPC_NONE', 'TPC_NONE', 'SPC_NONE', 'TPC_NONE', 'SPC_NONE', 'UC_NONE', 'NONE_MPOLY', 'TPC_NONE', 'SPC_NONE', 'UC_NONE', 'SBX_NONE', 'TPC_NONE', 'UC_NONE', 'UC_NONE', 'SPC_NONE', 'SPC_NONE', 'UC_NONE']","{'TPC_MNUF': 1, 'SBX_MPOLY': 2, 'SPC_NONE': 16, 'UC_NONE': 12, 'TPC_NONE': 14, 'UC_MPOLY': 1, 'NONE_MPOLY': 2, 'SBX_NONE': 1}"
3,50,TPC,NONE,0.68129814034607,0.0414169733829559,881186452.48,1218342038.4330812,2480688.8,2206523.460277836,0.7414404012208239,-0.0001464579886084,0.0,0.0,GREEDY_HV,"['SPC_MBFLIP', 'TPC_MNUF', 'SBX_MPOLY', 'SBX_MPOLY', 'SPC_NONE', 'UC_NONE', 'SPC_NONE', 'SPC_NONE', 'SPC_NONE', 'TPC_NONE', 'TPC_NONE', 'SPC_NONE', 'SPC_NONE', 'UC_MPOLY', 'UC_NONE', 'SPC_NONE', 'NONE_MPOLY', 'UC_NONE', 'UC_NONE', 'TPC_NONE', 'SPC_NONE', 'TPC_NONE', 'TPC_NONE', 'TPC_NONE', 'UC_NONE', 'TPC_NONE', 'SPC_NONE', 'TPC_NONE', 'SPC_NONE', 'TPC_NONE', 'UC_NONE', 'SPC_NONE', 'UC_NONE', 'TPC_NONE', 'TPC_NONE', 'SPC_NONE', 'TPC_NONE', 'SPC_NONE', 'UC_NONE', 'NONE_MPOLY', 'TPC_NONE', 'SPC_NONE', 'UC_NONE', 'SBX_NONE', 'TPC_NONE', 'UC_NONE', 'UC_NONE', 'SPC_NONE', 'SPC_NONE', 'UC_NONE', 'TPC_NONE']","{'TPC_MNUF': 1, 'SBX_MPOLY': 2, 'SPC_NONE': 16, 'UC_NONE': 12, 'TPC_NONE': 15, 'UC_MPOLY': 1, 'NONE_MPOLY': 2, 'SBX_NONE': 1}"
3,51,SPC,NONE,0.6816528931213841,0.041022288873144,846395176.96,1213038428.79742,2509972.64,2194295.895753476,0.7413329346767364,-0.0001074665440874,0.0,0.0,GREEDY_HV,"['SPC_MBFLIP', 'TPC_MNUF', 'SBX_MPOLY', 'SBX_MPOLY', 'SPC_NONE', 'UC_NONE', 'SPC_NONE', 'SPC_NONE', 'SPC_NONE', 'TPC_NONE', 'TPC_NONE', 'SPC_NONE', 'SPC_NONE', 'UC_MPOLY', 'UC_NONE', 'SPC_NONE', 'NONE_MPOLY', 'UC_NONE', 'UC_NONE', 'TPC_NONE', 'SPC_NONE', 'TPC_NONE', 'TPC_NONE', 'TPC_NONE', 'UC_NONE', 'TPC_NONE', 'SPC_NONE', 'TPC_NONE', 'SPC_NONE', 'TPC_NONE', 'UC_NONE', 'SPC_NONE', 'UC_NONE', 'TPC_NONE', 'TPC_NONE', 'SPC_NONE', 'TPC_NONE', 'SPC_NONE', 'UC_NONE', 'NONE_MPOLY', 'TPC_NONE', 'SPC_NONE', 'UC_NONE', 'SBX_NONE', 'TPC_NONE', 'UC_NONE', 'UC_NONE', 'SPC_NONE', 'SPC_NONE', 'UC_NONE', 'TPC_NONE', 'SPC_NONE']","{'TPC_MNUF': 1, 'SBX_MPOLY': 2, 'SPC_NONE': 17, 'UC_NONE': 12, 'TPC_NONE': 15, 'UC_MPOLY': 1, 'NONE_MPOLY': 2, 'SBX_NONE': 1}"
3,52,SPC,NONE,0.6813519523581306,0.0413425211004041,872069826.56,1214966483.3021252,2523773.6,2222957.010304105,0.7413705439981391,3.760932140262074e-05,0.0,0.0,GREEDY_HV,"['SPC_MBFLIP', 'TPC_MNUF', 'SBX_MPOLY', 'SBX_MPOLY', 'SPC_NONE', 'UC_NONE', 'SPC_NONE', 'SPC_NONE', 'SPC_NONE', 'TPC_NONE', 'TPC_NONE', 'SPC_NONE', 'SPC_NONE', 'UC_MPOLY', 'UC_NONE', 'SPC_NONE', 'NONE_MPOLY', 'UC_NONE', 'UC_NONE', 'TPC_NONE', 'SPC_NONE', 'TPC_NONE', 'TPC_NONE', 'TPC_NONE', 'UC_NONE', 'TPC_NONE', 'SPC_NONE', 'TPC_NONE', 'SPC_NONE', 'TPC_NONE', 'UC_NONE', 'SPC_NONE', 'UC_NONE', 'TPC_NONE', 'TPC_NONE', 'SPC_NONE', 'TPC_NONE', 'SPC_NONE', 'UC_NONE', 'NONE_MPOLY', 'TPC_NONE', 'SPC_NONE', 'UC_NONE', 'SBX_NONE', 'TPC_NONE', 'UC_NONE', 'UC_NONE', 'SPC_NONE', 'SPC_NONE', 'UC_NONE', 'TPC_NONE', 'SPC_NONE', 'SPC_NONE']","{'TPC_MNUF': 1, 'SBX_MPOLY': 2, 'SPC_NONE': 18, 'UC_NONE': 12, 'TPC_NONE': 15, 'UC_MPOLY': 1, 'NONE_MPOLY': 2, 'SBX_NONE': 1}"
3,53,SPC,NONE,0.6816374538746112,0.04155256823585,888967285.76,1215787711.840641,2521131.68,2201659.8823350114,0.7414044508957709,3.390689763183019e-05,0.0,0.0,GREEDY_HV,"['SPC_MBFLIP', 'TPC_MNUF', 'SBX_MPOLY', 'SBX_MPOLY', 'SPC_NONE', 'UC_NONE', 'SPC_NONE', 'SPC_NONE', 'SPC_NONE', 'TPC_NONE', 'TPC_NONE', 'SPC_NONE', 'SPC_NONE', 'UC_MPOLY', 'UC_NONE', 'SPC_NONE', 'NONE_MPOLY', 'UC_NONE', 'UC_NONE', 'TPC_NONE', 'SPC_NONE', 'TPC_NONE', 'TPC_NONE', 'TPC_NONE', 'UC_NONE', 'TPC_NONE', 'SPC_NONE', 'TPC_NONE', 'SPC_NONE', 'TPC_NONE', 'UC_NONE', 'SPC_NONE', 'UC_NONE', 'TPC_NONE', 'TPC_NONE', 'SPC_NONE', 'TPC_NONE', 'SPC_NONE', 'UC_NONE', 'NONE_MPOLY', 'TPC_NONE', 'SPC_NONE', 'UC_NONE', 'SBX_NONE', 'TPC_NONE', 'UC_NONE', 'UC_NONE', 'SPC_NONE', 'SPC_NONE', 'UC_NONE', 'TPC_NONE', 'SPC_NONE', 'SPC_NONE', 'SPC_NONE']","{'TPC_MNUF': 1, 'SBX_MPOLY': 2, 'SPC_NONE': 19, 'UC_NONE': 12, 'TPC_NONE': 15, 'UC_MPOLY': 1, 'NONE_MPOLY': 2, 'SBX_NONE': 1}"
3,54,SPC,NONE,0.682770391276753,0.0413072214340079,885102131.2,1207698356.9049144,2568393.12,2186262.5259575816,0.7414308537131221,2.6402817351223185e-05,0.01,0.0,GREEDY_HV,"['SPC_MBFLIP', 'TPC_MNUF', 'SBX_MPOLY', 'SBX_MPOLY', 'SPC_NONE', 'UC_NONE', 'SPC_NONE', 'SPC_NONE', 'SPC_NONE', 'TPC_NONE', 'TPC_NONE', 'SPC_NONE', 'SPC_NONE', 'UC_MPOLY', 'UC_NONE', 'SPC_NONE', 'NONE_MPOLY', 'UC_NONE', 'UC_NONE', 'TPC_NONE', 'SPC_NONE', 'TPC_NONE', 'TPC_NONE', 'TPC_NONE', 'UC_NONE', 'TPC_NONE', 'SPC_NONE', 'TPC_NONE', 'SPC_NONE', 'TPC_NONE', 'UC_NONE', 'SPC_NONE', 'UC_NONE', 'TPC_NONE', 'TPC_NONE', 'SPC_NONE', 'TPC_NONE', 'SPC_NONE', 'UC_NONE', 'NONE_MPOLY', 'TPC_NONE', 'SPC_NONE', 'UC_NONE', 'SBX_NONE', 'TPC_NONE', 'UC_NONE', 'UC_NONE', 'SPC_NONE', 'SPC_NONE', 'UC_NONE', 'TPC_NONE', 'SPC_NONE', 'SPC_NONE', 'SPC_NONE', 'SPC_NONE']","{'TPC_MNUF': 1, 'SBX_MPOLY': 2, 'SPC_NONE': 20, 'UC_NONE': 12, 'TPC_NONE': 15, 'UC_MPOLY': 1, 'NONE_MPOLY': 2, 'SBX_NONE': 1}"
3,55,SPC,NONE,0.6815137007402601,0.041311577144403,866549514.24,1212710812.932376,2489845.92,2205519.8884210843,0.7414493205527632,1.846683964112916e-05,0.0,0.0,GREEDY_HV,"['SPC_MBFLIP', 'TPC_MNUF', 'SBX_MPOLY', 'SBX_MPOLY', 'SPC_NONE', 'UC_NONE', 'SPC_NONE', 'SPC_NONE', 'SPC_NONE', 'TPC_NONE', 'TPC_NONE', 'SPC_NONE', 'SPC_NONE', 'UC_MPOLY', 'UC_NONE', 'SPC_NONE', 'NONE_MPOLY', 'UC_NONE', 'UC_NONE', 'TPC_NONE', 'SPC_NONE', 'TPC_NONE', 'TPC_NONE', 'TPC_NONE', 'UC_NONE', 'TPC_NONE', 'SPC_NONE', 'TPC_NONE', 'SPC_NONE', 'TPC_NONE', 'UC_NONE', 'SPC_NONE', 'UC_NONE', 'TPC_NONE', 'TPC_NONE', 'SPC_NONE', 'TPC_NONE', 'SPC_NONE', 'UC_NONE', 'NONE_MPOLY', 'TPC_NONE', 'SPC_NONE', 'UC_NONE', 'SBX_NONE', 'TPC_NONE', 'UC_NONE', 'UC_NONE', 'SPC_NONE', 'SPC_NONE', 'UC_NONE', 'TPC_NONE', 'SPC_NONE', 'SPC_NONE', 'SPC_NONE', 'SPC_NONE', 'SPC_NONE']","{'TPC_MNUF': 1, 'SBX_MPOLY': 2, 'SPC_NONE': 21, 'UC_NONE': 12, 'TPC_NONE': 15, 'UC_MPOLY': 1, 'NONE_MPOLY': 2, 'SBX_NONE': 1}"
3,56,TPC,NONE,0.6822951786269175,0.041326640321825,886811458.56,1209812132.840583,2511452.32,2205743.682182474,0.741504079221243,5.475866847970412e-05,0.0,0.0,GREEDY_HV,"['SPC_MBFLIP', 'TPC_MNUF', 'SBX_MPOLY', 'SBX_MPOLY', 'SPC_NONE', 'UC_NONE', 'SPC_NONE', 'SPC_NONE', 'SPC_NONE', 'TPC_NONE', 'TPC_NONE', 'SPC_NONE', 'SPC_NONE', 'UC_MPOLY', 'UC_NONE', 'SPC_NONE', 'NONE_MPOLY', 'UC_NONE', 'UC_NONE', 'TPC_NONE', 'SPC_NONE', 'TPC_NONE', 'TPC_NONE', 'TPC_NONE', 'UC_NONE', 'TPC_NONE', 'SPC_NONE', 'TPC_NONE', 'SPC_NONE', 'TPC_NONE', 'UC_NONE', 'SPC_NONE', 'UC_NONE', 'TPC_NONE', 'TPC_NONE', 'SPC_NONE', 'TPC_NONE', 'SPC_NONE', 'UC_NONE', 'NONE_MPOLY', 'TPC_NONE', 'SPC_NONE', 'UC_NONE', 'SBX_NONE', 'TPC_NONE', 'UC_NONE', 'UC_NONE', 'SPC_NONE', 'SPC_NONE', 'UC_NONE', 'TPC_NONE', 'SPC_NONE', 'SPC_NONE', 'SPC_NONE', 'SPC_NONE', 'SPC_NONE', 'TPC_NONE']","{'TPC_MNUF': 1, 'SBX_MPOLY': 2, 'SPC_NONE': 21, 'UC_NONE': 12, 'TPC_NONE': 16, 'UC_MPOLY': 1, 'NONE_MPOLY': 2, 'SBX_NONE': 1}"
3,57,SPC,NONE,0.6817863070755754,0.0414635190789304,878989199.36,1210073469.2252371,2516632.48,2199353.5579083078,0.7415441361105246,4.005688928165885e-05,0.01,0.0,GREEDY_HV,"['SPC_MBFLIP', 'TPC_MNUF', 'SBX_MPOLY', 'SBX_MPOLY', 'SPC_NONE', 'UC_NONE', 'SPC_NONE', 'SPC_NONE', 'SPC_NONE', 'TPC_NONE', 'TPC_NONE', 'SPC_NONE', 'SPC_NONE', 'UC_MPOLY', 'UC_NONE', 'SPC_NONE', 'NONE_MPOLY', 'UC_NONE', 'UC_NONE', 'TPC_NONE', 'SPC_NONE', 'TPC_NONE', 'TPC_NONE', 'TPC_NONE', 'UC_NONE', 'TPC_NONE', 'SPC_NONE', 'TPC_NONE', 'SPC_NONE', 'TPC_NONE', 'UC_NONE', 'SPC_NONE', 'UC_NONE', 'TPC_NONE', 'TPC_NONE', 'SPC_NONE', 'TPC_NONE', 'SPC_NONE', 'UC_NONE', 'NONE_MPOLY', 'TPC_NONE', 'SPC_NONE', 'UC_NONE', 'SBX_NONE', 'TPC_NONE', 'UC_NONE', 'UC_NONE', 'SPC_NONE', 'SPC_NONE', 'UC_NONE', 'TPC_NONE', 'SPC_NONE', 'SPC_NONE', 'SPC_NONE', 'SPC_NONE', 'SPC_NONE', 'TPC_NONE', 'SPC_NONE']","{'TPC_MNUF': 1, 'SBX_MPOLY': 2, 'SPC_NONE': 22, 'UC_NONE': 12, 'TPC_NONE': 16, 'UC_MPOLY': 1, 'NONE_MPOLY': 2, 'SBX_NONE': 1}"
3,58,SPC,NONE,0.6826408214452073,0.0411722369961321,884182727.68,1209506148.231638,2582913.44,2224735.855047355,0.7415375431884039,-6.592922120685074e-06,0.0,0.0,GREEDY_HV,"['SPC_MBFLIP', 'TPC_MNUF', 'SBX_MPOLY', 'SBX_MPOLY', 'SPC_NONE', 'UC_NONE', 'SPC_NONE', 'SPC_NONE', 'SPC_NONE', 'TPC_NONE', 'TPC_NONE', 'SPC_NONE', 'SPC_NONE', 'UC_MPOLY', 'UC_NONE', 'SPC_NONE', 'NONE_MPOLY', 'UC_NONE', 'UC_NONE', 'TPC_NONE', 'SPC_NONE', 'TPC_NONE', 'TPC_NONE', 'TPC_NONE', 'UC_NONE', 'TPC_NONE', 'SPC_NONE', 'TPC_NONE', 'SPC_NONE', 'TPC_NONE', 'UC_NONE', 'SPC_NONE', 'UC_NONE', 'TPC_NONE', 'TPC_NONE', 'SPC_NONE', 'TPC_NONE', 'SPC_NONE', 'UC_NONE', 'NONE_MPOLY', 'TPC_NONE', 'SPC_NONE', 'UC_NONE', 'SBX_NONE', 'TPC_NONE', 'UC_NONE', 'UC_NONE', 'SPC_NONE', 'SPC_NONE', 'UC_NONE', 'TPC_NONE', 'SPC_NONE', 'SPC_NONE', 'SPC_NONE', 'SPC_NONE', 'SPC_NONE', 'TPC_NONE', 'SPC_NONE', 'SPC_NONE']","{'TPC_MNUF': 1, 'SBX_MPOLY': 2, 'SPC_NONE': 23, 'UC_NONE': 12, 'TPC_NONE': 16, 'UC_MPOLY': 1, 'NONE_MPOLY': 2, 'SBX_NONE': 1}"
3,59,SPC,NONE,0.6829004416676085,0.0414709002192055,882548925.44,1210354846.8521729,2651685.28,2226640.507968676,0.7415148636756439,-2.2679512760026554e-05,0.0,0.0,GREEDY_HV,"['SPC_MBFLIP', 'TPC_MNUF', 'SBX_MPOLY', 'SBX_MPOLY', 'SPC_NONE', 'UC_NONE', 'SPC_NONE', 'SPC_NONE', 'SPC_NONE', 'TPC_NONE', 'TPC_NONE', 'SPC_NONE', 'SPC_NONE', 'UC_MPOLY', 'UC_NONE', 'SPC_NONE', 'NONE_MPOLY', 'UC_NONE', 'UC_NONE', 'TPC_NONE', 'SPC_NONE', 'TPC_NONE', 'TPC_NONE', 'TPC_NONE', 'UC_NONE', 'TPC_NONE', 'SPC_NONE', 'TPC_NONE', 'SPC_NONE', 'TPC_NONE', 'UC_NONE', 'SPC_NONE', 'UC_NONE', 'TPC_NONE', 'TPC_NONE', 'SPC_NONE', 'TPC_NONE', 'SPC_NONE', 'UC_NONE', 'NONE_MPOLY', 'TPC_NONE', 'SPC_NONE', 'UC_NONE', 'SBX_NONE', 'TPC_NONE', 'UC_NONE', 'UC_NONE', 'SPC_NONE', 'SPC_NONE', 'UC_NONE', 'TPC_NONE', 'SPC_NONE', 'SPC_NONE', 'SPC_NONE', 'SPC_NONE', 'SPC_NONE', 'TPC_NONE', 'SPC_NONE', 'SPC_NONE', 'SPC_NONE']","{'TPC_MNUF': 1, 'SBX_MPOLY': 2, 'SPC_NONE': 24, 'UC_NONE': 12, 'TPC_NONE': 16, 'UC_MPOLY': 1, 'NONE_MPOLY': 2, 'SBX_NONE': 1}"
3,60,SPC,NONE,0.6825808481858939,0.0412799376726019,873067509.76,1212024505.8662045,2619874.72,2223719.6814507265,0.7414687511166131,-4.6112559030753175e-05,0.0,0.0,GREEDY_HV,"['SPC_MBFLIP', 'TPC_MNUF', 'SBX_MPOLY', 'SBX_MPOLY', 'SPC_NONE', 'UC_NONE', 'SPC_NONE', 'SPC_NONE', 'SPC_NONE', 'TPC_NONE', 'TPC_NONE', 'SPC_NONE', 'SPC_NONE', 'UC_MPOLY', 'UC_NONE', 'SPC_NONE', 'NONE_MPOLY', 'UC_NONE', 'UC_NONE', 'TPC_NONE', 'SPC_NONE', 'TPC_NONE', 'TPC_NONE', 'TPC_NONE', 'UC_NONE', 'TPC_NONE', 'SPC_NONE', 'TPC_NONE', 'SPC_NONE', 'TPC_NONE', 'UC_NONE', 'SPC_NONE', 'UC_NONE', 'TPC_NONE', 'TPC_NONE', 'SPC_NONE', 'TPC_NONE', 'SPC_NONE', 'UC_NONE', 'NONE_MPOLY', 'TPC_NONE', 'SPC_NONE', 'UC_NONE', 'SBX_NONE', 'TPC_NONE', 'UC_NONE', 'UC_NONE', 'SPC_NONE', 'SPC_NONE', 'UC_NONE', 'TPC_NONE', 'SPC_NONE', 'SPC_NONE', 'SPC_NONE', 'SPC_NONE', 'SPC_NONE', 'TPC_NONE', 'SPC_NONE', 'SPC_NONE', 'SPC_NONE', 'SPC_NONE']","{'TPC_MNUF': 1, 'SBX_MPOLY': 2, 'SPC_NONE': 25, 'UC_NONE': 12, 'TPC_NONE': 16, 'UC_MPOLY': 1, 'NONE_MPOLY': 2, 'SBX_NONE': 1}"
3,61,SPC,NONE,0.6816934574189158,0.0412895272475607,864743843.84,1213747928.7440195,2574722.72,2200700.293157676,0.7414714665759101,2.7154592969758085e-06,0.0,0.0,GREEDY_HV,"['SPC_MBFLIP', 'TPC_MNUF', 'SBX_MPOLY', 'SBX_MPOLY', 'SPC_NONE', 'UC_NONE', 'SPC_NONE', 'SPC_NONE', 'SPC_NONE', 'TPC_NONE', 'TPC_NONE', 'SPC_NONE', 'SPC_NONE', 'UC_MPOLY', 'UC_NONE', 'SPC_NONE', 'NONE_MPOLY', 'UC_NONE', 'UC_NONE', 'TPC_NONE', 'SPC_NONE', 'TPC_NONE', 'TPC_NONE', 'TPC_NONE', 'UC_NONE', 'TPC_NONE', 'SPC_NONE', 'TPC_NONE', 'SPC_NONE', 'TPC_NONE', 'UC_NONE', 'SPC_NONE', 'UC_NONE', 'TPC_NONE', 'TPC_NONE', 'SPC_NONE', 'TPC_NONE', 'SPC_NONE', 'UC_NONE', 'NONE_MPOLY', 'TPC_NONE', 'SPC_NONE', 'UC_NONE', 'SBX_NONE', 'TPC_NONE', 'UC_NONE', 'UC_NONE', 'SPC_NONE', 'SPC_NONE', 'UC_NONE', 'TPC_NONE', 'SPC_NONE', 'SPC_NONE', 'SPC_NONE', 'SPC_NONE', 'SPC_NONE', 'TPC_NONE', 'SPC_NONE', 'SPC_NONE', 'SPC_NONE', 'SPC_NONE', 'SPC_NONE']","{'TPC_MNUF': 1, 'SBX_MPOLY': 2, 'SPC_NONE': 26, 'UC_NONE': 12, 'TPC_NONE': 16, 'UC_MPOLY': 1, 'NONE_MPOLY': 2, 'SBX_NONE': 1}"
3,62,TPC,NONE,0.6822341451892998,0.041012631296664,871108270.08,1213041468.198202,2507677.6,2168560.58610506,0.7414311393087327,-4.032726717739799e-05,0.0,0.0,GREEDY_HV,"['SPC_MBFLIP', 'TPC_MNUF', 'SBX_MPOLY', 'SBX_MPOLY', 'SPC_NONE', 'UC_NONE', 'SPC_NONE', 'SPC_NONE', 'SPC_NONE', 'TPC_NONE', 'TPC_NONE', 'SPC_NONE', 'SPC_NONE', 'UC_MPOLY', 'UC_NONE', 'SPC_NONE', 'NONE_MPOLY', 'UC_NONE', 'UC_NONE', 'TPC_NONE', 'SPC_NONE', 'TPC_NONE', 'TPC_NONE', 'TPC_NONE', 'UC_NONE', 'TPC_NONE', 'SPC_NONE', 'TPC_NONE', 'SPC_NONE', 'TPC_NONE', 'UC_NONE', 'SPC_NONE', 'UC_NONE', 'TPC_NONE', 'TPC_NONE', 'SPC_NONE', 'TPC_NONE', 'SPC_NONE', 'UC_NONE', 'NONE_MPOLY', 'TPC_NONE', 'SPC_NONE', 'UC_NONE', 'SBX_NONE', 'TPC_NONE', 'UC_NONE', 'UC_NONE', 'SPC_NONE', 'SPC_NONE', 'UC_NONE', 'TPC_NONE', 'SPC_NONE', 'SPC_NONE', 'SPC_NONE', 'SPC_NONE', 'SPC_NONE', 'TPC_NONE', 'SPC_NONE', 'SPC_NONE', 'SPC_NONE', 'SPC_NONE', 'SPC_NONE', 'TPC_NONE']","{'TPC_MNUF': 1, 'SBX_MPOLY': 2, 'SPC_NONE': 26, 'UC_NONE': 12, 'TPC_NONE': 17, 'UC_MPOLY': 1, 'NONE_MPOLY': 2, 'SBX_NONE': 1}"
3,63,UC,NONE,0.6819150782922273,0.0410978884336002,891373163.52,1214780462.379804,2527513.76,2186597.3924781918,0.7414268528069898,-4.28650174288947e-06,0.0,0.0,GREEDY_HV,"['SPC_MBFLIP', 'TPC_MNUF', 'SBX_MPOLY', 'SBX_MPOLY', 'SPC_NONE', 'UC_NONE', 'SPC_NONE', 'SPC_NONE', 'SPC_NONE', 'TPC_NONE', 'TPC_NONE', 'SPC_NONE', 'SPC_NONE', 'UC_MPOLY', 'UC_NONE', 'SPC_NONE', 'NONE_MPOLY', 'UC_NONE', 'UC_NONE', 'TPC_NONE', 'SPC_NONE', 'TPC_NONE', 'TPC_NONE', 'TPC_NONE', 'UC_NONE', 'TPC_NONE', 'SPC_NONE', 'TPC_NONE', 'SPC_NONE', 'TPC_NONE', 'UC_NONE', 'SPC_NONE', 'UC_NONE', 'TPC_NONE', 'TPC_NONE', 'SPC_NONE', 'TPC_NONE', 'SPC_NONE', 'UC_NONE', 'NONE_MPOLY', 'TPC_NONE', 'SPC_NONE', 'UC_NONE', 'SBX_NONE', 'TPC_NONE', 'UC_NONE', 'UC_NONE', 'SPC_NONE', 'SPC_NONE', 'UC_NONE', 'TPC_NONE', 'SPC_NONE', 'SPC_NONE', 'SPC_NONE', 'SPC_NONE', 'SPC_NONE', 'TPC_NONE', 'SPC_NONE', 'SPC_NONE', 'SPC_NONE', 'SPC_NONE', 'SPC_NONE', 'TPC_NONE', 'UC_NONE']","{'TPC_MNUF': 1, 'SBX_MPOLY': 2, 'SPC_NONE': 26, 'UC_NONE': 13, 'TPC_NONE': 17, 'UC_MPOLY': 1, 'NONE_MPOLY': 2, 'SBX_NONE': 1}"
3,64,UC,NONE,0.6837402922821824,0.0410012075581156,921207127.04,1208572434.467198,2645534.88,2201494.878526249,0.7414593130755013,3.246026851144723e-05,0.0,0.0,GREEDY_HV,"['SPC_MBFLIP', 'TPC_MNUF', 'SBX_MPOLY', 'SBX_MPOLY', 'SPC_NONE', 'UC_NONE', 'SPC_NONE', 'SPC_NONE', 'SPC_NONE', 'TPC_NONE', 'TPC_NONE', 'SPC_NONE', 'SPC_NONE', 'UC_MPOLY', 'UC_NONE', 'SPC_NONE', 'NONE_MPOLY', 'UC_NONE', 'UC_NONE', 'TPC_NONE', 'SPC_NONE', 'TPC_NONE', 'TPC_NONE', 'TPC_NONE', 'UC_NONE', 'TPC_NONE', 'SPC_NONE', 'TPC_NONE', 'SPC_NONE', 'TPC_NONE', 'UC_NONE', 'SPC_NONE', 'UC_NONE', 'TPC_NONE', 'TPC_NONE', 'SPC_NONE', 'TPC_NONE', 'SPC_NONE', 'UC_NONE', 'NONE_MPOLY', 'TPC_NONE', 'SPC_NONE', 'UC_NONE', 'SBX_NONE', 'TPC_NONE', 'UC_NONE', 'UC_NONE', 'SPC_NONE', 'SPC_NONE', 'UC_NONE', 'TPC_NONE', 'SPC_NONE', 'SPC_NONE', 'SPC_NONE', 'SPC_NONE', 'SPC_NONE', 'TPC_NONE', 'SPC_NONE', 'SPC_NONE', 'SPC_NONE', 'SPC_NONE', 'SPC_NONE', 'TPC_NONE', 'UC_NONE', 'UC_NONE']","{'TPC_MNUF': 1, 'SBX_MPOLY': 2, 'SPC_NONE': 26, 'UC_NONE': 14, 'TPC_NONE': 17, 'UC_MPOLY': 1, 'NONE_MPOLY': 2, 'SBX_NONE': 1}"
3,65,SPC,NONE,0.6815225765896409,0.0404782271013248,881209231.36,1214757019.225873,2420481.44,2147812.27026524,0.7414797141882912,2.040111278989176e-05,0.0,0.0,GREEDY_HV,"['SPC_MBFLIP', 'TPC_MNUF', 'SBX_MPOLY', 'SBX_MPOLY', 'SPC_NONE', 'UC_NONE', 'SPC_NONE', 'SPC_NONE', 'SPC_NONE', 'TPC_NONE', 'TPC_NONE', 'SPC_NONE', 'SPC_NONE', 'UC_MPOLY', 'UC_NONE', 'SPC_NONE', 'NONE_MPOLY', 'UC_NONE', 'UC_NONE', 'TPC_NONE', 'SPC_NONE', 'TPC_NONE', 'TPC_NONE', 'TPC_NONE', 'UC_NONE', 'TPC_NONE', 'SPC_NONE', 'TPC_NONE', 'SPC_NONE', 'TPC_NONE', 'UC_NONE', 'SPC_NONE', 'UC_NONE', 'TPC_NONE', 'TPC_NONE', 'SPC_NONE', 'TPC_NONE', 'SPC_NONE', 'UC_NONE', 'NONE_MPOLY', 'TPC_NONE', 'SPC_NONE', 'UC_NONE', 'SBX_NONE', 'TPC_NONE', 'UC_NONE', 'UC_NONE', 'SPC_NONE', 'SPC_NONE', 'UC_NONE', 'TPC_NONE', 'SPC_NONE', 'SPC_NONE', 'SPC_NONE', 'SPC_NONE', 'SPC_NONE', 'TPC_NONE', 'SPC_NONE', 'SPC_NONE', 'SPC_NONE', 'SPC_NONE', 'SPC_NONE', 'TPC_NONE', 'UC_NONE', 'UC_NONE', 'SPC_NONE']","{'TPC_MNUF': 1, 'SBX_MPOLY': 2, 'SPC_NONE': 27, 'UC_NONE': 14, 'TPC_NONE': 17, 'UC_MPOLY': 1, 'NONE_MPOLY': 2, 'SBX_NONE': 1}"
3,66,TPC,NONE,0.6816227007537813,0.0408279563399639,879202739.2,1214905698.6323595,2528953.76,2188265.26303995,0.7414922207885946,1.2506600303385795e-05,0.0,0.0,GREEDY_HV,"['SPC_MBFLIP', 'TPC_MNUF', 'SBX_MPOLY', 'SBX_MPOLY', 'SPC_NONE', 'UC_NONE', 'SPC_NONE', 'SPC_NONE', 'SPC_NONE', 'TPC_NONE', 'TPC_NONE', 'SPC_NONE', 'SPC_NONE', 'UC_MPOLY', 'UC_NONE', 'SPC_NONE', 'NONE_MPOLY', 'UC_NONE', 'UC_NONE', 'TPC_NONE', 'SPC_NONE', 'TPC_NONE', 'TPC_NONE', 'TPC_NONE', 'UC_NONE', 'TPC_NONE', 'SPC_NONE', 'TPC_NONE', 'SPC_NONE', 'TPC_NONE', 'UC_NONE', 'SPC_NONE', 'UC_NONE', 'TPC_NONE', 'TPC_NONE', 'SPC_NONE', 'TPC_NONE', 'SPC_NONE', 'UC_NONE', 'NONE_MPOLY', 'TPC_NONE', 'SPC_NONE', 'UC_NONE', 'SBX_NONE', 'TPC_NONE', 'UC_NONE', 'UC_NONE', 'SPC_NONE', 'SPC_NONE', 'UC_NONE', 'TPC_NONE', 'SPC_NONE', 'SPC_NONE', 'SPC_NONE', 'SPC_NONE', 'SPC_NONE', 'TPC_NONE', 'SPC_NONE', 'SPC_NONE', 'SPC_NONE', 'SPC_NONE', 'SPC_NONE', 'TPC_NONE', 'UC_NONE', 'UC_NONE', 'SPC_NONE', 'TPC_NONE']","{'TPC_MNUF': 1, 'SBX_MPOLY': 2, 'SPC_NONE': 27, 'UC_NONE': 14, 'TPC_NONE': 18, 'UC_MPOLY': 1, 'NONE_MPOLY': 2, 'SBX_NONE': 1}"
3,67,SPC,NONE,0.679558371721765,0.0405860847083135,849974016.0,1215703224.2576892,2417881.76,2199118.1868795548,0.7413859646307324,-0.0001062561578621,0.0,0.0,GREEDY_HV,"['SPC_MBFLIP', 'TPC_MNUF', 'SBX_MPOLY', 'SBX_MPOLY', 'SPC_NONE', 'UC_NONE', 'SPC_NONE', 'SPC_NONE', 'SPC_NONE', 'TPC_NONE', 'TPC_NONE', 'SPC_NONE', 'SPC_NONE', 'UC_MPOLY', 'UC_NONE', 'SPC_NONE', 'NONE_MPOLY', 'UC_NONE', 'UC_NONE', 'TPC_NONE', 'SPC_NONE', 'TPC_NONE', 'TPC_NONE', 'TPC_NONE', 'UC_NONE', 'TPC_NONE', 'SPC_NONE', 'TPC_NONE', 'SPC_NONE', 'TPC_NONE', 'UC_NONE', 'SPC_NONE', 'UC_NONE', 'TPC_NONE', 'TPC_NONE', 'SPC_NONE', 'TPC_NONE', 'SPC_NONE', 'UC_NONE', 'NONE_MPOLY', 'TPC_NONE', 'SPC_NONE', 'UC_NONE', 'SBX_NONE', 'TPC_NONE', 'UC_NONE', 'UC_NONE', 'SPC_NONE', 'SPC_NONE', 'UC_NONE', 'TPC_NONE', 'SPC_NONE', 'SPC_NONE', 'SPC_NONE', 'SPC_NONE', 'SPC_NONE', 'TPC_NONE', 'SPC_NONE', 'SPC_NONE', 'SPC_NONE', 'SPC_NONE', 'SPC_NONE', 'TPC_NONE', 'UC_NONE', 'UC_NONE', 'SPC_NONE', 'TPC_NONE', 'SPC_NONE']","{'TPC_MNUF': 1, 'SBX_MPOLY': 2, 'SPC_NONE': 28, 'UC_NONE': 14, 'TPC_NONE': 18, 'UC_MPOLY': 1, 'NONE_MPOLY': 2, 'SBX_NONE': 1}"
3,68,TPC,NONE,0.6829124298828743,0.0405213848115358,887425182.72,1204987464.3036454,2583451.04,2156616.9643310965,0.741339426034771,-4.653859596137622e-05,0.0,0.0,GREEDY_HV,"['SPC_MBFLIP', 'TPC_MNUF', 'SBX_MPOLY', 'SBX_MPOLY', 'SPC_NONE', 'UC_NONE', 'SPC_NONE', 'SPC_NONE', 'SPC_NONE', 'TPC_NONE', 'TPC_NONE', 'SPC_NONE', 'SPC_NONE', 'UC_MPOLY', 'UC_NONE', 'SPC_NONE', 'NONE_MPOLY', 'UC_NONE', 'UC_NONE', 'TPC_NONE', 'SPC_NONE', 'TPC_NONE', 'TPC_NONE', 'TPC_NONE', 'UC_NONE', 'TPC_NONE', 'SPC_NONE', 'TPC_NONE', 'SPC_NONE', 'TPC_NONE', 'UC_NONE', 'SPC_NONE', 'UC_NONE', 'TPC_NONE', 'TPC_NONE', 'SPC_NONE', 'TPC_NONE', 'SPC_NONE', 'UC_NONE', 'NONE_MPOLY', 'TPC_NONE', 'SPC_NONE', 'UC_NONE', 'SBX_NONE', 'TPC_NONE', 'UC_NONE', 'UC_NONE', 'SPC_NONE', 'SPC_NONE', 'UC_NONE', 'TPC_NONE', 'SPC_NONE', 'SPC_NONE', 'SPC_NONE', 'SPC_NONE', 'SPC_NONE', 'TPC_NONE', 'SPC_NONE', 'SPC_NONE', 'SPC_NONE', 'SPC_NONE', 'SPC_NONE', 'TPC_NONE', 'UC_NONE', 'UC_NONE', 'SPC_NONE', 'TPC_NONE', 'SPC_NONE', 'TPC_NONE']","{'TPC_MNUF': 1, 'SBX_MPOLY': 2, 'SPC_NONE': 28, 'UC_NONE': 14, 'TPC_NONE': 19, 'UC_MPOLY': 1, 'NONE_MPOLY': 2, 'SBX_NONE': 1}"
3,69,TPC,NONE,0.6817886593802217,0.0409172319806846,884092902.4,1211955914.525944,2555283.36,2222424.554275207,0.7413687354819694,2.930944719836681e-05,0.01,0.0,GREEDY_HV,"['SPC_MBFLIP', 'TPC_MNUF', 'SBX_MPOLY', 'SBX_MPOLY', 'SPC_NONE', 'UC_NONE', 'SPC_NONE', 'SPC_NONE', 'SPC_NONE', 'TPC_NONE', 'TPC_NONE', 'SPC_NONE', 'SPC_NONE', 'UC_MPOLY', 'UC_NONE', 'SPC_NONE', 'NONE_MPOLY', 'UC_NONE', 'UC_NONE', 'TPC_NONE', 'SPC_NONE', 'TPC_NONE', 'TPC_NONE', 'TPC_NONE', 'UC_NONE', 'TPC_NONE', 'SPC_NONE', 'TPC_NONE', 'SPC_NONE', 'TPC_NONE', 'UC_NONE', 'SPC_NONE', 'UC_NONE', 'TPC_NONE', 'TPC_NONE', 'SPC_NONE', 'TPC_NONE', 'SPC_NONE', 'UC_NONE', 'NONE_MPOLY', 'TPC_NONE', 'SPC_NONE', 'UC_NONE', 'SBX_NONE', 'TPC_NONE', 'UC_NONE', 'UC_NONE', 'SPC_NONE', 'SPC_NONE', 'UC_NONE', 'TPC_NONE', 'SPC_NONE', 'SPC_NONE', 'SPC_NONE', 'SPC_NONE', 'SPC_NONE', 'TPC_NONE', 'SPC_NONE', 'SPC_NONE', 'SPC_NONE', 'SPC_NONE', 'SPC_NONE', 'TPC_NONE', 'UC_NONE', 'UC_NONE', 'SPC_NONE', 'TPC_NONE', 'SPC_NONE', 'TPC_NONE', 'TPC_NONE']","{'TPC_MNUF': 1, 'SBX_MPOLY': 2, 'SPC_NONE': 28, 'UC_NONE': 14, 'TPC_NONE': 20, 'UC_MPOLY': 1, 'NONE_MPOLY': 2, 'SBX_NONE': 1}"
3,70,SPC,NONE,0.6817217762285912,0.040824783560054,878034304.0,1211993620.4906533,2575826.08,2199848.726616226,0.7413644289033311,-4.306578638257896e-06,0.0,0.0,GREEDY_HV,"['SPC_MBFLIP', 'TPC_MNUF', 'SBX_MPOLY', 'SBX_MPOLY', 'SPC_NONE', 'UC_NONE', 'SPC_NONE', 'SPC_NONE', 'SPC_NONE', 'TPC_NONE', 'TPC_NONE', 'SPC_NONE', 'SPC_NONE', 'UC_MPOLY', 'UC_NONE', 'SPC_NONE', 'NONE_MPOLY', 'UC_NONE', 'UC_NONE', 'TPC_NONE', 'SPC_NONE', 'TPC_NONE', 'TPC_NONE', 'TPC_NONE', 'UC_NONE', 'TPC_NONE', 'SPC_NONE', 'TPC_NONE', 'SPC_NONE', 'TPC_NONE', 'UC_NONE', 'SPC_NONE', 'UC_NONE', 'TPC_NONE', 'TPC_NONE', 'SPC_NONE', 'TPC_NONE', 'SPC_NONE', 'UC_NONE', 'NONE_MPOLY', 'TPC_NONE', 'SPC_NONE', 'UC_NONE', 'SBX_NONE', 'TPC_NONE', 'UC_NONE', 'UC_NONE', 'SPC_NONE', 'SPC_NONE', 'UC_NONE', 'TPC_NONE', 'SPC_NONE', 'SPC_NONE', 'SPC_NONE', 'SPC_NONE', 'SPC_NONE', 'TPC_NONE', 'SPC_NONE', 'SPC_NONE', 'SPC_NONE', 'SPC_NONE', 'SPC_NONE', 'TPC_NONE', 'UC_NONE', 'UC_NONE', 'SPC_NONE', 'TPC_NONE', 'SPC_NONE', 'TPC_NONE', 'TPC_NONE', 'SPC_NONE']","{'TPC_MNUF': 1, 'SBX_MPOLY': 2, 'SPC_NONE': 29, 'UC_NONE': 14, 'TPC_NONE': 20, 'UC_MPOLY': 1, 'NONE_MPOLY': 2, 'SBX_NONE': 1}"
3,71,SPC,NONE,0.6823144295348785,0.040873790976292,889671270.4,1210286341.6664174,2575366.56,2201470.015128728,0.7413825744742215,1.8145570890415463e-05,0.0,0.0,GREEDY_HV,"['SPC_MBFLIP', 'TPC_MNUF', 'SBX_MPOLY', 'SBX_MPOLY', 'SPC_NONE', 'UC_NONE', 'SPC_NONE', 'SPC_NONE', 'SPC_NONE', 'TPC_NONE', 'TPC_NONE', 'SPC_NONE', 'SPC_NONE', 'UC_MPOLY', 'UC_NONE', 'SPC_NONE', 'NONE_MPOLY', 'UC_NONE', 'UC_NONE', 'TPC_NONE', 'SPC_NONE', 'TPC_NONE', 'TPC_NONE', 'TPC_NONE', 'UC_NONE', 'TPC_NONE', 'SPC_NONE', 'TPC_NONE', 'SPC_NONE', 'TPC_NONE', 'UC_NONE', 'SPC_NONE', 'UC_NONE', 'TPC_NONE', 'TPC_NONE', 'SPC_NONE', 'TPC_NONE', 'SPC_NONE', 'UC_NONE', 'NONE_MPOLY', 'TPC_NONE', 'SPC_NONE', 'UC_NONE', 'SBX_NONE', 'TPC_NONE', 'UC_NONE', 'UC_NONE', 'SPC_NONE', 'SPC_NONE', 'UC_NONE', 'TPC_NONE', 'SPC_NONE', 'SPC_NONE', 'SPC_NONE', 'SPC_NONE', 'SPC_NONE', 'TPC_NONE', 'SPC_NONE', 'SPC_NONE', 'SPC_NONE', 'SPC_NONE', 'SPC_NONE', 'TPC_NONE', 'UC_NONE', 'UC_NONE', 'SPC_NONE', 'TPC_NONE', 'SPC_NONE', 'TPC_NONE', 'TPC_NONE', 'SPC_NONE', 'SPC_NONE']","{'TPC_MNUF': 1, 'SBX_MPOLY': 2, 'SPC_NONE': 30, 'UC_NONE': 14, 'TPC_NONE': 20, 'UC_MPOLY': 1, 'NONE_MPOLY': 2, 'SBX_NONE': 1}"
3,72,SPC,NONE,0.6820865942873635,0.0410198012930424,936579681.28,1309263613.5400553,2608949.92,2260611.1224861285,0.7414295505120065,4.6976037785029234e-05,0.0,0.0,GREEDY_HV,"['SPC_MBFLIP', 'TPC_MNUF', 'SBX_MPOLY', 'SBX_MPOLY', 'SPC_NONE', 'UC_NONE', 'SPC_NONE', 'SPC_NONE', 'SPC_NONE', 'TPC_NONE', 'TPC_NONE', 'SPC_NONE', 'SPC_NONE', 'UC_MPOLY', 'UC_NONE', 'SPC_NONE', 'NONE_MPOLY', 'UC_NONE', 'UC_NONE', 'TPC_NONE', 'SPC_NONE', 'TPC_NONE', 'TPC_NONE', 'TPC_NONE', 'UC_NONE', 'TPC_NONE', 'SPC_NONE', 'TPC_NONE', 'SPC_NONE', 'TPC_NONE', 'UC_NONE', 'SPC_NONE', 'UC_NONE', 'TPC_NONE', 'TPC_NONE', 'SPC_NONE', 'TPC_NONE', 'SPC_NONE', 'UC_NONE', 'NONE_MPOLY', 'TPC_NONE', 'SPC_NONE', 'UC_NONE', 'SBX_NONE', 'TPC_NONE', 'UC_NONE', 'UC_NONE', 'SPC_NONE', 'SPC_NONE', 'UC_NONE', 'TPC_NONE', 'SPC_NONE', 'SPC_NONE', 'SPC_NONE', 'SPC_NONE', 'SPC_NONE', 'TPC_NONE', 'SPC_NONE', 'SPC_NONE', 'SPC_NONE', 'SPC_NONE', 'SPC_NONE', 'TPC_NONE', 'UC_NONE', 'UC_NONE', 'SPC_NONE', 'TPC_NONE', 'SPC_NONE', 'TPC_NONE', 'TPC_NONE', 'SPC_NONE', 'SPC_NONE', 'SPC_NONE']","{'TPC_MNUF': 1, 'SBX_MPOLY': 2, 'SPC_NONE': 31, 'UC_NONE': 14, 'TPC_NONE': 20, 'UC_MPOLY': 1, 'NONE_MPOLY': 2, 'SBX_NONE': 1}"
3,73,SPC,NONE,0.6822051513209226,0.0412660514088075,998225935.36,1400087971.930469,2615733.92,2323876.671800187,0.7414082637175188,-2.128679448776261e-05,0.0,0.0,GREEDY_HV,"['SPC_MBFLIP', 'TPC_MNUF', 'SBX_MPOLY', 'SBX_MPOLY', 'SPC_NONE', 'UC_NONE', 'SPC_NONE', 'SPC_NONE', 'SPC_NONE', 'TPC_NONE', 'TPC_NONE', 'SPC_NONE', 'SPC_NONE', 'UC_MPOLY', 'UC_NONE', 'SPC_NONE', 'NONE_MPOLY', 'UC_NONE', 'UC_NONE', 'TPC_NONE', 'SPC_NONE', 'TPC_NONE', 'TPC_NONE', 'TPC_NONE', 'UC_NONE', 'TPC_NONE', 'SPC_NONE', 'TPC_NONE', 'SPC_NONE', 'TPC_NONE', 'UC_NONE', 'SPC_NONE', 'UC_NONE', 'TPC_NONE', 'TPC_NONE', 'SPC_NONE', 'TPC_NONE', 'SPC_NONE', 'UC_NONE', 'NONE_MPOLY', 'TPC_NONE', 'SPC_NONE', 'UC_NONE', 'SBX_NONE', 'TPC_NONE', 'UC_NONE', 'UC_NONE', 'SPC_NONE', 'SPC_NONE', 'UC_NONE', 'TPC_NONE', 'SPC_NONE', 'SPC_NONE', 'SPC_NONE', 'SPC_NONE', 'SPC_NONE', 'TPC_NONE', 'SPC_NONE', 'SPC_NONE', 'SPC_NONE', 'SPC_NONE', 'SPC_NONE', 'TPC_NONE', 'UC_NONE', 'UC_NONE', 'SPC_NONE', 'TPC_NONE', 'SPC_NONE', 'TPC_NONE', 'TPC_NONE', 'SPC_NONE', 'SPC_NONE', 'SPC_NONE', 'SPC_NONE']","{'TPC_MNUF': 1, 'SBX_MPOLY': 2, 'SPC_NONE': 32, 'UC_NONE': 14, 'TPC_NONE': 20, 'UC_MPOLY': 1, 'NONE_MPOLY': 2, 'SBX_NONE': 1}"
3,74,TPC,NONE,0.68271174244761,0.0409851575750296,998585067.52,1399849997.5776567,2594642.08,2295013.941787681,0.7413542518927803,-5.4011824738520176e-05,0.0,0.0,GREEDY_HV,"['SPC_MBFLIP', 'TPC_MNUF', 'SBX_MPOLY', 'SBX_MPOLY', 'SPC_NONE', 'UC_NONE', 'SPC_NONE', 'SPC_NONE', 'SPC_NONE', 'TPC_NONE', 'TPC_NONE', 'SPC_NONE', 'SPC_NONE', 'UC_MPOLY', 'UC_NONE', 'SPC_NONE', 'NONE_MPOLY', 'UC_NONE', 'UC_NONE', 'TPC_NONE', 'SPC_NONE', 'TPC_NONE', 'TPC_NONE', 'TPC_NONE', 'UC_NONE', 'TPC_NONE', 'SPC_NONE', 'TPC_NONE', 'SPC_NONE', 'TPC_NONE', 'UC_NONE', 'SPC_NONE', 'UC_NONE', 'TPC_NONE', 'TPC_NONE', 'SPC_NONE', 'TPC_NONE', 'SPC_NONE', 'UC_NONE', 'NONE_MPOLY', 'TPC_NONE', 'SPC_NONE', 'UC_NONE', 'SBX_NONE', 'TPC_NONE', 'UC_NONE', 'UC_NONE', 'SPC_NONE', 'SPC_NONE', 'UC_NONE', 'TPC_NONE', 'SPC_NONE', 'SPC_NONE', 'SPC_NONE', 'SPC_NONE', 'SPC_NONE', 'TPC_NONE', 'SPC_NONE', 'SPC_NONE', 'SPC_NONE', 'SPC_NONE', 'SPC_NONE', 'TPC_NONE', 'UC_NONE', 'UC_NONE', 'SPC_NONE', 'TPC_NONE', 'SPC_NONE', 'TPC_NONE', 'TPC_NONE', 'SPC_NONE', 'SPC_NONE', 'SPC_NONE', 'SPC_NONE', 'TPC_NONE']","{'TPC_MNUF': 1, 'SBX_MPOLY': 2, 'SPC_NONE': 32, 'UC_NONE': 14, 'TPC_NONE': 21, 'UC_MPOLY': 1, 'NONE_MPOLY': 2, 'SBX_NONE': 1}"
3,75,SPC,NONE,0.6833745308749206,0.041425871927253,1000060093.44,1397253251.2039983,2769134.24,2333477.1847344604,0.7413610715670391,6.819674258862207e-06,0.01,0.0,GREEDY_HV,"['SPC_MBFLIP', 'TPC_MNUF', 'SBX_MPOLY', 'SBX_MPOLY', 'SPC_NONE', 'UC_NONE', 'SPC_NONE', 'SPC_NONE', 'SPC_NONE', 'TPC_NONE', 'TPC_NONE', 'SPC_NONE', 'SPC_NONE', 'UC_MPOLY', 'UC_NONE', 'SPC_NONE', 'NONE_MPOLY', 'UC_NONE', 'UC_NONE', 'TPC_NONE', 'SPC_NONE', 'TPC_NONE', 'TPC_NONE', 'TPC_NONE', 'UC_NONE', 'TPC_NONE', 'SPC_NONE', 'TPC_NONE', 'SPC_NONE', 'TPC_NONE', 'UC_NONE', 'SPC_NONE', 'UC_NONE', 'TPC_NONE', 'TPC_NONE', 'SPC_NONE', 'TPC_NONE', 'SPC_NONE', 'UC_NONE', 'NONE_MPOLY', 'TPC_NONE', 'SPC_NONE', 'UC_NONE', 'SBX_NONE', 'TPC_NONE', 'UC_NONE', 'UC_NONE', 'SPC_NONE', 'SPC_NONE', 'UC_NONE', 'TPC_NONE', 'SPC_NONE', 'SPC_NONE', 'SPC_NONE', 'SPC_NONE', 'SPC_NONE', 'TPC_NONE', 'SPC_NONE', 'SPC_NONE', 'SPC_NONE', 'SPC_NONE', 'SPC_NONE', 'TPC_NONE', 'UC_NONE', 'UC_NONE', 'SPC_NONE', 'TPC_NONE', 'SPC_NONE', 'TPC_NONE', 'TPC_NONE', 'SPC_NONE', 'SPC_NONE', 'SPC_NONE', 'SPC_NONE', 'TPC_NONE', 'SPC_NONE']","{'TPC_MNUF': 1, 'SBX_MPOLY': 2, 'SPC_NONE': 33, 'UC_NONE': 14, 'TPC_NONE': 21, 'UC_MPOLY': 1, 'NONE_MPOLY': 2, 'SBX_NONE': 1}"
3,76,TPC,NONE,0.6812483604150177,0.0407604286652586,948645550.08,1407138654.5518916,2594917.28,2303987.6775844707,0.7413550359859403,-6.035581098795539e-06,0.0,0.0,GREEDY_HV,"['SPC_MBFLIP', 'TPC_MNUF', 'SBX_MPOLY', 'SBX_MPOLY', 'SPC_NONE', 'UC_NONE', 'SPC_NONE', 'SPC_NONE', 'SPC_NONE', 'TPC_NONE', 'TPC_NONE', 'SPC_NONE', 'SPC_NONE', 'UC_MPOLY', 'UC_NONE', 'SPC_NONE', 'NONE_MPOLY', 'UC_NONE', 'UC_NONE', 'TPC_NONE', 'SPC_NONE', 'TPC_NONE', 'TPC_NONE', 'TPC_NONE', 'UC_NONE', 'TPC_NONE', 'SPC_NONE', 'TPC_NONE', 'SPC_NONE', 'TPC_NONE', 'UC_NONE', 'SPC_NONE', 'UC_NONE', 'TPC_NONE', 'TPC_NONE', 'SPC_NONE', 'TPC_NONE', 'SPC_NONE', 'UC_NONE', 'NONE_MPOLY', 'TPC_NONE', 'SPC_NONE', 'UC_NONE', 'SBX_NONE', 'TPC_NONE', 'UC_NONE', 'UC_NONE', 'SPC_NONE', 'SPC_NONE', 'UC_NONE', 'TPC_NONE', 'SPC_NONE', 'SPC_NONE', 'SPC_NONE', 'SPC_NONE', 'SPC_NONE', 'TPC_NONE', 'SPC_NONE', 'SPC_NONE', 'SPC_NONE', 'SPC_NONE', 'SPC_NONE', 'TPC_NONE', 'UC_NONE', 'UC_NONE', 'SPC_NONE', 'TPC_NONE', 'SPC_NONE', 'TPC_NONE', 'TPC_NONE', 'SPC_NONE', 'SPC_NONE', 'SPC_NONE', 'SPC_NONE', 'TPC_NONE', 'SPC_NONE', 'TPC_NONE']","{'TPC_MNUF': 1, 'SBX_MPOLY': 2, 'SPC_NONE': 33, 'UC_NONE': 14, 'TPC_NONE': 22, 'UC_MPOLY': 1, 'NONE_MPOLY': 2, 'SBX_NONE': 1}"
3,77,SPC,NONE,0.682640528519523,0.0407466389282643,967116277.76,1400819589.3009503,2659328.16,2283130.341217543,0.741286269317234,-6.876666870636594e-05,0.0,0.0,GREEDY_HV,"['SPC_MBFLIP', 'TPC_MNUF', 'SBX_MPOLY', 'SBX_MPOLY', 'SPC_NONE', 'UC_NONE', 'SPC_NONE', 'SPC_NONE', 'SPC_NONE', 'TPC_NONE', 'TPC_NONE', 'SPC_NONE', 'SPC_NONE', 'UC_MPOLY', 'UC_NONE', 'SPC_NONE', 'NONE_MPOLY', 'UC_NONE', 'UC_NONE', 'TPC_NONE', 'SPC_NONE', 'TPC_NONE', 'TPC_NONE', 'TPC_NONE', 'UC_NONE', 'TPC_NONE', 'SPC_NONE', 'TPC_NONE', 'SPC_NONE', 'TPC_NONE', 'UC_NONE', 'SPC_NONE', 'UC_NONE', 'TPC_NONE', 'TPC_NONE', 'SPC_NONE', 'TPC_NONE', 'SPC_NONE', 'UC_NONE', 'NONE_MPOLY', 'TPC_NONE', 'SPC_NONE', 'UC_NONE', 'SBX_NONE', 'TPC_NONE', 'UC_NONE', 'UC_NONE', 'SPC_NONE', 'SPC_NONE', 'UC_NONE', 'TPC_NONE', 'SPC_NONE', 'SPC_NONE', 'SPC_NONE', 'SPC_NONE', 'SPC_NONE', 'TPC_NONE', 'SPC_NONE', 'SPC_NONE', 'SPC_NONE', 'SPC_NONE', 'SPC_NONE', 'TPC_NONE', 'UC_NONE', 'UC_NONE', 'SPC_NONE', 'TPC_NONE', 'SPC_NONE', 'TPC_NONE', 'TPC_NONE', 'SPC_NONE', 'SPC_NONE', 'SPC_NONE', 'SPC_NONE', 'TPC_NONE', 'SPC_NONE', 'TPC_NONE', 'SPC_NONE']","{'TPC_MNUF': 1, 'SBX_MPOLY': 2, 'SPC_NONE': 34, 'UC_NONE': 14, 'TPC_NONE': 22, 'UC_MPOLY': 1, 'NONE_MPOLY': 2, 'SBX_NONE': 1}"
3,78,SPC,NONE,0.6813352010317782,0.0409593286527338,966536652.8,1406958788.0365436,2548108.96,2273087.4748298177,0.7414315162723537,0.0001452469551197,0.01,0.0,GREEDY_HV,"['SPC_MBFLIP', 'TPC_MNUF', 'SBX_MPOLY', 'SBX_MPOLY', 'SPC_NONE', 'UC_NONE', 'SPC_NONE', 'SPC_NONE', 'SPC_NONE', 'TPC_NONE', 'TPC_NONE', 'SPC_NONE', 'SPC_NONE', 'UC_MPOLY', 'UC_NONE', 'SPC_NONE', 'NONE_MPOLY', 'UC_NONE', 'UC_NONE', 'TPC_NONE', 'SPC_NONE', 'TPC_NONE', 'TPC_NONE', 'TPC_NONE', 'UC_NONE', 'TPC_NONE', 'SPC_NONE', 'TPC_NONE', 'SPC_NONE', 'TPC_NONE', 'UC_NONE', 'SPC_NONE', 'UC_NONE', 'TPC_NONE', 'TPC_NONE', 'SPC_NONE', 'TPC_NONE', 'SPC_NONE', 'UC_NONE', 'NONE_MPOLY', 'TPC_NONE', 'SPC_NONE', 'UC_NONE', 'SBX_NONE', 'TPC_NONE', 'UC_NONE', 'UC_NONE', 'SPC_NONE', 'SPC_NONE', 'UC_NONE', 'TPC_NONE', 'SPC_NONE', 'SPC_NONE', 'SPC_NONE', 'SPC_NONE', 'SPC_NONE', 'TPC_NONE', 'SPC_NONE', 'SPC_NONE', 'SPC_NONE', 'SPC_NONE', 'SPC_NONE', 'TPC_NONE', 'UC_NONE', 'UC_NONE', 'SPC_NONE', 'TPC_NONE', 'SPC_NONE', 'TPC_NONE', 'TPC_NONE', 'SPC_NONE', 'SPC_NONE', 'SPC_NONE', 'SPC_NONE', 'TPC_NONE', 'SPC_NONE', 'TPC_NONE', 'SPC_NONE', 'SPC_NONE']","{'TPC_MNUF': 1, 'SBX_MPOLY': 2, 'SPC_NONE': 35, 'UC_NONE': 14, 'TPC_NONE': 22, 'UC_MPOLY': 1, 'NONE_MPOLY': 2, 'SBX_NONE': 1}"
3,79,SPC,NONE,0.6808481065550609,0.0410037318758847,962244331.52,1407727992.2786582,2510977.44,2290875.7814390208,0.741463413619533,3.189734717934378e-05,0.0,0.0,GREEDY_HV,"['SPC_MBFLIP', 'TPC_MNUF', 'SBX_MPOLY', 'SBX_MPOLY', 'SPC_NONE', 'UC_NONE', 'SPC_NONE', 'SPC_NONE', 'SPC_NONE', 'TPC_NONE', 'TPC_NONE', 'SPC_NONE', 'SPC_NONE', 'UC_MPOLY', 'UC_NONE', 'SPC_NONE', 'NONE_MPOLY', 'UC_NONE', 'UC_NONE', 'TPC_NONE', 'SPC_NONE', 'TPC_NONE', 'TPC_NONE', 'TPC_NONE', 'UC_NONE', 'TPC_NONE', 'SPC_NONE', 'TPC_NONE', 'SPC_NONE', 'TPC_NONE', 'UC_NONE', 'SPC_NONE', 'UC_NONE', 'TPC_NONE', 'TPC_NONE', 'SPC_NONE', 'TPC_NONE', 'SPC_NONE', 'UC_NONE', 'NONE_MPOLY', 'TPC_NONE', 'SPC_NONE', 'UC_NONE', 'SBX_NONE', 'TPC_NONE', 'UC_NONE', 'UC_NONE', 'SPC_NONE', 'SPC_NONE', 'UC_NONE', 'TPC_NONE', 'SPC_NONE', 'SPC_NONE', 'SPC_NONE', 'SPC_NONE', 'SPC_NONE', 'TPC_NONE', 'SPC_NONE', 'SPC_NONE', 'SPC_NONE', 'SPC_NONE', 'SPC_NONE', 'TPC_NONE', 'UC_NONE', 'UC_NONE', 'SPC_NONE', 'TPC_NONE', 'SPC_NONE', 'TPC_NONE', 'TPC_NONE', 'SPC_NONE', 'SPC_NONE', 'SPC_NONE', 'SPC_NONE', 'TPC_NONE', 'SPC_NONE', 'TPC_NONE', 'SPC_NONE', 'SPC_NONE', 'SPC_NONE']","{'TPC_MNUF': 1, 'SBX_MPOLY': 2, 'SPC_NONE': 36, 'UC_NONE': 14, 'TPC_NONE': 22, 'UC_MPOLY': 1, 'NONE_MPOLY': 2, 'SBX_NONE': 1}"
3,80,TPC,NONE,0.6815732603241582,0.0413360792016327,977101660.16,1407013648.241621,2623483.04,2304161.5328178448,0.7414406383036892,-2.277531584382597e-05,0.0,0.0,GREEDY_HV,"['SPC_MBFLIP', 'TPC_MNUF', 'SBX_MPOLY', 'SBX_MPOLY', 'SPC_NONE', 'UC_NONE', 'SPC_NONE', 'SPC_NONE', 'SPC_NONE', 'TPC_NONE', 'TPC_NONE', 'SPC_NONE', 'SPC_NONE', 'UC_MPOLY', 'UC_NONE', 'SPC_NONE', 'NONE_MPOLY', 'UC_NONE', 'UC_NONE', 'TPC_NONE', 'SPC_NONE', 'TPC_NONE', 'TPC_NONE', 'TPC_NONE', 'UC_NONE', 'TPC_NONE', 'SPC_NONE', 'TPC_NONE', 'SPC_NONE', 'TPC_NONE', 'UC_NONE', 'SPC_NONE', 'UC_NONE', 'TPC_NONE', 'TPC_NONE', 'SPC_NONE', 'TPC_NONE', 'SPC_NONE', 'UC_NONE', 'NONE_MPOLY', 'TPC_NONE', 'SPC_NONE', 'UC_NONE', 'SBX_NONE', 'TPC_NONE', 'UC_NONE', 'UC_NONE', 'SPC_NONE', 'SPC_NONE', 'UC_NONE', 'TPC_NONE', 'SPC_NONE', 'SPC_NONE', 'SPC_NONE', 'SPC_NONE', 'SPC_NONE', 'TPC_NONE', 'SPC_NONE', 'SPC_NONE', 'SPC_NONE', 'SPC_NONE', 'SPC_NONE', 'TPC_NONE', 'UC_NONE', 'UC_NONE', 'SPC_NONE', 'TPC_NONE', 'SPC_NONE', 'TPC_NONE', 'TPC_NONE', 'SPC_NONE', 'SPC_NONE', 'SPC_NONE', 'SPC_NONE', 'TPC_NONE', 'SPC_NONE', 'TPC_NONE', 'SPC_NONE', 'SPC_NONE', 'SPC_NONE', 'TPC_NONE']","{'TPC_MNUF': 1, 'SBX_MPOLY': 2, 'SPC_NONE': 36, 'UC_NONE': 14, 'TPC_NONE': 23, 'UC_MPOLY': 1, 'NONE_MPOLY': 2, 'SBX_NONE': 1}"
3,81,TPC,MNUF,0.682114836973788,0.041228465939621,980711444.48,1405250657.9041483,2631067.04,2298559.095018973,0.7414437684449869,3.1301412977136067e-06,0.0,0.01,GREEDY_HV,"['SPC_MBFLIP', 'TPC_MNUF', 'SBX_MPOLY', 'SBX_MPOLY', 'SPC_NONE', 'UC_NONE', 'SPC_NONE', 'SPC_NONE', 'SPC_NONE', 'TPC_NONE', 'TPC_NONE', 'SPC_NONE', 'SPC_NONE', 'UC_MPOLY', 'UC_NONE', 'SPC_NONE', 'NONE_MPOLY', 'UC_NONE', 'UC_NONE', 'TPC_NONE', 'SPC_NONE', 'TPC_NONE', 'TPC_NONE', 'TPC_NONE', 'UC_NONE', 'TPC_NONE', 'SPC_NONE', 'TPC_NONE', 'SPC_NONE', 'TPC_NONE', 'UC_NONE', 'SPC_NONE', 'UC_NONE', 'TPC_NONE', 'TPC_NONE', 'SPC_NONE', 'TPC_NONE', 'SPC_NONE', 'UC_NONE', 'NONE_MPOLY', 'TPC_NONE', 'SPC_NONE', 'UC_NONE', 'SBX_NONE', 'TPC_NONE', 'UC_NONE', 'UC_NONE', 'SPC_NONE', 'SPC_NONE', 'UC_NONE', 'TPC_NONE', 'SPC_NONE', 'SPC_NONE', 'SPC_NONE', 'SPC_NONE', 'SPC_NONE', 'TPC_NONE', 'SPC_NONE', 'SPC_NONE', 'SPC_NONE', 'SPC_NONE', 'SPC_NONE', 'TPC_NONE', 'UC_NONE', 'UC_NONE', 'SPC_NONE', 'TPC_NONE', 'SPC_NONE', 'TPC_NONE', 'TPC_NONE', 'SPC_NONE', 'SPC_NONE', 'SPC_NONE', 'SPC_NONE', 'TPC_NONE', 'SPC_NONE', 'TPC_NONE', 'SPC_NONE', 'SPC_NONE', 'SPC_NONE', 'TPC_NONE', 'TPC_MNUF']","{'TPC_MNUF': 2, 'SBX_MPOLY': 2, 'SPC_NONE': 36, 'UC_NONE': 14, 'TPC_NONE': 23, 'UC_MPOLY': 1, 'NONE_MPOLY': 2, 'SBX_NONE': 1}"
3,82,UC,MPOLY,0.6826271939088148,0.041193170799794,977673748.48,1401750854.197375,2660647.84,2310135.0000856603,0.7415325948423657,8.882639737872733e-05,0.0,0.01,GREEDY_HV,"['SPC_MBFLIP', 'TPC_MNUF', 'SBX_MPOLY', 'SBX_MPOLY', 'SPC_NONE', 'UC_NONE', 'SPC_NONE', 'SPC_NONE', 'SPC_NONE', 'TPC_NONE', 'TPC_NONE', 'SPC_NONE', 'SPC_NONE', 'UC_MPOLY', 'UC_NONE', 'SPC_NONE', 'NONE_MPOLY', 'UC_NONE', 'UC_NONE', 'TPC_NONE', 'SPC_NONE', 'TPC_NONE', 'TPC_NONE', 'TPC_NONE', 'UC_NONE', 'TPC_NONE', 'SPC_NONE', 'TPC_NONE', 'SPC_NONE', 'TPC_NONE', 'UC_NONE', 'SPC_NONE', 'UC_NONE', 'TPC_NONE', 'TPC_NONE', 'SPC_NONE', 'TPC_NONE', 'SPC_NONE', 'UC_NONE', 'NONE_MPOLY', 'TPC_NONE', 'SPC_NONE', 'UC_NONE', 'SBX_NONE', 'TPC_NONE', 'UC_NONE', 'UC_NONE', 'SPC_NONE', 'SPC_NONE', 'UC_NONE', 'TPC_NONE', 'SPC_NONE', 'SPC_NONE', 'SPC_NONE', 'SPC_NONE', 'SPC_NONE', 'TPC_NONE', 'SPC_NONE', 'SPC_NONE', 'SPC_NONE', 'SPC_NONE', 'SPC_NONE', 'TPC_NONE', 'UC_NONE', 'UC_NONE', 'SPC_NONE', 'TPC_NONE', 'SPC_NONE', 'TPC_NONE', 'TPC_NONE', 'SPC_NONE', 'SPC_NONE', 'SPC_NONE', 'SPC_NONE', 'TPC_NONE', 'SPC_NONE', 'TPC_NONE', 'SPC_NONE', 'SPC_NONE', 'SPC_NONE', 'TPC_NONE', 'TPC_MNUF', 'UC_MPOLY']","{'TPC_MNUF': 2, 'SBX_MPOLY': 2, 'SPC_NONE': 36, 'UC_NONE': 14, 'TPC_NONE': 23, 'UC_MPOLY': 2, 'NONE_MPOLY': 2, 'SBX_NONE': 1}"
3,83,SPC,NONE,0.6804896904344815,0.040996160899625,930778296.32,1407147103.9121275,2513088.16,2295423.578347276,0.741566876243174,3.428140080830033e-05,0.0,0.0,GREEDY_HV,"['SPC_MBFLIP', 'TPC_MNUF', 'SBX_MPOLY', 'SBX_MPOLY', 'SPC_NONE', 'UC_NONE', 'SPC_NONE', 'SPC_NONE', 'SPC_NONE', 'TPC_NONE', 'TPC_NONE', 'SPC_NONE', 'SPC_NONE', 'UC_MPOLY', 'UC_NONE', 'SPC_NONE', 'NONE_MPOLY', 'UC_NONE', 'UC_NONE', 'TPC_NONE', 'SPC_NONE', 'TPC_NONE', 'TPC_NONE', 'TPC_NONE', 'UC_NONE', 'TPC_NONE', 'SPC_NONE', 'TPC_NONE', 'SPC_NONE', 'TPC_NONE', 'UC_NONE', 'SPC_NONE', 'UC_NONE', 'TPC_NONE', 'TPC_NONE', 'SPC_NONE', 'TPC_NONE', 'SPC_NONE', 'UC_NONE', 'NONE_MPOLY', 'TPC_NONE', 'SPC_NONE', 'UC_NONE', 'SBX_NONE', 'TPC_NONE', 'UC_NONE', 'UC_NONE', 'SPC_NONE', 'SPC_NONE', 'UC_NONE', 'TPC_NONE', 'SPC_NONE', 'SPC_NONE', 'SPC_NONE', 'SPC_NONE', 'SPC_NONE', 'TPC_NONE', 'SPC_NONE', 'SPC_NONE', 'SPC_NONE', 'SPC_NONE', 'SPC_NONE', 'TPC_NONE', 'UC_NONE', 'UC_NONE', 'SPC_NONE', 'TPC_NONE', 'SPC_NONE', 'TPC_NONE', 'TPC_NONE', 'SPC_NONE', 'SPC_NONE', 'SPC_NONE', 'SPC_NONE', 'TPC_NONE', 'SPC_NONE', 'TPC_NONE', 'SPC_NONE', 'SPC_NONE', 'SPC_NONE', 'TPC_NONE', 'TPC_MNUF', 'UC_MPOLY', 'SPC_NONE']","{'TPC_MNUF': 2, 'SBX_MPOLY': 2, 'SPC_NONE': 37, 'UC_NONE': 14, 'TPC_NONE': 23, 'UC_MPOLY': 2, 'NONE_MPOLY': 2, 'SBX_NONE': 1}"
3,84,TPC,MNUF,0.681339048057593,0.04092863919555,943567037.44,1403082388.745819,2530544.8,2283444.280502451,0.7414594970272962,-0.0001073792158777,0.0,0.02,GREEDY_HV,"['SPC_MBFLIP', 'TPC_MNUF', 'SBX_MPOLY', 'SBX_MPOLY', 'SPC_NONE', 'UC_NONE', 'SPC_NONE', 'SPC_NONE', 'SPC_NONE', 'TPC_NONE', 'TPC_NONE', 'SPC_NONE', 'SPC_NONE', 'UC_MPOLY', 'UC_NONE', 'SPC_NONE', 'NONE_MPOLY', 'UC_NONE', 'UC_NONE', 'TPC_NONE', 'SPC_NONE', 'TPC_NONE', 'TPC_NONE', 'TPC_NONE', 'UC_NONE', 'TPC_NONE', 'SPC_NONE', 'TPC_NONE', 'SPC_NONE', 'TPC_NONE', 'UC_NONE', 'SPC_NONE', 'UC_NONE', 'TPC_NONE', 'TPC_NONE', 'SPC_NONE', 'TPC_NONE', 'SPC_NONE', 'UC_NONE', 'NONE_MPOLY', 'TPC_NONE', 'SPC_NONE', 'UC_NONE', 'SBX_NONE', 'TPC_NONE', 'UC_NONE', 'UC_NONE', 'SPC_NONE', 'SPC_NONE', 'UC_NONE', 'TPC_NONE', 'SPC_NONE', 'SPC_NONE', 'SPC_NONE', 'SPC_NONE', 'SPC_NONE', 'TPC_NONE', 'SPC_NONE', 'SPC_NONE', 'SPC_NONE', 'SPC_NONE', 'SPC_NONE', 'TPC_NONE', 'UC_NONE', 'UC_NONE', 'SPC_NONE', 'TPC_NONE', 'SPC_NONE', 'TPC_NONE', 'TPC_NONE', 'SPC_NONE', 'SPC_NONE', 'SPC_NONE', 'SPC_NONE', 'TPC_NONE', 'SPC_NONE', 'TPC_NONE', 'SPC_NONE', 'SPC_NONE', 'SPC_NONE', 'TPC_NONE', 'TPC_MNUF', 'UC_MPOLY', 'SPC_NONE', 'TPC_MNUF']","{'TPC_MNUF': 3, 'SBX_MPOLY': 2, 'SPC_NONE': 37, 'UC_NONE': 14, 'TPC_NONE': 23, 'UC_MPOLY': 2, 'NONE_MPOLY': 2, 'SBX_NONE': 1}"
3,85,SBX,MNUF,0.6825124922263961,0.0407850485662186,962262901.76,1401414159.6236155,2596830.88,2292662.2284099394,0.7414914563586924,3.19593313962141e-05,0.0,0.055,GREEDY_HV,"['SPC_MBFLIP', 'TPC_MNUF', 'SBX_MPOLY', 'SBX_MPOLY', 'SPC_NONE', 'UC_NONE', 'SPC_NONE', 'SPC_NONE', 'SPC_NONE', 'TPC_NONE', 'TPC_NONE', 'SPC_NONE', 'SPC_NONE', 'UC_MPOLY', 'UC_NONE', 'SPC_NONE', 'NONE_MPOLY', 'UC_NONE', 'UC_NONE', 'TPC_NONE', 'SPC_NONE', 'TPC_NONE', 'TPC_NONE', 'TPC_NONE', 'UC_NONE', 'TPC_NONE', 'SPC_NONE', 'TPC_NONE', 'SPC_NONE', 'TPC_NONE', 'UC_NONE', 'SPC_NONE', 'UC_NONE', 'TPC_NONE', 'TPC_NONE', 'SPC_NONE', 'TPC_NONE', 'SPC_NONE', 'UC_NONE', 'NONE_MPOLY', 'TPC_NONE', 'SPC_NONE', 'UC_NONE', 'SBX_NONE', 'TPC_NONE', 'UC_NONE', 'UC_NONE', 'SPC_NONE', 'SPC_NONE', 'UC_NONE', 'TPC_NONE', 'SPC_NONE', 'SPC_NONE', 'SPC_NONE', 'SPC_NONE', 'SPC_NONE', 'TPC_NONE', 'SPC_NONE', 'SPC_NONE', 'SPC_NONE', 'SPC_NONE', 'SPC_NONE', 'TPC_NONE', 'UC_NONE', 'UC_NONE', 'SPC_NONE', 'TPC_NONE', 'SPC_NONE', 'TPC_NONE', 'TPC_NONE', 'SPC_NONE', 'SPC_NONE', 'SPC_NONE', 'SPC_NONE', 'TPC_NONE', 'SPC_NONE', 'TPC_NONE', 'SPC_NONE', 'SPC_NONE', 'SPC_NONE', 'TPC_NONE', 'TPC_MNUF', 'UC_MPOLY', 'SPC_NONE', 'TPC_MNUF', 'SBX_MNUF']","{'TPC_MNUF': 3, 'SBX_MPOLY': 2, 'SPC_NONE': 37, 'UC_NONE': 14, 'TPC_NONE': 23, 'UC_MPOLY': 2, 'NONE_MPOLY': 2, 'SBX_NONE': 1, 'SBX_MNUF': 1}"
3,86,UC,NONE,0.6841570871361563,0.0412183482196112,983219691.52,1397524811.8036523,2702560.16,2283161.636558562,0.7416028048578928,0.0001113484992003,0.0,0.0,GREEDY_HV,"['SPC_MBFLIP', 'TPC_MNUF', 'SBX_MPOLY', 'SBX_MPOLY', 'SPC_NONE', 'UC_NONE', 'SPC_NONE', 'SPC_NONE', 'SPC_NONE', 'TPC_NONE', 'TPC_NONE', 'SPC_NONE', 'SPC_NONE', 'UC_MPOLY', 'UC_NONE', 'SPC_NONE', 'NONE_MPOLY', 'UC_NONE', 'UC_NONE', 'TPC_NONE', 'SPC_NONE', 'TPC_NONE', 'TPC_NONE', 'TPC_NONE', 'UC_NONE', 'TPC_NONE', 'SPC_NONE', 'TPC_NONE', 'SPC_NONE', 'TPC_NONE', 'UC_NONE', 'SPC_NONE', 'UC_NONE', 'TPC_NONE', 'TPC_NONE', 'SPC_NONE', 'TPC_NONE', 'SPC_NONE', 'UC_NONE', 'NONE_MPOLY', 'TPC_NONE', 'SPC_NONE', 'UC_NONE', 'SBX_NONE', 'TPC_NONE', 'UC_NONE', 'UC_NONE', 'SPC_NONE', 'SPC_NONE', 'UC_NONE', 'TPC_NONE', 'SPC_NONE', 'SPC_NONE', 'SPC_NONE', 'SPC_NONE', 'SPC_NONE', 'TPC_NONE', 'SPC_NONE', 'SPC_NONE', 'SPC_NONE', 'SPC_NONE', 'SPC_NONE', 'TPC_NONE', 'UC_NONE', 'UC_NONE', 'SPC_NONE', 'TPC_NONE', 'SPC_NONE', 'TPC_NONE', 'TPC_NONE', 'SPC_NONE', 'SPC_NONE', 'SPC_NONE', 'SPC_NONE', 'TPC_NONE', 'SPC_NONE', 'TPC_NONE', 'SPC_NONE', 'SPC_NONE', 'SPC_NONE', 'TPC_NONE', 'TPC_MNUF', 'UC_MPOLY', 'SPC_NONE', 'TPC_MNUF', 'SBX_MNUF', 'UC_NONE']","{'TPC_MNUF': 3, 'SBX_MPOLY': 2, 'SPC_NONE': 37, 'UC_NONE': 15, 'TPC_NONE': 23, 'UC_MPOLY': 2, 'NONE_MPOLY': 2, 'SBX_NONE': 1, 'SBX_MNUF': 1}"
3,87,SPC,NONE,0.6835408011503687,0.0414552841291008,987691458.56,1398525439.544855,2629065.12,2292087.6396551384,0.7416555578350199,5.275297712714622e-05,0.0,0.0,GREEDY_HV,"['SPC_MBFLIP', 'TPC_MNUF', 'SBX_MPOLY', 'SBX_MPOLY', 'SPC_NONE', 'UC_NONE', 'SPC_NONE', 'SPC_NONE', 'SPC_NONE', 'TPC_NONE', 'TPC_NONE', 'SPC_NONE', 'SPC_NONE', 'UC_MPOLY', 'UC_NONE', 'SPC_NONE', 'NONE_MPOLY', 'UC_NONE', 'UC_NONE', 'TPC_NONE', 'SPC_NONE', 'TPC_NONE', 'TPC_NONE', 'TPC_NONE', 'UC_NONE', 'TPC_NONE', 'SPC_NONE', 'TPC_NONE', 'SPC_NONE', 'TPC_NONE', 'UC_NONE', 'SPC_NONE', 'UC_NONE', 'TPC_NONE', 'TPC_NONE', 'SPC_NONE', 'TPC_NONE', 'SPC_NONE', 'UC_NONE', 'NONE_MPOLY', 'TPC_NONE', 'SPC_NONE', 'UC_NONE', 'SBX_NONE', 'TPC_NONE', 'UC_NONE', 'UC_NONE', 'SPC_NONE', 'SPC_NONE', 'UC_NONE', 'TPC_NONE', 'SPC_NONE', 'SPC_NONE', 'SPC_NONE', 'SPC_NONE', 'SPC_NONE', 'TPC_NONE', 'SPC_NONE', 'SPC_NONE', 'SPC_NONE', 'SPC_NONE', 'SPC_NONE', 'TPC_NONE', 'UC_NONE', 'UC_NONE', 'SPC_NONE', 'TPC_NONE', 'SPC_NONE', 'TPC_NONE', 'TPC_NONE', 'SPC_NONE', 'SPC_NONE', 'SPC_NONE', 'SPC_NONE', 'TPC_NONE', 'SPC_NONE', 'TPC_NONE', 'SPC_NONE', 'SPC_NONE', 'SPC_NONE', 'TPC_NONE', 'TPC_MNUF', 'UC_MPOLY', 'SPC_NONE', 'TPC_MNUF', 'SBX_MNUF', 'UC_NONE', 'SPC_NONE']","{'TPC_MNUF': 3, 'SBX_MPOLY': 2, 'SPC_NONE': 38, 'UC_NONE': 15, 'TPC_NONE': 23, 'UC_MPOLY': 2, 'NONE_MPOLY': 2, 'SBX_NONE': 1, 'SBX_MNUF': 1}"
3,88,TPC,NONE,0.682550361097781,0.0414525752338231,979218964.48,1405780205.7744992,2552938.4,2331053.970909057,0.7417333989645867,7.784112956676914e-05,0.0,0.0,GREEDY_HV,"['SPC_MBFLIP', 'TPC_MNUF', 'SBX_MPOLY', 'SBX_MPOLY', 'SPC_NONE', 'UC_NONE', 'SPC_NONE', 'SPC_NONE', 'SPC_NONE', 'TPC_NONE', 'TPC_NONE', 'SPC_NONE', 'SPC_NONE', 'UC_MPOLY', 'UC_NONE', 'SPC_NONE', 'NONE_MPOLY', 'UC_NONE', 'UC_NONE', 'TPC_NONE', 'SPC_NONE', 'TPC_NONE', 'TPC_NONE', 'TPC_NONE', 'UC_NONE', 'TPC_NONE', 'SPC_NONE', 'TPC_NONE', 'SPC_NONE', 'TPC_NONE', 'UC_NONE', 'SPC_NONE', 'UC_NONE', 'TPC_NONE', 'TPC_NONE', 'SPC_NONE', 'TPC_NONE', 'SPC_NONE', 'UC_NONE', 'NONE_MPOLY', 'TPC_NONE', 'SPC_NONE', 'UC_NONE', 'SBX_NONE', 'TPC_NONE', 'UC_NONE', 'UC_NONE', 'SPC_NONE', 'SPC_NONE', 'UC_NONE', 'TPC_NONE', 'SPC_NONE', 'SPC_NONE', 'SPC_NONE', 'SPC_NONE', 'SPC_NONE', 'TPC_NONE', 'SPC_NONE', 'SPC_NONE', 'SPC_NONE', 'SPC_NONE', 'SPC_NONE', 'TPC_NONE', 'UC_NONE', 'UC_NONE', 'SPC_NONE', 'TPC_NONE', 'SPC_NONE', 'TPC_NONE', 'TPC_NONE', 'SPC_NONE', 'SPC_NONE', 'SPC_NONE', 'SPC_NONE', 'TPC_NONE', 'SPC_NONE', 'TPC_NONE', 'SPC_NONE', 'SPC_NONE', 'SPC_NONE', 'TPC_NONE', 'TPC_MNUF', 'UC_MPOLY', 'SPC_NONE', 'TPC_MNUF', 'SBX_MNUF', 'UC_NONE', 'SPC_NONE', 'TPC_NONE']","{'TPC_MNUF': 3, 'SBX_MPOLY': 2, 'SPC_NONE': 38, 'UC_NONE': 15, 'TPC_NONE': 24, 'UC_MPOLY': 2, 'NONE_MPOLY': 2, 'SBX_NONE': 1, 'SBX_MNUF': 1}"
3,89,SPC,NONE,0.6840009171915926,0.0420562645050685,1025647175.68,1398279859.6902556,2655566.24,2335665.85051587,0.7417828374514205,4.943848683380825e-05,0.01,0.0,GREEDY_HV,"['SPC_MBFLIP', 'TPC_MNUF', 'SBX_MPOLY', 'SBX_MPOLY', 'SPC_NONE', 'UC_NONE', 'SPC_NONE', 'SPC_NONE', 'SPC_NONE', 'TPC_NONE', 'TPC_NONE', 'SPC_NONE', 'SPC_NONE', 'UC_MPOLY', 'UC_NONE', 'SPC_NONE', 'NONE_MPOLY', 'UC_NONE', 'UC_NONE', 'TPC_NONE', 'SPC_NONE', 'TPC_NONE', 'TPC_NONE', 'TPC_NONE', 'UC_NONE', 'TPC_NONE', 'SPC_NONE', 'TPC_NONE', 'SPC_NONE', 'TPC_NONE', 'UC_NONE', 'SPC_NONE', 'UC_NONE', 'TPC_NONE', 'TPC_NONE', 'SPC_NONE', 'TPC_NONE', 'SPC_NONE', 'UC_NONE', 'NONE_MPOLY', 'TPC_NONE', 'SPC_NONE', 'UC_NONE', 'SBX_NONE', 'TPC_NONE', 'UC_NONE', 'UC_NONE', 'SPC_NONE', 'SPC_NONE', 'UC_NONE', 'TPC_NONE', 'SPC_NONE', 'SPC_NONE', 'SPC_NONE', 'SPC_NONE', 'SPC_NONE', 'TPC_NONE', 'SPC_NONE', 'SPC_NONE', 'SPC_NONE', 'SPC_NONE', 'SPC_NONE', 'TPC_NONE', 'UC_NONE', 'UC_NONE', 'SPC_NONE', 'TPC_NONE', 'SPC_NONE', 'TPC_NONE', 'TPC_NONE', 'SPC_NONE', 'SPC_NONE', 'SPC_NONE', 'SPC_NONE', 'TPC_NONE', 'SPC_NONE', 'TPC_NONE', 'SPC_NONE', 'SPC_NONE', 'SPC_NONE', 'TPC_NONE', 'TPC_MNUF', 'UC_MPOLY', 'SPC_NONE', 'TPC_MNUF', 'SBX_MNUF', 'UC_NONE', 'SPC_NONE', 'TPC_NONE', 'SPC_NONE']","{'TPC_MNUF': 3, 'SBX_MPOLY': 2, 'SPC_NONE': 39, 'UC_NONE': 15, 'TPC_NONE': 24, 'UC_MPOLY': 2, 'NONE_MPOLY': 2, 'SBX_NONE': 1, 'SBX_MNUF': 1}"
3,90,UC,NONE,0.6831260268088144,0.0419407340902396,995080657.92,1402512087.480403,2591745.44,2321133.528924764,0.7418603779965346,7.754054511410757e-05,0.0,0.0,GREEDY_HV,"['SPC_MBFLIP', 'TPC_MNUF', 'SBX_MPOLY', 'SBX_MPOLY', 'SPC_NONE', 'UC_NONE', 'SPC_NONE', 'SPC_NONE', 'SPC_NONE', 'TPC_NONE', 'TPC_NONE', 'SPC_NONE', 'SPC_NONE', 'UC_MPOLY', 'UC_NONE', 'SPC_NONE', 'NONE_MPOLY', 'UC_NONE', 'UC_NONE', 'TPC_NONE', 'SPC_NONE', 'TPC_NONE', 'TPC_NONE', 'TPC_NONE', 'UC_NONE', 'TPC_NONE', 'SPC_NONE', 'TPC_NONE', 'SPC_NONE', 'TPC_NONE', 'UC_NONE', 'SPC_NONE', 'UC_NONE', 'TPC_NONE', 'TPC_NONE', 'SPC_NONE', 'TPC_NONE', 'SPC_NONE', 'UC_NONE', 'NONE_MPOLY', 'TPC_NONE', 'SPC_NONE', 'UC_NONE', 'SBX_NONE', 'TPC_NONE', 'UC_NONE', 'UC_NONE', 'SPC_NONE', 'SPC_NONE', 'UC_NONE', 'TPC_NONE', 'SPC_NONE', 'SPC_NONE', 'SPC_NONE', 'SPC_NONE', 'SPC_NONE', 'TPC_NONE', 'SPC_NONE', 'SPC_NONE', 'SPC_NONE', 'SPC_NONE', 'SPC_NONE', 'TPC_NONE', 'UC_NONE', 'UC_NONE', 'SPC_NONE', 'TPC_NONE', 'SPC_NONE', 'TPC_NONE', 'TPC_NONE', 'SPC_NONE', 'SPC_NONE', 'SPC_NONE', 'SPC_NONE', 'TPC_NONE', 'SPC_NONE', 'TPC_NONE', 'SPC_NONE', 'SPC_NONE', 'SPC_NONE', 'TPC_NONE', 'TPC_MNUF', 'UC_MPOLY', 'SPC_NONE', 'TPC_MNUF', 'SBX_MNUF', 'UC_NONE', 'SPC_NONE', 'TPC_NONE', 'SPC_NONE', 'UC_NONE']","{'TPC_MNUF': 3, 'SBX_MPOLY': 2, 'SPC_NONE': 39, 'UC_NONE': 16, 'TPC_NONE': 24, 'UC_MPOLY': 2, 'NONE_MPOLY': 2, 'SBX_NONE': 1, 'SBX_MNUF': 1}"
3,91,SPC,NONE,0.6831404796053522,0.0416378519648413,994287569.92,1403477826.796394,2546840.48,2300883.3342238828,0.7419330850261429,7.270702960826547e-05,0.0,0.0,GREEDY_HV,"['SPC_MBFLIP', 'TPC_MNUF', 'SBX_MPOLY', 'SBX_MPOLY', 'SPC_NONE', 'UC_NONE', 'SPC_NONE', 'SPC_NONE', 'SPC_NONE', 'TPC_NONE', 'TPC_NONE', 'SPC_NONE', 'SPC_NONE', 'UC_MPOLY', 'UC_NONE', 'SPC_NONE', 'NONE_MPOLY', 'UC_NONE', 'UC_NONE', 'TPC_NONE', 'SPC_NONE', 'TPC_NONE', 'TPC_NONE', 'TPC_NONE', 'UC_NONE', 'TPC_NONE', 'SPC_NONE', 'TPC_NONE', 'SPC_NONE', 'TPC_NONE', 'UC_NONE', 'SPC_NONE', 'UC_NONE', 'TPC_NONE', 'TPC_NONE', 'SPC_NONE', 'TPC_NONE', 'SPC_NONE', 'UC_NONE', 'NONE_MPOLY', 'TPC_NONE', 'SPC_NONE', 'UC_NONE', 'SBX_NONE', 'TPC_NONE', 'UC_NONE', 'UC_NONE', 'SPC_NONE', 'SPC_NONE', 'UC_NONE', 'TPC_NONE', 'SPC_NONE', 'SPC_NONE', 'SPC_NONE', 'SPC_NONE', 'SPC_NONE', 'TPC_NONE', 'SPC_NONE', 'SPC_NONE', 'SPC_NONE', 'SPC_NONE', 'SPC_NONE', 'TPC_NONE', 'UC_NONE', 'UC_NONE', 'SPC_NONE', 'TPC_NONE', 'SPC_NONE', 'TPC_NONE', 'TPC_NONE', 'SPC_NONE', 'SPC_NONE', 'SPC_NONE', 'SPC_NONE', 'TPC_NONE', 'SPC_NONE', 'TPC_NONE', 'SPC_NONE', 'SPC_NONE', 'SPC_NONE', 'TPC_NONE', 'TPC_MNUF', 'UC_MPOLY', 'SPC_NONE', 'TPC_MNUF', 'SBX_MNUF', 'UC_NONE', 'SPC_NONE', 'TPC_NONE', 'SPC_NONE', 'UC_NONE', 'SPC_NONE']","{'TPC_MNUF': 3, 'SBX_MPOLY': 2, 'SPC_NONE': 40, 'UC_NONE': 16, 'TPC_NONE': 24, 'UC_MPOLY': 2, 'NONE_MPOLY': 2, 'SBX_NONE': 1, 'SBX_MNUF': 1}"
3,92,SPC,NONE,0.6830111141703696,0.0416804176919306,984875740.16,1405938929.3548644,2578744.48,2327031.2435105653,0.74201101712448,7.793209833717452e-05,0.01,0.0,GREEDY_HV,"['SPC_MBFLIP', 'TPC_MNUF', 'SBX_MPOLY', 'SBX_MPOLY', 'SPC_NONE', 'UC_NONE', 'SPC_NONE', 'SPC_NONE', 'SPC_NONE', 'TPC_NONE', 'TPC_NONE', 'SPC_NONE', 'SPC_NONE', 'UC_MPOLY', 'UC_NONE', 'SPC_NONE', 'NONE_MPOLY', 'UC_NONE', 'UC_NONE', 'TPC_NONE', 'SPC_NONE', 'TPC_NONE', 'TPC_NONE', 'TPC_NONE', 'UC_NONE', 'TPC_NONE', 'SPC_NONE', 'TPC_NONE', 'SPC_NONE', 'TPC_NONE', 'UC_NONE', 'SPC_NONE', 'UC_NONE', 'TPC_NONE', 'TPC_NONE', 'SPC_NONE', 'TPC_NONE', 'SPC_NONE', 'UC_NONE', 'NONE_MPOLY', 'TPC_NONE', 'SPC_NONE', 'UC_NONE', 'SBX_NONE', 'TPC_NONE', 'UC_NONE', 'UC_NONE', 'SPC_NONE', 'SPC_NONE', 'UC_NONE', 'TPC_NONE', 'SPC_NONE', 'SPC_NONE', 'SPC_NONE', 'SPC_NONE', 'SPC_NONE', 'TPC_NONE', 'SPC_NONE', 'SPC_NONE', 'SPC_NONE', 'SPC_NONE', 'SPC_NONE', 'TPC_NONE', 'UC_NONE', 'UC_NONE', 'SPC_NONE', 'TPC_NONE', 'SPC_NONE', 'TPC_NONE', 'TPC_NONE', 'SPC_NONE', 'SPC_NONE', 'SPC_NONE', 'SPC_NONE', 'TPC_NONE', 'SPC_NONE', 'TPC_NONE', 'SPC_NONE', 'SPC_NONE', 'SPC_NONE', 'TPC_NONE', 'TPC_MNUF', 'UC_MPOLY', 'SPC_NONE', 'TPC_MNUF', 'SBX_MNUF', 'UC_NONE', 'SPC_NONE', 'TPC_NONE', 'SPC_NONE', 'UC_NONE', 'SPC_NONE', 'SPC_NONE']","{'TPC_MNUF': 3, 'SBX_MPOLY': 2, 'SPC_NONE': 41, 'UC_NONE': 16, 'TPC_NONE': 24, 'UC_MPOLY': 2, 'NONE_MPOLY': 2, 'SBX_NONE': 1, 'SBX_MNUF': 1}"
3,93,UC,NONE,0.683419692250205,0.041763993941381,986573388.8,1405686460.1109755,2609057.44,2327766.8341138647,0.7419926027569915,-1.8414367488506223e-05,0.01,0.0,GREEDY_HV,"['SPC_MBFLIP', 'TPC_MNUF', 'SBX_MPOLY', 'SBX_MPOLY', 'SPC_NONE', 'UC_NONE', 'SPC_NONE', 'SPC_NONE', 'SPC_NONE', 'TPC_NONE', 'TPC_NONE', 'SPC_NONE', 'SPC_NONE', 'UC_MPOLY', 'UC_NONE', 'SPC_NONE', 'NONE_MPOLY', 'UC_NONE', 'UC_NONE', 'TPC_NONE', 'SPC_NONE', 'TPC_NONE', 'TPC_NONE', 'TPC_NONE', 'UC_NONE', 'TPC_NONE', 'SPC_NONE', 'TPC_NONE', 'SPC_NONE', 'TPC_NONE', 'UC_NONE', 'SPC_NONE', 'UC_NONE', 'TPC_NONE', 'TPC_NONE', 'SPC_NONE', 'TPC_NONE', 'SPC_NONE', 'UC_NONE', 'NONE_MPOLY', 'TPC_NONE', 'SPC_NONE', 'UC_NONE', 'SBX_NONE', 'TPC_NONE', 'UC_NONE', 'UC_NONE', 'SPC_NONE', 'SPC_NONE', 'UC_NONE', 'TPC_NONE', 'SPC_NONE', 'SPC_NONE', 'SPC_NONE', 'SPC_NONE', 'SPC_NONE', 'TPC_NONE', 'SPC_NONE', 'SPC_NONE', 'SPC_NONE', 'SPC_NONE', 'SPC_NONE', 'TPC_NONE', 'UC_NONE', 'UC_NONE', 'SPC_NONE', 'TPC_NONE', 'SPC_NONE', 'TPC_NONE', 'TPC_NONE', 'SPC_NONE', 'SPC_NONE', 'SPC_NONE', 'SPC_NONE', 'TPC_NONE', 'SPC_NONE', 'TPC_NONE', 'SPC_NONE', 'SPC_NONE', 'SPC_NONE', 'TPC_NONE', 'TPC_MNUF', 'UC_MPOLY', 'SPC_NONE', 'TPC_MNUF', 'SBX_MNUF', 'UC_NONE', 'SPC_NONE', 'TPC_NONE', 'SPC_NONE', 'UC_NONE', 'SPC_NONE', 'SPC_NONE', 'UC_NONE']","{'TPC_MNUF': 3, 'SBX_MPOLY': 2, 'SPC_NONE': 41, 'UC_NONE': 17, 'TPC_NONE': 24, 'UC_MPOLY': 2, 'NONE_MPOLY': 2, 'SBX_NONE': 1, 'SBX_MNUF': 1}"
3,94,UC,NONE,0.6844931274730292,0.0418424657050716,998554741.76,1401602126.4394877,2677844.64,2312067.496437505,0.7420688465877029,7.624383071136442e-05,0.01,0.0,GREEDY_HV,"['SPC_MBFLIP', 'TPC_MNUF', 'SBX_MPOLY', 'SBX_MPOLY', 'SPC_NONE', 'UC_NONE', 'SPC_NONE', 'SPC_NONE', 'SPC_NONE', 'TPC_NONE', 'TPC_NONE', 'SPC_NONE', 'SPC_NONE', 'UC_MPOLY', 'UC_NONE', 'SPC_NONE', 'NONE_MPOLY', 'UC_NONE', 'UC_NONE', 'TPC_NONE', 'SPC_NONE', 'TPC_NONE', 'TPC_NONE', 'TPC_NONE', 'UC_NONE', 'TPC_NONE', 'SPC_NONE', 'TPC_NONE', 'SPC_NONE', 'TPC_NONE', 'UC_NONE', 'SPC_NONE', 'UC_NONE', 'TPC_NONE', 'TPC_NONE', 'SPC_NONE', 'TPC_NONE', 'SPC_NONE', 'UC_NONE', 'NONE_MPOLY', 'TPC_NONE', 'SPC_NONE', 'UC_NONE', 'SBX_NONE', 'TPC_NONE', 'UC_NONE', 'UC_NONE', 'SPC_NONE', 'SPC_NONE', 'UC_NONE', 'TPC_NONE', 'SPC_NONE', 'SPC_NONE', 'SPC_NONE', 'SPC_NONE', 'SPC_NONE', 'TPC_NONE', 'SPC_NONE', 'SPC_NONE', 'SPC_NONE', 'SPC_NONE', 'SPC_NONE', 'TPC_NONE', 'UC_NONE', 'UC_NONE', 'SPC_NONE', 'TPC_NONE', 'SPC_NONE', 'TPC_NONE', 'TPC_NONE', 'SPC_NONE', 'SPC_NONE', 'SPC_NONE', 'SPC_NONE', 'TPC_NONE', 'SPC_NONE', 'TPC_NONE', 'SPC_NONE', 'SPC_NONE', 'SPC_NONE', 'TPC_NONE', 'TPC_MNUF', 'UC_MPOLY', 'SPC_NONE', 'TPC_MNUF', 'SBX_MNUF', 'UC_NONE', 'SPC_NONE', 'TPC_NONE', 'SPC_NONE', 'UC_NONE', 'SPC_NONE', 'SPC_NONE', 'UC_NONE', 'UC_NONE']","{'TPC_MNUF': 3, 'SBX_MPOLY': 2, 'SPC_NONE': 41, 'UC_NONE': 18, 'TPC_NONE': 24, 'UC_MPOLY': 2, 'NONE_MPOLY': 2, 'SBX_NONE': 1, 'SBX_MNUF': 1}"
3,95,UC,MNUF,0.6836522742493389,0.0414622594306177,984943150.08,1402602342.2404633,2551961.76,2294469.444049796,0.7421166728155187,4.782622781585033e-05,0.0,0.005,GREEDY_HV,"['SPC_MBFLIP', 'TPC_MNUF', 'SBX_MPOLY', 'SBX_MPOLY', 'SPC_NONE', 'UC_NONE', 'SPC_NONE', 'SPC_NONE', 'SPC_NONE', 'TPC_NONE', 'TPC_NONE', 'SPC_NONE', 'SPC_NONE', 'UC_MPOLY', 'UC_NONE', 'SPC_NONE', 'NONE_MPOLY', 'UC_NONE', 'UC_NONE', 'TPC_NONE', 'SPC_NONE', 'TPC_NONE', 'TPC_NONE', 'TPC_NONE', 'UC_NONE', 'TPC_NONE', 'SPC_NONE', 'TPC_NONE', 'SPC_NONE', 'TPC_NONE', 'UC_NONE', 'SPC_NONE', 'UC_NONE', 'TPC_NONE', 'TPC_NONE', 'SPC_NONE', 'TPC_NONE', 'SPC_NONE', 'UC_NONE', 'NONE_MPOLY', 'TPC_NONE', 'SPC_NONE', 'UC_NONE', 'SBX_NONE', 'TPC_NONE', 'UC_NONE', 'UC_NONE', 'SPC_NONE', 'SPC_NONE', 'UC_NONE', 'TPC_NONE', 'SPC_NONE', 'SPC_NONE', 'SPC_NONE', 'SPC_NONE', 'SPC_NONE', 'TPC_NONE', 'SPC_NONE', 'SPC_NONE', 'SPC_NONE', 'SPC_NONE', 'SPC_NONE', 'TPC_NONE', 'UC_NONE', 'UC_NONE', 'SPC_NONE', 'TPC_NONE', 'SPC_NONE', 'TPC_NONE', 'TPC_NONE', 'SPC_NONE', 'SPC_NONE', 'SPC_NONE', 'SPC_NONE', 'TPC_NONE', 'SPC_NONE', 'TPC_NONE', 'SPC_NONE', 'SPC_NONE', 'SPC_NONE', 'TPC_NONE', 'TPC_MNUF', 'UC_MPOLY', 'SPC_NONE', 'TPC_MNUF', 'SBX_MNUF', 'UC_NONE', 'SPC_NONE', 'TPC_NONE', 'SPC_NONE', 'UC_NONE', 'SPC_NONE', 'SPC_NONE', 'UC_NONE', 'UC_NONE', 'UC_MNUF']","{'TPC_MNUF': 3, 'SBX_MPOLY': 2, 'SPC_NONE': 41, 'UC_NONE': 18, 'TPC_NONE': 24, 'UC_MPOLY': 2, 'NONE_MPOLY': 2, 'SBX_NONE': 1, 'SBX_MNUF': 1, 'UC_MNUF': 1}"
3,96,UC,MNUF,0.6824152600209712,0.0413181508241101,953113272.32,1407143927.5060036,2442767.52,2295479.5427285368,0.7421462442267329,2.9571411214179832e-05,0.0,0.0,GREEDY_HV,"['SPC_MBFLIP', 'TPC_MNUF', 'SBX_MPOLY', 'SBX_MPOLY', 'SPC_NONE', 'UC_NONE', 'SPC_NONE', 'SPC_NONE', 'SPC_NONE', 'TPC_NONE', 'TPC_NONE', 'SPC_NONE', 'SPC_NONE', 'UC_MPOLY', 'UC_NONE', 'SPC_NONE', 'NONE_MPOLY', 'UC_NONE', 'UC_NONE', 'TPC_NONE', 'SPC_NONE', 'TPC_NONE', 'TPC_NONE', 'TPC_NONE', 'UC_NONE', 'TPC_NONE', 'SPC_NONE', 'TPC_NONE', 'SPC_NONE', 'TPC_NONE', 'UC_NONE', 'SPC_NONE', 'UC_NONE', 'TPC_NONE', 'TPC_NONE', 'SPC_NONE', 'TPC_NONE', 'SPC_NONE', 'UC_NONE', 'NONE_MPOLY', 'TPC_NONE', 'SPC_NONE', 'UC_NONE', 'SBX_NONE', 'TPC_NONE', 'UC_NONE', 'UC_NONE', 'SPC_NONE', 'SPC_NONE', 'UC_NONE', 'TPC_NONE', 'SPC_NONE', 'SPC_NONE', 'SPC_NONE', 'SPC_NONE', 'SPC_NONE', 'TPC_NONE', 'SPC_NONE', 'SPC_NONE', 'SPC_NONE', 'SPC_NONE', 'SPC_NONE', 'TPC_NONE', 'UC_NONE', 'UC_NONE', 'SPC_NONE', 'TPC_NONE', 'SPC_NONE', 'TPC_NONE', 'TPC_NONE', 'SPC_NONE', 'SPC_NONE', 'SPC_NONE', 'SPC_NONE', 'TPC_NONE', 'SPC_NONE', 'TPC_NONE', 'SPC_NONE', 'SPC_NONE', 'SPC_NONE', 'TPC_NONE', 'TPC_MNUF', 'UC_MPOLY', 'SPC_NONE', 'TPC_MNUF', 'SBX_MNUF', 'UC_NONE', 'SPC_NONE', 'TPC_NONE', 'SPC_NONE', 'UC_NONE', 'SPC_NONE', 'SPC_NONE', 'UC_NONE', 'UC_NONE', 'UC_MNUF', 'UC_MNUF']","{'TPC_MNUF': 3, 'SBX_MPOLY': 2, 'SPC_NONE': 41, 'UC_NONE': 18, 'TPC_NONE': 24, 'UC_MPOLY': 2, 'NONE_MPOLY': 2, 'SBX_NONE': 1, 'SBX_MNUF': 1, 'UC_MNUF': 2}"
3,97,UC,MNUF,0.6835367178200445,0.04167241362923,974150446.08,1407066149.9362395,2600641.44,2337158.279124837,0.7421515864309404,5.34220420744802e-06,0.0,0.005,GREEDY_HV,"['SPC_MBFLIP', 'TPC_MNUF', 'SBX_MPOLY', 'SBX_MPOLY', 'SPC_NONE', 'UC_NONE', 'SPC_NONE', 'SPC_NONE', 'SPC_NONE', 'TPC_NONE', 'TPC_NONE', 'SPC_NONE', 'SPC_NONE', 'UC_MPOLY', 'UC_NONE', 'SPC_NONE', 'NONE_MPOLY', 'UC_NONE', 'UC_NONE', 'TPC_NONE', 'SPC_NONE', 'TPC_NONE', 'TPC_NONE', 'TPC_NONE', 'UC_NONE', 'TPC_NONE', 'SPC_NONE', 'TPC_NONE', 'SPC_NONE', 'TPC_NONE', 'UC_NONE', 'SPC_NONE', 'UC_NONE', 'TPC_NONE', 'TPC_NONE', 'SPC_NONE', 'TPC_NONE', 'SPC_NONE', 'UC_NONE', 'NONE_MPOLY', 'TPC_NONE', 'SPC_NONE', 'UC_NONE', 'SBX_NONE', 'TPC_NONE', 'UC_NONE', 'UC_NONE', 'SPC_NONE', 'SPC_NONE', 'UC_NONE', 'TPC_NONE', 'SPC_NONE', 'SPC_NONE', 'SPC_NONE', 'SPC_NONE', 'SPC_NONE', 'TPC_NONE', 'SPC_NONE', 'SPC_NONE', 'SPC_NONE', 'SPC_NONE', 'SPC_NONE', 'TPC_NONE', 'UC_NONE', 'UC_NONE', 'SPC_NONE', 'TPC_NONE', 'SPC_NONE', 'TPC_NONE', 'TPC_NONE', 'SPC_NONE', 'SPC_NONE', 'SPC_NONE', 'SPC_NONE', 'TPC_NONE', 'SPC_NONE', 'TPC_NONE', 'SPC_NONE', 'SPC_NONE', 'SPC_NONE', 'TPC_NONE', 'TPC_MNUF', 'UC_MPOLY', 'SPC_NONE', 'TPC_MNUF', 'SBX_MNUF', 'UC_NONE', 'SPC_NONE', 'TPC_NONE', 'SPC_NONE', 'UC_NONE', 'SPC_NONE', 'SPC_NONE', 'UC_NONE', 'UC_NONE', 'UC_MNUF', 'UC_MNUF', 'UC_MNUF']","{'TPC_MNUF': 3, 'SBX_MPOLY': 2, 'SPC_NONE': 41, 'UC_NONE': 18, 'TPC_NONE': 24, 'UC_MPOLY': 2, 'NONE_MPOLY': 2, 'SBX_NONE': 1, 'SBX_MNUF': 1, 'UC_MNUF': 3}"
3,98,SPC,NONE,0.6836605736330142,0.0413688074780943,959503288.32,1402895832.634924,2460409.76,2268027.7825521147,0.7422245837821344,7.299735119403739e-05,0.02,0.0,GREEDY_HV,"['SPC_MBFLIP', 'TPC_MNUF', 'SBX_MPOLY', 'SBX_MPOLY', 'SPC_NONE', 'UC_NONE', 'SPC_NONE', 'SPC_NONE', 'SPC_NONE', 'TPC_NONE', 'TPC_NONE', 'SPC_NONE', 'SPC_NONE', 'UC_MPOLY', 'UC_NONE', 'SPC_NONE', 'NONE_MPOLY', 'UC_NONE', 'UC_NONE', 'TPC_NONE', 'SPC_NONE', 'TPC_NONE', 'TPC_NONE', 'TPC_NONE', 'UC_NONE', 'TPC_NONE', 'SPC_NONE', 'TPC_NONE', 'SPC_NONE', 'TPC_NONE', 'UC_NONE', 'SPC_NONE', 'UC_NONE', 'TPC_NONE', 'TPC_NONE', 'SPC_NONE', 'TPC_NONE', 'SPC_NONE', 'UC_NONE', 'NONE_MPOLY', 'TPC_NONE', 'SPC_NONE', 'UC_NONE', 'SBX_NONE', 'TPC_NONE', 'UC_NONE', 'UC_NONE', 'SPC_NONE', 'SPC_NONE', 'UC_NONE', 'TPC_NONE', 'SPC_NONE', 'SPC_NONE', 'SPC_NONE', 'SPC_NONE', 'SPC_NONE', 'TPC_NONE', 'SPC_NONE', 'SPC_NONE', 'SPC_NONE', 'SPC_NONE', 'SPC_NONE', 'TPC_NONE', 'UC_NONE', 'UC_NONE', 'SPC_NONE', 'TPC_NONE', 'SPC_NONE', 'TPC_NONE', 'TPC_NONE', 'SPC_NONE', 'SPC_NONE', 'SPC_NONE', 'SPC_NONE', 'TPC_NONE', 'SPC_NONE', 'TPC_NONE', 'SPC_NONE', 'SPC_NONE', 'SPC_NONE', 'TPC_NONE', 'TPC_MNUF', 'UC_MPOLY', 'SPC_NONE', 'TPC_MNUF', 'SBX_MNUF', 'UC_NONE', 'SPC_NONE', 'TPC_NONE', 'SPC_NONE', 'UC_NONE', 'SPC_NONE', 'SPC_NONE', 'UC_NONE', 'UC_NONE', 'UC_MNUF', 'UC_MNUF', 'UC_MNUF', 'SPC_NONE']","{'TPC_MNUF': 3, 'SBX_MPOLY': 2, 'SPC_NONE': 42, 'UC_NONE': 18, 'TPC_NONE': 24, 'UC_MPOLY': 2, 'NONE_MPOLY': 2, 'SBX_NONE': 1, 'SBX_MNUF': 1, 'UC_MNUF': 3}"
3,99,SPC,MNUF,0.6825064681352708,0.0409517597541033,919754869.76,1402943034.2845123,2365427.36,2234559.6887731934,0.742271787834573,4.720405243863191e-05,0.01,0.0,GREEDY_HV,"['SPC_MBFLIP', 'TPC_MNUF', 'SBX_MPOLY', 'SBX_MPOLY', 'SPC_NONE', 'UC_NONE', 'SPC_NONE', 'SPC_NONE', 'SPC_NONE', 'TPC_NONE', 'TPC_NONE', 'SPC_NONE', 'SPC_NONE', 'UC_MPOLY', 'UC_NONE', 'SPC_NONE', 'NONE_MPOLY', 'UC_NONE', 'UC_NONE', 'TPC_NONE', 'SPC_NONE', 'TPC_NONE', 'TPC_NONE', 'TPC_NONE', 'UC_NONE', 'TPC_NONE', 'SPC_NONE', 'TPC_NONE', 'SPC_NONE', 'TPC_NONE', 'UC_NONE', 'SPC_NONE', 'UC_NONE', 'TPC_NONE', 'TPC_NONE', 'SPC_NONE', 'TPC_NONE', 'SPC_NONE', 'UC_NONE', 'NONE_MPOLY', 'TPC_NONE', 'SPC_NONE', 'UC_NONE', 'SBX_NONE', 'TPC_NONE', 'UC_NONE', 'UC_NONE', 'SPC_NONE', 'SPC_NONE', 'UC_NONE', 'TPC_NONE', 'SPC_NONE', 'SPC_NONE', 'SPC_NONE', 'SPC_NONE', 'SPC_NONE', 'TPC_NONE', 'SPC_NONE', 'SPC_NONE', 'SPC_NONE', 'SPC_NONE', 'SPC_NONE', 'TPC_NONE', 'UC_NONE', 'UC_NONE', 'SPC_NONE', 'TPC_NONE', 'SPC_NONE', 'TPC_NONE', 'TPC_NONE', 'SPC_NONE', 'SPC_NONE', 'SPC_NONE', 'SPC_NONE', 'TPC_NONE', 'SPC_NONE', 'TPC_NONE', 'SPC_NONE', 'SPC_NONE', 'SPC_NONE', 'TPC_NONE', 'TPC_MNUF', 'UC_MPOLY', 'SPC_NONE', 'TPC_MNUF', 'SBX_MNUF', 'UC_NONE', 'SPC_NONE', 'TPC_NONE', 'SPC_NONE', 'UC_NONE', 'SPC_NONE', 'SPC_NONE', 'UC_NONE', 'UC_NONE', 'UC_MNUF', 'UC_MNUF', 'UC_MNUF', 'SPC_NONE', 'SPC_MNUF']","{'TPC_MNUF': 3, 'SBX_MPOLY': 2, 'SPC_NONE': 42, 'UC_NONE': 18, 'TPC_NONE': 24, 'UC_MPOLY': 2, 'NONE_MPOLY': 2, 'SBX_NONE': 1, 'SBX_MNUF': 1, 'UC_MNUF': 3, 'SPC_MNUF': 1}"
3,100,UC,MNUF,0.6847310795848202,0.0415391927176143,967198177.28,1401703512.3815072,2527658.4,2242634.1409753314,0.7423313815348134,5.959370024033461e-05,0.01,0.0,GREEDY_HV,"['SPC_MBFLIP', 'TPC_MNUF', 'SBX_MPOLY', 'SBX_MPOLY', 'SPC_NONE', 'UC_NONE', 'SPC_NONE', 'SPC_NONE', 'SPC_NONE', 'TPC_NONE', 'TPC_NONE', 'SPC_NONE', 'SPC_NONE', 'UC_MPOLY', 'UC_NONE', 'SPC_NONE', 'NONE_MPOLY', 'UC_NONE', 'UC_NONE', 'TPC_NONE', 'SPC_NONE', 'TPC_NONE', 'TPC_NONE', 'TPC_NONE', 'UC_NONE', 'TPC_NONE', 'SPC_NONE', 'TPC_NONE', 'SPC_NONE', 'TPC_NONE', 'UC_NONE', 'SPC_NONE', 'UC_NONE', 'TPC_NONE', 'TPC_NONE', 'SPC_NONE', 'TPC_NONE', 'SPC_NONE', 'UC_NONE', 'NONE_MPOLY', 'TPC_NONE', 'SPC_NONE', 'UC_NONE', 'SBX_NONE', 'TPC_NONE', 'UC_NONE', 'UC_NONE', 'SPC_NONE', 'SPC_NONE', 'UC_NONE', 'TPC_NONE', 'SPC_NONE', 'SPC_NONE', 'SPC_NONE', 'SPC_NONE', 'SPC_NONE', 'TPC_NONE', 'SPC_NONE', 'SPC_NONE', 'SPC_NONE', 'SPC_NONE', 'SPC_NONE', 'TPC_NONE', 'UC_NONE', 'UC_NONE', 'SPC_NONE', 'TPC_NONE', 'SPC_NONE', 'TPC_NONE', 'TPC_NONE', 'SPC_NONE', 'SPC_NONE', 'SPC_NONE', 'SPC_NONE', 'TPC_NONE', 'SPC_NONE', 'TPC_NONE', 'SPC_NONE', 'SPC_NONE', 'SPC_NONE', 'TPC_NONE', 'TPC_MNUF', 'UC_MPOLY', 'SPC_NONE', 'TPC_MNUF', 'SBX_MNUF', 'UC_NONE', 'SPC_NONE', 'TPC_NONE', 'SPC_NONE', 'UC_NONE', 'SPC_NONE', 'SPC_NONE', 'UC_NONE', 'UC_NONE', 'UC_MNUF', 'UC_MNUF', 'UC_MNUF', 'SPC_NONE', 'SPC_MNUF', 'UC_MNUF']","{'TPC_MNUF': 3, 'SBX_MPOLY': 2, 'SPC_NONE': 42, 'UC_NONE': 18, 'TPC_NONE': 24, 'UC_MPOLY': 2, 'NONE_MPOLY': 2, 'SBX_NONE': 1, 'SBX_MNUF': 1, 'UC_MNUF': 4, 'SPC_MNUF': 1}"
4,1,SBX,MPOLY,0.6601758644191917,0.0223617737189415,1446783895.04,986480740.4431504,2964834.72,1634897.3433688493,0.6914803841135738,0.0,0.11,0.145,GREEDY_HV,"['SPC_MBFLIP', 'SBX_MPOLY']",{'SBX_MPOLY': 1}
4,2,UC,MPOLY,0.6583670422672651,0.0241537367122379,1103349105.92,571381904.7678801,2284279.2,1270764.1009723244,0.7004362824417428,0.008955898328169,0.13,0.1,GREEDY_HV,"['SPC_MBFLIP', 'SBX_MPOLY', 'UC_MPOLY']","{'SBX_MPOLY': 1, 'UC_MPOLY': 1}"
4,3,SPC,MPOLY,0.6565776258211973,0.0291030602784179,945213258.24,662102350.1252779,2076938.4,1461450.3057153604,0.7068345029624541,0.0063982205207112,0.15,0.11,GREEDY_HV,"['SPC_MBFLIP', 'SBX_MPOLY', 'UC_MPOLY', 'SPC_MPOLY']","{'SBX_MPOLY': 1, 'UC_MPOLY': 1, 'SPC_MPOLY': 1}"
4,4,TPC,NONE,0.6572552619537894,0.0330507026856932,910120413.44,783247379.9553231,1921870.24,1494215.2208289476,0.7144535409379982,0.007619037975544,0.14,0.0,GREEDY_HV,"['SPC_MBFLIP', 'SBX_MPOLY', 'UC_MPOLY', 'SPC_MPOLY', 'TPC_NONE']","{'SBX_MPOLY': 1, 'UC_MPOLY': 1, 'SPC_MPOLY': 1, 'TPC_NONE': 1}"
4,5,TPC,MPOLY,0.6585613903744213,0.030589157555528,758949364.48,730133599.1672875,1800527.52,1565701.5239374104,0.7199645180740428,0.0055109771360446,0.17,0.055,GREEDY_HV,"['SPC_MBFLIP', 'SBX_MPOLY', 'UC_MPOLY', 'SPC_MPOLY', 'TPC_NONE', 'TPC_MPOLY']","{'SBX_MPOLY': 1, 'UC_MPOLY': 1, 'SPC_MPOLY': 1, 'TPC_NONE': 1, 'TPC_MPOLY': 1}"
4,6,NONE,MPOLY,0.6541970756586388,0.0302712007809521,568042184.96,627899869.1635087,1519093.92,1399594.8865448146,0.7218054729081214,0.0018409548340785,0.0,0.04,GREEDY_HV,"['SPC_MBFLIP', 'SBX_MPOLY', 'UC_MPOLY', 'SPC_MPOLY', 'TPC_NONE', 'TPC_MPOLY', 'NONE_MPOLY']","{'SBX_MPOLY': 1, 'UC_MPOLY': 1, 'SPC_MPOLY': 1, 'TPC_NONE': 1, 'TPC_MPOLY': 1, 'NONE_MPOLY': 1}"
4,7,TPC,NONE,0.6591519411007204,0.0336645442955767,507684791.04,488109348.0027696,1548302.24,1365860.4521999825,0.7260303843085023,0.0042249114003809,0.1,0.0,GREEDY_HV,"['SPC_MBFLIP', 'SBX_MPOLY', 'UC_MPOLY', 'SPC_MPOLY', 'TPC_NONE', 'TPC_MPOLY', 'NONE_MPOLY', 'TPC_NONE']","{'SBX_MPOLY': 1, 'UC_MPOLY': 1, 'SPC_MPOLY': 1, 'TPC_NONE': 2, 'TPC_MPOLY': 1, 'NONE_MPOLY': 1}"
4,8,TPC,NONE,0.6602359460640169,0.0357416096430794,477473335.04,473236227.3922524,1394811.04,1182585.124344814,0.7300047431950503,0.0039743588865479,0.1,0.0,GREEDY_HV,"['SPC_MBFLIP', 'SBX_MPOLY', 'UC_MPOLY', 'SPC_MPOLY', 'TPC_NONE', 'TPC_MPOLY', 'NONE_MPOLY', 'TPC_NONE', 'TPC_NONE']","{'SBX_MPOLY': 1, 'UC_MPOLY': 1, 'SPC_MPOLY': 1, 'TPC_NONE': 3, 'TPC_MPOLY': 1, 'NONE_MPOLY': 1}"
4,9,UC,MPOLY,0.6635425697019134,0.0370774645538914,489397076.48,458179883.3097231,1504340.64,1203796.2569275876,0.731197210010569,0.0011924668155187,0.03,0.03,GREEDY_HV,"['SPC_MBFLIP', 'SBX_MPOLY', 'UC_MPOLY', 'SPC_MPOLY', 'TPC_NONE', 'TPC_MPOLY', 'NONE_MPOLY', 'TPC_NONE', 'TPC_NONE', 'UC_MPOLY']","{'SBX_MPOLY': 1, 'UC_MPOLY': 2, 'SPC_MPOLY': 1, 'TPC_NONE': 3, 'TPC_MPOLY': 1, 'NONE_MPOLY': 1}"
4,10,SPC,NONE,0.6665521148229275,0.0328432245761967,373862851.84,274174467.2919032,1358569.12,1011664.9103891394,0.7319139437235317,0.0007167337129626,0.04,0.0,GREEDY_HV,"['SPC_MBFLIP', 'SBX_MPOLY', 'UC_MPOLY', 'SPC_MPOLY', 'TPC_NONE', 'TPC_MPOLY', 'NONE_MPOLY', 'TPC_NONE', 'TPC_NONE', 'UC_MPOLY', 'SPC_NONE']","{'SBX_MPOLY': 1, 'UC_MPOLY': 2, 'SPC_MPOLY': 1, 'TPC_NONE': 3, 'TPC_MPOLY': 1, 'NONE_MPOLY': 1, 'SPC_NONE': 1}"
4,11,SPC,NONE,0.6696273892421145,0.033417029975773,363889044.48,250776488.40219948,1348843.68,906663.7138851748,0.734002303138321,0.0020883594147893,0.05,0.0,GREEDY_HV,"['SPC_MBFLIP', 'SBX_MPOLY', 'UC_MPOLY', 'SPC_MPOLY', 'TPC_NONE', 'TPC_MPOLY', 'NONE_MPOLY', 'TPC_NONE', 'TPC_NONE', 'UC_MPOLY', 'SPC_NONE', 'SPC_NONE']","{'SBX_MPOLY': 1, 'UC_MPOLY': 2, 'SPC_MPOLY': 1, 'TPC_NONE': 3, 'TPC_MPOLY': 1, 'NONE_MPOLY': 1, 'SPC_NONE': 2}"
4,12,UC,NONE,0.6749148486146151,0.0340555972152069,420357785.6,328287084.8186939,1525168.8,997763.9853980704,0.7343070571668987,0.0003047540285776,0.03,0.0,GREEDY_HV,"['SPC_MBFLIP', 'SBX_MPOLY', 'UC_MPOLY', 'SPC_MPOLY', 'TPC_NONE', 'TPC_MPOLY', 'NONE_MPOLY', 'TPC_NONE', 'TPC_NONE', 'UC_MPOLY', 'SPC_NONE', 'SPC_NONE', 'UC_NONE']","{'SBX_MPOLY': 1, 'UC_MPOLY': 2, 'SPC_MPOLY': 1, 'TPC_NONE': 3, 'TPC_MPOLY': 1, 'NONE_MPOLY': 1, 'SPC_NONE': 2, 'UC_NONE': 1}"
4,13,UC,NONE,0.6778379765970065,0.033722838180249,487882475.52,358758863.6714739,1543544.48,934830.5528106414,0.734444100936292,0.0001370437693932,0.02,0.0,GREEDY_HV,"['SPC_MBFLIP', 'SBX_MPOLY', 'UC_MPOLY', 'SPC_MPOLY', 'TPC_NONE', 'TPC_MPOLY', 'NONE_MPOLY', 'TPC_NONE', 'TPC_NONE', 'UC_MPOLY', 'SPC_NONE', 'SPC_NONE', 'UC_NONE', 'UC_NONE']","{'SBX_MPOLY': 1, 'UC_MPOLY': 2, 'SPC_MPOLY': 1, 'TPC_NONE': 3, 'TPC_MPOLY': 1, 'NONE_MPOLY': 1, 'SPC_NONE': 2, 'UC_NONE': 2}"
4,14,UC,NONE,0.6803173757602446,0.0342757676049966,509532806.4,353172820.4784647,1608779.68,955980.531388656,0.7346410749655761,0.000196974029284,0.02,0.0,GREEDY_HV,"['SPC_MBFLIP', 'SBX_MPOLY', 'UC_MPOLY', 'SPC_MPOLY', 'TPC_NONE', 'TPC_MPOLY', 'NONE_MPOLY', 'TPC_NONE', 'TPC_NONE', 'UC_MPOLY', 'SPC_NONE', 'SPC_NONE', 'UC_NONE', 'UC_NONE', 'UC_NONE']","{'SBX_MPOLY': 1, 'UC_MPOLY': 2, 'SPC_MPOLY': 1, 'TPC_NONE': 3, 'TPC_MPOLY': 1, 'NONE_MPOLY': 1, 'SPC_NONE': 2, 'UC_NONE': 3}"
4,15,TPC,NONE,0.6802566369755213,0.0340562566225314,506437564.16,352402081.1371457,1486113.44,847785.9807534483,0.7348172134563642,0.0001761384907881,0.05,0.0,GREEDY_HV,"['SPC_MBFLIP', 'SBX_MPOLY', 'UC_MPOLY', 'SPC_MPOLY', 'TPC_NONE', 'TPC_MPOLY', 'NONE_MPOLY', 'TPC_NONE', 'TPC_NONE', 'UC_MPOLY', 'SPC_NONE', 'SPC_NONE', 'UC_NONE', 'UC_NONE', 'UC_NONE', 'TPC_NONE']","{'SBX_MPOLY': 1, 'UC_MPOLY': 2, 'SPC_MPOLY': 1, 'TPC_NONE': 4, 'TPC_MPOLY': 1, 'NONE_MPOLY': 1, 'SPC_NONE': 2, 'UC_NONE': 3}"
4,16,UC,NONE,0.6807433075941945,0.0358695107819835,502399713.28,365226166.3561519,1554625.44,911263.6383852076,0.7349595215577754,0.0001423081014112,0.01,0.0,GREEDY_HV,"['SPC_MBFLIP', 'SBX_MPOLY', 'UC_MPOLY', 'SPC_MPOLY', 'TPC_NONE', 'TPC_MPOLY', 'NONE_MPOLY', 'TPC_NONE', 'TPC_NONE', 'UC_MPOLY', 'SPC_NONE', 'SPC_NONE', 'UC_NONE', 'UC_NONE', 'UC_NONE', 'TPC_NONE', 'UC_NONE']","{'SBX_MPOLY': 1, 'UC_MPOLY': 2, 'SPC_MPOLY': 1, 'TPC_NONE': 4, 'TPC_MPOLY': 1, 'NONE_MPOLY': 1, 'SPC_NONE': 2, 'UC_NONE': 4}"
4,17,TPC,NONE,0.6820002595488625,0.0371639646872147,522956186.88,367478040.0400775,1593680.8,881812.2295603753,0.7350540973807755,9.457582300009816e-05,0.02,0.0,GREEDY_HV,"['SPC_MBFLIP', 'SBX_MPOLY', 'UC_MPOLY', 'SPC_MPOLY', 'TPC_NONE', 'TPC_MPOLY', 'NONE_MPOLY', 'TPC_NONE', 'TPC_NONE', 'UC_MPOLY', 'SPC_NONE', 'SPC_NONE', 'UC_NONE', 'UC_NONE', 'UC_NONE', 'TPC_NONE', 'UC_NONE', 'TPC_NONE']","{'SBX_MPOLY': 1, 'UC_MPOLY': 2, 'SPC_MPOLY': 1, 'TPC_NONE': 5, 'TPC_MPOLY': 1, 'NONE_MPOLY': 1, 'SPC_NONE': 2, 'UC_NONE': 4}"
4,18,UC,NONE,0.6814304168451085,0.0371645816783233,530673926.4,378955096.0919988,1536901.28,895141.7508975668,0.7350873953174195,3.329793664397229e-05,0.0,0.0,GREEDY_HV,"['SPC_MBFLIP', 'SBX_MPOLY', 'UC_MPOLY', 'SPC_MPOLY', 'TPC_NONE', 'TPC_MPOLY', 'NONE_MPOLY', 'TPC_NONE', 'TPC_NONE', 'UC_MPOLY', 'SPC_NONE', 'SPC_NONE', 'UC_NONE', 'UC_NONE', 'UC_NONE', 'TPC_NONE', 'UC_NONE', 'TPC_NONE', 'UC_NONE']","{'SBX_MPOLY': 1, 'UC_MPOLY': 2, 'SPC_MPOLY': 1, 'TPC_NONE': 5, 'TPC_MPOLY': 1, 'NONE_MPOLY': 1, 'SPC_NONE': 2, 'UC_NONE': 5}"
4,19,TPC,NONE,0.6817339691744578,0.0376286108003763,529669894.4,381607588.8478975,1592194.72,919054.2055049211,0.7351232789078359,3.588359041639677e-05,0.01,0.0,GREEDY_HV,"['SPC_MBFLIP', 'SBX_MPOLY', 'UC_MPOLY', 'SPC_MPOLY', 'TPC_NONE', 'TPC_MPOLY', 'NONE_MPOLY', 'TPC_NONE', 'TPC_NONE', 'UC_MPOLY', 'SPC_NONE', 'SPC_NONE', 'UC_NONE', 'UC_NONE', 'UC_NONE', 'TPC_NONE', 'UC_NONE', 'TPC_NONE', 'UC_NONE', 'TPC_NONE']","{'SBX_MPOLY': 1, 'UC_MPOLY': 2, 'SPC_MPOLY': 1, 'TPC_NONE': 6, 'TPC_MPOLY': 1, 'NONE_MPOLY': 1, 'SPC_NONE': 2, 'UC_NONE': 5}"
4,20,TPC,NONE,0.6815201305200622,0.0378966487363538,520593516.8,368969769.8306599,1570482.08,887206.126946649,0.7351749493959555,5.167048811960395e-05,0.0,0.0,GREEDY_HV,"['SPC_MBFLIP', 'SBX_MPOLY', 'UC_MPOLY', 'SPC_MPOLY', 'TPC_NONE', 'TPC_MPOLY', 'NONE_MPOLY', 'TPC_NONE', 'TPC_NONE', 'UC_MPOLY', 'SPC_NONE', 'SPC_NONE', 'UC_NONE', 'UC_NONE', 'UC_NONE', 'TPC_NONE', 'UC_NONE', 'TPC_NONE', 'UC_NONE', 'TPC_NONE', 'TPC_NONE']","{'SBX_MPOLY': 1, 'UC_MPOLY': 2, 'SPC_MPOLY': 1, 'TPC_NONE': 7, 'TPC_MPOLY': 1, 'NONE_MPOLY': 1, 'SPC_NONE': 2, 'UC_NONE': 5}"
4,21,TPC,NONE,0.6797690147401219,0.0377757619525792,510997684.48,375059389.2893949,1455022.24,873935.9690009916,0.7352047064126324,2.975701667684572e-05,0.0,0.0,GREEDY_HV,"['SPC_MBFLIP', 'SBX_MPOLY', 'UC_MPOLY', 'SPC_MPOLY', 'TPC_NONE', 'TPC_MPOLY', 'NONE_MPOLY', 'TPC_NONE', 'TPC_NONE', 'UC_MPOLY', 'SPC_NONE', 'SPC_NONE', 'UC_NONE', 'UC_NONE', 'UC_NONE', 'TPC_NONE', 'UC_NONE', 'TPC_NONE', 'UC_NONE', 'TPC_NONE', 'TPC_NONE', 'TPC_NONE']","{'SBX_MPOLY': 1, 'UC_MPOLY': 2, 'SPC_MPOLY': 1, 'TPC_NONE': 8, 'TPC_MPOLY': 1, 'NONE_MPOLY': 1, 'SPC_NONE': 2, 'UC_NONE': 5}"
4,22,TPC,NONE,0.6794224585406243,0.0380235223628332,504245158.4,374223987.0480551,1436463.52,874160.9557884919,0.7352205403869853,1.5833974352896796e-05,0.0,0.0,GREEDY_HV,"['SPC_MBFLIP', 'SBX_MPOLY', 'UC_MPOLY', 'SPC_MPOLY', 'TPC_NONE', 'TPC_MPOLY', 'NONE_MPOLY', 'TPC_NONE', 'TPC_NONE', 'UC_MPOLY', 'SPC_NONE', 'SPC_NONE', 'UC_NONE', 'UC_NONE', 'UC_NONE', 'TPC_NONE', 'UC_NONE', 'TPC_NONE', 'UC_NONE', 'TPC_NONE', 'TPC_NONE', 'TPC_NONE', 'TPC_NONE']","{'SBX_MPOLY': 1, 'UC_MPOLY': 2, 'SPC_MPOLY': 1, 'TPC_NONE': 9, 'TPC_MPOLY': 1, 'NONE_MPOLY': 1, 'SPC_NONE': 2, 'UC_NONE': 5}"
4,23,SPC,NONE,0.679823816847948,0.0383645285931105,523475272.96,384574914.50236416,1457587.36,898699.9731944752,0.7352385825395099,1.8042152524655464e-05,0.01,0.0,GREEDY_HV,"['SPC_MBFLIP', 'SBX_MPOLY', 'UC_MPOLY', 'SPC_MPOLY', 'TPC_NONE', 'TPC_MPOLY', 'NONE_MPOLY', 'TPC_NONE', 'TPC_NONE', 'UC_MPOLY', 'SPC_NONE', 'SPC_NONE', 'UC_NONE', 'UC_NONE', 'UC_NONE', 'TPC_NONE', 'UC_NONE', 'TPC_NONE', 'UC_NONE', 'TPC_NONE', 'TPC_NONE', 'TPC_NONE', 'TPC_NONE', 'SPC_NONE']","{'SBX_MPOLY': 1, 'UC_MPOLY': 2, 'SPC_MPOLY': 1, 'TPC_NONE': 9, 'TPC_MPOLY': 1, 'NONE_MPOLY': 1, 'SPC_NONE': 3, 'UC_NONE': 5}"
4,24,SBX,NONE,0.6783819084191456,0.0395228405497733,497772177.92,360280414.16708004,1403204.0,845259.2346705477,0.7360244724070739,0.000785889867564,0.01,0.0,GREEDY_HV,"['SPC_MBFLIP', 'SBX_MPOLY', 'UC_MPOLY', 'SPC_MPOLY', 'TPC_NONE', 'TPC_MPOLY', 'NONE_MPOLY', 'TPC_NONE', 'TPC_NONE', 'UC_MPOLY', 'SPC_NONE', 'SPC_NONE', 'UC_NONE', 'UC_NONE', 'UC_NONE', 'TPC_NONE', 'UC_NONE', 'TPC_NONE', 'UC_NONE', 'TPC_NONE', 'TPC_NONE', 'TPC_NONE', 'TPC_NONE', 'SPC_NONE', 'SBX_NONE']","{'SBX_MPOLY': 1, 'UC_MPOLY': 2, 'SPC_MPOLY': 1, 'TPC_NONE': 9, 'TPC_MPOLY': 1, 'NONE_MPOLY': 1, 'SPC_NONE': 3, 'UC_NONE': 5, 'SBX_NONE': 1}"
4,25,TPC,NONE,0.6789117626829716,0.0382699322328766,491379577.6,356295351.3694906,1411603.36,867972.9549421172,0.7360436897746255,1.921736755161607e-05,0.02,0.0,GREEDY_HV,"['SPC_MBFLIP', 'SBX_MPOLY', 'UC_MPOLY', 'SPC_MPOLY', 'TPC_NONE', 'TPC_MPOLY', 'NONE_MPOLY', 'TPC_NONE', 'TPC_NONE', 'UC_MPOLY', 'SPC_NONE', 'SPC_NONE', 'UC_NONE', 'UC_NONE', 'UC_NONE', 'TPC_NONE', 'UC_NONE', 'TPC_NONE', 'UC_NONE', 'TPC_NONE', 'TPC_NONE', 'TPC_NONE', 'TPC_NONE', 'SPC_NONE', 'SBX_NONE', 'TPC_NONE']","{'SBX_MPOLY': 1, 'UC_MPOLY': 2, 'SPC_MPOLY': 1, 'TPC_NONE': 10, 'TPC_MPOLY': 1, 'NONE_MPOLY': 1, 'SPC_NONE': 3, 'UC_NONE': 5, 'SBX_NONE': 1}"
4,26,TPC,NONE,0.6774886292736768,0.0380956686544563,462659900.16,341945577.57854885,1344774.56,844770.5724532823,0.7360806492712373,3.69594966117548e-05,0.01,0.0,GREEDY_HV,"['SPC_MBFLIP', 'SBX_MPOLY', 'UC_MPOLY', 'SPC_MPOLY', 'TPC_NONE', 'TPC_MPOLY', 'NONE_MPOLY', 'TPC_NONE', 'TPC_NONE', 'UC_MPOLY', 'SPC_NONE', 'SPC_NONE', 'UC_NONE', 'UC_NONE', 'UC_NONE', 'TPC_NONE', 'UC_NONE', 'TPC_NONE', 'UC_NONE', 'TPC_NONE', 'TPC_NONE', 'TPC_NONE', 'TPC_NONE', 'SPC_NONE', 'SBX_NONE', 'TPC_NONE', 'TPC_NONE']","{'SBX_MPOLY': 1, 'UC_MPOLY': 2, 'SPC_MPOLY': 1, 'TPC_NONE': 11, 'TPC_MPOLY': 1, 'NONE_MPOLY': 1, 'SPC_NONE': 3, 'UC_NONE': 5, 'SBX_NONE': 1}"
4,27,TPC,MNUF,0.6796113675114611,0.0357336474299695,489169936.64,367535896.5955221,1399530.4,861043.1638228593,0.7361057359435352,2.5086672297947032e-05,0.0,0.0,GREEDY_HV,"['SPC_MBFLIP', 'SBX_MPOLY', 'UC_MPOLY', 'SPC_MPOLY', 'TPC_NONE', 'TPC_MPOLY', 'NONE_MPOLY', 'TPC_NONE', 'TPC_NONE', 'UC_MPOLY', 'SPC_NONE', 'SPC_NONE', 'UC_NONE', 'UC_NONE', 'UC_NONE', 'TPC_NONE', 'UC_NONE', 'TPC_NONE', 'UC_NONE', 'TPC_NONE', 'TPC_NONE', 'TPC_NONE', 'TPC_NONE', 'SPC_NONE', 'SBX_NONE', 'TPC_NONE', 'TPC_NONE', 'TPC_MNUF']","{'SBX_MPOLY': 1, 'UC_MPOLY': 2, 'SPC_MPOLY': 1, 'TPC_NONE': 11, 'TPC_MPOLY': 1, 'NONE_MPOLY': 1, 'SPC_NONE': 3, 'UC_NONE': 5, 'SBX_NONE': 1, 'TPC_MNUF': 1}"
4,28,UC,NONE,0.6816130115580927,0.0348560385371619,482533469.44,330915775.53725815,1408428.96,813694.9234170006,0.7361744243919491,6.868844841390054e-05,0.01,0.0,GREEDY_HV,"['SPC_MBFLIP', 'SBX_MPOLY', 'UC_MPOLY', 'SPC_MPOLY', 'TPC_NONE', 'TPC_MPOLY', 'NONE_MPOLY', 'TPC_NONE', 'TPC_NONE', 'UC_MPOLY', 'SPC_NONE', 'SPC_NONE', 'UC_NONE', 'UC_NONE', 'UC_NONE', 'TPC_NONE', 'UC_NONE', 'TPC_NONE', 'UC_NONE', 'TPC_NONE', 'TPC_NONE', 'TPC_NONE', 'TPC_NONE', 'SPC_NONE', 'SBX_NONE', 'TPC_NONE', 'TPC_NONE', 'TPC_MNUF', 'UC_NONE']","{'SBX_MPOLY': 1, 'UC_MPOLY': 2, 'SPC_MPOLY': 1, 'TPC_NONE': 11, 'TPC_MPOLY': 1, 'NONE_MPOLY': 1, 'SPC_NONE': 3, 'UC_NONE': 6, 'SBX_NONE': 1, 'TPC_MNUF': 1}"
4,29,SBX,MPOLY,0.6825809540288995,0.0322840236720437,482641478.4,330818468.3197878,1409289.12,811837.3442948443,0.7363502494504903,0.0001758250585411,0.0,0.09,GREEDY_HV,"['SPC_MBFLIP', 'SBX_MPOLY', 'UC_MPOLY', 'SPC_MPOLY', 'TPC_NONE', 'TPC_MPOLY', 'NONE_MPOLY', 'TPC_NONE', 'TPC_NONE', 'UC_MPOLY', 'SPC_NONE', 'SPC_NONE', 'UC_NONE', 'UC_NONE', 'UC_NONE', 'TPC_NONE', 'UC_NONE', 'TPC_NONE', 'UC_NONE', 'TPC_NONE', 'TPC_NONE', 'TPC_NONE', 'TPC_NONE', 'SPC_NONE', 'SBX_NONE', 'TPC_NONE', 'TPC_NONE', 'TPC_MNUF', 'UC_NONE', 'SBX_MPOLY']","{'SBX_MPOLY': 2, 'UC_MPOLY': 2, 'SPC_MPOLY': 1, 'TPC_NONE': 11, 'TPC_MPOLY': 1, 'NONE_MPOLY': 1, 'SPC_NONE': 3, 'UC_NONE': 6, 'SBX_NONE': 1, 'TPC_MNUF': 1}"
4,30,UC,NONE,0.6816220813116632,0.0331428444053688,471372651.52,332008111.0927682,1375579.04,829964.4773902305,0.7364722416915392,0.0001219922410489,0.02,0.0,GREEDY_HV,"['SPC_MBFLIP', 'SBX_MPOLY', 'UC_MPOLY', 'SPC_MPOLY', 'TPC_NONE', 'TPC_MPOLY', 'NONE_MPOLY', 'TPC_NONE', 'TPC_NONE', 'UC_MPOLY', 'SPC_NONE', 'SPC_NONE', 'UC_NONE', 'UC_NONE', 'UC_NONE', 'TPC_NONE', 'UC_NONE', 'TPC_NONE', 'UC_NONE', 'TPC_NONE', 'TPC_NONE', 'TPC_NONE', 'TPC_NONE', 'SPC_NONE', 'SBX_NONE', 'TPC_NONE', 'TPC_NONE', 'TPC_MNUF', 'UC_NONE', 'SBX_MPOLY', 'UC_NONE']","{'SBX_MPOLY': 2, 'UC_MPOLY': 2, 'SPC_MPOLY': 1, 'TPC_NONE': 11, 'TPC_MPOLY': 1, 'NONE_MPOLY': 1, 'SPC_NONE': 3, 'UC_NONE': 7, 'SBX_NONE': 1, 'TPC_MNUF': 1}"
4,31,TPC,MPOLY,0.6822931813248022,0.0338023559347141,486442858.24,332927933.4983733,1401112.48,824788.3340585813,0.7369163837205316,0.0004441420289923,0.01,0.01,GREEDY_HV,"['SPC_MBFLIP', 'SBX_MPOLY', 'UC_MPOLY', 'SPC_MPOLY', 'TPC_NONE', 'TPC_MPOLY', 'NONE_MPOLY', 'TPC_NONE', 'TPC_NONE', 'UC_MPOLY', 'SPC_NONE', 'SPC_NONE', 'UC_NONE', 'UC_NONE', 'UC_NONE', 'TPC_NONE', 'UC_NONE', 'TPC_NONE', 'UC_NONE', 'TPC_NONE', 'TPC_NONE', 'TPC_NONE', 'TPC_NONE', 'SPC_NONE', 'SBX_NONE', 'TPC_NONE', 'TPC_NONE', 'TPC_MNUF', 'UC_NONE', 'SBX_MPOLY', 'UC_NONE', 'TPC_MPOLY']","{'SBX_MPOLY': 2, 'UC_MPOLY': 2, 'SPC_MPOLY': 1, 'TPC_NONE': 11, 'TPC_MPOLY': 2, 'NONE_MPOLY': 1, 'SPC_NONE': 3, 'UC_NONE': 7, 'SBX_NONE': 1, 'TPC_MNUF': 1}"
4,32,SBX,NONE,0.6726537308522861,0.039379865823151,462242083.84,629390585.2933404,1241967.52,952115.7092009828,0.7371987326246716,0.00028234890414,0.0,0.0,GREEDY_HV,"['SPC_MBFLIP', 'SBX_MPOLY', 'UC_MPOLY', 'SPC_MPOLY', 'TPC_NONE', 'TPC_MPOLY', 'NONE_MPOLY', 'TPC_NONE', 'TPC_NONE', 'UC_MPOLY', 'SPC_NONE', 'SPC_NONE', 'UC_NONE', 'UC_NONE', 'UC_NONE', 'TPC_NONE', 'UC_NONE', 'TPC_NONE', 'UC_NONE', 'TPC_NONE', 'TPC_NONE', 'TPC_NONE', 'TPC_NONE', 'SPC_NONE', 'SBX_NONE', 'TPC_NONE', 'TPC_NONE', 'TPC_MNUF', 'UC_NONE', 'SBX_MPOLY', 'UC_NONE', 'TPC_MPOLY', 'SBX_NONE']","{'SBX_MPOLY': 2, 'UC_MPOLY': 2, 'SPC_MPOLY': 1, 'TPC_NONE': 11, 'TPC_MPOLY': 2, 'NONE_MPOLY': 1, 'SPC_NONE': 3, 'UC_NONE': 7, 'SBX_NONE': 2, 'TPC_MNUF': 1}"
4,33,TPC,NONE,0.6810148442046144,0.0340289946045867,547582858.24,819404339.1949484,1412748.96,1011896.1684000776,0.7372803234786419,8.159085397030363e-05,0.0,0.0,GREEDY_HV,"['SPC_MBFLIP', 'SBX_MPOLY', 'UC_MPOLY', 'SPC_MPOLY', 'TPC_NONE', 'TPC_MPOLY', 'NONE_MPOLY', 'TPC_NONE', 'TPC_NONE', 'UC_MPOLY', 'SPC_NONE', 'SPC_NONE', 'UC_NONE', 'UC_NONE', 'UC_NONE', 'TPC_NONE', 'UC_NONE', 'TPC_NONE', 'UC_NONE', 'TPC_NONE', 'TPC_NONE', 'TPC_NONE', 'TPC_NONE', 'SPC_NONE', 'SBX_NONE', 'TPC_NONE', 'TPC_NONE', 'TPC_MNUF', 'UC_NONE', 'SBX_MPOLY', 'UC_NONE', 'TPC_MPOLY', 'SBX_NONE', 'TPC_NONE']","{'SBX_MPOLY': 2, 'UC_MPOLY': 2, 'SPC_MPOLY': 1, 'TPC_NONE': 12, 'TPC_MPOLY': 2, 'NONE_MPOLY': 1, 'SPC_NONE': 3, 'UC_NONE': 7, 'SBX_NONE': 2, 'TPC_MNUF': 1}"
4,34,UC,NONE,0.6793589027561814,0.0349186444906363,484714732.8,536388367.5096754,1335694.24,923642.158572216,0.7379074455157025,0.0006271220370606,0.03,0.0,GREEDY_HV,"['SPC_MBFLIP', 'SBX_MPOLY', 'UC_MPOLY', 'SPC_MPOLY', 'TPC_NONE', 'TPC_MPOLY', 'NONE_MPOLY', 'TPC_NONE', 'TPC_NONE', 'UC_MPOLY', 'SPC_NONE', 'SPC_NONE', 'UC_NONE', 'UC_NONE', 'UC_NONE', 'TPC_NONE', 'UC_NONE', 'TPC_NONE', 'UC_NONE', 'TPC_NONE', 'TPC_NONE', 'TPC_NONE', 'TPC_NONE', 'SPC_NONE', 'SBX_NONE', 'TPC_NONE', 'TPC_NONE', 'TPC_MNUF', 'UC_NONE', 'SBX_MPOLY', 'UC_NONE', 'TPC_MPOLY', 'SBX_NONE', 'TPC_NONE', 'UC_NONE']","{'SBX_MPOLY': 2, 'UC_MPOLY': 2, 'SPC_MPOLY': 1, 'TPC_NONE': 12, 'TPC_MPOLY': 2, 'NONE_MPOLY': 1, 'SPC_NONE': 3, 'UC_NONE': 8, 'SBX_NONE': 2, 'TPC_MNUF': 1}"
4,35,SPC,NONE,0.6794724764819737,0.0352260357312456,521977265.92,676608725.2854415,1357852.32,973713.2746843589,0.7379609706154575,5.3525099754980765e-05,0.0,0.0,GREEDY_HV,"['SPC_MBFLIP', 'SBX_MPOLY', 'UC_MPOLY', 'SPC_MPOLY', 'TPC_NONE', 'TPC_MPOLY', 'NONE_MPOLY', 'TPC_NONE', 'TPC_NONE', 'UC_MPOLY', 'SPC_NONE', 'SPC_NONE', 'UC_NONE', 'UC_NONE', 'UC_NONE', 'TPC_NONE', 'UC_NONE', 'TPC_NONE', 'UC_NONE', 'TPC_NONE', 'TPC_NONE', 'TPC_NONE', 'TPC_NONE', 'SPC_NONE', 'SBX_NONE', 'TPC_NONE', 'TPC_NONE', 'TPC_MNUF', 'UC_NONE', 'SBX_MPOLY', 'UC_NONE', 'TPC_MPOLY', 'SBX_NONE', 'TPC_NONE', 'UC_NONE', 'SPC_NONE']","{'SBX_MPOLY': 2, 'UC_MPOLY': 2, 'SPC_MPOLY': 1, 'TPC_NONE': 12, 'TPC_MPOLY': 2, 'NONE_MPOLY': 1, 'SPC_NONE': 4, 'UC_NONE': 8, 'SBX_NONE': 2, 'TPC_MNUF': 1}"
4,36,UC,NONE,0.680518868416751,0.0342906304044309,535065999.36,675413593.5064231,1359067.04,972479.3017919704,0.7379776950702006,1.6724454743100026e-05,0.02,0.0,GREEDY_HV,"['SPC_MBFLIP', 'SBX_MPOLY', 'UC_MPOLY', 'SPC_MPOLY', 'TPC_NONE', 'TPC_MPOLY', 'NONE_MPOLY', 'TPC_NONE', 'TPC_NONE', 'UC_MPOLY', 'SPC_NONE', 'SPC_NONE', 'UC_NONE', 'UC_NONE', 'UC_NONE', 'TPC_NONE', 'UC_NONE', 'TPC_NONE', 'UC_NONE', 'TPC_NONE', 'TPC_NONE', 'TPC_NONE', 'TPC_NONE', 'SPC_NONE', 'SBX_NONE', 'TPC_NONE', 'TPC_NONE', 'TPC_MNUF', 'UC_NONE', 'SBX_MPOLY', 'UC_NONE', 'TPC_MPOLY', 'SBX_NONE', 'TPC_NONE', 'UC_NONE', 'SPC_NONE', 'UC_NONE']","{'SBX_MPOLY': 2, 'UC_MPOLY': 2, 'SPC_MPOLY': 1, 'TPC_NONE': 12, 'TPC_MPOLY': 2, 'NONE_MPOLY': 1, 'SPC_NONE': 4, 'UC_NONE': 9, 'SBX_NONE': 2, 'TPC_MNUF': 1}"
4,37,UC,NONE,0.6788403105231967,0.0352065147150758,523833576.96,681270380.536061,1345705.12,996826.6289730556,0.738009193252373,3.149818217240696e-05,0.0,0.0,GREEDY_HV,"['SPC_MBFLIP', 'SBX_MPOLY', 'UC_MPOLY', 'SPC_MPOLY', 'TPC_NONE', 'TPC_MPOLY', 'NONE_MPOLY', 'TPC_NONE', 'TPC_NONE', 'UC_MPOLY', 'SPC_NONE', 'SPC_NONE', 'UC_NONE', 'UC_NONE', 'UC_NONE', 'TPC_NONE', 'UC_NONE', 'TPC_NONE', 'UC_NONE', 'TPC_NONE', 'TPC_NONE', 'TPC_NONE', 'TPC_NONE', 'SPC_NONE', 'SBX_NONE', 'TPC_NONE', 'TPC_NONE', 'TPC_MNUF', 'UC_NONE', 'SBX_MPOLY', 'UC_NONE', 'TPC_MPOLY', 'SBX_NONE', 'TPC_NONE', 'UC_NONE', 'SPC_NONE', 'UC_NONE', 'UC_NONE']","{'SBX_MPOLY': 2, 'UC_MPOLY': 2, 'SPC_MPOLY': 1, 'TPC_NONE': 12, 'TPC_MPOLY': 2, 'NONE_MPOLY': 1, 'SPC_NONE': 4, 'UC_NONE': 10, 'SBX_NONE': 2, 'TPC_MNUF': 1}"
4,38,UC,MPOLY,0.6765297764395056,0.0358798061880599,499883116.8,681343662.2070929,1274635.68,988755.1361329748,0.7380315163441948,2.232309182181869e-05,0.0,0.005,GREEDY_HV,"['SPC_MBFLIP', 'SBX_MPOLY', 'UC_MPOLY', 'SPC_MPOLY', 'TPC_NONE', 'TPC_MPOLY', 'NONE_MPOLY', 'TPC_NONE', 'TPC_NONE', 'UC_MPOLY', 'SPC_NONE', 'SPC_NONE', 'UC_NONE', 'UC_NONE', 'UC_NONE', 'TPC_NONE', 'UC_NONE', 'TPC_NONE', 'UC_NONE', 'TPC_NONE', 'TPC_NONE', 'TPC_NONE', 'TPC_NONE', 'SPC_NONE', 'SBX_NONE', 'TPC_NONE', 'TPC_NONE', 'TPC_MNUF', 'UC_NONE', 'SBX_MPOLY', 'UC_NONE', 'TPC_MPOLY', 'SBX_NONE', 'TPC_NONE', 'UC_NONE', 'SPC_NONE', 'UC_NONE', 'UC_NONE', 'UC_MPOLY']","{'SBX_MPOLY': 2, 'UC_MPOLY': 3, 'SPC_MPOLY': 1, 'TPC_NONE': 12, 'TPC_MPOLY': 2, 'NONE_MPOLY': 1, 'SPC_NONE': 4, 'UC_NONE': 10, 'SBX_NONE': 2, 'TPC_MNUF': 1}"
4,39,UC,NONE,0.6796759637077346,0.0354711626724157,523964779.52,678643820.8422973,1410610.08,1028316.3010016682,0.7380660780298658,3.456168567095297e-05,0.0,0.0,GREEDY_HV,"['SPC_MBFLIP', 'SBX_MPOLY', 'UC_MPOLY', 'SPC_MPOLY', 'TPC_NONE', 'TPC_MPOLY', 'NONE_MPOLY', 'TPC_NONE', 'TPC_NONE', 'UC_MPOLY', 'SPC_NONE', 'SPC_NONE', 'UC_NONE', 'UC_NONE', 'UC_NONE', 'TPC_NONE', 'UC_NONE', 'TPC_NONE', 'UC_NONE', 'TPC_NONE', 'TPC_NONE', 'TPC_NONE', 'TPC_NONE', 'SPC_NONE', 'SBX_NONE', 'TPC_NONE', 'TPC_NONE', 'TPC_MNUF', 'UC_NONE', 'SBX_MPOLY', 'UC_NONE', 'TPC_MPOLY', 'SBX_NONE', 'TPC_NONE', 'UC_NONE', 'SPC_NONE', 'UC_NONE', 'UC_NONE', 'UC_MPOLY', 'UC_NONE']","{'SBX_MPOLY': 2, 'UC_MPOLY': 3, 'SPC_MPOLY': 1, 'TPC_NONE': 12, 'TPC_MPOLY': 2, 'NONE_MPOLY': 1, 'SPC_NONE': 4, 'UC_NONE': 11, 'SBX_NONE': 2, 'TPC_MNUF': 1}"
4,40,UC,NONE,0.6822625679796772,0.0340064505162195,550798986.24,681928949.8149431,1468788.64,1037196.153792594,0.7381033061223096,3.722809244377512e-05,0.01,0.0,GREEDY_HV,"['SPC_MBFLIP', 'SBX_MPOLY', 'UC_MPOLY', 'SPC_MPOLY', 'TPC_NONE', 'TPC_MPOLY', 'NONE_MPOLY', 'TPC_NONE', 'TPC_NONE', 'UC_MPOLY', 'SPC_NONE', 'SPC_NONE', 'UC_NONE', 'UC_NONE', 'UC_NONE', 'TPC_NONE', 'UC_NONE', 'TPC_NONE', 'UC_NONE', 'TPC_NONE', 'TPC_NONE', 'TPC_NONE', 'TPC_NONE', 'SPC_NONE', 'SBX_NONE', 'TPC_NONE', 'TPC_NONE', 'TPC_MNUF', 'UC_NONE', 'SBX_MPOLY', 'UC_NONE', 'TPC_MPOLY', 'SBX_NONE', 'TPC_NONE', 'UC_NONE', 'SPC_NONE', 'UC_NONE', 'UC_NONE', 'UC_MPOLY', 'UC_NONE', 'UC_NONE']","{'SBX_MPOLY': 2, 'UC_MPOLY': 3, 'SPC_MPOLY': 1, 'TPC_NONE': 12, 'TPC_MPOLY': 2, 'NONE_MPOLY': 1, 'SPC_NONE': 4, 'UC_NONE': 12, 'SBX_NONE': 2, 'TPC_MNUF': 1}"
4,41,SBX,MPOLY,0.6823601842868117,0.0324284276815573,545971658.24,684287107.5757532,1445161.12,1041688.6064306288,0.7384038160124992,0.0003005098901895,0.0,0.035,GREEDY_HV,"['SPC_MBFLIP', 'SBX_MPOLY', 'UC_MPOLY', 'SPC_MPOLY', 'TPC_NONE', 'TPC_MPOLY', 'NONE_MPOLY', 'TPC_NONE', 'TPC_NONE', 'UC_MPOLY', 'SPC_NONE', 'SPC_NONE', 'UC_NONE', 'UC_NONE', 'UC_NONE', 'TPC_NONE', 'UC_NONE', 'TPC_NONE', 'UC_NONE', 'TPC_NONE', 'TPC_NONE', 'TPC_NONE', 'TPC_NONE', 'SPC_NONE', 'SBX_NONE', 'TPC_NONE', 'TPC_NONE', 'TPC_MNUF', 'UC_NONE', 'SBX_MPOLY', 'UC_NONE', 'TPC_MPOLY', 'SBX_NONE', 'TPC_NONE', 'UC_NONE', 'SPC_NONE', 'UC_NONE', 'UC_NONE', 'UC_MPOLY', 'UC_NONE', 'UC_NONE', 'SBX_MPOLY']","{'SBX_MPOLY': 3, 'UC_MPOLY': 3, 'SPC_MPOLY': 1, 'TPC_NONE': 12, 'TPC_MPOLY': 2, 'NONE_MPOLY': 1, 'SPC_NONE': 4, 'UC_NONE': 12, 'SBX_NONE': 2, 'TPC_MNUF': 1}"
4,42,SPC,NONE,0.6819656647380442,0.0334692529980222,537919584.0,681836370.012547,1425263.52,1034488.1235980282,0.7384584439938101,5.46279813109507e-05,0.0,0.0,GREEDY_HV,"['SPC_MBFLIP', 'SBX_MPOLY', 'UC_MPOLY', 'SPC_MPOLY', 'TPC_NONE', 'TPC_MPOLY', 'NONE_MPOLY', 'TPC_NONE', 'TPC_NONE', 'UC_MPOLY', 'SPC_NONE', 'SPC_NONE', 'UC_NONE', 'UC_NONE', 'UC_NONE', 'TPC_NONE', 'UC_NONE', 'TPC_NONE', 'UC_NONE', 'TPC_NONE', 'TPC_NONE', 'TPC_NONE', 'TPC_NONE', 'SPC_NONE', 'SBX_NONE', 'TPC_NONE', 'TPC_NONE', 'TPC_MNUF', 'UC_NONE', 'SBX_MPOLY', 'UC_NONE', 'TPC_MPOLY', 'SBX_NONE', 'TPC_NONE', 'UC_NONE', 'SPC_NONE', 'UC_NONE', 'UC_NONE', 'UC_MPOLY', 'UC_NONE', 'UC_NONE', 'SBX_MPOLY', 'SPC_NONE']","{'SBX_MPOLY': 3, 'UC_MPOLY': 3, 'SPC_MPOLY': 1, 'TPC_NONE': 12, 'TPC_MPOLY': 2, 'NONE_MPOLY': 1, 'SPC_NONE': 5, 'UC_NONE': 12, 'SBX_NONE': 2, 'TPC_MNUF': 1}"
4,43,SPC,NONE,0.6809252998701263,0.0350098011676028,531909849.6,682520116.4954978,1429478.56,1041974.7065311738,0.738434852326913,-2.3591666897138097e-05,0.0,0.0,GREEDY_HV,"['SPC_MBFLIP', 'SBX_MPOLY', 'UC_MPOLY', 'SPC_MPOLY', 'TPC_NONE', 'TPC_MPOLY', 'NONE_MPOLY', 'TPC_NONE', 'TPC_NONE', 'UC_MPOLY', 'SPC_NONE', 'SPC_NONE', 'UC_NONE', 'UC_NONE', 'UC_NONE', 'TPC_NONE', 'UC_NONE', 'TPC_NONE', 'UC_NONE', 'TPC_NONE', 'TPC_NONE', 'TPC_NONE', 'TPC_NONE', 'SPC_NONE', 'SBX_NONE', 'TPC_NONE', 'TPC_NONE', 'TPC_MNUF', 'UC_NONE', 'SBX_MPOLY', 'UC_NONE', 'TPC_MPOLY', 'SBX_NONE', 'TPC_NONE', 'UC_NONE', 'SPC_NONE', 'UC_NONE', 'UC_NONE', 'UC_MPOLY', 'UC_NONE', 'UC_NONE', 'SBX_MPOLY', 'SPC_NONE', 'SPC_NONE']","{'SBX_MPOLY': 3, 'UC_MPOLY': 3, 'SPC_MPOLY': 1, 'TPC_NONE': 12, 'TPC_MPOLY': 2, 'NONE_MPOLY': 1, 'SPC_NONE': 6, 'UC_NONE': 12, 'SBX_NONE': 2, 'TPC_MNUF': 1}"
4,44,SPC,MPOLY,0.6798625650115763,0.0341327918596153,431881367.04,335713419.24362904,1322466.72,905437.9346933292,0.7389683986280262,0.0005335463011132,0.02,0.005,GREEDY_HV,"['SPC_MBFLIP', 'SBX_MPOLY', 'UC_MPOLY', 'SPC_MPOLY', 'TPC_NONE', 'TPC_MPOLY', 'NONE_MPOLY', 'TPC_NONE', 'TPC_NONE', 'UC_MPOLY', 'SPC_NONE', 'SPC_NONE', 'UC_NONE', 'UC_NONE', 'UC_NONE', 'TPC_NONE', 'UC_NONE', 'TPC_NONE', 'UC_NONE', 'TPC_NONE', 'TPC_NONE', 'TPC_NONE', 'TPC_NONE', 'SPC_NONE', 'SBX_NONE', 'TPC_NONE', 'TPC_NONE', 'TPC_MNUF', 'UC_NONE', 'SBX_MPOLY', 'UC_NONE', 'TPC_MPOLY', 'SBX_NONE', 'TPC_NONE', 'UC_NONE', 'SPC_NONE', 'UC_NONE', 'UC_NONE', 'UC_MPOLY', 'UC_NONE', 'UC_NONE', 'SBX_MPOLY', 'SPC_NONE', 'SPC_NONE', 'SPC_MPOLY']","{'SBX_MPOLY': 3, 'UC_MPOLY': 3, 'SPC_MPOLY': 2, 'TPC_NONE': 12, 'TPC_MPOLY': 2, 'NONE_MPOLY': 1, 'SPC_NONE': 6, 'UC_NONE': 12, 'SBX_NONE': 2, 'TPC_MNUF': 1}"
4,45,TPC,MPOLY,0.67944662453945,0.032788747235269,399776473.6,302800653.64649624,1268471.2,873611.318572831,0.7398528270095073,0.000884428381481,0.01,0.0,GREEDY_HV,"['SPC_MBFLIP', 'SBX_MPOLY', 'UC_MPOLY', 'SPC_MPOLY', 'TPC_NONE', 'TPC_MPOLY', 'NONE_MPOLY', 'TPC_NONE', 'TPC_NONE', 'UC_MPOLY', 'SPC_NONE', 'SPC_NONE', 'UC_NONE', 'UC_NONE', 'UC_NONE', 'TPC_NONE', 'UC_NONE', 'TPC_NONE', 'UC_NONE', 'TPC_NONE', 'TPC_NONE', 'TPC_NONE', 'TPC_NONE', 'SPC_NONE', 'SBX_NONE', 'TPC_NONE', 'TPC_NONE', 'TPC_MNUF', 'UC_NONE', 'SBX_MPOLY', 'UC_NONE', 'TPC_MPOLY', 'SBX_NONE', 'TPC_NONE', 'UC_NONE', 'SPC_NONE', 'UC_NONE', 'UC_NONE', 'UC_MPOLY', 'UC_NONE', 'UC_NONE', 'SBX_MPOLY', 'SPC_NONE', 'SPC_NONE', 'SPC_MPOLY', 'TPC_MPOLY']","{'SBX_MPOLY': 3, 'UC_MPOLY': 3, 'SPC_MPOLY': 2, 'TPC_NONE': 12, 'TPC_MPOLY': 3, 'NONE_MPOLY': 1, 'SPC_NONE': 6, 'UC_NONE': 12, 'SBX_NONE': 2, 'TPC_MNUF': 1}"
4,46,UC,NONE,0.6810923734943212,0.032345041169709,398500861.44,284074886.1529983,1241282.72,793294.8791752796,0.7399682036716834,0.000115376662176,0.01,0.0,GREEDY_HV,"['SPC_MBFLIP', 'SBX_MPOLY', 'UC_MPOLY', 'SPC_MPOLY', 'TPC_NONE', 'TPC_MPOLY', 'NONE_MPOLY', 'TPC_NONE', 'TPC_NONE', 'UC_MPOLY', 'SPC_NONE', 'SPC_NONE', 'UC_NONE', 'UC_NONE', 'UC_NONE', 'TPC_NONE', 'UC_NONE', 'TPC_NONE', 'UC_NONE', 'TPC_NONE', 'TPC_NONE', 'TPC_NONE', 'TPC_NONE', 'SPC_NONE', 'SBX_NONE', 'TPC_NONE', 'TPC_NONE', 'TPC_MNUF', 'UC_NONE', 'SBX_MPOLY', 'UC_NONE', 'TPC_MPOLY', 'SBX_NONE', 'TPC_NONE', 'UC_NONE', 'SPC_NONE', 'UC_NONE', 'UC_NONE', 'UC_MPOLY', 'UC_NONE', 'UC_NONE', 'SBX_MPOLY', 'SPC_NONE', 'SPC_NONE', 'SPC_MPOLY', 'TPC_MPOLY', 'UC_NONE']","{'SBX_MPOLY': 3, 'UC_MPOLY': 3, 'SPC_MPOLY': 2, 'TPC_NONE': 12, 'TPC_MPOLY': 3, 'NONE_MPOLY': 1, 'SPC_NONE': 6, 'UC_NONE': 13, 'SBX_NONE': 2, 'TPC_MNUF': 1}"
4,47,TPC,NONE,0.6807519037627405,0.0330226269120583,405003392.0,304282779.91703224,1230150.56,802281.3654200915,0.7400252072700233,5.700359833993307e-05,0.02,0.0,GREEDY_HV,"['SPC_MBFLIP', 'SBX_MPOLY', 'UC_MPOLY', 'SPC_MPOLY', 'TPC_NONE', 'TPC_MPOLY', 'NONE_MPOLY', 'TPC_NONE', 'TPC_NONE', 'UC_MPOLY', 'SPC_NONE', 'SPC_NONE', 'UC_NONE', 'UC_NONE', 'UC_NONE', 'TPC_NONE', 'UC_NONE', 'TPC_NONE', 'UC_NONE', 'TPC_NONE', 'TPC_NONE', 'TPC_NONE', 'TPC_NONE', 'SPC_NONE', 'SBX_NONE', 'TPC_NONE', 'TPC_NONE', 'TPC_MNUF', 'UC_NONE', 'SBX_MPOLY', 'UC_NONE', 'TPC_MPOLY', 'SBX_NONE', 'TPC_NONE', 'UC_NONE', 'SPC_NONE', 'UC_NONE', 'UC_NONE', 'UC_MPOLY', 'UC_NONE', 'UC_NONE', 'SBX_MPOLY', 'SPC_NONE', 'SPC_NONE', 'SPC_MPOLY', 'TPC_MPOLY', 'UC_NONE', 'TPC_NONE']","{'SBX_MPOLY': 3, 'UC_MPOLY': 3, 'SPC_MPOLY': 2, 'TPC_NONE': 13, 'TPC_MPOLY': 3, 'NONE_MPOLY': 1, 'SPC_NONE': 6, 'UC_NONE': 13, 'SBX_NONE': 2, 'TPC_MNUF': 1}"
4,48,SPC,NONE,0.6810373224776636,0.0329738038984337,396453160.96,285431592.66473246,1217536.16,757042.490156302,0.740118634710381,9.342744035767404e-05,0.01,0.0,GREEDY_HV,"['SPC_MBFLIP', 'SBX_MPOLY', 'UC_MPOLY', 'SPC_MPOLY', 'TPC_NONE', 'TPC_MPOLY', 'NONE_MPOLY', 'TPC_NONE', 'TPC_NONE', 'UC_MPOLY', 'SPC_NONE', 'SPC_NONE', 'UC_NONE', 'UC_NONE', 'UC_NONE', 'TPC_NONE', 'UC_NONE', 'TPC_NONE', 'UC_NONE', 'TPC_NONE', 'TPC_NONE', 'TPC_NONE', 'TPC_NONE', 'SPC_NONE', 'SBX_NONE', 'TPC_NONE', 'TPC_NONE', 'TPC_MNUF', 'UC_NONE', 'SBX_MPOLY', 'UC_NONE', 'TPC_MPOLY', 'SBX_NONE', 'TPC_NONE', 'UC_NONE', 'SPC_NONE', 'UC_NONE', 'UC_NONE', 'UC_MPOLY', 'UC_NONE', 'UC_NONE', 'SBX_MPOLY', 'SPC_NONE', 'SPC_NONE', 'SPC_MPOLY', 'TPC_MPOLY', 'UC_NONE', 'TPC_NONE', 'SPC_NONE']","{'SBX_MPOLY': 3, 'UC_MPOLY': 3, 'SPC_MPOLY': 2, 'TPC_NONE': 13, 'TPC_MPOLY': 3, 'NONE_MPOLY': 1, 'SPC_NONE': 7, 'UC_NONE': 13, 'SBX_NONE': 2, 'TPC_MNUF': 1}"
4,49,SPC,NONE,0.6860632594480122,0.0277328594968126,437755567.36,297882518.25974536,1271687.84,734056.905977169,0.7404959906813812,0.0003773559710001,0.01,0.0,GREEDY_HV,"['SPC_MBFLIP', 'SBX_MPOLY', 'UC_MPOLY', 'SPC_MPOLY', 'TPC_NONE', 'TPC_MPOLY', 'NONE_MPOLY', 'TPC_NONE', 'TPC_NONE', 'UC_MPOLY', 'SPC_NONE', 'SPC_NONE', 'UC_NONE', 'UC_NONE', 'UC_NONE', 'TPC_NONE', 'UC_NONE', 'TPC_NONE', 'UC_NONE', 'TPC_NONE', 'TPC_NONE', 'TPC_NONE', 'TPC_NONE', 'SPC_NONE', 'SBX_NONE', 'TPC_NONE', 'TPC_NONE', 'TPC_MNUF', 'UC_NONE', 'SBX_MPOLY', 'UC_NONE', 'TPC_MPOLY', 'SBX_NONE', 'TPC_NONE', 'UC_NONE', 'SPC_NONE', 'UC_NONE', 'UC_NONE', 'UC_MPOLY', 'UC_NONE', 'UC_NONE', 'SBX_MPOLY', 'SPC_NONE', 'SPC_NONE', 'SPC_MPOLY', 'TPC_MPOLY', 'UC_NONE', 'TPC_NONE', 'SPC_NONE', 'SPC_NONE']","{'SBX_MPOLY': 3, 'UC_MPOLY': 3, 'SPC_MPOLY': 2, 'TPC_NONE': 13, 'TPC_MPOLY': 3, 'NONE_MPOLY': 1, 'SPC_NONE': 8, 'UC_NONE': 13, 'SBX_NONE': 2, 'TPC_MNUF': 1}"
4,50,UC,NONE,0.6849005523618712,0.0301083150707912,425531215.36,290384374.1230568,1270675.36,734164.1760209705,0.7405390240560126,4.303337463140711e-05,0.01,0.0,GREEDY_HV,"['SPC_MBFLIP', 'SBX_MPOLY', 'UC_MPOLY', 'SPC_MPOLY', 'TPC_NONE', 'TPC_MPOLY', 'NONE_MPOLY', 'TPC_NONE', 'TPC_NONE', 'UC_MPOLY', 'SPC_NONE', 'SPC_NONE', 'UC_NONE', 'UC_NONE', 'UC_NONE', 'TPC_NONE', 'UC_NONE', 'TPC_NONE', 'UC_NONE', 'TPC_NONE', 'TPC_NONE', 'TPC_NONE', 'TPC_NONE', 'SPC_NONE', 'SBX_NONE', 'TPC_NONE', 'TPC_NONE', 'TPC_MNUF', 'UC_NONE', 'SBX_MPOLY', 'UC_NONE', 'TPC_MPOLY', 'SBX_NONE', 'TPC_NONE', 'UC_NONE', 'SPC_NONE', 'UC_NONE', 'UC_NONE', 'UC_MPOLY', 'UC_NONE', 'UC_NONE', 'SBX_MPOLY', 'SPC_NONE', 'SPC_NONE', 'SPC_MPOLY', 'TPC_MPOLY', 'UC_NONE', 'TPC_NONE', 'SPC_NONE', 'SPC_NONE', 'UC_NONE']","{'SBX_MPOLY': 3, 'UC_MPOLY': 3, 'SPC_MPOLY': 2, 'TPC_NONE': 13, 'TPC_MPOLY': 3, 'NONE_MPOLY': 1, 'SPC_NONE': 8, 'UC_NONE': 14, 'SBX_NONE': 2, 'TPC_MNUF': 1}"
4,51,SBX,NONE,0.6852445709024017,0.029889904368872,427989217.28,297288568.4691888,1280002.72,740383.6064335038,0.7405722401819738,3.32161259611885e-05,0.0,0.0,GREEDY_HV,"['SPC_MBFLIP', 'SBX_MPOLY', 'UC_MPOLY', 'SPC_MPOLY', 'TPC_NONE', 'TPC_MPOLY', 'NONE_MPOLY', 'TPC_NONE', 'TPC_NONE', 'UC_MPOLY', 'SPC_NONE', 'SPC_NONE', 'UC_NONE', 'UC_NONE', 'UC_NONE', 'TPC_NONE', 'UC_NONE', 'TPC_NONE', 'UC_NONE', 'TPC_NONE', 'TPC_NONE', 'TPC_NONE', 'TPC_NONE', 'SPC_NONE', 'SBX_NONE', 'TPC_NONE', 'TPC_NONE', 'TPC_MNUF', 'UC_NONE', 'SBX_MPOLY', 'UC_NONE', 'TPC_MPOLY', 'SBX_NONE', 'TPC_NONE', 'UC_NONE', 'SPC_NONE', 'UC_NONE', 'UC_NONE', 'UC_MPOLY', 'UC_NONE', 'UC_NONE', 'SBX_MPOLY', 'SPC_NONE', 'SPC_NONE', 'SPC_MPOLY', 'TPC_MPOLY', 'UC_NONE', 'TPC_NONE', 'SPC_NONE', 'SPC_NONE', 'UC_NONE', 'SBX_NONE']","{'SBX_MPOLY': 3, 'UC_MPOLY': 3, 'SPC_MPOLY': 2, 'TPC_NONE': 13, 'TPC_MPOLY': 3, 'NONE_MPOLY': 1, 'SPC_NONE': 8, 'UC_NONE': 14, 'SBX_NONE': 3, 'TPC_MNUF': 1}"
4,52,SPC,NONE,0.6845145471522538,0.0307172943732915,430506334.72,296553087.1418617,1276327.84,747584.3328930687,0.7406166783644692,4.443818249544318e-05,0.0,0.0,GREEDY_HV,"['SPC_MBFLIP', 'SBX_MPOLY', 'UC_MPOLY', 'SPC_MPOLY', 'TPC_NONE', 'TPC_MPOLY', 'NONE_MPOLY', 'TPC_NONE', 'TPC_NONE', 'UC_MPOLY', 'SPC_NONE', 'SPC_NONE', 'UC_NONE', 'UC_NONE', 'UC_NONE', 'TPC_NONE', 'UC_NONE', 'TPC_NONE', 'UC_NONE', 'TPC_NONE', 'TPC_NONE', 'TPC_NONE', 'TPC_NONE', 'SPC_NONE', 'SBX_NONE', 'TPC_NONE', 'TPC_NONE', 'TPC_MNUF', 'UC_NONE', 'SBX_MPOLY', 'UC_NONE', 'TPC_MPOLY', 'SBX_NONE', 'TPC_NONE', 'UC_NONE', 'SPC_NONE', 'UC_NONE', 'UC_NONE', 'UC_MPOLY', 'UC_NONE', 'UC_NONE', 'SBX_MPOLY', 'SPC_NONE', 'SPC_NONE', 'SPC_MPOLY', 'TPC_MPOLY', 'UC_NONE', 'TPC_NONE', 'SPC_NONE', 'SPC_NONE', 'UC_NONE', 'SBX_NONE', 'SPC_NONE']","{'SBX_MPOLY': 3, 'UC_MPOLY': 3, 'SPC_MPOLY': 2, 'TPC_NONE': 13, 'TPC_MPOLY': 3, 'NONE_MPOLY': 1, 'SPC_NONE': 9, 'UC_NONE': 14, 'SBX_NONE': 3, 'TPC_MNUF': 1}"
4,53,TPC,NONE,0.6847038462173376,0.0308951688628151,429631109.12,302437800.8737054,1245784.48,709497.5662781723,0.7406162289542967,-4.4941017252053683e-07,0.02,0.0,GREEDY_HV,"['SPC_MBFLIP', 'SBX_MPOLY', 'UC_MPOLY', 'SPC_MPOLY', 'TPC_NONE', 'TPC_MPOLY', 'NONE_MPOLY', 'TPC_NONE', 'TPC_NONE', 'UC_MPOLY', 'SPC_NONE', 'SPC_NONE', 'UC_NONE', 'UC_NONE', 'UC_NONE', 'TPC_NONE', 'UC_NONE', 'TPC_NONE', 'UC_NONE', 'TPC_NONE', 'TPC_NONE', 'TPC_NONE', 'TPC_NONE', 'SPC_NONE', 'SBX_NONE', 'TPC_NONE', 'TPC_NONE', 'TPC_MNUF', 'UC_NONE', 'SBX_MPOLY', 'UC_NONE', 'TPC_MPOLY', 'SBX_NONE', 'TPC_NONE', 'UC_NONE', 'SPC_NONE', 'UC_NONE', 'UC_NONE', 'UC_MPOLY', 'UC_NONE', 'UC_NONE', 'SBX_MPOLY', 'SPC_NONE', 'SPC_NONE', 'SPC_MPOLY', 'TPC_MPOLY', 'UC_NONE', 'TPC_NONE', 'SPC_NONE', 'SPC_NONE', 'UC_NONE', 'SBX_NONE', 'SPC_NONE', 'TPC_NONE']","{'SBX_MPOLY': 3, 'UC_MPOLY': 3, 'SPC_MPOLY': 2, 'TPC_NONE': 14, 'TPC_MPOLY': 3, 'NONE_MPOLY': 1, 'SPC_NONE': 9, 'UC_NONE': 14, 'SBX_NONE': 3, 'TPC_MNUF': 1}"
4,54,TPC,NONE,0.6847952339440895,0.0321372457002171,440098408.96,307996875.30539346,1276844.96,731521.8820914371,0.7406446080475892,2.837909329256316e-05,0.0,0.0,GREEDY_HV,"['SPC_MBFLIP', 'SBX_MPOLY', 'UC_MPOLY', 'SPC_MPOLY', 'TPC_NONE', 'TPC_MPOLY', 'NONE_MPOLY', 'TPC_NONE', 'TPC_NONE', 'UC_MPOLY', 'SPC_NONE', 'SPC_NONE', 'UC_NONE', 'UC_NONE', 'UC_NONE', 'TPC_NONE', 'UC_NONE', 'TPC_NONE', 'UC_NONE', 'TPC_NONE', 'TPC_NONE', 'TPC_NONE', 'TPC_NONE', 'SPC_NONE', 'SBX_NONE', 'TPC_NONE', 'TPC_NONE', 'TPC_MNUF', 'UC_NONE', 'SBX_MPOLY', 'UC_NONE', 'TPC_MPOLY', 'SBX_NONE', 'TPC_NONE', 'UC_NONE', 'SPC_NONE', 'UC_NONE', 'UC_NONE', 'UC_MPOLY', 'UC_NONE', 'UC_NONE', 'SBX_MPOLY', 'SPC_NONE', 'SPC_NONE', 'SPC_MPOLY', 'TPC_MPOLY', 'UC_NONE', 'TPC_NONE', 'SPC_NONE', 'SPC_NONE', 'UC_NONE', 'SBX_NONE', 'SPC_NONE', 'TPC_NONE', 'TPC_NONE']","{'SBX_MPOLY': 3, 'UC_MPOLY': 3, 'SPC_MPOLY': 2, 'TPC_NONE': 15, 'TPC_MPOLY': 3, 'NONE_MPOLY': 1, 'SPC_NONE': 9, 'UC_NONE': 14, 'SBX_NONE': 3, 'TPC_MNUF': 1}"
4,55,SPC,NONE,0.6860027359338717,0.0311425712679209,434315033.6,302984505.59893614,1270530.72,665638.2715446291,0.7406546193589563,1.0011311367019717e-05,0.02,0.0,GREEDY_HV,"['SPC_MBFLIP', 'SBX_MPOLY', 'UC_MPOLY', 'SPC_MPOLY', 'TPC_NONE', 'TPC_MPOLY', 'NONE_MPOLY', 'TPC_NONE', 'TPC_NONE', 'UC_MPOLY', 'SPC_NONE', 'SPC_NONE', 'UC_NONE', 'UC_NONE', 'UC_NONE', 'TPC_NONE', 'UC_NONE', 'TPC_NONE', 'UC_NONE', 'TPC_NONE', 'TPC_NONE', 'TPC_NONE', 'TPC_NONE', 'SPC_NONE', 'SBX_NONE', 'TPC_NONE', 'TPC_NONE', 'TPC_MNUF', 'UC_NONE', 'SBX_MPOLY', 'UC_NONE', 'TPC_MPOLY', 'SBX_NONE', 'TPC_NONE', 'UC_NONE', 'SPC_NONE', 'UC_NONE', 'UC_NONE', 'UC_MPOLY', 'UC_NONE', 'UC_NONE', 'SBX_MPOLY', 'SPC_NONE', 'SPC_NONE', 'SPC_MPOLY', 'TPC_MPOLY', 'UC_NONE', 'TPC_NONE', 'SPC_NONE', 'SPC_NONE', 'UC_NONE', 'SBX_NONE', 'SPC_NONE', 'TPC_NONE', 'TPC_NONE', 'SPC_NONE']","{'SBX_MPOLY': 3, 'UC_MPOLY': 3, 'SPC_MPOLY': 2, 'TPC_NONE': 15, 'TPC_MPOLY': 3, 'NONE_MPOLY': 1, 'SPC_NONE': 10, 'UC_NONE': 14, 'SBX_NONE': 3, 'TPC_MNUF': 1}"
4,56,SPC,NONE,0.6840249866099832,0.0317706276041371,431267944.96,308210203.1526529,1210817.44,670146.1975122788,0.7406554295266338,8.101676775007505e-07,0.0,0.0,GREEDY_HV,"['SPC_MBFLIP', 'SBX_MPOLY', 'UC_MPOLY', 'SPC_MPOLY', 'TPC_NONE', 'TPC_MPOLY', 'NONE_MPOLY', 'TPC_NONE', 'TPC_NONE', 'UC_MPOLY', 'SPC_NONE', 'SPC_NONE', 'UC_NONE', 'UC_NONE', 'UC_NONE', 'TPC_NONE', 'UC_NONE', 'TPC_NONE', 'UC_NONE', 'TPC_NONE', 'TPC_NONE', 'TPC_NONE', 'TPC_NONE', 'SPC_NONE', 'SBX_NONE', 'TPC_NONE', 'TPC_NONE', 'TPC_MNUF', 'UC_NONE', 'SBX_MPOLY', 'UC_NONE', 'TPC_MPOLY', 'SBX_NONE', 'TPC_NONE', 'UC_NONE', 'SPC_NONE', 'UC_NONE', 'UC_NONE', 'UC_MPOLY', 'UC_NONE', 'UC_NONE', 'SBX_MPOLY', 'SPC_NONE', 'SPC_NONE', 'SPC_MPOLY', 'TPC_MPOLY', 'UC_NONE', 'TPC_NONE', 'SPC_NONE', 'SPC_NONE', 'UC_NONE', 'SBX_NONE', 'SPC_NONE', 'TPC_NONE', 'TPC_NONE', 'SPC_NONE', 'SPC_NONE']","{'SBX_MPOLY': 3, 'UC_MPOLY': 3, 'SPC_MPOLY': 2, 'TPC_NONE': 15, 'TPC_MPOLY': 3, 'NONE_MPOLY': 1, 'SPC_NONE': 11, 'UC_NONE': 14, 'SBX_NONE': 3, 'TPC_MNUF': 1}"
4,57,UC,NONE,0.6848132872133806,0.0320342582736291,436543334.4,307873024.973091,1219835.04,668978.4040111597,0.7407043586556271,4.892912899334689e-05,0.0,0.0,GREEDY_HV,"['SPC_MBFLIP', 'SBX_MPOLY', 'UC_MPOLY', 'SPC_MPOLY', 'TPC_NONE', 'TPC_MPOLY', 'NONE_MPOLY', 'TPC_NONE', 'TPC_NONE', 'UC_MPOLY', 'SPC_NONE', 'SPC_NONE', 'UC_NONE', 'UC_NONE', 'UC_NONE', 'TPC_NONE', 'UC_NONE', 'TPC_NONE', 'UC_NONE', 'TPC_NONE', 'TPC_NONE', 'TPC_NONE', 'TPC_NONE', 'SPC_NONE', 'SBX_NONE', 'TPC_NONE', 'TPC_NONE', 'TPC_MNUF', 'UC_NONE', 'SBX_MPOLY', 'UC_NONE', 'TPC_MPOLY', 'SBX_NONE', 'TPC_NONE', 'UC_NONE', 'SPC_NONE', 'UC_NONE', 'UC_NONE', 'UC_MPOLY', 'UC_NONE', 'UC_NONE', 'SBX_MPOLY', 'SPC_NONE', 'SPC_NONE', 'SPC_MPOLY', 'TPC_MPOLY', 'UC_NONE', 'TPC_NONE', 'SPC_NONE', 'SPC_NONE', 'UC_NONE', 'SBX_NONE', 'SPC_NONE', 'TPC_NONE', 'TPC_NONE', 'SPC_NONE', 'SPC_NONE', 'UC_NONE']","{'SBX_MPOLY': 3, 'UC_MPOLY': 3, 'SPC_MPOLY': 2, 'TPC_NONE': 15, 'TPC_MPOLY': 3, 'NONE_MPOLY': 1, 'SPC_NONE': 11, 'UC_NONE': 15, 'SBX_NONE': 3, 'TPC_MNUF': 1}"
4,58,TPC,NONE,0.6847864139947961,0.0321838243729457,431161280.0,301123954.69073373,1221468.32,673313.524779339,0.7407266672447593,2.2308589132213896e-05,0.0,0.0,GREEDY_HV,"['SPC_MBFLIP', 'SBX_MPOLY', 'UC_MPOLY', 'SPC_MPOLY', 'TPC_NONE', 'TPC_MPOLY', 'NONE_MPOLY', 'TPC_NONE', 'TPC_NONE', 'UC_MPOLY', 'SPC_NONE', 'SPC_NONE', 'UC_NONE', 'UC_NONE', 'UC_NONE', 'TPC_NONE', 'UC_NONE', 'TPC_NONE', 'UC_NONE', 'TPC_NONE', 'TPC_NONE', 'TPC_NONE', 'TPC_NONE', 'SPC_NONE', 'SBX_NONE', 'TPC_NONE', 'TPC_NONE', 'TPC_MNUF', 'UC_NONE', 'SBX_MPOLY', 'UC_NONE', 'TPC_MPOLY', 'SBX_NONE', 'TPC_NONE', 'UC_NONE', 'SPC_NONE', 'UC_NONE', 'UC_NONE', 'UC_MPOLY', 'UC_NONE', 'UC_NONE', 'SBX_MPOLY', 'SPC_NONE', 'SPC_NONE', 'SPC_MPOLY', 'TPC_MPOLY', 'UC_NONE', 'TPC_NONE', 'SPC_NONE', 'SPC_NONE', 'UC_NONE', 'SBX_NONE', 'SPC_NONE', 'TPC_NONE', 'TPC_NONE', 'SPC_NONE', 'SPC_NONE', 'UC_NONE', 'TPC_NONE']","{'SBX_MPOLY': 3, 'UC_MPOLY': 3, 'SPC_MPOLY': 2, 'TPC_NONE': 16, 'TPC_MPOLY': 3, 'NONE_MPOLY': 1, 'SPC_NONE': 11, 'UC_NONE': 15, 'SBX_NONE': 3, 'TPC_MNUF': 1}"
4,59,UC,NONE,0.6837020783998797,0.0315884409549316,394077281.28,272595430.3744174,1196249.76,666142.0675593626,0.7407451374123082,1.847016754885633e-05,0.0,0.0,GREEDY_HV,"['SPC_MBFLIP', 'SBX_MPOLY', 'UC_MPOLY', 'SPC_MPOLY', 'TPC_NONE', 'TPC_MPOLY', 'NONE_MPOLY', 'TPC_NONE', 'TPC_NONE', 'UC_MPOLY', 'SPC_NONE', 'SPC_NONE', 'UC_NONE', 'UC_NONE', 'UC_NONE', 'TPC_NONE', 'UC_NONE', 'TPC_NONE', 'UC_NONE', 'TPC_NONE', 'TPC_NONE', 'TPC_NONE', 'TPC_NONE', 'SPC_NONE', 'SBX_NONE', 'TPC_NONE', 'TPC_NONE', 'TPC_MNUF', 'UC_NONE', 'SBX_MPOLY', 'UC_NONE', 'TPC_MPOLY', 'SBX_NONE', 'TPC_NONE', 'UC_NONE', 'SPC_NONE', 'UC_NONE', 'UC_NONE', 'UC_MPOLY', 'UC_NONE', 'UC_NONE', 'SBX_MPOLY', 'SPC_NONE', 'SPC_NONE', 'SPC_MPOLY', 'TPC_MPOLY', 'UC_NONE', 'TPC_NONE', 'SPC_NONE', 'SPC_NONE', 'UC_NONE', 'SBX_NONE', 'SPC_NONE', 'TPC_NONE', 'TPC_NONE', 'SPC_NONE', 'SPC_NONE', 'UC_NONE', 'TPC_NONE', 'UC_NONE']","{'SBX_MPOLY': 3, 'UC_MPOLY': 3, 'SPC_MPOLY': 2, 'TPC_NONE': 16, 'TPC_MPOLY': 3, 'NONE_MPOLY': 1, 'SPC_NONE': 11, 'UC_NONE': 16, 'SBX_NONE': 3, 'TPC_MNUF': 1}"
4,60,TPC,NONE,0.6842112428365992,0.0316878770655528,410377208.32,286479186.377358,1178867.36,659872.9292653174,0.7407526577001221,7.520287813922444e-06,0.0,0.0,GREEDY_HV,"['SPC_MBFLIP', 'SBX_MPOLY', 'UC_MPOLY', 'SPC_MPOLY', 'TPC_NONE', 'TPC_MPOLY', 'NONE_MPOLY', 'TPC_NONE', 'TPC_NONE', 'UC_MPOLY', 'SPC_NONE', 'SPC_NONE', 'UC_NONE', 'UC_NONE', 'UC_NONE', 'TPC_NONE', 'UC_NONE', 'TPC_NONE', 'UC_NONE', 'TPC_NONE', 'TPC_NONE', 'TPC_NONE', 'TPC_NONE', 'SPC_NONE', 'SBX_NONE', 'TPC_NONE', 'TPC_NONE', 'TPC_MNUF', 'UC_NONE', 'SBX_MPOLY', 'UC_NONE', 'TPC_MPOLY', 'SBX_NONE', 'TPC_NONE', 'UC_NONE', 'SPC_NONE', 'UC_NONE', 'UC_NONE', 'UC_MPOLY', 'UC_NONE', 'UC_NONE', 'SBX_MPOLY', 'SPC_NONE', 'SPC_NONE', 'SPC_MPOLY', 'TPC_MPOLY', 'UC_NONE', 'TPC_NONE', 'SPC_NONE', 'SPC_NONE', 'UC_NONE', 'SBX_NONE', 'SPC_NONE', 'TPC_NONE', 'TPC_NONE', 'SPC_NONE', 'SPC_NONE', 'UC_NONE', 'TPC_NONE', 'UC_NONE', 'TPC_NONE']","{'SBX_MPOLY': 3, 'UC_MPOLY': 3, 'SPC_MPOLY': 2, 'TPC_NONE': 17, 'TPC_MPOLY': 3, 'NONE_MPOLY': 1, 'SPC_NONE': 11, 'UC_NONE': 16, 'SBX_NONE': 3, 'TPC_MNUF': 1}"
4,61,UC,NONE,0.6863359148777914,0.031547144860783,428390568.96,278433784.293751,1236121.76,666181.9126859138,0.7407529357366601,2.7803653801505845e-07,0.01,0.0,GREEDY_HV,"['SPC_MBFLIP', 'SBX_MPOLY', 'UC_MPOLY', 'SPC_MPOLY', 'TPC_NONE', 'TPC_MPOLY', 'NONE_MPOLY', 'TPC_NONE', 'TPC_NONE', 'UC_MPOLY', 'SPC_NONE', 'SPC_NONE', 'UC_NONE', 'UC_NONE', 'UC_NONE', 'TPC_NONE', 'UC_NONE', 'TPC_NONE', 'UC_NONE', 'TPC_NONE', 'TPC_NONE', 'TPC_NONE', 'TPC_NONE', 'SPC_NONE', 'SBX_NONE', 'TPC_NONE', 'TPC_NONE', 'TPC_MNUF', 'UC_NONE', 'SBX_MPOLY', 'UC_NONE', 'TPC_MPOLY', 'SBX_NONE', 'TPC_NONE', 'UC_NONE', 'SPC_NONE', 'UC_NONE', 'UC_NONE', 'UC_MPOLY', 'UC_NONE', 'UC_NONE', 'SBX_MPOLY', 'SPC_NONE', 'SPC_NONE', 'SPC_MPOLY', 'TPC_MPOLY', 'UC_NONE', 'TPC_NONE', 'SPC_NONE', 'SPC_NONE', 'UC_NONE', 'SBX_NONE', 'SPC_NONE', 'TPC_NONE', 'TPC_NONE', 'SPC_NONE', 'SPC_NONE', 'UC_NONE', 'TPC_NONE', 'UC_NONE', 'TPC_NONE', 'UC_NONE']","{'SBX_MPOLY': 3, 'UC_MPOLY': 3, 'SPC_MPOLY': 2, 'TPC_NONE': 17, 'TPC_MPOLY': 3, 'NONE_MPOLY': 1, 'SPC_NONE': 11, 'UC_NONE': 17, 'SBX_NONE': 3, 'TPC_MNUF': 1}"
4,62,SPC,NONE,0.685855963139908,0.0321389396447664,439247541.76,296710336.3442893,1238373.28,667590.3497797146,0.7407439466348085,-8.989101851653025e-06,0.0,0.0,GREEDY_HV,"['SPC_MBFLIP', 'SBX_MPOLY', 'UC_MPOLY', 'SPC_MPOLY', 'TPC_NONE', 'TPC_MPOLY', 'NONE_MPOLY', 'TPC_NONE', 'TPC_NONE', 'UC_MPOLY', 'SPC_NONE', 'SPC_NONE', 'UC_NONE', 'UC_NONE', 'UC_NONE', 'TPC_NONE', 'UC_NONE', 'TPC_NONE', 'UC_NONE', 'TPC_NONE', 'TPC_NONE', 'TPC_NONE', 'TPC_NONE', 'SPC_NONE', 'SBX_NONE', 'TPC_NONE', 'TPC_NONE', 'TPC_MNUF', 'UC_NONE', 'SBX_MPOLY', 'UC_NONE', 'TPC_MPOLY', 'SBX_NONE', 'TPC_NONE', 'UC_NONE', 'SPC_NONE', 'UC_NONE', 'UC_NONE', 'UC_MPOLY', 'UC_NONE', 'UC_NONE', 'SBX_MPOLY', 'SPC_NONE', 'SPC_NONE', 'SPC_MPOLY', 'TPC_MPOLY', 'UC_NONE', 'TPC_NONE', 'SPC_NONE', 'SPC_NONE', 'UC_NONE', 'SBX_NONE', 'SPC_NONE', 'TPC_NONE', 'TPC_NONE', 'SPC_NONE', 'SPC_NONE', 'UC_NONE', 'TPC_NONE', 'UC_NONE', 'TPC_NONE', 'UC_NONE', 'SPC_NONE']","{'SBX_MPOLY': 3, 'UC_MPOLY': 3, 'SPC_MPOLY': 2, 'TPC_NONE': 17, 'TPC_MPOLY': 3, 'NONE_MPOLY': 1, 'SPC_NONE': 12, 'UC_NONE': 17, 'SBX_NONE': 3, 'TPC_MNUF': 1}"
4,63,TPC,NONE,0.685087219583686,0.0319274984486528,432687349.76,292957694.3237759,1215132.32,686902.151650188,0.7407427015509824,-1.245083826040272e-06,0.0,0.0,GREEDY_HV,"['SPC_MBFLIP', 'SBX_MPOLY', 'UC_MPOLY', 'SPC_MPOLY', 'TPC_NONE', 'TPC_MPOLY', 'NONE_MPOLY', 'TPC_NONE', 'TPC_NONE', 'UC_MPOLY', 'SPC_NONE', 'SPC_NONE', 'UC_NONE', 'UC_NONE', 'UC_NONE', 'TPC_NONE', 'UC_NONE', 'TPC_NONE', 'UC_NONE', 'TPC_NONE', 'TPC_NONE', 'TPC_NONE', 'TPC_NONE', 'SPC_NONE', 'SBX_NONE', 'TPC_NONE', 'TPC_NONE', 'TPC_MNUF', 'UC_NONE', 'SBX_MPOLY', 'UC_NONE', 'TPC_MPOLY', 'SBX_NONE', 'TPC_NONE', 'UC_NONE', 'SPC_NONE', 'UC_NONE', 'UC_NONE', 'UC_MPOLY', 'UC_NONE', 'UC_NONE', 'SBX_MPOLY', 'SPC_NONE', 'SPC_NONE', 'SPC_MPOLY', 'TPC_MPOLY', 'UC_NONE', 'TPC_NONE', 'SPC_NONE', 'SPC_NONE', 'UC_NONE', 'SBX_NONE', 'SPC_NONE', 'TPC_NONE', 'TPC_NONE', 'SPC_NONE', 'SPC_NONE', 'UC_NONE', 'TPC_NONE', 'UC_NONE', 'TPC_NONE', 'UC_NONE', 'SPC_NONE', 'TPC_NONE']","{'SBX_MPOLY': 3, 'UC_MPOLY': 3, 'SPC_MPOLY': 2, 'TPC_NONE': 18, 'TPC_MPOLY': 3, 'NONE_MPOLY': 1, 'SPC_NONE': 12, 'UC_NONE': 17, 'SBX_NONE': 3, 'TPC_MNUF': 1}"
4,64,UC,NONE,0.6850720553837475,0.0320665679935882,430145464.32,294205707.8132384,1257336.48,711222.2751862104,0.7407403303877353,-2.3711632470835298e-06,0.0,0.0,GREEDY_HV,"['SPC_MBFLIP', 'SBX_MPOLY', 'UC_MPOLY', 'SPC_MPOLY', 'TPC_NONE', 'TPC_MPOLY', 'NONE_MPOLY', 'TPC_NONE', 'TPC_NONE', 'UC_MPOLY', 'SPC_NONE', 'SPC_NONE', 'UC_NONE', 'UC_NONE', 'UC_NONE', 'TPC_NONE', 'UC_NONE', 'TPC_NONE', 'UC_NONE', 'TPC_NONE', 'TPC_NONE', 'TPC_NONE', 'TPC_NONE', 'SPC_NONE', 'SBX_NONE', 'TPC_NONE', 'TPC_NONE', 'TPC_MNUF', 'UC_NONE', 'SBX_MPOLY', 'UC_NONE', 'TPC_MPOLY', 'SBX_NONE', 'TPC_NONE', 'UC_NONE', 'SPC_NONE', 'UC_NONE', 'UC_NONE', 'UC_MPOLY', 'UC_NONE', 'UC_NONE', 'SBX_MPOLY', 'SPC_NONE', 'SPC_NONE', 'SPC_MPOLY', 'TPC_MPOLY', 'UC_NONE', 'TPC_NONE', 'SPC_NONE', 'SPC_NONE', 'UC_NONE', 'SBX_NONE', 'SPC_NONE', 'TPC_NONE', 'TPC_NONE', 'SPC_NONE', 'SPC_NONE', 'UC_NONE', 'TPC_NONE', 'UC_NONE', 'TPC_NONE', 'UC_NONE', 'SPC_NONE', 'TPC_NONE', 'UC_NONE']","{'SBX_MPOLY': 3, 'UC_MPOLY': 3, 'SPC_MPOLY': 2, 'TPC_NONE': 18, 'TPC_MPOLY': 3, 'NONE_MPOLY': 1, 'SPC_NONE': 12, 'UC_NONE': 18, 'SBX_NONE': 3, 'TPC_MNUF': 1}"
4,65,UC,NONE,0.6846825692737339,0.0317492560919101,420674644.48,294893137.8481681,1239933.6,706610.9675530376,0.7407556579516055,1.532756387012668e-05,0.0,0.0,GREEDY_HV,"['SPC_MBFLIP', 'SBX_MPOLY', 'UC_MPOLY', 'SPC_MPOLY', 'TPC_NONE', 'TPC_MPOLY', 'NONE_MPOLY', 'TPC_NONE', 'TPC_NONE', 'UC_MPOLY', 'SPC_NONE', 'SPC_NONE', 'UC_NONE', 'UC_NONE', 'UC_NONE', 'TPC_NONE', 'UC_NONE', 'TPC_NONE', 'UC_NONE', 'TPC_NONE', 'TPC_NONE', 'TPC_NONE', 'TPC_NONE', 'SPC_NONE', 'SBX_NONE', 'TPC_NONE', 'TPC_NONE', 'TPC_MNUF', 'UC_NONE', 'SBX_MPOLY', 'UC_NONE', 'TPC_MPOLY', 'SBX_NONE', 'TPC_NONE', 'UC_NONE', 'SPC_NONE', 'UC_NONE', 'UC_NONE', 'UC_MPOLY', 'UC_NONE', 'UC_NONE', 'SBX_MPOLY', 'SPC_NONE', 'SPC_NONE', 'SPC_MPOLY', 'TPC_MPOLY', 'UC_NONE', 'TPC_NONE', 'SPC_NONE', 'SPC_NONE', 'UC_NONE', 'SBX_NONE', 'SPC_NONE', 'TPC_NONE', 'TPC_NONE', 'SPC_NONE', 'SPC_NONE', 'UC_NONE', 'TPC_NONE', 'UC_NONE', 'TPC_NONE', 'UC_NONE', 'SPC_NONE', 'TPC_NONE', 'UC_NONE', 'UC_NONE']","{'SBX_MPOLY': 3, 'UC_MPOLY': 3, 'SPC_MPOLY': 2, 'TPC_NONE': 18, 'TPC_MPOLY': 3, 'NONE_MPOLY': 1, 'SPC_NONE': 12, 'UC_NONE': 19, 'SBX_NONE': 3, 'TPC_MNUF': 1}"
4,66,UC,NONE,0.683770039838043,0.0321301774584737,417782103.04,298124469.4206251,1236782.24,713951.4335330817,0.7407366903273094,-1.8967624296095664e-05,0.0,0.0,GREEDY_HV,"['SPC_MBFLIP', 'SBX_MPOLY', 'UC_MPOLY', 'SPC_MPOLY', 'TPC_NONE', 'TPC_MPOLY', 'NONE_MPOLY', 'TPC_NONE', 'TPC_NONE', 'UC_MPOLY', 'SPC_NONE', 'SPC_NONE', 'UC_NONE', 'UC_NONE', 'UC_NONE', 'TPC_NONE', 'UC_NONE', 'TPC_NONE', 'UC_NONE', 'TPC_NONE', 'TPC_NONE', 'TPC_NONE', 'TPC_NONE', 'SPC_NONE', 'SBX_NONE', 'TPC_NONE', 'TPC_NONE', 'TPC_MNUF', 'UC_NONE', 'SBX_MPOLY', 'UC_NONE', 'TPC_MPOLY', 'SBX_NONE', 'TPC_NONE', 'UC_NONE', 'SPC_NONE', 'UC_NONE', 'UC_NONE', 'UC_MPOLY', 'UC_NONE', 'UC_NONE', 'SBX_MPOLY', 'SPC_NONE', 'SPC_NONE', 'SPC_MPOLY', 'TPC_MPOLY', 'UC_NONE', 'TPC_NONE', 'SPC_NONE', 'SPC_NONE', 'UC_NONE', 'SBX_NONE', 'SPC_NONE', 'TPC_NONE', 'TPC_NONE', 'SPC_NONE', 'SPC_NONE', 'UC_NONE', 'TPC_NONE', 'UC_NONE', 'TPC_NONE', 'UC_NONE', 'SPC_NONE', 'TPC_NONE', 'UC_NONE', 'UC_NONE', 'UC_NONE']","{'SBX_MPOLY': 3, 'UC_MPOLY': 3, 'SPC_MPOLY': 2, 'TPC_NONE': 18, 'TPC_MPOLY': 3, 'NONE_MPOLY': 1, 'SPC_NONE': 12, 'UC_NONE': 20, 'SBX_NONE': 3, 'TPC_MNUF': 1}"
4,67,SPC,NONE,0.6834644172569223,0.0321303448805024,412841912.32,296541814.9420281,1220635.04,710948.8759622865,0.7407535397567184,1.684942940904932e-05,0.0,0.0,GREEDY_HV,"['SPC_MBFLIP', 'SBX_MPOLY', 'UC_MPOLY', 'SPC_MPOLY', 'TPC_NONE', 'TPC_MPOLY', 'NONE_MPOLY', 'TPC_NONE', 'TPC_NONE', 'UC_MPOLY', 'SPC_NONE', 'SPC_NONE', 'UC_NONE', 'UC_NONE', 'UC_NONE', 'TPC_NONE', 'UC_NONE', 'TPC_NONE', 'UC_NONE', 'TPC_NONE', 'TPC_NONE', 'TPC_NONE', 'TPC_NONE', 'SPC_NONE', 'SBX_NONE', 'TPC_NONE', 'TPC_NONE', 'TPC_MNUF', 'UC_NONE', 'SBX_MPOLY', 'UC_NONE', 'TPC_MPOLY', 'SBX_NONE', 'TPC_NONE', 'UC_NONE', 'SPC_NONE', 'UC_NONE', 'UC_NONE', 'UC_MPOLY', 'UC_NONE', 'UC_NONE', 'SBX_MPOLY', 'SPC_NONE', 'SPC_NONE', 'SPC_MPOLY', 'TPC_MPOLY', 'UC_NONE', 'TPC_NONE', 'SPC_NONE', 'SPC_NONE', 'UC_NONE', 'SBX_NONE', 'SPC_NONE', 'TPC_NONE', 'TPC_NONE', 'SPC_NONE', 'SPC_NONE', 'UC_NONE', 'TPC_NONE', 'UC_NONE', 'TPC_NONE', 'UC_NONE', 'SPC_NONE', 'TPC_NONE', 'UC_NONE', 'UC_NONE', 'UC_NONE', 'SPC_NONE']","{'SBX_MPOLY': 3, 'UC_MPOLY': 3, 'SPC_MPOLY': 2, 'TPC_NONE': 18, 'TPC_MPOLY': 3, 'NONE_MPOLY': 1, 'SPC_NONE': 13, 'UC_NONE': 20, 'SBX_NONE': 3, 'TPC_MNUF': 1}"
4,68,UC,MPOLY,0.6843697341064601,0.0322594531758362,425585843.2,301340224.79788435,1239815.84,710127.1458314309,0.7407662821983345,1.2742441616087063e-05,0.0,0.0,GREEDY_HV,"['SPC_MBFLIP', 'SBX_MPOLY', 'UC_MPOLY', 'SPC_MPOLY', 'TPC_NONE', 'TPC_MPOLY', 'NONE_MPOLY', 'TPC_NONE', 'TPC_NONE', 'UC_MPOLY', 'SPC_NONE', 'SPC_NONE', 'UC_NONE', 'UC_NONE', 'UC_NONE', 'TPC_NONE', 'UC_NONE', 'TPC_NONE', 'UC_NONE', 'TPC_NONE', 'TPC_NONE', 'TPC_NONE', 'TPC_NONE', 'SPC_NONE', 'SBX_NONE', 'TPC_NONE', 'TPC_NONE', 'TPC_MNUF', 'UC_NONE', 'SBX_MPOLY', 'UC_NONE', 'TPC_MPOLY', 'SBX_NONE', 'TPC_NONE', 'UC_NONE', 'SPC_NONE', 'UC_NONE', 'UC_NONE', 'UC_MPOLY', 'UC_NONE', 'UC_NONE', 'SBX_MPOLY', 'SPC_NONE', 'SPC_NONE', 'SPC_MPOLY', 'TPC_MPOLY', 'UC_NONE', 'TPC_NONE', 'SPC_NONE', 'SPC_NONE', 'UC_NONE', 'SBX_NONE', 'SPC_NONE', 'TPC_NONE', 'TPC_NONE', 'SPC_NONE', 'SPC_NONE', 'UC_NONE', 'TPC_NONE', 'UC_NONE', 'TPC_NONE', 'UC_NONE', 'SPC_NONE', 'TPC_NONE', 'UC_NONE', 'UC_NONE', 'UC_NONE', 'SPC_NONE', 'UC_MPOLY']","{'SBX_MPOLY': 3, 'UC_MPOLY': 4, 'SPC_MPOLY': 2, 'TPC_NONE': 18, 'TPC_MPOLY': 3, 'NONE_MPOLY': 1, 'SPC_NONE': 13, 'UC_NONE': 20, 'SBX_NONE': 3, 'TPC_MNUF': 1}"
4,69,TPC,NONE,0.6827518689673535,0.0335241951369781,415576902.4,297105033.64106274,1213454.24,712903.0841609415,0.7407824891437748,1.6206945440244702e-05,0.0,0.0,GREEDY_HV,"['SPC_MBFLIP', 'SBX_MPOLY', 'UC_MPOLY', 'SPC_MPOLY', 'TPC_NONE', 'TPC_MPOLY', 'NONE_MPOLY', 'TPC_NONE', 'TPC_NONE', 'UC_MPOLY', 'SPC_NONE', 'SPC_NONE', 'UC_NONE', 'UC_NONE', 'UC_NONE', 'TPC_NONE', 'UC_NONE', 'TPC_NONE', 'UC_NONE', 'TPC_NONE', 'TPC_NONE', 'TPC_NONE', 'TPC_NONE', 'SPC_NONE', 'SBX_NONE', 'TPC_NONE', 'TPC_NONE', 'TPC_MNUF', 'UC_NONE', 'SBX_MPOLY', 'UC_NONE', 'TPC_MPOLY', 'SBX_NONE', 'TPC_NONE', 'UC_NONE', 'SPC_NONE', 'UC_NONE', 'UC_NONE', 'UC_MPOLY', 'UC_NONE', 'UC_NONE', 'SBX_MPOLY', 'SPC_NONE', 'SPC_NONE', 'SPC_MPOLY', 'TPC_MPOLY', 'UC_NONE', 'TPC_NONE', 'SPC_NONE', 'SPC_NONE', 'UC_NONE', 'SBX_NONE', 'SPC_NONE', 'TPC_NONE', 'TPC_NONE', 'SPC_NONE', 'SPC_NONE', 'UC_NONE', 'TPC_NONE', 'UC_NONE', 'TPC_NONE', 'UC_NONE', 'SPC_NONE', 'TPC_NONE', 'UC_NONE', 'UC_NONE', 'UC_NONE', 'SPC_NONE', 'UC_MPOLY', 'TPC_NONE']","{'SBX_MPOLY': 3, 'UC_MPOLY': 4, 'SPC_MPOLY': 2, 'TPC_NONE': 19, 'TPC_MPOLY': 3, 'NONE_MPOLY': 1, 'SPC_NONE': 13, 'UC_NONE': 20, 'SBX_NONE': 3, 'TPC_MNUF': 1}"
4,70,TPC,NONE,0.6827701510125941,0.0343544102098875,431559714.56,309290158.7085594,1215643.04,711987.5719268408,0.7407596239180784,-2.2865225696389047e-05,0.01,0.0,GREEDY_HV,"['SPC_MBFLIP', 'SBX_MPOLY', 'UC_MPOLY', 'SPC_MPOLY', 'TPC_NONE', 'TPC_MPOLY', 'NONE_MPOLY', 'TPC_NONE', 'TPC_NONE', 'UC_MPOLY', 'SPC_NONE', 'SPC_NONE', 'UC_NONE', 'UC_NONE', 'UC_NONE', 'TPC_NONE', 'UC_NONE', 'TPC_NONE', 'UC_NONE', 'TPC_NONE', 'TPC_NONE', 'TPC_NONE', 'TPC_NONE', 'SPC_NONE', 'SBX_NONE', 'TPC_NONE', 'TPC_NONE', 'TPC_MNUF', 'UC_NONE', 'SBX_MPOLY', 'UC_NONE', 'TPC_MPOLY', 'SBX_NONE', 'TPC_NONE', 'UC_NONE', 'SPC_NONE', 'UC_NONE', 'UC_NONE', 'UC_MPOLY', 'UC_NONE', 'UC_NONE', 'SBX_MPOLY', 'SPC_NONE', 'SPC_NONE', 'SPC_MPOLY', 'TPC_MPOLY', 'UC_NONE', 'TPC_NONE', 'SPC_NONE', 'SPC_NONE', 'UC_NONE', 'SBX_NONE', 'SPC_NONE', 'TPC_NONE', 'TPC_NONE', 'SPC_NONE', 'SPC_NONE', 'UC_NONE', 'TPC_NONE', 'UC_NONE', 'TPC_NONE', 'UC_NONE', 'SPC_NONE', 'TPC_NONE', 'UC_NONE', 'UC_NONE', 'UC_NONE', 'SPC_NONE', 'UC_MPOLY', 'TPC_NONE', 'TPC_NONE']","{'SBX_MPOLY': 3, 'UC_MPOLY': 4, 'SPC_MPOLY': 2, 'TPC_NONE': 20, 'TPC_MPOLY': 3, 'NONE_MPOLY': 1, 'SPC_NONE': 13, 'UC_NONE': 20, 'SBX_NONE': 3, 'TPC_MNUF': 1}"
4,71,UC,NONE,0.6818297027037401,0.034741569920403,421502355.2,294853596.7955767,1195008.16,713091.0716900992,0.7407651442029796,5.520284901194827e-06,0.0,0.0,GREEDY_HV,"['SPC_MBFLIP', 'SBX_MPOLY', 'UC_MPOLY', 'SPC_MPOLY', 'TPC_NONE', 'TPC_MPOLY', 'NONE_MPOLY', 'TPC_NONE', 'TPC_NONE', 'UC_MPOLY', 'SPC_NONE', 'SPC_NONE', 'UC_NONE', 'UC_NONE', 'UC_NONE', 'TPC_NONE', 'UC_NONE', 'TPC_NONE', 'UC_NONE', 'TPC_NONE', 'TPC_NONE', 'TPC_NONE', 'TPC_NONE', 'SPC_NONE', 'SBX_NONE', 'TPC_NONE', 'TPC_NONE', 'TPC_MNUF', 'UC_NONE', 'SBX_MPOLY', 'UC_NONE', 'TPC_MPOLY', 'SBX_NONE', 'TPC_NONE', 'UC_NONE', 'SPC_NONE', 'UC_NONE', 'UC_NONE', 'UC_MPOLY', 'UC_NONE', 'UC_NONE', 'SBX_MPOLY', 'SPC_NONE', 'SPC_NONE', 'SPC_MPOLY', 'TPC_MPOLY', 'UC_NONE', 'TPC_NONE', 'SPC_NONE', 'SPC_NONE', 'UC_NONE', 'SBX_NONE', 'SPC_NONE', 'TPC_NONE', 'TPC_NONE', 'SPC_NONE', 'SPC_NONE', 'UC_NONE', 'TPC_NONE', 'UC_NONE', 'TPC_NONE', 'UC_NONE', 'SPC_NONE', 'TPC_NONE', 'UC_NONE', 'UC_NONE', 'UC_NONE', 'SPC_NONE', 'UC_MPOLY', 'TPC_NONE', 'TPC_NONE', 'UC_NONE']","{'SBX_MPOLY': 3, 'UC_MPOLY': 4, 'SPC_MPOLY': 2, 'TPC_NONE': 20, 'TPC_MPOLY': 3, 'NONE_MPOLY': 1, 'SPC_NONE': 13, 'UC_NONE': 21, 'SBX_NONE': 3, 'TPC_MNUF': 1}"
4,72,SPC,NONE,0.681308176240756,0.034658411704561,422103279.36,301395292.16608775,1172290.72,705394.5256404261,0.7407872162747813,2.207207180171533e-05,0.0,0.0,GREEDY_HV,"['SPC_MBFLIP', 'SBX_MPOLY', 'UC_MPOLY', 'SPC_MPOLY', 'TPC_NONE', 'TPC_MPOLY', 'NONE_MPOLY', 'TPC_NONE', 'TPC_NONE', 'UC_MPOLY', 'SPC_NONE', 'SPC_NONE', 'UC_NONE', 'UC_NONE', 'UC_NONE', 'TPC_NONE', 'UC_NONE', 'TPC_NONE', 'UC_NONE', 'TPC_NONE', 'TPC_NONE', 'TPC_NONE', 'TPC_NONE', 'SPC_NONE', 'SBX_NONE', 'TPC_NONE', 'TPC_NONE', 'TPC_MNUF', 'UC_NONE', 'SBX_MPOLY', 'UC_NONE', 'TPC_MPOLY', 'SBX_NONE', 'TPC_NONE', 'UC_NONE', 'SPC_NONE', 'UC_NONE', 'UC_NONE', 'UC_MPOLY', 'UC_NONE', 'UC_NONE', 'SBX_MPOLY', 'SPC_NONE', 'SPC_NONE', 'SPC_MPOLY', 'TPC_MPOLY', 'UC_NONE', 'TPC_NONE', 'SPC_NONE', 'SPC_NONE', 'UC_NONE', 'SBX_NONE', 'SPC_NONE', 'TPC_NONE', 'TPC_NONE', 'SPC_NONE', 'SPC_NONE', 'UC_NONE', 'TPC_NONE', 'UC_NONE', 'TPC_NONE', 'UC_NONE', 'SPC_NONE', 'TPC_NONE', 'UC_NONE', 'UC_NONE', 'UC_NONE', 'SPC_NONE', 'UC_MPOLY', 'TPC_NONE', 'TPC_NONE', 'UC_NONE', 'SPC_NONE']","{'SBX_MPOLY': 3, 'UC_MPOLY': 4, 'SPC_MPOLY': 2, 'TPC_NONE': 20, 'TPC_MPOLY': 3, 'NONE_MPOLY': 1, 'SPC_NONE': 14, 'UC_NONE': 21, 'SBX_NONE': 3, 'TPC_MNUF': 1}"
4,73,TPC,NONE,0.6821386395513918,0.034859799535885,430436778.24,294647380.07147855,1187289.76,705733.0330808827,0.7407924044321426,5.188157361279977e-06,0.0,0.0,GREEDY_HV,"['SPC_MBFLIP', 'SBX_MPOLY', 'UC_MPOLY', 'SPC_MPOLY', 'TPC_NONE', 'TPC_MPOLY', 'NONE_MPOLY', 'TPC_NONE', 'TPC_NONE', 'UC_MPOLY', 'SPC_NONE', 'SPC_NONE', 'UC_NONE', 'UC_NONE', 'UC_NONE', 'TPC_NONE', 'UC_NONE', 'TPC_NONE', 'UC_NONE', 'TPC_NONE', 'TPC_NONE', 'TPC_NONE', 'TPC_NONE', 'SPC_NONE', 'SBX_NONE', 'TPC_NONE', 'TPC_NONE', 'TPC_MNUF', 'UC_NONE', 'SBX_MPOLY', 'UC_NONE', 'TPC_MPOLY', 'SBX_NONE', 'TPC_NONE', 'UC_NONE', 'SPC_NONE', 'UC_NONE', 'UC_NONE', 'UC_MPOLY', 'UC_NONE', 'UC_NONE', 'SBX_MPOLY', 'SPC_NONE', 'SPC_NONE', 'SPC_MPOLY', 'TPC_MPOLY', 'UC_NONE', 'TPC_NONE', 'SPC_NONE', 'SPC_NONE', 'UC_NONE', 'SBX_NONE', 'SPC_NONE', 'TPC_NONE', 'TPC_NONE', 'SPC_NONE', 'SPC_NONE', 'UC_NONE', 'TPC_NONE', 'UC_NONE', 'TPC_NONE', 'UC_NONE', 'SPC_NONE', 'TPC_NONE', 'UC_NONE', 'UC_NONE', 'UC_NONE', 'SPC_NONE', 'UC_MPOLY', 'TPC_NONE', 'TPC_NONE', 'UC_NONE', 'SPC_NONE', 'TPC_NONE']","{'SBX_MPOLY': 3, 'UC_MPOLY': 4, 'SPC_MPOLY': 2, 'TPC_NONE': 21, 'TPC_MPOLY': 3, 'NONE_MPOLY': 1, 'SPC_NONE': 14, 'UC_NONE': 21, 'SBX_NONE': 3, 'TPC_MNUF': 1}"
4,74,SPC,NONE,0.682339869276955,0.0349141360697263,435803608.32,298494700.1419287,1193344.16,706966.2709261131,0.7407863071235512,-6.097308591357376e-06,0.0,0.0,GREEDY_HV,"['SPC_MBFLIP', 'SBX_MPOLY', 'UC_MPOLY', 'SPC_MPOLY', 'TPC_NONE', 'TPC_MPOLY', 'NONE_MPOLY', 'TPC_NONE', 'TPC_NONE', 'UC_MPOLY', 'SPC_NONE', 'SPC_NONE', 'UC_NONE', 'UC_NONE', 'UC_NONE', 'TPC_NONE', 'UC_NONE', 'TPC_NONE', 'UC_NONE', 'TPC_NONE', 'TPC_NONE', 'TPC_NONE', 'TPC_NONE', 'SPC_NONE', 'SBX_NONE', 'TPC_NONE', 'TPC_NONE', 'TPC_MNUF', 'UC_NONE', 'SBX_MPOLY', 'UC_NONE', 'TPC_MPOLY', 'SBX_NONE', 'TPC_NONE', 'UC_NONE', 'SPC_NONE', 'UC_NONE', 'UC_NONE', 'UC_MPOLY', 'UC_NONE', 'UC_NONE', 'SBX_MPOLY', 'SPC_NONE', 'SPC_NONE', 'SPC_MPOLY', 'TPC_MPOLY', 'UC_NONE', 'TPC_NONE', 'SPC_NONE', 'SPC_NONE', 'UC_NONE', 'SBX_NONE', 'SPC_NONE', 'TPC_NONE', 'TPC_NONE', 'SPC_NONE', 'SPC_NONE', 'UC_NONE', 'TPC_NONE', 'UC_NONE', 'TPC_NONE', 'UC_NONE', 'SPC_NONE', 'TPC_NONE', 'UC_NONE', 'UC_NONE', 'UC_NONE', 'SPC_NONE', 'UC_MPOLY', 'TPC_NONE', 'TPC_NONE', 'UC_NONE', 'SPC_NONE', 'TPC_NONE', 'SPC_NONE']","{'SBX_MPOLY': 3, 'UC_MPOLY': 4, 'SPC_MPOLY': 2, 'TPC_NONE': 21, 'TPC_MPOLY': 3, 'NONE_MPOLY': 1, 'SPC_NONE': 15, 'UC_NONE': 21, 'SBX_NONE': 3, 'TPC_MNUF': 1}"
4,75,UC,NONE,0.6826793757383295,0.0350488291750884,436322668.8,296813618.73000133,1187435.68,699079.4110986089,0.7407971637479221,1.0856624370947364e-05,0.0,0.0,GREEDY_HV,"['SPC_MBFLIP', 'SBX_MPOLY', 'UC_MPOLY', 'SPC_MPOLY', 'TPC_NONE', 'TPC_MPOLY', 'NONE_MPOLY', 'TPC_NONE', 'TPC_NONE', 'UC_MPOLY', 'SPC_NONE', 'SPC_NONE', 'UC_NONE', 'UC_NONE', 'UC_NONE', 'TPC_NONE', 'UC_NONE', 'TPC_NONE', 'UC_NONE', 'TPC_NONE', 'TPC_NONE', 'TPC_NONE', 'TPC_NONE', 'SPC_NONE', 'SBX_NONE', 'TPC_NONE', 'TPC_NONE', 'TPC_MNUF', 'UC_NONE', 'SBX_MPOLY', 'UC_NONE', 'TPC_MPOLY', 'SBX_NONE', 'TPC_NONE', 'UC_NONE', 'SPC_NONE', 'UC_NONE', 'UC_NONE', 'UC_MPOLY', 'UC_NONE', 'UC_NONE', 'SBX_MPOLY', 'SPC_NONE', 'SPC_NONE', 'SPC_MPOLY', 'TPC_MPOLY', 'UC_NONE', 'TPC_NONE', 'SPC_NONE', 'SPC_NONE', 'UC_NONE', 'SBX_NONE', 'SPC_NONE', 'TPC_NONE', 'TPC_NONE', 'SPC_NONE', 'SPC_NONE', 'UC_NONE', 'TPC_NONE', 'UC_NONE', 'TPC_NONE', 'UC_NONE', 'SPC_NONE', 'TPC_NONE', 'UC_NONE', 'UC_NONE', 'UC_NONE', 'SPC_NONE', 'UC_MPOLY', 'TPC_NONE', 'TPC_NONE', 'UC_NONE', 'SPC_NONE', 'TPC_NONE', 'SPC_NONE', 'UC_NONE']","{'SBX_MPOLY': 3, 'UC_MPOLY': 4, 'SPC_MPOLY': 2, 'TPC_NONE': 21, 'TPC_MPOLY': 3, 'NONE_MPOLY': 1, 'SPC_NONE': 15, 'UC_NONE': 22, 'SBX_NONE': 3, 'TPC_MNUF': 1}"
4,76,TPC,NONE,0.6818361286872213,0.0350553150930057,427366452.48,296677888.5128476,1185065.12,721479.7963239896,0.740788956479509,-8.207268413107371e-06,0.01,0.0,GREEDY_HV,"['SPC_MBFLIP', 'SBX_MPOLY', 'UC_MPOLY', 'SPC_MPOLY', 'TPC_NONE', 'TPC_MPOLY', 'NONE_MPOLY', 'TPC_NONE', 'TPC_NONE', 'UC_MPOLY', 'SPC_NONE', 'SPC_NONE', 'UC_NONE', 'UC_NONE', 'UC_NONE', 'TPC_NONE', 'UC_NONE', 'TPC_NONE', 'UC_NONE', 'TPC_NONE', 'TPC_NONE', 'TPC_NONE', 'TPC_NONE', 'SPC_NONE', 'SBX_NONE', 'TPC_NONE', 'TPC_NONE', 'TPC_MNUF', 'UC_NONE', 'SBX_MPOLY', 'UC_NONE', 'TPC_MPOLY', 'SBX_NONE', 'TPC_NONE', 'UC_NONE', 'SPC_NONE', 'UC_NONE', 'UC_NONE', 'UC_MPOLY', 'UC_NONE', 'UC_NONE', 'SBX_MPOLY', 'SPC_NONE', 'SPC_NONE', 'SPC_MPOLY', 'TPC_MPOLY', 'UC_NONE', 'TPC_NONE', 'SPC_NONE', 'SPC_NONE', 'UC_NONE', 'SBX_NONE', 'SPC_NONE', 'TPC_NONE', 'TPC_NONE', 'SPC_NONE', 'SPC_NONE', 'UC_NONE', 'TPC_NONE', 'UC_NONE', 'TPC_NONE', 'UC_NONE', 'SPC_NONE', 'TPC_NONE', 'UC_NONE', 'UC_NONE', 'UC_NONE', 'SPC_NONE', 'UC_MPOLY', 'TPC_NONE', 'TPC_NONE', 'UC_NONE', 'SPC_NONE', 'TPC_NONE', 'SPC_NONE', 'UC_NONE', 'TPC_NONE']","{'SBX_MPOLY': 3, 'UC_MPOLY': 4, 'SPC_MPOLY': 2, 'TPC_NONE': 22, 'TPC_MPOLY': 3, 'NONE_MPOLY': 1, 'SPC_NONE': 15, 'UC_NONE': 22, 'SBX_NONE': 3, 'TPC_MNUF': 1}"
4,77,UC,NONE,0.6827661122263659,0.0350247271790479,430051703.04,297684802.26318544,1202976.16,710941.0375816933,0.7408030251725632,1.406869305420333e-05,0.0,0.0,GREEDY_HV,"['SPC_MBFLIP', 'SBX_MPOLY', 'UC_MPOLY', 'SPC_MPOLY', 'TPC_NONE', 'TPC_MPOLY', 'NONE_MPOLY', 'TPC_NONE', 'TPC_NONE', 'UC_MPOLY', 'SPC_NONE', 'SPC_NONE', 'UC_NONE', 'UC_NONE', 'UC_NONE', 'TPC_NONE', 'UC_NONE', 'TPC_NONE', 'UC_NONE', 'TPC_NONE', 'TPC_NONE', 'TPC_NONE', 'TPC_NONE', 'SPC_NONE', 'SBX_NONE', 'TPC_NONE', 'TPC_NONE', 'TPC_MNUF', 'UC_NONE', 'SBX_MPOLY', 'UC_NONE', 'TPC_MPOLY', 'SBX_NONE', 'TPC_NONE', 'UC_NONE', 'SPC_NONE', 'UC_NONE', 'UC_NONE', 'UC_MPOLY', 'UC_NONE', 'UC_NONE', 'SBX_MPOLY', 'SPC_NONE', 'SPC_NONE', 'SPC_MPOLY', 'TPC_MPOLY', 'UC_NONE', 'TPC_NONE', 'SPC_NONE', 'SPC_NONE', 'UC_NONE', 'SBX_NONE', 'SPC_NONE', 'TPC_NONE', 'TPC_NONE', 'SPC_NONE', 'SPC_NONE', 'UC_NONE', 'TPC_NONE', 'UC_NONE', 'TPC_NONE', 'UC_NONE', 'SPC_NONE', 'TPC_NONE', 'UC_NONE', 'UC_NONE', 'UC_NONE', 'SPC_NONE', 'UC_MPOLY', 'TPC_NONE', 'TPC_NONE', 'UC_NONE', 'SPC_NONE', 'TPC_NONE', 'SPC_NONE', 'UC_NONE', 'TPC_NONE', 'UC_NONE']","{'SBX_MPOLY': 3, 'UC_MPOLY': 4, 'SPC_MPOLY': 2, 'TPC_NONE': 22, 'TPC_MPOLY': 3, 'NONE_MPOLY': 1, 'SPC_NONE': 15, 'UC_NONE': 23, 'SBX_NONE': 3, 'TPC_MNUF': 1}"
4,78,TPC,NONE,0.6826357824234693,0.0351674446098737,422894042.88,296935945.40105265,1214341.28,719445.2889784194,0.7407986971614245,-4.328011138698962e-06,0.0,0.0,GREEDY_HV,"['SPC_MBFLIP', 'SBX_MPOLY', 'UC_MPOLY', 'SPC_MPOLY', 'TPC_NONE', 'TPC_MPOLY', 'NONE_MPOLY', 'TPC_NONE', 'TPC_NONE', 'UC_MPOLY', 'SPC_NONE', 'SPC_NONE', 'UC_NONE', 'UC_NONE', 'UC_NONE', 'TPC_NONE', 'UC_NONE', 'TPC_NONE', 'UC_NONE', 'TPC_NONE', 'TPC_NONE', 'TPC_NONE', 'TPC_NONE', 'SPC_NONE', 'SBX_NONE', 'TPC_NONE', 'TPC_NONE', 'TPC_MNUF', 'UC_NONE', 'SBX_MPOLY', 'UC_NONE', 'TPC_MPOLY', 'SBX_NONE', 'TPC_NONE', 'UC_NONE', 'SPC_NONE', 'UC_NONE', 'UC_NONE', 'UC_MPOLY', 'UC_NONE', 'UC_NONE', 'SBX_MPOLY', 'SPC_NONE', 'SPC_NONE', 'SPC_MPOLY', 'TPC_MPOLY', 'UC_NONE', 'TPC_NONE', 'SPC_NONE', 'SPC_NONE', 'UC_NONE', 'SBX_NONE', 'SPC_NONE', 'TPC_NONE', 'TPC_NONE', 'SPC_NONE', 'SPC_NONE', 'UC_NONE', 'TPC_NONE', 'UC_NONE', 'TPC_NONE', 'UC_NONE', 'SPC_NONE', 'TPC_NONE', 'UC_NONE', 'UC_NONE', 'UC_NONE', 'SPC_NONE', 'UC_MPOLY', 'TPC_NONE', 'TPC_NONE', 'UC_NONE', 'SPC_NONE', 'TPC_NONE', 'SPC_NONE', 'UC_NONE', 'TPC_NONE', 'UC_NONE', 'TPC_NONE']","{'SBX_MPOLY': 3, 'UC_MPOLY': 4, 'SPC_MPOLY': 2, 'TPC_NONE': 23, 'TPC_MPOLY': 3, 'NONE_MPOLY': 1, 'SPC_NONE': 15, 'UC_NONE': 23, 'SBX_NONE': 3, 'TPC_MNUF': 1}"
4,79,SPC,NONE,0.682620622999267,0.0349169981591658,424334455.04,290170216.9024708,1193560.48,713054.4681043725,0.7408166197111967,1.7922549772175778e-05,0.0,0.0,GREEDY_HV,"['SPC_MBFLIP', 'SBX_MPOLY', 'UC_MPOLY', 'SPC_MPOLY', 'TPC_NONE', 'TPC_MPOLY', 'NONE_MPOLY', 'TPC_NONE', 'TPC_NONE', 'UC_MPOLY', 'SPC_NONE', 'SPC_NONE', 'UC_NONE', 'UC_NONE', 'UC_NONE', 'TPC_NONE', 'UC_NONE', 'TPC_NONE', 'UC_NONE', 'TPC_NONE', 'TPC_NONE', 'TPC_NONE', 'TPC_NONE', 'SPC_NONE', 'SBX_NONE', 'TPC_NONE', 'TPC_NONE', 'TPC_MNUF', 'UC_NONE', 'SBX_MPOLY', 'UC_NONE', 'TPC_MPOLY', 'SBX_NONE', 'TPC_NONE', 'UC_NONE', 'SPC_NONE', 'UC_NONE', 'UC_NONE', 'UC_MPOLY', 'UC_NONE', 'UC_NONE', 'SBX_MPOLY', 'SPC_NONE', 'SPC_NONE', 'SPC_MPOLY', 'TPC_MPOLY', 'UC_NONE', 'TPC_NONE', 'SPC_NONE', 'SPC_NONE', 'UC_NONE', 'SBX_NONE', 'SPC_NONE', 'TPC_NONE', 'TPC_NONE', 'SPC_NONE', 'SPC_NONE', 'UC_NONE', 'TPC_NONE', 'UC_NONE', 'TPC_NONE', 'UC_NONE', 'SPC_NONE', 'TPC_NONE', 'UC_NONE', 'UC_NONE', 'UC_NONE', 'SPC_NONE', 'UC_MPOLY', 'TPC_NONE', 'TPC_NONE', 'UC_NONE', 'SPC_NONE', 'TPC_NONE', 'SPC_NONE', 'UC_NONE', 'TPC_NONE', 'UC_NONE', 'TPC_NONE', 'SPC_NONE']","{'SBX_MPOLY': 3, 'UC_MPOLY': 4, 'SPC_MPOLY': 2, 'TPC_NONE': 23, 'TPC_MPOLY': 3, 'NONE_MPOLY': 1, 'SPC_NONE': 16, 'UC_NONE': 23, 'SBX_NONE': 3, 'TPC_MNUF': 1}"
4,80,SPC,NONE,0.6817105709732466,0.0346933197500537,408004952.32,287078162.8078023,1195846.56,728001.7050941616,0.7408136555425469,-2.964168649866039e-06,0.0,0.0,GREEDY_HV,"['SPC_MBFLIP', 'SBX_MPOLY', 'UC_MPOLY', 'SPC_MPOLY', 'TPC_NONE', 'TPC_MPOLY', 'NONE_MPOLY', 'TPC_NONE', 'TPC_NONE', 'UC_MPOLY', 'SPC_NONE', 'SPC_NONE', 'UC_NONE', 'UC_NONE', 'UC_NONE', 'TPC_NONE', 'UC_NONE', 'TPC_NONE', 'UC_NONE', 'TPC_NONE', 'TPC_NONE', 'TPC_NONE', 'TPC_NONE', 'SPC_NONE', 'SBX_NONE', 'TPC_NONE', 'TPC_NONE', 'TPC_MNUF', 'UC_NONE', 'SBX_MPOLY', 'UC_NONE', 'TPC_MPOLY', 'SBX_NONE', 'TPC_NONE', 'UC_NONE', 'SPC_NONE', 'UC_NONE', 'UC_NONE', 'UC_MPOLY', 'UC_NONE', 'UC_NONE', 'SBX_MPOLY', 'SPC_NONE', 'SPC_NONE', 'SPC_MPOLY', 'TPC_MPOLY', 'UC_NONE', 'TPC_NONE', 'SPC_NONE', 'SPC_NONE', 'UC_NONE', 'SBX_NONE', 'SPC_NONE', 'TPC_NONE', 'TPC_NONE', 'SPC_NONE', 'SPC_NONE', 'UC_NONE', 'TPC_NONE', 'UC_NONE', 'TPC_NONE', 'UC_NONE', 'SPC_NONE', 'TPC_NONE', 'UC_NONE', 'UC_NONE', 'UC_NONE', 'SPC_NONE', 'UC_MPOLY', 'TPC_NONE', 'TPC_NONE', 'UC_NONE', 'SPC_NONE', 'TPC_NONE', 'SPC_NONE', 'UC_NONE', 'TPC_NONE', 'UC_NONE', 'TPC_NONE', 'SPC_NONE', 'SPC_NONE']","{'SBX_MPOLY': 3, 'UC_MPOLY': 4, 'SPC_MPOLY': 2, 'TPC_NONE': 23, 'TPC_MPOLY': 3, 'NONE_MPOLY': 1, 'SPC_NONE': 17, 'UC_NONE': 23, 'SBX_NONE': 3, 'TPC_MNUF': 1}"
4,81,UC,NONE,0.6814203098116525,0.0346478684345263,410399463.68,289430911.5740431,1190424.48,729988.2204404736,0.740792624276269,-2.10312662778378e-05,0.0,0.0,GREEDY_HV,"['SPC_MBFLIP', 'SBX_MPOLY', 'UC_MPOLY', 'SPC_MPOLY', 'TPC_NONE', 'TPC_MPOLY', 'NONE_MPOLY', 'TPC_NONE', 'TPC_NONE', 'UC_MPOLY', 'SPC_NONE', 'SPC_NONE', 'UC_NONE', 'UC_NONE', 'UC_NONE', 'TPC_NONE', 'UC_NONE', 'TPC_NONE', 'UC_NONE', 'TPC_NONE', 'TPC_NONE', 'TPC_NONE', 'TPC_NONE', 'SPC_NONE', 'SBX_NONE', 'TPC_NONE', 'TPC_NONE', 'TPC_MNUF', 'UC_NONE', 'SBX_MPOLY', 'UC_NONE', 'TPC_MPOLY', 'SBX_NONE', 'TPC_NONE', 'UC_NONE', 'SPC_NONE', 'UC_NONE', 'UC_NONE', 'UC_MPOLY', 'UC_NONE', 'UC_NONE', 'SBX_MPOLY', 'SPC_NONE', 'SPC_NONE', 'SPC_MPOLY', 'TPC_MPOLY', 'UC_NONE', 'TPC_NONE', 'SPC_NONE', 'SPC_NONE', 'UC_NONE', 'SBX_NONE', 'SPC_NONE', 'TPC_NONE', 'TPC_NONE', 'SPC_NONE', 'SPC_NONE', 'UC_NONE', 'TPC_NONE', 'UC_NONE', 'TPC_NONE', 'UC_NONE', 'SPC_NONE', 'TPC_NONE', 'UC_NONE', 'UC_NONE', 'UC_NONE', 'SPC_NONE', 'UC_MPOLY', 'TPC_NONE', 'TPC_NONE', 'UC_NONE', 'SPC_NONE', 'TPC_NONE', 'SPC_NONE', 'UC_NONE', 'TPC_NONE', 'UC_NONE', 'TPC_NONE', 'SPC_NONE', 'SPC_NONE', 'UC_NONE']","{'SBX_MPOLY': 3, 'UC_MPOLY': 4, 'SPC_MPOLY': 2, 'TPC_NONE': 23, 'TPC_MPOLY': 3, 'NONE_MPOLY': 1, 'SPC_NONE': 17, 'UC_NONE': 24, 'SBX_NONE': 3, 'TPC_MNUF': 1}"
4,82,SPC,NONE,0.6822663111497138,0.0348723905723874,422687269.12,296825093.410503,1216270.24,728638.4142047566,0.7407942128081489,1.588531879925803e-06,0.0,0.0,GREEDY_HV,"['SPC_MBFLIP', 'SBX_MPOLY', 'UC_MPOLY', 'SPC_MPOLY', 'TPC_NONE', 'TPC_MPOLY', 'NONE_MPOLY', 'TPC_NONE', 'TPC_NONE', 'UC_MPOLY', 'SPC_NONE', 'SPC_NONE', 'UC_NONE', 'UC_NONE', 'UC_NONE', 'TPC_NONE', 'UC_NONE', 'TPC_NONE', 'UC_NONE', 'TPC_NONE', 'TPC_NONE', 'TPC_NONE', 'TPC_NONE', 'SPC_NONE', 'SBX_NONE', 'TPC_NONE', 'TPC_NONE', 'TPC_MNUF', 'UC_NONE', 'SBX_MPOLY', 'UC_NONE', 'TPC_MPOLY', 'SBX_NONE', 'TPC_NONE', 'UC_NONE', 'SPC_NONE', 'UC_NONE', 'UC_NONE', 'UC_MPOLY', 'UC_NONE', 'UC_NONE', 'SBX_MPOLY', 'SPC_NONE', 'SPC_NONE', 'SPC_MPOLY', 'TPC_MPOLY', 'UC_NONE', 'TPC_NONE', 'SPC_NONE', 'SPC_NONE', 'UC_NONE', 'SBX_NONE', 'SPC_NONE', 'TPC_NONE', 'TPC_NONE', 'SPC_NONE', 'SPC_NONE', 'UC_NONE', 'TPC_NONE', 'UC_NONE', 'TPC_NONE', 'UC_NONE', 'SPC_NONE', 'TPC_NONE', 'UC_NONE', 'UC_NONE', 'UC_NONE', 'SPC_NONE', 'UC_MPOLY', 'TPC_NONE', 'TPC_NONE', 'UC_NONE', 'SPC_NONE', 'TPC_NONE', 'SPC_NONE', 'UC_NONE', 'TPC_NONE', 'UC_NONE', 'TPC_NONE', 'SPC_NONE', 'SPC_NONE', 'UC_NONE', 'SPC_NONE']","{'SBX_MPOLY': 3, 'UC_MPOLY': 4, 'SPC_MPOLY': 2, 'TPC_NONE': 23, 'TPC_MPOLY': 3, 'NONE_MPOLY': 1, 'SPC_NONE': 18, 'UC_NONE': 24, 'SBX_NONE': 3, 'TPC_MNUF': 1}"
4,83,SPC,NONE,0.6828038913105542,0.0349933027264807,432020665.6,300632798.79121894,1228202.4,731889.3390346932,0.7408047240000836,1.0511191934625684e-05,0.0,0.0,GREEDY_HV,"['SPC_MBFLIP', 'SBX_MPOLY', 'UC_MPOLY', 'SPC_MPOLY', 'TPC_NONE', 'TPC_MPOLY', 'NONE_MPOLY', 'TPC_NONE', 'TPC_NONE', 'UC_MPOLY', 'SPC_NONE', 'SPC_NONE', 'UC_NONE', 'UC_NONE', 'UC_NONE', 'TPC_NONE', 'UC_NONE', 'TPC_NONE', 'UC_NONE', 'TPC_NONE', 'TPC_NONE', 'TPC_NONE', 'TPC_NONE', 'SPC_NONE', 'SBX_NONE', 'TPC_NONE', 'TPC_NONE', 'TPC_MNUF', 'UC_NONE', 'SBX_MPOLY', 'UC_NONE', 'TPC_MPOLY', 'SBX_NONE', 'TPC_NONE', 'UC_NONE', 'SPC_NONE', 'UC_NONE', 'UC_NONE', 'UC_MPOLY', 'UC_NONE', 'UC_NONE', 'SBX_MPOLY', 'SPC_NONE', 'SPC_NONE', 'SPC_MPOLY', 'TPC_MPOLY', 'UC_NONE', 'TPC_NONE', 'SPC_NONE', 'SPC_NONE', 'UC_NONE', 'SBX_NONE', 'SPC_NONE', 'TPC_NONE', 'TPC_NONE', 'SPC_NONE', 'SPC_NONE', 'UC_NONE', 'TPC_NONE', 'UC_NONE', 'TPC_NONE', 'UC_NONE', 'SPC_NONE', 'TPC_NONE', 'UC_NONE', 'UC_NONE', 'UC_NONE', 'SPC_NONE', 'UC_MPOLY', 'TPC_NONE', 'TPC_NONE', 'UC_NONE', 'SPC_NONE', 'TPC_NONE', 'SPC_NONE', 'UC_NONE', 'TPC_NONE', 'UC_NONE', 'TPC_NONE', 'SPC_NONE', 'SPC_NONE', 'UC_NONE', 'SPC_NONE', 'SPC_NONE']","{'SBX_MPOLY': 3, 'UC_MPOLY': 4, 'SPC_MPOLY': 2, 'TPC_NONE': 23, 'TPC_MPOLY': 3, 'NONE_MPOLY': 1, 'SPC_NONE': 19, 'UC_NONE': 24, 'SBX_NONE': 3, 'TPC_MNUF': 1}"
4,84,UC,NONE,0.6813073180096179,0.0346645555380073,409229190.4,290924825.8780403,1181778.08,729069.6589872831,0.7408225595019695,1.7835501885943295e-05,0.01,0.0,GREEDY_HV,"['SPC_MBFLIP', 'SBX_MPOLY', 'UC_MPOLY', 'SPC_MPOLY', 'TPC_NONE', 'TPC_MPOLY', 'NONE_MPOLY', 'TPC_NONE', 'TPC_NONE', 'UC_MPOLY', 'SPC_NONE', 'SPC_NONE', 'UC_NONE', 'UC_NONE', 'UC_NONE', 'TPC_NONE', 'UC_NONE', 'TPC_NONE', 'UC_NONE', 'TPC_NONE', 'TPC_NONE', 'TPC_NONE', 'TPC_NONE', 'SPC_NONE', 'SBX_NONE', 'TPC_NONE', 'TPC_NONE', 'TPC_MNUF', 'UC_NONE', 'SBX_MPOLY', 'UC_NONE', 'TPC_MPOLY', 'SBX_NONE', 'TPC_NONE', 'UC_NONE', 'SPC_NONE', 'UC_NONE', 'UC_NONE', 'UC_MPOLY', 'UC_NONE', 'UC_NONE', 'SBX_MPOLY', 'SPC_NONE', 'SPC_NONE', 'SPC_MPOLY', 'TPC_MPOLY', 'UC_NONE', 'TPC_NONE', 'SPC_NONE', 'SPC_NONE', 'UC_NONE', 'SBX_NONE', 'SPC_NONE', 'TPC_NONE', 'TPC_NONE', 'SPC_NONE', 'SPC_NONE', 'UC_NONE', 'TPC_NONE', 'UC_NONE', 'TPC_NONE', 'UC_NONE', 'SPC_NONE', 'TPC_NONE', 'UC_NONE', 'UC_NONE', 'UC_NONE', 'SPC_NONE', 'UC_MPOLY', 'TPC_NONE', 'TPC_NONE', 'UC_NONE', 'SPC_NONE', 'TPC_NONE', 'SPC_NONE', 'UC_NONE', 'TPC_NONE', 'UC_NONE', 'TPC_NONE', 'SPC_NONE', 'SPC_NONE', 'UC_NONE', 'SPC_NONE', 'SPC_NONE', 'UC_NONE']","{'SBX_MPOLY': 3, 'UC_MPOLY': 4, 'SPC_MPOLY': 2, 'TPC_NONE': 23, 'TPC_MPOLY': 3, 'NONE_MPOLY': 1, 'SPC_NONE': 19, 'UC_NONE': 25, 'SBX_NONE': 3, 'TPC_MNUF': 1}"
4,85,SPC,NONE,0.681731551485895,0.0347217940197086,415000833.28,291319893.4011363,1169808.8,716941.5824458782,0.7408159382229421,-6.621279027396732e-06,0.0,0.0,GREEDY_HV,"['SPC_MBFLIP', 'SBX_MPOLY', 'UC_MPOLY', 'SPC_MPOLY', 'TPC_NONE', 'TPC_MPOLY', 'NONE_MPOLY', 'TPC_NONE', 'TPC_NONE', 'UC_MPOLY', 'SPC_NONE', 'SPC_NONE', 'UC_NONE', 'UC_NONE', 'UC_NONE', 'TPC_NONE', 'UC_NONE', 'TPC_NONE', 'UC_NONE', 'TPC_NONE', 'TPC_NONE', 'TPC_NONE', 'TPC_NONE', 'SPC_NONE', 'SBX_NONE', 'TPC_NONE', 'TPC_NONE', 'TPC_MNUF', 'UC_NONE', 'SBX_MPOLY', 'UC_NONE', 'TPC_MPOLY', 'SBX_NONE', 'TPC_NONE', 'UC_NONE', 'SPC_NONE', 'UC_NONE', 'UC_NONE', 'UC_MPOLY', 'UC_NONE', 'UC_NONE', 'SBX_MPOLY', 'SPC_NONE', 'SPC_NONE', 'SPC_MPOLY', 'TPC_MPOLY', 'UC_NONE', 'TPC_NONE', 'SPC_NONE', 'SPC_NONE', 'UC_NONE', 'SBX_NONE', 'SPC_NONE', 'TPC_NONE', 'TPC_NONE', 'SPC_NONE', 'SPC_NONE', 'UC_NONE', 'TPC_NONE', 'UC_NONE', 'TPC_NONE', 'UC_NONE', 'SPC_NONE', 'TPC_NONE', 'UC_NONE', 'UC_NONE', 'UC_NONE', 'SPC_NONE', 'UC_MPOLY', 'TPC_NONE', 'TPC_NONE', 'UC_NONE', 'SPC_NONE', 'TPC_NONE', 'SPC_NONE', 'UC_NONE', 'TPC_NONE', 'UC_NONE', 'TPC_NONE', 'SPC_NONE', 'SPC_NONE', 'UC_NONE', 'SPC_NONE', 'SPC_NONE', 'UC_NONE', 'SPC_NONE']","{'SBX_MPOLY': 3, 'UC_MPOLY': 4, 'SPC_MPOLY': 2, 'TPC_NONE': 23, 'TPC_MPOLY': 3, 'NONE_MPOLY': 1, 'SPC_NONE': 20, 'UC_NONE': 25, 'SBX_NONE': 3, 'TPC_MNUF': 1}"
4,86,SPC,NONE,0.6823735868120054,0.0350231642823057,429814503.68,295899963.28802145,1189111.2,716172.48952827,0.7408176783445805,1.7401216383383655e-06,0.0,0.0,GREEDY_HV,"['SPC_MBFLIP', 'SBX_MPOLY', 'UC_MPOLY', 'SPC_MPOLY', 'TPC_NONE', 'TPC_MPOLY', 'NONE_MPOLY', 'TPC_NONE', 'TPC_NONE', 'UC_MPOLY', 'SPC_NONE', 'SPC_NONE', 'UC_NONE', 'UC_NONE', 'UC_NONE', 'TPC_NONE', 'UC_NONE', 'TPC_NONE', 'UC_NONE', 'TPC_NONE', 'TPC_NONE', 'TPC_NONE', 'TPC_NONE', 'SPC_NONE', 'SBX_NONE', 'TPC_NONE', 'TPC_NONE', 'TPC_MNUF', 'UC_NONE', 'SBX_MPOLY', 'UC_NONE', 'TPC_MPOLY', 'SBX_NONE', 'TPC_NONE', 'UC_NONE', 'SPC_NONE', 'UC_NONE', 'UC_NONE', 'UC_MPOLY', 'UC_NONE', 'UC_NONE', 'SBX_MPOLY', 'SPC_NONE', 'SPC_NONE', 'SPC_MPOLY', 'TPC_MPOLY', 'UC_NONE', 'TPC_NONE', 'SPC_NONE', 'SPC_NONE', 'UC_NONE', 'SBX_NONE', 'SPC_NONE', 'TPC_NONE', 'TPC_NONE', 'SPC_NONE', 'SPC_NONE', 'UC_NONE', 'TPC_NONE', 'UC_NONE', 'TPC_NONE', 'UC_NONE', 'SPC_NONE', 'TPC_NONE', 'UC_NONE', 'UC_NONE', 'UC_NONE', 'SPC_NONE', 'UC_MPOLY', 'TPC_NONE', 'TPC_NONE', 'UC_NONE', 'SPC_NONE', 'TPC_NONE', 'SPC_NONE', 'UC_NONE', 'TPC_NONE', 'UC_NONE', 'TPC_NONE', 'SPC_NONE', 'SPC_NONE', 'UC_NONE', 'SPC_NONE', 'SPC_NONE', 'UC_NONE', 'SPC_NONE', 'SPC_NONE']","{'SBX_MPOLY': 3, 'UC_MPOLY': 4, 'SPC_MPOLY': 2, 'TPC_NONE': 23, 'TPC_MPOLY': 3, 'NONE_MPOLY': 1, 'SPC_NONE': 21, 'UC_NONE': 25, 'SBX_NONE': 3, 'TPC_MNUF': 1}"
4,87,TPC,NONE,0.6835824146134252,0.0337424001250201,439365397.76,305813599.1386138,1197939.36,703051.032797983,0.7407784297326029,-3.924861197757146e-05,0.0,0.0,GREEDY_HV,"['SPC_MBFLIP', 'SBX_MPOLY', 'UC_MPOLY', 'SPC_MPOLY', 'TPC_NONE', 'TPC_MPOLY', 'NONE_MPOLY', 'TPC_NONE', 'TPC_NONE', 'UC_MPOLY', 'SPC_NONE', 'SPC_NONE', 'UC_NONE', 'UC_NONE', 'UC_NONE', 'TPC_NONE', 'UC_NONE', 'TPC_NONE', 'UC_NONE', 'TPC_NONE', 'TPC_NONE', 'TPC_NONE', 'TPC_NONE', 'SPC_NONE', 'SBX_NONE', 'TPC_NONE', 'TPC_NONE', 'TPC_MNUF', 'UC_NONE', 'SBX_MPOLY', 'UC_NONE', 'TPC_MPOLY', 'SBX_NONE', 'TPC_NONE', 'UC_NONE', 'SPC_NONE', 'UC_NONE', 'UC_NONE', 'UC_MPOLY', 'UC_NONE', 'UC_NONE', 'SBX_MPOLY', 'SPC_NONE', 'SPC_NONE', 'SPC_MPOLY', 'TPC_MPOLY', 'UC_NONE', 'TPC_NONE', 'SPC_NONE', 'SPC_NONE', 'UC_NONE', 'SBX_NONE', 'SPC_NONE', 'TPC_NONE', 'TPC_NONE', 'SPC_NONE', 'SPC_NONE', 'UC_NONE', 'TPC_NONE', 'UC_NONE', 'TPC_NONE', 'UC_NONE', 'SPC_NONE', 'TPC_NONE', 'UC_NONE', 'UC_NONE', 'UC_NONE', 'SPC_NONE', 'UC_MPOLY', 'TPC_NONE', 'TPC_NONE', 'UC_NONE', 'SPC_NONE', 'TPC_NONE', 'SPC_NONE', 'UC_NONE', 'TPC_NONE', 'UC_NONE', 'TPC_NONE', 'SPC_NONE', 'SPC_NONE', 'UC_NONE', 'SPC_NONE', 'SPC_NONE', 'UC_NONE', 'SPC_NONE', 'SPC_NONE', 'TPC_NONE']","{'SBX_MPOLY': 3, 'UC_MPOLY': 4, 'SPC_MPOLY': 2, 'TPC_NONE': 24, 'TPC_MPOLY': 3, 'NONE_MPOLY': 1, 'SPC_NONE': 21, 'UC_NONE': 25, 'SBX_NONE': 3, 'TPC_MNUF': 1}"
4,88,SPC,NONE,0.6840655456456336,0.0333339964913414,445708112.64,303517651.1405587,1173980.32,675788.5961833164,0.7408070854641498,2.865573154686718e-05,0.01,0.0,GREEDY_HV,"['SPC_MBFLIP', 'SBX_MPOLY', 'UC_MPOLY', 'SPC_MPOLY', 'TPC_NONE', 'TPC_MPOLY', 'NONE_MPOLY', 'TPC_NONE', 'TPC_NONE', 'UC_MPOLY', 'SPC_NONE', 'SPC_NONE', 'UC_NONE', 'UC_NONE', 'UC_NONE', 'TPC_NONE', 'UC_NONE', 'TPC_NONE', 'UC_NONE', 'TPC_NONE', 'TPC_NONE', 'TPC_NONE', 'TPC_NONE', 'SPC_NONE', 'SBX_NONE', 'TPC_NONE', 'TPC_NONE', 'TPC_MNUF', 'UC_NONE', 'SBX_MPOLY', 'UC_NONE', 'TPC_MPOLY', 'SBX_NONE', 'TPC_NONE', 'UC_NONE', 'SPC_NONE', 'UC_NONE', 'UC_NONE', 'UC_MPOLY', 'UC_NONE', 'UC_NONE', 'SBX_MPOLY', 'SPC_NONE', 'SPC_NONE', 'SPC_MPOLY', 'TPC_MPOLY', 'UC_NONE', 'TPC_NONE', 'SPC_NONE', 'SPC_NONE', 'UC_NONE', 'SBX_NONE', 'SPC_NONE', 'TPC_NONE', 'TPC_NONE', 'SPC_NONE', 'SPC_NONE', 'UC_NONE', 'TPC_NONE', 'UC_NONE', 'TPC_NONE', 'UC_NONE', 'SPC_NONE', 'TPC_NONE', 'UC_NONE', 'UC_NONE', 'UC_NONE', 'SPC_NONE', 'UC_MPOLY', 'TPC_NONE', 'TPC_NONE', 'UC_NONE', 'SPC_NONE', 'TPC_NONE', 'SPC_NONE', 'UC_NONE', 'TPC_NONE', 'UC_NONE', 'TPC_NONE', 'SPC_NONE', 'SPC_NONE', 'UC_NONE', 'SPC_NONE', 'SPC_NONE', 'UC_NONE', 'SPC_NONE', 'SPC_NONE', 'TPC_NONE', 'SPC_NONE']","{'SBX_MPOLY': 3, 'UC_MPOLY': 4, 'SPC_MPOLY': 2, 'TPC_NONE': 24, 'TPC_MPOLY': 3, 'NONE_MPOLY': 1, 'SPC_NONE': 22, 'UC_NONE': 25, 'SBX_NONE': 3, 'TPC_MNUF': 1}"
4,89,UC,NONE,0.6836151837158126,0.0332892141588959,436884376.32,298386650.22269344,1172777.12,687830.8629711999,0.7408092523508345,2.16688668475129e-06,0.0,0.0,GREEDY_HV,"['SPC_MBFLIP', 'SBX_MPOLY', 'UC_MPOLY', 'SPC_MPOLY', 'TPC_NONE', 'TPC_MPOLY', 'NONE_MPOLY', 'TPC_NONE', 'TPC_NONE', 'UC_MPOLY', 'SPC_NONE', 'SPC_NONE', 'UC_NONE', 'UC_NONE', 'UC_NONE', 'TPC_NONE', 'UC_NONE', 'TPC_NONE', 'UC_NONE', 'TPC_NONE', 'TPC_NONE', 'TPC_NONE', 'TPC_NONE', 'SPC_NONE', 'SBX_NONE', 'TPC_NONE', 'TPC_NONE', 'TPC_MNUF', 'UC_NONE', 'SBX_MPOLY', 'UC_NONE', 'TPC_MPOLY', 'SBX_NONE', 'TPC_NONE', 'UC_NONE', 'SPC_NONE', 'UC_NONE', 'UC_NONE', 'UC_MPOLY', 'UC_NONE', 'UC_NONE', 'SBX_MPOLY', 'SPC_NONE', 'SPC_NONE', 'SPC_MPOLY', 'TPC_MPOLY', 'UC_NONE', 'TPC_NONE', 'SPC_NONE', 'SPC_NONE', 'UC_NONE', 'SBX_NONE', 'SPC_NONE', 'TPC_NONE', 'TPC_NONE', 'SPC_NONE', 'SPC_NONE', 'UC_NONE', 'TPC_NONE', 'UC_NONE', 'TPC_NONE', 'UC_NONE', 'SPC_NONE', 'TPC_NONE', 'UC_NONE', 'UC_NONE', 'UC_NONE', 'SPC_NONE', 'UC_MPOLY', 'TPC_NONE', 'TPC_NONE', 'UC_NONE', 'SPC_NONE', 'TPC_NONE', 'SPC_NONE', 'UC_NONE', 'TPC_NONE', 'UC_NONE', 'TPC_NONE', 'SPC_NONE', 'SPC_NONE', 'UC_NONE', 'SPC_NONE', 'SPC_NONE', 'UC_NONE', 'SPC_NONE', 'SPC_NONE', 'TPC_NONE', 'SPC_NONE', 'UC_NONE']","{'SBX_MPOLY': 3, 'UC_MPOLY': 4, 'SPC_MPOLY': 2, 'TPC_NONE': 24, 'TPC_MPOLY': 3, 'NONE_MPOLY': 1, 'SPC_NONE': 22, 'UC_NONE': 26, 'SBX_NONE': 3, 'TPC_MNUF': 1}"
4,90,UC,NONE,0.6845157023170815,0.0337582245951799,455109664.0,303333124.92972344,1212138.4,692224.9863602441,0.7408020544463491,-7.197904485445328e-06,0.0,0.0,GREEDY_HV,"['SPC_MBFLIP', 'SBX_MPOLY', 'UC_MPOLY', 'SPC_MPOLY', 'TPC_NONE', 'TPC_MPOLY', 'NONE_MPOLY', 'TPC_NONE', 'TPC_NONE', 'UC_MPOLY', 'SPC_NONE', 'SPC_NONE', 'UC_NONE', 'UC_NONE', 'UC_NONE', 'TPC_NONE', 'UC_NONE', 'TPC_NONE', 'UC_NONE', 'TPC_NONE', 'TPC_NONE', 'TPC_NONE', 'TPC_NONE', 'SPC_NONE', 'SBX_NONE', 'TPC_NONE', 'TPC_NONE', 'TPC_MNUF', 'UC_NONE', 'SBX_MPOLY', 'UC_NONE', 'TPC_MPOLY', 'SBX_NONE', 'TPC_NONE', 'UC_NONE', 'SPC_NONE', 'UC_NONE', 'UC_NONE', 'UC_MPOLY', 'UC_NONE', 'UC_NONE', 'SBX_MPOLY', 'SPC_NONE', 'SPC_NONE', 'SPC_MPOLY', 'TPC_MPOLY', 'UC_NONE', 'TPC_NONE', 'SPC_NONE', 'SPC_NONE', 'UC_NONE', 'SBX_NONE', 'SPC_NONE', 'TPC_NONE', 'TPC_NONE', 'SPC_NONE', 'SPC_NONE', 'UC_NONE', 'TPC_NONE', 'UC_NONE', 'TPC_NONE', 'UC_NONE', 'SPC_NONE', 'TPC_NONE', 'UC_NONE', 'UC_NONE', 'UC_NONE', 'SPC_NONE', 'UC_MPOLY', 'TPC_NONE', 'TPC_NONE', 'UC_NONE', 'SPC_NONE', 'TPC_NONE', 'SPC_NONE', 'UC_NONE', 'TPC_NONE', 'UC_NONE', 'TPC_NONE', 'SPC_NONE', 'SPC_NONE', 'UC_NONE', 'SPC_NONE', 'SPC_NONE', 'UC_NONE', 'SPC_NONE', 'SPC_NONE', 'TPC_NONE', 'SPC_NONE', 'UC_NONE', 'UC_NONE']","{'SBX_MPOLY': 3, 'UC_MPOLY': 4, 'SPC_MPOLY': 2, 'TPC_NONE': 24, 'TPC_MPOLY': 3, 'NONE_MPOLY': 1, 'SPC_NONE': 22, 'UC_NONE': 27, 'SBX_NONE': 3, 'TPC_MNUF': 1}"
4,91,TPC,NONE,0.6836588976512905,0.0338426512098067,446460547.84,298212641.1603432,1186498.72,687518.8351590971,0.740783998840876,-1.8055605473077385e-05,0.0,0.0,GREEDY_HV,"['SPC_MBFLIP', 'SBX_MPOLY', 'UC_MPOLY', 'SPC_MPOLY', 'TPC_NONE', 'TPC_MPOLY', 'NONE_MPOLY', 'TPC_NONE', 'TPC_NONE', 'UC_MPOLY', 'SPC_NONE', 'SPC_NONE', 'UC_NONE', 'UC_NONE', 'UC_NONE', 'TPC_NONE', 'UC_NONE', 'TPC_NONE', 'UC_NONE', 'TPC_NONE', 'TPC_NONE', 'TPC_NONE', 'TPC_NONE', 'SPC_NONE', 'SBX_NONE', 'TPC_NONE', 'TPC_NONE', 'TPC_MNUF', 'UC_NONE', 'SBX_MPOLY', 'UC_NONE', 'TPC_MPOLY', 'SBX_NONE', 'TPC_NONE', 'UC_NONE', 'SPC_NONE', 'UC_NONE', 'UC_NONE', 'UC_MPOLY', 'UC_NONE', 'UC_NONE', 'SBX_MPOLY', 'SPC_NONE', 'SPC_NONE', 'SPC_MPOLY', 'TPC_MPOLY', 'UC_NONE', 'TPC_NONE', 'SPC_NONE', 'SPC_NONE', 'UC_NONE', 'SBX_NONE', 'SPC_NONE', 'TPC_NONE', 'TPC_NONE', 'SPC_NONE', 'SPC_NONE', 'UC_NONE', 'TPC_NONE', 'UC_NONE', 'TPC_NONE', 'UC_NONE', 'SPC_NONE', 'TPC_NONE', 'UC_NONE', 'UC_NONE', 'UC_NONE', 'SPC_NONE', 'UC_MPOLY', 'TPC_NONE', 'TPC_NONE', 'UC_NONE', 'SPC_NONE', 'TPC_NONE', 'SPC_NONE', 'UC_NONE', 'TPC_NONE', 'UC_NONE', 'TPC_NONE', 'SPC_NONE', 'SPC_NONE', 'UC_NONE', 'SPC_NONE', 'SPC_NONE', 'UC_NONE', 'SPC_NONE', 'SPC_NONE', 'TPC_NONE', 'SPC_NONE', 'UC_NONE', 'UC_NONE', 'TPC_NONE']","{'SBX_MPOLY': 3, 'UC_MPOLY': 4, 'SPC_MPOLY': 2, 'TPC_NONE': 25, 'TPC_MPOLY': 3, 'NONE_MPOLY': 1, 'SPC_NONE': 22, 'UC_NONE': 27, 'SBX_NONE': 3, 'TPC_MNUF': 1}"
4,92,TPC,NONE,0.6846058877926802,0.0334146463330162,448941269.76,296285316.90247405,1196906.4,684381.8162699533,0.7407918481572355,7.849316359553882e-06,0.0,0.0,GREEDY_HV,"['SPC_MBFLIP', 'SBX_MPOLY', 'UC_MPOLY', 'SPC_MPOLY', 'TPC_NONE', 'TPC_MPOLY', 'NONE_MPOLY', 'TPC_NONE', 'TPC_NONE', 'UC_MPOLY', 'SPC_NONE', 'SPC_NONE', 'UC_NONE', 'UC_NONE', 'UC_NONE', 'TPC_NONE', 'UC_NONE', 'TPC_NONE', 'UC_NONE', 'TPC_NONE', 'TPC_NONE', 'TPC_NONE', 'TPC_NONE', 'SPC_NONE', 'SBX_NONE', 'TPC_NONE', 'TPC_NONE', 'TPC_MNUF', 'UC_NONE', 'SBX_MPOLY', 'UC_NONE', 'TPC_MPOLY', 'SBX_NONE', 'TPC_NONE', 'UC_NONE', 'SPC_NONE', 'UC_NONE', 'UC_NONE', 'UC_MPOLY', 'UC_NONE', 'UC_NONE', 'SBX_MPOLY', 'SPC_NONE', 'SPC_NONE', 'SPC_MPOLY', 'TPC_MPOLY', 'UC_NONE', 'TPC_NONE', 'SPC_NONE', 'SPC_NONE', 'UC_NONE', 'SBX_NONE', 'SPC_NONE', 'TPC_NONE', 'TPC_NONE', 'SPC_NONE', 'SPC_NONE', 'UC_NONE', 'TPC_NONE', 'UC_NONE', 'TPC_NONE', 'UC_NONE', 'SPC_NONE', 'TPC_NONE', 'UC_NONE', 'UC_NONE', 'UC_NONE', 'SPC_NONE', 'UC_MPOLY', 'TPC_NONE', 'TPC_NONE', 'UC_NONE', 'SPC_NONE', 'TPC_NONE', 'SPC_NONE', 'UC_NONE', 'TPC_NONE', 'UC_NONE', 'TPC_NONE', 'SPC_NONE', 'SPC_NONE', 'UC_NONE', 'SPC_NONE', 'SPC_NONE', 'UC_NONE', 'SPC_NONE', 'SPC_NONE', 'TPC_NONE', 'SPC_NONE', 'UC_NONE', 'UC_NONE', 'TPC_NONE', 'TPC_NONE']","{'SBX_MPOLY': 3, 'UC_MPOLY': 4, 'SPC_MPOLY': 2, 'TPC_NONE': 26, 'TPC_MPOLY': 3, 'NONE_MPOLY': 1, 'SPC_NONE': 22, 'UC_NONE': 27, 'SBX_NONE': 3, 'TPC_MNUF': 1}"
4,93,TPC,MNUF,0.6842246288104431,0.0329076804820517,441393219.84,293931304.9465076,1180197.28,681112.0271788199,0.7407909216959735,-9.264612620407676e-07,0.0,0.0,GREEDY_HV,"['SPC_MBFLIP', 'SBX_MPOLY', 'UC_MPOLY', 'SPC_MPOLY', 'TPC_NONE', 'TPC_MPOLY', 'NONE_MPOLY', 'TPC_NONE', 'TPC_NONE', 'UC_MPOLY', 'SPC_NONE', 'SPC_NONE', 'UC_NONE', 'UC_NONE', 'UC_NONE', 'TPC_NONE', 'UC_NONE', 'TPC_NONE', 'UC_NONE', 'TPC_NONE', 'TPC_NONE', 'TPC_NONE', 'TPC_NONE', 'SPC_NONE', 'SBX_NONE', 'TPC_NONE', 'TPC_NONE', 'TPC_MNUF', 'UC_NONE', 'SBX_MPOLY', 'UC_NONE', 'TPC_MPOLY', 'SBX_NONE', 'TPC_NONE', 'UC_NONE', 'SPC_NONE', 'UC_NONE', 'UC_NONE', 'UC_MPOLY', 'UC_NONE', 'UC_NONE', 'SBX_MPOLY', 'SPC_NONE', 'SPC_NONE', 'SPC_MPOLY', 'TPC_MPOLY', 'UC_NONE', 'TPC_NONE', 'SPC_NONE', 'SPC_NONE', 'UC_NONE', 'SBX_NONE', 'SPC_NONE', 'TPC_NONE', 'TPC_NONE', 'SPC_NONE', 'SPC_NONE', 'UC_NONE', 'TPC_NONE', 'UC_NONE', 'TPC_NONE', 'UC_NONE', 'SPC_NONE', 'TPC_NONE', 'UC_NONE', 'UC_NONE', 'UC_NONE', 'SPC_NONE', 'UC_MPOLY', 'TPC_NONE', 'TPC_NONE', 'UC_NONE', 'SPC_NONE', 'TPC_NONE', 'SPC_NONE', 'UC_NONE', 'TPC_NONE', 'UC_NONE', 'TPC_NONE', 'SPC_NONE', 'SPC_NONE', 'UC_NONE', 'SPC_NONE', 'SPC_NONE', 'UC_NONE', 'SPC_NONE', 'SPC_NONE', 'TPC_NONE', 'SPC_NONE', 'UC_NONE', 'UC_NONE', 'TPC_NONE', 'TPC_NONE', 'TPC_MNUF']","{'SBX_MPOLY': 3, 'UC_MPOLY': 4, 'SPC_MPOLY': 2, 'TPC_NONE': 26, 'TPC_MPOLY': 3, 'NONE_MPOLY': 1, 'SPC_NONE': 22, 'UC_NONE': 27, 'SBX_NONE': 3, 'TPC_MNUF': 2}"
4,94,SPC,MNUF,0.6840170651991027,0.0335862963999538,449993381.12,302331432.2817269,1180284.32,690678.4605882374,0.7408117653406321,2.084364465859689e-05,0.0,0.0,GREEDY_HV,"['SPC_MBFLIP', 'SBX_MPOLY', 'UC_MPOLY', 'SPC_MPOLY', 'TPC_NONE', 'TPC_MPOLY', 'NONE_MPOLY', 'TPC_NONE', 'TPC_NONE', 'UC_MPOLY', 'SPC_NONE', 'SPC_NONE', 'UC_NONE', 'UC_NONE', 'UC_NONE', 'TPC_NONE', 'UC_NONE', 'TPC_NONE', 'UC_NONE', 'TPC_NONE', 'TPC_NONE', 'TPC_NONE', 'TPC_NONE', 'SPC_NONE', 'SBX_NONE', 'TPC_NONE', 'TPC_NONE', 'TPC_MNUF', 'UC_NONE', 'SBX_MPOLY', 'UC_NONE', 'TPC_MPOLY', 'SBX_NONE', 'TPC_NONE', 'UC_NONE', 'SPC_NONE', 'UC_NONE', 'UC_NONE', 'UC_MPOLY', 'UC_NONE', 'UC_NONE', 'SBX_MPOLY', 'SPC_NONE', 'SPC_NONE', 'SPC_MPOLY', 'TPC_MPOLY', 'UC_NONE', 'TPC_NONE', 'SPC_NONE', 'SPC_NONE', 'UC_NONE', 'SBX_NONE', 'SPC_NONE', 'TPC_NONE', 'TPC_NONE', 'SPC_NONE', 'SPC_NONE', 'UC_NONE', 'TPC_NONE', 'UC_NONE', 'TPC_NONE', 'UC_NONE', 'SPC_NONE', 'TPC_NONE', 'UC_NONE', 'UC_NONE', 'UC_NONE', 'SPC_NONE', 'UC_MPOLY', 'TPC_NONE', 'TPC_NONE', 'UC_NONE', 'SPC_NONE', 'TPC_NONE', 'SPC_NONE', 'UC_NONE', 'TPC_NONE', 'UC_NONE', 'TPC_NONE', 'SPC_NONE', 'SPC_NONE', 'UC_NONE', 'SPC_NONE', 'SPC_NONE', 'UC_NONE', 'SPC_NONE', 'SPC_NONE', 'TPC_NONE', 'SPC_NONE', 'UC_NONE', 'UC_NONE', 'TPC_NONE', 'TPC_NONE', 'TPC_MNUF', 'SPC_MNUF']","{'SBX_MPOLY': 3, 'UC_MPOLY': 4, 'SPC_MPOLY': 2, 'TPC_NONE': 26, 'TPC_MPOLY': 3, 'NONE_MPOLY': 1, 'SPC_NONE': 22, 'UC_NONE': 27, 'SBX_NONE': 3, 'TPC_MNUF': 2, 'SPC_MNUF': 1}"
4,95,SPC,MNUF,0.6829405313641039,0.0329061248222324,423497217.28,285783593.1119318,1157966.24,674074.745065755,0.740824259015499,1.2493674866886906e-05,0.0,0.005,GREEDY_HV,"['SPC_MBFLIP', 'SBX_MPOLY', 'UC_MPOLY', 'SPC_MPOLY', 'TPC_NONE', 'TPC_MPOLY', 'NONE_MPOLY', 'TPC_NONE', 'TPC_NONE', 'UC_MPOLY', 'SPC_NONE', 'SPC_NONE', 'UC_NONE', 'UC_NONE', 'UC_NONE', 'TPC_NONE', 'UC_NONE', 'TPC_NONE', 'UC_NONE', 'TPC_NONE', 'TPC_NONE', 'TPC_NONE', 'TPC_NONE', 'SPC_NONE', 'SBX_NONE', 'TPC_NONE', 'TPC_NONE', 'TPC_MNUF', 'UC_NONE', 'SBX_MPOLY', 'UC_NONE', 'TPC_MPOLY', 'SBX_NONE', 'TPC_NONE', 'UC_NONE', 'SPC_NONE', 'UC_NONE', 'UC_NONE', 'UC_MPOLY', 'UC_NONE', 'UC_NONE', 'SBX_MPOLY', 'SPC_NONE', 'SPC_NONE', 'SPC_MPOLY', 'TPC_MPOLY', 'UC_NONE', 'TPC_NONE', 'SPC_NONE', 'SPC_NONE', 'UC_NONE', 'SBX_NONE', 'SPC_NONE', 'TPC_NONE', 'TPC_NONE', 'SPC_NONE', 'SPC_NONE', 'UC_NONE', 'TPC_NONE', 'UC_NONE', 'TPC_NONE', 'UC_NONE', 'SPC_NONE', 'TPC_NONE', 'UC_NONE', 'UC_NONE', 'UC_NONE', 'SPC_NONE', 'UC_MPOLY', 'TPC_NONE', 'TPC_NONE', 'UC_NONE', 'SPC_NONE', 'TPC_NONE', 'SPC_NONE', 'UC_NONE', 'TPC_NONE', 'UC_NONE', 'TPC_NONE', 'SPC_NONE', 'SPC_NONE', 'UC_NONE', 'SPC_NONE', 'SPC_NONE', 'UC_NONE', 'SPC_NONE', 'SPC_NONE', 'TPC_NONE', 'SPC_NONE', 'UC_NONE', 'UC_NONE', 'TPC_NONE', 'TPC_NONE', 'TPC_MNUF', 'SPC_MNUF', 'SPC_MNUF']","{'SBX_MPOLY': 3, 'UC_MPOLY': 4, 'SPC_MPOLY': 2, 'TPC_NONE': 26, 'TPC_MPOLY': 3, 'NONE_MPOLY': 1, 'SPC_NONE': 22, 'UC_NONE': 27, 'SBX_NONE': 3, 'TPC_MNUF': 2, 'SPC_MNUF': 2}"
4,96,UC,NONE,0.6827718374451907,0.0333745870410549,421827933.44,284605060.2996854,1147847.84,680631.9657602737,0.7408084422698383,-1.581674566064617e-05,0.0,0.0,GREEDY_HV,"['SPC_MBFLIP', 'SBX_MPOLY', 'UC_MPOLY', 'SPC_MPOLY', 'TPC_NONE', 'TPC_MPOLY', 'NONE_MPOLY', 'TPC_NONE', 'TPC_NONE', 'UC_MPOLY', 'SPC_NONE', 'SPC_NONE', 'UC_NONE', 'UC_NONE', 'UC_NONE', 'TPC_NONE', 'UC_NONE', 'TPC_NONE', 'UC_NONE', 'TPC_NONE', 'TPC_NONE', 'TPC_NONE', 'TPC_NONE', 'SPC_NONE', 'SBX_NONE', 'TPC_NONE', 'TPC_NONE', 'TPC_MNUF', 'UC_NONE', 'SBX_MPOLY', 'UC_NONE', 'TPC_MPOLY', 'SBX_NONE', 'TPC_NONE', 'UC_NONE', 'SPC_NONE', 'UC_NONE', 'UC_NONE', 'UC_MPOLY', 'UC_NONE', 'UC_NONE', 'SBX_MPOLY', 'SPC_NONE', 'SPC_NONE', 'SPC_MPOLY', 'TPC_MPOLY', 'UC_NONE', 'TPC_NONE', 'SPC_NONE', 'SPC_NONE', 'UC_NONE', 'SBX_NONE', 'SPC_NONE', 'TPC_NONE', 'TPC_NONE', 'SPC_NONE', 'SPC_NONE', 'UC_NONE', 'TPC_NONE', 'UC_NONE', 'TPC_NONE', 'UC_NONE', 'SPC_NONE', 'TPC_NONE', 'UC_NONE', 'UC_NONE', 'UC_NONE', 'SPC_NONE', 'UC_MPOLY', 'TPC_NONE', 'TPC_NONE', 'UC_NONE', 'SPC_NONE', 'TPC_NONE', 'SPC_NONE', 'UC_NONE', 'TPC_NONE', 'UC_NONE', 'TPC_NONE', 'SPC_NONE', 'SPC_NONE', 'UC_NONE', 'SPC_NONE', 'SPC_NONE', 'UC_NONE', 'SPC_NONE', 'SPC_NONE', 'TPC_NONE', 'SPC_NONE', 'UC_NONE', 'UC_NONE', 'TPC_NONE', 'TPC_NONE', 'TPC_MNUF', 'SPC_MNUF', 'SPC_MNUF', 'UC_NONE']","{'SBX_MPOLY': 3, 'UC_MPOLY': 4, 'SPC_MPOLY': 2, 'TPC_NONE': 26, 'TPC_MPOLY': 3, 'NONE_MPOLY': 1, 'SPC_NONE': 22, 'UC_NONE': 28, 'SBX_NONE': 3, 'TPC_MNUF': 2, 'SPC_MNUF': 2}"
4,97,UC,NONE,0.6838209421122668,0.0324126336071233,425668094.72,280551865.6365652,1154860.96,653463.9116812791,0.7408159695785137,7.5273086753702145e-06,0.0,0.0,GREEDY_HV,"['SPC_MBFLIP', 'SBX_MPOLY', 'UC_MPOLY', 'SPC_MPOLY', 'TPC_NONE', 'TPC_MPOLY', 'NONE_MPOLY', 'TPC_NONE', 'TPC_NONE', 'UC_MPOLY', 'SPC_NONE', 'SPC_NONE', 'UC_NONE', 'UC_NONE', 'UC_NONE', 'TPC_NONE', 'UC_NONE', 'TPC_NONE', 'UC_NONE', 'TPC_NONE', 'TPC_NONE', 'TPC_NONE', 'TPC_NONE', 'SPC_NONE', 'SBX_NONE', 'TPC_NONE', 'TPC_NONE', 'TPC_MNUF', 'UC_NONE', 'SBX_MPOLY', 'UC_NONE', 'TPC_MPOLY', 'SBX_NONE', 'TPC_NONE', 'UC_NONE', 'SPC_NONE', 'UC_NONE', 'UC_NONE', 'UC_MPOLY', 'UC_NONE', 'UC_NONE', 'SBX_MPOLY', 'SPC_NONE', 'SPC_NONE', 'SPC_MPOLY', 'TPC_MPOLY', 'UC_NONE', 'TPC_NONE', 'SPC_NONE', 'SPC_NONE', 'UC_NONE', 'SBX_NONE', 'SPC_NONE', 'TPC_NONE', 'TPC_NONE', 'SPC_NONE', 'SPC_NONE', 'UC_NONE', 'TPC_NONE', 'UC_NONE', 'TPC_NONE', 'UC_NONE', 'SPC_NONE', 'TPC_NONE', 'UC_NONE', 'UC_NONE', 'UC_NONE', 'SPC_NONE', 'UC_MPOLY', 'TPC_NONE', 'TPC_NONE', 'UC_NONE', 'SPC_NONE', 'TPC_NONE', 'SPC_NONE', 'UC_NONE', 'TPC_NONE', 'UC_NONE', 'TPC_NONE', 'SPC_NONE', 'SPC_NONE', 'UC_NONE', 'SPC_NONE', 'SPC_NONE', 'UC_NONE', 'SPC_NONE', 'SPC_NONE', 'TPC_NONE', 'SPC_NONE', 'UC_NONE', 'UC_NONE', 'TPC_NONE', 'TPC_NONE', 'TPC_MNUF', 'SPC_MNUF', 'SPC_MNUF', 'UC_NONE', 'UC_NONE']","{'SBX_MPOLY': 3, 'UC_MPOLY': 4, 'SPC_MPOLY': 2, 'TPC_NONE': 26, 'TPC_MPOLY': 3, 'NONE_MPOLY': 1, 'SPC_NONE': 22, 'UC_NONE': 29, 'SBX_NONE': 3, 'TPC_MNUF': 2, 'SPC_MNUF': 2}"
4,98,TPC,MNUF,0.6820912211010354,0.0337903567662221,421952111.36,285538388.3911928,1145040.8,677378.5313029045,0.7408275214565246,1.1551878010940264e-05,0.0,0.0,GREEDY_HV,"['SPC_MBFLIP', 'SBX_MPOLY', 'UC_MPOLY', 'SPC_MPOLY', 'TPC_NONE', 'TPC_MPOLY', 'NONE_MPOLY', 'TPC_NONE', 'TPC_NONE', 'UC_MPOLY', 'SPC_NONE', 'SPC_NONE', 'UC_NONE', 'UC_NONE', 'UC_NONE', 'TPC_NONE', 'UC_NONE', 'TPC_NONE', 'UC_NONE', 'TPC_NONE', 'TPC_NONE', 'TPC_NONE', 'TPC_NONE', 'SPC_NONE', 'SBX_NONE', 'TPC_NONE', 'TPC_NONE', 'TPC_MNUF', 'UC_NONE', 'SBX_MPOLY', 'UC_NONE', 'TPC_MPOLY', 'SBX_NONE', 'TPC_NONE', 'UC_NONE', 'SPC_NONE', 'UC_NONE', 'UC_NONE', 'UC_MPOLY', 'UC_NONE', 'UC_NONE', 'SBX_MPOLY', 'SPC_NONE', 'SPC_NONE', 'SPC_MPOLY', 'TPC_MPOLY', 'UC_NONE', 'TPC_NONE', 'SPC_NONE', 'SPC_NONE', 'UC_NONE', 'SBX_NONE', 'SPC_NONE', 'TPC_NONE', 'TPC_NONE', 'SPC_NONE', 'SPC_NONE', 'UC_NONE', 'TPC_NONE', 'UC_NONE', 'TPC_NONE', 'UC_NONE', 'SPC_NONE', 'TPC_NONE', 'UC_NONE', 'UC_NONE', 'UC_NONE', 'SPC_NONE', 'UC_MPOLY', 'TPC_NONE', 'TPC_NONE', 'UC_NONE', 'SPC_NONE', 'TPC_NONE', 'SPC_NONE', 'UC_NONE', 'TPC_NONE', 'UC_NONE', 'TPC_NONE', 'SPC_NONE', 'SPC_NONE', 'UC_NONE', 'SPC_NONE', 'SPC_NONE', 'UC_NONE', 'SPC_NONE', 'SPC_NONE', 'TPC_NONE', 'SPC_NONE', 'UC_NONE', 'UC_NONE', 'TPC_NONE', 'TPC_NONE', 'TPC_MNUF', 'SPC_MNUF', 'SPC_MNUF', 'UC_NONE', 'UC_NONE', 'TPC_MNUF']","{'SBX_MPOLY': 3, 'UC_MPOLY': 4, 'SPC_MPOLY': 2, 'TPC_NONE': 26, 'TPC_MPOLY': 3, 'NONE_MPOLY': 1, 'SPC_NONE': 22, 'UC_NONE': 29, 'SBX_NONE': 3, 'TPC_MNUF': 3, 'SPC_MNUF': 2}"
4,99,SBX,MNUF,0.683012032209389,0.032653600737713,423175980.8,284474142.62289,1163188.64,679474.9708458659,0.7411802316318374,0.0003527101753127,0.0,0.01,GREEDY_HV,"['SPC_MBFLIP', 'SBX_MPOLY', 'UC_MPOLY', 'SPC_MPOLY', 'TPC_NONE', 'TPC_MPOLY', 'NONE_MPOLY', 'TPC_NONE', 'TPC_NONE', 'UC_MPOLY', 'SPC_NONE', 'SPC_NONE', 'UC_NONE', 'UC_NONE', 'UC_NONE', 'TPC_NONE', 'UC_NONE', 'TPC_NONE', 'UC_NONE', 'TPC_NONE', 'TPC_NONE', 'TPC_NONE', 'TPC_NONE', 'SPC_NONE', 'SBX_NONE', 'TPC_NONE', 'TPC_NONE', 'TPC_MNUF', 'UC_NONE', 'SBX_MPOLY', 'UC_NONE', 'TPC_MPOLY', 'SBX_NONE', 'TPC_NONE', 'UC_NONE', 'SPC_NONE', 'UC_NONE', 'UC_NONE', 'UC_MPOLY', 'UC_NONE', 'UC_NONE', 'SBX_MPOLY', 'SPC_NONE', 'SPC_NONE', 'SPC_MPOLY', 'TPC_MPOLY', 'UC_NONE', 'TPC_NONE', 'SPC_NONE', 'SPC_NONE', 'UC_NONE', 'SBX_NONE', 'SPC_NONE', 'TPC_NONE', 'TPC_NONE', 'SPC_NONE', 'SPC_NONE', 'UC_NONE', 'TPC_NONE', 'UC_NONE', 'TPC_NONE', 'UC_NONE', 'SPC_NONE', 'TPC_NONE', 'UC_NONE', 'UC_NONE', 'UC_NONE', 'SPC_NONE', 'UC_MPOLY', 'TPC_NONE', 'TPC_NONE', 'UC_NONE', 'SPC_NONE', 'TPC_NONE', 'SPC_NONE', 'UC_NONE', 'TPC_NONE', 'UC_NONE', 'TPC_NONE', 'SPC_NONE', 'SPC_NONE', 'UC_NONE', 'SPC_NONE', 'SPC_NONE', 'UC_NONE', 'SPC_NONE', 'SPC_NONE', 'TPC_NONE', 'SPC_NONE', 'UC_NONE', 'UC_NONE', 'TPC_NONE', 'TPC_NONE', 'TPC_MNUF', 'SPC_MNUF', 'SPC_MNUF', 'UC_NONE', 'UC_NONE', 'TPC_MNUF', 'SBX_MNUF']","{'SBX_MPOLY': 3, 'UC_MPOLY': 4, 'SPC_MPOLY': 2, 'TPC_NONE': 26, 'TPC_MPOLY': 3, 'NONE_MPOLY': 1, 'SPC_NONE': 22, 'UC_NONE': 29, 'SBX_NONE': 3, 'TPC_MNUF': 3, 'SPC_MNUF': 2, 'SBX_MNUF': 1}"
4,100,SPC,NONE,0.6843355171928407,0.0333671355988158,440781702.4,285090931.00570506,1197013.92,699382.848524607,0.7411929664021023,1.2734770264866135e-05,0.0,0.0,GREEDY_HV,"['SPC_MBFLIP', 'SBX_MPOLY', 'UC_MPOLY', 'SPC_MPOLY', 'TPC_NONE', 'TPC_MPOLY', 'NONE_MPOLY', 'TPC_NONE', 'TPC_NONE', 'UC_MPOLY', 'SPC_NONE', 'SPC_NONE', 'UC_NONE', 'UC_NONE', 'UC_NONE', 'TPC_NONE', 'UC_NONE', 'TPC_NONE', 'UC_NONE', 'TPC_NONE', 'TPC_NONE', 'TPC_NONE', 'TPC_NONE', 'SPC_NONE', 'SBX_NONE', 'TPC_NONE', 'TPC_NONE', 'TPC_MNUF', 'UC_NONE', 'SBX_MPOLY', 'UC_NONE', 'TPC_MPOLY', 'SBX_NONE', 'TPC_NONE', 'UC_NONE', 'SPC_NONE', 'UC_NONE', 'UC_NONE', 'UC_MPOLY', 'UC_NONE', 'UC_NONE', 'SBX_MPOLY', 'SPC_NONE', 'SPC_NONE', 'SPC_MPOLY', 'TPC_MPOLY', 'UC_NONE', 'TPC_NONE', 'SPC_NONE', 'SPC_NONE', 'UC_NONE', 'SBX_NONE', 'SPC_NONE', 'TPC_NONE', 'TPC_NONE', 'SPC_NONE', 'SPC_NONE', 'UC_NONE', 'TPC_NONE', 'UC_NONE', 'TPC_NONE', 'UC_NONE', 'SPC_NONE', 'TPC_NONE', 'UC_NONE', 'UC_NONE', 'UC_NONE', 'SPC_NONE', 'UC_MPOLY', 'TPC_NONE', 'TPC_NONE', 'UC_NONE', 'SPC_NONE', 'TPC_NONE', 'SPC_NONE', 'UC_NONE', 'TPC_NONE', 'UC_NONE', 'TPC_NONE', 'SPC_NONE', 'SPC_NONE', 'UC_NONE', 'SPC_NONE', 'SPC_NONE', 'UC_NONE', 'SPC_NONE', 'SPC_NONE', 'TPC_NONE', 'SPC_NONE', 'UC_NONE', 'UC_NONE', 'TPC_NONE', 'TPC_NONE', 'TPC_MNUF', 'SPC_MNUF', 'SPC_MNUF', 'UC_NONE', 'UC_NONE', 'TPC_MNUF', 'SBX_MNUF', 'SPC_NONE']","{'SBX_MPOLY': 3, 'UC_MPOLY': 4, 'SPC_MPOLY': 2, 'TPC_NONE': 26, 'TPC_MPOLY': 3, 'NONE_MPOLY': 1, 'SPC_NONE': 23, 'UC_NONE': 29, 'SBX_NONE': 3, 'TPC_MNUF': 3, 'SPC_MNUF': 2, 'SBX_MNUF': 1}"
5,1,SBX,MPOLY,0.6591189801667602,0.0185706047706849,1559226568.96,1359401336.1729422,2747430.56,1804352.7646020013,0.6836811016018485,0.0,0.15,0.215,GREEDY_HV,"['SPC_MBFLIP', 'SBX_MPOLY']",{'SBX_MPOLY': 1}
5,2,SBX,MNUF,0.6590544797659166,0.021265490505244,1325453240.32,1215394794.1397746,2475284.64,1603715.5892144688,0.7023537963568374,0.0186726947549888,0.06,0.055,GREEDY_HV,"['SPC_MBFLIP', 'SBX_MPOLY', 'SBX_MNUF']","{'SBX_MPOLY': 1, 'SBX_MNUF': 1}"
5,3,SPC,MPOLY,0.6604078367883929,0.0218261154154816,844252768.0,659305558.5650269,1909787.04,1070264.3816276607,0.7118115869980437,0.0094577906412063,0.16,0.085,GREEDY_HV,"['SPC_MBFLIP', 'SBX_MPOLY', 'SBX_MNUF', 'SPC_MPOLY']","{'SBX_MPOLY': 1, 'SBX_MNUF': 1, 'SPC_MPOLY': 1}"
5,4,TPC,NONE,0.667910003395757,0.0209566334778567,764097620.48,775411982.2453406,1875603.36,1149843.92092711,0.7150798038801565,0.0032682168821127,0.17,0.0,GREEDY_HV,"['SPC_MBFLIP', 'SBX_MPOLY', 'SBX_MNUF', 'SPC_MPOLY', 'TPC_NONE']","{'SBX_MPOLY': 1, 'SBX_MNUF': 1, 'SPC_MPOLY': 1, 'TPC_NONE': 1}"
5,5,SBX,MPOLY,0.6661952606366617,0.0234654547174683,624557781.76,562247231.4896061,1720620.96,1207203.8591817864,0.7183431890279722,0.0032633851478157,0.01,0.085,GREEDY_HV,"['SPC_MBFLIP', 'SBX_MPOLY', 'SBX_MNUF', 'SPC_MPOLY', 'TPC_NONE', 'SBX_MPOLY']","{'SBX_MPOLY': 2, 'SBX_MNUF': 1, 'SPC_MPOLY': 1, 'TPC_NONE': 1}"
5,6,SPC,MPOLY,0.6728762690787,0.0199668809906854,692522956.8,593589208.066309,1907566.24,1201111.5541262026,0.721641047237032,0.0032978582090598,0.11,0.015,GREEDY_HV,"['SPC_MBFLIP', 'SBX_MPOLY', 'SBX_MNUF', 'SPC_MPOLY', 'TPC_NONE', 'SBX_MPOLY', 'SPC_MPOLY']","{'SBX_MPOLY': 2, 'SBX_MNUF': 1, 'SPC_MPOLY': 2, 'TPC_NONE': 1}"
5,7,SPC,NONE,0.669997256238688,0.0274930672812248,684805096.96,672580557.9694518,1865520.8,1442174.4683048578,0.7236349460937767,0.0019938988567446,0.07,0.0,GREEDY_HV,"['SPC_MBFLIP', 'SBX_MPOLY', 'SBX_MNUF', 'SPC_MPOLY', 'TPC_NONE', 'SBX_MPOLY', 'SPC_MPOLY', 'SPC_NONE']","{'SBX_MPOLY': 2, 'SBX_MNUF': 1, 'SPC_MPOLY': 2, 'TPC_NONE': 1, 'SPC_NONE': 1}"
5,8,SPC,NONE,0.6772158925805365,0.0262347130533703,675856238.08,572199858.4719898,1968827.04,1354517.740154997,0.7253409331089098,0.0017059870151331,0.1,0.0,GREEDY_HV,"['SPC_MBFLIP', 'SBX_MPOLY', 'SBX_MNUF', 'SPC_MPOLY', 'TPC_NONE', 'SBX_MPOLY', 'SPC_MPOLY', 'SPC_NONE', 'SPC_NONE']","{'SBX_MPOLY': 2, 'SBX_MNUF': 1, 'SPC_MPOLY': 2, 'TPC_NONE': 1, 'SPC_NONE': 2}"
5,9,UC,NONE,0.6753148462001454,0.0258576393087723,492661217.28,410482585.4809643,1505108.64,1038387.73705898,0.727568638181454,0.0022277050725442,0.08,0.0,GREEDY_HV,"['SPC_MBFLIP', 'SBX_MPOLY', 'SBX_MNUF', 'SPC_MPOLY', 'TPC_NONE', 'SBX_MPOLY', 'SPC_MPOLY', 'SPC_NONE', 'SPC_NONE', 'UC_NONE']","{'SBX_MPOLY': 2, 'SBX_MNUF': 1, 'SPC_MPOLY': 2, 'TPC_NONE': 1, 'SPC_NONE': 2, 'UC_NONE': 1}"
5,10,UC,NONE,0.6698150171087347,0.0269439125768596,397164687.36,345091891.9055462,1160036.0,864705.5428955223,0.7295129516689576,0.0019443134875035,0.07,0.0,GREEDY_HV,"['SPC_MBFLIP', 'SBX_MPOLY', 'SBX_MNUF', 'SPC_MPOLY', 'TPC_NONE', 'SBX_MPOLY', 'SPC_MPOLY', 'SPC_NONE', 'SPC_NONE', 'UC_NONE', 'UC_NONE']","{'SBX_MPOLY': 2, 'SBX_MNUF': 1, 'SPC_MPOLY': 2, 'TPC_NONE': 1, 'SPC_NONE': 2, 'UC_NONE': 2}"
5,11,TPC,NONE,0.6755761445544279,0.024890972222819,406514012.16,348241412.13195163,1268106.4,902901.3097410804,0.7305906217208892,0.0010776700519316,0.02,0.0,GREEDY_HV,"['SPC_MBFLIP', 'SBX_MPOLY', 'SBX_MNUF', 'SPC_MPOLY', 'TPC_NONE', 'SBX_MPOLY', 'SPC_MPOLY', 'SPC_NONE', 'SPC_NONE', 'UC_NONE', 'UC_NONE', 'TPC_NONE']","{'SBX_MPOLY': 2, 'SBX_MNUF': 1, 'SPC_MPOLY': 2, 'TPC_NONE': 2, 'SPC_NONE': 2, 'UC_NONE': 2}"
5,12,UC,NONE,0.6813512164337517,0.023439962603366,492488217.6,391292295.8560892,1385189.28,904094.7797328116,0.7310447850652104,0.0004541633443212,0.04,0.0,GREEDY_HV,"['SPC_MBFLIP', 'SBX_MPOLY', 'SBX_MNUF', 'SPC_MPOLY', 'TPC_NONE', 'SBX_MPOLY', 'SPC_MPOLY', 'SPC_NONE', 'SPC_NONE', 'UC_NONE', 'UC_NONE', 'TPC_NONE', 'UC_NONE']","{'SBX_MPOLY': 2, 'SBX_MNUF': 1, 'SPC_MPOLY': 2, 'TPC_NONE': 2, 'SPC_NONE': 2, 'UC_NONE': 3}"
5,13,SBX,MPOLY,0.6806028589001336,0.02663687555848,499089593.6,396085460.08406734,1395694.24,914095.6633295346,0.7319326724087499,0.0008878873435395,0.0,0.06,GREEDY_HV,"['SPC_MBFLIP', 'SBX_MPOLY', 'SBX_MNUF', 'SPC_MPOLY', 'TPC_NONE', 'SBX_MPOLY', 'SPC_MPOLY', 'SPC_NONE', 'SPC_NONE', 'UC_NONE', 'UC_NONE', 'TPC_NONE', 'UC_NONE', 'SBX_MPOLY']","{'SBX_MPOLY': 3, 'SBX_MNUF': 1, 'SPC_MPOLY': 2, 'TPC_NONE': 2, 'SPC_NONE': 2, 'UC_NONE': 3}"
5,14,TPC,NONE,0.6779938162027268,0.029784642359255,425735969.28,322040615.81811225,1300148.64,841602.2069808933,0.7330967583779663,0.0011640859692163,0.03,0.0,GREEDY_HV,"['SPC_MBFLIP', 'SBX_MPOLY', 'SBX_MNUF', 'SPC_MPOLY', 'TPC_NONE', 'SBX_MPOLY', 'SPC_MPOLY', 'SPC_NONE', 'SPC_NONE', 'UC_NONE', 'UC_NONE', 'TPC_NONE', 'UC_NONE', 'SBX_MPOLY', 'TPC_NONE']","{'SBX_MPOLY': 3, 'SBX_MNUF': 1, 'SPC_MPOLY': 2, 'TPC_NONE': 3, 'SPC_NONE': 2, 'UC_NONE': 3}"
5,15,SBX,MPOLY,0.6791760124231506,0.027881567478155,433037102.08,326156623.4749391,1322488.48,847294.1786099618,0.7338435679719764,0.00074680959401,0.0,0.06,GREEDY_HV,"['SPC_MBFLIP', 'SBX_MPOLY', 'SBX_MNUF', 'SPC_MPOLY', 'TPC_NONE', 'SBX_MPOLY', 'SPC_MPOLY', 'SPC_NONE', 'SPC_NONE', 'UC_NONE', 'UC_NONE', 'TPC_NONE', 'UC_NONE', 'SBX_MPOLY', 'TPC_NONE', 'SBX_MPOLY']","{'SBX_MPOLY': 4, 'SBX_MNUF': 1, 'SPC_MPOLY': 2, 'TPC_NONE': 3, 'SPC_NONE': 2, 'UC_NONE': 3}"
5,16,NONE,MPOLY,0.6791231754555136,0.0277297646208529,433233658.88,326002776.51801306,1319566.24,845468.347708004,0.7342390193317819,0.0003954513598055,0.0,0.0,GREEDY_HV,"['SPC_MBFLIP', 'SBX_MPOLY', 'SBX_MNUF', 'SPC_MPOLY', 'TPC_NONE', 'SBX_MPOLY', 'SPC_MPOLY', 'SPC_NONE', 'SPC_NONE', 'UC_NONE', 'UC_NONE', 'TPC_NONE', 'UC_NONE', 'SBX_MPOLY', 'TPC_NONE', 'SBX_MPOLY', 'NONE_MPOLY']","{'SBX_MPOLY': 4, 'SBX_MNUF': 1, 'SPC_MPOLY': 2, 'TPC_NONE': 3, 'SPC_NONE': 2, 'UC_NONE': 3, 'NONE_MPOLY': 1}"
5,17,UC,NONE,0.678180981479122,0.0325170043660337,410327546.88,322287295.3617835,1404230.56,928983.4455924424,0.7344653471465602,0.0002263278147782,0.01,0.0,GREEDY_HV,"['SPC_MBFLIP', 'SBX_MPOLY', 'SBX_MNUF', 'SPC_MPOLY', 'TPC_NONE', 'SBX_MPOLY', 'SPC_MPOLY', 'SPC_NONE', 'SPC_NONE', 'UC_NONE', 'UC_NONE', 'TPC_NONE', 'UC_NONE', 'SBX_MPOLY', 'TPC_NONE', 'SBX_MPOLY', 'NONE_MPOLY', 'UC_NONE']","{'SBX_MPOLY': 4, 'SBX_MNUF': 1, 'SPC_MPOLY': 2, 'TPC_NONE': 3, 'SPC_NONE': 2, 'UC_NONE': 4, 'NONE_MPOLY': 1}"
5,18,TPC,NONE,0.6813321668835534,0.0328417098758124,445689664.0,319622468.692322,1484230.56,961693.142576449,0.7345892388497606,0.0001238917032003,0.05,0.0,GREEDY_HV,"['SPC_MBFLIP', 'SBX_MPOLY', 'SBX_MNUF', 'SPC_MPOLY', 'TPC_NONE', 'SBX_MPOLY', 'SPC_MPOLY', 'SPC_NONE', 'SPC_NONE', 'UC_NONE', 'UC_NONE', 'TPC_NONE', 'UC_NONE', 'SBX_MPOLY', 'TPC_NONE', 'SBX_MPOLY', 'NONE_MPOLY', 'UC_NONE', 'TPC_NONE']","{'SBX_MPOLY': 4, 'SBX_MNUF': 1, 'SPC_MPOLY': 2, 'TPC_NONE': 4, 'SPC_NONE': 2, 'UC_NONE': 4, 'NONE_MPOLY': 1}"
5,19,UC,NONE,0.6791995439413568,0.0348718346504572,445505377.28,351073092.4503853,1466692.0,1022138.0302624494,0.7346760318534786,8.679300371805532e-05,0.02,0.0,GREEDY_HV,"['SPC_MBFLIP', 'SBX_MPOLY', 'SBX_MNUF', 'SPC_MPOLY', 'TPC_NONE', 'SBX_MPOLY', 'SPC_MPOLY', 'SPC_NONE', 'SPC_NONE', 'UC_NONE', 'UC_NONE', 'TPC_NONE', 'UC_NONE', 'SBX_MPOLY', 'TPC_NONE', 'SBX_MPOLY', 'NONE_MPOLY', 'UC_NONE', 'TPC_NONE', 'UC_NONE']","{'SBX_MPOLY': 4, 'SBX_MNUF': 1, 'SPC_MPOLY': 2, 'TPC_NONE': 4, 'SPC_NONE': 2, 'UC_NONE': 5, 'NONE_MPOLY': 1}"
5,20,TPC,NONE,0.6790817041344002,0.0353579483455396,460401080.32,365586617.7483583,1407652.0,1017460.9259832636,0.7347073858389586,3.135398547993162e-05,0.04,0.0,GREEDY_HV,"['SPC_MBFLIP', 'SBX_MPOLY', 'SBX_MNUF', 'SPC_MPOLY', 'TPC_NONE', 'SBX_MPOLY', 'SPC_MPOLY', 'SPC_NONE', 'SPC_NONE', 'UC_NONE', 'UC_NONE', 'TPC_NONE', 'UC_NONE', 'SBX_MPOLY', 'TPC_NONE', 'SBX_MPOLY', 'NONE_MPOLY', 'UC_NONE', 'TPC_NONE', 'UC_NONE', 'TPC_NONE']","{'SBX_MPOLY': 4, 'SBX_MNUF': 1, 'SPC_MPOLY': 2, 'TPC_NONE': 5, 'SPC_NONE': 2, 'UC_NONE': 5, 'NONE_MPOLY': 1}"
5,21,TPC,NONE,0.6797479746814449,0.0350825693885856,450266229.76,346387586.17766184,1416610.72,954420.7213755376,0.7347826339781443,7.524813918569073e-05,0.0,0.0,GREEDY_HV,"['SPC_MBFLIP', 'SBX_MPOLY', 'SBX_MNUF', 'SPC_MPOLY', 'TPC_NONE', 'SBX_MPOLY', 'SPC_MPOLY', 'SPC_NONE', 'SPC_NONE', 'UC_NONE', 'UC_NONE', 'TPC_NONE', 'UC_NONE', 'SBX_MPOLY', 'TPC_NONE', 'SBX_MPOLY', 'NONE_MPOLY', 'UC_NONE', 'TPC_NONE', 'UC_NONE', 'TPC_NONE', 'TPC_NONE']","{'SBX_MPOLY': 4, 'SBX_MNUF': 1, 'SPC_MPOLY': 2, 'TPC_NONE': 6, 'SPC_NONE': 2, 'UC_NONE': 5, 'NONE_MPOLY': 1}"
5,22,UC,NONE,0.680580151505277,0.034818905632831,449934753.28,325633929.25599885,1419076.0,914709.0393997864,0.7348388757529187,5.6241774774479225e-05,0.01,0.0,GREEDY_HV,"['SPC_MBFLIP', 'SBX_MPOLY', 'SBX_MNUF', 'SPC_MPOLY', 'TPC_NONE', 'SBX_MPOLY', 'SPC_MPOLY', 'SPC_NONE', 'SPC_NONE', 'UC_NONE', 'UC_NONE', 'TPC_NONE', 'UC_NONE', 'SBX_MPOLY', 'TPC_NONE', 'SBX_MPOLY', 'NONE_MPOLY', 'UC_NONE', 'TPC_NONE', 'UC_NONE', 'TPC_NONE', 'TPC_NONE', 'UC_NONE']","{'SBX_MPOLY': 4, 'SBX_MNUF': 1, 'SPC_MPOLY': 2, 'TPC_NONE': 6, 'SPC_NONE': 2, 'UC_NONE': 6, 'NONE_MPOLY': 1}"
5,23,UC,NONE,0.6808802495167768,0.0353961915069642,471752307.2,338837756.9095113,1444519.84,949874.046061421,0.7348335247206641,-5.351032254630184e-06,0.0,0.0,GREEDY_HV,"['SPC_MBFLIP', 'SBX_MPOLY', 'SBX_MNUF', 'SPC_MPOLY', 'TPC_NONE', 'SBX_MPOLY', 'SPC_MPOLY', 'SPC_NONE', 'SPC_NONE', 'UC_NONE', 'UC_NONE', 'TPC_NONE', 'UC_NONE', 'SBX_MPOLY', 'TPC_NONE', 'SBX_MPOLY', 'NONE_MPOLY', 'UC_NONE', 'TPC_NONE', 'UC_NONE', 'TPC_NONE', 'TPC_NONE', 'UC_NONE', 'UC_NONE']","{'SBX_MPOLY': 4, 'SBX_MNUF': 1, 'SPC_MPOLY': 2, 'TPC_NONE': 6, 'SPC_NONE': 2, 'UC_NONE': 7, 'NONE_MPOLY': 1}"
5,24,SPC,NONE,0.6809377148723683,0.0354215862490822,464814778.88,322107001.1583365,1434967.2,943403.2993048097,0.7348515911311165,1.8066410452433068e-05,0.0,0.0,GREEDY_HV,"['SPC_MBFLIP', 'SBX_MPOLY', 'SBX_MNUF', 'SPC_MPOLY', 'TPC_NONE', 'SBX_MPOLY', 'SPC_MPOLY', 'SPC_NONE', 'SPC_NONE', 'UC_NONE', 'UC_NONE', 'TPC_NONE', 'UC_NONE', 'SBX_MPOLY', 'TPC_NONE', 'SBX_MPOLY', 'NONE_MPOLY', 'UC_NONE', 'TPC_NONE', 'UC_NONE', 'TPC_NONE', 'TPC_NONE', 'UC_NONE', 'UC_NONE', 'SPC_NONE']","{'SBX_MPOLY': 4, 'SBX_MNUF': 1, 'SPC_MPOLY': 2, 'TPC_NONE': 6, 'SPC_NONE': 3, 'UC_NONE': 7, 'NONE_MPOLY': 1}"
5,25,UC,NONE,0.680359788877264,0.0352861096096948,459331786.24,328092441.9934315,1406666.4,948306.242912868,0.7348674868699832,1.5895738866622544e-05,0.01,0.0,GREEDY_HV,"['SPC_MBFLIP', 'SBX_MPOLY', 'SBX_MNUF', 'SPC_MPOLY', 'TPC_NONE', 'SBX_MPOLY', 'SPC_MPOLY', 'SPC_NONE', 'SPC_NONE', 'UC_NONE', 'UC_NONE', 'TPC_NONE', 'UC_NONE', 'SBX_MPOLY', 'TPC_NONE', 'SBX_MPOLY', 'NONE_MPOLY', 'UC_NONE', 'TPC_NONE', 'UC_NONE', 'TPC_NONE', 'TPC_NONE', 'UC_NONE', 'UC_NONE', 'SPC_NONE', 'UC_NONE']","{'SBX_MPOLY': 4, 'SBX_MNUF': 1, 'SPC_MPOLY': 2, 'TPC_NONE': 6, 'SPC_NONE': 3, 'UC_NONE': 8, 'NONE_MPOLY': 1}"
5,26,UC,NONE,0.6810138163933991,0.0352558143002934,461830412.8,321389448.33757335,1419138.72,925146.359056318,0.7348783660749871,1.0879205003977432e-05,0.01,0.0,GREEDY_HV,"['SPC_MBFLIP', 'SBX_MPOLY', 'SBX_MNUF', 'SPC_MPOLY', 'TPC_NONE', 'SBX_MPOLY', 'SPC_MPOLY', 'SPC_NONE', 'SPC_NONE', 'UC_NONE', 'UC_NONE', 'TPC_NONE', 'UC_NONE', 'SBX_MPOLY', 'TPC_NONE', 'SBX_MPOLY', 'NONE_MPOLY', 'UC_NONE', 'TPC_NONE', 'UC_NONE', 'TPC_NONE', 'TPC_NONE', 'UC_NONE', 'UC_NONE', 'SPC_NONE', 'UC_NONE', 'UC_NONE']","{'SBX_MPOLY': 4, 'SBX_MNUF': 1, 'SPC_MPOLY': 2, 'TPC_NONE': 6, 'SPC_NONE': 3, 'UC_NONE': 9, 'NONE_MPOLY': 1}"
5,27,TPC,NONE,0.6811780408944414,0.0352309373131414,464228567.04,315916532.3792754,1402391.2,918009.8079880412,0.7349239312707556,4.556519576848217e-05,0.01,0.0,GREEDY_HV,"['SPC_MBFLIP', 'SBX_MPOLY', 'SBX_MNUF', 'SPC_MPOLY', 'TPC_NONE', 'SBX_MPOLY', 'SPC_MPOLY', 'SPC_NONE', 'SPC_NONE', 'UC_NONE', 'UC_NONE', 'TPC_NONE', 'UC_NONE', 'SBX_MPOLY', 'TPC_NONE', 'SBX_MPOLY', 'NONE_MPOLY', 'UC_NONE', 'TPC_NONE', 'UC_NONE', 'TPC_NONE', 'TPC_NONE', 'UC_NONE', 'UC_NONE', 'SPC_NONE', 'UC_NONE', 'UC_NONE', 'TPC_NONE']","{'SBX_MPOLY': 4, 'SBX_MNUF': 1, 'SPC_MPOLY': 2, 'TPC_NONE': 7, 'SPC_NONE': 3, 'UC_NONE': 9, 'NONE_MPOLY': 1}"
5,28,SPC,NONE,0.6808419251615799,0.0359688569878009,468095475.2,317003040.16244,1410222.24,925672.243355337,0.7348980398926606,-2.5891378095055373e-05,0.0,0.0,GREEDY_HV,"['SPC_MBFLIP', 'SBX_MPOLY', 'SBX_MNUF', 'SPC_MPOLY', 'TPC_NONE', 'SBX_MPOLY', 'SPC_MPOLY', 'SPC_NONE', 'SPC_NONE', 'UC_NONE', 'UC_NONE', 'TPC_NONE', 'UC_NONE', 'SBX_MPOLY', 'TPC_NONE', 'SBX_MPOLY', 'NONE_MPOLY', 'UC_NONE', 'TPC_NONE', 'UC_NONE', 'TPC_NONE', 'TPC_NONE', 'UC_NONE', 'UC_NONE', 'SPC_NONE', 'UC_NONE', 'UC_NONE', 'TPC_NONE', 'SPC_NONE']","{'SBX_MPOLY': 4, 'SBX_MNUF': 1, 'SPC_MPOLY': 2, 'TPC_NONE': 7, 'SPC_NONE': 4, 'UC_NONE': 9, 'NONE_MPOLY': 1}"
5,29,TPC,NONE,0.6793537951146231,0.0368768164755533,469793300.48,319982520.5967762,1374091.68,945928.5939216644,0.7349054369725057,7.397079845095078e-06,0.0,0.0,GREEDY_HV,"['SPC_MBFLIP', 'SBX_MPOLY', 'SBX_MNUF', 'SPC_MPOLY', 'TPC_NONE', 'SBX_MPOLY', 'SPC_MPOLY', 'SPC_NONE', 'SPC_NONE', 'UC_NONE', 'UC_NONE', 'TPC_NONE', 'UC_NONE', 'SBX_MPOLY', 'TPC_NONE', 'SBX_MPOLY', 'NONE_MPOLY', 'UC_NONE', 'TPC_NONE', 'UC_NONE', 'TPC_NONE', 'TPC_NONE', 'UC_NONE', 'UC_NONE', 'SPC_NONE', 'UC_NONE', 'UC_NONE', 'TPC_NONE', 'SPC_NONE', 'TPC_NONE']","{'SBX_MPOLY': 4, 'SBX_MNUF': 1, 'SPC_MPOLY': 2, 'TPC_NONE': 8, 'SPC_NONE': 4, 'UC_NONE': 9, 'NONE_MPOLY': 1}"
5,30,UC,NONE,0.678671260701191,0.0365751897062812,463541770.24,318814516.59597945,1319700.64,925695.3593413712,0.7349051563729153,-2.805995903409908e-07,0.0,0.0,GREEDY_HV,"['SPC_MBFLIP', 'SBX_MPOLY', 'SBX_MNUF', 'SPC_MPOLY', 'TPC_NONE', 'SBX_MPOLY', 'SPC_MPOLY', 'SPC_NONE', 'SPC_NONE', 'UC_NONE', 'UC_NONE', 'TPC_NONE', 'UC_NONE', 'SBX_MPOLY', 'TPC_NONE', 'SBX_MPOLY', 'NONE_MPOLY', 'UC_NONE', 'TPC_NONE', 'UC_NONE', 'TPC_NONE', 'TPC_NONE', 'UC_NONE', 'UC_NONE', 'SPC_NONE', 'UC_NONE', 'UC_NONE', 'TPC_NONE', 'SPC_NONE', 'TPC_NONE', 'UC_NONE']","{'SBX_MPOLY': 4, 'SBX_MNUF': 1, 'SPC_MPOLY': 2, 'TPC_NONE': 8, 'SPC_NONE': 4, 'UC_NONE': 10, 'NONE_MPOLY': 1}"
5,31,TPC,NONE,0.6805172568143809,0.0369645719652009,490348856.32,322270911.8889,1404934.56,938264.9795493842,0.7348996876907282,-5.468682187093066e-06,0.0,0.0,GREEDY_HV,"['SPC_MBFLIP', 'SBX_MPOLY', 'SBX_MNUF', 'SPC_MPOLY', 'TPC_NONE', 'SBX_MPOLY', 'SPC_MPOLY', 'SPC_NONE', 'SPC_NONE', 'UC_NONE', 'UC_NONE', 'TPC_NONE', 'UC_NONE', 'SBX_MPOLY', 'TPC_NONE', 'SBX_MPOLY', 'NONE_MPOLY', 'UC_NONE', 'TPC_NONE', 'UC_NONE', 'TPC_NONE', 'TPC_NONE', 'UC_NONE', 'UC_NONE', 'SPC_NONE', 'UC_NONE', 'UC_NONE', 'TPC_NONE', 'SPC_NONE', 'TPC_NONE', 'UC_NONE', 'TPC_NONE']","{'SBX_MPOLY': 4, 'SBX_MNUF': 1, 'SPC_MPOLY': 2, 'TPC_NONE': 9, 'SPC_NONE': 4, 'UC_NONE': 10, 'NONE_MPOLY': 1}"
5,32,SPC,NONE,0.6784804446425008,0.0370123386530997,453641958.4,316940344.34918976,1367140.0,947477.2772104248,0.7349357328468963,3.604515616806303e-05,0.0,0.0,GREEDY_HV,"['SPC_MBFLIP', 'SBX_MPOLY', 'SBX_MNUF', 'SPC_MPOLY', 'TPC_NONE', 'SBX_MPOLY', 'SPC_MPOLY', 'SPC_NONE', 'SPC_NONE', 'UC_NONE', 'UC_NONE', 'TPC_NONE', 'UC_NONE', 'SBX_MPOLY', 'TPC_NONE', 'SBX_MPOLY', 'NONE_MPOLY', 'UC_NONE', 'TPC_NONE', 'UC_NONE', 'TPC_NONE', 'TPC_NONE', 'UC_NONE', 'UC_NONE', 'SPC_NONE', 'UC_NONE', 'UC_NONE', 'TPC_NONE', 'SPC_NONE', 'TPC_NONE', 'UC_NONE', 'TPC_NONE', 'SPC_NONE']","{'SBX_MPOLY': 4, 'SBX_MNUF': 1, 'SPC_MPOLY': 2, 'TPC_NONE': 9, 'SPC_NONE': 5, 'UC_NONE': 10, 'NONE_MPOLY': 1}"
5,33,UC,NONE,0.6791972966370995,0.0366625031943647,455834792.96,319175710.2663566,1397351.84,956571.443891388,0.7349494447317237,1.3711884827460883e-05,0.0,0.0,GREEDY_HV,"['SPC_MBFLIP', 'SBX_MPOLY', 'SBX_MNUF', 'SPC_MPOLY', 'TPC_NONE', 'SBX_MPOLY', 'SPC_MPOLY', 'SPC_NONE', 'SPC_NONE', 'UC_NONE', 'UC_NONE', 'TPC_NONE', 'UC_NONE', 'SBX_MPOLY', 'TPC_NONE', 'SBX_MPOLY', 'NONE_MPOLY', 'UC_NONE', 'TPC_NONE', 'UC_NONE', 'TPC_NONE', 'TPC_NONE', 'UC_NONE', 'UC_NONE', 'SPC_NONE', 'UC_NONE', 'UC_NONE', 'TPC_NONE', 'SPC_NONE', 'TPC_NONE', 'UC_NONE', 'TPC_NONE', 'SPC_NONE', 'UC_NONE']","{'SBX_MPOLY': 4, 'SBX_MNUF': 1, 'SPC_MPOLY': 2, 'TPC_NONE': 9, 'SPC_NONE': 5, 'UC_NONE': 11, 'NONE_MPOLY': 1}"
5,34,SPC,NONE,0.6792206816203507,0.0368975807596339,465381529.6,322660089.01942366,1405920.16,980823.1230765178,0.7349647515235673,1.530679184358341e-05,0.0,0.0,GREEDY_HV,"['SPC_MBFLIP', 'SBX_MPOLY', 'SBX_MNUF', 'SPC_MPOLY', 'TPC_NONE', 'SBX_MPOLY', 'SPC_MPOLY', 'SPC_NONE', 'SPC_NONE', 'UC_NONE', 'UC_NONE', 'TPC_NONE', 'UC_NONE', 'SBX_MPOLY', 'TPC_NONE', 'SBX_MPOLY', 'NONE_MPOLY', 'UC_NONE', 'TPC_NONE', 'UC_NONE', 'TPC_NONE', 'TPC_NONE', 'UC_NONE', 'UC_NONE', 'SPC_NONE', 'UC_NONE', 'UC_NONE', 'TPC_NONE', 'SPC_NONE', 'TPC_NONE', 'UC_NONE', 'TPC_NONE', 'SPC_NONE', 'UC_NONE', 'SPC_NONE']","{'SBX_MPOLY': 4, 'SBX_MNUF': 1, 'SPC_MPOLY': 2, 'TPC_NONE': 9, 'SPC_NONE': 6, 'UC_NONE': 11, 'NONE_MPOLY': 1}"
5,35,SPC,NONE,0.6781171149436372,0.0370703795269594,448593976.32,320486917.2989055,1377570.72,981940.4084349526,0.7349277990944025,-3.69524291647938e-05,0.02,0.0,GREEDY_HV,"['SPC_MBFLIP', 'SBX_MPOLY', 'SBX_MNUF', 'SPC_MPOLY', 'TPC_NONE', 'SBX_MPOLY', 'SPC_MPOLY', 'SPC_NONE', 'SPC_NONE', 'UC_NONE', 'UC_NONE', 'TPC_NONE', 'UC_NONE', 'SBX_MPOLY', 'TPC_NONE', 'SBX_MPOLY', 'NONE_MPOLY', 'UC_NONE', 'TPC_NONE', 'UC_NONE', 'TPC_NONE', 'TPC_NONE', 'UC_NONE', 'UC_NONE', 'SPC_NONE', 'UC_NONE', 'UC_NONE', 'TPC_NONE', 'SPC_NONE', 'TPC_NONE', 'UC_NONE', 'TPC_NONE', 'SPC_NONE', 'UC_NONE', 'SPC_NONE', 'SPC_NONE']","{'SBX_MPOLY': 4, 'SBX_MNUF': 1, 'SPC_MPOLY': 2, 'TPC_NONE': 9, 'SPC_NONE': 7, 'UC_NONE': 11, 'NONE_MPOLY': 1}"
5,36,UC,NONE,0.6781080643427845,0.0373615654219766,469614182.4,327723870.8221018,1366540.96,993020.392033456,0.7349336684292196,5.86933481705465e-06,0.0,0.0,GREEDY_HV,"['SPC_MBFLIP', 'SBX_MPOLY', 'SBX_MNUF', 'SPC_MPOLY', 'TPC_NONE', 'SBX_MPOLY', 'SPC_MPOLY', 'SPC_NONE', 'SPC_NONE', 'UC_NONE', 'UC_NONE', 'TPC_NONE', 'UC_NONE', 'SBX_MPOLY', 'TPC_NONE', 'SBX_MPOLY', 'NONE_MPOLY', 'UC_NONE', 'TPC_NONE', 'UC_NONE', 'TPC_NONE', 'TPC_NONE', 'UC_NONE', 'UC_NONE', 'SPC_NONE', 'UC_NONE', 'UC_NONE', 'TPC_NONE', 'SPC_NONE', 'TPC_NONE', 'UC_NONE', 'TPC_NONE', 'SPC_NONE', 'UC_NONE', 'SPC_NONE', 'SPC_NONE', 'UC_NONE']","{'SBX_MPOLY': 4, 'SBX_MNUF': 1, 'SPC_MPOLY': 2, 'TPC_NONE': 9, 'SPC_NONE': 7, 'UC_NONE': 12, 'NONE_MPOLY': 1}"
5,37,SBX,NONE,0.6775777982021066,0.0371729943916848,460109793.28,325146103.63669765,1347865.76,1023587.9391214914,0.7351005490321646,0.000166880602945,0.0,0.0,GREEDY_HV,"['SPC_MBFLIP', 'SBX_MPOLY', 'SBX_MNUF', 'SPC_MPOLY', 'TPC_NONE', 'SBX_MPOLY', 'SPC_MPOLY', 'SPC_NONE', 'SPC_NONE', 'UC_NONE', 'UC_NONE', 'TPC_NONE', 'UC_NONE', 'SBX_MPOLY', 'TPC_NONE', 'SBX_MPOLY', 'NONE_MPOLY', 'UC_NONE', 'TPC_NONE', 'UC_NONE', 'TPC_NONE', 'TPC_NONE', 'UC_NONE', 'UC_NONE', 'SPC_NONE', 'UC_NONE', 'UC_NONE', 'TPC_NONE', 'SPC_NONE', 'TPC_NONE', 'UC_NONE', 'TPC_NONE', 'SPC_NONE', 'UC_NONE', 'SPC_NONE', 'SPC_NONE', 'UC_NONE', 'SBX_NONE']","{'SBX_MPOLY': 4, 'SBX_MNUF': 1, 'SPC_MPOLY': 2, 'TPC_NONE': 9, 'SPC_NONE': 7, 'UC_NONE': 12, 'NONE_MPOLY': 1, 'SBX_NONE': 1}"
5,38,SPC,NONE,0.6779711327661994,0.0372093338590067,457067540.48,328715980.20785034,1422640.8,1097890.2164470914,0.735153841204006,5.329217184135704e-05,0.0,0.0,GREEDY_HV,"['SPC_MBFLIP', 'SBX_MPOLY', 'SBX_MNUF', 'SPC_MPOLY', 'TPC_NONE', 'SBX_MPOLY', 'SPC_MPOLY', 'SPC_NONE', 'SPC_NONE', 'UC_NONE', 'UC_NONE', 'TPC_NONE', 'UC_NONE', 'SBX_MPOLY', 'TPC_NONE', 'SBX_MPOLY', 'NONE_MPOLY', 'UC_NONE', 'TPC_NONE', 'UC_NONE', 'TPC_NONE', 'TPC_NONE', 'UC_NONE', 'UC_NONE', 'SPC_NONE', 'UC_NONE', 'UC_NONE', 'TPC_NONE', 'SPC_NONE', 'TPC_NONE', 'UC_NONE', 'TPC_NONE', 'SPC_NONE', 'UC_NONE', 'SPC_NONE', 'SPC_NONE', 'UC_NONE', 'SBX_NONE', 'SPC_NONE']","{'SBX_MPOLY': 4, 'SBX_MNUF': 1, 'SPC_MPOLY': 2, 'TPC_NONE': 9, 'SPC_NONE': 8, 'UC_NONE': 12, 'NONE_MPOLY': 1, 'SBX_NONE': 1}"
5,39,TPC,NONE,0.6782132793587499,0.0374090471939901,460213683.2,339693254.96685016,1504770.72,1196705.4606161208,0.7355323937467437,0.0003785525427377,0.0,0.0,GREEDY_HV,"['SPC_MBFLIP', 'SBX_MPOLY', 'SBX_MNUF', 'SPC_MPOLY', 'TPC_NONE', 'SBX_MPOLY', 'SPC_MPOLY', 'SPC_NONE', 'SPC_NONE', 'UC_NONE', 'UC_NONE', 'TPC_NONE', 'UC_NONE', 'SBX_MPOLY', 'TPC_NONE', 'SBX_MPOLY', 'NONE_MPOLY', 'UC_NONE', 'TPC_NONE', 'UC_NONE', 'TPC_NONE', 'TPC_NONE', 'UC_NONE', 'UC_NONE', 'SPC_NONE', 'UC_NONE', 'UC_NONE', 'TPC_NONE', 'SPC_NONE', 'TPC_NONE', 'UC_NONE', 'TPC_NONE', 'SPC_NONE', 'UC_NONE', 'SPC_NONE', 'SPC_NONE', 'UC_NONE', 'SBX_NONE', 'SPC_NONE', 'TPC_NONE']","{'SBX_MPOLY': 4, 'SBX_MNUF': 1, 'SPC_MPOLY': 2, 'TPC_NONE': 10, 'SPC_NONE': 8, 'UC_NONE': 12, 'NONE_MPOLY': 1, 'SBX_NONE': 1}"
5,40,TPC,NONE,0.6792803066235958,0.0374655717256349,465096995.84,341973226.35908675,1648887.2,1310295.8444174351,0.735566610191925,3.421644518131206e-05,0.0,0.0,GREEDY_HV,"['SPC_MBFLIP', 'SBX_MPOLY', 'SBX_MNUF', 'SPC_MPOLY', 'TPC_NONE', 'SBX_MPOLY', 'SPC_MPOLY', 'SPC_NONE', 'SPC_NONE', 'UC_NONE', 'UC_NONE', 'TPC_NONE', 'UC_NONE', 'SBX_MPOLY', 'TPC_NONE', 'SBX_MPOLY', 'NONE_MPOLY', 'UC_NONE', 'TPC_NONE', 'UC_NONE', 'TPC_NONE', 'TPC_NONE', 'UC_NONE', 'UC_NONE', 'SPC_NONE', 'UC_NONE', 'UC_NONE', 'TPC_NONE', 'SPC_NONE', 'TPC_NONE', 'UC_NONE', 'TPC_NONE', 'SPC_NONE', 'UC_NONE', 'SPC_NONE', 'SPC_NONE', 'UC_NONE', 'SBX_NONE', 'SPC_NONE', 'TPC_NONE', 'TPC_NONE']","{'SBX_MPOLY': 4, 'SBX_MNUF': 1, 'SPC_MPOLY': 2, 'TPC_NONE': 11, 'SPC_NONE': 8, 'UC_NONE': 12, 'NONE_MPOLY': 1, 'SBX_NONE': 1}"
5,41,SPC,NONE,0.6801919184354316,0.0375082762904539,472592844.8,342257460.04975593,1738407.84,1366849.2552414895,0.7355442301839061,-2.2380008018907382e-05,0.01,0.0,GREEDY_HV,"['SPC_MBFLIP', 'SBX_MPOLY', 'SBX_MNUF', 'SPC_MPOLY', 'TPC_NONE', 'SBX_MPOLY', 'SPC_MPOLY', 'SPC_NONE', 'SPC_NONE', 'UC_NONE', 'UC_NONE', 'TPC_NONE', 'UC_NONE', 'SBX_MPOLY', 'TPC_NONE', 'SBX_MPOLY', 'NONE_MPOLY', 'UC_NONE', 'TPC_NONE', 'UC_NONE', 'TPC_NONE', 'TPC_NONE', 'UC_NONE', 'UC_NONE', 'SPC_NONE', 'UC_NONE', 'UC_NONE', 'TPC_NONE', 'SPC_NONE', 'TPC_NONE', 'UC_NONE', 'TPC_NONE', 'SPC_NONE', 'UC_NONE', 'SPC_NONE', 'SPC_NONE', 'UC_NONE', 'SBX_NONE', 'SPC_NONE', 'TPC_NONE', 'TPC_NONE', 'SPC_NONE']","{'SBX_MPOLY': 4, 'SBX_MNUF': 1, 'SPC_MPOLY': 2, 'TPC_NONE': 11, 'SPC_NONE': 9, 'UC_NONE': 12, 'NONE_MPOLY': 1, 'SBX_NONE': 1}"
5,42,UC,NONE,0.6800282889429429,0.0378751400431009,473091973.12,347760697.6301813,1808637.6,1404622.8330378227,0.7355498984420434,5.668258137303539e-06,0.0,0.0,GREEDY_HV,"['SPC_MBFLIP', 'SBX_MPOLY', 'SBX_MNUF', 'SPC_MPOLY', 'TPC_NONE', 'SBX_MPOLY', 'SPC_MPOLY', 'SPC_NONE', 'SPC_NONE', 'UC_NONE', 'UC_NONE', 'TPC_NONE', 'UC_NONE', 'SBX_MPOLY', 'TPC_NONE', 'SBX_MPOLY', 'NONE_MPOLY', 'UC_NONE', 'TPC_NONE', 'UC_NONE', 'TPC_NONE', 'TPC_NONE', 'UC_NONE', 'UC_NONE', 'SPC_NONE', 'UC_NONE', 'UC_NONE', 'TPC_NONE', 'SPC_NONE', 'TPC_NONE', 'UC_NONE', 'TPC_NONE', 'SPC_NONE', 'UC_NONE', 'SPC_NONE', 'SPC_NONE', 'UC_NONE', 'SBX_NONE', 'SPC_NONE', 'TPC_NONE', 'TPC_NONE', 'SPC_NONE', 'UC_NONE']","{'SBX_MPOLY': 4, 'SBX_MNUF': 1, 'SPC_MPOLY': 2, 'TPC_NONE': 11, 'SPC_NONE': 9, 'UC_NONE': 13, 'NONE_MPOLY': 1, 'SBX_NONE': 1}"
5,43,SBX,NONE,0.6783163908145997,0.0376436621358725,501878625.28,576678625.9238539,1718292.64,1482050.4247713806,0.7364077867402181,0.0008578882981746,0.0,0.0,GREEDY_HV,"['SPC_MBFLIP', 'SBX_MPOLY', 'SBX_MNUF', 'SPC_MPOLY', 'TPC_NONE', 'SBX_MPOLY', 'SPC_MPOLY', 'SPC_NONE', 'SPC_NONE', 'UC_NONE', 'UC_NONE', 'TPC_NONE', 'UC_NONE', 'SBX_MPOLY', 'TPC_NONE', 'SBX_MPOLY', 'NONE_MPOLY', 'UC_NONE', 'TPC_NONE', 'UC_NONE', 'TPC_NONE', 'TPC_NONE', 'UC_NONE', 'UC_NONE', 'SPC_NONE', 'UC_NONE', 'UC_NONE', 'TPC_NONE', 'SPC_NONE', 'TPC_NONE', 'UC_NONE', 'TPC_NONE', 'SPC_NONE', 'UC_NONE', 'SPC_NONE', 'SPC_NONE', 'UC_NONE', 'SBX_NONE', 'SPC_NONE', 'TPC_NONE', 'TPC_NONE', 'SPC_NONE', 'UC_NONE', 'SBX_NONE']","{'SBX_MPOLY': 4, 'SBX_MNUF': 1, 'SPC_MPOLY': 2, 'TPC_NONE': 11, 'SPC_NONE': 9, 'UC_NONE': 13, 'NONE_MPOLY': 1, 'SBX_NONE': 2}"
5,44,TPC,NONE,0.6785488975853861,0.0379158163963195,585008732.16,854096472.229807,1822118.56,1619752.1108210618,0.7365210261193997,0.0001132393791816,0.0,0.0,GREEDY_HV,"['SPC_MBFLIP', 'SBX_MPOLY', 'SBX_MNUF', 'SPC_MPOLY', 'TPC_NONE', 'SBX_MPOLY', 'SPC_MPOLY', 'SPC_NONE', 'SPC_NONE', 'UC_NONE', 'UC_NONE', 'TPC_NONE', 'UC_NONE', 'SBX_MPOLY', 'TPC_NONE', 'SBX_MPOLY', 'NONE_MPOLY', 'UC_NONE', 'TPC_NONE', 'UC_NONE', 'TPC_NONE', 'TPC_NONE', 'UC_NONE', 'UC_NONE', 'SPC_NONE', 'UC_NONE', 'UC_NONE', 'TPC_NONE', 'SPC_NONE', 'TPC_NONE', 'UC_NONE', 'TPC_NONE', 'SPC_NONE', 'UC_NONE', 'SPC_NONE', 'SPC_NONE', 'UC_NONE', 'SBX_NONE', 'SPC_NONE', 'TPC_NONE', 'TPC_NONE', 'SPC_NONE', 'UC_NONE', 'SBX_NONE', 'TPC_NONE']","{'SBX_MPOLY': 4, 'SBX_MNUF': 1, 'SPC_MPOLY': 2, 'TPC_NONE': 12, 'SPC_NONE': 9, 'UC_NONE': 13, 'NONE_MPOLY': 1, 'SBX_NONE': 2}"
5,45,TPC,NONE,0.6797169533864462,0.0385244422666577,689052175.36,1054359092.2260276,1997898.4,1750080.294430402,0.7365267099447627,5.683825362923223e-06,0.01,0.0,GREEDY_HV,"['SPC_MBFLIP', 'SBX_MPOLY', 'SBX_MNUF', 'SPC_MPOLY', 'TPC_NONE', 'SBX_MPOLY', 'SPC_MPOLY', 'SPC_NONE', 'SPC_NONE', 'UC_NONE', 'UC_NONE', 'TPC_NONE', 'UC_NONE', 'SBX_MPOLY', 'TPC_NONE', 'SBX_MPOLY', 'NONE_MPOLY', 'UC_NONE', 'TPC_NONE', 'UC_NONE', 'TPC_NONE', 'TPC_NONE', 'UC_NONE', 'UC_NONE', 'SPC_NONE', 'UC_NONE', 'UC_NONE', 'TPC_NONE', 'SPC_NONE', 'TPC_NONE', 'UC_NONE', 'TPC_NONE', 'SPC_NONE', 'UC_NONE', 'SPC_NONE', 'SPC_NONE', 'UC_NONE', 'SBX_NONE', 'SPC_NONE', 'TPC_NONE', 'TPC_NONE', 'SPC_NONE', 'UC_NONE', 'SBX_NONE', 'TPC_NONE', 'TPC_NONE']","{'SBX_MPOLY': 4, 'SBX_MNUF': 1, 'SPC_MPOLY': 2, 'TPC_NONE': 13, 'SPC_NONE': 9, 'UC_NONE': 13, 'NONE_MPOLY': 1, 'SBX_NONE': 2}"
5,46,TPC,NONE,0.6801425826921437,0.0385974641127474,741880647.68,1141302186.986784,2055810.72,1797004.3266358052,0.7365620222546204,3.531230985776013e-05,0.02,0.0,GREEDY_HV,"['SPC_MBFLIP', 'SBX_MPOLY', 'SBX_MNUF', 'SPC_MPOLY', 'TPC_NONE', 'SBX_MPOLY', 'SPC_MPOLY', 'SPC_NONE', 'SPC_NONE', 'UC_NONE', 'UC_NONE', 'TPC_NONE', 'UC_NONE', 'SBX_MPOLY', 'TPC_NONE', 'SBX_MPOLY', 'NONE_MPOLY', 'UC_NONE', 'TPC_NONE', 'UC_NONE', 'TPC_NONE', 'TPC_NONE', 'UC_NONE', 'UC_NONE', 'SPC_NONE', 'UC_NONE', 'UC_NONE', 'TPC_NONE', 'SPC_NONE', 'TPC_NONE', 'UC_NONE', 'TPC_NONE', 'SPC_NONE', 'UC_NONE', 'SPC_NONE', 'SPC_NONE', 'UC_NONE', 'SBX_NONE', 'SPC_NONE', 'TPC_NONE', 'TPC_NONE', 'SPC_NONE', 'UC_NONE', 'SBX_NONE', 'TPC_NONE', 'TPC_NONE', 'TPC_NONE']","{'SBX_MPOLY': 4, 'SBX_MNUF': 1, 'SPC_MPOLY': 2, 'TPC_NONE': 14, 'SPC_NONE': 9, 'UC_NONE': 13, 'NONE_MPOLY': 1, 'SBX_NONE': 2}"
5,47,SPC,NONE,0.679566187980318,0.0386342423769742,775609681.92,1203674576.7820747,2082377.12,1821991.7612450465,0.7365369687888307,-2.5053465789737217e-05,0.0,0.0,GREEDY_HV,"['SPC_MBFLIP', 'SBX_MPOLY', 'SBX_MNUF', 'SPC_MPOLY', 'TPC_NONE', 'SBX_MPOLY', 'SPC_MPOLY', 'SPC_NONE', 'SPC_NONE', 'UC_NONE', 'UC_NONE', 'TPC_NONE', 'UC_NONE', 'SBX_MPOLY', 'TPC_NONE', 'SBX_MPOLY', 'NONE_MPOLY', 'UC_NONE', 'TPC_NONE', 'UC_NONE', 'TPC_NONE', 'TPC_NONE', 'UC_NONE', 'UC_NONE', 'SPC_NONE', 'UC_NONE', 'UC_NONE', 'TPC_NONE', 'SPC_NONE', 'TPC_NONE', 'UC_NONE', 'TPC_NONE', 'SPC_NONE', 'UC_NONE', 'SPC_NONE', 'SPC_NONE', 'UC_NONE', 'SBX_NONE', 'SPC_NONE', 'TPC_NONE', 'TPC_NONE', 'SPC_NONE', 'UC_NONE', 'SBX_NONE', 'TPC_NONE', 'TPC_NONE', 'TPC_NONE', 'SPC_NONE']","{'SBX_MPOLY': 4, 'SBX_MNUF': 1, 'SPC_MPOLY': 2, 'TPC_NONE': 14, 'SPC_NONE': 10, 'UC_NONE': 13, 'NONE_MPOLY': 1, 'SBX_NONE': 2}"
5,48,TPC,NONE,0.6799411626951803,0.0385002399091535,766755179.52,1187852123.578331,2097706.4,1805333.5948226303,0.7364742854589164,-6.26833299143259e-05,0.0,0.0,GREEDY_HV,"['SPC_MBFLIP', 'SBX_MPOLY', 'SBX_MNUF', 'SPC_MPOLY', 'TPC_NONE', 'SBX_MPOLY', 'SPC_MPOLY', 'SPC_NONE', 'SPC_NONE', 'UC_NONE', 'UC_NONE', 'TPC_NONE', 'UC_NONE', 'SBX_MPOLY', 'TPC_NONE', 'SBX_MPOLY', 'NONE_MPOLY', 'UC_NONE', 'TPC_NONE', 'UC_NONE', 'TPC_NONE', 'TPC_NONE', 'UC_NONE', 'UC_NONE', 'SPC_NONE', 'UC_NONE', 'UC_NONE', 'TPC_NONE', 'SPC_NONE', 'TPC_NONE', 'UC_NONE', 'TPC_NONE', 'SPC_NONE', 'UC_NONE', 'SPC_NONE', 'SPC_NONE', 'UC_NONE', 'SBX_NONE', 'SPC_NONE', 'TPC_NONE', 'TPC_NONE', 'SPC_NONE', 'UC_NONE', 'SBX_NONE', 'TPC_NONE', 'TPC_NONE', 'TPC_NONE', 'SPC_NONE', 'TPC_NONE']","{'SBX_MPOLY': 4, 'SBX_MNUF': 1, 'SPC_MPOLY': 2, 'TPC_NONE': 15, 'SPC_NONE': 10, 'UC_NONE': 13, 'NONE_MPOLY': 1, 'SBX_NONE': 2}"
5,49,SPC,NONE,0.6796106779159043,0.0388187667650242,824778071.04,1258595326.084637,2062496.16,1821567.652495392,0.7364286376335274,-4.5647825388961394e-05,0.0,0.0,GREEDY_HV,"['SPC_MBFLIP', 'SBX_MPOLY', 'SBX_MNUF', 'SPC_MPOLY', 'TPC_NONE', 'SBX_MPOLY', 'SPC_MPOLY', 'SPC_NONE', 'SPC_NONE', 'UC_NONE', 'UC_NONE', 'TPC_NONE', 'UC_NONE', 'SBX_MPOLY', 'TPC_NONE', 'SBX_MPOLY', 'NONE_MPOLY', 'UC_NONE', 'TPC_NONE', 'UC_NONE', 'TPC_NONE', 'TPC_NONE', 'UC_NONE', 'UC_NONE', 'SPC_NONE', 'UC_NONE', 'UC_NONE', 'TPC_NONE', 'SPC_NONE', 'TPC_NONE', 'UC_NONE', 'TPC_NONE', 'SPC_NONE', 'UC_NONE', 'SPC_NONE', 'SPC_NONE', 'UC_NONE', 'SBX_NONE', 'SPC_NONE', 'TPC_NONE', 'TPC_NONE', 'SPC_NONE', 'UC_NONE', 'SBX_NONE', 'TPC_NONE', 'TPC_NONE', 'TPC_NONE', 'SPC_NONE', 'TPC_NONE', 'SPC_NONE']","{'SBX_MPOLY': 4, 'SBX_MNUF': 1, 'SPC_MPOLY': 2, 'TPC_NONE': 15, 'SPC_NONE': 11, 'UC_NONE': 13, 'NONE_MPOLY': 1, 'SBX_NONE': 2}"
5,50,SPC,NONE,0.680834250409284,0.0387382204405008,824847585.28,1255105383.7472134,2142465.44,1808346.7590145003,0.7364193211427604,-9.316490766964058e-06,0.0,0.0,GREEDY_HV,"['SPC_MBFLIP', 'SBX_MPOLY', 'SBX_MNUF', 'SPC_MPOLY', 'TPC_NONE', 'SBX_MPOLY', 'SPC_MPOLY', 'SPC_NONE', 'SPC_NONE', 'UC_NONE', 'UC_NONE', 'TPC_NONE', 'UC_NONE', 'SBX_MPOLY', 'TPC_NONE', 'SBX_MPOLY', 'NONE_MPOLY', 'UC_NONE', 'TPC_NONE', 'UC_NONE', 'TPC_NONE', 'TPC_NONE', 'UC_NONE', 'UC_NONE', 'SPC_NONE', 'UC_NONE', 'UC_NONE', 'TPC_NONE', 'SPC_NONE', 'TPC_NONE', 'UC_NONE', 'TPC_NONE', 'SPC_NONE', 'UC_NONE', 'SPC_NONE', 'SPC_NONE', 'UC_NONE', 'SBX_NONE', 'SPC_NONE', 'TPC_NONE', 'TPC_NONE', 'SPC_NONE', 'UC_NONE', 'SBX_NONE', 'TPC_NONE', 'TPC_NONE', 'TPC_NONE', 'SPC_NONE', 'TPC_NONE', 'SPC_NONE', 'SPC_NONE']","{'SBX_MPOLY': 4, 'SBX_MNUF': 1, 'SPC_MPOLY': 2, 'TPC_NONE': 15, 'SPC_NONE': 12, 'UC_NONE': 13, 'NONE_MPOLY': 1, 'SBX_NONE': 2}"
5,51,SPC,NONE,0.679385964050284,0.0385411387438386,767829416.96,1189279447.7215676,2016979.36,1777658.5216187472,0.7364691510232361,4.982988047563808e-05,0.0,0.0,GREEDY_HV,"['SPC_MBFLIP', 'SBX_MPOLY', 'SBX_MNUF', 'SPC_MPOLY', 'TPC_NONE', 'SBX_MPOLY', 'SPC_MPOLY', 'SPC_NONE', 'SPC_NONE', 'UC_NONE', 'UC_NONE', 'TPC_NONE', 'UC_NONE', 'SBX_MPOLY', 'TPC_NONE', 'SBX_MPOLY', 'NONE_MPOLY', 'UC_NONE', 'TPC_NONE', 'UC_NONE', 'TPC_NONE', 'TPC_NONE', 'UC_NONE', 'UC_NONE', 'SPC_NONE', 'UC_NONE', 'UC_NONE', 'TPC_NONE', 'SPC_NONE', 'TPC_NONE', 'UC_NONE', 'TPC_NONE', 'SPC_NONE', 'UC_NONE', 'SPC_NONE', 'SPC_NONE', 'UC_NONE', 'SBX_NONE', 'SPC_NONE', 'TPC_NONE', 'TPC_NONE', 'SPC_NONE', 'UC_NONE', 'SBX_NONE', 'TPC_NONE', 'TPC_NONE', 'TPC_NONE', 'SPC_NONE', 'TPC_NONE', 'SPC_NONE', 'SPC_NONE', 'SPC_NONE']","{'SBX_MPOLY': 4, 'SBX_MNUF': 1, 'SPC_MPOLY': 2, 'TPC_NONE': 15, 'SPC_NONE': 13, 'UC_NONE': 13, 'NONE_MPOLY': 1, 'SBX_NONE': 2}"
5,52,SBX,NONE,0.6795608414363875,0.0384379027412359,785506278.4,1193945310.0688784,2088448.16,1831679.3273585348,0.7366317253321676,0.0001625743089315,0.0,0.0,GREEDY_HV,"['SPC_MBFLIP', 'SBX_MPOLY', 'SBX_MNUF', 'SPC_MPOLY', 'TPC_NONE', 'SBX_MPOLY', 'SPC_MPOLY', 'SPC_NONE', 'SPC_NONE', 'UC_NONE', 'UC_NONE', 'TPC_NONE', 'UC_NONE', 'SBX_MPOLY', 'TPC_NONE', 'SBX_MPOLY', 'NONE_MPOLY', 'UC_NONE', 'TPC_NONE', 'UC_NONE', 'TPC_NONE', 'TPC_NONE', 'UC_NONE', 'UC_NONE', 'SPC_NONE', 'UC_NONE', 'UC_NONE', 'TPC_NONE', 'SPC_NONE', 'TPC_NONE', 'UC_NONE', 'TPC_NONE', 'SPC_NONE', 'UC_NONE', 'SPC_NONE', 'SPC_NONE', 'UC_NONE', 'SBX_NONE', 'SPC_NONE', 'TPC_NONE', 'TPC_NONE', 'SPC_NONE', 'UC_NONE', 'SBX_NONE', 'TPC_NONE', 'TPC_NONE', 'TPC_NONE', 'SPC_NONE', 'TPC_NONE', 'SPC_NONE', 'SPC_NONE', 'SPC_NONE', 'SBX_NONE']","{'SBX_MPOLY': 4, 'SBX_MNUF': 1, 'SPC_MPOLY': 2, 'TPC_NONE': 15, 'SPC_NONE': 13, 'UC_NONE': 13, 'NONE_MPOLY': 1, 'SBX_NONE': 3}"
5,53,TPC,NONE,0.6810759218700718,0.0387427953779548,752197237.76,1071994371.487016,2188646.56,1856169.9876455297,0.7366911913646443,5.946603247675153e-05,0.0,0.0,GREEDY_HV,"['SPC_MBFLIP', 'SBX_MPOLY', 'SBX_MNUF', 'SPC_MPOLY', 'TPC_NONE', 'SBX_MPOLY', 'SPC_MPOLY', 'SPC_NONE', 'SPC_NONE', 'UC_NONE', 'UC_NONE', 'TPC_NONE', 'UC_NONE', 'SBX_MPOLY', 'TPC_NONE', 'SBX_MPOLY', 'NONE_MPOLY', 'UC_NONE', 'TPC_NONE', 'UC_NONE', 'TPC_NONE', 'TPC_NONE', 'UC_NONE', 'UC_NONE', 'SPC_NONE', 'UC_NONE', 'UC_NONE', 'TPC_NONE', 'SPC_NONE', 'TPC_NONE', 'UC_NONE', 'TPC_NONE', 'SPC_NONE', 'UC_NONE', 'SPC_NONE', 'SPC_NONE', 'UC_NONE', 'SBX_NONE', 'SPC_NONE', 'TPC_NONE', 'TPC_NONE', 'SPC_NONE', 'UC_NONE', 'SBX_NONE', 'TPC_NONE', 'TPC_NONE', 'TPC_NONE', 'SPC_NONE', 'TPC_NONE', 'SPC_NONE', 'SPC_NONE', 'SPC_NONE', 'SBX_NONE', 'TPC_NONE']","{'SBX_MPOLY': 4, 'SBX_MNUF': 1, 'SPC_MPOLY': 2, 'TPC_NONE': 16, 'SPC_NONE': 13, 'UC_NONE': 13, 'NONE_MPOLY': 1, 'SBX_NONE': 3}"
5,54,TPC,NONE,0.6808747793089222,0.0387406759355456,706750796.8,985410430.1152292,2080358.56,1791128.4000092028,0.7367561078269304,6.491646228601322e-05,0.0,0.0,GREEDY_HV,"['SPC_MBFLIP', 'SBX_MPOLY', 'SBX_MNUF', 'SPC_MPOLY', 'TPC_NONE', 'SBX_MPOLY', 'SPC_MPOLY', 'SPC_NONE', 'SPC_NONE', 'UC_NONE', 'UC_NONE', 'TPC_NONE', 'UC_NONE', 'SBX_MPOLY', 'TPC_NONE', 'SBX_MPOLY', 'NONE_MPOLY', 'UC_NONE', 'TPC_NONE', 'UC_NONE', 'TPC_NONE', 'TPC_NONE', 'UC_NONE', 'UC_NONE', 'SPC_NONE', 'UC_NONE', 'UC_NONE', 'TPC_NONE', 'SPC_NONE', 'TPC_NONE', 'UC_NONE', 'TPC_NONE', 'SPC_NONE', 'UC_NONE', 'SPC_NONE', 'SPC_NONE', 'UC_NONE', 'SBX_NONE', 'SPC_NONE', 'TPC_NONE', 'TPC_NONE', 'SPC_NONE', 'UC_NONE', 'SBX_NONE', 'TPC_NONE', 'TPC_NONE', 'TPC_NONE', 'SPC_NONE', 'TPC_NONE', 'SPC_NONE', 'SPC_NONE', 'SPC_NONE', 'SBX_NONE', 'TPC_NONE', 'TPC_NONE']","{'SBX_MPOLY': 4, 'SBX_MNUF': 1, 'SPC_MPOLY': 2, 'TPC_NONE': 17, 'SPC_NONE': 13, 'UC_NONE': 13, 'NONE_MPOLY': 1, 'SBX_NONE': 3}"
5,55,TPC,NONE,0.6809063455990579,0.0391661453873838,763854837.76,1096571235.5032134,2131013.28,1889798.5623398395,0.7375412910707627,0.0007851832438323,0.01,0.0,GREEDY_HV,"['SPC_MBFLIP', 'SBX_MPOLY', 'SBX_MNUF', 'SPC_MPOLY', 'TPC_NONE', 'SBX_MPOLY', 'SPC_MPOLY', 'SPC_NONE', 'SPC_NONE', 'UC_NONE', 'UC_NONE', 'TPC_NONE', 'UC_NONE', 'SBX_MPOLY', 'TPC_NONE', 'SBX_MPOLY', 'NONE_MPOLY', 'UC_NONE', 'TPC_NONE', 'UC_NONE', 'TPC_NONE', 'TPC_NONE', 'UC_NONE', 'UC_NONE', 'SPC_NONE', 'UC_NONE', 'UC_NONE', 'TPC_NONE', 'SPC_NONE', 'TPC_NONE', 'UC_NONE', 'TPC_NONE', 'SPC_NONE', 'UC_NONE', 'SPC_NONE', 'SPC_NONE', 'UC_NONE', 'SBX_NONE', 'SPC_NONE', 'TPC_NONE', 'TPC_NONE', 'SPC_NONE', 'UC_NONE', 'SBX_NONE', 'TPC_NONE', 'TPC_NONE', 'TPC_NONE', 'SPC_NONE', 'TPC_NONE', 'SPC_NONE', 'SPC_NONE', 'SPC_NONE', 'SBX_NONE', 'TPC_NONE', 'TPC_NONE', 'TPC_NONE']","{'SBX_MPOLY': 4, 'SBX_MNUF': 1, 'SPC_MPOLY': 2, 'TPC_NONE': 18, 'SPC_NONE': 13, 'UC_NONE': 13, 'NONE_MPOLY': 1, 'SBX_NONE': 3}"
5,56,UC,NONE,0.679331005833449,0.0387090084886803,773469516.8,1195575539.5080793,2091367.84,1955275.2305803231,0.7375536818021033,1.2390731340627958e-05,0.0,0.0,GREEDY_HV,"['SPC_MBFLIP', 'SBX_MPOLY', 'SBX_MNUF', 'SPC_MPOLY', 'TPC_NONE', 'SBX_MPOLY', 'SPC_MPOLY', 'SPC_NONE', 'SPC_NONE', 'UC_NONE', 'UC_NONE', 'TPC_NONE', 'UC_NONE', 'SBX_MPOLY', 'TPC_NONE', 'SBX_MPOLY', 'NONE_MPOLY', 'UC_NONE', 'TPC_NONE', 'UC_NONE', 'TPC_NONE', 'TPC_NONE', 'UC_NONE', 'UC_NONE', 'SPC_NONE', 'UC_NONE', 'UC_NONE', 'TPC_NONE', 'SPC_NONE', 'TPC_NONE', 'UC_NONE', 'TPC_NONE', 'SPC_NONE', 'UC_NONE', 'SPC_NONE', 'SPC_NONE', 'UC_NONE', 'SBX_NONE', 'SPC_NONE', 'TPC_NONE', 'TPC_NONE', 'SPC_NONE', 'UC_NONE', 'SBX_NONE', 'TPC_NONE', 'TPC_NONE', 'TPC_NONE', 'SPC_NONE', 'TPC_NONE', 'SPC_NONE', 'SPC_NONE', 'SPC_NONE', 'SBX_NONE', 'TPC_NONE', 'TPC_NONE', 'TPC_NONE', 'UC_NONE']","{'SBX_MPOLY': 4, 'SBX_MNUF': 1, 'SPC_MPOLY': 2, 'TPC_NONE': 18, 'SPC_NONE': 13, 'UC_NONE': 14, 'NONE_MPOLY': 1, 'SBX_NONE': 3}"
5,57,SPC,NONE,0.6794982199164895,0.0383841127258544,664811770.88,954308815.8076364,1973053.6,1851535.0579242515,0.7383167725892901,0.0007630907871867,0.01,0.0,GREEDY_HV,"['SPC_MBFLIP', 'SBX_MPOLY', 'SBX_MNUF', 'SPC_MPOLY', 'TPC_NONE', 'SBX_MPOLY', 'SPC_MPOLY', 'SPC_NONE', 'SPC_NONE', 'UC_NONE', 'UC_NONE', 'TPC_NONE', 'UC_NONE', 'SBX_MPOLY', 'TPC_NONE', 'SBX_MPOLY', 'NONE_MPOLY', 'UC_NONE', 'TPC_NONE', 'UC_NONE', 'TPC_NONE', 'TPC_NONE', 'UC_NONE', 'UC_NONE', 'SPC_NONE', 'UC_NONE', 'UC_NONE', 'TPC_NONE', 'SPC_NONE', 'TPC_NONE', 'UC_NONE', 'TPC_NONE', 'SPC_NONE', 'UC_NONE', 'SPC_NONE', 'SPC_NONE', 'UC_NONE', 'SBX_NONE', 'SPC_NONE', 'TPC_NONE', 'TPC_NONE', 'SPC_NONE', 'UC_NONE', 'SBX_NONE', 'TPC_NONE', 'TPC_NONE', 'TPC_NONE', 'SPC_NONE', 'TPC_NONE', 'SPC_NONE', 'SPC_NONE', 'SPC_NONE', 'SBX_NONE', 'TPC_NONE', 'TPC_NONE', 'TPC_NONE', 'UC_NONE', 'SPC_NONE']","{'SBX_MPOLY': 4, 'SBX_MNUF': 1, 'SPC_MPOLY': 2, 'TPC_NONE': 18, 'SPC_NONE': 14, 'UC_NONE': 14, 'NONE_MPOLY': 1, 'SBX_NONE': 3}"
5,58,TPC,NONE,0.6805239852856348,0.0393137968055506,798001960.96,1177479873.4776406,2222875.04,2096908.4252498676,0.7383726510804218,5.587849113175558e-05,0.01,0.0,GREEDY_HV,"['SPC_MBFLIP', 'SBX_MPOLY', 'SBX_MNUF', 'SPC_MPOLY', 'TPC_NONE', 'SBX_MPOLY', 'SPC_MPOLY', 'SPC_NONE', 'SPC_NONE', 'UC_NONE', 'UC_NONE', 'TPC_NONE', 'UC_NONE', 'SBX_MPOLY', 'TPC_NONE', 'SBX_MPOLY', 'NONE_MPOLY', 'UC_NONE', 'TPC_NONE', 'UC_NONE', 'TPC_NONE', 'TPC_NONE', 'UC_NONE', 'UC_NONE', 'SPC_NONE', 'UC_NONE', 'UC_NONE', 'TPC_NONE', 'SPC_NONE', 'TPC_NONE', 'UC_NONE', 'TPC_NONE', 'SPC_NONE', 'UC_NONE', 'SPC_NONE', 'SPC_NONE', 'UC_NONE', 'SBX_NONE', 'SPC_NONE', 'TPC_NONE', 'TPC_NONE', 'SPC_NONE', 'UC_NONE', 'SBX_NONE', 'TPC_NONE', 'TPC_NONE', 'TPC_NONE', 'SPC_NONE', 'TPC_NONE', 'SPC_NONE', 'SPC_NONE', 'SPC_NONE', 'SBX_NONE', 'TPC_NONE', 'TPC_NONE', 'TPC_NONE', 'UC_NONE', 'SPC_NONE', 'TPC_NONE']","{'SBX_MPOLY': 4, 'SBX_MNUF': 1, 'SPC_MPOLY': 2, 'TPC_NONE': 19, 'SPC_NONE': 14, 'UC_NONE': 14, 'NONE_MPOLY': 1, 'SBX_NONE': 3}"
5,59,TPC,NONE,0.6809586745323856,0.0393104045632778,843541995.52,1261684651.9856627,2331186.08,2165018.3723417763,0.7383784540130437,5.802932621867818e-06,0.01,0.0,GREEDY_HV,"['SPC_MBFLIP', 'SBX_MPOLY', 'SBX_MNUF', 'SPC_MPOLY', 'TPC_NONE', 'SBX_MPOLY', 'SPC_MPOLY', 'SPC_NONE', 'SPC_NONE', 'UC_NONE', 'UC_NONE', 'TPC_NONE', 'UC_NONE', 'SBX_MPOLY', 'TPC_NONE', 'SBX_MPOLY', 'NONE_MPOLY', 'UC_NONE', 'TPC_NONE', 'UC_NONE', 'TPC_NONE', 'TPC_NONE', 'UC_NONE', 'UC_NONE', 'SPC_NONE', 'UC_NONE', 'UC_NONE', 'TPC_NONE', 'SPC_NONE', 'TPC_NONE', 'UC_NONE', 'TPC_NONE', 'SPC_NONE', 'UC_NONE', 'SPC_NONE', 'SPC_NONE', 'UC_NONE', 'SBX_NONE', 'SPC_NONE', 'TPC_NONE', 'TPC_NONE', 'SPC_NONE', 'UC_NONE', 'SBX_NONE', 'TPC_NONE', 'TPC_NONE', 'TPC_NONE', 'SPC_NONE', 'TPC_NONE', 'SPC_NONE', 'SPC_NONE', 'SPC_NONE', 'SBX_NONE', 'TPC_NONE', 'TPC_NONE', 'TPC_NONE', 'UC_NONE', 'SPC_NONE', 'TPC_NONE', 'TPC_NONE']","{'SBX_MPOLY': 4, 'SBX_MNUF': 1, 'SPC_MPOLY': 2, 'TPC_NONE': 20, 'SPC_NONE': 14, 'UC_NONE': 14, 'NONE_MPOLY': 1, 'SBX_NONE': 3}"
5,60,TPC,NONE,0.6810654729013638,0.0394567995710354,845811712.0,1261700507.5886934,2353493.92,2191769.260242545,0.7384186330162832,4.0179003239493305e-05,0.0,0.0,GREEDY_HV,"['SPC_MBFLIP', 'SBX_MPOLY', 'SBX_MNUF', 'SPC_MPOLY', 'TPC_NONE', 'SBX_MPOLY', 'SPC_MPOLY', 'SPC_NONE', 'SPC_NONE', 'UC_NONE', 'UC_NONE', 'TPC_NONE', 'UC_NONE', 'SBX_MPOLY', 'TPC_NONE', 'SBX_MPOLY', 'NONE_MPOLY', 'UC_NONE', 'TPC_NONE', 'UC_NONE', 'TPC_NONE', 'TPC_NONE', 'UC_NONE', 'UC_NONE', 'SPC_NONE', 'UC_NONE', 'UC_NONE', 'TPC_NONE', 'SPC_NONE', 'TPC_NONE', 'UC_NONE', 'TPC_NONE', 'SPC_NONE', 'UC_NONE', 'SPC_NONE', 'SPC_NONE', 'UC_NONE', 'SBX_NONE', 'SPC_NONE', 'TPC_NONE', 'TPC_NONE', 'SPC_NONE', 'UC_NONE', 'SBX_NONE', 'TPC_NONE', 'TPC_NONE', 'TPC_NONE', 'SPC_NONE', 'TPC_NONE', 'SPC_NONE', 'SPC_NONE', 'SPC_NONE', 'SBX_NONE', 'TPC_NONE', 'TPC_NONE', 'TPC_NONE', 'UC_NONE', 'SPC_NONE', 'TPC_NONE', 'TPC_NONE', 'TPC_NONE']","{'SBX_MPOLY': 4, 'SBX_MNUF': 1, 'SPC_MPOLY': 2, 'TPC_NONE': 21, 'SPC_NONE': 14, 'UC_NONE': 14, 'NONE_MPOLY': 1, 'SBX_NONE': 3}"
5,61,UC,NONE,0.6816015997704207,0.0395159186516392,881236879.36,1331672171.1435828,2464691.36,2242259.589323785,0.7384647585017095,4.6125485426262713e-05,0.0,0.0,GREEDY_HV,"['SPC_MBFLIP', 'SBX_MPOLY', 'SBX_MNUF', 'SPC_MPOLY', 'TPC_NONE', 'SBX_MPOLY', 'SPC_MPOLY', 'SPC_NONE', 'SPC_NONE', 'UC_NONE', 'UC_NONE', 'TPC_NONE', 'UC_NONE', 'SBX_MPOLY', 'TPC_NONE', 'SBX_MPOLY', 'NONE_MPOLY', 'UC_NONE', 'TPC_NONE', 'UC_NONE', 'TPC_NONE', 'TPC_NONE', 'UC_NONE', 'UC_NONE', 'SPC_NONE', 'UC_NONE', 'UC_NONE', 'TPC_NONE', 'SPC_NONE', 'TPC_NONE', 'UC_NONE', 'TPC_NONE', 'SPC_NONE', 'UC_NONE', 'SPC_NONE', 'SPC_NONE', 'UC_NONE', 'SBX_NONE', 'SPC_NONE', 'TPC_NONE', 'TPC_NONE', 'SPC_NONE', 'UC_NONE', 'SBX_NONE', 'TPC_NONE', 'TPC_NONE', 'TPC_NONE', 'SPC_NONE', 'TPC_NONE', 'SPC_NONE', 'SPC_NONE', 'SPC_NONE', 'SBX_NONE', 'TPC_NONE', 'TPC_NONE', 'TPC_NONE', 'UC_NONE', 'SPC_NONE', 'TPC_NONE', 'TPC_NONE', 'TPC_NONE', 'UC_NONE']","{'SBX_MPOLY': 4, 'SBX_MNUF': 1, 'SPC_MPOLY': 2, 'TPC_NONE': 21, 'SPC_NONE': 14, 'UC_NONE': 15, 'NONE_MPOLY': 1, 'SBX_NONE': 3}"
5,62,SBX,NONE,0.6823699709250053,0.0390471707272023,907525222.4,1388328671.706289,2478835.36,2289522.560696197,0.7384660008535506,1.242351841179712e-06,0.0,0.0,GREEDY_HV,"['SPC_MBFLIP', 'SBX_MPOLY', 'SBX_MNUF', 'SPC_MPOLY', 'TPC_NONE', 'SBX_MPOLY', 'SPC_MPOLY', 'SPC_NONE', 'SPC_NONE', 'UC_NONE', 'UC_NONE', 'TPC_NONE', 'UC_NONE', 'SBX_MPOLY', 'TPC_NONE', 'SBX_MPOLY', 'NONE_MPOLY', 'UC_NONE', 'TPC_NONE', 'UC_NONE', 'TPC_NONE', 'TPC_NONE', 'UC_NONE', 'UC_NONE', 'SPC_NONE', 'UC_NONE', 'UC_NONE', 'TPC_NONE', 'SPC_NONE', 'TPC_NONE', 'UC_NONE', 'TPC_NONE', 'SPC_NONE', 'UC_NONE', 'SPC_NONE', 'SPC_NONE', 'UC_NONE', 'SBX_NONE', 'SPC_NONE', 'TPC_NONE', 'TPC_NONE', 'SPC_NONE', 'UC_NONE', 'SBX_NONE', 'TPC_NONE', 'TPC_NONE', 'TPC_NONE', 'SPC_NONE', 'TPC_NONE', 'SPC_NONE', 'SPC_NONE', 'SPC_NONE', 'SBX_NONE', 'TPC_NONE', 'TPC_NONE', 'TPC_NONE', 'UC_NONE', 'SPC_NONE', 'TPC_NONE', 'TPC_NONE', 'TPC_NONE', 'UC_NONE', 'SBX_NONE']","{'SBX_MPOLY': 4, 'SBX_MNUF': 1, 'SPC_MPOLY': 2, 'TPC_NONE': 21, 'SPC_NONE': 14, 'UC_NONE': 15, 'NONE_MPOLY': 1, 'SBX_NONE': 4}"
5,63,TPC,NONE,0.6819935338132785,0.0389983452939996,900462080.0,1394979929.7192776,2477182.88,2296516.91914963,0.738442271947021,-2.372890652968529e-05,0.0,0.0,GREEDY_HV,"['SPC_MBFLIP', 'SBX_MPOLY', 'SBX_MNUF', 'SPC_MPOLY', 'TPC_NONE', 'SBX_MPOLY', 'SPC_MPOLY', 'SPC_NONE', 'SPC_NONE', 'UC_NONE', 'UC_NONE', 'TPC_NONE', 'UC_NONE', 'SBX_MPOLY', 'TPC_NONE', 'SBX_MPOLY', 'NONE_MPOLY', 'UC_NONE', 'TPC_NONE', 'UC_NONE', 'TPC_NONE', 'TPC_NONE', 'UC_NONE', 'UC_NONE', 'SPC_NONE', 'UC_NONE', 'UC_NONE', 'TPC_NONE', 'SPC_NONE', 'TPC_NONE', 'UC_NONE', 'TPC_NONE', 'SPC_NONE', 'UC_NONE', 'SPC_NONE', 'SPC_NONE', 'UC_NONE', 'SBX_NONE', 'SPC_NONE', 'TPC_NONE', 'TPC_NONE', 'SPC_NONE', 'UC_NONE', 'SBX_NONE', 'TPC_NONE', 'TPC_NONE', 'TPC_NONE', 'SPC_NONE', 'TPC_NONE', 'SPC_NONE', 'SPC_NONE', 'SPC_NONE', 'SBX_NONE', 'TPC_NONE', 'TPC_NONE', 'TPC_NONE', 'UC_NONE', 'SPC_NONE', 'TPC_NONE', 'TPC_NONE', 'TPC_NONE', 'UC_NONE', 'SBX_NONE', 'TPC_NONE']","{'SBX_MPOLY': 4, 'SBX_MNUF': 1, 'SPC_MPOLY': 2, 'TPC_NONE': 22, 'SPC_NONE': 14, 'UC_NONE': 15, 'NONE_MPOLY': 1, 'SBX_NONE': 4}"
5,64,SPC,NONE,0.6807764298445363,0.039093837698262,912082667.52,1453705668.820739,2418980.0,2268192.565797816,0.7384468132763425,4.541329321594567e-06,0.01,0.0,GREEDY_HV,"['SPC_MBFLIP', 'SBX_MPOLY', 'SBX_MNUF', 'SPC_MPOLY', 'TPC_NONE', 'SBX_MPOLY', 'SPC_MPOLY', 'SPC_NONE', 'SPC_NONE', 'UC_NONE', 'UC_NONE', 'TPC_NONE', 'UC_NONE', 'SBX_MPOLY', 'TPC_NONE', 'SBX_MPOLY', 'NONE_MPOLY', 'UC_NONE', 'TPC_NONE', 'UC_NONE', 'TPC_NONE', 'TPC_NONE', 'UC_NONE', 'UC_NONE', 'SPC_NONE', 'UC_NONE', 'UC_NONE', 'TPC_NONE', 'SPC_NONE', 'TPC_NONE', 'UC_NONE', 'TPC_NONE', 'SPC_NONE', 'UC_NONE', 'SPC_NONE', 'SPC_NONE', 'UC_NONE', 'SBX_NONE', 'SPC_NONE', 'TPC_NONE', 'TPC_NONE', 'SPC_NONE', 'UC_NONE', 'SBX_NONE', 'TPC_NONE', 'TPC_NONE', 'TPC_NONE', 'SPC_NONE', 'TPC_NONE', 'SPC_NONE', 'SPC_NONE', 'SPC_NONE', 'SBX_NONE', 'TPC_NONE', 'TPC_NONE', 'TPC_NONE', 'UC_NONE', 'SPC_NONE', 'TPC_NONE', 'TPC_NONE', 'TPC_NONE', 'UC_NONE', 'SBX_NONE', 'TPC_NONE', 'SPC_NONE']","{'SBX_MPOLY': 4, 'SBX_MNUF': 1, 'SPC_MPOLY': 2, 'TPC_NONE': 22, 'SPC_NONE': 15, 'UC_NONE': 15, 'NONE_MPOLY': 1, 'SBX_NONE': 4}"
5,65,UC,NONE,0.6796213532743769,0.0388886790435867,890608312.32,1458603133.184113,2363573.92,2265413.490973123,0.7384719078845909,2.509460824839937e-05,0.0,0.0,GREEDY_HV,"['SPC_MBFLIP', 'SBX_MPOLY', 'SBX_MNUF', 'SPC_MPOLY', 'TPC_NONE', 'SBX_MPOLY', 'SPC_MPOLY', 'SPC_NONE', 'SPC_NONE', 'UC_NONE', 'UC_NONE', 'TPC_NONE', 'UC_NONE', 'SBX_MPOLY', 'TPC_NONE', 'SBX_MPOLY', 'NONE_MPOLY', 'UC_NONE', 'TPC_NONE', 'UC_NONE', 'TPC_NONE', 'TPC_NONE', 'UC_NONE', 'UC_NONE', 'SPC_NONE', 'UC_NONE', 'UC_NONE', 'TPC_NONE', 'SPC_NONE', 'TPC_NONE', 'UC_NONE', 'TPC_NONE', 'SPC_NONE', 'UC_NONE', 'SPC_NONE', 'SPC_NONE', 'UC_NONE', 'SBX_NONE', 'SPC_NONE', 'TPC_NONE', 'TPC_NONE', 'SPC_NONE', 'UC_NONE', 'SBX_NONE', 'TPC_NONE', 'TPC_NONE', 'TPC_NONE', 'SPC_NONE', 'TPC_NONE', 'SPC_NONE', 'SPC_NONE', 'SPC_NONE', 'SBX_NONE', 'TPC_NONE', 'TPC_NONE', 'TPC_NONE', 'UC_NONE', 'SPC_NONE', 'TPC_NONE', 'TPC_NONE', 'TPC_NONE', 'UC_NONE', 'SBX_NONE', 'TPC_NONE', 'SPC_NONE', 'UC_NONE']","{'SBX_MPOLY': 4, 'SBX_MNUF': 1, 'SPC_MPOLY': 2, 'TPC_NONE': 22, 'SPC_NONE': 15, 'UC_NONE': 16, 'NONE_MPOLY': 1, 'SBX_NONE': 4}"
5,66,UC,NONE,0.6810529289372258,0.0387985435708063,896184079.36,1453643778.7879949,2498043.04,2269562.4645314254,0.7383452104111182,-0.0001266974734727,0.0,0.0,GREEDY_HV,"['SPC_MBFLIP', 'SBX_MPOLY', 'SBX_MNUF', 'SPC_MPOLY', 'TPC_NONE', 'SBX_MPOLY', 'SPC_MPOLY', 'SPC_NONE', 'SPC_NONE', 'UC_NONE', 'UC_NONE', 'TPC_NONE', 'UC_NONE', 'SBX_MPOLY', 'TPC_NONE', 'SBX_MPOLY', 'NONE_MPOLY', 'UC_NONE', 'TPC_NONE', 'UC_NONE', 'TPC_NONE', 'TPC_NONE', 'UC_NONE', 'UC_NONE', 'SPC_NONE', 'UC_NONE', 'UC_NONE', 'TPC_NONE', 'SPC_NONE', 'TPC_NONE', 'UC_NONE', 'TPC_NONE', 'SPC_NONE', 'UC_NONE', 'SPC_NONE', 'SPC_NONE', 'UC_NONE', 'SBX_NONE', 'SPC_NONE', 'TPC_NONE', 'TPC_NONE', 'SPC_NONE', 'UC_NONE', 'SBX_NONE', 'TPC_NONE', 'TPC_NONE', 'TPC_NONE', 'SPC_NONE', 'TPC_NONE', 'SPC_NONE', 'SPC_NONE', 'SPC_NONE', 'SBX_NONE', 'TPC_NONE', 'TPC_NONE', 'TPC_NONE', 'UC_NONE', 'SPC_NONE', 'TPC_NONE', 'TPC_NONE', 'TPC_NONE', 'UC_NONE', 'SBX_NONE', 'TPC_NONE', 'SPC_NONE', 'UC_NONE', 'UC_NONE']","{'SBX_MPOLY': 4, 'SBX_MNUF': 1, 'SPC_MPOLY': 2, 'TPC_NONE': 22, 'SPC_NONE': 15, 'UC_NONE': 17, 'NONE_MPOLY': 1, 'SBX_NONE': 4}"
5,67,TPC,NONE,0.6804424990295714,0.0390965539523816,930009758.72,1458158282.2162423,2470099.36,2301360.8002856546,0.7383470052136241,1.794802505838966e-06,0.0,0.0,GREEDY_HV,"['SPC_MBFLIP', 'SBX_MPOLY', 'SBX_MNUF', 'SPC_MPOLY', 'TPC_NONE', 'SBX_MPOLY', 'SPC_MPOLY', 'SPC_NONE', 'SPC_NONE', 'UC_NONE', 'UC_NONE', 'TPC_NONE', 'UC_NONE', 'SBX_MPOLY', 'TPC_NONE', 'SBX_MPOLY', 'NONE_MPOLY', 'UC_NONE', 'TPC_NONE', 'UC_NONE', 'TPC_NONE', 'TPC_NONE', 'UC_NONE', 'UC_NONE', 'SPC_NONE', 'UC_NONE', 'UC_NONE', 'TPC_NONE', 'SPC_NONE', 'TPC_NONE', 'UC_NONE', 'TPC_NONE', 'SPC_NONE', 'UC_NONE', 'SPC_NONE', 'SPC_NONE', 'UC_NONE', 'SBX_NONE', 'SPC_NONE', 'TPC_NONE', 'TPC_NONE', 'SPC_NONE', 'UC_NONE', 'SBX_NONE', 'TPC_NONE', 'TPC_NONE', 'TPC_NONE', 'SPC_NONE', 'TPC_NONE', 'SPC_NONE', 'SPC_NONE', 'SPC_NONE', 'SBX_NONE', 'TPC_NONE', 'TPC_NONE', 'TPC_NONE', 'UC_NONE', 'SPC_NONE', 'TPC_NONE', 'TPC_NONE', 'TPC_NONE', 'UC_NONE', 'SBX_NONE', 'TPC_NONE', 'SPC_NONE', 'UC_NONE', 'UC_NONE', 'TPC_NONE']","{'SBX_MPOLY': 4, 'SBX_MNUF': 1, 'SPC_MPOLY': 2, 'TPC_NONE': 23, 'SPC_NONE': 15, 'UC_NONE': 17, 'NONE_MPOLY': 1, 'SBX_NONE': 4}"
5,68,SPC,NONE,0.6798931128742544,0.0388929448151349,898065546.24,1457659640.2659984,2380731.04,2295636.351505116,0.7383415602734579,-5.444940166188239e-06,0.0,0.0,GREEDY_HV,"['SPC_MBFLIP', 'SBX_MPOLY', 'SBX_MNUF', 'SPC_MPOLY', 'TPC_NONE', 'SBX_MPOLY', 'SPC_MPOLY', 'SPC_NONE', 'SPC_NONE', 'UC_NONE', 'UC_NONE', 'TPC_NONE', 'UC_NONE', 'SBX_MPOLY', 'TPC_NONE', 'SBX_MPOLY', 'NONE_MPOLY', 'UC_NONE', 'TPC_NONE', 'UC_NONE', 'TPC_NONE', 'TPC_NONE', 'UC_NONE', 'UC_NONE', 'SPC_NONE', 'UC_NONE', 'UC_NONE', 'TPC_NONE', 'SPC_NONE', 'TPC_NONE', 'UC_NONE', 'TPC_NONE', 'SPC_NONE', 'UC_NONE', 'SPC_NONE', 'SPC_NONE', 'UC_NONE', 'SBX_NONE', 'SPC_NONE', 'TPC_NONE', 'TPC_NONE', 'SPC_NONE', 'UC_NONE', 'SBX_NONE', 'TPC_NONE', 'TPC_NONE', 'TPC_NONE', 'SPC_NONE', 'TPC_NONE', 'SPC_NONE', 'SPC_NONE', 'SPC_NONE', 'SBX_NONE', 'TPC_NONE', 'TPC_NONE', 'TPC_NONE', 'UC_NONE', 'SPC_NONE', 'TPC_NONE', 'TPC_NONE', 'TPC_NONE', 'UC_NONE', 'SBX_NONE', 'TPC_NONE', 'SPC_NONE', 'UC_NONE', 'UC_NONE', 'TPC_NONE', 'SPC_NONE']","{'SBX_MPOLY': 4, 'SBX_MNUF': 1, 'SPC_MPOLY': 2, 'TPC_NONE': 23, 'SPC_NONE': 16, 'UC_NONE': 17, 'NONE_MPOLY': 1, 'SBX_NONE': 4}"
5,69,TPC,MPOLY,0.6800896638763831,0.0390405477343687,896463861.76,1457227950.8125796,2364098.72,2292951.1946259565,0.7383891613804638,4.760110700596787e-05,0.0,0.005,GREEDY_HV,"['SPC_MBFLIP', 'SBX_MPOLY', 'SBX_MNUF', 'SPC_MPOLY', 'TPC_NONE', 'SBX_MPOLY', 'SPC_MPOLY', 'SPC_NONE', 'SPC_NONE', 'UC_NONE', 'UC_NONE', 'TPC_NONE', 'UC_NONE', 'SBX_MPOLY', 'TPC_NONE', 'SBX_MPOLY', 'NONE_MPOLY', 'UC_NONE', 'TPC_NONE', 'UC_NONE', 'TPC_NONE', 'TPC_NONE', 'UC_NONE', 'UC_NONE', 'SPC_NONE', 'UC_NONE', 'UC_NONE', 'TPC_NONE', 'SPC_NONE', 'TPC_NONE', 'UC_NONE', 'TPC_NONE', 'SPC_NONE', 'UC_NONE', 'SPC_NONE', 'SPC_NONE', 'UC_NONE', 'SBX_NONE', 'SPC_NONE', 'TPC_NONE', 'TPC_NONE', 'SPC_NONE', 'UC_NONE', 'SBX_NONE', 'TPC_NONE', 'TPC_NONE', 'TPC_NONE', 'SPC_NONE', 'TPC_NONE', 'SPC_NONE', 'SPC_NONE', 'SPC_NONE', 'SBX_NONE', 'TPC_NONE', 'TPC_NONE', 'TPC_NONE', 'UC_NONE', 'SPC_NONE', 'TPC_NONE', 'TPC_NONE', 'TPC_NONE', 'UC_NONE', 'SBX_NONE', 'TPC_NONE', 'SPC_NONE', 'UC_NONE', 'UC_NONE', 'TPC_NONE', 'SPC_NONE', 'TPC_MPOLY']","{'SBX_MPOLY': 4, 'SBX_MNUF': 1, 'SPC_MPOLY': 2, 'TPC_NONE': 23, 'SPC_NONE': 16, 'UC_NONE': 17, 'NONE_MPOLY': 1, 'SBX_NONE': 4, 'TPC_MPOLY': 1}"
5,70,TPC,NONE,0.6816278207248513,0.0393677668783967,915541114.88,1448977063.6702497,2457723.04,2288960.9963261583,0.7384416387679864,5.247738752256481e-05,0.01,0.0,GREEDY_HV,"['SPC_MBFLIP', 'SBX_MPOLY', 'SBX_MNUF', 'SPC_MPOLY', 'TPC_NONE', 'SBX_MPOLY', 'SPC_MPOLY', 'SPC_NONE', 'SPC_NONE', 'UC_NONE', 'UC_NONE', 'TPC_NONE', 'UC_NONE', 'SBX_MPOLY', 'TPC_NONE', 'SBX_MPOLY', 'NONE_MPOLY', 'UC_NONE', 'TPC_NONE', 'UC_NONE', 'TPC_NONE', 'TPC_NONE', 'UC_NONE', 'UC_NONE', 'SPC_NONE', 'UC_NONE', 'UC_NONE', 'TPC_NONE', 'SPC_NONE', 'TPC_NONE', 'UC_NONE', 'TPC_NONE', 'SPC_NONE', 'UC_NONE', 'SPC_NONE', 'SPC_NONE', 'UC_NONE', 'SBX_NONE', 'SPC_NONE', 'TPC_NONE', 'TPC_NONE', 'SPC_NONE', 'UC_NONE', 'SBX_NONE', 'TPC_NONE', 'TPC_NONE', 'TPC_NONE', 'SPC_NONE', 'TPC_NONE', 'SPC_NONE', 'SPC_NONE', 'SPC_NONE', 'SBX_NONE', 'TPC_NONE', 'TPC_NONE', 'TPC_NONE', 'UC_NONE', 'SPC_NONE', 'TPC_NONE', 'TPC_NONE', 'TPC_NONE', 'UC_NONE', 'SBX_NONE', 'TPC_NONE', 'SPC_NONE', 'UC_NONE', 'UC_NONE', 'TPC_NONE', 'SPC_NONE', 'TPC_MPOLY', 'TPC_NONE']","{'SBX_MPOLY': 4, 'SBX_MNUF': 1, 'SPC_MPOLY': 2, 'TPC_NONE': 24, 'SPC_NONE': 16, 'UC_NONE': 17, 'NONE_MPOLY': 1, 'SBX_NONE': 4, 'TPC_MPOLY': 1}"
5,71,UC,NONE,0.681036495423977,0.039155491620457,918537763.84,1453321341.960585,2404075.68,2296520.647024916,0.7385096135138094,6.797474582298513e-05,0.0,0.0,GREEDY_HV,"['SPC_MBFLIP', 'SBX_MPOLY', 'SBX_MNUF', 'SPC_MPOLY', 'TPC_NONE', 'SBX_MPOLY', 'SPC_MPOLY', 'SPC_NONE', 'SPC_NONE', 'UC_NONE', 'UC_NONE', 'TPC_NONE', 'UC_NONE', 'SBX_MPOLY', 'TPC_NONE', 'SBX_MPOLY', 'NONE_MPOLY', 'UC_NONE', 'TPC_NONE', 'UC_NONE', 'TPC_NONE', 'TPC_NONE', 'UC_NONE', 'UC_NONE', 'SPC_NONE', 'UC_NONE', 'UC_NONE', 'TPC_NONE', 'SPC_NONE', 'TPC_NONE', 'UC_NONE', 'TPC_NONE', 'SPC_NONE', 'UC_NONE', 'SPC_NONE', 'SPC_NONE', 'UC_NONE', 'SBX_NONE', 'SPC_NONE', 'TPC_NONE', 'TPC_NONE', 'SPC_NONE', 'UC_NONE', 'SBX_NONE', 'TPC_NONE', 'TPC_NONE', 'TPC_NONE', 'SPC_NONE', 'TPC_NONE', 'SPC_NONE', 'SPC_NONE', 'SPC_NONE', 'SBX_NONE', 'TPC_NONE', 'TPC_NONE', 'TPC_NONE', 'UC_NONE', 'SPC_NONE', 'TPC_NONE', 'TPC_NONE', 'TPC_NONE', 'UC_NONE', 'SBX_NONE', 'TPC_NONE', 'SPC_NONE', 'UC_NONE', 'UC_NONE', 'TPC_NONE', 'SPC_NONE', 'TPC_MPOLY', 'TPC_NONE', 'UC_NONE']","{'SBX_MPOLY': 4, 'SBX_MNUF': 1, 'SPC_MPOLY': 2, 'TPC_NONE': 24, 'SPC_NONE': 16, 'UC_NONE': 18, 'NONE_MPOLY': 1, 'SBX_NONE': 4, 'TPC_MPOLY': 1}"
5,72,SBX,NONE,0.6797686355069689,0.0390040427280361,753123512.32,1227623838.0059938,2268396.96,2140559.814999067,0.7385736991837422,6.408566993276743e-05,0.01,0.0,GREEDY_HV,"['SPC_MBFLIP', 'SBX_MPOLY', 'SBX_MNUF', 'SPC_MPOLY', 'TPC_NONE', 'SBX_MPOLY', 'SPC_MPOLY', 'SPC_NONE', 'SPC_NONE', 'UC_NONE', 'UC_NONE', 'TPC_NONE', 'UC_NONE', 'SBX_MPOLY', 'TPC_NONE', 'SBX_MPOLY', 'NONE_MPOLY', 'UC_NONE', 'TPC_NONE', 'UC_NONE', 'TPC_NONE', 'TPC_NONE', 'UC_NONE', 'UC_NONE', 'SPC_NONE', 'UC_NONE', 'UC_NONE', 'TPC_NONE', 'SPC_NONE', 'TPC_NONE', 'UC_NONE', 'TPC_NONE', 'SPC_NONE', 'UC_NONE', 'SPC_NONE', 'SPC_NONE', 'UC_NONE', 'SBX_NONE', 'SPC_NONE', 'TPC_NONE', 'TPC_NONE', 'SPC_NONE', 'UC_NONE', 'SBX_NONE', 'TPC_NONE', 'TPC_NONE', 'TPC_NONE', 'SPC_NONE', 'TPC_NONE', 'SPC_NONE', 'SPC_NONE', 'SPC_NONE', 'SBX_NONE', 'TPC_NONE', 'TPC_NONE', 'TPC_NONE', 'UC_NONE', 'SPC_NONE', 'TPC_NONE', 'TPC_NONE', 'TPC_NONE', 'UC_NONE', 'SBX_NONE', 'TPC_NONE', 'SPC_NONE', 'UC_NONE', 'UC_NONE', 'TPC_NONE', 'SPC_NONE', 'TPC_MPOLY', 'TPC_NONE', 'UC_NONE', 'SBX_NONE']","{'SBX_MPOLY': 4, 'SBX_MNUF': 1, 'SPC_MPOLY': 2, 'TPC_NONE': 24, 'SPC_NONE': 16, 'UC_NONE': 18, 'NONE_MPOLY': 1, 'SBX_NONE': 5, 'TPC_MPOLY': 1}"
5,73,TPC,NONE,0.680165314109494,0.0390340494764314,765921044.48,1230517320.2833936,2266278.56,2138449.411995936,0.7385637662112505,-9.932972491633052e-06,0.0,0.0,GREEDY_HV,"['SPC_MBFLIP', 'SBX_MPOLY', 'SBX_MNUF', 'SPC_MPOLY', 'TPC_NONE', 'SBX_MPOLY', 'SPC_MPOLY', 'SPC_NONE', 'SPC_NONE', 'UC_NONE', 'UC_NONE', 'TPC_NONE', 'UC_NONE', 'SBX_MPOLY', 'TPC_NONE', 'SBX_MPOLY', 'NONE_MPOLY', 'UC_NONE', 'TPC_NONE', 'UC_NONE', 'TPC_NONE', 'TPC_NONE', 'UC_NONE', 'UC_NONE', 'SPC_NONE', 'UC_NONE', 'UC_NONE', 'TPC_NONE', 'SPC_NONE', 'TPC_NONE', 'UC_NONE', 'TPC_NONE', 'SPC_NONE', 'UC_NONE', 'SPC_NONE', 'SPC_NONE', 'UC_NONE', 'SBX_NONE', 'SPC_NONE', 'TPC_NONE', 'TPC_NONE', 'SPC_NONE', 'UC_NONE', 'SBX_NONE', 'TPC_NONE', 'TPC_NONE', 'TPC_NONE', 'SPC_NONE', 'TPC_NONE', 'SPC_NONE', 'SPC_NONE', 'SPC_NONE', 'SBX_NONE', 'TPC_NONE', 'TPC_NONE', 'TPC_NONE', 'UC_NONE', 'SPC_NONE', 'TPC_NONE', 'TPC_NONE', 'TPC_NONE', 'UC_NONE', 'SBX_NONE', 'TPC_NONE', 'SPC_NONE', 'UC_NONE', 'UC_NONE', 'TPC_NONE', 'SPC_NONE', 'TPC_MPOLY', 'TPC_NONE', 'UC_NONE', 'SBX_NONE', 'TPC_NONE']","{'SBX_MPOLY': 4, 'SBX_MNUF': 1, 'SPC_MPOLY': 2, 'TPC_NONE': 25, 'SPC_NONE': 16, 'UC_NONE': 18, 'NONE_MPOLY': 1, 'SBX_NONE': 5, 'TPC_MPOLY': 1}"
5,74,TPC,NONE,0.6812121177382892,0.0390595688915691,782676689.92,1232385205.4002416,2362489.76,2138950.3856707523,0.7385359056255587,-2.786058569181904e-05,0.0,0.0,GREEDY_HV,"['SPC_MBFLIP', 'SBX_MPOLY', 'SBX_MNUF', 'SPC_MPOLY', 'TPC_NONE', 'SBX_MPOLY', 'SPC_MPOLY', 'SPC_NONE', 'SPC_NONE', 'UC_NONE', 'UC_NONE', 'TPC_NONE', 'UC_NONE', 'SBX_MPOLY', 'TPC_NONE', 'SBX_MPOLY', 'NONE_MPOLY', 'UC_NONE', 'TPC_NONE', 'UC_NONE', 'TPC_NONE', 'TPC_NONE', 'UC_NONE', 'UC_NONE', 'SPC_NONE', 'UC_NONE', 'UC_NONE', 'TPC_NONE', 'SPC_NONE', 'TPC_NONE', 'UC_NONE', 'TPC_NONE', 'SPC_NONE', 'UC_NONE', 'SPC_NONE', 'SPC_NONE', 'UC_NONE', 'SBX_NONE', 'SPC_NONE', 'TPC_NONE', 'TPC_NONE', 'SPC_NONE', 'UC_NONE', 'SBX_NONE', 'TPC_NONE', 'TPC_NONE', 'TPC_NONE', 'SPC_NONE', 'TPC_NONE', 'SPC_NONE', 'SPC_NONE', 'SPC_NONE', 'SBX_NONE', 'TPC_NONE', 'TPC_NONE', 'TPC_NONE', 'UC_NONE', 'SPC_NONE', 'TPC_NONE', 'TPC_NONE', 'TPC_NONE', 'UC_NONE', 'SBX_NONE', 'TPC_NONE', 'SPC_NONE', 'UC_NONE', 'UC_NONE', 'TPC_NONE', 'SPC_NONE', 'TPC_MPOLY', 'TPC_NONE', 'UC_NONE', 'SBX_NONE', 'TPC_NONE', 'TPC_NONE']","{'SBX_MPOLY': 4, 'SBX_MNUF': 1, 'SPC_MPOLY': 2, 'TPC_NONE': 26, 'SPC_NONE': 16, 'UC_NONE': 18, 'NONE_MPOLY': 1, 'SBX_NONE': 5, 'TPC_MPOLY': 1}"
5,75,SBX,MPOLY,0.6808875461835194,0.0391947970631025,785131878.4,1231640205.8064382,2288018.08,2123120.4349839767,0.7385219488318517,-1.3956793706970672e-05,0.0,0.035,GREEDY_HV,"['SPC_MBFLIP', 'SBX_MPOLY', 'SBX_MNUF', 'SPC_MPOLY', 'TPC_NONE', 'SBX_MPOLY', 'SPC_MPOLY', 'SPC_NONE', 'SPC_NONE', 'UC_NONE', 'UC_NONE', 'TPC_NONE', 'UC_NONE', 'SBX_MPOLY', 'TPC_NONE', 'SBX_MPOLY', 'NONE_MPOLY', 'UC_NONE', 'TPC_NONE', 'UC_NONE', 'TPC_NONE', 'TPC_NONE', 'UC_NONE', 'UC_NONE', 'SPC_NONE', 'UC_NONE', 'UC_NONE', 'TPC_NONE', 'SPC_NONE', 'TPC_NONE', 'UC_NONE', 'TPC_NONE', 'SPC_NONE', 'UC_NONE', 'SPC_NONE', 'SPC_NONE', 'UC_NONE', 'SBX_NONE', 'SPC_NONE', 'TPC_NONE', 'TPC_NONE', 'SPC_NONE', 'UC_NONE', 'SBX_NONE', 'TPC_NONE', 'TPC_NONE', 'TPC_NONE', 'SPC_NONE', 'TPC_NONE', 'SPC_NONE', 'SPC_NONE', 'SPC_NONE', 'SBX_NONE', 'TPC_NONE', 'TPC_NONE', 'TPC_NONE', 'UC_NONE', 'SPC_NONE', 'TPC_NONE', 'TPC_NONE', 'TPC_NONE', 'UC_NONE', 'SBX_NONE', 'TPC_NONE', 'SPC_NONE', 'UC_NONE', 'UC_NONE', 'TPC_NONE', 'SPC_NONE', 'TPC_MPOLY', 'TPC_NONE', 'UC_NONE', 'SBX_NONE', 'TPC_NONE', 'TPC_NONE', 'SBX_MPOLY']","{'SBX_MPOLY': 5, 'SBX_MNUF': 1, 'SPC_MPOLY': 2, 'TPC_NONE': 26, 'SPC_NONE': 16, 'UC_NONE': 18, 'NONE_MPOLY': 1, 'SBX_NONE': 5, 'TPC_MPOLY': 1}"
5,76,UC,NONE,0.6796195207471871,0.0391833393279811,772556047.36,1237543227.6235223,2286013.6,2176081.5973406886,0.7385645676152357,4.261878338396308e-05,0.0,0.0,GREEDY_HV,"['SPC_MBFLIP', 'SBX_MPOLY', 'SBX_MNUF', 'SPC_MPOLY', 'TPC_NONE', 'SBX_MPOLY', 'SPC_MPOLY', 'SPC_NONE', 'SPC_NONE', 'UC_NONE', 'UC_NONE', 'TPC_NONE', 'UC_NONE', 'SBX_MPOLY', 'TPC_NONE', 'SBX_MPOLY', 'NONE_MPOLY', 'UC_NONE', 'TPC_NONE', 'UC_NONE', 'TPC_NONE', 'TPC_NONE', 'UC_NONE', 'UC_NONE', 'SPC_NONE', 'UC_NONE', 'UC_NONE', 'TPC_NONE', 'SPC_NONE', 'TPC_NONE', 'UC_NONE', 'TPC_NONE', 'SPC_NONE', 'UC_NONE', 'SPC_NONE', 'SPC_NONE', 'UC_NONE', 'SBX_NONE', 'SPC_NONE', 'TPC_NONE', 'TPC_NONE', 'SPC_NONE', 'UC_NONE', 'SBX_NONE', 'TPC_NONE', 'TPC_NONE', 'TPC_NONE', 'SPC_NONE', 'TPC_NONE', 'SPC_NONE', 'SPC_NONE', 'SPC_NONE', 'SBX_NONE', 'TPC_NONE', 'TPC_NONE', 'TPC_NONE', 'UC_NONE', 'SPC_NONE', 'TPC_NONE', 'TPC_NONE', 'TPC_NONE', 'UC_NONE', 'SBX_NONE', 'TPC_NONE', 'SPC_NONE', 'UC_NONE', 'UC_NONE', 'TPC_NONE', 'SPC_NONE', 'TPC_MPOLY', 'TPC_NONE', 'UC_NONE', 'SBX_NONE', 'TPC_NONE', 'TPC_NONE', 'SBX_MPOLY', 'UC_NONE']","{'SBX_MPOLY': 5, 'SBX_MNUF': 1, 'SPC_MPOLY': 2, 'TPC_NONE': 26, 'SPC_NONE': 16, 'UC_NONE': 19, 'NONE_MPOLY': 1, 'SBX_NONE': 5, 'TPC_MPOLY': 1}"
5,77,TPC,NONE,0.6800223448567487,0.0389098068849687,770904212.48,1231874989.6989708,2279517.6,2124973.854622405,0.7384954156244852,-6.915199075052669e-05,0.0,0.0,GREEDY_HV,"['SPC_MBFLIP', 'SBX_MPOLY', 'SBX_MNUF', 'SPC_MPOLY', 'TPC_NONE', 'SBX_MPOLY', 'SPC_MPOLY', 'SPC_NONE', 'SPC_NONE', 'UC_NONE', 'UC_NONE', 'TPC_NONE', 'UC_NONE', 'SBX_MPOLY', 'TPC_NONE', 'SBX_MPOLY', 'NONE_MPOLY', 'UC_NONE', 'TPC_NONE', 'UC_NONE', 'TPC_NONE', 'TPC_NONE', 'UC_NONE', 'UC_NONE', 'SPC_NONE', 'UC_NONE', 'UC_NONE', 'TPC_NONE', 'SPC_NONE', 'TPC_NONE', 'UC_NONE', 'TPC_NONE', 'SPC_NONE', 'UC_NONE', 'SPC_NONE', 'SPC_NONE', 'UC_NONE', 'SBX_NONE', 'SPC_NONE', 'TPC_NONE', 'TPC_NONE', 'SPC_NONE', 'UC_NONE', 'SBX_NONE', 'TPC_NONE', 'TPC_NONE', 'TPC_NONE', 'SPC_NONE', 'TPC_NONE', 'SPC_NONE', 'SPC_NONE', 'SPC_NONE', 'SBX_NONE', 'TPC_NONE', 'TPC_NONE', 'TPC_NONE', 'UC_NONE', 'SPC_NONE', 'TPC_NONE', 'TPC_NONE', 'TPC_NONE', 'UC_NONE', 'SBX_NONE', 'TPC_NONE', 'SPC_NONE', 'UC_NONE', 'UC_NONE', 'TPC_NONE', 'SPC_NONE', 'TPC_MPOLY', 'TPC_NONE', 'UC_NONE', 'SBX_NONE', 'TPC_NONE', 'TPC_NONE', 'SBX_MPOLY', 'UC_NONE', 'TPC_NONE']","{'SBX_MPOLY': 5, 'SBX_MNUF': 1, 'SPC_MPOLY': 2, 'TPC_NONE': 27, 'SPC_NONE': 16, 'UC_NONE': 19, 'NONE_MPOLY': 1, 'SBX_NONE': 5, 'TPC_MPOLY': 1}"
5,78,UC,NONE,0.6796348501048377,0.0389961301389911,777737794.56,1227763733.327834,2262167.2,2129635.1703782505,0.7385039329047618,8.517280276620909e-06,0.0,0.0,GREEDY_HV,"['SPC_MBFLIP', 'SBX_MPOLY', 'SBX_MNUF', 'SPC_MPOLY', 'TPC_NONE', 'SBX_MPOLY', 'SPC_MPOLY', 'SPC_NONE', 'SPC_NONE', 'UC_NONE', 'UC_NONE', 'TPC_NONE', 'UC_NONE', 'SBX_MPOLY', 'TPC_NONE', 'SBX_MPOLY', 'NONE_MPOLY', 'UC_NONE', 'TPC_NONE', 'UC_NONE', 'TPC_NONE', 'TPC_NONE', 'UC_NONE', 'UC_NONE', 'SPC_NONE', 'UC_NONE', 'UC_NONE', 'TPC_NONE', 'SPC_NONE', 'TPC_NONE', 'UC_NONE', 'TPC_NONE', 'SPC_NONE', 'UC_NONE', 'SPC_NONE', 'SPC_NONE', 'UC_NONE', 'SBX_NONE', 'SPC_NONE', 'TPC_NONE', 'TPC_NONE', 'SPC_NONE', 'UC_NONE', 'SBX_NONE', 'TPC_NONE', 'TPC_NONE', 'TPC_NONE', 'SPC_NONE', 'TPC_NONE', 'SPC_NONE', 'SPC_NONE', 'SPC_NONE', 'SBX_NONE', 'TPC_NONE', 'TPC_NONE', 'TPC_NONE', 'UC_NONE', 'SPC_NONE', 'TPC_NONE', 'TPC_NONE', 'TPC_NONE', 'UC_NONE', 'SBX_NONE', 'TPC_NONE', 'SPC_NONE', 'UC_NONE', 'UC_NONE', 'TPC_NONE', 'SPC_NONE', 'TPC_MPOLY', 'TPC_NONE', 'UC_NONE', 'SBX_NONE', 'TPC_NONE', 'TPC_NONE', 'SBX_MPOLY', 'UC_NONE', 'TPC_NONE', 'UC_NONE']","{'SBX_MPOLY': 5, 'SBX_MNUF': 1, 'SPC_MPOLY': 2, 'TPC_NONE': 27, 'SPC_NONE': 16, 'UC_NONE': 20, 'NONE_MPOLY': 1, 'SBX_NONE': 5, 'TPC_MPOLY': 1}"
5,79,SPC,NONE,0.6812535265301202,0.0387068044677601,814814520.32,1231782809.481694,2297789.6,2141067.0896060024,0.7384968764460681,-7.056458693699419e-06,0.02,0.0,GREEDY_HV,"['SPC_MBFLIP', 'SBX_MPOLY', 'SBX_MNUF', 'SPC_MPOLY', 'TPC_NONE', 'SBX_MPOLY', 'SPC_MPOLY', 'SPC_NONE', 'SPC_NONE', 'UC_NONE', 'UC_NONE', 'TPC_NONE', 'UC_NONE', 'SBX_MPOLY', 'TPC_NONE', 'SBX_MPOLY', 'NONE_MPOLY', 'UC_NONE', 'TPC_NONE', 'UC_NONE', 'TPC_NONE', 'TPC_NONE', 'UC_NONE', 'UC_NONE', 'SPC_NONE', 'UC_NONE', 'UC_NONE', 'TPC_NONE', 'SPC_NONE', 'TPC_NONE', 'UC_NONE', 'TPC_NONE', 'SPC_NONE', 'UC_NONE', 'SPC_NONE', 'SPC_NONE', 'UC_NONE', 'SBX_NONE', 'SPC_NONE', 'TPC_NONE', 'TPC_NONE', 'SPC_NONE', 'UC_NONE', 'SBX_NONE', 'TPC_NONE', 'TPC_NONE', 'TPC_NONE', 'SPC_NONE', 'TPC_NONE', 'SPC_NONE', 'SPC_NONE', 'SPC_NONE', 'SBX_NONE', 'TPC_NONE', 'TPC_NONE', 'TPC_NONE', 'UC_NONE', 'SPC_NONE', 'TPC_NONE', 'TPC_NONE', 'TPC_NONE', 'UC_NONE', 'SBX_NONE', 'TPC_NONE', 'SPC_NONE', 'UC_NONE', 'UC_NONE', 'TPC_NONE', 'SPC_NONE', 'TPC_MPOLY', 'TPC_NONE', 'UC_NONE', 'SBX_NONE', 'TPC_NONE', 'TPC_NONE', 'SBX_MPOLY', 'UC_NONE', 'TPC_NONE', 'UC_NONE', 'SPC_NONE']","{'SBX_MPOLY': 5, 'SBX_MNUF': 1, 'SPC_MPOLY': 2, 'TPC_NONE': 27, 'SPC_NONE': 17, 'UC_NONE': 20, 'NONE_MPOLY': 1, 'SBX_NONE': 5, 'TPC_MPOLY': 1}"
5,80,SPC,NONE,0.682632816966175,0.0394381260415245,835851612.16,1226353401.8607955,2479568.8,2141359.011680721,0.7385488809178823,5.200447181419321e-05,0.0,0.0,GREEDY_HV,"['SPC_MBFLIP', 'SBX_MPOLY', 'SBX_MNUF', 'SPC_MPOLY', 'TPC_NONE', 'SBX_MPOLY', 'SPC_MPOLY', 'SPC_NONE', 'SPC_NONE', 'UC_NONE', 'UC_NONE', 'TPC_NONE', 'UC_NONE', 'SBX_MPOLY', 'TPC_NONE', 'SBX_MPOLY', 'NONE_MPOLY', 'UC_NONE', 'TPC_NONE', 'UC_NONE', 'TPC_NONE', 'TPC_NONE', 'UC_NONE', 'UC_NONE', 'SPC_NONE', 'UC_NONE', 'UC_NONE', 'TPC_NONE', 'SPC_NONE', 'TPC_NONE', 'UC_NONE', 'TPC_NONE', 'SPC_NONE', 'UC_NONE', 'SPC_NONE', 'SPC_NONE', 'UC_NONE', 'SBX_NONE', 'SPC_NONE', 'TPC_NONE', 'TPC_NONE', 'SPC_NONE', 'UC_NONE', 'SBX_NONE', 'TPC_NONE', 'TPC_NONE', 'TPC_NONE', 'SPC_NONE', 'TPC_NONE', 'SPC_NONE', 'SPC_NONE', 'SPC_NONE', 'SBX_NONE', 'TPC_NONE', 'TPC_NONE', 'TPC_NONE', 'UC_NONE', 'SPC_NONE', 'TPC_NONE', 'TPC_NONE', 'TPC_NONE', 'UC_NONE', 'SBX_NONE', 'TPC_NONE', 'SPC_NONE', 'UC_NONE', 'UC_NONE', 'TPC_NONE', 'SPC_NONE', 'TPC_MPOLY', 'TPC_NONE', 'UC_NONE', 'SBX_NONE', 'TPC_NONE', 'TPC_NONE', 'SBX_MPOLY', 'UC_NONE', 'TPC_NONE', 'UC_NONE', 'SPC_NONE', 'SPC_NONE']","{'SBX_MPOLY': 5, 'SBX_MNUF': 1, 'SPC_MPOLY': 2, 'TPC_NONE': 27, 'SPC_NONE': 18, 'UC_NONE': 20, 'NONE_MPOLY': 1, 'SBX_NONE': 5, 'TPC_MPOLY': 1}"
5,81,TPC,NONE,0.6816372462835255,0.0388392183039912,803885271.04,1227398250.1804178,2364484.0,2112547.01243889,0.7385161490350254,-3.273188285690676e-05,0.0,0.0,GREEDY_HV,"['SPC_MBFLIP', 'SBX_MPOLY', 'SBX_MNUF', 'SPC_MPOLY', 'TPC_NONE', 'SBX_MPOLY', 'SPC_MPOLY', 'SPC_NONE', 'SPC_NONE', 'UC_NONE', 'UC_NONE', 'TPC_NONE', 'UC_NONE', 'SBX_MPOLY', 'TPC_NONE', 'SBX_MPOLY', 'NONE_MPOLY', 'UC_NONE', 'TPC_NONE', 'UC_NONE', 'TPC_NONE', 'TPC_NONE', 'UC_NONE', 'UC_NONE', 'SPC_NONE', 'UC_NONE', 'UC_NONE', 'TPC_NONE', 'SPC_NONE', 'TPC_NONE', 'UC_NONE', 'TPC_NONE', 'SPC_NONE', 'UC_NONE', 'SPC_NONE', 'SPC_NONE', 'UC_NONE', 'SBX_NONE', 'SPC_NONE', 'TPC_NONE', 'TPC_NONE', 'SPC_NONE', 'UC_NONE', 'SBX_NONE', 'TPC_NONE', 'TPC_NONE', 'TPC_NONE', 'SPC_NONE', 'TPC_NONE', 'SPC_NONE', 'SPC_NONE', 'SPC_NONE', 'SBX_NONE', 'TPC_NONE', 'TPC_NONE', 'TPC_NONE', 'UC_NONE', 'SPC_NONE', 'TPC_NONE', 'TPC_NONE', 'TPC_NONE', 'UC_NONE', 'SBX_NONE', 'TPC_NONE', 'SPC_NONE', 'UC_NONE', 'UC_NONE', 'TPC_NONE', 'SPC_NONE', 'TPC_MPOLY', 'TPC_NONE', 'UC_NONE', 'SBX_NONE', 'TPC_NONE', 'TPC_NONE', 'SBX_MPOLY', 'UC_NONE', 'TPC_NONE', 'UC_NONE', 'SPC_NONE', 'SPC_NONE', 'TPC_NONE']","{'SBX_MPOLY': 5, 'SBX_MNUF': 1, 'SPC_MPOLY': 2, 'TPC_NONE': 28, 'SPC_NONE': 18, 'UC_NONE': 20, 'NONE_MPOLY': 1, 'SBX_NONE': 5, 'TPC_MPOLY': 1}"
5,82,SPC,NONE,0.6816648094982827,0.0390831438428644,805031490.56,1231321529.5579467,2412206.24,2142545.316439291,0.7385467174134968,3.056837847137395e-05,0.0,0.0,GREEDY_HV,"['SPC_MBFLIP', 'SBX_MPOLY', 'SBX_MNUF', 'SPC_MPOLY', 'TPC_NONE', 'SBX_MPOLY', 'SPC_MPOLY', 'SPC_NONE', 'SPC_NONE', 'UC_NONE', 'UC_NONE', 'TPC_NONE', 'UC_NONE', 'SBX_MPOLY', 'TPC_NONE', 'SBX_MPOLY', 'NONE_MPOLY', 'UC_NONE', 'TPC_NONE', 'UC_NONE', 'TPC_NONE', 'TPC_NONE', 'UC_NONE', 'UC_NONE', 'SPC_NONE', 'UC_NONE', 'UC_NONE', 'TPC_NONE', 'SPC_NONE', 'TPC_NONE', 'UC_NONE', 'TPC_NONE', 'SPC_NONE', 'UC_NONE', 'SPC_NONE', 'SPC_NONE', 'UC_NONE', 'SBX_NONE', 'SPC_NONE', 'TPC_NONE', 'TPC_NONE', 'SPC_NONE', 'UC_NONE', 'SBX_NONE', 'TPC_NONE', 'TPC_NONE', 'TPC_NONE', 'SPC_NONE', 'TPC_NONE', 'SPC_NONE', 'SPC_NONE', 'SPC_NONE', 'SBX_NONE', 'TPC_NONE', 'TPC_NONE', 'TPC_NONE', 'UC_NONE', 'SPC_NONE', 'TPC_NONE', 'TPC_NONE', 'TPC_NONE', 'UC_NONE', 'SBX_NONE', 'TPC_NONE', 'SPC_NONE', 'UC_NONE', 'UC_NONE', 'TPC_NONE', 'SPC_NONE', 'TPC_MPOLY', 'TPC_NONE', 'UC_NONE', 'SBX_NONE', 'TPC_NONE', 'TPC_NONE', 'SBX_MPOLY', 'UC_NONE', 'TPC_NONE', 'UC_NONE', 'SPC_NONE', 'SPC_NONE', 'TPC_NONE', 'SPC_NONE']","{'SBX_MPOLY': 5, 'SBX_MNUF': 1, 'SPC_MPOLY': 2, 'TPC_NONE': 28, 'SPC_NONE': 19, 'UC_NONE': 20, 'NONE_MPOLY': 1, 'SBX_NONE': 5, 'TPC_MPOLY': 1}"
5,83,TPC,NONE,0.6804941831378435,0.0389650499222948,787887616.0,1231770059.9710505,2340492.96,2120148.4997521564,0.7385451414550441,-1.5759584526264805e-06,0.0,0.0,GREEDY_HV,"['SPC_MBFLIP', 'SBX_MPOLY', 'SBX_MNUF', 'SPC_MPOLY', 'TPC_NONE', 'SBX_MPOLY', 'SPC_MPOLY', 'SPC_NONE', 'SPC_NONE', 'UC_NONE', 'UC_NONE', 'TPC_NONE', 'UC_NONE', 'SBX_MPOLY', 'TPC_NONE', 'SBX_MPOLY', 'NONE_MPOLY', 'UC_NONE', 'TPC_NONE', 'UC_NONE', 'TPC_NONE', 'TPC_NONE', 'UC_NONE', 'UC_NONE', 'SPC_NONE', 'UC_NONE', 'UC_NONE', 'TPC_NONE', 'SPC_NONE', 'TPC_NONE', 'UC_NONE', 'TPC_NONE', 'SPC_NONE', 'UC_NONE', 'SPC_NONE', 'SPC_NONE', 'UC_NONE', 'SBX_NONE', 'SPC_NONE', 'TPC_NONE', 'TPC_NONE', 'SPC_NONE', 'UC_NONE', 'SBX_NONE', 'TPC_NONE', 'TPC_NONE', 'TPC_NONE', 'SPC_NONE', 'TPC_NONE', 'SPC_NONE', 'SPC_NONE', 'SPC_NONE', 'SBX_NONE', 'TPC_NONE', 'TPC_NONE', 'TPC_NONE', 'UC_NONE', 'SPC_NONE', 'TPC_NONE', 'TPC_NONE', 'TPC_NONE', 'UC_NONE', 'SBX_NONE', 'TPC_NONE', 'SPC_NONE', 'UC_NONE', 'UC_NONE', 'TPC_NONE', 'SPC_NONE', 'TPC_MPOLY', 'TPC_NONE', 'UC_NONE', 'SBX_NONE', 'TPC_NONE', 'TPC_NONE', 'SBX_MPOLY', 'UC_NONE', 'TPC_NONE', 'UC_NONE', 'SPC_NONE', 'SPC_NONE', 'TPC_NONE', 'SPC_NONE', 'TPC_NONE']","{'SBX_MPOLY': 5, 'SBX_MNUF': 1, 'SPC_MPOLY': 2, 'TPC_NONE': 29, 'SPC_NONE': 19, 'UC_NONE': 20, 'NONE_MPOLY': 1, 'SBX_NONE': 5, 'TPC_MPOLY': 1}"
5,84,TPC,NONE,0.6814928558736983,0.0390334893834899,789939020.8,1225470819.4256425,2363333.28,2093092.2004399807,0.7385118203445482,-3.332111049592079e-05,0.0,0.0,GREEDY_HV,"['SPC_MBFLIP', 'SBX_MPOLY', 'SBX_MNUF', 'SPC_MPOLY', 'TPC_NONE', 'SBX_MPOLY', 'SPC_MPOLY', 'SPC_NONE', 'SPC_NONE', 'UC_NONE', 'UC_NONE', 'TPC_NONE', 'UC_NONE', 'SBX_MPOLY', 'TPC_NONE', 'SBX_MPOLY', 'NONE_MPOLY', 'UC_NONE', 'TPC_NONE', 'UC_NONE', 'TPC_NONE', 'TPC_NONE', 'UC_NONE', 'UC_NONE', 'SPC_NONE', 'UC_NONE', 'UC_NONE', 'TPC_NONE', 'SPC_NONE', 'TPC_NONE', 'UC_NONE', 'TPC_NONE', 'SPC_NONE', 'UC_NONE', 'SPC_NONE', 'SPC_NONE', 'UC_NONE', 'SBX_NONE', 'SPC_NONE', 'TPC_NONE', 'TPC_NONE', 'SPC_NONE', 'UC_NONE', 'SBX_NONE', 'TPC_NONE', 'TPC_NONE', 'TPC_NONE', 'SPC_NONE', 'TPC_NONE', 'SPC_NONE', 'SPC_NONE', 'SPC_NONE', 'SBX_NONE', 'TPC_NONE', 'TPC_NONE', 'TPC_NONE', 'UC_NONE', 'SPC_NONE', 'TPC_NONE', 'TPC_NONE', 'TPC_NONE', 'UC_NONE', 'SBX_NONE', 'TPC_NONE', 'SPC_NONE', 'UC_NONE', 'UC_NONE', 'TPC_NONE', 'SPC_NONE', 'TPC_MPOLY', 'TPC_NONE', 'UC_NONE', 'SBX_NONE', 'TPC_NONE', 'TPC_NONE', 'SBX_MPOLY', 'UC_NONE', 'TPC_NONE', 'UC_NONE', 'SPC_NONE', 'SPC_NONE', 'TPC_NONE', 'SPC_NONE', 'TPC_NONE', 'TPC_NONE']","{'SBX_MPOLY': 5, 'SBX_MNUF': 1, 'SPC_MPOLY': 2, 'TPC_NONE': 30, 'SPC_NONE': 19, 'UC_NONE': 20, 'NONE_MPOLY': 1, 'SBX_NONE': 5, 'TPC_MPOLY': 1}"
5,85,TPC,NONE,0.6814053207100152,0.0390182814360863,821467212.8,1236242116.7268608,2357444.0,2147681.001590469,0.7385800689812625,6.824863671428538e-05,0.01,0.0,GREEDY_HV,"['SPC_MBFLIP', 'SBX_MPOLY', 'SBX_MNUF', 'SPC_MPOLY', 'TPC_NONE', 'SBX_MPOLY', 'SPC_MPOLY', 'SPC_NONE', 'SPC_NONE', 'UC_NONE', 'UC_NONE', 'TPC_NONE', 'UC_NONE', 'SBX_MPOLY', 'TPC_NONE', 'SBX_MPOLY', 'NONE_MPOLY', 'UC_NONE', 'TPC_NONE', 'UC_NONE', 'TPC_NONE', 'TPC_NONE', 'UC_NONE', 'UC_NONE', 'SPC_NONE', 'UC_NONE', 'UC_NONE', 'TPC_NONE', 'SPC_NONE', 'TPC_NONE', 'UC_NONE', 'TPC_NONE', 'SPC_NONE', 'UC_NONE', 'SPC_NONE', 'SPC_NONE', 'UC_NONE', 'SBX_NONE', 'SPC_NONE', 'TPC_NONE', 'TPC_NONE', 'SPC_NONE', 'UC_NONE', 'SBX_NONE', 'TPC_NONE', 'TPC_NONE', 'TPC_NONE', 'SPC_NONE', 'TPC_NONE', 'SPC_NONE', 'SPC_NONE', 'SPC_NONE', 'SBX_NONE', 'TPC_NONE', 'TPC_NONE', 'TPC_NONE', 'UC_NONE', 'SPC_NONE', 'TPC_NONE', 'TPC_NONE', 'TPC_NONE', 'UC_NONE', 'SBX_NONE', 'TPC_NONE', 'SPC_NONE', 'UC_NONE', 'UC_NONE', 'TPC_NONE', 'SPC_NONE', 'TPC_MPOLY', 'TPC_NONE', 'UC_NONE', 'SBX_NONE', 'TPC_NONE', 'TPC_NONE', 'SBX_MPOLY', 'UC_NONE', 'TPC_NONE', 'UC_NONE', 'SPC_NONE', 'SPC_NONE', 'TPC_NONE', 'SPC_NONE', 'TPC_NONE', 'TPC_NONE', 'TPC_NONE']","{'SBX_MPOLY': 5, 'SBX_MNUF': 1, 'SPC_MPOLY': 2, 'TPC_NONE': 31, 'SPC_NONE': 19, 'UC_NONE': 20, 'NONE_MPOLY': 1, 'SBX_NONE': 5, 'TPC_MPOLY': 1}"
5,86,UC,MNUF,0.6815657017717797,0.0388738149843641,809760046.08,1232039230.6754203,2325708.96,2110578.143900566,0.738597343801309,1.727482004654224e-05,0.0,0.0,GREEDY_HV,"['SPC_MBFLIP', 'SBX_MPOLY', 'SBX_MNUF', 'SPC_MPOLY', 'TPC_NONE', 'SBX_MPOLY', 'SPC_MPOLY', 'SPC_NONE', 'SPC_NONE', 'UC_NONE', 'UC_NONE', 'TPC_NONE', 'UC_NONE', 'SBX_MPOLY', 'TPC_NONE', 'SBX_MPOLY', 'NONE_MPOLY', 'UC_NONE', 'TPC_NONE', 'UC_NONE', 'TPC_NONE', 'TPC_NONE', 'UC_NONE', 'UC_NONE', 'SPC_NONE', 'UC_NONE', 'UC_NONE', 'TPC_NONE', 'SPC_NONE', 'TPC_NONE', 'UC_NONE', 'TPC_NONE', 'SPC_NONE', 'UC_NONE', 'SPC_NONE', 'SPC_NONE', 'UC_NONE', 'SBX_NONE', 'SPC_NONE', 'TPC_NONE', 'TPC_NONE', 'SPC_NONE', 'UC_NONE', 'SBX_NONE', 'TPC_NONE', 'TPC_NONE', 'TPC_NONE', 'SPC_NONE', 'TPC_NONE', 'SPC_NONE', 'SPC_NONE', 'SPC_NONE', 'SBX_NONE', 'TPC_NONE', 'TPC_NONE', 'TPC_NONE', 'UC_NONE', 'SPC_NONE', 'TPC_NONE', 'TPC_NONE', 'TPC_NONE', 'UC_NONE', 'SBX_NONE', 'TPC_NONE', 'SPC_NONE', 'UC_NONE', 'UC_NONE', 'TPC_NONE', 'SPC_NONE', 'TPC_MPOLY', 'TPC_NONE', 'UC_NONE', 'SBX_NONE', 'TPC_NONE', 'TPC_NONE', 'SBX_MPOLY', 'UC_NONE', 'TPC_NONE', 'UC_NONE', 'SPC_NONE', 'SPC_NONE', 'TPC_NONE', 'SPC_NONE', 'TPC_NONE', 'TPC_NONE', 'TPC_NONE', 'UC_MNUF']","{'SBX_MPOLY': 5, 'SBX_MNUF': 1, 'SPC_MPOLY': 2, 'TPC_NONE': 31, 'SPC_NONE': 19, 'UC_NONE': 20, 'NONE_MPOLY': 1, 'SBX_NONE': 5, 'TPC_MPOLY': 1, 'UC_MNUF': 1}"
5,87,UC,NONE,0.6815266355551867,0.0390290685935885,825507066.88,1236631938.9819016,2344286.88,2140390.318816012,0.7386392804883677,4.193668705865239e-05,0.0,0.0,GREEDY_HV,"['SPC_MBFLIP', 'SBX_MPOLY', 'SBX_MNUF', 'SPC_MPOLY', 'TPC_NONE', 'SBX_MPOLY', 'SPC_MPOLY', 'SPC_NONE', 'SPC_NONE', 'UC_NONE', 'UC_NONE', 'TPC_NONE', 'UC_NONE', 'SBX_MPOLY', 'TPC_NONE', 'SBX_MPOLY', 'NONE_MPOLY', 'UC_NONE', 'TPC_NONE', 'UC_NONE', 'TPC_NONE', 'TPC_NONE', 'UC_NONE', 'UC_NONE', 'SPC_NONE', 'UC_NONE', 'UC_NONE', 'TPC_NONE', 'SPC_NONE', 'TPC_NONE', 'UC_NONE', 'TPC_NONE', 'SPC_NONE', 'UC_NONE', 'SPC_NONE', 'SPC_NONE', 'UC_NONE', 'SBX_NONE', 'SPC_NONE', 'TPC_NONE', 'TPC_NONE', 'SPC_NONE', 'UC_NONE', 'SBX_NONE', 'TPC_NONE', 'TPC_NONE', 'TPC_NONE', 'SPC_NONE', 'TPC_NONE', 'SPC_NONE', 'SPC_NONE', 'SPC_NONE', 'SBX_NONE', 'TPC_NONE', 'TPC_NONE', 'TPC_NONE', 'UC_NONE', 'SPC_NONE', 'TPC_NONE', 'TPC_NONE', 'TPC_NONE', 'UC_NONE', 'SBX_NONE', 'TPC_NONE', 'SPC_NONE', 'UC_NONE', 'UC_NONE', 'TPC_NONE', 'SPC_NONE', 'TPC_MPOLY', 'TPC_NONE', 'UC_NONE', 'SBX_NONE', 'TPC_NONE', 'TPC_NONE', 'SBX_MPOLY', 'UC_NONE', 'TPC_NONE', 'UC_NONE', 'SPC_NONE', 'SPC_NONE', 'TPC_NONE', 'SPC_NONE', 'TPC_NONE', 'TPC_NONE', 'TPC_NONE', 'UC_MNUF', 'UC_NONE']","{'SBX_MPOLY': 5, 'SBX_MNUF': 1, 'SPC_MPOLY': 2, 'TPC_NONE': 31, 'SPC_NONE': 19, 'UC_NONE': 21, 'NONE_MPOLY': 1, 'SBX_NONE': 5, 'TPC_MPOLY': 1, 'UC_MNUF': 1}"
5,88,UC,NONE,0.6817298892066452,0.0391330945828803,841352509.44,1235158883.527628,2328202.4,2132354.86426604,0.7386395965128383,3.160244705924242e-07,0.0,0.0,GREEDY_HV,"['SPC_MBFLIP', 'SBX_MPOLY', 'SBX_MNUF', 'SPC_MPOLY', 'TPC_NONE', 'SBX_MPOLY', 'SPC_MPOLY', 'SPC_NONE', 'SPC_NONE', 'UC_NONE', 'UC_NONE', 'TPC_NONE', 'UC_NONE', 'SBX_MPOLY', 'TPC_NONE', 'SBX_MPOLY', 'NONE_MPOLY', 'UC_NONE', 'TPC_NONE', 'UC_NONE', 'TPC_NONE', 'TPC_NONE', 'UC_NONE', 'UC_NONE', 'SPC_NONE', 'UC_NONE', 'UC_NONE', 'TPC_NONE', 'SPC_NONE', 'TPC_NONE', 'UC_NONE', 'TPC_NONE', 'SPC_NONE', 'UC_NONE', 'SPC_NONE', 'SPC_NONE', 'UC_NONE', 'SBX_NONE', 'SPC_NONE', 'TPC_NONE', 'TPC_NONE', 'SPC_NONE', 'UC_NONE', 'SBX_NONE', 'TPC_NONE', 'TPC_NONE', 'TPC_NONE', 'SPC_NONE', 'TPC_NONE', 'SPC_NONE', 'SPC_NONE', 'SPC_NONE', 'SBX_NONE', 'TPC_NONE', 'TPC_NONE', 'TPC_NONE', 'UC_NONE', 'SPC_NONE', 'TPC_NONE', 'TPC_NONE', 'TPC_NONE', 'UC_NONE', 'SBX_NONE', 'TPC_NONE', 'SPC_NONE', 'UC_NONE', 'UC_NONE', 'TPC_NONE', 'SPC_NONE', 'TPC_MPOLY', 'TPC_NONE', 'UC_NONE', 'SBX_NONE', 'TPC_NONE', 'TPC_NONE', 'SBX_MPOLY', 'UC_NONE', 'TPC_NONE', 'UC_NONE', 'SPC_NONE', 'SPC_NONE', 'TPC_NONE', 'SPC_NONE', 'TPC_NONE', 'TPC_NONE', 'TPC_NONE', 'UC_MNUF', 'UC_NONE', 'UC_NONE']","{'SBX_MPOLY': 5, 'SBX_MNUF': 1, 'SPC_MPOLY': 2, 'TPC_NONE': 31, 'SPC_NONE': 19, 'UC_NONE': 22, 'NONE_MPOLY': 1, 'SBX_NONE': 5, 'TPC_MPOLY': 1, 'UC_MNUF': 1}"
5,89,SPC,NONE,0.6824766839519125,0.0392280223510682,844500003.84,1229211899.9174209,2364615.84,2090703.6550368904,0.738624497901983,-1.5098610855246442e-05,0.0,0.0,GREEDY_HV,"['SPC_MBFLIP', 'SBX_MPOLY', 'SBX_MNUF', 'SPC_MPOLY', 'TPC_NONE', 'SBX_MPOLY', 'SPC_MPOLY', 'SPC_NONE', 'SPC_NONE', 'UC_NONE', 'UC_NONE', 'TPC_NONE', 'UC_NONE', 'SBX_MPOLY', 'TPC_NONE', 'SBX_MPOLY', 'NONE_MPOLY', 'UC_NONE', 'TPC_NONE', 'UC_NONE', 'TPC_NONE', 'TPC_NONE', 'UC_NONE', 'UC_NONE', 'SPC_NONE', 'UC_NONE', 'UC_NONE', 'TPC_NONE', 'SPC_NONE', 'TPC_NONE', 'UC_NONE', 'TPC_NONE', 'SPC_NONE', 'UC_NONE', 'SPC_NONE', 'SPC_NONE', 'UC_NONE', 'SBX_NONE', 'SPC_NONE', 'TPC_NONE', 'TPC_NONE', 'SPC_NONE', 'UC_NONE', 'SBX_NONE', 'TPC_NONE', 'TPC_NONE', 'TPC_NONE', 'SPC_NONE', 'TPC_NONE', 'SPC_NONE', 'SPC_NONE', 'SPC_NONE', 'SBX_NONE', 'TPC_NONE', 'TPC_NONE', 'TPC_NONE', 'UC_NONE', 'SPC_NONE', 'TPC_NONE', 'TPC_NONE', 'TPC_NONE', 'UC_NONE', 'SBX_NONE', 'TPC_NONE', 'SPC_NONE', 'UC_NONE', 'UC_NONE', 'TPC_NONE', 'SPC_NONE', 'TPC_MPOLY', 'TPC_NONE', 'UC_NONE', 'SBX_NONE', 'TPC_NONE', 'TPC_NONE', 'SBX_MPOLY', 'UC_NONE', 'TPC_NONE', 'UC_NONE', 'SPC_NONE', 'SPC_NONE', 'TPC_NONE', 'SPC_NONE', 'TPC_NONE', 'TPC_NONE', 'TPC_NONE', 'UC_MNUF', 'UC_NONE', 'UC_NONE', 'SPC_NONE']","{'SBX_MPOLY': 5, 'SBX_MNUF': 1, 'SPC_MPOLY': 2, 'TPC_NONE': 31, 'SPC_NONE': 20, 'UC_NONE': 22, 'NONE_MPOLY': 1, 'SBX_NONE': 5, 'TPC_MPOLY': 1, 'UC_MNUF': 1}"
5,90,TPC,NONE,0.6831583857078232,0.0394118314045596,847266007.04,1228256858.8162582,2395827.36,2085222.3949933948,0.7386638516946917,3.935379270869621e-05,0.0,0.0,GREEDY_HV,"['SPC_MBFLIP', 'SBX_MPOLY', 'SBX_MNUF', 'SPC_MPOLY', 'TPC_NONE', 'SBX_MPOLY', 'SPC_MPOLY', 'SPC_NONE', 'SPC_NONE', 'UC_NONE', 'UC_NONE', 'TPC_NONE', 'UC_NONE', 'SBX_MPOLY', 'TPC_NONE', 'SBX_MPOLY', 'NONE_MPOLY', 'UC_NONE', 'TPC_NONE', 'UC_NONE', 'TPC_NONE', 'TPC_NONE', 'UC_NONE', 'UC_NONE', 'SPC_NONE', 'UC_NONE', 'UC_NONE', 'TPC_NONE', 'SPC_NONE', 'TPC_NONE', 'UC_NONE', 'TPC_NONE', 'SPC_NONE', 'UC_NONE', 'SPC_NONE', 'SPC_NONE', 'UC_NONE', 'SBX_NONE', 'SPC_NONE', 'TPC_NONE', 'TPC_NONE', 'SPC_NONE', 'UC_NONE', 'SBX_NONE', 'TPC_NONE', 'TPC_NONE', 'TPC_NONE', 'SPC_NONE', 'TPC_NONE', 'SPC_NONE', 'SPC_NONE', 'SPC_NONE', 'SBX_NONE', 'TPC_NONE', 'TPC_NONE', 'TPC_NONE', 'UC_NONE', 'SPC_NONE', 'TPC_NONE', 'TPC_NONE', 'TPC_NONE', 'UC_NONE', 'SBX_NONE', 'TPC_NONE', 'SPC_NONE', 'UC_NONE', 'UC_NONE', 'TPC_NONE', 'SPC_NONE', 'TPC_MPOLY', 'TPC_NONE', 'UC_NONE', 'SBX_NONE', 'TPC_NONE', 'TPC_NONE', 'SBX_MPOLY', 'UC_NONE', 'TPC_NONE', 'UC_NONE', 'SPC_NONE', 'SPC_NONE', 'TPC_NONE', 'SPC_NONE', 'TPC_NONE', 'TPC_NONE', 'TPC_NONE', 'UC_MNUF', 'UC_NONE', 'UC_NONE', 'SPC_NONE', 'TPC_NONE']","{'SBX_MPOLY': 5, 'SBX_MNUF': 1, 'SPC_MPOLY': 2, 'TPC_NONE': 32, 'SPC_NONE': 20, 'UC_NONE': 22, 'NONE_MPOLY': 1, 'SBX_NONE': 5, 'TPC_MPOLY': 1, 'UC_MNUF': 1}"
5,91,UC,MNUF,0.6821213781680087,0.0389026704120047,817960673.28,1231318315.6390371,2314590.88,2105903.9696103204,0.7386334037560869,-3.044793860484951e-05,0.01,0.01,GREEDY_HV,"['SPC_MBFLIP', 'SBX_MPOLY', 'SBX_MNUF', 'SPC_MPOLY', 'TPC_NONE', 'SBX_MPOLY', 'SPC_MPOLY', 'SPC_NONE', 'SPC_NONE', 'UC_NONE', 'UC_NONE', 'TPC_NONE', 'UC_NONE', 'SBX_MPOLY', 'TPC_NONE', 'SBX_MPOLY', 'NONE_MPOLY', 'UC_NONE', 'TPC_NONE', 'UC_NONE', 'TPC_NONE', 'TPC_NONE', 'UC_NONE', 'UC_NONE', 'SPC_NONE', 'UC_NONE', 'UC_NONE', 'TPC_NONE', 'SPC_NONE', 'TPC_NONE', 'UC_NONE', 'TPC_NONE', 'SPC_NONE', 'UC_NONE', 'SPC_NONE', 'SPC_NONE', 'UC_NONE', 'SBX_NONE', 'SPC_NONE', 'TPC_NONE', 'TPC_NONE', 'SPC_NONE', 'UC_NONE', 'SBX_NONE', 'TPC_NONE', 'TPC_NONE', 'TPC_NONE', 'SPC_NONE', 'TPC_NONE', 'SPC_NONE', 'SPC_NONE', 'SPC_NONE', 'SBX_NONE', 'TPC_NONE', 'TPC_NONE', 'TPC_NONE', 'UC_NONE', 'SPC_NONE', 'TPC_NONE', 'TPC_NONE', 'TPC_NONE', 'UC_NONE', 'SBX_NONE', 'TPC_NONE', 'SPC_NONE', 'UC_NONE', 'UC_NONE', 'TPC_NONE', 'SPC_NONE', 'TPC_MPOLY', 'TPC_NONE', 'UC_NONE', 'SBX_NONE', 'TPC_NONE', 'TPC_NONE', 'SBX_MPOLY', 'UC_NONE', 'TPC_NONE', 'UC_NONE', 'SPC_NONE', 'SPC_NONE', 'TPC_NONE', 'SPC_NONE', 'TPC_NONE', 'TPC_NONE', 'TPC_NONE', 'UC_MNUF', 'UC_NONE', 'UC_NONE', 'SPC_NONE', 'TPC_NONE', 'UC_MNUF']","{'SBX_MPOLY': 5, 'SBX_MNUF': 1, 'SPC_MPOLY': 2, 'TPC_NONE': 32, 'SPC_NONE': 20, 'UC_NONE': 22, 'NONE_MPOLY': 1, 'SBX_NONE': 5, 'TPC_MPOLY': 1, 'UC_MNUF': 2}"
5,92,TPC,MPOLY,0.6827722282420268,0.0388736460851604,820192768.0,1229601695.4274702,2369637.28,2120123.2659997013,0.7386632369142325,2.983315814564236e-05,0.0,0.01,GREEDY_HV,"['SPC_MBFLIP', 'SBX_MPOLY', 'SBX_MNUF', 'SPC_MPOLY', 'TPC_NONE', 'SBX_MPOLY', 'SPC_MPOLY', 'SPC_NONE', 'SPC_NONE', 'UC_NONE', 'UC_NONE', 'TPC_NONE', 'UC_NONE', 'SBX_MPOLY', 'TPC_NONE', 'SBX_MPOLY', 'NONE_MPOLY', 'UC_NONE', 'TPC_NONE', 'UC_NONE', 'TPC_NONE', 'TPC_NONE', 'UC_NONE', 'UC_NONE', 'SPC_NONE', 'UC_NONE', 'UC_NONE', 'TPC_NONE', 'SPC_NONE', 'TPC_NONE', 'UC_NONE', 'TPC_NONE', 'SPC_NONE', 'UC_NONE', 'SPC_NONE', 'SPC_NONE', 'UC_NONE', 'SBX_NONE', 'SPC_NONE', 'TPC_NONE', 'TPC_NONE', 'SPC_NONE', 'UC_NONE', 'SBX_NONE', 'TPC_NONE', 'TPC_NONE', 'TPC_NONE', 'SPC_NONE', 'TPC_NONE', 'SPC_NONE', 'SPC_NONE', 'SPC_NONE', 'SBX_NONE', 'TPC_NONE', 'TPC_NONE', 'TPC_NONE', 'UC_NONE', 'SPC_NONE', 'TPC_NONE', 'TPC_NONE', 'TPC_NONE', 'UC_NONE', 'SBX_NONE', 'TPC_NONE', 'SPC_NONE', 'UC_NONE', 'UC_NONE', 'TPC_NONE', 'SPC_NONE', 'TPC_MPOLY', 'TPC_NONE', 'UC_NONE', 'SBX_NONE', 'TPC_NONE', 'TPC_NONE', 'SBX_MPOLY', 'UC_NONE', 'TPC_NONE', 'UC_NONE', 'SPC_NONE', 'SPC_NONE', 'TPC_NONE', 'SPC_NONE', 'TPC_NONE', 'TPC_NONE', 'TPC_NONE', 'UC_MNUF', 'UC_NONE', 'UC_NONE', 'SPC_NONE', 'TPC_NONE', 'UC_MNUF', 'TPC_MPOLY']","{'SBX_MPOLY': 5, 'SBX_MNUF': 1, 'SPC_MPOLY': 2, 'TPC_NONE': 32, 'SPC_NONE': 20, 'UC_NONE': 22, 'NONE_MPOLY': 1, 'SBX_NONE': 5, 'TPC_MPOLY': 2, 'UC_MNUF': 2}"
5,93,SPC,NONE,0.6830410217723523,0.0393153776552024,826148843.52,1230111291.293316,2396962.72,2120005.4465906555,0.7386929115043914,2.967459015890128e-05,0.0,0.0,GREEDY_HV,"['SPC_MBFLIP', 'SBX_MPOLY', 'SBX_MNUF', 'SPC_MPOLY', 'TPC_NONE', 'SBX_MPOLY', 'SPC_MPOLY', 'SPC_NONE', 'SPC_NONE', 'UC_NONE', 'UC_NONE', 'TPC_NONE', 'UC_NONE', 'SBX_MPOLY', 'TPC_NONE', 'SBX_MPOLY', 'NONE_MPOLY', 'UC_NONE', 'TPC_NONE', 'UC_NONE', 'TPC_NONE', 'TPC_NONE', 'UC_NONE', 'UC_NONE', 'SPC_NONE', 'UC_NONE', 'UC_NONE', 'TPC_NONE', 'SPC_NONE', 'TPC_NONE', 'UC_NONE', 'TPC_NONE', 'SPC_NONE', 'UC_NONE', 'SPC_NONE', 'SPC_NONE', 'UC_NONE', 'SBX_NONE', 'SPC_NONE', 'TPC_NONE', 'TPC_NONE', 'SPC_NONE', 'UC_NONE', 'SBX_NONE', 'TPC_NONE', 'TPC_NONE', 'TPC_NONE', 'SPC_NONE', 'TPC_NONE', 'SPC_NONE', 'SPC_NONE', 'SPC_NONE', 'SBX_NONE', 'TPC_NONE', 'TPC_NONE', 'TPC_NONE', 'UC_NONE', 'SPC_NONE', 'TPC_NONE', 'TPC_NONE', 'TPC_NONE', 'UC_NONE', 'SBX_NONE', 'TPC_NONE', 'SPC_NONE', 'UC_NONE', 'UC_NONE', 'TPC_NONE', 'SPC_NONE', 'TPC_MPOLY', 'TPC_NONE', 'UC_NONE', 'SBX_NONE', 'TPC_NONE', 'TPC_NONE', 'SBX_MPOLY', 'UC_NONE', 'TPC_NONE', 'UC_NONE', 'SPC_NONE', 'SPC_NONE', 'TPC_NONE', 'SPC_NONE', 'TPC_NONE', 'TPC_NONE', 'TPC_NONE', 'UC_MNUF', 'UC_NONE', 'UC_NONE', 'SPC_NONE', 'TPC_NONE', 'UC_MNUF', 'TPC_MPOLY', 'SPC_NONE']","{'SBX_MPOLY': 5, 'SBX_MNUF': 1, 'SPC_MPOLY': 2, 'TPC_NONE': 32, 'SPC_NONE': 21, 'UC_NONE': 22, 'NONE_MPOLY': 1, 'SBX_NONE': 5, 'TPC_MPOLY': 2, 'UC_MNUF': 2}"
5,94,TPC,MNUF,0.6826225110182642,0.0393806320602532,821517352.96,1232722852.5962162,2368596.64,2118924.783783981,0.7387180131018973,2.510159750590546e-05,0.01,0.01,GREEDY_HV,"['SPC_MBFLIP', 'SBX_MPOLY', 'SBX_MNUF', 'SPC_MPOLY', 'TPC_NONE', 'SBX_MPOLY', 'SPC_MPOLY', 'SPC_NONE', 'SPC_NONE', 'UC_NONE', 'UC_NONE', 'TPC_NONE', 'UC_NONE', 'SBX_MPOLY', 'TPC_NONE', 'SBX_MPOLY', 'NONE_MPOLY', 'UC_NONE', 'TPC_NONE', 'UC_NONE', 'TPC_NONE', 'TPC_NONE', 'UC_NONE', 'UC_NONE', 'SPC_NONE', 'UC_NONE', 'UC_NONE', 'TPC_NONE', 'SPC_NONE', 'TPC_NONE', 'UC_NONE', 'TPC_NONE', 'SPC_NONE', 'UC_NONE', 'SPC_NONE', 'SPC_NONE', 'UC_NONE', 'SBX_NONE', 'SPC_NONE', 'TPC_NONE', 'TPC_NONE', 'SPC_NONE', 'UC_NONE', 'SBX_NONE', 'TPC_NONE', 'TPC_NONE', 'TPC_NONE', 'SPC_NONE', 'TPC_NONE', 'SPC_NONE', 'SPC_NONE', 'SPC_NONE', 'SBX_NONE', 'TPC_NONE', 'TPC_NONE', 'TPC_NONE', 'UC_NONE', 'SPC_NONE', 'TPC_NONE', 'TPC_NONE', 'TPC_NONE', 'UC_NONE', 'SBX_NONE', 'TPC_NONE', 'SPC_NONE', 'UC_NONE', 'UC_NONE', 'TPC_NONE', 'SPC_NONE', 'TPC_MPOLY', 'TPC_NONE', 'UC_NONE', 'SBX_NONE', 'TPC_NONE', 'TPC_NONE', 'SBX_MPOLY', 'UC_NONE', 'TPC_NONE', 'UC_NONE', 'SPC_NONE', 'SPC_NONE', 'TPC_NONE', 'SPC_NONE', 'TPC_NONE', 'TPC_NONE', 'TPC_NONE', 'UC_MNUF', 'UC_NONE', 'UC_NONE', 'SPC_NONE', 'TPC_NONE', 'UC_MNUF', 'TPC_MPOLY', 'SPC_NONE', 'TPC_MNUF']","{'SBX_MPOLY': 5, 'SBX_MNUF': 1, 'SPC_MPOLY': 2, 'TPC_NONE': 32, 'SPC_NONE': 21, 'UC_NONE': 22, 'NONE_MPOLY': 1, 'SBX_NONE': 5, 'TPC_MPOLY': 2, 'UC_MNUF': 2, 'TPC_MNUF': 1}"
5,95,TPC,NONE,0.6823782301357844,0.039212738886408,816724940.8,1232563240.45128,2293094.56,2087148.912910051,0.7387436132082499,2.5600106352552388e-05,0.0,0.0,GREEDY_HV,"['SPC_MBFLIP', 'SBX_MPOLY', 'SBX_MNUF', 'SPC_MPOLY', 'TPC_NONE', 'SBX_MPOLY', 'SPC_MPOLY', 'SPC_NONE', 'SPC_NONE', 'UC_NONE', 'UC_NONE', 'TPC_NONE', 'UC_NONE', 'SBX_MPOLY', 'TPC_NONE', 'SBX_MPOLY', 'NONE_MPOLY', 'UC_NONE', 'TPC_NONE', 'UC_NONE', 'TPC_NONE', 'TPC_NONE', 'UC_NONE', 'UC_NONE', 'SPC_NONE', 'UC_NONE', 'UC_NONE', 'TPC_NONE', 'SPC_NONE', 'TPC_NONE', 'UC_NONE', 'TPC_NONE', 'SPC_NONE', 'UC_NONE', 'SPC_NONE', 'SPC_NONE', 'UC_NONE', 'SBX_NONE', 'SPC_NONE', 'TPC_NONE', 'TPC_NONE', 'SPC_NONE', 'UC_NONE', 'SBX_NONE', 'TPC_NONE', 'TPC_NONE', 'TPC_NONE', 'SPC_NONE', 'TPC_NONE', 'SPC_NONE', 'SPC_NONE', 'SPC_NONE', 'SBX_NONE', 'TPC_NONE', 'TPC_NONE', 'TPC_NONE', 'UC_NONE', 'SPC_NONE', 'TPC_NONE', 'TPC_NONE', 'TPC_NONE', 'UC_NONE', 'SBX_NONE', 'TPC_NONE', 'SPC_NONE', 'UC_NONE', 'UC_NONE', 'TPC_NONE', 'SPC_NONE', 'TPC_MPOLY', 'TPC_NONE', 'UC_NONE', 'SBX_NONE', 'TPC_NONE', 'TPC_NONE', 'SBX_MPOLY', 'UC_NONE', 'TPC_NONE', 'UC_NONE', 'SPC_NONE', 'SPC_NONE', 'TPC_NONE', 'SPC_NONE', 'TPC_NONE', 'TPC_NONE', 'TPC_NONE', 'UC_MNUF', 'UC_NONE', 'UC_NONE', 'SPC_NONE', 'TPC_NONE', 'UC_MNUF', 'TPC_MPOLY', 'SPC_NONE', 'TPC_MNUF', 'TPC_NONE']","{'SBX_MPOLY': 5, 'SBX_MNUF': 1, 'SPC_MPOLY': 2, 'TPC_NONE': 33, 'SPC_NONE': 21, 'UC_NONE': 22, 'NONE_MPOLY': 1, 'SBX_NONE': 5, 'TPC_MPOLY': 2, 'UC_MNUF': 2, 'TPC_MNUF': 1}"
5,96,TPC,NONE,0.6823627751834962,0.0392346991130938,830438026.24,1231898968.9370005,2266652.32,2081380.9122356183,0.7387701798781013,2.6566669851457725e-05,0.0,0.0,GREEDY_HV,"['SPC_MBFLIP', 'SBX_MPOLY', 'SBX_MNUF', 'SPC_MPOLY', 'TPC_NONE', 'SBX_MPOLY', 'SPC_MPOLY', 'SPC_NONE', 'SPC_NONE', 'UC_NONE', 'UC_NONE', 'TPC_NONE', 'UC_NONE', 'SBX_MPOLY', 'TPC_NONE', 'SBX_MPOLY', 'NONE_MPOLY', 'UC_NONE', 'TPC_NONE', 'UC_NONE', 'TPC_NONE', 'TPC_NONE', 'UC_NONE', 'UC_NONE', 'SPC_NONE', 'UC_NONE', 'UC_NONE', 'TPC_NONE', 'SPC_NONE', 'TPC_NONE', 'UC_NONE', 'TPC_NONE', 'SPC_NONE', 'UC_NONE', 'SPC_NONE', 'SPC_NONE', 'UC_NONE', 'SBX_NONE', 'SPC_NONE', 'TPC_NONE', 'TPC_NONE', 'SPC_NONE', 'UC_NONE', 'SBX_NONE', 'TPC_NONE', 'TPC_NONE', 'TPC_NONE', 'SPC_NONE', 'TPC_NONE', 'SPC_NONE', 'SPC_NONE', 'SPC_NONE', 'SBX_NONE', 'TPC_NONE', 'TPC_NONE', 'TPC_NONE', 'UC_NONE', 'SPC_NONE', 'TPC_NONE', 'TPC_NONE', 'TPC_NONE', 'UC_NONE', 'SBX_NONE', 'TPC_NONE', 'SPC_NONE', 'UC_NONE', 'UC_NONE', 'TPC_NONE', 'SPC_NONE', 'TPC_MPOLY', 'TPC_NONE', 'UC_NONE', 'SBX_NONE', 'TPC_NONE', 'TPC_NONE', 'SBX_MPOLY', 'UC_NONE', 'TPC_NONE', 'UC_NONE', 'SPC_NONE', 'SPC_NONE', 'TPC_NONE', 'SPC_NONE', 'TPC_NONE', 'TPC_NONE', 'TPC_NONE', 'UC_MNUF', 'UC_NONE', 'UC_NONE', 'SPC_NONE', 'TPC_NONE', 'UC_MNUF', 'TPC_MPOLY', 'SPC_NONE', 'TPC_MNUF', 'TPC_NONE', 'TPC_NONE']","{'SBX_MPOLY': 5, 'SBX_MNUF': 1, 'SPC_MPOLY': 2, 'TPC_NONE': 34, 'SPC_NONE': 21, 'UC_NONE': 22, 'NONE_MPOLY': 1, 'SBX_NONE': 5, 'TPC_MPOLY': 2, 'UC_MNUF': 2, 'TPC_MNUF': 1}"
5,97,UC,MNUF,0.6826632350624493,0.039200765195869,820981007.36,1234402857.8306162,2351202.72,2110437.1393531817,0.7387985856822572,2.8405804155862132e-05,0.0,0.0,GREEDY_HV,"['SPC_MBFLIP', 'SBX_MPOLY', 'SBX_MNUF', 'SPC_MPOLY', 'TPC_NONE', 'SBX_MPOLY', 'SPC_MPOLY', 'SPC_NONE', 'SPC_NONE', 'UC_NONE', 'UC_NONE', 'TPC_NONE', 'UC_NONE', 'SBX_MPOLY', 'TPC_NONE', 'SBX_MPOLY', 'NONE_MPOLY', 'UC_NONE', 'TPC_NONE', 'UC_NONE', 'TPC_NONE', 'TPC_NONE', 'UC_NONE', 'UC_NONE', 'SPC_NONE', 'UC_NONE', 'UC_NONE', 'TPC_NONE', 'SPC_NONE', 'TPC_NONE', 'UC_NONE', 'TPC_NONE', 'SPC_NONE', 'UC_NONE', 'SPC_NONE', 'SPC_NONE', 'UC_NONE', 'SBX_NONE', 'SPC_NONE', 'TPC_NONE', 'TPC_NONE', 'SPC_NONE', 'UC_NONE', 'SBX_NONE', 'TPC_NONE', 'TPC_NONE', 'TPC_NONE', 'SPC_NONE', 'TPC_NONE', 'SPC_NONE', 'SPC_NONE', 'SPC_NONE', 'SBX_NONE', 'TPC_NONE', 'TPC_NONE', 'TPC_NONE', 'UC_NONE', 'SPC_NONE', 'TPC_NONE', 'TPC_NONE', 'TPC_NONE', 'UC_NONE', 'SBX_NONE', 'TPC_NONE', 'SPC_NONE', 'UC_NONE', 'UC_NONE', 'TPC_NONE', 'SPC_NONE', 'TPC_MPOLY', 'TPC_NONE', 'UC_NONE', 'SBX_NONE', 'TPC_NONE', 'TPC_NONE', 'SBX_MPOLY', 'UC_NONE', 'TPC_NONE', 'UC_NONE', 'SPC_NONE', 'SPC_NONE', 'TPC_NONE', 'SPC_NONE', 'TPC_NONE', 'TPC_NONE', 'TPC_NONE', 'UC_MNUF', 'UC_NONE', 'UC_NONE', 'SPC_NONE', 'TPC_NONE', 'UC_MNUF', 'TPC_MPOLY', 'SPC_NONE', 'TPC_MNUF', 'TPC_NONE', 'TPC_NONE', 'UC_MNUF']","{'SBX_MPOLY': 5, 'SBX_MNUF': 1, 'SPC_MPOLY': 2, 'TPC_NONE': 34, 'SPC_NONE': 21, 'UC_NONE': 22, 'NONE_MPOLY': 1, 'SBX_NONE': 5, 'TPC_MPOLY': 2, 'UC_MNUF': 3, 'TPC_MNUF': 1}"
5,98,SPC,MNUF,0.6812788552574096,0.0388818632454805,784772787.2,1237206327.427958,2265796.0,2112286.088502218,0.7387190104219514,-7.957526030577533e-05,0.0,0.0,GREEDY_HV,"['SPC_MBFLIP', 'SBX_MPOLY', 'SBX_MNUF', 'SPC_MPOLY', 'TPC_NONE', 'SBX_MPOLY', 'SPC_MPOLY', 'SPC_NONE', 'SPC_NONE', 'UC_NONE', 'UC_NONE', 'TPC_NONE', 'UC_NONE', 'SBX_MPOLY', 'TPC_NONE', 'SBX_MPOLY', 'NONE_MPOLY', 'UC_NONE', 'TPC_NONE', 'UC_NONE', 'TPC_NONE', 'TPC_NONE', 'UC_NONE', 'UC_NONE', 'SPC_NONE', 'UC_NONE', 'UC_NONE', 'TPC_NONE', 'SPC_NONE', 'TPC_NONE', 'UC_NONE', 'TPC_NONE', 'SPC_NONE', 'UC_NONE', 'SPC_NONE', 'SPC_NONE', 'UC_NONE', 'SBX_NONE', 'SPC_NONE', 'TPC_NONE', 'TPC_NONE', 'SPC_NONE', 'UC_NONE', 'SBX_NONE', 'TPC_NONE', 'TPC_NONE', 'TPC_NONE', 'SPC_NONE', 'TPC_NONE', 'SPC_NONE', 'SPC_NONE', 'SPC_NONE', 'SBX_NONE', 'TPC_NONE', 'TPC_NONE', 'TPC_NONE', 'UC_NONE', 'SPC_NONE', 'TPC_NONE', 'TPC_NONE', 'TPC_NONE', 'UC_NONE', 'SBX_NONE', 'TPC_NONE', 'SPC_NONE', 'UC_NONE', 'UC_NONE', 'TPC_NONE', 'SPC_NONE', 'TPC_MPOLY', 'TPC_NONE', 'UC_NONE', 'SBX_NONE', 'TPC_NONE', 'TPC_NONE', 'SBX_MPOLY', 'UC_NONE', 'TPC_NONE', 'UC_NONE', 'SPC_NONE', 'SPC_NONE', 'TPC_NONE', 'SPC_NONE', 'TPC_NONE', 'TPC_NONE', 'TPC_NONE', 'UC_MNUF', 'UC_NONE', 'UC_NONE', 'SPC_NONE', 'TPC_NONE', 'UC_MNUF', 'TPC_MPOLY', 'SPC_NONE', 'TPC_MNUF', 'TPC_NONE', 'TPC_NONE', 'UC_MNUF', 'SPC_MNUF']","{'SBX_MPOLY': 5, 'SBX_MNUF': 1, 'SPC_MPOLY': 2, 'TPC_NONE': 34, 'SPC_NONE': 21, 'UC_NONE': 22, 'NONE_MPOLY': 1, 'SBX_NONE': 5, 'TPC_MPOLY': 2, 'UC_MNUF': 3, 'TPC_MNUF': 1, 'SPC_MNUF': 1}"
5,99,UC,NONE,0.6824720445057326,0.0392901224898435,818657484.8,1236170346.2999616,2409380.0,2142109.8545777337,0.738795666955584,7.665653363253533e-05,0.0,0.0,GREEDY_HV,"['SPC_MBFLIP', 'SBX_MPOLY', 'SBX_MNUF', 'SPC_MPOLY', 'TPC_NONE', 'SBX_MPOLY', 'SPC_MPOLY', 'SPC_NONE', 'SPC_NONE', 'UC_NONE', 'UC_NONE', 'TPC_NONE', 'UC_NONE', 'SBX_MPOLY', 'TPC_NONE', 'SBX_MPOLY', 'NONE_MPOLY', 'UC_NONE', 'TPC_NONE', 'UC_NONE', 'TPC_NONE', 'TPC_NONE', 'UC_NONE', 'UC_NONE', 'SPC_NONE', 'UC_NONE', 'UC_NONE', 'TPC_NONE', 'SPC_NONE', 'TPC_NONE', 'UC_NONE', 'TPC_NONE', 'SPC_NONE', 'UC_NONE', 'SPC_NONE', 'SPC_NONE', 'UC_NONE', 'SBX_NONE', 'SPC_NONE', 'TPC_NONE', 'TPC_NONE', 'SPC_NONE', 'UC_NONE', 'SBX_NONE', 'TPC_NONE', 'TPC_NONE', 'TPC_NONE', 'SPC_NONE', 'TPC_NONE', 'SPC_NONE', 'SPC_NONE', 'SPC_NONE', 'SBX_NONE', 'TPC_NONE', 'TPC_NONE', 'TPC_NONE', 'UC_NONE', 'SPC_NONE', 'TPC_NONE', 'TPC_NONE', 'TPC_NONE', 'UC_NONE', 'SBX_NONE', 'TPC_NONE', 'SPC_NONE', 'UC_NONE', 'UC_NONE', 'TPC_NONE', 'SPC_NONE', 'TPC_MPOLY', 'TPC_NONE', 'UC_NONE', 'SBX_NONE', 'TPC_NONE', 'TPC_NONE', 'SBX_MPOLY', 'UC_NONE', 'TPC_NONE', 'UC_NONE', 'SPC_NONE', 'SPC_NONE', 'TPC_NONE', 'SPC_NONE', 'TPC_NONE', 'TPC_NONE', 'TPC_NONE', 'UC_MNUF', 'UC_NONE', 'UC_NONE', 'SPC_NONE', 'TPC_NONE', 'UC_MNUF', 'TPC_MPOLY', 'SPC_NONE', 'TPC_MNUF', 'TPC_NONE', 'TPC_NONE', 'UC_MNUF', 'SPC_MNUF', 'UC_NONE']","{'SBX_MPOLY': 5, 'SBX_MNUF': 1, 'SPC_MPOLY': 2, 'TPC_NONE': 34, 'SPC_NONE': 21, 'UC_NONE': 23, 'NONE_MPOLY': 1, 'SBX_NONE': 5, 'TPC_MPOLY': 2, 'UC_MNUF': 3, 'TPC_MNUF': 1, 'SPC_MNUF': 1}"
5,100,SPC,NONE,0.682479499949238,0.0388825937906955,803846410.24,1233184408.072086,2295257.76,2064835.8027966344,0.7387643035051547,-3.1363450429311435e-05,0.01,0.0,GREEDY_HV,"['SPC_MBFLIP', 'SBX_MPOLY', 'SBX_MNUF', 'SPC_MPOLY', 'TPC_NONE', 'SBX_MPOLY', 'SPC_MPOLY', 'SPC_NONE', 'SPC_NONE', 'UC_NONE', 'UC_NONE', 'TPC_NONE', 'UC_NONE', 'SBX_MPOLY', 'TPC_NONE', 'SBX_MPOLY', 'NONE_MPOLY', 'UC_NONE', 'TPC_NONE', 'UC_NONE', 'TPC_NONE', 'TPC_NONE', 'UC_NONE', 'UC_NONE', 'SPC_NONE', 'UC_NONE', 'UC_NONE', 'TPC_NONE', 'SPC_NONE', 'TPC_NONE', 'UC_NONE', 'TPC_NONE', 'SPC_NONE', 'UC_NONE', 'SPC_NONE', 'SPC_NONE', 'UC_NONE', 'SBX_NONE', 'SPC_NONE', 'TPC_NONE', 'TPC_NONE', 'SPC_NONE', 'UC_NONE', 'SBX_NONE', 'TPC_NONE', 'TPC_NONE', 'TPC_NONE', 'SPC_NONE', 'TPC_NONE', 'SPC_NONE', 'SPC_NONE', 'SPC_NONE', 'SBX_NONE', 'TPC_NONE', 'TPC_NONE', 'TPC_NONE', 'UC_NONE', 'SPC_NONE', 'TPC_NONE', 'TPC_NONE', 'TPC_NONE', 'UC_NONE', 'SBX_NONE', 'TPC_NONE', 'SPC_NONE', 'UC_NONE', 'UC_NONE', 'TPC_NONE', 'SPC_NONE', 'TPC_MPOLY', 'TPC_NONE', 'UC_NONE', 'SBX_NONE', 'TPC_NONE', 'TPC_NONE', 'SBX_MPOLY', 'UC_NONE', 'TPC_NONE', 'UC_NONE', 'SPC_NONE', 'SPC_NONE', 'TPC_NONE', 'SPC_NONE', 'TPC_NONE', 'TPC_NONE', 'TPC_NONE', 'UC_MNUF', 'UC_NONE', 'UC_NONE', 'SPC_NONE', 'TPC_NONE', 'UC_MNUF', 'TPC_MPOLY', 'SPC_NONE', 'TPC_MNUF', 'TPC_NONE', 'TPC_NONE', 'UC_MNUF', 'SPC_MNUF', 'UC_NONE', 'SPC_NONE']","{'SBX_MPOLY': 5, 'SBX_MNUF': 1, 'SPC_MPOLY': 2, 'TPC_NONE': 34, 'SPC_NONE': 22, 'UC_NONE': 23, 'NONE_MPOLY': 1, 'SBX_NONE': 5, 'TPC_MPOLY': 2, 'UC_MNUF': 3, 'TPC_MNUF': 1, 'SPC_MNUF': 1}"
6,1,UC,MNUF,0.6535411157386426,0.0257625143052478,1492839745.28,938370790.5156144,2860946.08,1385065.4459845258,0.689973334514479,0.0,0.26,0.095,GREEDY_HV,"['SPC_MBFLIP', 'UC_MNUF']",{'UC_MNUF': 1}
6,2,SBX,MNUF,0.6559233463438168,0.0231265547966054,1183193881.6,732208526.7875324,2462319.52,1391754.2810584672,0.698002470654652,0.008029136140173,0.05,0.09,GREEDY_HV,"['SPC_MBFLIP', 'UC_MNUF', 'SBX_MNUF']","{'UC_MNUF': 1, 'SBX_MNUF': 1}"
6,3,TPC,MPOLY,0.657647564737577,0.0224797075602297,856221324.8,567873031.9739947,2028569.76,1161658.216422207,0.7069960749788325,0.0089936043241805,0.14,0.07,GREEDY_HV,"['SPC_MBFLIP', 'UC_MNUF', 'SBX_MNUF', 'TPC_MPOLY']","{'UC_MNUF': 1, 'SBX_MNUF': 1, 'TPC_MPOLY': 1}"
6,4,TPC,NONE,0.6584512718699468,0.0249191337845019,700664725.76,524169820.273661,1750880.16,1321263.311094641,0.7120775343401204,0.0050814593612878,0.14,0.0,GREEDY_HV,"['SPC_MBFLIP', 'UC_MNUF', 'SBX_MNUF', 'TPC_MPOLY', 'TPC_NONE']","{'UC_MNUF': 1, 'SBX_MNUF': 1, 'TPC_MPOLY': 1, 'TPC_NONE': 1}"
6,5,TPC,NONE,0.6656867735614418,0.020423656088378,545950050.56,358470533.03959554,1714907.04,1351858.2269474403,0.7156735470996489,0.0035960127595284,0.14,0.0,GREEDY_HV,"['SPC_MBFLIP', 'UC_MNUF', 'SBX_MNUF', 'TPC_MPOLY', 'TPC_NONE', 'TPC_NONE']","{'UC_MNUF': 1, 'SBX_MNUF': 1, 'TPC_MPOLY': 1, 'TPC_NONE': 2}"
6,6,TPC,MPOLY,0.6634890060354341,0.0227691439563872,473033424.64,316692534.5710136,1411134.88,1174684.2884397602,0.7175957397629749,0.0019221926633259,0.12,0.06,GREEDY_HV,"['SPC_MBFLIP', 'UC_MNUF', 'SBX_MNUF', 'TPC_MPOLY', 'TPC_NONE', 'TPC_NONE', 'TPC_MPOLY']","{'UC_MNUF': 1, 'SBX_MNUF': 1, 'TPC_MPOLY': 2, 'TPC_NONE': 2}"
6,7,UC,MPOLY,0.6678117192104274,0.0245454689079152,513726489.6,353623157.0116889,1553135.52,1310390.7865426133,0.7216876444942499,0.004091904731275,0.06,0.015,GREEDY_HV,"['SPC_MBFLIP', 'UC_MNUF', 'SBX_MNUF', 'TPC_MPOLY', 'TPC_NONE', 'TPC_NONE', 'TPC_MPOLY', 'UC_MPOLY']","{'UC_MNUF': 1, 'SBX_MNUF': 1, 'TPC_MPOLY': 2, 'TPC_NONE': 2, 'UC_MPOLY': 1}"
6,8,SPC,NONE,0.6736827511782307,0.0276719639700422,611795266.56,429828597.1651853,1847740.32,1640634.7635703129,0.7260321143424701,0.0043444698482201,0.09,0.0,GREEDY_HV,"['SPC_MBFLIP', 'UC_MNUF', 'SBX_MNUF', 'TPC_MPOLY', 'TPC_NONE', 'TPC_NONE', 'TPC_MPOLY', 'UC_MPOLY', 'SPC_NONE']","{'UC_MNUF': 1, 'SBX_MNUF': 1, 'TPC_MPOLY': 2, 'TPC_NONE': 2, 'UC_MPOLY': 1, 'SPC_NONE': 1}"
6,9,UC,NONE,0.6712978654476628,0.0276598917144577,441324282.88,336829255.2321632,1417651.36,1335120.4561028294,0.7282320081914193,0.0021998938489492,0.12,0.0,GREEDY_HV,"['SPC_MBFLIP', 'UC_MNUF', 'SBX_MNUF', 'TPC_MPOLY', 'TPC_NONE', 'TPC_NONE', 'TPC_MPOLY', 'UC_MPOLY', 'SPC_NONE', 'UC_NONE']","{'UC_MNUF': 1, 'SBX_MNUF': 1, 'TPC_MPOLY': 2, 'TPC_NONE': 2, 'UC_MPOLY': 1, 'SPC_NONE': 1, 'UC_NONE': 1}"
6,10,TPC,NONE,0.6786029575959514,0.0252237225496808,467439772.16,298374459.206546,1536542.88,1245631.199948117,0.7289847736143104,0.000752765422891,0.02,0.0,GREEDY_HV,"['SPC_MBFLIP', 'UC_MNUF', 'SBX_MNUF', 'TPC_MPOLY', 'TPC_NONE', 'TPC_NONE', 'TPC_MPOLY', 'UC_MPOLY', 'SPC_NONE', 'UC_NONE', 'TPC_NONE']","{'UC_MNUF': 1, 'SBX_MNUF': 1, 'TPC_MPOLY': 2, 'TPC_NONE': 3, 'UC_MPOLY': 1, 'SPC_NONE': 1, 'UC_NONE': 1}"
6,11,SPC,NONE,0.6828204579969498,0.0210756110825857,457711191.04,284064267.29474133,1542357.92,1248253.7342581567,0.7301795754946692,0.0011948018803588,0.04,0.0,GREEDY_HV,"['SPC_MBFLIP', 'UC_MNUF', 'SBX_MNUF', 'TPC_MPOLY', 'TPC_NONE', 'TPC_NONE', 'TPC_MPOLY', 'UC_MPOLY', 'SPC_NONE', 'UC_NONE', 'TPC_NONE', 'SPC_NONE']","{'UC_MNUF': 1, 'SBX_MNUF': 1, 'TPC_MPOLY': 2, 'TPC_NONE': 3, 'UC_MPOLY': 1, 'SPC_NONE': 2, 'UC_NONE': 1}"
6,12,SPC,MNUF,0.6818381260242026,0.0230258503360907,455309725.44,285693295.22095287,1537770.4,1251796.8287525254,0.7307828478173611,0.0006032723226919,0.04,0.0,GREEDY_HV,"['SPC_MBFLIP', 'UC_MNUF', 'SBX_MNUF', 'TPC_MPOLY', 'TPC_NONE', 'TPC_NONE', 'TPC_MPOLY', 'UC_MPOLY', 'SPC_NONE', 'UC_NONE', 'TPC_NONE', 'SPC_NONE', 'SPC_MNUF']","{'UC_MNUF': 1, 'SBX_MNUF': 1, 'TPC_MPOLY': 2, 'TPC_NONE': 3, 'UC_MPOLY': 1, 'SPC_NONE': 2, 'UC_NONE': 1, 'SPC_MNUF': 1}"
6,13,UC,NONE,0.6818151438774309,0.0263699328657043,460331143.68,307588073.5194741,1620990.88,1359432.7747654852,0.7311118397322931,0.0003289919149319,0.02,0.0,GREEDY_HV,"['SPC_MBFLIP', 'UC_MNUF', 'SBX_MNUF', 'TPC_MPOLY', 'TPC_NONE', 'TPC_NONE', 'TPC_MPOLY', 'UC_MPOLY', 'SPC_NONE', 'UC_NONE', 'TPC_NONE', 'SPC_NONE', 'SPC_MNUF', 'UC_NONE']","{'UC_MNUF': 1, 'SBX_MNUF': 1, 'TPC_MPOLY': 2, 'TPC_NONE': 3, 'UC_MPOLY': 1, 'SPC_NONE': 2, 'UC_NONE': 2, 'SPC_MNUF': 1}"
6,14,TPC,NONE,0.6828223926360084,0.0271206895791291,432281547.52,281607532.2908512,1711193.76,1419376.6141965643,0.7325094921728086,0.0013976524405154,0.05,0.0,GREEDY_HV,"['SPC_MBFLIP', 'UC_MNUF', 'SBX_MNUF', 'TPC_MPOLY', 'TPC_NONE', 'TPC_NONE', 'TPC_MPOLY', 'UC_MPOLY', 'SPC_NONE', 'UC_NONE', 'TPC_NONE', 'SPC_NONE', 'SPC_MNUF', 'UC_NONE', 'TPC_NONE']","{'UC_MNUF': 1, 'SBX_MNUF': 1, 'TPC_MPOLY': 2, 'TPC_NONE': 4, 'UC_MPOLY': 1, 'SPC_NONE': 2, 'UC_NONE': 2, 'SPC_MNUF': 1}"
6,15,TPC,NONE,0.6863136664243593,0.028073959441523,467421050.88,279875509.50013435,1829876.64,1285306.2299047296,0.7327645014465034,0.0002550092736948,0.02,0.0,GREEDY_HV,"['SPC_MBFLIP', 'UC_MNUF', 'SBX_MNUF', 'TPC_MPOLY', 'TPC_NONE', 'TPC_NONE', 'TPC_MPOLY', 'UC_MPOLY', 'SPC_NONE', 'UC_NONE', 'TPC_NONE', 'SPC_NONE', 'SPC_MNUF', 'UC_NONE', 'TPC_NONE', 'TPC_NONE']","{'UC_MNUF': 1, 'SBX_MNUF': 1, 'TPC_MPOLY': 2, 'TPC_NONE': 5, 'UC_MPOLY': 1, 'SPC_NONE': 2, 'UC_NONE': 2, 'SPC_MNUF': 1}"
6,16,UC,MNUF,0.6871364975126858,0.0267899797735113,472773614.08,279156162.5064293,1864541.6,1298787.7926886748,0.733798257675356,0.0010337562288526,0.03,0.0,GREEDY_HV,"['SPC_MBFLIP', 'UC_MNUF', 'SBX_MNUF', 'TPC_MPOLY', 'TPC_NONE', 'TPC_NONE', 'TPC_MPOLY', 'UC_MPOLY', 'SPC_NONE', 'UC_NONE', 'TPC_NONE', 'SPC_NONE', 'SPC_MNUF', 'UC_NONE', 'TPC_NONE', 'TPC_NONE', 'UC_MNUF']","{'UC_MNUF': 2, 'SBX_MNUF': 1, 'TPC_MPOLY': 2, 'TPC_NONE': 5, 'UC_MPOLY': 1, 'SPC_NONE': 2, 'UC_NONE': 2, 'SPC_MNUF': 1}"
6,17,TPC,NONE,0.6891257810772475,0.0247635806778794,491447925.76,294545810.3018523,1900856.48,1344473.4509897954,0.7350199355040076,0.0012216778286515,0.05,0.0,GREEDY_HV,"['SPC_MBFLIP', 'UC_MNUF', 'SBX_MNUF', 'TPC_MPOLY', 'TPC_NONE', 'TPC_NONE', 'TPC_MPOLY', 'UC_MPOLY', 'SPC_NONE', 'UC_NONE', 'TPC_NONE', 'SPC_NONE', 'SPC_MNUF', 'UC_NONE', 'TPC_NONE', 'TPC_NONE', 'UC_MNUF', 'TPC_NONE']","{'UC_MNUF': 2, 'SBX_MNUF': 1, 'TPC_MPOLY': 2, 'TPC_NONE': 6, 'UC_MPOLY': 1, 'SPC_NONE': 2, 'UC_NONE': 2, 'SPC_MNUF': 1}"
6,18,SBX,MPOLY,0.6883963030541104,0.0256237110728295,486392240.64,295496680.4836273,1878939.04,1345877.6782928968,0.7355499581427378,0.0005300226387302,0.01,0.05,GREEDY_HV,"['SPC_MBFLIP', 'UC_MNUF', 'SBX_MNUF', 'TPC_MPOLY', 'TPC_NONE', 'TPC_NONE', 'TPC_MPOLY', 'UC_MPOLY', 'SPC_NONE', 'UC_NONE', 'TPC_NONE', 'SPC_NONE', 'SPC_MNUF', 'UC_NONE', 'TPC_NONE', 'TPC_NONE', 'UC_MNUF', 'TPC_NONE', 'SBX_MPOLY']","{'UC_MNUF': 2, 'SBX_MNUF': 1, 'TPC_MPOLY': 2, 'TPC_NONE': 6, 'UC_MPOLY': 1, 'SPC_NONE': 2, 'UC_NONE': 2, 'SPC_MNUF': 1, 'SBX_MPOLY': 1}"
6,19,TPC,NONE,0.6862212916432244,0.0288267293886366,486993684.48,317913905.7273261,1821154.72,1408770.7673018065,0.7357036250416868,0.000153666898949,0.01,0.0,GREEDY_HV,"['SPC_MBFLIP', 'UC_MNUF', 'SBX_MNUF', 'TPC_MPOLY', 'TPC_NONE', 'TPC_NONE', 'TPC_MPOLY', 'UC_MPOLY', 'SPC_NONE', 'UC_NONE', 'TPC_NONE', 'SPC_NONE', 'SPC_MNUF', 'UC_NONE', 'TPC_NONE', 'TPC_NONE', 'UC_MNUF', 'TPC_NONE', 'SBX_MPOLY', 'TPC_NONE']","{'UC_MNUF': 2, 'SBX_MNUF': 1, 'TPC_MPOLY': 2, 'TPC_NONE': 7, 'UC_MPOLY': 1, 'SPC_NONE': 2, 'UC_NONE': 2, 'SPC_MNUF': 1, 'SBX_MPOLY': 1}"
6,20,TPC,NONE,0.6856613598595186,0.0291915655428563,485730631.68,318992580.58836824,1799050.4,1453861.019567414,0.7358924873751246,0.0001888623334377,0.01,0.0,GREEDY_HV,"['SPC_MBFLIP', 'UC_MNUF', 'SBX_MNUF', 'TPC_MPOLY', 'TPC_NONE', 'TPC_NONE', 'TPC_MPOLY', 'UC_MPOLY', 'SPC_NONE', 'UC_NONE', 'TPC_NONE', 'SPC_NONE', 'SPC_MNUF', 'UC_NONE', 'TPC_NONE', 'TPC_NONE', 'UC_MNUF', 'TPC_NONE', 'SBX_MPOLY', 'TPC_NONE', 'TPC_NONE']","{'UC_MNUF': 2, 'SBX_MNUF': 1, 'TPC_MPOLY': 2, 'TPC_NONE': 8, 'UC_MPOLY': 1, 'SPC_NONE': 2, 'UC_NONE': 2, 'SPC_MNUF': 1, 'SBX_MPOLY': 1}"
6,21,UC,NONE,0.6844694789557579,0.0322307057596112,504735139.84,334802042.4109096,1828366.24,1452706.3645940097,0.7361688390348955,0.0002763516597709,0.02,0.0,GREEDY_HV,"['SPC_MBFLIP', 'UC_MNUF', 'SBX_MNUF', 'TPC_MPOLY', 'TPC_NONE', 'TPC_NONE', 'TPC_MPOLY', 'UC_MPOLY', 'SPC_NONE', 'UC_NONE', 'TPC_NONE', 'SPC_NONE', 'SPC_MNUF', 'UC_NONE', 'TPC_NONE', 'TPC_NONE', 'UC_MNUF', 'TPC_NONE', 'SBX_MPOLY', 'TPC_NONE', 'TPC_NONE', 'UC_NONE']","{'UC_MNUF': 2, 'SBX_MNUF': 1, 'TPC_MPOLY': 2, 'TPC_NONE': 8, 'UC_MPOLY': 1, 'SPC_NONE': 2, 'UC_NONE': 3, 'SPC_MNUF': 1, 'SBX_MPOLY': 1}"
6,22,UC,MNUF,0.6838761447848754,0.0334344491538445,504103882.24,335471670.3780032,1827649.44,1453508.252760667,0.7365541972056252,0.0003853581707297,0.0,0.0,GREEDY_HV,"['SPC_MBFLIP', 'UC_MNUF', 'SBX_MNUF', 'TPC_MPOLY', 'TPC_NONE', 'TPC_NONE', 'TPC_MPOLY', 'UC_MPOLY', 'SPC_NONE', 'UC_NONE', 'TPC_NONE', 'SPC_NONE', 'SPC_MNUF', 'UC_NONE', 'TPC_NONE', 'TPC_NONE', 'UC_MNUF', 'TPC_NONE', 'SBX_MPOLY', 'TPC_NONE', 'TPC_NONE', 'UC_NONE', 'UC_MNUF']","{'UC_MNUF': 3, 'SBX_MNUF': 1, 'TPC_MPOLY': 2, 'TPC_NONE': 8, 'UC_MPOLY': 1, 'SPC_NONE': 2, 'UC_NONE': 3, 'SPC_MNUF': 1, 'SBX_MPOLY': 1}"
6,23,SPC,NONE,0.6837015316074353,0.0348815005908889,516100249.6,339394897.2251861,1832304.8,1450081.9225691766,0.7366140926264305,5.989542080531152e-05,0.02,0.0,GREEDY_HV,"['SPC_MBFLIP', 'UC_MNUF', 'SBX_MNUF', 'TPC_MPOLY', 'TPC_NONE', 'TPC_NONE', 'TPC_MPOLY', 'UC_MPOLY', 'SPC_NONE', 'UC_NONE', 'TPC_NONE', 'SPC_NONE', 'SPC_MNUF', 'UC_NONE', 'TPC_NONE', 'TPC_NONE', 'UC_MNUF', 'TPC_NONE', 'SBX_MPOLY', 'TPC_NONE', 'TPC_NONE', 'UC_NONE', 'UC_MNUF', 'SPC_NONE']","{'UC_MNUF': 3, 'SBX_MNUF': 1, 'TPC_MPOLY': 2, 'TPC_NONE': 8, 'UC_MPOLY': 1, 'SPC_NONE': 3, 'UC_NONE': 3, 'SPC_MNUF': 1, 'SBX_MPOLY': 1}"
6,24,TPC,NONE,0.6831410095535116,0.0344557976960298,488177154.56,329339864.8585903,1808531.36,1460257.616068038,0.7365994811967951,-1.4611429635436046e-05,0.0,0.0,GREEDY_HV,"['SPC_MBFLIP', 'UC_MNUF', 'SBX_MNUF', 'TPC_MPOLY', 'TPC_NONE', 'TPC_NONE', 'TPC_MPOLY', 'UC_MPOLY', 'SPC_NONE', 'UC_NONE', 'TPC_NONE', 'SPC_NONE', 'SPC_MNUF', 'UC_NONE', 'TPC_NONE', 'TPC_NONE', 'UC_MNUF', 'TPC_NONE', 'SBX_MPOLY', 'TPC_NONE', 'TPC_NONE', 'UC_NONE', 'UC_MNUF', 'SPC_NONE', 'TPC_NONE']","{'UC_MNUF': 3, 'SBX_MNUF': 1, 'TPC_MPOLY': 2, 'TPC_NONE': 9, 'UC_MPOLY': 1, 'SPC_NONE': 3, 'UC_NONE': 3, 'SPC_MNUF': 1, 'SBX_MPOLY': 1}"
6,25,SPC,NONE,0.6859937903052993,0.0334606620544647,522447767.04,333206544.7911072,1886476.96,1431937.053265582,0.7366162116574153,1.6730460620228982e-05,0.02,0.0,GREEDY_HV,"['SPC_MBFLIP', 'UC_MNUF', 'SBX_MNUF', 'TPC_MPOLY', 'TPC_NONE', 'TPC_NONE', 'TPC_MPOLY', 'UC_MPOLY', 'SPC_NONE', 'UC_NONE', 'TPC_NONE', 'SPC_NONE', 'SPC_MNUF', 'UC_NONE', 'TPC_NONE', 'TPC_NONE', 'UC_MNUF', 'TPC_NONE', 'SBX_MPOLY', 'TPC_NONE', 'TPC_NONE', 'UC_NONE', 'UC_MNUF', 'SPC_NONE', 'TPC_NONE', 'SPC_NONE']","{'UC_MNUF': 3, 'SBX_MNUF': 1, 'TPC_MPOLY': 2, 'TPC_NONE': 9, 'UC_MPOLY': 1, 'SPC_NONE': 4, 'UC_NONE': 3, 'SPC_MNUF': 1, 'SBX_MPOLY': 1}"
6,26,SPC,NONE,0.6843788735164292,0.0333142279777131,481887011.84,318620168.14880365,1807652.0,1441224.9746370064,0.7366629845408554,4.677288344012709e-05,0.02,0.0,GREEDY_HV,"['SPC_MBFLIP', 'UC_MNUF', 'SBX_MNUF', 'TPC_MPOLY', 'TPC_NONE', 'TPC_NONE', 'TPC_MPOLY', 'UC_MPOLY', 'SPC_NONE', 'UC_NONE', 'TPC_NONE', 'SPC_NONE', 'SPC_MNUF', 'UC_NONE', 'TPC_NONE', 'TPC_NONE', 'UC_MNUF', 'TPC_NONE', 'SBX_MPOLY', 'TPC_NONE', 'TPC_NONE', 'UC_NONE', 'UC_MNUF', 'SPC_NONE', 'TPC_NONE', 'SPC_NONE', 'SPC_NONE']","{'UC_MNUF': 3, 'SBX_MNUF': 1, 'TPC_MPOLY': 2, 'TPC_NONE': 9, 'UC_MPOLY': 1, 'SPC_NONE': 5, 'UC_NONE': 3, 'SPC_MNUF': 1, 'SBX_MPOLY': 1}"
6,27,SPC,NONE,0.6853086712224933,0.033737575137389,499699650.56,321756746.09378266,1834235.04,1434132.5351338068,0.7366885760259487,2.5591485093290345e-05,0.0,0.0,GREEDY_HV,"['SPC_MBFLIP', 'UC_MNUF', 'SBX_MNUF', 'TPC_MPOLY', 'TPC_NONE', 'TPC_NONE', 'TPC_MPOLY', 'UC_MPOLY', 'SPC_NONE', 'UC_NONE', 'TPC_NONE', 'SPC_NONE', 'SPC_MNUF', 'UC_NONE', 'TPC_NONE', 'TPC_NONE', 'UC_MNUF', 'TPC_NONE', 'SBX_MPOLY', 'TPC_NONE', 'TPC_NONE', 'UC_NONE', 'UC_MNUF', 'SPC_NONE', 'TPC_NONE', 'SPC_NONE', 'SPC_NONE', 'SPC_NONE']","{'UC_MNUF': 3, 'SBX_MNUF': 1, 'TPC_MPOLY': 2, 'TPC_NONE': 9, 'UC_MPOLY': 1, 'SPC_NONE': 6, 'UC_NONE': 3, 'SPC_MNUF': 1, 'SBX_MPOLY': 1}"
6,28,SPC,NONE,0.6832953489830106,0.0337239038201577,471162644.48,323006336.00281453,1751916.96,1443927.5922656087,0.736701495740796,1.2919714847292596e-05,0.0,0.0,GREEDY_HV,"['SPC_MBFLIP', 'UC_MNUF', 'SBX_MNUF', 'TPC_MPOLY', 'TPC_NONE', 'TPC_NONE', 'TPC_MPOLY', 'UC_MPOLY', 'SPC_NONE', 'UC_NONE', 'TPC_NONE', 'SPC_NONE', 'SPC_MNUF', 'UC_NONE', 'TPC_NONE', 'TPC_NONE', 'UC_MNUF', 'TPC_NONE', 'SBX_MPOLY', 'TPC_NONE', 'TPC_NONE', 'UC_NONE', 'UC_MNUF', 'SPC_NONE', 'TPC_NONE', 'SPC_NONE', 'SPC_NONE', 'SPC_NONE', 'SPC_NONE']","{'UC_MNUF': 3, 'SBX_MNUF': 1, 'TPC_MPOLY': 2, 'TPC_NONE': 9, 'UC_MPOLY': 1, 'SPC_NONE': 7, 'UC_NONE': 3, 'SPC_MNUF': 1, 'SBX_MPOLY': 1}"
6,29,TPC,MPOLY,0.6840486938545083,0.033550641309818,487387438.08,339869525.99885905,1815954.08,1523066.8731089104,0.7372106163791359,0.0005091206383398,0.0,0.005,GREEDY_HV,"['SPC_MBFLIP', 'UC_MNUF', 'SBX_MNUF', 'TPC_MPOLY', 'TPC_NONE', 'TPC_NONE', 'TPC_MPOLY', 'UC_MPOLY', 'SPC_NONE', 'UC_NONE', 'TPC_NONE', 'SPC_NONE', 'SPC_MNUF', 'UC_NONE', 'TPC_NONE', 'TPC_NONE', 'UC_MNUF', 'TPC_NONE', 'SBX_MPOLY', 'TPC_NONE', 'TPC_NONE', 'UC_NONE', 'UC_MNUF', 'SPC_NONE', 'TPC_NONE', 'SPC_NONE', 'SPC_NONE', 'SPC_NONE', 'SPC_NONE', 'TPC_MPOLY']","{'UC_MNUF': 3, 'SBX_MNUF': 1, 'TPC_MPOLY': 3, 'TPC_NONE': 9, 'UC_MPOLY': 1, 'SPC_NONE': 7, 'UC_NONE': 3, 'SPC_MNUF': 1, 'SBX_MPOLY': 1}"
6,30,UC,NONE,0.6849425780004695,0.0321922163177569,507403438.08,384271117.1353106,1895739.04,1645606.435929964,0.7372700112460031,5.939486686723505e-05,0.02,0.0,GREEDY_HV,"['SPC_MBFLIP', 'UC_MNUF', 'SBX_MNUF', 'TPC_MPOLY', 'TPC_NONE', 'TPC_NONE', 'TPC_MPOLY', 'UC_MPOLY', 'SPC_NONE', 'UC_NONE', 'TPC_NONE', 'SPC_NONE', 'SPC_MNUF', 'UC_NONE', 'TPC_NONE', 'TPC_NONE', 'UC_MNUF', 'TPC_NONE', 'SBX_MPOLY', 'TPC_NONE', 'TPC_NONE', 'UC_NONE', 'UC_MNUF', 'SPC_NONE', 'TPC_NONE', 'SPC_NONE', 'SPC_NONE', 'SPC_NONE', 'SPC_NONE', 'TPC_MPOLY', 'UC_NONE']","{'UC_MNUF': 3, 'SBX_MNUF': 1, 'TPC_MPOLY': 3, 'TPC_NONE': 9, 'UC_MPOLY': 1, 'SPC_NONE': 7, 'UC_NONE': 4, 'SPC_MNUF': 1, 'SBX_MPOLY': 1}"
6,31,UC,NONE,0.6841427825542239,0.0338336684799696,527031162.88,417916920.628564,1913668.0,1677561.8704603417,0.7379702337424402,0.000700222496437,0.02,0.0,GREEDY_HV,"['SPC_MBFLIP', 'UC_MNUF', 'SBX_MNUF', 'TPC_MPOLY', 'TPC_NONE', 'TPC_NONE', 'TPC_MPOLY', 'UC_MPOLY', 'SPC_NONE', 'UC_NONE', 'TPC_NONE', 'SPC_NONE', 'SPC_MNUF', 'UC_NONE', 'TPC_NONE', 'TPC_NONE', 'UC_MNUF', 'TPC_NONE', 'SBX_MPOLY', 'TPC_NONE', 'TPC_NONE', 'UC_NONE', 'UC_MNUF', 'SPC_NONE', 'TPC_NONE', 'SPC_NONE', 'SPC_NONE', 'SPC_NONE', 'SPC_NONE', 'TPC_MPOLY', 'UC_NONE', 'UC_NONE']","{'UC_MNUF': 3, 'SBX_MNUF': 1, 'TPC_MPOLY': 3, 'TPC_NONE': 9, 'UC_MPOLY': 1, 'SPC_NONE': 7, 'UC_NONE': 5, 'SPC_MNUF': 1, 'SBX_MPOLY': 1}"
6,32,SPC,NONE,0.6832534567157051,0.0349310310292622,564654412.8,464291268.3626909,2016876.96,1825802.3363705163,0.737998456234235,2.8222491794793747e-05,0.0,0.0,GREEDY_HV,"['SPC_MBFLIP', 'UC_MNUF', 'SBX_MNUF', 'TPC_MPOLY', 'TPC_NONE', 'TPC_NONE', 'TPC_MPOLY', 'UC_MPOLY', 'SPC_NONE', 'UC_NONE', 'TPC_NONE', 'SPC_NONE', 'SPC_MNUF', 'UC_NONE', 'TPC_NONE', 'TPC_NONE', 'UC_MNUF', 'TPC_NONE', 'SBX_MPOLY', 'TPC_NONE', 'TPC_NONE', 'UC_NONE', 'UC_MNUF', 'SPC_NONE', 'TPC_NONE', 'SPC_NONE', 'SPC_NONE', 'SPC_NONE', 'SPC_NONE', 'TPC_MPOLY', 'UC_NONE', 'UC_NONE', 'SPC_NONE']","{'UC_MNUF': 3, 'SBX_MNUF': 1, 'TPC_MPOLY': 3, 'TPC_NONE': 9, 'UC_MPOLY': 1, 'SPC_NONE': 8, 'UC_NONE': 5, 'SPC_MNUF': 1, 'SBX_MPOLY': 1}"
6,33,UC,NONE,0.6844014594897704,0.0341797048671661,541843742.72,426380194.1275324,1919920.8,1654974.1415017208,0.7380685502754191,7.00940411840767e-05,0.0,0.0,GREEDY_HV,"['SPC_MBFLIP', 'UC_MNUF', 'SBX_MNUF', 'TPC_MPOLY', 'TPC_NONE', 'TPC_NONE', 'TPC_MPOLY', 'UC_MPOLY', 'SPC_NONE', 'UC_NONE', 'TPC_NONE', 'SPC_NONE', 'SPC_MNUF', 'UC_NONE', 'TPC_NONE', 'TPC_NONE', 'UC_MNUF', 'TPC_NONE', 'SBX_MPOLY', 'TPC_NONE', 'TPC_NONE', 'UC_NONE', 'UC_MNUF', 'SPC_NONE', 'TPC_NONE', 'SPC_NONE', 'SPC_NONE', 'SPC_NONE', 'SPC_NONE', 'TPC_MPOLY', 'UC_NONE', 'UC_NONE', 'SPC_NONE', 'UC_NONE']","{'UC_MNUF': 3, 'SBX_MNUF': 1, 'TPC_MPOLY': 3, 'TPC_NONE': 9, 'UC_MPOLY': 1, 'SPC_NONE': 8, 'UC_NONE': 6, 'SPC_MNUF': 1, 'SBX_MPOLY': 1}"
6,34,UC,NONE,0.6842131552684463,0.0350102652147621,571880094.72,442810609.5475136,2005931.68,1758093.0798850604,0.7380447935856025,-2.375668981657864e-05,0.0,0.0,GREEDY_HV,"['SPC_MBFLIP', 'UC_MNUF', 'SBX_MNUF', 'TPC_MPOLY', 'TPC_NONE', 'TPC_NONE', 'TPC_MPOLY', 'UC_MPOLY', 'SPC_NONE', 'UC_NONE', 'TPC_NONE', 'SPC_NONE', 'SPC_MNUF', 'UC_NONE', 'TPC_NONE', 'TPC_NONE', 'UC_MNUF', 'TPC_NONE', 'SBX_MPOLY', 'TPC_NONE', 'TPC_NONE', 'UC_NONE', 'UC_MNUF', 'SPC_NONE', 'TPC_NONE', 'SPC_NONE', 'SPC_NONE', 'SPC_NONE', 'SPC_NONE', 'TPC_MPOLY', 'UC_NONE', 'UC_NONE', 'SPC_NONE', 'UC_NONE', 'UC_NONE']","{'UC_MNUF': 3, 'SBX_MNUF': 1, 'TPC_MPOLY': 3, 'TPC_NONE': 9, 'UC_MPOLY': 1, 'SPC_NONE': 8, 'UC_NONE': 7, 'SPC_MNUF': 1, 'SBX_MPOLY': 1}"
6,35,UC,NONE,0.6834325993049081,0.0348674889568538,555625308.16,438016380.26952064,1976834.72,1791162.4913420563,0.7380587925801024,1.3998994499941908e-05,0.0,0.0,GREEDY_HV,"['SPC_MBFLIP', 'UC_MNUF', 'SBX_MNUF', 'TPC_MPOLY', 'TPC_NONE', 'TPC_NONE', 'TPC_MPOLY', 'UC_MPOLY', 'SPC_NONE', 'UC_NONE', 'TPC_NONE', 'SPC_NONE', 'SPC_MNUF', 'UC_NONE', 'TPC_NONE', 'TPC_NONE', 'UC_MNUF', 'TPC_NONE', 'SBX_MPOLY', 'TPC_NONE', 'TPC_NONE', 'UC_NONE', 'UC_MNUF', 'SPC_NONE', 'TPC_NONE', 'SPC_NONE', 'SPC_NONE', 'SPC_NONE', 'SPC_NONE', 'TPC_MPOLY', 'UC_NONE', 'UC_NONE', 'SPC_NONE', 'UC_NONE', 'UC_NONE', 'UC_NONE']","{'UC_MNUF': 3, 'SBX_MNUF': 1, 'TPC_MPOLY': 3, 'TPC_NONE': 9, 'UC_MPOLY': 1, 'SPC_NONE': 8, 'UC_NONE': 8, 'SPC_MNUF': 1, 'SBX_MPOLY': 1}"
6,36,SPC,NONE,0.6845454889300358,0.0352093978780469,599832258.56,451390625.505152,2078153.12,1853275.0606207235,0.7380688071211265,1.001454102411703e-05,0.0,0.0,GREEDY_HV,"['SPC_MBFLIP', 'UC_MNUF', 'SBX_MNUF', 'TPC_MPOLY', 'TPC_NONE', 'TPC_NONE', 'TPC_MPOLY', 'UC_MPOLY', 'SPC_NONE', 'UC_NONE', 'TPC_NONE', 'SPC_NONE', 'SPC_MNUF', 'UC_NONE', 'TPC_NONE', 'TPC_NONE', 'UC_MNUF', 'TPC_NONE', 'SBX_MPOLY', 'TPC_NONE', 'TPC_NONE', 'UC_NONE', 'UC_MNUF', 'SPC_NONE', 'TPC_NONE', 'SPC_NONE', 'SPC_NONE', 'SPC_NONE', 'SPC_NONE', 'TPC_MPOLY', 'UC_NONE', 'UC_NONE', 'SPC_NONE', 'UC_NONE', 'UC_NONE', 'UC_NONE', 'SPC_NONE']","{'UC_MNUF': 3, 'SBX_MNUF': 1, 'TPC_MPOLY': 3, 'TPC_NONE': 9, 'UC_MPOLY': 1, 'SPC_NONE': 9, 'UC_NONE': 8, 'SPC_MNUF': 1, 'SBX_MPOLY': 1}"
6,37,TPC,MPOLY,0.6815958174312218,0.037330694124957,547761012.48,400513857.4487948,1891182.24,1722061.2438536626,0.7388300112353238,0.0007612041141972,0.0,0.005,GREEDY_HV,"['SPC_MBFLIP', 'UC_MNUF', 'SBX_MNUF', 'TPC_MPOLY', 'TPC_NONE', 'TPC_NONE', 'TPC_MPOLY', 'UC_MPOLY', 'SPC_NONE', 'UC_NONE', 'TPC_NONE', 'SPC_NONE', 'SPC_MNUF', 'UC_NONE', 'TPC_NONE', 'TPC_NONE', 'UC_MNUF', 'TPC_NONE', 'SBX_MPOLY', 'TPC_NONE', 'TPC_NONE', 'UC_NONE', 'UC_MNUF', 'SPC_NONE', 'TPC_NONE', 'SPC_NONE', 'SPC_NONE', 'SPC_NONE', 'SPC_NONE', 'TPC_MPOLY', 'UC_NONE', 'UC_NONE', 'SPC_NONE', 'UC_NONE', 'UC_NONE', 'UC_NONE', 'SPC_NONE', 'TPC_MPOLY']","{'UC_MNUF': 3, 'SBX_MNUF': 1, 'TPC_MPOLY': 4, 'TPC_NONE': 9, 'UC_MPOLY': 1, 'SPC_NONE': 9, 'UC_NONE': 8, 'SPC_MNUF': 1, 'SBX_MPOLY': 1}"
6,38,TPC,NONE,0.6855360120710288,0.0372893490849384,580957923.84,397204103.63957775,2063358.88,1678579.0096475848,0.7388888048652092,5.879362988547854e-05,0.0,0.0,GREEDY_HV,"['SPC_MBFLIP', 'UC_MNUF', 'SBX_MNUF', 'TPC_MPOLY', 'TPC_NONE', 'TPC_NONE', 'TPC_MPOLY', 'UC_MPOLY', 'SPC_NONE', 'UC_NONE', 'TPC_NONE', 'SPC_NONE', 'SPC_MNUF', 'UC_NONE', 'TPC_NONE', 'TPC_NONE', 'UC_MNUF', 'TPC_NONE', 'SBX_MPOLY', 'TPC_NONE', 'TPC_NONE', 'UC_NONE', 'UC_MNUF', 'SPC_NONE', 'TPC_NONE', 'SPC_NONE', 'SPC_NONE', 'SPC_NONE', 'SPC_NONE', 'TPC_MPOLY', 'UC_NONE', 'UC_NONE', 'SPC_NONE', 'UC_NONE', 'UC_NONE', 'UC_NONE', 'SPC_NONE', 'TPC_MPOLY', 'TPC_NONE']","{'UC_MNUF': 3, 'SBX_MNUF': 1, 'TPC_MPOLY': 4, 'TPC_NONE': 10, 'UC_MPOLY': 1, 'SPC_NONE': 9, 'UC_NONE': 8, 'SPC_MNUF': 1, 'SBX_MPOLY': 1}"
6,39,SPC,NONE,0.6861495745785656,0.0372760439073184,577007700.48,380791368.90236527,2073596.32,1653205.1359641177,0.7388825695406853,-6.235324523928831e-06,0.02,0.0,GREEDY_HV,"['SPC_MBFLIP', 'UC_MNUF', 'SBX_MNUF', 'TPC_MPOLY', 'TPC_NONE', 'TPC_NONE', 'TPC_MPOLY', 'UC_MPOLY', 'SPC_NONE', 'UC_NONE', 'TPC_NONE', 'SPC_NONE', 'SPC_MNUF', 'UC_NONE', 'TPC_NONE', 'TPC_NONE', 'UC_MNUF', 'TPC_NONE', 'SBX_MPOLY', 'TPC_NONE', 'TPC_NONE', 'UC_NONE', 'UC_MNUF', 'SPC_NONE', 'TPC_NONE', 'SPC_NONE', 'SPC_NONE', 'SPC_NONE', 'SPC_NONE', 'TPC_MPOLY', 'UC_NONE', 'UC_NONE', 'SPC_NONE', 'UC_NONE', 'UC_NONE', 'UC_NONE', 'SPC_NONE', 'TPC_MPOLY', 'TPC_NONE', 'SPC_NONE']","{'UC_MNUF': 3, 'SBX_MNUF': 1, 'TPC_MPOLY': 4, 'TPC_NONE': 10, 'UC_MPOLY': 1, 'SPC_NONE': 10, 'UC_NONE': 8, 'SPC_MNUF': 1, 'SBX_MPOLY': 1}"
6,40,SPC,NONE,0.6850136657156659,0.0369302268500315,551044344.32,390906811.41212416,2099448.48,1709260.0334740677,0.7388951191693826,1.254962869723375e-05,0.0,0.0,GREEDY_HV,"['SPC_MBFLIP', 'UC_MNUF', 'SBX_MNUF', 'TPC_MPOLY', 'TPC_NONE', 'TPC_NONE', 'TPC_MPOLY', 'UC_MPOLY', 'SPC_NONE', 'UC_NONE', 'TPC_NONE', 'SPC_NONE', 'SPC_MNUF', 'UC_NONE', 'TPC_NONE', 'TPC_NONE', 'UC_MNUF', 'TPC_NONE', 'SBX_MPOLY', 'TPC_NONE', 'TPC_NONE', 'UC_NONE', 'UC_MNUF', 'SPC_NONE', 'TPC_NONE', 'SPC_NONE', 'SPC_NONE', 'SPC_NONE', 'SPC_NONE', 'TPC_MPOLY', 'UC_NONE', 'UC_NONE', 'SPC_NONE', 'UC_NONE', 'UC_NONE', 'UC_NONE', 'SPC_NONE', 'TPC_MPOLY', 'TPC_NONE', 'SPC_NONE', 'SPC_NONE']","{'UC_MNUF': 3, 'SBX_MNUF': 1, 'TPC_MPOLY': 4, 'TPC_NONE': 10, 'UC_MPOLY': 1, 'SPC_NONE': 11, 'UC_NONE': 8, 'SPC_MNUF': 1, 'SBX_MPOLY': 1}"
6,41,UC,NONE,0.6859850555146058,0.0359083966350206,534130759.68,356560431.0104154,2009789.6,1551888.042886394,0.7388597129660411,-3.5406203341414866e-05,0.0,0.0,GREEDY_HV,"['SPC_MBFLIP', 'UC_MNUF', 'SBX_MNUF', 'TPC_MPOLY', 'TPC_NONE', 'TPC_NONE', 'TPC_MPOLY', 'UC_MPOLY', 'SPC_NONE', 'UC_NONE', 'TPC_NONE', 'SPC_NONE', 'SPC_MNUF', 'UC_NONE', 'TPC_NONE', 'TPC_NONE', 'UC_MNUF', 'TPC_NONE', 'SBX_MPOLY', 'TPC_NONE', 'TPC_NONE', 'UC_NONE', 'UC_MNUF', 'SPC_NONE', 'TPC_NONE', 'SPC_NONE', 'SPC_NONE', 'SPC_NONE', 'SPC_NONE', 'TPC_MPOLY', 'UC_NONE', 'UC_NONE', 'SPC_NONE', 'UC_NONE', 'UC_NONE', 'UC_NONE', 'SPC_NONE', 'TPC_MPOLY', 'TPC_NONE', 'SPC_NONE', 'SPC_NONE', 'UC_NONE']","{'UC_MNUF': 3, 'SBX_MNUF': 1, 'TPC_MPOLY': 4, 'TPC_NONE': 10, 'UC_MPOLY': 1, 'SPC_NONE': 11, 'UC_NONE': 9, 'SPC_MNUF': 1, 'SBX_MPOLY': 1}"
6,42,UC,NONE,0.6838033499537842,0.0365610270589908,511629130.24,353714382.9778265,1922548.64,1587595.9409789098,0.7389082020949069,4.848912886579182e-05,0.0,0.0,GREEDY_HV,"['SPC_MBFLIP', 'UC_MNUF', 'SBX_MNUF', 'TPC_MPOLY', 'TPC_NONE', 'TPC_NONE', 'TPC_MPOLY', 'UC_MPOLY', 'SPC_NONE', 'UC_NONE', 'TPC_NONE', 'SPC_NONE', 'SPC_MNUF', 'UC_NONE', 'TPC_NONE', 'TPC_NONE', 'UC_MNUF', 'TPC_NONE', 'SBX_MPOLY', 'TPC_NONE', 'TPC_NONE', 'UC_NONE', 'UC_MNUF', 'SPC_NONE', 'TPC_NONE', 'SPC_NONE', 'SPC_NONE', 'SPC_NONE', 'SPC_NONE', 'TPC_MPOLY', 'UC_NONE', 'UC_NONE', 'SPC_NONE', 'UC_NONE', 'UC_NONE', 'UC_NONE', 'SPC_NONE', 'TPC_MPOLY', 'TPC_NONE', 'SPC_NONE', 'SPC_NONE', 'UC_NONE', 'UC_NONE']","{'UC_MNUF': 3, 'SBX_MNUF': 1, 'TPC_MPOLY': 4, 'TPC_NONE': 10, 'UC_MPOLY': 1, 'SPC_NONE': 11, 'UC_NONE': 10, 'SPC_MNUF': 1, 'SBX_MPOLY': 1}"
6,43,SPC,NONE,0.6825855877592241,0.0362062263531347,481188247.04,342684356.1188908,1855572.64,1508687.4845137908,0.7389473901822364,3.91880873295003e-05,0.0,0.0,GREEDY_HV,"['SPC_MBFLIP', 'UC_MNUF', 'SBX_MNUF', 'TPC_MPOLY', 'TPC_NONE', 'TPC_NONE', 'TPC_MPOLY', 'UC_MPOLY', 'SPC_NONE', 'UC_NONE', 'TPC_NONE', 'SPC_NONE', 'SPC_MNUF', 'UC_NONE', 'TPC_NONE', 'TPC_NONE', 'UC_MNUF', 'TPC_NONE', 'SBX_MPOLY', 'TPC_NONE', 'TPC_NONE', 'UC_NONE', 'UC_MNUF', 'SPC_NONE', 'TPC_NONE', 'SPC_NONE', 'SPC_NONE', 'SPC_NONE', 'SPC_NONE', 'TPC_MPOLY', 'UC_NONE', 'UC_NONE', 'SPC_NONE', 'UC_NONE', 'UC_NONE', 'UC_NONE', 'SPC_NONE', 'TPC_MPOLY', 'TPC_NONE', 'SPC_NONE', 'SPC_NONE', 'UC_NONE', 'UC_NONE', 'SPC_NONE']","{'UC_MNUF': 3, 'SBX_MNUF': 1, 'TPC_MPOLY': 4, 'TPC_NONE': 10, 'UC_MPOLY': 1, 'SPC_NONE': 12, 'UC_NONE': 10, 'SPC_MNUF': 1, 'SBX_MPOLY': 1}"
6,44,UC,NONE,0.6842015549304241,0.0366134218030383,503876295.68,341899807.5136103,1936724.64,1506316.8468009608,0.7389802615951286,3.2871412892210294e-05,0.0,0.0,GREEDY_HV,"['SPC_MBFLIP', 'UC_MNUF', 'SBX_MNUF', 'TPC_MPOLY', 'TPC_NONE', 'TPC_NONE', 'TPC_MPOLY', 'UC_MPOLY', 'SPC_NONE', 'UC_NONE', 'TPC_NONE', 'SPC_NONE', 'SPC_MNUF', 'UC_NONE', 'TPC_NONE', 'TPC_NONE', 'UC_MNUF', 'TPC_NONE', 'SBX_MPOLY', 'TPC_NONE', 'TPC_NONE', 'UC_NONE', 'UC_MNUF', 'SPC_NONE', 'TPC_NONE', 'SPC_NONE', 'SPC_NONE', 'SPC_NONE', 'SPC_NONE', 'TPC_MPOLY', 'UC_NONE', 'UC_NONE', 'SPC_NONE', 'UC_NONE', 'UC_NONE', 'UC_NONE', 'SPC_NONE', 'TPC_MPOLY', 'TPC_NONE', 'SPC_NONE', 'SPC_NONE', 'UC_NONE', 'UC_NONE', 'SPC_NONE', 'UC_NONE']","{'UC_MNUF': 3, 'SBX_MNUF': 1, 'TPC_MPOLY': 4, 'TPC_NONE': 10, 'UC_MPOLY': 1, 'SPC_NONE': 12, 'UC_NONE': 11, 'SPC_MNUF': 1, 'SBX_MPOLY': 1}"
6,45,TPC,NONE,0.6860052481578934,0.0359455074478116,518567959.04,344296425.6011677,1955246.24,1510404.5661956742,0.7389291572174252,-5.11043777033926e-05,0.0,0.0,GREEDY_HV,"['SPC_MBFLIP', 'UC_MNUF', 'SBX_MNUF', 'TPC_MPOLY', 'TPC_NONE', 'TPC_NONE', 'TPC_MPOLY', 'UC_MPOLY', 'SPC_NONE', 'UC_NONE', 'TPC_NONE', 'SPC_NONE', 'SPC_MNUF', 'UC_NONE', 'TPC_NONE', 'TPC_NONE', 'UC_MNUF', 'TPC_NONE', 'SBX_MPOLY', 'TPC_NONE', 'TPC_NONE', 'UC_NONE', 'UC_MNUF', 'SPC_NONE', 'TPC_NONE', 'SPC_NONE', 'SPC_NONE', 'SPC_NONE', 'SPC_NONE', 'TPC_MPOLY', 'UC_NONE', 'UC_NONE', 'SPC_NONE', 'UC_NONE', 'UC_NONE', 'UC_NONE', 'SPC_NONE', 'TPC_MPOLY', 'TPC_NONE', 'SPC_NONE', 'SPC_NONE', 'UC_NONE', 'UC_NONE', 'SPC_NONE', 'UC_NONE', 'TPC_NONE']","{'UC_MNUF': 3, 'SBX_MNUF': 1, 'TPC_MPOLY': 4, 'TPC_NONE': 11, 'UC_MPOLY': 1, 'SPC_NONE': 12, 'UC_NONE': 11, 'SPC_MNUF': 1, 'SBX_MPOLY': 1}"
6,46,TPC,NONE,0.6855852428911138,0.0362816414831556,521355927.04,347556835.9626468,1964847.52,1524882.7508795585,0.7389608911756492,3.17339582239784e-05,0.0,0.0,GREEDY_HV,"['SPC_MBFLIP', 'UC_MNUF', 'SBX_MNUF', 'TPC_MPOLY', 'TPC_NONE', 'TPC_NONE', 'TPC_MPOLY', 'UC_MPOLY', 'SPC_NONE', 'UC_NONE', 'TPC_NONE', 'SPC_NONE', 'SPC_MNUF', 'UC_NONE', 'TPC_NONE', 'TPC_NONE', 'UC_MNUF', 'TPC_NONE', 'SBX_MPOLY', 'TPC_NONE', 'TPC_NONE', 'UC_NONE', 'UC_MNUF', 'SPC_NONE', 'TPC_NONE', 'SPC_NONE', 'SPC_NONE', 'SPC_NONE', 'SPC_NONE', 'TPC_MPOLY', 'UC_NONE', 'UC_NONE', 'SPC_NONE', 'UC_NONE', 'UC_NONE', 'UC_NONE', 'SPC_NONE', 'TPC_MPOLY', 'TPC_NONE', 'SPC_NONE', 'SPC_NONE', 'UC_NONE', 'UC_NONE', 'SPC_NONE', 'UC_NONE', 'TPC_NONE', 'TPC_NONE']","{'UC_MNUF': 3, 'SBX_MNUF': 1, 'TPC_MPOLY': 4, 'TPC_NONE': 12, 'UC_MPOLY': 1, 'SPC_NONE': 12, 'UC_NONE': 11, 'SPC_MNUF': 1, 'SBX_MPOLY': 1}"
6,47,TPC,NONE,0.6862476164592379,0.0360540324135267,523625423.36,353556672.59461075,1969844.64,1495841.6419183118,0.738950794226716,-1.009694893328028e-05,0.0,0.0,GREEDY_HV,"['SPC_MBFLIP', 'UC_MNUF', 'SBX_MNUF', 'TPC_MPOLY', 'TPC_NONE', 'TPC_NONE', 'TPC_MPOLY', 'UC_MPOLY', 'SPC_NONE', 'UC_NONE', 'TPC_NONE', 'SPC_NONE', 'SPC_MNUF', 'UC_NONE', 'TPC_NONE', 'TPC_NONE', 'UC_MNUF', 'TPC_NONE', 'SBX_MPOLY', 'TPC_NONE', 'TPC_NONE', 'UC_NONE', 'UC_MNUF', 'SPC_NONE', 'TPC_NONE', 'SPC_NONE', 'SPC_NONE', 'SPC_NONE', 'SPC_NONE', 'TPC_MPOLY', 'UC_NONE', 'UC_NONE', 'SPC_NONE', 'UC_NONE', 'UC_NONE', 'UC_NONE', 'SPC_NONE', 'TPC_MPOLY', 'TPC_NONE', 'SPC_NONE', 'SPC_NONE', 'UC_NONE', 'UC_NONE', 'SPC_NONE', 'UC_NONE', 'TPC_NONE', 'TPC_NONE', 'TPC_NONE']","{'UC_MNUF': 3, 'SBX_MNUF': 1, 'TPC_MPOLY': 4, 'TPC_NONE': 13, 'UC_MPOLY': 1, 'SPC_NONE': 12, 'UC_NONE': 11, 'SPC_MNUF': 1, 'SBX_MPOLY': 1}"
6,48,UC,NONE,0.6860150151018304,0.0361943288762248,541139494.4,359197646.6333454,1952037.28,1503844.4848681802,0.7390047110636786,5.391683696265304e-05,0.0,0.0,GREEDY_HV,"['SPC_MBFLIP', 'UC_MNUF', 'SBX_MNUF', 'TPC_MPOLY', 'TPC_NONE', 'TPC_NONE', 'TPC_MPOLY', 'UC_MPOLY', 'SPC_NONE', 'UC_NONE', 'TPC_NONE', 'SPC_NONE', 'SPC_MNUF', 'UC_NONE', 'TPC_NONE', 'TPC_NONE', 'UC_MNUF', 'TPC_NONE', 'SBX_MPOLY', 'TPC_NONE', 'TPC_NONE', 'UC_NONE', 'UC_MNUF', 'SPC_NONE', 'TPC_NONE', 'SPC_NONE', 'SPC_NONE', 'SPC_NONE', 'SPC_NONE', 'TPC_MPOLY', 'UC_NONE', 'UC_NONE', 'SPC_NONE', 'UC_NONE', 'UC_NONE', 'UC_NONE', 'SPC_NONE', 'TPC_MPOLY', 'TPC_NONE', 'SPC_NONE', 'SPC_NONE', 'UC_NONE', 'UC_NONE', 'SPC_NONE', 'UC_NONE', 'TPC_NONE', 'TPC_NONE', 'TPC_NONE', 'UC_NONE']","{'UC_MNUF': 3, 'SBX_MNUF': 1, 'TPC_MPOLY': 4, 'TPC_NONE': 13, 'UC_MPOLY': 1, 'SPC_NONE': 12, 'UC_NONE': 12, 'SPC_MNUF': 1, 'SBX_MPOLY': 1}"
6,49,UC,MPOLY,0.6859133432933724,0.0347507714151491,525601351.68,358068390.5066892,1865440.16,1411577.77379316,0.7390025173076089,-2.1937560696905223e-06,0.0,0.0,GREEDY_HV,"['SPC_MBFLIP', 'UC_MNUF', 'SBX_MNUF', 'TPC_MPOLY', 'TPC_NONE', 'TPC_NONE', 'TPC_MPOLY', 'UC_MPOLY', 'SPC_NONE', 'UC_NONE', 'TPC_NONE', 'SPC_NONE', 'SPC_MNUF', 'UC_NONE', 'TPC_NONE', 'TPC_NONE', 'UC_MNUF', 'TPC_NONE', 'SBX_MPOLY', 'TPC_NONE', 'TPC_NONE', 'UC_NONE', 'UC_MNUF', 'SPC_NONE', 'TPC_NONE', 'SPC_NONE', 'SPC_NONE', 'SPC_NONE', 'SPC_NONE', 'TPC_MPOLY', 'UC_NONE', 'UC_NONE', 'SPC_NONE', 'UC_NONE', 'UC_NONE', 'UC_NONE', 'SPC_NONE', 'TPC_MPOLY', 'TPC_NONE', 'SPC_NONE', 'SPC_NONE', 'UC_NONE', 'UC_NONE', 'SPC_NONE', 'UC_NONE', 'TPC_NONE', 'TPC_NONE', 'TPC_NONE', 'UC_NONE', 'UC_MPOLY']","{'UC_MNUF': 3, 'SBX_MNUF': 1, 'TPC_MPOLY': 4, 'TPC_NONE': 13, 'UC_MPOLY': 2, 'SPC_NONE': 12, 'UC_NONE': 12, 'SPC_MNUF': 1, 'SBX_MPOLY': 1}"
6,50,TPC,NONE,0.6859875881591555,0.0356104891292567,552267118.08,371305444.7637111,1892475.04,1443958.6523592838,0.7390669430664414,6.442575883247592e-05,0.0,0.0,GREEDY_HV,"['SPC_MBFLIP', 'UC_MNUF', 'SBX_MNUF', 'TPC_MPOLY', 'TPC_NONE', 'TPC_NONE', 'TPC_MPOLY', 'UC_MPOLY', 'SPC_NONE', 'UC_NONE', 'TPC_NONE', 'SPC_NONE', 'SPC_MNUF', 'UC_NONE', 'TPC_NONE', 'TPC_NONE', 'UC_MNUF', 'TPC_NONE', 'SBX_MPOLY', 'TPC_NONE', 'TPC_NONE', 'UC_NONE', 'UC_MNUF', 'SPC_NONE', 'TPC_NONE', 'SPC_NONE', 'SPC_NONE', 'SPC_NONE', 'SPC_NONE', 'TPC_MPOLY', 'UC_NONE', 'UC_NONE', 'SPC_NONE', 'UC_NONE', 'UC_NONE', 'UC_NONE', 'SPC_NONE', 'TPC_MPOLY', 'TPC_NONE', 'SPC_NONE', 'SPC_NONE', 'UC_NONE', 'UC_NONE', 'SPC_NONE', 'UC_NONE', 'TPC_NONE', 'TPC_NONE', 'TPC_NONE', 'UC_NONE', 'UC_MPOLY', 'TPC_NONE']","{'UC_MNUF': 3, 'SBX_MNUF': 1, 'TPC_MPOLY': 4, 'TPC_NONE': 14, 'UC_MPOLY': 2, 'SPC_NONE': 12, 'UC_NONE': 12, 'SPC_MNUF': 1, 'SBX_MPOLY': 1}"
6,51,TPC,NONE,0.6850081147249544,0.0353825709584732,551304783.36,378884348.47458553,1790428.32,1433331.3044561537,0.7390261993993084,-4.074366713302524e-05,0.0,0.0,GREEDY_HV,"['SPC_MBFLIP', 'UC_MNUF', 'SBX_MNUF', 'TPC_MPOLY', 'TPC_NONE', 'TPC_NONE', 'TPC_MPOLY', 'UC_MPOLY', 'SPC_NONE', 'UC_NONE', 'TPC_NONE', 'SPC_NONE', 'SPC_MNUF', 'UC_NONE', 'TPC_NONE', 'TPC_NONE', 'UC_MNUF', 'TPC_NONE', 'SBX_MPOLY', 'TPC_NONE', 'TPC_NONE', 'UC_NONE', 'UC_MNUF', 'SPC_NONE', 'TPC_NONE', 'SPC_NONE', 'SPC_NONE', 'SPC_NONE', 'SPC_NONE', 'TPC_MPOLY', 'UC_NONE', 'UC_NONE', 'SPC_NONE', 'UC_NONE', 'UC_NONE', 'UC_NONE', 'SPC_NONE', 'TPC_MPOLY', 'TPC_NONE', 'SPC_NONE', 'SPC_NONE', 'UC_NONE', 'UC_NONE', 'SPC_NONE', 'UC_NONE', 'TPC_NONE', 'TPC_NONE', 'TPC_NONE', 'UC_NONE', 'UC_MPOLY', 'TPC_NONE', 'TPC_NONE']","{'UC_MNUF': 3, 'SBX_MNUF': 1, 'TPC_MPOLY': 4, 'TPC_NONE': 15, 'UC_MPOLY': 2, 'SPC_NONE': 12, 'UC_NONE': 12, 'SPC_MNUF': 1, 'SBX_MPOLY': 1}"
6,52,TPC,NONE,0.6852850373001134,0.0350499108386555,549271805.44,384750206.5111554,1795780.0,1420334.719390215,0.7390721317605483,4.5932361239953146e-05,0.0,0.0,GREEDY_HV,"['SPC_MBFLIP', 'UC_MNUF', 'SBX_MNUF', 'TPC_MPOLY', 'TPC_NONE', 'TPC_NONE', 'TPC_MPOLY', 'UC_MPOLY', 'SPC_NONE', 'UC_NONE', 'TPC_NONE', 'SPC_NONE', 'SPC_MNUF', 'UC_NONE', 'TPC_NONE', 'TPC_NONE', 'UC_MNUF', 'TPC_NONE', 'SBX_MPOLY', 'TPC_NONE', 'TPC_NONE', 'UC_NONE', 'UC_MNUF', 'SPC_NONE', 'TPC_NONE', 'SPC_NONE', 'SPC_NONE', 'SPC_NONE', 'SPC_NONE', 'TPC_MPOLY', 'UC_NONE', 'UC_NONE', 'SPC_NONE', 'UC_NONE', 'UC_NONE', 'UC_NONE', 'SPC_NONE', 'TPC_MPOLY', 'TPC_NONE', 'SPC_NONE', 'SPC_NONE', 'UC_NONE', 'UC_NONE', 'SPC_NONE', 'UC_NONE', 'TPC_NONE', 'TPC_NONE', 'TPC_NONE', 'UC_NONE', 'UC_MPOLY', 'TPC_NONE', 'TPC_NONE', 'TPC_NONE']","{'UC_MNUF': 3, 'SBX_MNUF': 1, 'TPC_MPOLY': 4, 'TPC_NONE': 16, 'UC_MPOLY': 2, 'SPC_NONE': 12, 'UC_NONE': 12, 'SPC_MNUF': 1, 'SBX_MPOLY': 1}"
6,53,UC,NONE,0.6841827881604193,0.0355082709878556,564578915.84,399674741.01687145,1770764.96,1422116.5627564709,0.7390637903066413,-8.341453907045882e-06,0.01,0.0,GREEDY_HV,"['SPC_MBFLIP', 'UC_MNUF', 'SBX_MNUF', 'TPC_MPOLY', 'TPC_NONE', 'TPC_NONE', 'TPC_MPOLY', 'UC_MPOLY', 'SPC_NONE', 'UC_NONE', 'TPC_NONE', 'SPC_NONE', 'SPC_MNUF', 'UC_NONE', 'TPC_NONE', 'TPC_NONE', 'UC_MNUF', 'TPC_NONE', 'SBX_MPOLY', 'TPC_NONE', 'TPC_NONE', 'UC_NONE', 'UC_MNUF', 'SPC_NONE', 'TPC_NONE', 'SPC_NONE', 'SPC_NONE', 'SPC_NONE', 'SPC_NONE', 'TPC_MPOLY', 'UC_NONE', 'UC_NONE', 'SPC_NONE', 'UC_NONE', 'UC_NONE', 'UC_NONE', 'SPC_NONE', 'TPC_MPOLY', 'TPC_NONE', 'SPC_NONE', 'SPC_NONE', 'UC_NONE', 'UC_NONE', 'SPC_NONE', 'UC_NONE', 'TPC_NONE', 'TPC_NONE', 'TPC_NONE', 'UC_NONE', 'UC_MPOLY', 'TPC_NONE', 'TPC_NONE', 'TPC_NONE', 'UC_NONE']","{'UC_MNUF': 3, 'SBX_MNUF': 1, 'TPC_MPOLY': 4, 'TPC_NONE': 16, 'UC_MPOLY': 2, 'SPC_NONE': 12, 'UC_NONE': 13, 'SPC_MNUF': 1, 'SBX_MPOLY': 1}"
6,54,TPC,NONE,0.683981284503699,0.0358639251524712,580383736.32,405662500.7310106,1783581.6,1441018.67628791,0.7390570963835777,-6.693923063516571e-06,0.01,0.0,GREEDY_HV,"['SPC_MBFLIP', 'UC_MNUF', 'SBX_MNUF', 'TPC_MPOLY', 'TPC_NONE', 'TPC_NONE', 'TPC_MPOLY', 'UC_MPOLY', 'SPC_NONE', 'UC_NONE', 'TPC_NONE', 'SPC_NONE', 'SPC_MNUF', 'UC_NONE', 'TPC_NONE', 'TPC_NONE', 'UC_MNUF', 'TPC_NONE', 'SBX_MPOLY', 'TPC_NONE', 'TPC_NONE', 'UC_NONE', 'UC_MNUF', 'SPC_NONE', 'TPC_NONE', 'SPC_NONE', 'SPC_NONE', 'SPC_NONE', 'SPC_NONE', 'TPC_MPOLY', 'UC_NONE', 'UC_NONE', 'SPC_NONE', 'UC_NONE', 'UC_NONE', 'UC_NONE', 'SPC_NONE', 'TPC_MPOLY', 'TPC_NONE', 'SPC_NONE', 'SPC_NONE', 'UC_NONE', 'UC_NONE', 'SPC_NONE', 'UC_NONE', 'TPC_NONE', 'TPC_NONE', 'TPC_NONE', 'UC_NONE', 'UC_MPOLY', 'TPC_NONE', 'TPC_NONE', 'TPC_NONE', 'UC_NONE', 'TPC_NONE']","{'UC_MNUF': 3, 'SBX_MNUF': 1, 'TPC_MPOLY': 4, 'TPC_NONE': 17, 'UC_MPOLY': 2, 'SPC_NONE': 12, 'UC_NONE': 13, 'SPC_MNUF': 1, 'SBX_MPOLY': 1}"
6,55,SPC,NONE,0.6845427926810295,0.0355165305616909,572085824.0,406198956.4388676,1820372.64,1415879.573205656,0.7390450580502872,-1.2038333290553815e-05,0.0,0.0,GREEDY_HV,"['SPC_MBFLIP', 'UC_MNUF', 'SBX_MNUF', 'TPC_MPOLY', 'TPC_NONE', 'TPC_NONE', 'TPC_MPOLY', 'UC_MPOLY', 'SPC_NONE', 'UC_NONE', 'TPC_NONE', 'SPC_NONE', 'SPC_MNUF', 'UC_NONE', 'TPC_NONE', 'TPC_NONE', 'UC_MNUF', 'TPC_NONE', 'SBX_MPOLY', 'TPC_NONE', 'TPC_NONE', 'UC_NONE', 'UC_MNUF', 'SPC_NONE', 'TPC_NONE', 'SPC_NONE', 'SPC_NONE', 'SPC_NONE', 'SPC_NONE', 'TPC_MPOLY', 'UC_NONE', 'UC_NONE', 'SPC_NONE', 'UC_NONE', 'UC_NONE', 'UC_NONE', 'SPC_NONE', 'TPC_MPOLY', 'TPC_NONE', 'SPC_NONE', 'SPC_NONE', 'UC_NONE', 'UC_NONE', 'SPC_NONE', 'UC_NONE', 'TPC_NONE', 'TPC_NONE', 'TPC_NONE', 'UC_NONE', 'UC_MPOLY', 'TPC_NONE', 'TPC_NONE', 'TPC_NONE', 'UC_NONE', 'TPC_NONE', 'SPC_NONE']","{'UC_MNUF': 3, 'SBX_MNUF': 1, 'TPC_MPOLY': 4, 'TPC_NONE': 17, 'UC_MPOLY': 2, 'SPC_NONE': 13, 'UC_NONE': 13, 'SPC_MNUF': 1, 'SBX_MPOLY': 1}"
6,56,TPC,NONE,0.6854498610067526,0.0357427837614872,585808663.04,414153380.91828406,1878188.96,1429983.6943295398,0.7390489744676234,3.91641733621384e-06,0.0,0.0,GREEDY_HV,"['SPC_MBFLIP', 'UC_MNUF', 'SBX_MNUF', 'TPC_MPOLY', 'TPC_NONE', 'TPC_NONE', 'TPC_MPOLY', 'UC_MPOLY', 'SPC_NONE', 'UC_NONE', 'TPC_NONE', 'SPC_NONE', 'SPC_MNUF', 'UC_NONE', 'TPC_NONE', 'TPC_NONE', 'UC_MNUF', 'TPC_NONE', 'SBX_MPOLY', 'TPC_NONE', 'TPC_NONE', 'UC_NONE', 'UC_MNUF', 'SPC_NONE', 'TPC_NONE', 'SPC_NONE', 'SPC_NONE', 'SPC_NONE', 'SPC_NONE', 'TPC_MPOLY', 'UC_NONE', 'UC_NONE', 'SPC_NONE', 'UC_NONE', 'UC_NONE', 'UC_NONE', 'SPC_NONE', 'TPC_MPOLY', 'TPC_NONE', 'SPC_NONE', 'SPC_NONE', 'UC_NONE', 'UC_NONE', 'SPC_NONE', 'UC_NONE', 'TPC_NONE', 'TPC_NONE', 'TPC_NONE', 'UC_NONE', 'UC_MPOLY', 'TPC_NONE', 'TPC_NONE', 'TPC_NONE', 'UC_NONE', 'TPC_NONE', 'SPC_NONE', 'TPC_NONE']","{'UC_MNUF': 3, 'SBX_MNUF': 1, 'TPC_MPOLY': 4, 'TPC_NONE': 18, 'UC_MPOLY': 2, 'SPC_NONE': 13, 'UC_NONE': 13, 'SPC_MNUF': 1, 'SBX_MPOLY': 1}"
6,57,SPC,NONE,0.6866256176091252,0.0354453674760937,595870993.92,410326951.9052578,1909856.16,1403782.0696232785,0.7390582076524378,9.2331848143834e-06,0.0,0.0,GREEDY_HV,"['SPC_MBFLIP', 'UC_MNUF', 'SBX_MNUF', 'TPC_MPOLY', 'TPC_NONE', 'TPC_NONE', 'TPC_MPOLY', 'UC_MPOLY', 'SPC_NONE', 'UC_NONE', 'TPC_NONE', 'SPC_NONE', 'SPC_MNUF', 'UC_NONE', 'TPC_NONE', 'TPC_NONE', 'UC_MNUF', 'TPC_NONE', 'SBX_MPOLY', 'TPC_NONE', 'TPC_NONE', 'UC_NONE', 'UC_MNUF', 'SPC_NONE', 'TPC_NONE', 'SPC_NONE', 'SPC_NONE', 'SPC_NONE', 'SPC_NONE', 'TPC_MPOLY', 'UC_NONE', 'UC_NONE', 'SPC_NONE', 'UC_NONE', 'UC_NONE', 'UC_NONE', 'SPC_NONE', 'TPC_MPOLY', 'TPC_NONE', 'SPC_NONE', 'SPC_NONE', 'UC_NONE', 'UC_NONE', 'SPC_NONE', 'UC_NONE', 'TPC_NONE', 'TPC_NONE', 'TPC_NONE', 'UC_NONE', 'UC_MPOLY', 'TPC_NONE', 'TPC_NONE', 'TPC_NONE', 'UC_NONE', 'TPC_NONE', 'SPC_NONE', 'TPC_NONE', 'SPC_NONE']","{'UC_MNUF': 3, 'SBX_MNUF': 1, 'TPC_MPOLY': 4, 'TPC_NONE': 18, 'UC_MPOLY': 2, 'SPC_NONE': 14, 'UC_NONE': 13, 'SPC_MNUF': 1, 'SBX_MPOLY': 1}"
6,58,TPC,NONE,0.6857330948919335,0.0353085233356535,585237854.72,410644808.9420822,1876244.64,1429596.712784886,0.7390742145723017,1.600691986392011e-05,0.01,0.0,GREEDY_HV,"['SPC_MBFLIP', 'UC_MNUF', 'SBX_MNUF', 'TPC_MPOLY', 'TPC_NONE', 'TPC_NONE', 'TPC_MPOLY', 'UC_MPOLY', 'SPC_NONE', 'UC_NONE', 'TPC_NONE', 'SPC_NONE', 'SPC_MNUF', 'UC_NONE', 'TPC_NONE', 'TPC_NONE', 'UC_MNUF', 'TPC_NONE', 'SBX_MPOLY', 'TPC_NONE', 'TPC_NONE', 'UC_NONE', 'UC_MNUF', 'SPC_NONE', 'TPC_NONE', 'SPC_NONE', 'SPC_NONE', 'SPC_NONE', 'SPC_NONE', 'TPC_MPOLY', 'UC_NONE', 'UC_NONE', 'SPC_NONE', 'UC_NONE', 'UC_NONE', 'UC_NONE', 'SPC_NONE', 'TPC_MPOLY', 'TPC_NONE', 'SPC_NONE', 'SPC_NONE', 'UC_NONE', 'UC_NONE', 'SPC_NONE', 'UC_NONE', 'TPC_NONE', 'TPC_NONE', 'TPC_NONE', 'UC_NONE', 'UC_MPOLY', 'TPC_NONE', 'TPC_NONE', 'TPC_NONE', 'UC_NONE', 'TPC_NONE', 'SPC_NONE', 'TPC_NONE', 'SPC_NONE', 'TPC_NONE']","{'UC_MNUF': 3, 'SBX_MNUF': 1, 'TPC_MPOLY': 4, 'TPC_NONE': 19, 'UC_MPOLY': 2, 'SPC_NONE': 14, 'UC_NONE': 13, 'SPC_MNUF': 1, 'SBX_MPOLY': 1}"
6,59,UC,NONE,0.6856097936860679,0.0360490304689139,605374722.56,419279615.9040595,1860137.12,1420461.824220512,0.7390824357609349,8.221188633195098e-06,0.0,0.0,GREEDY_HV,"['SPC_MBFLIP', 'UC_MNUF', 'SBX_MNUF', 'TPC_MPOLY', 'TPC_NONE', 'TPC_NONE', 'TPC_MPOLY', 'UC_MPOLY', 'SPC_NONE', 'UC_NONE', 'TPC_NONE', 'SPC_NONE', 'SPC_MNUF', 'UC_NONE', 'TPC_NONE', 'TPC_NONE', 'UC_MNUF', 'TPC_NONE', 'SBX_MPOLY', 'TPC_NONE', 'TPC_NONE', 'UC_NONE', 'UC_MNUF', 'SPC_NONE', 'TPC_NONE', 'SPC_NONE', 'SPC_NONE', 'SPC_NONE', 'SPC_NONE', 'TPC_MPOLY', 'UC_NONE', 'UC_NONE', 'SPC_NONE', 'UC_NONE', 'UC_NONE', 'UC_NONE', 'SPC_NONE', 'TPC_MPOLY', 'TPC_NONE', 'SPC_NONE', 'SPC_NONE', 'UC_NONE', 'UC_NONE', 'SPC_NONE', 'UC_NONE', 'TPC_NONE', 'TPC_NONE', 'TPC_NONE', 'UC_NONE', 'UC_MPOLY', 'TPC_NONE', 'TPC_NONE', 'TPC_NONE', 'UC_NONE', 'TPC_NONE', 'SPC_NONE', 'TPC_NONE', 'SPC_NONE', 'TPC_NONE', 'UC_NONE']","{'UC_MNUF': 3, 'SBX_MNUF': 1, 'TPC_MPOLY': 4, 'TPC_NONE': 19, 'UC_MPOLY': 2, 'SPC_NONE': 14, 'UC_NONE': 14, 'SPC_MNUF': 1, 'SBX_MPOLY': 1}"
6,60,UC,NONE,0.6836812549334594,0.0367055501084786,573752517.12,424979613.0708814,1864439.2,1460927.863389839,0.7390890814794999,6.645718565012615e-06,0.0,0.0,GREEDY_HV,"['SPC_MBFLIP', 'UC_MNUF', 'SBX_MNUF', 'TPC_MPOLY', 'TPC_NONE', 'TPC_NONE', 'TPC_MPOLY', 'UC_MPOLY', 'SPC_NONE', 'UC_NONE', 'TPC_NONE', 'SPC_NONE', 'SPC_MNUF', 'UC_NONE', 'TPC_NONE', 'TPC_NONE', 'UC_MNUF', 'TPC_NONE', 'SBX_MPOLY', 'TPC_NONE', 'TPC_NONE', 'UC_NONE', 'UC_MNUF', 'SPC_NONE', 'TPC_NONE', 'SPC_NONE', 'SPC_NONE', 'SPC_NONE', 'SPC_NONE', 'TPC_MPOLY', 'UC_NONE', 'UC_NONE', 'SPC_NONE', 'UC_NONE', 'UC_NONE', 'UC_NONE', 'SPC_NONE', 'TPC_MPOLY', 'TPC_NONE', 'SPC_NONE', 'SPC_NONE', 'UC_NONE', 'UC_NONE', 'SPC_NONE', 'UC_NONE', 'TPC_NONE', 'TPC_NONE', 'TPC_NONE', 'UC_NONE', 'UC_MPOLY', 'TPC_NONE', 'TPC_NONE', 'TPC_NONE', 'UC_NONE', 'TPC_NONE', 'SPC_NONE', 'TPC_NONE', 'SPC_NONE', 'TPC_NONE', 'UC_NONE', 'UC_NONE']","{'UC_MNUF': 3, 'SBX_MNUF': 1, 'TPC_MPOLY': 4, 'TPC_NONE': 19, 'UC_MPOLY': 2, 'SPC_NONE': 14, 'UC_NONE': 15, 'SPC_MNUF': 1, 'SBX_MPOLY': 1}"
6,61,TPC,NONE,0.6861530480156904,0.0358999098338548,586719667.2,410686610.3965708,1919540.64,1433652.6836782435,0.739069130790853,-1.995068864690808e-05,0.0,0.0,GREEDY_HV,"['SPC_MBFLIP', 'UC_MNUF', 'SBX_MNUF', 'TPC_MPOLY', 'TPC_NONE', 'TPC_NONE', 'TPC_MPOLY', 'UC_MPOLY', 'SPC_NONE', 'UC_NONE', 'TPC_NONE', 'SPC_NONE', 'SPC_MNUF', 'UC_NONE', 'TPC_NONE', 'TPC_NONE', 'UC_MNUF', 'TPC_NONE', 'SBX_MPOLY', 'TPC_NONE', 'TPC_NONE', 'UC_NONE', 'UC_MNUF', 'SPC_NONE', 'TPC_NONE', 'SPC_NONE', 'SPC_NONE', 'SPC_NONE', 'SPC_NONE', 'TPC_MPOLY', 'UC_NONE', 'UC_NONE', 'SPC_NONE', 'UC_NONE', 'UC_NONE', 'UC_NONE', 'SPC_NONE', 'TPC_MPOLY', 'TPC_NONE', 'SPC_NONE', 'SPC_NONE', 'UC_NONE', 'UC_NONE', 'SPC_NONE', 'UC_NONE', 'TPC_NONE', 'TPC_NONE', 'TPC_NONE', 'UC_NONE', 'UC_MPOLY', 'TPC_NONE', 'TPC_NONE', 'TPC_NONE', 'UC_NONE', 'TPC_NONE', 'SPC_NONE', 'TPC_NONE', 'SPC_NONE', 'TPC_NONE', 'UC_NONE', 'UC_NONE', 'TPC_NONE']","{'UC_MNUF': 3, 'SBX_MNUF': 1, 'TPC_MPOLY': 4, 'TPC_NONE': 20, 'UC_MPOLY': 2, 'SPC_NONE': 14, 'UC_NONE': 15, 'SPC_MNUF': 1, 'SBX_MPOLY': 1}"
6,62,UC,NONE,0.6847560709787007,0.0377088285861302,605685950.72,424950636.14297086,1904601.76,1474780.2132431606,0.7390298770762833,-3.925371456969806e-05,0.0,0.0,GREEDY_HV,"['SPC_MBFLIP', 'UC_MNUF', 'SBX_MNUF', 'TPC_MPOLY', 'TPC_NONE', 'TPC_NONE', 'TPC_MPOLY', 'UC_MPOLY', 'SPC_NONE', 'UC_NONE', 'TPC_NONE', 'SPC_NONE', 'SPC_MNUF', 'UC_NONE', 'TPC_NONE', 'TPC_NONE', 'UC_MNUF', 'TPC_NONE', 'SBX_MPOLY', 'TPC_NONE', 'TPC_NONE', 'UC_NONE', 'UC_MNUF', 'SPC_NONE', 'TPC_NONE', 'SPC_NONE', 'SPC_NONE', 'SPC_NONE', 'SPC_NONE', 'TPC_MPOLY', 'UC_NONE', 'UC_NONE', 'SPC_NONE', 'UC_NONE', 'UC_NONE', 'UC_NONE', 'SPC_NONE', 'TPC_MPOLY', 'TPC_NONE', 'SPC_NONE', 'SPC_NONE', 'UC_NONE', 'UC_NONE', 'SPC_NONE', 'UC_NONE', 'TPC_NONE', 'TPC_NONE', 'TPC_NONE', 'UC_NONE', 'UC_MPOLY', 'TPC_NONE', 'TPC_NONE', 'TPC_NONE', 'UC_NONE', 'TPC_NONE', 'SPC_NONE', 'TPC_NONE', 'SPC_NONE', 'TPC_NONE', 'UC_NONE', 'UC_NONE', 'TPC_NONE', 'UC_NONE']","{'UC_MNUF': 3, 'SBX_MNUF': 1, 'TPC_MPOLY': 4, 'TPC_NONE': 20, 'UC_MPOLY': 2, 'SPC_NONE': 14, 'UC_NONE': 16, 'SPC_MNUF': 1, 'SBX_MPOLY': 1}"
6,63,UC,NONE,0.6832660217099291,0.0389857819845332,608908072.96,431319266.9650183,1850073.76,1484088.6532355477,0.7390263913457693,-3.485730514007912e-06,0.01,0.0,GREEDY_HV,"['SPC_MBFLIP', 'UC_MNUF', 'SBX_MNUF', 'TPC_MPOLY', 'TPC_NONE', 'TPC_NONE', 'TPC_MPOLY', 'UC_MPOLY', 'SPC_NONE', 'UC_NONE', 'TPC_NONE', 'SPC_NONE', 'SPC_MNUF', 'UC_NONE', 'TPC_NONE', 'TPC_NONE', 'UC_MNUF', 'TPC_NONE', 'SBX_MPOLY', 'TPC_NONE', 'TPC_NONE', 'UC_NONE', 'UC_MNUF', 'SPC_NONE', 'TPC_NONE', 'SPC_NONE', 'SPC_NONE', 'SPC_NONE', 'SPC_NONE', 'TPC_MPOLY', 'UC_NONE', 'UC_NONE', 'SPC_NONE', 'UC_NONE', 'UC_NONE', 'UC_NONE', 'SPC_NONE', 'TPC_MPOLY', 'TPC_NONE', 'SPC_NONE', 'SPC_NONE', 'UC_NONE', 'UC_NONE', 'SPC_NONE', 'UC_NONE', 'TPC_NONE', 'TPC_NONE', 'TPC_NONE', 'UC_NONE', 'UC_MPOLY', 'TPC_NONE', 'TPC_NONE', 'TPC_NONE', 'UC_NONE', 'TPC_NONE', 'SPC_NONE', 'TPC_NONE', 'SPC_NONE', 'TPC_NONE', 'UC_NONE', 'UC_NONE', 'TPC_NONE', 'UC_NONE', 'UC_NONE']","{'UC_MNUF': 3, 'SBX_MNUF': 1, 'TPC_MPOLY': 4, 'TPC_NONE': 20, 'UC_MPOLY': 2, 'SPC_NONE': 14, 'UC_NONE': 17, 'SPC_MNUF': 1, 'SBX_MPOLY': 1}"
6,64,UC,NONE,0.6832598643826273,0.0388801199609761,618834631.68,430273681.10523975,1823137.44,1464615.722304744,0.7390401287689357,1.373742316634896e-05,0.0,0.0,GREEDY_HV,"['SPC_MBFLIP', 'UC_MNUF', 'SBX_MNUF', 'TPC_MPOLY', 'TPC_NONE', 'TPC_NONE', 'TPC_MPOLY', 'UC_MPOLY', 'SPC_NONE', 'UC_NONE', 'TPC_NONE', 'SPC_NONE', 'SPC_MNUF', 'UC_NONE', 'TPC_NONE', 'TPC_NONE', 'UC_MNUF', 'TPC_NONE', 'SBX_MPOLY', 'TPC_NONE', 'TPC_NONE', 'UC_NONE', 'UC_MNUF', 'SPC_NONE', 'TPC_NONE', 'SPC_NONE', 'SPC_NONE', 'SPC_NONE', 'SPC_NONE', 'TPC_MPOLY', 'UC_NONE', 'UC_NONE', 'SPC_NONE', 'UC_NONE', 'UC_NONE', 'UC_NONE', 'SPC_NONE', 'TPC_MPOLY', 'TPC_NONE', 'SPC_NONE', 'SPC_NONE', 'UC_NONE', 'UC_NONE', 'SPC_NONE', 'UC_NONE', 'TPC_NONE', 'TPC_NONE', 'TPC_NONE', 'UC_NONE', 'UC_MPOLY', 'TPC_NONE', 'TPC_NONE', 'TPC_NONE', 'UC_NONE', 'TPC_NONE', 'SPC_NONE', 'TPC_NONE', 'SPC_NONE', 'TPC_NONE', 'UC_NONE', 'UC_NONE', 'TPC_NONE', 'UC_NONE', 'UC_NONE', 'UC_NONE']","{'UC_MNUF': 3, 'SBX_MNUF': 1, 'TPC_MPOLY': 4, 'TPC_NONE': 20, 'UC_MPOLY': 2, 'SPC_NONE': 14, 'UC_NONE': 18, 'SPC_MNUF': 1, 'SBX_MPOLY': 1}"
6,65,SPC,NONE,0.6822781232618317,0.0385790455732298,583528832.0,428343113.7923159,1779177.12,1461869.5155242914,0.7390470340075129,6.905238577270545e-06,0.0,0.0,GREEDY_HV,"['SPC_MBFLIP', 'UC_MNUF', 'SBX_MNUF', 'TPC_MPOLY', 'TPC_NONE', 'TPC_NONE', 'TPC_MPOLY', 'UC_MPOLY', 'SPC_NONE', 'UC_NONE', 'TPC_NONE', 'SPC_NONE', 'SPC_MNUF', 'UC_NONE', 'TPC_NONE', 'TPC_NONE', 'UC_MNUF', 'TPC_NONE', 'SBX_MPOLY', 'TPC_NONE', 'TPC_NONE', 'UC_NONE', 'UC_MNUF', 'SPC_NONE', 'TPC_NONE', 'SPC_NONE', 'SPC_NONE', 'SPC_NONE', 'SPC_NONE', 'TPC_MPOLY', 'UC_NONE', 'UC_NONE', 'SPC_NONE', 'UC_NONE', 'UC_NONE', 'UC_NONE', 'SPC_NONE', 'TPC_MPOLY', 'TPC_NONE', 'SPC_NONE', 'SPC_NONE', 'UC_NONE', 'UC_NONE', 'SPC_NONE', 'UC_NONE', 'TPC_NONE', 'TPC_NONE', 'TPC_NONE', 'UC_NONE', 'UC_MPOLY', 'TPC_NONE', 'TPC_NONE', 'TPC_NONE', 'UC_NONE', 'TPC_NONE', 'SPC_NONE', 'TPC_NONE', 'SPC_NONE', 'TPC_NONE', 'UC_NONE', 'UC_NONE', 'TPC_NONE', 'UC_NONE', 'UC_NONE', 'UC_NONE', 'SPC_NONE']","{'UC_MNUF': 3, 'SBX_MNUF': 1, 'TPC_MPOLY': 4, 'TPC_NONE': 20, 'UC_MPOLY': 2, 'SPC_NONE': 15, 'UC_NONE': 18, 'SPC_MNUF': 1, 'SBX_MPOLY': 1}"
6,66,TPC,NONE,0.6847443431001301,0.0388729936647304,624488232.96,428679018.4641588,1892240.8,1451959.1001587338,0.7390450050212967,-2.028986216262574e-06,0.01,0.0,GREEDY_HV,"['SPC_MBFLIP', 'UC_MNUF', 'SBX_MNUF', 'TPC_MPOLY', 'TPC_NONE', 'TPC_NONE', 'TPC_MPOLY', 'UC_MPOLY', 'SPC_NONE', 'UC_NONE', 'TPC_NONE', 'SPC_NONE', 'SPC_MNUF', 'UC_NONE', 'TPC_NONE', 'TPC_NONE', 'UC_MNUF', 'TPC_NONE', 'SBX_MPOLY', 'TPC_NONE', 'TPC_NONE', 'UC_NONE', 'UC_MNUF', 'SPC_NONE', 'TPC_NONE', 'SPC_NONE', 'SPC_NONE', 'SPC_NONE', 'SPC_NONE', 'TPC_MPOLY', 'UC_NONE', 'UC_NONE', 'SPC_NONE', 'UC_NONE', 'UC_NONE', 'UC_NONE', 'SPC_NONE', 'TPC_MPOLY', 'TPC_NONE', 'SPC_NONE', 'SPC_NONE', 'UC_NONE', 'UC_NONE', 'SPC_NONE', 'UC_NONE', 'TPC_NONE', 'TPC_NONE', 'TPC_NONE', 'UC_NONE', 'UC_MPOLY', 'TPC_NONE', 'TPC_NONE', 'TPC_NONE', 'UC_NONE', 'TPC_NONE', 'SPC_NONE', 'TPC_NONE', 'SPC_NONE', 'TPC_NONE', 'UC_NONE', 'UC_NONE', 'TPC_NONE', 'UC_NONE', 'UC_NONE', 'UC_NONE', 'SPC_NONE', 'TPC_NONE']","{'UC_MNUF': 3, 'SBX_MNUF': 1, 'TPC_MPOLY': 4, 'TPC_NONE': 21, 'UC_MPOLY': 2, 'SPC_NONE': 15, 'UC_NONE': 18, 'SPC_MNUF': 1, 'SBX_MPOLY': 1}"
6,67,UC,NONE,0.6851690557025233,0.0390263979679837,627373716.48,420542483.97290456,1943224.48,1456292.4685423628,0.7390242514410467,-2.0753580249999185e-05,0.0,0.0,GREEDY_HV,"['SPC_MBFLIP', 'UC_MNUF', 'SBX_MNUF', 'TPC_MPOLY', 'TPC_NONE', 'TPC_NONE', 'TPC_MPOLY', 'UC_MPOLY', 'SPC_NONE', 'UC_NONE', 'TPC_NONE', 'SPC_NONE', 'SPC_MNUF', 'UC_NONE', 'TPC_NONE', 'TPC_NONE', 'UC_MNUF', 'TPC_NONE', 'SBX_MPOLY', 'TPC_NONE', 'TPC_NONE', 'UC_NONE', 'UC_MNUF', 'SPC_NONE', 'TPC_NONE', 'SPC_NONE', 'SPC_NONE', 'SPC_NONE', 'SPC_NONE', 'TPC_MPOLY', 'UC_NONE', 'UC_NONE', 'SPC_NONE', 'UC_NONE', 'UC_NONE', 'UC_NONE', 'SPC_NONE', 'TPC_MPOLY', 'TPC_NONE', 'SPC_NONE', 'SPC_NONE', 'UC_NONE', 'UC_NONE', 'SPC_NONE', 'UC_NONE', 'TPC_NONE', 'TPC_NONE', 'TPC_NONE', 'UC_NONE', 'UC_MPOLY', 'TPC_NONE', 'TPC_NONE', 'TPC_NONE', 'UC_NONE', 'TPC_NONE', 'SPC_NONE', 'TPC_NONE', 'SPC_NONE', 'TPC_NONE', 'UC_NONE', 'UC_NONE', 'TPC_NONE', 'UC_NONE', 'UC_NONE', 'UC_NONE', 'SPC_NONE', 'TPC_NONE', 'UC_NONE']","{'UC_MNUF': 3, 'SBX_MNUF': 1, 'TPC_MPOLY': 4, 'TPC_NONE': 21, 'UC_MPOLY': 2, 'SPC_NONE': 15, 'UC_NONE': 19, 'SPC_MNUF': 1, 'SBX_MPOLY': 1}"
6,68,TPC,NONE,0.683765008618447,0.0386525695736027,594705172.48,419108343.1170469,1820714.4,1460133.3786606756,0.7390362021575183,1.1950716471642586e-05,0.0,0.0,GREEDY_HV,"['SPC_MBFLIP', 'UC_MNUF', 'SBX_MNUF', 'TPC_MPOLY', 'TPC_NONE', 'TPC_NONE', 'TPC_MPOLY', 'UC_MPOLY', 'SPC_NONE', 'UC_NONE', 'TPC_NONE', 'SPC_NONE', 'SPC_MNUF', 'UC_NONE', 'TPC_NONE', 'TPC_NONE', 'UC_MNUF', 'TPC_NONE', 'SBX_MPOLY', 'TPC_NONE', 'TPC_NONE', 'UC_NONE', 'UC_MNUF', 'SPC_NONE', 'TPC_NONE', 'SPC_NONE', 'SPC_NONE', 'SPC_NONE', 'SPC_NONE', 'TPC_MPOLY', 'UC_NONE', 'UC_NONE', 'SPC_NONE', 'UC_NONE', 'UC_NONE', 'UC_NONE', 'SPC_NONE', 'TPC_MPOLY', 'TPC_NONE', 'SPC_NONE', 'SPC_NONE', 'UC_NONE', 'UC_NONE', 'SPC_NONE', 'UC_NONE', 'TPC_NONE', 'TPC_NONE', 'TPC_NONE', 'UC_NONE', 'UC_MPOLY', 'TPC_NONE', 'TPC_NONE', 'TPC_NONE', 'UC_NONE', 'TPC_NONE', 'SPC_NONE', 'TPC_NONE', 'SPC_NONE', 'TPC_NONE', 'UC_NONE', 'UC_NONE', 'TPC_NONE', 'UC_NONE', 'UC_NONE', 'UC_NONE', 'SPC_NONE', 'TPC_NONE', 'UC_NONE', 'TPC_NONE']","{'UC_MNUF': 3, 'SBX_MNUF': 1, 'TPC_MPOLY': 4, 'TPC_NONE': 22, 'UC_MPOLY': 2, 'SPC_NONE': 15, 'UC_NONE': 19, 'SPC_MNUF': 1, 'SBX_MPOLY': 1}"
6,69,TPC,NONE,0.6842750991985307,0.0388599283014025,613937269.76,417044575.9965709,1847191.2,1464612.109214013,0.7390465593532451,1.0357195726840018e-05,0.01,0.0,GREEDY_HV,"['SPC_MBFLIP', 'UC_MNUF', 'SBX_MNUF', 'TPC_MPOLY', 'TPC_NONE', 'TPC_NONE', 'TPC_MPOLY', 'UC_MPOLY', 'SPC_NONE', 'UC_NONE', 'TPC_NONE', 'SPC_NONE', 'SPC_MNUF', 'UC_NONE', 'TPC_NONE', 'TPC_NONE', 'UC_MNUF', 'TPC_NONE', 'SBX_MPOLY', 'TPC_NONE', 'TPC_NONE', 'UC_NONE', 'UC_MNUF', 'SPC_NONE', 'TPC_NONE', 'SPC_NONE', 'SPC_NONE', 'SPC_NONE', 'SPC_NONE', 'TPC_MPOLY', 'UC_NONE', 'UC_NONE', 'SPC_NONE', 'UC_NONE', 'UC_NONE', 'UC_NONE', 'SPC_NONE', 'TPC_MPOLY', 'TPC_NONE', 'SPC_NONE', 'SPC_NONE', 'UC_NONE', 'UC_NONE', 'SPC_NONE', 'UC_NONE', 'TPC_NONE', 'TPC_NONE', 'TPC_NONE', 'UC_NONE', 'UC_MPOLY', 'TPC_NONE', 'TPC_NONE', 'TPC_NONE', 'UC_NONE', 'TPC_NONE', 'SPC_NONE', 'TPC_NONE', 'SPC_NONE', 'TPC_NONE', 'UC_NONE', 'UC_NONE', 'TPC_NONE', 'UC_NONE', 'UC_NONE', 'UC_NONE', 'SPC_NONE', 'TPC_NONE', 'UC_NONE', 'TPC_NONE', 'TPC_NONE']","{'UC_MNUF': 3, 'SBX_MNUF': 1, 'TPC_MPOLY': 4, 'TPC_NONE': 23, 'UC_MPOLY': 2, 'SPC_NONE': 15, 'UC_NONE': 19, 'SPC_MNUF': 1, 'SBX_MPOLY': 1}"
6,70,UC,NONE,0.6823378659349123,0.0388465215331952,591850782.72,424051265.7816615,1775796.64,1480949.1114032215,0.7390498746207594,3.3152675142922305e-06,0.0,0.0,GREEDY_HV,"['SPC_MBFLIP', 'UC_MNUF', 'SBX_MNUF', 'TPC_MPOLY', 'TPC_NONE', 'TPC_NONE', 'TPC_MPOLY', 'UC_MPOLY', 'SPC_NONE', 'UC_NONE', 'TPC_NONE', 'SPC_NONE', 'SPC_MNUF', 'UC_NONE', 'TPC_NONE', 'TPC_NONE', 'UC_MNUF', 'TPC_NONE', 'SBX_MPOLY', 'TPC_NONE', 'TPC_NONE', 'UC_NONE', 'UC_MNUF', 'SPC_NONE', 'TPC_NONE', 'SPC_NONE', 'SPC_NONE', 'SPC_NONE', 'SPC_NONE', 'TPC_MPOLY', 'UC_NONE', 'UC_NONE', 'SPC_NONE', 'UC_NONE', 'UC_NONE', 'UC_NONE', 'SPC_NONE', 'TPC_MPOLY', 'TPC_NONE', 'SPC_NONE', 'SPC_NONE', 'UC_NONE', 'UC_NONE', 'SPC_NONE', 'UC_NONE', 'TPC_NONE', 'TPC_NONE', 'TPC_NONE', 'UC_NONE', 'UC_MPOLY', 'TPC_NONE', 'TPC_NONE', 'TPC_NONE', 'UC_NONE', 'TPC_NONE', 'SPC_NONE', 'TPC_NONE', 'SPC_NONE', 'TPC_NONE', 'UC_NONE', 'UC_NONE', 'TPC_NONE', 'UC_NONE', 'UC_NONE', 'UC_NONE', 'SPC_NONE', 'TPC_NONE', 'UC_NONE', 'TPC_NONE', 'TPC_NONE', 'UC_NONE']","{'UC_MNUF': 3, 'SBX_MNUF': 1, 'TPC_MPOLY': 4, 'TPC_NONE': 23, 'UC_MPOLY': 2, 'SPC_NONE': 15, 'UC_NONE': 20, 'SPC_MNUF': 1, 'SBX_MPOLY': 1}"
6,71,SPC,NONE,0.6847182300501402,0.0384630197948974,616852531.2,423797266.830219,1888128.16,1475802.9268355223,0.7390370919455077,-1.2782675251732378e-05,0.0,0.0,GREEDY_HV,"['SPC_MBFLIP', 'UC_MNUF', 'SBX_MNUF', 'TPC_MPOLY', 'TPC_NONE', 'TPC_NONE', 'TPC_MPOLY', 'UC_MPOLY', 'SPC_NONE', 'UC_NONE', 'TPC_NONE', 'SPC_NONE', 'SPC_MNUF', 'UC_NONE', 'TPC_NONE', 'TPC_NONE', 'UC_MNUF', 'TPC_NONE', 'SBX_MPOLY', 'TPC_NONE', 'TPC_NONE', 'UC_NONE', 'UC_MNUF', 'SPC_NONE', 'TPC_NONE', 'SPC_NONE', 'SPC_NONE', 'SPC_NONE', 'SPC_NONE', 'TPC_MPOLY', 'UC_NONE', 'UC_NONE', 'SPC_NONE', 'UC_NONE', 'UC_NONE', 'UC_NONE', 'SPC_NONE', 'TPC_MPOLY', 'TPC_NONE', 'SPC_NONE', 'SPC_NONE', 'UC_NONE', 'UC_NONE', 'SPC_NONE', 'UC_NONE', 'TPC_NONE', 'TPC_NONE', 'TPC_NONE', 'UC_NONE', 'UC_MPOLY', 'TPC_NONE', 'TPC_NONE', 'TPC_NONE', 'UC_NONE', 'TPC_NONE', 'SPC_NONE', 'TPC_NONE', 'SPC_NONE', 'TPC_NONE', 'UC_NONE', 'UC_NONE', 'TPC_NONE', 'UC_NONE', 'UC_NONE', 'UC_NONE', 'SPC_NONE', 'TPC_NONE', 'UC_NONE', 'TPC_NONE', 'TPC_NONE', 'UC_NONE', 'SPC_NONE']","{'UC_MNUF': 3, 'SBX_MNUF': 1, 'TPC_MPOLY': 4, 'TPC_NONE': 23, 'UC_MPOLY': 2, 'SPC_NONE': 16, 'UC_NONE': 20, 'SPC_MNUF': 1, 'SBX_MPOLY': 1}"
6,72,UC,NONE,0.6836607274582007,0.0386969686266337,594886200.32,422701994.6400508,1867582.88,1457487.602707298,0.7390519092578003,1.4817312292580986e-05,0.0,0.0,GREEDY_HV,"['SPC_MBFLIP', 'UC_MNUF', 'SBX_MNUF', 'TPC_MPOLY', 'TPC_NONE', 'TPC_NONE', 'TPC_MPOLY', 'UC_MPOLY', 'SPC_NONE', 'UC_NONE', 'TPC_NONE', 'SPC_NONE', 'SPC_MNUF', 'UC_NONE', 'TPC_NONE', 'TPC_NONE', 'UC_MNUF', 'TPC_NONE', 'SBX_MPOLY', 'TPC_NONE', 'TPC_NONE', 'UC_NONE', 'UC_MNUF', 'SPC_NONE', 'TPC_NONE', 'SPC_NONE', 'SPC_NONE', 'SPC_NONE', 'SPC_NONE', 'TPC_MPOLY', 'UC_NONE', 'UC_NONE', 'SPC_NONE', 'UC_NONE', 'UC_NONE', 'UC_NONE', 'SPC_NONE', 'TPC_MPOLY', 'TPC_NONE', 'SPC_NONE', 'SPC_NONE', 'UC_NONE', 'UC_NONE', 'SPC_NONE', 'UC_NONE', 'TPC_NONE', 'TPC_NONE', 'TPC_NONE', 'UC_NONE', 'UC_MPOLY', 'TPC_NONE', 'TPC_NONE', 'TPC_NONE', 'UC_NONE', 'TPC_NONE', 'SPC_NONE', 'TPC_NONE', 'SPC_NONE', 'TPC_NONE', 'UC_NONE', 'UC_NONE', 'TPC_NONE', 'UC_NONE', 'UC_NONE', 'UC_NONE', 'SPC_NONE', 'TPC_NONE', 'UC_NONE', 'TPC_NONE', 'TPC_NONE', 'UC_NONE', 'SPC_NONE', 'UC_NONE']","{'UC_MNUF': 3, 'SBX_MNUF': 1, 'TPC_MPOLY': 4, 'TPC_NONE': 23, 'UC_MPOLY': 2, 'SPC_NONE': 16, 'UC_NONE': 21, 'SPC_MNUF': 1, 'SBX_MPOLY': 1}"
6,73,SPC,NONE,0.6834088093049633,0.0387720527533129,606091484.16,422677805.790648,1817252.0,1452173.4829801568,0.7390310569016122,-2.0852356188094667e-05,0.0,0.0,GREEDY_HV,"['SPC_MBFLIP', 'UC_MNUF', 'SBX_MNUF', 'TPC_MPOLY', 'TPC_NONE', 'TPC_NONE', 'TPC_MPOLY', 'UC_MPOLY', 'SPC_NONE', 'UC_NONE', 'TPC_NONE', 'SPC_NONE', 'SPC_MNUF', 'UC_NONE', 'TPC_NONE', 'TPC_NONE', 'UC_MNUF', 'TPC_NONE', 'SBX_MPOLY', 'TPC_NONE', 'TPC_NONE', 'UC_NONE', 'UC_MNUF', 'SPC_NONE', 'TPC_NONE', 'SPC_NONE', 'SPC_NONE', 'SPC_NONE', 'SPC_NONE', 'TPC_MPOLY', 'UC_NONE', 'UC_NONE', 'SPC_NONE', 'UC_NONE', 'UC_NONE', 'UC_NONE', 'SPC_NONE', 'TPC_MPOLY', 'TPC_NONE', 'SPC_NONE', 'SPC_NONE', 'UC_NONE', 'UC_NONE', 'SPC_NONE', 'UC_NONE', 'TPC_NONE', 'TPC_NONE', 'TPC_NONE', 'UC_NONE', 'UC_MPOLY', 'TPC_NONE', 'TPC_NONE', 'TPC_NONE', 'UC_NONE', 'TPC_NONE', 'SPC_NONE', 'TPC_NONE', 'SPC_NONE', 'TPC_NONE', 'UC_NONE', 'UC_NONE', 'TPC_NONE', 'UC_NONE', 'UC_NONE', 'UC_NONE', 'SPC_NONE', 'TPC_NONE', 'UC_NONE', 'TPC_NONE', 'TPC_NONE', 'UC_NONE', 'SPC_NONE', 'UC_NONE', 'SPC_NONE']","{'UC_MNUF': 3, 'SBX_MNUF': 1, 'TPC_MPOLY': 4, 'TPC_NONE': 23, 'UC_MPOLY': 2, 'SPC_NONE': 17, 'UC_NONE': 21, 'SPC_MNUF': 1, 'SBX_MPOLY': 1}"
6,74,TPC,NONE,0.6831443738057604,0.0387879850418817,610082334.72,435815162.6480017,1824591.52,1453189.3660256425,0.7390412753946919,1.0218493079694468e-05,0.01,0.0,GREEDY_HV,"['SPC_MBFLIP', 'UC_MNUF', 'SBX_MNUF', 'TPC_MPOLY', 'TPC_NONE', 'TPC_NONE', 'TPC_MPOLY', 'UC_MPOLY', 'SPC_NONE', 'UC_NONE', 'TPC_NONE', 'SPC_NONE', 'SPC_MNUF', 'UC_NONE', 'TPC_NONE', 'TPC_NONE', 'UC_MNUF', 'TPC_NONE', 'SBX_MPOLY', 'TPC_NONE', 'TPC_NONE', 'UC_NONE', 'UC_MNUF', 'SPC_NONE', 'TPC_NONE', 'SPC_NONE', 'SPC_NONE', 'SPC_NONE', 'SPC_NONE', 'TPC_MPOLY', 'UC_NONE', 'UC_NONE', 'SPC_NONE', 'UC_NONE', 'UC_NONE', 'UC_NONE', 'SPC_NONE', 'TPC_MPOLY', 'TPC_NONE', 'SPC_NONE', 'SPC_NONE', 'UC_NONE', 'UC_NONE', 'SPC_NONE', 'UC_NONE', 'TPC_NONE', 'TPC_NONE', 'TPC_NONE', 'UC_NONE', 'UC_MPOLY', 'TPC_NONE', 'TPC_NONE', 'TPC_NONE', 'UC_NONE', 'TPC_NONE', 'SPC_NONE', 'TPC_NONE', 'SPC_NONE', 'TPC_NONE', 'UC_NONE', 'UC_NONE', 'TPC_NONE', 'UC_NONE', 'UC_NONE', 'UC_NONE', 'SPC_NONE', 'TPC_NONE', 'UC_NONE', 'TPC_NONE', 'TPC_NONE', 'UC_NONE', 'SPC_NONE', 'UC_NONE', 'SPC_NONE', 'TPC_NONE']","{'UC_MNUF': 3, 'SBX_MNUF': 1, 'TPC_MPOLY': 4, 'TPC_NONE': 24, 'UC_MPOLY': 2, 'SPC_NONE': 17, 'UC_NONE': 21, 'SPC_MNUF': 1, 'SBX_MPOLY': 1}"
6,75,UC,NONE,0.6828742814483425,0.038810242064191,600963742.72,424185347.5889635,1836385.44,1472439.382296197,0.7390092558201825,-3.201957450937876e-05,0.0,0.0,GREEDY_HV,"['SPC_MBFLIP', 'UC_MNUF', 'SBX_MNUF', 'TPC_MPOLY', 'TPC_NONE', 'TPC_NONE', 'TPC_MPOLY', 'UC_MPOLY', 'SPC_NONE', 'UC_NONE', 'TPC_NONE', 'SPC_NONE', 'SPC_MNUF', 'UC_NONE', 'TPC_NONE', 'TPC_NONE', 'UC_MNUF', 'TPC_NONE', 'SBX_MPOLY', 'TPC_NONE', 'TPC_NONE', 'UC_NONE', 'UC_MNUF', 'SPC_NONE', 'TPC_NONE', 'SPC_NONE', 'SPC_NONE', 'SPC_NONE', 'SPC_NONE', 'TPC_MPOLY', 'UC_NONE', 'UC_NONE', 'SPC_NONE', 'UC_NONE', 'UC_NONE', 'UC_NONE', 'SPC_NONE', 'TPC_MPOLY', 'TPC_NONE', 'SPC_NONE', 'SPC_NONE', 'UC_NONE', 'UC_NONE', 'SPC_NONE', 'UC_NONE', 'TPC_NONE', 'TPC_NONE', 'TPC_NONE', 'UC_NONE', 'UC_MPOLY', 'TPC_NONE', 'TPC_NONE', 'TPC_NONE', 'UC_NONE', 'TPC_NONE', 'SPC_NONE', 'TPC_NONE', 'SPC_NONE', 'TPC_NONE', 'UC_NONE', 'UC_NONE', 'TPC_NONE', 'UC_NONE', 'UC_NONE', 'UC_NONE', 'SPC_NONE', 'TPC_NONE', 'UC_NONE', 'TPC_NONE', 'TPC_NONE', 'UC_NONE', 'SPC_NONE', 'UC_NONE', 'SPC_NONE', 'TPC_NONE', 'UC_NONE']","{'UC_MNUF': 3, 'SBX_MNUF': 1, 'TPC_MPOLY': 4, 'TPC_NONE': 24, 'UC_MPOLY': 2, 'SPC_NONE': 17, 'UC_NONE': 22, 'SPC_MNUF': 1, 'SBX_MPOLY': 1}"
6,76,SPC,NONE,0.6839715558705077,0.0388636472376347,609390218.24,419579948.0639928,1891838.88,1459904.9923961032,0.7390125870773357,3.331257153238454e-06,0.0,0.0,GREEDY_HV,"['SPC_MBFLIP', 'UC_MNUF', 'SBX_MNUF', 'TPC_MPOLY', 'TPC_NONE', 'TPC_NONE', 'TPC_MPOLY', 'UC_MPOLY', 'SPC_NONE', 'UC_NONE', 'TPC_NONE', 'SPC_NONE', 'SPC_MNUF', 'UC_NONE', 'TPC_NONE', 'TPC_NONE', 'UC_MNUF', 'TPC_NONE', 'SBX_MPOLY', 'TPC_NONE', 'TPC_NONE', 'UC_NONE', 'UC_MNUF', 'SPC_NONE', 'TPC_NONE', 'SPC_NONE', 'SPC_NONE', 'SPC_NONE', 'SPC_NONE', 'TPC_MPOLY', 'UC_NONE', 'UC_NONE', 'SPC_NONE', 'UC_NONE', 'UC_NONE', 'UC_NONE', 'SPC_NONE', 'TPC_MPOLY', 'TPC_NONE', 'SPC_NONE', 'SPC_NONE', 'UC_NONE', 'UC_NONE', 'SPC_NONE', 'UC_NONE', 'TPC_NONE', 'TPC_NONE', 'TPC_NONE', 'UC_NONE', 'UC_MPOLY', 'TPC_NONE', 'TPC_NONE', 'TPC_NONE', 'UC_NONE', 'TPC_NONE', 'SPC_NONE', 'TPC_NONE', 'SPC_NONE', 'TPC_NONE', 'UC_NONE', 'UC_NONE', 'TPC_NONE', 'UC_NONE', 'UC_NONE', 'UC_NONE', 'SPC_NONE', 'TPC_NONE', 'UC_NONE', 'TPC_NONE', 'TPC_NONE', 'UC_NONE', 'SPC_NONE', 'UC_NONE', 'SPC_NONE', 'TPC_NONE', 'UC_NONE', 'SPC_NONE']","{'UC_MNUF': 3, 'SBX_MNUF': 1, 'TPC_MPOLY': 4, 'TPC_NONE': 24, 'UC_MPOLY': 2, 'SPC_NONE': 18, 'UC_NONE': 22, 'SPC_MNUF': 1, 'SBX_MPOLY': 1}"
6,77,UC,NONE,0.6827848498701468,0.0387335200811785,578866007.04,416167967.0881147,1798909.6,1453423.047481937,0.7390574217640986,4.48346867628624e-05,0.0,0.0,GREEDY_HV,"['SPC_MBFLIP', 'UC_MNUF', 'SBX_MNUF', 'TPC_MPOLY', 'TPC_NONE', 'TPC_NONE', 'TPC_MPOLY', 'UC_MPOLY', 'SPC_NONE', 'UC_NONE', 'TPC_NONE', 'SPC_NONE', 'SPC_MNUF', 'UC_NONE', 'TPC_NONE', 'TPC_NONE', 'UC_MNUF', 'TPC_NONE', 'SBX_MPOLY', 'TPC_NONE', 'TPC_NONE', 'UC_NONE', 'UC_MNUF', 'SPC_NONE', 'TPC_NONE', 'SPC_NONE', 'SPC_NONE', 'SPC_NONE', 'SPC_NONE', 'TPC_MPOLY', 'UC_NONE', 'UC_NONE', 'SPC_NONE', 'UC_NONE', 'UC_NONE', 'UC_NONE', 'SPC_NONE', 'TPC_MPOLY', 'TPC_NONE', 'SPC_NONE', 'SPC_NONE', 'UC_NONE', 'UC_NONE', 'SPC_NONE', 'UC_NONE', 'TPC_NONE', 'TPC_NONE', 'TPC_NONE', 'UC_NONE', 'UC_MPOLY', 'TPC_NONE', 'TPC_NONE', 'TPC_NONE', 'UC_NONE', 'TPC_NONE', 'SPC_NONE', 'TPC_NONE', 'SPC_NONE', 'TPC_NONE', 'UC_NONE', 'UC_NONE', 'TPC_NONE', 'UC_NONE', 'UC_NONE', 'UC_NONE', 'SPC_NONE', 'TPC_NONE', 'UC_NONE', 'TPC_NONE', 'TPC_NONE', 'UC_NONE', 'SPC_NONE', 'UC_NONE', 'SPC_NONE', 'TPC_NONE', 'UC_NONE', 'SPC_NONE', 'UC_NONE']","{'UC_MNUF': 3, 'SBX_MNUF': 1, 'TPC_MPOLY': 4, 'TPC_NONE': 24, 'UC_MPOLY': 2, 'SPC_NONE': 18, 'UC_NONE': 23, 'SPC_MNUF': 1, 'SBX_MPOLY': 1}"
6,78,TPC,NONE,0.6836047331857915,0.0391001399768074,596224808.96,416432014.4958105,1877541.28,1479580.4486921155,0.7390853381733784,2.791640927979344e-05,0.0,0.0,GREEDY_HV,"['SPC_MBFLIP', 'UC_MNUF', 'SBX_MNUF', 'TPC_MPOLY', 'TPC_NONE', 'TPC_NONE', 'TPC_MPOLY', 'UC_MPOLY', 'SPC_NONE', 'UC_NONE', 'TPC_NONE', 'SPC_NONE', 'SPC_MNUF', 'UC_NONE', 'TPC_NONE', 'TPC_NONE', 'UC_MNUF', 'TPC_NONE', 'SBX_MPOLY', 'TPC_NONE', 'TPC_NONE', 'UC_NONE', 'UC_MNUF', 'SPC_NONE', 'TPC_NONE', 'SPC_NONE', 'SPC_NONE', 'SPC_NONE', 'SPC_NONE', 'TPC_MPOLY', 'UC_NONE', 'UC_NONE', 'SPC_NONE', 'UC_NONE', 'UC_NONE', 'UC_NONE', 'SPC_NONE', 'TPC_MPOLY', 'TPC_NONE', 'SPC_NONE', 'SPC_NONE', 'UC_NONE', 'UC_NONE', 'SPC_NONE', 'UC_NONE', 'TPC_NONE', 'TPC_NONE', 'TPC_NONE', 'UC_NONE', 'UC_MPOLY', 'TPC_NONE', 'TPC_NONE', 'TPC_NONE', 'UC_NONE', 'TPC_NONE', 'SPC_NONE', 'TPC_NONE', 'SPC_NONE', 'TPC_NONE', 'UC_NONE', 'UC_NONE', 'TPC_NONE', 'UC_NONE', 'UC_NONE', 'UC_NONE', 'SPC_NONE', 'TPC_NONE', 'UC_NONE', 'TPC_NONE', 'TPC_NONE', 'UC_NONE', 'SPC_NONE', 'UC_NONE', 'SPC_NONE', 'TPC_NONE', 'UC_NONE', 'SPC_NONE', 'UC_NONE', 'TPC_NONE']","{'UC_MNUF': 3, 'SBX_MNUF': 1, 'TPC_MPOLY': 4, 'TPC_NONE': 25, 'UC_MPOLY': 2, 'SPC_NONE': 18, 'UC_NONE': 23, 'SPC_MNUF': 1, 'SBX_MPOLY': 1}"
6,79,UC,NONE,0.6831702156005087,0.0386830125385161,594777251.84,419202618.4750994,1800898.72,1457676.295177651,0.7390772339090339,-8.104264344499512e-06,0.0,0.0,GREEDY_HV,"['SPC_MBFLIP', 'UC_MNUF', 'SBX_MNUF', 'TPC_MPOLY', 'TPC_NONE', 'TPC_NONE', 'TPC_MPOLY', 'UC_MPOLY', 'SPC_NONE', 'UC_NONE', 'TPC_NONE', 'SPC_NONE', 'SPC_MNUF', 'UC_NONE', 'TPC_NONE', 'TPC_NONE', 'UC_MNUF', 'TPC_NONE', 'SBX_MPOLY', 'TPC_NONE', 'TPC_NONE', 'UC_NONE', 'UC_MNUF', 'SPC_NONE', 'TPC_NONE', 'SPC_NONE', 'SPC_NONE', 'SPC_NONE', 'SPC_NONE', 'TPC_MPOLY', 'UC_NONE', 'UC_NONE', 'SPC_NONE', 'UC_NONE', 'UC_NONE', 'UC_NONE', 'SPC_NONE', 'TPC_MPOLY', 'TPC_NONE', 'SPC_NONE', 'SPC_NONE', 'UC_NONE', 'UC_NONE', 'SPC_NONE', 'UC_NONE', 'TPC_NONE', 'TPC_NONE', 'TPC_NONE', 'UC_NONE', 'UC_MPOLY', 'TPC_NONE', 'TPC_NONE', 'TPC_NONE', 'UC_NONE', 'TPC_NONE', 'SPC_NONE', 'TPC_NONE', 'SPC_NONE', 'TPC_NONE', 'UC_NONE', 'UC_NONE', 'TPC_NONE', 'UC_NONE', 'UC_NONE', 'UC_NONE', 'SPC_NONE', 'TPC_NONE', 'UC_NONE', 'TPC_NONE', 'TPC_NONE', 'UC_NONE', 'SPC_NONE', 'UC_NONE', 'SPC_NONE', 'TPC_NONE', 'UC_NONE', 'SPC_NONE', 'UC_NONE', 'TPC_NONE', 'UC_NONE']","{'UC_MNUF': 3, 'SBX_MNUF': 1, 'TPC_MPOLY': 4, 'TPC_NONE': 25, 'UC_MPOLY': 2, 'SPC_NONE': 18, 'UC_NONE': 24, 'SPC_MNUF': 1, 'SBX_MPOLY': 1}"
6,80,TPC,NONE,0.6825747238776736,0.038861442684095,573151923.2,410873691.6579044,1789572.0,1481473.664350197,0.7390442815389806,-3.295237005329632e-05,0.01,0.0,GREEDY_HV,"['SPC_MBFLIP', 'UC_MNUF', 'SBX_MNUF', 'TPC_MPOLY', 'TPC_NONE', 'TPC_NONE', 'TPC_MPOLY', 'UC_MPOLY', 'SPC_NONE', 'UC_NONE', 'TPC_NONE', 'SPC_NONE', 'SPC_MNUF', 'UC_NONE', 'TPC_NONE', 'TPC_NONE', 'UC_MNUF', 'TPC_NONE', 'SBX_MPOLY', 'TPC_NONE', 'TPC_NONE', 'UC_NONE', 'UC_MNUF', 'SPC_NONE', 'TPC_NONE', 'SPC_NONE', 'SPC_NONE', 'SPC_NONE', 'SPC_NONE', 'TPC_MPOLY', 'UC_NONE', 'UC_NONE', 'SPC_NONE', 'UC_NONE', 'UC_NONE', 'UC_NONE', 'SPC_NONE', 'TPC_MPOLY', 'TPC_NONE', 'SPC_NONE', 'SPC_NONE', 'UC_NONE', 'UC_NONE', 'SPC_NONE', 'UC_NONE', 'TPC_NONE', 'TPC_NONE', 'TPC_NONE', 'UC_NONE', 'UC_MPOLY', 'TPC_NONE', 'TPC_NONE', 'TPC_NONE', 'UC_NONE', 'TPC_NONE', 'SPC_NONE', 'TPC_NONE', 'SPC_NONE', 'TPC_NONE', 'UC_NONE', 'UC_NONE', 'TPC_NONE', 'UC_NONE', 'UC_NONE', 'UC_NONE', 'SPC_NONE', 'TPC_NONE', 'UC_NONE', 'TPC_NONE', 'TPC_NONE', 'UC_NONE', 'SPC_NONE', 'UC_NONE', 'SPC_NONE', 'TPC_NONE', 'UC_NONE', 'SPC_NONE', 'UC_NONE', 'TPC_NONE', 'UC_NONE', 'TPC_NONE']","{'UC_MNUF': 3, 'SBX_MNUF': 1, 'TPC_MPOLY': 4, 'TPC_NONE': 26, 'UC_MPOLY': 2, 'SPC_NONE': 18, 'UC_NONE': 24, 'SPC_MNUF': 1, 'SBX_MPOLY': 1}"
6,81,SPC,NONE,0.6835382855204987,0.0388938355326565,587221145.6,417090739.8368824,1863879.84,1457635.3038080183,0.7390462671339932,1.985595012632402e-06,0.03,0.0,GREEDY_HV,"['SPC_MBFLIP', 'UC_MNUF', 'SBX_MNUF', 'TPC_MPOLY', 'TPC_NONE', 'TPC_NONE', 'TPC_MPOLY', 'UC_MPOLY', 'SPC_NONE', 'UC_NONE', 'TPC_NONE', 'SPC_NONE', 'SPC_MNUF', 'UC_NONE', 'TPC_NONE', 'TPC_NONE', 'UC_MNUF', 'TPC_NONE', 'SBX_MPOLY', 'TPC_NONE', 'TPC_NONE', 'UC_NONE', 'UC_MNUF', 'SPC_NONE', 'TPC_NONE', 'SPC_NONE', 'SPC_NONE', 'SPC_NONE', 'SPC_NONE', 'TPC_MPOLY', 'UC_NONE', 'UC_NONE', 'SPC_NONE', 'UC_NONE', 'UC_NONE', 'UC_NONE', 'SPC_NONE', 'TPC_MPOLY', 'TPC_NONE', 'SPC_NONE', 'SPC_NONE', 'UC_NONE', 'UC_NONE', 'SPC_NONE', 'UC_NONE', 'TPC_NONE', 'TPC_NONE', 'TPC_NONE', 'UC_NONE', 'UC_MPOLY', 'TPC_NONE', 'TPC_NONE', 'TPC_NONE', 'UC_NONE', 'TPC_NONE', 'SPC_NONE', 'TPC_NONE', 'SPC_NONE', 'TPC_NONE', 'UC_NONE', 'UC_NONE', 'TPC_NONE', 'UC_NONE', 'UC_NONE', 'UC_NONE', 'SPC_NONE', 'TPC_NONE', 'UC_NONE', 'TPC_NONE', 'TPC_NONE', 'UC_NONE', 'SPC_NONE', 'UC_NONE', 'SPC_NONE', 'TPC_NONE', 'UC_NONE', 'SPC_NONE', 'UC_NONE', 'TPC_NONE', 'UC_NONE', 'TPC_NONE', 'SPC_NONE']","{'UC_MNUF': 3, 'SBX_MNUF': 1, 'TPC_MPOLY': 4, 'TPC_NONE': 26, 'UC_MPOLY': 2, 'SPC_NONE': 19, 'UC_NONE': 24, 'SPC_MNUF': 1, 'SBX_MPOLY': 1}"
6,82,TPC,NONE,0.6835683270243729,0.0388122599746645,592794280.96,423589816.49649626,1855337.12,1455534.633355272,0.7390188680940906,-2.739903990267578e-05,0.01,0.0,GREEDY_HV,"['SPC_MBFLIP', 'UC_MNUF', 'SBX_MNUF', 'TPC_MPOLY', 'TPC_NONE', 'TPC_NONE', 'TPC_MPOLY', 'UC_MPOLY', 'SPC_NONE', 'UC_NONE', 'TPC_NONE', 'SPC_NONE', 'SPC_MNUF', 'UC_NONE', 'TPC_NONE', 'TPC_NONE', 'UC_MNUF', 'TPC_NONE', 'SBX_MPOLY', 'TPC_NONE', 'TPC_NONE', 'UC_NONE', 'UC_MNUF', 'SPC_NONE', 'TPC_NONE', 'SPC_NONE', 'SPC_NONE', 'SPC_NONE', 'SPC_NONE', 'TPC_MPOLY', 'UC_NONE', 'UC_NONE', 'SPC_NONE', 'UC_NONE', 'UC_NONE', 'UC_NONE', 'SPC_NONE', 'TPC_MPOLY', 'TPC_NONE', 'SPC_NONE', 'SPC_NONE', 'UC_NONE', 'UC_NONE', 'SPC_NONE', 'UC_NONE', 'TPC_NONE', 'TPC_NONE', 'TPC_NONE', 'UC_NONE', 'UC_MPOLY', 'TPC_NONE', 'TPC_NONE', 'TPC_NONE', 'UC_NONE', 'TPC_NONE', 'SPC_NONE', 'TPC_NONE', 'SPC_NONE', 'TPC_NONE', 'UC_NONE', 'UC_NONE', 'TPC_NONE', 'UC_NONE', 'UC_NONE', 'UC_NONE', 'SPC_NONE', 'TPC_NONE', 'UC_NONE', 'TPC_NONE', 'TPC_NONE', 'UC_NONE', 'SPC_NONE', 'UC_NONE', 'SPC_NONE', 'TPC_NONE', 'UC_NONE', 'SPC_NONE', 'UC_NONE', 'TPC_NONE', 'UC_NONE', 'TPC_NONE', 'SPC_NONE', 'TPC_NONE']","{'UC_MNUF': 3, 'SBX_MNUF': 1, 'TPC_MPOLY': 4, 'TPC_NONE': 27, 'UC_MPOLY': 2, 'SPC_NONE': 19, 'UC_NONE': 24, 'SPC_MNUF': 1, 'SBX_MPOLY': 1}"
6,83,TPC,NONE,0.6834146010092477,0.0389255021895004,595801277.44,418606689.1803495,1816761.76,1453165.612785144,0.7390443473620758,2.547926798524003e-05,0.0,0.0,GREEDY_HV,"['SPC_MBFLIP', 'UC_MNUF', 'SBX_MNUF', 'TPC_MPOLY', 'TPC_NONE', 'TPC_NONE', 'TPC_MPOLY', 'UC_MPOLY', 'SPC_NONE', 'UC_NONE', 'TPC_NONE', 'SPC_NONE', 'SPC_MNUF', 'UC_NONE', 'TPC_NONE', 'TPC_NONE', 'UC_MNUF', 'TPC_NONE', 'SBX_MPOLY', 'TPC_NONE', 'TPC_NONE', 'UC_NONE', 'UC_MNUF', 'SPC_NONE', 'TPC_NONE', 'SPC_NONE', 'SPC_NONE', 'SPC_NONE', 'SPC_NONE', 'TPC_MPOLY', 'UC_NONE', 'UC_NONE', 'SPC_NONE', 'UC_NONE', 'UC_NONE', 'UC_NONE', 'SPC_NONE', 'TPC_MPOLY', 'TPC_NONE', 'SPC_NONE', 'SPC_NONE', 'UC_NONE', 'UC_NONE', 'SPC_NONE', 'UC_NONE', 'TPC_NONE', 'TPC_NONE', 'TPC_NONE', 'UC_NONE', 'UC_MPOLY', 'TPC_NONE', 'TPC_NONE', 'TPC_NONE', 'UC_NONE', 'TPC_NONE', 'SPC_NONE', 'TPC_NONE', 'SPC_NONE', 'TPC_NONE', 'UC_NONE', 'UC_NONE', 'TPC_NONE', 'UC_NONE', 'UC_NONE', 'UC_NONE', 'SPC_NONE', 'TPC_NONE', 'UC_NONE', 'TPC_NONE', 'TPC_NONE', 'UC_NONE', 'SPC_NONE', 'UC_NONE', 'SPC_NONE', 'TPC_NONE', 'UC_NONE', 'SPC_NONE', 'UC_NONE', 'TPC_NONE', 'UC_NONE', 'TPC_NONE', 'SPC_NONE', 'TPC_NONE', 'TPC_NONE']","{'UC_MNUF': 3, 'SBX_MNUF': 1, 'TPC_MPOLY': 4, 'TPC_NONE': 28, 'UC_MPOLY': 2, 'SPC_NONE': 19, 'UC_NONE': 24, 'SPC_MNUF': 1, 'SBX_MPOLY': 1}"
6,84,UC,NONE,0.6841637842197676,0.0383032145508359,591564001.28,416122613.0931104,1795609.76,1440530.011523294,0.7390617393703935,1.739200831774035e-05,0.0,0.0,GREEDY_HV,"['SPC_MBFLIP', 'UC_MNUF', 'SBX_MNUF', 'TPC_MPOLY', 'TPC_NONE', 'TPC_NONE', 'TPC_MPOLY', 'UC_MPOLY', 'SPC_NONE', 'UC_NONE', 'TPC_NONE', 'SPC_NONE', 'SPC_MNUF', 'UC_NONE', 'TPC_NONE', 'TPC_NONE', 'UC_MNUF', 'TPC_NONE', 'SBX_MPOLY', 'TPC_NONE', 'TPC_NONE', 'UC_NONE', 'UC_MNUF', 'SPC_NONE', 'TPC_NONE', 'SPC_NONE', 'SPC_NONE', 'SPC_NONE', 'SPC_NONE', 'TPC_MPOLY', 'UC_NONE', 'UC_NONE', 'SPC_NONE', 'UC_NONE', 'UC_NONE', 'UC_NONE', 'SPC_NONE', 'TPC_MPOLY', 'TPC_NONE', 'SPC_NONE', 'SPC_NONE', 'UC_NONE', 'UC_NONE', 'SPC_NONE', 'UC_NONE', 'TPC_NONE', 'TPC_NONE', 'TPC_NONE', 'UC_NONE', 'UC_MPOLY', 'TPC_NONE', 'TPC_NONE', 'TPC_NONE', 'UC_NONE', 'TPC_NONE', 'SPC_NONE', 'TPC_NONE', 'SPC_NONE', 'TPC_NONE', 'UC_NONE', 'UC_NONE', 'TPC_NONE', 'UC_NONE', 'UC_NONE', 'UC_NONE', 'SPC_NONE', 'TPC_NONE', 'UC_NONE', 'TPC_NONE', 'TPC_NONE', 'UC_NONE', 'SPC_NONE', 'UC_NONE', 'SPC_NONE', 'TPC_NONE', 'UC_NONE', 'SPC_NONE', 'UC_NONE', 'TPC_NONE', 'UC_NONE', 'TPC_NONE', 'SPC_NONE', 'TPC_NONE', 'TPC_NONE', 'UC_NONE']","{'UC_MNUF': 3, 'SBX_MNUF': 1, 'TPC_MPOLY': 4, 'TPC_NONE': 28, 'UC_MPOLY': 2, 'SPC_NONE': 19, 'UC_NONE': 25, 'SPC_MNUF': 1, 'SBX_MPOLY': 1}"
6,85,TPC,NONE,0.682760321304641,0.0391438487940503,584251223.04,423798569.73284256,1807955.36,1478429.020546198,0.7390725190220312,1.0779651637649046e-05,0.0,0.0,GREEDY_HV,"['SPC_MBFLIP', 'UC_MNUF', 'SBX_MNUF', 'TPC_MPOLY', 'TPC_NONE', 'TPC_NONE', 'TPC_MPOLY', 'UC_MPOLY', 'SPC_NONE', 'UC_NONE', 'TPC_NONE', 'SPC_NONE', 'SPC_MNUF', 'UC_NONE', 'TPC_NONE', 'TPC_NONE', 'UC_MNUF', 'TPC_NONE', 'SBX_MPOLY', 'TPC_NONE', 'TPC_NONE', 'UC_NONE', 'UC_MNUF', 'SPC_NONE', 'TPC_NONE', 'SPC_NONE', 'SPC_NONE', 'SPC_NONE', 'SPC_NONE', 'TPC_MPOLY', 'UC_NONE', 'UC_NONE', 'SPC_NONE', 'UC_NONE', 'UC_NONE', 'UC_NONE', 'SPC_NONE', 'TPC_MPOLY', 'TPC_NONE', 'SPC_NONE', 'SPC_NONE', 'UC_NONE', 'UC_NONE', 'SPC_NONE', 'UC_NONE', 'TPC_NONE', 'TPC_NONE', 'TPC_NONE', 'UC_NONE', 'UC_MPOLY', 'TPC_NONE', 'TPC_NONE', 'TPC_NONE', 'UC_NONE', 'TPC_NONE', 'SPC_NONE', 'TPC_NONE', 'SPC_NONE', 'TPC_NONE', 'UC_NONE', 'UC_NONE', 'TPC_NONE', 'UC_NONE', 'UC_NONE', 'UC_NONE', 'SPC_NONE', 'TPC_NONE', 'UC_NONE', 'TPC_NONE', 'TPC_NONE', 'UC_NONE', 'SPC_NONE', 'UC_NONE', 'SPC_NONE', 'TPC_NONE', 'UC_NONE', 'SPC_NONE', 'UC_NONE', 'TPC_NONE', 'UC_NONE', 'TPC_NONE', 'SPC_NONE', 'TPC_NONE', 'TPC_NONE', 'UC_NONE', 'TPC_NONE']","{'UC_MNUF': 3, 'SBX_MNUF': 1, 'TPC_MPOLY': 4, 'TPC_NONE': 29, 'UC_MPOLY': 2, 'SPC_NONE': 19, 'UC_NONE': 25, 'SPC_MNUF': 1, 'SBX_MPOLY': 1}"
6,86,TPC,NONE,0.6843704480839053,0.0388336377543983,595556710.4,412172886.5643984,1878709.92,1447048.9403868532,0.7390423144120866,-3.020460994462848e-05,0.0,0.0,GREEDY_HV,"['SPC_MBFLIP', 'UC_MNUF', 'SBX_MNUF', 'TPC_MPOLY', 'TPC_NONE', 'TPC_NONE', 'TPC_MPOLY', 'UC_MPOLY', 'SPC_NONE', 'UC_NONE', 'TPC_NONE', 'SPC_NONE', 'SPC_MNUF', 'UC_NONE', 'TPC_NONE', 'TPC_NONE', 'UC_MNUF', 'TPC_NONE', 'SBX_MPOLY', 'TPC_NONE', 'TPC_NONE', 'UC_NONE', 'UC_MNUF', 'SPC_NONE', 'TPC_NONE', 'SPC_NONE', 'SPC_NONE', 'SPC_NONE', 'SPC_NONE', 'TPC_MPOLY', 'UC_NONE', 'UC_NONE', 'SPC_NONE', 'UC_NONE', 'UC_NONE', 'UC_NONE', 'SPC_NONE', 'TPC_MPOLY', 'TPC_NONE', 'SPC_NONE', 'SPC_NONE', 'UC_NONE', 'UC_NONE', 'SPC_NONE', 'UC_NONE', 'TPC_NONE', 'TPC_NONE', 'TPC_NONE', 'UC_NONE', 'UC_MPOLY', 'TPC_NONE', 'TPC_NONE', 'TPC_NONE', 'UC_NONE', 'TPC_NONE', 'SPC_NONE', 'TPC_NONE', 'SPC_NONE', 'TPC_NONE', 'UC_NONE', 'UC_NONE', 'TPC_NONE', 'UC_NONE', 'UC_NONE', 'UC_NONE', 'SPC_NONE', 'TPC_NONE', 'UC_NONE', 'TPC_NONE', 'TPC_NONE', 'UC_NONE', 'SPC_NONE', 'UC_NONE', 'SPC_NONE', 'TPC_NONE', 'UC_NONE', 'SPC_NONE', 'UC_NONE', 'TPC_NONE', 'UC_NONE', 'TPC_NONE', 'SPC_NONE', 'TPC_NONE', 'TPC_NONE', 'UC_NONE', 'TPC_NONE', 'TPC_NONE']","{'UC_MNUF': 3, 'SBX_MNUF': 1, 'TPC_MPOLY': 4, 'TPC_NONE': 30, 'UC_MPOLY': 2, 'SPC_NONE': 19, 'UC_NONE': 25, 'SPC_MNUF': 1, 'SBX_MPOLY': 1}"
6,87,TPC,NONE,0.6821904900201139,0.0388135826949755,579250032.64,418476829.49699306,1749153.44,1454122.6134578355,0.73904805748746,5.743075373487727e-06,0.0,0.0,GREEDY_HV,"['SPC_MBFLIP', 'UC_MNUF', 'SBX_MNUF', 'TPC_MPOLY', 'TPC_NONE', 'TPC_NONE', 'TPC_MPOLY', 'UC_MPOLY', 'SPC_NONE', 'UC_NONE', 'TPC_NONE', 'SPC_NONE', 'SPC_MNUF', 'UC_NONE', 'TPC_NONE', 'TPC_NONE', 'UC_MNUF', 'TPC_NONE', 'SBX_MPOLY', 'TPC_NONE', 'TPC_NONE', 'UC_NONE', 'UC_MNUF', 'SPC_NONE', 'TPC_NONE', 'SPC_NONE', 'SPC_NONE', 'SPC_NONE', 'SPC_NONE', 'TPC_MPOLY', 'UC_NONE', 'UC_NONE', 'SPC_NONE', 'UC_NONE', 'UC_NONE', 'UC_NONE', 'SPC_NONE', 'TPC_MPOLY', 'TPC_NONE', 'SPC_NONE', 'SPC_NONE', 'UC_NONE', 'UC_NONE', 'SPC_NONE', 'UC_NONE', 'TPC_NONE', 'TPC_NONE', 'TPC_NONE', 'UC_NONE', 'UC_MPOLY', 'TPC_NONE', 'TPC_NONE', 'TPC_NONE', 'UC_NONE', 'TPC_NONE', 'SPC_NONE', 'TPC_NONE', 'SPC_NONE', 'TPC_NONE', 'UC_NONE', 'UC_NONE', 'TPC_NONE', 'UC_NONE', 'UC_NONE', 'UC_NONE', 'SPC_NONE', 'TPC_NONE', 'UC_NONE', 'TPC_NONE', 'TPC_NONE', 'UC_NONE', 'SPC_NONE', 'UC_NONE', 'SPC_NONE', 'TPC_NONE', 'UC_NONE', 'SPC_NONE', 'UC_NONE', 'TPC_NONE', 'UC_NONE', 'TPC_NONE', 'SPC_NONE', 'TPC_NONE', 'TPC_NONE', 'UC_NONE', 'TPC_NONE', 'TPC_NONE', 'TPC_NONE']","{'UC_MNUF': 3, 'SBX_MNUF': 1, 'TPC_MPOLY': 4, 'TPC_NONE': 31, 'UC_MPOLY': 2, 'SPC_NONE': 19, 'UC_NONE': 25, 'SPC_MNUF': 1, 'SBX_MPOLY': 1}"
6,88,TPC,NONE,0.6828588177016632,0.0386756530555444,579611883.52,409295431.48211086,1772238.24,1470063.5504931144,0.7390467868645303,-1.2706229297609897e-06,0.0,0.0,GREEDY_HV,"['SPC_MBFLIP', 'UC_MNUF', 'SBX_MNUF', 'TPC_MPOLY', 'TPC_NONE', 'TPC_NONE', 'TPC_MPOLY', 'UC_MPOLY', 'SPC_NONE', 'UC_NONE', 'TPC_NONE', 'SPC_NONE', 'SPC_MNUF', 'UC_NONE', 'TPC_NONE', 'TPC_NONE', 'UC_MNUF', 'TPC_NONE', 'SBX_MPOLY', 'TPC_NONE', 'TPC_NONE', 'UC_NONE', 'UC_MNUF', 'SPC_NONE', 'TPC_NONE', 'SPC_NONE', 'SPC_NONE', 'SPC_NONE', 'SPC_NONE', 'TPC_MPOLY', 'UC_NONE', 'UC_NONE', 'SPC_NONE', 'UC_NONE', 'UC_NONE', 'UC_NONE', 'SPC_NONE', 'TPC_MPOLY', 'TPC_NONE', 'SPC_NONE', 'SPC_NONE', 'UC_NONE', 'UC_NONE', 'SPC_NONE', 'UC_NONE', 'TPC_NONE', 'TPC_NONE', 'TPC_NONE', 'UC_NONE', 'UC_MPOLY', 'TPC_NONE', 'TPC_NONE', 'TPC_NONE', 'UC_NONE', 'TPC_NONE', 'SPC_NONE', 'TPC_NONE', 'SPC_NONE', 'TPC_NONE', 'UC_NONE', 'UC_NONE', 'TPC_NONE', 'UC_NONE', 'UC_NONE', 'UC_NONE', 'SPC_NONE', 'TPC_NONE', 'UC_NONE', 'TPC_NONE', 'TPC_NONE', 'UC_NONE', 'SPC_NONE', 'UC_NONE', 'SPC_NONE', 'TPC_NONE', 'UC_NONE', 'SPC_NONE', 'UC_NONE', 'TPC_NONE', 'UC_NONE', 'TPC_NONE', 'SPC_NONE', 'TPC_NONE', 'TPC_NONE', 'UC_NONE', 'TPC_NONE', 'TPC_NONE', 'TPC_NONE', 'TPC_NONE']","{'UC_MNUF': 3, 'SBX_MNUF': 1, 'TPC_MPOLY': 4, 'TPC_NONE': 32, 'UC_MPOLY': 2, 'SPC_NONE': 19, 'UC_NONE': 25, 'SPC_MNUF': 1, 'SBX_MPOLY': 1}"
6,89,UC,NONE,0.6839956082505245,0.0388245166776903,606059458.56,414287437.102829,1829985.44,1463230.039266884,0.7390579784779701,1.1191613439764936e-05,0.0,0.0,GREEDY_HV,"['SPC_MBFLIP', 'UC_MNUF', 'SBX_MNUF', 'TPC_MPOLY', 'TPC_NONE', 'TPC_NONE', 'TPC_MPOLY', 'UC_MPOLY', 'SPC_NONE', 'UC_NONE', 'TPC_NONE', 'SPC_NONE', 'SPC_MNUF', 'UC_NONE', 'TPC_NONE', 'TPC_NONE', 'UC_MNUF', 'TPC_NONE', 'SBX_MPOLY', 'TPC_NONE', 'TPC_NONE', 'UC_NONE', 'UC_MNUF', 'SPC_NONE', 'TPC_NONE', 'SPC_NONE', 'SPC_NONE', 'SPC_NONE', 'SPC_NONE', 'TPC_MPOLY', 'UC_NONE', 'UC_NONE', 'SPC_NONE', 'UC_NONE', 'UC_NONE', 'UC_NONE', 'SPC_NONE', 'TPC_MPOLY', 'TPC_NONE', 'SPC_NONE', 'SPC_NONE', 'UC_NONE', 'UC_NONE', 'SPC_NONE', 'UC_NONE', 'TPC_NONE', 'TPC_NONE', 'TPC_NONE', 'UC_NONE', 'UC_MPOLY', 'TPC_NONE', 'TPC_NONE', 'TPC_NONE', 'UC_NONE', 'TPC_NONE', 'SPC_NONE', 'TPC_NONE', 'SPC_NONE', 'TPC_NONE', 'UC_NONE', 'UC_NONE', 'TPC_NONE', 'UC_NONE', 'UC_NONE', 'UC_NONE', 'SPC_NONE', 'TPC_NONE', 'UC_NONE', 'TPC_NONE', 'TPC_NONE', 'UC_NONE', 'SPC_NONE', 'UC_NONE', 'SPC_NONE', 'TPC_NONE', 'UC_NONE', 'SPC_NONE', 'UC_NONE', 'TPC_NONE', 'UC_NONE', 'TPC_NONE', 'SPC_NONE', 'TPC_NONE', 'TPC_NONE', 'UC_NONE', 'TPC_NONE', 'TPC_NONE', 'TPC_NONE', 'TPC_NONE', 'UC_NONE']","{'UC_MNUF': 3, 'SBX_MNUF': 1, 'TPC_MPOLY': 4, 'TPC_NONE': 32, 'UC_MPOLY': 2, 'SPC_NONE': 19, 'UC_NONE': 26, 'SPC_MNUF': 1, 'SBX_MPOLY': 1}"
6,90,UC,NONE,0.6833280636674249,0.0389846957150053,595711539.2,412735284.30976367,1829461.92,1494518.7471472393,0.7390366593545457,-2.131912342440145e-05,0.01,0.0,GREEDY_HV,"['SPC_MBFLIP', 'UC_MNUF', 'SBX_MNUF', 'TPC_MPOLY', 'TPC_NONE', 'TPC_NONE', 'TPC_MPOLY', 'UC_MPOLY', 'SPC_NONE', 'UC_NONE', 'TPC_NONE', 'SPC_NONE', 'SPC_MNUF', 'UC_NONE', 'TPC_NONE', 'TPC_NONE', 'UC_MNUF', 'TPC_NONE', 'SBX_MPOLY', 'TPC_NONE', 'TPC_NONE', 'UC_NONE', 'UC_MNUF', 'SPC_NONE', 'TPC_NONE', 'SPC_NONE', 'SPC_NONE', 'SPC_NONE', 'SPC_NONE', 'TPC_MPOLY', 'UC_NONE', 'UC_NONE', 'SPC_NONE', 'UC_NONE', 'UC_NONE', 'UC_NONE', 'SPC_NONE', 'TPC_MPOLY', 'TPC_NONE', 'SPC_NONE', 'SPC_NONE', 'UC_NONE', 'UC_NONE', 'SPC_NONE', 'UC_NONE', 'TPC_NONE', 'TPC_NONE', 'TPC_NONE', 'UC_NONE', 'UC_MPOLY', 'TPC_NONE', 'TPC_NONE', 'TPC_NONE', 'UC_NONE', 'TPC_NONE', 'SPC_NONE', 'TPC_NONE', 'SPC_NONE', 'TPC_NONE', 'UC_NONE', 'UC_NONE', 'TPC_NONE', 'UC_NONE', 'UC_NONE', 'UC_NONE', 'SPC_NONE', 'TPC_NONE', 'UC_NONE', 'TPC_NONE', 'TPC_NONE', 'UC_NONE', 'SPC_NONE', 'UC_NONE', 'SPC_NONE', 'TPC_NONE', 'UC_NONE', 'SPC_NONE', 'UC_NONE', 'TPC_NONE', 'UC_NONE', 'TPC_NONE', 'SPC_NONE', 'TPC_NONE', 'TPC_NONE', 'UC_NONE', 'TPC_NONE', 'TPC_NONE', 'TPC_NONE', 'TPC_NONE', 'UC_NONE', 'UC_NONE']","{'UC_MNUF': 3, 'SBX_MNUF': 1, 'TPC_MPOLY': 4, 'TPC_NONE': 32, 'UC_MPOLY': 2, 'SPC_NONE': 19, 'UC_NONE': 27, 'SPC_MNUF': 1, 'SBX_MPOLY': 1}"
6,91,TPC,NONE,0.683925852972564,0.0389126311177824,593807416.32,417617502.2838841,1853218.72,1483727.6683358173,0.7391030151705538,6.635581600811236e-05,0.01,0.0,GREEDY_HV,"['SPC_MBFLIP', 'UC_MNUF', 'SBX_MNUF', 'TPC_MPOLY', 'TPC_NONE', 'TPC_NONE', 'TPC_MPOLY', 'UC_MPOLY', 'SPC_NONE', 'UC_NONE', 'TPC_NONE', 'SPC_NONE', 'SPC_MNUF', 'UC_NONE', 'TPC_NONE', 'TPC_NONE', 'UC_MNUF', 'TPC_NONE', 'SBX_MPOLY', 'TPC_NONE', 'TPC_NONE', 'UC_NONE', 'UC_MNUF', 'SPC_NONE', 'TPC_NONE', 'SPC_NONE', 'SPC_NONE', 'SPC_NONE', 'SPC_NONE', 'TPC_MPOLY', 'UC_NONE', 'UC_NONE', 'SPC_NONE', 'UC_NONE', 'UC_NONE', 'UC_NONE', 'SPC_NONE', 'TPC_MPOLY', 'TPC_NONE', 'SPC_NONE', 'SPC_NONE', 'UC_NONE', 'UC_NONE', 'SPC_NONE', 'UC_NONE', 'TPC_NONE', 'TPC_NONE', 'TPC_NONE', 'UC_NONE', 'UC_MPOLY', 'TPC_NONE', 'TPC_NONE', 'TPC_NONE', 'UC_NONE', 'TPC_NONE', 'SPC_NONE', 'TPC_NONE', 'SPC_NONE', 'TPC_NONE', 'UC_NONE', 'UC_NONE', 'TPC_NONE', 'UC_NONE', 'UC_NONE', 'UC_NONE', 'SPC_NONE', 'TPC_NONE', 'UC_NONE', 'TPC_NONE', 'TPC_NONE', 'UC_NONE', 'SPC_NONE', 'UC_NONE', 'SPC_NONE', 'TPC_NONE', 'UC_NONE', 'SPC_NONE', 'UC_NONE', 'TPC_NONE', 'UC_NONE', 'TPC_NONE', 'SPC_NONE', 'TPC_NONE', 'TPC_NONE', 'UC_NONE', 'TPC_NONE', 'TPC_NONE', 'TPC_NONE', 'TPC_NONE', 'UC_NONE', 'UC_NONE', 'TPC_NONE']","{'UC_MNUF': 3, 'SBX_MNUF': 1, 'TPC_MPOLY': 4, 'TPC_NONE': 33, 'UC_MPOLY': 2, 'SPC_NONE': 19, 'UC_NONE': 27, 'SPC_MNUF': 1, 'SBX_MPOLY': 1}"
6,92,SPC,NONE,0.6822359371937929,0.0386673115655957,577565424.64,426666067.1473858,1736548.0,1482330.6135480574,0.7391292926164024,2.6277445848599257e-05,0.0,0.0,GREEDY_HV,"['SPC_MBFLIP', 'UC_MNUF', 'SBX_MNUF', 'TPC_MPOLY', 'TPC_NONE', 'TPC_NONE', 'TPC_MPOLY', 'UC_MPOLY', 'SPC_NONE', 'UC_NONE', 'TPC_NONE', 'SPC_NONE', 'SPC_MNUF', 'UC_NONE', 'TPC_NONE', 'TPC_NONE', 'UC_MNUF', 'TPC_NONE', 'SBX_MPOLY', 'TPC_NONE', 'TPC_NONE', 'UC_NONE', 'UC_MNUF', 'SPC_NONE', 'TPC_NONE', 'SPC_NONE', 'SPC_NONE', 'SPC_NONE', 'SPC_NONE', 'TPC_MPOLY', 'UC_NONE', 'UC_NONE', 'SPC_NONE', 'UC_NONE', 'UC_NONE', 'UC_NONE', 'SPC_NONE', 'TPC_MPOLY', 'TPC_NONE', 'SPC_NONE', 'SPC_NONE', 'UC_NONE', 'UC_NONE', 'SPC_NONE', 'UC_NONE', 'TPC_NONE', 'TPC_NONE', 'TPC_NONE', 'UC_NONE', 'UC_MPOLY', 'TPC_NONE', 'TPC_NONE', 'TPC_NONE', 'UC_NONE', 'TPC_NONE', 'SPC_NONE', 'TPC_NONE', 'SPC_NONE', 'TPC_NONE', 'UC_NONE', 'UC_NONE', 'TPC_NONE', 'UC_NONE', 'UC_NONE', 'UC_NONE', 'SPC_NONE', 'TPC_NONE', 'UC_NONE', 'TPC_NONE', 'TPC_NONE', 'UC_NONE', 'SPC_NONE', 'UC_NONE', 'SPC_NONE', 'TPC_NONE', 'UC_NONE', 'SPC_NONE', 'UC_NONE', 'TPC_NONE', 'UC_NONE', 'TPC_NONE', 'SPC_NONE', 'TPC_NONE', 'TPC_NONE', 'UC_NONE', 'TPC_NONE', 'TPC_NONE', 'TPC_NONE', 'TPC_NONE', 'UC_NONE', 'UC_NONE', 'TPC_NONE', 'SPC_NONE']","{'UC_MNUF': 3, 'SBX_MNUF': 1, 'TPC_MPOLY': 4, 'TPC_NONE': 33, 'UC_MPOLY': 2, 'SPC_NONE': 20, 'UC_NONE': 27, 'SPC_MNUF': 1, 'SBX_MPOLY': 1}"
6,93,SPC,NONE,0.6833811397659235,0.0388290494727643,602653583.36,427288834.40423226,1793277.6,1466286.9092103362,0.7391293879711985,9.53547961701773e-08,0.0,0.0,GREEDY_HV,"['SPC_MBFLIP', 'UC_MNUF', 'SBX_MNUF', 'TPC_MPOLY', 'TPC_NONE', 'TPC_NONE', 'TPC_MPOLY', 'UC_MPOLY', 'SPC_NONE', 'UC_NONE', 'TPC_NONE', 'SPC_NONE', 'SPC_MNUF', 'UC_NONE', 'TPC_NONE', 'TPC_NONE', 'UC_MNUF', 'TPC_NONE', 'SBX_MPOLY', 'TPC_NONE', 'TPC_NONE', 'UC_NONE', 'UC_MNUF', 'SPC_NONE', 'TPC_NONE', 'SPC_NONE', 'SPC_NONE', 'SPC_NONE', 'SPC_NONE', 'TPC_MPOLY', 'UC_NONE', 'UC_NONE', 'SPC_NONE', 'UC_NONE', 'UC_NONE', 'UC_NONE', 'SPC_NONE', 'TPC_MPOLY', 'TPC_NONE', 'SPC_NONE', 'SPC_NONE', 'UC_NONE', 'UC_NONE', 'SPC_NONE', 'UC_NONE', 'TPC_NONE', 'TPC_NONE', 'TPC_NONE', 'UC_NONE', 'UC_MPOLY', 'TPC_NONE', 'TPC_NONE', 'TPC_NONE', 'UC_NONE', 'TPC_NONE', 'SPC_NONE', 'TPC_NONE', 'SPC_NONE', 'TPC_NONE', 'UC_NONE', 'UC_NONE', 'TPC_NONE', 'UC_NONE', 'UC_NONE', 'UC_NONE', 'SPC_NONE', 'TPC_NONE', 'UC_NONE', 'TPC_NONE', 'TPC_NONE', 'UC_NONE', 'SPC_NONE', 'UC_NONE', 'SPC_NONE', 'TPC_NONE', 'UC_NONE', 'SPC_NONE', 'UC_NONE', 'TPC_NONE', 'UC_NONE', 'TPC_NONE', 'SPC_NONE', 'TPC_NONE', 'TPC_NONE', 'UC_NONE', 'TPC_NONE', 'TPC_NONE', 'TPC_NONE', 'TPC_NONE', 'UC_NONE', 'UC_NONE', 'TPC_NONE', 'SPC_NONE', 'SPC_NONE']","{'UC_MNUF': 3, 'SBX_MNUF': 1, 'TPC_MPOLY': 4, 'TPC_NONE': 33, 'UC_MPOLY': 2, 'SPC_NONE': 21, 'UC_NONE': 27, 'SPC_MNUF': 1, 'SBX_MPOLY': 1}"
6,94,TPC,NONE,0.682996161476984,0.0387839093852225,597452544.0,429507365.88390464,1827357.6,1473249.6418210191,0.739131399575448,2.011604249507748e-06,0.0,0.0,GREEDY_HV,"['SPC_MBFLIP', 'UC_MNUF', 'SBX_MNUF', 'TPC_MPOLY', 'TPC_NONE', 'TPC_NONE', 'TPC_MPOLY', 'UC_MPOLY', 'SPC_NONE', 'UC_NONE', 'TPC_NONE', 'SPC_NONE', 'SPC_MNUF', 'UC_NONE', 'TPC_NONE', 'TPC_NONE', 'UC_MNUF', 'TPC_NONE', 'SBX_MPOLY', 'TPC_NONE', 'TPC_NONE', 'UC_NONE', 'UC_MNUF', 'SPC_NONE', 'TPC_NONE', 'SPC_NONE', 'SPC_NONE', 'SPC_NONE', 'SPC_NONE', 'TPC_MPOLY', 'UC_NONE', 'UC_NONE', 'SPC_NONE', 'UC_NONE', 'UC_NONE', 'UC_NONE', 'SPC_NONE', 'TPC_MPOLY', 'TPC_NONE', 'SPC_NONE', 'SPC_NONE', 'UC_NONE', 'UC_NONE', 'SPC_NONE', 'UC_NONE', 'TPC_NONE', 'TPC_NONE', 'TPC_NONE', 'UC_NONE', 'UC_MPOLY', 'TPC_NONE', 'TPC_NONE', 'TPC_NONE', 'UC_NONE', 'TPC_NONE', 'SPC_NONE', 'TPC_NONE', 'SPC_NONE', 'TPC_NONE', 'UC_NONE', 'UC_NONE', 'TPC_NONE', 'UC_NONE', 'UC_NONE', 'UC_NONE', 'SPC_NONE', 'TPC_NONE', 'UC_NONE', 'TPC_NONE', 'TPC_NONE', 'UC_NONE', 'SPC_NONE', 'UC_NONE', 'SPC_NONE', 'TPC_NONE', 'UC_NONE', 'SPC_NONE', 'UC_NONE', 'TPC_NONE', 'UC_NONE', 'TPC_NONE', 'SPC_NONE', 'TPC_NONE', 'TPC_NONE', 'UC_NONE', 'TPC_NONE', 'TPC_NONE', 'TPC_NONE', 'TPC_NONE', 'UC_NONE', 'UC_NONE', 'TPC_NONE', 'SPC_NONE', 'SPC_NONE', 'TPC_NONE']","{'UC_MNUF': 3, 'SBX_MNUF': 1, 'TPC_MPOLY': 4, 'TPC_NONE': 34, 'UC_MPOLY': 2, 'SPC_NONE': 21, 'UC_NONE': 27, 'SPC_MNUF': 1, 'SBX_MPOLY': 1}"
6,95,SPC,NONE,0.6823814943619715,0.0387766181190737,587146337.28,429363267.56601465,1792303.52,1483397.585876238,0.7391405972166187,9.197641170688442e-06,0.02,0.0,GREEDY_HV,"['SPC_MBFLIP', 'UC_MNUF', 'SBX_MNUF', 'TPC_MPOLY', 'TPC_NONE', 'TPC_NONE', 'TPC_MPOLY', 'UC_MPOLY', 'SPC_NONE', 'UC_NONE', 'TPC_NONE', 'SPC_NONE', 'SPC_MNUF', 'UC_NONE', 'TPC_NONE', 'TPC_NONE', 'UC_MNUF', 'TPC_NONE', 'SBX_MPOLY', 'TPC_NONE', 'TPC_NONE', 'UC_NONE', 'UC_MNUF', 'SPC_NONE', 'TPC_NONE', 'SPC_NONE', 'SPC_NONE', 'SPC_NONE', 'SPC_NONE', 'TPC_MPOLY', 'UC_NONE', 'UC_NONE', 'SPC_NONE', 'UC_NONE', 'UC_NONE', 'UC_NONE', 'SPC_NONE', 'TPC_MPOLY', 'TPC_NONE', 'SPC_NONE', 'SPC_NONE', 'UC_NONE', 'UC_NONE', 'SPC_NONE', 'UC_NONE', 'TPC_NONE', 'TPC_NONE', 'TPC_NONE', 'UC_NONE', 'UC_MPOLY', 'TPC_NONE', 'TPC_NONE', 'TPC_NONE', 'UC_NONE', 'TPC_NONE', 'SPC_NONE', 'TPC_NONE', 'SPC_NONE', 'TPC_NONE', 'UC_NONE', 'UC_NONE', 'TPC_NONE', 'UC_NONE', 'UC_NONE', 'UC_NONE', 'SPC_NONE', 'TPC_NONE', 'UC_NONE', 'TPC_NONE', 'TPC_NONE', 'UC_NONE', 'SPC_NONE', 'UC_NONE', 'SPC_NONE', 'TPC_NONE', 'UC_NONE', 'SPC_NONE', 'UC_NONE', 'TPC_NONE', 'UC_NONE', 'TPC_NONE', 'SPC_NONE', 'TPC_NONE', 'TPC_NONE', 'UC_NONE', 'TPC_NONE', 'TPC_NONE', 'TPC_NONE', 'TPC_NONE', 'UC_NONE', 'UC_NONE', 'TPC_NONE', 'SPC_NONE', 'SPC_NONE', 'TPC_NONE', 'SPC_NONE']","{'UC_MNUF': 3, 'SBX_MNUF': 1, 'TPC_MPOLY': 4, 'TPC_NONE': 34, 'UC_MPOLY': 2, 'SPC_NONE': 22, 'UC_NONE': 27, 'SPC_MNUF': 1, 'SBX_MPOLY': 1}"
6,96,SPC,NONE,0.6821586276388382,0.038791635669368,571030886.4,430064040.4668614,1804569.76,1475344.8266601074,0.7391361903569301,-4.406859688610432e-06,0.0,0.0,GREEDY_HV,"['SPC_MBFLIP', 'UC_MNUF', 'SBX_MNUF', 'TPC_MPOLY', 'TPC_NONE', 'TPC_NONE', 'TPC_MPOLY', 'UC_MPOLY', 'SPC_NONE', 'UC_NONE', 'TPC_NONE', 'SPC_NONE', 'SPC_MNUF', 'UC_NONE', 'TPC_NONE', 'TPC_NONE', 'UC_MNUF', 'TPC_NONE', 'SBX_MPOLY', 'TPC_NONE', 'TPC_NONE', 'UC_NONE', 'UC_MNUF', 'SPC_NONE', 'TPC_NONE', 'SPC_NONE', 'SPC_NONE', 'SPC_NONE', 'SPC_NONE', 'TPC_MPOLY', 'UC_NONE', 'UC_NONE', 'SPC_NONE', 'UC_NONE', 'UC_NONE', 'UC_NONE', 'SPC_NONE', 'TPC_MPOLY', 'TPC_NONE', 'SPC_NONE', 'SPC_NONE', 'UC_NONE', 'UC_NONE', 'SPC_NONE', 'UC_NONE', 'TPC_NONE', 'TPC_NONE', 'TPC_NONE', 'UC_NONE', 'UC_MPOLY', 'TPC_NONE', 'TPC_NONE', 'TPC_NONE', 'UC_NONE', 'TPC_NONE', 'SPC_NONE', 'TPC_NONE', 'SPC_NONE', 'TPC_NONE', 'UC_NONE', 'UC_NONE', 'TPC_NONE', 'UC_NONE', 'UC_NONE', 'UC_NONE', 'SPC_NONE', 'TPC_NONE', 'UC_NONE', 'TPC_NONE', 'TPC_NONE', 'UC_NONE', 'SPC_NONE', 'UC_NONE', 'SPC_NONE', 'TPC_NONE', 'UC_NONE', 'SPC_NONE', 'UC_NONE', 'TPC_NONE', 'UC_NONE', 'TPC_NONE', 'SPC_NONE', 'TPC_NONE', 'TPC_NONE', 'UC_NONE', 'TPC_NONE', 'TPC_NONE', 'TPC_NONE', 'TPC_NONE', 'UC_NONE', 'UC_NONE', 'TPC_NONE', 'SPC_NONE', 'SPC_NONE', 'TPC_NONE', 'SPC_NONE', 'SPC_NONE']","{'UC_MNUF': 3, 'SBX_MNUF': 1, 'TPC_MPOLY': 4, 'TPC_NONE': 34, 'UC_MPOLY': 2, 'SPC_NONE': 23, 'UC_NONE': 27, 'SPC_MNUF': 1, 'SBX_MPOLY': 1}"
6,97,SPC,NONE,0.6831238566508643,0.0389178118156413,575437378.56,420563449.9322043,1848599.2,1475159.3419195365,0.739132502598545,-3.687758385106932e-06,0.0,0.0,GREEDY_HV,"['SPC_MBFLIP', 'UC_MNUF', 'SBX_MNUF', 'TPC_MPOLY', 'TPC_NONE', 'TPC_NONE', 'TPC_MPOLY', 'UC_MPOLY', 'SPC_NONE', 'UC_NONE', 'TPC_NONE', 'SPC_NONE', 'SPC_MNUF', 'UC_NONE', 'TPC_NONE', 'TPC_NONE', 'UC_MNUF', 'TPC_NONE', 'SBX_MPOLY', 'TPC_NONE', 'TPC_NONE', 'UC_NONE', 'UC_MNUF', 'SPC_NONE', 'TPC_NONE', 'SPC_NONE', 'SPC_NONE', 'SPC_NONE', 'SPC_NONE', 'TPC_MPOLY', 'UC_NONE', 'UC_NONE', 'SPC_NONE', 'UC_NONE', 'UC_NONE', 'UC_NONE', 'SPC_NONE', 'TPC_MPOLY', 'TPC_NONE', 'SPC_NONE', 'SPC_NONE', 'UC_NONE', 'UC_NONE', 'SPC_NONE', 'UC_NONE', 'TPC_NONE', 'TPC_NONE', 'TPC_NONE', 'UC_NONE', 'UC_MPOLY', 'TPC_NONE', 'TPC_NONE', 'TPC_NONE', 'UC_NONE', 'TPC_NONE', 'SPC_NONE', 'TPC_NONE', 'SPC_NONE', 'TPC_NONE', 'UC_NONE', 'UC_NONE', 'TPC_NONE', 'UC_NONE', 'UC_NONE', 'UC_NONE', 'SPC_NONE', 'TPC_NONE', 'UC_NONE', 'TPC_NONE', 'TPC_NONE', 'UC_NONE', 'SPC_NONE', 'UC_NONE', 'SPC_NONE', 'TPC_NONE', 'UC_NONE', 'SPC_NONE', 'UC_NONE', 'TPC_NONE', 'UC_NONE', 'TPC_NONE', 'SPC_NONE', 'TPC_NONE', 'TPC_NONE', 'UC_NONE', 'TPC_NONE', 'TPC_NONE', 'TPC_NONE', 'TPC_NONE', 'UC_NONE', 'UC_NONE', 'TPC_NONE', 'SPC_NONE', 'SPC_NONE', 'TPC_NONE', 'SPC_NONE', 'SPC_NONE', 'SPC_NONE']","{'UC_MNUF': 3, 'SBX_MNUF': 1, 'TPC_MPOLY': 4, 'TPC_NONE': 34, 'UC_MPOLY': 2, 'SPC_NONE': 24, 'UC_NONE': 27, 'SPC_MNUF': 1, 'SBX_MPOLY': 1}"
6,98,UC,NONE,0.6846582862267527,0.0386790872730308,599516682.24,412406608.5447487,1888316.32,1469431.616834066,0.7391330441649153,5.415663703045581e-07,0.0,0.0,GREEDY_HV,"['SPC_MBFLIP', 'UC_MNUF', 'SBX_MNUF', 'TPC_MPOLY', 'TPC_NONE', 'TPC_NONE', 'TPC_MPOLY', 'UC_MPOLY', 'SPC_NONE', 'UC_NONE', 'TPC_NONE', 'SPC_NONE', 'SPC_MNUF', 'UC_NONE', 'TPC_NONE', 'TPC_NONE', 'UC_MNUF', 'TPC_NONE', 'SBX_MPOLY', 'TPC_NONE', 'TPC_NONE', 'UC_NONE', 'UC_MNUF', 'SPC_NONE', 'TPC_NONE', 'SPC_NONE', 'SPC_NONE', 'SPC_NONE', 'SPC_NONE', 'TPC_MPOLY', 'UC_NONE', 'UC_NONE', 'SPC_NONE', 'UC_NONE', 'UC_NONE', 'UC_NONE', 'SPC_NONE', 'TPC_MPOLY', 'TPC_NONE', 'SPC_NONE', 'SPC_NONE', 'UC_NONE', 'UC_NONE', 'SPC_NONE', 'UC_NONE', 'TPC_NONE', 'TPC_NONE', 'TPC_NONE', 'UC_NONE', 'UC_MPOLY', 'TPC_NONE', 'TPC_NONE', 'TPC_NONE', 'UC_NONE', 'TPC_NONE', 'SPC_NONE', 'TPC_NONE', 'SPC_NONE', 'TPC_NONE', 'UC_NONE', 'UC_NONE', 'TPC_NONE', 'UC_NONE', 'UC_NONE', 'UC_NONE', 'SPC_NONE', 'TPC_NONE', 'UC_NONE', 'TPC_NONE', 'TPC_NONE', 'UC_NONE', 'SPC_NONE', 'UC_NONE', 'SPC_NONE', 'TPC_NONE', 'UC_NONE', 'SPC_NONE', 'UC_NONE', 'TPC_NONE', 'UC_NONE', 'TPC_NONE', 'SPC_NONE', 'TPC_NONE', 'TPC_NONE', 'UC_NONE', 'TPC_NONE', 'TPC_NONE', 'TPC_NONE', 'TPC_NONE', 'UC_NONE', 'UC_NONE', 'TPC_NONE', 'SPC_NONE', 'SPC_NONE', 'TPC_NONE', 'SPC_NONE', 'SPC_NONE', 'SPC_NONE', 'UC_NONE']","{'UC_MNUF': 3, 'SBX_MNUF': 1, 'TPC_MPOLY': 4, 'TPC_NONE': 34, 'UC_MPOLY': 2, 'SPC_NONE': 24, 'UC_NONE': 28, 'SPC_MNUF': 1, 'SBX_MPOLY': 1}"
6,99,UC,NONE,0.684418972722653,0.0384383595349268,593276231.68,410252283.59456056,1824398.24,1439806.4574850963,0.7391280490116232,-4.995153292108867e-06,0.0,0.0,GREEDY_HV,"['SPC_MBFLIP', 'UC_MNUF', 'SBX_MNUF', 'TPC_MPOLY', 'TPC_NONE', 'TPC_NONE', 'TPC_MPOLY', 'UC_MPOLY', 'SPC_NONE', 'UC_NONE', 'TPC_NONE', 'SPC_NONE', 'SPC_MNUF', 'UC_NONE', 'TPC_NONE', 'TPC_NONE', 'UC_MNUF', 'TPC_NONE', 'SBX_MPOLY', 'TPC_NONE', 'TPC_NONE', 'UC_NONE', 'UC_MNUF', 'SPC_NONE', 'TPC_NONE', 'SPC_NONE', 'SPC_NONE', 'SPC_NONE', 'SPC_NONE', 'TPC_MPOLY', 'UC_NONE', 'UC_NONE', 'SPC_NONE', 'UC_NONE', 'UC_NONE', 'UC_NONE', 'SPC_NONE', 'TPC_MPOLY', 'TPC_NONE', 'SPC_NONE', 'SPC_NONE', 'UC_NONE', 'UC_NONE', 'SPC_NONE', 'UC_NONE', 'TPC_NONE', 'TPC_NONE', 'TPC_NONE', 'UC_NONE', 'UC_MPOLY', 'TPC_NONE', 'TPC_NONE', 'TPC_NONE', 'UC_NONE', 'TPC_NONE', 'SPC_NONE', 'TPC_NONE', 'SPC_NONE', 'TPC_NONE', 'UC_NONE', 'UC_NONE', 'TPC_NONE', 'UC_NONE', 'UC_NONE', 'UC_NONE', 'SPC_NONE', 'TPC_NONE', 'UC_NONE', 'TPC_NONE', 'TPC_NONE', 'UC_NONE', 'SPC_NONE', 'UC_NONE', 'SPC_NONE', 'TPC_NONE', 'UC_NONE', 'SPC_NONE', 'UC_NONE', 'TPC_NONE', 'UC_NONE', 'TPC_NONE', 'SPC_NONE', 'TPC_NONE', 'TPC_NONE', 'UC_NONE', 'TPC_NONE', 'TPC_NONE', 'TPC_NONE', 'TPC_NONE', 'UC_NONE', 'UC_NONE', 'TPC_NONE', 'SPC_NONE', 'SPC_NONE', 'TPC_NONE', 'SPC_NONE', 'SPC_NONE', 'SPC_NONE', 'UC_NONE', 'UC_NONE']","{'UC_MNUF': 3, 'SBX_MNUF': 1, 'TPC_MPOLY': 4, 'TPC_NONE': 34, 'UC_MPOLY': 2, 'SPC_NONE': 24, 'UC_NONE': 29, 'SPC_MNUF': 1, 'SBX_MPOLY': 1}"
6,100,SPC,NONE,0.6840721564382202,0.038483594704847,595590108.16,414304684.848376,1855388.32,1454533.5491890097,0.7391339973426334,5.948331010197094e-06,0.0,0.0,GREEDY_HV,"['SPC_MBFLIP', 'UC_MNUF', 'SBX_MNUF', 'TPC_MPOLY', 'TPC_NONE', 'TPC_NONE', 'TPC_MPOLY', 'UC_MPOLY', 'SPC_NONE', 'UC_NONE', 'TPC_NONE', 'SPC_NONE', 'SPC_MNUF', 'UC_NONE', 'TPC_NONE', 'TPC_NONE', 'UC_MNUF', 'TPC_NONE', 'SBX_MPOLY', 'TPC_NONE', 'TPC_NONE', 'UC_NONE', 'UC_MNUF', 'SPC_NONE', 'TPC_NONE', 'SPC_NONE', 'SPC_NONE', 'SPC_NONE', 'SPC_NONE', 'TPC_MPOLY', 'UC_NONE', 'UC_NONE', 'SPC_NONE', 'UC_NONE', 'UC_NONE', 'UC_NONE', 'SPC_NONE', 'TPC_MPOLY', 'TPC_NONE', 'SPC_NONE', 'SPC_NONE', 'UC_NONE', 'UC_NONE', 'SPC_NONE', 'UC_NONE', 'TPC_NONE', 'TPC_NONE', 'TPC_NONE', 'UC_NONE', 'UC_MPOLY', 'TPC_NONE', 'TPC_NONE', 'TPC_NONE', 'UC_NONE', 'TPC_NONE', 'SPC_NONE', 'TPC_NONE', 'SPC_NONE', 'TPC_NONE', 'UC_NONE', 'UC_NONE', 'TPC_NONE', 'UC_NONE', 'UC_NONE', 'UC_NONE', 'SPC_NONE', 'TPC_NONE', 'UC_NONE', 'TPC_NONE', 'TPC_NONE', 'UC_NONE', 'SPC_NONE', 'UC_NONE', 'SPC_NONE', 'TPC_NONE', 'UC_NONE', 'SPC_NONE', 'UC_NONE', 'TPC_NONE', 'UC_NONE', 'TPC_NONE', 'SPC_NONE', 'TPC_NONE', 'TPC_NONE', 'UC_NONE', 'TPC_NONE', 'TPC_NONE', 'TPC_NONE', 'TPC_NONE', 'UC_NONE', 'UC_NONE', 'TPC_NONE', 'SPC_NONE', 'SPC_NONE', 'TPC_NONE', 'SPC_NONE', 'SPC_NONE', 'SPC_NONE', 'UC_NONE', 'UC_NONE', 'SPC_NONE']","{'UC_MNUF': 3, 'SBX_MNUF': 1, 'TPC_MPOLY': 4, 'TPC_NONE': 34, 'UC_MPOLY': 2, 'SPC_NONE': 25, 'UC_NONE': 29, 'SPC_MNUF': 1, 'SBX_MPOLY': 1}"
7,1,SPC,MNUF,0.6590352350602235,0.0200917106603897,1680572200.96,1367193837.9401033,3159009.44,1809172.006294815,0.69178649933843,0.0,0.26,0.09,GREEDY_HV,"['SPC_MBFLIP', 'SPC_MNUF']",{'SPC_MNUF': 1}
7,2,TPC,NONE,0.6617523388105249,0.0232173903427562,1322105350.4,1363624860.4620557,2559118.24,1688264.725808634,0.7002859812889553,0.0084994819505253,0.14,0.0,GREEDY_HV,"['SPC_MBFLIP', 'SPC_MNUF', 'TPC_NONE']","{'SPC_MNUF': 1, 'TPC_NONE': 1}"
7,3,TPC,MPOLY,0.6706468859796887,0.0202861911405468,1002219495.68,863093410.2650155,2554629.28,1455947.7159978382,0.7079331457960986,0.0076471645071433,0.17,0.085,GREEDY_HV,"['SPC_MBFLIP', 'SPC_MNUF', 'TPC_NONE', 'TPC_MPOLY']","{'SPC_MNUF': 1, 'TPC_NONE': 1, 'TPC_MPOLY': 1}"
7,4,TPC,NONE,0.6718926622135014,0.0221394871536703,863113251.84,904504328.179776,2307785.12,1544109.5985754463,0.7174337026899309,0.0095005568938323,0.08,0.0,GREEDY_HV,"['SPC_MBFLIP', 'SPC_MNUF', 'TPC_NONE', 'TPC_MPOLY', 'TPC_NONE']","{'SPC_MNUF': 1, 'TPC_NONE': 2, 'TPC_MPOLY': 1}"
7,5,UC,NONE,0.6735683529178881,0.0239350528342452,875979631.36,1043321022.9197257,2145790.88,1500786.223238908,0.7244073478995263,0.0069736452095954,0.1,0.0,GREEDY_HV,"['SPC_MBFLIP', 'SPC_MNUF', 'TPC_NONE', 'TPC_MPOLY', 'TPC_NONE', 'UC_NONE']","{'SPC_MNUF': 1, 'TPC_NONE': 2, 'TPC_MPOLY': 1, 'UC_NONE': 1}"
7,6,SPC,NONE,0.6728700705762204,0.0271225745561369,882981975.04,1095316388.903219,1907499.68,1667294.5015957486,0.7271985077040303,0.0027911598045039,0.07,0.0,GREEDY_HV,"['SPC_MBFLIP', 'SPC_MNUF', 'TPC_NONE', 'TPC_MPOLY', 'TPC_NONE', 'UC_NONE', 'SPC_NONE']","{'SPC_MNUF': 1, 'TPC_NONE': 2, 'TPC_MPOLY': 1, 'UC_NONE': 1, 'SPC_NONE': 1}"
7,7,UC,NONE,0.6761728283311903,0.0324850199665358,709817523.2,742894381.0455999,2063202.72,1563598.2903946524,0.7319149024058723,0.004716394701842,0.08,0.0,GREEDY_HV,"['SPC_MBFLIP', 'SPC_MNUF', 'TPC_NONE', 'TPC_MPOLY', 'TPC_NONE', 'UC_NONE', 'SPC_NONE', 'UC_NONE']","{'SPC_MNUF': 1, 'TPC_NONE': 2, 'TPC_MPOLY': 1, 'UC_NONE': 2, 'SPC_NONE': 1}"
7,8,TPC,NONE,0.6781135079628071,0.0221879398091252,534426053.12,507070367.1189652,1521314.72,1288533.4151693392,0.7344110715781791,0.0024961691723067,0.07,0.0,GREEDY_HV,"['SPC_MBFLIP', 'SPC_MNUF', 'TPC_NONE', 'TPC_MPOLY', 'TPC_NONE', 'UC_NONE', 'SPC_NONE', 'UC_NONE', 'TPC_NONE']","{'SPC_MNUF': 1, 'TPC_NONE': 3, 'TPC_MPOLY': 1, 'UC_NONE': 2, 'SPC_NONE': 1}"
7,9,TPC,NONE,0.678896779655443,0.0240608429029959,448779509.76,451863895.8557144,1343892.64,907894.5697238148,0.7351995736592198,0.0007885020810407,0.03,0.0,GREEDY_HV,"['SPC_MBFLIP', 'SPC_MNUF', 'TPC_NONE', 'TPC_MPOLY', 'TPC_NONE', 'UC_NONE', 'SPC_NONE', 'UC_NONE', 'TPC_NONE', 'TPC_NONE']","{'SPC_MNUF': 1, 'TPC_NONE': 4, 'TPC_MPOLY': 1, 'UC_NONE': 2, 'SPC_NONE': 1}"
7,10,SPC,NONE,0.684019569725042,0.026308372560634,477405274.88,327831483.1784356,1548396.96,995666.5174554172,0.7355868511751366,0.0003872775159167,0.04,0.0,GREEDY_HV,"['SPC_MBFLIP', 'SPC_MNUF', 'TPC_NONE', 'TPC_MPOLY', 'TPC_NONE', 'UC_NONE', 'SPC_NONE', 'UC_NONE', 'TPC_NONE', 'TPC_NONE', 'SPC_NONE']","{'SPC_MNUF': 1, 'TPC_NONE': 4, 'TPC_MPOLY': 1, 'UC_NONE': 2, 'SPC_NONE': 2}"
7,11,SPC,NONE,0.6905071449221275,0.0219464122879518,540482076.16,353625808.62184435,1778072.48,1186260.7184294397,0.735909150216814,0.0003222990416774,0.04,0.0,GREEDY_HV,"['SPC_MBFLIP', 'SPC_MNUF', 'TPC_NONE', 'TPC_MPOLY', 'TPC_NONE', 'UC_NONE', 'SPC_NONE', 'UC_NONE', 'TPC_NONE', 'TPC_NONE', 'SPC_NONE', 'SPC_NONE']","{'SPC_MNUF': 1, 'TPC_NONE': 4, 'TPC_MPOLY': 1, 'UC_NONE': 2, 'SPC_NONE': 3}"
7,12,TPC,NONE,0.6894720266662691,0.0217574529533567,489672486.4,341756653.2742592,1702507.68,1157933.2603059546,0.7360567976882143,0.0001476474714002,0.03,0.0,GREEDY_HV,"['SPC_MBFLIP', 'SPC_MNUF', 'TPC_NONE', 'TPC_MPOLY', 'TPC_NONE', 'UC_NONE', 'SPC_NONE', 'UC_NONE', 'TPC_NONE', 'TPC_NONE', 'SPC_NONE', 'SPC_NONE', 'TPC_NONE']","{'SPC_MNUF': 1, 'TPC_NONE': 5, 'TPC_MPOLY': 1, 'UC_NONE': 2, 'SPC_NONE': 3}"
7,13,TPC,MPOLY,0.6910228313173596,0.0186259978037171,503769600.0,343134048.7236234,1735494.56,1146856.5498824022,0.7366586880132671,0.0006018903250527,0.0,0.0,GREEDY_HV,"['SPC_MBFLIP', 'SPC_MNUF', 'TPC_NONE', 'TPC_MPOLY', 'TPC_NONE', 'UC_NONE', 'SPC_NONE', 'UC_NONE', 'TPC_NONE', 'TPC_NONE', 'SPC_NONE', 'SPC_NONE', 'TPC_NONE', 'TPC_MPOLY']","{'SPC_MNUF': 1, 'TPC_NONE': 5, 'TPC_MPOLY': 2, 'UC_NONE': 2, 'SPC_NONE': 3}"
7,14,TPC,NONE,0.6898415491388099,0.0224625650631449,519698506.24,363761521.6173815,1765788.32,1277725.454768643,0.7367903940852665,0.0001317060719994,0.02,0.0,GREEDY_HV,"['SPC_MBFLIP', 'SPC_MNUF', 'TPC_NONE', 'TPC_MPOLY', 'TPC_NONE', 'UC_NONE', 'SPC_NONE', 'UC_NONE', 'TPC_NONE', 'TPC_NONE', 'SPC_NONE', 'SPC_NONE', 'TPC_NONE', 'TPC_MPOLY', 'TPC_NONE']","{'SPC_MNUF': 1, 'TPC_NONE': 6, 'TPC_MPOLY': 2, 'UC_NONE': 2, 'SPC_NONE': 3}"
7,15,TPC,NONE,0.6901368592551971,0.0242458031708737,535127032.32,380182892.0137377,1746663.84,1144928.2975535432,0.7369036096432189,0.0001132155579524,0.01,0.0,GREEDY_HV,"['SPC_MBFLIP', 'SPC_MNUF', 'TPC_NONE', 'TPC_MPOLY', 'TPC_NONE', 'UC_NONE', 'SPC_NONE', 'UC_NONE', 'TPC_NONE', 'TPC_NONE', 'SPC_NONE', 'SPC_NONE', 'TPC_NONE', 'TPC_MPOLY', 'TPC_NONE', 'TPC_NONE']","{'SPC_MNUF': 1, 'TPC_NONE': 7, 'TPC_MPOLY': 2, 'UC_NONE': 2, 'SPC_NONE': 3}"
7,16,SPC,MPOLY,0.6891210548545236,0.025969960741173,519192779.52,381625017.1749941,1758350.24,1150326.9513820591,0.7370640663498503,0.0001604567066314,0.01,0.005,GREEDY_HV,"['SPC_MBFLIP', 'SPC_MNUF', 'TPC_NONE', 'TPC_MPOLY', 'TPC_NONE', 'UC_NONE', 'SPC_NONE', 'UC_NONE', 'TPC_NONE', 'TPC_NONE', 'SPC_NONE', 'SPC_NONE', 'TPC_NONE', 'TPC_MPOLY', 'TPC_NONE', 'TPC_NONE', 'SPC_MPOLY']","{'SPC_MNUF': 1, 'TPC_NONE': 7, 'TPC_MPOLY': 2, 'UC_NONE': 2, 'SPC_NONE': 3, 'SPC_MPOLY': 1}"
7,17,UC,MPOLY,0.6883837903658332,0.0282583049413399,520470597.12,384434847.17587423,1780780.96,1157137.918056667,0.7372482639029629,0.0001841975531126,0.0,0.0,GREEDY_HV,"['SPC_MBFLIP', 'SPC_MNUF', 'TPC_NONE', 'TPC_MPOLY', 'TPC_NONE', 'UC_NONE', 'SPC_NONE', 'UC_NONE', 'TPC_NONE', 'TPC_NONE', 'SPC_NONE', 'SPC_NONE', 'TPC_NONE', 'TPC_MPOLY', 'TPC_NONE', 'TPC_NONE', 'SPC_MPOLY', 'UC_MPOLY']","{'SPC_MNUF': 1, 'TPC_NONE': 7, 'TPC_MPOLY': 2, 'UC_NONE': 2, 'SPC_NONE': 3, 'SPC_MPOLY': 1, 'UC_MPOLY': 1}"
7,18,SPC,NONE,0.6856074459244133,0.0324294987722356,526983618.56,385224032.825624,1729374.88,1187615.6343165012,0.7373098145640727,6.155066110979934e-05,0.02,0.0,GREEDY_HV,"['SPC_MBFLIP', 'SPC_MNUF', 'TPC_NONE', 'TPC_MPOLY', 'TPC_NONE', 'UC_NONE', 'SPC_NONE', 'UC_NONE', 'TPC_NONE', 'TPC_NONE', 'SPC_NONE', 'SPC_NONE', 'TPC_NONE', 'TPC_MPOLY', 'TPC_NONE', 'TPC_NONE', 'SPC_MPOLY', 'UC_MPOLY', 'SPC_NONE']","{'SPC_MNUF': 1, 'TPC_NONE': 7, 'TPC_MPOLY': 2, 'UC_NONE': 2, 'SPC_NONE': 4, 'SPC_MPOLY': 1, 'UC_MPOLY': 1}"
7,19,SBX,MPOLY,0.6833976238934847,0.0360206939563943,518590845.44,383359670.2253829,1698894.24,1183487.6335615264,0.7377326492489165,0.0004228346848437,0.0,0.05,GREEDY_HV,"['SPC_MBFLIP', 'SPC_MNUF', 'TPC_NONE', 'TPC_MPOLY', 'TPC_NONE', 'UC_NONE', 'SPC_NONE', 'UC_NONE', 'TPC_NONE', 'TPC_NONE', 'SPC_NONE', 'SPC_NONE', 'TPC_NONE', 'TPC_MPOLY', 'TPC_NONE', 'TPC_NONE', 'SPC_MPOLY', 'UC_MPOLY', 'SPC_NONE', 'SBX_MPOLY']","{'SPC_MNUF': 1, 'TPC_NONE': 7, 'TPC_MPOLY': 2, 'UC_NONE': 2, 'SPC_NONE': 4, 'SPC_MPOLY': 1, 'UC_MPOLY': 1, 'SBX_MPOLY': 1}"
7,20,UC,NONE,0.6808654060524921,0.0399471892278414,514251604.48,391117115.2052971,1688458.4,1201306.8375563673,0.7377969081347732,6.425888585670503e-05,0.01,0.0,GREEDY_HV,"['SPC_MBFLIP', 'SPC_MNUF', 'TPC_NONE', 'TPC_MPOLY', 'TPC_NONE', 'UC_NONE', 'SPC_NONE', 'UC_NONE', 'TPC_NONE', 'TPC_NONE', 'SPC_NONE', 'SPC_NONE', 'TPC_NONE', 'TPC_MPOLY', 'TPC_NONE', 'TPC_NONE', 'SPC_MPOLY', 'UC_MPOLY', 'SPC_NONE', 'SBX_MPOLY', 'UC_NONE']","{'SPC_MNUF': 1, 'TPC_NONE': 7, 'TPC_MPOLY': 2, 'UC_NONE': 3, 'SPC_NONE': 4, 'SPC_MPOLY': 1, 'UC_MPOLY': 1, 'SBX_MPOLY': 1}"
7,21,UC,NONE,0.6836142647166976,0.0374682136040744,537350530.56,417173641.5517204,1750743.2,1216996.076078473,0.7378506383171219,5.37301823487768e-05,0.01,0.0,GREEDY_HV,"['SPC_MBFLIP', 'SPC_MNUF', 'TPC_NONE', 'TPC_MPOLY', 'TPC_NONE', 'UC_NONE', 'SPC_NONE', 'UC_NONE', 'TPC_NONE', 'TPC_NONE', 'SPC_NONE', 'SPC_NONE', 'TPC_NONE', 'TPC_MPOLY', 'TPC_NONE', 'TPC_NONE', 'SPC_MPOLY', 'UC_MPOLY', 'SPC_NONE', 'SBX_MPOLY', 'UC_NONE', 'UC_NONE']","{'SPC_MNUF': 1, 'TPC_NONE': 7, 'TPC_MPOLY': 2, 'UC_NONE': 4, 'SPC_NONE': 4, 'SPC_MPOLY': 1, 'UC_MPOLY': 1, 'SBX_MPOLY': 1}"
7,22,TPC,NONE,0.6796353624470474,0.0405603799464981,509818874.88,414091717.59606624,1619233.44,1184348.7905513674,0.7379142985288882,6.366021176629211e-05,0.01,0.0,GREEDY_HV,"['SPC_MBFLIP', 'SPC_MNUF', 'TPC_NONE', 'TPC_MPOLY', 'TPC_NONE', 'UC_NONE', 'SPC_NONE', 'UC_NONE', 'TPC_NONE', 'TPC_NONE', 'SPC_NONE', 'SPC_NONE', 'TPC_NONE', 'TPC_MPOLY', 'TPC_NONE', 'TPC_NONE', 'SPC_MPOLY', 'UC_MPOLY', 'SPC_NONE', 'SBX_MPOLY', 'UC_NONE', 'UC_NONE', 'TPC_NONE']","{'SPC_MNUF': 1, 'TPC_NONE': 8, 'TPC_MPOLY': 2, 'UC_NONE': 4, 'SPC_NONE': 4, 'SPC_MPOLY': 1, 'UC_MPOLY': 1, 'SBX_MPOLY': 1}"
7,23,UC,NONE,0.676424844908768,0.0427117082706021,488606012.16,420187129.2552779,1554814.88,1197677.0403776243,0.7387483755358252,0.0008340770069369,0.0,0.0,GREEDY_HV,"['SPC_MBFLIP', 'SPC_MNUF', 'TPC_NONE', 'TPC_MPOLY', 'TPC_NONE', 'UC_NONE', 'SPC_NONE', 'UC_NONE', 'TPC_NONE', 'TPC_NONE', 'SPC_NONE', 'SPC_NONE', 'TPC_NONE', 'TPC_MPOLY', 'TPC_NONE', 'TPC_NONE', 'SPC_MPOLY', 'UC_MPOLY', 'SPC_NONE', 'SBX_MPOLY', 'UC_NONE', 'UC_NONE', 'TPC_NONE', 'UC_NONE']","{'SPC_MNUF': 1, 'TPC_NONE': 8, 'TPC_MPOLY': 2, 'UC_NONE': 5, 'SPC_NONE': 4, 'SPC_MPOLY': 1, 'UC_MPOLY': 1, 'SBX_MPOLY': 1}"
7,24,TPC,NONE,0.6765507029540205,0.0431778616756387,493750480.64,420839314.1703178,1577381.28,1216324.2145292514,0.7387347506170072,-1.3624918817956022e-05,0.0,0.0,GREEDY_HV,"['SPC_MBFLIP', 'SPC_MNUF', 'TPC_NONE', 'TPC_MPOLY', 'TPC_NONE', 'UC_NONE', 'SPC_NONE', 'UC_NONE', 'TPC_NONE', 'TPC_NONE', 'SPC_NONE', 'SPC_NONE', 'TPC_NONE', 'TPC_MPOLY', 'TPC_NONE', 'TPC_NONE', 'SPC_MPOLY', 'UC_MPOLY', 'SPC_NONE', 'SBX_MPOLY', 'UC_NONE', 'UC_NONE', 'TPC_NONE', 'UC_NONE', 'TPC_NONE']","{'SPC_MNUF': 1, 'TPC_NONE': 9, 'TPC_MPOLY': 2, 'UC_NONE': 5, 'SPC_NONE': 4, 'SPC_MPOLY': 1, 'UC_MPOLY': 1, 'SBX_MPOLY': 1}"
7,25,TPC,NONE,0.67608155078708,0.0405521444859642,428934347.52,348336666.6469102,1369182.88,965003.1885884864,0.7388374062539766,0.0001026556369694,0.0,0.0,GREEDY_HV,"['SPC_MBFLIP', 'SPC_MNUF', 'TPC_NONE', 'TPC_MPOLY', 'TPC_NONE', 'UC_NONE', 'SPC_NONE', 'UC_NONE', 'TPC_NONE', 'TPC_NONE', 'SPC_NONE', 'SPC_NONE', 'TPC_NONE', 'TPC_MPOLY', 'TPC_NONE', 'TPC_NONE', 'SPC_MPOLY', 'UC_MPOLY', 'SPC_NONE', 'SBX_MPOLY', 'UC_NONE', 'UC_NONE', 'TPC_NONE', 'UC_NONE', 'TPC_NONE', 'TPC_NONE']","{'SPC_MNUF': 1, 'TPC_NONE': 10, 'TPC_MPOLY': 2, 'UC_NONE': 5, 'SPC_NONE': 4, 'SPC_MPOLY': 1, 'UC_MPOLY': 1, 'SBX_MPOLY': 1}"
7,26,SPC,NONE,0.6786878781435662,0.0395767912997179,452642548.48,355487227.954265,1429232.8,988055.7612170684,0.7389423633743137,0.000104957120337,0.01,0.0,GREEDY_HV,"['SPC_MBFLIP', 'SPC_MNUF', 'TPC_NONE', 'TPC_MPOLY', 'TPC_NONE', 'UC_NONE', 'SPC_NONE', 'UC_NONE', 'TPC_NONE', 'TPC_NONE', 'SPC_NONE', 'SPC_NONE', 'TPC_NONE', 'TPC_MPOLY', 'TPC_NONE', 'TPC_NONE', 'SPC_MPOLY', 'UC_MPOLY', 'SPC_NONE', 'SBX_MPOLY', 'UC_NONE', 'UC_NONE', 'TPC_NONE', 'UC_NONE', 'TPC_NONE', 'TPC_NONE', 'SPC_NONE']","{'SPC_MNUF': 1, 'TPC_NONE': 10, 'TPC_MPOLY': 2, 'UC_NONE': 5, 'SPC_NONE': 5, 'SPC_MPOLY': 1, 'UC_MPOLY': 1, 'SBX_MPOLY': 1}"
7,27,UC,NONE,0.6796567259130879,0.0375928829399896,449556071.68,347738395.17182845,1415154.08,993431.8019910548,0.7390530659613285,0.0001107025870147,0.0,0.0,GREEDY_HV,"['SPC_MBFLIP', 'SPC_MNUF', 'TPC_NONE', 'TPC_MPOLY', 'TPC_NONE', 'UC_NONE', 'SPC_NONE', 'UC_NONE', 'TPC_NONE', 'TPC_NONE', 'SPC_NONE', 'SPC_NONE', 'TPC_NONE', 'TPC_MPOLY', 'TPC_NONE', 'TPC_NONE', 'SPC_MPOLY', 'UC_MPOLY', 'SPC_NONE', 'SBX_MPOLY', 'UC_NONE', 'UC_NONE', 'TPC_NONE', 'UC_NONE', 'TPC_NONE', 'TPC_NONE', 'SPC_NONE', 'UC_NONE']","{'SPC_MNUF': 1, 'TPC_NONE': 10, 'TPC_MPOLY': 2, 'UC_NONE': 6, 'SPC_NONE': 5, 'SPC_MPOLY': 1, 'UC_MPOLY': 1, 'SBX_MPOLY': 1}"
7,28,UC,MPOLY,0.6810212240284703,0.0377684386319308,466325479.68,358871896.5690899,1485418.4,1013440.4660662016,0.7400835495559035,0.001030483594575,0.0,0.0,GREEDY_HV,"['SPC_MBFLIP', 'SPC_MNUF', 'TPC_NONE', 'TPC_MPOLY', 'TPC_NONE', 'UC_NONE', 'SPC_NONE', 'UC_NONE', 'TPC_NONE', 'TPC_NONE', 'SPC_NONE', 'SPC_NONE', 'TPC_NONE', 'TPC_MPOLY', 'TPC_NONE', 'TPC_NONE', 'SPC_MPOLY', 'UC_MPOLY', 'SPC_NONE', 'SBX_MPOLY', 'UC_NONE', 'UC_NONE', 'TPC_NONE', 'UC_NONE', 'TPC_NONE', 'TPC_NONE', 'SPC_NONE', 'UC_NONE', 'UC_MPOLY']","{'SPC_MNUF': 1, 'TPC_NONE': 10, 'TPC_MPOLY': 2, 'UC_NONE': 6, 'SPC_NONE': 5, 'SPC_MPOLY': 1, 'UC_MPOLY': 2, 'SBX_MPOLY': 1}"
7,29,UC,NONE,0.682125470001058,0.0382982686571596,468089296.64,329152835.58258325,1538859.68,1007552.7579860708,0.7405384518366337,0.0004549022807301,0.02,0.0,GREEDY_HV,"['SPC_MBFLIP', 'SPC_MNUF', 'TPC_NONE', 'TPC_MPOLY', 'TPC_NONE', 'UC_NONE', 'SPC_NONE', 'UC_NONE', 'TPC_NONE', 'TPC_NONE', 'SPC_NONE', 'SPC_NONE', 'TPC_NONE', 'TPC_MPOLY', 'TPC_NONE', 'TPC_NONE', 'SPC_MPOLY', 'UC_MPOLY', 'SPC_NONE', 'SBX_MPOLY', 'UC_NONE', 'UC_NONE', 'TPC_NONE', 'UC_NONE', 'TPC_NONE', 'TPC_NONE', 'SPC_NONE', 'UC_NONE', 'UC_MPOLY', 'UC_NONE']","{'SPC_MNUF': 1, 'TPC_NONE': 10, 'TPC_MPOLY': 2, 'UC_NONE': 7, 'SPC_NONE': 5, 'SPC_MPOLY': 1, 'UC_MPOLY': 2, 'SBX_MPOLY': 1}"
7,30,UC,NONE,0.68251055806282,0.0383386678869638,473002812.16,332306797.4861262,1533204.64,1036976.4677918924,0.7405708333696949,3.2381533061176526e-05,0.0,0.0,GREEDY_HV,"['SPC_MBFLIP', 'SPC_MNUF', 'TPC_NONE', 'TPC_MPOLY', 'TPC_NONE', 'UC_NONE', 'SPC_NONE', 'UC_NONE', 'TPC_NONE', 'TPC_NONE', 'SPC_NONE', 'SPC_NONE', 'TPC_NONE', 'TPC_MPOLY', 'TPC_NONE', 'TPC_NONE', 'SPC_MPOLY', 'UC_MPOLY', 'SPC_NONE', 'SBX_MPOLY', 'UC_NONE', 'UC_NONE', 'TPC_NONE', 'UC_NONE', 'TPC_NONE', 'TPC_NONE', 'SPC_NONE', 'UC_NONE', 'UC_MPOLY', 'UC_NONE', 'UC_NONE']","{'SPC_MNUF': 1, 'TPC_NONE': 10, 'TPC_MPOLY': 2, 'UC_NONE': 8, 'SPC_NONE': 5, 'SPC_MPOLY': 1, 'UC_MPOLY': 2, 'SBX_MPOLY': 1}"
7,31,UC,NONE,0.6830696185177308,0.0378801242679741,475156350.72,332595255.78582406,1571262.88,1038899.004807236,0.7406061007436445,3.526737394965451e-05,0.01,0.0,GREEDY_HV,"['SPC_MBFLIP', 'SPC_MNUF', 'TPC_NONE', 'TPC_MPOLY', 'TPC_NONE', 'UC_NONE', 'SPC_NONE', 'UC_NONE', 'TPC_NONE', 'TPC_NONE', 'SPC_NONE', 'SPC_NONE', 'TPC_NONE', 'TPC_MPOLY', 'TPC_NONE', 'TPC_NONE', 'SPC_MPOLY', 'UC_MPOLY', 'SPC_NONE', 'SBX_MPOLY', 'UC_NONE', 'UC_NONE', 'TPC_NONE', 'UC_NONE', 'TPC_NONE', 'TPC_NONE', 'SPC_NONE', 'UC_NONE', 'UC_MPOLY', 'UC_NONE', 'UC_NONE', 'UC_NONE']","{'SPC_MNUF': 1, 'TPC_NONE': 10, 'TPC_MPOLY': 2, 'UC_NONE': 9, 'SPC_NONE': 5, 'SPC_MPOLY': 1, 'UC_MPOLY': 2, 'SBX_MPOLY': 1}"
7,32,SPC,NONE,0.6827481928080862,0.0389026451641054,485628552.96,343788501.7971577,1546826.4,1015798.6558441196,0.7406130015254274,6.900781782892551e-06,0.0,0.0,GREEDY_HV,"['SPC_MBFLIP', 'SPC_MNUF', 'TPC_NONE', 'TPC_MPOLY', 'TPC_NONE', 'UC_NONE', 'SPC_NONE', 'UC_NONE', 'TPC_NONE', 'TPC_NONE', 'SPC_NONE', 'SPC_NONE', 'TPC_NONE', 'TPC_MPOLY', 'TPC_NONE', 'TPC_NONE', 'SPC_MPOLY', 'UC_MPOLY', 'SPC_NONE', 'SBX_MPOLY', 'UC_NONE', 'UC_NONE', 'TPC_NONE', 'UC_NONE', 'TPC_NONE', 'TPC_NONE', 'SPC_NONE', 'UC_NONE', 'UC_MPOLY', 'UC_NONE', 'UC_NONE', 'UC_NONE', 'SPC_NONE']","{'SPC_MNUF': 1, 'TPC_NONE': 10, 'TPC_MPOLY': 2, 'UC_NONE': 9, 'SPC_NONE': 6, 'SPC_MPOLY': 1, 'UC_MPOLY': 2, 'SBX_MPOLY': 1}"
7,33,SPC,NONE,0.6843457051119161,0.03756055248013,476942298.88,326545276.0013438,1556696.48,964732.3424053792,0.7405813943458218,-3.1607179605597224e-05,0.0,0.0,GREEDY_HV,"['SPC_MBFLIP', 'SPC_MNUF', 'TPC_NONE', 'TPC_MPOLY', 'TPC_NONE', 'UC_NONE', 'SPC_NONE', 'UC_NONE', 'TPC_NONE', 'TPC_NONE', 'SPC_NONE', 'SPC_NONE', 'TPC_NONE', 'TPC_MPOLY', 'TPC_NONE', 'TPC_NONE', 'SPC_MPOLY', 'UC_MPOLY', 'SPC_NONE', 'SBX_MPOLY', 'UC_NONE', 'UC_NONE', 'TPC_NONE', 'UC_NONE', 'TPC_NONE', 'TPC_NONE', 'SPC_NONE', 'UC_NONE', 'UC_MPOLY', 'UC_NONE', 'UC_NONE', 'UC_NONE', 'SPC_NONE', 'SPC_NONE']","{'SPC_MNUF': 1, 'TPC_NONE': 10, 'TPC_MPOLY': 2, 'UC_NONE': 9, 'SPC_NONE': 7, 'SPC_MPOLY': 1, 'UC_MPOLY': 2, 'SBX_MPOLY': 1}"
7,34,TPC,NONE,0.6854553214499974,0.0370710492229806,485364023.04,326437209.15100896,1551273.12,952648.9819580064,0.740553747667865,-2.7646677956849608e-05,0.0,0.0,GREEDY_HV,"['SPC_MBFLIP', 'SPC_MNUF', 'TPC_NONE', 'TPC_MPOLY', 'TPC_NONE', 'UC_NONE', 'SPC_NONE', 'UC_NONE', 'TPC_NONE', 'TPC_NONE', 'SPC_NONE', 'SPC_NONE', 'TPC_NONE', 'TPC_MPOLY', 'TPC_NONE', 'TPC_NONE', 'SPC_MPOLY', 'UC_MPOLY', 'SPC_NONE', 'SBX_MPOLY', 'UC_NONE', 'UC_NONE', 'TPC_NONE', 'UC_NONE', 'TPC_NONE', 'TPC_NONE', 'SPC_NONE', 'UC_NONE', 'UC_MPOLY', 'UC_NONE', 'UC_NONE', 'UC_NONE', 'SPC_NONE', 'SPC_NONE', 'TPC_NONE']","{'SPC_MNUF': 1, 'TPC_NONE': 11, 'TPC_MPOLY': 2, 'UC_NONE': 9, 'SPC_NONE': 7, 'SPC_MPOLY': 1, 'UC_MPOLY': 2, 'SBX_MPOLY': 1}"
7,35,UC,NONE,0.6841118656787679,0.0383263104342999,493108686.08,326525759.99037474,1554653.6,990889.1199321948,0.7405510502524558,-2.6974154091474745e-06,0.0,0.0,GREEDY_HV,"['SPC_MBFLIP', 'SPC_MNUF', 'TPC_NONE', 'TPC_MPOLY', 'TPC_NONE', 'UC_NONE', 'SPC_NONE', 'UC_NONE', 'TPC_NONE', 'TPC_NONE', 'SPC_NONE', 'SPC_NONE', 'TPC_NONE', 'TPC_MPOLY', 'TPC_NONE', 'TPC_NONE', 'SPC_MPOLY', 'UC_MPOLY', 'SPC_NONE', 'SBX_MPOLY', 'UC_NONE', 'UC_NONE', 'TPC_NONE', 'UC_NONE', 'TPC_NONE', 'TPC_NONE', 'SPC_NONE', 'UC_NONE', 'UC_MPOLY', 'UC_NONE', 'UC_NONE', 'UC_NONE', 'SPC_NONE', 'SPC_NONE', 'TPC_NONE', 'UC_NONE']","{'SPC_MNUF': 1, 'TPC_NONE': 11, 'TPC_MPOLY': 2, 'UC_NONE': 10, 'SPC_NONE': 7, 'SPC_MPOLY': 1, 'UC_MPOLY': 2, 'SBX_MPOLY': 1}"
7,36,UC,NONE,0.6855565730230984,0.0384118742525917,500325955.84,326404258.9449401,1629063.84,987293.033249022,0.7405532935627314,2.2433102755403667e-06,0.0,0.0,GREEDY_HV,"['SPC_MBFLIP', 'SPC_MNUF', 'TPC_NONE', 'TPC_MPOLY', 'TPC_NONE', 'UC_NONE', 'SPC_NONE', 'UC_NONE', 'TPC_NONE', 'TPC_NONE', 'SPC_NONE', 'SPC_NONE', 'TPC_NONE', 'TPC_MPOLY', 'TPC_NONE', 'TPC_NONE', 'SPC_MPOLY', 'UC_MPOLY', 'SPC_NONE', 'SBX_MPOLY', 'UC_NONE', 'UC_NONE', 'TPC_NONE', 'UC_NONE', 'TPC_NONE', 'TPC_NONE', 'SPC_NONE', 'UC_NONE', 'UC_MPOLY', 'UC_NONE', 'UC_NONE', 'UC_NONE', 'SPC_NONE', 'SPC_NONE', 'TPC_NONE', 'UC_NONE', 'UC_NONE']","{'SPC_MNUF': 1, 'TPC_NONE': 11, 'TPC_MPOLY': 2, 'UC_NONE': 11, 'SPC_NONE': 7, 'SPC_MPOLY': 1, 'UC_MPOLY': 2, 'SBX_MPOLY': 1}"
7,37,SPC,NONE,0.6840345098614975,0.0386927113625216,479914896.64,327335498.7222104,1604247.2,1031172.7727396996,0.74057970895409,2.641539135861404e-05,0.01,0.0,GREEDY_HV,"['SPC_MBFLIP', 'SPC_MNUF', 'TPC_NONE', 'TPC_MPOLY', 'TPC_NONE', 'UC_NONE', 'SPC_NONE', 'UC_NONE', 'TPC_NONE', 'TPC_NONE', 'SPC_NONE', 'SPC_NONE', 'TPC_NONE', 'TPC_MPOLY', 'TPC_NONE', 'TPC_NONE', 'SPC_MPOLY', 'UC_MPOLY', 'SPC_NONE', 'SBX_MPOLY', 'UC_NONE', 'UC_NONE', 'TPC_NONE', 'UC_NONE', 'TPC_NONE', 'TPC_NONE', 'SPC_NONE', 'UC_NONE', 'UC_MPOLY', 'UC_NONE', 'UC_NONE', 'UC_NONE', 'SPC_NONE', 'SPC_NONE', 'TPC_NONE', 'UC_NONE', 'UC_NONE', 'SPC_NONE']","{'SPC_MNUF': 1, 'TPC_NONE': 11, 'TPC_MPOLY': 2, 'UC_NONE': 11, 'SPC_NONE': 8, 'SPC_MPOLY': 1, 'UC_MPOLY': 2, 'SBX_MPOLY': 1}"
7,38,UC,NONE,0.6855446576826674,0.0385015630831308,489934767.36,318758704.49336714,1654027.68,1027594.5160510236,0.7406078401910415,2.813123695155628e-05,0.0,0.0,GREEDY_HV,"['SPC_MBFLIP', 'SPC_MNUF', 'TPC_NONE', 'TPC_MPOLY', 'TPC_NONE', 'UC_NONE', 'SPC_NONE', 'UC_NONE', 'TPC_NONE', 'TPC_NONE', 'SPC_NONE', 'SPC_NONE', 'TPC_NONE', 'TPC_MPOLY', 'TPC_NONE', 'TPC_NONE', 'SPC_MPOLY', 'UC_MPOLY', 'SPC_NONE', 'SBX_MPOLY', 'UC_NONE', 'UC_NONE', 'TPC_NONE', 'UC_NONE', 'TPC_NONE', 'TPC_NONE', 'SPC_NONE', 'UC_NONE', 'UC_MPOLY', 'UC_NONE', 'UC_NONE', 'UC_NONE', 'SPC_NONE', 'SPC_NONE', 'TPC_NONE', 'UC_NONE', 'UC_NONE', 'SPC_NONE', 'UC_NONE']","{'SPC_MNUF': 1, 'TPC_NONE': 11, 'TPC_MPOLY': 2, 'UC_NONE': 12, 'SPC_NONE': 8, 'SPC_MPOLY': 1, 'UC_MPOLY': 2, 'SBX_MPOLY': 1}"
7,39,TPC,NONE,0.6852915469063174,0.0380130389380094,480573077.76,326063561.46769243,1631401.12,1030231.3039617586,0.7406431578864048,3.531769536324614e-05,0.0,0.0,GREEDY_HV,"['SPC_MBFLIP', 'SPC_MNUF', 'TPC_NONE', 'TPC_MPOLY', 'TPC_NONE', 'UC_NONE', 'SPC_NONE', 'UC_NONE', 'TPC_NONE', 'TPC_NONE', 'SPC_NONE', 'SPC_NONE', 'TPC_NONE', 'TPC_MPOLY', 'TPC_NONE', 'TPC_NONE', 'SPC_MPOLY', 'UC_MPOLY', 'SPC_NONE', 'SBX_MPOLY', 'UC_NONE', 'UC_NONE', 'TPC_NONE', 'UC_NONE', 'TPC_NONE', 'TPC_NONE', 'SPC_NONE', 'UC_NONE', 'UC_MPOLY', 'UC_NONE', 'UC_NONE', 'UC_NONE', 'SPC_NONE', 'SPC_NONE', 'TPC_NONE', 'UC_NONE', 'UC_NONE', 'SPC_NONE', 'UC_NONE', 'TPC_NONE']","{'SPC_MNUF': 1, 'TPC_NONE': 12, 'TPC_MPOLY': 2, 'UC_NONE': 12, 'SPC_NONE': 8, 'SPC_MPOLY': 1, 'UC_MPOLY': 2, 'SBX_MPOLY': 1}"
7,40,UC,NONE,0.6847567279373553,0.0381532751531279,487936272.64,324575176.5632172,1593299.36,1029627.3729033776,0.7406775110625068,3.435317610200883e-05,0.0,0.0,GREEDY_HV,"['SPC_MBFLIP', 'SPC_MNUF', 'TPC_NONE', 'TPC_MPOLY', 'TPC_NONE', 'UC_NONE', 'SPC_NONE', 'UC_NONE', 'TPC_NONE', 'TPC_NONE', 'SPC_NONE', 'SPC_NONE', 'TPC_NONE', 'TPC_MPOLY', 'TPC_NONE', 'TPC_NONE', 'SPC_MPOLY', 'UC_MPOLY', 'SPC_NONE', 'SBX_MPOLY', 'UC_NONE', 'UC_NONE', 'TPC_NONE', 'UC_NONE', 'TPC_NONE', 'TPC_NONE', 'SPC_NONE', 'UC_NONE', 'UC_MPOLY', 'UC_NONE', 'UC_NONE', 'UC_NONE', 'SPC_NONE', 'SPC_NONE', 'TPC_NONE', 'UC_NONE', 'UC_NONE', 'SPC_NONE', 'UC_NONE', 'TPC_NONE', 'UC_NONE']","{'SPC_MNUF': 1, 'TPC_NONE': 12, 'TPC_MPOLY': 2, 'UC_NONE': 13, 'SPC_NONE': 8, 'SPC_MPOLY': 1, 'UC_MPOLY': 2, 'SBX_MPOLY': 1}"
7,41,TPC,NONE,0.6865419456980304,0.0380306267066119,511872083.2,324345637.1586525,1699746.72,1034273.6922028916,0.7406352879929735,-4.2223069533275925e-05,0.0,0.0,GREEDY_HV,"['SPC_MBFLIP', 'SPC_MNUF', 'TPC_NONE', 'TPC_MPOLY', 'TPC_NONE', 'UC_NONE', 'SPC_NONE', 'UC_NONE', 'TPC_NONE', 'TPC_NONE', 'SPC_NONE', 'SPC_NONE', 'TPC_NONE', 'TPC_MPOLY', 'TPC_NONE', 'TPC_NONE', 'SPC_MPOLY', 'UC_MPOLY', 'SPC_NONE', 'SBX_MPOLY', 'UC_NONE', 'UC_NONE', 'TPC_NONE', 'UC_NONE', 'TPC_NONE', 'TPC_NONE', 'SPC_NONE', 'UC_NONE', 'UC_MPOLY', 'UC_NONE', 'UC_NONE', 'UC_NONE', 'SPC_NONE', 'SPC_NONE', 'TPC_NONE', 'UC_NONE', 'UC_NONE', 'SPC_NONE', 'UC_NONE', 'TPC_NONE', 'UC_NONE', 'TPC_NONE']","{'SPC_MNUF': 1, 'TPC_NONE': 13, 'TPC_MPOLY': 2, 'UC_NONE': 13, 'SPC_NONE': 8, 'SPC_MPOLY': 1, 'UC_MPOLY': 2, 'SBX_MPOLY': 1}"
7,42,TPC,NONE,0.6862556785797632,0.0374052728332024,500219818.24,321382098.82636625,1650740.64,1031673.8173361142,0.7406631358133513,2.7847820377790988e-05,0.0,0.0,GREEDY_HV,"['SPC_MBFLIP', 'SPC_MNUF', 'TPC_NONE', 'TPC_MPOLY', 'TPC_NONE', 'UC_NONE', 'SPC_NONE', 'UC_NONE', 'TPC_NONE', 'TPC_NONE', 'SPC_NONE', 'SPC_NONE', 'TPC_NONE', 'TPC_MPOLY', 'TPC_NONE', 'TPC_NONE', 'SPC_MPOLY', 'UC_MPOLY', 'SPC_NONE', 'SBX_MPOLY', 'UC_NONE', 'UC_NONE', 'TPC_NONE', 'UC_NONE', 'TPC_NONE', 'TPC_NONE', 'SPC_NONE', 'UC_NONE', 'UC_MPOLY', 'UC_NONE', 'UC_NONE', 'UC_NONE', 'SPC_NONE', 'SPC_NONE', 'TPC_NONE', 'UC_NONE', 'UC_NONE', 'SPC_NONE', 'UC_NONE', 'TPC_NONE', 'UC_NONE', 'TPC_NONE', 'TPC_NONE']","{'SPC_MNUF': 1, 'TPC_NONE': 14, 'TPC_MPOLY': 2, 'UC_NONE': 13, 'SPC_NONE': 8, 'SPC_MPOLY': 1, 'UC_MPOLY': 2, 'SBX_MPOLY': 1}"
7,43,UC,NONE,0.6838203722169865,0.0389349372358886,472596947.2,322621380.21271205,1631812.0,1075453.206509107,0.7406435121243978,-1.9623688953473994e-05,0.0,0.0,GREEDY_HV,"['SPC_MBFLIP', 'SPC_MNUF', 'TPC_NONE', 'TPC_MPOLY', 'TPC_NONE', 'UC_NONE', 'SPC_NONE', 'UC_NONE', 'TPC_NONE', 'TPC_NONE', 'SPC_NONE', 'SPC_NONE', 'TPC_NONE', 'TPC_MPOLY', 'TPC_NONE', 'TPC_NONE', 'SPC_MPOLY', 'UC_MPOLY', 'SPC_NONE', 'SBX_MPOLY', 'UC_NONE', 'UC_NONE', 'TPC_NONE', 'UC_NONE', 'TPC_NONE', 'TPC_NONE', 'SPC_NONE', 'UC_NONE', 'UC_MPOLY', 'UC_NONE', 'UC_NONE', 'UC_NONE', 'SPC_NONE', 'SPC_NONE', 'TPC_NONE', 'UC_NONE', 'UC_NONE', 'SPC_NONE', 'UC_NONE', 'TPC_NONE', 'UC_NONE', 'TPC_NONE', 'TPC_NONE', 'UC_NONE']","{'SPC_MNUF': 1, 'TPC_NONE': 14, 'TPC_MPOLY': 2, 'UC_NONE': 14, 'SPC_NONE': 8, 'SPC_MPOLY': 1, 'UC_MPOLY': 2, 'SBX_MPOLY': 1}"
7,44,TPC,NONE,0.6845227039362469,0.0388239257158676,486934862.08,328148038.67838126,1678777.76,1109425.3752748684,0.7406297558028472,-1.3756321550650874e-05,0.0,0.0,GREEDY_HV,"['SPC_MBFLIP', 'SPC_MNUF', 'TPC_NONE', 'TPC_MPOLY', 'TPC_NONE', 'UC_NONE', 'SPC_NONE', 'UC_NONE', 'TPC_NONE', 'TPC_NONE', 'SPC_NONE', 'SPC_NONE', 'TPC_NONE', 'TPC_MPOLY', 'TPC_NONE', 'TPC_NONE', 'SPC_MPOLY', 'UC_MPOLY', 'SPC_NONE', 'SBX_MPOLY', 'UC_NONE', 'UC_NONE', 'TPC_NONE', 'UC_NONE', 'TPC_NONE', 'TPC_NONE', 'SPC_NONE', 'UC_NONE', 'UC_MPOLY', 'UC_NONE', 'UC_NONE', 'UC_NONE', 'SPC_NONE', 'SPC_NONE', 'TPC_NONE', 'UC_NONE', 'UC_NONE', 'SPC_NONE', 'UC_NONE', 'TPC_NONE', 'UC_NONE', 'TPC_NONE', 'TPC_NONE', 'UC_NONE', 'TPC_NONE']","{'SPC_MNUF': 1, 'TPC_NONE': 15, 'TPC_MPOLY': 2, 'UC_NONE': 14, 'SPC_NONE': 8, 'SPC_MPOLY': 1, 'UC_MPOLY': 2, 'SBX_MPOLY': 1}"
7,45,SPC,NONE,0.6864145632360937,0.0378996201816119,485156916.48,320560754.1480085,1722011.04,1098257.1175922868,0.7406363814998413,6.62569699416693e-06,0.0,0.0,GREEDY_HV,"['SPC_MBFLIP', 'SPC_MNUF', 'TPC_NONE', 'TPC_MPOLY', 'TPC_NONE', 'UC_NONE', 'SPC_NONE', 'UC_NONE', 'TPC_NONE', 'TPC_NONE', 'SPC_NONE', 'SPC_NONE', 'TPC_NONE', 'TPC_MPOLY', 'TPC_NONE', 'TPC_NONE', 'SPC_MPOLY', 'UC_MPOLY', 'SPC_NONE', 'SBX_MPOLY', 'UC_NONE', 'UC_NONE', 'TPC_NONE', 'UC_NONE', 'TPC_NONE', 'TPC_NONE', 'SPC_NONE', 'UC_NONE', 'UC_MPOLY', 'UC_NONE', 'UC_NONE', 'UC_NONE', 'SPC_NONE', 'SPC_NONE', 'TPC_NONE', 'UC_NONE', 'UC_NONE', 'SPC_NONE', 'UC_NONE', 'TPC_NONE', 'UC_NONE', 'TPC_NONE', 'TPC_NONE', 'UC_NONE', 'TPC_NONE', 'SPC_NONE']","{'SPC_MNUF': 1, 'TPC_NONE': 15, 'TPC_MPOLY': 2, 'UC_NONE': 14, 'SPC_NONE': 9, 'SPC_MPOLY': 1, 'UC_MPOLY': 2, 'SBX_MPOLY': 1}"
7,46,UC,NONE,0.6840100682091268,0.0385150647824705,472546681.6,325454807.3294351,1657031.84,1121461.9027728292,0.7406537958189825,1.7414319141151324e-05,0.0,0.0,GREEDY_HV,"['SPC_MBFLIP', 'SPC_MNUF', 'TPC_NONE', 'TPC_MPOLY', 'TPC_NONE', 'UC_NONE', 'SPC_NONE', 'UC_NONE', 'TPC_NONE', 'TPC_NONE', 'SPC_NONE', 'SPC_NONE', 'TPC_NONE', 'TPC_MPOLY', 'TPC_NONE', 'TPC_NONE', 'SPC_MPOLY', 'UC_MPOLY', 'SPC_NONE', 'SBX_MPOLY', 'UC_NONE', 'UC_NONE', 'TPC_NONE', 'UC_NONE', 'TPC_NONE', 'TPC_NONE', 'SPC_NONE', 'UC_NONE', 'UC_MPOLY', 'UC_NONE', 'UC_NONE', 'UC_NONE', 'SPC_NONE', 'SPC_NONE', 'TPC_NONE', 'UC_NONE', 'UC_NONE', 'SPC_NONE', 'UC_NONE', 'TPC_NONE', 'UC_NONE', 'TPC_NONE', 'TPC_NONE', 'UC_NONE', 'TPC_NONE', 'SPC_NONE', 'UC_NONE']","{'SPC_MNUF': 1, 'TPC_NONE': 15, 'TPC_MPOLY': 2, 'UC_NONE': 15, 'SPC_NONE': 9, 'SPC_MPOLY': 1, 'UC_MPOLY': 2, 'SBX_MPOLY': 1}"
7,47,UC,NONE,0.6854088744278822,0.0387397359499067,489329542.4,320798028.0424265,1740302.24,1152536.0193754735,0.7406713761716335,1.7580352650981013e-05,0.0,0.0,GREEDY_HV,"['SPC_MBFLIP', 'SPC_MNUF', 'TPC_NONE', 'TPC_MPOLY', 'TPC_NONE', 'UC_NONE', 'SPC_NONE', 'UC_NONE', 'TPC_NONE', 'TPC_NONE', 'SPC_NONE', 'SPC_NONE', 'TPC_NONE', 'TPC_MPOLY', 'TPC_NONE', 'TPC_NONE', 'SPC_MPOLY', 'UC_MPOLY', 'SPC_NONE', 'SBX_MPOLY', 'UC_NONE', 'UC_NONE', 'TPC_NONE', 'UC_NONE', 'TPC_NONE', 'TPC_NONE', 'SPC_NONE', 'UC_NONE', 'UC_MPOLY', 'UC_NONE', 'UC_NONE', 'UC_NONE', 'SPC_NONE', 'SPC_NONE', 'TPC_NONE', 'UC_NONE', 'UC_NONE', 'SPC_NONE', 'UC_NONE', 'TPC_NONE', 'UC_NONE', 'TPC_NONE', 'TPC_NONE', 'UC_NONE', 'TPC_NONE', 'SPC_NONE', 'UC_NONE', 'UC_NONE']","{'SPC_MNUF': 1, 'TPC_NONE': 15, 'TPC_MPOLY': 2, 'UC_NONE': 16, 'SPC_NONE': 9, 'SPC_MPOLY': 1, 'UC_MPOLY': 2, 'SBX_MPOLY': 1}"
7,48,SPC,NONE,0.6858145406477127,0.0384628294747745,501714141.44,330174359.6166753,1738649.76,1133072.6307218715,0.740648285796805,-2.309037482850496e-05,0.0,0.0,GREEDY_HV,"['SPC_MBFLIP', 'SPC_MNUF', 'TPC_NONE', 'TPC_MPOLY', 'TPC_NONE', 'UC_NONE', 'SPC_NONE', 'UC_NONE', 'TPC_NONE', 'TPC_NONE', 'SPC_NONE', 'SPC_NONE', 'TPC_NONE', 'TPC_MPOLY', 'TPC_NONE', 'TPC_NONE', 'SPC_MPOLY', 'UC_MPOLY', 'SPC_NONE', 'SBX_MPOLY', 'UC_NONE', 'UC_NONE', 'TPC_NONE', 'UC_NONE', 'TPC_NONE', 'TPC_NONE', 'SPC_NONE', 'UC_NONE', 'UC_MPOLY', 'UC_NONE', 'UC_NONE', 'UC_NONE', 'SPC_NONE', 'SPC_NONE', 'TPC_NONE', 'UC_NONE', 'UC_NONE', 'SPC_NONE', 'UC_NONE', 'TPC_NONE', 'UC_NONE', 'TPC_NONE', 'TPC_NONE', 'UC_NONE', 'TPC_NONE', 'SPC_NONE', 'UC_NONE', 'UC_NONE', 'SPC_NONE']","{'SPC_MNUF': 1, 'TPC_NONE': 15, 'TPC_MPOLY': 2, 'UC_NONE': 16, 'SPC_NONE': 10, 'SPC_MPOLY': 1, 'UC_MPOLY': 2, 'SBX_MPOLY': 1}"
7,49,SBX,NONE,0.6855525980049769,0.0379169948719367,486672162.56,321375612.23307025,1709881.76,1129702.2951517547,0.7406469315924629,-1.3542043421077563e-06,0.0,0.0,GREEDY_HV,"['SPC_MBFLIP', 'SPC_MNUF', 'TPC_NONE', 'TPC_MPOLY', 'TPC_NONE', 'UC_NONE', 'SPC_NONE', 'UC_NONE', 'TPC_NONE', 'TPC_NONE', 'SPC_NONE', 'SPC_NONE', 'TPC_NONE', 'TPC_MPOLY', 'TPC_NONE', 'TPC_NONE', 'SPC_MPOLY', 'UC_MPOLY', 'SPC_NONE', 'SBX_MPOLY', 'UC_NONE', 'UC_NONE', 'TPC_NONE', 'UC_NONE', 'TPC_NONE', 'TPC_NONE', 'SPC_NONE', 'UC_NONE', 'UC_MPOLY', 'UC_NONE', 'UC_NONE', 'UC_NONE', 'SPC_NONE', 'SPC_NONE', 'TPC_NONE', 'UC_NONE', 'UC_NONE', 'SPC_NONE', 'UC_NONE', 'TPC_NONE', 'UC_NONE', 'TPC_NONE', 'TPC_NONE', 'UC_NONE', 'TPC_NONE', 'SPC_NONE', 'UC_NONE', 'UC_NONE', 'SPC_NONE', 'SBX_NONE']","{'SPC_MNUF': 1, 'TPC_NONE': 15, 'TPC_MPOLY': 2, 'UC_NONE': 16, 'SPC_NONE': 10, 'SPC_MPOLY': 1, 'UC_MPOLY': 2, 'SBX_MPOLY': 1, 'SBX_NONE': 1}"
7,50,UC,NONE,0.6869622544700217,0.0379012542795206,522805602.56,335064082.6313467,1773235.36,1138328.2149992024,0.7406683890518448,2.1457459381979405e-05,0.0,0.0,GREEDY_HV,"['SPC_MBFLIP', 'SPC_MNUF', 'TPC_NONE', 'TPC_MPOLY', 'TPC_NONE', 'UC_NONE', 'SPC_NONE', 'UC_NONE', 'TPC_NONE', 'TPC_NONE', 'SPC_NONE', 'SPC_NONE', 'TPC_NONE', 'TPC_MPOLY', 'TPC_NONE', 'TPC_NONE', 'SPC_MPOLY', 'UC_MPOLY', 'SPC_NONE', 'SBX_MPOLY', 'UC_NONE', 'UC_NONE', 'TPC_NONE', 'UC_NONE', 'TPC_NONE', 'TPC_NONE', 'SPC_NONE', 'UC_NONE', 'UC_MPOLY', 'UC_NONE', 'UC_NONE', 'UC_NONE', 'SPC_NONE', 'SPC_NONE', 'TPC_NONE', 'UC_NONE', 'UC_NONE', 'SPC_NONE', 'UC_NONE', 'TPC_NONE', 'UC_NONE', 'TPC_NONE', 'TPC_NONE', 'UC_NONE', 'TPC_NONE', 'SPC_NONE', 'UC_NONE', 'UC_NONE', 'SPC_NONE', 'SBX_NONE', 'UC_NONE']","{'SPC_MNUF': 1, 'TPC_NONE': 15, 'TPC_MPOLY': 2, 'UC_NONE': 17, 'SPC_NONE': 10, 'SPC_MPOLY': 1, 'UC_MPOLY': 2, 'SBX_MPOLY': 1, 'SBX_NONE': 1}"
7,51,SPC,NONE,0.6850258867224968,0.0383869481449975,485665708.8,310570516.1204153,1707461.28,1150428.7425831996,0.7406553843712308,-1.3004680614048247e-05,0.0,0.0,GREEDY_HV,"['SPC_MBFLIP', 'SPC_MNUF', 'TPC_NONE', 'TPC_MPOLY', 'TPC_NONE', 'UC_NONE', 'SPC_NONE', 'UC_NONE', 'TPC_NONE', 'TPC_NONE', 'SPC_NONE', 'SPC_NONE', 'TPC_NONE', 'TPC_MPOLY', 'TPC_NONE', 'TPC_NONE', 'SPC_MPOLY', 'UC_MPOLY', 'SPC_NONE', 'SBX_MPOLY', 'UC_NONE', 'UC_NONE', 'TPC_NONE', 'UC_NONE', 'TPC_NONE', 'TPC_NONE', 'SPC_NONE', 'UC_NONE', 'UC_MPOLY', 'UC_NONE', 'UC_NONE', 'UC_NONE', 'SPC_NONE', 'SPC_NONE', 'TPC_NONE', 'UC_NONE', 'UC_NONE', 'SPC_NONE', 'UC_NONE', 'TPC_NONE', 'UC_NONE', 'TPC_NONE', 'TPC_NONE', 'UC_NONE', 'TPC_NONE', 'SPC_NONE', 'UC_NONE', 'UC_NONE', 'SPC_NONE', 'SBX_NONE', 'UC_NONE', 'SPC_NONE']","{'SPC_MNUF': 1, 'TPC_NONE': 15, 'TPC_MPOLY': 2, 'UC_NONE': 17, 'SPC_NONE': 11, 'SPC_MPOLY': 1, 'UC_MPOLY': 2, 'SBX_MPOLY': 1, 'SBX_NONE': 1}"
7,52,SPC,NONE,0.6858482153056374,0.0374124356963225,491296083.2,316671349.9209307,1723115.68,1127974.481605208,0.7406376065275116,-1.7777843719146702e-05,0.0,0.0,GREEDY_HV,"['SPC_MBFLIP', 'SPC_MNUF', 'TPC_NONE', 'TPC_MPOLY', 'TPC_NONE', 'UC_NONE', 'SPC_NONE', 'UC_NONE', 'TPC_NONE', 'TPC_NONE', 'SPC_NONE', 'SPC_NONE', 'TPC_NONE', 'TPC_MPOLY', 'TPC_NONE', 'TPC_NONE', 'SPC_MPOLY', 'UC_MPOLY', 'SPC_NONE', 'SBX_MPOLY', 'UC_NONE', 'UC_NONE', 'TPC_NONE', 'UC_NONE', 'TPC_NONE', 'TPC_NONE', 'SPC_NONE', 'UC_NONE', 'UC_MPOLY', 'UC_NONE', 'UC_NONE', 'UC_NONE', 'SPC_NONE', 'SPC_NONE', 'TPC_NONE', 'UC_NONE', 'UC_NONE', 'SPC_NONE', 'UC_NONE', 'TPC_NONE', 'UC_NONE', 'TPC_NONE', 'TPC_NONE', 'UC_NONE', 'TPC_NONE', 'SPC_NONE', 'UC_NONE', 'UC_NONE', 'SPC_NONE', 'SBX_NONE', 'UC_NONE', 'SPC_NONE', 'SPC_NONE']","{'SPC_MNUF': 1, 'TPC_NONE': 15, 'TPC_MPOLY': 2, 'UC_NONE': 17, 'SPC_NONE': 12, 'SPC_MPOLY': 1, 'UC_MPOLY': 2, 'SBX_MPOLY': 1, 'SBX_NONE': 1}"
7,53,TPC,NONE,0.686988672996227,0.0378341753301023,499429003.52,317441480.61636126,1807374.24,1162498.8458267746,0.7405887465531436,-4.885997436809841e-05,0.0,0.0,GREEDY_HV,"['SPC_MBFLIP', 'SPC_MNUF', 'TPC_NONE', 'TPC_MPOLY', 'TPC_NONE', 'UC_NONE', 'SPC_NONE', 'UC_NONE', 'TPC_NONE', 'TPC_NONE', 'SPC_NONE', 'SPC_NONE', 'TPC_NONE', 'TPC_MPOLY', 'TPC_NONE', 'TPC_NONE', 'SPC_MPOLY', 'UC_MPOLY', 'SPC_NONE', 'SBX_MPOLY', 'UC_NONE', 'UC_NONE', 'TPC_NONE', 'UC_NONE', 'TPC_NONE', 'TPC_NONE', 'SPC_NONE', 'UC_NONE', 'UC_MPOLY', 'UC_NONE', 'UC_NONE', 'UC_NONE', 'SPC_NONE', 'SPC_NONE', 'TPC_NONE', 'UC_NONE', 'UC_NONE', 'SPC_NONE', 'UC_NONE', 'TPC_NONE', 'UC_NONE', 'TPC_NONE', 'TPC_NONE', 'UC_NONE', 'TPC_NONE', 'SPC_NONE', 'UC_NONE', 'UC_NONE', 'SPC_NONE', 'SBX_NONE', 'UC_NONE', 'SPC_NONE', 'SPC_NONE', 'TPC_NONE']","{'SPC_MNUF': 1, 'TPC_NONE': 16, 'TPC_MPOLY': 2, 'UC_NONE': 17, 'SPC_NONE': 12, 'SPC_MPOLY': 1, 'UC_MPOLY': 2, 'SBX_MPOLY': 1, 'SBX_NONE': 1}"
7,54,UC,NONE,0.6868709867893378,0.0378045243365251,534408505.6,336198566.662319,1758556.32,1136290.560674081,0.7406543712205579,6.562466741433237e-05,0.0,0.0,GREEDY_HV,"['SPC_MBFLIP', 'SPC_MNUF', 'TPC_NONE', 'TPC_MPOLY', 'TPC_NONE', 'UC_NONE', 'SPC_NONE', 'UC_NONE', 'TPC_NONE', 'TPC_NONE', 'SPC_NONE', 'SPC_NONE', 'TPC_NONE', 'TPC_MPOLY', 'TPC_NONE', 'TPC_NONE', 'SPC_MPOLY', 'UC_MPOLY', 'SPC_NONE', 'SBX_MPOLY', 'UC_NONE', 'UC_NONE', 'TPC_NONE', 'UC_NONE', 'TPC_NONE', 'TPC_NONE', 'SPC_NONE', 'UC_NONE', 'UC_MPOLY', 'UC_NONE', 'UC_NONE', 'UC_NONE', 'SPC_NONE', 'SPC_NONE', 'TPC_NONE', 'UC_NONE', 'UC_NONE', 'SPC_NONE', 'UC_NONE', 'TPC_NONE', 'UC_NONE', 'TPC_NONE', 'TPC_NONE', 'UC_NONE', 'TPC_NONE', 'SPC_NONE', 'UC_NONE', 'UC_NONE', 'SPC_NONE', 'SBX_NONE', 'UC_NONE', 'SPC_NONE', 'SPC_NONE', 'TPC_NONE', 'UC_NONE']","{'SPC_MNUF': 1, 'TPC_NONE': 16, 'TPC_MPOLY': 2, 'UC_NONE': 18, 'SPC_NONE': 12, 'SPC_MPOLY': 1, 'UC_MPOLY': 2, 'SBX_MPOLY': 1, 'SBX_NONE': 1}"
7,55,SPC,NONE,0.6869816372100189,0.0379458547904582,534853454.08,339611583.89376646,1762169.76,1141568.5734494722,0.7406856481814008,3.1276960842929746e-05,0.0,0.0,GREEDY_HV,"['SPC_MBFLIP', 'SPC_MNUF', 'TPC_NONE', 'TPC_MPOLY', 'TPC_NONE', 'UC_NONE', 'SPC_NONE', 'UC_NONE', 'TPC_NONE', 'TPC_NONE', 'SPC_NONE', 'SPC_NONE', 'TPC_NONE', 'TPC_MPOLY', 'TPC_NONE', 'TPC_NONE', 'SPC_MPOLY', 'UC_MPOLY', 'SPC_NONE', 'SBX_MPOLY', 'UC_NONE', 'UC_NONE', 'TPC_NONE', 'UC_NONE', 'TPC_NONE', 'TPC_NONE', 'SPC_NONE', 'UC_NONE', 'UC_MPOLY', 'UC_NONE', 'UC_NONE', 'UC_NONE', 'SPC_NONE', 'SPC_NONE', 'TPC_NONE', 'UC_NONE', 'UC_NONE', 'SPC_NONE', 'UC_NONE', 'TPC_NONE', 'UC_NONE', 'TPC_NONE', 'TPC_NONE', 'UC_NONE', 'TPC_NONE', 'SPC_NONE', 'UC_NONE', 'UC_NONE', 'SPC_NONE', 'SBX_NONE', 'UC_NONE', 'SPC_NONE', 'SPC_NONE', 'TPC_NONE', 'UC_NONE', 'SPC_NONE']","{'SPC_MNUF': 1, 'TPC_NONE': 16, 'TPC_MPOLY': 2, 'UC_NONE': 18, 'SPC_NONE': 13, 'SPC_MPOLY': 1, 'UC_MPOLY': 2, 'SBX_MPOLY': 1, 'SBX_NONE': 1}"
7,56,SPC,NONE,0.6862787088195735,0.0369930633196005,500751246.08,326227289.44687486,1714442.4,1131564.970690061,0.740605979726061,-7.96684553397986e-05,0.0,0.0,GREEDY_HV,"['SPC_MBFLIP', 'SPC_MNUF', 'TPC_NONE', 'TPC_MPOLY', 'TPC_NONE', 'UC_NONE', 'SPC_NONE', 'UC_NONE', 'TPC_NONE', 'TPC_NONE', 'SPC_NONE', 'SPC_NONE', 'TPC_NONE', 'TPC_MPOLY', 'TPC_NONE', 'TPC_NONE', 'SPC_MPOLY', 'UC_MPOLY', 'SPC_NONE', 'SBX_MPOLY', 'UC_NONE', 'UC_NONE', 'TPC_NONE', 'UC_NONE', 'TPC_NONE', 'TPC_NONE', 'SPC_NONE', 'UC_NONE', 'UC_MPOLY', 'UC_NONE', 'UC_NONE', 'UC_NONE', 'SPC_NONE', 'SPC_NONE', 'TPC_NONE', 'UC_NONE', 'UC_NONE', 'SPC_NONE', 'UC_NONE', 'TPC_NONE', 'UC_NONE', 'TPC_NONE', 'TPC_NONE', 'UC_NONE', 'TPC_NONE', 'SPC_NONE', 'UC_NONE', 'UC_NONE', 'SPC_NONE', 'SBX_NONE', 'UC_NONE', 'SPC_NONE', 'SPC_NONE', 'TPC_NONE', 'UC_NONE', 'SPC_NONE', 'SPC_NONE']","{'SPC_MNUF': 1, 'TPC_NONE': 16, 'TPC_MPOLY': 2, 'UC_NONE': 18, 'SPC_NONE': 14, 'SPC_MPOLY': 1, 'UC_MPOLY': 2, 'SBX_MPOLY': 1, 'SBX_NONE': 1}"
7,57,SPC,NONE,0.6865583521221541,0.0383519602104528,531510972.16,329466929.30644584,1775362.72,1158598.1364775456,0.7406378418963498,3.18621702888322e-05,0.0,0.0,GREEDY_HV,"['SPC_MBFLIP', 'SPC_MNUF', 'TPC_NONE', 'TPC_MPOLY', 'TPC_NONE', 'UC_NONE', 'SPC_NONE', 'UC_NONE', 'TPC_NONE', 'TPC_NONE', 'SPC_NONE', 'SPC_NONE', 'TPC_NONE', 'TPC_MPOLY', 'TPC_NONE', 'TPC_NONE', 'SPC_MPOLY', 'UC_MPOLY', 'SPC_NONE', 'SBX_MPOLY', 'UC_NONE', 'UC_NONE', 'TPC_NONE', 'UC_NONE', 'TPC_NONE', 'TPC_NONE', 'SPC_NONE', 'UC_NONE', 'UC_MPOLY', 'UC_NONE', 'UC_NONE', 'UC_NONE', 'SPC_NONE', 'SPC_NONE', 'TPC_NONE', 'UC_NONE', 'UC_NONE', 'SPC_NONE', 'UC_NONE', 'TPC_NONE', 'UC_NONE', 'TPC_NONE', 'TPC_NONE', 'UC_NONE', 'TPC_NONE', 'SPC_NONE', 'UC_NONE', 'UC_NONE', 'SPC_NONE', 'SBX_NONE', 'UC_NONE', 'SPC_NONE', 'SPC_NONE', 'TPC_NONE', 'UC_NONE', 'SPC_NONE', 'SPC_NONE', 'SPC_NONE']","{'SPC_MNUF': 1, 'TPC_NONE': 16, 'TPC_MPOLY': 2, 'UC_NONE': 18, 'SPC_NONE': 15, 'SPC_MPOLY': 1, 'UC_MPOLY': 2, 'SBX_MPOLY': 1, 'SBX_NONE': 1}"
7,58,SBX,MPOLY,0.6869301564361819,0.0373280461596645,534073521.92,329381590.67599905,1775735.2,1153707.596344793,0.7411086862504108,0.0004708443540609,0.01,0.03,GREEDY_HV,"['SPC_MBFLIP', 'SPC_MNUF', 'TPC_NONE', 'TPC_MPOLY', 'TPC_NONE', 'UC_NONE', 'SPC_NONE', 'UC_NONE', 'TPC_NONE', 'TPC_NONE', 'SPC_NONE', 'SPC_NONE', 'TPC_NONE', 'TPC_MPOLY', 'TPC_NONE', 'TPC_NONE', 'SPC_MPOLY', 'UC_MPOLY', 'SPC_NONE', 'SBX_MPOLY', 'UC_NONE', 'UC_NONE', 'TPC_NONE', 'UC_NONE', 'TPC_NONE', 'TPC_NONE', 'SPC_NONE', 'UC_NONE', 'UC_MPOLY', 'UC_NONE', 'UC_NONE', 'UC_NONE', 'SPC_NONE', 'SPC_NONE', 'TPC_NONE', 'UC_NONE', 'UC_NONE', 'SPC_NONE', 'UC_NONE', 'TPC_NONE', 'UC_NONE', 'TPC_NONE', 'TPC_NONE', 'UC_NONE', 'TPC_NONE', 'SPC_NONE', 'UC_NONE', 'UC_NONE', 'SPC_NONE', 'SBX_NONE', 'UC_NONE', 'SPC_NONE', 'SPC_NONE', 'TPC_NONE', 'UC_NONE', 'SPC_NONE', 'SPC_NONE', 'SPC_NONE', 'SBX_MPOLY']","{'SPC_MNUF': 1, 'TPC_NONE': 16, 'TPC_MPOLY': 2, 'UC_NONE': 18, 'SPC_NONE': 15, 'SPC_MPOLY': 1, 'UC_MPOLY': 2, 'SBX_MPOLY': 2, 'SBX_NONE': 1}"
7,59,TPC,NONE,0.6836309638139437,0.0413336913655962,487761076.48,322464242.8944894,1805728.16,1219128.6258438746,0.7411664064910932,5.772024068240178e-05,0.0,0.0,GREEDY_HV,"['SPC_MBFLIP', 'SPC_MNUF', 'TPC_NONE', 'TPC_MPOLY', 'TPC_NONE', 'UC_NONE', 'SPC_NONE', 'UC_NONE', 'TPC_NONE', 'TPC_NONE', 'SPC_NONE', 'SPC_NONE', 'TPC_NONE', 'TPC_MPOLY', 'TPC_NONE', 'TPC_NONE', 'SPC_MPOLY', 'UC_MPOLY', 'SPC_NONE', 'SBX_MPOLY', 'UC_NONE', 'UC_NONE', 'TPC_NONE', 'UC_NONE', 'TPC_NONE', 'TPC_NONE', 'SPC_NONE', 'UC_NONE', 'UC_MPOLY', 'UC_NONE', 'UC_NONE', 'UC_NONE', 'SPC_NONE', 'SPC_NONE', 'TPC_NONE', 'UC_NONE', 'UC_NONE', 'SPC_NONE', 'UC_NONE', 'TPC_NONE', 'UC_NONE', 'TPC_NONE', 'TPC_NONE', 'UC_NONE', 'TPC_NONE', 'SPC_NONE', 'UC_NONE', 'UC_NONE', 'SPC_NONE', 'SBX_NONE', 'UC_NONE', 'SPC_NONE', 'SPC_NONE', 'TPC_NONE', 'UC_NONE', 'SPC_NONE', 'SPC_NONE', 'SPC_NONE', 'SBX_MPOLY', 'TPC_NONE']","{'SPC_MNUF': 1, 'TPC_NONE': 17, 'TPC_MPOLY': 2, 'UC_NONE': 18, 'SPC_NONE': 15, 'SPC_MPOLY': 1, 'UC_MPOLY': 2, 'SBX_MPOLY': 2, 'SBX_NONE': 1}"
7,60,SPC,NONE,0.6876496058263762,0.0350752502801599,508641623.04,324442731.01222384,1739861.92,1128571.2315863422,0.7411887988602714,2.239236917822573e-05,0.0,0.0,GREEDY_HV,"['SPC_MBFLIP', 'SPC_MNUF', 'TPC_NONE', 'TPC_MPOLY', 'TPC_NONE', 'UC_NONE', 'SPC_NONE', 'UC_NONE', 'TPC_NONE', 'TPC_NONE', 'SPC_NONE', 'SPC_NONE', 'TPC_NONE', 'TPC_MPOLY', 'TPC_NONE', 'TPC_NONE', 'SPC_MPOLY', 'UC_MPOLY', 'SPC_NONE', 'SBX_MPOLY', 'UC_NONE', 'UC_NONE', 'TPC_NONE', 'UC_NONE', 'TPC_NONE', 'TPC_NONE', 'SPC_NONE', 'UC_NONE', 'UC_MPOLY', 'UC_NONE', 'UC_NONE', 'UC_NONE', 'SPC_NONE', 'SPC_NONE', 'TPC_NONE', 'UC_NONE', 'UC_NONE', 'SPC_NONE', 'UC_NONE', 'TPC_NONE', 'UC_NONE', 'TPC_NONE', 'TPC_NONE', 'UC_NONE', 'TPC_NONE', 'SPC_NONE', 'UC_NONE', 'UC_NONE', 'SPC_NONE', 'SBX_NONE', 'UC_NONE', 'SPC_NONE', 'SPC_NONE', 'TPC_NONE', 'UC_NONE', 'SPC_NONE', 'SPC_NONE', 'SPC_NONE', 'SBX_MPOLY', 'TPC_NONE', 'SPC_NONE']","{'SPC_MNUF': 1, 'TPC_NONE': 17, 'TPC_MPOLY': 2, 'UC_NONE': 18, 'SPC_NONE': 16, 'SPC_MPOLY': 1, 'UC_MPOLY': 2, 'SBX_MPOLY': 2, 'SBX_NONE': 1}"
7,61,TPC,NONE,0.6860352456126475,0.0367850493166593,503343536.64,321286538.4023025,1701118.88,1120255.5238456023,0.7412117244545439,2.2925594272416028e-05,0.0,0.0,GREEDY_HV,"['SPC_MBFLIP', 'SPC_MNUF', 'TPC_NONE', 'TPC_MPOLY', 'TPC_NONE', 'UC_NONE', 'SPC_NONE', 'UC_NONE', 'TPC_NONE', 'TPC_NONE', 'SPC_NONE', 'SPC_NONE', 'TPC_NONE', 'TPC_MPOLY', 'TPC_NONE', 'TPC_NONE', 'SPC_MPOLY', 'UC_MPOLY', 'SPC_NONE', 'SBX_MPOLY', 'UC_NONE', 'UC_NONE', 'TPC_NONE', 'UC_NONE', 'TPC_NONE', 'TPC_NONE', 'SPC_NONE', 'UC_NONE', 'UC_MPOLY', 'UC_NONE', 'UC_NONE', 'UC_NONE', 'SPC_NONE', 'SPC_NONE', 'TPC_NONE', 'UC_NONE', 'UC_NONE', 'SPC_NONE', 'UC_NONE', 'TPC_NONE', 'UC_NONE', 'TPC_NONE', 'TPC_NONE', 'UC_NONE', 'TPC_NONE', 'SPC_NONE', 'UC_NONE', 'UC_NONE', 'SPC_NONE', 'SBX_NONE', 'UC_NONE', 'SPC_NONE', 'SPC_NONE', 'TPC_NONE', 'UC_NONE', 'SPC_NONE', 'SPC_NONE', 'SPC_NONE', 'SBX_MPOLY', 'TPC_NONE', 'SPC_NONE', 'TPC_NONE']","{'SPC_MNUF': 1, 'TPC_NONE': 18, 'TPC_MPOLY': 2, 'UC_NONE': 18, 'SPC_NONE': 16, 'SPC_MPOLY': 1, 'UC_MPOLY': 2, 'SBX_MPOLY': 2, 'SBX_NONE': 1}"
7,62,SPC,NONE,0.6860596329513917,0.0371739507094856,504722977.28,324580401.01718515,1727644.32,1117043.801112444,0.7412290569536739,1.7332499130051637e-05,0.01,0.0,GREEDY_HV,"['SPC_MBFLIP', 'SPC_MNUF', 'TPC_NONE', 'TPC_MPOLY', 'TPC_NONE', 'UC_NONE', 'SPC_NONE', 'UC_NONE', 'TPC_NONE', 'TPC_NONE', 'SPC_NONE', 'SPC_NONE', 'TPC_NONE', 'TPC_MPOLY', 'TPC_NONE', 'TPC_NONE', 'SPC_MPOLY', 'UC_MPOLY', 'SPC_NONE', 'SBX_MPOLY', 'UC_NONE', 'UC_NONE', 'TPC_NONE', 'UC_NONE', 'TPC_NONE', 'TPC_NONE', 'SPC_NONE', 'UC_NONE', 'UC_MPOLY', 'UC_NONE', 'UC_NONE', 'UC_NONE', 'SPC_NONE', 'SPC_NONE', 'TPC_NONE', 'UC_NONE', 'UC_NONE', 'SPC_NONE', 'UC_NONE', 'TPC_NONE', 'UC_NONE', 'TPC_NONE', 'TPC_NONE', 'UC_NONE', 'TPC_NONE', 'SPC_NONE', 'UC_NONE', 'UC_NONE', 'SPC_NONE', 'SBX_NONE', 'UC_NONE', 'SPC_NONE', 'SPC_NONE', 'TPC_NONE', 'UC_NONE', 'SPC_NONE', 'SPC_NONE', 'SPC_NONE', 'SBX_MPOLY', 'TPC_NONE', 'SPC_NONE', 'TPC_NONE', 'SPC_NONE']","{'SPC_MNUF': 1, 'TPC_NONE': 18, 'TPC_MPOLY': 2, 'UC_NONE': 18, 'SPC_NONE': 17, 'SPC_MPOLY': 1, 'UC_MPOLY': 2, 'SBX_MPOLY': 2, 'SBX_NONE': 1}"
7,63,UC,NONE,0.6853656222295399,0.0366458023896633,503335272.96,330570213.1981553,1667685.28,1127826.8005598565,0.7412284098924297,-6.470612442521784e-07,0.0,0.0,GREEDY_HV,"['SPC_MBFLIP', 'SPC_MNUF', 'TPC_NONE', 'TPC_MPOLY', 'TPC_NONE', 'UC_NONE', 'SPC_NONE', 'UC_NONE', 'TPC_NONE', 'TPC_NONE', 'SPC_NONE', 'SPC_NONE', 'TPC_NONE', 'TPC_MPOLY', 'TPC_NONE', 'TPC_NONE', 'SPC_MPOLY', 'UC_MPOLY', 'SPC_NONE', 'SBX_MPOLY', 'UC_NONE', 'UC_NONE', 'TPC_NONE', 'UC_NONE', 'TPC_NONE', 'TPC_NONE', 'SPC_NONE', 'UC_NONE', 'UC_MPOLY', 'UC_NONE', 'UC_NONE', 'UC_NONE', 'SPC_NONE', 'SPC_NONE', 'TPC_NONE', 'UC_NONE', 'UC_NONE', 'SPC_NONE', 'UC_NONE', 'TPC_NONE', 'UC_NONE', 'TPC_NONE', 'TPC_NONE', 'UC_NONE', 'TPC_NONE', 'SPC_NONE', 'UC_NONE', 'UC_NONE', 'SPC_NONE', 'SBX_NONE', 'UC_NONE', 'SPC_NONE', 'SPC_NONE', 'TPC_NONE', 'UC_NONE', 'SPC_NONE', 'SPC_NONE', 'SPC_NONE', 'SBX_MPOLY', 'TPC_NONE', 'SPC_NONE', 'TPC_NONE', 'SPC_NONE', 'UC_NONE']","{'SPC_MNUF': 1, 'TPC_NONE': 18, 'TPC_MPOLY': 2, 'UC_NONE': 19, 'SPC_NONE': 17, 'SPC_MPOLY': 1, 'UC_MPOLY': 2, 'SBX_MPOLY': 2, 'SBX_NONE': 1}"
7,64,UC,NONE,0.6886433255129806,0.0349271827904952,517569318.4,324471367.6494613,1766693.28,1133121.8540999908,0.7412750721490732,4.666225664351487e-05,0.01,0.0,GREEDY_HV,"['SPC_MBFLIP', 'SPC_MNUF', 'TPC_NONE', 'TPC_MPOLY', 'TPC_NONE', 'UC_NONE', 'SPC_NONE', 'UC_NONE', 'TPC_NONE', 'TPC_NONE', 'SPC_NONE', 'SPC_NONE', 'TPC_NONE', 'TPC_MPOLY', 'TPC_NONE', 'TPC_NONE', 'SPC_MPOLY', 'UC_MPOLY', 'SPC_NONE', 'SBX_MPOLY', 'UC_NONE', 'UC_NONE', 'TPC_NONE', 'UC_NONE', 'TPC_NONE', 'TPC_NONE', 'SPC_NONE', 'UC_NONE', 'UC_MPOLY', 'UC_NONE', 'UC_NONE', 'UC_NONE', 'SPC_NONE', 'SPC_NONE', 'TPC_NONE', 'UC_NONE', 'UC_NONE', 'SPC_NONE', 'UC_NONE', 'TPC_NONE', 'UC_NONE', 'TPC_NONE', 'TPC_NONE', 'UC_NONE', 'TPC_NONE', 'SPC_NONE', 'UC_NONE', 'UC_NONE', 'SPC_NONE', 'SBX_NONE', 'UC_NONE', 'SPC_NONE', 'SPC_NONE', 'TPC_NONE', 'UC_NONE', 'SPC_NONE', 'SPC_NONE', 'SPC_NONE', 'SBX_MPOLY', 'TPC_NONE', 'SPC_NONE', 'TPC_NONE', 'SPC_NONE', 'UC_NONE', 'UC_NONE']","{'SPC_MNUF': 1, 'TPC_NONE': 18, 'TPC_MPOLY': 2, 'UC_NONE': 20, 'SPC_NONE': 17, 'SPC_MPOLY': 1, 'UC_MPOLY': 2, 'SBX_MPOLY': 2, 'SBX_NONE': 1}"
7,65,UC,NONE,0.6858170199778055,0.0361363152588792,489596712.96,328394038.31948924,1673112.48,1150461.8289389398,0.741271337167809,-3.734981264158499e-06,0.0,0.0,GREEDY_HV,"['SPC_MBFLIP', 'SPC_MNUF', 'TPC_NONE', 'TPC_MPOLY', 'TPC_NONE', 'UC_NONE', 'SPC_NONE', 'UC_NONE', 'TPC_NONE', 'TPC_NONE', 'SPC_NONE', 'SPC_NONE', 'TPC_NONE', 'TPC_MPOLY', 'TPC_NONE', 'TPC_NONE', 'SPC_MPOLY', 'UC_MPOLY', 'SPC_NONE', 'SBX_MPOLY', 'UC_NONE', 'UC_NONE', 'TPC_NONE', 'UC_NONE', 'TPC_NONE', 'TPC_NONE', 'SPC_NONE', 'UC_NONE', 'UC_MPOLY', 'UC_NONE', 'UC_NONE', 'UC_NONE', 'SPC_NONE', 'SPC_NONE', 'TPC_NONE', 'UC_NONE', 'UC_NONE', 'SPC_NONE', 'UC_NONE', 'TPC_NONE', 'UC_NONE', 'TPC_NONE', 'TPC_NONE', 'UC_NONE', 'TPC_NONE', 'SPC_NONE', 'UC_NONE', 'UC_NONE', 'SPC_NONE', 'SBX_NONE', 'UC_NONE', 'SPC_NONE', 'SPC_NONE', 'TPC_NONE', 'UC_NONE', 'SPC_NONE', 'SPC_NONE', 'SPC_NONE', 'SBX_MPOLY', 'TPC_NONE', 'SPC_NONE', 'TPC_NONE', 'SPC_NONE', 'UC_NONE', 'UC_NONE', 'UC_NONE']","{'SPC_MNUF': 1, 'TPC_NONE': 18, 'TPC_MPOLY': 2, 'UC_NONE': 21, 'SPC_NONE': 17, 'SPC_MPOLY': 1, 'UC_MPOLY': 2, 'SBX_MPOLY': 2, 'SBX_NONE': 1}"
7,66,TPC,NONE,0.6908072764446674,0.0337369095862248,527705006.08,328296966.4041134,1794780.32,1082182.4295520866,0.7412706506281438,-6.865396652289135e-07,0.02,0.0,GREEDY_HV,"['SPC_MBFLIP', 'SPC_MNUF', 'TPC_NONE', 'TPC_MPOLY', 'TPC_NONE', 'UC_NONE', 'SPC_NONE', 'UC_NONE', 'TPC_NONE', 'TPC_NONE', 'SPC_NONE', 'SPC_NONE', 'TPC_NONE', 'TPC_MPOLY', 'TPC_NONE', 'TPC_NONE', 'SPC_MPOLY', 'UC_MPOLY', 'SPC_NONE', 'SBX_MPOLY', 'UC_NONE', 'UC_NONE', 'TPC_NONE', 'UC_NONE', 'TPC_NONE', 'TPC_NONE', 'SPC_NONE', 'UC_NONE', 'UC_MPOLY', 'UC_NONE', 'UC_NONE', 'UC_NONE', 'SPC_NONE', 'SPC_NONE', 'TPC_NONE', 'UC_NONE', 'UC_NONE', 'SPC_NONE', 'UC_NONE', 'TPC_NONE', 'UC_NONE', 'TPC_NONE', 'TPC_NONE', 'UC_NONE', 'TPC_NONE', 'SPC_NONE', 'UC_NONE', 'UC_NONE', 'SPC_NONE', 'SBX_NONE', 'UC_NONE', 'SPC_NONE', 'SPC_NONE', 'TPC_NONE', 'UC_NONE', 'SPC_NONE', 'SPC_NONE', 'SPC_NONE', 'SBX_MPOLY', 'TPC_NONE', 'SPC_NONE', 'TPC_NONE', 'SPC_NONE', 'UC_NONE', 'UC_NONE', 'UC_NONE', 'TPC_NONE']","{'SPC_MNUF': 1, 'TPC_NONE': 19, 'TPC_MPOLY': 2, 'UC_NONE': 21, 'SPC_NONE': 17, 'SPC_MPOLY': 1, 'UC_MPOLY': 2, 'SBX_MPOLY': 2, 'SBX_NONE': 1}"
7,67,UC,NONE,0.6874819542813168,0.0348010666113512,503152335.36,332888242.6402212,1690478.24,1132652.092082976,0.7413122963123467,4.164568420295112e-05,0.0,0.0,GREEDY_HV,"['SPC_MBFLIP', 'SPC_MNUF', 'TPC_NONE', 'TPC_MPOLY', 'TPC_NONE', 'UC_NONE', 'SPC_NONE', 'UC_NONE', 'TPC_NONE', 'TPC_NONE', 'SPC_NONE', 'SPC_NONE', 'TPC_NONE', 'TPC_MPOLY', 'TPC_NONE', 'TPC_NONE', 'SPC_MPOLY', 'UC_MPOLY', 'SPC_NONE', 'SBX_MPOLY', 'UC_NONE', 'UC_NONE', 'TPC_NONE', 'UC_NONE', 'TPC_NONE', 'TPC_NONE', 'SPC_NONE', 'UC_NONE', 'UC_MPOLY', 'UC_NONE', 'UC_NONE', 'UC_NONE', 'SPC_NONE', 'SPC_NONE', 'TPC_NONE', 'UC_NONE', 'UC_NONE', 'SPC_NONE', 'UC_NONE', 'TPC_NONE', 'UC_NONE', 'TPC_NONE', 'TPC_NONE', 'UC_NONE', 'TPC_NONE', 'SPC_NONE', 'UC_NONE', 'UC_NONE', 'SPC_NONE', 'SBX_NONE', 'UC_NONE', 'SPC_NONE', 'SPC_NONE', 'TPC_NONE', 'UC_NONE', 'SPC_NONE', 'SPC_NONE', 'SPC_NONE', 'SBX_MPOLY', 'TPC_NONE', 'SPC_NONE', 'TPC_NONE', 'SPC_NONE', 'UC_NONE', 'UC_NONE', 'UC_NONE', 'TPC_NONE', 'UC_NONE']","{'SPC_MNUF': 1, 'TPC_NONE': 19, 'TPC_MPOLY': 2, 'UC_NONE': 22, 'SPC_NONE': 17, 'SPC_MPOLY': 1, 'UC_MPOLY': 2, 'SBX_MPOLY': 2, 'SBX_NONE': 1}"
7,68,SPC,NONE,0.6879268068972308,0.0345815136749403,523294159.36,329827247.8544132,1689504.16,1092418.3135744906,0.741301786410516,-1.0509901830713098e-05,0.0,0.0,GREEDY_HV,"['SPC_MBFLIP', 'SPC_MNUF', 'TPC_NONE', 'TPC_MPOLY', 'TPC_NONE', 'UC_NONE', 'SPC_NONE', 'UC_NONE', 'TPC_NONE', 'TPC_NONE', 'SPC_NONE', 'SPC_NONE', 'TPC_NONE', 'TPC_MPOLY', 'TPC_NONE', 'TPC_NONE', 'SPC_MPOLY', 'UC_MPOLY', 'SPC_NONE', 'SBX_MPOLY', 'UC_NONE', 'UC_NONE', 'TPC_NONE', 'UC_NONE', 'TPC_NONE', 'TPC_NONE', 'SPC_NONE', 'UC_NONE', 'UC_MPOLY', 'UC_NONE', 'UC_NONE', 'UC_NONE', 'SPC_NONE', 'SPC_NONE', 'TPC_NONE', 'UC_NONE', 'UC_NONE', 'SPC_NONE', 'UC_NONE', 'TPC_NONE', 'UC_NONE', 'TPC_NONE', 'TPC_NONE', 'UC_NONE', 'TPC_NONE', 'SPC_NONE', 'UC_NONE', 'UC_NONE', 'SPC_NONE', 'SBX_NONE', 'UC_NONE', 'SPC_NONE', 'SPC_NONE', 'TPC_NONE', 'UC_NONE', 'SPC_NONE', 'SPC_NONE', 'SPC_NONE', 'SBX_MPOLY', 'TPC_NONE', 'SPC_NONE', 'TPC_NONE', 'SPC_NONE', 'UC_NONE', 'UC_NONE', 'UC_NONE', 'TPC_NONE', 'UC_NONE', 'SPC_NONE']","{'SPC_MNUF': 1, 'TPC_NONE': 19, 'TPC_MPOLY': 2, 'UC_NONE': 22, 'SPC_NONE': 18, 'SPC_MPOLY': 1, 'UC_MPOLY': 2, 'SBX_MPOLY': 2, 'SBX_NONE': 1}"
7,69,TPC,NONE,0.6871998893988167,0.0344579926795,495096115.2,318270092.0084712,1698450.08,1112113.4340423346,0.7412497693490822,-5.20170614338733e-05,0.0,0.0,GREEDY_HV,"['SPC_MBFLIP', 'SPC_MNUF', 'TPC_NONE', 'TPC_MPOLY', 'TPC_NONE', 'UC_NONE', 'SPC_NONE', 'UC_NONE', 'TPC_NONE', 'TPC_NONE', 'SPC_NONE', 'SPC_NONE', 'TPC_NONE', 'TPC_MPOLY', 'TPC_NONE', 'TPC_NONE', 'SPC_MPOLY', 'UC_MPOLY', 'SPC_NONE', 'SBX_MPOLY', 'UC_NONE', 'UC_NONE', 'TPC_NONE', 'UC_NONE', 'TPC_NONE', 'TPC_NONE', 'SPC_NONE', 'UC_NONE', 'UC_MPOLY', 'UC_NONE', 'UC_NONE', 'UC_NONE', 'SPC_NONE', 'SPC_NONE', 'TPC_NONE', 'UC_NONE', 'UC_NONE', 'SPC_NONE', 'UC_NONE', 'TPC_NONE', 'UC_NONE', 'TPC_NONE', 'TPC_NONE', 'UC_NONE', 'TPC_NONE', 'SPC_NONE', 'UC_NONE', 'UC_NONE', 'SPC_NONE', 'SBX_NONE', 'UC_NONE', 'SPC_NONE', 'SPC_NONE', 'TPC_NONE', 'UC_NONE', 'SPC_NONE', 'SPC_NONE', 'SPC_NONE', 'SBX_MPOLY', 'TPC_NONE', 'SPC_NONE', 'TPC_NONE', 'SPC_NONE', 'UC_NONE', 'UC_NONE', 'UC_NONE', 'TPC_NONE', 'UC_NONE', 'SPC_NONE', 'TPC_NONE']","{'SPC_MNUF': 1, 'TPC_NONE': 20, 'TPC_MPOLY': 2, 'UC_NONE': 22, 'SPC_NONE': 18, 'SPC_MPOLY': 1, 'UC_MPOLY': 2, 'SBX_MPOLY': 2, 'SBX_NONE': 1}"
7,70,UC,NONE,0.6880547907994076,0.0344108074388119,519313328.64,322117973.5674585,1675291.04,1077174.4568439962,0.7412291900167065,-2.057933237564757e-05,0.0,0.0,GREEDY_HV,"['SPC_MBFLIP', 'SPC_MNUF', 'TPC_NONE', 'TPC_MPOLY', 'TPC_NONE', 'UC_NONE', 'SPC_NONE', 'UC_NONE', 'TPC_NONE', 'TPC_NONE', 'SPC_NONE', 'SPC_NONE', 'TPC_NONE', 'TPC_MPOLY', 'TPC_NONE', 'TPC_NONE', 'SPC_MPOLY', 'UC_MPOLY', 'SPC_NONE', 'SBX_MPOLY', 'UC_NONE', 'UC_NONE', 'TPC_NONE', 'UC_NONE', 'TPC_NONE', 'TPC_NONE', 'SPC_NONE', 'UC_NONE', 'UC_MPOLY', 'UC_NONE', 'UC_NONE', 'UC_NONE', 'SPC_NONE', 'SPC_NONE', 'TPC_NONE', 'UC_NONE', 'UC_NONE', 'SPC_NONE', 'UC_NONE', 'TPC_NONE', 'UC_NONE', 'TPC_NONE', 'TPC_NONE', 'UC_NONE', 'TPC_NONE', 'SPC_NONE', 'UC_NONE', 'UC_NONE', 'SPC_NONE', 'SBX_NONE', 'UC_NONE', 'SPC_NONE', 'SPC_NONE', 'TPC_NONE', 'UC_NONE', 'SPC_NONE', 'SPC_NONE', 'SPC_NONE', 'SBX_MPOLY', 'TPC_NONE', 'SPC_NONE', 'TPC_NONE', 'SPC_NONE', 'UC_NONE', 'UC_NONE', 'UC_NONE', 'TPC_NONE', 'UC_NONE', 'SPC_NONE', 'TPC_NONE', 'UC_NONE']","{'SPC_MNUF': 1, 'TPC_NONE': 20, 'TPC_MPOLY': 2, 'UC_NONE': 23, 'SPC_NONE': 18, 'SPC_MPOLY': 1, 'UC_MPOLY': 2, 'SBX_MPOLY': 2, 'SBX_NONE': 1}"
7,71,TPC,NONE,0.6878953092093291,0.0340940610950866,513526018.56,333820861.78088146,1680873.12,1086171.0583274558,0.7412688775268573,3.968751015082095e-05,0.0,0.0,GREEDY_HV,"['SPC_MBFLIP', 'SPC_MNUF', 'TPC_NONE', 'TPC_MPOLY', 'TPC_NONE', 'UC_NONE', 'SPC_NONE', 'UC_NONE', 'TPC_NONE', 'TPC_NONE', 'SPC_NONE', 'SPC_NONE', 'TPC_NONE', 'TPC_MPOLY', 'TPC_NONE', 'TPC_NONE', 'SPC_MPOLY', 'UC_MPOLY', 'SPC_NONE', 'SBX_MPOLY', 'UC_NONE', 'UC_NONE', 'TPC_NONE', 'UC_NONE', 'TPC_NONE', 'TPC_NONE', 'SPC_NONE', 'UC_NONE', 'UC_MPOLY', 'UC_NONE', 'UC_NONE', 'UC_NONE', 'SPC_NONE', 'SPC_NONE', 'TPC_NONE', 'UC_NONE', 'UC_NONE', 'SPC_NONE', 'UC_NONE', 'TPC_NONE', 'UC_NONE', 'TPC_NONE', 'TPC_NONE', 'UC_NONE', 'TPC_NONE', 'SPC_NONE', 'UC_NONE', 'UC_NONE', 'SPC_NONE', 'SBX_NONE', 'UC_NONE', 'SPC_NONE', 'SPC_NONE', 'TPC_NONE', 'UC_NONE', 'SPC_NONE', 'SPC_NONE', 'SPC_NONE', 'SBX_MPOLY', 'TPC_NONE', 'SPC_NONE', 'TPC_NONE', 'SPC_NONE', 'UC_NONE', 'UC_NONE', 'UC_NONE', 'TPC_NONE', 'UC_NONE', 'SPC_NONE', 'TPC_NONE', 'UC_NONE', 'TPC_NONE']","{'SPC_MNUF': 1, 'TPC_NONE': 21, 'TPC_MPOLY': 2, 'UC_NONE': 23, 'SPC_NONE': 18, 'SPC_MPOLY': 1, 'UC_MPOLY': 2, 'SBX_MPOLY': 2, 'SBX_NONE': 1}"
7,72,SPC,NONE,0.6873241785984079,0.0347081529296499,503729118.72,325744108.38459206,1686379.68,1103719.5193121382,0.7412985000093057,2.9622482448421472e-05,0.0,0.0,GREEDY_HV,"['SPC_MBFLIP', 'SPC_MNUF', 'TPC_NONE', 'TPC_MPOLY', 'TPC_NONE', 'UC_NONE', 'SPC_NONE', 'UC_NONE', 'TPC_NONE', 'TPC_NONE', 'SPC_NONE', 'SPC_NONE', 'TPC_NONE', 'TPC_MPOLY', 'TPC_NONE', 'TPC_NONE', 'SPC_MPOLY', 'UC_MPOLY', 'SPC_NONE', 'SBX_MPOLY', 'UC_NONE', 'UC_NONE', 'TPC_NONE', 'UC_NONE', 'TPC_NONE', 'TPC_NONE', 'SPC_NONE', 'UC_NONE', 'UC_MPOLY', 'UC_NONE', 'UC_NONE', 'UC_NONE', 'SPC_NONE', 'SPC_NONE', 'TPC_NONE', 'UC_NONE', 'UC_NONE', 'SPC_NONE', 'UC_NONE', 'TPC_NONE', 'UC_NONE', 'TPC_NONE', 'TPC_NONE', 'UC_NONE', 'TPC_NONE', 'SPC_NONE', 'UC_NONE', 'UC_NONE', 'SPC_NONE', 'SBX_NONE', 'UC_NONE', 'SPC_NONE', 'SPC_NONE', 'TPC_NONE', 'UC_NONE', 'SPC_NONE', 'SPC_NONE', 'SPC_NONE', 'SBX_MPOLY', 'TPC_NONE', 'SPC_NONE', 'TPC_NONE', 'SPC_NONE', 'UC_NONE', 'UC_NONE', 'UC_NONE', 'TPC_NONE', 'UC_NONE', 'SPC_NONE', 'TPC_NONE', 'UC_NONE', 'TPC_NONE', 'SPC_NONE']","{'SPC_MNUF': 1, 'TPC_NONE': 21, 'TPC_MPOLY': 2, 'UC_NONE': 23, 'SPC_NONE': 19, 'SPC_MPOLY': 1, 'UC_MPOLY': 2, 'SBX_MPOLY': 2, 'SBX_NONE': 1}"
7,73,SPC,NONE,0.6871420835925902,0.0346133670069699,511599157.76,329301251.2533895,1674031.52,1091378.1008206136,0.7413279381099819,2.9438100676126844e-05,0.0,0.0,GREEDY_HV,"['SPC_MBFLIP', 'SPC_MNUF', 'TPC_NONE', 'TPC_MPOLY', 'TPC_NONE', 'UC_NONE', 'SPC_NONE', 'UC_NONE', 'TPC_NONE', 'TPC_NONE', 'SPC_NONE', 'SPC_NONE', 'TPC_NONE', 'TPC_MPOLY', 'TPC_NONE', 'TPC_NONE', 'SPC_MPOLY', 'UC_MPOLY', 'SPC_NONE', 'SBX_MPOLY', 'UC_NONE', 'UC_NONE', 'TPC_NONE', 'UC_NONE', 'TPC_NONE', 'TPC_NONE', 'SPC_NONE', 'UC_NONE', 'UC_MPOLY', 'UC_NONE', 'UC_NONE', 'UC_NONE', 'SPC_NONE', 'SPC_NONE', 'TPC_NONE', 'UC_NONE', 'UC_NONE', 'SPC_NONE', 'UC_NONE', 'TPC_NONE', 'UC_NONE', 'TPC_NONE', 'TPC_NONE', 'UC_NONE', 'TPC_NONE', 'SPC_NONE', 'UC_NONE', 'UC_NONE', 'SPC_NONE', 'SBX_NONE', 'UC_NONE', 'SPC_NONE', 'SPC_NONE', 'TPC_NONE', 'UC_NONE', 'SPC_NONE', 'SPC_NONE', 'SPC_NONE', 'SBX_MPOLY', 'TPC_NONE', 'SPC_NONE', 'TPC_NONE', 'SPC_NONE', 'UC_NONE', 'UC_NONE', 'UC_NONE', 'TPC_NONE', 'UC_NONE', 'SPC_NONE', 'TPC_NONE', 'UC_NONE', 'TPC_NONE', 'SPC_NONE', 'SPC_NONE']","{'SPC_MNUF': 1, 'TPC_NONE': 21, 'TPC_MPOLY': 2, 'UC_NONE': 23, 'SPC_NONE': 20, 'SPC_MPOLY': 1, 'UC_MPOLY': 2, 'SBX_MPOLY': 2, 'SBX_NONE': 1}"
7,74,UC,NONE,0.6883534927089585,0.0347159985674921,523161853.44,328877309.4973609,1768448.16,1128357.735929654,0.741299510143593,-2.8427966388910875e-05,0.0,0.0,GREEDY_HV,"['SPC_MBFLIP', 'SPC_MNUF', 'TPC_NONE', 'TPC_MPOLY', 'TPC_NONE', 'UC_NONE', 'SPC_NONE', 'UC_NONE', 'TPC_NONE', 'TPC_NONE', 'SPC_NONE', 'SPC_NONE', 'TPC_NONE', 'TPC_MPOLY', 'TPC_NONE', 'TPC_NONE', 'SPC_MPOLY', 'UC_MPOLY', 'SPC_NONE', 'SBX_MPOLY', 'UC_NONE', 'UC_NONE', 'TPC_NONE', 'UC_NONE', 'TPC_NONE', 'TPC_NONE', 'SPC_NONE', 'UC_NONE', 'UC_MPOLY', 'UC_NONE', 'UC_NONE', 'UC_NONE', 'SPC_NONE', 'SPC_NONE', 'TPC_NONE', 'UC_NONE', 'UC_NONE', 'SPC_NONE', 'UC_NONE', 'TPC_NONE', 'UC_NONE', 'TPC_NONE', 'TPC_NONE', 'UC_NONE', 'TPC_NONE', 'SPC_NONE', 'UC_NONE', 'UC_NONE', 'SPC_NONE', 'SBX_NONE', 'UC_NONE', 'SPC_NONE', 'SPC_NONE', 'TPC_NONE', 'UC_NONE', 'SPC_NONE', 'SPC_NONE', 'SPC_NONE', 'SBX_MPOLY', 'TPC_NONE', 'SPC_NONE', 'TPC_NONE', 'SPC_NONE', 'UC_NONE', 'UC_NONE', 'UC_NONE', 'TPC_NONE', 'UC_NONE', 'SPC_NONE', 'TPC_NONE', 'UC_NONE', 'TPC_NONE', 'SPC_NONE', 'SPC_NONE', 'UC_NONE']","{'SPC_MNUF': 1, 'TPC_NONE': 21, 'TPC_MPOLY': 2, 'UC_NONE': 24, 'SPC_NONE': 20, 'SPC_MPOLY': 1, 'UC_MPOLY': 2, 'SBX_MPOLY': 2, 'SBX_NONE': 1}"
7,75,UC,NONE,0.6870680879870759,0.0346677378279453,500993487.36,325295116.7310045,1702852.0,1143157.440399108,0.7413014935336935,1.983390100490645e-06,0.0,0.0,GREEDY_HV,"['SPC_MBFLIP', 'SPC_MNUF', 'TPC_NONE', 'TPC_MPOLY', 'TPC_NONE', 'UC_NONE', 'SPC_NONE', 'UC_NONE', 'TPC_NONE', 'TPC_NONE', 'SPC_NONE', 'SPC_NONE', 'TPC_NONE', 'TPC_MPOLY', 'TPC_NONE', 'TPC_NONE', 'SPC_MPOLY', 'UC_MPOLY', 'SPC_NONE', 'SBX_MPOLY', 'UC_NONE', 'UC_NONE', 'TPC_NONE', 'UC_NONE', 'TPC_NONE', 'TPC_NONE', 'SPC_NONE', 'UC_NONE', 'UC_MPOLY', 'UC_NONE', 'UC_NONE', 'UC_NONE', 'SPC_NONE', 'SPC_NONE', 'TPC_NONE', 'UC_NONE', 'UC_NONE', 'SPC_NONE', 'UC_NONE', 'TPC_NONE', 'UC_NONE', 'TPC_NONE', 'TPC_NONE', 'UC_NONE', 'TPC_NONE', 'SPC_NONE', 'UC_NONE', 'UC_NONE', 'SPC_NONE', 'SBX_NONE', 'UC_NONE', 'SPC_NONE', 'SPC_NONE', 'TPC_NONE', 'UC_NONE', 'SPC_NONE', 'SPC_NONE', 'SPC_NONE', 'SBX_MPOLY', 'TPC_NONE', 'SPC_NONE', 'TPC_NONE', 'SPC_NONE', 'UC_NONE', 'UC_NONE', 'UC_NONE', 'TPC_NONE', 'UC_NONE', 'SPC_NONE', 'TPC_NONE', 'UC_NONE', 'TPC_NONE', 'SPC_NONE', 'SPC_NONE', 'UC_NONE', 'UC_NONE']","{'SPC_MNUF': 1, 'TPC_NONE': 21, 'TPC_MPOLY': 2, 'UC_NONE': 25, 'SPC_NONE': 20, 'SPC_MPOLY': 1, 'UC_MPOLY': 2, 'SBX_MPOLY': 2, 'SBX_NONE': 1}"
7,76,TPC,NONE,0.6884135548070257,0.0347100067953805,518524244.48,338395908.08899,1768846.24,1107594.1535730597,0.7413068925045027,5.398970809200598e-06,0.0,0.0,GREEDY_HV,"['SPC_MBFLIP', 'SPC_MNUF', 'TPC_NONE', 'TPC_MPOLY', 'TPC_NONE', 'UC_NONE', 'SPC_NONE', 'UC_NONE', 'TPC_NONE', 'TPC_NONE', 'SPC_NONE', 'SPC_NONE', 'TPC_NONE', 'TPC_MPOLY', 'TPC_NONE', 'TPC_NONE', 'SPC_MPOLY', 'UC_MPOLY', 'SPC_NONE', 'SBX_MPOLY', 'UC_NONE', 'UC_NONE', 'TPC_NONE', 'UC_NONE', 'TPC_NONE', 'TPC_NONE', 'SPC_NONE', 'UC_NONE', 'UC_MPOLY', 'UC_NONE', 'UC_NONE', 'UC_NONE', 'SPC_NONE', 'SPC_NONE', 'TPC_NONE', 'UC_NONE', 'UC_NONE', 'SPC_NONE', 'UC_NONE', 'TPC_NONE', 'UC_NONE', 'TPC_NONE', 'TPC_NONE', 'UC_NONE', 'TPC_NONE', 'SPC_NONE', 'UC_NONE', 'UC_NONE', 'SPC_NONE', 'SBX_NONE', 'UC_NONE', 'SPC_NONE', 'SPC_NONE', 'TPC_NONE', 'UC_NONE', 'SPC_NONE', 'SPC_NONE', 'SPC_NONE', 'SBX_MPOLY', 'TPC_NONE', 'SPC_NONE', 'TPC_NONE', 'SPC_NONE', 'UC_NONE', 'UC_NONE', 'UC_NONE', 'TPC_NONE', 'UC_NONE', 'SPC_NONE', 'TPC_NONE', 'UC_NONE', 'TPC_NONE', 'SPC_NONE', 'SPC_NONE', 'UC_NONE', 'UC_NONE', 'TPC_NONE']","{'SPC_MNUF': 1, 'TPC_NONE': 22, 'TPC_MPOLY': 2, 'UC_NONE': 25, 'SPC_NONE': 20, 'SPC_MPOLY': 1, 'UC_MPOLY': 2, 'SBX_MPOLY': 2, 'SBX_NONE': 1}"
7,77,TPC,NONE,0.6870652979389362,0.034694963406861,508715087.36,335544252.8196777,1703911.84,1126537.4329911168,0.7412792217464309,-2.767075807175168e-05,0.0,0.0,GREEDY_HV,"['SPC_MBFLIP', 'SPC_MNUF', 'TPC_NONE', 'TPC_MPOLY', 'TPC_NONE', 'UC_NONE', 'SPC_NONE', 'UC_NONE', 'TPC_NONE', 'TPC_NONE', 'SPC_NONE', 'SPC_NONE', 'TPC_NONE', 'TPC_MPOLY', 'TPC_NONE', 'TPC_NONE', 'SPC_MPOLY', 'UC_MPOLY', 'SPC_NONE', 'SBX_MPOLY', 'UC_NONE', 'UC_NONE', 'TPC_NONE', 'UC_NONE', 'TPC_NONE', 'TPC_NONE', 'SPC_NONE', 'UC_NONE', 'UC_MPOLY', 'UC_NONE', 'UC_NONE', 'UC_NONE', 'SPC_NONE', 'SPC_NONE', 'TPC_NONE', 'UC_NONE', 'UC_NONE', 'SPC_NONE', 'UC_NONE', 'TPC_NONE', 'UC_NONE', 'TPC_NONE', 'TPC_NONE', 'UC_NONE', 'TPC_NONE', 'SPC_NONE', 'UC_NONE', 'UC_NONE', 'SPC_NONE', 'SBX_NONE', 'UC_NONE', 'SPC_NONE', 'SPC_NONE', 'TPC_NONE', 'UC_NONE', 'SPC_NONE', 'SPC_NONE', 'SPC_NONE', 'SBX_MPOLY', 'TPC_NONE', 'SPC_NONE', 'TPC_NONE', 'SPC_NONE', 'UC_NONE', 'UC_NONE', 'UC_NONE', 'TPC_NONE', 'UC_NONE', 'SPC_NONE', 'TPC_NONE', 'UC_NONE', 'TPC_NONE', 'SPC_NONE', 'SPC_NONE', 'UC_NONE', 'UC_NONE', 'TPC_NONE', 'TPC_NONE']","{'SPC_MNUF': 1, 'TPC_NONE': 23, 'TPC_MPOLY': 2, 'UC_NONE': 25, 'SPC_NONE': 20, 'SPC_MPOLY': 1, 'UC_MPOLY': 2, 'SBX_MPOLY': 2, 'SBX_NONE': 1}"
7,78,TPC,NONE,0.6880753783942278,0.0343452528123436,504436129.28,324406711.64461833,1739041.44,1104873.2005773722,0.7412785587497803,-6.629966505800056e-07,0.01,0.0,GREEDY_HV,"['SPC_MBFLIP', 'SPC_MNUF', 'TPC_NONE', 'TPC_MPOLY', 'TPC_NONE', 'UC_NONE', 'SPC_NONE', 'UC_NONE', 'TPC_NONE', 'TPC_NONE', 'SPC_NONE', 'SPC_NONE', 'TPC_NONE', 'TPC_MPOLY', 'TPC_NONE', 'TPC_NONE', 'SPC_MPOLY', 'UC_MPOLY', 'SPC_NONE', 'SBX_MPOLY', 'UC_NONE', 'UC_NONE', 'TPC_NONE', 'UC_NONE', 'TPC_NONE', 'TPC_NONE', 'SPC_NONE', 'UC_NONE', 'UC_MPOLY', 'UC_NONE', 'UC_NONE', 'UC_NONE', 'SPC_NONE', 'SPC_NONE', 'TPC_NONE', 'UC_NONE', 'UC_NONE', 'SPC_NONE', 'UC_NONE', 'TPC_NONE', 'UC_NONE', 'TPC_NONE', 'TPC_NONE', 'UC_NONE', 'TPC_NONE', 'SPC_NONE', 'UC_NONE', 'UC_NONE', 'SPC_NONE', 'SBX_NONE', 'UC_NONE', 'SPC_NONE', 'SPC_NONE', 'TPC_NONE', 'UC_NONE', 'SPC_NONE', 'SPC_NONE', 'SPC_NONE', 'SBX_MPOLY', 'TPC_NONE', 'SPC_NONE', 'TPC_NONE', 'SPC_NONE', 'UC_NONE', 'UC_NONE', 'UC_NONE', 'TPC_NONE', 'UC_NONE', 'SPC_NONE', 'TPC_NONE', 'UC_NONE', 'TPC_NONE', 'SPC_NONE', 'SPC_NONE', 'UC_NONE', 'UC_NONE', 'TPC_NONE', 'TPC_NONE', 'TPC_NONE']","{'SPC_MNUF': 1, 'TPC_NONE': 24, 'TPC_MPOLY': 2, 'UC_NONE': 25, 'SPC_NONE': 20, 'SPC_MPOLY': 1, 'UC_MPOLY': 2, 'SBX_MPOLY': 2, 'SBX_NONE': 1}"
7,79,SPC,NONE,0.6877000185508407,0.0346834681467482,497666951.68,324056324.47178006,1740430.24,1119272.33728666,0.7412856881419532,7.129392172844362e-06,0.0,0.0,GREEDY_HV,"['SPC_MBFLIP', 'SPC_MNUF', 'TPC_NONE', 'TPC_MPOLY', 'TPC_NONE', 'UC_NONE', 'SPC_NONE', 'UC_NONE', 'TPC_NONE', 'TPC_NONE', 'SPC_NONE', 'SPC_NONE', 'TPC_NONE', 'TPC_MPOLY', 'TPC_NONE', 'TPC_NONE', 'SPC_MPOLY', 'UC_MPOLY', 'SPC_NONE', 'SBX_MPOLY', 'UC_NONE', 'UC_NONE', 'TPC_NONE', 'UC_NONE', 'TPC_NONE', 'TPC_NONE', 'SPC_NONE', 'UC_NONE', 'UC_MPOLY', 'UC_NONE', 'UC_NONE', 'UC_NONE', 'SPC_NONE', 'SPC_NONE', 'TPC_NONE', 'UC_NONE', 'UC_NONE', 'SPC_NONE', 'UC_NONE', 'TPC_NONE', 'UC_NONE', 'TPC_NONE', 'TPC_NONE', 'UC_NONE', 'TPC_NONE', 'SPC_NONE', 'UC_NONE', 'UC_NONE', 'SPC_NONE', 'SBX_NONE', 'UC_NONE', 'SPC_NONE', 'SPC_NONE', 'TPC_NONE', 'UC_NONE', 'SPC_NONE', 'SPC_NONE', 'SPC_NONE', 'SBX_MPOLY', 'TPC_NONE', 'SPC_NONE', 'TPC_NONE', 'SPC_NONE', 'UC_NONE', 'UC_NONE', 'UC_NONE', 'TPC_NONE', 'UC_NONE', 'SPC_NONE', 'TPC_NONE', 'UC_NONE', 'TPC_NONE', 'SPC_NONE', 'SPC_NONE', 'UC_NONE', 'UC_NONE', 'TPC_NONE', 'TPC_NONE', 'TPC_NONE', 'SPC_NONE']","{'SPC_MNUF': 1, 'TPC_NONE': 24, 'TPC_MPOLY': 2, 'UC_NONE': 25, 'SPC_NONE': 21, 'SPC_MPOLY': 1, 'UC_MPOLY': 2, 'SBX_MPOLY': 2, 'SBX_NONE': 1}"
7,80,UC,NONE,0.6882175118388837,0.0347913599337562,511100956.16,328864033.50312734,1763357.6,1125981.6084596764,0.7413526651695447,6.697702759150825e-05,0.01,0.0,GREEDY_HV,"['SPC_MBFLIP', 'SPC_MNUF', 'TPC_NONE', 'TPC_MPOLY', 'TPC_NONE', 'UC_NONE', 'SPC_NONE', 'UC_NONE', 'TPC_NONE', 'TPC_NONE', 'SPC_NONE', 'SPC_NONE', 'TPC_NONE', 'TPC_MPOLY', 'TPC_NONE', 'TPC_NONE', 'SPC_MPOLY', 'UC_MPOLY', 'SPC_NONE', 'SBX_MPOLY', 'UC_NONE', 'UC_NONE', 'TPC_NONE', 'UC_NONE', 'TPC_NONE', 'TPC_NONE', 'SPC_NONE', 'UC_NONE', 'UC_MPOLY', 'UC_NONE', 'UC_NONE', 'UC_NONE', 'SPC_NONE', 'SPC_NONE', 'TPC_NONE', 'UC_NONE', 'UC_NONE', 'SPC_NONE', 'UC_NONE', 'TPC_NONE', 'UC_NONE', 'TPC_NONE', 'TPC_NONE', 'UC_NONE', 'TPC_NONE', 'SPC_NONE', 'UC_NONE', 'UC_NONE', 'SPC_NONE', 'SBX_NONE', 'UC_NONE', 'SPC_NONE', 'SPC_NONE', 'TPC_NONE', 'UC_NONE', 'SPC_NONE', 'SPC_NONE', 'SPC_NONE', 'SBX_MPOLY', 'TPC_NONE', 'SPC_NONE', 'TPC_NONE', 'SPC_NONE', 'UC_NONE', 'UC_NONE', 'UC_NONE', 'TPC_NONE', 'UC_NONE', 'SPC_NONE', 'TPC_NONE', 'UC_NONE', 'TPC_NONE', 'SPC_NONE', 'SPC_NONE', 'UC_NONE', 'UC_NONE', 'TPC_NONE', 'TPC_NONE', 'TPC_NONE', 'SPC_NONE', 'UC_NONE']","{'SPC_MNUF': 1, 'TPC_NONE': 24, 'TPC_MPOLY': 2, 'UC_NONE': 26, 'SPC_NONE': 21, 'SPC_MPOLY': 1, 'UC_MPOLY': 2, 'SBX_MPOLY': 2, 'SBX_NONE': 1}"
7,81,TPC,NONE,0.6877483338377561,0.0343912925446433,506069425.92,322282060.2425545,1687502.24,1107169.508212551,0.7413239606913345,-2.870447821012867e-05,0.0,0.0,GREEDY_HV,"['SPC_MBFLIP', 'SPC_MNUF', 'TPC_NONE', 'TPC_MPOLY', 'TPC_NONE', 'UC_NONE', 'SPC_NONE', 'UC_NONE', 'TPC_NONE', 'TPC_NONE', 'SPC_NONE', 'SPC_NONE', 'TPC_NONE', 'TPC_MPOLY', 'TPC_NONE', 'TPC_NONE', 'SPC_MPOLY', 'UC_MPOLY', 'SPC_NONE', 'SBX_MPOLY', 'UC_NONE', 'UC_NONE', 'TPC_NONE', 'UC_NONE', 'TPC_NONE', 'TPC_NONE', 'SPC_NONE', 'UC_NONE', 'UC_MPOLY', 'UC_NONE', 'UC_NONE', 'UC_NONE', 'SPC_NONE', 'SPC_NONE', 'TPC_NONE', 'UC_NONE', 'UC_NONE', 'SPC_NONE', 'UC_NONE', 'TPC_NONE', 'UC_NONE', 'TPC_NONE', 'TPC_NONE', 'UC_NONE', 'TPC_NONE', 'SPC_NONE', 'UC_NONE', 'UC_NONE', 'SPC_NONE', 'SBX_NONE', 'UC_NONE', 'SPC_NONE', 'SPC_NONE', 'TPC_NONE', 'UC_NONE', 'SPC_NONE', 'SPC_NONE', 'SPC_NONE', 'SBX_MPOLY', 'TPC_NONE', 'SPC_NONE', 'TPC_NONE', 'SPC_NONE', 'UC_NONE', 'UC_NONE', 'UC_NONE', 'TPC_NONE', 'UC_NONE', 'SPC_NONE', 'TPC_NONE', 'UC_NONE', 'TPC_NONE', 'SPC_NONE', 'SPC_NONE', 'UC_NONE', 'UC_NONE', 'TPC_NONE', 'TPC_NONE', 'TPC_NONE', 'SPC_NONE', 'UC_NONE', 'TPC_NONE']","{'SPC_MNUF': 1, 'TPC_NONE': 25, 'TPC_MPOLY': 2, 'UC_NONE': 26, 'SPC_NONE': 21, 'SPC_MPOLY': 1, 'UC_MPOLY': 2, 'SBX_MPOLY': 2, 'SBX_NONE': 1}"
7,82,SPC,NONE,0.6883241122797028,0.0346819771665461,526831819.52,324288717.70059913,1721601.44,1116937.811166444,0.7412437498468696,-8.02108444649674e-05,0.0,0.0,GREEDY_HV,"['SPC_MBFLIP', 'SPC_MNUF', 'TPC_NONE', 'TPC_MPOLY', 'TPC_NONE', 'UC_NONE', 'SPC_NONE', 'UC_NONE', 'TPC_NONE', 'TPC_NONE', 'SPC_NONE', 'SPC_NONE', 'TPC_NONE', 'TPC_MPOLY', 'TPC_NONE', 'TPC_NONE', 'SPC_MPOLY', 'UC_MPOLY', 'SPC_NONE', 'SBX_MPOLY', 'UC_NONE', 'UC_NONE', 'TPC_NONE', 'UC_NONE', 'TPC_NONE', 'TPC_NONE', 'SPC_NONE', 'UC_NONE', 'UC_MPOLY', 'UC_NONE', 'UC_NONE', 'UC_NONE', 'SPC_NONE', 'SPC_NONE', 'TPC_NONE', 'UC_NONE', 'UC_NONE', 'SPC_NONE', 'UC_NONE', 'TPC_NONE', 'UC_NONE', 'TPC_NONE', 'TPC_NONE', 'UC_NONE', 'TPC_NONE', 'SPC_NONE', 'UC_NONE', 'UC_NONE', 'SPC_NONE', 'SBX_NONE', 'UC_NONE', 'SPC_NONE', 'SPC_NONE', 'TPC_NONE', 'UC_NONE', 'SPC_NONE', 'SPC_NONE', 'SPC_NONE', 'SBX_MPOLY', 'TPC_NONE', 'SPC_NONE', 'TPC_NONE', 'SPC_NONE', 'UC_NONE', 'UC_NONE', 'UC_NONE', 'TPC_NONE', 'UC_NONE', 'SPC_NONE', 'TPC_NONE', 'UC_NONE', 'TPC_NONE', 'SPC_NONE', 'SPC_NONE', 'UC_NONE', 'UC_NONE', 'TPC_NONE', 'TPC_NONE', 'TPC_NONE', 'SPC_NONE', 'UC_NONE', 'TPC_NONE', 'SPC_NONE']","{'SPC_MNUF': 1, 'TPC_NONE': 25, 'TPC_MPOLY': 2, 'UC_NONE': 26, 'SPC_NONE': 22, 'SPC_MPOLY': 1, 'UC_MPOLY': 2, 'SBX_MPOLY': 2, 'SBX_NONE': 1}"
7,83,SPC,NONE,0.6881548536991086,0.0346570391800885,531604284.16,320792060.9018512,1693068.96,1115285.5202430089,0.7412748705298663,3.1120682996710336e-05,0.0,0.0,GREEDY_HV,"['SPC_MBFLIP', 'SPC_MNUF', 'TPC_NONE', 'TPC_MPOLY', 'TPC_NONE', 'UC_NONE', 'SPC_NONE', 'UC_NONE', 'TPC_NONE', 'TPC_NONE', 'SPC_NONE', 'SPC_NONE', 'TPC_NONE', 'TPC_MPOLY', 'TPC_NONE', 'TPC_NONE', 'SPC_MPOLY', 'UC_MPOLY', 'SPC_NONE', 'SBX_MPOLY', 'UC_NONE', 'UC_NONE', 'TPC_NONE', 'UC_NONE', 'TPC_NONE', 'TPC_NONE', 'SPC_NONE', 'UC_NONE', 'UC_MPOLY', 'UC_NONE', 'UC_NONE', 'UC_NONE', 'SPC_NONE', 'SPC_NONE', 'TPC_NONE', 'UC_NONE', 'UC_NONE', 'SPC_NONE', 'UC_NONE', 'TPC_NONE', 'UC_NONE', 'TPC_NONE', 'TPC_NONE', 'UC_NONE', 'TPC_NONE', 'SPC_NONE', 'UC_NONE', 'UC_NONE', 'SPC_NONE', 'SBX_NONE', 'UC_NONE', 'SPC_NONE', 'SPC_NONE', 'TPC_NONE', 'UC_NONE', 'SPC_NONE', 'SPC_NONE', 'SPC_NONE', 'SBX_MPOLY', 'TPC_NONE', 'SPC_NONE', 'TPC_NONE', 'SPC_NONE', 'UC_NONE', 'UC_NONE', 'UC_NONE', 'TPC_NONE', 'UC_NONE', 'SPC_NONE', 'TPC_NONE', 'UC_NONE', 'TPC_NONE', 'SPC_NONE', 'SPC_NONE', 'UC_NONE', 'UC_NONE', 'TPC_NONE', 'TPC_NONE', 'TPC_NONE', 'SPC_NONE', 'UC_NONE', 'TPC_NONE', 'SPC_NONE', 'SPC_NONE']","{'SPC_MNUF': 1, 'TPC_NONE': 25, 'TPC_MPOLY': 2, 'UC_NONE': 26, 'SPC_NONE': 23, 'SPC_MPOLY': 1, 'UC_MPOLY': 2, 'SBX_MPOLY': 2, 'SBX_NONE': 1}"
7,84,SPC,NONE,0.6883628003193409,0.0344463990576715,538107452.16,325604337.1329766,1708009.12,1122692.12696284,0.741288295943451,1.342541358473337e-05,0.0,0.0,GREEDY_HV,"['SPC_MBFLIP', 'SPC_MNUF', 'TPC_NONE', 'TPC_MPOLY', 'TPC_NONE', 'UC_NONE', 'SPC_NONE', 'UC_NONE', 'TPC_NONE', 'TPC_NONE', 'SPC_NONE', 'SPC_NONE', 'TPC_NONE', 'TPC_MPOLY', 'TPC_NONE', 'TPC_NONE', 'SPC_MPOLY', 'UC_MPOLY', 'SPC_NONE', 'SBX_MPOLY', 'UC_NONE', 'UC_NONE', 'TPC_NONE', 'UC_NONE', 'TPC_NONE', 'TPC_NONE', 'SPC_NONE', 'UC_NONE', 'UC_MPOLY', 'UC_NONE', 'UC_NONE', 'UC_NONE', 'SPC_NONE', 'SPC_NONE', 'TPC_NONE', 'UC_NONE', 'UC_NONE', 'SPC_NONE', 'UC_NONE', 'TPC_NONE', 'UC_NONE', 'TPC_NONE', 'TPC_NONE', 'UC_NONE', 'TPC_NONE', 'SPC_NONE', 'UC_NONE', 'UC_NONE', 'SPC_NONE', 'SBX_NONE', 'UC_NONE', 'SPC_NONE', 'SPC_NONE', 'TPC_NONE', 'UC_NONE', 'SPC_NONE', 'SPC_NONE', 'SPC_NONE', 'SBX_MPOLY', 'TPC_NONE', 'SPC_NONE', 'TPC_NONE', 'SPC_NONE', 'UC_NONE', 'UC_NONE', 'UC_NONE', 'TPC_NONE', 'UC_NONE', 'SPC_NONE', 'TPC_NONE', 'UC_NONE', 'TPC_NONE', 'SPC_NONE', 'SPC_NONE', 'UC_NONE', 'UC_NONE', 'TPC_NONE', 'TPC_NONE', 'TPC_NONE', 'SPC_NONE', 'UC_NONE', 'TPC_NONE', 'SPC_NONE', 'SPC_NONE', 'SPC_NONE']","{'SPC_MNUF': 1, 'TPC_NONE': 25, 'TPC_MPOLY': 2, 'UC_NONE': 26, 'SPC_NONE': 24, 'SPC_MPOLY': 1, 'UC_MPOLY': 2, 'SBX_MPOLY': 2, 'SBX_NONE': 1}"
7,85,TPC,NONE,0.6873931372118899,0.0346583532601303,527632270.08,331700210.9373837,1677697.44,1120077.1399234284,0.741267226413562,-2.1069529889006237e-05,0.0,0.0,GREEDY_HV,"['SPC_MBFLIP', 'SPC_MNUF', 'TPC_NONE', 'TPC_MPOLY', 'TPC_NONE', 'UC_NONE', 'SPC_NONE', 'UC_NONE', 'TPC_NONE', 'TPC_NONE', 'SPC_NONE', 'SPC_NONE', 'TPC_NONE', 'TPC_MPOLY', 'TPC_NONE', 'TPC_NONE', 'SPC_MPOLY', 'UC_MPOLY', 'SPC_NONE', 'SBX_MPOLY', 'UC_NONE', 'UC_NONE', 'TPC_NONE', 'UC_NONE', 'TPC_NONE', 'TPC_NONE', 'SPC_NONE', 'UC_NONE', 'UC_MPOLY', 'UC_NONE', 'UC_NONE', 'UC_NONE', 'SPC_NONE', 'SPC_NONE', 'TPC_NONE', 'UC_NONE', 'UC_NONE', 'SPC_NONE', 'UC_NONE', 'TPC_NONE', 'UC_NONE', 'TPC_NONE', 'TPC_NONE', 'UC_NONE', 'TPC_NONE', 'SPC_NONE', 'UC_NONE', 'UC_NONE', 'SPC_NONE', 'SBX_NONE', 'UC_NONE', 'SPC_NONE', 'SPC_NONE', 'TPC_NONE', 'UC_NONE', 'SPC_NONE', 'SPC_NONE', 'SPC_NONE', 'SBX_MPOLY', 'TPC_NONE', 'SPC_NONE', 'TPC_NONE', 'SPC_NONE', 'UC_NONE', 'UC_NONE', 'UC_NONE', 'TPC_NONE', 'UC_NONE', 'SPC_NONE', 'TPC_NONE', 'UC_NONE', 'TPC_NONE', 'SPC_NONE', 'SPC_NONE', 'UC_NONE', 'UC_NONE', 'TPC_NONE', 'TPC_NONE', 'TPC_NONE', 'SPC_NONE', 'UC_NONE', 'TPC_NONE', 'SPC_NONE', 'SPC_NONE', 'SPC_NONE', 'TPC_NONE']","{'SPC_MNUF': 1, 'TPC_NONE': 26, 'TPC_MPOLY': 2, 'UC_NONE': 26, 'SPC_NONE': 24, 'SPC_MPOLY': 1, 'UC_MPOLY': 2, 'SBX_MPOLY': 2, 'SBX_NONE': 1}"
7,86,SPC,NONE,0.6885268368843315,0.0346443687352008,524367256.32,324260135.964867,1727091.36,1114701.5311986213,0.7413559491803896,8.872276682758695e-05,0.0,0.0,GREEDY_HV,"['SPC_MBFLIP', 'SPC_MNUF', 'TPC_NONE', 'TPC_MPOLY', 'TPC_NONE', 'UC_NONE', 'SPC_NONE', 'UC_NONE', 'TPC_NONE', 'TPC_NONE', 'SPC_NONE', 'SPC_NONE', 'TPC_NONE', 'TPC_MPOLY', 'TPC_NONE', 'TPC_NONE', 'SPC_MPOLY', 'UC_MPOLY', 'SPC_NONE', 'SBX_MPOLY', 'UC_NONE', 'UC_NONE', 'TPC_NONE', 'UC_NONE', 'TPC_NONE', 'TPC_NONE', 'SPC_NONE', 'UC_NONE', 'UC_MPOLY', 'UC_NONE', 'UC_NONE', 'UC_NONE', 'SPC_NONE', 'SPC_NONE', 'TPC_NONE', 'UC_NONE', 'UC_NONE', 'SPC_NONE', 'UC_NONE', 'TPC_NONE', 'UC_NONE', 'TPC_NONE', 'TPC_NONE', 'UC_NONE', 'TPC_NONE', 'SPC_NONE', 'UC_NONE', 'UC_NONE', 'SPC_NONE', 'SBX_NONE', 'UC_NONE', 'SPC_NONE', 'SPC_NONE', 'TPC_NONE', 'UC_NONE', 'SPC_NONE', 'SPC_NONE', 'SPC_NONE', 'SBX_MPOLY', 'TPC_NONE', 'SPC_NONE', 'TPC_NONE', 'SPC_NONE', 'UC_NONE', 'UC_NONE', 'UC_NONE', 'TPC_NONE', 'UC_NONE', 'SPC_NONE', 'TPC_NONE', 'UC_NONE', 'TPC_NONE', 'SPC_NONE', 'SPC_NONE', 'UC_NONE', 'UC_NONE', 'TPC_NONE', 'TPC_NONE', 'TPC_NONE', 'SPC_NONE', 'UC_NONE', 'TPC_NONE', 'SPC_NONE', 'SPC_NONE', 'SPC_NONE', 'TPC_NONE', 'SPC_NONE']","{'SPC_MNUF': 1, 'TPC_NONE': 26, 'TPC_MPOLY': 2, 'UC_NONE': 26, 'SPC_NONE': 25, 'SPC_MPOLY': 1, 'UC_MPOLY': 2, 'SBX_MPOLY': 2, 'SBX_NONE': 1}"
7,87,SPC,NONE,0.6881060030584701,0.0348876264036277,523963216.64,326492800.8762645,1756262.56,1155951.6463968232,0.7413569341859584,9.850055687765646e-07,0.01,0.0,GREEDY_HV,"['SPC_MBFLIP', 'SPC_MNUF', 'TPC_NONE', 'TPC_MPOLY', 'TPC_NONE', 'UC_NONE', 'SPC_NONE', 'UC_NONE', 'TPC_NONE', 'TPC_NONE', 'SPC_NONE', 'SPC_NONE', 'TPC_NONE', 'TPC_MPOLY', 'TPC_NONE', 'TPC_NONE', 'SPC_MPOLY', 'UC_MPOLY', 'SPC_NONE', 'SBX_MPOLY', 'UC_NONE', 'UC_NONE', 'TPC_NONE', 'UC_NONE', 'TPC_NONE', 'TPC_NONE', 'SPC_NONE', 'UC_NONE', 'UC_MPOLY', 'UC_NONE', 'UC_NONE', 'UC_NONE', 'SPC_NONE', 'SPC_NONE', 'TPC_NONE', 'UC_NONE', 'UC_NONE', 'SPC_NONE', 'UC_NONE', 'TPC_NONE', 'UC_NONE', 'TPC_NONE', 'TPC_NONE', 'UC_NONE', 'TPC_NONE', 'SPC_NONE', 'UC_NONE', 'UC_NONE', 'SPC_NONE', 'SBX_NONE', 'UC_NONE', 'SPC_NONE', 'SPC_NONE', 'TPC_NONE', 'UC_NONE', 'SPC_NONE', 'SPC_NONE', 'SPC_NONE', 'SBX_MPOLY', 'TPC_NONE', 'SPC_NONE', 'TPC_NONE', 'SPC_NONE', 'UC_NONE', 'UC_NONE', 'UC_NONE', 'TPC_NONE', 'UC_NONE', 'SPC_NONE', 'TPC_NONE', 'UC_NONE', 'TPC_NONE', 'SPC_NONE', 'SPC_NONE', 'UC_NONE', 'UC_NONE', 'TPC_NONE', 'TPC_NONE', 'TPC_NONE', 'SPC_NONE', 'UC_NONE', 'TPC_NONE', 'SPC_NONE', 'SPC_NONE', 'SPC_NONE', 'TPC_NONE', 'SPC_NONE', 'SPC_NONE']","{'SPC_MNUF': 1, 'TPC_NONE': 26, 'TPC_MPOLY': 2, 'UC_NONE': 26, 'SPC_NONE': 26, 'SPC_MPOLY': 1, 'UC_MPOLY': 2, 'SBX_MPOLY': 2, 'SBX_NONE': 1}"
7,88,UC,MNUF,0.6882054608335382,0.0354993193772379,525095834.88,332481777.1753834,1779472.8,1148798.5449171846,0.7413464022505294,-1.0531935428992334e-05,0.0,0.0,GREEDY_HV,"['SPC_MBFLIP', 'SPC_MNUF', 'TPC_NONE', 'TPC_MPOLY', 'TPC_NONE', 'UC_NONE', 'SPC_NONE', 'UC_NONE', 'TPC_NONE', 'TPC_NONE', 'SPC_NONE', 'SPC_NONE', 'TPC_NONE', 'TPC_MPOLY', 'TPC_NONE', 'TPC_NONE', 'SPC_MPOLY', 'UC_MPOLY', 'SPC_NONE', 'SBX_MPOLY', 'UC_NONE', 'UC_NONE', 'TPC_NONE', 'UC_NONE', 'TPC_NONE', 'TPC_NONE', 'SPC_NONE', 'UC_NONE', 'UC_MPOLY', 'UC_NONE', 'UC_NONE', 'UC_NONE', 'SPC_NONE', 'SPC_NONE', 'TPC_NONE', 'UC_NONE', 'UC_NONE', 'SPC_NONE', 'UC_NONE', 'TPC_NONE', 'UC_NONE', 'TPC_NONE', 'TPC_NONE', 'UC_NONE', 'TPC_NONE', 'SPC_NONE', 'UC_NONE', 'UC_NONE', 'SPC_NONE', 'SBX_NONE', 'UC_NONE', 'SPC_NONE', 'SPC_NONE', 'TPC_NONE', 'UC_NONE', 'SPC_NONE', 'SPC_NONE', 'SPC_NONE', 'SBX_MPOLY', 'TPC_NONE', 'SPC_NONE', 'TPC_NONE', 'SPC_NONE', 'UC_NONE', 'UC_NONE', 'UC_NONE', 'TPC_NONE', 'UC_NONE', 'SPC_NONE', 'TPC_NONE', 'UC_NONE', 'TPC_NONE', 'SPC_NONE', 'SPC_NONE', 'UC_NONE', 'UC_NONE', 'TPC_NONE', 'TPC_NONE', 'TPC_NONE', 'SPC_NONE', 'UC_NONE', 'TPC_NONE', 'SPC_NONE', 'SPC_NONE', 'SPC_NONE', 'TPC_NONE', 'SPC_NONE', 'SPC_NONE', 'UC_MNUF']","{'SPC_MNUF': 1, 'TPC_NONE': 26, 'TPC_MPOLY': 2, 'UC_NONE': 26, 'SPC_NONE': 26, 'SPC_MPOLY': 1, 'UC_MPOLY': 2, 'SBX_MPOLY': 2, 'SBX_NONE': 1, 'UC_MNUF': 1}"
7,89,TPC,NONE,0.6879342418039784,0.0358909783019571,533041455.36,335912744.38356435,1755018.4,1149559.51628091,0.7413759169855224,2.9514734993019157e-05,0.0,0.0,GREEDY_HV,"['SPC_MBFLIP', 'SPC_MNUF', 'TPC_NONE', 'TPC_MPOLY', 'TPC_NONE', 'UC_NONE', 'SPC_NONE', 'UC_NONE', 'TPC_NONE', 'TPC_NONE', 'SPC_NONE', 'SPC_NONE', 'TPC_NONE', 'TPC_MPOLY', 'TPC_NONE', 'TPC_NONE', 'SPC_MPOLY', 'UC_MPOLY', 'SPC_NONE', 'SBX_MPOLY', 'UC_NONE', 'UC_NONE', 'TPC_NONE', 'UC_NONE', 'TPC_NONE', 'TPC_NONE', 'SPC_NONE', 'UC_NONE', 'UC_MPOLY', 'UC_NONE', 'UC_NONE', 'UC_NONE', 'SPC_NONE', 'SPC_NONE', 'TPC_NONE', 'UC_NONE', 'UC_NONE', 'SPC_NONE', 'UC_NONE', 'TPC_NONE', 'UC_NONE', 'TPC_NONE', 'TPC_NONE', 'UC_NONE', 'TPC_NONE', 'SPC_NONE', 'UC_NONE', 'UC_NONE', 'SPC_NONE', 'SBX_NONE', 'UC_NONE', 'SPC_NONE', 'SPC_NONE', 'TPC_NONE', 'UC_NONE', 'SPC_NONE', 'SPC_NONE', 'SPC_NONE', 'SBX_MPOLY', 'TPC_NONE', 'SPC_NONE', 'TPC_NONE', 'SPC_NONE', 'UC_NONE', 'UC_NONE', 'UC_NONE', 'TPC_NONE', 'UC_NONE', 'SPC_NONE', 'TPC_NONE', 'UC_NONE', 'TPC_NONE', 'SPC_NONE', 'SPC_NONE', 'UC_NONE', 'UC_NONE', 'TPC_NONE', 'TPC_NONE', 'TPC_NONE', 'SPC_NONE', 'UC_NONE', 'TPC_NONE', 'SPC_NONE', 'SPC_NONE', 'SPC_NONE', 'TPC_NONE', 'SPC_NONE', 'SPC_NONE', 'UC_MNUF', 'TPC_NONE']","{'SPC_MNUF': 1, 'TPC_NONE': 27, 'TPC_MPOLY': 2, 'UC_NONE': 26, 'SPC_NONE': 26, 'SPC_MPOLY': 1, 'UC_MPOLY': 2, 'SBX_MPOLY': 2, 'SBX_NONE': 1, 'UC_MNUF': 1}"
7,90,SPC,NONE,0.6873700989449119,0.0358940281856229,515464229.12,328122739.6759693,1717161.12,1133285.3034191988,0.7413519326476994,-2.3984337823024227e-05,0.0,0.0,GREEDY_HV,"['SPC_MBFLIP', 'SPC_MNUF', 'TPC_NONE', 'TPC_MPOLY', 'TPC_NONE', 'UC_NONE', 'SPC_NONE', 'UC_NONE', 'TPC_NONE', 'TPC_NONE', 'SPC_NONE', 'SPC_NONE', 'TPC_NONE', 'TPC_MPOLY', 'TPC_NONE', 'TPC_NONE', 'SPC_MPOLY', 'UC_MPOLY', 'SPC_NONE', 'SBX_MPOLY', 'UC_NONE', 'UC_NONE', 'TPC_NONE', 'UC_NONE', 'TPC_NONE', 'TPC_NONE', 'SPC_NONE', 'UC_NONE', 'UC_MPOLY', 'UC_NONE', 'UC_NONE', 'UC_NONE', 'SPC_NONE', 'SPC_NONE', 'TPC_NONE', 'UC_NONE', 'UC_NONE', 'SPC_NONE', 'UC_NONE', 'TPC_NONE', 'UC_NONE', 'TPC_NONE', 'TPC_NONE', 'UC_NONE', 'TPC_NONE', 'SPC_NONE', 'UC_NONE', 'UC_NONE', 'SPC_NONE', 'SBX_NONE', 'UC_NONE', 'SPC_NONE', 'SPC_NONE', 'TPC_NONE', 'UC_NONE', 'SPC_NONE', 'SPC_NONE', 'SPC_NONE', 'SBX_MPOLY', 'TPC_NONE', 'SPC_NONE', 'TPC_NONE', 'SPC_NONE', 'UC_NONE', 'UC_NONE', 'UC_NONE', 'TPC_NONE', 'UC_NONE', 'SPC_NONE', 'TPC_NONE', 'UC_NONE', 'TPC_NONE', 'SPC_NONE', 'SPC_NONE', 'UC_NONE', 'UC_NONE', 'TPC_NONE', 'TPC_NONE', 'TPC_NONE', 'SPC_NONE', 'UC_NONE', 'TPC_NONE', 'SPC_NONE', 'SPC_NONE', 'SPC_NONE', 'TPC_NONE', 'SPC_NONE', 'SPC_NONE', 'UC_MNUF', 'TPC_NONE', 'SPC_NONE']","{'SPC_MNUF': 1, 'TPC_NONE': 27, 'TPC_MPOLY': 2, 'UC_NONE': 26, 'SPC_NONE': 27, 'SPC_MPOLY': 1, 'UC_MPOLY': 2, 'SBX_MPOLY': 2, 'SBX_NONE': 1, 'UC_MNUF': 1}"
7,91,SPC,NONE,0.6870644951923343,0.0355532806069401,522286629.12,333205994.84586066,1688332.96,1122238.0499425773,0.7413312522944688,-2.0680353230551063e-05,0.0,0.0,GREEDY_HV,"['SPC_MBFLIP', 'SPC_MNUF', 'TPC_NONE', 'TPC_MPOLY', 'TPC_NONE', 'UC_NONE', 'SPC_NONE', 'UC_NONE', 'TPC_NONE', 'TPC_NONE', 'SPC_NONE', 'SPC_NONE', 'TPC_NONE', 'TPC_MPOLY', 'TPC_NONE', 'TPC_NONE', 'SPC_MPOLY', 'UC_MPOLY', 'SPC_NONE', 'SBX_MPOLY', 'UC_NONE', 'UC_NONE', 'TPC_NONE', 'UC_NONE', 'TPC_NONE', 'TPC_NONE', 'SPC_NONE', 'UC_NONE', 'UC_MPOLY', 'UC_NONE', 'UC_NONE', 'UC_NONE', 'SPC_NONE', 'SPC_NONE', 'TPC_NONE', 'UC_NONE', 'UC_NONE', 'SPC_NONE', 'UC_NONE', 'TPC_NONE', 'UC_NONE', 'TPC_NONE', 'TPC_NONE', 'UC_NONE', 'TPC_NONE', 'SPC_NONE', 'UC_NONE', 'UC_NONE', 'SPC_NONE', 'SBX_NONE', 'UC_NONE', 'SPC_NONE', 'SPC_NONE', 'TPC_NONE', 'UC_NONE', 'SPC_NONE', 'SPC_NONE', 'SPC_NONE', 'SBX_MPOLY', 'TPC_NONE', 'SPC_NONE', 'TPC_NONE', 'SPC_NONE', 'UC_NONE', 'UC_NONE', 'UC_NONE', 'TPC_NONE', 'UC_NONE', 'SPC_NONE', 'TPC_NONE', 'UC_NONE', 'TPC_NONE', 'SPC_NONE', 'SPC_NONE', 'UC_NONE', 'UC_NONE', 'TPC_NONE', 'TPC_NONE', 'TPC_NONE', 'SPC_NONE', 'UC_NONE', 'TPC_NONE', 'SPC_NONE', 'SPC_NONE', 'SPC_NONE', 'TPC_NONE', 'SPC_NONE', 'SPC_NONE', 'UC_MNUF', 'TPC_NONE', 'SPC_NONE', 'SPC_NONE']","{'SPC_MNUF': 1, 'TPC_NONE': 27, 'TPC_MPOLY': 2, 'UC_NONE': 26, 'SPC_NONE': 28, 'SPC_MPOLY': 1, 'UC_MPOLY': 2, 'SBX_MPOLY': 2, 'SBX_NONE': 1, 'UC_MNUF': 1}"
7,92,SPC,MPOLY,0.6883997660137421,0.0331800379268233,514313724.16,326415293.1133372,1679749.28,1103105.1371348978,0.7413256254536176,-5.626840851258308e-06,0.01,0.005,GREEDY_HV,"['SPC_MBFLIP', 'SPC_MNUF', 'TPC_NONE', 'TPC_MPOLY', 'TPC_NONE', 'UC_NONE', 'SPC_NONE', 'UC_NONE', 'TPC_NONE', 'TPC_NONE', 'SPC_NONE', 'SPC_NONE', 'TPC_NONE', 'TPC_MPOLY', 'TPC_NONE', 'TPC_NONE', 'SPC_MPOLY', 'UC_MPOLY', 'SPC_NONE', 'SBX_MPOLY', 'UC_NONE', 'UC_NONE', 'TPC_NONE', 'UC_NONE', 'TPC_NONE', 'TPC_NONE', 'SPC_NONE', 'UC_NONE', 'UC_MPOLY', 'UC_NONE', 'UC_NONE', 'UC_NONE', 'SPC_NONE', 'SPC_NONE', 'TPC_NONE', 'UC_NONE', 'UC_NONE', 'SPC_NONE', 'UC_NONE', 'TPC_NONE', 'UC_NONE', 'TPC_NONE', 'TPC_NONE', 'UC_NONE', 'TPC_NONE', 'SPC_NONE', 'UC_NONE', 'UC_NONE', 'SPC_NONE', 'SBX_NONE', 'UC_NONE', 'SPC_NONE', 'SPC_NONE', 'TPC_NONE', 'UC_NONE', 'SPC_NONE', 'SPC_NONE', 'SPC_NONE', 'SBX_MPOLY', 'TPC_NONE', 'SPC_NONE', 'TPC_NONE', 'SPC_NONE', 'UC_NONE', 'UC_NONE', 'UC_NONE', 'TPC_NONE', 'UC_NONE', 'SPC_NONE', 'TPC_NONE', 'UC_NONE', 'TPC_NONE', 'SPC_NONE', 'SPC_NONE', 'UC_NONE', 'UC_NONE', 'TPC_NONE', 'TPC_NONE', 'TPC_NONE', 'SPC_NONE', 'UC_NONE', 'TPC_NONE', 'SPC_NONE', 'SPC_NONE', 'SPC_NONE', 'TPC_NONE', 'SPC_NONE', 'SPC_NONE', 'UC_MNUF', 'TPC_NONE', 'SPC_NONE', 'SPC_NONE', 'SPC_MPOLY']","{'SPC_MNUF': 1, 'TPC_NONE': 27, 'TPC_MPOLY': 2, 'UC_NONE': 26, 'SPC_NONE': 28, 'SPC_MPOLY': 2, 'UC_MPOLY': 2, 'SBX_MPOLY': 2, 'SBX_NONE': 1, 'UC_MNUF': 1}"
7,93,SPC,NONE,0.6884499685255483,0.0314882499399903,497695226.88,323921383.14172035,1716300.96,1140798.8334407948,0.7413982077069248,7.258225330719625e-05,0.01,0.0,GREEDY_HV,"['SPC_MBFLIP', 'SPC_MNUF', 'TPC_NONE', 'TPC_MPOLY', 'TPC_NONE', 'UC_NONE', 'SPC_NONE', 'UC_NONE', 'TPC_NONE', 'TPC_NONE', 'SPC_NONE', 'SPC_NONE', 'TPC_NONE', 'TPC_MPOLY', 'TPC_NONE', 'TPC_NONE', 'SPC_MPOLY', 'UC_MPOLY', 'SPC_NONE', 'SBX_MPOLY', 'UC_NONE', 'UC_NONE', 'TPC_NONE', 'UC_NONE', 'TPC_NONE', 'TPC_NONE', 'SPC_NONE', 'UC_NONE', 'UC_MPOLY', 'UC_NONE', 'UC_NONE', 'UC_NONE', 'SPC_NONE', 'SPC_NONE', 'TPC_NONE', 'UC_NONE', 'UC_NONE', 'SPC_NONE', 'UC_NONE', 'TPC_NONE', 'UC_NONE', 'TPC_NONE', 'TPC_NONE', 'UC_NONE', 'TPC_NONE', 'SPC_NONE', 'UC_NONE', 'UC_NONE', 'SPC_NONE', 'SBX_NONE', 'UC_NONE', 'SPC_NONE', 'SPC_NONE', 'TPC_NONE', 'UC_NONE', 'SPC_NONE', 'SPC_NONE', 'SPC_NONE', 'SBX_MPOLY', 'TPC_NONE', 'SPC_NONE', 'TPC_NONE', 'SPC_NONE', 'UC_NONE', 'UC_NONE', 'UC_NONE', 'TPC_NONE', 'UC_NONE', 'SPC_NONE', 'TPC_NONE', 'UC_NONE', 'TPC_NONE', 'SPC_NONE', 'SPC_NONE', 'UC_NONE', 'UC_NONE', 'TPC_NONE', 'TPC_NONE', 'TPC_NONE', 'SPC_NONE', 'UC_NONE', 'TPC_NONE', 'SPC_NONE', 'SPC_NONE', 'SPC_NONE', 'TPC_NONE', 'SPC_NONE', 'SPC_NONE', 'UC_MNUF', 'TPC_NONE', 'SPC_NONE', 'SPC_NONE', 'SPC_MPOLY', 'SPC_NONE']","{'SPC_MNUF': 1, 'TPC_NONE': 27, 'TPC_MPOLY': 2, 'UC_NONE': 26, 'SPC_NONE': 29, 'SPC_MPOLY': 2, 'UC_MPOLY': 2, 'SBX_MPOLY': 2, 'SBX_NONE': 1, 'UC_MNUF': 1}"
7,94,TPC,NONE,0.6879918616802797,0.0338821857026673,505191038.72,328058606.9448194,1685778.08,1093780.0470609404,0.7413751962017979,-2.3011505126846465e-05,0.0,0.0,GREEDY_HV,"['SPC_MBFLIP', 'SPC_MNUF', 'TPC_NONE', 'TPC_MPOLY', 'TPC_NONE', 'UC_NONE', 'SPC_NONE', 'UC_NONE', 'TPC_NONE', 'TPC_NONE', 'SPC_NONE', 'SPC_NONE', 'TPC_NONE', 'TPC_MPOLY', 'TPC_NONE', 'TPC_NONE', 'SPC_MPOLY', 'UC_MPOLY', 'SPC_NONE', 'SBX_MPOLY', 'UC_NONE', 'UC_NONE', 'TPC_NONE', 'UC_NONE', 'TPC_NONE', 'TPC_NONE', 'SPC_NONE', 'UC_NONE', 'UC_MPOLY', 'UC_NONE', 'UC_NONE', 'UC_NONE', 'SPC_NONE', 'SPC_NONE', 'TPC_NONE', 'UC_NONE', 'UC_NONE', 'SPC_NONE', 'UC_NONE', 'TPC_NONE', 'UC_NONE', 'TPC_NONE', 'TPC_NONE', 'UC_NONE', 'TPC_NONE', 'SPC_NONE', 'UC_NONE', 'UC_NONE', 'SPC_NONE', 'SBX_NONE', 'UC_NONE', 'SPC_NONE', 'SPC_NONE', 'TPC_NONE', 'UC_NONE', 'SPC_NONE', 'SPC_NONE', 'SPC_NONE', 'SBX_MPOLY', 'TPC_NONE', 'SPC_NONE', 'TPC_NONE', 'SPC_NONE', 'UC_NONE', 'UC_NONE', 'UC_NONE', 'TPC_NONE', 'UC_NONE', 'SPC_NONE', 'TPC_NONE', 'UC_NONE', 'TPC_NONE', 'SPC_NONE', 'SPC_NONE', 'UC_NONE', 'UC_NONE', 'TPC_NONE', 'TPC_NONE', 'TPC_NONE', 'SPC_NONE', 'UC_NONE', 'TPC_NONE', 'SPC_NONE', 'SPC_NONE', 'SPC_NONE', 'TPC_NONE', 'SPC_NONE', 'SPC_NONE', 'UC_MNUF', 'TPC_NONE', 'SPC_NONE', 'SPC_NONE', 'SPC_MPOLY', 'SPC_NONE', 'TPC_NONE']","{'SPC_MNUF': 1, 'TPC_NONE': 28, 'TPC_MPOLY': 2, 'UC_NONE': 26, 'SPC_NONE': 29, 'SPC_MPOLY': 2, 'UC_MPOLY': 2, 'SBX_MPOLY': 2, 'SBX_NONE': 1, 'UC_MNUF': 1}"
7,95,UC,NONE,0.6872790539918064,0.0344911603482582,516793035.52,335318744.0161054,1670476.96,1126294.7224809136,0.741403673058239,2.847685644102871e-05,0.0,0.0,GREEDY_HV,"['SPC_MBFLIP', 'SPC_MNUF', 'TPC_NONE', 'TPC_MPOLY', 'TPC_NONE', 'UC_NONE', 'SPC_NONE', 'UC_NONE', 'TPC_NONE', 'TPC_NONE', 'SPC_NONE', 'SPC_NONE', 'TPC_NONE', 'TPC_MPOLY', 'TPC_NONE', 'TPC_NONE', 'SPC_MPOLY', 'UC_MPOLY', 'SPC_NONE', 'SBX_MPOLY', 'UC_NONE', 'UC_NONE', 'TPC_NONE', 'UC_NONE', 'TPC_NONE', 'TPC_NONE', 'SPC_NONE', 'UC_NONE', 'UC_MPOLY', 'UC_NONE', 'UC_NONE', 'UC_NONE', 'SPC_NONE', 'SPC_NONE', 'TPC_NONE', 'UC_NONE', 'UC_NONE', 'SPC_NONE', 'UC_NONE', 'TPC_NONE', 'UC_NONE', 'TPC_NONE', 'TPC_NONE', 'UC_NONE', 'TPC_NONE', 'SPC_NONE', 'UC_NONE', 'UC_NONE', 'SPC_NONE', 'SBX_NONE', 'UC_NONE', 'SPC_NONE', 'SPC_NONE', 'TPC_NONE', 'UC_NONE', 'SPC_NONE', 'SPC_NONE', 'SPC_NONE', 'SBX_MPOLY', 'TPC_NONE', 'SPC_NONE', 'TPC_NONE', 'SPC_NONE', 'UC_NONE', 'UC_NONE', 'UC_NONE', 'TPC_NONE', 'UC_NONE', 'SPC_NONE', 'TPC_NONE', 'UC_NONE', 'TPC_NONE', 'SPC_NONE', 'SPC_NONE', 'UC_NONE', 'UC_NONE', 'TPC_NONE', 'TPC_NONE', 'TPC_NONE', 'SPC_NONE', 'UC_NONE', 'TPC_NONE', 'SPC_NONE', 'SPC_NONE', 'SPC_NONE', 'TPC_NONE', 'SPC_NONE', 'SPC_NONE', 'UC_MNUF', 'TPC_NONE', 'SPC_NONE', 'SPC_NONE', 'SPC_MPOLY', 'SPC_NONE', 'TPC_NONE', 'UC_NONE']","{'SPC_MNUF': 1, 'TPC_NONE': 28, 'TPC_MPOLY': 2, 'UC_NONE': 27, 'SPC_NONE': 29, 'SPC_MPOLY': 2, 'UC_MPOLY': 2, 'SBX_MPOLY': 2, 'SBX_NONE': 1, 'UC_MNUF': 1}"
7,96,UC,NONE,0.6856729853890033,0.0354777580172185,502237845.76,327300430.3442524,1642171.04,1141714.981624415,0.7414165054873186,1.2832429079678851e-05,0.01,0.0,GREEDY_HV,"['SPC_MBFLIP', 'SPC_MNUF', 'TPC_NONE', 'TPC_MPOLY', 'TPC_NONE', 'UC_NONE', 'SPC_NONE', 'UC_NONE', 'TPC_NONE', 'TPC_NONE', 'SPC_NONE', 'SPC_NONE', 'TPC_NONE', 'TPC_MPOLY', 'TPC_NONE', 'TPC_NONE', 'SPC_MPOLY', 'UC_MPOLY', 'SPC_NONE', 'SBX_MPOLY', 'UC_NONE', 'UC_NONE', 'TPC_NONE', 'UC_NONE', 'TPC_NONE', 'TPC_NONE', 'SPC_NONE', 'UC_NONE', 'UC_MPOLY', 'UC_NONE', 'UC_NONE', 'UC_NONE', 'SPC_NONE', 'SPC_NONE', 'TPC_NONE', 'UC_NONE', 'UC_NONE', 'SPC_NONE', 'UC_NONE', 'TPC_NONE', 'UC_NONE', 'TPC_NONE', 'TPC_NONE', 'UC_NONE', 'TPC_NONE', 'SPC_NONE', 'UC_NONE', 'UC_NONE', 'SPC_NONE', 'SBX_NONE', 'UC_NONE', 'SPC_NONE', 'SPC_NONE', 'TPC_NONE', 'UC_NONE', 'SPC_NONE', 'SPC_NONE', 'SPC_NONE', 'SBX_MPOLY', 'TPC_NONE', 'SPC_NONE', 'TPC_NONE', 'SPC_NONE', 'UC_NONE', 'UC_NONE', 'UC_NONE', 'TPC_NONE', 'UC_NONE', 'SPC_NONE', 'TPC_NONE', 'UC_NONE', 'TPC_NONE', 'SPC_NONE', 'SPC_NONE', 'UC_NONE', 'UC_NONE', 'TPC_NONE', 'TPC_NONE', 'TPC_NONE', 'SPC_NONE', 'UC_NONE', 'TPC_NONE', 'SPC_NONE', 'SPC_NONE', 'SPC_NONE', 'TPC_NONE', 'SPC_NONE', 'SPC_NONE', 'UC_MNUF', 'TPC_NONE', 'SPC_NONE', 'SPC_NONE', 'SPC_MPOLY', 'SPC_NONE', 'TPC_NONE', 'UC_NONE', 'UC_NONE']","{'SPC_MNUF': 1, 'TPC_NONE': 28, 'TPC_MPOLY': 2, 'UC_NONE': 28, 'SPC_NONE': 29, 'SPC_MPOLY': 2, 'UC_MPOLY': 2, 'SBX_MPOLY': 2, 'SBX_NONE': 1, 'UC_MNUF': 1}"
7,97,UC,NONE,0.6849347433104142,0.036742321446741,505720391.68,334131934.442211,1645374.88,1146978.0839908083,0.7414167637391608,2.582518421334612e-07,0.0,0.0,GREEDY_HV,"['SPC_MBFLIP', 'SPC_MNUF', 'TPC_NONE', 'TPC_MPOLY', 'TPC_NONE', 'UC_NONE', 'SPC_NONE', 'UC_NONE', 'TPC_NONE', 'TPC_NONE', 'SPC_NONE', 'SPC_NONE', 'TPC_NONE', 'TPC_MPOLY', 'TPC_NONE', 'TPC_NONE', 'SPC_MPOLY', 'UC_MPOLY', 'SPC_NONE', 'SBX_MPOLY', 'UC_NONE', 'UC_NONE', 'TPC_NONE', 'UC_NONE', 'TPC_NONE', 'TPC_NONE', 'SPC_NONE', 'UC_NONE', 'UC_MPOLY', 'UC_NONE', 'UC_NONE', 'UC_NONE', 'SPC_NONE', 'SPC_NONE', 'TPC_NONE', 'UC_NONE', 'UC_NONE', 'SPC_NONE', 'UC_NONE', 'TPC_NONE', 'UC_NONE', 'TPC_NONE', 'TPC_NONE', 'UC_NONE', 'TPC_NONE', 'SPC_NONE', 'UC_NONE', 'UC_NONE', 'SPC_NONE', 'SBX_NONE', 'UC_NONE', 'SPC_NONE', 'SPC_NONE', 'TPC_NONE', 'UC_NONE', 'SPC_NONE', 'SPC_NONE', 'SPC_NONE', 'SBX_MPOLY', 'TPC_NONE', 'SPC_NONE', 'TPC_NONE', 'SPC_NONE', 'UC_NONE', 'UC_NONE', 'UC_NONE', 'TPC_NONE', 'UC_NONE', 'SPC_NONE', 'TPC_NONE', 'UC_NONE', 'TPC_NONE', 'SPC_NONE', 'SPC_NONE', 'UC_NONE', 'UC_NONE', 'TPC_NONE', 'TPC_NONE', 'TPC_NONE', 'SPC_NONE', 'UC_NONE', 'TPC_NONE', 'SPC_NONE', 'SPC_NONE', 'SPC_NONE', 'TPC_NONE', 'SPC_NONE', 'SPC_NONE', 'UC_MNUF', 'TPC_NONE', 'SPC_NONE', 'SPC_NONE', 'SPC_MPOLY', 'SPC_NONE', 'TPC_NONE', 'UC_NONE', 'UC_NONE', 'UC_NONE']","{'SPC_MNUF': 1, 'TPC_NONE': 28, 'TPC_MPOLY': 2, 'UC_NONE': 29, 'SPC_NONE': 29, 'SPC_MPOLY': 2, 'UC_MPOLY': 2, 'SBX_MPOLY': 2, 'SBX_NONE': 1, 'UC_MNUF': 1}"
7,98,SPC,NONE,0.685195345976208,0.0366158769330741,499534530.56,324980991.52997583,1689577.12,1188954.6395656422,0.7414006169169381,-1.6146822222617985e-05,0.0,0.0,GREEDY_HV,"['SPC_MBFLIP', 'SPC_MNUF', 'TPC_NONE', 'TPC_MPOLY', 'TPC_NONE', 'UC_NONE', 'SPC_NONE', 'UC_NONE', 'TPC_NONE', 'TPC_NONE', 'SPC_NONE', 'SPC_NONE', 'TPC_NONE', 'TPC_MPOLY', 'TPC_NONE', 'TPC_NONE', 'SPC_MPOLY', 'UC_MPOLY', 'SPC_NONE', 'SBX_MPOLY', 'UC_NONE', 'UC_NONE', 'TPC_NONE', 'UC_NONE', 'TPC_NONE', 'TPC_NONE', 'SPC_NONE', 'UC_NONE', 'UC_MPOLY', 'UC_NONE', 'UC_NONE', 'UC_NONE', 'SPC_NONE', 'SPC_NONE', 'TPC_NONE', 'UC_NONE', 'UC_NONE', 'SPC_NONE', 'UC_NONE', 'TPC_NONE', 'UC_NONE', 'TPC_NONE', 'TPC_NONE', 'UC_NONE', 'TPC_NONE', 'SPC_NONE', 'UC_NONE', 'UC_NONE', 'SPC_NONE', 'SBX_NONE', 'UC_NONE', 'SPC_NONE', 'SPC_NONE', 'TPC_NONE', 'UC_NONE', 'SPC_NONE', 'SPC_NONE', 'SPC_NONE', 'SBX_MPOLY', 'TPC_NONE', 'SPC_NONE', 'TPC_NONE', 'SPC_NONE', 'UC_NONE', 'UC_NONE', 'UC_NONE', 'TPC_NONE', 'UC_NONE', 'SPC_NONE', 'TPC_NONE', 'UC_NONE', 'TPC_NONE', 'SPC_NONE', 'SPC_NONE', 'UC_NONE', 'UC_NONE', 'TPC_NONE', 'TPC_NONE', 'TPC_NONE', 'SPC_NONE', 'UC_NONE', 'TPC_NONE', 'SPC_NONE', 'SPC_NONE', 'SPC_NONE', 'TPC_NONE', 'SPC_NONE', 'SPC_NONE', 'UC_MNUF', 'TPC_NONE', 'SPC_NONE', 'SPC_NONE', 'SPC_MPOLY', 'SPC_NONE', 'TPC_NONE', 'UC_NONE', 'UC_NONE', 'UC_NONE', 'SPC_NONE']","{'SPC_MNUF': 1, 'TPC_NONE': 28, 'TPC_MPOLY': 2, 'UC_NONE': 29, 'SPC_NONE': 30, 'SPC_MPOLY': 2, 'UC_MPOLY': 2, 'SBX_MPOLY': 2, 'SBX_NONE': 1, 'UC_MNUF': 1}"
7,99,SPC,NONE,0.6853221829017196,0.0365540936383452,499792368.64,327351442.4455671,1663046.56,1148564.73128447,0.7414338971338238,3.3280216885644975e-05,0.0,0.0,GREEDY_HV,"['SPC_MBFLIP', 'SPC_MNUF', 'TPC_NONE', 'TPC_MPOLY', 'TPC_NONE', 'UC_NONE', 'SPC_NONE', 'UC_NONE', 'TPC_NONE', 'TPC_NONE', 'SPC_NONE', 'SPC_NONE', 'TPC_NONE', 'TPC_MPOLY', 'TPC_NONE', 'TPC_NONE', 'SPC_MPOLY', 'UC_MPOLY', 'SPC_NONE', 'SBX_MPOLY', 'UC_NONE', 'UC_NONE', 'TPC_NONE', 'UC_NONE', 'TPC_NONE', 'TPC_NONE', 'SPC_NONE', 'UC_NONE', 'UC_MPOLY', 'UC_NONE', 'UC_NONE', 'UC_NONE', 'SPC_NONE', 'SPC_NONE', 'TPC_NONE', 'UC_NONE', 'UC_NONE', 'SPC_NONE', 'UC_NONE', 'TPC_NONE', 'UC_NONE', 'TPC_NONE', 'TPC_NONE', 'UC_NONE', 'TPC_NONE', 'SPC_NONE', 'UC_NONE', 'UC_NONE', 'SPC_NONE', 'SBX_NONE', 'UC_NONE', 'SPC_NONE', 'SPC_NONE', 'TPC_NONE', 'UC_NONE', 'SPC_NONE', 'SPC_NONE', 'SPC_NONE', 'SBX_MPOLY', 'TPC_NONE', 'SPC_NONE', 'TPC_NONE', 'SPC_NONE', 'UC_NONE', 'UC_NONE', 'UC_NONE', 'TPC_NONE', 'UC_NONE', 'SPC_NONE', 'TPC_NONE', 'UC_NONE', 'TPC_NONE', 'SPC_NONE', 'SPC_NONE', 'UC_NONE', 'UC_NONE', 'TPC_NONE', 'TPC_NONE', 'TPC_NONE', 'SPC_NONE', 'UC_NONE', 'TPC_NONE', 'SPC_NONE', 'SPC_NONE', 'SPC_NONE', 'TPC_NONE', 'SPC_NONE', 'SPC_NONE', 'UC_MNUF', 'TPC_NONE', 'SPC_NONE', 'SPC_NONE', 'SPC_MPOLY', 'SPC_NONE', 'TPC_NONE', 'UC_NONE', 'UC_NONE', 'UC_NONE', 'SPC_NONE', 'SPC_NONE']","{'SPC_MNUF': 1, 'TPC_NONE': 28, 'TPC_MPOLY': 2, 'UC_NONE': 29, 'SPC_NONE': 31, 'SPC_MPOLY': 2, 'UC_MPOLY': 2, 'SBX_MPOLY': 2, 'SBX_NONE': 1, 'UC_MNUF': 1}"
7,100,SPC,NONE,0.6847405535713769,0.0363985518239638,500052776.96,331080431.12964755,1616325.28,1141758.939640046,0.7414411950429864,7.297909162651273e-06,0.0,0.0,GREEDY_HV,"['SPC_MBFLIP', 'SPC_MNUF', 'TPC_NONE', 'TPC_MPOLY', 'TPC_NONE', 'UC_NONE', 'SPC_NONE', 'UC_NONE', 'TPC_NONE', 'TPC_NONE', 'SPC_NONE', 'SPC_NONE', 'TPC_NONE', 'TPC_MPOLY', 'TPC_NONE', 'TPC_NONE', 'SPC_MPOLY', 'UC_MPOLY', 'SPC_NONE', 'SBX_MPOLY', 'UC_NONE', 'UC_NONE', 'TPC_NONE', 'UC_NONE', 'TPC_NONE', 'TPC_NONE', 'SPC_NONE', 'UC_NONE', 'UC_MPOLY', 'UC_NONE', 'UC_NONE', 'UC_NONE', 'SPC_NONE', 'SPC_NONE', 'TPC_NONE', 'UC_NONE', 'UC_NONE', 'SPC_NONE', 'UC_NONE', 'TPC_NONE', 'UC_NONE', 'TPC_NONE', 'TPC_NONE', 'UC_NONE', 'TPC_NONE', 'SPC_NONE', 'UC_NONE', 'UC_NONE', 'SPC_NONE', 'SBX_NONE', 'UC_NONE', 'SPC_NONE', 'SPC_NONE', 'TPC_NONE', 'UC_NONE', 'SPC_NONE', 'SPC_NONE', 'SPC_NONE', 'SBX_MPOLY', 'TPC_NONE', 'SPC_NONE', 'TPC_NONE', 'SPC_NONE', 'UC_NONE', 'UC_NONE', 'UC_NONE', 'TPC_NONE', 'UC_NONE', 'SPC_NONE', 'TPC_NONE', 'UC_NONE', 'TPC_NONE', 'SPC_NONE', 'SPC_NONE', 'UC_NONE', 'UC_NONE', 'TPC_NONE', 'TPC_NONE', 'TPC_NONE', 'SPC_NONE', 'UC_NONE', 'TPC_NONE', 'SPC_NONE', 'SPC_NONE', 'SPC_NONE', 'TPC_NONE', 'SPC_NONE', 'SPC_NONE', 'UC_MNUF', 'TPC_NONE', 'SPC_NONE', 'SPC_NONE', 'SPC_MPOLY', 'SPC_NONE', 'TPC_NONE', 'UC_NONE', 'UC_NONE', 'UC_NONE', 'SPC_NONE', 'SPC_NONE', 'SPC_NONE']","{'SPC_MNUF': 1, 'TPC_NONE': 28, 'TPC_MPOLY': 2, 'UC_NONE': 29, 'SPC_NONE': 32, 'SPC_MPOLY': 2, 'UC_MPOLY': 2, 'SBX_MPOLY': 2, 'SBX_NONE': 1, 'UC_MNUF': 1}"
8,1,TPC,MPOLY,0.662950112430511,0.0211468876011212,1605217971.2,1170353323.0839968,3118419.36,1534529.1488504189,0.6916615004689368,0.0,0.24,0.155,GREEDY_HV,"['SPC_MBFLIP', 'TPC_MPOLY']",{'TPC_MPOLY': 1}
8,2,TPC,MNUF,0.6619629204690373,0.0242733989916153,1466917629.44,1154439793.402249,2973089.44,1638592.5287859477,0.7040365912741217,0.0123750908051848,0.15,0.0,GREEDY_HV,"['SPC_MBFLIP', 'TPC_MPOLY', 'TPC_MNUF']","{'TPC_MPOLY': 1, 'TPC_MNUF': 1}"
8,3,TPC,MPOLY,0.6697686004493817,0.0202713065379736,1304052074.24,1046579311.2142124,2846108.32,1575283.5854820483,0.7128075357925023,0.0087709445183806,0.16,0.08,GREEDY_HV,"['SPC_MBFLIP', 'TPC_MPOLY', 'TPC_MNUF', 'TPC_MPOLY']","{'TPC_MPOLY': 2, 'TPC_MNUF': 1}"
8,4,UC,MPOLY,0.667603976584219,0.0202993056961921,806011278.08,637248987.2794913,2126524.32,1216517.219745704,0.7154252151115384,0.0026176793190361,0.17,0.1,GREEDY_HV,"['SPC_MBFLIP', 'TPC_MPOLY', 'TPC_MNUF', 'TPC_MPOLY', 'UC_MPOLY']","{'TPC_MPOLY': 2, 'TPC_MNUF': 1, 'UC_MPOLY': 1}"
8,5,TPC,MPOLY,0.6708395509504435,0.0210010555186207,731923040.0,628664204.4087718,1987102.88,1304071.756982976,0.7185835011485948,0.0031582860370563,0.18,0.05,GREEDY_HV,"['SPC_MBFLIP', 'TPC_MPOLY', 'TPC_MNUF', 'TPC_MPOLY', 'UC_MPOLY', 'TPC_MPOLY']","{'TPC_MPOLY': 3, 'TPC_MNUF': 1, 'UC_MPOLY': 1}"
8,6,UC,NONE,0.6741856096974107,0.0258015509620452,786794544.64,759394006.8729004,2118589.6,1670036.4581930784,0.7221581389206969,0.003574637772102,0.04,0.0,GREEDY_HV,"['SPC_MBFLIP', 'TPC_MPOLY', 'TPC_MNUF', 'TPC_MPOLY', 'UC_MPOLY', 'TPC_MPOLY', 'UC_NONE']","{'TPC_MPOLY': 3, 'TPC_MNUF': 1, 'UC_MPOLY': 1, 'UC_NONE': 1}"
8,7,TPC,NONE,0.6734999099151326,0.0290732842415796,825485647.36,927016324.6904206,1852783.52,1628764.7249399566,0.7257177388306498,0.0035595999099529,0.1,0.0,GREEDY_HV,"['SPC_MBFLIP', 'TPC_MPOLY', 'TPC_MNUF', 'TPC_MPOLY', 'UC_MPOLY', 'TPC_MPOLY', 'UC_NONE', 'TPC_NONE']","{'TPC_MPOLY': 3, 'TPC_MNUF': 1, 'UC_MPOLY': 1, 'UC_NONE': 1, 'TPC_NONE': 1}"
8,8,SPC,NONE,0.6740969500804723,0.0289528881676439,659986163.2,833073495.5502428,1557659.04,1380886.095396676,0.728721557918719,0.0030038190880691,0.06,0.0,GREEDY_HV,"['SPC_MBFLIP', 'TPC_MPOLY', 'TPC_MNUF', 'TPC_MPOLY', 'UC_MPOLY', 'TPC_MPOLY', 'UC_NONE', 'TPC_NONE', 'SPC_NONE']","{'TPC_MPOLY': 3, 'TPC_MNUF': 1, 'UC_MPOLY': 1, 'UC_NONE': 1, 'TPC_NONE': 1, 'SPC_NONE': 1}"
8,9,SBX,MPOLY,0.6784390197905625,0.027326490933076,731121228.8,892874311.8408551,1777072.8,1467091.6551246266,0.7309049549264214,0.0021833970077024,0.0,0.07,GREEDY_HV,"['SPC_MBFLIP', 'TPC_MPOLY', 'TPC_MNUF', 'TPC_MPOLY', 'UC_MPOLY', 'TPC_MPOLY', 'UC_NONE', 'TPC_NONE', 'SPC_NONE', 'SBX_MPOLY']","{'TPC_MPOLY': 3, 'TPC_MNUF': 1, 'UC_MPOLY': 1, 'UC_NONE': 1, 'TPC_NONE': 1, 'SPC_NONE': 1, 'SBX_MPOLY': 1}"
8,10,SPC,NONE,0.6816023077219009,0.0294381014436025,767363916.8,929278325.319186,1982670.24,1574574.9533809123,0.7336612009109511,0.0027562459845297,0.03,0.0,GREEDY_HV,"['SPC_MBFLIP', 'TPC_MPOLY', 'TPC_MNUF', 'TPC_MPOLY', 'UC_MPOLY', 'TPC_MPOLY', 'UC_NONE', 'TPC_NONE', 'SPC_NONE', 'SBX_MPOLY', 'SPC_NONE']","{'TPC_MPOLY': 3, 'TPC_MNUF': 1, 'UC_MPOLY': 1, 'UC_NONE': 1, 'TPC_NONE': 1, 'SPC_NONE': 2, 'SBX_MPOLY': 1}"
8,11,UC,MPOLY,0.6813912869515276,0.0300540879648368,780414835.2,939352751.337304,1984906.4,1623431.9854727518,0.7344934139471626,0.0008322130362115,0.02,0.005,GREEDY_HV,"['SPC_MBFLIP', 'TPC_MPOLY', 'TPC_MNUF', 'TPC_MPOLY', 'UC_MPOLY', 'TPC_MPOLY', 'UC_NONE', 'TPC_NONE', 'SPC_NONE', 'SBX_MPOLY', 'SPC_NONE', 'UC_MPOLY']","{'TPC_MPOLY': 3, 'TPC_MNUF': 1, 'UC_MPOLY': 2, 'UC_NONE': 1, 'TPC_NONE': 1, 'SPC_NONE': 2, 'SBX_MPOLY': 1}"
8,12,TPC,NONE,0.6817921473527894,0.0306226816083757,671532408.32,761936228.6709602,1954814.88,1647203.3241592569,0.7353269396589397,0.000833525711777,0.02,0.0,GREEDY_HV,"['SPC_MBFLIP', 'TPC_MPOLY', 'TPC_MNUF', 'TPC_MPOLY', 'UC_MPOLY', 'TPC_MPOLY', 'UC_NONE', 'TPC_NONE', 'SPC_NONE', 'SBX_MPOLY', 'SPC_NONE', 'UC_MPOLY', 'TPC_NONE']","{'TPC_MPOLY': 3, 'TPC_MNUF': 1, 'UC_MPOLY': 2, 'UC_NONE': 1, 'TPC_NONE': 2, 'SPC_NONE': 2, 'SBX_MPOLY': 1}"
8,13,UC,NONE,0.6847429954937199,0.0309859931685589,687283345.92,688828476.2354361,2108432.8,1689679.1630788129,0.7376157660992377,0.002288826440298,0.02,0.0,GREEDY_HV,"['SPC_MBFLIP', 'TPC_MPOLY', 'TPC_MNUF', 'TPC_MPOLY', 'UC_MPOLY', 'TPC_MPOLY', 'UC_NONE', 'TPC_NONE', 'SPC_NONE', 'SBX_MPOLY', 'SPC_NONE', 'UC_MPOLY', 'TPC_NONE', 'UC_NONE']","{'TPC_MPOLY': 3, 'TPC_MNUF': 1, 'UC_MPOLY': 2, 'UC_NONE': 2, 'TPC_NONE': 2, 'SPC_NONE': 2, 'SBX_MPOLY': 1}"
8,14,TPC,MPOLY,0.6810405696958997,0.0358997707433953,713058969.6,732177375.3036352,2096213.92,1785124.0124537211,0.7379539080777857,0.0003381419785479,0.03,0.025,GREEDY_HV,"['SPC_MBFLIP', 'TPC_MPOLY', 'TPC_MNUF', 'TPC_MPOLY', 'UC_MPOLY', 'TPC_MPOLY', 'UC_NONE', 'TPC_NONE', 'SPC_NONE', 'SBX_MPOLY', 'SPC_NONE', 'UC_MPOLY', 'TPC_NONE', 'UC_NONE', 'TPC_MPOLY']","{'TPC_MPOLY': 4, 'TPC_MNUF': 1, 'UC_MPOLY': 2, 'UC_NONE': 2, 'TPC_NONE': 2, 'SPC_NONE': 2, 'SBX_MPOLY': 1}"
8,15,TPC,NONE,0.6806497462662837,0.031609205121189,663312988.16,775408527.7138535,1673769.12,1493527.5435560828,0.7384217611985862,0.0004678531208004,0.03,0.0,GREEDY_HV,"['SPC_MBFLIP', 'TPC_MPOLY', 'TPC_MNUF', 'TPC_MPOLY', 'UC_MPOLY', 'TPC_MPOLY', 'UC_NONE', 'TPC_NONE', 'SPC_NONE', 'SBX_MPOLY', 'SPC_NONE', 'UC_MPOLY', 'TPC_NONE', 'UC_NONE', 'TPC_MPOLY', 'TPC_NONE']","{'TPC_MPOLY': 4, 'TPC_MNUF': 1, 'UC_MPOLY': 2, 'UC_NONE': 2, 'TPC_NONE': 3, 'SPC_NONE': 2, 'SBX_MPOLY': 1}"
8,16,SPC,MPOLY,0.6790497273210161,0.0324985547375315,614032983.04,748960256.7346112,1541083.04,1329710.8729826794,0.7393481022996272,0.000926341101041,0.05,0.0,GREEDY_HV,"['SPC_MBFLIP', 'TPC_MPOLY', 'TPC_MNUF', 'TPC_MPOLY', 'UC_MPOLY', 'TPC_MPOLY', 'UC_NONE', 'TPC_NONE', 'SPC_NONE', 'SBX_MPOLY', 'SPC_NONE', 'UC_MPOLY', 'TPC_NONE', 'UC_NONE', 'TPC_MPOLY', 'TPC_NONE', 'SPC_MPOLY']","{'TPC_MPOLY': 4, 'TPC_MNUF': 1, 'UC_MPOLY': 2, 'UC_NONE': 2, 'TPC_NONE': 3, 'SPC_NONE': 2, 'SBX_MPOLY': 1, 'SPC_MPOLY': 1}"
8,17,TPC,NONE,0.6838992968269156,0.0351107214770615,680536345.6,753261749.178129,1903690.4,1467516.512735499,0.7396295317521345,0.0002814294525073,0.0,0.0,GREEDY_HV,"['SPC_MBFLIP', 'TPC_MPOLY', 'TPC_MNUF', 'TPC_MPOLY', 'UC_MPOLY', 'TPC_MPOLY', 'UC_NONE', 'TPC_NONE', 'SPC_NONE', 'SBX_MPOLY', 'SPC_NONE', 'UC_MPOLY', 'TPC_NONE', 'UC_NONE', 'TPC_MPOLY', 'TPC_NONE', 'SPC_MPOLY', 'TPC_NONE']","{'TPC_MPOLY': 4, 'TPC_MNUF': 1, 'UC_MPOLY': 2, 'UC_NONE': 2, 'TPC_NONE': 4, 'SPC_NONE': 2, 'SBX_MPOLY': 1, 'SPC_MPOLY': 1}"
8,18,TPC,NONE,0.6853278538975209,0.0358728992003514,704912056.32,713926089.704687,1995778.72,1461197.5636559904,0.740409793534324,0.0007802617821894,0.0,0.0,GREEDY_HV,"['SPC_MBFLIP', 'TPC_MPOLY', 'TPC_MNUF', 'TPC_MPOLY', 'UC_MPOLY', 'TPC_MPOLY', 'UC_NONE', 'TPC_NONE', 'SPC_NONE', 'SBX_MPOLY', 'SPC_NONE', 'UC_MPOLY', 'TPC_NONE', 'UC_NONE', 'TPC_MPOLY', 'TPC_NONE', 'SPC_MPOLY', 'TPC_NONE', 'TPC_NONE']","{'TPC_MPOLY': 4, 'TPC_MNUF': 1, 'UC_MPOLY': 2, 'UC_NONE': 2, 'TPC_NONE': 5, 'SPC_NONE': 2, 'SBX_MPOLY': 1, 'SPC_MPOLY': 1}"
8,19,TPC,NONE,0.6873838606049629,0.0361682548958674,779534423.04,790584210.5947955,2113167.52,1510648.8650536134,0.740610801052912,0.0002010075185879,0.01,0.0,GREEDY_HV,"['SPC_MBFLIP', 'TPC_MPOLY', 'TPC_MNUF', 'TPC_MPOLY', 'UC_MPOLY', 'TPC_MPOLY', 'UC_NONE', 'TPC_NONE', 'SPC_NONE', 'SBX_MPOLY', 'SPC_NONE', 'UC_MPOLY', 'TPC_NONE', 'UC_NONE', 'TPC_MPOLY', 'TPC_NONE', 'SPC_MPOLY', 'TPC_NONE', 'TPC_NONE', 'TPC_NONE']","{'TPC_MPOLY': 4, 'TPC_MNUF': 1, 'UC_MPOLY': 2, 'UC_NONE': 2, 'TPC_NONE': 6, 'SPC_NONE': 2, 'SBX_MPOLY': 1, 'SPC_MPOLY': 1}"
8,20,SBX,NONE,0.6872240167571093,0.0373984430651808,798424604.16,800667820.3477843,2189935.52,1578740.2532108468,0.7406947967853951,8.399573248307757e-05,0.0,0.0,GREEDY_HV,"['SPC_MBFLIP', 'TPC_MPOLY', 'TPC_MNUF', 'TPC_MPOLY', 'UC_MPOLY', 'TPC_MPOLY', 'UC_NONE', 'TPC_NONE', 'SPC_NONE', 'SBX_MPOLY', 'SPC_NONE', 'UC_MPOLY', 'TPC_NONE', 'UC_NONE', 'TPC_MPOLY', 'TPC_NONE', 'SPC_MPOLY', 'TPC_NONE', 'TPC_NONE', 'TPC_NONE', 'SBX_NONE']","{'TPC_MPOLY': 4, 'TPC_MNUF': 1, 'UC_MPOLY': 2, 'UC_NONE': 2, 'TPC_NONE': 6, 'SPC_NONE': 2, 'SBX_MPOLY': 1, 'SPC_MPOLY': 1, 'SBX_NONE': 1}"
8,21,SPC,NONE,0.6867206085888802,0.0377713223763489,794643443.2,821943390.1693398,2152590.24,1535223.8322736209,0.7407687456111238,7.39488257287535e-05,0.01,0.0,GREEDY_HV,"['SPC_MBFLIP', 'TPC_MPOLY', 'TPC_MNUF', 'TPC_MPOLY', 'UC_MPOLY', 'TPC_MPOLY', 'UC_NONE', 'TPC_NONE', 'SPC_NONE', 'SBX_MPOLY', 'SPC_NONE', 'UC_MPOLY', 'TPC_NONE', 'UC_NONE', 'TPC_MPOLY', 'TPC_NONE', 'SPC_MPOLY', 'TPC_NONE', 'TPC_NONE', 'TPC_NONE', 'SBX_NONE', 'SPC_NONE']","{'TPC_MPOLY': 4, 'TPC_MNUF': 1, 'UC_MPOLY': 2, 'UC_NONE': 2, 'TPC_NONE': 6, 'SPC_NONE': 3, 'SBX_MPOLY': 1, 'SPC_MPOLY': 1, 'SBX_NONE': 1}"
8,22,UC,NONE,0.686353441971939,0.0397295893111852,840197150.72,839835086.8618406,2152480.16,1514726.8348714411,0.7408406646083805,7.191899725667028e-05,0.01,0.0,GREEDY_HV,"['SPC_MBFLIP', 'TPC_MPOLY', 'TPC_MNUF', 'TPC_MPOLY', 'UC_MPOLY', 'TPC_MPOLY', 'UC_NONE', 'TPC_NONE', 'SPC_NONE', 'SBX_MPOLY', 'SPC_NONE', 'UC_MPOLY', 'TPC_NONE', 'UC_NONE', 'TPC_MPOLY', 'TPC_NONE', 'SPC_MPOLY', 'TPC_NONE', 'TPC_NONE', 'TPC_NONE', 'SBX_NONE', 'SPC_NONE', 'UC_NONE']","{'TPC_MPOLY': 4, 'TPC_MNUF': 1, 'UC_MPOLY': 2, 'UC_NONE': 3, 'TPC_NONE': 6, 'SPC_NONE': 3, 'SBX_MPOLY': 1, 'SPC_MPOLY': 1, 'SBX_NONE': 1}"
8,23,SBX,MPOLY,0.687267581493787,0.0406323212384413,848586904.32,835004869.7602941,2173083.04,1498614.7832998445,0.7410623794627923,0.0002217148544118,0.02,0.095,GREEDY_HV,"['SPC_MBFLIP', 'TPC_MPOLY', 'TPC_MNUF', 'TPC_MPOLY', 'UC_MPOLY', 'TPC_MPOLY', 'UC_NONE', 'TPC_NONE', 'SPC_NONE', 'SBX_MPOLY', 'SPC_NONE', 'UC_MPOLY', 'TPC_NONE', 'UC_NONE', 'TPC_MPOLY', 'TPC_NONE', 'SPC_MPOLY', 'TPC_NONE', 'TPC_NONE', 'TPC_NONE', 'SBX_NONE', 'SPC_NONE', 'UC_NONE', 'SBX_MPOLY']","{'TPC_MPOLY': 4, 'TPC_MNUF': 1, 'UC_MPOLY': 2, 'UC_NONE': 3, 'TPC_NONE': 6, 'SPC_NONE': 3, 'SBX_MPOLY': 2, 'SPC_MPOLY': 1, 'SBX_NONE': 1}"
8,24,UC,NONE,0.68635663585253,0.0423339220731804,919713090.56,868793318.3746156,2178375.84,1530446.4598775269,0.7411893811077628,0.0001270016449704,0.01,0.0,GREEDY_HV,"['SPC_MBFLIP', 'TPC_MPOLY', 'TPC_MNUF', 'TPC_MPOLY', 'UC_MPOLY', 'TPC_MPOLY', 'UC_NONE', 'TPC_NONE', 'SPC_NONE', 'SBX_MPOLY', 'SPC_NONE', 'UC_MPOLY', 'TPC_NONE', 'UC_NONE', 'TPC_MPOLY', 'TPC_NONE', 'SPC_MPOLY', 'TPC_NONE', 'TPC_NONE', 'TPC_NONE', 'SBX_NONE', 'SPC_NONE', 'UC_NONE', 'SBX_MPOLY', 'UC_NONE']","{'TPC_MPOLY': 4, 'TPC_MNUF': 1, 'UC_MPOLY': 2, 'UC_NONE': 4, 'TPC_NONE': 6, 'SPC_NONE': 3, 'SBX_MPOLY': 2, 'SPC_MPOLY': 1, 'SBX_NONE': 1}"
8,25,SPC,NONE,0.6846915451413466,0.0441283115630458,901870467.84,874070936.3939708,2191790.24,1572052.1230345329,0.7412124958725858,2.311476482297348e-05,0.0,0.0,GREEDY_HV,"['SPC_MBFLIP', 'TPC_MPOLY', 'TPC_MNUF', 'TPC_MPOLY', 'UC_MPOLY', 'TPC_MPOLY', 'UC_NONE', 'TPC_NONE', 'SPC_NONE', 'SBX_MPOLY', 'SPC_NONE', 'UC_MPOLY', 'TPC_NONE', 'UC_NONE', 'TPC_MPOLY', 'TPC_NONE', 'SPC_MPOLY', 'TPC_NONE', 'TPC_NONE', 'TPC_NONE', 'SBX_NONE', 'SPC_NONE', 'UC_NONE', 'SBX_MPOLY', 'UC_NONE', 'SPC_NONE']","{'TPC_MPOLY': 4, 'TPC_MNUF': 1, 'UC_MPOLY': 2, 'UC_NONE': 4, 'TPC_NONE': 6, 'SPC_NONE': 4, 'SBX_MPOLY': 2, 'SPC_MPOLY': 1, 'SBX_NONE': 1}"
8,26,SBX,MNUF,0.6834883005269574,0.0455856434529634,900175767.04,875405814.9291165,2182451.36,1580966.4789454043,0.7413860497483797,0.0001735538757939,0.0,0.035,GREEDY_HV,"['SPC_MBFLIP', 'TPC_MPOLY', 'TPC_MNUF', 'TPC_MPOLY', 'UC_MPOLY', 'TPC_MPOLY', 'UC_NONE', 'TPC_NONE', 'SPC_NONE', 'SBX_MPOLY', 'SPC_NONE', 'UC_MPOLY', 'TPC_NONE', 'UC_NONE', 'TPC_MPOLY', 'TPC_NONE', 'SPC_MPOLY', 'TPC_NONE', 'TPC_NONE', 'TPC_NONE', 'SBX_NONE', 'SPC_NONE', 'UC_NONE', 'SBX_MPOLY', 'UC_NONE', 'SPC_NONE', 'SBX_MNUF']","{'TPC_MPOLY': 4, 'TPC_MNUF': 1, 'UC_MPOLY': 2, 'UC_NONE': 4, 'TPC_NONE': 6, 'SPC_NONE': 4, 'SBX_MPOLY': 2, 'SPC_MPOLY': 1, 'SBX_NONE': 1, 'SBX_MNUF': 1}"
8,27,UC,MPOLY,0.6866012475374422,0.0417448496947681,911709299.2,868089710.7740086,2249298.08,1556733.2483996071,0.7417966185284324,0.0004105687800526,0.03,0.005,GREEDY_HV,"['SPC_MBFLIP', 'TPC_MPOLY', 'TPC_MNUF', 'TPC_MPOLY', 'UC_MPOLY', 'TPC_MPOLY', 'UC_NONE', 'TPC_NONE', 'SPC_NONE', 'SBX_MPOLY', 'SPC_NONE', 'UC_MPOLY', 'TPC_NONE', 'UC_NONE', 'TPC_MPOLY', 'TPC_NONE', 'SPC_MPOLY', 'TPC_NONE', 'TPC_NONE', 'TPC_NONE', 'SBX_NONE', 'SPC_NONE', 'UC_NONE', 'SBX_MPOLY', 'UC_NONE', 'SPC_NONE', 'SBX_MNUF', 'UC_MPOLY']","{'TPC_MPOLY': 4, 'TPC_MNUF': 1, 'UC_MPOLY': 3, 'UC_NONE': 4, 'TPC_NONE': 6, 'SPC_NONE': 4, 'SBX_MPOLY': 2, 'SPC_MPOLY': 1, 'SBX_NONE': 1, 'SBX_MNUF': 1}"
8,28,TPC,NONE,0.6837803322453891,0.0467662138544162,903029665.28,862903060.9402004,2219079.84,1554658.9375401842,0.7419527074419416,0.0001560889135092,0.01,0.0,GREEDY_HV,"['SPC_MBFLIP', 'TPC_MPOLY', 'TPC_MNUF', 'TPC_MPOLY', 'UC_MPOLY', 'TPC_MPOLY', 'UC_NONE', 'TPC_NONE', 'SPC_NONE', 'SBX_MPOLY', 'SPC_NONE', 'UC_MPOLY', 'TPC_NONE', 'UC_NONE', 'TPC_MPOLY', 'TPC_NONE', 'SPC_MPOLY', 'TPC_NONE', 'TPC_NONE', 'TPC_NONE', 'SBX_NONE', 'SPC_NONE', 'UC_NONE', 'SBX_MPOLY', 'UC_NONE', 'SPC_NONE', 'SBX_MNUF', 'UC_MPOLY', 'TPC_NONE']","{'TPC_MPOLY': 4, 'TPC_MNUF': 1, 'UC_MPOLY': 3, 'UC_NONE': 4, 'TPC_NONE': 7, 'SPC_NONE': 4, 'SBX_MPOLY': 2, 'SPC_MPOLY': 1, 'SBX_NONE': 1, 'SBX_MNUF': 1}"
8,29,TPC,NONE,0.6810906936335732,0.0469651558660824,856104432.64,870133958.506008,2112192.16,1595762.4546102262,0.7419230421704233,-2.966527151837539e-05,0.01,0.0,GREEDY_HV,"['SPC_MBFLIP', 'TPC_MPOLY', 'TPC_MNUF', 'TPC_MPOLY', 'UC_MPOLY', 'TPC_MPOLY', 'UC_NONE', 'TPC_NONE', 'SPC_NONE', 'SBX_MPOLY', 'SPC_NONE', 'UC_MPOLY', 'TPC_NONE', 'UC_NONE', 'TPC_MPOLY', 'TPC_NONE', 'SPC_MPOLY', 'TPC_NONE', 'TPC_NONE', 'TPC_NONE', 'SBX_NONE', 'SPC_NONE', 'UC_NONE', 'SBX_MPOLY', 'UC_NONE', 'SPC_NONE', 'SBX_MNUF', 'UC_MPOLY', 'TPC_NONE', 'TPC_NONE']","{'TPC_MPOLY': 4, 'TPC_MNUF': 1, 'UC_MPOLY': 3, 'UC_NONE': 4, 'TPC_NONE': 8, 'SPC_NONE': 4, 'SBX_MPOLY': 2, 'SPC_MPOLY': 1, 'SBX_NONE': 1, 'SBX_MNUF': 1}"
8,30,SPC,NONE,0.6829960915349469,0.045324719518766,819469872.64,851713304.3306296,2143712.16,1602186.4325698852,0.7419727010106326,4.965884020935452e-05,0.01,0.0,GREEDY_HV,"['SPC_MBFLIP', 'TPC_MPOLY', 'TPC_MNUF', 'TPC_MPOLY', 'UC_MPOLY', 'TPC_MPOLY', 'UC_NONE', 'TPC_NONE', 'SPC_NONE', 'SBX_MPOLY', 'SPC_NONE', 'UC_MPOLY', 'TPC_NONE', 'UC_NONE', 'TPC_MPOLY', 'TPC_NONE', 'SPC_MPOLY', 'TPC_NONE', 'TPC_NONE', 'TPC_NONE', 'SBX_NONE', 'SPC_NONE', 'UC_NONE', 'SBX_MPOLY', 'UC_NONE', 'SPC_NONE', 'SBX_MNUF', 'UC_MPOLY', 'TPC_NONE', 'TPC_NONE', 'SPC_NONE']","{'TPC_MPOLY': 4, 'TPC_MNUF': 1, 'UC_MPOLY': 3, 'UC_NONE': 4, 'TPC_NONE': 8, 'SPC_NONE': 5, 'SBX_MPOLY': 2, 'SPC_MPOLY': 1, 'SBX_NONE': 1, 'SBX_MNUF': 1}"
8,31,UC,NONE,0.6828922917195799,0.0461507981625995,819081319.68,845387878.3758891,2188793.76,1604306.9398802533,0.7420034744771891,3.0773466556444085e-05,0.0,0.0,GREEDY_HV,"['SPC_MBFLIP', 'TPC_MPOLY', 'TPC_MNUF', 'TPC_MPOLY', 'UC_MPOLY', 'TPC_MPOLY', 'UC_NONE', 'TPC_NONE', 'SPC_NONE', 'SBX_MPOLY', 'SPC_NONE', 'UC_MPOLY', 'TPC_NONE', 'UC_NONE', 'TPC_MPOLY', 'TPC_NONE', 'SPC_MPOLY', 'TPC_NONE', 'TPC_NONE', 'TPC_NONE', 'SBX_NONE', 'SPC_NONE', 'UC_NONE', 'SBX_MPOLY', 'UC_NONE', 'SPC_NONE', 'SBX_MNUF', 'UC_MPOLY', 'TPC_NONE', 'TPC_NONE', 'SPC_NONE', 'UC_NONE']","{'TPC_MPOLY': 4, 'TPC_MNUF': 1, 'UC_MPOLY': 3, 'UC_NONE': 5, 'TPC_NONE': 8, 'SPC_NONE': 5, 'SBX_MPOLY': 2, 'SPC_MPOLY': 1, 'SBX_NONE': 1, 'SBX_MNUF': 1}"
8,32,TPC,NONE,0.6814635624932609,0.0480672033096819,837022197.76,853369653.590634,2218764.96,1634773.328338054,0.7420090053773643,5.5309001751879805e-06,0.0,0.0,GREEDY_HV,"['SPC_MBFLIP', 'TPC_MPOLY', 'TPC_MNUF', 'TPC_MPOLY', 'UC_MPOLY', 'TPC_MPOLY', 'UC_NONE', 'TPC_NONE', 'SPC_NONE', 'SBX_MPOLY', 'SPC_NONE', 'UC_MPOLY', 'TPC_NONE', 'UC_NONE', 'TPC_MPOLY', 'TPC_NONE', 'SPC_MPOLY', 'TPC_NONE', 'TPC_NONE', 'TPC_NONE', 'SBX_NONE', 'SPC_NONE', 'UC_NONE', 'SBX_MPOLY', 'UC_NONE', 'SPC_NONE', 'SBX_MNUF', 'UC_MPOLY', 'TPC_NONE', 'TPC_NONE', 'SPC_NONE', 'UC_NONE', 'TPC_NONE']","{'TPC_MPOLY': 4, 'TPC_MNUF': 1, 'UC_MPOLY': 3, 'UC_NONE': 5, 'TPC_NONE': 9, 'SPC_NONE': 5, 'SBX_MPOLY': 2, 'SPC_MPOLY': 1, 'SBX_NONE': 1, 'SBX_MNUF': 1}"
8,33,TPC,NONE,0.6770844089235449,0.0497176015153657,827678681.6,865074235.582491,2046716.32,1649776.7377189614,0.7420190586926232,1.0053315258939932e-05,0.01,0.0,GREEDY_HV,"['SPC_MBFLIP', 'TPC_MPOLY', 'TPC_MNUF', 'TPC_MPOLY', 'UC_MPOLY', 'TPC_MPOLY', 'UC_NONE', 'TPC_NONE', 'SPC_NONE', 'SBX_MPOLY', 'SPC_NONE', 'UC_MPOLY', 'TPC_NONE', 'UC_NONE', 'TPC_MPOLY', 'TPC_NONE', 'SPC_MPOLY', 'TPC_NONE', 'TPC_NONE', 'TPC_NONE', 'SBX_NONE', 'SPC_NONE', 'UC_NONE', 'SBX_MPOLY', 'UC_NONE', 'SPC_NONE', 'SBX_MNUF', 'UC_MPOLY', 'TPC_NONE', 'TPC_NONE', 'SPC_NONE', 'UC_NONE', 'TPC_NONE', 'TPC_NONE']","{'TPC_MPOLY': 4, 'TPC_MNUF': 1, 'UC_MPOLY': 3, 'UC_NONE': 5, 'TPC_NONE': 10, 'SPC_NONE': 5, 'SBX_MPOLY': 2, 'SPC_MPOLY': 1, 'SBX_NONE': 1, 'SBX_MNUF': 1}"
8,34,SPC,NONE,0.6820192510599342,0.0455707657137177,880259069.44,864473318.3929856,2118693.28,1623721.217746729,0.7420360391674761,1.6980474852879013e-05,0.0,0.0,GREEDY_HV,"['SPC_MBFLIP', 'TPC_MPOLY', 'TPC_MNUF', 'TPC_MPOLY', 'UC_MPOLY', 'TPC_MPOLY', 'UC_NONE', 'TPC_NONE', 'SPC_NONE', 'SBX_MPOLY', 'SPC_NONE', 'UC_MPOLY', 'TPC_NONE', 'UC_NONE', 'TPC_MPOLY', 'TPC_NONE', 'SPC_MPOLY', 'TPC_NONE', 'TPC_NONE', 'TPC_NONE', 'SBX_NONE', 'SPC_NONE', 'UC_NONE', 'SBX_MPOLY', 'UC_NONE', 'SPC_NONE', 'SBX_MNUF', 'UC_MPOLY', 'TPC_NONE', 'TPC_NONE', 'SPC_NONE', 'UC_NONE', 'TPC_NONE', 'TPC_NONE', 'SPC_NONE']","{'TPC_MPOLY': 4, 'TPC_MNUF': 1, 'UC_MPOLY': 3, 'UC_NONE': 5, 'TPC_NONE': 10, 'SPC_NONE': 6, 'SBX_MPOLY': 2, 'SPC_MPOLY': 1, 'SBX_NONE': 1, 'SBX_MNUF': 1}"
8,35,SBX,MPOLY,0.6825453007306811,0.0433982877702948,879490817.28,861593112.5952039,2122960.8,1629056.6415964786,0.7424343695464672,0.0003983303789911,0.0,0.06,GREEDY_HV,"['SPC_MBFLIP', 'TPC_MPOLY', 'TPC_MNUF', 'TPC_MPOLY', 'UC_MPOLY', 'TPC_MPOLY', 'UC_NONE', 'TPC_NONE', 'SPC_NONE', 'SBX_MPOLY', 'SPC_NONE', 'UC_MPOLY', 'TPC_NONE', 'UC_NONE', 'TPC_MPOLY', 'TPC_NONE', 'SPC_MPOLY', 'TPC_NONE', 'TPC_NONE', 'TPC_NONE', 'SBX_NONE', 'SPC_NONE', 'UC_NONE', 'SBX_MPOLY', 'UC_NONE', 'SPC_NONE', 'SBX_MNUF', 'UC_MPOLY', 'TPC_NONE', 'TPC_NONE', 'SPC_NONE', 'UC_NONE', 'TPC_NONE', 'TPC_NONE', 'SPC_NONE', 'SBX_MPOLY']","{'TPC_MPOLY': 4, 'TPC_MNUF': 1, 'UC_MPOLY': 3, 'UC_NONE': 5, 'TPC_NONE': 10, 'SPC_NONE': 6, 'SBX_MPOLY': 3, 'SPC_MPOLY': 1, 'SBX_NONE': 1, 'SBX_MNUF': 1}"
8,36,SPC,NONE,0.6799493769272771,0.0458436539221142,854462138.88,867161687.838461,2060770.72,1629269.9842546792,0.7425298210341715,9.545148770429002e-05,0.01,0.0,GREEDY_HV,"['SPC_MBFLIP', 'TPC_MPOLY', 'TPC_MNUF', 'TPC_MPOLY', 'UC_MPOLY', 'TPC_MPOLY', 'UC_NONE', 'TPC_NONE', 'SPC_NONE', 'SBX_MPOLY', 'SPC_NONE', 'UC_MPOLY', 'TPC_NONE', 'UC_NONE', 'TPC_MPOLY', 'TPC_NONE', 'SPC_MPOLY', 'TPC_NONE', 'TPC_NONE', 'TPC_NONE', 'SBX_NONE', 'SPC_NONE', 'UC_NONE', 'SBX_MPOLY', 'UC_NONE', 'SPC_NONE', 'SBX_MNUF', 'UC_MPOLY', 'TPC_NONE', 'TPC_NONE', 'SPC_NONE', 'UC_NONE', 'TPC_NONE', 'TPC_NONE', 'SPC_NONE', 'SBX_MPOLY', 'SPC_NONE']","{'TPC_MPOLY': 4, 'TPC_MNUF': 1, 'UC_MPOLY': 3, 'UC_NONE': 5, 'TPC_NONE': 10, 'SPC_NONE': 7, 'SBX_MPOLY': 3, 'SPC_MPOLY': 1, 'SBX_NONE': 1, 'SBX_MNUF': 1}"
8,37,SPC,NONE,0.6811253652776624,0.0460490542530701,877136102.4,855191517.1541146,2060517.28,1573641.1932441406,0.7425815695265651,5.174849239353296e-05,0.01,0.0,GREEDY_HV,"['SPC_MBFLIP', 'TPC_MPOLY', 'TPC_MNUF', 'TPC_MPOLY', 'UC_MPOLY', 'TPC_MPOLY', 'UC_NONE', 'TPC_NONE', 'SPC_NONE', 'SBX_MPOLY', 'SPC_NONE', 'UC_MPOLY', 'TPC_NONE', 'UC_NONE', 'TPC_MPOLY', 'TPC_NONE', 'SPC_MPOLY', 'TPC_NONE', 'TPC_NONE', 'TPC_NONE', 'SBX_NONE', 'SPC_NONE', 'UC_NONE', 'SBX_MPOLY', 'UC_NONE', 'SPC_NONE', 'SBX_MNUF', 'UC_MPOLY', 'TPC_NONE', 'TPC_NONE', 'SPC_NONE', 'UC_NONE', 'TPC_NONE', 'TPC_NONE', 'SPC_NONE', 'SBX_MPOLY', 'SPC_NONE', 'SPC_NONE']","{'TPC_MPOLY': 4, 'TPC_MNUF': 1, 'UC_MPOLY': 3, 'UC_NONE': 5, 'TPC_NONE': 10, 'SPC_NONE': 8, 'SBX_MPOLY': 3, 'SPC_MPOLY': 1, 'SBX_NONE': 1, 'SBX_MNUF': 1}"
8,38,TPC,NONE,0.6842488508072028,0.0423944957498065,848797437.44,842819791.9463985,2049927.84,1549418.6463842413,0.7425671866791986,-1.4382847366434248e-05,0.0,0.0,GREEDY_HV,"['SPC_MBFLIP', 'TPC_MPOLY', 'TPC_MNUF', 'TPC_MPOLY', 'UC_MPOLY', 'TPC_MPOLY', 'UC_NONE', 'TPC_NONE', 'SPC_NONE', 'SBX_MPOLY', 'SPC_NONE', 'UC_MPOLY', 'TPC_NONE', 'UC_NONE', 'TPC_MPOLY', 'TPC_NONE', 'SPC_MPOLY', 'TPC_NONE', 'TPC_NONE', 'TPC_NONE', 'SBX_NONE', 'SPC_NONE', 'UC_NONE', 'SBX_MPOLY', 'UC_NONE', 'SPC_NONE', 'SBX_MNUF', 'UC_MPOLY', 'TPC_NONE', 'TPC_NONE', 'SPC_NONE', 'UC_NONE', 'TPC_NONE', 'TPC_NONE', 'SPC_NONE', 'SBX_MPOLY', 'SPC_NONE', 'SPC_NONE', 'TPC_NONE']","{'TPC_MPOLY': 4, 'TPC_MNUF': 1, 'UC_MPOLY': 3, 'UC_NONE': 5, 'TPC_NONE': 11, 'SPC_NONE': 8, 'SBX_MPOLY': 3, 'SPC_MPOLY': 1, 'SBX_NONE': 1, 'SBX_MNUF': 1}"
8,39,SPC,NONE,0.6917650842080674,0.0355759084880729,914953000.96,832960550.0005801,2256165.28,1484500.6513686285,0.7426149084721827,4.772179298406787e-05,0.01,0.0,GREEDY_HV,"['SPC_MBFLIP', 'TPC_MPOLY', 'TPC_MNUF', 'TPC_MPOLY', 'UC_MPOLY', 'TPC_MPOLY', 'UC_NONE', 'TPC_NONE', 'SPC_NONE', 'SBX_MPOLY', 'SPC_NONE', 'UC_MPOLY', 'TPC_NONE', 'UC_NONE', 'TPC_MPOLY', 'TPC_NONE', 'SPC_MPOLY', 'TPC_NONE', 'TPC_NONE', 'TPC_NONE', 'SBX_NONE', 'SPC_NONE', 'UC_NONE', 'SBX_MPOLY', 'UC_NONE', 'SPC_NONE', 'SBX_MNUF', 'UC_MPOLY', 'TPC_NONE', 'TPC_NONE', 'SPC_NONE', 'UC_NONE', 'TPC_NONE', 'TPC_NONE', 'SPC_NONE', 'SBX_MPOLY', 'SPC_NONE', 'SPC_NONE', 'TPC_NONE', 'SPC_NONE']","{'TPC_MPOLY': 4, 'TPC_MNUF': 1, 'UC_MPOLY': 3, 'UC_NONE': 5, 'TPC_NONE': 11, 'SPC_NONE': 9, 'SBX_MPOLY': 3, 'SPC_MPOLY': 1, 'SBX_NONE': 1, 'SBX_MNUF': 1}"
8,40,UC,NONE,0.6917582337677924,0.0346410211164051,903550556.16,842109958.6126198,2207301.28,1502700.5445958292,0.7427133139184159,9.840544623318516e-05,0.01,0.0,GREEDY_HV,"['SPC_MBFLIP', 'TPC_MPOLY', 'TPC_MNUF', 'TPC_MPOLY', 'UC_MPOLY', 'TPC_MPOLY', 'UC_NONE', 'TPC_NONE', 'SPC_NONE', 'SBX_MPOLY', 'SPC_NONE', 'UC_MPOLY', 'TPC_NONE', 'UC_NONE', 'TPC_MPOLY', 'TPC_NONE', 'SPC_MPOLY', 'TPC_NONE', 'TPC_NONE', 'TPC_NONE', 'SBX_NONE', 'SPC_NONE', 'UC_NONE', 'SBX_MPOLY', 'UC_NONE', 'SPC_NONE', 'SBX_MNUF', 'UC_MPOLY', 'TPC_NONE', 'TPC_NONE', 'SPC_NONE', 'UC_NONE', 'TPC_NONE', 'TPC_NONE', 'SPC_NONE', 'SBX_MPOLY', 'SPC_NONE', 'SPC_NONE', 'TPC_NONE', 'SPC_NONE', 'UC_NONE']","{'TPC_MPOLY': 4, 'TPC_MNUF': 1, 'UC_MPOLY': 3, 'UC_NONE': 6, 'TPC_NONE': 11, 'SPC_NONE': 9, 'SBX_MPOLY': 3, 'SPC_MPOLY': 1, 'SBX_NONE': 1, 'SBX_MNUF': 1}"
8,41,SPC,NONE,0.6908623531940451,0.0355363987741531,907287319.04,839119965.3680443,2202780.32,1517555.0068885074,0.7427823478902967,6.90339718808497e-05,0.0,0.0,GREEDY_HV,"['SPC_MBFLIP', 'TPC_MPOLY', 'TPC_MNUF', 'TPC_MPOLY', 'UC_MPOLY', 'TPC_MPOLY', 'UC_NONE', 'TPC_NONE', 'SPC_NONE', 'SBX_MPOLY', 'SPC_NONE', 'UC_MPOLY', 'TPC_NONE', 'UC_NONE', 'TPC_MPOLY', 'TPC_NONE', 'SPC_MPOLY', 'TPC_NONE', 'TPC_NONE', 'TPC_NONE', 'SBX_NONE', 'SPC_NONE', 'UC_NONE', 'SBX_MPOLY', 'UC_NONE', 'SPC_NONE', 'SBX_MNUF', 'UC_MPOLY', 'TPC_NONE', 'TPC_NONE', 'SPC_NONE', 'UC_NONE', 'TPC_NONE', 'TPC_NONE', 'SPC_NONE', 'SBX_MPOLY', 'SPC_NONE', 'SPC_NONE', 'TPC_NONE', 'SPC_NONE', 'UC_NONE', 'SPC_NONE']","{'TPC_MPOLY': 4, 'TPC_MNUF': 1, 'UC_MPOLY': 3, 'UC_NONE': 6, 'TPC_NONE': 11, 'SPC_NONE': 10, 'SBX_MPOLY': 3, 'SPC_MPOLY': 1, 'SBX_NONE': 1, 'SBX_MNUF': 1}"
8,42,SPC,NONE,0.6910272534815449,0.0354508520108416,938248271.36,846431907.3854144,2216111.52,1523275.707762376,0.74281678974103,3.4441850733313295e-05,0.0,0.0,GREEDY_HV,"['SPC_MBFLIP', 'TPC_MPOLY', 'TPC_MNUF', 'TPC_MPOLY', 'UC_MPOLY', 'TPC_MPOLY', 'UC_NONE', 'TPC_NONE', 'SPC_NONE', 'SBX_MPOLY', 'SPC_NONE', 'UC_MPOLY', 'TPC_NONE', 'UC_NONE', 'TPC_MPOLY', 'TPC_NONE', 'SPC_MPOLY', 'TPC_NONE', 'TPC_NONE', 'TPC_NONE', 'SBX_NONE', 'SPC_NONE', 'UC_NONE', 'SBX_MPOLY', 'UC_NONE', 'SPC_NONE', 'SBX_MNUF', 'UC_MPOLY', 'TPC_NONE', 'TPC_NONE', 'SPC_NONE', 'UC_NONE', 'TPC_NONE', 'TPC_NONE', 'SPC_NONE', 'SBX_MPOLY', 'SPC_NONE', 'SPC_NONE', 'TPC_NONE', 'SPC_NONE', 'UC_NONE', 'SPC_NONE', 'SPC_NONE']","{'TPC_MPOLY': 4, 'TPC_MNUF': 1, 'UC_MPOLY': 3, 'UC_NONE': 6, 'TPC_NONE': 11, 'SPC_NONE': 11, 'SBX_MPOLY': 3, 'SPC_MPOLY': 1, 'SBX_NONE': 1, 'SBX_MNUF': 1}"
8,43,UC,NONE,0.6893142712207927,0.0361404731156075,920387586.56,851025577.0920572,2145066.4,1531465.778109116,0.7427712125846275,-4.557715640252091e-05,0.02,0.0,GREEDY_HV,"['SPC_MBFLIP', 'TPC_MPOLY', 'TPC_MNUF', 'TPC_MPOLY', 'UC_MPOLY', 'TPC_MPOLY', 'UC_NONE', 'TPC_NONE', 'SPC_NONE', 'SBX_MPOLY', 'SPC_NONE', 'UC_MPOLY', 'TPC_NONE', 'UC_NONE', 'TPC_MPOLY', 'TPC_NONE', 'SPC_MPOLY', 'TPC_NONE', 'TPC_NONE', 'TPC_NONE', 'SBX_NONE', 'SPC_NONE', 'UC_NONE', 'SBX_MPOLY', 'UC_NONE', 'SPC_NONE', 'SBX_MNUF', 'UC_MPOLY', 'TPC_NONE', 'TPC_NONE', 'SPC_NONE', 'UC_NONE', 'TPC_NONE', 'TPC_NONE', 'SPC_NONE', 'SBX_MPOLY', 'SPC_NONE', 'SPC_NONE', 'TPC_NONE', 'SPC_NONE', 'UC_NONE', 'SPC_NONE', 'SPC_NONE', 'UC_NONE']","{'TPC_MPOLY': 4, 'TPC_MNUF': 1, 'UC_MPOLY': 3, 'UC_NONE': 7, 'TPC_NONE': 11, 'SPC_NONE': 11, 'SBX_MPOLY': 3, 'SPC_MPOLY': 1, 'SBX_NONE': 1, 'SBX_MNUF': 1}"
8,44,SPC,NONE,0.6900810770880612,0.0360607967758216,906794063.36,840438712.6204718,2191460.0,1518835.081987877,0.7427974120900118,2.6199505384294497e-05,0.0,0.0,GREEDY_HV,"['SPC_MBFLIP', 'TPC_MPOLY', 'TPC_MNUF', 'TPC_MPOLY', 'UC_MPOLY', 'TPC_MPOLY', 'UC_NONE', 'TPC_NONE', 'SPC_NONE', 'SBX_MPOLY', 'SPC_NONE', 'UC_MPOLY', 'TPC_NONE', 'UC_NONE', 'TPC_MPOLY', 'TPC_NONE', 'SPC_MPOLY', 'TPC_NONE', 'TPC_NONE', 'TPC_NONE', 'SBX_NONE', 'SPC_NONE', 'UC_NONE', 'SBX_MPOLY', 'UC_NONE', 'SPC_NONE', 'SBX_MNUF', 'UC_MPOLY', 'TPC_NONE', 'TPC_NONE', 'SPC_NONE', 'UC_NONE', 'TPC_NONE', 'TPC_NONE', 'SPC_NONE', 'SBX_MPOLY', 'SPC_NONE', 'SPC_NONE', 'TPC_NONE', 'SPC_NONE', 'UC_NONE', 'SPC_NONE', 'SPC_NONE', 'UC_NONE', 'SPC_NONE']","{'TPC_MPOLY': 4, 'TPC_MNUF': 1, 'UC_MPOLY': 3, 'UC_NONE': 7, 'TPC_NONE': 11, 'SPC_NONE': 12, 'SBX_MPOLY': 3, 'SPC_MPOLY': 1, 'SBX_NONE': 1, 'SBX_MNUF': 1}"
8,45,TPC,NONE,0.6880885820013298,0.036159981252408,878611023.36,857414407.666962,2109836.96,1547037.0561698256,0.7428536689955418,5.625690553001661e-05,0.0,0.0,GREEDY_HV,"['SPC_MBFLIP', 'TPC_MPOLY', 'TPC_MNUF', 'TPC_MPOLY', 'UC_MPOLY', 'TPC_MPOLY', 'UC_NONE', 'TPC_NONE', 'SPC_NONE', 'SBX_MPOLY', 'SPC_NONE', 'UC_MPOLY', 'TPC_NONE', 'UC_NONE', 'TPC_MPOLY', 'TPC_NONE', 'SPC_MPOLY', 'TPC_NONE', 'TPC_NONE', 'TPC_NONE', 'SBX_NONE', 'SPC_NONE', 'UC_NONE', 'SBX_MPOLY', 'UC_NONE', 'SPC_NONE', 'SBX_MNUF', 'UC_MPOLY', 'TPC_NONE', 'TPC_NONE', 'SPC_NONE', 'UC_NONE', 'TPC_NONE', 'TPC_NONE', 'SPC_NONE', 'SBX_MPOLY', 'SPC_NONE', 'SPC_NONE', 'TPC_NONE', 'SPC_NONE', 'UC_NONE', 'SPC_NONE', 'SPC_NONE', 'UC_NONE', 'SPC_NONE', 'TPC_NONE']","{'TPC_MPOLY': 4, 'TPC_MNUF': 1, 'UC_MPOLY': 3, 'UC_NONE': 7, 'TPC_NONE': 12, 'SPC_NONE': 12, 'SBX_MPOLY': 3, 'SPC_MPOLY': 1, 'SBX_NONE': 1, 'SBX_MNUF': 1}"
8,46,SPC,NONE,0.6907483982836153,0.0355954477148027,897123269.12,834302078.118886,2182105.76,1520827.398573218,0.7428940649112485,4.039591570670353e-05,0.01,0.0,GREEDY_HV,"['SPC_MBFLIP', 'TPC_MPOLY', 'TPC_MNUF', 'TPC_MPOLY', 'UC_MPOLY', 'TPC_MPOLY', 'UC_NONE', 'TPC_NONE', 'SPC_NONE', 'SBX_MPOLY', 'SPC_NONE', 'UC_MPOLY', 'TPC_NONE', 'UC_NONE', 'TPC_MPOLY', 'TPC_NONE', 'SPC_MPOLY', 'TPC_NONE', 'TPC_NONE', 'TPC_NONE', 'SBX_NONE', 'SPC_NONE', 'UC_NONE', 'SBX_MPOLY', 'UC_NONE', 'SPC_NONE', 'SBX_MNUF', 'UC_MPOLY', 'TPC_NONE', 'TPC_NONE', 'SPC_NONE', 'UC_NONE', 'TPC_NONE', 'TPC_NONE', 'SPC_NONE', 'SBX_MPOLY', 'SPC_NONE', 'SPC_NONE', 'TPC_NONE', 'SPC_NONE', 'UC_NONE', 'SPC_NONE', 'SPC_NONE', 'UC_NONE', 'SPC_NONE', 'TPC_NONE', 'SPC_NONE']","{'TPC_MPOLY': 4, 'TPC_MNUF': 1, 'UC_MPOLY': 3, 'UC_NONE': 7, 'TPC_NONE': 12, 'SPC_NONE': 13, 'SBX_MPOLY': 3, 'SPC_MPOLY': 1, 'SBX_NONE': 1, 'SBX_MNUF': 1}"
8,47,SPC,NONE,0.6896280093089828,0.0369654752803292,895718022.4,840810080.2333589,2180530.08,1551948.7623002485,0.7429113583600726,1.7293448824062807e-05,0.0,0.0,GREEDY_HV,"['SPC_MBFLIP', 'TPC_MPOLY', 'TPC_MNUF', 'TPC_MPOLY', 'UC_MPOLY', 'TPC_MPOLY', 'UC_NONE', 'TPC_NONE', 'SPC_NONE', 'SBX_MPOLY', 'SPC_NONE', 'UC_MPOLY', 'TPC_NONE', 'UC_NONE', 'TPC_MPOLY', 'TPC_NONE', 'SPC_MPOLY', 'TPC_NONE', 'TPC_NONE', 'TPC_NONE', 'SBX_NONE', 'SPC_NONE', 'UC_NONE', 'SBX_MPOLY', 'UC_NONE', 'SPC_NONE', 'SBX_MNUF', 'UC_MPOLY', 'TPC_NONE', 'TPC_NONE', 'SPC_NONE', 'UC_NONE', 'TPC_NONE', 'TPC_NONE', 'SPC_NONE', 'SBX_MPOLY', 'SPC_NONE', 'SPC_NONE', 'TPC_NONE', 'SPC_NONE', 'UC_NONE', 'SPC_NONE', 'SPC_NONE', 'UC_NONE', 'SPC_NONE', 'TPC_NONE', 'SPC_NONE', 'SPC_NONE']","{'TPC_MPOLY': 4, 'TPC_MNUF': 1, 'UC_MPOLY': 3, 'UC_NONE': 7, 'TPC_NONE': 12, 'SPC_NONE': 14, 'SBX_MPOLY': 3, 'SPC_MPOLY': 1, 'SBX_NONE': 1, 'SBX_MNUF': 1}"
8,48,SPC,NONE,0.6876816867225546,0.0381555603352811,881688857.6,851079941.6215779,2128376.48,1536666.615369804,0.7429228631979502,1.1504837877596152e-05,0.0,0.0,GREEDY_HV,"['SPC_MBFLIP', 'TPC_MPOLY', 'TPC_MNUF', 'TPC_MPOLY', 'UC_MPOLY', 'TPC_MPOLY', 'UC_NONE', 'TPC_NONE', 'SPC_NONE', 'SBX_MPOLY', 'SPC_NONE', 'UC_MPOLY', 'TPC_NONE', 'UC_NONE', 'TPC_MPOLY', 'TPC_NONE', 'SPC_MPOLY', 'TPC_NONE', 'TPC_NONE', 'TPC_NONE', 'SBX_NONE', 'SPC_NONE', 'UC_NONE', 'SBX_MPOLY', 'UC_NONE', 'SPC_NONE', 'SBX_MNUF', 'UC_MPOLY', 'TPC_NONE', 'TPC_NONE', 'SPC_NONE', 'UC_NONE', 'TPC_NONE', 'TPC_NONE', 'SPC_NONE', 'SBX_MPOLY', 'SPC_NONE', 'SPC_NONE', 'TPC_NONE', 'SPC_NONE', 'UC_NONE', 'SPC_NONE', 'SPC_NONE', 'UC_NONE', 'SPC_NONE', 'TPC_NONE', 'SPC_NONE', 'SPC_NONE', 'SPC_NONE']","{'TPC_MPOLY': 4, 'TPC_MNUF': 1, 'UC_MPOLY': 3, 'UC_NONE': 7, 'TPC_NONE': 12, 'SPC_NONE': 15, 'SBX_MPOLY': 3, 'SPC_MPOLY': 1, 'SBX_NONE': 1, 'SBX_MNUF': 1}"
8,49,SPC,NONE,0.6877612470743347,0.0383464469998471,883853352.96,847931226.8818059,2132966.56,1532462.165530336,0.7429439236185673,2.1060420617113884e-05,0.0,0.0,GREEDY_HV,"['SPC_MBFLIP', 'TPC_MPOLY', 'TPC_MNUF', 'TPC_MPOLY', 'UC_MPOLY', 'TPC_MPOLY', 'UC_NONE', 'TPC_NONE', 'SPC_NONE', 'SBX_MPOLY', 'SPC_NONE', 'UC_MPOLY', 'TPC_NONE', 'UC_NONE', 'TPC_MPOLY', 'TPC_NONE', 'SPC_MPOLY', 'TPC_NONE', 'TPC_NONE', 'TPC_NONE', 'SBX_NONE', 'SPC_NONE', 'UC_NONE', 'SBX_MPOLY', 'UC_NONE', 'SPC_NONE', 'SBX_MNUF', 'UC_MPOLY', 'TPC_NONE', 'TPC_NONE', 'SPC_NONE', 'UC_NONE', 'TPC_NONE', 'TPC_NONE', 'SPC_NONE', 'SBX_MPOLY', 'SPC_NONE', 'SPC_NONE', 'TPC_NONE', 'SPC_NONE', 'UC_NONE', 'SPC_NONE', 'SPC_NONE', 'UC_NONE', 'SPC_NONE', 'TPC_NONE', 'SPC_NONE', 'SPC_NONE', 'SPC_NONE', 'SPC_NONE']","{'TPC_MPOLY': 4, 'TPC_MNUF': 1, 'UC_MPOLY': 3, 'UC_NONE': 7, 'TPC_NONE': 12, 'SPC_NONE': 16, 'SBX_MPOLY': 3, 'SPC_MPOLY': 1, 'SBX_NONE': 1, 'SBX_MNUF': 1}"
8,50,SPC,NONE,0.6874370890885919,0.0387576578314427,891696936.96,853949636.6719111,2140505.76,1545109.0207823983,0.7429461485586222,2.224940054862401e-06,0.0,0.0,GREEDY_HV,"['SPC_MBFLIP', 'TPC_MPOLY', 'TPC_MNUF', 'TPC_MPOLY', 'UC_MPOLY', 'TPC_MPOLY', 'UC_NONE', 'TPC_NONE', 'SPC_NONE', 'SBX_MPOLY', 'SPC_NONE', 'UC_MPOLY', 'TPC_NONE', 'UC_NONE', 'TPC_MPOLY', 'TPC_NONE', 'SPC_MPOLY', 'TPC_NONE', 'TPC_NONE', 'TPC_NONE', 'SBX_NONE', 'SPC_NONE', 'UC_NONE', 'SBX_MPOLY', 'UC_NONE', 'SPC_NONE', 'SBX_MNUF', 'UC_MPOLY', 'TPC_NONE', 'TPC_NONE', 'SPC_NONE', 'UC_NONE', 'TPC_NONE', 'TPC_NONE', 'SPC_NONE', 'SBX_MPOLY', 'SPC_NONE', 'SPC_NONE', 'TPC_NONE', 'SPC_NONE', 'UC_NONE', 'SPC_NONE', 'SPC_NONE', 'UC_NONE', 'SPC_NONE', 'TPC_NONE', 'SPC_NONE', 'SPC_NONE', 'SPC_NONE', 'SPC_NONE', 'SPC_NONE']","{'TPC_MPOLY': 4, 'TPC_MNUF': 1, 'UC_MPOLY': 3, 'UC_NONE': 7, 'TPC_NONE': 12, 'SPC_NONE': 17, 'SBX_MPOLY': 3, 'SPC_MPOLY': 1, 'SBX_NONE': 1, 'SBX_MNUF': 1}"
8,51,UC,NONE,0.6871829316032438,0.0385262104050298,872296166.4,852184458.0293126,2109879.2,1550319.084544443,0.7429338789201347,-1.2269638487438783e-05,0.0,0.0,GREEDY_HV,"['SPC_MBFLIP', 'TPC_MPOLY', 'TPC_MNUF', 'TPC_MPOLY', 'UC_MPOLY', 'TPC_MPOLY', 'UC_NONE', 'TPC_NONE', 'SPC_NONE', 'SBX_MPOLY', 'SPC_NONE', 'UC_MPOLY', 'TPC_NONE', 'UC_NONE', 'TPC_MPOLY', 'TPC_NONE', 'SPC_MPOLY', 'TPC_NONE', 'TPC_NONE', 'TPC_NONE', 'SBX_NONE', 'SPC_NONE', 'UC_NONE', 'SBX_MPOLY', 'UC_NONE', 'SPC_NONE', 'SBX_MNUF', 'UC_MPOLY', 'TPC_NONE', 'TPC_NONE', 'SPC_NONE', 'UC_NONE', 'TPC_NONE', 'TPC_NONE', 'SPC_NONE', 'SBX_MPOLY', 'SPC_NONE', 'SPC_NONE', 'TPC_NONE', 'SPC_NONE', 'UC_NONE', 'SPC_NONE', 'SPC_NONE', 'UC_NONE', 'SPC_NONE', 'TPC_NONE', 'SPC_NONE', 'SPC_NONE', 'SPC_NONE', 'SPC_NONE', 'SPC_NONE', 'UC_NONE']","{'TPC_MPOLY': 4, 'TPC_MNUF': 1, 'UC_MPOLY': 3, 'UC_NONE': 8, 'TPC_NONE': 12, 'SPC_NONE': 17, 'SBX_MPOLY': 3, 'SPC_MPOLY': 1, 'SBX_NONE': 1, 'SBX_MNUF': 1}"
8,52,TPC,NONE,0.6869429026683426,0.0386276876443351,876084940.8,852470566.96668,2108216.48,1566531.8417440003,0.7429924129234451,5.853400331035097e-05,0.0,0.0,GREEDY_HV,"['SPC_MBFLIP', 'TPC_MPOLY', 'TPC_MNUF', 'TPC_MPOLY', 'UC_MPOLY', 'TPC_MPOLY', 'UC_NONE', 'TPC_NONE', 'SPC_NONE', 'SBX_MPOLY', 'SPC_NONE', 'UC_MPOLY', 'TPC_NONE', 'UC_NONE', 'TPC_MPOLY', 'TPC_NONE', 'SPC_MPOLY', 'TPC_NONE', 'TPC_NONE', 'TPC_NONE', 'SBX_NONE', 'SPC_NONE', 'UC_NONE', 'SBX_MPOLY', 'UC_NONE', 'SPC_NONE', 'SBX_MNUF', 'UC_MPOLY', 'TPC_NONE', 'TPC_NONE', 'SPC_NONE', 'UC_NONE', 'TPC_NONE', 'TPC_NONE', 'SPC_NONE', 'SBX_MPOLY', 'SPC_NONE', 'SPC_NONE', 'TPC_NONE', 'SPC_NONE', 'UC_NONE', 'SPC_NONE', 'SPC_NONE', 'UC_NONE', 'SPC_NONE', 'TPC_NONE', 'SPC_NONE', 'SPC_NONE', 'SPC_NONE', 'SPC_NONE', 'SPC_NONE', 'UC_NONE', 'TPC_NONE']","{'TPC_MPOLY': 4, 'TPC_MNUF': 1, 'UC_MPOLY': 3, 'UC_NONE': 8, 'TPC_NONE': 13, 'SPC_NONE': 17, 'SBX_MPOLY': 3, 'SPC_MPOLY': 1, 'SBX_NONE': 1, 'SBX_MNUF': 1}"
8,53,TPC,NONE,0.686971452472502,0.0385244184343987,892519301.12,849749188.4041337,2077002.4,1559263.9697777412,0.7429283757314483,-6.40371919967686e-05,0.01,0.0,GREEDY_HV,"['SPC_MBFLIP', 'TPC_MPOLY', 'TPC_MNUF', 'TPC_MPOLY', 'UC_MPOLY', 'TPC_MPOLY', 'UC_NONE', 'TPC_NONE', 'SPC_NONE', 'SBX_MPOLY', 'SPC_NONE', 'UC_MPOLY', 'TPC_NONE', 'UC_NONE', 'TPC_MPOLY', 'TPC_NONE', 'SPC_MPOLY', 'TPC_NONE', 'TPC_NONE', 'TPC_NONE', 'SBX_NONE', 'SPC_NONE', 'UC_NONE', 'SBX_MPOLY', 'UC_NONE', 'SPC_NONE', 'SBX_MNUF', 'UC_MPOLY', 'TPC_NONE', 'TPC_NONE', 'SPC_NONE', 'UC_NONE', 'TPC_NONE', 'TPC_NONE', 'SPC_NONE', 'SBX_MPOLY', 'SPC_NONE', 'SPC_NONE', 'TPC_NONE', 'SPC_NONE', 'UC_NONE', 'SPC_NONE', 'SPC_NONE', 'UC_NONE', 'SPC_NONE', 'TPC_NONE', 'SPC_NONE', 'SPC_NONE', 'SPC_NONE', 'SPC_NONE', 'SPC_NONE', 'UC_NONE', 'TPC_NONE', 'TPC_NONE']","{'TPC_MPOLY': 4, 'TPC_MNUF': 1, 'UC_MPOLY': 3, 'UC_NONE': 8, 'TPC_NONE': 14, 'SPC_NONE': 17, 'SBX_MPOLY': 3, 'SPC_MPOLY': 1, 'SBX_NONE': 1, 'SBX_MNUF': 1}"
8,54,TPC,NONE,0.688099085644867,0.0384274835297541,911774960.64,845700715.0834931,2141100.96,1550661.3530475434,0.74295349533442,2.511960297169047e-05,0.0,0.0,GREEDY_HV,"['SPC_MBFLIP', 'TPC_MPOLY', 'TPC_MNUF', 'TPC_MPOLY', 'UC_MPOLY', 'TPC_MPOLY', 'UC_NONE', 'TPC_NONE', 'SPC_NONE', 'SBX_MPOLY', 'SPC_NONE', 'UC_MPOLY', 'TPC_NONE', 'UC_NONE', 'TPC_MPOLY', 'TPC_NONE', 'SPC_MPOLY', 'TPC_NONE', 'TPC_NONE', 'TPC_NONE', 'SBX_NONE', 'SPC_NONE', 'UC_NONE', 'SBX_MPOLY', 'UC_NONE', 'SPC_NONE', 'SBX_MNUF', 'UC_MPOLY', 'TPC_NONE', 'TPC_NONE', 'SPC_NONE', 'UC_NONE', 'TPC_NONE', 'TPC_NONE', 'SPC_NONE', 'SBX_MPOLY', 'SPC_NONE', 'SPC_NONE', 'TPC_NONE', 'SPC_NONE', 'UC_NONE', 'SPC_NONE', 'SPC_NONE', 'UC_NONE', 'SPC_NONE', 'TPC_NONE', 'SPC_NONE', 'SPC_NONE', 'SPC_NONE', 'SPC_NONE', 'SPC_NONE', 'UC_NONE', 'TPC_NONE', 'TPC_NONE', 'TPC_NONE']","{'TPC_MPOLY': 4, 'TPC_MNUF': 1, 'UC_MPOLY': 3, 'UC_NONE': 8, 'TPC_NONE': 15, 'SPC_NONE': 17, 'SBX_MPOLY': 3, 'SPC_MPOLY': 1, 'SBX_NONE': 1, 'SBX_MNUF': 1}"
8,55,SPC,NONE,0.6884594640377941,0.0385905943243295,911111316.48,844551537.6408418,2207328.16,1555551.9448439565,0.7429260940557564,-2.740127866363018e-05,0.0,0.0,GREEDY_HV,"['SPC_MBFLIP', 'TPC_MPOLY', 'TPC_MNUF', 'TPC_MPOLY', 'UC_MPOLY', 'TPC_MPOLY', 'UC_NONE', 'TPC_NONE', 'SPC_NONE', 'SBX_MPOLY', 'SPC_NONE', 'UC_MPOLY', 'TPC_NONE', 'UC_NONE', 'TPC_MPOLY', 'TPC_NONE', 'SPC_MPOLY', 'TPC_NONE', 'TPC_NONE', 'TPC_NONE', 'SBX_NONE', 'SPC_NONE', 'UC_NONE', 'SBX_MPOLY', 'UC_NONE', 'SPC_NONE', 'SBX_MNUF', 'UC_MPOLY', 'TPC_NONE', 'TPC_NONE', 'SPC_NONE', 'UC_NONE', 'TPC_NONE', 'TPC_NONE', 'SPC_NONE', 'SBX_MPOLY', 'SPC_NONE', 'SPC_NONE', 'TPC_NONE', 'SPC_NONE', 'UC_NONE', 'SPC_NONE', 'SPC_NONE', 'UC_NONE', 'SPC_NONE', 'TPC_NONE', 'SPC_NONE', 'SPC_NONE', 'SPC_NONE', 'SPC_NONE', 'SPC_NONE', 'UC_NONE', 'TPC_NONE', 'TPC_NONE', 'TPC_NONE', 'SPC_NONE']","{'TPC_MPOLY': 4, 'TPC_MNUF': 1, 'UC_MPOLY': 3, 'UC_NONE': 8, 'TPC_NONE': 15, 'SPC_NONE': 18, 'SBX_MPOLY': 3, 'SPC_MPOLY': 1, 'SBX_NONE': 1, 'SBX_MNUF': 1}"
8,56,TPC,NONE,0.6881675805261167,0.0384465273239357,888627471.36,840223902.7815791,2215901.6,1551440.8724927162,0.7429399725063508,1.3878450594417837e-05,0.0,0.0,GREEDY_HV,"['SPC_MBFLIP', 'TPC_MPOLY', 'TPC_MNUF', 'TPC_MPOLY', 'UC_MPOLY', 'TPC_MPOLY', 'UC_NONE', 'TPC_NONE', 'SPC_NONE', 'SBX_MPOLY', 'SPC_NONE', 'UC_MPOLY', 'TPC_NONE', 'UC_NONE', 'TPC_MPOLY', 'TPC_NONE', 'SPC_MPOLY', 'TPC_NONE', 'TPC_NONE', 'TPC_NONE', 'SBX_NONE', 'SPC_NONE', 'UC_NONE', 'SBX_MPOLY', 'UC_NONE', 'SPC_NONE', 'SBX_MNUF', 'UC_MPOLY', 'TPC_NONE', 'TPC_NONE', 'SPC_NONE', 'UC_NONE', 'TPC_NONE', 'TPC_NONE', 'SPC_NONE', 'SBX_MPOLY', 'SPC_NONE', 'SPC_NONE', 'TPC_NONE', 'SPC_NONE', 'UC_NONE', 'SPC_NONE', 'SPC_NONE', 'UC_NONE', 'SPC_NONE', 'TPC_NONE', 'SPC_NONE', 'SPC_NONE', 'SPC_NONE', 'SPC_NONE', 'SPC_NONE', 'UC_NONE', 'TPC_NONE', 'TPC_NONE', 'TPC_NONE', 'SPC_NONE', 'TPC_NONE']","{'TPC_MPOLY': 4, 'TPC_MNUF': 1, 'UC_MPOLY': 3, 'UC_NONE': 8, 'TPC_NONE': 16, 'SPC_NONE': 18, 'SBX_MPOLY': 3, 'SPC_MPOLY': 1, 'SBX_NONE': 1, 'SBX_MNUF': 1}"
8,57,SPC,NONE,0.6873971621112622,0.0385496339859788,889393213.44,850149843.5207101,2147684.0,1567796.5787656,0.7429118048407894,-2.816766556135164e-05,0.0,0.0,GREEDY_HV,"['SPC_MBFLIP', 'TPC_MPOLY', 'TPC_MNUF', 'TPC_MPOLY', 'UC_MPOLY', 'TPC_MPOLY', 'UC_NONE', 'TPC_NONE', 'SPC_NONE', 'SBX_MPOLY', 'SPC_NONE', 'UC_MPOLY', 'TPC_NONE', 'UC_NONE', 'TPC_MPOLY', 'TPC_NONE', 'SPC_MPOLY', 'TPC_NONE', 'TPC_NONE', 'TPC_NONE', 'SBX_NONE', 'SPC_NONE', 'UC_NONE', 'SBX_MPOLY', 'UC_NONE', 'SPC_NONE', 'SBX_MNUF', 'UC_MPOLY', 'TPC_NONE', 'TPC_NONE', 'SPC_NONE', 'UC_NONE', 'TPC_NONE', 'TPC_NONE', 'SPC_NONE', 'SBX_MPOLY', 'SPC_NONE', 'SPC_NONE', 'TPC_NONE', 'SPC_NONE', 'UC_NONE', 'SPC_NONE', 'SPC_NONE', 'UC_NONE', 'SPC_NONE', 'TPC_NONE', 'SPC_NONE', 'SPC_NONE', 'SPC_NONE', 'SPC_NONE', 'SPC_NONE', 'UC_NONE', 'TPC_NONE', 'TPC_NONE', 'TPC_NONE', 'SPC_NONE', 'TPC_NONE', 'SPC_NONE']","{'TPC_MPOLY': 4, 'TPC_MNUF': 1, 'UC_MPOLY': 3, 'UC_NONE': 8, 'TPC_NONE': 16, 'SPC_NONE': 19, 'SBX_MPOLY': 3, 'SPC_MPOLY': 1, 'SBX_NONE': 1, 'SBX_MNUF': 1}"
8,58,TPC,NONE,0.689125664922646,0.0383905192267625,908200509.44,853499927.16659,2247239.84,1548506.0923730507,0.7429167871423558,4.9823015663141845e-06,0.0,0.0,GREEDY_HV,"['SPC_MBFLIP', 'TPC_MPOLY', 'TPC_MNUF', 'TPC_MPOLY', 'UC_MPOLY', 'TPC_MPOLY', 'UC_NONE', 'TPC_NONE', 'SPC_NONE', 'SBX_MPOLY', 'SPC_NONE', 'UC_MPOLY', 'TPC_NONE', 'UC_NONE', 'TPC_MPOLY', 'TPC_NONE', 'SPC_MPOLY', 'TPC_NONE', 'TPC_NONE', 'TPC_NONE', 'SBX_NONE', 'SPC_NONE', 'UC_NONE', 'SBX_MPOLY', 'UC_NONE', 'SPC_NONE', 'SBX_MNUF', 'UC_MPOLY', 'TPC_NONE', 'TPC_NONE', 'SPC_NONE', 'UC_NONE', 'TPC_NONE', 'TPC_NONE', 'SPC_NONE', 'SBX_MPOLY', 'SPC_NONE', 'SPC_NONE', 'TPC_NONE', 'SPC_NONE', 'UC_NONE', 'SPC_NONE', 'SPC_NONE', 'UC_NONE', 'SPC_NONE', 'TPC_NONE', 'SPC_NONE', 'SPC_NONE', 'SPC_NONE', 'SPC_NONE', 'SPC_NONE', 'UC_NONE', 'TPC_NONE', 'TPC_NONE', 'TPC_NONE', 'SPC_NONE', 'TPC_NONE', 'SPC_NONE', 'TPC_NONE']","{'TPC_MPOLY': 4, 'TPC_MNUF': 1, 'UC_MPOLY': 3, 'UC_NONE': 8, 'TPC_NONE': 17, 'SPC_NONE': 19, 'SBX_MPOLY': 3, 'SPC_MPOLY': 1, 'SBX_NONE': 1, 'SBX_MNUF': 1}"
8,59,TPC,NONE,0.689178276799395,0.0384497999337078,920374973.44,846658169.3126667,2234110.88,1546802.0541700432,0.7429330029469575,1.6215804601760198e-05,0.0,0.0,GREEDY_HV,"['SPC_MBFLIP', 'TPC_MPOLY', 'TPC_MNUF', 'TPC_MPOLY', 'UC_MPOLY', 'TPC_MPOLY', 'UC_NONE', 'TPC_NONE', 'SPC_NONE', 'SBX_MPOLY', 'SPC_NONE', 'UC_MPOLY', 'TPC_NONE', 'UC_NONE', 'TPC_MPOLY', 'TPC_NONE', 'SPC_MPOLY', 'TPC_NONE', 'TPC_NONE', 'TPC_NONE', 'SBX_NONE', 'SPC_NONE', 'UC_NONE', 'SBX_MPOLY', 'UC_NONE', 'SPC_NONE', 'SBX_MNUF', 'UC_MPOLY', 'TPC_NONE', 'TPC_NONE', 'SPC_NONE', 'UC_NONE', 'TPC_NONE', 'TPC_NONE', 'SPC_NONE', 'SBX_MPOLY', 'SPC_NONE', 'SPC_NONE', 'TPC_NONE', 'SPC_NONE', 'UC_NONE', 'SPC_NONE', 'SPC_NONE', 'UC_NONE', 'SPC_NONE', 'TPC_NONE', 'SPC_NONE', 'SPC_NONE', 'SPC_NONE', 'SPC_NONE', 'SPC_NONE', 'UC_NONE', 'TPC_NONE', 'TPC_NONE', 'TPC_NONE', 'SPC_NONE', 'TPC_NONE', 'SPC_NONE', 'TPC_NONE', 'TPC_NONE']","{'TPC_MPOLY': 4, 'TPC_MNUF': 1, 'UC_MPOLY': 3, 'UC_NONE': 8, 'TPC_NONE': 18, 'SPC_NONE': 19, 'SBX_MPOLY': 3, 'SPC_MPOLY': 1, 'SBX_NONE': 1, 'SBX_MNUF': 1}"
8,60,SPC,NONE,0.6891810115427773,0.0380119159501114,908083845.12,842636588.467215,2210776.48,1523307.6582963828,0.7429111901395175,-2.1812807440069196e-05,0.0,0.0,GREEDY_HV,"['SPC_MBFLIP', 'TPC_MPOLY', 'TPC_MNUF', 'TPC_MPOLY', 'UC_MPOLY', 'TPC_MPOLY', 'UC_NONE', 'TPC_NONE', 'SPC_NONE', 'SBX_MPOLY', 'SPC_NONE', 'UC_MPOLY', 'TPC_NONE', 'UC_NONE', 'TPC_MPOLY', 'TPC_NONE', 'SPC_MPOLY', 'TPC_NONE', 'TPC_NONE', 'TPC_NONE', 'SBX_NONE', 'SPC_NONE', 'UC_NONE', 'SBX_MPOLY', 'UC_NONE', 'SPC_NONE', 'SBX_MNUF', 'UC_MPOLY', 'TPC_NONE', 'TPC_NONE', 'SPC_NONE', 'UC_NONE', 'TPC_NONE', 'TPC_NONE', 'SPC_NONE', 'SBX_MPOLY', 'SPC_NONE', 'SPC_NONE', 'TPC_NONE', 'SPC_NONE', 'UC_NONE', 'SPC_NONE', 'SPC_NONE', 'UC_NONE', 'SPC_NONE', 'TPC_NONE', 'SPC_NONE', 'SPC_NONE', 'SPC_NONE', 'SPC_NONE', 'SPC_NONE', 'UC_NONE', 'TPC_NONE', 'TPC_NONE', 'TPC_NONE', 'SPC_NONE', 'TPC_NONE', 'SPC_NONE', 'TPC_NONE', 'TPC_NONE', 'SPC_NONE']","{'TPC_MPOLY': 4, 'TPC_MNUF': 1, 'UC_MPOLY': 3, 'UC_NONE': 8, 'TPC_NONE': 18, 'SPC_NONE': 20, 'SBX_MPOLY': 3, 'SPC_MPOLY': 1, 'SBX_NONE': 1, 'SBX_MNUF': 1}"
8,61,SPC,NONE,0.6883013432571852,0.0383039867816405,909053491.2,852417038.3001622,2173488.8,1535500.0450878008,0.7429420928893076,3.09027497901182e-05,0.0,0.0,GREEDY_HV,"['SPC_MBFLIP', 'TPC_MPOLY', 'TPC_MNUF', 'TPC_MPOLY', 'UC_MPOLY', 'TPC_MPOLY', 'UC_NONE', 'TPC_NONE', 'SPC_NONE', 'SBX_MPOLY', 'SPC_NONE', 'UC_MPOLY', 'TPC_NONE', 'UC_NONE', 'TPC_MPOLY', 'TPC_NONE', 'SPC_MPOLY', 'TPC_NONE', 'TPC_NONE', 'TPC_NONE', 'SBX_NONE', 'SPC_NONE', 'UC_NONE', 'SBX_MPOLY', 'UC_NONE', 'SPC_NONE', 'SBX_MNUF', 'UC_MPOLY', 'TPC_NONE', 'TPC_NONE', 'SPC_NONE', 'UC_NONE', 'TPC_NONE', 'TPC_NONE', 'SPC_NONE', 'SBX_MPOLY', 'SPC_NONE', 'SPC_NONE', 'TPC_NONE', 'SPC_NONE', 'UC_NONE', 'SPC_NONE', 'SPC_NONE', 'UC_NONE', 'SPC_NONE', 'TPC_NONE', 'SPC_NONE', 'SPC_NONE', 'SPC_NONE', 'SPC_NONE', 'SPC_NONE', 'UC_NONE', 'TPC_NONE', 'TPC_NONE', 'TPC_NONE', 'SPC_NONE', 'TPC_NONE', 'SPC_NONE', 'TPC_NONE', 'TPC_NONE', 'SPC_NONE', 'SPC_NONE']","{'TPC_MPOLY': 4, 'TPC_MNUF': 1, 'UC_MPOLY': 3, 'UC_NONE': 8, 'TPC_NONE': 18, 'SPC_NONE': 21, 'SBX_MPOLY': 3, 'SPC_MPOLY': 1, 'SBX_NONE': 1, 'SBX_MNUF': 1}"
8,62,SPC,NONE,0.6883157451710261,0.0380837123021754,893911208.96,853781958.4622115,2185785.76,1536264.2533281385,0.7429005434536448,-4.154943566281322e-05,0.0,0.0,GREEDY_HV,"['SPC_MBFLIP', 'TPC_MPOLY', 'TPC_MNUF', 'TPC_MPOLY', 'UC_MPOLY', 'TPC_MPOLY', 'UC_NONE', 'TPC_NONE', 'SPC_NONE', 'SBX_MPOLY', 'SPC_NONE', 'UC_MPOLY', 'TPC_NONE', 'UC_NONE', 'TPC_MPOLY', 'TPC_NONE', 'SPC_MPOLY', 'TPC_NONE', 'TPC_NONE', 'TPC_NONE', 'SBX_NONE', 'SPC_NONE', 'UC_NONE', 'SBX_MPOLY', 'UC_NONE', 'SPC_NONE', 'SBX_MNUF', 'UC_MPOLY', 'TPC_NONE', 'TPC_NONE', 'SPC_NONE', 'UC_NONE', 'TPC_NONE', 'TPC_NONE', 'SPC_NONE', 'SBX_MPOLY', 'SPC_NONE', 'SPC_NONE', 'TPC_NONE', 'SPC_NONE', 'UC_NONE', 'SPC_NONE', 'SPC_NONE', 'UC_NONE', 'SPC_NONE', 'TPC_NONE', 'SPC_NONE', 'SPC_NONE', 'SPC_NONE', 'SPC_NONE', 'SPC_NONE', 'UC_NONE', 'TPC_NONE', 'TPC_NONE', 'TPC_NONE', 'SPC_NONE', 'TPC_NONE', 'SPC_NONE', 'TPC_NONE', 'TPC_NONE', 'SPC_NONE', 'SPC_NONE', 'SPC_NONE']","{'TPC_MPOLY': 4, 'TPC_MNUF': 1, 'UC_MPOLY': 3, 'UC_NONE': 8, 'TPC_NONE': 18, 'SPC_NONE': 22, 'SBX_MPOLY': 3, 'SPC_MPOLY': 1, 'SBX_NONE': 1, 'SBX_MNUF': 1}"
8,63,UC,NONE,0.6889634909623703,0.0379786069994617,913627432.96,840194344.1300882,2169950.88,1505491.4356452862,0.7429447510644415,4.420761079670932e-05,0.0,0.0,GREEDY_HV,"['SPC_MBFLIP', 'TPC_MPOLY', 'TPC_MNUF', 'TPC_MPOLY', 'UC_MPOLY', 'TPC_MPOLY', 'UC_NONE', 'TPC_NONE', 'SPC_NONE', 'SBX_MPOLY', 'SPC_NONE', 'UC_MPOLY', 'TPC_NONE', 'UC_NONE', 'TPC_MPOLY', 'TPC_NONE', 'SPC_MPOLY', 'TPC_NONE', 'TPC_NONE', 'TPC_NONE', 'SBX_NONE', 'SPC_NONE', 'UC_NONE', 'SBX_MPOLY', 'UC_NONE', 'SPC_NONE', 'SBX_MNUF', 'UC_MPOLY', 'TPC_NONE', 'TPC_NONE', 'SPC_NONE', 'UC_NONE', 'TPC_NONE', 'TPC_NONE', 'SPC_NONE', 'SBX_MPOLY', 'SPC_NONE', 'SPC_NONE', 'TPC_NONE', 'SPC_NONE', 'UC_NONE', 'SPC_NONE', 'SPC_NONE', 'UC_NONE', 'SPC_NONE', 'TPC_NONE', 'SPC_NONE', 'SPC_NONE', 'SPC_NONE', 'SPC_NONE', 'SPC_NONE', 'UC_NONE', 'TPC_NONE', 'TPC_NONE', 'TPC_NONE', 'SPC_NONE', 'TPC_NONE', 'SPC_NONE', 'TPC_NONE', 'TPC_NONE', 'SPC_NONE', 'SPC_NONE', 'SPC_NONE', 'UC_NONE']","{'TPC_MPOLY': 4, 'TPC_MNUF': 1, 'UC_MPOLY': 3, 'UC_NONE': 9, 'TPC_NONE': 18, 'SPC_NONE': 22, 'SBX_MPOLY': 3, 'SPC_MPOLY': 1, 'SBX_NONE': 1, 'SBX_MNUF': 1}"
8,64,SPC,NONE,0.6895107277153355,0.038157134664387,911169781.76,843847472.7636893,2222182.56,1522833.50185575,0.7429321716401229,-1.2579424318537312e-05,0.0,0.0,GREEDY_HV,"['SPC_MBFLIP', 'TPC_MPOLY', 'TPC_MNUF', 'TPC_MPOLY', 'UC_MPOLY', 'TPC_MPOLY', 'UC_NONE', 'TPC_NONE', 'SPC_NONE', 'SBX_MPOLY', 'SPC_NONE', 'UC_MPOLY', 'TPC_NONE', 'UC_NONE', 'TPC_MPOLY', 'TPC_NONE', 'SPC_MPOLY', 'TPC_NONE', 'TPC_NONE', 'TPC_NONE', 'SBX_NONE', 'SPC_NONE', 'UC_NONE', 'SBX_MPOLY', 'UC_NONE', 'SPC_NONE', 'SBX_MNUF', 'UC_MPOLY', 'TPC_NONE', 'TPC_NONE', 'SPC_NONE', 'UC_NONE', 'TPC_NONE', 'TPC_NONE', 'SPC_NONE', 'SBX_MPOLY', 'SPC_NONE', 'SPC_NONE', 'TPC_NONE', 'SPC_NONE', 'UC_NONE', 'SPC_NONE', 'SPC_NONE', 'UC_NONE', 'SPC_NONE', 'TPC_NONE', 'SPC_NONE', 'SPC_NONE', 'SPC_NONE', 'SPC_NONE', 'SPC_NONE', 'UC_NONE', 'TPC_NONE', 'TPC_NONE', 'TPC_NONE', 'SPC_NONE', 'TPC_NONE', 'SPC_NONE', 'TPC_NONE', 'TPC_NONE', 'SPC_NONE', 'SPC_NONE', 'SPC_NONE', 'UC_NONE', 'SPC_NONE']","{'TPC_MPOLY': 4, 'TPC_MNUF': 1, 'UC_MPOLY': 3, 'UC_NONE': 9, 'TPC_NONE': 18, 'SPC_NONE': 23, 'SBX_MPOLY': 3, 'SPC_MPOLY': 1, 'SBX_NONE': 1, 'SBX_MNUF': 1}"
8,65,UC,NONE,0.6896505284468867,0.0379675442781873,880258442.24,844919779.5452487,2223416.48,1525165.381122693,0.7429393631937949,7.191553672014628e-06,0.0,0.0,GREEDY_HV,"['SPC_MBFLIP', 'TPC_MPOLY', 'TPC_MNUF', 'TPC_MPOLY', 'UC_MPOLY', 'TPC_MPOLY', 'UC_NONE', 'TPC_NONE', 'SPC_NONE', 'SBX_MPOLY', 'SPC_NONE', 'UC_MPOLY', 'TPC_NONE', 'UC_NONE', 'TPC_MPOLY', 'TPC_NONE', 'SPC_MPOLY', 'TPC_NONE', 'TPC_NONE', 'TPC_NONE', 'SBX_NONE', 'SPC_NONE', 'UC_NONE', 'SBX_MPOLY', 'UC_NONE', 'SPC_NONE', 'SBX_MNUF', 'UC_MPOLY', 'TPC_NONE', 'TPC_NONE', 'SPC_NONE', 'UC_NONE', 'TPC_NONE', 'TPC_NONE', 'SPC_NONE', 'SBX_MPOLY', 'SPC_NONE', 'SPC_NONE', 'TPC_NONE', 'SPC_NONE', 'UC_NONE', 'SPC_NONE', 'SPC_NONE', 'UC_NONE', 'SPC_NONE', 'TPC_NONE', 'SPC_NONE', 'SPC_NONE', 'SPC_NONE', 'SPC_NONE', 'SPC_NONE', 'UC_NONE', 'TPC_NONE', 'TPC_NONE', 'TPC_NONE', 'SPC_NONE', 'TPC_NONE', 'SPC_NONE', 'TPC_NONE', 'TPC_NONE', 'SPC_NONE', 'SPC_NONE', 'SPC_NONE', 'UC_NONE', 'SPC_NONE', 'UC_NONE']","{'TPC_MPOLY': 4, 'TPC_MNUF': 1, 'UC_MPOLY': 3, 'UC_NONE': 10, 'TPC_NONE': 18, 'SPC_NONE': 23, 'SBX_MPOLY': 3, 'SPC_MPOLY': 1, 'SBX_NONE': 1, 'SBX_MNUF': 1}"
8,66,UC,NONE,0.6901631708492869,0.0383253087740194,906750085.12,831184381.3472537,2255376.8,1532689.1756111283,0.7429550522736939,1.5689079898906222e-05,0.0,0.0,GREEDY_HV,"['SPC_MBFLIP', 'TPC_MPOLY', 'TPC_MNUF', 'TPC_MPOLY', 'UC_MPOLY', 'TPC_MPOLY', 'UC_NONE', 'TPC_NONE', 'SPC_NONE', 'SBX_MPOLY', 'SPC_NONE', 'UC_MPOLY', 'TPC_NONE', 'UC_NONE', 'TPC_MPOLY', 'TPC_NONE', 'SPC_MPOLY', 'TPC_NONE', 'TPC_NONE', 'TPC_NONE', 'SBX_NONE', 'SPC_NONE', 'UC_NONE', 'SBX_MPOLY', 'UC_NONE', 'SPC_NONE', 'SBX_MNUF', 'UC_MPOLY', 'TPC_NONE', 'TPC_NONE', 'SPC_NONE', 'UC_NONE', 'TPC_NONE', 'TPC_NONE', 'SPC_NONE', 'SBX_MPOLY', 'SPC_NONE', 'SPC_NONE', 'TPC_NONE', 'SPC_NONE', 'UC_NONE', 'SPC_NONE', 'SPC_NONE', 'UC_NONE', 'SPC_NONE', 'TPC_NONE', 'SPC_NONE', 'SPC_NONE', 'SPC_NONE', 'SPC_NONE', 'SPC_NONE', 'UC_NONE', 'TPC_NONE', 'TPC_NONE', 'TPC_NONE', 'SPC_NONE', 'TPC_NONE', 'SPC_NONE', 'TPC_NONE', 'TPC_NONE', 'SPC_NONE', 'SPC_NONE', 'SPC_NONE', 'UC_NONE', 'SPC_NONE', 'UC_NONE', 'UC_NONE']","{'TPC_MPOLY': 4, 'TPC_MNUF': 1, 'UC_MPOLY': 3, 'UC_NONE': 11, 'TPC_NONE': 18, 'SPC_NONE': 23, 'SBX_MPOLY': 3, 'SPC_MPOLY': 1, 'SBX_NONE': 1, 'SBX_MNUF': 1}"
8,67,TPC,NONE,0.6883593708996236,0.0381725104764394,883963392.0,833027518.2730768,2127138.72,1530035.427817474,0.7429165458619992,-3.850641169467206e-05,0.0,0.0,GREEDY_HV,"['SPC_MBFLIP', 'TPC_MPOLY', 'TPC_MNUF', 'TPC_MPOLY', 'UC_MPOLY', 'TPC_MPOLY', 'UC_NONE', 'TPC_NONE', 'SPC_NONE', 'SBX_MPOLY', 'SPC_NONE', 'UC_MPOLY', 'TPC_NONE', 'UC_NONE', 'TPC_MPOLY', 'TPC_NONE', 'SPC_MPOLY', 'TPC_NONE', 'TPC_NONE', 'TPC_NONE', 'SBX_NONE', 'SPC_NONE', 'UC_NONE', 'SBX_MPOLY', 'UC_NONE', 'SPC_NONE', 'SBX_MNUF', 'UC_MPOLY', 'TPC_NONE', 'TPC_NONE', 'SPC_NONE', 'UC_NONE', 'TPC_NONE', 'TPC_NONE', 'SPC_NONE', 'SBX_MPOLY', 'SPC_NONE', 'SPC_NONE', 'TPC_NONE', 'SPC_NONE', 'UC_NONE', 'SPC_NONE', 'SPC_NONE', 'UC_NONE', 'SPC_NONE', 'TPC_NONE', 'SPC_NONE', 'SPC_NONE', 'SPC_NONE', 'SPC_NONE', 'SPC_NONE', 'UC_NONE', 'TPC_NONE', 'TPC_NONE', 'TPC_NONE', 'SPC_NONE', 'TPC_NONE', 'SPC_NONE', 'TPC_NONE', 'TPC_NONE', 'SPC_NONE', 'SPC_NONE', 'SPC_NONE', 'UC_NONE', 'SPC_NONE', 'UC_NONE', 'UC_NONE', 'TPC_NONE']","{'TPC_MPOLY': 4, 'TPC_MNUF': 1, 'UC_MPOLY': 3, 'UC_NONE': 11, 'TPC_NONE': 19, 'SPC_NONE': 23, 'SBX_MPOLY': 3, 'SPC_MPOLY': 1, 'SBX_NONE': 1, 'SBX_MNUF': 1}"
8,68,TPC,NONE,0.6892517933352764,0.0377538622955556,894509501.44,841265368.7026325,2185136.8,1526010.6348236504,0.7429552142435946,3.866838159538588e-05,0.0,0.0,GREEDY_HV,"['SPC_MBFLIP', 'TPC_MPOLY', 'TPC_MNUF', 'TPC_MPOLY', 'UC_MPOLY', 'TPC_MPOLY', 'UC_NONE', 'TPC_NONE', 'SPC_NONE', 'SBX_MPOLY', 'SPC_NONE', 'UC_MPOLY', 'TPC_NONE', 'UC_NONE', 'TPC_MPOLY', 'TPC_NONE', 'SPC_MPOLY', 'TPC_NONE', 'TPC_NONE', 'TPC_NONE', 'SBX_NONE', 'SPC_NONE', 'UC_NONE', 'SBX_MPOLY', 'UC_NONE', 'SPC_NONE', 'SBX_MNUF', 'UC_MPOLY', 'TPC_NONE', 'TPC_NONE', 'SPC_NONE', 'UC_NONE', 'TPC_NONE', 'TPC_NONE', 'SPC_NONE', 'SBX_MPOLY', 'SPC_NONE', 'SPC_NONE', 'TPC_NONE', 'SPC_NONE', 'UC_NONE', 'SPC_NONE', 'SPC_NONE', 'UC_NONE', 'SPC_NONE', 'TPC_NONE', 'SPC_NONE', 'SPC_NONE', 'SPC_NONE', 'SPC_NONE', 'SPC_NONE', 'UC_NONE', 'TPC_NONE', 'TPC_NONE', 'TPC_NONE', 'SPC_NONE', 'TPC_NONE', 'SPC_NONE', 'TPC_NONE', 'TPC_NONE', 'SPC_NONE', 'SPC_NONE', 'SPC_NONE', 'UC_NONE', 'SPC_NONE', 'UC_NONE', 'UC_NONE', 'TPC_NONE', 'TPC_NONE']","{'TPC_MPOLY': 4, 'TPC_MNUF': 1, 'UC_MPOLY': 3, 'UC_NONE': 11, 'TPC_NONE': 20, 'SPC_NONE': 23, 'SBX_MPOLY': 3, 'SPC_MPOLY': 1, 'SBX_NONE': 1, 'SBX_MNUF': 1}"
8,69,SPC,NONE,0.6897041835766023,0.0382080539453804,929364249.6,835188759.8896875,2200096.16,1537492.926891039,0.7429241533948213,-3.106084877324555e-05,0.0,0.0,GREEDY_HV,"['SPC_MBFLIP', 'TPC_MPOLY', 'TPC_MNUF', 'TPC_MPOLY', 'UC_MPOLY', 'TPC_MPOLY', 'UC_NONE', 'TPC_NONE', 'SPC_NONE', 'SBX_MPOLY', 'SPC_NONE', 'UC_MPOLY', 'TPC_NONE', 'UC_NONE', 'TPC_MPOLY', 'TPC_NONE', 'SPC_MPOLY', 'TPC_NONE', 'TPC_NONE', 'TPC_NONE', 'SBX_NONE', 'SPC_NONE', 'UC_NONE', 'SBX_MPOLY', 'UC_NONE', 'SPC_NONE', 'SBX_MNUF', 'UC_MPOLY', 'TPC_NONE', 'TPC_NONE', 'SPC_NONE', 'UC_NONE', 'TPC_NONE', 'TPC_NONE', 'SPC_NONE', 'SBX_MPOLY', 'SPC_NONE', 'SPC_NONE', 'TPC_NONE', 'SPC_NONE', 'UC_NONE', 'SPC_NONE', 'SPC_NONE', 'UC_NONE', 'SPC_NONE', 'TPC_NONE', 'SPC_NONE', 'SPC_NONE', 'SPC_NONE', 'SPC_NONE', 'SPC_NONE', 'UC_NONE', 'TPC_NONE', 'TPC_NONE', 'TPC_NONE', 'SPC_NONE', 'TPC_NONE', 'SPC_NONE', 'TPC_NONE', 'TPC_NONE', 'SPC_NONE', 'SPC_NONE', 'SPC_NONE', 'UC_NONE', 'SPC_NONE', 'UC_NONE', 'UC_NONE', 'TPC_NONE', 'TPC_NONE', 'SPC_NONE']","{'TPC_MPOLY': 4, 'TPC_MNUF': 1, 'UC_MPOLY': 3, 'UC_NONE': 11, 'TPC_NONE': 20, 'SPC_NONE': 24, 'SBX_MPOLY': 3, 'SPC_MPOLY': 1, 'SBX_NONE': 1, 'SBX_MNUF': 1}"
8,70,TPC,NONE,0.6903386455700801,0.0378250856963169,954327813.12,835624604.5875809,2185738.4,1497189.4592159006,0.7429278332314464,3.679836625081201e-06,0.0,0.0,GREEDY_HV,"['SPC_MBFLIP', 'TPC_MPOLY', 'TPC_MNUF', 'TPC_MPOLY', 'UC_MPOLY', 'TPC_MPOLY', 'UC_NONE', 'TPC_NONE', 'SPC_NONE', 'SBX_MPOLY', 'SPC_NONE', 'UC_MPOLY', 'TPC_NONE', 'UC_NONE', 'TPC_MPOLY', 'TPC_NONE', 'SPC_MPOLY', 'TPC_NONE', 'TPC_NONE', 'TPC_NONE', 'SBX_NONE', 'SPC_NONE', 'UC_NONE', 'SBX_MPOLY', 'UC_NONE', 'SPC_NONE', 'SBX_MNUF', 'UC_MPOLY', 'TPC_NONE', 'TPC_NONE', 'SPC_NONE', 'UC_NONE', 'TPC_NONE', 'TPC_NONE', 'SPC_NONE', 'SBX_MPOLY', 'SPC_NONE', 'SPC_NONE', 'TPC_NONE', 'SPC_NONE', 'UC_NONE', 'SPC_NONE', 'SPC_NONE', 'UC_NONE', 'SPC_NONE', 'TPC_NONE', 'SPC_NONE', 'SPC_NONE', 'SPC_NONE', 'SPC_NONE', 'SPC_NONE', 'UC_NONE', 'TPC_NONE', 'TPC_NONE', 'TPC_NONE', 'SPC_NONE', 'TPC_NONE', 'SPC_NONE', 'TPC_NONE', 'TPC_NONE', 'SPC_NONE', 'SPC_NONE', 'SPC_NONE', 'UC_NONE', 'SPC_NONE', 'UC_NONE', 'UC_NONE', 'TPC_NONE', 'TPC_NONE', 'SPC_NONE', 'TPC_NONE']","{'TPC_MPOLY': 4, 'TPC_MNUF': 1, 'UC_MPOLY': 3, 'UC_NONE': 11, 'TPC_NONE': 21, 'SPC_NONE': 24, 'SBX_MPOLY': 3, 'SPC_MPOLY': 1, 'SBX_NONE': 1, 'SBX_MNUF': 1}"
8,71,TPC,NONE,0.6889267557160708,0.0377954172413571,919575982.08,849392873.2872261,2126497.44,1525454.646918933,0.7429230983782465,-4.734853199850342e-06,0.0,0.0,GREEDY_HV,"['SPC_MBFLIP', 'TPC_MPOLY', 'TPC_MNUF', 'TPC_MPOLY', 'UC_MPOLY', 'TPC_MPOLY', 'UC_NONE', 'TPC_NONE', 'SPC_NONE', 'SBX_MPOLY', 'SPC_NONE', 'UC_MPOLY', 'TPC_NONE', 'UC_NONE', 'TPC_MPOLY', 'TPC_NONE', 'SPC_MPOLY', 'TPC_NONE', 'TPC_NONE', 'TPC_NONE', 'SBX_NONE', 'SPC_NONE', 'UC_NONE', 'SBX_MPOLY', 'UC_NONE', 'SPC_NONE', 'SBX_MNUF', 'UC_MPOLY', 'TPC_NONE', 'TPC_NONE', 'SPC_NONE', 'UC_NONE', 'TPC_NONE', 'TPC_NONE', 'SPC_NONE', 'SBX_MPOLY', 'SPC_NONE', 'SPC_NONE', 'TPC_NONE', 'SPC_NONE', 'UC_NONE', 'SPC_NONE', 'SPC_NONE', 'UC_NONE', 'SPC_NONE', 'TPC_NONE', 'SPC_NONE', 'SPC_NONE', 'SPC_NONE', 'SPC_NONE', 'SPC_NONE', 'UC_NONE', 'TPC_NONE', 'TPC_NONE', 'TPC_NONE', 'SPC_NONE', 'TPC_NONE', 'SPC_NONE', 'TPC_NONE', 'TPC_NONE', 'SPC_NONE', 'SPC_NONE', 'SPC_NONE', 'UC_NONE', 'SPC_NONE', 'UC_NONE', 'UC_NONE', 'TPC_NONE', 'TPC_NONE', 'SPC_NONE', 'TPC_NONE', 'TPC_NONE']","{'TPC_MPOLY': 4, 'TPC_MNUF': 1, 'UC_MPOLY': 3, 'UC_NONE': 11, 'TPC_NONE': 22, 'SPC_NONE': 24, 'SBX_MPOLY': 3, 'SPC_MPOLY': 1, 'SBX_NONE': 1, 'SBX_MNUF': 1}"
8,72,UC,NONE,0.6884084610938086,0.0381911908068968,904375091.2,846125331.4398239,2130402.72,1545795.0006010376,0.7429166098589413,-6.488519305292151e-06,0.0,0.0,GREEDY_HV,"['SPC_MBFLIP', 'TPC_MPOLY', 'TPC_MNUF', 'TPC_MPOLY', 'UC_MPOLY', 'TPC_MPOLY', 'UC_NONE', 'TPC_NONE', 'SPC_NONE', 'SBX_MPOLY', 'SPC_NONE', 'UC_MPOLY', 'TPC_NONE', 'UC_NONE', 'TPC_MPOLY', 'TPC_NONE', 'SPC_MPOLY', 'TPC_NONE', 'TPC_NONE', 'TPC_NONE', 'SBX_NONE', 'SPC_NONE', 'UC_NONE', 'SBX_MPOLY', 'UC_NONE', 'SPC_NONE', 'SBX_MNUF', 'UC_MPOLY', 'TPC_NONE', 'TPC_NONE', 'SPC_NONE', 'UC_NONE', 'TPC_NONE', 'TPC_NONE', 'SPC_NONE', 'SBX_MPOLY', 'SPC_NONE', 'SPC_NONE', 'TPC_NONE', 'SPC_NONE', 'UC_NONE', 'SPC_NONE', 'SPC_NONE', 'UC_NONE', 'SPC_NONE', 'TPC_NONE', 'SPC_NONE', 'SPC_NONE', 'SPC_NONE', 'SPC_NONE', 'SPC_NONE', 'UC_NONE', 'TPC_NONE', 'TPC_NONE', 'TPC_NONE', 'SPC_NONE', 'TPC_NONE', 'SPC_NONE', 'TPC_NONE', 'TPC_NONE', 'SPC_NONE', 'SPC_NONE', 'SPC_NONE', 'UC_NONE', 'SPC_NONE', 'UC_NONE', 'UC_NONE', 'TPC_NONE', 'TPC_NONE', 'SPC_NONE', 'TPC_NONE', 'TPC_NONE', 'UC_NONE']","{'TPC_MPOLY': 4, 'TPC_MNUF': 1, 'UC_MPOLY': 3, 'UC_NONE': 12, 'TPC_NONE': 22, 'SPC_NONE': 24, 'SBX_MPOLY': 3, 'SPC_MPOLY': 1, 'SBX_NONE': 1, 'SBX_MNUF': 1}"
8,73,UC,NONE,0.6890078996153286,0.0382149925952648,936228392.96,844783825.5472223,2146480.8,1543039.734603047,0.7429600345248693,4.342466592799354e-05,0.0,0.0,GREEDY_HV,"['SPC_MBFLIP', 'TPC_MPOLY', 'TPC_MNUF', 'TPC_MPOLY', 'UC_MPOLY', 'TPC_MPOLY', 'UC_NONE', 'TPC_NONE', 'SPC_NONE', 'SBX_MPOLY', 'SPC_NONE', 'UC_MPOLY', 'TPC_NONE', 'UC_NONE', 'TPC_MPOLY', 'TPC_NONE', 'SPC_MPOLY', 'TPC_NONE', 'TPC_NONE', 'TPC_NONE', 'SBX_NONE', 'SPC_NONE', 'UC_NONE', 'SBX_MPOLY', 'UC_NONE', 'SPC_NONE', 'SBX_MNUF', 'UC_MPOLY', 'TPC_NONE', 'TPC_NONE', 'SPC_NONE', 'UC_NONE', 'TPC_NONE', 'TPC_NONE', 'SPC_NONE', 'SBX_MPOLY', 'SPC_NONE', 'SPC_NONE', 'TPC_NONE', 'SPC_NONE', 'UC_NONE', 'SPC_NONE', 'SPC_NONE', 'UC_NONE', 'SPC_NONE', 'TPC_NONE', 'SPC_NONE', 'SPC_NONE', 'SPC_NONE', 'SPC_NONE', 'SPC_NONE', 'UC_NONE', 'TPC_NONE', 'TPC_NONE', 'TPC_NONE', 'SPC_NONE', 'TPC_NONE', 'SPC_NONE', 'TPC_NONE', 'TPC_NONE', 'SPC_NONE', 'SPC_NONE', 'SPC_NONE', 'UC_NONE', 'SPC_NONE', 'UC_NONE', 'UC_NONE', 'TPC_NONE', 'TPC_NONE', 'SPC_NONE', 'TPC_NONE', 'TPC_NONE', 'UC_NONE', 'UC_NONE']","{'TPC_MPOLY': 4, 'TPC_MNUF': 1, 'UC_MPOLY': 3, 'UC_NONE': 13, 'TPC_NONE': 22, 'SPC_NONE': 24, 'SBX_MPOLY': 3, 'SPC_MPOLY': 1, 'SBX_NONE': 1, 'SBX_MNUF': 1}"
8,74,SPC,NONE,0.6906011518190831,0.0383724242216137,967966648.32,846436498.843806,2270799.52,1528045.466609135,0.7429642650951476,4.230570278318524e-06,0.0,0.0,GREEDY_HV,"['SPC_MBFLIP', 'TPC_MPOLY', 'TPC_MNUF', 'TPC_MPOLY', 'UC_MPOLY', 'TPC_MPOLY', 'UC_NONE', 'TPC_NONE', 'SPC_NONE', 'SBX_MPOLY', 'SPC_NONE', 'UC_MPOLY', 'TPC_NONE', 'UC_NONE', 'TPC_MPOLY', 'TPC_NONE', 'SPC_MPOLY', 'TPC_NONE', 'TPC_NONE', 'TPC_NONE', 'SBX_NONE', 'SPC_NONE', 'UC_NONE', 'SBX_MPOLY', 'UC_NONE', 'SPC_NONE', 'SBX_MNUF', 'UC_MPOLY', 'TPC_NONE', 'TPC_NONE', 'SPC_NONE', 'UC_NONE', 'TPC_NONE', 'TPC_NONE', 'SPC_NONE', 'SBX_MPOLY', 'SPC_NONE', 'SPC_NONE', 'TPC_NONE', 'SPC_NONE', 'UC_NONE', 'SPC_NONE', 'SPC_NONE', 'UC_NONE', 'SPC_NONE', 'TPC_NONE', 'SPC_NONE', 'SPC_NONE', 'SPC_NONE', 'SPC_NONE', 'SPC_NONE', 'UC_NONE', 'TPC_NONE', 'TPC_NONE', 'TPC_NONE', 'SPC_NONE', 'TPC_NONE', 'SPC_NONE', 'TPC_NONE', 'TPC_NONE', 'SPC_NONE', 'SPC_NONE', 'SPC_NONE', 'UC_NONE', 'SPC_NONE', 'UC_NONE', 'UC_NONE', 'TPC_NONE', 'TPC_NONE', 'SPC_NONE', 'TPC_NONE', 'TPC_NONE', 'UC_NONE', 'UC_NONE', 'SPC_NONE']","{'TPC_MPOLY': 4, 'TPC_MNUF': 1, 'UC_MPOLY': 3, 'UC_NONE': 13, 'TPC_NONE': 22, 'SPC_NONE': 25, 'SBX_MPOLY': 3, 'SPC_MPOLY': 1, 'SBX_NONE': 1, 'SBX_MNUF': 1}"
8,75,UC,NONE,0.6892977696057443,0.038220097287297,935248455.68,844136784.6900759,2177057.44,1516983.7120791532,0.742969793864116,5.52876896842136e-06,0.0,0.0,GREEDY_HV,"['SPC_MBFLIP', 'TPC_MPOLY', 'TPC_MNUF', 'TPC_MPOLY', 'UC_MPOLY', 'TPC_MPOLY', 'UC_NONE', 'TPC_NONE', 'SPC_NONE', 'SBX_MPOLY', 'SPC_NONE', 'UC_MPOLY', 'TPC_NONE', 'UC_NONE', 'TPC_MPOLY', 'TPC_NONE', 'SPC_MPOLY', 'TPC_NONE', 'TPC_NONE', 'TPC_NONE', 'SBX_NONE', 'SPC_NONE', 'UC_NONE', 'SBX_MPOLY', 'UC_NONE', 'SPC_NONE', 'SBX_MNUF', 'UC_MPOLY', 'TPC_NONE', 'TPC_NONE', 'SPC_NONE', 'UC_NONE', 'TPC_NONE', 'TPC_NONE', 'SPC_NONE', 'SBX_MPOLY', 'SPC_NONE', 'SPC_NONE', 'TPC_NONE', 'SPC_NONE', 'UC_NONE', 'SPC_NONE', 'SPC_NONE', 'UC_NONE', 'SPC_NONE', 'TPC_NONE', 'SPC_NONE', 'SPC_NONE', 'SPC_NONE', 'SPC_NONE', 'SPC_NONE', 'UC_NONE', 'TPC_NONE', 'TPC_NONE', 'TPC_NONE', 'SPC_NONE', 'TPC_NONE', 'SPC_NONE', 'TPC_NONE', 'TPC_NONE', 'SPC_NONE', 'SPC_NONE', 'SPC_NONE', 'UC_NONE', 'SPC_NONE', 'UC_NONE', 'UC_NONE', 'TPC_NONE', 'TPC_NONE', 'SPC_NONE', 'TPC_NONE', 'TPC_NONE', 'UC_NONE', 'UC_NONE', 'SPC_NONE', 'UC_NONE']","{'TPC_MPOLY': 4, 'TPC_MNUF': 1, 'UC_MPOLY': 3, 'UC_NONE': 14, 'TPC_NONE': 22, 'SPC_NONE': 25, 'SBX_MPOLY': 3, 'SPC_MPOLY': 1, 'SBX_NONE': 1, 'SBX_MNUF': 1}"
8,76,TPC,NONE,0.6881325376962508,0.0380882248926549,904917365.76,850553388.1924325,2070272.16,1542472.5170490055,0.7429699988435416,2.0497942565533838e-07,0.0,0.0,GREEDY_HV,"['SPC_MBFLIP', 'TPC_MPOLY', 'TPC_MNUF', 'TPC_MPOLY', 'UC_MPOLY', 'TPC_MPOLY', 'UC_NONE', 'TPC_NONE', 'SPC_NONE', 'SBX_MPOLY', 'SPC_NONE', 'UC_MPOLY', 'TPC_NONE', 'UC_NONE', 'TPC_MPOLY', 'TPC_NONE', 'SPC_MPOLY', 'TPC_NONE', 'TPC_NONE', 'TPC_NONE', 'SBX_NONE', 'SPC_NONE', 'UC_NONE', 'SBX_MPOLY', 'UC_NONE', 'SPC_NONE', 'SBX_MNUF', 'UC_MPOLY', 'TPC_NONE', 'TPC_NONE', 'SPC_NONE', 'UC_NONE', 'TPC_NONE', 'TPC_NONE', 'SPC_NONE', 'SBX_MPOLY', 'SPC_NONE', 'SPC_NONE', 'TPC_NONE', 'SPC_NONE', 'UC_NONE', 'SPC_NONE', 'SPC_NONE', 'UC_NONE', 'SPC_NONE', 'TPC_NONE', 'SPC_NONE', 'SPC_NONE', 'SPC_NONE', 'SPC_NONE', 'SPC_NONE', 'UC_NONE', 'TPC_NONE', 'TPC_NONE', 'TPC_NONE', 'SPC_NONE', 'TPC_NONE', 'SPC_NONE', 'TPC_NONE', 'TPC_NONE', 'SPC_NONE', 'SPC_NONE', 'SPC_NONE', 'UC_NONE', 'SPC_NONE', 'UC_NONE', 'UC_NONE', 'TPC_NONE', 'TPC_NONE', 'SPC_NONE', 'TPC_NONE', 'TPC_NONE', 'UC_NONE', 'UC_NONE', 'SPC_NONE', 'UC_NONE', 'TPC_NONE']","{'TPC_MPOLY': 4, 'TPC_MNUF': 1, 'UC_MPOLY': 3, 'UC_NONE': 14, 'TPC_NONE': 23, 'SPC_NONE': 25, 'SBX_MPOLY': 3, 'SPC_MPOLY': 1, 'SBX_NONE': 1, 'SBX_MNUF': 1}"
8,77,TPC,NONE,0.6884744853218661,0.0380349964701693,896881259.52,844884935.6268858,2120085.92,1538907.6770716016,0.7429725281814636,2.5293379219970547e-06,0.0,0.0,GREEDY_HV,"['SPC_MBFLIP', 'TPC_MPOLY', 'TPC_MNUF', 'TPC_MPOLY', 'UC_MPOLY', 'TPC_MPOLY', 'UC_NONE', 'TPC_NONE', 'SPC_NONE', 'SBX_MPOLY', 'SPC_NONE', 'UC_MPOLY', 'TPC_NONE', 'UC_NONE', 'TPC_MPOLY', 'TPC_NONE', 'SPC_MPOLY', 'TPC_NONE', 'TPC_NONE', 'TPC_NONE', 'SBX_NONE', 'SPC_NONE', 'UC_NONE', 'SBX_MPOLY', 'UC_NONE', 'SPC_NONE', 'SBX_MNUF', 'UC_MPOLY', 'TPC_NONE', 'TPC_NONE', 'SPC_NONE', 'UC_NONE', 'TPC_NONE', 'TPC_NONE', 'SPC_NONE', 'SBX_MPOLY', 'SPC_NONE', 'SPC_NONE', 'TPC_NONE', 'SPC_NONE', 'UC_NONE', 'SPC_NONE', 'SPC_NONE', 'UC_NONE', 'SPC_NONE', 'TPC_NONE', 'SPC_NONE', 'SPC_NONE', 'SPC_NONE', 'SPC_NONE', 'SPC_NONE', 'UC_NONE', 'TPC_NONE', 'TPC_NONE', 'TPC_NONE', 'SPC_NONE', 'TPC_NONE', 'SPC_NONE', 'TPC_NONE', 'TPC_NONE', 'SPC_NONE', 'SPC_NONE', 'SPC_NONE', 'UC_NONE', 'SPC_NONE', 'UC_NONE', 'UC_NONE', 'TPC_NONE', 'TPC_NONE', 'SPC_NONE', 'TPC_NONE', 'TPC_NONE', 'UC_NONE', 'UC_NONE', 'SPC_NONE', 'UC_NONE', 'TPC_NONE', 'TPC_NONE']","{'TPC_MPOLY': 4, 'TPC_MNUF': 1, 'UC_MPOLY': 3, 'UC_NONE': 14, 'TPC_NONE': 24, 'SPC_NONE': 25, 'SBX_MPOLY': 3, 'SPC_MPOLY': 1, 'SBX_NONE': 1, 'SBX_MNUF': 1}"
8,78,TPC,NONE,0.6886857031052361,0.038034628199142,913190169.6,850283740.8953851,2117035.68,1518083.5492243166,0.7429937361081256,2.1207926661936934e-05,0.0,0.0,GREEDY_HV,"['SPC_MBFLIP', 'TPC_MPOLY', 'TPC_MNUF', 'TPC_MPOLY', 'UC_MPOLY', 'TPC_MPOLY', 'UC_NONE', 'TPC_NONE', 'SPC_NONE', 'SBX_MPOLY', 'SPC_NONE', 'UC_MPOLY', 'TPC_NONE', 'UC_NONE', 'TPC_MPOLY', 'TPC_NONE', 'SPC_MPOLY', 'TPC_NONE', 'TPC_NONE', 'TPC_NONE', 'SBX_NONE', 'SPC_NONE', 'UC_NONE', 'SBX_MPOLY', 'UC_NONE', 'SPC_NONE', 'SBX_MNUF', 'UC_MPOLY', 'TPC_NONE', 'TPC_NONE', 'SPC_NONE', 'UC_NONE', 'TPC_NONE', 'TPC_NONE', 'SPC_NONE', 'SBX_MPOLY', 'SPC_NONE', 'SPC_NONE', 'TPC_NONE', 'SPC_NONE', 'UC_NONE', 'SPC_NONE', 'SPC_NONE', 'UC_NONE', 'SPC_NONE', 'TPC_NONE', 'SPC_NONE', 'SPC_NONE', 'SPC_NONE', 'SPC_NONE', 'SPC_NONE', 'UC_NONE', 'TPC_NONE', 'TPC_NONE', 'TPC_NONE', 'SPC_NONE', 'TPC_NONE', 'SPC_NONE', 'TPC_NONE', 'TPC_NONE', 'SPC_NONE', 'SPC_NONE', 'SPC_NONE', 'UC_NONE', 'SPC_NONE', 'UC_NONE', 'UC_NONE', 'TPC_NONE', 'TPC_NONE', 'SPC_NONE', 'TPC_NONE', 'TPC_NONE', 'UC_NONE', 'UC_NONE', 'SPC_NONE', 'UC_NONE', 'TPC_NONE', 'TPC_NONE', 'TPC_NONE']","{'TPC_MPOLY': 4, 'TPC_MNUF': 1, 'UC_MPOLY': 3, 'UC_NONE': 14, 'TPC_NONE': 25, 'SPC_NONE': 25, 'SBX_MPOLY': 3, 'SPC_MPOLY': 1, 'SBX_NONE': 1, 'SBX_MNUF': 1}"
8,79,UC,NONE,0.6883460417770112,0.0381750790772999,932266777.6,847033098.1148269,2071772.32,1537802.0699595048,0.7429818476750318,-1.188843309374299e-05,0.0,0.0,GREEDY_HV,"['SPC_MBFLIP', 'TPC_MPOLY', 'TPC_MNUF', 'TPC_MPOLY', 'UC_MPOLY', 'TPC_MPOLY', 'UC_NONE', 'TPC_NONE', 'SPC_NONE', 'SBX_MPOLY', 'SPC_NONE', 'UC_MPOLY', 'TPC_NONE', 'UC_NONE', 'TPC_MPOLY', 'TPC_NONE', 'SPC_MPOLY', 'TPC_NONE', 'TPC_NONE', 'TPC_NONE', 'SBX_NONE', 'SPC_NONE', 'UC_NONE', 'SBX_MPOLY', 'UC_NONE', 'SPC_NONE', 'SBX_MNUF', 'UC_MPOLY', 'TPC_NONE', 'TPC_NONE', 'SPC_NONE', 'UC_NONE', 'TPC_NONE', 'TPC_NONE', 'SPC_NONE', 'SBX_MPOLY', 'SPC_NONE', 'SPC_NONE', 'TPC_NONE', 'SPC_NONE', 'UC_NONE', 'SPC_NONE', 'SPC_NONE', 'UC_NONE', 'SPC_NONE', 'TPC_NONE', 'SPC_NONE', 'SPC_NONE', 'SPC_NONE', 'SPC_NONE', 'SPC_NONE', 'UC_NONE', 'TPC_NONE', 'TPC_NONE', 'TPC_NONE', 'SPC_NONE', 'TPC_NONE', 'SPC_NONE', 'TPC_NONE', 'TPC_NONE', 'SPC_NONE', 'SPC_NONE', 'SPC_NONE', 'UC_NONE', 'SPC_NONE', 'UC_NONE', 'UC_NONE', 'TPC_NONE', 'TPC_NONE', 'SPC_NONE', 'TPC_NONE', 'TPC_NONE', 'UC_NONE', 'UC_NONE', 'SPC_NONE', 'UC_NONE', 'TPC_NONE', 'TPC_NONE', 'TPC_NONE', 'UC_NONE']","{'TPC_MPOLY': 4, 'TPC_MNUF': 1, 'UC_MPOLY': 3, 'UC_NONE': 15, 'TPC_NONE': 25, 'SPC_NONE': 25, 'SBX_MPOLY': 3, 'SPC_MPOLY': 1, 'SBX_NONE': 1, 'SBX_MNUF': 1}"
8,80,TPC,NONE,0.6885612096900857,0.0382672981636554,905202836.48,839730721.4118639,2137610.4,1532338.8700402274,0.7430074847218031,2.563704677127632e-05,0.01,0.0,GREEDY_HV,"['SPC_MBFLIP', 'TPC_MPOLY', 'TPC_MNUF', 'TPC_MPOLY', 'UC_MPOLY', 'TPC_MPOLY', 'UC_NONE', 'TPC_NONE', 'SPC_NONE', 'SBX_MPOLY', 'SPC_NONE', 'UC_MPOLY', 'TPC_NONE', 'UC_NONE', 'TPC_MPOLY', 'TPC_NONE', 'SPC_MPOLY', 'TPC_NONE', 'TPC_NONE', 'TPC_NONE', 'SBX_NONE', 'SPC_NONE', 'UC_NONE', 'SBX_MPOLY', 'UC_NONE', 'SPC_NONE', 'SBX_MNUF', 'UC_MPOLY', 'TPC_NONE', 'TPC_NONE', 'SPC_NONE', 'UC_NONE', 'TPC_NONE', 'TPC_NONE', 'SPC_NONE', 'SBX_MPOLY', 'SPC_NONE', 'SPC_NONE', 'TPC_NONE', 'SPC_NONE', 'UC_NONE', 'SPC_NONE', 'SPC_NONE', 'UC_NONE', 'SPC_NONE', 'TPC_NONE', 'SPC_NONE', 'SPC_NONE', 'SPC_NONE', 'SPC_NONE', 'SPC_NONE', 'UC_NONE', 'TPC_NONE', 'TPC_NONE', 'TPC_NONE', 'SPC_NONE', 'TPC_NONE', 'SPC_NONE', 'TPC_NONE', 'TPC_NONE', 'SPC_NONE', 'SPC_NONE', 'SPC_NONE', 'UC_NONE', 'SPC_NONE', 'UC_NONE', 'UC_NONE', 'TPC_NONE', 'TPC_NONE', 'SPC_NONE', 'TPC_NONE', 'TPC_NONE', 'UC_NONE', 'UC_NONE', 'SPC_NONE', 'UC_NONE', 'TPC_NONE', 'TPC_NONE', 'TPC_NONE', 'UC_NONE', 'TPC_NONE']","{'TPC_MPOLY': 4, 'TPC_MNUF': 1, 'UC_MPOLY': 3, 'UC_NONE': 15, 'TPC_NONE': 26, 'SPC_NONE': 25, 'SBX_MPOLY': 3, 'SPC_MPOLY': 1, 'SBX_NONE': 1, 'SBX_MNUF': 1}"
8,81,SPC,NONE,0.687841478649708,0.0380698386545924,909340093.44,848930132.0111718,2076217.76,1525890.509538277,0.7430100353052183,2.5505834151395845e-06,0.0,0.0,GREEDY_HV,"['SPC_MBFLIP', 'TPC_MPOLY', 'TPC_MNUF', 'TPC_MPOLY', 'UC_MPOLY', 'TPC_MPOLY', 'UC_NONE', 'TPC_NONE', 'SPC_NONE', 'SBX_MPOLY', 'SPC_NONE', 'UC_MPOLY', 'TPC_NONE', 'UC_NONE', 'TPC_MPOLY', 'TPC_NONE', 'SPC_MPOLY', 'TPC_NONE', 'TPC_NONE', 'TPC_NONE', 'SBX_NONE', 'SPC_NONE', 'UC_NONE', 'SBX_MPOLY', 'UC_NONE', 'SPC_NONE', 'SBX_MNUF', 'UC_MPOLY', 'TPC_NONE', 'TPC_NONE', 'SPC_NONE', 'UC_NONE', 'TPC_NONE', 'TPC_NONE', 'SPC_NONE', 'SBX_MPOLY', 'SPC_NONE', 'SPC_NONE', 'TPC_NONE', 'SPC_NONE', 'UC_NONE', 'SPC_NONE', 'SPC_NONE', 'UC_NONE', 'SPC_NONE', 'TPC_NONE', 'SPC_NONE', 'SPC_NONE', 'SPC_NONE', 'SPC_NONE', 'SPC_NONE', 'UC_NONE', 'TPC_NONE', 'TPC_NONE', 'TPC_NONE', 'SPC_NONE', 'TPC_NONE', 'SPC_NONE', 'TPC_NONE', 'TPC_NONE', 'SPC_NONE', 'SPC_NONE', 'SPC_NONE', 'UC_NONE', 'SPC_NONE', 'UC_NONE', 'UC_NONE', 'TPC_NONE', 'TPC_NONE', 'SPC_NONE', 'TPC_NONE', 'TPC_NONE', 'UC_NONE', 'UC_NONE', 'SPC_NONE', 'UC_NONE', 'TPC_NONE', 'TPC_NONE', 'TPC_NONE', 'UC_NONE', 'TPC_NONE', 'SPC_NONE']","{'TPC_MPOLY': 4, 'TPC_MNUF': 1, 'UC_MPOLY': 3, 'UC_NONE': 15, 'TPC_NONE': 26, 'SPC_NONE': 26, 'SBX_MPOLY': 3, 'SPC_MPOLY': 1, 'SBX_NONE': 1, 'SBX_MNUF': 1}"
8,82,SPC,NONE,0.6890580034447064,0.037857888021701,920877168.64,848367129.8642373,2117033.12,1515089.1265248875,0.7429693327019565,-4.0702603261721926e-05,0.0,0.0,GREEDY_HV,"['SPC_MBFLIP', 'TPC_MPOLY', 'TPC_MNUF', 'TPC_MPOLY', 'UC_MPOLY', 'TPC_MPOLY', 'UC_NONE', 'TPC_NONE', 'SPC_NONE', 'SBX_MPOLY', 'SPC_NONE', 'UC_MPOLY', 'TPC_NONE', 'UC_NONE', 'TPC_MPOLY', 'TPC_NONE', 'SPC_MPOLY', 'TPC_NONE', 'TPC_NONE', 'TPC_NONE', 'SBX_NONE', 'SPC_NONE', 'UC_NONE', 'SBX_MPOLY', 'UC_NONE', 'SPC_NONE', 'SBX_MNUF', 'UC_MPOLY', 'TPC_NONE', 'TPC_NONE', 'SPC_NONE', 'UC_NONE', 'TPC_NONE', 'TPC_NONE', 'SPC_NONE', 'SBX_MPOLY', 'SPC_NONE', 'SPC_NONE', 'TPC_NONE', 'SPC_NONE', 'UC_NONE', 'SPC_NONE', 'SPC_NONE', 'UC_NONE', 'SPC_NONE', 'TPC_NONE', 'SPC_NONE', 'SPC_NONE', 'SPC_NONE', 'SPC_NONE', 'SPC_NONE', 'UC_NONE', 'TPC_NONE', 'TPC_NONE', 'TPC_NONE', 'SPC_NONE', 'TPC_NONE', 'SPC_NONE', 'TPC_NONE', 'TPC_NONE', 'SPC_NONE', 'SPC_NONE', 'SPC_NONE', 'UC_NONE', 'SPC_NONE', 'UC_NONE', 'UC_NONE', 'TPC_NONE', 'TPC_NONE', 'SPC_NONE', 'TPC_NONE', 'TPC_NONE', 'UC_NONE', 'UC_NONE', 'SPC_NONE', 'UC_NONE', 'TPC_NONE', 'TPC_NONE', 'TPC_NONE', 'UC_NONE', 'TPC_NONE', 'SPC_NONE', 'SPC_NONE']","{'TPC_MPOLY': 4, 'TPC_MNUF': 1, 'UC_MPOLY': 3, 'UC_NONE': 15, 'TPC_NONE': 26, 'SPC_NONE': 27, 'SBX_MPOLY': 3, 'SPC_MPOLY': 1, 'SBX_NONE': 1, 'SBX_MNUF': 1}"
8,83,SPC,MPOLY,0.6870781562160126,0.0385003952682838,855146421.76,819429548.782506,2031457.44,1498246.7389284072,0.7429724810202654,3.14831830883211e-06,0.0,0.005,GREEDY_HV,"['SPC_MBFLIP', 'TPC_MPOLY', 'TPC_MNUF', 'TPC_MPOLY', 'UC_MPOLY', 'TPC_MPOLY', 'UC_NONE', 'TPC_NONE', 'SPC_NONE', 'SBX_MPOLY', 'SPC_NONE', 'UC_MPOLY', 'TPC_NONE', 'UC_NONE', 'TPC_MPOLY', 'TPC_NONE', 'SPC_MPOLY', 'TPC_NONE', 'TPC_NONE', 'TPC_NONE', 'SBX_NONE', 'SPC_NONE', 'UC_NONE', 'SBX_MPOLY', 'UC_NONE', 'SPC_NONE', 'SBX_MNUF', 'UC_MPOLY', 'TPC_NONE', 'TPC_NONE', 'SPC_NONE', 'UC_NONE', 'TPC_NONE', 'TPC_NONE', 'SPC_NONE', 'SBX_MPOLY', 'SPC_NONE', 'SPC_NONE', 'TPC_NONE', 'SPC_NONE', 'UC_NONE', 'SPC_NONE', 'SPC_NONE', 'UC_NONE', 'SPC_NONE', 'TPC_NONE', 'SPC_NONE', 'SPC_NONE', 'SPC_NONE', 'SPC_NONE', 'SPC_NONE', 'UC_NONE', 'TPC_NONE', 'TPC_NONE', 'TPC_NONE', 'SPC_NONE', 'TPC_NONE', 'SPC_NONE', 'TPC_NONE', 'TPC_NONE', 'SPC_NONE', 'SPC_NONE', 'SPC_NONE', 'UC_NONE', 'SPC_NONE', 'UC_NONE', 'UC_NONE', 'TPC_NONE', 'TPC_NONE', 'SPC_NONE', 'TPC_NONE', 'TPC_NONE', 'UC_NONE', 'UC_NONE', 'SPC_NONE', 'UC_NONE', 'TPC_NONE', 'TPC_NONE', 'TPC_NONE', 'UC_NONE', 'TPC_NONE', 'SPC_NONE', 'SPC_NONE', 'SPC_MPOLY']","{'TPC_MPOLY': 4, 'TPC_MNUF': 1, 'UC_MPOLY': 3, 'UC_NONE': 15, 'TPC_NONE': 26, 'SPC_NONE': 27, 'SBX_MPOLY': 3, 'SPC_MPOLY': 2, 'SBX_NONE': 1, 'SBX_MNUF': 1}"
8,84,TPC,NONE,0.6880704237351571,0.0394170724341189,895493821.44,832296872.47352,2140053.92,1529612.4130463358,0.7430131923111558,4.071129089044945e-05,0.01,0.0,GREEDY_HV,"['SPC_MBFLIP', 'TPC_MPOLY', 'TPC_MNUF', 'TPC_MPOLY', 'UC_MPOLY', 'TPC_MPOLY', 'UC_NONE', 'TPC_NONE', 'SPC_NONE', 'SBX_MPOLY', 'SPC_NONE', 'UC_MPOLY', 'TPC_NONE', 'UC_NONE', 'TPC_MPOLY', 'TPC_NONE', 'SPC_MPOLY', 'TPC_NONE', 'TPC_NONE', 'TPC_NONE', 'SBX_NONE', 'SPC_NONE', 'UC_NONE', 'SBX_MPOLY', 'UC_NONE', 'SPC_NONE', 'SBX_MNUF', 'UC_MPOLY', 'TPC_NONE', 'TPC_NONE', 'SPC_NONE', 'UC_NONE', 'TPC_NONE', 'TPC_NONE', 'SPC_NONE', 'SBX_MPOLY', 'SPC_NONE', 'SPC_NONE', 'TPC_NONE', 'SPC_NONE', 'UC_NONE', 'SPC_NONE', 'SPC_NONE', 'UC_NONE', 'SPC_NONE', 'TPC_NONE', 'SPC_NONE', 'SPC_NONE', 'SPC_NONE', 'SPC_NONE', 'SPC_NONE', 'UC_NONE', 'TPC_NONE', 'TPC_NONE', 'TPC_NONE', 'SPC_NONE', 'TPC_NONE', 'SPC_NONE', 'TPC_NONE', 'TPC_NONE', 'SPC_NONE', 'SPC_NONE', 'SPC_NONE', 'UC_NONE', 'SPC_NONE', 'UC_NONE', 'UC_NONE', 'TPC_NONE', 'TPC_NONE', 'SPC_NONE', 'TPC_NONE', 'TPC_NONE', 'UC_NONE', 'UC_NONE', 'SPC_NONE', 'UC_NONE', 'TPC_NONE', 'TPC_NONE', 'TPC_NONE', 'UC_NONE', 'TPC_NONE', 'SPC_NONE', 'SPC_NONE', 'SPC_MPOLY', 'TPC_NONE']","{'TPC_MPOLY': 4, 'TPC_MNUF': 1, 'UC_MPOLY': 3, 'UC_NONE': 15, 'TPC_NONE': 27, 'SPC_NONE': 27, 'SBX_MPOLY': 3, 'SPC_MPOLY': 2, 'SBX_NONE': 1, 'SBX_MNUF': 1}"
8,85,UC,NONE,0.6854457952549577,0.039322216689057,867135523.84,844820882.1376684,1966685.6,1541357.0824549126,0.7429601021080124,-5.309020314336888e-05,0.0,0.0,GREEDY_HV,"['SPC_MBFLIP', 'TPC_MPOLY', 'TPC_MNUF', 'TPC_MPOLY', 'UC_MPOLY', 'TPC_MPOLY', 'UC_NONE', 'TPC_NONE', 'SPC_NONE', 'SBX_MPOLY', 'SPC_NONE', 'UC_MPOLY', 'TPC_NONE', 'UC_NONE', 'TPC_MPOLY', 'TPC_NONE', 'SPC_MPOLY', 'TPC_NONE', 'TPC_NONE', 'TPC_NONE', 'SBX_NONE', 'SPC_NONE', 'UC_NONE', 'SBX_MPOLY', 'UC_NONE', 'SPC_NONE', 'SBX_MNUF', 'UC_MPOLY', 'TPC_NONE', 'TPC_NONE', 'SPC_NONE', 'UC_NONE', 'TPC_NONE', 'TPC_NONE', 'SPC_NONE', 'SBX_MPOLY', 'SPC_NONE', 'SPC_NONE', 'TPC_NONE', 'SPC_NONE', 'UC_NONE', 'SPC_NONE', 'SPC_NONE', 'UC_NONE', 'SPC_NONE', 'TPC_NONE', 'SPC_NONE', 'SPC_NONE', 'SPC_NONE', 'SPC_NONE', 'SPC_NONE', 'UC_NONE', 'TPC_NONE', 'TPC_NONE', 'TPC_NONE', 'SPC_NONE', 'TPC_NONE', 'SPC_NONE', 'TPC_NONE', 'TPC_NONE', 'SPC_NONE', 'SPC_NONE', 'SPC_NONE', 'UC_NONE', 'SPC_NONE', 'UC_NONE', 'UC_NONE', 'TPC_NONE', 'TPC_NONE', 'SPC_NONE', 'TPC_NONE', 'TPC_NONE', 'UC_NONE', 'UC_NONE', 'SPC_NONE', 'UC_NONE', 'TPC_NONE', 'TPC_NONE', 'TPC_NONE', 'UC_NONE', 'TPC_NONE', 'SPC_NONE', 'SPC_NONE', 'SPC_MPOLY', 'TPC_NONE', 'UC_NONE']","{'TPC_MPOLY': 4, 'TPC_MNUF': 1, 'UC_MPOLY': 3, 'UC_NONE': 16, 'TPC_NONE': 27, 'SPC_NONE': 27, 'SBX_MPOLY': 3, 'SPC_MPOLY': 2, 'SBX_NONE': 1, 'SBX_MNUF': 1}"
8,86,UC,NONE,0.6872264991069548,0.0392380170535289,888224803.84,837162832.5487021,2059090.08,1525623.0297198824,0.7429761206583545,1.6018550342056237e-05,0.01,0.0,GREEDY_HV,"['SPC_MBFLIP', 'TPC_MPOLY', 'TPC_MNUF', 'TPC_MPOLY', 'UC_MPOLY', 'TPC_MPOLY', 'UC_NONE', 'TPC_NONE', 'SPC_NONE', 'SBX_MPOLY', 'SPC_NONE', 'UC_MPOLY', 'TPC_NONE', 'UC_NONE', 'TPC_MPOLY', 'TPC_NONE', 'SPC_MPOLY', 'TPC_NONE', 'TPC_NONE', 'TPC_NONE', 'SBX_NONE', 'SPC_NONE', 'UC_NONE', 'SBX_MPOLY', 'UC_NONE', 'SPC_NONE', 'SBX_MNUF', 'UC_MPOLY', 'TPC_NONE', 'TPC_NONE', 'SPC_NONE', 'UC_NONE', 'TPC_NONE', 'TPC_NONE', 'SPC_NONE', 'SBX_MPOLY', 'SPC_NONE', 'SPC_NONE', 'TPC_NONE', 'SPC_NONE', 'UC_NONE', 'SPC_NONE', 'SPC_NONE', 'UC_NONE', 'SPC_NONE', 'TPC_NONE', 'SPC_NONE', 'SPC_NONE', 'SPC_NONE', 'SPC_NONE', 'SPC_NONE', 'UC_NONE', 'TPC_NONE', 'TPC_NONE', 'TPC_NONE', 'SPC_NONE', 'TPC_NONE', 'SPC_NONE', 'TPC_NONE', 'TPC_NONE', 'SPC_NONE', 'SPC_NONE', 'SPC_NONE', 'UC_NONE', 'SPC_NONE', 'UC_NONE', 'UC_NONE', 'TPC_NONE', 'TPC_NONE', 'SPC_NONE', 'TPC_NONE', 'TPC_NONE', 'UC_NONE', 'UC_NONE', 'SPC_NONE', 'UC_NONE', 'TPC_NONE', 'TPC_NONE', 'TPC_NONE', 'UC_NONE', 'TPC_NONE', 'SPC_NONE', 'SPC_NONE', 'SPC_MPOLY', 'TPC_NONE', 'UC_NONE', 'UC_NONE']","{'TPC_MPOLY': 4, 'TPC_MNUF': 1, 'UC_MPOLY': 3, 'UC_NONE': 17, 'TPC_NONE': 27, 'SPC_NONE': 27, 'SBX_MPOLY': 3, 'SPC_MPOLY': 2, 'SBX_NONE': 1, 'SBX_MNUF': 1}"
8,87,SPC,NONE,0.6868431367368631,0.0397840883457189,900132971.52,846998292.7672448,2045307.04,1513988.1282735737,0.7429938142112129,1.769355285841101e-05,0.02,0.0,GREEDY_HV,"['SPC_MBFLIP', 'TPC_MPOLY', 'TPC_MNUF', 'TPC_MPOLY', 'UC_MPOLY', 'TPC_MPOLY', 'UC_NONE', 'TPC_NONE', 'SPC_NONE', 'SBX_MPOLY', 'SPC_NONE', 'UC_MPOLY', 'TPC_NONE', 'UC_NONE', 'TPC_MPOLY', 'TPC_NONE', 'SPC_MPOLY', 'TPC_NONE', 'TPC_NONE', 'TPC_NONE', 'SBX_NONE', 'SPC_NONE', 'UC_NONE', 'SBX_MPOLY', 'UC_NONE', 'SPC_NONE', 'SBX_MNUF', 'UC_MPOLY', 'TPC_NONE', 'TPC_NONE', 'SPC_NONE', 'UC_NONE', 'TPC_NONE', 'TPC_NONE', 'SPC_NONE', 'SBX_MPOLY', 'SPC_NONE', 'SPC_NONE', 'TPC_NONE', 'SPC_NONE', 'UC_NONE', 'SPC_NONE', 'SPC_NONE', 'UC_NONE', 'SPC_NONE', 'TPC_NONE', 'SPC_NONE', 'SPC_NONE', 'SPC_NONE', 'SPC_NONE', 'SPC_NONE', 'UC_NONE', 'TPC_NONE', 'TPC_NONE', 'TPC_NONE', 'SPC_NONE', 'TPC_NONE', 'SPC_NONE', 'TPC_NONE', 'TPC_NONE', 'SPC_NONE', 'SPC_NONE', 'SPC_NONE', 'UC_NONE', 'SPC_NONE', 'UC_NONE', 'UC_NONE', 'TPC_NONE', 'TPC_NONE', 'SPC_NONE', 'TPC_NONE', 'TPC_NONE', 'UC_NONE', 'UC_NONE', 'SPC_NONE', 'UC_NONE', 'TPC_NONE', 'TPC_NONE', 'TPC_NONE', 'UC_NONE', 'TPC_NONE', 'SPC_NONE', 'SPC_NONE', 'SPC_MPOLY', 'TPC_NONE', 'UC_NONE', 'UC_NONE', 'SPC_NONE']","{'TPC_MPOLY': 4, 'TPC_MNUF': 1, 'UC_MPOLY': 3, 'UC_NONE': 17, 'TPC_NONE': 27, 'SPC_NONE': 28, 'SBX_MPOLY': 3, 'SPC_MPOLY': 2, 'SBX_NONE': 1, 'SBX_MNUF': 1}"
8,88,TPC,NONE,0.68682183258404,0.0397533863885742,873415142.4,837435301.8402929,2051097.76,1512754.119832282,0.7429832403416687,-1.057386954417261e-05,0.0,0.0,GREEDY_HV,"['SPC_MBFLIP', 'TPC_MPOLY', 'TPC_MNUF', 'TPC_MPOLY', 'UC_MPOLY', 'TPC_MPOLY', 'UC_NONE', 'TPC_NONE', 'SPC_NONE', 'SBX_MPOLY', 'SPC_NONE', 'UC_MPOLY', 'TPC_NONE', 'UC_NONE', 'TPC_MPOLY', 'TPC_NONE', 'SPC_MPOLY', 'TPC_NONE', 'TPC_NONE', 'TPC_NONE', 'SBX_NONE', 'SPC_NONE', 'UC_NONE', 'SBX_MPOLY', 'UC_NONE', 'SPC_NONE', 'SBX_MNUF', 'UC_MPOLY', 'TPC_NONE', 'TPC_NONE', 'SPC_NONE', 'UC_NONE', 'TPC_NONE', 'TPC_NONE', 'SPC_NONE', 'SBX_MPOLY', 'SPC_NONE', 'SPC_NONE', 'TPC_NONE', 'SPC_NONE', 'UC_NONE', 'SPC_NONE', 'SPC_NONE', 'UC_NONE', 'SPC_NONE', 'TPC_NONE', 'SPC_NONE', 'SPC_NONE', 'SPC_NONE', 'SPC_NONE', 'SPC_NONE', 'UC_NONE', 'TPC_NONE', 'TPC_NONE', 'TPC_NONE', 'SPC_NONE', 'TPC_NONE', 'SPC_NONE', 'TPC_NONE', 'TPC_NONE', 'SPC_NONE', 'SPC_NONE', 'SPC_NONE', 'UC_NONE', 'SPC_NONE', 'UC_NONE', 'UC_NONE', 'TPC_NONE', 'TPC_NONE', 'SPC_NONE', 'TPC_NONE', 'TPC_NONE', 'UC_NONE', 'UC_NONE', 'SPC_NONE', 'UC_NONE', 'TPC_NONE', 'TPC_NONE', 'TPC_NONE', 'UC_NONE', 'TPC_NONE', 'SPC_NONE', 'SPC_NONE', 'SPC_MPOLY', 'TPC_NONE', 'UC_NONE', 'UC_NONE', 'SPC_NONE', 'TPC_NONE']","{'TPC_MPOLY': 4, 'TPC_MNUF': 1, 'UC_MPOLY': 3, 'UC_NONE': 17, 'TPC_NONE': 28, 'SPC_NONE': 28, 'SBX_MPOLY': 3, 'SPC_MPOLY': 2, 'SBX_NONE': 1, 'SBX_MNUF': 1}"
8,89,UC,NONE,0.6859915502093733,0.0398742086267245,839446440.96,783777644.5743861,2020873.12,1517277.8032165978,0.743025991227782,4.275088611327416e-05,0.01,0.0,GREEDY_HV,"['SPC_MBFLIP', 'TPC_MPOLY', 'TPC_MNUF', 'TPC_MPOLY', 'UC_MPOLY', 'TPC_MPOLY', 'UC_NONE', 'TPC_NONE', 'SPC_NONE', 'SBX_MPOLY', 'SPC_NONE', 'UC_MPOLY', 'TPC_NONE', 'UC_NONE', 'TPC_MPOLY', 'TPC_NONE', 'SPC_MPOLY', 'TPC_NONE', 'TPC_NONE', 'TPC_NONE', 'SBX_NONE', 'SPC_NONE', 'UC_NONE', 'SBX_MPOLY', 'UC_NONE', 'SPC_NONE', 'SBX_MNUF', 'UC_MPOLY', 'TPC_NONE', 'TPC_NONE', 'SPC_NONE', 'UC_NONE', 'TPC_NONE', 'TPC_NONE', 'SPC_NONE', 'SBX_MPOLY', 'SPC_NONE', 'SPC_NONE', 'TPC_NONE', 'SPC_NONE', 'UC_NONE', 'SPC_NONE', 'SPC_NONE', 'UC_NONE', 'SPC_NONE', 'TPC_NONE', 'SPC_NONE', 'SPC_NONE', 'SPC_NONE', 'SPC_NONE', 'SPC_NONE', 'UC_NONE', 'TPC_NONE', 'TPC_NONE', 'TPC_NONE', 'SPC_NONE', 'TPC_NONE', 'SPC_NONE', 'TPC_NONE', 'TPC_NONE', 'SPC_NONE', 'SPC_NONE', 'SPC_NONE', 'UC_NONE', 'SPC_NONE', 'UC_NONE', 'UC_NONE', 'TPC_NONE', 'TPC_NONE', 'SPC_NONE', 'TPC_NONE', 'TPC_NONE', 'UC_NONE', 'UC_NONE', 'SPC_NONE', 'UC_NONE', 'TPC_NONE', 'TPC_NONE', 'TPC_NONE', 'UC_NONE', 'TPC_NONE', 'SPC_NONE', 'SPC_NONE', 'SPC_MPOLY', 'TPC_NONE', 'UC_NONE', 'UC_NONE', 'SPC_NONE', 'TPC_NONE', 'UC_NONE']","{'TPC_MPOLY': 4, 'TPC_MNUF': 1, 'UC_MPOLY': 3, 'UC_NONE': 18, 'TPC_NONE': 28, 'SPC_NONE': 28, 'SBX_MPOLY': 3, 'SPC_MPOLY': 2, 'SBX_NONE': 1, 'SBX_MNUF': 1}"
8,90,TPC,NONE,0.6860353962378716,0.0399442818664089,859424865.28,816363781.6042593,2051996.32,1548740.8048794924,0.7430655308102858,3.95395825038003e-05,0.01,0.0,GREEDY_HV,"['SPC_MBFLIP', 'TPC_MPOLY', 'TPC_MNUF', 'TPC_MPOLY', 'UC_MPOLY', 'TPC_MPOLY', 'UC_NONE', 'TPC_NONE', 'SPC_NONE', 'SBX_MPOLY', 'SPC_NONE', 'UC_MPOLY', 'TPC_NONE', 'UC_NONE', 'TPC_MPOLY', 'TPC_NONE', 'SPC_MPOLY', 'TPC_NONE', 'TPC_NONE', 'TPC_NONE', 'SBX_NONE', 'SPC_NONE', 'UC_NONE', 'SBX_MPOLY', 'UC_NONE', 'SPC_NONE', 'SBX_MNUF', 'UC_MPOLY', 'TPC_NONE', 'TPC_NONE', 'SPC_NONE', 'UC_NONE', 'TPC_NONE', 'TPC_NONE', 'SPC_NONE', 'SBX_MPOLY', 'SPC_NONE', 'SPC_NONE', 'TPC_NONE', 'SPC_NONE', 'UC_NONE', 'SPC_NONE', 'SPC_NONE', 'UC_NONE', 'SPC_NONE', 'TPC_NONE', 'SPC_NONE', 'SPC_NONE', 'SPC_NONE', 'SPC_NONE', 'SPC_NONE', 'UC_NONE', 'TPC_NONE', 'TPC_NONE', 'TPC_NONE', 'SPC_NONE', 'TPC_NONE', 'SPC_NONE', 'TPC_NONE', 'TPC_NONE', 'SPC_NONE', 'SPC_NONE', 'SPC_NONE', 'UC_NONE', 'SPC_NONE', 'UC_NONE', 'UC_NONE', 'TPC_NONE', 'TPC_NONE', 'SPC_NONE', 'TPC_NONE', 'TPC_NONE', 'UC_NONE', 'UC_NONE', 'SPC_NONE', 'UC_NONE', 'TPC_NONE', 'TPC_NONE', 'TPC_NONE', 'UC_NONE', 'TPC_NONE', 'SPC_NONE', 'SPC_NONE', 'SPC_MPOLY', 'TPC_NONE', 'UC_NONE', 'UC_NONE', 'SPC_NONE', 'TPC_NONE', 'UC_NONE', 'TPC_NONE']","{'TPC_MPOLY': 4, 'TPC_MNUF': 1, 'UC_MPOLY': 3, 'UC_NONE': 18, 'TPC_NONE': 29, 'SPC_NONE': 28, 'SBX_MPOLY': 3, 'SPC_MPOLY': 2, 'SBX_NONE': 1, 'SBX_MNUF': 1}"
8,91,SBX,NONE,0.6849929028803095,0.0399852093114668,821254922.24,765039826.7426625,1983425.44,1513665.939168721,0.743355036054638,0.0002895052443522,0.01,0.0,GREEDY_HV,"['SPC_MBFLIP', 'TPC_MPOLY', 'TPC_MNUF', 'TPC_MPOLY', 'UC_MPOLY', 'TPC_MPOLY', 'UC_NONE', 'TPC_NONE', 'SPC_NONE', 'SBX_MPOLY', 'SPC_NONE', 'UC_MPOLY', 'TPC_NONE', 'UC_NONE', 'TPC_MPOLY', 'TPC_NONE', 'SPC_MPOLY', 'TPC_NONE', 'TPC_NONE', 'TPC_NONE', 'SBX_NONE', 'SPC_NONE', 'UC_NONE', 'SBX_MPOLY', 'UC_NONE', 'SPC_NONE', 'SBX_MNUF', 'UC_MPOLY', 'TPC_NONE', 'TPC_NONE', 'SPC_NONE', 'UC_NONE', 'TPC_NONE', 'TPC_NONE', 'SPC_NONE', 'SBX_MPOLY', 'SPC_NONE', 'SPC_NONE', 'TPC_NONE', 'SPC_NONE', 'UC_NONE', 'SPC_NONE', 'SPC_NONE', 'UC_NONE', 'SPC_NONE', 'TPC_NONE', 'SPC_NONE', 'SPC_NONE', 'SPC_NONE', 'SPC_NONE', 'SPC_NONE', 'UC_NONE', 'TPC_NONE', 'TPC_NONE', 'TPC_NONE', 'SPC_NONE', 'TPC_NONE', 'SPC_NONE', 'TPC_NONE', 'TPC_NONE', 'SPC_NONE', 'SPC_NONE', 'SPC_NONE', 'UC_NONE', 'SPC_NONE', 'UC_NONE', 'UC_NONE', 'TPC_NONE', 'TPC_NONE', 'SPC_NONE', 'TPC_NONE', 'TPC_NONE', 'UC_NONE', 'UC_NONE', 'SPC_NONE', 'UC_NONE', 'TPC_NONE', 'TPC_NONE', 'TPC_NONE', 'UC_NONE', 'TPC_NONE', 'SPC_NONE', 'SPC_NONE', 'SPC_MPOLY', 'TPC_NONE', 'UC_NONE', 'UC_NONE', 'SPC_NONE', 'TPC_NONE', 'UC_NONE', 'TPC_NONE', 'SBX_NONE']","{'TPC_MPOLY': 4, 'TPC_MNUF': 1, 'UC_MPOLY': 3, 'UC_NONE': 18, 'TPC_NONE': 29, 'SPC_NONE': 28, 'SBX_MPOLY': 3, 'SPC_MPOLY': 2, 'SBX_NONE': 2, 'SBX_MNUF': 1}"
8,92,TPC,NONE,0.68703065266931,0.0402020079601772,861858268.16,789333668.2781945,2103398.56,1496432.3169868817,0.7434503385125254,9.530245788735849e-05,0.01,0.0,GREEDY_HV,"['SPC_MBFLIP', 'TPC_MPOLY', 'TPC_MNUF', 'TPC_MPOLY', 'UC_MPOLY', 'TPC_MPOLY', 'UC_NONE', 'TPC_NONE', 'SPC_NONE', 'SBX_MPOLY', 'SPC_NONE', 'UC_MPOLY', 'TPC_NONE', 'UC_NONE', 'TPC_MPOLY', 'TPC_NONE', 'SPC_MPOLY', 'TPC_NONE', 'TPC_NONE', 'TPC_NONE', 'SBX_NONE', 'SPC_NONE', 'UC_NONE', 'SBX_MPOLY', 'UC_NONE', 'SPC_NONE', 'SBX_MNUF', 'UC_MPOLY', 'TPC_NONE', 'TPC_NONE', 'SPC_NONE', 'UC_NONE', 'TPC_NONE', 'TPC_NONE', 'SPC_NONE', 'SBX_MPOLY', 'SPC_NONE', 'SPC_NONE', 'TPC_NONE', 'SPC_NONE', 'UC_NONE', 'SPC_NONE', 'SPC_NONE', 'UC_NONE', 'SPC_NONE', 'TPC_NONE', 'SPC_NONE', 'SPC_NONE', 'SPC_NONE', 'SPC_NONE', 'SPC_NONE', 'UC_NONE', 'TPC_NONE', 'TPC_NONE', 'TPC_NONE', 'SPC_NONE', 'TPC_NONE', 'SPC_NONE', 'TPC_NONE', 'TPC_NONE', 'SPC_NONE', 'SPC_NONE', 'SPC_NONE', 'UC_NONE', 'SPC_NONE', 'UC_NONE', 'UC_NONE', 'TPC_NONE', 'TPC_NONE', 'SPC_NONE', 'TPC_NONE', 'TPC_NONE', 'UC_NONE', 'UC_NONE', 'SPC_NONE', 'UC_NONE', 'TPC_NONE', 'TPC_NONE', 'TPC_NONE', 'UC_NONE', 'TPC_NONE', 'SPC_NONE', 'SPC_NONE', 'SPC_MPOLY', 'TPC_NONE', 'UC_NONE', 'UC_NONE', 'SPC_NONE', 'TPC_NONE', 'UC_NONE', 'TPC_NONE', 'SBX_NONE', 'TPC_NONE']","{'TPC_MPOLY': 4, 'TPC_MNUF': 1, 'UC_MPOLY': 3, 'UC_NONE': 18, 'TPC_NONE': 30, 'SPC_NONE': 28, 'SBX_MPOLY': 3, 'SPC_MPOLY': 2, 'SBX_NONE': 2, 'SBX_MNUF': 1}"
8,93,UC,NONE,0.686379875091966,0.0400493226970498,844205649.92,786734495.6087658,2041220.0,1492091.4946144556,0.7434639729012824,1.3634388757011172e-05,0.0,0.0,GREEDY_HV,"['SPC_MBFLIP', 'TPC_MPOLY', 'TPC_MNUF', 'TPC_MPOLY', 'UC_MPOLY', 'TPC_MPOLY', 'UC_NONE', 'TPC_NONE', 'SPC_NONE', 'SBX_MPOLY', 'SPC_NONE', 'UC_MPOLY', 'TPC_NONE', 'UC_NONE', 'TPC_MPOLY', 'TPC_NONE', 'SPC_MPOLY', 'TPC_NONE', 'TPC_NONE', 'TPC_NONE', 'SBX_NONE', 'SPC_NONE', 'UC_NONE', 'SBX_MPOLY', 'UC_NONE', 'SPC_NONE', 'SBX_MNUF', 'UC_MPOLY', 'TPC_NONE', 'TPC_NONE', 'SPC_NONE', 'UC_NONE', 'TPC_NONE', 'TPC_NONE', 'SPC_NONE', 'SBX_MPOLY', 'SPC_NONE', 'SPC_NONE', 'TPC_NONE', 'SPC_NONE', 'UC_NONE', 'SPC_NONE', 'SPC_NONE', 'UC_NONE', 'SPC_NONE', 'TPC_NONE', 'SPC_NONE', 'SPC_NONE', 'SPC_NONE', 'SPC_NONE', 'SPC_NONE', 'UC_NONE', 'TPC_NONE', 'TPC_NONE', 'TPC_NONE', 'SPC_NONE', 'TPC_NONE', 'SPC_NONE', 'TPC_NONE', 'TPC_NONE', 'SPC_NONE', 'SPC_NONE', 'SPC_NONE', 'UC_NONE', 'SPC_NONE', 'UC_NONE', 'UC_NONE', 'TPC_NONE', 'TPC_NONE', 'SPC_NONE', 'TPC_NONE', 'TPC_NONE', 'UC_NONE', 'UC_NONE', 'SPC_NONE', 'UC_NONE', 'TPC_NONE', 'TPC_NONE', 'TPC_NONE', 'UC_NONE', 'TPC_NONE', 'SPC_NONE', 'SPC_NONE', 'SPC_MPOLY', 'TPC_NONE', 'UC_NONE', 'UC_NONE', 'SPC_NONE', 'TPC_NONE', 'UC_NONE', 'TPC_NONE', 'SBX_NONE', 'TPC_NONE', 'UC_NONE']","{'TPC_MPOLY': 4, 'TPC_MNUF': 1, 'UC_MPOLY': 3, 'UC_NONE': 19, 'TPC_NONE': 30, 'SPC_NONE': 28, 'SBX_MPOLY': 3, 'SPC_MPOLY': 2, 'SBX_NONE': 2, 'SBX_MNUF': 1}"
8,94,TPC,NONE,0.6863173061162755,0.0403377504924744,879870725.12,823705518.7722045,2061716.64,1519102.731138533,0.7434545673752193,-9.405526063099856e-06,0.0,0.0,GREEDY_HV,"['SPC_MBFLIP', 'TPC_MPOLY', 'TPC_MNUF', 'TPC_MPOLY', 'UC_MPOLY', 'TPC_MPOLY', 'UC_NONE', 'TPC_NONE', 'SPC_NONE', 'SBX_MPOLY', 'SPC_NONE', 'UC_MPOLY', 'TPC_NONE', 'UC_NONE', 'TPC_MPOLY', 'TPC_NONE', 'SPC_MPOLY', 'TPC_NONE', 'TPC_NONE', 'TPC_NONE', 'SBX_NONE', 'SPC_NONE', 'UC_NONE', 'SBX_MPOLY', 'UC_NONE', 'SPC_NONE', 'SBX_MNUF', 'UC_MPOLY', 'TPC_NONE', 'TPC_NONE', 'SPC_NONE', 'UC_NONE', 'TPC_NONE', 'TPC_NONE', 'SPC_NONE', 'SBX_MPOLY', 'SPC_NONE', 'SPC_NONE', 'TPC_NONE', 'SPC_NONE', 'UC_NONE', 'SPC_NONE', 'SPC_NONE', 'UC_NONE', 'SPC_NONE', 'TPC_NONE', 'SPC_NONE', 'SPC_NONE', 'SPC_NONE', 'SPC_NONE', 'SPC_NONE', 'UC_NONE', 'TPC_NONE', 'TPC_NONE', 'TPC_NONE', 'SPC_NONE', 'TPC_NONE', 'SPC_NONE', 'TPC_NONE', 'TPC_NONE', 'SPC_NONE', 'SPC_NONE', 'SPC_NONE', 'UC_NONE', 'SPC_NONE', 'UC_NONE', 'UC_NONE', 'TPC_NONE', 'TPC_NONE', 'SPC_NONE', 'TPC_NONE', 'TPC_NONE', 'UC_NONE', 'UC_NONE', 'SPC_NONE', 'UC_NONE', 'TPC_NONE', 'TPC_NONE', 'TPC_NONE', 'UC_NONE', 'TPC_NONE', 'SPC_NONE', 'SPC_NONE', 'SPC_MPOLY', 'TPC_NONE', 'UC_NONE', 'UC_NONE', 'SPC_NONE', 'TPC_NONE', 'UC_NONE', 'TPC_NONE', 'SBX_NONE', 'TPC_NONE', 'UC_NONE', 'TPC_NONE']","{'TPC_MPOLY': 4, 'TPC_MNUF': 1, 'UC_MPOLY': 3, 'UC_NONE': 19, 'TPC_NONE': 31, 'SPC_NONE': 28, 'SBX_MPOLY': 3, 'SPC_MPOLY': 2, 'SBX_NONE': 2, 'SBX_MNUF': 1}"
8,95,SPC,MNUF,0.6865037058125114,0.0401629422534489,886150717.44,819021391.223234,2069962.4,1507364.6855861784,0.7434408571837026,-1.3710191516747017e-05,0.0,0.0,GREEDY_HV,"['SPC_MBFLIP', 'TPC_MPOLY', 'TPC_MNUF', 'TPC_MPOLY', 'UC_MPOLY', 'TPC_MPOLY', 'UC_NONE', 'TPC_NONE', 'SPC_NONE', 'SBX_MPOLY', 'SPC_NONE', 'UC_MPOLY', 'TPC_NONE', 'UC_NONE', 'TPC_MPOLY', 'TPC_NONE', 'SPC_MPOLY', 'TPC_NONE', 'TPC_NONE', 'TPC_NONE', 'SBX_NONE', 'SPC_NONE', 'UC_NONE', 'SBX_MPOLY', 'UC_NONE', 'SPC_NONE', 'SBX_MNUF', 'UC_MPOLY', 'TPC_NONE', 'TPC_NONE', 'SPC_NONE', 'UC_NONE', 'TPC_NONE', 'TPC_NONE', 'SPC_NONE', 'SBX_MPOLY', 'SPC_NONE', 'SPC_NONE', 'TPC_NONE', 'SPC_NONE', 'UC_NONE', 'SPC_NONE', 'SPC_NONE', 'UC_NONE', 'SPC_NONE', 'TPC_NONE', 'SPC_NONE', 'SPC_NONE', 'SPC_NONE', 'SPC_NONE', 'SPC_NONE', 'UC_NONE', 'TPC_NONE', 'TPC_NONE', 'TPC_NONE', 'SPC_NONE', 'TPC_NONE', 'SPC_NONE', 'TPC_NONE', 'TPC_NONE', 'SPC_NONE', 'SPC_NONE', 'SPC_NONE', 'UC_NONE', 'SPC_NONE', 'UC_NONE', 'UC_NONE', 'TPC_NONE', 'TPC_NONE', 'SPC_NONE', 'TPC_NONE', 'TPC_NONE', 'UC_NONE', 'UC_NONE', 'SPC_NONE', 'UC_NONE', 'TPC_NONE', 'TPC_NONE', 'TPC_NONE', 'UC_NONE', 'TPC_NONE', 'SPC_NONE', 'SPC_NONE', 'SPC_MPOLY', 'TPC_NONE', 'UC_NONE', 'UC_NONE', 'SPC_NONE', 'TPC_NONE', 'UC_NONE', 'TPC_NONE', 'SBX_NONE', 'TPC_NONE', 'UC_NONE', 'TPC_NONE', 'SPC_MNUF']","{'TPC_MPOLY': 4, 'TPC_MNUF': 1, 'UC_MPOLY': 3, 'UC_NONE': 19, 'TPC_NONE': 31, 'SPC_NONE': 28, 'SBX_MPOLY': 3, 'SPC_MPOLY': 2, 'SBX_NONE': 2, 'SBX_MNUF': 1, 'SPC_MNUF': 1}"
8,96,SPC,NONE,0.6863682299540531,0.0404646293711765,911514122.24,862474172.2330574,2086910.88,1545937.6251413077,0.74341379129223,-2.7065891472610737e-05,0.0,0.0,GREEDY_HV,"['SPC_MBFLIP', 'TPC_MPOLY', 'TPC_MNUF', 'TPC_MPOLY', 'UC_MPOLY', 'TPC_MPOLY', 'UC_NONE', 'TPC_NONE', 'SPC_NONE', 'SBX_MPOLY', 'SPC_NONE', 'UC_MPOLY', 'TPC_NONE', 'UC_NONE', 'TPC_MPOLY', 'TPC_NONE', 'SPC_MPOLY', 'TPC_NONE', 'TPC_NONE', 'TPC_NONE', 'SBX_NONE', 'SPC_NONE', 'UC_NONE', 'SBX_MPOLY', 'UC_NONE', 'SPC_NONE', 'SBX_MNUF', 'UC_MPOLY', 'TPC_NONE', 'TPC_NONE', 'SPC_NONE', 'UC_NONE', 'TPC_NONE', 'TPC_NONE', 'SPC_NONE', 'SBX_MPOLY', 'SPC_NONE', 'SPC_NONE', 'TPC_NONE', 'SPC_NONE', 'UC_NONE', 'SPC_NONE', 'SPC_NONE', 'UC_NONE', 'SPC_NONE', 'TPC_NONE', 'SPC_NONE', 'SPC_NONE', 'SPC_NONE', 'SPC_NONE', 'SPC_NONE', 'UC_NONE', 'TPC_NONE', 'TPC_NONE', 'TPC_NONE', 'SPC_NONE', 'TPC_NONE', 'SPC_NONE', 'TPC_NONE', 'TPC_NONE', 'SPC_NONE', 'SPC_NONE', 'SPC_NONE', 'UC_NONE', 'SPC_NONE', 'UC_NONE', 'UC_NONE', 'TPC_NONE', 'TPC_NONE', 'SPC_NONE', 'TPC_NONE', 'TPC_NONE', 'UC_NONE', 'UC_NONE', 'SPC_NONE', 'UC_NONE', 'TPC_NONE', 'TPC_NONE', 'TPC_NONE', 'UC_NONE', 'TPC_NONE', 'SPC_NONE', 'SPC_NONE', 'SPC_MPOLY', 'TPC_NONE', 'UC_NONE', 'UC_NONE', 'SPC_NONE', 'TPC_NONE', 'UC_NONE', 'TPC_NONE', 'SBX_NONE', 'TPC_NONE', 'UC_NONE', 'TPC_NONE', 'SPC_MNUF', 'SPC_NONE']","{'TPC_MPOLY': 4, 'TPC_MNUF': 1, 'UC_MPOLY': 3, 'UC_NONE': 19, 'TPC_NONE': 31, 'SPC_NONE': 29, 'SBX_MPOLY': 3, 'SPC_MPOLY': 2, 'SBX_NONE': 2, 'SBX_MNUF': 1, 'SPC_MNUF': 1}"
8,97,SPC,NONE,0.6872779250721117,0.040266115193999,907782952.96,854464136.5011129,2153751.2,1540287.155211469,0.743418333602985,4.5423107550846e-06,0.0,0.0,GREEDY_HV,"['SPC_MBFLIP', 'TPC_MPOLY', 'TPC_MNUF', 'TPC_MPOLY', 'UC_MPOLY', 'TPC_MPOLY', 'UC_NONE', 'TPC_NONE', 'SPC_NONE', 'SBX_MPOLY', 'SPC_NONE', 'UC_MPOLY', 'TPC_NONE', 'UC_NONE', 'TPC_MPOLY', 'TPC_NONE', 'SPC_MPOLY', 'TPC_NONE', 'TPC_NONE', 'TPC_NONE', 'SBX_NONE', 'SPC_NONE', 'UC_NONE', 'SBX_MPOLY', 'UC_NONE', 'SPC_NONE', 'SBX_MNUF', 'UC_MPOLY', 'TPC_NONE', 'TPC_NONE', 'SPC_NONE', 'UC_NONE', 'TPC_NONE', 'TPC_NONE', 'SPC_NONE', 'SBX_MPOLY', 'SPC_NONE', 'SPC_NONE', 'TPC_NONE', 'SPC_NONE', 'UC_NONE', 'SPC_NONE', 'SPC_NONE', 'UC_NONE', 'SPC_NONE', 'TPC_NONE', 'SPC_NONE', 'SPC_NONE', 'SPC_NONE', 'SPC_NONE', 'SPC_NONE', 'UC_NONE', 'TPC_NONE', 'TPC_NONE', 'TPC_NONE', 'SPC_NONE', 'TPC_NONE', 'SPC_NONE', 'TPC_NONE', 'TPC_NONE', 'SPC_NONE', 'SPC_NONE', 'SPC_NONE', 'UC_NONE', 'SPC_NONE', 'UC_NONE', 'UC_NONE', 'TPC_NONE', 'TPC_NONE', 'SPC_NONE', 'TPC_NONE', 'TPC_NONE', 'UC_NONE', 'UC_NONE', 'SPC_NONE', 'UC_NONE', 'TPC_NONE', 'TPC_NONE', 'TPC_NONE', 'UC_NONE', 'TPC_NONE', 'SPC_NONE', 'SPC_NONE', 'SPC_MPOLY', 'TPC_NONE', 'UC_NONE', 'UC_NONE', 'SPC_NONE', 'TPC_NONE', 'UC_NONE', 'TPC_NONE', 'SBX_NONE', 'TPC_NONE', 'UC_NONE', 'TPC_NONE', 'SPC_MNUF', 'SPC_NONE', 'SPC_NONE']","{'TPC_MPOLY': 4, 'TPC_MNUF': 1, 'UC_MPOLY': 3, 'UC_NONE': 19, 'TPC_NONE': 31, 'SPC_NONE': 30, 'SBX_MPOLY': 3, 'SPC_MPOLY': 2, 'SBX_NONE': 2, 'SBX_MNUF': 1, 'SPC_MNUF': 1}"
8,98,UC,MNUF,0.6870693784229235,0.0399875253975363,913873674.24,846348070.1696339,2093152.16,1527474.932430164,0.7434678980542848,4.956445129977727e-05,0.01,0.0,GREEDY_HV,"['SPC_MBFLIP', 'TPC_MPOLY', 'TPC_MNUF', 'TPC_MPOLY', 'UC_MPOLY', 'TPC_MPOLY', 'UC_NONE', 'TPC_NONE', 'SPC_NONE', 'SBX_MPOLY', 'SPC_NONE', 'UC_MPOLY', 'TPC_NONE', 'UC_NONE', 'TPC_MPOLY', 'TPC_NONE', 'SPC_MPOLY', 'TPC_NONE', 'TPC_NONE', 'TPC_NONE', 'SBX_NONE', 'SPC_NONE', 'UC_NONE', 'SBX_MPOLY', 'UC_NONE', 'SPC_NONE', 'SBX_MNUF', 'UC_MPOLY', 'TPC_NONE', 'TPC_NONE', 'SPC_NONE', 'UC_NONE', 'TPC_NONE', 'TPC_NONE', 'SPC_NONE', 'SBX_MPOLY', 'SPC_NONE', 'SPC_NONE', 'TPC_NONE', 'SPC_NONE', 'UC_NONE', 'SPC_NONE', 'SPC_NONE', 'UC_NONE', 'SPC_NONE', 'TPC_NONE', 'SPC_NONE', 'SPC_NONE', 'SPC_NONE', 'SPC_NONE', 'SPC_NONE', 'UC_NONE', 'TPC_NONE', 'TPC_NONE', 'TPC_NONE', 'SPC_NONE', 'TPC_NONE', 'SPC_NONE', 'TPC_NONE', 'TPC_NONE', 'SPC_NONE', 'SPC_NONE', 'SPC_NONE', 'UC_NONE', 'SPC_NONE', 'UC_NONE', 'UC_NONE', 'TPC_NONE', 'TPC_NONE', 'SPC_NONE', 'TPC_NONE', 'TPC_NONE', 'UC_NONE', 'UC_NONE', 'SPC_NONE', 'UC_NONE', 'TPC_NONE', 'TPC_NONE', 'TPC_NONE', 'UC_NONE', 'TPC_NONE', 'SPC_NONE', 'SPC_NONE', 'SPC_MPOLY', 'TPC_NONE', 'UC_NONE', 'UC_NONE', 'SPC_NONE', 'TPC_NONE', 'UC_NONE', 'TPC_NONE', 'SBX_NONE', 'TPC_NONE', 'UC_NONE', 'TPC_NONE', 'SPC_MNUF', 'SPC_NONE', 'SPC_NONE', 'UC_MNUF']","{'TPC_MPOLY': 4, 'TPC_MNUF': 1, 'UC_MPOLY': 3, 'UC_NONE': 19, 'TPC_NONE': 31, 'SPC_NONE': 30, 'SBX_MPOLY': 3, 'SPC_MPOLY': 2, 'SBX_NONE': 2, 'SBX_MNUF': 1, 'SPC_MNUF': 1, 'UC_MNUF': 1}"
8,99,SPC,MNUF,0.6861731486841234,0.040029607803698,867048314.88,851593425.1815108,2098250.4,1541621.5973079775,0.7434829840853502,1.5086031065369989e-05,0.0,0.0,GREEDY_HV,"['SPC_MBFLIP', 'TPC_MPOLY', 'TPC_MNUF', 'TPC_MPOLY', 'UC_MPOLY', 'TPC_MPOLY', 'UC_NONE', 'TPC_NONE', 'SPC_NONE', 'SBX_MPOLY', 'SPC_NONE', 'UC_MPOLY', 'TPC_NONE', 'UC_NONE', 'TPC_MPOLY', 'TPC_NONE', 'SPC_MPOLY', 'TPC_NONE', 'TPC_NONE', 'TPC_NONE', 'SBX_NONE', 'SPC_NONE', 'UC_NONE', 'SBX_MPOLY', 'UC_NONE', 'SPC_NONE', 'SBX_MNUF', 'UC_MPOLY', 'TPC_NONE', 'TPC_NONE', 'SPC_NONE', 'UC_NONE', 'TPC_NONE', 'TPC_NONE', 'SPC_NONE', 'SBX_MPOLY', 'SPC_NONE', 'SPC_NONE', 'TPC_NONE', 'SPC_NONE', 'UC_NONE', 'SPC_NONE', 'SPC_NONE', 'UC_NONE', 'SPC_NONE', 'TPC_NONE', 'SPC_NONE', 'SPC_NONE', 'SPC_NONE', 'SPC_NONE', 'SPC_NONE', 'UC_NONE', 'TPC_NONE', 'TPC_NONE', 'TPC_NONE', 'SPC_NONE', 'TPC_NONE', 'SPC_NONE', 'TPC_NONE', 'TPC_NONE', 'SPC_NONE', 'SPC_NONE', 'SPC_NONE', 'UC_NONE', 'SPC_NONE', 'UC_NONE', 'UC_NONE', 'TPC_NONE', 'TPC_NONE', 'SPC_NONE', 'TPC_NONE', 'TPC_NONE', 'UC_NONE', 'UC_NONE', 'SPC_NONE', 'UC_NONE', 'TPC_NONE', 'TPC_NONE', 'TPC_NONE', 'UC_NONE', 'TPC_NONE', 'SPC_NONE', 'SPC_NONE', 'SPC_MPOLY', 'TPC_NONE', 'UC_NONE', 'UC_NONE', 'SPC_NONE', 'TPC_NONE', 'UC_NONE', 'TPC_NONE', 'SBX_NONE', 'TPC_NONE', 'UC_NONE', 'TPC_NONE', 'SPC_MNUF', 'SPC_NONE', 'SPC_NONE', 'UC_MNUF', 'SPC_MNUF']","{'TPC_MPOLY': 4, 'TPC_MNUF': 1, 'UC_MPOLY': 3, 'UC_NONE': 19, 'TPC_NONE': 31, 'SPC_NONE': 30, 'SBX_MPOLY': 3, 'SPC_MPOLY': 2, 'SBX_NONE': 2, 'SBX_MNUF': 1, 'SPC_MNUF': 2, 'UC_MNUF': 1}"
8,100,UC,MNUF,0.6872231310895281,0.0396020200913455,878590684.16,846162422.5962638,2122013.6,1524213.7367877515,0.7434273695002438,-5.561458510638939e-05,0.0,0.0,GREEDY_HV,"['SPC_MBFLIP', 'TPC_MPOLY', 'TPC_MNUF', 'TPC_MPOLY', 'UC_MPOLY', 'TPC_MPOLY', 'UC_NONE', 'TPC_NONE', 'SPC_NONE', 'SBX_MPOLY', 'SPC_NONE', 'UC_MPOLY', 'TPC_NONE', 'UC_NONE', 'TPC_MPOLY', 'TPC_NONE', 'SPC_MPOLY', 'TPC_NONE', 'TPC_NONE', 'TPC_NONE', 'SBX_NONE', 'SPC_NONE', 'UC_NONE', 'SBX_MPOLY', 'UC_NONE', 'SPC_NONE', 'SBX_MNUF', 'UC_MPOLY', 'TPC_NONE', 'TPC_NONE', 'SPC_NONE', 'UC_NONE', 'TPC_NONE', 'TPC_NONE', 'SPC_NONE', 'SBX_MPOLY', 'SPC_NONE', 'SPC_NONE', 'TPC_NONE', 'SPC_NONE', 'UC_NONE', 'SPC_NONE', 'SPC_NONE', 'UC_NONE', 'SPC_NONE', 'TPC_NONE', 'SPC_NONE', 'SPC_NONE', 'SPC_NONE', 'SPC_NONE', 'SPC_NONE', 'UC_NONE', 'TPC_NONE', 'TPC_NONE', 'TPC_NONE', 'SPC_NONE', 'TPC_NONE', 'SPC_NONE', 'TPC_NONE', 'TPC_NONE', 'SPC_NONE', 'SPC_NONE', 'SPC_NONE', 'UC_NONE', 'SPC_NONE', 'UC_NONE', 'UC_NONE', 'TPC_NONE', 'TPC_NONE', 'SPC_NONE', 'TPC_NONE', 'TPC_NONE', 'UC_NONE', 'UC_NONE', 'SPC_NONE', 'UC_NONE', 'TPC_NONE', 'TPC_NONE', 'TPC_NONE', 'UC_NONE', 'TPC_NONE', 'SPC_NONE', 'SPC_NONE', 'SPC_MPOLY', 'TPC_NONE', 'UC_NONE', 'UC_NONE', 'SPC_NONE', 'TPC_NONE', 'UC_NONE', 'TPC_NONE', 'SBX_NONE', 'TPC_NONE', 'UC_NONE', 'TPC_NONE', 'SPC_MNUF', 'SPC_NONE', 'SPC_NONE', 'UC_MNUF', 'SPC_MNUF', 'UC_MNUF']","{'TPC_MPOLY': 4, 'TPC_MNUF': 1, 'UC_MPOLY': 3, 'UC_NONE': 19, 'TPC_NONE': 31, 'SPC_NONE': 30, 'SBX_MPOLY': 3, 'SPC_MPOLY': 2, 'SBX_NONE': 2, 'SBX_MNUF': 1, 'SPC_MNUF': 2, 'UC_MNUF': 2}"
9,1,TPC,MNUF,0.6579680367081778,0.0210041988664406,1636625244.16,1176486885.6222837,3306560.16,1685649.8326782745,0.6902149595996593,0.0,0.28,0.08,GREEDY_HV,"['SPC_MBFLIP', 'TPC_MNUF']",{'TPC_MNUF': 1}
9,2,TPC,MPOLY,0.6588342578504093,0.026586753298444,1157946588.16,909829931.5967028,2866069.92,1759939.727342182,0.7006470454400224,0.0104320858403631,0.18,0.07,GREEDY_HV,"['SPC_MBFLIP', 'TPC_MNUF', 'TPC_MPOLY']","{'TPC_MNUF': 1, 'TPC_MPOLY': 1}"
9,3,SPC,MPOLY,0.6638805200156785,0.0249175321323324,1025870071.04,909619485.8219548,2644747.68,1788819.315457047,0.7109279985781142,0.0102809531380917,0.17,0.12,GREEDY_HV,"['SPC_MBFLIP', 'TPC_MNUF', 'TPC_MPOLY', 'SPC_MPOLY']","{'TPC_MNUF': 1, 'TPC_MPOLY': 1, 'SPC_MPOLY': 1}"
9,4,UC,MPOLY,0.6654022707289532,0.0290674513893128,878026173.44,803693860.9193752,2632832.16,1822505.8747108316,0.714030616148676,0.0031026175705618,0.13,0.055,GREEDY_HV,"['SPC_MBFLIP', 'TPC_MNUF', 'TPC_MPOLY', 'SPC_MPOLY', 'UC_MPOLY']","{'TPC_MNUF': 1, 'TPC_MPOLY': 1, 'SPC_MPOLY': 1, 'UC_MPOLY': 1}"
9,5,SPC,MPOLY,0.6730258389154851,0.0224869336887585,791925399.04,660479929.7768942,2623640.48,1714792.9987411338,0.7187960766021859,0.0047654604535098,0.13,0.03,GREEDY_HV,"['SPC_MBFLIP', 'TPC_MNUF', 'TPC_MPOLY', 'SPC_MPOLY', 'UC_MPOLY', 'SPC_MPOLY']","{'TPC_MNUF': 1, 'TPC_MPOLY': 1, 'SPC_MPOLY': 2, 'UC_MPOLY': 1}"
9,6,SPC,NONE,0.6758062675576977,0.0263780341813611,719243342.08,539188981.8598264,2726971.04,1853337.1669488417,0.7213600032359861,0.0025639266338002,0.18,0.0,GREEDY_HV,"['SPC_MBFLIP', 'TPC_MNUF', 'TPC_MPOLY', 'SPC_MPOLY', 'UC_MPOLY', 'SPC_MPOLY', 'SPC_NONE']","{'TPC_MNUF': 1, 'TPC_MPOLY': 1, 'SPC_MPOLY': 2, 'UC_MPOLY': 1, 'SPC_NONE': 1}"
9,7,TPC,NONE,0.671367892950952,0.0271295558411827,551342392.32,456214513.3546096,1976211.36,1599127.6721563635,0.7234471042678765,0.0020871010318903,0.13,0.0,GREEDY_HV,"['SPC_MBFLIP', 'TPC_MNUF', 'TPC_MPOLY', 'SPC_MPOLY', 'UC_MPOLY', 'SPC_MPOLY', 'SPC_NONE', 'TPC_NONE']","{'TPC_MNUF': 1, 'TPC_MPOLY': 1, 'SPC_MPOLY': 2, 'UC_MPOLY': 1, 'SPC_NONE': 1, 'TPC_NONE': 1}"
9,8,UC,NONE,0.6728155968754558,0.0224337710664489,502440163.84,468315640.7635711,1813779.36,1905763.974478496,0.7288867547195541,0.0054396504516776,0.09,0.0,GREEDY_HV,"['SPC_MBFLIP', 'TPC_MNUF', 'TPC_MPOLY', 'SPC_MPOLY', 'UC_MPOLY', 'SPC_MPOLY', 'SPC_NONE', 'TPC_NONE', 'UC_NONE']","{'TPC_MNUF': 1, 'TPC_MPOLY': 1, 'SPC_MPOLY': 2, 'UC_MPOLY': 1, 'SPC_NONE': 1, 'TPC_NONE': 1, 'UC_NONE': 1}"
9,9,TPC,NONE,0.6712138589894954,0.0231887766380266,399036820.48,373100678.5622029,1492746.4,1546401.3632358206,0.7311366002198709,0.0022498455003168,0.04,0.0,GREEDY_HV,"['SPC_MBFLIP', 'TPC_MNUF', 'TPC_MPOLY', 'SPC_MPOLY', 'UC_MPOLY', 'SPC_MPOLY', 'SPC_NONE', 'TPC_NONE', 'UC_NONE', 'TPC_NONE']","{'TPC_MNUF': 1, 'TPC_MPOLY': 1, 'SPC_MPOLY': 2, 'UC_MPOLY': 1, 'SPC_NONE': 1, 'TPC_NONE': 2, 'UC_NONE': 1}"
9,10,SBX,MPOLY,0.6700140110437236,0.0257847801943859,398377226.24,373516693.6543789,1490677.92,1548550.636086425,0.7322398984807781,0.0011032982609071,0.0,0.04,GREEDY_HV,"['SPC_MBFLIP', 'TPC_MNUF', 'TPC_MPOLY', 'SPC_MPOLY', 'UC_MPOLY', 'SPC_MPOLY', 'SPC_NONE', 'TPC_NONE', 'UC_NONE', 'TPC_NONE', 'SBX_MPOLY']","{'TPC_MNUF': 1, 'TPC_MPOLY': 1, 'SPC_MPOLY': 2, 'UC_MPOLY': 1, 'SPC_NONE': 1, 'TPC_NONE': 2, 'UC_NONE': 1, 'SBX_MPOLY': 1}"
9,11,SBX,MPOLY,0.6707938550598541,0.0280073177998224,414945926.4,378842159.4321401,1550497.44,1558441.6532170095,0.733662339492908,0.0014224410121299,0.0,0.045,GREEDY_HV,"['SPC_MBFLIP', 'TPC_MNUF', 'TPC_MPOLY', 'SPC_MPOLY', 'UC_MPOLY', 'SPC_MPOLY', 'SPC_NONE', 'TPC_NONE', 'UC_NONE', 'TPC_NONE', 'SBX_MPOLY', 'SBX_MPOLY']","{'TPC_MNUF': 1, 'TPC_MPOLY': 1, 'SPC_MPOLY': 2, 'UC_MPOLY': 1, 'SPC_NONE': 1, 'TPC_NONE': 2, 'UC_NONE': 1, 'SBX_MPOLY': 2}"
9,12,TPC,NONE,0.6767606230339953,0.0316734244711909,493590699.52,371081404.10013264,1846388.64,1628713.401463594,0.7347140280294335,0.0010516885365254,0.07,0.0,GREEDY_HV,"['SPC_MBFLIP', 'TPC_MNUF', 'TPC_MPOLY', 'SPC_MPOLY', 'UC_MPOLY', 'SPC_MPOLY', 'SPC_NONE', 'TPC_NONE', 'UC_NONE', 'TPC_NONE', 'SBX_MPOLY', 'SBX_MPOLY', 'TPC_NONE']","{'TPC_MNUF': 1, 'TPC_MPOLY': 1, 'SPC_MPOLY': 2, 'UC_MPOLY': 1, 'SPC_NONE': 1, 'TPC_NONE': 3, 'UC_NONE': 1, 'SBX_MPOLY': 2}"
9,13,SPC,NONE,0.6769404035100183,0.0333327417839025,492488872.96,389063369.4833637,1757506.72,1648442.584167335,0.7351088462470766,0.000394818217643,0.05,0.0,GREEDY_HV,"['SPC_MBFLIP', 'TPC_MNUF', 'TPC_MPOLY', 'SPC_MPOLY', 'UC_MPOLY', 'SPC_MPOLY', 'SPC_NONE', 'TPC_NONE', 'UC_NONE', 'TPC_NONE', 'SBX_MPOLY', 'SBX_MPOLY', 'TPC_NONE', 'SPC_NONE']","{'TPC_MNUF': 1, 'TPC_MPOLY': 1, 'SPC_MPOLY': 2, 'UC_MPOLY': 1, 'SPC_NONE': 2, 'TPC_NONE': 3, 'UC_NONE': 1, 'SBX_MPOLY': 2}"
9,14,SPC,NONE,0.6786668788298507,0.0349414793239272,490402773.76,374976479.1774082,1922333.6,1648434.5732760648,0.7356537752994798,0.0005449290524032,0.03,0.0,GREEDY_HV,"['SPC_MBFLIP', 'TPC_MNUF', 'TPC_MPOLY', 'SPC_MPOLY', 'UC_MPOLY', 'SPC_MPOLY', 'SPC_NONE', 'TPC_NONE', 'UC_NONE', 'TPC_NONE', 'SBX_MPOLY', 'SBX_MPOLY', 'TPC_NONE', 'SPC_NONE', 'SPC_NONE']","{'TPC_MNUF': 1, 'TPC_MPOLY': 1, 'SPC_MPOLY': 2, 'UC_MPOLY': 1, 'SPC_NONE': 3, 'TPC_NONE': 3, 'UC_NONE': 1, 'SBX_MPOLY': 2}"
9,15,UC,MPOLY,0.6759692163331649,0.035861876890307,461805597.44,365112113.67387176,1760135.84,1591995.5201305738,0.7373927837960923,0.0017390084966124,0.03,0.005,GREEDY_HV,"['SPC_MBFLIP', 'TPC_MNUF', 'TPC_MPOLY', 'SPC_MPOLY', 'UC_MPOLY', 'SPC_MPOLY', 'SPC_NONE', 'TPC_NONE', 'UC_NONE', 'TPC_NONE', 'SBX_MPOLY', 'SBX_MPOLY', 'TPC_NONE', 'SPC_NONE', 'SPC_NONE', 'UC_MPOLY']","{'TPC_MNUF': 1, 'TPC_MPOLY': 1, 'SPC_MPOLY': 2, 'UC_MPOLY': 2, 'SPC_NONE': 3, 'TPC_NONE': 3, 'UC_NONE': 1, 'SBX_MPOLY': 2}"
9,16,SBX,MPOLY,0.6739619079086342,0.0369236837028606,431872103.68,349420872.30968046,1650566.56,1527812.8363306832,0.7379250412362005,0.0005322574401082,0.0,0.09,GREEDY_HV,"['SPC_MBFLIP', 'TPC_MNUF', 'TPC_MPOLY', 'SPC_MPOLY', 'UC_MPOLY', 'SPC_MPOLY', 'SPC_NONE', 'TPC_NONE', 'UC_NONE', 'TPC_NONE', 'SBX_MPOLY', 'SBX_MPOLY', 'TPC_NONE', 'SPC_NONE', 'SPC_NONE', 'UC_MPOLY', 'SBX_MPOLY']","{'TPC_MNUF': 1, 'TPC_MPOLY': 1, 'SPC_MPOLY': 2, 'UC_MPOLY': 2, 'SPC_NONE': 3, 'TPC_NONE': 3, 'UC_NONE': 1, 'SBX_MPOLY': 3}"
9,17,SPC,NONE,0.6737957820798074,0.0426554367208228,461962656.0,366878128.7348601,1779608.48,1481024.2872513095,0.7383835321577588,0.0004584909215582,0.05,0.0,GREEDY_HV,"['SPC_MBFLIP', 'TPC_MNUF', 'TPC_MPOLY', 'SPC_MPOLY', 'UC_MPOLY', 'SPC_MPOLY', 'SPC_NONE', 'TPC_NONE', 'UC_NONE', 'TPC_NONE', 'SBX_MPOLY', 'SBX_MPOLY', 'TPC_NONE', 'SPC_NONE', 'SPC_NONE', 'UC_MPOLY', 'SBX_MPOLY', 'SPC_NONE']","{'TPC_MNUF': 1, 'TPC_MPOLY': 1, 'SPC_MPOLY': 2, 'UC_MPOLY': 2, 'SPC_NONE': 4, 'TPC_NONE': 3, 'UC_NONE': 1, 'SBX_MPOLY': 3}"
9,18,UC,NONE,0.6777925985645444,0.0386905028939053,417642622.72,302537951.9709433,1686190.24,1391841.1463704114,0.7385432537660284,0.0001597216082696,0.02,0.0,GREEDY_HV,"['SPC_MBFLIP', 'TPC_MNUF', 'TPC_MPOLY', 'SPC_MPOLY', 'UC_MPOLY', 'SPC_MPOLY', 'SPC_NONE', 'TPC_NONE', 'UC_NONE', 'TPC_NONE', 'SBX_MPOLY', 'SBX_MPOLY', 'TPC_NONE', 'SPC_NONE', 'SPC_NONE', 'UC_MPOLY', 'SBX_MPOLY', 'SPC_NONE', 'UC_NONE']","{'TPC_MNUF': 1, 'TPC_MPOLY': 1, 'SPC_MPOLY': 2, 'UC_MPOLY': 2, 'SPC_NONE': 4, 'TPC_NONE': 3, 'UC_NONE': 2, 'SBX_MPOLY': 3}"
9,19,TPC,NONE,0.6891957174426764,0.0243769515034739,456644913.92,292618142.3952552,1925450.4,1400932.0642038856,0.7388477689241707,0.0003045151581423,0.03,0.0,GREEDY_HV,"['SPC_MBFLIP', 'TPC_MNUF', 'TPC_MPOLY', 'SPC_MPOLY', 'UC_MPOLY', 'SPC_MPOLY', 'SPC_NONE', 'TPC_NONE', 'UC_NONE', 'TPC_NONE', 'SBX_MPOLY', 'SBX_MPOLY', 'TPC_NONE', 'SPC_NONE', 'SPC_NONE', 'UC_MPOLY', 'SBX_MPOLY', 'SPC_NONE', 'UC_NONE', 'TPC_NONE']","{'TPC_MNUF': 1, 'TPC_MPOLY': 1, 'SPC_MPOLY': 2, 'UC_MPOLY': 2, 'SPC_NONE': 4, 'TPC_NONE': 4, 'UC_NONE': 2, 'SBX_MPOLY': 3}"
9,20,UC,MPOLY,0.6893124357804175,0.0242193910615501,452986123.52,293724193.68857706,1913661.6,1416408.5903500018,0.7400253487726689,0.0011775798484982,0.02,0.0,GREEDY_HV,"['SPC_MBFLIP', 'TPC_MNUF', 'TPC_MPOLY', 'SPC_MPOLY', 'UC_MPOLY', 'SPC_MPOLY', 'SPC_NONE', 'TPC_NONE', 'UC_NONE', 'TPC_NONE', 'SBX_MPOLY', 'SBX_MPOLY', 'TPC_NONE', 'SPC_NONE', 'SPC_NONE', 'UC_MPOLY', 'SBX_MPOLY', 'SPC_NONE', 'UC_NONE', 'TPC_NONE', 'UC_MPOLY']","{'TPC_MNUF': 1, 'TPC_MPOLY': 1, 'SPC_MPOLY': 2, 'UC_MPOLY': 3, 'SPC_NONE': 4, 'TPC_NONE': 4, 'UC_NONE': 2, 'SBX_MPOLY': 3}"
9,21,UC,NONE,0.6898939081604706,0.0270743521017116,496346137.6,328358948.73230976,2043342.24,1506558.9409877672,0.7401433383230038,0.0001179895503349,0.02,0.0,GREEDY_HV,"['SPC_MBFLIP', 'TPC_MNUF', 'TPC_MPOLY', 'SPC_MPOLY', 'UC_MPOLY', 'SPC_MPOLY', 'SPC_NONE', 'TPC_NONE', 'UC_NONE', 'TPC_NONE', 'SBX_MPOLY', 'SBX_MPOLY', 'TPC_NONE', 'SPC_NONE', 'SPC_NONE', 'UC_MPOLY', 'SBX_MPOLY', 'SPC_NONE', 'UC_NONE', 'TPC_NONE', 'UC_MPOLY', 'UC_NONE']","{'TPC_MNUF': 1, 'TPC_MPOLY': 1, 'SPC_MPOLY': 2, 'UC_MPOLY': 3, 'SPC_NONE': 4, 'TPC_NONE': 4, 'UC_NONE': 3, 'SBX_MPOLY': 3}"
9,22,TPC,NONE,0.6907663654899153,0.0265911755347726,484751106.56,328896919.4957013,2094631.84,1523557.932044691,0.740182377573722,3.903925071813141e-05,0.03,0.0,GREEDY_HV,"['SPC_MBFLIP', 'TPC_MNUF', 'TPC_MPOLY', 'SPC_MPOLY', 'UC_MPOLY', 'SPC_MPOLY', 'SPC_NONE', 'TPC_NONE', 'UC_NONE', 'TPC_NONE', 'SBX_MPOLY', 'SBX_MPOLY', 'TPC_NONE', 'SPC_NONE', 'SPC_NONE', 'UC_MPOLY', 'SBX_MPOLY', 'SPC_NONE', 'UC_NONE', 'TPC_NONE', 'UC_MPOLY', 'UC_NONE', 'TPC_NONE']","{'TPC_MNUF': 1, 'TPC_MPOLY': 1, 'SPC_MPOLY': 2, 'UC_MPOLY': 3, 'SPC_NONE': 4, 'TPC_NONE': 5, 'UC_NONE': 3, 'SBX_MPOLY': 3}"
9,23,UC,NONE,0.6912889138813543,0.0265231079373831,483020812.8,315362572.89315987,2070674.08,1505847.1281055834,0.740286500684206,0.000104123110484,0.03,0.0,GREEDY_HV,"['SPC_MBFLIP', 'TPC_MNUF', 'TPC_MPOLY', 'SPC_MPOLY', 'UC_MPOLY', 'SPC_MPOLY', 'SPC_NONE', 'TPC_NONE', 'UC_NONE', 'TPC_NONE', 'SBX_MPOLY', 'SBX_MPOLY', 'TPC_NONE', 'SPC_NONE', 'SPC_NONE', 'UC_MPOLY', 'SBX_MPOLY', 'SPC_NONE', 'UC_NONE', 'TPC_NONE', 'UC_MPOLY', 'UC_NONE', 'TPC_NONE', 'UC_NONE']","{'TPC_MNUF': 1, 'TPC_MPOLY': 1, 'SPC_MPOLY': 2, 'UC_MPOLY': 3, 'SPC_NONE': 4, 'TPC_NONE': 5, 'UC_NONE': 4, 'SBX_MPOLY': 3}"
9,24,SPC,MPOLY,0.6908657836047746,0.0267728529918939,487687237.12,326209074.28031296,2098474.4,1573256.610829906,0.7404246020502137,0.0001381013660076,0.01,0.005,GREEDY_HV,"['SPC_MBFLIP', 'TPC_MNUF', 'TPC_MPOLY', 'SPC_MPOLY', 'UC_MPOLY', 'SPC_MPOLY', 'SPC_NONE', 'TPC_NONE', 'UC_NONE', 'TPC_NONE', 'SBX_MPOLY', 'SBX_MPOLY', 'TPC_NONE', 'SPC_NONE', 'SPC_NONE', 'UC_MPOLY', 'SBX_MPOLY', 'SPC_NONE', 'UC_NONE', 'TPC_NONE', 'UC_MPOLY', 'UC_NONE', 'TPC_NONE', 'UC_NONE', 'SPC_MPOLY']","{'TPC_MNUF': 1, 'TPC_MPOLY': 1, 'SPC_MPOLY': 3, 'UC_MPOLY': 3, 'SPC_NONE': 4, 'TPC_NONE': 5, 'UC_NONE': 4, 'SBX_MPOLY': 3}"
9,25,SPC,NONE,0.6945394285027223,0.0258920063412198,530743022.08,330210131.79491884,2340313.76,1590455.882136975,0.7404771216909121,5.251964069841186e-05,0.02,0.0,GREEDY_HV,"['SPC_MBFLIP', 'TPC_MNUF', 'TPC_MPOLY', 'SPC_MPOLY', 'UC_MPOLY', 'SPC_MPOLY', 'SPC_NONE', 'TPC_NONE', 'UC_NONE', 'TPC_NONE', 'SBX_MPOLY', 'SBX_MPOLY', 'TPC_NONE', 'SPC_NONE', 'SPC_NONE', 'UC_MPOLY', 'SBX_MPOLY', 'SPC_NONE', 'UC_NONE', 'TPC_NONE', 'UC_MPOLY', 'UC_NONE', 'TPC_NONE', 'UC_NONE', 'SPC_MPOLY', 'SPC_NONE']","{'TPC_MNUF': 1, 'TPC_MPOLY': 1, 'SPC_MPOLY': 3, 'UC_MPOLY': 3, 'SPC_NONE': 5, 'TPC_NONE': 5, 'UC_NONE': 4, 'SBX_MPOLY': 3}"
9,26,SPC,NONE,0.6925077586346262,0.0264415140857055,497704609.28,330033270.3473495,2241506.72,1616161.6055300287,0.7405086824361808,3.156074526877717e-05,0.03,0.0,GREEDY_HV,"['SPC_MBFLIP', 'TPC_MNUF', 'TPC_MPOLY', 'SPC_MPOLY', 'UC_MPOLY', 'SPC_MPOLY', 'SPC_NONE', 'TPC_NONE', 'UC_NONE', 'TPC_NONE', 'SBX_MPOLY', 'SBX_MPOLY', 'TPC_NONE', 'SPC_NONE', 'SPC_NONE', 'UC_MPOLY', 'SBX_MPOLY', 'SPC_NONE', 'UC_NONE', 'TPC_NONE', 'UC_MPOLY', 'UC_NONE', 'TPC_NONE', 'UC_NONE', 'SPC_MPOLY', 'SPC_NONE', 'SPC_NONE']","{'TPC_MNUF': 1, 'TPC_MPOLY': 1, 'SPC_MPOLY': 3, 'UC_MPOLY': 3, 'SPC_NONE': 6, 'TPC_NONE': 5, 'UC_NONE': 4, 'SBX_MPOLY': 3}"
9,27,NONE,MPOLY,0.6908848753721295,0.028969861011974,492679845.12,332366593.055357,2218844.32,1633517.7333009085,0.7405516892169961,4.300678081525788e-05,0.0,0.0,GREEDY_HV,"['SPC_MBFLIP', 'TPC_MNUF', 'TPC_MPOLY', 'SPC_MPOLY', 'UC_MPOLY', 'SPC_MPOLY', 'SPC_NONE', 'TPC_NONE', 'UC_NONE', 'TPC_NONE', 'SBX_MPOLY', 'SBX_MPOLY', 'TPC_NONE', 'SPC_NONE', 'SPC_NONE', 'UC_MPOLY', 'SBX_MPOLY', 'SPC_NONE', 'UC_NONE', 'TPC_NONE', 'UC_MPOLY', 'UC_NONE', 'TPC_NONE', 'UC_NONE', 'SPC_MPOLY', 'SPC_NONE', 'SPC_NONE', 'NONE_MPOLY']","{'TPC_MNUF': 1, 'TPC_MPOLY': 1, 'SPC_MPOLY': 3, 'UC_MPOLY': 3, 'SPC_NONE': 6, 'TPC_NONE': 5, 'UC_NONE': 4, 'SBX_MPOLY': 3, 'NONE_MPOLY': 1}"
9,28,SPC,NONE,0.6917123559681855,0.0295414528150331,499315128.32,326326003.5195714,2286287.52,1613770.6802582603,0.7413594248231896,0.0008077356061935,0.02,0.0,GREEDY_HV,"['SPC_MBFLIP', 'TPC_MNUF', 'TPC_MPOLY', 'SPC_MPOLY', 'UC_MPOLY', 'SPC_MPOLY', 'SPC_NONE', 'TPC_NONE', 'UC_NONE', 'TPC_NONE', 'SBX_MPOLY', 'SBX_MPOLY', 'TPC_NONE', 'SPC_NONE', 'SPC_NONE', 'UC_MPOLY', 'SBX_MPOLY', 'SPC_NONE', 'UC_NONE', 'TPC_NONE', 'UC_MPOLY', 'UC_NONE', 'TPC_NONE', 'UC_NONE', 'SPC_MPOLY', 'SPC_NONE', 'SPC_NONE', 'NONE_MPOLY', 'SPC_NONE']","{'TPC_MNUF': 1, 'TPC_MPOLY': 1, 'SPC_MPOLY': 3, 'UC_MPOLY': 3, 'SPC_NONE': 7, 'TPC_NONE': 5, 'UC_NONE': 4, 'SBX_MPOLY': 3, 'NONE_MPOLY': 1}"
9,29,SBX,MPOLY,0.6890158285826786,0.0337096579111035,489679592.96,333081885.20188177,2244164.0,1613094.1123445465,0.7416717748537365,0.0003123500305468,0.0,0.04,GREEDY_HV,"['SPC_MBFLIP', 'TPC_MNUF', 'TPC_MPOLY', 'SPC_MPOLY', 'UC_MPOLY', 'SPC_MPOLY', 'SPC_NONE', 'TPC_NONE', 'UC_NONE', 'TPC_NONE', 'SBX_MPOLY', 'SBX_MPOLY', 'TPC_NONE', 'SPC_NONE', 'SPC_NONE', 'UC_MPOLY', 'SBX_MPOLY', 'SPC_NONE', 'UC_NONE', 'TPC_NONE', 'UC_MPOLY', 'UC_NONE', 'TPC_NONE', 'UC_NONE', 'SPC_MPOLY', 'SPC_NONE', 'SPC_NONE', 'NONE_MPOLY', 'SPC_NONE', 'SBX_MPOLY']","{'TPC_MNUF': 1, 'TPC_MPOLY': 1, 'SPC_MPOLY': 3, 'UC_MPOLY': 3, 'SPC_NONE': 7, 'TPC_NONE': 5, 'UC_NONE': 4, 'SBX_MPOLY': 4, 'NONE_MPOLY': 1}"
9,30,TPC,NONE,0.6874026667100637,0.0359357034723747,514380741.12,354452954.3920664,2242567.84,1699379.5584180884,0.7417476812826557,7.590642891919241e-05,0.0,0.0,GREEDY_HV,"['SPC_MBFLIP', 'TPC_MNUF', 'TPC_MPOLY', 'SPC_MPOLY', 'UC_MPOLY', 'SPC_MPOLY', 'SPC_NONE', 'TPC_NONE', 'UC_NONE', 'TPC_NONE', 'SBX_MPOLY', 'SBX_MPOLY', 'TPC_NONE', 'SPC_NONE', 'SPC_NONE', 'UC_MPOLY', 'SBX_MPOLY', 'SPC_NONE', 'UC_NONE', 'TPC_NONE', 'UC_MPOLY', 'UC_NONE', 'TPC_NONE', 'UC_NONE', 'SPC_MPOLY', 'SPC_NONE', 'SPC_NONE', 'NONE_MPOLY', 'SPC_NONE', 'SBX_MPOLY', 'TPC_NONE']","{'TPC_MNUF': 1, 'TPC_MPOLY': 1, 'SPC_MPOLY': 3, 'UC_MPOLY': 3, 'SPC_NONE': 7, 'TPC_NONE': 6, 'UC_NONE': 4, 'SBX_MPOLY': 4, 'NONE_MPOLY': 1}"
9,31,SBX,NONE,0.6845333677918378,0.0387404479499404,552335488.0,669321699.4217659,2264847.52,1829496.1311774808,0.7431688861097674,0.0014212048271117,0.0,0.0,GREEDY_HV,"['SPC_MBFLIP', 'TPC_MNUF', 'TPC_MPOLY', 'SPC_MPOLY', 'UC_MPOLY', 'SPC_MPOLY', 'SPC_NONE', 'TPC_NONE', 'UC_NONE', 'TPC_NONE', 'SBX_MPOLY', 'SBX_MPOLY', 'TPC_NONE', 'SPC_NONE', 'SPC_NONE', 'UC_MPOLY', 'SBX_MPOLY', 'SPC_NONE', 'UC_NONE', 'TPC_NONE', 'UC_MPOLY', 'UC_NONE', 'TPC_NONE', 'UC_NONE', 'SPC_MPOLY', 'SPC_NONE', 'SPC_NONE', 'NONE_MPOLY', 'SPC_NONE', 'SBX_MPOLY', 'TPC_NONE', 'SBX_NONE']","{'TPC_MNUF': 1, 'TPC_MPOLY': 1, 'SPC_MPOLY': 3, 'UC_MPOLY': 3, 'SPC_NONE': 7, 'TPC_NONE': 6, 'UC_NONE': 4, 'SBX_MPOLY': 4, 'NONE_MPOLY': 1, 'SBX_NONE': 1}"
9,32,TPC,NONE,0.6846737543745164,0.0386173292515341,591854366.72,865901308.5252337,2327061.92,1931198.136301709,0.7431905778760712,2.1691766303844066e-05,0.0,0.0,GREEDY_HV,"['SPC_MBFLIP', 'TPC_MNUF', 'TPC_MPOLY', 'SPC_MPOLY', 'UC_MPOLY', 'SPC_MPOLY', 'SPC_NONE', 'TPC_NONE', 'UC_NONE', 'TPC_NONE', 'SBX_MPOLY', 'SBX_MPOLY', 'TPC_NONE', 'SPC_NONE', 'SPC_NONE', 'UC_MPOLY', 'SBX_MPOLY', 'SPC_NONE', 'UC_NONE', 'TPC_NONE', 'UC_MPOLY', 'UC_NONE', 'TPC_NONE', 'UC_NONE', 'SPC_MPOLY', 'SPC_NONE', 'SPC_NONE', 'NONE_MPOLY', 'SPC_NONE', 'SBX_MPOLY', 'TPC_NONE', 'SBX_NONE', 'TPC_NONE']","{'TPC_MNUF': 1, 'TPC_MPOLY': 1, 'SPC_MPOLY': 3, 'UC_MPOLY': 3, 'SPC_NONE': 7, 'TPC_NONE': 7, 'UC_NONE': 4, 'SBX_MPOLY': 4, 'NONE_MPOLY': 1, 'SBX_NONE': 1}"
9,33,UC,NONE,0.6852975120991494,0.037954500046477,593189720.32,867907812.7034711,2350694.56,1924699.4410822291,0.743224975412871,3.439753679979063e-05,0.0,0.0,GREEDY_HV,"['SPC_MBFLIP', 'TPC_MNUF', 'TPC_MPOLY', 'SPC_MPOLY', 'UC_MPOLY', 'SPC_MPOLY', 'SPC_NONE', 'TPC_NONE', 'UC_NONE', 'TPC_NONE', 'SBX_MPOLY', 'SBX_MPOLY', 'TPC_NONE', 'SPC_NONE', 'SPC_NONE', 'UC_MPOLY', 'SBX_MPOLY', 'SPC_NONE', 'UC_NONE', 'TPC_NONE', 'UC_MPOLY', 'UC_NONE', 'TPC_NONE', 'UC_NONE', 'SPC_MPOLY', 'SPC_NONE', 'SPC_NONE', 'NONE_MPOLY', 'SPC_NONE', 'SBX_MPOLY', 'TPC_NONE', 'SBX_NONE', 'TPC_NONE', 'UC_NONE']","{'TPC_MNUF': 1, 'TPC_MPOLY': 1, 'SPC_MPOLY': 3, 'UC_MPOLY': 3, 'SPC_NONE': 7, 'TPC_NONE': 7, 'UC_NONE': 5, 'SBX_MPOLY': 4, 'NONE_MPOLY': 1, 'SBX_NONE': 1}"
9,34,UC,MPOLY,0.6834058930611391,0.0381250708340813,580018888.96,868006530.4231985,2230475.68,1952351.0483188971,0.7431965712626628,-2.8404150208216628e-05,0.01,0.005,GREEDY_HV,"['SPC_MBFLIP', 'TPC_MNUF', 'TPC_MPOLY', 'SPC_MPOLY', 'UC_MPOLY', 'SPC_MPOLY', 'SPC_NONE', 'TPC_NONE', 'UC_NONE', 'TPC_NONE', 'SBX_MPOLY', 'SBX_MPOLY', 'TPC_NONE', 'SPC_NONE', 'SPC_NONE', 'UC_MPOLY', 'SBX_MPOLY', 'SPC_NONE', 'UC_NONE', 'TPC_NONE', 'UC_MPOLY', 'UC_NONE', 'TPC_NONE', 'UC_NONE', 'SPC_MPOLY', 'SPC_NONE', 'SPC_NONE', 'NONE_MPOLY', 'SPC_NONE', 'SBX_MPOLY', 'TPC_NONE', 'SBX_NONE', 'TPC_NONE', 'UC_NONE', 'UC_MPOLY']","{'TPC_MNUF': 1, 'TPC_MPOLY': 1, 'SPC_MPOLY': 3, 'UC_MPOLY': 4, 'SPC_NONE': 7, 'TPC_NONE': 7, 'UC_NONE': 5, 'SBX_MPOLY': 4, 'NONE_MPOLY': 1, 'SBX_NONE': 1}"
9,35,SPC,NONE,0.6822229643563977,0.039599423493908,576520913.92,869677823.3840494,2275289.76,1987162.754757592,0.7432218729429223,2.5301680259492976e-05,0.0,0.0,GREEDY_HV,"['SPC_MBFLIP', 'TPC_MNUF', 'TPC_MPOLY', 'SPC_MPOLY', 'UC_MPOLY', 'SPC_MPOLY', 'SPC_NONE', 'TPC_NONE', 'UC_NONE', 'TPC_NONE', 'SBX_MPOLY', 'SBX_MPOLY', 'TPC_NONE', 'SPC_NONE', 'SPC_NONE', 'UC_MPOLY', 'SBX_MPOLY', 'SPC_NONE', 'UC_NONE', 'TPC_NONE', 'UC_MPOLY', 'UC_NONE', 'TPC_NONE', 'UC_NONE', 'SPC_MPOLY', 'SPC_NONE', 'SPC_NONE', 'NONE_MPOLY', 'SPC_NONE', 'SBX_MPOLY', 'TPC_NONE', 'SBX_NONE', 'TPC_NONE', 'UC_NONE', 'UC_MPOLY', 'SPC_NONE']","{'TPC_MNUF': 1, 'TPC_MPOLY': 1, 'SPC_MPOLY': 3, 'UC_MPOLY': 4, 'SPC_NONE': 8, 'TPC_NONE': 7, 'UC_NONE': 5, 'SBX_MPOLY': 4, 'NONE_MPOLY': 1, 'SBX_NONE': 1}"
9,36,UC,NONE,0.6812740629672649,0.0394503149156507,577488926.72,870824445.6906902,2184879.52,1988302.0259846863,0.7432498336660737,2.7960723151365663e-05,0.0,0.0,GREEDY_HV,"['SPC_MBFLIP', 'TPC_MNUF', 'TPC_MPOLY', 'SPC_MPOLY', 'UC_MPOLY', 'SPC_MPOLY', 'SPC_NONE', 'TPC_NONE', 'UC_NONE', 'TPC_NONE', 'SBX_MPOLY', 'SBX_MPOLY', 'TPC_NONE', 'SPC_NONE', 'SPC_NONE', 'UC_MPOLY', 'SBX_MPOLY', 'SPC_NONE', 'UC_NONE', 'TPC_NONE', 'UC_MPOLY', 'UC_NONE', 'TPC_NONE', 'UC_NONE', 'SPC_MPOLY', 'SPC_NONE', 'SPC_NONE', 'NONE_MPOLY', 'SPC_NONE', 'SBX_MPOLY', 'TPC_NONE', 'SBX_NONE', 'TPC_NONE', 'UC_NONE', 'UC_MPOLY', 'SPC_NONE', 'UC_NONE']","{'TPC_MNUF': 1, 'TPC_MPOLY': 1, 'SPC_MPOLY': 3, 'UC_MPOLY': 4, 'SPC_NONE': 8, 'TPC_NONE': 7, 'UC_NONE': 6, 'SBX_MPOLY': 4, 'NONE_MPOLY': 1, 'SBX_NONE': 1}"
9,37,TPC,NONE,0.6826973270960227,0.0395538967366179,580925153.28,870364239.7846023,2282054.56,1974634.8503783697,0.7432436680866585,-6.165579415129408e-06,0.0,0.0,GREEDY_HV,"['SPC_MBFLIP', 'TPC_MNUF', 'TPC_MPOLY', 'SPC_MPOLY', 'UC_MPOLY', 'SPC_MPOLY', 'SPC_NONE', 'TPC_NONE', 'UC_NONE', 'TPC_NONE', 'SBX_MPOLY', 'SBX_MPOLY', 'TPC_NONE', 'SPC_NONE', 'SPC_NONE', 'UC_MPOLY', 'SBX_MPOLY', 'SPC_NONE', 'UC_NONE', 'TPC_NONE', 'UC_MPOLY', 'UC_NONE', 'TPC_NONE', 'UC_NONE', 'SPC_MPOLY', 'SPC_NONE', 'SPC_NONE', 'NONE_MPOLY', 'SPC_NONE', 'SBX_MPOLY', 'TPC_NONE', 'SBX_NONE', 'TPC_NONE', 'UC_NONE', 'UC_MPOLY', 'SPC_NONE', 'UC_NONE', 'TPC_NONE']","{'TPC_MNUF': 1, 'TPC_MPOLY': 1, 'SPC_MPOLY': 3, 'UC_MPOLY': 4, 'SPC_NONE': 8, 'TPC_NONE': 8, 'UC_NONE': 6, 'SBX_MPOLY': 4, 'NONE_MPOLY': 1, 'SBX_NONE': 1}"
9,38,SPC,NONE,0.6816144283698929,0.0399137889022756,589327708.16,872873414.7046692,2251470.24,1996667.9930154288,0.7432342457145784,-9.42237208012564e-06,0.0,0.0,GREEDY_HV,"['SPC_MBFLIP', 'TPC_MNUF', 'TPC_MPOLY', 'SPC_MPOLY', 'UC_MPOLY', 'SPC_MPOLY', 'SPC_NONE', 'TPC_NONE', 'UC_NONE', 'TPC_NONE', 'SBX_MPOLY', 'SBX_MPOLY', 'TPC_NONE', 'SPC_NONE', 'SPC_NONE', 'UC_MPOLY', 'SBX_MPOLY', 'SPC_NONE', 'UC_NONE', 'TPC_NONE', 'UC_MPOLY', 'UC_NONE', 'TPC_NONE', 'UC_NONE', 'SPC_MPOLY', 'SPC_NONE', 'SPC_NONE', 'NONE_MPOLY', 'SPC_NONE', 'SBX_MPOLY', 'TPC_NONE', 'SBX_NONE', 'TPC_NONE', 'UC_NONE', 'UC_MPOLY', 'SPC_NONE', 'UC_NONE', 'TPC_NONE', 'SPC_NONE']","{'TPC_MNUF': 1, 'TPC_MPOLY': 1, 'SPC_MPOLY': 3, 'UC_MPOLY': 4, 'SPC_NONE': 9, 'TPC_NONE': 8, 'UC_NONE': 6, 'SBX_MPOLY': 4, 'NONE_MPOLY': 1, 'SBX_NONE': 1}"
9,39,UC,NONE,0.6843956927770591,0.0393345134799011,658828451.84,1026701417.8459952,2356405.92,2018392.3141729592,0.7431594213024395,-7.482441213890745e-05,0.01,0.0,GREEDY_HV,"['SPC_MBFLIP', 'TPC_MNUF', 'TPC_MPOLY', 'SPC_MPOLY', 'UC_MPOLY', 'SPC_MPOLY', 'SPC_NONE', 'TPC_NONE', 'UC_NONE', 'TPC_NONE', 'SBX_MPOLY', 'SBX_MPOLY', 'TPC_NONE', 'SPC_NONE', 'SPC_NONE', 'UC_MPOLY', 'SBX_MPOLY', 'SPC_NONE', 'UC_NONE', 'TPC_NONE', 'UC_MPOLY', 'UC_NONE', 'TPC_NONE', 'UC_NONE', 'SPC_MPOLY', 'SPC_NONE', 'SPC_NONE', 'NONE_MPOLY', 'SPC_NONE', 'SBX_MPOLY', 'TPC_NONE', 'SBX_NONE', 'TPC_NONE', 'UC_NONE', 'UC_MPOLY', 'SPC_NONE', 'UC_NONE', 'TPC_NONE', 'SPC_NONE', 'UC_NONE']","{'TPC_MNUF': 1, 'TPC_MPOLY': 1, 'SPC_MPOLY': 3, 'UC_MPOLY': 4, 'SPC_NONE': 9, 'TPC_NONE': 8, 'UC_NONE': 7, 'SBX_MPOLY': 4, 'NONE_MPOLY': 1, 'SBX_NONE': 1}"
9,40,TPC,NONE,0.6831788294607386,0.0398464474337303,702884080.64,1164562742.2382767,2320791.2,2125670.856873038,0.7431827873613279,2.336605888841881e-05,0.01,0.0,GREEDY_HV,"['SPC_MBFLIP', 'TPC_MNUF', 'TPC_MPOLY', 'SPC_MPOLY', 'UC_MPOLY', 'SPC_MPOLY', 'SPC_NONE', 'TPC_NONE', 'UC_NONE', 'TPC_NONE', 'SBX_MPOLY', 'SBX_MPOLY', 'TPC_NONE', 'SPC_NONE', 'SPC_NONE', 'UC_MPOLY', 'SBX_MPOLY', 'SPC_NONE', 'UC_NONE', 'TPC_NONE', 'UC_MPOLY', 'UC_NONE', 'TPC_NONE', 'UC_NONE', 'SPC_MPOLY', 'SPC_NONE', 'SPC_NONE', 'NONE_MPOLY', 'SPC_NONE', 'SBX_MPOLY', 'TPC_NONE', 'SBX_NONE', 'TPC_NONE', 'UC_NONE', 'UC_MPOLY', 'SPC_NONE', 'UC_NONE', 'TPC_NONE', 'SPC_NONE', 'UC_NONE', 'TPC_NONE']","{'TPC_MNUF': 1, 'TPC_MPOLY': 1, 'SPC_MPOLY': 3, 'UC_MPOLY': 4, 'SPC_NONE': 9, 'TPC_NONE': 9, 'UC_NONE': 7, 'SBX_MPOLY': 4, 'NONE_MPOLY': 1, 'SBX_NONE': 1}"
9,41,SPC,NONE,0.6845538186183731,0.03975640039492,764058414.08,1272354599.718257,2404174.24,2116104.095222261,0.7431774876123729,-5.299748955023276e-06,0.0,0.0,GREEDY_HV,"['SPC_MBFLIP', 'TPC_MNUF', 'TPC_MPOLY', 'SPC_MPOLY', 'UC_MPOLY', 'SPC_MPOLY', 'SPC_NONE', 'TPC_NONE', 'UC_NONE', 'TPC_NONE', 'SBX_MPOLY', 'SBX_MPOLY', 'TPC_NONE', 'SPC_NONE', 'SPC_NONE', 'UC_MPOLY', 'SBX_MPOLY', 'SPC_NONE', 'UC_NONE', 'TPC_NONE', 'UC_MPOLY', 'UC_NONE', 'TPC_NONE', 'UC_NONE', 'SPC_MPOLY', 'SPC_NONE', 'SPC_NONE', 'NONE_MPOLY', 'SPC_NONE', 'SBX_MPOLY', 'TPC_NONE', 'SBX_NONE', 'TPC_NONE', 'UC_NONE', 'UC_MPOLY', 'SPC_NONE', 'UC_NONE', 'TPC_NONE', 'SPC_NONE', 'UC_NONE', 'TPC_NONE', 'SPC_NONE']","{'TPC_MNUF': 1, 'TPC_MPOLY': 1, 'SPC_MPOLY': 3, 'UC_MPOLY': 4, 'SPC_NONE': 10, 'TPC_NONE': 9, 'UC_NONE': 7, 'SBX_MPOLY': 4, 'NONE_MPOLY': 1, 'SBX_NONE': 1}"
9,42,UC,NONE,0.6827604451444773,0.0409964599582993,854246297.6,1440547379.2225437,2414475.68,2227169.940372413,0.7431931260061451,1.5638393772166026e-05,0.0,0.0,GREEDY_HV,"['SPC_MBFLIP', 'TPC_MNUF', 'TPC_MPOLY', 'SPC_MPOLY', 'UC_MPOLY', 'SPC_MPOLY', 'SPC_NONE', 'TPC_NONE', 'UC_NONE', 'TPC_NONE', 'SBX_MPOLY', 'SBX_MPOLY', 'TPC_NONE', 'SPC_NONE', 'SPC_NONE', 'UC_MPOLY', 'SBX_MPOLY', 'SPC_NONE', 'UC_NONE', 'TPC_NONE', 'UC_MPOLY', 'UC_NONE', 'TPC_NONE', 'UC_NONE', 'SPC_MPOLY', 'SPC_NONE', 'SPC_NONE', 'NONE_MPOLY', 'SPC_NONE', 'SBX_MPOLY', 'TPC_NONE', 'SBX_NONE', 'TPC_NONE', 'UC_NONE', 'UC_MPOLY', 'SPC_NONE', 'UC_NONE', 'TPC_NONE', 'SPC_NONE', 'UC_NONE', 'TPC_NONE', 'SPC_NONE', 'UC_NONE']","{'TPC_MNUF': 1, 'TPC_MPOLY': 1, 'SPC_MPOLY': 3, 'UC_MPOLY': 4, 'SPC_NONE': 10, 'TPC_NONE': 9, 'UC_NONE': 8, 'SBX_MPOLY': 4, 'NONE_MPOLY': 1, 'SBX_NONE': 1}"
9,43,TPC,NONE,0.6823526086413503,0.0413654826405154,904582353.92,1499535916.3673558,2429190.56,2278558.942328772,0.7432361649926467,4.303898650159788e-05,0.0,0.0,GREEDY_HV,"['SPC_MBFLIP', 'TPC_MNUF', 'TPC_MPOLY', 'SPC_MPOLY', 'UC_MPOLY', 'SPC_MPOLY', 'SPC_NONE', 'TPC_NONE', 'UC_NONE', 'TPC_NONE', 'SBX_MPOLY', 'SBX_MPOLY', 'TPC_NONE', 'SPC_NONE', 'SPC_NONE', 'UC_MPOLY', 'SBX_MPOLY', 'SPC_NONE', 'UC_NONE', 'TPC_NONE', 'UC_MPOLY', 'UC_NONE', 'TPC_NONE', 'UC_NONE', 'SPC_MPOLY', 'SPC_NONE', 'SPC_NONE', 'NONE_MPOLY', 'SPC_NONE', 'SBX_MPOLY', 'TPC_NONE', 'SBX_NONE', 'TPC_NONE', 'UC_NONE', 'UC_MPOLY', 'SPC_NONE', 'UC_NONE', 'TPC_NONE', 'SPC_NONE', 'UC_NONE', 'TPC_NONE', 'SPC_NONE', 'UC_NONE', 'TPC_NONE']","{'TPC_MNUF': 1, 'TPC_MPOLY': 1, 'SPC_MPOLY': 3, 'UC_MPOLY': 4, 'SPC_NONE': 10, 'TPC_NONE': 10, 'UC_NONE': 8, 'SBX_MPOLY': 4, 'NONE_MPOLY': 1, 'SBX_NONE': 1}"
9,44,TPC,MPOLY,0.6811510960518617,0.040805629145828,705656448.0,1169181042.391007,2249476.0,2140733.526013698,0.7434260180950967,0.00018985310245,0.0,0.005,GREEDY_HV,"['SPC_MBFLIP', 'TPC_MNUF', 'TPC_MPOLY', 'SPC_MPOLY', 'UC_MPOLY', 'SPC_MPOLY', 'SPC_NONE', 'TPC_NONE', 'UC_NONE', 'TPC_NONE', 'SBX_MPOLY', 'SBX_MPOLY', 'TPC_NONE', 'SPC_NONE', 'SPC_NONE', 'UC_MPOLY', 'SBX_MPOLY', 'SPC_NONE', 'UC_NONE', 'TPC_NONE', 'UC_MPOLY', 'UC_NONE', 'TPC_NONE', 'UC_NONE', 'SPC_MPOLY', 'SPC_NONE', 'SPC_NONE', 'NONE_MPOLY', 'SPC_NONE', 'SBX_MPOLY', 'TPC_NONE', 'SBX_NONE', 'TPC_NONE', 'UC_NONE', 'UC_MPOLY', 'SPC_NONE', 'UC_NONE', 'TPC_NONE', 'SPC_NONE', 'UC_NONE', 'TPC_NONE', 'SPC_NONE', 'UC_NONE', 'TPC_NONE', 'TPC_MPOLY']","{'TPC_MNUF': 1, 'TPC_MPOLY': 2, 'SPC_MPOLY': 3, 'UC_MPOLY': 4, 'SPC_NONE': 10, 'TPC_NONE': 10, 'UC_NONE': 8, 'SBX_MPOLY': 4, 'NONE_MPOLY': 1, 'SBX_NONE': 1}"
9,45,UC,MPOLY,0.6796580957557768,0.0411351558138437,492505630.72,402122096.3404132,2084039.84,1898830.696890266,0.7442483046598951,0.0008222865647984,0.0,0.01,GREEDY_HV,"['SPC_MBFLIP', 'TPC_MNUF', 'TPC_MPOLY', 'SPC_MPOLY', 'UC_MPOLY', 'SPC_MPOLY', 'SPC_NONE', 'TPC_NONE', 'UC_NONE', 'TPC_NONE', 'SBX_MPOLY', 'SBX_MPOLY', 'TPC_NONE', 'SPC_NONE', 'SPC_NONE', 'UC_MPOLY', 'SBX_MPOLY', 'SPC_NONE', 'UC_NONE', 'TPC_NONE', 'UC_MPOLY', 'UC_NONE', 'TPC_NONE', 'UC_NONE', 'SPC_MPOLY', 'SPC_NONE', 'SPC_NONE', 'NONE_MPOLY', 'SPC_NONE', 'SBX_MPOLY', 'TPC_NONE', 'SBX_NONE', 'TPC_NONE', 'UC_NONE', 'UC_MPOLY', 'SPC_NONE', 'UC_NONE', 'TPC_NONE', 'SPC_NONE', 'UC_NONE', 'TPC_NONE', 'SPC_NONE', 'UC_NONE', 'TPC_NONE', 'TPC_MPOLY', 'UC_MPOLY']","{'TPC_MNUF': 1, 'TPC_MPOLY': 2, 'SPC_MPOLY': 3, 'UC_MPOLY': 5, 'SPC_NONE': 10, 'TPC_NONE': 10, 'UC_NONE': 8, 'SBX_MPOLY': 4, 'NONE_MPOLY': 1, 'SBX_NONE': 1}"
9,46,UC,NONE,0.6861064126568521,0.0411924156200394,589978388.48,426835828.3390753,2442837.92,1945248.089091485,0.7443306147754938,8.231011559867163e-05,0.01,0.0,GREEDY_HV,"['SPC_MBFLIP', 'TPC_MNUF', 'TPC_MPOLY', 'SPC_MPOLY', 'UC_MPOLY', 'SPC_MPOLY', 'SPC_NONE', 'TPC_NONE', 'UC_NONE', 'TPC_NONE', 'SBX_MPOLY', 'SBX_MPOLY', 'TPC_NONE', 'SPC_NONE', 'SPC_NONE', 'UC_MPOLY', 'SBX_MPOLY', 'SPC_NONE', 'UC_NONE', 'TPC_NONE', 'UC_MPOLY', 'UC_NONE', 'TPC_NONE', 'UC_NONE', 'SPC_MPOLY', 'SPC_NONE', 'SPC_NONE', 'NONE_MPOLY', 'SPC_NONE', 'SBX_MPOLY', 'TPC_NONE', 'SBX_NONE', 'TPC_NONE', 'UC_NONE', 'UC_MPOLY', 'SPC_NONE', 'UC_NONE', 'TPC_NONE', 'SPC_NONE', 'UC_NONE', 'TPC_NONE', 'SPC_NONE', 'UC_NONE', 'TPC_NONE', 'TPC_MPOLY', 'UC_MPOLY', 'UC_NONE']","{'TPC_MNUF': 1, 'TPC_MPOLY': 2, 'SPC_MPOLY': 3, 'UC_MPOLY': 5, 'SPC_NONE': 10, 'TPC_NONE': 10, 'UC_NONE': 9, 'SBX_MPOLY': 4, 'NONE_MPOLY': 1, 'SBX_NONE': 1}"
9,47,UC,NONE,0.6864688860219863,0.0403967026887273,583994485.76,421997427.2670605,2459662.24,1939973.6486002747,0.7445522709193508,0.000221656143857,0.01,0.0,GREEDY_HV,"['SPC_MBFLIP', 'TPC_MNUF', 'TPC_MPOLY', 'SPC_MPOLY', 'UC_MPOLY', 'SPC_MPOLY', 'SPC_NONE', 'TPC_NONE', 'UC_NONE', 'TPC_NONE', 'SBX_MPOLY', 'SBX_MPOLY', 'TPC_NONE', 'SPC_NONE', 'SPC_NONE', 'UC_MPOLY', 'SBX_MPOLY', 'SPC_NONE', 'UC_NONE', 'TPC_NONE', 'UC_MPOLY', 'UC_NONE', 'TPC_NONE', 'UC_NONE', 'SPC_MPOLY', 'SPC_NONE', 'SPC_NONE', 'NONE_MPOLY', 'SPC_NONE', 'SBX_MPOLY', 'TPC_NONE', 'SBX_NONE', 'TPC_NONE', 'UC_NONE', 'UC_MPOLY', 'SPC_NONE', 'UC_NONE', 'TPC_NONE', 'SPC_NONE', 'UC_NONE', 'TPC_NONE', 'SPC_NONE', 'UC_NONE', 'TPC_NONE', 'TPC_MPOLY', 'UC_MPOLY', 'UC_NONE', 'UC_NONE']","{'TPC_MNUF': 1, 'TPC_MPOLY': 2, 'SPC_MPOLY': 3, 'UC_MPOLY': 5, 'SPC_NONE': 10, 'TPC_NONE': 10, 'UC_NONE': 10, 'SBX_MPOLY': 4, 'NONE_MPOLY': 1, 'SBX_NONE': 1}"
9,48,UC,NONE,0.6842360196195716,0.0411453441105091,570359347.2,439483092.6851698,2350328.48,1981535.1482866632,0.7445533679619506,1.09704259976251e-06,0.0,0.0,GREEDY_HV,"['SPC_MBFLIP', 'TPC_MNUF', 'TPC_MPOLY', 'SPC_MPOLY', 'UC_MPOLY', 'SPC_MPOLY', 'SPC_NONE', 'TPC_NONE', 'UC_NONE', 'TPC_NONE', 'SBX_MPOLY', 'SBX_MPOLY', 'TPC_NONE', 'SPC_NONE', 'SPC_NONE', 'UC_MPOLY', 'SBX_MPOLY', 'SPC_NONE', 'UC_NONE', 'TPC_NONE', 'UC_MPOLY', 'UC_NONE', 'TPC_NONE', 'UC_NONE', 'SPC_MPOLY', 'SPC_NONE', 'SPC_NONE', 'NONE_MPOLY', 'SPC_NONE', 'SBX_MPOLY', 'TPC_NONE', 'SBX_NONE', 'TPC_NONE', 'UC_NONE', 'UC_MPOLY', 'SPC_NONE', 'UC_NONE', 'TPC_NONE', 'SPC_NONE', 'UC_NONE', 'TPC_NONE', 'SPC_NONE', 'UC_NONE', 'TPC_NONE', 'TPC_MPOLY', 'UC_MPOLY', 'UC_NONE', 'UC_NONE', 'UC_NONE']","{'TPC_MNUF': 1, 'TPC_MPOLY': 2, 'SPC_MPOLY': 3, 'UC_MPOLY': 5, 'SPC_NONE': 10, 'TPC_NONE': 10, 'UC_NONE': 11, 'SBX_MPOLY': 4, 'NONE_MPOLY': 1, 'SBX_NONE': 1}"
9,49,SPC,NONE,0.6865444267035786,0.0414322954777681,590999669.76,424025707.4349314,2527841.44,1961679.9259550187,0.7445576363607049,4.268398754336822e-06,0.01,0.0,GREEDY_HV,"['SPC_MBFLIP', 'TPC_MNUF', 'TPC_MPOLY', 'SPC_MPOLY', 'UC_MPOLY', 'SPC_MPOLY', 'SPC_NONE', 'TPC_NONE', 'UC_NONE', 'TPC_NONE', 'SBX_MPOLY', 'SBX_MPOLY', 'TPC_NONE', 'SPC_NONE', 'SPC_NONE', 'UC_MPOLY', 'SBX_MPOLY', 'SPC_NONE', 'UC_NONE', 'TPC_NONE', 'UC_MPOLY', 'UC_NONE', 'TPC_NONE', 'UC_NONE', 'SPC_MPOLY', 'SPC_NONE', 'SPC_NONE', 'NONE_MPOLY', 'SPC_NONE', 'SBX_MPOLY', 'TPC_NONE', 'SBX_NONE', 'TPC_NONE', 'UC_NONE', 'UC_MPOLY', 'SPC_NONE', 'UC_NONE', 'TPC_NONE', 'SPC_NONE', 'UC_NONE', 'TPC_NONE', 'SPC_NONE', 'UC_NONE', 'TPC_NONE', 'TPC_MPOLY', 'UC_MPOLY', 'UC_NONE', 'UC_NONE', 'UC_NONE', 'SPC_NONE']","{'TPC_MNUF': 1, 'TPC_MPOLY': 2, 'SPC_MPOLY': 3, 'UC_MPOLY': 5, 'SPC_NONE': 11, 'TPC_NONE': 10, 'UC_NONE': 11, 'SBX_MPOLY': 4, 'NONE_MPOLY': 1, 'SBX_NONE': 1}"
9,50,TPC,NONE,0.6876858155495973,0.0410470452340867,608690252.8,429035328.92032194,2532699.04,1943851.9403756335,0.7445723701381646,1.4733777459641216e-05,0.0,0.0,GREEDY_HV,"['SPC_MBFLIP', 'TPC_MNUF', 'TPC_MPOLY', 'SPC_MPOLY', 'UC_MPOLY', 'SPC_MPOLY', 'SPC_NONE', 'TPC_NONE', 'UC_NONE', 'TPC_NONE', 'SBX_MPOLY', 'SBX_MPOLY', 'TPC_NONE', 'SPC_NONE', 'SPC_NONE', 'UC_MPOLY', 'SBX_MPOLY', 'SPC_NONE', 'UC_NONE', 'TPC_NONE', 'UC_MPOLY', 'UC_NONE', 'TPC_NONE', 'UC_NONE', 'SPC_MPOLY', 'SPC_NONE', 'SPC_NONE', 'NONE_MPOLY', 'SPC_NONE', 'SBX_MPOLY', 'TPC_NONE', 'SBX_NONE', 'TPC_NONE', 'UC_NONE', 'UC_MPOLY', 'SPC_NONE', 'UC_NONE', 'TPC_NONE', 'SPC_NONE', 'UC_NONE', 'TPC_NONE', 'SPC_NONE', 'UC_NONE', 'TPC_NONE', 'TPC_MPOLY', 'UC_MPOLY', 'UC_NONE', 'UC_NONE', 'UC_NONE', 'SPC_NONE', 'TPC_NONE']","{'TPC_MNUF': 1, 'TPC_MPOLY': 2, 'SPC_MPOLY': 3, 'UC_MPOLY': 5, 'SPC_NONE': 11, 'TPC_NONE': 11, 'UC_NONE': 11, 'SBX_MPOLY': 4, 'NONE_MPOLY': 1, 'SBX_NONE': 1}"
9,51,UC,NONE,0.6870214572897595,0.0398639110528753,586385076.48,429892165.8228188,2449596.32,1916685.8937448608,0.7445995318936739,2.716175550931954e-05,0.0,0.0,GREEDY_HV,"['SPC_MBFLIP', 'TPC_MNUF', 'TPC_MPOLY', 'SPC_MPOLY', 'UC_MPOLY', 'SPC_MPOLY', 'SPC_NONE', 'TPC_NONE', 'UC_NONE', 'TPC_NONE', 'SBX_MPOLY', 'SBX_MPOLY', 'TPC_NONE', 'SPC_NONE', 'SPC_NONE', 'UC_MPOLY', 'SBX_MPOLY', 'SPC_NONE', 'UC_NONE', 'TPC_NONE', 'UC_MPOLY', 'UC_NONE', 'TPC_NONE', 'UC_NONE', 'SPC_MPOLY', 'SPC_NONE', 'SPC_NONE', 'NONE_MPOLY', 'SPC_NONE', 'SBX_MPOLY', 'TPC_NONE', 'SBX_NONE', 'TPC_NONE', 'UC_NONE', 'UC_MPOLY', 'SPC_NONE', 'UC_NONE', 'TPC_NONE', 'SPC_NONE', 'UC_NONE', 'TPC_NONE', 'SPC_NONE', 'UC_NONE', 'TPC_NONE', 'TPC_MPOLY', 'UC_MPOLY', 'UC_NONE', 'UC_NONE', 'UC_NONE', 'SPC_NONE', 'TPC_NONE', 'UC_NONE']","{'TPC_MNUF': 1, 'TPC_MPOLY': 2, 'SPC_MPOLY': 3, 'UC_MPOLY': 5, 'SPC_NONE': 11, 'TPC_NONE': 11, 'UC_NONE': 12, 'SBX_MPOLY': 4, 'NONE_MPOLY': 1, 'SBX_NONE': 1}"
9,52,UC,NONE,0.6861177557615739,0.0409362549872732,614920454.4,435361320.2746063,2363538.08,1902265.7949005957,0.7446362654964422,3.673360276834625e-05,0.01,0.0,GREEDY_HV,"['SPC_MBFLIP', 'TPC_MNUF', 'TPC_MPOLY', 'SPC_MPOLY', 'UC_MPOLY', 'SPC_MPOLY', 'SPC_NONE', 'TPC_NONE', 'UC_NONE', 'TPC_NONE', 'SBX_MPOLY', 'SBX_MPOLY', 'TPC_NONE', 'SPC_NONE', 'SPC_NONE', 'UC_MPOLY', 'SBX_MPOLY', 'SPC_NONE', 'UC_NONE', 'TPC_NONE', 'UC_MPOLY', 'UC_NONE', 'TPC_NONE', 'UC_NONE', 'SPC_MPOLY', 'SPC_NONE', 'SPC_NONE', 'NONE_MPOLY', 'SPC_NONE', 'SBX_MPOLY', 'TPC_NONE', 'SBX_NONE', 'TPC_NONE', 'UC_NONE', 'UC_MPOLY', 'SPC_NONE', 'UC_NONE', 'TPC_NONE', 'SPC_NONE', 'UC_NONE', 'TPC_NONE', 'SPC_NONE', 'UC_NONE', 'TPC_NONE', 'TPC_MPOLY', 'UC_MPOLY', 'UC_NONE', 'UC_NONE', 'UC_NONE', 'SPC_NONE', 'TPC_NONE', 'UC_NONE', 'UC_NONE']","{'TPC_MNUF': 1, 'TPC_MPOLY': 2, 'SPC_MPOLY': 3, 'UC_MPOLY': 5, 'SPC_NONE': 11, 'TPC_NONE': 11, 'UC_NONE': 13, 'SBX_MPOLY': 4, 'NONE_MPOLY': 1, 'SBX_NONE': 1}"
9,53,SPC,NONE,0.6873592820404647,0.040394033575862,636168249.6,444485753.0885684,2480706.72,1936913.479476614,0.7446429150105578,6.649514115553146e-06,0.0,0.0,GREEDY_HV,"['SPC_MBFLIP', 'TPC_MNUF', 'TPC_MPOLY', 'SPC_MPOLY', 'UC_MPOLY', 'SPC_MPOLY', 'SPC_NONE', 'TPC_NONE', 'UC_NONE', 'TPC_NONE', 'SBX_MPOLY', 'SBX_MPOLY', 'TPC_NONE', 'SPC_NONE', 'SPC_NONE', 'UC_MPOLY', 'SBX_MPOLY', 'SPC_NONE', 'UC_NONE', 'TPC_NONE', 'UC_MPOLY', 'UC_NONE', 'TPC_NONE', 'UC_NONE', 'SPC_MPOLY', 'SPC_NONE', 'SPC_NONE', 'NONE_MPOLY', 'SPC_NONE', 'SBX_MPOLY', 'TPC_NONE', 'SBX_NONE', 'TPC_NONE', 'UC_NONE', 'UC_MPOLY', 'SPC_NONE', 'UC_NONE', 'TPC_NONE', 'SPC_NONE', 'UC_NONE', 'TPC_NONE', 'SPC_NONE', 'UC_NONE', 'TPC_NONE', 'TPC_MPOLY', 'UC_MPOLY', 'UC_NONE', 'UC_NONE', 'UC_NONE', 'SPC_NONE', 'TPC_NONE', 'UC_NONE', 'UC_NONE', 'SPC_NONE']","{'TPC_MNUF': 1, 'TPC_MPOLY': 2, 'SPC_MPOLY': 3, 'UC_MPOLY': 5, 'SPC_NONE': 12, 'TPC_NONE': 11, 'UC_NONE': 13, 'SBX_MPOLY': 4, 'NONE_MPOLY': 1, 'SBX_NONE': 1}"
9,54,TPC,NONE,0.6877369644090214,0.040431004132213,635574810.88,440418488.12103945,2451333.28,1910050.617254559,0.7445619573532181,-8.095765733973082e-05,0.0,0.0,GREEDY_HV,"['SPC_MBFLIP', 'TPC_MNUF', 'TPC_MPOLY', 'SPC_MPOLY', 'UC_MPOLY', 'SPC_MPOLY', 'SPC_NONE', 'TPC_NONE', 'UC_NONE', 'TPC_NONE', 'SBX_MPOLY', 'SBX_MPOLY', 'TPC_NONE', 'SPC_NONE', 'SPC_NONE', 'UC_MPOLY', 'SBX_MPOLY', 'SPC_NONE', 'UC_NONE', 'TPC_NONE', 'UC_MPOLY', 'UC_NONE', 'TPC_NONE', 'UC_NONE', 'SPC_MPOLY', 'SPC_NONE', 'SPC_NONE', 'NONE_MPOLY', 'SPC_NONE', 'SBX_MPOLY', 'TPC_NONE', 'SBX_NONE', 'TPC_NONE', 'UC_NONE', 'UC_MPOLY', 'SPC_NONE', 'UC_NONE', 'TPC_NONE', 'SPC_NONE', 'UC_NONE', 'TPC_NONE', 'SPC_NONE', 'UC_NONE', 'TPC_NONE', 'TPC_MPOLY', 'UC_MPOLY', 'UC_NONE', 'UC_NONE', 'UC_NONE', 'SPC_NONE', 'TPC_NONE', 'UC_NONE', 'UC_NONE', 'SPC_NONE', 'TPC_NONE']","{'TPC_MNUF': 1, 'TPC_MPOLY': 2, 'SPC_MPOLY': 3, 'UC_MPOLY': 5, 'SPC_NONE': 12, 'TPC_NONE': 12, 'UC_NONE': 13, 'SBX_MPOLY': 4, 'NONE_MPOLY': 1, 'SBX_NONE': 1}"
9,55,TPC,NONE,0.6881480418498228,0.0403018806072452,646844033.28,447880246.2374386,2483995.04,1929232.2306115555,0.7445441908249055,-1.7766528312535e-05,0.0,0.0,GREEDY_HV,"['SPC_MBFLIP', 'TPC_MNUF', 'TPC_MPOLY', 'SPC_MPOLY', 'UC_MPOLY', 'SPC_MPOLY', 'SPC_NONE', 'TPC_NONE', 'UC_NONE', 'TPC_NONE', 'SBX_MPOLY', 'SBX_MPOLY', 'TPC_NONE', 'SPC_NONE', 'SPC_NONE', 'UC_MPOLY', 'SBX_MPOLY', 'SPC_NONE', 'UC_NONE', 'TPC_NONE', 'UC_MPOLY', 'UC_NONE', 'TPC_NONE', 'UC_NONE', 'SPC_MPOLY', 'SPC_NONE', 'SPC_NONE', 'NONE_MPOLY', 'SPC_NONE', 'SBX_MPOLY', 'TPC_NONE', 'SBX_NONE', 'TPC_NONE', 'UC_NONE', 'UC_MPOLY', 'SPC_NONE', 'UC_NONE', 'TPC_NONE', 'SPC_NONE', 'UC_NONE', 'TPC_NONE', 'SPC_NONE', 'UC_NONE', 'TPC_NONE', 'TPC_MPOLY', 'UC_MPOLY', 'UC_NONE', 'UC_NONE', 'UC_NONE', 'SPC_NONE', 'TPC_NONE', 'UC_NONE', 'UC_NONE', 'SPC_NONE', 'TPC_NONE', 'TPC_NONE']","{'TPC_MNUF': 1, 'TPC_MPOLY': 2, 'SPC_MPOLY': 3, 'UC_MPOLY': 5, 'SPC_NONE': 12, 'TPC_NONE': 13, 'UC_NONE': 13, 'SBX_MPOLY': 4, 'NONE_MPOLY': 1, 'SBX_NONE': 1}"
9,56,SPC,NONE,0.6881839289613364,0.0397974882754953,624830403.84,440772541.849924,2510075.04,1943689.8788505225,0.7445469609344854,2.770109579830482e-06,0.0,0.0,GREEDY_HV,"['SPC_MBFLIP', 'TPC_MNUF', 'TPC_MPOLY', 'SPC_MPOLY', 'UC_MPOLY', 'SPC_MPOLY', 'SPC_NONE', 'TPC_NONE', 'UC_NONE', 'TPC_NONE', 'SBX_MPOLY', 'SBX_MPOLY', 'TPC_NONE', 'SPC_NONE', 'SPC_NONE', 'UC_MPOLY', 'SBX_MPOLY', 'SPC_NONE', 'UC_NONE', 'TPC_NONE', 'UC_MPOLY', 'UC_NONE', 'TPC_NONE', 'UC_NONE', 'SPC_MPOLY', 'SPC_NONE', 'SPC_NONE', 'NONE_MPOLY', 'SPC_NONE', 'SBX_MPOLY', 'TPC_NONE', 'SBX_NONE', 'TPC_NONE', 'UC_NONE', 'UC_MPOLY', 'SPC_NONE', 'UC_NONE', 'TPC_NONE', 'SPC_NONE', 'UC_NONE', 'TPC_NONE', 'SPC_NONE', 'UC_NONE', 'TPC_NONE', 'TPC_MPOLY', 'UC_MPOLY', 'UC_NONE', 'UC_NONE', 'UC_NONE', 'SPC_NONE', 'TPC_NONE', 'UC_NONE', 'UC_NONE', 'SPC_NONE', 'TPC_NONE', 'TPC_NONE', 'SPC_NONE']","{'TPC_MNUF': 1, 'TPC_MPOLY': 2, 'SPC_MPOLY': 3, 'UC_MPOLY': 5, 'SPC_NONE': 13, 'TPC_NONE': 13, 'UC_NONE': 13, 'SBX_MPOLY': 4, 'NONE_MPOLY': 1, 'SBX_NONE': 1}"
9,57,TPC,NONE,0.6878731996179889,0.0405487105753578,638356829.44,440312639.4515609,2508133.28,1920471.0195570155,0.7445765500261672,2.958909168182533e-05,0.0,0.0,GREEDY_HV,"['SPC_MBFLIP', 'TPC_MNUF', 'TPC_MPOLY', 'SPC_MPOLY', 'UC_MPOLY', 'SPC_MPOLY', 'SPC_NONE', 'TPC_NONE', 'UC_NONE', 'TPC_NONE', 'SBX_MPOLY', 'SBX_MPOLY', 'TPC_NONE', 'SPC_NONE', 'SPC_NONE', 'UC_MPOLY', 'SBX_MPOLY', 'SPC_NONE', 'UC_NONE', 'TPC_NONE', 'UC_MPOLY', 'UC_NONE', 'TPC_NONE', 'UC_NONE', 'SPC_MPOLY', 'SPC_NONE', 'SPC_NONE', 'NONE_MPOLY', 'SPC_NONE', 'SBX_MPOLY', 'TPC_NONE', 'SBX_NONE', 'TPC_NONE', 'UC_NONE', 'UC_MPOLY', 'SPC_NONE', 'UC_NONE', 'TPC_NONE', 'SPC_NONE', 'UC_NONE', 'TPC_NONE', 'SPC_NONE', 'UC_NONE', 'TPC_NONE', 'TPC_MPOLY', 'UC_MPOLY', 'UC_NONE', 'UC_NONE', 'UC_NONE', 'SPC_NONE', 'TPC_NONE', 'UC_NONE', 'UC_NONE', 'SPC_NONE', 'TPC_NONE', 'TPC_NONE', 'SPC_NONE', 'TPC_NONE']","{'TPC_MNUF': 1, 'TPC_MPOLY': 2, 'SPC_MPOLY': 3, 'UC_MPOLY': 5, 'SPC_NONE': 13, 'TPC_NONE': 14, 'UC_NONE': 13, 'SBX_MPOLY': 4, 'NONE_MPOLY': 1, 'SBX_NONE': 1}"
9,58,SBX,NONE,0.6883666623093694,0.0389639844051753,598533484.8,402185678.2123746,2389369.76,1752733.1187583646,0.7455234374741835,0.0009468874480162,0.01,0.0,GREEDY_HV,"['SPC_MBFLIP', 'TPC_MNUF', 'TPC_MPOLY', 'SPC_MPOLY', 'UC_MPOLY', 'SPC_MPOLY', 'SPC_NONE', 'TPC_NONE', 'UC_NONE', 'TPC_NONE', 'SBX_MPOLY', 'SBX_MPOLY', 'TPC_NONE', 'SPC_NONE', 'SPC_NONE', 'UC_MPOLY', 'SBX_MPOLY', 'SPC_NONE', 'UC_NONE', 'TPC_NONE', 'UC_MPOLY', 'UC_NONE', 'TPC_NONE', 'UC_NONE', 'SPC_MPOLY', 'SPC_NONE', 'SPC_NONE', 'NONE_MPOLY', 'SPC_NONE', 'SBX_MPOLY', 'TPC_NONE', 'SBX_NONE', 'TPC_NONE', 'UC_NONE', 'UC_MPOLY', 'SPC_NONE', 'UC_NONE', 'TPC_NONE', 'SPC_NONE', 'UC_NONE', 'TPC_NONE', 'SPC_NONE', 'UC_NONE', 'TPC_NONE', 'TPC_MPOLY', 'UC_MPOLY', 'UC_NONE', 'UC_NONE', 'UC_NONE', 'SPC_NONE', 'TPC_NONE', 'UC_NONE', 'UC_NONE', 'SPC_NONE', 'TPC_NONE', 'TPC_NONE', 'SPC_NONE', 'TPC_NONE', 'SBX_NONE']","{'TPC_MNUF': 1, 'TPC_MPOLY': 2, 'SPC_MPOLY': 3, 'UC_MPOLY': 5, 'SPC_NONE': 13, 'TPC_NONE': 14, 'UC_NONE': 13, 'SBX_MPOLY': 4, 'NONE_MPOLY': 1, 'SBX_NONE': 2}"
9,59,UC,NONE,0.6890562821459068,0.0383029609684476,606400232.96,402122661.7379122,2403905.44,1775608.0737866918,0.7456037780602678,8.034058608430428e-05,0.0,0.0,GREEDY_HV,"['SPC_MBFLIP', 'TPC_MNUF', 'TPC_MPOLY', 'SPC_MPOLY', 'UC_MPOLY', 'SPC_MPOLY', 'SPC_NONE', 'TPC_NONE', 'UC_NONE', 'TPC_NONE', 'SBX_MPOLY', 'SBX_MPOLY', 'TPC_NONE', 'SPC_NONE', 'SPC_NONE', 'UC_MPOLY', 'SBX_MPOLY', 'SPC_NONE', 'UC_NONE', 'TPC_NONE', 'UC_MPOLY', 'UC_NONE', 'TPC_NONE', 'UC_NONE', 'SPC_MPOLY', 'SPC_NONE', 'SPC_NONE', 'NONE_MPOLY', 'SPC_NONE', 'SBX_MPOLY', 'TPC_NONE', 'SBX_NONE', 'TPC_NONE', 'UC_NONE', 'UC_MPOLY', 'SPC_NONE', 'UC_NONE', 'TPC_NONE', 'SPC_NONE', 'UC_NONE', 'TPC_NONE', 'SPC_NONE', 'UC_NONE', 'TPC_NONE', 'TPC_MPOLY', 'UC_MPOLY', 'UC_NONE', 'UC_NONE', 'UC_NONE', 'SPC_NONE', 'TPC_NONE', 'UC_NONE', 'UC_NONE', 'SPC_NONE', 'TPC_NONE', 'TPC_NONE', 'SPC_NONE', 'TPC_NONE', 'SBX_NONE', 'UC_NONE']","{'TPC_MNUF': 1, 'TPC_MPOLY': 2, 'SPC_MPOLY': 3, 'UC_MPOLY': 5, 'SPC_NONE': 13, 'TPC_NONE': 14, 'UC_NONE': 14, 'SBX_MPOLY': 4, 'NONE_MPOLY': 1, 'SBX_NONE': 2}"
9,60,UC,NONE,0.6879440456630121,0.0397341591909467,623999535.36,407474233.67373896,2423120.8,1815513.2724916327,0.7456728532343855,6.907517411769426e-05,0.0,0.0,GREEDY_HV,"['SPC_MBFLIP', 'TPC_MNUF', 'TPC_MPOLY', 'SPC_MPOLY', 'UC_MPOLY', 'SPC_MPOLY', 'SPC_NONE', 'TPC_NONE', 'UC_NONE', 'TPC_NONE', 'SBX_MPOLY', 'SBX_MPOLY', 'TPC_NONE', 'SPC_NONE', 'SPC_NONE', 'UC_MPOLY', 'SBX_MPOLY', 'SPC_NONE', 'UC_NONE', 'TPC_NONE', 'UC_MPOLY', 'UC_NONE', 'TPC_NONE', 'UC_NONE', 'SPC_MPOLY', 'SPC_NONE', 'SPC_NONE', 'NONE_MPOLY', 'SPC_NONE', 'SBX_MPOLY', 'TPC_NONE', 'SBX_NONE', 'TPC_NONE', 'UC_NONE', 'UC_MPOLY', 'SPC_NONE', 'UC_NONE', 'TPC_NONE', 'SPC_NONE', 'UC_NONE', 'TPC_NONE', 'SPC_NONE', 'UC_NONE', 'TPC_NONE', 'TPC_MPOLY', 'UC_MPOLY', 'UC_NONE', 'UC_NONE', 'UC_NONE', 'SPC_NONE', 'TPC_NONE', 'UC_NONE', 'UC_NONE', 'SPC_NONE', 'TPC_NONE', 'TPC_NONE', 'SPC_NONE', 'TPC_NONE', 'SBX_NONE', 'UC_NONE', 'UC_NONE']","{'TPC_MNUF': 1, 'TPC_MPOLY': 2, 'SPC_MPOLY': 3, 'UC_MPOLY': 5, 'SPC_NONE': 13, 'TPC_NONE': 14, 'UC_NONE': 15, 'SBX_MPOLY': 4, 'NONE_MPOLY': 1, 'SBX_NONE': 2}"
9,61,UC,NONE,0.6867570238299819,0.0392507212897499,592643068.16,399490338.0616723,2310558.88,1804423.060545,0.7456728657451512,1.2510765756701405e-08,0.0,0.0,GREEDY_HV,"['SPC_MBFLIP', 'TPC_MNUF', 'TPC_MPOLY', 'SPC_MPOLY', 'UC_MPOLY', 'SPC_MPOLY', 'SPC_NONE', 'TPC_NONE', 'UC_NONE', 'TPC_NONE', 'SBX_MPOLY', 'SBX_MPOLY', 'TPC_NONE', 'SPC_NONE', 'SPC_NONE', 'UC_MPOLY', 'SBX_MPOLY', 'SPC_NONE', 'UC_NONE', 'TPC_NONE', 'UC_MPOLY', 'UC_NONE', 'TPC_NONE', 'UC_NONE', 'SPC_MPOLY', 'SPC_NONE', 'SPC_NONE', 'NONE_MPOLY', 'SPC_NONE', 'SBX_MPOLY', 'TPC_NONE', 'SBX_NONE', 'TPC_NONE', 'UC_NONE', 'UC_MPOLY', 'SPC_NONE', 'UC_NONE', 'TPC_NONE', 'SPC_NONE', 'UC_NONE', 'TPC_NONE', 'SPC_NONE', 'UC_NONE', 'TPC_NONE', 'TPC_MPOLY', 'UC_MPOLY', 'UC_NONE', 'UC_NONE', 'UC_NONE', 'SPC_NONE', 'TPC_NONE', 'UC_NONE', 'UC_NONE', 'SPC_NONE', 'TPC_NONE', 'TPC_NONE', 'SPC_NONE', 'TPC_NONE', 'SBX_NONE', 'UC_NONE', 'UC_NONE', 'UC_NONE']","{'TPC_MNUF': 1, 'TPC_MPOLY': 2, 'SPC_MPOLY': 3, 'UC_MPOLY': 5, 'SPC_NONE': 13, 'TPC_NONE': 14, 'UC_NONE': 16, 'SBX_MPOLY': 4, 'NONE_MPOLY': 1, 'SBX_NONE': 2}"
9,62,UC,NONE,0.6856054020861996,0.0386377350675477,558008270.08,382842154.0941165,2052806.56,1613017.7189787363,0.7457411842113831,6.831846623189808e-05,0.01,0.0,GREEDY_HV,"['SPC_MBFLIP', 'TPC_MNUF', 'TPC_MPOLY', 'SPC_MPOLY', 'UC_MPOLY', 'SPC_MPOLY', 'SPC_NONE', 'TPC_NONE', 'UC_NONE', 'TPC_NONE', 'SBX_MPOLY', 'SBX_MPOLY', 'TPC_NONE', 'SPC_NONE', 'SPC_NONE', 'UC_MPOLY', 'SBX_MPOLY', 'SPC_NONE', 'UC_NONE', 'TPC_NONE', 'UC_MPOLY', 'UC_NONE', 'TPC_NONE', 'UC_NONE', 'SPC_MPOLY', 'SPC_NONE', 'SPC_NONE', 'NONE_MPOLY', 'SPC_NONE', 'SBX_MPOLY', 'TPC_NONE', 'SBX_NONE', 'TPC_NONE', 'UC_NONE', 'UC_MPOLY', 'SPC_NONE', 'UC_NONE', 'TPC_NONE', 'SPC_NONE', 'UC_NONE', 'TPC_NONE', 'SPC_NONE', 'UC_NONE', 'TPC_NONE', 'TPC_MPOLY', 'UC_MPOLY', 'UC_NONE', 'UC_NONE', 'UC_NONE', 'SPC_NONE', 'TPC_NONE', 'UC_NONE', 'UC_NONE', 'SPC_NONE', 'TPC_NONE', 'TPC_NONE', 'SPC_NONE', 'TPC_NONE', 'SBX_NONE', 'UC_NONE', 'UC_NONE', 'UC_NONE', 'UC_NONE']","{'TPC_MNUF': 1, 'TPC_MPOLY': 2, 'SPC_MPOLY': 3, 'UC_MPOLY': 5, 'SPC_NONE': 13, 'TPC_NONE': 14, 'UC_NONE': 17, 'SBX_MPOLY': 4, 'NONE_MPOLY': 1, 'SBX_NONE': 2}"
9,63,SPC,NONE,0.6846751093883463,0.0412750243188812,568495846.4,400094267.4110176,2220888.48,1777263.4986718006,0.7457693042971285,2.812008574537561e-05,0.01,0.0,GREEDY_HV,"['SPC_MBFLIP', 'TPC_MNUF', 'TPC_MPOLY', 'SPC_MPOLY', 'UC_MPOLY', 'SPC_MPOLY', 'SPC_NONE', 'TPC_NONE', 'UC_NONE', 'TPC_NONE', 'SBX_MPOLY', 'SBX_MPOLY', 'TPC_NONE', 'SPC_NONE', 'SPC_NONE', 'UC_MPOLY', 'SBX_MPOLY', 'SPC_NONE', 'UC_NONE', 'TPC_NONE', 'UC_MPOLY', 'UC_NONE', 'TPC_NONE', 'UC_NONE', 'SPC_MPOLY', 'SPC_NONE', 'SPC_NONE', 'NONE_MPOLY', 'SPC_NONE', 'SBX_MPOLY', 'TPC_NONE', 'SBX_NONE', 'TPC_NONE', 'UC_NONE', 'UC_MPOLY', 'SPC_NONE', 'UC_NONE', 'TPC_NONE', 'SPC_NONE', 'UC_NONE', 'TPC_NONE', 'SPC_NONE', 'UC_NONE', 'TPC_NONE', 'TPC_MPOLY', 'UC_MPOLY', 'UC_NONE', 'UC_NONE', 'UC_NONE', 'SPC_NONE', 'TPC_NONE', 'UC_NONE', 'UC_NONE', 'SPC_NONE', 'TPC_NONE', 'TPC_NONE', 'SPC_NONE', 'TPC_NONE', 'SBX_NONE', 'UC_NONE', 'UC_NONE', 'UC_NONE', 'UC_NONE', 'SPC_NONE']","{'TPC_MNUF': 1, 'TPC_MPOLY': 2, 'SPC_MPOLY': 3, 'UC_MPOLY': 5, 'SPC_NONE': 14, 'TPC_NONE': 14, 'UC_NONE': 17, 'SBX_MPOLY': 4, 'NONE_MPOLY': 1, 'SBX_NONE': 2}"
9,64,UC,NONE,0.6875559519842824,0.0395955296207015,591513012.48,406230485.4127776,2339234.72,1789079.264262677,0.7456285402050069,-0.0001407640921216,0.0,0.0,GREEDY_HV,"['SPC_MBFLIP', 'TPC_MNUF', 'TPC_MPOLY', 'SPC_MPOLY', 'UC_MPOLY', 'SPC_MPOLY', 'SPC_NONE', 'TPC_NONE', 'UC_NONE', 'TPC_NONE', 'SBX_MPOLY', 'SBX_MPOLY', 'TPC_NONE', 'SPC_NONE', 'SPC_NONE', 'UC_MPOLY', 'SBX_MPOLY', 'SPC_NONE', 'UC_NONE', 'TPC_NONE', 'UC_MPOLY', 'UC_NONE', 'TPC_NONE', 'UC_NONE', 'SPC_MPOLY', 'SPC_NONE', 'SPC_NONE', 'NONE_MPOLY', 'SPC_NONE', 'SBX_MPOLY', 'TPC_NONE', 'SBX_NONE', 'TPC_NONE', 'UC_NONE', 'UC_MPOLY', 'SPC_NONE', 'UC_NONE', 'TPC_NONE', 'SPC_NONE', 'UC_NONE', 'TPC_NONE', 'SPC_NONE', 'UC_NONE', 'TPC_NONE', 'TPC_MPOLY', 'UC_MPOLY', 'UC_NONE', 'UC_NONE', 'UC_NONE', 'SPC_NONE', 'TPC_NONE', 'UC_NONE', 'UC_NONE', 'SPC_NONE', 'TPC_NONE', 'TPC_NONE', 'SPC_NONE', 'TPC_NONE', 'SBX_NONE', 'UC_NONE', 'UC_NONE', 'UC_NONE', 'UC_NONE', 'SPC_NONE', 'UC_NONE']","{'TPC_MNUF': 1, 'TPC_MPOLY': 2, 'SPC_MPOLY': 3, 'UC_MPOLY': 5, 'SPC_NONE': 14, 'TPC_NONE': 14, 'UC_NONE': 18, 'SBX_MPOLY': 4, 'NONE_MPOLY': 1, 'SBX_NONE': 2}"
9,65,TPC,NONE,0.6864982624175713,0.0405360254196577,598075511.04,415487893.7299636,2223237.28,1727112.3243076352,0.7456877041178192,5.9163912812243424e-05,0.0,0.0,GREEDY_HV,"['SPC_MBFLIP', 'TPC_MNUF', 'TPC_MPOLY', 'SPC_MPOLY', 'UC_MPOLY', 'SPC_MPOLY', 'SPC_NONE', 'TPC_NONE', 'UC_NONE', 'TPC_NONE', 'SBX_MPOLY', 'SBX_MPOLY', 'TPC_NONE', 'SPC_NONE', 'SPC_NONE', 'UC_MPOLY', 'SBX_MPOLY', 'SPC_NONE', 'UC_NONE', 'TPC_NONE', 'UC_MPOLY', 'UC_NONE', 'TPC_NONE', 'UC_NONE', 'SPC_MPOLY', 'SPC_NONE', 'SPC_NONE', 'NONE_MPOLY', 'SPC_NONE', 'SBX_MPOLY', 'TPC_NONE', 'SBX_NONE', 'TPC_NONE', 'UC_NONE', 'UC_MPOLY', 'SPC_NONE', 'UC_NONE', 'TPC_NONE', 'SPC_NONE', 'UC_NONE', 'TPC_NONE', 'SPC_NONE', 'UC_NONE', 'TPC_NONE', 'TPC_MPOLY', 'UC_MPOLY', 'UC_NONE', 'UC_NONE', 'UC_NONE', 'SPC_NONE', 'TPC_NONE', 'UC_NONE', 'UC_NONE', 'SPC_NONE', 'TPC_NONE', 'TPC_NONE', 'SPC_NONE', 'TPC_NONE', 'SBX_NONE', 'UC_NONE', 'UC_NONE', 'UC_NONE', 'UC_NONE', 'SPC_NONE', 'UC_NONE', 'TPC_NONE']","{'TPC_MNUF': 1, 'TPC_MPOLY': 2, 'SPC_MPOLY': 3, 'UC_MPOLY': 5, 'SPC_NONE': 14, 'TPC_NONE': 15, 'UC_NONE': 18, 'SBX_MPOLY': 4, 'NONE_MPOLY': 1, 'SBX_NONE': 2}"
9,66,SPC,NONE,0.68624346295258,0.0398564078950808,564195066.88,386340174.0054156,2165413.28,1654225.6463448156,0.7457271218414614,3.941772364224328e-05,0.01,0.0,GREEDY_HV,"['SPC_MBFLIP', 'TPC_MNUF', 'TPC_MPOLY', 'SPC_MPOLY', 'UC_MPOLY', 'SPC_MPOLY', 'SPC_NONE', 'TPC_NONE', 'UC_NONE', 'TPC_NONE', 'SBX_MPOLY', 'SBX_MPOLY', 'TPC_NONE', 'SPC_NONE', 'SPC_NONE', 'UC_MPOLY', 'SBX_MPOLY', 'SPC_NONE', 'UC_NONE', 'TPC_NONE', 'UC_MPOLY', 'UC_NONE', 'TPC_NONE', 'UC_NONE', 'SPC_MPOLY', 'SPC_NONE', 'SPC_NONE', 'NONE_MPOLY', 'SPC_NONE', 'SBX_MPOLY', 'TPC_NONE', 'SBX_NONE', 'TPC_NONE', 'UC_NONE', 'UC_MPOLY', 'SPC_NONE', 'UC_NONE', 'TPC_NONE', 'SPC_NONE', 'UC_NONE', 'TPC_NONE', 'SPC_NONE', 'UC_NONE', 'TPC_NONE', 'TPC_MPOLY', 'UC_MPOLY', 'UC_NONE', 'UC_NONE', 'UC_NONE', 'SPC_NONE', 'TPC_NONE', 'UC_NONE', 'UC_NONE', 'SPC_NONE', 'TPC_NONE', 'TPC_NONE', 'SPC_NONE', 'TPC_NONE', 'SBX_NONE', 'UC_NONE', 'UC_NONE', 'UC_NONE', 'UC_NONE', 'SPC_NONE', 'UC_NONE', 'TPC_NONE', 'SPC_NONE']","{'TPC_MNUF': 1, 'TPC_MPOLY': 2, 'SPC_MPOLY': 3, 'UC_MPOLY': 5, 'SPC_NONE': 15, 'TPC_NONE': 15, 'UC_NONE': 18, 'SBX_MPOLY': 4, 'NONE_MPOLY': 1, 'SBX_NONE': 2}"
9,67,TPC,NONE,0.6832115867054932,0.041000818243235,538587627.52,392877474.2881477,2080226.72,1681919.541040546,0.7457065297683126,-2.0592073148750775e-05,0.02,0.0,GREEDY_HV,"['SPC_MBFLIP', 'TPC_MNUF', 'TPC_MPOLY', 'SPC_MPOLY', 'UC_MPOLY', 'SPC_MPOLY', 'SPC_NONE', 'TPC_NONE', 'UC_NONE', 'TPC_NONE', 'SBX_MPOLY', 'SBX_MPOLY', 'TPC_NONE', 'SPC_NONE', 'SPC_NONE', 'UC_MPOLY', 'SBX_MPOLY', 'SPC_NONE', 'UC_NONE', 'TPC_NONE', 'UC_MPOLY', 'UC_NONE', 'TPC_NONE', 'UC_NONE', 'SPC_MPOLY', 'SPC_NONE', 'SPC_NONE', 'NONE_MPOLY', 'SPC_NONE', 'SBX_MPOLY', 'TPC_NONE', 'SBX_NONE', 'TPC_NONE', 'UC_NONE', 'UC_MPOLY', 'SPC_NONE', 'UC_NONE', 'TPC_NONE', 'SPC_NONE', 'UC_NONE', 'TPC_NONE', 'SPC_NONE', 'UC_NONE', 'TPC_NONE', 'TPC_MPOLY', 'UC_MPOLY', 'UC_NONE', 'UC_NONE', 'UC_NONE', 'SPC_NONE', 'TPC_NONE', 'UC_NONE', 'UC_NONE', 'SPC_NONE', 'TPC_NONE', 'TPC_NONE', 'SPC_NONE', 'TPC_NONE', 'SBX_NONE', 'UC_NONE', 'UC_NONE', 'UC_NONE', 'UC_NONE', 'SPC_NONE', 'UC_NONE', 'TPC_NONE', 'SPC_NONE', 'TPC_NONE']","{'TPC_MNUF': 1, 'TPC_MPOLY': 2, 'SPC_MPOLY': 3, 'UC_MPOLY': 5, 'SPC_NONE': 15, 'TPC_NONE': 16, 'UC_NONE': 18, 'SBX_MPOLY': 4, 'NONE_MPOLY': 1, 'SBX_NONE': 2}"
9,68,UC,NONE,0.6852957627247411,0.0399717708638624,563143256.32,404549045.4404496,2155814.56,1699875.9385097271,0.745781788357742,7.525858942936114e-05,0.0,0.0,GREEDY_HV,"['SPC_MBFLIP', 'TPC_MNUF', 'TPC_MPOLY', 'SPC_MPOLY', 'UC_MPOLY', 'SPC_MPOLY', 'SPC_NONE', 'TPC_NONE', 'UC_NONE', 'TPC_NONE', 'SBX_MPOLY', 'SBX_MPOLY', 'TPC_NONE', 'SPC_NONE', 'SPC_NONE', 'UC_MPOLY', 'SBX_MPOLY', 'SPC_NONE', 'UC_NONE', 'TPC_NONE', 'UC_MPOLY', 'UC_NONE', 'TPC_NONE', 'UC_NONE', 'SPC_MPOLY', 'SPC_NONE', 'SPC_NONE', 'NONE_MPOLY', 'SPC_NONE', 'SBX_MPOLY', 'TPC_NONE', 'SBX_NONE', 'TPC_NONE', 'UC_NONE', 'UC_MPOLY', 'SPC_NONE', 'UC_NONE', 'TPC_NONE', 'SPC_NONE', 'UC_NONE', 'TPC_NONE', 'SPC_NONE', 'UC_NONE', 'TPC_NONE', 'TPC_MPOLY', 'UC_MPOLY', 'UC_NONE', 'UC_NONE', 'UC_NONE', 'SPC_NONE', 'TPC_NONE', 'UC_NONE', 'UC_NONE', 'SPC_NONE', 'TPC_NONE', 'TPC_NONE', 'SPC_NONE', 'TPC_NONE', 'SBX_NONE', 'UC_NONE', 'UC_NONE', 'UC_NONE', 'UC_NONE', 'SPC_NONE', 'UC_NONE', 'TPC_NONE', 'SPC_NONE', 'TPC_NONE', 'UC_NONE']","{'TPC_MNUF': 1, 'TPC_MPOLY': 2, 'SPC_MPOLY': 3, 'UC_MPOLY': 5, 'SPC_NONE': 15, 'TPC_NONE': 16, 'UC_NONE': 19, 'SBX_MPOLY': 4, 'NONE_MPOLY': 1, 'SBX_NONE': 2}"
9,69,UC,NONE,0.6864103805124125,0.0399376625594474,571051700.48,399234338.77003646,2224085.92,1747299.774501031,0.7459105685274562,0.0001287801697141,0.02,0.0,GREEDY_HV,"['SPC_MBFLIP', 'TPC_MNUF', 'TPC_MPOLY', 'SPC_MPOLY', 'UC_MPOLY', 'SPC_MPOLY', 'SPC_NONE', 'TPC_NONE', 'UC_NONE', 'TPC_NONE', 'SBX_MPOLY', 'SBX_MPOLY', 'TPC_NONE', 'SPC_NONE', 'SPC_NONE', 'UC_MPOLY', 'SBX_MPOLY', 'SPC_NONE', 'UC_NONE', 'TPC_NONE', 'UC_MPOLY', 'UC_NONE', 'TPC_NONE', 'UC_NONE', 'SPC_MPOLY', 'SPC_NONE', 'SPC_NONE', 'NONE_MPOLY', 'SPC_NONE', 'SBX_MPOLY', 'TPC_NONE', 'SBX_NONE', 'TPC_NONE', 'UC_NONE', 'UC_MPOLY', 'SPC_NONE', 'UC_NONE', 'TPC_NONE', 'SPC_NONE', 'UC_NONE', 'TPC_NONE', 'SPC_NONE', 'UC_NONE', 'TPC_NONE', 'TPC_MPOLY', 'UC_MPOLY', 'UC_NONE', 'UC_NONE', 'UC_NONE', 'SPC_NONE', 'TPC_NONE', 'UC_NONE', 'UC_NONE', 'SPC_NONE', 'TPC_NONE', 'TPC_NONE', 'SPC_NONE', 'TPC_NONE', 'SBX_NONE', 'UC_NONE', 'UC_NONE', 'UC_NONE', 'UC_NONE', 'SPC_NONE', 'UC_NONE', 'TPC_NONE', 'SPC_NONE', 'TPC_NONE', 'UC_NONE', 'UC_NONE']","{'TPC_MNUF': 1, 'TPC_MPOLY': 2, 'SPC_MPOLY': 3, 'UC_MPOLY': 5, 'SPC_NONE': 15, 'TPC_NONE': 16, 'UC_NONE': 20, 'SBX_MPOLY': 4, 'NONE_MPOLY': 1, 'SBX_NONE': 2}"
9,70,UC,NONE,0.687680294357279,0.0400245285239222,579514456.32,403241199.81184536,2333625.76,1812853.994684697,0.7459526764815734,4.21079541171876e-05,0.0,0.0,GREEDY_HV,"['SPC_MBFLIP', 'TPC_MNUF', 'TPC_MPOLY', 'SPC_MPOLY', 'UC_MPOLY', 'SPC_MPOLY', 'SPC_NONE', 'TPC_NONE', 'UC_NONE', 'TPC_NONE', 'SBX_MPOLY', 'SBX_MPOLY', 'TPC_NONE', 'SPC_NONE', 'SPC_NONE', 'UC_MPOLY', 'SBX_MPOLY', 'SPC_NONE', 'UC_NONE', 'TPC_NONE', 'UC_MPOLY', 'UC_NONE', 'TPC_NONE', 'UC_NONE', 'SPC_MPOLY', 'SPC_NONE', 'SPC_NONE', 'NONE_MPOLY', 'SPC_NONE', 'SBX_MPOLY', 'TPC_NONE', 'SBX_NONE', 'TPC_NONE', 'UC_NONE', 'UC_MPOLY', 'SPC_NONE', 'UC_NONE', 'TPC_NONE', 'SPC_NONE', 'UC_NONE', 'TPC_NONE', 'SPC_NONE', 'UC_NONE', 'TPC_NONE', 'TPC_MPOLY', 'UC_MPOLY', 'UC_NONE', 'UC_NONE', 'UC_NONE', 'SPC_NONE', 'TPC_NONE', 'UC_NONE', 'UC_NONE', 'SPC_NONE', 'TPC_NONE', 'TPC_NONE', 'SPC_NONE', 'TPC_NONE', 'SBX_NONE', 'UC_NONE', 'UC_NONE', 'UC_NONE', 'UC_NONE', 'SPC_NONE', 'UC_NONE', 'TPC_NONE', 'SPC_NONE', 'TPC_NONE', 'UC_NONE', 'UC_NONE', 'UC_NONE']","{'TPC_MNUF': 1, 'TPC_MPOLY': 2, 'SPC_MPOLY': 3, 'UC_MPOLY': 5, 'SPC_NONE': 15, 'TPC_NONE': 16, 'UC_NONE': 21, 'SBX_MPOLY': 4, 'NONE_MPOLY': 1, 'SBX_NONE': 2}"
9,71,TPC,NONE,0.6876770973461868,0.0403292016659743,578706914.56,404228756.3157055,2295881.12,1765776.2000487454,0.7459795773723733,2.6900890799930188e-05,0.01,0.0,GREEDY_HV,"['SPC_MBFLIP', 'TPC_MNUF', 'TPC_MPOLY', 'SPC_MPOLY', 'UC_MPOLY', 'SPC_MPOLY', 'SPC_NONE', 'TPC_NONE', 'UC_NONE', 'TPC_NONE', 'SBX_MPOLY', 'SBX_MPOLY', 'TPC_NONE', 'SPC_NONE', 'SPC_NONE', 'UC_MPOLY', 'SBX_MPOLY', 'SPC_NONE', 'UC_NONE', 'TPC_NONE', 'UC_MPOLY', 'UC_NONE', 'TPC_NONE', 'UC_NONE', 'SPC_MPOLY', 'SPC_NONE', 'SPC_NONE', 'NONE_MPOLY', 'SPC_NONE', 'SBX_MPOLY', 'TPC_NONE', 'SBX_NONE', 'TPC_NONE', 'UC_NONE', 'UC_MPOLY', 'SPC_NONE', 'UC_NONE', 'TPC_NONE', 'SPC_NONE', 'UC_NONE', 'TPC_NONE', 'SPC_NONE', 'UC_NONE', 'TPC_NONE', 'TPC_MPOLY', 'UC_MPOLY', 'UC_NONE', 'UC_NONE', 'UC_NONE', 'SPC_NONE', 'TPC_NONE', 'UC_NONE', 'UC_NONE', 'SPC_NONE', 'TPC_NONE', 'TPC_NONE', 'SPC_NONE', 'TPC_NONE', 'SBX_NONE', 'UC_NONE', 'UC_NONE', 'UC_NONE', 'UC_NONE', 'SPC_NONE', 'UC_NONE', 'TPC_NONE', 'SPC_NONE', 'TPC_NONE', 'UC_NONE', 'UC_NONE', 'UC_NONE', 'TPC_NONE']","{'TPC_MNUF': 1, 'TPC_MPOLY': 2, 'SPC_MPOLY': 3, 'UC_MPOLY': 5, 'SPC_NONE': 15, 'TPC_NONE': 17, 'UC_NONE': 21, 'SBX_MPOLY': 4, 'NONE_MPOLY': 1, 'SBX_NONE': 2}"
9,72,SPC,NONE,0.6877719517509138,0.0405994173470152,580145445.12,404527525.40007,2324206.24,1800860.9383011726,0.7459761859400821,-3.391432291222074e-06,0.0,0.0,GREEDY_HV,"['SPC_MBFLIP', 'TPC_MNUF', 'TPC_MPOLY', 'SPC_MPOLY', 'UC_MPOLY', 'SPC_MPOLY', 'SPC_NONE', 'TPC_NONE', 'UC_NONE', 'TPC_NONE', 'SBX_MPOLY', 'SBX_MPOLY', 'TPC_NONE', 'SPC_NONE', 'SPC_NONE', 'UC_MPOLY', 'SBX_MPOLY', 'SPC_NONE', 'UC_NONE', 'TPC_NONE', 'UC_MPOLY', 'UC_NONE', 'TPC_NONE', 'UC_NONE', 'SPC_MPOLY', 'SPC_NONE', 'SPC_NONE', 'NONE_MPOLY', 'SPC_NONE', 'SBX_MPOLY', 'TPC_NONE', 'SBX_NONE', 'TPC_NONE', 'UC_NONE', 'UC_MPOLY', 'SPC_NONE', 'UC_NONE', 'TPC_NONE', 'SPC_NONE', 'UC_NONE', 'TPC_NONE', 'SPC_NONE', 'UC_NONE', 'TPC_NONE', 'TPC_MPOLY', 'UC_MPOLY', 'UC_NONE', 'UC_NONE', 'UC_NONE', 'SPC_NONE', 'TPC_NONE', 'UC_NONE', 'UC_NONE', 'SPC_NONE', 'TPC_NONE', 'TPC_NONE', 'SPC_NONE', 'TPC_NONE', 'SBX_NONE', 'UC_NONE', 'UC_NONE', 'UC_NONE', 'UC_NONE', 'SPC_NONE', 'UC_NONE', 'TPC_NONE', 'SPC_NONE', 'TPC_NONE', 'UC_NONE', 'UC_NONE', 'UC_NONE', 'TPC_NONE', 'SPC_NONE']","{'TPC_MNUF': 1, 'TPC_MPOLY': 2, 'SPC_MPOLY': 3, 'UC_MPOLY': 5, 'SPC_NONE': 16, 'TPC_NONE': 17, 'UC_NONE': 21, 'SBX_MPOLY': 4, 'NONE_MPOLY': 1, 'SBX_NONE': 2}"
9,73,UC,NONE,0.6901275673658114,0.0395817659594169,601425844.48,398977859.1843863,2393033.12,1763536.1132747876,0.7459339152680644,-4.227067201767465e-05,0.0,0.0,GREEDY_HV,"['SPC_MBFLIP', 'TPC_MNUF', 'TPC_MPOLY', 'SPC_MPOLY', 'UC_MPOLY', 'SPC_MPOLY', 'SPC_NONE', 'TPC_NONE', 'UC_NONE', 'TPC_NONE', 'SBX_MPOLY', 'SBX_MPOLY', 'TPC_NONE', 'SPC_NONE', 'SPC_NONE', 'UC_MPOLY', 'SBX_MPOLY', 'SPC_NONE', 'UC_NONE', 'TPC_NONE', 'UC_MPOLY', 'UC_NONE', 'TPC_NONE', 'UC_NONE', 'SPC_MPOLY', 'SPC_NONE', 'SPC_NONE', 'NONE_MPOLY', 'SPC_NONE', 'SBX_MPOLY', 'TPC_NONE', 'SBX_NONE', 'TPC_NONE', 'UC_NONE', 'UC_MPOLY', 'SPC_NONE', 'UC_NONE', 'TPC_NONE', 'SPC_NONE', 'UC_NONE', 'TPC_NONE', 'SPC_NONE', 'UC_NONE', 'TPC_NONE', 'TPC_MPOLY', 'UC_MPOLY', 'UC_NONE', 'UC_NONE', 'UC_NONE', 'SPC_NONE', 'TPC_NONE', 'UC_NONE', 'UC_NONE', 'SPC_NONE', 'TPC_NONE', 'TPC_NONE', 'SPC_NONE', 'TPC_NONE', 'SBX_NONE', 'UC_NONE', 'UC_NONE', 'UC_NONE', 'UC_NONE', 'SPC_NONE', 'UC_NONE', 'TPC_NONE', 'SPC_NONE', 'TPC_NONE', 'UC_NONE', 'UC_NONE', 'UC_NONE', 'TPC_NONE', 'SPC_NONE', 'UC_NONE']","{'TPC_MNUF': 1, 'TPC_MPOLY': 2, 'SPC_MPOLY': 3, 'UC_MPOLY': 5, 'SPC_NONE': 16, 'TPC_NONE': 17, 'UC_NONE': 22, 'SBX_MPOLY': 4, 'NONE_MPOLY': 1, 'SBX_NONE': 2}"
9,74,TPC,NONE,0.6876347894211261,0.0413499545637496,578337757.44,404900223.98937154,2379365.28,1802338.692797278,0.7459996898522628,6.57745841984303e-05,0.0,0.0,GREEDY_HV,"['SPC_MBFLIP', 'TPC_MNUF', 'TPC_MPOLY', 'SPC_MPOLY', 'UC_MPOLY', 'SPC_MPOLY', 'SPC_NONE', 'TPC_NONE', 'UC_NONE', 'TPC_NONE', 'SBX_MPOLY', 'SBX_MPOLY', 'TPC_NONE', 'SPC_NONE', 'SPC_NONE', 'UC_MPOLY', 'SBX_MPOLY', 'SPC_NONE', 'UC_NONE', 'TPC_NONE', 'UC_MPOLY', 'UC_NONE', 'TPC_NONE', 'UC_NONE', 'SPC_MPOLY', 'SPC_NONE', 'SPC_NONE', 'NONE_MPOLY', 'SPC_NONE', 'SBX_MPOLY', 'TPC_NONE', 'SBX_NONE', 'TPC_NONE', 'UC_NONE', 'UC_MPOLY', 'SPC_NONE', 'UC_NONE', 'TPC_NONE', 'SPC_NONE', 'UC_NONE', 'TPC_NONE', 'SPC_NONE', 'UC_NONE', 'TPC_NONE', 'TPC_MPOLY', 'UC_MPOLY', 'UC_NONE', 'UC_NONE', 'UC_NONE', 'SPC_NONE', 'TPC_NONE', 'UC_NONE', 'UC_NONE', 'SPC_NONE', 'TPC_NONE', 'TPC_NONE', 'SPC_NONE', 'TPC_NONE', 'SBX_NONE', 'UC_NONE', 'UC_NONE', 'UC_NONE', 'UC_NONE', 'SPC_NONE', 'UC_NONE', 'TPC_NONE', 'SPC_NONE', 'TPC_NONE', 'UC_NONE', 'UC_NONE', 'UC_NONE', 'TPC_NONE', 'SPC_NONE', 'UC_NONE', 'TPC_NONE']","{'TPC_MNUF': 1, 'TPC_MPOLY': 2, 'SPC_MPOLY': 3, 'UC_MPOLY': 5, 'SPC_NONE': 16, 'TPC_NONE': 18, 'UC_NONE': 22, 'SBX_MPOLY': 4, 'NONE_MPOLY': 1, 'SBX_NONE': 2}"
9,75,SPC,NONE,0.6870255542808905,0.041926912132222,586054881.28,408303748.4264079,2347773.6,1812329.732934756,0.7460164313583202,1.6741506057349476e-05,0.0,0.0,GREEDY_HV,"['SPC_MBFLIP', 'TPC_MNUF', 'TPC_MPOLY', 'SPC_MPOLY', 'UC_MPOLY', 'SPC_MPOLY', 'SPC_NONE', 'TPC_NONE', 'UC_NONE', 'TPC_NONE', 'SBX_MPOLY', 'SBX_MPOLY', 'TPC_NONE', 'SPC_NONE', 'SPC_NONE', 'UC_MPOLY', 'SBX_MPOLY', 'SPC_NONE', 'UC_NONE', 'TPC_NONE', 'UC_MPOLY', 'UC_NONE', 'TPC_NONE', 'UC_NONE', 'SPC_MPOLY', 'SPC_NONE', 'SPC_NONE', 'NONE_MPOLY', 'SPC_NONE', 'SBX_MPOLY', 'TPC_NONE', 'SBX_NONE', 'TPC_NONE', 'UC_NONE', 'UC_MPOLY', 'SPC_NONE', 'UC_NONE', 'TPC_NONE', 'SPC_NONE', 'UC_NONE', 'TPC_NONE', 'SPC_NONE', 'UC_NONE', 'TPC_NONE', 'TPC_MPOLY', 'UC_MPOLY', 'UC_NONE', 'UC_NONE', 'UC_NONE', 'SPC_NONE', 'TPC_NONE', 'UC_NONE', 'UC_NONE', 'SPC_NONE', 'TPC_NONE', 'TPC_NONE', 'SPC_NONE', 'TPC_NONE', 'SBX_NONE', 'UC_NONE', 'UC_NONE', 'UC_NONE', 'UC_NONE', 'SPC_NONE', 'UC_NONE', 'TPC_NONE', 'SPC_NONE', 'TPC_NONE', 'UC_NONE', 'UC_NONE', 'UC_NONE', 'TPC_NONE', 'SPC_NONE', 'UC_NONE', 'TPC_NONE', 'SPC_NONE']","{'TPC_MNUF': 1, 'TPC_MPOLY': 2, 'SPC_MPOLY': 3, 'UC_MPOLY': 5, 'SPC_NONE': 17, 'TPC_NONE': 18, 'UC_NONE': 22, 'SBX_MPOLY': 4, 'NONE_MPOLY': 1, 'SBX_NONE': 2}"
9,76,SPC,NONE,0.6895485051956363,0.0397392150769796,592680567.04,405447568.9856928,2364396.96,1758851.6520394655,0.7460151409116608,-1.290446659418798e-06,0.01,0.0,GREEDY_HV,"['SPC_MBFLIP', 'TPC_MNUF', 'TPC_MPOLY', 'SPC_MPOLY', 'UC_MPOLY', 'SPC_MPOLY', 'SPC_NONE', 'TPC_NONE', 'UC_NONE', 'TPC_NONE', 'SBX_MPOLY', 'SBX_MPOLY', 'TPC_NONE', 'SPC_NONE', 'SPC_NONE', 'UC_MPOLY', 'SBX_MPOLY', 'SPC_NONE', 'UC_NONE', 'TPC_NONE', 'UC_MPOLY', 'UC_NONE', 'TPC_NONE', 'UC_NONE', 'SPC_MPOLY', 'SPC_NONE', 'SPC_NONE', 'NONE_MPOLY', 'SPC_NONE', 'SBX_MPOLY', 'TPC_NONE', 'SBX_NONE', 'TPC_NONE', 'UC_NONE', 'UC_MPOLY', 'SPC_NONE', 'UC_NONE', 'TPC_NONE', 'SPC_NONE', 'UC_NONE', 'TPC_NONE', 'SPC_NONE', 'UC_NONE', 'TPC_NONE', 'TPC_MPOLY', 'UC_MPOLY', 'UC_NONE', 'UC_NONE', 'UC_NONE', 'SPC_NONE', 'TPC_NONE', 'UC_NONE', 'UC_NONE', 'SPC_NONE', 'TPC_NONE', 'TPC_NONE', 'SPC_NONE', 'TPC_NONE', 'SBX_NONE', 'UC_NONE', 'UC_NONE', 'UC_NONE', 'UC_NONE', 'SPC_NONE', 'UC_NONE', 'TPC_NONE', 'SPC_NONE', 'TPC_NONE', 'UC_NONE', 'UC_NONE', 'UC_NONE', 'TPC_NONE', 'SPC_NONE', 'UC_NONE', 'TPC_NONE', 'SPC_NONE', 'SPC_NONE']","{'TPC_MNUF': 1, 'TPC_MPOLY': 2, 'SPC_MPOLY': 3, 'UC_MPOLY': 5, 'SPC_NONE': 18, 'TPC_NONE': 18, 'UC_NONE': 22, 'SBX_MPOLY': 4, 'NONE_MPOLY': 1, 'SBX_NONE': 2}"
9,77,SPC,NONE,0.6884819161298875,0.0397297091725946,556808172.8,401265305.8763376,2352693.92,1762993.1184927963,0.7460108605026572,-4.280409003576402e-06,0.0,0.0,GREEDY_HV,"['SPC_MBFLIP', 'TPC_MNUF', 'TPC_MPOLY', 'SPC_MPOLY', 'UC_MPOLY', 'SPC_MPOLY', 'SPC_NONE', 'TPC_NONE', 'UC_NONE', 'TPC_NONE', 'SBX_MPOLY', 'SBX_MPOLY', 'TPC_NONE', 'SPC_NONE', 'SPC_NONE', 'UC_MPOLY', 'SBX_MPOLY', 'SPC_NONE', 'UC_NONE', 'TPC_NONE', 'UC_MPOLY', 'UC_NONE', 'TPC_NONE', 'UC_NONE', 'SPC_MPOLY', 'SPC_NONE', 'SPC_NONE', 'NONE_MPOLY', 'SPC_NONE', 'SBX_MPOLY', 'TPC_NONE', 'SBX_NONE', 'TPC_NONE', 'UC_NONE', 'UC_MPOLY', 'SPC_NONE', 'UC_NONE', 'TPC_NONE', 'SPC_NONE', 'UC_NONE', 'TPC_NONE', 'SPC_NONE', 'UC_NONE', 'TPC_NONE', 'TPC_MPOLY', 'UC_MPOLY', 'UC_NONE', 'UC_NONE', 'UC_NONE', 'SPC_NONE', 'TPC_NONE', 'UC_NONE', 'UC_NONE', 'SPC_NONE', 'TPC_NONE', 'TPC_NONE', 'SPC_NONE', 'TPC_NONE', 'SBX_NONE', 'UC_NONE', 'UC_NONE', 'UC_NONE', 'UC_NONE', 'SPC_NONE', 'UC_NONE', 'TPC_NONE', 'SPC_NONE', 'TPC_NONE', 'UC_NONE', 'UC_NONE', 'UC_NONE', 'TPC_NONE', 'SPC_NONE', 'UC_NONE', 'TPC_NONE', 'SPC_NONE', 'SPC_NONE', 'SPC_NONE']","{'TPC_MNUF': 1, 'TPC_MPOLY': 2, 'SPC_MPOLY': 3, 'UC_MPOLY': 5, 'SPC_NONE': 19, 'TPC_NONE': 18, 'UC_NONE': 22, 'SBX_MPOLY': 4, 'NONE_MPOLY': 1, 'SBX_NONE': 2}"
9,78,TPC,NONE,0.6891036822879962,0.0400387188902402,575726101.76,407328482.649172,2440390.56,1795765.5191379094,0.7460244619599965,1.3601457339307288e-05,0.0,0.0,GREEDY_HV,"['SPC_MBFLIP', 'TPC_MNUF', 'TPC_MPOLY', 'SPC_MPOLY', 'UC_MPOLY', 'SPC_MPOLY', 'SPC_NONE', 'TPC_NONE', 'UC_NONE', 'TPC_NONE', 'SBX_MPOLY', 'SBX_MPOLY', 'TPC_NONE', 'SPC_NONE', 'SPC_NONE', 'UC_MPOLY', 'SBX_MPOLY', 'SPC_NONE', 'UC_NONE', 'TPC_NONE', 'UC_MPOLY', 'UC_NONE', 'TPC_NONE', 'UC_NONE', 'SPC_MPOLY', 'SPC_NONE', 'SPC_NONE', 'NONE_MPOLY', 'SPC_NONE', 'SBX_MPOLY', 'TPC_NONE', 'SBX_NONE', 'TPC_NONE', 'UC_NONE', 'UC_MPOLY', 'SPC_NONE', 'UC_NONE', 'TPC_NONE', 'SPC_NONE', 'UC_NONE', 'TPC_NONE', 'SPC_NONE', 'UC_NONE', 'TPC_NONE', 'TPC_MPOLY', 'UC_MPOLY', 'UC_NONE', 'UC_NONE', 'UC_NONE', 'SPC_NONE', 'TPC_NONE', 'UC_NONE', 'UC_NONE', 'SPC_NONE', 'TPC_NONE', 'TPC_NONE', 'SPC_NONE', 'TPC_NONE', 'SBX_NONE', 'UC_NONE', 'UC_NONE', 'UC_NONE', 'UC_NONE', 'SPC_NONE', 'UC_NONE', 'TPC_NONE', 'SPC_NONE', 'TPC_NONE', 'UC_NONE', 'UC_NONE', 'UC_NONE', 'TPC_NONE', 'SPC_NONE', 'UC_NONE', 'TPC_NONE', 'SPC_NONE', 'SPC_NONE', 'SPC_NONE', 'TPC_NONE']","{'TPC_MNUF': 1, 'TPC_MPOLY': 2, 'SPC_MPOLY': 3, 'UC_MPOLY': 5, 'SPC_NONE': 19, 'TPC_NONE': 19, 'UC_NONE': 22, 'SBX_MPOLY': 4, 'NONE_MPOLY': 1, 'SBX_NONE': 2}"
9,79,UC,NONE,0.6902095185821006,0.0393831937982376,582038268.16,402231924.9874743,2441940.64,1740657.5057708484,0.7459104454420153,-0.0001140165179811,0.0,0.0,GREEDY_HV,"['SPC_MBFLIP', 'TPC_MNUF', 'TPC_MPOLY', 'SPC_MPOLY', 'UC_MPOLY', 'SPC_MPOLY', 'SPC_NONE', 'TPC_NONE', 'UC_NONE', 'TPC_NONE', 'SBX_MPOLY', 'SBX_MPOLY', 'TPC_NONE', 'SPC_NONE', 'SPC_NONE', 'UC_MPOLY', 'SBX_MPOLY', 'SPC_NONE', 'UC_NONE', 'TPC_NONE', 'UC_MPOLY', 'UC_NONE', 'TPC_NONE', 'UC_NONE', 'SPC_MPOLY', 'SPC_NONE', 'SPC_NONE', 'NONE_MPOLY', 'SPC_NONE', 'SBX_MPOLY', 'TPC_NONE', 'SBX_NONE', 'TPC_NONE', 'UC_NONE', 'UC_MPOLY', 'SPC_NONE', 'UC_NONE', 'TPC_NONE', 'SPC_NONE', 'UC_NONE', 'TPC_NONE', 'SPC_NONE', 'UC_NONE', 'TPC_NONE', 'TPC_MPOLY', 'UC_MPOLY', 'UC_NONE', 'UC_NONE', 'UC_NONE', 'SPC_NONE', 'TPC_NONE', 'UC_NONE', 'UC_NONE', 'SPC_NONE', 'TPC_NONE', 'TPC_NONE', 'SPC_NONE', 'TPC_NONE', 'SBX_NONE', 'UC_NONE', 'UC_NONE', 'UC_NONE', 'UC_NONE', 'SPC_NONE', 'UC_NONE', 'TPC_NONE', 'SPC_NONE', 'TPC_NONE', 'UC_NONE', 'UC_NONE', 'UC_NONE', 'TPC_NONE', 'SPC_NONE', 'UC_NONE', 'TPC_NONE', 'SPC_NONE', 'SPC_NONE', 'SPC_NONE', 'TPC_NONE', 'UC_NONE']","{'TPC_MNUF': 1, 'TPC_MPOLY': 2, 'SPC_MPOLY': 3, 'UC_MPOLY': 5, 'SPC_NONE': 19, 'TPC_NONE': 19, 'UC_NONE': 23, 'SBX_MPOLY': 4, 'NONE_MPOLY': 1, 'SBX_NONE': 2}"
9,80,TPC,NONE,0.6900229408862356,0.0399783987051972,594231184.64,407490398.20641327,2439262.88,1745264.558205072,0.7459362227235811,2.577728156571979e-05,0.01,0.0,GREEDY_HV,"['SPC_MBFLIP', 'TPC_MNUF', 'TPC_MPOLY', 'SPC_MPOLY', 'UC_MPOLY', 'SPC_MPOLY', 'SPC_NONE', 'TPC_NONE', 'UC_NONE', 'TPC_NONE', 'SBX_MPOLY', 'SBX_MPOLY', 'TPC_NONE', 'SPC_NONE', 'SPC_NONE', 'UC_MPOLY', 'SBX_MPOLY', 'SPC_NONE', 'UC_NONE', 'TPC_NONE', 'UC_MPOLY', 'UC_NONE', 'TPC_NONE', 'UC_NONE', 'SPC_MPOLY', 'SPC_NONE', 'SPC_NONE', 'NONE_MPOLY', 'SPC_NONE', 'SBX_MPOLY', 'TPC_NONE', 'SBX_NONE', 'TPC_NONE', 'UC_NONE', 'UC_MPOLY', 'SPC_NONE', 'UC_NONE', 'TPC_NONE', 'SPC_NONE', 'UC_NONE', 'TPC_NONE', 'SPC_NONE', 'UC_NONE', 'TPC_NONE', 'TPC_MPOLY', 'UC_MPOLY', 'UC_NONE', 'UC_NONE', 'UC_NONE', 'SPC_NONE', 'TPC_NONE', 'UC_NONE', 'UC_NONE', 'SPC_NONE', 'TPC_NONE', 'TPC_NONE', 'SPC_NONE', 'TPC_NONE', 'SBX_NONE', 'UC_NONE', 'UC_NONE', 'UC_NONE', 'UC_NONE', 'SPC_NONE', 'UC_NONE', 'TPC_NONE', 'SPC_NONE', 'TPC_NONE', 'UC_NONE', 'UC_NONE', 'UC_NONE', 'TPC_NONE', 'SPC_NONE', 'UC_NONE', 'TPC_NONE', 'SPC_NONE', 'SPC_NONE', 'SPC_NONE', 'TPC_NONE', 'UC_NONE', 'TPC_NONE']","{'TPC_MNUF': 1, 'TPC_MPOLY': 2, 'SPC_MPOLY': 3, 'UC_MPOLY': 5, 'SPC_NONE': 19, 'TPC_NONE': 20, 'UC_NONE': 23, 'SBX_MPOLY': 4, 'NONE_MPOLY': 1, 'SBX_NONE': 2}"
9,81,TPC,NONE,0.6909293465557093,0.0399109093990315,612775184.64,409257135.191886,2484386.72,1761180.4990959335,0.745895851415971,-4.037130761003205e-05,0.0,0.0,GREEDY_HV,"['SPC_MBFLIP', 'TPC_MNUF', 'TPC_MPOLY', 'SPC_MPOLY', 'UC_MPOLY', 'SPC_MPOLY', 'SPC_NONE', 'TPC_NONE', 'UC_NONE', 'TPC_NONE', 'SBX_MPOLY', 'SBX_MPOLY', 'TPC_NONE', 'SPC_NONE', 'SPC_NONE', 'UC_MPOLY', 'SBX_MPOLY', 'SPC_NONE', 'UC_NONE', 'TPC_NONE', 'UC_MPOLY', 'UC_NONE', 'TPC_NONE', 'UC_NONE', 'SPC_MPOLY', 'SPC_NONE', 'SPC_NONE', 'NONE_MPOLY', 'SPC_NONE', 'SBX_MPOLY', 'TPC_NONE', 'SBX_NONE', 'TPC_NONE', 'UC_NONE', 'UC_MPOLY', 'SPC_NONE', 'UC_NONE', 'TPC_NONE', 'SPC_NONE', 'UC_NONE', 'TPC_NONE', 'SPC_NONE', 'UC_NONE', 'TPC_NONE', 'TPC_MPOLY', 'UC_MPOLY', 'UC_NONE', 'UC_NONE', 'UC_NONE', 'SPC_NONE', 'TPC_NONE', 'UC_NONE', 'UC_NONE', 'SPC_NONE', 'TPC_NONE', 'TPC_NONE', 'SPC_NONE', 'TPC_NONE', 'SBX_NONE', 'UC_NONE', 'UC_NONE', 'UC_NONE', 'UC_NONE', 'SPC_NONE', 'UC_NONE', 'TPC_NONE', 'SPC_NONE', 'TPC_NONE', 'UC_NONE', 'UC_NONE', 'UC_NONE', 'TPC_NONE', 'SPC_NONE', 'UC_NONE', 'TPC_NONE', 'SPC_NONE', 'SPC_NONE', 'SPC_NONE', 'TPC_NONE', 'UC_NONE', 'TPC_NONE', 'TPC_NONE']","{'TPC_MNUF': 1, 'TPC_MPOLY': 2, 'SPC_MPOLY': 3, 'UC_MPOLY': 5, 'SPC_NONE': 19, 'TPC_NONE': 21, 'UC_NONE': 23, 'SBX_MPOLY': 4, 'NONE_MPOLY': 1, 'SBX_NONE': 2}"
9,82,SPC,NONE,0.6856431815676897,0.0419434009768034,584037478.4,415332306.6067656,2291927.2,1844033.054234939,0.7459828344974745,8.698308150345557e-05,0.0,0.0,GREEDY_HV,"['SPC_MBFLIP', 'TPC_MNUF', 'TPC_MPOLY', 'SPC_MPOLY', 'UC_MPOLY', 'SPC_MPOLY', 'SPC_NONE', 'TPC_NONE', 'UC_NONE', 'TPC_NONE', 'SBX_MPOLY', 'SBX_MPOLY', 'TPC_NONE', 'SPC_NONE', 'SPC_NONE', 'UC_MPOLY', 'SBX_MPOLY', 'SPC_NONE', 'UC_NONE', 'TPC_NONE', 'UC_MPOLY', 'UC_NONE', 'TPC_NONE', 'UC_NONE', 'SPC_MPOLY', 'SPC_NONE', 'SPC_NONE', 'NONE_MPOLY', 'SPC_NONE', 'SBX_MPOLY', 'TPC_NONE', 'SBX_NONE', 'TPC_NONE', 'UC_NONE', 'UC_MPOLY', 'SPC_NONE', 'UC_NONE', 'TPC_NONE', 'SPC_NONE', 'UC_NONE', 'TPC_NONE', 'SPC_NONE', 'UC_NONE', 'TPC_NONE', 'TPC_MPOLY', 'UC_MPOLY', 'UC_NONE', 'UC_NONE', 'UC_NONE', 'SPC_NONE', 'TPC_NONE', 'UC_NONE', 'UC_NONE', 'SPC_NONE', 'TPC_NONE', 'TPC_NONE', 'SPC_NONE', 'TPC_NONE', 'SBX_NONE', 'UC_NONE', 'UC_NONE', 'UC_NONE', 'UC_NONE', 'SPC_NONE', 'UC_NONE', 'TPC_NONE', 'SPC_NONE', 'TPC_NONE', 'UC_NONE', 'UC_NONE', 'UC_NONE', 'TPC_NONE', 'SPC_NONE', 'UC_NONE', 'TPC_NONE', 'SPC_NONE', 'SPC_NONE', 'SPC_NONE', 'TPC_NONE', 'UC_NONE', 'TPC_NONE', 'TPC_NONE', 'SPC_NONE']","{'TPC_MNUF': 1, 'TPC_MPOLY': 2, 'SPC_MPOLY': 3, 'UC_MPOLY': 5, 'SPC_NONE': 20, 'TPC_NONE': 21, 'UC_NONE': 23, 'SBX_MPOLY': 4, 'NONE_MPOLY': 1, 'SBX_NONE': 2}"
9,83,UC,NONE,0.6897166630290169,0.0401664862526449,604047852.8,408106112.4911563,2437469.6,1793073.0218655576,0.7459928201405327,9.985643058207929e-06,0.01,0.0,GREEDY_HV,"['SPC_MBFLIP', 'TPC_MNUF', 'TPC_MPOLY', 'SPC_MPOLY', 'UC_MPOLY', 'SPC_MPOLY', 'SPC_NONE', 'TPC_NONE', 'UC_NONE', 'TPC_NONE', 'SBX_MPOLY', 'SBX_MPOLY', 'TPC_NONE', 'SPC_NONE', 'SPC_NONE', 'UC_MPOLY', 'SBX_MPOLY', 'SPC_NONE', 'UC_NONE', 'TPC_NONE', 'UC_MPOLY', 'UC_NONE', 'TPC_NONE', 'UC_NONE', 'SPC_MPOLY', 'SPC_NONE', 'SPC_NONE', 'NONE_MPOLY', 'SPC_NONE', 'SBX_MPOLY', 'TPC_NONE', 'SBX_NONE', 'TPC_NONE', 'UC_NONE', 'UC_MPOLY', 'SPC_NONE', 'UC_NONE', 'TPC_NONE', 'SPC_NONE', 'UC_NONE', 'TPC_NONE', 'SPC_NONE', 'UC_NONE', 'TPC_NONE', 'TPC_MPOLY', 'UC_MPOLY', 'UC_NONE', 'UC_NONE', 'UC_NONE', 'SPC_NONE', 'TPC_NONE', 'UC_NONE', 'UC_NONE', 'SPC_NONE', 'TPC_NONE', 'TPC_NONE', 'SPC_NONE', 'TPC_NONE', 'SBX_NONE', 'UC_NONE', 'UC_NONE', 'UC_NONE', 'UC_NONE', 'SPC_NONE', 'UC_NONE', 'TPC_NONE', 'SPC_NONE', 'TPC_NONE', 'UC_NONE', 'UC_NONE', 'UC_NONE', 'TPC_NONE', 'SPC_NONE', 'UC_NONE', 'TPC_NONE', 'SPC_NONE', 'SPC_NONE', 'SPC_NONE', 'TPC_NONE', 'UC_NONE', 'TPC_NONE', 'TPC_NONE', 'SPC_NONE', 'UC_NONE']","{'TPC_MNUF': 1, 'TPC_MPOLY': 2, 'SPC_MPOLY': 3, 'UC_MPOLY': 5, 'SPC_NONE': 20, 'TPC_NONE': 21, 'UC_NONE': 24, 'SBX_MPOLY': 4, 'NONE_MPOLY': 1, 'SBX_NONE': 2}"
9,84,SPC,NONE,0.6872725914247849,0.0402221220553856,585307603.2,414825266.5654839,2375750.56,1833643.472650059,0.7459630553290442,-2.976481148853072e-05,0.0,0.0,GREEDY_HV,"['SPC_MBFLIP', 'TPC_MNUF', 'TPC_MPOLY', 'SPC_MPOLY', 'UC_MPOLY', 'SPC_MPOLY', 'SPC_NONE', 'TPC_NONE', 'UC_NONE', 'TPC_NONE', 'SBX_MPOLY', 'SBX_MPOLY', 'TPC_NONE', 'SPC_NONE', 'SPC_NONE', 'UC_MPOLY', 'SBX_MPOLY', 'SPC_NONE', 'UC_NONE', 'TPC_NONE', 'UC_MPOLY', 'UC_NONE', 'TPC_NONE', 'UC_NONE', 'SPC_MPOLY', 'SPC_NONE', 'SPC_NONE', 'NONE_MPOLY', 'SPC_NONE', 'SBX_MPOLY', 'TPC_NONE', 'SBX_NONE', 'TPC_NONE', 'UC_NONE', 'UC_MPOLY', 'SPC_NONE', 'UC_NONE', 'TPC_NONE', 'SPC_NONE', 'UC_NONE', 'TPC_NONE', 'SPC_NONE', 'UC_NONE', 'TPC_NONE', 'TPC_MPOLY', 'UC_MPOLY', 'UC_NONE', 'UC_NONE', 'UC_NONE', 'SPC_NONE', 'TPC_NONE', 'UC_NONE', 'UC_NONE', 'SPC_NONE', 'TPC_NONE', 'TPC_NONE', 'SPC_NONE', 'TPC_NONE', 'SBX_NONE', 'UC_NONE', 'UC_NONE', 'UC_NONE', 'UC_NONE', 'SPC_NONE', 'UC_NONE', 'TPC_NONE', 'SPC_NONE', 'TPC_NONE', 'UC_NONE', 'UC_NONE', 'UC_NONE', 'TPC_NONE', 'SPC_NONE', 'UC_NONE', 'TPC_NONE', 'SPC_NONE', 'SPC_NONE', 'SPC_NONE', 'TPC_NONE', 'UC_NONE', 'TPC_NONE', 'TPC_NONE', 'SPC_NONE', 'UC_NONE', 'SPC_NONE']","{'TPC_MNUF': 1, 'TPC_MPOLY': 2, 'SPC_MPOLY': 3, 'UC_MPOLY': 5, 'SPC_NONE': 21, 'TPC_NONE': 21, 'UC_NONE': 24, 'SBX_MPOLY': 4, 'NONE_MPOLY': 1, 'SBX_NONE': 2}"
9,85,SPC,NONE,0.6886088751812366,0.0398259711878599,601749920.0,405447403.7013685,2399735.2,1804357.0105644604,0.7459297468882132,-3.330844083093698e-05,0.0,0.0,GREEDY_HV,"['SPC_MBFLIP', 'TPC_MNUF', 'TPC_MPOLY', 'SPC_MPOLY', 'UC_MPOLY', 'SPC_MPOLY', 'SPC_NONE', 'TPC_NONE', 'UC_NONE', 'TPC_NONE', 'SBX_MPOLY', 'SBX_MPOLY', 'TPC_NONE', 'SPC_NONE', 'SPC_NONE', 'UC_MPOLY', 'SBX_MPOLY', 'SPC_NONE', 'UC_NONE', 'TPC_NONE', 'UC_MPOLY', 'UC_NONE', 'TPC_NONE', 'UC_NONE', 'SPC_MPOLY', 'SPC_NONE', 'SPC_NONE', 'NONE_MPOLY', 'SPC_NONE', 'SBX_MPOLY', 'TPC_NONE', 'SBX_NONE', 'TPC_NONE', 'UC_NONE', 'UC_MPOLY', 'SPC_NONE', 'UC_NONE', 'TPC_NONE', 'SPC_NONE', 'UC_NONE', 'TPC_NONE', 'SPC_NONE', 'UC_NONE', 'TPC_NONE', 'TPC_MPOLY', 'UC_MPOLY', 'UC_NONE', 'UC_NONE', 'UC_NONE', 'SPC_NONE', 'TPC_NONE', 'UC_NONE', 'UC_NONE', 'SPC_NONE', 'TPC_NONE', 'TPC_NONE', 'SPC_NONE', 'TPC_NONE', 'SBX_NONE', 'UC_NONE', 'UC_NONE', 'UC_NONE', 'UC_NONE', 'SPC_NONE', 'UC_NONE', 'TPC_NONE', 'SPC_NONE', 'TPC_NONE', 'UC_NONE', 'UC_NONE', 'UC_NONE', 'TPC_NONE', 'SPC_NONE', 'UC_NONE', 'TPC_NONE', 'SPC_NONE', 'SPC_NONE', 'SPC_NONE', 'TPC_NONE', 'UC_NONE', 'TPC_NONE', 'TPC_NONE', 'SPC_NONE', 'UC_NONE', 'SPC_NONE', 'SPC_NONE']","{'TPC_MNUF': 1, 'TPC_MPOLY': 2, 'SPC_MPOLY': 3, 'UC_MPOLY': 5, 'SPC_NONE': 22, 'TPC_NONE': 21, 'UC_NONE': 24, 'SBX_MPOLY': 4, 'NONE_MPOLY': 1, 'SBX_NONE': 2}"
9,86,UC,NONE,0.6895328465207894,0.0394360433220761,622949172.48,399242572.58037394,2469204.64,1819333.75364471,0.7459347313593008,4.984471087543518e-06,0.0,0.0,GREEDY_HV,"['SPC_MBFLIP', 'TPC_MNUF', 'TPC_MPOLY', 'SPC_MPOLY', 'UC_MPOLY', 'SPC_MPOLY', 'SPC_NONE', 'TPC_NONE', 'UC_NONE', 'TPC_NONE', 'SBX_MPOLY', 'SBX_MPOLY', 'TPC_NONE', 'SPC_NONE', 'SPC_NONE', 'UC_MPOLY', 'SBX_MPOLY', 'SPC_NONE', 'UC_NONE', 'TPC_NONE', 'UC_MPOLY', 'UC_NONE', 'TPC_NONE', 'UC_NONE', 'SPC_MPOLY', 'SPC_NONE', 'SPC_NONE', 'NONE_MPOLY', 'SPC_NONE', 'SBX_MPOLY', 'TPC_NONE', 'SBX_NONE', 'TPC_NONE', 'UC_NONE', 'UC_MPOLY', 'SPC_NONE', 'UC_NONE', 'TPC_NONE', 'SPC_NONE', 'UC_NONE', 'TPC_NONE', 'SPC_NONE', 'UC_NONE', 'TPC_NONE', 'TPC_MPOLY', 'UC_MPOLY', 'UC_NONE', 'UC_NONE', 'UC_NONE', 'SPC_NONE', 'TPC_NONE', 'UC_NONE', 'UC_NONE', 'SPC_NONE', 'TPC_NONE', 'TPC_NONE', 'SPC_NONE', 'TPC_NONE', 'SBX_NONE', 'UC_NONE', 'UC_NONE', 'UC_NONE', 'UC_NONE', 'SPC_NONE', 'UC_NONE', 'TPC_NONE', 'SPC_NONE', 'TPC_NONE', 'UC_NONE', 'UC_NONE', 'UC_NONE', 'TPC_NONE', 'SPC_NONE', 'UC_NONE', 'TPC_NONE', 'SPC_NONE', 'SPC_NONE', 'SPC_NONE', 'TPC_NONE', 'UC_NONE', 'TPC_NONE', 'TPC_NONE', 'SPC_NONE', 'UC_NONE', 'SPC_NONE', 'SPC_NONE', 'UC_NONE']","{'TPC_MNUF': 1, 'TPC_MPOLY': 2, 'SPC_MPOLY': 3, 'UC_MPOLY': 5, 'SPC_NONE': 22, 'TPC_NONE': 21, 'UC_NONE': 25, 'SBX_MPOLY': 4, 'NONE_MPOLY': 1, 'SBX_NONE': 2}"
9,87,UC,NONE,0.688794680638801,0.0396393905119035,598403467.52,407532658.8560422,2416903.84,1775133.3805545466,0.7459061816133885,-2.8549745912265223e-05,0.0,0.0,GREEDY_HV,"['SPC_MBFLIP', 'TPC_MNUF', 'TPC_MPOLY', 'SPC_MPOLY', 'UC_MPOLY', 'SPC_MPOLY', 'SPC_NONE', 'TPC_NONE', 'UC_NONE', 'TPC_NONE', 'SBX_MPOLY', 'SBX_MPOLY', 'TPC_NONE', 'SPC_NONE', 'SPC_NONE', 'UC_MPOLY', 'SBX_MPOLY', 'SPC_NONE', 'UC_NONE', 'TPC_NONE', 'UC_MPOLY', 'UC_NONE', 'TPC_NONE', 'UC_NONE', 'SPC_MPOLY', 'SPC_NONE', 'SPC_NONE', 'NONE_MPOLY', 'SPC_NONE', 'SBX_MPOLY', 'TPC_NONE', 'SBX_NONE', 'TPC_NONE', 'UC_NONE', 'UC_MPOLY', 'SPC_NONE', 'UC_NONE', 'TPC_NONE', 'SPC_NONE', 'UC_NONE', 'TPC_NONE', 'SPC_NONE', 'UC_NONE', 'TPC_NONE', 'TPC_MPOLY', 'UC_MPOLY', 'UC_NONE', 'UC_NONE', 'UC_NONE', 'SPC_NONE', 'TPC_NONE', 'UC_NONE', 'UC_NONE', 'SPC_NONE', 'TPC_NONE', 'TPC_NONE', 'SPC_NONE', 'TPC_NONE', 'SBX_NONE', 'UC_NONE', 'UC_NONE', 'UC_NONE', 'UC_NONE', 'SPC_NONE', 'UC_NONE', 'TPC_NONE', 'SPC_NONE', 'TPC_NONE', 'UC_NONE', 'UC_NONE', 'UC_NONE', 'TPC_NONE', 'SPC_NONE', 'UC_NONE', 'TPC_NONE', 'SPC_NONE', 'SPC_NONE', 'SPC_NONE', 'TPC_NONE', 'UC_NONE', 'TPC_NONE', 'TPC_NONE', 'SPC_NONE', 'UC_NONE', 'SPC_NONE', 'SPC_NONE', 'UC_NONE', 'UC_NONE']","{'TPC_MNUF': 1, 'TPC_MPOLY': 2, 'SPC_MPOLY': 3, 'UC_MPOLY': 5, 'SPC_NONE': 22, 'TPC_NONE': 21, 'UC_NONE': 26, 'SBX_MPOLY': 4, 'NONE_MPOLY': 1, 'SBX_NONE': 2}"
9,88,TPC,NONE,0.6890681194815542,0.0397787767460023,604172652.8,408508675.22290593,2443134.88,1791230.8879614673,0.7458707507228743,-3.543089051416537e-05,0.0,0.0,GREEDY_HV,"['SPC_MBFLIP', 'TPC_MNUF', 'TPC_MPOLY', 'SPC_MPOLY', 'UC_MPOLY', 'SPC_MPOLY', 'SPC_NONE', 'TPC_NONE', 'UC_NONE', 'TPC_NONE', 'SBX_MPOLY', 'SBX_MPOLY', 'TPC_NONE', 'SPC_NONE', 'SPC_NONE', 'UC_MPOLY', 'SBX_MPOLY', 'SPC_NONE', 'UC_NONE', 'TPC_NONE', 'UC_MPOLY', 'UC_NONE', 'TPC_NONE', 'UC_NONE', 'SPC_MPOLY', 'SPC_NONE', 'SPC_NONE', 'NONE_MPOLY', 'SPC_NONE', 'SBX_MPOLY', 'TPC_NONE', 'SBX_NONE', 'TPC_NONE', 'UC_NONE', 'UC_MPOLY', 'SPC_NONE', 'UC_NONE', 'TPC_NONE', 'SPC_NONE', 'UC_NONE', 'TPC_NONE', 'SPC_NONE', 'UC_NONE', 'TPC_NONE', 'TPC_MPOLY', 'UC_MPOLY', 'UC_NONE', 'UC_NONE', 'UC_NONE', 'SPC_NONE', 'TPC_NONE', 'UC_NONE', 'UC_NONE', 'SPC_NONE', 'TPC_NONE', 'TPC_NONE', 'SPC_NONE', 'TPC_NONE', 'SBX_NONE', 'UC_NONE', 'UC_NONE', 'UC_NONE', 'UC_NONE', 'SPC_NONE', 'UC_NONE', 'TPC_NONE', 'SPC_NONE', 'TPC_NONE', 'UC_NONE', 'UC_NONE', 'UC_NONE', 'TPC_NONE', 'SPC_NONE', 'UC_NONE', 'TPC_NONE', 'SPC_NONE', 'SPC_NONE', 'SPC_NONE', 'TPC_NONE', 'UC_NONE', 'TPC_NONE', 'TPC_NONE', 'SPC_NONE', 'UC_NONE', 'SPC_NONE', 'SPC_NONE', 'UC_NONE', 'UC_NONE', 'TPC_NONE']","{'TPC_MNUF': 1, 'TPC_MPOLY': 2, 'SPC_MPOLY': 3, 'UC_MPOLY': 5, 'SPC_NONE': 22, 'TPC_NONE': 22, 'UC_NONE': 26, 'SBX_MPOLY': 4, 'NONE_MPOLY': 1, 'SBX_NONE': 2}"
9,89,TPC,NONE,0.6905058080877944,0.0397854293420026,635628545.28,418047035.1575126,2507453.6,1771157.108819791,0.7458886218553309,1.7871132456548366e-05,0.01,0.0,GREEDY_HV,"['SPC_MBFLIP', 'TPC_MNUF', 'TPC_MPOLY', 'SPC_MPOLY', 'UC_MPOLY', 'SPC_MPOLY', 'SPC_NONE', 'TPC_NONE', 'UC_NONE', 'TPC_NONE', 'SBX_MPOLY', 'SBX_MPOLY', 'TPC_NONE', 'SPC_NONE', 'SPC_NONE', 'UC_MPOLY', 'SBX_MPOLY', 'SPC_NONE', 'UC_NONE', 'TPC_NONE', 'UC_MPOLY', 'UC_NONE', 'TPC_NONE', 'UC_NONE', 'SPC_MPOLY', 'SPC_NONE', 'SPC_NONE', 'NONE_MPOLY', 'SPC_NONE', 'SBX_MPOLY', 'TPC_NONE', 'SBX_NONE', 'TPC_NONE', 'UC_NONE', 'UC_MPOLY', 'SPC_NONE', 'UC_NONE', 'TPC_NONE', 'SPC_NONE', 'UC_NONE', 'TPC_NONE', 'SPC_NONE', 'UC_NONE', 'TPC_NONE', 'TPC_MPOLY', 'UC_MPOLY', 'UC_NONE', 'UC_NONE', 'UC_NONE', 'SPC_NONE', 'TPC_NONE', 'UC_NONE', 'UC_NONE', 'SPC_NONE', 'TPC_NONE', 'TPC_NONE', 'SPC_NONE', 'TPC_NONE', 'SBX_NONE', 'UC_NONE', 'UC_NONE', 'UC_NONE', 'UC_NONE', 'SPC_NONE', 'UC_NONE', 'TPC_NONE', 'SPC_NONE', 'TPC_NONE', 'UC_NONE', 'UC_NONE', 'UC_NONE', 'TPC_NONE', 'SPC_NONE', 'UC_NONE', 'TPC_NONE', 'SPC_NONE', 'SPC_NONE', 'SPC_NONE', 'TPC_NONE', 'UC_NONE', 'TPC_NONE', 'TPC_NONE', 'SPC_NONE', 'UC_NONE', 'SPC_NONE', 'SPC_NONE', 'UC_NONE', 'UC_NONE', 'TPC_NONE', 'TPC_NONE']","{'TPC_MNUF': 1, 'TPC_MPOLY': 2, 'SPC_MPOLY': 3, 'UC_MPOLY': 5, 'SPC_NONE': 22, 'TPC_NONE': 23, 'UC_NONE': 26, 'SBX_MPOLY': 4, 'NONE_MPOLY': 1, 'SBX_NONE': 2}"
9,90,TPC,NONE,0.6912158455220984,0.0398964220153623,642276926.72,420937806.0215417,2554834.08,1742434.289841885,0.7458316832641523,-5.693859117861244e-05,0.0,0.0,GREEDY_HV,"['SPC_MBFLIP', 'TPC_MNUF', 'TPC_MPOLY', 'SPC_MPOLY', 'UC_MPOLY', 'SPC_MPOLY', 'SPC_NONE', 'TPC_NONE', 'UC_NONE', 'TPC_NONE', 'SBX_MPOLY', 'SBX_MPOLY', 'TPC_NONE', 'SPC_NONE', 'SPC_NONE', 'UC_MPOLY', 'SBX_MPOLY', 'SPC_NONE', 'UC_NONE', 'TPC_NONE', 'UC_MPOLY', 'UC_NONE', 'TPC_NONE', 'UC_NONE', 'SPC_MPOLY', 'SPC_NONE', 'SPC_NONE', 'NONE_MPOLY', 'SPC_NONE', 'SBX_MPOLY', 'TPC_NONE', 'SBX_NONE', 'TPC_NONE', 'UC_NONE', 'UC_MPOLY', 'SPC_NONE', 'UC_NONE', 'TPC_NONE', 'SPC_NONE', 'UC_NONE', 'TPC_NONE', 'SPC_NONE', 'UC_NONE', 'TPC_NONE', 'TPC_MPOLY', 'UC_MPOLY', 'UC_NONE', 'UC_NONE', 'UC_NONE', 'SPC_NONE', 'TPC_NONE', 'UC_NONE', 'UC_NONE', 'SPC_NONE', 'TPC_NONE', 'TPC_NONE', 'SPC_NONE', 'TPC_NONE', 'SBX_NONE', 'UC_NONE', 'UC_NONE', 'UC_NONE', 'UC_NONE', 'SPC_NONE', 'UC_NONE', 'TPC_NONE', 'SPC_NONE', 'TPC_NONE', 'UC_NONE', 'UC_NONE', 'UC_NONE', 'TPC_NONE', 'SPC_NONE', 'UC_NONE', 'TPC_NONE', 'SPC_NONE', 'SPC_NONE', 'SPC_NONE', 'TPC_NONE', 'UC_NONE', 'TPC_NONE', 'TPC_NONE', 'SPC_NONE', 'UC_NONE', 'SPC_NONE', 'SPC_NONE', 'UC_NONE', 'UC_NONE', 'TPC_NONE', 'TPC_NONE', 'TPC_NONE']","{'TPC_MNUF': 1, 'TPC_MPOLY': 2, 'SPC_MPOLY': 3, 'UC_MPOLY': 5, 'SPC_NONE': 22, 'TPC_NONE': 24, 'UC_NONE': 26, 'SBX_MPOLY': 4, 'NONE_MPOLY': 1, 'SBX_NONE': 2}"
9,91,SPC,NONE,0.6896789953815363,0.0398911017306559,625496239.36,419415751.91408473,2511396.0,1785092.453744623,0.7458366061231334,4.922858981126765e-06,0.01,0.0,GREEDY_HV,"['SPC_MBFLIP', 'TPC_MNUF', 'TPC_MPOLY', 'SPC_MPOLY', 'UC_MPOLY', 'SPC_MPOLY', 'SPC_NONE', 'TPC_NONE', 'UC_NONE', 'TPC_NONE', 'SBX_MPOLY', 'SBX_MPOLY', 'TPC_NONE', 'SPC_NONE', 'SPC_NONE', 'UC_MPOLY', 'SBX_MPOLY', 'SPC_NONE', 'UC_NONE', 'TPC_NONE', 'UC_MPOLY', 'UC_NONE', 'TPC_NONE', 'UC_NONE', 'SPC_MPOLY', 'SPC_NONE', 'SPC_NONE', 'NONE_MPOLY', 'SPC_NONE', 'SBX_MPOLY', 'TPC_NONE', 'SBX_NONE', 'TPC_NONE', 'UC_NONE', 'UC_MPOLY', 'SPC_NONE', 'UC_NONE', 'TPC_NONE', 'SPC_NONE', 'UC_NONE', 'TPC_NONE', 'SPC_NONE', 'UC_NONE', 'TPC_NONE', 'TPC_MPOLY', 'UC_MPOLY', 'UC_NONE', 'UC_NONE', 'UC_NONE', 'SPC_NONE', 'TPC_NONE', 'UC_NONE', 'UC_NONE', 'SPC_NONE', 'TPC_NONE', 'TPC_NONE', 'SPC_NONE', 'TPC_NONE', 'SBX_NONE', 'UC_NONE', 'UC_NONE', 'UC_NONE', 'UC_NONE', 'SPC_NONE', 'UC_NONE', 'TPC_NONE', 'SPC_NONE', 'TPC_NONE', 'UC_NONE', 'UC_NONE', 'UC_NONE', 'TPC_NONE', 'SPC_NONE', 'UC_NONE', 'TPC_NONE', 'SPC_NONE', 'SPC_NONE', 'SPC_NONE', 'TPC_NONE', 'UC_NONE', 'TPC_NONE', 'TPC_NONE', 'SPC_NONE', 'UC_NONE', 'SPC_NONE', 'SPC_NONE', 'UC_NONE', 'UC_NONE', 'TPC_NONE', 'TPC_NONE', 'TPC_NONE', 'SPC_NONE']","{'TPC_MNUF': 1, 'TPC_MPOLY': 2, 'SPC_MPOLY': 3, 'UC_MPOLY': 5, 'SPC_NONE': 23, 'TPC_NONE': 24, 'UC_NONE': 26, 'SBX_MPOLY': 4, 'NONE_MPOLY': 1, 'SBX_NONE': 2}"
9,92,UC,NONE,0.6901545202821796,0.0397129615466621,619037794.56,405432525.339931,2565086.88,1804255.510392612,0.7459046632325049,6.80571093715221e-05,0.0,0.0,GREEDY_HV,"['SPC_MBFLIP', 'TPC_MNUF', 'TPC_MPOLY', 'SPC_MPOLY', 'UC_MPOLY', 'SPC_MPOLY', 'SPC_NONE', 'TPC_NONE', 'UC_NONE', 'TPC_NONE', 'SBX_MPOLY', 'SBX_MPOLY', 'TPC_NONE', 'SPC_NONE', 'SPC_NONE', 'UC_MPOLY', 'SBX_MPOLY', 'SPC_NONE', 'UC_NONE', 'TPC_NONE', 'UC_MPOLY', 'UC_NONE', 'TPC_NONE', 'UC_NONE', 'SPC_MPOLY', 'SPC_NONE', 'SPC_NONE', 'NONE_MPOLY', 'SPC_NONE', 'SBX_MPOLY', 'TPC_NONE', 'SBX_NONE', 'TPC_NONE', 'UC_NONE', 'UC_MPOLY', 'SPC_NONE', 'UC_NONE', 'TPC_NONE', 'SPC_NONE', 'UC_NONE', 'TPC_NONE', 'SPC_NONE', 'UC_NONE', 'TPC_NONE', 'TPC_MPOLY', 'UC_MPOLY', 'UC_NONE', 'UC_NONE', 'UC_NONE', 'SPC_NONE', 'TPC_NONE', 'UC_NONE', 'UC_NONE', 'SPC_NONE', 'TPC_NONE', 'TPC_NONE', 'SPC_NONE', 'TPC_NONE', 'SBX_NONE', 'UC_NONE', 'UC_NONE', 'UC_NONE', 'UC_NONE', 'SPC_NONE', 'UC_NONE', 'TPC_NONE', 'SPC_NONE', 'TPC_NONE', 'UC_NONE', 'UC_NONE', 'UC_NONE', 'TPC_NONE', 'SPC_NONE', 'UC_NONE', 'TPC_NONE', 'SPC_NONE', 'SPC_NONE', 'SPC_NONE', 'TPC_NONE', 'UC_NONE', 'TPC_NONE', 'TPC_NONE', 'SPC_NONE', 'UC_NONE', 'SPC_NONE', 'SPC_NONE', 'UC_NONE', 'UC_NONE', 'TPC_NONE', 'TPC_NONE', 'TPC_NONE', 'SPC_NONE', 'UC_NONE']","{'TPC_MNUF': 1, 'TPC_MPOLY': 2, 'SPC_MPOLY': 3, 'UC_MPOLY': 5, 'SPC_NONE': 23, 'TPC_NONE': 24, 'UC_NONE': 27, 'SBX_MPOLY': 4, 'NONE_MPOLY': 1, 'SBX_NONE': 2}"
9,93,UC,NONE,0.6897367110262451,0.0399271628397089,625000648.96,414526357.9963185,2494142.88,1767495.8245702602,0.7459652291343934,6.0565901888520735e-05,0.01,0.0,GREEDY_HV,"['SPC_MBFLIP', 'TPC_MNUF', 'TPC_MPOLY', 'SPC_MPOLY', 'UC_MPOLY', 'SPC_MPOLY', 'SPC_NONE', 'TPC_NONE', 'UC_NONE', 'TPC_NONE', 'SBX_MPOLY', 'SBX_MPOLY', 'TPC_NONE', 'SPC_NONE', 'SPC_NONE', 'UC_MPOLY', 'SBX_MPOLY', 'SPC_NONE', 'UC_NONE', 'TPC_NONE', 'UC_MPOLY', 'UC_NONE', 'TPC_NONE', 'UC_NONE', 'SPC_MPOLY', 'SPC_NONE', 'SPC_NONE', 'NONE_MPOLY', 'SPC_NONE', 'SBX_MPOLY', 'TPC_NONE', 'SBX_NONE', 'TPC_NONE', 'UC_NONE', 'UC_MPOLY', 'SPC_NONE', 'UC_NONE', 'TPC_NONE', 'SPC_NONE', 'UC_NONE', 'TPC_NONE', 'SPC_NONE', 'UC_NONE', 'TPC_NONE', 'TPC_MPOLY', 'UC_MPOLY', 'UC_NONE', 'UC_NONE', 'UC_NONE', 'SPC_NONE', 'TPC_NONE', 'UC_NONE', 'UC_NONE', 'SPC_NONE', 'TPC_NONE', 'TPC_NONE', 'SPC_NONE', 'TPC_NONE', 'SBX_NONE', 'UC_NONE', 'UC_NONE', 'UC_NONE', 'UC_NONE', 'SPC_NONE', 'UC_NONE', 'TPC_NONE', 'SPC_NONE', 'TPC_NONE', 'UC_NONE', 'UC_NONE', 'UC_NONE', 'TPC_NONE', 'SPC_NONE', 'UC_NONE', 'TPC_NONE', 'SPC_NONE', 'SPC_NONE', 'SPC_NONE', 'TPC_NONE', 'UC_NONE', 'TPC_NONE', 'TPC_NONE', 'SPC_NONE', 'UC_NONE', 'SPC_NONE', 'SPC_NONE', 'UC_NONE', 'UC_NONE', 'TPC_NONE', 'TPC_NONE', 'TPC_NONE', 'SPC_NONE', 'UC_NONE', 'UC_NONE']","{'TPC_MNUF': 1, 'TPC_MPOLY': 2, 'SPC_MPOLY': 3, 'UC_MPOLY': 5, 'SPC_NONE': 23, 'TPC_NONE': 24, 'UC_NONE': 28, 'SBX_MPOLY': 4, 'NONE_MPOLY': 1, 'SBX_NONE': 2}"
9,94,SPC,NONE,0.6892621526129997,0.0398175986044652,618631993.6,425224449.6580129,2466862.24,1810414.052280268,0.7458801607414396,-8.50683929538576e-05,0.0,0.0,GREEDY_HV,"['SPC_MBFLIP', 'TPC_MNUF', 'TPC_MPOLY', 'SPC_MPOLY', 'UC_MPOLY', 'SPC_MPOLY', 'SPC_NONE', 'TPC_NONE', 'UC_NONE', 'TPC_NONE', 'SBX_MPOLY', 'SBX_MPOLY', 'TPC_NONE', 'SPC_NONE', 'SPC_NONE', 'UC_MPOLY', 'SBX_MPOLY', 'SPC_NONE', 'UC_NONE', 'TPC_NONE', 'UC_MPOLY', 'UC_NONE', 'TPC_NONE', 'UC_NONE', 'SPC_MPOLY', 'SPC_NONE', 'SPC_NONE', 'NONE_MPOLY', 'SPC_NONE', 'SBX_MPOLY', 'TPC_NONE', 'SBX_NONE', 'TPC_NONE', 'UC_NONE', 'UC_MPOLY', 'SPC_NONE', 'UC_NONE', 'TPC_NONE', 'SPC_NONE', 'UC_NONE', 'TPC_NONE', 'SPC_NONE', 'UC_NONE', 'TPC_NONE', 'TPC_MPOLY', 'UC_MPOLY', 'UC_NONE', 'UC_NONE', 'UC_NONE', 'SPC_NONE', 'TPC_NONE', 'UC_NONE', 'UC_NONE', 'SPC_NONE', 'TPC_NONE', 'TPC_NONE', 'SPC_NONE', 'TPC_NONE', 'SBX_NONE', 'UC_NONE', 'UC_NONE', 'UC_NONE', 'UC_NONE', 'SPC_NONE', 'UC_NONE', 'TPC_NONE', 'SPC_NONE', 'TPC_NONE', 'UC_NONE', 'UC_NONE', 'UC_NONE', 'TPC_NONE', 'SPC_NONE', 'UC_NONE', 'TPC_NONE', 'SPC_NONE', 'SPC_NONE', 'SPC_NONE', 'TPC_NONE', 'UC_NONE', 'TPC_NONE', 'TPC_NONE', 'SPC_NONE', 'UC_NONE', 'SPC_NONE', 'SPC_NONE', 'UC_NONE', 'UC_NONE', 'TPC_NONE', 'TPC_NONE', 'TPC_NONE', 'SPC_NONE', 'UC_NONE', 'UC_NONE', 'SPC_NONE']","{'TPC_MNUF': 1, 'TPC_MPOLY': 2, 'SPC_MPOLY': 3, 'UC_MPOLY': 5, 'SPC_NONE': 24, 'TPC_NONE': 24, 'UC_NONE': 28, 'SBX_MPOLY': 4, 'NONE_MPOLY': 1, 'SBX_NONE': 2}"
9,95,SPC,NONE,0.6889618720348679,0.0398168217657142,597783112.96,420725889.5917793,2465184.16,1816271.6724072683,0.7459557571296858,7.559638824616854e-05,0.0,0.0,GREEDY_HV,"['SPC_MBFLIP', 'TPC_MNUF', 'TPC_MPOLY', 'SPC_MPOLY', 'UC_MPOLY', 'SPC_MPOLY', 'SPC_NONE', 'TPC_NONE', 'UC_NONE', 'TPC_NONE', 'SBX_MPOLY', 'SBX_MPOLY', 'TPC_NONE', 'SPC_NONE', 'SPC_NONE', 'UC_MPOLY', 'SBX_MPOLY', 'SPC_NONE', 'UC_NONE', 'TPC_NONE', 'UC_MPOLY', 'UC_NONE', 'TPC_NONE', 'UC_NONE', 'SPC_MPOLY', 'SPC_NONE', 'SPC_NONE', 'NONE_MPOLY', 'SPC_NONE', 'SBX_MPOLY', 'TPC_NONE', 'SBX_NONE', 'TPC_NONE', 'UC_NONE', 'UC_MPOLY', 'SPC_NONE', 'UC_NONE', 'TPC_NONE', 'SPC_NONE', 'UC_NONE', 'TPC_NONE', 'SPC_NONE', 'UC_NONE', 'TPC_NONE', 'TPC_MPOLY', 'UC_MPOLY', 'UC_NONE', 'UC_NONE', 'UC_NONE', 'SPC_NONE', 'TPC_NONE', 'UC_NONE', 'UC_NONE', 'SPC_NONE', 'TPC_NONE', 'TPC_NONE', 'SPC_NONE', 'TPC_NONE', 'SBX_NONE', 'UC_NONE', 'UC_NONE', 'UC_NONE', 'UC_NONE', 'SPC_NONE', 'UC_NONE', 'TPC_NONE', 'SPC_NONE', 'TPC_NONE', 'UC_NONE', 'UC_NONE', 'UC_NONE', 'TPC_NONE', 'SPC_NONE', 'UC_NONE', 'TPC_NONE', 'SPC_NONE', 'SPC_NONE', 'SPC_NONE', 'TPC_NONE', 'UC_NONE', 'TPC_NONE', 'TPC_NONE', 'SPC_NONE', 'UC_NONE', 'SPC_NONE', 'SPC_NONE', 'UC_NONE', 'UC_NONE', 'TPC_NONE', 'TPC_NONE', 'TPC_NONE', 'SPC_NONE', 'UC_NONE', 'UC_NONE', 'SPC_NONE', 'SPC_NONE']","{'TPC_MNUF': 1, 'TPC_MPOLY': 2, 'SPC_MPOLY': 3, 'UC_MPOLY': 5, 'SPC_NONE': 25, 'TPC_NONE': 24, 'UC_NONE': 28, 'SBX_MPOLY': 4, 'NONE_MPOLY': 1, 'SBX_NONE': 2}"
9,96,SPC,NONE,0.6897818981352148,0.0400699384853076,636650763.52,418957128.5920547,2517154.72,1807453.147831512,0.7459771925396547,2.143540996890625e-05,0.01,0.0,GREEDY_HV,"['SPC_MBFLIP', 'TPC_MNUF', 'TPC_MPOLY', 'SPC_MPOLY', 'UC_MPOLY', 'SPC_MPOLY', 'SPC_NONE', 'TPC_NONE', 'UC_NONE', 'TPC_NONE', 'SBX_MPOLY', 'SBX_MPOLY', 'TPC_NONE', 'SPC_NONE', 'SPC_NONE', 'UC_MPOLY', 'SBX_MPOLY', 'SPC_NONE', 'UC_NONE', 'TPC_NONE', 'UC_MPOLY', 'UC_NONE', 'TPC_NONE', 'UC_NONE', 'SPC_MPOLY', 'SPC_NONE', 'SPC_NONE', 'NONE_MPOLY', 'SPC_NONE', 'SBX_MPOLY', 'TPC_NONE', 'SBX_NONE', 'TPC_NONE', 'UC_NONE', 'UC_MPOLY', 'SPC_NONE', 'UC_NONE', 'TPC_NONE', 'SPC_NONE', 'UC_NONE', 'TPC_NONE', 'SPC_NONE', 'UC_NONE', 'TPC_NONE', 'TPC_MPOLY', 'UC_MPOLY', 'UC_NONE', 'UC_NONE', 'UC_NONE', 'SPC_NONE', 'TPC_NONE', 'UC_NONE', 'UC_NONE', 'SPC_NONE', 'TPC_NONE', 'TPC_NONE', 'SPC_NONE', 'TPC_NONE', 'SBX_NONE', 'UC_NONE', 'UC_NONE', 'UC_NONE', 'UC_NONE', 'SPC_NONE', 'UC_NONE', 'TPC_NONE', 'SPC_NONE', 'TPC_NONE', 'UC_NONE', 'UC_NONE', 'UC_NONE', 'TPC_NONE', 'SPC_NONE', 'UC_NONE', 'TPC_NONE', 'SPC_NONE', 'SPC_NONE', 'SPC_NONE', 'TPC_NONE', 'UC_NONE', 'TPC_NONE', 'TPC_NONE', 'SPC_NONE', 'UC_NONE', 'SPC_NONE', 'SPC_NONE', 'UC_NONE', 'UC_NONE', 'TPC_NONE', 'TPC_NONE', 'TPC_NONE', 'SPC_NONE', 'UC_NONE', 'UC_NONE', 'SPC_NONE', 'SPC_NONE', 'SPC_NONE']","{'TPC_MNUF': 1, 'TPC_MPOLY': 2, 'SPC_MPOLY': 3, 'UC_MPOLY': 5, 'SPC_NONE': 26, 'TPC_NONE': 24, 'UC_NONE': 28, 'SBX_MPOLY': 4, 'NONE_MPOLY': 1, 'SBX_NONE': 2}"
9,97,SPC,NONE,0.6893317194530459,0.0395964304329582,613320787.2,408805096.6506992,2508629.92,1816085.5686022271,0.7460146778569736,3.748531731895266e-05,0.0,0.0,GREEDY_HV,"['SPC_MBFLIP', 'TPC_MNUF', 'TPC_MPOLY', 'SPC_MPOLY', 'UC_MPOLY', 'SPC_MPOLY', 'SPC_NONE', 'TPC_NONE', 'UC_NONE', 'TPC_NONE', 'SBX_MPOLY', 'SBX_MPOLY', 'TPC_NONE', 'SPC_NONE', 'SPC_NONE', 'UC_MPOLY', 'SBX_MPOLY', 'SPC_NONE', 'UC_NONE', 'TPC_NONE', 'UC_MPOLY', 'UC_NONE', 'TPC_NONE', 'UC_NONE', 'SPC_MPOLY', 'SPC_NONE', 'SPC_NONE', 'NONE_MPOLY', 'SPC_NONE', 'SBX_MPOLY', 'TPC_NONE', 'SBX_NONE', 'TPC_NONE', 'UC_NONE', 'UC_MPOLY', 'SPC_NONE', 'UC_NONE', 'TPC_NONE', 'SPC_NONE', 'UC_NONE', 'TPC_NONE', 'SPC_NONE', 'UC_NONE', 'TPC_NONE', 'TPC_MPOLY', 'UC_MPOLY', 'UC_NONE', 'UC_NONE', 'UC_NONE', 'SPC_NONE', 'TPC_NONE', 'UC_NONE', 'UC_NONE', 'SPC_NONE', 'TPC_NONE', 'TPC_NONE', 'SPC_NONE', 'TPC_NONE', 'SBX_NONE', 'UC_NONE', 'UC_NONE', 'UC_NONE', 'UC_NONE', 'SPC_NONE', 'UC_NONE', 'TPC_NONE', 'SPC_NONE', 'TPC_NONE', 'UC_NONE', 'UC_NONE', 'UC_NONE', 'TPC_NONE', 'SPC_NONE', 'UC_NONE', 'TPC_NONE', 'SPC_NONE', 'SPC_NONE', 'SPC_NONE', 'TPC_NONE', 'UC_NONE', 'TPC_NONE', 'TPC_NONE', 'SPC_NONE', 'UC_NONE', 'SPC_NONE', 'SPC_NONE', 'UC_NONE', 'UC_NONE', 'TPC_NONE', 'TPC_NONE', 'TPC_NONE', 'SPC_NONE', 'UC_NONE', 'UC_NONE', 'SPC_NONE', 'SPC_NONE', 'SPC_NONE', 'SPC_NONE']","{'TPC_MNUF': 1, 'TPC_MPOLY': 2, 'SPC_MPOLY': 3, 'UC_MPOLY': 5, 'SPC_NONE': 27, 'TPC_NONE': 24, 'UC_NONE': 28, 'SBX_MPOLY': 4, 'NONE_MPOLY': 1, 'SBX_NONE': 2}"
9,98,TPC,NONE,0.6887128089898852,0.0396657527256612,612407435.52,410062622.8691232,2414430.88,1837946.8949171803,0.7460247350939848,1.0057237011196207e-05,0.0,0.0,GREEDY_HV,"['SPC_MBFLIP', 'TPC_MNUF', 'TPC_MPOLY', 'SPC_MPOLY', 'UC_MPOLY', 'SPC_MPOLY', 'SPC_NONE', 'TPC_NONE', 'UC_NONE', 'TPC_NONE', 'SBX_MPOLY', 'SBX_MPOLY', 'TPC_NONE', 'SPC_NONE', 'SPC_NONE', 'UC_MPOLY', 'SBX_MPOLY', 'SPC_NONE', 'UC_NONE', 'TPC_NONE', 'UC_MPOLY', 'UC_NONE', 'TPC_NONE', 'UC_NONE', 'SPC_MPOLY', 'SPC_NONE', 'SPC_NONE', 'NONE_MPOLY', 'SPC_NONE', 'SBX_MPOLY', 'TPC_NONE', 'SBX_NONE', 'TPC_NONE', 'UC_NONE', 'UC_MPOLY', 'SPC_NONE', 'UC_NONE', 'TPC_NONE', 'SPC_NONE', 'UC_NONE', 'TPC_NONE', 'SPC_NONE', 'UC_NONE', 'TPC_NONE', 'TPC_MPOLY', 'UC_MPOLY', 'UC_NONE', 'UC_NONE', 'UC_NONE', 'SPC_NONE', 'TPC_NONE', 'UC_NONE', 'UC_NONE', 'SPC_NONE', 'TPC_NONE', 'TPC_NONE', 'SPC_NONE', 'TPC_NONE', 'SBX_NONE', 'UC_NONE', 'UC_NONE', 'UC_NONE', 'UC_NONE', 'SPC_NONE', 'UC_NONE', 'TPC_NONE', 'SPC_NONE', 'TPC_NONE', 'UC_NONE', 'UC_NONE', 'UC_NONE', 'TPC_NONE', 'SPC_NONE', 'UC_NONE', 'TPC_NONE', 'SPC_NONE', 'SPC_NONE', 'SPC_NONE', 'TPC_NONE', 'UC_NONE', 'TPC_NONE', 'TPC_NONE', 'SPC_NONE', 'UC_NONE', 'SPC_NONE', 'SPC_NONE', 'UC_NONE', 'UC_NONE', 'TPC_NONE', 'TPC_NONE', 'TPC_NONE', 'SPC_NONE', 'UC_NONE', 'UC_NONE', 'SPC_NONE', 'SPC_NONE', 'SPC_NONE', 'SPC_NONE', 'TPC_NONE']","{'TPC_MNUF': 1, 'TPC_MPOLY': 2, 'SPC_MPOLY': 3, 'UC_MPOLY': 5, 'SPC_NONE': 27, 'TPC_NONE': 25, 'UC_NONE': 28, 'SBX_MPOLY': 4, 'NONE_MPOLY': 1, 'SBX_NONE': 2}"
9,99,SPC,MNUF,0.690758433899201,0.0398084761679576,632767284.48,411648673.8265201,2566817.44,1821899.585339523,0.7460956081998816,7.087310589681817e-05,0.01,0.0,GREEDY_HV,"['SPC_MBFLIP', 'TPC_MNUF', 'TPC_MPOLY', 'SPC_MPOLY', 'UC_MPOLY', 'SPC_MPOLY', 'SPC_NONE', 'TPC_NONE', 'UC_NONE', 'TPC_NONE', 'SBX_MPOLY', 'SBX_MPOLY', 'TPC_NONE', 'SPC_NONE', 'SPC_NONE', 'UC_MPOLY', 'SBX_MPOLY', 'SPC_NONE', 'UC_NONE', 'TPC_NONE', 'UC_MPOLY', 'UC_NONE', 'TPC_NONE', 'UC_NONE', 'SPC_MPOLY', 'SPC_NONE', 'SPC_NONE', 'NONE_MPOLY', 'SPC_NONE', 'SBX_MPOLY', 'TPC_NONE', 'SBX_NONE', 'TPC_NONE', 'UC_NONE', 'UC_MPOLY', 'SPC_NONE', 'UC_NONE', 'TPC_NONE', 'SPC_NONE', 'UC_NONE', 'TPC_NONE', 'SPC_NONE', 'UC_NONE', 'TPC_NONE', 'TPC_MPOLY', 'UC_MPOLY', 'UC_NONE', 'UC_NONE', 'UC_NONE', 'SPC_NONE', 'TPC_NONE', 'UC_NONE', 'UC_NONE', 'SPC_NONE', 'TPC_NONE', 'TPC_NONE', 'SPC_NONE', 'TPC_NONE', 'SBX_NONE', 'UC_NONE', 'UC_NONE', 'UC_NONE', 'UC_NONE', 'SPC_NONE', 'UC_NONE', 'TPC_NONE', 'SPC_NONE', 'TPC_NONE', 'UC_NONE', 'UC_NONE', 'UC_NONE', 'TPC_NONE', 'SPC_NONE', 'UC_NONE', 'TPC_NONE', 'SPC_NONE', 'SPC_NONE', 'SPC_NONE', 'TPC_NONE', 'UC_NONE', 'TPC_NONE', 'TPC_NONE', 'SPC_NONE', 'UC_NONE', 'SPC_NONE', 'SPC_NONE', 'UC_NONE', 'UC_NONE', 'TPC_NONE', 'TPC_NONE', 'TPC_NONE', 'SPC_NONE', 'UC_NONE', 'UC_NONE', 'SPC_NONE', 'SPC_NONE', 'SPC_NONE', 'SPC_NONE', 'TPC_NONE', 'SPC_MNUF']","{'TPC_MNUF': 1, 'TPC_MPOLY': 2, 'SPC_MPOLY': 3, 'UC_MPOLY': 5, 'SPC_NONE': 27, 'TPC_NONE': 25, 'UC_NONE': 28, 'SBX_MPOLY': 4, 'NONE_MPOLY': 1, 'SBX_NONE': 2, 'SPC_MNUF': 1}"
9,100,SPC,NONE,0.6896872290945015,0.0402416237615774,633565379.84,414914872.0270259,2458488.48,1822999.111234037,0.746048618250725,-4.6989949156639454e-05,0.0,0.0,GREEDY_HV,"['SPC_MBFLIP', 'TPC_MNUF', 'TPC_MPOLY', 'SPC_MPOLY', 'UC_MPOLY', 'SPC_MPOLY', 'SPC_NONE', 'TPC_NONE', 'UC_NONE', 'TPC_NONE', 'SBX_MPOLY', 'SBX_MPOLY', 'TPC_NONE', 'SPC_NONE', 'SPC_NONE', 'UC_MPOLY', 'SBX_MPOLY', 'SPC_NONE', 'UC_NONE', 'TPC_NONE', 'UC_MPOLY', 'UC_NONE', 'TPC_NONE', 'UC_NONE', 'SPC_MPOLY', 'SPC_NONE', 'SPC_NONE', 'NONE_MPOLY', 'SPC_NONE', 'SBX_MPOLY', 'TPC_NONE', 'SBX_NONE', 'TPC_NONE', 'UC_NONE', 'UC_MPOLY', 'SPC_NONE', 'UC_NONE', 'TPC_NONE', 'SPC_NONE', 'UC_NONE', 'TPC_NONE', 'SPC_NONE', 'UC_NONE', 'TPC_NONE', 'TPC_MPOLY', 'UC_MPOLY', 'UC_NONE', 'UC_NONE', 'UC_NONE', 'SPC_NONE', 'TPC_NONE', 'UC_NONE', 'UC_NONE', 'SPC_NONE', 'TPC_NONE', 'TPC_NONE', 'SPC_NONE', 'TPC_NONE', 'SBX_NONE', 'UC_NONE', 'UC_NONE', 'UC_NONE', 'UC_NONE', 'SPC_NONE', 'UC_NONE', 'TPC_NONE', 'SPC_NONE', 'TPC_NONE', 'UC_NONE', 'UC_NONE', 'UC_NONE', 'TPC_NONE', 'SPC_NONE', 'UC_NONE', 'TPC_NONE', 'SPC_NONE', 'SPC_NONE', 'SPC_NONE', 'TPC_NONE', 'UC_NONE', 'TPC_NONE', 'TPC_NONE', 'SPC_NONE', 'UC_NONE', 'SPC_NONE', 'SPC_NONE', 'UC_NONE', 'UC_NONE', 'TPC_NONE', 'TPC_NONE', 'TPC_NONE', 'SPC_NONE', 'UC_NONE', 'UC_NONE', 'SPC_NONE', 'SPC_NONE', 'SPC_NONE', 'SPC_NONE', 'TPC_NONE', 'SPC_MNUF', 'SPC_NONE']","{'TPC_MNUF': 1, 'TPC_MPOLY': 2, 'SPC_MPOLY': 3, 'UC_MPOLY': 5, 'SPC_NONE': 28, 'TPC_NONE': 25, 'UC_NONE': 28, 'SBX_MPOLY': 4, 'NONE_MPOLY': 1, 'SBX_NONE': 2, 'SPC_MNUF': 1}"
10,1,UC,MPOLY,0.6591822933548896,0.018062860096453,1521025896.96,876438640.280088,2870032.8,1188447.3511250552,0.6843039738553104,0.0,0.21,0.155,GREEDY_HV,"['SPC_MBFLIP', 'UC_MPOLY']",{'UC_MPOLY': 1}
10,2,UC,MNUF,0.657855763208532,0.0219149644344635,1294472016.64,927928169.544202,2548519.84,1312227.6191334391,0.6969002314231929,0.0125962575678825,0.17,0.025,GREEDY_HV,"['SPC_MBFLIP', 'UC_MPOLY', 'UC_MNUF']","{'UC_MPOLY': 1, 'UC_MNUF': 1}"
10,3,UC,MPOLY,0.6576399616179311,0.0256939467717228,1072990547.2,926621059.8876376,2250900.64,1441544.8909012272,0.7095362902965017,0.0126360588733087,0.14,0.095,GREEDY_HV,"['SPC_MBFLIP', 'UC_MPOLY', 'UC_MNUF', 'UC_MPOLY']","{'UC_MPOLY': 2, 'UC_MNUF': 1}"
10,4,UC,MPOLY,0.6587131714102337,0.0308614682408072,921675823.36,791536275.0750085,2096650.4,1378160.8821981272,0.7161149834019185,0.0065786931054168,0.19,0.055,GREEDY_HV,"['SPC_MBFLIP', 'UC_MPOLY', 'UC_MNUF', 'UC_MPOLY', 'UC_MPOLY']","{'UC_MPOLY': 3, 'UC_MNUF': 1}"
10,5,TPC,MPOLY,0.6640770166530561,0.0312376296139191,768030027.52,646935298.8344771,2015266.72,1387607.555672353,0.7220165986292225,0.005901615227304,0.12,0.07,GREEDY_HV,"['SPC_MBFLIP', 'UC_MPOLY', 'UC_MNUF', 'UC_MPOLY', 'UC_MPOLY', 'TPC_MPOLY']","{'UC_MPOLY': 3, 'UC_MNUF': 1, 'TPC_MPOLY': 1}"
10,6,UC,NONE,0.6652274268862348,0.032234729977921,658883998.72,650582764.0881208,1753450.4,1365856.72455244,0.7247024306970475,0.002685832067825,0.08,0.0,GREEDY_HV,"['SPC_MBFLIP', 'UC_MPOLY', 'UC_MNUF', 'UC_MPOLY', 'UC_MPOLY', 'TPC_MPOLY', 'UC_NONE']","{'UC_MPOLY': 3, 'UC_MNUF': 1, 'TPC_MPOLY': 1, 'UC_NONE': 1}"
10,7,TPC,MPOLY,0.6697293889539151,0.0276944920394705,556317264.64,485285655.9647258,1649734.56,1108110.5867371208,0.7304665679101813,0.0057641372131337,0.11,0.045,GREEDY_HV,"['SPC_MBFLIP', 'UC_MPOLY', 'UC_MNUF', 'UC_MPOLY', 'UC_MPOLY', 'TPC_MPOLY', 'UC_NONE', 'TPC_MPOLY']","{'UC_MPOLY': 3, 'UC_MNUF': 1, 'TPC_MPOLY': 2, 'UC_NONE': 1}"
10,8,SBX,MPOLY,0.670356367227129,0.0272155440807883,553937542.4,507489848.6114249,1541342.88,1115516.8196647265,0.7314336040193536,0.0009670361091723,0.01,0.105,GREEDY_HV,"['SPC_MBFLIP', 'UC_MPOLY', 'UC_MNUF', 'UC_MPOLY', 'UC_MPOLY', 'TPC_MPOLY', 'UC_NONE', 'TPC_MPOLY', 'SBX_MPOLY']","{'UC_MPOLY': 3, 'UC_MNUF': 1, 'TPC_MPOLY': 2, 'UC_NONE': 1, 'SBX_MPOLY': 1}"
10,9,SPC,NONE,0.6761111047653435,0.0293582379493948,642540299.52,604837890.0343946,1734949.28,1282413.8638974708,0.7326657546527579,0.0012321506334042,0.09,0.0,GREEDY_HV,"['SPC_MBFLIP', 'UC_MPOLY', 'UC_MNUF', 'UC_MPOLY', 'UC_MPOLY', 'TPC_MPOLY', 'UC_NONE', 'TPC_MPOLY', 'SBX_MPOLY', 'SPC_NONE']","{'UC_MPOLY': 3, 'UC_MNUF': 1, 'TPC_MPOLY': 2, 'UC_NONE': 1, 'SBX_MPOLY': 1, 'SPC_NONE': 1}"
10,10,SPC,NONE,0.6815806937395085,0.0268957093868826,660233817.6,580176267.4183202,1758273.44,1228046.5975507635,0.7340621924964001,0.0013964378436422,0.06,0.0,GREEDY_HV,"['SPC_MBFLIP', 'UC_MPOLY', 'UC_MNUF', 'UC_MPOLY', 'UC_MPOLY', 'TPC_MPOLY', 'UC_NONE', 'TPC_MPOLY', 'SBX_MPOLY', 'SPC_NONE', 'SPC_NONE']","{'UC_MPOLY': 3, 'UC_MNUF': 1, 'TPC_MPOLY': 2, 'UC_NONE': 1, 'SBX_MPOLY': 1, 'SPC_NONE': 2}"
10,11,UC,NONE,0.6784512267443921,0.0276204073202503,523226423.04,513675261.7302104,1628759.2,1392617.5580544716,0.7349629719572831,0.0009007794608829,0.07,0.0,GREEDY_HV,"['SPC_MBFLIP', 'UC_MPOLY', 'UC_MNUF', 'UC_MPOLY', 'UC_MPOLY', 'TPC_MPOLY', 'UC_NONE', 'TPC_MPOLY', 'SBX_MPOLY', 'SPC_NONE', 'SPC_NONE', 'UC_NONE']","{'UC_MPOLY': 3, 'UC_MNUF': 1, 'TPC_MPOLY': 2, 'UC_NONE': 2, 'SBX_MPOLY': 1, 'SPC_NONE': 2}"
10,12,UC,NONE,0.6799554269146003,0.0250201528541541,453679956.48,404929140.1053944,1468006.56,1131918.9810220194,0.735578532857037,0.0006155608997538,0.06,0.0,GREEDY_HV,"['SPC_MBFLIP', 'UC_MPOLY', 'UC_MNUF', 'UC_MPOLY', 'UC_MPOLY', 'TPC_MPOLY', 'UC_NONE', 'TPC_MPOLY', 'SBX_MPOLY', 'SPC_NONE', 'SPC_NONE', 'UC_NONE', 'UC_NONE']","{'UC_MPOLY': 3, 'UC_MNUF': 1, 'TPC_MPOLY': 2, 'UC_NONE': 3, 'SBX_MPOLY': 1, 'SPC_NONE': 2}"
10,13,SPC,NONE,0.6852698670355508,0.0191440415816093,461021140.48,405989347.0759746,1474653.6,1077988.5227179737,0.7367500883060731,0.0011715554490361,0.07,0.0,GREEDY_HV,"['SPC_MBFLIP', 'UC_MPOLY', 'UC_MNUF', 'UC_MPOLY', 'UC_MPOLY', 'TPC_MPOLY', 'UC_NONE', 'TPC_MPOLY', 'SBX_MPOLY', 'SPC_NONE', 'SPC_NONE', 'UC_NONE', 'UC_NONE', 'SPC_NONE']","{'UC_MPOLY': 3, 'UC_MNUF': 1, 'TPC_MPOLY': 2, 'UC_NONE': 3, 'SBX_MPOLY': 1, 'SPC_NONE': 3}"
10,14,TPC,NONE,0.6857913145922914,0.0199006612091394,450241249.28,395695920.96530575,1478121.12,1076341.14352684,0.7372049877845837,0.0004548994785105,0.04,0.0,GREEDY_HV,"['SPC_MBFLIP', 'UC_MPOLY', 'UC_MNUF', 'UC_MPOLY', 'UC_MPOLY', 'TPC_MPOLY', 'UC_NONE', 'TPC_MPOLY', 'SBX_MPOLY', 'SPC_NONE', 'SPC_NONE', 'UC_NONE', 'UC_NONE', 'SPC_NONE', 'TPC_NONE']","{'UC_MPOLY': 3, 'UC_MNUF': 1, 'TPC_MPOLY': 2, 'UC_NONE': 3, 'SBX_MPOLY': 1, 'SPC_NONE': 3, 'TPC_NONE': 1}"
10,15,SBX,MPOLY,0.6847433517507753,0.0224830532666325,449830452.48,396495167.01045614,1468234.4,1084447.8554716771,0.7375126784187083,0.0003076906341246,0.0,0.07,GREEDY_HV,"['SPC_MBFLIP', 'UC_MPOLY', 'UC_MNUF', 'UC_MPOLY', 'UC_MPOLY', 'TPC_MPOLY', 'UC_NONE', 'TPC_MPOLY', 'SBX_MPOLY', 'SPC_NONE', 'SPC_NONE', 'UC_NONE', 'UC_NONE', 'SPC_NONE', 'TPC_NONE', 'SBX_MPOLY']","{'UC_MPOLY': 3, 'UC_MNUF': 1, 'TPC_MPOLY': 2, 'UC_NONE': 3, 'SBX_MPOLY': 2, 'SPC_NONE': 3, 'TPC_NONE': 1}"
10,16,TPC,MPOLY,0.6848127396154189,0.0224154251666747,450962963.2,396010479.1954639,1465756.32,1083942.0752227942,0.7383087540008465,0.0007960755821382,0.04,0.02,GREEDY_HV,"['SPC_MBFLIP', 'UC_MPOLY', 'UC_MNUF', 'UC_MPOLY', 'UC_MPOLY', 'TPC_MPOLY', 'UC_NONE', 'TPC_MPOLY', 'SBX_MPOLY', 'SPC_NONE', 'SPC_NONE', 'UC_NONE', 'UC_NONE', 'SPC_NONE', 'TPC_NONE', 'SBX_MPOLY', 'TPC_MPOLY']","{'UC_MPOLY': 3, 'UC_MNUF': 1, 'TPC_MPOLY': 3, 'UC_NONE': 3, 'SBX_MPOLY': 2, 'SPC_NONE': 3, 'TPC_NONE': 1}"
10,17,UC,NONE,0.6838253510109912,0.0247359934853011,436788224.0,362261224.4193223,1443753.12,1107706.3377412015,0.738796903131635,0.0004881491307885,0.03,0.0,GREEDY_HV,"['SPC_MBFLIP', 'UC_MPOLY', 'UC_MNUF', 'UC_MPOLY', 'UC_MPOLY', 'TPC_MPOLY', 'UC_NONE', 'TPC_MPOLY', 'SBX_MPOLY', 'SPC_NONE', 'SPC_NONE', 'UC_NONE', 'UC_NONE', 'SPC_NONE', 'TPC_NONE', 'SBX_MPOLY', 'TPC_MPOLY', 'UC_NONE']","{'UC_MPOLY': 3, 'UC_MNUF': 1, 'TPC_MPOLY': 3, 'UC_NONE': 4, 'SBX_MPOLY': 2, 'SPC_NONE': 3, 'TPC_NONE': 1}"
10,18,SPC,NONE,0.6831975003222908,0.0253972336385282,429566650.88,369797428.280672,1388984.48,1083276.6852384524,0.7390048825883629,0.0002079794567279,0.0,0.0,GREEDY_HV,"['SPC_MBFLIP', 'UC_MPOLY', 'UC_MNUF', 'UC_MPOLY', 'UC_MPOLY', 'TPC_MPOLY', 'UC_NONE', 'TPC_MPOLY', 'SBX_MPOLY', 'SPC_NONE', 'SPC_NONE', 'UC_NONE', 'UC_NONE', 'SPC_NONE', 'TPC_NONE', 'SBX_MPOLY', 'TPC_MPOLY', 'UC_NONE', 'SPC_NONE']","{'UC_MPOLY': 3, 'UC_MNUF': 1, 'TPC_MPOLY': 3, 'UC_NONE': 4, 'SBX_MPOLY': 2, 'SPC_NONE': 4, 'TPC_NONE': 1}"
10,19,SPC,MPOLY,0.6844888625942909,0.0233139683367404,441576231.68,374185219.6290222,1403637.92,1078175.369272436,0.7395665214864727,0.0005616388981097,0.01,0.005,GREEDY_HV,"['SPC_MBFLIP', 'UC_MPOLY', 'UC_MNUF', 'UC_MPOLY', 'UC_MPOLY', 'TPC_MPOLY', 'UC_NONE', 'TPC_MPOLY', 'SBX_MPOLY', 'SPC_NONE', 'SPC_NONE', 'UC_NONE', 'UC_NONE', 'SPC_NONE', 'TPC_NONE', 'SBX_MPOLY', 'TPC_MPOLY', 'UC_NONE', 'SPC_NONE', 'SPC_MPOLY']","{'UC_MPOLY': 3, 'UC_MNUF': 1, 'TPC_MPOLY': 3, 'UC_NONE': 4, 'SBX_MPOLY': 2, 'SPC_NONE': 4, 'TPC_NONE': 1, 'SPC_MPOLY': 1}"
10,20,TPC,NONE,0.6821263423569286,0.0258570810233662,421383403.52,406203060.2896995,1314593.44,1105683.3068162,0.7397782075292957,0.0002116860428229,0.02,0.0,GREEDY_HV,"['SPC_MBFLIP', 'UC_MPOLY', 'UC_MNUF', 'UC_MPOLY', 'UC_MPOLY', 'TPC_MPOLY', 'UC_NONE', 'TPC_MPOLY', 'SBX_MPOLY', 'SPC_NONE', 'SPC_NONE', 'UC_NONE', 'UC_NONE', 'SPC_NONE', 'TPC_NONE', 'SBX_MPOLY', 'TPC_MPOLY', 'UC_NONE', 'SPC_NONE', 'SPC_MPOLY', 'TPC_NONE']","{'UC_MPOLY': 3, 'UC_MNUF': 1, 'TPC_MPOLY': 3, 'UC_NONE': 4, 'SBX_MPOLY': 2, 'SPC_NONE': 4, 'TPC_NONE': 2, 'SPC_MPOLY': 1}"
10,21,TPC,MPOLY,0.6782468301510873,0.0282920122165304,343180200.96,246882391.77950248,1094619.04,646305.181102332,0.7401956111032664,0.0004174035739706,0.0,0.0,GREEDY_HV,"['SPC_MBFLIP', 'UC_MPOLY', 'UC_MNUF', 'UC_MPOLY', 'UC_MPOLY', 'TPC_MPOLY', 'UC_NONE', 'TPC_MPOLY', 'SBX_MPOLY', 'SPC_NONE', 'SPC_NONE', 'UC_NONE', 'UC_NONE', 'SPC_NONE', 'TPC_NONE', 'SBX_MPOLY', 'TPC_MPOLY', 'UC_NONE', 'SPC_NONE', 'SPC_MPOLY', 'TPC_NONE', 'TPC_MPOLY']","{'UC_MPOLY': 3, 'UC_MNUF': 1, 'TPC_MPOLY': 4, 'UC_NONE': 4, 'SBX_MPOLY': 2, 'SPC_NONE': 4, 'TPC_NONE': 2, 'SPC_MPOLY': 1}"
10,22,TPC,NONE,0.6747185292869893,0.0316594310348011,325255147.52,268701333.4898253,984891.04,578018.092513823,0.7403505352858573,0.0001549241825908,0.05,0.0,GREEDY_HV,"['SPC_MBFLIP', 'UC_MPOLY', 'UC_MNUF', 'UC_MPOLY', 'UC_MPOLY', 'TPC_MPOLY', 'UC_NONE', 'TPC_MPOLY', 'SBX_MPOLY', 'SPC_NONE', 'SPC_NONE', 'UC_NONE', 'UC_NONE', 'SPC_NONE', 'TPC_NONE', 'SBX_MPOLY', 'TPC_MPOLY', 'UC_NONE', 'SPC_NONE', 'SPC_MPOLY', 'TPC_NONE', 'TPC_MPOLY', 'TPC_NONE']","{'UC_MPOLY': 3, 'UC_MNUF': 1, 'TPC_MPOLY': 4, 'UC_NONE': 4, 'SBX_MPOLY': 2, 'SPC_NONE': 4, 'TPC_NONE': 3, 'SPC_MPOLY': 1}"
10,23,UC,NONE,0.677798112333729,0.0317225633257839,341851246.08,272321885.8671948,1045668.0,585847.9801592219,0.7404521099280817,0.0001015746422244,0.02,0.0,GREEDY_HV,"['SPC_MBFLIP', 'UC_MPOLY', 'UC_MNUF', 'UC_MPOLY', 'UC_MPOLY', 'TPC_MPOLY', 'UC_NONE', 'TPC_MPOLY', 'SBX_MPOLY', 'SPC_NONE', 'SPC_NONE', 'UC_NONE', 'UC_NONE', 'SPC_NONE', 'TPC_NONE', 'SBX_MPOLY', 'TPC_MPOLY', 'UC_NONE', 'SPC_NONE', 'SPC_MPOLY', 'TPC_NONE', 'TPC_MPOLY', 'TPC_NONE', 'UC_NONE']","{'UC_MPOLY': 3, 'UC_MNUF': 1, 'TPC_MPOLY': 4, 'UC_NONE': 5, 'SBX_MPOLY': 2, 'SPC_NONE': 4, 'TPC_NONE': 3, 'SPC_MPOLY': 1}"
10,24,TPC,NONE,0.6786813777616411,0.0323504743102487,356301811.2,279666969.97954714,1091024.8,608779.6814690842,0.7405439866867474,9.187675866562106e-05,0.02,0.0,GREEDY_HV,"['SPC_MBFLIP', 'UC_MPOLY', 'UC_MNUF', 'UC_MPOLY', 'UC_MPOLY', 'TPC_MPOLY', 'UC_NONE', 'TPC_MPOLY', 'SBX_MPOLY', 'SPC_NONE', 'SPC_NONE', 'UC_NONE', 'UC_NONE', 'SPC_NONE', 'TPC_NONE', 'SBX_MPOLY', 'TPC_MPOLY', 'UC_NONE', 'SPC_NONE', 'SPC_MPOLY', 'TPC_NONE', 'TPC_MPOLY', 'TPC_NONE', 'UC_NONE', 'TPC_NONE']","{'UC_MPOLY': 3, 'UC_MNUF': 1, 'TPC_MPOLY': 4, 'UC_NONE': 5, 'SBX_MPOLY': 2, 'SPC_NONE': 4, 'TPC_NONE': 4, 'SPC_MPOLY': 1}"
10,25,TPC,NONE,0.6793713228481718,0.0318845105934858,376519898.88,293929040.6610638,1090002.08,642988.5093623318,0.7405856846331699,4.169794642250313e-05,0.01,0.0,GREEDY_HV,"['SPC_MBFLIP', 'UC_MPOLY', 'UC_MNUF', 'UC_MPOLY', 'UC_MPOLY', 'TPC_MPOLY', 'UC_NONE', 'TPC_MPOLY', 'SBX_MPOLY', 'SPC_NONE', 'SPC_NONE', 'UC_NONE', 'UC_NONE', 'SPC_NONE', 'TPC_NONE', 'SBX_MPOLY', 'TPC_MPOLY', 'UC_NONE', 'SPC_NONE', 'SPC_MPOLY', 'TPC_NONE', 'TPC_MPOLY', 'TPC_NONE', 'UC_NONE', 'TPC_NONE', 'TPC_NONE']","{'UC_MPOLY': 3, 'UC_MNUF': 1, 'TPC_MPOLY': 4, 'UC_NONE': 5, 'SBX_MPOLY': 2, 'SPC_NONE': 4, 'TPC_NONE': 5, 'SPC_MPOLY': 1}"
10,26,UC,NONE,0.6789768417933145,0.0339692427984974,382465967.36,292725055.4214068,1100439.2,639748.366915868,0.7406082160972469,2.253146407704687e-05,0.01,0.0,GREEDY_HV,"['SPC_MBFLIP', 'UC_MPOLY', 'UC_MNUF', 'UC_MPOLY', 'UC_MPOLY', 'TPC_MPOLY', 'UC_NONE', 'TPC_MPOLY', 'SBX_MPOLY', 'SPC_NONE', 'SPC_NONE', 'UC_NONE', 'UC_NONE', 'SPC_NONE', 'TPC_NONE', 'SBX_MPOLY', 'TPC_MPOLY', 'UC_NONE', 'SPC_NONE', 'SPC_MPOLY', 'TPC_NONE', 'TPC_MPOLY', 'TPC_NONE', 'UC_NONE', 'TPC_NONE', 'TPC_NONE', 'UC_NONE']","{'UC_MPOLY': 3, 'UC_MNUF': 1, 'TPC_MPOLY': 4, 'UC_NONE': 6, 'SBX_MPOLY': 2, 'SPC_NONE': 4, 'TPC_NONE': 5, 'SPC_MPOLY': 1}"
10,27,UC,NONE,0.6792719800893273,0.0349187948459282,384209771.52,279328146.2768524,1099196.32,631717.8727794692,0.7406144194068851,6.203309638186383e-06,0.01,0.0,GREEDY_HV,"['SPC_MBFLIP', 'UC_MPOLY', 'UC_MNUF', 'UC_MPOLY', 'UC_MPOLY', 'TPC_MPOLY', 'UC_NONE', 'TPC_MPOLY', 'SBX_MPOLY', 'SPC_NONE', 'SPC_NONE', 'UC_NONE', 'UC_NONE', 'SPC_NONE', 'TPC_NONE', 'SBX_MPOLY', 'TPC_MPOLY', 'UC_NONE', 'SPC_NONE', 'SPC_MPOLY', 'TPC_NONE', 'TPC_MPOLY', 'TPC_NONE', 'UC_NONE', 'TPC_NONE', 'TPC_NONE', 'UC_NONE', 'UC_NONE']","{'UC_MPOLY': 3, 'UC_MNUF': 1, 'TPC_MPOLY': 4, 'UC_NONE': 7, 'SBX_MPOLY': 2, 'SPC_NONE': 4, 'TPC_NONE': 5, 'SPC_MPOLY': 1}"
10,28,TPC,NONE,0.6802716369355334,0.0351598191176558,410673326.08,290610085.85962594,1113282.72,628843.2622824559,0.7406304228204972,1.600341361207569e-05,0.01,0.0,GREEDY_HV,"['SPC_MBFLIP', 'UC_MPOLY', 'UC_MNUF', 'UC_MPOLY', 'UC_MPOLY', 'TPC_MPOLY', 'UC_NONE', 'TPC_MPOLY', 'SBX_MPOLY', 'SPC_NONE', 'SPC_NONE', 'UC_NONE', 'UC_NONE', 'SPC_NONE', 'TPC_NONE', 'SBX_MPOLY', 'TPC_MPOLY', 'UC_NONE', 'SPC_NONE', 'SPC_MPOLY', 'TPC_NONE', 'TPC_MPOLY', 'TPC_NONE', 'UC_NONE', 'TPC_NONE', 'TPC_NONE', 'UC_NONE', 'UC_NONE', 'TPC_NONE']","{'UC_MPOLY': 3, 'UC_MNUF': 1, 'TPC_MPOLY': 4, 'UC_NONE': 7, 'SBX_MPOLY': 2, 'SPC_NONE': 4, 'TPC_NONE': 6, 'SPC_MPOLY': 1}"
10,29,UC,NONE,0.6808194900392158,0.034045799863029,408239868.16,294065313.3082422,1113948.32,623084.7761228463,0.7406491996622341,1.877684173690053e-05,0.0,0.0,GREEDY_HV,"['SPC_MBFLIP', 'UC_MPOLY', 'UC_MNUF', 'UC_MPOLY', 'UC_MPOLY', 'TPC_MPOLY', 'UC_NONE', 'TPC_MPOLY', 'SBX_MPOLY', 'SPC_NONE', 'SPC_NONE', 'UC_NONE', 'UC_NONE', 'SPC_NONE', 'TPC_NONE', 'SBX_MPOLY', 'TPC_MPOLY', 'UC_NONE', 'SPC_NONE', 'SPC_MPOLY', 'TPC_NONE', 'TPC_MPOLY', 'TPC_NONE', 'UC_NONE', 'TPC_NONE', 'TPC_NONE', 'UC_NONE', 'UC_NONE', 'TPC_NONE', 'UC_NONE']","{'UC_MPOLY': 3, 'UC_MNUF': 1, 'TPC_MPOLY': 4, 'UC_NONE': 8, 'SBX_MPOLY': 2, 'SPC_NONE': 4, 'TPC_NONE': 6, 'SPC_MPOLY': 1}"
10,30,TPC,NONE,0.678553190998043,0.03491581726102,395857100.8,292404308.37797374,1070071.2,634215.7741811222,0.7406667459514884,1.754628925432211e-05,0.0,0.0,GREEDY_HV,"['SPC_MBFLIP', 'UC_MPOLY', 'UC_MNUF', 'UC_MPOLY', 'UC_MPOLY', 'TPC_MPOLY', 'UC_NONE', 'TPC_MPOLY', 'SBX_MPOLY', 'SPC_NONE', 'SPC_NONE', 'UC_NONE', 'UC_NONE', 'SPC_NONE', 'TPC_NONE', 'SBX_MPOLY', 'TPC_MPOLY', 'UC_NONE', 'SPC_NONE', 'SPC_MPOLY', 'TPC_NONE', 'TPC_MPOLY', 'TPC_NONE', 'UC_NONE', 'TPC_NONE', 'TPC_NONE', 'UC_NONE', 'UC_NONE', 'TPC_NONE', 'UC_NONE', 'TPC_NONE']","{'UC_MPOLY': 3, 'UC_MNUF': 1, 'TPC_MPOLY': 4, 'UC_NONE': 8, 'SBX_MPOLY': 2, 'SPC_NONE': 4, 'TPC_NONE': 7, 'SPC_MPOLY': 1}"
10,31,UC,NONE,0.6785586527682844,0.0352241647395461,406101253.12,300040125.37747526,1062032.8,635245.8827962601,0.7406797244309208,1.2978479432379508e-05,0.0,0.0,GREEDY_HV,"['SPC_MBFLIP', 'UC_MPOLY', 'UC_MNUF', 'UC_MPOLY', 'UC_MPOLY', 'TPC_MPOLY', 'UC_NONE', 'TPC_MPOLY', 'SBX_MPOLY', 'SPC_NONE', 'SPC_NONE', 'UC_NONE', 'UC_NONE', 'SPC_NONE', 'TPC_NONE', 'SBX_MPOLY', 'TPC_MPOLY', 'UC_NONE', 'SPC_NONE', 'SPC_MPOLY', 'TPC_NONE', 'TPC_MPOLY', 'TPC_NONE', 'UC_NONE', 'TPC_NONE', 'TPC_NONE', 'UC_NONE', 'UC_NONE', 'TPC_NONE', 'UC_NONE', 'TPC_NONE', 'UC_NONE']","{'UC_MPOLY': 3, 'UC_MNUF': 1, 'TPC_MPOLY': 4, 'UC_NONE': 9, 'SBX_MPOLY': 2, 'SPC_NONE': 4, 'TPC_NONE': 7, 'SPC_MPOLY': 1}"
10,32,TPC,NONE,0.6827644995896145,0.0296435264224788,421691520.0,300580541.2671357,1107657.12,620710.498665284,0.740697857676123,1.813324520216764e-05,0.0,0.0,GREEDY_HV,"['SPC_MBFLIP', 'UC_MPOLY', 'UC_MNUF', 'UC_MPOLY', 'UC_MPOLY', 'TPC_MPOLY', 'UC_NONE', 'TPC_MPOLY', 'SBX_MPOLY', 'SPC_NONE', 'SPC_NONE', 'UC_NONE', 'UC_NONE', 'SPC_NONE', 'TPC_NONE', 'SBX_MPOLY', 'TPC_MPOLY', 'UC_NONE', 'SPC_NONE', 'SPC_MPOLY', 'TPC_NONE', 'TPC_MPOLY', 'TPC_NONE', 'UC_NONE', 'TPC_NONE', 'TPC_NONE', 'UC_NONE', 'UC_NONE', 'TPC_NONE', 'UC_NONE', 'TPC_NONE', 'UC_NONE', 'TPC_NONE']","{'UC_MPOLY': 3, 'UC_MNUF': 1, 'TPC_MPOLY': 4, 'UC_NONE': 9, 'SBX_MPOLY': 2, 'SPC_NONE': 4, 'TPC_NONE': 8, 'SPC_MPOLY': 1}"
10,33,TPC,NONE,0.6825167673918182,0.0307961978929835,425235079.68,295252459.4275753,1105484.96,631672.0270877589,0.7407412141744628,4.335649833986377e-05,0.0,0.0,GREEDY_HV,"['SPC_MBFLIP', 'UC_MPOLY', 'UC_MNUF', 'UC_MPOLY', 'UC_MPOLY', 'TPC_MPOLY', 'UC_NONE', 'TPC_MPOLY', 'SBX_MPOLY', 'SPC_NONE', 'SPC_NONE', 'UC_NONE', 'UC_NONE', 'SPC_NONE', 'TPC_NONE', 'SBX_MPOLY', 'TPC_MPOLY', 'UC_NONE', 'SPC_NONE', 'SPC_MPOLY', 'TPC_NONE', 'TPC_MPOLY', 'TPC_NONE', 'UC_NONE', 'TPC_NONE', 'TPC_NONE', 'UC_NONE', 'UC_NONE', 'TPC_NONE', 'UC_NONE', 'TPC_NONE', 'UC_NONE', 'TPC_NONE', 'TPC_NONE']","{'UC_MPOLY': 3, 'UC_MNUF': 1, 'TPC_MPOLY': 4, 'UC_NONE': 9, 'SBX_MPOLY': 2, 'SPC_NONE': 4, 'TPC_NONE': 9, 'SPC_MPOLY': 1}"
10,34,UC,NONE,0.6816751085507952,0.0306508572104617,408798254.08,289258542.3904525,1095387.04,636971.8871709476,0.7407511819661807,9.967791717913066e-06,0.0,0.0,GREEDY_HV,"['SPC_MBFLIP', 'UC_MPOLY', 'UC_MNUF', 'UC_MPOLY', 'UC_MPOLY', 'TPC_MPOLY', 'UC_NONE', 'TPC_MPOLY', 'SBX_MPOLY', 'SPC_NONE', 'SPC_NONE', 'UC_NONE', 'UC_NONE', 'SPC_NONE', 'TPC_NONE', 'SBX_MPOLY', 'TPC_MPOLY', 'UC_NONE', 'SPC_NONE', 'SPC_MPOLY', 'TPC_NONE', 'TPC_MPOLY', 'TPC_NONE', 'UC_NONE', 'TPC_NONE', 'TPC_NONE', 'UC_NONE', 'UC_NONE', 'TPC_NONE', 'UC_NONE', 'TPC_NONE', 'UC_NONE', 'TPC_NONE', 'TPC_NONE', 'UC_NONE']","{'UC_MPOLY': 3, 'UC_MNUF': 1, 'TPC_MPOLY': 4, 'UC_NONE': 10, 'SBX_MPOLY': 2, 'SPC_NONE': 4, 'TPC_NONE': 9, 'SPC_MPOLY': 1}"
10,35,TPC,NONE,0.6803295263632347,0.032488478434259,418352693.76,296513519.8075735,1056934.56,631700.7792275125,0.7407668770249304,1.5695058749654045e-05,0.0,0.0,GREEDY_HV,"['SPC_MBFLIP', 'UC_MPOLY', 'UC_MNUF', 'UC_MPOLY', 'UC_MPOLY', 'TPC_MPOLY', 'UC_NONE', 'TPC_MPOLY', 'SBX_MPOLY', 'SPC_NONE', 'SPC_NONE', 'UC_NONE', 'UC_NONE', 'SPC_NONE', 'TPC_NONE', 'SBX_MPOLY', 'TPC_MPOLY', 'UC_NONE', 'SPC_NONE', 'SPC_MPOLY', 'TPC_NONE', 'TPC_MPOLY', 'TPC_NONE', 'UC_NONE', 'TPC_NONE', 'TPC_NONE', 'UC_NONE', 'UC_NONE', 'TPC_NONE', 'UC_NONE', 'TPC_NONE', 'UC_NONE', 'TPC_NONE', 'TPC_NONE', 'UC_NONE', 'TPC_NONE']","{'UC_MPOLY': 3, 'UC_MNUF': 1, 'TPC_MPOLY': 4, 'UC_NONE': 10, 'SBX_MPOLY': 2, 'SPC_NONE': 4, 'TPC_NONE': 10, 'SPC_MPOLY': 1}"
10,36,SPC,NONE,0.6817617291615958,0.0319079064064425,429096837.12,290445810.74590105,1079154.08,625495.4160818076,0.7407699666237669,3.08959883654758e-06,0.0,0.0,GREEDY_HV,"['SPC_MBFLIP', 'UC_MPOLY', 'UC_MNUF', 'UC_MPOLY', 'UC_MPOLY', 'TPC_MPOLY', 'UC_NONE', 'TPC_MPOLY', 'SBX_MPOLY', 'SPC_NONE', 'SPC_NONE', 'UC_NONE', 'UC_NONE', 'SPC_NONE', 'TPC_NONE', 'SBX_MPOLY', 'TPC_MPOLY', 'UC_NONE', 'SPC_NONE', 'SPC_MPOLY', 'TPC_NONE', 'TPC_MPOLY', 'TPC_NONE', 'UC_NONE', 'TPC_NONE', 'TPC_NONE', 'UC_NONE', 'UC_NONE', 'TPC_NONE', 'UC_NONE', 'TPC_NONE', 'UC_NONE', 'TPC_NONE', 'TPC_NONE', 'UC_NONE', 'TPC_NONE', 'SPC_NONE']","{'UC_MPOLY': 3, 'UC_MNUF': 1, 'TPC_MPOLY': 4, 'UC_NONE': 10, 'SBX_MPOLY': 2, 'SPC_NONE': 5, 'TPC_NONE': 10, 'SPC_MPOLY': 1}"
10,37,UC,NONE,0.6797843044715293,0.0323385354214165,418734279.68,299227876.11322314,1050140.32,630849.596282773,0.740763636234587,-6.330389179964868e-06,0.0,0.0,GREEDY_HV,"['SPC_MBFLIP', 'UC_MPOLY', 'UC_MNUF', 'UC_MPOLY', 'UC_MPOLY', 'TPC_MPOLY', 'UC_NONE', 'TPC_MPOLY', 'SBX_MPOLY', 'SPC_NONE', 'SPC_NONE', 'UC_NONE', 'UC_NONE', 'SPC_NONE', 'TPC_NONE', 'SBX_MPOLY', 'TPC_MPOLY', 'UC_NONE', 'SPC_NONE', 'SPC_MPOLY', 'TPC_NONE', 'TPC_MPOLY', 'TPC_NONE', 'UC_NONE', 'TPC_NONE', 'TPC_NONE', 'UC_NONE', 'UC_NONE', 'TPC_NONE', 'UC_NONE', 'TPC_NONE', 'UC_NONE', 'TPC_NONE', 'TPC_NONE', 'UC_NONE', 'TPC_NONE', 'SPC_NONE', 'UC_NONE']","{'UC_MPOLY': 3, 'UC_MNUF': 1, 'TPC_MPOLY': 4, 'UC_NONE': 11, 'SBX_MPOLY': 2, 'SPC_NONE': 5, 'TPC_NONE': 10, 'SPC_MPOLY': 1}"
10,38,SPC,NONE,0.6799636278411231,0.03245073915605,399478016.0,281991883.27612734,1065783.2,636655.0613589118,0.7407717960429137,8.159808326690943e-06,0.01,0.0,GREEDY_HV,"['SPC_MBFLIP', 'UC_MPOLY', 'UC_MNUF', 'UC_MPOLY', 'UC_MPOLY', 'TPC_MPOLY', 'UC_NONE', 'TPC_MPOLY', 'SBX_MPOLY', 'SPC_NONE', 'SPC_NONE', 'UC_NONE', 'UC_NONE', 'SPC_NONE', 'TPC_NONE', 'SBX_MPOLY', 'TPC_MPOLY', 'UC_NONE', 'SPC_NONE', 'SPC_MPOLY', 'TPC_NONE', 'TPC_MPOLY', 'TPC_NONE', 'UC_NONE', 'TPC_NONE', 'TPC_NONE', 'UC_NONE', 'UC_NONE', 'TPC_NONE', 'UC_NONE', 'TPC_NONE', 'UC_NONE', 'TPC_NONE', 'TPC_NONE', 'UC_NONE', 'TPC_NONE', 'SPC_NONE', 'UC_NONE', 'SPC_NONE']","{'UC_MPOLY': 3, 'UC_MNUF': 1, 'TPC_MPOLY': 4, 'UC_NONE': 11, 'SBX_MPOLY': 2, 'SPC_NONE': 6, 'TPC_NONE': 10, 'SPC_MPOLY': 1}"
10,39,SPC,NONE,0.6810515336966927,0.0320728310071309,397615088.64,283262105.1038808,1080651.68,642526.7460896376,0.7407278460791221,-4.394996379153415e-05,0.0,0.0,GREEDY_HV,"['SPC_MBFLIP', 'UC_MPOLY', 'UC_MNUF', 'UC_MPOLY', 'UC_MPOLY', 'TPC_MPOLY', 'UC_NONE', 'TPC_MPOLY', 'SBX_MPOLY', 'SPC_NONE', 'SPC_NONE', 'UC_NONE', 'UC_NONE', 'SPC_NONE', 'TPC_NONE', 'SBX_MPOLY', 'TPC_MPOLY', 'UC_NONE', 'SPC_NONE', 'SPC_MPOLY', 'TPC_NONE', 'TPC_MPOLY', 'TPC_NONE', 'UC_NONE', 'TPC_NONE', 'TPC_NONE', 'UC_NONE', 'UC_NONE', 'TPC_NONE', 'UC_NONE', 'TPC_NONE', 'UC_NONE', 'TPC_NONE', 'TPC_NONE', 'UC_NONE', 'TPC_NONE', 'SPC_NONE', 'UC_NONE', 'SPC_NONE', 'SPC_NONE']","{'UC_MPOLY': 3, 'UC_MNUF': 1, 'TPC_MPOLY': 4, 'UC_NONE': 11, 'SBX_MPOLY': 2, 'SPC_NONE': 7, 'TPC_NONE': 10, 'SPC_MPOLY': 1}"
10,40,UC,NONE,0.6799287998316035,0.0332747315266018,405866693.12,294834350.80558985,1045300.64,633493.0449441022,0.7407633490393614,3.550296023924204e-05,0.0,0.0,GREEDY_HV,"['SPC_MBFLIP', 'UC_MPOLY', 'UC_MNUF', 'UC_MPOLY', 'UC_MPOLY', 'TPC_MPOLY', 'UC_NONE', 'TPC_MPOLY', 'SBX_MPOLY', 'SPC_NONE', 'SPC_NONE', 'UC_NONE', 'UC_NONE', 'SPC_NONE', 'TPC_NONE', 'SBX_MPOLY', 'TPC_MPOLY', 'UC_NONE', 'SPC_NONE', 'SPC_MPOLY', 'TPC_NONE', 'TPC_MPOLY', 'TPC_NONE', 'UC_NONE', 'TPC_NONE', 'TPC_NONE', 'UC_NONE', 'UC_NONE', 'TPC_NONE', 'UC_NONE', 'TPC_NONE', 'UC_NONE', 'TPC_NONE', 'TPC_NONE', 'UC_NONE', 'TPC_NONE', 'SPC_NONE', 'UC_NONE', 'SPC_NONE', 'SPC_NONE', 'UC_NONE']","{'UC_MPOLY': 3, 'UC_MNUF': 1, 'TPC_MPOLY': 4, 'UC_NONE': 12, 'SBX_MPOLY': 2, 'SPC_NONE': 7, 'TPC_NONE': 10, 'SPC_MPOLY': 1}"
10,41,SPC,NONE,0.6814218839144509,0.0330652735092789,414797020.16,295621130.5328085,1097220.0,642624.8494765823,0.740770493330262,7.144290900651384e-06,0.0,0.0,GREEDY_HV,"['SPC_MBFLIP', 'UC_MPOLY', 'UC_MNUF', 'UC_MPOLY', 'UC_MPOLY', 'TPC_MPOLY', 'UC_NONE', 'TPC_MPOLY', 'SBX_MPOLY', 'SPC_NONE', 'SPC_NONE', 'UC_NONE', 'UC_NONE', 'SPC_NONE', 'TPC_NONE', 'SBX_MPOLY', 'TPC_MPOLY', 'UC_NONE', 'SPC_NONE', 'SPC_MPOLY', 'TPC_NONE', 'TPC_MPOLY', 'TPC_NONE', 'UC_NONE', 'TPC_NONE', 'TPC_NONE', 'UC_NONE', 'UC_NONE', 'TPC_NONE', 'UC_NONE', 'TPC_NONE', 'UC_NONE', 'TPC_NONE', 'TPC_NONE', 'UC_NONE', 'TPC_NONE', 'SPC_NONE', 'UC_NONE', 'SPC_NONE', 'SPC_NONE', 'UC_NONE', 'SPC_NONE']","{'UC_MPOLY': 3, 'UC_MNUF': 1, 'TPC_MPOLY': 4, 'UC_NONE': 12, 'SBX_MPOLY': 2, 'SPC_NONE': 8, 'TPC_NONE': 10, 'SPC_MPOLY': 1}"
10,42,UC,NONE,0.6824547312874908,0.0319154672489119,410684308.48,291238633.48551804,1119346.08,624671.3935442166,0.740772646312787,2.152982525038816e-06,0.0,0.0,GREEDY_HV,"['SPC_MBFLIP', 'UC_MPOLY', 'UC_MNUF', 'UC_MPOLY', 'UC_MPOLY', 'TPC_MPOLY', 'UC_NONE', 'TPC_MPOLY', 'SBX_MPOLY', 'SPC_NONE', 'SPC_NONE', 'UC_NONE', 'UC_NONE', 'SPC_NONE', 'TPC_NONE', 'SBX_MPOLY', 'TPC_MPOLY', 'UC_NONE', 'SPC_NONE', 'SPC_MPOLY', 'TPC_NONE', 'TPC_MPOLY', 'TPC_NONE', 'UC_NONE', 'TPC_NONE', 'TPC_NONE', 'UC_NONE', 'UC_NONE', 'TPC_NONE', 'UC_NONE', 'TPC_NONE', 'UC_NONE', 'TPC_NONE', 'TPC_NONE', 'UC_NONE', 'TPC_NONE', 'SPC_NONE', 'UC_NONE', 'SPC_NONE', 'SPC_NONE', 'UC_NONE', 'SPC_NONE', 'UC_NONE']","{'UC_MPOLY': 3, 'UC_MNUF': 1, 'TPC_MPOLY': 4, 'UC_NONE': 13, 'SBX_MPOLY': 2, 'SPC_NONE': 8, 'TPC_NONE': 10, 'SPC_MPOLY': 1}"
10,43,TPC,NONE,0.680180237658498,0.0331615972588624,405037790.72,291418840.03065205,1084674.72,653065.549658441,0.7407798372085288,7.190895741748804e-06,0.01,0.0,GREEDY_HV,"['SPC_MBFLIP', 'UC_MPOLY', 'UC_MNUF', 'UC_MPOLY', 'UC_MPOLY', 'TPC_MPOLY', 'UC_NONE', 'TPC_MPOLY', 'SBX_MPOLY', 'SPC_NONE', 'SPC_NONE', 'UC_NONE', 'UC_NONE', 'SPC_NONE', 'TPC_NONE', 'SBX_MPOLY', 'TPC_MPOLY', 'UC_NONE', 'SPC_NONE', 'SPC_MPOLY', 'TPC_NONE', 'TPC_MPOLY', 'TPC_NONE', 'UC_NONE', 'TPC_NONE', 'TPC_NONE', 'UC_NONE', 'UC_NONE', 'TPC_NONE', 'UC_NONE', 'TPC_NONE', 'UC_NONE', 'TPC_NONE', 'TPC_NONE', 'UC_NONE', 'TPC_NONE', 'SPC_NONE', 'UC_NONE', 'SPC_NONE', 'SPC_NONE', 'UC_NONE', 'SPC_NONE', 'UC_NONE', 'TPC_NONE']","{'UC_MPOLY': 3, 'UC_MNUF': 1, 'TPC_MPOLY': 4, 'UC_NONE': 13, 'SBX_MPOLY': 2, 'SPC_NONE': 8, 'TPC_NONE': 11, 'SPC_MPOLY': 1}"
10,44,SBX,MPOLY,0.6788257850325736,0.0354828586812491,397968533.76,284459357.5973713,1070644.64,650252.0398645978,0.7408040614289837,2.4224220454893697e-05,0.0,0.09,GREEDY_HV,"['SPC_MBFLIP', 'UC_MPOLY', 'UC_MNUF', 'UC_MPOLY', 'UC_MPOLY', 'TPC_MPOLY', 'UC_NONE', 'TPC_MPOLY', 'SBX_MPOLY', 'SPC_NONE', 'SPC_NONE', 'UC_NONE', 'UC_NONE', 'SPC_NONE', 'TPC_NONE', 'SBX_MPOLY', 'TPC_MPOLY', 'UC_NONE', 'SPC_NONE', 'SPC_MPOLY', 'TPC_NONE', 'TPC_MPOLY', 'TPC_NONE', 'UC_NONE', 'TPC_NONE', 'TPC_NONE', 'UC_NONE', 'UC_NONE', 'TPC_NONE', 'UC_NONE', 'TPC_NONE', 'UC_NONE', 'TPC_NONE', 'TPC_NONE', 'UC_NONE', 'TPC_NONE', 'SPC_NONE', 'UC_NONE', 'SPC_NONE', 'SPC_NONE', 'UC_NONE', 'SPC_NONE', 'UC_NONE', 'TPC_NONE', 'SBX_MPOLY']","{'UC_MPOLY': 3, 'UC_MNUF': 1, 'TPC_MPOLY': 4, 'UC_NONE': 13, 'SBX_MPOLY': 3, 'SPC_NONE': 8, 'TPC_NONE': 11, 'SPC_MPOLY': 1}"
10,45,SPC,NONE,0.6786229336118059,0.0370048689154747,392276277.76,274914462.29081684,1107934.88,679237.8899089962,0.7408256141073523,2.1552678368563782e-05,0.0,0.0,GREEDY_HV,"['SPC_MBFLIP', 'UC_MPOLY', 'UC_MNUF', 'UC_MPOLY', 'UC_MPOLY', 'TPC_MPOLY', 'UC_NONE', 'TPC_MPOLY', 'SBX_MPOLY', 'SPC_NONE', 'SPC_NONE', 'UC_NONE', 'UC_NONE', 'SPC_NONE', 'TPC_NONE', 'SBX_MPOLY', 'TPC_MPOLY', 'UC_NONE', 'SPC_NONE', 'SPC_MPOLY', 'TPC_NONE', 'TPC_MPOLY', 'TPC_NONE', 'UC_NONE', 'TPC_NONE', 'TPC_NONE', 'UC_NONE', 'UC_NONE', 'TPC_NONE', 'UC_NONE', 'TPC_NONE', 'UC_NONE', 'TPC_NONE', 'TPC_NONE', 'UC_NONE', 'TPC_NONE', 'SPC_NONE', 'UC_NONE', 'SPC_NONE', 'SPC_NONE', 'UC_NONE', 'SPC_NONE', 'UC_NONE', 'TPC_NONE', 'SBX_MPOLY', 'SPC_NONE']","{'UC_MPOLY': 3, 'UC_MNUF': 1, 'TPC_MPOLY': 4, 'UC_NONE': 13, 'SBX_MPOLY': 3, 'SPC_NONE': 9, 'TPC_NONE': 11, 'SPC_MPOLY': 1}"
10,46,SPC,NONE,0.6794798093269833,0.0354639175410424,402094055.68,280115116.4275755,1101525.92,681824.6948821916,0.7411764070929008,0.0003507929855485,0.02,0.0,GREEDY_HV,"['SPC_MBFLIP', 'UC_MPOLY', 'UC_MNUF', 'UC_MPOLY', 'UC_MPOLY', 'TPC_MPOLY', 'UC_NONE', 'TPC_MPOLY', 'SBX_MPOLY', 'SPC_NONE', 'SPC_NONE', 'UC_NONE', 'UC_NONE', 'SPC_NONE', 'TPC_NONE', 'SBX_MPOLY', 'TPC_MPOLY', 'UC_NONE', 'SPC_NONE', 'SPC_MPOLY', 'TPC_NONE', 'TPC_MPOLY', 'TPC_NONE', 'UC_NONE', 'TPC_NONE', 'TPC_NONE', 'UC_NONE', 'UC_NONE', 'TPC_NONE', 'UC_NONE', 'TPC_NONE', 'UC_NONE', 'TPC_NONE', 'TPC_NONE', 'UC_NONE', 'TPC_NONE', 'SPC_NONE', 'UC_NONE', 'SPC_NONE', 'SPC_NONE', 'UC_NONE', 'SPC_NONE', 'UC_NONE', 'TPC_NONE', 'SBX_MPOLY', 'SPC_NONE', 'SPC_NONE']","{'UC_MPOLY': 3, 'UC_MNUF': 1, 'TPC_MPOLY': 4, 'UC_NONE': 13, 'SBX_MPOLY': 3, 'SPC_NONE': 10, 'TPC_NONE': 11, 'SPC_MPOLY': 1}"
10,47,SPC,NONE,0.6790097119671766,0.0363290929792494,409678346.24,291063169.41949654,1095306.4,677006.9994783805,0.7411954930469317,1.908595403088409e-05,0.0,0.0,GREEDY_HV,"['SPC_MBFLIP', 'UC_MPOLY', 'UC_MNUF', 'UC_MPOLY', 'UC_MPOLY', 'TPC_MPOLY', 'UC_NONE', 'TPC_MPOLY', 'SBX_MPOLY', 'SPC_NONE', 'SPC_NONE', 'UC_NONE', 'UC_NONE', 'SPC_NONE', 'TPC_NONE', 'SBX_MPOLY', 'TPC_MPOLY', 'UC_NONE', 'SPC_NONE', 'SPC_MPOLY', 'TPC_NONE', 'TPC_MPOLY', 'TPC_NONE', 'UC_NONE', 'TPC_NONE', 'TPC_NONE', 'UC_NONE', 'UC_NONE', 'TPC_NONE', 'UC_NONE', 'TPC_NONE', 'UC_NONE', 'TPC_NONE', 'TPC_NONE', 'UC_NONE', 'TPC_NONE', 'SPC_NONE', 'UC_NONE', 'SPC_NONE', 'SPC_NONE', 'UC_NONE', 'SPC_NONE', 'UC_NONE', 'TPC_NONE', 'SBX_MPOLY', 'SPC_NONE', 'SPC_NONE', 'SPC_NONE']","{'UC_MPOLY': 3, 'UC_MNUF': 1, 'TPC_MPOLY': 4, 'UC_NONE': 13, 'SBX_MPOLY': 3, 'SPC_NONE': 11, 'TPC_NONE': 11, 'SPC_MPOLY': 1}"
10,48,SPC,NONE,0.6793507197789151,0.0363996227106688,410785216.0,281138280.1664032,1107892.64,673782.7524362361,0.7412113473034667,1.585425653505279e-05,0.0,0.0,GREEDY_HV,"['SPC_MBFLIP', 'UC_MPOLY', 'UC_MNUF', 'UC_MPOLY', 'UC_MPOLY', 'TPC_MPOLY', 'UC_NONE', 'TPC_MPOLY', 'SBX_MPOLY', 'SPC_NONE', 'SPC_NONE', 'UC_NONE', 'UC_NONE', 'SPC_NONE', 'TPC_NONE', 'SBX_MPOLY', 'TPC_MPOLY', 'UC_NONE', 'SPC_NONE', 'SPC_MPOLY', 'TPC_NONE', 'TPC_MPOLY', 'TPC_NONE', 'UC_NONE', 'TPC_NONE', 'TPC_NONE', 'UC_NONE', 'UC_NONE', 'TPC_NONE', 'UC_NONE', 'TPC_NONE', 'UC_NONE', 'TPC_NONE', 'TPC_NONE', 'UC_NONE', 'TPC_NONE', 'SPC_NONE', 'UC_NONE', 'SPC_NONE', 'SPC_NONE', 'UC_NONE', 'SPC_NONE', 'UC_NONE', 'TPC_NONE', 'SBX_MPOLY', 'SPC_NONE', 'SPC_NONE', 'SPC_NONE', 'SPC_NONE']","{'UC_MPOLY': 3, 'UC_MNUF': 1, 'TPC_MPOLY': 4, 'UC_NONE': 13, 'SBX_MPOLY': 3, 'SPC_NONE': 12, 'TPC_NONE': 11, 'SPC_MPOLY': 1}"
10,49,SPC,NONE,0.6785655256333446,0.0365366235639954,406913914.88,281929817.52876854,1077164.96,671014.1677367169,0.7411953781424192,-1.5969161047513225e-05,0.0,0.0,GREEDY_HV,"['SPC_MBFLIP', 'UC_MPOLY', 'UC_MNUF', 'UC_MPOLY', 'UC_MPOLY', 'TPC_MPOLY', 'UC_NONE', 'TPC_MPOLY', 'SBX_MPOLY', 'SPC_NONE', 'SPC_NONE', 'UC_NONE', 'UC_NONE', 'SPC_NONE', 'TPC_NONE', 'SBX_MPOLY', 'TPC_MPOLY', 'UC_NONE', 'SPC_NONE', 'SPC_MPOLY', 'TPC_NONE', 'TPC_MPOLY', 'TPC_NONE', 'UC_NONE', 'TPC_NONE', 'TPC_NONE', 'UC_NONE', 'UC_NONE', 'TPC_NONE', 'UC_NONE', 'TPC_NONE', 'UC_NONE', 'TPC_NONE', 'TPC_NONE', 'UC_NONE', 'TPC_NONE', 'SPC_NONE', 'UC_NONE', 'SPC_NONE', 'SPC_NONE', 'UC_NONE', 'SPC_NONE', 'UC_NONE', 'TPC_NONE', 'SBX_MPOLY', 'SPC_NONE', 'SPC_NONE', 'SPC_NONE', 'SPC_NONE', 'SPC_NONE']","{'UC_MPOLY': 3, 'UC_MNUF': 1, 'TPC_MPOLY': 4, 'UC_NONE': 13, 'SBX_MPOLY': 3, 'SPC_NONE': 13, 'TPC_NONE': 11, 'SPC_MPOLY': 1}"
10,50,SPC,NONE,0.6796954785319901,0.0362658531766654,417925491.2,286750825.0791061,1101893.28,675366.6887161979,0.7411832246530891,-1.2153489330146703e-05,0.0,0.0,GREEDY_HV,"['SPC_MBFLIP', 'UC_MPOLY', 'UC_MNUF', 'UC_MPOLY', 'UC_MPOLY', 'TPC_MPOLY', 'UC_NONE', 'TPC_MPOLY', 'SBX_MPOLY', 'SPC_NONE', 'SPC_NONE', 'UC_NONE', 'UC_NONE', 'SPC_NONE', 'TPC_NONE', 'SBX_MPOLY', 'TPC_MPOLY', 'UC_NONE', 'SPC_NONE', 'SPC_MPOLY', 'TPC_NONE', 'TPC_MPOLY', 'TPC_NONE', 'UC_NONE', 'TPC_NONE', 'TPC_NONE', 'UC_NONE', 'UC_NONE', 'TPC_NONE', 'UC_NONE', 'TPC_NONE', 'UC_NONE', 'TPC_NONE', 'TPC_NONE', 'UC_NONE', 'TPC_NONE', 'SPC_NONE', 'UC_NONE', 'SPC_NONE', 'SPC_NONE', 'UC_NONE', 'SPC_NONE', 'UC_NONE', 'TPC_NONE', 'SBX_MPOLY', 'SPC_NONE', 'SPC_NONE', 'SPC_NONE', 'SPC_NONE', 'SPC_NONE', 'SPC_NONE']","{'UC_MPOLY': 3, 'UC_MNUF': 1, 'TPC_MPOLY': 4, 'UC_NONE': 13, 'SBX_MPOLY': 3, 'SPC_NONE': 14, 'TPC_NONE': 11, 'SPC_MPOLY': 1}"
10,51,UC,MPOLY,0.6791703695830026,0.0363689396247594,413891845.12,288545460.6639639,1096004.0,674004.6080070373,0.7411887457687937,5.5211157046208825e-06,0.0,0.0,GREEDY_HV,"['SPC_MBFLIP', 'UC_MPOLY', 'UC_MNUF', 'UC_MPOLY', 'UC_MPOLY', 'TPC_MPOLY', 'UC_NONE', 'TPC_MPOLY', 'SBX_MPOLY', 'SPC_NONE', 'SPC_NONE', 'UC_NONE', 'UC_NONE', 'SPC_NONE', 'TPC_NONE', 'SBX_MPOLY', 'TPC_MPOLY', 'UC_NONE', 'SPC_NONE', 'SPC_MPOLY', 'TPC_NONE', 'TPC_MPOLY', 'TPC_NONE', 'UC_NONE', 'TPC_NONE', 'TPC_NONE', 'UC_NONE', 'UC_NONE', 'TPC_NONE', 'UC_NONE', 'TPC_NONE', 'UC_NONE', 'TPC_NONE', 'TPC_NONE', 'UC_NONE', 'TPC_NONE', 'SPC_NONE', 'UC_NONE', 'SPC_NONE', 'SPC_NONE', 'UC_NONE', 'SPC_NONE', 'UC_NONE', 'TPC_NONE', 'SBX_MPOLY', 'SPC_NONE', 'SPC_NONE', 'SPC_NONE', 'SPC_NONE', 'SPC_NONE', 'SPC_NONE', 'UC_MPOLY']","{'UC_MPOLY': 4, 'UC_MNUF': 1, 'TPC_MPOLY': 4, 'UC_NONE': 13, 'SBX_MPOLY': 3, 'SPC_NONE': 14, 'TPC_NONE': 11, 'SPC_MPOLY': 1}"
10,52,UC,NONE,0.6768803018295785,0.0363012599430543,387954790.4,283195491.2766704,1045899.68,676268.6734305954,0.7412178367808749,2.9091012081261525e-05,0.0,0.0,GREEDY_HV,"['SPC_MBFLIP', 'UC_MPOLY', 'UC_MNUF', 'UC_MPOLY', 'UC_MPOLY', 'TPC_MPOLY', 'UC_NONE', 'TPC_MPOLY', 'SBX_MPOLY', 'SPC_NONE', 'SPC_NONE', 'UC_NONE', 'UC_NONE', 'SPC_NONE', 'TPC_NONE', 'SBX_MPOLY', 'TPC_MPOLY', 'UC_NONE', 'SPC_NONE', 'SPC_MPOLY', 'TPC_NONE', 'TPC_MPOLY', 'TPC_NONE', 'UC_NONE', 'TPC_NONE', 'TPC_NONE', 'UC_NONE', 'UC_NONE', 'TPC_NONE', 'UC_NONE', 'TPC_NONE', 'UC_NONE', 'TPC_NONE', 'TPC_NONE', 'UC_NONE', 'TPC_NONE', 'SPC_NONE', 'UC_NONE', 'SPC_NONE', 'SPC_NONE', 'UC_NONE', 'SPC_NONE', 'UC_NONE', 'TPC_NONE', 'SBX_MPOLY', 'SPC_NONE', 'SPC_NONE', 'SPC_NONE', 'SPC_NONE', 'SPC_NONE', 'SPC_NONE', 'UC_MPOLY', 'UC_NONE']","{'UC_MPOLY': 4, 'UC_MNUF': 1, 'TPC_MPOLY': 4, 'UC_NONE': 14, 'SBX_MPOLY': 3, 'SPC_NONE': 14, 'TPC_NONE': 11, 'SPC_MPOLY': 1}"
10,53,SPC,NONE,0.6789010496978669,0.0365753179711062,404199183.36,286290969.5458613,1101175.2,679994.3183122636,0.7412237354841529,5.898703277940065e-06,0.0,0.0,GREEDY_HV,"['SPC_MBFLIP', 'UC_MPOLY', 'UC_MNUF', 'UC_MPOLY', 'UC_MPOLY', 'TPC_MPOLY', 'UC_NONE', 'TPC_MPOLY', 'SBX_MPOLY', 'SPC_NONE', 'SPC_NONE', 'UC_NONE', 'UC_NONE', 'SPC_NONE', 'TPC_NONE', 'SBX_MPOLY', 'TPC_MPOLY', 'UC_NONE', 'SPC_NONE', 'SPC_MPOLY', 'TPC_NONE', 'TPC_MPOLY', 'TPC_NONE', 'UC_NONE', 'TPC_NONE', 'TPC_NONE', 'UC_NONE', 'UC_NONE', 'TPC_NONE', 'UC_NONE', 'TPC_NONE', 'UC_NONE', 'TPC_NONE', 'TPC_NONE', 'UC_NONE', 'TPC_NONE', 'SPC_NONE', 'UC_NONE', 'SPC_NONE', 'SPC_NONE', 'UC_NONE', 'SPC_NONE', 'UC_NONE', 'TPC_NONE', 'SBX_MPOLY', 'SPC_NONE', 'SPC_NONE', 'SPC_NONE', 'SPC_NONE', 'SPC_NONE', 'SPC_NONE', 'UC_MPOLY', 'UC_NONE', 'SPC_NONE']","{'UC_MPOLY': 4, 'UC_MNUF': 1, 'TPC_MPOLY': 4, 'UC_NONE': 14, 'SBX_MPOLY': 3, 'SPC_NONE': 15, 'TPC_NONE': 11, 'SPC_MPOLY': 1}"
10,54,UC,NONE,0.6805770577655614,0.0349763567533899,408779233.28,282425020.059389,1108477.6,672076.6163104918,0.7412319266572159,8.191173063054613e-06,0.01,0.0,GREEDY_HV,"['SPC_MBFLIP', 'UC_MPOLY', 'UC_MNUF', 'UC_MPOLY', 'UC_MPOLY', 'TPC_MPOLY', 'UC_NONE', 'TPC_MPOLY', 'SBX_MPOLY', 'SPC_NONE', 'SPC_NONE', 'UC_NONE', 'UC_NONE', 'SPC_NONE', 'TPC_NONE', 'SBX_MPOLY', 'TPC_MPOLY', 'UC_NONE', 'SPC_NONE', 'SPC_MPOLY', 'TPC_NONE', 'TPC_MPOLY', 'TPC_NONE', 'UC_NONE', 'TPC_NONE', 'TPC_NONE', 'UC_NONE', 'UC_NONE', 'TPC_NONE', 'UC_NONE', 'TPC_NONE', 'UC_NONE', 'TPC_NONE', 'TPC_NONE', 'UC_NONE', 'TPC_NONE', 'SPC_NONE', 'UC_NONE', 'SPC_NONE', 'SPC_NONE', 'UC_NONE', 'SPC_NONE', 'UC_NONE', 'TPC_NONE', 'SBX_MPOLY', 'SPC_NONE', 'SPC_NONE', 'SPC_NONE', 'SPC_NONE', 'SPC_NONE', 'SPC_NONE', 'UC_MPOLY', 'UC_NONE', 'SPC_NONE', 'UC_NONE']","{'UC_MPOLY': 4, 'UC_MNUF': 1, 'TPC_MPOLY': 4, 'UC_NONE': 15, 'SBX_MPOLY': 3, 'SPC_NONE': 15, 'TPC_NONE': 11, 'SPC_MPOLY': 1}"
10,55,SPC,NONE,0.6794718413066498,0.0364469485169101,405917066.24,285870751.44722813,1113769.12,685970.4693273213,0.7412406997460504,8.773088834512777e-06,0.0,0.0,GREEDY_HV,"['SPC_MBFLIP', 'UC_MPOLY', 'UC_MNUF', 'UC_MPOLY', 'UC_MPOLY', 'TPC_MPOLY', 'UC_NONE', 'TPC_MPOLY', 'SBX_MPOLY', 'SPC_NONE', 'SPC_NONE', 'UC_NONE', 'UC_NONE', 'SPC_NONE', 'TPC_NONE', 'SBX_MPOLY', 'TPC_MPOLY', 'UC_NONE', 'SPC_NONE', 'SPC_MPOLY', 'TPC_NONE', 'TPC_MPOLY', 'TPC_NONE', 'UC_NONE', 'TPC_NONE', 'TPC_NONE', 'UC_NONE', 'UC_NONE', 'TPC_NONE', 'UC_NONE', 'TPC_NONE', 'UC_NONE', 'TPC_NONE', 'TPC_NONE', 'UC_NONE', 'TPC_NONE', 'SPC_NONE', 'UC_NONE', 'SPC_NONE', 'SPC_NONE', 'UC_NONE', 'SPC_NONE', 'UC_NONE', 'TPC_NONE', 'SBX_MPOLY', 'SPC_NONE', 'SPC_NONE', 'SPC_NONE', 'SPC_NONE', 'SPC_NONE', 'SPC_NONE', 'UC_MPOLY', 'UC_NONE', 'SPC_NONE', 'UC_NONE', 'SPC_NONE']","{'UC_MPOLY': 4, 'UC_MNUF': 1, 'TPC_MPOLY': 4, 'UC_NONE': 15, 'SBX_MPOLY': 3, 'SPC_NONE': 16, 'TPC_NONE': 11, 'SPC_MPOLY': 1}"
10,56,TPC,NONE,0.6794346751928879,0.0363649568506865,402490091.52,280131224.3736084,1120770.72,690113.0180449876,0.7412263350817511,-1.4364664299382213e-05,0.0,0.0,GREEDY_HV,"['SPC_MBFLIP', 'UC_MPOLY', 'UC_MNUF', 'UC_MPOLY', 'UC_MPOLY', 'TPC_MPOLY', 'UC_NONE', 'TPC_MPOLY', 'SBX_MPOLY', 'SPC_NONE', 'SPC_NONE', 'UC_NONE', 'UC_NONE', 'SPC_NONE', 'TPC_NONE', 'SBX_MPOLY', 'TPC_MPOLY', 'UC_NONE', 'SPC_NONE', 'SPC_MPOLY', 'TPC_NONE', 'TPC_MPOLY', 'TPC_NONE', 'UC_NONE', 'TPC_NONE', 'TPC_NONE', 'UC_NONE', 'UC_NONE', 'TPC_NONE', 'UC_NONE', 'TPC_NONE', 'UC_NONE', 'TPC_NONE', 'TPC_NONE', 'UC_NONE', 'TPC_NONE', 'SPC_NONE', 'UC_NONE', 'SPC_NONE', 'SPC_NONE', 'UC_NONE', 'SPC_NONE', 'UC_NONE', 'TPC_NONE', 'SBX_MPOLY', 'SPC_NONE', 'SPC_NONE', 'SPC_NONE', 'SPC_NONE', 'SPC_NONE', 'SPC_NONE', 'UC_MPOLY', 'UC_NONE', 'SPC_NONE', 'UC_NONE', 'SPC_NONE', 'TPC_NONE']","{'UC_MPOLY': 4, 'UC_MNUF': 1, 'TPC_MPOLY': 4, 'UC_NONE': 15, 'SBX_MPOLY': 3, 'SPC_NONE': 16, 'TPC_NONE': 12, 'SPC_MPOLY': 1}"
10,57,TPC,NONE,0.6796726159518471,0.0358991990371256,404242114.56,281122482.69314104,1132112.8,683582.3569758363,0.7412008225158264,-2.551256592464579e-05,0.01,0.0,GREEDY_HV,"['SPC_MBFLIP', 'UC_MPOLY', 'UC_MNUF', 'UC_MPOLY', 'UC_MPOLY', 'TPC_MPOLY', 'UC_NONE', 'TPC_MPOLY', 'SBX_MPOLY', 'SPC_NONE', 'SPC_NONE', 'UC_NONE', 'UC_NONE', 'SPC_NONE', 'TPC_NONE', 'SBX_MPOLY', 'TPC_MPOLY', 'UC_NONE', 'SPC_NONE', 'SPC_MPOLY', 'TPC_NONE', 'TPC_MPOLY', 'TPC_NONE', 'UC_NONE', 'TPC_NONE', 'TPC_NONE', 'UC_NONE', 'UC_NONE', 'TPC_NONE', 'UC_NONE', 'TPC_NONE', 'UC_NONE', 'TPC_NONE', 'TPC_NONE', 'UC_NONE', 'TPC_NONE', 'SPC_NONE', 'UC_NONE', 'SPC_NONE', 'SPC_NONE', 'UC_NONE', 'SPC_NONE', 'UC_NONE', 'TPC_NONE', 'SBX_MPOLY', 'SPC_NONE', 'SPC_NONE', 'SPC_NONE', 'SPC_NONE', 'SPC_NONE', 'SPC_NONE', 'UC_MPOLY', 'UC_NONE', 'SPC_NONE', 'UC_NONE', 'SPC_NONE', 'TPC_NONE', 'TPC_NONE']","{'UC_MPOLY': 4, 'UC_MNUF': 1, 'TPC_MPOLY': 4, 'UC_NONE': 15, 'SBX_MPOLY': 3, 'SPC_NONE': 16, 'TPC_NONE': 13, 'SPC_MPOLY': 1}"
10,58,UC,NONE,0.6788019114016596,0.0356599124047022,396967664.64,279136309.08173406,1113728.16,691160.8185825165,0.7412338485226583,3.3026006831859966e-05,0.0,0.0,GREEDY_HV,"['SPC_MBFLIP', 'UC_MPOLY', 'UC_MNUF', 'UC_MPOLY', 'UC_MPOLY', 'TPC_MPOLY', 'UC_NONE', 'TPC_MPOLY', 'SBX_MPOLY', 'SPC_NONE', 'SPC_NONE', 'UC_NONE', 'UC_NONE', 'SPC_NONE', 'TPC_NONE', 'SBX_MPOLY', 'TPC_MPOLY', 'UC_NONE', 'SPC_NONE', 'SPC_MPOLY', 'TPC_NONE', 'TPC_MPOLY', 'TPC_NONE', 'UC_NONE', 'TPC_NONE', 'TPC_NONE', 'UC_NONE', 'UC_NONE', 'TPC_NONE', 'UC_NONE', 'TPC_NONE', 'UC_NONE', 'TPC_NONE', 'TPC_NONE', 'UC_NONE', 'TPC_NONE', 'SPC_NONE', 'UC_NONE', 'SPC_NONE', 'SPC_NONE', 'UC_NONE', 'SPC_NONE', 'UC_NONE', 'TPC_NONE', 'SBX_MPOLY', 'SPC_NONE', 'SPC_NONE', 'SPC_NONE', 'SPC_NONE', 'SPC_NONE', 'SPC_NONE', 'UC_MPOLY', 'UC_NONE', 'SPC_NONE', 'UC_NONE', 'SPC_NONE', 'TPC_NONE', 'TPC_NONE', 'UC_NONE']","{'UC_MPOLY': 4, 'UC_MNUF': 1, 'TPC_MPOLY': 4, 'UC_NONE': 16, 'SBX_MPOLY': 3, 'SPC_NONE': 16, 'TPC_NONE': 13, 'SPC_MPOLY': 1}"
10,59,TPC,NONE,0.6785110573345317,0.035606083561595,392451210.24,279194674.3956317,1094922.4,682749.5088668466,0.7412433596790168,9.511156358499306e-06,0.0,0.0,GREEDY_HV,"['SPC_MBFLIP', 'UC_MPOLY', 'UC_MNUF', 'UC_MPOLY', 'UC_MPOLY', 'TPC_MPOLY', 'UC_NONE', 'TPC_MPOLY', 'SBX_MPOLY', 'SPC_NONE', 'SPC_NONE', 'UC_NONE', 'UC_NONE', 'SPC_NONE', 'TPC_NONE', 'SBX_MPOLY', 'TPC_MPOLY', 'UC_NONE', 'SPC_NONE', 'SPC_MPOLY', 'TPC_NONE', 'TPC_MPOLY', 'TPC_NONE', 'UC_NONE', 'TPC_NONE', 'TPC_NONE', 'UC_NONE', 'UC_NONE', 'TPC_NONE', 'UC_NONE', 'TPC_NONE', 'UC_NONE', 'TPC_NONE', 'TPC_NONE', 'UC_NONE', 'TPC_NONE', 'SPC_NONE', 'UC_NONE', 'SPC_NONE', 'SPC_NONE', 'UC_NONE', 'SPC_NONE', 'UC_NONE', 'TPC_NONE', 'SBX_MPOLY', 'SPC_NONE', 'SPC_NONE', 'SPC_NONE', 'SPC_NONE', 'SPC_NONE', 'SPC_NONE', 'UC_MPOLY', 'UC_NONE', 'SPC_NONE', 'UC_NONE', 'SPC_NONE', 'TPC_NONE', 'TPC_NONE', 'UC_NONE', 'TPC_NONE']","{'UC_MPOLY': 4, 'UC_MNUF': 1, 'TPC_MPOLY': 4, 'UC_NONE': 16, 'SBX_MPOLY': 3, 'SPC_NONE': 16, 'TPC_NONE': 14, 'SPC_MPOLY': 1}"
10,60,SPC,NONE,0.678745381881926,0.0360493784100223,397093032.96,278097655.8024355,1099897.76,686158.2236134916,0.7412263224281529,-1.7037250863882747e-05,0.0,0.0,GREEDY_HV,"['SPC_MBFLIP', 'UC_MPOLY', 'UC_MNUF', 'UC_MPOLY', 'UC_MPOLY', 'TPC_MPOLY', 'UC_NONE', 'TPC_MPOLY', 'SBX_MPOLY', 'SPC_NONE', 'SPC_NONE', 'UC_NONE', 'UC_NONE', 'SPC_NONE', 'TPC_NONE', 'SBX_MPOLY', 'TPC_MPOLY', 'UC_NONE', 'SPC_NONE', 'SPC_MPOLY', 'TPC_NONE', 'TPC_MPOLY', 'TPC_NONE', 'UC_NONE', 'TPC_NONE', 'TPC_NONE', 'UC_NONE', 'UC_NONE', 'TPC_NONE', 'UC_NONE', 'TPC_NONE', 'UC_NONE', 'TPC_NONE', 'TPC_NONE', 'UC_NONE', 'TPC_NONE', 'SPC_NONE', 'UC_NONE', 'SPC_NONE', 'SPC_NONE', 'UC_NONE', 'SPC_NONE', 'UC_NONE', 'TPC_NONE', 'SBX_MPOLY', 'SPC_NONE', 'SPC_NONE', 'SPC_NONE', 'SPC_NONE', 'SPC_NONE', 'SPC_NONE', 'UC_MPOLY', 'UC_NONE', 'SPC_NONE', 'UC_NONE', 'SPC_NONE', 'TPC_NONE', 'TPC_NONE', 'UC_NONE', 'TPC_NONE', 'SPC_NONE']","{'UC_MPOLY': 4, 'UC_MNUF': 1, 'TPC_MPOLY': 4, 'UC_NONE': 16, 'SBX_MPOLY': 3, 'SPC_NONE': 17, 'TPC_NONE': 14, 'SPC_MPOLY': 1}"
10,61,TPC,NONE,0.680757592377856,0.0343836084888014,411874063.36,282109923.17711294,1119379.36,687971.5759483604,0.7412223770501626,-3.9453779903109165e-06,0.0,0.0,GREEDY_HV,"['SPC_MBFLIP', 'UC_MPOLY', 'UC_MNUF', 'UC_MPOLY', 'UC_MPOLY', 'TPC_MPOLY', 'UC_NONE', 'TPC_MPOLY', 'SBX_MPOLY', 'SPC_NONE', 'SPC_NONE', 'UC_NONE', 'UC_NONE', 'SPC_NONE', 'TPC_NONE', 'SBX_MPOLY', 'TPC_MPOLY', 'UC_NONE', 'SPC_NONE', 'SPC_MPOLY', 'TPC_NONE', 'TPC_MPOLY', 'TPC_NONE', 'UC_NONE', 'TPC_NONE', 'TPC_NONE', 'UC_NONE', 'UC_NONE', 'TPC_NONE', 'UC_NONE', 'TPC_NONE', 'UC_NONE', 'TPC_NONE', 'TPC_NONE', 'UC_NONE', 'TPC_NONE', 'SPC_NONE', 'UC_NONE', 'SPC_NONE', 'SPC_NONE', 'UC_NONE', 'SPC_NONE', 'UC_NONE', 'TPC_NONE', 'SBX_MPOLY', 'SPC_NONE', 'SPC_NONE', 'SPC_NONE', 'SPC_NONE', 'SPC_NONE', 'SPC_NONE', 'UC_MPOLY', 'UC_NONE', 'SPC_NONE', 'UC_NONE', 'SPC_NONE', 'TPC_NONE', 'TPC_NONE', 'UC_NONE', 'TPC_NONE', 'SPC_NONE', 'TPC_NONE']","{'UC_MPOLY': 4, 'UC_MNUF': 1, 'TPC_MPOLY': 4, 'UC_NONE': 16, 'SBX_MPOLY': 3, 'SPC_NONE': 17, 'TPC_NONE': 15, 'SPC_MPOLY': 1}"
10,62,UC,MPOLY,0.6804848421331493,0.0347179874453791,404388326.4,280476824.3128747,1123564.96,698298.4261543475,0.7411836030372646,-3.877401289797966e-05,0.01,0.0,GREEDY_HV,"['SPC_MBFLIP', 'UC_MPOLY', 'UC_MNUF', 'UC_MPOLY', 'UC_MPOLY', 'TPC_MPOLY', 'UC_NONE', 'TPC_MPOLY', 'SBX_MPOLY', 'SPC_NONE', 'SPC_NONE', 'UC_NONE', 'UC_NONE', 'SPC_NONE', 'TPC_NONE', 'SBX_MPOLY', 'TPC_MPOLY', 'UC_NONE', 'SPC_NONE', 'SPC_MPOLY', 'TPC_NONE', 'TPC_MPOLY', 'TPC_NONE', 'UC_NONE', 'TPC_NONE', 'TPC_NONE', 'UC_NONE', 'UC_NONE', 'TPC_NONE', 'UC_NONE', 'TPC_NONE', 'UC_NONE', 'TPC_NONE', 'TPC_NONE', 'UC_NONE', 'TPC_NONE', 'SPC_NONE', 'UC_NONE', 'SPC_NONE', 'SPC_NONE', 'UC_NONE', 'SPC_NONE', 'UC_NONE', 'TPC_NONE', 'SBX_MPOLY', 'SPC_NONE', 'SPC_NONE', 'SPC_NONE', 'SPC_NONE', 'SPC_NONE', 'SPC_NONE', 'UC_MPOLY', 'UC_NONE', 'SPC_NONE', 'UC_NONE', 'SPC_NONE', 'TPC_NONE', 'TPC_NONE', 'UC_NONE', 'TPC_NONE', 'SPC_NONE', 'TPC_NONE', 'UC_MPOLY']","{'UC_MPOLY': 5, 'UC_MNUF': 1, 'TPC_MPOLY': 4, 'UC_NONE': 16, 'SBX_MPOLY': 3, 'SPC_NONE': 17, 'TPC_NONE': 15, 'SPC_MPOLY': 1}"
10,63,SBX,NONE,0.6763198069173368,0.0361761602377144,422277731.84,521992406.6515937,1063422.88,774955.0141840399,0.7415033513965563,0.0003197483592917,0.0,0.0,GREEDY_HV,"['SPC_MBFLIP', 'UC_MPOLY', 'UC_MNUF', 'UC_MPOLY', 'UC_MPOLY', 'TPC_MPOLY', 'UC_NONE', 'TPC_MPOLY', 'SBX_MPOLY', 'SPC_NONE', 'SPC_NONE', 'UC_NONE', 'UC_NONE', 'SPC_NONE', 'TPC_NONE', 'SBX_MPOLY', 'TPC_MPOLY', 'UC_NONE', 'SPC_NONE', 'SPC_MPOLY', 'TPC_NONE', 'TPC_MPOLY', 'TPC_NONE', 'UC_NONE', 'TPC_NONE', 'TPC_NONE', 'UC_NONE', 'UC_NONE', 'TPC_NONE', 'UC_NONE', 'TPC_NONE', 'UC_NONE', 'TPC_NONE', 'TPC_NONE', 'UC_NONE', 'TPC_NONE', 'SPC_NONE', 'UC_NONE', 'SPC_NONE', 'SPC_NONE', 'UC_NONE', 'SPC_NONE', 'UC_NONE', 'TPC_NONE', 'SBX_MPOLY', 'SPC_NONE', 'SPC_NONE', 'SPC_NONE', 'SPC_NONE', 'SPC_NONE', 'SPC_NONE', 'UC_MPOLY', 'UC_NONE', 'SPC_NONE', 'UC_NONE', 'SPC_NONE', 'TPC_NONE', 'TPC_NONE', 'UC_NONE', 'TPC_NONE', 'SPC_NONE', 'TPC_NONE', 'UC_MPOLY', 'SBX_NONE']","{'UC_MPOLY': 5, 'UC_MNUF': 1, 'TPC_MPOLY': 4, 'UC_NONE': 16, 'SBX_MPOLY': 3, 'SPC_NONE': 17, 'TPC_NONE': 15, 'SPC_MPOLY': 1, 'SBX_NONE': 1}"
10,64,UC,NONE,0.6775625235858083,0.0360580110884502,466829742.08,685881848.7419378,1146551.2,839355.3097848375,0.7415317479595893,2.8396563032995203e-05,0.0,0.0,GREEDY_HV,"['SPC_MBFLIP', 'UC_MPOLY', 'UC_MNUF', 'UC_MPOLY', 'UC_MPOLY', 'TPC_MPOLY', 'UC_NONE', 'TPC_MPOLY', 'SBX_MPOLY', 'SPC_NONE', 'SPC_NONE', 'UC_NONE', 'UC_NONE', 'SPC_NONE', 'TPC_NONE', 'SBX_MPOLY', 'TPC_MPOLY', 'UC_NONE', 'SPC_NONE', 'SPC_MPOLY', 'TPC_NONE', 'TPC_MPOLY', 'TPC_NONE', 'UC_NONE', 'TPC_NONE', 'TPC_NONE', 'UC_NONE', 'UC_NONE', 'TPC_NONE', 'UC_NONE', 'TPC_NONE', 'UC_NONE', 'TPC_NONE', 'TPC_NONE', 'UC_NONE', 'TPC_NONE', 'SPC_NONE', 'UC_NONE', 'SPC_NONE', 'SPC_NONE', 'UC_NONE', 'SPC_NONE', 'UC_NONE', 'TPC_NONE', 'SBX_MPOLY', 'SPC_NONE', 'SPC_NONE', 'SPC_NONE', 'SPC_NONE', 'SPC_NONE', 'SPC_NONE', 'UC_MPOLY', 'UC_NONE', 'SPC_NONE', 'UC_NONE', 'SPC_NONE', 'TPC_NONE', 'TPC_NONE', 'UC_NONE', 'TPC_NONE', 'SPC_NONE', 'TPC_NONE', 'UC_MPOLY', 'SBX_NONE', 'UC_NONE']","{'UC_MPOLY': 5, 'UC_MNUF': 1, 'TPC_MPOLY': 4, 'UC_NONE': 17, 'SBX_MPOLY': 3, 'SPC_NONE': 17, 'TPC_NONE': 15, 'SPC_MPOLY': 1, 'SBX_NONE': 1}"
10,65,UC,NONE,0.677565462585445,0.0362737802939108,472144179.2,685009594.6753374,1108647.84,803778.9908985518,0.7415015635702183,-3.0184389370968567e-05,0.01,0.0,GREEDY_HV,"['SPC_MBFLIP', 'UC_MPOLY', 'UC_MNUF', 'UC_MPOLY', 'UC_MPOLY', 'TPC_MPOLY', 'UC_NONE', 'TPC_MPOLY', 'SBX_MPOLY', 'SPC_NONE', 'SPC_NONE', 'UC_NONE', 'UC_NONE', 'SPC_NONE', 'TPC_NONE', 'SBX_MPOLY', 'TPC_MPOLY', 'UC_NONE', 'SPC_NONE', 'SPC_MPOLY', 'TPC_NONE', 'TPC_MPOLY', 'TPC_NONE', 'UC_NONE', 'TPC_NONE', 'TPC_NONE', 'UC_NONE', 'UC_NONE', 'TPC_NONE', 'UC_NONE', 'TPC_NONE', 'UC_NONE', 'TPC_NONE', 'TPC_NONE', 'UC_NONE', 'TPC_NONE', 'SPC_NONE', 'UC_NONE', 'SPC_NONE', 'SPC_NONE', 'UC_NONE', 'SPC_NONE', 'UC_NONE', 'TPC_NONE', 'SBX_MPOLY', 'SPC_NONE', 'SPC_NONE', 'SPC_NONE', 'SPC_NONE', 'SPC_NONE', 'SPC_NONE', 'UC_MPOLY', 'UC_NONE', 'SPC_NONE', 'UC_NONE', 'SPC_NONE', 'TPC_NONE', 'TPC_NONE', 'UC_NONE', 'TPC_NONE', 'SPC_NONE', 'TPC_NONE', 'UC_MPOLY', 'SBX_NONE', 'UC_NONE', 'UC_NONE']","{'UC_MPOLY': 5, 'UC_MNUF': 1, 'TPC_MPOLY': 4, 'UC_NONE': 18, 'SBX_MPOLY': 3, 'SPC_NONE': 17, 'TPC_NONE': 15, 'SPC_MPOLY': 1, 'SBX_NONE': 1}"
10,66,UC,NONE,0.6759615831932425,0.036254608148173,471074746.88,688831553.7192628,1085447.84,806212.6926246537,0.7415374942075945,3.5930637376169194e-05,0.0,0.0,GREEDY_HV,"['SPC_MBFLIP', 'UC_MPOLY', 'UC_MNUF', 'UC_MPOLY', 'UC_MPOLY', 'TPC_MPOLY', 'UC_NONE', 'TPC_MPOLY', 'SBX_MPOLY', 'SPC_NONE', 'SPC_NONE', 'UC_NONE', 'UC_NONE', 'SPC_NONE', 'TPC_NONE', 'SBX_MPOLY', 'TPC_MPOLY', 'UC_NONE', 'SPC_NONE', 'SPC_MPOLY', 'TPC_NONE', 'TPC_MPOLY', 'TPC_NONE', 'UC_NONE', 'TPC_NONE', 'TPC_NONE', 'UC_NONE', 'UC_NONE', 'TPC_NONE', 'UC_NONE', 'TPC_NONE', 'UC_NONE', 'TPC_NONE', 'TPC_NONE', 'UC_NONE', 'TPC_NONE', 'SPC_NONE', 'UC_NONE', 'SPC_NONE', 'SPC_NONE', 'UC_NONE', 'SPC_NONE', 'UC_NONE', 'TPC_NONE', 'SBX_MPOLY', 'SPC_NONE', 'SPC_NONE', 'SPC_NONE', 'SPC_NONE', 'SPC_NONE', 'SPC_NONE', 'UC_MPOLY', 'UC_NONE', 'SPC_NONE', 'UC_NONE', 'SPC_NONE', 'TPC_NONE', 'TPC_NONE', 'UC_NONE', 'TPC_NONE', 'SPC_NONE', 'TPC_NONE', 'UC_MPOLY', 'SBX_NONE', 'UC_NONE', 'UC_NONE', 'UC_NONE']","{'UC_MPOLY': 5, 'UC_MNUF': 1, 'TPC_MPOLY': 4, 'UC_NONE': 19, 'SBX_MPOLY': 3, 'SPC_NONE': 17, 'TPC_NONE': 15, 'SPC_MPOLY': 1, 'SBX_NONE': 1}"
10,67,TPC,NONE,0.6747908026989977,0.0362323180841687,471155422.72,694474744.1137347,1034753.44,798352.8123890128,0.7415101339933966,-2.7360214197913457e-05,0.0,0.0,GREEDY_HV,"['SPC_MBFLIP', 'UC_MPOLY', 'UC_MNUF', 'UC_MPOLY', 'UC_MPOLY', 'TPC_MPOLY', 'UC_NONE', 'TPC_MPOLY', 'SBX_MPOLY', 'SPC_NONE', 'SPC_NONE', 'UC_NONE', 'UC_NONE', 'SPC_NONE', 'TPC_NONE', 'SBX_MPOLY', 'TPC_MPOLY', 'UC_NONE', 'SPC_NONE', 'SPC_MPOLY', 'TPC_NONE', 'TPC_MPOLY', 'TPC_NONE', 'UC_NONE', 'TPC_NONE', 'TPC_NONE', 'UC_NONE', 'UC_NONE', 'TPC_NONE', 'UC_NONE', 'TPC_NONE', 'UC_NONE', 'TPC_NONE', 'TPC_NONE', 'UC_NONE', 'TPC_NONE', 'SPC_NONE', 'UC_NONE', 'SPC_NONE', 'SPC_NONE', 'UC_NONE', 'SPC_NONE', 'UC_NONE', 'TPC_NONE', 'SBX_MPOLY', 'SPC_NONE', 'SPC_NONE', 'SPC_NONE', 'SPC_NONE', 'SPC_NONE', 'SPC_NONE', 'UC_MPOLY', 'UC_NONE', 'SPC_NONE', 'UC_NONE', 'SPC_NONE', 'TPC_NONE', 'TPC_NONE', 'UC_NONE', 'TPC_NONE', 'SPC_NONE', 'TPC_NONE', 'UC_MPOLY', 'SBX_NONE', 'UC_NONE', 'UC_NONE', 'UC_NONE', 'TPC_NONE']","{'UC_MPOLY': 5, 'UC_MNUF': 1, 'TPC_MPOLY': 4, 'UC_NONE': 19, 'SBX_MPOLY': 3, 'SPC_NONE': 17, 'TPC_NONE': 16, 'SPC_MPOLY': 1, 'SBX_NONE': 1}"
10,68,SPC,NONE,0.6761967043849815,0.0367240762000253,482232381.44,692637687.3218102,1068751.52,800484.7630482479,0.7415177906601295,7.656666732858142e-06,0.0,0.0,GREEDY_HV,"['SPC_MBFLIP', 'UC_MPOLY', 'UC_MNUF', 'UC_MPOLY', 'UC_MPOLY', 'TPC_MPOLY', 'UC_NONE', 'TPC_MPOLY', 'SBX_MPOLY', 'SPC_NONE', 'SPC_NONE', 'UC_NONE', 'UC_NONE', 'SPC_NONE', 'TPC_NONE', 'SBX_MPOLY', 'TPC_MPOLY', 'UC_NONE', 'SPC_NONE', 'SPC_MPOLY', 'TPC_NONE', 'TPC_MPOLY', 'TPC_NONE', 'UC_NONE', 'TPC_NONE', 'TPC_NONE', 'UC_NONE', 'UC_NONE', 'TPC_NONE', 'UC_NONE', 'TPC_NONE', 'UC_NONE', 'TPC_NONE', 'TPC_NONE', 'UC_NONE', 'TPC_NONE', 'SPC_NONE', 'UC_NONE', 'SPC_NONE', 'SPC_NONE', 'UC_NONE', 'SPC_NONE', 'UC_NONE', 'TPC_NONE', 'SBX_MPOLY', 'SPC_NONE', 'SPC_NONE', 'SPC_NONE', 'SPC_NONE', 'SPC_NONE', 'SPC_NONE', 'UC_MPOLY', 'UC_NONE', 'SPC_NONE', 'UC_NONE', 'SPC_NONE', 'TPC_NONE', 'TPC_NONE', 'UC_NONE', 'TPC_NONE', 'SPC_NONE', 'TPC_NONE', 'UC_MPOLY', 'SBX_NONE', 'UC_NONE', 'UC_NONE', 'UC_NONE', 'TPC_NONE', 'SPC_NONE']","{'UC_MPOLY': 5, 'UC_MNUF': 1, 'TPC_MPOLY': 4, 'UC_NONE': 19, 'SBX_MPOLY': 3, 'SPC_NONE': 18, 'TPC_NONE': 16, 'SPC_MPOLY': 1, 'SBX_NONE': 1}"
10,69,SPC,NONE,0.6771124165192083,0.037032297889094,498204805.12,693645542.9311627,1101039.52,806455.3851395438,0.7415011147117991,-1.6675948330324708e-05,0.0,0.0,GREEDY_HV,"['SPC_MBFLIP', 'UC_MPOLY', 'UC_MNUF', 'UC_MPOLY', 'UC_MPOLY', 'TPC_MPOLY', 'UC_NONE', 'TPC_MPOLY', 'SBX_MPOLY', 'SPC_NONE', 'SPC_NONE', 'UC_NONE', 'UC_NONE', 'SPC_NONE', 'TPC_NONE', 'SBX_MPOLY', 'TPC_MPOLY', 'UC_NONE', 'SPC_NONE', 'SPC_MPOLY', 'TPC_NONE', 'TPC_MPOLY', 'TPC_NONE', 'UC_NONE', 'TPC_NONE', 'TPC_NONE', 'UC_NONE', 'UC_NONE', 'TPC_NONE', 'UC_NONE', 'TPC_NONE', 'UC_NONE', 'TPC_NONE', 'TPC_NONE', 'UC_NONE', 'TPC_NONE', 'SPC_NONE', 'UC_NONE', 'SPC_NONE', 'SPC_NONE', 'UC_NONE', 'SPC_NONE', 'UC_NONE', 'TPC_NONE', 'SBX_MPOLY', 'SPC_NONE', 'SPC_NONE', 'SPC_NONE', 'SPC_NONE', 'SPC_NONE', 'SPC_NONE', 'UC_MPOLY', 'UC_NONE', 'SPC_NONE', 'UC_NONE', 'SPC_NONE', 'TPC_NONE', 'TPC_NONE', 'UC_NONE', 'TPC_NONE', 'SPC_NONE', 'TPC_NONE', 'UC_MPOLY', 'SBX_NONE', 'UC_NONE', 'UC_NONE', 'UC_NONE', 'TPC_NONE', 'SPC_NONE', 'SPC_NONE']","{'UC_MPOLY': 5, 'UC_MNUF': 1, 'TPC_MPOLY': 4, 'UC_NONE': 19, 'SBX_MPOLY': 3, 'SPC_NONE': 19, 'TPC_NONE': 16, 'SPC_MPOLY': 1, 'SBX_NONE': 1}"
10,70,SPC,NONE,0.6783751530446821,0.0356430903713588,486746831.36,689046437.7372365,1115084.96,803044.5474438126,0.7415294183499596,2.8303638160420697e-05,0.0,0.0,GREEDY_HV,"['SPC_MBFLIP', 'UC_MPOLY', 'UC_MNUF', 'UC_MPOLY', 'UC_MPOLY', 'TPC_MPOLY', 'UC_NONE', 'TPC_MPOLY', 'SBX_MPOLY', 'SPC_NONE', 'SPC_NONE', 'UC_NONE', 'UC_NONE', 'SPC_NONE', 'TPC_NONE', 'SBX_MPOLY', 'TPC_MPOLY', 'UC_NONE', 'SPC_NONE', 'SPC_MPOLY', 'TPC_NONE', 'TPC_MPOLY', 'TPC_NONE', 'UC_NONE', 'TPC_NONE', 'TPC_NONE', 'UC_NONE', 'UC_NONE', 'TPC_NONE', 'UC_NONE', 'TPC_NONE', 'UC_NONE', 'TPC_NONE', 'TPC_NONE', 'UC_NONE', 'TPC_NONE', 'SPC_NONE', 'UC_NONE', 'SPC_NONE', 'SPC_NONE', 'UC_NONE', 'SPC_NONE', 'UC_NONE', 'TPC_NONE', 'SBX_MPOLY', 'SPC_NONE', 'SPC_NONE', 'SPC_NONE', 'SPC_NONE', 'SPC_NONE', 'SPC_NONE', 'UC_MPOLY', 'UC_NONE', 'SPC_NONE', 'UC_NONE', 'SPC_NONE', 'TPC_NONE', 'TPC_NONE', 'UC_NONE', 'TPC_NONE', 'SPC_NONE', 'TPC_NONE', 'UC_MPOLY', 'SBX_NONE', 'UC_NONE', 'UC_NONE', 'UC_NONE', 'TPC_NONE', 'SPC_NONE', 'SPC_NONE', 'SPC_NONE']","{'UC_MPOLY': 5, 'UC_MNUF': 1, 'TPC_MPOLY': 4, 'UC_NONE': 19, 'SBX_MPOLY': 3, 'SPC_NONE': 20, 'TPC_NONE': 16, 'SPC_MPOLY': 1, 'SBX_NONE': 1}"
10,71,SPC,NONE,0.676622200341353,0.0356111488758529,463894318.08,686766550.5076913,1074474.4,799581.8600043398,0.7415616428055476,3.222445558803688e-05,0.0,0.0,GREEDY_HV,"['SPC_MBFLIP', 'UC_MPOLY', 'UC_MNUF', 'UC_MPOLY', 'UC_MPOLY', 'TPC_MPOLY', 'UC_NONE', 'TPC_MPOLY', 'SBX_MPOLY', 'SPC_NONE', 'SPC_NONE', 'UC_NONE', 'UC_NONE', 'SPC_NONE', 'TPC_NONE', 'SBX_MPOLY', 'TPC_MPOLY', 'UC_NONE', 'SPC_NONE', 'SPC_MPOLY', 'TPC_NONE', 'TPC_MPOLY', 'TPC_NONE', 'UC_NONE', 'TPC_NONE', 'TPC_NONE', 'UC_NONE', 'UC_NONE', 'TPC_NONE', 'UC_NONE', 'TPC_NONE', 'UC_NONE', 'TPC_NONE', 'TPC_NONE', 'UC_NONE', 'TPC_NONE', 'SPC_NONE', 'UC_NONE', 'SPC_NONE', 'SPC_NONE', 'UC_NONE', 'SPC_NONE', 'UC_NONE', 'TPC_NONE', 'SBX_MPOLY', 'SPC_NONE', 'SPC_NONE', 'SPC_NONE', 'SPC_NONE', 'SPC_NONE', 'SPC_NONE', 'UC_MPOLY', 'UC_NONE', 'SPC_NONE', 'UC_NONE', 'SPC_NONE', 'TPC_NONE', 'TPC_NONE', 'UC_NONE', 'TPC_NONE', 'SPC_NONE', 'TPC_NONE', 'UC_MPOLY', 'SBX_NONE', 'UC_NONE', 'UC_NONE', 'UC_NONE', 'TPC_NONE', 'SPC_NONE', 'SPC_NONE', 'SPC_NONE', 'SPC_NONE']","{'UC_MPOLY': 5, 'UC_MNUF': 1, 'TPC_MPOLY': 4, 'UC_NONE': 19, 'SBX_MPOLY': 3, 'SPC_NONE': 21, 'TPC_NONE': 16, 'SPC_MPOLY': 1, 'SBX_NONE': 1}"
10,72,SPC,NONE,0.6770449708743649,0.0362382142747901,488147576.32,693150220.0851848,1064189.6,796926.7891799344,0.7415448458146541,-1.6796990893519492e-05,0.0,0.0,GREEDY_HV,"['SPC_MBFLIP', 'UC_MPOLY', 'UC_MNUF', 'UC_MPOLY', 'UC_MPOLY', 'TPC_MPOLY', 'UC_NONE', 'TPC_MPOLY', 'SBX_MPOLY', 'SPC_NONE', 'SPC_NONE', 'UC_NONE', 'UC_NONE', 'SPC_NONE', 'TPC_NONE', 'SBX_MPOLY', 'TPC_MPOLY', 'UC_NONE', 'SPC_NONE', 'SPC_MPOLY', 'TPC_NONE', 'TPC_MPOLY', 'TPC_NONE', 'UC_NONE', 'TPC_NONE', 'TPC_NONE', 'UC_NONE', 'UC_NONE', 'TPC_NONE', 'UC_NONE', 'TPC_NONE', 'UC_NONE', 'TPC_NONE', 'TPC_NONE', 'UC_NONE', 'TPC_NONE', 'SPC_NONE', 'UC_NONE', 'SPC_NONE', 'SPC_NONE', 'UC_NONE', 'SPC_NONE', 'UC_NONE', 'TPC_NONE', 'SBX_MPOLY', 'SPC_NONE', 'SPC_NONE', 'SPC_NONE', 'SPC_NONE', 'SPC_NONE', 'SPC_NONE', 'UC_MPOLY', 'UC_NONE', 'SPC_NONE', 'UC_NONE', 'SPC_NONE', 'TPC_NONE', 'TPC_NONE', 'UC_NONE', 'TPC_NONE', 'SPC_NONE', 'TPC_NONE', 'UC_MPOLY', 'SBX_NONE', 'UC_NONE', 'UC_NONE', 'UC_NONE', 'TPC_NONE', 'SPC_NONE', 'SPC_NONE', 'SPC_NONE', 'SPC_NONE', 'SPC_NONE']","{'UC_MPOLY': 5, 'UC_MNUF': 1, 'TPC_MPOLY': 4, 'UC_NONE': 19, 'SBX_MPOLY': 3, 'SPC_NONE': 22, 'TPC_NONE': 16, 'SPC_MPOLY': 1, 'SBX_NONE': 1}"
10,73,SPC,NONE,0.6774566194295036,0.0363974762308497,483976727.04,687547539.6985714,1095480.48,802444.5487041766,0.7415553041240192,1.0458309365080076e-05,0.0,0.0,GREEDY_HV,"['SPC_MBFLIP', 'UC_MPOLY', 'UC_MNUF', 'UC_MPOLY', 'UC_MPOLY', 'TPC_MPOLY', 'UC_NONE', 'TPC_MPOLY', 'SBX_MPOLY', 'SPC_NONE', 'SPC_NONE', 'UC_NONE', 'UC_NONE', 'SPC_NONE', 'TPC_NONE', 'SBX_MPOLY', 'TPC_MPOLY', 'UC_NONE', 'SPC_NONE', 'SPC_MPOLY', 'TPC_NONE', 'TPC_MPOLY', 'TPC_NONE', 'UC_NONE', 'TPC_NONE', 'TPC_NONE', 'UC_NONE', 'UC_NONE', 'TPC_NONE', 'UC_NONE', 'TPC_NONE', 'UC_NONE', 'TPC_NONE', 'TPC_NONE', 'UC_NONE', 'TPC_NONE', 'SPC_NONE', 'UC_NONE', 'SPC_NONE', 'SPC_NONE', 'UC_NONE', 'SPC_NONE', 'UC_NONE', 'TPC_NONE', 'SBX_MPOLY', 'SPC_NONE', 'SPC_NONE', 'SPC_NONE', 'SPC_NONE', 'SPC_NONE', 'SPC_NONE', 'UC_MPOLY', 'UC_NONE', 'SPC_NONE', 'UC_NONE', 'SPC_NONE', 'TPC_NONE', 'TPC_NONE', 'UC_NONE', 'TPC_NONE', 'SPC_NONE', 'TPC_NONE', 'UC_MPOLY', 'SBX_NONE', 'UC_NONE', 'UC_NONE', 'UC_NONE', 'TPC_NONE', 'SPC_NONE', 'SPC_NONE', 'SPC_NONE', 'SPC_NONE', 'SPC_NONE', 'SPC_NONE']","{'UC_MPOLY': 5, 'UC_MNUF': 1, 'TPC_MPOLY': 4, 'UC_NONE': 19, 'SBX_MPOLY': 3, 'SPC_NONE': 23, 'TPC_NONE': 16, 'SPC_MPOLY': 1, 'SBX_NONE': 1}"
10,74,UC,NONE,0.6762228934970672,0.0358636077944621,460692787.2,690022812.9813482,1068050.08,798474.2575848979,0.7415242243145346,-3.107980948457989e-05,0.0,0.0,GREEDY_HV,"['SPC_MBFLIP', 'UC_MPOLY', 'UC_MNUF', 'UC_MPOLY', 'UC_MPOLY', 'TPC_MPOLY', 'UC_NONE', 'TPC_MPOLY', 'SBX_MPOLY', 'SPC_NONE', 'SPC_NONE', 'UC_NONE', 'UC_NONE', 'SPC_NONE', 'TPC_NONE', 'SBX_MPOLY', 'TPC_MPOLY', 'UC_NONE', 'SPC_NONE', 'SPC_MPOLY', 'TPC_NONE', 'TPC_MPOLY', 'TPC_NONE', 'UC_NONE', 'TPC_NONE', 'TPC_NONE', 'UC_NONE', 'UC_NONE', 'TPC_NONE', 'UC_NONE', 'TPC_NONE', 'UC_NONE', 'TPC_NONE', 'TPC_NONE', 'UC_NONE', 'TPC_NONE', 'SPC_NONE', 'UC_NONE', 'SPC_NONE', 'SPC_NONE', 'UC_NONE', 'SPC_NONE', 'UC_NONE', 'TPC_NONE', 'SBX_MPOLY', 'SPC_NONE', 'SPC_NONE', 'SPC_NONE', 'SPC_NONE', 'SPC_NONE', 'SPC_NONE', 'UC_MPOLY', 'UC_NONE', 'SPC_NONE', 'UC_NONE', 'SPC_NONE', 'TPC_NONE', 'TPC_NONE', 'UC_NONE', 'TPC_NONE', 'SPC_NONE', 'TPC_NONE', 'UC_MPOLY', 'SBX_NONE', 'UC_NONE', 'UC_NONE', 'UC_NONE', 'TPC_NONE', 'SPC_NONE', 'SPC_NONE', 'SPC_NONE', 'SPC_NONE', 'SPC_NONE', 'SPC_NONE', 'UC_NONE']","{'UC_MPOLY': 5, 'UC_MNUF': 1, 'TPC_MPOLY': 4, 'UC_NONE': 20, 'SBX_MPOLY': 3, 'SPC_NONE': 23, 'TPC_NONE': 16, 'SPC_MPOLY': 1, 'SBX_NONE': 1}"
10,75,TPC,NONE,0.6767583673059697,0.0362376587633542,461894315.52,687701950.2460632,1069318.56,804200.335818387,0.7415321704948271,7.946180292539573e-06,0.0,0.0,GREEDY_HV,"['SPC_MBFLIP', 'UC_MPOLY', 'UC_MNUF', 'UC_MPOLY', 'UC_MPOLY', 'TPC_MPOLY', 'UC_NONE', 'TPC_MPOLY', 'SBX_MPOLY', 'SPC_NONE', 'SPC_NONE', 'UC_NONE', 'UC_NONE', 'SPC_NONE', 'TPC_NONE', 'SBX_MPOLY', 'TPC_MPOLY', 'UC_NONE', 'SPC_NONE', 'SPC_MPOLY', 'TPC_NONE', 'TPC_MPOLY', 'TPC_NONE', 'UC_NONE', 'TPC_NONE', 'TPC_NONE', 'UC_NONE', 'UC_NONE', 'TPC_NONE', 'UC_NONE', 'TPC_NONE', 'UC_NONE', 'TPC_NONE', 'TPC_NONE', 'UC_NONE', 'TPC_NONE', 'SPC_NONE', 'UC_NONE', 'SPC_NONE', 'SPC_NONE', 'UC_NONE', 'SPC_NONE', 'UC_NONE', 'TPC_NONE', 'SBX_MPOLY', 'SPC_NONE', 'SPC_NONE', 'SPC_NONE', 'SPC_NONE', 'SPC_NONE', 'SPC_NONE', 'UC_MPOLY', 'UC_NONE', 'SPC_NONE', 'UC_NONE', 'SPC_NONE', 'TPC_NONE', 'TPC_NONE', 'UC_NONE', 'TPC_NONE', 'SPC_NONE', 'TPC_NONE', 'UC_MPOLY', 'SBX_NONE', 'UC_NONE', 'UC_NONE', 'UC_NONE', 'TPC_NONE', 'SPC_NONE', 'SPC_NONE', 'SPC_NONE', 'SPC_NONE', 'SPC_NONE', 'SPC_NONE', 'UC_NONE', 'TPC_NONE']","{'UC_MPOLY': 5, 'UC_MNUF': 1, 'TPC_MPOLY': 4, 'UC_NONE': 20, 'SBX_MPOLY': 3, 'SPC_NONE': 23, 'TPC_NONE': 17, 'SPC_MPOLY': 1, 'SBX_NONE': 1}"
10,76,UC,MPOLY,0.6770824012570048,0.0358778025795778,463226319.36,688697295.9353474,1080367.52,806473.4349486346,0.7415238381475359,-8.332347291251097e-06,0.0,0.0,GREEDY_HV,"['SPC_MBFLIP', 'UC_MPOLY', 'UC_MNUF', 'UC_MPOLY', 'UC_MPOLY', 'TPC_MPOLY', 'UC_NONE', 'TPC_MPOLY', 'SBX_MPOLY', 'SPC_NONE', 'SPC_NONE', 'UC_NONE', 'UC_NONE', 'SPC_NONE', 'TPC_NONE', 'SBX_MPOLY', 'TPC_MPOLY', 'UC_NONE', 'SPC_NONE', 'SPC_MPOLY', 'TPC_NONE', 'TPC_MPOLY', 'TPC_NONE', 'UC_NONE', 'TPC_NONE', 'TPC_NONE', 'UC_NONE', 'UC_NONE', 'TPC_NONE', 'UC_NONE', 'TPC_NONE', 'UC_NONE', 'TPC_NONE', 'TPC_NONE', 'UC_NONE', 'TPC_NONE', 'SPC_NONE', 'UC_NONE', 'SPC_NONE', 'SPC_NONE', 'UC_NONE', 'SPC_NONE', 'UC_NONE', 'TPC_NONE', 'SBX_MPOLY', 'SPC_NONE', 'SPC_NONE', 'SPC_NONE', 'SPC_NONE', 'SPC_NONE', 'SPC_NONE', 'UC_MPOLY', 'UC_NONE', 'SPC_NONE', 'UC_NONE', 'SPC_NONE', 'TPC_NONE', 'TPC_NONE', 'UC_NONE', 'TPC_NONE', 'SPC_NONE', 'TPC_NONE', 'UC_MPOLY', 'SBX_NONE', 'UC_NONE', 'UC_NONE', 'UC_NONE', 'TPC_NONE', 'SPC_NONE', 'SPC_NONE', 'SPC_NONE', 'SPC_NONE', 'SPC_NONE', 'SPC_NONE', 'UC_NONE', 'TPC_NONE', 'UC_MPOLY']","{'UC_MPOLY': 6, 'UC_MNUF': 1, 'TPC_MPOLY': 4, 'UC_NONE': 20, 'SBX_MPOLY': 3, 'SPC_NONE': 23, 'TPC_NONE': 17, 'SPC_MPOLY': 1, 'SBX_NONE': 1}"
10,77,UC,NONE,0.6764510571092737,0.0370171109419055,467208865.28,689053540.5115302,1077458.08,810782.081163708,0.7415692384474023,4.540029986643823e-05,0.0,0.0,GREEDY_HV,"['SPC_MBFLIP', 'UC_MPOLY', 'UC_MNUF', 'UC_MPOLY', 'UC_MPOLY', 'TPC_MPOLY', 'UC_NONE', 'TPC_MPOLY', 'SBX_MPOLY', 'SPC_NONE', 'SPC_NONE', 'UC_NONE', 'UC_NONE', 'SPC_NONE', 'TPC_NONE', 'SBX_MPOLY', 'TPC_MPOLY', 'UC_NONE', 'SPC_NONE', 'SPC_MPOLY', 'TPC_NONE', 'TPC_MPOLY', 'TPC_NONE', 'UC_NONE', 'TPC_NONE', 'TPC_NONE', 'UC_NONE', 'UC_NONE', 'TPC_NONE', 'UC_NONE', 'TPC_NONE', 'UC_NONE', 'TPC_NONE', 'TPC_NONE', 'UC_NONE', 'TPC_NONE', 'SPC_NONE', 'UC_NONE', 'SPC_NONE', 'SPC_NONE', 'UC_NONE', 'SPC_NONE', 'UC_NONE', 'TPC_NONE', 'SBX_MPOLY', 'SPC_NONE', 'SPC_NONE', 'SPC_NONE', 'SPC_NONE', 'SPC_NONE', 'SPC_NONE', 'UC_MPOLY', 'UC_NONE', 'SPC_NONE', 'UC_NONE', 'SPC_NONE', 'TPC_NONE', 'TPC_NONE', 'UC_NONE', 'TPC_NONE', 'SPC_NONE', 'TPC_NONE', 'UC_MPOLY', 'SBX_NONE', 'UC_NONE', 'UC_NONE', 'UC_NONE', 'TPC_NONE', 'SPC_NONE', 'SPC_NONE', 'SPC_NONE', 'SPC_NONE', 'SPC_NONE', 'SPC_NONE', 'UC_NONE', 'TPC_NONE', 'UC_MPOLY', 'UC_NONE']","{'UC_MPOLY': 6, 'UC_MNUF': 1, 'TPC_MPOLY': 4, 'UC_NONE': 21, 'SBX_MPOLY': 3, 'SPC_NONE': 23, 'TPC_NONE': 17, 'SPC_MPOLY': 1, 'SBX_NONE': 1}"
10,78,TPC,NONE,0.6764119164701755,0.0379187988054818,476237895.68,691107482.0407503,1104079.52,828157.195513273,0.7415547926328651,-1.4445814537245028e-05,0.0,0.0,GREEDY_HV,"['SPC_MBFLIP', 'UC_MPOLY', 'UC_MNUF', 'UC_MPOLY', 'UC_MPOLY', 'TPC_MPOLY', 'UC_NONE', 'TPC_MPOLY', 'SBX_MPOLY', 'SPC_NONE', 'SPC_NONE', 'UC_NONE', 'UC_NONE', 'SPC_NONE', 'TPC_NONE', 'SBX_MPOLY', 'TPC_MPOLY', 'UC_NONE', 'SPC_NONE', 'SPC_MPOLY', 'TPC_NONE', 'TPC_MPOLY', 'TPC_NONE', 'UC_NONE', 'TPC_NONE', 'TPC_NONE', 'UC_NONE', 'UC_NONE', 'TPC_NONE', 'UC_NONE', 'TPC_NONE', 'UC_NONE', 'TPC_NONE', 'TPC_NONE', 'UC_NONE', 'TPC_NONE', 'SPC_NONE', 'UC_NONE', 'SPC_NONE', 'SPC_NONE', 'UC_NONE', 'SPC_NONE', 'UC_NONE', 'TPC_NONE', 'SBX_MPOLY', 'SPC_NONE', 'SPC_NONE', 'SPC_NONE', 'SPC_NONE', 'SPC_NONE', 'SPC_NONE', 'UC_MPOLY', 'UC_NONE', 'SPC_NONE', 'UC_NONE', 'SPC_NONE', 'TPC_NONE', 'TPC_NONE', 'UC_NONE', 'TPC_NONE', 'SPC_NONE', 'TPC_NONE', 'UC_MPOLY', 'SBX_NONE', 'UC_NONE', 'UC_NONE', 'UC_NONE', 'TPC_NONE', 'SPC_NONE', 'SPC_NONE', 'SPC_NONE', 'SPC_NONE', 'SPC_NONE', 'SPC_NONE', 'UC_NONE', 'TPC_NONE', 'UC_MPOLY', 'UC_NONE', 'TPC_NONE']","{'UC_MPOLY': 6, 'UC_MNUF': 1, 'TPC_MPOLY': 4, 'UC_NONE': 21, 'SBX_MPOLY': 3, 'SPC_NONE': 23, 'TPC_NONE': 18, 'SPC_MPOLY': 1, 'SBX_NONE': 1}"
10,79,TPC,NONE,0.6763888875919651,0.0381951247997076,491514270.72,694399727.0975814,1092427.68,817718.2981485357,0.7415527358151661,-2.05681769893662e-06,0.0,0.0,GREEDY_HV,"['SPC_MBFLIP', 'UC_MPOLY', 'UC_MNUF', 'UC_MPOLY', 'UC_MPOLY', 'TPC_MPOLY', 'UC_NONE', 'TPC_MPOLY', 'SBX_MPOLY', 'SPC_NONE', 'SPC_NONE', 'UC_NONE', 'UC_NONE', 'SPC_NONE', 'TPC_NONE', 'SBX_MPOLY', 'TPC_MPOLY', 'UC_NONE', 'SPC_NONE', 'SPC_MPOLY', 'TPC_NONE', 'TPC_MPOLY', 'TPC_NONE', 'UC_NONE', 'TPC_NONE', 'TPC_NONE', 'UC_NONE', 'UC_NONE', 'TPC_NONE', 'UC_NONE', 'TPC_NONE', 'UC_NONE', 'TPC_NONE', 'TPC_NONE', 'UC_NONE', 'TPC_NONE', 'SPC_NONE', 'UC_NONE', 'SPC_NONE', 'SPC_NONE', 'UC_NONE', 'SPC_NONE', 'UC_NONE', 'TPC_NONE', 'SBX_MPOLY', 'SPC_NONE', 'SPC_NONE', 'SPC_NONE', 'SPC_NONE', 'SPC_NONE', 'SPC_NONE', 'UC_MPOLY', 'UC_NONE', 'SPC_NONE', 'UC_NONE', 'SPC_NONE', 'TPC_NONE', 'TPC_NONE', 'UC_NONE', 'TPC_NONE', 'SPC_NONE', 'TPC_NONE', 'UC_MPOLY', 'SBX_NONE', 'UC_NONE', 'UC_NONE', 'UC_NONE', 'TPC_NONE', 'SPC_NONE', 'SPC_NONE', 'SPC_NONE', 'SPC_NONE', 'SPC_NONE', 'SPC_NONE', 'UC_NONE', 'TPC_NONE', 'UC_MPOLY', 'UC_NONE', 'TPC_NONE', 'TPC_NONE']","{'UC_MPOLY': 6, 'UC_MNUF': 1, 'TPC_MPOLY': 4, 'UC_NONE': 21, 'SBX_MPOLY': 3, 'SPC_NONE': 23, 'TPC_NONE': 19, 'SPC_MPOLY': 1, 'SBX_NONE': 1}"
10,80,SPC,NONE,0.67600097355888,0.0387441159877762,488918817.28,695049991.4816989,1100551.84,823839.5502383545,0.7415754210497756,2.268523460946525e-05,0.0,0.0,GREEDY_HV,"['SPC_MBFLIP', 'UC_MPOLY', 'UC_MNUF', 'UC_MPOLY', 'UC_MPOLY', 'TPC_MPOLY', 'UC_NONE', 'TPC_MPOLY', 'SBX_MPOLY', 'SPC_NONE', 'SPC_NONE', 'UC_NONE', 'UC_NONE', 'SPC_NONE', 'TPC_NONE', 'SBX_MPOLY', 'TPC_MPOLY', 'UC_NONE', 'SPC_NONE', 'SPC_MPOLY', 'TPC_NONE', 'TPC_MPOLY', 'TPC_NONE', 'UC_NONE', 'TPC_NONE', 'TPC_NONE', 'UC_NONE', 'UC_NONE', 'TPC_NONE', 'UC_NONE', 'TPC_NONE', 'UC_NONE', 'TPC_NONE', 'TPC_NONE', 'UC_NONE', 'TPC_NONE', 'SPC_NONE', 'UC_NONE', 'SPC_NONE', 'SPC_NONE', 'UC_NONE', 'SPC_NONE', 'UC_NONE', 'TPC_NONE', 'SBX_MPOLY', 'SPC_NONE', 'SPC_NONE', 'SPC_NONE', 'SPC_NONE', 'SPC_NONE', 'SPC_NONE', 'UC_MPOLY', 'UC_NONE', 'SPC_NONE', 'UC_NONE', 'SPC_NONE', 'TPC_NONE', 'TPC_NONE', 'UC_NONE', 'TPC_NONE', 'SPC_NONE', 'TPC_NONE', 'UC_MPOLY', 'SBX_NONE', 'UC_NONE', 'UC_NONE', 'UC_NONE', 'TPC_NONE', 'SPC_NONE', 'SPC_NONE', 'SPC_NONE', 'SPC_NONE', 'SPC_NONE', 'SPC_NONE', 'UC_NONE', 'TPC_NONE', 'UC_MPOLY', 'UC_NONE', 'TPC_NONE', 'TPC_NONE', 'SPC_NONE']","{'UC_MPOLY': 6, 'UC_MNUF': 1, 'TPC_MPOLY': 4, 'UC_NONE': 21, 'SBX_MPOLY': 3, 'SPC_NONE': 24, 'TPC_NONE': 19, 'SPC_MPOLY': 1, 'SBX_NONE': 1}"
10,81,TPC,NONE,0.6742065252336837,0.0382041189051741,470306949.12,691805022.2592002,1047515.04,822723.9585321181,0.7415584054648038,-1.7015584971802333e-05,0.0,0.0,GREEDY_HV,"['SPC_MBFLIP', 'UC_MPOLY', 'UC_MNUF', 'UC_MPOLY', 'UC_MPOLY', 'TPC_MPOLY', 'UC_NONE', 'TPC_MPOLY', 'SBX_MPOLY', 'SPC_NONE', 'SPC_NONE', 'UC_NONE', 'UC_NONE', 'SPC_NONE', 'TPC_NONE', 'SBX_MPOLY', 'TPC_MPOLY', 'UC_NONE', 'SPC_NONE', 'SPC_MPOLY', 'TPC_NONE', 'TPC_MPOLY', 'TPC_NONE', 'UC_NONE', 'TPC_NONE', 'TPC_NONE', 'UC_NONE', 'UC_NONE', 'TPC_NONE', 'UC_NONE', 'TPC_NONE', 'UC_NONE', 'TPC_NONE', 'TPC_NONE', 'UC_NONE', 'TPC_NONE', 'SPC_NONE', 'UC_NONE', 'SPC_NONE', 'SPC_NONE', 'UC_NONE', 'SPC_NONE', 'UC_NONE', 'TPC_NONE', 'SBX_MPOLY', 'SPC_NONE', 'SPC_NONE', 'SPC_NONE', 'SPC_NONE', 'SPC_NONE', 'SPC_NONE', 'UC_MPOLY', 'UC_NONE', 'SPC_NONE', 'UC_NONE', 'SPC_NONE', 'TPC_NONE', 'TPC_NONE', 'UC_NONE', 'TPC_NONE', 'SPC_NONE', 'TPC_NONE', 'UC_MPOLY', 'SBX_NONE', 'UC_NONE', 'UC_NONE', 'UC_NONE', 'TPC_NONE', 'SPC_NONE', 'SPC_NONE', 'SPC_NONE', 'SPC_NONE', 'SPC_NONE', 'SPC_NONE', 'UC_NONE', 'TPC_NONE', 'UC_MPOLY', 'UC_NONE', 'TPC_NONE', 'TPC_NONE', 'SPC_NONE', 'TPC_NONE']","{'UC_MPOLY': 6, 'UC_MNUF': 1, 'TPC_MPOLY': 4, 'UC_NONE': 21, 'SBX_MPOLY': 3, 'SPC_NONE': 24, 'TPC_NONE': 20, 'SPC_MPOLY': 1, 'SBX_NONE': 1}"
10,82,TPC,NONE,0.6756445177559044,0.0383478128301505,483654144.0,694974641.837029,1085977.76,824199.8146780321,0.7415210338979438,-3.737156686001164e-05,0.0,0.0,GREEDY_HV,"['SPC_MBFLIP', 'UC_MPOLY', 'UC_MNUF', 'UC_MPOLY', 'UC_MPOLY', 'TPC_MPOLY', 'UC_NONE', 'TPC_MPOLY', 'SBX_MPOLY', 'SPC_NONE', 'SPC_NONE', 'UC_NONE', 'UC_NONE', 'SPC_NONE', 'TPC_NONE', 'SBX_MPOLY', 'TPC_MPOLY', 'UC_NONE', 'SPC_NONE', 'SPC_MPOLY', 'TPC_NONE', 'TPC_MPOLY', 'TPC_NONE', 'UC_NONE', 'TPC_NONE', 'TPC_NONE', 'UC_NONE', 'UC_NONE', 'TPC_NONE', 'UC_NONE', 'TPC_NONE', 'UC_NONE', 'TPC_NONE', 'TPC_NONE', 'UC_NONE', 'TPC_NONE', 'SPC_NONE', 'UC_NONE', 'SPC_NONE', 'SPC_NONE', 'UC_NONE', 'SPC_NONE', 'UC_NONE', 'TPC_NONE', 'SBX_MPOLY', 'SPC_NONE', 'SPC_NONE', 'SPC_NONE', 'SPC_NONE', 'SPC_NONE', 'SPC_NONE', 'UC_MPOLY', 'UC_NONE', 'SPC_NONE', 'UC_NONE', 'SPC_NONE', 'TPC_NONE', 'TPC_NONE', 'UC_NONE', 'TPC_NONE', 'SPC_NONE', 'TPC_NONE', 'UC_MPOLY', 'SBX_NONE', 'UC_NONE', 'UC_NONE', 'UC_NONE', 'TPC_NONE', 'SPC_NONE', 'SPC_NONE', 'SPC_NONE', 'SPC_NONE', 'SPC_NONE', 'SPC_NONE', 'UC_NONE', 'TPC_NONE', 'UC_MPOLY', 'UC_NONE', 'TPC_NONE', 'TPC_NONE', 'SPC_NONE', 'TPC_NONE', 'TPC_NONE']","{'UC_MPOLY': 6, 'UC_MNUF': 1, 'TPC_MPOLY': 4, 'UC_NONE': 21, 'SBX_MPOLY': 3, 'SPC_NONE': 24, 'TPC_NONE': 21, 'SPC_MPOLY': 1, 'SBX_NONE': 1}"
10,83,SPC,MPOLY,0.6755692959964723,0.0381948015060282,482198233.6,696440587.8846856,1078334.88,821436.5912726469,0.7415273612292826,6.327331338873421e-06,0.0,0.005,GREEDY_HV,"['SPC_MBFLIP', 'UC_MPOLY', 'UC_MNUF', 'UC_MPOLY', 'UC_MPOLY', 'TPC_MPOLY', 'UC_NONE', 'TPC_MPOLY', 'SBX_MPOLY', 'SPC_NONE', 'SPC_NONE', 'UC_NONE', 'UC_NONE', 'SPC_NONE', 'TPC_NONE', 'SBX_MPOLY', 'TPC_MPOLY', 'UC_NONE', 'SPC_NONE', 'SPC_MPOLY', 'TPC_NONE', 'TPC_MPOLY', 'TPC_NONE', 'UC_NONE', 'TPC_NONE', 'TPC_NONE', 'UC_NONE', 'UC_NONE', 'TPC_NONE', 'UC_NONE', 'TPC_NONE', 'UC_NONE', 'TPC_NONE', 'TPC_NONE', 'UC_NONE', 'TPC_NONE', 'SPC_NONE', 'UC_NONE', 'SPC_NONE', 'SPC_NONE', 'UC_NONE', 'SPC_NONE', 'UC_NONE', 'TPC_NONE', 'SBX_MPOLY', 'SPC_NONE', 'SPC_NONE', 'SPC_NONE', 'SPC_NONE', 'SPC_NONE', 'SPC_NONE', 'UC_MPOLY', 'UC_NONE', 'SPC_NONE', 'UC_NONE', 'SPC_NONE', 'TPC_NONE', 'TPC_NONE', 'UC_NONE', 'TPC_NONE', 'SPC_NONE', 'TPC_NONE', 'UC_MPOLY', 'SBX_NONE', 'UC_NONE', 'UC_NONE', 'UC_NONE', 'TPC_NONE', 'SPC_NONE', 'SPC_NONE', 'SPC_NONE', 'SPC_NONE', 'SPC_NONE', 'SPC_NONE', 'UC_NONE', 'TPC_NONE', 'UC_MPOLY', 'UC_NONE', 'TPC_NONE', 'TPC_NONE', 'SPC_NONE', 'TPC_NONE', 'TPC_NONE', 'SPC_MPOLY']","{'UC_MPOLY': 6, 'UC_MNUF': 1, 'TPC_MPOLY': 4, 'UC_NONE': 21, 'SBX_MPOLY': 3, 'SPC_NONE': 24, 'TPC_NONE': 21, 'SPC_MPOLY': 2, 'SBX_NONE': 1}"
10,84,SPC,NONE,0.6778820739531233,0.0384799527152505,498098944.0,687840059.843103,1120862.88,808258.287946338,0.7415527377184729,2.537648919020974e-05,0.0,0.0,GREEDY_HV,"['SPC_MBFLIP', 'UC_MPOLY', 'UC_MNUF', 'UC_MPOLY', 'UC_MPOLY', 'TPC_MPOLY', 'UC_NONE', 'TPC_MPOLY', 'SBX_MPOLY', 'SPC_NONE', 'SPC_NONE', 'UC_NONE', 'UC_NONE', 'SPC_NONE', 'TPC_NONE', 'SBX_MPOLY', 'TPC_MPOLY', 'UC_NONE', 'SPC_NONE', 'SPC_MPOLY', 'TPC_NONE', 'TPC_MPOLY', 'TPC_NONE', 'UC_NONE', 'TPC_NONE', 'TPC_NONE', 'UC_NONE', 'UC_NONE', 'TPC_NONE', 'UC_NONE', 'TPC_NONE', 'UC_NONE', 'TPC_NONE', 'TPC_NONE', 'UC_NONE', 'TPC_NONE', 'SPC_NONE', 'UC_NONE', 'SPC_NONE', 'SPC_NONE', 'UC_NONE', 'SPC_NONE', 'UC_NONE', 'TPC_NONE', 'SBX_MPOLY', 'SPC_NONE', 'SPC_NONE', 'SPC_NONE', 'SPC_NONE', 'SPC_NONE', 'SPC_NONE', 'UC_MPOLY', 'UC_NONE', 'SPC_NONE', 'UC_NONE', 'SPC_NONE', 'TPC_NONE', 'TPC_NONE', 'UC_NONE', 'TPC_NONE', 'SPC_NONE', 'TPC_NONE', 'UC_MPOLY', 'SBX_NONE', 'UC_NONE', 'UC_NONE', 'UC_NONE', 'TPC_NONE', 'SPC_NONE', 'SPC_NONE', 'SPC_NONE', 'SPC_NONE', 'SPC_NONE', 'SPC_NONE', 'UC_NONE', 'TPC_NONE', 'UC_MPOLY', 'UC_NONE', 'TPC_NONE', 'TPC_NONE', 'SPC_NONE', 'TPC_NONE', 'TPC_NONE', 'SPC_MPOLY', 'SPC_NONE']","{'UC_MPOLY': 6, 'UC_MNUF': 1, 'TPC_MPOLY': 4, 'UC_NONE': 21, 'SBX_MPOLY': 3, 'SPC_NONE': 25, 'TPC_NONE': 21, 'SPC_MPOLY': 2, 'SBX_NONE': 1}"
10,85,SPC,NONE,0.6770286597472827,0.0385524240177379,491622210.56,692491054.2212662,1101744.8,815308.2522982338,0.7415535563666532,8.186481803562629e-07,0.0,0.0,GREEDY_HV,"['SPC_MBFLIP', 'UC_MPOLY', 'UC_MNUF', 'UC_MPOLY', 'UC_MPOLY', 'TPC_MPOLY', 'UC_NONE', 'TPC_MPOLY', 'SBX_MPOLY', 'SPC_NONE', 'SPC_NONE', 'UC_NONE', 'UC_NONE', 'SPC_NONE', 'TPC_NONE', 'SBX_MPOLY', 'TPC_MPOLY', 'UC_NONE', 'SPC_NONE', 'SPC_MPOLY', 'TPC_NONE', 'TPC_MPOLY', 'TPC_NONE', 'UC_NONE', 'TPC_NONE', 'TPC_NONE', 'UC_NONE', 'UC_NONE', 'TPC_NONE', 'UC_NONE', 'TPC_NONE', 'UC_NONE', 'TPC_NONE', 'TPC_NONE', 'UC_NONE', 'TPC_NONE', 'SPC_NONE', 'UC_NONE', 'SPC_NONE', 'SPC_NONE', 'UC_NONE', 'SPC_NONE', 'UC_NONE', 'TPC_NONE', 'SBX_MPOLY', 'SPC_NONE', 'SPC_NONE', 'SPC_NONE', 'SPC_NONE', 'SPC_NONE', 'SPC_NONE', 'UC_MPOLY', 'UC_NONE', 'SPC_NONE', 'UC_NONE', 'SPC_NONE', 'TPC_NONE', 'TPC_NONE', 'UC_NONE', 'TPC_NONE', 'SPC_NONE', 'TPC_NONE', 'UC_MPOLY', 'SBX_NONE', 'UC_NONE', 'UC_NONE', 'UC_NONE', 'TPC_NONE', 'SPC_NONE', 'SPC_NONE', 'SPC_NONE', 'SPC_NONE', 'SPC_NONE', 'SPC_NONE', 'UC_NONE', 'TPC_NONE', 'UC_MPOLY', 'UC_NONE', 'TPC_NONE', 'TPC_NONE', 'SPC_NONE', 'TPC_NONE', 'TPC_NONE', 'SPC_MPOLY', 'SPC_NONE', 'SPC_NONE']","{'UC_MPOLY': 6, 'UC_MNUF': 1, 'TPC_MPOLY': 4, 'UC_NONE': 21, 'SBX_MPOLY': 3, 'SPC_NONE': 26, 'TPC_NONE': 21, 'SPC_MPOLY': 2, 'SBX_NONE': 1}"
10,86,UC,NONE,0.6756721701702937,0.0384119088360226,471040611.84,690744945.1924828,1076473.76,814276.7800520549,0.7415700333964179,1.6477029764705442e-05,0.0,0.0,GREEDY_HV,"['SPC_MBFLIP', 'UC_MPOLY', 'UC_MNUF', 'UC_MPOLY', 'UC_MPOLY', 'TPC_MPOLY', 'UC_NONE', 'TPC_MPOLY', 'SBX_MPOLY', 'SPC_NONE', 'SPC_NONE', 'UC_NONE', 'UC_NONE', 'SPC_NONE', 'TPC_NONE', 'SBX_MPOLY', 'TPC_MPOLY', 'UC_NONE', 'SPC_NONE', 'SPC_MPOLY', 'TPC_NONE', 'TPC_MPOLY', 'TPC_NONE', 'UC_NONE', 'TPC_NONE', 'TPC_NONE', 'UC_NONE', 'UC_NONE', 'TPC_NONE', 'UC_NONE', 'TPC_NONE', 'UC_NONE', 'TPC_NONE', 'TPC_NONE', 'UC_NONE', 'TPC_NONE', 'SPC_NONE', 'UC_NONE', 'SPC_NONE', 'SPC_NONE', 'UC_NONE', 'SPC_NONE', 'UC_NONE', 'TPC_NONE', 'SBX_MPOLY', 'SPC_NONE', 'SPC_NONE', 'SPC_NONE', 'SPC_NONE', 'SPC_NONE', 'SPC_NONE', 'UC_MPOLY', 'UC_NONE', 'SPC_NONE', 'UC_NONE', 'SPC_NONE', 'TPC_NONE', 'TPC_NONE', 'UC_NONE', 'TPC_NONE', 'SPC_NONE', 'TPC_NONE', 'UC_MPOLY', 'SBX_NONE', 'UC_NONE', 'UC_NONE', 'UC_NONE', 'TPC_NONE', 'SPC_NONE', 'SPC_NONE', 'SPC_NONE', 'SPC_NONE', 'SPC_NONE', 'SPC_NONE', 'UC_NONE', 'TPC_NONE', 'UC_MPOLY', 'UC_NONE', 'TPC_NONE', 'TPC_NONE', 'SPC_NONE', 'TPC_NONE', 'TPC_NONE', 'SPC_MPOLY', 'SPC_NONE', 'SPC_NONE', 'UC_NONE']","{'UC_MPOLY': 6, 'UC_MNUF': 1, 'TPC_MPOLY': 4, 'UC_NONE': 22, 'SBX_MPOLY': 3, 'SPC_NONE': 26, 'TPC_NONE': 21, 'SPC_MPOLY': 2, 'SBX_NONE': 1}"
10,87,UC,NONE,0.676094741247627,0.0386953552461348,478606080.0,692971780.5057558,1101527.2,821095.8520408688,0.7415605028086374,-9.53058778052629e-06,0.0,0.0,GREEDY_HV,"['SPC_MBFLIP', 'UC_MPOLY', 'UC_MNUF', 'UC_MPOLY', 'UC_MPOLY', 'TPC_MPOLY', 'UC_NONE', 'TPC_MPOLY', 'SBX_MPOLY', 'SPC_NONE', 'SPC_NONE', 'UC_NONE', 'UC_NONE', 'SPC_NONE', 'TPC_NONE', 'SBX_MPOLY', 'TPC_MPOLY', 'UC_NONE', 'SPC_NONE', 'SPC_MPOLY', 'TPC_NONE', 'TPC_MPOLY', 'TPC_NONE', 'UC_NONE', 'TPC_NONE', 'TPC_NONE', 'UC_NONE', 'UC_NONE', 'TPC_NONE', 'UC_NONE', 'TPC_NONE', 'UC_NONE', 'TPC_NONE', 'TPC_NONE', 'UC_NONE', 'TPC_NONE', 'SPC_NONE', 'UC_NONE', 'SPC_NONE', 'SPC_NONE', 'UC_NONE', 'SPC_NONE', 'UC_NONE', 'TPC_NONE', 'SBX_MPOLY', 'SPC_NONE', 'SPC_NONE', 'SPC_NONE', 'SPC_NONE', 'SPC_NONE', 'SPC_NONE', 'UC_MPOLY', 'UC_NONE', 'SPC_NONE', 'UC_NONE', 'SPC_NONE', 'TPC_NONE', 'TPC_NONE', 'UC_NONE', 'TPC_NONE', 'SPC_NONE', 'TPC_NONE', 'UC_MPOLY', 'SBX_NONE', 'UC_NONE', 'UC_NONE', 'UC_NONE', 'TPC_NONE', 'SPC_NONE', 'SPC_NONE', 'SPC_NONE', 'SPC_NONE', 'SPC_NONE', 'SPC_NONE', 'UC_NONE', 'TPC_NONE', 'UC_MPOLY', 'UC_NONE', 'TPC_NONE', 'TPC_NONE', 'SPC_NONE', 'TPC_NONE', 'TPC_NONE', 'SPC_MPOLY', 'SPC_NONE', 'SPC_NONE', 'UC_NONE', 'UC_NONE']","{'UC_MPOLY': 6, 'UC_MNUF': 1, 'TPC_MPOLY': 4, 'UC_NONE': 23, 'SBX_MPOLY': 3, 'SPC_NONE': 26, 'TPC_NONE': 21, 'SPC_MPOLY': 2, 'SBX_NONE': 1}"
10,88,UC,NONE,0.6763376188038589,0.0391132991107163,475776609.28,686576307.0726146,1123909.28,825829.4861202051,0.7415747998051024,1.429699646504634e-05,0.0,0.0,GREEDY_HV,"['SPC_MBFLIP', 'UC_MPOLY', 'UC_MNUF', 'UC_MPOLY', 'UC_MPOLY', 'TPC_MPOLY', 'UC_NONE', 'TPC_MPOLY', 'SBX_MPOLY', 'SPC_NONE', 'SPC_NONE', 'UC_NONE', 'UC_NONE', 'SPC_NONE', 'TPC_NONE', 'SBX_MPOLY', 'TPC_MPOLY', 'UC_NONE', 'SPC_NONE', 'SPC_MPOLY', 'TPC_NONE', 'TPC_MPOLY', 'TPC_NONE', 'UC_NONE', 'TPC_NONE', 'TPC_NONE', 'UC_NONE', 'UC_NONE', 'TPC_NONE', 'UC_NONE', 'TPC_NONE', 'UC_NONE', 'TPC_NONE', 'TPC_NONE', 'UC_NONE', 'TPC_NONE', 'SPC_NONE', 'UC_NONE', 'SPC_NONE', 'SPC_NONE', 'UC_NONE', 'SPC_NONE', 'UC_NONE', 'TPC_NONE', 'SBX_MPOLY', 'SPC_NONE', 'SPC_NONE', 'SPC_NONE', 'SPC_NONE', 'SPC_NONE', 'SPC_NONE', 'UC_MPOLY', 'UC_NONE', 'SPC_NONE', 'UC_NONE', 'SPC_NONE', 'TPC_NONE', 'TPC_NONE', 'UC_NONE', 'TPC_NONE', 'SPC_NONE', 'TPC_NONE', 'UC_MPOLY', 'SBX_NONE', 'UC_NONE', 'UC_NONE', 'UC_NONE', 'TPC_NONE', 'SPC_NONE', 'SPC_NONE', 'SPC_NONE', 'SPC_NONE', 'SPC_NONE', 'SPC_NONE', 'UC_NONE', 'TPC_NONE', 'UC_MPOLY', 'UC_NONE', 'TPC_NONE', 'TPC_NONE', 'SPC_NONE', 'TPC_NONE', 'TPC_NONE', 'SPC_MPOLY', 'SPC_NONE', 'SPC_NONE', 'UC_NONE', 'UC_NONE', 'UC_NONE']","{'UC_MPOLY': 6, 'UC_MNUF': 1, 'TPC_MPOLY': 4, 'UC_NONE': 24, 'SBX_MPOLY': 3, 'SPC_NONE': 26, 'TPC_NONE': 21, 'SPC_MPOLY': 2, 'SBX_NONE': 1}"
10,89,UC,NONE,0.6775995438542721,0.0387927777478775,490408373.76,687835026.1037273,1126113.44,812454.8573619622,0.7415476122908211,-2.718751428132382e-05,0.0,0.0,GREEDY_HV,"['SPC_MBFLIP', 'UC_MPOLY', 'UC_MNUF', 'UC_MPOLY', 'UC_MPOLY', 'TPC_MPOLY', 'UC_NONE', 'TPC_MPOLY', 'SBX_MPOLY', 'SPC_NONE', 'SPC_NONE', 'UC_NONE', 'UC_NONE', 'SPC_NONE', 'TPC_NONE', 'SBX_MPOLY', 'TPC_MPOLY', 'UC_NONE', 'SPC_NONE', 'SPC_MPOLY', 'TPC_NONE', 'TPC_MPOLY', 'TPC_NONE', 'UC_NONE', 'TPC_NONE', 'TPC_NONE', 'UC_NONE', 'UC_NONE', 'TPC_NONE', 'UC_NONE', 'TPC_NONE', 'UC_NONE', 'TPC_NONE', 'TPC_NONE', 'UC_NONE', 'TPC_NONE', 'SPC_NONE', 'UC_NONE', 'SPC_NONE', 'SPC_NONE', 'UC_NONE', 'SPC_NONE', 'UC_NONE', 'TPC_NONE', 'SBX_MPOLY', 'SPC_NONE', 'SPC_NONE', 'SPC_NONE', 'SPC_NONE', 'SPC_NONE', 'SPC_NONE', 'UC_MPOLY', 'UC_NONE', 'SPC_NONE', 'UC_NONE', 'SPC_NONE', 'TPC_NONE', 'TPC_NONE', 'UC_NONE', 'TPC_NONE', 'SPC_NONE', 'TPC_NONE', 'UC_MPOLY', 'SBX_NONE', 'UC_NONE', 'UC_NONE', 'UC_NONE', 'TPC_NONE', 'SPC_NONE', 'SPC_NONE', 'SPC_NONE', 'SPC_NONE', 'SPC_NONE', 'SPC_NONE', 'UC_NONE', 'TPC_NONE', 'UC_MPOLY', 'UC_NONE', 'TPC_NONE', 'TPC_NONE', 'SPC_NONE', 'TPC_NONE', 'TPC_NONE', 'SPC_MPOLY', 'SPC_NONE', 'SPC_NONE', 'UC_NONE', 'UC_NONE', 'UC_NONE', 'UC_NONE']","{'UC_MPOLY': 6, 'UC_MNUF': 1, 'TPC_MPOLY': 4, 'UC_NONE': 25, 'SBX_MPOLY': 3, 'SPC_NONE': 26, 'TPC_NONE': 21, 'SPC_MPOLY': 2, 'SBX_NONE': 1}"
10,90,TPC,NONE,0.6779521116080509,0.0380196770360013,478830210.56,687755925.2459638,1127928.48,809653.4039306012,0.741541188318076,-6.423972745084328e-06,0.0,0.0,GREEDY_HV,"['SPC_MBFLIP', 'UC_MPOLY', 'UC_MNUF', 'UC_MPOLY', 'UC_MPOLY', 'TPC_MPOLY', 'UC_NONE', 'TPC_MPOLY', 'SBX_MPOLY', 'SPC_NONE', 'SPC_NONE', 'UC_NONE', 'UC_NONE', 'SPC_NONE', 'TPC_NONE', 'SBX_MPOLY', 'TPC_MPOLY', 'UC_NONE', 'SPC_NONE', 'SPC_MPOLY', 'TPC_NONE', 'TPC_MPOLY', 'TPC_NONE', 'UC_NONE', 'TPC_NONE', 'TPC_NONE', 'UC_NONE', 'UC_NONE', 'TPC_NONE', 'UC_NONE', 'TPC_NONE', 'UC_NONE', 'TPC_NONE', 'TPC_NONE', 'UC_NONE', 'TPC_NONE', 'SPC_NONE', 'UC_NONE', 'SPC_NONE', 'SPC_NONE', 'UC_NONE', 'SPC_NONE', 'UC_NONE', 'TPC_NONE', 'SBX_MPOLY', 'SPC_NONE', 'SPC_NONE', 'SPC_NONE', 'SPC_NONE', 'SPC_NONE', 'SPC_NONE', 'UC_MPOLY', 'UC_NONE', 'SPC_NONE', 'UC_NONE', 'SPC_NONE', 'TPC_NONE', 'TPC_NONE', 'UC_NONE', 'TPC_NONE', 'SPC_NONE', 'TPC_NONE', 'UC_MPOLY', 'SBX_NONE', 'UC_NONE', 'UC_NONE', 'UC_NONE', 'TPC_NONE', 'SPC_NONE', 'SPC_NONE', 'SPC_NONE', 'SPC_NONE', 'SPC_NONE', 'SPC_NONE', 'UC_NONE', 'TPC_NONE', 'UC_MPOLY', 'UC_NONE', 'TPC_NONE', 'TPC_NONE', 'SPC_NONE', 'TPC_NONE', 'TPC_NONE', 'SPC_MPOLY', 'SPC_NONE', 'SPC_NONE', 'UC_NONE', 'UC_NONE', 'UC_NONE', 'UC_NONE', 'TPC_NONE']","{'UC_MPOLY': 6, 'UC_MNUF': 1, 'TPC_MPOLY': 4, 'UC_NONE': 25, 'SBX_MPOLY': 3, 'SPC_NONE': 26, 'TPC_NONE': 22, 'SPC_MPOLY': 2, 'SBX_NONE': 1}"
10,91,TPC,NONE,0.6763301130833849,0.0388836468405957,473318912.0,689221364.2168117,1108912.8,817450.0704488319,0.7415750374416517,3.384912357562442e-05,0.01,0.0,GREEDY_HV,"['SPC_MBFLIP', 'UC_MPOLY', 'UC_MNUF', 'UC_MPOLY', 'UC_MPOLY', 'TPC_MPOLY', 'UC_NONE', 'TPC_MPOLY', 'SBX_MPOLY', 'SPC_NONE', 'SPC_NONE', 'UC_NONE', 'UC_NONE', 'SPC_NONE', 'TPC_NONE', 'SBX_MPOLY', 'TPC_MPOLY', 'UC_NONE', 'SPC_NONE', 'SPC_MPOLY', 'TPC_NONE', 'TPC_MPOLY', 'TPC_NONE', 'UC_NONE', 'TPC_NONE', 'TPC_NONE', 'UC_NONE', 'UC_NONE', 'TPC_NONE', 'UC_NONE', 'TPC_NONE', 'UC_NONE', 'TPC_NONE', 'TPC_NONE', 'UC_NONE', 'TPC_NONE', 'SPC_NONE', 'UC_NONE', 'SPC_NONE', 'SPC_NONE', 'UC_NONE', 'SPC_NONE', 'UC_NONE', 'TPC_NONE', 'SBX_MPOLY', 'SPC_NONE', 'SPC_NONE', 'SPC_NONE', 'SPC_NONE', 'SPC_NONE', 'SPC_NONE', 'UC_MPOLY', 'UC_NONE', 'SPC_NONE', 'UC_NONE', 'SPC_NONE', 'TPC_NONE', 'TPC_NONE', 'UC_NONE', 'TPC_NONE', 'SPC_NONE', 'TPC_NONE', 'UC_MPOLY', 'SBX_NONE', 'UC_NONE', 'UC_NONE', 'UC_NONE', 'TPC_NONE', 'SPC_NONE', 'SPC_NONE', 'SPC_NONE', 'SPC_NONE', 'SPC_NONE', 'SPC_NONE', 'UC_NONE', 'TPC_NONE', 'UC_MPOLY', 'UC_NONE', 'TPC_NONE', 'TPC_NONE', 'SPC_NONE', 'TPC_NONE', 'TPC_NONE', 'SPC_MPOLY', 'SPC_NONE', 'SPC_NONE', 'UC_NONE', 'UC_NONE', 'UC_NONE', 'UC_NONE', 'TPC_NONE', 'TPC_NONE']","{'UC_MPOLY': 6, 'UC_MNUF': 1, 'TPC_MPOLY': 4, 'UC_NONE': 25, 'SBX_MPOLY': 3, 'SPC_NONE': 26, 'TPC_NONE': 23, 'SPC_MPOLY': 2, 'SBX_NONE': 1}"
10,92,TPC,NONE,0.6758023921795128,0.0385635252144586,463366233.6,690460660.7990091,1089405.6,815842.0962703014,0.7415785160974981,3.4786558464894317e-06,0.0,0.0,GREEDY_HV,"['SPC_MBFLIP', 'UC_MPOLY', 'UC_MNUF', 'UC_MPOLY', 'UC_MPOLY', 'TPC_MPOLY', 'UC_NONE', 'TPC_MPOLY', 'SBX_MPOLY', 'SPC_NONE', 'SPC_NONE', 'UC_NONE', 'UC_NONE', 'SPC_NONE', 'TPC_NONE', 'SBX_MPOLY', 'TPC_MPOLY', 'UC_NONE', 'SPC_NONE', 'SPC_MPOLY', 'TPC_NONE', 'TPC_MPOLY', 'TPC_NONE', 'UC_NONE', 'TPC_NONE', 'TPC_NONE', 'UC_NONE', 'UC_NONE', 'TPC_NONE', 'UC_NONE', 'TPC_NONE', 'UC_NONE', 'TPC_NONE', 'TPC_NONE', 'UC_NONE', 'TPC_NONE', 'SPC_NONE', 'UC_NONE', 'SPC_NONE', 'SPC_NONE', 'UC_NONE', 'SPC_NONE', 'UC_NONE', 'TPC_NONE', 'SBX_MPOLY', 'SPC_NONE', 'SPC_NONE', 'SPC_NONE', 'SPC_NONE', 'SPC_NONE', 'SPC_NONE', 'UC_MPOLY', 'UC_NONE', 'SPC_NONE', 'UC_NONE', 'SPC_NONE', 'TPC_NONE', 'TPC_NONE', 'UC_NONE', 'TPC_NONE', 'SPC_NONE', 'TPC_NONE', 'UC_MPOLY', 'SBX_NONE', 'UC_NONE', 'UC_NONE', 'UC_NONE', 'TPC_NONE', 'SPC_NONE', 'SPC_NONE', 'SPC_NONE', 'SPC_NONE', 'SPC_NONE', 'SPC_NONE', 'UC_NONE', 'TPC_NONE', 'UC_MPOLY', 'UC_NONE', 'TPC_NONE', 'TPC_NONE', 'SPC_NONE', 'TPC_NONE', 'TPC_NONE', 'SPC_MPOLY', 'SPC_NONE', 'SPC_NONE', 'UC_NONE', 'UC_NONE', 'UC_NONE', 'UC_NONE', 'TPC_NONE', 'TPC_NONE', 'TPC_NONE']","{'UC_MPOLY': 6, 'UC_MNUF': 1, 'TPC_MPOLY': 4, 'UC_NONE': 25, 'SBX_MPOLY': 3, 'SPC_NONE': 26, 'TPC_NONE': 24, 'SPC_MPOLY': 2, 'SBX_NONE': 1}"
10,93,TPC,NONE,0.6767396541175563,0.0382324488109217,465268444.16,684808853.4019774,1107890.08,809190.3123075025,0.7415705601090099,-7.95598848823964e-06,0.0,0.0,GREEDY_HV,"['SPC_MBFLIP', 'UC_MPOLY', 'UC_MNUF', 'UC_MPOLY', 'UC_MPOLY', 'TPC_MPOLY', 'UC_NONE', 'TPC_MPOLY', 'SBX_MPOLY', 'SPC_NONE', 'SPC_NONE', 'UC_NONE', 'UC_NONE', 'SPC_NONE', 'TPC_NONE', 'SBX_MPOLY', 'TPC_MPOLY', 'UC_NONE', 'SPC_NONE', 'SPC_MPOLY', 'TPC_NONE', 'TPC_MPOLY', 'TPC_NONE', 'UC_NONE', 'TPC_NONE', 'TPC_NONE', 'UC_NONE', 'UC_NONE', 'TPC_NONE', 'UC_NONE', 'TPC_NONE', 'UC_NONE', 'TPC_NONE', 'TPC_NONE', 'UC_NONE', 'TPC_NONE', 'SPC_NONE', 'UC_NONE', 'SPC_NONE', 'SPC_NONE', 'UC_NONE', 'SPC_NONE', 'UC_NONE', 'TPC_NONE', 'SBX_MPOLY', 'SPC_NONE', 'SPC_NONE', 'SPC_NONE', 'SPC_NONE', 'SPC_NONE', 'SPC_NONE', 'UC_MPOLY', 'UC_NONE', 'SPC_NONE', 'UC_NONE', 'SPC_NONE', 'TPC_NONE', 'TPC_NONE', 'UC_NONE', 'TPC_NONE', 'SPC_NONE', 'TPC_NONE', 'UC_MPOLY', 'SBX_NONE', 'UC_NONE', 'UC_NONE', 'UC_NONE', 'TPC_NONE', 'SPC_NONE', 'SPC_NONE', 'SPC_NONE', 'SPC_NONE', 'SPC_NONE', 'SPC_NONE', 'UC_NONE', 'TPC_NONE', 'UC_MPOLY', 'UC_NONE', 'TPC_NONE', 'TPC_NONE', 'SPC_NONE', 'TPC_NONE', 'TPC_NONE', 'SPC_MPOLY', 'SPC_NONE', 'SPC_NONE', 'UC_NONE', 'UC_NONE', 'UC_NONE', 'UC_NONE', 'TPC_NONE', 'TPC_NONE', 'TPC_NONE', 'TPC_NONE']","{'UC_MPOLY': 6, 'UC_MNUF': 1, 'TPC_MPOLY': 4, 'UC_NONE': 25, 'SBX_MPOLY': 3, 'SPC_NONE': 26, 'TPC_NONE': 25, 'SPC_MPOLY': 2, 'SBX_NONE': 1}"
10,94,SPC,MNUF,0.6762331819922472,0.038131221942448,462092549.12,686314472.760696,1095380.64,813369.1138709843,0.7415543198479614,-1.6240261048516835e-05,0.0,0.005,GREEDY_HV,"['SPC_MBFLIP', 'UC_MPOLY', 'UC_MNUF', 'UC_MPOLY', 'UC_MPOLY', 'TPC_MPOLY', 'UC_NONE', 'TPC_MPOLY', 'SBX_MPOLY', 'SPC_NONE', 'SPC_NONE', 'UC_NONE', 'UC_NONE', 'SPC_NONE', 'TPC_NONE', 'SBX_MPOLY', 'TPC_MPOLY', 'UC_NONE', 'SPC_NONE', 'SPC_MPOLY', 'TPC_NONE', 'TPC_MPOLY', 'TPC_NONE', 'UC_NONE', 'TPC_NONE', 'TPC_NONE', 'UC_NONE', 'UC_NONE', 'TPC_NONE', 'UC_NONE', 'TPC_NONE', 'UC_NONE', 'TPC_NONE', 'TPC_NONE', 'UC_NONE', 'TPC_NONE', 'SPC_NONE', 'UC_NONE', 'SPC_NONE', 'SPC_NONE', 'UC_NONE', 'SPC_NONE', 'UC_NONE', 'TPC_NONE', 'SBX_MPOLY', 'SPC_NONE', 'SPC_NONE', 'SPC_NONE', 'SPC_NONE', 'SPC_NONE', 'SPC_NONE', 'UC_MPOLY', 'UC_NONE', 'SPC_NONE', 'UC_NONE', 'SPC_NONE', 'TPC_NONE', 'TPC_NONE', 'UC_NONE', 'TPC_NONE', 'SPC_NONE', 'TPC_NONE', 'UC_MPOLY', 'SBX_NONE', 'UC_NONE', 'UC_NONE', 'UC_NONE', 'TPC_NONE', 'SPC_NONE', 'SPC_NONE', 'SPC_NONE', 'SPC_NONE', 'SPC_NONE', 'SPC_NONE', 'UC_NONE', 'TPC_NONE', 'UC_MPOLY', 'UC_NONE', 'TPC_NONE', 'TPC_NONE', 'SPC_NONE', 'TPC_NONE', 'TPC_NONE', 'SPC_MPOLY', 'SPC_NONE', 'SPC_NONE', 'UC_NONE', 'UC_NONE', 'UC_NONE', 'UC_NONE', 'TPC_NONE', 'TPC_NONE', 'TPC_NONE', 'TPC_NONE', 'SPC_MNUF']","{'UC_MPOLY': 6, 'UC_MNUF': 1, 'TPC_MPOLY': 4, 'UC_NONE': 25, 'SBX_MPOLY': 3, 'SPC_NONE': 26, 'TPC_NONE': 25, 'SPC_MPOLY': 2, 'SBX_NONE': 1, 'SPC_MNUF': 1}"
10,95,UC,NONE,0.676324979981554,0.038642687751132,473816276.48,689283843.2559333,1109285.28,821293.2539142651,0.7415875244281538,3.320458019240302e-05,0.0,0.0,GREEDY_HV,"['SPC_MBFLIP', 'UC_MPOLY', 'UC_MNUF', 'UC_MPOLY', 'UC_MPOLY', 'TPC_MPOLY', 'UC_NONE', 'TPC_MPOLY', 'SBX_MPOLY', 'SPC_NONE', 'SPC_NONE', 'UC_NONE', 'UC_NONE', 'SPC_NONE', 'TPC_NONE', 'SBX_MPOLY', 'TPC_MPOLY', 'UC_NONE', 'SPC_NONE', 'SPC_MPOLY', 'TPC_NONE', 'TPC_MPOLY', 'TPC_NONE', 'UC_NONE', 'TPC_NONE', 'TPC_NONE', 'UC_NONE', 'UC_NONE', 'TPC_NONE', 'UC_NONE', 'TPC_NONE', 'UC_NONE', 'TPC_NONE', 'TPC_NONE', 'UC_NONE', 'TPC_NONE', 'SPC_NONE', 'UC_NONE', 'SPC_NONE', 'SPC_NONE', 'UC_NONE', 'SPC_NONE', 'UC_NONE', 'TPC_NONE', 'SBX_MPOLY', 'SPC_NONE', 'SPC_NONE', 'SPC_NONE', 'SPC_NONE', 'SPC_NONE', 'SPC_NONE', 'UC_MPOLY', 'UC_NONE', 'SPC_NONE', 'UC_NONE', 'SPC_NONE', 'TPC_NONE', 'TPC_NONE', 'UC_NONE', 'TPC_NONE', 'SPC_NONE', 'TPC_NONE', 'UC_MPOLY', 'SBX_NONE', 'UC_NONE', 'UC_NONE', 'UC_NONE', 'TPC_NONE', 'SPC_NONE', 'SPC_NONE', 'SPC_NONE', 'SPC_NONE', 'SPC_NONE', 'SPC_NONE', 'UC_NONE', 'TPC_NONE', 'UC_MPOLY', 'UC_NONE', 'TPC_NONE', 'TPC_NONE', 'SPC_NONE', 'TPC_NONE', 'TPC_NONE', 'SPC_MPOLY', 'SPC_NONE', 'SPC_NONE', 'UC_NONE', 'UC_NONE', 'UC_NONE', 'UC_NONE', 'TPC_NONE', 'TPC_NONE', 'TPC_NONE', 'TPC_NONE', 'SPC_MNUF', 'UC_NONE']","{'UC_MPOLY': 6, 'UC_MNUF': 1, 'TPC_MPOLY': 4, 'UC_NONE': 26, 'SBX_MPOLY': 3, 'SPC_NONE': 26, 'TPC_NONE': 25, 'SPC_MPOLY': 2, 'SBX_NONE': 1, 'SPC_MNUF': 1}"
10,96,UC,MNUF,0.677548230515233,0.0379350500771252,472852989.44,686031094.482902,1127838.88,817496.2460692441,0.7415750864691047,-1.243795904903866e-05,0.01,0.0,GREEDY_HV,"['SPC_MBFLIP', 'UC_MPOLY', 'UC_MNUF', 'UC_MPOLY', 'UC_MPOLY', 'TPC_MPOLY', 'UC_NONE', 'TPC_MPOLY', 'SBX_MPOLY', 'SPC_NONE', 'SPC_NONE', 'UC_NONE', 'UC_NONE', 'SPC_NONE', 'TPC_NONE', 'SBX_MPOLY', 'TPC_MPOLY', 'UC_NONE', 'SPC_NONE', 'SPC_MPOLY', 'TPC_NONE', 'TPC_MPOLY', 'TPC_NONE', 'UC_NONE', 'TPC_NONE', 'TPC_NONE', 'UC_NONE', 'UC_NONE', 'TPC_NONE', 'UC_NONE', 'TPC_NONE', 'UC_NONE', 'TPC_NONE', 'TPC_NONE', 'UC_NONE', 'TPC_NONE', 'SPC_NONE', 'UC_NONE', 'SPC_NONE', 'SPC_NONE', 'UC_NONE', 'SPC_NONE', 'UC_NONE', 'TPC_NONE', 'SBX_MPOLY', 'SPC_NONE', 'SPC_NONE', 'SPC_NONE', 'SPC_NONE', 'SPC_NONE', 'SPC_NONE', 'UC_MPOLY', 'UC_NONE', 'SPC_NONE', 'UC_NONE', 'SPC_NONE', 'TPC_NONE', 'TPC_NONE', 'UC_NONE', 'TPC_NONE', 'SPC_NONE', 'TPC_NONE', 'UC_MPOLY', 'SBX_NONE', 'UC_NONE', 'UC_NONE', 'UC_NONE', 'TPC_NONE', 'SPC_NONE', 'SPC_NONE', 'SPC_NONE', 'SPC_NONE', 'SPC_NONE', 'SPC_NONE', 'UC_NONE', 'TPC_NONE', 'UC_MPOLY', 'UC_NONE', 'TPC_NONE', 'TPC_NONE', 'SPC_NONE', 'TPC_NONE', 'TPC_NONE', 'SPC_MPOLY', 'SPC_NONE', 'SPC_NONE', 'UC_NONE', 'UC_NONE', 'UC_NONE', 'UC_NONE', 'TPC_NONE', 'TPC_NONE', 'TPC_NONE', 'TPC_NONE', 'SPC_MNUF', 'UC_NONE', 'UC_MNUF']","{'UC_MPOLY': 6, 'UC_MNUF': 2, 'TPC_MPOLY': 4, 'UC_NONE': 26, 'SBX_MPOLY': 3, 'SPC_NONE': 26, 'TPC_NONE': 25, 'SPC_MPOLY': 2, 'SBX_NONE': 1, 'SPC_MNUF': 1}"
10,97,UC,NONE,0.6791533379323469,0.0355751028803538,478272524.8,689324253.0948513,1134928.8,815240.7743286645,0.7415740548860684,-1.0315830363261114e-06,0.0,0.0,GREEDY_HV,"['SPC_MBFLIP', 'UC_MPOLY', 'UC_MNUF', 'UC_MPOLY', 'UC_MPOLY', 'TPC_MPOLY', 'UC_NONE', 'TPC_MPOLY', 'SBX_MPOLY', 'SPC_NONE', 'SPC_NONE', 'UC_NONE', 'UC_NONE', 'SPC_NONE', 'TPC_NONE', 'SBX_MPOLY', 'TPC_MPOLY', 'UC_NONE', 'SPC_NONE', 'SPC_MPOLY', 'TPC_NONE', 'TPC_MPOLY', 'TPC_NONE', 'UC_NONE', 'TPC_NONE', 'TPC_NONE', 'UC_NONE', 'UC_NONE', 'TPC_NONE', 'UC_NONE', 'TPC_NONE', 'UC_NONE', 'TPC_NONE', 'TPC_NONE', 'UC_NONE', 'TPC_NONE', 'SPC_NONE', 'UC_NONE', 'SPC_NONE', 'SPC_NONE', 'UC_NONE', 'SPC_NONE', 'UC_NONE', 'TPC_NONE', 'SBX_MPOLY', 'SPC_NONE', 'SPC_NONE', 'SPC_NONE', 'SPC_NONE', 'SPC_NONE', 'SPC_NONE', 'UC_MPOLY', 'UC_NONE', 'SPC_NONE', 'UC_NONE', 'SPC_NONE', 'TPC_NONE', 'TPC_NONE', 'UC_NONE', 'TPC_NONE', 'SPC_NONE', 'TPC_NONE', 'UC_MPOLY', 'SBX_NONE', 'UC_NONE', 'UC_NONE', 'UC_NONE', 'TPC_NONE', 'SPC_NONE', 'SPC_NONE', 'SPC_NONE', 'SPC_NONE', 'SPC_NONE', 'SPC_NONE', 'UC_NONE', 'TPC_NONE', 'UC_MPOLY', 'UC_NONE', 'TPC_NONE', 'TPC_NONE', 'SPC_NONE', 'TPC_NONE', 'TPC_NONE', 'SPC_MPOLY', 'SPC_NONE', 'SPC_NONE', 'UC_NONE', 'UC_NONE', 'UC_NONE', 'UC_NONE', 'TPC_NONE', 'TPC_NONE', 'TPC_NONE', 'TPC_NONE', 'SPC_MNUF', 'UC_NONE', 'UC_MNUF', 'UC_NONE']","{'UC_MPOLY': 6, 'UC_MNUF': 2, 'TPC_MPOLY': 4, 'UC_NONE': 27, 'SBX_MPOLY': 3, 'SPC_NONE': 26, 'TPC_NONE': 25, 'SPC_MPOLY': 2, 'SBX_NONE': 1, 'SPC_MNUF': 1}"
10,98,UC,NONE,0.6806444989610823,0.0358372374670258,494175936.0,687267219.0454372,1167790.24,799121.8055345145,0.741585679782502,1.1624896433581888e-05,0.0,0.0,GREEDY_HV,"['SPC_MBFLIP', 'UC_MPOLY', 'UC_MNUF', 'UC_MPOLY', 'UC_MPOLY', 'TPC_MPOLY', 'UC_NONE', 'TPC_MPOLY', 'SBX_MPOLY', 'SPC_NONE', 'SPC_NONE', 'UC_NONE', 'UC_NONE', 'SPC_NONE', 'TPC_NONE', 'SBX_MPOLY', 'TPC_MPOLY', 'UC_NONE', 'SPC_NONE', 'SPC_MPOLY', 'TPC_NONE', 'TPC_MPOLY', 'TPC_NONE', 'UC_NONE', 'TPC_NONE', 'TPC_NONE', 'UC_NONE', 'UC_NONE', 'TPC_NONE', 'UC_NONE', 'TPC_NONE', 'UC_NONE', 'TPC_NONE', 'TPC_NONE', 'UC_NONE', 'TPC_NONE', 'SPC_NONE', 'UC_NONE', 'SPC_NONE', 'SPC_NONE', 'UC_NONE', 'SPC_NONE', 'UC_NONE', 'TPC_NONE', 'SBX_MPOLY', 'SPC_NONE', 'SPC_NONE', 'SPC_NONE', 'SPC_NONE', 'SPC_NONE', 'SPC_NONE', 'UC_MPOLY', 'UC_NONE', 'SPC_NONE', 'UC_NONE', 'SPC_NONE', 'TPC_NONE', 'TPC_NONE', 'UC_NONE', 'TPC_NONE', 'SPC_NONE', 'TPC_NONE', 'UC_MPOLY', 'SBX_NONE', 'UC_NONE', 'UC_NONE', 'UC_NONE', 'TPC_NONE', 'SPC_NONE', 'SPC_NONE', 'SPC_NONE', 'SPC_NONE', 'SPC_NONE', 'SPC_NONE', 'UC_NONE', 'TPC_NONE', 'UC_MPOLY', 'UC_NONE', 'TPC_NONE', 'TPC_NONE', 'SPC_NONE', 'TPC_NONE', 'TPC_NONE', 'SPC_MPOLY', 'SPC_NONE', 'SPC_NONE', 'UC_NONE', 'UC_NONE', 'UC_NONE', 'UC_NONE', 'TPC_NONE', 'TPC_NONE', 'TPC_NONE', 'TPC_NONE', 'SPC_MNUF', 'UC_NONE', 'UC_MNUF', 'UC_NONE', 'UC_NONE']","{'UC_MPOLY': 6, 'UC_MNUF': 2, 'TPC_MPOLY': 4, 'UC_NONE': 28, 'SBX_MPOLY': 3, 'SPC_NONE': 26, 'TPC_NONE': 25, 'SPC_MPOLY': 2, 'SBX_NONE': 1, 'SPC_MNUF': 1}"
10,99,UC,NONE,0.6797003361934233,0.0358753338377467,476616450.56,687381407.6658082,1152152.48,802604.560134821,0.7415792337349548,-6.446047547181699e-06,0.02,0.0,GREEDY_HV,"['SPC_MBFLIP', 'UC_MPOLY', 'UC_MNUF', 'UC_MPOLY', 'UC_MPOLY', 'TPC_MPOLY', 'UC_NONE', 'TPC_MPOLY', 'SBX_MPOLY', 'SPC_NONE', 'SPC_NONE', 'UC_NONE', 'UC_NONE', 'SPC_NONE', 'TPC_NONE', 'SBX_MPOLY', 'TPC_MPOLY', 'UC_NONE', 'SPC_NONE', 'SPC_MPOLY', 'TPC_NONE', 'TPC_MPOLY', 'TPC_NONE', 'UC_NONE', 'TPC_NONE', 'TPC_NONE', 'UC_NONE', 'UC_NONE', 'TPC_NONE', 'UC_NONE', 'TPC_NONE', 'UC_NONE', 'TPC_NONE', 'TPC_NONE', 'UC_NONE', 'TPC_NONE', 'SPC_NONE', 'UC_NONE', 'SPC_NONE', 'SPC_NONE', 'UC_NONE', 'SPC_NONE', 'UC_NONE', 'TPC_NONE', 'SBX_MPOLY', 'SPC_NONE', 'SPC_NONE', 'SPC_NONE', 'SPC_NONE', 'SPC_NONE', 'SPC_NONE', 'UC_MPOLY', 'UC_NONE', 'SPC_NONE', 'UC_NONE', 'SPC_NONE', 'TPC_NONE', 'TPC_NONE', 'UC_NONE', 'TPC_NONE', 'SPC_NONE', 'TPC_NONE', 'UC_MPOLY', 'SBX_NONE', 'UC_NONE', 'UC_NONE', 'UC_NONE', 'TPC_NONE', 'SPC_NONE', 'SPC_NONE', 'SPC_NONE', 'SPC_NONE', 'SPC_NONE', 'SPC_NONE', 'UC_NONE', 'TPC_NONE', 'UC_MPOLY', 'UC_NONE', 'TPC_NONE', 'TPC_NONE', 'SPC_NONE', 'TPC_NONE', 'TPC_NONE', 'SPC_MPOLY', 'SPC_NONE', 'SPC_NONE', 'UC_NONE', 'UC_NONE', 'UC_NONE', 'UC_NONE', 'TPC_NONE', 'TPC_NONE', 'TPC_NONE', 'TPC_NONE', 'SPC_MNUF', 'UC_NONE', 'UC_MNUF', 'UC_NONE', 'UC_NONE', 'UC_NONE']","{'UC_MPOLY': 6, 'UC_MNUF': 2, 'TPC_MPOLY': 4, 'UC_NONE': 29, 'SBX_MPOLY': 3, 'SPC_NONE': 26, 'TPC_NONE': 25, 'SPC_MPOLY': 2, 'SBX_NONE': 1, 'SPC_MNUF': 1}"
10,100,TPC,NONE,0.6819380445265437,0.0360602408570564,491537548.8,684515732.056469,1225227.68,801654.0983213509,0.7415950447714936,1.5811036538804224e-05,0.0,0.0,GREEDY_HV,"['SPC_MBFLIP', 'UC_MPOLY', 'UC_MNUF', 'UC_MPOLY', 'UC_MPOLY', 'TPC_MPOLY', 'UC_NONE', 'TPC_MPOLY', 'SBX_MPOLY', 'SPC_NONE', 'SPC_NONE', 'UC_NONE', 'UC_NONE', 'SPC_NONE', 'TPC_NONE', 'SBX_MPOLY', 'TPC_MPOLY', 'UC_NONE', 'SPC_NONE', 'SPC_MPOLY', 'TPC_NONE', 'TPC_MPOLY', 'TPC_NONE', 'UC_NONE', 'TPC_NONE', 'TPC_NONE', 'UC_NONE', 'UC_NONE', 'TPC_NONE', 'UC_NONE', 'TPC_NONE', 'UC_NONE', 'TPC_NONE', 'TPC_NONE', 'UC_NONE', 'TPC_NONE', 'SPC_NONE', 'UC_NONE', 'SPC_NONE', 'SPC_NONE', 'UC_NONE', 'SPC_NONE', 'UC_NONE', 'TPC_NONE', 'SBX_MPOLY', 'SPC_NONE', 'SPC_NONE', 'SPC_NONE', 'SPC_NONE', 'SPC_NONE', 'SPC_NONE', 'UC_MPOLY', 'UC_NONE', 'SPC_NONE', 'UC_NONE', 'SPC_NONE', 'TPC_NONE', 'TPC_NONE', 'UC_NONE', 'TPC_NONE', 'SPC_NONE', 'TPC_NONE', 'UC_MPOLY', 'SBX_NONE', 'UC_NONE', 'UC_NONE', 'UC_NONE', 'TPC_NONE', 'SPC_NONE', 'SPC_NONE', 'SPC_NONE', 'SPC_NONE', 'SPC_NONE', 'SPC_NONE', 'UC_NONE', 'TPC_NONE', 'UC_MPOLY', 'UC_NONE', 'TPC_NONE', 'TPC_NONE', 'SPC_NONE', 'TPC_NONE', 'TPC_NONE', 'SPC_MPOLY', 'SPC_NONE', 'SPC_NONE', 'UC_NONE', 'UC_NONE', 'UC_NONE', 'UC_NONE', 'TPC_NONE', 'TPC_NONE', 'TPC_NONE', 'TPC_NONE', 'SPC_MNUF', 'UC_NONE', 'UC_MNUF', 'UC_NONE', 'UC_NONE', 'UC_NONE', 'TPC_NONE']","{'UC_MPOLY': 6, 'UC_MNUF': 2, 'TPC_MPOLY': 4, 'UC_NONE': 29, 'SBX_MPOLY': 3, 'SPC_NONE': 26, 'TPC_NONE': 26, 'SPC_MPOLY': 2, 'SBX_NONE': 1, 'SPC_MNUF': 1}"
11,1,SPC,MNUF,0.6585341189905808,0.0236070251276356,1640207824.64,1221006519.5752978,3356910.24,1687030.512452108,0.6921587156530288,0.0,0.21,0.095,GREEDY_HV,"['SPC_MBFLIP', 'SPC_MNUF']",{'SPC_MNUF': 1}
11,2,UC,NONE,0.6658641084683168,0.0218362991804832,1099363964.16,753971589.6235107,2873255.84,1594898.080201081,0.6982368028964214,0.0060780872433926,0.12,0.0,GREEDY_HV,"['SPC_MBFLIP', 'SPC_MNUF', 'UC_NONE']","{'SPC_MNUF': 1, 'UC_NONE': 1}"
11,3,TPC,MPOLY,0.6689159186767385,0.0241237104905491,1019297437.44,736825760.3940028,2736311.2,1635235.2007107472,0.709753889757579,0.0115170868611576,0.1,0.095,GREEDY_HV,"['SPC_MBFLIP', 'SPC_MNUF', 'UC_NONE', 'TPC_MPOLY']","{'SPC_MNUF': 1, 'UC_NONE': 1, 'TPC_MPOLY': 1}"
11,4,TPC,MNUF,0.6658727158137876,0.0292554915222073,1036537482.24,892474228.6164658,2627797.92,1725686.7329246504,0.7128473382108443,0.0030934484532653,0.17,0.01,GREEDY_HV,"['SPC_MBFLIP', 'SPC_MNUF', 'UC_NONE', 'TPC_MPOLY', 'TPC_MNUF']","{'SPC_MNUF': 1, 'UC_NONE': 1, 'TPC_MPOLY': 1, 'TPC_MNUF': 1}"
11,5,UC,NONE,0.6676736713402116,0.0287461487916652,807276148.48,709206559.7329756,2322741.92,1820072.9776345976,0.717162081915319,0.0043147437044747,0.06,0.0,GREEDY_HV,"['SPC_MBFLIP', 'SPC_MNUF', 'UC_NONE', 'TPC_MPOLY', 'TPC_MNUF', 'UC_NONE']","{'SPC_MNUF': 1, 'UC_NONE': 2, 'TPC_MPOLY': 1, 'TPC_MNUF': 1}"
11,6,SPC,MPOLY,0.6660826162351645,0.0316857218657622,764886120.96,765919344.9727573,2261511.84,2054089.1734721093,0.7235753523897197,0.0064132704744006,0.11,0.03,GREEDY_HV,"['SPC_MBFLIP', 'SPC_MNUF', 'UC_NONE', 'TPC_MPOLY', 'TPC_MNUF', 'UC_NONE', 'SPC_MPOLY']","{'SPC_MNUF': 1, 'UC_NONE': 2, 'TPC_MPOLY': 1, 'TPC_MNUF': 1, 'SPC_MPOLY': 1}"
11,7,SBX,MPOLY,0.6717482029094763,0.0244777263559441,758237935.36,752617689.4858087,2373391.52,2081286.8207293896,0.7268673929429742,0.0032920405532544,0.01,0.14,GREEDY_HV,"['SPC_MBFLIP', 'SPC_MNUF', 'UC_NONE', 'TPC_MPOLY', 'TPC_MNUF', 'UC_NONE', 'SPC_MPOLY', 'SBX_MPOLY']","{'SPC_MNUF': 1, 'UC_NONE': 2, 'TPC_MPOLY': 1, 'TPC_MNUF': 1, 'SPC_MPOLY': 1, 'SBX_MPOLY': 1}"
11,8,TPC,NONE,0.6784768138866275,0.0273457445216084,845638881.28,776798969.5455964,2764846.24,2347177.740436531,0.7281008855922793,0.001233492649305,0.08,0.0,GREEDY_HV,"['SPC_MBFLIP', 'SPC_MNUF', 'UC_NONE', 'TPC_MPOLY', 'TPC_MNUF', 'UC_NONE', 'SPC_MPOLY', 'SBX_MPOLY', 'TPC_NONE']","{'SPC_MNUF': 1, 'UC_NONE': 2, 'TPC_MPOLY': 1, 'TPC_MNUF': 1, 'SPC_MPOLY': 1, 'SBX_MPOLY': 1, 'TPC_NONE': 1}"
11,9,SBX,MPOLY,0.6760256843790725,0.0303975055043161,779906420.48,750704905.5011868,2565853.6,2306909.1930393097,0.7296582333357544,0.0015573477434751,0.0,0.055,GREEDY_HV,"['SPC_MBFLIP', 'SPC_MNUF', 'UC_NONE', 'TPC_MPOLY', 'TPC_MNUF', 'UC_NONE', 'SPC_MPOLY', 'SBX_MPOLY', 'TPC_NONE', 'SBX_MPOLY']","{'SPC_MNUF': 1, 'UC_NONE': 2, 'TPC_MPOLY': 1, 'TPC_MNUF': 1, 'SPC_MPOLY': 1, 'SBX_MPOLY': 2, 'TPC_NONE': 1}"
11,10,SBX,MPOLY,0.675188226767108,0.0328203784585408,769453153.28,748635549.4742143,2504446.88,2340419.1273712376,0.7304541742814707,0.0007959409457163,0.0,0.08,GREEDY_HV,"['SPC_MBFLIP', 'SPC_MNUF', 'UC_NONE', 'TPC_MPOLY', 'TPC_MNUF', 'UC_NONE', 'SPC_MPOLY', 'SBX_MPOLY', 'TPC_NONE', 'SBX_MPOLY', 'SBX_MPOLY']","{'SPC_MNUF': 1, 'UC_NONE': 2, 'TPC_MPOLY': 1, 'TPC_MNUF': 1, 'SPC_MPOLY': 1, 'SBX_MPOLY': 3, 'TPC_NONE': 1}"
11,11,TPC,MPOLY,0.6683233763970106,0.0394994369466331,708275955.2,724402031.5533973,2376724.64,2503600.894114218,0.7318858582196548,0.001431683938184,0.05,0.03,GREEDY_HV,"['SPC_MBFLIP', 'SPC_MNUF', 'UC_NONE', 'TPC_MPOLY', 'TPC_MNUF', 'UC_NONE', 'SPC_MPOLY', 'SBX_MPOLY', 'TPC_NONE', 'SBX_MPOLY', 'SBX_MPOLY', 'TPC_MPOLY']","{'SPC_MNUF': 1, 'UC_NONE': 2, 'TPC_MPOLY': 2, 'TPC_MNUF': 1, 'SPC_MPOLY': 1, 'SBX_MPOLY': 3, 'TPC_NONE': 1}"
11,12,SPC,NONE,0.6698484716752953,0.0326283125415807,560473461.76,544385813.920196,1697259.68,1879297.5409617445,0.7331992180777016,0.0013133598580468,0.04,0.0,GREEDY_HV,"['SPC_MBFLIP', 'SPC_MNUF', 'UC_NONE', 'TPC_MPOLY', 'TPC_MNUF', 'UC_NONE', 'SPC_MPOLY', 'SBX_MPOLY', 'TPC_NONE', 'SBX_MPOLY', 'SBX_MPOLY', 'TPC_MPOLY', 'SPC_NONE']","{'SPC_MNUF': 1, 'UC_NONE': 2, 'TPC_MPOLY': 2, 'TPC_MNUF': 1, 'SPC_MPOLY': 1, 'SBX_MPOLY': 3, 'TPC_NONE': 1, 'SPC_NONE': 1}"
11,13,SPC,NONE,0.6700190764748933,0.0331062222917716,483243427.84,464321544.9614455,1728115.36,1910675.8574997047,0.7337912624398193,0.0005920443621176,0.05,0.0,GREEDY_HV,"['SPC_MBFLIP', 'SPC_MNUF', 'UC_NONE', 'TPC_MPOLY', 'TPC_MNUF', 'UC_NONE', 'SPC_MPOLY', 'SBX_MPOLY', 'TPC_NONE', 'SBX_MPOLY', 'SBX_MPOLY', 'TPC_MPOLY', 'SPC_NONE', 'SPC_NONE']","{'SPC_MNUF': 1, 'UC_NONE': 2, 'TPC_MPOLY': 2, 'TPC_MNUF': 1, 'SPC_MPOLY': 1, 'SBX_MPOLY': 3, 'TPC_NONE': 1, 'SPC_NONE': 2}"
11,14,TPC,NONE,0.6727210759143997,0.0342610233943859,512292126.72,509899320.91579175,1880772.0,2017036.275337695,0.7342634200691924,0.0004721576293731,0.02,0.0,GREEDY_HV,"['SPC_MBFLIP', 'SPC_MNUF', 'UC_NONE', 'TPC_MPOLY', 'TPC_MNUF', 'UC_NONE', 'SPC_MPOLY', 'SBX_MPOLY', 'TPC_NONE', 'SBX_MPOLY', 'SBX_MPOLY', 'TPC_MPOLY', 'SPC_NONE', 'SPC_NONE', 'TPC_NONE']","{'SPC_MNUF': 1, 'UC_NONE': 2, 'TPC_MPOLY': 2, 'TPC_MNUF': 1, 'SPC_MPOLY': 1, 'SBX_MPOLY': 3, 'TPC_NONE': 2, 'SPC_NONE': 2}"
11,15,TPC,NONE,0.677307709060747,0.032979242395098,535455733.76,463701122.79551154,1943132.32,1918528.4215984847,0.7358748220844945,0.001611402015302,0.04,0.0,GREEDY_HV,"['SPC_MBFLIP', 'SPC_MNUF', 'UC_NONE', 'TPC_MPOLY', 'TPC_MNUF', 'UC_NONE', 'SPC_MPOLY', 'SBX_MPOLY', 'TPC_NONE', 'SBX_MPOLY', 'SBX_MPOLY', 'TPC_MPOLY', 'SPC_NONE', 'SPC_NONE', 'TPC_NONE', 'TPC_NONE']","{'SPC_MNUF': 1, 'UC_NONE': 2, 'TPC_MPOLY': 2, 'TPC_MNUF': 1, 'SPC_MPOLY': 1, 'SBX_MPOLY': 3, 'TPC_NONE': 3, 'SPC_NONE': 2}"
11,16,TPC,MPOLY,0.6778024998106835,0.0335624088482237,548156636.16,480283526.8702058,2021463.2,1939929.111882596,0.7360866856111835,0.000211863526689,0.02,0.005,GREEDY_HV,"['SPC_MBFLIP', 'SPC_MNUF', 'UC_NONE', 'TPC_MPOLY', 'TPC_MNUF', 'UC_NONE', 'SPC_MPOLY', 'SBX_MPOLY', 'TPC_NONE', 'SBX_MPOLY', 'SBX_MPOLY', 'TPC_MPOLY', 'SPC_NONE', 'SPC_NONE', 'TPC_NONE', 'TPC_NONE', 'TPC_MPOLY']","{'SPC_MNUF': 1, 'UC_NONE': 2, 'TPC_MPOLY': 3, 'TPC_MNUF': 1, 'SPC_MPOLY': 1, 'SBX_MPOLY': 3, 'TPC_NONE': 3, 'SPC_NONE': 2}"
11,17,TPC,NONE,0.6788667861587284,0.0346661671679361,594131763.2,520120783.0361922,2222528.16,2072027.3396770745,0.7364225060020891,0.0003358203909056,0.04,0.0,GREEDY_HV,"['SPC_MBFLIP', 'SPC_MNUF', 'UC_NONE', 'TPC_MPOLY', 'TPC_MNUF', 'UC_NONE', 'SPC_MPOLY', 'SBX_MPOLY', 'TPC_NONE', 'SBX_MPOLY', 'SBX_MPOLY', 'TPC_MPOLY', 'SPC_NONE', 'SPC_NONE', 'TPC_NONE', 'TPC_NONE', 'TPC_MPOLY', 'TPC_NONE']","{'SPC_MNUF': 1, 'UC_NONE': 2, 'TPC_MPOLY': 3, 'TPC_MNUF': 1, 'SPC_MPOLY': 1, 'SBX_MPOLY': 3, 'TPC_NONE': 4, 'SPC_NONE': 2}"
11,18,TPC,NONE,0.6844003532289779,0.0332725572146172,681459297.28,549947843.5752974,2520987.04,2134801.42362037,0.7368445779134922,0.000422071911403,0.01,0.0,GREEDY_HV,"['SPC_MBFLIP', 'SPC_MNUF', 'UC_NONE', 'TPC_MPOLY', 'TPC_MNUF', 'UC_NONE', 'SPC_MPOLY', 'SBX_MPOLY', 'TPC_NONE', 'SBX_MPOLY', 'SBX_MPOLY', 'TPC_MPOLY', 'SPC_NONE', 'SPC_NONE', 'TPC_NONE', 'TPC_NONE', 'TPC_MPOLY', 'TPC_NONE', 'TPC_NONE']","{'SPC_MNUF': 1, 'UC_NONE': 2, 'TPC_MPOLY': 3, 'TPC_MNUF': 1, 'SPC_MPOLY': 1, 'SBX_MPOLY': 3, 'TPC_NONE': 5, 'SPC_NONE': 2}"
11,19,TPC,NONE,0.6829713797994325,0.0333374110046109,601438671.36,507955298.85918015,2259207.84,1959801.2373799067,0.7370834255794002,0.0002388476659079,0.03,0.0,GREEDY_HV,"['SPC_MBFLIP', 'SPC_MNUF', 'UC_NONE', 'TPC_MPOLY', 'TPC_MNUF', 'UC_NONE', 'SPC_MPOLY', 'SBX_MPOLY', 'TPC_NONE', 'SBX_MPOLY', 'SBX_MPOLY', 'TPC_MPOLY', 'SPC_NONE', 'SPC_NONE', 'TPC_NONE', 'TPC_NONE', 'TPC_MPOLY', 'TPC_NONE', 'TPC_NONE', 'TPC_NONE']","{'SPC_MNUF': 1, 'UC_NONE': 2, 'TPC_MPOLY': 3, 'TPC_MNUF': 1, 'SPC_MPOLY': 1, 'SBX_MPOLY': 3, 'TPC_NONE': 6, 'SPC_NONE': 2}"
11,20,TPC,NONE,0.6856456393947262,0.0335541251781852,689672998.4,565720182.7497998,2503819.68,2180215.000129936,0.7380448384074927,0.0009614128280924,0.02,0.0,GREEDY_HV,"['SPC_MBFLIP', 'SPC_MNUF', 'UC_NONE', 'TPC_MPOLY', 'TPC_MNUF', 'UC_NONE', 'SPC_MPOLY', 'SBX_MPOLY', 'TPC_NONE', 'SBX_MPOLY', 'SBX_MPOLY', 'TPC_MPOLY', 'SPC_NONE', 'SPC_NONE', 'TPC_NONE', 'TPC_NONE', 'TPC_MPOLY', 'TPC_NONE', 'TPC_NONE', 'TPC_NONE', 'TPC_NONE']","{'SPC_MNUF': 1, 'UC_NONE': 2, 'TPC_MPOLY': 3, 'TPC_MNUF': 1, 'SPC_MPOLY': 1, 'SBX_MPOLY': 3, 'TPC_NONE': 7, 'SPC_NONE': 2}"
11,21,UC,NONE,0.6855696748747375,0.033612518807599,670423523.84,560297569.0536823,2304357.28,2002989.163948473,0.7381859480488129,0.0001411096413201,0.01,0.0,GREEDY_HV,"['SPC_MBFLIP', 'SPC_MNUF', 'UC_NONE', 'TPC_MPOLY', 'TPC_MNUF', 'UC_NONE', 'SPC_MPOLY', 'SBX_MPOLY', 'TPC_NONE', 'SBX_MPOLY', 'SBX_MPOLY', 'TPC_MPOLY', 'SPC_NONE', 'SPC_NONE', 'TPC_NONE', 'TPC_NONE', 'TPC_MPOLY', 'TPC_NONE', 'TPC_NONE', 'TPC_NONE', 'TPC_NONE', 'UC_NONE']","{'SPC_MNUF': 1, 'UC_NONE': 3, 'TPC_MPOLY': 3, 'TPC_MNUF': 1, 'SPC_MPOLY': 1, 'SBX_MPOLY': 3, 'TPC_NONE': 7, 'SPC_NONE': 2}"
11,22,SPC,NONE,0.6859179815844122,0.0337820878599514,657843461.12,566753786.5860857,2532715.68,2172655.8964272784,0.7384078309379075,0.0002218828890946,0.01,0.0,GREEDY_HV,"['SPC_MBFLIP', 'SPC_MNUF', 'UC_NONE', 'TPC_MPOLY', 'TPC_MNUF', 'UC_NONE', 'SPC_MPOLY', 'SBX_MPOLY', 'TPC_NONE', 'SBX_MPOLY', 'SBX_MPOLY', 'TPC_MPOLY', 'SPC_NONE', 'SPC_NONE', 'TPC_NONE', 'TPC_NONE', 'TPC_MPOLY', 'TPC_NONE', 'TPC_NONE', 'TPC_NONE', 'TPC_NONE', 'UC_NONE', 'SPC_NONE']","{'SPC_MNUF': 1, 'UC_NONE': 3, 'TPC_MPOLY': 3, 'TPC_MNUF': 1, 'SPC_MPOLY': 1, 'SBX_MPOLY': 3, 'TPC_NONE': 7, 'SPC_NONE': 3}"
11,23,TPC,NONE,0.687336718901993,0.0339633925261858,688536002.56,567180408.1053528,2665013.92,2193703.788087388,0.7384209434409102,1.3112503002732367e-05,0.0,0.0,GREEDY_HV,"['SPC_MBFLIP', 'SPC_MNUF', 'UC_NONE', 'TPC_MPOLY', 'TPC_MNUF', 'UC_NONE', 'SPC_MPOLY', 'SBX_MPOLY', 'TPC_NONE', 'SBX_MPOLY', 'SBX_MPOLY', 'TPC_MPOLY', 'SPC_NONE', 'SPC_NONE', 'TPC_NONE', 'TPC_NONE', 'TPC_MPOLY', 'TPC_NONE', 'TPC_NONE', 'TPC_NONE', 'TPC_NONE', 'UC_NONE', 'SPC_NONE', 'TPC_NONE']","{'SPC_MNUF': 1, 'UC_NONE': 3, 'TPC_MPOLY': 3, 'TPC_MNUF': 1, 'SPC_MPOLY': 1, 'SBX_MPOLY': 3, 'TPC_NONE': 8, 'SPC_NONE': 3}"
11,24,SPC,NONE,0.6863351883901206,0.0345793755153084,643138088.96,494573720.146544,2494450.08,2038016.544727072,0.7385098583271829,8.891488627260635e-05,0.0,0.0,GREEDY_HV,"['SPC_MBFLIP', 'SPC_MNUF', 'UC_NONE', 'TPC_MPOLY', 'TPC_MNUF', 'UC_NONE', 'SPC_MPOLY', 'SBX_MPOLY', 'TPC_NONE', 'SBX_MPOLY', 'SBX_MPOLY', 'TPC_MPOLY', 'SPC_NONE', 'SPC_NONE', 'TPC_NONE', 'TPC_NONE', 'TPC_MPOLY', 'TPC_NONE', 'TPC_NONE', 'TPC_NONE', 'TPC_NONE', 'UC_NONE', 'SPC_NONE', 'TPC_NONE', 'SPC_NONE']","{'SPC_MNUF': 1, 'UC_NONE': 3, 'TPC_MPOLY': 3, 'TPC_MNUF': 1, 'SPC_MPOLY': 1, 'SBX_MPOLY': 3, 'TPC_NONE': 8, 'SPC_NONE': 4}"
11,25,TPC,NONE,0.6874271403779089,0.0351084033571296,690489369.6,501761269.8728986,2775323.04,2210919.3784263493,0.7386251825114791,0.0001153241842962,0.0,0.0,GREEDY_HV,"['SPC_MBFLIP', 'SPC_MNUF', 'UC_NONE', 'TPC_MPOLY', 'TPC_MNUF', 'UC_NONE', 'SPC_MPOLY', 'SBX_MPOLY', 'TPC_NONE', 'SBX_MPOLY', 'SBX_MPOLY', 'TPC_MPOLY', 'SPC_NONE', 'SPC_NONE', 'TPC_NONE', 'TPC_NONE', 'TPC_MPOLY', 'TPC_NONE', 'TPC_NONE', 'TPC_NONE', 'TPC_NONE', 'UC_NONE', 'SPC_NONE', 'TPC_NONE', 'SPC_NONE', 'TPC_NONE']","{'SPC_MNUF': 1, 'UC_NONE': 3, 'TPC_MPOLY': 3, 'TPC_MNUF': 1, 'SPC_MPOLY': 1, 'SBX_MPOLY': 3, 'TPC_NONE': 9, 'SPC_NONE': 4}"
11,26,UC,NONE,0.6885593331104096,0.0349681694135031,696255229.44,505735275.1701376,2833662.88,2192279.7751438995,0.7386430277730536,1.7845261574445104e-05,0.01,0.0,GREEDY_HV,"['SPC_MBFLIP', 'SPC_MNUF', 'UC_NONE', 'TPC_MPOLY', 'TPC_MNUF', 'UC_NONE', 'SPC_MPOLY', 'SBX_MPOLY', 'TPC_NONE', 'SBX_MPOLY', 'SBX_MPOLY', 'TPC_MPOLY', 'SPC_NONE', 'SPC_NONE', 'TPC_NONE', 'TPC_NONE', 'TPC_MPOLY', 'TPC_NONE', 'TPC_NONE', 'TPC_NONE', 'TPC_NONE', 'UC_NONE', 'SPC_NONE', 'TPC_NONE', 'SPC_NONE', 'TPC_NONE', 'UC_NONE']","{'SPC_MNUF': 1, 'UC_NONE': 4, 'TPC_MPOLY': 3, 'TPC_MNUF': 1, 'SPC_MPOLY': 1, 'SBX_MPOLY': 3, 'TPC_NONE': 9, 'SPC_NONE': 4}"
11,27,TPC,NONE,0.6890123966765294,0.0348911042305236,698161182.72,508112087.1847751,2835867.04,2224300.4346604,0.7386433433123187,3.155392651610356e-07,0.01,0.0,GREEDY_HV,"['SPC_MBFLIP', 'SPC_MNUF', 'UC_NONE', 'TPC_MPOLY', 'TPC_MNUF', 'UC_NONE', 'SPC_MPOLY', 'SBX_MPOLY', 'TPC_NONE', 'SBX_MPOLY', 'SBX_MPOLY', 'TPC_MPOLY', 'SPC_NONE', 'SPC_NONE', 'TPC_NONE', 'TPC_NONE', 'TPC_MPOLY', 'TPC_NONE', 'TPC_NONE', 'TPC_NONE', 'TPC_NONE', 'UC_NONE', 'SPC_NONE', 'TPC_NONE', 'SPC_NONE', 'TPC_NONE', 'UC_NONE', 'TPC_NONE']","{'SPC_MNUF': 1, 'UC_NONE': 4, 'TPC_MPOLY': 3, 'TPC_MNUF': 1, 'SPC_MPOLY': 1, 'SBX_MPOLY': 3, 'TPC_NONE': 10, 'SPC_NONE': 4}"
11,28,UC,NONE,0.6885124129944529,0.0348657947899226,692232046.08,507261936.7956586,2724495.52,2089793.87244712,0.7387053277396626,6.198442734384191e-05,0.02,0.0,GREEDY_HV,"['SPC_MBFLIP', 'SPC_MNUF', 'UC_NONE', 'TPC_MPOLY', 'TPC_MNUF', 'UC_NONE', 'SPC_MPOLY', 'SBX_MPOLY', 'TPC_NONE', 'SBX_MPOLY', 'SBX_MPOLY', 'TPC_MPOLY', 'SPC_NONE', 'SPC_NONE', 'TPC_NONE', 'TPC_NONE', 'TPC_MPOLY', 'TPC_NONE', 'TPC_NONE', 'TPC_NONE', 'TPC_NONE', 'UC_NONE', 'SPC_NONE', 'TPC_NONE', 'SPC_NONE', 'TPC_NONE', 'UC_NONE', 'TPC_NONE', 'UC_NONE']","{'SPC_MNUF': 1, 'UC_NONE': 5, 'TPC_MPOLY': 3, 'TPC_MNUF': 1, 'SPC_MPOLY': 1, 'SBX_MPOLY': 3, 'TPC_NONE': 10, 'SPC_NONE': 4}"
11,29,SPC,NONE,0.6878507469489079,0.0349534788221543,667311923.2,518784863.4429519,2737728.16,2077067.0549346772,0.7387029426266165,-2.385113046066145e-06,0.0,0.0,GREEDY_HV,"['SPC_MBFLIP', 'SPC_MNUF', 'UC_NONE', 'TPC_MPOLY', 'TPC_MNUF', 'UC_NONE', 'SPC_MPOLY', 'SBX_MPOLY', 'TPC_NONE', 'SBX_MPOLY', 'SBX_MPOLY', 'TPC_MPOLY', 'SPC_NONE', 'SPC_NONE', 'TPC_NONE', 'TPC_NONE', 'TPC_MPOLY', 'TPC_NONE', 'TPC_NONE', 'TPC_NONE', 'TPC_NONE', 'UC_NONE', 'SPC_NONE', 'TPC_NONE', 'SPC_NONE', 'TPC_NONE', 'UC_NONE', 'TPC_NONE', 'UC_NONE', 'SPC_NONE']","{'SPC_MNUF': 1, 'UC_NONE': 5, 'TPC_MPOLY': 3, 'TPC_MNUF': 1, 'SPC_MPOLY': 1, 'SBX_MPOLY': 3, 'TPC_NONE': 10, 'SPC_NONE': 5}"
11,30,UC,NONE,0.688063791740793,0.0349284518043218,705271613.44,525505340.9990201,2462140.32,1899039.4662646211,0.7387123153382098,9.372711593291784e-06,0.0,0.0,GREEDY_HV,"['SPC_MBFLIP', 'SPC_MNUF', 'UC_NONE', 'TPC_MPOLY', 'TPC_MNUF', 'UC_NONE', 'SPC_MPOLY', 'SBX_MPOLY', 'TPC_NONE', 'SBX_MPOLY', 'SBX_MPOLY', 'TPC_MPOLY', 'SPC_NONE', 'SPC_NONE', 'TPC_NONE', 'TPC_NONE', 'TPC_MPOLY', 'TPC_NONE', 'TPC_NONE', 'TPC_NONE', 'TPC_NONE', 'UC_NONE', 'SPC_NONE', 'TPC_NONE', 'SPC_NONE', 'TPC_NONE', 'UC_NONE', 'TPC_NONE', 'UC_NONE', 'SPC_NONE', 'UC_NONE']","{'SPC_MNUF': 1, 'UC_NONE': 6, 'TPC_MPOLY': 3, 'TPC_MNUF': 1, 'SPC_MPOLY': 1, 'SBX_MPOLY': 3, 'TPC_NONE': 10, 'SPC_NONE': 5}"
11,31,TPC,NONE,0.688207815969802,0.0349204420841652,689443681.28,523967797.4083906,2483032.48,1900758.314476349,0.738757448011263,4.5132673053172034e-05,0.0,0.0,GREEDY_HV,"['SPC_MBFLIP', 'SPC_MNUF', 'UC_NONE', 'TPC_MPOLY', 'TPC_MNUF', 'UC_NONE', 'SPC_MPOLY', 'SBX_MPOLY', 'TPC_NONE', 'SBX_MPOLY', 'SBX_MPOLY', 'TPC_MPOLY', 'SPC_NONE', 'SPC_NONE', 'TPC_NONE', 'TPC_NONE', 'TPC_MPOLY', 'TPC_NONE', 'TPC_NONE', 'TPC_NONE', 'TPC_NONE', 'UC_NONE', 'SPC_NONE', 'TPC_NONE', 'SPC_NONE', 'TPC_NONE', 'UC_NONE', 'TPC_NONE', 'UC_NONE', 'SPC_NONE', 'UC_NONE', 'TPC_NONE']","{'SPC_MNUF': 1, 'UC_NONE': 6, 'TPC_MPOLY': 3, 'TPC_MNUF': 1, 'SPC_MPOLY': 1, 'SBX_MPOLY': 3, 'TPC_NONE': 11, 'SPC_NONE': 5}"
11,32,UC,NONE,0.6871099426610797,0.0348062040261118,680010979.84,525732957.4047932,2353689.76,1880544.4453376643,0.7387570655826038,-3.82428659184697e-07,0.0,0.0,GREEDY_HV,"['SPC_MBFLIP', 'SPC_MNUF', 'UC_NONE', 'TPC_MPOLY', 'TPC_MNUF', 'UC_NONE', 'SPC_MPOLY', 'SBX_MPOLY', 'TPC_NONE', 'SBX_MPOLY', 'SBX_MPOLY', 'TPC_MPOLY', 'SPC_NONE', 'SPC_NONE', 'TPC_NONE', 'TPC_NONE', 'TPC_MPOLY', 'TPC_NONE', 'TPC_NONE', 'TPC_NONE', 'TPC_NONE', 'UC_NONE', 'SPC_NONE', 'TPC_NONE', 'SPC_NONE', 'TPC_NONE', 'UC_NONE', 'TPC_NONE', 'UC_NONE', 'SPC_NONE', 'UC_NONE', 'TPC_NONE', 'UC_NONE']","{'SPC_MNUF': 1, 'UC_NONE': 7, 'TPC_MPOLY': 3, 'TPC_MNUF': 1, 'SPC_MPOLY': 1, 'SBX_MPOLY': 3, 'TPC_NONE': 11, 'SPC_NONE': 5}"
11,33,UC,NONE,0.6872299114606295,0.035092729004866,692488586.24,523092429.1406921,2425872.8,1932707.420415868,0.7387564758100789,-5.897725249282004e-07,0.01,0.0,GREEDY_HV,"['SPC_MBFLIP', 'SPC_MNUF', 'UC_NONE', 'TPC_MPOLY', 'TPC_MNUF', 'UC_NONE', 'SPC_MPOLY', 'SBX_MPOLY', 'TPC_NONE', 'SBX_MPOLY', 'SBX_MPOLY', 'TPC_MPOLY', 'SPC_NONE', 'SPC_NONE', 'TPC_NONE', 'TPC_NONE', 'TPC_MPOLY', 'TPC_NONE', 'TPC_NONE', 'TPC_NONE', 'TPC_NONE', 'UC_NONE', 'SPC_NONE', 'TPC_NONE', 'SPC_NONE', 'TPC_NONE', 'UC_NONE', 'TPC_NONE', 'UC_NONE', 'SPC_NONE', 'UC_NONE', 'TPC_NONE', 'UC_NONE', 'UC_NONE']","{'SPC_MNUF': 1, 'UC_NONE': 8, 'TPC_MPOLY': 3, 'TPC_MNUF': 1, 'SPC_MPOLY': 1, 'SBX_MPOLY': 3, 'TPC_NONE': 11, 'SPC_NONE': 5}"
11,34,TPC,NONE,0.6878245731123394,0.0351035399977801,691382922.24,521325895.93410087,2430443.68,1918849.386415989,0.7388287217351284,7.224592504950778e-05,0.0,0.0,GREEDY_HV,"['SPC_MBFLIP', 'SPC_MNUF', 'UC_NONE', 'TPC_MPOLY', 'TPC_MNUF', 'UC_NONE', 'SPC_MPOLY', 'SBX_MPOLY', 'TPC_NONE', 'SBX_MPOLY', 'SBX_MPOLY', 'TPC_MPOLY', 'SPC_NONE', 'SPC_NONE', 'TPC_NONE', 'TPC_NONE', 'TPC_MPOLY', 'TPC_NONE', 'TPC_NONE', 'TPC_NONE', 'TPC_NONE', 'UC_NONE', 'SPC_NONE', 'TPC_NONE', 'SPC_NONE', 'TPC_NONE', 'UC_NONE', 'TPC_NONE', 'UC_NONE', 'SPC_NONE', 'UC_NONE', 'TPC_NONE', 'UC_NONE', 'UC_NONE', 'TPC_NONE']","{'SPC_MNUF': 1, 'UC_NONE': 8, 'TPC_MPOLY': 3, 'TPC_MNUF': 1, 'SPC_MPOLY': 1, 'SBX_MPOLY': 3, 'TPC_NONE': 12, 'SPC_NONE': 5}"
11,35,UC,NONE,0.6884017192867059,0.0351751653777382,710179476.48,528018796.6239929,2463165.6,1908198.1984840047,0.7388416431659084,1.2921430780021836e-05,0.0,0.0,GREEDY_HV,"['SPC_MBFLIP', 'SPC_MNUF', 'UC_NONE', 'TPC_MPOLY', 'TPC_MNUF', 'UC_NONE', 'SPC_MPOLY', 'SBX_MPOLY', 'TPC_NONE', 'SBX_MPOLY', 'SBX_MPOLY', 'TPC_MPOLY', 'SPC_NONE', 'SPC_NONE', 'TPC_NONE', 'TPC_NONE', 'TPC_MPOLY', 'TPC_NONE', 'TPC_NONE', 'TPC_NONE', 'TPC_NONE', 'UC_NONE', 'SPC_NONE', 'TPC_NONE', 'SPC_NONE', 'TPC_NONE', 'UC_NONE', 'TPC_NONE', 'UC_NONE', 'SPC_NONE', 'UC_NONE', 'TPC_NONE', 'UC_NONE', 'UC_NONE', 'TPC_NONE', 'UC_NONE']","{'SPC_MNUF': 1, 'UC_NONE': 9, 'TPC_MPOLY': 3, 'TPC_MNUF': 1, 'SPC_MPOLY': 1, 'SBX_MPOLY': 3, 'TPC_NONE': 12, 'SPC_NONE': 5}"
11,36,TPC,NONE,0.6870901898158118,0.0350206256447741,668705515.52,522353027.6651068,2406551.2,1919804.4687209576,0.7388295033697454,-1.213979616299099e-05,0.01,0.0,GREEDY_HV,"['SPC_MBFLIP', 'SPC_MNUF', 'UC_NONE', 'TPC_MPOLY', 'TPC_MNUF', 'UC_NONE', 'SPC_MPOLY', 'SBX_MPOLY', 'TPC_NONE', 'SBX_MPOLY', 'SBX_MPOLY', 'TPC_MPOLY', 'SPC_NONE', 'SPC_NONE', 'TPC_NONE', 'TPC_NONE', 'TPC_MPOLY', 'TPC_NONE', 'TPC_NONE', 'TPC_NONE', 'TPC_NONE', 'UC_NONE', 'SPC_NONE', 'TPC_NONE', 'SPC_NONE', 'TPC_NONE', 'UC_NONE', 'TPC_NONE', 'UC_NONE', 'SPC_NONE', 'UC_NONE', 'TPC_NONE', 'UC_NONE', 'UC_NONE', 'TPC_NONE', 'UC_NONE', 'TPC_NONE']","{'SPC_MNUF': 1, 'UC_NONE': 9, 'TPC_MPOLY': 3, 'TPC_MNUF': 1, 'SPC_MPOLY': 1, 'SBX_MPOLY': 3, 'TPC_NONE': 13, 'SPC_NONE': 5}"
11,37,TPC,NONE,0.6881981241708938,0.0351496873392281,702221655.04,533258507.9903478,2537868.96,1872117.754666784,0.7388430332786938,1.3529908948428648e-05,0.02,0.0,GREEDY_HV,"['SPC_MBFLIP', 'SPC_MNUF', 'UC_NONE', 'TPC_MPOLY', 'TPC_MNUF', 'UC_NONE', 'SPC_MPOLY', 'SBX_MPOLY', 'TPC_NONE', 'SBX_MPOLY', 'SBX_MPOLY', 'TPC_MPOLY', 'SPC_NONE', 'SPC_NONE', 'TPC_NONE', 'TPC_NONE', 'TPC_MPOLY', 'TPC_NONE', 'TPC_NONE', 'TPC_NONE', 'TPC_NONE', 'UC_NONE', 'SPC_NONE', 'TPC_NONE', 'SPC_NONE', 'TPC_NONE', 'UC_NONE', 'TPC_NONE', 'UC_NONE', 'SPC_NONE', 'UC_NONE', 'TPC_NONE', 'UC_NONE', 'UC_NONE', 'TPC_NONE', 'UC_NONE', 'TPC_NONE', 'TPC_NONE']","{'SPC_MNUF': 1, 'UC_NONE': 9, 'TPC_MPOLY': 3, 'TPC_MNUF': 1, 'SPC_MPOLY': 1, 'SBX_MPOLY': 3, 'TPC_NONE': 14, 'SPC_NONE': 5}"
11,38,TPC,NONE,0.6882610182553672,0.034702846790371,684382167.04,519227202.7526978,2518542.24,1860846.000765228,0.738813168616715,-2.986466197885118e-05,0.0,0.0,GREEDY_HV,"['SPC_MBFLIP', 'SPC_MNUF', 'UC_NONE', 'TPC_MPOLY', 'TPC_MNUF', 'UC_NONE', 'SPC_MPOLY', 'SBX_MPOLY', 'TPC_NONE', 'SBX_MPOLY', 'SBX_MPOLY', 'TPC_MPOLY', 'SPC_NONE', 'SPC_NONE', 'TPC_NONE', 'TPC_NONE', 'TPC_MPOLY', 'TPC_NONE', 'TPC_NONE', 'TPC_NONE', 'TPC_NONE', 'UC_NONE', 'SPC_NONE', 'TPC_NONE', 'SPC_NONE', 'TPC_NONE', 'UC_NONE', 'TPC_NONE', 'UC_NONE', 'SPC_NONE', 'UC_NONE', 'TPC_NONE', 'UC_NONE', 'UC_NONE', 'TPC_NONE', 'UC_NONE', 'TPC_NONE', 'TPC_NONE', 'TPC_NONE']","{'SPC_MNUF': 1, 'UC_NONE': 9, 'TPC_MPOLY': 3, 'TPC_MNUF': 1, 'SPC_MPOLY': 1, 'SBX_MPOLY': 3, 'TPC_NONE': 15, 'SPC_NONE': 5}"
11,39,SPC,NONE,0.6897968534784316,0.0350403313100474,724627171.84,529049186.2462236,2737991.84,1876071.7807171384,0.7387794628461968,-3.3705770518199785e-05,0.0,0.0,GREEDY_HV,"['SPC_MBFLIP', 'SPC_MNUF', 'UC_NONE', 'TPC_MPOLY', 'TPC_MNUF', 'UC_NONE', 'SPC_MPOLY', 'SBX_MPOLY', 'TPC_NONE', 'SBX_MPOLY', 'SBX_MPOLY', 'TPC_MPOLY', 'SPC_NONE', 'SPC_NONE', 'TPC_NONE', 'TPC_NONE', 'TPC_MPOLY', 'TPC_NONE', 'TPC_NONE', 'TPC_NONE', 'TPC_NONE', 'UC_NONE', 'SPC_NONE', 'TPC_NONE', 'SPC_NONE', 'TPC_NONE', 'UC_NONE', 'TPC_NONE', 'UC_NONE', 'SPC_NONE', 'UC_NONE', 'TPC_NONE', 'UC_NONE', 'UC_NONE', 'TPC_NONE', 'UC_NONE', 'TPC_NONE', 'TPC_NONE', 'TPC_NONE', 'SPC_NONE']","{'SPC_MNUF': 1, 'UC_NONE': 9, 'TPC_MPOLY': 3, 'TPC_MNUF': 1, 'SPC_MPOLY': 1, 'SBX_MPOLY': 3, 'TPC_NONE': 15, 'SPC_NONE': 6}"
11,40,SPC,NONE,0.6897273905368579,0.0347504567975661,705646886.4,518176736.80999976,2640722.08,1889385.801830551,0.738734634530911,-4.482831528573872e-05,0.01,0.0,GREEDY_HV,"['SPC_MBFLIP', 'SPC_MNUF', 'UC_NONE', 'TPC_MPOLY', 'TPC_MNUF', 'UC_NONE', 'SPC_MPOLY', 'SBX_MPOLY', 'TPC_NONE', 'SBX_MPOLY', 'SBX_MPOLY', 'TPC_MPOLY', 'SPC_NONE', 'SPC_NONE', 'TPC_NONE', 'TPC_NONE', 'TPC_MPOLY', 'TPC_NONE', 'TPC_NONE', 'TPC_NONE', 'TPC_NONE', 'UC_NONE', 'SPC_NONE', 'TPC_NONE', 'SPC_NONE', 'TPC_NONE', 'UC_NONE', 'TPC_NONE', 'UC_NONE', 'SPC_NONE', 'UC_NONE', 'TPC_NONE', 'UC_NONE', 'UC_NONE', 'TPC_NONE', 'UC_NONE', 'TPC_NONE', 'TPC_NONE', 'TPC_NONE', 'SPC_NONE', 'SPC_NONE']","{'SPC_MNUF': 1, 'UC_NONE': 9, 'TPC_MPOLY': 3, 'TPC_MNUF': 1, 'SPC_MPOLY': 1, 'SBX_MPOLY': 3, 'TPC_NONE': 15, 'SPC_NONE': 7}"
11,41,TPC,MPOLY,0.6885903450592059,0.0346102759379425,666382502.4,489525756.93198174,2520953.76,1842496.560441084,0.7387865035122416,5.186898133058282e-05,0.0,0.0,GREEDY_HV,"['SPC_MBFLIP', 'SPC_MNUF', 'UC_NONE', 'TPC_MPOLY', 'TPC_MNUF', 'UC_NONE', 'SPC_MPOLY', 'SBX_MPOLY', 'TPC_NONE', 'SBX_MPOLY', 'SBX_MPOLY', 'TPC_MPOLY', 'SPC_NONE', 'SPC_NONE', 'TPC_NONE', 'TPC_NONE', 'TPC_MPOLY', 'TPC_NONE', 'TPC_NONE', 'TPC_NONE', 'TPC_NONE', 'UC_NONE', 'SPC_NONE', 'TPC_NONE', 'SPC_NONE', 'TPC_NONE', 'UC_NONE', 'TPC_NONE', 'UC_NONE', 'SPC_NONE', 'UC_NONE', 'TPC_NONE', 'UC_NONE', 'UC_NONE', 'TPC_NONE', 'UC_NONE', 'TPC_NONE', 'TPC_NONE', 'TPC_NONE', 'SPC_NONE', 'SPC_NONE', 'TPC_MPOLY']","{'SPC_MNUF': 1, 'UC_NONE': 9, 'TPC_MPOLY': 4, 'TPC_MNUF': 1, 'SPC_MPOLY': 1, 'SBX_MPOLY': 3, 'TPC_NONE': 15, 'SPC_NONE': 7}"
11,42,UC,NONE,0.686954407540036,0.034386380307388,610904491.52,480280595.7654548,2370814.88,1836953.256997125,0.7388323375853115,4.583407306990584e-05,0.01,0.0,GREEDY_HV,"['SPC_MBFLIP', 'SPC_MNUF', 'UC_NONE', 'TPC_MPOLY', 'TPC_MNUF', 'UC_NONE', 'SPC_MPOLY', 'SBX_MPOLY', 'TPC_NONE', 'SBX_MPOLY', 'SBX_MPOLY', 'TPC_MPOLY', 'SPC_NONE', 'SPC_NONE', 'TPC_NONE', 'TPC_NONE', 'TPC_MPOLY', 'TPC_NONE', 'TPC_NONE', 'TPC_NONE', 'TPC_NONE', 'UC_NONE', 'SPC_NONE', 'TPC_NONE', 'SPC_NONE', 'TPC_NONE', 'UC_NONE', 'TPC_NONE', 'UC_NONE', 'SPC_NONE', 'UC_NONE', 'TPC_NONE', 'UC_NONE', 'UC_NONE', 'TPC_NONE', 'UC_NONE', 'TPC_NONE', 'TPC_NONE', 'TPC_NONE', 'SPC_NONE', 'SPC_NONE', 'TPC_MPOLY', 'UC_NONE']","{'SPC_MNUF': 1, 'UC_NONE': 10, 'TPC_MPOLY': 4, 'TPC_MNUF': 1, 'SPC_MPOLY': 1, 'SBX_MPOLY': 3, 'TPC_NONE': 15, 'SPC_NONE': 7}"
11,43,TPC,NONE,0.68818425777411,0.034528756824272,634455610.88,484878515.602311,2424836.0,1800076.9705569816,0.7388634580482676,3.112046295605797e-05,0.01,0.0,GREEDY_HV,"['SPC_MBFLIP', 'SPC_MNUF', 'UC_NONE', 'TPC_MPOLY', 'TPC_MNUF', 'UC_NONE', 'SPC_MPOLY', 'SBX_MPOLY', 'TPC_NONE', 'SBX_MPOLY', 'SBX_MPOLY', 'TPC_MPOLY', 'SPC_NONE', 'SPC_NONE', 'TPC_NONE', 'TPC_NONE', 'TPC_MPOLY', 'TPC_NONE', 'TPC_NONE', 'TPC_NONE', 'TPC_NONE', 'UC_NONE', 'SPC_NONE', 'TPC_NONE', 'SPC_NONE', 'TPC_NONE', 'UC_NONE', 'TPC_NONE', 'UC_NONE', 'SPC_NONE', 'UC_NONE', 'TPC_NONE', 'UC_NONE', 'UC_NONE', 'TPC_NONE', 'UC_NONE', 'TPC_NONE', 'TPC_NONE', 'TPC_NONE', 'SPC_NONE', 'SPC_NONE', 'TPC_MPOLY', 'UC_NONE', 'TPC_NONE']","{'SPC_MNUF': 1, 'UC_NONE': 10, 'TPC_MPOLY': 4, 'TPC_MNUF': 1, 'SPC_MPOLY': 1, 'SBX_MPOLY': 3, 'TPC_NONE': 16, 'SPC_NONE': 7}"
11,44,SPC,NONE,0.6874629773512055,0.0347675193657039,619088750.08,478123158.6761629,2416912.8,1824049.8288099037,0.7389519456234869,8.848757521928707e-05,0.0,0.0,GREEDY_HV,"['SPC_MBFLIP', 'SPC_MNUF', 'UC_NONE', 'TPC_MPOLY', 'TPC_MNUF', 'UC_NONE', 'SPC_MPOLY', 'SBX_MPOLY', 'TPC_NONE', 'SBX_MPOLY', 'SBX_MPOLY', 'TPC_MPOLY', 'SPC_NONE', 'SPC_NONE', 'TPC_NONE', 'TPC_NONE', 'TPC_MPOLY', 'TPC_NONE', 'TPC_NONE', 'TPC_NONE', 'TPC_NONE', 'UC_NONE', 'SPC_NONE', 'TPC_NONE', 'SPC_NONE', 'TPC_NONE', 'UC_NONE', 'TPC_NONE', 'UC_NONE', 'SPC_NONE', 'UC_NONE', 'TPC_NONE', 'UC_NONE', 'UC_NONE', 'TPC_NONE', 'UC_NONE', 'TPC_NONE', 'TPC_NONE', 'TPC_NONE', 'SPC_NONE', 'SPC_NONE', 'TPC_MPOLY', 'UC_NONE', 'TPC_NONE', 'SPC_NONE']","{'SPC_MNUF': 1, 'UC_NONE': 10, 'TPC_MPOLY': 4, 'TPC_MNUF': 1, 'SPC_MPOLY': 1, 'SBX_MPOLY': 3, 'TPC_NONE': 16, 'SPC_NONE': 8}"
11,45,TPC,NONE,0.6886992731909223,0.0345742389567288,639261053.44,477902549.1122192,2467884.96,1812882.6085951943,0.7389645774740046,1.2631850517696996e-05,0.0,0.0,GREEDY_HV,"['SPC_MBFLIP', 'SPC_MNUF', 'UC_NONE', 'TPC_MPOLY', 'TPC_MNUF', 'UC_NONE', 'SPC_MPOLY', 'SBX_MPOLY', 'TPC_NONE', 'SBX_MPOLY', 'SBX_MPOLY', 'TPC_MPOLY', 'SPC_NONE', 'SPC_NONE', 'TPC_NONE', 'TPC_NONE', 'TPC_MPOLY', 'TPC_NONE', 'TPC_NONE', 'TPC_NONE', 'TPC_NONE', 'UC_NONE', 'SPC_NONE', 'TPC_NONE', 'SPC_NONE', 'TPC_NONE', 'UC_NONE', 'TPC_NONE', 'UC_NONE', 'SPC_NONE', 'UC_NONE', 'TPC_NONE', 'UC_NONE', 'UC_NONE', 'TPC_NONE', 'UC_NONE', 'TPC_NONE', 'TPC_NONE', 'TPC_NONE', 'SPC_NONE', 'SPC_NONE', 'TPC_MPOLY', 'UC_NONE', 'TPC_NONE', 'SPC_NONE', 'TPC_NONE']","{'SPC_MNUF': 1, 'UC_NONE': 10, 'TPC_MPOLY': 4, 'TPC_MNUF': 1, 'SPC_MPOLY': 1, 'SBX_MPOLY': 3, 'TPC_NONE': 17, 'SPC_NONE': 8}"
11,46,SPC,NONE,0.6872627562922905,0.0344858654010682,624249623.04,474490505.6159512,2276807.84,1820577.515125828,0.7390062807805065,4.170330650188348e-05,0.01,0.0,GREEDY_HV,"['SPC_MBFLIP', 'SPC_MNUF', 'UC_NONE', 'TPC_MPOLY', 'TPC_MNUF', 'UC_NONE', 'SPC_MPOLY', 'SBX_MPOLY', 'TPC_NONE', 'SBX_MPOLY', 'SBX_MPOLY', 'TPC_MPOLY', 'SPC_NONE', 'SPC_NONE', 'TPC_NONE', 'TPC_NONE', 'TPC_MPOLY', 'TPC_NONE', 'TPC_NONE', 'TPC_NONE', 'TPC_NONE', 'UC_NONE', 'SPC_NONE', 'TPC_NONE', 'SPC_NONE', 'TPC_NONE', 'UC_NONE', 'TPC_NONE', 'UC_NONE', 'SPC_NONE', 'UC_NONE', 'TPC_NONE', 'UC_NONE', 'UC_NONE', 'TPC_NONE', 'UC_NONE', 'TPC_NONE', 'TPC_NONE', 'TPC_NONE', 'SPC_NONE', 'SPC_NONE', 'TPC_MPOLY', 'UC_NONE', 'TPC_NONE', 'SPC_NONE', 'TPC_NONE', 'SPC_NONE']","{'SPC_MNUF': 1, 'UC_NONE': 10, 'TPC_MPOLY': 4, 'TPC_MNUF': 1, 'SPC_MPOLY': 1, 'SBX_MPOLY': 3, 'TPC_NONE': 17, 'SPC_NONE': 9}"
11,47,TPC,NONE,0.6866786836617672,0.0346336361947415,610470737.92,472736763.3275089,2269760.16,1841757.7018880565,0.739055621683835,4.934090332853192e-05,0.0,0.0,GREEDY_HV,"['SPC_MBFLIP', 'SPC_MNUF', 'UC_NONE', 'TPC_MPOLY', 'TPC_MNUF', 'UC_NONE', 'SPC_MPOLY', 'SBX_MPOLY', 'TPC_NONE', 'SBX_MPOLY', 'SBX_MPOLY', 'TPC_MPOLY', 'SPC_NONE', 'SPC_NONE', 'TPC_NONE', 'TPC_NONE', 'TPC_MPOLY', 'TPC_NONE', 'TPC_NONE', 'TPC_NONE', 'TPC_NONE', 'UC_NONE', 'SPC_NONE', 'TPC_NONE', 'SPC_NONE', 'TPC_NONE', 'UC_NONE', 'TPC_NONE', 'UC_NONE', 'SPC_NONE', 'UC_NONE', 'TPC_NONE', 'UC_NONE', 'UC_NONE', 'TPC_NONE', 'UC_NONE', 'TPC_NONE', 'TPC_NONE', 'TPC_NONE', 'SPC_NONE', 'SPC_NONE', 'TPC_MPOLY', 'UC_NONE', 'TPC_NONE', 'SPC_NONE', 'TPC_NONE', 'SPC_NONE', 'TPC_NONE']","{'SPC_MNUF': 1, 'UC_NONE': 10, 'TPC_MPOLY': 4, 'TPC_MNUF': 1, 'SPC_MPOLY': 1, 'SBX_MPOLY': 3, 'TPC_NONE': 18, 'SPC_NONE': 9}"
11,48,UC,NONE,0.6857132905018042,0.0343934248630165,570883993.6,431415107.0944256,2130203.04,1768513.3403336145,0.7391220535878312,6.643190399624466e-05,0.02,0.0,GREEDY_HV,"['SPC_MBFLIP', 'SPC_MNUF', 'UC_NONE', 'TPC_MPOLY', 'TPC_MNUF', 'UC_NONE', 'SPC_MPOLY', 'SBX_MPOLY', 'TPC_NONE', 'SBX_MPOLY', 'SBX_MPOLY', 'TPC_MPOLY', 'SPC_NONE', 'SPC_NONE', 'TPC_NONE', 'TPC_NONE', 'TPC_MPOLY', 'TPC_NONE', 'TPC_NONE', 'TPC_NONE', 'TPC_NONE', 'UC_NONE', 'SPC_NONE', 'TPC_NONE', 'SPC_NONE', 'TPC_NONE', 'UC_NONE', 'TPC_NONE', 'UC_NONE', 'SPC_NONE', 'UC_NONE', 'TPC_NONE', 'UC_NONE', 'UC_NONE', 'TPC_NONE', 'UC_NONE', 'TPC_NONE', 'TPC_NONE', 'TPC_NONE', 'SPC_NONE', 'SPC_NONE', 'TPC_MPOLY', 'UC_NONE', 'TPC_NONE', 'SPC_NONE', 'TPC_NONE', 'SPC_NONE', 'TPC_NONE', 'UC_NONE']","{'SPC_MNUF': 1, 'UC_NONE': 11, 'TPC_MPOLY': 4, 'TPC_MNUF': 1, 'SPC_MPOLY': 1, 'SBX_MPOLY': 3, 'TPC_NONE': 18, 'SPC_NONE': 9}"
11,49,UC,NONE,0.685919017269026,0.0343748474035141,572223258.88,446772617.2857441,2199195.04,1776321.4713196144,0.7391059764774708,-1.6077110360446234e-05,0.01,0.0,GREEDY_HV,"['SPC_MBFLIP', 'SPC_MNUF', 'UC_NONE', 'TPC_MPOLY', 'TPC_MNUF', 'UC_NONE', 'SPC_MPOLY', 'SBX_MPOLY', 'TPC_NONE', 'SBX_MPOLY', 'SBX_MPOLY', 'TPC_MPOLY', 'SPC_NONE', 'SPC_NONE', 'TPC_NONE', 'TPC_NONE', 'TPC_MPOLY', 'TPC_NONE', 'TPC_NONE', 'TPC_NONE', 'TPC_NONE', 'UC_NONE', 'SPC_NONE', 'TPC_NONE', 'SPC_NONE', 'TPC_NONE', 'UC_NONE', 'TPC_NONE', 'UC_NONE', 'SPC_NONE', 'UC_NONE', 'TPC_NONE', 'UC_NONE', 'UC_NONE', 'TPC_NONE', 'UC_NONE', 'TPC_NONE', 'TPC_NONE', 'TPC_NONE', 'SPC_NONE', 'SPC_NONE', 'TPC_MPOLY', 'UC_NONE', 'TPC_NONE', 'SPC_NONE', 'TPC_NONE', 'SPC_NONE', 'TPC_NONE', 'UC_NONE', 'UC_NONE']","{'SPC_MNUF': 1, 'UC_NONE': 12, 'TPC_MPOLY': 4, 'TPC_MNUF': 1, 'SPC_MPOLY': 1, 'SBX_MPOLY': 3, 'TPC_NONE': 18, 'SPC_NONE': 9}"
11,50,SPC,NONE,0.6883634622899286,0.0342846855706603,608559392.0,447222304.8031784,2383588.0,1813283.3684874736,0.7391167374192392,1.0760941768439558e-05,0.0,0.0,GREEDY_HV,"['SPC_MBFLIP', 'SPC_MNUF', 'UC_NONE', 'TPC_MPOLY', 'TPC_MNUF', 'UC_NONE', 'SPC_MPOLY', 'SBX_MPOLY', 'TPC_NONE', 'SBX_MPOLY', 'SBX_MPOLY', 'TPC_MPOLY', 'SPC_NONE', 'SPC_NONE', 'TPC_NONE', 'TPC_NONE', 'TPC_MPOLY', 'TPC_NONE', 'TPC_NONE', 'TPC_NONE', 'TPC_NONE', 'UC_NONE', 'SPC_NONE', 'TPC_NONE', 'SPC_NONE', 'TPC_NONE', 'UC_NONE', 'TPC_NONE', 'UC_NONE', 'SPC_NONE', 'UC_NONE', 'TPC_NONE', 'UC_NONE', 'UC_NONE', 'TPC_NONE', 'UC_NONE', 'TPC_NONE', 'TPC_NONE', 'TPC_NONE', 'SPC_NONE', 'SPC_NONE', 'TPC_MPOLY', 'UC_NONE', 'TPC_NONE', 'SPC_NONE', 'TPC_NONE', 'SPC_NONE', 'TPC_NONE', 'UC_NONE', 'UC_NONE', 'SPC_NONE']","{'SPC_MNUF': 1, 'UC_NONE': 12, 'TPC_MPOLY': 4, 'TPC_MNUF': 1, 'SPC_MPOLY': 1, 'SBX_MPOLY': 3, 'TPC_NONE': 18, 'SPC_NONE': 10}"
11,51,SPC,NONE,0.6861909489896877,0.0347627180423987,583089107.2,456751864.75716,2311490.72,1889983.8062181063,0.7391451939437507,2.8456524511444314e-05,0.01,0.0,GREEDY_HV,"['SPC_MBFLIP', 'SPC_MNUF', 'UC_NONE', 'TPC_MPOLY', 'TPC_MNUF', 'UC_NONE', 'SPC_MPOLY', 'SBX_MPOLY', 'TPC_NONE', 'SBX_MPOLY', 'SBX_MPOLY', 'TPC_MPOLY', 'SPC_NONE', 'SPC_NONE', 'TPC_NONE', 'TPC_NONE', 'TPC_MPOLY', 'TPC_NONE', 'TPC_NONE', 'TPC_NONE', 'TPC_NONE', 'UC_NONE', 'SPC_NONE', 'TPC_NONE', 'SPC_NONE', 'TPC_NONE', 'UC_NONE', 'TPC_NONE', 'UC_NONE', 'SPC_NONE', 'UC_NONE', 'TPC_NONE', 'UC_NONE', 'UC_NONE', 'TPC_NONE', 'UC_NONE', 'TPC_NONE', 'TPC_NONE', 'TPC_NONE', 'SPC_NONE', 'SPC_NONE', 'TPC_MPOLY', 'UC_NONE', 'TPC_NONE', 'SPC_NONE', 'TPC_NONE', 'SPC_NONE', 'TPC_NONE', 'UC_NONE', 'UC_NONE', 'SPC_NONE', 'SPC_NONE']","{'SPC_MNUF': 1, 'UC_NONE': 12, 'TPC_MPOLY': 4, 'TPC_MNUF': 1, 'SPC_MPOLY': 1, 'SBX_MPOLY': 3, 'TPC_NONE': 18, 'SPC_NONE': 11}"
11,52,UC,NONE,0.686910600164578,0.0343486399335356,598514515.2,444622988.0783431,2320046.24,1900890.718346308,0.7391622566761147,1.70627323640149e-05,0.0,0.0,GREEDY_HV,"['SPC_MBFLIP', 'SPC_MNUF', 'UC_NONE', 'TPC_MPOLY', 'TPC_MNUF', 'UC_NONE', 'SPC_MPOLY', 'SBX_MPOLY', 'TPC_NONE', 'SBX_MPOLY', 'SBX_MPOLY', 'TPC_MPOLY', 'SPC_NONE', 'SPC_NONE', 'TPC_NONE', 'TPC_NONE', 'TPC_MPOLY', 'TPC_NONE', 'TPC_NONE', 'TPC_NONE', 'TPC_NONE', 'UC_NONE', 'SPC_NONE', 'TPC_NONE', 'SPC_NONE', 'TPC_NONE', 'UC_NONE', 'TPC_NONE', 'UC_NONE', 'SPC_NONE', 'UC_NONE', 'TPC_NONE', 'UC_NONE', 'UC_NONE', 'TPC_NONE', 'UC_NONE', 'TPC_NONE', 'TPC_NONE', 'TPC_NONE', 'SPC_NONE', 'SPC_NONE', 'TPC_MPOLY', 'UC_NONE', 'TPC_NONE', 'SPC_NONE', 'TPC_NONE', 'SPC_NONE', 'TPC_NONE', 'UC_NONE', 'UC_NONE', 'SPC_NONE', 'SPC_NONE', 'UC_NONE']","{'SPC_MNUF': 1, 'UC_NONE': 13, 'TPC_MPOLY': 4, 'TPC_MNUF': 1, 'SPC_MPOLY': 1, 'SBX_MPOLY': 3, 'TPC_NONE': 18, 'SPC_NONE': 11}"
11,53,TPC,NONE,0.6879688227701063,0.0342054548974499,606411567.36,444036668.71227735,2213429.92,1671832.5773697295,0.7391295164119299,-3.2740264184760726e-05,0.01,0.0,GREEDY_HV,"['SPC_MBFLIP', 'SPC_MNUF', 'UC_NONE', 'TPC_MPOLY', 'TPC_MNUF', 'UC_NONE', 'SPC_MPOLY', 'SBX_MPOLY', 'TPC_NONE', 'SBX_MPOLY', 'SBX_MPOLY', 'TPC_MPOLY', 'SPC_NONE', 'SPC_NONE', 'TPC_NONE', 'TPC_NONE', 'TPC_MPOLY', 'TPC_NONE', 'TPC_NONE', 'TPC_NONE', 'TPC_NONE', 'UC_NONE', 'SPC_NONE', 'TPC_NONE', 'SPC_NONE', 'TPC_NONE', 'UC_NONE', 'TPC_NONE', 'UC_NONE', 'SPC_NONE', 'UC_NONE', 'TPC_NONE', 'UC_NONE', 'UC_NONE', 'TPC_NONE', 'UC_NONE', 'TPC_NONE', 'TPC_NONE', 'TPC_NONE', 'SPC_NONE', 'SPC_NONE', 'TPC_MPOLY', 'UC_NONE', 'TPC_NONE', 'SPC_NONE', 'TPC_NONE', 'SPC_NONE', 'TPC_NONE', 'UC_NONE', 'UC_NONE', 'SPC_NONE', 'SPC_NONE', 'UC_NONE', 'TPC_NONE']","{'SPC_MNUF': 1, 'UC_NONE': 13, 'TPC_MPOLY': 4, 'TPC_MNUF': 1, 'SPC_MPOLY': 1, 'SBX_MPOLY': 3, 'TPC_NONE': 19, 'SPC_NONE': 11}"
11,54,TPC,NONE,0.6856199819833955,0.0353961843655806,587606446.08,444209336.1125692,2079445.92,1738572.5905927753,0.7391588625660084,2.9346154078457865e-05,0.0,0.0,GREEDY_HV,"['SPC_MBFLIP', 'SPC_MNUF', 'UC_NONE', 'TPC_MPOLY', 'TPC_MNUF', 'UC_NONE', 'SPC_MPOLY', 'SBX_MPOLY', 'TPC_NONE', 'SBX_MPOLY', 'SBX_MPOLY', 'TPC_MPOLY', 'SPC_NONE', 'SPC_NONE', 'TPC_NONE', 'TPC_NONE', 'TPC_MPOLY', 'TPC_NONE', 'TPC_NONE', 'TPC_NONE', 'TPC_NONE', 'UC_NONE', 'SPC_NONE', 'TPC_NONE', 'SPC_NONE', 'TPC_NONE', 'UC_NONE', 'TPC_NONE', 'UC_NONE', 'SPC_NONE', 'UC_NONE', 'TPC_NONE', 'UC_NONE', 'UC_NONE', 'TPC_NONE', 'UC_NONE', 'TPC_NONE', 'TPC_NONE', 'TPC_NONE', 'SPC_NONE', 'SPC_NONE', 'TPC_MPOLY', 'UC_NONE', 'TPC_NONE', 'SPC_NONE', 'TPC_NONE', 'SPC_NONE', 'TPC_NONE', 'UC_NONE', 'UC_NONE', 'SPC_NONE', 'SPC_NONE', 'UC_NONE', 'TPC_NONE', 'TPC_NONE']","{'SPC_MNUF': 1, 'UC_NONE': 13, 'TPC_MPOLY': 4, 'TPC_MNUF': 1, 'SPC_MPOLY': 1, 'SBX_MPOLY': 3, 'TPC_NONE': 20, 'SPC_NONE': 11}"
11,55,TPC,NONE,0.6846079756577709,0.0366288619442813,580885187.84,447123457.13287455,2188366.24,1836862.212124868,0.7391888962091397,3.003364313136636e-05,0.02,0.0,GREEDY_HV,"['SPC_MBFLIP', 'SPC_MNUF', 'UC_NONE', 'TPC_MPOLY', 'TPC_MNUF', 'UC_NONE', 'SPC_MPOLY', 'SBX_MPOLY', 'TPC_NONE', 'SBX_MPOLY', 'SBX_MPOLY', 'TPC_MPOLY', 'SPC_NONE', 'SPC_NONE', 'TPC_NONE', 'TPC_NONE', 'TPC_MPOLY', 'TPC_NONE', 'TPC_NONE', 'TPC_NONE', 'TPC_NONE', 'UC_NONE', 'SPC_NONE', 'TPC_NONE', 'SPC_NONE', 'TPC_NONE', 'UC_NONE', 'TPC_NONE', 'UC_NONE', 'SPC_NONE', 'UC_NONE', 'TPC_NONE', 'UC_NONE', 'UC_NONE', 'TPC_NONE', 'UC_NONE', 'TPC_NONE', 'TPC_NONE', 'TPC_NONE', 'SPC_NONE', 'SPC_NONE', 'TPC_MPOLY', 'UC_NONE', 'TPC_NONE', 'SPC_NONE', 'TPC_NONE', 'SPC_NONE', 'TPC_NONE', 'UC_NONE', 'UC_NONE', 'SPC_NONE', 'SPC_NONE', 'UC_NONE', 'TPC_NONE', 'TPC_NONE', 'TPC_NONE']","{'SPC_MNUF': 1, 'UC_NONE': 13, 'TPC_MPOLY': 4, 'TPC_MNUF': 1, 'SPC_MPOLY': 1, 'SBX_MPOLY': 3, 'TPC_NONE': 21, 'SPC_NONE': 11}"
11,56,UC,NONE,0.6855339084213474,0.0372526143556375,601762010.88,452298025.4337851,2356661.92,1960775.375540236,0.7391671108757705,-2.178533336927302e-05,0.0,0.0,GREEDY_HV,"['SPC_MBFLIP', 'SPC_MNUF', 'UC_NONE', 'TPC_MPOLY', 'TPC_MNUF', 'UC_NONE', 'SPC_MPOLY', 'SBX_MPOLY', 'TPC_NONE', 'SBX_MPOLY', 'SBX_MPOLY', 'TPC_MPOLY', 'SPC_NONE', 'SPC_NONE', 'TPC_NONE', 'TPC_NONE', 'TPC_MPOLY', 'TPC_NONE', 'TPC_NONE', 'TPC_NONE', 'TPC_NONE', 'UC_NONE', 'SPC_NONE', 'TPC_NONE', 'SPC_NONE', 'TPC_NONE', 'UC_NONE', 'TPC_NONE', 'UC_NONE', 'SPC_NONE', 'UC_NONE', 'TPC_NONE', 'UC_NONE', 'UC_NONE', 'TPC_NONE', 'UC_NONE', 'TPC_NONE', 'TPC_NONE', 'TPC_NONE', 'SPC_NONE', 'SPC_NONE', 'TPC_MPOLY', 'UC_NONE', 'TPC_NONE', 'SPC_NONE', 'TPC_NONE', 'SPC_NONE', 'TPC_NONE', 'UC_NONE', 'UC_NONE', 'SPC_NONE', 'SPC_NONE', 'UC_NONE', 'TPC_NONE', 'TPC_NONE', 'TPC_NONE', 'UC_NONE']","{'SPC_MNUF': 1, 'UC_NONE': 14, 'TPC_MPOLY': 4, 'TPC_MNUF': 1, 'SPC_MPOLY': 1, 'SBX_MPOLY': 3, 'TPC_NONE': 21, 'SPC_NONE': 11}"
11,57,SPC,NONE,0.6849615779421214,0.036762844045545,601686316.8,452348265.4912532,2250579.36,1952385.314041281,0.7391422115042344,-2.489937153604682e-05,0.0,0.0,GREEDY_HV,"['SPC_MBFLIP', 'SPC_MNUF', 'UC_NONE', 'TPC_MPOLY', 'TPC_MNUF', 'UC_NONE', 'SPC_MPOLY', 'SBX_MPOLY', 'TPC_NONE', 'SBX_MPOLY', 'SBX_MPOLY', 'TPC_MPOLY', 'SPC_NONE', 'SPC_NONE', 'TPC_NONE', 'TPC_NONE', 'TPC_MPOLY', 'TPC_NONE', 'TPC_NONE', 'TPC_NONE', 'TPC_NONE', 'UC_NONE', 'SPC_NONE', 'TPC_NONE', 'SPC_NONE', 'TPC_NONE', 'UC_NONE', 'TPC_NONE', 'UC_NONE', 'SPC_NONE', 'UC_NONE', 'TPC_NONE', 'UC_NONE', 'UC_NONE', 'TPC_NONE', 'UC_NONE', 'TPC_NONE', 'TPC_NONE', 'TPC_NONE', 'SPC_NONE', 'SPC_NONE', 'TPC_MPOLY', 'UC_NONE', 'TPC_NONE', 'SPC_NONE', 'TPC_NONE', 'SPC_NONE', 'TPC_NONE', 'UC_NONE', 'UC_NONE', 'SPC_NONE', 'SPC_NONE', 'UC_NONE', 'TPC_NONE', 'TPC_NONE', 'TPC_NONE', 'UC_NONE', 'SPC_NONE']","{'SPC_MNUF': 1, 'UC_NONE': 14, 'TPC_MPOLY': 4, 'TPC_MNUF': 1, 'SPC_MPOLY': 1, 'SBX_MPOLY': 3, 'TPC_NONE': 21, 'SPC_NONE': 12}"
11,58,SPC,NONE,0.6854121931997859,0.037207706344787,602541538.56,455682248.9288439,2264167.84,1921051.5030402215,0.7391743431166493,3.213161241488738e-05,0.0,0.0,GREEDY_HV,"['SPC_MBFLIP', 'SPC_MNUF', 'UC_NONE', 'TPC_MPOLY', 'TPC_MNUF', 'UC_NONE', 'SPC_MPOLY', 'SBX_MPOLY', 'TPC_NONE', 'SBX_MPOLY', 'SBX_MPOLY', 'TPC_MPOLY', 'SPC_NONE', 'SPC_NONE', 'TPC_NONE', 'TPC_NONE', 'TPC_MPOLY', 'TPC_NONE', 'TPC_NONE', 'TPC_NONE', 'TPC_NONE', 'UC_NONE', 'SPC_NONE', 'TPC_NONE', 'SPC_NONE', 'TPC_NONE', 'UC_NONE', 'TPC_NONE', 'UC_NONE', 'SPC_NONE', 'UC_NONE', 'TPC_NONE', 'UC_NONE', 'UC_NONE', 'TPC_NONE', 'UC_NONE', 'TPC_NONE', 'TPC_NONE', 'TPC_NONE', 'SPC_NONE', 'SPC_NONE', 'TPC_MPOLY', 'UC_NONE', 'TPC_NONE', 'SPC_NONE', 'TPC_NONE', 'SPC_NONE', 'TPC_NONE', 'UC_NONE', 'UC_NONE', 'SPC_NONE', 'SPC_NONE', 'UC_NONE', 'TPC_NONE', 'TPC_NONE', 'TPC_NONE', 'UC_NONE', 'SPC_NONE', 'SPC_NONE']","{'SPC_MNUF': 1, 'UC_NONE': 14, 'TPC_MPOLY': 4, 'TPC_MNUF': 1, 'SPC_MPOLY': 1, 'SBX_MPOLY': 3, 'TPC_NONE': 21, 'SPC_NONE': 13}"
11,59,TPC,NONE,0.6853715017241134,0.0360220612816608,586269105.92,444813286.3954688,2241450.4,1943922.9057569131,0.7391816156716057,7.272554956361255e-06,0.0,0.0,GREEDY_HV,"['SPC_MBFLIP', 'SPC_MNUF', 'UC_NONE', 'TPC_MPOLY', 'TPC_MNUF', 'UC_NONE', 'SPC_MPOLY', 'SBX_MPOLY', 'TPC_NONE', 'SBX_MPOLY', 'SBX_MPOLY', 'TPC_MPOLY', 'SPC_NONE', 'SPC_NONE', 'TPC_NONE', 'TPC_NONE', 'TPC_MPOLY', 'TPC_NONE', 'TPC_NONE', 'TPC_NONE', 'TPC_NONE', 'UC_NONE', 'SPC_NONE', 'TPC_NONE', 'SPC_NONE', 'TPC_NONE', 'UC_NONE', 'TPC_NONE', 'UC_NONE', 'SPC_NONE', 'UC_NONE', 'TPC_NONE', 'UC_NONE', 'UC_NONE', 'TPC_NONE', 'UC_NONE', 'TPC_NONE', 'TPC_NONE', 'TPC_NONE', 'SPC_NONE', 'SPC_NONE', 'TPC_MPOLY', 'UC_NONE', 'TPC_NONE', 'SPC_NONE', 'TPC_NONE', 'SPC_NONE', 'TPC_NONE', 'UC_NONE', 'UC_NONE', 'SPC_NONE', 'SPC_NONE', 'UC_NONE', 'TPC_NONE', 'TPC_NONE', 'TPC_NONE', 'UC_NONE', 'SPC_NONE', 'SPC_NONE', 'TPC_NONE']","{'SPC_MNUF': 1, 'UC_NONE': 14, 'TPC_MPOLY': 4, 'TPC_MNUF': 1, 'SPC_MPOLY': 1, 'SBX_MPOLY': 3, 'TPC_NONE': 22, 'SPC_NONE': 13}"
11,60,SPC,NONE,0.6863980873666261,0.037403155917884,617963074.56,457787288.4844511,2334420.64,1919036.835046808,0.7390471728283345,-0.0001344428432711,0.0,0.0,GREEDY_HV,"['SPC_MBFLIP', 'SPC_MNUF', 'UC_NONE', 'TPC_MPOLY', 'TPC_MNUF', 'UC_NONE', 'SPC_MPOLY', 'SBX_MPOLY', 'TPC_NONE', 'SBX_MPOLY', 'SBX_MPOLY', 'TPC_MPOLY', 'SPC_NONE', 'SPC_NONE', 'TPC_NONE', 'TPC_NONE', 'TPC_MPOLY', 'TPC_NONE', 'TPC_NONE', 'TPC_NONE', 'TPC_NONE', 'UC_NONE', 'SPC_NONE', 'TPC_NONE', 'SPC_NONE', 'TPC_NONE', 'UC_NONE', 'TPC_NONE', 'UC_NONE', 'SPC_NONE', 'UC_NONE', 'TPC_NONE', 'UC_NONE', 'UC_NONE', 'TPC_NONE', 'UC_NONE', 'TPC_NONE', 'TPC_NONE', 'TPC_NONE', 'SPC_NONE', 'SPC_NONE', 'TPC_MPOLY', 'UC_NONE', 'TPC_NONE', 'SPC_NONE', 'TPC_NONE', 'SPC_NONE', 'TPC_NONE', 'UC_NONE', 'UC_NONE', 'SPC_NONE', 'SPC_NONE', 'UC_NONE', 'TPC_NONE', 'TPC_NONE', 'TPC_NONE', 'UC_NONE', 'SPC_NONE', 'SPC_NONE', 'TPC_NONE', 'SPC_NONE']","{'SPC_MNUF': 1, 'UC_NONE': 14, 'TPC_MPOLY': 4, 'TPC_MNUF': 1, 'SPC_MPOLY': 1, 'SBX_MPOLY': 3, 'TPC_NONE': 22, 'SPC_NONE': 14}"
11,61,UC,NONE,0.6848261337429292,0.0368563391913002,575601899.52,457937274.9602789,2235813.28,1910516.6267377944,0.7390621705067107,1.4997678376205135e-05,0.01,0.0,GREEDY_HV,"['SPC_MBFLIP', 'SPC_MNUF', 'UC_NONE', 'TPC_MPOLY', 'TPC_MNUF', 'UC_NONE', 'SPC_MPOLY', 'SBX_MPOLY', 'TPC_NONE', 'SBX_MPOLY', 'SBX_MPOLY', 'TPC_MPOLY', 'SPC_NONE', 'SPC_NONE', 'TPC_NONE', 'TPC_NONE', 'TPC_MPOLY', 'TPC_NONE', 'TPC_NONE', 'TPC_NONE', 'TPC_NONE', 'UC_NONE', 'SPC_NONE', 'TPC_NONE', 'SPC_NONE', 'TPC_NONE', 'UC_NONE', 'TPC_NONE', 'UC_NONE', 'SPC_NONE', 'UC_NONE', 'TPC_NONE', 'UC_NONE', 'UC_NONE', 'TPC_NONE', 'UC_NONE', 'TPC_NONE', 'TPC_NONE', 'TPC_NONE', 'SPC_NONE', 'SPC_NONE', 'TPC_MPOLY', 'UC_NONE', 'TPC_NONE', 'SPC_NONE', 'TPC_NONE', 'SPC_NONE', 'TPC_NONE', 'UC_NONE', 'UC_NONE', 'SPC_NONE', 'SPC_NONE', 'UC_NONE', 'TPC_NONE', 'TPC_NONE', 'TPC_NONE', 'UC_NONE', 'SPC_NONE', 'SPC_NONE', 'TPC_NONE', 'SPC_NONE', 'UC_NONE']","{'SPC_MNUF': 1, 'UC_NONE': 15, 'TPC_MPOLY': 4, 'TPC_MNUF': 1, 'SPC_MPOLY': 1, 'SBX_MPOLY': 3, 'TPC_NONE': 22, 'SPC_NONE': 14}"
11,62,UC,NONE,0.6839309456409163,0.0374364529230449,579774330.88,468545426.7576499,2251974.56,1949972.6425462696,0.7390501749287433,-1.1995577967494064e-05,0.0,0.0,GREEDY_HV,"['SPC_MBFLIP', 'SPC_MNUF', 'UC_NONE', 'TPC_MPOLY', 'TPC_MNUF', 'UC_NONE', 'SPC_MPOLY', 'SBX_MPOLY', 'TPC_NONE', 'SBX_MPOLY', 'SBX_MPOLY', 'TPC_MPOLY', 'SPC_NONE', 'SPC_NONE', 'TPC_NONE', 'TPC_NONE', 'TPC_MPOLY', 'TPC_NONE', 'TPC_NONE', 'TPC_NONE', 'TPC_NONE', 'UC_NONE', 'SPC_NONE', 'TPC_NONE', 'SPC_NONE', 'TPC_NONE', 'UC_NONE', 'TPC_NONE', 'UC_NONE', 'SPC_NONE', 'UC_NONE', 'TPC_NONE', 'UC_NONE', 'UC_NONE', 'TPC_NONE', 'UC_NONE', 'TPC_NONE', 'TPC_NONE', 'TPC_NONE', 'SPC_NONE', 'SPC_NONE', 'TPC_MPOLY', 'UC_NONE', 'TPC_NONE', 'SPC_NONE', 'TPC_NONE', 'SPC_NONE', 'TPC_NONE', 'UC_NONE', 'UC_NONE', 'SPC_NONE', 'SPC_NONE', 'UC_NONE', 'TPC_NONE', 'TPC_NONE', 'TPC_NONE', 'UC_NONE', 'SPC_NONE', 'SPC_NONE', 'TPC_NONE', 'SPC_NONE', 'UC_NONE', 'UC_NONE']","{'SPC_MNUF': 1, 'UC_NONE': 16, 'TPC_MPOLY': 4, 'TPC_MNUF': 1, 'SPC_MPOLY': 1, 'SBX_MPOLY': 3, 'TPC_NONE': 22, 'SPC_NONE': 14}"
11,63,TPC,NONE,0.6825875168088738,0.0381696286268387,547619736.32,437203386.0670399,2203621.28,1947394.4249224807,0.7391412343391781,9.10594104348572e-05,0.01,0.0,GREEDY_HV,"['SPC_MBFLIP', 'SPC_MNUF', 'UC_NONE', 'TPC_MPOLY', 'TPC_MNUF', 'UC_NONE', 'SPC_MPOLY', 'SBX_MPOLY', 'TPC_NONE', 'SBX_MPOLY', 'SBX_MPOLY', 'TPC_MPOLY', 'SPC_NONE', 'SPC_NONE', 'TPC_NONE', 'TPC_NONE', 'TPC_MPOLY', 'TPC_NONE', 'TPC_NONE', 'TPC_NONE', 'TPC_NONE', 'UC_NONE', 'SPC_NONE', 'TPC_NONE', 'SPC_NONE', 'TPC_NONE', 'UC_NONE', 'TPC_NONE', 'UC_NONE', 'SPC_NONE', 'UC_NONE', 'TPC_NONE', 'UC_NONE', 'UC_NONE', 'TPC_NONE', 'UC_NONE', 'TPC_NONE', 'TPC_NONE', 'TPC_NONE', 'SPC_NONE', 'SPC_NONE', 'TPC_MPOLY', 'UC_NONE', 'TPC_NONE', 'SPC_NONE', 'TPC_NONE', 'SPC_NONE', 'TPC_NONE', 'UC_NONE', 'UC_NONE', 'SPC_NONE', 'SPC_NONE', 'UC_NONE', 'TPC_NONE', 'TPC_NONE', 'TPC_NONE', 'UC_NONE', 'SPC_NONE', 'SPC_NONE', 'TPC_NONE', 'SPC_NONE', 'UC_NONE', 'UC_NONE', 'TPC_NONE']","{'SPC_MNUF': 1, 'UC_NONE': 16, 'TPC_MPOLY': 4, 'TPC_MNUF': 1, 'SPC_MPOLY': 1, 'SBX_MPOLY': 3, 'TPC_NONE': 23, 'SPC_NONE': 14}"
11,64,SPC,NONE,0.6821322880527654,0.0392694753717675,549855344.64,445498269.5903287,2321309.6,1999120.9730307767,0.7391270547079549,-1.4179631223187885e-05,0.0,0.0,GREEDY_HV,"['SPC_MBFLIP', 'SPC_MNUF', 'UC_NONE', 'TPC_MPOLY', 'TPC_MNUF', 'UC_NONE', 'SPC_MPOLY', 'SBX_MPOLY', 'TPC_NONE', 'SBX_MPOLY', 'SBX_MPOLY', 'TPC_MPOLY', 'SPC_NONE', 'SPC_NONE', 'TPC_NONE', 'TPC_NONE', 'TPC_MPOLY', 'TPC_NONE', 'TPC_NONE', 'TPC_NONE', 'TPC_NONE', 'UC_NONE', 'SPC_NONE', 'TPC_NONE', 'SPC_NONE', 'TPC_NONE', 'UC_NONE', 'TPC_NONE', 'UC_NONE', 'SPC_NONE', 'UC_NONE', 'TPC_NONE', 'UC_NONE', 'UC_NONE', 'TPC_NONE', 'UC_NONE', 'TPC_NONE', 'TPC_NONE', 'TPC_NONE', 'SPC_NONE', 'SPC_NONE', 'TPC_MPOLY', 'UC_NONE', 'TPC_NONE', 'SPC_NONE', 'TPC_NONE', 'SPC_NONE', 'TPC_NONE', 'UC_NONE', 'UC_NONE', 'SPC_NONE', 'SPC_NONE', 'UC_NONE', 'TPC_NONE', 'TPC_NONE', 'TPC_NONE', 'UC_NONE', 'SPC_NONE', 'SPC_NONE', 'TPC_NONE', 'SPC_NONE', 'UC_NONE', 'UC_NONE', 'TPC_NONE', 'SPC_NONE']","{'SPC_MNUF': 1, 'UC_NONE': 16, 'TPC_MPOLY': 4, 'TPC_MNUF': 1, 'SPC_MPOLY': 1, 'SBX_MPOLY': 3, 'TPC_NONE': 23, 'SPC_NONE': 15}"
11,65,TPC,NONE,0.6811617758494373,0.0390989407201666,537365368.32,441111635.1311352,2173980.32,1833701.9173190116,0.739157065843939,3.001113598410932e-05,0.01,0.0,GREEDY_HV,"['SPC_MBFLIP', 'SPC_MNUF', 'UC_NONE', 'TPC_MPOLY', 'TPC_MNUF', 'UC_NONE', 'SPC_MPOLY', 'SBX_MPOLY', 'TPC_NONE', 'SBX_MPOLY', 'SBX_MPOLY', 'TPC_MPOLY', 'SPC_NONE', 'SPC_NONE', 'TPC_NONE', 'TPC_NONE', 'TPC_MPOLY', 'TPC_NONE', 'TPC_NONE', 'TPC_NONE', 'TPC_NONE', 'UC_NONE', 'SPC_NONE', 'TPC_NONE', 'SPC_NONE', 'TPC_NONE', 'UC_NONE', 'TPC_NONE', 'UC_NONE', 'SPC_NONE', 'UC_NONE', 'TPC_NONE', 'UC_NONE', 'UC_NONE', 'TPC_NONE', 'UC_NONE', 'TPC_NONE', 'TPC_NONE', 'TPC_NONE', 'SPC_NONE', 'SPC_NONE', 'TPC_MPOLY', 'UC_NONE', 'TPC_NONE', 'SPC_NONE', 'TPC_NONE', 'SPC_NONE', 'TPC_NONE', 'UC_NONE', 'UC_NONE', 'SPC_NONE', 'SPC_NONE', 'UC_NONE', 'TPC_NONE', 'TPC_NONE', 'TPC_NONE', 'UC_NONE', 'SPC_NONE', 'SPC_NONE', 'TPC_NONE', 'SPC_NONE', 'UC_NONE', 'UC_NONE', 'TPC_NONE', 'SPC_NONE', 'TPC_NONE']","{'SPC_MNUF': 1, 'UC_NONE': 16, 'TPC_MPOLY': 4, 'TPC_MNUF': 1, 'SPC_MPOLY': 1, 'SBX_MPOLY': 3, 'TPC_NONE': 24, 'SPC_NONE': 15}"
11,66,SPC,NONE,0.6817906124284212,0.0390346895993773,540795983.36,435756695.2167772,2189298.08,1849443.282729891,0.7391522668256723,-4.799018266776756e-06,0.0,0.0,GREEDY_HV,"['SPC_MBFLIP', 'SPC_MNUF', 'UC_NONE', 'TPC_MPOLY', 'TPC_MNUF', 'UC_NONE', 'SPC_MPOLY', 'SBX_MPOLY', 'TPC_NONE', 'SBX_MPOLY', 'SBX_MPOLY', 'TPC_MPOLY', 'SPC_NONE', 'SPC_NONE', 'TPC_NONE', 'TPC_NONE', 'TPC_MPOLY', 'TPC_NONE', 'TPC_NONE', 'TPC_NONE', 'TPC_NONE', 'UC_NONE', 'SPC_NONE', 'TPC_NONE', 'SPC_NONE', 'TPC_NONE', 'UC_NONE', 'TPC_NONE', 'UC_NONE', 'SPC_NONE', 'UC_NONE', 'TPC_NONE', 'UC_NONE', 'UC_NONE', 'TPC_NONE', 'UC_NONE', 'TPC_NONE', 'TPC_NONE', 'TPC_NONE', 'SPC_NONE', 'SPC_NONE', 'TPC_MPOLY', 'UC_NONE', 'TPC_NONE', 'SPC_NONE', 'TPC_NONE', 'SPC_NONE', 'TPC_NONE', 'UC_NONE', 'UC_NONE', 'SPC_NONE', 'SPC_NONE', 'UC_NONE', 'TPC_NONE', 'TPC_NONE', 'TPC_NONE', 'UC_NONE', 'SPC_NONE', 'SPC_NONE', 'TPC_NONE', 'SPC_NONE', 'UC_NONE', 'UC_NONE', 'TPC_NONE', 'SPC_NONE', 'TPC_NONE', 'SPC_NONE']","{'SPC_MNUF': 1, 'UC_NONE': 16, 'TPC_MPOLY': 4, 'TPC_MNUF': 1, 'SPC_MPOLY': 1, 'SBX_MPOLY': 3, 'TPC_NONE': 24, 'SPC_NONE': 16}"
11,67,SPC,NONE,0.6824305887098085,0.0387054341632264,552117578.24,442104846.6074889,2171236.0,1845451.4463206665,0.7392098299861571,5.7563160484885856e-05,0.0,0.0,GREEDY_HV,"['SPC_MBFLIP', 'SPC_MNUF', 'UC_NONE', 'TPC_MPOLY', 'TPC_MNUF', 'UC_NONE', 'SPC_MPOLY', 'SBX_MPOLY', 'TPC_NONE', 'SBX_MPOLY', 'SBX_MPOLY', 'TPC_MPOLY', 'SPC_NONE', 'SPC_NONE', 'TPC_NONE', 'TPC_NONE', 'TPC_MPOLY', 'TPC_NONE', 'TPC_NONE', 'TPC_NONE', 'TPC_NONE', 'UC_NONE', 'SPC_NONE', 'TPC_NONE', 'SPC_NONE', 'TPC_NONE', 'UC_NONE', 'TPC_NONE', 'UC_NONE', 'SPC_NONE', 'UC_NONE', 'TPC_NONE', 'UC_NONE', 'UC_NONE', 'TPC_NONE', 'UC_NONE', 'TPC_NONE', 'TPC_NONE', 'TPC_NONE', 'SPC_NONE', 'SPC_NONE', 'TPC_MPOLY', 'UC_NONE', 'TPC_NONE', 'SPC_NONE', 'TPC_NONE', 'SPC_NONE', 'TPC_NONE', 'UC_NONE', 'UC_NONE', 'SPC_NONE', 'SPC_NONE', 'UC_NONE', 'TPC_NONE', 'TPC_NONE', 'TPC_NONE', 'UC_NONE', 'SPC_NONE', 'SPC_NONE', 'TPC_NONE', 'SPC_NONE', 'UC_NONE', 'UC_NONE', 'TPC_NONE', 'SPC_NONE', 'TPC_NONE', 'SPC_NONE', 'SPC_NONE']","{'SPC_MNUF': 1, 'UC_NONE': 16, 'TPC_MPOLY': 4, 'TPC_MNUF': 1, 'SPC_MPOLY': 1, 'SBX_MPOLY': 3, 'TPC_NONE': 24, 'SPC_NONE': 17}"
11,68,TPC,NONE,0.6825440094965453,0.0393558017860073,576030673.92,458042455.230002,2226884.0,1874592.3612474685,0.7392267767858804,1.694679972330526e-05,0.0,0.0,GREEDY_HV,"['SPC_MBFLIP', 'SPC_MNUF', 'UC_NONE', 'TPC_MPOLY', 'TPC_MNUF', 'UC_NONE', 'SPC_MPOLY', 'SBX_MPOLY', 'TPC_NONE', 'SBX_MPOLY', 'SBX_MPOLY', 'TPC_MPOLY', 'SPC_NONE', 'SPC_NONE', 'TPC_NONE', 'TPC_NONE', 'TPC_MPOLY', 'TPC_NONE', 'TPC_NONE', 'TPC_NONE', 'TPC_NONE', 'UC_NONE', 'SPC_NONE', 'TPC_NONE', 'SPC_NONE', 'TPC_NONE', 'UC_NONE', 'TPC_NONE', 'UC_NONE', 'SPC_NONE', 'UC_NONE', 'TPC_NONE', 'UC_NONE', 'UC_NONE', 'TPC_NONE', 'UC_NONE', 'TPC_NONE', 'TPC_NONE', 'TPC_NONE', 'SPC_NONE', 'SPC_NONE', 'TPC_MPOLY', 'UC_NONE', 'TPC_NONE', 'SPC_NONE', 'TPC_NONE', 'SPC_NONE', 'TPC_NONE', 'UC_NONE', 'UC_NONE', 'SPC_NONE', 'SPC_NONE', 'UC_NONE', 'TPC_NONE', 'TPC_NONE', 'TPC_NONE', 'UC_NONE', 'SPC_NONE', 'SPC_NONE', 'TPC_NONE', 'SPC_NONE', 'UC_NONE', 'UC_NONE', 'TPC_NONE', 'SPC_NONE', 'TPC_NONE', 'SPC_NONE', 'SPC_NONE', 'TPC_NONE']","{'SPC_MNUF': 1, 'UC_NONE': 16, 'TPC_MPOLY': 4, 'TPC_MNUF': 1, 'SPC_MPOLY': 1, 'SBX_MPOLY': 3, 'TPC_NONE': 25, 'SPC_NONE': 17}"
11,69,UC,NONE,0.6822657812579962,0.0390764020787507,571717952.0,451840001.2205288,2180536.48,1862140.663860196,0.7391524042342557,-7.437255162479062e-05,0.0,0.0,GREEDY_HV,"['SPC_MBFLIP', 'SPC_MNUF', 'UC_NONE', 'TPC_MPOLY', 'TPC_MNUF', 'UC_NONE', 'SPC_MPOLY', 'SBX_MPOLY', 'TPC_NONE', 'SBX_MPOLY', 'SBX_MPOLY', 'TPC_MPOLY', 'SPC_NONE', 'SPC_NONE', 'TPC_NONE', 'TPC_NONE', 'TPC_MPOLY', 'TPC_NONE', 'TPC_NONE', 'TPC_NONE', 'TPC_NONE', 'UC_NONE', 'SPC_NONE', 'TPC_NONE', 'SPC_NONE', 'TPC_NONE', 'UC_NONE', 'TPC_NONE', 'UC_NONE', 'SPC_NONE', 'UC_NONE', 'TPC_NONE', 'UC_NONE', 'UC_NONE', 'TPC_NONE', 'UC_NONE', 'TPC_NONE', 'TPC_NONE', 'TPC_NONE', 'SPC_NONE', 'SPC_NONE', 'TPC_MPOLY', 'UC_NONE', 'TPC_NONE', 'SPC_NONE', 'TPC_NONE', 'SPC_NONE', 'TPC_NONE', 'UC_NONE', 'UC_NONE', 'SPC_NONE', 'SPC_NONE', 'UC_NONE', 'TPC_NONE', 'TPC_NONE', 'TPC_NONE', 'UC_NONE', 'SPC_NONE', 'SPC_NONE', 'TPC_NONE', 'SPC_NONE', 'UC_NONE', 'UC_NONE', 'TPC_NONE', 'SPC_NONE', 'TPC_NONE', 'SPC_NONE', 'SPC_NONE', 'TPC_NONE', 'UC_NONE']","{'SPC_MNUF': 1, 'UC_NONE': 17, 'TPC_MPOLY': 4, 'TPC_MNUF': 1, 'SPC_MPOLY': 1, 'SBX_MPOLY': 3, 'TPC_NONE': 25, 'SPC_NONE': 17}"
11,70,UC,NONE,0.6824222948697587,0.0393242778129511,577019136.0,452304325.3902068,2312187.04,1965959.8777370916,0.7391448176456776,-7.586588578023523e-06,0.0,0.0,GREEDY_HV,"['SPC_MBFLIP', 'SPC_MNUF', 'UC_NONE', 'TPC_MPOLY', 'TPC_MNUF', 'UC_NONE', 'SPC_MPOLY', 'SBX_MPOLY', 'TPC_NONE', 'SBX_MPOLY', 'SBX_MPOLY', 'TPC_MPOLY', 'SPC_NONE', 'SPC_NONE', 'TPC_NONE', 'TPC_NONE', 'TPC_MPOLY', 'TPC_NONE', 'TPC_NONE', 'TPC_NONE', 'TPC_NONE', 'UC_NONE', 'SPC_NONE', 'TPC_NONE', 'SPC_NONE', 'TPC_NONE', 'UC_NONE', 'TPC_NONE', 'UC_NONE', 'SPC_NONE', 'UC_NONE', 'TPC_NONE', 'UC_NONE', 'UC_NONE', 'TPC_NONE', 'UC_NONE', 'TPC_NONE', 'TPC_NONE', 'TPC_NONE', 'SPC_NONE', 'SPC_NONE', 'TPC_MPOLY', 'UC_NONE', 'TPC_NONE', 'SPC_NONE', 'TPC_NONE', 'SPC_NONE', 'TPC_NONE', 'UC_NONE', 'UC_NONE', 'SPC_NONE', 'SPC_NONE', 'UC_NONE', 'TPC_NONE', 'TPC_NONE', 'TPC_NONE', 'UC_NONE', 'SPC_NONE', 'SPC_NONE', 'TPC_NONE', 'SPC_NONE', 'UC_NONE', 'UC_NONE', 'TPC_NONE', 'SPC_NONE', 'TPC_NONE', 'SPC_NONE', 'SPC_NONE', 'TPC_NONE', 'UC_NONE', 'UC_NONE']","{'SPC_MNUF': 1, 'UC_NONE': 18, 'TPC_MPOLY': 4, 'TPC_MNUF': 1, 'SPC_MPOLY': 1, 'SBX_MPOLY': 3, 'TPC_NONE': 25, 'SPC_NONE': 17}"
11,71,UC,NONE,0.6831223885717256,0.039168496650272,595114309.12,452465645.4574834,2262037.92,1891126.1153882665,0.739143671516977,-1.146128700613147e-06,0.01,0.0,GREEDY_HV,"['SPC_MBFLIP', 'SPC_MNUF', 'UC_NONE', 'TPC_MPOLY', 'TPC_MNUF', 'UC_NONE', 'SPC_MPOLY', 'SBX_MPOLY', 'TPC_NONE', 'SBX_MPOLY', 'SBX_MPOLY', 'TPC_MPOLY', 'SPC_NONE', 'SPC_NONE', 'TPC_NONE', 'TPC_NONE', 'TPC_MPOLY', 'TPC_NONE', 'TPC_NONE', 'TPC_NONE', 'TPC_NONE', 'UC_NONE', 'SPC_NONE', 'TPC_NONE', 'SPC_NONE', 'TPC_NONE', 'UC_NONE', 'TPC_NONE', 'UC_NONE', 'SPC_NONE', 'UC_NONE', 'TPC_NONE', 'UC_NONE', 'UC_NONE', 'TPC_NONE', 'UC_NONE', 'TPC_NONE', 'TPC_NONE', 'TPC_NONE', 'SPC_NONE', 'SPC_NONE', 'TPC_MPOLY', 'UC_NONE', 'TPC_NONE', 'SPC_NONE', 'TPC_NONE', 'SPC_NONE', 'TPC_NONE', 'UC_NONE', 'UC_NONE', 'SPC_NONE', 'SPC_NONE', 'UC_NONE', 'TPC_NONE', 'TPC_NONE', 'TPC_NONE', 'UC_NONE', 'SPC_NONE', 'SPC_NONE', 'TPC_NONE', 'SPC_NONE', 'UC_NONE', 'UC_NONE', 'TPC_NONE', 'SPC_NONE', 'TPC_NONE', 'SPC_NONE', 'SPC_NONE', 'TPC_NONE', 'UC_NONE', 'UC_NONE', 'UC_NONE']","{'SPC_MNUF': 1, 'UC_NONE': 19, 'TPC_MPOLY': 4, 'TPC_MNUF': 1, 'SPC_MPOLY': 1, 'SBX_MPOLY': 3, 'TPC_NONE': 25, 'SPC_NONE': 17}"
11,72,SPC,NONE,0.6834764874518118,0.0391301169485016,595150712.32,450289782.2793136,2265836.96,1854436.6902687072,0.7389575413816813,-0.0001861301352956,0.0,0.0,GREEDY_HV,"['SPC_MBFLIP', 'SPC_MNUF', 'UC_NONE', 'TPC_MPOLY', 'TPC_MNUF', 'UC_NONE', 'SPC_MPOLY', 'SBX_MPOLY', 'TPC_NONE', 'SBX_MPOLY', 'SBX_MPOLY', 'TPC_MPOLY', 'SPC_NONE', 'SPC_NONE', 'TPC_NONE', 'TPC_NONE', 'TPC_MPOLY', 'TPC_NONE', 'TPC_NONE', 'TPC_NONE', 'TPC_NONE', 'UC_NONE', 'SPC_NONE', 'TPC_NONE', 'SPC_NONE', 'TPC_NONE', 'UC_NONE', 'TPC_NONE', 'UC_NONE', 'SPC_NONE', 'UC_NONE', 'TPC_NONE', 'UC_NONE', 'UC_NONE', 'TPC_NONE', 'UC_NONE', 'TPC_NONE', 'TPC_NONE', 'TPC_NONE', 'SPC_NONE', 'SPC_NONE', 'TPC_MPOLY', 'UC_NONE', 'TPC_NONE', 'SPC_NONE', 'TPC_NONE', 'SPC_NONE', 'TPC_NONE', 'UC_NONE', 'UC_NONE', 'SPC_NONE', 'SPC_NONE', 'UC_NONE', 'TPC_NONE', 'TPC_NONE', 'TPC_NONE', 'UC_NONE', 'SPC_NONE', 'SPC_NONE', 'TPC_NONE', 'SPC_NONE', 'UC_NONE', 'UC_NONE', 'TPC_NONE', 'SPC_NONE', 'TPC_NONE', 'SPC_NONE', 'SPC_NONE', 'TPC_NONE', 'UC_NONE', 'UC_NONE', 'UC_NONE', 'SPC_NONE']","{'SPC_MNUF': 1, 'UC_NONE': 19, 'TPC_MPOLY': 4, 'TPC_MNUF': 1, 'SPC_MPOLY': 1, 'SBX_MPOLY': 3, 'TPC_NONE': 25, 'SPC_NONE': 18}"
11,73,TPC,NONE,0.6821942898337187,0.0388618315079926,582803975.68,451851654.64003646,2136902.56,1852590.8405143344,0.7389959800406567,3.843865897534826e-05,0.0,0.0,GREEDY_HV,"['SPC_MBFLIP', 'SPC_MNUF', 'UC_NONE', 'TPC_MPOLY', 'TPC_MNUF', 'UC_NONE', 'SPC_MPOLY', 'SBX_MPOLY', 'TPC_NONE', 'SBX_MPOLY', 'SBX_MPOLY', 'TPC_MPOLY', 'SPC_NONE', 'SPC_NONE', 'TPC_NONE', 'TPC_NONE', 'TPC_MPOLY', 'TPC_NONE', 'TPC_NONE', 'TPC_NONE', 'TPC_NONE', 'UC_NONE', 'SPC_NONE', 'TPC_NONE', 'SPC_NONE', 'TPC_NONE', 'UC_NONE', 'TPC_NONE', 'UC_NONE', 'SPC_NONE', 'UC_NONE', 'TPC_NONE', 'UC_NONE', 'UC_NONE', 'TPC_NONE', 'UC_NONE', 'TPC_NONE', 'TPC_NONE', 'TPC_NONE', 'SPC_NONE', 'SPC_NONE', 'TPC_MPOLY', 'UC_NONE', 'TPC_NONE', 'SPC_NONE', 'TPC_NONE', 'SPC_NONE', 'TPC_NONE', 'UC_NONE', 'UC_NONE', 'SPC_NONE', 'SPC_NONE', 'UC_NONE', 'TPC_NONE', 'TPC_NONE', 'TPC_NONE', 'UC_NONE', 'SPC_NONE', 'SPC_NONE', 'TPC_NONE', 'SPC_NONE', 'UC_NONE', 'UC_NONE', 'TPC_NONE', 'SPC_NONE', 'TPC_NONE', 'SPC_NONE', 'SPC_NONE', 'TPC_NONE', 'UC_NONE', 'UC_NONE', 'UC_NONE', 'SPC_NONE', 'TPC_NONE']","{'SPC_MNUF': 1, 'UC_NONE': 19, 'TPC_MPOLY': 4, 'TPC_MNUF': 1, 'SPC_MPOLY': 1, 'SBX_MPOLY': 3, 'TPC_NONE': 26, 'SPC_NONE': 18}"
11,74,UC,NONE,0.6807642620028409,0.0388336626154205,565890959.36,463320201.8014199,2145954.72,1913439.8752747576,0.7390648541979215,6.887415726475332e-05,0.0,0.0,GREEDY_HV,"['SPC_MBFLIP', 'SPC_MNUF', 'UC_NONE', 'TPC_MPOLY', 'TPC_MNUF', 'UC_NONE', 'SPC_MPOLY', 'SBX_MPOLY', 'TPC_NONE', 'SBX_MPOLY', 'SBX_MPOLY', 'TPC_MPOLY', 'SPC_NONE', 'SPC_NONE', 'TPC_NONE', 'TPC_NONE', 'TPC_MPOLY', 'TPC_NONE', 'TPC_NONE', 'TPC_NONE', 'TPC_NONE', 'UC_NONE', 'SPC_NONE', 'TPC_NONE', 'SPC_NONE', 'TPC_NONE', 'UC_NONE', 'TPC_NONE', 'UC_NONE', 'SPC_NONE', 'UC_NONE', 'TPC_NONE', 'UC_NONE', 'UC_NONE', 'TPC_NONE', 'UC_NONE', 'TPC_NONE', 'TPC_NONE', 'TPC_NONE', 'SPC_NONE', 'SPC_NONE', 'TPC_MPOLY', 'UC_NONE', 'TPC_NONE', 'SPC_NONE', 'TPC_NONE', 'SPC_NONE', 'TPC_NONE', 'UC_NONE', 'UC_NONE', 'SPC_NONE', 'SPC_NONE', 'UC_NONE', 'TPC_NONE', 'TPC_NONE', 'TPC_NONE', 'UC_NONE', 'SPC_NONE', 'SPC_NONE', 'TPC_NONE', 'SPC_NONE', 'UC_NONE', 'UC_NONE', 'TPC_NONE', 'SPC_NONE', 'TPC_NONE', 'SPC_NONE', 'SPC_NONE', 'TPC_NONE', 'UC_NONE', 'UC_NONE', 'UC_NONE', 'SPC_NONE', 'TPC_NONE', 'UC_NONE']","{'SPC_MNUF': 1, 'UC_NONE': 20, 'TPC_MPOLY': 4, 'TPC_MNUF': 1, 'SPC_MPOLY': 1, 'SBX_MPOLY': 3, 'TPC_NONE': 26, 'SPC_NONE': 18}"
11,75,TPC,NONE,0.6828652390090167,0.0393875738822307,605875799.04,488664376.0802536,2216686.24,1880509.405033121,0.7390474651076838,-1.7389090237629468e-05,0.0,0.0,GREEDY_HV,"['SPC_MBFLIP', 'SPC_MNUF', 'UC_NONE', 'TPC_MPOLY', 'TPC_MNUF', 'UC_NONE', 'SPC_MPOLY', 'SBX_MPOLY', 'TPC_NONE', 'SBX_MPOLY', 'SBX_MPOLY', 'TPC_MPOLY', 'SPC_NONE', 'SPC_NONE', 'TPC_NONE', 'TPC_NONE', 'TPC_MPOLY', 'TPC_NONE', 'TPC_NONE', 'TPC_NONE', 'TPC_NONE', 'UC_NONE', 'SPC_NONE', 'TPC_NONE', 'SPC_NONE', 'TPC_NONE', 'UC_NONE', 'TPC_NONE', 'UC_NONE', 'SPC_NONE', 'UC_NONE', 'TPC_NONE', 'UC_NONE', 'UC_NONE', 'TPC_NONE', 'UC_NONE', 'TPC_NONE', 'TPC_NONE', 'TPC_NONE', 'SPC_NONE', 'SPC_NONE', 'TPC_MPOLY', 'UC_NONE', 'TPC_NONE', 'SPC_NONE', 'TPC_NONE', 'SPC_NONE', 'TPC_NONE', 'UC_NONE', 'UC_NONE', 'SPC_NONE', 'SPC_NONE', 'UC_NONE', 'TPC_NONE', 'TPC_NONE', 'TPC_NONE', 'UC_NONE', 'SPC_NONE', 'SPC_NONE', 'TPC_NONE', 'SPC_NONE', 'UC_NONE', 'UC_NONE', 'TPC_NONE', 'SPC_NONE', 'TPC_NONE', 'SPC_NONE', 'SPC_NONE', 'TPC_NONE', 'UC_NONE', 'UC_NONE', 'UC_NONE', 'SPC_NONE', 'TPC_NONE', 'UC_NONE', 'TPC_NONE']","{'SPC_MNUF': 1, 'UC_NONE': 20, 'TPC_MPOLY': 4, 'TPC_MNUF': 1, 'SPC_MPOLY': 1, 'SBX_MPOLY': 3, 'TPC_NONE': 27, 'SPC_NONE': 18}"
11,76,TPC,NONE,0.6813560076166376,0.0391608989546215,557878359.04,453137681.4601551,2180999.84,1915615.674859061,0.7391493808952052,0.0001019157875213,0.02,0.0,GREEDY_HV,"['SPC_MBFLIP', 'SPC_MNUF', 'UC_NONE', 'TPC_MPOLY', 'TPC_MNUF', 'UC_NONE', 'SPC_MPOLY', 'SBX_MPOLY', 'TPC_NONE', 'SBX_MPOLY', 'SBX_MPOLY', 'TPC_MPOLY', 'SPC_NONE', 'SPC_NONE', 'TPC_NONE', 'TPC_NONE', 'TPC_MPOLY', 'TPC_NONE', 'TPC_NONE', 'TPC_NONE', 'TPC_NONE', 'UC_NONE', 'SPC_NONE', 'TPC_NONE', 'SPC_NONE', 'TPC_NONE', 'UC_NONE', 'TPC_NONE', 'UC_NONE', 'SPC_NONE', 'UC_NONE', 'TPC_NONE', 'UC_NONE', 'UC_NONE', 'TPC_NONE', 'UC_NONE', 'TPC_NONE', 'TPC_NONE', 'TPC_NONE', 'SPC_NONE', 'SPC_NONE', 'TPC_MPOLY', 'UC_NONE', 'TPC_NONE', 'SPC_NONE', 'TPC_NONE', 'SPC_NONE', 'TPC_NONE', 'UC_NONE', 'UC_NONE', 'SPC_NONE', 'SPC_NONE', 'UC_NONE', 'TPC_NONE', 'TPC_NONE', 'TPC_NONE', 'UC_NONE', 'SPC_NONE', 'SPC_NONE', 'TPC_NONE', 'SPC_NONE', 'UC_NONE', 'UC_NONE', 'TPC_NONE', 'SPC_NONE', 'TPC_NONE', 'SPC_NONE', 'SPC_NONE', 'TPC_NONE', 'UC_NONE', 'UC_NONE', 'UC_NONE', 'SPC_NONE', 'TPC_NONE', 'UC_NONE', 'TPC_NONE', 'TPC_NONE']","{'SPC_MNUF': 1, 'UC_NONE': 20, 'TPC_MPOLY': 4, 'TPC_MNUF': 1, 'SPC_MPOLY': 1, 'SBX_MPOLY': 3, 'TPC_NONE': 28, 'SPC_NONE': 18}"
11,77,SPC,NONE,0.6827207911600002,0.0392322371114563,564131947.52,454808374.9076931,2268324.0,1934904.256266051,0.7391468342689953,-2.5466262099094195e-06,0.01,0.0,GREEDY_HV,"['SPC_MBFLIP', 'SPC_MNUF', 'UC_NONE', 'TPC_MPOLY', 'TPC_MNUF', 'UC_NONE', 'SPC_MPOLY', 'SBX_MPOLY', 'TPC_NONE', 'SBX_MPOLY', 'SBX_MPOLY', 'TPC_MPOLY', 'SPC_NONE', 'SPC_NONE', 'TPC_NONE', 'TPC_NONE', 'TPC_MPOLY', 'TPC_NONE', 'TPC_NONE', 'TPC_NONE', 'TPC_NONE', 'UC_NONE', 'SPC_NONE', 'TPC_NONE', 'SPC_NONE', 'TPC_NONE', 'UC_NONE', 'TPC_NONE', 'UC_NONE', 'SPC_NONE', 'UC_NONE', 'TPC_NONE', 'UC_NONE', 'UC_NONE', 'TPC_NONE', 'UC_NONE', 'TPC_NONE', 'TPC_NONE', 'TPC_NONE', 'SPC_NONE', 'SPC_NONE', 'TPC_MPOLY', 'UC_NONE', 'TPC_NONE', 'SPC_NONE', 'TPC_NONE', 'SPC_NONE', 'TPC_NONE', 'UC_NONE', 'UC_NONE', 'SPC_NONE', 'SPC_NONE', 'UC_NONE', 'TPC_NONE', 'TPC_NONE', 'TPC_NONE', 'UC_NONE', 'SPC_NONE', 'SPC_NONE', 'TPC_NONE', 'SPC_NONE', 'UC_NONE', 'UC_NONE', 'TPC_NONE', 'SPC_NONE', 'TPC_NONE', 'SPC_NONE', 'SPC_NONE', 'TPC_NONE', 'UC_NONE', 'UC_NONE', 'UC_NONE', 'SPC_NONE', 'TPC_NONE', 'UC_NONE', 'TPC_NONE', 'TPC_NONE', 'SPC_NONE']","{'SPC_MNUF': 1, 'UC_NONE': 20, 'TPC_MPOLY': 4, 'TPC_MNUF': 1, 'SPC_MPOLY': 1, 'SBX_MPOLY': 3, 'TPC_NONE': 28, 'SPC_NONE': 19}"
11,78,SPC,NONE,0.6837179562255639,0.0393489474526703,575886858.24,452471493.6104708,2363361.44,1884667.711463092,0.7391095153562726,-3.731891272273913e-05,0.0,0.0,GREEDY_HV,"['SPC_MBFLIP', 'SPC_MNUF', 'UC_NONE', 'TPC_MPOLY', 'TPC_MNUF', 'UC_NONE', 'SPC_MPOLY', 'SBX_MPOLY', 'TPC_NONE', 'SBX_MPOLY', 'SBX_MPOLY', 'TPC_MPOLY', 'SPC_NONE', 'SPC_NONE', 'TPC_NONE', 'TPC_NONE', 'TPC_MPOLY', 'TPC_NONE', 'TPC_NONE', 'TPC_NONE', 'TPC_NONE', 'UC_NONE', 'SPC_NONE', 'TPC_NONE', 'SPC_NONE', 'TPC_NONE', 'UC_NONE', 'TPC_NONE', 'UC_NONE', 'SPC_NONE', 'UC_NONE', 'TPC_NONE', 'UC_NONE', 'UC_NONE', 'TPC_NONE', 'UC_NONE', 'TPC_NONE', 'TPC_NONE', 'TPC_NONE', 'SPC_NONE', 'SPC_NONE', 'TPC_MPOLY', 'UC_NONE', 'TPC_NONE', 'SPC_NONE', 'TPC_NONE', 'SPC_NONE', 'TPC_NONE', 'UC_NONE', 'UC_NONE', 'SPC_NONE', 'SPC_NONE', 'UC_NONE', 'TPC_NONE', 'TPC_NONE', 'TPC_NONE', 'UC_NONE', 'SPC_NONE', 'SPC_NONE', 'TPC_NONE', 'SPC_NONE', 'UC_NONE', 'UC_NONE', 'TPC_NONE', 'SPC_NONE', 'TPC_NONE', 'SPC_NONE', 'SPC_NONE', 'TPC_NONE', 'UC_NONE', 'UC_NONE', 'UC_NONE', 'SPC_NONE', 'TPC_NONE', 'UC_NONE', 'TPC_NONE', 'TPC_NONE', 'SPC_NONE', 'SPC_NONE']","{'SPC_MNUF': 1, 'UC_NONE': 20, 'TPC_MPOLY': 4, 'TPC_MNUF': 1, 'SPC_MPOLY': 1, 'SBX_MPOLY': 3, 'TPC_NONE': 28, 'SPC_NONE': 20}"
11,79,UC,NONE,0.6841319204334755,0.0390628104867736,579277319.68,448227453.42701125,2339626.4,1887079.9462456708,0.7391173618325939,7.846476321349272e-06,0.0,0.0,GREEDY_HV,"['SPC_MBFLIP', 'SPC_MNUF', 'UC_NONE', 'TPC_MPOLY', 'TPC_MNUF', 'UC_NONE', 'SPC_MPOLY', 'SBX_MPOLY', 'TPC_NONE', 'SBX_MPOLY', 'SBX_MPOLY', 'TPC_MPOLY', 'SPC_NONE', 'SPC_NONE', 'TPC_NONE', 'TPC_NONE', 'TPC_MPOLY', 'TPC_NONE', 'TPC_NONE', 'TPC_NONE', 'TPC_NONE', 'UC_NONE', 'SPC_NONE', 'TPC_NONE', 'SPC_NONE', 'TPC_NONE', 'UC_NONE', 'TPC_NONE', 'UC_NONE', 'SPC_NONE', 'UC_NONE', 'TPC_NONE', 'UC_NONE', 'UC_NONE', 'TPC_NONE', 'UC_NONE', 'TPC_NONE', 'TPC_NONE', 'TPC_NONE', 'SPC_NONE', 'SPC_NONE', 'TPC_MPOLY', 'UC_NONE', 'TPC_NONE', 'SPC_NONE', 'TPC_NONE', 'SPC_NONE', 'TPC_NONE', 'UC_NONE', 'UC_NONE', 'SPC_NONE', 'SPC_NONE', 'UC_NONE', 'TPC_NONE', 'TPC_NONE', 'TPC_NONE', 'UC_NONE', 'SPC_NONE', 'SPC_NONE', 'TPC_NONE', 'SPC_NONE', 'UC_NONE', 'UC_NONE', 'TPC_NONE', 'SPC_NONE', 'TPC_NONE', 'SPC_NONE', 'SPC_NONE', 'TPC_NONE', 'UC_NONE', 'UC_NONE', 'UC_NONE', 'SPC_NONE', 'TPC_NONE', 'UC_NONE', 'TPC_NONE', 'TPC_NONE', 'SPC_NONE', 'SPC_NONE', 'UC_NONE']","{'SPC_MNUF': 1, 'UC_NONE': 21, 'TPC_MPOLY': 4, 'TPC_MNUF': 1, 'SPC_MPOLY': 1, 'SBX_MPOLY': 3, 'TPC_NONE': 28, 'SPC_NONE': 20}"
11,80,TPC,NONE,0.6824027405813812,0.0389676178599685,522596679.68,428936623.9423683,2247349.92,1852606.7307907075,0.7391062328183406,-1.1129014253263849e-05,0.01,0.0,GREEDY_HV,"['SPC_MBFLIP', 'SPC_MNUF', 'UC_NONE', 'TPC_MPOLY', 'TPC_MNUF', 'UC_NONE', 'SPC_MPOLY', 'SBX_MPOLY', 'TPC_NONE', 'SBX_MPOLY', 'SBX_MPOLY', 'TPC_MPOLY', 'SPC_NONE', 'SPC_NONE', 'TPC_NONE', 'TPC_NONE', 'TPC_MPOLY', 'TPC_NONE', 'TPC_NONE', 'TPC_NONE', 'TPC_NONE', 'UC_NONE', 'SPC_NONE', 'TPC_NONE', 'SPC_NONE', 'TPC_NONE', 'UC_NONE', 'TPC_NONE', 'UC_NONE', 'SPC_NONE', 'UC_NONE', 'TPC_NONE', 'UC_NONE', 'UC_NONE', 'TPC_NONE', 'UC_NONE', 'TPC_NONE', 'TPC_NONE', 'TPC_NONE', 'SPC_NONE', 'SPC_NONE', 'TPC_MPOLY', 'UC_NONE', 'TPC_NONE', 'SPC_NONE', 'TPC_NONE', 'SPC_NONE', 'TPC_NONE', 'UC_NONE', 'UC_NONE', 'SPC_NONE', 'SPC_NONE', 'UC_NONE', 'TPC_NONE', 'TPC_NONE', 'TPC_NONE', 'UC_NONE', 'SPC_NONE', 'SPC_NONE', 'TPC_NONE', 'SPC_NONE', 'UC_NONE', 'UC_NONE', 'TPC_NONE', 'SPC_NONE', 'TPC_NONE', 'SPC_NONE', 'SPC_NONE', 'TPC_NONE', 'UC_NONE', 'UC_NONE', 'UC_NONE', 'SPC_NONE', 'TPC_NONE', 'UC_NONE', 'TPC_NONE', 'TPC_NONE', 'SPC_NONE', 'SPC_NONE', 'UC_NONE', 'TPC_NONE']","{'SPC_MNUF': 1, 'UC_NONE': 21, 'TPC_MPOLY': 4, 'TPC_MNUF': 1, 'SPC_MPOLY': 1, 'SBX_MPOLY': 3, 'TPC_NONE': 29, 'SPC_NONE': 20}"
11,81,SPC,NONE,0.681307971801506,0.039276097474964,532741173.76,449531214.60686135,2195221.92,1882902.8399774204,0.7391198831271897,1.365030884903362e-05,0.0,0.0,GREEDY_HV,"['SPC_MBFLIP', 'SPC_MNUF', 'UC_NONE', 'TPC_MPOLY', 'TPC_MNUF', 'UC_NONE', 'SPC_MPOLY', 'SBX_MPOLY', 'TPC_NONE', 'SBX_MPOLY', 'SBX_MPOLY', 'TPC_MPOLY', 'SPC_NONE', 'SPC_NONE', 'TPC_NONE', 'TPC_NONE', 'TPC_MPOLY', 'TPC_NONE', 'TPC_NONE', 'TPC_NONE', 'TPC_NONE', 'UC_NONE', 'SPC_NONE', 'TPC_NONE', 'SPC_NONE', 'TPC_NONE', 'UC_NONE', 'TPC_NONE', 'UC_NONE', 'SPC_NONE', 'UC_NONE', 'TPC_NONE', 'UC_NONE', 'UC_NONE', 'TPC_NONE', 'UC_NONE', 'TPC_NONE', 'TPC_NONE', 'TPC_NONE', 'SPC_NONE', 'SPC_NONE', 'TPC_MPOLY', 'UC_NONE', 'TPC_NONE', 'SPC_NONE', 'TPC_NONE', 'SPC_NONE', 'TPC_NONE', 'UC_NONE', 'UC_NONE', 'SPC_NONE', 'SPC_NONE', 'UC_NONE', 'TPC_NONE', 'TPC_NONE', 'TPC_NONE', 'UC_NONE', 'SPC_NONE', 'SPC_NONE', 'TPC_NONE', 'SPC_NONE', 'UC_NONE', 'UC_NONE', 'TPC_NONE', 'SPC_NONE', 'TPC_NONE', 'SPC_NONE', 'SPC_NONE', 'TPC_NONE', 'UC_NONE', 'UC_NONE', 'UC_NONE', 'SPC_NONE', 'TPC_NONE', 'UC_NONE', 'TPC_NONE', 'TPC_NONE', 'SPC_NONE', 'SPC_NONE', 'UC_NONE', 'TPC_NONE', 'SPC_NONE']","{'SPC_MNUF': 1, 'UC_NONE': 21, 'TPC_MPOLY': 4, 'TPC_MNUF': 1, 'SPC_MPOLY': 1, 'SBX_MPOLY': 3, 'TPC_NONE': 29, 'SPC_NONE': 21}"
11,82,SPC,NONE,0.6826713006436259,0.0394513204285405,554189373.44,449560005.7752104,2298546.08,1900350.0801839628,0.7391424406721931,2.2557545003465407e-05,0.0,0.0,GREEDY_HV,"['SPC_MBFLIP', 'SPC_MNUF', 'UC_NONE', 'TPC_MPOLY', 'TPC_MNUF', 'UC_NONE', 'SPC_MPOLY', 'SBX_MPOLY', 'TPC_NONE', 'SBX_MPOLY', 'SBX_MPOLY', 'TPC_MPOLY', 'SPC_NONE', 'SPC_NONE', 'TPC_NONE', 'TPC_NONE', 'TPC_MPOLY', 'TPC_NONE', 'TPC_NONE', 'TPC_NONE', 'TPC_NONE', 'UC_NONE', 'SPC_NONE', 'TPC_NONE', 'SPC_NONE', 'TPC_NONE', 'UC_NONE', 'TPC_NONE', 'UC_NONE', 'SPC_NONE', 'UC_NONE', 'TPC_NONE', 'UC_NONE', 'UC_NONE', 'TPC_NONE', 'UC_NONE', 'TPC_NONE', 'TPC_NONE', 'TPC_NONE', 'SPC_NONE', 'SPC_NONE', 'TPC_MPOLY', 'UC_NONE', 'TPC_NONE', 'SPC_NONE', 'TPC_NONE', 'SPC_NONE', 'TPC_NONE', 'UC_NONE', 'UC_NONE', 'SPC_NONE', 'SPC_NONE', 'UC_NONE', 'TPC_NONE', 'TPC_NONE', 'TPC_NONE', 'UC_NONE', 'SPC_NONE', 'SPC_NONE', 'TPC_NONE', 'SPC_NONE', 'UC_NONE', 'UC_NONE', 'TPC_NONE', 'SPC_NONE', 'TPC_NONE', 'SPC_NONE', 'SPC_NONE', 'TPC_NONE', 'UC_NONE', 'UC_NONE', 'UC_NONE', 'SPC_NONE', 'TPC_NONE', 'UC_NONE', 'TPC_NONE', 'TPC_NONE', 'SPC_NONE', 'SPC_NONE', 'UC_NONE', 'TPC_NONE', 'SPC_NONE', 'SPC_NONE']","{'SPC_MNUF': 1, 'UC_NONE': 21, 'TPC_MPOLY': 4, 'TPC_MNUF': 1, 'SPC_MPOLY': 1, 'SBX_MPOLY': 3, 'TPC_NONE': 29, 'SPC_NONE': 22}"
11,83,SPC,NONE,0.6827279013567559,0.0392788673017771,540213401.6,443080672.9677658,2300047.52,1896527.7645186656,0.7391949953225461,5.255465035292062e-05,0.0,0.0,GREEDY_HV,"['SPC_MBFLIP', 'SPC_MNUF', 'UC_NONE', 'TPC_MPOLY', 'TPC_MNUF', 'UC_NONE', 'SPC_MPOLY', 'SBX_MPOLY', 'TPC_NONE', 'SBX_MPOLY', 'SBX_MPOLY', 'TPC_MPOLY', 'SPC_NONE', 'SPC_NONE', 'TPC_NONE', 'TPC_NONE', 'TPC_MPOLY', 'TPC_NONE', 'TPC_NONE', 'TPC_NONE', 'TPC_NONE', 'UC_NONE', 'SPC_NONE', 'TPC_NONE', 'SPC_NONE', 'TPC_NONE', 'UC_NONE', 'TPC_NONE', 'UC_NONE', 'SPC_NONE', 'UC_NONE', 'TPC_NONE', 'UC_NONE', 'UC_NONE', 'TPC_NONE', 'UC_NONE', 'TPC_NONE', 'TPC_NONE', 'TPC_NONE', 'SPC_NONE', 'SPC_NONE', 'TPC_MPOLY', 'UC_NONE', 'TPC_NONE', 'SPC_NONE', 'TPC_NONE', 'SPC_NONE', 'TPC_NONE', 'UC_NONE', 'UC_NONE', 'SPC_NONE', 'SPC_NONE', 'UC_NONE', 'TPC_NONE', 'TPC_NONE', 'TPC_NONE', 'UC_NONE', 'SPC_NONE', 'SPC_NONE', 'TPC_NONE', 'SPC_NONE', 'UC_NONE', 'UC_NONE', 'TPC_NONE', 'SPC_NONE', 'TPC_NONE', 'SPC_NONE', 'SPC_NONE', 'TPC_NONE', 'UC_NONE', 'UC_NONE', 'UC_NONE', 'SPC_NONE', 'TPC_NONE', 'UC_NONE', 'TPC_NONE', 'TPC_NONE', 'SPC_NONE', 'SPC_NONE', 'UC_NONE', 'TPC_NONE', 'SPC_NONE', 'SPC_NONE', 'SPC_NONE']","{'SPC_MNUF': 1, 'UC_NONE': 21, 'TPC_MPOLY': 4, 'TPC_MNUF': 1, 'SPC_MPOLY': 1, 'SBX_MPOLY': 3, 'TPC_NONE': 29, 'SPC_NONE': 23}"
11,84,UC,NONE,0.6815437756321213,0.0390177670962197,505766666.24,435151069.385411,2228498.08,1902806.707284078,0.7391892244751246,-5.770847421482372e-06,0.0,0.0,GREEDY_HV,"['SPC_MBFLIP', 'SPC_MNUF', 'UC_NONE', 'TPC_MPOLY', 'TPC_MNUF', 'UC_NONE', 'SPC_MPOLY', 'SBX_MPOLY', 'TPC_NONE', 'SBX_MPOLY', 'SBX_MPOLY', 'TPC_MPOLY', 'SPC_NONE', 'SPC_NONE', 'TPC_NONE', 'TPC_NONE', 'TPC_MPOLY', 'TPC_NONE', 'TPC_NONE', 'TPC_NONE', 'TPC_NONE', 'UC_NONE', 'SPC_NONE', 'TPC_NONE', 'SPC_NONE', 'TPC_NONE', 'UC_NONE', 'TPC_NONE', 'UC_NONE', 'SPC_NONE', 'UC_NONE', 'TPC_NONE', 'UC_NONE', 'UC_NONE', 'TPC_NONE', 'UC_NONE', 'TPC_NONE', 'TPC_NONE', 'TPC_NONE', 'SPC_NONE', 'SPC_NONE', 'TPC_MPOLY', 'UC_NONE', 'TPC_NONE', 'SPC_NONE', 'TPC_NONE', 'SPC_NONE', 'TPC_NONE', 'UC_NONE', 'UC_NONE', 'SPC_NONE', 'SPC_NONE', 'UC_NONE', 'TPC_NONE', 'TPC_NONE', 'TPC_NONE', 'UC_NONE', 'SPC_NONE', 'SPC_NONE', 'TPC_NONE', 'SPC_NONE', 'UC_NONE', 'UC_NONE', 'TPC_NONE', 'SPC_NONE', 'TPC_NONE', 'SPC_NONE', 'SPC_NONE', 'TPC_NONE', 'UC_NONE', 'UC_NONE', 'UC_NONE', 'SPC_NONE', 'TPC_NONE', 'UC_NONE', 'TPC_NONE', 'TPC_NONE', 'SPC_NONE', 'SPC_NONE', 'UC_NONE', 'TPC_NONE', 'SPC_NONE', 'SPC_NONE', 'SPC_NONE', 'UC_NONE']","{'SPC_MNUF': 1, 'UC_NONE': 22, 'TPC_MPOLY': 4, 'TPC_MNUF': 1, 'SPC_MPOLY': 1, 'SBX_MPOLY': 3, 'TPC_NONE': 29, 'SPC_NONE': 23}"
11,85,TPC,NONE,0.6819824817102358,0.0390080310191848,531030051.84,449099925.7145069,2121126.56,1812183.9163341024,0.7392063565433141,1.7132068189540384e-05,0.0,0.0,GREEDY_HV,"['SPC_MBFLIP', 'SPC_MNUF', 'UC_NONE', 'TPC_MPOLY', 'TPC_MNUF', 'UC_NONE', 'SPC_MPOLY', 'SBX_MPOLY', 'TPC_NONE', 'SBX_MPOLY', 'SBX_MPOLY', 'TPC_MPOLY', 'SPC_NONE', 'SPC_NONE', 'TPC_NONE', 'TPC_NONE', 'TPC_MPOLY', 'TPC_NONE', 'TPC_NONE', 'TPC_NONE', 'TPC_NONE', 'UC_NONE', 'SPC_NONE', 'TPC_NONE', 'SPC_NONE', 'TPC_NONE', 'UC_NONE', 'TPC_NONE', 'UC_NONE', 'SPC_NONE', 'UC_NONE', 'TPC_NONE', 'UC_NONE', 'UC_NONE', 'TPC_NONE', 'UC_NONE', 'TPC_NONE', 'TPC_NONE', 'TPC_NONE', 'SPC_NONE', 'SPC_NONE', 'TPC_MPOLY', 'UC_NONE', 'TPC_NONE', 'SPC_NONE', 'TPC_NONE', 'SPC_NONE', 'TPC_NONE', 'UC_NONE', 'UC_NONE', 'SPC_NONE', 'SPC_NONE', 'UC_NONE', 'TPC_NONE', 'TPC_NONE', 'TPC_NONE', 'UC_NONE', 'SPC_NONE', 'SPC_NONE', 'TPC_NONE', 'SPC_NONE', 'UC_NONE', 'UC_NONE', 'TPC_NONE', 'SPC_NONE', 'TPC_NONE', 'SPC_NONE', 'SPC_NONE', 'TPC_NONE', 'UC_NONE', 'UC_NONE', 'UC_NONE', 'SPC_NONE', 'TPC_NONE', 'UC_NONE', 'TPC_NONE', 'TPC_NONE', 'SPC_NONE', 'SPC_NONE', 'UC_NONE', 'TPC_NONE', 'SPC_NONE', 'SPC_NONE', 'SPC_NONE', 'UC_NONE', 'TPC_NONE']","{'SPC_MNUF': 1, 'UC_NONE': 22, 'TPC_MPOLY': 4, 'TPC_MNUF': 1, 'SPC_MPOLY': 1, 'SBX_MPOLY': 3, 'TPC_NONE': 30, 'SPC_NONE': 23}"
11,86,UC,NONE,0.6826250223895304,0.0385395701911299,536617630.72,451099599.9779832,2125277.6,1825884.2429530744,0.7392353488327392,2.899228942510046e-05,0.01,0.0,GREEDY_HV,"['SPC_MBFLIP', 'SPC_MNUF', 'UC_NONE', 'TPC_MPOLY', 'TPC_MNUF', 'UC_NONE', 'SPC_MPOLY', 'SBX_MPOLY', 'TPC_NONE', 'SBX_MPOLY', 'SBX_MPOLY', 'TPC_MPOLY', 'SPC_NONE', 'SPC_NONE', 'TPC_NONE', 'TPC_NONE', 'TPC_MPOLY', 'TPC_NONE', 'TPC_NONE', 'TPC_NONE', 'TPC_NONE', 'UC_NONE', 'SPC_NONE', 'TPC_NONE', 'SPC_NONE', 'TPC_NONE', 'UC_NONE', 'TPC_NONE', 'UC_NONE', 'SPC_NONE', 'UC_NONE', 'TPC_NONE', 'UC_NONE', 'UC_NONE', 'TPC_NONE', 'UC_NONE', 'TPC_NONE', 'TPC_NONE', 'TPC_NONE', 'SPC_NONE', 'SPC_NONE', 'TPC_MPOLY', 'UC_NONE', 'TPC_NONE', 'SPC_NONE', 'TPC_NONE', 'SPC_NONE', 'TPC_NONE', 'UC_NONE', 'UC_NONE', 'SPC_NONE', 'SPC_NONE', 'UC_NONE', 'TPC_NONE', 'TPC_NONE', 'TPC_NONE', 'UC_NONE', 'SPC_NONE', 'SPC_NONE', 'TPC_NONE', 'SPC_NONE', 'UC_NONE', 'UC_NONE', 'TPC_NONE', 'SPC_NONE', 'TPC_NONE', 'SPC_NONE', 'SPC_NONE', 'TPC_NONE', 'UC_NONE', 'UC_NONE', 'UC_NONE', 'SPC_NONE', 'TPC_NONE', 'UC_NONE', 'TPC_NONE', 'TPC_NONE', 'SPC_NONE', 'SPC_NONE', 'UC_NONE', 'TPC_NONE', 'SPC_NONE', 'SPC_NONE', 'SPC_NONE', 'UC_NONE', 'TPC_NONE', 'UC_NONE']","{'SPC_MNUF': 1, 'UC_NONE': 23, 'TPC_MPOLY': 4, 'TPC_MNUF': 1, 'SPC_MPOLY': 1, 'SBX_MPOLY': 3, 'TPC_NONE': 30, 'SPC_NONE': 23}"
11,87,TPC,NONE,0.6826873776295775,0.0378667374178176,534715461.12,445248186.9131699,2087425.44,1841600.020048959,0.7392285459729713,-6.802859767951475e-06,0.0,0.0,GREEDY_HV,"['SPC_MBFLIP', 'SPC_MNUF', 'UC_NONE', 'TPC_MPOLY', 'TPC_MNUF', 'UC_NONE', 'SPC_MPOLY', 'SBX_MPOLY', 'TPC_NONE', 'SBX_MPOLY', 'SBX_MPOLY', 'TPC_MPOLY', 'SPC_NONE', 'SPC_NONE', 'TPC_NONE', 'TPC_NONE', 'TPC_MPOLY', 'TPC_NONE', 'TPC_NONE', 'TPC_NONE', 'TPC_NONE', 'UC_NONE', 'SPC_NONE', 'TPC_NONE', 'SPC_NONE', 'TPC_NONE', 'UC_NONE', 'TPC_NONE', 'UC_NONE', 'SPC_NONE', 'UC_NONE', 'TPC_NONE', 'UC_NONE', 'UC_NONE', 'TPC_NONE', 'UC_NONE', 'TPC_NONE', 'TPC_NONE', 'TPC_NONE', 'SPC_NONE', 'SPC_NONE', 'TPC_MPOLY', 'UC_NONE', 'TPC_NONE', 'SPC_NONE', 'TPC_NONE', 'SPC_NONE', 'TPC_NONE', 'UC_NONE', 'UC_NONE', 'SPC_NONE', 'SPC_NONE', 'UC_NONE', 'TPC_NONE', 'TPC_NONE', 'TPC_NONE', 'UC_NONE', 'SPC_NONE', 'SPC_NONE', 'TPC_NONE', 'SPC_NONE', 'UC_NONE', 'UC_NONE', 'TPC_NONE', 'SPC_NONE', 'TPC_NONE', 'SPC_NONE', 'SPC_NONE', 'TPC_NONE', 'UC_NONE', 'UC_NONE', 'UC_NONE', 'SPC_NONE', 'TPC_NONE', 'UC_NONE', 'TPC_NONE', 'TPC_NONE', 'SPC_NONE', 'SPC_NONE', 'UC_NONE', 'TPC_NONE', 'SPC_NONE', 'SPC_NONE', 'SPC_NONE', 'UC_NONE', 'TPC_NONE', 'UC_NONE', 'TPC_NONE']","{'SPC_MNUF': 1, 'UC_NONE': 23, 'TPC_MPOLY': 4, 'TPC_MNUF': 1, 'SPC_MPOLY': 1, 'SBX_MPOLY': 3, 'TPC_NONE': 31, 'SPC_NONE': 23}"
11,88,SPC,NONE,0.6842631086260988,0.0382313870062605,562420958.72,446103612.7247644,2188420.0,1814064.9491674104,0.7392207191883556,-7.826784615638793e-06,0.0,0.0,GREEDY_HV,"['SPC_MBFLIP', 'SPC_MNUF', 'UC_NONE', 'TPC_MPOLY', 'TPC_MNUF', 'UC_NONE', 'SPC_MPOLY', 'SBX_MPOLY', 'TPC_NONE', 'SBX_MPOLY', 'SBX_MPOLY', 'TPC_MPOLY', 'SPC_NONE', 'SPC_NONE', 'TPC_NONE', 'TPC_NONE', 'TPC_MPOLY', 'TPC_NONE', 'TPC_NONE', 'TPC_NONE', 'TPC_NONE', 'UC_NONE', 'SPC_NONE', 'TPC_NONE', 'SPC_NONE', 'TPC_NONE', 'UC_NONE', 'TPC_NONE', 'UC_NONE', 'SPC_NONE', 'UC_NONE', 'TPC_NONE', 'UC_NONE', 'UC_NONE', 'TPC_NONE', 'UC_NONE', 'TPC_NONE', 'TPC_NONE', 'TPC_NONE', 'SPC_NONE', 'SPC_NONE', 'TPC_MPOLY', 'UC_NONE', 'TPC_NONE', 'SPC_NONE', 'TPC_NONE', 'SPC_NONE', 'TPC_NONE', 'UC_NONE', 'UC_NONE', 'SPC_NONE', 'SPC_NONE', 'UC_NONE', 'TPC_NONE', 'TPC_NONE', 'TPC_NONE', 'UC_NONE', 'SPC_NONE', 'SPC_NONE', 'TPC_NONE', 'SPC_NONE', 'UC_NONE', 'UC_NONE', 'TPC_NONE', 'SPC_NONE', 'TPC_NONE', 'SPC_NONE', 'SPC_NONE', 'TPC_NONE', 'UC_NONE', 'UC_NONE', 'UC_NONE', 'SPC_NONE', 'TPC_NONE', 'UC_NONE', 'TPC_NONE', 'TPC_NONE', 'SPC_NONE', 'SPC_NONE', 'UC_NONE', 'TPC_NONE', 'SPC_NONE', 'SPC_NONE', 'SPC_NONE', 'UC_NONE', 'TPC_NONE', 'UC_NONE', 'TPC_NONE', 'SPC_NONE']","{'SPC_MNUF': 1, 'UC_NONE': 23, 'TPC_MPOLY': 4, 'TPC_MNUF': 1, 'SPC_MPOLY': 1, 'SBX_MPOLY': 3, 'TPC_NONE': 31, 'SPC_NONE': 24}"
11,89,SBX,NONE,0.6851587827869301,0.0371575212334285,546943744.0,433579504.1291201,2276389.28,1874326.7374536707,0.7392898070345316,6.908784617598585e-05,0.0,0.0,GREEDY_HV,"['SPC_MBFLIP', 'SPC_MNUF', 'UC_NONE', 'TPC_MPOLY', 'TPC_MNUF', 'UC_NONE', 'SPC_MPOLY', 'SBX_MPOLY', 'TPC_NONE', 'SBX_MPOLY', 'SBX_MPOLY', 'TPC_MPOLY', 'SPC_NONE', 'SPC_NONE', 'TPC_NONE', 'TPC_NONE', 'TPC_MPOLY', 'TPC_NONE', 'TPC_NONE', 'TPC_NONE', 'TPC_NONE', 'UC_NONE', 'SPC_NONE', 'TPC_NONE', 'SPC_NONE', 'TPC_NONE', 'UC_NONE', 'TPC_NONE', 'UC_NONE', 'SPC_NONE', 'UC_NONE', 'TPC_NONE', 'UC_NONE', 'UC_NONE', 'TPC_NONE', 'UC_NONE', 'TPC_NONE', 'TPC_NONE', 'TPC_NONE', 'SPC_NONE', 'SPC_NONE', 'TPC_MPOLY', 'UC_NONE', 'TPC_NONE', 'SPC_NONE', 'TPC_NONE', 'SPC_NONE', 'TPC_NONE', 'UC_NONE', 'UC_NONE', 'SPC_NONE', 'SPC_NONE', 'UC_NONE', 'TPC_NONE', 'TPC_NONE', 'TPC_NONE', 'UC_NONE', 'SPC_NONE', 'SPC_NONE', 'TPC_NONE', 'SPC_NONE', 'UC_NONE', 'UC_NONE', 'TPC_NONE', 'SPC_NONE', 'TPC_NONE', 'SPC_NONE', 'SPC_NONE', 'TPC_NONE', 'UC_NONE', 'UC_NONE', 'UC_NONE', 'SPC_NONE', 'TPC_NONE', 'UC_NONE', 'TPC_NONE', 'TPC_NONE', 'SPC_NONE', 'SPC_NONE', 'UC_NONE', 'TPC_NONE', 'SPC_NONE', 'SPC_NONE', 'SPC_NONE', 'UC_NONE', 'TPC_NONE', 'UC_NONE', 'TPC_NONE', 'SPC_NONE', 'SBX_NONE']","{'SPC_MNUF': 1, 'UC_NONE': 23, 'TPC_MPOLY': 4, 'TPC_MNUF': 1, 'SPC_MPOLY': 1, 'SBX_MPOLY': 3, 'TPC_NONE': 31, 'SPC_NONE': 24, 'SBX_NONE': 1}"
11,90,UC,NONE,0.6846422795526734,0.038403075300627,557303495.68,435171111.9297374,2294501.28,1905096.665038486,0.7393526371109902,6.283007645857541e-05,0.0,0.0,GREEDY_HV,"['SPC_MBFLIP', 'SPC_MNUF', 'UC_NONE', 'TPC_MPOLY', 'TPC_MNUF', 'UC_NONE', 'SPC_MPOLY', 'SBX_MPOLY', 'TPC_NONE', 'SBX_MPOLY', 'SBX_MPOLY', 'TPC_MPOLY', 'SPC_NONE', 'SPC_NONE', 'TPC_NONE', 'TPC_NONE', 'TPC_MPOLY', 'TPC_NONE', 'TPC_NONE', 'TPC_NONE', 'TPC_NONE', 'UC_NONE', 'SPC_NONE', 'TPC_NONE', 'SPC_NONE', 'TPC_NONE', 'UC_NONE', 'TPC_NONE', 'UC_NONE', 'SPC_NONE', 'UC_NONE', 'TPC_NONE', 'UC_NONE', 'UC_NONE', 'TPC_NONE', 'UC_NONE', 'TPC_NONE', 'TPC_NONE', 'TPC_NONE', 'SPC_NONE', 'SPC_NONE', 'TPC_MPOLY', 'UC_NONE', 'TPC_NONE', 'SPC_NONE', 'TPC_NONE', 'SPC_NONE', 'TPC_NONE', 'UC_NONE', 'UC_NONE', 'SPC_NONE', 'SPC_NONE', 'UC_NONE', 'TPC_NONE', 'TPC_NONE', 'TPC_NONE', 'UC_NONE', 'SPC_NONE', 'SPC_NONE', 'TPC_NONE', 'SPC_NONE', 'UC_NONE', 'UC_NONE', 'TPC_NONE', 'SPC_NONE', 'TPC_NONE', 'SPC_NONE', 'SPC_NONE', 'TPC_NONE', 'UC_NONE', 'UC_NONE', 'UC_NONE', 'SPC_NONE', 'TPC_NONE', 'UC_NONE', 'TPC_NONE', 'TPC_NONE', 'SPC_NONE', 'SPC_NONE', 'UC_NONE', 'TPC_NONE', 'SPC_NONE', 'SPC_NONE', 'SPC_NONE', 'UC_NONE', 'TPC_NONE', 'UC_NONE', 'TPC_NONE', 'SPC_NONE', 'SBX_NONE', 'UC_NONE']","{'SPC_MNUF': 1, 'UC_NONE': 24, 'TPC_MPOLY': 4, 'TPC_MNUF': 1, 'SPC_MPOLY': 1, 'SBX_MPOLY': 3, 'TPC_NONE': 31, 'SPC_NONE': 24, 'SBX_NONE': 1}"
11,91,SPC,NONE,0.6845026280753731,0.0380769600544836,529485690.88,419163758.15283614,2329292.96,1935419.1745349315,0.7393934848542344,4.084774324419893e-05,0.02,0.0,GREEDY_HV,"['SPC_MBFLIP', 'SPC_MNUF', 'UC_NONE', 'TPC_MPOLY', 'TPC_MNUF', 'UC_NONE', 'SPC_MPOLY', 'SBX_MPOLY', 'TPC_NONE', 'SBX_MPOLY', 'SBX_MPOLY', 'TPC_MPOLY', 'SPC_NONE', 'SPC_NONE', 'TPC_NONE', 'TPC_NONE', 'TPC_MPOLY', 'TPC_NONE', 'TPC_NONE', 'TPC_NONE', 'TPC_NONE', 'UC_NONE', 'SPC_NONE', 'TPC_NONE', 'SPC_NONE', 'TPC_NONE', 'UC_NONE', 'TPC_NONE', 'UC_NONE', 'SPC_NONE', 'UC_NONE', 'TPC_NONE', 'UC_NONE', 'UC_NONE', 'TPC_NONE', 'UC_NONE', 'TPC_NONE', 'TPC_NONE', 'TPC_NONE', 'SPC_NONE', 'SPC_NONE', 'TPC_MPOLY', 'UC_NONE', 'TPC_NONE', 'SPC_NONE', 'TPC_NONE', 'SPC_NONE', 'TPC_NONE', 'UC_NONE', 'UC_NONE', 'SPC_NONE', 'SPC_NONE', 'UC_NONE', 'TPC_NONE', 'TPC_NONE', 'TPC_NONE', 'UC_NONE', 'SPC_NONE', 'SPC_NONE', 'TPC_NONE', 'SPC_NONE', 'UC_NONE', 'UC_NONE', 'TPC_NONE', 'SPC_NONE', 'TPC_NONE', 'SPC_NONE', 'SPC_NONE', 'TPC_NONE', 'UC_NONE', 'UC_NONE', 'UC_NONE', 'SPC_NONE', 'TPC_NONE', 'UC_NONE', 'TPC_NONE', 'TPC_NONE', 'SPC_NONE', 'SPC_NONE', 'UC_NONE', 'TPC_NONE', 'SPC_NONE', 'SPC_NONE', 'SPC_NONE', 'UC_NONE', 'TPC_NONE', 'UC_NONE', 'TPC_NONE', 'SPC_NONE', 'SBX_NONE', 'UC_NONE', 'SPC_NONE']","{'SPC_MNUF': 1, 'UC_NONE': 24, 'TPC_MPOLY': 4, 'TPC_MNUF': 1, 'SPC_MPOLY': 1, 'SBX_MPOLY': 3, 'TPC_NONE': 31, 'SPC_NONE': 25, 'SBX_NONE': 1}"
11,92,TPC,NONE,0.6844255261827203,0.0385004665725256,540389498.88,426588762.73117965,2338860.96,1901412.984118168,0.7394486318757973,5.514702156295126e-05,0.0,0.0,GREEDY_HV,"['SPC_MBFLIP', 'SPC_MNUF', 'UC_NONE', 'TPC_MPOLY', 'TPC_MNUF', 'UC_NONE', 'SPC_MPOLY', 'SBX_MPOLY', 'TPC_NONE', 'SBX_MPOLY', 'SBX_MPOLY', 'TPC_MPOLY', 'SPC_NONE', 'SPC_NONE', 'TPC_NONE', 'TPC_NONE', 'TPC_MPOLY', 'TPC_NONE', 'TPC_NONE', 'TPC_NONE', 'TPC_NONE', 'UC_NONE', 'SPC_NONE', 'TPC_NONE', 'SPC_NONE', 'TPC_NONE', 'UC_NONE', 'TPC_NONE', 'UC_NONE', 'SPC_NONE', 'UC_NONE', 'TPC_NONE', 'UC_NONE', 'UC_NONE', 'TPC_NONE', 'UC_NONE', 'TPC_NONE', 'TPC_NONE', 'TPC_NONE', 'SPC_NONE', 'SPC_NONE', 'TPC_MPOLY', 'UC_NONE', 'TPC_NONE', 'SPC_NONE', 'TPC_NONE', 'SPC_NONE', 'TPC_NONE', 'UC_NONE', 'UC_NONE', 'SPC_NONE', 'SPC_NONE', 'UC_NONE', 'TPC_NONE', 'TPC_NONE', 'TPC_NONE', 'UC_NONE', 'SPC_NONE', 'SPC_NONE', 'TPC_NONE', 'SPC_NONE', 'UC_NONE', 'UC_NONE', 'TPC_NONE', 'SPC_NONE', 'TPC_NONE', 'SPC_NONE', 'SPC_NONE', 'TPC_NONE', 'UC_NONE', 'UC_NONE', 'UC_NONE', 'SPC_NONE', 'TPC_NONE', 'UC_NONE', 'TPC_NONE', 'TPC_NONE', 'SPC_NONE', 'SPC_NONE', 'UC_NONE', 'TPC_NONE', 'SPC_NONE', 'SPC_NONE', 'SPC_NONE', 'UC_NONE', 'TPC_NONE', 'UC_NONE', 'TPC_NONE', 'SPC_NONE', 'SBX_NONE', 'UC_NONE', 'SPC_NONE', 'TPC_NONE']","{'SPC_MNUF': 1, 'UC_NONE': 24, 'TPC_MPOLY': 4, 'TPC_MNUF': 1, 'SPC_MPOLY': 1, 'SBX_MPOLY': 3, 'TPC_NONE': 32, 'SPC_NONE': 25, 'SBX_NONE': 1}"
11,93,UC,NONE,0.682013916749446,0.0392451795379941,520854040.32,432280341.7391968,2144524.96,1864472.940446012,0.739491634114527,4.300223872966136e-05,0.01,0.0,GREEDY_HV,"['SPC_MBFLIP', 'SPC_MNUF', 'UC_NONE', 'TPC_MPOLY', 'TPC_MNUF', 'UC_NONE', 'SPC_MPOLY', 'SBX_MPOLY', 'TPC_NONE', 'SBX_MPOLY', 'SBX_MPOLY', 'TPC_MPOLY', 'SPC_NONE', 'SPC_NONE', 'TPC_NONE', 'TPC_NONE', 'TPC_MPOLY', 'TPC_NONE', 'TPC_NONE', 'TPC_NONE', 'TPC_NONE', 'UC_NONE', 'SPC_NONE', 'TPC_NONE', 'SPC_NONE', 'TPC_NONE', 'UC_NONE', 'TPC_NONE', 'UC_NONE', 'SPC_NONE', 'UC_NONE', 'TPC_NONE', 'UC_NONE', 'UC_NONE', 'TPC_NONE', 'UC_NONE', 'TPC_NONE', 'TPC_NONE', 'TPC_NONE', 'SPC_NONE', 'SPC_NONE', 'TPC_MPOLY', 'UC_NONE', 'TPC_NONE', 'SPC_NONE', 'TPC_NONE', 'SPC_NONE', 'TPC_NONE', 'UC_NONE', 'UC_NONE', 'SPC_NONE', 'SPC_NONE', 'UC_NONE', 'TPC_NONE', 'TPC_NONE', 'TPC_NONE', 'UC_NONE', 'SPC_NONE', 'SPC_NONE', 'TPC_NONE', 'SPC_NONE', 'UC_NONE', 'UC_NONE', 'TPC_NONE', 'SPC_NONE', 'TPC_NONE', 'SPC_NONE', 'SPC_NONE', 'TPC_NONE', 'UC_NONE', 'UC_NONE', 'UC_NONE', 'SPC_NONE', 'TPC_NONE', 'UC_NONE', 'TPC_NONE', 'TPC_NONE', 'SPC_NONE', 'SPC_NONE', 'UC_NONE', 'TPC_NONE', 'SPC_NONE', 'SPC_NONE', 'SPC_NONE', 'UC_NONE', 'TPC_NONE', 'UC_NONE', 'TPC_NONE', 'SPC_NONE', 'SBX_NONE', 'UC_NONE', 'SPC_NONE', 'TPC_NONE', 'UC_NONE']","{'SPC_MNUF': 1, 'UC_NONE': 25, 'TPC_MPOLY': 4, 'TPC_MNUF': 1, 'SPC_MPOLY': 1, 'SBX_MPOLY': 3, 'TPC_NONE': 32, 'SPC_NONE': 25, 'SBX_NONE': 1}"
11,94,SBX,NONE,0.6813731782564844,0.0382917855911745,529073868.8,610072928.8277932,2200731.04,1935451.8403821776,0.7395798929780966,8.825886356955692e-05,0.0,0.0,GREEDY_HV,"['SPC_MBFLIP', 'SPC_MNUF', 'UC_NONE', 'TPC_MPOLY', 'TPC_MNUF', 'UC_NONE', 'SPC_MPOLY', 'SBX_MPOLY', 'TPC_NONE', 'SBX_MPOLY', 'SBX_MPOLY', 'TPC_MPOLY', 'SPC_NONE', 'SPC_NONE', 'TPC_NONE', 'TPC_NONE', 'TPC_MPOLY', 'TPC_NONE', 'TPC_NONE', 'TPC_NONE', 'TPC_NONE', 'UC_NONE', 'SPC_NONE', 'TPC_NONE', 'SPC_NONE', 'TPC_NONE', 'UC_NONE', 'TPC_NONE', 'UC_NONE', 'SPC_NONE', 'UC_NONE', 'TPC_NONE', 'UC_NONE', 'UC_NONE', 'TPC_NONE', 'UC_NONE', 'TPC_NONE', 'TPC_NONE', 'TPC_NONE', 'SPC_NONE', 'SPC_NONE', 'TPC_MPOLY', 'UC_NONE', 'TPC_NONE', 'SPC_NONE', 'TPC_NONE', 'SPC_NONE', 'TPC_NONE', 'UC_NONE', 'UC_NONE', 'SPC_NONE', 'SPC_NONE', 'UC_NONE', 'TPC_NONE', 'TPC_NONE', 'TPC_NONE', 'UC_NONE', 'SPC_NONE', 'SPC_NONE', 'TPC_NONE', 'SPC_NONE', 'UC_NONE', 'UC_NONE', 'TPC_NONE', 'SPC_NONE', 'TPC_NONE', 'SPC_NONE', 'SPC_NONE', 'TPC_NONE', 'UC_NONE', 'UC_NONE', 'UC_NONE', 'SPC_NONE', 'TPC_NONE', 'UC_NONE', 'TPC_NONE', 'TPC_NONE', 'SPC_NONE', 'SPC_NONE', 'UC_NONE', 'TPC_NONE', 'SPC_NONE', 'SPC_NONE', 'SPC_NONE', 'UC_NONE', 'TPC_NONE', 'UC_NONE', 'TPC_NONE', 'SPC_NONE', 'SBX_NONE', 'UC_NONE', 'SPC_NONE', 'TPC_NONE', 'UC_NONE', 'SBX_NONE']","{'SPC_MNUF': 1, 'UC_NONE': 25, 'TPC_MPOLY': 4, 'TPC_MNUF': 1, 'SPC_MPOLY': 1, 'SBX_MPOLY': 3, 'TPC_NONE': 32, 'SPC_NONE': 25, 'SBX_NONE': 2}"
11,95,UC,NONE,0.6823792892805614,0.0384197862075491,586063818.24,750708022.4181523,2294543.52,2012427.6541146843,0.7396145594534452,3.466647534866585e-05,0.01,0.0,GREEDY_HV,"['SPC_MBFLIP', 'SPC_MNUF', 'UC_NONE', 'TPC_MPOLY', 'TPC_MNUF', 'UC_NONE', 'SPC_MPOLY', 'SBX_MPOLY', 'TPC_NONE', 'SBX_MPOLY', 'SBX_MPOLY', 'TPC_MPOLY', 'SPC_NONE', 'SPC_NONE', 'TPC_NONE', 'TPC_NONE', 'TPC_MPOLY', 'TPC_NONE', 'TPC_NONE', 'TPC_NONE', 'TPC_NONE', 'UC_NONE', 'SPC_NONE', 'TPC_NONE', 'SPC_NONE', 'TPC_NONE', 'UC_NONE', 'TPC_NONE', 'UC_NONE', 'SPC_NONE', 'UC_NONE', 'TPC_NONE', 'UC_NONE', 'UC_NONE', 'TPC_NONE', 'UC_NONE', 'TPC_NONE', 'TPC_NONE', 'TPC_NONE', 'SPC_NONE', 'SPC_NONE', 'TPC_MPOLY', 'UC_NONE', 'TPC_NONE', 'SPC_NONE', 'TPC_NONE', 'SPC_NONE', 'TPC_NONE', 'UC_NONE', 'UC_NONE', 'SPC_NONE', 'SPC_NONE', 'UC_NONE', 'TPC_NONE', 'TPC_NONE', 'TPC_NONE', 'UC_NONE', 'SPC_NONE', 'SPC_NONE', 'TPC_NONE', 'SPC_NONE', 'UC_NONE', 'UC_NONE', 'TPC_NONE', 'SPC_NONE', 'TPC_NONE', 'SPC_NONE', 'SPC_NONE', 'TPC_NONE', 'UC_NONE', 'UC_NONE', 'UC_NONE', 'SPC_NONE', 'TPC_NONE', 'UC_NONE', 'TPC_NONE', 'TPC_NONE', 'SPC_NONE', 'SPC_NONE', 'UC_NONE', 'TPC_NONE', 'SPC_NONE', 'SPC_NONE', 'SPC_NONE', 'UC_NONE', 'TPC_NONE', 'UC_NONE', 'TPC_NONE', 'SPC_NONE', 'SBX_NONE', 'UC_NONE', 'SPC_NONE', 'TPC_NONE', 'UC_NONE', 'SBX_NONE', 'UC_NONE']","{'SPC_MNUF': 1, 'UC_NONE': 26, 'TPC_MPOLY': 4, 'TPC_MNUF': 1, 'SPC_MPOLY': 1, 'SBX_MPOLY': 3, 'TPC_NONE': 32, 'SPC_NONE': 25, 'SBX_NONE': 2}"
11,96,TPC,NONE,0.6809654440570534,0.0385344223781626,637743774.72,1024325130.7140404,2216805.28,2090733.9086564896,0.7402239666901875,0.0006094072367422,0.0,0.0,GREEDY_HV,"['SPC_MBFLIP', 'SPC_MNUF', 'UC_NONE', 'TPC_MPOLY', 'TPC_MNUF', 'UC_NONE', 'SPC_MPOLY', 'SBX_MPOLY', 'TPC_NONE', 'SBX_MPOLY', 'SBX_MPOLY', 'TPC_MPOLY', 'SPC_NONE', 'SPC_NONE', 'TPC_NONE', 'TPC_NONE', 'TPC_MPOLY', 'TPC_NONE', 'TPC_NONE', 'TPC_NONE', 'TPC_NONE', 'UC_NONE', 'SPC_NONE', 'TPC_NONE', 'SPC_NONE', 'TPC_NONE', 'UC_NONE', 'TPC_NONE', 'UC_NONE', 'SPC_NONE', 'UC_NONE', 'TPC_NONE', 'UC_NONE', 'UC_NONE', 'TPC_NONE', 'UC_NONE', 'TPC_NONE', 'TPC_NONE', 'TPC_NONE', 'SPC_NONE', 'SPC_NONE', 'TPC_MPOLY', 'UC_NONE', 'TPC_NONE', 'SPC_NONE', 'TPC_NONE', 'SPC_NONE', 'TPC_NONE', 'UC_NONE', 'UC_NONE', 'SPC_NONE', 'SPC_NONE', 'UC_NONE', 'TPC_NONE', 'TPC_NONE', 'TPC_NONE', 'UC_NONE', 'SPC_NONE', 'SPC_NONE', 'TPC_NONE', 'SPC_NONE', 'UC_NONE', 'UC_NONE', 'TPC_NONE', 'SPC_NONE', 'TPC_NONE', 'SPC_NONE', 'SPC_NONE', 'TPC_NONE', 'UC_NONE', 'UC_NONE', 'UC_NONE', 'SPC_NONE', 'TPC_NONE', 'UC_NONE', 'TPC_NONE', 'TPC_NONE', 'SPC_NONE', 'SPC_NONE', 'UC_NONE', 'TPC_NONE', 'SPC_NONE', 'SPC_NONE', 'SPC_NONE', 'UC_NONE', 'TPC_NONE', 'UC_NONE', 'TPC_NONE', 'SPC_NONE', 'SBX_NONE', 'UC_NONE', 'SPC_NONE', 'TPC_NONE', 'UC_NONE', 'SBX_NONE', 'UC_NONE', 'TPC_NONE']","{'SPC_MNUF': 1, 'UC_NONE': 26, 'TPC_MPOLY': 4, 'TPC_MNUF': 1, 'SPC_MPOLY': 1, 'SBX_MPOLY': 3, 'TPC_NONE': 33, 'SPC_NONE': 25, 'SBX_NONE': 2}"
11,97,TPC,NONE,0.6811815917964779,0.0389915692979939,786905815.04,1444453292.9473016,2297264.8,2270818.800249671,0.7404039283852846,0.000179961695097,0.0,0.0,GREEDY_HV,"['SPC_MBFLIP', 'SPC_MNUF', 'UC_NONE', 'TPC_MPOLY', 'TPC_MNUF', 'UC_NONE', 'SPC_MPOLY', 'SBX_MPOLY', 'TPC_NONE', 'SBX_MPOLY', 'SBX_MPOLY', 'TPC_MPOLY', 'SPC_NONE', 'SPC_NONE', 'TPC_NONE', 'TPC_NONE', 'TPC_MPOLY', 'TPC_NONE', 'TPC_NONE', 'TPC_NONE', 'TPC_NONE', 'UC_NONE', 'SPC_NONE', 'TPC_NONE', 'SPC_NONE', 'TPC_NONE', 'UC_NONE', 'TPC_NONE', 'UC_NONE', 'SPC_NONE', 'UC_NONE', 'TPC_NONE', 'UC_NONE', 'UC_NONE', 'TPC_NONE', 'UC_NONE', 'TPC_NONE', 'TPC_NONE', 'TPC_NONE', 'SPC_NONE', 'SPC_NONE', 'TPC_MPOLY', 'UC_NONE', 'TPC_NONE', 'SPC_NONE', 'TPC_NONE', 'SPC_NONE', 'TPC_NONE', 'UC_NONE', 'UC_NONE', 'SPC_NONE', 'SPC_NONE', 'UC_NONE', 'TPC_NONE', 'TPC_NONE', 'TPC_NONE', 'UC_NONE', 'SPC_NONE', 'SPC_NONE', 'TPC_NONE', 'SPC_NONE', 'UC_NONE', 'UC_NONE', 'TPC_NONE', 'SPC_NONE', 'TPC_NONE', 'SPC_NONE', 'SPC_NONE', 'TPC_NONE', 'UC_NONE', 'UC_NONE', 'UC_NONE', 'SPC_NONE', 'TPC_NONE', 'UC_NONE', 'TPC_NONE', 'TPC_NONE', 'SPC_NONE', 'SPC_NONE', 'UC_NONE', 'TPC_NONE', 'SPC_NONE', 'SPC_NONE', 'SPC_NONE', 'UC_NONE', 'TPC_NONE', 'UC_NONE', 'TPC_NONE', 'SPC_NONE', 'SBX_NONE', 'UC_NONE', 'SPC_NONE', 'TPC_NONE', 'UC_NONE', 'SBX_NONE', 'UC_NONE', 'TPC_NONE', 'TPC_NONE']","{'SPC_MNUF': 1, 'UC_NONE': 26, 'TPC_MPOLY': 4, 'TPC_MNUF': 1, 'SPC_MPOLY': 1, 'SBX_MPOLY': 3, 'TPC_NONE': 34, 'SPC_NONE': 25, 'SBX_NONE': 2}"
11,98,TPC,MPOLY,0.6806758927201036,0.0387645973228663,777101926.4,1446111061.2160172,2188379.04,2224221.061939239,0.7404008372099449,-3.091175339697827e-06,0.0,0.0,GREEDY_HV,"['SPC_MBFLIP', 'SPC_MNUF', 'UC_NONE', 'TPC_MPOLY', 'TPC_MNUF', 'UC_NONE', 'SPC_MPOLY', 'SBX_MPOLY', 'TPC_NONE', 'SBX_MPOLY', 'SBX_MPOLY', 'TPC_MPOLY', 'SPC_NONE', 'SPC_NONE', 'TPC_NONE', 'TPC_NONE', 'TPC_MPOLY', 'TPC_NONE', 'TPC_NONE', 'TPC_NONE', 'TPC_NONE', 'UC_NONE', 'SPC_NONE', 'TPC_NONE', 'SPC_NONE', 'TPC_NONE', 'UC_NONE', 'TPC_NONE', 'UC_NONE', 'SPC_NONE', 'UC_NONE', 'TPC_NONE', 'UC_NONE', 'UC_NONE', 'TPC_NONE', 'UC_NONE', 'TPC_NONE', 'TPC_NONE', 'TPC_NONE', 'SPC_NONE', 'SPC_NONE', 'TPC_MPOLY', 'UC_NONE', 'TPC_NONE', 'SPC_NONE', 'TPC_NONE', 'SPC_NONE', 'TPC_NONE', 'UC_NONE', 'UC_NONE', 'SPC_NONE', 'SPC_NONE', 'UC_NONE', 'TPC_NONE', 'TPC_NONE', 'TPC_NONE', 'UC_NONE', 'SPC_NONE', 'SPC_NONE', 'TPC_NONE', 'SPC_NONE', 'UC_NONE', 'UC_NONE', 'TPC_NONE', 'SPC_NONE', 'TPC_NONE', 'SPC_NONE', 'SPC_NONE', 'TPC_NONE', 'UC_NONE', 'UC_NONE', 'UC_NONE', 'SPC_NONE', 'TPC_NONE', 'UC_NONE', 'TPC_NONE', 'TPC_NONE', 'SPC_NONE', 'SPC_NONE', 'UC_NONE', 'TPC_NONE', 'SPC_NONE', 'SPC_NONE', 'SPC_NONE', 'UC_NONE', 'TPC_NONE', 'UC_NONE', 'TPC_NONE', 'SPC_NONE', 'SBX_NONE', 'UC_NONE', 'SPC_NONE', 'TPC_NONE', 'UC_NONE', 'SBX_NONE', 'UC_NONE', 'TPC_NONE', 'TPC_NONE', 'TPC_MPOLY']","{'SPC_MNUF': 1, 'UC_NONE': 26, 'TPC_MPOLY': 5, 'TPC_MNUF': 1, 'SPC_MPOLY': 1, 'SBX_MPOLY': 3, 'TPC_NONE': 34, 'SPC_NONE': 25, 'SBX_NONE': 2}"
11,99,TPC,MNUF,0.680655921156291,0.0391637180133303,787951636.48,1447313181.6538386,2248450.72,2275825.596111539,0.7404226854502668,2.184824032192001e-05,0.0,0.0,GREEDY_HV,"['SPC_MBFLIP', 'SPC_MNUF', 'UC_NONE', 'TPC_MPOLY', 'TPC_MNUF', 'UC_NONE', 'SPC_MPOLY', 'SBX_MPOLY', 'TPC_NONE', 'SBX_MPOLY', 'SBX_MPOLY', 'TPC_MPOLY', 'SPC_NONE', 'SPC_NONE', 'TPC_NONE', 'TPC_NONE', 'TPC_MPOLY', 'TPC_NONE', 'TPC_NONE', 'TPC_NONE', 'TPC_NONE', 'UC_NONE', 'SPC_NONE', 'TPC_NONE', 'SPC_NONE', 'TPC_NONE', 'UC_NONE', 'TPC_NONE', 'UC_NONE', 'SPC_NONE', 'UC_NONE', 'TPC_NONE', 'UC_NONE', 'UC_NONE', 'TPC_NONE', 'UC_NONE', 'TPC_NONE', 'TPC_NONE', 'TPC_NONE', 'SPC_NONE', 'SPC_NONE', 'TPC_MPOLY', 'UC_NONE', 'TPC_NONE', 'SPC_NONE', 'TPC_NONE', 'SPC_NONE', 'TPC_NONE', 'UC_NONE', 'UC_NONE', 'SPC_NONE', 'SPC_NONE', 'UC_NONE', 'TPC_NONE', 'TPC_NONE', 'TPC_NONE', 'UC_NONE', 'SPC_NONE', 'SPC_NONE', 'TPC_NONE', 'SPC_NONE', 'UC_NONE', 'UC_NONE', 'TPC_NONE', 'SPC_NONE', 'TPC_NONE', 'SPC_NONE', 'SPC_NONE', 'TPC_NONE', 'UC_NONE', 'UC_NONE', 'UC_NONE', 'SPC_NONE', 'TPC_NONE', 'UC_NONE', 'TPC_NONE', 'TPC_NONE', 'SPC_NONE', 'SPC_NONE', 'UC_NONE', 'TPC_NONE', 'SPC_NONE', 'SPC_NONE', 'SPC_NONE', 'UC_NONE', 'TPC_NONE', 'UC_NONE', 'TPC_NONE', 'SPC_NONE', 'SBX_NONE', 'UC_NONE', 'SPC_NONE', 'TPC_NONE', 'UC_NONE', 'SBX_NONE', 'UC_NONE', 'TPC_NONE', 'TPC_NONE', 'TPC_MPOLY', 'TPC_MNUF']","{'SPC_MNUF': 1, 'UC_NONE': 26, 'TPC_MPOLY': 5, 'TPC_MNUF': 2, 'SPC_MPOLY': 1, 'SBX_MPOLY': 3, 'TPC_NONE': 34, 'SPC_NONE': 25, 'SBX_NONE': 2}"
11,100,SPC,MNUF,0.6795057591728095,0.0390325343325657,763640965.12,1450278934.783243,2207040.16,2278552.9448408377,0.740383539093687,-3.9146356579755626e-05,0.0,0.0,GREEDY_HV,"['SPC_MBFLIP', 'SPC_MNUF', 'UC_NONE', 'TPC_MPOLY', 'TPC_MNUF', 'UC_NONE', 'SPC_MPOLY', 'SBX_MPOLY', 'TPC_NONE', 'SBX_MPOLY', 'SBX_MPOLY', 'TPC_MPOLY', 'SPC_NONE', 'SPC_NONE', 'TPC_NONE', 'TPC_NONE', 'TPC_MPOLY', 'TPC_NONE', 'TPC_NONE', 'TPC_NONE', 'TPC_NONE', 'UC_NONE', 'SPC_NONE', 'TPC_NONE', 'SPC_NONE', 'TPC_NONE', 'UC_NONE', 'TPC_NONE', 'UC_NONE', 'SPC_NONE', 'UC_NONE', 'TPC_NONE', 'UC_NONE', 'UC_NONE', 'TPC_NONE', 'UC_NONE', 'TPC_NONE', 'TPC_NONE', 'TPC_NONE', 'SPC_NONE', 'SPC_NONE', 'TPC_MPOLY', 'UC_NONE', 'TPC_NONE', 'SPC_NONE', 'TPC_NONE', 'SPC_NONE', 'TPC_NONE', 'UC_NONE', 'UC_NONE', 'SPC_NONE', 'SPC_NONE', 'UC_NONE', 'TPC_NONE', 'TPC_NONE', 'TPC_NONE', 'UC_NONE', 'SPC_NONE', 'SPC_NONE', 'TPC_NONE', 'SPC_NONE', 'UC_NONE', 'UC_NONE', 'TPC_NONE', 'SPC_NONE', 'TPC_NONE', 'SPC_NONE', 'SPC_NONE', 'TPC_NONE', 'UC_NONE', 'UC_NONE', 'UC_NONE', 'SPC_NONE', 'TPC_NONE', 'UC_NONE', 'TPC_NONE', 'TPC_NONE', 'SPC_NONE', 'SPC_NONE', 'UC_NONE', 'TPC_NONE', 'SPC_NONE', 'SPC_NONE', 'SPC_NONE', 'UC_NONE', 'TPC_NONE', 'UC_NONE', 'TPC_NONE', 'SPC_NONE', 'SBX_NONE', 'UC_NONE', 'SPC_NONE', 'TPC_NONE', 'UC_NONE', 'SBX_NONE', 'UC_NONE', 'TPC_NONE', 'TPC_NONE', 'TPC_MPOLY', 'TPC_MNUF', 'SPC_MNUF']","{'SPC_MNUF': 2, 'UC_NONE': 26, 'TPC_MPOLY': 5, 'TPC_MNUF': 2, 'SPC_MPOLY': 1, 'SBX_MPOLY': 3, 'TPC_NONE': 34, 'SPC_NONE': 25, 'SBX_NONE': 2}"
12,1,SBX,MNUF,0.6560908835706816,0.0243416558061062,1569108567.04,995207198.8089702,2893582.24,1541378.911306867,0.6824518876360333,0.0,0.12,0.09,GREEDY_HV,"['SPC_MBFLIP', 'SBX_MNUF']",{'SBX_MNUF': 1}
12,2,TPC,MNUF,0.6561076801436002,0.025900930228292,1291267854.08,932203973.200523,2678799.52,1780731.8872610352,0.700294260926069,0.0178423732900356,0.19,0.055,GREEDY_HV,"['SPC_MBFLIP', 'SBX_MNUF', 'TPC_MNUF']","{'SBX_MNUF': 1, 'TPC_MNUF': 1}"
12,3,TPC,MPOLY,0.6644424036276105,0.022318907800274,1114934222.08,864450277.2004911,2564807.84,1578789.1776863353,0.7056610294464634,0.0053667685203944,0.14,0.08,GREEDY_HV,"['SPC_MBFLIP', 'SBX_MNUF', 'TPC_MNUF', 'TPC_MPOLY']","{'SBX_MNUF': 1, 'TPC_MNUF': 1, 'TPC_MPOLY': 1}"
12,4,UC,NONE,0.6621506737466453,0.03081256134347,846153282.56,743373059.1453335,2361822.88,1649744.1885831468,0.7141766177738411,0.0085155883273777,0.16,0.0,GREEDY_HV,"['SPC_MBFLIP', 'SBX_MNUF', 'TPC_MNUF', 'TPC_MPOLY', 'UC_NONE']","{'SBX_MNUF': 1, 'TPC_MNUF': 1, 'TPC_MPOLY': 1, 'UC_NONE': 1}"
12,5,UC,MPOLY,0.6667234127058432,0.0234789917652404,731177541.12,751218063.0737286,2258427.04,1705668.8899743345,0.7199541545567714,0.0057775367829302,0.15,0.07,GREEDY_HV,"['SPC_MBFLIP', 'SBX_MNUF', 'TPC_MNUF', 'TPC_MPOLY', 'UC_NONE', 'UC_MPOLY']","{'SBX_MNUF': 1, 'TPC_MNUF': 1, 'TPC_MPOLY': 1, 'UC_NONE': 1, 'UC_MPOLY': 1}"
12,6,TPC,NONE,0.6675259001094443,0.0261812770221095,662508129.28,661926459.4816142,2067264.16,1701978.1966548853,0.7252407188085421,0.0052865642517707,0.11,0.0,GREEDY_HV,"['SPC_MBFLIP', 'SBX_MNUF', 'TPC_MNUF', 'TPC_MPOLY', 'UC_NONE', 'UC_MPOLY', 'TPC_NONE']","{'SBX_MNUF': 1, 'TPC_MNUF': 1, 'TPC_MPOLY': 1, 'UC_NONE': 1, 'UC_MPOLY': 1, 'TPC_NONE': 1}"
12,7,UC,MPOLY,0.6727128566482585,0.0252417094190158,722773908.48,674549875.1067244,2338082.72,1850230.8398966335,0.7272043383404785,0.0019636195319363,0.05,0.05,GREEDY_HV,"['SPC_MBFLIP', 'SBX_MNUF', 'TPC_MNUF', 'TPC_MPOLY', 'UC_NONE', 'UC_MPOLY', 'TPC_NONE', 'UC_MPOLY']","{'SBX_MNUF': 1, 'TPC_MNUF': 1, 'TPC_MPOLY': 1, 'UC_NONE': 1, 'UC_MPOLY': 2, 'TPC_NONE': 1}"
12,8,SPC,NONE,0.6689474371694136,0.0305964426445182,587118563.84,620202561.9608126,2133653.92,1942368.71603312,0.7293002940311103,0.0020959556906318,0.02,0.0,GREEDY_HV,"['SPC_MBFLIP', 'SBX_MNUF', 'TPC_MNUF', 'TPC_MPOLY', 'UC_NONE', 'UC_MPOLY', 'TPC_NONE', 'UC_MPOLY', 'SPC_NONE']","{'SBX_MNUF': 1, 'TPC_MNUF': 1, 'TPC_MPOLY': 1, 'UC_NONE': 1, 'UC_MPOLY': 2, 'TPC_NONE': 1, 'SPC_NONE': 1}"
12,9,SPC,NONE,0.6736659513794091,0.025629477711983,456324213.76,350590868.8670456,1949716.64,1689756.8518980923,0.7317753413856919,0.0024750473545815,0.04,0.0,GREEDY_HV,"['SPC_MBFLIP', 'SBX_MNUF', 'TPC_MNUF', 'TPC_MPOLY', 'UC_NONE', 'UC_MPOLY', 'TPC_NONE', 'UC_MPOLY', 'SPC_NONE', 'SPC_NONE']","{'SBX_MNUF': 1, 'TPC_MNUF': 1, 'TPC_MPOLY': 1, 'UC_NONE': 1, 'UC_MPOLY': 2, 'TPC_NONE': 1, 'SPC_NONE': 2}"
12,10,SBX,MPOLY,0.6728109730798423,0.029260070751347,464615486.72,358478384.0189203,1963511.2,1705784.9937589194,0.7332958844092821,0.0015205430235901,0.0,0.065,GREEDY_HV,"['SPC_MBFLIP', 'SBX_MNUF', 'TPC_MNUF', 'TPC_MPOLY', 'UC_NONE', 'UC_MPOLY', 'TPC_NONE', 'UC_MPOLY', 'SPC_NONE', 'SPC_NONE', 'SBX_MPOLY']","{'SBX_MNUF': 1, 'TPC_MNUF': 1, 'TPC_MPOLY': 1, 'UC_NONE': 1, 'UC_MPOLY': 2, 'TPC_NONE': 1, 'SPC_NONE': 2, 'SBX_MPOLY': 1}"
12,11,SPC,NONE,0.6739643687503759,0.0330956914096106,488951792.64,386016610.0766315,2083617.44,1796161.1859532446,0.7336867264334497,0.0003908420241676,0.07,0.0,GREEDY_HV,"['SPC_MBFLIP', 'SBX_MNUF', 'TPC_MNUF', 'TPC_MPOLY', 'UC_NONE', 'UC_MPOLY', 'TPC_NONE', 'UC_MPOLY', 'SPC_NONE', 'SPC_NONE', 'SBX_MPOLY', 'SPC_NONE']","{'SBX_MNUF': 1, 'TPC_MNUF': 1, 'TPC_MPOLY': 1, 'UC_NONE': 1, 'UC_MPOLY': 2, 'TPC_NONE': 1, 'SPC_NONE': 3, 'SBX_MPOLY': 1}"
12,12,TPC,NONE,0.6763779831147044,0.0327035863308607,503264304.64,398914582.2174856,2064153.76,1729238.1784247376,0.7341142464695568,0.0004275200361071,0.0,0.0,GREEDY_HV,"['SPC_MBFLIP', 'SBX_MNUF', 'TPC_MNUF', 'TPC_MPOLY', 'UC_NONE', 'UC_MPOLY', 'TPC_NONE', 'UC_MPOLY', 'SPC_NONE', 'SPC_NONE', 'SBX_MPOLY', 'SPC_NONE', 'TPC_NONE']","{'SBX_MNUF': 1, 'TPC_MNUF': 1, 'TPC_MPOLY': 1, 'UC_NONE': 1, 'UC_MPOLY': 2, 'TPC_NONE': 2, 'SPC_NONE': 3, 'SBX_MPOLY': 1}"
12,13,UC,NONE,0.6776972636091436,0.0320999208145251,518194882.56,436361683.2380192,2103989.92,1792255.8307917078,0.7345607818784182,0.0004465354088614,0.03,0.0,GREEDY_HV,"['SPC_MBFLIP', 'SBX_MNUF', 'TPC_MNUF', 'TPC_MPOLY', 'UC_NONE', 'UC_MPOLY', 'TPC_NONE', 'UC_MPOLY', 'SPC_NONE', 'SPC_NONE', 'SBX_MPOLY', 'SPC_NONE', 'TPC_NONE', 'UC_NONE']","{'SBX_MNUF': 1, 'TPC_MNUF': 1, 'TPC_MPOLY': 1, 'UC_NONE': 2, 'UC_MPOLY': 2, 'TPC_NONE': 2, 'SPC_NONE': 3, 'SBX_MPOLY': 1}"
12,14,TPC,NONE,0.6781758978056684,0.0324450879345413,540240647.68,463429264.8894178,1941737.12,1723285.0171828065,0.7348923195292295,0.0003315376508112,0.05,0.0,GREEDY_HV,"['SPC_MBFLIP', 'SBX_MNUF', 'TPC_MNUF', 'TPC_MPOLY', 'UC_NONE', 'UC_MPOLY', 'TPC_NONE', 'UC_MPOLY', 'SPC_NONE', 'SPC_NONE', 'SBX_MPOLY', 'SPC_NONE', 'TPC_NONE', 'UC_NONE', 'TPC_NONE']","{'SBX_MNUF': 1, 'TPC_MNUF': 1, 'TPC_MPOLY': 1, 'UC_NONE': 2, 'UC_MPOLY': 2, 'TPC_NONE': 3, 'SPC_NONE': 3, 'SBX_MPOLY': 1}"
12,15,SPC,NONE,0.6781644160806255,0.0337138137092686,481532236.8,370801523.5876229,2009956.0,1879477.998739352,0.7368278595928773,0.0019355400636478,0.03,0.0,GREEDY_HV,"['SPC_MBFLIP', 'SBX_MNUF', 'TPC_MNUF', 'TPC_MPOLY', 'UC_NONE', 'UC_MPOLY', 'TPC_NONE', 'UC_MPOLY', 'SPC_NONE', 'SPC_NONE', 'SBX_MPOLY', 'SPC_NONE', 'TPC_NONE', 'UC_NONE', 'TPC_NONE', 'SPC_NONE']","{'SBX_MNUF': 1, 'TPC_MNUF': 1, 'TPC_MPOLY': 1, 'UC_NONE': 2, 'UC_MPOLY': 2, 'TPC_NONE': 3, 'SPC_NONE': 4, 'SBX_MPOLY': 1}"
12,16,TPC,NONE,0.6813843493040825,0.0331448233264897,530381184.0,390503139.9398152,2158908.32,1955209.0001763136,0.7369869647424301,0.0001591051495527,0.01,0.0,GREEDY_HV,"['SPC_MBFLIP', 'SBX_MNUF', 'TPC_MNUF', 'TPC_MPOLY', 'UC_NONE', 'UC_MPOLY', 'TPC_NONE', 'UC_MPOLY', 'SPC_NONE', 'SPC_NONE', 'SBX_MPOLY', 'SPC_NONE', 'TPC_NONE', 'UC_NONE', 'TPC_NONE', 'SPC_NONE', 'TPC_NONE']","{'SBX_MNUF': 1, 'TPC_MNUF': 1, 'TPC_MPOLY': 1, 'UC_NONE': 2, 'UC_MPOLY': 2, 'TPC_NONE': 4, 'SPC_NONE': 4, 'SBX_MPOLY': 1}"
12,17,UC,NONE,0.683728288856615,0.032326954616541,559239897.6,399712832.0322658,2251831.2,1940104.1400106333,0.7372322519707033,0.0002452872282732,0.01,0.0,GREEDY_HV,"['SPC_MBFLIP', 'SBX_MNUF', 'TPC_MNUF', 'TPC_MPOLY', 'UC_NONE', 'UC_MPOLY', 'TPC_NONE', 'UC_MPOLY', 'SPC_NONE', 'SPC_NONE', 'SBX_MPOLY', 'SPC_NONE', 'TPC_NONE', 'UC_NONE', 'TPC_NONE', 'SPC_NONE', 'TPC_NONE', 'UC_NONE']","{'SBX_MNUF': 1, 'TPC_MNUF': 1, 'TPC_MPOLY': 1, 'UC_NONE': 3, 'UC_MPOLY': 2, 'TPC_NONE': 4, 'SPC_NONE': 4, 'SBX_MPOLY': 1}"
12,18,UC,NONE,0.6815718815729375,0.0332943162635606,522259005.44,389907735.5886204,2250730.4,2030267.0531629687,0.7373093388987275,7.708692802421702e-05,0.01,0.0,GREEDY_HV,"['SPC_MBFLIP', 'SBX_MNUF', 'TPC_MNUF', 'TPC_MPOLY', 'UC_NONE', 'UC_MPOLY', 'TPC_NONE', 'UC_MPOLY', 'SPC_NONE', 'SPC_NONE', 'SBX_MPOLY', 'SPC_NONE', 'TPC_NONE', 'UC_NONE', 'TPC_NONE', 'SPC_NONE', 'TPC_NONE', 'UC_NONE', 'UC_NONE']","{'SBX_MNUF': 1, 'TPC_MNUF': 1, 'TPC_MPOLY': 1, 'UC_NONE': 4, 'UC_MPOLY': 2, 'TPC_NONE': 4, 'SPC_NONE': 4, 'SBX_MPOLY': 1}"
12,19,UC,NONE,0.6822534010515631,0.0336691523120031,545097589.76,394843929.51140654,2263136.16,2002236.475482428,0.7373854472352346,7.610833650706361e-05,0.0,0.0,GREEDY_HV,"['SPC_MBFLIP', 'SBX_MNUF', 'TPC_MNUF', 'TPC_MPOLY', 'UC_NONE', 'UC_MPOLY', 'TPC_NONE', 'UC_MPOLY', 'SPC_NONE', 'SPC_NONE', 'SBX_MPOLY', 'SPC_NONE', 'TPC_NONE', 'UC_NONE', 'TPC_NONE', 'SPC_NONE', 'TPC_NONE', 'UC_NONE', 'UC_NONE', 'UC_NONE']","{'SBX_MNUF': 1, 'TPC_MNUF': 1, 'TPC_MPOLY': 1, 'UC_NONE': 5, 'UC_MPOLY': 2, 'TPC_NONE': 4, 'SPC_NONE': 4, 'SBX_MPOLY': 1}"
12,20,SPC,NONE,0.6836259107666416,0.0343096049271128,570202798.08,399704030.6953353,2459436.96,2046051.523365577,0.7374104639568716,2.5016721637016737e-05,0.0,0.0,GREEDY_HV,"['SPC_MBFLIP', 'SBX_MNUF', 'TPC_MNUF', 'TPC_MPOLY', 'UC_NONE', 'UC_MPOLY', 'TPC_NONE', 'UC_MPOLY', 'SPC_NONE', 'SPC_NONE', 'SBX_MPOLY', 'SPC_NONE', 'TPC_NONE', 'UC_NONE', 'TPC_NONE', 'SPC_NONE', 'TPC_NONE', 'UC_NONE', 'UC_NONE', 'UC_NONE', 'SPC_NONE']","{'SBX_MNUF': 1, 'TPC_MNUF': 1, 'TPC_MPOLY': 1, 'UC_NONE': 5, 'UC_MPOLY': 2, 'TPC_NONE': 4, 'SPC_NONE': 5, 'SBX_MPOLY': 1}"
12,21,SPC,MPOLY,0.6829842745408975,0.0360752990438229,571030368.0,399246347.45259696,2440329.12,2035164.5205295875,0.7376585456307533,0.0002480816738816,0.01,0.005,GREEDY_HV,"['SPC_MBFLIP', 'SBX_MNUF', 'TPC_MNUF', 'TPC_MPOLY', 'UC_NONE', 'UC_MPOLY', 'TPC_NONE', 'UC_MPOLY', 'SPC_NONE', 'SPC_NONE', 'SBX_MPOLY', 'SPC_NONE', 'TPC_NONE', 'UC_NONE', 'TPC_NONE', 'SPC_NONE', 'TPC_NONE', 'UC_NONE', 'UC_NONE', 'UC_NONE', 'SPC_NONE', 'SPC_MPOLY']","{'SBX_MNUF': 1, 'TPC_MNUF': 1, 'TPC_MPOLY': 1, 'UC_NONE': 5, 'UC_MPOLY': 2, 'TPC_NONE': 4, 'SPC_NONE': 5, 'SBX_MPOLY': 1, 'SPC_MPOLY': 1}"
12,22,TPC,NONE,0.681626474673524,0.0379939981289688,543885642.24,387057297.5820872,2363387.04,2062862.7443209984,0.7378222674763858,0.0001637218456325,0.03,0.0,GREEDY_HV,"['SPC_MBFLIP', 'SBX_MNUF', 'TPC_MNUF', 'TPC_MPOLY', 'UC_NONE', 'UC_MPOLY', 'TPC_NONE', 'UC_MPOLY', 'SPC_NONE', 'SPC_NONE', 'SBX_MPOLY', 'SPC_NONE', 'TPC_NONE', 'UC_NONE', 'TPC_NONE', 'SPC_NONE', 'TPC_NONE', 'UC_NONE', 'UC_NONE', 'UC_NONE', 'SPC_NONE', 'SPC_MPOLY', 'TPC_NONE']","{'SBX_MNUF': 1, 'TPC_MNUF': 1, 'TPC_MPOLY': 1, 'UC_NONE': 5, 'UC_MPOLY': 2, 'TPC_NONE': 5, 'SPC_NONE': 5, 'SBX_MPOLY': 1, 'SPC_MPOLY': 1}"
12,23,SPC,MPOLY,0.6801556739692073,0.0381951695700356,529412014.08,386980196.5695497,2245698.72,2055045.475739425,0.7378706455674234,4.837809103763746e-05,0.0,0.01,GREEDY_HV,"['SPC_MBFLIP', 'SBX_MNUF', 'TPC_MNUF', 'TPC_MPOLY', 'UC_NONE', 'UC_MPOLY', 'TPC_NONE', 'UC_MPOLY', 'SPC_NONE', 'SPC_NONE', 'SBX_MPOLY', 'SPC_NONE', 'TPC_NONE', 'UC_NONE', 'TPC_NONE', 'SPC_NONE', 'TPC_NONE', 'UC_NONE', 'UC_NONE', 'UC_NONE', 'SPC_NONE', 'SPC_MPOLY', 'TPC_NONE', 'SPC_MPOLY']","{'SBX_MNUF': 1, 'TPC_MNUF': 1, 'TPC_MPOLY': 1, 'UC_NONE': 5, 'UC_MPOLY': 2, 'TPC_NONE': 5, 'SPC_NONE': 5, 'SBX_MPOLY': 1, 'SPC_MPOLY': 2}"
12,24,SBX,MPOLY,0.6811953408175323,0.0379122696982864,546939758.08,406990799.17390776,2323252.64,2086711.9607879731,0.7379956063506643,0.0001249607832408,0.0,0.05,GREEDY_HV,"['SPC_MBFLIP', 'SBX_MNUF', 'TPC_MNUF', 'TPC_MPOLY', 'UC_NONE', 'UC_MPOLY', 'TPC_NONE', 'UC_MPOLY', 'SPC_NONE', 'SPC_NONE', 'SBX_MPOLY', 'SPC_NONE', 'TPC_NONE', 'UC_NONE', 'TPC_NONE', 'SPC_NONE', 'TPC_NONE', 'UC_NONE', 'UC_NONE', 'UC_NONE', 'SPC_NONE', 'SPC_MPOLY', 'TPC_NONE', 'SPC_MPOLY', 'SBX_MPOLY']","{'SBX_MNUF': 1, 'TPC_MNUF': 1, 'TPC_MPOLY': 1, 'UC_NONE': 5, 'UC_MPOLY': 2, 'TPC_NONE': 5, 'SPC_NONE': 5, 'SBX_MPOLY': 2, 'SPC_MPOLY': 2}"
12,25,SPC,NONE,0.6797627493692104,0.0386467307605709,555159232.0,441685509.6535596,2260260.0,2101606.0465319944,0.7380414606903707,4.585433970638597e-05,0.0,0.0,GREEDY_HV,"['SPC_MBFLIP', 'SBX_MNUF', 'TPC_MNUF', 'TPC_MPOLY', 'UC_NONE', 'UC_MPOLY', 'TPC_NONE', 'UC_MPOLY', 'SPC_NONE', 'SPC_NONE', 'SBX_MPOLY', 'SPC_NONE', 'TPC_NONE', 'UC_NONE', 'TPC_NONE', 'SPC_NONE', 'TPC_NONE', 'UC_NONE', 'UC_NONE', 'UC_NONE', 'SPC_NONE', 'SPC_MPOLY', 'TPC_NONE', 'SPC_MPOLY', 'SBX_MPOLY', 'SPC_NONE']","{'SBX_MNUF': 1, 'TPC_MNUF': 1, 'TPC_MPOLY': 1, 'UC_NONE': 5, 'UC_MPOLY': 2, 'TPC_NONE': 5, 'SPC_NONE': 6, 'SBX_MPOLY': 2, 'SPC_MPOLY': 2}"
12,26,UC,NONE,0.6813977494399893,0.0388161235248406,559443141.12,434114773.793612,2361122.72,2085628.256817164,0.7380372993018822,-4.1613884884661445e-06,0.0,0.0,GREEDY_HV,"['SPC_MBFLIP', 'SBX_MNUF', 'TPC_MNUF', 'TPC_MPOLY', 'UC_NONE', 'UC_MPOLY', 'TPC_NONE', 'UC_MPOLY', 'SPC_NONE', 'SPC_NONE', 'SBX_MPOLY', 'SPC_NONE', 'TPC_NONE', 'UC_NONE', 'TPC_NONE', 'SPC_NONE', 'TPC_NONE', 'UC_NONE', 'UC_NONE', 'UC_NONE', 'SPC_NONE', 'SPC_MPOLY', 'TPC_NONE', 'SPC_MPOLY', 'SBX_MPOLY', 'SPC_NONE', 'UC_NONE']","{'SBX_MNUF': 1, 'TPC_MNUF': 1, 'TPC_MPOLY': 1, 'UC_NONE': 6, 'UC_MPOLY': 2, 'TPC_NONE': 5, 'SPC_NONE': 6, 'SBX_MPOLY': 2, 'SPC_MPOLY': 2}"
12,27,TPC,NONE,0.6843098084298971,0.0360345794947963,599545704.96,451188944.04055256,2404885.92,2098255.8140325584,0.7380487041395798,1.1404837697570612e-05,0.0,0.0,GREEDY_HV,"['SPC_MBFLIP', 'SBX_MNUF', 'TPC_MNUF', 'TPC_MPOLY', 'UC_NONE', 'UC_MPOLY', 'TPC_NONE', 'UC_MPOLY', 'SPC_NONE', 'SPC_NONE', 'SBX_MPOLY', 'SPC_NONE', 'TPC_NONE', 'UC_NONE', 'TPC_NONE', 'SPC_NONE', 'TPC_NONE', 'UC_NONE', 'UC_NONE', 'UC_NONE', 'SPC_NONE', 'SPC_MPOLY', 'TPC_NONE', 'SPC_MPOLY', 'SBX_MPOLY', 'SPC_NONE', 'UC_NONE', 'TPC_NONE']","{'SBX_MNUF': 1, 'TPC_MNUF': 1, 'TPC_MPOLY': 1, 'UC_NONE': 6, 'UC_MPOLY': 2, 'TPC_NONE': 6, 'SPC_NONE': 6, 'SBX_MPOLY': 2, 'SPC_MPOLY': 2}"
12,28,SBX,NONE,0.6848952624645007,0.0364851682566171,617305006.08,459982358.12566674,2450223.52,2118156.027548738,0.7382146084782999,0.0001659043387201,0.0,0.0,GREEDY_HV,"['SPC_MBFLIP', 'SBX_MNUF', 'TPC_MNUF', 'TPC_MPOLY', 'UC_NONE', 'UC_MPOLY', 'TPC_NONE', 'UC_MPOLY', 'SPC_NONE', 'SPC_NONE', 'SBX_MPOLY', 'SPC_NONE', 'TPC_NONE', 'UC_NONE', 'TPC_NONE', 'SPC_NONE', 'TPC_NONE', 'UC_NONE', 'UC_NONE', 'UC_NONE', 'SPC_NONE', 'SPC_MPOLY', 'TPC_NONE', 'SPC_MPOLY', 'SBX_MPOLY', 'SPC_NONE', 'UC_NONE', 'TPC_NONE', 'SBX_NONE']","{'SBX_MNUF': 1, 'TPC_MNUF': 1, 'TPC_MPOLY': 1, 'UC_NONE': 6, 'UC_MPOLY': 2, 'TPC_NONE': 6, 'SPC_NONE': 6, 'SBX_MPOLY': 2, 'SPC_MPOLY': 2, 'SBX_NONE': 1}"
12,29,SPC,NONE,0.6865115081550975,0.0357613007409611,649542440.96,478643704.3059964,2510082.72,2121749.8012486114,0.7383202764137418,0.0001056679354418,0.01,0.0,GREEDY_HV,"['SPC_MBFLIP', 'SBX_MNUF', 'TPC_MNUF', 'TPC_MPOLY', 'UC_NONE', 'UC_MPOLY', 'TPC_NONE', 'UC_MPOLY', 'SPC_NONE', 'SPC_NONE', 'SBX_MPOLY', 'SPC_NONE', 'TPC_NONE', 'UC_NONE', 'TPC_NONE', 'SPC_NONE', 'TPC_NONE', 'UC_NONE', 'UC_NONE', 'UC_NONE', 'SPC_NONE', 'SPC_MPOLY', 'TPC_NONE', 'SPC_MPOLY', 'SBX_MPOLY', 'SPC_NONE', 'UC_NONE', 'TPC_NONE', 'SBX_NONE', 'SPC_NONE']","{'SBX_MNUF': 1, 'TPC_MNUF': 1, 'TPC_MPOLY': 1, 'UC_NONE': 6, 'UC_MPOLY': 2, 'TPC_NONE': 6, 'SPC_NONE': 7, 'SBX_MPOLY': 2, 'SPC_MPOLY': 2, 'SBX_NONE': 1}"
12,30,UC,NONE,0.6865323675880366,0.0358156766536767,639875691.52,448654007.8535687,2458557.6,1956153.895816421,0.7397752998562037,0.0014550234424619,0.0,0.0,GREEDY_HV,"['SPC_MBFLIP', 'SBX_MNUF', 'TPC_MNUF', 'TPC_MPOLY', 'UC_NONE', 'UC_MPOLY', 'TPC_NONE', 'UC_MPOLY', 'SPC_NONE', 'SPC_NONE', 'SBX_MPOLY', 'SPC_NONE', 'TPC_NONE', 'UC_NONE', 'TPC_NONE', 'SPC_NONE', 'TPC_NONE', 'UC_NONE', 'UC_NONE', 'UC_NONE', 'SPC_NONE', 'SPC_MPOLY', 'TPC_NONE', 'SPC_MPOLY', 'SBX_MPOLY', 'SPC_NONE', 'UC_NONE', 'TPC_NONE', 'SBX_NONE', 'SPC_NONE', 'UC_NONE']","{'SBX_MNUF': 1, 'TPC_MNUF': 1, 'TPC_MPOLY': 1, 'UC_NONE': 7, 'UC_MPOLY': 2, 'TPC_NONE': 6, 'SPC_NONE': 7, 'SBX_MPOLY': 2, 'SPC_MPOLY': 2, 'SBX_NONE': 1}"
12,31,TPC,NONE,0.6844515278386812,0.0358635719456789,614199375.36,446178148.6056231,2317208.48,1966543.321665284,0.7398493738313773,7.407397517356085e-05,0.0,0.0,GREEDY_HV,"['SPC_MBFLIP', 'SBX_MNUF', 'TPC_MNUF', 'TPC_MPOLY', 'UC_NONE', 'UC_MPOLY', 'TPC_NONE', 'UC_MPOLY', 'SPC_NONE', 'SPC_NONE', 'SBX_MPOLY', 'SPC_NONE', 'TPC_NONE', 'UC_NONE', 'TPC_NONE', 'SPC_NONE', 'TPC_NONE', 'UC_NONE', 'UC_NONE', 'UC_NONE', 'SPC_NONE', 'SPC_MPOLY', 'TPC_NONE', 'SPC_MPOLY', 'SBX_MPOLY', 'SPC_NONE', 'UC_NONE', 'TPC_NONE', 'SBX_NONE', 'SPC_NONE', 'UC_NONE', 'TPC_NONE']","{'SBX_MNUF': 1, 'TPC_MNUF': 1, 'TPC_MPOLY': 1, 'UC_NONE': 7, 'UC_MPOLY': 2, 'TPC_NONE': 7, 'SPC_NONE': 7, 'SBX_MPOLY': 2, 'SPC_MPOLY': 2, 'SBX_NONE': 1}"
12,32,UC,NONE,0.6864743634540714,0.0356375353734213,644181511.68,447507554.019402,2403123.36,1976324.852742643,0.7398559579911221,6.584159744860152e-06,0.01,0.0,GREEDY_HV,"['SPC_MBFLIP', 'SBX_MNUF', 'TPC_MNUF', 'TPC_MPOLY', 'UC_NONE', 'UC_MPOLY', 'TPC_NONE', 'UC_MPOLY', 'SPC_NONE', 'SPC_NONE', 'SBX_MPOLY', 'SPC_NONE', 'TPC_NONE', 'UC_NONE', 'TPC_NONE', 'SPC_NONE', 'TPC_NONE', 'UC_NONE', 'UC_NONE', 'UC_NONE', 'SPC_NONE', 'SPC_MPOLY', 'TPC_NONE', 'SPC_MPOLY', 'SBX_MPOLY', 'SPC_NONE', 'UC_NONE', 'TPC_NONE', 'SBX_NONE', 'SPC_NONE', 'UC_NONE', 'TPC_NONE', 'UC_NONE']","{'SBX_MNUF': 1, 'TPC_MNUF': 1, 'TPC_MPOLY': 1, 'UC_NONE': 8, 'UC_MPOLY': 2, 'TPC_NONE': 7, 'SPC_NONE': 7, 'SBX_MPOLY': 2, 'SPC_MPOLY': 2, 'SBX_NONE': 1}"
12,33,UC,NONE,0.6856544013314528,0.0358914517432244,649142190.08,456282570.8633648,2359411.36,2010052.858775826,0.7398884839867232,3.252599560110703e-05,0.01,0.0,GREEDY_HV,"['SPC_MBFLIP', 'SBX_MNUF', 'TPC_MNUF', 'TPC_MPOLY', 'UC_NONE', 'UC_MPOLY', 'TPC_NONE', 'UC_MPOLY', 'SPC_NONE', 'SPC_NONE', 'SBX_MPOLY', 'SPC_NONE', 'TPC_NONE', 'UC_NONE', 'TPC_NONE', 'SPC_NONE', 'TPC_NONE', 'UC_NONE', 'UC_NONE', 'UC_NONE', 'SPC_NONE', 'SPC_MPOLY', 'TPC_NONE', 'SPC_MPOLY', 'SBX_MPOLY', 'SPC_NONE', 'UC_NONE', 'TPC_NONE', 'SBX_NONE', 'SPC_NONE', 'UC_NONE', 'TPC_NONE', 'UC_NONE', 'UC_NONE']","{'SBX_MNUF': 1, 'TPC_MNUF': 1, 'TPC_MPOLY': 1, 'UC_NONE': 9, 'UC_MPOLY': 2, 'TPC_NONE': 7, 'SPC_NONE': 7, 'SBX_MPOLY': 2, 'SPC_MPOLY': 2, 'SBX_NONE': 1}"
12,34,TPC,NONE,0.6852306644541635,0.0358362567068983,630287854.08,451816234.0532929,2273638.56,1911997.419687926,0.7399748055394539,8.632155273069486e-05,0.0,0.0,GREEDY_HV,"['SPC_MBFLIP', 'SBX_MNUF', 'TPC_MNUF', 'TPC_MPOLY', 'UC_NONE', 'UC_MPOLY', 'TPC_NONE', 'UC_MPOLY', 'SPC_NONE', 'SPC_NONE', 'SBX_MPOLY', 'SPC_NONE', 'TPC_NONE', 'UC_NONE', 'TPC_NONE', 'SPC_NONE', 'TPC_NONE', 'UC_NONE', 'UC_NONE', 'UC_NONE', 'SPC_NONE', 'SPC_MPOLY', 'TPC_NONE', 'SPC_MPOLY', 'SBX_MPOLY', 'SPC_NONE', 'UC_NONE', 'TPC_NONE', 'SBX_NONE', 'SPC_NONE', 'UC_NONE', 'TPC_NONE', 'UC_NONE', 'UC_NONE', 'TPC_NONE']","{'SBX_MNUF': 1, 'TPC_MNUF': 1, 'TPC_MPOLY': 1, 'UC_NONE': 9, 'UC_MPOLY': 2, 'TPC_NONE': 8, 'SPC_NONE': 7, 'SBX_MPOLY': 2, 'SPC_MPOLY': 2, 'SBX_NONE': 1}"
12,35,TPC,NONE,0.685515742535721,0.0366521942697641,690460426.24,465068744.8792629,2300738.72,1979231.8961112064,0.7399655986858202,-9.206853633703105e-06,0.0,0.0,GREEDY_HV,"['SPC_MBFLIP', 'SBX_MNUF', 'TPC_MNUF', 'TPC_MPOLY', 'UC_NONE', 'UC_MPOLY', 'TPC_NONE', 'UC_MPOLY', 'SPC_NONE', 'SPC_NONE', 'SBX_MPOLY', 'SPC_NONE', 'TPC_NONE', 'UC_NONE', 'TPC_NONE', 'SPC_NONE', 'TPC_NONE', 'UC_NONE', 'UC_NONE', 'UC_NONE', 'SPC_NONE', 'SPC_MPOLY', 'TPC_NONE', 'SPC_MPOLY', 'SBX_MPOLY', 'SPC_NONE', 'UC_NONE', 'TPC_NONE', 'SBX_NONE', 'SPC_NONE', 'UC_NONE', 'TPC_NONE', 'UC_NONE', 'UC_NONE', 'TPC_NONE', 'TPC_NONE']","{'SBX_MNUF': 1, 'TPC_MNUF': 1, 'TPC_MPOLY': 1, 'UC_NONE': 9, 'UC_MPOLY': 2, 'TPC_NONE': 9, 'SPC_NONE': 7, 'SBX_MPOLY': 2, 'SPC_MPOLY': 2, 'SBX_NONE': 1}"
12,36,UC,NONE,0.686115735890048,0.0360732545571549,659119313.92,455879201.2005731,2344356.0,1946194.5212917232,0.7399874717210929,2.1873035272679253e-05,0.0,0.0,GREEDY_HV,"['SPC_MBFLIP', 'SBX_MNUF', 'TPC_MNUF', 'TPC_MPOLY', 'UC_NONE', 'UC_MPOLY', 'TPC_NONE', 'UC_MPOLY', 'SPC_NONE', 'SPC_NONE', 'SBX_MPOLY', 'SPC_NONE', 'TPC_NONE', 'UC_NONE', 'TPC_NONE', 'SPC_NONE', 'TPC_NONE', 'UC_NONE', 'UC_NONE', 'UC_NONE', 'SPC_NONE', 'SPC_MPOLY', 'TPC_NONE', 'SPC_MPOLY', 'SBX_MPOLY', 'SPC_NONE', 'UC_NONE', 'TPC_NONE', 'SBX_NONE', 'SPC_NONE', 'UC_NONE', 'TPC_NONE', 'UC_NONE', 'UC_NONE', 'TPC_NONE', 'TPC_NONE', 'UC_NONE']","{'SBX_MNUF': 1, 'TPC_MNUF': 1, 'TPC_MPOLY': 1, 'UC_NONE': 10, 'UC_MPOLY': 2, 'TPC_NONE': 9, 'SPC_NONE': 7, 'SBX_MPOLY': 2, 'SPC_MPOLY': 2, 'SBX_NONE': 1}"
12,37,SPC,NONE,0.686402631877272,0.0362551315857993,673484551.68,460728424.091985,2342777.76,1934290.3466125512,0.7399534165955347,-3.405512555820778e-05,0.0,0.0,GREEDY_HV,"['SPC_MBFLIP', 'SBX_MNUF', 'TPC_MNUF', 'TPC_MPOLY', 'UC_NONE', 'UC_MPOLY', 'TPC_NONE', 'UC_MPOLY', 'SPC_NONE', 'SPC_NONE', 'SBX_MPOLY', 'SPC_NONE', 'TPC_NONE', 'UC_NONE', 'TPC_NONE', 'SPC_NONE', 'TPC_NONE', 'UC_NONE', 'UC_NONE', 'UC_NONE', 'SPC_NONE', 'SPC_MPOLY', 'TPC_NONE', 'SPC_MPOLY', 'SBX_MPOLY', 'SPC_NONE', 'UC_NONE', 'TPC_NONE', 'SBX_NONE', 'SPC_NONE', 'UC_NONE', 'TPC_NONE', 'UC_NONE', 'UC_NONE', 'TPC_NONE', 'TPC_NONE', 'UC_NONE', 'SPC_NONE']","{'SBX_MNUF': 1, 'TPC_MNUF': 1, 'TPC_MPOLY': 1, 'UC_NONE': 10, 'UC_MPOLY': 2, 'TPC_NONE': 9, 'SPC_NONE': 8, 'SBX_MPOLY': 2, 'SPC_MPOLY': 2, 'SBX_NONE': 1}"
12,38,TPC,NONE,0.6858602326467453,0.0362678823712361,660655761.92,454837148.0003051,2335012.0,1950323.7370960545,0.7399535250872817,1.084917470306479e-07,0.0,0.0,GREEDY_HV,"['SPC_MBFLIP', 'SBX_MNUF', 'TPC_MNUF', 'TPC_MPOLY', 'UC_NONE', 'UC_MPOLY', 'TPC_NONE', 'UC_MPOLY', 'SPC_NONE', 'SPC_NONE', 'SBX_MPOLY', 'SPC_NONE', 'TPC_NONE', 'UC_NONE', 'TPC_NONE', 'SPC_NONE', 'TPC_NONE', 'UC_NONE', 'UC_NONE', 'UC_NONE', 'SPC_NONE', 'SPC_MPOLY', 'TPC_NONE', 'SPC_MPOLY', 'SBX_MPOLY', 'SPC_NONE', 'UC_NONE', 'TPC_NONE', 'SBX_NONE', 'SPC_NONE', 'UC_NONE', 'TPC_NONE', 'UC_NONE', 'UC_NONE', 'TPC_NONE', 'TPC_NONE', 'UC_NONE', 'SPC_NONE', 'TPC_NONE']","{'SBX_MNUF': 1, 'TPC_MNUF': 1, 'TPC_MPOLY': 1, 'UC_NONE': 10, 'UC_MPOLY': 2, 'TPC_NONE': 10, 'SPC_NONE': 8, 'SBX_MPOLY': 2, 'SPC_MPOLY': 2, 'SBX_NONE': 1}"
12,39,TPC,NONE,0.6860450789104768,0.0357916597500687,649171934.72,463085873.1925849,2405007.52,2002345.371460441,0.7399874398952352,3.3914807953450143e-05,0.02,0.0,GREEDY_HV,"['SPC_MBFLIP', 'SBX_MNUF', 'TPC_MNUF', 'TPC_MPOLY', 'UC_NONE', 'UC_MPOLY', 'TPC_NONE', 'UC_MPOLY', 'SPC_NONE', 'SPC_NONE', 'SBX_MPOLY', 'SPC_NONE', 'TPC_NONE', 'UC_NONE', 'TPC_NONE', 'SPC_NONE', 'TPC_NONE', 'UC_NONE', 'UC_NONE', 'UC_NONE', 'SPC_NONE', 'SPC_MPOLY', 'TPC_NONE', 'SPC_MPOLY', 'SBX_MPOLY', 'SPC_NONE', 'UC_NONE', 'TPC_NONE', 'SBX_NONE', 'SPC_NONE', 'UC_NONE', 'TPC_NONE', 'UC_NONE', 'UC_NONE', 'TPC_NONE', 'TPC_NONE', 'UC_NONE', 'SPC_NONE', 'TPC_NONE', 'TPC_NONE']","{'SBX_MNUF': 1, 'TPC_MNUF': 1, 'TPC_MPOLY': 1, 'UC_NONE': 10, 'UC_MPOLY': 2, 'TPC_NONE': 11, 'SPC_NONE': 8, 'SBX_MPOLY': 2, 'SPC_MPOLY': 2, 'SBX_NONE': 1}"
12,40,SPC,NONE,0.6858741646025783,0.036464940426546,652720074.24,455775344.3166957,2388100.0,1987706.7778152796,0.7400091894054879,2.1749510252688783e-05,0.0,0.0,GREEDY_HV,"['SPC_MBFLIP', 'SBX_MNUF', 'TPC_MNUF', 'TPC_MPOLY', 'UC_NONE', 'UC_MPOLY', 'TPC_NONE', 'UC_MPOLY', 'SPC_NONE', 'SPC_NONE', 'SBX_MPOLY', 'SPC_NONE', 'TPC_NONE', 'UC_NONE', 'TPC_NONE', 'SPC_NONE', 'TPC_NONE', 'UC_NONE', 'UC_NONE', 'UC_NONE', 'SPC_NONE', 'SPC_MPOLY', 'TPC_NONE', 'SPC_MPOLY', 'SBX_MPOLY', 'SPC_NONE', 'UC_NONE', 'TPC_NONE', 'SBX_NONE', 'SPC_NONE', 'UC_NONE', 'TPC_NONE', 'UC_NONE', 'UC_NONE', 'TPC_NONE', 'TPC_NONE', 'UC_NONE', 'SPC_NONE', 'TPC_NONE', 'TPC_NONE', 'SPC_NONE']","{'SBX_MNUF': 1, 'TPC_MNUF': 1, 'TPC_MPOLY': 1, 'UC_NONE': 10, 'UC_MPOLY': 2, 'TPC_NONE': 11, 'SPC_NONE': 9, 'SBX_MPOLY': 2, 'SPC_MPOLY': 2, 'SBX_NONE': 1}"
12,41,UC,NONE,0.6848455457292468,0.0365751914793002,638291079.68,468083572.3088842,2378197.92,1971298.8253996985,0.7399865088522851,-2.2680553202758524e-05,0.0,0.0,GREEDY_HV,"['SPC_MBFLIP', 'SBX_MNUF', 'TPC_MNUF', 'TPC_MPOLY', 'UC_NONE', 'UC_MPOLY', 'TPC_NONE', 'UC_MPOLY', 'SPC_NONE', 'SPC_NONE', 'SBX_MPOLY', 'SPC_NONE', 'TPC_NONE', 'UC_NONE', 'TPC_NONE', 'SPC_NONE', 'TPC_NONE', 'UC_NONE', 'UC_NONE', 'UC_NONE', 'SPC_NONE', 'SPC_MPOLY', 'TPC_NONE', 'SPC_MPOLY', 'SBX_MPOLY', 'SPC_NONE', 'UC_NONE', 'TPC_NONE', 'SBX_NONE', 'SPC_NONE', 'UC_NONE', 'TPC_NONE', 'UC_NONE', 'UC_NONE', 'TPC_NONE', 'TPC_NONE', 'UC_NONE', 'SPC_NONE', 'TPC_NONE', 'TPC_NONE', 'SPC_NONE', 'UC_NONE']","{'SBX_MNUF': 1, 'TPC_MNUF': 1, 'TPC_MPOLY': 1, 'UC_NONE': 11, 'UC_MPOLY': 2, 'TPC_NONE': 11, 'SPC_NONE': 9, 'SBX_MPOLY': 2, 'SPC_MPOLY': 2, 'SBX_NONE': 1}"
12,42,TPC,NONE,0.6842161749648189,0.03662506295091,636570063.36,472685602.9755756,2268252.32,1908381.747411156,0.7399645078232735,-2.2001029011620155e-05,0.0,0.0,GREEDY_HV,"['SPC_MBFLIP', 'SBX_MNUF', 'TPC_MNUF', 'TPC_MPOLY', 'UC_NONE', 'UC_MPOLY', 'TPC_NONE', 'UC_MPOLY', 'SPC_NONE', 'SPC_NONE', 'SBX_MPOLY', 'SPC_NONE', 'TPC_NONE', 'UC_NONE', 'TPC_NONE', 'SPC_NONE', 'TPC_NONE', 'UC_NONE', 'UC_NONE', 'UC_NONE', 'SPC_NONE', 'SPC_MPOLY', 'TPC_NONE', 'SPC_MPOLY', 'SBX_MPOLY', 'SPC_NONE', 'UC_NONE', 'TPC_NONE', 'SBX_NONE', 'SPC_NONE', 'UC_NONE', 'TPC_NONE', 'UC_NONE', 'UC_NONE', 'TPC_NONE', 'TPC_NONE', 'UC_NONE', 'SPC_NONE', 'TPC_NONE', 'TPC_NONE', 'SPC_NONE', 'UC_NONE', 'TPC_NONE']","{'SBX_MNUF': 1, 'TPC_MNUF': 1, 'TPC_MPOLY': 1, 'UC_NONE': 11, 'UC_MPOLY': 2, 'TPC_NONE': 12, 'SPC_NONE': 9, 'SBX_MPOLY': 2, 'SPC_MPOLY': 2, 'SBX_NONE': 1}"
12,43,SPC,NONE,0.6843275238239691,0.0362547266214654,625258472.96,466859245.48169297,2272540.32,1932369.052232885,0.7399562088337673,-8.29898950616137e-06,0.0,0.0,GREEDY_HV,"['SPC_MBFLIP', 'SBX_MNUF', 'TPC_MNUF', 'TPC_MPOLY', 'UC_NONE', 'UC_MPOLY', 'TPC_NONE', 'UC_MPOLY', 'SPC_NONE', 'SPC_NONE', 'SBX_MPOLY', 'SPC_NONE', 'TPC_NONE', 'UC_NONE', 'TPC_NONE', 'SPC_NONE', 'TPC_NONE', 'UC_NONE', 'UC_NONE', 'UC_NONE', 'SPC_NONE', 'SPC_MPOLY', 'TPC_NONE', 'SPC_MPOLY', 'SBX_MPOLY', 'SPC_NONE', 'UC_NONE', 'TPC_NONE', 'SBX_NONE', 'SPC_NONE', 'UC_NONE', 'TPC_NONE', 'UC_NONE', 'UC_NONE', 'TPC_NONE', 'TPC_NONE', 'UC_NONE', 'SPC_NONE', 'TPC_NONE', 'TPC_NONE', 'SPC_NONE', 'UC_NONE', 'TPC_NONE', 'SPC_NONE']","{'SBX_MNUF': 1, 'TPC_MNUF': 1, 'TPC_MPOLY': 1, 'UC_NONE': 11, 'UC_MPOLY': 2, 'TPC_NONE': 12, 'SPC_NONE': 10, 'SBX_MPOLY': 2, 'SPC_MPOLY': 2, 'SBX_NONE': 1}"
12,44,UC,NONE,0.6852058732763736,0.0365873616451343,642937290.24,469000338.1706223,2405573.28,1975856.5222024303,0.7399832017325756,2.6992898808253507e-05,0.0,0.0,GREEDY_HV,"['SPC_MBFLIP', 'SBX_MNUF', 'TPC_MNUF', 'TPC_MPOLY', 'UC_NONE', 'UC_MPOLY', 'TPC_NONE', 'UC_MPOLY', 'SPC_NONE', 'SPC_NONE', 'SBX_MPOLY', 'SPC_NONE', 'TPC_NONE', 'UC_NONE', 'TPC_NONE', 'SPC_NONE', 'TPC_NONE', 'UC_NONE', 'UC_NONE', 'UC_NONE', 'SPC_NONE', 'SPC_MPOLY', 'TPC_NONE', 'SPC_MPOLY', 'SBX_MPOLY', 'SPC_NONE', 'UC_NONE', 'TPC_NONE', 'SBX_NONE', 'SPC_NONE', 'UC_NONE', 'TPC_NONE', 'UC_NONE', 'UC_NONE', 'TPC_NONE', 'TPC_NONE', 'UC_NONE', 'SPC_NONE', 'TPC_NONE', 'TPC_NONE', 'SPC_NONE', 'UC_NONE', 'TPC_NONE', 'SPC_NONE', 'UC_NONE']","{'SBX_MNUF': 1, 'TPC_MNUF': 1, 'TPC_MPOLY': 1, 'UC_NONE': 12, 'UC_MPOLY': 2, 'TPC_NONE': 12, 'SPC_NONE': 10, 'SBX_MPOLY': 2, 'SPC_MPOLY': 2, 'SBX_NONE': 1}"
12,45,SPC,NONE,0.6849104815878859,0.036100330703314,635272926.72,463537715.6918313,2325432.48,1974058.577735709,0.739969685433312,-1.3516299263605092e-05,0.0,0.0,GREEDY_HV,"['SPC_MBFLIP', 'SBX_MNUF', 'TPC_MNUF', 'TPC_MPOLY', 'UC_NONE', 'UC_MPOLY', 'TPC_NONE', 'UC_MPOLY', 'SPC_NONE', 'SPC_NONE', 'SBX_MPOLY', 'SPC_NONE', 'TPC_NONE', 'UC_NONE', 'TPC_NONE', 'SPC_NONE', 'TPC_NONE', 'UC_NONE', 'UC_NONE', 'UC_NONE', 'SPC_NONE', 'SPC_MPOLY', 'TPC_NONE', 'SPC_MPOLY', 'SBX_MPOLY', 'SPC_NONE', 'UC_NONE', 'TPC_NONE', 'SBX_NONE', 'SPC_NONE', 'UC_NONE', 'TPC_NONE', 'UC_NONE', 'UC_NONE', 'TPC_NONE', 'TPC_NONE', 'UC_NONE', 'SPC_NONE', 'TPC_NONE', 'TPC_NONE', 'SPC_NONE', 'UC_NONE', 'TPC_NONE', 'SPC_NONE', 'UC_NONE', 'SPC_NONE']","{'SBX_MNUF': 1, 'TPC_MNUF': 1, 'TPC_MPOLY': 1, 'UC_NONE': 12, 'UC_MPOLY': 2, 'TPC_NONE': 12, 'SPC_NONE': 11, 'SBX_MPOLY': 2, 'SPC_MPOLY': 2, 'SBX_NONE': 1}"
12,46,UC,NONE,0.6855098689545016,0.0360168001895087,631813706.24,465244872.15920687,2423608.48,1952001.424259257,0.7399929846183124,2.329918500043604e-05,0.0,0.0,GREEDY_HV,"['SPC_MBFLIP', 'SBX_MNUF', 'TPC_MNUF', 'TPC_MPOLY', 'UC_NONE', 'UC_MPOLY', 'TPC_NONE', 'UC_MPOLY', 'SPC_NONE', 'SPC_NONE', 'SBX_MPOLY', 'SPC_NONE', 'TPC_NONE', 'UC_NONE', 'TPC_NONE', 'SPC_NONE', 'TPC_NONE', 'UC_NONE', 'UC_NONE', 'UC_NONE', 'SPC_NONE', 'SPC_MPOLY', 'TPC_NONE', 'SPC_MPOLY', 'SBX_MPOLY', 'SPC_NONE', 'UC_NONE', 'TPC_NONE', 'SBX_NONE', 'SPC_NONE', 'UC_NONE', 'TPC_NONE', 'UC_NONE', 'UC_NONE', 'TPC_NONE', 'TPC_NONE', 'UC_NONE', 'SPC_NONE', 'TPC_NONE', 'TPC_NONE', 'SPC_NONE', 'UC_NONE', 'TPC_NONE', 'SPC_NONE', 'UC_NONE', 'SPC_NONE', 'UC_NONE']","{'SBX_MNUF': 1, 'TPC_MNUF': 1, 'TPC_MPOLY': 1, 'UC_NONE': 13, 'UC_MPOLY': 2, 'TPC_NONE': 12, 'SPC_NONE': 11, 'SBX_MPOLY': 2, 'SPC_MPOLY': 2, 'SBX_NONE': 1}"
12,47,SPC,NONE,0.68644294919898,0.0362510757125381,653384424.96,466039838.53633374,2444839.84,1950324.8905440893,0.7400592068196702,6.622220135776846e-05,0.0,0.0,GREEDY_HV,"['SPC_MBFLIP', 'SBX_MNUF', 'TPC_MNUF', 'TPC_MPOLY', 'UC_NONE', 'UC_MPOLY', 'TPC_NONE', 'UC_MPOLY', 'SPC_NONE', 'SPC_NONE', 'SBX_MPOLY', 'SPC_NONE', 'TPC_NONE', 'UC_NONE', 'TPC_NONE', 'SPC_NONE', 'TPC_NONE', 'UC_NONE', 'UC_NONE', 'UC_NONE', 'SPC_NONE', 'SPC_MPOLY', 'TPC_NONE', 'SPC_MPOLY', 'SBX_MPOLY', 'SPC_NONE', 'UC_NONE', 'TPC_NONE', 'SBX_NONE', 'SPC_NONE', 'UC_NONE', 'TPC_NONE', 'UC_NONE', 'UC_NONE', 'TPC_NONE', 'TPC_NONE', 'UC_NONE', 'SPC_NONE', 'TPC_NONE', 'TPC_NONE', 'SPC_NONE', 'UC_NONE', 'TPC_NONE', 'SPC_NONE', 'UC_NONE', 'SPC_NONE', 'UC_NONE', 'SPC_NONE']","{'SBX_MNUF': 1, 'TPC_MNUF': 1, 'TPC_MPOLY': 1, 'UC_NONE': 13, 'UC_MPOLY': 2, 'TPC_NONE': 12, 'SPC_NONE': 12, 'SBX_MPOLY': 2, 'SPC_MPOLY': 2, 'SBX_NONE': 1}"
12,48,SPC,MPOLY,0.6864453070441151,0.0355669139358216,629086072.32,457755595.5582848,2395355.04,1949425.187347952,0.7400661545770493,6.947757379083264e-06,0.0,0.005,GREEDY_HV,"['SPC_MBFLIP', 'SBX_MNUF', 'TPC_MNUF', 'TPC_MPOLY', 'UC_NONE', 'UC_MPOLY', 'TPC_NONE', 'UC_MPOLY', 'SPC_NONE', 'SPC_NONE', 'SBX_MPOLY', 'SPC_NONE', 'TPC_NONE', 'UC_NONE', 'TPC_NONE', 'SPC_NONE', 'TPC_NONE', 'UC_NONE', 'UC_NONE', 'UC_NONE', 'SPC_NONE', 'SPC_MPOLY', 'TPC_NONE', 'SPC_MPOLY', 'SBX_MPOLY', 'SPC_NONE', 'UC_NONE', 'TPC_NONE', 'SBX_NONE', 'SPC_NONE', 'UC_NONE', 'TPC_NONE', 'UC_NONE', 'UC_NONE', 'TPC_NONE', 'TPC_NONE', 'UC_NONE', 'SPC_NONE', 'TPC_NONE', 'TPC_NONE', 'SPC_NONE', 'UC_NONE', 'TPC_NONE', 'SPC_NONE', 'UC_NONE', 'SPC_NONE', 'UC_NONE', 'SPC_NONE', 'SPC_MPOLY']","{'SBX_MNUF': 1, 'TPC_MNUF': 1, 'TPC_MPOLY': 1, 'UC_NONE': 13, 'UC_MPOLY': 2, 'TPC_NONE': 12, 'SPC_NONE': 12, 'SBX_MPOLY': 2, 'SPC_MPOLY': 3, 'SBX_NONE': 1}"
12,49,UC,NONE,0.6853110662512831,0.0361933071501162,622470464.0,468209782.5255438,2420554.4,1981557.0737506405,0.7401006798132519,3.452523620262049e-05,0.01,0.0,GREEDY_HV,"['SPC_MBFLIP', 'SBX_MNUF', 'TPC_MNUF', 'TPC_MPOLY', 'UC_NONE', 'UC_MPOLY', 'TPC_NONE', 'UC_MPOLY', 'SPC_NONE', 'SPC_NONE', 'SBX_MPOLY', 'SPC_NONE', 'TPC_NONE', 'UC_NONE', 'TPC_NONE', 'SPC_NONE', 'TPC_NONE', 'UC_NONE', 'UC_NONE', 'UC_NONE', 'SPC_NONE', 'SPC_MPOLY', 'TPC_NONE', 'SPC_MPOLY', 'SBX_MPOLY', 'SPC_NONE', 'UC_NONE', 'TPC_NONE', 'SBX_NONE', 'SPC_NONE', 'UC_NONE', 'TPC_NONE', 'UC_NONE', 'UC_NONE', 'TPC_NONE', 'TPC_NONE', 'UC_NONE', 'SPC_NONE', 'TPC_NONE', 'TPC_NONE', 'SPC_NONE', 'UC_NONE', 'TPC_NONE', 'SPC_NONE', 'UC_NONE', 'SPC_NONE', 'UC_NONE', 'SPC_NONE', 'SPC_MPOLY', 'UC_NONE']","{'SBX_MNUF': 1, 'TPC_MNUF': 1, 'TPC_MPOLY': 1, 'UC_NONE': 14, 'UC_MPOLY': 2, 'TPC_NONE': 12, 'SPC_NONE': 12, 'SBX_MPOLY': 2, 'SPC_MPOLY': 3, 'SBX_NONE': 1}"
12,50,SPC,NONE,0.6860313673958599,0.0368620032091015,644896345.6,472026013.93691576,2502890.4,1991331.8926121795,0.7400526645869248,-4.801522632713606e-05,0.02,0.0,GREEDY_HV,"['SPC_MBFLIP', 'SBX_MNUF', 'TPC_MNUF', 'TPC_MPOLY', 'UC_NONE', 'UC_MPOLY', 'TPC_NONE', 'UC_MPOLY', 'SPC_NONE', 'SPC_NONE', 'SBX_MPOLY', 'SPC_NONE', 'TPC_NONE', 'UC_NONE', 'TPC_NONE', 'SPC_NONE', 'TPC_NONE', 'UC_NONE', 'UC_NONE', 'UC_NONE', 'SPC_NONE', 'SPC_MPOLY', 'TPC_NONE', 'SPC_MPOLY', 'SBX_MPOLY', 'SPC_NONE', 'UC_NONE', 'TPC_NONE', 'SBX_NONE', 'SPC_NONE', 'UC_NONE', 'TPC_NONE', 'UC_NONE', 'UC_NONE', 'TPC_NONE', 'TPC_NONE', 'UC_NONE', 'SPC_NONE', 'TPC_NONE', 'TPC_NONE', 'SPC_NONE', 'UC_NONE', 'TPC_NONE', 'SPC_NONE', 'UC_NONE', 'SPC_NONE', 'UC_NONE', 'SPC_NONE', 'SPC_MPOLY', 'UC_NONE', 'SPC_NONE']","{'SBX_MNUF': 1, 'TPC_MNUF': 1, 'TPC_MPOLY': 1, 'UC_NONE': 14, 'UC_MPOLY': 2, 'TPC_NONE': 12, 'SPC_NONE': 13, 'SBX_MPOLY': 2, 'SPC_MPOLY': 3, 'SBX_NONE': 1}"
12,51,SPC,NONE,0.6862474824717182,0.0368715816985516,637050460.16,467005053.48742014,2567823.52,1991819.6415186813,0.7400362336187633,-1.643096816150713e-05,0.01,0.0,GREEDY_HV,"['SPC_MBFLIP', 'SBX_MNUF', 'TPC_MNUF', 'TPC_MPOLY', 'UC_NONE', 'UC_MPOLY', 'TPC_NONE', 'UC_MPOLY', 'SPC_NONE', 'SPC_NONE', 'SBX_MPOLY', 'SPC_NONE', 'TPC_NONE', 'UC_NONE', 'TPC_NONE', 'SPC_NONE', 'TPC_NONE', 'UC_NONE', 'UC_NONE', 'UC_NONE', 'SPC_NONE', 'SPC_MPOLY', 'TPC_NONE', 'SPC_MPOLY', 'SBX_MPOLY', 'SPC_NONE', 'UC_NONE', 'TPC_NONE', 'SBX_NONE', 'SPC_NONE', 'UC_NONE', 'TPC_NONE', 'UC_NONE', 'UC_NONE', 'TPC_NONE', 'TPC_NONE', 'UC_NONE', 'SPC_NONE', 'TPC_NONE', 'TPC_NONE', 'SPC_NONE', 'UC_NONE', 'TPC_NONE', 'SPC_NONE', 'UC_NONE', 'SPC_NONE', 'UC_NONE', 'SPC_NONE', 'SPC_MPOLY', 'UC_NONE', 'SPC_NONE', 'SPC_NONE']","{'SBX_MNUF': 1, 'TPC_MNUF': 1, 'TPC_MPOLY': 1, 'UC_NONE': 14, 'UC_MPOLY': 2, 'TPC_NONE': 12, 'SPC_NONE': 14, 'SBX_MPOLY': 2, 'SPC_MPOLY': 3, 'SBX_NONE': 1}"
12,52,UC,NONE,0.6843607434797478,0.0361423944728442,574676951.04,437923728.7594265,2224396.96,1883127.1229267656,0.7400865842136508,5.035059488756044e-05,0.0,0.0,GREEDY_HV,"['SPC_MBFLIP', 'SBX_MNUF', 'TPC_MNUF', 'TPC_MPOLY', 'UC_NONE', 'UC_MPOLY', 'TPC_NONE', 'UC_MPOLY', 'SPC_NONE', 'SPC_NONE', 'SBX_MPOLY', 'SPC_NONE', 'TPC_NONE', 'UC_NONE', 'TPC_NONE', 'SPC_NONE', 'TPC_NONE', 'UC_NONE', 'UC_NONE', 'UC_NONE', 'SPC_NONE', 'SPC_MPOLY', 'TPC_NONE', 'SPC_MPOLY', 'SBX_MPOLY', 'SPC_NONE', 'UC_NONE', 'TPC_NONE', 'SBX_NONE', 'SPC_NONE', 'UC_NONE', 'TPC_NONE', 'UC_NONE', 'UC_NONE', 'TPC_NONE', 'TPC_NONE', 'UC_NONE', 'SPC_NONE', 'TPC_NONE', 'TPC_NONE', 'SPC_NONE', 'UC_NONE', 'TPC_NONE', 'SPC_NONE', 'UC_NONE', 'SPC_NONE', 'UC_NONE', 'SPC_NONE', 'SPC_MPOLY', 'UC_NONE', 'SPC_NONE', 'SPC_NONE', 'UC_NONE']","{'SBX_MNUF': 1, 'TPC_MNUF': 1, 'TPC_MPOLY': 1, 'UC_NONE': 15, 'UC_MPOLY': 2, 'TPC_NONE': 12, 'SPC_NONE': 14, 'SBX_MPOLY': 2, 'SPC_MPOLY': 3, 'SBX_NONE': 1}"
12,53,SPC,NONE,0.6852536004992471,0.0365122891863656,607040742.4,456128323.8411844,2318351.52,1928452.4155718463,0.7401014162970694,1.4832083418570008e-05,0.0,0.0,GREEDY_HV,"['SPC_MBFLIP', 'SBX_MNUF', 'TPC_MNUF', 'TPC_MPOLY', 'UC_NONE', 'UC_MPOLY', 'TPC_NONE', 'UC_MPOLY', 'SPC_NONE', 'SPC_NONE', 'SBX_MPOLY', 'SPC_NONE', 'TPC_NONE', 'UC_NONE', 'TPC_NONE', 'SPC_NONE', 'TPC_NONE', 'UC_NONE', 'UC_NONE', 'UC_NONE', 'SPC_NONE', 'SPC_MPOLY', 'TPC_NONE', 'SPC_MPOLY', 'SBX_MPOLY', 'SPC_NONE', 'UC_NONE', 'TPC_NONE', 'SBX_NONE', 'SPC_NONE', 'UC_NONE', 'TPC_NONE', 'UC_NONE', 'UC_NONE', 'TPC_NONE', 'TPC_NONE', 'UC_NONE', 'SPC_NONE', 'TPC_NONE', 'TPC_NONE', 'SPC_NONE', 'UC_NONE', 'TPC_NONE', 'SPC_NONE', 'UC_NONE', 'SPC_NONE', 'UC_NONE', 'SPC_NONE', 'SPC_MPOLY', 'UC_NONE', 'SPC_NONE', 'SPC_NONE', 'UC_NONE', 'SPC_NONE']","{'SBX_MNUF': 1, 'TPC_MNUF': 1, 'TPC_MPOLY': 1, 'UC_NONE': 15, 'UC_MPOLY': 2, 'TPC_NONE': 12, 'SPC_NONE': 15, 'SBX_MPOLY': 2, 'SPC_MPOLY': 3, 'SBX_NONE': 1}"
12,54,TPC,NONE,0.6847466675078224,0.0364732449901904,597930798.08,457204029.84598327,2278482.08,1938550.6665437643,0.7401040074341885,2.5911371190900923e-06,0.0,0.0,GREEDY_HV,"['SPC_MBFLIP', 'SBX_MNUF', 'TPC_MNUF', 'TPC_MPOLY', 'UC_NONE', 'UC_MPOLY', 'TPC_NONE', 'UC_MPOLY', 'SPC_NONE', 'SPC_NONE', 'SBX_MPOLY', 'SPC_NONE', 'TPC_NONE', 'UC_NONE', 'TPC_NONE', 'SPC_NONE', 'TPC_NONE', 'UC_NONE', 'UC_NONE', 'UC_NONE', 'SPC_NONE', 'SPC_MPOLY', 'TPC_NONE', 'SPC_MPOLY', 'SBX_MPOLY', 'SPC_NONE', 'UC_NONE', 'TPC_NONE', 'SBX_NONE', 'SPC_NONE', 'UC_NONE', 'TPC_NONE', 'UC_NONE', 'UC_NONE', 'TPC_NONE', 'TPC_NONE', 'UC_NONE', 'SPC_NONE', 'TPC_NONE', 'TPC_NONE', 'SPC_NONE', 'UC_NONE', 'TPC_NONE', 'SPC_NONE', 'UC_NONE', 'SPC_NONE', 'UC_NONE', 'SPC_NONE', 'SPC_MPOLY', 'UC_NONE', 'SPC_NONE', 'SPC_NONE', 'UC_NONE', 'SPC_NONE', 'TPC_NONE']","{'SBX_MNUF': 1, 'TPC_MNUF': 1, 'TPC_MPOLY': 1, 'UC_NONE': 15, 'UC_MPOLY': 2, 'TPC_NONE': 13, 'SPC_NONE': 15, 'SBX_MPOLY': 2, 'SPC_MPOLY': 3, 'SBX_NONE': 1}"
12,55,TPC,NONE,0.6841112918801227,0.0363102877527219,591308165.12,464993894.7784256,2207467.68,1882573.5085376024,0.7400977679495071,-6.239484681369589e-06,0.0,0.0,GREEDY_HV,"['SPC_MBFLIP', 'SBX_MNUF', 'TPC_MNUF', 'TPC_MPOLY', 'UC_NONE', 'UC_MPOLY', 'TPC_NONE', 'UC_MPOLY', 'SPC_NONE', 'SPC_NONE', 'SBX_MPOLY', 'SPC_NONE', 'TPC_NONE', 'UC_NONE', 'TPC_NONE', 'SPC_NONE', 'TPC_NONE', 'UC_NONE', 'UC_NONE', 'UC_NONE', 'SPC_NONE', 'SPC_MPOLY', 'TPC_NONE', 'SPC_MPOLY', 'SBX_MPOLY', 'SPC_NONE', 'UC_NONE', 'TPC_NONE', 'SBX_NONE', 'SPC_NONE', 'UC_NONE', 'TPC_NONE', 'UC_NONE', 'UC_NONE', 'TPC_NONE', 'TPC_NONE', 'UC_NONE', 'SPC_NONE', 'TPC_NONE', 'TPC_NONE', 'SPC_NONE', 'UC_NONE', 'TPC_NONE', 'SPC_NONE', 'UC_NONE', 'SPC_NONE', 'UC_NONE', 'SPC_NONE', 'SPC_MPOLY', 'UC_NONE', 'SPC_NONE', 'SPC_NONE', 'UC_NONE', 'SPC_NONE', 'TPC_NONE', 'TPC_NONE']","{'SBX_MNUF': 1, 'TPC_MNUF': 1, 'TPC_MPOLY': 1, 'UC_NONE': 15, 'UC_MPOLY': 2, 'TPC_NONE': 14, 'SPC_NONE': 15, 'SBX_MPOLY': 2, 'SPC_MPOLY': 3, 'SBX_NONE': 1}"
12,56,UC,NONE,0.6850572420220395,0.0360455006521019,601493726.72,458122041.880467,2182711.2,1845478.112477609,0.7400439210119111,-5.384693759602488e-05,0.0,0.0,GREEDY_HV,"['SPC_MBFLIP', 'SBX_MNUF', 'TPC_MNUF', 'TPC_MPOLY', 'UC_NONE', 'UC_MPOLY', 'TPC_NONE', 'UC_MPOLY', 'SPC_NONE', 'SPC_NONE', 'SBX_MPOLY', 'SPC_NONE', 'TPC_NONE', 'UC_NONE', 'TPC_NONE', 'SPC_NONE', 'TPC_NONE', 'UC_NONE', 'UC_NONE', 'UC_NONE', 'SPC_NONE', 'SPC_MPOLY', 'TPC_NONE', 'SPC_MPOLY', 'SBX_MPOLY', 'SPC_NONE', 'UC_NONE', 'TPC_NONE', 'SBX_NONE', 'SPC_NONE', 'UC_NONE', 'TPC_NONE', 'UC_NONE', 'UC_NONE', 'TPC_NONE', 'TPC_NONE', 'UC_NONE', 'SPC_NONE', 'TPC_NONE', 'TPC_NONE', 'SPC_NONE', 'UC_NONE', 'TPC_NONE', 'SPC_NONE', 'UC_NONE', 'SPC_NONE', 'UC_NONE', 'SPC_NONE', 'SPC_MPOLY', 'UC_NONE', 'SPC_NONE', 'SPC_NONE', 'UC_NONE', 'SPC_NONE', 'TPC_NONE', 'TPC_NONE', 'UC_NONE']","{'SBX_MNUF': 1, 'TPC_MNUF': 1, 'TPC_MPOLY': 1, 'UC_NONE': 16, 'UC_MPOLY': 2, 'TPC_NONE': 14, 'SPC_NONE': 15, 'SBX_MPOLY': 2, 'SPC_MPOLY': 3, 'SBX_NONE': 1}"
12,57,UC,NONE,0.6833231610920361,0.0365830057590026,586153684.48,463791472.0701784,2139306.4,1873492.579921811,0.7400434849750637,-4.3603684740656245e-07,0.0,0.0,GREEDY_HV,"['SPC_MBFLIP', 'SBX_MNUF', 'TPC_MNUF', 'TPC_MPOLY', 'UC_NONE', 'UC_MPOLY', 'TPC_NONE', 'UC_MPOLY', 'SPC_NONE', 'SPC_NONE', 'SBX_MPOLY', 'SPC_NONE', 'TPC_NONE', 'UC_NONE', 'TPC_NONE', 'SPC_NONE', 'TPC_NONE', 'UC_NONE', 'UC_NONE', 'UC_NONE', 'SPC_NONE', 'SPC_MPOLY', 'TPC_NONE', 'SPC_MPOLY', 'SBX_MPOLY', 'SPC_NONE', 'UC_NONE', 'TPC_NONE', 'SBX_NONE', 'SPC_NONE', 'UC_NONE', 'TPC_NONE', 'UC_NONE', 'UC_NONE', 'TPC_NONE', 'TPC_NONE', 'UC_NONE', 'SPC_NONE', 'TPC_NONE', 'TPC_NONE', 'SPC_NONE', 'UC_NONE', 'TPC_NONE', 'SPC_NONE', 'UC_NONE', 'SPC_NONE', 'UC_NONE', 'SPC_NONE', 'SPC_MPOLY', 'UC_NONE', 'SPC_NONE', 'SPC_NONE', 'UC_NONE', 'SPC_NONE', 'TPC_NONE', 'TPC_NONE', 'UC_NONE', 'UC_NONE']","{'SBX_MNUF': 1, 'TPC_MNUF': 1, 'TPC_MPOLY': 1, 'UC_NONE': 17, 'UC_MPOLY': 2, 'TPC_NONE': 14, 'SPC_NONE': 15, 'SBX_MPOLY': 2, 'SPC_MPOLY': 3, 'SBX_NONE': 1}"
12,58,UC,NONE,0.6839009162142078,0.0365094323900945,601495170.56,464047608.8643197,2129109.92,1841712.8723363564,0.7400870478819962,4.356290693252607e-05,0.01,0.0,GREEDY_HV,"['SPC_MBFLIP', 'SBX_MNUF', 'TPC_MNUF', 'TPC_MPOLY', 'UC_NONE', 'UC_MPOLY', 'TPC_NONE', 'UC_MPOLY', 'SPC_NONE', 'SPC_NONE', 'SBX_MPOLY', 'SPC_NONE', 'TPC_NONE', 'UC_NONE', 'TPC_NONE', 'SPC_NONE', 'TPC_NONE', 'UC_NONE', 'UC_NONE', 'UC_NONE', 'SPC_NONE', 'SPC_MPOLY', 'TPC_NONE', 'SPC_MPOLY', 'SBX_MPOLY', 'SPC_NONE', 'UC_NONE', 'TPC_NONE', 'SBX_NONE', 'SPC_NONE', 'UC_NONE', 'TPC_NONE', 'UC_NONE', 'UC_NONE', 'TPC_NONE', 'TPC_NONE', 'UC_NONE', 'SPC_NONE', 'TPC_NONE', 'TPC_NONE', 'SPC_NONE', 'UC_NONE', 'TPC_NONE', 'SPC_NONE', 'UC_NONE', 'SPC_NONE', 'UC_NONE', 'SPC_NONE', 'SPC_MPOLY', 'UC_NONE', 'SPC_NONE', 'SPC_NONE', 'UC_NONE', 'SPC_NONE', 'TPC_NONE', 'TPC_NONE', 'UC_NONE', 'UC_NONE', 'UC_NONE']","{'SBX_MNUF': 1, 'TPC_MNUF': 1, 'TPC_MPOLY': 1, 'UC_NONE': 18, 'UC_MPOLY': 2, 'TPC_NONE': 14, 'SPC_NONE': 15, 'SBX_MPOLY': 2, 'SPC_MPOLY': 3, 'SBX_NONE': 1}"
12,59,UC,NONE,0.6860974526746627,0.0363917418960439,616460817.92,466311821.3183185,2242547.36,1821236.711233131,0.7400721110731197,-1.4936808876542251e-05,0.0,0.0,GREEDY_HV,"['SPC_MBFLIP', 'SBX_MNUF', 'TPC_MNUF', 'TPC_MPOLY', 'UC_NONE', 'UC_MPOLY', 'TPC_NONE', 'UC_MPOLY', 'SPC_NONE', 'SPC_NONE', 'SBX_MPOLY', 'SPC_NONE', 'TPC_NONE', 'UC_NONE', 'TPC_NONE', 'SPC_NONE', 'TPC_NONE', 'UC_NONE', 'UC_NONE', 'UC_NONE', 'SPC_NONE', 'SPC_MPOLY', 'TPC_NONE', 'SPC_MPOLY', 'SBX_MPOLY', 'SPC_NONE', 'UC_NONE', 'TPC_NONE', 'SBX_NONE', 'SPC_NONE', 'UC_NONE', 'TPC_NONE', 'UC_NONE', 'UC_NONE', 'TPC_NONE', 'TPC_NONE', 'UC_NONE', 'SPC_NONE', 'TPC_NONE', 'TPC_NONE', 'SPC_NONE', 'UC_NONE', 'TPC_NONE', 'SPC_NONE', 'UC_NONE', 'SPC_NONE', 'UC_NONE', 'SPC_NONE', 'SPC_MPOLY', 'UC_NONE', 'SPC_NONE', 'SPC_NONE', 'UC_NONE', 'SPC_NONE', 'TPC_NONE', 'TPC_NONE', 'UC_NONE', 'UC_NONE', 'UC_NONE', 'UC_NONE']","{'SBX_MNUF': 1, 'TPC_MNUF': 1, 'TPC_MPOLY': 1, 'UC_NONE': 19, 'UC_MPOLY': 2, 'TPC_NONE': 14, 'SPC_NONE': 15, 'SBX_MPOLY': 2, 'SPC_MPOLY': 3, 'SBX_NONE': 1}"
12,60,UC,NONE,0.6842529602526856,0.0375133511895402,578420271.36,454388979.7407969,2196487.84,1845280.1377516573,0.7400884786970838,1.6367623964175237e-05,0.0,0.0,GREEDY_HV,"['SPC_MBFLIP', 'SBX_MNUF', 'TPC_MNUF', 'TPC_MPOLY', 'UC_NONE', 'UC_MPOLY', 'TPC_NONE', 'UC_MPOLY', 'SPC_NONE', 'SPC_NONE', 'SBX_MPOLY', 'SPC_NONE', 'TPC_NONE', 'UC_NONE', 'TPC_NONE', 'SPC_NONE', 'TPC_NONE', 'UC_NONE', 'UC_NONE', 'UC_NONE', 'SPC_NONE', 'SPC_MPOLY', 'TPC_NONE', 'SPC_MPOLY', 'SBX_MPOLY', 'SPC_NONE', 'UC_NONE', 'TPC_NONE', 'SBX_NONE', 'SPC_NONE', 'UC_NONE', 'TPC_NONE', 'UC_NONE', 'UC_NONE', 'TPC_NONE', 'TPC_NONE', 'UC_NONE', 'SPC_NONE', 'TPC_NONE', 'TPC_NONE', 'SPC_NONE', 'UC_NONE', 'TPC_NONE', 'SPC_NONE', 'UC_NONE', 'SPC_NONE', 'UC_NONE', 'SPC_NONE', 'SPC_MPOLY', 'UC_NONE', 'SPC_NONE', 'SPC_NONE', 'UC_NONE', 'SPC_NONE', 'TPC_NONE', 'TPC_NONE', 'UC_NONE', 'UC_NONE', 'UC_NONE', 'UC_NONE', 'UC_NONE']","{'SBX_MNUF': 1, 'TPC_MNUF': 1, 'TPC_MPOLY': 1, 'UC_NONE': 20, 'UC_MPOLY': 2, 'TPC_NONE': 14, 'SPC_NONE': 15, 'SBX_MPOLY': 2, 'SPC_MPOLY': 3, 'SBX_NONE': 1}"
12,61,TPC,NONE,0.6831788580810493,0.0389421638097231,594888407.04,455826156.5090422,2199064.48,1861688.9139018496,0.7401297677843548,4.128908727096814e-05,0.0,0.0,GREEDY_HV,"['SPC_MBFLIP', 'SBX_MNUF', 'TPC_MNUF', 'TPC_MPOLY', 'UC_NONE', 'UC_MPOLY', 'TPC_NONE', 'UC_MPOLY', 'SPC_NONE', 'SPC_NONE', 'SBX_MPOLY', 'SPC_NONE', 'TPC_NONE', 'UC_NONE', 'TPC_NONE', 'SPC_NONE', 'TPC_NONE', 'UC_NONE', 'UC_NONE', 'UC_NONE', 'SPC_NONE', 'SPC_MPOLY', 'TPC_NONE', 'SPC_MPOLY', 'SBX_MPOLY', 'SPC_NONE', 'UC_NONE', 'TPC_NONE', 'SBX_NONE', 'SPC_NONE', 'UC_NONE', 'TPC_NONE', 'UC_NONE', 'UC_NONE', 'TPC_NONE', 'TPC_NONE', 'UC_NONE', 'SPC_NONE', 'TPC_NONE', 'TPC_NONE', 'SPC_NONE', 'UC_NONE', 'TPC_NONE', 'SPC_NONE', 'UC_NONE', 'SPC_NONE', 'UC_NONE', 'SPC_NONE', 'SPC_MPOLY', 'UC_NONE', 'SPC_NONE', 'SPC_NONE', 'UC_NONE', 'SPC_NONE', 'TPC_NONE', 'TPC_NONE', 'UC_NONE', 'UC_NONE', 'UC_NONE', 'UC_NONE', 'UC_NONE', 'TPC_NONE']","{'SBX_MNUF': 1, 'TPC_MNUF': 1, 'TPC_MPOLY': 1, 'UC_NONE': 20, 'UC_MPOLY': 2, 'TPC_NONE': 15, 'SPC_NONE': 15, 'SBX_MPOLY': 2, 'SPC_MPOLY': 3, 'SBX_NONE': 1}"
12,62,TPC,NONE,0.6827257412076131,0.0382243161032114,584360325.12,459158981.2258681,2147492.0,1830838.022219115,0.7400592042598455,-7.056352450929282e-05,0.0,0.0,GREEDY_HV,"['SPC_MBFLIP', 'SBX_MNUF', 'TPC_MNUF', 'TPC_MPOLY', 'UC_NONE', 'UC_MPOLY', 'TPC_NONE', 'UC_MPOLY', 'SPC_NONE', 'SPC_NONE', 'SBX_MPOLY', 'SPC_NONE', 'TPC_NONE', 'UC_NONE', 'TPC_NONE', 'SPC_NONE', 'TPC_NONE', 'UC_NONE', 'UC_NONE', 'UC_NONE', 'SPC_NONE', 'SPC_MPOLY', 'TPC_NONE', 'SPC_MPOLY', 'SBX_MPOLY', 'SPC_NONE', 'UC_NONE', 'TPC_NONE', 'SBX_NONE', 'SPC_NONE', 'UC_NONE', 'TPC_NONE', 'UC_NONE', 'UC_NONE', 'TPC_NONE', 'TPC_NONE', 'UC_NONE', 'SPC_NONE', 'TPC_NONE', 'TPC_NONE', 'SPC_NONE', 'UC_NONE', 'TPC_NONE', 'SPC_NONE', 'UC_NONE', 'SPC_NONE', 'UC_NONE', 'SPC_NONE', 'SPC_MPOLY', 'UC_NONE', 'SPC_NONE', 'SPC_NONE', 'UC_NONE', 'SPC_NONE', 'TPC_NONE', 'TPC_NONE', 'UC_NONE', 'UC_NONE', 'UC_NONE', 'UC_NONE', 'UC_NONE', 'TPC_NONE', 'TPC_NONE']","{'SBX_MNUF': 1, 'TPC_MNUF': 1, 'TPC_MPOLY': 1, 'UC_NONE': 20, 'UC_MPOLY': 2, 'TPC_NONE': 16, 'SPC_NONE': 15, 'SBX_MPOLY': 2, 'SPC_MPOLY': 3, 'SBX_NONE': 1}"
12,63,UC,NONE,0.6830468772941626,0.0387104630255981,584728071.68,448906233.6207452,2235637.92,1842624.256704202,0.7400213081827391,-3.789607710635856e-05,0.0,0.0,GREEDY_HV,"['SPC_MBFLIP', 'SBX_MNUF', 'TPC_MNUF', 'TPC_MPOLY', 'UC_NONE', 'UC_MPOLY', 'TPC_NONE', 'UC_MPOLY', 'SPC_NONE', 'SPC_NONE', 'SBX_MPOLY', 'SPC_NONE', 'TPC_NONE', 'UC_NONE', 'TPC_NONE', 'SPC_NONE', 'TPC_NONE', 'UC_NONE', 'UC_NONE', 'UC_NONE', 'SPC_NONE', 'SPC_MPOLY', 'TPC_NONE', 'SPC_MPOLY', 'SBX_MPOLY', 'SPC_NONE', 'UC_NONE', 'TPC_NONE', 'SBX_NONE', 'SPC_NONE', 'UC_NONE', 'TPC_NONE', 'UC_NONE', 'UC_NONE', 'TPC_NONE', 'TPC_NONE', 'UC_NONE', 'SPC_NONE', 'TPC_NONE', 'TPC_NONE', 'SPC_NONE', 'UC_NONE', 'TPC_NONE', 'SPC_NONE', 'UC_NONE', 'SPC_NONE', 'UC_NONE', 'SPC_NONE', 'SPC_MPOLY', 'UC_NONE', 'SPC_NONE', 'SPC_NONE', 'UC_NONE', 'SPC_NONE', 'TPC_NONE', 'TPC_NONE', 'UC_NONE', 'UC_NONE', 'UC_NONE', 'UC_NONE', 'UC_NONE', 'TPC_NONE', 'TPC_NONE', 'UC_NONE']","{'SBX_MNUF': 1, 'TPC_MNUF': 1, 'TPC_MPOLY': 1, 'UC_NONE': 21, 'UC_MPOLY': 2, 'TPC_NONE': 16, 'SPC_NONE': 15, 'SBX_MPOLY': 2, 'SPC_MPOLY': 3, 'SBX_NONE': 1}"
12,64,SPC,NONE,0.6842185947653416,0.0384396961510965,600662146.56,447243729.309179,2192293.28,1838138.90664338,0.7401065575038758,8.524932113662675e-05,0.0,0.0,GREEDY_HV,"['SPC_MBFLIP', 'SBX_MNUF', 'TPC_MNUF', 'TPC_MPOLY', 'UC_NONE', 'UC_MPOLY', 'TPC_NONE', 'UC_MPOLY', 'SPC_NONE', 'SPC_NONE', 'SBX_MPOLY', 'SPC_NONE', 'TPC_NONE', 'UC_NONE', 'TPC_NONE', 'SPC_NONE', 'TPC_NONE', 'UC_NONE', 'UC_NONE', 'UC_NONE', 'SPC_NONE', 'SPC_MPOLY', 'TPC_NONE', 'SPC_MPOLY', 'SBX_MPOLY', 'SPC_NONE', 'UC_NONE', 'TPC_NONE', 'SBX_NONE', 'SPC_NONE', 'UC_NONE', 'TPC_NONE', 'UC_NONE', 'UC_NONE', 'TPC_NONE', 'TPC_NONE', 'UC_NONE', 'SPC_NONE', 'TPC_NONE', 'TPC_NONE', 'SPC_NONE', 'UC_NONE', 'TPC_NONE', 'SPC_NONE', 'UC_NONE', 'SPC_NONE', 'UC_NONE', 'SPC_NONE', 'SPC_MPOLY', 'UC_NONE', 'SPC_NONE', 'SPC_NONE', 'UC_NONE', 'SPC_NONE', 'TPC_NONE', 'TPC_NONE', 'UC_NONE', 'UC_NONE', 'UC_NONE', 'UC_NONE', 'UC_NONE', 'TPC_NONE', 'TPC_NONE', 'UC_NONE', 'SPC_NONE']","{'SBX_MNUF': 1, 'TPC_MNUF': 1, 'TPC_MPOLY': 1, 'UC_NONE': 21, 'UC_MPOLY': 2, 'TPC_NONE': 16, 'SPC_NONE': 16, 'SBX_MPOLY': 2, 'SPC_MPOLY': 3, 'SBX_NONE': 1}"
12,65,SPC,NONE,0.6822592756135697,0.039287550391311,591289384.96,460068660.4703187,2206811.04,1853050.14960784,0.7401138548345962,7.297330720468231e-06,0.0,0.0,GREEDY_HV,"['SPC_MBFLIP', 'SBX_MNUF', 'TPC_MNUF', 'TPC_MPOLY', 'UC_NONE', 'UC_MPOLY', 'TPC_NONE', 'UC_MPOLY', 'SPC_NONE', 'SPC_NONE', 'SBX_MPOLY', 'SPC_NONE', 'TPC_NONE', 'UC_NONE', 'TPC_NONE', 'SPC_NONE', 'TPC_NONE', 'UC_NONE', 'UC_NONE', 'UC_NONE', 'SPC_NONE', 'SPC_MPOLY', 'TPC_NONE', 'SPC_MPOLY', 'SBX_MPOLY', 'SPC_NONE', 'UC_NONE', 'TPC_NONE', 'SBX_NONE', 'SPC_NONE', 'UC_NONE', 'TPC_NONE', 'UC_NONE', 'UC_NONE', 'TPC_NONE', 'TPC_NONE', 'UC_NONE', 'SPC_NONE', 'TPC_NONE', 'TPC_NONE', 'SPC_NONE', 'UC_NONE', 'TPC_NONE', 'SPC_NONE', 'UC_NONE', 'SPC_NONE', 'UC_NONE', 'SPC_NONE', 'SPC_MPOLY', 'UC_NONE', 'SPC_NONE', 'SPC_NONE', 'UC_NONE', 'SPC_NONE', 'TPC_NONE', 'TPC_NONE', 'UC_NONE', 'UC_NONE', 'UC_NONE', 'UC_NONE', 'UC_NONE', 'TPC_NONE', 'TPC_NONE', 'UC_NONE', 'SPC_NONE', 'SPC_NONE']","{'SBX_MNUF': 1, 'TPC_MNUF': 1, 'TPC_MPOLY': 1, 'UC_NONE': 21, 'UC_MPOLY': 2, 'TPC_NONE': 16, 'SPC_NONE': 17, 'SBX_MPOLY': 2, 'SPC_MPOLY': 3, 'SBX_NONE': 1}"
12,66,SPC,NONE,0.683601511610704,0.0390825064144289,598516006.4,455867312.1493653,2261849.76,1855685.2068428695,0.7400558358508369,-5.801898375934478e-05,0.0,0.0,GREEDY_HV,"['SPC_MBFLIP', 'SBX_MNUF', 'TPC_MNUF', 'TPC_MPOLY', 'UC_NONE', 'UC_MPOLY', 'TPC_NONE', 'UC_MPOLY', 'SPC_NONE', 'SPC_NONE', 'SBX_MPOLY', 'SPC_NONE', 'TPC_NONE', 'UC_NONE', 'TPC_NONE', 'SPC_NONE', 'TPC_NONE', 'UC_NONE', 'UC_NONE', 'UC_NONE', 'SPC_NONE', 'SPC_MPOLY', 'TPC_NONE', 'SPC_MPOLY', 'SBX_MPOLY', 'SPC_NONE', 'UC_NONE', 'TPC_NONE', 'SBX_NONE', 'SPC_NONE', 'UC_NONE', 'TPC_NONE', 'UC_NONE', 'UC_NONE', 'TPC_NONE', 'TPC_NONE', 'UC_NONE', 'SPC_NONE', 'TPC_NONE', 'TPC_NONE', 'SPC_NONE', 'UC_NONE', 'TPC_NONE', 'SPC_NONE', 'UC_NONE', 'SPC_NONE', 'UC_NONE', 'SPC_NONE', 'SPC_MPOLY', 'UC_NONE', 'SPC_NONE', 'SPC_NONE', 'UC_NONE', 'SPC_NONE', 'TPC_NONE', 'TPC_NONE', 'UC_NONE', 'UC_NONE', 'UC_NONE', 'UC_NONE', 'UC_NONE', 'TPC_NONE', 'TPC_NONE', 'UC_NONE', 'SPC_NONE', 'SPC_NONE', 'SPC_NONE']","{'SBX_MNUF': 1, 'TPC_MNUF': 1, 'TPC_MPOLY': 1, 'UC_NONE': 21, 'UC_MPOLY': 2, 'TPC_NONE': 16, 'SPC_NONE': 18, 'SBX_MPOLY': 2, 'SPC_MPOLY': 3, 'SBX_NONE': 1}"
12,67,SPC,NONE,0.6829809090518776,0.0388977612841964,600842001.92,454196225.9687148,2181614.24,1848852.4876122116,0.740051620932243,-4.214918593925532e-06,0.0,0.0,GREEDY_HV,"['SPC_MBFLIP', 'SBX_MNUF', 'TPC_MNUF', 'TPC_MPOLY', 'UC_NONE', 'UC_MPOLY', 'TPC_NONE', 'UC_MPOLY', 'SPC_NONE', 'SPC_NONE', 'SBX_MPOLY', 'SPC_NONE', 'TPC_NONE', 'UC_NONE', 'TPC_NONE', 'SPC_NONE', 'TPC_NONE', 'UC_NONE', 'UC_NONE', 'UC_NONE', 'SPC_NONE', 'SPC_MPOLY', 'TPC_NONE', 'SPC_MPOLY', 'SBX_MPOLY', 'SPC_NONE', 'UC_NONE', 'TPC_NONE', 'SBX_NONE', 'SPC_NONE', 'UC_NONE', 'TPC_NONE', 'UC_NONE', 'UC_NONE', 'TPC_NONE', 'TPC_NONE', 'UC_NONE', 'SPC_NONE', 'TPC_NONE', 'TPC_NONE', 'SPC_NONE', 'UC_NONE', 'TPC_NONE', 'SPC_NONE', 'UC_NONE', 'SPC_NONE', 'UC_NONE', 'SPC_NONE', 'SPC_MPOLY', 'UC_NONE', 'SPC_NONE', 'SPC_NONE', 'UC_NONE', 'SPC_NONE', 'TPC_NONE', 'TPC_NONE', 'UC_NONE', 'UC_NONE', 'UC_NONE', 'UC_NONE', 'UC_NONE', 'TPC_NONE', 'TPC_NONE', 'UC_NONE', 'SPC_NONE', 'SPC_NONE', 'SPC_NONE', 'SPC_NONE']","{'SBX_MNUF': 1, 'TPC_MNUF': 1, 'TPC_MPOLY': 1, 'UC_NONE': 21, 'UC_MPOLY': 2, 'TPC_NONE': 16, 'SPC_NONE': 19, 'SBX_MPOLY': 2, 'SPC_MPOLY': 3, 'SBX_NONE': 1}"
12,68,UC,NONE,0.6835754483778521,0.0390898055360611,600627443.2,463760978.81175417,2236997.28,1828605.3135409085,0.7400571839119365,5.562979693563008e-06,0.0,0.0,GREEDY_HV,"['SPC_MBFLIP', 'SBX_MNUF', 'TPC_MNUF', 'TPC_MPOLY', 'UC_NONE', 'UC_MPOLY', 'TPC_NONE', 'UC_MPOLY', 'SPC_NONE', 'SPC_NONE', 'SBX_MPOLY', 'SPC_NONE', 'TPC_NONE', 'UC_NONE', 'TPC_NONE', 'SPC_NONE', 'TPC_NONE', 'UC_NONE', 'UC_NONE', 'UC_NONE', 'SPC_NONE', 'SPC_MPOLY', 'TPC_NONE', 'SPC_MPOLY', 'SBX_MPOLY', 'SPC_NONE', 'UC_NONE', 'TPC_NONE', 'SBX_NONE', 'SPC_NONE', 'UC_NONE', 'TPC_NONE', 'UC_NONE', 'UC_NONE', 'TPC_NONE', 'TPC_NONE', 'UC_NONE', 'SPC_NONE', 'TPC_NONE', 'TPC_NONE', 'SPC_NONE', 'UC_NONE', 'TPC_NONE', 'SPC_NONE', 'UC_NONE', 'SPC_NONE', 'UC_NONE', 'SPC_NONE', 'SPC_MPOLY', 'UC_NONE', 'SPC_NONE', 'SPC_NONE', 'UC_NONE', 'SPC_NONE', 'TPC_NONE', 'TPC_NONE', 'UC_NONE', 'UC_NONE', 'UC_NONE', 'UC_NONE', 'UC_NONE', 'TPC_NONE', 'TPC_NONE', 'UC_NONE', 'SPC_NONE', 'SPC_NONE', 'SPC_NONE', 'SPC_NONE', 'UC_NONE']","{'SBX_MNUF': 1, 'TPC_MNUF': 1, 'TPC_MPOLY': 1, 'UC_NONE': 22, 'UC_MPOLY': 2, 'TPC_NONE': 16, 'SPC_NONE': 19, 'SBX_MPOLY': 2, 'SPC_MPOLY': 3, 'SBX_NONE': 1}"
12,69,SPC,NONE,0.6833076501086999,0.0386064325859122,583789806.08,455863357.3827795,2207197.6,1835700.7281179584,0.7400799288469101,2.2744934973562003e-05,0.0,0.0,GREEDY_HV,"['SPC_MBFLIP', 'SBX_MNUF', 'TPC_MNUF', 'TPC_MPOLY', 'UC_NONE', 'UC_MPOLY', 'TPC_NONE', 'UC_MPOLY', 'SPC_NONE', 'SPC_NONE', 'SBX_MPOLY', 'SPC_NONE', 'TPC_NONE', 'UC_NONE', 'TPC_NONE', 'SPC_NONE', 'TPC_NONE', 'UC_NONE', 'UC_NONE', 'UC_NONE', 'SPC_NONE', 'SPC_MPOLY', 'TPC_NONE', 'SPC_MPOLY', 'SBX_MPOLY', 'SPC_NONE', 'UC_NONE', 'TPC_NONE', 'SBX_NONE', 'SPC_NONE', 'UC_NONE', 'TPC_NONE', 'UC_NONE', 'UC_NONE', 'TPC_NONE', 'TPC_NONE', 'UC_NONE', 'SPC_NONE', 'TPC_NONE', 'TPC_NONE', 'SPC_NONE', 'UC_NONE', 'TPC_NONE', 'SPC_NONE', 'UC_NONE', 'SPC_NONE', 'UC_NONE', 'SPC_NONE', 'SPC_MPOLY', 'UC_NONE', 'SPC_NONE', 'SPC_NONE', 'UC_NONE', 'SPC_NONE', 'TPC_NONE', 'TPC_NONE', 'UC_NONE', 'UC_NONE', 'UC_NONE', 'UC_NONE', 'UC_NONE', 'TPC_NONE', 'TPC_NONE', 'UC_NONE', 'SPC_NONE', 'SPC_NONE', 'SPC_NONE', 'SPC_NONE', 'UC_NONE', 'SPC_NONE']","{'SBX_MNUF': 1, 'TPC_MNUF': 1, 'TPC_MPOLY': 1, 'UC_NONE': 22, 'UC_MPOLY': 2, 'TPC_NONE': 16, 'SPC_NONE': 20, 'SBX_MPOLY': 2, 'SPC_MPOLY': 3, 'SBX_NONE': 1}"
12,70,UC,NONE,0.6841117892079813,0.0386578415459744,607482032.64,447465002.1168558,2247458.72,1830376.0785677133,0.7400578333484948,-2.2095498415253267e-05,0.0,0.0,GREEDY_HV,"['SPC_MBFLIP', 'SBX_MNUF', 'TPC_MNUF', 'TPC_MPOLY', 'UC_NONE', 'UC_MPOLY', 'TPC_NONE', 'UC_MPOLY', 'SPC_NONE', 'SPC_NONE', 'SBX_MPOLY', 'SPC_NONE', 'TPC_NONE', 'UC_NONE', 'TPC_NONE', 'SPC_NONE', 'TPC_NONE', 'UC_NONE', 'UC_NONE', 'UC_NONE', 'SPC_NONE', 'SPC_MPOLY', 'TPC_NONE', 'SPC_MPOLY', 'SBX_MPOLY', 'SPC_NONE', 'UC_NONE', 'TPC_NONE', 'SBX_NONE', 'SPC_NONE', 'UC_NONE', 'TPC_NONE', 'UC_NONE', 'UC_NONE', 'TPC_NONE', 'TPC_NONE', 'UC_NONE', 'SPC_NONE', 'TPC_NONE', 'TPC_NONE', 'SPC_NONE', 'UC_NONE', 'TPC_NONE', 'SPC_NONE', 'UC_NONE', 'SPC_NONE', 'UC_NONE', 'SPC_NONE', 'SPC_MPOLY', 'UC_NONE', 'SPC_NONE', 'SPC_NONE', 'UC_NONE', 'SPC_NONE', 'TPC_NONE', 'TPC_NONE', 'UC_NONE', 'UC_NONE', 'UC_NONE', 'UC_NONE', 'UC_NONE', 'TPC_NONE', 'TPC_NONE', 'UC_NONE', 'SPC_NONE', 'SPC_NONE', 'SPC_NONE', 'SPC_NONE', 'UC_NONE', 'SPC_NONE', 'UC_NONE']","{'SBX_MNUF': 1, 'TPC_MNUF': 1, 'TPC_MPOLY': 1, 'UC_NONE': 23, 'UC_MPOLY': 2, 'TPC_NONE': 16, 'SPC_NONE': 20, 'SBX_MPOLY': 2, 'SPC_MPOLY': 3, 'SBX_NONE': 1}"
12,71,SPC,NONE,0.6817699520398173,0.0387834338129907,580086397.44,452672598.2780746,2181895.84,1860964.8160297,0.7401102374015698,5.240405307493923e-05,0.0,0.0,GREEDY_HV,"['SPC_MBFLIP', 'SBX_MNUF', 'TPC_MNUF', 'TPC_MPOLY', 'UC_NONE', 'UC_MPOLY', 'TPC_NONE', 'UC_MPOLY', 'SPC_NONE', 'SPC_NONE', 'SBX_MPOLY', 'SPC_NONE', 'TPC_NONE', 'UC_NONE', 'TPC_NONE', 'SPC_NONE', 'TPC_NONE', 'UC_NONE', 'UC_NONE', 'UC_NONE', 'SPC_NONE', 'SPC_MPOLY', 'TPC_NONE', 'SPC_MPOLY', 'SBX_MPOLY', 'SPC_NONE', 'UC_NONE', 'TPC_NONE', 'SBX_NONE', 'SPC_NONE', 'UC_NONE', 'TPC_NONE', 'UC_NONE', 'UC_NONE', 'TPC_NONE', 'TPC_NONE', 'UC_NONE', 'SPC_NONE', 'TPC_NONE', 'TPC_NONE', 'SPC_NONE', 'UC_NONE', 'TPC_NONE', 'SPC_NONE', 'UC_NONE', 'SPC_NONE', 'UC_NONE', 'SPC_NONE', 'SPC_MPOLY', 'UC_NONE', 'SPC_NONE', 'SPC_NONE', 'UC_NONE', 'SPC_NONE', 'TPC_NONE', 'TPC_NONE', 'UC_NONE', 'UC_NONE', 'UC_NONE', 'UC_NONE', 'UC_NONE', 'TPC_NONE', 'TPC_NONE', 'UC_NONE', 'SPC_NONE', 'SPC_NONE', 'SPC_NONE', 'SPC_NONE', 'UC_NONE', 'SPC_NONE', 'UC_NONE', 'SPC_NONE']","{'SBX_MNUF': 1, 'TPC_MNUF': 1, 'TPC_MPOLY': 1, 'UC_NONE': 23, 'UC_MPOLY': 2, 'TPC_NONE': 16, 'SPC_NONE': 21, 'SBX_MPOLY': 2, 'SPC_MPOLY': 3, 'SBX_NONE': 1}"
12,72,SPC,MPOLY,0.6820903261954748,0.0383490872270634,581827028.48,448837795.8732357,2171490.72,1830790.939039748,0.7400698452735914,-4.0392127978350345e-05,0.01,0.0,GREEDY_HV,"['SPC_MBFLIP', 'SBX_MNUF', 'TPC_MNUF', 'TPC_MPOLY', 'UC_NONE', 'UC_MPOLY', 'TPC_NONE', 'UC_MPOLY', 'SPC_NONE', 'SPC_NONE', 'SBX_MPOLY', 'SPC_NONE', 'TPC_NONE', 'UC_NONE', 'TPC_NONE', 'SPC_NONE', 'TPC_NONE', 'UC_NONE', 'UC_NONE', 'UC_NONE', 'SPC_NONE', 'SPC_MPOLY', 'TPC_NONE', 'SPC_MPOLY', 'SBX_MPOLY', 'SPC_NONE', 'UC_NONE', 'TPC_NONE', 'SBX_NONE', 'SPC_NONE', 'UC_NONE', 'TPC_NONE', 'UC_NONE', 'UC_NONE', 'TPC_NONE', 'TPC_NONE', 'UC_NONE', 'SPC_NONE', 'TPC_NONE', 'TPC_NONE', 'SPC_NONE', 'UC_NONE', 'TPC_NONE', 'SPC_NONE', 'UC_NONE', 'SPC_NONE', 'UC_NONE', 'SPC_NONE', 'SPC_MPOLY', 'UC_NONE', 'SPC_NONE', 'SPC_NONE', 'UC_NONE', 'SPC_NONE', 'TPC_NONE', 'TPC_NONE', 'UC_NONE', 'UC_NONE', 'UC_NONE', 'UC_NONE', 'UC_NONE', 'TPC_NONE', 'TPC_NONE', 'UC_NONE', 'SPC_NONE', 'SPC_NONE', 'SPC_NONE', 'SPC_NONE', 'UC_NONE', 'SPC_NONE', 'UC_NONE', 'SPC_NONE', 'SPC_MPOLY']","{'SBX_MNUF': 1, 'TPC_MNUF': 1, 'TPC_MPOLY': 1, 'UC_NONE': 23, 'UC_MPOLY': 2, 'TPC_NONE': 16, 'SPC_NONE': 21, 'SBX_MPOLY': 2, 'SPC_MPOLY': 4, 'SBX_NONE': 1}"
12,73,SPC,NONE,0.6811128560569432,0.039230100497784,567768345.6,453995331.96310073,2196308.64,1869145.92890616,0.7401482084738121,7.836320022069909e-05,0.0,0.0,GREEDY_HV,"['SPC_MBFLIP', 'SBX_MNUF', 'TPC_MNUF', 'TPC_MPOLY', 'UC_NONE', 'UC_MPOLY', 'TPC_NONE', 'UC_MPOLY', 'SPC_NONE', 'SPC_NONE', 'SBX_MPOLY', 'SPC_NONE', 'TPC_NONE', 'UC_NONE', 'TPC_NONE', 'SPC_NONE', 'TPC_NONE', 'UC_NONE', 'UC_NONE', 'UC_NONE', 'SPC_NONE', 'SPC_MPOLY', 'TPC_NONE', 'SPC_MPOLY', 'SBX_MPOLY', 'SPC_NONE', 'UC_NONE', 'TPC_NONE', 'SBX_NONE', 'SPC_NONE', 'UC_NONE', 'TPC_NONE', 'UC_NONE', 'UC_NONE', 'TPC_NONE', 'TPC_NONE', 'UC_NONE', 'SPC_NONE', 'TPC_NONE', 'TPC_NONE', 'SPC_NONE', 'UC_NONE', 'TPC_NONE', 'SPC_NONE', 'UC_NONE', 'SPC_NONE', 'UC_NONE', 'SPC_NONE', 'SPC_MPOLY', 'UC_NONE', 'SPC_NONE', 'SPC_NONE', 'UC_NONE', 'SPC_NONE', 'TPC_NONE', 'TPC_NONE', 'UC_NONE', 'UC_NONE', 'UC_NONE', 'UC_NONE', 'UC_NONE', 'TPC_NONE', 'TPC_NONE', 'UC_NONE', 'SPC_NONE', 'SPC_NONE', 'SPC_NONE', 'SPC_NONE', 'UC_NONE', 'SPC_NONE', 'UC_NONE', 'SPC_NONE', 'SPC_MPOLY', 'SPC_NONE']","{'SBX_MNUF': 1, 'TPC_MNUF': 1, 'TPC_MPOLY': 1, 'UC_NONE': 23, 'UC_MPOLY': 2, 'TPC_NONE': 16, 'SPC_NONE': 22, 'SBX_MPOLY': 2, 'SPC_MPOLY': 4, 'SBX_NONE': 1}"
12,74,TPC,NONE,0.6827469948951801,0.0387282895604893,570709235.2,442363334.0778948,2258900.64,1861572.7078593068,0.7401163172162396,-3.189125757252498e-05,0.0,0.0,GREEDY_HV,"['SPC_MBFLIP', 'SBX_MNUF', 'TPC_MNUF', 'TPC_MPOLY', 'UC_NONE', 'UC_MPOLY', 'TPC_NONE', 'UC_MPOLY', 'SPC_NONE', 'SPC_NONE', 'SBX_MPOLY', 'SPC_NONE', 'TPC_NONE', 'UC_NONE', 'TPC_NONE', 'SPC_NONE', 'TPC_NONE', 'UC_NONE', 'UC_NONE', 'UC_NONE', 'SPC_NONE', 'SPC_MPOLY', 'TPC_NONE', 'SPC_MPOLY', 'SBX_MPOLY', 'SPC_NONE', 'UC_NONE', 'TPC_NONE', 'SBX_NONE', 'SPC_NONE', 'UC_NONE', 'TPC_NONE', 'UC_NONE', 'UC_NONE', 'TPC_NONE', 'TPC_NONE', 'UC_NONE', 'SPC_NONE', 'TPC_NONE', 'TPC_NONE', 'SPC_NONE', 'UC_NONE', 'TPC_NONE', 'SPC_NONE', 'UC_NONE', 'SPC_NONE', 'UC_NONE', 'SPC_NONE', 'SPC_MPOLY', 'UC_NONE', 'SPC_NONE', 'SPC_NONE', 'UC_NONE', 'SPC_NONE', 'TPC_NONE', 'TPC_NONE', 'UC_NONE', 'UC_NONE', 'UC_NONE', 'UC_NONE', 'UC_NONE', 'TPC_NONE', 'TPC_NONE', 'UC_NONE', 'SPC_NONE', 'SPC_NONE', 'SPC_NONE', 'SPC_NONE', 'UC_NONE', 'SPC_NONE', 'UC_NONE', 'SPC_NONE', 'SPC_MPOLY', 'SPC_NONE', 'TPC_NONE']","{'SBX_MNUF': 1, 'TPC_MNUF': 1, 'TPC_MPOLY': 1, 'UC_NONE': 23, 'UC_MPOLY': 2, 'TPC_NONE': 17, 'SPC_NONE': 22, 'SBX_MPOLY': 2, 'SPC_MPOLY': 4, 'SBX_NONE': 1}"
12,75,TPC,NONE,0.6830580305377125,0.0389925186178568,575154859.52,442120225.5217365,2349747.36,1904544.623442504,0.7401334461650502,1.712894881056304e-05,0.0,0.0,GREEDY_HV,"['SPC_MBFLIP', 'SBX_MNUF', 'TPC_MNUF', 'TPC_MPOLY', 'UC_NONE', 'UC_MPOLY', 'TPC_NONE', 'UC_MPOLY', 'SPC_NONE', 'SPC_NONE', 'SBX_MPOLY', 'SPC_NONE', 'TPC_NONE', 'UC_NONE', 'TPC_NONE', 'SPC_NONE', 'TPC_NONE', 'UC_NONE', 'UC_NONE', 'UC_NONE', 'SPC_NONE', 'SPC_MPOLY', 'TPC_NONE', 'SPC_MPOLY', 'SBX_MPOLY', 'SPC_NONE', 'UC_NONE', 'TPC_NONE', 'SBX_NONE', 'SPC_NONE', 'UC_NONE', 'TPC_NONE', 'UC_NONE', 'UC_NONE', 'TPC_NONE', 'TPC_NONE', 'UC_NONE', 'SPC_NONE', 'TPC_NONE', 'TPC_NONE', 'SPC_NONE', 'UC_NONE', 'TPC_NONE', 'SPC_NONE', 'UC_NONE', 'SPC_NONE', 'UC_NONE', 'SPC_NONE', 'SPC_MPOLY', 'UC_NONE', 'SPC_NONE', 'SPC_NONE', 'UC_NONE', 'SPC_NONE', 'TPC_NONE', 'TPC_NONE', 'UC_NONE', 'UC_NONE', 'UC_NONE', 'UC_NONE', 'UC_NONE', 'TPC_NONE', 'TPC_NONE', 'UC_NONE', 'SPC_NONE', 'SPC_NONE', 'SPC_NONE', 'SPC_NONE', 'UC_NONE', 'SPC_NONE', 'UC_NONE', 'SPC_NONE', 'SPC_MPOLY', 'SPC_NONE', 'TPC_NONE', 'TPC_NONE']","{'SBX_MNUF': 1, 'TPC_MNUF': 1, 'TPC_MPOLY': 1, 'UC_NONE': 23, 'UC_MPOLY': 2, 'TPC_NONE': 18, 'SPC_NONE': 22, 'SBX_MPOLY': 2, 'SPC_MPOLY': 4, 'SBX_NONE': 1}"
12,76,TPC,NONE,0.6825520450054566,0.0388138996748052,563860441.6,445176408.0761202,2263991.2,1905089.3068642,0.7401391643656101,5.71820055994543e-06,0.02,0.0,GREEDY_HV,"['SPC_MBFLIP', 'SBX_MNUF', 'TPC_MNUF', 'TPC_MPOLY', 'UC_NONE', 'UC_MPOLY', 'TPC_NONE', 'UC_MPOLY', 'SPC_NONE', 'SPC_NONE', 'SBX_MPOLY', 'SPC_NONE', 'TPC_NONE', 'UC_NONE', 'TPC_NONE', 'SPC_NONE', 'TPC_NONE', 'UC_NONE', 'UC_NONE', 'UC_NONE', 'SPC_NONE', 'SPC_MPOLY', 'TPC_NONE', 'SPC_MPOLY', 'SBX_MPOLY', 'SPC_NONE', 'UC_NONE', 'TPC_NONE', 'SBX_NONE', 'SPC_NONE', 'UC_NONE', 'TPC_NONE', 'UC_NONE', 'UC_NONE', 'TPC_NONE', 'TPC_NONE', 'UC_NONE', 'SPC_NONE', 'TPC_NONE', 'TPC_NONE', 'SPC_NONE', 'UC_NONE', 'TPC_NONE', 'SPC_NONE', 'UC_NONE', 'SPC_NONE', 'UC_NONE', 'SPC_NONE', 'SPC_MPOLY', 'UC_NONE', 'SPC_NONE', 'SPC_NONE', 'UC_NONE', 'SPC_NONE', 'TPC_NONE', 'TPC_NONE', 'UC_NONE', 'UC_NONE', 'UC_NONE', 'UC_NONE', 'UC_NONE', 'TPC_NONE', 'TPC_NONE', 'UC_NONE', 'SPC_NONE', 'SPC_NONE', 'SPC_NONE', 'SPC_NONE', 'UC_NONE', 'SPC_NONE', 'UC_NONE', 'SPC_NONE', 'SPC_MPOLY', 'SPC_NONE', 'TPC_NONE', 'TPC_NONE', 'TPC_NONE']","{'SBX_MNUF': 1, 'TPC_MNUF': 1, 'TPC_MPOLY': 1, 'UC_NONE': 23, 'UC_MPOLY': 2, 'TPC_NONE': 19, 'SPC_NONE': 22, 'SBX_MPOLY': 2, 'SPC_MPOLY': 4, 'SBX_NONE': 1}"
12,77,SPC,NONE,0.6818700164462674,0.038825043875198,557970414.08,447302498.7796928,2219536.8,1911117.353076152,0.7401129168712222,-2.6247494387954266e-05,0.0,0.0,GREEDY_HV,"['SPC_MBFLIP', 'SBX_MNUF', 'TPC_MNUF', 'TPC_MPOLY', 'UC_NONE', 'UC_MPOLY', 'TPC_NONE', 'UC_MPOLY', 'SPC_NONE', 'SPC_NONE', 'SBX_MPOLY', 'SPC_NONE', 'TPC_NONE', 'UC_NONE', 'TPC_NONE', 'SPC_NONE', 'TPC_NONE', 'UC_NONE', 'UC_NONE', 'UC_NONE', 'SPC_NONE', 'SPC_MPOLY', 'TPC_NONE', 'SPC_MPOLY', 'SBX_MPOLY', 'SPC_NONE', 'UC_NONE', 'TPC_NONE', 'SBX_NONE', 'SPC_NONE', 'UC_NONE', 'TPC_NONE', 'UC_NONE', 'UC_NONE', 'TPC_NONE', 'TPC_NONE', 'UC_NONE', 'SPC_NONE', 'TPC_NONE', 'TPC_NONE', 'SPC_NONE', 'UC_NONE', 'TPC_NONE', 'SPC_NONE', 'UC_NONE', 'SPC_NONE', 'UC_NONE', 'SPC_NONE', 'SPC_MPOLY', 'UC_NONE', 'SPC_NONE', 'SPC_NONE', 'UC_NONE', 'SPC_NONE', 'TPC_NONE', 'TPC_NONE', 'UC_NONE', 'UC_NONE', 'UC_NONE', 'UC_NONE', 'UC_NONE', 'TPC_NONE', 'TPC_NONE', 'UC_NONE', 'SPC_NONE', 'SPC_NONE', 'SPC_NONE', 'SPC_NONE', 'UC_NONE', 'SPC_NONE', 'UC_NONE', 'SPC_NONE', 'SPC_MPOLY', 'SPC_NONE', 'TPC_NONE', 'TPC_NONE', 'TPC_NONE', 'SPC_NONE']","{'SBX_MNUF': 1, 'TPC_MNUF': 1, 'TPC_MPOLY': 1, 'UC_NONE': 23, 'UC_MPOLY': 2, 'TPC_NONE': 19, 'SPC_NONE': 23, 'SBX_MPOLY': 2, 'SPC_MPOLY': 4, 'SBX_NONE': 1}"
12,78,SPC,NONE,0.6827671478477418,0.0388977228964112,580958297.6,454922275.95578223,2271612.32,1908281.9713819383,0.7401028096719964,-1.0107199225783958e-05,0.0,0.0,GREEDY_HV,"['SPC_MBFLIP', 'SBX_MNUF', 'TPC_MNUF', 'TPC_MPOLY', 'UC_NONE', 'UC_MPOLY', 'TPC_NONE', 'UC_MPOLY', 'SPC_NONE', 'SPC_NONE', 'SBX_MPOLY', 'SPC_NONE', 'TPC_NONE', 'UC_NONE', 'TPC_NONE', 'SPC_NONE', 'TPC_NONE', 'UC_NONE', 'UC_NONE', 'UC_NONE', 'SPC_NONE', 'SPC_MPOLY', 'TPC_NONE', 'SPC_MPOLY', 'SBX_MPOLY', 'SPC_NONE', 'UC_NONE', 'TPC_NONE', 'SBX_NONE', 'SPC_NONE', 'UC_NONE', 'TPC_NONE', 'UC_NONE', 'UC_NONE', 'TPC_NONE', 'TPC_NONE', 'UC_NONE', 'SPC_NONE', 'TPC_NONE', 'TPC_NONE', 'SPC_NONE', 'UC_NONE', 'TPC_NONE', 'SPC_NONE', 'UC_NONE', 'SPC_NONE', 'UC_NONE', 'SPC_NONE', 'SPC_MPOLY', 'UC_NONE', 'SPC_NONE', 'SPC_NONE', 'UC_NONE', 'SPC_NONE', 'TPC_NONE', 'TPC_NONE', 'UC_NONE', 'UC_NONE', 'UC_NONE', 'UC_NONE', 'UC_NONE', 'TPC_NONE', 'TPC_NONE', 'UC_NONE', 'SPC_NONE', 'SPC_NONE', 'SPC_NONE', 'SPC_NONE', 'UC_NONE', 'SPC_NONE', 'UC_NONE', 'SPC_NONE', 'SPC_MPOLY', 'SPC_NONE', 'TPC_NONE', 'TPC_NONE', 'TPC_NONE', 'SPC_NONE', 'SPC_NONE']","{'SBX_MNUF': 1, 'TPC_MNUF': 1, 'TPC_MPOLY': 1, 'UC_NONE': 23, 'UC_MPOLY': 2, 'TPC_NONE': 19, 'SPC_NONE': 24, 'SBX_MPOLY': 2, 'SPC_MPOLY': 4, 'SBX_NONE': 1}"
12,79,SPC,NONE,0.681910226012449,0.0388009359849882,596948569.6,475749821.2828713,2176524.96,1909311.5046884613,0.7401271877349651,2.4378062968732905e-05,0.0,0.0,GREEDY_HV,"['SPC_MBFLIP', 'SBX_MNUF', 'TPC_MNUF', 'TPC_MPOLY', 'UC_NONE', 'UC_MPOLY', 'TPC_NONE', 'UC_MPOLY', 'SPC_NONE', 'SPC_NONE', 'SBX_MPOLY', 'SPC_NONE', 'TPC_NONE', 'UC_NONE', 'TPC_NONE', 'SPC_NONE', 'TPC_NONE', 'UC_NONE', 'UC_NONE', 'UC_NONE', 'SPC_NONE', 'SPC_MPOLY', 'TPC_NONE', 'SPC_MPOLY', 'SBX_MPOLY', 'SPC_NONE', 'UC_NONE', 'TPC_NONE', 'SBX_NONE', 'SPC_NONE', 'UC_NONE', 'TPC_NONE', 'UC_NONE', 'UC_NONE', 'TPC_NONE', 'TPC_NONE', 'UC_NONE', 'SPC_NONE', 'TPC_NONE', 'TPC_NONE', 'SPC_NONE', 'UC_NONE', 'TPC_NONE', 'SPC_NONE', 'UC_NONE', 'SPC_NONE', 'UC_NONE', 'SPC_NONE', 'SPC_MPOLY', 'UC_NONE', 'SPC_NONE', 'SPC_NONE', 'UC_NONE', 'SPC_NONE', 'TPC_NONE', 'TPC_NONE', 'UC_NONE', 'UC_NONE', 'UC_NONE', 'UC_NONE', 'UC_NONE', 'TPC_NONE', 'TPC_NONE', 'UC_NONE', 'SPC_NONE', 'SPC_NONE', 'SPC_NONE', 'SPC_NONE', 'UC_NONE', 'SPC_NONE', 'UC_NONE', 'SPC_NONE', 'SPC_MPOLY', 'SPC_NONE', 'TPC_NONE', 'TPC_NONE', 'TPC_NONE', 'SPC_NONE', 'SPC_NONE', 'SPC_NONE']","{'SBX_MNUF': 1, 'TPC_MNUF': 1, 'TPC_MPOLY': 1, 'UC_NONE': 23, 'UC_MPOLY': 2, 'TPC_NONE': 19, 'SPC_NONE': 25, 'SBX_MPOLY': 2, 'SPC_MPOLY': 4, 'SBX_NONE': 1}"
12,80,UC,NONE,0.6833387374135808,0.03871983156635,591566640.64,464355932.1984853,2256720.8,1904419.3702213385,0.7401085131746916,-1.867456027349057e-05,0.0,0.0,GREEDY_HV,"['SPC_MBFLIP', 'SBX_MNUF', 'TPC_MNUF', 'TPC_MPOLY', 'UC_NONE', 'UC_MPOLY', 'TPC_NONE', 'UC_MPOLY', 'SPC_NONE', 'SPC_NONE', 'SBX_MPOLY', 'SPC_NONE', 'TPC_NONE', 'UC_NONE', 'TPC_NONE', 'SPC_NONE', 'TPC_NONE', 'UC_NONE', 'UC_NONE', 'UC_NONE', 'SPC_NONE', 'SPC_MPOLY', 'TPC_NONE', 'SPC_MPOLY', 'SBX_MPOLY', 'SPC_NONE', 'UC_NONE', 'TPC_NONE', 'SBX_NONE', 'SPC_NONE', 'UC_NONE', 'TPC_NONE', 'UC_NONE', 'UC_NONE', 'TPC_NONE', 'TPC_NONE', 'UC_NONE', 'SPC_NONE', 'TPC_NONE', 'TPC_NONE', 'SPC_NONE', 'UC_NONE', 'TPC_NONE', 'SPC_NONE', 'UC_NONE', 'SPC_NONE', 'UC_NONE', 'SPC_NONE', 'SPC_MPOLY', 'UC_NONE', 'SPC_NONE', 'SPC_NONE', 'UC_NONE', 'SPC_NONE', 'TPC_NONE', 'TPC_NONE', 'UC_NONE', 'UC_NONE', 'UC_NONE', 'UC_NONE', 'UC_NONE', 'TPC_NONE', 'TPC_NONE', 'UC_NONE', 'SPC_NONE', 'SPC_NONE', 'SPC_NONE', 'SPC_NONE', 'UC_NONE', 'SPC_NONE', 'UC_NONE', 'SPC_NONE', 'SPC_MPOLY', 'SPC_NONE', 'TPC_NONE', 'TPC_NONE', 'TPC_NONE', 'SPC_NONE', 'SPC_NONE', 'SPC_NONE', 'UC_NONE']","{'SBX_MNUF': 1, 'TPC_MNUF': 1, 'TPC_MPOLY': 1, 'UC_NONE': 24, 'UC_MPOLY': 2, 'TPC_NONE': 19, 'SPC_NONE': 25, 'SBX_MPOLY': 2, 'SPC_MPOLY': 4, 'SBX_NONE': 1}"
12,81,UC,NONE,0.6835330009616478,0.0389666767318019,616248988.16,462232657.26708007,2257584.8,1897707.7466503205,0.7400660805112121,-4.243266347947472e-05,0.0,0.0,GREEDY_HV,"['SPC_MBFLIP', 'SBX_MNUF', 'TPC_MNUF', 'TPC_MPOLY', 'UC_NONE', 'UC_MPOLY', 'TPC_NONE', 'UC_MPOLY', 'SPC_NONE', 'SPC_NONE', 'SBX_MPOLY', 'SPC_NONE', 'TPC_NONE', 'UC_NONE', 'TPC_NONE', 'SPC_NONE', 'TPC_NONE', 'UC_NONE', 'UC_NONE', 'UC_NONE', 'SPC_NONE', 'SPC_MPOLY', 'TPC_NONE', 'SPC_MPOLY', 'SBX_MPOLY', 'SPC_NONE', 'UC_NONE', 'TPC_NONE', 'SBX_NONE', 'SPC_NONE', 'UC_NONE', 'TPC_NONE', 'UC_NONE', 'UC_NONE', 'TPC_NONE', 'TPC_NONE', 'UC_NONE', 'SPC_NONE', 'TPC_NONE', 'TPC_NONE', 'SPC_NONE', 'UC_NONE', 'TPC_NONE', 'SPC_NONE', 'UC_NONE', 'SPC_NONE', 'UC_NONE', 'SPC_NONE', 'SPC_MPOLY', 'UC_NONE', 'SPC_NONE', 'SPC_NONE', 'UC_NONE', 'SPC_NONE', 'TPC_NONE', 'TPC_NONE', 'UC_NONE', 'UC_NONE', 'UC_NONE', 'UC_NONE', 'UC_NONE', 'TPC_NONE', 'TPC_NONE', 'UC_NONE', 'SPC_NONE', 'SPC_NONE', 'SPC_NONE', 'SPC_NONE', 'UC_NONE', 'SPC_NONE', 'UC_NONE', 'SPC_NONE', 'SPC_MPOLY', 'SPC_NONE', 'TPC_NONE', 'TPC_NONE', 'TPC_NONE', 'SPC_NONE', 'SPC_NONE', 'SPC_NONE', 'UC_NONE', 'UC_NONE']","{'SBX_MNUF': 1, 'TPC_MNUF': 1, 'TPC_MPOLY': 1, 'UC_NONE': 25, 'UC_MPOLY': 2, 'TPC_NONE': 19, 'SPC_NONE': 25, 'SBX_MPOLY': 2, 'SPC_MPOLY': 4, 'SBX_NONE': 1}"
12,82,SPC,NONE,0.682871350962495,0.0390991806379031,602429509.12,464108524.48313147,2250478.24,1902386.1616257252,0.7401196515549429,5.357104373071575e-05,0.0,0.0,GREEDY_HV,"['SPC_MBFLIP', 'SBX_MNUF', 'TPC_MNUF', 'TPC_MPOLY', 'UC_NONE', 'UC_MPOLY', 'TPC_NONE', 'UC_MPOLY', 'SPC_NONE', 'SPC_NONE', 'SBX_MPOLY', 'SPC_NONE', 'TPC_NONE', 'UC_NONE', 'TPC_NONE', 'SPC_NONE', 'TPC_NONE', 'UC_NONE', 'UC_NONE', 'UC_NONE', 'SPC_NONE', 'SPC_MPOLY', 'TPC_NONE', 'SPC_MPOLY', 'SBX_MPOLY', 'SPC_NONE', 'UC_NONE', 'TPC_NONE', 'SBX_NONE', 'SPC_NONE', 'UC_NONE', 'TPC_NONE', 'UC_NONE', 'UC_NONE', 'TPC_NONE', 'TPC_NONE', 'UC_NONE', 'SPC_NONE', 'TPC_NONE', 'TPC_NONE', 'SPC_NONE', 'UC_NONE', 'TPC_NONE', 'SPC_NONE', 'UC_NONE', 'SPC_NONE', 'UC_NONE', 'SPC_NONE', 'SPC_MPOLY', 'UC_NONE', 'SPC_NONE', 'SPC_NONE', 'UC_NONE', 'SPC_NONE', 'TPC_NONE', 'TPC_NONE', 'UC_NONE', 'UC_NONE', 'UC_NONE', 'UC_NONE', 'UC_NONE', 'TPC_NONE', 'TPC_NONE', 'UC_NONE', 'SPC_NONE', 'SPC_NONE', 'SPC_NONE', 'SPC_NONE', 'UC_NONE', 'SPC_NONE', 'UC_NONE', 'SPC_NONE', 'SPC_MPOLY', 'SPC_NONE', 'TPC_NONE', 'TPC_NONE', 'TPC_NONE', 'SPC_NONE', 'SPC_NONE', 'SPC_NONE', 'UC_NONE', 'UC_NONE', 'SPC_NONE']","{'SBX_MNUF': 1, 'TPC_MNUF': 1, 'TPC_MPOLY': 1, 'UC_NONE': 25, 'UC_MPOLY': 2, 'TPC_NONE': 19, 'SPC_NONE': 26, 'SBX_MPOLY': 2, 'SPC_MPOLY': 4, 'SBX_NONE': 1}"
12,83,SPC,NONE,0.6841110720066146,0.0388633125479496,590298800.64,449229841.3380988,2319787.68,1861166.774769133,0.7400773736072283,-4.227794771460847e-05,0.0,0.0,GREEDY_HV,"['SPC_MBFLIP', 'SBX_MNUF', 'TPC_MNUF', 'TPC_MPOLY', 'UC_NONE', 'UC_MPOLY', 'TPC_NONE', 'UC_MPOLY', 'SPC_NONE', 'SPC_NONE', 'SBX_MPOLY', 'SPC_NONE', 'TPC_NONE', 'UC_NONE', 'TPC_NONE', 'SPC_NONE', 'TPC_NONE', 'UC_NONE', 'UC_NONE', 'UC_NONE', 'SPC_NONE', 'SPC_MPOLY', 'TPC_NONE', 'SPC_MPOLY', 'SBX_MPOLY', 'SPC_NONE', 'UC_NONE', 'TPC_NONE', 'SBX_NONE', 'SPC_NONE', 'UC_NONE', 'TPC_NONE', 'UC_NONE', 'UC_NONE', 'TPC_NONE', 'TPC_NONE', 'UC_NONE', 'SPC_NONE', 'TPC_NONE', 'TPC_NONE', 'SPC_NONE', 'UC_NONE', 'TPC_NONE', 'SPC_NONE', 'UC_NONE', 'SPC_NONE', 'UC_NONE', 'SPC_NONE', 'SPC_MPOLY', 'UC_NONE', 'SPC_NONE', 'SPC_NONE', 'UC_NONE', 'SPC_NONE', 'TPC_NONE', 'TPC_NONE', 'UC_NONE', 'UC_NONE', 'UC_NONE', 'UC_NONE', 'UC_NONE', 'TPC_NONE', 'TPC_NONE', 'UC_NONE', 'SPC_NONE', 'SPC_NONE', 'SPC_NONE', 'SPC_NONE', 'UC_NONE', 'SPC_NONE', 'UC_NONE', 'SPC_NONE', 'SPC_MPOLY', 'SPC_NONE', 'TPC_NONE', 'TPC_NONE', 'TPC_NONE', 'SPC_NONE', 'SPC_NONE', 'SPC_NONE', 'UC_NONE', 'UC_NONE', 'SPC_NONE', 'SPC_NONE']","{'SBX_MNUF': 1, 'TPC_MNUF': 1, 'TPC_MPOLY': 1, 'UC_NONE': 25, 'UC_MPOLY': 2, 'TPC_NONE': 19, 'SPC_NONE': 27, 'SBX_MPOLY': 2, 'SPC_MPOLY': 4, 'SBX_NONE': 1}"
12,84,UC,NONE,0.6845619441103687,0.03851384757542,608954083.84,455494034.3705614,2249711.52,1832571.9742221343,0.7400785998776929,1.226270464615986e-06,0.0,0.0,GREEDY_HV,"['SPC_MBFLIP', 'SBX_MNUF', 'TPC_MNUF', 'TPC_MPOLY', 'UC_NONE', 'UC_MPOLY', 'TPC_NONE', 'UC_MPOLY', 'SPC_NONE', 'SPC_NONE', 'SBX_MPOLY', 'SPC_NONE', 'TPC_NONE', 'UC_NONE', 'TPC_NONE', 'SPC_NONE', 'TPC_NONE', 'UC_NONE', 'UC_NONE', 'UC_NONE', 'SPC_NONE', 'SPC_MPOLY', 'TPC_NONE', 'SPC_MPOLY', 'SBX_MPOLY', 'SPC_NONE', 'UC_NONE', 'TPC_NONE', 'SBX_NONE', 'SPC_NONE', 'UC_NONE', 'TPC_NONE', 'UC_NONE', 'UC_NONE', 'TPC_NONE', 'TPC_NONE', 'UC_NONE', 'SPC_NONE', 'TPC_NONE', 'TPC_NONE', 'SPC_NONE', 'UC_NONE', 'TPC_NONE', 'SPC_NONE', 'UC_NONE', 'SPC_NONE', 'UC_NONE', 'SPC_NONE', 'SPC_MPOLY', 'UC_NONE', 'SPC_NONE', 'SPC_NONE', 'UC_NONE', 'SPC_NONE', 'TPC_NONE', 'TPC_NONE', 'UC_NONE', 'UC_NONE', 'UC_NONE', 'UC_NONE', 'UC_NONE', 'TPC_NONE', 'TPC_NONE', 'UC_NONE', 'SPC_NONE', 'SPC_NONE', 'SPC_NONE', 'SPC_NONE', 'UC_NONE', 'SPC_NONE', 'UC_NONE', 'SPC_NONE', 'SPC_MPOLY', 'SPC_NONE', 'TPC_NONE', 'TPC_NONE', 'TPC_NONE', 'SPC_NONE', 'SPC_NONE', 'SPC_NONE', 'UC_NONE', 'UC_NONE', 'SPC_NONE', 'SPC_NONE', 'UC_NONE']","{'SBX_MNUF': 1, 'TPC_MNUF': 1, 'TPC_MPOLY': 1, 'UC_NONE': 26, 'UC_MPOLY': 2, 'TPC_NONE': 19, 'SPC_NONE': 27, 'SBX_MPOLY': 2, 'SPC_MPOLY': 4, 'SBX_NONE': 1}"
12,85,UC,NONE,0.6845781958759855,0.0384806014962282,598056983.04,453418777.0831819,2289519.52,1817789.0708733643,0.7400291704319781,-4.942944571473262e-05,0.0,0.0,GREEDY_HV,"['SPC_MBFLIP', 'SBX_MNUF', 'TPC_MNUF', 'TPC_MPOLY', 'UC_NONE', 'UC_MPOLY', 'TPC_NONE', 'UC_MPOLY', 'SPC_NONE', 'SPC_NONE', 'SBX_MPOLY', 'SPC_NONE', 'TPC_NONE', 'UC_NONE', 'TPC_NONE', 'SPC_NONE', 'TPC_NONE', 'UC_NONE', 'UC_NONE', 'UC_NONE', 'SPC_NONE', 'SPC_MPOLY', 'TPC_NONE', 'SPC_MPOLY', 'SBX_MPOLY', 'SPC_NONE', 'UC_NONE', 'TPC_NONE', 'SBX_NONE', 'SPC_NONE', 'UC_NONE', 'TPC_NONE', 'UC_NONE', 'UC_NONE', 'TPC_NONE', 'TPC_NONE', 'UC_NONE', 'SPC_NONE', 'TPC_NONE', 'TPC_NONE', 'SPC_NONE', 'UC_NONE', 'TPC_NONE', 'SPC_NONE', 'UC_NONE', 'SPC_NONE', 'UC_NONE', 'SPC_NONE', 'SPC_MPOLY', 'UC_NONE', 'SPC_NONE', 'SPC_NONE', 'UC_NONE', 'SPC_NONE', 'TPC_NONE', 'TPC_NONE', 'UC_NONE', 'UC_NONE', 'UC_NONE', 'UC_NONE', 'UC_NONE', 'TPC_NONE', 'TPC_NONE', 'UC_NONE', 'SPC_NONE', 'SPC_NONE', 'SPC_NONE', 'SPC_NONE', 'UC_NONE', 'SPC_NONE', 'UC_NONE', 'SPC_NONE', 'SPC_MPOLY', 'SPC_NONE', 'TPC_NONE', 'TPC_NONE', 'TPC_NONE', 'SPC_NONE', 'SPC_NONE', 'SPC_NONE', 'UC_NONE', 'UC_NONE', 'SPC_NONE', 'SPC_NONE', 'UC_NONE', 'UC_NONE']","{'SBX_MNUF': 1, 'TPC_MNUF': 1, 'TPC_MPOLY': 1, 'UC_NONE': 27, 'UC_MPOLY': 2, 'TPC_NONE': 19, 'SPC_NONE': 27, 'SBX_MPOLY': 2, 'SPC_MPOLY': 4, 'SBX_NONE': 1}"
12,86,SPC,NONE,0.6836080898750458,0.0387584639527218,606280189.44,461752066.9506466,2200660.64,1866058.0437633744,0.7400958984513117,6.672801933360617e-05,0.0,0.0,GREEDY_HV,"['SPC_MBFLIP', 'SBX_MNUF', 'TPC_MNUF', 'TPC_MPOLY', 'UC_NONE', 'UC_MPOLY', 'TPC_NONE', 'UC_MPOLY', 'SPC_NONE', 'SPC_NONE', 'SBX_MPOLY', 'SPC_NONE', 'TPC_NONE', 'UC_NONE', 'TPC_NONE', 'SPC_NONE', 'TPC_NONE', 'UC_NONE', 'UC_NONE', 'UC_NONE', 'SPC_NONE', 'SPC_MPOLY', 'TPC_NONE', 'SPC_MPOLY', 'SBX_MPOLY', 'SPC_NONE', 'UC_NONE', 'TPC_NONE', 'SBX_NONE', 'SPC_NONE', 'UC_NONE', 'TPC_NONE', 'UC_NONE', 'UC_NONE', 'TPC_NONE', 'TPC_NONE', 'UC_NONE', 'SPC_NONE', 'TPC_NONE', 'TPC_NONE', 'SPC_NONE', 'UC_NONE', 'TPC_NONE', 'SPC_NONE', 'UC_NONE', 'SPC_NONE', 'UC_NONE', 'SPC_NONE', 'SPC_MPOLY', 'UC_NONE', 'SPC_NONE', 'SPC_NONE', 'UC_NONE', 'SPC_NONE', 'TPC_NONE', 'TPC_NONE', 'UC_NONE', 'UC_NONE', 'UC_NONE', 'UC_NONE', 'UC_NONE', 'TPC_NONE', 'TPC_NONE', 'UC_NONE', 'SPC_NONE', 'SPC_NONE', 'SPC_NONE', 'SPC_NONE', 'UC_NONE', 'SPC_NONE', 'UC_NONE', 'SPC_NONE', 'SPC_MPOLY', 'SPC_NONE', 'TPC_NONE', 'TPC_NONE', 'TPC_NONE', 'SPC_NONE', 'SPC_NONE', 'SPC_NONE', 'UC_NONE', 'UC_NONE', 'SPC_NONE', 'SPC_NONE', 'UC_NONE', 'UC_NONE', 'SPC_NONE']","{'SBX_MNUF': 1, 'TPC_MNUF': 1, 'TPC_MPOLY': 1, 'UC_NONE': 27, 'UC_MPOLY': 2, 'TPC_NONE': 19, 'SPC_NONE': 28, 'SBX_MPOLY': 2, 'SPC_MPOLY': 4, 'SBX_NONE': 1}"
12,87,SPC,NONE,0.6857023935078144,0.0386300619835293,628807687.68,460963938.5440889,2338958.24,1840495.4742307256,0.74014325424968,4.735579836823156e-05,0.0,0.0,GREEDY_HV,"['SPC_MBFLIP', 'SBX_MNUF', 'TPC_MNUF', 'TPC_MPOLY', 'UC_NONE', 'UC_MPOLY', 'TPC_NONE', 'UC_MPOLY', 'SPC_NONE', 'SPC_NONE', 'SBX_MPOLY', 'SPC_NONE', 'TPC_NONE', 'UC_NONE', 'TPC_NONE', 'SPC_NONE', 'TPC_NONE', 'UC_NONE', 'UC_NONE', 'UC_NONE', 'SPC_NONE', 'SPC_MPOLY', 'TPC_NONE', 'SPC_MPOLY', 'SBX_MPOLY', 'SPC_NONE', 'UC_NONE', 'TPC_NONE', 'SBX_NONE', 'SPC_NONE', 'UC_NONE', 'TPC_NONE', 'UC_NONE', 'UC_NONE', 'TPC_NONE', 'TPC_NONE', 'UC_NONE', 'SPC_NONE', 'TPC_NONE', 'TPC_NONE', 'SPC_NONE', 'UC_NONE', 'TPC_NONE', 'SPC_NONE', 'UC_NONE', 'SPC_NONE', 'UC_NONE', 'SPC_NONE', 'SPC_MPOLY', 'UC_NONE', 'SPC_NONE', 'SPC_NONE', 'UC_NONE', 'SPC_NONE', 'TPC_NONE', 'TPC_NONE', 'UC_NONE', 'UC_NONE', 'UC_NONE', 'UC_NONE', 'UC_NONE', 'TPC_NONE', 'TPC_NONE', 'UC_NONE', 'SPC_NONE', 'SPC_NONE', 'SPC_NONE', 'SPC_NONE', 'UC_NONE', 'SPC_NONE', 'UC_NONE', 'SPC_NONE', 'SPC_MPOLY', 'SPC_NONE', 'TPC_NONE', 'TPC_NONE', 'TPC_NONE', 'SPC_NONE', 'SPC_NONE', 'SPC_NONE', 'UC_NONE', 'UC_NONE', 'SPC_NONE', 'SPC_NONE', 'UC_NONE', 'UC_NONE', 'SPC_NONE', 'SPC_NONE']","{'SBX_MNUF': 1, 'TPC_MNUF': 1, 'TPC_MPOLY': 1, 'UC_NONE': 27, 'UC_MPOLY': 2, 'TPC_NONE': 19, 'SPC_NONE': 29, 'SBX_MPOLY': 2, 'SPC_MPOLY': 4, 'SBX_NONE': 1}"
12,88,SPC,NONE,0.6843621488576653,0.038616693782981,590436810.24,457048185.7248129,2319188.64,1867733.100803836,0.740117874517817,-2.5379731863006683e-05,0.01,0.0,GREEDY_HV,"['SPC_MBFLIP', 'SBX_MNUF', 'TPC_MNUF', 'TPC_MPOLY', 'UC_NONE', 'UC_MPOLY', 'TPC_NONE', 'UC_MPOLY', 'SPC_NONE', 'SPC_NONE', 'SBX_MPOLY', 'SPC_NONE', 'TPC_NONE', 'UC_NONE', 'TPC_NONE', 'SPC_NONE', 'TPC_NONE', 'UC_NONE', 'UC_NONE', 'UC_NONE', 'SPC_NONE', 'SPC_MPOLY', 'TPC_NONE', 'SPC_MPOLY', 'SBX_MPOLY', 'SPC_NONE', 'UC_NONE', 'TPC_NONE', 'SBX_NONE', 'SPC_NONE', 'UC_NONE', 'TPC_NONE', 'UC_NONE', 'UC_NONE', 'TPC_NONE', 'TPC_NONE', 'UC_NONE', 'SPC_NONE', 'TPC_NONE', 'TPC_NONE', 'SPC_NONE', 'UC_NONE', 'TPC_NONE', 'SPC_NONE', 'UC_NONE', 'SPC_NONE', 'UC_NONE', 'SPC_NONE', 'SPC_MPOLY', 'UC_NONE', 'SPC_NONE', 'SPC_NONE', 'UC_NONE', 'SPC_NONE', 'TPC_NONE', 'TPC_NONE', 'UC_NONE', 'UC_NONE', 'UC_NONE', 'UC_NONE', 'UC_NONE', 'TPC_NONE', 'TPC_NONE', 'UC_NONE', 'SPC_NONE', 'SPC_NONE', 'SPC_NONE', 'SPC_NONE', 'UC_NONE', 'SPC_NONE', 'UC_NONE', 'SPC_NONE', 'SPC_MPOLY', 'SPC_NONE', 'TPC_NONE', 'TPC_NONE', 'TPC_NONE', 'SPC_NONE', 'SPC_NONE', 'SPC_NONE', 'UC_NONE', 'UC_NONE', 'SPC_NONE', 'SPC_NONE', 'UC_NONE', 'UC_NONE', 'SPC_NONE', 'SPC_NONE', 'SPC_NONE']","{'SBX_MNUF': 1, 'TPC_MNUF': 1, 'TPC_MPOLY': 1, 'UC_NONE': 27, 'UC_MPOLY': 2, 'TPC_NONE': 19, 'SPC_NONE': 30, 'SBX_MPOLY': 2, 'SPC_MPOLY': 4, 'SBX_NONE': 1}"
12,89,UC,NONE,0.6845929051283958,0.0386550880315731,599523653.12,447021094.70088005,2292152.48,1863124.297346865,0.7401739051970504,5.603067923343197e-05,0.01,0.0,GREEDY_HV,"['SPC_MBFLIP', 'SBX_MNUF', 'TPC_MNUF', 'TPC_MPOLY', 'UC_NONE', 'UC_MPOLY', 'TPC_NONE', 'UC_MPOLY', 'SPC_NONE', 'SPC_NONE', 'SBX_MPOLY', 'SPC_NONE', 'TPC_NONE', 'UC_NONE', 'TPC_NONE', 'SPC_NONE', 'TPC_NONE', 'UC_NONE', 'UC_NONE', 'UC_NONE', 'SPC_NONE', 'SPC_MPOLY', 'TPC_NONE', 'SPC_MPOLY', 'SBX_MPOLY', 'SPC_NONE', 'UC_NONE', 'TPC_NONE', 'SBX_NONE', 'SPC_NONE', 'UC_NONE', 'TPC_NONE', 'UC_NONE', 'UC_NONE', 'TPC_NONE', 'TPC_NONE', 'UC_NONE', 'SPC_NONE', 'TPC_NONE', 'TPC_NONE', 'SPC_NONE', 'UC_NONE', 'TPC_NONE', 'SPC_NONE', 'UC_NONE', 'SPC_NONE', 'UC_NONE', 'SPC_NONE', 'SPC_MPOLY', 'UC_NONE', 'SPC_NONE', 'SPC_NONE', 'UC_NONE', 'SPC_NONE', 'TPC_NONE', 'TPC_NONE', 'UC_NONE', 'UC_NONE', 'UC_NONE', 'UC_NONE', 'UC_NONE', 'TPC_NONE', 'TPC_NONE', 'UC_NONE', 'SPC_NONE', 'SPC_NONE', 'SPC_NONE', 'SPC_NONE', 'UC_NONE', 'SPC_NONE', 'UC_NONE', 'SPC_NONE', 'SPC_MPOLY', 'SPC_NONE', 'TPC_NONE', 'TPC_NONE', 'TPC_NONE', 'SPC_NONE', 'SPC_NONE', 'SPC_NONE', 'UC_NONE', 'UC_NONE', 'SPC_NONE', 'SPC_NONE', 'UC_NONE', 'UC_NONE', 'SPC_NONE', 'SPC_NONE', 'SPC_NONE', 'UC_NONE']","{'SBX_MNUF': 1, 'TPC_MNUF': 1, 'TPC_MPOLY': 1, 'UC_NONE': 28, 'UC_MPOLY': 2, 'TPC_NONE': 19, 'SPC_NONE': 30, 'SBX_MPOLY': 2, 'SPC_MPOLY': 4, 'SBX_NONE': 1}"
12,90,SPC,NONE,0.6840478636946753,0.0388372955836986,593186705.92,447451448.190212,2283124.64,1873103.548010667,0.740165130703454,-8.774493596375166e-06,0.0,0.0,GREEDY_HV,"['SPC_MBFLIP', 'SBX_MNUF', 'TPC_MNUF', 'TPC_MPOLY', 'UC_NONE', 'UC_MPOLY', 'TPC_NONE', 'UC_MPOLY', 'SPC_NONE', 'SPC_NONE', 'SBX_MPOLY', 'SPC_NONE', 'TPC_NONE', 'UC_NONE', 'TPC_NONE', 'SPC_NONE', 'TPC_NONE', 'UC_NONE', 'UC_NONE', 'UC_NONE', 'SPC_NONE', 'SPC_MPOLY', 'TPC_NONE', 'SPC_MPOLY', 'SBX_MPOLY', 'SPC_NONE', 'UC_NONE', 'TPC_NONE', 'SBX_NONE', 'SPC_NONE', 'UC_NONE', 'TPC_NONE', 'UC_NONE', 'UC_NONE', 'TPC_NONE', 'TPC_NONE', 'UC_NONE', 'SPC_NONE', 'TPC_NONE', 'TPC_NONE', 'SPC_NONE', 'UC_NONE', 'TPC_NONE', 'SPC_NONE', 'UC_NONE', 'SPC_NONE', 'UC_NONE', 'SPC_NONE', 'SPC_MPOLY', 'UC_NONE', 'SPC_NONE', 'SPC_NONE', 'UC_NONE', 'SPC_NONE', 'TPC_NONE', 'TPC_NONE', 'UC_NONE', 'UC_NONE', 'UC_NONE', 'UC_NONE', 'UC_NONE', 'TPC_NONE', 'TPC_NONE', 'UC_NONE', 'SPC_NONE', 'SPC_NONE', 'SPC_NONE', 'SPC_NONE', 'UC_NONE', 'SPC_NONE', 'UC_NONE', 'SPC_NONE', 'SPC_MPOLY', 'SPC_NONE', 'TPC_NONE', 'TPC_NONE', 'TPC_NONE', 'SPC_NONE', 'SPC_NONE', 'SPC_NONE', 'UC_NONE', 'UC_NONE', 'SPC_NONE', 'SPC_NONE', 'UC_NONE', 'UC_NONE', 'SPC_NONE', 'SPC_NONE', 'SPC_NONE', 'UC_NONE', 'SPC_NONE']","{'SBX_MNUF': 1, 'TPC_MNUF': 1, 'TPC_MPOLY': 1, 'UC_NONE': 28, 'UC_MPOLY': 2, 'TPC_NONE': 19, 'SPC_NONE': 31, 'SBX_MPOLY': 2, 'SPC_MPOLY': 4, 'SBX_NONE': 1}"
12,91,TPC,NONE,0.6826823970418079,0.0384753675209466,578119216.64,452358538.3678411,2147753.12,1817475.3879916016,0.7401601476612949,-4.983042159123485e-06,0.0,0.0,GREEDY_HV,"['SPC_MBFLIP', 'SBX_MNUF', 'TPC_MNUF', 'TPC_MPOLY', 'UC_NONE', 'UC_MPOLY', 'TPC_NONE', 'UC_MPOLY', 'SPC_NONE', 'SPC_NONE', 'SBX_MPOLY', 'SPC_NONE', 'TPC_NONE', 'UC_NONE', 'TPC_NONE', 'SPC_NONE', 'TPC_NONE', 'UC_NONE', 'UC_NONE', 'UC_NONE', 'SPC_NONE', 'SPC_MPOLY', 'TPC_NONE', 'SPC_MPOLY', 'SBX_MPOLY', 'SPC_NONE', 'UC_NONE', 'TPC_NONE', 'SBX_NONE', 'SPC_NONE', 'UC_NONE', 'TPC_NONE', 'UC_NONE', 'UC_NONE', 'TPC_NONE', 'TPC_NONE', 'UC_NONE', 'SPC_NONE', 'TPC_NONE', 'TPC_NONE', 'SPC_NONE', 'UC_NONE', 'TPC_NONE', 'SPC_NONE', 'UC_NONE', 'SPC_NONE', 'UC_NONE', 'SPC_NONE', 'SPC_MPOLY', 'UC_NONE', 'SPC_NONE', 'SPC_NONE', 'UC_NONE', 'SPC_NONE', 'TPC_NONE', 'TPC_NONE', 'UC_NONE', 'UC_NONE', 'UC_NONE', 'UC_NONE', 'UC_NONE', 'TPC_NONE', 'TPC_NONE', 'UC_NONE', 'SPC_NONE', 'SPC_NONE', 'SPC_NONE', 'SPC_NONE', 'UC_NONE', 'SPC_NONE', 'UC_NONE', 'SPC_NONE', 'SPC_MPOLY', 'SPC_NONE', 'TPC_NONE', 'TPC_NONE', 'TPC_NONE', 'SPC_NONE', 'SPC_NONE', 'SPC_NONE', 'UC_NONE', 'UC_NONE', 'SPC_NONE', 'SPC_NONE', 'UC_NONE', 'UC_NONE', 'SPC_NONE', 'SPC_NONE', 'SPC_NONE', 'UC_NONE', 'SPC_NONE', 'TPC_NONE']","{'SBX_MNUF': 1, 'TPC_MNUF': 1, 'TPC_MPOLY': 1, 'UC_NONE': 28, 'UC_MPOLY': 2, 'TPC_NONE': 20, 'SPC_NONE': 31, 'SBX_MPOLY': 2, 'SPC_MPOLY': 4, 'SBX_NONE': 1}"
12,92,SPC,MPOLY,0.6839583234089229,0.0385367701927805,589690104.32,448216228.7977187,2214583.2,1805326.4075091572,0.7401527632885184,-7.384372776475523e-06,0.0,0.0,GREEDY_HV,"['SPC_MBFLIP', 'SBX_MNUF', 'TPC_MNUF', 'TPC_MPOLY', 'UC_NONE', 'UC_MPOLY', 'TPC_NONE', 'UC_MPOLY', 'SPC_NONE', 'SPC_NONE', 'SBX_MPOLY', 'SPC_NONE', 'TPC_NONE', 'UC_NONE', 'TPC_NONE', 'SPC_NONE', 'TPC_NONE', 'UC_NONE', 'UC_NONE', 'UC_NONE', 'SPC_NONE', 'SPC_MPOLY', 'TPC_NONE', 'SPC_MPOLY', 'SBX_MPOLY', 'SPC_NONE', 'UC_NONE', 'TPC_NONE', 'SBX_NONE', 'SPC_NONE', 'UC_NONE', 'TPC_NONE', 'UC_NONE', 'UC_NONE', 'TPC_NONE', 'TPC_NONE', 'UC_NONE', 'SPC_NONE', 'TPC_NONE', 'TPC_NONE', 'SPC_NONE', 'UC_NONE', 'TPC_NONE', 'SPC_NONE', 'UC_NONE', 'SPC_NONE', 'UC_NONE', 'SPC_NONE', 'SPC_MPOLY', 'UC_NONE', 'SPC_NONE', 'SPC_NONE', 'UC_NONE', 'SPC_NONE', 'TPC_NONE', 'TPC_NONE', 'UC_NONE', 'UC_NONE', 'UC_NONE', 'UC_NONE', 'UC_NONE', 'TPC_NONE', 'TPC_NONE', 'UC_NONE', 'SPC_NONE', 'SPC_NONE', 'SPC_NONE', 'SPC_NONE', 'UC_NONE', 'SPC_NONE', 'UC_NONE', 'SPC_NONE', 'SPC_MPOLY', 'SPC_NONE', 'TPC_NONE', 'TPC_NONE', 'TPC_NONE', 'SPC_NONE', 'SPC_NONE', 'SPC_NONE', 'UC_NONE', 'UC_NONE', 'SPC_NONE', 'SPC_NONE', 'UC_NONE', 'UC_NONE', 'SPC_NONE', 'SPC_NONE', 'SPC_NONE', 'UC_NONE', 'SPC_NONE', 'TPC_NONE', 'SPC_MPOLY']","{'SBX_MNUF': 1, 'TPC_MNUF': 1, 'TPC_MPOLY': 1, 'UC_NONE': 28, 'UC_MPOLY': 2, 'TPC_NONE': 20, 'SPC_NONE': 31, 'SBX_MPOLY': 2, 'SPC_MPOLY': 5, 'SBX_NONE': 1}"
12,93,SPC,MPOLY,0.6823887116538208,0.0381790953017302,556027563.52,437685778.1939116,2050423.2,1775680.281869864,0.7401519982102637,-7.650782547496959e-07,0.0,0.01,GREEDY_HV,"['SPC_MBFLIP', 'SBX_MNUF', 'TPC_MNUF', 'TPC_MPOLY', 'UC_NONE', 'UC_MPOLY', 'TPC_NONE', 'UC_MPOLY', 'SPC_NONE', 'SPC_NONE', 'SBX_MPOLY', 'SPC_NONE', 'TPC_NONE', 'UC_NONE', 'TPC_NONE', 'SPC_NONE', 'TPC_NONE', 'UC_NONE', 'UC_NONE', 'UC_NONE', 'SPC_NONE', 'SPC_MPOLY', 'TPC_NONE', 'SPC_MPOLY', 'SBX_MPOLY', 'SPC_NONE', 'UC_NONE', 'TPC_NONE', 'SBX_NONE', 'SPC_NONE', 'UC_NONE', 'TPC_NONE', 'UC_NONE', 'UC_NONE', 'TPC_NONE', 'TPC_NONE', 'UC_NONE', 'SPC_NONE', 'TPC_NONE', 'TPC_NONE', 'SPC_NONE', 'UC_NONE', 'TPC_NONE', 'SPC_NONE', 'UC_NONE', 'SPC_NONE', 'UC_NONE', 'SPC_NONE', 'SPC_MPOLY', 'UC_NONE', 'SPC_NONE', 'SPC_NONE', 'UC_NONE', 'SPC_NONE', 'TPC_NONE', 'TPC_NONE', 'UC_NONE', 'UC_NONE', 'UC_NONE', 'UC_NONE', 'UC_NONE', 'TPC_NONE', 'TPC_NONE', 'UC_NONE', 'SPC_NONE', 'SPC_NONE', 'SPC_NONE', 'SPC_NONE', 'UC_NONE', 'SPC_NONE', 'UC_NONE', 'SPC_NONE', 'SPC_MPOLY', 'SPC_NONE', 'TPC_NONE', 'TPC_NONE', 'TPC_NONE', 'SPC_NONE', 'SPC_NONE', 'SPC_NONE', 'UC_NONE', 'UC_NONE', 'SPC_NONE', 'SPC_NONE', 'UC_NONE', 'UC_NONE', 'SPC_NONE', 'SPC_NONE', 'SPC_NONE', 'UC_NONE', 'SPC_NONE', 'TPC_NONE', 'SPC_MPOLY', 'SPC_MPOLY']","{'SBX_MNUF': 1, 'TPC_MNUF': 1, 'TPC_MPOLY': 1, 'UC_NONE': 28, 'UC_MPOLY': 2, 'TPC_NONE': 20, 'SPC_NONE': 31, 'SBX_MPOLY': 2, 'SPC_MPOLY': 6, 'SBX_NONE': 1}"
12,94,SPC,NONE,0.6833960841389009,0.038701242458393,580060904.96,452363787.4152692,2162731.68,1803689.2698145264,0.7401907516551749,3.875344491122146e-05,0.01,0.0,GREEDY_HV,"['SPC_MBFLIP', 'SBX_MNUF', 'TPC_MNUF', 'TPC_MPOLY', 'UC_NONE', 'UC_MPOLY', 'TPC_NONE', 'UC_MPOLY', 'SPC_NONE', 'SPC_NONE', 'SBX_MPOLY', 'SPC_NONE', 'TPC_NONE', 'UC_NONE', 'TPC_NONE', 'SPC_NONE', 'TPC_NONE', 'UC_NONE', 'UC_NONE', 'UC_NONE', 'SPC_NONE', 'SPC_MPOLY', 'TPC_NONE', 'SPC_MPOLY', 'SBX_MPOLY', 'SPC_NONE', 'UC_NONE', 'TPC_NONE', 'SBX_NONE', 'SPC_NONE', 'UC_NONE', 'TPC_NONE', 'UC_NONE', 'UC_NONE', 'TPC_NONE', 'TPC_NONE', 'UC_NONE', 'SPC_NONE', 'TPC_NONE', 'TPC_NONE', 'SPC_NONE', 'UC_NONE', 'TPC_NONE', 'SPC_NONE', 'UC_NONE', 'SPC_NONE', 'UC_NONE', 'SPC_NONE', 'SPC_MPOLY', 'UC_NONE', 'SPC_NONE', 'SPC_NONE', 'UC_NONE', 'SPC_NONE', 'TPC_NONE', 'TPC_NONE', 'UC_NONE', 'UC_NONE', 'UC_NONE', 'UC_NONE', 'UC_NONE', 'TPC_NONE', 'TPC_NONE', 'UC_NONE', 'SPC_NONE', 'SPC_NONE', 'SPC_NONE', 'SPC_NONE', 'UC_NONE', 'SPC_NONE', 'UC_NONE', 'SPC_NONE', 'SPC_MPOLY', 'SPC_NONE', 'TPC_NONE', 'TPC_NONE', 'TPC_NONE', 'SPC_NONE', 'SPC_NONE', 'SPC_NONE', 'UC_NONE', 'UC_NONE', 'SPC_NONE', 'SPC_NONE', 'UC_NONE', 'UC_NONE', 'SPC_NONE', 'SPC_NONE', 'SPC_NONE', 'UC_NONE', 'SPC_NONE', 'TPC_NONE', 'SPC_MPOLY', 'SPC_MPOLY', 'SPC_NONE']","{'SBX_MNUF': 1, 'TPC_MNUF': 1, 'TPC_MPOLY': 1, 'UC_NONE': 28, 'UC_MPOLY': 2, 'TPC_NONE': 20, 'SPC_NONE': 32, 'SBX_MPOLY': 2, 'SPC_MPOLY': 6, 'SBX_NONE': 1}"
12,95,SPC,MNUF,0.6830474984065618,0.0384665551528355,588857059.84,450697424.6869663,2109769.12,1799633.8343138203,0.7401806050017626,-1.01466534122574e-05,0.0,0.005,GREEDY_HV,"['SPC_MBFLIP', 'SBX_MNUF', 'TPC_MNUF', 'TPC_MPOLY', 'UC_NONE', 'UC_MPOLY', 'TPC_NONE', 'UC_MPOLY', 'SPC_NONE', 'SPC_NONE', 'SBX_MPOLY', 'SPC_NONE', 'TPC_NONE', 'UC_NONE', 'TPC_NONE', 'SPC_NONE', 'TPC_NONE', 'UC_NONE', 'UC_NONE', 'UC_NONE', 'SPC_NONE', 'SPC_MPOLY', 'TPC_NONE', 'SPC_MPOLY', 'SBX_MPOLY', 'SPC_NONE', 'UC_NONE', 'TPC_NONE', 'SBX_NONE', 'SPC_NONE', 'UC_NONE', 'TPC_NONE', 'UC_NONE', 'UC_NONE', 'TPC_NONE', 'TPC_NONE', 'UC_NONE', 'SPC_NONE', 'TPC_NONE', 'TPC_NONE', 'SPC_NONE', 'UC_NONE', 'TPC_NONE', 'SPC_NONE', 'UC_NONE', 'SPC_NONE', 'UC_NONE', 'SPC_NONE', 'SPC_MPOLY', 'UC_NONE', 'SPC_NONE', 'SPC_NONE', 'UC_NONE', 'SPC_NONE', 'TPC_NONE', 'TPC_NONE', 'UC_NONE', 'UC_NONE', 'UC_NONE', 'UC_NONE', 'UC_NONE', 'TPC_NONE', 'TPC_NONE', 'UC_NONE', 'SPC_NONE', 'SPC_NONE', 'SPC_NONE', 'SPC_NONE', 'UC_NONE', 'SPC_NONE', 'UC_NONE', 'SPC_NONE', 'SPC_MPOLY', 'SPC_NONE', 'TPC_NONE', 'TPC_NONE', 'TPC_NONE', 'SPC_NONE', 'SPC_NONE', 'SPC_NONE', 'UC_NONE', 'UC_NONE', 'SPC_NONE', 'SPC_NONE', 'UC_NONE', 'UC_NONE', 'SPC_NONE', 'SPC_NONE', 'SPC_NONE', 'UC_NONE', 'SPC_NONE', 'TPC_NONE', 'SPC_MPOLY', 'SPC_MPOLY', 'SPC_NONE', 'SPC_MNUF']","{'SBX_MNUF': 1, 'TPC_MNUF': 1, 'TPC_MPOLY': 1, 'UC_NONE': 28, 'UC_MPOLY': 2, 'TPC_NONE': 20, 'SPC_NONE': 32, 'SBX_MPOLY': 2, 'SPC_MPOLY': 6, 'SBX_NONE': 1, 'SPC_MNUF': 1}"
12,96,SPC,MNUF,0.6830477793709104,0.0381378391745484,598579735.04,455477084.6249608,2048796.32,1793127.367877758,0.740249729306522,6.912430475936038e-05,0.01,0.005,GREEDY_HV,"['SPC_MBFLIP', 'SBX_MNUF', 'TPC_MNUF', 'TPC_MPOLY', 'UC_NONE', 'UC_MPOLY', 'TPC_NONE', 'UC_MPOLY', 'SPC_NONE', 'SPC_NONE', 'SBX_MPOLY', 'SPC_NONE', 'TPC_NONE', 'UC_NONE', 'TPC_NONE', 'SPC_NONE', 'TPC_NONE', 'UC_NONE', 'UC_NONE', 'UC_NONE', 'SPC_NONE', 'SPC_MPOLY', 'TPC_NONE', 'SPC_MPOLY', 'SBX_MPOLY', 'SPC_NONE', 'UC_NONE', 'TPC_NONE', 'SBX_NONE', 'SPC_NONE', 'UC_NONE', 'TPC_NONE', 'UC_NONE', 'UC_NONE', 'TPC_NONE', 'TPC_NONE', 'UC_NONE', 'SPC_NONE', 'TPC_NONE', 'TPC_NONE', 'SPC_NONE', 'UC_NONE', 'TPC_NONE', 'SPC_NONE', 'UC_NONE', 'SPC_NONE', 'UC_NONE', 'SPC_NONE', 'SPC_MPOLY', 'UC_NONE', 'SPC_NONE', 'SPC_NONE', 'UC_NONE', 'SPC_NONE', 'TPC_NONE', 'TPC_NONE', 'UC_NONE', 'UC_NONE', 'UC_NONE', 'UC_NONE', 'UC_NONE', 'TPC_NONE', 'TPC_NONE', 'UC_NONE', 'SPC_NONE', 'SPC_NONE', 'SPC_NONE', 'SPC_NONE', 'UC_NONE', 'SPC_NONE', 'UC_NONE', 'SPC_NONE', 'SPC_MPOLY', 'SPC_NONE', 'TPC_NONE', 'TPC_NONE', 'TPC_NONE', 'SPC_NONE', 'SPC_NONE', 'SPC_NONE', 'UC_NONE', 'UC_NONE', 'SPC_NONE', 'SPC_NONE', 'UC_NONE', 'UC_NONE', 'SPC_NONE', 'SPC_NONE', 'SPC_NONE', 'UC_NONE', 'SPC_NONE', 'TPC_NONE', 'SPC_MPOLY', 'SPC_MPOLY', 'SPC_NONE', 'SPC_MNUF', 'SPC_MNUF']","{'SBX_MNUF': 1, 'TPC_MNUF': 1, 'TPC_MPOLY': 1, 'UC_NONE': 28, 'UC_MPOLY': 2, 'TPC_NONE': 20, 'SPC_NONE': 32, 'SBX_MPOLY': 2, 'SPC_MPOLY': 6, 'SBX_NONE': 1, 'SPC_MNUF': 2}"
12,97,TPC,MNUF,0.6836076953934012,0.0380050616549026,581596426.24,450721671.1541559,2130023.84,1778716.978596869,0.7402521372707683,2.4079642463314954e-06,0.0,0.005,GREEDY_HV,"['SPC_MBFLIP', 'SBX_MNUF', 'TPC_MNUF', 'TPC_MPOLY', 'UC_NONE', 'UC_MPOLY', 'TPC_NONE', 'UC_MPOLY', 'SPC_NONE', 'SPC_NONE', 'SBX_MPOLY', 'SPC_NONE', 'TPC_NONE', 'UC_NONE', 'TPC_NONE', 'SPC_NONE', 'TPC_NONE', 'UC_NONE', 'UC_NONE', 'UC_NONE', 'SPC_NONE', 'SPC_MPOLY', 'TPC_NONE', 'SPC_MPOLY', 'SBX_MPOLY', 'SPC_NONE', 'UC_NONE', 'TPC_NONE', 'SBX_NONE', 'SPC_NONE', 'UC_NONE', 'TPC_NONE', 'UC_NONE', 'UC_NONE', 'TPC_NONE', 'TPC_NONE', 'UC_NONE', 'SPC_NONE', 'TPC_NONE', 'TPC_NONE', 'SPC_NONE', 'UC_NONE', 'TPC_NONE', 'SPC_NONE', 'UC_NONE', 'SPC_NONE', 'UC_NONE', 'SPC_NONE', 'SPC_MPOLY', 'UC_NONE', 'SPC_NONE', 'SPC_NONE', 'UC_NONE', 'SPC_NONE', 'TPC_NONE', 'TPC_NONE', 'UC_NONE', 'UC_NONE', 'UC_NONE', 'UC_NONE', 'UC_NONE', 'TPC_NONE', 'TPC_NONE', 'UC_NONE', 'SPC_NONE', 'SPC_NONE', 'SPC_NONE', 'SPC_NONE', 'UC_NONE', 'SPC_NONE', 'UC_NONE', 'SPC_NONE', 'SPC_MPOLY', 'SPC_NONE', 'TPC_NONE', 'TPC_NONE', 'TPC_NONE', 'SPC_NONE', 'SPC_NONE', 'SPC_NONE', 'UC_NONE', 'UC_NONE', 'SPC_NONE', 'SPC_NONE', 'UC_NONE', 'UC_NONE', 'SPC_NONE', 'SPC_NONE', 'SPC_NONE', 'UC_NONE', 'SPC_NONE', 'TPC_NONE', 'SPC_MPOLY', 'SPC_MPOLY', 'SPC_NONE', 'SPC_MNUF', 'SPC_MNUF', 'TPC_MNUF']","{'SBX_MNUF': 1, 'TPC_MNUF': 2, 'TPC_MPOLY': 1, 'UC_NONE': 28, 'UC_MPOLY': 2, 'TPC_NONE': 20, 'SPC_NONE': 32, 'SBX_MPOLY': 2, 'SPC_MPOLY': 6, 'SBX_NONE': 1, 'SPC_MNUF': 2}"
12,98,TPC,MNUF,0.6838551255933757,0.0382315277719916,588639313.92,449158521.6391233,2156773.28,1824638.1286664277,0.7402161760006978,-3.596127007055028e-05,0.01,0.0,GREEDY_HV,"['SPC_MBFLIP', 'SBX_MNUF', 'TPC_MNUF', 'TPC_MPOLY', 'UC_NONE', 'UC_MPOLY', 'TPC_NONE', 'UC_MPOLY', 'SPC_NONE', 'SPC_NONE', 'SBX_MPOLY', 'SPC_NONE', 'TPC_NONE', 'UC_NONE', 'TPC_NONE', 'SPC_NONE', 'TPC_NONE', 'UC_NONE', 'UC_NONE', 'UC_NONE', 'SPC_NONE', 'SPC_MPOLY', 'TPC_NONE', 'SPC_MPOLY', 'SBX_MPOLY', 'SPC_NONE', 'UC_NONE', 'TPC_NONE', 'SBX_NONE', 'SPC_NONE', 'UC_NONE', 'TPC_NONE', 'UC_NONE', 'UC_NONE', 'TPC_NONE', 'TPC_NONE', 'UC_NONE', 'SPC_NONE', 'TPC_NONE', 'TPC_NONE', 'SPC_NONE', 'UC_NONE', 'TPC_NONE', 'SPC_NONE', 'UC_NONE', 'SPC_NONE', 'UC_NONE', 'SPC_NONE', 'SPC_MPOLY', 'UC_NONE', 'SPC_NONE', 'SPC_NONE', 'UC_NONE', 'SPC_NONE', 'TPC_NONE', 'TPC_NONE', 'UC_NONE', 'UC_NONE', 'UC_NONE', 'UC_NONE', 'UC_NONE', 'TPC_NONE', 'TPC_NONE', 'UC_NONE', 'SPC_NONE', 'SPC_NONE', 'SPC_NONE', 'SPC_NONE', 'UC_NONE', 'SPC_NONE', 'UC_NONE', 'SPC_NONE', 'SPC_MPOLY', 'SPC_NONE', 'TPC_NONE', 'TPC_NONE', 'TPC_NONE', 'SPC_NONE', 'SPC_NONE', 'SPC_NONE', 'UC_NONE', 'UC_NONE', 'SPC_NONE', 'SPC_NONE', 'UC_NONE', 'UC_NONE', 'SPC_NONE', 'SPC_NONE', 'SPC_NONE', 'UC_NONE', 'SPC_NONE', 'TPC_NONE', 'SPC_MPOLY', 'SPC_MPOLY', 'SPC_NONE', 'SPC_MNUF', 'SPC_MNUF', 'TPC_MNUF', 'TPC_MNUF']","{'SBX_MNUF': 1, 'TPC_MNUF': 3, 'TPC_MPOLY': 1, 'UC_NONE': 28, 'UC_MPOLY': 2, 'TPC_NONE': 20, 'SPC_NONE': 32, 'SBX_MPOLY': 2, 'SPC_MPOLY': 6, 'SBX_NONE': 1, 'SPC_MNUF': 2}"
12,99,SPC,MNUF,0.6832639592055417,0.0385279173631527,589723432.96,449701768.3163236,2088756.64,1824488.2246267945,0.7402269107982649,1.073479756708018e-05,0.0,0.0,GREEDY_HV,"['SPC_MBFLIP', 'SBX_MNUF', 'TPC_MNUF', 'TPC_MPOLY', 'UC_NONE', 'UC_MPOLY', 'TPC_NONE', 'UC_MPOLY', 'SPC_NONE', 'SPC_NONE', 'SBX_MPOLY', 'SPC_NONE', 'TPC_NONE', 'UC_NONE', 'TPC_NONE', 'SPC_NONE', 'TPC_NONE', 'UC_NONE', 'UC_NONE', 'UC_NONE', 'SPC_NONE', 'SPC_MPOLY', 'TPC_NONE', 'SPC_MPOLY', 'SBX_MPOLY', 'SPC_NONE', 'UC_NONE', 'TPC_NONE', 'SBX_NONE', 'SPC_NONE', 'UC_NONE', 'TPC_NONE', 'UC_NONE', 'UC_NONE', 'TPC_NONE', 'TPC_NONE', 'UC_NONE', 'SPC_NONE', 'TPC_NONE', 'TPC_NONE', 'SPC_NONE', 'UC_NONE', 'TPC_NONE', 'SPC_NONE', 'UC_NONE', 'SPC_NONE', 'UC_NONE', 'SPC_NONE', 'SPC_MPOLY', 'UC_NONE', 'SPC_NONE', 'SPC_NONE', 'UC_NONE', 'SPC_NONE', 'TPC_NONE', 'TPC_NONE', 'UC_NONE', 'UC_NONE', 'UC_NONE', 'UC_NONE', 'UC_NONE', 'TPC_NONE', 'TPC_NONE', 'UC_NONE', 'SPC_NONE', 'SPC_NONE', 'SPC_NONE', 'SPC_NONE', 'UC_NONE', 'SPC_NONE', 'UC_NONE', 'SPC_NONE', 'SPC_MPOLY', 'SPC_NONE', 'TPC_NONE', 'TPC_NONE', 'TPC_NONE', 'SPC_NONE', 'SPC_NONE', 'SPC_NONE', 'UC_NONE', 'UC_NONE', 'SPC_NONE', 'SPC_NONE', 'UC_NONE', 'UC_NONE', 'SPC_NONE', 'SPC_NONE', 'SPC_NONE', 'UC_NONE', 'SPC_NONE', 'TPC_NONE', 'SPC_MPOLY', 'SPC_MPOLY', 'SPC_NONE', 'SPC_MNUF', 'SPC_MNUF', 'TPC_MNUF', 'TPC_MNUF', 'SPC_MNUF']","{'SBX_MNUF': 1, 'TPC_MNUF': 3, 'TPC_MPOLY': 1, 'UC_NONE': 28, 'UC_MPOLY': 2, 'TPC_NONE': 20, 'SPC_NONE': 32, 'SBX_MPOLY': 2, 'SPC_MPOLY': 6, 'SBX_NONE': 1, 'SPC_MNUF': 3}"
12,100,TPC,MNUF,0.6831791879200898,0.0381861384783824,572190822.4,445725215.3116474,2132491.68,1848962.1923205832,0.7402598347678137,3.292396954879262e-05,0.0,0.0,GREEDY_HV,"['SPC_MBFLIP', 'SBX_MNUF', 'TPC_MNUF', 'TPC_MPOLY', 'UC_NONE', 'UC_MPOLY', 'TPC_NONE', 'UC_MPOLY', 'SPC_NONE', 'SPC_NONE', 'SBX_MPOLY', 'SPC_NONE', 'TPC_NONE', 'UC_NONE', 'TPC_NONE', 'SPC_NONE', 'TPC_NONE', 'UC_NONE', 'UC_NONE', 'UC_NONE', 'SPC_NONE', 'SPC_MPOLY', 'TPC_NONE', 'SPC_MPOLY', 'SBX_MPOLY', 'SPC_NONE', 'UC_NONE', 'TPC_NONE', 'SBX_NONE', 'SPC_NONE', 'UC_NONE', 'TPC_NONE', 'UC_NONE', 'UC_NONE', 'TPC_NONE', 'TPC_NONE', 'UC_NONE', 'SPC_NONE', 'TPC_NONE', 'TPC_NONE', 'SPC_NONE', 'UC_NONE', 'TPC_NONE', 'SPC_NONE', 'UC_NONE', 'SPC_NONE', 'UC_NONE', 'SPC_NONE', 'SPC_MPOLY', 'UC_NONE', 'SPC_NONE', 'SPC_NONE', 'UC_NONE', 'SPC_NONE', 'TPC_NONE', 'TPC_NONE', 'UC_NONE', 'UC_NONE', 'UC_NONE', 'UC_NONE', 'UC_NONE', 'TPC_NONE', 'TPC_NONE', 'UC_NONE', 'SPC_NONE', 'SPC_NONE', 'SPC_NONE', 'SPC_NONE', 'UC_NONE', 'SPC_NONE', 'UC_NONE', 'SPC_NONE', 'SPC_MPOLY', 'SPC_NONE', 'TPC_NONE', 'TPC_NONE', 'TPC_NONE', 'SPC_NONE', 'SPC_NONE', 'SPC_NONE', 'UC_NONE', 'UC_NONE', 'SPC_NONE', 'SPC_NONE', 'UC_NONE', 'UC_NONE', 'SPC_NONE', 'SPC_NONE', 'SPC_NONE', 'UC_NONE', 'SPC_NONE', 'TPC_NONE', 'SPC_MPOLY', 'SPC_MPOLY', 'SPC_NONE', 'SPC_MNUF', 'SPC_MNUF', 'TPC_MNUF', 'TPC_MNUF', 'SPC_MNUF', 'TPC_MNUF']","{'SBX_MNUF': 1, 'TPC_MNUF': 4, 'TPC_MPOLY': 1, 'UC_NONE': 28, 'UC_MPOLY': 2, 'TPC_NONE': 20, 'SPC_NONE': 32, 'SBX_MPOLY': 2, 'SPC_MPOLY': 6, 'SBX_NONE': 1, 'SPC_MNUF': 3}"
13,1,SBX,MPOLY,0.6565846550486444,0.0212594731336072,1330826508.8,915120716.2959276,2835640.48,1447619.78982497,0.6879521088970721,0.0,0.18,0.165,GREEDY_HV,"['SPC_MBFLIP', 'SBX_MPOLY']",{'SBX_MPOLY': 1}
13,2,SBX,MPOLY,0.6605994060136144,0.0270331182675713,1180329594.88,807543195.7380751,2716985.76,1582655.9028501243,0.7038410305360252,0.015888921638953,0.08,0.175,GREEDY_HV,"['SPC_MBFLIP', 'SBX_MPOLY', 'SBX_MPOLY']",{'SBX_MPOLY': 2}
13,3,SPC,MPOLY,0.6690737466883949,0.0219343612926707,1055063732.48,745646237.9309233,2592930.72,1531735.2194181744,0.7093118868151611,0.0054708562791359,0.17,0.085,GREEDY_HV,"['SPC_MBFLIP', 'SBX_MPOLY', 'SBX_MPOLY', 'SPC_MPOLY']","{'SBX_MPOLY': 2, 'SPC_MPOLY': 1}"
13,4,SPC,MPOLY,0.6715381918598142,0.0207414479011119,886900042.24,714995396.1655502,2478930.08,1531802.2732555508,0.7154906794059597,0.0061787925907985,0.13,0.07,GREEDY_HV,"['SPC_MBFLIP', 'SBX_MPOLY', 'SBX_MPOLY', 'SPC_MPOLY', 'SPC_MPOLY']","{'SBX_MPOLY': 2, 'SPC_MPOLY': 2}"
13,5,UC,MPOLY,0.6722510069174917,0.0234830891509709,810439392.0,691342960.4620733,2429470.88,1599121.864872401,0.7180572512679921,0.0025665718620324,0.09,0.04,GREEDY_HV,"['SPC_MBFLIP', 'SBX_MPOLY', 'SBX_MPOLY', 'SPC_MPOLY', 'SPC_MPOLY', 'UC_MPOLY']","{'SBX_MPOLY': 2, 'SPC_MPOLY': 2, 'UC_MPOLY': 1}"
13,6,TPC,NONE,0.6743037350888241,0.0297290550939969,859008683.52,744574717.6830254,2626491.04,1895441.6322793055,0.7204721938914433,0.0024149426234512,0.14,0.0,GREEDY_HV,"['SPC_MBFLIP', 'SBX_MPOLY', 'SBX_MPOLY', 'SPC_MPOLY', 'SPC_MPOLY', 'UC_MPOLY', 'TPC_NONE']","{'SBX_MPOLY': 2, 'SPC_MPOLY': 2, 'UC_MPOLY': 1, 'TPC_NONE': 1}"
13,7,UC,NONE,0.6822342024168894,0.0237917111902137,801455226.88,715052420.1732002,2661428.64,1952126.810026416,0.7242455334440144,0.003773339552571,0.04,0.0,GREEDY_HV,"['SPC_MBFLIP', 'SBX_MPOLY', 'SBX_MPOLY', 'SPC_MPOLY', 'SPC_MPOLY', 'UC_MPOLY', 'TPC_NONE', 'UC_NONE']","{'SBX_MPOLY': 2, 'SPC_MPOLY': 2, 'UC_MPOLY': 1, 'TPC_NONE': 1, 'UC_NONE': 1}"
13,8,SPC,NONE,0.6824904894660055,0.0242124310774179,695084174.08,607995445.456132,2534572.96,1852232.8708378435,0.7259050326252345,0.0016594991812201,0.04,0.0,GREEDY_HV,"['SPC_MBFLIP', 'SBX_MPOLY', 'SBX_MPOLY', 'SPC_MPOLY', 'SPC_MPOLY', 'UC_MPOLY', 'TPC_NONE', 'UC_NONE', 'SPC_NONE']","{'SBX_MPOLY': 2, 'SPC_MPOLY': 2, 'UC_MPOLY': 1, 'TPC_NONE': 1, 'UC_NONE': 1, 'SPC_NONE': 1}"
13,9,SPC,NONE,0.6836027985292978,0.024756373367954,675957876.48,557426209.6923348,2679856.8,1982747.6323135828,0.7283308566006268,0.0024258239753922,0.06,0.0,GREEDY_HV,"['SPC_MBFLIP', 'SBX_MPOLY', 'SBX_MPOLY', 'SPC_MPOLY', 'SPC_MPOLY', 'UC_MPOLY', 'TPC_NONE', 'UC_NONE', 'SPC_NONE', 'SPC_NONE']","{'SBX_MPOLY': 2, 'SPC_MPOLY': 2, 'UC_MPOLY': 1, 'TPC_NONE': 1, 'UC_NONE': 1, 'SPC_NONE': 2}"
13,10,TPC,NONE,0.685708972563465,0.0265287679761337,703740001.28,542943970.1701378,2857551.52,1968690.3267612427,0.7291894552970771,0.0008585986964503,0.04,0.0,GREEDY_HV,"['SPC_MBFLIP', 'SBX_MPOLY', 'SBX_MPOLY', 'SPC_MPOLY', 'SPC_MPOLY', 'UC_MPOLY', 'TPC_NONE', 'UC_NONE', 'SPC_NONE', 'SPC_NONE', 'TPC_NONE']","{'SBX_MPOLY': 2, 'SPC_MPOLY': 2, 'UC_MPOLY': 1, 'TPC_NONE': 2, 'UC_NONE': 1, 'SPC_NONE': 2}"
13,11,UC,NONE,0.6864531096322126,0.0265646637530325,688004887.04,475729685.3237501,2804797.6,1908103.0616680223,0.7317273893930101,0.0025379340959329,0.05,0.0,GREEDY_HV,"['SPC_MBFLIP', 'SBX_MPOLY', 'SBX_MPOLY', 'SPC_MPOLY', 'SPC_MPOLY', 'UC_MPOLY', 'TPC_NONE', 'UC_NONE', 'SPC_NONE', 'SPC_NONE', 'TPC_NONE', 'UC_NONE']","{'SBX_MPOLY': 2, 'SPC_MPOLY': 2, 'UC_MPOLY': 1, 'TPC_NONE': 2, 'UC_NONE': 2, 'SPC_NONE': 2}"
13,12,TPC,NONE,0.6883133337782082,0.0252289111556952,643302430.72,451252049.7140018,2696807.84,1796725.8727207931,0.7329319393513689,0.0012045499583588,0.05,0.0,GREEDY_HV,"['SPC_MBFLIP', 'SBX_MPOLY', 'SBX_MPOLY', 'SPC_MPOLY', 'SPC_MPOLY', 'UC_MPOLY', 'TPC_NONE', 'UC_NONE', 'SPC_NONE', 'SPC_NONE', 'TPC_NONE', 'UC_NONE', 'TPC_NONE']","{'SBX_MPOLY': 2, 'SPC_MPOLY': 2, 'UC_MPOLY': 1, 'TPC_NONE': 3, 'UC_NONE': 2, 'SPC_NONE': 2}"
13,13,UC,NONE,0.6904887599389579,0.0250615384490525,701831045.12,499516866.9958898,2817372.32,1820765.6599819467,0.7333744457244701,0.0004425063731011,0.01,0.0,GREEDY_HV,"['SPC_MBFLIP', 'SBX_MPOLY', 'SBX_MPOLY', 'SPC_MPOLY', 'SPC_MPOLY', 'UC_MPOLY', 'TPC_NONE', 'UC_NONE', 'SPC_NONE', 'SPC_NONE', 'TPC_NONE', 'UC_NONE', 'TPC_NONE', 'UC_NONE']","{'SBX_MPOLY': 2, 'SPC_MPOLY': 2, 'UC_MPOLY': 1, 'TPC_NONE': 3, 'UC_NONE': 3, 'SPC_NONE': 2}"
13,14,UC,MPOLY,0.6904282445105632,0.0241660527347762,695381853.44,501994217.3325319,2788933.28,1806377.507334445,0.7336907334580058,0.0003162877335357,0.05,0.0,GREEDY_HV,"['SPC_MBFLIP', 'SBX_MPOLY', 'SBX_MPOLY', 'SPC_MPOLY', 'SPC_MPOLY', 'UC_MPOLY', 'TPC_NONE', 'UC_NONE', 'SPC_NONE', 'SPC_NONE', 'TPC_NONE', 'UC_NONE', 'TPC_NONE', 'UC_NONE', 'UC_MPOLY']","{'SBX_MPOLY': 2, 'SPC_MPOLY': 2, 'UC_MPOLY': 2, 'TPC_NONE': 3, 'UC_NONE': 3, 'SPC_NONE': 2}"
13,15,UC,NONE,0.6899396668576878,0.0260825412799463,678382822.4,524368339.8020246,2587413.92,1719404.794260756,0.7340594811214816,0.0003687476634757,0.04,0.0,GREEDY_HV,"['SPC_MBFLIP', 'SBX_MPOLY', 'SBX_MPOLY', 'SPC_MPOLY', 'SPC_MPOLY', 'UC_MPOLY', 'TPC_NONE', 'UC_NONE', 'SPC_NONE', 'SPC_NONE', 'TPC_NONE', 'UC_NONE', 'TPC_NONE', 'UC_NONE', 'UC_MPOLY', 'UC_NONE']","{'SBX_MPOLY': 2, 'SPC_MPOLY': 2, 'UC_MPOLY': 2, 'TPC_NONE': 3, 'UC_NONE': 4, 'SPC_NONE': 2}"
13,16,TPC,MPOLY,0.6877794414136363,0.0294685748392988,672903663.36,528733688.03133446,2500398.24,1764326.2863992765,0.7344875743198628,0.0004280931983812,0.01,0.01,GREEDY_HV,"['SPC_MBFLIP', 'SBX_MPOLY', 'SBX_MPOLY', 'SPC_MPOLY', 'SPC_MPOLY', 'UC_MPOLY', 'TPC_NONE', 'UC_NONE', 'SPC_NONE', 'SPC_NONE', 'TPC_NONE', 'UC_NONE', 'TPC_NONE', 'UC_NONE', 'UC_MPOLY', 'UC_NONE', 'TPC_MPOLY']","{'SBX_MPOLY': 2, 'SPC_MPOLY': 2, 'UC_MPOLY': 2, 'TPC_NONE': 3, 'UC_NONE': 4, 'SPC_NONE': 2, 'TPC_MPOLY': 1}"
13,17,TPC,NONE,0.6864304692480491,0.0318321353881687,639465561.6,524931076.4688447,2332786.08,1733445.711138873,0.7347023021645053,0.0002147278446424,0.02,0.0,GREEDY_HV,"['SPC_MBFLIP', 'SBX_MPOLY', 'SBX_MPOLY', 'SPC_MPOLY', 'SPC_MPOLY', 'UC_MPOLY', 'TPC_NONE', 'UC_NONE', 'SPC_NONE', 'SPC_NONE', 'TPC_NONE', 'UC_NONE', 'TPC_NONE', 'UC_NONE', 'UC_MPOLY', 'UC_NONE', 'TPC_MPOLY', 'TPC_NONE']","{'SBX_MPOLY': 2, 'SPC_MPOLY': 2, 'UC_MPOLY': 2, 'TPC_NONE': 4, 'UC_NONE': 4, 'SPC_NONE': 2, 'TPC_MPOLY': 1}"
13,18,UC,NONE,0.6860727400723629,0.0327943096849136,658449671.68,559387903.2217983,2458297.76,1863170.03651925,0.7348303955239454,0.00012809335944,0.01,0.0,GREEDY_HV,"['SPC_MBFLIP', 'SBX_MPOLY', 'SBX_MPOLY', 'SPC_MPOLY', 'SPC_MPOLY', 'UC_MPOLY', 'TPC_NONE', 'UC_NONE', 'SPC_NONE', 'SPC_NONE', 'TPC_NONE', 'UC_NONE', 'TPC_NONE', 'UC_NONE', 'UC_MPOLY', 'UC_NONE', 'TPC_MPOLY', 'TPC_NONE', 'UC_NONE']","{'SBX_MPOLY': 2, 'SPC_MPOLY': 2, 'UC_MPOLY': 2, 'TPC_NONE': 4, 'UC_NONE': 5, 'SPC_NONE': 2, 'TPC_MPOLY': 1}"
13,19,UC,NONE,0.6885397902519916,0.0302492141478862,682317064.96,576694063.8470963,2517440.16,1880416.4737635255,0.734989295603493,0.0001589000795476,0.01,0.0,GREEDY_HV,"['SPC_MBFLIP', 'SBX_MPOLY', 'SBX_MPOLY', 'SPC_MPOLY', 'SPC_MPOLY', 'UC_MPOLY', 'TPC_NONE', 'UC_NONE', 'SPC_NONE', 'SPC_NONE', 'TPC_NONE', 'UC_NONE', 'TPC_NONE', 'UC_NONE', 'UC_MPOLY', 'UC_NONE', 'TPC_MPOLY', 'TPC_NONE', 'UC_NONE', 'UC_NONE']","{'SBX_MPOLY': 2, 'SPC_MPOLY': 2, 'UC_MPOLY': 2, 'TPC_NONE': 4, 'UC_NONE': 6, 'SPC_NONE': 2, 'TPC_MPOLY': 1}"
13,20,UC,NONE,0.6890064324594202,0.0320480538941962,710320944.64,579172592.6047204,2530767.52,1850842.0093889188,0.7350236743614335,3.437875794043421e-05,0.0,0.0,GREEDY_HV,"['SPC_MBFLIP', 'SBX_MPOLY', 'SBX_MPOLY', 'SPC_MPOLY', 'SPC_MPOLY', 'UC_MPOLY', 'TPC_NONE', 'UC_NONE', 'SPC_NONE', 'SPC_NONE', 'TPC_NONE', 'UC_NONE', 'TPC_NONE', 'UC_NONE', 'UC_MPOLY', 'UC_NONE', 'TPC_MPOLY', 'TPC_NONE', 'UC_NONE', 'UC_NONE', 'UC_NONE']","{'SBX_MPOLY': 2, 'SPC_MPOLY': 2, 'UC_MPOLY': 2, 'TPC_NONE': 4, 'UC_NONE': 7, 'SPC_NONE': 2, 'TPC_MPOLY': 1}"
13,21,SBX,MPOLY,0.691051170752383,0.0274906319305186,711176692.48,578354791.3584083,2545770.4,1842613.4908081407,0.7353993138081141,0.0003756394466806,0.0,0.025,GREEDY_HV,"['SPC_MBFLIP', 'SBX_MPOLY', 'SBX_MPOLY', 'SPC_MPOLY', 'SPC_MPOLY', 'UC_MPOLY', 'TPC_NONE', 'UC_NONE', 'SPC_NONE', 'SPC_NONE', 'TPC_NONE', 'UC_NONE', 'TPC_NONE', 'UC_NONE', 'UC_MPOLY', 'UC_NONE', 'TPC_MPOLY', 'TPC_NONE', 'UC_NONE', 'UC_NONE', 'UC_NONE', 'SBX_MPOLY']","{'SBX_MPOLY': 3, 'SPC_MPOLY': 2, 'UC_MPOLY': 2, 'TPC_NONE': 4, 'UC_NONE': 7, 'SPC_NONE': 2, 'TPC_MPOLY': 1}"
13,22,UC,NONE,0.6872750209831657,0.029906638901144,590439690.24,470665742.412817,2075586.72,1389884.9149142534,0.7359372657210592,0.0005379519129451,0.02,0.0,GREEDY_HV,"['SPC_MBFLIP', 'SBX_MPOLY', 'SBX_MPOLY', 'SPC_MPOLY', 'SPC_MPOLY', 'UC_MPOLY', 'TPC_NONE', 'UC_NONE', 'SPC_NONE', 'SPC_NONE', 'TPC_NONE', 'UC_NONE', 'TPC_NONE', 'UC_NONE', 'UC_MPOLY', 'UC_NONE', 'TPC_MPOLY', 'TPC_NONE', 'UC_NONE', 'UC_NONE', 'UC_NONE', 'SBX_MPOLY', 'UC_NONE']","{'SBX_MPOLY': 3, 'SPC_MPOLY': 2, 'UC_MPOLY': 2, 'TPC_NONE': 4, 'UC_NONE': 8, 'SPC_NONE': 2, 'TPC_MPOLY': 1}"
13,23,UC,NONE,0.6895660285717747,0.0273234047697621,621919358.72,480186338.051667,2197612.96,1474892.6028505936,0.7360963044356363,0.0001590387145771,0.03,0.0,GREEDY_HV,"['SPC_MBFLIP', 'SBX_MPOLY', 'SBX_MPOLY', 'SPC_MPOLY', 'SPC_MPOLY', 'UC_MPOLY', 'TPC_NONE', 'UC_NONE', 'SPC_NONE', 'SPC_NONE', 'TPC_NONE', 'UC_NONE', 'TPC_NONE', 'UC_NONE', 'UC_MPOLY', 'UC_NONE', 'TPC_MPOLY', 'TPC_NONE', 'UC_NONE', 'UC_NONE', 'UC_NONE', 'SBX_MPOLY', 'UC_NONE', 'UC_NONE']","{'SBX_MPOLY': 3, 'SPC_MPOLY': 2, 'UC_MPOLY': 2, 'TPC_NONE': 4, 'UC_NONE': 9, 'SPC_NONE': 2, 'TPC_MPOLY': 1}"
13,24,TPC,NONE,0.6905390396876043,0.0284012120090065,637164665.6,480441061.2846578,2253266.08,1485682.7646197395,0.7362185455580161,0.0001222411223797,0.01,0.0,GREEDY_HV,"['SPC_MBFLIP', 'SBX_MPOLY', 'SBX_MPOLY', 'SPC_MPOLY', 'SPC_MPOLY', 'UC_MPOLY', 'TPC_NONE', 'UC_NONE', 'SPC_NONE', 'SPC_NONE', 'TPC_NONE', 'UC_NONE', 'TPC_NONE', 'UC_NONE', 'UC_MPOLY', 'UC_NONE', 'TPC_MPOLY', 'TPC_NONE', 'UC_NONE', 'UC_NONE', 'UC_NONE', 'SBX_MPOLY', 'UC_NONE', 'UC_NONE', 'TPC_NONE']","{'SBX_MPOLY': 3, 'SPC_MPOLY': 2, 'UC_MPOLY': 2, 'TPC_NONE': 5, 'UC_NONE': 9, 'SPC_NONE': 2, 'TPC_MPOLY': 1}"
13,25,UC,NONE,0.6896834237997198,0.0295344150616991,627919728.64,485156803.746294,2245991.84,1503484.521182967,0.7364298680284359,0.0002113224704197,0.02,0.0,GREEDY_HV,"['SPC_MBFLIP', 'SBX_MPOLY', 'SBX_MPOLY', 'SPC_MPOLY', 'SPC_MPOLY', 'UC_MPOLY', 'TPC_NONE', 'UC_NONE', 'SPC_NONE', 'SPC_NONE', 'TPC_NONE', 'UC_NONE', 'TPC_NONE', 'UC_NONE', 'UC_MPOLY', 'UC_NONE', 'TPC_MPOLY', 'TPC_NONE', 'UC_NONE', 'UC_NONE', 'UC_NONE', 'SBX_MPOLY', 'UC_NONE', 'UC_NONE', 'TPC_NONE', 'UC_NONE']","{'SBX_MPOLY': 3, 'SPC_MPOLY': 2, 'UC_MPOLY': 2, 'TPC_NONE': 5, 'UC_NONE': 10, 'SPC_NONE': 2, 'TPC_MPOLY': 1}"
13,26,TPC,NONE,0.6868427502782274,0.0327507800078845,640240052.48,494318086.5014041,2180391.84,1559504.1810612418,0.7364920728059519,6.220477751595066e-05,0.0,0.0,GREEDY_HV,"['SPC_MBFLIP', 'SBX_MPOLY', 'SBX_MPOLY', 'SPC_MPOLY', 'SPC_MPOLY', 'UC_MPOLY', 'TPC_NONE', 'UC_NONE', 'SPC_NONE', 'SPC_NONE', 'TPC_NONE', 'UC_NONE', 'TPC_NONE', 'UC_NONE', 'UC_MPOLY', 'UC_NONE', 'TPC_MPOLY', 'TPC_NONE', 'UC_NONE', 'UC_NONE', 'UC_NONE', 'SBX_MPOLY', 'UC_NONE', 'UC_NONE', 'TPC_NONE', 'UC_NONE', 'TPC_NONE']","{'SBX_MPOLY': 3, 'SPC_MPOLY': 2, 'UC_MPOLY': 2, 'TPC_NONE': 6, 'UC_NONE': 10, 'SPC_NONE': 2, 'TPC_MPOLY': 1}"
13,27,UC,MPOLY,0.69075123754684,0.0256867525228849,648744135.68,489417033.76942587,2234634.4,1531647.6810161795,0.7365977650640189,0.000105692258067,0.0,0.025,GREEDY_HV,"['SPC_MBFLIP', 'SBX_MPOLY', 'SBX_MPOLY', 'SPC_MPOLY', 'SPC_MPOLY', 'UC_MPOLY', 'TPC_NONE', 'UC_NONE', 'SPC_NONE', 'SPC_NONE', 'TPC_NONE', 'UC_NONE', 'TPC_NONE', 'UC_NONE', 'UC_MPOLY', 'UC_NONE', 'TPC_MPOLY', 'TPC_NONE', 'UC_NONE', 'UC_NONE', 'UC_NONE', 'SBX_MPOLY', 'UC_NONE', 'UC_NONE', 'TPC_NONE', 'UC_NONE', 'TPC_NONE', 'UC_MPOLY']","{'SBX_MPOLY': 3, 'SPC_MPOLY': 2, 'UC_MPOLY': 3, 'TPC_NONE': 6, 'UC_NONE': 10, 'SPC_NONE': 2, 'TPC_MPOLY': 1}"
13,28,UC,NONE,0.6884169279485599,0.0274238318949057,604496647.68,472316291.29576296,2061652.64,1447754.8188516146,0.7366829883718581,8.522330783922172e-05,0.0,0.0,GREEDY_HV,"['SPC_MBFLIP', 'SBX_MPOLY', 'SBX_MPOLY', 'SPC_MPOLY', 'SPC_MPOLY', 'UC_MPOLY', 'TPC_NONE', 'UC_NONE', 'SPC_NONE', 'SPC_NONE', 'TPC_NONE', 'UC_NONE', 'TPC_NONE', 'UC_NONE', 'UC_MPOLY', 'UC_NONE', 'TPC_MPOLY', 'TPC_NONE', 'UC_NONE', 'UC_NONE', 'UC_NONE', 'SBX_MPOLY', 'UC_NONE', 'UC_NONE', 'TPC_NONE', 'UC_NONE', 'TPC_NONE', 'UC_MPOLY', 'UC_NONE']","{'SBX_MPOLY': 3, 'SPC_MPOLY': 2, 'UC_MPOLY': 3, 'TPC_NONE': 6, 'UC_NONE': 11, 'SPC_NONE': 2, 'TPC_MPOLY': 1}"
13,29,NONE,MPOLY,0.6881367333110836,0.0289740234846898,613657779.2,471021846.1468512,2099152.8,1455352.5610504695,0.7370531381982794,0.0003701498264213,0.0,0.0,GREEDY_HV,"['SPC_MBFLIP', 'SBX_MPOLY', 'SBX_MPOLY', 'SPC_MPOLY', 'SPC_MPOLY', 'UC_MPOLY', 'TPC_NONE', 'UC_NONE', 'SPC_NONE', 'SPC_NONE', 'TPC_NONE', 'UC_NONE', 'TPC_NONE', 'UC_NONE', 'UC_MPOLY', 'UC_NONE', 'TPC_MPOLY', 'TPC_NONE', 'UC_NONE', 'UC_NONE', 'UC_NONE', 'SBX_MPOLY', 'UC_NONE', 'UC_NONE', 'TPC_NONE', 'UC_NONE', 'TPC_NONE', 'UC_MPOLY', 'UC_NONE', 'NONE_MPOLY']","{'SBX_MPOLY': 3, 'SPC_MPOLY': 2, 'UC_MPOLY': 3, 'TPC_NONE': 6, 'UC_NONE': 11, 'SPC_NONE': 2, 'TPC_MPOLY': 1, 'NONE_MPOLY': 1}"
13,30,SPC,NONE,0.6852211214439378,0.0310861092602046,564875389.44,465274679.4441351,1972878.24,1445355.413419669,0.7371633008877778,0.0001101626894983,0.0,0.0,GREEDY_HV,"['SPC_MBFLIP', 'SBX_MPOLY', 'SBX_MPOLY', 'SPC_MPOLY', 'SPC_MPOLY', 'UC_MPOLY', 'TPC_NONE', 'UC_NONE', 'SPC_NONE', 'SPC_NONE', 'TPC_NONE', 'UC_NONE', 'TPC_NONE', 'UC_NONE', 'UC_MPOLY', 'UC_NONE', 'TPC_MPOLY', 'TPC_NONE', 'UC_NONE', 'UC_NONE', 'UC_NONE', 'SBX_MPOLY', 'UC_NONE', 'UC_NONE', 'TPC_NONE', 'UC_NONE', 'TPC_NONE', 'UC_MPOLY', 'UC_NONE', 'NONE_MPOLY', 'SPC_NONE']","{'SBX_MPOLY': 3, 'SPC_MPOLY': 2, 'UC_MPOLY': 3, 'TPC_NONE': 6, 'UC_NONE': 11, 'SPC_NONE': 3, 'TPC_MPOLY': 1, 'NONE_MPOLY': 1}"
13,31,SPC,NONE,0.6847054381463807,0.0324835338755406,572727321.6,470067478.91119176,1956277.92,1485035.9195768412,0.7372197419145861,5.644102680824048e-05,0.0,0.0,GREEDY_HV,"['SPC_MBFLIP', 'SBX_MPOLY', 'SBX_MPOLY', 'SPC_MPOLY', 'SPC_MPOLY', 'UC_MPOLY', 'TPC_NONE', 'UC_NONE', 'SPC_NONE', 'SPC_NONE', 'TPC_NONE', 'UC_NONE', 'TPC_NONE', 'UC_NONE', 'UC_MPOLY', 'UC_NONE', 'TPC_MPOLY', 'TPC_NONE', 'UC_NONE', 'UC_NONE', 'UC_NONE', 'SBX_MPOLY', 'UC_NONE', 'UC_NONE', 'TPC_NONE', 'UC_NONE', 'TPC_NONE', 'UC_MPOLY', 'UC_NONE', 'NONE_MPOLY', 'SPC_NONE', 'SPC_NONE']","{'SBX_MPOLY': 3, 'SPC_MPOLY': 2, 'UC_MPOLY': 3, 'TPC_NONE': 6, 'UC_NONE': 11, 'SPC_NONE': 4, 'TPC_MPOLY': 1, 'NONE_MPOLY': 1}"
13,32,UC,NONE,0.6853197492468159,0.0309885309661147,550922158.08,462015834.969889,1895260.32,1426688.0525183552,0.7372075370511029,-1.22048634831895e-05,0.0,0.0,GREEDY_HV,"['SPC_MBFLIP', 'SBX_MPOLY', 'SBX_MPOLY', 'SPC_MPOLY', 'SPC_MPOLY', 'UC_MPOLY', 'TPC_NONE', 'UC_NONE', 'SPC_NONE', 'SPC_NONE', 'TPC_NONE', 'UC_NONE', 'TPC_NONE', 'UC_NONE', 'UC_MPOLY', 'UC_NONE', 'TPC_MPOLY', 'TPC_NONE', 'UC_NONE', 'UC_NONE', 'UC_NONE', 'SBX_MPOLY', 'UC_NONE', 'UC_NONE', 'TPC_NONE', 'UC_NONE', 'TPC_NONE', 'UC_MPOLY', 'UC_NONE', 'NONE_MPOLY', 'SPC_NONE', 'SPC_NONE', 'UC_NONE']","{'SBX_MPOLY': 3, 'SPC_MPOLY': 2, 'UC_MPOLY': 3, 'TPC_NONE': 6, 'UC_NONE': 12, 'SPC_NONE': 4, 'TPC_MPOLY': 1, 'NONE_MPOLY': 1}"
13,33,TPC,NONE,0.6856662001055686,0.0310269792505469,565414446.08,460394806.7579408,1899758.24,1434169.4086537273,0.7372392252323544,3.168818125154349e-05,0.0,0.0,GREEDY_HV,"['SPC_MBFLIP', 'SBX_MPOLY', 'SBX_MPOLY', 'SPC_MPOLY', 'SPC_MPOLY', 'UC_MPOLY', 'TPC_NONE', 'UC_NONE', 'SPC_NONE', 'SPC_NONE', 'TPC_NONE', 'UC_NONE', 'TPC_NONE', 'UC_NONE', 'UC_MPOLY', 'UC_NONE', 'TPC_MPOLY', 'TPC_NONE', 'UC_NONE', 'UC_NONE', 'UC_NONE', 'SBX_MPOLY', 'UC_NONE', 'UC_NONE', 'TPC_NONE', 'UC_NONE', 'TPC_NONE', 'UC_MPOLY', 'UC_NONE', 'NONE_MPOLY', 'SPC_NONE', 'SPC_NONE', 'UC_NONE', 'TPC_NONE']","{'SBX_MPOLY': 3, 'SPC_MPOLY': 2, 'UC_MPOLY': 3, 'TPC_NONE': 7, 'UC_NONE': 12, 'SPC_NONE': 4, 'TPC_MPOLY': 1, 'NONE_MPOLY': 1}"
13,34,SPC,NONE,0.6855284090739373,0.031144073606014,586657879.04,472412952.78945786,1887001.76,1441008.4727454805,0.7372561723119566,1.6947079602203097e-05,0.0,0.0,GREEDY_HV,"['SPC_MBFLIP', 'SBX_MPOLY', 'SBX_MPOLY', 'SPC_MPOLY', 'SPC_MPOLY', 'UC_MPOLY', 'TPC_NONE', 'UC_NONE', 'SPC_NONE', 'SPC_NONE', 'TPC_NONE', 'UC_NONE', 'TPC_NONE', 'UC_NONE', 'UC_MPOLY', 'UC_NONE', 'TPC_MPOLY', 'TPC_NONE', 'UC_NONE', 'UC_NONE', 'UC_NONE', 'SBX_MPOLY', 'UC_NONE', 'UC_NONE', 'TPC_NONE', 'UC_NONE', 'TPC_NONE', 'UC_MPOLY', 'UC_NONE', 'NONE_MPOLY', 'SPC_NONE', 'SPC_NONE', 'UC_NONE', 'TPC_NONE', 'SPC_NONE']","{'SBX_MPOLY': 3, 'SPC_MPOLY': 2, 'UC_MPOLY': 3, 'TPC_NONE': 7, 'UC_NONE': 12, 'SPC_NONE': 5, 'TPC_MPOLY': 1, 'NONE_MPOLY': 1}"
13,35,SPC,MPOLY,0.6860441187937459,0.0329907525395019,596480336.64,468044355.48315,1946241.44,1437233.4730471617,0.7375206357439092,0.0002644634319526,0.01,0.0,GREEDY_HV,"['SPC_MBFLIP', 'SBX_MPOLY', 'SBX_MPOLY', 'SPC_MPOLY', 'SPC_MPOLY', 'UC_MPOLY', 'TPC_NONE', 'UC_NONE', 'SPC_NONE', 'SPC_NONE', 'TPC_NONE', 'UC_NONE', 'TPC_NONE', 'UC_NONE', 'UC_MPOLY', 'UC_NONE', 'TPC_MPOLY', 'TPC_NONE', 'UC_NONE', 'UC_NONE', 'UC_NONE', 'SBX_MPOLY', 'UC_NONE', 'UC_NONE', 'TPC_NONE', 'UC_NONE', 'TPC_NONE', 'UC_MPOLY', 'UC_NONE', 'NONE_MPOLY', 'SPC_NONE', 'SPC_NONE', 'UC_NONE', 'TPC_NONE', 'SPC_NONE', 'SPC_MPOLY']","{'SBX_MPOLY': 3, 'SPC_MPOLY': 3, 'UC_MPOLY': 3, 'TPC_NONE': 7, 'UC_NONE': 12, 'SPC_NONE': 5, 'TPC_MPOLY': 1, 'NONE_MPOLY': 1}"
13,36,SBX,MPOLY,0.6848708857980972,0.0338538722938352,585832254.72,465998391.6388783,1927221.92,1448879.7850893205,0.7377972254266464,0.0002765896827371,0.0,0.065,GREEDY_HV,"['SPC_MBFLIP', 'SBX_MPOLY', 'SBX_MPOLY', 'SPC_MPOLY', 'SPC_MPOLY', 'UC_MPOLY', 'TPC_NONE', 'UC_NONE', 'SPC_NONE', 'SPC_NONE', 'TPC_NONE', 'UC_NONE', 'TPC_NONE', 'UC_NONE', 'UC_MPOLY', 'UC_NONE', 'TPC_MPOLY', 'TPC_NONE', 'UC_NONE', 'UC_NONE', 'UC_NONE', 'SBX_MPOLY', 'UC_NONE', 'UC_NONE', 'TPC_NONE', 'UC_NONE', 'TPC_NONE', 'UC_MPOLY', 'UC_NONE', 'NONE_MPOLY', 'SPC_NONE', 'SPC_NONE', 'UC_NONE', 'TPC_NONE', 'SPC_NONE', 'SPC_MPOLY', 'SBX_MPOLY']","{'SBX_MPOLY': 4, 'SPC_MPOLY': 3, 'UC_MPOLY': 3, 'TPC_NONE': 7, 'UC_NONE': 12, 'SPC_NONE': 5, 'TPC_MPOLY': 1, 'NONE_MPOLY': 1}"
13,37,SPC,NONE,0.6864821495141967,0.035752468837459,616655498.24,463286605.99678254,2051530.4,1416907.34841293,0.7378539223692264,5.669694258003677e-05,0.0,0.0,GREEDY_HV,"['SPC_MBFLIP', 'SBX_MPOLY', 'SBX_MPOLY', 'SPC_MPOLY', 'SPC_MPOLY', 'UC_MPOLY', 'TPC_NONE', 'UC_NONE', 'SPC_NONE', 'SPC_NONE', 'TPC_NONE', 'UC_NONE', 'TPC_NONE', 'UC_NONE', 'UC_MPOLY', 'UC_NONE', 'TPC_MPOLY', 'TPC_NONE', 'UC_NONE', 'UC_NONE', 'UC_NONE', 'SBX_MPOLY', 'UC_NONE', 'UC_NONE', 'TPC_NONE', 'UC_NONE', 'TPC_NONE', 'UC_MPOLY', 'UC_NONE', 'NONE_MPOLY', 'SPC_NONE', 'SPC_NONE', 'UC_NONE', 'TPC_NONE', 'SPC_NONE', 'SPC_MPOLY', 'SBX_MPOLY', 'SPC_NONE']","{'SBX_MPOLY': 4, 'SPC_MPOLY': 3, 'UC_MPOLY': 3, 'TPC_NONE': 7, 'UC_NONE': 12, 'SPC_NONE': 6, 'TPC_MPOLY': 1, 'NONE_MPOLY': 1}"
13,38,UC,NONE,0.6874794613275094,0.032530861719986,612477493.76,467781048.30588657,2055466.4,1409660.8468211354,0.7378732562235274,1.9333854300973563e-05,0.0,0.0,GREEDY_HV,"['SPC_MBFLIP', 'SBX_MPOLY', 'SBX_MPOLY', 'SPC_MPOLY', 'SPC_MPOLY', 'UC_MPOLY', 'TPC_NONE', 'UC_NONE', 'SPC_NONE', 'SPC_NONE', 'TPC_NONE', 'UC_NONE', 'TPC_NONE', 'UC_NONE', 'UC_MPOLY', 'UC_NONE', 'TPC_MPOLY', 'TPC_NONE', 'UC_NONE', 'UC_NONE', 'UC_NONE', 'SBX_MPOLY', 'UC_NONE', 'UC_NONE', 'TPC_NONE', 'UC_NONE', 'TPC_NONE', 'UC_MPOLY', 'UC_NONE', 'NONE_MPOLY', 'SPC_NONE', 'SPC_NONE', 'UC_NONE', 'TPC_NONE', 'SPC_NONE', 'SPC_MPOLY', 'SBX_MPOLY', 'SPC_NONE', 'UC_NONE']","{'SBX_MPOLY': 4, 'SPC_MPOLY': 3, 'UC_MPOLY': 3, 'TPC_NONE': 7, 'UC_NONE': 13, 'SPC_NONE': 6, 'TPC_MPOLY': 1, 'NONE_MPOLY': 1}"
13,39,SBX,MPOLY,0.6876410068247369,0.0325218866884591,611956492.8,464633669.4928854,2065994.4,1417337.671482304,0.7378910470820258,1.7790858498401008e-05,0.0,0.04,GREEDY_HV,"['SPC_MBFLIP', 'SBX_MPOLY', 'SBX_MPOLY', 'SPC_MPOLY', 'SPC_MPOLY', 'UC_MPOLY', 'TPC_NONE', 'UC_NONE', 'SPC_NONE', 'SPC_NONE', 'TPC_NONE', 'UC_NONE', 'TPC_NONE', 'UC_NONE', 'UC_MPOLY', 'UC_NONE', 'TPC_MPOLY', 'TPC_NONE', 'UC_NONE', 'UC_NONE', 'UC_NONE', 'SBX_MPOLY', 'UC_NONE', 'UC_NONE', 'TPC_NONE', 'UC_NONE', 'TPC_NONE', 'UC_MPOLY', 'UC_NONE', 'NONE_MPOLY', 'SPC_NONE', 'SPC_NONE', 'UC_NONE', 'TPC_NONE', 'SPC_NONE', 'SPC_MPOLY', 'SBX_MPOLY', 'SPC_NONE', 'UC_NONE', 'SBX_MPOLY']","{'SBX_MPOLY': 5, 'SPC_MPOLY': 3, 'UC_MPOLY': 3, 'TPC_NONE': 7, 'UC_NONE': 13, 'SPC_NONE': 6, 'TPC_MPOLY': 1, 'NONE_MPOLY': 1}"
13,40,SPC,NONE,0.6862528347126399,0.0349848514990897,616187603.2,471130846.5647082,2060693.92,1460840.2537933,0.7379663897423245,7.534266029873837e-05,0.0,0.0,GREEDY_HV,"['SPC_MBFLIP', 'SBX_MPOLY', 'SBX_MPOLY', 'SPC_MPOLY', 'SPC_MPOLY', 'UC_MPOLY', 'TPC_NONE', 'UC_NONE', 'SPC_NONE', 'SPC_NONE', 'TPC_NONE', 'UC_NONE', 'TPC_NONE', 'UC_NONE', 'UC_MPOLY', 'UC_NONE', 'TPC_MPOLY', 'TPC_NONE', 'UC_NONE', 'UC_NONE', 'UC_NONE', 'SBX_MPOLY', 'UC_NONE', 'UC_NONE', 'TPC_NONE', 'UC_NONE', 'TPC_NONE', 'UC_MPOLY', 'UC_NONE', 'NONE_MPOLY', 'SPC_NONE', 'SPC_NONE', 'UC_NONE', 'TPC_NONE', 'SPC_NONE', 'SPC_MPOLY', 'SBX_MPOLY', 'SPC_NONE', 'UC_NONE', 'SBX_MPOLY', 'SPC_NONE']","{'SBX_MPOLY': 5, 'SPC_MPOLY': 3, 'UC_MPOLY': 3, 'TPC_NONE': 7, 'UC_NONE': 13, 'SPC_NONE': 7, 'TPC_MPOLY': 1, 'NONE_MPOLY': 1}"
13,41,SPC,MPOLY,0.6892141424323013,0.028238730723908,625475888.64,465111770.8201077,2068235.68,1449314.6401556486,0.7380447952122665,7.840546994197783e-05,0.02,0.0,GREEDY_HV,"['SPC_MBFLIP', 'SBX_MPOLY', 'SBX_MPOLY', 'SPC_MPOLY', 'SPC_MPOLY', 'UC_MPOLY', 'TPC_NONE', 'UC_NONE', 'SPC_NONE', 'SPC_NONE', 'TPC_NONE', 'UC_NONE', 'TPC_NONE', 'UC_NONE', 'UC_MPOLY', 'UC_NONE', 'TPC_MPOLY', 'TPC_NONE', 'UC_NONE', 'UC_NONE', 'UC_NONE', 'SBX_MPOLY', 'UC_NONE', 'UC_NONE', 'TPC_NONE', 'UC_NONE', 'TPC_NONE', 'UC_MPOLY', 'UC_NONE', 'NONE_MPOLY', 'SPC_NONE', 'SPC_NONE', 'UC_NONE', 'TPC_NONE', 'SPC_NONE', 'SPC_MPOLY', 'SBX_MPOLY', 'SPC_NONE', 'UC_NONE', 'SBX_MPOLY', 'SPC_NONE', 'SPC_MPOLY']","{'SBX_MPOLY': 5, 'SPC_MPOLY': 4, 'UC_MPOLY': 3, 'TPC_NONE': 7, 'UC_NONE': 13, 'SPC_NONE': 7, 'TPC_MPOLY': 1, 'NONE_MPOLY': 1}"
13,42,UC,NONE,0.6852284815424398,0.0314377781678768,613996154.88,485542123.2772114,1946533.28,1433789.51233044,0.7380756858680826,3.089065581607375e-05,0.0,0.0,GREEDY_HV,"['SPC_MBFLIP', 'SBX_MPOLY', 'SBX_MPOLY', 'SPC_MPOLY', 'SPC_MPOLY', 'UC_MPOLY', 'TPC_NONE', 'UC_NONE', 'SPC_NONE', 'SPC_NONE', 'TPC_NONE', 'UC_NONE', 'TPC_NONE', 'UC_NONE', 'UC_MPOLY', 'UC_NONE', 'TPC_MPOLY', 'TPC_NONE', 'UC_NONE', 'UC_NONE', 'UC_NONE', 'SBX_MPOLY', 'UC_NONE', 'UC_NONE', 'TPC_NONE', 'UC_NONE', 'TPC_NONE', 'UC_MPOLY', 'UC_NONE', 'NONE_MPOLY', 'SPC_NONE', 'SPC_NONE', 'UC_NONE', 'TPC_NONE', 'SPC_NONE', 'SPC_MPOLY', 'SBX_MPOLY', 'SPC_NONE', 'UC_NONE', 'SBX_MPOLY', 'SPC_NONE', 'SPC_MPOLY', 'UC_NONE']","{'SBX_MPOLY': 5, 'SPC_MPOLY': 4, 'UC_MPOLY': 3, 'TPC_NONE': 7, 'UC_NONE': 14, 'SPC_NONE': 7, 'TPC_MPOLY': 1, 'NONE_MPOLY': 1}"
13,43,UC,NONE,0.6868093159229538,0.0308867193990428,637572520.96,475957466.588929,2015479.2,1450170.0274311013,0.7381043209785992,2.8635110516650464e-05,0.01,0.0,GREEDY_HV,"['SPC_MBFLIP', 'SBX_MPOLY', 'SBX_MPOLY', 'SPC_MPOLY', 'SPC_MPOLY', 'UC_MPOLY', 'TPC_NONE', 'UC_NONE', 'SPC_NONE', 'SPC_NONE', 'TPC_NONE', 'UC_NONE', 'TPC_NONE', 'UC_NONE', 'UC_MPOLY', 'UC_NONE', 'TPC_MPOLY', 'TPC_NONE', 'UC_NONE', 'UC_NONE', 'UC_NONE', 'SBX_MPOLY', 'UC_NONE', 'UC_NONE', 'TPC_NONE', 'UC_NONE', 'TPC_NONE', 'UC_MPOLY', 'UC_NONE', 'NONE_MPOLY', 'SPC_NONE', 'SPC_NONE', 'UC_NONE', 'TPC_NONE', 'SPC_NONE', 'SPC_MPOLY', 'SBX_MPOLY', 'SPC_NONE', 'UC_NONE', 'SBX_MPOLY', 'SPC_NONE', 'SPC_MPOLY', 'UC_NONE', 'UC_NONE']","{'SBX_MPOLY': 5, 'SPC_MPOLY': 4, 'UC_MPOLY': 3, 'TPC_NONE': 7, 'UC_NONE': 15, 'SPC_NONE': 7, 'TPC_MPOLY': 1, 'NONE_MPOLY': 1}"
13,44,SBX,MPOLY,0.6858453245573625,0.0336576693550757,637949866.24,475629337.86177033,2034681.76,1444930.91837154,0.7383537231561459,0.0002494021775466,0.0,0.035,GREEDY_HV,"['SPC_MBFLIP', 'SBX_MPOLY', 'SBX_MPOLY', 'SPC_MPOLY', 'SPC_MPOLY', 'UC_MPOLY', 'TPC_NONE', 'UC_NONE', 'SPC_NONE', 'SPC_NONE', 'TPC_NONE', 'UC_NONE', 'TPC_NONE', 'UC_NONE', 'UC_MPOLY', 'UC_NONE', 'TPC_MPOLY', 'TPC_NONE', 'UC_NONE', 'UC_NONE', 'UC_NONE', 'SBX_MPOLY', 'UC_NONE', 'UC_NONE', 'TPC_NONE', 'UC_NONE', 'TPC_NONE', 'UC_MPOLY', 'UC_NONE', 'NONE_MPOLY', 'SPC_NONE', 'SPC_NONE', 'UC_NONE', 'TPC_NONE', 'SPC_NONE', 'SPC_MPOLY', 'SBX_MPOLY', 'SPC_NONE', 'UC_NONE', 'SBX_MPOLY', 'SPC_NONE', 'SPC_MPOLY', 'UC_NONE', 'UC_NONE', 'SBX_MPOLY']","{'SBX_MPOLY': 6, 'SPC_MPOLY': 4, 'UC_MPOLY': 3, 'TPC_NONE': 7, 'UC_NONE': 15, 'SPC_NONE': 7, 'TPC_MPOLY': 1, 'NONE_MPOLY': 1}"
13,45,SBX,NONE,0.6829977273390617,0.0358190307460074,621027796.48,520076130.8021968,2005566.88,1528994.619219422,0.7391033903280968,0.0007496671719509,0.0,0.0,GREEDY_HV,"['SPC_MBFLIP', 'SBX_MPOLY', 'SBX_MPOLY', 'SPC_MPOLY', 'SPC_MPOLY', 'UC_MPOLY', 'TPC_NONE', 'UC_NONE', 'SPC_NONE', 'SPC_NONE', 'TPC_NONE', 'UC_NONE', 'TPC_NONE', 'UC_NONE', 'UC_MPOLY', 'UC_NONE', 'TPC_MPOLY', 'TPC_NONE', 'UC_NONE', 'UC_NONE', 'UC_NONE', 'SBX_MPOLY', 'UC_NONE', 'UC_NONE', 'TPC_NONE', 'UC_NONE', 'TPC_NONE', 'UC_MPOLY', 'UC_NONE', 'NONE_MPOLY', 'SPC_NONE', 'SPC_NONE', 'UC_NONE', 'TPC_NONE', 'SPC_NONE', 'SPC_MPOLY', 'SBX_MPOLY', 'SPC_NONE', 'UC_NONE', 'SBX_MPOLY', 'SPC_NONE', 'SPC_MPOLY', 'UC_NONE', 'UC_NONE', 'SBX_MPOLY', 'SBX_NONE']","{'SBX_MPOLY': 6, 'SPC_MPOLY': 4, 'UC_MPOLY': 3, 'TPC_NONE': 7, 'UC_NONE': 15, 'SPC_NONE': 7, 'TPC_MPOLY': 1, 'NONE_MPOLY': 1, 'SBX_NONE': 1}"
13,46,SPC,NONE,0.683868063285152,0.0352441066875702,649954150.4,561602833.925713,2033563.04,1525852.939478624,0.7391467564203531,4.336609225630284e-05,0.0,0.0,GREEDY_HV,"['SPC_MBFLIP', 'SBX_MPOLY', 'SBX_MPOLY', 'SPC_MPOLY', 'SPC_MPOLY', 'UC_MPOLY', 'TPC_NONE', 'UC_NONE', 'SPC_NONE', 'SPC_NONE', 'TPC_NONE', 'UC_NONE', 'TPC_NONE', 'UC_NONE', 'UC_MPOLY', 'UC_NONE', 'TPC_MPOLY', 'TPC_NONE', 'UC_NONE', 'UC_NONE', 'UC_NONE', 'SBX_MPOLY', 'UC_NONE', 'UC_NONE', 'TPC_NONE', 'UC_NONE', 'TPC_NONE', 'UC_MPOLY', 'UC_NONE', 'NONE_MPOLY', 'SPC_NONE', 'SPC_NONE', 'UC_NONE', 'TPC_NONE', 'SPC_NONE', 'SPC_MPOLY', 'SBX_MPOLY', 'SPC_NONE', 'UC_NONE', 'SBX_MPOLY', 'SPC_NONE', 'SPC_MPOLY', 'UC_NONE', 'UC_NONE', 'SBX_MPOLY', 'SBX_NONE', 'SPC_NONE']","{'SBX_MPOLY': 6, 'SPC_MPOLY': 4, 'UC_MPOLY': 3, 'TPC_NONE': 7, 'UC_NONE': 15, 'SPC_NONE': 8, 'TPC_MPOLY': 1, 'NONE_MPOLY': 1, 'SBX_NONE': 1}"
13,47,SPC,NONE,0.6853498012077498,0.0351232014571733,661793963.52,551120610.5023677,2060690.08,1535698.77366525,0.7391385254496691,-8.230970684031114e-06,0.0,0.0,GREEDY_HV,"['SPC_MBFLIP', 'SBX_MPOLY', 'SBX_MPOLY', 'SPC_MPOLY', 'SPC_MPOLY', 'UC_MPOLY', 'TPC_NONE', 'UC_NONE', 'SPC_NONE', 'SPC_NONE', 'TPC_NONE', 'UC_NONE', 'TPC_NONE', 'UC_NONE', 'UC_MPOLY', 'UC_NONE', 'TPC_MPOLY', 'TPC_NONE', 'UC_NONE', 'UC_NONE', 'UC_NONE', 'SBX_MPOLY', 'UC_NONE', 'UC_NONE', 'TPC_NONE', 'UC_NONE', 'TPC_NONE', 'UC_MPOLY', 'UC_NONE', 'NONE_MPOLY', 'SPC_NONE', 'SPC_NONE', 'UC_NONE', 'TPC_NONE', 'SPC_NONE', 'SPC_MPOLY', 'SBX_MPOLY', 'SPC_NONE', 'UC_NONE', 'SBX_MPOLY', 'SPC_NONE', 'SPC_MPOLY', 'UC_NONE', 'UC_NONE', 'SBX_MPOLY', 'SBX_NONE', 'SPC_NONE', 'SPC_NONE']","{'SBX_MPOLY': 6, 'SPC_MPOLY': 4, 'UC_MPOLY': 3, 'TPC_NONE': 7, 'UC_NONE': 15, 'SPC_NONE': 9, 'TPC_MPOLY': 1, 'NONE_MPOLY': 1, 'SBX_NONE': 1}"
13,48,SPC,NONE,0.6833942596927985,0.0371161862426221,667986656.0,568663669.8789649,2015675.04,1534713.2779441115,0.7390951026364165,-4.342281325253605e-05,0.0,0.0,GREEDY_HV,"['SPC_MBFLIP', 'SBX_MPOLY', 'SBX_MPOLY', 'SPC_MPOLY', 'SPC_MPOLY', 'UC_MPOLY', 'TPC_NONE', 'UC_NONE', 'SPC_NONE', 'SPC_NONE', 'TPC_NONE', 'UC_NONE', 'TPC_NONE', 'UC_NONE', 'UC_MPOLY', 'UC_NONE', 'TPC_MPOLY', 'TPC_NONE', 'UC_NONE', 'UC_NONE', 'UC_NONE', 'SBX_MPOLY', 'UC_NONE', 'UC_NONE', 'TPC_NONE', 'UC_NONE', 'TPC_NONE', 'UC_MPOLY', 'UC_NONE', 'NONE_MPOLY', 'SPC_NONE', 'SPC_NONE', 'UC_NONE', 'TPC_NONE', 'SPC_NONE', 'SPC_MPOLY', 'SBX_MPOLY', 'SPC_NONE', 'UC_NONE', 'SBX_MPOLY', 'SPC_NONE', 'SPC_MPOLY', 'UC_NONE', 'UC_NONE', 'SBX_MPOLY', 'SBX_NONE', 'SPC_NONE', 'SPC_NONE', 'SPC_NONE']","{'SBX_MPOLY': 6, 'SPC_MPOLY': 4, 'UC_MPOLY': 3, 'TPC_NONE': 7, 'UC_NONE': 15, 'SPC_NONE': 10, 'TPC_MPOLY': 1, 'NONE_MPOLY': 1, 'SBX_NONE': 1}"
13,49,TPC,NONE,0.6819414916716582,0.0383399502793965,669163898.88,571631748.5169675,2001940.64,1561909.000906849,0.7391299081510966,3.4805514680047445e-05,0.02,0.0,GREEDY_HV,"['SPC_MBFLIP', 'SBX_MPOLY', 'SBX_MPOLY', 'SPC_MPOLY', 'SPC_MPOLY', 'UC_MPOLY', 'TPC_NONE', 'UC_NONE', 'SPC_NONE', 'SPC_NONE', 'TPC_NONE', 'UC_NONE', 'TPC_NONE', 'UC_NONE', 'UC_MPOLY', 'UC_NONE', 'TPC_MPOLY', 'TPC_NONE', 'UC_NONE', 'UC_NONE', 'UC_NONE', 'SBX_MPOLY', 'UC_NONE', 'UC_NONE', 'TPC_NONE', 'UC_NONE', 'TPC_NONE', 'UC_MPOLY', 'UC_NONE', 'NONE_MPOLY', 'SPC_NONE', 'SPC_NONE', 'UC_NONE', 'TPC_NONE', 'SPC_NONE', 'SPC_MPOLY', 'SBX_MPOLY', 'SPC_NONE', 'UC_NONE', 'SBX_MPOLY', 'SPC_NONE', 'SPC_MPOLY', 'UC_NONE', 'UC_NONE', 'SBX_MPOLY', 'SBX_NONE', 'SPC_NONE', 'SPC_NONE', 'SPC_NONE', 'TPC_NONE']","{'SBX_MPOLY': 6, 'SPC_MPOLY': 4, 'UC_MPOLY': 3, 'TPC_NONE': 8, 'UC_NONE': 15, 'SPC_NONE': 10, 'TPC_MPOLY': 1, 'NONE_MPOLY': 1, 'SBX_NONE': 1}"
13,50,TPC,NONE,0.6828596973232002,0.0384544663745413,694624706.56,576503026.9428791,1986319.52,1511497.9716012354,0.7391464457850219,1.653763392528429e-05,0.0,0.0,GREEDY_HV,"['SPC_MBFLIP', 'SBX_MPOLY', 'SBX_MPOLY', 'SPC_MPOLY', 'SPC_MPOLY', 'UC_MPOLY', 'TPC_NONE', 'UC_NONE', 'SPC_NONE', 'SPC_NONE', 'TPC_NONE', 'UC_NONE', 'TPC_NONE', 'UC_NONE', 'UC_MPOLY', 'UC_NONE', 'TPC_MPOLY', 'TPC_NONE', 'UC_NONE', 'UC_NONE', 'UC_NONE', 'SBX_MPOLY', 'UC_NONE', 'UC_NONE', 'TPC_NONE', 'UC_NONE', 'TPC_NONE', 'UC_MPOLY', 'UC_NONE', 'NONE_MPOLY', 'SPC_NONE', 'SPC_NONE', 'UC_NONE', 'TPC_NONE', 'SPC_NONE', 'SPC_MPOLY', 'SBX_MPOLY', 'SPC_NONE', 'UC_NONE', 'SBX_MPOLY', 'SPC_NONE', 'SPC_MPOLY', 'UC_NONE', 'UC_NONE', 'SBX_MPOLY', 'SBX_NONE', 'SPC_NONE', 'SPC_NONE', 'SPC_NONE', 'TPC_NONE', 'TPC_NONE']","{'SBX_MPOLY': 6, 'SPC_MPOLY': 4, 'UC_MPOLY': 3, 'TPC_NONE': 9, 'UC_NONE': 15, 'SPC_NONE': 10, 'TPC_MPOLY': 1, 'NONE_MPOLY': 1, 'SBX_NONE': 1}"
13,51,SPC,NONE,0.6823836756230393,0.0384456503082629,660199326.72,564863127.0460551,2030466.72,1568088.3579083297,0.739201051226421,5.460544139912482e-05,0.0,0.0,GREEDY_HV,"['SPC_MBFLIP', 'SBX_MPOLY', 'SBX_MPOLY', 'SPC_MPOLY', 'SPC_MPOLY', 'UC_MPOLY', 'TPC_NONE', 'UC_NONE', 'SPC_NONE', 'SPC_NONE', 'TPC_NONE', 'UC_NONE', 'TPC_NONE', 'UC_NONE', 'UC_MPOLY', 'UC_NONE', 'TPC_MPOLY', 'TPC_NONE', 'UC_NONE', 'UC_NONE', 'UC_NONE', 'SBX_MPOLY', 'UC_NONE', 'UC_NONE', 'TPC_NONE', 'UC_NONE', 'TPC_NONE', 'UC_MPOLY', 'UC_NONE', 'NONE_MPOLY', 'SPC_NONE', 'SPC_NONE', 'UC_NONE', 'TPC_NONE', 'SPC_NONE', 'SPC_MPOLY', 'SBX_MPOLY', 'SPC_NONE', 'UC_NONE', 'SBX_MPOLY', 'SPC_NONE', 'SPC_MPOLY', 'UC_NONE', 'UC_NONE', 'SBX_MPOLY', 'SBX_NONE', 'SPC_NONE', 'SPC_NONE', 'SPC_NONE', 'TPC_NONE', 'TPC_NONE', 'SPC_NONE']","{'SBX_MPOLY': 6, 'SPC_MPOLY': 4, 'UC_MPOLY': 3, 'TPC_NONE': 9, 'UC_NONE': 15, 'SPC_NONE': 11, 'TPC_MPOLY': 1, 'NONE_MPOLY': 1, 'SBX_NONE': 1}"
13,52,SPC,NONE,0.682073819056074,0.0386684355663015,652375746.56,560735255.8080522,2006101.92,1577078.9756568042,0.739235184838403,3.413361198201237e-05,0.01,0.0,GREEDY_HV,"['SPC_MBFLIP', 'SBX_MPOLY', 'SBX_MPOLY', 'SPC_MPOLY', 'SPC_MPOLY', 'UC_MPOLY', 'TPC_NONE', 'UC_NONE', 'SPC_NONE', 'SPC_NONE', 'TPC_NONE', 'UC_NONE', 'TPC_NONE', 'UC_NONE', 'UC_MPOLY', 'UC_NONE', 'TPC_MPOLY', 'TPC_NONE', 'UC_NONE', 'UC_NONE', 'UC_NONE', 'SBX_MPOLY', 'UC_NONE', 'UC_NONE', 'TPC_NONE', 'UC_NONE', 'TPC_NONE', 'UC_MPOLY', 'UC_NONE', 'NONE_MPOLY', 'SPC_NONE', 'SPC_NONE', 'UC_NONE', 'TPC_NONE', 'SPC_NONE', 'SPC_MPOLY', 'SBX_MPOLY', 'SPC_NONE', 'UC_NONE', 'SBX_MPOLY', 'SPC_NONE', 'SPC_MPOLY', 'UC_NONE', 'UC_NONE', 'SBX_MPOLY', 'SBX_NONE', 'SPC_NONE', 'SPC_NONE', 'SPC_NONE', 'TPC_NONE', 'TPC_NONE', 'SPC_NONE', 'SPC_NONE']","{'SBX_MPOLY': 6, 'SPC_MPOLY': 4, 'UC_MPOLY': 3, 'TPC_NONE': 9, 'UC_NONE': 15, 'SPC_NONE': 12, 'TPC_MPOLY': 1, 'NONE_MPOLY': 1, 'SBX_NONE': 1}"
13,53,UC,NONE,0.681677278887469,0.0383365827098319,648647398.4,562232402.6558934,1928216.48,1521809.7030748916,0.7392151946616028,-1.9990176800210868e-05,0.0,0.0,GREEDY_HV,"['SPC_MBFLIP', 'SBX_MPOLY', 'SBX_MPOLY', 'SPC_MPOLY', 'SPC_MPOLY', 'UC_MPOLY', 'TPC_NONE', 'UC_NONE', 'SPC_NONE', 'SPC_NONE', 'TPC_NONE', 'UC_NONE', 'TPC_NONE', 'UC_NONE', 'UC_MPOLY', 'UC_NONE', 'TPC_MPOLY', 'TPC_NONE', 'UC_NONE', 'UC_NONE', 'UC_NONE', 'SBX_MPOLY', 'UC_NONE', 'UC_NONE', 'TPC_NONE', 'UC_NONE', 'TPC_NONE', 'UC_MPOLY', 'UC_NONE', 'NONE_MPOLY', 'SPC_NONE', 'SPC_NONE', 'UC_NONE', 'TPC_NONE', 'SPC_NONE', 'SPC_MPOLY', 'SBX_MPOLY', 'SPC_NONE', 'UC_NONE', 'SBX_MPOLY', 'SPC_NONE', 'SPC_MPOLY', 'UC_NONE', 'UC_NONE', 'SBX_MPOLY', 'SBX_NONE', 'SPC_NONE', 'SPC_NONE', 'SPC_NONE', 'TPC_NONE', 'TPC_NONE', 'SPC_NONE', 'SPC_NONE', 'UC_NONE']","{'SBX_MPOLY': 6, 'SPC_MPOLY': 4, 'UC_MPOLY': 3, 'TPC_NONE': 9, 'UC_NONE': 16, 'SPC_NONE': 12, 'TPC_MPOLY': 1, 'NONE_MPOLY': 1, 'SBX_NONE': 1}"
13,54,UC,NONE,0.6803026558126988,0.0382994043280726,621587082.24,559509251.4538939,1854398.88,1509438.031538899,0.7392022202454879,-1.297441611491923e-05,0.0,0.0,GREEDY_HV,"['SPC_MBFLIP', 'SBX_MPOLY', 'SBX_MPOLY', 'SPC_MPOLY', 'SPC_MPOLY', 'UC_MPOLY', 'TPC_NONE', 'UC_NONE', 'SPC_NONE', 'SPC_NONE', 'TPC_NONE', 'UC_NONE', 'TPC_NONE', 'UC_NONE', 'UC_MPOLY', 'UC_NONE', 'TPC_MPOLY', 'TPC_NONE', 'UC_NONE', 'UC_NONE', 'UC_NONE', 'SBX_MPOLY', 'UC_NONE', 'UC_NONE', 'TPC_NONE', 'UC_NONE', 'TPC_NONE', 'UC_MPOLY', 'UC_NONE', 'NONE_MPOLY', 'SPC_NONE', 'SPC_NONE', 'UC_NONE', 'TPC_NONE', 'SPC_NONE', 'SPC_MPOLY', 'SBX_MPOLY', 'SPC_NONE', 'UC_NONE', 'SBX_MPOLY', 'SPC_NONE', 'SPC_MPOLY', 'UC_NONE', 'UC_NONE', 'SBX_MPOLY', 'SBX_NONE', 'SPC_NONE', 'SPC_NONE', 'SPC_NONE', 'TPC_NONE', 'TPC_NONE', 'SPC_NONE', 'SPC_NONE', 'UC_NONE', 'UC_NONE']","{'SBX_MPOLY': 6, 'SPC_MPOLY': 4, 'UC_MPOLY': 3, 'TPC_NONE': 9, 'UC_NONE': 17, 'SPC_NONE': 12, 'TPC_MPOLY': 1, 'NONE_MPOLY': 1, 'SBX_NONE': 1}"
13,55,TPC,NONE,0.6812858600146504,0.0385836026457522,660636518.4,562291075.5805848,1887383.2,1509892.9490322417,0.7392522535412244,5.003329573649573e-05,0.01,0.0,GREEDY_HV,"['SPC_MBFLIP', 'SBX_MPOLY', 'SBX_MPOLY', 'SPC_MPOLY', 'SPC_MPOLY', 'UC_MPOLY', 'TPC_NONE', 'UC_NONE', 'SPC_NONE', 'SPC_NONE', 'TPC_NONE', 'UC_NONE', 'TPC_NONE', 'UC_NONE', 'UC_MPOLY', 'UC_NONE', 'TPC_MPOLY', 'TPC_NONE', 'UC_NONE', 'UC_NONE', 'UC_NONE', 'SBX_MPOLY', 'UC_NONE', 'UC_NONE', 'TPC_NONE', 'UC_NONE', 'TPC_NONE', 'UC_MPOLY', 'UC_NONE', 'NONE_MPOLY', 'SPC_NONE', 'SPC_NONE', 'UC_NONE', 'TPC_NONE', 'SPC_NONE', 'SPC_MPOLY', 'SBX_MPOLY', 'SPC_NONE', 'UC_NONE', 'SBX_MPOLY', 'SPC_NONE', 'SPC_MPOLY', 'UC_NONE', 'UC_NONE', 'SBX_MPOLY', 'SBX_NONE', 'SPC_NONE', 'SPC_NONE', 'SPC_NONE', 'TPC_NONE', 'TPC_NONE', 'SPC_NONE', 'SPC_NONE', 'UC_NONE', 'UC_NONE', 'TPC_NONE']","{'SBX_MPOLY': 6, 'SPC_MPOLY': 4, 'UC_MPOLY': 3, 'TPC_NONE': 10, 'UC_NONE': 17, 'SPC_NONE': 12, 'TPC_MPOLY': 1, 'NONE_MPOLY': 1, 'SBX_NONE': 1}"
13,56,SPC,NONE,0.6810285254870059,0.0385053356634585,628278824.96,559185644.7024887,1907152.8,1544549.1445216497,0.7392465435298671,-5.710011357296096e-06,0.0,0.0,GREEDY_HV,"['SPC_MBFLIP', 'SBX_MPOLY', 'SBX_MPOLY', 'SPC_MPOLY', 'SPC_MPOLY', 'UC_MPOLY', 'TPC_NONE', 'UC_NONE', 'SPC_NONE', 'SPC_NONE', 'TPC_NONE', 'UC_NONE', 'TPC_NONE', 'UC_NONE', 'UC_MPOLY', 'UC_NONE', 'TPC_MPOLY', 'TPC_NONE', 'UC_NONE', 'UC_NONE', 'UC_NONE', 'SBX_MPOLY', 'UC_NONE', 'UC_NONE', 'TPC_NONE', 'UC_NONE', 'TPC_NONE', 'UC_MPOLY', 'UC_NONE', 'NONE_MPOLY', 'SPC_NONE', 'SPC_NONE', 'UC_NONE', 'TPC_NONE', 'SPC_NONE', 'SPC_MPOLY', 'SBX_MPOLY', 'SPC_NONE', 'UC_NONE', 'SBX_MPOLY', 'SPC_NONE', 'SPC_MPOLY', 'UC_NONE', 'UC_NONE', 'SBX_MPOLY', 'SBX_NONE', 'SPC_NONE', 'SPC_NONE', 'SPC_NONE', 'TPC_NONE', 'TPC_NONE', 'SPC_NONE', 'SPC_NONE', 'UC_NONE', 'UC_NONE', 'TPC_NONE', 'SPC_NONE']","{'SBX_MPOLY': 6, 'SPC_MPOLY': 4, 'UC_MPOLY': 3, 'TPC_NONE': 10, 'UC_NONE': 17, 'SPC_NONE': 13, 'TPC_MPOLY': 1, 'NONE_MPOLY': 1, 'SBX_NONE': 1}"
13,57,SPC,NONE,0.6826090029282846,0.0380734311196475,642013629.44,548747837.0097064,1927064.48,1512358.996443612,0.7392331536672535,-1.338986261356645e-05,0.0,0.0,GREEDY_HV,"['SPC_MBFLIP', 'SBX_MPOLY', 'SBX_MPOLY', 'SPC_MPOLY', 'SPC_MPOLY', 'UC_MPOLY', 'TPC_NONE', 'UC_NONE', 'SPC_NONE', 'SPC_NONE', 'TPC_NONE', 'UC_NONE', 'TPC_NONE', 'UC_NONE', 'UC_MPOLY', 'UC_NONE', 'TPC_MPOLY', 'TPC_NONE', 'UC_NONE', 'UC_NONE', 'UC_NONE', 'SBX_MPOLY', 'UC_NONE', 'UC_NONE', 'TPC_NONE', 'UC_NONE', 'TPC_NONE', 'UC_MPOLY', 'UC_NONE', 'NONE_MPOLY', 'SPC_NONE', 'SPC_NONE', 'UC_NONE', 'TPC_NONE', 'SPC_NONE', 'SPC_MPOLY', 'SBX_MPOLY', 'SPC_NONE', 'UC_NONE', 'SBX_MPOLY', 'SPC_NONE', 'SPC_MPOLY', 'UC_NONE', 'UC_NONE', 'SBX_MPOLY', 'SBX_NONE', 'SPC_NONE', 'SPC_NONE', 'SPC_NONE', 'TPC_NONE', 'TPC_NONE', 'SPC_NONE', 'SPC_NONE', 'UC_NONE', 'UC_NONE', 'TPC_NONE', 'SPC_NONE', 'SPC_NONE']","{'SBX_MPOLY': 6, 'SPC_MPOLY': 4, 'UC_MPOLY': 3, 'TPC_NONE': 10, 'UC_NONE': 17, 'SPC_NONE': 14, 'TPC_MPOLY': 1, 'NONE_MPOLY': 1, 'SBX_NONE': 1}"
13,58,TPC,MPOLY,0.6822583426387303,0.0385203735759094,609583667.2,466250582.94037926,1916060.32,1475729.268387958,0.7397942581449997,0.0005611044777461,0.0,0.005,GREEDY_HV,"['SPC_MBFLIP', 'SBX_MPOLY', 'SBX_MPOLY', 'SPC_MPOLY', 'SPC_MPOLY', 'UC_MPOLY', 'TPC_NONE', 'UC_NONE', 'SPC_NONE', 'SPC_NONE', 'TPC_NONE', 'UC_NONE', 'TPC_NONE', 'UC_NONE', 'UC_MPOLY', 'UC_NONE', 'TPC_MPOLY', 'TPC_NONE', 'UC_NONE', 'UC_NONE', 'UC_NONE', 'SBX_MPOLY', 'UC_NONE', 'UC_NONE', 'TPC_NONE', 'UC_NONE', 'TPC_NONE', 'UC_MPOLY', 'UC_NONE', 'NONE_MPOLY', 'SPC_NONE', 'SPC_NONE', 'UC_NONE', 'TPC_NONE', 'SPC_NONE', 'SPC_MPOLY', 'SBX_MPOLY', 'SPC_NONE', 'UC_NONE', 'SBX_MPOLY', 'SPC_NONE', 'SPC_MPOLY', 'UC_NONE', 'UC_NONE', 'SBX_MPOLY', 'SBX_NONE', 'SPC_NONE', 'SPC_NONE', 'SPC_NONE', 'TPC_NONE', 'TPC_NONE', 'SPC_NONE', 'SPC_NONE', 'UC_NONE', 'UC_NONE', 'TPC_NONE', 'SPC_NONE', 'SPC_NONE', 'TPC_MPOLY']","{'SBX_MPOLY': 6, 'SPC_MPOLY': 4, 'UC_MPOLY': 3, 'TPC_NONE': 10, 'UC_NONE': 17, 'SPC_NONE': 14, 'TPC_MPOLY': 2, 'NONE_MPOLY': 1, 'SBX_NONE': 1}"
13,59,UC,NONE,0.6817646117562214,0.0383126971295593,603061196.8,469392059.345605,1921429.92,1503140.0717280854,0.7398444810558259,5.022291082623642e-05,0.0,0.0,GREEDY_HV,"['SPC_MBFLIP', 'SBX_MPOLY', 'SBX_MPOLY', 'SPC_MPOLY', 'SPC_MPOLY', 'UC_MPOLY', 'TPC_NONE', 'UC_NONE', 'SPC_NONE', 'SPC_NONE', 'TPC_NONE', 'UC_NONE', 'TPC_NONE', 'UC_NONE', 'UC_MPOLY', 'UC_NONE', 'TPC_MPOLY', 'TPC_NONE', 'UC_NONE', 'UC_NONE', 'UC_NONE', 'SBX_MPOLY', 'UC_NONE', 'UC_NONE', 'TPC_NONE', 'UC_NONE', 'TPC_NONE', 'UC_MPOLY', 'UC_NONE', 'NONE_MPOLY', 'SPC_NONE', 'SPC_NONE', 'UC_NONE', 'TPC_NONE', 'SPC_NONE', 'SPC_MPOLY', 'SBX_MPOLY', 'SPC_NONE', 'UC_NONE', 'SBX_MPOLY', 'SPC_NONE', 'SPC_MPOLY', 'UC_NONE', 'UC_NONE', 'SBX_MPOLY', 'SBX_NONE', 'SPC_NONE', 'SPC_NONE', 'SPC_NONE', 'TPC_NONE', 'TPC_NONE', 'SPC_NONE', 'SPC_NONE', 'UC_NONE', 'UC_NONE', 'TPC_NONE', 'SPC_NONE', 'SPC_NONE', 'TPC_MPOLY', 'UC_NONE']","{'SBX_MPOLY': 6, 'SPC_MPOLY': 4, 'UC_MPOLY': 3, 'TPC_NONE': 10, 'UC_NONE': 18, 'SPC_NONE': 14, 'TPC_MPOLY': 2, 'NONE_MPOLY': 1, 'SBX_NONE': 1}"
13,60,SPC,NONE,0.6829805972781358,0.0388039594828685,621711713.28,483754103.3050428,1990114.72,1508819.0758152425,0.7398429025733733,-1.5784824526354768e-06,0.0,0.0,GREEDY_HV,"['SPC_MBFLIP', 'SBX_MPOLY', 'SBX_MPOLY', 'SPC_MPOLY', 'SPC_MPOLY', 'UC_MPOLY', 'TPC_NONE', 'UC_NONE', 'SPC_NONE', 'SPC_NONE', 'TPC_NONE', 'UC_NONE', 'TPC_NONE', 'UC_NONE', 'UC_MPOLY', 'UC_NONE', 'TPC_MPOLY', 'TPC_NONE', 'UC_NONE', 'UC_NONE', 'UC_NONE', 'SBX_MPOLY', 'UC_NONE', 'UC_NONE', 'TPC_NONE', 'UC_NONE', 'TPC_NONE', 'UC_MPOLY', 'UC_NONE', 'NONE_MPOLY', 'SPC_NONE', 'SPC_NONE', 'UC_NONE', 'TPC_NONE', 'SPC_NONE', 'SPC_MPOLY', 'SBX_MPOLY', 'SPC_NONE', 'UC_NONE', 'SBX_MPOLY', 'SPC_NONE', 'SPC_MPOLY', 'UC_NONE', 'UC_NONE', 'SBX_MPOLY', 'SBX_NONE', 'SPC_NONE', 'SPC_NONE', 'SPC_NONE', 'TPC_NONE', 'TPC_NONE', 'SPC_NONE', 'SPC_NONE', 'UC_NONE', 'UC_NONE', 'TPC_NONE', 'SPC_NONE', 'SPC_NONE', 'TPC_MPOLY', 'UC_NONE', 'SPC_NONE']","{'SBX_MPOLY': 6, 'SPC_MPOLY': 4, 'UC_MPOLY': 3, 'TPC_NONE': 10, 'UC_NONE': 18, 'SPC_NONE': 15, 'TPC_MPOLY': 2, 'NONE_MPOLY': 1, 'SBX_NONE': 1}"
13,61,NONE,MPOLY,0.6825142019254588,0.0389979318184943,622437114.88,488613942.4224086,1981068.96,1520442.189787812,0.7404163982620002,0.0005734956886269,0.0,0.0,GREEDY_HV,"['SPC_MBFLIP', 'SBX_MPOLY', 'SBX_MPOLY', 'SPC_MPOLY', 'SPC_MPOLY', 'UC_MPOLY', 'TPC_NONE', 'UC_NONE', 'SPC_NONE', 'SPC_NONE', 'TPC_NONE', 'UC_NONE', 'TPC_NONE', 'UC_NONE', 'UC_MPOLY', 'UC_NONE', 'TPC_MPOLY', 'TPC_NONE', 'UC_NONE', 'UC_NONE', 'UC_NONE', 'SBX_MPOLY', 'UC_NONE', 'UC_NONE', 'TPC_NONE', 'UC_NONE', 'TPC_NONE', 'UC_MPOLY', 'UC_NONE', 'NONE_MPOLY', 'SPC_NONE', 'SPC_NONE', 'UC_NONE', 'TPC_NONE', 'SPC_NONE', 'SPC_MPOLY', 'SBX_MPOLY', 'SPC_NONE', 'UC_NONE', 'SBX_MPOLY', 'SPC_NONE', 'SPC_MPOLY', 'UC_NONE', 'UC_NONE', 'SBX_MPOLY', 'SBX_NONE', 'SPC_NONE', 'SPC_NONE', 'SPC_NONE', 'TPC_NONE', 'TPC_NONE', 'SPC_NONE', 'SPC_NONE', 'UC_NONE', 'UC_NONE', 'TPC_NONE', 'SPC_NONE', 'SPC_NONE', 'TPC_MPOLY', 'UC_NONE', 'SPC_NONE', 'NONE_MPOLY']","{'SBX_MPOLY': 6, 'SPC_MPOLY': 4, 'UC_MPOLY': 3, 'TPC_NONE': 10, 'UC_NONE': 18, 'SPC_NONE': 15, 'TPC_MPOLY': 2, 'NONE_MPOLY': 2, 'SBX_NONE': 1}"
13,62,SPC,NONE,0.681286635413482,0.0383413352234572,578343710.72,468465673.14749664,1927558.56,1541567.7393294417,0.7404830690122127,6.667075021249413e-05,0.0,0.0,GREEDY_HV,"['SPC_MBFLIP', 'SBX_MPOLY', 'SBX_MPOLY', 'SPC_MPOLY', 'SPC_MPOLY', 'UC_MPOLY', 'TPC_NONE', 'UC_NONE', 'SPC_NONE', 'SPC_NONE', 'TPC_NONE', 'UC_NONE', 'TPC_NONE', 'UC_NONE', 'UC_MPOLY', 'UC_NONE', 'TPC_MPOLY', 'TPC_NONE', 'UC_NONE', 'UC_NONE', 'UC_NONE', 'SBX_MPOLY', 'UC_NONE', 'UC_NONE', 'TPC_NONE', 'UC_NONE', 'TPC_NONE', 'UC_MPOLY', 'UC_NONE', 'NONE_MPOLY', 'SPC_NONE', 'SPC_NONE', 'UC_NONE', 'TPC_NONE', 'SPC_NONE', 'SPC_MPOLY', 'SBX_MPOLY', 'SPC_NONE', 'UC_NONE', 'SBX_MPOLY', 'SPC_NONE', 'SPC_MPOLY', 'UC_NONE', 'UC_NONE', 'SBX_MPOLY', 'SBX_NONE', 'SPC_NONE', 'SPC_NONE', 'SPC_NONE', 'TPC_NONE', 'TPC_NONE', 'SPC_NONE', 'SPC_NONE', 'UC_NONE', 'UC_NONE', 'TPC_NONE', 'SPC_NONE', 'SPC_NONE', 'TPC_MPOLY', 'UC_NONE', 'SPC_NONE', 'NONE_MPOLY', 'SPC_NONE']","{'SBX_MPOLY': 6, 'SPC_MPOLY': 4, 'UC_MPOLY': 3, 'TPC_NONE': 10, 'UC_NONE': 18, 'SPC_NONE': 16, 'TPC_MPOLY': 2, 'NONE_MPOLY': 2, 'SBX_NONE': 1}"
13,63,SPC,NONE,0.6825436922395665,0.0387171182507882,630391147.52,485849270.4445344,1953644.96,1517259.500546653,0.7404605974647755,-2.247154743717505e-05,0.0,0.0,GREEDY_HV,"['SPC_MBFLIP', 'SBX_MPOLY', 'SBX_MPOLY', 'SPC_MPOLY', 'SPC_MPOLY', 'UC_MPOLY', 'TPC_NONE', 'UC_NONE', 'SPC_NONE', 'SPC_NONE', 'TPC_NONE', 'UC_NONE', 'TPC_NONE', 'UC_NONE', 'UC_MPOLY', 'UC_NONE', 'TPC_MPOLY', 'TPC_NONE', 'UC_NONE', 'UC_NONE', 'UC_NONE', 'SBX_MPOLY', 'UC_NONE', 'UC_NONE', 'TPC_NONE', 'UC_NONE', 'TPC_NONE', 'UC_MPOLY', 'UC_NONE', 'NONE_MPOLY', 'SPC_NONE', 'SPC_NONE', 'UC_NONE', 'TPC_NONE', 'SPC_NONE', 'SPC_MPOLY', 'SBX_MPOLY', 'SPC_NONE', 'UC_NONE', 'SBX_MPOLY', 'SPC_NONE', 'SPC_MPOLY', 'UC_NONE', 'UC_NONE', 'SBX_MPOLY', 'SBX_NONE', 'SPC_NONE', 'SPC_NONE', 'SPC_NONE', 'TPC_NONE', 'TPC_NONE', 'SPC_NONE', 'SPC_NONE', 'UC_NONE', 'UC_NONE', 'TPC_NONE', 'SPC_NONE', 'SPC_NONE', 'TPC_MPOLY', 'UC_NONE', 'SPC_NONE', 'NONE_MPOLY', 'SPC_NONE', 'SPC_NONE']","{'SBX_MPOLY': 6, 'SPC_MPOLY': 4, 'UC_MPOLY': 3, 'TPC_NONE': 10, 'UC_NONE': 18, 'SPC_NONE': 17, 'TPC_MPOLY': 2, 'NONE_MPOLY': 2, 'SBX_NONE': 1}"
13,64,TPC,NONE,0.6823437349934087,0.0383601446435047,600014581.76,460025241.3010518,1892873.12,1478610.174835066,0.7404969817576286,3.638429285302003e-05,0.01,0.0,GREEDY_HV,"['SPC_MBFLIP', 'SBX_MPOLY', 'SBX_MPOLY', 'SPC_MPOLY', 'SPC_MPOLY', 'UC_MPOLY', 'TPC_NONE', 'UC_NONE', 'SPC_NONE', 'SPC_NONE', 'TPC_NONE', 'UC_NONE', 'TPC_NONE', 'UC_NONE', 'UC_MPOLY', 'UC_NONE', 'TPC_MPOLY', 'TPC_NONE', 'UC_NONE', 'UC_NONE', 'UC_NONE', 'SBX_MPOLY', 'UC_NONE', 'UC_NONE', 'TPC_NONE', 'UC_NONE', 'TPC_NONE', 'UC_MPOLY', 'UC_NONE', 'NONE_MPOLY', 'SPC_NONE', 'SPC_NONE', 'UC_NONE', 'TPC_NONE', 'SPC_NONE', 'SPC_MPOLY', 'SBX_MPOLY', 'SPC_NONE', 'UC_NONE', 'SBX_MPOLY', 'SPC_NONE', 'SPC_MPOLY', 'UC_NONE', 'UC_NONE', 'SBX_MPOLY', 'SBX_NONE', 'SPC_NONE', 'SPC_NONE', 'SPC_NONE', 'TPC_NONE', 'TPC_NONE', 'SPC_NONE', 'SPC_NONE', 'UC_NONE', 'UC_NONE', 'TPC_NONE', 'SPC_NONE', 'SPC_NONE', 'TPC_MPOLY', 'UC_NONE', 'SPC_NONE', 'NONE_MPOLY', 'SPC_NONE', 'SPC_NONE', 'TPC_NONE']","{'SBX_MPOLY': 6, 'SPC_MPOLY': 4, 'UC_MPOLY': 3, 'TPC_NONE': 11, 'UC_NONE': 18, 'SPC_NONE': 17, 'TPC_MPOLY': 2, 'NONE_MPOLY': 2, 'SBX_NONE': 1}"
13,65,TPC,NONE,0.6843614242368607,0.038470906945929,622266600.96,468143821.095606,2043820.96,1522387.891582864,0.7405305597228237,3.357796519509737e-05,0.0,0.0,GREEDY_HV,"['SPC_MBFLIP', 'SBX_MPOLY', 'SBX_MPOLY', 'SPC_MPOLY', 'SPC_MPOLY', 'UC_MPOLY', 'TPC_NONE', 'UC_NONE', 'SPC_NONE', 'SPC_NONE', 'TPC_NONE', 'UC_NONE', 'TPC_NONE', 'UC_NONE', 'UC_MPOLY', 'UC_NONE', 'TPC_MPOLY', 'TPC_NONE', 'UC_NONE', 'UC_NONE', 'UC_NONE', 'SBX_MPOLY', 'UC_NONE', 'UC_NONE', 'TPC_NONE', 'UC_NONE', 'TPC_NONE', 'UC_MPOLY', 'UC_NONE', 'NONE_MPOLY', 'SPC_NONE', 'SPC_NONE', 'UC_NONE', 'TPC_NONE', 'SPC_NONE', 'SPC_MPOLY', 'SBX_MPOLY', 'SPC_NONE', 'UC_NONE', 'SBX_MPOLY', 'SPC_NONE', 'SPC_MPOLY', 'UC_NONE', 'UC_NONE', 'SBX_MPOLY', 'SBX_NONE', 'SPC_NONE', 'SPC_NONE', 'SPC_NONE', 'TPC_NONE', 'TPC_NONE', 'SPC_NONE', 'SPC_NONE', 'UC_NONE', 'UC_NONE', 'TPC_NONE', 'SPC_NONE', 'SPC_NONE', 'TPC_MPOLY', 'UC_NONE', 'SPC_NONE', 'NONE_MPOLY', 'SPC_NONE', 'SPC_NONE', 'TPC_NONE', 'TPC_NONE']","{'SBX_MPOLY': 6, 'SPC_MPOLY': 4, 'UC_MPOLY': 3, 'TPC_NONE': 12, 'UC_NONE': 18, 'SPC_NONE': 17, 'TPC_MPOLY': 2, 'NONE_MPOLY': 2, 'SBX_NONE': 1}"
13,66,UC,NONE,0.6839727670379142,0.0375804298370351,592658124.8,468262817.0938908,1994409.12,1492858.86834903,0.7404983538653546,-3.2205857469103094e-05,0.0,0.0,GREEDY_HV,"['SPC_MBFLIP', 'SBX_MPOLY', 'SBX_MPOLY', 'SPC_MPOLY', 'SPC_MPOLY', 'UC_MPOLY', 'TPC_NONE', 'UC_NONE', 'SPC_NONE', 'SPC_NONE', 'TPC_NONE', 'UC_NONE', 'TPC_NONE', 'UC_NONE', 'UC_MPOLY', 'UC_NONE', 'TPC_MPOLY', 'TPC_NONE', 'UC_NONE', 'UC_NONE', 'UC_NONE', 'SBX_MPOLY', 'UC_NONE', 'UC_NONE', 'TPC_NONE', 'UC_NONE', 'TPC_NONE', 'UC_MPOLY', 'UC_NONE', 'NONE_MPOLY', 'SPC_NONE', 'SPC_NONE', 'UC_NONE', 'TPC_NONE', 'SPC_NONE', 'SPC_MPOLY', 'SBX_MPOLY', 'SPC_NONE', 'UC_NONE', 'SBX_MPOLY', 'SPC_NONE', 'SPC_MPOLY', 'UC_NONE', 'UC_NONE', 'SBX_MPOLY', 'SBX_NONE', 'SPC_NONE', 'SPC_NONE', 'SPC_NONE', 'TPC_NONE', 'TPC_NONE', 'SPC_NONE', 'SPC_NONE', 'UC_NONE', 'UC_NONE', 'TPC_NONE', 'SPC_NONE', 'SPC_NONE', 'TPC_MPOLY', 'UC_NONE', 'SPC_NONE', 'NONE_MPOLY', 'SPC_NONE', 'SPC_NONE', 'TPC_NONE', 'TPC_NONE', 'UC_NONE']","{'SBX_MPOLY': 6, 'SPC_MPOLY': 4, 'UC_MPOLY': 3, 'TPC_NONE': 12, 'UC_NONE': 19, 'SPC_NONE': 17, 'TPC_MPOLY': 2, 'NONE_MPOLY': 2, 'SBX_NONE': 1}"
13,67,UC,NONE,0.6832163755712173,0.0377400634508055,609840051.2,468695102.2082572,1894907.04,1492423.938556561,0.7404986036990344,2.4983367985509375e-07,0.0,0.0,GREEDY_HV,"['SPC_MBFLIP', 'SBX_MPOLY', 'SBX_MPOLY', 'SPC_MPOLY', 'SPC_MPOLY', 'UC_MPOLY', 'TPC_NONE', 'UC_NONE', 'SPC_NONE', 'SPC_NONE', 'TPC_NONE', 'UC_NONE', 'TPC_NONE', 'UC_NONE', 'UC_MPOLY', 'UC_NONE', 'TPC_MPOLY', 'TPC_NONE', 'UC_NONE', 'UC_NONE', 'UC_NONE', 'SBX_MPOLY', 'UC_NONE', 'UC_NONE', 'TPC_NONE', 'UC_NONE', 'TPC_NONE', 'UC_MPOLY', 'UC_NONE', 'NONE_MPOLY', 'SPC_NONE', 'SPC_NONE', 'UC_NONE', 'TPC_NONE', 'SPC_NONE', 'SPC_MPOLY', 'SBX_MPOLY', 'SPC_NONE', 'UC_NONE', 'SBX_MPOLY', 'SPC_NONE', 'SPC_MPOLY', 'UC_NONE', 'UC_NONE', 'SBX_MPOLY', 'SBX_NONE', 'SPC_NONE', 'SPC_NONE', 'SPC_NONE', 'TPC_NONE', 'TPC_NONE', 'SPC_NONE', 'SPC_NONE', 'UC_NONE', 'UC_NONE', 'TPC_NONE', 'SPC_NONE', 'SPC_NONE', 'TPC_MPOLY', 'UC_NONE', 'SPC_NONE', 'NONE_MPOLY', 'SPC_NONE', 'SPC_NONE', 'TPC_NONE', 'TPC_NONE', 'UC_NONE', 'UC_NONE']","{'SBX_MPOLY': 6, 'SPC_MPOLY': 4, 'UC_MPOLY': 3, 'TPC_NONE': 12, 'UC_NONE': 20, 'SPC_NONE': 17, 'TPC_MPOLY': 2, 'NONE_MPOLY': 2, 'SBX_NONE': 1}"
13,68,TPC,MPOLY,0.6833233544996079,0.0377436009121114,599849420.8,464278001.0132684,1942105.76,1503522.7121814764,0.7404891176747633,-9.486024271088134e-06,0.0,0.0,GREEDY_HV,"['SPC_MBFLIP', 'SBX_MPOLY', 'SBX_MPOLY', 'SPC_MPOLY', 'SPC_MPOLY', 'UC_MPOLY', 'TPC_NONE', 'UC_NONE', 'SPC_NONE', 'SPC_NONE', 'TPC_NONE', 'UC_NONE', 'TPC_NONE', 'UC_NONE', 'UC_MPOLY', 'UC_NONE', 'TPC_MPOLY', 'TPC_NONE', 'UC_NONE', 'UC_NONE', 'UC_NONE', 'SBX_MPOLY', 'UC_NONE', 'UC_NONE', 'TPC_NONE', 'UC_NONE', 'TPC_NONE', 'UC_MPOLY', 'UC_NONE', 'NONE_MPOLY', 'SPC_NONE', 'SPC_NONE', 'UC_NONE', 'TPC_NONE', 'SPC_NONE', 'SPC_MPOLY', 'SBX_MPOLY', 'SPC_NONE', 'UC_NONE', 'SBX_MPOLY', 'SPC_NONE', 'SPC_MPOLY', 'UC_NONE', 'UC_NONE', 'SBX_MPOLY', 'SBX_NONE', 'SPC_NONE', 'SPC_NONE', 'SPC_NONE', 'TPC_NONE', 'TPC_NONE', 'SPC_NONE', 'SPC_NONE', 'UC_NONE', 'UC_NONE', 'TPC_NONE', 'SPC_NONE', 'SPC_NONE', 'TPC_MPOLY', 'UC_NONE', 'SPC_NONE', 'NONE_MPOLY', 'SPC_NONE', 'SPC_NONE', 'TPC_NONE', 'TPC_NONE', 'UC_NONE', 'UC_NONE', 'TPC_MPOLY']","{'SBX_MPOLY': 6, 'SPC_MPOLY': 4, 'UC_MPOLY': 3, 'TPC_NONE': 12, 'UC_NONE': 20, 'SPC_NONE': 17, 'TPC_MPOLY': 3, 'NONE_MPOLY': 2, 'SBX_NONE': 1}"
13,69,UC,NONE,0.6839262041511285,0.0387681032661424,613692595.2,485500474.9277018,2114681.76,1580392.4843014737,0.7405417813087055,5.266363394218487e-05,0.0,0.0,GREEDY_HV,"['SPC_MBFLIP', 'SBX_MPOLY', 'SBX_MPOLY', 'SPC_MPOLY', 'SPC_MPOLY', 'UC_MPOLY', 'TPC_NONE', 'UC_NONE', 'SPC_NONE', 'SPC_NONE', 'TPC_NONE', 'UC_NONE', 'TPC_NONE', 'UC_NONE', 'UC_MPOLY', 'UC_NONE', 'TPC_MPOLY', 'TPC_NONE', 'UC_NONE', 'UC_NONE', 'UC_NONE', 'SBX_MPOLY', 'UC_NONE', 'UC_NONE', 'TPC_NONE', 'UC_NONE', 'TPC_NONE', 'UC_MPOLY', 'UC_NONE', 'NONE_MPOLY', 'SPC_NONE', 'SPC_NONE', 'UC_NONE', 'TPC_NONE', 'SPC_NONE', 'SPC_MPOLY', 'SBX_MPOLY', 'SPC_NONE', 'UC_NONE', 'SBX_MPOLY', 'SPC_NONE', 'SPC_MPOLY', 'UC_NONE', 'UC_NONE', 'SBX_MPOLY', 'SBX_NONE', 'SPC_NONE', 'SPC_NONE', 'SPC_NONE', 'TPC_NONE', 'TPC_NONE', 'SPC_NONE', 'SPC_NONE', 'UC_NONE', 'UC_NONE', 'TPC_NONE', 'SPC_NONE', 'SPC_NONE', 'TPC_MPOLY', 'UC_NONE', 'SPC_NONE', 'NONE_MPOLY', 'SPC_NONE', 'SPC_NONE', 'TPC_NONE', 'TPC_NONE', 'UC_NONE', 'UC_NONE', 'TPC_MPOLY', 'UC_NONE']","{'SBX_MPOLY': 6, 'SPC_MPOLY': 4, 'UC_MPOLY': 3, 'TPC_NONE': 12, 'UC_NONE': 21, 'SPC_NONE': 17, 'TPC_MPOLY': 3, 'NONE_MPOLY': 2, 'SBX_NONE': 1}"
13,70,UC,NONE,0.6847321494030691,0.0380948136045473,623629736.96,474528892.0817261,2110118.56,1576297.5672536471,0.7405080714704605,-3.370983824502183e-05,0.0,0.0,GREEDY_HV,"['SPC_MBFLIP', 'SBX_MPOLY', 'SBX_MPOLY', 'SPC_MPOLY', 'SPC_MPOLY', 'UC_MPOLY', 'TPC_NONE', 'UC_NONE', 'SPC_NONE', 'SPC_NONE', 'TPC_NONE', 'UC_NONE', 'TPC_NONE', 'UC_NONE', 'UC_MPOLY', 'UC_NONE', 'TPC_MPOLY', 'TPC_NONE', 'UC_NONE', 'UC_NONE', 'UC_NONE', 'SBX_MPOLY', 'UC_NONE', 'UC_NONE', 'TPC_NONE', 'UC_NONE', 'TPC_NONE', 'UC_MPOLY', 'UC_NONE', 'NONE_MPOLY', 'SPC_NONE', 'SPC_NONE', 'UC_NONE', 'TPC_NONE', 'SPC_NONE', 'SPC_MPOLY', 'SBX_MPOLY', 'SPC_NONE', 'UC_NONE', 'SBX_MPOLY', 'SPC_NONE', 'SPC_MPOLY', 'UC_NONE', 'UC_NONE', 'SBX_MPOLY', 'SBX_NONE', 'SPC_NONE', 'SPC_NONE', 'SPC_NONE', 'TPC_NONE', 'TPC_NONE', 'SPC_NONE', 'SPC_NONE', 'UC_NONE', 'UC_NONE', 'TPC_NONE', 'SPC_NONE', 'SPC_NONE', 'TPC_MPOLY', 'UC_NONE', 'SPC_NONE', 'NONE_MPOLY', 'SPC_NONE', 'SPC_NONE', 'TPC_NONE', 'TPC_NONE', 'UC_NONE', 'UC_NONE', 'TPC_MPOLY', 'UC_NONE', 'UC_NONE']","{'SBX_MPOLY': 6, 'SPC_MPOLY': 4, 'UC_MPOLY': 3, 'TPC_NONE': 12, 'UC_NONE': 22, 'SPC_NONE': 17, 'TPC_MPOLY': 3, 'NONE_MPOLY': 2, 'SBX_NONE': 1}"
13,71,SBX,NONE,0.6846041459663408,0.0379028902951208,609430968.32,473640346.35116667,2128044.96,1603716.41662784,0.7406659117209631,0.0001578402505025,0.0,0.0,GREEDY_HV,"['SPC_MBFLIP', 'SBX_MPOLY', 'SBX_MPOLY', 'SPC_MPOLY', 'SPC_MPOLY', 'UC_MPOLY', 'TPC_NONE', 'UC_NONE', 'SPC_NONE', 'SPC_NONE', 'TPC_NONE', 'UC_NONE', 'TPC_NONE', 'UC_NONE', 'UC_MPOLY', 'UC_NONE', 'TPC_MPOLY', 'TPC_NONE', 'UC_NONE', 'UC_NONE', 'UC_NONE', 'SBX_MPOLY', 'UC_NONE', 'UC_NONE', 'TPC_NONE', 'UC_NONE', 'TPC_NONE', 'UC_MPOLY', 'UC_NONE', 'NONE_MPOLY', 'SPC_NONE', 'SPC_NONE', 'UC_NONE', 'TPC_NONE', 'SPC_NONE', 'SPC_MPOLY', 'SBX_MPOLY', 'SPC_NONE', 'UC_NONE', 'SBX_MPOLY', 'SPC_NONE', 'SPC_MPOLY', 'UC_NONE', 'UC_NONE', 'SBX_MPOLY', 'SBX_NONE', 'SPC_NONE', 'SPC_NONE', 'SPC_NONE', 'TPC_NONE', 'TPC_NONE', 'SPC_NONE', 'SPC_NONE', 'UC_NONE', 'UC_NONE', 'TPC_NONE', 'SPC_NONE', 'SPC_NONE', 'TPC_MPOLY', 'UC_NONE', 'SPC_NONE', 'NONE_MPOLY', 'SPC_NONE', 'SPC_NONE', 'TPC_NONE', 'TPC_NONE', 'UC_NONE', 'UC_NONE', 'TPC_MPOLY', 'UC_NONE', 'UC_NONE', 'SBX_NONE']","{'SBX_MPOLY': 6, 'SPC_MPOLY': 4, 'UC_MPOLY': 3, 'TPC_NONE': 12, 'UC_NONE': 22, 'SPC_NONE': 17, 'TPC_MPOLY': 3, 'NONE_MPOLY': 2, 'SBX_NONE': 2}"
13,72,SPC,NONE,0.6844276421267779,0.0380358577678795,614641397.76,481622905.4338159,2131312.8,1638044.2217714146,0.7406963974440944,3.0485723131357112e-05,0.01,0.0,GREEDY_HV,"['SPC_MBFLIP', 'SBX_MPOLY', 'SBX_MPOLY', 'SPC_MPOLY', 'SPC_MPOLY', 'UC_MPOLY', 'TPC_NONE', 'UC_NONE', 'SPC_NONE', 'SPC_NONE', 'TPC_NONE', 'UC_NONE', 'TPC_NONE', 'UC_NONE', 'UC_MPOLY', 'UC_NONE', 'TPC_MPOLY', 'TPC_NONE', 'UC_NONE', 'UC_NONE', 'UC_NONE', 'SBX_MPOLY', 'UC_NONE', 'UC_NONE', 'TPC_NONE', 'UC_NONE', 'TPC_NONE', 'UC_MPOLY', 'UC_NONE', 'NONE_MPOLY', 'SPC_NONE', 'SPC_NONE', 'UC_NONE', 'TPC_NONE', 'SPC_NONE', 'SPC_MPOLY', 'SBX_MPOLY', 'SPC_NONE', 'UC_NONE', 'SBX_MPOLY', 'SPC_NONE', 'SPC_MPOLY', 'UC_NONE', 'UC_NONE', 'SBX_MPOLY', 'SBX_NONE', 'SPC_NONE', 'SPC_NONE', 'SPC_NONE', 'TPC_NONE', 'TPC_NONE', 'SPC_NONE', 'SPC_NONE', 'UC_NONE', 'UC_NONE', 'TPC_NONE', 'SPC_NONE', 'SPC_NONE', 'TPC_MPOLY', 'UC_NONE', 'SPC_NONE', 'NONE_MPOLY', 'SPC_NONE', 'SPC_NONE', 'TPC_NONE', 'TPC_NONE', 'UC_NONE', 'UC_NONE', 'TPC_MPOLY', 'UC_NONE', 'UC_NONE', 'SBX_NONE', 'SPC_NONE']","{'SBX_MPOLY': 6, 'SPC_MPOLY': 4, 'UC_MPOLY': 3, 'TPC_NONE': 12, 'UC_NONE': 22, 'SPC_NONE': 18, 'TPC_MPOLY': 3, 'NONE_MPOLY': 2, 'SBX_NONE': 2}"
13,73,UC,NONE,0.6839593562397238,0.0382616583260402,598713984.0,466102848.9704638,2115159.2,1591721.1687349766,0.7420855091186728,0.0013891116745783,0.01,0.0,GREEDY_HV,"['SPC_MBFLIP', 'SBX_MPOLY', 'SBX_MPOLY', 'SPC_MPOLY', 'SPC_MPOLY', 'UC_MPOLY', 'TPC_NONE', 'UC_NONE', 'SPC_NONE', 'SPC_NONE', 'TPC_NONE', 'UC_NONE', 'TPC_NONE', 'UC_NONE', 'UC_MPOLY', 'UC_NONE', 'TPC_MPOLY', 'TPC_NONE', 'UC_NONE', 'UC_NONE', 'UC_NONE', 'SBX_MPOLY', 'UC_NONE', 'UC_NONE', 'TPC_NONE', 'UC_NONE', 'TPC_NONE', 'UC_MPOLY', 'UC_NONE', 'NONE_MPOLY', 'SPC_NONE', 'SPC_NONE', 'UC_NONE', 'TPC_NONE', 'SPC_NONE', 'SPC_MPOLY', 'SBX_MPOLY', 'SPC_NONE', 'UC_NONE', 'SBX_MPOLY', 'SPC_NONE', 'SPC_MPOLY', 'UC_NONE', 'UC_NONE', 'SBX_MPOLY', 'SBX_NONE', 'SPC_NONE', 'SPC_NONE', 'SPC_NONE', 'TPC_NONE', 'TPC_NONE', 'SPC_NONE', 'SPC_NONE', 'UC_NONE', 'UC_NONE', 'TPC_NONE', 'SPC_NONE', 'SPC_NONE', 'TPC_MPOLY', 'UC_NONE', 'SPC_NONE', 'NONE_MPOLY', 'SPC_NONE', 'SPC_NONE', 'TPC_NONE', 'TPC_NONE', 'UC_NONE', 'UC_NONE', 'TPC_MPOLY', 'UC_NONE', 'UC_NONE', 'SBX_NONE', 'SPC_NONE', 'UC_NONE']","{'SBX_MPOLY': 6, 'SPC_MPOLY': 4, 'UC_MPOLY': 3, 'TPC_NONE': 12, 'UC_NONE': 23, 'SPC_NONE': 18, 'TPC_MPOLY': 3, 'NONE_MPOLY': 2, 'SBX_NONE': 2}"
13,74,SBX,MPOLY,0.6842211487618775,0.0383322386865386,603761945.6,469872520.5331477,2161921.44,1620219.6737858497,0.7422098421126802,0.0001243329940073,0.01,0.015,GREEDY_HV,"['SPC_MBFLIP', 'SBX_MPOLY', 'SBX_MPOLY', 'SPC_MPOLY', 'SPC_MPOLY', 'UC_MPOLY', 'TPC_NONE', 'UC_NONE', 'SPC_NONE', 'SPC_NONE', 'TPC_NONE', 'UC_NONE', 'TPC_NONE', 'UC_NONE', 'UC_MPOLY', 'UC_NONE', 'TPC_MPOLY', 'TPC_NONE', 'UC_NONE', 'UC_NONE', 'UC_NONE', 'SBX_MPOLY', 'UC_NONE', 'UC_NONE', 'TPC_NONE', 'UC_NONE', 'TPC_NONE', 'UC_MPOLY', 'UC_NONE', 'NONE_MPOLY', 'SPC_NONE', 'SPC_NONE', 'UC_NONE', 'TPC_NONE', 'SPC_NONE', 'SPC_MPOLY', 'SBX_MPOLY', 'SPC_NONE', 'UC_NONE', 'SBX_MPOLY', 'SPC_NONE', 'SPC_MPOLY', 'UC_NONE', 'UC_NONE', 'SBX_MPOLY', 'SBX_NONE', 'SPC_NONE', 'SPC_NONE', 'SPC_NONE', 'TPC_NONE', 'TPC_NONE', 'SPC_NONE', 'SPC_NONE', 'UC_NONE', 'UC_NONE', 'TPC_NONE', 'SPC_NONE', 'SPC_NONE', 'TPC_MPOLY', 'UC_NONE', 'SPC_NONE', 'NONE_MPOLY', 'SPC_NONE', 'SPC_NONE', 'TPC_NONE', 'TPC_NONE', 'UC_NONE', 'UC_NONE', 'TPC_MPOLY', 'UC_NONE', 'UC_NONE', 'SBX_NONE', 'SPC_NONE', 'UC_NONE', 'SBX_MPOLY']","{'SBX_MPOLY': 7, 'SPC_MPOLY': 4, 'UC_MPOLY': 3, 'TPC_NONE': 12, 'UC_NONE': 23, 'SPC_NONE': 18, 'TPC_MPOLY': 3, 'NONE_MPOLY': 2, 'SBX_NONE': 2}"
13,75,SPC,NONE,0.6831220664203861,0.0388670860106421,602303360.0,494339025.05891377,2184422.56,1708710.2039128833,0.7422622938576606,5.245174498047511e-05,0.0,0.0,GREEDY_HV,"['SPC_MBFLIP', 'SBX_MPOLY', 'SBX_MPOLY', 'SPC_MPOLY', 'SPC_MPOLY', 'UC_MPOLY', 'TPC_NONE', 'UC_NONE', 'SPC_NONE', 'SPC_NONE', 'TPC_NONE', 'UC_NONE', 'TPC_NONE', 'UC_NONE', 'UC_MPOLY', 'UC_NONE', 'TPC_MPOLY', 'TPC_NONE', 'UC_NONE', 'UC_NONE', 'UC_NONE', 'SBX_MPOLY', 'UC_NONE', 'UC_NONE', 'TPC_NONE', 'UC_NONE', 'TPC_NONE', 'UC_MPOLY', 'UC_NONE', 'NONE_MPOLY', 'SPC_NONE', 'SPC_NONE', 'UC_NONE', 'TPC_NONE', 'SPC_NONE', 'SPC_MPOLY', 'SBX_MPOLY', 'SPC_NONE', 'UC_NONE', 'SBX_MPOLY', 'SPC_NONE', 'SPC_MPOLY', 'UC_NONE', 'UC_NONE', 'SBX_MPOLY', 'SBX_NONE', 'SPC_NONE', 'SPC_NONE', 'SPC_NONE', 'TPC_NONE', 'TPC_NONE', 'SPC_NONE', 'SPC_NONE', 'UC_NONE', 'UC_NONE', 'TPC_NONE', 'SPC_NONE', 'SPC_NONE', 'TPC_MPOLY', 'UC_NONE', 'SPC_NONE', 'NONE_MPOLY', 'SPC_NONE', 'SPC_NONE', 'TPC_NONE', 'TPC_NONE', 'UC_NONE', 'UC_NONE', 'TPC_MPOLY', 'UC_NONE', 'UC_NONE', 'SBX_NONE', 'SPC_NONE', 'UC_NONE', 'SBX_MPOLY', 'SPC_NONE']","{'SBX_MPOLY': 7, 'SPC_MPOLY': 4, 'UC_MPOLY': 3, 'TPC_NONE': 12, 'UC_NONE': 23, 'SPC_NONE': 19, 'TPC_MPOLY': 3, 'NONE_MPOLY': 2, 'SBX_NONE': 2}"
13,76,SPC,NONE,0.6855124951334369,0.039308728395669,637911669.76,483661273.22534007,2336777.12,1697747.7603206036,0.7422795630416603,1.7269183999690796e-05,0.0,0.0,GREEDY_HV,"['SPC_MBFLIP', 'SBX_MPOLY', 'SBX_MPOLY', 'SPC_MPOLY', 'SPC_MPOLY', 'UC_MPOLY', 'TPC_NONE', 'UC_NONE', 'SPC_NONE', 'SPC_NONE', 'TPC_NONE', 'UC_NONE', 'TPC_NONE', 'UC_NONE', 'UC_MPOLY', 'UC_NONE', 'TPC_MPOLY', 'TPC_NONE', 'UC_NONE', 'UC_NONE', 'UC_NONE', 'SBX_MPOLY', 'UC_NONE', 'UC_NONE', 'TPC_NONE', 'UC_NONE', 'TPC_NONE', 'UC_MPOLY', 'UC_NONE', 'NONE_MPOLY', 'SPC_NONE', 'SPC_NONE', 'UC_NONE', 'TPC_NONE', 'SPC_NONE', 'SPC_MPOLY', 'SBX_MPOLY', 'SPC_NONE', 'UC_NONE', 'SBX_MPOLY', 'SPC_NONE', 'SPC_MPOLY', 'UC_NONE', 'UC_NONE', 'SBX_MPOLY', 'SBX_NONE', 'SPC_NONE', 'SPC_NONE', 'SPC_NONE', 'TPC_NONE', 'TPC_NONE', 'SPC_NONE', 'SPC_NONE', 'UC_NONE', 'UC_NONE', 'TPC_NONE', 'SPC_NONE', 'SPC_NONE', 'TPC_MPOLY', 'UC_NONE', 'SPC_NONE', 'NONE_MPOLY', 'SPC_NONE', 'SPC_NONE', 'TPC_NONE', 'TPC_NONE', 'UC_NONE', 'UC_NONE', 'TPC_MPOLY', 'UC_NONE', 'UC_NONE', 'SBX_NONE', 'SPC_NONE', 'UC_NONE', 'SBX_MPOLY', 'SPC_NONE', 'SPC_NONE']","{'SBX_MPOLY': 7, 'SPC_MPOLY': 4, 'UC_MPOLY': 3, 'TPC_NONE': 12, 'UC_NONE': 23, 'SPC_NONE': 20, 'TPC_MPOLY': 3, 'NONE_MPOLY': 2, 'SBX_NONE': 2}"
13,77,TPC,NONE,0.6843766411528853,0.0389830287626683,611840778.24,491356888.7962683,2243534.24,1659727.1788416624,0.7422316582661294,-4.7904775530960286e-05,0.0,0.0,GREEDY_HV,"['SPC_MBFLIP', 'SBX_MPOLY', 'SBX_MPOLY', 'SPC_MPOLY', 'SPC_MPOLY', 'UC_MPOLY', 'TPC_NONE', 'UC_NONE', 'SPC_NONE', 'SPC_NONE', 'TPC_NONE', 'UC_NONE', 'TPC_NONE', 'UC_NONE', 'UC_MPOLY', 'UC_NONE', 'TPC_MPOLY', 'TPC_NONE', 'UC_NONE', 'UC_NONE', 'UC_NONE', 'SBX_MPOLY', 'UC_NONE', 'UC_NONE', 'TPC_NONE', 'UC_NONE', 'TPC_NONE', 'UC_MPOLY', 'UC_NONE', 'NONE_MPOLY', 'SPC_NONE', 'SPC_NONE', 'UC_NONE', 'TPC_NONE', 'SPC_NONE', 'SPC_MPOLY', 'SBX_MPOLY', 'SPC_NONE', 'UC_NONE', 'SBX_MPOLY', 'SPC_NONE', 'SPC_MPOLY', 'UC_NONE', 'UC_NONE', 'SBX_MPOLY', 'SBX_NONE', 'SPC_NONE', 'SPC_NONE', 'SPC_NONE', 'TPC_NONE', 'TPC_NONE', 'SPC_NONE', 'SPC_NONE', 'UC_NONE', 'UC_NONE', 'TPC_NONE', 'SPC_NONE', 'SPC_NONE', 'TPC_MPOLY', 'UC_NONE', 'SPC_NONE', 'NONE_MPOLY', 'SPC_NONE', 'SPC_NONE', 'TPC_NONE', 'TPC_NONE', 'UC_NONE', 'UC_NONE', 'TPC_MPOLY', 'UC_NONE', 'UC_NONE', 'SBX_NONE', 'SPC_NONE', 'UC_NONE', 'SBX_MPOLY', 'SPC_NONE', 'SPC_NONE', 'TPC_NONE']","{'SBX_MPOLY': 7, 'SPC_MPOLY': 4, 'UC_MPOLY': 3, 'TPC_NONE': 13, 'UC_NONE': 23, 'SPC_NONE': 20, 'TPC_MPOLY': 3, 'NONE_MPOLY': 2, 'SBX_NONE': 2}"
13,78,SPC,NONE,0.6829005960373078,0.0387604934123879,583317370.88,488026182.351689,2096441.76,1627711.1217258982,0.7422481016227245,1.6443356595119418e-05,0.0,0.0,GREEDY_HV,"['SPC_MBFLIP', 'SBX_MPOLY', 'SBX_MPOLY', 'SPC_MPOLY', 'SPC_MPOLY', 'UC_MPOLY', 'TPC_NONE', 'UC_NONE', 'SPC_NONE', 'SPC_NONE', 'TPC_NONE', 'UC_NONE', 'TPC_NONE', 'UC_NONE', 'UC_MPOLY', 'UC_NONE', 'TPC_MPOLY', 'TPC_NONE', 'UC_NONE', 'UC_NONE', 'UC_NONE', 'SBX_MPOLY', 'UC_NONE', 'UC_NONE', 'TPC_NONE', 'UC_NONE', 'TPC_NONE', 'UC_MPOLY', 'UC_NONE', 'NONE_MPOLY', 'SPC_NONE', 'SPC_NONE', 'UC_NONE', 'TPC_NONE', 'SPC_NONE', 'SPC_MPOLY', 'SBX_MPOLY', 'SPC_NONE', 'UC_NONE', 'SBX_MPOLY', 'SPC_NONE', 'SPC_MPOLY', 'UC_NONE', 'UC_NONE', 'SBX_MPOLY', 'SBX_NONE', 'SPC_NONE', 'SPC_NONE', 'SPC_NONE', 'TPC_NONE', 'TPC_NONE', 'SPC_NONE', 'SPC_NONE', 'UC_NONE', 'UC_NONE', 'TPC_NONE', 'SPC_NONE', 'SPC_NONE', 'TPC_MPOLY', 'UC_NONE', 'SPC_NONE', 'NONE_MPOLY', 'SPC_NONE', 'SPC_NONE', 'TPC_NONE', 'TPC_NONE', 'UC_NONE', 'UC_NONE', 'TPC_MPOLY', 'UC_NONE', 'UC_NONE', 'SBX_NONE', 'SPC_NONE', 'UC_NONE', 'SBX_MPOLY', 'SPC_NONE', 'SPC_NONE', 'TPC_NONE', 'SPC_NONE']","{'SBX_MPOLY': 7, 'SPC_MPOLY': 4, 'UC_MPOLY': 3, 'TPC_NONE': 13, 'UC_NONE': 23, 'SPC_NONE': 21, 'TPC_MPOLY': 3, 'NONE_MPOLY': 2, 'SBX_NONE': 2}"
13,79,SPC,NONE,0.6836549719006411,0.0388015174792819,607707217.92,507406288.7277025,2188704.16,1645638.833218995,0.742235800314422,-1.230130830243148e-05,0.0,0.0,GREEDY_HV,"['SPC_MBFLIP', 'SBX_MPOLY', 'SBX_MPOLY', 'SPC_MPOLY', 'SPC_MPOLY', 'UC_MPOLY', 'TPC_NONE', 'UC_NONE', 'SPC_NONE', 'SPC_NONE', 'TPC_NONE', 'UC_NONE', 'TPC_NONE', 'UC_NONE', 'UC_MPOLY', 'UC_NONE', 'TPC_MPOLY', 'TPC_NONE', 'UC_NONE', 'UC_NONE', 'UC_NONE', 'SBX_MPOLY', 'UC_NONE', 'UC_NONE', 'TPC_NONE', 'UC_NONE', 'TPC_NONE', 'UC_MPOLY', 'UC_NONE', 'NONE_MPOLY', 'SPC_NONE', 'SPC_NONE', 'UC_NONE', 'TPC_NONE', 'SPC_NONE', 'SPC_MPOLY', 'SBX_MPOLY', 'SPC_NONE', 'UC_NONE', 'SBX_MPOLY', 'SPC_NONE', 'SPC_MPOLY', 'UC_NONE', 'UC_NONE', 'SBX_MPOLY', 'SBX_NONE', 'SPC_NONE', 'SPC_NONE', 'SPC_NONE', 'TPC_NONE', 'TPC_NONE', 'SPC_NONE', 'SPC_NONE', 'UC_NONE', 'UC_NONE', 'TPC_NONE', 'SPC_NONE', 'SPC_NONE', 'TPC_MPOLY', 'UC_NONE', 'SPC_NONE', 'NONE_MPOLY', 'SPC_NONE', 'SPC_NONE', 'TPC_NONE', 'TPC_NONE', 'UC_NONE', 'UC_NONE', 'TPC_MPOLY', 'UC_NONE', 'UC_NONE', 'SBX_NONE', 'SPC_NONE', 'UC_NONE', 'SBX_MPOLY', 'SPC_NONE', 'SPC_NONE', 'TPC_NONE', 'SPC_NONE', 'SPC_NONE']","{'SBX_MPOLY': 7, 'SPC_MPOLY': 4, 'UC_MPOLY': 3, 'TPC_NONE': 13, 'UC_NONE': 23, 'SPC_NONE': 22, 'TPC_MPOLY': 3, 'NONE_MPOLY': 2, 'SBX_NONE': 2}"
13,80,UC,NONE,0.6827453599927356,0.0385621537365675,587246284.8,491568382.6543184,2049228.96,1582468.5692796928,0.7422899408112875,5.414049686547351e-05,0.0,0.0,GREEDY_HV,"['SPC_MBFLIP', 'SBX_MPOLY', 'SBX_MPOLY', 'SPC_MPOLY', 'SPC_MPOLY', 'UC_MPOLY', 'TPC_NONE', 'UC_NONE', 'SPC_NONE', 'SPC_NONE', 'TPC_NONE', 'UC_NONE', 'TPC_NONE', 'UC_NONE', 'UC_MPOLY', 'UC_NONE', 'TPC_MPOLY', 'TPC_NONE', 'UC_NONE', 'UC_NONE', 'UC_NONE', 'SBX_MPOLY', 'UC_NONE', 'UC_NONE', 'TPC_NONE', 'UC_NONE', 'TPC_NONE', 'UC_MPOLY', 'UC_NONE', 'NONE_MPOLY', 'SPC_NONE', 'SPC_NONE', 'UC_NONE', 'TPC_NONE', 'SPC_NONE', 'SPC_MPOLY', 'SBX_MPOLY', 'SPC_NONE', 'UC_NONE', 'SBX_MPOLY', 'SPC_NONE', 'SPC_MPOLY', 'UC_NONE', 'UC_NONE', 'SBX_MPOLY', 'SBX_NONE', 'SPC_NONE', 'SPC_NONE', 'SPC_NONE', 'TPC_NONE', 'TPC_NONE', 'SPC_NONE', 'SPC_NONE', 'UC_NONE', 'UC_NONE', 'TPC_NONE', 'SPC_NONE', 'SPC_NONE', 'TPC_MPOLY', 'UC_NONE', 'SPC_NONE', 'NONE_MPOLY', 'SPC_NONE', 'SPC_NONE', 'TPC_NONE', 'TPC_NONE', 'UC_NONE', 'UC_NONE', 'TPC_MPOLY', 'UC_NONE', 'UC_NONE', 'SBX_NONE', 'SPC_NONE', 'UC_NONE', 'SBX_MPOLY', 'SPC_NONE', 'SPC_NONE', 'TPC_NONE', 'SPC_NONE', 'SPC_NONE', 'UC_NONE']","{'SBX_MPOLY': 7, 'SPC_MPOLY': 4, 'UC_MPOLY': 3, 'TPC_NONE': 13, 'UC_NONE': 24, 'SPC_NONE': 22, 'TPC_MPOLY': 3, 'NONE_MPOLY': 2, 'SBX_NONE': 2}"
13,81,SPC,NONE,0.6839583436701266,0.0385004967447886,604326461.44,488593142.47984457,2134425.76,1602853.2443453032,0.7423371715135941,4.723070230661097e-05,0.0,0.0,GREEDY_HV,"['SPC_MBFLIP', 'SBX_MPOLY', 'SBX_MPOLY', 'SPC_MPOLY', 'SPC_MPOLY', 'UC_MPOLY', 'TPC_NONE', 'UC_NONE', 'SPC_NONE', 'SPC_NONE', 'TPC_NONE', 'UC_NONE', 'TPC_NONE', 'UC_NONE', 'UC_MPOLY', 'UC_NONE', 'TPC_MPOLY', 'TPC_NONE', 'UC_NONE', 'UC_NONE', 'UC_NONE', 'SBX_MPOLY', 'UC_NONE', 'UC_NONE', 'TPC_NONE', 'UC_NONE', 'TPC_NONE', 'UC_MPOLY', 'UC_NONE', 'NONE_MPOLY', 'SPC_NONE', 'SPC_NONE', 'UC_NONE', 'TPC_NONE', 'SPC_NONE', 'SPC_MPOLY', 'SBX_MPOLY', 'SPC_NONE', 'UC_NONE', 'SBX_MPOLY', 'SPC_NONE', 'SPC_MPOLY', 'UC_NONE', 'UC_NONE', 'SBX_MPOLY', 'SBX_NONE', 'SPC_NONE', 'SPC_NONE', 'SPC_NONE', 'TPC_NONE', 'TPC_NONE', 'SPC_NONE', 'SPC_NONE', 'UC_NONE', 'UC_NONE', 'TPC_NONE', 'SPC_NONE', 'SPC_NONE', 'TPC_MPOLY', 'UC_NONE', 'SPC_NONE', 'NONE_MPOLY', 'SPC_NONE', 'SPC_NONE', 'TPC_NONE', 'TPC_NONE', 'UC_NONE', 'UC_NONE', 'TPC_MPOLY', 'UC_NONE', 'UC_NONE', 'SBX_NONE', 'SPC_NONE', 'UC_NONE', 'SBX_MPOLY', 'SPC_NONE', 'SPC_NONE', 'TPC_NONE', 'SPC_NONE', 'SPC_NONE', 'UC_NONE', 'SPC_NONE']","{'SBX_MPOLY': 7, 'SPC_MPOLY': 4, 'UC_MPOLY': 3, 'TPC_NONE': 13, 'UC_NONE': 24, 'SPC_NONE': 23, 'TPC_MPOLY': 3, 'NONE_MPOLY': 2, 'SBX_NONE': 2}"
13,82,SBX,MPOLY,0.6838355031509644,0.0384889575781308,601403929.6,487842825.3940594,2125807.52,1607527.8975278563,0.7423473450190978,1.0173505503696669e-05,0.0,0.04,GREEDY_HV,"['SPC_MBFLIP', 'SBX_MPOLY', 'SBX_MPOLY', 'SPC_MPOLY', 'SPC_MPOLY', 'UC_MPOLY', 'TPC_NONE', 'UC_NONE', 'SPC_NONE', 'SPC_NONE', 'TPC_NONE', 'UC_NONE', 'TPC_NONE', 'UC_NONE', 'UC_MPOLY', 'UC_NONE', 'TPC_MPOLY', 'TPC_NONE', 'UC_NONE', 'UC_NONE', 'UC_NONE', 'SBX_MPOLY', 'UC_NONE', 'UC_NONE', 'TPC_NONE', 'UC_NONE', 'TPC_NONE', 'UC_MPOLY', 'UC_NONE', 'NONE_MPOLY', 'SPC_NONE', 'SPC_NONE', 'UC_NONE', 'TPC_NONE', 'SPC_NONE', 'SPC_MPOLY', 'SBX_MPOLY', 'SPC_NONE', 'UC_NONE', 'SBX_MPOLY', 'SPC_NONE', 'SPC_MPOLY', 'UC_NONE', 'UC_NONE', 'SBX_MPOLY', 'SBX_NONE', 'SPC_NONE', 'SPC_NONE', 'SPC_NONE', 'TPC_NONE', 'TPC_NONE', 'SPC_NONE', 'SPC_NONE', 'UC_NONE', 'UC_NONE', 'TPC_NONE', 'SPC_NONE', 'SPC_NONE', 'TPC_MPOLY', 'UC_NONE', 'SPC_NONE', 'NONE_MPOLY', 'SPC_NONE', 'SPC_NONE', 'TPC_NONE', 'TPC_NONE', 'UC_NONE', 'UC_NONE', 'TPC_MPOLY', 'UC_NONE', 'UC_NONE', 'SBX_NONE', 'SPC_NONE', 'UC_NONE', 'SBX_MPOLY', 'SPC_NONE', 'SPC_NONE', 'TPC_NONE', 'SPC_NONE', 'SPC_NONE', 'UC_NONE', 'SPC_NONE', 'SBX_MPOLY']","{'SBX_MPOLY': 8, 'SPC_MPOLY': 4, 'UC_MPOLY': 3, 'TPC_NONE': 13, 'UC_NONE': 24, 'SPC_NONE': 23, 'TPC_MPOLY': 3, 'NONE_MPOLY': 2, 'SBX_NONE': 2}"
13,83,SPC,NONE,0.6849241836985627,0.0390947094189143,636805560.32,490138315.0320136,2151959.2,1588998.3458033423,0.742404200038648,5.68550195502171e-05,0.01,0.0,GREEDY_HV,"['SPC_MBFLIP', 'SBX_MPOLY', 'SBX_MPOLY', 'SPC_MPOLY', 'SPC_MPOLY', 'UC_MPOLY', 'TPC_NONE', 'UC_NONE', 'SPC_NONE', 'SPC_NONE', 'TPC_NONE', 'UC_NONE', 'TPC_NONE', 'UC_NONE', 'UC_MPOLY', 'UC_NONE', 'TPC_MPOLY', 'TPC_NONE', 'UC_NONE', 'UC_NONE', 'UC_NONE', 'SBX_MPOLY', 'UC_NONE', 'UC_NONE', 'TPC_NONE', 'UC_NONE', 'TPC_NONE', 'UC_MPOLY', 'UC_NONE', 'NONE_MPOLY', 'SPC_NONE', 'SPC_NONE', 'UC_NONE', 'TPC_NONE', 'SPC_NONE', 'SPC_MPOLY', 'SBX_MPOLY', 'SPC_NONE', 'UC_NONE', 'SBX_MPOLY', 'SPC_NONE', 'SPC_MPOLY', 'UC_NONE', 'UC_NONE', 'SBX_MPOLY', 'SBX_NONE', 'SPC_NONE', 'SPC_NONE', 'SPC_NONE', 'TPC_NONE', 'TPC_NONE', 'SPC_NONE', 'SPC_NONE', 'UC_NONE', 'UC_NONE', 'TPC_NONE', 'SPC_NONE', 'SPC_NONE', 'TPC_MPOLY', 'UC_NONE', 'SPC_NONE', 'NONE_MPOLY', 'SPC_NONE', 'SPC_NONE', 'TPC_NONE', 'TPC_NONE', 'UC_NONE', 'UC_NONE', 'TPC_MPOLY', 'UC_NONE', 'UC_NONE', 'SBX_NONE', 'SPC_NONE', 'UC_NONE', 'SBX_MPOLY', 'SPC_NONE', 'SPC_NONE', 'TPC_NONE', 'SPC_NONE', 'SPC_NONE', 'UC_NONE', 'SPC_NONE', 'SBX_MPOLY', 'SPC_NONE']","{'SBX_MPOLY': 8, 'SPC_MPOLY': 4, 'UC_MPOLY': 3, 'TPC_NONE': 13, 'UC_NONE': 24, 'SPC_NONE': 24, 'TPC_MPOLY': 3, 'NONE_MPOLY': 2, 'SBX_NONE': 2}"
13,84,TPC,NONE,0.6842687707466911,0.0389895131054408,654176394.24,513799094.2891317,2093870.24,1600509.618903411,0.7424450415791222,4.084154047412358e-05,0.0,0.0,GREEDY_HV,"['SPC_MBFLIP', 'SBX_MPOLY', 'SBX_MPOLY', 'SPC_MPOLY', 'SPC_MPOLY', 'UC_MPOLY', 'TPC_NONE', 'UC_NONE', 'SPC_NONE', 'SPC_NONE', 'TPC_NONE', 'UC_NONE', 'TPC_NONE', 'UC_NONE', 'UC_MPOLY', 'UC_NONE', 'TPC_MPOLY', 'TPC_NONE', 'UC_NONE', 'UC_NONE', 'UC_NONE', 'SBX_MPOLY', 'UC_NONE', 'UC_NONE', 'TPC_NONE', 'UC_NONE', 'TPC_NONE', 'UC_MPOLY', 'UC_NONE', 'NONE_MPOLY', 'SPC_NONE', 'SPC_NONE', 'UC_NONE', 'TPC_NONE', 'SPC_NONE', 'SPC_MPOLY', 'SBX_MPOLY', 'SPC_NONE', 'UC_NONE', 'SBX_MPOLY', 'SPC_NONE', 'SPC_MPOLY', 'UC_NONE', 'UC_NONE', 'SBX_MPOLY', 'SBX_NONE', 'SPC_NONE', 'SPC_NONE', 'SPC_NONE', 'TPC_NONE', 'TPC_NONE', 'SPC_NONE', 'SPC_NONE', 'UC_NONE', 'UC_NONE', 'TPC_NONE', 'SPC_NONE', 'SPC_NONE', 'TPC_MPOLY', 'UC_NONE', 'SPC_NONE', 'NONE_MPOLY', 'SPC_NONE', 'SPC_NONE', 'TPC_NONE', 'TPC_NONE', 'UC_NONE', 'UC_NONE', 'TPC_MPOLY', 'UC_NONE', 'UC_NONE', 'SBX_NONE', 'SPC_NONE', 'UC_NONE', 'SBX_MPOLY', 'SPC_NONE', 'SPC_NONE', 'TPC_NONE', 'SPC_NONE', 'SPC_NONE', 'UC_NONE', 'SPC_NONE', 'SBX_MPOLY', 'SPC_NONE', 'TPC_NONE']","{'SBX_MPOLY': 8, 'SPC_MPOLY': 4, 'UC_MPOLY': 3, 'TPC_NONE': 14, 'UC_NONE': 24, 'SPC_NONE': 24, 'TPC_MPOLY': 3, 'NONE_MPOLY': 2, 'SBX_NONE': 2}"
13,85,SPC,NONE,0.6853474057660918,0.0393534714321781,695879152.64,538722801.9695338,2099164.32,1562850.9062328555,0.7424434410626028,-1.6005165193178073e-06,0.01,0.0,GREEDY_HV,"['SPC_MBFLIP', 'SBX_MPOLY', 'SBX_MPOLY', 'SPC_MPOLY', 'SPC_MPOLY', 'UC_MPOLY', 'TPC_NONE', 'UC_NONE', 'SPC_NONE', 'SPC_NONE', 'TPC_NONE', 'UC_NONE', 'TPC_NONE', 'UC_NONE', 'UC_MPOLY', 'UC_NONE', 'TPC_MPOLY', 'TPC_NONE', 'UC_NONE', 'UC_NONE', 'UC_NONE', 'SBX_MPOLY', 'UC_NONE', 'UC_NONE', 'TPC_NONE', 'UC_NONE', 'TPC_NONE', 'UC_MPOLY', 'UC_NONE', 'NONE_MPOLY', 'SPC_NONE', 'SPC_NONE', 'UC_NONE', 'TPC_NONE', 'SPC_NONE', 'SPC_MPOLY', 'SBX_MPOLY', 'SPC_NONE', 'UC_NONE', 'SBX_MPOLY', 'SPC_NONE', 'SPC_MPOLY', 'UC_NONE', 'UC_NONE', 'SBX_MPOLY', 'SBX_NONE', 'SPC_NONE', 'SPC_NONE', 'SPC_NONE', 'TPC_NONE', 'TPC_NONE', 'SPC_NONE', 'SPC_NONE', 'UC_NONE', 'UC_NONE', 'TPC_NONE', 'SPC_NONE', 'SPC_NONE', 'TPC_MPOLY', 'UC_NONE', 'SPC_NONE', 'NONE_MPOLY', 'SPC_NONE', 'SPC_NONE', 'TPC_NONE', 'TPC_NONE', 'UC_NONE', 'UC_NONE', 'TPC_MPOLY', 'UC_NONE', 'UC_NONE', 'SBX_NONE', 'SPC_NONE', 'UC_NONE', 'SBX_MPOLY', 'SPC_NONE', 'SPC_NONE', 'TPC_NONE', 'SPC_NONE', 'SPC_NONE', 'UC_NONE', 'SPC_NONE', 'SBX_MPOLY', 'SPC_NONE', 'TPC_NONE', 'SPC_NONE']","{'SBX_MPOLY': 8, 'SPC_MPOLY': 4, 'UC_MPOLY': 3, 'TPC_NONE': 14, 'UC_NONE': 24, 'SPC_NONE': 25, 'TPC_MPOLY': 3, 'NONE_MPOLY': 2, 'SBX_NONE': 2}"
13,86,UC,NONE,0.6851893525317365,0.0390823752002319,671169290.24,538779111.2309612,2121220.0,1576977.0672712778,0.7424418327497455,-1.608312857337424e-06,0.0,0.0,GREEDY_HV,"['SPC_MBFLIP', 'SBX_MPOLY', 'SBX_MPOLY', 'SPC_MPOLY', 'SPC_MPOLY', 'UC_MPOLY', 'TPC_NONE', 'UC_NONE', 'SPC_NONE', 'SPC_NONE', 'TPC_NONE', 'UC_NONE', 'TPC_NONE', 'UC_NONE', 'UC_MPOLY', 'UC_NONE', 'TPC_MPOLY', 'TPC_NONE', 'UC_NONE', 'UC_NONE', 'UC_NONE', 'SBX_MPOLY', 'UC_NONE', 'UC_NONE', 'TPC_NONE', 'UC_NONE', 'TPC_NONE', 'UC_MPOLY', 'UC_NONE', 'NONE_MPOLY', 'SPC_NONE', 'SPC_NONE', 'UC_NONE', 'TPC_NONE', 'SPC_NONE', 'SPC_MPOLY', 'SBX_MPOLY', 'SPC_NONE', 'UC_NONE', 'SBX_MPOLY', 'SPC_NONE', 'SPC_MPOLY', 'UC_NONE', 'UC_NONE', 'SBX_MPOLY', 'SBX_NONE', 'SPC_NONE', 'SPC_NONE', 'SPC_NONE', 'TPC_NONE', 'TPC_NONE', 'SPC_NONE', 'SPC_NONE', 'UC_NONE', 'UC_NONE', 'TPC_NONE', 'SPC_NONE', 'SPC_NONE', 'TPC_MPOLY', 'UC_NONE', 'SPC_NONE', 'NONE_MPOLY', 'SPC_NONE', 'SPC_NONE', 'TPC_NONE', 'TPC_NONE', 'UC_NONE', 'UC_NONE', 'TPC_MPOLY', 'UC_NONE', 'UC_NONE', 'SBX_NONE', 'SPC_NONE', 'UC_NONE', 'SBX_MPOLY', 'SPC_NONE', 'SPC_NONE', 'TPC_NONE', 'SPC_NONE', 'SPC_NONE', 'UC_NONE', 'SPC_NONE', 'SBX_MPOLY', 'SPC_NONE', 'TPC_NONE', 'SPC_NONE', 'UC_NONE']","{'SBX_MPOLY': 8, 'SPC_MPOLY': 4, 'UC_MPOLY': 3, 'TPC_NONE': 14, 'UC_NONE': 25, 'SPC_NONE': 25, 'TPC_MPOLY': 3, 'NONE_MPOLY': 2, 'SBX_NONE': 2}"
13,87,SPC,NONE,0.6857425037565201,0.0391908778796748,691478722.56,537407701.856473,2207012.0,1631742.7282329528,0.7424346222079952,-7.210541750346522e-06,0.01,0.0,GREEDY_HV,"['SPC_MBFLIP', 'SBX_MPOLY', 'SBX_MPOLY', 'SPC_MPOLY', 'SPC_MPOLY', 'UC_MPOLY', 'TPC_NONE', 'UC_NONE', 'SPC_NONE', 'SPC_NONE', 'TPC_NONE', 'UC_NONE', 'TPC_NONE', 'UC_NONE', 'UC_MPOLY', 'UC_NONE', 'TPC_MPOLY', 'TPC_NONE', 'UC_NONE', 'UC_NONE', 'UC_NONE', 'SBX_MPOLY', 'UC_NONE', 'UC_NONE', 'TPC_NONE', 'UC_NONE', 'TPC_NONE', 'UC_MPOLY', 'UC_NONE', 'NONE_MPOLY', 'SPC_NONE', 'SPC_NONE', 'UC_NONE', 'TPC_NONE', 'SPC_NONE', 'SPC_MPOLY', 'SBX_MPOLY', 'SPC_NONE', 'UC_NONE', 'SBX_MPOLY', 'SPC_NONE', 'SPC_MPOLY', 'UC_NONE', 'UC_NONE', 'SBX_MPOLY', 'SBX_NONE', 'SPC_NONE', 'SPC_NONE', 'SPC_NONE', 'TPC_NONE', 'TPC_NONE', 'SPC_NONE', 'SPC_NONE', 'UC_NONE', 'UC_NONE', 'TPC_NONE', 'SPC_NONE', 'SPC_NONE', 'TPC_MPOLY', 'UC_NONE', 'SPC_NONE', 'NONE_MPOLY', 'SPC_NONE', 'SPC_NONE', 'TPC_NONE', 'TPC_NONE', 'UC_NONE', 'UC_NONE', 'TPC_MPOLY', 'UC_NONE', 'UC_NONE', 'SBX_NONE', 'SPC_NONE', 'UC_NONE', 'SBX_MPOLY', 'SPC_NONE', 'SPC_NONE', 'TPC_NONE', 'SPC_NONE', 'SPC_NONE', 'UC_NONE', 'SPC_NONE', 'SBX_MPOLY', 'SPC_NONE', 'TPC_NONE', 'SPC_NONE', 'UC_NONE', 'SPC_NONE']","{'SBX_MPOLY': 8, 'SPC_MPOLY': 4, 'UC_MPOLY': 3, 'TPC_NONE': 14, 'UC_NONE': 25, 'SPC_NONE': 26, 'TPC_MPOLY': 3, 'NONE_MPOLY': 2, 'SBX_NONE': 2}"
13,88,UC,NONE,0.6849983392585455,0.0389001569338883,667250370.56,535061084.1566023,2193286.56,1598828.1992637003,0.7424618209162421,2.719870824696713e-05,0.0,0.0,GREEDY_HV,"['SPC_MBFLIP', 'SBX_MPOLY', 'SBX_MPOLY', 'SPC_MPOLY', 'SPC_MPOLY', 'UC_MPOLY', 'TPC_NONE', 'UC_NONE', 'SPC_NONE', 'SPC_NONE', 'TPC_NONE', 'UC_NONE', 'TPC_NONE', 'UC_NONE', 'UC_MPOLY', 'UC_NONE', 'TPC_MPOLY', 'TPC_NONE', 'UC_NONE', 'UC_NONE', 'UC_NONE', 'SBX_MPOLY', 'UC_NONE', 'UC_NONE', 'TPC_NONE', 'UC_NONE', 'TPC_NONE', 'UC_MPOLY', 'UC_NONE', 'NONE_MPOLY', 'SPC_NONE', 'SPC_NONE', 'UC_NONE', 'TPC_NONE', 'SPC_NONE', 'SPC_MPOLY', 'SBX_MPOLY', 'SPC_NONE', 'UC_NONE', 'SBX_MPOLY', 'SPC_NONE', 'SPC_MPOLY', 'UC_NONE', 'UC_NONE', 'SBX_MPOLY', 'SBX_NONE', 'SPC_NONE', 'SPC_NONE', 'SPC_NONE', 'TPC_NONE', 'TPC_NONE', 'SPC_NONE', 'SPC_NONE', 'UC_NONE', 'UC_NONE', 'TPC_NONE', 'SPC_NONE', 'SPC_NONE', 'TPC_MPOLY', 'UC_NONE', 'SPC_NONE', 'NONE_MPOLY', 'SPC_NONE', 'SPC_NONE', 'TPC_NONE', 'TPC_NONE', 'UC_NONE', 'UC_NONE', 'TPC_MPOLY', 'UC_NONE', 'UC_NONE', 'SBX_NONE', 'SPC_NONE', 'UC_NONE', 'SBX_MPOLY', 'SPC_NONE', 'SPC_NONE', 'TPC_NONE', 'SPC_NONE', 'SPC_NONE', 'UC_NONE', 'SPC_NONE', 'SBX_MPOLY', 'SPC_NONE', 'TPC_NONE', 'SPC_NONE', 'UC_NONE', 'SPC_NONE', 'UC_NONE']","{'SBX_MPOLY': 8, 'SPC_MPOLY': 4, 'UC_MPOLY': 3, 'TPC_NONE': 14, 'UC_NONE': 26, 'SPC_NONE': 26, 'TPC_MPOLY': 3, 'NONE_MPOLY': 2, 'SBX_NONE': 2}"
13,89,TPC,NONE,0.6836831691642928,0.0395556617480253,660055925.76,538476053.909696,2143931.04,1651563.6333989073,0.7424844378294062,2.261691316407521e-05,0.0,0.0,GREEDY_HV,"['SPC_MBFLIP', 'SBX_MPOLY', 'SBX_MPOLY', 'SPC_MPOLY', 'SPC_MPOLY', 'UC_MPOLY', 'TPC_NONE', 'UC_NONE', 'SPC_NONE', 'SPC_NONE', 'TPC_NONE', 'UC_NONE', 'TPC_NONE', 'UC_NONE', 'UC_MPOLY', 'UC_NONE', 'TPC_MPOLY', 'TPC_NONE', 'UC_NONE', 'UC_NONE', 'UC_NONE', 'SBX_MPOLY', 'UC_NONE', 'UC_NONE', 'TPC_NONE', 'UC_NONE', 'TPC_NONE', 'UC_MPOLY', 'UC_NONE', 'NONE_MPOLY', 'SPC_NONE', 'SPC_NONE', 'UC_NONE', 'TPC_NONE', 'SPC_NONE', 'SPC_MPOLY', 'SBX_MPOLY', 'SPC_NONE', 'UC_NONE', 'SBX_MPOLY', 'SPC_NONE', 'SPC_MPOLY', 'UC_NONE', 'UC_NONE', 'SBX_MPOLY', 'SBX_NONE', 'SPC_NONE', 'SPC_NONE', 'SPC_NONE', 'TPC_NONE', 'TPC_NONE', 'SPC_NONE', 'SPC_NONE', 'UC_NONE', 'UC_NONE', 'TPC_NONE', 'SPC_NONE', 'SPC_NONE', 'TPC_MPOLY', 'UC_NONE', 'SPC_NONE', 'NONE_MPOLY', 'SPC_NONE', 'SPC_NONE', 'TPC_NONE', 'TPC_NONE', 'UC_NONE', 'UC_NONE', 'TPC_MPOLY', 'UC_NONE', 'UC_NONE', 'SBX_NONE', 'SPC_NONE', 'UC_NONE', 'SBX_MPOLY', 'SPC_NONE', 'SPC_NONE', 'TPC_NONE', 'SPC_NONE', 'SPC_NONE', 'UC_NONE', 'SPC_NONE', 'SBX_MPOLY', 'SPC_NONE', 'TPC_NONE', 'SPC_NONE', 'UC_NONE', 'SPC_NONE', 'UC_NONE', 'TPC_NONE']","{'SBX_MPOLY': 8, 'SPC_MPOLY': 4, 'UC_MPOLY': 3, 'TPC_NONE': 15, 'UC_NONE': 26, 'SPC_NONE': 26, 'TPC_MPOLY': 3, 'NONE_MPOLY': 2, 'SBX_NONE': 2}"
13,90,TPC,NONE,0.6854897758660465,0.0390366042442983,684966727.68,535852110.52939385,2204949.92,1636810.2311989604,0.7425314354138219,4.69975844157311e-05,0.0,0.0,GREEDY_HV,"['SPC_MBFLIP', 'SBX_MPOLY', 'SBX_MPOLY', 'SPC_MPOLY', 'SPC_MPOLY', 'UC_MPOLY', 'TPC_NONE', 'UC_NONE', 'SPC_NONE', 'SPC_NONE', 'TPC_NONE', 'UC_NONE', 'TPC_NONE', 'UC_NONE', 'UC_MPOLY', 'UC_NONE', 'TPC_MPOLY', 'TPC_NONE', 'UC_NONE', 'UC_NONE', 'UC_NONE', 'SBX_MPOLY', 'UC_NONE', 'UC_NONE', 'TPC_NONE', 'UC_NONE', 'TPC_NONE', 'UC_MPOLY', 'UC_NONE', 'NONE_MPOLY', 'SPC_NONE', 'SPC_NONE', 'UC_NONE', 'TPC_NONE', 'SPC_NONE', 'SPC_MPOLY', 'SBX_MPOLY', 'SPC_NONE', 'UC_NONE', 'SBX_MPOLY', 'SPC_NONE', 'SPC_MPOLY', 'UC_NONE', 'UC_NONE', 'SBX_MPOLY', 'SBX_NONE', 'SPC_NONE', 'SPC_NONE', 'SPC_NONE', 'TPC_NONE', 'TPC_NONE', 'SPC_NONE', 'SPC_NONE', 'UC_NONE', 'UC_NONE', 'TPC_NONE', 'SPC_NONE', 'SPC_NONE', 'TPC_MPOLY', 'UC_NONE', 'SPC_NONE', 'NONE_MPOLY', 'SPC_NONE', 'SPC_NONE', 'TPC_NONE', 'TPC_NONE', 'UC_NONE', 'UC_NONE', 'TPC_MPOLY', 'UC_NONE', 'UC_NONE', 'SBX_NONE', 'SPC_NONE', 'UC_NONE', 'SBX_MPOLY', 'SPC_NONE', 'SPC_NONE', 'TPC_NONE', 'SPC_NONE', 'SPC_NONE', 'UC_NONE', 'SPC_NONE', 'SBX_MPOLY', 'SPC_NONE', 'TPC_NONE', 'SPC_NONE', 'UC_NONE', 'SPC_NONE', 'UC_NONE', 'TPC_NONE', 'TPC_NONE']","{'SBX_MPOLY': 8, 'SPC_MPOLY': 4, 'UC_MPOLY': 3, 'TPC_NONE': 16, 'UC_NONE': 26, 'SPC_NONE': 26, 'TPC_MPOLY': 3, 'NONE_MPOLY': 2, 'SBX_NONE': 2}"
13,91,UC,NONE,0.6841815460337921,0.0392351414878402,660716144.64,519520159.1175612,2149591.2,1687928.3078493113,0.7425490129553578,1.757754153586255e-05,0.01,0.0,GREEDY_HV,"['SPC_MBFLIP', 'SBX_MPOLY', 'SBX_MPOLY', 'SPC_MPOLY', 'SPC_MPOLY', 'UC_MPOLY', 'TPC_NONE', 'UC_NONE', 'SPC_NONE', 'SPC_NONE', 'TPC_NONE', 'UC_NONE', 'TPC_NONE', 'UC_NONE', 'UC_MPOLY', 'UC_NONE', 'TPC_MPOLY', 'TPC_NONE', 'UC_NONE', 'UC_NONE', 'UC_NONE', 'SBX_MPOLY', 'UC_NONE', 'UC_NONE', 'TPC_NONE', 'UC_NONE', 'TPC_NONE', 'UC_MPOLY', 'UC_NONE', 'NONE_MPOLY', 'SPC_NONE', 'SPC_NONE', 'UC_NONE', 'TPC_NONE', 'SPC_NONE', 'SPC_MPOLY', 'SBX_MPOLY', 'SPC_NONE', 'UC_NONE', 'SBX_MPOLY', 'SPC_NONE', 'SPC_MPOLY', 'UC_NONE', 'UC_NONE', 'SBX_MPOLY', 'SBX_NONE', 'SPC_NONE', 'SPC_NONE', 'SPC_NONE', 'TPC_NONE', 'TPC_NONE', 'SPC_NONE', 'SPC_NONE', 'UC_NONE', 'UC_NONE', 'TPC_NONE', 'SPC_NONE', 'SPC_NONE', 'TPC_MPOLY', 'UC_NONE', 'SPC_NONE', 'NONE_MPOLY', 'SPC_NONE', 'SPC_NONE', 'TPC_NONE', 'TPC_NONE', 'UC_NONE', 'UC_NONE', 'TPC_MPOLY', 'UC_NONE', 'UC_NONE', 'SBX_NONE', 'SPC_NONE', 'UC_NONE', 'SBX_MPOLY', 'SPC_NONE', 'SPC_NONE', 'TPC_NONE', 'SPC_NONE', 'SPC_NONE', 'UC_NONE', 'SPC_NONE', 'SBX_MPOLY', 'SPC_NONE', 'TPC_NONE', 'SPC_NONE', 'UC_NONE', 'SPC_NONE', 'UC_NONE', 'TPC_NONE', 'TPC_NONE', 'UC_NONE']","{'SBX_MPOLY': 8, 'SPC_MPOLY': 4, 'UC_MPOLY': 3, 'TPC_NONE': 16, 'UC_NONE': 27, 'SPC_NONE': 26, 'TPC_MPOLY': 3, 'NONE_MPOLY': 2, 'SBX_NONE': 2}"
13,92,UC,NONE,0.6856212139675335,0.0390692862995281,678883287.04,527851111.2646838,2184139.68,1668977.5052495515,0.7425309529305549,-1.806002480286839e-05,0.01,0.0,GREEDY_HV,"['SPC_MBFLIP', 'SBX_MPOLY', 'SBX_MPOLY', 'SPC_MPOLY', 'SPC_MPOLY', 'UC_MPOLY', 'TPC_NONE', 'UC_NONE', 'SPC_NONE', 'SPC_NONE', 'TPC_NONE', 'UC_NONE', 'TPC_NONE', 'UC_NONE', 'UC_MPOLY', 'UC_NONE', 'TPC_MPOLY', 'TPC_NONE', 'UC_NONE', 'UC_NONE', 'UC_NONE', 'SBX_MPOLY', 'UC_NONE', 'UC_NONE', 'TPC_NONE', 'UC_NONE', 'TPC_NONE', 'UC_MPOLY', 'UC_NONE', 'NONE_MPOLY', 'SPC_NONE', 'SPC_NONE', 'UC_NONE', 'TPC_NONE', 'SPC_NONE', 'SPC_MPOLY', 'SBX_MPOLY', 'SPC_NONE', 'UC_NONE', 'SBX_MPOLY', 'SPC_NONE', 'SPC_MPOLY', 'UC_NONE', 'UC_NONE', 'SBX_MPOLY', 'SBX_NONE', 'SPC_NONE', 'SPC_NONE', 'SPC_NONE', 'TPC_NONE', 'TPC_NONE', 'SPC_NONE', 'SPC_NONE', 'UC_NONE', 'UC_NONE', 'TPC_NONE', 'SPC_NONE', 'SPC_NONE', 'TPC_MPOLY', 'UC_NONE', 'SPC_NONE', 'NONE_MPOLY', 'SPC_NONE', 'SPC_NONE', 'TPC_NONE', 'TPC_NONE', 'UC_NONE', 'UC_NONE', 'TPC_MPOLY', 'UC_NONE', 'UC_NONE', 'SBX_NONE', 'SPC_NONE', 'UC_NONE', 'SBX_MPOLY', 'SPC_NONE', 'SPC_NONE', 'TPC_NONE', 'SPC_NONE', 'SPC_NONE', 'UC_NONE', 'SPC_NONE', 'SBX_MPOLY', 'SPC_NONE', 'TPC_NONE', 'SPC_NONE', 'UC_NONE', 'SPC_NONE', 'UC_NONE', 'TPC_NONE', 'TPC_NONE', 'UC_NONE', 'UC_NONE']","{'SBX_MPOLY': 8, 'SPC_MPOLY': 4, 'UC_MPOLY': 3, 'TPC_NONE': 16, 'UC_NONE': 28, 'SPC_NONE': 26, 'TPC_MPOLY': 3, 'NONE_MPOLY': 2, 'SBX_NONE': 2}"
13,93,TPC,NONE,0.6850244208965336,0.0391610944357243,679909222.4,531406929.00374925,2054759.84,1586609.4258652483,0.7425327824092937,1.8294787387240772e-06,0.0,0.0,GREEDY_HV,"['SPC_MBFLIP', 'SBX_MPOLY', 'SBX_MPOLY', 'SPC_MPOLY', 'SPC_MPOLY', 'UC_MPOLY', 'TPC_NONE', 'UC_NONE', 'SPC_NONE', 'SPC_NONE', 'TPC_NONE', 'UC_NONE', 'TPC_NONE', 'UC_NONE', 'UC_MPOLY', 'UC_NONE', 'TPC_MPOLY', 'TPC_NONE', 'UC_NONE', 'UC_NONE', 'UC_NONE', 'SBX_MPOLY', 'UC_NONE', 'UC_NONE', 'TPC_NONE', 'UC_NONE', 'TPC_NONE', 'UC_MPOLY', 'UC_NONE', 'NONE_MPOLY', 'SPC_NONE', 'SPC_NONE', 'UC_NONE', 'TPC_NONE', 'SPC_NONE', 'SPC_MPOLY', 'SBX_MPOLY', 'SPC_NONE', 'UC_NONE', 'SBX_MPOLY', 'SPC_NONE', 'SPC_MPOLY', 'UC_NONE', 'UC_NONE', 'SBX_MPOLY', 'SBX_NONE', 'SPC_NONE', 'SPC_NONE', 'SPC_NONE', 'TPC_NONE', 'TPC_NONE', 'SPC_NONE', 'SPC_NONE', 'UC_NONE', 'UC_NONE', 'TPC_NONE', 'SPC_NONE', 'SPC_NONE', 'TPC_MPOLY', 'UC_NONE', 'SPC_NONE', 'NONE_MPOLY', 'SPC_NONE', 'SPC_NONE', 'TPC_NONE', 'TPC_NONE', 'UC_NONE', 'UC_NONE', 'TPC_MPOLY', 'UC_NONE', 'UC_NONE', 'SBX_NONE', 'SPC_NONE', 'UC_NONE', 'SBX_MPOLY', 'SPC_NONE', 'SPC_NONE', 'TPC_NONE', 'SPC_NONE', 'SPC_NONE', 'UC_NONE', 'SPC_NONE', 'SBX_MPOLY', 'SPC_NONE', 'TPC_NONE', 'SPC_NONE', 'UC_NONE', 'SPC_NONE', 'UC_NONE', 'TPC_NONE', 'TPC_NONE', 'UC_NONE', 'UC_NONE', 'TPC_NONE']","{'SBX_MPOLY': 8, 'SPC_MPOLY': 4, 'UC_MPOLY': 3, 'TPC_NONE': 17, 'UC_NONE': 28, 'SPC_NONE': 26, 'TPC_MPOLY': 3, 'NONE_MPOLY': 2, 'SBX_NONE': 2}"
13,94,SPC,NONE,0.6850516003186573,0.0392590971481052,675198033.92,529838480.53513247,2066725.28,1597719.429970294,0.7425836103285361,5.082791924249097e-05,0.02,0.0,GREEDY_HV,"['SPC_MBFLIP', 'SBX_MPOLY', 'SBX_MPOLY', 'SPC_MPOLY', 'SPC_MPOLY', 'UC_MPOLY', 'TPC_NONE', 'UC_NONE', 'SPC_NONE', 'SPC_NONE', 'TPC_NONE', 'UC_NONE', 'TPC_NONE', 'UC_NONE', 'UC_MPOLY', 'UC_NONE', 'TPC_MPOLY', 'TPC_NONE', 'UC_NONE', 'UC_NONE', 'UC_NONE', 'SBX_MPOLY', 'UC_NONE', 'UC_NONE', 'TPC_NONE', 'UC_NONE', 'TPC_NONE', 'UC_MPOLY', 'UC_NONE', 'NONE_MPOLY', 'SPC_NONE', 'SPC_NONE', 'UC_NONE', 'TPC_NONE', 'SPC_NONE', 'SPC_MPOLY', 'SBX_MPOLY', 'SPC_NONE', 'UC_NONE', 'SBX_MPOLY', 'SPC_NONE', 'SPC_MPOLY', 'UC_NONE', 'UC_NONE', 'SBX_MPOLY', 'SBX_NONE', 'SPC_NONE', 'SPC_NONE', 'SPC_NONE', 'TPC_NONE', 'TPC_NONE', 'SPC_NONE', 'SPC_NONE', 'UC_NONE', 'UC_NONE', 'TPC_NONE', 'SPC_NONE', 'SPC_NONE', 'TPC_MPOLY', 'UC_NONE', 'SPC_NONE', 'NONE_MPOLY', 'SPC_NONE', 'SPC_NONE', 'TPC_NONE', 'TPC_NONE', 'UC_NONE', 'UC_NONE', 'TPC_MPOLY', 'UC_NONE', 'UC_NONE', 'SBX_NONE', 'SPC_NONE', 'UC_NONE', 'SBX_MPOLY', 'SPC_NONE', 'SPC_NONE', 'TPC_NONE', 'SPC_NONE', 'SPC_NONE', 'UC_NONE', 'SPC_NONE', 'SBX_MPOLY', 'SPC_NONE', 'TPC_NONE', 'SPC_NONE', 'UC_NONE', 'SPC_NONE', 'UC_NONE', 'TPC_NONE', 'TPC_NONE', 'UC_NONE', 'UC_NONE', 'TPC_NONE', 'SPC_NONE']","{'SBX_MPOLY': 8, 'SPC_MPOLY': 4, 'UC_MPOLY': 3, 'TPC_NONE': 17, 'UC_NONE': 28, 'SPC_NONE': 27, 'TPC_MPOLY': 3, 'NONE_MPOLY': 2, 'SBX_NONE': 2}"
13,95,SPC,NONE,0.683796496634736,0.0390969343640763,616930621.44,489304066.7962605,2044939.68,1644258.602453197,0.7425583830723266,-2.5227256209570115e-05,0.0,0.0,GREEDY_HV,"['SPC_MBFLIP', 'SBX_MPOLY', 'SBX_MPOLY', 'SPC_MPOLY', 'SPC_MPOLY', 'UC_MPOLY', 'TPC_NONE', 'UC_NONE', 'SPC_NONE', 'SPC_NONE', 'TPC_NONE', 'UC_NONE', 'TPC_NONE', 'UC_NONE', 'UC_MPOLY', 'UC_NONE', 'TPC_MPOLY', 'TPC_NONE', 'UC_NONE', 'UC_NONE', 'UC_NONE', 'SBX_MPOLY', 'UC_NONE', 'UC_NONE', 'TPC_NONE', 'UC_NONE', 'TPC_NONE', 'UC_MPOLY', 'UC_NONE', 'NONE_MPOLY', 'SPC_NONE', 'SPC_NONE', 'UC_NONE', 'TPC_NONE', 'SPC_NONE', 'SPC_MPOLY', 'SBX_MPOLY', 'SPC_NONE', 'UC_NONE', 'SBX_MPOLY', 'SPC_NONE', 'SPC_MPOLY', 'UC_NONE', 'UC_NONE', 'SBX_MPOLY', 'SBX_NONE', 'SPC_NONE', 'SPC_NONE', 'SPC_NONE', 'TPC_NONE', 'TPC_NONE', 'SPC_NONE', 'SPC_NONE', 'UC_NONE', 'UC_NONE', 'TPC_NONE', 'SPC_NONE', 'SPC_NONE', 'TPC_MPOLY', 'UC_NONE', 'SPC_NONE', 'NONE_MPOLY', 'SPC_NONE', 'SPC_NONE', 'TPC_NONE', 'TPC_NONE', 'UC_NONE', 'UC_NONE', 'TPC_MPOLY', 'UC_NONE', 'UC_NONE', 'SBX_NONE', 'SPC_NONE', 'UC_NONE', 'SBX_MPOLY', 'SPC_NONE', 'SPC_NONE', 'TPC_NONE', 'SPC_NONE', 'SPC_NONE', 'UC_NONE', 'SPC_NONE', 'SBX_MPOLY', 'SPC_NONE', 'TPC_NONE', 'SPC_NONE', 'UC_NONE', 'SPC_NONE', 'UC_NONE', 'TPC_NONE', 'TPC_NONE', 'UC_NONE', 'UC_NONE', 'TPC_NONE', 'SPC_NONE', 'SPC_NONE']","{'SBX_MPOLY': 8, 'SPC_MPOLY': 4, 'UC_MPOLY': 3, 'TPC_NONE': 17, 'UC_NONE': 28, 'SPC_NONE': 28, 'TPC_MPOLY': 3, 'NONE_MPOLY': 2, 'SBX_NONE': 2}"
13,96,SPC,NONE,0.6851353982046792,0.0384066541801319,610772787.2,471026303.08053935,2088531.36,1586412.268694336,0.7425625654002973,4.182327970725375e-06,0.0,0.0,GREEDY_HV,"['SPC_MBFLIP', 'SBX_MPOLY', 'SBX_MPOLY', 'SPC_MPOLY', 'SPC_MPOLY', 'UC_MPOLY', 'TPC_NONE', 'UC_NONE', 'SPC_NONE', 'SPC_NONE', 'TPC_NONE', 'UC_NONE', 'TPC_NONE', 'UC_NONE', 'UC_MPOLY', 'UC_NONE', 'TPC_MPOLY', 'TPC_NONE', 'UC_NONE', 'UC_NONE', 'UC_NONE', 'SBX_MPOLY', 'UC_NONE', 'UC_NONE', 'TPC_NONE', 'UC_NONE', 'TPC_NONE', 'UC_MPOLY', 'UC_NONE', 'NONE_MPOLY', 'SPC_NONE', 'SPC_NONE', 'UC_NONE', 'TPC_NONE', 'SPC_NONE', 'SPC_MPOLY', 'SBX_MPOLY', 'SPC_NONE', 'UC_NONE', 'SBX_MPOLY', 'SPC_NONE', 'SPC_MPOLY', 'UC_NONE', 'UC_NONE', 'SBX_MPOLY', 'SBX_NONE', 'SPC_NONE', 'SPC_NONE', 'SPC_NONE', 'TPC_NONE', 'TPC_NONE', 'SPC_NONE', 'SPC_NONE', 'UC_NONE', 'UC_NONE', 'TPC_NONE', 'SPC_NONE', 'SPC_NONE', 'TPC_MPOLY', 'UC_NONE', 'SPC_NONE', 'NONE_MPOLY', 'SPC_NONE', 'SPC_NONE', 'TPC_NONE', 'TPC_NONE', 'UC_NONE', 'UC_NONE', 'TPC_MPOLY', 'UC_NONE', 'UC_NONE', 'SBX_NONE', 'SPC_NONE', 'UC_NONE', 'SBX_MPOLY', 'SPC_NONE', 'SPC_NONE', 'TPC_NONE', 'SPC_NONE', 'SPC_NONE', 'UC_NONE', 'SPC_NONE', 'SBX_MPOLY', 'SPC_NONE', 'TPC_NONE', 'SPC_NONE', 'UC_NONE', 'SPC_NONE', 'UC_NONE', 'TPC_NONE', 'TPC_NONE', 'UC_NONE', 'UC_NONE', 'TPC_NONE', 'SPC_NONE', 'SPC_NONE', 'SPC_NONE']","{'SBX_MPOLY': 8, 'SPC_MPOLY': 4, 'UC_MPOLY': 3, 'TPC_NONE': 17, 'UC_NONE': 28, 'SPC_NONE': 29, 'TPC_MPOLY': 3, 'NONE_MPOLY': 2, 'SBX_NONE': 2}"
13,97,TPC,MNUF,0.6839531900173779,0.0386159030115457,590038461.44,473973522.8513501,2080467.36,1613831.079035743,0.7425615386251728,-1.026775124479684e-06,0.0,0.0,GREEDY_HV,"['SPC_MBFLIP', 'SBX_MPOLY', 'SBX_MPOLY', 'SPC_MPOLY', 'SPC_MPOLY', 'UC_MPOLY', 'TPC_NONE', 'UC_NONE', 'SPC_NONE', 'SPC_NONE', 'TPC_NONE', 'UC_NONE', 'TPC_NONE', 'UC_NONE', 'UC_MPOLY', 'UC_NONE', 'TPC_MPOLY', 'TPC_NONE', 'UC_NONE', 'UC_NONE', 'UC_NONE', 'SBX_MPOLY', 'UC_NONE', 'UC_NONE', 'TPC_NONE', 'UC_NONE', 'TPC_NONE', 'UC_MPOLY', 'UC_NONE', 'NONE_MPOLY', 'SPC_NONE', 'SPC_NONE', 'UC_NONE', 'TPC_NONE', 'SPC_NONE', 'SPC_MPOLY', 'SBX_MPOLY', 'SPC_NONE', 'UC_NONE', 'SBX_MPOLY', 'SPC_NONE', 'SPC_MPOLY', 'UC_NONE', 'UC_NONE', 'SBX_MPOLY', 'SBX_NONE', 'SPC_NONE', 'SPC_NONE', 'SPC_NONE', 'TPC_NONE', 'TPC_NONE', 'SPC_NONE', 'SPC_NONE', 'UC_NONE', 'UC_NONE', 'TPC_NONE', 'SPC_NONE', 'SPC_NONE', 'TPC_MPOLY', 'UC_NONE', 'SPC_NONE', 'NONE_MPOLY', 'SPC_NONE', 'SPC_NONE', 'TPC_NONE', 'TPC_NONE', 'UC_NONE', 'UC_NONE', 'TPC_MPOLY', 'UC_NONE', 'UC_NONE', 'SBX_NONE', 'SPC_NONE', 'UC_NONE', 'SBX_MPOLY', 'SPC_NONE', 'SPC_NONE', 'TPC_NONE', 'SPC_NONE', 'SPC_NONE', 'UC_NONE', 'SPC_NONE', 'SBX_MPOLY', 'SPC_NONE', 'TPC_NONE', 'SPC_NONE', 'UC_NONE', 'SPC_NONE', 'UC_NONE', 'TPC_NONE', 'TPC_NONE', 'UC_NONE', 'UC_NONE', 'TPC_NONE', 'SPC_NONE', 'SPC_NONE', 'SPC_NONE', 'TPC_MNUF']","{'SBX_MPOLY': 8, 'SPC_MPOLY': 4, 'UC_MPOLY': 3, 'TPC_NONE': 17, 'UC_NONE': 28, 'SPC_NONE': 29, 'TPC_MPOLY': 3, 'NONE_MPOLY': 2, 'SBX_NONE': 2, 'TPC_MNUF': 1}"
13,98,UC,MNUF,0.6847822796257881,0.038988860632221,613490380.8,482249134.1342068,2116421.28,1591067.8375033422,0.742605998382291,4.445975711819816e-05,0.01,0.0,GREEDY_HV,"['SPC_MBFLIP', 'SBX_MPOLY', 'SBX_MPOLY', 'SPC_MPOLY', 'SPC_MPOLY', 'UC_MPOLY', 'TPC_NONE', 'UC_NONE', 'SPC_NONE', 'SPC_NONE', 'TPC_NONE', 'UC_NONE', 'TPC_NONE', 'UC_NONE', 'UC_MPOLY', 'UC_NONE', 'TPC_MPOLY', 'TPC_NONE', 'UC_NONE', 'UC_NONE', 'UC_NONE', 'SBX_MPOLY', 'UC_NONE', 'UC_NONE', 'TPC_NONE', 'UC_NONE', 'TPC_NONE', 'UC_MPOLY', 'UC_NONE', 'NONE_MPOLY', 'SPC_NONE', 'SPC_NONE', 'UC_NONE', 'TPC_NONE', 'SPC_NONE', 'SPC_MPOLY', 'SBX_MPOLY', 'SPC_NONE', 'UC_NONE', 'SBX_MPOLY', 'SPC_NONE', 'SPC_MPOLY', 'UC_NONE', 'UC_NONE', 'SBX_MPOLY', 'SBX_NONE', 'SPC_NONE', 'SPC_NONE', 'SPC_NONE', 'TPC_NONE', 'TPC_NONE', 'SPC_NONE', 'SPC_NONE', 'UC_NONE', 'UC_NONE', 'TPC_NONE', 'SPC_NONE', 'SPC_NONE', 'TPC_MPOLY', 'UC_NONE', 'SPC_NONE', 'NONE_MPOLY', 'SPC_NONE', 'SPC_NONE', 'TPC_NONE', 'TPC_NONE', 'UC_NONE', 'UC_NONE', 'TPC_MPOLY', 'UC_NONE', 'UC_NONE', 'SBX_NONE', 'SPC_NONE', 'UC_NONE', 'SBX_MPOLY', 'SPC_NONE', 'SPC_NONE', 'TPC_NONE', 'SPC_NONE', 'SPC_NONE', 'UC_NONE', 'SPC_NONE', 'SBX_MPOLY', 'SPC_NONE', 'TPC_NONE', 'SPC_NONE', 'UC_NONE', 'SPC_NONE', 'UC_NONE', 'TPC_NONE', 'TPC_NONE', 'UC_NONE', 'UC_NONE', 'TPC_NONE', 'SPC_NONE', 'SPC_NONE', 'SPC_NONE', 'TPC_MNUF', 'UC_MNUF']","{'SBX_MPOLY': 8, 'SPC_MPOLY': 4, 'UC_MPOLY': 3, 'TPC_NONE': 17, 'UC_NONE': 28, 'SPC_NONE': 29, 'TPC_MPOLY': 3, 'NONE_MPOLY': 2, 'SBX_NONE': 2, 'TPC_MNUF': 1, 'UC_MNUF': 1}"
13,99,TPC,NONE,0.6843523276311134,0.0387304159802812,614803353.6,483738446.6986359,2020778.4,1572246.7653875714,0.742588418089386,-1.7580292904995076e-05,0.01,0.0,GREEDY_HV,"['SPC_MBFLIP', 'SBX_MPOLY', 'SBX_MPOLY', 'SPC_MPOLY', 'SPC_MPOLY', 'UC_MPOLY', 'TPC_NONE', 'UC_NONE', 'SPC_NONE', 'SPC_NONE', 'TPC_NONE', 'UC_NONE', 'TPC_NONE', 'UC_NONE', 'UC_MPOLY', 'UC_NONE', 'TPC_MPOLY', 'TPC_NONE', 'UC_NONE', 'UC_NONE', 'UC_NONE', 'SBX_MPOLY', 'UC_NONE', 'UC_NONE', 'TPC_NONE', 'UC_NONE', 'TPC_NONE', 'UC_MPOLY', 'UC_NONE', 'NONE_MPOLY', 'SPC_NONE', 'SPC_NONE', 'UC_NONE', 'TPC_NONE', 'SPC_NONE', 'SPC_MPOLY', 'SBX_MPOLY', 'SPC_NONE', 'UC_NONE', 'SBX_MPOLY', 'SPC_NONE', 'SPC_MPOLY', 'UC_NONE', 'UC_NONE', 'SBX_MPOLY', 'SBX_NONE', 'SPC_NONE', 'SPC_NONE', 'SPC_NONE', 'TPC_NONE', 'TPC_NONE', 'SPC_NONE', 'SPC_NONE', 'UC_NONE', 'UC_NONE', 'TPC_NONE', 'SPC_NONE', 'SPC_NONE', 'TPC_MPOLY', 'UC_NONE', 'SPC_NONE', 'NONE_MPOLY', 'SPC_NONE', 'SPC_NONE', 'TPC_NONE', 'TPC_NONE', 'UC_NONE', 'UC_NONE', 'TPC_MPOLY', 'UC_NONE', 'UC_NONE', 'SBX_NONE', 'SPC_NONE', 'UC_NONE', 'SBX_MPOLY', 'SPC_NONE', 'SPC_NONE', 'TPC_NONE', 'SPC_NONE', 'SPC_NONE', 'UC_NONE', 'SPC_NONE', 'SBX_MPOLY', 'SPC_NONE', 'TPC_NONE', 'SPC_NONE', 'UC_NONE', 'SPC_NONE', 'UC_NONE', 'TPC_NONE', 'TPC_NONE', 'UC_NONE', 'UC_NONE', 'TPC_NONE', 'SPC_NONE', 'SPC_NONE', 'SPC_NONE', 'TPC_MNUF', 'UC_MNUF', 'TPC_NONE']","{'SBX_MPOLY': 8, 'SPC_MPOLY': 4, 'UC_MPOLY': 3, 'TPC_NONE': 18, 'UC_NONE': 28, 'SPC_NONE': 29, 'TPC_MPOLY': 3, 'NONE_MPOLY': 2, 'SBX_NONE': 2, 'TPC_MNUF': 1, 'UC_MNUF': 1}"
13,100,TPC,MNUF,0.683528921924951,0.0392259172914548,611521776.64,494381882.0732595,1989938.08,1585565.418842727,0.7426117528671491,2.3334777763062146e-05,0.01,0.0,GREEDY_HV,"['SPC_MBFLIP', 'SBX_MPOLY', 'SBX_MPOLY', 'SPC_MPOLY', 'SPC_MPOLY', 'UC_MPOLY', 'TPC_NONE', 'UC_NONE', 'SPC_NONE', 'SPC_NONE', 'TPC_NONE', 'UC_NONE', 'TPC_NONE', 'UC_NONE', 'UC_MPOLY', 'UC_NONE', 'TPC_MPOLY', 'TPC_NONE', 'UC_NONE', 'UC_NONE', 'UC_NONE', 'SBX_MPOLY', 'UC_NONE', 'UC_NONE', 'TPC_NONE', 'UC_NONE', 'TPC_NONE', 'UC_MPOLY', 'UC_NONE', 'NONE_MPOLY', 'SPC_NONE', 'SPC_NONE', 'UC_NONE', 'TPC_NONE', 'SPC_NONE', 'SPC_MPOLY', 'SBX_MPOLY', 'SPC_NONE', 'UC_NONE', 'SBX_MPOLY', 'SPC_NONE', 'SPC_MPOLY', 'UC_NONE', 'UC_NONE', 'SBX_MPOLY', 'SBX_NONE', 'SPC_NONE', 'SPC_NONE', 'SPC_NONE', 'TPC_NONE', 'TPC_NONE', 'SPC_NONE', 'SPC_NONE', 'UC_NONE', 'UC_NONE', 'TPC_NONE', 'SPC_NONE', 'SPC_NONE', 'TPC_MPOLY', 'UC_NONE', 'SPC_NONE', 'NONE_MPOLY', 'SPC_NONE', 'SPC_NONE', 'TPC_NONE', 'TPC_NONE', 'UC_NONE', 'UC_NONE', 'TPC_MPOLY', 'UC_NONE', 'UC_NONE', 'SBX_NONE', 'SPC_NONE', 'UC_NONE', 'SBX_MPOLY', 'SPC_NONE', 'SPC_NONE', 'TPC_NONE', 'SPC_NONE', 'SPC_NONE', 'UC_NONE', 'SPC_NONE', 'SBX_MPOLY', 'SPC_NONE', 'TPC_NONE', 'SPC_NONE', 'UC_NONE', 'SPC_NONE', 'UC_NONE', 'TPC_NONE', 'TPC_NONE', 'UC_NONE', 'UC_NONE', 'TPC_NONE', 'SPC_NONE', 'SPC_NONE', 'SPC_NONE', 'TPC_MNUF', 'UC_MNUF', 'TPC_NONE', 'TPC_MNUF']","{'SBX_MPOLY': 8, 'SPC_MPOLY': 4, 'UC_MPOLY': 3, 'TPC_NONE': 18, 'UC_NONE': 28, 'SPC_NONE': 29, 'TPC_MPOLY': 3, 'NONE_MPOLY': 2, 'SBX_NONE': 2, 'TPC_MNUF': 2, 'UC_MNUF': 1}"
14,1,SBX,MNUF,0.6607415348562177,0.02191073053342,1629065716.48,1055716699.1468928,3458233.76,1768517.8841598923,0.6924803308104582,0.0,0.14,0.095,GREEDY_HV,"['SPC_MBFLIP', 'SBX_MNUF']",{'SBX_MNUF': 1}
14,2,SPC,MPOLY,0.6601313984186085,0.0261813454670103,1175145137.92,929347168.321308,2879883.68,1910021.5606144504,0.6969518155204589,0.0044714847100006,0.23,0.085,GREEDY_HV,"['SPC_MBFLIP', 'SBX_MNUF', 'SPC_MPOLY']","{'SBX_MNUF': 1, 'SPC_MPOLY': 1}"
14,3,UC,MPOLY,0.6681803795393617,0.0201883929824678,923857634.56,497393856.8804108,2519847.84,1394407.838581057,0.7048003947448992,0.0078485792244402,0.14,0.075,GREEDY_HV,"['SPC_MBFLIP', 'SBX_MNUF', 'SPC_MPOLY', 'UC_MPOLY']","{'SBX_MNUF': 1, 'SPC_MPOLY': 1, 'UC_MPOLY': 1}"
14,4,SPC,NONE,0.6687021442180198,0.0223942274046022,685377771.52,351965982.9252233,1810747.04,1102041.619309198,0.7142754557115248,0.0094750609666256,0.11,0.0,GREEDY_HV,"['SPC_MBFLIP', 'SBX_MNUF', 'SPC_MPOLY', 'UC_MPOLY', 'SPC_NONE']","{'SBX_MNUF': 1, 'SPC_MPOLY': 1, 'UC_MPOLY': 1, 'SPC_NONE': 1}"
14,5,NONE,MNUF,0.6652331374355056,0.0270795940848323,662125748.48,360096836.91246265,1802798.24,1165958.452632315,0.7201862560619008,0.0059108003503759,0.0,0.0,GREEDY_HV,"['SPC_MBFLIP', 'SBX_MNUF', 'SPC_MPOLY', 'UC_MPOLY', 'SPC_NONE', 'NONE_MNUF']","{'SBX_MNUF': 1, 'SPC_MPOLY': 1, 'UC_MPOLY': 1, 'SPC_NONE': 1, 'NONE_MNUF': 1}"
14,6,UC,NONE,0.6697070071057247,0.0294318496872161,624789847.04,327671251.0103907,1531108.0,965556.4706834708,0.7223652949007875,0.0021790388388867,0.11,0.0,GREEDY_HV,"['SPC_MBFLIP', 'SBX_MNUF', 'SPC_MPOLY', 'UC_MPOLY', 'SPC_NONE', 'NONE_MNUF', 'UC_NONE']","{'SBX_MNUF': 1, 'SPC_MPOLY': 1, 'UC_MPOLY': 1, 'SPC_NONE': 1, 'NONE_MNUF': 1, 'UC_NONE': 1}"
14,7,TPC,NONE,0.671824687573181,0.034569636606567,587553443.84,355263728.64755595,1536884.64,1021738.2517395292,0.7236050134455837,0.0012397185447962,0.13,0.0,GREEDY_HV,"['SPC_MBFLIP', 'SBX_MNUF', 'SPC_MPOLY', 'UC_MPOLY', 'SPC_NONE', 'NONE_MNUF', 'UC_NONE', 'TPC_NONE']","{'SBX_MNUF': 1, 'SPC_MPOLY': 1, 'UC_MPOLY': 1, 'SPC_NONE': 1, 'NONE_MNUF': 1, 'UC_NONE': 1, 'TPC_NONE': 1}"
14,8,TPC,MPOLY,0.6747548587693888,0.0330941937234315,600008133.12,369350523.2603135,1589924.0,1068108.823775855,0.7253079785340834,0.0017029650884996,0.05,0.03,GREEDY_HV,"['SPC_MBFLIP', 'SBX_MNUF', 'SPC_MPOLY', 'UC_MPOLY', 'SPC_NONE', 'NONE_MNUF', 'UC_NONE', 'TPC_NONE', 'TPC_MPOLY']","{'SBX_MNUF': 1, 'SPC_MPOLY': 1, 'UC_MPOLY': 1, 'SPC_NONE': 1, 'NONE_MNUF': 1, 'UC_NONE': 1, 'TPC_NONE': 1, 'TPC_MPOLY': 1}"
14,9,TPC,MPOLY,0.6766685956854664,0.0304710521218605,588730178.56,362146723.986484,1610962.08,1131657.6538198793,0.7282415967152792,0.0029336181811958,0.08,0.01,GREEDY_HV,"['SPC_MBFLIP', 'SBX_MNUF', 'SPC_MPOLY', 'UC_MPOLY', 'SPC_NONE', 'NONE_MNUF', 'UC_NONE', 'TPC_NONE', 'TPC_MPOLY', 'TPC_MPOLY']","{'SBX_MNUF': 1, 'SPC_MPOLY': 1, 'UC_MPOLY': 1, 'SPC_NONE': 1, 'NONE_MNUF': 1, 'UC_NONE': 1, 'TPC_NONE': 1, 'TPC_MPOLY': 2}"
14,10,TPC,NONE,0.6753956360522324,0.03250336385506,512961758.72,328350934.4486515,1470053.28,1105155.3543976892,0.7302561232865634,0.0020145265712842,0.06,0.0,GREEDY_HV,"['SPC_MBFLIP', 'SBX_MNUF', 'SPC_MPOLY', 'UC_MPOLY', 'SPC_NONE', 'NONE_MNUF', 'UC_NONE', 'TPC_NONE', 'TPC_MPOLY', 'TPC_MPOLY', 'TPC_NONE']","{'SBX_MNUF': 1, 'SPC_MPOLY': 1, 'UC_MPOLY': 1, 'SPC_NONE': 1, 'NONE_MNUF': 1, 'UC_NONE': 1, 'TPC_NONE': 2, 'TPC_MPOLY': 2}"
14,11,SPC,MPOLY,0.6734744019284817,0.0344984172624474,478056003.84,311993665.62905216,1429584.8,1128528.346958109,0.7315554831034794,0.0012993598169159,0.06,0.01,GREEDY_HV,"['SPC_MBFLIP', 'SBX_MNUF', 'SPC_MPOLY', 'UC_MPOLY', 'SPC_NONE', 'NONE_MNUF', 'UC_NONE', 'TPC_NONE', 'TPC_MPOLY', 'TPC_MPOLY', 'TPC_NONE', 'SPC_MPOLY']","{'SBX_MNUF': 1, 'SPC_MPOLY': 2, 'UC_MPOLY': 1, 'SPC_NONE': 1, 'NONE_MNUF': 1, 'UC_NONE': 1, 'TPC_NONE': 2, 'TPC_MPOLY': 2}"
14,12,SPC,NONE,0.6748195135247623,0.0376975424165501,452494914.56,312626261.5528594,1560432.8,1189723.4225598488,0.7318790335505118,0.0003235504470323,0.06,0.0,GREEDY_HV,"['SPC_MBFLIP', 'SBX_MNUF', 'SPC_MPOLY', 'UC_MPOLY', 'SPC_NONE', 'NONE_MNUF', 'UC_NONE', 'TPC_NONE', 'TPC_MPOLY', 'TPC_MPOLY', 'TPC_NONE', 'SPC_MPOLY', 'SPC_NONE']","{'SBX_MNUF': 1, 'SPC_MPOLY': 2, 'UC_MPOLY': 1, 'SPC_NONE': 2, 'NONE_MNUF': 1, 'UC_NONE': 1, 'TPC_NONE': 2, 'TPC_MPOLY': 2}"
14,13,SPC,MNUF,0.676169579816968,0.0358279112053589,458952107.52,312940233.62930274,1581180.32,1185834.1073967714,0.7330236089923742,0.0011445754418624,0.03,0.0,GREEDY_HV,"['SPC_MBFLIP', 'SBX_MNUF', 'SPC_MPOLY', 'UC_MPOLY', 'SPC_NONE', 'NONE_MNUF', 'UC_NONE', 'TPC_NONE', 'TPC_MPOLY', 'TPC_MPOLY', 'TPC_NONE', 'SPC_MPOLY', 'SPC_NONE', 'SPC_MNUF']","{'SBX_MNUF': 1, 'SPC_MPOLY': 2, 'UC_MPOLY': 1, 'SPC_NONE': 2, 'NONE_MNUF': 1, 'UC_NONE': 1, 'TPC_NONE': 2, 'TPC_MPOLY': 2, 'SPC_MNUF': 1}"
14,14,TPC,NONE,0.6766301668340564,0.0344776224891678,439248276.48,315162990.5981792,1521903.52,1182616.6312016118,0.7332284087996691,0.0002047998072949,0.02,0.0,GREEDY_HV,"['SPC_MBFLIP', 'SBX_MNUF', 'SPC_MPOLY', 'UC_MPOLY', 'SPC_NONE', 'NONE_MNUF', 'UC_NONE', 'TPC_NONE', 'TPC_MPOLY', 'TPC_MPOLY', 'TPC_NONE', 'SPC_MPOLY', 'SPC_NONE', 'SPC_MNUF', 'TPC_NONE']","{'SBX_MNUF': 1, 'SPC_MPOLY': 2, 'UC_MPOLY': 1, 'SPC_NONE': 2, 'NONE_MNUF': 1, 'UC_NONE': 1, 'TPC_NONE': 3, 'TPC_MPOLY': 2, 'SPC_MNUF': 1}"
14,15,SBX,MPOLY,0.6828912259610773,0.0285684570533382,473160935.68,332986446.3084323,1677068.96,1258165.7553849565,0.7357263471603281,0.002497938360659,0.0,0.035,GREEDY_HV,"['SPC_MBFLIP', 'SBX_MNUF', 'SPC_MPOLY', 'UC_MPOLY', 'SPC_NONE', 'NONE_MNUF', 'UC_NONE', 'TPC_NONE', 'TPC_MPOLY', 'TPC_MPOLY', 'TPC_NONE', 'SPC_MPOLY', 'SPC_NONE', 'SPC_MNUF', 'TPC_NONE', 'SBX_MPOLY']","{'SBX_MNUF': 1, 'SPC_MPOLY': 2, 'UC_MPOLY': 1, 'SPC_NONE': 2, 'NONE_MNUF': 1, 'UC_NONE': 1, 'TPC_NONE': 3, 'TPC_MPOLY': 2, 'SPC_MNUF': 1, 'SBX_MPOLY': 1}"
14,16,SBX,NONE,0.6843086457710003,0.028450433554763,518238202.88,417997005.3675376,1766515.36,1288505.0885384,0.7359449700858528,0.0002186229255246,0.0,0.0,GREEDY_HV,"['SPC_MBFLIP', 'SBX_MNUF', 'SPC_MPOLY', 'UC_MPOLY', 'SPC_NONE', 'NONE_MNUF', 'UC_NONE', 'TPC_NONE', 'TPC_MPOLY', 'TPC_MPOLY', 'TPC_NONE', 'SPC_MPOLY', 'SPC_NONE', 'SPC_MNUF', 'TPC_NONE', 'SBX_MPOLY', 'SBX_NONE']","{'SBX_MNUF': 1, 'SPC_MPOLY': 2, 'UC_MPOLY': 1, 'SPC_NONE': 2, 'NONE_MNUF': 1, 'UC_NONE': 1, 'TPC_NONE': 3, 'TPC_MPOLY': 2, 'SPC_MNUF': 1, 'SBX_MPOLY': 1, 'SBX_NONE': 1}"
14,17,UC,NONE,0.6850802336008559,0.028076164910227,556807214.08,545411378.8499488,1806380.96,1390787.772287591,0.7379144201787236,0.0019694500928707,0.08,0.0,GREEDY_HV,"['SPC_MBFLIP', 'SBX_MNUF', 'SPC_MPOLY', 'UC_MPOLY', 'SPC_NONE', 'NONE_MNUF', 'UC_NONE', 'TPC_NONE', 'TPC_MPOLY', 'TPC_MPOLY', 'TPC_NONE', 'SPC_MPOLY', 'SPC_NONE', 'SPC_MNUF', 'TPC_NONE', 'SBX_MPOLY', 'SBX_NONE', 'UC_NONE']","{'SBX_MNUF': 1, 'SPC_MPOLY': 2, 'UC_MPOLY': 1, 'SPC_NONE': 2, 'NONE_MNUF': 1, 'UC_NONE': 2, 'TPC_NONE': 3, 'TPC_MPOLY': 2, 'SPC_MNUF': 1, 'SBX_MPOLY': 1, 'SBX_NONE': 1}"
14,18,SBX,MPOLY,0.6831518822685847,0.0317988937839323,553225411.84,547356135.8966559,1816083.36,1408884.386066277,0.738322829876169,0.0004084096974454,0.0,0.035,GREEDY_HV,"['SPC_MBFLIP', 'SBX_MNUF', 'SPC_MPOLY', 'UC_MPOLY', 'SPC_NONE', 'NONE_MNUF', 'UC_NONE', 'TPC_NONE', 'TPC_MPOLY', 'TPC_MPOLY', 'TPC_NONE', 'SPC_MPOLY', 'SPC_NONE', 'SPC_MNUF', 'TPC_NONE', 'SBX_MPOLY', 'SBX_NONE', 'UC_NONE', 'SBX_MPOLY']","{'SBX_MNUF': 1, 'SPC_MPOLY': 2, 'UC_MPOLY': 1, 'SPC_NONE': 2, 'NONE_MNUF': 1, 'UC_NONE': 2, 'TPC_NONE': 3, 'TPC_MPOLY': 2, 'SPC_MNUF': 1, 'SBX_MPOLY': 2, 'SBX_NONE': 1}"
14,19,UC,NONE,0.6830240381464695,0.0354145369180059,567355345.92,586318471.0078816,1958532.0,1433192.2853802976,0.7385456622921458,0.0002228324159767,0.03,0.0,GREEDY_HV,"['SPC_MBFLIP', 'SBX_MNUF', 'SPC_MPOLY', 'UC_MPOLY', 'SPC_NONE', 'NONE_MNUF', 'UC_NONE', 'TPC_NONE', 'TPC_MPOLY', 'TPC_MPOLY', 'TPC_NONE', 'SPC_MPOLY', 'SPC_NONE', 'SPC_MNUF', 'TPC_NONE', 'SBX_MPOLY', 'SBX_NONE', 'UC_NONE', 'SBX_MPOLY', 'UC_NONE']","{'SBX_MNUF': 1, 'SPC_MPOLY': 2, 'UC_MPOLY': 1, 'SPC_NONE': 2, 'NONE_MNUF': 1, 'UC_NONE': 3, 'TPC_NONE': 3, 'TPC_MPOLY': 2, 'SPC_MNUF': 1, 'SBX_MPOLY': 2, 'SBX_NONE': 1}"
14,20,SPC,NONE,0.6857124371477776,0.0344219673578093,587434588.16,576775900.872261,2049310.88,1438386.1394177666,0.7389458304718469,0.0004001681797011,0.01,0.0,GREEDY_HV,"['SPC_MBFLIP', 'SBX_MNUF', 'SPC_MPOLY', 'UC_MPOLY', 'SPC_NONE', 'NONE_MNUF', 'UC_NONE', 'TPC_NONE', 'TPC_MPOLY', 'TPC_MPOLY', 'TPC_NONE', 'SPC_MPOLY', 'SPC_NONE', 'SPC_MNUF', 'TPC_NONE', 'SBX_MPOLY', 'SBX_NONE', 'UC_NONE', 'SBX_MPOLY', 'UC_NONE', 'SPC_NONE']","{'SBX_MNUF': 1, 'SPC_MPOLY': 2, 'UC_MPOLY': 1, 'SPC_NONE': 3, 'NONE_MNUF': 1, 'UC_NONE': 3, 'TPC_NONE': 3, 'TPC_MPOLY': 2, 'SPC_MNUF': 1, 'SBX_MPOLY': 2, 'SBX_NONE': 1}"
14,21,TPC,NONE,0.6837516310604524,0.0360394395400619,653628584.96,697204321.5665654,1955083.68,1533531.1369987046,0.7402078096417832,0.0012619791699363,0.0,0.0,GREEDY_HV,"['SPC_MBFLIP', 'SBX_MNUF', 'SPC_MPOLY', 'UC_MPOLY', 'SPC_NONE', 'NONE_MNUF', 'UC_NONE', 'TPC_NONE', 'TPC_MPOLY', 'TPC_MPOLY', 'TPC_NONE', 'SPC_MPOLY', 'SPC_NONE', 'SPC_MNUF', 'TPC_NONE', 'SBX_MPOLY', 'SBX_NONE', 'UC_NONE', 'SBX_MPOLY', 'UC_NONE', 'SPC_NONE', 'TPC_NONE']","{'SBX_MNUF': 1, 'SPC_MPOLY': 2, 'UC_MPOLY': 1, 'SPC_NONE': 3, 'NONE_MNUF': 1, 'UC_NONE': 3, 'TPC_NONE': 4, 'TPC_MPOLY': 2, 'SPC_MNUF': 1, 'SBX_MPOLY': 2, 'SBX_NONE': 1}"
14,22,UC,NONE,0.6852246551617158,0.0358713479023164,707220418.56,764856046.1147168,2049615.52,1577554.4541094005,0.7403097163397605,0.0001019066979772,0.03,0.0,GREEDY_HV,"['SPC_MBFLIP', 'SBX_MNUF', 'SPC_MPOLY', 'UC_MPOLY', 'SPC_NONE', 'NONE_MNUF', 'UC_NONE', 'TPC_NONE', 'TPC_MPOLY', 'TPC_MPOLY', 'TPC_NONE', 'SPC_MPOLY', 'SPC_NONE', 'SPC_MNUF', 'TPC_NONE', 'SBX_MPOLY', 'SBX_NONE', 'UC_NONE', 'SBX_MPOLY', 'UC_NONE', 'SPC_NONE', 'TPC_NONE', 'UC_NONE']","{'SBX_MNUF': 1, 'SPC_MPOLY': 2, 'UC_MPOLY': 1, 'SPC_NONE': 3, 'NONE_MNUF': 1, 'UC_NONE': 4, 'TPC_NONE': 4, 'TPC_MPOLY': 2, 'SPC_MNUF': 1, 'SBX_MPOLY': 2, 'SBX_NONE': 1}"
14,23,UC,NONE,0.6857989661313942,0.0354255333978966,732323000.32,810894185.7710019,2022159.52,1605156.157318561,0.7404936456361505,0.0001839292963899,0.0,0.0,GREEDY_HV,"['SPC_MBFLIP', 'SBX_MNUF', 'SPC_MPOLY', 'UC_MPOLY', 'SPC_NONE', 'NONE_MNUF', 'UC_NONE', 'TPC_NONE', 'TPC_MPOLY', 'TPC_MPOLY', 'TPC_NONE', 'SPC_MPOLY', 'SPC_NONE', 'SPC_MNUF', 'TPC_NONE', 'SBX_MPOLY', 'SBX_NONE', 'UC_NONE', 'SBX_MPOLY', 'UC_NONE', 'SPC_NONE', 'TPC_NONE', 'UC_NONE', 'UC_NONE']","{'SBX_MNUF': 1, 'SPC_MPOLY': 2, 'UC_MPOLY': 1, 'SPC_NONE': 3, 'NONE_MNUF': 1, 'UC_NONE': 5, 'TPC_NONE': 4, 'TPC_MPOLY': 2, 'SPC_MNUF': 1, 'SBX_MPOLY': 2, 'SBX_NONE': 1}"
14,24,SPC,NONE,0.6889461645309392,0.0360092565308857,836385909.76,862561782.6433581,2310465.44,1713745.4835105024,0.7406323817901428,0.0001387361539922,0.01,0.0,GREEDY_HV,"['SPC_MBFLIP', 'SBX_MNUF', 'SPC_MPOLY', 'UC_MPOLY', 'SPC_NONE', 'NONE_MNUF', 'UC_NONE', 'TPC_NONE', 'TPC_MPOLY', 'TPC_MPOLY', 'TPC_NONE', 'SPC_MPOLY', 'SPC_NONE', 'SPC_MNUF', 'TPC_NONE', 'SBX_MPOLY', 'SBX_NONE', 'UC_NONE', 'SBX_MPOLY', 'UC_NONE', 'SPC_NONE', 'TPC_NONE', 'UC_NONE', 'UC_NONE', 'SPC_NONE']","{'SBX_MNUF': 1, 'SPC_MPOLY': 2, 'UC_MPOLY': 1, 'SPC_NONE': 4, 'NONE_MNUF': 1, 'UC_NONE': 5, 'TPC_NONE': 4, 'TPC_MPOLY': 2, 'SPC_MNUF': 1, 'SBX_MPOLY': 2, 'SBX_NONE': 1}"
14,25,SPC,NONE,0.6893687030903567,0.0368099023419276,896118845.44,901503651.0103532,2420260.0,1767656.4383889537,0.7406738065217725,4.1424731629713385e-05,0.0,0.0,GREEDY_HV,"['SPC_MBFLIP', 'SBX_MNUF', 'SPC_MPOLY', 'UC_MPOLY', 'SPC_NONE', 'NONE_MNUF', 'UC_NONE', 'TPC_NONE', 'TPC_MPOLY', 'TPC_MPOLY', 'TPC_NONE', 'SPC_MPOLY', 'SPC_NONE', 'SPC_MNUF', 'TPC_NONE', 'SBX_MPOLY', 'SBX_NONE', 'UC_NONE', 'SBX_MPOLY', 'UC_NONE', 'SPC_NONE', 'TPC_NONE', 'UC_NONE', 'UC_NONE', 'SPC_NONE', 'SPC_NONE']","{'SBX_MNUF': 1, 'SPC_MPOLY': 2, 'UC_MPOLY': 1, 'SPC_NONE': 5, 'NONE_MNUF': 1, 'UC_NONE': 5, 'TPC_NONE': 4, 'TPC_MPOLY': 2, 'SPC_MNUF': 1, 'SBX_MPOLY': 2, 'SBX_NONE': 1}"
14,26,SPC,NONE,0.6888996137502374,0.0367694020580263,871273630.72,894287302.2047223,2362049.44,1765542.4574753244,0.7407397227352694,6.591621349694154e-05,0.03,0.0,GREEDY_HV,"['SPC_MBFLIP', 'SBX_MNUF', 'SPC_MPOLY', 'UC_MPOLY', 'SPC_NONE', 'NONE_MNUF', 'UC_NONE', 'TPC_NONE', 'TPC_MPOLY', 'TPC_MPOLY', 'TPC_NONE', 'SPC_MPOLY', 'SPC_NONE', 'SPC_MNUF', 'TPC_NONE', 'SBX_MPOLY', 'SBX_NONE', 'UC_NONE', 'SBX_MPOLY', 'UC_NONE', 'SPC_NONE', 'TPC_NONE', 'UC_NONE', 'UC_NONE', 'SPC_NONE', 'SPC_NONE', 'SPC_NONE']","{'SBX_MNUF': 1, 'SPC_MPOLY': 2, 'UC_MPOLY': 1, 'SPC_NONE': 6, 'NONE_MNUF': 1, 'UC_NONE': 5, 'TPC_NONE': 4, 'TPC_MPOLY': 2, 'SPC_MNUF': 1, 'SBX_MPOLY': 2, 'SBX_NONE': 1}"
14,27,UC,NONE,0.6917071141940424,0.0359263471002933,938384803.84,918579092.8782204,2517126.56,1815636.4898427452,0.7407650930531057,2.537031783622634e-05,0.0,0.0,GREEDY_HV,"['SPC_MBFLIP', 'SBX_MNUF', 'SPC_MPOLY', 'UC_MPOLY', 'SPC_NONE', 'NONE_MNUF', 'UC_NONE', 'TPC_NONE', 'TPC_MPOLY', 'TPC_MPOLY', 'TPC_NONE', 'SPC_MPOLY', 'SPC_NONE', 'SPC_MNUF', 'TPC_NONE', 'SBX_MPOLY', 'SBX_NONE', 'UC_NONE', 'SBX_MPOLY', 'UC_NONE', 'SPC_NONE', 'TPC_NONE', 'UC_NONE', 'UC_NONE', 'SPC_NONE', 'SPC_NONE', 'SPC_NONE', 'UC_NONE']","{'SBX_MNUF': 1, 'SPC_MPOLY': 2, 'UC_MPOLY': 1, 'SPC_NONE': 6, 'NONE_MNUF': 1, 'UC_NONE': 6, 'TPC_NONE': 4, 'TPC_MPOLY': 2, 'SPC_MNUF': 1, 'SBX_MPOLY': 2, 'SBX_NONE': 1}"
14,28,SPC,NONE,0.6927903880297209,0.0362335556008288,1016812748.8,928100586.1162828,2643603.36,1822565.0132448587,0.7408034897487988,3.839669569316584e-05,0.0,0.0,GREEDY_HV,"['SPC_MBFLIP', 'SBX_MNUF', 'SPC_MPOLY', 'UC_MPOLY', 'SPC_NONE', 'NONE_MNUF', 'UC_NONE', 'TPC_NONE', 'TPC_MPOLY', 'TPC_MPOLY', 'TPC_NONE', 'SPC_MPOLY', 'SPC_NONE', 'SPC_MNUF', 'TPC_NONE', 'SBX_MPOLY', 'SBX_NONE', 'UC_NONE', 'SBX_MPOLY', 'UC_NONE', 'SPC_NONE', 'TPC_NONE', 'UC_NONE', 'UC_NONE', 'SPC_NONE', 'SPC_NONE', 'SPC_NONE', 'UC_NONE', 'SPC_NONE']","{'SBX_MNUF': 1, 'SPC_MPOLY': 2, 'UC_MPOLY': 1, 'SPC_NONE': 7, 'NONE_MNUF': 1, 'UC_NONE': 6, 'TPC_NONE': 4, 'TPC_MPOLY': 2, 'SPC_MNUF': 1, 'SBX_MPOLY': 2, 'SBX_NONE': 1}"
14,29,UC,NONE,0.6900926831386468,0.0378792264506929,1009270112.0,950051619.427408,2520261.28,1857681.8727834213,0.7408158302630496,1.2340514250808177e-05,0.0,0.0,GREEDY_HV,"['SPC_MBFLIP', 'SBX_MNUF', 'SPC_MPOLY', 'UC_MPOLY', 'SPC_NONE', 'NONE_MNUF', 'UC_NONE', 'TPC_NONE', 'TPC_MPOLY', 'TPC_MPOLY', 'TPC_NONE', 'SPC_MPOLY', 'SPC_NONE', 'SPC_MNUF', 'TPC_NONE', 'SBX_MPOLY', 'SBX_NONE', 'UC_NONE', 'SBX_MPOLY', 'UC_NONE', 'SPC_NONE', 'TPC_NONE', 'UC_NONE', 'UC_NONE', 'SPC_NONE', 'SPC_NONE', 'SPC_NONE', 'UC_NONE', 'SPC_NONE', 'UC_NONE']","{'SBX_MNUF': 1, 'SPC_MPOLY': 2, 'UC_MPOLY': 1, 'SPC_NONE': 7, 'NONE_MNUF': 1, 'UC_NONE': 7, 'TPC_NONE': 4, 'TPC_MPOLY': 2, 'SPC_MNUF': 1, 'SBX_MPOLY': 2, 'SBX_NONE': 1}"
14,30,SBX,MPOLY,0.6876185809653822,0.0389817916073932,923664458.24,918433653.044303,2370460.32,1811068.9222455723,0.740838812920734,2.2982657684300637e-05,0.0,0.045,GREEDY_HV,"['SPC_MBFLIP', 'SBX_MNUF', 'SPC_MPOLY', 'UC_MPOLY', 'SPC_NONE', 'NONE_MNUF', 'UC_NONE', 'TPC_NONE', 'TPC_MPOLY', 'TPC_MPOLY', 'TPC_NONE', 'SPC_MPOLY', 'SPC_NONE', 'SPC_MNUF', 'TPC_NONE', 'SBX_MPOLY', 'SBX_NONE', 'UC_NONE', 'SBX_MPOLY', 'UC_NONE', 'SPC_NONE', 'TPC_NONE', 'UC_NONE', 'UC_NONE', 'SPC_NONE', 'SPC_NONE', 'SPC_NONE', 'UC_NONE', 'SPC_NONE', 'UC_NONE', 'SBX_MPOLY']","{'SBX_MNUF': 1, 'SPC_MPOLY': 2, 'UC_MPOLY': 1, 'SPC_NONE': 7, 'NONE_MNUF': 1, 'UC_NONE': 7, 'TPC_NONE': 4, 'TPC_MPOLY': 2, 'SPC_MNUF': 1, 'SBX_MPOLY': 3, 'SBX_NONE': 1}"
14,31,TPC,NONE,0.6893045636941187,0.0383772389216629,950693480.96,930537856.7775828,2426055.84,1799122.0184976822,0.7409164281477256,7.761522699167855e-05,0.01,0.0,GREEDY_HV,"['SPC_MBFLIP', 'SBX_MNUF', 'SPC_MPOLY', 'UC_MPOLY', 'SPC_NONE', 'NONE_MNUF', 'UC_NONE', 'TPC_NONE', 'TPC_MPOLY', 'TPC_MPOLY', 'TPC_NONE', 'SPC_MPOLY', 'SPC_NONE', 'SPC_MNUF', 'TPC_NONE', 'SBX_MPOLY', 'SBX_NONE', 'UC_NONE', 'SBX_MPOLY', 'UC_NONE', 'SPC_NONE', 'TPC_NONE', 'UC_NONE', 'UC_NONE', 'SPC_NONE', 'SPC_NONE', 'SPC_NONE', 'UC_NONE', 'SPC_NONE', 'UC_NONE', 'SBX_MPOLY', 'TPC_NONE']","{'SBX_MNUF': 1, 'SPC_MPOLY': 2, 'UC_MPOLY': 1, 'SPC_NONE': 7, 'NONE_MNUF': 1, 'UC_NONE': 7, 'TPC_NONE': 5, 'TPC_MPOLY': 2, 'SPC_MNUF': 1, 'SBX_MPOLY': 3, 'SBX_NONE': 1}"
14,32,TPC,MPOLY,0.6893274419631424,0.0385076079721017,975630469.12,955583849.0496448,2455430.56,1830021.5697736044,0.7410096001225152,9.317197478952988e-05,0.01,0.005,GREEDY_HV,"['SPC_MBFLIP', 'SBX_MNUF', 'SPC_MPOLY', 'UC_MPOLY', 'SPC_NONE', 'NONE_MNUF', 'UC_NONE', 'TPC_NONE', 'TPC_MPOLY', 'TPC_MPOLY', 'TPC_NONE', 'SPC_MPOLY', 'SPC_NONE', 'SPC_MNUF', 'TPC_NONE', 'SBX_MPOLY', 'SBX_NONE', 'UC_NONE', 'SBX_MPOLY', 'UC_NONE', 'SPC_NONE', 'TPC_NONE', 'UC_NONE', 'UC_NONE', 'SPC_NONE', 'SPC_NONE', 'SPC_NONE', 'UC_NONE', 'SPC_NONE', 'UC_NONE', 'SBX_MPOLY', 'TPC_NONE', 'TPC_MPOLY']","{'SBX_MNUF': 1, 'SPC_MPOLY': 2, 'UC_MPOLY': 1, 'SPC_NONE': 7, 'NONE_MNUF': 1, 'UC_NONE': 7, 'TPC_NONE': 5, 'TPC_MPOLY': 3, 'SPC_MNUF': 1, 'SBX_MPOLY': 3, 'SBX_NONE': 1}"
14,33,TPC,NONE,0.6887185900308873,0.0392397779077368,1026435962.88,1008098294.749083,2549991.84,1909038.6175951003,0.7411133605088001,0.0001037603862849,0.01,0.0,GREEDY_HV,"['SPC_MBFLIP', 'SBX_MNUF', 'SPC_MPOLY', 'UC_MPOLY', 'SPC_NONE', 'NONE_MNUF', 'UC_NONE', 'TPC_NONE', 'TPC_MPOLY', 'TPC_MPOLY', 'TPC_NONE', 'SPC_MPOLY', 'SPC_NONE', 'SPC_MNUF', 'TPC_NONE', 'SBX_MPOLY', 'SBX_NONE', 'UC_NONE', 'SBX_MPOLY', 'UC_NONE', 'SPC_NONE', 'TPC_NONE', 'UC_NONE', 'UC_NONE', 'SPC_NONE', 'SPC_NONE', 'SPC_NONE', 'UC_NONE', 'SPC_NONE', 'UC_NONE', 'SBX_MPOLY', 'TPC_NONE', 'TPC_MPOLY', 'TPC_NONE']","{'SBX_MNUF': 1, 'SPC_MPOLY': 2, 'UC_MPOLY': 1, 'SPC_NONE': 7, 'NONE_MNUF': 1, 'UC_NONE': 7, 'TPC_NONE': 6, 'TPC_MPOLY': 3, 'SPC_MNUF': 1, 'SBX_MPOLY': 3, 'SBX_NONE': 1}"
14,34,SPC,NONE,0.6890142027266711,0.0396721174465513,1040925880.32,1005235874.7548858,2583282.08,1942751.5579861864,0.7411419717199368,2.861121113673093e-05,0.01,0.0,GREEDY_HV,"['SPC_MBFLIP', 'SBX_MNUF', 'SPC_MPOLY', 'UC_MPOLY', 'SPC_NONE', 'NONE_MNUF', 'UC_NONE', 'TPC_NONE', 'TPC_MPOLY', 'TPC_MPOLY', 'TPC_NONE', 'SPC_MPOLY', 'SPC_NONE', 'SPC_MNUF', 'TPC_NONE', 'SBX_MPOLY', 'SBX_NONE', 'UC_NONE', 'SBX_MPOLY', 'UC_NONE', 'SPC_NONE', 'TPC_NONE', 'UC_NONE', 'UC_NONE', 'SPC_NONE', 'SPC_NONE', 'SPC_NONE', 'UC_NONE', 'SPC_NONE', 'UC_NONE', 'SBX_MPOLY', 'TPC_NONE', 'TPC_MPOLY', 'TPC_NONE', 'SPC_NONE']","{'SBX_MNUF': 1, 'SPC_MPOLY': 2, 'UC_MPOLY': 1, 'SPC_NONE': 8, 'NONE_MNUF': 1, 'UC_NONE': 7, 'TPC_NONE': 6, 'TPC_MPOLY': 3, 'SPC_MNUF': 1, 'SBX_MPOLY': 3, 'SBX_NONE': 1}"
14,35,SPC,NONE,0.6881574647028882,0.0400067431311955,1010522577.92,1006324407.4870664,2566654.88,1954600.3368763516,0.7411668111069227,2.4839386985942014e-05,0.0,0.0,GREEDY_HV,"['SPC_MBFLIP', 'SBX_MNUF', 'SPC_MPOLY', 'UC_MPOLY', 'SPC_NONE', 'NONE_MNUF', 'UC_NONE', 'TPC_NONE', 'TPC_MPOLY', 'TPC_MPOLY', 'TPC_NONE', 'SPC_MPOLY', 'SPC_NONE', 'SPC_MNUF', 'TPC_NONE', 'SBX_MPOLY', 'SBX_NONE', 'UC_NONE', 'SBX_MPOLY', 'UC_NONE', 'SPC_NONE', 'TPC_NONE', 'UC_NONE', 'UC_NONE', 'SPC_NONE', 'SPC_NONE', 'SPC_NONE', 'UC_NONE', 'SPC_NONE', 'UC_NONE', 'SBX_MPOLY', 'TPC_NONE', 'TPC_MPOLY', 'TPC_NONE', 'SPC_NONE', 'SPC_NONE']","{'SBX_MNUF': 1, 'SPC_MPOLY': 2, 'UC_MPOLY': 1, 'SPC_NONE': 9, 'NONE_MNUF': 1, 'UC_NONE': 7, 'TPC_NONE': 6, 'TPC_MPOLY': 3, 'SPC_MNUF': 1, 'SBX_MPOLY': 3, 'SBX_NONE': 1}"
14,36,UC,NONE,0.6903461830542094,0.0397023348430231,1038894382.08,992048984.1319456,2658853.28,1950183.7300454644,0.741191607138587,2.4796031664275908e-05,0.0,0.0,GREEDY_HV,"['SPC_MBFLIP', 'SBX_MNUF', 'SPC_MPOLY', 'UC_MPOLY', 'SPC_NONE', 'NONE_MNUF', 'UC_NONE', 'TPC_NONE', 'TPC_MPOLY', 'TPC_MPOLY', 'TPC_NONE', 'SPC_MPOLY', 'SPC_NONE', 'SPC_MNUF', 'TPC_NONE', 'SBX_MPOLY', 'SBX_NONE', 'UC_NONE', 'SBX_MPOLY', 'UC_NONE', 'SPC_NONE', 'TPC_NONE', 'UC_NONE', 'UC_NONE', 'SPC_NONE', 'SPC_NONE', 'SPC_NONE', 'UC_NONE', 'SPC_NONE', 'UC_NONE', 'SBX_MPOLY', 'TPC_NONE', 'TPC_MPOLY', 'TPC_NONE', 'SPC_NONE', 'SPC_NONE', 'UC_NONE']","{'SBX_MNUF': 1, 'SPC_MPOLY': 2, 'UC_MPOLY': 1, 'SPC_NONE': 9, 'NONE_MNUF': 1, 'UC_NONE': 8, 'TPC_NONE': 6, 'TPC_MPOLY': 3, 'SPC_MNUF': 1, 'SBX_MPOLY': 3, 'SBX_NONE': 1}"
14,37,SBX,NONE,0.6880455886528032,0.0395082568439597,907811676.16,910421017.5067608,2450118.56,1873557.6510748973,0.7416837572032,0.000492150064613,0.01,0.0,GREEDY_HV,"['SPC_MBFLIP', 'SBX_MNUF', 'SPC_MPOLY', 'UC_MPOLY', 'SPC_NONE', 'NONE_MNUF', 'UC_NONE', 'TPC_NONE', 'TPC_MPOLY', 'TPC_MPOLY', 'TPC_NONE', 'SPC_MPOLY', 'SPC_NONE', 'SPC_MNUF', 'TPC_NONE', 'SBX_MPOLY', 'SBX_NONE', 'UC_NONE', 'SBX_MPOLY', 'UC_NONE', 'SPC_NONE', 'TPC_NONE', 'UC_NONE', 'UC_NONE', 'SPC_NONE', 'SPC_NONE', 'SPC_NONE', 'UC_NONE', 'SPC_NONE', 'UC_NONE', 'SBX_MPOLY', 'TPC_NONE', 'TPC_MPOLY', 'TPC_NONE', 'SPC_NONE', 'SPC_NONE', 'UC_NONE', 'SBX_NONE']","{'SBX_MNUF': 1, 'SPC_MPOLY': 2, 'UC_MPOLY': 1, 'SPC_NONE': 9, 'NONE_MNUF': 1, 'UC_NONE': 8, 'TPC_NONE': 6, 'TPC_MPOLY': 3, 'SPC_MNUF': 1, 'SBX_MPOLY': 3, 'SBX_NONE': 2}"
14,38,SPC,NONE,0.6884353657444067,0.0394562215299133,949562444.8,949994495.740018,2450553.76,1889025.2065418563,0.7417766786704296,9.292146722961192e-05,0.01,0.0,GREEDY_HV,"['SPC_MBFLIP', 'SBX_MNUF', 'SPC_MPOLY', 'UC_MPOLY', 'SPC_NONE', 'NONE_MNUF', 'UC_NONE', 'TPC_NONE', 'TPC_MPOLY', 'TPC_MPOLY', 'TPC_NONE', 'SPC_MPOLY', 'SPC_NONE', 'SPC_MNUF', 'TPC_NONE', 'SBX_MPOLY', 'SBX_NONE', 'UC_NONE', 'SBX_MPOLY', 'UC_NONE', 'SPC_NONE', 'TPC_NONE', 'UC_NONE', 'UC_NONE', 'SPC_NONE', 'SPC_NONE', 'SPC_NONE', 'UC_NONE', 'SPC_NONE', 'UC_NONE', 'SBX_MPOLY', 'TPC_NONE', 'TPC_MPOLY', 'TPC_NONE', 'SPC_NONE', 'SPC_NONE', 'UC_NONE', 'SBX_NONE', 'SPC_NONE']","{'SBX_MNUF': 1, 'SPC_MPOLY': 2, 'UC_MPOLY': 1, 'SPC_NONE': 10, 'NONE_MNUF': 1, 'UC_NONE': 8, 'TPC_NONE': 6, 'TPC_MPOLY': 3, 'SPC_MNUF': 1, 'SBX_MPOLY': 3, 'SBX_NONE': 2}"
14,39,UC,NONE,0.6894271283211943,0.0394470722627231,993232409.6,962064562.1238396,2540939.68,1893938.263356368,0.7418369881539815,6.030948355184584e-05,0.0,0.0,GREEDY_HV,"['SPC_MBFLIP', 'SBX_MNUF', 'SPC_MPOLY', 'UC_MPOLY', 'SPC_NONE', 'NONE_MNUF', 'UC_NONE', 'TPC_NONE', 'TPC_MPOLY', 'TPC_MPOLY', 'TPC_NONE', 'SPC_MPOLY', 'SPC_NONE', 'SPC_MNUF', 'TPC_NONE', 'SBX_MPOLY', 'SBX_NONE', 'UC_NONE', 'SBX_MPOLY', 'UC_NONE', 'SPC_NONE', 'TPC_NONE', 'UC_NONE', 'UC_NONE', 'SPC_NONE', 'SPC_NONE', 'SPC_NONE', 'UC_NONE', 'SPC_NONE', 'UC_NONE', 'SBX_MPOLY', 'TPC_NONE', 'TPC_MPOLY', 'TPC_NONE', 'SPC_NONE', 'SPC_NONE', 'UC_NONE', 'SBX_NONE', 'SPC_NONE', 'UC_NONE']","{'SBX_MNUF': 1, 'SPC_MPOLY': 2, 'UC_MPOLY': 1, 'SPC_NONE': 10, 'NONE_MNUF': 1, 'UC_NONE': 9, 'TPC_NONE': 6, 'TPC_MPOLY': 3, 'SPC_MNUF': 1, 'SBX_MPOLY': 3, 'SBX_NONE': 2}"
14,40,UC,NONE,0.6883157708783091,0.0392476027905503,880710169.6,874125373.6048875,2419881.12,1832641.0798235063,0.741888625041476,5.163688749454387e-05,0.01,0.0,GREEDY_HV,"['SPC_MBFLIP', 'SBX_MNUF', 'SPC_MPOLY', 'UC_MPOLY', 'SPC_NONE', 'NONE_MNUF', 'UC_NONE', 'TPC_NONE', 'TPC_MPOLY', 'TPC_MPOLY', 'TPC_NONE', 'SPC_MPOLY', 'SPC_NONE', 'SPC_MNUF', 'TPC_NONE', 'SBX_MPOLY', 'SBX_NONE', 'UC_NONE', 'SBX_MPOLY', 'UC_NONE', 'SPC_NONE', 'TPC_NONE', 'UC_NONE', 'UC_NONE', 'SPC_NONE', 'SPC_NONE', 'SPC_NONE', 'UC_NONE', 'SPC_NONE', 'UC_NONE', 'SBX_MPOLY', 'TPC_NONE', 'TPC_MPOLY', 'TPC_NONE', 'SPC_NONE', 'SPC_NONE', 'UC_NONE', 'SBX_NONE', 'SPC_NONE', 'UC_NONE', 'UC_NONE']","{'SBX_MNUF': 1, 'SPC_MPOLY': 2, 'UC_MPOLY': 1, 'SPC_NONE': 10, 'NONE_MNUF': 1, 'UC_NONE': 10, 'TPC_NONE': 6, 'TPC_MPOLY': 3, 'SPC_MNUF': 1, 'SBX_MPOLY': 3, 'SBX_NONE': 2}"
14,41,UC,NONE,0.6880788911594152,0.03956997895134,894379115.52,890952275.0582938,2427913.12,1836022.4342679973,0.7418746716229341,-1.3953418541934326e-05,0.0,0.0,GREEDY_HV,"['SPC_MBFLIP', 'SBX_MNUF', 'SPC_MPOLY', 'UC_MPOLY', 'SPC_NONE', 'NONE_MNUF', 'UC_NONE', 'TPC_NONE', 'TPC_MPOLY', 'TPC_MPOLY', 'TPC_NONE', 'SPC_MPOLY', 'SPC_NONE', 'SPC_MNUF', 'TPC_NONE', 'SBX_MPOLY', 'SBX_NONE', 'UC_NONE', 'SBX_MPOLY', 'UC_NONE', 'SPC_NONE', 'TPC_NONE', 'UC_NONE', 'UC_NONE', 'SPC_NONE', 'SPC_NONE', 'SPC_NONE', 'UC_NONE', 'SPC_NONE', 'UC_NONE', 'SBX_MPOLY', 'TPC_NONE', 'TPC_MPOLY', 'TPC_NONE', 'SPC_NONE', 'SPC_NONE', 'UC_NONE', 'SBX_NONE', 'SPC_NONE', 'UC_NONE', 'UC_NONE', 'UC_NONE']","{'SBX_MNUF': 1, 'SPC_MPOLY': 2, 'UC_MPOLY': 1, 'SPC_NONE': 10, 'NONE_MNUF': 1, 'UC_NONE': 11, 'TPC_NONE': 6, 'TPC_MPOLY': 3, 'SPC_MNUF': 1, 'SBX_MPOLY': 3, 'SBX_NONE': 2}"
14,42,TPC,NONE,0.6894102810465861,0.039623492252559,954370841.6,912074979.4835018,2529906.08,1874153.674077212,0.7418970515853166,2.237996238252382e-05,0.0,0.0,GREEDY_HV,"['SPC_MBFLIP', 'SBX_MNUF', 'SPC_MPOLY', 'UC_MPOLY', 'SPC_NONE', 'NONE_MNUF', 'UC_NONE', 'TPC_NONE', 'TPC_MPOLY', 'TPC_MPOLY', 'TPC_NONE', 'SPC_MPOLY', 'SPC_NONE', 'SPC_MNUF', 'TPC_NONE', 'SBX_MPOLY', 'SBX_NONE', 'UC_NONE', 'SBX_MPOLY', 'UC_NONE', 'SPC_NONE', 'TPC_NONE', 'UC_NONE', 'UC_NONE', 'SPC_NONE', 'SPC_NONE', 'SPC_NONE', 'UC_NONE', 'SPC_NONE', 'UC_NONE', 'SBX_MPOLY', 'TPC_NONE', 'TPC_MPOLY', 'TPC_NONE', 'SPC_NONE', 'SPC_NONE', 'UC_NONE', 'SBX_NONE', 'SPC_NONE', 'UC_NONE', 'UC_NONE', 'UC_NONE', 'TPC_NONE']","{'SBX_MNUF': 1, 'SPC_MPOLY': 2, 'UC_MPOLY': 1, 'SPC_NONE': 10, 'NONE_MNUF': 1, 'UC_NONE': 11, 'TPC_NONE': 7, 'TPC_MPOLY': 3, 'SPC_MNUF': 1, 'SBX_MPOLY': 3, 'SBX_NONE': 2}"
14,43,SPC,NONE,0.6896310703426707,0.0397261991643555,942350556.16,903523031.3358485,2607916.96,1855368.1800831333,0.7419080851106811,1.1033525364467778e-05,0.0,0.0,GREEDY_HV,"['SPC_MBFLIP', 'SBX_MNUF', 'SPC_MPOLY', 'UC_MPOLY', 'SPC_NONE', 'NONE_MNUF', 'UC_NONE', 'TPC_NONE', 'TPC_MPOLY', 'TPC_MPOLY', 'TPC_NONE', 'SPC_MPOLY', 'SPC_NONE', 'SPC_MNUF', 'TPC_NONE', 'SBX_MPOLY', 'SBX_NONE', 'UC_NONE', 'SBX_MPOLY', 'UC_NONE', 'SPC_NONE', 'TPC_NONE', 'UC_NONE', 'UC_NONE', 'SPC_NONE', 'SPC_NONE', 'SPC_NONE', 'UC_NONE', 'SPC_NONE', 'UC_NONE', 'SBX_MPOLY', 'TPC_NONE', 'TPC_MPOLY', 'TPC_NONE', 'SPC_NONE', 'SPC_NONE', 'UC_NONE', 'SBX_NONE', 'SPC_NONE', 'UC_NONE', 'UC_NONE', 'UC_NONE', 'TPC_NONE', 'SPC_NONE']","{'SBX_MNUF': 1, 'SPC_MPOLY': 2, 'UC_MPOLY': 1, 'SPC_NONE': 11, 'NONE_MNUF': 1, 'UC_NONE': 11, 'TPC_NONE': 7, 'TPC_MPOLY': 3, 'SPC_MNUF': 1, 'SBX_MPOLY': 3, 'SBX_NONE': 2}"
14,44,SPC,NONE,0.688310536055998,0.0396985847366772,925305907.2,897994729.7903655,2475842.72,1862720.4427440527,0.7419154585687836,7.373458102533091e-06,0.01,0.0,GREEDY_HV,"['SPC_MBFLIP', 'SBX_MNUF', 'SPC_MPOLY', 'UC_MPOLY', 'SPC_NONE', 'NONE_MNUF', 'UC_NONE', 'TPC_NONE', 'TPC_MPOLY', 'TPC_MPOLY', 'TPC_NONE', 'SPC_MPOLY', 'SPC_NONE', 'SPC_MNUF', 'TPC_NONE', 'SBX_MPOLY', 'SBX_NONE', 'UC_NONE', 'SBX_MPOLY', 'UC_NONE', 'SPC_NONE', 'TPC_NONE', 'UC_NONE', 'UC_NONE', 'SPC_NONE', 'SPC_NONE', 'SPC_NONE', 'UC_NONE', 'SPC_NONE', 'UC_NONE', 'SBX_MPOLY', 'TPC_NONE', 'TPC_MPOLY', 'TPC_NONE', 'SPC_NONE', 'SPC_NONE', 'UC_NONE', 'SBX_NONE', 'SPC_NONE', 'UC_NONE', 'UC_NONE', 'UC_NONE', 'TPC_NONE', 'SPC_NONE', 'SPC_NONE']","{'SBX_MNUF': 1, 'SPC_MPOLY': 2, 'UC_MPOLY': 1, 'SPC_NONE': 12, 'NONE_MNUF': 1, 'UC_NONE': 11, 'TPC_NONE': 7, 'TPC_MPOLY': 3, 'SPC_MNUF': 1, 'SBX_MPOLY': 3, 'SBX_NONE': 2}"
14,45,UC,NONE,0.6894689627840339,0.0392788357198471,930449413.12,896848231.1164659,2488363.68,1837879.8544910976,0.7418982196123223,-1.7238956461329558e-05,0.0,0.0,GREEDY_HV,"['SPC_MBFLIP', 'SBX_MNUF', 'SPC_MPOLY', 'UC_MPOLY', 'SPC_NONE', 'NONE_MNUF', 'UC_NONE', 'TPC_NONE', 'TPC_MPOLY', 'TPC_MPOLY', 'TPC_NONE', 'SPC_MPOLY', 'SPC_NONE', 'SPC_MNUF', 'TPC_NONE', 'SBX_MPOLY', 'SBX_NONE', 'UC_NONE', 'SBX_MPOLY', 'UC_NONE', 'SPC_NONE', 'TPC_NONE', 'UC_NONE', 'UC_NONE', 'SPC_NONE', 'SPC_NONE', 'SPC_NONE', 'UC_NONE', 'SPC_NONE', 'UC_NONE', 'SBX_MPOLY', 'TPC_NONE', 'TPC_MPOLY', 'TPC_NONE', 'SPC_NONE', 'SPC_NONE', 'UC_NONE', 'SBX_NONE', 'SPC_NONE', 'UC_NONE', 'UC_NONE', 'UC_NONE', 'TPC_NONE', 'SPC_NONE', 'SPC_NONE', 'UC_NONE']","{'SBX_MNUF': 1, 'SPC_MPOLY': 2, 'UC_MPOLY': 1, 'SPC_NONE': 12, 'NONE_MNUF': 1, 'UC_NONE': 12, 'TPC_NONE': 7, 'TPC_MPOLY': 3, 'SPC_MNUF': 1, 'SBX_MPOLY': 3, 'SBX_NONE': 2}"
14,46,UC,NONE,0.6891818657913867,0.0397543665908123,955144104.96,914199804.9323044,2500535.2,1847137.502856828,0.7419254776551844,2.7258042862077225e-05,0.01,0.0,GREEDY_HV,"['SPC_MBFLIP', 'SBX_MNUF', 'SPC_MPOLY', 'UC_MPOLY', 'SPC_NONE', 'NONE_MNUF', 'UC_NONE', 'TPC_NONE', 'TPC_MPOLY', 'TPC_MPOLY', 'TPC_NONE', 'SPC_MPOLY', 'SPC_NONE', 'SPC_MNUF', 'TPC_NONE', 'SBX_MPOLY', 'SBX_NONE', 'UC_NONE', 'SBX_MPOLY', 'UC_NONE', 'SPC_NONE', 'TPC_NONE', 'UC_NONE', 'UC_NONE', 'SPC_NONE', 'SPC_NONE', 'SPC_NONE', 'UC_NONE', 'SPC_NONE', 'UC_NONE', 'SBX_MPOLY', 'TPC_NONE', 'TPC_MPOLY', 'TPC_NONE', 'SPC_NONE', 'SPC_NONE', 'UC_NONE', 'SBX_NONE', 'SPC_NONE', 'UC_NONE', 'UC_NONE', 'UC_NONE', 'TPC_NONE', 'SPC_NONE', 'SPC_NONE', 'UC_NONE', 'UC_NONE']","{'SBX_MNUF': 1, 'SPC_MPOLY': 2, 'UC_MPOLY': 1, 'SPC_NONE': 12, 'NONE_MNUF': 1, 'UC_NONE': 13, 'TPC_NONE': 7, 'TPC_MPOLY': 3, 'SPC_MNUF': 1, 'SBX_MPOLY': 3, 'SBX_NONE': 2}"
14,47,SPC,NONE,0.6884325225908486,0.0399488409651608,960813639.68,932921409.4844692,2502251.68,1858860.505893968,0.7419508971824617,2.54195272773039e-05,0.0,0.0,GREEDY_HV,"['SPC_MBFLIP', 'SBX_MNUF', 'SPC_MPOLY', 'UC_MPOLY', 'SPC_NONE', 'NONE_MNUF', 'UC_NONE', 'TPC_NONE', 'TPC_MPOLY', 'TPC_MPOLY', 'TPC_NONE', 'SPC_MPOLY', 'SPC_NONE', 'SPC_MNUF', 'TPC_NONE', 'SBX_MPOLY', 'SBX_NONE', 'UC_NONE', 'SBX_MPOLY', 'UC_NONE', 'SPC_NONE', 'TPC_NONE', 'UC_NONE', 'UC_NONE', 'SPC_NONE', 'SPC_NONE', 'SPC_NONE', 'UC_NONE', 'SPC_NONE', 'UC_NONE', 'SBX_MPOLY', 'TPC_NONE', 'TPC_MPOLY', 'TPC_NONE', 'SPC_NONE', 'SPC_NONE', 'UC_NONE', 'SBX_NONE', 'SPC_NONE', 'UC_NONE', 'UC_NONE', 'UC_NONE', 'TPC_NONE', 'SPC_NONE', 'SPC_NONE', 'UC_NONE', 'UC_NONE', 'SPC_NONE']","{'SBX_MNUF': 1, 'SPC_MPOLY': 2, 'UC_MPOLY': 1, 'SPC_NONE': 13, 'NONE_MNUF': 1, 'UC_NONE': 13, 'TPC_NONE': 7, 'TPC_MPOLY': 3, 'SPC_MNUF': 1, 'SBX_MPOLY': 3, 'SBX_NONE': 2}"
14,48,SPC,NONE,0.6888943072925102,0.0398387184546658,945336181.76,918172352.7113044,2519101.6,1836771.9297869075,0.741847026614588,-0.0001038705678736,0.0,0.0,GREEDY_HV,"['SPC_MBFLIP', 'SBX_MNUF', 'SPC_MPOLY', 'UC_MPOLY', 'SPC_NONE', 'NONE_MNUF', 'UC_NONE', 'TPC_NONE', 'TPC_MPOLY', 'TPC_MPOLY', 'TPC_NONE', 'SPC_MPOLY', 'SPC_NONE', 'SPC_MNUF', 'TPC_NONE', 'SBX_MPOLY', 'SBX_NONE', 'UC_NONE', 'SBX_MPOLY', 'UC_NONE', 'SPC_NONE', 'TPC_NONE', 'UC_NONE', 'UC_NONE', 'SPC_NONE', 'SPC_NONE', 'SPC_NONE', 'UC_NONE', 'SPC_NONE', 'UC_NONE', 'SBX_MPOLY', 'TPC_NONE', 'TPC_MPOLY', 'TPC_NONE', 'SPC_NONE', 'SPC_NONE', 'UC_NONE', 'SBX_NONE', 'SPC_NONE', 'UC_NONE', 'UC_NONE', 'UC_NONE', 'TPC_NONE', 'SPC_NONE', 'SPC_NONE', 'UC_NONE', 'UC_NONE', 'SPC_NONE', 'SPC_NONE']","{'SBX_MNUF': 1, 'SPC_MPOLY': 2, 'UC_MPOLY': 1, 'SPC_NONE': 14, 'NONE_MNUF': 1, 'UC_NONE': 13, 'TPC_NONE': 7, 'TPC_MPOLY': 3, 'SPC_MNUF': 1, 'SBX_MPOLY': 3, 'SBX_NONE': 2}"
14,49,TPC,NONE,0.6901376779481615,0.0384071789025928,963954037.76,927531515.0428472,2507547.04,1827293.642781969,0.7418926685022451,4.564188765709965e-05,0.0,0.0,GREEDY_HV,"['SPC_MBFLIP', 'SBX_MNUF', 'SPC_MPOLY', 'UC_MPOLY', 'SPC_NONE', 'NONE_MNUF', 'UC_NONE', 'TPC_NONE', 'TPC_MPOLY', 'TPC_MPOLY', 'TPC_NONE', 'SPC_MPOLY', 'SPC_NONE', 'SPC_MNUF', 'TPC_NONE', 'SBX_MPOLY', 'SBX_NONE', 'UC_NONE', 'SBX_MPOLY', 'UC_NONE', 'SPC_NONE', 'TPC_NONE', 'UC_NONE', 'UC_NONE', 'SPC_NONE', 'SPC_NONE', 'SPC_NONE', 'UC_NONE', 'SPC_NONE', 'UC_NONE', 'SBX_MPOLY', 'TPC_NONE', 'TPC_MPOLY', 'TPC_NONE', 'SPC_NONE', 'SPC_NONE', 'UC_NONE', 'SBX_NONE', 'SPC_NONE', 'UC_NONE', 'UC_NONE', 'UC_NONE', 'TPC_NONE', 'SPC_NONE', 'SPC_NONE', 'UC_NONE', 'UC_NONE', 'SPC_NONE', 'SPC_NONE', 'TPC_NONE']","{'SBX_MNUF': 1, 'SPC_MPOLY': 2, 'UC_MPOLY': 1, 'SPC_NONE': 14, 'NONE_MNUF': 1, 'UC_NONE': 13, 'TPC_NONE': 8, 'TPC_MPOLY': 3, 'SPC_MNUF': 1, 'SBX_MPOLY': 3, 'SBX_NONE': 2}"
14,50,TPC,NONE,0.6891522839618586,0.0394089744668889,951142195.2,930223012.7150984,2495904.16,1799554.7602470047,0.7419017998504377,9.131348192581434e-06,0.0,0.0,GREEDY_HV,"['SPC_MBFLIP', 'SBX_MNUF', 'SPC_MPOLY', 'UC_MPOLY', 'SPC_NONE', 'NONE_MNUF', 'UC_NONE', 'TPC_NONE', 'TPC_MPOLY', 'TPC_MPOLY', 'TPC_NONE', 'SPC_MPOLY', 'SPC_NONE', 'SPC_MNUF', 'TPC_NONE', 'SBX_MPOLY', 'SBX_NONE', 'UC_NONE', 'SBX_MPOLY', 'UC_NONE', 'SPC_NONE', 'TPC_NONE', 'UC_NONE', 'UC_NONE', 'SPC_NONE', 'SPC_NONE', 'SPC_NONE', 'UC_NONE', 'SPC_NONE', 'UC_NONE', 'SBX_MPOLY', 'TPC_NONE', 'TPC_MPOLY', 'TPC_NONE', 'SPC_NONE', 'SPC_NONE', 'UC_NONE', 'SBX_NONE', 'SPC_NONE', 'UC_NONE', 'UC_NONE', 'UC_NONE', 'TPC_NONE', 'SPC_NONE', 'SPC_NONE', 'UC_NONE', 'UC_NONE', 'SPC_NONE', 'SPC_NONE', 'TPC_NONE', 'TPC_NONE']","{'SBX_MNUF': 1, 'SPC_MPOLY': 2, 'UC_MPOLY': 1, 'SPC_NONE': 14, 'NONE_MNUF': 1, 'UC_NONE': 13, 'TPC_NONE': 9, 'TPC_MPOLY': 3, 'SPC_MNUF': 1, 'SBX_MPOLY': 3, 'SBX_NONE': 2}"
14,51,TPC,NONE,0.6893059159354914,0.0395168134174338,930360051.2,894678803.3884094,2511616.16,1827602.264882984,0.7419101637748011,8.363924363430364e-06,0.01,0.0,GREEDY_HV,"['SPC_MBFLIP', 'SBX_MNUF', 'SPC_MPOLY', 'UC_MPOLY', 'SPC_NONE', 'NONE_MNUF', 'UC_NONE', 'TPC_NONE', 'TPC_MPOLY', 'TPC_MPOLY', 'TPC_NONE', 'SPC_MPOLY', 'SPC_NONE', 'SPC_MNUF', 'TPC_NONE', 'SBX_MPOLY', 'SBX_NONE', 'UC_NONE', 'SBX_MPOLY', 'UC_NONE', 'SPC_NONE', 'TPC_NONE', 'UC_NONE', 'UC_NONE', 'SPC_NONE', 'SPC_NONE', 'SPC_NONE', 'UC_NONE', 'SPC_NONE', 'UC_NONE', 'SBX_MPOLY', 'TPC_NONE', 'TPC_MPOLY', 'TPC_NONE', 'SPC_NONE', 'SPC_NONE', 'UC_NONE', 'SBX_NONE', 'SPC_NONE', 'UC_NONE', 'UC_NONE', 'UC_NONE', 'TPC_NONE', 'SPC_NONE', 'SPC_NONE', 'UC_NONE', 'UC_NONE', 'SPC_NONE', 'SPC_NONE', 'TPC_NONE', 'TPC_NONE', 'TPC_NONE']","{'SBX_MNUF': 1, 'SPC_MPOLY': 2, 'UC_MPOLY': 1, 'SPC_NONE': 14, 'NONE_MNUF': 1, 'UC_NONE': 13, 'TPC_NONE': 10, 'TPC_MPOLY': 3, 'SPC_MNUF': 1, 'SBX_MPOLY': 3, 'SBX_NONE': 2}"
14,52,SBX,NONE,0.688420666303899,0.0397213153229228,926695703.04,916775322.5475036,2428610.72,1815238.343678483,0.7425141491469723,0.0006039853721712,0.0,0.0,GREEDY_HV,"['SPC_MBFLIP', 'SBX_MNUF', 'SPC_MPOLY', 'UC_MPOLY', 'SPC_NONE', 'NONE_MNUF', 'UC_NONE', 'TPC_NONE', 'TPC_MPOLY', 'TPC_MPOLY', 'TPC_NONE', 'SPC_MPOLY', 'SPC_NONE', 'SPC_MNUF', 'TPC_NONE', 'SBX_MPOLY', 'SBX_NONE', 'UC_NONE', 'SBX_MPOLY', 'UC_NONE', 'SPC_NONE', 'TPC_NONE', 'UC_NONE', 'UC_NONE', 'SPC_NONE', 'SPC_NONE', 'SPC_NONE', 'UC_NONE', 'SPC_NONE', 'UC_NONE', 'SBX_MPOLY', 'TPC_NONE', 'TPC_MPOLY', 'TPC_NONE', 'SPC_NONE', 'SPC_NONE', 'UC_NONE', 'SBX_NONE', 'SPC_NONE', 'UC_NONE', 'UC_NONE', 'UC_NONE', 'TPC_NONE', 'SPC_NONE', 'SPC_NONE', 'UC_NONE', 'UC_NONE', 'SPC_NONE', 'SPC_NONE', 'TPC_NONE', 'TPC_NONE', 'TPC_NONE', 'SBX_NONE']","{'SBX_MNUF': 1, 'SPC_MPOLY': 2, 'UC_MPOLY': 1, 'SPC_NONE': 14, 'NONE_MNUF': 1, 'UC_NONE': 13, 'TPC_NONE': 10, 'TPC_MPOLY': 3, 'SPC_MNUF': 1, 'SBX_MPOLY': 3, 'SBX_NONE': 3}"
14,53,SPC,NONE,0.6873208670100783,0.0398680132278759,957838538.24,986328657.3492136,2419773.6,1897408.517189528,0.7425336938940202,1.9544747047905983e-05,0.0,0.0,GREEDY_HV,"['SPC_MBFLIP', 'SBX_MNUF', 'SPC_MPOLY', 'UC_MPOLY', 'SPC_NONE', 'NONE_MNUF', 'UC_NONE', 'TPC_NONE', 'TPC_MPOLY', 'TPC_MPOLY', 'TPC_NONE', 'SPC_MPOLY', 'SPC_NONE', 'SPC_MNUF', 'TPC_NONE', 'SBX_MPOLY', 'SBX_NONE', 'UC_NONE', 'SBX_MPOLY', 'UC_NONE', 'SPC_NONE', 'TPC_NONE', 'UC_NONE', 'UC_NONE', 'SPC_NONE', 'SPC_NONE', 'SPC_NONE', 'UC_NONE', 'SPC_NONE', 'UC_NONE', 'SBX_MPOLY', 'TPC_NONE', 'TPC_MPOLY', 'TPC_NONE', 'SPC_NONE', 'SPC_NONE', 'UC_NONE', 'SBX_NONE', 'SPC_NONE', 'UC_NONE', 'UC_NONE', 'UC_NONE', 'TPC_NONE', 'SPC_NONE', 'SPC_NONE', 'UC_NONE', 'UC_NONE', 'SPC_NONE', 'SPC_NONE', 'TPC_NONE', 'TPC_NONE', 'TPC_NONE', 'SBX_NONE', 'SPC_NONE']","{'SBX_MNUF': 1, 'SPC_MPOLY': 2, 'UC_MPOLY': 1, 'SPC_NONE': 15, 'NONE_MNUF': 1, 'UC_NONE': 13, 'TPC_NONE': 10, 'TPC_MPOLY': 3, 'SPC_MNUF': 1, 'SBX_MPOLY': 3, 'SBX_NONE': 3}"
14,54,SPC,NONE,0.6887145514735974,0.0397785195203437,985293652.48,975647024.3890178,2489684.64,1888327.9970465065,0.7425696754550234,3.5981561003151086e-05,0.0,0.0,GREEDY_HV,"['SPC_MBFLIP', 'SBX_MNUF', 'SPC_MPOLY', 'UC_MPOLY', 'SPC_NONE', 'NONE_MNUF', 'UC_NONE', 'TPC_NONE', 'TPC_MPOLY', 'TPC_MPOLY', 'TPC_NONE', 'SPC_MPOLY', 'SPC_NONE', 'SPC_MNUF', 'TPC_NONE', 'SBX_MPOLY', 'SBX_NONE', 'UC_NONE', 'SBX_MPOLY', 'UC_NONE', 'SPC_NONE', 'TPC_NONE', 'UC_NONE', 'UC_NONE', 'SPC_NONE', 'SPC_NONE', 'SPC_NONE', 'UC_NONE', 'SPC_NONE', 'UC_NONE', 'SBX_MPOLY', 'TPC_NONE', 'TPC_MPOLY', 'TPC_NONE', 'SPC_NONE', 'SPC_NONE', 'UC_NONE', 'SBX_NONE', 'SPC_NONE', 'UC_NONE', 'UC_NONE', 'UC_NONE', 'TPC_NONE', 'SPC_NONE', 'SPC_NONE', 'UC_NONE', 'UC_NONE', 'SPC_NONE', 'SPC_NONE', 'TPC_NONE', 'TPC_NONE', 'TPC_NONE', 'SBX_NONE', 'SPC_NONE', 'SPC_NONE']","{'SBX_MNUF': 1, 'SPC_MPOLY': 2, 'UC_MPOLY': 1, 'SPC_NONE': 16, 'NONE_MNUF': 1, 'UC_NONE': 13, 'TPC_NONE': 10, 'TPC_MPOLY': 3, 'SPC_MNUF': 1, 'SBX_MPOLY': 3, 'SBX_NONE': 3}"
14,55,UC,NONE,0.689313555326259,0.0398698331323467,1027620805.12,1021386748.9379188,2557048.48,1913432.718968109,0.7425634362945503,-6.2391604730427375e-06,0.0,0.0,GREEDY_HV,"['SPC_MBFLIP', 'SBX_MNUF', 'SPC_MPOLY', 'UC_MPOLY', 'SPC_NONE', 'NONE_MNUF', 'UC_NONE', 'TPC_NONE', 'TPC_MPOLY', 'TPC_MPOLY', 'TPC_NONE', 'SPC_MPOLY', 'SPC_NONE', 'SPC_MNUF', 'TPC_NONE', 'SBX_MPOLY', 'SBX_NONE', 'UC_NONE', 'SBX_MPOLY', 'UC_NONE', 'SPC_NONE', 'TPC_NONE', 'UC_NONE', 'UC_NONE', 'SPC_NONE', 'SPC_NONE', 'SPC_NONE', 'UC_NONE', 'SPC_NONE', 'UC_NONE', 'SBX_MPOLY', 'TPC_NONE', 'TPC_MPOLY', 'TPC_NONE', 'SPC_NONE', 'SPC_NONE', 'UC_NONE', 'SBX_NONE', 'SPC_NONE', 'UC_NONE', 'UC_NONE', 'UC_NONE', 'TPC_NONE', 'SPC_NONE', 'SPC_NONE', 'UC_NONE', 'UC_NONE', 'SPC_NONE', 'SPC_NONE', 'TPC_NONE', 'TPC_NONE', 'TPC_NONE', 'SBX_NONE', 'SPC_NONE', 'SPC_NONE', 'UC_NONE']","{'SBX_MNUF': 1, 'SPC_MPOLY': 2, 'UC_MPOLY': 1, 'SPC_NONE': 16, 'NONE_MNUF': 1, 'UC_NONE': 14, 'TPC_NONE': 10, 'TPC_MPOLY': 3, 'SPC_MNUF': 1, 'SBX_MPOLY': 3, 'SBX_NONE': 3}"
14,56,TPC,NONE,0.6900548889965208,0.0398606775855591,1061299694.08,1045362668.7589216,2640985.76,1926118.627556865,0.7425435560605508,-1.988023399956962e-05,0.01,0.0,GREEDY_HV,"['SPC_MBFLIP', 'SBX_MNUF', 'SPC_MPOLY', 'UC_MPOLY', 'SPC_NONE', 'NONE_MNUF', 'UC_NONE', 'TPC_NONE', 'TPC_MPOLY', 'TPC_MPOLY', 'TPC_NONE', 'SPC_MPOLY', 'SPC_NONE', 'SPC_MNUF', 'TPC_NONE', 'SBX_MPOLY', 'SBX_NONE', 'UC_NONE', 'SBX_MPOLY', 'UC_NONE', 'SPC_NONE', 'TPC_NONE', 'UC_NONE', 'UC_NONE', 'SPC_NONE', 'SPC_NONE', 'SPC_NONE', 'UC_NONE', 'SPC_NONE', 'UC_NONE', 'SBX_MPOLY', 'TPC_NONE', 'TPC_MPOLY', 'TPC_NONE', 'SPC_NONE', 'SPC_NONE', 'UC_NONE', 'SBX_NONE', 'SPC_NONE', 'UC_NONE', 'UC_NONE', 'UC_NONE', 'TPC_NONE', 'SPC_NONE', 'SPC_NONE', 'UC_NONE', 'UC_NONE', 'SPC_NONE', 'SPC_NONE', 'TPC_NONE', 'TPC_NONE', 'TPC_NONE', 'SBX_NONE', 'SPC_NONE', 'SPC_NONE', 'UC_NONE', 'TPC_NONE']","{'SBX_MNUF': 1, 'SPC_MPOLY': 2, 'UC_MPOLY': 1, 'SPC_NONE': 16, 'NONE_MNUF': 1, 'UC_NONE': 14, 'TPC_NONE': 11, 'TPC_MPOLY': 3, 'SPC_MNUF': 1, 'SBX_MPOLY': 3, 'SBX_NONE': 3}"
14,57,SPC,NONE,0.6911038633565175,0.0400811581652642,1147750156.8,1093043709.584195,2722439.84,1944021.7916159611,0.74255552934472,1.1973284169242149e-05,0.0,0.0,GREEDY_HV,"['SPC_MBFLIP', 'SBX_MNUF', 'SPC_MPOLY', 'UC_MPOLY', 'SPC_NONE', 'NONE_MNUF', 'UC_NONE', 'TPC_NONE', 'TPC_MPOLY', 'TPC_MPOLY', 'TPC_NONE', 'SPC_MPOLY', 'SPC_NONE', 'SPC_MNUF', 'TPC_NONE', 'SBX_MPOLY', 'SBX_NONE', 'UC_NONE', 'SBX_MPOLY', 'UC_NONE', 'SPC_NONE', 'TPC_NONE', 'UC_NONE', 'UC_NONE', 'SPC_NONE', 'SPC_NONE', 'SPC_NONE', 'UC_NONE', 'SPC_NONE', 'UC_NONE', 'SBX_MPOLY', 'TPC_NONE', 'TPC_MPOLY', 'TPC_NONE', 'SPC_NONE', 'SPC_NONE', 'UC_NONE', 'SBX_NONE', 'SPC_NONE', 'UC_NONE', 'UC_NONE', 'UC_NONE', 'TPC_NONE', 'SPC_NONE', 'SPC_NONE', 'UC_NONE', 'UC_NONE', 'SPC_NONE', 'SPC_NONE', 'TPC_NONE', 'TPC_NONE', 'TPC_NONE', 'SBX_NONE', 'SPC_NONE', 'SPC_NONE', 'UC_NONE', 'TPC_NONE', 'SPC_NONE']","{'SBX_MNUF': 1, 'SPC_MPOLY': 2, 'UC_MPOLY': 1, 'SPC_NONE': 17, 'NONE_MNUF': 1, 'UC_NONE': 14, 'TPC_NONE': 11, 'TPC_MPOLY': 3, 'SPC_MNUF': 1, 'SBX_MPOLY': 3, 'SBX_NONE': 3}"
14,58,TPC,NONE,0.6927500753533533,0.0392534221641087,1145500776.96,1098275800.0015433,2764901.28,1881027.1758915451,0.7425626787782549,7.149433534858751e-06,0.0,0.0,GREEDY_HV,"['SPC_MBFLIP', 'SBX_MNUF', 'SPC_MPOLY', 'UC_MPOLY', 'SPC_NONE', 'NONE_MNUF', 'UC_NONE', 'TPC_NONE', 'TPC_MPOLY', 'TPC_MPOLY', 'TPC_NONE', 'SPC_MPOLY', 'SPC_NONE', 'SPC_MNUF', 'TPC_NONE', 'SBX_MPOLY', 'SBX_NONE', 'UC_NONE', 'SBX_MPOLY', 'UC_NONE', 'SPC_NONE', 'TPC_NONE', 'UC_NONE', 'UC_NONE', 'SPC_NONE', 'SPC_NONE', 'SPC_NONE', 'UC_NONE', 'SPC_NONE', 'UC_NONE', 'SBX_MPOLY', 'TPC_NONE', 'TPC_MPOLY', 'TPC_NONE', 'SPC_NONE', 'SPC_NONE', 'UC_NONE', 'SBX_NONE', 'SPC_NONE', 'UC_NONE', 'UC_NONE', 'UC_NONE', 'TPC_NONE', 'SPC_NONE', 'SPC_NONE', 'UC_NONE', 'UC_NONE', 'SPC_NONE', 'SPC_NONE', 'TPC_NONE', 'TPC_NONE', 'TPC_NONE', 'SBX_NONE', 'SPC_NONE', 'SPC_NONE', 'UC_NONE', 'TPC_NONE', 'SPC_NONE', 'TPC_NONE']","{'SBX_MNUF': 1, 'SPC_MPOLY': 2, 'UC_MPOLY': 1, 'SPC_NONE': 17, 'NONE_MNUF': 1, 'UC_NONE': 14, 'TPC_NONE': 12, 'TPC_MPOLY': 3, 'SPC_MNUF': 1, 'SBX_MPOLY': 3, 'SBX_NONE': 3}"
14,59,TPC,NONE,0.6905857066804216,0.0401179785690762,1159742077.44,1127437688.3555958,2696454.56,1942921.008539257,0.7425790235626297,1.6344784374844323e-05,0.0,0.0,GREEDY_HV,"['SPC_MBFLIP', 'SBX_MNUF', 'SPC_MPOLY', 'UC_MPOLY', 'SPC_NONE', 'NONE_MNUF', 'UC_NONE', 'TPC_NONE', 'TPC_MPOLY', 'TPC_MPOLY', 'TPC_NONE', 'SPC_MPOLY', 'SPC_NONE', 'SPC_MNUF', 'TPC_NONE', 'SBX_MPOLY', 'SBX_NONE', 'UC_NONE', 'SBX_MPOLY', 'UC_NONE', 'SPC_NONE', 'TPC_NONE', 'UC_NONE', 'UC_NONE', 'SPC_NONE', 'SPC_NONE', 'SPC_NONE', 'UC_NONE', 'SPC_NONE', 'UC_NONE', 'SBX_MPOLY', 'TPC_NONE', 'TPC_MPOLY', 'TPC_NONE', 'SPC_NONE', 'SPC_NONE', 'UC_NONE', 'SBX_NONE', 'SPC_NONE', 'UC_NONE', 'UC_NONE', 'UC_NONE', 'TPC_NONE', 'SPC_NONE', 'SPC_NONE', 'UC_NONE', 'UC_NONE', 'SPC_NONE', 'SPC_NONE', 'TPC_NONE', 'TPC_NONE', 'TPC_NONE', 'SBX_NONE', 'SPC_NONE', 'SPC_NONE', 'UC_NONE', 'TPC_NONE', 'SPC_NONE', 'TPC_NONE', 'TPC_NONE']","{'SBX_MNUF': 1, 'SPC_MPOLY': 2, 'UC_MPOLY': 1, 'SPC_NONE': 17, 'NONE_MNUF': 1, 'UC_NONE': 14, 'TPC_NONE': 13, 'TPC_MPOLY': 3, 'SPC_MNUF': 1, 'SBX_MPOLY': 3, 'SBX_NONE': 3}"
14,60,SBX,NONE,0.6905493423887467,0.0398754095198369,1147422912.0,1129668413.1283035,2667325.6,1932630.2653948069,0.7425541413738604,-2.4882188769281832e-05,0.0,0.0,GREEDY_HV,"['SPC_MBFLIP', 'SBX_MNUF', 'SPC_MPOLY', 'UC_MPOLY', 'SPC_NONE', 'NONE_MNUF', 'UC_NONE', 'TPC_NONE', 'TPC_MPOLY', 'TPC_MPOLY', 'TPC_NONE', 'SPC_MPOLY', 'SPC_NONE', 'SPC_MNUF', 'TPC_NONE', 'SBX_MPOLY', 'SBX_NONE', 'UC_NONE', 'SBX_MPOLY', 'UC_NONE', 'SPC_NONE', 'TPC_NONE', 'UC_NONE', 'UC_NONE', 'SPC_NONE', 'SPC_NONE', 'SPC_NONE', 'UC_NONE', 'SPC_NONE', 'UC_NONE', 'SBX_MPOLY', 'TPC_NONE', 'TPC_MPOLY', 'TPC_NONE', 'SPC_NONE', 'SPC_NONE', 'UC_NONE', 'SBX_NONE', 'SPC_NONE', 'UC_NONE', 'UC_NONE', 'UC_NONE', 'TPC_NONE', 'SPC_NONE', 'SPC_NONE', 'UC_NONE', 'UC_NONE', 'SPC_NONE', 'SPC_NONE', 'TPC_NONE', 'TPC_NONE', 'TPC_NONE', 'SBX_NONE', 'SPC_NONE', 'SPC_NONE', 'UC_NONE', 'TPC_NONE', 'SPC_NONE', 'TPC_NONE', 'TPC_NONE', 'SBX_NONE']","{'SBX_MNUF': 1, 'SPC_MPOLY': 2, 'UC_MPOLY': 1, 'SPC_NONE': 17, 'NONE_MNUF': 1, 'UC_NONE': 14, 'TPC_NONE': 13, 'TPC_MPOLY': 3, 'SPC_MNUF': 1, 'SBX_MPOLY': 3, 'SBX_NONE': 4}"
14,61,UC,NONE,0.6902515005485614,0.0400724514278698,1139760258.56,1108590929.9961193,2617602.72,1943234.9358758968,0.7425989940495228,4.485267566234352e-05,0.0,0.0,GREEDY_HV,"['SPC_MBFLIP', 'SBX_MNUF', 'SPC_MPOLY', 'UC_MPOLY', 'SPC_NONE', 'NONE_MNUF', 'UC_NONE', 'TPC_NONE', 'TPC_MPOLY', 'TPC_MPOLY', 'TPC_NONE', 'SPC_MPOLY', 'SPC_NONE', 'SPC_MNUF', 'TPC_NONE', 'SBX_MPOLY', 'SBX_NONE', 'UC_NONE', 'SBX_MPOLY', 'UC_NONE', 'SPC_NONE', 'TPC_NONE', 'UC_NONE', 'UC_NONE', 'SPC_NONE', 'SPC_NONE', 'SPC_NONE', 'UC_NONE', 'SPC_NONE', 'UC_NONE', 'SBX_MPOLY', 'TPC_NONE', 'TPC_MPOLY', 'TPC_NONE', 'SPC_NONE', 'SPC_NONE', 'UC_NONE', 'SBX_NONE', 'SPC_NONE', 'UC_NONE', 'UC_NONE', 'UC_NONE', 'TPC_NONE', 'SPC_NONE', 'SPC_NONE', 'UC_NONE', 'UC_NONE', 'SPC_NONE', 'SPC_NONE', 'TPC_NONE', 'TPC_NONE', 'TPC_NONE', 'SBX_NONE', 'SPC_NONE', 'SPC_NONE', 'UC_NONE', 'TPC_NONE', 'SPC_NONE', 'TPC_NONE', 'TPC_NONE', 'SBX_NONE', 'UC_NONE']","{'SBX_MNUF': 1, 'SPC_MPOLY': 2, 'UC_MPOLY': 1, 'SPC_NONE': 17, 'NONE_MNUF': 1, 'UC_NONE': 15, 'TPC_NONE': 13, 'TPC_MPOLY': 3, 'SPC_MNUF': 1, 'SBX_MPOLY': 3, 'SBX_NONE': 4}"
14,62,TPC,NONE,0.690802557464468,0.0400948877686573,1138655541.76,1130545877.7483437,2690078.88,1931018.178113015,0.7426155480320842,1.655398256139584e-05,0.01,0.0,GREEDY_HV,"['SPC_MBFLIP', 'SBX_MNUF', 'SPC_MPOLY', 'UC_MPOLY', 'SPC_NONE', 'NONE_MNUF', 'UC_NONE', 'TPC_NONE', 'TPC_MPOLY', 'TPC_MPOLY', 'TPC_NONE', 'SPC_MPOLY', 'SPC_NONE', 'SPC_MNUF', 'TPC_NONE', 'SBX_MPOLY', 'SBX_NONE', 'UC_NONE', 'SBX_MPOLY', 'UC_NONE', 'SPC_NONE', 'TPC_NONE', 'UC_NONE', 'UC_NONE', 'SPC_NONE', 'SPC_NONE', 'SPC_NONE', 'UC_NONE', 'SPC_NONE', 'UC_NONE', 'SBX_MPOLY', 'TPC_NONE', 'TPC_MPOLY', 'TPC_NONE', 'SPC_NONE', 'SPC_NONE', 'UC_NONE', 'SBX_NONE', 'SPC_NONE', 'UC_NONE', 'UC_NONE', 'UC_NONE', 'TPC_NONE', 'SPC_NONE', 'SPC_NONE', 'UC_NONE', 'UC_NONE', 'SPC_NONE', 'SPC_NONE', 'TPC_NONE', 'TPC_NONE', 'TPC_NONE', 'SBX_NONE', 'SPC_NONE', 'SPC_NONE', 'UC_NONE', 'TPC_NONE', 'SPC_NONE', 'TPC_NONE', 'TPC_NONE', 'SBX_NONE', 'UC_NONE', 'TPC_NONE']","{'SBX_MNUF': 1, 'SPC_MPOLY': 2, 'UC_MPOLY': 1, 'SPC_NONE': 17, 'NONE_MNUF': 1, 'UC_NONE': 15, 'TPC_NONE': 14, 'TPC_MPOLY': 3, 'SPC_MNUF': 1, 'SBX_MPOLY': 3, 'SBX_NONE': 4}"
14,63,TPC,NONE,0.6910746271609096,0.0401425557811619,1168586222.08,1125904057.1474276,2711381.92,1929250.3802367572,0.7426457975252002,3.02494931160302e-05,0.0,0.0,GREEDY_HV,"['SPC_MBFLIP', 'SBX_MNUF', 'SPC_MPOLY', 'UC_MPOLY', 'SPC_NONE', 'NONE_MNUF', 'UC_NONE', 'TPC_NONE', 'TPC_MPOLY', 'TPC_MPOLY', 'TPC_NONE', 'SPC_MPOLY', 'SPC_NONE', 'SPC_MNUF', 'TPC_NONE', 'SBX_MPOLY', 'SBX_NONE', 'UC_NONE', 'SBX_MPOLY', 'UC_NONE', 'SPC_NONE', 'TPC_NONE', 'UC_NONE', 'UC_NONE', 'SPC_NONE', 'SPC_NONE', 'SPC_NONE', 'UC_NONE', 'SPC_NONE', 'UC_NONE', 'SBX_MPOLY', 'TPC_NONE', 'TPC_MPOLY', 'TPC_NONE', 'SPC_NONE', 'SPC_NONE', 'UC_NONE', 'SBX_NONE', 'SPC_NONE', 'UC_NONE', 'UC_NONE', 'UC_NONE', 'TPC_NONE', 'SPC_NONE', 'SPC_NONE', 'UC_NONE', 'UC_NONE', 'SPC_NONE', 'SPC_NONE', 'TPC_NONE', 'TPC_NONE', 'TPC_NONE', 'SBX_NONE', 'SPC_NONE', 'SPC_NONE', 'UC_NONE', 'TPC_NONE', 'SPC_NONE', 'TPC_NONE', 'TPC_NONE', 'SBX_NONE', 'UC_NONE', 'TPC_NONE', 'TPC_NONE']","{'SBX_MNUF': 1, 'SPC_MPOLY': 2, 'UC_MPOLY': 1, 'SPC_NONE': 17, 'NONE_MNUF': 1, 'UC_NONE': 15, 'TPC_NONE': 15, 'TPC_MPOLY': 3, 'SPC_MNUF': 1, 'SBX_MPOLY': 3, 'SBX_NONE': 4}"
14,64,TPC,NONE,0.6918093582548127,0.0403245877130105,1210518489.6,1136546488.2846174,2811041.44,1945845.3971540104,0.742617167234729,-2.86302904711766e-05,0.0,0.0,GREEDY_HV,"['SPC_MBFLIP', 'SBX_MNUF', 'SPC_MPOLY', 'UC_MPOLY', 'SPC_NONE', 'NONE_MNUF', 'UC_NONE', 'TPC_NONE', 'TPC_MPOLY', 'TPC_MPOLY', 'TPC_NONE', 'SPC_MPOLY', 'SPC_NONE', 'SPC_MNUF', 'TPC_NONE', 'SBX_MPOLY', 'SBX_NONE', 'UC_NONE', 'SBX_MPOLY', 'UC_NONE', 'SPC_NONE', 'TPC_NONE', 'UC_NONE', 'UC_NONE', 'SPC_NONE', 'SPC_NONE', 'SPC_NONE', 'UC_NONE', 'SPC_NONE', 'UC_NONE', 'SBX_MPOLY', 'TPC_NONE', 'TPC_MPOLY', 'TPC_NONE', 'SPC_NONE', 'SPC_NONE', 'UC_NONE', 'SBX_NONE', 'SPC_NONE', 'UC_NONE', 'UC_NONE', 'UC_NONE', 'TPC_NONE', 'SPC_NONE', 'SPC_NONE', 'UC_NONE', 'UC_NONE', 'SPC_NONE', 'SPC_NONE', 'TPC_NONE', 'TPC_NONE', 'TPC_NONE', 'SBX_NONE', 'SPC_NONE', 'SPC_NONE', 'UC_NONE', 'TPC_NONE', 'SPC_NONE', 'TPC_NONE', 'TPC_NONE', 'SBX_NONE', 'UC_NONE', 'TPC_NONE', 'TPC_NONE', 'TPC_NONE']","{'SBX_MNUF': 1, 'SPC_MPOLY': 2, 'UC_MPOLY': 1, 'SPC_NONE': 17, 'NONE_MNUF': 1, 'UC_NONE': 15, 'TPC_NONE': 16, 'TPC_MPOLY': 3, 'SPC_MNUF': 1, 'SBX_MPOLY': 3, 'SBX_NONE': 4}"
14,65,UC,NONE,0.6925043336171143,0.03938857447557,1204418055.68,1136905603.7660112,2749812.64,1928595.534250204,0.7425378966047846,-7.92706299443946e-05,0.0,0.0,GREEDY_HV,"['SPC_MBFLIP', 'SBX_MNUF', 'SPC_MPOLY', 'UC_MPOLY', 'SPC_NONE', 'NONE_MNUF', 'UC_NONE', 'TPC_NONE', 'TPC_MPOLY', 'TPC_MPOLY', 'TPC_NONE', 'SPC_MPOLY', 'SPC_NONE', 'SPC_MNUF', 'TPC_NONE', 'SBX_MPOLY', 'SBX_NONE', 'UC_NONE', 'SBX_MPOLY', 'UC_NONE', 'SPC_NONE', 'TPC_NONE', 'UC_NONE', 'UC_NONE', 'SPC_NONE', 'SPC_NONE', 'SPC_NONE', 'UC_NONE', 'SPC_NONE', 'UC_NONE', 'SBX_MPOLY', 'TPC_NONE', 'TPC_MPOLY', 'TPC_NONE', 'SPC_NONE', 'SPC_NONE', 'UC_NONE', 'SBX_NONE', 'SPC_NONE', 'UC_NONE', 'UC_NONE', 'UC_NONE', 'TPC_NONE', 'SPC_NONE', 'SPC_NONE', 'UC_NONE', 'UC_NONE', 'SPC_NONE', 'SPC_NONE', 'TPC_NONE', 'TPC_NONE', 'TPC_NONE', 'SBX_NONE', 'SPC_NONE', 'SPC_NONE', 'UC_NONE', 'TPC_NONE', 'SPC_NONE', 'TPC_NONE', 'TPC_NONE', 'SBX_NONE', 'UC_NONE', 'TPC_NONE', 'TPC_NONE', 'TPC_NONE', 'UC_NONE']","{'SBX_MNUF': 1, 'SPC_MPOLY': 2, 'UC_MPOLY': 1, 'SPC_NONE': 17, 'NONE_MNUF': 1, 'UC_NONE': 16, 'TPC_NONE': 16, 'TPC_MPOLY': 3, 'SPC_MNUF': 1, 'SBX_MPOLY': 3, 'SBX_NONE': 4}"
14,66,TPC,NONE,0.6905675639435443,0.0403732936182899,1184580874.24,1144430798.9464576,2692610.72,1947977.0268972171,0.7425463977558089,8.501151024242759e-06,0.0,0.0,GREEDY_HV,"['SPC_MBFLIP', 'SBX_MNUF', 'SPC_MPOLY', 'UC_MPOLY', 'SPC_NONE', 'NONE_MNUF', 'UC_NONE', 'TPC_NONE', 'TPC_MPOLY', 'TPC_MPOLY', 'TPC_NONE', 'SPC_MPOLY', 'SPC_NONE', 'SPC_MNUF', 'TPC_NONE', 'SBX_MPOLY', 'SBX_NONE', 'UC_NONE', 'SBX_MPOLY', 'UC_NONE', 'SPC_NONE', 'TPC_NONE', 'UC_NONE', 'UC_NONE', 'SPC_NONE', 'SPC_NONE', 'SPC_NONE', 'UC_NONE', 'SPC_NONE', 'UC_NONE', 'SBX_MPOLY', 'TPC_NONE', 'TPC_MPOLY', 'TPC_NONE', 'SPC_NONE', 'SPC_NONE', 'UC_NONE', 'SBX_NONE', 'SPC_NONE', 'UC_NONE', 'UC_NONE', 'UC_NONE', 'TPC_NONE', 'SPC_NONE', 'SPC_NONE', 'UC_NONE', 'UC_NONE', 'SPC_NONE', 'SPC_NONE', 'TPC_NONE', 'TPC_NONE', 'TPC_NONE', 'SBX_NONE', 'SPC_NONE', 'SPC_NONE', 'UC_NONE', 'TPC_NONE', 'SPC_NONE', 'TPC_NONE', 'TPC_NONE', 'SBX_NONE', 'UC_NONE', 'TPC_NONE', 'TPC_NONE', 'TPC_NONE', 'UC_NONE', 'TPC_NONE']","{'SBX_MNUF': 1, 'SPC_MPOLY': 2, 'UC_MPOLY': 1, 'SPC_NONE': 17, 'NONE_MNUF': 1, 'UC_NONE': 16, 'TPC_NONE': 17, 'TPC_MPOLY': 3, 'SPC_MNUF': 1, 'SBX_MPOLY': 3, 'SBX_NONE': 4}"
14,67,SPC,NONE,0.6892442802919473,0.0410794090763448,1142822279.68,1126258074.097017,2656609.44,1935325.9876359447,0.7425114135741055,-3.498418170333473e-05,0.0,0.0,GREEDY_HV,"['SPC_MBFLIP', 'SBX_MNUF', 'SPC_MPOLY', 'UC_MPOLY', 'SPC_NONE', 'NONE_MNUF', 'UC_NONE', 'TPC_NONE', 'TPC_MPOLY', 'TPC_MPOLY', 'TPC_NONE', 'SPC_MPOLY', 'SPC_NONE', 'SPC_MNUF', 'TPC_NONE', 'SBX_MPOLY', 'SBX_NONE', 'UC_NONE', 'SBX_MPOLY', 'UC_NONE', 'SPC_NONE', 'TPC_NONE', 'UC_NONE', 'UC_NONE', 'SPC_NONE', 'SPC_NONE', 'SPC_NONE', 'UC_NONE', 'SPC_NONE', 'UC_NONE', 'SBX_MPOLY', 'TPC_NONE', 'TPC_MPOLY', 'TPC_NONE', 'SPC_NONE', 'SPC_NONE', 'UC_NONE', 'SBX_NONE', 'SPC_NONE', 'UC_NONE', 'UC_NONE', 'UC_NONE', 'TPC_NONE', 'SPC_NONE', 'SPC_NONE', 'UC_NONE', 'UC_NONE', 'SPC_NONE', 'SPC_NONE', 'TPC_NONE', 'TPC_NONE', 'TPC_NONE', 'SBX_NONE', 'SPC_NONE', 'SPC_NONE', 'UC_NONE', 'TPC_NONE', 'SPC_NONE', 'TPC_NONE', 'TPC_NONE', 'SBX_NONE', 'UC_NONE', 'TPC_NONE', 'TPC_NONE', 'TPC_NONE', 'UC_NONE', 'TPC_NONE', 'SPC_NONE']","{'SBX_MNUF': 1, 'SPC_MPOLY': 2, 'UC_MPOLY': 1, 'SPC_NONE': 18, 'NONE_MNUF': 1, 'UC_NONE': 16, 'TPC_NONE': 17, 'TPC_MPOLY': 3, 'SPC_MNUF': 1, 'SBX_MPOLY': 3, 'SBX_NONE': 4}"
14,68,UC,NONE,0.6889955951821676,0.0413538071044312,1152404907.52,1126231232.999118,2652935.84,1973671.622619481,0.7425584519498123,4.703837570674274e-05,0.0,0.0,GREEDY_HV,"['SPC_MBFLIP', 'SBX_MNUF', 'SPC_MPOLY', 'UC_MPOLY', 'SPC_NONE', 'NONE_MNUF', 'UC_NONE', 'TPC_NONE', 'TPC_MPOLY', 'TPC_MPOLY', 'TPC_NONE', 'SPC_MPOLY', 'SPC_NONE', 'SPC_MNUF', 'TPC_NONE', 'SBX_MPOLY', 'SBX_NONE', 'UC_NONE', 'SBX_MPOLY', 'UC_NONE', 'SPC_NONE', 'TPC_NONE', 'UC_NONE', 'UC_NONE', 'SPC_NONE', 'SPC_NONE', 'SPC_NONE', 'UC_NONE', 'SPC_NONE', 'UC_NONE', 'SBX_MPOLY', 'TPC_NONE', 'TPC_MPOLY', 'TPC_NONE', 'SPC_NONE', 'SPC_NONE', 'UC_NONE', 'SBX_NONE', 'SPC_NONE', 'UC_NONE', 'UC_NONE', 'UC_NONE', 'TPC_NONE', 'SPC_NONE', 'SPC_NONE', 'UC_NONE', 'UC_NONE', 'SPC_NONE', 'SPC_NONE', 'TPC_NONE', 'TPC_NONE', 'TPC_NONE', 'SBX_NONE', 'SPC_NONE', 'SPC_NONE', 'UC_NONE', 'TPC_NONE', 'SPC_NONE', 'TPC_NONE', 'TPC_NONE', 'SBX_NONE', 'UC_NONE', 'TPC_NONE', 'TPC_NONE', 'TPC_NONE', 'UC_NONE', 'TPC_NONE', 'SPC_NONE', 'UC_NONE']","{'SBX_MNUF': 1, 'SPC_MPOLY': 2, 'UC_MPOLY': 1, 'SPC_NONE': 18, 'NONE_MNUF': 1, 'UC_NONE': 17, 'TPC_NONE': 17, 'TPC_MPOLY': 3, 'SPC_MNUF': 1, 'SBX_MPOLY': 3, 'SBX_NONE': 4}"
14,69,SPC,NONE,0.6885352321432382,0.0407836145325243,1155012528.64,1153904434.0128512,2564706.72,1941898.251404857,0.74252467668595,-3.3775263862279026e-05,0.0,0.0,GREEDY_HV,"['SPC_MBFLIP', 'SBX_MNUF', 'SPC_MPOLY', 'UC_MPOLY', 'SPC_NONE', 'NONE_MNUF', 'UC_NONE', 'TPC_NONE', 'TPC_MPOLY', 'TPC_MPOLY', 'TPC_NONE', 'SPC_MPOLY', 'SPC_NONE', 'SPC_MNUF', 'TPC_NONE', 'SBX_MPOLY', 'SBX_NONE', 'UC_NONE', 'SBX_MPOLY', 'UC_NONE', 'SPC_NONE', 'TPC_NONE', 'UC_NONE', 'UC_NONE', 'SPC_NONE', 'SPC_NONE', 'SPC_NONE', 'UC_NONE', 'SPC_NONE', 'UC_NONE', 'SBX_MPOLY', 'TPC_NONE', 'TPC_MPOLY', 'TPC_NONE', 'SPC_NONE', 'SPC_NONE', 'UC_NONE', 'SBX_NONE', 'SPC_NONE', 'UC_NONE', 'UC_NONE', 'UC_NONE', 'TPC_NONE', 'SPC_NONE', 'SPC_NONE', 'UC_NONE', 'UC_NONE', 'SPC_NONE', 'SPC_NONE', 'TPC_NONE', 'TPC_NONE', 'TPC_NONE', 'SBX_NONE', 'SPC_NONE', 'SPC_NONE', 'UC_NONE', 'TPC_NONE', 'SPC_NONE', 'TPC_NONE', 'TPC_NONE', 'SBX_NONE', 'UC_NONE', 'TPC_NONE', 'TPC_NONE', 'TPC_NONE', 'UC_NONE', 'TPC_NONE', 'SPC_NONE', 'UC_NONE', 'SPC_NONE']","{'SBX_MNUF': 1, 'SPC_MPOLY': 2, 'UC_MPOLY': 1, 'SPC_NONE': 19, 'NONE_MNUF': 1, 'UC_NONE': 17, 'TPC_NONE': 17, 'TPC_MPOLY': 3, 'SPC_MNUF': 1, 'SBX_MPOLY': 3, 'SBX_NONE': 4}"
14,70,SPC,NONE,0.6892266699045442,0.0408952806048483,1172730688.0,1140216522.0849037,2638995.36,1912315.4013036008,0.7425297609502394,5.08426428935671e-06,0.01,0.0,GREEDY_HV,"['SPC_MBFLIP', 'SBX_MNUF', 'SPC_MPOLY', 'UC_MPOLY', 'SPC_NONE', 'NONE_MNUF', 'UC_NONE', 'TPC_NONE', 'TPC_MPOLY', 'TPC_MPOLY', 'TPC_NONE', 'SPC_MPOLY', 'SPC_NONE', 'SPC_MNUF', 'TPC_NONE', 'SBX_MPOLY', 'SBX_NONE', 'UC_NONE', 'SBX_MPOLY', 'UC_NONE', 'SPC_NONE', 'TPC_NONE', 'UC_NONE', 'UC_NONE', 'SPC_NONE', 'SPC_NONE', 'SPC_NONE', 'UC_NONE', 'SPC_NONE', 'UC_NONE', 'SBX_MPOLY', 'TPC_NONE', 'TPC_MPOLY', 'TPC_NONE', 'SPC_NONE', 'SPC_NONE', 'UC_NONE', 'SBX_NONE', 'SPC_NONE', 'UC_NONE', 'UC_NONE', 'UC_NONE', 'TPC_NONE', 'SPC_NONE', 'SPC_NONE', 'UC_NONE', 'UC_NONE', 'SPC_NONE', 'SPC_NONE', 'TPC_NONE', 'TPC_NONE', 'TPC_NONE', 'SBX_NONE', 'SPC_NONE', 'SPC_NONE', 'UC_NONE', 'TPC_NONE', 'SPC_NONE', 'TPC_NONE', 'TPC_NONE', 'SBX_NONE', 'UC_NONE', 'TPC_NONE', 'TPC_NONE', 'TPC_NONE', 'UC_NONE', 'TPC_NONE', 'SPC_NONE', 'UC_NONE', 'SPC_NONE', 'SPC_NONE']","{'SBX_MNUF': 1, 'SPC_MPOLY': 2, 'UC_MPOLY': 1, 'SPC_NONE': 20, 'NONE_MNUF': 1, 'UC_NONE': 17, 'TPC_NONE': 17, 'TPC_MPOLY': 3, 'SPC_MNUF': 1, 'SBX_MPOLY': 3, 'SBX_NONE': 4}"
14,71,SPC,NONE,0.6901402979386847,0.0407346074837439,1143928517.12,1123430969.9366074,2700208.8,1889693.751073798,0.7425568938083417,2.713285810229671e-05,0.0,0.0,GREEDY_HV,"['SPC_MBFLIP', 'SBX_MNUF', 'SPC_MPOLY', 'UC_MPOLY', 'SPC_NONE', 'NONE_MNUF', 'UC_NONE', 'TPC_NONE', 'TPC_MPOLY', 'TPC_MPOLY', 'TPC_NONE', 'SPC_MPOLY', 'SPC_NONE', 'SPC_MNUF', 'TPC_NONE', 'SBX_MPOLY', 'SBX_NONE', 'UC_NONE', 'SBX_MPOLY', 'UC_NONE', 'SPC_NONE', 'TPC_NONE', 'UC_NONE', 'UC_NONE', 'SPC_NONE', 'SPC_NONE', 'SPC_NONE', 'UC_NONE', 'SPC_NONE', 'UC_NONE', 'SBX_MPOLY', 'TPC_NONE', 'TPC_MPOLY', 'TPC_NONE', 'SPC_NONE', 'SPC_NONE', 'UC_NONE', 'SBX_NONE', 'SPC_NONE', 'UC_NONE', 'UC_NONE', 'UC_NONE', 'TPC_NONE', 'SPC_NONE', 'SPC_NONE', 'UC_NONE', 'UC_NONE', 'SPC_NONE', 'SPC_NONE', 'TPC_NONE', 'TPC_NONE', 'TPC_NONE', 'SBX_NONE', 'SPC_NONE', 'SPC_NONE', 'UC_NONE', 'TPC_NONE', 'SPC_NONE', 'TPC_NONE', 'TPC_NONE', 'SBX_NONE', 'UC_NONE', 'TPC_NONE', 'TPC_NONE', 'TPC_NONE', 'UC_NONE', 'TPC_NONE', 'SPC_NONE', 'UC_NONE', 'SPC_NONE', 'SPC_NONE', 'SPC_NONE']","{'SBX_MNUF': 1, 'SPC_MPOLY': 2, 'UC_MPOLY': 1, 'SPC_NONE': 21, 'NONE_MNUF': 1, 'UC_NONE': 17, 'TPC_NONE': 17, 'TPC_MPOLY': 3, 'SPC_MNUF': 1, 'SBX_MPOLY': 3, 'SBX_NONE': 4}"
14,72,UC,MPOLY,0.6883152676844204,0.0407853918989892,1065163184.64,1112233496.7990324,2556184.48,1885519.940700519,0.7425892142776553,3.2320469313673605e-05,0.0,0.0,GREEDY_HV,"['SPC_MBFLIP', 'SBX_MNUF', 'SPC_MPOLY', 'UC_MPOLY', 'SPC_NONE', 'NONE_MNUF', 'UC_NONE', 'TPC_NONE', 'TPC_MPOLY', 'TPC_MPOLY', 'TPC_NONE', 'SPC_MPOLY', 'SPC_NONE', 'SPC_MNUF', 'TPC_NONE', 'SBX_MPOLY', 'SBX_NONE', 'UC_NONE', 'SBX_MPOLY', 'UC_NONE', 'SPC_NONE', 'TPC_NONE', 'UC_NONE', 'UC_NONE', 'SPC_NONE', 'SPC_NONE', 'SPC_NONE', 'UC_NONE', 'SPC_NONE', 'UC_NONE', 'SBX_MPOLY', 'TPC_NONE', 'TPC_MPOLY', 'TPC_NONE', 'SPC_NONE', 'SPC_NONE', 'UC_NONE', 'SBX_NONE', 'SPC_NONE', 'UC_NONE', 'UC_NONE', 'UC_NONE', 'TPC_NONE', 'SPC_NONE', 'SPC_NONE', 'UC_NONE', 'UC_NONE', 'SPC_NONE', 'SPC_NONE', 'TPC_NONE', 'TPC_NONE', 'TPC_NONE', 'SBX_NONE', 'SPC_NONE', 'SPC_NONE', 'UC_NONE', 'TPC_NONE', 'SPC_NONE', 'TPC_NONE', 'TPC_NONE', 'SBX_NONE', 'UC_NONE', 'TPC_NONE', 'TPC_NONE', 'TPC_NONE', 'UC_NONE', 'TPC_NONE', 'SPC_NONE', 'UC_NONE', 'SPC_NONE', 'SPC_NONE', 'SPC_NONE', 'UC_MPOLY']","{'SBX_MNUF': 1, 'SPC_MPOLY': 2, 'UC_MPOLY': 2, 'SPC_NONE': 21, 'NONE_MNUF': 1, 'UC_NONE': 17, 'TPC_NONE': 17, 'TPC_MPOLY': 3, 'SPC_MNUF': 1, 'SBX_MPOLY': 3, 'SBX_NONE': 4}"
14,73,SPC,NONE,0.6901526039442041,0.0402966861585925,1037209935.36,1032239289.8580712,2594295.2,1821826.13465483,0.7426680214646377,7.880718698238809e-05,0.0,0.0,GREEDY_HV,"['SPC_MBFLIP', 'SBX_MNUF', 'SPC_MPOLY', 'UC_MPOLY', 'SPC_NONE', 'NONE_MNUF', 'UC_NONE', 'TPC_NONE', 'TPC_MPOLY', 'TPC_MPOLY', 'TPC_NONE', 'SPC_MPOLY', 'SPC_NONE', 'SPC_MNUF', 'TPC_NONE', 'SBX_MPOLY', 'SBX_NONE', 'UC_NONE', 'SBX_MPOLY', 'UC_NONE', 'SPC_NONE', 'TPC_NONE', 'UC_NONE', 'UC_NONE', 'SPC_NONE', 'SPC_NONE', 'SPC_NONE', 'UC_NONE', 'SPC_NONE', 'UC_NONE', 'SBX_MPOLY', 'TPC_NONE', 'TPC_MPOLY', 'TPC_NONE', 'SPC_NONE', 'SPC_NONE', 'UC_NONE', 'SBX_NONE', 'SPC_NONE', 'UC_NONE', 'UC_NONE', 'UC_NONE', 'TPC_NONE', 'SPC_NONE', 'SPC_NONE', 'UC_NONE', 'UC_NONE', 'SPC_NONE', 'SPC_NONE', 'TPC_NONE', 'TPC_NONE', 'TPC_NONE', 'SBX_NONE', 'SPC_NONE', 'SPC_NONE', 'UC_NONE', 'TPC_NONE', 'SPC_NONE', 'TPC_NONE', 'TPC_NONE', 'SBX_NONE', 'UC_NONE', 'TPC_NONE', 'TPC_NONE', 'TPC_NONE', 'UC_NONE', 'TPC_NONE', 'SPC_NONE', 'UC_NONE', 'SPC_NONE', 'SPC_NONE', 'SPC_NONE', 'UC_MPOLY', 'SPC_NONE']","{'SBX_MNUF': 1, 'SPC_MPOLY': 2, 'UC_MPOLY': 2, 'SPC_NONE': 22, 'NONE_MNUF': 1, 'UC_NONE': 17, 'TPC_NONE': 17, 'TPC_MPOLY': 3, 'SPC_MNUF': 1, 'SBX_MPOLY': 3, 'SBX_NONE': 4}"
14,74,UC,NONE,0.6883529691644403,0.0409804933262821,1020867709.44,1039977952.6964356,2552197.28,1865712.540539245,0.7426625207021261,-5.500762511601032e-06,0.0,0.0,GREEDY_HV,"['SPC_MBFLIP', 'SBX_MNUF', 'SPC_MPOLY', 'UC_MPOLY', 'SPC_NONE', 'NONE_MNUF', 'UC_NONE', 'TPC_NONE', 'TPC_MPOLY', 'TPC_MPOLY', 'TPC_NONE', 'SPC_MPOLY', 'SPC_NONE', 'SPC_MNUF', 'TPC_NONE', 'SBX_MPOLY', 'SBX_NONE', 'UC_NONE', 'SBX_MPOLY', 'UC_NONE', 'SPC_NONE', 'TPC_NONE', 'UC_NONE', 'UC_NONE', 'SPC_NONE', 'SPC_NONE', 'SPC_NONE', 'UC_NONE', 'SPC_NONE', 'UC_NONE', 'SBX_MPOLY', 'TPC_NONE', 'TPC_MPOLY', 'TPC_NONE', 'SPC_NONE', 'SPC_NONE', 'UC_NONE', 'SBX_NONE', 'SPC_NONE', 'UC_NONE', 'UC_NONE', 'UC_NONE', 'TPC_NONE', 'SPC_NONE', 'SPC_NONE', 'UC_NONE', 'UC_NONE', 'SPC_NONE', 'SPC_NONE', 'TPC_NONE', 'TPC_NONE', 'TPC_NONE', 'SBX_NONE', 'SPC_NONE', 'SPC_NONE', 'UC_NONE', 'TPC_NONE', 'SPC_NONE', 'TPC_NONE', 'TPC_NONE', 'SBX_NONE', 'UC_NONE', 'TPC_NONE', 'TPC_NONE', 'TPC_NONE', 'UC_NONE', 'TPC_NONE', 'SPC_NONE', 'UC_NONE', 'SPC_NONE', 'SPC_NONE', 'SPC_NONE', 'UC_MPOLY', 'SPC_NONE', 'UC_NONE']","{'SBX_MNUF': 1, 'SPC_MPOLY': 2, 'UC_MPOLY': 2, 'SPC_NONE': 22, 'NONE_MNUF': 1, 'UC_NONE': 18, 'TPC_NONE': 17, 'TPC_MPOLY': 3, 'SPC_MNUF': 1, 'SBX_MPOLY': 3, 'SBX_NONE': 4}"
14,75,UC,MPOLY,0.6869687598721899,0.0409938645188057,979304768.0,1038682483.2571616,2416265.12,1837946.7056555543,0.7426621830875163,-3.376146098243993e-07,0.01,0.0,GREEDY_HV,"['SPC_MBFLIP', 'SBX_MNUF', 'SPC_MPOLY', 'UC_MPOLY', 'SPC_NONE', 'NONE_MNUF', 'UC_NONE', 'TPC_NONE', 'TPC_MPOLY', 'TPC_MPOLY', 'TPC_NONE', 'SPC_MPOLY', 'SPC_NONE', 'SPC_MNUF', 'TPC_NONE', 'SBX_MPOLY', 'SBX_NONE', 'UC_NONE', 'SBX_MPOLY', 'UC_NONE', 'SPC_NONE', 'TPC_NONE', 'UC_NONE', 'UC_NONE', 'SPC_NONE', 'SPC_NONE', 'SPC_NONE', 'UC_NONE', 'SPC_NONE', 'UC_NONE', 'SBX_MPOLY', 'TPC_NONE', 'TPC_MPOLY', 'TPC_NONE', 'SPC_NONE', 'SPC_NONE', 'UC_NONE', 'SBX_NONE', 'SPC_NONE', 'UC_NONE', 'UC_NONE', 'UC_NONE', 'TPC_NONE', 'SPC_NONE', 'SPC_NONE', 'UC_NONE', 'UC_NONE', 'SPC_NONE', 'SPC_NONE', 'TPC_NONE', 'TPC_NONE', 'TPC_NONE', 'SBX_NONE', 'SPC_NONE', 'SPC_NONE', 'UC_NONE', 'TPC_NONE', 'SPC_NONE', 'TPC_NONE', 'TPC_NONE', 'SBX_NONE', 'UC_NONE', 'TPC_NONE', 'TPC_NONE', 'TPC_NONE', 'UC_NONE', 'TPC_NONE', 'SPC_NONE', 'UC_NONE', 'SPC_NONE', 'SPC_NONE', 'SPC_NONE', 'UC_MPOLY', 'SPC_NONE', 'UC_NONE', 'UC_MPOLY']","{'SBX_MNUF': 1, 'SPC_MPOLY': 2, 'UC_MPOLY': 3, 'SPC_NONE': 22, 'NONE_MNUF': 1, 'UC_NONE': 18, 'TPC_NONE': 17, 'TPC_MPOLY': 3, 'SPC_MNUF': 1, 'SBX_MPOLY': 3, 'SBX_NONE': 4}"
14,76,TPC,NONE,0.6873380053374407,0.0407848578460754,979365936.64,1039643465.8619876,2428841.12,1838609.0680061015,0.7427241854124297,6.200232491337943e-05,0.01,0.0,GREEDY_HV,"['SPC_MBFLIP', 'SBX_MNUF', 'SPC_MPOLY', 'UC_MPOLY', 'SPC_NONE', 'NONE_MNUF', 'UC_NONE', 'TPC_NONE', 'TPC_MPOLY', 'TPC_MPOLY', 'TPC_NONE', 'SPC_MPOLY', 'SPC_NONE', 'SPC_MNUF', 'TPC_NONE', 'SBX_MPOLY', 'SBX_NONE', 'UC_NONE', 'SBX_MPOLY', 'UC_NONE', 'SPC_NONE', 'TPC_NONE', 'UC_NONE', 'UC_NONE', 'SPC_NONE', 'SPC_NONE', 'SPC_NONE', 'UC_NONE', 'SPC_NONE', 'UC_NONE', 'SBX_MPOLY', 'TPC_NONE', 'TPC_MPOLY', 'TPC_NONE', 'SPC_NONE', 'SPC_NONE', 'UC_NONE', 'SBX_NONE', 'SPC_NONE', 'UC_NONE', 'UC_NONE', 'UC_NONE', 'TPC_NONE', 'SPC_NONE', 'SPC_NONE', 'UC_NONE', 'UC_NONE', 'SPC_NONE', 'SPC_NONE', 'TPC_NONE', 'TPC_NONE', 'TPC_NONE', 'SBX_NONE', 'SPC_NONE', 'SPC_NONE', 'UC_NONE', 'TPC_NONE', 'SPC_NONE', 'TPC_NONE', 'TPC_NONE', 'SBX_NONE', 'UC_NONE', 'TPC_NONE', 'TPC_NONE', 'TPC_NONE', 'UC_NONE', 'TPC_NONE', 'SPC_NONE', 'UC_NONE', 'SPC_NONE', 'SPC_NONE', 'SPC_NONE', 'UC_MPOLY', 'SPC_NONE', 'UC_NONE', 'UC_MPOLY', 'TPC_NONE']","{'SBX_MNUF': 1, 'SPC_MPOLY': 2, 'UC_MPOLY': 3, 'SPC_NONE': 22, 'NONE_MNUF': 1, 'UC_NONE': 18, 'TPC_NONE': 18, 'TPC_MPOLY': 3, 'SPC_MNUF': 1, 'SBX_MPOLY': 3, 'SBX_NONE': 4}"
14,77,SPC,NONE,0.6880001202213128,0.0408303507675881,970993226.24,1000614964.4769396,2424645.28,1808505.42420162,0.7427286626808407,4.477268411018365e-06,0.0,0.0,GREEDY_HV,"['SPC_MBFLIP', 'SBX_MNUF', 'SPC_MPOLY', 'UC_MPOLY', 'SPC_NONE', 'NONE_MNUF', 'UC_NONE', 'TPC_NONE', 'TPC_MPOLY', 'TPC_MPOLY', 'TPC_NONE', 'SPC_MPOLY', 'SPC_NONE', 'SPC_MNUF', 'TPC_NONE', 'SBX_MPOLY', 'SBX_NONE', 'UC_NONE', 'SBX_MPOLY', 'UC_NONE', 'SPC_NONE', 'TPC_NONE', 'UC_NONE', 'UC_NONE', 'SPC_NONE', 'SPC_NONE', 'SPC_NONE', 'UC_NONE', 'SPC_NONE', 'UC_NONE', 'SBX_MPOLY', 'TPC_NONE', 'TPC_MPOLY', 'TPC_NONE', 'SPC_NONE', 'SPC_NONE', 'UC_NONE', 'SBX_NONE', 'SPC_NONE', 'UC_NONE', 'UC_NONE', 'UC_NONE', 'TPC_NONE', 'SPC_NONE', 'SPC_NONE', 'UC_NONE', 'UC_NONE', 'SPC_NONE', 'SPC_NONE', 'TPC_NONE', 'TPC_NONE', 'TPC_NONE', 'SBX_NONE', 'SPC_NONE', 'SPC_NONE', 'UC_NONE', 'TPC_NONE', 'SPC_NONE', 'TPC_NONE', 'TPC_NONE', 'SBX_NONE', 'UC_NONE', 'TPC_NONE', 'TPC_NONE', 'TPC_NONE', 'UC_NONE', 'TPC_NONE', 'SPC_NONE', 'UC_NONE', 'SPC_NONE', 'SPC_NONE', 'SPC_NONE', 'UC_MPOLY', 'SPC_NONE', 'UC_NONE', 'UC_MPOLY', 'TPC_NONE', 'SPC_NONE']","{'SBX_MNUF': 1, 'SPC_MPOLY': 2, 'UC_MPOLY': 3, 'SPC_NONE': 23, 'NONE_MNUF': 1, 'UC_NONE': 18, 'TPC_NONE': 18, 'TPC_MPOLY': 3, 'SPC_MNUF': 1, 'SBX_MPOLY': 3, 'SBX_NONE': 4}"
14,78,TPC,NONE,0.6900883007470082,0.0406814786682844,1051733199.36,1024273545.100904,2557339.04,1819960.6628628976,0.7427547503265897,2.6087645748962277e-05,0.0,0.0,GREEDY_HV,"['SPC_MBFLIP', 'SBX_MNUF', 'SPC_MPOLY', 'UC_MPOLY', 'SPC_NONE', 'NONE_MNUF', 'UC_NONE', 'TPC_NONE', 'TPC_MPOLY', 'TPC_MPOLY', 'TPC_NONE', 'SPC_MPOLY', 'SPC_NONE', 'SPC_MNUF', 'TPC_NONE', 'SBX_MPOLY', 'SBX_NONE', 'UC_NONE', 'SBX_MPOLY', 'UC_NONE', 'SPC_NONE', 'TPC_NONE', 'UC_NONE', 'UC_NONE', 'SPC_NONE', 'SPC_NONE', 'SPC_NONE', 'UC_NONE', 'SPC_NONE', 'UC_NONE', 'SBX_MPOLY', 'TPC_NONE', 'TPC_MPOLY', 'TPC_NONE', 'SPC_NONE', 'SPC_NONE', 'UC_NONE', 'SBX_NONE', 'SPC_NONE', 'UC_NONE', 'UC_NONE', 'UC_NONE', 'TPC_NONE', 'SPC_NONE', 'SPC_NONE', 'UC_NONE', 'UC_NONE', 'SPC_NONE', 'SPC_NONE', 'TPC_NONE', 'TPC_NONE', 'TPC_NONE', 'SBX_NONE', 'SPC_NONE', 'SPC_NONE', 'UC_NONE', 'TPC_NONE', 'SPC_NONE', 'TPC_NONE', 'TPC_NONE', 'SBX_NONE', 'UC_NONE', 'TPC_NONE', 'TPC_NONE', 'TPC_NONE', 'UC_NONE', 'TPC_NONE', 'SPC_NONE', 'UC_NONE', 'SPC_NONE', 'SPC_NONE', 'SPC_NONE', 'UC_MPOLY', 'SPC_NONE', 'UC_NONE', 'UC_MPOLY', 'TPC_NONE', 'SPC_NONE', 'TPC_NONE']","{'SBX_MNUF': 1, 'SPC_MPOLY': 2, 'UC_MPOLY': 3, 'SPC_NONE': 23, 'NONE_MNUF': 1, 'UC_NONE': 18, 'TPC_NONE': 19, 'TPC_MPOLY': 3, 'SPC_MNUF': 1, 'SBX_MPOLY': 3, 'SBX_NONE': 4}"
14,79,UC,NONE,0.6878733538633185,0.0413056157154495,1028902699.52,1035506032.5912728,2444425.12,1840781.2002403836,0.7427506488404128,-4.10148617691064e-06,0.0,0.0,GREEDY_HV,"['SPC_MBFLIP', 'SBX_MNUF', 'SPC_MPOLY', 'UC_MPOLY', 'SPC_NONE', 'NONE_MNUF', 'UC_NONE', 'TPC_NONE', 'TPC_MPOLY', 'TPC_MPOLY', 'TPC_NONE', 'SPC_MPOLY', 'SPC_NONE', 'SPC_MNUF', 'TPC_NONE', 'SBX_MPOLY', 'SBX_NONE', 'UC_NONE', 'SBX_MPOLY', 'UC_NONE', 'SPC_NONE', 'TPC_NONE', 'UC_NONE', 'UC_NONE', 'SPC_NONE', 'SPC_NONE', 'SPC_NONE', 'UC_NONE', 'SPC_NONE', 'UC_NONE', 'SBX_MPOLY', 'TPC_NONE', 'TPC_MPOLY', 'TPC_NONE', 'SPC_NONE', 'SPC_NONE', 'UC_NONE', 'SBX_NONE', 'SPC_NONE', 'UC_NONE', 'UC_NONE', 'UC_NONE', 'TPC_NONE', 'SPC_NONE', 'SPC_NONE', 'UC_NONE', 'UC_NONE', 'SPC_NONE', 'SPC_NONE', 'TPC_NONE', 'TPC_NONE', 'TPC_NONE', 'SBX_NONE', 'SPC_NONE', 'SPC_NONE', 'UC_NONE', 'TPC_NONE', 'SPC_NONE', 'TPC_NONE', 'TPC_NONE', 'SBX_NONE', 'UC_NONE', 'TPC_NONE', 'TPC_NONE', 'TPC_NONE', 'UC_NONE', 'TPC_NONE', 'SPC_NONE', 'UC_NONE', 'SPC_NONE', 'SPC_NONE', 'SPC_NONE', 'UC_MPOLY', 'SPC_NONE', 'UC_NONE', 'UC_MPOLY', 'TPC_NONE', 'SPC_NONE', 'TPC_NONE', 'UC_NONE']","{'SBX_MNUF': 1, 'SPC_MPOLY': 2, 'UC_MPOLY': 3, 'SPC_NONE': 23, 'NONE_MNUF': 1, 'UC_NONE': 19, 'TPC_NONE': 19, 'TPC_MPOLY': 3, 'SPC_MNUF': 1, 'SBX_MPOLY': 3, 'SBX_NONE': 4}"
14,80,SPC,NONE,0.6863398359165064,0.0410435788745379,931553799.68,971417676.430639,2319538.08,1833250.6030099415,0.742747347571615,-3.301268797772927e-06,0.0,0.0,GREEDY_HV,"['SPC_MBFLIP', 'SBX_MNUF', 'SPC_MPOLY', 'UC_MPOLY', 'SPC_NONE', 'NONE_MNUF', 'UC_NONE', 'TPC_NONE', 'TPC_MPOLY', 'TPC_MPOLY', 'TPC_NONE', 'SPC_MPOLY', 'SPC_NONE', 'SPC_MNUF', 'TPC_NONE', 'SBX_MPOLY', 'SBX_NONE', 'UC_NONE', 'SBX_MPOLY', 'UC_NONE', 'SPC_NONE', 'TPC_NONE', 'UC_NONE', 'UC_NONE', 'SPC_NONE', 'SPC_NONE', 'SPC_NONE', 'UC_NONE', 'SPC_NONE', 'UC_NONE', 'SBX_MPOLY', 'TPC_NONE', 'TPC_MPOLY', 'TPC_NONE', 'SPC_NONE', 'SPC_NONE', 'UC_NONE', 'SBX_NONE', 'SPC_NONE', 'UC_NONE', 'UC_NONE', 'UC_NONE', 'TPC_NONE', 'SPC_NONE', 'SPC_NONE', 'UC_NONE', 'UC_NONE', 'SPC_NONE', 'SPC_NONE', 'TPC_NONE', 'TPC_NONE', 'TPC_NONE', 'SBX_NONE', 'SPC_NONE', 'SPC_NONE', 'UC_NONE', 'TPC_NONE', 'SPC_NONE', 'TPC_NONE', 'TPC_NONE', 'SBX_NONE', 'UC_NONE', 'TPC_NONE', 'TPC_NONE', 'TPC_NONE', 'UC_NONE', 'TPC_NONE', 'SPC_NONE', 'UC_NONE', 'SPC_NONE', 'SPC_NONE', 'SPC_NONE', 'UC_MPOLY', 'SPC_NONE', 'UC_NONE', 'UC_MPOLY', 'TPC_NONE', 'SPC_NONE', 'TPC_NONE', 'UC_NONE', 'SPC_NONE']","{'SBX_MNUF': 1, 'SPC_MPOLY': 2, 'UC_MPOLY': 3, 'SPC_NONE': 24, 'NONE_MNUF': 1, 'UC_NONE': 19, 'TPC_NONE': 19, 'TPC_MPOLY': 3, 'SPC_MNUF': 1, 'SBX_MPOLY': 3, 'SBX_NONE': 4}"
14,81,TPC,NONE,0.687090891532199,0.0406331976073211,908485358.08,929150577.3414608,2293743.52,1818472.4800028647,0.7427346298646702,-1.271770694477592e-05,0.0,0.0,GREEDY_HV,"['SPC_MBFLIP', 'SBX_MNUF', 'SPC_MPOLY', 'UC_MPOLY', 'SPC_NONE', 'NONE_MNUF', 'UC_NONE', 'TPC_NONE', 'TPC_MPOLY', 'TPC_MPOLY', 'TPC_NONE', 'SPC_MPOLY', 'SPC_NONE', 'SPC_MNUF', 'TPC_NONE', 'SBX_MPOLY', 'SBX_NONE', 'UC_NONE', 'SBX_MPOLY', 'UC_NONE', 'SPC_NONE', 'TPC_NONE', 'UC_NONE', 'UC_NONE', 'SPC_NONE', 'SPC_NONE', 'SPC_NONE', 'UC_NONE', 'SPC_NONE', 'UC_NONE', 'SBX_MPOLY', 'TPC_NONE', 'TPC_MPOLY', 'TPC_NONE', 'SPC_NONE', 'SPC_NONE', 'UC_NONE', 'SBX_NONE', 'SPC_NONE', 'UC_NONE', 'UC_NONE', 'UC_NONE', 'TPC_NONE', 'SPC_NONE', 'SPC_NONE', 'UC_NONE', 'UC_NONE', 'SPC_NONE', 'SPC_NONE', 'TPC_NONE', 'TPC_NONE', 'TPC_NONE', 'SBX_NONE', 'SPC_NONE', 'SPC_NONE', 'UC_NONE', 'TPC_NONE', 'SPC_NONE', 'TPC_NONE', 'TPC_NONE', 'SBX_NONE', 'UC_NONE', 'TPC_NONE', 'TPC_NONE', 'TPC_NONE', 'UC_NONE', 'TPC_NONE', 'SPC_NONE', 'UC_NONE', 'SPC_NONE', 'SPC_NONE', 'SPC_NONE', 'UC_MPOLY', 'SPC_NONE', 'UC_NONE', 'UC_MPOLY', 'TPC_NONE', 'SPC_NONE', 'TPC_NONE', 'UC_NONE', 'SPC_NONE', 'TPC_NONE']","{'SBX_MNUF': 1, 'SPC_MPOLY': 2, 'UC_MPOLY': 3, 'SPC_NONE': 24, 'NONE_MNUF': 1, 'UC_NONE': 19, 'TPC_NONE': 20, 'TPC_MPOLY': 3, 'SPC_MNUF': 1, 'SBX_MPOLY': 3, 'SBX_NONE': 4}"
14,82,SPC,NONE,0.6880622720689817,0.0411831479997726,968575244.8,960814441.919618,2432800.16,1842418.117937309,0.7427675912398787,3.296137520847342e-05,0.0,0.0,GREEDY_HV,"['SPC_MBFLIP', 'SBX_MNUF', 'SPC_MPOLY', 'UC_MPOLY', 'SPC_NONE', 'NONE_MNUF', 'UC_NONE', 'TPC_NONE', 'TPC_MPOLY', 'TPC_MPOLY', 'TPC_NONE', 'SPC_MPOLY', 'SPC_NONE', 'SPC_MNUF', 'TPC_NONE', 'SBX_MPOLY', 'SBX_NONE', 'UC_NONE', 'SBX_MPOLY', 'UC_NONE', 'SPC_NONE', 'TPC_NONE', 'UC_NONE', 'UC_NONE', 'SPC_NONE', 'SPC_NONE', 'SPC_NONE', 'UC_NONE', 'SPC_NONE', 'UC_NONE', 'SBX_MPOLY', 'TPC_NONE', 'TPC_MPOLY', 'TPC_NONE', 'SPC_NONE', 'SPC_NONE', 'UC_NONE', 'SBX_NONE', 'SPC_NONE', 'UC_NONE', 'UC_NONE', 'UC_NONE', 'TPC_NONE', 'SPC_NONE', 'SPC_NONE', 'UC_NONE', 'UC_NONE', 'SPC_NONE', 'SPC_NONE', 'TPC_NONE', 'TPC_NONE', 'TPC_NONE', 'SBX_NONE', 'SPC_NONE', 'SPC_NONE', 'UC_NONE', 'TPC_NONE', 'SPC_NONE', 'TPC_NONE', 'TPC_NONE', 'SBX_NONE', 'UC_NONE', 'TPC_NONE', 'TPC_NONE', 'TPC_NONE', 'UC_NONE', 'TPC_NONE', 'SPC_NONE', 'UC_NONE', 'SPC_NONE', 'SPC_NONE', 'SPC_NONE', 'UC_MPOLY', 'SPC_NONE', 'UC_NONE', 'UC_MPOLY', 'TPC_NONE', 'SPC_NONE', 'TPC_NONE', 'UC_NONE', 'SPC_NONE', 'TPC_NONE', 'SPC_NONE']","{'SBX_MNUF': 1, 'SPC_MPOLY': 2, 'UC_MPOLY': 3, 'SPC_NONE': 25, 'NONE_MNUF': 1, 'UC_NONE': 19, 'TPC_NONE': 20, 'TPC_MPOLY': 3, 'SPC_MNUF': 1, 'SBX_MPOLY': 3, 'SBX_NONE': 4}"
14,83,UC,NONE,0.6855478848995026,0.0410933171394735,891431974.4,972897491.926403,2263156.64,1843055.15961182,0.7427930136351882,2.542239530956003e-05,0.0,0.0,GREEDY_HV,"['SPC_MBFLIP', 'SBX_MNUF', 'SPC_MPOLY', 'UC_MPOLY', 'SPC_NONE', 'NONE_MNUF', 'UC_NONE', 'TPC_NONE', 'TPC_MPOLY', 'TPC_MPOLY', 'TPC_NONE', 'SPC_MPOLY', 'SPC_NONE', 'SPC_MNUF', 'TPC_NONE', 'SBX_MPOLY', 'SBX_NONE', 'UC_NONE', 'SBX_MPOLY', 'UC_NONE', 'SPC_NONE', 'TPC_NONE', 'UC_NONE', 'UC_NONE', 'SPC_NONE', 'SPC_NONE', 'SPC_NONE', 'UC_NONE', 'SPC_NONE', 'UC_NONE', 'SBX_MPOLY', 'TPC_NONE', 'TPC_MPOLY', 'TPC_NONE', 'SPC_NONE', 'SPC_NONE', 'UC_NONE', 'SBX_NONE', 'SPC_NONE', 'UC_NONE', 'UC_NONE', 'UC_NONE', 'TPC_NONE', 'SPC_NONE', 'SPC_NONE', 'UC_NONE', 'UC_NONE', 'SPC_NONE', 'SPC_NONE', 'TPC_NONE', 'TPC_NONE', 'TPC_NONE', 'SBX_NONE', 'SPC_NONE', 'SPC_NONE', 'UC_NONE', 'TPC_NONE', 'SPC_NONE', 'TPC_NONE', 'TPC_NONE', 'SBX_NONE', 'UC_NONE', 'TPC_NONE', 'TPC_NONE', 'TPC_NONE', 'UC_NONE', 'TPC_NONE', 'SPC_NONE', 'UC_NONE', 'SPC_NONE', 'SPC_NONE', 'SPC_NONE', 'UC_MPOLY', 'SPC_NONE', 'UC_NONE', 'UC_MPOLY', 'TPC_NONE', 'SPC_NONE', 'TPC_NONE', 'UC_NONE', 'SPC_NONE', 'TPC_NONE', 'SPC_NONE', 'UC_NONE']","{'SBX_MNUF': 1, 'SPC_MPOLY': 2, 'UC_MPOLY': 3, 'SPC_NONE': 25, 'NONE_MNUF': 1, 'UC_NONE': 20, 'TPC_NONE': 20, 'TPC_MPOLY': 3, 'SPC_MNUF': 1, 'SBX_MPOLY': 3, 'SBX_NONE': 4}"
14,84,SPC,NONE,0.686079157851197,0.0412868124519578,909584739.84,965638672.7662848,2273746.08,1836074.6130042083,0.7428482710762037,5.525744101542163e-05,0.0,0.0,GREEDY_HV,"['SPC_MBFLIP', 'SBX_MNUF', 'SPC_MPOLY', 'UC_MPOLY', 'SPC_NONE', 'NONE_MNUF', 'UC_NONE', 'TPC_NONE', 'TPC_MPOLY', 'TPC_MPOLY', 'TPC_NONE', 'SPC_MPOLY', 'SPC_NONE', 'SPC_MNUF', 'TPC_NONE', 'SBX_MPOLY', 'SBX_NONE', 'UC_NONE', 'SBX_MPOLY', 'UC_NONE', 'SPC_NONE', 'TPC_NONE', 'UC_NONE', 'UC_NONE', 'SPC_NONE', 'SPC_NONE', 'SPC_NONE', 'UC_NONE', 'SPC_NONE', 'UC_NONE', 'SBX_MPOLY', 'TPC_NONE', 'TPC_MPOLY', 'TPC_NONE', 'SPC_NONE', 'SPC_NONE', 'UC_NONE', 'SBX_NONE', 'SPC_NONE', 'UC_NONE', 'UC_NONE', 'UC_NONE', 'TPC_NONE', 'SPC_NONE', 'SPC_NONE', 'UC_NONE', 'UC_NONE', 'SPC_NONE', 'SPC_NONE', 'TPC_NONE', 'TPC_NONE', 'TPC_NONE', 'SBX_NONE', 'SPC_NONE', 'SPC_NONE', 'UC_NONE', 'TPC_NONE', 'SPC_NONE', 'TPC_NONE', 'TPC_NONE', 'SBX_NONE', 'UC_NONE', 'TPC_NONE', 'TPC_NONE', 'TPC_NONE', 'UC_NONE', 'TPC_NONE', 'SPC_NONE', 'UC_NONE', 'SPC_NONE', 'SPC_NONE', 'SPC_NONE', 'UC_MPOLY', 'SPC_NONE', 'UC_NONE', 'UC_MPOLY', 'TPC_NONE', 'SPC_NONE', 'TPC_NONE', 'UC_NONE', 'SPC_NONE', 'TPC_NONE', 'SPC_NONE', 'UC_NONE', 'SPC_NONE']","{'SBX_MNUF': 1, 'SPC_MPOLY': 2, 'UC_MPOLY': 3, 'SPC_NONE': 26, 'NONE_MNUF': 1, 'UC_NONE': 20, 'TPC_NONE': 20, 'TPC_MPOLY': 3, 'SPC_MNUF': 1, 'SBX_MPOLY': 3, 'SBX_NONE': 4}"
14,85,TPC,NONE,0.686441312785941,0.041258217327127,913777021.44,969498098.8120836,2304247.2,1837564.052411474,0.7428943005684963,4.602949229259856e-05,0.01,0.0,GREEDY_HV,"['SPC_MBFLIP', 'SBX_MNUF', 'SPC_MPOLY', 'UC_MPOLY', 'SPC_NONE', 'NONE_MNUF', 'UC_NONE', 'TPC_NONE', 'TPC_MPOLY', 'TPC_MPOLY', 'TPC_NONE', 'SPC_MPOLY', 'SPC_NONE', 'SPC_MNUF', 'TPC_NONE', 'SBX_MPOLY', 'SBX_NONE', 'UC_NONE', 'SBX_MPOLY', 'UC_NONE', 'SPC_NONE', 'TPC_NONE', 'UC_NONE', 'UC_NONE', 'SPC_NONE', 'SPC_NONE', 'SPC_NONE', 'UC_NONE', 'SPC_NONE', 'UC_NONE', 'SBX_MPOLY', 'TPC_NONE', 'TPC_MPOLY', 'TPC_NONE', 'SPC_NONE', 'SPC_NONE', 'UC_NONE', 'SBX_NONE', 'SPC_NONE', 'UC_NONE', 'UC_NONE', 'UC_NONE', 'TPC_NONE', 'SPC_NONE', 'SPC_NONE', 'UC_NONE', 'UC_NONE', 'SPC_NONE', 'SPC_NONE', 'TPC_NONE', 'TPC_NONE', 'TPC_NONE', 'SBX_NONE', 'SPC_NONE', 'SPC_NONE', 'UC_NONE', 'TPC_NONE', 'SPC_NONE', 'TPC_NONE', 'TPC_NONE', 'SBX_NONE', 'UC_NONE', 'TPC_NONE', 'TPC_NONE', 'TPC_NONE', 'UC_NONE', 'TPC_NONE', 'SPC_NONE', 'UC_NONE', 'SPC_NONE', 'SPC_NONE', 'SPC_NONE', 'UC_MPOLY', 'SPC_NONE', 'UC_NONE', 'UC_MPOLY', 'TPC_NONE', 'SPC_NONE', 'TPC_NONE', 'UC_NONE', 'SPC_NONE', 'TPC_NONE', 'SPC_NONE', 'UC_NONE', 'SPC_NONE', 'TPC_NONE']","{'SBX_MNUF': 1, 'SPC_MPOLY': 2, 'UC_MPOLY': 3, 'SPC_NONE': 26, 'NONE_MNUF': 1, 'UC_NONE': 20, 'TPC_NONE': 21, 'TPC_MPOLY': 3, 'SPC_MNUF': 1, 'SBX_MPOLY': 3, 'SBX_NONE': 4}"
14,86,TPC,NONE,0.6859870891401494,0.0410621399778649,910614581.76,973354225.7251804,2264300.96,1842740.8596368283,0.7429028946548523,8.594086356006336e-06,0.0,0.0,GREEDY_HV,"['SPC_MBFLIP', 'SBX_MNUF', 'SPC_MPOLY', 'UC_MPOLY', 'SPC_NONE', 'NONE_MNUF', 'UC_NONE', 'TPC_NONE', 'TPC_MPOLY', 'TPC_MPOLY', 'TPC_NONE', 'SPC_MPOLY', 'SPC_NONE', 'SPC_MNUF', 'TPC_NONE', 'SBX_MPOLY', 'SBX_NONE', 'UC_NONE', 'SBX_MPOLY', 'UC_NONE', 'SPC_NONE', 'TPC_NONE', 'UC_NONE', 'UC_NONE', 'SPC_NONE', 'SPC_NONE', 'SPC_NONE', 'UC_NONE', 'SPC_NONE', 'UC_NONE', 'SBX_MPOLY', 'TPC_NONE', 'TPC_MPOLY', 'TPC_NONE', 'SPC_NONE', 'SPC_NONE', 'UC_NONE', 'SBX_NONE', 'SPC_NONE', 'UC_NONE', 'UC_NONE', 'UC_NONE', 'TPC_NONE', 'SPC_NONE', 'SPC_NONE', 'UC_NONE', 'UC_NONE', 'SPC_NONE', 'SPC_NONE', 'TPC_NONE', 'TPC_NONE', 'TPC_NONE', 'SBX_NONE', 'SPC_NONE', 'SPC_NONE', 'UC_NONE', 'TPC_NONE', 'SPC_NONE', 'TPC_NONE', 'TPC_NONE', 'SBX_NONE', 'UC_NONE', 'TPC_NONE', 'TPC_NONE', 'TPC_NONE', 'UC_NONE', 'TPC_NONE', 'SPC_NONE', 'UC_NONE', 'SPC_NONE', 'SPC_NONE', 'SPC_NONE', 'UC_MPOLY', 'SPC_NONE', 'UC_NONE', 'UC_MPOLY', 'TPC_NONE', 'SPC_NONE', 'TPC_NONE', 'UC_NONE', 'SPC_NONE', 'TPC_NONE', 'SPC_NONE', 'UC_NONE', 'SPC_NONE', 'TPC_NONE', 'TPC_NONE']","{'SBX_MNUF': 1, 'SPC_MPOLY': 2, 'UC_MPOLY': 3, 'SPC_NONE': 26, 'NONE_MNUF': 1, 'UC_NONE': 20, 'TPC_NONE': 22, 'TPC_MPOLY': 3, 'SPC_MNUF': 1, 'SBX_MPOLY': 3, 'SBX_NONE': 4}"
14,87,UC,NONE,0.6857465608592531,0.041238420348691,904660861.44,956716366.2829968,2257703.84,1836108.867678596,0.742913162872801,1.0268217948694591e-05,0.0,0.0,GREEDY_HV,"['SPC_MBFLIP', 'SBX_MNUF', 'SPC_MPOLY', 'UC_MPOLY', 'SPC_NONE', 'NONE_MNUF', 'UC_NONE', 'TPC_NONE', 'TPC_MPOLY', 'TPC_MPOLY', 'TPC_NONE', 'SPC_MPOLY', 'SPC_NONE', 'SPC_MNUF', 'TPC_NONE', 'SBX_MPOLY', 'SBX_NONE', 'UC_NONE', 'SBX_MPOLY', 'UC_NONE', 'SPC_NONE', 'TPC_NONE', 'UC_NONE', 'UC_NONE', 'SPC_NONE', 'SPC_NONE', 'SPC_NONE', 'UC_NONE', 'SPC_NONE', 'UC_NONE', 'SBX_MPOLY', 'TPC_NONE', 'TPC_MPOLY', 'TPC_NONE', 'SPC_NONE', 'SPC_NONE', 'UC_NONE', 'SBX_NONE', 'SPC_NONE', 'UC_NONE', 'UC_NONE', 'UC_NONE', 'TPC_NONE', 'SPC_NONE', 'SPC_NONE', 'UC_NONE', 'UC_NONE', 'SPC_NONE', 'SPC_NONE', 'TPC_NONE', 'TPC_NONE', 'TPC_NONE', 'SBX_NONE', 'SPC_NONE', 'SPC_NONE', 'UC_NONE', 'TPC_NONE', 'SPC_NONE', 'TPC_NONE', 'TPC_NONE', 'SBX_NONE', 'UC_NONE', 'TPC_NONE', 'TPC_NONE', 'TPC_NONE', 'UC_NONE', 'TPC_NONE', 'SPC_NONE', 'UC_NONE', 'SPC_NONE', 'SPC_NONE', 'SPC_NONE', 'UC_MPOLY', 'SPC_NONE', 'UC_NONE', 'UC_MPOLY', 'TPC_NONE', 'SPC_NONE', 'TPC_NONE', 'UC_NONE', 'SPC_NONE', 'TPC_NONE', 'SPC_NONE', 'UC_NONE', 'SPC_NONE', 'TPC_NONE', 'TPC_NONE', 'UC_NONE']","{'SBX_MNUF': 1, 'SPC_MPOLY': 2, 'UC_MPOLY': 3, 'SPC_NONE': 26, 'NONE_MNUF': 1, 'UC_NONE': 21, 'TPC_NONE': 22, 'TPC_MPOLY': 3, 'SPC_MNUF': 1, 'SBX_MPOLY': 3, 'SBX_NONE': 4}"
14,88,TPC,NONE,0.6858989611359609,0.0411071487646946,902695759.36,956684694.5681484,2280132.0,1842136.1668066997,0.7429176245743694,4.4617015684256245e-06,0.0,0.0,GREEDY_HV,"['SPC_MBFLIP', 'SBX_MNUF', 'SPC_MPOLY', 'UC_MPOLY', 'SPC_NONE', 'NONE_MNUF', 'UC_NONE', 'TPC_NONE', 'TPC_MPOLY', 'TPC_MPOLY', 'TPC_NONE', 'SPC_MPOLY', 'SPC_NONE', 'SPC_MNUF', 'TPC_NONE', 'SBX_MPOLY', 'SBX_NONE', 'UC_NONE', 'SBX_MPOLY', 'UC_NONE', 'SPC_NONE', 'TPC_NONE', 'UC_NONE', 'UC_NONE', 'SPC_NONE', 'SPC_NONE', 'SPC_NONE', 'UC_NONE', 'SPC_NONE', 'UC_NONE', 'SBX_MPOLY', 'TPC_NONE', 'TPC_MPOLY', 'TPC_NONE', 'SPC_NONE', 'SPC_NONE', 'UC_NONE', 'SBX_NONE', 'SPC_NONE', 'UC_NONE', 'UC_NONE', 'UC_NONE', 'TPC_NONE', 'SPC_NONE', 'SPC_NONE', 'UC_NONE', 'UC_NONE', 'SPC_NONE', 'SPC_NONE', 'TPC_NONE', 'TPC_NONE', 'TPC_NONE', 'SBX_NONE', 'SPC_NONE', 'SPC_NONE', 'UC_NONE', 'TPC_NONE', 'SPC_NONE', 'TPC_NONE', 'TPC_NONE', 'SBX_NONE', 'UC_NONE', 'TPC_NONE', 'TPC_NONE', 'TPC_NONE', 'UC_NONE', 'TPC_NONE', 'SPC_NONE', 'UC_NONE', 'SPC_NONE', 'SPC_NONE', 'SPC_NONE', 'UC_MPOLY', 'SPC_NONE', 'UC_NONE', 'UC_MPOLY', 'TPC_NONE', 'SPC_NONE', 'TPC_NONE', 'UC_NONE', 'SPC_NONE', 'TPC_NONE', 'SPC_NONE', 'UC_NONE', 'SPC_NONE', 'TPC_NONE', 'TPC_NONE', 'UC_NONE', 'TPC_NONE']","{'SBX_MNUF': 1, 'SPC_MPOLY': 2, 'UC_MPOLY': 3, 'SPC_NONE': 26, 'NONE_MNUF': 1, 'UC_NONE': 21, 'TPC_NONE': 23, 'TPC_MPOLY': 3, 'SPC_MNUF': 1, 'SBX_MPOLY': 3, 'SBX_NONE': 4}"
14,89,TPC,NONE,0.6853054832664225,0.0412778630641044,921687754.24,973679920.339913,2289497.76,1865920.340485677,0.7429324440683083,1.481949393888904e-05,0.0,0.0,GREEDY_HV,"['SPC_MBFLIP', 'SBX_MNUF', 'SPC_MPOLY', 'UC_MPOLY', 'SPC_NONE', 'NONE_MNUF', 'UC_NONE', 'TPC_NONE', 'TPC_MPOLY', 'TPC_MPOLY', 'TPC_NONE', 'SPC_MPOLY', 'SPC_NONE', 'SPC_MNUF', 'TPC_NONE', 'SBX_MPOLY', 'SBX_NONE', 'UC_NONE', 'SBX_MPOLY', 'UC_NONE', 'SPC_NONE', 'TPC_NONE', 'UC_NONE', 'UC_NONE', 'SPC_NONE', 'SPC_NONE', 'SPC_NONE', 'UC_NONE', 'SPC_NONE', 'UC_NONE', 'SBX_MPOLY', 'TPC_NONE', 'TPC_MPOLY', 'TPC_NONE', 'SPC_NONE', 'SPC_NONE', 'UC_NONE', 'SBX_NONE', 'SPC_NONE', 'UC_NONE', 'UC_NONE', 'UC_NONE', 'TPC_NONE', 'SPC_NONE', 'SPC_NONE', 'UC_NONE', 'UC_NONE', 'SPC_NONE', 'SPC_NONE', 'TPC_NONE', 'TPC_NONE', 'TPC_NONE', 'SBX_NONE', 'SPC_NONE', 'SPC_NONE', 'UC_NONE', 'TPC_NONE', 'SPC_NONE', 'TPC_NONE', 'TPC_NONE', 'SBX_NONE', 'UC_NONE', 'TPC_NONE', 'TPC_NONE', 'TPC_NONE', 'UC_NONE', 'TPC_NONE', 'SPC_NONE', 'UC_NONE', 'SPC_NONE', 'SPC_NONE', 'SPC_NONE', 'UC_MPOLY', 'SPC_NONE', 'UC_NONE', 'UC_MPOLY', 'TPC_NONE', 'SPC_NONE', 'TPC_NONE', 'UC_NONE', 'SPC_NONE', 'TPC_NONE', 'SPC_NONE', 'UC_NONE', 'SPC_NONE', 'TPC_NONE', 'TPC_NONE', 'UC_NONE', 'TPC_NONE', 'TPC_NONE']","{'SBX_MNUF': 1, 'SPC_MPOLY': 2, 'UC_MPOLY': 3, 'SPC_NONE': 26, 'NONE_MNUF': 1, 'UC_NONE': 21, 'TPC_NONE': 24, 'TPC_MPOLY': 3, 'SPC_MNUF': 1, 'SBX_MPOLY': 3, 'SBX_NONE': 4}"
14,90,UC,NONE,0.6865766150120848,0.040554202083097,909793533.44,974300504.9422452,2347518.88,1847294.834083446,0.7428542807470431,-7.816332126520109e-05,0.0,0.0,GREEDY_HV,"['SPC_MBFLIP', 'SBX_MNUF', 'SPC_MPOLY', 'UC_MPOLY', 'SPC_NONE', 'NONE_MNUF', 'UC_NONE', 'TPC_NONE', 'TPC_MPOLY', 'TPC_MPOLY', 'TPC_NONE', 'SPC_MPOLY', 'SPC_NONE', 'SPC_MNUF', 'TPC_NONE', 'SBX_MPOLY', 'SBX_NONE', 'UC_NONE', 'SBX_MPOLY', 'UC_NONE', 'SPC_NONE', 'TPC_NONE', 'UC_NONE', 'UC_NONE', 'SPC_NONE', 'SPC_NONE', 'SPC_NONE', 'UC_NONE', 'SPC_NONE', 'UC_NONE', 'SBX_MPOLY', 'TPC_NONE', 'TPC_MPOLY', 'TPC_NONE', 'SPC_NONE', 'SPC_NONE', 'UC_NONE', 'SBX_NONE', 'SPC_NONE', 'UC_NONE', 'UC_NONE', 'UC_NONE', 'TPC_NONE', 'SPC_NONE', 'SPC_NONE', 'UC_NONE', 'UC_NONE', 'SPC_NONE', 'SPC_NONE', 'TPC_NONE', 'TPC_NONE', 'TPC_NONE', 'SBX_NONE', 'SPC_NONE', 'SPC_NONE', 'UC_NONE', 'TPC_NONE', 'SPC_NONE', 'TPC_NONE', 'TPC_NONE', 'SBX_NONE', 'UC_NONE', 'TPC_NONE', 'TPC_NONE', 'TPC_NONE', 'UC_NONE', 'TPC_NONE', 'SPC_NONE', 'UC_NONE', 'SPC_NONE', 'SPC_NONE', 'SPC_NONE', 'UC_MPOLY', 'SPC_NONE', 'UC_NONE', 'UC_MPOLY', 'TPC_NONE', 'SPC_NONE', 'TPC_NONE', 'UC_NONE', 'SPC_NONE', 'TPC_NONE', 'SPC_NONE', 'UC_NONE', 'SPC_NONE', 'TPC_NONE', 'TPC_NONE', 'UC_NONE', 'TPC_NONE', 'TPC_NONE', 'UC_NONE']","{'SBX_MNUF': 1, 'SPC_MPOLY': 2, 'UC_MPOLY': 3, 'SPC_NONE': 26, 'NONE_MNUF': 1, 'UC_NONE': 22, 'TPC_NONE': 24, 'TPC_MPOLY': 3, 'SPC_MNUF': 1, 'SBX_MPOLY': 3, 'SBX_NONE': 4}"
14,91,UC,NONE,0.6867335434163044,0.0407040461705322,917582676.48,972356934.434862,2357235.36,1846546.2148247876,0.7428370889013459,-1.719184569715093e-05,0.0,0.0,GREEDY_HV,"['SPC_MBFLIP', 'SBX_MNUF', 'SPC_MPOLY', 'UC_MPOLY', 'SPC_NONE', 'NONE_MNUF', 'UC_NONE', 'TPC_NONE', 'TPC_MPOLY', 'TPC_MPOLY', 'TPC_NONE', 'SPC_MPOLY', 'SPC_NONE', 'SPC_MNUF', 'TPC_NONE', 'SBX_MPOLY', 'SBX_NONE', 'UC_NONE', 'SBX_MPOLY', 'UC_NONE', 'SPC_NONE', 'TPC_NONE', 'UC_NONE', 'UC_NONE', 'SPC_NONE', 'SPC_NONE', 'SPC_NONE', 'UC_NONE', 'SPC_NONE', 'UC_NONE', 'SBX_MPOLY', 'TPC_NONE', 'TPC_MPOLY', 'TPC_NONE', 'SPC_NONE', 'SPC_NONE', 'UC_NONE', 'SBX_NONE', 'SPC_NONE', 'UC_NONE', 'UC_NONE', 'UC_NONE', 'TPC_NONE', 'SPC_NONE', 'SPC_NONE', 'UC_NONE', 'UC_NONE', 'SPC_NONE', 'SPC_NONE', 'TPC_NONE', 'TPC_NONE', 'TPC_NONE', 'SBX_NONE', 'SPC_NONE', 'SPC_NONE', 'UC_NONE', 'TPC_NONE', 'SPC_NONE', 'TPC_NONE', 'TPC_NONE', 'SBX_NONE', 'UC_NONE', 'TPC_NONE', 'TPC_NONE', 'TPC_NONE', 'UC_NONE', 'TPC_NONE', 'SPC_NONE', 'UC_NONE', 'SPC_NONE', 'SPC_NONE', 'SPC_NONE', 'UC_MPOLY', 'SPC_NONE', 'UC_NONE', 'UC_MPOLY', 'TPC_NONE', 'SPC_NONE', 'TPC_NONE', 'UC_NONE', 'SPC_NONE', 'TPC_NONE', 'SPC_NONE', 'UC_NONE', 'SPC_NONE', 'TPC_NONE', 'TPC_NONE', 'UC_NONE', 'TPC_NONE', 'TPC_NONE', 'UC_NONE', 'UC_NONE']","{'SBX_MNUF': 1, 'SPC_MPOLY': 2, 'UC_MPOLY': 3, 'SPC_NONE': 26, 'NONE_MNUF': 1, 'UC_NONE': 23, 'TPC_NONE': 24, 'TPC_MPOLY': 3, 'SPC_MNUF': 1, 'SBX_MPOLY': 3, 'SBX_NONE': 4}"
14,92,UC,NONE,0.6859825271288238,0.0407360109414342,912473879.04,974972983.1873976,2284498.08,1862446.76854718,0.7428619867734216,2.4897872075713146e-05,0.01,0.0,GREEDY_HV,"['SPC_MBFLIP', 'SBX_MNUF', 'SPC_MPOLY', 'UC_MPOLY', 'SPC_NONE', 'NONE_MNUF', 'UC_NONE', 'TPC_NONE', 'TPC_MPOLY', 'TPC_MPOLY', 'TPC_NONE', 'SPC_MPOLY', 'SPC_NONE', 'SPC_MNUF', 'TPC_NONE', 'SBX_MPOLY', 'SBX_NONE', 'UC_NONE', 'SBX_MPOLY', 'UC_NONE', 'SPC_NONE', 'TPC_NONE', 'UC_NONE', 'UC_NONE', 'SPC_NONE', 'SPC_NONE', 'SPC_NONE', 'UC_NONE', 'SPC_NONE', 'UC_NONE', 'SBX_MPOLY', 'TPC_NONE', 'TPC_MPOLY', 'TPC_NONE', 'SPC_NONE', 'SPC_NONE', 'UC_NONE', 'SBX_NONE', 'SPC_NONE', 'UC_NONE', 'UC_NONE', 'UC_NONE', 'TPC_NONE', 'SPC_NONE', 'SPC_NONE', 'UC_NONE', 'UC_NONE', 'SPC_NONE', 'SPC_NONE', 'TPC_NONE', 'TPC_NONE', 'TPC_NONE', 'SBX_NONE', 'SPC_NONE', 'SPC_NONE', 'UC_NONE', 'TPC_NONE', 'SPC_NONE', 'TPC_NONE', 'TPC_NONE', 'SBX_NONE', 'UC_NONE', 'TPC_NONE', 'TPC_NONE', 'TPC_NONE', 'UC_NONE', 'TPC_NONE', 'SPC_NONE', 'UC_NONE', 'SPC_NONE', 'SPC_NONE', 'SPC_NONE', 'UC_MPOLY', 'SPC_NONE', 'UC_NONE', 'UC_MPOLY', 'TPC_NONE', 'SPC_NONE', 'TPC_NONE', 'UC_NONE', 'SPC_NONE', 'TPC_NONE', 'SPC_NONE', 'UC_NONE', 'SPC_NONE', 'TPC_NONE', 'TPC_NONE', 'UC_NONE', 'TPC_NONE', 'TPC_NONE', 'UC_NONE', 'UC_NONE', 'UC_NONE']","{'SBX_MNUF': 1, 'SPC_MPOLY': 2, 'UC_MPOLY': 3, 'SPC_NONE': 26, 'NONE_MNUF': 1, 'UC_NONE': 24, 'TPC_NONE': 24, 'TPC_MPOLY': 3, 'SPC_MNUF': 1, 'SBX_MPOLY': 3, 'SBX_NONE': 4}"
14,93,TPC,NONE,0.6863504418746922,0.04068799967793,911776038.4,960175248.7714356,2253200.8,1828894.5548511425,0.7428883511520834,2.636437866176955e-05,0.0,0.0,GREEDY_HV,"['SPC_MBFLIP', 'SBX_MNUF', 'SPC_MPOLY', 'UC_MPOLY', 'SPC_NONE', 'NONE_MNUF', 'UC_NONE', 'TPC_NONE', 'TPC_MPOLY', 'TPC_MPOLY', 'TPC_NONE', 'SPC_MPOLY', 'SPC_NONE', 'SPC_MNUF', 'TPC_NONE', 'SBX_MPOLY', 'SBX_NONE', 'UC_NONE', 'SBX_MPOLY', 'UC_NONE', 'SPC_NONE', 'TPC_NONE', 'UC_NONE', 'UC_NONE', 'SPC_NONE', 'SPC_NONE', 'SPC_NONE', 'UC_NONE', 'SPC_NONE', 'UC_NONE', 'SBX_MPOLY', 'TPC_NONE', 'TPC_MPOLY', 'TPC_NONE', 'SPC_NONE', 'SPC_NONE', 'UC_NONE', 'SBX_NONE', 'SPC_NONE', 'UC_NONE', 'UC_NONE', 'UC_NONE', 'TPC_NONE', 'SPC_NONE', 'SPC_NONE', 'UC_NONE', 'UC_NONE', 'SPC_NONE', 'SPC_NONE', 'TPC_NONE', 'TPC_NONE', 'TPC_NONE', 'SBX_NONE', 'SPC_NONE', 'SPC_NONE', 'UC_NONE', 'TPC_NONE', 'SPC_NONE', 'TPC_NONE', 'TPC_NONE', 'SBX_NONE', 'UC_NONE', 'TPC_NONE', 'TPC_NONE', 'TPC_NONE', 'UC_NONE', 'TPC_NONE', 'SPC_NONE', 'UC_NONE', 'SPC_NONE', 'SPC_NONE', 'SPC_NONE', 'UC_MPOLY', 'SPC_NONE', 'UC_NONE', 'UC_MPOLY', 'TPC_NONE', 'SPC_NONE', 'TPC_NONE', 'UC_NONE', 'SPC_NONE', 'TPC_NONE', 'SPC_NONE', 'UC_NONE', 'SPC_NONE', 'TPC_NONE', 'TPC_NONE', 'UC_NONE', 'TPC_NONE', 'TPC_NONE', 'UC_NONE', 'UC_NONE', 'UC_NONE', 'TPC_NONE']","{'SBX_MNUF': 1, 'SPC_MPOLY': 2, 'UC_MPOLY': 3, 'SPC_NONE': 26, 'NONE_MNUF': 1, 'UC_NONE': 24, 'TPC_NONE': 25, 'TPC_MPOLY': 3, 'SPC_MNUF': 1, 'SBX_MPOLY': 3, 'SBX_NONE': 4}"
14,94,UC,NONE,0.6859016044847308,0.0412909941813738,927109184.0,967143371.6713066,2264469.92,1840648.515175408,0.7429485104233039,6.015927122049458e-05,0.0,0.0,GREEDY_HV,"['SPC_MBFLIP', 'SBX_MNUF', 'SPC_MPOLY', 'UC_MPOLY', 'SPC_NONE', 'NONE_MNUF', 'UC_NONE', 'TPC_NONE', 'TPC_MPOLY', 'TPC_MPOLY', 'TPC_NONE', 'SPC_MPOLY', 'SPC_NONE', 'SPC_MNUF', 'TPC_NONE', 'SBX_MPOLY', 'SBX_NONE', 'UC_NONE', 'SBX_MPOLY', 'UC_NONE', 'SPC_NONE', 'TPC_NONE', 'UC_NONE', 'UC_NONE', 'SPC_NONE', 'SPC_NONE', 'SPC_NONE', 'UC_NONE', 'SPC_NONE', 'UC_NONE', 'SBX_MPOLY', 'TPC_NONE', 'TPC_MPOLY', 'TPC_NONE', 'SPC_NONE', 'SPC_NONE', 'UC_NONE', 'SBX_NONE', 'SPC_NONE', 'UC_NONE', 'UC_NONE', 'UC_NONE', 'TPC_NONE', 'SPC_NONE', 'SPC_NONE', 'UC_NONE', 'UC_NONE', 'SPC_NONE', 'SPC_NONE', 'TPC_NONE', 'TPC_NONE', 'TPC_NONE', 'SBX_NONE', 'SPC_NONE', 'SPC_NONE', 'UC_NONE', 'TPC_NONE', 'SPC_NONE', 'TPC_NONE', 'TPC_NONE', 'SBX_NONE', 'UC_NONE', 'TPC_NONE', 'TPC_NONE', 'TPC_NONE', 'UC_NONE', 'TPC_NONE', 'SPC_NONE', 'UC_NONE', 'SPC_NONE', 'SPC_NONE', 'SPC_NONE', 'UC_MPOLY', 'SPC_NONE', 'UC_NONE', 'UC_MPOLY', 'TPC_NONE', 'SPC_NONE', 'TPC_NONE', 'UC_NONE', 'SPC_NONE', 'TPC_NONE', 'SPC_NONE', 'UC_NONE', 'SPC_NONE', 'TPC_NONE', 'TPC_NONE', 'UC_NONE', 'TPC_NONE', 'TPC_NONE', 'UC_NONE', 'UC_NONE', 'UC_NONE', 'TPC_NONE', 'UC_NONE']","{'SBX_MNUF': 1, 'SPC_MPOLY': 2, 'UC_MPOLY': 3, 'SPC_NONE': 26, 'NONE_MNUF': 1, 'UC_NONE': 25, 'TPC_NONE': 25, 'TPC_MPOLY': 3, 'SPC_MNUF': 1, 'SBX_MPOLY': 3, 'SBX_NONE': 4}"
14,95,TPC,NONE,0.6850962698458454,0.0411898706323259,916719756.8,974284515.7837356,2219250.08,1840965.9956673165,0.7429473271238836,-1.183299420337569e-06,0.0,0.0,GREEDY_HV,"['SPC_MBFLIP', 'SBX_MNUF', 'SPC_MPOLY', 'UC_MPOLY', 'SPC_NONE', 'NONE_MNUF', 'UC_NONE', 'TPC_NONE', 'TPC_MPOLY', 'TPC_MPOLY', 'TPC_NONE', 'SPC_MPOLY', 'SPC_NONE', 'SPC_MNUF', 'TPC_NONE', 'SBX_MPOLY', 'SBX_NONE', 'UC_NONE', 'SBX_MPOLY', 'UC_NONE', 'SPC_NONE', 'TPC_NONE', 'UC_NONE', 'UC_NONE', 'SPC_NONE', 'SPC_NONE', 'SPC_NONE', 'UC_NONE', 'SPC_NONE', 'UC_NONE', 'SBX_MPOLY', 'TPC_NONE', 'TPC_MPOLY', 'TPC_NONE', 'SPC_NONE', 'SPC_NONE', 'UC_NONE', 'SBX_NONE', 'SPC_NONE', 'UC_NONE', 'UC_NONE', 'UC_NONE', 'TPC_NONE', 'SPC_NONE', 'SPC_NONE', 'UC_NONE', 'UC_NONE', 'SPC_NONE', 'SPC_NONE', 'TPC_NONE', 'TPC_NONE', 'TPC_NONE', 'SBX_NONE', 'SPC_NONE', 'SPC_NONE', 'UC_NONE', 'TPC_NONE', 'SPC_NONE', 'TPC_NONE', 'TPC_NONE', 'SBX_NONE', 'UC_NONE', 'TPC_NONE', 'TPC_NONE', 'TPC_NONE', 'UC_NONE', 'TPC_NONE', 'SPC_NONE', 'UC_NONE', 'SPC_NONE', 'SPC_NONE', 'SPC_NONE', 'UC_MPOLY', 'SPC_NONE', 'UC_NONE', 'UC_MPOLY', 'TPC_NONE', 'SPC_NONE', 'TPC_NONE', 'UC_NONE', 'SPC_NONE', 'TPC_NONE', 'SPC_NONE', 'UC_NONE', 'SPC_NONE', 'TPC_NONE', 'TPC_NONE', 'UC_NONE', 'TPC_NONE', 'TPC_NONE', 'UC_NONE', 'UC_NONE', 'UC_NONE', 'TPC_NONE', 'UC_NONE', 'TPC_NONE']","{'SBX_MNUF': 1, 'SPC_MPOLY': 2, 'UC_MPOLY': 3, 'SPC_NONE': 26, 'NONE_MNUF': 1, 'UC_NONE': 25, 'TPC_NONE': 26, 'TPC_MPOLY': 3, 'SPC_MNUF': 1, 'SBX_MPOLY': 3, 'SBX_NONE': 4}"
14,96,UC,NONE,0.68465363916293,0.0411458109414579,900837946.88,979948848.6179012,2248293.28,1870088.5196023316,0.7429505976369812,3.2705130976751207e-06,0.0,0.0,GREEDY_HV,"['SPC_MBFLIP', 'SBX_MNUF', 'SPC_MPOLY', 'UC_MPOLY', 'SPC_NONE', 'NONE_MNUF', 'UC_NONE', 'TPC_NONE', 'TPC_MPOLY', 'TPC_MPOLY', 'TPC_NONE', 'SPC_MPOLY', 'SPC_NONE', 'SPC_MNUF', 'TPC_NONE', 'SBX_MPOLY', 'SBX_NONE', 'UC_NONE', 'SBX_MPOLY', 'UC_NONE', 'SPC_NONE', 'TPC_NONE', 'UC_NONE', 'UC_NONE', 'SPC_NONE', 'SPC_NONE', 'SPC_NONE', 'UC_NONE', 'SPC_NONE', 'UC_NONE', 'SBX_MPOLY', 'TPC_NONE', 'TPC_MPOLY', 'TPC_NONE', 'SPC_NONE', 'SPC_NONE', 'UC_NONE', 'SBX_NONE', 'SPC_NONE', 'UC_NONE', 'UC_NONE', 'UC_NONE', 'TPC_NONE', 'SPC_NONE', 'SPC_NONE', 'UC_NONE', 'UC_NONE', 'SPC_NONE', 'SPC_NONE', 'TPC_NONE', 'TPC_NONE', 'TPC_NONE', 'SBX_NONE', 'SPC_NONE', 'SPC_NONE', 'UC_NONE', 'TPC_NONE', 'SPC_NONE', 'TPC_NONE', 'TPC_NONE', 'SBX_NONE', 'UC_NONE', 'TPC_NONE', 'TPC_NONE', 'TPC_NONE', 'UC_NONE', 'TPC_NONE', 'SPC_NONE', 'UC_NONE', 'SPC_NONE', 'SPC_NONE', 'SPC_NONE', 'UC_MPOLY', 'SPC_NONE', 'UC_NONE', 'UC_MPOLY', 'TPC_NONE', 'SPC_NONE', 'TPC_NONE', 'UC_NONE', 'SPC_NONE', 'TPC_NONE', 'SPC_NONE', 'UC_NONE', 'SPC_NONE', 'TPC_NONE', 'TPC_NONE', 'UC_NONE', 'TPC_NONE', 'TPC_NONE', 'UC_NONE', 'UC_NONE', 'UC_NONE', 'TPC_NONE', 'UC_NONE', 'TPC_NONE', 'UC_NONE']","{'SBX_MNUF': 1, 'SPC_MPOLY': 2, 'UC_MPOLY': 3, 'SPC_NONE': 26, 'NONE_MNUF': 1, 'UC_NONE': 26, 'TPC_NONE': 26, 'TPC_MPOLY': 3, 'SPC_MNUF': 1, 'SBX_MPOLY': 3, 'SBX_NONE': 4}"
14,97,TPC,MNUF,0.6880353227206613,0.0404141771707725,929040483.84,965303280.5552064,2357784.48,1800388.2253095773,0.7429139477910767,-3.664984590456832e-05,0.0,0.0,GREEDY_HV,"['SPC_MBFLIP', 'SBX_MNUF', 'SPC_MPOLY', 'UC_MPOLY', 'SPC_NONE', 'NONE_MNUF', 'UC_NONE', 'TPC_NONE', 'TPC_MPOLY', 'TPC_MPOLY', 'TPC_NONE', 'SPC_MPOLY', 'SPC_NONE', 'SPC_MNUF', 'TPC_NONE', 'SBX_MPOLY', 'SBX_NONE', 'UC_NONE', 'SBX_MPOLY', 'UC_NONE', 'SPC_NONE', 'TPC_NONE', 'UC_NONE', 'UC_NONE', 'SPC_NONE', 'SPC_NONE', 'SPC_NONE', 'UC_NONE', 'SPC_NONE', 'UC_NONE', 'SBX_MPOLY', 'TPC_NONE', 'TPC_MPOLY', 'TPC_NONE', 'SPC_NONE', 'SPC_NONE', 'UC_NONE', 'SBX_NONE', 'SPC_NONE', 'UC_NONE', 'UC_NONE', 'UC_NONE', 'TPC_NONE', 'SPC_NONE', 'SPC_NONE', 'UC_NONE', 'UC_NONE', 'SPC_NONE', 'SPC_NONE', 'TPC_NONE', 'TPC_NONE', 'TPC_NONE', 'SBX_NONE', 'SPC_NONE', 'SPC_NONE', 'UC_NONE', 'TPC_NONE', 'SPC_NONE', 'TPC_NONE', 'TPC_NONE', 'SBX_NONE', 'UC_NONE', 'TPC_NONE', 'TPC_NONE', 'TPC_NONE', 'UC_NONE', 'TPC_NONE', 'SPC_NONE', 'UC_NONE', 'SPC_NONE', 'SPC_NONE', 'SPC_NONE', 'UC_MPOLY', 'SPC_NONE', 'UC_NONE', 'UC_MPOLY', 'TPC_NONE', 'SPC_NONE', 'TPC_NONE', 'UC_NONE', 'SPC_NONE', 'TPC_NONE', 'SPC_NONE', 'UC_NONE', 'SPC_NONE', 'TPC_NONE', 'TPC_NONE', 'UC_NONE', 'TPC_NONE', 'TPC_NONE', 'UC_NONE', 'UC_NONE', 'UC_NONE', 'TPC_NONE', 'UC_NONE', 'TPC_NONE', 'UC_NONE', 'TPC_MNUF']","{'SBX_MNUF': 1, 'SPC_MPOLY': 2, 'UC_MPOLY': 3, 'SPC_NONE': 26, 'NONE_MNUF': 1, 'UC_NONE': 26, 'TPC_NONE': 26, 'TPC_MPOLY': 3, 'SPC_MNUF': 1, 'SBX_MPOLY': 3, 'SBX_NONE': 4, 'TPC_MNUF': 1}"
14,98,SPC,MNUF,0.6868794317244101,0.0409218745138786,936992276.48,1005375428.2004292,2361139.36,1826838.0951381295,0.7429339918767042,2.004408562750193e-05,0.0,0.0,GREEDY_HV,"['SPC_MBFLIP', 'SBX_MNUF', 'SPC_MPOLY', 'UC_MPOLY', 'SPC_NONE', 'NONE_MNUF', 'UC_NONE', 'TPC_NONE', 'TPC_MPOLY', 'TPC_MPOLY', 'TPC_NONE', 'SPC_MPOLY', 'SPC_NONE', 'SPC_MNUF', 'TPC_NONE', 'SBX_MPOLY', 'SBX_NONE', 'UC_NONE', 'SBX_MPOLY', 'UC_NONE', 'SPC_NONE', 'TPC_NONE', 'UC_NONE', 'UC_NONE', 'SPC_NONE', 'SPC_NONE', 'SPC_NONE', 'UC_NONE', 'SPC_NONE', 'UC_NONE', 'SBX_MPOLY', 'TPC_NONE', 'TPC_MPOLY', 'TPC_NONE', 'SPC_NONE', 'SPC_NONE', 'UC_NONE', 'SBX_NONE', 'SPC_NONE', 'UC_NONE', 'UC_NONE', 'UC_NONE', 'TPC_NONE', 'SPC_NONE', 'SPC_NONE', 'UC_NONE', 'UC_NONE', 'SPC_NONE', 'SPC_NONE', 'TPC_NONE', 'TPC_NONE', 'TPC_NONE', 'SBX_NONE', 'SPC_NONE', 'SPC_NONE', 'UC_NONE', 'TPC_NONE', 'SPC_NONE', 'TPC_NONE', 'TPC_NONE', 'SBX_NONE', 'UC_NONE', 'TPC_NONE', 'TPC_NONE', 'TPC_NONE', 'UC_NONE', 'TPC_NONE', 'SPC_NONE', 'UC_NONE', 'SPC_NONE', 'SPC_NONE', 'SPC_NONE', 'UC_MPOLY', 'SPC_NONE', 'UC_NONE', 'UC_MPOLY', 'TPC_NONE', 'SPC_NONE', 'TPC_NONE', 'UC_NONE', 'SPC_NONE', 'TPC_NONE', 'SPC_NONE', 'UC_NONE', 'SPC_NONE', 'TPC_NONE', 'TPC_NONE', 'UC_NONE', 'TPC_NONE', 'TPC_NONE', 'UC_NONE', 'UC_NONE', 'UC_NONE', 'TPC_NONE', 'UC_NONE', 'TPC_NONE', 'UC_NONE', 'TPC_MNUF', 'SPC_MNUF']","{'SBX_MNUF': 1, 'SPC_MPOLY': 2, 'UC_MPOLY': 3, 'SPC_NONE': 26, 'NONE_MNUF': 1, 'UC_NONE': 26, 'TPC_NONE': 26, 'TPC_MPOLY': 3, 'SPC_MNUF': 2, 'SBX_MPOLY': 3, 'SBX_NONE': 4, 'TPC_MNUF': 1}"
14,99,SPC,NONE,0.6854346300529082,0.0411795644747675,887675243.52,961624704.925688,2303426.72,1855972.6693376396,0.742948891251416,1.4899374711885294e-05,0.0,0.0,GREEDY_HV,"['SPC_MBFLIP', 'SBX_MNUF', 'SPC_MPOLY', 'UC_MPOLY', 'SPC_NONE', 'NONE_MNUF', 'UC_NONE', 'TPC_NONE', 'TPC_MPOLY', 'TPC_MPOLY', 'TPC_NONE', 'SPC_MPOLY', 'SPC_NONE', 'SPC_MNUF', 'TPC_NONE', 'SBX_MPOLY', 'SBX_NONE', 'UC_NONE', 'SBX_MPOLY', 'UC_NONE', 'SPC_NONE', 'TPC_NONE', 'UC_NONE', 'UC_NONE', 'SPC_NONE', 'SPC_NONE', 'SPC_NONE', 'UC_NONE', 'SPC_NONE', 'UC_NONE', 'SBX_MPOLY', 'TPC_NONE', 'TPC_MPOLY', 'TPC_NONE', 'SPC_NONE', 'SPC_NONE', 'UC_NONE', 'SBX_NONE', 'SPC_NONE', 'UC_NONE', 'UC_NONE', 'UC_NONE', 'TPC_NONE', 'SPC_NONE', 'SPC_NONE', 'UC_NONE', 'UC_NONE', 'SPC_NONE', 'SPC_NONE', 'TPC_NONE', 'TPC_NONE', 'TPC_NONE', 'SBX_NONE', 'SPC_NONE', 'SPC_NONE', 'UC_NONE', 'TPC_NONE', 'SPC_NONE', 'TPC_NONE', 'TPC_NONE', 'SBX_NONE', 'UC_NONE', 'TPC_NONE', 'TPC_NONE', 'TPC_NONE', 'UC_NONE', 'TPC_NONE', 'SPC_NONE', 'UC_NONE', 'SPC_NONE', 'SPC_NONE', 'SPC_NONE', 'UC_MPOLY', 'SPC_NONE', 'UC_NONE', 'UC_MPOLY', 'TPC_NONE', 'SPC_NONE', 'TPC_NONE', 'UC_NONE', 'SPC_NONE', 'TPC_NONE', 'SPC_NONE', 'UC_NONE', 'SPC_NONE', 'TPC_NONE', 'TPC_NONE', 'UC_NONE', 'TPC_NONE', 'TPC_NONE', 'UC_NONE', 'UC_NONE', 'UC_NONE', 'TPC_NONE', 'UC_NONE', 'TPC_NONE', 'UC_NONE', 'TPC_MNUF', 'SPC_MNUF', 'SPC_NONE']","{'SBX_MNUF': 1, 'SPC_MPOLY': 2, 'UC_MPOLY': 3, 'SPC_NONE': 27, 'NONE_MNUF': 1, 'UC_NONE': 26, 'TPC_NONE': 26, 'TPC_MPOLY': 3, 'SPC_MNUF': 2, 'SBX_MPOLY': 3, 'SBX_NONE': 4, 'TPC_MNUF': 1}"
14,100,TPC,NONE,0.6861608678114232,0.0409125392292472,890953425.92,959836587.8474644,2303918.24,1825455.0112052015,0.7428728706394117,-7.602061200440158e-05,0.0,0.0,GREEDY_HV,"['SPC_MBFLIP', 'SBX_MNUF', 'SPC_MPOLY', 'UC_MPOLY', 'SPC_NONE', 'NONE_MNUF', 'UC_NONE', 'TPC_NONE', 'TPC_MPOLY', 'TPC_MPOLY', 'TPC_NONE', 'SPC_MPOLY', 'SPC_NONE', 'SPC_MNUF', 'TPC_NONE', 'SBX_MPOLY', 'SBX_NONE', 'UC_NONE', 'SBX_MPOLY', 'UC_NONE', 'SPC_NONE', 'TPC_NONE', 'UC_NONE', 'UC_NONE', 'SPC_NONE', 'SPC_NONE', 'SPC_NONE', 'UC_NONE', 'SPC_NONE', 'UC_NONE', 'SBX_MPOLY', 'TPC_NONE', 'TPC_MPOLY', 'TPC_NONE', 'SPC_NONE', 'SPC_NONE', 'UC_NONE', 'SBX_NONE', 'SPC_NONE', 'UC_NONE', 'UC_NONE', 'UC_NONE', 'TPC_NONE', 'SPC_NONE', 'SPC_NONE', 'UC_NONE', 'UC_NONE', 'SPC_NONE', 'SPC_NONE', 'TPC_NONE', 'TPC_NONE', 'TPC_NONE', 'SBX_NONE', 'SPC_NONE', 'SPC_NONE', 'UC_NONE', 'TPC_NONE', 'SPC_NONE', 'TPC_NONE', 'TPC_NONE', 'SBX_NONE', 'UC_NONE', 'TPC_NONE', 'TPC_NONE', 'TPC_NONE', 'UC_NONE', 'TPC_NONE', 'SPC_NONE', 'UC_NONE', 'SPC_NONE', 'SPC_NONE', 'SPC_NONE', 'UC_MPOLY', 'SPC_NONE', 'UC_NONE', 'UC_MPOLY', 'TPC_NONE', 'SPC_NONE', 'TPC_NONE', 'UC_NONE', 'SPC_NONE', 'TPC_NONE', 'SPC_NONE', 'UC_NONE', 'SPC_NONE', 'TPC_NONE', 'TPC_NONE', 'UC_NONE', 'TPC_NONE', 'TPC_NONE', 'UC_NONE', 'UC_NONE', 'UC_NONE', 'TPC_NONE', 'UC_NONE', 'TPC_NONE', 'UC_NONE', 'TPC_MNUF', 'SPC_MNUF', 'SPC_NONE', 'TPC_NONE']","{'SBX_MNUF': 1, 'SPC_MPOLY': 2, 'UC_MPOLY': 3, 'SPC_NONE': 27, 'NONE_MNUF': 1, 'UC_NONE': 26, 'TPC_NONE': 27, 'TPC_MPOLY': 3, 'SPC_MNUF': 2, 'SBX_MPOLY': 3, 'SBX_NONE': 4, 'TPC_MNUF': 1}"
15,1,SBX,MNUF,0.655834421861567,0.0247704672576216,1518150958.08,945754739.1455964,3104080.8,1538310.5098347857,0.6884888884989772,0.0,0.11,0.08,GREEDY_HV,"['SPC_MBFLIP', 'SBX_MNUF']",{'SBX_MNUF': 1}
15,2,TPC,MPOLY,0.6557088684874118,0.0275561186591525,1215533693.44,1070064864.641899,2836293.28,2043222.7795123963,0.701322363151069,0.0128334746520918,0.12,0.1,GREEDY_HV,"['SPC_MBFLIP', 'SBX_MNUF', 'TPC_MPOLY']","{'SBX_MNUF': 1, 'TPC_MPOLY': 1}"
15,3,UC,NONE,0.6587653744390017,0.0305432612006106,988170938.88,1014367280.3347176,2511246.24,2011535.2043759075,0.7105110921287723,0.0091887289777032,0.17,0.0,GREEDY_HV,"['SPC_MBFLIP', 'SBX_MNUF', 'TPC_MPOLY', 'UC_NONE']","{'SBX_MNUF': 1, 'TPC_MPOLY': 1, 'UC_NONE': 1}"
15,4,TPC,NONE,0.6570418009145439,0.0315350823353062,633482022.4,697503659.9536096,1894571.68,1650197.3930795728,0.7143876590307177,0.0038765669019453,0.14,0.0,GREEDY_HV,"['SPC_MBFLIP', 'SBX_MNUF', 'TPC_MPOLY', 'UC_NONE', 'TPC_NONE']","{'SBX_MNUF': 1, 'TPC_MPOLY': 1, 'UC_NONE': 1, 'TPC_NONE': 1}"
15,5,UC,NONE,0.6575125796497417,0.0376519991476772,623737346.56,731252602.2019917,2021013.92,1899635.9603112568,0.7174740108313561,0.0030863518006384,0.12,0.0,GREEDY_HV,"['SPC_MBFLIP', 'SBX_MNUF', 'TPC_MPOLY', 'UC_NONE', 'TPC_NONE', 'UC_NONE']","{'SBX_MNUF': 1, 'TPC_MPOLY': 1, 'UC_NONE': 2, 'TPC_NONE': 1}"
15,6,SPC,NONE,0.6710061912385078,0.0293387453112098,651170387.2,744915037.5199773,1836179.36,1596944.2184138277,0.7212031064184752,0.003729095587119,0.08,0.0,GREEDY_HV,"['SPC_MBFLIP', 'SBX_MNUF', 'TPC_MPOLY', 'UC_NONE', 'TPC_NONE', 'UC_NONE', 'SPC_NONE']","{'SBX_MNUF': 1, 'TPC_MPOLY': 1, 'UC_NONE': 2, 'TPC_NONE': 1, 'SPC_NONE': 1}"
15,7,UC,NONE,0.6771198978739419,0.0287850106645905,533495553.28,417677939.3553456,1825079.2,1295380.5600739885,0.7228825457088414,0.0016794392903661,0.09,0.0,GREEDY_HV,"['SPC_MBFLIP', 'SBX_MNUF', 'TPC_MPOLY', 'UC_NONE', 'TPC_NONE', 'UC_NONE', 'SPC_NONE', 'UC_NONE']","{'SBX_MNUF': 1, 'TPC_MPOLY': 1, 'UC_NONE': 3, 'TPC_NONE': 1, 'SPC_NONE': 1}"
15,8,TPC,NONE,0.677066056270819,0.031937482227069,483860673.28,403190836.8284488,1749316.0,1261723.9158685072,0.7262498494425833,0.0033673037337419,0.04,0.0,GREEDY_HV,"['SPC_MBFLIP', 'SBX_MNUF', 'TPC_MPOLY', 'UC_NONE', 'TPC_NONE', 'UC_NONE', 'SPC_NONE', 'UC_NONE', 'TPC_NONE']","{'SBX_MNUF': 1, 'TPC_MPOLY': 1, 'UC_NONE': 3, 'TPC_NONE': 2, 'SPC_NONE': 1}"
15,9,TPC,NONE,0.6783808339214928,0.0298835161546123,543534933.76,562189677.5241789,1752571.04,1365174.464369341,0.7291412023670311,0.0028913529244477,0.09,0.0,GREEDY_HV,"['SPC_MBFLIP', 'SBX_MNUF', 'TPC_MPOLY', 'UC_NONE', 'TPC_NONE', 'UC_NONE', 'SPC_NONE', 'UC_NONE', 'TPC_NONE', 'TPC_NONE']","{'SBX_MNUF': 1, 'TPC_MPOLY': 1, 'UC_NONE': 3, 'TPC_NONE': 3, 'SPC_NONE': 1}"
15,10,UC,NONE,0.6758315793525892,0.0352106150148649,562540702.72,567610295.3697152,1748510.88,1428838.5774946676,0.7295578523425074,0.0004166499754763,0.05,0.0,GREEDY_HV,"['SPC_MBFLIP', 'SBX_MNUF', 'TPC_MPOLY', 'UC_NONE', 'TPC_NONE', 'UC_NONE', 'SPC_NONE', 'UC_NONE', 'TPC_NONE', 'TPC_NONE', 'UC_NONE']","{'SBX_MNUF': 1, 'TPC_MPOLY': 1, 'UC_NONE': 4, 'TPC_NONE': 3, 'SPC_NONE': 1}"
15,11,NONE,MPOLY,0.67361214669105,0.0372301545557343,559643129.6,570464397.9869945,1698676.64,1440493.8809202036,0.7304908734435085,0.0009330211010011,0.0,0.01,GREEDY_HV,"['SPC_MBFLIP', 'SBX_MNUF', 'TPC_MPOLY', 'UC_NONE', 'TPC_NONE', 'UC_NONE', 'SPC_NONE', 'UC_NONE', 'TPC_NONE', 'TPC_NONE', 'UC_NONE', 'NONE_MPOLY']","{'SBX_MNUF': 1, 'TPC_MPOLY': 1, 'UC_NONE': 4, 'TPC_NONE': 3, 'SPC_NONE': 1, 'NONE_MPOLY': 1}"
15,12,TPC,MNUF,0.6741148473968113,0.035904111640391,559383669.76,570650448.2576876,1700815.52,1438533.2435337629,0.7311487938577503,0.0006579204142418,0.05,0.005,GREEDY_HV,"['SPC_MBFLIP', 'SBX_MNUF', 'TPC_MPOLY', 'UC_NONE', 'TPC_NONE', 'UC_NONE', 'SPC_NONE', 'UC_NONE', 'TPC_NONE', 'TPC_NONE', 'UC_NONE', 'NONE_MPOLY', 'TPC_MNUF']","{'SBX_MNUF': 1, 'TPC_MPOLY': 1, 'UC_NONE': 4, 'TPC_NONE': 3, 'SPC_NONE': 1, 'NONE_MPOLY': 1, 'TPC_MNUF': 1}"
15,13,TPC,NONE,0.6848246775219445,0.0286872939796355,643433570.56,581855818.5810302,2132596.64,1533751.2651199966,0.7318414900385553,0.0006926961808049,0.08,0.0,GREEDY_HV,"['SPC_MBFLIP', 'SBX_MNUF', 'TPC_MPOLY', 'UC_NONE', 'TPC_NONE', 'UC_NONE', 'SPC_NONE', 'UC_NONE', 'TPC_NONE', 'TPC_NONE', 'UC_NONE', 'NONE_MPOLY', 'TPC_MNUF', 'TPC_NONE']","{'SBX_MNUF': 1, 'TPC_MPOLY': 1, 'UC_NONE': 4, 'TPC_NONE': 4, 'SPC_NONE': 1, 'NONE_MPOLY': 1, 'TPC_MNUF': 1}"
15,14,UC,NONE,0.6870421451410396,0.0305671616941081,702697881.6,633601571.229751,2313789.6,1629610.4815513685,0.7328119953813296,0.0009705053427743,0.05,0.0,GREEDY_HV,"['SPC_MBFLIP', 'SBX_MNUF', 'TPC_MPOLY', 'UC_NONE', 'TPC_NONE', 'UC_NONE', 'SPC_NONE', 'UC_NONE', 'TPC_NONE', 'TPC_NONE', 'UC_NONE', 'NONE_MPOLY', 'TPC_MNUF', 'TPC_NONE', 'UC_NONE']","{'SBX_MNUF': 1, 'TPC_MPOLY': 1, 'UC_NONE': 5, 'TPC_NONE': 4, 'SPC_NONE': 1, 'NONE_MPOLY': 1, 'TPC_MNUF': 1}"
15,15,TPC,NONE,0.6857378552214434,0.0311090115902646,718307651.84,659116831.167234,2144315.04,1586083.7453228373,0.7331726715544249,0.0003606761730953,0.03,0.0,GREEDY_HV,"['SPC_MBFLIP', 'SBX_MNUF', 'TPC_MPOLY', 'UC_NONE', 'TPC_NONE', 'UC_NONE', 'SPC_NONE', 'UC_NONE', 'TPC_NONE', 'TPC_NONE', 'UC_NONE', 'NONE_MPOLY', 'TPC_MNUF', 'TPC_NONE', 'UC_NONE', 'TPC_NONE']","{'SBX_MNUF': 1, 'TPC_MPOLY': 1, 'UC_NONE': 5, 'TPC_NONE': 5, 'SPC_NONE': 1, 'NONE_MPOLY': 1, 'TPC_MNUF': 1}"
15,16,UC,MPOLY,0.6865794719058991,0.0308223094577852,753661391.36,696685633.6373711,2233723.04,1649541.1372626144,0.7359203158634878,0.0027476443090629,0.02,0.005,GREEDY_HV,"['SPC_MBFLIP', 'SBX_MNUF', 'TPC_MPOLY', 'UC_NONE', 'TPC_NONE', 'UC_NONE', 'SPC_NONE', 'UC_NONE', 'TPC_NONE', 'TPC_NONE', 'UC_NONE', 'NONE_MPOLY', 'TPC_MNUF', 'TPC_NONE', 'UC_NONE', 'TPC_NONE', 'UC_MPOLY']","{'SBX_MNUF': 1, 'TPC_MPOLY': 1, 'UC_NONE': 5, 'TPC_NONE': 5, 'SPC_NONE': 1, 'NONE_MPOLY': 1, 'TPC_MNUF': 1, 'UC_MPOLY': 1}"
15,17,TPC,NONE,0.6821257476317054,0.0349001444529197,720301424.64,708786479.5375931,2162121.12,1696917.011517919,0.7362126323413498,0.0002923164778619,0.03,0.0,GREEDY_HV,"['SPC_MBFLIP', 'SBX_MNUF', 'TPC_MPOLY', 'UC_NONE', 'TPC_NONE', 'UC_NONE', 'SPC_NONE', 'UC_NONE', 'TPC_NONE', 'TPC_NONE', 'UC_NONE', 'NONE_MPOLY', 'TPC_MNUF', 'TPC_NONE', 'UC_NONE', 'TPC_NONE', 'UC_MPOLY', 'TPC_NONE']","{'SBX_MNUF': 1, 'TPC_MPOLY': 1, 'UC_NONE': 5, 'TPC_NONE': 6, 'SPC_NONE': 1, 'NONE_MPOLY': 1, 'TPC_MNUF': 1, 'UC_MPOLY': 1}"
15,18,TPC,NONE,0.6819728170818172,0.0368977366631366,745719569.92,690016743.6934401,2269875.36,1743967.455499532,0.7364775103847285,0.0002648780433787,0.03,0.0,GREEDY_HV,"['SPC_MBFLIP', 'SBX_MNUF', 'TPC_MPOLY', 'UC_NONE', 'TPC_NONE', 'UC_NONE', 'SPC_NONE', 'UC_NONE', 'TPC_NONE', 'TPC_NONE', 'UC_NONE', 'NONE_MPOLY', 'TPC_MNUF', 'TPC_NONE', 'UC_NONE', 'TPC_NONE', 'UC_MPOLY', 'TPC_NONE', 'TPC_NONE']","{'SBX_MNUF': 1, 'TPC_MPOLY': 1, 'UC_NONE': 5, 'TPC_NONE': 7, 'SPC_NONE': 1, 'NONE_MPOLY': 1, 'TPC_MNUF': 1, 'UC_MPOLY': 1}"
15,19,TPC,MPOLY,0.6802682522485002,0.0390383889624462,744539912.96,691701631.1055655,2261042.08,1756926.4990716018,0.7367218494209378,0.0002443390362092,0.03,0.01,GREEDY_HV,"['SPC_MBFLIP', 'SBX_MNUF', 'TPC_MPOLY', 'UC_NONE', 'TPC_NONE', 'UC_NONE', 'SPC_NONE', 'UC_NONE', 'TPC_NONE', 'TPC_NONE', 'UC_NONE', 'NONE_MPOLY', 'TPC_MNUF', 'TPC_NONE', 'UC_NONE', 'TPC_NONE', 'UC_MPOLY', 'TPC_NONE', 'TPC_NONE', 'TPC_MPOLY']","{'SBX_MNUF': 1, 'TPC_MPOLY': 2, 'UC_NONE': 5, 'TPC_NONE': 7, 'SPC_NONE': 1, 'NONE_MPOLY': 1, 'TPC_MNUF': 1, 'UC_MPOLY': 1}"
15,20,TPC,NONE,0.6810153522684742,0.0377119553601642,773678680.32,736909350.1983575,2167077.28,1733072.8647765862,0.7372845387570296,0.0005626893360918,0.02,0.0,GREEDY_HV,"['SPC_MBFLIP', 'SBX_MNUF', 'TPC_MPOLY', 'UC_NONE', 'TPC_NONE', 'UC_NONE', 'SPC_NONE', 'UC_NONE', 'TPC_NONE', 'TPC_NONE', 'UC_NONE', 'NONE_MPOLY', 'TPC_MNUF', 'TPC_NONE', 'UC_NONE', 'TPC_NONE', 'UC_MPOLY', 'TPC_NONE', 'TPC_NONE', 'TPC_MPOLY', 'TPC_NONE']","{'SBX_MNUF': 1, 'TPC_MPOLY': 2, 'UC_NONE': 5, 'TPC_NONE': 8, 'SPC_NONE': 1, 'NONE_MPOLY': 1, 'TPC_MNUF': 1, 'UC_MPOLY': 1}"
15,21,TPC,MPOLY,0.6790679627694786,0.0385685923112024,748280078.08,737641503.8449715,2057627.04,1695139.3301888185,0.7372956736031319,1.113484610226756e-05,0.01,0.01,GREEDY_HV,"['SPC_MBFLIP', 'SBX_MNUF', 'TPC_MPOLY', 'UC_NONE', 'TPC_NONE', 'UC_NONE', 'SPC_NONE', 'UC_NONE', 'TPC_NONE', 'TPC_NONE', 'UC_NONE', 'NONE_MPOLY', 'TPC_MNUF', 'TPC_NONE', 'UC_NONE', 'TPC_NONE', 'UC_MPOLY', 'TPC_NONE', 'TPC_NONE', 'TPC_MPOLY', 'TPC_NONE', 'TPC_MPOLY']","{'SBX_MNUF': 1, 'TPC_MPOLY': 3, 'UC_NONE': 5, 'TPC_NONE': 8, 'SPC_NONE': 1, 'NONE_MPOLY': 1, 'TPC_MNUF': 1, 'UC_MPOLY': 1}"
15,22,UC,NONE,0.6828286201961248,0.0346074195330938,754234411.52,727543046.2319831,2220379.04,1783902.4845934254,0.7374518704668331,0.0001561968637012,0.02,0.0,GREEDY_HV,"['SPC_MBFLIP', 'SBX_MNUF', 'TPC_MPOLY', 'UC_NONE', 'TPC_NONE', 'UC_NONE', 'SPC_NONE', 'UC_NONE', 'TPC_NONE', 'TPC_NONE', 'UC_NONE', 'NONE_MPOLY', 'TPC_MNUF', 'TPC_NONE', 'UC_NONE', 'TPC_NONE', 'UC_MPOLY', 'TPC_NONE', 'TPC_NONE', 'TPC_MPOLY', 'TPC_NONE', 'TPC_MPOLY', 'UC_NONE']","{'SBX_MNUF': 1, 'TPC_MPOLY': 3, 'UC_NONE': 6, 'TPC_NONE': 8, 'SPC_NONE': 1, 'NONE_MPOLY': 1, 'TPC_MNUF': 1, 'UC_MPOLY': 1}"
15,23,UC,NONE,0.6823501222365137,0.0360750713398385,844780915.2,849812257.3018075,2276503.2,1823102.079998989,0.7375038915396583,5.202107282520352e-05,0.01,0.0,GREEDY_HV,"['SPC_MBFLIP', 'SBX_MNUF', 'TPC_MPOLY', 'UC_NONE', 'TPC_NONE', 'UC_NONE', 'SPC_NONE', 'UC_NONE', 'TPC_NONE', 'TPC_NONE', 'UC_NONE', 'NONE_MPOLY', 'TPC_MNUF', 'TPC_NONE', 'UC_NONE', 'TPC_NONE', 'UC_MPOLY', 'TPC_NONE', 'TPC_NONE', 'TPC_MPOLY', 'TPC_NONE', 'TPC_MPOLY', 'UC_NONE', 'UC_NONE']","{'SBX_MNUF': 1, 'TPC_MPOLY': 3, 'UC_NONE': 7, 'TPC_NONE': 8, 'SPC_NONE': 1, 'NONE_MPOLY': 1, 'TPC_MNUF': 1, 'UC_MPOLY': 1}"
15,24,TPC,NONE,0.6836215336132174,0.0359581913835415,856499965.44,849688825.3936423,2278332.32,1793228.9472539914,0.7375194016414351,1.5510101776805563e-05,0.0,0.0,GREEDY_HV,"['SPC_MBFLIP', 'SBX_MNUF', 'TPC_MPOLY', 'UC_NONE', 'TPC_NONE', 'UC_NONE', 'SPC_NONE', 'UC_NONE', 'TPC_NONE', 'TPC_NONE', 'UC_NONE', 'NONE_MPOLY', 'TPC_MNUF', 'TPC_NONE', 'UC_NONE', 'TPC_NONE', 'UC_MPOLY', 'TPC_NONE', 'TPC_NONE', 'TPC_MPOLY', 'TPC_NONE', 'TPC_MPOLY', 'UC_NONE', 'UC_NONE', 'TPC_NONE']","{'SBX_MNUF': 1, 'TPC_MPOLY': 3, 'UC_NONE': 7, 'TPC_NONE': 9, 'SPC_NONE': 1, 'NONE_MPOLY': 1, 'TPC_MNUF': 1, 'UC_MPOLY': 1}"
15,25,SPC,NONE,0.6838374859100423,0.0360797536885031,865776053.76,864668135.2565511,2341239.2,1842156.776720157,0.7375551174983134,3.571585687822676e-05,0.0,0.0,GREEDY_HV,"['SPC_MBFLIP', 'SBX_MNUF', 'TPC_MPOLY', 'UC_NONE', 'TPC_NONE', 'UC_NONE', 'SPC_NONE', 'UC_NONE', 'TPC_NONE', 'TPC_NONE', 'UC_NONE', 'NONE_MPOLY', 'TPC_MNUF', 'TPC_NONE', 'UC_NONE', 'TPC_NONE', 'UC_MPOLY', 'TPC_NONE', 'TPC_NONE', 'TPC_MPOLY', 'TPC_NONE', 'TPC_MPOLY', 'UC_NONE', 'UC_NONE', 'TPC_NONE', 'SPC_NONE']","{'SBX_MNUF': 1, 'TPC_MPOLY': 3, 'UC_NONE': 7, 'TPC_NONE': 9, 'SPC_NONE': 2, 'NONE_MPOLY': 1, 'TPC_MNUF': 1, 'UC_MPOLY': 1}"
15,26,UC,NONE,0.6817036440916633,0.0370840754021845,839246615.04,851427287.8124477,2172093.6,1739047.025806767,0.7376007427776242,4.562527931084581e-05,0.03,0.0,GREEDY_HV,"['SPC_MBFLIP', 'SBX_MNUF', 'TPC_MPOLY', 'UC_NONE', 'TPC_NONE', 'UC_NONE', 'SPC_NONE', 'UC_NONE', 'TPC_NONE', 'TPC_NONE', 'UC_NONE', 'NONE_MPOLY', 'TPC_MNUF', 'TPC_NONE', 'UC_NONE', 'TPC_NONE', 'UC_MPOLY', 'TPC_NONE', 'TPC_NONE', 'TPC_MPOLY', 'TPC_NONE', 'TPC_MPOLY', 'UC_NONE', 'UC_NONE', 'TPC_NONE', 'SPC_NONE', 'UC_NONE']","{'SBX_MNUF': 1, 'TPC_MPOLY': 3, 'UC_NONE': 8, 'TPC_NONE': 9, 'SPC_NONE': 2, 'NONE_MPOLY': 1, 'TPC_MNUF': 1, 'UC_MPOLY': 1}"
15,27,SPC,NONE,0.6821859886110001,0.0371552181151352,881111846.4,886581901.372872,2143106.72,1714919.419354636,0.7376260020961357,2.525931851149465e-05,0.01,0.0,GREEDY_HV,"['SPC_MBFLIP', 'SBX_MNUF', 'TPC_MPOLY', 'UC_NONE', 'TPC_NONE', 'UC_NONE', 'SPC_NONE', 'UC_NONE', 'TPC_NONE', 'TPC_NONE', 'UC_NONE', 'NONE_MPOLY', 'TPC_MNUF', 'TPC_NONE', 'UC_NONE', 'TPC_NONE', 'UC_MPOLY', 'TPC_NONE', 'TPC_NONE', 'TPC_MPOLY', 'TPC_NONE', 'TPC_MPOLY', 'UC_NONE', 'UC_NONE', 'TPC_NONE', 'SPC_NONE', 'UC_NONE', 'SPC_NONE']","{'SBX_MNUF': 1, 'TPC_MPOLY': 3, 'UC_NONE': 8, 'TPC_NONE': 9, 'SPC_NONE': 3, 'NONE_MPOLY': 1, 'TPC_MNUF': 1, 'UC_MPOLY': 1}"
15,28,SPC,NONE,0.6837323339965411,0.0359504268229292,877046842.88,869429976.4054991,2261354.4,1732074.7435053957,0.737627686427828,1.684331692342056e-06,0.0,0.0,GREEDY_HV,"['SPC_MBFLIP', 'SBX_MNUF', 'TPC_MPOLY', 'UC_NONE', 'TPC_NONE', 'UC_NONE', 'SPC_NONE', 'UC_NONE', 'TPC_NONE', 'TPC_NONE', 'UC_NONE', 'NONE_MPOLY', 'TPC_MNUF', 'TPC_NONE', 'UC_NONE', 'TPC_NONE', 'UC_MPOLY', 'TPC_NONE', 'TPC_NONE', 'TPC_MPOLY', 'TPC_NONE', 'TPC_MPOLY', 'UC_NONE', 'UC_NONE', 'TPC_NONE', 'SPC_NONE', 'UC_NONE', 'SPC_NONE', 'SPC_NONE']","{'SBX_MNUF': 1, 'TPC_MPOLY': 3, 'UC_NONE': 8, 'TPC_NONE': 9, 'SPC_NONE': 4, 'NONE_MPOLY': 1, 'TPC_MNUF': 1, 'UC_MPOLY': 1}"
15,29,TPC,NONE,0.6832290305281855,0.038281543124156,929711232.0,899040042.4384466,2284460.96,1724492.803729525,0.737547019203733,-8.066722409505456e-05,0.01,0.0,GREEDY_HV,"['SPC_MBFLIP', 'SBX_MNUF', 'TPC_MPOLY', 'UC_NONE', 'TPC_NONE', 'UC_NONE', 'SPC_NONE', 'UC_NONE', 'TPC_NONE', 'TPC_NONE', 'UC_NONE', 'NONE_MPOLY', 'TPC_MNUF', 'TPC_NONE', 'UC_NONE', 'TPC_NONE', 'UC_MPOLY', 'TPC_NONE', 'TPC_NONE', 'TPC_MPOLY', 'TPC_NONE', 'TPC_MPOLY', 'UC_NONE', 'UC_NONE', 'TPC_NONE', 'SPC_NONE', 'UC_NONE', 'SPC_NONE', 'SPC_NONE', 'TPC_NONE']","{'SBX_MNUF': 1, 'TPC_MPOLY': 3, 'UC_NONE': 8, 'TPC_NONE': 10, 'SPC_NONE': 4, 'NONE_MPOLY': 1, 'TPC_MNUF': 1, 'UC_MPOLY': 1}"
15,30,UC,NONE,0.6830410465558507,0.0371891789584096,917654272.0,920782030.3933992,2201237.92,1706219.8650774157,0.7376054326503786,5.841344664558879e-05,0.0,0.0,GREEDY_HV,"['SPC_MBFLIP', 'SBX_MNUF', 'TPC_MPOLY', 'UC_NONE', 'TPC_NONE', 'UC_NONE', 'SPC_NONE', 'UC_NONE', 'TPC_NONE', 'TPC_NONE', 'UC_NONE', 'NONE_MPOLY', 'TPC_MNUF', 'TPC_NONE', 'UC_NONE', 'TPC_NONE', 'UC_MPOLY', 'TPC_NONE', 'TPC_NONE', 'TPC_MPOLY', 'TPC_NONE', 'TPC_MPOLY', 'UC_NONE', 'UC_NONE', 'TPC_NONE', 'SPC_NONE', 'UC_NONE', 'SPC_NONE', 'SPC_NONE', 'TPC_NONE', 'UC_NONE']","{'SBX_MNUF': 1, 'TPC_MPOLY': 3, 'UC_NONE': 9, 'TPC_NONE': 10, 'SPC_NONE': 4, 'NONE_MPOLY': 1, 'TPC_MNUF': 1, 'UC_MPOLY': 1}"
15,31,TPC,NONE,0.6834409126614298,0.0376806356627945,902208074.24,889892140.8628714,2254177.44,1708052.9871593113,0.7376105059350904,5.07328471177626e-06,0.0,0.0,GREEDY_HV,"['SPC_MBFLIP', 'SBX_MNUF', 'TPC_MPOLY', 'UC_NONE', 'TPC_NONE', 'UC_NONE', 'SPC_NONE', 'UC_NONE', 'TPC_NONE', 'TPC_NONE', 'UC_NONE', 'NONE_MPOLY', 'TPC_MNUF', 'TPC_NONE', 'UC_NONE', 'TPC_NONE', 'UC_MPOLY', 'TPC_NONE', 'TPC_NONE', 'TPC_MPOLY', 'TPC_NONE', 'TPC_MPOLY', 'UC_NONE', 'UC_NONE', 'TPC_NONE', 'SPC_NONE', 'UC_NONE', 'SPC_NONE', 'SPC_NONE', 'TPC_NONE', 'UC_NONE', 'TPC_NONE']","{'SBX_MNUF': 1, 'TPC_MPOLY': 3, 'UC_NONE': 9, 'TPC_NONE': 11, 'SPC_NONE': 4, 'NONE_MPOLY': 1, 'TPC_MNUF': 1, 'UC_MPOLY': 1}"
15,32,TPC,NONE,0.6804207213244992,0.0382617711206512,852955368.96,896561235.988281,2100147.36,1679126.4768642269,0.7376614334889613,5.092755387092751e-05,0.01,0.0,GREEDY_HV,"['SPC_MBFLIP', 'SBX_MNUF', 'TPC_MPOLY', 'UC_NONE', 'TPC_NONE', 'UC_NONE', 'SPC_NONE', 'UC_NONE', 'TPC_NONE', 'TPC_NONE', 'UC_NONE', 'NONE_MPOLY', 'TPC_MNUF', 'TPC_NONE', 'UC_NONE', 'TPC_NONE', 'UC_MPOLY', 'TPC_NONE', 'TPC_NONE', 'TPC_MPOLY', 'TPC_NONE', 'TPC_MPOLY', 'UC_NONE', 'UC_NONE', 'TPC_NONE', 'SPC_NONE', 'UC_NONE', 'SPC_NONE', 'SPC_NONE', 'TPC_NONE', 'UC_NONE', 'TPC_NONE', 'TPC_NONE']","{'SBX_MNUF': 1, 'TPC_MPOLY': 3, 'UC_NONE': 9, 'TPC_NONE': 12, 'SPC_NONE': 4, 'NONE_MPOLY': 1, 'TPC_MNUF': 1, 'UC_MPOLY': 1}"
15,33,SPC,NONE,0.6815945331008614,0.0381453152585611,881293903.36,906631853.1399286,2141020.32,1670907.7714370885,0.73770281823641,4.1384747448747206e-05,0.01,0.0,GREEDY_HV,"['SPC_MBFLIP', 'SBX_MNUF', 'TPC_MPOLY', 'UC_NONE', 'TPC_NONE', 'UC_NONE', 'SPC_NONE', 'UC_NONE', 'TPC_NONE', 'TPC_NONE', 'UC_NONE', 'NONE_MPOLY', 'TPC_MNUF', 'TPC_NONE', 'UC_NONE', 'TPC_NONE', 'UC_MPOLY', 'TPC_NONE', 'TPC_NONE', 'TPC_MPOLY', 'TPC_NONE', 'TPC_MPOLY', 'UC_NONE', 'UC_NONE', 'TPC_NONE', 'SPC_NONE', 'UC_NONE', 'SPC_NONE', 'SPC_NONE', 'TPC_NONE', 'UC_NONE', 'TPC_NONE', 'TPC_NONE', 'SPC_NONE']","{'SBX_MNUF': 1, 'TPC_MPOLY': 3, 'UC_NONE': 9, 'TPC_NONE': 12, 'SPC_NONE': 5, 'NONE_MPOLY': 1, 'TPC_MNUF': 1, 'UC_MPOLY': 1}"
15,34,TPC,NONE,0.682354459319409,0.0376884036054518,907154777.6,916444023.594627,2141326.24,1658354.8035836793,0.7377165164092767,1.3698172866671854e-05,0.01,0.0,GREEDY_HV,"['SPC_MBFLIP', 'SBX_MNUF', 'TPC_MPOLY', 'UC_NONE', 'TPC_NONE', 'UC_NONE', 'SPC_NONE', 'UC_NONE', 'TPC_NONE', 'TPC_NONE', 'UC_NONE', 'NONE_MPOLY', 'TPC_MNUF', 'TPC_NONE', 'UC_NONE', 'TPC_NONE', 'UC_MPOLY', 'TPC_NONE', 'TPC_NONE', 'TPC_MPOLY', 'TPC_NONE', 'TPC_MPOLY', 'UC_NONE', 'UC_NONE', 'TPC_NONE', 'SPC_NONE', 'UC_NONE', 'SPC_NONE', 'SPC_NONE', 'TPC_NONE', 'UC_NONE', 'TPC_NONE', 'TPC_NONE', 'SPC_NONE', 'TPC_NONE']","{'SBX_MNUF': 1, 'TPC_MPOLY': 3, 'UC_NONE': 9, 'TPC_NONE': 13, 'SPC_NONE': 5, 'NONE_MPOLY': 1, 'TPC_MNUF': 1, 'UC_MPOLY': 1}"
15,35,UC,MPOLY,0.6822870059334004,0.0372123682174859,873562762.24,893315863.3727977,2137897.12,1682263.234863137,0.7377171837862839,6.67377007212977e-07,0.01,0.0,GREEDY_HV,"['SPC_MBFLIP', 'SBX_MNUF', 'TPC_MPOLY', 'UC_NONE', 'TPC_NONE', 'UC_NONE', 'SPC_NONE', 'UC_NONE', 'TPC_NONE', 'TPC_NONE', 'UC_NONE', 'NONE_MPOLY', 'TPC_MNUF', 'TPC_NONE', 'UC_NONE', 'TPC_NONE', 'UC_MPOLY', 'TPC_NONE', 'TPC_NONE', 'TPC_MPOLY', 'TPC_NONE', 'TPC_MPOLY', 'UC_NONE', 'UC_NONE', 'TPC_NONE', 'SPC_NONE', 'UC_NONE', 'SPC_NONE', 'SPC_NONE', 'TPC_NONE', 'UC_NONE', 'TPC_NONE', 'TPC_NONE', 'SPC_NONE', 'TPC_NONE', 'UC_MPOLY']","{'SBX_MNUF': 1, 'TPC_MPOLY': 3, 'UC_NONE': 9, 'TPC_NONE': 13, 'SPC_NONE': 5, 'NONE_MPOLY': 1, 'TPC_MNUF': 1, 'UC_MPOLY': 2}"
15,36,TPC,NONE,0.6848912697611845,0.0362046399368993,937530667.52,913243751.1651964,2209973.92,1695157.9736197314,0.7377983574519734,8.117366568949347e-05,0.0,0.0,GREEDY_HV,"['SPC_MBFLIP', 'SBX_MNUF', 'TPC_MPOLY', 'UC_NONE', 'TPC_NONE', 'UC_NONE', 'SPC_NONE', 'UC_NONE', 'TPC_NONE', 'TPC_NONE', 'UC_NONE', 'NONE_MPOLY', 'TPC_MNUF', 'TPC_NONE', 'UC_NONE', 'TPC_NONE', 'UC_MPOLY', 'TPC_NONE', 'TPC_NONE', 'TPC_MPOLY', 'TPC_NONE', 'TPC_MPOLY', 'UC_NONE', 'UC_NONE', 'TPC_NONE', 'SPC_NONE', 'UC_NONE', 'SPC_NONE', 'SPC_NONE', 'TPC_NONE', 'UC_NONE', 'TPC_NONE', 'TPC_NONE', 'SPC_NONE', 'TPC_NONE', 'UC_MPOLY', 'TPC_NONE']","{'SBX_MNUF': 1, 'TPC_MPOLY': 3, 'UC_NONE': 9, 'TPC_NONE': 14, 'SPC_NONE': 5, 'NONE_MPOLY': 1, 'TPC_MNUF': 1, 'UC_MPOLY': 2}"
15,37,UC,NONE,0.6839449977836941,0.0366920380222127,927502072.32,891418851.834612,2176745.12,1718506.6606315223,0.7378402234547414,4.186600276800956e-05,0.0,0.0,GREEDY_HV,"['SPC_MBFLIP', 'SBX_MNUF', 'TPC_MPOLY', 'UC_NONE', 'TPC_NONE', 'UC_NONE', 'SPC_NONE', 'UC_NONE', 'TPC_NONE', 'TPC_NONE', 'UC_NONE', 'NONE_MPOLY', 'TPC_MNUF', 'TPC_NONE', 'UC_NONE', 'TPC_NONE', 'UC_MPOLY', 'TPC_NONE', 'TPC_NONE', 'TPC_MPOLY', 'TPC_NONE', 'TPC_MPOLY', 'UC_NONE', 'UC_NONE', 'TPC_NONE', 'SPC_NONE', 'UC_NONE', 'SPC_NONE', 'SPC_NONE', 'TPC_NONE', 'UC_NONE', 'TPC_NONE', 'TPC_NONE', 'SPC_NONE', 'TPC_NONE', 'UC_MPOLY', 'TPC_NONE', 'UC_NONE']","{'SBX_MNUF': 1, 'TPC_MPOLY': 3, 'UC_NONE': 10, 'TPC_NONE': 14, 'SPC_NONE': 5, 'NONE_MPOLY': 1, 'TPC_MNUF': 1, 'UC_MPOLY': 2}"
15,38,TPC,NONE,0.6854070546985702,0.0365050699329091,955567313.92,901466495.4905767,2262658.72,1699983.091193734,0.737890124525539,4.990107079760886e-05,0.01,0.0,GREEDY_HV,"['SPC_MBFLIP', 'SBX_MNUF', 'TPC_MPOLY', 'UC_NONE', 'TPC_NONE', 'UC_NONE', 'SPC_NONE', 'UC_NONE', 'TPC_NONE', 'TPC_NONE', 'UC_NONE', 'NONE_MPOLY', 'TPC_MNUF', 'TPC_NONE', 'UC_NONE', 'TPC_NONE', 'UC_MPOLY', 'TPC_NONE', 'TPC_NONE', 'TPC_MPOLY', 'TPC_NONE', 'TPC_MPOLY', 'UC_NONE', 'UC_NONE', 'TPC_NONE', 'SPC_NONE', 'UC_NONE', 'SPC_NONE', 'SPC_NONE', 'TPC_NONE', 'UC_NONE', 'TPC_NONE', 'TPC_NONE', 'SPC_NONE', 'TPC_NONE', 'UC_MPOLY', 'TPC_NONE', 'UC_NONE', 'TPC_NONE']","{'SBX_MNUF': 1, 'TPC_MPOLY': 3, 'UC_NONE': 10, 'TPC_NONE': 15, 'SPC_NONE': 5, 'NONE_MPOLY': 1, 'TPC_MNUF': 1, 'UC_MPOLY': 2}"
15,39,UC,MPOLY,0.6855746744019426,0.0361945740105055,928398801.92,897387030.0721458,2269950.88,1704366.7610601732,0.7378920921950102,1.967669471136801e-06,0.0,0.01,GREEDY_HV,"['SPC_MBFLIP', 'SBX_MNUF', 'TPC_MPOLY', 'UC_NONE', 'TPC_NONE', 'UC_NONE', 'SPC_NONE', 'UC_NONE', 'TPC_NONE', 'TPC_NONE', 'UC_NONE', 'NONE_MPOLY', 'TPC_MNUF', 'TPC_NONE', 'UC_NONE', 'TPC_NONE', 'UC_MPOLY', 'TPC_NONE', 'TPC_NONE', 'TPC_MPOLY', 'TPC_NONE', 'TPC_MPOLY', 'UC_NONE', 'UC_NONE', 'TPC_NONE', 'SPC_NONE', 'UC_NONE', 'SPC_NONE', 'SPC_NONE', 'TPC_NONE', 'UC_NONE', 'TPC_NONE', 'TPC_NONE', 'SPC_NONE', 'TPC_NONE', 'UC_MPOLY', 'TPC_NONE', 'UC_NONE', 'TPC_NONE', 'UC_MPOLY']","{'SBX_MNUF': 1, 'TPC_MPOLY': 3, 'UC_NONE': 10, 'TPC_NONE': 15, 'SPC_NONE': 5, 'NONE_MPOLY': 1, 'TPC_MNUF': 1, 'UC_MPOLY': 3}"
15,40,TPC,NONE,0.6856998079185824,0.0365797991427206,928786931.2,888216080.4461772,2331375.52,1730810.0203861797,0.7379341822905351,4.209009552491594e-05,0.0,0.0,GREEDY_HV,"['SPC_MBFLIP', 'SBX_MNUF', 'TPC_MPOLY', 'UC_NONE', 'TPC_NONE', 'UC_NONE', 'SPC_NONE', 'UC_NONE', 'TPC_NONE', 'TPC_NONE', 'UC_NONE', 'NONE_MPOLY', 'TPC_MNUF', 'TPC_NONE', 'UC_NONE', 'TPC_NONE', 'UC_MPOLY', 'TPC_NONE', 'TPC_NONE', 'TPC_MPOLY', 'TPC_NONE', 'TPC_MPOLY', 'UC_NONE', 'UC_NONE', 'TPC_NONE', 'SPC_NONE', 'UC_NONE', 'SPC_NONE', 'SPC_NONE', 'TPC_NONE', 'UC_NONE', 'TPC_NONE', 'TPC_NONE', 'SPC_NONE', 'TPC_NONE', 'UC_MPOLY', 'TPC_NONE', 'UC_NONE', 'TPC_NONE', 'UC_MPOLY', 'TPC_NONE']","{'SBX_MNUF': 1, 'TPC_MPOLY': 3, 'UC_NONE': 10, 'TPC_NONE': 16, 'SPC_NONE': 5, 'NONE_MPOLY': 1, 'TPC_MNUF': 1, 'UC_MPOLY': 3}"
15,41,UC,NONE,0.6857774023828105,0.0364414392028503,950144207.36,924100372.0683228,2322931.36,1751590.85471362,0.7379191982413994,-1.498404913569118e-05,0.0,0.0,GREEDY_HV,"['SPC_MBFLIP', 'SBX_MNUF', 'TPC_MPOLY', 'UC_NONE', 'TPC_NONE', 'UC_NONE', 'SPC_NONE', 'UC_NONE', 'TPC_NONE', 'TPC_NONE', 'UC_NONE', 'NONE_MPOLY', 'TPC_MNUF', 'TPC_NONE', 'UC_NONE', 'TPC_NONE', 'UC_MPOLY', 'TPC_NONE', 'TPC_NONE', 'TPC_MPOLY', 'TPC_NONE', 'TPC_MPOLY', 'UC_NONE', 'UC_NONE', 'TPC_NONE', 'SPC_NONE', 'UC_NONE', 'SPC_NONE', 'SPC_NONE', 'TPC_NONE', 'UC_NONE', 'TPC_NONE', 'TPC_NONE', 'SPC_NONE', 'TPC_NONE', 'UC_MPOLY', 'TPC_NONE', 'UC_NONE', 'TPC_NONE', 'UC_MPOLY', 'TPC_NONE', 'UC_NONE']","{'SBX_MNUF': 1, 'TPC_MPOLY': 3, 'UC_NONE': 11, 'TPC_NONE': 16, 'SPC_NONE': 5, 'NONE_MPOLY': 1, 'TPC_MNUF': 1, 'UC_MPOLY': 3}"
15,42,TPC,NONE,0.6846497595138078,0.0371570646080064,908773245.44,902162270.7630467,2329090.72,1772083.2518327695,0.7378918525054411,-2.734573595830625e-05,0.02,0.0,GREEDY_HV,"['SPC_MBFLIP', 'SBX_MNUF', 'TPC_MPOLY', 'UC_NONE', 'TPC_NONE', 'UC_NONE', 'SPC_NONE', 'UC_NONE', 'TPC_NONE', 'TPC_NONE', 'UC_NONE', 'NONE_MPOLY', 'TPC_MNUF', 'TPC_NONE', 'UC_NONE', 'TPC_NONE', 'UC_MPOLY', 'TPC_NONE', 'TPC_NONE', 'TPC_MPOLY', 'TPC_NONE', 'TPC_MPOLY', 'UC_NONE', 'UC_NONE', 'TPC_NONE', 'SPC_NONE', 'UC_NONE', 'SPC_NONE', 'SPC_NONE', 'TPC_NONE', 'UC_NONE', 'TPC_NONE', 'TPC_NONE', 'SPC_NONE', 'TPC_NONE', 'UC_MPOLY', 'TPC_NONE', 'UC_NONE', 'TPC_NONE', 'UC_MPOLY', 'TPC_NONE', 'UC_NONE', 'TPC_NONE']","{'SBX_MNUF': 1, 'TPC_MPOLY': 3, 'UC_NONE': 11, 'TPC_NONE': 17, 'SPC_NONE': 5, 'NONE_MPOLY': 1, 'TPC_MNUF': 1, 'UC_MPOLY': 3}"
15,43,SPC,NONE,0.6851288534649537,0.03702392433637,905544414.72,908807036.2081032,2383453.6,1781896.2486182188,0.7379234532598914,3.160075445030053e-05,0.01,0.0,GREEDY_HV,"['SPC_MBFLIP', 'SBX_MNUF', 'TPC_MPOLY', 'UC_NONE', 'TPC_NONE', 'UC_NONE', 'SPC_NONE', 'UC_NONE', 'TPC_NONE', 'TPC_NONE', 'UC_NONE', 'NONE_MPOLY', 'TPC_MNUF', 'TPC_NONE', 'UC_NONE', 'TPC_NONE', 'UC_MPOLY', 'TPC_NONE', 'TPC_NONE', 'TPC_MPOLY', 'TPC_NONE', 'TPC_MPOLY', 'UC_NONE', 'UC_NONE', 'TPC_NONE', 'SPC_NONE', 'UC_NONE', 'SPC_NONE', 'SPC_NONE', 'TPC_NONE', 'UC_NONE', 'TPC_NONE', 'TPC_NONE', 'SPC_NONE', 'TPC_NONE', 'UC_MPOLY', 'TPC_NONE', 'UC_NONE', 'TPC_NONE', 'UC_MPOLY', 'TPC_NONE', 'UC_NONE', 'TPC_NONE', 'SPC_NONE']","{'SBX_MNUF': 1, 'TPC_MPOLY': 3, 'UC_NONE': 11, 'TPC_NONE': 17, 'SPC_NONE': 6, 'NONE_MPOLY': 1, 'TPC_MNUF': 1, 'UC_MPOLY': 3}"
15,44,TPC,NONE,0.6862372503633202,0.0356972425848895,912251345.92,903011736.2179096,2365177.76,1760907.996719358,0.7379550166253462,3.156336545484528e-05,0.01,0.0,GREEDY_HV,"['SPC_MBFLIP', 'SBX_MNUF', 'TPC_MPOLY', 'UC_NONE', 'TPC_NONE', 'UC_NONE', 'SPC_NONE', 'UC_NONE', 'TPC_NONE', 'TPC_NONE', 'UC_NONE', 'NONE_MPOLY', 'TPC_MNUF', 'TPC_NONE', 'UC_NONE', 'TPC_NONE', 'UC_MPOLY', 'TPC_NONE', 'TPC_NONE', 'TPC_MPOLY', 'TPC_NONE', 'TPC_MPOLY', 'UC_NONE', 'UC_NONE', 'TPC_NONE', 'SPC_NONE', 'UC_NONE', 'SPC_NONE', 'SPC_NONE', 'TPC_NONE', 'UC_NONE', 'TPC_NONE', 'TPC_NONE', 'SPC_NONE', 'TPC_NONE', 'UC_MPOLY', 'TPC_NONE', 'UC_NONE', 'TPC_NONE', 'UC_MPOLY', 'TPC_NONE', 'UC_NONE', 'TPC_NONE', 'SPC_NONE', 'TPC_NONE']","{'SBX_MNUF': 1, 'TPC_MPOLY': 3, 'UC_NONE': 11, 'TPC_NONE': 18, 'SPC_NONE': 6, 'NONE_MPOLY': 1, 'TPC_MNUF': 1, 'UC_MPOLY': 3}"
15,45,SPC,MPOLY,0.6874746258365007,0.0346488174993253,925292072.96,899319373.5120687,2399783.84,1758265.1638423065,0.7379745619674449,1.954534209869241e-05,0.01,0.005,GREEDY_HV,"['SPC_MBFLIP', 'SBX_MNUF', 'TPC_MPOLY', 'UC_NONE', 'TPC_NONE', 'UC_NONE', 'SPC_NONE', 'UC_NONE', 'TPC_NONE', 'TPC_NONE', 'UC_NONE', 'NONE_MPOLY', 'TPC_MNUF', 'TPC_NONE', 'UC_NONE', 'TPC_NONE', 'UC_MPOLY', 'TPC_NONE', 'TPC_NONE', 'TPC_MPOLY', 'TPC_NONE', 'TPC_MPOLY', 'UC_NONE', 'UC_NONE', 'TPC_NONE', 'SPC_NONE', 'UC_NONE', 'SPC_NONE', 'SPC_NONE', 'TPC_NONE', 'UC_NONE', 'TPC_NONE', 'TPC_NONE', 'SPC_NONE', 'TPC_NONE', 'UC_MPOLY', 'TPC_NONE', 'UC_NONE', 'TPC_NONE', 'UC_MPOLY', 'TPC_NONE', 'UC_NONE', 'TPC_NONE', 'SPC_NONE', 'TPC_NONE', 'SPC_MPOLY']","{'SBX_MNUF': 1, 'TPC_MPOLY': 3, 'UC_NONE': 11, 'TPC_NONE': 18, 'SPC_NONE': 6, 'NONE_MPOLY': 1, 'TPC_MNUF': 1, 'UC_MPOLY': 3, 'SPC_MPOLY': 1}"
15,46,SPC,NONE,0.6837436959069083,0.0378315444001218,892425218.56,912416795.3321328,2323530.4,1772566.5216362404,0.7380227883595072,4.8226392062256096e-05,0.0,0.0,GREEDY_HV,"['SPC_MBFLIP', 'SBX_MNUF', 'TPC_MPOLY', 'UC_NONE', 'TPC_NONE', 'UC_NONE', 'SPC_NONE', 'UC_NONE', 'TPC_NONE', 'TPC_NONE', 'UC_NONE', 'NONE_MPOLY', 'TPC_MNUF', 'TPC_NONE', 'UC_NONE', 'TPC_NONE', 'UC_MPOLY', 'TPC_NONE', 'TPC_NONE', 'TPC_MPOLY', 'TPC_NONE', 'TPC_MPOLY', 'UC_NONE', 'UC_NONE', 'TPC_NONE', 'SPC_NONE', 'UC_NONE', 'SPC_NONE', 'SPC_NONE', 'TPC_NONE', 'UC_NONE', 'TPC_NONE', 'TPC_NONE', 'SPC_NONE', 'TPC_NONE', 'UC_MPOLY', 'TPC_NONE', 'UC_NONE', 'TPC_NONE', 'UC_MPOLY', 'TPC_NONE', 'UC_NONE', 'TPC_NONE', 'SPC_NONE', 'TPC_NONE', 'SPC_MPOLY', 'SPC_NONE']","{'SBX_MNUF': 1, 'TPC_MPOLY': 3, 'UC_NONE': 11, 'TPC_NONE': 18, 'SPC_NONE': 7, 'NONE_MPOLY': 1, 'TPC_MNUF': 1, 'UC_MPOLY': 3, 'SPC_MPOLY': 1}"
15,47,SPC,NONE,0.6834974745916159,0.0375399316656369,875850411.52,898607467.7987158,2318995.36,1768259.5101082393,0.7379197634757434,-0.0001030248837637,0.01,0.0,GREEDY_HV,"['SPC_MBFLIP', 'SBX_MNUF', 'TPC_MPOLY', 'UC_NONE', 'TPC_NONE', 'UC_NONE', 'SPC_NONE', 'UC_NONE', 'TPC_NONE', 'TPC_NONE', 'UC_NONE', 'NONE_MPOLY', 'TPC_MNUF', 'TPC_NONE', 'UC_NONE', 'TPC_NONE', 'UC_MPOLY', 'TPC_NONE', 'TPC_NONE', 'TPC_MPOLY', 'TPC_NONE', 'TPC_MPOLY', 'UC_NONE', 'UC_NONE', 'TPC_NONE', 'SPC_NONE', 'UC_NONE', 'SPC_NONE', 'SPC_NONE', 'TPC_NONE', 'UC_NONE', 'TPC_NONE', 'TPC_NONE', 'SPC_NONE', 'TPC_NONE', 'UC_MPOLY', 'TPC_NONE', 'UC_NONE', 'TPC_NONE', 'UC_MPOLY', 'TPC_NONE', 'UC_NONE', 'TPC_NONE', 'SPC_NONE', 'TPC_NONE', 'SPC_MPOLY', 'SPC_NONE', 'SPC_NONE']","{'SBX_MNUF': 1, 'TPC_MPOLY': 3, 'UC_NONE': 11, 'TPC_NONE': 18, 'SPC_NONE': 8, 'NONE_MPOLY': 1, 'TPC_MNUF': 1, 'UC_MPOLY': 3, 'SPC_MPOLY': 1}"
15,48,UC,NONE,0.6852162167240939,0.0371371212678405,916616547.84,900856965.0961686,2367394.72,1736089.126954755,0.7378798892678502,-3.987420789319796e-05,0.0,0.0,GREEDY_HV,"['SPC_MBFLIP', 'SBX_MNUF', 'TPC_MPOLY', 'UC_NONE', 'TPC_NONE', 'UC_NONE', 'SPC_NONE', 'UC_NONE', 'TPC_NONE', 'TPC_NONE', 'UC_NONE', 'NONE_MPOLY', 'TPC_MNUF', 'TPC_NONE', 'UC_NONE', 'TPC_NONE', 'UC_MPOLY', 'TPC_NONE', 'TPC_NONE', 'TPC_MPOLY', 'TPC_NONE', 'TPC_MPOLY', 'UC_NONE', 'UC_NONE', 'TPC_NONE', 'SPC_NONE', 'UC_NONE', 'SPC_NONE', 'SPC_NONE', 'TPC_NONE', 'UC_NONE', 'TPC_NONE', 'TPC_NONE', 'SPC_NONE', 'TPC_NONE', 'UC_MPOLY', 'TPC_NONE', 'UC_NONE', 'TPC_NONE', 'UC_MPOLY', 'TPC_NONE', 'UC_NONE', 'TPC_NONE', 'SPC_NONE', 'TPC_NONE', 'SPC_MPOLY', 'SPC_NONE', 'SPC_NONE', 'UC_NONE']","{'SBX_MNUF': 1, 'TPC_MPOLY': 3, 'UC_NONE': 12, 'TPC_NONE': 18, 'SPC_NONE': 8, 'NONE_MPOLY': 1, 'TPC_MNUF': 1, 'UC_MPOLY': 3, 'SPC_MPOLY': 1}"
15,49,TPC,NONE,0.6837050346887636,0.037648069879344,893233436.16,909415222.596704,2259731.36,1769343.896997638,0.7378779953696425,-1.893898207705469e-06,0.0,0.0,GREEDY_HV,"['SPC_MBFLIP', 'SBX_MNUF', 'TPC_MPOLY', 'UC_NONE', 'TPC_NONE', 'UC_NONE', 'SPC_NONE', 'UC_NONE', 'TPC_NONE', 'TPC_NONE', 'UC_NONE', 'NONE_MPOLY', 'TPC_MNUF', 'TPC_NONE', 'UC_NONE', 'TPC_NONE', 'UC_MPOLY', 'TPC_NONE', 'TPC_NONE', 'TPC_MPOLY', 'TPC_NONE', 'TPC_MPOLY', 'UC_NONE', 'UC_NONE', 'TPC_NONE', 'SPC_NONE', 'UC_NONE', 'SPC_NONE', 'SPC_NONE', 'TPC_NONE', 'UC_NONE', 'TPC_NONE', 'TPC_NONE', 'SPC_NONE', 'TPC_NONE', 'UC_MPOLY', 'TPC_NONE', 'UC_NONE', 'TPC_NONE', 'UC_MPOLY', 'TPC_NONE', 'UC_NONE', 'TPC_NONE', 'SPC_NONE', 'TPC_NONE', 'SPC_MPOLY', 'SPC_NONE', 'SPC_NONE', 'UC_NONE', 'TPC_NONE']","{'SBX_MNUF': 1, 'TPC_MPOLY': 3, 'UC_NONE': 12, 'TPC_NONE': 19, 'SPC_NONE': 8, 'NONE_MPOLY': 1, 'TPC_MNUF': 1, 'UC_MPOLY': 3, 'SPC_MPOLY': 1}"
15,50,SPC,NONE,0.6854320692000428,0.0376276246347266,957886072.32,926294067.7252424,2366771.36,1767402.445966371,0.737927756946736,4.9761577093465625e-05,0.01,0.0,GREEDY_HV,"['SPC_MBFLIP', 'SBX_MNUF', 'TPC_MPOLY', 'UC_NONE', 'TPC_NONE', 'UC_NONE', 'SPC_NONE', 'UC_NONE', 'TPC_NONE', 'TPC_NONE', 'UC_NONE', 'NONE_MPOLY', 'TPC_MNUF', 'TPC_NONE', 'UC_NONE', 'TPC_NONE', 'UC_MPOLY', 'TPC_NONE', 'TPC_NONE', 'TPC_MPOLY', 'TPC_NONE', 'TPC_MPOLY', 'UC_NONE', 'UC_NONE', 'TPC_NONE', 'SPC_NONE', 'UC_NONE', 'SPC_NONE', 'SPC_NONE', 'TPC_NONE', 'UC_NONE', 'TPC_NONE', 'TPC_NONE', 'SPC_NONE', 'TPC_NONE', 'UC_MPOLY', 'TPC_NONE', 'UC_NONE', 'TPC_NONE', 'UC_MPOLY', 'TPC_NONE', 'UC_NONE', 'TPC_NONE', 'SPC_NONE', 'TPC_NONE', 'SPC_MPOLY', 'SPC_NONE', 'SPC_NONE', 'UC_NONE', 'TPC_NONE', 'SPC_NONE']","{'SBX_MNUF': 1, 'TPC_MPOLY': 3, 'UC_NONE': 12, 'TPC_NONE': 19, 'SPC_NONE': 9, 'NONE_MPOLY': 1, 'TPC_MNUF': 1, 'UC_MPOLY': 3, 'SPC_MPOLY': 1}"
15,51,TPC,NONE,0.6837983292594039,0.037889219149715,903555740.16,910763139.084816,2281689.76,1769612.7683988104,0.7379371607499218,9.403803185814574e-06,0.0,0.0,GREEDY_HV,"['SPC_MBFLIP', 'SBX_MNUF', 'TPC_MPOLY', 'UC_NONE', 'TPC_NONE', 'UC_NONE', 'SPC_NONE', 'UC_NONE', 'TPC_NONE', 'TPC_NONE', 'UC_NONE', 'NONE_MPOLY', 'TPC_MNUF', 'TPC_NONE', 'UC_NONE', 'TPC_NONE', 'UC_MPOLY', 'TPC_NONE', 'TPC_NONE', 'TPC_MPOLY', 'TPC_NONE', 'TPC_MPOLY', 'UC_NONE', 'UC_NONE', 'TPC_NONE', 'SPC_NONE', 'UC_NONE', 'SPC_NONE', 'SPC_NONE', 'TPC_NONE', 'UC_NONE', 'TPC_NONE', 'TPC_NONE', 'SPC_NONE', 'TPC_NONE', 'UC_MPOLY', 'TPC_NONE', 'UC_NONE', 'TPC_NONE', 'UC_MPOLY', 'TPC_NONE', 'UC_NONE', 'TPC_NONE', 'SPC_NONE', 'TPC_NONE', 'SPC_MPOLY', 'SPC_NONE', 'SPC_NONE', 'UC_NONE', 'TPC_NONE', 'SPC_NONE', 'TPC_NONE']","{'SBX_MNUF': 1, 'TPC_MPOLY': 3, 'UC_NONE': 12, 'TPC_NONE': 20, 'SPC_NONE': 9, 'NONE_MPOLY': 1, 'TPC_MNUF': 1, 'UC_MPOLY': 3, 'SPC_MPOLY': 1}"
15,52,UC,NONE,0.6842432393491644,0.0374436708354287,894937935.36,910476754.9516288,2266127.52,1763015.683256326,0.7379803031277787,4.3142377856963954e-05,0.0,0.0,GREEDY_HV,"['SPC_MBFLIP', 'SBX_MNUF', 'TPC_MPOLY', 'UC_NONE', 'TPC_NONE', 'UC_NONE', 'SPC_NONE', 'UC_NONE', 'TPC_NONE', 'TPC_NONE', 'UC_NONE', 'NONE_MPOLY', 'TPC_MNUF', 'TPC_NONE', 'UC_NONE', 'TPC_NONE', 'UC_MPOLY', 'TPC_NONE', 'TPC_NONE', 'TPC_MPOLY', 'TPC_NONE', 'TPC_MPOLY', 'UC_NONE', 'UC_NONE', 'TPC_NONE', 'SPC_NONE', 'UC_NONE', 'SPC_NONE', 'SPC_NONE', 'TPC_NONE', 'UC_NONE', 'TPC_NONE', 'TPC_NONE', 'SPC_NONE', 'TPC_NONE', 'UC_MPOLY', 'TPC_NONE', 'UC_NONE', 'TPC_NONE', 'UC_MPOLY', 'TPC_NONE', 'UC_NONE', 'TPC_NONE', 'SPC_NONE', 'TPC_NONE', 'SPC_MPOLY', 'SPC_NONE', 'SPC_NONE', 'UC_NONE', 'TPC_NONE', 'SPC_NONE', 'TPC_NONE', 'UC_NONE']","{'SBX_MNUF': 1, 'TPC_MPOLY': 3, 'UC_NONE': 13, 'TPC_NONE': 20, 'SPC_NONE': 9, 'NONE_MPOLY': 1, 'TPC_MNUF': 1, 'UC_MPOLY': 3, 'SPC_MPOLY': 1}"
15,53,SPC,NONE,0.6838906562370433,0.0378775513819755,886967022.08,896670065.7529348,2288103.84,1784133.310171988,0.7380300734186243,4.977029084551887e-05,0.0,0.0,GREEDY_HV,"['SPC_MBFLIP', 'SBX_MNUF', 'TPC_MPOLY', 'UC_NONE', 'TPC_NONE', 'UC_NONE', 'SPC_NONE', 'UC_NONE', 'TPC_NONE', 'TPC_NONE', 'UC_NONE', 'NONE_MPOLY', 'TPC_MNUF', 'TPC_NONE', 'UC_NONE', 'TPC_NONE', 'UC_MPOLY', 'TPC_NONE', 'TPC_NONE', 'TPC_MPOLY', 'TPC_NONE', 'TPC_MPOLY', 'UC_NONE', 'UC_NONE', 'TPC_NONE', 'SPC_NONE', 'UC_NONE', 'SPC_NONE', 'SPC_NONE', 'TPC_NONE', 'UC_NONE', 'TPC_NONE', 'TPC_NONE', 'SPC_NONE', 'TPC_NONE', 'UC_MPOLY', 'TPC_NONE', 'UC_NONE', 'TPC_NONE', 'UC_MPOLY', 'TPC_NONE', 'UC_NONE', 'TPC_NONE', 'SPC_NONE', 'TPC_NONE', 'SPC_MPOLY', 'SPC_NONE', 'SPC_NONE', 'UC_NONE', 'TPC_NONE', 'SPC_NONE', 'TPC_NONE', 'UC_NONE', 'SPC_NONE']","{'SBX_MNUF': 1, 'TPC_MPOLY': 3, 'UC_NONE': 13, 'TPC_NONE': 20, 'SPC_NONE': 10, 'NONE_MPOLY': 1, 'TPC_MNUF': 1, 'UC_MPOLY': 3, 'SPC_MPOLY': 1}"
15,54,UC,NONE,0.6830462154224618,0.0376999631764728,868051824.64,892042871.0376761,2235410.08,1778908.001134222,0.7380200051603261,-1.0068258298190358e-05,0.0,0.0,GREEDY_HV,"['SPC_MBFLIP', 'SBX_MNUF', 'TPC_MPOLY', 'UC_NONE', 'TPC_NONE', 'UC_NONE', 'SPC_NONE', 'UC_NONE', 'TPC_NONE', 'TPC_NONE', 'UC_NONE', 'NONE_MPOLY', 'TPC_MNUF', 'TPC_NONE', 'UC_NONE', 'TPC_NONE', 'UC_MPOLY', 'TPC_NONE', 'TPC_NONE', 'TPC_MPOLY', 'TPC_NONE', 'TPC_MPOLY', 'UC_NONE', 'UC_NONE', 'TPC_NONE', 'SPC_NONE', 'UC_NONE', 'SPC_NONE', 'SPC_NONE', 'TPC_NONE', 'UC_NONE', 'TPC_NONE', 'TPC_NONE', 'SPC_NONE', 'TPC_NONE', 'UC_MPOLY', 'TPC_NONE', 'UC_NONE', 'TPC_NONE', 'UC_MPOLY', 'TPC_NONE', 'UC_NONE', 'TPC_NONE', 'SPC_NONE', 'TPC_NONE', 'SPC_MPOLY', 'SPC_NONE', 'SPC_NONE', 'UC_NONE', 'TPC_NONE', 'SPC_NONE', 'TPC_NONE', 'UC_NONE', 'SPC_NONE', 'UC_NONE']","{'SBX_MNUF': 1, 'TPC_MPOLY': 3, 'UC_NONE': 14, 'TPC_NONE': 20, 'SPC_NONE': 10, 'NONE_MPOLY': 1, 'TPC_MNUF': 1, 'UC_MPOLY': 3, 'SPC_MPOLY': 1}"
15,55,SPC,NONE,0.6831240212106882,0.0377159957601986,878725626.88,904254722.2130648,2259591.84,1754200.275801407,0.738052380832052,3.237567172598155e-05,0.0,0.0,GREEDY_HV,"['SPC_MBFLIP', 'SBX_MNUF', 'TPC_MPOLY', 'UC_NONE', 'TPC_NONE', 'UC_NONE', 'SPC_NONE', 'UC_NONE', 'TPC_NONE', 'TPC_NONE', 'UC_NONE', 'NONE_MPOLY', 'TPC_MNUF', 'TPC_NONE', 'UC_NONE', 'TPC_NONE', 'UC_MPOLY', 'TPC_NONE', 'TPC_NONE', 'TPC_MPOLY', 'TPC_NONE', 'TPC_MPOLY', 'UC_NONE', 'UC_NONE', 'TPC_NONE', 'SPC_NONE', 'UC_NONE', 'SPC_NONE', 'SPC_NONE', 'TPC_NONE', 'UC_NONE', 'TPC_NONE', 'TPC_NONE', 'SPC_NONE', 'TPC_NONE', 'UC_MPOLY', 'TPC_NONE', 'UC_NONE', 'TPC_NONE', 'UC_MPOLY', 'TPC_NONE', 'UC_NONE', 'TPC_NONE', 'SPC_NONE', 'TPC_NONE', 'SPC_MPOLY', 'SPC_NONE', 'SPC_NONE', 'UC_NONE', 'TPC_NONE', 'SPC_NONE', 'TPC_NONE', 'UC_NONE', 'SPC_NONE', 'UC_NONE', 'SPC_NONE']","{'SBX_MNUF': 1, 'TPC_MPOLY': 3, 'UC_NONE': 14, 'TPC_NONE': 20, 'SPC_NONE': 11, 'NONE_MPOLY': 1, 'TPC_MNUF': 1, 'UC_MPOLY': 3, 'SPC_MPOLY': 1}"
15,56,UC,MPOLY,0.6830772376903118,0.0376998992142919,884954321.92,901970152.7568612,2262813.6,1768505.53350535,0.7380861839649719,3.380313291989623e-05,0.02,0.0,GREEDY_HV,"['SPC_MBFLIP', 'SBX_MNUF', 'TPC_MPOLY', 'UC_NONE', 'TPC_NONE', 'UC_NONE', 'SPC_NONE', 'UC_NONE', 'TPC_NONE', 'TPC_NONE', 'UC_NONE', 'NONE_MPOLY', 'TPC_MNUF', 'TPC_NONE', 'UC_NONE', 'TPC_NONE', 'UC_MPOLY', 'TPC_NONE', 'TPC_NONE', 'TPC_MPOLY', 'TPC_NONE', 'TPC_MPOLY', 'UC_NONE', 'UC_NONE', 'TPC_NONE', 'SPC_NONE', 'UC_NONE', 'SPC_NONE', 'SPC_NONE', 'TPC_NONE', 'UC_NONE', 'TPC_NONE', 'TPC_NONE', 'SPC_NONE', 'TPC_NONE', 'UC_MPOLY', 'TPC_NONE', 'UC_NONE', 'TPC_NONE', 'UC_MPOLY', 'TPC_NONE', 'UC_NONE', 'TPC_NONE', 'SPC_NONE', 'TPC_NONE', 'SPC_MPOLY', 'SPC_NONE', 'SPC_NONE', 'UC_NONE', 'TPC_NONE', 'SPC_NONE', 'TPC_NONE', 'UC_NONE', 'SPC_NONE', 'UC_NONE', 'SPC_NONE', 'UC_MPOLY']","{'SBX_MNUF': 1, 'TPC_MPOLY': 3, 'UC_NONE': 14, 'TPC_NONE': 20, 'SPC_NONE': 11, 'NONE_MPOLY': 1, 'TPC_MNUF': 1, 'UC_MPOLY': 4, 'SPC_MPOLY': 1}"
15,57,UC,NONE,0.6841198507257359,0.0377337830533077,875639623.68,849657929.3865411,2281620.64,1744857.4617603323,0.7381807645930107,9.45806280387984e-05,0.01,0.0,GREEDY_HV,"['SPC_MBFLIP', 'SBX_MNUF', 'TPC_MPOLY', 'UC_NONE', 'TPC_NONE', 'UC_NONE', 'SPC_NONE', 'UC_NONE', 'TPC_NONE', 'TPC_NONE', 'UC_NONE', 'NONE_MPOLY', 'TPC_MNUF', 'TPC_NONE', 'UC_NONE', 'TPC_NONE', 'UC_MPOLY', 'TPC_NONE', 'TPC_NONE', 'TPC_MPOLY', 'TPC_NONE', 'TPC_MPOLY', 'UC_NONE', 'UC_NONE', 'TPC_NONE', 'SPC_NONE', 'UC_NONE', 'SPC_NONE', 'SPC_NONE', 'TPC_NONE', 'UC_NONE', 'TPC_NONE', 'TPC_NONE', 'SPC_NONE', 'TPC_NONE', 'UC_MPOLY', 'TPC_NONE', 'UC_NONE', 'TPC_NONE', 'UC_MPOLY', 'TPC_NONE', 'UC_NONE', 'TPC_NONE', 'SPC_NONE', 'TPC_NONE', 'SPC_MPOLY', 'SPC_NONE', 'SPC_NONE', 'UC_NONE', 'TPC_NONE', 'SPC_NONE', 'TPC_NONE', 'UC_NONE', 'SPC_NONE', 'UC_NONE', 'SPC_NONE', 'UC_MPOLY', 'UC_NONE']","{'SBX_MNUF': 1, 'TPC_MPOLY': 3, 'UC_NONE': 15, 'TPC_NONE': 20, 'SPC_NONE': 11, 'NONE_MPOLY': 1, 'TPC_MNUF': 1, 'UC_MPOLY': 4, 'SPC_MPOLY': 1}"
15,58,SPC,NONE,0.684188223837623,0.0375797041839767,856767590.4,836844951.5683217,2261734.56,1747312.6894863911,0.7382016946393908,2.0930046380041038e-05,0.02,0.0,GREEDY_HV,"['SPC_MBFLIP', 'SBX_MNUF', 'TPC_MPOLY', 'UC_NONE', 'TPC_NONE', 'UC_NONE', 'SPC_NONE', 'UC_NONE', 'TPC_NONE', 'TPC_NONE', 'UC_NONE', 'NONE_MPOLY', 'TPC_MNUF', 'TPC_NONE', 'UC_NONE', 'TPC_NONE', 'UC_MPOLY', 'TPC_NONE', 'TPC_NONE', 'TPC_MPOLY', 'TPC_NONE', 'TPC_MPOLY', 'UC_NONE', 'UC_NONE', 'TPC_NONE', 'SPC_NONE', 'UC_NONE', 'SPC_NONE', 'SPC_NONE', 'TPC_NONE', 'UC_NONE', 'TPC_NONE', 'TPC_NONE', 'SPC_NONE', 'TPC_NONE', 'UC_MPOLY', 'TPC_NONE', 'UC_NONE', 'TPC_NONE', 'UC_MPOLY', 'TPC_NONE', 'UC_NONE', 'TPC_NONE', 'SPC_NONE', 'TPC_NONE', 'SPC_MPOLY', 'SPC_NONE', 'SPC_NONE', 'UC_NONE', 'TPC_NONE', 'SPC_NONE', 'TPC_NONE', 'UC_NONE', 'SPC_NONE', 'UC_NONE', 'SPC_NONE', 'UC_MPOLY', 'UC_NONE', 'SPC_NONE']","{'SBX_MNUF': 1, 'TPC_MPOLY': 3, 'UC_NONE': 15, 'TPC_NONE': 20, 'SPC_NONE': 12, 'NONE_MPOLY': 1, 'TPC_MNUF': 1, 'UC_MPOLY': 4, 'SPC_MPOLY': 1}"
15,59,TPC,NONE,0.6828765283557335,0.037753473497089,845111260.16,863492971.1338282,2262898.08,1818705.1263792692,0.7382297991360747,2.810449668388948e-05,0.0,0.0,GREEDY_HV,"['SPC_MBFLIP', 'SBX_MNUF', 'TPC_MPOLY', 'UC_NONE', 'TPC_NONE', 'UC_NONE', 'SPC_NONE', 'UC_NONE', 'TPC_NONE', 'TPC_NONE', 'UC_NONE', 'NONE_MPOLY', 'TPC_MNUF', 'TPC_NONE', 'UC_NONE', 'TPC_NONE', 'UC_MPOLY', 'TPC_NONE', 'TPC_NONE', 'TPC_MPOLY', 'TPC_NONE', 'TPC_MPOLY', 'UC_NONE', 'UC_NONE', 'TPC_NONE', 'SPC_NONE', 'UC_NONE', 'SPC_NONE', 'SPC_NONE', 'TPC_NONE', 'UC_NONE', 'TPC_NONE', 'TPC_NONE', 'SPC_NONE', 'TPC_NONE', 'UC_MPOLY', 'TPC_NONE', 'UC_NONE', 'TPC_NONE', 'UC_MPOLY', 'TPC_NONE', 'UC_NONE', 'TPC_NONE', 'SPC_NONE', 'TPC_NONE', 'SPC_MPOLY', 'SPC_NONE', 'SPC_NONE', 'UC_NONE', 'TPC_NONE', 'SPC_NONE', 'TPC_NONE', 'UC_NONE', 'SPC_NONE', 'UC_NONE', 'SPC_NONE', 'UC_MPOLY', 'UC_NONE', 'SPC_NONE', 'TPC_NONE']","{'SBX_MNUF': 1, 'TPC_MPOLY': 3, 'UC_NONE': 15, 'TPC_NONE': 21, 'SPC_NONE': 12, 'NONE_MPOLY': 1, 'TPC_MNUF': 1, 'UC_MPOLY': 4, 'SPC_MPOLY': 1}"
15,60,TPC,NONE,0.6838242941890867,0.0376296019428359,866770867.2,852515238.6892692,2345063.84,1790759.3960685993,0.7381850890239181,-4.471011215656517e-05,0.0,0.0,GREEDY_HV,"['SPC_MBFLIP', 'SBX_MNUF', 'TPC_MPOLY', 'UC_NONE', 'TPC_NONE', 'UC_NONE', 'SPC_NONE', 'UC_NONE', 'TPC_NONE', 'TPC_NONE', 'UC_NONE', 'NONE_MPOLY', 'TPC_MNUF', 'TPC_NONE', 'UC_NONE', 'TPC_NONE', 'UC_MPOLY', 'TPC_NONE', 'TPC_NONE', 'TPC_MPOLY', 'TPC_NONE', 'TPC_MPOLY', 'UC_NONE', 'UC_NONE', 'TPC_NONE', 'SPC_NONE', 'UC_NONE', 'SPC_NONE', 'SPC_NONE', 'TPC_NONE', 'UC_NONE', 'TPC_NONE', 'TPC_NONE', 'SPC_NONE', 'TPC_NONE', 'UC_MPOLY', 'TPC_NONE', 'UC_NONE', 'TPC_NONE', 'UC_MPOLY', 'TPC_NONE', 'UC_NONE', 'TPC_NONE', 'SPC_NONE', 'TPC_NONE', 'SPC_MPOLY', 'SPC_NONE', 'SPC_NONE', 'UC_NONE', 'TPC_NONE', 'SPC_NONE', 'TPC_NONE', 'UC_NONE', 'SPC_NONE', 'UC_NONE', 'SPC_NONE', 'UC_MPOLY', 'UC_NONE', 'SPC_NONE', 'TPC_NONE', 'TPC_NONE']","{'SBX_MNUF': 1, 'TPC_MPOLY': 3, 'UC_NONE': 15, 'TPC_NONE': 22, 'SPC_NONE': 12, 'NONE_MPOLY': 1, 'TPC_MNUF': 1, 'UC_MPOLY': 4, 'SPC_MPOLY': 1}"
15,61,UC,MPOLY,0.6841720267475607,0.0369116443296981,852315024.64,857319031.3993807,2299975.84,1773513.9155799744,0.7381500971460301,-3.499187788802427e-05,0.0,0.005,GREEDY_HV,"['SPC_MBFLIP', 'SBX_MNUF', 'TPC_MPOLY', 'UC_NONE', 'TPC_NONE', 'UC_NONE', 'SPC_NONE', 'UC_NONE', 'TPC_NONE', 'TPC_NONE', 'UC_NONE', 'NONE_MPOLY', 'TPC_MNUF', 'TPC_NONE', 'UC_NONE', 'TPC_NONE', 'UC_MPOLY', 'TPC_NONE', 'TPC_NONE', 'TPC_MPOLY', 'TPC_NONE', 'TPC_MPOLY', 'UC_NONE', 'UC_NONE', 'TPC_NONE', 'SPC_NONE', 'UC_NONE', 'SPC_NONE', 'SPC_NONE', 'TPC_NONE', 'UC_NONE', 'TPC_NONE', 'TPC_NONE', 'SPC_NONE', 'TPC_NONE', 'UC_MPOLY', 'TPC_NONE', 'UC_NONE', 'TPC_NONE', 'UC_MPOLY', 'TPC_NONE', 'UC_NONE', 'TPC_NONE', 'SPC_NONE', 'TPC_NONE', 'SPC_MPOLY', 'SPC_NONE', 'SPC_NONE', 'UC_NONE', 'TPC_NONE', 'SPC_NONE', 'TPC_NONE', 'UC_NONE', 'SPC_NONE', 'UC_NONE', 'SPC_NONE', 'UC_MPOLY', 'UC_NONE', 'SPC_NONE', 'TPC_NONE', 'TPC_NONE', 'UC_MPOLY']","{'SBX_MNUF': 1, 'TPC_MPOLY': 3, 'UC_NONE': 15, 'TPC_NONE': 22, 'SPC_NONE': 12, 'NONE_MPOLY': 1, 'TPC_MNUF': 1, 'UC_MPOLY': 5, 'SPC_MPOLY': 1}"
15,62,SPC,NONE,0.690385916420174,0.0323058832468547,930752060.16,867264503.6713384,2526331.04,1702341.1976014788,0.7382581905393334,0.0001080933933033,0.0,0.0,GREEDY_HV,"['SPC_MBFLIP', 'SBX_MNUF', 'TPC_MPOLY', 'UC_NONE', 'TPC_NONE', 'UC_NONE', 'SPC_NONE', 'UC_NONE', 'TPC_NONE', 'TPC_NONE', 'UC_NONE', 'NONE_MPOLY', 'TPC_MNUF', 'TPC_NONE', 'UC_NONE', 'TPC_NONE', 'UC_MPOLY', 'TPC_NONE', 'TPC_NONE', 'TPC_MPOLY', 'TPC_NONE', 'TPC_MPOLY', 'UC_NONE', 'UC_NONE', 'TPC_NONE', 'SPC_NONE', 'UC_NONE', 'SPC_NONE', 'SPC_NONE', 'TPC_NONE', 'UC_NONE', 'TPC_NONE', 'TPC_NONE', 'SPC_NONE', 'TPC_NONE', 'UC_MPOLY', 'TPC_NONE', 'UC_NONE', 'TPC_NONE', 'UC_MPOLY', 'TPC_NONE', 'UC_NONE', 'TPC_NONE', 'SPC_NONE', 'TPC_NONE', 'SPC_MPOLY', 'SPC_NONE', 'SPC_NONE', 'UC_NONE', 'TPC_NONE', 'SPC_NONE', 'TPC_NONE', 'UC_NONE', 'SPC_NONE', 'UC_NONE', 'SPC_NONE', 'UC_MPOLY', 'UC_NONE', 'SPC_NONE', 'TPC_NONE', 'TPC_NONE', 'UC_MPOLY', 'SPC_NONE']","{'SBX_MNUF': 1, 'TPC_MPOLY': 3, 'UC_NONE': 15, 'TPC_NONE': 22, 'SPC_NONE': 13, 'NONE_MPOLY': 1, 'TPC_MNUF': 1, 'UC_MPOLY': 5, 'SPC_MPOLY': 1}"
15,63,TPC,NONE,0.6889311648360043,0.0337511871991615,953397105.92,881051803.4605395,2450862.24,1748712.4675616466,0.7382668370037123,8.646464378925245e-06,0.0,0.0,GREEDY_HV,"['SPC_MBFLIP', 'SBX_MNUF', 'TPC_MPOLY', 'UC_NONE', 'TPC_NONE', 'UC_NONE', 'SPC_NONE', 'UC_NONE', 'TPC_NONE', 'TPC_NONE', 'UC_NONE', 'NONE_MPOLY', 'TPC_MNUF', 'TPC_NONE', 'UC_NONE', 'TPC_NONE', 'UC_MPOLY', 'TPC_NONE', 'TPC_NONE', 'TPC_MPOLY', 'TPC_NONE', 'TPC_MPOLY', 'UC_NONE', 'UC_NONE', 'TPC_NONE', 'SPC_NONE', 'UC_NONE', 'SPC_NONE', 'SPC_NONE', 'TPC_NONE', 'UC_NONE', 'TPC_NONE', 'TPC_NONE', 'SPC_NONE', 'TPC_NONE', 'UC_MPOLY', 'TPC_NONE', 'UC_NONE', 'TPC_NONE', 'UC_MPOLY', 'TPC_NONE', 'UC_NONE', 'TPC_NONE', 'SPC_NONE', 'TPC_NONE', 'SPC_MPOLY', 'SPC_NONE', 'SPC_NONE', 'UC_NONE', 'TPC_NONE', 'SPC_NONE', 'TPC_NONE', 'UC_NONE', 'SPC_NONE', 'UC_NONE', 'SPC_NONE', 'UC_MPOLY', 'UC_NONE', 'SPC_NONE', 'TPC_NONE', 'TPC_NONE', 'UC_MPOLY', 'SPC_NONE', 'TPC_NONE']","{'SBX_MNUF': 1, 'TPC_MPOLY': 3, 'UC_NONE': 15, 'TPC_NONE': 23, 'SPC_NONE': 13, 'NONE_MPOLY': 1, 'TPC_MNUF': 1, 'UC_MPOLY': 5, 'SPC_MPOLY': 1}"
15,64,UC,NONE,0.6879047946582498,0.0342241649269512,945521724.16,887627582.5578735,2429319.84,1769190.9537528546,0.738262576725915,-4.260277797318857e-06,0.01,0.0,GREEDY_HV,"['SPC_MBFLIP', 'SBX_MNUF', 'TPC_MPOLY', 'UC_NONE', 'TPC_NONE', 'UC_NONE', 'SPC_NONE', 'UC_NONE', 'TPC_NONE', 'TPC_NONE', 'UC_NONE', 'NONE_MPOLY', 'TPC_MNUF', 'TPC_NONE', 'UC_NONE', 'TPC_NONE', 'UC_MPOLY', 'TPC_NONE', 'TPC_NONE', 'TPC_MPOLY', 'TPC_NONE', 'TPC_MPOLY', 'UC_NONE', 'UC_NONE', 'TPC_NONE', 'SPC_NONE', 'UC_NONE', 'SPC_NONE', 'SPC_NONE', 'TPC_NONE', 'UC_NONE', 'TPC_NONE', 'TPC_NONE', 'SPC_NONE', 'TPC_NONE', 'UC_MPOLY', 'TPC_NONE', 'UC_NONE', 'TPC_NONE', 'UC_MPOLY', 'TPC_NONE', 'UC_NONE', 'TPC_NONE', 'SPC_NONE', 'TPC_NONE', 'SPC_MPOLY', 'SPC_NONE', 'SPC_NONE', 'UC_NONE', 'TPC_NONE', 'SPC_NONE', 'TPC_NONE', 'UC_NONE', 'SPC_NONE', 'UC_NONE', 'SPC_NONE', 'UC_MPOLY', 'UC_NONE', 'SPC_NONE', 'TPC_NONE', 'TPC_NONE', 'UC_MPOLY', 'SPC_NONE', 'TPC_NONE', 'UC_NONE']","{'SBX_MNUF': 1, 'TPC_MPOLY': 3, 'UC_NONE': 16, 'TPC_NONE': 23, 'SPC_NONE': 13, 'NONE_MPOLY': 1, 'TPC_MNUF': 1, 'UC_MPOLY': 5, 'SPC_MPOLY': 1}"
15,65,SPC,NONE,0.6894862114214692,0.0340424198062562,955450218.24,880608515.5868697,2477829.28,1727716.277613834,0.7382719109475485,9.334221633516826e-06,0.0,0.0,GREEDY_HV,"['SPC_MBFLIP', 'SBX_MNUF', 'TPC_MPOLY', 'UC_NONE', 'TPC_NONE', 'UC_NONE', 'SPC_NONE', 'UC_NONE', 'TPC_NONE', 'TPC_NONE', 'UC_NONE', 'NONE_MPOLY', 'TPC_MNUF', 'TPC_NONE', 'UC_NONE', 'TPC_NONE', 'UC_MPOLY', 'TPC_NONE', 'TPC_NONE', 'TPC_MPOLY', 'TPC_NONE', 'TPC_MPOLY', 'UC_NONE', 'UC_NONE', 'TPC_NONE', 'SPC_NONE', 'UC_NONE', 'SPC_NONE', 'SPC_NONE', 'TPC_NONE', 'UC_NONE', 'TPC_NONE', 'TPC_NONE', 'SPC_NONE', 'TPC_NONE', 'UC_MPOLY', 'TPC_NONE', 'UC_NONE', 'TPC_NONE', 'UC_MPOLY', 'TPC_NONE', 'UC_NONE', 'TPC_NONE', 'SPC_NONE', 'TPC_NONE', 'SPC_MPOLY', 'SPC_NONE', 'SPC_NONE', 'UC_NONE', 'TPC_NONE', 'SPC_NONE', 'TPC_NONE', 'UC_NONE', 'SPC_NONE', 'UC_NONE', 'SPC_NONE', 'UC_MPOLY', 'UC_NONE', 'SPC_NONE', 'TPC_NONE', 'TPC_NONE', 'UC_MPOLY', 'SPC_NONE', 'TPC_NONE', 'UC_NONE', 'SPC_NONE']","{'SBX_MNUF': 1, 'TPC_MPOLY': 3, 'UC_NONE': 16, 'TPC_NONE': 23, 'SPC_NONE': 14, 'NONE_MPOLY': 1, 'TPC_MNUF': 1, 'UC_MPOLY': 5, 'SPC_MPOLY': 1}"
15,66,TPC,NONE,0.690883354782865,0.0310618602314442,961253427.2,868492602.0498843,2485527.2,1768506.161637668,0.7383288167868489,5.690583930040294e-05,0.03,0.0,GREEDY_HV,"['SPC_MBFLIP', 'SBX_MNUF', 'TPC_MPOLY', 'UC_NONE', 'TPC_NONE', 'UC_NONE', 'SPC_NONE', 'UC_NONE', 'TPC_NONE', 'TPC_NONE', 'UC_NONE', 'NONE_MPOLY', 'TPC_MNUF', 'TPC_NONE', 'UC_NONE', 'TPC_NONE', 'UC_MPOLY', 'TPC_NONE', 'TPC_NONE', 'TPC_MPOLY', 'TPC_NONE', 'TPC_MPOLY', 'UC_NONE', 'UC_NONE', 'TPC_NONE', 'SPC_NONE', 'UC_NONE', 'SPC_NONE', 'SPC_NONE', 'TPC_NONE', 'UC_NONE', 'TPC_NONE', 'TPC_NONE', 'SPC_NONE', 'TPC_NONE', 'UC_MPOLY', 'TPC_NONE', 'UC_NONE', 'TPC_NONE', 'UC_MPOLY', 'TPC_NONE', 'UC_NONE', 'TPC_NONE', 'SPC_NONE', 'TPC_NONE', 'SPC_MPOLY', 'SPC_NONE', 'SPC_NONE', 'UC_NONE', 'TPC_NONE', 'SPC_NONE', 'TPC_NONE', 'UC_NONE', 'SPC_NONE', 'UC_NONE', 'SPC_NONE', 'UC_MPOLY', 'UC_NONE', 'SPC_NONE', 'TPC_NONE', 'TPC_NONE', 'UC_MPOLY', 'SPC_NONE', 'TPC_NONE', 'UC_NONE', 'SPC_NONE', 'TPC_NONE']","{'SBX_MNUF': 1, 'TPC_MPOLY': 3, 'UC_NONE': 16, 'TPC_NONE': 24, 'SPC_NONE': 14, 'NONE_MPOLY': 1, 'TPC_MNUF': 1, 'UC_MPOLY': 5, 'SPC_MPOLY': 1}"
15,67,SPC,NONE,0.6900481954724,0.0331813209435452,963462173.44,854984895.7632759,2502364.32,1822987.1329030653,0.7383662316770516,3.741489020270272e-05,0.0,0.0,GREEDY_HV,"['SPC_MBFLIP', 'SBX_MNUF', 'TPC_MPOLY', 'UC_NONE', 'TPC_NONE', 'UC_NONE', 'SPC_NONE', 'UC_NONE', 'TPC_NONE', 'TPC_NONE', 'UC_NONE', 'NONE_MPOLY', 'TPC_MNUF', 'TPC_NONE', 'UC_NONE', 'TPC_NONE', 'UC_MPOLY', 'TPC_NONE', 'TPC_NONE', 'TPC_MPOLY', 'TPC_NONE', 'TPC_MPOLY', 'UC_NONE', 'UC_NONE', 'TPC_NONE', 'SPC_NONE', 'UC_NONE', 'SPC_NONE', 'SPC_NONE', 'TPC_NONE', 'UC_NONE', 'TPC_NONE', 'TPC_NONE', 'SPC_NONE', 'TPC_NONE', 'UC_MPOLY', 'TPC_NONE', 'UC_NONE', 'TPC_NONE', 'UC_MPOLY', 'TPC_NONE', 'UC_NONE', 'TPC_NONE', 'SPC_NONE', 'TPC_NONE', 'SPC_MPOLY', 'SPC_NONE', 'SPC_NONE', 'UC_NONE', 'TPC_NONE', 'SPC_NONE', 'TPC_NONE', 'UC_NONE', 'SPC_NONE', 'UC_NONE', 'SPC_NONE', 'UC_MPOLY', 'UC_NONE', 'SPC_NONE', 'TPC_NONE', 'TPC_NONE', 'UC_MPOLY', 'SPC_NONE', 'TPC_NONE', 'UC_NONE', 'SPC_NONE', 'TPC_NONE', 'SPC_NONE']","{'SBX_MNUF': 1, 'TPC_MPOLY': 3, 'UC_NONE': 16, 'TPC_NONE': 24, 'SPC_NONE': 15, 'NONE_MPOLY': 1, 'TPC_MNUF': 1, 'UC_MPOLY': 5, 'SPC_MPOLY': 1}"
15,68,UC,NONE,0.6884389450033307,0.033455976618891,928151105.28,855471807.9267836,2384047.52,1858742.983838037,0.7383903180036729,2.408632662131982e-05,0.0,0.0,GREEDY_HV,"['SPC_MBFLIP', 'SBX_MNUF', 'TPC_MPOLY', 'UC_NONE', 'TPC_NONE', 'UC_NONE', 'SPC_NONE', 'UC_NONE', 'TPC_NONE', 'TPC_NONE', 'UC_NONE', 'NONE_MPOLY', 'TPC_MNUF', 'TPC_NONE', 'UC_NONE', 'TPC_NONE', 'UC_MPOLY', 'TPC_NONE', 'TPC_NONE', 'TPC_MPOLY', 'TPC_NONE', 'TPC_MPOLY', 'UC_NONE', 'UC_NONE', 'TPC_NONE', 'SPC_NONE', 'UC_NONE', 'SPC_NONE', 'SPC_NONE', 'TPC_NONE', 'UC_NONE', 'TPC_NONE', 'TPC_NONE', 'SPC_NONE', 'TPC_NONE', 'UC_MPOLY', 'TPC_NONE', 'UC_NONE', 'TPC_NONE', 'UC_MPOLY', 'TPC_NONE', 'UC_NONE', 'TPC_NONE', 'SPC_NONE', 'TPC_NONE', 'SPC_MPOLY', 'SPC_NONE', 'SPC_NONE', 'UC_NONE', 'TPC_NONE', 'SPC_NONE', 'TPC_NONE', 'UC_NONE', 'SPC_NONE', 'UC_NONE', 'SPC_NONE', 'UC_MPOLY', 'UC_NONE', 'SPC_NONE', 'TPC_NONE', 'TPC_NONE', 'UC_MPOLY', 'SPC_NONE', 'TPC_NONE', 'UC_NONE', 'SPC_NONE', 'TPC_NONE', 'SPC_NONE', 'UC_NONE']","{'SBX_MNUF': 1, 'TPC_MPOLY': 3, 'UC_NONE': 17, 'TPC_NONE': 24, 'SPC_NONE': 15, 'NONE_MPOLY': 1, 'TPC_MNUF': 1, 'UC_MPOLY': 5, 'SPC_MPOLY': 1}"
15,69,UC,NONE,0.6898266681521373,0.033435219846095,946468729.6,845102022.7853653,2456588.96,1828628.818327973,0.7384225526654262,3.223466175328316e-05,0.01,0.0,GREEDY_HV,"['SPC_MBFLIP', 'SBX_MNUF', 'TPC_MPOLY', 'UC_NONE', 'TPC_NONE', 'UC_NONE', 'SPC_NONE', 'UC_NONE', 'TPC_NONE', 'TPC_NONE', 'UC_NONE', 'NONE_MPOLY', 'TPC_MNUF', 'TPC_NONE', 'UC_NONE', 'TPC_NONE', 'UC_MPOLY', 'TPC_NONE', 'TPC_NONE', 'TPC_MPOLY', 'TPC_NONE', 'TPC_MPOLY', 'UC_NONE', 'UC_NONE', 'TPC_NONE', 'SPC_NONE', 'UC_NONE', 'SPC_NONE', 'SPC_NONE', 'TPC_NONE', 'UC_NONE', 'TPC_NONE', 'TPC_NONE', 'SPC_NONE', 'TPC_NONE', 'UC_MPOLY', 'TPC_NONE', 'UC_NONE', 'TPC_NONE', 'UC_MPOLY', 'TPC_NONE', 'UC_NONE', 'TPC_NONE', 'SPC_NONE', 'TPC_NONE', 'SPC_MPOLY', 'SPC_NONE', 'SPC_NONE', 'UC_NONE', 'TPC_NONE', 'SPC_NONE', 'TPC_NONE', 'UC_NONE', 'SPC_NONE', 'UC_NONE', 'SPC_NONE', 'UC_MPOLY', 'UC_NONE', 'SPC_NONE', 'TPC_NONE', 'TPC_NONE', 'UC_MPOLY', 'SPC_NONE', 'TPC_NONE', 'UC_NONE', 'SPC_NONE', 'TPC_NONE', 'SPC_NONE', 'UC_NONE', 'UC_NONE']","{'SBX_MNUF': 1, 'TPC_MPOLY': 3, 'UC_NONE': 18, 'TPC_NONE': 24, 'SPC_NONE': 15, 'NONE_MPOLY': 1, 'TPC_MNUF': 1, 'UC_MPOLY': 5, 'SPC_MPOLY': 1}"
15,70,TPC,NONE,0.6882432332927648,0.0341437063022222,954552648.96,885672408.6318134,2414628.0,1826502.5207269983,0.7383911383708844,-3.1414294541787235e-05,0.0,0.0,GREEDY_HV,"['SPC_MBFLIP', 'SBX_MNUF', 'TPC_MPOLY', 'UC_NONE', 'TPC_NONE', 'UC_NONE', 'SPC_NONE', 'UC_NONE', 'TPC_NONE', 'TPC_NONE', 'UC_NONE', 'NONE_MPOLY', 'TPC_MNUF', 'TPC_NONE', 'UC_NONE', 'TPC_NONE', 'UC_MPOLY', 'TPC_NONE', 'TPC_NONE', 'TPC_MPOLY', 'TPC_NONE', 'TPC_MPOLY', 'UC_NONE', 'UC_NONE', 'TPC_NONE', 'SPC_NONE', 'UC_NONE', 'SPC_NONE', 'SPC_NONE', 'TPC_NONE', 'UC_NONE', 'TPC_NONE', 'TPC_NONE', 'SPC_NONE', 'TPC_NONE', 'UC_MPOLY', 'TPC_NONE', 'UC_NONE', 'TPC_NONE', 'UC_MPOLY', 'TPC_NONE', 'UC_NONE', 'TPC_NONE', 'SPC_NONE', 'TPC_NONE', 'SPC_MPOLY', 'SPC_NONE', 'SPC_NONE', 'UC_NONE', 'TPC_NONE', 'SPC_NONE', 'TPC_NONE', 'UC_NONE', 'SPC_NONE', 'UC_NONE', 'SPC_NONE', 'UC_MPOLY', 'UC_NONE', 'SPC_NONE', 'TPC_NONE', 'TPC_NONE', 'UC_MPOLY', 'SPC_NONE', 'TPC_NONE', 'UC_NONE', 'SPC_NONE', 'TPC_NONE', 'SPC_NONE', 'UC_NONE', 'UC_NONE', 'TPC_NONE']","{'SBX_MNUF': 1, 'TPC_MPOLY': 3, 'UC_NONE': 18, 'TPC_NONE': 25, 'SPC_NONE': 15, 'NONE_MPOLY': 1, 'TPC_MNUF': 1, 'UC_MPOLY': 5, 'SPC_MPOLY': 1}"
15,71,UC,NONE,0.6869850023730134,0.0367832631093892,974183920.64,900773663.6753002,2420162.72,1825667.2294883863,0.7383965586342127,5.420263328281827e-06,0.0,0.0,GREEDY_HV,"['SPC_MBFLIP', 'SBX_MNUF', 'TPC_MPOLY', 'UC_NONE', 'TPC_NONE', 'UC_NONE', 'SPC_NONE', 'UC_NONE', 'TPC_NONE', 'TPC_NONE', 'UC_NONE', 'NONE_MPOLY', 'TPC_MNUF', 'TPC_NONE', 'UC_NONE', 'TPC_NONE', 'UC_MPOLY', 'TPC_NONE', 'TPC_NONE', 'TPC_MPOLY', 'TPC_NONE', 'TPC_MPOLY', 'UC_NONE', 'UC_NONE', 'TPC_NONE', 'SPC_NONE', 'UC_NONE', 'SPC_NONE', 'SPC_NONE', 'TPC_NONE', 'UC_NONE', 'TPC_NONE', 'TPC_NONE', 'SPC_NONE', 'TPC_NONE', 'UC_MPOLY', 'TPC_NONE', 'UC_NONE', 'TPC_NONE', 'UC_MPOLY', 'TPC_NONE', 'UC_NONE', 'TPC_NONE', 'SPC_NONE', 'TPC_NONE', 'SPC_MPOLY', 'SPC_NONE', 'SPC_NONE', 'UC_NONE', 'TPC_NONE', 'SPC_NONE', 'TPC_NONE', 'UC_NONE', 'SPC_NONE', 'UC_NONE', 'SPC_NONE', 'UC_MPOLY', 'UC_NONE', 'SPC_NONE', 'TPC_NONE', 'TPC_NONE', 'UC_MPOLY', 'SPC_NONE', 'TPC_NONE', 'UC_NONE', 'SPC_NONE', 'TPC_NONE', 'SPC_NONE', 'UC_NONE', 'UC_NONE', 'TPC_NONE', 'UC_NONE']","{'SBX_MNUF': 1, 'TPC_MPOLY': 3, 'UC_NONE': 19, 'TPC_NONE': 25, 'SPC_NONE': 15, 'NONE_MPOLY': 1, 'TPC_MNUF': 1, 'UC_MPOLY': 5, 'SPC_MPOLY': 1}"
15,72,UC,NONE,0.6865824493831083,0.0370903370667505,975438745.6,903088320.0879978,2435792.8,1842472.5128240036,0.7383887121479048,-7.8464863079164e-06,0.0,0.0,GREEDY_HV,"['SPC_MBFLIP', 'SBX_MNUF', 'TPC_MPOLY', 'UC_NONE', 'TPC_NONE', 'UC_NONE', 'SPC_NONE', 'UC_NONE', 'TPC_NONE', 'TPC_NONE', 'UC_NONE', 'NONE_MPOLY', 'TPC_MNUF', 'TPC_NONE', 'UC_NONE', 'TPC_NONE', 'UC_MPOLY', 'TPC_NONE', 'TPC_NONE', 'TPC_MPOLY', 'TPC_NONE', 'TPC_MPOLY', 'UC_NONE', 'UC_NONE', 'TPC_NONE', 'SPC_NONE', 'UC_NONE', 'SPC_NONE', 'SPC_NONE', 'TPC_NONE', 'UC_NONE', 'TPC_NONE', 'TPC_NONE', 'SPC_NONE', 'TPC_NONE', 'UC_MPOLY', 'TPC_NONE', 'UC_NONE', 'TPC_NONE', 'UC_MPOLY', 'TPC_NONE', 'UC_NONE', 'TPC_NONE', 'SPC_NONE', 'TPC_NONE', 'SPC_MPOLY', 'SPC_NONE', 'SPC_NONE', 'UC_NONE', 'TPC_NONE', 'SPC_NONE', 'TPC_NONE', 'UC_NONE', 'SPC_NONE', 'UC_NONE', 'SPC_NONE', 'UC_MPOLY', 'UC_NONE', 'SPC_NONE', 'TPC_NONE', 'TPC_NONE', 'UC_MPOLY', 'SPC_NONE', 'TPC_NONE', 'UC_NONE', 'SPC_NONE', 'TPC_NONE', 'SPC_NONE', 'UC_NONE', 'UC_NONE', 'TPC_NONE', 'UC_NONE', 'UC_NONE']","{'SBX_MNUF': 1, 'TPC_MPOLY': 3, 'UC_NONE': 20, 'TPC_NONE': 25, 'SPC_NONE': 15, 'NONE_MPOLY': 1, 'TPC_MNUF': 1, 'UC_MPOLY': 5, 'SPC_MPOLY': 1}"
15,73,TPC,NONE,0.6881326437588768,0.0363968439971553,955100902.4,868658435.1842866,2517269.92,1853422.3420060505,0.7384055975674488,1.6885419544032665e-05,0.0,0.0,GREEDY_HV,"['SPC_MBFLIP', 'SBX_MNUF', 'TPC_MPOLY', 'UC_NONE', 'TPC_NONE', 'UC_NONE', 'SPC_NONE', 'UC_NONE', 'TPC_NONE', 'TPC_NONE', 'UC_NONE', 'NONE_MPOLY', 'TPC_MNUF', 'TPC_NONE', 'UC_NONE', 'TPC_NONE', 'UC_MPOLY', 'TPC_NONE', 'TPC_NONE', 'TPC_MPOLY', 'TPC_NONE', 'TPC_MPOLY', 'UC_NONE', 'UC_NONE', 'TPC_NONE', 'SPC_NONE', 'UC_NONE', 'SPC_NONE', 'SPC_NONE', 'TPC_NONE', 'UC_NONE', 'TPC_NONE', 'TPC_NONE', 'SPC_NONE', 'TPC_NONE', 'UC_MPOLY', 'TPC_NONE', 'UC_NONE', 'TPC_NONE', 'UC_MPOLY', 'TPC_NONE', 'UC_NONE', 'TPC_NONE', 'SPC_NONE', 'TPC_NONE', 'SPC_MPOLY', 'SPC_NONE', 'SPC_NONE', 'UC_NONE', 'TPC_NONE', 'SPC_NONE', 'TPC_NONE', 'UC_NONE', 'SPC_NONE', 'UC_NONE', 'SPC_NONE', 'UC_MPOLY', 'UC_NONE', 'SPC_NONE', 'TPC_NONE', 'TPC_NONE', 'UC_MPOLY', 'SPC_NONE', 'TPC_NONE', 'UC_NONE', 'SPC_NONE', 'TPC_NONE', 'SPC_NONE', 'UC_NONE', 'UC_NONE', 'TPC_NONE', 'UC_NONE', 'UC_NONE', 'TPC_NONE']","{'SBX_MNUF': 1, 'TPC_MPOLY': 3, 'UC_NONE': 20, 'TPC_NONE': 26, 'SPC_NONE': 15, 'NONE_MPOLY': 1, 'TPC_MNUF': 1, 'UC_MPOLY': 5, 'SPC_MPOLY': 1}"
15,74,UC,NONE,0.6856456847450946,0.0365973600349218,896928558.08,910679989.9957892,2395845.28,1872437.470704483,0.7383630182628109,-4.257930463791304e-05,0.01,0.0,GREEDY_HV,"['SPC_MBFLIP', 'SBX_MNUF', 'TPC_MPOLY', 'UC_NONE', 'TPC_NONE', 'UC_NONE', 'SPC_NONE', 'UC_NONE', 'TPC_NONE', 'TPC_NONE', 'UC_NONE', 'NONE_MPOLY', 'TPC_MNUF', 'TPC_NONE', 'UC_NONE', 'TPC_NONE', 'UC_MPOLY', 'TPC_NONE', 'TPC_NONE', 'TPC_MPOLY', 'TPC_NONE', 'TPC_MPOLY', 'UC_NONE', 'UC_NONE', 'TPC_NONE', 'SPC_NONE', 'UC_NONE', 'SPC_NONE', 'SPC_NONE', 'TPC_NONE', 'UC_NONE', 'TPC_NONE', 'TPC_NONE', 'SPC_NONE', 'TPC_NONE', 'UC_MPOLY', 'TPC_NONE', 'UC_NONE', 'TPC_NONE', 'UC_MPOLY', 'TPC_NONE', 'UC_NONE', 'TPC_NONE', 'SPC_NONE', 'TPC_NONE', 'SPC_MPOLY', 'SPC_NONE', 'SPC_NONE', 'UC_NONE', 'TPC_NONE', 'SPC_NONE', 'TPC_NONE', 'UC_NONE', 'SPC_NONE', 'UC_NONE', 'SPC_NONE', 'UC_MPOLY', 'UC_NONE', 'SPC_NONE', 'TPC_NONE', 'TPC_NONE', 'UC_MPOLY', 'SPC_NONE', 'TPC_NONE', 'UC_NONE', 'SPC_NONE', 'TPC_NONE', 'SPC_NONE', 'UC_NONE', 'UC_NONE', 'TPC_NONE', 'UC_NONE', 'UC_NONE', 'TPC_NONE', 'UC_NONE']","{'SBX_MNUF': 1, 'TPC_MPOLY': 3, 'UC_NONE': 21, 'TPC_NONE': 26, 'SPC_NONE': 15, 'NONE_MPOLY': 1, 'TPC_MNUF': 1, 'UC_MPOLY': 5, 'SPC_MPOLY': 1}"
15,75,SPC,NONE,0.6876565742767737,0.0359987135813012,928364474.88,907883208.960128,2540057.76,1885329.1059574569,0.7384118364684604,4.8818205649503454e-05,0.0,0.0,GREEDY_HV,"['SPC_MBFLIP', 'SBX_MNUF', 'TPC_MPOLY', 'UC_NONE', 'TPC_NONE', 'UC_NONE', 'SPC_NONE', 'UC_NONE', 'TPC_NONE', 'TPC_NONE', 'UC_NONE', 'NONE_MPOLY', 'TPC_MNUF', 'TPC_NONE', 'UC_NONE', 'TPC_NONE', 'UC_MPOLY', 'TPC_NONE', 'TPC_NONE', 'TPC_MPOLY', 'TPC_NONE', 'TPC_MPOLY', 'UC_NONE', 'UC_NONE', 'TPC_NONE', 'SPC_NONE', 'UC_NONE', 'SPC_NONE', 'SPC_NONE', 'TPC_NONE', 'UC_NONE', 'TPC_NONE', 'TPC_NONE', 'SPC_NONE', 'TPC_NONE', 'UC_MPOLY', 'TPC_NONE', 'UC_NONE', 'TPC_NONE', 'UC_MPOLY', 'TPC_NONE', 'UC_NONE', 'TPC_NONE', 'SPC_NONE', 'TPC_NONE', 'SPC_MPOLY', 'SPC_NONE', 'SPC_NONE', 'UC_NONE', 'TPC_NONE', 'SPC_NONE', 'TPC_NONE', 'UC_NONE', 'SPC_NONE', 'UC_NONE', 'SPC_NONE', 'UC_MPOLY', 'UC_NONE', 'SPC_NONE', 'TPC_NONE', 'TPC_NONE', 'UC_MPOLY', 'SPC_NONE', 'TPC_NONE', 'UC_NONE', 'SPC_NONE', 'TPC_NONE', 'SPC_NONE', 'UC_NONE', 'UC_NONE', 'TPC_NONE', 'UC_NONE', 'UC_NONE', 'TPC_NONE', 'UC_NONE', 'SPC_NONE']","{'SBX_MNUF': 1, 'TPC_MPOLY': 3, 'UC_NONE': 21, 'TPC_NONE': 26, 'SPC_NONE': 16, 'NONE_MPOLY': 1, 'TPC_MNUF': 1, 'UC_MPOLY': 5, 'SPC_MPOLY': 1}"
15,76,SPC,NONE,0.6877452743655518,0.0357200992565468,938944199.68,925104704.3729908,2549578.4,1908984.8021964356,0.7384018382483362,-9.998220124263211e-06,0.0,0.0,GREEDY_HV,"['SPC_MBFLIP', 'SBX_MNUF', 'TPC_MPOLY', 'UC_NONE', 'TPC_NONE', 'UC_NONE', 'SPC_NONE', 'UC_NONE', 'TPC_NONE', 'TPC_NONE', 'UC_NONE', 'NONE_MPOLY', 'TPC_MNUF', 'TPC_NONE', 'UC_NONE', 'TPC_NONE', 'UC_MPOLY', 'TPC_NONE', 'TPC_NONE', 'TPC_MPOLY', 'TPC_NONE', 'TPC_MPOLY', 'UC_NONE', 'UC_NONE', 'TPC_NONE', 'SPC_NONE', 'UC_NONE', 'SPC_NONE', 'SPC_NONE', 'TPC_NONE', 'UC_NONE', 'TPC_NONE', 'TPC_NONE', 'SPC_NONE', 'TPC_NONE', 'UC_MPOLY', 'TPC_NONE', 'UC_NONE', 'TPC_NONE', 'UC_MPOLY', 'TPC_NONE', 'UC_NONE', 'TPC_NONE', 'SPC_NONE', 'TPC_NONE', 'SPC_MPOLY', 'SPC_NONE', 'SPC_NONE', 'UC_NONE', 'TPC_NONE', 'SPC_NONE', 'TPC_NONE', 'UC_NONE', 'SPC_NONE', 'UC_NONE', 'SPC_NONE', 'UC_MPOLY', 'UC_NONE', 'SPC_NONE', 'TPC_NONE', 'TPC_NONE', 'UC_MPOLY', 'SPC_NONE', 'TPC_NONE', 'UC_NONE', 'SPC_NONE', 'TPC_NONE', 'SPC_NONE', 'UC_NONE', 'UC_NONE', 'TPC_NONE', 'UC_NONE', 'UC_NONE', 'TPC_NONE', 'UC_NONE', 'SPC_NONE', 'SPC_NONE']","{'SBX_MNUF': 1, 'TPC_MPOLY': 3, 'UC_NONE': 21, 'TPC_NONE': 26, 'SPC_NONE': 17, 'NONE_MPOLY': 1, 'TPC_MNUF': 1, 'UC_MPOLY': 5, 'SPC_MPOLY': 1}"
15,77,SPC,MPOLY,0.6868553762782568,0.0364226325280712,929877306.88,923729217.5525104,2530658.72,1914602.3486831407,0.7384414409826765,3.960273434033823e-05,0.0,0.0,GREEDY_HV,"['SPC_MBFLIP', 'SBX_MNUF', 'TPC_MPOLY', 'UC_NONE', 'TPC_NONE', 'UC_NONE', 'SPC_NONE', 'UC_NONE', 'TPC_NONE', 'TPC_NONE', 'UC_NONE', 'NONE_MPOLY', 'TPC_MNUF', 'TPC_NONE', 'UC_NONE', 'TPC_NONE', 'UC_MPOLY', 'TPC_NONE', 'TPC_NONE', 'TPC_MPOLY', 'TPC_NONE', 'TPC_MPOLY', 'UC_NONE', 'UC_NONE', 'TPC_NONE', 'SPC_NONE', 'UC_NONE', 'SPC_NONE', 'SPC_NONE', 'TPC_NONE', 'UC_NONE', 'TPC_NONE', 'TPC_NONE', 'SPC_NONE', 'TPC_NONE', 'UC_MPOLY', 'TPC_NONE', 'UC_NONE', 'TPC_NONE', 'UC_MPOLY', 'TPC_NONE', 'UC_NONE', 'TPC_NONE', 'SPC_NONE', 'TPC_NONE', 'SPC_MPOLY', 'SPC_NONE', 'SPC_NONE', 'UC_NONE', 'TPC_NONE', 'SPC_NONE', 'TPC_NONE', 'UC_NONE', 'SPC_NONE', 'UC_NONE', 'SPC_NONE', 'UC_MPOLY', 'UC_NONE', 'SPC_NONE', 'TPC_NONE', 'TPC_NONE', 'UC_MPOLY', 'SPC_NONE', 'TPC_NONE', 'UC_NONE', 'SPC_NONE', 'TPC_NONE', 'SPC_NONE', 'UC_NONE', 'UC_NONE', 'TPC_NONE', 'UC_NONE', 'UC_NONE', 'TPC_NONE', 'UC_NONE', 'SPC_NONE', 'SPC_NONE', 'SPC_MPOLY']","{'SBX_MNUF': 1, 'TPC_MPOLY': 3, 'UC_NONE': 21, 'TPC_NONE': 26, 'SPC_NONE': 17, 'NONE_MPOLY': 1, 'TPC_MNUF': 1, 'UC_MPOLY': 5, 'SPC_MPOLY': 2}"
15,78,SPC,NONE,0.6885690591961767,0.0365369521789529,990487772.16,922108049.7747508,2635428.0,1881199.8239598472,0.7384618507336864,2.040975100991993e-05,0.0,0.0,GREEDY_HV,"['SPC_MBFLIP', 'SBX_MNUF', 'TPC_MPOLY', 'UC_NONE', 'TPC_NONE', 'UC_NONE', 'SPC_NONE', 'UC_NONE', 'TPC_NONE', 'TPC_NONE', 'UC_NONE', 'NONE_MPOLY', 'TPC_MNUF', 'TPC_NONE', 'UC_NONE', 'TPC_NONE', 'UC_MPOLY', 'TPC_NONE', 'TPC_NONE', 'TPC_MPOLY', 'TPC_NONE', 'TPC_MPOLY', 'UC_NONE', 'UC_NONE', 'TPC_NONE', 'SPC_NONE', 'UC_NONE', 'SPC_NONE', 'SPC_NONE', 'TPC_NONE', 'UC_NONE', 'TPC_NONE', 'TPC_NONE', 'SPC_NONE', 'TPC_NONE', 'UC_MPOLY', 'TPC_NONE', 'UC_NONE', 'TPC_NONE', 'UC_MPOLY', 'TPC_NONE', 'UC_NONE', 'TPC_NONE', 'SPC_NONE', 'TPC_NONE', 'SPC_MPOLY', 'SPC_NONE', 'SPC_NONE', 'UC_NONE', 'TPC_NONE', 'SPC_NONE', 'TPC_NONE', 'UC_NONE', 'SPC_NONE', 'UC_NONE', 'SPC_NONE', 'UC_MPOLY', 'UC_NONE', 'SPC_NONE', 'TPC_NONE', 'TPC_NONE', 'UC_MPOLY', 'SPC_NONE', 'TPC_NONE', 'UC_NONE', 'SPC_NONE', 'TPC_NONE', 'SPC_NONE', 'UC_NONE', 'UC_NONE', 'TPC_NONE', 'UC_NONE', 'UC_NONE', 'TPC_NONE', 'UC_NONE', 'SPC_NONE', 'SPC_NONE', 'SPC_MPOLY', 'SPC_NONE']","{'SBX_MNUF': 1, 'TPC_MPOLY': 3, 'UC_NONE': 21, 'TPC_NONE': 26, 'SPC_NONE': 18, 'NONE_MPOLY': 1, 'TPC_MNUF': 1, 'UC_MPOLY': 5, 'SPC_MPOLY': 2}"
15,79,SPC,NONE,0.6862917125421825,0.0362378980456292,934720468.48,919656193.6168298,2425499.04,1917572.4950115124,0.7384429465866574,-1.890414702898635e-05,0.0,0.0,GREEDY_HV,"['SPC_MBFLIP', 'SBX_MNUF', 'TPC_MPOLY', 'UC_NONE', 'TPC_NONE', 'UC_NONE', 'SPC_NONE', 'UC_NONE', 'TPC_NONE', 'TPC_NONE', 'UC_NONE', 'NONE_MPOLY', 'TPC_MNUF', 'TPC_NONE', 'UC_NONE', 'TPC_NONE', 'UC_MPOLY', 'TPC_NONE', 'TPC_NONE', 'TPC_MPOLY', 'TPC_NONE', 'TPC_MPOLY', 'UC_NONE', 'UC_NONE', 'TPC_NONE', 'SPC_NONE', 'UC_NONE', 'SPC_NONE', 'SPC_NONE', 'TPC_NONE', 'UC_NONE', 'TPC_NONE', 'TPC_NONE', 'SPC_NONE', 'TPC_NONE', 'UC_MPOLY', 'TPC_NONE', 'UC_NONE', 'TPC_NONE', 'UC_MPOLY', 'TPC_NONE', 'UC_NONE', 'TPC_NONE', 'SPC_NONE', 'TPC_NONE', 'SPC_MPOLY', 'SPC_NONE', 'SPC_NONE', 'UC_NONE', 'TPC_NONE', 'SPC_NONE', 'TPC_NONE', 'UC_NONE', 'SPC_NONE', 'UC_NONE', 'SPC_NONE', 'UC_MPOLY', 'UC_NONE', 'SPC_NONE', 'TPC_NONE', 'TPC_NONE', 'UC_MPOLY', 'SPC_NONE', 'TPC_NONE', 'UC_NONE', 'SPC_NONE', 'TPC_NONE', 'SPC_NONE', 'UC_NONE', 'UC_NONE', 'TPC_NONE', 'UC_NONE', 'UC_NONE', 'TPC_NONE', 'UC_NONE', 'SPC_NONE', 'SPC_NONE', 'SPC_MPOLY', 'SPC_NONE', 'SPC_NONE']","{'SBX_MNUF': 1, 'TPC_MPOLY': 3, 'UC_NONE': 21, 'TPC_NONE': 26, 'SPC_NONE': 19, 'NONE_MPOLY': 1, 'TPC_MNUF': 1, 'UC_MPOLY': 5, 'SPC_MPOLY': 2}"
15,80,TPC,NONE,0.686248638870596,0.0367573502888924,955686282.24,914278739.7806478,2473180.32,1906896.017380596,0.7383268543356168,-0.0001160922510405,0.0,0.0,GREEDY_HV,"['SPC_MBFLIP', 'SBX_MNUF', 'TPC_MPOLY', 'UC_NONE', 'TPC_NONE', 'UC_NONE', 'SPC_NONE', 'UC_NONE', 'TPC_NONE', 'TPC_NONE', 'UC_NONE', 'NONE_MPOLY', 'TPC_MNUF', 'TPC_NONE', 'UC_NONE', 'TPC_NONE', 'UC_MPOLY', 'TPC_NONE', 'TPC_NONE', 'TPC_MPOLY', 'TPC_NONE', 'TPC_MPOLY', 'UC_NONE', 'UC_NONE', 'TPC_NONE', 'SPC_NONE', 'UC_NONE', 'SPC_NONE', 'SPC_NONE', 'TPC_NONE', 'UC_NONE', 'TPC_NONE', 'TPC_NONE', 'SPC_NONE', 'TPC_NONE', 'UC_MPOLY', 'TPC_NONE', 'UC_NONE', 'TPC_NONE', 'UC_MPOLY', 'TPC_NONE', 'UC_NONE', 'TPC_NONE', 'SPC_NONE', 'TPC_NONE', 'SPC_MPOLY', 'SPC_NONE', 'SPC_NONE', 'UC_NONE', 'TPC_NONE', 'SPC_NONE', 'TPC_NONE', 'UC_NONE', 'SPC_NONE', 'UC_NONE', 'SPC_NONE', 'UC_MPOLY', 'UC_NONE', 'SPC_NONE', 'TPC_NONE', 'TPC_NONE', 'UC_MPOLY', 'SPC_NONE', 'TPC_NONE', 'UC_NONE', 'SPC_NONE', 'TPC_NONE', 'SPC_NONE', 'UC_NONE', 'UC_NONE', 'TPC_NONE', 'UC_NONE', 'UC_NONE', 'TPC_NONE', 'UC_NONE', 'SPC_NONE', 'SPC_NONE', 'SPC_MPOLY', 'SPC_NONE', 'SPC_NONE', 'TPC_NONE']","{'SBX_MNUF': 1, 'TPC_MPOLY': 3, 'UC_NONE': 21, 'TPC_NONE': 27, 'SPC_NONE': 19, 'NONE_MPOLY': 1, 'TPC_MNUF': 1, 'UC_MPOLY': 5, 'SPC_MPOLY': 2}"
15,81,SPC,NONE,0.6871195542030673,0.0364780481779065,988494402.56,933662528.6605378,2470305.44,1877903.2259252144,0.7383980726160604,7.121828044354128e-05,0.0,0.0,GREEDY_HV,"['SPC_MBFLIP', 'SBX_MNUF', 'TPC_MPOLY', 'UC_NONE', 'TPC_NONE', 'UC_NONE', 'SPC_NONE', 'UC_NONE', 'TPC_NONE', 'TPC_NONE', 'UC_NONE', 'NONE_MPOLY', 'TPC_MNUF', 'TPC_NONE', 'UC_NONE', 'TPC_NONE', 'UC_MPOLY', 'TPC_NONE', 'TPC_NONE', 'TPC_MPOLY', 'TPC_NONE', 'TPC_MPOLY', 'UC_NONE', 'UC_NONE', 'TPC_NONE', 'SPC_NONE', 'UC_NONE', 'SPC_NONE', 'SPC_NONE', 'TPC_NONE', 'UC_NONE', 'TPC_NONE', 'TPC_NONE', 'SPC_NONE', 'TPC_NONE', 'UC_MPOLY', 'TPC_NONE', 'UC_NONE', 'TPC_NONE', 'UC_MPOLY', 'TPC_NONE', 'UC_NONE', 'TPC_NONE', 'SPC_NONE', 'TPC_NONE', 'SPC_MPOLY', 'SPC_NONE', 'SPC_NONE', 'UC_NONE', 'TPC_NONE', 'SPC_NONE', 'TPC_NONE', 'UC_NONE', 'SPC_NONE', 'UC_NONE', 'SPC_NONE', 'UC_MPOLY', 'UC_NONE', 'SPC_NONE', 'TPC_NONE', 'TPC_NONE', 'UC_MPOLY', 'SPC_NONE', 'TPC_NONE', 'UC_NONE', 'SPC_NONE', 'TPC_NONE', 'SPC_NONE', 'UC_NONE', 'UC_NONE', 'TPC_NONE', 'UC_NONE', 'UC_NONE', 'TPC_NONE', 'UC_NONE', 'SPC_NONE', 'SPC_NONE', 'SPC_MPOLY', 'SPC_NONE', 'SPC_NONE', 'TPC_NONE', 'SPC_NONE']","{'SBX_MNUF': 1, 'TPC_MPOLY': 3, 'UC_NONE': 21, 'TPC_NONE': 27, 'SPC_NONE': 20, 'NONE_MPOLY': 1, 'TPC_MNUF': 1, 'UC_MPOLY': 5, 'SPC_MPOLY': 2}"
15,82,SPC,MNUF,0.6865686136807557,0.0367282937938624,982907228.16,942928486.0937164,2464078.24,1925119.8239195663,0.741752859311313,0.0033547866952525,0.0,0.0,GREEDY_HV,"['SPC_MBFLIP', 'SBX_MNUF', 'TPC_MPOLY', 'UC_NONE', 'TPC_NONE', 'UC_NONE', 'SPC_NONE', 'UC_NONE', 'TPC_NONE', 'TPC_NONE', 'UC_NONE', 'NONE_MPOLY', 'TPC_MNUF', 'TPC_NONE', 'UC_NONE', 'TPC_NONE', 'UC_MPOLY', 'TPC_NONE', 'TPC_NONE', 'TPC_MPOLY', 'TPC_NONE', 'TPC_MPOLY', 'UC_NONE', 'UC_NONE', 'TPC_NONE', 'SPC_NONE', 'UC_NONE', 'SPC_NONE', 'SPC_NONE', 'TPC_NONE', 'UC_NONE', 'TPC_NONE', 'TPC_NONE', 'SPC_NONE', 'TPC_NONE', 'UC_MPOLY', 'TPC_NONE', 'UC_NONE', 'TPC_NONE', 'UC_MPOLY', 'TPC_NONE', 'UC_NONE', 'TPC_NONE', 'SPC_NONE', 'TPC_NONE', 'SPC_MPOLY', 'SPC_NONE', 'SPC_NONE', 'UC_NONE', 'TPC_NONE', 'SPC_NONE', 'TPC_NONE', 'UC_NONE', 'SPC_NONE', 'UC_NONE', 'SPC_NONE', 'UC_MPOLY', 'UC_NONE', 'SPC_NONE', 'TPC_NONE', 'TPC_NONE', 'UC_MPOLY', 'SPC_NONE', 'TPC_NONE', 'UC_NONE', 'SPC_NONE', 'TPC_NONE', 'SPC_NONE', 'UC_NONE', 'UC_NONE', 'TPC_NONE', 'UC_NONE', 'UC_NONE', 'TPC_NONE', 'UC_NONE', 'SPC_NONE', 'SPC_NONE', 'SPC_MPOLY', 'SPC_NONE', 'SPC_NONE', 'TPC_NONE', 'SPC_NONE', 'SPC_MNUF']","{'SBX_MNUF': 1, 'TPC_MPOLY': 3, 'UC_NONE': 21, 'TPC_NONE': 27, 'SPC_NONE': 20, 'NONE_MPOLY': 1, 'TPC_MNUF': 1, 'UC_MPOLY': 5, 'SPC_MPOLY': 2, 'SPC_MNUF': 1}"
15,83,SBX,NONE,0.6861248749299156,0.0369598212900511,1008108190.72,939576648.5164725,2431675.04,1984286.60593132,0.7419823508998724,0.0002294915885594,0.0,0.0,GREEDY_HV,"['SPC_MBFLIP', 'SBX_MNUF', 'TPC_MPOLY', 'UC_NONE', 'TPC_NONE', 'UC_NONE', 'SPC_NONE', 'UC_NONE', 'TPC_NONE', 'TPC_NONE', 'UC_NONE', 'NONE_MPOLY', 'TPC_MNUF', 'TPC_NONE', 'UC_NONE', 'TPC_NONE', 'UC_MPOLY', 'TPC_NONE', 'TPC_NONE', 'TPC_MPOLY', 'TPC_NONE', 'TPC_MPOLY', 'UC_NONE', 'UC_NONE', 'TPC_NONE', 'SPC_NONE', 'UC_NONE', 'SPC_NONE', 'SPC_NONE', 'TPC_NONE', 'UC_NONE', 'TPC_NONE', 'TPC_NONE', 'SPC_NONE', 'TPC_NONE', 'UC_MPOLY', 'TPC_NONE', 'UC_NONE', 'TPC_NONE', 'UC_MPOLY', 'TPC_NONE', 'UC_NONE', 'TPC_NONE', 'SPC_NONE', 'TPC_NONE', 'SPC_MPOLY', 'SPC_NONE', 'SPC_NONE', 'UC_NONE', 'TPC_NONE', 'SPC_NONE', 'TPC_NONE', 'UC_NONE', 'SPC_NONE', 'UC_NONE', 'SPC_NONE', 'UC_MPOLY', 'UC_NONE', 'SPC_NONE', 'TPC_NONE', 'TPC_NONE', 'UC_MPOLY', 'SPC_NONE', 'TPC_NONE', 'UC_NONE', 'SPC_NONE', 'TPC_NONE', 'SPC_NONE', 'UC_NONE', 'UC_NONE', 'TPC_NONE', 'UC_NONE', 'UC_NONE', 'TPC_NONE', 'UC_NONE', 'SPC_NONE', 'SPC_NONE', 'SPC_MPOLY', 'SPC_NONE', 'SPC_NONE', 'TPC_NONE', 'SPC_NONE', 'SPC_MNUF', 'SBX_NONE']","{'SBX_MNUF': 1, 'TPC_MPOLY': 3, 'UC_NONE': 21, 'TPC_NONE': 27, 'SPC_NONE': 20, 'NONE_MPOLY': 1, 'TPC_MNUF': 1, 'UC_MPOLY': 5, 'SPC_MPOLY': 2, 'SPC_MNUF': 1, 'SBX_NONE': 1}"
15,84,UC,NONE,0.69009778044042,0.035896602541887,1049604503.04,925446628.0122192,2758200.48,1986179.8865800477,0.7419840801417916,1.729241919212754e-06,0.0,0.0,GREEDY_HV,"['SPC_MBFLIP', 'SBX_MNUF', 'TPC_MPOLY', 'UC_NONE', 'TPC_NONE', 'UC_NONE', 'SPC_NONE', 'UC_NONE', 'TPC_NONE', 'TPC_NONE', 'UC_NONE', 'NONE_MPOLY', 'TPC_MNUF', 'TPC_NONE', 'UC_NONE', 'TPC_NONE', 'UC_MPOLY', 'TPC_NONE', 'TPC_NONE', 'TPC_MPOLY', 'TPC_NONE', 'TPC_MPOLY', 'UC_NONE', 'UC_NONE', 'TPC_NONE', 'SPC_NONE', 'UC_NONE', 'SPC_NONE', 'SPC_NONE', 'TPC_NONE', 'UC_NONE', 'TPC_NONE', 'TPC_NONE', 'SPC_NONE', 'TPC_NONE', 'UC_MPOLY', 'TPC_NONE', 'UC_NONE', 'TPC_NONE', 'UC_MPOLY', 'TPC_NONE', 'UC_NONE', 'TPC_NONE', 'SPC_NONE', 'TPC_NONE', 'SPC_MPOLY', 'SPC_NONE', 'SPC_NONE', 'UC_NONE', 'TPC_NONE', 'SPC_NONE', 'TPC_NONE', 'UC_NONE', 'SPC_NONE', 'UC_NONE', 'SPC_NONE', 'UC_MPOLY', 'UC_NONE', 'SPC_NONE', 'TPC_NONE', 'TPC_NONE', 'UC_MPOLY', 'SPC_NONE', 'TPC_NONE', 'UC_NONE', 'SPC_NONE', 'TPC_NONE', 'SPC_NONE', 'UC_NONE', 'UC_NONE', 'TPC_NONE', 'UC_NONE', 'UC_NONE', 'TPC_NONE', 'UC_NONE', 'SPC_NONE', 'SPC_NONE', 'SPC_MPOLY', 'SPC_NONE', 'SPC_NONE', 'TPC_NONE', 'SPC_NONE', 'SPC_MNUF', 'SBX_NONE', 'UC_NONE']","{'SBX_MNUF': 1, 'TPC_MPOLY': 3, 'UC_NONE': 22, 'TPC_NONE': 27, 'SPC_NONE': 20, 'NONE_MPOLY': 1, 'TPC_MNUF': 1, 'UC_MPOLY': 5, 'SPC_MPOLY': 2, 'SPC_MNUF': 1, 'SBX_NONE': 1}"
15,85,TPC,NONE,0.6891811917852328,0.0367017150882781,1031888081.92,913969381.385424,2701429.92,2004656.4723151529,0.7422573841750659,0.0002733040332743,0.0,0.0,GREEDY_HV,"['SPC_MBFLIP', 'SBX_MNUF', 'TPC_MPOLY', 'UC_NONE', 'TPC_NONE', 'UC_NONE', 'SPC_NONE', 'UC_NONE', 'TPC_NONE', 'TPC_NONE', 'UC_NONE', 'NONE_MPOLY', 'TPC_MNUF', 'TPC_NONE', 'UC_NONE', 'TPC_NONE', 'UC_MPOLY', 'TPC_NONE', 'TPC_NONE', 'TPC_MPOLY', 'TPC_NONE', 'TPC_MPOLY', 'UC_NONE', 'UC_NONE', 'TPC_NONE', 'SPC_NONE', 'UC_NONE', 'SPC_NONE', 'SPC_NONE', 'TPC_NONE', 'UC_NONE', 'TPC_NONE', 'TPC_NONE', 'SPC_NONE', 'TPC_NONE', 'UC_MPOLY', 'TPC_NONE', 'UC_NONE', 'TPC_NONE', 'UC_MPOLY', 'TPC_NONE', 'UC_NONE', 'TPC_NONE', 'SPC_NONE', 'TPC_NONE', 'SPC_MPOLY', 'SPC_NONE', 'SPC_NONE', 'UC_NONE', 'TPC_NONE', 'SPC_NONE', 'TPC_NONE', 'UC_NONE', 'SPC_NONE', 'UC_NONE', 'SPC_NONE', 'UC_MPOLY', 'UC_NONE', 'SPC_NONE', 'TPC_NONE', 'TPC_NONE', 'UC_MPOLY', 'SPC_NONE', 'TPC_NONE', 'UC_NONE', 'SPC_NONE', 'TPC_NONE', 'SPC_NONE', 'UC_NONE', 'UC_NONE', 'TPC_NONE', 'UC_NONE', 'UC_NONE', 'TPC_NONE', 'UC_NONE', 'SPC_NONE', 'SPC_NONE', 'SPC_MPOLY', 'SPC_NONE', 'SPC_NONE', 'TPC_NONE', 'SPC_NONE', 'SPC_MNUF', 'SBX_NONE', 'UC_NONE', 'TPC_NONE']","{'SBX_MNUF': 1, 'TPC_MPOLY': 3, 'UC_NONE': 22, 'TPC_NONE': 28, 'SPC_NONE': 20, 'NONE_MPOLY': 1, 'TPC_MNUF': 1, 'UC_MPOLY': 5, 'SPC_MPOLY': 2, 'SPC_MNUF': 1, 'SBX_NONE': 1}"
15,86,TPC,NONE,0.6894053355457426,0.0364281068919798,1025366935.04,901281891.476533,2761103.52,2076181.7412401475,0.7423572933748623,9.990919979641076e-05,0.01,0.0,GREEDY_HV,"['SPC_MBFLIP', 'SBX_MNUF', 'TPC_MPOLY', 'UC_NONE', 'TPC_NONE', 'UC_NONE', 'SPC_NONE', 'UC_NONE', 'TPC_NONE', 'TPC_NONE', 'UC_NONE', 'NONE_MPOLY', 'TPC_MNUF', 'TPC_NONE', 'UC_NONE', 'TPC_NONE', 'UC_MPOLY', 'TPC_NONE', 'TPC_NONE', 'TPC_MPOLY', 'TPC_NONE', 'TPC_MPOLY', 'UC_NONE', 'UC_NONE', 'TPC_NONE', 'SPC_NONE', 'UC_NONE', 'SPC_NONE', 'SPC_NONE', 'TPC_NONE', 'UC_NONE', 'TPC_NONE', 'TPC_NONE', 'SPC_NONE', 'TPC_NONE', 'UC_MPOLY', 'TPC_NONE', 'UC_NONE', 'TPC_NONE', 'UC_MPOLY', 'TPC_NONE', 'UC_NONE', 'TPC_NONE', 'SPC_NONE', 'TPC_NONE', 'SPC_MPOLY', 'SPC_NONE', 'SPC_NONE', 'UC_NONE', 'TPC_NONE', 'SPC_NONE', 'TPC_NONE', 'UC_NONE', 'SPC_NONE', 'UC_NONE', 'SPC_NONE', 'UC_MPOLY', 'UC_NONE', 'SPC_NONE', 'TPC_NONE', 'TPC_NONE', 'UC_MPOLY', 'SPC_NONE', 'TPC_NONE', 'UC_NONE', 'SPC_NONE', 'TPC_NONE', 'SPC_NONE', 'UC_NONE', 'UC_NONE', 'TPC_NONE', 'UC_NONE', 'UC_NONE', 'TPC_NONE', 'UC_NONE', 'SPC_NONE', 'SPC_NONE', 'SPC_MPOLY', 'SPC_NONE', 'SPC_NONE', 'TPC_NONE', 'SPC_NONE', 'SPC_MNUF', 'SBX_NONE', 'UC_NONE', 'TPC_NONE', 'TPC_NONE']","{'SBX_MNUF': 1, 'TPC_MPOLY': 3, 'UC_NONE': 22, 'TPC_NONE': 29, 'SPC_NONE': 20, 'NONE_MPOLY': 1, 'TPC_MNUF': 1, 'UC_MPOLY': 5, 'SPC_MPOLY': 2, 'SPC_MNUF': 1, 'SBX_NONE': 1}"
15,87,TPC,NONE,0.6896779217182356,0.0366981340949338,1071926269.44,941214141.8744328,2820644.0,2094994.812247668,0.7423665936357797,9.30026091738867e-06,0.01,0.0,GREEDY_HV,"['SPC_MBFLIP', 'SBX_MNUF', 'TPC_MPOLY', 'UC_NONE', 'TPC_NONE', 'UC_NONE', 'SPC_NONE', 'UC_NONE', 'TPC_NONE', 'TPC_NONE', 'UC_NONE', 'NONE_MPOLY', 'TPC_MNUF', 'TPC_NONE', 'UC_NONE', 'TPC_NONE', 'UC_MPOLY', 'TPC_NONE', 'TPC_NONE', 'TPC_MPOLY', 'TPC_NONE', 'TPC_MPOLY', 'UC_NONE', 'UC_NONE', 'TPC_NONE', 'SPC_NONE', 'UC_NONE', 'SPC_NONE', 'SPC_NONE', 'TPC_NONE', 'UC_NONE', 'TPC_NONE', 'TPC_NONE', 'SPC_NONE', 'TPC_NONE', 'UC_MPOLY', 'TPC_NONE', 'UC_NONE', 'TPC_NONE', 'UC_MPOLY', 'TPC_NONE', 'UC_NONE', 'TPC_NONE', 'SPC_NONE', 'TPC_NONE', 'SPC_MPOLY', 'SPC_NONE', 'SPC_NONE', 'UC_NONE', 'TPC_NONE', 'SPC_NONE', 'TPC_NONE', 'UC_NONE', 'SPC_NONE', 'UC_NONE', 'SPC_NONE', 'UC_MPOLY', 'UC_NONE', 'SPC_NONE', 'TPC_NONE', 'TPC_NONE', 'UC_MPOLY', 'SPC_NONE', 'TPC_NONE', 'UC_NONE', 'SPC_NONE', 'TPC_NONE', 'SPC_NONE', 'UC_NONE', 'UC_NONE', 'TPC_NONE', 'UC_NONE', 'UC_NONE', 'TPC_NONE', 'UC_NONE', 'SPC_NONE', 'SPC_NONE', 'SPC_MPOLY', 'SPC_NONE', 'SPC_NONE', 'TPC_NONE', 'SPC_NONE', 'SPC_MNUF', 'SBX_NONE', 'UC_NONE', 'TPC_NONE', 'TPC_NONE', 'TPC_NONE']","{'SBX_MNUF': 1, 'TPC_MPOLY': 3, 'UC_NONE': 22, 'TPC_NONE': 30, 'SPC_NONE': 20, 'NONE_MPOLY': 1, 'TPC_MNUF': 1, 'UC_MPOLY': 5, 'SPC_MPOLY': 2, 'SPC_MNUF': 1, 'SBX_NONE': 1}"
15,88,UC,NONE,0.6899301644917667,0.037013378096347,1087344657.92,944847947.0495634,2813136.8,2196502.1237766924,0.7424466926272193,8.009899143957e-05,0.01,0.0,GREEDY_HV,"['SPC_MBFLIP', 'SBX_MNUF', 'TPC_MPOLY', 'UC_NONE', 'TPC_NONE', 'UC_NONE', 'SPC_NONE', 'UC_NONE', 'TPC_NONE', 'TPC_NONE', 'UC_NONE', 'NONE_MPOLY', 'TPC_MNUF', 'TPC_NONE', 'UC_NONE', 'TPC_NONE', 'UC_MPOLY', 'TPC_NONE', 'TPC_NONE', 'TPC_MPOLY', 'TPC_NONE', 'TPC_MPOLY', 'UC_NONE', 'UC_NONE', 'TPC_NONE', 'SPC_NONE', 'UC_NONE', 'SPC_NONE', 'SPC_NONE', 'TPC_NONE', 'UC_NONE', 'TPC_NONE', 'TPC_NONE', 'SPC_NONE', 'TPC_NONE', 'UC_MPOLY', 'TPC_NONE', 'UC_NONE', 'TPC_NONE', 'UC_MPOLY', 'TPC_NONE', 'UC_NONE', 'TPC_NONE', 'SPC_NONE', 'TPC_NONE', 'SPC_MPOLY', 'SPC_NONE', 'SPC_NONE', 'UC_NONE', 'TPC_NONE', 'SPC_NONE', 'TPC_NONE', 'UC_NONE', 'SPC_NONE', 'UC_NONE', 'SPC_NONE', 'UC_MPOLY', 'UC_NONE', 'SPC_NONE', 'TPC_NONE', 'TPC_NONE', 'UC_MPOLY', 'SPC_NONE', 'TPC_NONE', 'UC_NONE', 'SPC_NONE', 'TPC_NONE', 'SPC_NONE', 'UC_NONE', 'UC_NONE', 'TPC_NONE', 'UC_NONE', 'UC_NONE', 'TPC_NONE', 'UC_NONE', 'SPC_NONE', 'SPC_NONE', 'SPC_MPOLY', 'SPC_NONE', 'SPC_NONE', 'TPC_NONE', 'SPC_NONE', 'SPC_MNUF', 'SBX_NONE', 'UC_NONE', 'TPC_NONE', 'TPC_NONE', 'TPC_NONE', 'UC_NONE']","{'SBX_MNUF': 1, 'TPC_MPOLY': 3, 'UC_NONE': 23, 'TPC_NONE': 30, 'SPC_NONE': 20, 'NONE_MPOLY': 1, 'TPC_MNUF': 1, 'UC_MPOLY': 5, 'SPC_MPOLY': 2, 'SPC_MNUF': 1, 'SBX_NONE': 1}"
15,89,UC,MNUF,0.6904163327069852,0.0370104238607628,1090702400.0,942419159.5895176,2899545.76,2199467.183704003,0.7424088298827898,-3.786274442951765e-05,0.0,0.005,GREEDY_HV,"['SPC_MBFLIP', 'SBX_MNUF', 'TPC_MPOLY', 'UC_NONE', 'TPC_NONE', 'UC_NONE', 'SPC_NONE', 'UC_NONE', 'TPC_NONE', 'TPC_NONE', 'UC_NONE', 'NONE_MPOLY', 'TPC_MNUF', 'TPC_NONE', 'UC_NONE', 'TPC_NONE', 'UC_MPOLY', 'TPC_NONE', 'TPC_NONE', 'TPC_MPOLY', 'TPC_NONE', 'TPC_MPOLY', 'UC_NONE', 'UC_NONE', 'TPC_NONE', 'SPC_NONE', 'UC_NONE', 'SPC_NONE', 'SPC_NONE', 'TPC_NONE', 'UC_NONE', 'TPC_NONE', 'TPC_NONE', 'SPC_NONE', 'TPC_NONE', 'UC_MPOLY', 'TPC_NONE', 'UC_NONE', 'TPC_NONE', 'UC_MPOLY', 'TPC_NONE', 'UC_NONE', 'TPC_NONE', 'SPC_NONE', 'TPC_NONE', 'SPC_MPOLY', 'SPC_NONE', 'SPC_NONE', 'UC_NONE', 'TPC_NONE', 'SPC_NONE', 'TPC_NONE', 'UC_NONE', 'SPC_NONE', 'UC_NONE', 'SPC_NONE', 'UC_MPOLY', 'UC_NONE', 'SPC_NONE', 'TPC_NONE', 'TPC_NONE', 'UC_MPOLY', 'SPC_NONE', 'TPC_NONE', 'UC_NONE', 'SPC_NONE', 'TPC_NONE', 'SPC_NONE', 'UC_NONE', 'UC_NONE', 'TPC_NONE', 'UC_NONE', 'UC_NONE', 'TPC_NONE', 'UC_NONE', 'SPC_NONE', 'SPC_NONE', 'SPC_MPOLY', 'SPC_NONE', 'SPC_NONE', 'TPC_NONE', 'SPC_NONE', 'SPC_MNUF', 'SBX_NONE', 'UC_NONE', 'TPC_NONE', 'TPC_NONE', 'TPC_NONE', 'UC_NONE', 'UC_MNUF']","{'SBX_MNUF': 1, 'TPC_MPOLY': 3, 'UC_NONE': 23, 'TPC_NONE': 30, 'SPC_NONE': 20, 'NONE_MPOLY': 1, 'TPC_MNUF': 1, 'UC_MPOLY': 5, 'SPC_MPOLY': 2, 'SPC_MNUF': 1, 'SBX_NONE': 1, 'UC_MNUF': 1}"
15,90,SPC,NONE,0.6908127909636969,0.037386538510172,1124682498.56,970887703.3579016,2968329.12,2120880.9928107574,0.7424756824847082,6.685260191841014e-05,0.0,0.0,GREEDY_HV,"['SPC_MBFLIP', 'SBX_MNUF', 'TPC_MPOLY', 'UC_NONE', 'TPC_NONE', 'UC_NONE', 'SPC_NONE', 'UC_NONE', 'TPC_NONE', 'TPC_NONE', 'UC_NONE', 'NONE_MPOLY', 'TPC_MNUF', 'TPC_NONE', 'UC_NONE', 'TPC_NONE', 'UC_MPOLY', 'TPC_NONE', 'TPC_NONE', 'TPC_MPOLY', 'TPC_NONE', 'TPC_MPOLY', 'UC_NONE', 'UC_NONE', 'TPC_NONE', 'SPC_NONE', 'UC_NONE', 'SPC_NONE', 'SPC_NONE', 'TPC_NONE', 'UC_NONE', 'TPC_NONE', 'TPC_NONE', 'SPC_NONE', 'TPC_NONE', 'UC_MPOLY', 'TPC_NONE', 'UC_NONE', 'TPC_NONE', 'UC_MPOLY', 'TPC_NONE', 'UC_NONE', 'TPC_NONE', 'SPC_NONE', 'TPC_NONE', 'SPC_MPOLY', 'SPC_NONE', 'SPC_NONE', 'UC_NONE', 'TPC_NONE', 'SPC_NONE', 'TPC_NONE', 'UC_NONE', 'SPC_NONE', 'UC_NONE', 'SPC_NONE', 'UC_MPOLY', 'UC_NONE', 'SPC_NONE', 'TPC_NONE', 'TPC_NONE', 'UC_MPOLY', 'SPC_NONE', 'TPC_NONE', 'UC_NONE', 'SPC_NONE', 'TPC_NONE', 'SPC_NONE', 'UC_NONE', 'UC_NONE', 'TPC_NONE', 'UC_NONE', 'UC_NONE', 'TPC_NONE', 'UC_NONE', 'SPC_NONE', 'SPC_NONE', 'SPC_MPOLY', 'SPC_NONE', 'SPC_NONE', 'TPC_NONE', 'SPC_NONE', 'SPC_MNUF', 'SBX_NONE', 'UC_NONE', 'TPC_NONE', 'TPC_NONE', 'TPC_NONE', 'UC_NONE', 'UC_MNUF', 'SPC_NONE']","{'SBX_MNUF': 1, 'TPC_MPOLY': 3, 'UC_NONE': 23, 'TPC_NONE': 30, 'SPC_NONE': 21, 'NONE_MPOLY': 1, 'TPC_MNUF': 1, 'UC_MPOLY': 5, 'SPC_MPOLY': 2, 'SPC_MNUF': 1, 'SBX_NONE': 1, 'UC_MNUF': 1}"
15,91,SPC,NONE,0.6910408193001064,0.0371487932860997,1132517457.92,978080298.697494,3020032.16,2226244.2688395125,0.7423505373892556,-0.0001251450954525,0.0,0.0,GREEDY_HV,"['SPC_MBFLIP', 'SBX_MNUF', 'TPC_MPOLY', 'UC_NONE', 'TPC_NONE', 'UC_NONE', 'SPC_NONE', 'UC_NONE', 'TPC_NONE', 'TPC_NONE', 'UC_NONE', 'NONE_MPOLY', 'TPC_MNUF', 'TPC_NONE', 'UC_NONE', 'TPC_NONE', 'UC_MPOLY', 'TPC_NONE', 'TPC_NONE', 'TPC_MPOLY', 'TPC_NONE', 'TPC_MPOLY', 'UC_NONE', 'UC_NONE', 'TPC_NONE', 'SPC_NONE', 'UC_NONE', 'SPC_NONE', 'SPC_NONE', 'TPC_NONE', 'UC_NONE', 'TPC_NONE', 'TPC_NONE', 'SPC_NONE', 'TPC_NONE', 'UC_MPOLY', 'TPC_NONE', 'UC_NONE', 'TPC_NONE', 'UC_MPOLY', 'TPC_NONE', 'UC_NONE', 'TPC_NONE', 'SPC_NONE', 'TPC_NONE', 'SPC_MPOLY', 'SPC_NONE', 'SPC_NONE', 'UC_NONE', 'TPC_NONE', 'SPC_NONE', 'TPC_NONE', 'UC_NONE', 'SPC_NONE', 'UC_NONE', 'SPC_NONE', 'UC_MPOLY', 'UC_NONE', 'SPC_NONE', 'TPC_NONE', 'TPC_NONE', 'UC_MPOLY', 'SPC_NONE', 'TPC_NONE', 'UC_NONE', 'SPC_NONE', 'TPC_NONE', 'SPC_NONE', 'UC_NONE', 'UC_NONE', 'TPC_NONE', 'UC_NONE', 'UC_NONE', 'TPC_NONE', 'UC_NONE', 'SPC_NONE', 'SPC_NONE', 'SPC_MPOLY', 'SPC_NONE', 'SPC_NONE', 'TPC_NONE', 'SPC_NONE', 'SPC_MNUF', 'SBX_NONE', 'UC_NONE', 'TPC_NONE', 'TPC_NONE', 'TPC_NONE', 'UC_NONE', 'UC_MNUF', 'SPC_NONE', 'SPC_NONE']","{'SBX_MNUF': 1, 'TPC_MPOLY': 3, 'UC_NONE': 23, 'TPC_NONE': 30, 'SPC_NONE': 22, 'NONE_MPOLY': 1, 'TPC_MNUF': 1, 'UC_MPOLY': 5, 'SPC_MPOLY': 2, 'SPC_MNUF': 1, 'SBX_NONE': 1, 'UC_MNUF': 1}"
15,92,UC,NONE,0.6921803027974397,0.036791540098238,1161581137.92,990133795.6096014,3116590.24,2230335.071628284,0.7424298668378917,7.93294486360896e-05,0.02,0.0,GREEDY_HV,"['SPC_MBFLIP', 'SBX_MNUF', 'TPC_MPOLY', 'UC_NONE', 'TPC_NONE', 'UC_NONE', 'SPC_NONE', 'UC_NONE', 'TPC_NONE', 'TPC_NONE', 'UC_NONE', 'NONE_MPOLY', 'TPC_MNUF', 'TPC_NONE', 'UC_NONE', 'TPC_NONE', 'UC_MPOLY', 'TPC_NONE', 'TPC_NONE', 'TPC_MPOLY', 'TPC_NONE', 'TPC_MPOLY', 'UC_NONE', 'UC_NONE', 'TPC_NONE', 'SPC_NONE', 'UC_NONE', 'SPC_NONE', 'SPC_NONE', 'TPC_NONE', 'UC_NONE', 'TPC_NONE', 'TPC_NONE', 'SPC_NONE', 'TPC_NONE', 'UC_MPOLY', 'TPC_NONE', 'UC_NONE', 'TPC_NONE', 'UC_MPOLY', 'TPC_NONE', 'UC_NONE', 'TPC_NONE', 'SPC_NONE', 'TPC_NONE', 'SPC_MPOLY', 'SPC_NONE', 'SPC_NONE', 'UC_NONE', 'TPC_NONE', 'SPC_NONE', 'TPC_NONE', 'UC_NONE', 'SPC_NONE', 'UC_NONE', 'SPC_NONE', 'UC_MPOLY', 'UC_NONE', 'SPC_NONE', 'TPC_NONE', 'TPC_NONE', 'UC_MPOLY', 'SPC_NONE', 'TPC_NONE', 'UC_NONE', 'SPC_NONE', 'TPC_NONE', 'SPC_NONE', 'UC_NONE', 'UC_NONE', 'TPC_NONE', 'UC_NONE', 'UC_NONE', 'TPC_NONE', 'UC_NONE', 'SPC_NONE', 'SPC_NONE', 'SPC_MPOLY', 'SPC_NONE', 'SPC_NONE', 'TPC_NONE', 'SPC_NONE', 'SPC_MNUF', 'SBX_NONE', 'UC_NONE', 'TPC_NONE', 'TPC_NONE', 'TPC_NONE', 'UC_NONE', 'UC_MNUF', 'SPC_NONE', 'SPC_NONE', 'UC_NONE']","{'SBX_MNUF': 1, 'TPC_MPOLY': 3, 'UC_NONE': 24, 'TPC_NONE': 30, 'SPC_NONE': 22, 'NONE_MPOLY': 1, 'TPC_MNUF': 1, 'UC_MPOLY': 5, 'SPC_MPOLY': 2, 'SPC_MNUF': 1, 'SBX_NONE': 1, 'UC_MNUF': 1}"
15,93,SPC,NONE,0.6926922429142109,0.0364480756824797,1157331993.6,1009513870.4888488,3176733.6,2196531.1218572985,0.7424634333823372,3.356654444552909e-05,0.01,0.0,GREEDY_HV,"['SPC_MBFLIP', 'SBX_MNUF', 'TPC_MPOLY', 'UC_NONE', 'TPC_NONE', 'UC_NONE', 'SPC_NONE', 'UC_NONE', 'TPC_NONE', 'TPC_NONE', 'UC_NONE', 'NONE_MPOLY', 'TPC_MNUF', 'TPC_NONE', 'UC_NONE', 'TPC_NONE', 'UC_MPOLY', 'TPC_NONE', 'TPC_NONE', 'TPC_MPOLY', 'TPC_NONE', 'TPC_MPOLY', 'UC_NONE', 'UC_NONE', 'TPC_NONE', 'SPC_NONE', 'UC_NONE', 'SPC_NONE', 'SPC_NONE', 'TPC_NONE', 'UC_NONE', 'TPC_NONE', 'TPC_NONE', 'SPC_NONE', 'TPC_NONE', 'UC_MPOLY', 'TPC_NONE', 'UC_NONE', 'TPC_NONE', 'UC_MPOLY', 'TPC_NONE', 'UC_NONE', 'TPC_NONE', 'SPC_NONE', 'TPC_NONE', 'SPC_MPOLY', 'SPC_NONE', 'SPC_NONE', 'UC_NONE', 'TPC_NONE', 'SPC_NONE', 'TPC_NONE', 'UC_NONE', 'SPC_NONE', 'UC_NONE', 'SPC_NONE', 'UC_MPOLY', 'UC_NONE', 'SPC_NONE', 'TPC_NONE', 'TPC_NONE', 'UC_MPOLY', 'SPC_NONE', 'TPC_NONE', 'UC_NONE', 'SPC_NONE', 'TPC_NONE', 'SPC_NONE', 'UC_NONE', 'UC_NONE', 'TPC_NONE', 'UC_NONE', 'UC_NONE', 'TPC_NONE', 'UC_NONE', 'SPC_NONE', 'SPC_NONE', 'SPC_MPOLY', 'SPC_NONE', 'SPC_NONE', 'TPC_NONE', 'SPC_NONE', 'SPC_MNUF', 'SBX_NONE', 'UC_NONE', 'TPC_NONE', 'TPC_NONE', 'TPC_NONE', 'UC_NONE', 'UC_MNUF', 'SPC_NONE', 'SPC_NONE', 'UC_NONE', 'SPC_NONE']","{'SBX_MNUF': 1, 'TPC_MPOLY': 3, 'UC_NONE': 24, 'TPC_NONE': 30, 'SPC_NONE': 23, 'NONE_MPOLY': 1, 'TPC_MNUF': 1, 'UC_MPOLY': 5, 'SPC_MPOLY': 2, 'SPC_MNUF': 1, 'SBX_NONE': 1, 'UC_MNUF': 1}"
15,94,UC,NONE,0.6922020411303724,0.037004588849197,1193737123.84,1042106642.154848,3209747.36,2250913.3833793057,0.7424687915647679,5.358182430637015e-06,0.01,0.0,GREEDY_HV,"['SPC_MBFLIP', 'SBX_MNUF', 'TPC_MPOLY', 'UC_NONE', 'TPC_NONE', 'UC_NONE', 'SPC_NONE', 'UC_NONE', 'TPC_NONE', 'TPC_NONE', 'UC_NONE', 'NONE_MPOLY', 'TPC_MNUF', 'TPC_NONE', 'UC_NONE', 'TPC_NONE', 'UC_MPOLY', 'TPC_NONE', 'TPC_NONE', 'TPC_MPOLY', 'TPC_NONE', 'TPC_MPOLY', 'UC_NONE', 'UC_NONE', 'TPC_NONE', 'SPC_NONE', 'UC_NONE', 'SPC_NONE', 'SPC_NONE', 'TPC_NONE', 'UC_NONE', 'TPC_NONE', 'TPC_NONE', 'SPC_NONE', 'TPC_NONE', 'UC_MPOLY', 'TPC_NONE', 'UC_NONE', 'TPC_NONE', 'UC_MPOLY', 'TPC_NONE', 'UC_NONE', 'TPC_NONE', 'SPC_NONE', 'TPC_NONE', 'SPC_MPOLY', 'SPC_NONE', 'SPC_NONE', 'UC_NONE', 'TPC_NONE', 'SPC_NONE', 'TPC_NONE', 'UC_NONE', 'SPC_NONE', 'UC_NONE', 'SPC_NONE', 'UC_MPOLY', 'UC_NONE', 'SPC_NONE', 'TPC_NONE', 'TPC_NONE', 'UC_MPOLY', 'SPC_NONE', 'TPC_NONE', 'UC_NONE', 'SPC_NONE', 'TPC_NONE', 'SPC_NONE', 'UC_NONE', 'UC_NONE', 'TPC_NONE', 'UC_NONE', 'UC_NONE', 'TPC_NONE', 'UC_NONE', 'SPC_NONE', 'SPC_NONE', 'SPC_MPOLY', 'SPC_NONE', 'SPC_NONE', 'TPC_NONE', 'SPC_NONE', 'SPC_MNUF', 'SBX_NONE', 'UC_NONE', 'TPC_NONE', 'TPC_NONE', 'TPC_NONE', 'UC_NONE', 'UC_MNUF', 'SPC_NONE', 'SPC_NONE', 'UC_NONE', 'SPC_NONE', 'UC_NONE']","{'SBX_MNUF': 1, 'TPC_MPOLY': 3, 'UC_NONE': 25, 'TPC_NONE': 30, 'SPC_NONE': 23, 'NONE_MPOLY': 1, 'TPC_MNUF': 1, 'UC_MPOLY': 5, 'SPC_MPOLY': 2, 'SPC_MNUF': 1, 'SBX_NONE': 1, 'UC_MNUF': 1}"
15,95,UC,NONE,0.6914611266728781,0.0371590792368024,1129578577.92,1018020401.825298,3190077.6,2319003.101264611,0.7424822178613573,1.3426296589402751e-05,0.04,0.0,GREEDY_HV,"['SPC_MBFLIP', 'SBX_MNUF', 'TPC_MPOLY', 'UC_NONE', 'TPC_NONE', 'UC_NONE', 'SPC_NONE', 'UC_NONE', 'TPC_NONE', 'TPC_NONE', 'UC_NONE', 'NONE_MPOLY', 'TPC_MNUF', 'TPC_NONE', 'UC_NONE', 'TPC_NONE', 'UC_MPOLY', 'TPC_NONE', 'TPC_NONE', 'TPC_MPOLY', 'TPC_NONE', 'TPC_MPOLY', 'UC_NONE', 'UC_NONE', 'TPC_NONE', 'SPC_NONE', 'UC_NONE', 'SPC_NONE', 'SPC_NONE', 'TPC_NONE', 'UC_NONE', 'TPC_NONE', 'TPC_NONE', 'SPC_NONE', 'TPC_NONE', 'UC_MPOLY', 'TPC_NONE', 'UC_NONE', 'TPC_NONE', 'UC_MPOLY', 'TPC_NONE', 'UC_NONE', 'TPC_NONE', 'SPC_NONE', 'TPC_NONE', 'SPC_MPOLY', 'SPC_NONE', 'SPC_NONE', 'UC_NONE', 'TPC_NONE', 'SPC_NONE', 'TPC_NONE', 'UC_NONE', 'SPC_NONE', 'UC_NONE', 'SPC_NONE', 'UC_MPOLY', 'UC_NONE', 'SPC_NONE', 'TPC_NONE', 'TPC_NONE', 'UC_MPOLY', 'SPC_NONE', 'TPC_NONE', 'UC_NONE', 'SPC_NONE', 'TPC_NONE', 'SPC_NONE', 'UC_NONE', 'UC_NONE', 'TPC_NONE', 'UC_NONE', 'UC_NONE', 'TPC_NONE', 'UC_NONE', 'SPC_NONE', 'SPC_NONE', 'SPC_MPOLY', 'SPC_NONE', 'SPC_NONE', 'TPC_NONE', 'SPC_NONE', 'SPC_MNUF', 'SBX_NONE', 'UC_NONE', 'TPC_NONE', 'TPC_NONE', 'TPC_NONE', 'UC_NONE', 'UC_MNUF', 'SPC_NONE', 'SPC_NONE', 'UC_NONE', 'SPC_NONE', 'UC_NONE', 'UC_NONE']","{'SBX_MNUF': 1, 'TPC_MPOLY': 3, 'UC_NONE': 26, 'TPC_NONE': 30, 'SPC_NONE': 23, 'NONE_MPOLY': 1, 'TPC_MNUF': 1, 'UC_MPOLY': 5, 'SPC_MPOLY': 2, 'SPC_MNUF': 1, 'SBX_NONE': 1, 'UC_MNUF': 1}"
15,96,SPC,NONE,0.6925359483625158,0.0373492249274847,1240591754.24,1038962421.5701544,3204198.56,2313247.112139956,0.7425528893138127,7.067145245542861e-05,0.0,0.0,GREEDY_HV,"['SPC_MBFLIP', 'SBX_MNUF', 'TPC_MPOLY', 'UC_NONE', 'TPC_NONE', 'UC_NONE', 'SPC_NONE', 'UC_NONE', 'TPC_NONE', 'TPC_NONE', 'UC_NONE', 'NONE_MPOLY', 'TPC_MNUF', 'TPC_NONE', 'UC_NONE', 'TPC_NONE', 'UC_MPOLY', 'TPC_NONE', 'TPC_NONE', 'TPC_MPOLY', 'TPC_NONE', 'TPC_MPOLY', 'UC_NONE', 'UC_NONE', 'TPC_NONE', 'SPC_NONE', 'UC_NONE', 'SPC_NONE', 'SPC_NONE', 'TPC_NONE', 'UC_NONE', 'TPC_NONE', 'TPC_NONE', 'SPC_NONE', 'TPC_NONE', 'UC_MPOLY', 'TPC_NONE', 'UC_NONE', 'TPC_NONE', 'UC_MPOLY', 'TPC_NONE', 'UC_NONE', 'TPC_NONE', 'SPC_NONE', 'TPC_NONE', 'SPC_MPOLY', 'SPC_NONE', 'SPC_NONE', 'UC_NONE', 'TPC_NONE', 'SPC_NONE', 'TPC_NONE', 'UC_NONE', 'SPC_NONE', 'UC_NONE', 'SPC_NONE', 'UC_MPOLY', 'UC_NONE', 'SPC_NONE', 'TPC_NONE', 'TPC_NONE', 'UC_MPOLY', 'SPC_NONE', 'TPC_NONE', 'UC_NONE', 'SPC_NONE', 'TPC_NONE', 'SPC_NONE', 'UC_NONE', 'UC_NONE', 'TPC_NONE', 'UC_NONE', 'UC_NONE', 'TPC_NONE', 'UC_NONE', 'SPC_NONE', 'SPC_NONE', 'SPC_MPOLY', 'SPC_NONE', 'SPC_NONE', 'TPC_NONE', 'SPC_NONE', 'SPC_MNUF', 'SBX_NONE', 'UC_NONE', 'TPC_NONE', 'TPC_NONE', 'TPC_NONE', 'UC_NONE', 'UC_MNUF', 'SPC_NONE', 'SPC_NONE', 'UC_NONE', 'SPC_NONE', 'UC_NONE', 'UC_NONE', 'SPC_NONE']","{'SBX_MNUF': 1, 'TPC_MPOLY': 3, 'UC_NONE': 26, 'TPC_NONE': 30, 'SPC_NONE': 24, 'NONE_MPOLY': 1, 'TPC_MNUF': 1, 'UC_MPOLY': 5, 'SPC_MPOLY': 2, 'SPC_MNUF': 1, 'SBX_NONE': 1, 'UC_MNUF': 1}"
15,97,UC,NONE,0.6919543996404667,0.0370734727677869,1213957483.52,1042221983.8944696,3168019.36,2325123.163507807,0.7426071610874582,5.427177364547564e-05,0.0,0.0,GREEDY_HV,"['SPC_MBFLIP', 'SBX_MNUF', 'TPC_MPOLY', 'UC_NONE', 'TPC_NONE', 'UC_NONE', 'SPC_NONE', 'UC_NONE', 'TPC_NONE', 'TPC_NONE', 'UC_NONE', 'NONE_MPOLY', 'TPC_MNUF', 'TPC_NONE', 'UC_NONE', 'TPC_NONE', 'UC_MPOLY', 'TPC_NONE', 'TPC_NONE', 'TPC_MPOLY', 'TPC_NONE', 'TPC_MPOLY', 'UC_NONE', 'UC_NONE', 'TPC_NONE', 'SPC_NONE', 'UC_NONE', 'SPC_NONE', 'SPC_NONE', 'TPC_NONE', 'UC_NONE', 'TPC_NONE', 'TPC_NONE', 'SPC_NONE', 'TPC_NONE', 'UC_MPOLY', 'TPC_NONE', 'UC_NONE', 'TPC_NONE', 'UC_MPOLY', 'TPC_NONE', 'UC_NONE', 'TPC_NONE', 'SPC_NONE', 'TPC_NONE', 'SPC_MPOLY', 'SPC_NONE', 'SPC_NONE', 'UC_NONE', 'TPC_NONE', 'SPC_NONE', 'TPC_NONE', 'UC_NONE', 'SPC_NONE', 'UC_NONE', 'SPC_NONE', 'UC_MPOLY', 'UC_NONE', 'SPC_NONE', 'TPC_NONE', 'TPC_NONE', 'UC_MPOLY', 'SPC_NONE', 'TPC_NONE', 'UC_NONE', 'SPC_NONE', 'TPC_NONE', 'SPC_NONE', 'UC_NONE', 'UC_NONE', 'TPC_NONE', 'UC_NONE', 'UC_NONE', 'TPC_NONE', 'UC_NONE', 'SPC_NONE', 'SPC_NONE', 'SPC_MPOLY', 'SPC_NONE', 'SPC_NONE', 'TPC_NONE', 'SPC_NONE', 'SPC_MNUF', 'SBX_NONE', 'UC_NONE', 'TPC_NONE', 'TPC_NONE', 'TPC_NONE', 'UC_NONE', 'UC_MNUF', 'SPC_NONE', 'SPC_NONE', 'UC_NONE', 'SPC_NONE', 'UC_NONE', 'UC_NONE', 'SPC_NONE', 'UC_NONE']","{'SBX_MNUF': 1, 'TPC_MPOLY': 3, 'UC_NONE': 27, 'TPC_NONE': 30, 'SPC_NONE': 24, 'NONE_MPOLY': 1, 'TPC_MNUF': 1, 'UC_MPOLY': 5, 'SPC_MPOLY': 2, 'SPC_MNUF': 1, 'SBX_NONE': 1, 'UC_MNUF': 1}"
15,98,UC,NONE,0.6921832229948727,0.0373198533618754,1222021662.72,1023225951.1700344,3215881.12,2336795.679646405,0.7426796523675232,7.249128006503458e-05,0.0,0.0,GREEDY_HV,"['SPC_MBFLIP', 'SBX_MNUF', 'TPC_MPOLY', 'UC_NONE', 'TPC_NONE', 'UC_NONE', 'SPC_NONE', 'UC_NONE', 'TPC_NONE', 'TPC_NONE', 'UC_NONE', 'NONE_MPOLY', 'TPC_MNUF', 'TPC_NONE', 'UC_NONE', 'TPC_NONE', 'UC_MPOLY', 'TPC_NONE', 'TPC_NONE', 'TPC_MPOLY', 'TPC_NONE', 'TPC_MPOLY', 'UC_NONE', 'UC_NONE', 'TPC_NONE', 'SPC_NONE', 'UC_NONE', 'SPC_NONE', 'SPC_NONE', 'TPC_NONE', 'UC_NONE', 'TPC_NONE', 'TPC_NONE', 'SPC_NONE', 'TPC_NONE', 'UC_MPOLY', 'TPC_NONE', 'UC_NONE', 'TPC_NONE', 'UC_MPOLY', 'TPC_NONE', 'UC_NONE', 'TPC_NONE', 'SPC_NONE', 'TPC_NONE', 'SPC_MPOLY', 'SPC_NONE', 'SPC_NONE', 'UC_NONE', 'TPC_NONE', 'SPC_NONE', 'TPC_NONE', 'UC_NONE', 'SPC_NONE', 'UC_NONE', 'SPC_NONE', 'UC_MPOLY', 'UC_NONE', 'SPC_NONE', 'TPC_NONE', 'TPC_NONE', 'UC_MPOLY', 'SPC_NONE', 'TPC_NONE', 'UC_NONE', 'SPC_NONE', 'TPC_NONE', 'SPC_NONE', 'UC_NONE', 'UC_NONE', 'TPC_NONE', 'UC_NONE', 'UC_NONE', 'TPC_NONE', 'UC_NONE', 'SPC_NONE', 'SPC_NONE', 'SPC_MPOLY', 'SPC_NONE', 'SPC_NONE', 'TPC_NONE', 'SPC_NONE', 'SPC_MNUF', 'SBX_NONE', 'UC_NONE', 'TPC_NONE', 'TPC_NONE', 'TPC_NONE', 'UC_NONE', 'UC_MNUF', 'SPC_NONE', 'SPC_NONE', 'UC_NONE', 'SPC_NONE', 'UC_NONE', 'UC_NONE', 'SPC_NONE', 'UC_NONE', 'UC_NONE']","{'SBX_MNUF': 1, 'TPC_MPOLY': 3, 'UC_NONE': 28, 'TPC_NONE': 30, 'SPC_NONE': 24, 'NONE_MPOLY': 1, 'TPC_MNUF': 1, 'UC_MPOLY': 5, 'SPC_MPOLY': 2, 'SPC_MNUF': 1, 'SBX_NONE': 1, 'UC_MNUF': 1}"
15,99,SPC,NONE,0.6931254778577831,0.0371216934936877,1233028751.36,1033867799.2933208,3291323.04,2227067.101975555,0.7426660890854372,-1.3563282086015429e-05,0.0,0.0,GREEDY_HV,"['SPC_MBFLIP', 'SBX_MNUF', 'TPC_MPOLY', 'UC_NONE', 'TPC_NONE', 'UC_NONE', 'SPC_NONE', 'UC_NONE', 'TPC_NONE', 'TPC_NONE', 'UC_NONE', 'NONE_MPOLY', 'TPC_MNUF', 'TPC_NONE', 'UC_NONE', 'TPC_NONE', 'UC_MPOLY', 'TPC_NONE', 'TPC_NONE', 'TPC_MPOLY', 'TPC_NONE', 'TPC_MPOLY', 'UC_NONE', 'UC_NONE', 'TPC_NONE', 'SPC_NONE', 'UC_NONE', 'SPC_NONE', 'SPC_NONE', 'TPC_NONE', 'UC_NONE', 'TPC_NONE', 'TPC_NONE', 'SPC_NONE', 'TPC_NONE', 'UC_MPOLY', 'TPC_NONE', 'UC_NONE', 'TPC_NONE', 'UC_MPOLY', 'TPC_NONE', 'UC_NONE', 'TPC_NONE', 'SPC_NONE', 'TPC_NONE', 'SPC_MPOLY', 'SPC_NONE', 'SPC_NONE', 'UC_NONE', 'TPC_NONE', 'SPC_NONE', 'TPC_NONE', 'UC_NONE', 'SPC_NONE', 'UC_NONE', 'SPC_NONE', 'UC_MPOLY', 'UC_NONE', 'SPC_NONE', 'TPC_NONE', 'TPC_NONE', 'UC_MPOLY', 'SPC_NONE', 'TPC_NONE', 'UC_NONE', 'SPC_NONE', 'TPC_NONE', 'SPC_NONE', 'UC_NONE', 'UC_NONE', 'TPC_NONE', 'UC_NONE', 'UC_NONE', 'TPC_NONE', 'UC_NONE', 'SPC_NONE', 'SPC_NONE', 'SPC_MPOLY', 'SPC_NONE', 'SPC_NONE', 'TPC_NONE', 'SPC_NONE', 'SPC_MNUF', 'SBX_NONE', 'UC_NONE', 'TPC_NONE', 'TPC_NONE', 'TPC_NONE', 'UC_NONE', 'UC_MNUF', 'SPC_NONE', 'SPC_NONE', 'UC_NONE', 'SPC_NONE', 'UC_NONE', 'UC_NONE', 'SPC_NONE', 'UC_NONE', 'UC_NONE', 'SPC_NONE']","{'SBX_MNUF': 1, 'TPC_MPOLY': 3, 'UC_NONE': 28, 'TPC_NONE': 30, 'SPC_NONE': 25, 'NONE_MPOLY': 1, 'TPC_MNUF': 1, 'UC_MPOLY': 5, 'SPC_MPOLY': 2, 'SPC_MNUF': 1, 'SBX_NONE': 1, 'UC_MNUF': 1}"
15,100,UC,MNUF,0.6928489091385254,0.0371751250836015,1251153024.0,1026370909.1284378,3202777.76,2232737.431590007,0.7425549647005297,-0.0001111243849074,0.0,0.0,GREEDY_HV,"['SPC_MBFLIP', 'SBX_MNUF', 'TPC_MPOLY', 'UC_NONE', 'TPC_NONE', 'UC_NONE', 'SPC_NONE', 'UC_NONE', 'TPC_NONE', 'TPC_NONE', 'UC_NONE', 'NONE_MPOLY', 'TPC_MNUF', 'TPC_NONE', 'UC_NONE', 'TPC_NONE', 'UC_MPOLY', 'TPC_NONE', 'TPC_NONE', 'TPC_MPOLY', 'TPC_NONE', 'TPC_MPOLY', 'UC_NONE', 'UC_NONE', 'TPC_NONE', 'SPC_NONE', 'UC_NONE', 'SPC_NONE', 'SPC_NONE', 'TPC_NONE', 'UC_NONE', 'TPC_NONE', 'TPC_NONE', 'SPC_NONE', 'TPC_NONE', 'UC_MPOLY', 'TPC_NONE', 'UC_NONE', 'TPC_NONE', 'UC_MPOLY', 'TPC_NONE', 'UC_NONE', 'TPC_NONE', 'SPC_NONE', 'TPC_NONE', 'SPC_MPOLY', 'SPC_NONE', 'SPC_NONE', 'UC_NONE', 'TPC_NONE', 'SPC_NONE', 'TPC_NONE', 'UC_NONE', 'SPC_NONE', 'UC_NONE', 'SPC_NONE', 'UC_MPOLY', 'UC_NONE', 'SPC_NONE', 'TPC_NONE', 'TPC_NONE', 'UC_MPOLY', 'SPC_NONE', 'TPC_NONE', 'UC_NONE', 'SPC_NONE', 'TPC_NONE', 'SPC_NONE', 'UC_NONE', 'UC_NONE', 'TPC_NONE', 'UC_NONE', 'UC_NONE', 'TPC_NONE', 'UC_NONE', 'SPC_NONE', 'SPC_NONE', 'SPC_MPOLY', 'SPC_NONE', 'SPC_NONE', 'TPC_NONE', 'SPC_NONE', 'SPC_MNUF', 'SBX_NONE', 'UC_NONE', 'TPC_NONE', 'TPC_NONE', 'TPC_NONE', 'UC_NONE', 'UC_MNUF', 'SPC_NONE', 'SPC_NONE', 'UC_NONE', 'SPC_NONE', 'UC_NONE', 'UC_NONE', 'SPC_NONE', 'UC_NONE', 'UC_NONE', 'SPC_NONE', 'UC_MNUF']","{'SBX_MNUF': 1, 'TPC_MPOLY': 3, 'UC_NONE': 28, 'TPC_NONE': 30, 'SPC_NONE': 25, 'NONE_MPOLY': 1, 'TPC_MNUF': 1, 'UC_MPOLY': 5, 'SPC_MPOLY': 2, 'SPC_MNUF': 1, 'SBX_NONE': 1, 'UC_MNUF': 2}"
16,1,SBX,MNUF,0.6547869059017509,0.0262492736827342,1433932160.0,779181307.0713017,2840306.08,1378377.8910232102,0.688787052776117,0.0,0.09,0.12,GREEDY_HV,"['SPC_MBFLIP', 'SBX_MNUF']",{'SBX_MNUF': 1}
16,2,UC,NONE,0.6647177585778699,0.0234162709890592,1211646347.52,758912751.2899039,2777538.72,1767628.427771482,0.7005481664360688,0.0117611136599518,0.19,0.0,GREEDY_HV,"['SPC_MBFLIP', 'SBX_MNUF', 'UC_NONE']","{'SBX_MNUF': 1, 'UC_NONE': 1}"
16,3,SBX,MPOLY,0.6664139501167706,0.0250127579718037,968209144.32,615987433.8326437,2539476.64,1805276.2186157969,0.7073775765499566,0.0068294101138878,0.03,0.135,GREEDY_HV,"['SPC_MBFLIP', 'SBX_MNUF', 'UC_NONE', 'SBX_MPOLY']","{'SBX_MNUF': 1, 'UC_NONE': 1, 'SBX_MPOLY': 1}"
16,4,SPC,NONE,0.6815922259932751,0.0187137930898498,1077133864.96,707239372.6373087,3364289.44,2308170.0826339824,0.714957628028673,0.0075800514787164,0.15,0.0,GREEDY_HV,"['SPC_MBFLIP', 'SBX_MNUF', 'UC_NONE', 'SBX_MPOLY', 'SPC_NONE']","{'SBX_MNUF': 1, 'UC_NONE': 1, 'SBX_MPOLY': 1, 'SPC_NONE': 1}"
16,5,TPC,NONE,0.6838759956211702,0.0190602861467447,1005060736.0,653368023.9449408,3210904.48,2248632.653082724,0.7175051510024899,0.0025475229738168,0.07,0.0,GREEDY_HV,"['SPC_MBFLIP', 'SBX_MNUF', 'UC_NONE', 'SBX_MPOLY', 'SPC_NONE', 'TPC_NONE']","{'SBX_MNUF': 1, 'UC_NONE': 1, 'SBX_MPOLY': 1, 'SPC_NONE': 1, 'TPC_NONE': 1}"
16,6,SBX,MPOLY,0.6804028001608111,0.0236962786941629,859464733.44,627848970.7732378,3074142.88,2370046.03620018,0.7203314827798726,0.0028263317773826,0.01,0.11,GREEDY_HV,"['SPC_MBFLIP', 'SBX_MNUF', 'UC_NONE', 'SBX_MPOLY', 'SPC_NONE', 'TPC_NONE', 'SBX_MPOLY']","{'SBX_MNUF': 1, 'UC_NONE': 1, 'SBX_MPOLY': 2, 'SPC_NONE': 1, 'TPC_NONE': 1}"
16,7,SPC,NONE,0.6813784401614433,0.0286098329655843,877958722.56,743862521.8254288,3247909.28,2621226.582030993,0.7232771091027157,0.0029456263228431,0.09,0.0,GREEDY_HV,"['SPC_MBFLIP', 'SBX_MNUF', 'UC_NONE', 'SBX_MPOLY', 'SPC_NONE', 'TPC_NONE', 'SBX_MPOLY', 'SPC_NONE']","{'SBX_MNUF': 1, 'UC_NONE': 1, 'SBX_MPOLY': 2, 'SPC_NONE': 2, 'TPC_NONE': 1}"
16,8,TPC,MPOLY,0.6819763722035797,0.0274264909768295,829294493.44,692139746.2187488,3146003.36,2513635.5467683044,0.7256099700699604,0.0023328609672447,0.06,0.04,GREEDY_HV,"['SPC_MBFLIP', 'SBX_MNUF', 'UC_NONE', 'SBX_MPOLY', 'SPC_NONE', 'TPC_NONE', 'SBX_MPOLY', 'SPC_NONE', 'TPC_MPOLY']","{'SBX_MNUF': 1, 'UC_NONE': 1, 'SBX_MPOLY': 2, 'SPC_NONE': 2, 'TPC_NONE': 1, 'TPC_MPOLY': 1}"
16,9,SPC,NONE,0.6755019477350218,0.0313859448009625,704477428.48,648725755.4505397,2299333.28,2173888.802670303,0.7292512767497248,0.0036413066797643,0.11,0.0,GREEDY_HV,"['SPC_MBFLIP', 'SBX_MNUF', 'UC_NONE', 'SBX_MPOLY', 'SPC_NONE', 'TPC_NONE', 'SBX_MPOLY', 'SPC_NONE', 'TPC_MPOLY', 'SPC_NONE']","{'SBX_MNUF': 1, 'UC_NONE': 1, 'SBX_MPOLY': 2, 'SPC_NONE': 3, 'TPC_NONE': 1, 'TPC_MPOLY': 1}"
16,10,TPC,NONE,0.6756896458359587,0.0326746463557354,698459594.24,663403283.9846836,2421234.08,2335528.9759085234,0.731125026439555,0.0018737496898302,0.05,0.0,GREEDY_HV,"['SPC_MBFLIP', 'SBX_MNUF', 'UC_NONE', 'SBX_MPOLY', 'SPC_NONE', 'TPC_NONE', 'SBX_MPOLY', 'SPC_NONE', 'TPC_MPOLY', 'SPC_NONE', 'TPC_NONE']","{'SBX_MNUF': 1, 'UC_NONE': 1, 'SBX_MPOLY': 2, 'SPC_NONE': 3, 'TPC_NONE': 2, 'TPC_MPOLY': 1}"
16,11,TPC,NONE,0.680064095586865,0.0345476171437479,762158835.2,694438530.676884,2667485.6,2395824.8847627915,0.733567587663189,0.0024425612236339,0.04,0.0,GREEDY_HV,"['SPC_MBFLIP', 'SBX_MNUF', 'UC_NONE', 'SBX_MPOLY', 'SPC_NONE', 'TPC_NONE', 'SBX_MPOLY', 'SPC_NONE', 'TPC_MPOLY', 'SPC_NONE', 'TPC_NONE', 'TPC_NONE']","{'SBX_MNUF': 1, 'UC_NONE': 1, 'SBX_MPOLY': 2, 'SPC_NONE': 3, 'TPC_NONE': 3, 'TPC_MPOLY': 1}"
16,12,UC,NONE,0.680851549690356,0.0369019615951786,809551562.24,761294281.1311665,2611212.96,2286905.770026294,0.734584927115801,0.001017339452612,0.03,0.0,GREEDY_HV,"['SPC_MBFLIP', 'SBX_MNUF', 'UC_NONE', 'SBX_MPOLY', 'SPC_NONE', 'TPC_NONE', 'SBX_MPOLY', 'SPC_NONE', 'TPC_MPOLY', 'SPC_NONE', 'TPC_NONE', 'TPC_NONE', 'UC_NONE']","{'SBX_MNUF': 1, 'UC_NONE': 2, 'SBX_MPOLY': 2, 'SPC_NONE': 3, 'TPC_NONE': 3, 'TPC_MPOLY': 1}"
16,13,SBX,NONE,0.6829486921753514,0.0386180531486169,958588293.12,1015122035.9809036,3022676.64,2516074.540342856,0.735265229932768,0.0006803028169669,0.0,0.0,GREEDY_HV,"['SPC_MBFLIP', 'SBX_MNUF', 'UC_NONE', 'SBX_MPOLY', 'SPC_NONE', 'TPC_NONE', 'SBX_MPOLY', 'SPC_NONE', 'TPC_MPOLY', 'SPC_NONE', 'TPC_NONE', 'TPC_NONE', 'UC_NONE', 'SBX_NONE']","{'SBX_MNUF': 1, 'UC_NONE': 2, 'SBX_MPOLY': 2, 'SPC_NONE': 3, 'TPC_NONE': 3, 'TPC_MPOLY': 1, 'SBX_NONE': 1}"
16,14,SBX,MPOLY,0.6893954897232046,0.0282638493545353,965816320.0,1010817954.1977204,3075957.92,2471800.887012996,0.7363586279686565,0.0010933980358884,0.01,0.09,GREEDY_HV,"['SPC_MBFLIP', 'SBX_MNUF', 'UC_NONE', 'SBX_MPOLY', 'SPC_NONE', 'TPC_NONE', 'SBX_MPOLY', 'SPC_NONE', 'TPC_MPOLY', 'SPC_NONE', 'TPC_NONE', 'TPC_NONE', 'UC_NONE', 'SBX_NONE', 'SBX_MPOLY']","{'SBX_MNUF': 1, 'UC_NONE': 2, 'SBX_MPOLY': 3, 'SPC_NONE': 3, 'TPC_NONE': 3, 'TPC_MPOLY': 1, 'SBX_NONE': 1}"
16,15,UC,NONE,0.6857202530375989,0.031954571734037,906951569.92,1138873710.5739126,2806351.52,2472513.1107745594,0.7369328277955333,0.0005741998268767,0.02,0.0,GREEDY_HV,"['SPC_MBFLIP', 'SBX_MNUF', 'UC_NONE', 'SBX_MPOLY', 'SPC_NONE', 'TPC_NONE', 'SBX_MPOLY', 'SPC_NONE', 'TPC_MPOLY', 'SPC_NONE', 'TPC_NONE', 'TPC_NONE', 'UC_NONE', 'SBX_NONE', 'SBX_MPOLY', 'UC_NONE']","{'SBX_MNUF': 1, 'UC_NONE': 3, 'SBX_MPOLY': 3, 'SPC_NONE': 3, 'TPC_NONE': 3, 'TPC_MPOLY': 1, 'SBX_NONE': 1}"
16,16,SPC,MPOLY,0.6789585249560953,0.0339982593082449,620884367.36,571357339.0269145,2189426.08,2013335.581751754,0.7376366113641346,0.0007037835686013,0.0,0.005,GREEDY_HV,"['SPC_MBFLIP', 'SBX_MNUF', 'UC_NONE', 'SBX_MPOLY', 'SPC_NONE', 'TPC_NONE', 'SBX_MPOLY', 'SPC_NONE', 'TPC_MPOLY', 'SPC_NONE', 'TPC_NONE', 'TPC_NONE', 'UC_NONE', 'SBX_NONE', 'SBX_MPOLY', 'UC_NONE', 'SPC_MPOLY']","{'SBX_MNUF': 1, 'UC_NONE': 3, 'SBX_MPOLY': 3, 'SPC_NONE': 3, 'TPC_NONE': 3, 'TPC_MPOLY': 1, 'SBX_NONE': 1, 'SPC_MPOLY': 1}"
16,17,SPC,NONE,0.6828423246690193,0.0304930482011225,604894758.4,532155999.3878704,1937097.12,1481522.7091284783,0.7381928293469494,0.0005562179828147,0.06,0.0,GREEDY_HV,"['SPC_MBFLIP', 'SBX_MNUF', 'UC_NONE', 'SBX_MPOLY', 'SPC_NONE', 'TPC_NONE', 'SBX_MPOLY', 'SPC_NONE', 'TPC_MPOLY', 'SPC_NONE', 'TPC_NONE', 'TPC_NONE', 'UC_NONE', 'SBX_NONE', 'SBX_MPOLY', 'UC_NONE', 'SPC_MPOLY', 'SPC_NONE']","{'SBX_MNUF': 1, 'UC_NONE': 3, 'SBX_MPOLY': 3, 'SPC_NONE': 4, 'TPC_NONE': 3, 'TPC_MPOLY': 1, 'SBX_NONE': 1, 'SPC_MPOLY': 1}"
16,18,TPC,NONE,0.6883183909681914,0.0286507610386451,666368686.08,545813770.4465022,2173148.32,1519357.7958880053,0.7384508716263124,0.0002580422793629,0.02,0.0,GREEDY_HV,"['SPC_MBFLIP', 'SBX_MNUF', 'UC_NONE', 'SBX_MPOLY', 'SPC_NONE', 'TPC_NONE', 'SBX_MPOLY', 'SPC_NONE', 'TPC_MPOLY', 'SPC_NONE', 'TPC_NONE', 'TPC_NONE', 'UC_NONE', 'SBX_NONE', 'SBX_MPOLY', 'UC_NONE', 'SPC_MPOLY', 'SPC_NONE', 'TPC_NONE']","{'SBX_MNUF': 1, 'UC_NONE': 3, 'SBX_MPOLY': 3, 'SPC_NONE': 4, 'TPC_NONE': 4, 'TPC_MPOLY': 1, 'SBX_NONE': 1, 'SPC_MPOLY': 1}"
16,19,UC,NONE,0.690533619763065,0.0283470233782478,725293916.16,617041469.1371467,2380352.16,1662345.039866265,0.7386749886278701,0.0002241170015576,0.01,0.0,GREEDY_HV,"['SPC_MBFLIP', 'SBX_MNUF', 'UC_NONE', 'SBX_MPOLY', 'SPC_NONE', 'TPC_NONE', 'SBX_MPOLY', 'SPC_NONE', 'TPC_MPOLY', 'SPC_NONE', 'TPC_NONE', 'TPC_NONE', 'UC_NONE', 'SBX_NONE', 'SBX_MPOLY', 'UC_NONE', 'SPC_MPOLY', 'SPC_NONE', 'TPC_NONE', 'UC_NONE']","{'SBX_MNUF': 1, 'UC_NONE': 4, 'SBX_MPOLY': 3, 'SPC_NONE': 4, 'TPC_NONE': 4, 'TPC_MPOLY': 1, 'SBX_NONE': 1, 'SPC_MPOLY': 1}"
16,20,TPC,NONE,0.6915993723878334,0.0295477523825111,782430927.36,652537969.0746824,2514924.96,1753773.787570027,0.7388283733786745,0.0001533847508043,0.03,0.0,GREEDY_HV,"['SPC_MBFLIP', 'SBX_MNUF', 'UC_NONE', 'SBX_MPOLY', 'SPC_NONE', 'TPC_NONE', 'SBX_MPOLY', 'SPC_NONE', 'TPC_MPOLY', 'SPC_NONE', 'TPC_NONE', 'TPC_NONE', 'UC_NONE', 'SBX_NONE', 'SBX_MPOLY', 'UC_NONE', 'SPC_MPOLY', 'SPC_NONE', 'TPC_NONE', 'UC_NONE', 'TPC_NONE']","{'SBX_MNUF': 1, 'UC_NONE': 4, 'SBX_MPOLY': 3, 'SPC_NONE': 4, 'TPC_NONE': 5, 'TPC_MPOLY': 1, 'SBX_NONE': 1, 'SPC_MPOLY': 1}"
16,21,SBX,MPOLY,0.6912711990588957,0.0308226457905466,783864559.36,651934120.4854097,2529166.24,1747193.1632914145,0.7389716367999897,0.0001432634213152,0.0,0.05,GREEDY_HV,"['SPC_MBFLIP', 'SBX_MNUF', 'UC_NONE', 'SBX_MPOLY', 'SPC_NONE', 'TPC_NONE', 'SBX_MPOLY', 'SPC_NONE', 'TPC_MPOLY', 'SPC_NONE', 'TPC_NONE', 'TPC_NONE', 'UC_NONE', 'SBX_NONE', 'SBX_MPOLY', 'UC_NONE', 'SPC_MPOLY', 'SPC_NONE', 'TPC_NONE', 'UC_NONE', 'TPC_NONE', 'SBX_MPOLY']","{'SBX_MNUF': 1, 'UC_NONE': 4, 'SBX_MPOLY': 4, 'SPC_NONE': 4, 'TPC_NONE': 5, 'TPC_MPOLY': 1, 'SBX_NONE': 1, 'SPC_MPOLY': 1}"
16,22,TPC,NONE,0.6917274852470015,0.0293501151864903,766352008.96,621894759.0501089,2567216.8,1789980.1630278695,0.7397551060254751,0.0007834692254854,0.03,0.0,GREEDY_HV,"['SPC_MBFLIP', 'SBX_MNUF', 'UC_NONE', 'SBX_MPOLY', 'SPC_NONE', 'TPC_NONE', 'SBX_MPOLY', 'SPC_NONE', 'TPC_MPOLY', 'SPC_NONE', 'TPC_NONE', 'TPC_NONE', 'UC_NONE', 'SBX_NONE', 'SBX_MPOLY', 'UC_NONE', 'SPC_MPOLY', 'SPC_NONE', 'TPC_NONE', 'UC_NONE', 'TPC_NONE', 'SBX_MPOLY', 'TPC_NONE']","{'SBX_MNUF': 1, 'UC_NONE': 4, 'SBX_MPOLY': 4, 'SPC_NONE': 4, 'TPC_NONE': 6, 'TPC_MPOLY': 1, 'SBX_NONE': 1, 'SPC_MPOLY': 1}"
16,23,TPC,MPOLY,0.691423950925198,0.031806606590437,767614333.44,620395638.7919042,2590604.96,1779330.4039582636,0.7401756197405744,0.0004205137150993,0.03,0.01,GREEDY_HV,"['SPC_MBFLIP', 'SBX_MNUF', 'UC_NONE', 'SBX_MPOLY', 'SPC_NONE', 'TPC_NONE', 'SBX_MPOLY', 'SPC_NONE', 'TPC_MPOLY', 'SPC_NONE', 'TPC_NONE', 'TPC_NONE', 'UC_NONE', 'SBX_NONE', 'SBX_MPOLY', 'UC_NONE', 'SPC_MPOLY', 'SPC_NONE', 'TPC_NONE', 'UC_NONE', 'TPC_NONE', 'SBX_MPOLY', 'TPC_NONE', 'TPC_MPOLY']","{'SBX_MNUF': 1, 'UC_NONE': 4, 'SBX_MPOLY': 4, 'SPC_NONE': 4, 'TPC_NONE': 6, 'TPC_MPOLY': 2, 'SBX_NONE': 1, 'SPC_MPOLY': 1}"
16,24,TPC,NONE,0.6903189591837168,0.0354640082651063,829402287.36,649382700.7253236,2683232.16,1883375.8732232223,0.7407486768400579,0.0005730570994834,0.02,0.0,GREEDY_HV,"['SPC_MBFLIP', 'SBX_MNUF', 'UC_NONE', 'SBX_MPOLY', 'SPC_NONE', 'TPC_NONE', 'SBX_MPOLY', 'SPC_NONE', 'TPC_MPOLY', 'SPC_NONE', 'TPC_NONE', 'TPC_NONE', 'UC_NONE', 'SBX_NONE', 'SBX_MPOLY', 'UC_NONE', 'SPC_MPOLY', 'SPC_NONE', 'TPC_NONE', 'UC_NONE', 'TPC_NONE', 'SBX_MPOLY', 'TPC_NONE', 'TPC_MPOLY', 'TPC_NONE']","{'SBX_MNUF': 1, 'UC_NONE': 4, 'SBX_MPOLY': 4, 'SPC_NONE': 4, 'TPC_NONE': 7, 'TPC_MPOLY': 2, 'SBX_NONE': 1, 'SPC_MPOLY': 1}"
16,25,SPC,NONE,0.6904599637064279,0.0374484241136466,853513899.52,650109817.3969955,2813844.64,1875800.8863802336,0.7407331058826622,-1.5570957395683038e-05,0.04,0.0,GREEDY_HV,"['SPC_MBFLIP', 'SBX_MNUF', 'UC_NONE', 'SBX_MPOLY', 'SPC_NONE', 'TPC_NONE', 'SBX_MPOLY', 'SPC_NONE', 'TPC_MPOLY', 'SPC_NONE', 'TPC_NONE', 'TPC_NONE', 'UC_NONE', 'SBX_NONE', 'SBX_MPOLY', 'UC_NONE', 'SPC_MPOLY', 'SPC_NONE', 'TPC_NONE', 'UC_NONE', 'TPC_NONE', 'SBX_MPOLY', 'TPC_NONE', 'TPC_MPOLY', 'TPC_NONE', 'SPC_NONE']","{'SBX_MNUF': 1, 'UC_NONE': 4, 'SBX_MPOLY': 4, 'SPC_NONE': 5, 'TPC_NONE': 7, 'TPC_MPOLY': 2, 'SBX_NONE': 1, 'SPC_MPOLY': 1}"
16,26,TPC,NONE,0.6901293533372417,0.0367878280776251,852607562.24,679548143.9660847,2726907.04,1953457.643413903,0.7408245410990056,9.143521634347174e-05,0.04,0.0,GREEDY_HV,"['SPC_MBFLIP', 'SBX_MNUF', 'UC_NONE', 'SBX_MPOLY', 'SPC_NONE', 'TPC_NONE', 'SBX_MPOLY', 'SPC_NONE', 'TPC_MPOLY', 'SPC_NONE', 'TPC_NONE', 'TPC_NONE', 'UC_NONE', 'SBX_NONE', 'SBX_MPOLY', 'UC_NONE', 'SPC_MPOLY', 'SPC_NONE', 'TPC_NONE', 'UC_NONE', 'TPC_NONE', 'SBX_MPOLY', 'TPC_NONE', 'TPC_MPOLY', 'TPC_NONE', 'SPC_NONE', 'TPC_NONE']","{'SBX_MNUF': 1, 'UC_NONE': 4, 'SBX_MPOLY': 4, 'SPC_NONE': 5, 'TPC_NONE': 8, 'TPC_MPOLY': 2, 'SBX_NONE': 1, 'SPC_MPOLY': 1}"
16,27,SPC,NONE,0.6913019803755124,0.037200970087394,885051566.08,649808074.973239,2774005.92,1925758.2264202936,0.7409316039955174,0.0001070628965117,0.03,0.0,GREEDY_HV,"['SPC_MBFLIP', 'SBX_MNUF', 'UC_NONE', 'SBX_MPOLY', 'SPC_NONE', 'TPC_NONE', 'SBX_MPOLY', 'SPC_NONE', 'TPC_MPOLY', 'SPC_NONE', 'TPC_NONE', 'TPC_NONE', 'UC_NONE', 'SBX_NONE', 'SBX_MPOLY', 'UC_NONE', 'SPC_MPOLY', 'SPC_NONE', 'TPC_NONE', 'UC_NONE', 'TPC_NONE', 'SBX_MPOLY', 'TPC_NONE', 'TPC_MPOLY', 'TPC_NONE', 'SPC_NONE', 'TPC_NONE', 'SPC_NONE']","{'SBX_MNUF': 1, 'UC_NONE': 4, 'SBX_MPOLY': 4, 'SPC_NONE': 6, 'TPC_NONE': 8, 'TPC_MPOLY': 2, 'SBX_NONE': 1, 'SPC_MPOLY': 1}"
16,28,UC,NONE,0.6899530026598428,0.0372713520270078,879292098.56,679879366.427861,2613153.44,1920392.932164417,0.740907473081043,-2.4130914474396192e-05,0.01,0.0,GREEDY_HV,"['SPC_MBFLIP', 'SBX_MNUF', 'UC_NONE', 'SBX_MPOLY', 'SPC_NONE', 'TPC_NONE', 'SBX_MPOLY', 'SPC_NONE', 'TPC_MPOLY', 'SPC_NONE', 'TPC_NONE', 'TPC_NONE', 'UC_NONE', 'SBX_NONE', 'SBX_MPOLY', 'UC_NONE', 'SPC_MPOLY', 'SPC_NONE', 'TPC_NONE', 'UC_NONE', 'TPC_NONE', 'SBX_MPOLY', 'TPC_NONE', 'TPC_MPOLY', 'TPC_NONE', 'SPC_NONE', 'TPC_NONE', 'SPC_NONE', 'UC_NONE']","{'SBX_MNUF': 1, 'UC_NONE': 5, 'SBX_MPOLY': 4, 'SPC_NONE': 6, 'TPC_NONE': 8, 'TPC_MPOLY': 2, 'SBX_NONE': 1, 'SPC_MPOLY': 1}"
16,29,UC,NONE,0.691615930332802,0.0371689549879118,905833932.8,669906916.594742,2743838.88,1937916.1886499904,0.7409698201579182,6.234707687524654e-05,0.01,0.0,GREEDY_HV,"['SPC_MBFLIP', 'SBX_MNUF', 'UC_NONE', 'SBX_MPOLY', 'SPC_NONE', 'TPC_NONE', 'SBX_MPOLY', 'SPC_NONE', 'TPC_MPOLY', 'SPC_NONE', 'TPC_NONE', 'TPC_NONE', 'UC_NONE', 'SBX_NONE', 'SBX_MPOLY', 'UC_NONE', 'SPC_MPOLY', 'SPC_NONE', 'TPC_NONE', 'UC_NONE', 'TPC_NONE', 'SBX_MPOLY', 'TPC_NONE', 'TPC_MPOLY', 'TPC_NONE', 'SPC_NONE', 'TPC_NONE', 'SPC_NONE', 'UC_NONE', 'UC_NONE']","{'SBX_MNUF': 1, 'UC_NONE': 6, 'SBX_MPOLY': 4, 'SPC_NONE': 6, 'TPC_NONE': 8, 'TPC_MPOLY': 2, 'SBX_NONE': 1, 'SPC_MPOLY': 1}"
16,30,UC,NONE,0.689798249591747,0.0392767904315099,889987628.8,691157804.1286747,2698660.0,1994782.786045799,0.7410460911709428,7.627101302454253e-05,0.01,0.0,GREEDY_HV,"['SPC_MBFLIP', 'SBX_MNUF', 'UC_NONE', 'SBX_MPOLY', 'SPC_NONE', 'TPC_NONE', 'SBX_MPOLY', 'SPC_NONE', 'TPC_MPOLY', 'SPC_NONE', 'TPC_NONE', 'TPC_NONE', 'UC_NONE', 'SBX_NONE', 'SBX_MPOLY', 'UC_NONE', 'SPC_MPOLY', 'SPC_NONE', 'TPC_NONE', 'UC_NONE', 'TPC_NONE', 'SBX_MPOLY', 'TPC_NONE', 'TPC_MPOLY', 'TPC_NONE', 'SPC_NONE', 'TPC_NONE', 'SPC_NONE', 'UC_NONE', 'UC_NONE', 'UC_NONE']","{'SBX_MNUF': 1, 'UC_NONE': 7, 'SBX_MPOLY': 4, 'SPC_NONE': 6, 'TPC_NONE': 8, 'TPC_MPOLY': 2, 'SBX_NONE': 1, 'SPC_MPOLY': 1}"
16,31,SPC,NONE,0.6874620945330254,0.039992415565498,782002229.76,638759555.3977716,2594937.76,1992230.105957227,0.7410634861941554,1.7395023212629646e-05,0.0,0.0,GREEDY_HV,"['SPC_MBFLIP', 'SBX_MNUF', 'UC_NONE', 'SBX_MPOLY', 'SPC_NONE', 'TPC_NONE', 'SBX_MPOLY', 'SPC_NONE', 'TPC_MPOLY', 'SPC_NONE', 'TPC_NONE', 'TPC_NONE', 'UC_NONE', 'SBX_NONE', 'SBX_MPOLY', 'UC_NONE', 'SPC_MPOLY', 'SPC_NONE', 'TPC_NONE', 'UC_NONE', 'TPC_NONE', 'SBX_MPOLY', 'TPC_NONE', 'TPC_MPOLY', 'TPC_NONE', 'SPC_NONE', 'TPC_NONE', 'SPC_NONE', 'UC_NONE', 'UC_NONE', 'UC_NONE', 'SPC_NONE']","{'SBX_MNUF': 1, 'UC_NONE': 7, 'SBX_MPOLY': 4, 'SPC_NONE': 7, 'TPC_NONE': 8, 'TPC_MPOLY': 2, 'SBX_NONE': 1, 'SPC_MPOLY': 1}"
16,32,UC,NONE,0.6903799296947587,0.039835871292354,869771184.64,666728095.5809101,2779026.08,1963524.5280590293,0.7410659400884435,2.453894288101388e-06,0.0,0.0,GREEDY_HV,"['SPC_MBFLIP', 'SBX_MNUF', 'UC_NONE', 'SBX_MPOLY', 'SPC_NONE', 'TPC_NONE', 'SBX_MPOLY', 'SPC_NONE', 'TPC_MPOLY', 'SPC_NONE', 'TPC_NONE', 'TPC_NONE', 'UC_NONE', 'SBX_NONE', 'SBX_MPOLY', 'UC_NONE', 'SPC_MPOLY', 'SPC_NONE', 'TPC_NONE', 'UC_NONE', 'TPC_NONE', 'SBX_MPOLY', 'TPC_NONE', 'TPC_MPOLY', 'TPC_NONE', 'SPC_NONE', 'TPC_NONE', 'SPC_NONE', 'UC_NONE', 'UC_NONE', 'UC_NONE', 'SPC_NONE', 'UC_NONE']","{'SBX_MNUF': 1, 'UC_NONE': 8, 'SBX_MPOLY': 4, 'SPC_NONE': 7, 'TPC_NONE': 8, 'TPC_MPOLY': 2, 'SBX_NONE': 1, 'SPC_MPOLY': 1}"
16,33,TPC,NONE,0.6897566099793633,0.0385317628491179,839621977.6,658930112.6646193,2709688.48,2003723.317895824,0.741114983533635,4.904344519152115e-05,0.01,0.0,GREEDY_HV,"['SPC_MBFLIP', 'SBX_MNUF', 'UC_NONE', 'SBX_MPOLY', 'SPC_NONE', 'TPC_NONE', 'SBX_MPOLY', 'SPC_NONE', 'TPC_MPOLY', 'SPC_NONE', 'TPC_NONE', 'TPC_NONE', 'UC_NONE', 'SBX_NONE', 'SBX_MPOLY', 'UC_NONE', 'SPC_MPOLY', 'SPC_NONE', 'TPC_NONE', 'UC_NONE', 'TPC_NONE', 'SBX_MPOLY', 'TPC_NONE', 'TPC_MPOLY', 'TPC_NONE', 'SPC_NONE', 'TPC_NONE', 'SPC_NONE', 'UC_NONE', 'UC_NONE', 'UC_NONE', 'SPC_NONE', 'UC_NONE', 'TPC_NONE']","{'SBX_MNUF': 1, 'UC_NONE': 8, 'SBX_MPOLY': 4, 'SPC_NONE': 7, 'TPC_NONE': 9, 'TPC_MPOLY': 2, 'SBX_NONE': 1, 'SPC_MPOLY': 1}"
16,34,SPC,NONE,0.6879159862725684,0.0414821395486661,837841877.76,672711916.1702609,2772499.36,2026437.449151528,0.7411382451511764,2.3261617541403545e-05,0.01,0.0,GREEDY_HV,"['SPC_MBFLIP', 'SBX_MNUF', 'UC_NONE', 'SBX_MPOLY', 'SPC_NONE', 'TPC_NONE', 'SBX_MPOLY', 'SPC_NONE', 'TPC_MPOLY', 'SPC_NONE', 'TPC_NONE', 'TPC_NONE', 'UC_NONE', 'SBX_NONE', 'SBX_MPOLY', 'UC_NONE', 'SPC_MPOLY', 'SPC_NONE', 'TPC_NONE', 'UC_NONE', 'TPC_NONE', 'SBX_MPOLY', 'TPC_NONE', 'TPC_MPOLY', 'TPC_NONE', 'SPC_NONE', 'TPC_NONE', 'SPC_NONE', 'UC_NONE', 'UC_NONE', 'UC_NONE', 'SPC_NONE', 'UC_NONE', 'TPC_NONE', 'SPC_NONE']","{'SBX_MNUF': 1, 'UC_NONE': 8, 'SBX_MPOLY': 4, 'SPC_NONE': 8, 'TPC_NONE': 9, 'TPC_MPOLY': 2, 'SBX_NONE': 1, 'SPC_MPOLY': 1}"
16,35,TPC,NONE,0.6865232051885765,0.0420118502628389,823342585.6,675008258.177915,2672188.32,2015616.791206398,0.741209695039278,7.144988810159347e-05,0.0,0.0,GREEDY_HV,"['SPC_MBFLIP', 'SBX_MNUF', 'UC_NONE', 'SBX_MPOLY', 'SPC_NONE', 'TPC_NONE', 'SBX_MPOLY', 'SPC_NONE', 'TPC_MPOLY', 'SPC_NONE', 'TPC_NONE', 'TPC_NONE', 'UC_NONE', 'SBX_NONE', 'SBX_MPOLY', 'UC_NONE', 'SPC_MPOLY', 'SPC_NONE', 'TPC_NONE', 'UC_NONE', 'TPC_NONE', 'SBX_MPOLY', 'TPC_NONE', 'TPC_MPOLY', 'TPC_NONE', 'SPC_NONE', 'TPC_NONE', 'SPC_NONE', 'UC_NONE', 'UC_NONE', 'UC_NONE', 'SPC_NONE', 'UC_NONE', 'TPC_NONE', 'SPC_NONE', 'TPC_NONE']","{'SBX_MNUF': 1, 'UC_NONE': 8, 'SBX_MPOLY': 4, 'SPC_NONE': 8, 'TPC_NONE': 10, 'TPC_MPOLY': 2, 'SBX_NONE': 1, 'SPC_MPOLY': 1}"
16,36,TPC,MPOLY,0.6893038917351905,0.0367665799410501,812918501.12,669749624.4092932,2681083.04,2005542.371029812,0.7411407140780135,-6.89809612645087e-05,0.0,0.005,GREEDY_HV,"['SPC_MBFLIP', 'SBX_MNUF', 'UC_NONE', 'SBX_MPOLY', 'SPC_NONE', 'TPC_NONE', 'SBX_MPOLY', 'SPC_NONE', 'TPC_MPOLY', 'SPC_NONE', 'TPC_NONE', 'TPC_NONE', 'UC_NONE', 'SBX_NONE', 'SBX_MPOLY', 'UC_NONE', 'SPC_MPOLY', 'SPC_NONE', 'TPC_NONE', 'UC_NONE', 'TPC_NONE', 'SBX_MPOLY', 'TPC_NONE', 'TPC_MPOLY', 'TPC_NONE', 'SPC_NONE', 'TPC_NONE', 'SPC_NONE', 'UC_NONE', 'UC_NONE', 'UC_NONE', 'SPC_NONE', 'UC_NONE', 'TPC_NONE', 'SPC_NONE', 'TPC_NONE', 'TPC_MPOLY']","{'SBX_MNUF': 1, 'UC_NONE': 8, 'SBX_MPOLY': 4, 'SPC_NONE': 8, 'TPC_NONE': 10, 'TPC_MPOLY': 3, 'SBX_NONE': 1, 'SPC_MPOLY': 1}"
16,37,TPC,NONE,0.6889657929424827,0.0386149508658623,829925642.24,672364027.7841395,2756779.68,2016660.4809375464,0.7412580142564231,0.0001173001784096,0.0,0.0,GREEDY_HV,"['SPC_MBFLIP', 'SBX_MNUF', 'UC_NONE', 'SBX_MPOLY', 'SPC_NONE', 'TPC_NONE', 'SBX_MPOLY', 'SPC_NONE', 'TPC_MPOLY', 'SPC_NONE', 'TPC_NONE', 'TPC_NONE', 'UC_NONE', 'SBX_NONE', 'SBX_MPOLY', 'UC_NONE', 'SPC_MPOLY', 'SPC_NONE', 'TPC_NONE', 'UC_NONE', 'TPC_NONE', 'SBX_MPOLY', 'TPC_NONE', 'TPC_MPOLY', 'TPC_NONE', 'SPC_NONE', 'TPC_NONE', 'SPC_NONE', 'UC_NONE', 'UC_NONE', 'UC_NONE', 'SPC_NONE', 'UC_NONE', 'TPC_NONE', 'SPC_NONE', 'TPC_NONE', 'TPC_MPOLY', 'TPC_NONE']","{'SBX_MNUF': 1, 'UC_NONE': 8, 'SBX_MPOLY': 4, 'SPC_NONE': 8, 'TPC_NONE': 11, 'TPC_MPOLY': 3, 'SBX_NONE': 1, 'SPC_MPOLY': 1}"
16,38,SPC,NONE,0.6887288178750027,0.03867436480694,820345425.92,662446540.5063287,2727836.32,2006380.5202913769,0.7413048501370785,4.683588065534927e-05,0.0,0.0,GREEDY_HV,"['SPC_MBFLIP', 'SBX_MNUF', 'UC_NONE', 'SBX_MPOLY', 'SPC_NONE', 'TPC_NONE', 'SBX_MPOLY', 'SPC_NONE', 'TPC_MPOLY', 'SPC_NONE', 'TPC_NONE', 'TPC_NONE', 'UC_NONE', 'SBX_NONE', 'SBX_MPOLY', 'UC_NONE', 'SPC_MPOLY', 'SPC_NONE', 'TPC_NONE', 'UC_NONE', 'TPC_NONE', 'SBX_MPOLY', 'TPC_NONE', 'TPC_MPOLY', 'TPC_NONE', 'SPC_NONE', 'TPC_NONE', 'SPC_NONE', 'UC_NONE', 'UC_NONE', 'UC_NONE', 'SPC_NONE', 'UC_NONE', 'TPC_NONE', 'SPC_NONE', 'TPC_NONE', 'TPC_MPOLY', 'TPC_NONE', 'SPC_NONE']","{'SBX_MNUF': 1, 'UC_NONE': 8, 'SBX_MPOLY': 4, 'SPC_NONE': 9, 'TPC_NONE': 11, 'TPC_MPOLY': 3, 'SBX_NONE': 1, 'SPC_MPOLY': 1}"
16,39,TPC,NONE,0.6888870683647975,0.0386221662669652,813825469.44,675629731.4118528,2748855.2,2040918.3357453176,0.7413610010679701,5.61509308916186e-05,0.0,0.0,GREEDY_HV,"['SPC_MBFLIP', 'SBX_MNUF', 'UC_NONE', 'SBX_MPOLY', 'SPC_NONE', 'TPC_NONE', 'SBX_MPOLY', 'SPC_NONE', 'TPC_MPOLY', 'SPC_NONE', 'TPC_NONE', 'TPC_NONE', 'UC_NONE', 'SBX_NONE', 'SBX_MPOLY', 'UC_NONE', 'SPC_MPOLY', 'SPC_NONE', 'TPC_NONE', 'UC_NONE', 'TPC_NONE', 'SBX_MPOLY', 'TPC_NONE', 'TPC_MPOLY', 'TPC_NONE', 'SPC_NONE', 'TPC_NONE', 'SPC_NONE', 'UC_NONE', 'UC_NONE', 'UC_NONE', 'SPC_NONE', 'UC_NONE', 'TPC_NONE', 'SPC_NONE', 'TPC_NONE', 'TPC_MPOLY', 'TPC_NONE', 'SPC_NONE', 'TPC_NONE']","{'SBX_MNUF': 1, 'UC_NONE': 8, 'SBX_MPOLY': 4, 'SPC_NONE': 9, 'TPC_NONE': 12, 'TPC_MPOLY': 3, 'SBX_NONE': 1, 'SPC_MPOLY': 1}"
16,40,TPC,NONE,0.6896851679562492,0.036998457552303,854198881.28,703750125.9096018,2686343.84,1992505.2472787253,0.7413364759827845,-2.452508518557828e-05,0.01,0.0,GREEDY_HV,"['SPC_MBFLIP', 'SBX_MNUF', 'UC_NONE', 'SBX_MPOLY', 'SPC_NONE', 'TPC_NONE', 'SBX_MPOLY', 'SPC_NONE', 'TPC_MPOLY', 'SPC_NONE', 'TPC_NONE', 'TPC_NONE', 'UC_NONE', 'SBX_NONE', 'SBX_MPOLY', 'UC_NONE', 'SPC_MPOLY', 'SPC_NONE', 'TPC_NONE', 'UC_NONE', 'TPC_NONE', 'SBX_MPOLY', 'TPC_NONE', 'TPC_MPOLY', 'TPC_NONE', 'SPC_NONE', 'TPC_NONE', 'SPC_NONE', 'UC_NONE', 'UC_NONE', 'UC_NONE', 'SPC_NONE', 'UC_NONE', 'TPC_NONE', 'SPC_NONE', 'TPC_NONE', 'TPC_MPOLY', 'TPC_NONE', 'SPC_NONE', 'TPC_NONE', 'TPC_NONE']","{'SBX_MNUF': 1, 'UC_NONE': 8, 'SBX_MPOLY': 4, 'SPC_NONE': 9, 'TPC_NONE': 13, 'TPC_MPOLY': 3, 'SBX_NONE': 1, 'SPC_MPOLY': 1}"
16,41,UC,NONE,0.6893683260174516,0.0373827152927257,827710617.6,680754639.3264054,2763751.84,2004719.7906701611,0.7413361486537016,-3.273290829497455e-07,0.0,0.0,GREEDY_HV,"['SPC_MBFLIP', 'SBX_MNUF', 'UC_NONE', 'SBX_MPOLY', 'SPC_NONE', 'TPC_NONE', 'SBX_MPOLY', 'SPC_NONE', 'TPC_MPOLY', 'SPC_NONE', 'TPC_NONE', 'TPC_NONE', 'UC_NONE', 'SBX_NONE', 'SBX_MPOLY', 'UC_NONE', 'SPC_MPOLY', 'SPC_NONE', 'TPC_NONE', 'UC_NONE', 'TPC_NONE', 'SBX_MPOLY', 'TPC_NONE', 'TPC_MPOLY', 'TPC_NONE', 'SPC_NONE', 'TPC_NONE', 'SPC_NONE', 'UC_NONE', 'UC_NONE', 'UC_NONE', 'SPC_NONE', 'UC_NONE', 'TPC_NONE', 'SPC_NONE', 'TPC_NONE', 'TPC_MPOLY', 'TPC_NONE', 'SPC_NONE', 'TPC_NONE', 'TPC_NONE', 'UC_NONE']","{'SBX_MNUF': 1, 'UC_NONE': 9, 'SBX_MPOLY': 4, 'SPC_NONE': 9, 'TPC_NONE': 13, 'TPC_MPOLY': 3, 'SBX_NONE': 1, 'SPC_MPOLY': 1}"
16,42,UC,NONE,0.6899728273340766,0.0370808924893539,818096870.4,671358351.3682011,2824693.92,2033148.5935016535,0.7413445277600277,8.37910632611738e-06,0.01,0.0,GREEDY_HV,"['SPC_MBFLIP', 'SBX_MNUF', 'UC_NONE', 'SBX_MPOLY', 'SPC_NONE', 'TPC_NONE', 'SBX_MPOLY', 'SPC_NONE', 'TPC_MPOLY', 'SPC_NONE', 'TPC_NONE', 'TPC_NONE', 'UC_NONE', 'SBX_NONE', 'SBX_MPOLY', 'UC_NONE', 'SPC_MPOLY', 'SPC_NONE', 'TPC_NONE', 'UC_NONE', 'TPC_NONE', 'SBX_MPOLY', 'TPC_NONE', 'TPC_MPOLY', 'TPC_NONE', 'SPC_NONE', 'TPC_NONE', 'SPC_NONE', 'UC_NONE', 'UC_NONE', 'UC_NONE', 'SPC_NONE', 'UC_NONE', 'TPC_NONE', 'SPC_NONE', 'TPC_NONE', 'TPC_MPOLY', 'TPC_NONE', 'SPC_NONE', 'TPC_NONE', 'TPC_NONE', 'UC_NONE', 'UC_NONE']","{'SBX_MNUF': 1, 'UC_NONE': 10, 'SBX_MPOLY': 4, 'SPC_NONE': 9, 'TPC_NONE': 13, 'TPC_MPOLY': 3, 'SBX_NONE': 1, 'SPC_MPOLY': 1}"
16,43,SPC,NONE,0.6906263246385176,0.0375675077567462,839652864.0,667400231.9269513,2898724.0,2041020.78083218,0.7413894262704571,4.489851042943638e-05,0.01,0.0,GREEDY_HV,"['SPC_MBFLIP', 'SBX_MNUF', 'UC_NONE', 'SBX_MPOLY', 'SPC_NONE', 'TPC_NONE', 'SBX_MPOLY', 'SPC_NONE', 'TPC_MPOLY', 'SPC_NONE', 'TPC_NONE', 'TPC_NONE', 'UC_NONE', 'SBX_NONE', 'SBX_MPOLY', 'UC_NONE', 'SPC_MPOLY', 'SPC_NONE', 'TPC_NONE', 'UC_NONE', 'TPC_NONE', 'SBX_MPOLY', 'TPC_NONE', 'TPC_MPOLY', 'TPC_NONE', 'SPC_NONE', 'TPC_NONE', 'SPC_NONE', 'UC_NONE', 'UC_NONE', 'UC_NONE', 'SPC_NONE', 'UC_NONE', 'TPC_NONE', 'SPC_NONE', 'TPC_NONE', 'TPC_MPOLY', 'TPC_NONE', 'SPC_NONE', 'TPC_NONE', 'TPC_NONE', 'UC_NONE', 'UC_NONE', 'SPC_NONE']","{'SBX_MNUF': 1, 'UC_NONE': 10, 'SBX_MPOLY': 4, 'SPC_NONE': 10, 'TPC_NONE': 13, 'TPC_MPOLY': 3, 'SBX_NONE': 1, 'SPC_MPOLY': 1}"
16,44,SPC,NONE,0.6900952871224609,0.037490438331948,844947758.08,685538300.8966578,2815239.84,1968987.9036009067,0.7413509699244528,-3.845634600430081e-05,0.01,0.0,GREEDY_HV,"['SPC_MBFLIP', 'SBX_MNUF', 'UC_NONE', 'SBX_MPOLY', 'SPC_NONE', 'TPC_NONE', 'SBX_MPOLY', 'SPC_NONE', 'TPC_MPOLY', 'SPC_NONE', 'TPC_NONE', 'TPC_NONE', 'UC_NONE', 'SBX_NONE', 'SBX_MPOLY', 'UC_NONE', 'SPC_MPOLY', 'SPC_NONE', 'TPC_NONE', 'UC_NONE', 'TPC_NONE', 'SBX_MPOLY', 'TPC_NONE', 'TPC_MPOLY', 'TPC_NONE', 'SPC_NONE', 'TPC_NONE', 'SPC_NONE', 'UC_NONE', 'UC_NONE', 'UC_NONE', 'SPC_NONE', 'UC_NONE', 'TPC_NONE', 'SPC_NONE', 'TPC_NONE', 'TPC_MPOLY', 'TPC_NONE', 'SPC_NONE', 'TPC_NONE', 'TPC_NONE', 'UC_NONE', 'UC_NONE', 'SPC_NONE', 'SPC_NONE']","{'SBX_MNUF': 1, 'UC_NONE': 10, 'SBX_MPOLY': 4, 'SPC_NONE': 11, 'TPC_NONE': 13, 'TPC_MPOLY': 3, 'SBX_NONE': 1, 'SPC_MPOLY': 1}"
16,45,TPC,NONE,0.6901398361861887,0.0371226175561013,828765736.96,662780212.2212335,2788778.4,1975330.391271375,0.741199145295337,-0.0001518246291157,0.0,0.0,GREEDY_HV,"['SPC_MBFLIP', 'SBX_MNUF', 'UC_NONE', 'SBX_MPOLY', 'SPC_NONE', 'TPC_NONE', 'SBX_MPOLY', 'SPC_NONE', 'TPC_MPOLY', 'SPC_NONE', 'TPC_NONE', 'TPC_NONE', 'UC_NONE', 'SBX_NONE', 'SBX_MPOLY', 'UC_NONE', 'SPC_MPOLY', 'SPC_NONE', 'TPC_NONE', 'UC_NONE', 'TPC_NONE', 'SBX_MPOLY', 'TPC_NONE', 'TPC_MPOLY', 'TPC_NONE', 'SPC_NONE', 'TPC_NONE', 'SPC_NONE', 'UC_NONE', 'UC_NONE', 'UC_NONE', 'SPC_NONE', 'UC_NONE', 'TPC_NONE', 'SPC_NONE', 'TPC_NONE', 'TPC_MPOLY', 'TPC_NONE', 'SPC_NONE', 'TPC_NONE', 'TPC_NONE', 'UC_NONE', 'UC_NONE', 'SPC_NONE', 'SPC_NONE', 'TPC_NONE']","{'SBX_MNUF': 1, 'UC_NONE': 10, 'SBX_MPOLY': 4, 'SPC_NONE': 11, 'TPC_NONE': 14, 'TPC_MPOLY': 3, 'SBX_NONE': 1, 'SPC_MPOLY': 1}"
16,46,SPC,NONE,0.6897372091629798,0.0374744831897965,826907468.8,656070773.3092531,2750025.12,2010829.5894723712,0.7412579955337504,5.88502384133438e-05,0.0,0.0,GREEDY_HV,"['SPC_MBFLIP', 'SBX_MNUF', 'UC_NONE', 'SBX_MPOLY', 'SPC_NONE', 'TPC_NONE', 'SBX_MPOLY', 'SPC_NONE', 'TPC_MPOLY', 'SPC_NONE', 'TPC_NONE', 'TPC_NONE', 'UC_NONE', 'SBX_NONE', 'SBX_MPOLY', 'UC_NONE', 'SPC_MPOLY', 'SPC_NONE', 'TPC_NONE', 'UC_NONE', 'TPC_NONE', 'SBX_MPOLY', 'TPC_NONE', 'TPC_MPOLY', 'TPC_NONE', 'SPC_NONE', 'TPC_NONE', 'SPC_NONE', 'UC_NONE', 'UC_NONE', 'UC_NONE', 'SPC_NONE', 'UC_NONE', 'TPC_NONE', 'SPC_NONE', 'TPC_NONE', 'TPC_MPOLY', 'TPC_NONE', 'SPC_NONE', 'TPC_NONE', 'TPC_NONE', 'UC_NONE', 'UC_NONE', 'SPC_NONE', 'SPC_NONE', 'TPC_NONE', 'SPC_NONE']","{'SBX_MNUF': 1, 'UC_NONE': 10, 'SBX_MPOLY': 4, 'SPC_NONE': 12, 'TPC_NONE': 14, 'TPC_MPOLY': 3, 'SBX_NONE': 1, 'SPC_MPOLY': 1}"
16,47,TPC,MPOLY,0.6895872527861246,0.0374325423066651,813002967.04,646816081.4846435,2734686.88,2020811.0134361864,0.74128648916164,2.8493627889591977e-05,0.01,0.0,GREEDY_HV,"['SPC_MBFLIP', 'SBX_MNUF', 'UC_NONE', 'SBX_MPOLY', 'SPC_NONE', 'TPC_NONE', 'SBX_MPOLY', 'SPC_NONE', 'TPC_MPOLY', 'SPC_NONE', 'TPC_NONE', 'TPC_NONE', 'UC_NONE', 'SBX_NONE', 'SBX_MPOLY', 'UC_NONE', 'SPC_MPOLY', 'SPC_NONE', 'TPC_NONE', 'UC_NONE', 'TPC_NONE', 'SBX_MPOLY', 'TPC_NONE', 'TPC_MPOLY', 'TPC_NONE', 'SPC_NONE', 'TPC_NONE', 'SPC_NONE', 'UC_NONE', 'UC_NONE', 'UC_NONE', 'SPC_NONE', 'UC_NONE', 'TPC_NONE', 'SPC_NONE', 'TPC_NONE', 'TPC_MPOLY', 'TPC_NONE', 'SPC_NONE', 'TPC_NONE', 'TPC_NONE', 'UC_NONE', 'UC_NONE', 'SPC_NONE', 'SPC_NONE', 'TPC_NONE', 'SPC_NONE', 'TPC_MPOLY']","{'SBX_MNUF': 1, 'UC_NONE': 10, 'SBX_MPOLY': 4, 'SPC_NONE': 12, 'TPC_NONE': 14, 'TPC_MPOLY': 4, 'SBX_NONE': 1, 'SPC_MPOLY': 1}"
16,48,SPC,NONE,0.6918008182744602,0.0360147554019275,847140423.68,660757300.074674,2763274.4,1990552.255897484,0.741346255293502,5.976613186198243e-05,0.01,0.0,GREEDY_HV,"['SPC_MBFLIP', 'SBX_MNUF', 'UC_NONE', 'SBX_MPOLY', 'SPC_NONE', 'TPC_NONE', 'SBX_MPOLY', 'SPC_NONE', 'TPC_MPOLY', 'SPC_NONE', 'TPC_NONE', 'TPC_NONE', 'UC_NONE', 'SBX_NONE', 'SBX_MPOLY', 'UC_NONE', 'SPC_MPOLY', 'SPC_NONE', 'TPC_NONE', 'UC_NONE', 'TPC_NONE', 'SBX_MPOLY', 'TPC_NONE', 'TPC_MPOLY', 'TPC_NONE', 'SPC_NONE', 'TPC_NONE', 'SPC_NONE', 'UC_NONE', 'UC_NONE', 'UC_NONE', 'SPC_NONE', 'UC_NONE', 'TPC_NONE', 'SPC_NONE', 'TPC_NONE', 'TPC_MPOLY', 'TPC_NONE', 'SPC_NONE', 'TPC_NONE', 'TPC_NONE', 'UC_NONE', 'UC_NONE', 'SPC_NONE', 'SPC_NONE', 'TPC_NONE', 'SPC_NONE', 'TPC_MPOLY', 'SPC_NONE']","{'SBX_MNUF': 1, 'UC_NONE': 10, 'SBX_MPOLY': 4, 'SPC_NONE': 13, 'TPC_NONE': 14, 'TPC_MPOLY': 4, 'SBX_NONE': 1, 'SPC_MPOLY': 1}"
16,49,SPC,NONE,0.6918559221343104,0.0360623502380458,873553223.68,682588777.6998154,2766899.36,1984532.6378518215,0.7413673170027919,2.1061709289948997e-05,0.01,0.0,GREEDY_HV,"['SPC_MBFLIP', 'SBX_MNUF', 'UC_NONE', 'SBX_MPOLY', 'SPC_NONE', 'TPC_NONE', 'SBX_MPOLY', 'SPC_NONE', 'TPC_MPOLY', 'SPC_NONE', 'TPC_NONE', 'TPC_NONE', 'UC_NONE', 'SBX_NONE', 'SBX_MPOLY', 'UC_NONE', 'SPC_MPOLY', 'SPC_NONE', 'TPC_NONE', 'UC_NONE', 'TPC_NONE', 'SBX_MPOLY', 'TPC_NONE', 'TPC_MPOLY', 'TPC_NONE', 'SPC_NONE', 'TPC_NONE', 'SPC_NONE', 'UC_NONE', 'UC_NONE', 'UC_NONE', 'SPC_NONE', 'UC_NONE', 'TPC_NONE', 'SPC_NONE', 'TPC_NONE', 'TPC_MPOLY', 'TPC_NONE', 'SPC_NONE', 'TPC_NONE', 'TPC_NONE', 'UC_NONE', 'UC_NONE', 'SPC_NONE', 'SPC_NONE', 'TPC_NONE', 'SPC_NONE', 'TPC_MPOLY', 'SPC_NONE', 'SPC_NONE']","{'SBX_MNUF': 1, 'UC_NONE': 10, 'SBX_MPOLY': 4, 'SPC_NONE': 14, 'TPC_NONE': 14, 'TPC_MPOLY': 4, 'SBX_NONE': 1, 'SPC_MPOLY': 1}"
16,50,SPC,NONE,0.6931497787192831,0.0359048249145664,876803445.76,656171414.6066389,2789469.6,1929133.2909128289,0.7413959748291514,2.865782635952385e-05,0.01,0.0,GREEDY_HV,"['SPC_MBFLIP', 'SBX_MNUF', 'UC_NONE', 'SBX_MPOLY', 'SPC_NONE', 'TPC_NONE', 'SBX_MPOLY', 'SPC_NONE', 'TPC_MPOLY', 'SPC_NONE', 'TPC_NONE', 'TPC_NONE', 'UC_NONE', 'SBX_NONE', 'SBX_MPOLY', 'UC_NONE', 'SPC_MPOLY', 'SPC_NONE', 'TPC_NONE', 'UC_NONE', 'TPC_NONE', 'SBX_MPOLY', 'TPC_NONE', 'TPC_MPOLY', 'TPC_NONE', 'SPC_NONE', 'TPC_NONE', 'SPC_NONE', 'UC_NONE', 'UC_NONE', 'UC_NONE', 'SPC_NONE', 'UC_NONE', 'TPC_NONE', 'SPC_NONE', 'TPC_NONE', 'TPC_MPOLY', 'TPC_NONE', 'SPC_NONE', 'TPC_NONE', 'TPC_NONE', 'UC_NONE', 'UC_NONE', 'SPC_NONE', 'SPC_NONE', 'TPC_NONE', 'SPC_NONE', 'TPC_MPOLY', 'SPC_NONE', 'SPC_NONE', 'SPC_NONE']","{'SBX_MNUF': 1, 'UC_NONE': 10, 'SBX_MPOLY': 4, 'SPC_NONE': 15, 'TPC_NONE': 14, 'TPC_MPOLY': 4, 'SBX_NONE': 1, 'SPC_MPOLY': 1}"
16,51,UC,NONE,0.6925403413844938,0.0361428714784923,858114129.92,670753495.3185737,2844033.44,1976754.1684221248,0.74142494502862,2.8970199468569824e-05,0.0,0.0,GREEDY_HV,"['SPC_MBFLIP', 'SBX_MNUF', 'UC_NONE', 'SBX_MPOLY', 'SPC_NONE', 'TPC_NONE', 'SBX_MPOLY', 'SPC_NONE', 'TPC_MPOLY', 'SPC_NONE', 'TPC_NONE', 'TPC_NONE', 'UC_NONE', 'SBX_NONE', 'SBX_MPOLY', 'UC_NONE', 'SPC_MPOLY', 'SPC_NONE', 'TPC_NONE', 'UC_NONE', 'TPC_NONE', 'SBX_MPOLY', 'TPC_NONE', 'TPC_MPOLY', 'TPC_NONE', 'SPC_NONE', 'TPC_NONE', 'SPC_NONE', 'UC_NONE', 'UC_NONE', 'UC_NONE', 'SPC_NONE', 'UC_NONE', 'TPC_NONE', 'SPC_NONE', 'TPC_NONE', 'TPC_MPOLY', 'TPC_NONE', 'SPC_NONE', 'TPC_NONE', 'TPC_NONE', 'UC_NONE', 'UC_NONE', 'SPC_NONE', 'SPC_NONE', 'TPC_NONE', 'SPC_NONE', 'TPC_MPOLY', 'SPC_NONE', 'SPC_NONE', 'SPC_NONE', 'UC_NONE']","{'SBX_MNUF': 1, 'UC_NONE': 11, 'SBX_MPOLY': 4, 'SPC_NONE': 15, 'TPC_NONE': 14, 'TPC_MPOLY': 4, 'SBX_NONE': 1, 'SPC_MPOLY': 1}"
16,52,SPC,NONE,0.6927620275174329,0.0362714934257995,870617006.08,661351015.2199568,2843612.32,1975272.8175576904,0.741450925052864,2.598002424403223e-05,0.0,0.0,GREEDY_HV,"['SPC_MBFLIP', 'SBX_MNUF', 'UC_NONE', 'SBX_MPOLY', 'SPC_NONE', 'TPC_NONE', 'SBX_MPOLY', 'SPC_NONE', 'TPC_MPOLY', 'SPC_NONE', 'TPC_NONE', 'TPC_NONE', 'UC_NONE', 'SBX_NONE', 'SBX_MPOLY', 'UC_NONE', 'SPC_MPOLY', 'SPC_NONE', 'TPC_NONE', 'UC_NONE', 'TPC_NONE', 'SBX_MPOLY', 'TPC_NONE', 'TPC_MPOLY', 'TPC_NONE', 'SPC_NONE', 'TPC_NONE', 'SPC_NONE', 'UC_NONE', 'UC_NONE', 'UC_NONE', 'SPC_NONE', 'UC_NONE', 'TPC_NONE', 'SPC_NONE', 'TPC_NONE', 'TPC_MPOLY', 'TPC_NONE', 'SPC_NONE', 'TPC_NONE', 'TPC_NONE', 'UC_NONE', 'UC_NONE', 'SPC_NONE', 'SPC_NONE', 'TPC_NONE', 'SPC_NONE', 'TPC_MPOLY', 'SPC_NONE', 'SPC_NONE', 'SPC_NONE', 'UC_NONE', 'SPC_NONE']","{'SBX_MNUF': 1, 'UC_NONE': 11, 'SBX_MPOLY': 4, 'SPC_NONE': 16, 'TPC_NONE': 14, 'TPC_MPOLY': 4, 'SBX_NONE': 1, 'SPC_MPOLY': 1}"
16,53,TPC,NONE,0.6920274025936217,0.0357297167652411,818948510.72,639084189.6777489,2854329.76,2062146.6322636376,0.7414150224894909,-3.5902563373158e-05,0.0,0.0,GREEDY_HV,"['SPC_MBFLIP', 'SBX_MNUF', 'UC_NONE', 'SBX_MPOLY', 'SPC_NONE', 'TPC_NONE', 'SBX_MPOLY', 'SPC_NONE', 'TPC_MPOLY', 'SPC_NONE', 'TPC_NONE', 'TPC_NONE', 'UC_NONE', 'SBX_NONE', 'SBX_MPOLY', 'UC_NONE', 'SPC_MPOLY', 'SPC_NONE', 'TPC_NONE', 'UC_NONE', 'TPC_NONE', 'SBX_MPOLY', 'TPC_NONE', 'TPC_MPOLY', 'TPC_NONE', 'SPC_NONE', 'TPC_NONE', 'SPC_NONE', 'UC_NONE', 'UC_NONE', 'UC_NONE', 'SPC_NONE', 'UC_NONE', 'TPC_NONE', 'SPC_NONE', 'TPC_NONE', 'TPC_MPOLY', 'TPC_NONE', 'SPC_NONE', 'TPC_NONE', 'TPC_NONE', 'UC_NONE', 'UC_NONE', 'SPC_NONE', 'SPC_NONE', 'TPC_NONE', 'SPC_NONE', 'TPC_MPOLY', 'SPC_NONE', 'SPC_NONE', 'SPC_NONE', 'UC_NONE', 'SPC_NONE', 'TPC_NONE']","{'SBX_MNUF': 1, 'UC_NONE': 11, 'SBX_MPOLY': 4, 'SPC_NONE': 16, 'TPC_NONE': 15, 'TPC_MPOLY': 4, 'SBX_NONE': 1, 'SPC_MPOLY': 1}"
16,54,TPC,NONE,0.6921167227770368,0.0367620359891911,852069186.56,659922462.0936637,3011786.4,2084748.713629804,0.7414462353033939,3.1212813903058745e-05,0.0,0.0,GREEDY_HV,"['SPC_MBFLIP', 'SBX_MNUF', 'UC_NONE', 'SBX_MPOLY', 'SPC_NONE', 'TPC_NONE', 'SBX_MPOLY', 'SPC_NONE', 'TPC_MPOLY', 'SPC_NONE', 'TPC_NONE', 'TPC_NONE', 'UC_NONE', 'SBX_NONE', 'SBX_MPOLY', 'UC_NONE', 'SPC_MPOLY', 'SPC_NONE', 'TPC_NONE', 'UC_NONE', 'TPC_NONE', 'SBX_MPOLY', 'TPC_NONE', 'TPC_MPOLY', 'TPC_NONE', 'SPC_NONE', 'TPC_NONE', 'SPC_NONE', 'UC_NONE', 'UC_NONE', 'UC_NONE', 'SPC_NONE', 'UC_NONE', 'TPC_NONE', 'SPC_NONE', 'TPC_NONE', 'TPC_MPOLY', 'TPC_NONE', 'SPC_NONE', 'TPC_NONE', 'TPC_NONE', 'UC_NONE', 'UC_NONE', 'SPC_NONE', 'SPC_NONE', 'TPC_NONE', 'SPC_NONE', 'TPC_MPOLY', 'SPC_NONE', 'SPC_NONE', 'SPC_NONE', 'UC_NONE', 'SPC_NONE', 'TPC_NONE', 'TPC_NONE']","{'SBX_MNUF': 1, 'UC_NONE': 11, 'SBX_MPOLY': 4, 'SPC_NONE': 16, 'TPC_NONE': 16, 'TPC_MPOLY': 4, 'SBX_NONE': 1, 'SPC_MPOLY': 1}"
16,55,SPC,NONE,0.691626758124918,0.0367056634761223,838774318.08,668153143.5792553,2958183.84,2076875.632497848,0.7414230172961838,-2.3218007210168423e-05,0.0,0.0,GREEDY_HV,"['SPC_MBFLIP', 'SBX_MNUF', 'UC_NONE', 'SBX_MPOLY', 'SPC_NONE', 'TPC_NONE', 'SBX_MPOLY', 'SPC_NONE', 'TPC_MPOLY', 'SPC_NONE', 'TPC_NONE', 'TPC_NONE', 'UC_NONE', 'SBX_NONE', 'SBX_MPOLY', 'UC_NONE', 'SPC_MPOLY', 'SPC_NONE', 'TPC_NONE', 'UC_NONE', 'TPC_NONE', 'SBX_MPOLY', 'TPC_NONE', 'TPC_MPOLY', 'TPC_NONE', 'SPC_NONE', 'TPC_NONE', 'SPC_NONE', 'UC_NONE', 'UC_NONE', 'UC_NONE', 'SPC_NONE', 'UC_NONE', 'TPC_NONE', 'SPC_NONE', 'TPC_NONE', 'TPC_MPOLY', 'TPC_NONE', 'SPC_NONE', 'TPC_NONE', 'TPC_NONE', 'UC_NONE', 'UC_NONE', 'SPC_NONE', 'SPC_NONE', 'TPC_NONE', 'SPC_NONE', 'TPC_MPOLY', 'SPC_NONE', 'SPC_NONE', 'SPC_NONE', 'UC_NONE', 'SPC_NONE', 'TPC_NONE', 'TPC_NONE', 'SPC_NONE']","{'SBX_MNUF': 1, 'UC_NONE': 11, 'SBX_MPOLY': 4, 'SPC_NONE': 17, 'TPC_NONE': 16, 'TPC_MPOLY': 4, 'SBX_NONE': 1, 'SPC_MPOLY': 1}"
16,56,UC,NONE,0.6927254697053777,0.0358050911178883,853185955.84,658947710.8620043,2912743.84,1988577.0858528104,0.7414078796913711,-1.5137604812642811e-05,0.0,0.0,GREEDY_HV,"['SPC_MBFLIP', 'SBX_MNUF', 'UC_NONE', 'SBX_MPOLY', 'SPC_NONE', 'TPC_NONE', 'SBX_MPOLY', 'SPC_NONE', 'TPC_MPOLY', 'SPC_NONE', 'TPC_NONE', 'TPC_NONE', 'UC_NONE', 'SBX_NONE', 'SBX_MPOLY', 'UC_NONE', 'SPC_MPOLY', 'SPC_NONE', 'TPC_NONE', 'UC_NONE', 'TPC_NONE', 'SBX_MPOLY', 'TPC_NONE', 'TPC_MPOLY', 'TPC_NONE', 'SPC_NONE', 'TPC_NONE', 'SPC_NONE', 'UC_NONE', 'UC_NONE', 'UC_NONE', 'SPC_NONE', 'UC_NONE', 'TPC_NONE', 'SPC_NONE', 'TPC_NONE', 'TPC_MPOLY', 'TPC_NONE', 'SPC_NONE', 'TPC_NONE', 'TPC_NONE', 'UC_NONE', 'UC_NONE', 'SPC_NONE', 'SPC_NONE', 'TPC_NONE', 'SPC_NONE', 'TPC_MPOLY', 'SPC_NONE', 'SPC_NONE', 'SPC_NONE', 'UC_NONE', 'SPC_NONE', 'TPC_NONE', 'TPC_NONE', 'SPC_NONE', 'UC_NONE']","{'SBX_MNUF': 1, 'UC_NONE': 12, 'SBX_MPOLY': 4, 'SPC_NONE': 17, 'TPC_NONE': 16, 'TPC_MPOLY': 4, 'SBX_NONE': 1, 'SPC_MPOLY': 1}"
16,57,SPC,NONE,0.6907763405287431,0.036243591699238,824365383.68,663973616.3550959,2750564.0,2019442.61828868,0.7413769929691861,-3.0886722184986226e-05,0.0,0.0,GREEDY_HV,"['SPC_MBFLIP', 'SBX_MNUF', 'UC_NONE', 'SBX_MPOLY', 'SPC_NONE', 'TPC_NONE', 'SBX_MPOLY', 'SPC_NONE', 'TPC_MPOLY', 'SPC_NONE', 'TPC_NONE', 'TPC_NONE', 'UC_NONE', 'SBX_NONE', 'SBX_MPOLY', 'UC_NONE', 'SPC_MPOLY', 'SPC_NONE', 'TPC_NONE', 'UC_NONE', 'TPC_NONE', 'SBX_MPOLY', 'TPC_NONE', 'TPC_MPOLY', 'TPC_NONE', 'SPC_NONE', 'TPC_NONE', 'SPC_NONE', 'UC_NONE', 'UC_NONE', 'UC_NONE', 'SPC_NONE', 'UC_NONE', 'TPC_NONE', 'SPC_NONE', 'TPC_NONE', 'TPC_MPOLY', 'TPC_NONE', 'SPC_NONE', 'TPC_NONE', 'TPC_NONE', 'UC_NONE', 'UC_NONE', 'SPC_NONE', 'SPC_NONE', 'TPC_NONE', 'SPC_NONE', 'TPC_MPOLY', 'SPC_NONE', 'SPC_NONE', 'SPC_NONE', 'UC_NONE', 'SPC_NONE', 'TPC_NONE', 'TPC_NONE', 'SPC_NONE', 'UC_NONE', 'SPC_NONE']","{'SBX_MNUF': 1, 'UC_NONE': 12, 'SBX_MPOLY': 4, 'SPC_NONE': 18, 'TPC_NONE': 16, 'TPC_MPOLY': 4, 'SBX_NONE': 1, 'SPC_MPOLY': 1}"
16,58,UC,NONE,0.6910075372359848,0.036656493947627,843674265.6,667560698.2703925,2789707.68,2008081.121860304,0.7414078623554975,3.0869386311360714e-05,0.02,0.0,GREEDY_HV,"['SPC_MBFLIP', 'SBX_MNUF', 'UC_NONE', 'SBX_MPOLY', 'SPC_NONE', 'TPC_NONE', 'SBX_MPOLY', 'SPC_NONE', 'TPC_MPOLY', 'SPC_NONE', 'TPC_NONE', 'TPC_NONE', 'UC_NONE', 'SBX_NONE', 'SBX_MPOLY', 'UC_NONE', 'SPC_MPOLY', 'SPC_NONE', 'TPC_NONE', 'UC_NONE', 'TPC_NONE', 'SBX_MPOLY', 'TPC_NONE', 'TPC_MPOLY', 'TPC_NONE', 'SPC_NONE', 'TPC_NONE', 'SPC_NONE', 'UC_NONE', 'UC_NONE', 'UC_NONE', 'SPC_NONE', 'UC_NONE', 'TPC_NONE', 'SPC_NONE', 'TPC_NONE', 'TPC_MPOLY', 'TPC_NONE', 'SPC_NONE', 'TPC_NONE', 'TPC_NONE', 'UC_NONE', 'UC_NONE', 'SPC_NONE', 'SPC_NONE', 'TPC_NONE', 'SPC_NONE', 'TPC_MPOLY', 'SPC_NONE', 'SPC_NONE', 'SPC_NONE', 'UC_NONE', 'SPC_NONE', 'TPC_NONE', 'TPC_NONE', 'SPC_NONE', 'UC_NONE', 'SPC_NONE', 'UC_NONE']","{'SBX_MNUF': 1, 'UC_NONE': 13, 'SBX_MPOLY': 4, 'SPC_NONE': 18, 'TPC_NONE': 16, 'TPC_MPOLY': 4, 'SBX_NONE': 1, 'SPC_MPOLY': 1}"
16,59,TPC,NONE,0.6927828701088196,0.0362729923649442,868183843.84,651457110.4131153,2915177.12,2004597.13353147,0.741404938124858,-2.92423063952274e-06,0.0,0.0,GREEDY_HV,"['SPC_MBFLIP', 'SBX_MNUF', 'UC_NONE', 'SBX_MPOLY', 'SPC_NONE', 'TPC_NONE', 'SBX_MPOLY', 'SPC_NONE', 'TPC_MPOLY', 'SPC_NONE', 'TPC_NONE', 'TPC_NONE', 'UC_NONE', 'SBX_NONE', 'SBX_MPOLY', 'UC_NONE', 'SPC_MPOLY', 'SPC_NONE', 'TPC_NONE', 'UC_NONE', 'TPC_NONE', 'SBX_MPOLY', 'TPC_NONE', 'TPC_MPOLY', 'TPC_NONE', 'SPC_NONE', 'TPC_NONE', 'SPC_NONE', 'UC_NONE', 'UC_NONE', 'UC_NONE', 'SPC_NONE', 'UC_NONE', 'TPC_NONE', 'SPC_NONE', 'TPC_NONE', 'TPC_MPOLY', 'TPC_NONE', 'SPC_NONE', 'TPC_NONE', 'TPC_NONE', 'UC_NONE', 'UC_NONE', 'SPC_NONE', 'SPC_NONE', 'TPC_NONE', 'SPC_NONE', 'TPC_MPOLY', 'SPC_NONE', 'SPC_NONE', 'SPC_NONE', 'UC_NONE', 'SPC_NONE', 'TPC_NONE', 'TPC_NONE', 'SPC_NONE', 'UC_NONE', 'SPC_NONE', 'UC_NONE', 'TPC_NONE']","{'SBX_MNUF': 1, 'UC_NONE': 13, 'SBX_MPOLY': 4, 'SPC_NONE': 18, 'TPC_NONE': 17, 'TPC_MPOLY': 4, 'SBX_NONE': 1, 'SPC_MPOLY': 1}"
16,60,UC,MPOLY,0.6918870346778421,0.0360140503477664,831998673.92,645317820.795982,2866706.08,2018625.139019088,0.7413845707693656,-2.036735549237889e-05,0.0,0.01,GREEDY_HV,"['SPC_MBFLIP', 'SBX_MNUF', 'UC_NONE', 'SBX_MPOLY', 'SPC_NONE', 'TPC_NONE', 'SBX_MPOLY', 'SPC_NONE', 'TPC_MPOLY', 'SPC_NONE', 'TPC_NONE', 'TPC_NONE', 'UC_NONE', 'SBX_NONE', 'SBX_MPOLY', 'UC_NONE', 'SPC_MPOLY', 'SPC_NONE', 'TPC_NONE', 'UC_NONE', 'TPC_NONE', 'SBX_MPOLY', 'TPC_NONE', 'TPC_MPOLY', 'TPC_NONE', 'SPC_NONE', 'TPC_NONE', 'SPC_NONE', 'UC_NONE', 'UC_NONE', 'UC_NONE', 'SPC_NONE', 'UC_NONE', 'TPC_NONE', 'SPC_NONE', 'TPC_NONE', 'TPC_MPOLY', 'TPC_NONE', 'SPC_NONE', 'TPC_NONE', 'TPC_NONE', 'UC_NONE', 'UC_NONE', 'SPC_NONE', 'SPC_NONE', 'TPC_NONE', 'SPC_NONE', 'TPC_MPOLY', 'SPC_NONE', 'SPC_NONE', 'SPC_NONE', 'UC_NONE', 'SPC_NONE', 'TPC_NONE', 'TPC_NONE', 'SPC_NONE', 'UC_NONE', 'SPC_NONE', 'UC_NONE', 'TPC_NONE', 'UC_MPOLY']","{'SBX_MNUF': 1, 'UC_NONE': 13, 'SBX_MPOLY': 4, 'SPC_NONE': 18, 'TPC_NONE': 17, 'TPC_MPOLY': 4, 'SBX_NONE': 1, 'SPC_MPOLY': 1, 'UC_MPOLY': 1}"
16,61,SPC,NONE,0.6908790830406911,0.0385041402533081,876131896.32,658755268.7683783,2955475.36,2098049.928601297,0.7414493901725734,6.481940320779422e-05,0.0,0.0,GREEDY_HV,"['SPC_MBFLIP', 'SBX_MNUF', 'UC_NONE', 'SBX_MPOLY', 'SPC_NONE', 'TPC_NONE', 'SBX_MPOLY', 'SPC_NONE', 'TPC_MPOLY', 'SPC_NONE', 'TPC_NONE', 'TPC_NONE', 'UC_NONE', 'SBX_NONE', 'SBX_MPOLY', 'UC_NONE', 'SPC_MPOLY', 'SPC_NONE', 'TPC_NONE', 'UC_NONE', 'TPC_NONE', 'SBX_MPOLY', 'TPC_NONE', 'TPC_MPOLY', 'TPC_NONE', 'SPC_NONE', 'TPC_NONE', 'SPC_NONE', 'UC_NONE', 'UC_NONE', 'UC_NONE', 'SPC_NONE', 'UC_NONE', 'TPC_NONE', 'SPC_NONE', 'TPC_NONE', 'TPC_MPOLY', 'TPC_NONE', 'SPC_NONE', 'TPC_NONE', 'TPC_NONE', 'UC_NONE', 'UC_NONE', 'SPC_NONE', 'SPC_NONE', 'TPC_NONE', 'SPC_NONE', 'TPC_MPOLY', 'SPC_NONE', 'SPC_NONE', 'SPC_NONE', 'UC_NONE', 'SPC_NONE', 'TPC_NONE', 'TPC_NONE', 'SPC_NONE', 'UC_NONE', 'SPC_NONE', 'UC_NONE', 'TPC_NONE', 'UC_MPOLY', 'SPC_NONE']","{'SBX_MNUF': 1, 'UC_NONE': 13, 'SBX_MPOLY': 4, 'SPC_NONE': 19, 'TPC_NONE': 17, 'TPC_MPOLY': 4, 'SBX_NONE': 1, 'SPC_MPOLY': 1, 'UC_MPOLY': 1}"
16,62,UC,NONE,0.6917152426769393,0.037655004913642,906460733.44,681277095.0323704,2918430.88,2052509.435950915,0.7413817579423367,-6.763223023664722e-05,0.01,0.0,GREEDY_HV,"['SPC_MBFLIP', 'SBX_MNUF', 'UC_NONE', 'SBX_MPOLY', 'SPC_NONE', 'TPC_NONE', 'SBX_MPOLY', 'SPC_NONE', 'TPC_MPOLY', 'SPC_NONE', 'TPC_NONE', 'TPC_NONE', 'UC_NONE', 'SBX_NONE', 'SBX_MPOLY', 'UC_NONE', 'SPC_MPOLY', 'SPC_NONE', 'TPC_NONE', 'UC_NONE', 'TPC_NONE', 'SBX_MPOLY', 'TPC_NONE', 'TPC_MPOLY', 'TPC_NONE', 'SPC_NONE', 'TPC_NONE', 'SPC_NONE', 'UC_NONE', 'UC_NONE', 'UC_NONE', 'SPC_NONE', 'UC_NONE', 'TPC_NONE', 'SPC_NONE', 'TPC_NONE', 'TPC_MPOLY', 'TPC_NONE', 'SPC_NONE', 'TPC_NONE', 'TPC_NONE', 'UC_NONE', 'UC_NONE', 'SPC_NONE', 'SPC_NONE', 'TPC_NONE', 'SPC_NONE', 'TPC_MPOLY', 'SPC_NONE', 'SPC_NONE', 'SPC_NONE', 'UC_NONE', 'SPC_NONE', 'TPC_NONE', 'TPC_NONE', 'SPC_NONE', 'UC_NONE', 'SPC_NONE', 'UC_NONE', 'TPC_NONE', 'UC_MPOLY', 'SPC_NONE', 'UC_NONE']","{'SBX_MNUF': 1, 'UC_NONE': 14, 'SBX_MPOLY': 4, 'SPC_NONE': 19, 'TPC_NONE': 17, 'TPC_MPOLY': 4, 'SBX_NONE': 1, 'SPC_MPOLY': 1, 'UC_MPOLY': 1}"
16,63,UC,NONE,0.6881339948064701,0.0384282443001277,819838197.76,668598139.9128654,2671122.08,2056108.4644401795,0.7413469536115597,-3.480433077707179e-05,0.0,0.0,GREEDY_HV,"['SPC_MBFLIP', 'SBX_MNUF', 'UC_NONE', 'SBX_MPOLY', 'SPC_NONE', 'TPC_NONE', 'SBX_MPOLY', 'SPC_NONE', 'TPC_MPOLY', 'SPC_NONE', 'TPC_NONE', 'TPC_NONE', 'UC_NONE', 'SBX_NONE', 'SBX_MPOLY', 'UC_NONE', 'SPC_MPOLY', 'SPC_NONE', 'TPC_NONE', 'UC_NONE', 'TPC_NONE', 'SBX_MPOLY', 'TPC_NONE', 'TPC_MPOLY', 'TPC_NONE', 'SPC_NONE', 'TPC_NONE', 'SPC_NONE', 'UC_NONE', 'UC_NONE', 'UC_NONE', 'SPC_NONE', 'UC_NONE', 'TPC_NONE', 'SPC_NONE', 'TPC_NONE', 'TPC_MPOLY', 'TPC_NONE', 'SPC_NONE', 'TPC_NONE', 'TPC_NONE', 'UC_NONE', 'UC_NONE', 'SPC_NONE', 'SPC_NONE', 'TPC_NONE', 'SPC_NONE', 'TPC_MPOLY', 'SPC_NONE', 'SPC_NONE', 'SPC_NONE', 'UC_NONE', 'SPC_NONE', 'TPC_NONE', 'TPC_NONE', 'SPC_NONE', 'UC_NONE', 'SPC_NONE', 'UC_NONE', 'TPC_NONE', 'UC_MPOLY', 'SPC_NONE', 'UC_NONE', 'UC_NONE']","{'SBX_MNUF': 1, 'UC_NONE': 15, 'SBX_MPOLY': 4, 'SPC_NONE': 19, 'TPC_NONE': 17, 'TPC_MPOLY': 4, 'SBX_NONE': 1, 'SPC_MPOLY': 1, 'UC_MPOLY': 1}"
16,64,UC,NONE,0.6880038241239893,0.0382728670744866,824703600.64,681290792.5758489,2627470.24,2043107.9689187508,0.7413102837221808,-3.666988937889304e-05,0.01,0.0,GREEDY_HV,"['SPC_MBFLIP', 'SBX_MNUF', 'UC_NONE', 'SBX_MPOLY', 'SPC_NONE', 'TPC_NONE', 'SBX_MPOLY', 'SPC_NONE', 'TPC_MPOLY', 'SPC_NONE', 'TPC_NONE', 'TPC_NONE', 'UC_NONE', 'SBX_NONE', 'SBX_MPOLY', 'UC_NONE', 'SPC_MPOLY', 'SPC_NONE', 'TPC_NONE', 'UC_NONE', 'TPC_NONE', 'SBX_MPOLY', 'TPC_NONE', 'TPC_MPOLY', 'TPC_NONE', 'SPC_NONE', 'TPC_NONE', 'SPC_NONE', 'UC_NONE', 'UC_NONE', 'UC_NONE', 'SPC_NONE', 'UC_NONE', 'TPC_NONE', 'SPC_NONE', 'TPC_NONE', 'TPC_MPOLY', 'TPC_NONE', 'SPC_NONE', 'TPC_NONE', 'TPC_NONE', 'UC_NONE', 'UC_NONE', 'SPC_NONE', 'SPC_NONE', 'TPC_NONE', 'SPC_NONE', 'TPC_MPOLY', 'SPC_NONE', 'SPC_NONE', 'SPC_NONE', 'UC_NONE', 'SPC_NONE', 'TPC_NONE', 'TPC_NONE', 'SPC_NONE', 'UC_NONE', 'SPC_NONE', 'UC_NONE', 'TPC_NONE', 'UC_MPOLY', 'SPC_NONE', 'UC_NONE', 'UC_NONE', 'UC_NONE']","{'SBX_MNUF': 1, 'UC_NONE': 16, 'SBX_MPOLY': 4, 'SPC_NONE': 19, 'TPC_NONE': 17, 'TPC_MPOLY': 4, 'SBX_NONE': 1, 'SPC_MPOLY': 1, 'UC_MPOLY': 1}"
16,65,SPC,NONE,0.6886938886473915,0.0385404805773241,859594593.28,698090928.5268501,2725491.36,2039499.6451092784,0.7412700800354598,-4.0203686720974297e-05,0.0,0.0,GREEDY_HV,"['SPC_MBFLIP', 'SBX_MNUF', 'UC_NONE', 'SBX_MPOLY', 'SPC_NONE', 'TPC_NONE', 'SBX_MPOLY', 'SPC_NONE', 'TPC_MPOLY', 'SPC_NONE', 'TPC_NONE', 'TPC_NONE', 'UC_NONE', 'SBX_NONE', 'SBX_MPOLY', 'UC_NONE', 'SPC_MPOLY', 'SPC_NONE', 'TPC_NONE', 'UC_NONE', 'TPC_NONE', 'SBX_MPOLY', 'TPC_NONE', 'TPC_MPOLY', 'TPC_NONE', 'SPC_NONE', 'TPC_NONE', 'SPC_NONE', 'UC_NONE', 'UC_NONE', 'UC_NONE', 'SPC_NONE', 'UC_NONE', 'TPC_NONE', 'SPC_NONE', 'TPC_NONE', 'TPC_MPOLY', 'TPC_NONE', 'SPC_NONE', 'TPC_NONE', 'TPC_NONE', 'UC_NONE', 'UC_NONE', 'SPC_NONE', 'SPC_NONE', 'TPC_NONE', 'SPC_NONE', 'TPC_MPOLY', 'SPC_NONE', 'SPC_NONE', 'SPC_NONE', 'UC_NONE', 'SPC_NONE', 'TPC_NONE', 'TPC_NONE', 'SPC_NONE', 'UC_NONE', 'SPC_NONE', 'UC_NONE', 'TPC_NONE', 'UC_MPOLY', 'SPC_NONE', 'UC_NONE', 'UC_NONE', 'UC_NONE', 'SPC_NONE']","{'SBX_MNUF': 1, 'UC_NONE': 16, 'SBX_MPOLY': 4, 'SPC_NONE': 20, 'TPC_NONE': 17, 'TPC_MPOLY': 4, 'SBX_NONE': 1, 'SPC_MPOLY': 1, 'UC_MPOLY': 1}"
16,66,TPC,NONE,0.6901495494616551,0.0379996432184357,857995130.88,672569997.9858376,2787924.64,1998238.722287583,0.7412583820453029,-1.1697990156878111e-05,0.0,0.0,GREEDY_HV,"['SPC_MBFLIP', 'SBX_MNUF', 'UC_NONE', 'SBX_MPOLY', 'SPC_NONE', 'TPC_NONE', 'SBX_MPOLY', 'SPC_NONE', 'TPC_MPOLY', 'SPC_NONE', 'TPC_NONE', 'TPC_NONE', 'UC_NONE', 'SBX_NONE', 'SBX_MPOLY', 'UC_NONE', 'SPC_MPOLY', 'SPC_NONE', 'TPC_NONE', 'UC_NONE', 'TPC_NONE', 'SBX_MPOLY', 'TPC_NONE', 'TPC_MPOLY', 'TPC_NONE', 'SPC_NONE', 'TPC_NONE', 'SPC_NONE', 'UC_NONE', 'UC_NONE', 'UC_NONE', 'SPC_NONE', 'UC_NONE', 'TPC_NONE', 'SPC_NONE', 'TPC_NONE', 'TPC_MPOLY', 'TPC_NONE', 'SPC_NONE', 'TPC_NONE', 'TPC_NONE', 'UC_NONE', 'UC_NONE', 'SPC_NONE', 'SPC_NONE', 'TPC_NONE', 'SPC_NONE', 'TPC_MPOLY', 'SPC_NONE', 'SPC_NONE', 'SPC_NONE', 'UC_NONE', 'SPC_NONE', 'TPC_NONE', 'TPC_NONE', 'SPC_NONE', 'UC_NONE', 'SPC_NONE', 'UC_NONE', 'TPC_NONE', 'UC_MPOLY', 'SPC_NONE', 'UC_NONE', 'UC_NONE', 'UC_NONE', 'SPC_NONE', 'TPC_NONE']","{'SBX_MNUF': 1, 'UC_NONE': 16, 'SBX_MPOLY': 4, 'SPC_NONE': 20, 'TPC_NONE': 18, 'TPC_MPOLY': 4, 'SBX_NONE': 1, 'SPC_MPOLY': 1, 'UC_MPOLY': 1}"
16,67,SPC,NONE,0.6923099982480213,0.0359057603136592,878272819.2,683736246.5304143,2820001.44,1971491.404620048,0.7413156010897787,5.7219044475753655e-05,0.01,0.0,GREEDY_HV,"['SPC_MBFLIP', 'SBX_MNUF', 'UC_NONE', 'SBX_MPOLY', 'SPC_NONE', 'TPC_NONE', 'SBX_MPOLY', 'SPC_NONE', 'TPC_MPOLY', 'SPC_NONE', 'TPC_NONE', 'TPC_NONE', 'UC_NONE', 'SBX_NONE', 'SBX_MPOLY', 'UC_NONE', 'SPC_MPOLY', 'SPC_NONE', 'TPC_NONE', 'UC_NONE', 'TPC_NONE', 'SBX_MPOLY', 'TPC_NONE', 'TPC_MPOLY', 'TPC_NONE', 'SPC_NONE', 'TPC_NONE', 'SPC_NONE', 'UC_NONE', 'UC_NONE', 'UC_NONE', 'SPC_NONE', 'UC_NONE', 'TPC_NONE', 'SPC_NONE', 'TPC_NONE', 'TPC_MPOLY', 'TPC_NONE', 'SPC_NONE', 'TPC_NONE', 'TPC_NONE', 'UC_NONE', 'UC_NONE', 'SPC_NONE', 'SPC_NONE', 'TPC_NONE', 'SPC_NONE', 'TPC_MPOLY', 'SPC_NONE', 'SPC_NONE', 'SPC_NONE', 'UC_NONE', 'SPC_NONE', 'TPC_NONE', 'TPC_NONE', 'SPC_NONE', 'UC_NONE', 'SPC_NONE', 'UC_NONE', 'TPC_NONE', 'UC_MPOLY', 'SPC_NONE', 'UC_NONE', 'UC_NONE', 'UC_NONE', 'SPC_NONE', 'TPC_NONE', 'SPC_NONE']","{'SBX_MNUF': 1, 'UC_NONE': 16, 'SBX_MPOLY': 4, 'SPC_NONE': 21, 'TPC_NONE': 18, 'TPC_MPOLY': 4, 'SBX_NONE': 1, 'SPC_MPOLY': 1, 'UC_MPOLY': 1}"
16,68,SPC,NONE,0.6915987464886519,0.0360906340794206,903489600.0,690959237.6714901,2715172.0,1928279.4616807597,0.741359172077662,4.357098788332348e-05,0.0,0.0,GREEDY_HV,"['SPC_MBFLIP', 'SBX_MNUF', 'UC_NONE', 'SBX_MPOLY', 'SPC_NONE', 'TPC_NONE', 'SBX_MPOLY', 'SPC_NONE', 'TPC_MPOLY', 'SPC_NONE', 'TPC_NONE', 'TPC_NONE', 'UC_NONE', 'SBX_NONE', 'SBX_MPOLY', 'UC_NONE', 'SPC_MPOLY', 'SPC_NONE', 'TPC_NONE', 'UC_NONE', 'TPC_NONE', 'SBX_MPOLY', 'TPC_NONE', 'TPC_MPOLY', 'TPC_NONE', 'SPC_NONE', 'TPC_NONE', 'SPC_NONE', 'UC_NONE', 'UC_NONE', 'UC_NONE', 'SPC_NONE', 'UC_NONE', 'TPC_NONE', 'SPC_NONE', 'TPC_NONE', 'TPC_MPOLY', 'TPC_NONE', 'SPC_NONE', 'TPC_NONE', 'TPC_NONE', 'UC_NONE', 'UC_NONE', 'SPC_NONE', 'SPC_NONE', 'TPC_NONE', 'SPC_NONE', 'TPC_MPOLY', 'SPC_NONE', 'SPC_NONE', 'SPC_NONE', 'UC_NONE', 'SPC_NONE', 'TPC_NONE', 'TPC_NONE', 'SPC_NONE', 'UC_NONE', 'SPC_NONE', 'UC_NONE', 'TPC_NONE', 'UC_MPOLY', 'SPC_NONE', 'UC_NONE', 'UC_NONE', 'UC_NONE', 'SPC_NONE', 'TPC_NONE', 'SPC_NONE', 'SPC_NONE']","{'SBX_MNUF': 1, 'UC_NONE': 16, 'SBX_MPOLY': 4, 'SPC_NONE': 22, 'TPC_NONE': 18, 'TPC_MPOLY': 4, 'SBX_NONE': 1, 'SPC_MPOLY': 1, 'UC_MPOLY': 1}"
16,69,TPC,NONE,0.6919216010048689,0.0374999068723175,923886991.36,692127701.6356276,2874104.48,1958972.0711098893,0.7412352438778228,-0.0001239281998391,0.0,0.0,GREEDY_HV,"['SPC_MBFLIP', 'SBX_MNUF', 'UC_NONE', 'SBX_MPOLY', 'SPC_NONE', 'TPC_NONE', 'SBX_MPOLY', 'SPC_NONE', 'TPC_MPOLY', 'SPC_NONE', 'TPC_NONE', 'TPC_NONE', 'UC_NONE', 'SBX_NONE', 'SBX_MPOLY', 'UC_NONE', 'SPC_MPOLY', 'SPC_NONE', 'TPC_NONE', 'UC_NONE', 'TPC_NONE', 'SBX_MPOLY', 'TPC_NONE', 'TPC_MPOLY', 'TPC_NONE', 'SPC_NONE', 'TPC_NONE', 'SPC_NONE', 'UC_NONE', 'UC_NONE', 'UC_NONE', 'SPC_NONE', 'UC_NONE', 'TPC_NONE', 'SPC_NONE', 'TPC_NONE', 'TPC_MPOLY', 'TPC_NONE', 'SPC_NONE', 'TPC_NONE', 'TPC_NONE', 'UC_NONE', 'UC_NONE', 'SPC_NONE', 'SPC_NONE', 'TPC_NONE', 'SPC_NONE', 'TPC_MPOLY', 'SPC_NONE', 'SPC_NONE', 'SPC_NONE', 'UC_NONE', 'SPC_NONE', 'TPC_NONE', 'TPC_NONE', 'SPC_NONE', 'UC_NONE', 'SPC_NONE', 'UC_NONE', 'TPC_NONE', 'UC_MPOLY', 'SPC_NONE', 'UC_NONE', 'UC_NONE', 'UC_NONE', 'SPC_NONE', 'TPC_NONE', 'SPC_NONE', 'SPC_NONE', 'TPC_NONE']","{'SBX_MNUF': 1, 'UC_NONE': 16, 'SBX_MPOLY': 4, 'SPC_NONE': 22, 'TPC_NONE': 19, 'TPC_MPOLY': 4, 'SBX_NONE': 1, 'SPC_MPOLY': 1, 'UC_MPOLY': 1}"
16,70,SPC,NONE,0.691621881446822,0.0364839983847831,857868638.72,665811685.9661943,2817107.36,1988706.355191191,0.7412737844393319,3.85405615090928e-05,0.01,0.0,GREEDY_HV,"['SPC_MBFLIP', 'SBX_MNUF', 'UC_NONE', 'SBX_MPOLY', 'SPC_NONE', 'TPC_NONE', 'SBX_MPOLY', 'SPC_NONE', 'TPC_MPOLY', 'SPC_NONE', 'TPC_NONE', 'TPC_NONE', 'UC_NONE', 'SBX_NONE', 'SBX_MPOLY', 'UC_NONE', 'SPC_MPOLY', 'SPC_NONE', 'TPC_NONE', 'UC_NONE', 'TPC_NONE', 'SBX_MPOLY', 'TPC_NONE', 'TPC_MPOLY', 'TPC_NONE', 'SPC_NONE', 'TPC_NONE', 'SPC_NONE', 'UC_NONE', 'UC_NONE', 'UC_NONE', 'SPC_NONE', 'UC_NONE', 'TPC_NONE', 'SPC_NONE', 'TPC_NONE', 'TPC_MPOLY', 'TPC_NONE', 'SPC_NONE', 'TPC_NONE', 'TPC_NONE', 'UC_NONE', 'UC_NONE', 'SPC_NONE', 'SPC_NONE', 'TPC_NONE', 'SPC_NONE', 'TPC_MPOLY', 'SPC_NONE', 'SPC_NONE', 'SPC_NONE', 'UC_NONE', 'SPC_NONE', 'TPC_NONE', 'TPC_NONE', 'SPC_NONE', 'UC_NONE', 'SPC_NONE', 'UC_NONE', 'TPC_NONE', 'UC_MPOLY', 'SPC_NONE', 'UC_NONE', 'UC_NONE', 'UC_NONE', 'SPC_NONE', 'TPC_NONE', 'SPC_NONE', 'SPC_NONE', 'TPC_NONE', 'SPC_NONE']","{'SBX_MNUF': 1, 'UC_NONE': 16, 'SBX_MPOLY': 4, 'SPC_NONE': 23, 'TPC_NONE': 19, 'TPC_MPOLY': 4, 'SBX_NONE': 1, 'SPC_MPOLY': 1, 'UC_MPOLY': 1}"
16,71,UC,NONE,0.6923624447438158,0.0361889016674342,878814133.76,669729688.808068,2837958.56,1942932.5722169587,0.7412928248696293,1.904043029743452e-05,0.0,0.0,GREEDY_HV,"['SPC_MBFLIP', 'SBX_MNUF', 'UC_NONE', 'SBX_MPOLY', 'SPC_NONE', 'TPC_NONE', 'SBX_MPOLY', 'SPC_NONE', 'TPC_MPOLY', 'SPC_NONE', 'TPC_NONE', 'TPC_NONE', 'UC_NONE', 'SBX_NONE', 'SBX_MPOLY', 'UC_NONE', 'SPC_MPOLY', 'SPC_NONE', 'TPC_NONE', 'UC_NONE', 'TPC_NONE', 'SBX_MPOLY', 'TPC_NONE', 'TPC_MPOLY', 'TPC_NONE', 'SPC_NONE', 'TPC_NONE', 'SPC_NONE', 'UC_NONE', 'UC_NONE', 'UC_NONE', 'SPC_NONE', 'UC_NONE', 'TPC_NONE', 'SPC_NONE', 'TPC_NONE', 'TPC_MPOLY', 'TPC_NONE', 'SPC_NONE', 'TPC_NONE', 'TPC_NONE', 'UC_NONE', 'UC_NONE', 'SPC_NONE', 'SPC_NONE', 'TPC_NONE', 'SPC_NONE', 'TPC_MPOLY', 'SPC_NONE', 'SPC_NONE', 'SPC_NONE', 'UC_NONE', 'SPC_NONE', 'TPC_NONE', 'TPC_NONE', 'SPC_NONE', 'UC_NONE', 'SPC_NONE', 'UC_NONE', 'TPC_NONE', 'UC_MPOLY', 'SPC_NONE', 'UC_NONE', 'UC_NONE', 'UC_NONE', 'SPC_NONE', 'TPC_NONE', 'SPC_NONE', 'SPC_NONE', 'TPC_NONE', 'SPC_NONE', 'UC_NONE']","{'SBX_MNUF': 1, 'UC_NONE': 17, 'SBX_MPOLY': 4, 'SPC_NONE': 23, 'TPC_NONE': 19, 'TPC_MPOLY': 4, 'SBX_NONE': 1, 'SPC_MPOLY': 1, 'UC_MPOLY': 1}"
16,72,SPC,NONE,0.6907800054686264,0.0374381919640788,873708293.12,676511839.3842956,2796194.72,1981445.138556231,0.7413055718118841,1.2746942254726612e-05,0.01,0.0,GREEDY_HV,"['SPC_MBFLIP', 'SBX_MNUF', 'UC_NONE', 'SBX_MPOLY', 'SPC_NONE', 'TPC_NONE', 'SBX_MPOLY', 'SPC_NONE', 'TPC_MPOLY', 'SPC_NONE', 'TPC_NONE', 'TPC_NONE', 'UC_NONE', 'SBX_NONE', 'SBX_MPOLY', 'UC_NONE', 'SPC_MPOLY', 'SPC_NONE', 'TPC_NONE', 'UC_NONE', 'TPC_NONE', 'SBX_MPOLY', 'TPC_NONE', 'TPC_MPOLY', 'TPC_NONE', 'SPC_NONE', 'TPC_NONE', 'SPC_NONE', 'UC_NONE', 'UC_NONE', 'UC_NONE', 'SPC_NONE', 'UC_NONE', 'TPC_NONE', 'SPC_NONE', 'TPC_NONE', 'TPC_MPOLY', 'TPC_NONE', 'SPC_NONE', 'TPC_NONE', 'TPC_NONE', 'UC_NONE', 'UC_NONE', 'SPC_NONE', 'SPC_NONE', 'TPC_NONE', 'SPC_NONE', 'TPC_MPOLY', 'SPC_NONE', 'SPC_NONE', 'SPC_NONE', 'UC_NONE', 'SPC_NONE', 'TPC_NONE', 'TPC_NONE', 'SPC_NONE', 'UC_NONE', 'SPC_NONE', 'UC_NONE', 'TPC_NONE', 'UC_MPOLY', 'SPC_NONE', 'UC_NONE', 'UC_NONE', 'UC_NONE', 'SPC_NONE', 'TPC_NONE', 'SPC_NONE', 'SPC_NONE', 'TPC_NONE', 'SPC_NONE', 'UC_NONE', 'SPC_NONE']","{'SBX_MNUF': 1, 'UC_NONE': 17, 'SBX_MPOLY': 4, 'SPC_NONE': 24, 'TPC_NONE': 19, 'TPC_MPOLY': 4, 'SBX_NONE': 1, 'SPC_MPOLY': 1, 'UC_MPOLY': 1}"
16,73,SPC,NONE,0.6930995367877445,0.0352114632494207,887251253.76,666717282.9914939,2827996.32,1962449.750006124,0.7412493265525284,-5.6245259355658384e-05,0.01,0.0,GREEDY_HV,"['SPC_MBFLIP', 'SBX_MNUF', 'UC_NONE', 'SBX_MPOLY', 'SPC_NONE', 'TPC_NONE', 'SBX_MPOLY', 'SPC_NONE', 'TPC_MPOLY', 'SPC_NONE', 'TPC_NONE', 'TPC_NONE', 'UC_NONE', 'SBX_NONE', 'SBX_MPOLY', 'UC_NONE', 'SPC_MPOLY', 'SPC_NONE', 'TPC_NONE', 'UC_NONE', 'TPC_NONE', 'SBX_MPOLY', 'TPC_NONE', 'TPC_MPOLY', 'TPC_NONE', 'SPC_NONE', 'TPC_NONE', 'SPC_NONE', 'UC_NONE', 'UC_NONE', 'UC_NONE', 'SPC_NONE', 'UC_NONE', 'TPC_NONE', 'SPC_NONE', 'TPC_NONE', 'TPC_MPOLY', 'TPC_NONE', 'SPC_NONE', 'TPC_NONE', 'TPC_NONE', 'UC_NONE', 'UC_NONE', 'SPC_NONE', 'SPC_NONE', 'TPC_NONE', 'SPC_NONE', 'TPC_MPOLY', 'SPC_NONE', 'SPC_NONE', 'SPC_NONE', 'UC_NONE', 'SPC_NONE', 'TPC_NONE', 'TPC_NONE', 'SPC_NONE', 'UC_NONE', 'SPC_NONE', 'UC_NONE', 'TPC_NONE', 'UC_MPOLY', 'SPC_NONE', 'UC_NONE', 'UC_NONE', 'UC_NONE', 'SPC_NONE', 'TPC_NONE', 'SPC_NONE', 'SPC_NONE', 'TPC_NONE', 'SPC_NONE', 'UC_NONE', 'SPC_NONE', 'SPC_NONE']","{'SBX_MNUF': 1, 'UC_NONE': 17, 'SBX_MPOLY': 4, 'SPC_NONE': 25, 'TPC_NONE': 19, 'TPC_MPOLY': 4, 'SBX_NONE': 1, 'SPC_MPOLY': 1, 'UC_MPOLY': 1}"
16,74,UC,NONE,0.6912182372975845,0.0358099971975419,834769169.92,660300681.7408912,2725317.28,1983211.8185105596,0.7411760906338525,-7.323591867591794e-05,0.0,0.0,GREEDY_HV,"['SPC_MBFLIP', 'SBX_MNUF', 'UC_NONE', 'SBX_MPOLY', 'SPC_NONE', 'TPC_NONE', 'SBX_MPOLY', 'SPC_NONE', 'TPC_MPOLY', 'SPC_NONE', 'TPC_NONE', 'TPC_NONE', 'UC_NONE', 'SBX_NONE', 'SBX_MPOLY', 'UC_NONE', 'SPC_MPOLY', 'SPC_NONE', 'TPC_NONE', 'UC_NONE', 'TPC_NONE', 'SBX_MPOLY', 'TPC_NONE', 'TPC_MPOLY', 'TPC_NONE', 'SPC_NONE', 'TPC_NONE', 'SPC_NONE', 'UC_NONE', 'UC_NONE', 'UC_NONE', 'SPC_NONE', 'UC_NONE', 'TPC_NONE', 'SPC_NONE', 'TPC_NONE', 'TPC_MPOLY', 'TPC_NONE', 'SPC_NONE', 'TPC_NONE', 'TPC_NONE', 'UC_NONE', 'UC_NONE', 'SPC_NONE', 'SPC_NONE', 'TPC_NONE', 'SPC_NONE', 'TPC_MPOLY', 'SPC_NONE', 'SPC_NONE', 'SPC_NONE', 'UC_NONE', 'SPC_NONE', 'TPC_NONE', 'TPC_NONE', 'SPC_NONE', 'UC_NONE', 'SPC_NONE', 'UC_NONE', 'TPC_NONE', 'UC_MPOLY', 'SPC_NONE', 'UC_NONE', 'UC_NONE', 'UC_NONE', 'SPC_NONE', 'TPC_NONE', 'SPC_NONE', 'SPC_NONE', 'TPC_NONE', 'SPC_NONE', 'UC_NONE', 'SPC_NONE', 'SPC_NONE', 'UC_NONE']","{'SBX_MNUF': 1, 'UC_NONE': 18, 'SBX_MPOLY': 4, 'SPC_NONE': 25, 'TPC_NONE': 19, 'TPC_MPOLY': 4, 'SBX_NONE': 1, 'SPC_MPOLY': 1, 'UC_MPOLY': 1}"
16,75,SPC,NONE,0.6916269749445481,0.0368678994954602,876109455.36,666570295.7418445,2808019.36,1972445.929831545,0.7412136975070972,3.760687324472212e-05,0.01,0.0,GREEDY_HV,"['SPC_MBFLIP', 'SBX_MNUF', 'UC_NONE', 'SBX_MPOLY', 'SPC_NONE', 'TPC_NONE', 'SBX_MPOLY', 'SPC_NONE', 'TPC_MPOLY', 'SPC_NONE', 'TPC_NONE', 'TPC_NONE', 'UC_NONE', 'SBX_NONE', 'SBX_MPOLY', 'UC_NONE', 'SPC_MPOLY', 'SPC_NONE', 'TPC_NONE', 'UC_NONE', 'TPC_NONE', 'SBX_MPOLY', 'TPC_NONE', 'TPC_MPOLY', 'TPC_NONE', 'SPC_NONE', 'TPC_NONE', 'SPC_NONE', 'UC_NONE', 'UC_NONE', 'UC_NONE', 'SPC_NONE', 'UC_NONE', 'TPC_NONE', 'SPC_NONE', 'TPC_NONE', 'TPC_MPOLY', 'TPC_NONE', 'SPC_NONE', 'TPC_NONE', 'TPC_NONE', 'UC_NONE', 'UC_NONE', 'SPC_NONE', 'SPC_NONE', 'TPC_NONE', 'SPC_NONE', 'TPC_MPOLY', 'SPC_NONE', 'SPC_NONE', 'SPC_NONE', 'UC_NONE', 'SPC_NONE', 'TPC_NONE', 'TPC_NONE', 'SPC_NONE', 'UC_NONE', 'SPC_NONE', 'UC_NONE', 'TPC_NONE', 'UC_MPOLY', 'SPC_NONE', 'UC_NONE', 'UC_NONE', 'UC_NONE', 'SPC_NONE', 'TPC_NONE', 'SPC_NONE', 'SPC_NONE', 'TPC_NONE', 'SPC_NONE', 'UC_NONE', 'SPC_NONE', 'SPC_NONE', 'UC_NONE', 'SPC_NONE']","{'SBX_MNUF': 1, 'UC_NONE': 18, 'SBX_MPOLY': 4, 'SPC_NONE': 26, 'TPC_NONE': 19, 'TPC_MPOLY': 4, 'SBX_NONE': 1, 'SPC_MPOLY': 1, 'UC_MPOLY': 1}"
16,76,UC,NONE,0.6893266578838763,0.0377891920582675,849921251.84,683870294.568818,2696021.92,1984191.4965870795,0.7412818311633824,6.813365628521861e-05,0.01,0.0,GREEDY_HV,"['SPC_MBFLIP', 'SBX_MNUF', 'UC_NONE', 'SBX_MPOLY', 'SPC_NONE', 'TPC_NONE', 'SBX_MPOLY', 'SPC_NONE', 'TPC_MPOLY', 'SPC_NONE', 'TPC_NONE', 'TPC_NONE', 'UC_NONE', 'SBX_NONE', 'SBX_MPOLY', 'UC_NONE', 'SPC_MPOLY', 'SPC_NONE', 'TPC_NONE', 'UC_NONE', 'TPC_NONE', 'SBX_MPOLY', 'TPC_NONE', 'TPC_MPOLY', 'TPC_NONE', 'SPC_NONE', 'TPC_NONE', 'SPC_NONE', 'UC_NONE', 'UC_NONE', 'UC_NONE', 'SPC_NONE', 'UC_NONE', 'TPC_NONE', 'SPC_NONE', 'TPC_NONE', 'TPC_MPOLY', 'TPC_NONE', 'SPC_NONE', 'TPC_NONE', 'TPC_NONE', 'UC_NONE', 'UC_NONE', 'SPC_NONE', 'SPC_NONE', 'TPC_NONE', 'SPC_NONE', 'TPC_MPOLY', 'SPC_NONE', 'SPC_NONE', 'SPC_NONE', 'UC_NONE', 'SPC_NONE', 'TPC_NONE', 'TPC_NONE', 'SPC_NONE', 'UC_NONE', 'SPC_NONE', 'UC_NONE', 'TPC_NONE', 'UC_MPOLY', 'SPC_NONE', 'UC_NONE', 'UC_NONE', 'UC_NONE', 'SPC_NONE', 'TPC_NONE', 'SPC_NONE', 'SPC_NONE', 'TPC_NONE', 'SPC_NONE', 'UC_NONE', 'SPC_NONE', 'SPC_NONE', 'UC_NONE', 'SPC_NONE', 'UC_NONE']","{'SBX_MNUF': 1, 'UC_NONE': 19, 'SBX_MPOLY': 4, 'SPC_NONE': 26, 'TPC_NONE': 19, 'TPC_MPOLY': 4, 'SBX_NONE': 1, 'SPC_MPOLY': 1, 'UC_MPOLY': 1}"
16,77,TPC,NONE,0.6899890893532463,0.0380258948327544,864333120.0,674577503.7191842,2817921.44,2041737.249092861,0.7412156788280847,-6.615233529772002e-05,0.01,0.0,GREEDY_HV,"['SPC_MBFLIP', 'SBX_MNUF', 'UC_NONE', 'SBX_MPOLY', 'SPC_NONE', 'TPC_NONE', 'SBX_MPOLY', 'SPC_NONE', 'TPC_MPOLY', 'SPC_NONE', 'TPC_NONE', 'TPC_NONE', 'UC_NONE', 'SBX_NONE', 'SBX_MPOLY', 'UC_NONE', 'SPC_MPOLY', 'SPC_NONE', 'TPC_NONE', 'UC_NONE', 'TPC_NONE', 'SBX_MPOLY', 'TPC_NONE', 'TPC_MPOLY', 'TPC_NONE', 'SPC_NONE', 'TPC_NONE', 'SPC_NONE', 'UC_NONE', 'UC_NONE', 'UC_NONE', 'SPC_NONE', 'UC_NONE', 'TPC_NONE', 'SPC_NONE', 'TPC_NONE', 'TPC_MPOLY', 'TPC_NONE', 'SPC_NONE', 'TPC_NONE', 'TPC_NONE', 'UC_NONE', 'UC_NONE', 'SPC_NONE', 'SPC_NONE', 'TPC_NONE', 'SPC_NONE', 'TPC_MPOLY', 'SPC_NONE', 'SPC_NONE', 'SPC_NONE', 'UC_NONE', 'SPC_NONE', 'TPC_NONE', 'TPC_NONE', 'SPC_NONE', 'UC_NONE', 'SPC_NONE', 'UC_NONE', 'TPC_NONE', 'UC_MPOLY', 'SPC_NONE', 'UC_NONE', 'UC_NONE', 'UC_NONE', 'SPC_NONE', 'TPC_NONE', 'SPC_NONE', 'SPC_NONE', 'TPC_NONE', 'SPC_NONE', 'UC_NONE', 'SPC_NONE', 'SPC_NONE', 'UC_NONE', 'SPC_NONE', 'UC_NONE', 'TPC_NONE']","{'SBX_MNUF': 1, 'UC_NONE': 19, 'SBX_MPOLY': 4, 'SPC_NONE': 26, 'TPC_NONE': 20, 'TPC_MPOLY': 4, 'SBX_NONE': 1, 'SPC_MPOLY': 1, 'UC_MPOLY': 1}"
16,78,TPC,NONE,0.6879517312625378,0.0378431547971571,827502952.96,694383059.5475751,2636500.64,2017583.5146110584,0.7412604757736596,4.479694557490976e-05,0.0,0.0,GREEDY_HV,"['SPC_MBFLIP', 'SBX_MNUF', 'UC_NONE', 'SBX_MPOLY', 'SPC_NONE', 'TPC_NONE', 'SBX_MPOLY', 'SPC_NONE', 'TPC_MPOLY', 'SPC_NONE', 'TPC_NONE', 'TPC_NONE', 'UC_NONE', 'SBX_NONE', 'SBX_MPOLY', 'UC_NONE', 'SPC_MPOLY', 'SPC_NONE', 'TPC_NONE', 'UC_NONE', 'TPC_NONE', 'SBX_MPOLY', 'TPC_NONE', 'TPC_MPOLY', 'TPC_NONE', 'SPC_NONE', 'TPC_NONE', 'SPC_NONE', 'UC_NONE', 'UC_NONE', 'UC_NONE', 'SPC_NONE', 'UC_NONE', 'TPC_NONE', 'SPC_NONE', 'TPC_NONE', 'TPC_MPOLY', 'TPC_NONE', 'SPC_NONE', 'TPC_NONE', 'TPC_NONE', 'UC_NONE', 'UC_NONE', 'SPC_NONE', 'SPC_NONE', 'TPC_NONE', 'SPC_NONE', 'TPC_MPOLY', 'SPC_NONE', 'SPC_NONE', 'SPC_NONE', 'UC_NONE', 'SPC_NONE', 'TPC_NONE', 'TPC_NONE', 'SPC_NONE', 'UC_NONE', 'SPC_NONE', 'UC_NONE', 'TPC_NONE', 'UC_MPOLY', 'SPC_NONE', 'UC_NONE', 'UC_NONE', 'UC_NONE', 'SPC_NONE', 'TPC_NONE', 'SPC_NONE', 'SPC_NONE', 'TPC_NONE', 'SPC_NONE', 'UC_NONE', 'SPC_NONE', 'SPC_NONE', 'UC_NONE', 'SPC_NONE', 'UC_NONE', 'TPC_NONE', 'TPC_NONE']","{'SBX_MNUF': 1, 'UC_NONE': 19, 'SBX_MPOLY': 4, 'SPC_NONE': 26, 'TPC_NONE': 21, 'TPC_MPOLY': 4, 'SBX_NONE': 1, 'SPC_MPOLY': 1, 'UC_MPOLY': 1}"
16,79,UC,NONE,0.690543427508884,0.0373088021563413,883363622.4,707881807.1934289,2791845.28,1964782.061280559,0.7411379380002695,-0.0001225377733901,0.0,0.0,GREEDY_HV,"['SPC_MBFLIP', 'SBX_MNUF', 'UC_NONE', 'SBX_MPOLY', 'SPC_NONE', 'TPC_NONE', 'SBX_MPOLY', 'SPC_NONE', 'TPC_MPOLY', 'SPC_NONE', 'TPC_NONE', 'TPC_NONE', 'UC_NONE', 'SBX_NONE', 'SBX_MPOLY', 'UC_NONE', 'SPC_MPOLY', 'SPC_NONE', 'TPC_NONE', 'UC_NONE', 'TPC_NONE', 'SBX_MPOLY', 'TPC_NONE', 'TPC_MPOLY', 'TPC_NONE', 'SPC_NONE', 'TPC_NONE', 'SPC_NONE', 'UC_NONE', 'UC_NONE', 'UC_NONE', 'SPC_NONE', 'UC_NONE', 'TPC_NONE', 'SPC_NONE', 'TPC_NONE', 'TPC_MPOLY', 'TPC_NONE', 'SPC_NONE', 'TPC_NONE', 'TPC_NONE', 'UC_NONE', 'UC_NONE', 'SPC_NONE', 'SPC_NONE', 'TPC_NONE', 'SPC_NONE', 'TPC_MPOLY', 'SPC_NONE', 'SPC_NONE', 'SPC_NONE', 'UC_NONE', 'SPC_NONE', 'TPC_NONE', 'TPC_NONE', 'SPC_NONE', 'UC_NONE', 'SPC_NONE', 'UC_NONE', 'TPC_NONE', 'UC_MPOLY', 'SPC_NONE', 'UC_NONE', 'UC_NONE', 'UC_NONE', 'SPC_NONE', 'TPC_NONE', 'SPC_NONE', 'SPC_NONE', 'TPC_NONE', 'SPC_NONE', 'UC_NONE', 'SPC_NONE', 'SPC_NONE', 'UC_NONE', 'SPC_NONE', 'UC_NONE', 'TPC_NONE', 'TPC_NONE', 'UC_NONE']","{'SBX_MNUF': 1, 'UC_NONE': 20, 'SBX_MPOLY': 4, 'SPC_NONE': 26, 'TPC_NONE': 21, 'TPC_MPOLY': 4, 'SBX_NONE': 1, 'SPC_MPOLY': 1, 'UC_MPOLY': 1}"
16,80,SPC,NONE,0.6903883946444762,0.0377106489954058,874245030.4,684212843.7008712,2816091.04,2035959.2213067624,0.7412487487799682,0.0001108107796986,0.0,0.0,GREEDY_HV,"['SPC_MBFLIP', 'SBX_MNUF', 'UC_NONE', 'SBX_MPOLY', 'SPC_NONE', 'TPC_NONE', 'SBX_MPOLY', 'SPC_NONE', 'TPC_MPOLY', 'SPC_NONE', 'TPC_NONE', 'TPC_NONE', 'UC_NONE', 'SBX_NONE', 'SBX_MPOLY', 'UC_NONE', 'SPC_MPOLY', 'SPC_NONE', 'TPC_NONE', 'UC_NONE', 'TPC_NONE', 'SBX_MPOLY', 'TPC_NONE', 'TPC_MPOLY', 'TPC_NONE', 'SPC_NONE', 'TPC_NONE', 'SPC_NONE', 'UC_NONE', 'UC_NONE', 'UC_NONE', 'SPC_NONE', 'UC_NONE', 'TPC_NONE', 'SPC_NONE', 'TPC_NONE', 'TPC_MPOLY', 'TPC_NONE', 'SPC_NONE', 'TPC_NONE', 'TPC_NONE', 'UC_NONE', 'UC_NONE', 'SPC_NONE', 'SPC_NONE', 'TPC_NONE', 'SPC_NONE', 'TPC_MPOLY', 'SPC_NONE', 'SPC_NONE', 'SPC_NONE', 'UC_NONE', 'SPC_NONE', 'TPC_NONE', 'TPC_NONE', 'SPC_NONE', 'UC_NONE', 'SPC_NONE', 'UC_NONE', 'TPC_NONE', 'UC_MPOLY', 'SPC_NONE', 'UC_NONE', 'UC_NONE', 'UC_NONE', 'SPC_NONE', 'TPC_NONE', 'SPC_NONE', 'SPC_NONE', 'TPC_NONE', 'SPC_NONE', 'UC_NONE', 'SPC_NONE', 'SPC_NONE', 'UC_NONE', 'SPC_NONE', 'UC_NONE', 'TPC_NONE', 'TPC_NONE', 'UC_NONE', 'SPC_NONE']","{'SBX_MNUF': 1, 'UC_NONE': 20, 'SBX_MPOLY': 4, 'SPC_NONE': 27, 'TPC_NONE': 21, 'TPC_MPOLY': 4, 'SBX_NONE': 1, 'SPC_MPOLY': 1, 'UC_MPOLY': 1}"
16,81,UC,NONE,0.6902906037812931,0.0378866796180161,892697597.44,692012020.0725636,2778802.08,2018184.0913255443,0.7412762576749656,2.750889499747444e-05,0.0,0.0,GREEDY_HV,"['SPC_MBFLIP', 'SBX_MNUF', 'UC_NONE', 'SBX_MPOLY', 'SPC_NONE', 'TPC_NONE', 'SBX_MPOLY', 'SPC_NONE', 'TPC_MPOLY', 'SPC_NONE', 'TPC_NONE', 'TPC_NONE', 'UC_NONE', 'SBX_NONE', 'SBX_MPOLY', 'UC_NONE', 'SPC_MPOLY', 'SPC_NONE', 'TPC_NONE', 'UC_NONE', 'TPC_NONE', 'SBX_MPOLY', 'TPC_NONE', 'TPC_MPOLY', 'TPC_NONE', 'SPC_NONE', 'TPC_NONE', 'SPC_NONE', 'UC_NONE', 'UC_NONE', 'UC_NONE', 'SPC_NONE', 'UC_NONE', 'TPC_NONE', 'SPC_NONE', 'TPC_NONE', 'TPC_MPOLY', 'TPC_NONE', 'SPC_NONE', 'TPC_NONE', 'TPC_NONE', 'UC_NONE', 'UC_NONE', 'SPC_NONE', 'SPC_NONE', 'TPC_NONE', 'SPC_NONE', 'TPC_MPOLY', 'SPC_NONE', 'SPC_NONE', 'SPC_NONE', 'UC_NONE', 'SPC_NONE', 'TPC_NONE', 'TPC_NONE', 'SPC_NONE', 'UC_NONE', 'SPC_NONE', 'UC_NONE', 'TPC_NONE', 'UC_MPOLY', 'SPC_NONE', 'UC_NONE', 'UC_NONE', 'UC_NONE', 'SPC_NONE', 'TPC_NONE', 'SPC_NONE', 'SPC_NONE', 'TPC_NONE', 'SPC_NONE', 'UC_NONE', 'SPC_NONE', 'SPC_NONE', 'UC_NONE', 'SPC_NONE', 'UC_NONE', 'TPC_NONE', 'TPC_NONE', 'UC_NONE', 'SPC_NONE', 'UC_NONE']","{'SBX_MNUF': 1, 'UC_NONE': 21, 'SBX_MPOLY': 4, 'SPC_NONE': 27, 'TPC_NONE': 21, 'TPC_MPOLY': 4, 'SBX_NONE': 1, 'SPC_MPOLY': 1, 'UC_MPOLY': 1}"
16,82,TPC,NONE,0.6902409194648452,0.0372353763760148,896523025.92,702955077.0637404,2718858.4,2001304.5669256449,0.7412714708177407,-4.786857224936547e-06,0.0,0.0,GREEDY_HV,"['SPC_MBFLIP', 'SBX_MNUF', 'UC_NONE', 'SBX_MPOLY', 'SPC_NONE', 'TPC_NONE', 'SBX_MPOLY', 'SPC_NONE', 'TPC_MPOLY', 'SPC_NONE', 'TPC_NONE', 'TPC_NONE', 'UC_NONE', 'SBX_NONE', 'SBX_MPOLY', 'UC_NONE', 'SPC_MPOLY', 'SPC_NONE', 'TPC_NONE', 'UC_NONE', 'TPC_NONE', 'SBX_MPOLY', 'TPC_NONE', 'TPC_MPOLY', 'TPC_NONE', 'SPC_NONE', 'TPC_NONE', 'SPC_NONE', 'UC_NONE', 'UC_NONE', 'UC_NONE', 'SPC_NONE', 'UC_NONE', 'TPC_NONE', 'SPC_NONE', 'TPC_NONE', 'TPC_MPOLY', 'TPC_NONE', 'SPC_NONE', 'TPC_NONE', 'TPC_NONE', 'UC_NONE', 'UC_NONE', 'SPC_NONE', 'SPC_NONE', 'TPC_NONE', 'SPC_NONE', 'TPC_MPOLY', 'SPC_NONE', 'SPC_NONE', 'SPC_NONE', 'UC_NONE', 'SPC_NONE', 'TPC_NONE', 'TPC_NONE', 'SPC_NONE', 'UC_NONE', 'SPC_NONE', 'UC_NONE', 'TPC_NONE', 'UC_MPOLY', 'SPC_NONE', 'UC_NONE', 'UC_NONE', 'UC_NONE', 'SPC_NONE', 'TPC_NONE', 'SPC_NONE', 'SPC_NONE', 'TPC_NONE', 'SPC_NONE', 'UC_NONE', 'SPC_NONE', 'SPC_NONE', 'UC_NONE', 'SPC_NONE', 'UC_NONE', 'TPC_NONE', 'TPC_NONE', 'UC_NONE', 'SPC_NONE', 'UC_NONE', 'TPC_NONE']","{'SBX_MNUF': 1, 'UC_NONE': 21, 'SBX_MPOLY': 4, 'SPC_NONE': 27, 'TPC_NONE': 22, 'TPC_MPOLY': 4, 'SBX_NONE': 1, 'SPC_MPOLY': 1, 'UC_MPOLY': 1}"
16,83,TPC,NONE,0.6895100917901412,0.0381216512761438,869875555.84,681914481.8667523,2763196.32,2041467.429883254,0.7412521363396809,-1.933447805979593e-05,0.01,0.0,GREEDY_HV,"['SPC_MBFLIP', 'SBX_MNUF', 'UC_NONE', 'SBX_MPOLY', 'SPC_NONE', 'TPC_NONE', 'SBX_MPOLY', 'SPC_NONE', 'TPC_MPOLY', 'SPC_NONE', 'TPC_NONE', 'TPC_NONE', 'UC_NONE', 'SBX_NONE', 'SBX_MPOLY', 'UC_NONE', 'SPC_MPOLY', 'SPC_NONE', 'TPC_NONE', 'UC_NONE', 'TPC_NONE', 'SBX_MPOLY', 'TPC_NONE', 'TPC_MPOLY', 'TPC_NONE', 'SPC_NONE', 'TPC_NONE', 'SPC_NONE', 'UC_NONE', 'UC_NONE', 'UC_NONE', 'SPC_NONE', 'UC_NONE', 'TPC_NONE', 'SPC_NONE', 'TPC_NONE', 'TPC_MPOLY', 'TPC_NONE', 'SPC_NONE', 'TPC_NONE', 'TPC_NONE', 'UC_NONE', 'UC_NONE', 'SPC_NONE', 'SPC_NONE', 'TPC_NONE', 'SPC_NONE', 'TPC_MPOLY', 'SPC_NONE', 'SPC_NONE', 'SPC_NONE', 'UC_NONE', 'SPC_NONE', 'TPC_NONE', 'TPC_NONE', 'SPC_NONE', 'UC_NONE', 'SPC_NONE', 'UC_NONE', 'TPC_NONE', 'UC_MPOLY', 'SPC_NONE', 'UC_NONE', 'UC_NONE', 'UC_NONE', 'SPC_NONE', 'TPC_NONE', 'SPC_NONE', 'SPC_NONE', 'TPC_NONE', 'SPC_NONE', 'UC_NONE', 'SPC_NONE', 'SPC_NONE', 'UC_NONE', 'SPC_NONE', 'UC_NONE', 'TPC_NONE', 'TPC_NONE', 'UC_NONE', 'SPC_NONE', 'UC_NONE', 'TPC_NONE', 'TPC_NONE']","{'SBX_MNUF': 1, 'UC_NONE': 21, 'SBX_MPOLY': 4, 'SPC_NONE': 27, 'TPC_NONE': 23, 'TPC_MPOLY': 4, 'SBX_NONE': 1, 'SPC_MPOLY': 1, 'UC_MPOLY': 1}"
16,84,SPC,NONE,0.6915412348356963,0.037195356183431,895976483.84,679919299.0518413,2882510.24,2047766.703996552,0.7412925712594861,4.043491980521008e-05,0.0,0.0,GREEDY_HV,"['SPC_MBFLIP', 'SBX_MNUF', 'UC_NONE', 'SBX_MPOLY', 'SPC_NONE', 'TPC_NONE', 'SBX_MPOLY', 'SPC_NONE', 'TPC_MPOLY', 'SPC_NONE', 'TPC_NONE', 'TPC_NONE', 'UC_NONE', 'SBX_NONE', 'SBX_MPOLY', 'UC_NONE', 'SPC_MPOLY', 'SPC_NONE', 'TPC_NONE', 'UC_NONE', 'TPC_NONE', 'SBX_MPOLY', 'TPC_NONE', 'TPC_MPOLY', 'TPC_NONE', 'SPC_NONE', 'TPC_NONE', 'SPC_NONE', 'UC_NONE', 'UC_NONE', 'UC_NONE', 'SPC_NONE', 'UC_NONE', 'TPC_NONE', 'SPC_NONE', 'TPC_NONE', 'TPC_MPOLY', 'TPC_NONE', 'SPC_NONE', 'TPC_NONE', 'TPC_NONE', 'UC_NONE', 'UC_NONE', 'SPC_NONE', 'SPC_NONE', 'TPC_NONE', 'SPC_NONE', 'TPC_MPOLY', 'SPC_NONE', 'SPC_NONE', 'SPC_NONE', 'UC_NONE', 'SPC_NONE', 'TPC_NONE', 'TPC_NONE', 'SPC_NONE', 'UC_NONE', 'SPC_NONE', 'UC_NONE', 'TPC_NONE', 'UC_MPOLY', 'SPC_NONE', 'UC_NONE', 'UC_NONE', 'UC_NONE', 'SPC_NONE', 'TPC_NONE', 'SPC_NONE', 'SPC_NONE', 'TPC_NONE', 'SPC_NONE', 'UC_NONE', 'SPC_NONE', 'SPC_NONE', 'UC_NONE', 'SPC_NONE', 'UC_NONE', 'TPC_NONE', 'TPC_NONE', 'UC_NONE', 'SPC_NONE', 'UC_NONE', 'TPC_NONE', 'TPC_NONE', 'SPC_NONE']","{'SBX_MNUF': 1, 'UC_NONE': 21, 'SBX_MPOLY': 4, 'SPC_NONE': 28, 'TPC_NONE': 23, 'TPC_MPOLY': 4, 'SBX_NONE': 1, 'SPC_MPOLY': 1, 'UC_MPOLY': 1}"
16,85,TPC,NONE,0.6905639897872063,0.0372060318135043,888188195.84,687994281.9615356,2768911.52,2027499.2259719584,0.7411885374141337,-0.0001040338453524,0.01,0.0,GREEDY_HV,"['SPC_MBFLIP', 'SBX_MNUF', 'UC_NONE', 'SBX_MPOLY', 'SPC_NONE', 'TPC_NONE', 'SBX_MPOLY', 'SPC_NONE', 'TPC_MPOLY', 'SPC_NONE', 'TPC_NONE', 'TPC_NONE', 'UC_NONE', 'SBX_NONE', 'SBX_MPOLY', 'UC_NONE', 'SPC_MPOLY', 'SPC_NONE', 'TPC_NONE', 'UC_NONE', 'TPC_NONE', 'SBX_MPOLY', 'TPC_NONE', 'TPC_MPOLY', 'TPC_NONE', 'SPC_NONE', 'TPC_NONE', 'SPC_NONE', 'UC_NONE', 'UC_NONE', 'UC_NONE', 'SPC_NONE', 'UC_NONE', 'TPC_NONE', 'SPC_NONE', 'TPC_NONE', 'TPC_MPOLY', 'TPC_NONE', 'SPC_NONE', 'TPC_NONE', 'TPC_NONE', 'UC_NONE', 'UC_NONE', 'SPC_NONE', 'SPC_NONE', 'TPC_NONE', 'SPC_NONE', 'TPC_MPOLY', 'SPC_NONE', 'SPC_NONE', 'SPC_NONE', 'UC_NONE', 'SPC_NONE', 'TPC_NONE', 'TPC_NONE', 'SPC_NONE', 'UC_NONE', 'SPC_NONE', 'UC_NONE', 'TPC_NONE', 'UC_MPOLY', 'SPC_NONE', 'UC_NONE', 'UC_NONE', 'UC_NONE', 'SPC_NONE', 'TPC_NONE', 'SPC_NONE', 'SPC_NONE', 'TPC_NONE', 'SPC_NONE', 'UC_NONE', 'SPC_NONE', 'SPC_NONE', 'UC_NONE', 'SPC_NONE', 'UC_NONE', 'TPC_NONE', 'TPC_NONE', 'UC_NONE', 'SPC_NONE', 'UC_NONE', 'TPC_NONE', 'TPC_NONE', 'SPC_NONE', 'TPC_NONE']","{'SBX_MNUF': 1, 'UC_NONE': 21, 'SBX_MPOLY': 4, 'SPC_NONE': 28, 'TPC_NONE': 24, 'TPC_MPOLY': 4, 'SBX_NONE': 1, 'SPC_MPOLY': 1, 'UC_MPOLY': 1}"
16,86,SPC,NONE,0.6913844420802949,0.0372578701348456,878608035.84,691220141.2981694,2843954.08,2028679.8509498911,0.7412475906841055,5.905326997179827e-05,0.01,0.0,GREEDY_HV,"['SPC_MBFLIP', 'SBX_MNUF', 'UC_NONE', 'SBX_MPOLY', 'SPC_NONE', 'TPC_NONE', 'SBX_MPOLY', 'SPC_NONE', 'TPC_MPOLY', 'SPC_NONE', 'TPC_NONE', 'TPC_NONE', 'UC_NONE', 'SBX_NONE', 'SBX_MPOLY', 'UC_NONE', 'SPC_MPOLY', 'SPC_NONE', 'TPC_NONE', 'UC_NONE', 'TPC_NONE', 'SBX_MPOLY', 'TPC_NONE', 'TPC_MPOLY', 'TPC_NONE', 'SPC_NONE', 'TPC_NONE', 'SPC_NONE', 'UC_NONE', 'UC_NONE', 'UC_NONE', 'SPC_NONE', 'UC_NONE', 'TPC_NONE', 'SPC_NONE', 'TPC_NONE', 'TPC_MPOLY', 'TPC_NONE', 'SPC_NONE', 'TPC_NONE', 'TPC_NONE', 'UC_NONE', 'UC_NONE', 'SPC_NONE', 'SPC_NONE', 'TPC_NONE', 'SPC_NONE', 'TPC_MPOLY', 'SPC_NONE', 'SPC_NONE', 'SPC_NONE', 'UC_NONE', 'SPC_NONE', 'TPC_NONE', 'TPC_NONE', 'SPC_NONE', 'UC_NONE', 'SPC_NONE', 'UC_NONE', 'TPC_NONE', 'UC_MPOLY', 'SPC_NONE', 'UC_NONE', 'UC_NONE', 'UC_NONE', 'SPC_NONE', 'TPC_NONE', 'SPC_NONE', 'SPC_NONE', 'TPC_NONE', 'SPC_NONE', 'UC_NONE', 'SPC_NONE', 'SPC_NONE', 'UC_NONE', 'SPC_NONE', 'UC_NONE', 'TPC_NONE', 'TPC_NONE', 'UC_NONE', 'SPC_NONE', 'UC_NONE', 'TPC_NONE', 'TPC_NONE', 'SPC_NONE', 'TPC_NONE', 'SPC_NONE']","{'SBX_MNUF': 1, 'UC_NONE': 21, 'SBX_MPOLY': 4, 'SPC_NONE': 29, 'TPC_NONE': 24, 'TPC_MPOLY': 4, 'SBX_NONE': 1, 'SPC_MPOLY': 1, 'UC_MPOLY': 1}"
16,87,UC,NONE,0.6923853419011983,0.0368661594458486,881602344.96,671537524.9390284,2921566.88,2025300.875555399,0.7412961990887963,4.860840469078642e-05,0.0,0.0,GREEDY_HV,"['SPC_MBFLIP', 'SBX_MNUF', 'UC_NONE', 'SBX_MPOLY', 'SPC_NONE', 'TPC_NONE', 'SBX_MPOLY', 'SPC_NONE', 'TPC_MPOLY', 'SPC_NONE', 'TPC_NONE', 'TPC_NONE', 'UC_NONE', 'SBX_NONE', 'SBX_MPOLY', 'UC_NONE', 'SPC_MPOLY', 'SPC_NONE', 'TPC_NONE', 'UC_NONE', 'TPC_NONE', 'SBX_MPOLY', 'TPC_NONE', 'TPC_MPOLY', 'TPC_NONE', 'SPC_NONE', 'TPC_NONE', 'SPC_NONE', 'UC_NONE', 'UC_NONE', 'UC_NONE', 'SPC_NONE', 'UC_NONE', 'TPC_NONE', 'SPC_NONE', 'TPC_NONE', 'TPC_MPOLY', 'TPC_NONE', 'SPC_NONE', 'TPC_NONE', 'TPC_NONE', 'UC_NONE', 'UC_NONE', 'SPC_NONE', 'SPC_NONE', 'TPC_NONE', 'SPC_NONE', 'TPC_MPOLY', 'SPC_NONE', 'SPC_NONE', 'SPC_NONE', 'UC_NONE', 'SPC_NONE', 'TPC_NONE', 'TPC_NONE', 'SPC_NONE', 'UC_NONE', 'SPC_NONE', 'UC_NONE', 'TPC_NONE', 'UC_MPOLY', 'SPC_NONE', 'UC_NONE', 'UC_NONE', 'UC_NONE', 'SPC_NONE', 'TPC_NONE', 'SPC_NONE', 'SPC_NONE', 'TPC_NONE', 'SPC_NONE', 'UC_NONE', 'SPC_NONE', 'SPC_NONE', 'UC_NONE', 'SPC_NONE', 'UC_NONE', 'TPC_NONE', 'TPC_NONE', 'UC_NONE', 'SPC_NONE', 'UC_NONE', 'TPC_NONE', 'TPC_NONE', 'SPC_NONE', 'TPC_NONE', 'SPC_NONE', 'UC_NONE']","{'SBX_MNUF': 1, 'UC_NONE': 22, 'SBX_MPOLY': 4, 'SPC_NONE': 29, 'TPC_NONE': 24, 'TPC_MPOLY': 4, 'SBX_NONE': 1, 'SPC_MPOLY': 1, 'UC_MPOLY': 1}"
16,88,TPC,NONE,0.6913016064495402,0.0379995382441683,917731243.52,700858348.8471484,2902613.92,2046660.852170088,0.7413578256299863,6.162654119001854e-05,0.0,0.0,GREEDY_HV,"['SPC_MBFLIP', 'SBX_MNUF', 'UC_NONE', 'SBX_MPOLY', 'SPC_NONE', 'TPC_NONE', 'SBX_MPOLY', 'SPC_NONE', 'TPC_MPOLY', 'SPC_NONE', 'TPC_NONE', 'TPC_NONE', 'UC_NONE', 'SBX_NONE', 'SBX_MPOLY', 'UC_NONE', 'SPC_MPOLY', 'SPC_NONE', 'TPC_NONE', 'UC_NONE', 'TPC_NONE', 'SBX_MPOLY', 'TPC_NONE', 'TPC_MPOLY', 'TPC_NONE', 'SPC_NONE', 'TPC_NONE', 'SPC_NONE', 'UC_NONE', 'UC_NONE', 'UC_NONE', 'SPC_NONE', 'UC_NONE', 'TPC_NONE', 'SPC_NONE', 'TPC_NONE', 'TPC_MPOLY', 'TPC_NONE', 'SPC_NONE', 'TPC_NONE', 'TPC_NONE', 'UC_NONE', 'UC_NONE', 'SPC_NONE', 'SPC_NONE', 'TPC_NONE', 'SPC_NONE', 'TPC_MPOLY', 'SPC_NONE', 'SPC_NONE', 'SPC_NONE', 'UC_NONE', 'SPC_NONE', 'TPC_NONE', 'TPC_NONE', 'SPC_NONE', 'UC_NONE', 'SPC_NONE', 'UC_NONE', 'TPC_NONE', 'UC_MPOLY', 'SPC_NONE', 'UC_NONE', 'UC_NONE', 'UC_NONE', 'SPC_NONE', 'TPC_NONE', 'SPC_NONE', 'SPC_NONE', 'TPC_NONE', 'SPC_NONE', 'UC_NONE', 'SPC_NONE', 'SPC_NONE', 'UC_NONE', 'SPC_NONE', 'UC_NONE', 'TPC_NONE', 'TPC_NONE', 'UC_NONE', 'SPC_NONE', 'UC_NONE', 'TPC_NONE', 'TPC_NONE', 'SPC_NONE', 'TPC_NONE', 'SPC_NONE', 'UC_NONE', 'TPC_NONE']","{'SBX_MNUF': 1, 'UC_NONE': 22, 'SBX_MPOLY': 4, 'SPC_NONE': 29, 'TPC_NONE': 25, 'TPC_MPOLY': 4, 'SBX_NONE': 1, 'SPC_MPOLY': 1, 'UC_MPOLY': 1}"
16,89,UC,NONE,0.6907174278489964,0.0379606316240423,880053818.88,679264027.0258816,2886205.6,2039601.6383165023,0.7413047841889693,-5.304144101703212e-05,0.0,0.0,GREEDY_HV,"['SPC_MBFLIP', 'SBX_MNUF', 'UC_NONE', 'SBX_MPOLY', 'SPC_NONE', 'TPC_NONE', 'SBX_MPOLY', 'SPC_NONE', 'TPC_MPOLY', 'SPC_NONE', 'TPC_NONE', 'TPC_NONE', 'UC_NONE', 'SBX_NONE', 'SBX_MPOLY', 'UC_NONE', 'SPC_MPOLY', 'SPC_NONE', 'TPC_NONE', 'UC_NONE', 'TPC_NONE', 'SBX_MPOLY', 'TPC_NONE', 'TPC_MPOLY', 'TPC_NONE', 'SPC_NONE', 'TPC_NONE', 'SPC_NONE', 'UC_NONE', 'UC_NONE', 'UC_NONE', 'SPC_NONE', 'UC_NONE', 'TPC_NONE', 'SPC_NONE', 'TPC_NONE', 'TPC_MPOLY', 'TPC_NONE', 'SPC_NONE', 'TPC_NONE', 'TPC_NONE', 'UC_NONE', 'UC_NONE', 'SPC_NONE', 'SPC_NONE', 'TPC_NONE', 'SPC_NONE', 'TPC_MPOLY', 'SPC_NONE', 'SPC_NONE', 'SPC_NONE', 'UC_NONE', 'SPC_NONE', 'TPC_NONE', 'TPC_NONE', 'SPC_NONE', 'UC_NONE', 'SPC_NONE', 'UC_NONE', 'TPC_NONE', 'UC_MPOLY', 'SPC_NONE', 'UC_NONE', 'UC_NONE', 'UC_NONE', 'SPC_NONE', 'TPC_NONE', 'SPC_NONE', 'SPC_NONE', 'TPC_NONE', 'SPC_NONE', 'UC_NONE', 'SPC_NONE', 'SPC_NONE', 'UC_NONE', 'SPC_NONE', 'UC_NONE', 'TPC_NONE', 'TPC_NONE', 'UC_NONE', 'SPC_NONE', 'UC_NONE', 'TPC_NONE', 'TPC_NONE', 'SPC_NONE', 'TPC_NONE', 'SPC_NONE', 'UC_NONE', 'TPC_NONE', 'UC_NONE']","{'SBX_MNUF': 1, 'UC_NONE': 23, 'SBX_MPOLY': 4, 'SPC_NONE': 29, 'TPC_NONE': 25, 'TPC_MPOLY': 4, 'SBX_NONE': 1, 'SPC_MPOLY': 1, 'UC_MPOLY': 1}"
16,90,SPC,NONE,0.6907737224189033,0.0380694572358971,902547537.92,691204336.2359021,2869821.6,2031533.149439684,0.741211901239047,-9.288294992226832e-05,0.0,0.0,GREEDY_HV,"['SPC_MBFLIP', 'SBX_MNUF', 'UC_NONE', 'SBX_MPOLY', 'SPC_NONE', 'TPC_NONE', 'SBX_MPOLY', 'SPC_NONE', 'TPC_MPOLY', 'SPC_NONE', 'TPC_NONE', 'TPC_NONE', 'UC_NONE', 'SBX_NONE', 'SBX_MPOLY', 'UC_NONE', 'SPC_MPOLY', 'SPC_NONE', 'TPC_NONE', 'UC_NONE', 'TPC_NONE', 'SBX_MPOLY', 'TPC_NONE', 'TPC_MPOLY', 'TPC_NONE', 'SPC_NONE', 'TPC_NONE', 'SPC_NONE', 'UC_NONE', 'UC_NONE', 'UC_NONE', 'SPC_NONE', 'UC_NONE', 'TPC_NONE', 'SPC_NONE', 'TPC_NONE', 'TPC_MPOLY', 'TPC_NONE', 'SPC_NONE', 'TPC_NONE', 'TPC_NONE', 'UC_NONE', 'UC_NONE', 'SPC_NONE', 'SPC_NONE', 'TPC_NONE', 'SPC_NONE', 'TPC_MPOLY', 'SPC_NONE', 'SPC_NONE', 'SPC_NONE', 'UC_NONE', 'SPC_NONE', 'TPC_NONE', 'TPC_NONE', 'SPC_NONE', 'UC_NONE', 'SPC_NONE', 'UC_NONE', 'TPC_NONE', 'UC_MPOLY', 'SPC_NONE', 'UC_NONE', 'UC_NONE', 'UC_NONE', 'SPC_NONE', 'TPC_NONE', 'SPC_NONE', 'SPC_NONE', 'TPC_NONE', 'SPC_NONE', 'UC_NONE', 'SPC_NONE', 'SPC_NONE', 'UC_NONE', 'SPC_NONE', 'UC_NONE', 'TPC_NONE', 'TPC_NONE', 'UC_NONE', 'SPC_NONE', 'UC_NONE', 'TPC_NONE', 'TPC_NONE', 'SPC_NONE', 'TPC_NONE', 'SPC_NONE', 'UC_NONE', 'TPC_NONE', 'UC_NONE', 'SPC_NONE']","{'SBX_MNUF': 1, 'UC_NONE': 23, 'SBX_MPOLY': 4, 'SPC_NONE': 30, 'TPC_NONE': 25, 'TPC_MPOLY': 4, 'SBX_NONE': 1, 'SPC_MPOLY': 1, 'UC_MPOLY': 1}"
16,91,TPC,NONE,0.6912033385143288,0.0372334626680779,870902169.6,670832049.8843646,2937280.16,2082359.9822977716,0.7411338314310475,-7.806980799951457e-05,0.01,0.0,GREEDY_HV,"['SPC_MBFLIP', 'SBX_MNUF', 'UC_NONE', 'SBX_MPOLY', 'SPC_NONE', 'TPC_NONE', 'SBX_MPOLY', 'SPC_NONE', 'TPC_MPOLY', 'SPC_NONE', 'TPC_NONE', 'TPC_NONE', 'UC_NONE', 'SBX_NONE', 'SBX_MPOLY', 'UC_NONE', 'SPC_MPOLY', 'SPC_NONE', 'TPC_NONE', 'UC_NONE', 'TPC_NONE', 'SBX_MPOLY', 'TPC_NONE', 'TPC_MPOLY', 'TPC_NONE', 'SPC_NONE', 'TPC_NONE', 'SPC_NONE', 'UC_NONE', 'UC_NONE', 'UC_NONE', 'SPC_NONE', 'UC_NONE', 'TPC_NONE', 'SPC_NONE', 'TPC_NONE', 'TPC_MPOLY', 'TPC_NONE', 'SPC_NONE', 'TPC_NONE', 'TPC_NONE', 'UC_NONE', 'UC_NONE', 'SPC_NONE', 'SPC_NONE', 'TPC_NONE', 'SPC_NONE', 'TPC_MPOLY', 'SPC_NONE', 'SPC_NONE', 'SPC_NONE', 'UC_NONE', 'SPC_NONE', 'TPC_NONE', 'TPC_NONE', 'SPC_NONE', 'UC_NONE', 'SPC_NONE', 'UC_NONE', 'TPC_NONE', 'UC_MPOLY', 'SPC_NONE', 'UC_NONE', 'UC_NONE', 'UC_NONE', 'SPC_NONE', 'TPC_NONE', 'SPC_NONE', 'SPC_NONE', 'TPC_NONE', 'SPC_NONE', 'UC_NONE', 'SPC_NONE', 'SPC_NONE', 'UC_NONE', 'SPC_NONE', 'UC_NONE', 'TPC_NONE', 'TPC_NONE', 'UC_NONE', 'SPC_NONE', 'UC_NONE', 'TPC_NONE', 'TPC_NONE', 'SPC_NONE', 'TPC_NONE', 'SPC_NONE', 'UC_NONE', 'TPC_NONE', 'UC_NONE', 'SPC_NONE', 'TPC_NONE']","{'SBX_MNUF': 1, 'UC_NONE': 23, 'SBX_MPOLY': 4, 'SPC_NONE': 30, 'TPC_NONE': 26, 'TPC_MPOLY': 4, 'SBX_NONE': 1, 'SPC_MPOLY': 1, 'UC_MPOLY': 1}"
16,92,UC,NONE,0.6903508504723352,0.0372784526378512,845233474.56,666613421.8258561,2865465.76,2090572.482367168,0.7411518613766765,1.8029945629050023e-05,0.0,0.0,GREEDY_HV,"['SPC_MBFLIP', 'SBX_MNUF', 'UC_NONE', 'SBX_MPOLY', 'SPC_NONE', 'TPC_NONE', 'SBX_MPOLY', 'SPC_NONE', 'TPC_MPOLY', 'SPC_NONE', 'TPC_NONE', 'TPC_NONE', 'UC_NONE', 'SBX_NONE', 'SBX_MPOLY', 'UC_NONE', 'SPC_MPOLY', 'SPC_NONE', 'TPC_NONE', 'UC_NONE', 'TPC_NONE', 'SBX_MPOLY', 'TPC_NONE', 'TPC_MPOLY', 'TPC_NONE', 'SPC_NONE', 'TPC_NONE', 'SPC_NONE', 'UC_NONE', 'UC_NONE', 'UC_NONE', 'SPC_NONE', 'UC_NONE', 'TPC_NONE', 'SPC_NONE', 'TPC_NONE', 'TPC_MPOLY', 'TPC_NONE', 'SPC_NONE', 'TPC_NONE', 'TPC_NONE', 'UC_NONE', 'UC_NONE', 'SPC_NONE', 'SPC_NONE', 'TPC_NONE', 'SPC_NONE', 'TPC_MPOLY', 'SPC_NONE', 'SPC_NONE', 'SPC_NONE', 'UC_NONE', 'SPC_NONE', 'TPC_NONE', 'TPC_NONE', 'SPC_NONE', 'UC_NONE', 'SPC_NONE', 'UC_NONE', 'TPC_NONE', 'UC_MPOLY', 'SPC_NONE', 'UC_NONE', 'UC_NONE', 'UC_NONE', 'SPC_NONE', 'TPC_NONE', 'SPC_NONE', 'SPC_NONE', 'TPC_NONE', 'SPC_NONE', 'UC_NONE', 'SPC_NONE', 'SPC_NONE', 'UC_NONE', 'SPC_NONE', 'UC_NONE', 'TPC_NONE', 'TPC_NONE', 'UC_NONE', 'SPC_NONE', 'UC_NONE', 'TPC_NONE', 'TPC_NONE', 'SPC_NONE', 'TPC_NONE', 'SPC_NONE', 'UC_NONE', 'TPC_NONE', 'UC_NONE', 'SPC_NONE', 'TPC_NONE', 'UC_NONE']","{'SBX_MNUF': 1, 'UC_NONE': 24, 'SBX_MPOLY': 4, 'SPC_NONE': 30, 'TPC_NONE': 26, 'TPC_MPOLY': 4, 'SBX_NONE': 1, 'SPC_MPOLY': 1, 'UC_MPOLY': 1}"
16,93,TPC,MNUF,0.690301484477714,0.0371951645242866,860242278.4,683572706.2798512,2822104.48,2050630.324334781,0.7411989065633181,4.704518664155888e-05,0.0,0.0,GREEDY_HV,"['SPC_MBFLIP', 'SBX_MNUF', 'UC_NONE', 'SBX_MPOLY', 'SPC_NONE', 'TPC_NONE', 'SBX_MPOLY', 'SPC_NONE', 'TPC_MPOLY', 'SPC_NONE', 'TPC_NONE', 'TPC_NONE', 'UC_NONE', 'SBX_NONE', 'SBX_MPOLY', 'UC_NONE', 'SPC_MPOLY', 'SPC_NONE', 'TPC_NONE', 'UC_NONE', 'TPC_NONE', 'SBX_MPOLY', 'TPC_NONE', 'TPC_MPOLY', 'TPC_NONE', 'SPC_NONE', 'TPC_NONE', 'SPC_NONE', 'UC_NONE', 'UC_NONE', 'UC_NONE', 'SPC_NONE', 'UC_NONE', 'TPC_NONE', 'SPC_NONE', 'TPC_NONE', 'TPC_MPOLY', 'TPC_NONE', 'SPC_NONE', 'TPC_NONE', 'TPC_NONE', 'UC_NONE', 'UC_NONE', 'SPC_NONE', 'SPC_NONE', 'TPC_NONE', 'SPC_NONE', 'TPC_MPOLY', 'SPC_NONE', 'SPC_NONE', 'SPC_NONE', 'UC_NONE', 'SPC_NONE', 'TPC_NONE', 'TPC_NONE', 'SPC_NONE', 'UC_NONE', 'SPC_NONE', 'UC_NONE', 'TPC_NONE', 'UC_MPOLY', 'SPC_NONE', 'UC_NONE', 'UC_NONE', 'UC_NONE', 'SPC_NONE', 'TPC_NONE', 'SPC_NONE', 'SPC_NONE', 'TPC_NONE', 'SPC_NONE', 'UC_NONE', 'SPC_NONE', 'SPC_NONE', 'UC_NONE', 'SPC_NONE', 'UC_NONE', 'TPC_NONE', 'TPC_NONE', 'UC_NONE', 'SPC_NONE', 'UC_NONE', 'TPC_NONE', 'TPC_NONE', 'SPC_NONE', 'TPC_NONE', 'SPC_NONE', 'UC_NONE', 'TPC_NONE', 'UC_NONE', 'SPC_NONE', 'TPC_NONE', 'UC_NONE', 'TPC_MNUF']","{'SBX_MNUF': 1, 'UC_NONE': 24, 'SBX_MPOLY': 4, 'SPC_NONE': 30, 'TPC_NONE': 26, 'TPC_MPOLY': 4, 'SBX_NONE': 1, 'SPC_MPOLY': 1, 'UC_MPOLY': 1, 'TPC_MNUF': 1}"
16,94,UC,NONE,0.6898083837676839,0.0373123633714767,835920378.88,655989771.0765907,2768377.76,2034157.9409864368,0.7412831762929708,8.42697296526973e-05,0.0,0.0,GREEDY_HV,"['SPC_MBFLIP', 'SBX_MNUF', 'UC_NONE', 'SBX_MPOLY', 'SPC_NONE', 'TPC_NONE', 'SBX_MPOLY', 'SPC_NONE', 'TPC_MPOLY', 'SPC_NONE', 'TPC_NONE', 'TPC_NONE', 'UC_NONE', 'SBX_NONE', 'SBX_MPOLY', 'UC_NONE', 'SPC_MPOLY', 'SPC_NONE', 'TPC_NONE', 'UC_NONE', 'TPC_NONE', 'SBX_MPOLY', 'TPC_NONE', 'TPC_MPOLY', 'TPC_NONE', 'SPC_NONE', 'TPC_NONE', 'SPC_NONE', 'UC_NONE', 'UC_NONE', 'UC_NONE', 'SPC_NONE', 'UC_NONE', 'TPC_NONE', 'SPC_NONE', 'TPC_NONE', 'TPC_MPOLY', 'TPC_NONE', 'SPC_NONE', 'TPC_NONE', 'TPC_NONE', 'UC_NONE', 'UC_NONE', 'SPC_NONE', 'SPC_NONE', 'TPC_NONE', 'SPC_NONE', 'TPC_MPOLY', 'SPC_NONE', 'SPC_NONE', 'SPC_NONE', 'UC_NONE', 'SPC_NONE', 'TPC_NONE', 'TPC_NONE', 'SPC_NONE', 'UC_NONE', 'SPC_NONE', 'UC_NONE', 'TPC_NONE', 'UC_MPOLY', 'SPC_NONE', 'UC_NONE', 'UC_NONE', 'UC_NONE', 'SPC_NONE', 'TPC_NONE', 'SPC_NONE', 'SPC_NONE', 'TPC_NONE', 'SPC_NONE', 'UC_NONE', 'SPC_NONE', 'SPC_NONE', 'UC_NONE', 'SPC_NONE', 'UC_NONE', 'TPC_NONE', 'TPC_NONE', 'UC_NONE', 'SPC_NONE', 'UC_NONE', 'TPC_NONE', 'TPC_NONE', 'SPC_NONE', 'TPC_NONE', 'SPC_NONE', 'UC_NONE', 'TPC_NONE', 'UC_NONE', 'SPC_NONE', 'TPC_NONE', 'UC_NONE', 'TPC_MNUF', 'UC_NONE']","{'SBX_MNUF': 1, 'UC_NONE': 25, 'SBX_MPOLY': 4, 'SPC_NONE': 30, 'TPC_NONE': 26, 'TPC_MPOLY': 4, 'SBX_NONE': 1, 'SPC_MPOLY': 1, 'UC_MPOLY': 1, 'TPC_MNUF': 1}"
16,95,TPC,NONE,0.6904193994978217,0.0371220759872904,856096353.28,669179297.7413622,2809127.84,2096332.8759245789,0.7412593622438278,-2.3814049142978355e-05,0.0,0.0,GREEDY_HV,"['SPC_MBFLIP', 'SBX_MNUF', 'UC_NONE', 'SBX_MPOLY', 'SPC_NONE', 'TPC_NONE', 'SBX_MPOLY', 'SPC_NONE', 'TPC_MPOLY', 'SPC_NONE', 'TPC_NONE', 'TPC_NONE', 'UC_NONE', 'SBX_NONE', 'SBX_MPOLY', 'UC_NONE', 'SPC_MPOLY', 'SPC_NONE', 'TPC_NONE', 'UC_NONE', 'TPC_NONE', 'SBX_MPOLY', 'TPC_NONE', 'TPC_MPOLY', 'TPC_NONE', 'SPC_NONE', 'TPC_NONE', 'SPC_NONE', 'UC_NONE', 'UC_NONE', 'UC_NONE', 'SPC_NONE', 'UC_NONE', 'TPC_NONE', 'SPC_NONE', 'TPC_NONE', 'TPC_MPOLY', 'TPC_NONE', 'SPC_NONE', 'TPC_NONE', 'TPC_NONE', 'UC_NONE', 'UC_NONE', 'SPC_NONE', 'SPC_NONE', 'TPC_NONE', 'SPC_NONE', 'TPC_MPOLY', 'SPC_NONE', 'SPC_NONE', 'SPC_NONE', 'UC_NONE', 'SPC_NONE', 'TPC_NONE', 'TPC_NONE', 'SPC_NONE', 'UC_NONE', 'SPC_NONE', 'UC_NONE', 'TPC_NONE', 'UC_MPOLY', 'SPC_NONE', 'UC_NONE', 'UC_NONE', 'UC_NONE', 'SPC_NONE', 'TPC_NONE', 'SPC_NONE', 'SPC_NONE', 'TPC_NONE', 'SPC_NONE', 'UC_NONE', 'SPC_NONE', 'SPC_NONE', 'UC_NONE', 'SPC_NONE', 'UC_NONE', 'TPC_NONE', 'TPC_NONE', 'UC_NONE', 'SPC_NONE', 'UC_NONE', 'TPC_NONE', 'TPC_NONE', 'SPC_NONE', 'TPC_NONE', 'SPC_NONE', 'UC_NONE', 'TPC_NONE', 'UC_NONE', 'SPC_NONE', 'TPC_NONE', 'UC_NONE', 'TPC_MNUF', 'UC_NONE', 'TPC_NONE']","{'SBX_MNUF': 1, 'UC_NONE': 25, 'SBX_MPOLY': 4, 'SPC_NONE': 30, 'TPC_NONE': 27, 'TPC_MPOLY': 4, 'SBX_NONE': 1, 'SPC_MPOLY': 1, 'UC_MPOLY': 1, 'TPC_MNUF': 1}"
16,96,SPC,NONE,0.689554886813205,0.0378966763684135,859582179.84,662548630.0032779,2724027.04,2060814.6962063808,0.7413425818286081,8.3219584780303e-05,0.0,0.0,GREEDY_HV,"['SPC_MBFLIP', 'SBX_MNUF', 'UC_NONE', 'SBX_MPOLY', 'SPC_NONE', 'TPC_NONE', 'SBX_MPOLY', 'SPC_NONE', 'TPC_MPOLY', 'SPC_NONE', 'TPC_NONE', 'TPC_NONE', 'UC_NONE', 'SBX_NONE', 'SBX_MPOLY', 'UC_NONE', 'SPC_MPOLY', 'SPC_NONE', 'TPC_NONE', 'UC_NONE', 'TPC_NONE', 'SBX_MPOLY', 'TPC_NONE', 'TPC_MPOLY', 'TPC_NONE', 'SPC_NONE', 'TPC_NONE', 'SPC_NONE', 'UC_NONE', 'UC_NONE', 'UC_NONE', 'SPC_NONE', 'UC_NONE', 'TPC_NONE', 'SPC_NONE', 'TPC_NONE', 'TPC_MPOLY', 'TPC_NONE', 'SPC_NONE', 'TPC_NONE', 'TPC_NONE', 'UC_NONE', 'UC_NONE', 'SPC_NONE', 'SPC_NONE', 'TPC_NONE', 'SPC_NONE', 'TPC_MPOLY', 'SPC_NONE', 'SPC_NONE', 'SPC_NONE', 'UC_NONE', 'SPC_NONE', 'TPC_NONE', 'TPC_NONE', 'SPC_NONE', 'UC_NONE', 'SPC_NONE', 'UC_NONE', 'TPC_NONE', 'UC_MPOLY', 'SPC_NONE', 'UC_NONE', 'UC_NONE', 'UC_NONE', 'SPC_NONE', 'TPC_NONE', 'SPC_NONE', 'SPC_NONE', 'TPC_NONE', 'SPC_NONE', 'UC_NONE', 'SPC_NONE', 'SPC_NONE', 'UC_NONE', 'SPC_NONE', 'UC_NONE', 'TPC_NONE', 'TPC_NONE', 'UC_NONE', 'SPC_NONE', 'UC_NONE', 'TPC_NONE', 'TPC_NONE', 'SPC_NONE', 'TPC_NONE', 'SPC_NONE', 'UC_NONE', 'TPC_NONE', 'UC_NONE', 'SPC_NONE', 'TPC_NONE', 'UC_NONE', 'TPC_MNUF', 'UC_NONE', 'TPC_NONE', 'SPC_NONE']","{'SBX_MNUF': 1, 'UC_NONE': 25, 'SBX_MPOLY': 4, 'SPC_NONE': 31, 'TPC_NONE': 27, 'TPC_MPOLY': 4, 'SBX_NONE': 1, 'SPC_MPOLY': 1, 'UC_MPOLY': 1, 'TPC_MNUF': 1}"
16,97,UC,MNUF,0.6914802951218714,0.0371179549661146,903135938.56,668730679.5045894,2768944.8,2000143.8726005284,0.7413008291391275,-4.1752689480589744e-05,0.0,0.0,GREEDY_HV,"['SPC_MBFLIP', 'SBX_MNUF', 'UC_NONE', 'SBX_MPOLY', 'SPC_NONE', 'TPC_NONE', 'SBX_MPOLY', 'SPC_NONE', 'TPC_MPOLY', 'SPC_NONE', 'TPC_NONE', 'TPC_NONE', 'UC_NONE', 'SBX_NONE', 'SBX_MPOLY', 'UC_NONE', 'SPC_MPOLY', 'SPC_NONE', 'TPC_NONE', 'UC_NONE', 'TPC_NONE', 'SBX_MPOLY', 'TPC_NONE', 'TPC_MPOLY', 'TPC_NONE', 'SPC_NONE', 'TPC_NONE', 'SPC_NONE', 'UC_NONE', 'UC_NONE', 'UC_NONE', 'SPC_NONE', 'UC_NONE', 'TPC_NONE', 'SPC_NONE', 'TPC_NONE', 'TPC_MPOLY', 'TPC_NONE', 'SPC_NONE', 'TPC_NONE', 'TPC_NONE', 'UC_NONE', 'UC_NONE', 'SPC_NONE', 'SPC_NONE', 'TPC_NONE', 'SPC_NONE', 'TPC_MPOLY', 'SPC_NONE', 'SPC_NONE', 'SPC_NONE', 'UC_NONE', 'SPC_NONE', 'TPC_NONE', 'TPC_NONE', 'SPC_NONE', 'UC_NONE', 'SPC_NONE', 'UC_NONE', 'TPC_NONE', 'UC_MPOLY', 'SPC_NONE', 'UC_NONE', 'UC_NONE', 'UC_NONE', 'SPC_NONE', 'TPC_NONE', 'SPC_NONE', 'SPC_NONE', 'TPC_NONE', 'SPC_NONE', 'UC_NONE', 'SPC_NONE', 'SPC_NONE', 'UC_NONE', 'SPC_NONE', 'UC_NONE', 'TPC_NONE', 'TPC_NONE', 'UC_NONE', 'SPC_NONE', 'UC_NONE', 'TPC_NONE', 'TPC_NONE', 'SPC_NONE', 'TPC_NONE', 'SPC_NONE', 'UC_NONE', 'TPC_NONE', 'UC_NONE', 'SPC_NONE', 'TPC_NONE', 'UC_NONE', 'TPC_MNUF', 'UC_NONE', 'TPC_NONE', 'SPC_NONE', 'UC_MNUF']","{'SBX_MNUF': 1, 'UC_NONE': 25, 'SBX_MPOLY': 4, 'SPC_NONE': 31, 'TPC_NONE': 27, 'TPC_MPOLY': 4, 'SBX_NONE': 1, 'SPC_MPOLY': 1, 'UC_MPOLY': 1, 'TPC_MNUF': 1, 'UC_MNUF': 1}"
16,98,UC,NONE,0.6897539713989653,0.0372108462954415,870725488.64,679803543.8266416,2637463.2,2008969.4246354268,0.7411894432151358,-0.0001113859239917,0.01,0.0,GREEDY_HV,"['SPC_MBFLIP', 'SBX_MNUF', 'UC_NONE', 'SBX_MPOLY', 'SPC_NONE', 'TPC_NONE', 'SBX_MPOLY', 'SPC_NONE', 'TPC_MPOLY', 'SPC_NONE', 'TPC_NONE', 'TPC_NONE', 'UC_NONE', 'SBX_NONE', 'SBX_MPOLY', 'UC_NONE', 'SPC_MPOLY', 'SPC_NONE', 'TPC_NONE', 'UC_NONE', 'TPC_NONE', 'SBX_MPOLY', 'TPC_NONE', 'TPC_MPOLY', 'TPC_NONE', 'SPC_NONE', 'TPC_NONE', 'SPC_NONE', 'UC_NONE', 'UC_NONE', 'UC_NONE', 'SPC_NONE', 'UC_NONE', 'TPC_NONE', 'SPC_NONE', 'TPC_NONE', 'TPC_MPOLY', 'TPC_NONE', 'SPC_NONE', 'TPC_NONE', 'TPC_NONE', 'UC_NONE', 'UC_NONE', 'SPC_NONE', 'SPC_NONE', 'TPC_NONE', 'SPC_NONE', 'TPC_MPOLY', 'SPC_NONE', 'SPC_NONE', 'SPC_NONE', 'UC_NONE', 'SPC_NONE', 'TPC_NONE', 'TPC_NONE', 'SPC_NONE', 'UC_NONE', 'SPC_NONE', 'UC_NONE', 'TPC_NONE', 'UC_MPOLY', 'SPC_NONE', 'UC_NONE', 'UC_NONE', 'UC_NONE', 'SPC_NONE', 'TPC_NONE', 'SPC_NONE', 'SPC_NONE', 'TPC_NONE', 'SPC_NONE', 'UC_NONE', 'SPC_NONE', 'SPC_NONE', 'UC_NONE', 'SPC_NONE', 'UC_NONE', 'TPC_NONE', 'TPC_NONE', 'UC_NONE', 'SPC_NONE', 'UC_NONE', 'TPC_NONE', 'TPC_NONE', 'SPC_NONE', 'TPC_NONE', 'SPC_NONE', 'UC_NONE', 'TPC_NONE', 'UC_NONE', 'SPC_NONE', 'TPC_NONE', 'UC_NONE', 'TPC_MNUF', 'UC_NONE', 'TPC_NONE', 'SPC_NONE', 'UC_MNUF', 'UC_NONE']","{'SBX_MNUF': 1, 'UC_NONE': 26, 'SBX_MPOLY': 4, 'SPC_NONE': 31, 'TPC_NONE': 27, 'TPC_MPOLY': 4, 'SBX_NONE': 1, 'SPC_MPOLY': 1, 'UC_MPOLY': 1, 'TPC_MNUF': 1, 'UC_MNUF': 1}"
16,99,TPC,MNUF,0.6916491660873814,0.0369750133391385,957972889.6,712118186.2908291,2725433.76,1965406.5980978336,0.7413422499130521,0.0001528066979162,0.0,0.0,GREEDY_HV,"['SPC_MBFLIP', 'SBX_MNUF', 'UC_NONE', 'SBX_MPOLY', 'SPC_NONE', 'TPC_NONE', 'SBX_MPOLY', 'SPC_NONE', 'TPC_MPOLY', 'SPC_NONE', 'TPC_NONE', 'TPC_NONE', 'UC_NONE', 'SBX_NONE', 'SBX_MPOLY', 'UC_NONE', 'SPC_MPOLY', 'SPC_NONE', 'TPC_NONE', 'UC_NONE', 'TPC_NONE', 'SBX_MPOLY', 'TPC_NONE', 'TPC_MPOLY', 'TPC_NONE', 'SPC_NONE', 'TPC_NONE', 'SPC_NONE', 'UC_NONE', 'UC_NONE', 'UC_NONE', 'SPC_NONE', 'UC_NONE', 'TPC_NONE', 'SPC_NONE', 'TPC_NONE', 'TPC_MPOLY', 'TPC_NONE', 'SPC_NONE', 'TPC_NONE', 'TPC_NONE', 'UC_NONE', 'UC_NONE', 'SPC_NONE', 'SPC_NONE', 'TPC_NONE', 'SPC_NONE', 'TPC_MPOLY', 'SPC_NONE', 'SPC_NONE', 'SPC_NONE', 'UC_NONE', 'SPC_NONE', 'TPC_NONE', 'TPC_NONE', 'SPC_NONE', 'UC_NONE', 'SPC_NONE', 'UC_NONE', 'TPC_NONE', 'UC_MPOLY', 'SPC_NONE', 'UC_NONE', 'UC_NONE', 'UC_NONE', 'SPC_NONE', 'TPC_NONE', 'SPC_NONE', 'SPC_NONE', 'TPC_NONE', 'SPC_NONE', 'UC_NONE', 'SPC_NONE', 'SPC_NONE', 'UC_NONE', 'SPC_NONE', 'UC_NONE', 'TPC_NONE', 'TPC_NONE', 'UC_NONE', 'SPC_NONE', 'UC_NONE', 'TPC_NONE', 'TPC_NONE', 'SPC_NONE', 'TPC_NONE', 'SPC_NONE', 'UC_NONE', 'TPC_NONE', 'UC_NONE', 'SPC_NONE', 'TPC_NONE', 'UC_NONE', 'TPC_MNUF', 'UC_NONE', 'TPC_NONE', 'SPC_NONE', 'UC_MNUF', 'UC_NONE', 'TPC_MNUF']","{'SBX_MNUF': 1, 'UC_NONE': 26, 'SBX_MPOLY': 4, 'SPC_NONE': 31, 'TPC_NONE': 27, 'TPC_MPOLY': 4, 'SBX_NONE': 1, 'SPC_MPOLY': 1, 'UC_MPOLY': 1, 'TPC_MNUF': 2, 'UC_MNUF': 1}"
16,100,SPC,MNUF,0.6923590313403166,0.0368066134523971,949136506.88,695501188.8265367,2773478.56,1957138.979610678,0.7412355792140393,-0.0001066706990128,0.0,0.0,GREEDY_HV,"['SPC_MBFLIP', 'SBX_MNUF', 'UC_NONE', 'SBX_MPOLY', 'SPC_NONE', 'TPC_NONE', 'SBX_MPOLY', 'SPC_NONE', 'TPC_MPOLY', 'SPC_NONE', 'TPC_NONE', 'TPC_NONE', 'UC_NONE', 'SBX_NONE', 'SBX_MPOLY', 'UC_NONE', 'SPC_MPOLY', 'SPC_NONE', 'TPC_NONE', 'UC_NONE', 'TPC_NONE', 'SBX_MPOLY', 'TPC_NONE', 'TPC_MPOLY', 'TPC_NONE', 'SPC_NONE', 'TPC_NONE', 'SPC_NONE', 'UC_NONE', 'UC_NONE', 'UC_NONE', 'SPC_NONE', 'UC_NONE', 'TPC_NONE', 'SPC_NONE', 'TPC_NONE', 'TPC_MPOLY', 'TPC_NONE', 'SPC_NONE', 'TPC_NONE', 'TPC_NONE', 'UC_NONE', 'UC_NONE', 'SPC_NONE', 'SPC_NONE', 'TPC_NONE', 'SPC_NONE', 'TPC_MPOLY', 'SPC_NONE', 'SPC_NONE', 'SPC_NONE', 'UC_NONE', 'SPC_NONE', 'TPC_NONE', 'TPC_NONE', 'SPC_NONE', 'UC_NONE', 'SPC_NONE', 'UC_NONE', 'TPC_NONE', 'UC_MPOLY', 'SPC_NONE', 'UC_NONE', 'UC_NONE', 'UC_NONE', 'SPC_NONE', 'TPC_NONE', 'SPC_NONE', 'SPC_NONE', 'TPC_NONE', 'SPC_NONE', 'UC_NONE', 'SPC_NONE', 'SPC_NONE', 'UC_NONE', 'SPC_NONE', 'UC_NONE', 'TPC_NONE', 'TPC_NONE', 'UC_NONE', 'SPC_NONE', 'UC_NONE', 'TPC_NONE', 'TPC_NONE', 'SPC_NONE', 'TPC_NONE', 'SPC_NONE', 'UC_NONE', 'TPC_NONE', 'UC_NONE', 'SPC_NONE', 'TPC_NONE', 'UC_NONE', 'TPC_MNUF', 'UC_NONE', 'TPC_NONE', 'SPC_NONE', 'UC_MNUF', 'UC_NONE', 'TPC_MNUF', 'SPC_MNUF']","{'SBX_MNUF': 1, 'UC_NONE': 26, 'SBX_MPOLY': 4, 'SPC_NONE': 31, 'TPC_NONE': 27, 'TPC_MPOLY': 4, 'SBX_NONE': 1, 'SPC_MPOLY': 1, 'UC_MPOLY': 1, 'TPC_MNUF': 2, 'UC_MNUF': 1, 'SPC_MNUF': 1}"
17,1,UC,MNUF,0.6583598928342114,0.0213954820875678,1442108107.52,1103343779.876462,3068569.76,1789425.112904483,0.6974245959019936,0.0,0.27,0.085,GREEDY_HV,"['SPC_MBFLIP', 'UC_MNUF']",{'UC_MNUF': 1}
17,2,SPC,MNUF,0.6613462306969385,0.0198984278554782,1254568555.52,1032483043.717389,2900606.88,1884092.7143024849,0.7078263125822671,0.0104017166802735,0.13,0.01,GREEDY_HV,"['SPC_MBFLIP', 'UC_MNUF', 'SPC_MNUF']","{'UC_MNUF': 1, 'SPC_MNUF': 1}"
17,3,UC,NONE,0.6641135732864651,0.0248150611246917,874849116.16,616341286.7961754,2864871.84,2008635.1045460436,0.7121585845820804,0.0043322719998132,0.16,0.0,GREEDY_HV,"['SPC_MBFLIP', 'UC_MNUF', 'SPC_MNUF', 'UC_NONE']","{'UC_MNUF': 1, 'SPC_MNUF': 1, 'UC_NONE': 1}"
17,4,SPC,MPOLY,0.6659274547521014,0.024952994531159,732411520.0,502378606.6060124,2599038.88,1845538.2114333217,0.7215921680033454,0.0094335834212649,0.08,0.035,GREEDY_HV,"['SPC_MBFLIP', 'UC_MNUF', 'SPC_MNUF', 'UC_NONE', 'SPC_MPOLY']","{'UC_MNUF': 1, 'SPC_MNUF': 1, 'UC_NONE': 1, 'SPC_MPOLY': 1}"
17,5,UC,MPOLY,0.6665328052035696,0.0292128868063943,697900439.04,552612459.8181317,2530263.2,2000672.5055938964,0.7247252198417082,0.0031330518383628,0.06,0.075,GREEDY_HV,"['SPC_MBFLIP', 'UC_MNUF', 'SPC_MNUF', 'UC_NONE', 'SPC_MPOLY', 'UC_MPOLY']","{'UC_MNUF': 1, 'SPC_MNUF': 1, 'UC_NONE': 1, 'SPC_MPOLY': 1, 'UC_MPOLY': 1}"
17,6,UC,NONE,0.6636381573186116,0.0332910401008195,539101024.0,432845046.32732457,2147028.64,2033981.024214708,0.7279351719229274,0.0032099520812192,0.08,0.0,GREEDY_HV,"['SPC_MBFLIP', 'UC_MNUF', 'SPC_MNUF', 'UC_NONE', 'SPC_MPOLY', 'UC_MPOLY', 'UC_NONE']","{'UC_MNUF': 1, 'SPC_MNUF': 1, 'UC_NONE': 2, 'SPC_MPOLY': 1, 'UC_MPOLY': 1}"
17,7,SPC,NONE,0.671562698847489,0.0285211727245353,495925940.48,406099837.5345237,2136455.84,1855688.5321729968,0.7289299807975111,0.0009948088745836,0.09,0.0,GREEDY_HV,"['SPC_MBFLIP', 'UC_MNUF', 'SPC_MNUF', 'UC_NONE', 'SPC_MPOLY', 'UC_MPOLY', 'UC_NONE', 'SPC_NONE']","{'UC_MNUF': 1, 'SPC_MNUF': 1, 'UC_NONE': 2, 'SPC_MPOLY': 1, 'UC_MPOLY': 1, 'SPC_NONE': 1}"
17,8,SPC,NONE,0.6688255863296853,0.028456687323248,362362986.24,278566537.2308918,1544348.32,1414967.8917067968,0.7298137581903567,0.0008837773928455,0.1,0.0,GREEDY_HV,"['SPC_MBFLIP', 'UC_MNUF', 'SPC_MNUF', 'UC_NONE', 'SPC_MPOLY', 'UC_MPOLY', 'UC_NONE', 'SPC_NONE', 'SPC_NONE']","{'UC_MNUF': 1, 'SPC_MNUF': 1, 'UC_NONE': 2, 'SPC_MPOLY': 1, 'UC_MPOLY': 1, 'SPC_NONE': 2}"
17,9,SBX,MPOLY,0.668727228513824,0.0282197091369593,364074412.8,281862603.71269727,1530795.68,1402105.316829937,0.7303646342759819,0.0005508760856252,0.01,0.07,GREEDY_HV,"['SPC_MBFLIP', 'UC_MNUF', 'SPC_MNUF', 'UC_NONE', 'SPC_MPOLY', 'UC_MPOLY', 'UC_NONE', 'SPC_NONE', 'SPC_NONE', 'SBX_MPOLY']","{'UC_MNUF': 1, 'SPC_MNUF': 1, 'UC_NONE': 2, 'SPC_MPOLY': 1, 'UC_MPOLY': 1, 'SPC_NONE': 2, 'SBX_MPOLY': 1}"
17,10,SPC,MPOLY,0.6731284759639802,0.0262679863269363,383926465.28,284962140.5063961,1650572.96,1381121.0362634107,0.7309521132378445,0.0005874789618626,0.07,0.01,GREEDY_HV,"['SPC_MBFLIP', 'UC_MNUF', 'SPC_MNUF', 'UC_NONE', 'SPC_MPOLY', 'UC_MPOLY', 'UC_NONE', 'SPC_NONE', 'SPC_NONE', 'SBX_MPOLY', 'SPC_MPOLY']","{'UC_MNUF': 1, 'SPC_MNUF': 1, 'UC_NONE': 2, 'SPC_MPOLY': 2, 'UC_MPOLY': 1, 'SPC_NONE': 2, 'SBX_MPOLY': 1}"
17,11,TPC,NONE,0.6766412907562521,0.0315972077942429,438892816.64,302576613.14669967,1750729.12,1342602.6049936395,0.7313813690075207,0.0004292557696762,0.05,0.0,GREEDY_HV,"['SPC_MBFLIP', 'UC_MNUF', 'SPC_MNUF', 'UC_NONE', 'SPC_MPOLY', 'UC_MPOLY', 'UC_NONE', 'SPC_NONE', 'SPC_NONE', 'SBX_MPOLY', 'SPC_MPOLY', 'TPC_NONE']","{'UC_MNUF': 1, 'SPC_MNUF': 1, 'UC_NONE': 2, 'SPC_MPOLY': 2, 'UC_MPOLY': 1, 'SPC_NONE': 2, 'SBX_MPOLY': 1, 'TPC_NONE': 1}"
17,12,SPC,NONE,0.6751230420618016,0.0331658222771906,425259870.72,315683062.95564485,1692588.96,1406542.274487915,0.7315749069580595,0.0001935379505387,0.04,0.0,GREEDY_HV,"['SPC_MBFLIP', 'UC_MNUF', 'SPC_MNUF', 'UC_NONE', 'SPC_MPOLY', 'UC_MPOLY', 'UC_NONE', 'SPC_NONE', 'SPC_NONE', 'SBX_MPOLY', 'SPC_MPOLY', 'TPC_NONE', 'SPC_NONE']","{'UC_MNUF': 1, 'SPC_MNUF': 1, 'UC_NONE': 2, 'SPC_MPOLY': 2, 'UC_MPOLY': 1, 'SPC_NONE': 3, 'SBX_MPOLY': 1, 'TPC_NONE': 1}"
17,13,SPC,NONE,0.6762535749537897,0.0328876949059092,424831078.4,304761858.07143,1584501.92,1281608.439729075,0.7317544383574544,0.0001795313993948,0.03,0.0,GREEDY_HV,"['SPC_MBFLIP', 'UC_MNUF', 'SPC_MNUF', 'UC_NONE', 'SPC_MPOLY', 'UC_MPOLY', 'UC_NONE', 'SPC_NONE', 'SPC_NONE', 'SBX_MPOLY', 'SPC_MPOLY', 'TPC_NONE', 'SPC_NONE', 'SPC_NONE']","{'UC_MNUF': 1, 'SPC_MNUF': 1, 'UC_NONE': 2, 'SPC_MPOLY': 2, 'UC_MPOLY': 1, 'SPC_NONE': 4, 'SBX_MPOLY': 1, 'TPC_NONE': 1}"
17,14,UC,NONE,0.6799495330686124,0.0326520671954516,470405153.28,327211683.79714817,1785849.76,1432417.7973610156,0.7318437873903261,8.934903287172169e-05,0.0,0.0,GREEDY_HV,"['SPC_MBFLIP', 'UC_MNUF', 'SPC_MNUF', 'UC_NONE', 'SPC_MPOLY', 'UC_MPOLY', 'UC_NONE', 'SPC_NONE', 'SPC_NONE', 'SBX_MPOLY', 'SPC_MPOLY', 'TPC_NONE', 'SPC_NONE', 'SPC_NONE', 'UC_NONE']","{'UC_MNUF': 1, 'SPC_MNUF': 1, 'UC_NONE': 3, 'SPC_MPOLY': 2, 'UC_MPOLY': 1, 'SPC_NONE': 4, 'SBX_MPOLY': 1, 'TPC_NONE': 1}"
17,15,UC,NONE,0.6830247803947438,0.0319700455655439,498884802.56,332036169.9277124,1963878.56,1513140.357004176,0.7331228079286117,0.0012790205382856,0.01,0.0,GREEDY_HV,"['SPC_MBFLIP', 'UC_MNUF', 'SPC_MNUF', 'UC_NONE', 'SPC_MPOLY', 'UC_MPOLY', 'UC_NONE', 'SPC_NONE', 'SPC_NONE', 'SBX_MPOLY', 'SPC_MPOLY', 'TPC_NONE', 'SPC_NONE', 'SPC_NONE', 'UC_NONE', 'UC_NONE']","{'UC_MNUF': 1, 'SPC_MNUF': 1, 'UC_NONE': 4, 'SPC_MPOLY': 2, 'UC_MPOLY': 1, 'SPC_NONE': 4, 'SBX_MPOLY': 1, 'TPC_NONE': 1}"
17,16,UC,NONE,0.6829384097685616,0.0325229293811203,493821844.48,324935379.69181067,1969683.36,1531822.543786763,0.7333437209939091,0.0002209130652973,0.03,0.0,GREEDY_HV,"['SPC_MBFLIP', 'UC_MNUF', 'SPC_MNUF', 'UC_NONE', 'SPC_MPOLY', 'UC_MPOLY', 'UC_NONE', 'SPC_NONE', 'SPC_NONE', 'SBX_MPOLY', 'SPC_MPOLY', 'TPC_NONE', 'SPC_NONE', 'SPC_NONE', 'UC_NONE', 'UC_NONE', 'UC_NONE']","{'UC_MNUF': 1, 'SPC_MNUF': 1, 'UC_NONE': 5, 'SPC_MPOLY': 2, 'UC_MPOLY': 1, 'SPC_NONE': 4, 'SBX_MPOLY': 1, 'TPC_NONE': 1}"
17,17,UC,NONE,0.6827503141453626,0.0330204678192754,496397729.28,321321108.71703243,1928221.6,1457042.0395755782,0.7343024721605038,0.0009587511665947,0.01,0.0,GREEDY_HV,"['SPC_MBFLIP', 'UC_MNUF', 'SPC_MNUF', 'UC_NONE', 'SPC_MPOLY', 'UC_MPOLY', 'UC_NONE', 'SPC_NONE', 'SPC_NONE', 'SBX_MPOLY', 'SPC_MPOLY', 'TPC_NONE', 'SPC_NONE', 'SPC_NONE', 'UC_NONE', 'UC_NONE', 'UC_NONE', 'UC_NONE']","{'UC_MNUF': 1, 'SPC_MNUF': 1, 'UC_NONE': 6, 'SPC_MPOLY': 2, 'UC_MPOLY': 1, 'SPC_NONE': 4, 'SBX_MPOLY': 1, 'TPC_NONE': 1}"
17,18,UC,NONE,0.6826631463401018,0.0330112827248596,489355576.32,323819108.4674438,1925996.96,1542657.1801925786,0.7344196681025974,0.0001171959420935,0.01,0.0,GREEDY_HV,"['SPC_MBFLIP', 'UC_MNUF', 'SPC_MNUF', 'UC_NONE', 'SPC_MPOLY', 'UC_MPOLY', 'UC_NONE', 'SPC_NONE', 'SPC_NONE', 'SBX_MPOLY', 'SPC_MPOLY', 'TPC_NONE', 'SPC_NONE', 'SPC_NONE', 'UC_NONE', 'UC_NONE', 'UC_NONE', 'UC_NONE', 'UC_NONE']","{'UC_MNUF': 1, 'SPC_MNUF': 1, 'UC_NONE': 7, 'SPC_MPOLY': 2, 'UC_MPOLY': 1, 'SPC_NONE': 4, 'SBX_MPOLY': 1, 'TPC_NONE': 1}"
17,19,UC,NONE,0.6853337366597643,0.0324974361370928,505518197.76,320193813.5494172,2033483.68,1495950.6638735044,0.734501632124414,8.196402181659401e-05,0.01,0.0,GREEDY_HV,"['SPC_MBFLIP', 'UC_MNUF', 'SPC_MNUF', 'UC_NONE', 'SPC_MPOLY', 'UC_MPOLY', 'UC_NONE', 'SPC_NONE', 'SPC_NONE', 'SBX_MPOLY', 'SPC_MPOLY', 'TPC_NONE', 'SPC_NONE', 'SPC_NONE', 'UC_NONE', 'UC_NONE', 'UC_NONE', 'UC_NONE', 'UC_NONE', 'UC_NONE']","{'UC_MNUF': 1, 'SPC_MNUF': 1, 'UC_NONE': 8, 'SPC_MPOLY': 2, 'UC_MPOLY': 1, 'SPC_NONE': 4, 'SBX_MPOLY': 1, 'TPC_NONE': 1}"
17,20,SBX,NONE,0.6825259194756091,0.0328720429655126,506617277.44,525217081.5710774,1900096.16,1581171.8250403448,0.7351453843390379,0.0006437522146238,0.0,0.0,GREEDY_HV,"['SPC_MBFLIP', 'UC_MNUF', 'SPC_MNUF', 'UC_NONE', 'SPC_MPOLY', 'UC_MPOLY', 'UC_NONE', 'SPC_NONE', 'SPC_NONE', 'SBX_MPOLY', 'SPC_MPOLY', 'TPC_NONE', 'SPC_NONE', 'SPC_NONE', 'UC_NONE', 'UC_NONE', 'UC_NONE', 'UC_NONE', 'UC_NONE', 'UC_NONE', 'SBX_NONE']","{'UC_MNUF': 1, 'SPC_MNUF': 1, 'UC_NONE': 8, 'SPC_MPOLY': 2, 'UC_MPOLY': 1, 'SPC_NONE': 4, 'SBX_MPOLY': 1, 'TPC_NONE': 1, 'SBX_NONE': 1}"
17,21,SPC,NONE,0.6844214809185648,0.0336524669024353,624609756.16,810037090.8605987,2180060.32,1813348.778930975,0.7368729854973755,0.0017276011583375,0.01,0.0,GREEDY_HV,"['SPC_MBFLIP', 'UC_MNUF', 'SPC_MNUF', 'UC_NONE', 'SPC_MPOLY', 'UC_MPOLY', 'UC_NONE', 'SPC_NONE', 'SPC_NONE', 'SBX_MPOLY', 'SPC_MPOLY', 'TPC_NONE', 'SPC_NONE', 'SPC_NONE', 'UC_NONE', 'UC_NONE', 'UC_NONE', 'UC_NONE', 'UC_NONE', 'UC_NONE', 'SBX_NONE', 'SPC_NONE']","{'UC_MNUF': 1, 'SPC_MNUF': 1, 'UC_NONE': 8, 'SPC_MPOLY': 2, 'UC_MPOLY': 1, 'SPC_NONE': 5, 'SBX_MPOLY': 1, 'TPC_NONE': 1, 'SBX_NONE': 1}"
17,22,SPC,NONE,0.682013988703384,0.0337643782805235,631050048.0,929268144.0637492,2071154.08,1875141.578045944,0.737014640763376,0.0001416552660005,0.01,0.0,GREEDY_HV,"['SPC_MBFLIP', 'UC_MNUF', 'SPC_MNUF', 'UC_NONE', 'SPC_MPOLY', 'UC_MPOLY', 'UC_NONE', 'SPC_NONE', 'SPC_NONE', 'SBX_MPOLY', 'SPC_MPOLY', 'TPC_NONE', 'SPC_NONE', 'SPC_NONE', 'UC_NONE', 'UC_NONE', 'UC_NONE', 'UC_NONE', 'UC_NONE', 'UC_NONE', 'SBX_NONE', 'SPC_NONE', 'SPC_NONE']","{'UC_MNUF': 1, 'SPC_MNUF': 1, 'UC_NONE': 8, 'SPC_MPOLY': 2, 'UC_MPOLY': 1, 'SPC_NONE': 6, 'SBX_MPOLY': 1, 'TPC_NONE': 1, 'SBX_NONE': 1}"
17,23,SPC,NONE,0.6806398466192647,0.0347644542739232,624881026.56,931184133.670373,2037628.32,1871004.1932123336,0.7370945322467775,7.989148340148411e-05,0.01,0.0,GREEDY_HV,"['SPC_MBFLIP', 'UC_MNUF', 'SPC_MNUF', 'UC_NONE', 'SPC_MPOLY', 'UC_MPOLY', 'UC_NONE', 'SPC_NONE', 'SPC_NONE', 'SBX_MPOLY', 'SPC_MPOLY', 'TPC_NONE', 'SPC_NONE', 'SPC_NONE', 'UC_NONE', 'UC_NONE', 'UC_NONE', 'UC_NONE', 'UC_NONE', 'UC_NONE', 'SBX_NONE', 'SPC_NONE', 'SPC_NONE', 'SPC_NONE']","{'UC_MNUF': 1, 'SPC_MNUF': 1, 'UC_NONE': 8, 'SPC_MPOLY': 2, 'UC_MPOLY': 1, 'SPC_NONE': 7, 'SBX_MPOLY': 1, 'TPC_NONE': 1, 'SBX_NONE': 1}"
17,24,TPC,NONE,0.6815434305835116,0.0347795872993037,618636131.84,931937981.602351,2058315.68,1870579.937594172,0.7371306860291776,3.615378240018341e-05,0.0,0.0,GREEDY_HV,"['SPC_MBFLIP', 'UC_MNUF', 'SPC_MNUF', 'UC_NONE', 'SPC_MPOLY', 'UC_MPOLY', 'UC_NONE', 'SPC_NONE', 'SPC_NONE', 'SBX_MPOLY', 'SPC_MPOLY', 'TPC_NONE', 'SPC_NONE', 'SPC_NONE', 'UC_NONE', 'UC_NONE', 'UC_NONE', 'UC_NONE', 'UC_NONE', 'UC_NONE', 'SBX_NONE', 'SPC_NONE', 'SPC_NONE', 'SPC_NONE', 'TPC_NONE']","{'UC_MNUF': 1, 'SPC_MNUF': 1, 'UC_NONE': 8, 'SPC_MPOLY': 2, 'UC_MPOLY': 1, 'SPC_NONE': 7, 'SBX_MPOLY': 1, 'TPC_NONE': 2, 'SBX_NONE': 1}"
17,25,SBX,MPOLY,0.6815711530482795,0.0365714363278908,623375489.28,930122186.0841724,2098497.44,1857553.7688989155,0.7375136819136319,0.0003829958844542,0.0,0.07,GREEDY_HV,"['SPC_MBFLIP', 'UC_MNUF', 'SPC_MNUF', 'UC_NONE', 'SPC_MPOLY', 'UC_MPOLY', 'UC_NONE', 'SPC_NONE', 'SPC_NONE', 'SBX_MPOLY', 'SPC_MPOLY', 'TPC_NONE', 'SPC_NONE', 'SPC_NONE', 'UC_NONE', 'UC_NONE', 'UC_NONE', 'UC_NONE', 'UC_NONE', 'UC_NONE', 'SBX_NONE', 'SPC_NONE', 'SPC_NONE', 'SPC_NONE', 'TPC_NONE', 'SBX_MPOLY']","{'UC_MNUF': 1, 'SPC_MNUF': 1, 'UC_NONE': 8, 'SPC_MPOLY': 2, 'UC_MPOLY': 1, 'SPC_NONE': 7, 'SBX_MPOLY': 2, 'TPC_NONE': 2, 'SBX_NONE': 1}"
17,26,UC,NONE,0.6781355924396872,0.0388713347624437,599399895.04,934447643.3037674,1976324.0,1907150.5153633996,0.737596961271839,8.32793582071778e-05,0.02,0.0,GREEDY_HV,"['SPC_MBFLIP', 'UC_MNUF', 'SPC_MNUF', 'UC_NONE', 'SPC_MPOLY', 'UC_MPOLY', 'UC_NONE', 'SPC_NONE', 'SPC_NONE', 'SBX_MPOLY', 'SPC_MPOLY', 'TPC_NONE', 'SPC_NONE', 'SPC_NONE', 'UC_NONE', 'UC_NONE', 'UC_NONE', 'UC_NONE', 'UC_NONE', 'UC_NONE', 'SBX_NONE', 'SPC_NONE', 'SPC_NONE', 'SPC_NONE', 'TPC_NONE', 'SBX_MPOLY', 'UC_NONE']","{'UC_MNUF': 1, 'SPC_MNUF': 1, 'UC_NONE': 9, 'SPC_MPOLY': 2, 'UC_MPOLY': 1, 'SPC_NONE': 7, 'SBX_MPOLY': 2, 'TPC_NONE': 2, 'SBX_NONE': 1}"
17,27,TPC,NONE,0.6787086228422904,0.0374617629225265,611680640.0,1022381814.3644116,1924482.72,1877359.755233024,0.7376583779239816,6.1416652142543e-05,0.02,0.0,GREEDY_HV,"['SPC_MBFLIP', 'UC_MNUF', 'SPC_MNUF', 'UC_NONE', 'SPC_MPOLY', 'UC_MPOLY', 'UC_NONE', 'SPC_NONE', 'SPC_NONE', 'SBX_MPOLY', 'SPC_MPOLY', 'TPC_NONE', 'SPC_NONE', 'SPC_NONE', 'UC_NONE', 'UC_NONE', 'UC_NONE', 'UC_NONE', 'UC_NONE', 'UC_NONE', 'SBX_NONE', 'SPC_NONE', 'SPC_NONE', 'SPC_NONE', 'TPC_NONE', 'SBX_MPOLY', 'UC_NONE', 'TPC_NONE']","{'UC_MNUF': 1, 'SPC_MNUF': 1, 'UC_NONE': 9, 'SPC_MPOLY': 2, 'UC_MPOLY': 1, 'SPC_NONE': 7, 'SBX_MPOLY': 2, 'TPC_NONE': 3, 'SBX_NONE': 1}"
17,28,UC,NONE,0.6786584856117895,0.039982061474974,683106197.76,1104137897.7118485,2132164.0,1977432.638210101,0.7377039627621106,4.558483812899805e-05,0.01,0.0,GREEDY_HV,"['SPC_MBFLIP', 'UC_MNUF', 'SPC_MNUF', 'UC_NONE', 'SPC_MPOLY', 'UC_MPOLY', 'UC_NONE', 'SPC_NONE', 'SPC_NONE', 'SBX_MPOLY', 'SPC_MPOLY', 'TPC_NONE', 'SPC_NONE', 'SPC_NONE', 'UC_NONE', 'UC_NONE', 'UC_NONE', 'UC_NONE', 'UC_NONE', 'UC_NONE', 'SBX_NONE', 'SPC_NONE', 'SPC_NONE', 'SPC_NONE', 'TPC_NONE', 'SBX_MPOLY', 'UC_NONE', 'TPC_NONE', 'UC_NONE']","{'UC_MNUF': 1, 'SPC_MNUF': 1, 'UC_NONE': 10, 'SPC_MPOLY': 2, 'UC_MPOLY': 1, 'SPC_NONE': 7, 'SBX_MPOLY': 2, 'TPC_NONE': 3, 'SBX_NONE': 1}"
17,29,UC,MPOLY,0.6801545814602622,0.0375005006334001,609923699.2,943234270.0400397,2081531.04,1863553.3553347911,0.7380147987542881,0.0003108359921775,0.01,0.0,GREEDY_HV,"['SPC_MBFLIP', 'UC_MNUF', 'SPC_MNUF', 'UC_NONE', 'SPC_MPOLY', 'UC_MPOLY', 'UC_NONE', 'SPC_NONE', 'SPC_NONE', 'SBX_MPOLY', 'SPC_MPOLY', 'TPC_NONE', 'SPC_NONE', 'SPC_NONE', 'UC_NONE', 'UC_NONE', 'UC_NONE', 'UC_NONE', 'UC_NONE', 'UC_NONE', 'SBX_NONE', 'SPC_NONE', 'SPC_NONE', 'SPC_NONE', 'TPC_NONE', 'SBX_MPOLY', 'UC_NONE', 'TPC_NONE', 'UC_NONE', 'UC_MPOLY']","{'UC_MNUF': 1, 'SPC_MNUF': 1, 'UC_NONE': 10, 'SPC_MPOLY': 2, 'UC_MPOLY': 2, 'SPC_NONE': 7, 'SBX_MPOLY': 2, 'TPC_NONE': 3, 'SBX_NONE': 1}"
17,30,TPC,NONE,0.6794539171279927,0.0395458983615007,624586004.48,945331931.846056,2100161.44,1912085.560813931,0.7380592928139453,4.4494059657229634e-05,0.0,0.0,GREEDY_HV,"['SPC_MBFLIP', 'UC_MNUF', 'SPC_MNUF', 'UC_NONE', 'SPC_MPOLY', 'UC_MPOLY', 'UC_NONE', 'SPC_NONE', 'SPC_NONE', 'SBX_MPOLY', 'SPC_MPOLY', 'TPC_NONE', 'SPC_NONE', 'SPC_NONE', 'UC_NONE', 'UC_NONE', 'UC_NONE', 'UC_NONE', 'UC_NONE', 'UC_NONE', 'SBX_NONE', 'SPC_NONE', 'SPC_NONE', 'SPC_NONE', 'TPC_NONE', 'SBX_MPOLY', 'UC_NONE', 'TPC_NONE', 'UC_NONE', 'UC_MPOLY', 'TPC_NONE']","{'UC_MNUF': 1, 'SPC_MNUF': 1, 'UC_NONE': 10, 'SPC_MPOLY': 2, 'UC_MPOLY': 2, 'SPC_NONE': 7, 'SBX_MPOLY': 2, 'TPC_NONE': 4, 'SBX_NONE': 1}"
17,31,SBX,NONE,0.6795651819900308,0.0394106545001605,623745423.36,947157236.4567202,2090834.08,1895300.037655292,0.7380889630982015,2.967028425615581e-05,0.0,0.0,GREEDY_HV,"['SPC_MBFLIP', 'UC_MNUF', 'SPC_MNUF', 'UC_NONE', 'SPC_MPOLY', 'UC_MPOLY', 'UC_NONE', 'SPC_NONE', 'SPC_NONE', 'SBX_MPOLY', 'SPC_MPOLY', 'TPC_NONE', 'SPC_NONE', 'SPC_NONE', 'UC_NONE', 'UC_NONE', 'UC_NONE', 'UC_NONE', 'UC_NONE', 'UC_NONE', 'SBX_NONE', 'SPC_NONE', 'SPC_NONE', 'SPC_NONE', 'TPC_NONE', 'SBX_MPOLY', 'UC_NONE', 'TPC_NONE', 'UC_NONE', 'UC_MPOLY', 'TPC_NONE', 'SBX_NONE']","{'UC_MNUF': 1, 'SPC_MNUF': 1, 'UC_NONE': 10, 'SPC_MPOLY': 2, 'UC_MPOLY': 2, 'SPC_NONE': 7, 'SBX_MPOLY': 2, 'TPC_NONE': 4, 'SBX_NONE': 2}"
17,32,TPC,NONE,0.67946057495583,0.039732188059083,634531993.6,950037306.7691878,2131285.92,1913225.5658411824,0.7381438502705713,5.488717236978857e-05,0.0,0.0,GREEDY_HV,"['SPC_MBFLIP', 'UC_MNUF', 'SPC_MNUF', 'UC_NONE', 'SPC_MPOLY', 'UC_MPOLY', 'UC_NONE', 'SPC_NONE', 'SPC_NONE', 'SBX_MPOLY', 'SPC_MPOLY', 'TPC_NONE', 'SPC_NONE', 'SPC_NONE', 'UC_NONE', 'UC_NONE', 'UC_NONE', 'UC_NONE', 'UC_NONE', 'UC_NONE', 'SBX_NONE', 'SPC_NONE', 'SPC_NONE', 'SPC_NONE', 'TPC_NONE', 'SBX_MPOLY', 'UC_NONE', 'TPC_NONE', 'UC_NONE', 'UC_MPOLY', 'TPC_NONE', 'SBX_NONE', 'TPC_NONE']","{'UC_MNUF': 1, 'SPC_MNUF': 1, 'UC_NONE': 10, 'SPC_MPOLY': 2, 'UC_MPOLY': 2, 'SPC_NONE': 7, 'SBX_MPOLY': 2, 'TPC_NONE': 5, 'SBX_NONE': 2}"
17,33,SBX,NONE,0.6785868556572268,0.0390783909590953,610259824.64,952490570.2782388,1967067.04,1826766.4159418845,0.7381699206423852,2.607037181390215e-05,0.01,0.0,GREEDY_HV,"['SPC_MBFLIP', 'UC_MNUF', 'SPC_MNUF', 'UC_NONE', 'SPC_MPOLY', 'UC_MPOLY', 'UC_NONE', 'SPC_NONE', 'SPC_NONE', 'SBX_MPOLY', 'SPC_MPOLY', 'TPC_NONE', 'SPC_NONE', 'SPC_NONE', 'UC_NONE', 'UC_NONE', 'UC_NONE', 'UC_NONE', 'UC_NONE', 'UC_NONE', 'SBX_NONE', 'SPC_NONE', 'SPC_NONE', 'SPC_NONE', 'TPC_NONE', 'SBX_MPOLY', 'UC_NONE', 'TPC_NONE', 'UC_NONE', 'UC_MPOLY', 'TPC_NONE', 'SBX_NONE', 'TPC_NONE', 'SBX_NONE']","{'UC_MNUF': 1, 'SPC_MNUF': 1, 'UC_NONE': 10, 'SPC_MPOLY': 2, 'UC_MPOLY': 2, 'SPC_NONE': 7, 'SBX_MPOLY': 2, 'TPC_NONE': 5, 'SBX_NONE': 3}"
17,34,UC,MPOLY,0.6784900343529526,0.0386563652069133,614000665.6,953511690.44129,1940417.44,1829642.9604578945,0.7382083815143413,3.846087195613634e-05,0.0,0.0,GREEDY_HV,"['SPC_MBFLIP', 'UC_MNUF', 'SPC_MNUF', 'UC_NONE', 'SPC_MPOLY', 'UC_MPOLY', 'UC_NONE', 'SPC_NONE', 'SPC_NONE', 'SBX_MPOLY', 'SPC_MPOLY', 'TPC_NONE', 'SPC_NONE', 'SPC_NONE', 'UC_NONE', 'UC_NONE', 'UC_NONE', 'UC_NONE', 'UC_NONE', 'UC_NONE', 'SBX_NONE', 'SPC_NONE', 'SPC_NONE', 'SPC_NONE', 'TPC_NONE', 'SBX_MPOLY', 'UC_NONE', 'TPC_NONE', 'UC_NONE', 'UC_MPOLY', 'TPC_NONE', 'SBX_NONE', 'TPC_NONE', 'SBX_NONE', 'UC_MPOLY']","{'UC_MNUF': 1, 'SPC_MNUF': 1, 'UC_NONE': 10, 'SPC_MPOLY': 2, 'UC_MPOLY': 3, 'SPC_NONE': 7, 'SBX_MPOLY': 2, 'TPC_NONE': 5, 'SBX_NONE': 3}"
17,35,SBX,NONE,0.6779365694247247,0.0396965923163813,613486748.16,951305246.0954348,1959187.36,1831786.999387579,0.7382747791590425,6.639764470117715e-05,0.01,0.0,GREEDY_HV,"['SPC_MBFLIP', 'UC_MNUF', 'SPC_MNUF', 'UC_NONE', 'SPC_MPOLY', 'UC_MPOLY', 'UC_NONE', 'SPC_NONE', 'SPC_NONE', 'SBX_MPOLY', 'SPC_MPOLY', 'TPC_NONE', 'SPC_NONE', 'SPC_NONE', 'UC_NONE', 'UC_NONE', 'UC_NONE', 'UC_NONE', 'UC_NONE', 'UC_NONE', 'SBX_NONE', 'SPC_NONE', 'SPC_NONE', 'SPC_NONE', 'TPC_NONE', 'SBX_MPOLY', 'UC_NONE', 'TPC_NONE', 'UC_NONE', 'UC_MPOLY', 'TPC_NONE', 'SBX_NONE', 'TPC_NONE', 'SBX_NONE', 'UC_MPOLY', 'SBX_NONE']","{'UC_MNUF': 1, 'SPC_MNUF': 1, 'UC_NONE': 10, 'SPC_MPOLY': 2, 'UC_MPOLY': 3, 'SPC_NONE': 7, 'SBX_MPOLY': 2, 'TPC_NONE': 5, 'SBX_NONE': 4}"
17,36,TPC,NONE,0.6782281124225483,0.039531372802117,533350965.76,703054945.8099772,1879484.32,1674152.937743185,0.738573330296934,0.0002985511378914,0.02,0.0,GREEDY_HV,"['SPC_MBFLIP', 'UC_MNUF', 'SPC_MNUF', 'UC_NONE', 'SPC_MPOLY', 'UC_MPOLY', 'UC_NONE', 'SPC_NONE', 'SPC_NONE', 'SBX_MPOLY', 'SPC_MPOLY', 'TPC_NONE', 'SPC_NONE', 'SPC_NONE', 'UC_NONE', 'UC_NONE', 'UC_NONE', 'UC_NONE', 'UC_NONE', 'UC_NONE', 'SBX_NONE', 'SPC_NONE', 'SPC_NONE', 'SPC_NONE', 'TPC_NONE', 'SBX_MPOLY', 'UC_NONE', 'TPC_NONE', 'UC_NONE', 'UC_MPOLY', 'TPC_NONE', 'SBX_NONE', 'TPC_NONE', 'SBX_NONE', 'UC_MPOLY', 'SBX_NONE', 'TPC_NONE']","{'UC_MNUF': 1, 'SPC_MNUF': 1, 'UC_NONE': 10, 'SPC_MPOLY': 2, 'UC_MPOLY': 3, 'SPC_NONE': 7, 'SBX_MPOLY': 2, 'TPC_NONE': 6, 'SBX_NONE': 4}"
17,37,UC,NONE,0.6778511871574086,0.0397458267649866,532957739.52,710258688.1180872,1891443.36,1736835.8725197006,0.7388728748020861,0.0002995445051521,0.0,0.0,GREEDY_HV,"['SPC_MBFLIP', 'UC_MNUF', 'SPC_MNUF', 'UC_NONE', 'SPC_MPOLY', 'UC_MPOLY', 'UC_NONE', 'SPC_NONE', 'SPC_NONE', 'SBX_MPOLY', 'SPC_MPOLY', 'TPC_NONE', 'SPC_NONE', 'SPC_NONE', 'UC_NONE', 'UC_NONE', 'UC_NONE', 'UC_NONE', 'UC_NONE', 'UC_NONE', 'SBX_NONE', 'SPC_NONE', 'SPC_NONE', 'SPC_NONE', 'TPC_NONE', 'SBX_MPOLY', 'UC_NONE', 'TPC_NONE', 'UC_NONE', 'UC_MPOLY', 'TPC_NONE', 'SBX_NONE', 'TPC_NONE', 'SBX_NONE', 'UC_MPOLY', 'SBX_NONE', 'TPC_NONE', 'UC_NONE']","{'UC_MNUF': 1, 'SPC_MNUF': 1, 'UC_NONE': 11, 'SPC_MPOLY': 2, 'UC_MPOLY': 3, 'SPC_NONE': 7, 'SBX_MPOLY': 2, 'TPC_NONE': 6, 'SBX_NONE': 4}"
17,38,UC,NONE,0.674857823166063,0.0391571881287249,470279052.8,698728132.8556746,1570597.28,1471737.480924299,0.7389884407565827,0.0001155659544965,0.0,0.0,GREEDY_HV,"['SPC_MBFLIP', 'UC_MNUF', 'SPC_MNUF', 'UC_NONE', 'SPC_MPOLY', 'UC_MPOLY', 'UC_NONE', 'SPC_NONE', 'SPC_NONE', 'SBX_MPOLY', 'SPC_MPOLY', 'TPC_NONE', 'SPC_NONE', 'SPC_NONE', 'UC_NONE', 'UC_NONE', 'UC_NONE', 'UC_NONE', 'UC_NONE', 'UC_NONE', 'SBX_NONE', 'SPC_NONE', 'SPC_NONE', 'SPC_NONE', 'TPC_NONE', 'SBX_MPOLY', 'UC_NONE', 'TPC_NONE', 'UC_NONE', 'UC_MPOLY', 'TPC_NONE', 'SBX_NONE', 'TPC_NONE', 'SBX_NONE', 'UC_MPOLY', 'SBX_NONE', 'TPC_NONE', 'UC_NONE', 'UC_NONE']","{'UC_MNUF': 1, 'SPC_MNUF': 1, 'UC_NONE': 12, 'SPC_MPOLY': 2, 'UC_MPOLY': 3, 'SPC_NONE': 7, 'SBX_MPOLY': 2, 'TPC_NONE': 6, 'SBX_NONE': 4}"
17,39,SPC,NONE,0.6752150526794375,0.0388099265540657,461477726.72,689095234.3944875,1452766.88,1222728.1292519714,0.7390844865043669,9.604574778421247e-05,0.0,0.0,GREEDY_HV,"['SPC_MBFLIP', 'UC_MNUF', 'SPC_MNUF', 'UC_NONE', 'SPC_MPOLY', 'UC_MPOLY', 'UC_NONE', 'SPC_NONE', 'SPC_NONE', 'SBX_MPOLY', 'SPC_MPOLY', 'TPC_NONE', 'SPC_NONE', 'SPC_NONE', 'UC_NONE', 'UC_NONE', 'UC_NONE', 'UC_NONE', 'UC_NONE', 'UC_NONE', 'SBX_NONE', 'SPC_NONE', 'SPC_NONE', 'SPC_NONE', 'TPC_NONE', 'SBX_MPOLY', 'UC_NONE', 'TPC_NONE', 'UC_NONE', 'UC_MPOLY', 'TPC_NONE', 'SBX_NONE', 'TPC_NONE', 'SBX_NONE', 'UC_MPOLY', 'SBX_NONE', 'TPC_NONE', 'UC_NONE', 'UC_NONE', 'SPC_NONE']","{'UC_MNUF': 1, 'SPC_MNUF': 1, 'UC_NONE': 12, 'SPC_MPOLY': 2, 'UC_MPOLY': 3, 'SPC_NONE': 8, 'SBX_MPOLY': 2, 'TPC_NONE': 6, 'SBX_NONE': 4}"
17,40,SPC,NONE,0.675251651005494,0.0391215479481205,484715415.04,699853585.7959098,1461659.04,1270362.703187164,0.7391335138162742,4.902731190736809e-05,0.01,0.0,GREEDY_HV,"['SPC_MBFLIP', 'UC_MNUF', 'SPC_MNUF', 'UC_NONE', 'SPC_MPOLY', 'UC_MPOLY', 'UC_NONE', 'SPC_NONE', 'SPC_NONE', 'SBX_MPOLY', 'SPC_MPOLY', 'TPC_NONE', 'SPC_NONE', 'SPC_NONE', 'UC_NONE', 'UC_NONE', 'UC_NONE', 'UC_NONE', 'UC_NONE', 'UC_NONE', 'SBX_NONE', 'SPC_NONE', 'SPC_NONE', 'SPC_NONE', 'TPC_NONE', 'SBX_MPOLY', 'UC_NONE', 'TPC_NONE', 'UC_NONE', 'UC_MPOLY', 'TPC_NONE', 'SBX_NONE', 'TPC_NONE', 'SBX_NONE', 'UC_MPOLY', 'SBX_NONE', 'TPC_NONE', 'UC_NONE', 'UC_NONE', 'SPC_NONE', 'SPC_NONE']","{'UC_MNUF': 1, 'SPC_MNUF': 1, 'UC_NONE': 12, 'SPC_MPOLY': 2, 'UC_MPOLY': 3, 'SPC_NONE': 9, 'SBX_MPOLY': 2, 'TPC_NONE': 6, 'SBX_NONE': 4}"
17,41,TPC,NONE,0.6779162994961692,0.0395942811269358,560652439.04,821614533.782129,1616275.36,1331404.2335214918,0.7391286884349578,-4.825381316408972e-06,0.01,0.0,GREEDY_HV,"['SPC_MBFLIP', 'UC_MNUF', 'SPC_MNUF', 'UC_NONE', 'SPC_MPOLY', 'UC_MPOLY', 'UC_NONE', 'SPC_NONE', 'SPC_NONE', 'SBX_MPOLY', 'SPC_MPOLY', 'TPC_NONE', 'SPC_NONE', 'SPC_NONE', 'UC_NONE', 'UC_NONE', 'UC_NONE', 'UC_NONE', 'UC_NONE', 'UC_NONE', 'SBX_NONE', 'SPC_NONE', 'SPC_NONE', 'SPC_NONE', 'TPC_NONE', 'SBX_MPOLY', 'UC_NONE', 'TPC_NONE', 'UC_NONE', 'UC_MPOLY', 'TPC_NONE', 'SBX_NONE', 'TPC_NONE', 'SBX_NONE', 'UC_MPOLY', 'SBX_NONE', 'TPC_NONE', 'UC_NONE', 'UC_NONE', 'SPC_NONE', 'SPC_NONE', 'TPC_NONE']","{'UC_MNUF': 1, 'SPC_MNUF': 1, 'UC_NONE': 12, 'SPC_MPOLY': 2, 'UC_MPOLY': 3, 'SPC_NONE': 9, 'SBX_MPOLY': 2, 'TPC_NONE': 7, 'SBX_NONE': 4}"
17,42,TPC,NONE,0.6780787928844461,0.0396900670822196,597578257.92,928063099.1773368,1635826.08,1377088.6409689076,0.7391494553726954,2.0766937737559665e-05,0.01,0.0,GREEDY_HV,"['SPC_MBFLIP', 'UC_MNUF', 'SPC_MNUF', 'UC_NONE', 'SPC_MPOLY', 'UC_MPOLY', 'UC_NONE', 'SPC_NONE', 'SPC_NONE', 'SBX_MPOLY', 'SPC_MPOLY', 'TPC_NONE', 'SPC_NONE', 'SPC_NONE', 'UC_NONE', 'UC_NONE', 'UC_NONE', 'UC_NONE', 'UC_NONE', 'UC_NONE', 'SBX_NONE', 'SPC_NONE', 'SPC_NONE', 'SPC_NONE', 'TPC_NONE', 'SBX_MPOLY', 'UC_NONE', 'TPC_NONE', 'UC_NONE', 'UC_MPOLY', 'TPC_NONE', 'SBX_NONE', 'TPC_NONE', 'SBX_NONE', 'UC_MPOLY', 'SBX_NONE', 'TPC_NONE', 'UC_NONE', 'UC_NONE', 'SPC_NONE', 'SPC_NONE', 'TPC_NONE', 'TPC_NONE']","{'UC_MNUF': 1, 'SPC_MNUF': 1, 'UC_NONE': 12, 'SPC_MPOLY': 2, 'UC_MPOLY': 3, 'SPC_NONE': 9, 'SBX_MPOLY': 2, 'TPC_NONE': 8, 'SBX_NONE': 4}"
17,43,UC,NONE,0.6791292317435762,0.0397443607151869,604675371.52,923994953.6332396,1647686.56,1356866.414538147,0.7391814560092665,3.2000636571161145e-05,0.01,0.0,GREEDY_HV,"['SPC_MBFLIP', 'UC_MNUF', 'SPC_MNUF', 'UC_NONE', 'SPC_MPOLY', 'UC_MPOLY', 'UC_NONE', 'SPC_NONE', 'SPC_NONE', 'SBX_MPOLY', 'SPC_MPOLY', 'TPC_NONE', 'SPC_NONE', 'SPC_NONE', 'UC_NONE', 'UC_NONE', 'UC_NONE', 'UC_NONE', 'UC_NONE', 'UC_NONE', 'SBX_NONE', 'SPC_NONE', 'SPC_NONE', 'SPC_NONE', 'TPC_NONE', 'SBX_MPOLY', 'UC_NONE', 'TPC_NONE', 'UC_NONE', 'UC_MPOLY', 'TPC_NONE', 'SBX_NONE', 'TPC_NONE', 'SBX_NONE', 'UC_MPOLY', 'SBX_NONE', 'TPC_NONE', 'UC_NONE', 'UC_NONE', 'SPC_NONE', 'SPC_NONE', 'TPC_NONE', 'TPC_NONE', 'UC_NONE']","{'UC_MNUF': 1, 'SPC_MNUF': 1, 'UC_NONE': 13, 'SPC_MPOLY': 2, 'UC_MPOLY': 3, 'SPC_NONE': 9, 'SBX_MPOLY': 2, 'TPC_NONE': 8, 'SBX_NONE': 4}"
17,44,SPC,NONE,0.6772310455164976,0.0398048533322806,627331699.2,1023372138.34682,1614721.44,1400034.8293006448,0.7392134325722198,3.197656295328421e-05,0.03,0.0,GREEDY_HV,"['SPC_MBFLIP', 'UC_MNUF', 'SPC_MNUF', 'UC_NONE', 'SPC_MPOLY', 'UC_MPOLY', 'UC_NONE', 'SPC_NONE', 'SPC_NONE', 'SBX_MPOLY', 'SPC_MPOLY', 'TPC_NONE', 'SPC_NONE', 'SPC_NONE', 'UC_NONE', 'UC_NONE', 'UC_NONE', 'UC_NONE', 'UC_NONE', 'UC_NONE', 'SBX_NONE', 'SPC_NONE', 'SPC_NONE', 'SPC_NONE', 'TPC_NONE', 'SBX_MPOLY', 'UC_NONE', 'TPC_NONE', 'UC_NONE', 'UC_MPOLY', 'TPC_NONE', 'SBX_NONE', 'TPC_NONE', 'SBX_NONE', 'UC_MPOLY', 'SBX_NONE', 'TPC_NONE', 'UC_NONE', 'UC_NONE', 'SPC_NONE', 'SPC_NONE', 'TPC_NONE', 'TPC_NONE', 'UC_NONE', 'SPC_NONE']","{'UC_MNUF': 1, 'SPC_MNUF': 1, 'UC_NONE': 13, 'SPC_MPOLY': 2, 'UC_MPOLY': 3, 'SPC_NONE': 10, 'SBX_MPOLY': 2, 'TPC_NONE': 8, 'SBX_NONE': 4}"
17,45,SPC,NONE,0.6786085380904936,0.0402944130110512,646051760.64,1021348739.0725688,1715936.16,1395912.498286212,0.739204947595544,-8.484976675826594e-06,0.01,0.0,GREEDY_HV,"['SPC_MBFLIP', 'UC_MNUF', 'SPC_MNUF', 'UC_NONE', 'SPC_MPOLY', 'UC_MPOLY', 'UC_NONE', 'SPC_NONE', 'SPC_NONE', 'SBX_MPOLY', 'SPC_MPOLY', 'TPC_NONE', 'SPC_NONE', 'SPC_NONE', 'UC_NONE', 'UC_NONE', 'UC_NONE', 'UC_NONE', 'UC_NONE', 'UC_NONE', 'SBX_NONE', 'SPC_NONE', 'SPC_NONE', 'SPC_NONE', 'TPC_NONE', 'SBX_MPOLY', 'UC_NONE', 'TPC_NONE', 'UC_NONE', 'UC_MPOLY', 'TPC_NONE', 'SBX_NONE', 'TPC_NONE', 'SBX_NONE', 'UC_MPOLY', 'SBX_NONE', 'TPC_NONE', 'UC_NONE', 'UC_NONE', 'SPC_NONE', 'SPC_NONE', 'TPC_NONE', 'TPC_NONE', 'UC_NONE', 'SPC_NONE', 'SPC_NONE']","{'UC_MNUF': 1, 'SPC_MNUF': 1, 'UC_NONE': 13, 'SPC_MPOLY': 2, 'UC_MPOLY': 3, 'SPC_NONE': 11, 'SBX_MPOLY': 2, 'TPC_NONE': 8, 'SBX_NONE': 4}"
17,46,TPC,NONE,0.6776672643766551,0.0397913825772644,631730659.84,1023556906.6440264,1628847.52,1403019.9284486626,0.7392354932509448,3.0545655400837646e-05,0.01,0.0,GREEDY_HV,"['SPC_MBFLIP', 'UC_MNUF', 'SPC_MNUF', 'UC_NONE', 'SPC_MPOLY', 'UC_MPOLY', 'UC_NONE', 'SPC_NONE', 'SPC_NONE', 'SBX_MPOLY', 'SPC_MPOLY', 'TPC_NONE', 'SPC_NONE', 'SPC_NONE', 'UC_NONE', 'UC_NONE', 'UC_NONE', 'UC_NONE', 'UC_NONE', 'UC_NONE', 'SBX_NONE', 'SPC_NONE', 'SPC_NONE', 'SPC_NONE', 'TPC_NONE', 'SBX_MPOLY', 'UC_NONE', 'TPC_NONE', 'UC_NONE', 'UC_MPOLY', 'TPC_NONE', 'SBX_NONE', 'TPC_NONE', 'SBX_NONE', 'UC_MPOLY', 'SBX_NONE', 'TPC_NONE', 'UC_NONE', 'UC_NONE', 'SPC_NONE', 'SPC_NONE', 'TPC_NONE', 'TPC_NONE', 'UC_NONE', 'SPC_NONE', 'SPC_NONE', 'TPC_NONE']","{'UC_MNUF': 1, 'SPC_MNUF': 1, 'UC_NONE': 13, 'SPC_MPOLY': 2, 'UC_MPOLY': 3, 'SPC_NONE': 11, 'SBX_MPOLY': 2, 'TPC_NONE': 9, 'SBX_NONE': 4}"
17,47,UC,NONE,0.6793258136275077,0.0404000376147547,658315665.92,1018700905.8254468,1724832.16,1408859.0586546457,0.7392275472002995,-7.946050645357694e-06,0.0,0.0,GREEDY_HV,"['SPC_MBFLIP', 'UC_MNUF', 'SPC_MNUF', 'UC_NONE', 'SPC_MPOLY', 'UC_MPOLY', 'UC_NONE', 'SPC_NONE', 'SPC_NONE', 'SBX_MPOLY', 'SPC_MPOLY', 'TPC_NONE', 'SPC_NONE', 'SPC_NONE', 'UC_NONE', 'UC_NONE', 'UC_NONE', 'UC_NONE', 'UC_NONE', 'UC_NONE', 'SBX_NONE', 'SPC_NONE', 'SPC_NONE', 'SPC_NONE', 'TPC_NONE', 'SBX_MPOLY', 'UC_NONE', 'TPC_NONE', 'UC_NONE', 'UC_MPOLY', 'TPC_NONE', 'SBX_NONE', 'TPC_NONE', 'SBX_NONE', 'UC_MPOLY', 'SBX_NONE', 'TPC_NONE', 'UC_NONE', 'UC_NONE', 'SPC_NONE', 'SPC_NONE', 'TPC_NONE', 'TPC_NONE', 'UC_NONE', 'SPC_NONE', 'SPC_NONE', 'TPC_NONE', 'UC_NONE']","{'UC_MNUF': 1, 'SPC_MNUF': 1, 'UC_NONE': 14, 'SPC_MPOLY': 2, 'UC_MPOLY': 3, 'SPC_NONE': 11, 'SBX_MPOLY': 2, 'TPC_NONE': 9, 'SBX_NONE': 4}"
17,48,TPC,NONE,0.6785226723795276,0.0403197786499076,652319552.0,1022188142.2507752,1717222.56,1423620.2146578864,0.7392587662256875,3.121902538805177e-05,0.01,0.0,GREEDY_HV,"['SPC_MBFLIP', 'UC_MNUF', 'SPC_MNUF', 'UC_NONE', 'SPC_MPOLY', 'UC_MPOLY', 'UC_NONE', 'SPC_NONE', 'SPC_NONE', 'SBX_MPOLY', 'SPC_MPOLY', 'TPC_NONE', 'SPC_NONE', 'SPC_NONE', 'UC_NONE', 'UC_NONE', 'UC_NONE', 'UC_NONE', 'UC_NONE', 'UC_NONE', 'SBX_NONE', 'SPC_NONE', 'SPC_NONE', 'SPC_NONE', 'TPC_NONE', 'SBX_MPOLY', 'UC_NONE', 'TPC_NONE', 'UC_NONE', 'UC_MPOLY', 'TPC_NONE', 'SBX_NONE', 'TPC_NONE', 'SBX_NONE', 'UC_MPOLY', 'SBX_NONE', 'TPC_NONE', 'UC_NONE', 'UC_NONE', 'SPC_NONE', 'SPC_NONE', 'TPC_NONE', 'TPC_NONE', 'UC_NONE', 'SPC_NONE', 'SPC_NONE', 'TPC_NONE', 'UC_NONE', 'TPC_NONE']","{'UC_MNUF': 1, 'SPC_MNUF': 1, 'UC_NONE': 14, 'SPC_MPOLY': 2, 'UC_MPOLY': 3, 'SPC_NONE': 11, 'SBX_MPOLY': 2, 'TPC_NONE': 10, 'SBX_NONE': 4}"
17,49,SPC,NONE,0.6772991009868456,0.0399721200849771,637608686.08,1024197717.198164,1627893.92,1406876.642374758,0.73929348788486,3.472165917250969e-05,0.01,0.0,GREEDY_HV,"['SPC_MBFLIP', 'UC_MNUF', 'SPC_MNUF', 'UC_NONE', 'SPC_MPOLY', 'UC_MPOLY', 'UC_NONE', 'SPC_NONE', 'SPC_NONE', 'SBX_MPOLY', 'SPC_MPOLY', 'TPC_NONE', 'SPC_NONE', 'SPC_NONE', 'UC_NONE', 'UC_NONE', 'UC_NONE', 'UC_NONE', 'UC_NONE', 'UC_NONE', 'SBX_NONE', 'SPC_NONE', 'SPC_NONE', 'SPC_NONE', 'TPC_NONE', 'SBX_MPOLY', 'UC_NONE', 'TPC_NONE', 'UC_NONE', 'UC_MPOLY', 'TPC_NONE', 'SBX_NONE', 'TPC_NONE', 'SBX_NONE', 'UC_MPOLY', 'SBX_NONE', 'TPC_NONE', 'UC_NONE', 'UC_NONE', 'SPC_NONE', 'SPC_NONE', 'TPC_NONE', 'TPC_NONE', 'UC_NONE', 'SPC_NONE', 'SPC_NONE', 'TPC_NONE', 'UC_NONE', 'TPC_NONE', 'SPC_NONE']","{'UC_MNUF': 1, 'SPC_MNUF': 1, 'UC_NONE': 14, 'SPC_MPOLY': 2, 'UC_MPOLY': 3, 'SPC_NONE': 12, 'SBX_MPOLY': 2, 'TPC_NONE': 10, 'SBX_NONE': 4}"
17,50,TPC,NONE,0.6792270003295203,0.0402233464234005,658122918.4,1020936462.237828,1739443.36,1424687.8789329503,0.739299640431532,6.152546671911452e-06,0.0,0.0,GREEDY_HV,"['SPC_MBFLIP', 'UC_MNUF', 'SPC_MNUF', 'UC_NONE', 'SPC_MPOLY', 'UC_MPOLY', 'UC_NONE', 'SPC_NONE', 'SPC_NONE', 'SBX_MPOLY', 'SPC_MPOLY', 'TPC_NONE', 'SPC_NONE', 'SPC_NONE', 'UC_NONE', 'UC_NONE', 'UC_NONE', 'UC_NONE', 'UC_NONE', 'UC_NONE', 'SBX_NONE', 'SPC_NONE', 'SPC_NONE', 'SPC_NONE', 'TPC_NONE', 'SBX_MPOLY', 'UC_NONE', 'TPC_NONE', 'UC_NONE', 'UC_MPOLY', 'TPC_NONE', 'SBX_NONE', 'TPC_NONE', 'SBX_NONE', 'UC_MPOLY', 'SBX_NONE', 'TPC_NONE', 'UC_NONE', 'UC_NONE', 'SPC_NONE', 'SPC_NONE', 'TPC_NONE', 'TPC_NONE', 'UC_NONE', 'SPC_NONE', 'SPC_NONE', 'TPC_NONE', 'UC_NONE', 'TPC_NONE', 'SPC_NONE', 'TPC_NONE']","{'UC_MNUF': 1, 'SPC_MNUF': 1, 'UC_NONE': 14, 'SPC_MPOLY': 2, 'UC_MPOLY': 3, 'SPC_NONE': 12, 'SBX_MPOLY': 2, 'TPC_NONE': 11, 'SBX_NONE': 4}"
17,51,SPC,NONE,0.6775448998525826,0.0405610530141916,654955097.6,1024617189.8202944,1672466.08,1418284.5125745374,0.7392956986825894,-3.941748942581924e-06,0.0,0.0,GREEDY_HV,"['SPC_MBFLIP', 'UC_MNUF', 'SPC_MNUF', 'UC_NONE', 'SPC_MPOLY', 'UC_MPOLY', 'UC_NONE', 'SPC_NONE', 'SPC_NONE', 'SBX_MPOLY', 'SPC_MPOLY', 'TPC_NONE', 'SPC_NONE', 'SPC_NONE', 'UC_NONE', 'UC_NONE', 'UC_NONE', 'UC_NONE', 'UC_NONE', 'UC_NONE', 'SBX_NONE', 'SPC_NONE', 'SPC_NONE', 'SPC_NONE', 'TPC_NONE', 'SBX_MPOLY', 'UC_NONE', 'TPC_NONE', 'UC_NONE', 'UC_MPOLY', 'TPC_NONE', 'SBX_NONE', 'TPC_NONE', 'SBX_NONE', 'UC_MPOLY', 'SBX_NONE', 'TPC_NONE', 'UC_NONE', 'UC_NONE', 'SPC_NONE', 'SPC_NONE', 'TPC_NONE', 'TPC_NONE', 'UC_NONE', 'SPC_NONE', 'SPC_NONE', 'TPC_NONE', 'UC_NONE', 'TPC_NONE', 'SPC_NONE', 'TPC_NONE', 'SPC_NONE']","{'UC_MNUF': 1, 'SPC_MNUF': 1, 'UC_NONE': 14, 'SPC_MPOLY': 2, 'UC_MPOLY': 3, 'SPC_NONE': 13, 'SBX_MPOLY': 2, 'TPC_NONE': 11, 'SBX_NONE': 4}"
17,52,TPC,NONE,0.6781172701509499,0.0406165895481134,653596101.12,1022979703.1849252,1684178.08,1429561.7826166986,0.7393077431461224,1.2044463532978613e-05,0.0,0.0,GREEDY_HV,"['SPC_MBFLIP', 'UC_MNUF', 'SPC_MNUF', 'UC_NONE', 'SPC_MPOLY', 'UC_MPOLY', 'UC_NONE', 'SPC_NONE', 'SPC_NONE', 'SBX_MPOLY', 'SPC_MPOLY', 'TPC_NONE', 'SPC_NONE', 'SPC_NONE', 'UC_NONE', 'UC_NONE', 'UC_NONE', 'UC_NONE', 'UC_NONE', 'UC_NONE', 'SBX_NONE', 'SPC_NONE', 'SPC_NONE', 'SPC_NONE', 'TPC_NONE', 'SBX_MPOLY', 'UC_NONE', 'TPC_NONE', 'UC_NONE', 'UC_MPOLY', 'TPC_NONE', 'SBX_NONE', 'TPC_NONE', 'SBX_NONE', 'UC_MPOLY', 'SBX_NONE', 'TPC_NONE', 'UC_NONE', 'UC_NONE', 'SPC_NONE', 'SPC_NONE', 'TPC_NONE', 'TPC_NONE', 'UC_NONE', 'SPC_NONE', 'SPC_NONE', 'TPC_NONE', 'UC_NONE', 'TPC_NONE', 'SPC_NONE', 'TPC_NONE', 'SPC_NONE', 'TPC_NONE']","{'UC_MNUF': 1, 'SPC_MNUF': 1, 'UC_NONE': 14, 'SPC_MPOLY': 2, 'UC_MPOLY': 3, 'SPC_NONE': 13, 'SBX_MPOLY': 2, 'TPC_NONE': 12, 'SBX_NONE': 4}"
17,53,SPC,NONE,0.6772075602730717,0.0405940675149017,642076756.48,1024514376.0085082,1641659.04,1418858.923362305,0.7393269604130266,1.921726690423675e-05,0.0,0.0,GREEDY_HV,"['SPC_MBFLIP', 'UC_MNUF', 'SPC_MNUF', 'UC_NONE', 'SPC_MPOLY', 'UC_MPOLY', 'UC_NONE', 'SPC_NONE', 'SPC_NONE', 'SBX_MPOLY', 'SPC_MPOLY', 'TPC_NONE', 'SPC_NONE', 'SPC_NONE', 'UC_NONE', 'UC_NONE', 'UC_NONE', 'UC_NONE', 'UC_NONE', 'UC_NONE', 'SBX_NONE', 'SPC_NONE', 'SPC_NONE', 'SPC_NONE', 'TPC_NONE', 'SBX_MPOLY', 'UC_NONE', 'TPC_NONE', 'UC_NONE', 'UC_MPOLY', 'TPC_NONE', 'SBX_NONE', 'TPC_NONE', 'SBX_NONE', 'UC_MPOLY', 'SBX_NONE', 'TPC_NONE', 'UC_NONE', 'UC_NONE', 'SPC_NONE', 'SPC_NONE', 'TPC_NONE', 'TPC_NONE', 'UC_NONE', 'SPC_NONE', 'SPC_NONE', 'TPC_NONE', 'UC_NONE', 'TPC_NONE', 'SPC_NONE', 'TPC_NONE', 'SPC_NONE', 'TPC_NONE', 'SPC_NONE']","{'UC_MNUF': 1, 'SPC_MNUF': 1, 'UC_NONE': 14, 'SPC_MPOLY': 2, 'UC_MPOLY': 3, 'SPC_NONE': 14, 'SBX_MPOLY': 2, 'TPC_NONE': 12, 'SBX_NONE': 4}"
17,54,SPC,NONE,0.6766380514307349,0.0404772044247119,635143738.88,1023777993.6722465,1595554.72,1436553.991389437,0.7393258017613071,-1.158651719457282e-06,0.0,0.0,GREEDY_HV,"['SPC_MBFLIP', 'UC_MNUF', 'SPC_MNUF', 'UC_NONE', 'SPC_MPOLY', 'UC_MPOLY', 'UC_NONE', 'SPC_NONE', 'SPC_NONE', 'SBX_MPOLY', 'SPC_MPOLY', 'TPC_NONE', 'SPC_NONE', 'SPC_NONE', 'UC_NONE', 'UC_NONE', 'UC_NONE', 'UC_NONE', 'UC_NONE', 'UC_NONE', 'SBX_NONE', 'SPC_NONE', 'SPC_NONE', 'SPC_NONE', 'TPC_NONE', 'SBX_MPOLY', 'UC_NONE', 'TPC_NONE', 'UC_NONE', 'UC_MPOLY', 'TPC_NONE', 'SBX_NONE', 'TPC_NONE', 'SBX_NONE', 'UC_MPOLY', 'SBX_NONE', 'TPC_NONE', 'UC_NONE', 'UC_NONE', 'SPC_NONE', 'SPC_NONE', 'TPC_NONE', 'TPC_NONE', 'UC_NONE', 'SPC_NONE', 'SPC_NONE', 'TPC_NONE', 'UC_NONE', 'TPC_NONE', 'SPC_NONE', 'TPC_NONE', 'SPC_NONE', 'TPC_NONE', 'SPC_NONE', 'SPC_NONE']","{'UC_MNUF': 1, 'SPC_MNUF': 1, 'UC_NONE': 14, 'SPC_MPOLY': 2, 'UC_MPOLY': 3, 'SPC_NONE': 15, 'SBX_MPOLY': 2, 'TPC_NONE': 12, 'SBX_NONE': 4}"
17,55,UC,NONE,0.6764280882994776,0.0405570119930898,622597660.16,1022523996.9023484,1620811.68,1454949.2112682618,0.7393285214507866,2.7196894795133986e-06,0.0,0.0,GREEDY_HV,"['SPC_MBFLIP', 'UC_MNUF', 'SPC_MNUF', 'UC_NONE', 'SPC_MPOLY', 'UC_MPOLY', 'UC_NONE', 'SPC_NONE', 'SPC_NONE', 'SBX_MPOLY', 'SPC_MPOLY', 'TPC_NONE', 'SPC_NONE', 'SPC_NONE', 'UC_NONE', 'UC_NONE', 'UC_NONE', 'UC_NONE', 'UC_NONE', 'UC_NONE', 'SBX_NONE', 'SPC_NONE', 'SPC_NONE', 'SPC_NONE', 'TPC_NONE', 'SBX_MPOLY', 'UC_NONE', 'TPC_NONE', 'UC_NONE', 'UC_MPOLY', 'TPC_NONE', 'SBX_NONE', 'TPC_NONE', 'SBX_NONE', 'UC_MPOLY', 'SBX_NONE', 'TPC_NONE', 'UC_NONE', 'UC_NONE', 'SPC_NONE', 'SPC_NONE', 'TPC_NONE', 'TPC_NONE', 'UC_NONE', 'SPC_NONE', 'SPC_NONE', 'TPC_NONE', 'UC_NONE', 'TPC_NONE', 'SPC_NONE', 'TPC_NONE', 'SPC_NONE', 'TPC_NONE', 'SPC_NONE', 'SPC_NONE', 'UC_NONE']","{'UC_MNUF': 1, 'SPC_MNUF': 1, 'UC_NONE': 15, 'SPC_MPOLY': 2, 'UC_MPOLY': 3, 'SPC_NONE': 15, 'SBX_MPOLY': 2, 'TPC_NONE': 12, 'SBX_NONE': 4}"
17,56,UC,NONE,0.6748784840618001,0.0406525595544171,619280006.4,1027225269.9265424,1505010.08,1411558.278346138,0.7393239953841967,-4.526066589960465e-06,0.01,0.0,GREEDY_HV,"['SPC_MBFLIP', 'UC_MNUF', 'SPC_MNUF', 'UC_NONE', 'SPC_MPOLY', 'UC_MPOLY', 'UC_NONE', 'SPC_NONE', 'SPC_NONE', 'SBX_MPOLY', 'SPC_MPOLY', 'TPC_NONE', 'SPC_NONE', 'SPC_NONE', 'UC_NONE', 'UC_NONE', 'UC_NONE', 'UC_NONE', 'UC_NONE', 'UC_NONE', 'SBX_NONE', 'SPC_NONE', 'SPC_NONE', 'SPC_NONE', 'TPC_NONE', 'SBX_MPOLY', 'UC_NONE', 'TPC_NONE', 'UC_NONE', 'UC_MPOLY', 'TPC_NONE', 'SBX_NONE', 'TPC_NONE', 'SBX_NONE', 'UC_MPOLY', 'SBX_NONE', 'TPC_NONE', 'UC_NONE', 'UC_NONE', 'SPC_NONE', 'SPC_NONE', 'TPC_NONE', 'TPC_NONE', 'UC_NONE', 'SPC_NONE', 'SPC_NONE', 'TPC_NONE', 'UC_NONE', 'TPC_NONE', 'SPC_NONE', 'TPC_NONE', 'SPC_NONE', 'TPC_NONE', 'SPC_NONE', 'SPC_NONE', 'UC_NONE', 'UC_NONE']","{'UC_MNUF': 1, 'SPC_MNUF': 1, 'UC_NONE': 16, 'SPC_MPOLY': 2, 'UC_MPOLY': 3, 'SPC_NONE': 15, 'SBX_MPOLY': 2, 'TPC_NONE': 12, 'SBX_NONE': 4}"
17,57,TPC,NONE,0.6775160024477341,0.040547879042385,639070263.04,1020908498.9417356,1623837.6,1426759.30285127,0.7393485159122548,2.4520528058125105e-05,0.0,0.0,GREEDY_HV,"['SPC_MBFLIP', 'UC_MNUF', 'SPC_MNUF', 'UC_NONE', 'SPC_MPOLY', 'UC_MPOLY', 'UC_NONE', 'SPC_NONE', 'SPC_NONE', 'SBX_MPOLY', 'SPC_MPOLY', 'TPC_NONE', 'SPC_NONE', 'SPC_NONE', 'UC_NONE', 'UC_NONE', 'UC_NONE', 'UC_NONE', 'UC_NONE', 'UC_NONE', 'SBX_NONE', 'SPC_NONE', 'SPC_NONE', 'SPC_NONE', 'TPC_NONE', 'SBX_MPOLY', 'UC_NONE', 'TPC_NONE', 'UC_NONE', 'UC_MPOLY', 'TPC_NONE', 'SBX_NONE', 'TPC_NONE', 'SBX_NONE', 'UC_MPOLY', 'SBX_NONE', 'TPC_NONE', 'UC_NONE', 'UC_NONE', 'SPC_NONE', 'SPC_NONE', 'TPC_NONE', 'TPC_NONE', 'UC_NONE', 'SPC_NONE', 'SPC_NONE', 'TPC_NONE', 'UC_NONE', 'TPC_NONE', 'SPC_NONE', 'TPC_NONE', 'SPC_NONE', 'TPC_NONE', 'SPC_NONE', 'SPC_NONE', 'UC_NONE', 'UC_NONE', 'TPC_NONE']","{'UC_MNUF': 1, 'SPC_MNUF': 1, 'UC_NONE': 16, 'SPC_MPOLY': 2, 'UC_MPOLY': 3, 'SPC_NONE': 15, 'SBX_MPOLY': 2, 'TPC_NONE': 13, 'SBX_NONE': 4}"
17,58,SPC,NONE,0.6769070363362348,0.040594192551784,639866981.12,1024265955.092374,1632245.92,1437125.8675262628,0.7393200956104791,-2.8420301775744505e-05,0.0,0.0,GREEDY_HV,"['SPC_MBFLIP', 'UC_MNUF', 'SPC_MNUF', 'UC_NONE', 'SPC_MPOLY', 'UC_MPOLY', 'UC_NONE', 'SPC_NONE', 'SPC_NONE', 'SBX_MPOLY', 'SPC_MPOLY', 'TPC_NONE', 'SPC_NONE', 'SPC_NONE', 'UC_NONE', 'UC_NONE', 'UC_NONE', 'UC_NONE', 'UC_NONE', 'UC_NONE', 'SBX_NONE', 'SPC_NONE', 'SPC_NONE', 'SPC_NONE', 'TPC_NONE', 'SBX_MPOLY', 'UC_NONE', 'TPC_NONE', 'UC_NONE', 'UC_MPOLY', 'TPC_NONE', 'SBX_NONE', 'TPC_NONE', 'SBX_NONE', 'UC_MPOLY', 'SBX_NONE', 'TPC_NONE', 'UC_NONE', 'UC_NONE', 'SPC_NONE', 'SPC_NONE', 'TPC_NONE', 'TPC_NONE', 'UC_NONE', 'SPC_NONE', 'SPC_NONE', 'TPC_NONE', 'UC_NONE', 'TPC_NONE', 'SPC_NONE', 'TPC_NONE', 'SPC_NONE', 'TPC_NONE', 'SPC_NONE', 'SPC_NONE', 'UC_NONE', 'UC_NONE', 'TPC_NONE', 'SPC_NONE']","{'UC_MNUF': 1, 'SPC_MNUF': 1, 'UC_NONE': 16, 'SPC_MPOLY': 2, 'UC_MPOLY': 3, 'SPC_NONE': 16, 'SBX_MPOLY': 2, 'TPC_NONE': 13, 'SBX_NONE': 4}"
17,59,UC,NONE,0.6771970597314748,0.0403312326733856,636823776.0,1024470250.9032435,1600860.32,1415170.6543905642,0.7392903142122941,-2.978139818499148e-05,0.0,0.0,GREEDY_HV,"['SPC_MBFLIP', 'UC_MNUF', 'SPC_MNUF', 'UC_NONE', 'SPC_MPOLY', 'UC_MPOLY', 'UC_NONE', 'SPC_NONE', 'SPC_NONE', 'SBX_MPOLY', 'SPC_MPOLY', 'TPC_NONE', 'SPC_NONE', 'SPC_NONE', 'UC_NONE', 'UC_NONE', 'UC_NONE', 'UC_NONE', 'UC_NONE', 'UC_NONE', 'SBX_NONE', 'SPC_NONE', 'SPC_NONE', 'SPC_NONE', 'TPC_NONE', 'SBX_MPOLY', 'UC_NONE', 'TPC_NONE', 'UC_NONE', 'UC_MPOLY', 'TPC_NONE', 'SBX_NONE', 'TPC_NONE', 'SBX_NONE', 'UC_MPOLY', 'SBX_NONE', 'TPC_NONE', 'UC_NONE', 'UC_NONE', 'SPC_NONE', 'SPC_NONE', 'TPC_NONE', 'TPC_NONE', 'UC_NONE', 'SPC_NONE', 'SPC_NONE', 'TPC_NONE', 'UC_NONE', 'TPC_NONE', 'SPC_NONE', 'TPC_NONE', 'SPC_NONE', 'TPC_NONE', 'SPC_NONE', 'SPC_NONE', 'UC_NONE', 'UC_NONE', 'TPC_NONE', 'SPC_NONE', 'UC_NONE']","{'UC_MNUF': 1, 'SPC_MNUF': 1, 'UC_NONE': 17, 'SPC_MPOLY': 2, 'UC_MPOLY': 3, 'SPC_NONE': 16, 'SBX_MPOLY': 2, 'TPC_NONE': 13, 'SBX_NONE': 4}"
17,60,UC,NONE,0.6783432763681674,0.040799407862134,651974880.0,1022209474.1104094,1679605.92,1417663.0069054894,0.7393109864934673,2.0672281173195195e-05,0.0,0.0,GREEDY_HV,"['SPC_MBFLIP', 'UC_MNUF', 'SPC_MNUF', 'UC_NONE', 'SPC_MPOLY', 'UC_MPOLY', 'UC_NONE', 'SPC_NONE', 'SPC_NONE', 'SBX_MPOLY', 'SPC_MPOLY', 'TPC_NONE', 'SPC_NONE', 'SPC_NONE', 'UC_NONE', 'UC_NONE', 'UC_NONE', 'UC_NONE', 'UC_NONE', 'UC_NONE', 'SBX_NONE', 'SPC_NONE', 'SPC_NONE', 'SPC_NONE', 'TPC_NONE', 'SBX_MPOLY', 'UC_NONE', 'TPC_NONE', 'UC_NONE', 'UC_MPOLY', 'TPC_NONE', 'SBX_NONE', 'TPC_NONE', 'SBX_NONE', 'UC_MPOLY', 'SBX_NONE', 'TPC_NONE', 'UC_NONE', 'UC_NONE', 'SPC_NONE', 'SPC_NONE', 'TPC_NONE', 'TPC_NONE', 'UC_NONE', 'SPC_NONE', 'SPC_NONE', 'TPC_NONE', 'UC_NONE', 'TPC_NONE', 'SPC_NONE', 'TPC_NONE', 'SPC_NONE', 'TPC_NONE', 'SPC_NONE', 'SPC_NONE', 'UC_NONE', 'UC_NONE', 'TPC_NONE', 'SPC_NONE', 'UC_NONE', 'UC_NONE']","{'UC_MNUF': 1, 'SPC_MNUF': 1, 'UC_NONE': 18, 'SPC_MPOLY': 2, 'UC_MPOLY': 3, 'SPC_NONE': 16, 'SBX_MPOLY': 2, 'TPC_NONE': 13, 'SBX_NONE': 4}"
17,61,TPC,NONE,0.6779268289442203,0.0407930672154045,658796926.72,1022417432.29096,1628864.16,1417921.5264178107,0.739301251237044,-9.7352564232267e-06,0.0,0.0,GREEDY_HV,"['SPC_MBFLIP', 'UC_MNUF', 'SPC_MNUF', 'UC_NONE', 'SPC_MPOLY', 'UC_MPOLY', 'UC_NONE', 'SPC_NONE', 'SPC_NONE', 'SBX_MPOLY', 'SPC_MPOLY', 'TPC_NONE', 'SPC_NONE', 'SPC_NONE', 'UC_NONE', 'UC_NONE', 'UC_NONE', 'UC_NONE', 'UC_NONE', 'UC_NONE', 'SBX_NONE', 'SPC_NONE', 'SPC_NONE', 'SPC_NONE', 'TPC_NONE', 'SBX_MPOLY', 'UC_NONE', 'TPC_NONE', 'UC_NONE', 'UC_MPOLY', 'TPC_NONE', 'SBX_NONE', 'TPC_NONE', 'SBX_NONE', 'UC_MPOLY', 'SBX_NONE', 'TPC_NONE', 'UC_NONE', 'UC_NONE', 'SPC_NONE', 'SPC_NONE', 'TPC_NONE', 'TPC_NONE', 'UC_NONE', 'SPC_NONE', 'SPC_NONE', 'TPC_NONE', 'UC_NONE', 'TPC_NONE', 'SPC_NONE', 'TPC_NONE', 'SPC_NONE', 'TPC_NONE', 'SPC_NONE', 'SPC_NONE', 'UC_NONE', 'UC_NONE', 'TPC_NONE', 'SPC_NONE', 'UC_NONE', 'UC_NONE', 'TPC_NONE']","{'UC_MNUF': 1, 'SPC_MNUF': 1, 'UC_NONE': 18, 'SPC_MPOLY': 2, 'UC_MPOLY': 3, 'SPC_NONE': 16, 'SBX_MPOLY': 2, 'TPC_NONE': 14, 'SBX_NONE': 4}"
17,62,UC,NONE,0.6789294894979429,0.0407219171906739,664865350.4,1021968193.6289312,1693372.32,1433660.0950484383,0.7393105452992573,9.294062213283104e-06,0.0,0.0,GREEDY_HV,"['SPC_MBFLIP', 'UC_MNUF', 'SPC_MNUF', 'UC_NONE', 'SPC_MPOLY', 'UC_MPOLY', 'UC_NONE', 'SPC_NONE', 'SPC_NONE', 'SBX_MPOLY', 'SPC_MPOLY', 'TPC_NONE', 'SPC_NONE', 'SPC_NONE', 'UC_NONE', 'UC_NONE', 'UC_NONE', 'UC_NONE', 'UC_NONE', 'UC_NONE', 'SBX_NONE', 'SPC_NONE', 'SPC_NONE', 'SPC_NONE', 'TPC_NONE', 'SBX_MPOLY', 'UC_NONE', 'TPC_NONE', 'UC_NONE', 'UC_MPOLY', 'TPC_NONE', 'SBX_NONE', 'TPC_NONE', 'SBX_NONE', 'UC_MPOLY', 'SBX_NONE', 'TPC_NONE', 'UC_NONE', 'UC_NONE', 'SPC_NONE', 'SPC_NONE', 'TPC_NONE', 'TPC_NONE', 'UC_NONE', 'SPC_NONE', 'SPC_NONE', 'TPC_NONE', 'UC_NONE', 'TPC_NONE', 'SPC_NONE', 'TPC_NONE', 'SPC_NONE', 'TPC_NONE', 'SPC_NONE', 'SPC_NONE', 'UC_NONE', 'UC_NONE', 'TPC_NONE', 'SPC_NONE', 'UC_NONE', 'UC_NONE', 'TPC_NONE', 'UC_NONE']","{'UC_MNUF': 1, 'SPC_MNUF': 1, 'UC_NONE': 19, 'SPC_MPOLY': 2, 'UC_MPOLY': 3, 'SPC_NONE': 16, 'SBX_MPOLY': 2, 'TPC_NONE': 14, 'SBX_NONE': 4}"
17,63,TPC,NONE,0.6781834760348474,0.0407435747656263,662147692.8,1019501348.7818868,1636677.28,1411225.4311498646,0.7393228180287268,1.2272729469464672e-05,0.0,0.0,GREEDY_HV,"['SPC_MBFLIP', 'UC_MNUF', 'SPC_MNUF', 'UC_NONE', 'SPC_MPOLY', 'UC_MPOLY', 'UC_NONE', 'SPC_NONE', 'SPC_NONE', 'SBX_MPOLY', 'SPC_MPOLY', 'TPC_NONE', 'SPC_NONE', 'SPC_NONE', 'UC_NONE', 'UC_NONE', 'UC_NONE', 'UC_NONE', 'UC_NONE', 'UC_NONE', 'SBX_NONE', 'SPC_NONE', 'SPC_NONE', 'SPC_NONE', 'TPC_NONE', 'SBX_MPOLY', 'UC_NONE', 'TPC_NONE', 'UC_NONE', 'UC_MPOLY', 'TPC_NONE', 'SBX_NONE', 'TPC_NONE', 'SBX_NONE', 'UC_MPOLY', 'SBX_NONE', 'TPC_NONE', 'UC_NONE', 'UC_NONE', 'SPC_NONE', 'SPC_NONE', 'TPC_NONE', 'TPC_NONE', 'UC_NONE', 'SPC_NONE', 'SPC_NONE', 'TPC_NONE', 'UC_NONE', 'TPC_NONE', 'SPC_NONE', 'TPC_NONE', 'SPC_NONE', 'TPC_NONE', 'SPC_NONE', 'SPC_NONE', 'UC_NONE', 'UC_NONE', 'TPC_NONE', 'SPC_NONE', 'UC_NONE', 'UC_NONE', 'TPC_NONE', 'UC_NONE', 'TPC_NONE']","{'UC_MNUF': 1, 'SPC_MNUF': 1, 'UC_NONE': 19, 'SPC_MPOLY': 2, 'UC_MPOLY': 3, 'SPC_NONE': 16, 'SBX_MPOLY': 2, 'TPC_NONE': 15, 'SBX_NONE': 4}"
17,64,UC,NONE,0.678209639389832,0.0407283472592438,659448792.32,1020532169.95905,1648189.6,1414769.3367266909,0.7392944500450923,-2.8367983634480787e-05,0.01,0.0,GREEDY_HV,"['SPC_MBFLIP', 'UC_MNUF', 'SPC_MNUF', 'UC_NONE', 'SPC_MPOLY', 'UC_MPOLY', 'UC_NONE', 'SPC_NONE', 'SPC_NONE', 'SBX_MPOLY', 'SPC_MPOLY', 'TPC_NONE', 'SPC_NONE', 'SPC_NONE', 'UC_NONE', 'UC_NONE', 'UC_NONE', 'UC_NONE', 'UC_NONE', 'UC_NONE', 'SBX_NONE', 'SPC_NONE', 'SPC_NONE', 'SPC_NONE', 'TPC_NONE', 'SBX_MPOLY', 'UC_NONE', 'TPC_NONE', 'UC_NONE', 'UC_MPOLY', 'TPC_NONE', 'SBX_NONE', 'TPC_NONE', 'SBX_NONE', 'UC_MPOLY', 'SBX_NONE', 'TPC_NONE', 'UC_NONE', 'UC_NONE', 'SPC_NONE', 'SPC_NONE', 'TPC_NONE', 'TPC_NONE', 'UC_NONE', 'SPC_NONE', 'SPC_NONE', 'TPC_NONE', 'UC_NONE', 'TPC_NONE', 'SPC_NONE', 'TPC_NONE', 'SPC_NONE', 'TPC_NONE', 'SPC_NONE', 'SPC_NONE', 'UC_NONE', 'UC_NONE', 'TPC_NONE', 'SPC_NONE', 'UC_NONE', 'UC_NONE', 'TPC_NONE', 'UC_NONE', 'TPC_NONE', 'UC_NONE']","{'UC_MNUF': 1, 'SPC_MNUF': 1, 'UC_NONE': 20, 'SPC_MPOLY': 2, 'UC_MPOLY': 3, 'SPC_NONE': 16, 'SBX_MPOLY': 2, 'TPC_NONE': 15, 'SBX_NONE': 4}"
17,65,TPC,NONE,0.6787422248868552,0.0409002385030527,671236104.96,1019796702.6653824,1659170.72,1410148.0540240454,0.7393232509119853,2.880086689294181e-05,0.0,0.0,GREEDY_HV,"['SPC_MBFLIP', 'UC_MNUF', 'SPC_MNUF', 'UC_NONE', 'SPC_MPOLY', 'UC_MPOLY', 'UC_NONE', 'SPC_NONE', 'SPC_NONE', 'SBX_MPOLY', 'SPC_MPOLY', 'TPC_NONE', 'SPC_NONE', 'SPC_NONE', 'UC_NONE', 'UC_NONE', 'UC_NONE', 'UC_NONE', 'UC_NONE', 'UC_NONE', 'SBX_NONE', 'SPC_NONE', 'SPC_NONE', 'SPC_NONE', 'TPC_NONE', 'SBX_MPOLY', 'UC_NONE', 'TPC_NONE', 'UC_NONE', 'UC_MPOLY', 'TPC_NONE', 'SBX_NONE', 'TPC_NONE', 'SBX_NONE', 'UC_MPOLY', 'SBX_NONE', 'TPC_NONE', 'UC_NONE', 'UC_NONE', 'SPC_NONE', 'SPC_NONE', 'TPC_NONE', 'TPC_NONE', 'UC_NONE', 'SPC_NONE', 'SPC_NONE', 'TPC_NONE', 'UC_NONE', 'TPC_NONE', 'SPC_NONE', 'TPC_NONE', 'SPC_NONE', 'TPC_NONE', 'SPC_NONE', 'SPC_NONE', 'UC_NONE', 'UC_NONE', 'TPC_NONE', 'SPC_NONE', 'UC_NONE', 'UC_NONE', 'TPC_NONE', 'UC_NONE', 'TPC_NONE', 'UC_NONE', 'TPC_NONE']","{'UC_MNUF': 1, 'SPC_MNUF': 1, 'UC_NONE': 20, 'SPC_MPOLY': 2, 'UC_MPOLY': 3, 'SPC_NONE': 16, 'SBX_MPOLY': 2, 'TPC_NONE': 16, 'SBX_NONE': 4}"
17,66,TPC,NONE,0.6763969660600114,0.0405493533484245,641921898.24,1023821937.0358917,1561487.52,1412329.1694041614,0.7392958932567593,-2.7357655225990207e-05,0.0,0.0,GREEDY_HV,"['SPC_MBFLIP', 'UC_MNUF', 'SPC_MNUF', 'UC_NONE', 'SPC_MPOLY', 'UC_MPOLY', 'UC_NONE', 'SPC_NONE', 'SPC_NONE', 'SBX_MPOLY', 'SPC_MPOLY', 'TPC_NONE', 'SPC_NONE', 'SPC_NONE', 'UC_NONE', 'UC_NONE', 'UC_NONE', 'UC_NONE', 'UC_NONE', 'UC_NONE', 'SBX_NONE', 'SPC_NONE', 'SPC_NONE', 'SPC_NONE', 'TPC_NONE', 'SBX_MPOLY', 'UC_NONE', 'TPC_NONE', 'UC_NONE', 'UC_MPOLY', 'TPC_NONE', 'SBX_NONE', 'TPC_NONE', 'SBX_NONE', 'UC_MPOLY', 'SBX_NONE', 'TPC_NONE', 'UC_NONE', 'UC_NONE', 'SPC_NONE', 'SPC_NONE', 'TPC_NONE', 'TPC_NONE', 'UC_NONE', 'SPC_NONE', 'SPC_NONE', 'TPC_NONE', 'UC_NONE', 'TPC_NONE', 'SPC_NONE', 'TPC_NONE', 'SPC_NONE', 'TPC_NONE', 'SPC_NONE', 'SPC_NONE', 'UC_NONE', 'UC_NONE', 'TPC_NONE', 'SPC_NONE', 'UC_NONE', 'UC_NONE', 'TPC_NONE', 'UC_NONE', 'TPC_NONE', 'UC_NONE', 'TPC_NONE', 'TPC_NONE']","{'UC_MNUF': 1, 'SPC_MNUF': 1, 'UC_NONE': 20, 'SPC_MPOLY': 2, 'UC_MPOLY': 3, 'SPC_NONE': 16, 'SBX_MPOLY': 2, 'TPC_NONE': 17, 'SBX_NONE': 4}"
17,67,UC,NONE,0.6774636307218697,0.04055945693582,653375773.44,1021412673.9444076,1611788.96,1415136.2954920337,0.7393080482729218,1.2155016162584964e-05,0.01,0.0,GREEDY_HV,"['SPC_MBFLIP', 'UC_MNUF', 'SPC_MNUF', 'UC_NONE', 'SPC_MPOLY', 'UC_MPOLY', 'UC_NONE', 'SPC_NONE', 'SPC_NONE', 'SBX_MPOLY', 'SPC_MPOLY', 'TPC_NONE', 'SPC_NONE', 'SPC_NONE', 'UC_NONE', 'UC_NONE', 'UC_NONE', 'UC_NONE', 'UC_NONE', 'UC_NONE', 'SBX_NONE', 'SPC_NONE', 'SPC_NONE', 'SPC_NONE', 'TPC_NONE', 'SBX_MPOLY', 'UC_NONE', 'TPC_NONE', 'UC_NONE', 'UC_MPOLY', 'TPC_NONE', 'SBX_NONE', 'TPC_NONE', 'SBX_NONE', 'UC_MPOLY', 'SBX_NONE', 'TPC_NONE', 'UC_NONE', 'UC_NONE', 'SPC_NONE', 'SPC_NONE', 'TPC_NONE', 'TPC_NONE', 'UC_NONE', 'SPC_NONE', 'SPC_NONE', 'TPC_NONE', 'UC_NONE', 'TPC_NONE', 'SPC_NONE', 'TPC_NONE', 'SPC_NONE', 'TPC_NONE', 'SPC_NONE', 'SPC_NONE', 'UC_NONE', 'UC_NONE', 'TPC_NONE', 'SPC_NONE', 'UC_NONE', 'UC_NONE', 'TPC_NONE', 'UC_NONE', 'TPC_NONE', 'UC_NONE', 'TPC_NONE', 'TPC_NONE', 'UC_NONE']","{'UC_MNUF': 1, 'SPC_MNUF': 1, 'UC_NONE': 21, 'SPC_MPOLY': 2, 'UC_MPOLY': 3, 'SPC_NONE': 16, 'SBX_MPOLY': 2, 'TPC_NONE': 17, 'SBX_NONE': 4}"
17,68,UC,NONE,0.6782854201421111,0.0406544188659355,672049534.72,1023672210.0876008,1636362.4,1431942.439231075,0.7393129371447904,4.88887186855802e-06,0.0,0.0,GREEDY_HV,"['SPC_MBFLIP', 'UC_MNUF', 'SPC_MNUF', 'UC_NONE', 'SPC_MPOLY', 'UC_MPOLY', 'UC_NONE', 'SPC_NONE', 'SPC_NONE', 'SBX_MPOLY', 'SPC_MPOLY', 'TPC_NONE', 'SPC_NONE', 'SPC_NONE', 'UC_NONE', 'UC_NONE', 'UC_NONE', 'UC_NONE', 'UC_NONE', 'UC_NONE', 'SBX_NONE', 'SPC_NONE', 'SPC_NONE', 'SPC_NONE', 'TPC_NONE', 'SBX_MPOLY', 'UC_NONE', 'TPC_NONE', 'UC_NONE', 'UC_MPOLY', 'TPC_NONE', 'SBX_NONE', 'TPC_NONE', 'SBX_NONE', 'UC_MPOLY', 'SBX_NONE', 'TPC_NONE', 'UC_NONE', 'UC_NONE', 'SPC_NONE', 'SPC_NONE', 'TPC_NONE', 'TPC_NONE', 'UC_NONE', 'SPC_NONE', 'SPC_NONE', 'TPC_NONE', 'UC_NONE', 'TPC_NONE', 'SPC_NONE', 'TPC_NONE', 'SPC_NONE', 'TPC_NONE', 'SPC_NONE', 'SPC_NONE', 'UC_NONE', 'UC_NONE', 'TPC_NONE', 'SPC_NONE', 'UC_NONE', 'UC_NONE', 'TPC_NONE', 'UC_NONE', 'TPC_NONE', 'UC_NONE', 'TPC_NONE', 'TPC_NONE', 'UC_NONE', 'UC_NONE']","{'UC_MNUF': 1, 'SPC_MNUF': 1, 'UC_NONE': 22, 'SPC_MPOLY': 2, 'UC_MPOLY': 3, 'SPC_NONE': 16, 'SBX_MPOLY': 2, 'TPC_NONE': 17, 'SBX_NONE': 4}"
17,69,SPC,NONE,0.6776815115329217,0.0405906914185555,652540691.2,1021025151.755354,1583904.16,1396284.6069961432,0.7393392743684444,2.633722365397162e-05,0.0,0.0,GREEDY_HV,"['SPC_MBFLIP', 'UC_MNUF', 'SPC_MNUF', 'UC_NONE', 'SPC_MPOLY', 'UC_MPOLY', 'UC_NONE', 'SPC_NONE', 'SPC_NONE', 'SBX_MPOLY', 'SPC_MPOLY', 'TPC_NONE', 'SPC_NONE', 'SPC_NONE', 'UC_NONE', 'UC_NONE', 'UC_NONE', 'UC_NONE', 'UC_NONE', 'UC_NONE', 'SBX_NONE', 'SPC_NONE', 'SPC_NONE', 'SPC_NONE', 'TPC_NONE', 'SBX_MPOLY', 'UC_NONE', 'TPC_NONE', 'UC_NONE', 'UC_MPOLY', 'TPC_NONE', 'SBX_NONE', 'TPC_NONE', 'SBX_NONE', 'UC_MPOLY', 'SBX_NONE', 'TPC_NONE', 'UC_NONE', 'UC_NONE', 'SPC_NONE', 'SPC_NONE', 'TPC_NONE', 'TPC_NONE', 'UC_NONE', 'SPC_NONE', 'SPC_NONE', 'TPC_NONE', 'UC_NONE', 'TPC_NONE', 'SPC_NONE', 'TPC_NONE', 'SPC_NONE', 'TPC_NONE', 'SPC_NONE', 'SPC_NONE', 'UC_NONE', 'UC_NONE', 'TPC_NONE', 'SPC_NONE', 'UC_NONE', 'UC_NONE', 'TPC_NONE', 'UC_NONE', 'TPC_NONE', 'UC_NONE', 'TPC_NONE', 'TPC_NONE', 'UC_NONE', 'UC_NONE', 'SPC_NONE']","{'UC_MNUF': 1, 'SPC_MNUF': 1, 'UC_NONE': 22, 'SPC_MPOLY': 2, 'UC_MPOLY': 3, 'SPC_NONE': 17, 'SBX_MPOLY': 2, 'TPC_NONE': 17, 'SBX_NONE': 4}"
17,70,TPC,NONE,0.6781701710659604,0.0409705796077042,662934588.16,1021019935.8023006,1663298.72,1432889.6508817845,0.739329815048622,-9.45931982232473e-06,0.0,0.0,GREEDY_HV,"['SPC_MBFLIP', 'UC_MNUF', 'SPC_MNUF', 'UC_NONE', 'SPC_MPOLY', 'UC_MPOLY', 'UC_NONE', 'SPC_NONE', 'SPC_NONE', 'SBX_MPOLY', 'SPC_MPOLY', 'TPC_NONE', 'SPC_NONE', 'SPC_NONE', 'UC_NONE', 'UC_NONE', 'UC_NONE', 'UC_NONE', 'UC_NONE', 'UC_NONE', 'SBX_NONE', 'SPC_NONE', 'SPC_NONE', 'SPC_NONE', 'TPC_NONE', 'SBX_MPOLY', 'UC_NONE', 'TPC_NONE', 'UC_NONE', 'UC_MPOLY', 'TPC_NONE', 'SBX_NONE', 'TPC_NONE', 'SBX_NONE', 'UC_MPOLY', 'SBX_NONE', 'TPC_NONE', 'UC_NONE', 'UC_NONE', 'SPC_NONE', 'SPC_NONE', 'TPC_NONE', 'TPC_NONE', 'UC_NONE', 'SPC_NONE', 'SPC_NONE', 'TPC_NONE', 'UC_NONE', 'TPC_NONE', 'SPC_NONE', 'TPC_NONE', 'SPC_NONE', 'TPC_NONE', 'SPC_NONE', 'SPC_NONE', 'UC_NONE', 'UC_NONE', 'TPC_NONE', 'SPC_NONE', 'UC_NONE', 'UC_NONE', 'TPC_NONE', 'UC_NONE', 'TPC_NONE', 'UC_NONE', 'TPC_NONE', 'TPC_NONE', 'UC_NONE', 'UC_NONE', 'SPC_NONE', 'TPC_NONE']","{'UC_MNUF': 1, 'SPC_MNUF': 1, 'UC_NONE': 22, 'SPC_MPOLY': 2, 'UC_MPOLY': 3, 'SPC_NONE': 17, 'SBX_MPOLY': 2, 'TPC_NONE': 18, 'SBX_NONE': 4}"
17,71,SPC,NONE,0.6773397130192959,0.0405814281945662,646907820.8,1023432524.5975084,1596987.04,1414344.8689641291,0.7393279096216504,-1.9054269716489716e-06,0.0,0.0,GREEDY_HV,"['SPC_MBFLIP', 'UC_MNUF', 'SPC_MNUF', 'UC_NONE', 'SPC_MPOLY', 'UC_MPOLY', 'UC_NONE', 'SPC_NONE', 'SPC_NONE', 'SBX_MPOLY', 'SPC_MPOLY', 'TPC_NONE', 'SPC_NONE', 'SPC_NONE', 'UC_NONE', 'UC_NONE', 'UC_NONE', 'UC_NONE', 'UC_NONE', 'UC_NONE', 'SBX_NONE', 'SPC_NONE', 'SPC_NONE', 'SPC_NONE', 'TPC_NONE', 'SBX_MPOLY', 'UC_NONE', 'TPC_NONE', 'UC_NONE', 'UC_MPOLY', 'TPC_NONE', 'SBX_NONE', 'TPC_NONE', 'SBX_NONE', 'UC_MPOLY', 'SBX_NONE', 'TPC_NONE', 'UC_NONE', 'UC_NONE', 'SPC_NONE', 'SPC_NONE', 'TPC_NONE', 'TPC_NONE', 'UC_NONE', 'SPC_NONE', 'SPC_NONE', 'TPC_NONE', 'UC_NONE', 'TPC_NONE', 'SPC_NONE', 'TPC_NONE', 'SPC_NONE', 'TPC_NONE', 'SPC_NONE', 'SPC_NONE', 'UC_NONE', 'UC_NONE', 'TPC_NONE', 'SPC_NONE', 'UC_NONE', 'UC_NONE', 'TPC_NONE', 'UC_NONE', 'TPC_NONE', 'UC_NONE', 'TPC_NONE', 'TPC_NONE', 'UC_NONE', 'UC_NONE', 'SPC_NONE', 'TPC_NONE', 'SPC_NONE']","{'UC_MNUF': 1, 'SPC_MNUF': 1, 'UC_NONE': 22, 'SPC_MPOLY': 2, 'UC_MPOLY': 3, 'SPC_NONE': 18, 'SBX_MPOLY': 2, 'TPC_NONE': 18, 'SBX_NONE': 4}"
17,72,UC,NONE,0.6777865865095515,0.0406581796827115,659606152.96,1021789074.594126,1582168.48,1396250.0470875872,0.7392938467679541,-3.4062853696337214e-05,0.0,0.0,GREEDY_HV,"['SPC_MBFLIP', 'UC_MNUF', 'SPC_MNUF', 'UC_NONE', 'SPC_MPOLY', 'UC_MPOLY', 'UC_NONE', 'SPC_NONE', 'SPC_NONE', 'SBX_MPOLY', 'SPC_MPOLY', 'TPC_NONE', 'SPC_NONE', 'SPC_NONE', 'UC_NONE', 'UC_NONE', 'UC_NONE', 'UC_NONE', 'UC_NONE', 'UC_NONE', 'SBX_NONE', 'SPC_NONE', 'SPC_NONE', 'SPC_NONE', 'TPC_NONE', 'SBX_MPOLY', 'UC_NONE', 'TPC_NONE', 'UC_NONE', 'UC_MPOLY', 'TPC_NONE', 'SBX_NONE', 'TPC_NONE', 'SBX_NONE', 'UC_MPOLY', 'SBX_NONE', 'TPC_NONE', 'UC_NONE', 'UC_NONE', 'SPC_NONE', 'SPC_NONE', 'TPC_NONE', 'TPC_NONE', 'UC_NONE', 'SPC_NONE', 'SPC_NONE', 'TPC_NONE', 'UC_NONE', 'TPC_NONE', 'SPC_NONE', 'TPC_NONE', 'SPC_NONE', 'TPC_NONE', 'SPC_NONE', 'SPC_NONE', 'UC_NONE', 'UC_NONE', 'TPC_NONE', 'SPC_NONE', 'UC_NONE', 'UC_NONE', 'TPC_NONE', 'UC_NONE', 'TPC_NONE', 'UC_NONE', 'TPC_NONE', 'TPC_NONE', 'UC_NONE', 'UC_NONE', 'SPC_NONE', 'TPC_NONE', 'SPC_NONE', 'UC_NONE']","{'UC_MNUF': 1, 'SPC_MNUF': 1, 'UC_NONE': 23, 'SPC_MPOLY': 2, 'UC_MPOLY': 3, 'SPC_NONE': 18, 'SBX_MPOLY': 2, 'TPC_NONE': 18, 'SBX_NONE': 4}"
17,73,SPC,NONE,0.6771759478318703,0.0402967416623427,642392139.52,1025219913.9897044,1568699.04,1410417.1178601736,0.7393138810090185,2.0034241064448288e-05,0.0,0.0,GREEDY_HV,"['SPC_MBFLIP', 'UC_MNUF', 'SPC_MNUF', 'UC_NONE', 'SPC_MPOLY', 'UC_MPOLY', 'UC_NONE', 'SPC_NONE', 'SPC_NONE', 'SBX_MPOLY', 'SPC_MPOLY', 'TPC_NONE', 'SPC_NONE', 'SPC_NONE', 'UC_NONE', 'UC_NONE', 'UC_NONE', 'UC_NONE', 'UC_NONE', 'UC_NONE', 'SBX_NONE', 'SPC_NONE', 'SPC_NONE', 'SPC_NONE', 'TPC_NONE', 'SBX_MPOLY', 'UC_NONE', 'TPC_NONE', 'UC_NONE', 'UC_MPOLY', 'TPC_NONE', 'SBX_NONE', 'TPC_NONE', 'SBX_NONE', 'UC_MPOLY', 'SBX_NONE', 'TPC_NONE', 'UC_NONE', 'UC_NONE', 'SPC_NONE', 'SPC_NONE', 'TPC_NONE', 'TPC_NONE', 'UC_NONE', 'SPC_NONE', 'SPC_NONE', 'TPC_NONE', 'UC_NONE', 'TPC_NONE', 'SPC_NONE', 'TPC_NONE', 'SPC_NONE', 'TPC_NONE', 'SPC_NONE', 'SPC_NONE', 'UC_NONE', 'UC_NONE', 'TPC_NONE', 'SPC_NONE', 'UC_NONE', 'UC_NONE', 'TPC_NONE', 'UC_NONE', 'TPC_NONE', 'UC_NONE', 'TPC_NONE', 'TPC_NONE', 'UC_NONE', 'UC_NONE', 'SPC_NONE', 'TPC_NONE', 'SPC_NONE', 'UC_NONE', 'SPC_NONE']","{'UC_MNUF': 1, 'SPC_MNUF': 1, 'UC_NONE': 23, 'SPC_MPOLY': 2, 'UC_MPOLY': 3, 'SPC_NONE': 19, 'SBX_MPOLY': 2, 'TPC_NONE': 18, 'SBX_NONE': 4}"
17,74,TPC,NONE,0.6774047932597699,0.0403983120014661,637101807.36,1023071613.064126,1598840.48,1406417.556972697,0.7393052117192633,-8.669289755180998e-06,0.0,0.0,GREEDY_HV,"['SPC_MBFLIP', 'UC_MNUF', 'SPC_MNUF', 'UC_NONE', 'SPC_MPOLY', 'UC_MPOLY', 'UC_NONE', 'SPC_NONE', 'SPC_NONE', 'SBX_MPOLY', 'SPC_MPOLY', 'TPC_NONE', 'SPC_NONE', 'SPC_NONE', 'UC_NONE', 'UC_NONE', 'UC_NONE', 'UC_NONE', 'UC_NONE', 'UC_NONE', 'SBX_NONE', 'SPC_NONE', 'SPC_NONE', 'SPC_NONE', 'TPC_NONE', 'SBX_MPOLY', 'UC_NONE', 'TPC_NONE', 'UC_NONE', 'UC_MPOLY', 'TPC_NONE', 'SBX_NONE', 'TPC_NONE', 'SBX_NONE', 'UC_MPOLY', 'SBX_NONE', 'TPC_NONE', 'UC_NONE', 'UC_NONE', 'SPC_NONE', 'SPC_NONE', 'TPC_NONE', 'TPC_NONE', 'UC_NONE', 'SPC_NONE', 'SPC_NONE', 'TPC_NONE', 'UC_NONE', 'TPC_NONE', 'SPC_NONE', 'TPC_NONE', 'SPC_NONE', 'TPC_NONE', 'SPC_NONE', 'SPC_NONE', 'UC_NONE', 'UC_NONE', 'TPC_NONE', 'SPC_NONE', 'UC_NONE', 'UC_NONE', 'TPC_NONE', 'UC_NONE', 'TPC_NONE', 'UC_NONE', 'TPC_NONE', 'TPC_NONE', 'UC_NONE', 'UC_NONE', 'SPC_NONE', 'TPC_NONE', 'SPC_NONE', 'UC_NONE', 'SPC_NONE', 'TPC_NONE']","{'UC_MNUF': 1, 'SPC_MNUF': 1, 'UC_NONE': 23, 'SPC_MPOLY': 2, 'UC_MPOLY': 3, 'SPC_NONE': 19, 'SBX_MPOLY': 2, 'TPC_NONE': 19, 'SBX_NONE': 4}"
17,75,UC,NONE,0.678709669504534,0.0401972679107074,657867831.04,1021790946.9008526,1601303.2,1395918.146536909,0.7393300335567393,2.4821837475985653e-05,0.0,0.0,GREEDY_HV,"['SPC_MBFLIP', 'UC_MNUF', 'SPC_MNUF', 'UC_NONE', 'SPC_MPOLY', 'UC_MPOLY', 'UC_NONE', 'SPC_NONE', 'SPC_NONE', 'SBX_MPOLY', 'SPC_MPOLY', 'TPC_NONE', 'SPC_NONE', 'SPC_NONE', 'UC_NONE', 'UC_NONE', 'UC_NONE', 'UC_NONE', 'UC_NONE', 'UC_NONE', 'SBX_NONE', 'SPC_NONE', 'SPC_NONE', 'SPC_NONE', 'TPC_NONE', 'SBX_MPOLY', 'UC_NONE', 'TPC_NONE', 'UC_NONE', 'UC_MPOLY', 'TPC_NONE', 'SBX_NONE', 'TPC_NONE', 'SBX_NONE', 'UC_MPOLY', 'SBX_NONE', 'TPC_NONE', 'UC_NONE', 'UC_NONE', 'SPC_NONE', 'SPC_NONE', 'TPC_NONE', 'TPC_NONE', 'UC_NONE', 'SPC_NONE', 'SPC_NONE', 'TPC_NONE', 'UC_NONE', 'TPC_NONE', 'SPC_NONE', 'TPC_NONE', 'SPC_NONE', 'TPC_NONE', 'SPC_NONE', 'SPC_NONE', 'UC_NONE', 'UC_NONE', 'TPC_NONE', 'SPC_NONE', 'UC_NONE', 'UC_NONE', 'TPC_NONE', 'UC_NONE', 'TPC_NONE', 'UC_NONE', 'TPC_NONE', 'TPC_NONE', 'UC_NONE', 'UC_NONE', 'SPC_NONE', 'TPC_NONE', 'SPC_NONE', 'UC_NONE', 'SPC_NONE', 'TPC_NONE', 'UC_NONE']","{'UC_MNUF': 1, 'SPC_MNUF': 1, 'UC_NONE': 24, 'SPC_MPOLY': 2, 'UC_MPOLY': 3, 'SPC_NONE': 19, 'SBX_MPOLY': 2, 'TPC_NONE': 19, 'SBX_NONE': 4}"
17,76,UC,NONE,0.6792942432931338,0.0405464382686816,660226589.44,1017764444.5928912,1659635.36,1407827.189485837,0.7393296899492366,-3.4360750267303786e-07,0.0,0.0,GREEDY_HV,"['SPC_MBFLIP', 'UC_MNUF', 'SPC_MNUF', 'UC_NONE', 'SPC_MPOLY', 'UC_MPOLY', 'UC_NONE', 'SPC_NONE', 'SPC_NONE', 'SBX_MPOLY', 'SPC_MPOLY', 'TPC_NONE', 'SPC_NONE', 'SPC_NONE', 'UC_NONE', 'UC_NONE', 'UC_NONE', 'UC_NONE', 'UC_NONE', 'UC_NONE', 'SBX_NONE', 'SPC_NONE', 'SPC_NONE', 'SPC_NONE', 'TPC_NONE', 'SBX_MPOLY', 'UC_NONE', 'TPC_NONE', 'UC_NONE', 'UC_MPOLY', 'TPC_NONE', 'SBX_NONE', 'TPC_NONE', 'SBX_NONE', 'UC_MPOLY', 'SBX_NONE', 'TPC_NONE', 'UC_NONE', 'UC_NONE', 'SPC_NONE', 'SPC_NONE', 'TPC_NONE', 'TPC_NONE', 'UC_NONE', 'SPC_NONE', 'SPC_NONE', 'TPC_NONE', 'UC_NONE', 'TPC_NONE', 'SPC_NONE', 'TPC_NONE', 'SPC_NONE', 'TPC_NONE', 'SPC_NONE', 'SPC_NONE', 'UC_NONE', 'UC_NONE', 'TPC_NONE', 'SPC_NONE', 'UC_NONE', 'UC_NONE', 'TPC_NONE', 'UC_NONE', 'TPC_NONE', 'UC_NONE', 'TPC_NONE', 'TPC_NONE', 'UC_NONE', 'UC_NONE', 'SPC_NONE', 'TPC_NONE', 'SPC_NONE', 'UC_NONE', 'SPC_NONE', 'TPC_NONE', 'UC_NONE', 'UC_NONE']","{'UC_MNUF': 1, 'SPC_MNUF': 1, 'UC_NONE': 25, 'SPC_MPOLY': 2, 'UC_MPOLY': 3, 'SPC_NONE': 19, 'SBX_MPOLY': 2, 'TPC_NONE': 19, 'SBX_NONE': 4}"
17,77,UC,NONE,0.6768292065063585,0.0411060081540372,641894652.16,1023960709.114038,1562497.44,1407213.1227089686,0.7393393247064126,9.634757175969176e-06,0.0,0.0,GREEDY_HV,"['SPC_MBFLIP', 'UC_MNUF', 'SPC_MNUF', 'UC_NONE', 'SPC_MPOLY', 'UC_MPOLY', 'UC_NONE', 'SPC_NONE', 'SPC_NONE', 'SBX_MPOLY', 'SPC_MPOLY', 'TPC_NONE', 'SPC_NONE', 'SPC_NONE', 'UC_NONE', 'UC_NONE', 'UC_NONE', 'UC_NONE', 'UC_NONE', 'UC_NONE', 'SBX_NONE', 'SPC_NONE', 'SPC_NONE', 'SPC_NONE', 'TPC_NONE', 'SBX_MPOLY', 'UC_NONE', 'TPC_NONE', 'UC_NONE', 'UC_MPOLY', 'TPC_NONE', 'SBX_NONE', 'TPC_NONE', 'SBX_NONE', 'UC_MPOLY', 'SBX_NONE', 'TPC_NONE', 'UC_NONE', 'UC_NONE', 'SPC_NONE', 'SPC_NONE', 'TPC_NONE', 'TPC_NONE', 'UC_NONE', 'SPC_NONE', 'SPC_NONE', 'TPC_NONE', 'UC_NONE', 'TPC_NONE', 'SPC_NONE', 'TPC_NONE', 'SPC_NONE', 'TPC_NONE', 'SPC_NONE', 'SPC_NONE', 'UC_NONE', 'UC_NONE', 'TPC_NONE', 'SPC_NONE', 'UC_NONE', 'UC_NONE', 'TPC_NONE', 'UC_NONE', 'TPC_NONE', 'UC_NONE', 'TPC_NONE', 'TPC_NONE', 'UC_NONE', 'UC_NONE', 'SPC_NONE', 'TPC_NONE', 'SPC_NONE', 'UC_NONE', 'SPC_NONE', 'TPC_NONE', 'UC_NONE', 'UC_NONE', 'UC_NONE']","{'UC_MNUF': 1, 'SPC_MNUF': 1, 'UC_NONE': 26, 'SPC_MPOLY': 2, 'UC_MPOLY': 3, 'SPC_NONE': 19, 'SBX_MPOLY': 2, 'TPC_NONE': 19, 'SBX_NONE': 4}"
17,78,SPC,NONE,0.6782451246013917,0.0413930651520675,666582836.48,1021048066.7400532,1662108.32,1428305.115697027,0.739354876385949,1.5551679536374152e-05,0.0,0.0,GREEDY_HV,"['SPC_MBFLIP', 'UC_MNUF', 'SPC_MNUF', 'UC_NONE', 'SPC_MPOLY', 'UC_MPOLY', 'UC_NONE', 'SPC_NONE', 'SPC_NONE', 'SBX_MPOLY', 'SPC_MPOLY', 'TPC_NONE', 'SPC_NONE', 'SPC_NONE', 'UC_NONE', 'UC_NONE', 'UC_NONE', 'UC_NONE', 'UC_NONE', 'UC_NONE', 'SBX_NONE', 'SPC_NONE', 'SPC_NONE', 'SPC_NONE', 'TPC_NONE', 'SBX_MPOLY', 'UC_NONE', 'TPC_NONE', 'UC_NONE', 'UC_MPOLY', 'TPC_NONE', 'SBX_NONE', 'TPC_NONE', 'SBX_NONE', 'UC_MPOLY', 'SBX_NONE', 'TPC_NONE', 'UC_NONE', 'UC_NONE', 'SPC_NONE', 'SPC_NONE', 'TPC_NONE', 'TPC_NONE', 'UC_NONE', 'SPC_NONE', 'SPC_NONE', 'TPC_NONE', 'UC_NONE', 'TPC_NONE', 'SPC_NONE', 'TPC_NONE', 'SPC_NONE', 'TPC_NONE', 'SPC_NONE', 'SPC_NONE', 'UC_NONE', 'UC_NONE', 'TPC_NONE', 'SPC_NONE', 'UC_NONE', 'UC_NONE', 'TPC_NONE', 'UC_NONE', 'TPC_NONE', 'UC_NONE', 'TPC_NONE', 'TPC_NONE', 'UC_NONE', 'UC_NONE', 'SPC_NONE', 'TPC_NONE', 'SPC_NONE', 'UC_NONE', 'SPC_NONE', 'TPC_NONE', 'UC_NONE', 'UC_NONE', 'UC_NONE', 'SPC_NONE']","{'UC_MNUF': 1, 'SPC_MNUF': 1, 'UC_NONE': 26, 'SPC_MPOLY': 2, 'UC_MPOLY': 3, 'SPC_NONE': 20, 'SBX_MPOLY': 2, 'TPC_NONE': 19, 'SBX_NONE': 4}"
17,79,TPC,NONE,0.6777005582529231,0.0411128240205087,651256597.76,1019325738.511722,1603020.96,1407729.4919643754,0.7393441576241366,-1.0718761812356092e-05,0.0,0.0,GREEDY_HV,"['SPC_MBFLIP', 'UC_MNUF', 'SPC_MNUF', 'UC_NONE', 'SPC_MPOLY', 'UC_MPOLY', 'UC_NONE', 'SPC_NONE', 'SPC_NONE', 'SBX_MPOLY', 'SPC_MPOLY', 'TPC_NONE', 'SPC_NONE', 'SPC_NONE', 'UC_NONE', 'UC_NONE', 'UC_NONE', 'UC_NONE', 'UC_NONE', 'UC_NONE', 'SBX_NONE', 'SPC_NONE', 'SPC_NONE', 'SPC_NONE', 'TPC_NONE', 'SBX_MPOLY', 'UC_NONE', 'TPC_NONE', 'UC_NONE', 'UC_MPOLY', 'TPC_NONE', 'SBX_NONE', 'TPC_NONE', 'SBX_NONE', 'UC_MPOLY', 'SBX_NONE', 'TPC_NONE', 'UC_NONE', 'UC_NONE', 'SPC_NONE', 'SPC_NONE', 'TPC_NONE', 'TPC_NONE', 'UC_NONE', 'SPC_NONE', 'SPC_NONE', 'TPC_NONE', 'UC_NONE', 'TPC_NONE', 'SPC_NONE', 'TPC_NONE', 'SPC_NONE', 'TPC_NONE', 'SPC_NONE', 'SPC_NONE', 'UC_NONE', 'UC_NONE', 'TPC_NONE', 'SPC_NONE', 'UC_NONE', 'UC_NONE', 'TPC_NONE', 'UC_NONE', 'TPC_NONE', 'UC_NONE', 'TPC_NONE', 'TPC_NONE', 'UC_NONE', 'UC_NONE', 'SPC_NONE', 'TPC_NONE', 'SPC_NONE', 'UC_NONE', 'SPC_NONE', 'TPC_NONE', 'UC_NONE', 'UC_NONE', 'UC_NONE', 'SPC_NONE', 'TPC_NONE']","{'UC_MNUF': 1, 'SPC_MNUF': 1, 'UC_NONE': 26, 'SPC_MPOLY': 2, 'UC_MPOLY': 3, 'SPC_NONE': 20, 'SBX_MPOLY': 2, 'TPC_NONE': 20, 'SBX_NONE': 4}"
17,80,SPC,NONE,0.6787645487563361,0.0403363415243244,660049806.08,1019783042.9636456,1649052.32,1417948.3517968548,0.7393567262465792,1.2568622442588053e-05,0.0,0.0,GREEDY_HV,"['SPC_MBFLIP', 'UC_MNUF', 'SPC_MNUF', 'UC_NONE', 'SPC_MPOLY', 'UC_MPOLY', 'UC_NONE', 'SPC_NONE', 'SPC_NONE', 'SBX_MPOLY', 'SPC_MPOLY', 'TPC_NONE', 'SPC_NONE', 'SPC_NONE', 'UC_NONE', 'UC_NONE', 'UC_NONE', 'UC_NONE', 'UC_NONE', 'UC_NONE', 'SBX_NONE', 'SPC_NONE', 'SPC_NONE', 'SPC_NONE', 'TPC_NONE', 'SBX_MPOLY', 'UC_NONE', 'TPC_NONE', 'UC_NONE', 'UC_MPOLY', 'TPC_NONE', 'SBX_NONE', 'TPC_NONE', 'SBX_NONE', 'UC_MPOLY', 'SBX_NONE', 'TPC_NONE', 'UC_NONE', 'UC_NONE', 'SPC_NONE', 'SPC_NONE', 'TPC_NONE', 'TPC_NONE', 'UC_NONE', 'SPC_NONE', 'SPC_NONE', 'TPC_NONE', 'UC_NONE', 'TPC_NONE', 'SPC_NONE', 'TPC_NONE', 'SPC_NONE', 'TPC_NONE', 'SPC_NONE', 'SPC_NONE', 'UC_NONE', 'UC_NONE', 'TPC_NONE', 'SPC_NONE', 'UC_NONE', 'UC_NONE', 'TPC_NONE', 'UC_NONE', 'TPC_NONE', 'UC_NONE', 'TPC_NONE', 'TPC_NONE', 'UC_NONE', 'UC_NONE', 'SPC_NONE', 'TPC_NONE', 'SPC_NONE', 'UC_NONE', 'SPC_NONE', 'TPC_NONE', 'UC_NONE', 'UC_NONE', 'UC_NONE', 'SPC_NONE', 'TPC_NONE', 'SPC_NONE']","{'UC_MNUF': 1, 'SPC_MNUF': 1, 'UC_NONE': 26, 'SPC_MPOLY': 2, 'UC_MPOLY': 3, 'SPC_NONE': 21, 'SBX_MPOLY': 2, 'TPC_NONE': 20, 'SBX_NONE': 4}"
17,81,TPC,NONE,0.676785275976425,0.0406921502658587,632035728.64,1022217982.0160984,1562636.96,1400329.389409691,0.739363965711328,7.239464748787228e-06,0.0,0.0,GREEDY_HV,"['SPC_MBFLIP', 'UC_MNUF', 'SPC_MNUF', 'UC_NONE', 'SPC_MPOLY', 'UC_MPOLY', 'UC_NONE', 'SPC_NONE', 'SPC_NONE', 'SBX_MPOLY', 'SPC_MPOLY', 'TPC_NONE', 'SPC_NONE', 'SPC_NONE', 'UC_NONE', 'UC_NONE', 'UC_NONE', 'UC_NONE', 'UC_NONE', 'UC_NONE', 'SBX_NONE', 'SPC_NONE', 'SPC_NONE', 'SPC_NONE', 'TPC_NONE', 'SBX_MPOLY', 'UC_NONE', 'TPC_NONE', 'UC_NONE', 'UC_MPOLY', 'TPC_NONE', 'SBX_NONE', 'TPC_NONE', 'SBX_NONE', 'UC_MPOLY', 'SBX_NONE', 'TPC_NONE', 'UC_NONE', 'UC_NONE', 'SPC_NONE', 'SPC_NONE', 'TPC_NONE', 'TPC_NONE', 'UC_NONE', 'SPC_NONE', 'SPC_NONE', 'TPC_NONE', 'UC_NONE', 'TPC_NONE', 'SPC_NONE', 'TPC_NONE', 'SPC_NONE', 'TPC_NONE', 'SPC_NONE', 'SPC_NONE', 'UC_NONE', 'UC_NONE', 'TPC_NONE', 'SPC_NONE', 'UC_NONE', 'UC_NONE', 'TPC_NONE', 'UC_NONE', 'TPC_NONE', 'UC_NONE', 'TPC_NONE', 'TPC_NONE', 'UC_NONE', 'UC_NONE', 'SPC_NONE', 'TPC_NONE', 'SPC_NONE', 'UC_NONE', 'SPC_NONE', 'TPC_NONE', 'UC_NONE', 'UC_NONE', 'UC_NONE', 'SPC_NONE', 'TPC_NONE', 'SPC_NONE', 'TPC_NONE']","{'UC_MNUF': 1, 'SPC_MNUF': 1, 'UC_NONE': 26, 'SPC_MPOLY': 2, 'UC_MPOLY': 3, 'SPC_NONE': 21, 'SBX_MPOLY': 2, 'TPC_NONE': 21, 'SBX_NONE': 4}"
17,82,SPC,NONE,0.678925691641613,0.0404804467986431,667215778.56,1021617817.982342,1651760.8,1407614.8970951394,0.7393147221083917,-4.924360293634411e-05,0.01,0.0,GREEDY_HV,"['SPC_MBFLIP', 'UC_MNUF', 'SPC_MNUF', 'UC_NONE', 'SPC_MPOLY', 'UC_MPOLY', 'UC_NONE', 'SPC_NONE', 'SPC_NONE', 'SBX_MPOLY', 'SPC_MPOLY', 'TPC_NONE', 'SPC_NONE', 'SPC_NONE', 'UC_NONE', 'UC_NONE', 'UC_NONE', 'UC_NONE', 'UC_NONE', 'UC_NONE', 'SBX_NONE', 'SPC_NONE', 'SPC_NONE', 'SPC_NONE', 'TPC_NONE', 'SBX_MPOLY', 'UC_NONE', 'TPC_NONE', 'UC_NONE', 'UC_MPOLY', 'TPC_NONE', 'SBX_NONE', 'TPC_NONE', 'SBX_NONE', 'UC_MPOLY', 'SBX_NONE', 'TPC_NONE', 'UC_NONE', 'UC_NONE', 'SPC_NONE', 'SPC_NONE', 'TPC_NONE', 'TPC_NONE', 'UC_NONE', 'SPC_NONE', 'SPC_NONE', 'TPC_NONE', 'UC_NONE', 'TPC_NONE', 'SPC_NONE', 'TPC_NONE', 'SPC_NONE', 'TPC_NONE', 'SPC_NONE', 'SPC_NONE', 'UC_NONE', 'UC_NONE', 'TPC_NONE', 'SPC_NONE', 'UC_NONE', 'UC_NONE', 'TPC_NONE', 'UC_NONE', 'TPC_NONE', 'UC_NONE', 'TPC_NONE', 'TPC_NONE', 'UC_NONE', 'UC_NONE', 'SPC_NONE', 'TPC_NONE', 'SPC_NONE', 'UC_NONE', 'SPC_NONE', 'TPC_NONE', 'UC_NONE', 'UC_NONE', 'UC_NONE', 'SPC_NONE', 'TPC_NONE', 'SPC_NONE', 'TPC_NONE', 'SPC_NONE']","{'UC_MNUF': 1, 'SPC_MNUF': 1, 'UC_NONE': 26, 'SPC_MPOLY': 2, 'UC_MPOLY': 3, 'SPC_NONE': 22, 'SBX_MPOLY': 2, 'TPC_NONE': 21, 'SBX_NONE': 4}"
17,83,SPC,NONE,0.6794802899158557,0.0405534827077835,674208843.52,1023667606.4923033,1692135.84,1412525.1877957485,0.7393195281417838,4.806033392146247e-06,0.0,0.0,GREEDY_HV,"['SPC_MBFLIP', 'UC_MNUF', 'SPC_MNUF', 'UC_NONE', 'SPC_MPOLY', 'UC_MPOLY', 'UC_NONE', 'SPC_NONE', 'SPC_NONE', 'SBX_MPOLY', 'SPC_MPOLY', 'TPC_NONE', 'SPC_NONE', 'SPC_NONE', 'UC_NONE', 'UC_NONE', 'UC_NONE', 'UC_NONE', 'UC_NONE', 'UC_NONE', 'SBX_NONE', 'SPC_NONE', 'SPC_NONE', 'SPC_NONE', 'TPC_NONE', 'SBX_MPOLY', 'UC_NONE', 'TPC_NONE', 'UC_NONE', 'UC_MPOLY', 'TPC_NONE', 'SBX_NONE', 'TPC_NONE', 'SBX_NONE', 'UC_MPOLY', 'SBX_NONE', 'TPC_NONE', 'UC_NONE', 'UC_NONE', 'SPC_NONE', 'SPC_NONE', 'TPC_NONE', 'TPC_NONE', 'UC_NONE', 'SPC_NONE', 'SPC_NONE', 'TPC_NONE', 'UC_NONE', 'TPC_NONE', 'SPC_NONE', 'TPC_NONE', 'SPC_NONE', 'TPC_NONE', 'SPC_NONE', 'SPC_NONE', 'UC_NONE', 'UC_NONE', 'TPC_NONE', 'SPC_NONE', 'UC_NONE', 'UC_NONE', 'TPC_NONE', 'UC_NONE', 'TPC_NONE', 'UC_NONE', 'TPC_NONE', 'TPC_NONE', 'UC_NONE', 'UC_NONE', 'SPC_NONE', 'TPC_NONE', 'SPC_NONE', 'UC_NONE', 'SPC_NONE', 'TPC_NONE', 'UC_NONE', 'UC_NONE', 'UC_NONE', 'SPC_NONE', 'TPC_NONE', 'SPC_NONE', 'TPC_NONE', 'SPC_NONE', 'SPC_NONE']","{'UC_MNUF': 1, 'SPC_MNUF': 1, 'UC_NONE': 26, 'SPC_MPOLY': 2, 'UC_MPOLY': 3, 'SPC_NONE': 23, 'SBX_MPOLY': 2, 'TPC_NONE': 21, 'SBX_NONE': 4}"
17,84,TPC,NONE,0.67796025977617,0.0401100864314316,638175543.04,1025665739.9722248,1614478.24,1399044.8196138754,0.7393532588133542,3.373067157041998e-05,0.0,0.0,GREEDY_HV,"['SPC_MBFLIP', 'UC_MNUF', 'SPC_MNUF', 'UC_NONE', 'SPC_MPOLY', 'UC_MPOLY', 'UC_NONE', 'SPC_NONE', 'SPC_NONE', 'SBX_MPOLY', 'SPC_MPOLY', 'TPC_NONE', 'SPC_NONE', 'SPC_NONE', 'UC_NONE', 'UC_NONE', 'UC_NONE', 'UC_NONE', 'UC_NONE', 'UC_NONE', 'SBX_NONE', 'SPC_NONE', 'SPC_NONE', 'SPC_NONE', 'TPC_NONE', 'SBX_MPOLY', 'UC_NONE', 'TPC_NONE', 'UC_NONE', 'UC_MPOLY', 'TPC_NONE', 'SBX_NONE', 'TPC_NONE', 'SBX_NONE', 'UC_MPOLY', 'SBX_NONE', 'TPC_NONE', 'UC_NONE', 'UC_NONE', 'SPC_NONE', 'SPC_NONE', 'TPC_NONE', 'TPC_NONE', 'UC_NONE', 'SPC_NONE', 'SPC_NONE', 'TPC_NONE', 'UC_NONE', 'TPC_NONE', 'SPC_NONE', 'TPC_NONE', 'SPC_NONE', 'TPC_NONE', 'SPC_NONE', 'SPC_NONE', 'UC_NONE', 'UC_NONE', 'TPC_NONE', 'SPC_NONE', 'UC_NONE', 'UC_NONE', 'TPC_NONE', 'UC_NONE', 'TPC_NONE', 'UC_NONE', 'TPC_NONE', 'TPC_NONE', 'UC_NONE', 'UC_NONE', 'SPC_NONE', 'TPC_NONE', 'SPC_NONE', 'UC_NONE', 'SPC_NONE', 'TPC_NONE', 'UC_NONE', 'UC_NONE', 'UC_NONE', 'SPC_NONE', 'TPC_NONE', 'SPC_NONE', 'TPC_NONE', 'SPC_NONE', 'SPC_NONE', 'TPC_NONE']","{'UC_MNUF': 1, 'SPC_MNUF': 1, 'UC_NONE': 26, 'SPC_MPOLY': 2, 'UC_MPOLY': 3, 'SPC_NONE': 23, 'SBX_MPOLY': 2, 'TPC_NONE': 22, 'SBX_NONE': 4}"
17,85,SPC,NONE,0.6778344361967337,0.0402519738033748,637736072.96,1023580079.6159751,1613897.12,1416660.7982189197,0.7393268472268332,-2.6411586521057903e-05,0.0,0.0,GREEDY_HV,"['SPC_MBFLIP', 'UC_MNUF', 'SPC_MNUF', 'UC_NONE', 'SPC_MPOLY', 'UC_MPOLY', 'UC_NONE', 'SPC_NONE', 'SPC_NONE', 'SBX_MPOLY', 'SPC_MPOLY', 'TPC_NONE', 'SPC_NONE', 'SPC_NONE', 'UC_NONE', 'UC_NONE', 'UC_NONE', 'UC_NONE', 'UC_NONE', 'UC_NONE', 'SBX_NONE', 'SPC_NONE', 'SPC_NONE', 'SPC_NONE', 'TPC_NONE', 'SBX_MPOLY', 'UC_NONE', 'TPC_NONE', 'UC_NONE', 'UC_MPOLY', 'TPC_NONE', 'SBX_NONE', 'TPC_NONE', 'SBX_NONE', 'UC_MPOLY', 'SBX_NONE', 'TPC_NONE', 'UC_NONE', 'UC_NONE', 'SPC_NONE', 'SPC_NONE', 'TPC_NONE', 'TPC_NONE', 'UC_NONE', 'SPC_NONE', 'SPC_NONE', 'TPC_NONE', 'UC_NONE', 'TPC_NONE', 'SPC_NONE', 'TPC_NONE', 'SPC_NONE', 'TPC_NONE', 'SPC_NONE', 'SPC_NONE', 'UC_NONE', 'UC_NONE', 'TPC_NONE', 'SPC_NONE', 'UC_NONE', 'UC_NONE', 'TPC_NONE', 'UC_NONE', 'TPC_NONE', 'UC_NONE', 'TPC_NONE', 'TPC_NONE', 'UC_NONE', 'UC_NONE', 'SPC_NONE', 'TPC_NONE', 'SPC_NONE', 'UC_NONE', 'SPC_NONE', 'TPC_NONE', 'UC_NONE', 'UC_NONE', 'UC_NONE', 'SPC_NONE', 'TPC_NONE', 'SPC_NONE', 'TPC_NONE', 'SPC_NONE', 'SPC_NONE', 'TPC_NONE', 'SPC_NONE']","{'UC_MNUF': 1, 'SPC_MNUF': 1, 'UC_NONE': 26, 'SPC_MPOLY': 2, 'UC_MPOLY': 3, 'SPC_NONE': 24, 'SBX_MPOLY': 2, 'TPC_NONE': 22, 'SBX_NONE': 4}"
17,86,TPC,NONE,0.6780215931031452,0.0412766144946951,658739708.16,1024757439.0014962,1678434.72,1429841.3251851832,0.7393247822237625,-2.065003070650384e-06,0.0,0.0,GREEDY_HV,"['SPC_MBFLIP', 'UC_MNUF', 'SPC_MNUF', 'UC_NONE', 'SPC_MPOLY', 'UC_MPOLY', 'UC_NONE', 'SPC_NONE', 'SPC_NONE', 'SBX_MPOLY', 'SPC_MPOLY', 'TPC_NONE', 'SPC_NONE', 'SPC_NONE', 'UC_NONE', 'UC_NONE', 'UC_NONE', 'UC_NONE', 'UC_NONE', 'UC_NONE', 'SBX_NONE', 'SPC_NONE', 'SPC_NONE', 'SPC_NONE', 'TPC_NONE', 'SBX_MPOLY', 'UC_NONE', 'TPC_NONE', 'UC_NONE', 'UC_MPOLY', 'TPC_NONE', 'SBX_NONE', 'TPC_NONE', 'SBX_NONE', 'UC_MPOLY', 'SBX_NONE', 'TPC_NONE', 'UC_NONE', 'UC_NONE', 'SPC_NONE', 'SPC_NONE', 'TPC_NONE', 'TPC_NONE', 'UC_NONE', 'SPC_NONE', 'SPC_NONE', 'TPC_NONE', 'UC_NONE', 'TPC_NONE', 'SPC_NONE', 'TPC_NONE', 'SPC_NONE', 'TPC_NONE', 'SPC_NONE', 'SPC_NONE', 'UC_NONE', 'UC_NONE', 'TPC_NONE', 'SPC_NONE', 'UC_NONE', 'UC_NONE', 'TPC_NONE', 'UC_NONE', 'TPC_NONE', 'UC_NONE', 'TPC_NONE', 'TPC_NONE', 'UC_NONE', 'UC_NONE', 'SPC_NONE', 'TPC_NONE', 'SPC_NONE', 'UC_NONE', 'SPC_NONE', 'TPC_NONE', 'UC_NONE', 'UC_NONE', 'UC_NONE', 'SPC_NONE', 'TPC_NONE', 'SPC_NONE', 'TPC_NONE', 'SPC_NONE', 'SPC_NONE', 'TPC_NONE', 'SPC_NONE', 'TPC_NONE']","{'UC_MNUF': 1, 'SPC_MNUF': 1, 'UC_NONE': 26, 'SPC_MPOLY': 2, 'UC_MPOLY': 3, 'SPC_NONE': 24, 'SBX_MPOLY': 2, 'TPC_NONE': 23, 'SBX_NONE': 4}"
17,87,UC,NONE,0.6789447955083483,0.0404719310797774,656200190.72,1023026818.8484983,1675096.48,1426179.7964661012,0.7393028218525122,-2.196037125035133e-05,0.0,0.0,GREEDY_HV,"['SPC_MBFLIP', 'UC_MNUF', 'SPC_MNUF', 'UC_NONE', 'SPC_MPOLY', 'UC_MPOLY', 'UC_NONE', 'SPC_NONE', 'SPC_NONE', 'SBX_MPOLY', 'SPC_MPOLY', 'TPC_NONE', 'SPC_NONE', 'SPC_NONE', 'UC_NONE', 'UC_NONE', 'UC_NONE', 'UC_NONE', 'UC_NONE', 'UC_NONE', 'SBX_NONE', 'SPC_NONE', 'SPC_NONE', 'SPC_NONE', 'TPC_NONE', 'SBX_MPOLY', 'UC_NONE', 'TPC_NONE', 'UC_NONE', 'UC_MPOLY', 'TPC_NONE', 'SBX_NONE', 'TPC_NONE', 'SBX_NONE', 'UC_MPOLY', 'SBX_NONE', 'TPC_NONE', 'UC_NONE', 'UC_NONE', 'SPC_NONE', 'SPC_NONE', 'TPC_NONE', 'TPC_NONE', 'UC_NONE', 'SPC_NONE', 'SPC_NONE', 'TPC_NONE', 'UC_NONE', 'TPC_NONE', 'SPC_NONE', 'TPC_NONE', 'SPC_NONE', 'TPC_NONE', 'SPC_NONE', 'SPC_NONE', 'UC_NONE', 'UC_NONE', 'TPC_NONE', 'SPC_NONE', 'UC_NONE', 'UC_NONE', 'TPC_NONE', 'UC_NONE', 'TPC_NONE', 'UC_NONE', 'TPC_NONE', 'TPC_NONE', 'UC_NONE', 'UC_NONE', 'SPC_NONE', 'TPC_NONE', 'SPC_NONE', 'UC_NONE', 'SPC_NONE', 'TPC_NONE', 'UC_NONE', 'UC_NONE', 'UC_NONE', 'SPC_NONE', 'TPC_NONE', 'SPC_NONE', 'TPC_NONE', 'SPC_NONE', 'SPC_NONE', 'TPC_NONE', 'SPC_NONE', 'TPC_NONE', 'UC_NONE']","{'UC_MNUF': 1, 'SPC_MNUF': 1, 'UC_NONE': 27, 'SPC_MPOLY': 2, 'UC_MPOLY': 3, 'SPC_NONE': 24, 'SBX_MPOLY': 2, 'TPC_NONE': 23, 'SBX_NONE': 4}"
17,88,SPC,NONE,0.6775004974127521,0.0411478362790351,643790429.44,1025046359.7933608,1644051.36,1422644.6395334257,0.7393356850017473,3.286314923511835e-05,0.0,0.0,GREEDY_HV,"['SPC_MBFLIP', 'UC_MNUF', 'SPC_MNUF', 'UC_NONE', 'SPC_MPOLY', 'UC_MPOLY', 'UC_NONE', 'SPC_NONE', 'SPC_NONE', 'SBX_MPOLY', 'SPC_MPOLY', 'TPC_NONE', 'SPC_NONE', 'SPC_NONE', 'UC_NONE', 'UC_NONE', 'UC_NONE', 'UC_NONE', 'UC_NONE', 'UC_NONE', 'SBX_NONE', 'SPC_NONE', 'SPC_NONE', 'SPC_NONE', 'TPC_NONE', 'SBX_MPOLY', 'UC_NONE', 'TPC_NONE', 'UC_NONE', 'UC_MPOLY', 'TPC_NONE', 'SBX_NONE', 'TPC_NONE', 'SBX_NONE', 'UC_MPOLY', 'SBX_NONE', 'TPC_NONE', 'UC_NONE', 'UC_NONE', 'SPC_NONE', 'SPC_NONE', 'TPC_NONE', 'TPC_NONE', 'UC_NONE', 'SPC_NONE', 'SPC_NONE', 'TPC_NONE', 'UC_NONE', 'TPC_NONE', 'SPC_NONE', 'TPC_NONE', 'SPC_NONE', 'TPC_NONE', 'SPC_NONE', 'SPC_NONE', 'UC_NONE', 'UC_NONE', 'TPC_NONE', 'SPC_NONE', 'UC_NONE', 'UC_NONE', 'TPC_NONE', 'UC_NONE', 'TPC_NONE', 'UC_NONE', 'TPC_NONE', 'TPC_NONE', 'UC_NONE', 'UC_NONE', 'SPC_NONE', 'TPC_NONE', 'SPC_NONE', 'UC_NONE', 'SPC_NONE', 'TPC_NONE', 'UC_NONE', 'UC_NONE', 'UC_NONE', 'SPC_NONE', 'TPC_NONE', 'SPC_NONE', 'TPC_NONE', 'SPC_NONE', 'SPC_NONE', 'TPC_NONE', 'SPC_NONE', 'TPC_NONE', 'UC_NONE', 'SPC_NONE']","{'UC_MNUF': 1, 'SPC_MNUF': 1, 'UC_NONE': 27, 'SPC_MPOLY': 2, 'UC_MPOLY': 3, 'SPC_NONE': 25, 'SBX_MPOLY': 2, 'TPC_NONE': 23, 'SBX_NONE': 4}"
17,89,UC,NONE,0.6780515958716978,0.0411893563739344,652810671.36,1021620299.1977632,1645053.6,1401236.9873645213,0.739341576034028,5.891032280658237e-06,0.0,0.0,GREEDY_HV,"['SPC_MBFLIP', 'UC_MNUF', 'SPC_MNUF', 'UC_NONE', 'SPC_MPOLY', 'UC_MPOLY', 'UC_NONE', 'SPC_NONE', 'SPC_NONE', 'SBX_MPOLY', 'SPC_MPOLY', 'TPC_NONE', 'SPC_NONE', 'SPC_NONE', 'UC_NONE', 'UC_NONE', 'UC_NONE', 'UC_NONE', 'UC_NONE', 'UC_NONE', 'SBX_NONE', 'SPC_NONE', 'SPC_NONE', 'SPC_NONE', 'TPC_NONE', 'SBX_MPOLY', 'UC_NONE', 'TPC_NONE', 'UC_NONE', 'UC_MPOLY', 'TPC_NONE', 'SBX_NONE', 'TPC_NONE', 'SBX_NONE', 'UC_MPOLY', 'SBX_NONE', 'TPC_NONE', 'UC_NONE', 'UC_NONE', 'SPC_NONE', 'SPC_NONE', 'TPC_NONE', 'TPC_NONE', 'UC_NONE', 'SPC_NONE', 'SPC_NONE', 'TPC_NONE', 'UC_NONE', 'TPC_NONE', 'SPC_NONE', 'TPC_NONE', 'SPC_NONE', 'TPC_NONE', 'SPC_NONE', 'SPC_NONE', 'UC_NONE', 'UC_NONE', 'TPC_NONE', 'SPC_NONE', 'UC_NONE', 'UC_NONE', 'TPC_NONE', 'UC_NONE', 'TPC_NONE', 'UC_NONE', 'TPC_NONE', 'TPC_NONE', 'UC_NONE', 'UC_NONE', 'SPC_NONE', 'TPC_NONE', 'SPC_NONE', 'UC_NONE', 'SPC_NONE', 'TPC_NONE', 'UC_NONE', 'UC_NONE', 'UC_NONE', 'SPC_NONE', 'TPC_NONE', 'SPC_NONE', 'TPC_NONE', 'SPC_NONE', 'SPC_NONE', 'TPC_NONE', 'SPC_NONE', 'TPC_NONE', 'UC_NONE', 'SPC_NONE', 'UC_NONE']","{'UC_MNUF': 1, 'SPC_MNUF': 1, 'UC_NONE': 28, 'SPC_MPOLY': 2, 'UC_MPOLY': 3, 'SPC_NONE': 25, 'SBX_MPOLY': 2, 'TPC_NONE': 23, 'SBX_NONE': 4}"
17,90,TPC,MNUF,0.6780710157249797,0.0403240742870632,646674497.28,1023404128.513707,1634254.24,1412328.1804834253,0.7393627241736904,2.114813966247464e-05,0.0,0.0,GREEDY_HV,"['SPC_MBFLIP', 'UC_MNUF', 'SPC_MNUF', 'UC_NONE', 'SPC_MPOLY', 'UC_MPOLY', 'UC_NONE', 'SPC_NONE', 'SPC_NONE', 'SBX_MPOLY', 'SPC_MPOLY', 'TPC_NONE', 'SPC_NONE', 'SPC_NONE', 'UC_NONE', 'UC_NONE', 'UC_NONE', 'UC_NONE', 'UC_NONE', 'UC_NONE', 'SBX_NONE', 'SPC_NONE', 'SPC_NONE', 'SPC_NONE', 'TPC_NONE', 'SBX_MPOLY', 'UC_NONE', 'TPC_NONE', 'UC_NONE', 'UC_MPOLY', 'TPC_NONE', 'SBX_NONE', 'TPC_NONE', 'SBX_NONE', 'UC_MPOLY', 'SBX_NONE', 'TPC_NONE', 'UC_NONE', 'UC_NONE', 'SPC_NONE', 'SPC_NONE', 'TPC_NONE', 'TPC_NONE', 'UC_NONE', 'SPC_NONE', 'SPC_NONE', 'TPC_NONE', 'UC_NONE', 'TPC_NONE', 'SPC_NONE', 'TPC_NONE', 'SPC_NONE', 'TPC_NONE', 'SPC_NONE', 'SPC_NONE', 'UC_NONE', 'UC_NONE', 'TPC_NONE', 'SPC_NONE', 'UC_NONE', 'UC_NONE', 'TPC_NONE', 'UC_NONE', 'TPC_NONE', 'UC_NONE', 'TPC_NONE', 'TPC_NONE', 'UC_NONE', 'UC_NONE', 'SPC_NONE', 'TPC_NONE', 'SPC_NONE', 'UC_NONE', 'SPC_NONE', 'TPC_NONE', 'UC_NONE', 'UC_NONE', 'UC_NONE', 'SPC_NONE', 'TPC_NONE', 'SPC_NONE', 'TPC_NONE', 'SPC_NONE', 'SPC_NONE', 'TPC_NONE', 'SPC_NONE', 'TPC_NONE', 'UC_NONE', 'SPC_NONE', 'UC_NONE', 'TPC_MNUF']","{'UC_MNUF': 1, 'SPC_MNUF': 1, 'UC_NONE': 28, 'SPC_MPOLY': 2, 'UC_MPOLY': 3, 'SPC_NONE': 25, 'SBX_MPOLY': 2, 'TPC_NONE': 23, 'SBX_NONE': 4, 'TPC_MNUF': 1}"
17,91,UC,MNUF,0.67795773822977,0.0404072262022568,654483792.64,1023751697.0076067,1625418.4,1417949.3289424411,0.7393672363204509,4.512146760449198e-06,0.0,0.0,GREEDY_HV,"['SPC_MBFLIP', 'UC_MNUF', 'SPC_MNUF', 'UC_NONE', 'SPC_MPOLY', 'UC_MPOLY', 'UC_NONE', 'SPC_NONE', 'SPC_NONE', 'SBX_MPOLY', 'SPC_MPOLY', 'TPC_NONE', 'SPC_NONE', 'SPC_NONE', 'UC_NONE', 'UC_NONE', 'UC_NONE', 'UC_NONE', 'UC_NONE', 'UC_NONE', 'SBX_NONE', 'SPC_NONE', 'SPC_NONE', 'SPC_NONE', 'TPC_NONE', 'SBX_MPOLY', 'UC_NONE', 'TPC_NONE', 'UC_NONE', 'UC_MPOLY', 'TPC_NONE', 'SBX_NONE', 'TPC_NONE', 'SBX_NONE', 'UC_MPOLY', 'SBX_NONE', 'TPC_NONE', 'UC_NONE', 'UC_NONE', 'SPC_NONE', 'SPC_NONE', 'TPC_NONE', 'TPC_NONE', 'UC_NONE', 'SPC_NONE', 'SPC_NONE', 'TPC_NONE', 'UC_NONE', 'TPC_NONE', 'SPC_NONE', 'TPC_NONE', 'SPC_NONE', 'TPC_NONE', 'SPC_NONE', 'SPC_NONE', 'UC_NONE', 'UC_NONE', 'TPC_NONE', 'SPC_NONE', 'UC_NONE', 'UC_NONE', 'TPC_NONE', 'UC_NONE', 'TPC_NONE', 'UC_NONE', 'TPC_NONE', 'TPC_NONE', 'UC_NONE', 'UC_NONE', 'SPC_NONE', 'TPC_NONE', 'SPC_NONE', 'UC_NONE', 'SPC_NONE', 'TPC_NONE', 'UC_NONE', 'UC_NONE', 'UC_NONE', 'SPC_NONE', 'TPC_NONE', 'SPC_NONE', 'TPC_NONE', 'SPC_NONE', 'SPC_NONE', 'TPC_NONE', 'SPC_NONE', 'TPC_NONE', 'UC_NONE', 'SPC_NONE', 'UC_NONE', 'TPC_MNUF', 'UC_MNUF']","{'UC_MNUF': 2, 'SPC_MNUF': 1, 'UC_NONE': 28, 'SPC_MPOLY': 2, 'UC_MPOLY': 3, 'SPC_NONE': 25, 'SBX_MPOLY': 2, 'TPC_NONE': 23, 'SBX_NONE': 4, 'TPC_MNUF': 1}"
17,92,TPC,NONE,0.6784141017918515,0.0413752123776752,670155009.28,1022077143.9827516,1646370.72,1401455.9072008373,0.7394244006647916,5.716434434077655e-05,0.01,0.0,GREEDY_HV,"['SPC_MBFLIP', 'UC_MNUF', 'SPC_MNUF', 'UC_NONE', 'SPC_MPOLY', 'UC_MPOLY', 'UC_NONE', 'SPC_NONE', 'SPC_NONE', 'SBX_MPOLY', 'SPC_MPOLY', 'TPC_NONE', 'SPC_NONE', 'SPC_NONE', 'UC_NONE', 'UC_NONE', 'UC_NONE', 'UC_NONE', 'UC_NONE', 'UC_NONE', 'SBX_NONE', 'SPC_NONE', 'SPC_NONE', 'SPC_NONE', 'TPC_NONE', 'SBX_MPOLY', 'UC_NONE', 'TPC_NONE', 'UC_NONE', 'UC_MPOLY', 'TPC_NONE', 'SBX_NONE', 'TPC_NONE', 'SBX_NONE', 'UC_MPOLY', 'SBX_NONE', 'TPC_NONE', 'UC_NONE', 'UC_NONE', 'SPC_NONE', 'SPC_NONE', 'TPC_NONE', 'TPC_NONE', 'UC_NONE', 'SPC_NONE', 'SPC_NONE', 'TPC_NONE', 'UC_NONE', 'TPC_NONE', 'SPC_NONE', 'TPC_NONE', 'SPC_NONE', 'TPC_NONE', 'SPC_NONE', 'SPC_NONE', 'UC_NONE', 'UC_NONE', 'TPC_NONE', 'SPC_NONE', 'UC_NONE', 'UC_NONE', 'TPC_NONE', 'UC_NONE', 'TPC_NONE', 'UC_NONE', 'TPC_NONE', 'TPC_NONE', 'UC_NONE', 'UC_NONE', 'SPC_NONE', 'TPC_NONE', 'SPC_NONE', 'UC_NONE', 'SPC_NONE', 'TPC_NONE', 'UC_NONE', 'UC_NONE', 'UC_NONE', 'SPC_NONE', 'TPC_NONE', 'SPC_NONE', 'TPC_NONE', 'SPC_NONE', 'SPC_NONE', 'TPC_NONE', 'SPC_NONE', 'TPC_NONE', 'UC_NONE', 'SPC_NONE', 'UC_NONE', 'TPC_MNUF', 'UC_MNUF', 'TPC_NONE']","{'UC_MNUF': 2, 'SPC_MNUF': 1, 'UC_NONE': 28, 'SPC_MPOLY': 2, 'UC_MPOLY': 3, 'SPC_NONE': 25, 'SBX_MPOLY': 2, 'TPC_NONE': 24, 'SBX_NONE': 4, 'TPC_MNUF': 1}"
17,93,UC,NONE,0.6789446361596672,0.0406000606898723,656017852.16,1021304847.16247,1700030.88,1437872.823233886,0.7394353569517704,1.0956286978780485e-05,0.0,0.0,GREEDY_HV,"['SPC_MBFLIP', 'UC_MNUF', 'SPC_MNUF', 'UC_NONE', 'SPC_MPOLY', 'UC_MPOLY', 'UC_NONE', 'SPC_NONE', 'SPC_NONE', 'SBX_MPOLY', 'SPC_MPOLY', 'TPC_NONE', 'SPC_NONE', 'SPC_NONE', 'UC_NONE', 'UC_NONE', 'UC_NONE', 'UC_NONE', 'UC_NONE', 'UC_NONE', 'SBX_NONE', 'SPC_NONE', 'SPC_NONE', 'SPC_NONE', 'TPC_NONE', 'SBX_MPOLY', 'UC_NONE', 'TPC_NONE', 'UC_NONE', 'UC_MPOLY', 'TPC_NONE', 'SBX_NONE', 'TPC_NONE', 'SBX_NONE', 'UC_MPOLY', 'SBX_NONE', 'TPC_NONE', 'UC_NONE', 'UC_NONE', 'SPC_NONE', 'SPC_NONE', 'TPC_NONE', 'TPC_NONE', 'UC_NONE', 'SPC_NONE', 'SPC_NONE', 'TPC_NONE', 'UC_NONE', 'TPC_NONE', 'SPC_NONE', 'TPC_NONE', 'SPC_NONE', 'TPC_NONE', 'SPC_NONE', 'SPC_NONE', 'UC_NONE', 'UC_NONE', 'TPC_NONE', 'SPC_NONE', 'UC_NONE', 'UC_NONE', 'TPC_NONE', 'UC_NONE', 'TPC_NONE', 'UC_NONE', 'TPC_NONE', 'TPC_NONE', 'UC_NONE', 'UC_NONE', 'SPC_NONE', 'TPC_NONE', 'SPC_NONE', 'UC_NONE', 'SPC_NONE', 'TPC_NONE', 'UC_NONE', 'UC_NONE', 'UC_NONE', 'SPC_NONE', 'TPC_NONE', 'SPC_NONE', 'TPC_NONE', 'SPC_NONE', 'SPC_NONE', 'TPC_NONE', 'SPC_NONE', 'TPC_NONE', 'UC_NONE', 'SPC_NONE', 'UC_NONE', 'TPC_MNUF', 'UC_MNUF', 'TPC_NONE', 'UC_NONE']","{'UC_MNUF': 2, 'SPC_MNUF': 1, 'UC_NONE': 29, 'SPC_MPOLY': 2, 'UC_MPOLY': 3, 'SPC_NONE': 25, 'SBX_MPOLY': 2, 'TPC_NONE': 24, 'SBX_NONE': 4, 'TPC_MNUF': 1}"
17,94,UC,NONE,0.6780138757457271,0.0405246852804979,640144469.76,1022654038.0852813,1632226.72,1428075.7090961118,0.7394634658589119,2.810890714144421e-05,0.0,0.0,GREEDY_HV,"['SPC_MBFLIP', 'UC_MNUF', 'SPC_MNUF', 'UC_NONE', 'SPC_MPOLY', 'UC_MPOLY', 'UC_NONE', 'SPC_NONE', 'SPC_NONE', 'SBX_MPOLY', 'SPC_MPOLY', 'TPC_NONE', 'SPC_NONE', 'SPC_NONE', 'UC_NONE', 'UC_NONE', 'UC_NONE', 'UC_NONE', 'UC_NONE', 'UC_NONE', 'SBX_NONE', 'SPC_NONE', 'SPC_NONE', 'SPC_NONE', 'TPC_NONE', 'SBX_MPOLY', 'UC_NONE', 'TPC_NONE', 'UC_NONE', 'UC_MPOLY', 'TPC_NONE', 'SBX_NONE', 'TPC_NONE', 'SBX_NONE', 'UC_MPOLY', 'SBX_NONE', 'TPC_NONE', 'UC_NONE', 'UC_NONE', 'SPC_NONE', 'SPC_NONE', 'TPC_NONE', 'TPC_NONE', 'UC_NONE', 'SPC_NONE', 'SPC_NONE', 'TPC_NONE', 'UC_NONE', 'TPC_NONE', 'SPC_NONE', 'TPC_NONE', 'SPC_NONE', 'TPC_NONE', 'SPC_NONE', 'SPC_NONE', 'UC_NONE', 'UC_NONE', 'TPC_NONE', 'SPC_NONE', 'UC_NONE', 'UC_NONE', 'TPC_NONE', 'UC_NONE', 'TPC_NONE', 'UC_NONE', 'TPC_NONE', 'TPC_NONE', 'UC_NONE', 'UC_NONE', 'SPC_NONE', 'TPC_NONE', 'SPC_NONE', 'UC_NONE', 'SPC_NONE', 'TPC_NONE', 'UC_NONE', 'UC_NONE', 'UC_NONE', 'SPC_NONE', 'TPC_NONE', 'SPC_NONE', 'TPC_NONE', 'SPC_NONE', 'SPC_NONE', 'TPC_NONE', 'SPC_NONE', 'TPC_NONE', 'UC_NONE', 'SPC_NONE', 'UC_NONE', 'TPC_MNUF', 'UC_MNUF', 'TPC_NONE', 'UC_NONE', 'UC_NONE']","{'UC_MNUF': 2, 'SPC_MNUF': 1, 'UC_NONE': 30, 'SPC_MPOLY': 2, 'UC_MPOLY': 3, 'SPC_NONE': 25, 'SBX_MPOLY': 2, 'TPC_NONE': 24, 'SBX_NONE': 4, 'TPC_MNUF': 1}"
17,95,TPC,MPOLY,0.6812149690585233,0.0388068866080448,653738536.96,1018234855.0973488,1698982.56,1412342.6338328552,0.7394607005224388,-2.7653364730317875e-06,0.0,0.01,GREEDY_HV,"['SPC_MBFLIP', 'UC_MNUF', 'SPC_MNUF', 'UC_NONE', 'SPC_MPOLY', 'UC_MPOLY', 'UC_NONE', 'SPC_NONE', 'SPC_NONE', 'SBX_MPOLY', 'SPC_MPOLY', 'TPC_NONE', 'SPC_NONE', 'SPC_NONE', 'UC_NONE', 'UC_NONE', 'UC_NONE', 'UC_NONE', 'UC_NONE', 'UC_NONE', 'SBX_NONE', 'SPC_NONE', 'SPC_NONE', 'SPC_NONE', 'TPC_NONE', 'SBX_MPOLY', 'UC_NONE', 'TPC_NONE', 'UC_NONE', 'UC_MPOLY', 'TPC_NONE', 'SBX_NONE', 'TPC_NONE', 'SBX_NONE', 'UC_MPOLY', 'SBX_NONE', 'TPC_NONE', 'UC_NONE', 'UC_NONE', 'SPC_NONE', 'SPC_NONE', 'TPC_NONE', 'TPC_NONE', 'UC_NONE', 'SPC_NONE', 'SPC_NONE', 'TPC_NONE', 'UC_NONE', 'TPC_NONE', 'SPC_NONE', 'TPC_NONE', 'SPC_NONE', 'TPC_NONE', 'SPC_NONE', 'SPC_NONE', 'UC_NONE', 'UC_NONE', 'TPC_NONE', 'SPC_NONE', 'UC_NONE', 'UC_NONE', 'TPC_NONE', 'UC_NONE', 'TPC_NONE', 'UC_NONE', 'TPC_NONE', 'TPC_NONE', 'UC_NONE', 'UC_NONE', 'SPC_NONE', 'TPC_NONE', 'SPC_NONE', 'UC_NONE', 'SPC_NONE', 'TPC_NONE', 'UC_NONE', 'UC_NONE', 'UC_NONE', 'SPC_NONE', 'TPC_NONE', 'SPC_NONE', 'TPC_NONE', 'SPC_NONE', 'SPC_NONE', 'TPC_NONE', 'SPC_NONE', 'TPC_NONE', 'UC_NONE', 'SPC_NONE', 'UC_NONE', 'TPC_MNUF', 'UC_MNUF', 'TPC_NONE', 'UC_NONE', 'UC_NONE', 'TPC_MPOLY']","{'UC_MNUF': 2, 'SPC_MNUF': 1, 'UC_NONE': 30, 'SPC_MPOLY': 2, 'UC_MPOLY': 3, 'SPC_NONE': 25, 'SBX_MPOLY': 2, 'TPC_NONE': 24, 'SBX_NONE': 4, 'TPC_MNUF': 1, 'TPC_MPOLY': 1}"
17,96,TPC,MNUF,0.6785963233386576,0.040515580564545,654081400.32,1022346645.4850736,1655472.8,1426348.750305787,0.7394518830104424,-8.817511996439542e-06,0.0,0.0,GREEDY_HV,"['SPC_MBFLIP', 'UC_MNUF', 'SPC_MNUF', 'UC_NONE', 'SPC_MPOLY', 'UC_MPOLY', 'UC_NONE', 'SPC_NONE', 'SPC_NONE', 'SBX_MPOLY', 'SPC_MPOLY', 'TPC_NONE', 'SPC_NONE', 'SPC_NONE', 'UC_NONE', 'UC_NONE', 'UC_NONE', 'UC_NONE', 'UC_NONE', 'UC_NONE', 'SBX_NONE', 'SPC_NONE', 'SPC_NONE', 'SPC_NONE', 'TPC_NONE', 'SBX_MPOLY', 'UC_NONE', 'TPC_NONE', 'UC_NONE', 'UC_MPOLY', 'TPC_NONE', 'SBX_NONE', 'TPC_NONE', 'SBX_NONE', 'UC_MPOLY', 'SBX_NONE', 'TPC_NONE', 'UC_NONE', 'UC_NONE', 'SPC_NONE', 'SPC_NONE', 'TPC_NONE', 'TPC_NONE', 'UC_NONE', 'SPC_NONE', 'SPC_NONE', 'TPC_NONE', 'UC_NONE', 'TPC_NONE', 'SPC_NONE', 'TPC_NONE', 'SPC_NONE', 'TPC_NONE', 'SPC_NONE', 'SPC_NONE', 'UC_NONE', 'UC_NONE', 'TPC_NONE', 'SPC_NONE', 'UC_NONE', 'UC_NONE', 'TPC_NONE', 'UC_NONE', 'TPC_NONE', 'UC_NONE', 'TPC_NONE', 'TPC_NONE', 'UC_NONE', 'UC_NONE', 'SPC_NONE', 'TPC_NONE', 'SPC_NONE', 'UC_NONE', 'SPC_NONE', 'TPC_NONE', 'UC_NONE', 'UC_NONE', 'UC_NONE', 'SPC_NONE', 'TPC_NONE', 'SPC_NONE', 'TPC_NONE', 'SPC_NONE', 'SPC_NONE', 'TPC_NONE', 'SPC_NONE', 'TPC_NONE', 'UC_NONE', 'SPC_NONE', 'UC_NONE', 'TPC_MNUF', 'UC_MNUF', 'TPC_NONE', 'UC_NONE', 'UC_NONE', 'TPC_MPOLY', 'TPC_MNUF']","{'UC_MNUF': 2, 'SPC_MNUF': 1, 'UC_NONE': 30, 'SPC_MPOLY': 2, 'UC_MPOLY': 3, 'SPC_NONE': 25, 'SBX_MPOLY': 2, 'TPC_NONE': 24, 'SBX_NONE': 4, 'TPC_MNUF': 2, 'TPC_MPOLY': 1}"
17,97,TPC,MNUF,0.6788678449762335,0.0401145313715853,660785497.6,1024286980.5624942,1628185.76,1398071.542678966,0.7394441743760062,-7.70863443622094e-06,0.0,0.0,GREEDY_HV,"['SPC_MBFLIP', 'UC_MNUF', 'SPC_MNUF', 'UC_NONE', 'SPC_MPOLY', 'UC_MPOLY', 'UC_NONE', 'SPC_NONE', 'SPC_NONE', 'SBX_MPOLY', 'SPC_MPOLY', 'TPC_NONE', 'SPC_NONE', 'SPC_NONE', 'UC_NONE', 'UC_NONE', 'UC_NONE', 'UC_NONE', 'UC_NONE', 'UC_NONE', 'SBX_NONE', 'SPC_NONE', 'SPC_NONE', 'SPC_NONE', 'TPC_NONE', 'SBX_MPOLY', 'UC_NONE', 'TPC_NONE', 'UC_NONE', 'UC_MPOLY', 'TPC_NONE', 'SBX_NONE', 'TPC_NONE', 'SBX_NONE', 'UC_MPOLY', 'SBX_NONE', 'TPC_NONE', 'UC_NONE', 'UC_NONE', 'SPC_NONE', 'SPC_NONE', 'TPC_NONE', 'TPC_NONE', 'UC_NONE', 'SPC_NONE', 'SPC_NONE', 'TPC_NONE', 'UC_NONE', 'TPC_NONE', 'SPC_NONE', 'TPC_NONE', 'SPC_NONE', 'TPC_NONE', 'SPC_NONE', 'SPC_NONE', 'UC_NONE', 'UC_NONE', 'TPC_NONE', 'SPC_NONE', 'UC_NONE', 'UC_NONE', 'TPC_NONE', 'UC_NONE', 'TPC_NONE', 'UC_NONE', 'TPC_NONE', 'TPC_NONE', 'UC_NONE', 'UC_NONE', 'SPC_NONE', 'TPC_NONE', 'SPC_NONE', 'UC_NONE', 'SPC_NONE', 'TPC_NONE', 'UC_NONE', 'UC_NONE', 'UC_NONE', 'SPC_NONE', 'TPC_NONE', 'SPC_NONE', 'TPC_NONE', 'SPC_NONE', 'SPC_NONE', 'TPC_NONE', 'SPC_NONE', 'TPC_NONE', 'UC_NONE', 'SPC_NONE', 'UC_NONE', 'TPC_MNUF', 'UC_MNUF', 'TPC_NONE', 'UC_NONE', 'UC_NONE', 'TPC_MPOLY', 'TPC_MNUF', 'TPC_MNUF']","{'UC_MNUF': 2, 'SPC_MNUF': 1, 'UC_NONE': 30, 'SPC_MPOLY': 2, 'UC_MPOLY': 3, 'SPC_NONE': 25, 'SBX_MPOLY': 2, 'TPC_NONE': 24, 'SBX_NONE': 4, 'TPC_MNUF': 3, 'TPC_MPOLY': 1}"
17,98,UC,MNUF,0.6781159515355338,0.0403786119981423,654809858.56,1023667391.2286196,1600646.56,1405197.957137316,0.7394206614422476,-2.3512933758573773e-05,0.0,0.0,GREEDY_HV,"['SPC_MBFLIP', 'UC_MNUF', 'SPC_MNUF', 'UC_NONE', 'SPC_MPOLY', 'UC_MPOLY', 'UC_NONE', 'SPC_NONE', 'SPC_NONE', 'SBX_MPOLY', 'SPC_MPOLY', 'TPC_NONE', 'SPC_NONE', 'SPC_NONE', 'UC_NONE', 'UC_NONE', 'UC_NONE', 'UC_NONE', 'UC_NONE', 'UC_NONE', 'SBX_NONE', 'SPC_NONE', 'SPC_NONE', 'SPC_NONE', 'TPC_NONE', 'SBX_MPOLY', 'UC_NONE', 'TPC_NONE', 'UC_NONE', 'UC_MPOLY', 'TPC_NONE', 'SBX_NONE', 'TPC_NONE', 'SBX_NONE', 'UC_MPOLY', 'SBX_NONE', 'TPC_NONE', 'UC_NONE', 'UC_NONE', 'SPC_NONE', 'SPC_NONE', 'TPC_NONE', 'TPC_NONE', 'UC_NONE', 'SPC_NONE', 'SPC_NONE', 'TPC_NONE', 'UC_NONE', 'TPC_NONE', 'SPC_NONE', 'TPC_NONE', 'SPC_NONE', 'TPC_NONE', 'SPC_NONE', 'SPC_NONE', 'UC_NONE', 'UC_NONE', 'TPC_NONE', 'SPC_NONE', 'UC_NONE', 'UC_NONE', 'TPC_NONE', 'UC_NONE', 'TPC_NONE', 'UC_NONE', 'TPC_NONE', 'TPC_NONE', 'UC_NONE', 'UC_NONE', 'SPC_NONE', 'TPC_NONE', 'SPC_NONE', 'UC_NONE', 'SPC_NONE', 'TPC_NONE', 'UC_NONE', 'UC_NONE', 'UC_NONE', 'SPC_NONE', 'TPC_NONE', 'SPC_NONE', 'TPC_NONE', 'SPC_NONE', 'SPC_NONE', 'TPC_NONE', 'SPC_NONE', 'TPC_NONE', 'UC_NONE', 'SPC_NONE', 'UC_NONE', 'TPC_MNUF', 'UC_MNUF', 'TPC_NONE', 'UC_NONE', 'UC_NONE', 'TPC_MPOLY', 'TPC_MNUF', 'TPC_MNUF', 'UC_MNUF']","{'UC_MNUF': 3, 'SPC_MNUF': 1, 'UC_NONE': 30, 'SPC_MPOLY': 2, 'UC_MPOLY': 3, 'SPC_NONE': 25, 'SBX_MPOLY': 2, 'TPC_NONE': 24, 'SBX_NONE': 4, 'TPC_MNUF': 3, 'TPC_MPOLY': 1}"
17,99,SPC,NONE,0.6787736771639453,0.0406212184732038,661125911.04,1020390145.7289696,1674304.16,1420466.3431884523,0.7394490120139714,2.835057172378974e-05,0.0,0.0,GREEDY_HV,"['SPC_MBFLIP', 'UC_MNUF', 'SPC_MNUF', 'UC_NONE', 'SPC_MPOLY', 'UC_MPOLY', 'UC_NONE', 'SPC_NONE', 'SPC_NONE', 'SBX_MPOLY', 'SPC_MPOLY', 'TPC_NONE', 'SPC_NONE', 'SPC_NONE', 'UC_NONE', 'UC_NONE', 'UC_NONE', 'UC_NONE', 'UC_NONE', 'UC_NONE', 'SBX_NONE', 'SPC_NONE', 'SPC_NONE', 'SPC_NONE', 'TPC_NONE', 'SBX_MPOLY', 'UC_NONE', 'TPC_NONE', 'UC_NONE', 'UC_MPOLY', 'TPC_NONE', 'SBX_NONE', 'TPC_NONE', 'SBX_NONE', 'UC_MPOLY', 'SBX_NONE', 'TPC_NONE', 'UC_NONE', 'UC_NONE', 'SPC_NONE', 'SPC_NONE', 'TPC_NONE', 'TPC_NONE', 'UC_NONE', 'SPC_NONE', 'SPC_NONE', 'TPC_NONE', 'UC_NONE', 'TPC_NONE', 'SPC_NONE', 'TPC_NONE', 'SPC_NONE', 'TPC_NONE', 'SPC_NONE', 'SPC_NONE', 'UC_NONE', 'UC_NONE', 'TPC_NONE', 'SPC_NONE', 'UC_NONE', 'UC_NONE', 'TPC_NONE', 'UC_NONE', 'TPC_NONE', 'UC_NONE', 'TPC_NONE', 'TPC_NONE', 'UC_NONE', 'UC_NONE', 'SPC_NONE', 'TPC_NONE', 'SPC_NONE', 'UC_NONE', 'SPC_NONE', 'TPC_NONE', 'UC_NONE', 'UC_NONE', 'UC_NONE', 'SPC_NONE', 'TPC_NONE', 'SPC_NONE', 'TPC_NONE', 'SPC_NONE', 'SPC_NONE', 'TPC_NONE', 'SPC_NONE', 'TPC_NONE', 'UC_NONE', 'SPC_NONE', 'UC_NONE', 'TPC_MNUF', 'UC_MNUF', 'TPC_NONE', 'UC_NONE', 'UC_NONE', 'TPC_MPOLY', 'TPC_MNUF', 'TPC_MNUF', 'UC_MNUF', 'SPC_NONE']","{'UC_MNUF': 3, 'SPC_MNUF': 1, 'UC_NONE': 30, 'SPC_MPOLY': 2, 'UC_MPOLY': 3, 'SPC_NONE': 26, 'SBX_MPOLY': 2, 'TPC_NONE': 24, 'SBX_NONE': 4, 'TPC_MNUF': 3, 'TPC_MPOLY': 1}"
17,100,TPC,NONE,0.679517583076522,0.0405594200061873,672732977.92,1018970221.3292547,1680487.84,1415469.832640334,0.7394466434356872,-2.3685782841731395e-06,0.01,0.0,GREEDY_HV,"['SPC_MBFLIP', 'UC_MNUF', 'SPC_MNUF', 'UC_NONE', 'SPC_MPOLY', 'UC_MPOLY', 'UC_NONE', 'SPC_NONE', 'SPC_NONE', 'SBX_MPOLY', 'SPC_MPOLY', 'TPC_NONE', 'SPC_NONE', 'SPC_NONE', 'UC_NONE', 'UC_NONE', 'UC_NONE', 'UC_NONE', 'UC_NONE', 'UC_NONE', 'SBX_NONE', 'SPC_NONE', 'SPC_NONE', 'SPC_NONE', 'TPC_NONE', 'SBX_MPOLY', 'UC_NONE', 'TPC_NONE', 'UC_NONE', 'UC_MPOLY', 'TPC_NONE', 'SBX_NONE', 'TPC_NONE', 'SBX_NONE', 'UC_MPOLY', 'SBX_NONE', 'TPC_NONE', 'UC_NONE', 'UC_NONE', 'SPC_NONE', 'SPC_NONE', 'TPC_NONE', 'TPC_NONE', 'UC_NONE', 'SPC_NONE', 'SPC_NONE', 'TPC_NONE', 'UC_NONE', 'TPC_NONE', 'SPC_NONE', 'TPC_NONE', 'SPC_NONE', 'TPC_NONE', 'SPC_NONE', 'SPC_NONE', 'UC_NONE', 'UC_NONE', 'TPC_NONE', 'SPC_NONE', 'UC_NONE', 'UC_NONE', 'TPC_NONE', 'UC_NONE', 'TPC_NONE', 'UC_NONE', 'TPC_NONE', 'TPC_NONE', 'UC_NONE', 'UC_NONE', 'SPC_NONE', 'TPC_NONE', 'SPC_NONE', 'UC_NONE', 'SPC_NONE', 'TPC_NONE', 'UC_NONE', 'UC_NONE', 'UC_NONE', 'SPC_NONE', 'TPC_NONE', 'SPC_NONE', 'TPC_NONE', 'SPC_NONE', 'SPC_NONE', 'TPC_NONE', 'SPC_NONE', 'TPC_NONE', 'UC_NONE', 'SPC_NONE', 'UC_NONE', 'TPC_MNUF', 'UC_MNUF', 'TPC_NONE', 'UC_NONE', 'UC_NONE', 'TPC_MPOLY', 'TPC_MNUF', 'TPC_MNUF', 'UC_MNUF', 'SPC_NONE', 'TPC_NONE']","{'UC_MNUF': 3, 'SPC_MNUF': 1, 'UC_NONE': 30, 'SPC_MPOLY': 2, 'UC_MPOLY': 3, 'SPC_NONE': 26, 'SBX_MPOLY': 2, 'TPC_NONE': 25, 'SBX_NONE': 4, 'TPC_MNUF': 3, 'TPC_MPOLY': 1}"
18,1,SBX,MNUF,0.6557661009500194,0.0258657124668999,1644950672.64,1267196123.713388,3060766.88,1539371.9518137083,0.6970594887530519,0.0,0.14,0.13,GREEDY_HV,"['SPC_MBFLIP', 'SBX_MNUF']",{'SBX_MNUF': 1}
18,2,SBX,MPOLY,0.6575956332412357,0.0266517530111322,1387132622.08,1321368710.370933,2771390.88,1740473.2608464935,0.7034117441837201,0.0063522554306681,0.03,0.145,GREEDY_HV,"['SPC_MBFLIP', 'SBX_MNUF', 'SBX_MPOLY']","{'SBX_MNUF': 1, 'SBX_MPOLY': 1}"
18,3,UC,NONE,0.6615012126308271,0.0282327561442783,946239079.68,1054936796.5251148,2200832.16,1429905.6203822035,0.7113985720325497,0.0079868278488296,0.12,0.0,GREEDY_HV,"['SPC_MBFLIP', 'SBX_MNUF', 'SBX_MPOLY', 'UC_NONE']","{'SBX_MNUF': 1, 'SBX_MPOLY': 1, 'UC_NONE': 1}"
18,4,TPC,MPOLY,0.6652101240965532,0.0197840108900956,629782368.0,740396334.3141073,1890884.0,1169141.988290832,0.7172382241947057,0.0058396521621559,0.15,0.09,GREEDY_HV,"['SPC_MBFLIP', 'SBX_MNUF', 'SBX_MPOLY', 'UC_NONE', 'TPC_MPOLY']","{'SBX_MNUF': 1, 'SBX_MPOLY': 1, 'UC_NONE': 1, 'TPC_MPOLY': 1}"
18,5,SPC,NONE,0.6695592081930951,0.0249051375573156,714498265.6,945023973.2261755,1977359.52,1475847.482343704,0.7218764057117875,0.0046381815170817,0.12,0.0,GREEDY_HV,"['SPC_MBFLIP', 'SBX_MNUF', 'SBX_MPOLY', 'UC_NONE', 'TPC_MPOLY', 'SPC_NONE']","{'SBX_MNUF': 1, 'SBX_MPOLY': 1, 'UC_NONE': 1, 'TPC_MPOLY': 1, 'SPC_NONE': 1}"
18,6,SPC,NONE,0.6727088727207406,0.0273963375645958,650729004.8,581570701.459757,1760445.6,1342394.7741114015,0.7231267557279919,0.0012503500162044,0.08,0.0,GREEDY_HV,"['SPC_MBFLIP', 'SBX_MNUF', 'SBX_MPOLY', 'UC_NONE', 'TPC_MPOLY', 'SPC_NONE', 'SPC_NONE']","{'SBX_MNUF': 1, 'SBX_MPOLY': 1, 'UC_NONE': 1, 'TPC_MPOLY': 1, 'SPC_NONE': 2}"
18,7,UC,MPOLY,0.6785965760771586,0.0239625042677029,701425742.08,596468913.7833532,2009312.16,1356812.5960417576,0.7249086737371986,0.0017819180092066,0.08,0.015,GREEDY_HV,"['SPC_MBFLIP', 'SBX_MNUF', 'SBX_MPOLY', 'UC_NONE', 'TPC_MPOLY', 'SPC_NONE', 'SPC_NONE', 'UC_MPOLY']","{'SBX_MNUF': 1, 'SBX_MPOLY': 1, 'UC_NONE': 1, 'TPC_MPOLY': 1, 'SPC_NONE': 2, 'UC_MPOLY': 1}"
18,8,UC,NONE,0.6785768146983243,0.0245317803894003,594597528.32,556388800.2730708,1953884.32,1538606.5973983267,0.725806017975193,0.0008973442379943,0.06,0.0,GREEDY_HV,"['SPC_MBFLIP', 'SBX_MNUF', 'SBX_MPOLY', 'UC_NONE', 'TPC_MPOLY', 'SPC_NONE', 'SPC_NONE', 'UC_MPOLY', 'UC_NONE']","{'SBX_MNUF': 1, 'SBX_MPOLY': 1, 'UC_NONE': 2, 'TPC_MPOLY': 1, 'SPC_NONE': 2, 'UC_MPOLY': 1}"
18,9,UC,NONE,0.6803288046071788,0.0207684180622139,469500431.36,355488626.3088843,1709927.84,1303134.904577533,0.7269940728826526,0.0011880549074596,0.06,0.0,GREEDY_HV,"['SPC_MBFLIP', 'SBX_MNUF', 'SBX_MPOLY', 'UC_NONE', 'TPC_MPOLY', 'SPC_NONE', 'SPC_NONE', 'UC_MPOLY', 'UC_NONE', 'UC_NONE']","{'SBX_MNUF': 1, 'SBX_MPOLY': 1, 'UC_NONE': 3, 'TPC_MPOLY': 1, 'SPC_NONE': 2, 'UC_MPOLY': 1}"
18,10,TPC,NONE,0.6834093947981508,0.0211662278557464,504422312.96,390923759.5079879,1789117.6,1190068.5239995213,0.7283283256128467,0.001334252730194,0.01,0.0,GREEDY_HV,"['SPC_MBFLIP', 'SBX_MNUF', 'SBX_MPOLY', 'UC_NONE', 'TPC_MPOLY', 'SPC_NONE', 'SPC_NONE', 'UC_MPOLY', 'UC_NONE', 'UC_NONE', 'TPC_NONE']","{'SBX_MNUF': 1, 'SBX_MPOLY': 1, 'UC_NONE': 3, 'TPC_MPOLY': 1, 'SPC_NONE': 2, 'UC_MPOLY': 1, 'TPC_NONE': 1}"
18,11,SPC,MPOLY,0.6828959576224818,0.0222151767703688,496043601.92,371873646.9617211,1773598.88,1187240.0711100118,0.7289129610621322,0.0005846354492855,0.04,0.0,GREEDY_HV,"['SPC_MBFLIP', 'SBX_MNUF', 'SBX_MPOLY', 'UC_NONE', 'TPC_MPOLY', 'SPC_NONE', 'SPC_NONE', 'UC_MPOLY', 'UC_NONE', 'UC_NONE', 'TPC_NONE', 'SPC_MPOLY']","{'SBX_MNUF': 1, 'SBX_MPOLY': 1, 'UC_NONE': 3, 'TPC_MPOLY': 1, 'SPC_NONE': 2, 'UC_MPOLY': 1, 'TPC_NONE': 1, 'SPC_MPOLY': 1}"
18,12,SBX,MPOLY,0.6811022993053166,0.0251016838774118,482706348.8,369711677.19952047,1741190.56,1190922.4838548,0.7292789746171239,0.0003660135549916,0.0,0.055,GREEDY_HV,"['SPC_MBFLIP', 'SBX_MNUF', 'SBX_MPOLY', 'UC_NONE', 'TPC_MPOLY', 'SPC_NONE', 'SPC_NONE', 'UC_MPOLY', 'UC_NONE', 'UC_NONE', 'TPC_NONE', 'SPC_MPOLY', 'SBX_MPOLY']","{'SBX_MNUF': 1, 'SBX_MPOLY': 2, 'UC_NONE': 3, 'TPC_MPOLY': 1, 'SPC_NONE': 2, 'UC_MPOLY': 1, 'TPC_NONE': 1, 'SPC_MPOLY': 1}"
18,13,UC,MPOLY,0.6817988245667307,0.0227494562279173,481902584.32,370100683.82172966,1753829.28,1188239.5117799954,0.7299214563348019,0.000642481717678,0.04,0.01,GREEDY_HV,"['SPC_MBFLIP', 'SBX_MNUF', 'SBX_MPOLY', 'UC_NONE', 'TPC_MPOLY', 'SPC_NONE', 'SPC_NONE', 'UC_MPOLY', 'UC_NONE', 'UC_NONE', 'TPC_NONE', 'SPC_MPOLY', 'SBX_MPOLY', 'UC_MPOLY']","{'SBX_MNUF': 1, 'SBX_MPOLY': 2, 'UC_NONE': 3, 'TPC_MPOLY': 1, 'SPC_NONE': 2, 'UC_MPOLY': 2, 'TPC_NONE': 1, 'SPC_MPOLY': 1}"
18,14,SPC,NONE,0.6776476638445053,0.0256871364381413,422892160.0,325595594.50163287,1423279.52,1066443.129419403,0.7306385713956992,0.0007171150608973,0.02,0.0,GREEDY_HV,"['SPC_MBFLIP', 'SBX_MNUF', 'SBX_MPOLY', 'UC_NONE', 'TPC_MPOLY', 'SPC_NONE', 'SPC_NONE', 'UC_MPOLY', 'UC_NONE', 'UC_NONE', 'TPC_NONE', 'SPC_MPOLY', 'SBX_MPOLY', 'UC_MPOLY', 'SPC_NONE']","{'SBX_MNUF': 1, 'SBX_MPOLY': 2, 'UC_NONE': 3, 'TPC_MPOLY': 1, 'SPC_NONE': 3, 'UC_MPOLY': 2, 'TPC_NONE': 1, 'SPC_MPOLY': 1}"
18,15,SPC,MPOLY,0.6772586849627024,0.026251291722559,416543242.24,323396759.3925249,1431151.52,1065819.9849375363,0.7311006206856459,0.0004620492899466,0.04,0.02,GREEDY_HV,"['SPC_MBFLIP', 'SBX_MNUF', 'SBX_MPOLY', 'UC_NONE', 'TPC_MPOLY', 'SPC_NONE', 'SPC_NONE', 'UC_MPOLY', 'UC_NONE', 'UC_NONE', 'TPC_NONE', 'SPC_MPOLY', 'SBX_MPOLY', 'UC_MPOLY', 'SPC_NONE', 'SPC_MPOLY']","{'SBX_MNUF': 1, 'SBX_MPOLY': 2, 'UC_NONE': 3, 'TPC_MPOLY': 1, 'SPC_NONE': 3, 'UC_MPOLY': 2, 'TPC_NONE': 1, 'SPC_MPOLY': 2}"
18,16,SPC,NONE,0.6759028568292738,0.0261572693804772,354812057.6,241725182.37178844,1420038.56,1110388.4936411788,0.7313002246958905,0.0001996040102446,0.06,0.0,GREEDY_HV,"['SPC_MBFLIP', 'SBX_MNUF', 'SBX_MPOLY', 'UC_NONE', 'TPC_MPOLY', 'SPC_NONE', 'SPC_NONE', 'UC_MPOLY', 'UC_NONE', 'UC_NONE', 'TPC_NONE', 'SPC_MPOLY', 'SBX_MPOLY', 'UC_MPOLY', 'SPC_NONE', 'SPC_MPOLY', 'SPC_NONE']","{'SBX_MNUF': 1, 'SBX_MPOLY': 2, 'UC_NONE': 3, 'TPC_MPOLY': 1, 'SPC_NONE': 4, 'UC_MPOLY': 2, 'TPC_NONE': 1, 'SPC_MPOLY': 2}"
18,17,SPC,MPOLY,0.6774528882088005,0.026292225713587,375357480.96,252279089.1096589,1494767.52,1143031.1043373449,0.7334261855446009,0.0021259608487104,0.04,0.005,GREEDY_HV,"['SPC_MBFLIP', 'SBX_MNUF', 'SBX_MPOLY', 'UC_NONE', 'TPC_MPOLY', 'SPC_NONE', 'SPC_NONE', 'UC_MPOLY', 'UC_NONE', 'UC_NONE', 'TPC_NONE', 'SPC_MPOLY', 'SBX_MPOLY', 'UC_MPOLY', 'SPC_NONE', 'SPC_MPOLY', 'SPC_NONE', 'SPC_MPOLY']","{'SBX_MNUF': 1, 'SBX_MPOLY': 2, 'UC_NONE': 3, 'TPC_MPOLY': 1, 'SPC_NONE': 4, 'UC_MPOLY': 2, 'TPC_NONE': 1, 'SPC_MPOLY': 3}"
18,18,TPC,NONE,0.6791726557425775,0.0273318105805386,377799895.04,257153957.85068503,1572263.84,1212625.5857301275,0.7336159221102505,0.0001897365656495,0.02,0.0,GREEDY_HV,"['SPC_MBFLIP', 'SBX_MNUF', 'SBX_MPOLY', 'UC_NONE', 'TPC_MPOLY', 'SPC_NONE', 'SPC_NONE', 'UC_MPOLY', 'UC_NONE', 'UC_NONE', 'TPC_NONE', 'SPC_MPOLY', 'SBX_MPOLY', 'UC_MPOLY', 'SPC_NONE', 'SPC_MPOLY', 'SPC_NONE', 'SPC_MPOLY', 'TPC_NONE']","{'SBX_MNUF': 1, 'SBX_MPOLY': 2, 'UC_NONE': 3, 'TPC_MPOLY': 1, 'SPC_NONE': 4, 'UC_MPOLY': 2, 'TPC_NONE': 2, 'SPC_MPOLY': 3}"
18,19,UC,NONE,0.6831350968312733,0.0264875457819687,420992122.88,269707317.7733554,1752994.72,1234787.868139545,0.7336929110069277,7.698889667717701e-05,0.02,0.0,GREEDY_HV,"['SPC_MBFLIP', 'SBX_MNUF', 'SBX_MPOLY', 'UC_NONE', 'TPC_MPOLY', 'SPC_NONE', 'SPC_NONE', 'UC_MPOLY', 'UC_NONE', 'UC_NONE', 'TPC_NONE', 'SPC_MPOLY', 'SBX_MPOLY', 'UC_MPOLY', 'SPC_NONE', 'SPC_MPOLY', 'SPC_NONE', 'SPC_MPOLY', 'TPC_NONE', 'UC_NONE']","{'SBX_MNUF': 1, 'SBX_MPOLY': 2, 'UC_NONE': 4, 'TPC_MPOLY': 1, 'SPC_NONE': 4, 'UC_MPOLY': 2, 'TPC_NONE': 2, 'SPC_MPOLY': 3}"
18,20,UC,NONE,0.6841922750190718,0.0266683331980481,441869614.08,278678171.0020967,1799552.16,1286472.591410783,0.733758458200614,6.554719368634387e-05,0.0,0.0,GREEDY_HV,"['SPC_MBFLIP', 'SBX_MNUF', 'SBX_MPOLY', 'UC_NONE', 'TPC_MPOLY', 'SPC_NONE', 'SPC_NONE', 'UC_MPOLY', 'UC_NONE', 'UC_NONE', 'TPC_NONE', 'SPC_MPOLY', 'SBX_MPOLY', 'UC_MPOLY', 'SPC_NONE', 'SPC_MPOLY', 'SPC_NONE', 'SPC_MPOLY', 'TPC_NONE', 'UC_NONE', 'UC_NONE']","{'SBX_MNUF': 1, 'SBX_MPOLY': 2, 'UC_NONE': 5, 'TPC_MPOLY': 1, 'SPC_NONE': 4, 'UC_MPOLY': 2, 'TPC_NONE': 2, 'SPC_MPOLY': 3}"
18,21,UC,NONE,0.685517530780727,0.0260760629742066,448110556.16,263043292.8618773,1842428.32,1232446.8437248145,0.7339584248296757,0.0001999666290616,0.03,0.0,GREEDY_HV,"['SPC_MBFLIP', 'SBX_MNUF', 'SBX_MPOLY', 'UC_NONE', 'TPC_MPOLY', 'SPC_NONE', 'SPC_NONE', 'UC_MPOLY', 'UC_NONE', 'UC_NONE', 'TPC_NONE', 'SPC_MPOLY', 'SBX_MPOLY', 'UC_MPOLY', 'SPC_NONE', 'SPC_MPOLY', 'SPC_NONE', 'SPC_MPOLY', 'TPC_NONE', 'UC_NONE', 'UC_NONE', 'UC_NONE']","{'SBX_MNUF': 1, 'SBX_MPOLY': 2, 'UC_NONE': 6, 'TPC_MPOLY': 1, 'SPC_NONE': 4, 'UC_MPOLY': 2, 'TPC_NONE': 2, 'SPC_MPOLY': 3}"
18,22,SBX,NONE,0.6836610224757664,0.0270223505529758,446688317.44,276169571.2181142,1831817.12,1323042.806885169,0.734938913675306,0.0009804888456302,0.01,0.0,GREEDY_HV,"['SPC_MBFLIP', 'SBX_MNUF', 'SBX_MPOLY', 'UC_NONE', 'TPC_MPOLY', 'SPC_NONE', 'SPC_NONE', 'UC_MPOLY', 'UC_NONE', 'UC_NONE', 'TPC_NONE', 'SPC_MPOLY', 'SBX_MPOLY', 'UC_MPOLY', 'SPC_NONE', 'SPC_MPOLY', 'SPC_NONE', 'SPC_MPOLY', 'TPC_NONE', 'UC_NONE', 'UC_NONE', 'UC_NONE', 'SBX_NONE']","{'SBX_MNUF': 1, 'SBX_MPOLY': 2, 'UC_NONE': 6, 'TPC_MPOLY': 1, 'SPC_NONE': 4, 'UC_MPOLY': 2, 'TPC_NONE': 2, 'SPC_MPOLY': 3, 'SBX_NONE': 1}"
18,23,TPC,NONE,0.683852840169842,0.0270487828877992,439535513.6,286200099.9260738,1860791.2,1298979.3176278677,0.7349778909102362,3.897723493029304e-05,0.0,0.0,GREEDY_HV,"['SPC_MBFLIP', 'SBX_MNUF', 'SBX_MPOLY', 'UC_NONE', 'TPC_MPOLY', 'SPC_NONE', 'SPC_NONE', 'UC_MPOLY', 'UC_NONE', 'UC_NONE', 'TPC_NONE', 'SPC_MPOLY', 'SBX_MPOLY', 'UC_MPOLY', 'SPC_NONE', 'SPC_MPOLY', 'SPC_NONE', 'SPC_MPOLY', 'TPC_NONE', 'UC_NONE', 'UC_NONE', 'UC_NONE', 'SBX_NONE', 'TPC_NONE']","{'SBX_MNUF': 1, 'SBX_MPOLY': 2, 'UC_NONE': 6, 'TPC_MPOLY': 1, 'SPC_NONE': 4, 'UC_MPOLY': 2, 'TPC_NONE': 3, 'SPC_MPOLY': 3, 'SBX_NONE': 1}"
18,24,UC,NONE,0.6867389106600296,0.0273310179542262,496146938.88,308284049.2215064,2030657.44,1454899.4003214955,0.7357723111870282,0.0007944202767919,0.0,0.0,GREEDY_HV,"['SPC_MBFLIP', 'SBX_MNUF', 'SBX_MPOLY', 'UC_NONE', 'TPC_MPOLY', 'SPC_NONE', 'SPC_NONE', 'UC_MPOLY', 'UC_NONE', 'UC_NONE', 'TPC_NONE', 'SPC_MPOLY', 'SBX_MPOLY', 'UC_MPOLY', 'SPC_NONE', 'SPC_MPOLY', 'SPC_NONE', 'SPC_MPOLY', 'TPC_NONE', 'UC_NONE', 'UC_NONE', 'UC_NONE', 'SBX_NONE', 'TPC_NONE', 'UC_NONE']","{'SBX_MNUF': 1, 'SBX_MPOLY': 2, 'UC_NONE': 7, 'TPC_MPOLY': 1, 'SPC_NONE': 4, 'UC_MPOLY': 2, 'TPC_NONE': 3, 'SPC_MPOLY': 3, 'SBX_NONE': 1}"
18,25,SPC,MPOLY,0.6855218079917789,0.0292088002495499,491442184.96,313140965.0130213,2039686.56,1466724.1842108443,0.7360438115860973,0.000271500399069,0.01,0.005,GREEDY_HV,"['SPC_MBFLIP', 'SBX_MNUF', 'SBX_MPOLY', 'UC_NONE', 'TPC_MPOLY', 'SPC_NONE', 'SPC_NONE', 'UC_MPOLY', 'UC_NONE', 'UC_NONE', 'TPC_NONE', 'SPC_MPOLY', 'SBX_MPOLY', 'UC_MPOLY', 'SPC_NONE', 'SPC_MPOLY', 'SPC_NONE', 'SPC_MPOLY', 'TPC_NONE', 'UC_NONE', 'UC_NONE', 'UC_NONE', 'SBX_NONE', 'TPC_NONE', 'UC_NONE', 'SPC_MPOLY']","{'SBX_MNUF': 1, 'SBX_MPOLY': 2, 'UC_NONE': 7, 'TPC_MPOLY': 1, 'SPC_NONE': 4, 'UC_MPOLY': 2, 'TPC_NONE': 3, 'SPC_MPOLY': 4, 'SBX_NONE': 1}"
18,26,TPC,MPOLY,0.6846528594953918,0.0310966448679203,500732060.16,324291944.0407518,2046656.16,1519860.3795498502,0.7375100358231432,0.0014662242370458,0.01,0.005,GREEDY_HV,"['SPC_MBFLIP', 'SBX_MNUF', 'SBX_MPOLY', 'UC_NONE', 'TPC_MPOLY', 'SPC_NONE', 'SPC_NONE', 'UC_MPOLY', 'UC_NONE', 'UC_NONE', 'TPC_NONE', 'SPC_MPOLY', 'SBX_MPOLY', 'UC_MPOLY', 'SPC_NONE', 'SPC_MPOLY', 'SPC_NONE', 'SPC_MPOLY', 'TPC_NONE', 'UC_NONE', 'UC_NONE', 'UC_NONE', 'SBX_NONE', 'TPC_NONE', 'UC_NONE', 'SPC_MPOLY', 'TPC_MPOLY']","{'SBX_MNUF': 1, 'SBX_MPOLY': 2, 'UC_NONE': 7, 'TPC_MPOLY': 2, 'SPC_NONE': 4, 'UC_MPOLY': 2, 'TPC_NONE': 3, 'SPC_MPOLY': 4, 'SBX_NONE': 1}"
18,27,TPC,NONE,0.6841694527033413,0.0319337561727005,522447004.16,347287164.82105464,1973196.96,1526632.711901392,0.737655147099399,0.0001451112762557,0.0,0.0,GREEDY_HV,"['SPC_MBFLIP', 'SBX_MNUF', 'SBX_MPOLY', 'UC_NONE', 'TPC_MPOLY', 'SPC_NONE', 'SPC_NONE', 'UC_MPOLY', 'UC_NONE', 'UC_NONE', 'TPC_NONE', 'SPC_MPOLY', 'SBX_MPOLY', 'UC_MPOLY', 'SPC_NONE', 'SPC_MPOLY', 'SPC_NONE', 'SPC_MPOLY', 'TPC_NONE', 'UC_NONE', 'UC_NONE', 'UC_NONE', 'SBX_NONE', 'TPC_NONE', 'UC_NONE', 'SPC_MPOLY', 'TPC_MPOLY', 'TPC_NONE']","{'SBX_MNUF': 1, 'SBX_MPOLY': 2, 'UC_NONE': 7, 'TPC_MPOLY': 2, 'SPC_NONE': 4, 'UC_MPOLY': 2, 'TPC_NONE': 4, 'SPC_MPOLY': 4, 'SBX_NONE': 1}"
18,28,UC,NONE,0.6853950576068758,0.0317544519197952,528795548.16,343239490.49470687,2059380.64,1610103.6645271482,0.7377002070828342,4.5059983435291606e-05,0.01,0.0,GREEDY_HV,"['SPC_MBFLIP', 'SBX_MNUF', 'SBX_MPOLY', 'UC_NONE', 'TPC_MPOLY', 'SPC_NONE', 'SPC_NONE', 'UC_MPOLY', 'UC_NONE', 'UC_NONE', 'TPC_NONE', 'SPC_MPOLY', 'SBX_MPOLY', 'UC_MPOLY', 'SPC_NONE', 'SPC_MPOLY', 'SPC_NONE', 'SPC_MPOLY', 'TPC_NONE', 'UC_NONE', 'UC_NONE', 'UC_NONE', 'SBX_NONE', 'TPC_NONE', 'UC_NONE', 'SPC_MPOLY', 'TPC_MPOLY', 'TPC_NONE', 'UC_NONE']","{'SBX_MNUF': 1, 'SBX_MPOLY': 2, 'UC_NONE': 8, 'TPC_MPOLY': 2, 'SPC_NONE': 4, 'UC_MPOLY': 2, 'TPC_NONE': 4, 'SPC_MPOLY': 4, 'SBX_NONE': 1}"
18,29,TPC,NONE,0.6865632097139371,0.0316041446414798,526500200.96,341704261.41762453,2220404.64,1731659.92497342,0.7377781402798129,7.793319697868561e-05,0.0,0.0,GREEDY_HV,"['SPC_MBFLIP', 'SBX_MNUF', 'SBX_MPOLY', 'UC_NONE', 'TPC_MPOLY', 'SPC_NONE', 'SPC_NONE', 'UC_MPOLY', 'UC_NONE', 'UC_NONE', 'TPC_NONE', 'SPC_MPOLY', 'SBX_MPOLY', 'UC_MPOLY', 'SPC_NONE', 'SPC_MPOLY', 'SPC_NONE', 'SPC_MPOLY', 'TPC_NONE', 'UC_NONE', 'UC_NONE', 'UC_NONE', 'SBX_NONE', 'TPC_NONE', 'UC_NONE', 'SPC_MPOLY', 'TPC_MPOLY', 'TPC_NONE', 'UC_NONE', 'TPC_NONE']","{'SBX_MNUF': 1, 'SBX_MPOLY': 2, 'UC_NONE': 8, 'TPC_MPOLY': 2, 'SPC_NONE': 4, 'UC_MPOLY': 2, 'TPC_NONE': 5, 'SPC_MPOLY': 4, 'SBX_NONE': 1}"
18,30,UC,NONE,0.6860868061758337,0.0316013835359632,512226844.16,336284145.85995364,2181872.8,1681663.8986755945,0.7378228774418493,4.47371620363457e-05,0.01,0.0,GREEDY_HV,"['SPC_MBFLIP', 'SBX_MNUF', 'SBX_MPOLY', 'UC_NONE', 'TPC_MPOLY', 'SPC_NONE', 'SPC_NONE', 'UC_MPOLY', 'UC_NONE', 'UC_NONE', 'TPC_NONE', 'SPC_MPOLY', 'SBX_MPOLY', 'UC_MPOLY', 'SPC_NONE', 'SPC_MPOLY', 'SPC_NONE', 'SPC_MPOLY', 'TPC_NONE', 'UC_NONE', 'UC_NONE', 'UC_NONE', 'SBX_NONE', 'TPC_NONE', 'UC_NONE', 'SPC_MPOLY', 'TPC_MPOLY', 'TPC_NONE', 'UC_NONE', 'TPC_NONE', 'UC_NONE']","{'SBX_MNUF': 1, 'SBX_MPOLY': 2, 'UC_NONE': 9, 'TPC_MPOLY': 2, 'SPC_NONE': 4, 'UC_MPOLY': 2, 'TPC_NONE': 5, 'SPC_MPOLY': 4, 'SBX_NONE': 1}"
18,31,SPC,NONE,0.6868571299921657,0.0311730904915419,517293852.16,343736255.5557244,2176321.44,1670135.8899967412,0.7378237450040313,8.675621819831392e-07,0.01,0.0,GREEDY_HV,"['SPC_MBFLIP', 'SBX_MNUF', 'SBX_MPOLY', 'UC_NONE', 'TPC_MPOLY', 'SPC_NONE', 'SPC_NONE', 'UC_MPOLY', 'UC_NONE', 'UC_NONE', 'TPC_NONE', 'SPC_MPOLY', 'SBX_MPOLY', 'UC_MPOLY', 'SPC_NONE', 'SPC_MPOLY', 'SPC_NONE', 'SPC_MPOLY', 'TPC_NONE', 'UC_NONE', 'UC_NONE', 'UC_NONE', 'SBX_NONE', 'TPC_NONE', 'UC_NONE', 'SPC_MPOLY', 'TPC_MPOLY', 'TPC_NONE', 'UC_NONE', 'TPC_NONE', 'UC_NONE', 'SPC_NONE']","{'SBX_MNUF': 1, 'SBX_MPOLY': 2, 'UC_NONE': 9, 'TPC_MPOLY': 2, 'SPC_NONE': 5, 'UC_MPOLY': 2, 'TPC_NONE': 5, 'SPC_MPOLY': 4, 'SBX_NONE': 1}"
18,32,SPC,NONE,0.6868676273409933,0.0319844809989112,540351854.08,355994343.6465836,2254603.68,1747471.7430004005,0.7378135408057457,-1.0204198285568287e-05,0.01,0.0,GREEDY_HV,"['SPC_MBFLIP', 'SBX_MNUF', 'SBX_MPOLY', 'UC_NONE', 'TPC_MPOLY', 'SPC_NONE', 'SPC_NONE', 'UC_MPOLY', 'UC_NONE', 'UC_NONE', 'TPC_NONE', 'SPC_MPOLY', 'SBX_MPOLY', 'UC_MPOLY', 'SPC_NONE', 'SPC_MPOLY', 'SPC_NONE', 'SPC_MPOLY', 'TPC_NONE', 'UC_NONE', 'UC_NONE', 'UC_NONE', 'SBX_NONE', 'TPC_NONE', 'UC_NONE', 'SPC_MPOLY', 'TPC_MPOLY', 'TPC_NONE', 'UC_NONE', 'TPC_NONE', 'UC_NONE', 'SPC_NONE', 'SPC_NONE']","{'SBX_MNUF': 1, 'SBX_MPOLY': 2, 'UC_NONE': 9, 'TPC_MPOLY': 2, 'SPC_NONE': 6, 'UC_MPOLY': 2, 'TPC_NONE': 5, 'SPC_MPOLY': 4, 'SBX_NONE': 1}"
18,33,TPC,NONE,0.6850824204365427,0.0325907085039417,521870763.52,360584713.025313,2176416.16,1767836.6433203642,0.7378622481816155,4.870737586981644e-05,0.0,0.0,GREEDY_HV,"['SPC_MBFLIP', 'SBX_MNUF', 'SBX_MPOLY', 'UC_NONE', 'TPC_MPOLY', 'SPC_NONE', 'SPC_NONE', 'UC_MPOLY', 'UC_NONE', 'UC_NONE', 'TPC_NONE', 'SPC_MPOLY', 'SBX_MPOLY', 'UC_MPOLY', 'SPC_NONE', 'SPC_MPOLY', 'SPC_NONE', 'SPC_MPOLY', 'TPC_NONE', 'UC_NONE', 'UC_NONE', 'UC_NONE', 'SBX_NONE', 'TPC_NONE', 'UC_NONE', 'SPC_MPOLY', 'TPC_MPOLY', 'TPC_NONE', 'UC_NONE', 'TPC_NONE', 'UC_NONE', 'SPC_NONE', 'SPC_NONE', 'TPC_NONE']","{'SBX_MNUF': 1, 'SBX_MPOLY': 2, 'UC_NONE': 9, 'TPC_MPOLY': 2, 'SPC_NONE': 6, 'UC_MPOLY': 2, 'TPC_NONE': 6, 'SPC_MPOLY': 4, 'SBX_NONE': 1}"
18,34,UC,NONE,0.6855935020513777,0.0320112289165322,522101793.28,350703100.5719863,2126899.36,1703001.1260650388,0.7378845220354282,2.2273853812704303e-05,0.0,0.0,GREEDY_HV,"['SPC_MBFLIP', 'SBX_MNUF', 'SBX_MPOLY', 'UC_NONE', 'TPC_MPOLY', 'SPC_NONE', 'SPC_NONE', 'UC_MPOLY', 'UC_NONE', 'UC_NONE', 'TPC_NONE', 'SPC_MPOLY', 'SBX_MPOLY', 'UC_MPOLY', 'SPC_NONE', 'SPC_MPOLY', 'SPC_NONE', 'SPC_MPOLY', 'TPC_NONE', 'UC_NONE', 'UC_NONE', 'UC_NONE', 'SBX_NONE', 'TPC_NONE', 'UC_NONE', 'SPC_MPOLY', 'TPC_MPOLY', 'TPC_NONE', 'UC_NONE', 'TPC_NONE', 'UC_NONE', 'SPC_NONE', 'SPC_NONE', 'TPC_NONE', 'UC_NONE']","{'SBX_MNUF': 1, 'SBX_MPOLY': 2, 'UC_NONE': 10, 'TPC_MPOLY': 2, 'SPC_NONE': 6, 'UC_MPOLY': 2, 'TPC_NONE': 6, 'SPC_MPOLY': 4, 'SBX_NONE': 1}"
18,35,SPC,NONE,0.6870900905029897,0.032304654050476,547502487.04,360094644.65183294,2264100.0,1712078.7184295002,0.7378819200682184,-2.601967209803213e-06,0.0,0.0,GREEDY_HV,"['SPC_MBFLIP', 'SBX_MNUF', 'SBX_MPOLY', 'UC_NONE', 'TPC_MPOLY', 'SPC_NONE', 'SPC_NONE', 'UC_MPOLY', 'UC_NONE', 'UC_NONE', 'TPC_NONE', 'SPC_MPOLY', 'SBX_MPOLY', 'UC_MPOLY', 'SPC_NONE', 'SPC_MPOLY', 'SPC_NONE', 'SPC_MPOLY', 'TPC_NONE', 'UC_NONE', 'UC_NONE', 'UC_NONE', 'SBX_NONE', 'TPC_NONE', 'UC_NONE', 'SPC_MPOLY', 'TPC_MPOLY', 'TPC_NONE', 'UC_NONE', 'TPC_NONE', 'UC_NONE', 'SPC_NONE', 'SPC_NONE', 'TPC_NONE', 'UC_NONE', 'SPC_NONE']","{'SBX_MNUF': 1, 'SBX_MPOLY': 2, 'UC_NONE': 10, 'TPC_MPOLY': 2, 'SPC_NONE': 7, 'UC_MPOLY': 2, 'TPC_NONE': 6, 'SPC_MPOLY': 4, 'SBX_NONE': 1}"
18,36,UC,NONE,0.6867486426659581,0.0317171724492908,518363737.6,350046728.5764242,2210850.72,1683195.8630636309,0.737892514134511,1.0594066292557436e-05,0.0,0.0,GREEDY_HV,"['SPC_MBFLIP', 'SBX_MNUF', 'SBX_MPOLY', 'UC_NONE', 'TPC_MPOLY', 'SPC_NONE', 'SPC_NONE', 'UC_MPOLY', 'UC_NONE', 'UC_NONE', 'TPC_NONE', 'SPC_MPOLY', 'SBX_MPOLY', 'UC_MPOLY', 'SPC_NONE', 'SPC_MPOLY', 'SPC_NONE', 'SPC_MPOLY', 'TPC_NONE', 'UC_NONE', 'UC_NONE', 'UC_NONE', 'SBX_NONE', 'TPC_NONE', 'UC_NONE', 'SPC_MPOLY', 'TPC_MPOLY', 'TPC_NONE', 'UC_NONE', 'TPC_NONE', 'UC_NONE', 'SPC_NONE', 'SPC_NONE', 'TPC_NONE', 'UC_NONE', 'SPC_NONE', 'UC_NONE']","{'SBX_MNUF': 1, 'SBX_MPOLY': 2, 'UC_NONE': 11, 'TPC_MPOLY': 2, 'SPC_NONE': 7, 'UC_MPOLY': 2, 'TPC_NONE': 6, 'SPC_MPOLY': 4, 'SBX_NONE': 1}"
18,37,UC,NONE,0.6877002224704064,0.0317912402235315,540723348.48,346794436.6337772,2312920.48,1754272.3477996474,0.7378732908433903,-1.922329112069576e-05,0.0,0.0,GREEDY_HV,"['SPC_MBFLIP', 'SBX_MNUF', 'SBX_MPOLY', 'UC_NONE', 'TPC_MPOLY', 'SPC_NONE', 'SPC_NONE', 'UC_MPOLY', 'UC_NONE', 'UC_NONE', 'TPC_NONE', 'SPC_MPOLY', 'SBX_MPOLY', 'UC_MPOLY', 'SPC_NONE', 'SPC_MPOLY', 'SPC_NONE', 'SPC_MPOLY', 'TPC_NONE', 'UC_NONE', 'UC_NONE', 'UC_NONE', 'SBX_NONE', 'TPC_NONE', 'UC_NONE', 'SPC_MPOLY', 'TPC_MPOLY', 'TPC_NONE', 'UC_NONE', 'TPC_NONE', 'UC_NONE', 'SPC_NONE', 'SPC_NONE', 'TPC_NONE', 'UC_NONE', 'SPC_NONE', 'UC_NONE', 'UC_NONE']","{'SBX_MNUF': 1, 'SBX_MPOLY': 2, 'UC_NONE': 12, 'TPC_MPOLY': 2, 'SPC_NONE': 7, 'UC_MPOLY': 2, 'TPC_NONE': 6, 'SPC_MPOLY': 4, 'SBX_NONE': 1}"
18,38,UC,NONE,0.6862084460918717,0.0325663188835755,515214760.96,349885114.27973545,2313170.08,1784220.039623676,0.7378638891080532,-9.40173533703348e-06,0.0,0.0,GREEDY_HV,"['SPC_MBFLIP', 'SBX_MNUF', 'SBX_MPOLY', 'UC_NONE', 'TPC_MPOLY', 'SPC_NONE', 'SPC_NONE', 'UC_MPOLY', 'UC_NONE', 'UC_NONE', 'TPC_NONE', 'SPC_MPOLY', 'SBX_MPOLY', 'UC_MPOLY', 'SPC_NONE', 'SPC_MPOLY', 'SPC_NONE', 'SPC_MPOLY', 'TPC_NONE', 'UC_NONE', 'UC_NONE', 'UC_NONE', 'SBX_NONE', 'TPC_NONE', 'UC_NONE', 'SPC_MPOLY', 'TPC_MPOLY', 'TPC_NONE', 'UC_NONE', 'TPC_NONE', 'UC_NONE', 'SPC_NONE', 'SPC_NONE', 'TPC_NONE', 'UC_NONE', 'SPC_NONE', 'UC_NONE', 'UC_NONE', 'UC_NONE']","{'SBX_MNUF': 1, 'SBX_MPOLY': 2, 'UC_NONE': 13, 'TPC_MPOLY': 2, 'SPC_NONE': 7, 'UC_MPOLY': 2, 'TPC_NONE': 6, 'SPC_MPOLY': 4, 'SBX_NONE': 1}"
18,39,UC,NONE,0.6862490771488317,0.0323867915058541,527707077.12,354080418.9680549,2221756.32,1743093.2641239073,0.7378811257661998,1.723665814656883e-05,0.0,0.0,GREEDY_HV,"['SPC_MBFLIP', 'SBX_MNUF', 'SBX_MPOLY', 'UC_NONE', 'TPC_MPOLY', 'SPC_NONE', 'SPC_NONE', 'UC_MPOLY', 'UC_NONE', 'UC_NONE', 'TPC_NONE', 'SPC_MPOLY', 'SBX_MPOLY', 'UC_MPOLY', 'SPC_NONE', 'SPC_MPOLY', 'SPC_NONE', 'SPC_MPOLY', 'TPC_NONE', 'UC_NONE', 'UC_NONE', 'UC_NONE', 'SBX_NONE', 'TPC_NONE', 'UC_NONE', 'SPC_MPOLY', 'TPC_MPOLY', 'TPC_NONE', 'UC_NONE', 'TPC_NONE', 'UC_NONE', 'SPC_NONE', 'SPC_NONE', 'TPC_NONE', 'UC_NONE', 'SPC_NONE', 'UC_NONE', 'UC_NONE', 'UC_NONE', 'UC_NONE']","{'SBX_MNUF': 1, 'SBX_MPOLY': 2, 'UC_NONE': 14, 'TPC_MPOLY': 2, 'SPC_NONE': 7, 'UC_MPOLY': 2, 'TPC_NONE': 6, 'SPC_MPOLY': 4, 'SBX_NONE': 1}"
18,40,SPC,NONE,0.686219902939378,0.0324762278094906,530630707.2,348844141.75708544,2243397.28,1764028.8836683717,0.7378946632055629,1.353743936305385e-05,0.01,0.0,GREEDY_HV,"['SPC_MBFLIP', 'SBX_MNUF', 'SBX_MPOLY', 'UC_NONE', 'TPC_MPOLY', 'SPC_NONE', 'SPC_NONE', 'UC_MPOLY', 'UC_NONE', 'UC_NONE', 'TPC_NONE', 'SPC_MPOLY', 'SBX_MPOLY', 'UC_MPOLY', 'SPC_NONE', 'SPC_MPOLY', 'SPC_NONE', 'SPC_MPOLY', 'TPC_NONE', 'UC_NONE', 'UC_NONE', 'UC_NONE', 'SBX_NONE', 'TPC_NONE', 'UC_NONE', 'SPC_MPOLY', 'TPC_MPOLY', 'TPC_NONE', 'UC_NONE', 'TPC_NONE', 'UC_NONE', 'SPC_NONE', 'SPC_NONE', 'TPC_NONE', 'UC_NONE', 'SPC_NONE', 'UC_NONE', 'UC_NONE', 'UC_NONE', 'UC_NONE', 'SPC_NONE']","{'SBX_MNUF': 1, 'SBX_MPOLY': 2, 'UC_NONE': 14, 'TPC_MPOLY': 2, 'SPC_NONE': 8, 'UC_MPOLY': 2, 'TPC_NONE': 6, 'SPC_MPOLY': 4, 'SBX_NONE': 1}"
18,41,UC,NONE,0.6845467901028448,0.0325518884477131,506550471.68,348236516.5099473,2098689.44,1746675.4350987617,0.7378730230297276,-2.1640175835280218e-05,0.0,0.0,GREEDY_HV,"['SPC_MBFLIP', 'SBX_MNUF', 'SBX_MPOLY', 'UC_NONE', 'TPC_MPOLY', 'SPC_NONE', 'SPC_NONE', 'UC_MPOLY', 'UC_NONE', 'UC_NONE', 'TPC_NONE', 'SPC_MPOLY', 'SBX_MPOLY', 'UC_MPOLY', 'SPC_NONE', 'SPC_MPOLY', 'SPC_NONE', 'SPC_MPOLY', 'TPC_NONE', 'UC_NONE', 'UC_NONE', 'UC_NONE', 'SBX_NONE', 'TPC_NONE', 'UC_NONE', 'SPC_MPOLY', 'TPC_MPOLY', 'TPC_NONE', 'UC_NONE', 'TPC_NONE', 'UC_NONE', 'SPC_NONE', 'SPC_NONE', 'TPC_NONE', 'UC_NONE', 'SPC_NONE', 'UC_NONE', 'UC_NONE', 'UC_NONE', 'UC_NONE', 'SPC_NONE', 'UC_NONE']","{'SBX_MNUF': 1, 'SBX_MPOLY': 2, 'UC_NONE': 15, 'TPC_MPOLY': 2, 'SPC_NONE': 8, 'UC_MPOLY': 2, 'TPC_NONE': 6, 'SPC_MPOLY': 4, 'SBX_NONE': 1}"
18,42,SPC,NONE,0.6861474633274459,0.0325268274294125,519857850.88,351547559.41199905,2230176.16,1780538.0014091402,0.7378530315619609,-1.9991467766655724e-05,0.0,0.0,GREEDY_HV,"['SPC_MBFLIP', 'SBX_MNUF', 'SBX_MPOLY', 'UC_NONE', 'TPC_MPOLY', 'SPC_NONE', 'SPC_NONE', 'UC_MPOLY', 'UC_NONE', 'UC_NONE', 'TPC_NONE', 'SPC_MPOLY', 'SBX_MPOLY', 'UC_MPOLY', 'SPC_NONE', 'SPC_MPOLY', 'SPC_NONE', 'SPC_MPOLY', 'TPC_NONE', 'UC_NONE', 'UC_NONE', 'UC_NONE', 'SBX_NONE', 'TPC_NONE', 'UC_NONE', 'SPC_MPOLY', 'TPC_MPOLY', 'TPC_NONE', 'UC_NONE', 'TPC_NONE', 'UC_NONE', 'SPC_NONE', 'SPC_NONE', 'TPC_NONE', 'UC_NONE', 'SPC_NONE', 'UC_NONE', 'UC_NONE', 'UC_NONE', 'UC_NONE', 'SPC_NONE', 'UC_NONE', 'SPC_NONE']","{'SBX_MNUF': 1, 'SBX_MPOLY': 2, 'UC_NONE': 15, 'TPC_MPOLY': 2, 'SPC_NONE': 9, 'UC_MPOLY': 2, 'TPC_NONE': 6, 'SPC_MPOLY': 4, 'SBX_NONE': 1}"
18,43,SPC,NONE,0.6863721190636718,0.0325427909127752,516088701.44,341791807.53182834,2321918.88,1808772.855976611,0.7378790074053487,2.5975843387815445e-05,0.0,0.0,GREEDY_HV,"['SPC_MBFLIP', 'SBX_MNUF', 'SBX_MPOLY', 'UC_NONE', 'TPC_MPOLY', 'SPC_NONE', 'SPC_NONE', 'UC_MPOLY', 'UC_NONE', 'UC_NONE', 'TPC_NONE', 'SPC_MPOLY', 'SBX_MPOLY', 'UC_MPOLY', 'SPC_NONE', 'SPC_MPOLY', 'SPC_NONE', 'SPC_MPOLY', 'TPC_NONE', 'UC_NONE', 'UC_NONE', 'UC_NONE', 'SBX_NONE', 'TPC_NONE', 'UC_NONE', 'SPC_MPOLY', 'TPC_MPOLY', 'TPC_NONE', 'UC_NONE', 'TPC_NONE', 'UC_NONE', 'SPC_NONE', 'SPC_NONE', 'TPC_NONE', 'UC_NONE', 'SPC_NONE', 'UC_NONE', 'UC_NONE', 'UC_NONE', 'UC_NONE', 'SPC_NONE', 'UC_NONE', 'SPC_NONE', 'SPC_NONE']","{'SBX_MNUF': 1, 'SBX_MPOLY': 2, 'UC_NONE': 15, 'TPC_MPOLY': 2, 'SPC_NONE': 10, 'UC_MPOLY': 2, 'TPC_NONE': 6, 'SPC_MPOLY': 4, 'SBX_NONE': 1}"
18,44,TPC,NONE,0.6863022671016026,0.0326689384282484,535888552.96,357899195.6530268,2268699.04,1779551.8520585,0.7378964424918766,1.743508652785053e-05,0.0,0.0,GREEDY_HV,"['SPC_MBFLIP', 'SBX_MNUF', 'SBX_MPOLY', 'UC_NONE', 'TPC_MPOLY', 'SPC_NONE', 'SPC_NONE', 'UC_MPOLY', 'UC_NONE', 'UC_NONE', 'TPC_NONE', 'SPC_MPOLY', 'SBX_MPOLY', 'UC_MPOLY', 'SPC_NONE', 'SPC_MPOLY', 'SPC_NONE', 'SPC_MPOLY', 'TPC_NONE', 'UC_NONE', 'UC_NONE', 'UC_NONE', 'SBX_NONE', 'TPC_NONE', 'UC_NONE', 'SPC_MPOLY', 'TPC_MPOLY', 'TPC_NONE', 'UC_NONE', 'TPC_NONE', 'UC_NONE', 'SPC_NONE', 'SPC_NONE', 'TPC_NONE', 'UC_NONE', 'SPC_NONE', 'UC_NONE', 'UC_NONE', 'UC_NONE', 'UC_NONE', 'SPC_NONE', 'UC_NONE', 'SPC_NONE', 'SPC_NONE', 'TPC_NONE']","{'SBX_MNUF': 1, 'SBX_MPOLY': 2, 'UC_NONE': 15, 'TPC_MPOLY': 2, 'SPC_NONE': 10, 'UC_MPOLY': 2, 'TPC_NONE': 7, 'SPC_MPOLY': 4, 'SBX_NONE': 1}"
18,45,SPC,NONE,0.6860036417857087,0.0324903439476609,521611973.12,349887504.2583668,2282896.8,1770203.3990605257,0.7378918979542106,-4.5445376659625225e-06,0.0,0.0,GREEDY_HV,"['SPC_MBFLIP', 'SBX_MNUF', 'SBX_MPOLY', 'UC_NONE', 'TPC_MPOLY', 'SPC_NONE', 'SPC_NONE', 'UC_MPOLY', 'UC_NONE', 'UC_NONE', 'TPC_NONE', 'SPC_MPOLY', 'SBX_MPOLY', 'UC_MPOLY', 'SPC_NONE', 'SPC_MPOLY', 'SPC_NONE', 'SPC_MPOLY', 'TPC_NONE', 'UC_NONE', 'UC_NONE', 'UC_NONE', 'SBX_NONE', 'TPC_NONE', 'UC_NONE', 'SPC_MPOLY', 'TPC_MPOLY', 'TPC_NONE', 'UC_NONE', 'TPC_NONE', 'UC_NONE', 'SPC_NONE', 'SPC_NONE', 'TPC_NONE', 'UC_NONE', 'SPC_NONE', 'UC_NONE', 'UC_NONE', 'UC_NONE', 'UC_NONE', 'SPC_NONE', 'UC_NONE', 'SPC_NONE', 'SPC_NONE', 'TPC_NONE', 'SPC_NONE']","{'SBX_MNUF': 1, 'SBX_MPOLY': 2, 'UC_NONE': 15, 'TPC_MPOLY': 2, 'SPC_NONE': 11, 'UC_MPOLY': 2, 'TPC_NONE': 7, 'SPC_MPOLY': 4, 'SBX_NONE': 1}"
18,46,TPC,NONE,0.687539826736828,0.0323377418302633,546184808.96,359138619.4560256,2398118.56,1791541.6933461544,0.7378479400444535,-4.395790975708636e-05,0.0,0.0,GREEDY_HV,"['SPC_MBFLIP', 'SBX_MNUF', 'SBX_MPOLY', 'UC_NONE', 'TPC_MPOLY', 'SPC_NONE', 'SPC_NONE', 'UC_MPOLY', 'UC_NONE', 'UC_NONE', 'TPC_NONE', 'SPC_MPOLY', 'SBX_MPOLY', 'UC_MPOLY', 'SPC_NONE', 'SPC_MPOLY', 'SPC_NONE', 'SPC_MPOLY', 'TPC_NONE', 'UC_NONE', 'UC_NONE', 'UC_NONE', 'SBX_NONE', 'TPC_NONE', 'UC_NONE', 'SPC_MPOLY', 'TPC_MPOLY', 'TPC_NONE', 'UC_NONE', 'TPC_NONE', 'UC_NONE', 'SPC_NONE', 'SPC_NONE', 'TPC_NONE', 'UC_NONE', 'SPC_NONE', 'UC_NONE', 'UC_NONE', 'UC_NONE', 'UC_NONE', 'SPC_NONE', 'UC_NONE', 'SPC_NONE', 'SPC_NONE', 'TPC_NONE', 'SPC_NONE', 'TPC_NONE']","{'SBX_MNUF': 1, 'SBX_MPOLY': 2, 'UC_NONE': 15, 'TPC_MPOLY': 2, 'SPC_NONE': 11, 'UC_MPOLY': 2, 'TPC_NONE': 8, 'SPC_MPOLY': 4, 'SBX_NONE': 1}"
18,47,TPC,NONE,0.6862974806807768,0.0318555458923048,513855920.64,342318407.94348645,2212622.24,1719262.065662016,0.7378307560069042,-1.7184037549355935e-05,0.0,0.0,GREEDY_HV,"['SPC_MBFLIP', 'SBX_MNUF', 'SBX_MPOLY', 'UC_NONE', 'TPC_MPOLY', 'SPC_NONE', 'SPC_NONE', 'UC_MPOLY', 'UC_NONE', 'UC_NONE', 'TPC_NONE', 'SPC_MPOLY', 'SBX_MPOLY', 'UC_MPOLY', 'SPC_NONE', 'SPC_MPOLY', 'SPC_NONE', 'SPC_MPOLY', 'TPC_NONE', 'UC_NONE', 'UC_NONE', 'UC_NONE', 'SBX_NONE', 'TPC_NONE', 'UC_NONE', 'SPC_MPOLY', 'TPC_MPOLY', 'TPC_NONE', 'UC_NONE', 'TPC_NONE', 'UC_NONE', 'SPC_NONE', 'SPC_NONE', 'TPC_NONE', 'UC_NONE', 'SPC_NONE', 'UC_NONE', 'UC_NONE', 'UC_NONE', 'UC_NONE', 'SPC_NONE', 'UC_NONE', 'SPC_NONE', 'SPC_NONE', 'TPC_NONE', 'SPC_NONE', 'TPC_NONE', 'TPC_NONE']","{'SBX_MNUF': 1, 'SBX_MPOLY': 2, 'UC_NONE': 15, 'TPC_MPOLY': 2, 'SPC_NONE': 11, 'UC_MPOLY': 2, 'TPC_NONE': 9, 'SPC_MPOLY': 4, 'SBX_NONE': 1}"
18,48,TPC,NONE,0.687154384568526,0.0321243222306478,533677171.2,352261676.4282637,2321557.92,1760082.6284273346,0.737853668706639,2.2912699734867203e-05,0.01,0.0,GREEDY_HV,"['SPC_MBFLIP', 'SBX_MNUF', 'SBX_MPOLY', 'UC_NONE', 'TPC_MPOLY', 'SPC_NONE', 'SPC_NONE', 'UC_MPOLY', 'UC_NONE', 'UC_NONE', 'TPC_NONE', 'SPC_MPOLY', 'SBX_MPOLY', 'UC_MPOLY', 'SPC_NONE', 'SPC_MPOLY', 'SPC_NONE', 'SPC_MPOLY', 'TPC_NONE', 'UC_NONE', 'UC_NONE', 'UC_NONE', 'SBX_NONE', 'TPC_NONE', 'UC_NONE', 'SPC_MPOLY', 'TPC_MPOLY', 'TPC_NONE', 'UC_NONE', 'TPC_NONE', 'UC_NONE', 'SPC_NONE', 'SPC_NONE', 'TPC_NONE', 'UC_NONE', 'SPC_NONE', 'UC_NONE', 'UC_NONE', 'UC_NONE', 'UC_NONE', 'SPC_NONE', 'UC_NONE', 'SPC_NONE', 'SPC_NONE', 'TPC_NONE', 'SPC_NONE', 'TPC_NONE', 'TPC_NONE', 'TPC_NONE']","{'SBX_MNUF': 1, 'SBX_MPOLY': 2, 'UC_NONE': 15, 'TPC_MPOLY': 2, 'SPC_NONE': 11, 'UC_MPOLY': 2, 'TPC_NONE': 10, 'SPC_MPOLY': 4, 'SBX_NONE': 1}"
18,49,UC,NONE,0.6873468751101984,0.0321250508063956,530807518.72,349541318.6781602,2356219.04,1786399.7943520816,0.7378726149422241,1.8946235585071136e-05,0.0,0.0,GREEDY_HV,"['SPC_MBFLIP', 'SBX_MNUF', 'SBX_MPOLY', 'UC_NONE', 'TPC_MPOLY', 'SPC_NONE', 'SPC_NONE', 'UC_MPOLY', 'UC_NONE', 'UC_NONE', 'TPC_NONE', 'SPC_MPOLY', 'SBX_MPOLY', 'UC_MPOLY', 'SPC_NONE', 'SPC_MPOLY', 'SPC_NONE', 'SPC_MPOLY', 'TPC_NONE', 'UC_NONE', 'UC_NONE', 'UC_NONE', 'SBX_NONE', 'TPC_NONE', 'UC_NONE', 'SPC_MPOLY', 'TPC_MPOLY', 'TPC_NONE', 'UC_NONE', 'TPC_NONE', 'UC_NONE', 'SPC_NONE', 'SPC_NONE', 'TPC_NONE', 'UC_NONE', 'SPC_NONE', 'UC_NONE', 'UC_NONE', 'UC_NONE', 'UC_NONE', 'SPC_NONE', 'UC_NONE', 'SPC_NONE', 'SPC_NONE', 'TPC_NONE', 'SPC_NONE', 'TPC_NONE', 'TPC_NONE', 'TPC_NONE', 'UC_NONE']","{'SBX_MNUF': 1, 'SBX_MPOLY': 2, 'UC_NONE': 16, 'TPC_MPOLY': 2, 'SPC_NONE': 11, 'UC_MPOLY': 2, 'TPC_NONE': 10, 'SPC_MPOLY': 4, 'SBX_NONE': 1}"
18,50,TPC,NONE,0.6866697606136271,0.0321699269112328,516474124.8,355657697.11338824,2320604.32,1794079.4142747358,0.7378461425348304,-2.647240739372947e-05,0.0,0.0,GREEDY_HV,"['SPC_MBFLIP', 'SBX_MNUF', 'SBX_MPOLY', 'UC_NONE', 'TPC_MPOLY', 'SPC_NONE', 'SPC_NONE', 'UC_MPOLY', 'UC_NONE', 'UC_NONE', 'TPC_NONE', 'SPC_MPOLY', 'SBX_MPOLY', 'UC_MPOLY', 'SPC_NONE', 'SPC_MPOLY', 'SPC_NONE', 'SPC_MPOLY', 'TPC_NONE', 'UC_NONE', 'UC_NONE', 'UC_NONE', 'SBX_NONE', 'TPC_NONE', 'UC_NONE', 'SPC_MPOLY', 'TPC_MPOLY', 'TPC_NONE', 'UC_NONE', 'TPC_NONE', 'UC_NONE', 'SPC_NONE', 'SPC_NONE', 'TPC_NONE', 'UC_NONE', 'SPC_NONE', 'UC_NONE', 'UC_NONE', 'UC_NONE', 'UC_NONE', 'SPC_NONE', 'UC_NONE', 'SPC_NONE', 'SPC_NONE', 'TPC_NONE', 'SPC_NONE', 'TPC_NONE', 'TPC_NONE', 'TPC_NONE', 'UC_NONE', 'TPC_NONE']","{'SBX_MNUF': 1, 'SBX_MPOLY': 2, 'UC_NONE': 16, 'TPC_MPOLY': 2, 'SPC_NONE': 11, 'UC_MPOLY': 2, 'TPC_NONE': 11, 'SPC_MPOLY': 4, 'SBX_NONE': 1}"
18,51,UC,NONE,0.6873666835254206,0.0318399924302737,536778649.6,358686938.1592682,2356587.68,1813514.1665503844,0.7378357539807909,-1.0388554039453268e-05,0.0,0.0,GREEDY_HV,"['SPC_MBFLIP', 'SBX_MNUF', 'SBX_MPOLY', 'UC_NONE', 'TPC_MPOLY', 'SPC_NONE', 'SPC_NONE', 'UC_MPOLY', 'UC_NONE', 'UC_NONE', 'TPC_NONE', 'SPC_MPOLY', 'SBX_MPOLY', 'UC_MPOLY', 'SPC_NONE', 'SPC_MPOLY', 'SPC_NONE', 'SPC_MPOLY', 'TPC_NONE', 'UC_NONE', 'UC_NONE', 'UC_NONE', 'SBX_NONE', 'TPC_NONE', 'UC_NONE', 'SPC_MPOLY', 'TPC_MPOLY', 'TPC_NONE', 'UC_NONE', 'TPC_NONE', 'UC_NONE', 'SPC_NONE', 'SPC_NONE', 'TPC_NONE', 'UC_NONE', 'SPC_NONE', 'UC_NONE', 'UC_NONE', 'UC_NONE', 'UC_NONE', 'SPC_NONE', 'UC_NONE', 'SPC_NONE', 'SPC_NONE', 'TPC_NONE', 'SPC_NONE', 'TPC_NONE', 'TPC_NONE', 'TPC_NONE', 'UC_NONE', 'TPC_NONE', 'UC_NONE']","{'SBX_MNUF': 1, 'SBX_MPOLY': 2, 'UC_NONE': 17, 'TPC_MPOLY': 2, 'SPC_NONE': 11, 'UC_MPOLY': 2, 'TPC_NONE': 11, 'SPC_MPOLY': 4, 'SBX_NONE': 1}"
18,52,TPC,NONE,0.6864102055290363,0.0325597251385011,538221209.6,366195100.9441289,2285277.6,1802824.322491352,0.7378426630666846,6.909085893624933e-06,0.0,0.0,GREEDY_HV,"['SPC_MBFLIP', 'SBX_MNUF', 'SBX_MPOLY', 'UC_NONE', 'TPC_MPOLY', 'SPC_NONE', 'SPC_NONE', 'UC_MPOLY', 'UC_NONE', 'UC_NONE', 'TPC_NONE', 'SPC_MPOLY', 'SBX_MPOLY', 'UC_MPOLY', 'SPC_NONE', 'SPC_MPOLY', 'SPC_NONE', 'SPC_MPOLY', 'TPC_NONE', 'UC_NONE', 'UC_NONE', 'UC_NONE', 'SBX_NONE', 'TPC_NONE', 'UC_NONE', 'SPC_MPOLY', 'TPC_MPOLY', 'TPC_NONE', 'UC_NONE', 'TPC_NONE', 'UC_NONE', 'SPC_NONE', 'SPC_NONE', 'TPC_NONE', 'UC_NONE', 'SPC_NONE', 'UC_NONE', 'UC_NONE', 'UC_NONE', 'UC_NONE', 'SPC_NONE', 'UC_NONE', 'SPC_NONE', 'SPC_NONE', 'TPC_NONE', 'SPC_NONE', 'TPC_NONE', 'TPC_NONE', 'TPC_NONE', 'UC_NONE', 'TPC_NONE', 'UC_NONE', 'TPC_NONE']","{'SBX_MNUF': 1, 'SBX_MPOLY': 2, 'UC_NONE': 17, 'TPC_MPOLY': 2, 'SPC_NONE': 11, 'UC_MPOLY': 2, 'TPC_NONE': 12, 'SPC_MPOLY': 4, 'SBX_NONE': 1}"
18,53,SPC,NONE,0.687215363661666,0.03228001878119,522215920.64,352421984.9841049,2391673.76,1822723.067597868,0.7378605368037805,1.7873737095941422e-05,0.0,0.0,GREEDY_HV,"['SPC_MBFLIP', 'SBX_MNUF', 'SBX_MPOLY', 'UC_NONE', 'TPC_MPOLY', 'SPC_NONE', 'SPC_NONE', 'UC_MPOLY', 'UC_NONE', 'UC_NONE', 'TPC_NONE', 'SPC_MPOLY', 'SBX_MPOLY', 'UC_MPOLY', 'SPC_NONE', 'SPC_MPOLY', 'SPC_NONE', 'SPC_MPOLY', 'TPC_NONE', 'UC_NONE', 'UC_NONE', 'UC_NONE', 'SBX_NONE', 'TPC_NONE', 'UC_NONE', 'SPC_MPOLY', 'TPC_MPOLY', 'TPC_NONE', 'UC_NONE', 'TPC_NONE', 'UC_NONE', 'SPC_NONE', 'SPC_NONE', 'TPC_NONE', 'UC_NONE', 'SPC_NONE', 'UC_NONE', 'UC_NONE', 'UC_NONE', 'UC_NONE', 'SPC_NONE', 'UC_NONE', 'SPC_NONE', 'SPC_NONE', 'TPC_NONE', 'SPC_NONE', 'TPC_NONE', 'TPC_NONE', 'TPC_NONE', 'UC_NONE', 'TPC_NONE', 'UC_NONE', 'TPC_NONE', 'SPC_NONE']","{'SBX_MNUF': 1, 'SBX_MPOLY': 2, 'UC_NONE': 17, 'TPC_MPOLY': 2, 'SPC_NONE': 12, 'UC_MPOLY': 2, 'TPC_NONE': 12, 'SPC_MPOLY': 4, 'SBX_NONE': 1}"
18,54,SPC,NONE,0.6859680285313933,0.0319642607119805,505844367.36,348507785.9811197,2206215.84,1768882.5415011288,0.7378571096805634,-3.4271232171034782e-06,0.01,0.0,GREEDY_HV,"['SPC_MBFLIP', 'SBX_MNUF', 'SBX_MPOLY', 'UC_NONE', 'TPC_MPOLY', 'SPC_NONE', 'SPC_NONE', 'UC_MPOLY', 'UC_NONE', 'UC_NONE', 'TPC_NONE', 'SPC_MPOLY', 'SBX_MPOLY', 'UC_MPOLY', 'SPC_NONE', 'SPC_MPOLY', 'SPC_NONE', 'SPC_MPOLY', 'TPC_NONE', 'UC_NONE', 'UC_NONE', 'UC_NONE', 'SBX_NONE', 'TPC_NONE', 'UC_NONE', 'SPC_MPOLY', 'TPC_MPOLY', 'TPC_NONE', 'UC_NONE', 'TPC_NONE', 'UC_NONE', 'SPC_NONE', 'SPC_NONE', 'TPC_NONE', 'UC_NONE', 'SPC_NONE', 'UC_NONE', 'UC_NONE', 'UC_NONE', 'UC_NONE', 'SPC_NONE', 'UC_NONE', 'SPC_NONE', 'SPC_NONE', 'TPC_NONE', 'SPC_NONE', 'TPC_NONE', 'TPC_NONE', 'TPC_NONE', 'UC_NONE', 'TPC_NONE', 'UC_NONE', 'TPC_NONE', 'SPC_NONE', 'SPC_NONE']","{'SBX_MNUF': 1, 'SBX_MPOLY': 2, 'UC_NONE': 17, 'TPC_MPOLY': 2, 'SPC_NONE': 13, 'UC_MPOLY': 2, 'TPC_NONE': 12, 'SPC_MPOLY': 4, 'SBX_NONE': 1}"
18,55,SPC,NONE,0.6851131511057104,0.0321774645764984,506189731.84,354985784.9330239,2170443.68,1760807.725862531,0.7378607368017194,3.627121155980184e-06,0.0,0.0,GREEDY_HV,"['SPC_MBFLIP', 'SBX_MNUF', 'SBX_MPOLY', 'UC_NONE', 'TPC_MPOLY', 'SPC_NONE', 'SPC_NONE', 'UC_MPOLY', 'UC_NONE', 'UC_NONE', 'TPC_NONE', 'SPC_MPOLY', 'SBX_MPOLY', 'UC_MPOLY', 'SPC_NONE', 'SPC_MPOLY', 'SPC_NONE', 'SPC_MPOLY', 'TPC_NONE', 'UC_NONE', 'UC_NONE', 'UC_NONE', 'SBX_NONE', 'TPC_NONE', 'UC_NONE', 'SPC_MPOLY', 'TPC_MPOLY', 'TPC_NONE', 'UC_NONE', 'TPC_NONE', 'UC_NONE', 'SPC_NONE', 'SPC_NONE', 'TPC_NONE', 'UC_NONE', 'SPC_NONE', 'UC_NONE', 'UC_NONE', 'UC_NONE', 'UC_NONE', 'SPC_NONE', 'UC_NONE', 'SPC_NONE', 'SPC_NONE', 'TPC_NONE', 'SPC_NONE', 'TPC_NONE', 'TPC_NONE', 'TPC_NONE', 'UC_NONE', 'TPC_NONE', 'UC_NONE', 'TPC_NONE', 'SPC_NONE', 'SPC_NONE', 'SPC_NONE']","{'SBX_MNUF': 1, 'SBX_MPOLY': 2, 'UC_NONE': 17, 'TPC_MPOLY': 2, 'SPC_NONE': 14, 'UC_MPOLY': 2, 'TPC_NONE': 12, 'SPC_MPOLY': 4, 'SBX_NONE': 1}"
18,56,TPC,NONE,0.6859904111064294,0.0324532040371563,527792158.72,361094024.23879296,2291490.72,1820257.1752845808,0.7378983181826995,3.758138098008956e-05,0.0,0.0,GREEDY_HV,"['SPC_MBFLIP', 'SBX_MNUF', 'SBX_MPOLY', 'UC_NONE', 'TPC_MPOLY', 'SPC_NONE', 'SPC_NONE', 'UC_MPOLY', 'UC_NONE', 'UC_NONE', 'TPC_NONE', 'SPC_MPOLY', 'SBX_MPOLY', 'UC_MPOLY', 'SPC_NONE', 'SPC_MPOLY', 'SPC_NONE', 'SPC_MPOLY', 'TPC_NONE', 'UC_NONE', 'UC_NONE', 'UC_NONE', 'SBX_NONE', 'TPC_NONE', 'UC_NONE', 'SPC_MPOLY', 'TPC_MPOLY', 'TPC_NONE', 'UC_NONE', 'TPC_NONE', 'UC_NONE', 'SPC_NONE', 'SPC_NONE', 'TPC_NONE', 'UC_NONE', 'SPC_NONE', 'UC_NONE', 'UC_NONE', 'UC_NONE', 'UC_NONE', 'SPC_NONE', 'UC_NONE', 'SPC_NONE', 'SPC_NONE', 'TPC_NONE', 'SPC_NONE', 'TPC_NONE', 'TPC_NONE', 'TPC_NONE', 'UC_NONE', 'TPC_NONE', 'UC_NONE', 'TPC_NONE', 'SPC_NONE', 'SPC_NONE', 'SPC_NONE', 'TPC_NONE']","{'SBX_MNUF': 1, 'SBX_MPOLY': 2, 'UC_NONE': 17, 'TPC_MPOLY': 2, 'SPC_NONE': 14, 'UC_MPOLY': 2, 'TPC_NONE': 13, 'SPC_MPOLY': 4, 'SBX_NONE': 1}"
18,57,SPC,NONE,0.6860031363268692,0.0323304746225679,512421186.56,354644827.55727977,2254384.8,1762908.4407246562,0.7379073054150933,8.987232393842248e-06,0.01,0.0,GREEDY_HV,"['SPC_MBFLIP', 'SBX_MNUF', 'SBX_MPOLY', 'UC_NONE', 'TPC_MPOLY', 'SPC_NONE', 'SPC_NONE', 'UC_MPOLY', 'UC_NONE', 'UC_NONE', 'TPC_NONE', 'SPC_MPOLY', 'SBX_MPOLY', 'UC_MPOLY', 'SPC_NONE', 'SPC_MPOLY', 'SPC_NONE', 'SPC_MPOLY', 'TPC_NONE', 'UC_NONE', 'UC_NONE', 'UC_NONE', 'SBX_NONE', 'TPC_NONE', 'UC_NONE', 'SPC_MPOLY', 'TPC_MPOLY', 'TPC_NONE', 'UC_NONE', 'TPC_NONE', 'UC_NONE', 'SPC_NONE', 'SPC_NONE', 'TPC_NONE', 'UC_NONE', 'SPC_NONE', 'UC_NONE', 'UC_NONE', 'UC_NONE', 'UC_NONE', 'SPC_NONE', 'UC_NONE', 'SPC_NONE', 'SPC_NONE', 'TPC_NONE', 'SPC_NONE', 'TPC_NONE', 'TPC_NONE', 'TPC_NONE', 'UC_NONE', 'TPC_NONE', 'UC_NONE', 'TPC_NONE', 'SPC_NONE', 'SPC_NONE', 'SPC_NONE', 'TPC_NONE', 'SPC_NONE']","{'SBX_MNUF': 1, 'SBX_MPOLY': 2, 'UC_NONE': 17, 'TPC_MPOLY': 2, 'SPC_NONE': 15, 'UC_MPOLY': 2, 'TPC_NONE': 13, 'SPC_MPOLY': 4, 'SBX_NONE': 1}"
18,58,SPC,NONE,0.6876833541994096,0.0316836143863358,525777722.88,340645746.08585185,2339321.76,1788413.0792354054,0.7379114150309208,4.10961582753e-06,0.0,0.0,GREEDY_HV,"['SPC_MBFLIP', 'SBX_MNUF', 'SBX_MPOLY', 'UC_NONE', 'TPC_MPOLY', 'SPC_NONE', 'SPC_NONE', 'UC_MPOLY', 'UC_NONE', 'UC_NONE', 'TPC_NONE', 'SPC_MPOLY', 'SBX_MPOLY', 'UC_MPOLY', 'SPC_NONE', 'SPC_MPOLY', 'SPC_NONE', 'SPC_MPOLY', 'TPC_NONE', 'UC_NONE', 'UC_NONE', 'UC_NONE', 'SBX_NONE', 'TPC_NONE', 'UC_NONE', 'SPC_MPOLY', 'TPC_MPOLY', 'TPC_NONE', 'UC_NONE', 'TPC_NONE', 'UC_NONE', 'SPC_NONE', 'SPC_NONE', 'TPC_NONE', 'UC_NONE', 'SPC_NONE', 'UC_NONE', 'UC_NONE', 'UC_NONE', 'UC_NONE', 'SPC_NONE', 'UC_NONE', 'SPC_NONE', 'SPC_NONE', 'TPC_NONE', 'SPC_NONE', 'TPC_NONE', 'TPC_NONE', 'TPC_NONE', 'UC_NONE', 'TPC_NONE', 'UC_NONE', 'TPC_NONE', 'SPC_NONE', 'SPC_NONE', 'SPC_NONE', 'TPC_NONE', 'SPC_NONE', 'SPC_NONE']","{'SBX_MNUF': 1, 'SBX_MPOLY': 2, 'UC_NONE': 17, 'TPC_MPOLY': 2, 'SPC_NONE': 16, 'UC_MPOLY': 2, 'TPC_NONE': 13, 'SPC_MPOLY': 4, 'SBX_NONE': 1}"
18,59,SPC,NONE,0.6857868363593559,0.0323653482898833,508938094.08,351738956.6881326,2320486.56,1845647.821144089,0.7378987802806181,-1.263475030277572e-05,0.0,0.0,GREEDY_HV,"['SPC_MBFLIP', 'SBX_MNUF', 'SBX_MPOLY', 'UC_NONE', 'TPC_MPOLY', 'SPC_NONE', 'SPC_NONE', 'UC_MPOLY', 'UC_NONE', 'UC_NONE', 'TPC_NONE', 'SPC_MPOLY', 'SBX_MPOLY', 'UC_MPOLY', 'SPC_NONE', 'SPC_MPOLY', 'SPC_NONE', 'SPC_MPOLY', 'TPC_NONE', 'UC_NONE', 'UC_NONE', 'UC_NONE', 'SBX_NONE', 'TPC_NONE', 'UC_NONE', 'SPC_MPOLY', 'TPC_MPOLY', 'TPC_NONE', 'UC_NONE', 'TPC_NONE', 'UC_NONE', 'SPC_NONE', 'SPC_NONE', 'TPC_NONE', 'UC_NONE', 'SPC_NONE', 'UC_NONE', 'UC_NONE', 'UC_NONE', 'UC_NONE', 'SPC_NONE', 'UC_NONE', 'SPC_NONE', 'SPC_NONE', 'TPC_NONE', 'SPC_NONE', 'TPC_NONE', 'TPC_NONE', 'TPC_NONE', 'UC_NONE', 'TPC_NONE', 'UC_NONE', 'TPC_NONE', 'SPC_NONE', 'SPC_NONE', 'SPC_NONE', 'TPC_NONE', 'SPC_NONE', 'SPC_NONE', 'SPC_NONE']","{'SBX_MNUF': 1, 'SBX_MPOLY': 2, 'UC_NONE': 17, 'TPC_MPOLY': 2, 'SPC_NONE': 17, 'UC_MPOLY': 2, 'TPC_NONE': 13, 'SPC_MPOLY': 4, 'SBX_NONE': 1}"
18,60,SPC,NONE,0.6866301582933761,0.0319660620865639,520196026.88,347554060.4512018,2295325.6,1787373.6489347273,0.737880669995217,-1.8110285401107266e-05,0.0,0.0,GREEDY_HV,"['SPC_MBFLIP', 'SBX_MNUF', 'SBX_MPOLY', 'UC_NONE', 'TPC_MPOLY', 'SPC_NONE', 'SPC_NONE', 'UC_MPOLY', 'UC_NONE', 'UC_NONE', 'TPC_NONE', 'SPC_MPOLY', 'SBX_MPOLY', 'UC_MPOLY', 'SPC_NONE', 'SPC_MPOLY', 'SPC_NONE', 'SPC_MPOLY', 'TPC_NONE', 'UC_NONE', 'UC_NONE', 'UC_NONE', 'SBX_NONE', 'TPC_NONE', 'UC_NONE', 'SPC_MPOLY', 'TPC_MPOLY', 'TPC_NONE', 'UC_NONE', 'TPC_NONE', 'UC_NONE', 'SPC_NONE', 'SPC_NONE', 'TPC_NONE', 'UC_NONE', 'SPC_NONE', 'UC_NONE', 'UC_NONE', 'UC_NONE', 'UC_NONE', 'SPC_NONE', 'UC_NONE', 'SPC_NONE', 'SPC_NONE', 'TPC_NONE', 'SPC_NONE', 'TPC_NONE', 'TPC_NONE', 'TPC_NONE', 'UC_NONE', 'TPC_NONE', 'UC_NONE', 'TPC_NONE', 'SPC_NONE', 'SPC_NONE', 'SPC_NONE', 'TPC_NONE', 'SPC_NONE', 'SPC_NONE', 'SPC_NONE', 'SPC_NONE']","{'SBX_MNUF': 1, 'SBX_MPOLY': 2, 'UC_NONE': 17, 'TPC_MPOLY': 2, 'SPC_NONE': 18, 'UC_MPOLY': 2, 'TPC_NONE': 13, 'SPC_MPOLY': 4, 'SBX_NONE': 1}"
18,61,UC,NONE,0.6855734028083112,0.0316631353221322,488812556.8,338281330.712932,2239850.4,1737606.7951012622,0.7378831383647664,2.4683695494243096e-06,0.0,0.0,GREEDY_HV,"['SPC_MBFLIP', 'SBX_MNUF', 'SBX_MPOLY', 'UC_NONE', 'TPC_MPOLY', 'SPC_NONE', 'SPC_NONE', 'UC_MPOLY', 'UC_NONE', 'UC_NONE', 'TPC_NONE', 'SPC_MPOLY', 'SBX_MPOLY', 'UC_MPOLY', 'SPC_NONE', 'SPC_MPOLY', 'SPC_NONE', 'SPC_MPOLY', 'TPC_NONE', 'UC_NONE', 'UC_NONE', 'UC_NONE', 'SBX_NONE', 'TPC_NONE', 'UC_NONE', 'SPC_MPOLY', 'TPC_MPOLY', 'TPC_NONE', 'UC_NONE', 'TPC_NONE', 'UC_NONE', 'SPC_NONE', 'SPC_NONE', 'TPC_NONE', 'UC_NONE', 'SPC_NONE', 'UC_NONE', 'UC_NONE', 'UC_NONE', 'UC_NONE', 'SPC_NONE', 'UC_NONE', 'SPC_NONE', 'SPC_NONE', 'TPC_NONE', 'SPC_NONE', 'TPC_NONE', 'TPC_NONE', 'TPC_NONE', 'UC_NONE', 'TPC_NONE', 'UC_NONE', 'TPC_NONE', 'SPC_NONE', 'SPC_NONE', 'SPC_NONE', 'TPC_NONE', 'SPC_NONE', 'SPC_NONE', 'SPC_NONE', 'SPC_NONE', 'UC_NONE']","{'SBX_MNUF': 1, 'SBX_MPOLY': 2, 'UC_NONE': 18, 'TPC_MPOLY': 2, 'SPC_NONE': 18, 'UC_MPOLY': 2, 'TPC_NONE': 13, 'SPC_MPOLY': 4, 'SBX_NONE': 1}"
18,62,SPC,NONE,0.6867791802554973,0.031423063780907,521091985.92,346264658.23862475,2222054.56,1708774.7060041376,0.7379079113130407,2.4772948274298656e-05,0.0,0.0,GREEDY_HV,"['SPC_MBFLIP', 'SBX_MNUF', 'SBX_MPOLY', 'UC_NONE', 'TPC_MPOLY', 'SPC_NONE', 'SPC_NONE', 'UC_MPOLY', 'UC_NONE', 'UC_NONE', 'TPC_NONE', 'SPC_MPOLY', 'SBX_MPOLY', 'UC_MPOLY', 'SPC_NONE', 'SPC_MPOLY', 'SPC_NONE', 'SPC_MPOLY', 'TPC_NONE', 'UC_NONE', 'UC_NONE', 'UC_NONE', 'SBX_NONE', 'TPC_NONE', 'UC_NONE', 'SPC_MPOLY', 'TPC_MPOLY', 'TPC_NONE', 'UC_NONE', 'TPC_NONE', 'UC_NONE', 'SPC_NONE', 'SPC_NONE', 'TPC_NONE', 'UC_NONE', 'SPC_NONE', 'UC_NONE', 'UC_NONE', 'UC_NONE', 'UC_NONE', 'SPC_NONE', 'UC_NONE', 'SPC_NONE', 'SPC_NONE', 'TPC_NONE', 'SPC_NONE', 'TPC_NONE', 'TPC_NONE', 'TPC_NONE', 'UC_NONE', 'TPC_NONE', 'UC_NONE', 'TPC_NONE', 'SPC_NONE', 'SPC_NONE', 'SPC_NONE', 'TPC_NONE', 'SPC_NONE', 'SPC_NONE', 'SPC_NONE', 'SPC_NONE', 'UC_NONE', 'SPC_NONE']","{'SBX_MNUF': 1, 'SBX_MPOLY': 2, 'UC_NONE': 18, 'TPC_MPOLY': 2, 'SPC_NONE': 19, 'UC_MPOLY': 2, 'TPC_NONE': 13, 'SPC_MPOLY': 4, 'SBX_NONE': 1}"
18,63,SPC,NONE,0.6866293776726071,0.0317705850446752,515517468.16,350720243.3060373,2282642.08,1749218.9826501182,0.7378974004201801,-1.0510892860526866e-05,0.0,0.0,GREEDY_HV,"['SPC_MBFLIP', 'SBX_MNUF', 'SBX_MPOLY', 'UC_NONE', 'TPC_MPOLY', 'SPC_NONE', 'SPC_NONE', 'UC_MPOLY', 'UC_NONE', 'UC_NONE', 'TPC_NONE', 'SPC_MPOLY', 'SBX_MPOLY', 'UC_MPOLY', 'SPC_NONE', 'SPC_MPOLY', 'SPC_NONE', 'SPC_MPOLY', 'TPC_NONE', 'UC_NONE', 'UC_NONE', 'UC_NONE', 'SBX_NONE', 'TPC_NONE', 'UC_NONE', 'SPC_MPOLY', 'TPC_MPOLY', 'TPC_NONE', 'UC_NONE', 'TPC_NONE', 'UC_NONE', 'SPC_NONE', 'SPC_NONE', 'TPC_NONE', 'UC_NONE', 'SPC_NONE', 'UC_NONE', 'UC_NONE', 'UC_NONE', 'UC_NONE', 'SPC_NONE', 'UC_NONE', 'SPC_NONE', 'SPC_NONE', 'TPC_NONE', 'SPC_NONE', 'TPC_NONE', 'TPC_NONE', 'TPC_NONE', 'UC_NONE', 'TPC_NONE', 'UC_NONE', 'TPC_NONE', 'SPC_NONE', 'SPC_NONE', 'SPC_NONE', 'TPC_NONE', 'SPC_NONE', 'SPC_NONE', 'SPC_NONE', 'SPC_NONE', 'UC_NONE', 'SPC_NONE', 'SPC_NONE']","{'SBX_MNUF': 1, 'SBX_MPOLY': 2, 'UC_NONE': 18, 'TPC_MPOLY': 2, 'SPC_NONE': 20, 'UC_MPOLY': 2, 'TPC_NONE': 13, 'SPC_MPOLY': 4, 'SBX_NONE': 1}"
18,64,SBX,MPOLY,0.688453504993857,0.0295051581017878,521744719.36,348003766.2225295,2320485.28,1724427.8654693917,0.7378804633873677,-1.693703281246961e-05,0.0,0.025,GREEDY_HV,"['SPC_MBFLIP', 'SBX_MNUF', 'SBX_MPOLY', 'UC_NONE', 'TPC_MPOLY', 'SPC_NONE', 'SPC_NONE', 'UC_MPOLY', 'UC_NONE', 'UC_NONE', 'TPC_NONE', 'SPC_MPOLY', 'SBX_MPOLY', 'UC_MPOLY', 'SPC_NONE', 'SPC_MPOLY', 'SPC_NONE', 'SPC_MPOLY', 'TPC_NONE', 'UC_NONE', 'UC_NONE', 'UC_NONE', 'SBX_NONE', 'TPC_NONE', 'UC_NONE', 'SPC_MPOLY', 'TPC_MPOLY', 'TPC_NONE', 'UC_NONE', 'TPC_NONE', 'UC_NONE', 'SPC_NONE', 'SPC_NONE', 'TPC_NONE', 'UC_NONE', 'SPC_NONE', 'UC_NONE', 'UC_NONE', 'UC_NONE', 'UC_NONE', 'SPC_NONE', 'UC_NONE', 'SPC_NONE', 'SPC_NONE', 'TPC_NONE', 'SPC_NONE', 'TPC_NONE', 'TPC_NONE', 'TPC_NONE', 'UC_NONE', 'TPC_NONE', 'UC_NONE', 'TPC_NONE', 'SPC_NONE', 'SPC_NONE', 'SPC_NONE', 'TPC_NONE', 'SPC_NONE', 'SPC_NONE', 'SPC_NONE', 'SPC_NONE', 'UC_NONE', 'SPC_NONE', 'SPC_NONE', 'SBX_MPOLY']","{'SBX_MNUF': 1, 'SBX_MPOLY': 3, 'UC_NONE': 18, 'TPC_MPOLY': 2, 'SPC_NONE': 20, 'UC_MPOLY': 2, 'TPC_NONE': 13, 'SPC_MPOLY': 4, 'SBX_NONE': 1}"
18,65,SBX,MPOLY,0.6862332686260251,0.0323914214575467,503877228.8,340831500.47445875,2229442.72,1696037.1993017492,0.7381805586935386,0.0003000953061709,0.0,0.03,GREEDY_HV,"['SPC_MBFLIP', 'SBX_MNUF', 'SBX_MPOLY', 'UC_NONE', 'TPC_MPOLY', 'SPC_NONE', 'SPC_NONE', 'UC_MPOLY', 'UC_NONE', 'UC_NONE', 'TPC_NONE', 'SPC_MPOLY', 'SBX_MPOLY', 'UC_MPOLY', 'SPC_NONE', 'SPC_MPOLY', 'SPC_NONE', 'SPC_MPOLY', 'TPC_NONE', 'UC_NONE', 'UC_NONE', 'UC_NONE', 'SBX_NONE', 'TPC_NONE', 'UC_NONE', 'SPC_MPOLY', 'TPC_MPOLY', 'TPC_NONE', 'UC_NONE', 'TPC_NONE', 'UC_NONE', 'SPC_NONE', 'SPC_NONE', 'TPC_NONE', 'UC_NONE', 'SPC_NONE', 'UC_NONE', 'UC_NONE', 'UC_NONE', 'UC_NONE', 'SPC_NONE', 'UC_NONE', 'SPC_NONE', 'SPC_NONE', 'TPC_NONE', 'SPC_NONE', 'TPC_NONE', 'TPC_NONE', 'TPC_NONE', 'UC_NONE', 'TPC_NONE', 'UC_NONE', 'TPC_NONE', 'SPC_NONE', 'SPC_NONE', 'SPC_NONE', 'TPC_NONE', 'SPC_NONE', 'SPC_NONE', 'SPC_NONE', 'SPC_NONE', 'UC_NONE', 'SPC_NONE', 'SPC_NONE', 'SBX_MPOLY', 'SBX_MPOLY']","{'SBX_MNUF': 1, 'SBX_MPOLY': 4, 'UC_NONE': 18, 'TPC_MPOLY': 2, 'SPC_NONE': 20, 'UC_MPOLY': 2, 'TPC_NONE': 13, 'SPC_MPOLY': 4, 'SBX_NONE': 1}"
18,66,SPC,NONE,0.6870912390256233,0.0362755803111321,541032716.8,343610247.72375125,2472381.6,1797010.1748322295,0.7382897950267066,0.0001092363331679,0.01,0.0,GREEDY_HV,"['SPC_MBFLIP', 'SBX_MNUF', 'SBX_MPOLY', 'UC_NONE', 'TPC_MPOLY', 'SPC_NONE', 'SPC_NONE', 'UC_MPOLY', 'UC_NONE', 'UC_NONE', 'TPC_NONE', 'SPC_MPOLY', 'SBX_MPOLY', 'UC_MPOLY', 'SPC_NONE', 'SPC_MPOLY', 'SPC_NONE', 'SPC_MPOLY', 'TPC_NONE', 'UC_NONE', 'UC_NONE', 'UC_NONE', 'SBX_NONE', 'TPC_NONE', 'UC_NONE', 'SPC_MPOLY', 'TPC_MPOLY', 'TPC_NONE', 'UC_NONE', 'TPC_NONE', 'UC_NONE', 'SPC_NONE', 'SPC_NONE', 'TPC_NONE', 'UC_NONE', 'SPC_NONE', 'UC_NONE', 'UC_NONE', 'UC_NONE', 'UC_NONE', 'SPC_NONE', 'UC_NONE', 'SPC_NONE', 'SPC_NONE', 'TPC_NONE', 'SPC_NONE', 'TPC_NONE', 'TPC_NONE', 'TPC_NONE', 'UC_NONE', 'TPC_NONE', 'UC_NONE', 'TPC_NONE', 'SPC_NONE', 'SPC_NONE', 'SPC_NONE', 'TPC_NONE', 'SPC_NONE', 'SPC_NONE', 'SPC_NONE', 'SPC_NONE', 'UC_NONE', 'SPC_NONE', 'SPC_NONE', 'SBX_MPOLY', 'SBX_MPOLY', 'SPC_NONE']","{'SBX_MNUF': 1, 'SBX_MPOLY': 4, 'UC_NONE': 18, 'TPC_MPOLY': 2, 'SPC_NONE': 21, 'UC_MPOLY': 2, 'TPC_NONE': 13, 'SPC_MPOLY': 4, 'SBX_NONE': 1}"
18,67,SPC,NONE,0.683678312277771,0.0363382764915157,492939169.28,346405673.8781722,2278854.56,1796449.870805018,0.7382539792906204,-3.581573608613109e-05,0.0,0.0,GREEDY_HV,"['SPC_MBFLIP', 'SBX_MNUF', 'SBX_MPOLY', 'UC_NONE', 'TPC_MPOLY', 'SPC_NONE', 'SPC_NONE', 'UC_MPOLY', 'UC_NONE', 'UC_NONE', 'TPC_NONE', 'SPC_MPOLY', 'SBX_MPOLY', 'UC_MPOLY', 'SPC_NONE', 'SPC_MPOLY', 'SPC_NONE', 'SPC_MPOLY', 'TPC_NONE', 'UC_NONE', 'UC_NONE', 'UC_NONE', 'SBX_NONE', 'TPC_NONE', 'UC_NONE', 'SPC_MPOLY', 'TPC_MPOLY', 'TPC_NONE', 'UC_NONE', 'TPC_NONE', 'UC_NONE', 'SPC_NONE', 'SPC_NONE', 'TPC_NONE', 'UC_NONE', 'SPC_NONE', 'UC_NONE', 'UC_NONE', 'UC_NONE', 'UC_NONE', 'SPC_NONE', 'UC_NONE', 'SPC_NONE', 'SPC_NONE', 'TPC_NONE', 'SPC_NONE', 'TPC_NONE', 'TPC_NONE', 'TPC_NONE', 'UC_NONE', 'TPC_NONE', 'UC_NONE', 'TPC_NONE', 'SPC_NONE', 'SPC_NONE', 'SPC_NONE', 'TPC_NONE', 'SPC_NONE', 'SPC_NONE', 'SPC_NONE', 'SPC_NONE', 'UC_NONE', 'SPC_NONE', 'SPC_NONE', 'SBX_MPOLY', 'SBX_MPOLY', 'SPC_NONE', 'SPC_NONE']","{'SBX_MNUF': 1, 'SBX_MPOLY': 4, 'UC_NONE': 18, 'TPC_MPOLY': 2, 'SPC_NONE': 22, 'UC_MPOLY': 2, 'TPC_NONE': 13, 'SPC_MPOLY': 4, 'SBX_NONE': 1}"
18,68,SPC,NONE,0.68459329633428,0.0367589867942403,525975370.24,355991385.6128847,2374276.0,1867956.8915365045,0.738265797336727,1.18180461066153e-05,0.01,0.0,GREEDY_HV,"['SPC_MBFLIP', 'SBX_MNUF', 'SBX_MPOLY', 'UC_NONE', 'TPC_MPOLY', 'SPC_NONE', 'SPC_NONE', 'UC_MPOLY', 'UC_NONE', 'UC_NONE', 'TPC_NONE', 'SPC_MPOLY', 'SBX_MPOLY', 'UC_MPOLY', 'SPC_NONE', 'SPC_MPOLY', 'SPC_NONE', 'SPC_MPOLY', 'TPC_NONE', 'UC_NONE', 'UC_NONE', 'UC_NONE', 'SBX_NONE', 'TPC_NONE', 'UC_NONE', 'SPC_MPOLY', 'TPC_MPOLY', 'TPC_NONE', 'UC_NONE', 'TPC_NONE', 'UC_NONE', 'SPC_NONE', 'SPC_NONE', 'TPC_NONE', 'UC_NONE', 'SPC_NONE', 'UC_NONE', 'UC_NONE', 'UC_NONE', 'UC_NONE', 'SPC_NONE', 'UC_NONE', 'SPC_NONE', 'SPC_NONE', 'TPC_NONE', 'SPC_NONE', 'TPC_NONE', 'TPC_NONE', 'TPC_NONE', 'UC_NONE', 'TPC_NONE', 'UC_NONE', 'TPC_NONE', 'SPC_NONE', 'SPC_NONE', 'SPC_NONE', 'TPC_NONE', 'SPC_NONE', 'SPC_NONE', 'SPC_NONE', 'SPC_NONE', 'UC_NONE', 'SPC_NONE', 'SPC_NONE', 'SBX_MPOLY', 'SBX_MPOLY', 'SPC_NONE', 'SPC_NONE', 'SPC_NONE']","{'SBX_MNUF': 1, 'SBX_MPOLY': 4, 'UC_NONE': 18, 'TPC_MPOLY': 2, 'SPC_NONE': 23, 'UC_MPOLY': 2, 'TPC_NONE': 13, 'SPC_MPOLY': 4, 'SBX_NONE': 1}"
18,69,SPC,NONE,0.6834550047923982,0.0362879360614271,491667151.36,347251421.50715697,2240910.24,1791562.1122645629,0.7382795115937519,1.3714257024899368e-05,0.0,0.0,GREEDY_HV,"['SPC_MBFLIP', 'SBX_MNUF', 'SBX_MPOLY', 'UC_NONE', 'TPC_MPOLY', 'SPC_NONE', 'SPC_NONE', 'UC_MPOLY', 'UC_NONE', 'UC_NONE', 'TPC_NONE', 'SPC_MPOLY', 'SBX_MPOLY', 'UC_MPOLY', 'SPC_NONE', 'SPC_MPOLY', 'SPC_NONE', 'SPC_MPOLY', 'TPC_NONE', 'UC_NONE', 'UC_NONE', 'UC_NONE', 'SBX_NONE', 'TPC_NONE', 'UC_NONE', 'SPC_MPOLY', 'TPC_MPOLY', 'TPC_NONE', 'UC_NONE', 'TPC_NONE', 'UC_NONE', 'SPC_NONE', 'SPC_NONE', 'TPC_NONE', 'UC_NONE', 'SPC_NONE', 'UC_NONE', 'UC_NONE', 'UC_NONE', 'UC_NONE', 'SPC_NONE', 'UC_NONE', 'SPC_NONE', 'SPC_NONE', 'TPC_NONE', 'SPC_NONE', 'TPC_NONE', 'TPC_NONE', 'TPC_NONE', 'UC_NONE', 'TPC_NONE', 'UC_NONE', 'TPC_NONE', 'SPC_NONE', 'SPC_NONE', 'SPC_NONE', 'TPC_NONE', 'SPC_NONE', 'SPC_NONE', 'SPC_NONE', 'SPC_NONE', 'UC_NONE', 'SPC_NONE', 'SPC_NONE', 'SBX_MPOLY', 'SBX_MPOLY', 'SPC_NONE', 'SPC_NONE', 'SPC_NONE', 'SPC_NONE']","{'SBX_MNUF': 1, 'SBX_MPOLY': 4, 'UC_NONE': 18, 'TPC_MPOLY': 2, 'SPC_NONE': 24, 'UC_MPOLY': 2, 'TPC_NONE': 13, 'SPC_MPOLY': 4, 'SBX_NONE': 1}"
18,70,SPC,NONE,0.6840234357839298,0.0364936964847024,521206213.12,358372380.40136075,2204143.52,1745092.024491021,0.7382960647997181,1.6553205966163276e-05,0.0,0.0,GREEDY_HV,"['SPC_MBFLIP', 'SBX_MNUF', 'SBX_MPOLY', 'UC_NONE', 'TPC_MPOLY', 'SPC_NONE', 'SPC_NONE', 'UC_MPOLY', 'UC_NONE', 'UC_NONE', 'TPC_NONE', 'SPC_MPOLY', 'SBX_MPOLY', 'UC_MPOLY', 'SPC_NONE', 'SPC_MPOLY', 'SPC_NONE', 'SPC_MPOLY', 'TPC_NONE', 'UC_NONE', 'UC_NONE', 'UC_NONE', 'SBX_NONE', 'TPC_NONE', 'UC_NONE', 'SPC_MPOLY', 'TPC_MPOLY', 'TPC_NONE', 'UC_NONE', 'TPC_NONE', 'UC_NONE', 'SPC_NONE', 'SPC_NONE', 'TPC_NONE', 'UC_NONE', 'SPC_NONE', 'UC_NONE', 'UC_NONE', 'UC_NONE', 'UC_NONE', 'SPC_NONE', 'UC_NONE', 'SPC_NONE', 'SPC_NONE', 'TPC_NONE', 'SPC_NONE', 'TPC_NONE', 'TPC_NONE', 'TPC_NONE', 'UC_NONE', 'TPC_NONE', 'UC_NONE', 'TPC_NONE', 'SPC_NONE', 'SPC_NONE', 'SPC_NONE', 'TPC_NONE', 'SPC_NONE', 'SPC_NONE', 'SPC_NONE', 'SPC_NONE', 'UC_NONE', 'SPC_NONE', 'SPC_NONE', 'SBX_MPOLY', 'SBX_MPOLY', 'SPC_NONE', 'SPC_NONE', 'SPC_NONE', 'SPC_NONE', 'SPC_NONE']","{'SBX_MNUF': 1, 'SBX_MPOLY': 4, 'UC_NONE': 18, 'TPC_MPOLY': 2, 'SPC_NONE': 25, 'UC_MPOLY': 2, 'TPC_NONE': 13, 'SPC_MPOLY': 4, 'SBX_NONE': 1}"
18,71,SPC,NONE,0.6834822690120518,0.0362969580734226,486745249.28,343236375.82268643,2209043.36,1751447.9081053566,0.7383188515092677,2.2786709549582614e-05,0.0,0.0,GREEDY_HV,"['SPC_MBFLIP', 'SBX_MNUF', 'SBX_MPOLY', 'UC_NONE', 'TPC_MPOLY', 'SPC_NONE', 'SPC_NONE', 'UC_MPOLY', 'UC_NONE', 'UC_NONE', 'TPC_NONE', 'SPC_MPOLY', 'SBX_MPOLY', 'UC_MPOLY', 'SPC_NONE', 'SPC_MPOLY', 'SPC_NONE', 'SPC_MPOLY', 'TPC_NONE', 'UC_NONE', 'UC_NONE', 'UC_NONE', 'SBX_NONE', 'TPC_NONE', 'UC_NONE', 'SPC_MPOLY', 'TPC_MPOLY', 'TPC_NONE', 'UC_NONE', 'TPC_NONE', 'UC_NONE', 'SPC_NONE', 'SPC_NONE', 'TPC_NONE', 'UC_NONE', 'SPC_NONE', 'UC_NONE', 'UC_NONE', 'UC_NONE', 'UC_NONE', 'SPC_NONE', 'UC_NONE', 'SPC_NONE', 'SPC_NONE', 'TPC_NONE', 'SPC_NONE', 'TPC_NONE', 'TPC_NONE', 'TPC_NONE', 'UC_NONE', 'TPC_NONE', 'UC_NONE', 'TPC_NONE', 'SPC_NONE', 'SPC_NONE', 'SPC_NONE', 'TPC_NONE', 'SPC_NONE', 'SPC_NONE', 'SPC_NONE', 'SPC_NONE', 'UC_NONE', 'SPC_NONE', 'SPC_NONE', 'SBX_MPOLY', 'SBX_MPOLY', 'SPC_NONE', 'SPC_NONE', 'SPC_NONE', 'SPC_NONE', 'SPC_NONE', 'SPC_NONE']","{'SBX_MNUF': 1, 'SBX_MPOLY': 4, 'UC_NONE': 18, 'TPC_MPOLY': 2, 'SPC_NONE': 26, 'UC_MPOLY': 2, 'TPC_NONE': 13, 'SPC_MPOLY': 4, 'SBX_NONE': 1}"
18,72,TPC,NONE,0.6847130619106505,0.0366049997004038,512899842.56,355648320.74146616,2340064.16,1831351.919360289,0.738309762590651,-9.08891861672867e-06,0.0,0.0,GREEDY_HV,"['SPC_MBFLIP', 'SBX_MNUF', 'SBX_MPOLY', 'UC_NONE', 'TPC_MPOLY', 'SPC_NONE', 'SPC_NONE', 'UC_MPOLY', 'UC_NONE', 'UC_NONE', 'TPC_NONE', 'SPC_MPOLY', 'SBX_MPOLY', 'UC_MPOLY', 'SPC_NONE', 'SPC_MPOLY', 'SPC_NONE', 'SPC_MPOLY', 'TPC_NONE', 'UC_NONE', 'UC_NONE', 'UC_NONE', 'SBX_NONE', 'TPC_NONE', 'UC_NONE', 'SPC_MPOLY', 'TPC_MPOLY', 'TPC_NONE', 'UC_NONE', 'TPC_NONE', 'UC_NONE', 'SPC_NONE', 'SPC_NONE', 'TPC_NONE', 'UC_NONE', 'SPC_NONE', 'UC_NONE', 'UC_NONE', 'UC_NONE', 'UC_NONE', 'SPC_NONE', 'UC_NONE', 'SPC_NONE', 'SPC_NONE', 'TPC_NONE', 'SPC_NONE', 'TPC_NONE', 'TPC_NONE', 'TPC_NONE', 'UC_NONE', 'TPC_NONE', 'UC_NONE', 'TPC_NONE', 'SPC_NONE', 'SPC_NONE', 'SPC_NONE', 'TPC_NONE', 'SPC_NONE', 'SPC_NONE', 'SPC_NONE', 'SPC_NONE', 'UC_NONE', 'SPC_NONE', 'SPC_NONE', 'SBX_MPOLY', 'SBX_MPOLY', 'SPC_NONE', 'SPC_NONE', 'SPC_NONE', 'SPC_NONE', 'SPC_NONE', 'SPC_NONE', 'TPC_NONE']","{'SBX_MNUF': 1, 'SBX_MPOLY': 4, 'UC_NONE': 18, 'TPC_MPOLY': 2, 'SPC_NONE': 26, 'UC_MPOLY': 2, 'TPC_NONE': 14, 'SPC_MPOLY': 4, 'SBX_NONE': 1}"
18,73,UC,NONE,0.6838311109148404,0.0365020055197231,508878169.6,353955781.58219665,2178348.96,1766207.512040111,0.7383117179822589,1.955391607966206e-06,0.0,0.0,GREEDY_HV,"['SPC_MBFLIP', 'SBX_MNUF', 'SBX_MPOLY', 'UC_NONE', 'TPC_MPOLY', 'SPC_NONE', 'SPC_NONE', 'UC_MPOLY', 'UC_NONE', 'UC_NONE', 'TPC_NONE', 'SPC_MPOLY', 'SBX_MPOLY', 'UC_MPOLY', 'SPC_NONE', 'SPC_MPOLY', 'SPC_NONE', 'SPC_MPOLY', 'TPC_NONE', 'UC_NONE', 'UC_NONE', 'UC_NONE', 'SBX_NONE', 'TPC_NONE', 'UC_NONE', 'SPC_MPOLY', 'TPC_MPOLY', 'TPC_NONE', 'UC_NONE', 'TPC_NONE', 'UC_NONE', 'SPC_NONE', 'SPC_NONE', 'TPC_NONE', 'UC_NONE', 'SPC_NONE', 'UC_NONE', 'UC_NONE', 'UC_NONE', 'UC_NONE', 'SPC_NONE', 'UC_NONE', 'SPC_NONE', 'SPC_NONE', 'TPC_NONE', 'SPC_NONE', 'TPC_NONE', 'TPC_NONE', 'TPC_NONE', 'UC_NONE', 'TPC_NONE', 'UC_NONE', 'TPC_NONE', 'SPC_NONE', 'SPC_NONE', 'SPC_NONE', 'TPC_NONE', 'SPC_NONE', 'SPC_NONE', 'SPC_NONE', 'SPC_NONE', 'UC_NONE', 'SPC_NONE', 'SPC_NONE', 'SBX_MPOLY', 'SBX_MPOLY', 'SPC_NONE', 'SPC_NONE', 'SPC_NONE', 'SPC_NONE', 'SPC_NONE', 'SPC_NONE', 'TPC_NONE', 'UC_NONE']","{'SBX_MNUF': 1, 'SBX_MPOLY': 4, 'UC_NONE': 19, 'TPC_MPOLY': 2, 'SPC_NONE': 26, 'UC_MPOLY': 2, 'TPC_NONE': 14, 'SPC_MPOLY': 4, 'SBX_NONE': 1}"
18,74,TPC,MPOLY,0.6847090217359348,0.0366261105111768,529303226.88,356258438.9220051,2190525.6,1722623.5368107571,0.7383085744025699,-3.143579689002252e-06,0.01,0.0,GREEDY_HV,"['SPC_MBFLIP', 'SBX_MNUF', 'SBX_MPOLY', 'UC_NONE', 'TPC_MPOLY', 'SPC_NONE', 'SPC_NONE', 'UC_MPOLY', 'UC_NONE', 'UC_NONE', 'TPC_NONE', 'SPC_MPOLY', 'SBX_MPOLY', 'UC_MPOLY', 'SPC_NONE', 'SPC_MPOLY', 'SPC_NONE', 'SPC_MPOLY', 'TPC_NONE', 'UC_NONE', 'UC_NONE', 'UC_NONE', 'SBX_NONE', 'TPC_NONE', 'UC_NONE', 'SPC_MPOLY', 'TPC_MPOLY', 'TPC_NONE', 'UC_NONE', 'TPC_NONE', 'UC_NONE', 'SPC_NONE', 'SPC_NONE', 'TPC_NONE', 'UC_NONE', 'SPC_NONE', 'UC_NONE', 'UC_NONE', 'UC_NONE', 'UC_NONE', 'SPC_NONE', 'UC_NONE', 'SPC_NONE', 'SPC_NONE', 'TPC_NONE', 'SPC_NONE', 'TPC_NONE', 'TPC_NONE', 'TPC_NONE', 'UC_NONE', 'TPC_NONE', 'UC_NONE', 'TPC_NONE', 'SPC_NONE', 'SPC_NONE', 'SPC_NONE', 'TPC_NONE', 'SPC_NONE', 'SPC_NONE', 'SPC_NONE', 'SPC_NONE', 'UC_NONE', 'SPC_NONE', 'SPC_NONE', 'SBX_MPOLY', 'SBX_MPOLY', 'SPC_NONE', 'SPC_NONE', 'SPC_NONE', 'SPC_NONE', 'SPC_NONE', 'SPC_NONE', 'TPC_NONE', 'UC_NONE', 'TPC_MPOLY']","{'SBX_MNUF': 1, 'SBX_MPOLY': 4, 'UC_NONE': 19, 'TPC_MPOLY': 3, 'SPC_NONE': 26, 'UC_MPOLY': 2, 'TPC_NONE': 14, 'SPC_MPOLY': 4, 'SBX_NONE': 1}"
18,75,UC,NONE,0.6842052576235905,0.0366883804479187,503821002.24,357587353.79870814,2345829.28,1794367.1566794466,0.7383482103730916,3.963597052170087e-05,0.0,0.0,GREEDY_HV,"['SPC_MBFLIP', 'SBX_MNUF', 'SBX_MPOLY', 'UC_NONE', 'TPC_MPOLY', 'SPC_NONE', 'SPC_NONE', 'UC_MPOLY', 'UC_NONE', 'UC_NONE', 'TPC_NONE', 'SPC_MPOLY', 'SBX_MPOLY', 'UC_MPOLY', 'SPC_NONE', 'SPC_MPOLY', 'SPC_NONE', 'SPC_MPOLY', 'TPC_NONE', 'UC_NONE', 'UC_NONE', 'UC_NONE', 'SBX_NONE', 'TPC_NONE', 'UC_NONE', 'SPC_MPOLY', 'TPC_MPOLY', 'TPC_NONE', 'UC_NONE', 'TPC_NONE', 'UC_NONE', 'SPC_NONE', 'SPC_NONE', 'TPC_NONE', 'UC_NONE', 'SPC_NONE', 'UC_NONE', 'UC_NONE', 'UC_NONE', 'UC_NONE', 'SPC_NONE', 'UC_NONE', 'SPC_NONE', 'SPC_NONE', 'TPC_NONE', 'SPC_NONE', 'TPC_NONE', 'TPC_NONE', 'TPC_NONE', 'UC_NONE', 'TPC_NONE', 'UC_NONE', 'TPC_NONE', 'SPC_NONE', 'SPC_NONE', 'SPC_NONE', 'TPC_NONE', 'SPC_NONE', 'SPC_NONE', 'SPC_NONE', 'SPC_NONE', 'UC_NONE', 'SPC_NONE', 'SPC_NONE', 'SBX_MPOLY', 'SBX_MPOLY', 'SPC_NONE', 'SPC_NONE', 'SPC_NONE', 'SPC_NONE', 'SPC_NONE', 'SPC_NONE', 'TPC_NONE', 'UC_NONE', 'TPC_MPOLY', 'UC_NONE']","{'SBX_MNUF': 1, 'SBX_MPOLY': 4, 'UC_NONE': 20, 'TPC_MPOLY': 3, 'SPC_NONE': 26, 'UC_MPOLY': 2, 'TPC_NONE': 14, 'SPC_MPOLY': 4, 'SBX_NONE': 1}"
18,76,SPC,NONE,0.684888476828122,0.0365223410502514,521487127.04,350188851.4887041,2269776.8,1748199.462999574,0.7382748120196119,-7.339835347974777e-05,0.0,0.0,GREEDY_HV,"['SPC_MBFLIP', 'SBX_MNUF', 'SBX_MPOLY', 'UC_NONE', 'TPC_MPOLY', 'SPC_NONE', 'SPC_NONE', 'UC_MPOLY', 'UC_NONE', 'UC_NONE', 'TPC_NONE', 'SPC_MPOLY', 'SBX_MPOLY', 'UC_MPOLY', 'SPC_NONE', 'SPC_MPOLY', 'SPC_NONE', 'SPC_MPOLY', 'TPC_NONE', 'UC_NONE', 'UC_NONE', 'UC_NONE', 'SBX_NONE', 'TPC_NONE', 'UC_NONE', 'SPC_MPOLY', 'TPC_MPOLY', 'TPC_NONE', 'UC_NONE', 'TPC_NONE', 'UC_NONE', 'SPC_NONE', 'SPC_NONE', 'TPC_NONE', 'UC_NONE', 'SPC_NONE', 'UC_NONE', 'UC_NONE', 'UC_NONE', 'UC_NONE', 'SPC_NONE', 'UC_NONE', 'SPC_NONE', 'SPC_NONE', 'TPC_NONE', 'SPC_NONE', 'TPC_NONE', 'TPC_NONE', 'TPC_NONE', 'UC_NONE', 'TPC_NONE', 'UC_NONE', 'TPC_NONE', 'SPC_NONE', 'SPC_NONE', 'SPC_NONE', 'TPC_NONE', 'SPC_NONE', 'SPC_NONE', 'SPC_NONE', 'SPC_NONE', 'UC_NONE', 'SPC_NONE', 'SPC_NONE', 'SBX_MPOLY', 'SBX_MPOLY', 'SPC_NONE', 'SPC_NONE', 'SPC_NONE', 'SPC_NONE', 'SPC_NONE', 'SPC_NONE', 'TPC_NONE', 'UC_NONE', 'TPC_MPOLY', 'UC_NONE', 'SPC_NONE']","{'SBX_MNUF': 1, 'SBX_MPOLY': 4, 'UC_NONE': 20, 'TPC_MPOLY': 3, 'SPC_NONE': 27, 'UC_MPOLY': 2, 'TPC_NONE': 14, 'SPC_MPOLY': 4, 'SBX_NONE': 1}"
18,77,SPC,NONE,0.6844445539742848,0.0368023986102446,527983505.92,344263882.35400003,2287381.92,1809224.4070203763,0.7383074542312426,3.264221163068459e-05,0.0,0.0,GREEDY_HV,"['SPC_MBFLIP', 'SBX_MNUF', 'SBX_MPOLY', 'UC_NONE', 'TPC_MPOLY', 'SPC_NONE', 'SPC_NONE', 'UC_MPOLY', 'UC_NONE', 'UC_NONE', 'TPC_NONE', 'SPC_MPOLY', 'SBX_MPOLY', 'UC_MPOLY', 'SPC_NONE', 'SPC_MPOLY', 'SPC_NONE', 'SPC_MPOLY', 'TPC_NONE', 'UC_NONE', 'UC_NONE', 'UC_NONE', 'SBX_NONE', 'TPC_NONE', 'UC_NONE', 'SPC_MPOLY', 'TPC_MPOLY', 'TPC_NONE', 'UC_NONE', 'TPC_NONE', 'UC_NONE', 'SPC_NONE', 'SPC_NONE', 'TPC_NONE', 'UC_NONE', 'SPC_NONE', 'UC_NONE', 'UC_NONE', 'UC_NONE', 'UC_NONE', 'SPC_NONE', 'UC_NONE', 'SPC_NONE', 'SPC_NONE', 'TPC_NONE', 'SPC_NONE', 'TPC_NONE', 'TPC_NONE', 'TPC_NONE', 'UC_NONE', 'TPC_NONE', 'UC_NONE', 'TPC_NONE', 'SPC_NONE', 'SPC_NONE', 'SPC_NONE', 'TPC_NONE', 'SPC_NONE', 'SPC_NONE', 'SPC_NONE', 'SPC_NONE', 'UC_NONE', 'SPC_NONE', 'SPC_NONE', 'SBX_MPOLY', 'SBX_MPOLY', 'SPC_NONE', 'SPC_NONE', 'SPC_NONE', 'SPC_NONE', 'SPC_NONE', 'SPC_NONE', 'TPC_NONE', 'UC_NONE', 'TPC_MPOLY', 'UC_NONE', 'SPC_NONE', 'SPC_NONE']","{'SBX_MNUF': 1, 'SBX_MPOLY': 4, 'UC_NONE': 20, 'TPC_MPOLY': 3, 'SPC_NONE': 28, 'UC_MPOLY': 2, 'TPC_NONE': 14, 'SPC_MPOLY': 4, 'SBX_NONE': 1}"
18,78,TPC,NONE,0.6843519816864991,0.0363332148830681,507186951.68,345514197.0496708,2252478.88,1718176.7272080556,0.7382936016815379,-1.3852549704651553e-05,0.01,0.0,GREEDY_HV,"['SPC_MBFLIP', 'SBX_MNUF', 'SBX_MPOLY', 'UC_NONE', 'TPC_MPOLY', 'SPC_NONE', 'SPC_NONE', 'UC_MPOLY', 'UC_NONE', 'UC_NONE', 'TPC_NONE', 'SPC_MPOLY', 'SBX_MPOLY', 'UC_MPOLY', 'SPC_NONE', 'SPC_MPOLY', 'SPC_NONE', 'SPC_MPOLY', 'TPC_NONE', 'UC_NONE', 'UC_NONE', 'UC_NONE', 'SBX_NONE', 'TPC_NONE', 'UC_NONE', 'SPC_MPOLY', 'TPC_MPOLY', 'TPC_NONE', 'UC_NONE', 'TPC_NONE', 'UC_NONE', 'SPC_NONE', 'SPC_NONE', 'TPC_NONE', 'UC_NONE', 'SPC_NONE', 'UC_NONE', 'UC_NONE', 'UC_NONE', 'UC_NONE', 'SPC_NONE', 'UC_NONE', 'SPC_NONE', 'SPC_NONE', 'TPC_NONE', 'SPC_NONE', 'TPC_NONE', 'TPC_NONE', 'TPC_NONE', 'UC_NONE', 'TPC_NONE', 'UC_NONE', 'TPC_NONE', 'SPC_NONE', 'SPC_NONE', 'SPC_NONE', 'TPC_NONE', 'SPC_NONE', 'SPC_NONE', 'SPC_NONE', 'SPC_NONE', 'UC_NONE', 'SPC_NONE', 'SPC_NONE', 'SBX_MPOLY', 'SBX_MPOLY', 'SPC_NONE', 'SPC_NONE', 'SPC_NONE', 'SPC_NONE', 'SPC_NONE', 'SPC_NONE', 'TPC_NONE', 'UC_NONE', 'TPC_MPOLY', 'UC_NONE', 'SPC_NONE', 'SPC_NONE', 'TPC_NONE']","{'SBX_MNUF': 1, 'SBX_MPOLY': 4, 'UC_NONE': 20, 'TPC_MPOLY': 3, 'SPC_NONE': 28, 'UC_MPOLY': 2, 'TPC_NONE': 15, 'SPC_MPOLY': 4, 'SBX_NONE': 1}"
18,79,SPC,NONE,0.6844627715151052,0.0367606524689661,518434378.24,347029568.0722155,2324408.48,1807572.916067888,0.738304621833191,1.1020151653107211e-05,0.0,0.0,GREEDY_HV,"['SPC_MBFLIP', 'SBX_MNUF', 'SBX_MPOLY', 'UC_NONE', 'TPC_MPOLY', 'SPC_NONE', 'SPC_NONE', 'UC_MPOLY', 'UC_NONE', 'UC_NONE', 'TPC_NONE', 'SPC_MPOLY', 'SBX_MPOLY', 'UC_MPOLY', 'SPC_NONE', 'SPC_MPOLY', 'SPC_NONE', 'SPC_MPOLY', 'TPC_NONE', 'UC_NONE', 'UC_NONE', 'UC_NONE', 'SBX_NONE', 'TPC_NONE', 'UC_NONE', 'SPC_MPOLY', 'TPC_MPOLY', 'TPC_NONE', 'UC_NONE', 'TPC_NONE', 'UC_NONE', 'SPC_NONE', 'SPC_NONE', 'TPC_NONE', 'UC_NONE', 'SPC_NONE', 'UC_NONE', 'UC_NONE', 'UC_NONE', 'UC_NONE', 'SPC_NONE', 'UC_NONE', 'SPC_NONE', 'SPC_NONE', 'TPC_NONE', 'SPC_NONE', 'TPC_NONE', 'TPC_NONE', 'TPC_NONE', 'UC_NONE', 'TPC_NONE', 'UC_NONE', 'TPC_NONE', 'SPC_NONE', 'SPC_NONE', 'SPC_NONE', 'TPC_NONE', 'SPC_NONE', 'SPC_NONE', 'SPC_NONE', 'SPC_NONE', 'UC_NONE', 'SPC_NONE', 'SPC_NONE', 'SBX_MPOLY', 'SBX_MPOLY', 'SPC_NONE', 'SPC_NONE', 'SPC_NONE', 'SPC_NONE', 'SPC_NONE', 'SPC_NONE', 'TPC_NONE', 'UC_NONE', 'TPC_MPOLY', 'UC_NONE', 'SPC_NONE', 'SPC_NONE', 'TPC_NONE', 'SPC_NONE']","{'SBX_MNUF': 1, 'SBX_MPOLY': 4, 'UC_NONE': 20, 'TPC_MPOLY': 3, 'SPC_NONE': 29, 'UC_MPOLY': 2, 'TPC_NONE': 15, 'SPC_MPOLY': 4, 'SBX_NONE': 1}"
18,80,SPC,NONE,0.6837489520236472,0.0365513507138049,492836037.12,340857191.0425636,2264682.4,1780251.743735498,0.738327484471639,2.2862638447973534e-05,0.01,0.0,GREEDY_HV,"['SPC_MBFLIP', 'SBX_MNUF', 'SBX_MPOLY', 'UC_NONE', 'TPC_MPOLY', 'SPC_NONE', 'SPC_NONE', 'UC_MPOLY', 'UC_NONE', 'UC_NONE', 'TPC_NONE', 'SPC_MPOLY', 'SBX_MPOLY', 'UC_MPOLY', 'SPC_NONE', 'SPC_MPOLY', 'SPC_NONE', 'SPC_MPOLY', 'TPC_NONE', 'UC_NONE', 'UC_NONE', 'UC_NONE', 'SBX_NONE', 'TPC_NONE', 'UC_NONE', 'SPC_MPOLY', 'TPC_MPOLY', 'TPC_NONE', 'UC_NONE', 'TPC_NONE', 'UC_NONE', 'SPC_NONE', 'SPC_NONE', 'TPC_NONE', 'UC_NONE', 'SPC_NONE', 'UC_NONE', 'UC_NONE', 'UC_NONE', 'UC_NONE', 'SPC_NONE', 'UC_NONE', 'SPC_NONE', 'SPC_NONE', 'TPC_NONE', 'SPC_NONE', 'TPC_NONE', 'TPC_NONE', 'TPC_NONE', 'UC_NONE', 'TPC_NONE', 'UC_NONE', 'TPC_NONE', 'SPC_NONE', 'SPC_NONE', 'SPC_NONE', 'TPC_NONE', 'SPC_NONE', 'SPC_NONE', 'SPC_NONE', 'SPC_NONE', 'UC_NONE', 'SPC_NONE', 'SPC_NONE', 'SBX_MPOLY', 'SBX_MPOLY', 'SPC_NONE', 'SPC_NONE', 'SPC_NONE', 'SPC_NONE', 'SPC_NONE', 'SPC_NONE', 'TPC_NONE', 'UC_NONE', 'TPC_MPOLY', 'UC_NONE', 'SPC_NONE', 'SPC_NONE', 'TPC_NONE', 'SPC_NONE', 'SPC_NONE']","{'SBX_MNUF': 1, 'SBX_MPOLY': 4, 'UC_NONE': 20, 'TPC_MPOLY': 3, 'SPC_NONE': 30, 'UC_MPOLY': 2, 'TPC_NONE': 15, 'SPC_MPOLY': 4, 'SBX_NONE': 1}"
18,81,TPC,NONE,0.6849028513759479,0.0367905021873148,520517696.0,348627043.7023259,2310401.44,1797261.5374331267,0.7382771445901259,-5.033988151303959e-05,0.0,0.0,GREEDY_HV,"['SPC_MBFLIP', 'SBX_MNUF', 'SBX_MPOLY', 'UC_NONE', 'TPC_MPOLY', 'SPC_NONE', 'SPC_NONE', 'UC_MPOLY', 'UC_NONE', 'UC_NONE', 'TPC_NONE', 'SPC_MPOLY', 'SBX_MPOLY', 'UC_MPOLY', 'SPC_NONE', 'SPC_MPOLY', 'SPC_NONE', 'SPC_MPOLY', 'TPC_NONE', 'UC_NONE', 'UC_NONE', 'UC_NONE', 'SBX_NONE', 'TPC_NONE', 'UC_NONE', 'SPC_MPOLY', 'TPC_MPOLY', 'TPC_NONE', 'UC_NONE', 'TPC_NONE', 'UC_NONE', 'SPC_NONE', 'SPC_NONE', 'TPC_NONE', 'UC_NONE', 'SPC_NONE', 'UC_NONE', 'UC_NONE', 'UC_NONE', 'UC_NONE', 'SPC_NONE', 'UC_NONE', 'SPC_NONE', 'SPC_NONE', 'TPC_NONE', 'SPC_NONE', 'TPC_NONE', 'TPC_NONE', 'TPC_NONE', 'UC_NONE', 'TPC_NONE', 'UC_NONE', 'TPC_NONE', 'SPC_NONE', 'SPC_NONE', 'SPC_NONE', 'TPC_NONE', 'SPC_NONE', 'SPC_NONE', 'SPC_NONE', 'SPC_NONE', 'UC_NONE', 'SPC_NONE', 'SPC_NONE', 'SBX_MPOLY', 'SBX_MPOLY', 'SPC_NONE', 'SPC_NONE', 'SPC_NONE', 'SPC_NONE', 'SPC_NONE', 'SPC_NONE', 'TPC_NONE', 'UC_NONE', 'TPC_MPOLY', 'UC_NONE', 'SPC_NONE', 'SPC_NONE', 'TPC_NONE', 'SPC_NONE', 'SPC_NONE', 'TPC_NONE']","{'SBX_MNUF': 1, 'SBX_MPOLY': 4, 'UC_NONE': 20, 'TPC_MPOLY': 3, 'SPC_NONE': 30, 'UC_MPOLY': 2, 'TPC_NONE': 16, 'SPC_MPOLY': 4, 'SBX_NONE': 1}"
18,82,SPC,NONE,0.6842896644438358,0.0364751845332845,506676953.6,341750431.96837133,2265612.96,1803675.9059260832,0.7382978921431668,2.0747553040822982e-05,0.0,0.0,GREEDY_HV,"['SPC_MBFLIP', 'SBX_MNUF', 'SBX_MPOLY', 'UC_NONE', 'TPC_MPOLY', 'SPC_NONE', 'SPC_NONE', 'UC_MPOLY', 'UC_NONE', 'UC_NONE', 'TPC_NONE', 'SPC_MPOLY', 'SBX_MPOLY', 'UC_MPOLY', 'SPC_NONE', 'SPC_MPOLY', 'SPC_NONE', 'SPC_MPOLY', 'TPC_NONE', 'UC_NONE', 'UC_NONE', 'UC_NONE', 'SBX_NONE', 'TPC_NONE', 'UC_NONE', 'SPC_MPOLY', 'TPC_MPOLY', 'TPC_NONE', 'UC_NONE', 'TPC_NONE', 'UC_NONE', 'SPC_NONE', 'SPC_NONE', 'TPC_NONE', 'UC_NONE', 'SPC_NONE', 'UC_NONE', 'UC_NONE', 'UC_NONE', 'UC_NONE', 'SPC_NONE', 'UC_NONE', 'SPC_NONE', 'SPC_NONE', 'TPC_NONE', 'SPC_NONE', 'TPC_NONE', 'TPC_NONE', 'TPC_NONE', 'UC_NONE', 'TPC_NONE', 'UC_NONE', 'TPC_NONE', 'SPC_NONE', 'SPC_NONE', 'SPC_NONE', 'TPC_NONE', 'SPC_NONE', 'SPC_NONE', 'SPC_NONE', 'SPC_NONE', 'UC_NONE', 'SPC_NONE', 'SPC_NONE', 'SBX_MPOLY', 'SBX_MPOLY', 'SPC_NONE', 'SPC_NONE', 'SPC_NONE', 'SPC_NONE', 'SPC_NONE', 'SPC_NONE', 'TPC_NONE', 'UC_NONE', 'TPC_MPOLY', 'UC_NONE', 'SPC_NONE', 'SPC_NONE', 'TPC_NONE', 'SPC_NONE', 'SPC_NONE', 'TPC_NONE', 'SPC_NONE']","{'SBX_MNUF': 1, 'SBX_MPOLY': 4, 'UC_NONE': 20, 'TPC_MPOLY': 3, 'SPC_NONE': 31, 'UC_MPOLY': 2, 'TPC_NONE': 16, 'SPC_MPOLY': 4, 'SBX_NONE': 1}"
18,83,SPC,NONE,0.6840984083236361,0.036459715534406,506288386.56,346795085.34767133,2270457.76,1777723.9087651663,0.7382554083381876,-4.248380497917648e-05,0.0,0.0,GREEDY_HV,"['SPC_MBFLIP', 'SBX_MNUF', 'SBX_MPOLY', 'UC_NONE', 'TPC_MPOLY', 'SPC_NONE', 'SPC_NONE', 'UC_MPOLY', 'UC_NONE', 'UC_NONE', 'TPC_NONE', 'SPC_MPOLY', 'SBX_MPOLY', 'UC_MPOLY', 'SPC_NONE', 'SPC_MPOLY', 'SPC_NONE', 'SPC_MPOLY', 'TPC_NONE', 'UC_NONE', 'UC_NONE', 'UC_NONE', 'SBX_NONE', 'TPC_NONE', 'UC_NONE', 'SPC_MPOLY', 'TPC_MPOLY', 'TPC_NONE', 'UC_NONE', 'TPC_NONE', 'UC_NONE', 'SPC_NONE', 'SPC_NONE', 'TPC_NONE', 'UC_NONE', 'SPC_NONE', 'UC_NONE', 'UC_NONE', 'UC_NONE', 'UC_NONE', 'SPC_NONE', 'UC_NONE', 'SPC_NONE', 'SPC_NONE', 'TPC_NONE', 'SPC_NONE', 'TPC_NONE', 'TPC_NONE', 'TPC_NONE', 'UC_NONE', 'TPC_NONE', 'UC_NONE', 'TPC_NONE', 'SPC_NONE', 'SPC_NONE', 'SPC_NONE', 'TPC_NONE', 'SPC_NONE', 'SPC_NONE', 'SPC_NONE', 'SPC_NONE', 'UC_NONE', 'SPC_NONE', 'SPC_NONE', 'SBX_MPOLY', 'SBX_MPOLY', 'SPC_NONE', 'SPC_NONE', 'SPC_NONE', 'SPC_NONE', 'SPC_NONE', 'SPC_NONE', 'TPC_NONE', 'UC_NONE', 'TPC_MPOLY', 'UC_NONE', 'SPC_NONE', 'SPC_NONE', 'TPC_NONE', 'SPC_NONE', 'SPC_NONE', 'TPC_NONE', 'SPC_NONE', 'SPC_NONE']","{'SBX_MNUF': 1, 'SBX_MPOLY': 4, 'UC_NONE': 20, 'TPC_MPOLY': 3, 'SPC_NONE': 32, 'UC_MPOLY': 2, 'TPC_NONE': 16, 'SPC_MPOLY': 4, 'SBX_NONE': 1}"
18,84,SPC,NONE,0.6841754543352535,0.0365209135347456,524920834.56,353609183.42315626,2217889.44,1743652.8685321305,0.7382792541655758,2.384582738823582e-05,0.0,0.0,GREEDY_HV,"['SPC_MBFLIP', 'SBX_MNUF', 'SBX_MPOLY', 'UC_NONE', 'TPC_MPOLY', 'SPC_NONE', 'SPC_NONE', 'UC_MPOLY', 'UC_NONE', 'UC_NONE', 'TPC_NONE', 'SPC_MPOLY', 'SBX_MPOLY', 'UC_MPOLY', 'SPC_NONE', 'SPC_MPOLY', 'SPC_NONE', 'SPC_MPOLY', 'TPC_NONE', 'UC_NONE', 'UC_NONE', 'UC_NONE', 'SBX_NONE', 'TPC_NONE', 'UC_NONE', 'SPC_MPOLY', 'TPC_MPOLY', 'TPC_NONE', 'UC_NONE', 'TPC_NONE', 'UC_NONE', 'SPC_NONE', 'SPC_NONE', 'TPC_NONE', 'UC_NONE', 'SPC_NONE', 'UC_NONE', 'UC_NONE', 'UC_NONE', 'UC_NONE', 'SPC_NONE', 'UC_NONE', 'SPC_NONE', 'SPC_NONE', 'TPC_NONE', 'SPC_NONE', 'TPC_NONE', 'TPC_NONE', 'TPC_NONE', 'UC_NONE', 'TPC_NONE', 'UC_NONE', 'TPC_NONE', 'SPC_NONE', 'SPC_NONE', 'SPC_NONE', 'TPC_NONE', 'SPC_NONE', 'SPC_NONE', 'SPC_NONE', 'SPC_NONE', 'UC_NONE', 'SPC_NONE', 'SPC_NONE', 'SBX_MPOLY', 'SBX_MPOLY', 'SPC_NONE', 'SPC_NONE', 'SPC_NONE', 'SPC_NONE', 'SPC_NONE', 'SPC_NONE', 'TPC_NONE', 'UC_NONE', 'TPC_MPOLY', 'UC_NONE', 'SPC_NONE', 'SPC_NONE', 'TPC_NONE', 'SPC_NONE', 'SPC_NONE', 'TPC_NONE', 'SPC_NONE', 'SPC_NONE', 'SPC_NONE']","{'SBX_MNUF': 1, 'SBX_MPOLY': 4, 'UC_NONE': 20, 'TPC_MPOLY': 3, 'SPC_NONE': 33, 'UC_MPOLY': 2, 'TPC_NONE': 16, 'SPC_MPOLY': 4, 'SBX_NONE': 1}"
18,85,UC,NONE,0.6844608664759683,0.0365751843145297,528694888.96,351986628.0718538,2249024.16,1788212.4878955449,0.7383274176692278,4.816350365199895e-05,0.0,0.0,GREEDY_HV,"['SPC_MBFLIP', 'SBX_MNUF', 'SBX_MPOLY', 'UC_NONE', 'TPC_MPOLY', 'SPC_NONE', 'SPC_NONE', 'UC_MPOLY', 'UC_NONE', 'UC_NONE', 'TPC_NONE', 'SPC_MPOLY', 'SBX_MPOLY', 'UC_MPOLY', 'SPC_NONE', 'SPC_MPOLY', 'SPC_NONE', 'SPC_MPOLY', 'TPC_NONE', 'UC_NONE', 'UC_NONE', 'UC_NONE', 'SBX_NONE', 'TPC_NONE', 'UC_NONE', 'SPC_MPOLY', 'TPC_MPOLY', 'TPC_NONE', 'UC_NONE', 'TPC_NONE', 'UC_NONE', 'SPC_NONE', 'SPC_NONE', 'TPC_NONE', 'UC_NONE', 'SPC_NONE', 'UC_NONE', 'UC_NONE', 'UC_NONE', 'UC_NONE', 'SPC_NONE', 'UC_NONE', 'SPC_NONE', 'SPC_NONE', 'TPC_NONE', 'SPC_NONE', 'TPC_NONE', 'TPC_NONE', 'TPC_NONE', 'UC_NONE', 'TPC_NONE', 'UC_NONE', 'TPC_NONE', 'SPC_NONE', 'SPC_NONE', 'SPC_NONE', 'TPC_NONE', 'SPC_NONE', 'SPC_NONE', 'SPC_NONE', 'SPC_NONE', 'UC_NONE', 'SPC_NONE', 'SPC_NONE', 'SBX_MPOLY', 'SBX_MPOLY', 'SPC_NONE', 'SPC_NONE', 'SPC_NONE', 'SPC_NONE', 'SPC_NONE', 'SPC_NONE', 'TPC_NONE', 'UC_NONE', 'TPC_MPOLY', 'UC_NONE', 'SPC_NONE', 'SPC_NONE', 'TPC_NONE', 'SPC_NONE', 'SPC_NONE', 'TPC_NONE', 'SPC_NONE', 'SPC_NONE', 'SPC_NONE', 'UC_NONE']","{'SBX_MNUF': 1, 'SBX_MPOLY': 4, 'UC_NONE': 21, 'TPC_MPOLY': 3, 'SPC_NONE': 33, 'UC_MPOLY': 2, 'TPC_NONE': 16, 'SPC_MPOLY': 4, 'SBX_NONE': 1}"
18,86,TPC,NONE,0.6853186766136764,0.0368015692456898,545453719.04,353192605.2889263,2338973.6,1793355.5831266486,0.7382559847618716,-7.143290735622809e-05,0.0,0.0,GREEDY_HV,"['SPC_MBFLIP', 'SBX_MNUF', 'SBX_MPOLY', 'UC_NONE', 'TPC_MPOLY', 'SPC_NONE', 'SPC_NONE', 'UC_MPOLY', 'UC_NONE', 'UC_NONE', 'TPC_NONE', 'SPC_MPOLY', 'SBX_MPOLY', 'UC_MPOLY', 'SPC_NONE', 'SPC_MPOLY', 'SPC_NONE', 'SPC_MPOLY', 'TPC_NONE', 'UC_NONE', 'UC_NONE', 'UC_NONE', 'SBX_NONE', 'TPC_NONE', 'UC_NONE', 'SPC_MPOLY', 'TPC_MPOLY', 'TPC_NONE', 'UC_NONE', 'TPC_NONE', 'UC_NONE', 'SPC_NONE', 'SPC_NONE', 'TPC_NONE', 'UC_NONE', 'SPC_NONE', 'UC_NONE', 'UC_NONE', 'UC_NONE', 'UC_NONE', 'SPC_NONE', 'UC_NONE', 'SPC_NONE', 'SPC_NONE', 'TPC_NONE', 'SPC_NONE', 'TPC_NONE', 'TPC_NONE', 'TPC_NONE', 'UC_NONE', 'TPC_NONE', 'UC_NONE', 'TPC_NONE', 'SPC_NONE', 'SPC_NONE', 'SPC_NONE', 'TPC_NONE', 'SPC_NONE', 'SPC_NONE', 'SPC_NONE', 'SPC_NONE', 'UC_NONE', 'SPC_NONE', 'SPC_NONE', 'SBX_MPOLY', 'SBX_MPOLY', 'SPC_NONE', 'SPC_NONE', 'SPC_NONE', 'SPC_NONE', 'SPC_NONE', 'SPC_NONE', 'TPC_NONE', 'UC_NONE', 'TPC_MPOLY', 'UC_NONE', 'SPC_NONE', 'SPC_NONE', 'TPC_NONE', 'SPC_NONE', 'SPC_NONE', 'TPC_NONE', 'SPC_NONE', 'SPC_NONE', 'SPC_NONE', 'UC_NONE', 'TPC_NONE']","{'SBX_MNUF': 1, 'SBX_MPOLY': 4, 'UC_NONE': 21, 'TPC_MPOLY': 3, 'SPC_NONE': 33, 'UC_MPOLY': 2, 'TPC_NONE': 17, 'SPC_MPOLY': 4, 'SBX_NONE': 1}"
18,87,UC,NONE,0.6840240681098722,0.0365909099799329,511871966.72,355754553.9917535,2300106.4,1830218.387320246,0.7382506043331433,-5.380428728329889e-06,0.01,0.0,GREEDY_HV,"['SPC_MBFLIP', 'SBX_MNUF', 'SBX_MPOLY', 'UC_NONE', 'TPC_MPOLY', 'SPC_NONE', 'SPC_NONE', 'UC_MPOLY', 'UC_NONE', 'UC_NONE', 'TPC_NONE', 'SPC_MPOLY', 'SBX_MPOLY', 'UC_MPOLY', 'SPC_NONE', 'SPC_MPOLY', 'SPC_NONE', 'SPC_MPOLY', 'TPC_NONE', 'UC_NONE', 'UC_NONE', 'UC_NONE', 'SBX_NONE', 'TPC_NONE', 'UC_NONE', 'SPC_MPOLY', 'TPC_MPOLY', 'TPC_NONE', 'UC_NONE', 'TPC_NONE', 'UC_NONE', 'SPC_NONE', 'SPC_NONE', 'TPC_NONE', 'UC_NONE', 'SPC_NONE', 'UC_NONE', 'UC_NONE', 'UC_NONE', 'UC_NONE', 'SPC_NONE', 'UC_NONE', 'SPC_NONE', 'SPC_NONE', 'TPC_NONE', 'SPC_NONE', 'TPC_NONE', 'TPC_NONE', 'TPC_NONE', 'UC_NONE', 'TPC_NONE', 'UC_NONE', 'TPC_NONE', 'SPC_NONE', 'SPC_NONE', 'SPC_NONE', 'TPC_NONE', 'SPC_NONE', 'SPC_NONE', 'SPC_NONE', 'SPC_NONE', 'UC_NONE', 'SPC_NONE', 'SPC_NONE', 'SBX_MPOLY', 'SBX_MPOLY', 'SPC_NONE', 'SPC_NONE', 'SPC_NONE', 'SPC_NONE', 'SPC_NONE', 'SPC_NONE', 'TPC_NONE', 'UC_NONE', 'TPC_MPOLY', 'UC_NONE', 'SPC_NONE', 'SPC_NONE', 'TPC_NONE', 'SPC_NONE', 'SPC_NONE', 'TPC_NONE', 'SPC_NONE', 'SPC_NONE', 'SPC_NONE', 'UC_NONE', 'TPC_NONE', 'UC_NONE']","{'SBX_MNUF': 1, 'SBX_MPOLY': 4, 'UC_NONE': 22, 'TPC_MPOLY': 3, 'SPC_NONE': 33, 'UC_MPOLY': 2, 'TPC_NONE': 17, 'SPC_MPOLY': 4, 'SBX_NONE': 1}"
18,88,TPC,NONE,0.6856552068828927,0.0369312859385811,538587824.64,356016259.8682643,2455192.48,1853059.9004809123,0.7382659181673323,1.5313834189067954e-05,0.0,0.0,GREEDY_HV,"['SPC_MBFLIP', 'SBX_MNUF', 'SBX_MPOLY', 'UC_NONE', 'TPC_MPOLY', 'SPC_NONE', 'SPC_NONE', 'UC_MPOLY', 'UC_NONE', 'UC_NONE', 'TPC_NONE', 'SPC_MPOLY', 'SBX_MPOLY', 'UC_MPOLY', 'SPC_NONE', 'SPC_MPOLY', 'SPC_NONE', 'SPC_MPOLY', 'TPC_NONE', 'UC_NONE', 'UC_NONE', 'UC_NONE', 'SBX_NONE', 'TPC_NONE', 'UC_NONE', 'SPC_MPOLY', 'TPC_MPOLY', 'TPC_NONE', 'UC_NONE', 'TPC_NONE', 'UC_NONE', 'SPC_NONE', 'SPC_NONE', 'TPC_NONE', 'UC_NONE', 'SPC_NONE', 'UC_NONE', 'UC_NONE', 'UC_NONE', 'UC_NONE', 'SPC_NONE', 'UC_NONE', 'SPC_NONE', 'SPC_NONE', 'TPC_NONE', 'SPC_NONE', 'TPC_NONE', 'TPC_NONE', 'TPC_NONE', 'UC_NONE', 'TPC_NONE', 'UC_NONE', 'TPC_NONE', 'SPC_NONE', 'SPC_NONE', 'SPC_NONE', 'TPC_NONE', 'SPC_NONE', 'SPC_NONE', 'SPC_NONE', 'SPC_NONE', 'UC_NONE', 'SPC_NONE', 'SPC_NONE', 'SBX_MPOLY', 'SBX_MPOLY', 'SPC_NONE', 'SPC_NONE', 'SPC_NONE', 'SPC_NONE', 'SPC_NONE', 'SPC_NONE', 'TPC_NONE', 'UC_NONE', 'TPC_MPOLY', 'UC_NONE', 'SPC_NONE', 'SPC_NONE', 'TPC_NONE', 'SPC_NONE', 'SPC_NONE', 'TPC_NONE', 'SPC_NONE', 'SPC_NONE', 'SPC_NONE', 'UC_NONE', 'TPC_NONE', 'UC_NONE', 'TPC_NONE']","{'SBX_MNUF': 1, 'SBX_MPOLY': 4, 'UC_NONE': 22, 'TPC_MPOLY': 3, 'SPC_NONE': 33, 'UC_MPOLY': 2, 'TPC_NONE': 18, 'SPC_MPOLY': 4, 'SBX_NONE': 1}"
18,89,TPC,NONE,0.6856588813978755,0.0367045165365666,537052014.08,353193295.7878648,2424038.56,1864453.81284652,0.7382684151266606,2.496959328301962e-06,0.0,0.0,GREEDY_HV,"['SPC_MBFLIP', 'SBX_MNUF', 'SBX_MPOLY', 'UC_NONE', 'TPC_MPOLY', 'SPC_NONE', 'SPC_NONE', 'UC_MPOLY', 'UC_NONE', 'UC_NONE', 'TPC_NONE', 'SPC_MPOLY', 'SBX_MPOLY', 'UC_MPOLY', 'SPC_NONE', 'SPC_MPOLY', 'SPC_NONE', 'SPC_MPOLY', 'TPC_NONE', 'UC_NONE', 'UC_NONE', 'UC_NONE', 'SBX_NONE', 'TPC_NONE', 'UC_NONE', 'SPC_MPOLY', 'TPC_MPOLY', 'TPC_NONE', 'UC_NONE', 'TPC_NONE', 'UC_NONE', 'SPC_NONE', 'SPC_NONE', 'TPC_NONE', 'UC_NONE', 'SPC_NONE', 'UC_NONE', 'UC_NONE', 'UC_NONE', 'UC_NONE', 'SPC_NONE', 'UC_NONE', 'SPC_NONE', 'SPC_NONE', 'TPC_NONE', 'SPC_NONE', 'TPC_NONE', 'TPC_NONE', 'TPC_NONE', 'UC_NONE', 'TPC_NONE', 'UC_NONE', 'TPC_NONE', 'SPC_NONE', 'SPC_NONE', 'SPC_NONE', 'TPC_NONE', 'SPC_NONE', 'SPC_NONE', 'SPC_NONE', 'SPC_NONE', 'UC_NONE', 'SPC_NONE', 'SPC_NONE', 'SBX_MPOLY', 'SBX_MPOLY', 'SPC_NONE', 'SPC_NONE', 'SPC_NONE', 'SPC_NONE', 'SPC_NONE', 'SPC_NONE', 'TPC_NONE', 'UC_NONE', 'TPC_MPOLY', 'UC_NONE', 'SPC_NONE', 'SPC_NONE', 'TPC_NONE', 'SPC_NONE', 'SPC_NONE', 'TPC_NONE', 'SPC_NONE', 'SPC_NONE', 'SPC_NONE', 'UC_NONE', 'TPC_NONE', 'UC_NONE', 'TPC_NONE', 'TPC_NONE']","{'SBX_MNUF': 1, 'SBX_MPOLY': 4, 'UC_NONE': 22, 'TPC_MPOLY': 3, 'SPC_NONE': 33, 'UC_MPOLY': 2, 'TPC_NONE': 19, 'SPC_MPOLY': 4, 'SBX_NONE': 1}"
18,90,UC,NONE,0.684707709153315,0.0367116968579997,522374612.48,351561469.95902306,2330259.36,1817673.386476126,0.7382952910753734,2.687594871275678e-05,0.0,0.0,GREEDY_HV,"['SPC_MBFLIP', 'SBX_MNUF', 'SBX_MPOLY', 'UC_NONE', 'TPC_MPOLY', 'SPC_NONE', 'SPC_NONE', 'UC_MPOLY', 'UC_NONE', 'UC_NONE', 'TPC_NONE', 'SPC_MPOLY', 'SBX_MPOLY', 'UC_MPOLY', 'SPC_NONE', 'SPC_MPOLY', 'SPC_NONE', 'SPC_MPOLY', 'TPC_NONE', 'UC_NONE', 'UC_NONE', 'UC_NONE', 'SBX_NONE', 'TPC_NONE', 'UC_NONE', 'SPC_MPOLY', 'TPC_MPOLY', 'TPC_NONE', 'UC_NONE', 'TPC_NONE', 'UC_NONE', 'SPC_NONE', 'SPC_NONE', 'TPC_NONE', 'UC_NONE', 'SPC_NONE', 'UC_NONE', 'UC_NONE', 'UC_NONE', 'UC_NONE', 'SPC_NONE', 'UC_NONE', 'SPC_NONE', 'SPC_NONE', 'TPC_NONE', 'SPC_NONE', 'TPC_NONE', 'TPC_NONE', 'TPC_NONE', 'UC_NONE', 'TPC_NONE', 'UC_NONE', 'TPC_NONE', 'SPC_NONE', 'SPC_NONE', 'SPC_NONE', 'TPC_NONE', 'SPC_NONE', 'SPC_NONE', 'SPC_NONE', 'SPC_NONE', 'UC_NONE', 'SPC_NONE', 'SPC_NONE', 'SBX_MPOLY', 'SBX_MPOLY', 'SPC_NONE', 'SPC_NONE', 'SPC_NONE', 'SPC_NONE', 'SPC_NONE', 'SPC_NONE', 'TPC_NONE', 'UC_NONE', 'TPC_MPOLY', 'UC_NONE', 'SPC_NONE', 'SPC_NONE', 'TPC_NONE', 'SPC_NONE', 'SPC_NONE', 'TPC_NONE', 'SPC_NONE', 'SPC_NONE', 'SPC_NONE', 'UC_NONE', 'TPC_NONE', 'UC_NONE', 'TPC_NONE', 'TPC_NONE', 'UC_NONE']","{'SBX_MNUF': 1, 'SBX_MPOLY': 4, 'UC_NONE': 23, 'TPC_MPOLY': 3, 'SPC_NONE': 33, 'UC_MPOLY': 2, 'TPC_NONE': 19, 'SPC_MPOLY': 4, 'SBX_NONE': 1}"
18,91,SPC,NONE,0.6848001090059077,0.0366786251319004,534879121.92,348576154.93171644,2330053.28,1814314.9201860963,0.7383274890948184,3.219801944498446e-05,0.0,0.0,GREEDY_HV,"['SPC_MBFLIP', 'SBX_MNUF', 'SBX_MPOLY', 'UC_NONE', 'TPC_MPOLY', 'SPC_NONE', 'SPC_NONE', 'UC_MPOLY', 'UC_NONE', 'UC_NONE', 'TPC_NONE', 'SPC_MPOLY', 'SBX_MPOLY', 'UC_MPOLY', 'SPC_NONE', 'SPC_MPOLY', 'SPC_NONE', 'SPC_MPOLY', 'TPC_NONE', 'UC_NONE', 'UC_NONE', 'UC_NONE', 'SBX_NONE', 'TPC_NONE', 'UC_NONE', 'SPC_MPOLY', 'TPC_MPOLY', 'TPC_NONE', 'UC_NONE', 'TPC_NONE', 'UC_NONE', 'SPC_NONE', 'SPC_NONE', 'TPC_NONE', 'UC_NONE', 'SPC_NONE', 'UC_NONE', 'UC_NONE', 'UC_NONE', 'UC_NONE', 'SPC_NONE', 'UC_NONE', 'SPC_NONE', 'SPC_NONE', 'TPC_NONE', 'SPC_NONE', 'TPC_NONE', 'TPC_NONE', 'TPC_NONE', 'UC_NONE', 'TPC_NONE', 'UC_NONE', 'TPC_NONE', 'SPC_NONE', 'SPC_NONE', 'SPC_NONE', 'TPC_NONE', 'SPC_NONE', 'SPC_NONE', 'SPC_NONE', 'SPC_NONE', 'UC_NONE', 'SPC_NONE', 'SPC_NONE', 'SBX_MPOLY', 'SBX_MPOLY', 'SPC_NONE', 'SPC_NONE', 'SPC_NONE', 'SPC_NONE', 'SPC_NONE', 'SPC_NONE', 'TPC_NONE', 'UC_NONE', 'TPC_MPOLY', 'UC_NONE', 'SPC_NONE', 'SPC_NONE', 'TPC_NONE', 'SPC_NONE', 'SPC_NONE', 'TPC_NONE', 'SPC_NONE', 'SPC_NONE', 'SPC_NONE', 'UC_NONE', 'TPC_NONE', 'UC_NONE', 'TPC_NONE', 'TPC_NONE', 'UC_NONE', 'SPC_NONE']","{'SBX_MNUF': 1, 'SBX_MPOLY': 4, 'UC_NONE': 23, 'TPC_MPOLY': 3, 'SPC_NONE': 34, 'UC_MPOLY': 2, 'TPC_NONE': 19, 'SPC_MPOLY': 4, 'SBX_NONE': 1}"
18,92,UC,MNUF,0.6847403200704011,0.0364679499765028,532518612.48,344414068.7278925,2215415.2,1734692.3200329908,0.7383211641754556,-6.3249193628101e-06,0.0,0.0,GREEDY_HV,"['SPC_MBFLIP', 'SBX_MNUF', 'SBX_MPOLY', 'UC_NONE', 'TPC_MPOLY', 'SPC_NONE', 'SPC_NONE', 'UC_MPOLY', 'UC_NONE', 'UC_NONE', 'TPC_NONE', 'SPC_MPOLY', 'SBX_MPOLY', 'UC_MPOLY', 'SPC_NONE', 'SPC_MPOLY', 'SPC_NONE', 'SPC_MPOLY', 'TPC_NONE', 'UC_NONE', 'UC_NONE', 'UC_NONE', 'SBX_NONE', 'TPC_NONE', 'UC_NONE', 'SPC_MPOLY', 'TPC_MPOLY', 'TPC_NONE', 'UC_NONE', 'TPC_NONE', 'UC_NONE', 'SPC_NONE', 'SPC_NONE', 'TPC_NONE', 'UC_NONE', 'SPC_NONE', 'UC_NONE', 'UC_NONE', 'UC_NONE', 'UC_NONE', 'SPC_NONE', 'UC_NONE', 'SPC_NONE', 'SPC_NONE', 'TPC_NONE', 'SPC_NONE', 'TPC_NONE', 'TPC_NONE', 'TPC_NONE', 'UC_NONE', 'TPC_NONE', 'UC_NONE', 'TPC_NONE', 'SPC_NONE', 'SPC_NONE', 'SPC_NONE', 'TPC_NONE', 'SPC_NONE', 'SPC_NONE', 'SPC_NONE', 'SPC_NONE', 'UC_NONE', 'SPC_NONE', 'SPC_NONE', 'SBX_MPOLY', 'SBX_MPOLY', 'SPC_NONE', 'SPC_NONE', 'SPC_NONE', 'SPC_NONE', 'SPC_NONE', 'SPC_NONE', 'TPC_NONE', 'UC_NONE', 'TPC_MPOLY', 'UC_NONE', 'SPC_NONE', 'SPC_NONE', 'TPC_NONE', 'SPC_NONE', 'SPC_NONE', 'TPC_NONE', 'SPC_NONE', 'SPC_NONE', 'SPC_NONE', 'UC_NONE', 'TPC_NONE', 'UC_NONE', 'TPC_NONE', 'TPC_NONE', 'UC_NONE', 'SPC_NONE', 'UC_MNUF']","{'SBX_MNUF': 1, 'SBX_MPOLY': 4, 'UC_NONE': 23, 'TPC_MPOLY': 3, 'SPC_NONE': 34, 'UC_MPOLY': 2, 'TPC_NONE': 19, 'SPC_MPOLY': 4, 'SBX_NONE': 1, 'UC_MNUF': 1}"
18,93,SPC,NONE,0.6851568678892305,0.0365056138532238,535789719.04,349197531.58526266,2320306.08,1783990.9669558287,0.7383367315367144,1.5567361258850276e-05,0.0,0.0,GREEDY_HV,"['SPC_MBFLIP', 'SBX_MNUF', 'SBX_MPOLY', 'UC_NONE', 'TPC_MPOLY', 'SPC_NONE', 'SPC_NONE', 'UC_MPOLY', 'UC_NONE', 'UC_NONE', 'TPC_NONE', 'SPC_MPOLY', 'SBX_MPOLY', 'UC_MPOLY', 'SPC_NONE', 'SPC_MPOLY', 'SPC_NONE', 'SPC_MPOLY', 'TPC_NONE', 'UC_NONE', 'UC_NONE', 'UC_NONE', 'SBX_NONE', 'TPC_NONE', 'UC_NONE', 'SPC_MPOLY', 'TPC_MPOLY', 'TPC_NONE', 'UC_NONE', 'TPC_NONE', 'UC_NONE', 'SPC_NONE', 'SPC_NONE', 'TPC_NONE', 'UC_NONE', 'SPC_NONE', 'UC_NONE', 'UC_NONE', 'UC_NONE', 'UC_NONE', 'SPC_NONE', 'UC_NONE', 'SPC_NONE', 'SPC_NONE', 'TPC_NONE', 'SPC_NONE', 'TPC_NONE', 'TPC_NONE', 'TPC_NONE', 'UC_NONE', 'TPC_NONE', 'UC_NONE', 'TPC_NONE', 'SPC_NONE', 'SPC_NONE', 'SPC_NONE', 'TPC_NONE', 'SPC_NONE', 'SPC_NONE', 'SPC_NONE', 'SPC_NONE', 'UC_NONE', 'SPC_NONE', 'SPC_NONE', 'SBX_MPOLY', 'SBX_MPOLY', 'SPC_NONE', 'SPC_NONE', 'SPC_NONE', 'SPC_NONE', 'SPC_NONE', 'SPC_NONE', 'TPC_NONE', 'UC_NONE', 'TPC_MPOLY', 'UC_NONE', 'SPC_NONE', 'SPC_NONE', 'TPC_NONE', 'SPC_NONE', 'SPC_NONE', 'TPC_NONE', 'SPC_NONE', 'SPC_NONE', 'SPC_NONE', 'UC_NONE', 'TPC_NONE', 'UC_NONE', 'TPC_NONE', 'TPC_NONE', 'UC_NONE', 'SPC_NONE', 'UC_MNUF', 'SPC_NONE']","{'SBX_MNUF': 1, 'SBX_MPOLY': 4, 'UC_NONE': 23, 'TPC_MPOLY': 3, 'SPC_NONE': 35, 'UC_MPOLY': 2, 'TPC_NONE': 19, 'SPC_MPOLY': 4, 'SBX_NONE': 1, 'UC_MNUF': 1}"
18,94,SPC,MNUF,0.6844985624494774,0.0364711622274176,535189614.08,349060495.56271034,2253534.88,1786915.18813903,0.738314551222499,-2.218031421541422e-05,0.0,0.0,GREEDY_HV,"['SPC_MBFLIP', 'SBX_MNUF', 'SBX_MPOLY', 'UC_NONE', 'TPC_MPOLY', 'SPC_NONE', 'SPC_NONE', 'UC_MPOLY', 'UC_NONE', 'UC_NONE', 'TPC_NONE', 'SPC_MPOLY', 'SBX_MPOLY', 'UC_MPOLY', 'SPC_NONE', 'SPC_MPOLY', 'SPC_NONE', 'SPC_MPOLY', 'TPC_NONE', 'UC_NONE', 'UC_NONE', 'UC_NONE', 'SBX_NONE', 'TPC_NONE', 'UC_NONE', 'SPC_MPOLY', 'TPC_MPOLY', 'TPC_NONE', 'UC_NONE', 'TPC_NONE', 'UC_NONE', 'SPC_NONE', 'SPC_NONE', 'TPC_NONE', 'UC_NONE', 'SPC_NONE', 'UC_NONE', 'UC_NONE', 'UC_NONE', 'UC_NONE', 'SPC_NONE', 'UC_NONE', 'SPC_NONE', 'SPC_NONE', 'TPC_NONE', 'SPC_NONE', 'TPC_NONE', 'TPC_NONE', 'TPC_NONE', 'UC_NONE', 'TPC_NONE', 'UC_NONE', 'TPC_NONE', 'SPC_NONE', 'SPC_NONE', 'SPC_NONE', 'TPC_NONE', 'SPC_NONE', 'SPC_NONE', 'SPC_NONE', 'SPC_NONE', 'UC_NONE', 'SPC_NONE', 'SPC_NONE', 'SBX_MPOLY', 'SBX_MPOLY', 'SPC_NONE', 'SPC_NONE', 'SPC_NONE', 'SPC_NONE', 'SPC_NONE', 'SPC_NONE', 'TPC_NONE', 'UC_NONE', 'TPC_MPOLY', 'UC_NONE', 'SPC_NONE', 'SPC_NONE', 'TPC_NONE', 'SPC_NONE', 'SPC_NONE', 'TPC_NONE', 'SPC_NONE', 'SPC_NONE', 'SPC_NONE', 'UC_NONE', 'TPC_NONE', 'UC_NONE', 'TPC_NONE', 'TPC_NONE', 'UC_NONE', 'SPC_NONE', 'UC_MNUF', 'SPC_NONE', 'SPC_MNUF']","{'SBX_MNUF': 1, 'SBX_MPOLY': 4, 'UC_NONE': 23, 'TPC_MPOLY': 3, 'SPC_NONE': 35, 'UC_MPOLY': 2, 'TPC_NONE': 19, 'SPC_MPOLY': 4, 'SBX_NONE': 1, 'UC_MNUF': 1, 'SPC_MNUF': 1}"
18,95,SPC,NONE,0.6849795563523867,0.0366907334980231,535952038.4,346785483.65248644,2319909.28,1841942.6205917173,0.7383502992159219,3.574799342287438e-05,0.0,0.0,GREEDY_HV,"['SPC_MBFLIP', 'SBX_MNUF', 'SBX_MPOLY', 'UC_NONE', 'TPC_MPOLY', 'SPC_NONE', 'SPC_NONE', 'UC_MPOLY', 'UC_NONE', 'UC_NONE', 'TPC_NONE', 'SPC_MPOLY', 'SBX_MPOLY', 'UC_MPOLY', 'SPC_NONE', 'SPC_MPOLY', 'SPC_NONE', 'SPC_MPOLY', 'TPC_NONE', 'UC_NONE', 'UC_NONE', 'UC_NONE', 'SBX_NONE', 'TPC_NONE', 'UC_NONE', 'SPC_MPOLY', 'TPC_MPOLY', 'TPC_NONE', 'UC_NONE', 'TPC_NONE', 'UC_NONE', 'SPC_NONE', 'SPC_NONE', 'TPC_NONE', 'UC_NONE', 'SPC_NONE', 'UC_NONE', 'UC_NONE', 'UC_NONE', 'UC_NONE', 'SPC_NONE', 'UC_NONE', 'SPC_NONE', 'SPC_NONE', 'TPC_NONE', 'SPC_NONE', 'TPC_NONE', 'TPC_NONE', 'TPC_NONE', 'UC_NONE', 'TPC_NONE', 'UC_NONE', 'TPC_NONE', 'SPC_NONE', 'SPC_NONE', 'SPC_NONE', 'TPC_NONE', 'SPC_NONE', 'SPC_NONE', 'SPC_NONE', 'SPC_NONE', 'UC_NONE', 'SPC_NONE', 'SPC_NONE', 'SBX_MPOLY', 'SBX_MPOLY', 'SPC_NONE', 'SPC_NONE', 'SPC_NONE', 'SPC_NONE', 'SPC_NONE', 'SPC_NONE', 'TPC_NONE', 'UC_NONE', 'TPC_MPOLY', 'UC_NONE', 'SPC_NONE', 'SPC_NONE', 'TPC_NONE', 'SPC_NONE', 'SPC_NONE', 'TPC_NONE', 'SPC_NONE', 'SPC_NONE', 'SPC_NONE', 'UC_NONE', 'TPC_NONE', 'UC_NONE', 'TPC_NONE', 'TPC_NONE', 'UC_NONE', 'SPC_NONE', 'UC_MNUF', 'SPC_NONE', 'SPC_MNUF', 'SPC_NONE']","{'SBX_MNUF': 1, 'SBX_MPOLY': 4, 'UC_NONE': 23, 'TPC_MPOLY': 3, 'SPC_NONE': 36, 'UC_MPOLY': 2, 'TPC_NONE': 19, 'SPC_MPOLY': 4, 'SBX_NONE': 1, 'UC_MNUF': 1, 'SPC_MNUF': 1}"
18,96,SPC,MNUF,0.6840727622727991,0.0364148378143415,518735434.24,346582039.8543197,2218455.2,1779981.1581967263,0.7383244438402184,-2.585537570343188e-05,0.0,0.0,GREEDY_HV,"['SPC_MBFLIP', 'SBX_MNUF', 'SBX_MPOLY', 'UC_NONE', 'TPC_MPOLY', 'SPC_NONE', 'SPC_NONE', 'UC_MPOLY', 'UC_NONE', 'UC_NONE', 'TPC_NONE', 'SPC_MPOLY', 'SBX_MPOLY', 'UC_MPOLY', 'SPC_NONE', 'SPC_MPOLY', 'SPC_NONE', 'SPC_MPOLY', 'TPC_NONE', 'UC_NONE', 'UC_NONE', 'UC_NONE', 'SBX_NONE', 'TPC_NONE', 'UC_NONE', 'SPC_MPOLY', 'TPC_MPOLY', 'TPC_NONE', 'UC_NONE', 'TPC_NONE', 'UC_NONE', 'SPC_NONE', 'SPC_NONE', 'TPC_NONE', 'UC_NONE', 'SPC_NONE', 'UC_NONE', 'UC_NONE', 'UC_NONE', 'UC_NONE', 'SPC_NONE', 'UC_NONE', 'SPC_NONE', 'SPC_NONE', 'TPC_NONE', 'SPC_NONE', 'TPC_NONE', 'TPC_NONE', 'TPC_NONE', 'UC_NONE', 'TPC_NONE', 'UC_NONE', 'TPC_NONE', 'SPC_NONE', 'SPC_NONE', 'SPC_NONE', 'TPC_NONE', 'SPC_NONE', 'SPC_NONE', 'SPC_NONE', 'SPC_NONE', 'UC_NONE', 'SPC_NONE', 'SPC_NONE', 'SBX_MPOLY', 'SBX_MPOLY', 'SPC_NONE', 'SPC_NONE', 'SPC_NONE', 'SPC_NONE', 'SPC_NONE', 'SPC_NONE', 'TPC_NONE', 'UC_NONE', 'TPC_MPOLY', 'UC_NONE', 'SPC_NONE', 'SPC_NONE', 'TPC_NONE', 'SPC_NONE', 'SPC_NONE', 'TPC_NONE', 'SPC_NONE', 'SPC_NONE', 'SPC_NONE', 'UC_NONE', 'TPC_NONE', 'UC_NONE', 'TPC_NONE', 'TPC_NONE', 'UC_NONE', 'SPC_NONE', 'UC_MNUF', 'SPC_NONE', 'SPC_MNUF', 'SPC_NONE', 'SPC_MNUF']","{'SBX_MNUF': 1, 'SBX_MPOLY': 4, 'UC_NONE': 23, 'TPC_MPOLY': 3, 'SPC_NONE': 36, 'UC_MPOLY': 2, 'TPC_NONE': 19, 'SPC_MPOLY': 4, 'SBX_NONE': 1, 'UC_MNUF': 1, 'SPC_MNUF': 2}"
18,97,SPC,MNUF,0.6843013580321237,0.0362831915434123,513157998.08,348411280.4074535,2182080.16,1747992.3108870627,0.7383298309319324,5.387091713937586e-06,0.0,0.0,GREEDY_HV,"['SPC_MBFLIP', 'SBX_MNUF', 'SBX_MPOLY', 'UC_NONE', 'TPC_MPOLY', 'SPC_NONE', 'SPC_NONE', 'UC_MPOLY', 'UC_NONE', 'UC_NONE', 'TPC_NONE', 'SPC_MPOLY', 'SBX_MPOLY', 'UC_MPOLY', 'SPC_NONE', 'SPC_MPOLY', 'SPC_NONE', 'SPC_MPOLY', 'TPC_NONE', 'UC_NONE', 'UC_NONE', 'UC_NONE', 'SBX_NONE', 'TPC_NONE', 'UC_NONE', 'SPC_MPOLY', 'TPC_MPOLY', 'TPC_NONE', 'UC_NONE', 'TPC_NONE', 'UC_NONE', 'SPC_NONE', 'SPC_NONE', 'TPC_NONE', 'UC_NONE', 'SPC_NONE', 'UC_NONE', 'UC_NONE', 'UC_NONE', 'UC_NONE', 'SPC_NONE', 'UC_NONE', 'SPC_NONE', 'SPC_NONE', 'TPC_NONE', 'SPC_NONE', 'TPC_NONE', 'TPC_NONE', 'TPC_NONE', 'UC_NONE', 'TPC_NONE', 'UC_NONE', 'TPC_NONE', 'SPC_NONE', 'SPC_NONE', 'SPC_NONE', 'TPC_NONE', 'SPC_NONE', 'SPC_NONE', 'SPC_NONE', 'SPC_NONE', 'UC_NONE', 'SPC_NONE', 'SPC_NONE', 'SBX_MPOLY', 'SBX_MPOLY', 'SPC_NONE', 'SPC_NONE', 'SPC_NONE', 'SPC_NONE', 'SPC_NONE', 'SPC_NONE', 'TPC_NONE', 'UC_NONE', 'TPC_MPOLY', 'UC_NONE', 'SPC_NONE', 'SPC_NONE', 'TPC_NONE', 'SPC_NONE', 'SPC_NONE', 'TPC_NONE', 'SPC_NONE', 'SPC_NONE', 'SPC_NONE', 'UC_NONE', 'TPC_NONE', 'UC_NONE', 'TPC_NONE', 'TPC_NONE', 'UC_NONE', 'SPC_NONE', 'UC_MNUF', 'SPC_NONE', 'SPC_MNUF', 'SPC_NONE', 'SPC_MNUF', 'SPC_MNUF']","{'SBX_MNUF': 1, 'SBX_MPOLY': 4, 'UC_NONE': 23, 'TPC_MPOLY': 3, 'SPC_NONE': 36, 'UC_MPOLY': 2, 'TPC_NONE': 19, 'SPC_MPOLY': 4, 'SBX_NONE': 1, 'UC_MNUF': 1, 'SPC_MNUF': 3}"
18,98,UC,MNUF,0.6834751818964128,0.0362570831027063,502434910.72,342412518.6586318,2145874.08,1771210.552535546,0.7383373637352806,7.532803348198058e-06,0.0,0.0,GREEDY_HV,"['SPC_MBFLIP', 'SBX_MNUF', 'SBX_MPOLY', 'UC_NONE', 'TPC_MPOLY', 'SPC_NONE', 'SPC_NONE', 'UC_MPOLY', 'UC_NONE', 'UC_NONE', 'TPC_NONE', 'SPC_MPOLY', 'SBX_MPOLY', 'UC_MPOLY', 'SPC_NONE', 'SPC_MPOLY', 'SPC_NONE', 'SPC_MPOLY', 'TPC_NONE', 'UC_NONE', 'UC_NONE', 'UC_NONE', 'SBX_NONE', 'TPC_NONE', 'UC_NONE', 'SPC_MPOLY', 'TPC_MPOLY', 'TPC_NONE', 'UC_NONE', 'TPC_NONE', 'UC_NONE', 'SPC_NONE', 'SPC_NONE', 'TPC_NONE', 'UC_NONE', 'SPC_NONE', 'UC_NONE', 'UC_NONE', 'UC_NONE', 'UC_NONE', 'SPC_NONE', 'UC_NONE', 'SPC_NONE', 'SPC_NONE', 'TPC_NONE', 'SPC_NONE', 'TPC_NONE', 'TPC_NONE', 'TPC_NONE', 'UC_NONE', 'TPC_NONE', 'UC_NONE', 'TPC_NONE', 'SPC_NONE', 'SPC_NONE', 'SPC_NONE', 'TPC_NONE', 'SPC_NONE', 'SPC_NONE', 'SPC_NONE', 'SPC_NONE', 'UC_NONE', 'SPC_NONE', 'SPC_NONE', 'SBX_MPOLY', 'SBX_MPOLY', 'SPC_NONE', 'SPC_NONE', 'SPC_NONE', 'SPC_NONE', 'SPC_NONE', 'SPC_NONE', 'TPC_NONE', 'UC_NONE', 'TPC_MPOLY', 'UC_NONE', 'SPC_NONE', 'SPC_NONE', 'TPC_NONE', 'SPC_NONE', 'SPC_NONE', 'TPC_NONE', 'SPC_NONE', 'SPC_NONE', 'SPC_NONE', 'UC_NONE', 'TPC_NONE', 'UC_NONE', 'TPC_NONE', 'TPC_NONE', 'UC_NONE', 'SPC_NONE', 'UC_MNUF', 'SPC_NONE', 'SPC_MNUF', 'SPC_NONE', 'SPC_MNUF', 'SPC_MNUF', 'UC_MNUF']","{'SBX_MNUF': 1, 'SBX_MPOLY': 4, 'UC_NONE': 23, 'TPC_MPOLY': 3, 'SPC_NONE': 36, 'UC_MPOLY': 2, 'TPC_NONE': 19, 'SPC_MPOLY': 4, 'SBX_NONE': 1, 'UC_MNUF': 2, 'SPC_MNUF': 3}"
18,99,UC,NONE,0.68389336890751,0.036560321509192,518766072.32,351251090.3436625,2160294.56,1759714.4400175405,0.7383553563895694,1.7992654288812027e-05,0.0,0.0,GREEDY_HV,"['SPC_MBFLIP', 'SBX_MNUF', 'SBX_MPOLY', 'UC_NONE', 'TPC_MPOLY', 'SPC_NONE', 'SPC_NONE', 'UC_MPOLY', 'UC_NONE', 'UC_NONE', 'TPC_NONE', 'SPC_MPOLY', 'SBX_MPOLY', 'UC_MPOLY', 'SPC_NONE', 'SPC_MPOLY', 'SPC_NONE', 'SPC_MPOLY', 'TPC_NONE', 'UC_NONE', 'UC_NONE', 'UC_NONE', 'SBX_NONE', 'TPC_NONE', 'UC_NONE', 'SPC_MPOLY', 'TPC_MPOLY', 'TPC_NONE', 'UC_NONE', 'TPC_NONE', 'UC_NONE', 'SPC_NONE', 'SPC_NONE', 'TPC_NONE', 'UC_NONE', 'SPC_NONE', 'UC_NONE', 'UC_NONE', 'UC_NONE', 'UC_NONE', 'SPC_NONE', 'UC_NONE', 'SPC_NONE', 'SPC_NONE', 'TPC_NONE', 'SPC_NONE', 'TPC_NONE', 'TPC_NONE', 'TPC_NONE', 'UC_NONE', 'TPC_NONE', 'UC_NONE', 'TPC_NONE', 'SPC_NONE', 'SPC_NONE', 'SPC_NONE', 'TPC_NONE', 'SPC_NONE', 'SPC_NONE', 'SPC_NONE', 'SPC_NONE', 'UC_NONE', 'SPC_NONE', 'SPC_NONE', 'SBX_MPOLY', 'SBX_MPOLY', 'SPC_NONE', 'SPC_NONE', 'SPC_NONE', 'SPC_NONE', 'SPC_NONE', 'SPC_NONE', 'TPC_NONE', 'UC_NONE', 'TPC_MPOLY', 'UC_NONE', 'SPC_NONE', 'SPC_NONE', 'TPC_NONE', 'SPC_NONE', 'SPC_NONE', 'TPC_NONE', 'SPC_NONE', 'SPC_NONE', 'SPC_NONE', 'UC_NONE', 'TPC_NONE', 'UC_NONE', 'TPC_NONE', 'TPC_NONE', 'UC_NONE', 'SPC_NONE', 'UC_MNUF', 'SPC_NONE', 'SPC_MNUF', 'SPC_NONE', 'SPC_MNUF', 'SPC_MNUF', 'UC_MNUF', 'UC_NONE']","{'SBX_MNUF': 1, 'SBX_MPOLY': 4, 'UC_NONE': 24, 'TPC_MPOLY': 3, 'SPC_NONE': 36, 'UC_MPOLY': 2, 'TPC_NONE': 19, 'SPC_MPOLY': 4, 'SBX_NONE': 1, 'UC_MNUF': 2, 'SPC_MNUF': 3}"
18,100,SPC,MNUF,0.6855706174792477,0.0366446646537346,538241835.52,350911021.38964164,2337560.48,1766872.6986386566,0.73834035288741,-1.5003502159438575e-05,0.0,0.0,GREEDY_HV,"['SPC_MBFLIP', 'SBX_MNUF', 'SBX_MPOLY', 'UC_NONE', 'TPC_MPOLY', 'SPC_NONE', 'SPC_NONE', 'UC_MPOLY', 'UC_NONE', 'UC_NONE', 'TPC_NONE', 'SPC_MPOLY', 'SBX_MPOLY', 'UC_MPOLY', 'SPC_NONE', 'SPC_MPOLY', 'SPC_NONE', 'SPC_MPOLY', 'TPC_NONE', 'UC_NONE', 'UC_NONE', 'UC_NONE', 'SBX_NONE', 'TPC_NONE', 'UC_NONE', 'SPC_MPOLY', 'TPC_MPOLY', 'TPC_NONE', 'UC_NONE', 'TPC_NONE', 'UC_NONE', 'SPC_NONE', 'SPC_NONE', 'TPC_NONE', 'UC_NONE', 'SPC_NONE', 'UC_NONE', 'UC_NONE', 'UC_NONE', 'UC_NONE', 'SPC_NONE', 'UC_NONE', 'SPC_NONE', 'SPC_NONE', 'TPC_NONE', 'SPC_NONE', 'TPC_NONE', 'TPC_NONE', 'TPC_NONE', 'UC_NONE', 'TPC_NONE', 'UC_NONE', 'TPC_NONE', 'SPC_NONE', 'SPC_NONE', 'SPC_NONE', 'TPC_NONE', 'SPC_NONE', 'SPC_NONE', 'SPC_NONE', 'SPC_NONE', 'UC_NONE', 'SPC_NONE', 'SPC_NONE', 'SBX_MPOLY', 'SBX_MPOLY', 'SPC_NONE', 'SPC_NONE', 'SPC_NONE', 'SPC_NONE', 'SPC_NONE', 'SPC_NONE', 'TPC_NONE', 'UC_NONE', 'TPC_MPOLY', 'UC_NONE', 'SPC_NONE', 'SPC_NONE', 'TPC_NONE', 'SPC_NONE', 'SPC_NONE', 'TPC_NONE', 'SPC_NONE', 'SPC_NONE', 'SPC_NONE', 'UC_NONE', 'TPC_NONE', 'UC_NONE', 'TPC_NONE', 'TPC_NONE', 'UC_NONE', 'SPC_NONE', 'UC_MNUF', 'SPC_NONE', 'SPC_MNUF', 'SPC_NONE', 'SPC_MNUF', 'SPC_MNUF', 'UC_MNUF', 'UC_NONE', 'SPC_MNUF']","{'SBX_MNUF': 1, 'SBX_MPOLY': 4, 'UC_NONE': 24, 'TPC_MPOLY': 3, 'SPC_NONE': 36, 'UC_MPOLY': 2, 'TPC_NONE': 19, 'SPC_MPOLY': 4, 'SBX_NONE': 1, 'UC_MNUF': 2, 'SPC_MNUF': 4}"
19,1,SBX,MNUF,0.6551726576105554,0.0235280686227168,1377477515.52,794634275.0996373,2896655.52,1379669.0143820182,0.6862838219367471,0.0,0.16,0.105,GREEDY_HV,"['SPC_MBFLIP', 'SBX_MNUF']",{'SBX_MNUF': 1}
19,2,UC,MPOLY,0.6629889626470603,0.0211220258682197,1119836752.64,748038927.2431446,2729427.36,1386157.9970462497,0.6965058186126099,0.0102219966758627,0.17,0.125,GREEDY_HV,"['SPC_MBFLIP', 'SBX_MNUF', 'UC_MPOLY']","{'SBX_MNUF': 1, 'UC_MPOLY': 1}"
19,3,TPC,MPOLY,0.6654238017292416,0.0234519202390421,928308801.28,679180325.431998,2602519.2,1525831.8213968407,0.7075780261534267,0.0110722075408168,0.14,0.06,GREEDY_HV,"['SPC_MBFLIP', 'SBX_MNUF', 'UC_MPOLY', 'TPC_MPOLY']","{'SBX_MNUF': 1, 'UC_MPOLY': 1, 'TPC_MPOLY': 1}"
19,4,UC,MPOLY,0.6683214662166189,0.0223032466541336,766414334.72,508157526.88050514,2447416.48,1457362.2077156557,0.7120768833973626,0.0044988572439359,0.14,0.095,GREEDY_HV,"['SPC_MBFLIP', 'SBX_MNUF', 'UC_MPOLY', 'TPC_MPOLY', 'UC_MPOLY']","{'SBX_MNUF': 1, 'UC_MPOLY': 2, 'TPC_MPOLY': 1}"
19,5,UC,NONE,0.6733167865813331,0.0201428076903257,662872890.88,461748539.945008,2407590.56,1614903.5496829925,0.7172215406656217,0.005144657268259,0.16,0.0,GREEDY_HV,"['SPC_MBFLIP', 'SBX_MNUF', 'UC_MPOLY', 'TPC_MPOLY', 'UC_MPOLY', 'UC_NONE']","{'SBX_MNUF': 1, 'UC_MPOLY': 2, 'TPC_MPOLY': 1, 'UC_NONE': 1}"
19,6,SPC,NONE,0.6756410354762374,0.022032994943442,602339194.88,499286561.55741215,2344014.24,1757992.3954052872,0.7205065039033296,0.0032849632377078,0.11,0.0,GREEDY_HV,"['SPC_MBFLIP', 'SBX_MNUF', 'UC_MPOLY', 'TPC_MPOLY', 'UC_MPOLY', 'UC_NONE', 'SPC_NONE']","{'SBX_MNUF': 1, 'UC_MPOLY': 2, 'TPC_MPOLY': 1, 'UC_NONE': 1, 'SPC_NONE': 1}"
19,7,SBX,MPOLY,0.6733703469307799,0.0275790465701554,570805070.08,499510998.0612476,2438941.6,1854647.584275741,0.7252024045109258,0.0046959006075961,0.0,0.065,GREEDY_HV,"['SPC_MBFLIP', 'SBX_MNUF', 'UC_MPOLY', 'TPC_MPOLY', 'UC_MPOLY', 'UC_NONE', 'SPC_NONE', 'SBX_MPOLY']","{'SBX_MNUF': 1, 'UC_MPOLY': 2, 'TPC_MPOLY': 1, 'UC_NONE': 1, 'SPC_NONE': 1, 'SBX_MPOLY': 1}"
19,8,TPC,NONE,0.6700006492403476,0.0307737896475434,452835993.6,403020860.67021567,1837756.32,1713815.288661662,0.7274809930764932,0.0022785885655673,0.08,0.0,GREEDY_HV,"['SPC_MBFLIP', 'SBX_MNUF', 'UC_MPOLY', 'TPC_MPOLY', 'UC_MPOLY', 'UC_NONE', 'SPC_NONE', 'SBX_MPOLY', 'TPC_NONE']","{'SBX_MNUF': 1, 'UC_MPOLY': 2, 'TPC_MPOLY': 1, 'UC_NONE': 1, 'SPC_NONE': 1, 'SBX_MPOLY': 1, 'TPC_NONE': 1}"
19,9,TPC,NONE,0.6694557185063235,0.0267569997753153,400217043.2,378978050.0534607,1386516.64,1249616.2337402273,0.7283392870845559,0.0008582940080626,0.09,0.0,GREEDY_HV,"['SPC_MBFLIP', 'SBX_MNUF', 'UC_MPOLY', 'TPC_MPOLY', 'UC_MPOLY', 'UC_NONE', 'SPC_NONE', 'SBX_MPOLY', 'TPC_NONE', 'TPC_NONE']","{'SBX_MNUF': 1, 'UC_MPOLY': 2, 'TPC_MPOLY': 1, 'UC_NONE': 1, 'SPC_NONE': 1, 'SBX_MPOLY': 1, 'TPC_NONE': 2}"
19,10,TPC,NONE,0.6677009156004778,0.0260073368154615,292785845.76,156366328.27618536,1137063.84,856924.854523881,0.7296600958163175,0.0013208087317616,0.05,0.0,GREEDY_HV,"['SPC_MBFLIP', 'SBX_MNUF', 'UC_MPOLY', 'TPC_MPOLY', 'UC_MPOLY', 'UC_NONE', 'SPC_NONE', 'SBX_MPOLY', 'TPC_NONE', 'TPC_NONE', 'TPC_NONE']","{'SBX_MNUF': 1, 'UC_MPOLY': 2, 'TPC_MPOLY': 1, 'UC_NONE': 1, 'SPC_NONE': 1, 'SBX_MPOLY': 1, 'TPC_NONE': 3}"
19,11,TPC,MPOLY,0.6748746920211682,0.0243513926232172,324212491.52,160450702.38014242,1316866.72,897990.5911173689,0.7299513465471024,0.0002912507307848,0.05,0.0,GREEDY_HV,"['SPC_MBFLIP', 'SBX_MNUF', 'UC_MPOLY', 'TPC_MPOLY', 'UC_MPOLY', 'UC_NONE', 'SPC_NONE', 'SBX_MPOLY', 'TPC_NONE', 'TPC_NONE', 'TPC_NONE', 'TPC_MPOLY']","{'SBX_MNUF': 1, 'UC_MPOLY': 2, 'TPC_MPOLY': 2, 'UC_NONE': 1, 'SPC_NONE': 1, 'SBX_MPOLY': 1, 'TPC_NONE': 3}"
19,12,NONE,MNUF,0.6726002667742513,0.0258965313070944,317647777.28,160889071.11810493,1239649.44,839531.3377628772,0.7325261036235848,0.0025747570764824,0.0,0.0,GREEDY_HV,"['SPC_MBFLIP', 'SBX_MNUF', 'UC_MPOLY', 'TPC_MPOLY', 'UC_MPOLY', 'UC_NONE', 'SPC_NONE', 'SBX_MPOLY', 'TPC_NONE', 'TPC_NONE', 'TPC_NONE', 'TPC_MPOLY', 'NONE_MNUF']","{'SBX_MNUF': 1, 'UC_MPOLY': 2, 'TPC_MPOLY': 2, 'UC_NONE': 1, 'SPC_NONE': 1, 'SBX_MPOLY': 1, 'TPC_NONE': 3, 'NONE_MNUF': 1}"
19,13,TPC,MPOLY,0.6737568988073213,0.0232143039715953,298513882.88,148173619.84646747,1132650.4,619420.6355686901,0.7329068621965626,0.0003807585729778,0.05,0.035,GREEDY_HV,"['SPC_MBFLIP', 'SBX_MNUF', 'UC_MPOLY', 'TPC_MPOLY', 'UC_MPOLY', 'UC_NONE', 'SPC_NONE', 'SBX_MPOLY', 'TPC_NONE', 'TPC_NONE', 'TPC_NONE', 'TPC_MPOLY', 'NONE_MNUF', 'TPC_MPOLY']","{'SBX_MNUF': 1, 'UC_MPOLY': 2, 'TPC_MPOLY': 3, 'UC_NONE': 1, 'SPC_NONE': 1, 'SBX_MPOLY': 1, 'TPC_NONE': 3, 'NONE_MNUF': 1}"
19,14,TPC,NONE,0.6740167539191882,0.0297906107173913,319175185.92,166677177.50610483,1157076.64,708096.3308239285,0.7331676635693885,0.0002608013728258,0.05,0.0,GREEDY_HV,"['SPC_MBFLIP', 'SBX_MNUF', 'UC_MPOLY', 'TPC_MPOLY', 'UC_MPOLY', 'UC_NONE', 'SPC_NONE', 'SBX_MPOLY', 'TPC_NONE', 'TPC_NONE', 'TPC_NONE', 'TPC_MPOLY', 'NONE_MNUF', 'TPC_MPOLY', 'TPC_NONE']","{'SBX_MNUF': 1, 'UC_MPOLY': 2, 'TPC_MPOLY': 3, 'UC_NONE': 1, 'SPC_NONE': 1, 'SBX_MPOLY': 1, 'TPC_NONE': 4, 'NONE_MNUF': 1}"
19,15,SPC,NONE,0.6723145788942491,0.0328513062794868,299892072.96,173224341.77562973,1140499.36,755851.9871764774,0.7340842370006258,0.0009165734312372,0.06,0.0,GREEDY_HV,"['SPC_MBFLIP', 'SBX_MNUF', 'UC_MPOLY', 'TPC_MPOLY', 'UC_MPOLY', 'UC_NONE', 'SPC_NONE', 'SBX_MPOLY', 'TPC_NONE', 'TPC_NONE', 'TPC_NONE', 'TPC_MPOLY', 'NONE_MNUF', 'TPC_MPOLY', 'TPC_NONE', 'SPC_NONE']","{'SBX_MNUF': 1, 'UC_MPOLY': 2, 'TPC_MPOLY': 3, 'UC_NONE': 1, 'SPC_NONE': 2, 'SBX_MPOLY': 1, 'TPC_NONE': 4, 'NONE_MNUF': 1}"
19,16,UC,NONE,0.675386610846683,0.0332906141088534,314367662.08,176133764.38307196,1214242.72,787997.6056806018,0.7342473799020605,0.0001631429014347,0.01,0.0,GREEDY_HV,"['SPC_MBFLIP', 'SBX_MNUF', 'UC_MPOLY', 'TPC_MPOLY', 'UC_MPOLY', 'UC_NONE', 'SPC_NONE', 'SBX_MPOLY', 'TPC_NONE', 'TPC_NONE', 'TPC_NONE', 'TPC_MPOLY', 'NONE_MNUF', 'TPC_MPOLY', 'TPC_NONE', 'SPC_NONE', 'UC_NONE']","{'SBX_MNUF': 1, 'UC_MPOLY': 2, 'TPC_MPOLY': 3, 'UC_NONE': 2, 'SPC_NONE': 2, 'SBX_MPOLY': 1, 'TPC_NONE': 4, 'NONE_MNUF': 1}"
19,17,SBX,NONE,0.673751477303677,0.0337878087815328,347602470.4,436392833.62304246,1190168.48,859788.606506,0.7361837461159955,0.001936366213935,0.01,0.0,GREEDY_HV,"['SPC_MBFLIP', 'SBX_MNUF', 'UC_MPOLY', 'TPC_MPOLY', 'UC_MPOLY', 'UC_NONE', 'SPC_NONE', 'SBX_MPOLY', 'TPC_NONE', 'TPC_NONE', 'TPC_NONE', 'TPC_MPOLY', 'NONE_MNUF', 'TPC_MPOLY', 'TPC_NONE', 'SPC_NONE', 'UC_NONE', 'SBX_NONE']","{'SBX_MNUF': 1, 'UC_MPOLY': 2, 'TPC_MPOLY': 3, 'UC_NONE': 2, 'SPC_NONE': 2, 'SBX_MPOLY': 1, 'TPC_NONE': 4, 'NONE_MNUF': 1, 'SBX_NONE': 1}"
19,18,SBX,MPOLY,0.6714886260895666,0.0361087046921845,342459139.84,437521502.6380796,1171029.92,871800.430451003,0.7366766032929002,0.0004928571769047,0.01,0.04,GREEDY_HV,"['SPC_MBFLIP', 'SBX_MNUF', 'UC_MPOLY', 'TPC_MPOLY', 'UC_MPOLY', 'UC_NONE', 'SPC_NONE', 'SBX_MPOLY', 'TPC_NONE', 'TPC_NONE', 'TPC_NONE', 'TPC_MPOLY', 'NONE_MNUF', 'TPC_MPOLY', 'TPC_NONE', 'SPC_NONE', 'UC_NONE', 'SBX_NONE', 'SBX_MPOLY']","{'SBX_MNUF': 1, 'UC_MPOLY': 2, 'TPC_MPOLY': 3, 'UC_NONE': 2, 'SPC_NONE': 2, 'SBX_MPOLY': 2, 'TPC_NONE': 4, 'NONE_MNUF': 1, 'SBX_NONE': 1}"
19,19,SPC,NONE,0.6760199554534527,0.0350968067922818,389339468.8,590084689.3823408,1301255.84,958796.0682162052,0.736781174355691,0.0001045710627908,0.06,0.0,GREEDY_HV,"['SPC_MBFLIP', 'SBX_MNUF', 'UC_MPOLY', 'TPC_MPOLY', 'UC_MPOLY', 'UC_NONE', 'SPC_NONE', 'SBX_MPOLY', 'TPC_NONE', 'TPC_NONE', 'TPC_NONE', 'TPC_MPOLY', 'NONE_MNUF', 'TPC_MPOLY', 'TPC_NONE', 'SPC_NONE', 'UC_NONE', 'SBX_NONE', 'SBX_MPOLY', 'SPC_NONE']","{'SBX_MNUF': 1, 'UC_MPOLY': 2, 'TPC_MPOLY': 3, 'UC_NONE': 2, 'SPC_NONE': 3, 'SBX_MPOLY': 2, 'TPC_NONE': 4, 'NONE_MNUF': 1, 'SBX_NONE': 1}"
19,20,SPC,NONE,0.6745221905806598,0.0364007135073881,440315916.8,739058009.2399435,1336859.04,1074784.9715190658,0.7376148653188851,0.000833690963194,0.02,0.0,GREEDY_HV,"['SPC_MBFLIP', 'SBX_MNUF', 'UC_MPOLY', 'TPC_MPOLY', 'UC_MPOLY', 'UC_NONE', 'SPC_NONE', 'SBX_MPOLY', 'TPC_NONE', 'TPC_NONE', 'TPC_NONE', 'TPC_MPOLY', 'NONE_MNUF', 'TPC_MPOLY', 'TPC_NONE', 'SPC_NONE', 'UC_NONE', 'SBX_NONE', 'SBX_MPOLY', 'SPC_NONE', 'SPC_NONE']","{'SBX_MNUF': 1, 'UC_MPOLY': 2, 'TPC_MPOLY': 3, 'UC_NONE': 2, 'SPC_NONE': 4, 'SBX_MPOLY': 2, 'TPC_NONE': 4, 'NONE_MNUF': 1, 'SBX_NONE': 1}"
19,21,SBX,NONE,0.6731584760563654,0.0355935229941171,445842444.8,856174972.7669078,1244435.36,1042937.572120398,0.7384244074012927,0.0008095420824075,0.02,0.0,GREEDY_HV,"['SPC_MBFLIP', 'SBX_MNUF', 'UC_MPOLY', 'TPC_MPOLY', 'UC_MPOLY', 'UC_NONE', 'SPC_NONE', 'SBX_MPOLY', 'TPC_NONE', 'TPC_NONE', 'TPC_NONE', 'TPC_MPOLY', 'NONE_MNUF', 'TPC_MPOLY', 'TPC_NONE', 'SPC_NONE', 'UC_NONE', 'SBX_NONE', 'SBX_MPOLY', 'SPC_NONE', 'SPC_NONE', 'SBX_NONE']","{'SBX_MNUF': 1, 'UC_MPOLY': 2, 'TPC_MPOLY': 3, 'UC_NONE': 2, 'SPC_NONE': 4, 'SBX_MPOLY': 2, 'TPC_NONE': 4, 'NONE_MNUF': 1, 'SBX_NONE': 2}"
19,22,SBX,NONE,0.6733681958493898,0.0356111880437709,400485143.04,730564844.9952747,1226973.6,974809.3939204316,0.7387862812733197,0.000361873872027,0.0,0.0,GREEDY_HV,"['SPC_MBFLIP', 'SBX_MNUF', 'UC_MPOLY', 'TPC_MPOLY', 'UC_MPOLY', 'UC_NONE', 'SPC_NONE', 'SBX_MPOLY', 'TPC_NONE', 'TPC_NONE', 'TPC_NONE', 'TPC_MPOLY', 'NONE_MNUF', 'TPC_MPOLY', 'TPC_NONE', 'SPC_NONE', 'UC_NONE', 'SBX_NONE', 'SBX_MPOLY', 'SPC_NONE', 'SPC_NONE', 'SBX_NONE', 'SBX_NONE']","{'SBX_MNUF': 1, 'UC_MPOLY': 2, 'TPC_MPOLY': 3, 'UC_NONE': 2, 'SPC_NONE': 4, 'SBX_MPOLY': 2, 'TPC_NONE': 4, 'NONE_MNUF': 1, 'SBX_NONE': 3}"
19,23,SPC,NONE,0.6726608395290374,0.0346391199478245,300224263.68,425382824.57772535,1094735.52,717522.9399411905,0.7403320378227484,0.0015457565494286,0.06,0.0,GREEDY_HV,"['SPC_MBFLIP', 'SBX_MNUF', 'UC_MPOLY', 'TPC_MPOLY', 'UC_MPOLY', 'UC_NONE', 'SPC_NONE', 'SBX_MPOLY', 'TPC_NONE', 'TPC_NONE', 'TPC_NONE', 'TPC_MPOLY', 'NONE_MNUF', 'TPC_MPOLY', 'TPC_NONE', 'SPC_NONE', 'UC_NONE', 'SBX_NONE', 'SBX_MPOLY', 'SPC_NONE', 'SPC_NONE', 'SBX_NONE', 'SBX_NONE', 'SPC_NONE']","{'SBX_MNUF': 1, 'UC_MPOLY': 2, 'TPC_MPOLY': 3, 'UC_NONE': 2, 'SPC_NONE': 5, 'SBX_MPOLY': 2, 'TPC_NONE': 4, 'NONE_MNUF': 1, 'SBX_NONE': 3}"
19,24,UC,NONE,0.6755744000521982,0.0346005920746546,352245775.36,584382378.8458165,1185557.92,816442.5852709997,0.7404306494663822,9.86116436337836e-05,0.02,0.0,GREEDY_HV,"['SPC_MBFLIP', 'SBX_MNUF', 'UC_MPOLY', 'TPC_MPOLY', 'UC_MPOLY', 'UC_NONE', 'SPC_NONE', 'SBX_MPOLY', 'TPC_NONE', 'TPC_NONE', 'TPC_NONE', 'TPC_MPOLY', 'NONE_MNUF', 'TPC_MPOLY', 'TPC_NONE', 'SPC_NONE', 'UC_NONE', 'SBX_NONE', 'SBX_MPOLY', 'SPC_NONE', 'SPC_NONE', 'SBX_NONE', 'SBX_NONE', 'SPC_NONE', 'UC_NONE']","{'SBX_MNUF': 1, 'UC_MPOLY': 2, 'TPC_MPOLY': 3, 'UC_NONE': 3, 'SPC_NONE': 5, 'SBX_MPOLY': 2, 'TPC_NONE': 4, 'NONE_MNUF': 1, 'SBX_NONE': 3}"
19,25,TPC,NONE,0.6803156617708833,0.0335282539906237,369957754.88,583240146.7064613,1286313.12,797730.2986043501,0.7408593730946734,0.0004287236282912,0.03,0.0,GREEDY_HV,"['SPC_MBFLIP', 'SBX_MNUF', 'UC_MPOLY', 'TPC_MPOLY', 'UC_MPOLY', 'UC_NONE', 'SPC_NONE', 'SBX_MPOLY', 'TPC_NONE', 'TPC_NONE', 'TPC_NONE', 'TPC_MPOLY', 'NONE_MNUF', 'TPC_MPOLY', 'TPC_NONE', 'SPC_NONE', 'UC_NONE', 'SBX_NONE', 'SBX_MPOLY', 'SPC_NONE', 'SPC_NONE', 'SBX_NONE', 'SBX_NONE', 'SPC_NONE', 'UC_NONE', 'TPC_NONE']","{'SBX_MNUF': 1, 'UC_MPOLY': 2, 'TPC_MPOLY': 3, 'UC_NONE': 3, 'SPC_NONE': 5, 'SBX_MPOLY': 2, 'TPC_NONE': 5, 'NONE_MNUF': 1, 'SBX_NONE': 3}"
19,26,TPC,NONE,0.6789729836030769,0.0341973702070441,363470894.08,585647611.7280917,1248124.32,821129.8168718866,0.7409342561530585,7.488305838510012e-05,0.0,0.0,GREEDY_HV,"['SPC_MBFLIP', 'SBX_MNUF', 'UC_MPOLY', 'TPC_MPOLY', 'UC_MPOLY', 'UC_NONE', 'SPC_NONE', 'SBX_MPOLY', 'TPC_NONE', 'TPC_NONE', 'TPC_NONE', 'TPC_MPOLY', 'NONE_MNUF', 'TPC_MPOLY', 'TPC_NONE', 'SPC_NONE', 'UC_NONE', 'SBX_NONE', 'SBX_MPOLY', 'SPC_NONE', 'SPC_NONE', 'SBX_NONE', 'SBX_NONE', 'SPC_NONE', 'UC_NONE', 'TPC_NONE', 'TPC_NONE']","{'SBX_MNUF': 1, 'UC_MPOLY': 2, 'TPC_MPOLY': 3, 'UC_NONE': 3, 'SPC_NONE': 5, 'SBX_MPOLY': 2, 'TPC_NONE': 6, 'NONE_MNUF': 1, 'SBX_NONE': 3}"
19,27,SPC,NONE,0.6786269277521794,0.0351359752420537,368624747.52,587905331.8939716,1254013.6,851126.7749797087,0.7410912415354463,0.0001569853823877,0.0,0.0,GREEDY_HV,"['SPC_MBFLIP', 'SBX_MNUF', 'UC_MPOLY', 'TPC_MPOLY', 'UC_MPOLY', 'UC_NONE', 'SPC_NONE', 'SBX_MPOLY', 'TPC_NONE', 'TPC_NONE', 'TPC_NONE', 'TPC_MPOLY', 'NONE_MNUF', 'TPC_MPOLY', 'TPC_NONE', 'SPC_NONE', 'UC_NONE', 'SBX_NONE', 'SBX_MPOLY', 'SPC_NONE', 'SPC_NONE', 'SBX_NONE', 'SBX_NONE', 'SPC_NONE', 'UC_NONE', 'TPC_NONE', 'TPC_NONE', 'SPC_NONE']","{'SBX_MNUF': 1, 'UC_MPOLY': 2, 'TPC_MPOLY': 3, 'UC_NONE': 3, 'SPC_NONE': 6, 'SBX_MPOLY': 2, 'TPC_NONE': 6, 'NONE_MNUF': 1, 'SBX_NONE': 3}"
19,28,SPC,NONE,0.6785925177409871,0.0350173708688686,363883084.8,586077817.5931058,1223955.36,826926.6601631311,0.7411128859091224,2.164437367613292e-05,0.02,0.0,GREEDY_HV,"['SPC_MBFLIP', 'SBX_MNUF', 'UC_MPOLY', 'TPC_MPOLY', 'UC_MPOLY', 'UC_NONE', 'SPC_NONE', 'SBX_MPOLY', 'TPC_NONE', 'TPC_NONE', 'TPC_NONE', 'TPC_MPOLY', 'NONE_MNUF', 'TPC_MPOLY', 'TPC_NONE', 'SPC_NONE', 'UC_NONE', 'SBX_NONE', 'SBX_MPOLY', 'SPC_NONE', 'SPC_NONE', 'SBX_NONE', 'SBX_NONE', 'SPC_NONE', 'UC_NONE', 'TPC_NONE', 'TPC_NONE', 'SPC_NONE', 'SPC_NONE']","{'SBX_MNUF': 1, 'UC_MPOLY': 2, 'TPC_MPOLY': 3, 'UC_NONE': 3, 'SPC_NONE': 7, 'SBX_MPOLY': 2, 'TPC_NONE': 6, 'NONE_MNUF': 1, 'SBX_NONE': 3}"
19,29,TPC,NONE,0.6801179131628061,0.0347074288993845,382237271.04,588435562.6285112,1261913.76,835586.1041502916,0.7412045753972434,9.168948812099398e-05,0.01,0.0,GREEDY_HV,"['SPC_MBFLIP', 'SBX_MNUF', 'UC_MPOLY', 'TPC_MPOLY', 'UC_MPOLY', 'UC_NONE', 'SPC_NONE', 'SBX_MPOLY', 'TPC_NONE', 'TPC_NONE', 'TPC_NONE', 'TPC_MPOLY', 'NONE_MNUF', 'TPC_MPOLY', 'TPC_NONE', 'SPC_NONE', 'UC_NONE', 'SBX_NONE', 'SBX_MPOLY', 'SPC_NONE', 'SPC_NONE', 'SBX_NONE', 'SBX_NONE', 'SPC_NONE', 'UC_NONE', 'TPC_NONE', 'TPC_NONE', 'SPC_NONE', 'SPC_NONE', 'TPC_NONE']","{'SBX_MNUF': 1, 'UC_MPOLY': 2, 'TPC_MPOLY': 3, 'UC_NONE': 3, 'SPC_NONE': 7, 'SBX_MPOLY': 2, 'TPC_NONE': 7, 'NONE_MNUF': 1, 'SBX_NONE': 3}"
19,30,UC,NONE,0.6811139712412708,0.0314909956918963,377574539.52,585898652.8932377,1233812.64,812065.8225046974,0.7412212377807769,1.666238353348337e-05,0.0,0.0,GREEDY_HV,"['SPC_MBFLIP', 'SBX_MNUF', 'UC_MPOLY', 'TPC_MPOLY', 'UC_MPOLY', 'UC_NONE', 'SPC_NONE', 'SBX_MPOLY', 'TPC_NONE', 'TPC_NONE', 'TPC_NONE', 'TPC_MPOLY', 'NONE_MNUF', 'TPC_MPOLY', 'TPC_NONE', 'SPC_NONE', 'UC_NONE', 'SBX_NONE', 'SBX_MPOLY', 'SPC_NONE', 'SPC_NONE', 'SBX_NONE', 'SBX_NONE', 'SPC_NONE', 'UC_NONE', 'TPC_NONE', 'TPC_NONE', 'SPC_NONE', 'SPC_NONE', 'TPC_NONE', 'UC_NONE']","{'SBX_MNUF': 1, 'UC_MPOLY': 2, 'TPC_MPOLY': 3, 'UC_NONE': 4, 'SPC_NONE': 7, 'SBX_MPOLY': 2, 'TPC_NONE': 7, 'NONE_MNUF': 1, 'SBX_NONE': 3}"
19,31,TPC,NONE,0.6800449033621238,0.0328948988067198,378917724.16,585199466.5853051,1230121.12,826069.1402916014,0.7412154883526318,-5.749428145018776e-06,0.01,0.0,GREEDY_HV,"['SPC_MBFLIP', 'SBX_MNUF', 'UC_MPOLY', 'TPC_MPOLY', 'UC_MPOLY', 'UC_NONE', 'SPC_NONE', 'SBX_MPOLY', 'TPC_NONE', 'TPC_NONE', 'TPC_NONE', 'TPC_MPOLY', 'NONE_MNUF', 'TPC_MPOLY', 'TPC_NONE', 'SPC_NONE', 'UC_NONE', 'SBX_NONE', 'SBX_MPOLY', 'SPC_NONE', 'SPC_NONE', 'SBX_NONE', 'SBX_NONE', 'SPC_NONE', 'UC_NONE', 'TPC_NONE', 'TPC_NONE', 'SPC_NONE', 'SPC_NONE', 'TPC_NONE', 'UC_NONE', 'TPC_NONE']","{'SBX_MNUF': 1, 'UC_MPOLY': 2, 'TPC_MPOLY': 3, 'UC_NONE': 4, 'SPC_NONE': 7, 'SBX_MPOLY': 2, 'TPC_NONE': 8, 'NONE_MNUF': 1, 'SBX_NONE': 3}"
19,32,UC,NONE,0.6785276078329341,0.0344905519540692,371641231.36,585282589.9120882,1225559.2,839745.407598851,0.741228959567829,1.347121519712502e-05,0.01,0.0,GREEDY_HV,"['SPC_MBFLIP', 'SBX_MNUF', 'UC_MPOLY', 'TPC_MPOLY', 'UC_MPOLY', 'UC_NONE', 'SPC_NONE', 'SBX_MPOLY', 'TPC_NONE', 'TPC_NONE', 'TPC_NONE', 'TPC_MPOLY', 'NONE_MNUF', 'TPC_MPOLY', 'TPC_NONE', 'SPC_NONE', 'UC_NONE', 'SBX_NONE', 'SBX_MPOLY', 'SPC_NONE', 'SPC_NONE', 'SBX_NONE', 'SBX_NONE', 'SPC_NONE', 'UC_NONE', 'TPC_NONE', 'TPC_NONE', 'SPC_NONE', 'SPC_NONE', 'TPC_NONE', 'UC_NONE', 'TPC_NONE', 'UC_NONE']","{'SBX_MNUF': 1, 'UC_MPOLY': 2, 'TPC_MPOLY': 3, 'UC_NONE': 5, 'SPC_NONE': 7, 'SBX_MPOLY': 2, 'TPC_NONE': 8, 'NONE_MNUF': 1, 'SBX_NONE': 3}"
19,33,UC,NONE,0.678934234617196,0.0353280774242522,376166581.76,584677063.1385323,1226843.04,840254.1391778314,0.7415058954469532,0.0002769358791242,0.0,0.0,GREEDY_HV,"['SPC_MBFLIP', 'SBX_MNUF', 'UC_MPOLY', 'TPC_MPOLY', 'UC_MPOLY', 'UC_NONE', 'SPC_NONE', 'SBX_MPOLY', 'TPC_NONE', 'TPC_NONE', 'TPC_NONE', 'TPC_MPOLY', 'NONE_MNUF', 'TPC_MPOLY', 'TPC_NONE', 'SPC_NONE', 'UC_NONE', 'SBX_NONE', 'SBX_MPOLY', 'SPC_NONE', 'SPC_NONE', 'SBX_NONE', 'SBX_NONE', 'SPC_NONE', 'UC_NONE', 'TPC_NONE', 'TPC_NONE', 'SPC_NONE', 'SPC_NONE', 'TPC_NONE', 'UC_NONE', 'TPC_NONE', 'UC_NONE', 'UC_NONE']","{'SBX_MNUF': 1, 'UC_MPOLY': 2, 'TPC_MPOLY': 3, 'UC_NONE': 6, 'SPC_NONE': 7, 'SBX_MPOLY': 2, 'TPC_NONE': 8, 'NONE_MNUF': 1, 'SBX_NONE': 3}"
19,34,SPC,NONE,0.6792996541475534,0.0362346882706849,430974584.32,729992903.0363511,1286300.32,926626.3131993916,0.7425443175293357,0.0010384220823824,0.0,0.0,GREEDY_HV,"['SPC_MBFLIP', 'SBX_MNUF', 'UC_MPOLY', 'TPC_MPOLY', 'UC_MPOLY', 'UC_NONE', 'SPC_NONE', 'SBX_MPOLY', 'TPC_NONE', 'TPC_NONE', 'TPC_NONE', 'TPC_MPOLY', 'NONE_MNUF', 'TPC_MPOLY', 'TPC_NONE', 'SPC_NONE', 'UC_NONE', 'SBX_NONE', 'SBX_MPOLY', 'SPC_NONE', 'SPC_NONE', 'SBX_NONE', 'SBX_NONE', 'SPC_NONE', 'UC_NONE', 'TPC_NONE', 'TPC_NONE', 'SPC_NONE', 'SPC_NONE', 'TPC_NONE', 'UC_NONE', 'TPC_NONE', 'UC_NONE', 'UC_NONE', 'SPC_NONE']","{'SBX_MNUF': 1, 'UC_MPOLY': 2, 'TPC_MPOLY': 3, 'UC_NONE': 6, 'SPC_NONE': 8, 'SBX_MPOLY': 2, 'TPC_NONE': 8, 'NONE_MNUF': 1, 'SBX_NONE': 3}"
19,35,UC,NONE,0.6797555246345496,0.036259359424216,476848023.04,846359367.964814,1321250.72,977084.423001719,0.7425668391137416,2.252158440585461e-05,0.0,0.0,GREEDY_HV,"['SPC_MBFLIP', 'SBX_MNUF', 'UC_MPOLY', 'TPC_MPOLY', 'UC_MPOLY', 'UC_NONE', 'SPC_NONE', 'SBX_MPOLY', 'TPC_NONE', 'TPC_NONE', 'TPC_NONE', 'TPC_MPOLY', 'NONE_MNUF', 'TPC_MPOLY', 'TPC_NONE', 'SPC_NONE', 'UC_NONE', 'SBX_NONE', 'SBX_MPOLY', 'SPC_NONE', 'SPC_NONE', 'SBX_NONE', 'SBX_NONE', 'SPC_NONE', 'UC_NONE', 'TPC_NONE', 'TPC_NONE', 'SPC_NONE', 'SPC_NONE', 'TPC_NONE', 'UC_NONE', 'TPC_NONE', 'UC_NONE', 'UC_NONE', 'SPC_NONE', 'UC_NONE']","{'SBX_MNUF': 1, 'UC_MPOLY': 2, 'TPC_MPOLY': 3, 'UC_NONE': 7, 'SPC_NONE': 8, 'SBX_MPOLY': 2, 'TPC_NONE': 8, 'NONE_MNUF': 1, 'SBX_NONE': 3}"
19,36,SBX,MPOLY,0.6799011649451739,0.0373137171566761,486859622.4,847209211.1524458,1349516.96,993012.392714632,0.7428209336614056,0.000254094547664,0.0,0.03,GREEDY_HV,"['SPC_MBFLIP', 'SBX_MNUF', 'UC_MPOLY', 'TPC_MPOLY', 'UC_MPOLY', 'UC_NONE', 'SPC_NONE', 'SBX_MPOLY', 'TPC_NONE', 'TPC_NONE', 'TPC_NONE', 'TPC_MPOLY', 'NONE_MNUF', 'TPC_MPOLY', 'TPC_NONE', 'SPC_NONE', 'UC_NONE', 'SBX_NONE', 'SBX_MPOLY', 'SPC_NONE', 'SPC_NONE', 'SBX_NONE', 'SBX_NONE', 'SPC_NONE', 'UC_NONE', 'TPC_NONE', 'TPC_NONE', 'SPC_NONE', 'SPC_NONE', 'TPC_NONE', 'UC_NONE', 'TPC_NONE', 'UC_NONE', 'UC_NONE', 'SPC_NONE', 'UC_NONE', 'SBX_MPOLY']","{'SBX_MNUF': 1, 'UC_MPOLY': 2, 'TPC_MPOLY': 3, 'UC_NONE': 7, 'SPC_NONE': 8, 'SBX_MPOLY': 3, 'TPC_NONE': 8, 'NONE_MNUF': 1, 'SBX_NONE': 3}"
19,37,UC,NONE,0.6788520583599813,0.0373083719814521,483499704.32,850123265.4724158,1326057.12,1008946.2811192406,0.7428828991112302,6.196544982461916e-05,0.01,0.0,GREEDY_HV,"['SPC_MBFLIP', 'SBX_MNUF', 'UC_MPOLY', 'TPC_MPOLY', 'UC_MPOLY', 'UC_NONE', 'SPC_NONE', 'SBX_MPOLY', 'TPC_NONE', 'TPC_NONE', 'TPC_NONE', 'TPC_MPOLY', 'NONE_MNUF', 'TPC_MPOLY', 'TPC_NONE', 'SPC_NONE', 'UC_NONE', 'SBX_NONE', 'SBX_MPOLY', 'SPC_NONE', 'SPC_NONE', 'SBX_NONE', 'SBX_NONE', 'SPC_NONE', 'UC_NONE', 'TPC_NONE', 'TPC_NONE', 'SPC_NONE', 'SPC_NONE', 'TPC_NONE', 'UC_NONE', 'TPC_NONE', 'UC_NONE', 'UC_NONE', 'SPC_NONE', 'UC_NONE', 'SBX_MPOLY', 'UC_NONE']","{'SBX_MNUF': 1, 'UC_MPOLY': 2, 'TPC_MPOLY': 3, 'UC_NONE': 8, 'SPC_NONE': 8, 'SBX_MPOLY': 3, 'TPC_NONE': 8, 'NONE_MNUF': 1, 'SBX_NONE': 3}"
19,38,TPC,NONE,0.6787471922019441,0.0375819024696096,489783362.56,849947873.8784969,1333076.64,1006519.90900015,0.7429170903222158,3.419121098557909e-05,0.0,0.0,GREEDY_HV,"['SPC_MBFLIP', 'SBX_MNUF', 'UC_MPOLY', 'TPC_MPOLY', 'UC_MPOLY', 'UC_NONE', 'SPC_NONE', 'SBX_MPOLY', 'TPC_NONE', 'TPC_NONE', 'TPC_NONE', 'TPC_MPOLY', 'NONE_MNUF', 'TPC_MPOLY', 'TPC_NONE', 'SPC_NONE', 'UC_NONE', 'SBX_NONE', 'SBX_MPOLY', 'SPC_NONE', 'SPC_NONE', 'SBX_NONE', 'SBX_NONE', 'SPC_NONE', 'UC_NONE', 'TPC_NONE', 'TPC_NONE', 'SPC_NONE', 'SPC_NONE', 'TPC_NONE', 'UC_NONE', 'TPC_NONE', 'UC_NONE', 'UC_NONE', 'SPC_NONE', 'UC_NONE', 'SBX_MPOLY', 'UC_NONE', 'TPC_NONE']","{'SBX_MNUF': 1, 'UC_MPOLY': 2, 'TPC_MPOLY': 3, 'UC_NONE': 8, 'SPC_NONE': 8, 'SBX_MPOLY': 3, 'TPC_NONE': 9, 'NONE_MNUF': 1, 'SBX_NONE': 3}"
19,39,TPC,NONE,0.6786816207690219,0.0374538672582408,497705272.32,852378013.7892431,1326197.92,1011897.2085567552,0.742922559729941,5.4694077252781526e-06,0.01,0.0,GREEDY_HV,"['SPC_MBFLIP', 'SBX_MNUF', 'UC_MPOLY', 'TPC_MPOLY', 'UC_MPOLY', 'UC_NONE', 'SPC_NONE', 'SBX_MPOLY', 'TPC_NONE', 'TPC_NONE', 'TPC_NONE', 'TPC_MPOLY', 'NONE_MNUF', 'TPC_MPOLY', 'TPC_NONE', 'SPC_NONE', 'UC_NONE', 'SBX_NONE', 'SBX_MPOLY', 'SPC_NONE', 'SPC_NONE', 'SBX_NONE', 'SBX_NONE', 'SPC_NONE', 'UC_NONE', 'TPC_NONE', 'TPC_NONE', 'SPC_NONE', 'SPC_NONE', 'TPC_NONE', 'UC_NONE', 'TPC_NONE', 'UC_NONE', 'UC_NONE', 'SPC_NONE', 'UC_NONE', 'SBX_MPOLY', 'UC_NONE', 'TPC_NONE', 'TPC_NONE']","{'SBX_MNUF': 1, 'UC_MPOLY': 2, 'TPC_MPOLY': 3, 'UC_NONE': 8, 'SPC_NONE': 8, 'SBX_MPOLY': 3, 'TPC_NONE': 10, 'NONE_MNUF': 1, 'SBX_NONE': 3}"
19,40,TPC,NONE,0.6787495602768737,0.0373781232050798,502549657.6,853261469.006976,1330128.8,999749.1935490224,0.7429196750480266,-2.8846819144501268e-06,0.0,0.0,GREEDY_HV,"['SPC_MBFLIP', 'SBX_MNUF', 'UC_MPOLY', 'TPC_MPOLY', 'UC_MPOLY', 'UC_NONE', 'SPC_NONE', 'SBX_MPOLY', 'TPC_NONE', 'TPC_NONE', 'TPC_NONE', 'TPC_MPOLY', 'NONE_MNUF', 'TPC_MPOLY', 'TPC_NONE', 'SPC_NONE', 'UC_NONE', 'SBX_NONE', 'SBX_MPOLY', 'SPC_NONE', 'SPC_NONE', 'SBX_NONE', 'SBX_NONE', 'SPC_NONE', 'UC_NONE', 'TPC_NONE', 'TPC_NONE', 'SPC_NONE', 'SPC_NONE', 'TPC_NONE', 'UC_NONE', 'TPC_NONE', 'UC_NONE', 'UC_NONE', 'SPC_NONE', 'UC_NONE', 'SBX_MPOLY', 'UC_NONE', 'TPC_NONE', 'TPC_NONE', 'TPC_NONE']","{'SBX_MNUF': 1, 'UC_MPOLY': 2, 'TPC_MPOLY': 3, 'UC_NONE': 8, 'SPC_NONE': 8, 'SBX_MPOLY': 3, 'TPC_NONE': 11, 'NONE_MNUF': 1, 'SBX_NONE': 3}"
19,41,SPC,NONE,0.6791201906579238,0.0376578905050457,512229401.6,854831156.5733328,1337129.12,1014097.1781766996,0.7429260489482898,6.373900263256793e-06,0.0,0.0,GREEDY_HV,"['SPC_MBFLIP', 'SBX_MNUF', 'UC_MPOLY', 'TPC_MPOLY', 'UC_MPOLY', 'UC_NONE', 'SPC_NONE', 'SBX_MPOLY', 'TPC_NONE', 'TPC_NONE', 'TPC_NONE', 'TPC_MPOLY', 'NONE_MNUF', 'TPC_MPOLY', 'TPC_NONE', 'SPC_NONE', 'UC_NONE', 'SBX_NONE', 'SBX_MPOLY', 'SPC_NONE', 'SPC_NONE', 'SBX_NONE', 'SBX_NONE', 'SPC_NONE', 'UC_NONE', 'TPC_NONE', 'TPC_NONE', 'SPC_NONE', 'SPC_NONE', 'TPC_NONE', 'UC_NONE', 'TPC_NONE', 'UC_NONE', 'UC_NONE', 'SPC_NONE', 'UC_NONE', 'SBX_MPOLY', 'UC_NONE', 'TPC_NONE', 'TPC_NONE', 'TPC_NONE', 'SPC_NONE']","{'SBX_MNUF': 1, 'UC_MPOLY': 2, 'TPC_MPOLY': 3, 'UC_NONE': 8, 'SPC_NONE': 9, 'SBX_MPOLY': 3, 'TPC_NONE': 11, 'NONE_MNUF': 1, 'SBX_NONE': 3}"
19,42,UC,NONE,0.6783432278666026,0.0378921808420669,511610163.2,855676295.1339651,1331369.12,1020002.1811248964,0.7429395574297548,1.3508481464974407e-05,0.0,0.0,GREEDY_HV,"['SPC_MBFLIP', 'SBX_MNUF', 'UC_MPOLY', 'TPC_MPOLY', 'UC_MPOLY', 'UC_NONE', 'SPC_NONE', 'SBX_MPOLY', 'TPC_NONE', 'TPC_NONE', 'TPC_NONE', 'TPC_MPOLY', 'NONE_MNUF', 'TPC_MPOLY', 'TPC_NONE', 'SPC_NONE', 'UC_NONE', 'SBX_NONE', 'SBX_MPOLY', 'SPC_NONE', 'SPC_NONE', 'SBX_NONE', 'SBX_NONE', 'SPC_NONE', 'UC_NONE', 'TPC_NONE', 'TPC_NONE', 'SPC_NONE', 'SPC_NONE', 'TPC_NONE', 'UC_NONE', 'TPC_NONE', 'UC_NONE', 'UC_NONE', 'SPC_NONE', 'UC_NONE', 'SBX_MPOLY', 'UC_NONE', 'TPC_NONE', 'TPC_NONE', 'TPC_NONE', 'SPC_NONE', 'UC_NONE']","{'SBX_MNUF': 1, 'UC_MPOLY': 2, 'TPC_MPOLY': 3, 'UC_NONE': 9, 'SPC_NONE': 9, 'SBX_MPOLY': 3, 'TPC_NONE': 11, 'NONE_MNUF': 1, 'SBX_NONE': 3}"
19,43,SPC,NONE,0.6790388899789846,0.0377987467560659,510162693.12,855182870.3116874,1365943.2,1014593.6374225102,0.7429302034797263,-9.353950028545556e-06,0.01,0.0,GREEDY_HV,"['SPC_MBFLIP', 'SBX_MNUF', 'UC_MPOLY', 'TPC_MPOLY', 'UC_MPOLY', 'UC_NONE', 'SPC_NONE', 'SBX_MPOLY', 'TPC_NONE', 'TPC_NONE', 'TPC_NONE', 'TPC_MPOLY', 'NONE_MNUF', 'TPC_MPOLY', 'TPC_NONE', 'SPC_NONE', 'UC_NONE', 'SBX_NONE', 'SBX_MPOLY', 'SPC_NONE', 'SPC_NONE', 'SBX_NONE', 'SBX_NONE', 'SPC_NONE', 'UC_NONE', 'TPC_NONE', 'TPC_NONE', 'SPC_NONE', 'SPC_NONE', 'TPC_NONE', 'UC_NONE', 'TPC_NONE', 'UC_NONE', 'UC_NONE', 'SPC_NONE', 'UC_NONE', 'SBX_MPOLY', 'UC_NONE', 'TPC_NONE', 'TPC_NONE', 'TPC_NONE', 'SPC_NONE', 'UC_NONE', 'SPC_NONE']","{'SBX_MNUF': 1, 'UC_MPOLY': 2, 'TPC_MPOLY': 3, 'UC_NONE': 9, 'SPC_NONE': 10, 'SBX_MPOLY': 3, 'TPC_NONE': 11, 'NONE_MNUF': 1, 'SBX_NONE': 3}"
19,44,SPC,NONE,0.6795903745552053,0.0381481088922134,518489548.8,853074682.0194099,1360256.16,1029938.0392246392,0.742890788646521,-3.941483320524242e-05,0.0,0.0,GREEDY_HV,"['SPC_MBFLIP', 'SBX_MNUF', 'UC_MPOLY', 'TPC_MPOLY', 'UC_MPOLY', 'UC_NONE', 'SPC_NONE', 'SBX_MPOLY', 'TPC_NONE', 'TPC_NONE', 'TPC_NONE', 'TPC_MPOLY', 'NONE_MNUF', 'TPC_MPOLY', 'TPC_NONE', 'SPC_NONE', 'UC_NONE', 'SBX_NONE', 'SBX_MPOLY', 'SPC_NONE', 'SPC_NONE', 'SBX_NONE', 'SBX_NONE', 'SPC_NONE', 'UC_NONE', 'TPC_NONE', 'TPC_NONE', 'SPC_NONE', 'SPC_NONE', 'TPC_NONE', 'UC_NONE', 'TPC_NONE', 'UC_NONE', 'UC_NONE', 'SPC_NONE', 'UC_NONE', 'SBX_MPOLY', 'UC_NONE', 'TPC_NONE', 'TPC_NONE', 'TPC_NONE', 'SPC_NONE', 'UC_NONE', 'SPC_NONE', 'SPC_NONE']","{'SBX_MNUF': 1, 'UC_MPOLY': 2, 'TPC_MPOLY': 3, 'UC_NONE': 9, 'SPC_NONE': 11, 'SBX_MPOLY': 3, 'TPC_NONE': 11, 'NONE_MNUF': 1, 'SBX_NONE': 3}"
19,45,UC,NONE,0.6795659984753365,0.0372156152677018,508409241.6,851991081.8232812,1333184.16,1006880.597420754,0.7428999698716736,9.181225152588011e-06,0.0,0.0,GREEDY_HV,"['SPC_MBFLIP', 'SBX_MNUF', 'UC_MPOLY', 'TPC_MPOLY', 'UC_MPOLY', 'UC_NONE', 'SPC_NONE', 'SBX_MPOLY', 'TPC_NONE', 'TPC_NONE', 'TPC_NONE', 'TPC_MPOLY', 'NONE_MNUF', 'TPC_MPOLY', 'TPC_NONE', 'SPC_NONE', 'UC_NONE', 'SBX_NONE', 'SBX_MPOLY', 'SPC_NONE', 'SPC_NONE', 'SBX_NONE', 'SBX_NONE', 'SPC_NONE', 'UC_NONE', 'TPC_NONE', 'TPC_NONE', 'SPC_NONE', 'SPC_NONE', 'TPC_NONE', 'UC_NONE', 'TPC_NONE', 'UC_NONE', 'UC_NONE', 'SPC_NONE', 'UC_NONE', 'SBX_MPOLY', 'UC_NONE', 'TPC_NONE', 'TPC_NONE', 'TPC_NONE', 'SPC_NONE', 'UC_NONE', 'SPC_NONE', 'SPC_NONE', 'UC_NONE']","{'SBX_MNUF': 1, 'UC_MPOLY': 2, 'TPC_MPOLY': 3, 'UC_NONE': 10, 'SPC_NONE': 11, 'SBX_MPOLY': 3, 'TPC_NONE': 11, 'NONE_MNUF': 1, 'SBX_NONE': 3}"
19,46,UC,NONE,0.6805048105157158,0.0379338314435342,525445821.44,850676422.3230182,1379036.32,1011677.1285196764,0.7429110416445032,1.107177282955174e-05,0.0,0.0,GREEDY_HV,"['SPC_MBFLIP', 'SBX_MNUF', 'UC_MPOLY', 'TPC_MPOLY', 'UC_MPOLY', 'UC_NONE', 'SPC_NONE', 'SBX_MPOLY', 'TPC_NONE', 'TPC_NONE', 'TPC_NONE', 'TPC_MPOLY', 'NONE_MNUF', 'TPC_MPOLY', 'TPC_NONE', 'SPC_NONE', 'UC_NONE', 'SBX_NONE', 'SBX_MPOLY', 'SPC_NONE', 'SPC_NONE', 'SBX_NONE', 'SBX_NONE', 'SPC_NONE', 'UC_NONE', 'TPC_NONE', 'TPC_NONE', 'SPC_NONE', 'SPC_NONE', 'TPC_NONE', 'UC_NONE', 'TPC_NONE', 'UC_NONE', 'UC_NONE', 'SPC_NONE', 'UC_NONE', 'SBX_MPOLY', 'UC_NONE', 'TPC_NONE', 'TPC_NONE', 'TPC_NONE', 'SPC_NONE', 'UC_NONE', 'SPC_NONE', 'SPC_NONE', 'UC_NONE', 'UC_NONE']","{'SBX_MNUF': 1, 'UC_MPOLY': 2, 'TPC_MPOLY': 3, 'UC_NONE': 11, 'SPC_NONE': 11, 'SBX_MPOLY': 3, 'TPC_NONE': 11, 'NONE_MNUF': 1, 'SBX_NONE': 3}"
19,47,SPC,NONE,0.6779012284557098,0.0375332631026431,497428684.8,854140777.437478,1290772.64,1022405.7862694984,0.7429094030708538,-1.6385736493207403e-06,0.0,0.0,GREEDY_HV,"['SPC_MBFLIP', 'SBX_MNUF', 'UC_MPOLY', 'TPC_MPOLY', 'UC_MPOLY', 'UC_NONE', 'SPC_NONE', 'SBX_MPOLY', 'TPC_NONE', 'TPC_NONE', 'TPC_NONE', 'TPC_MPOLY', 'NONE_MNUF', 'TPC_MPOLY', 'TPC_NONE', 'SPC_NONE', 'UC_NONE', 'SBX_NONE', 'SBX_MPOLY', 'SPC_NONE', 'SPC_NONE', 'SBX_NONE', 'SBX_NONE', 'SPC_NONE', 'UC_NONE', 'TPC_NONE', 'TPC_NONE', 'SPC_NONE', 'SPC_NONE', 'TPC_NONE', 'UC_NONE', 'TPC_NONE', 'UC_NONE', 'UC_NONE', 'SPC_NONE', 'UC_NONE', 'SBX_MPOLY', 'UC_NONE', 'TPC_NONE', 'TPC_NONE', 'TPC_NONE', 'SPC_NONE', 'UC_NONE', 'SPC_NONE', 'SPC_NONE', 'UC_NONE', 'UC_NONE', 'SPC_NONE']","{'SBX_MNUF': 1, 'UC_MPOLY': 2, 'TPC_MPOLY': 3, 'UC_NONE': 11, 'SPC_NONE': 12, 'SBX_MPOLY': 3, 'TPC_NONE': 11, 'NONE_MNUF': 1, 'SBX_NONE': 3}"
19,48,UC,NONE,0.679420050953504,0.0376293474139692,503925120.0,852898820.2159992,1340206.24,1005613.2158762942,0.742934271858434,2.4868787580123453e-05,0.0,0.0,GREEDY_HV,"['SPC_MBFLIP', 'SBX_MNUF', 'UC_MPOLY', 'TPC_MPOLY', 'UC_MPOLY', 'UC_NONE', 'SPC_NONE', 'SBX_MPOLY', 'TPC_NONE', 'TPC_NONE', 'TPC_NONE', 'TPC_MPOLY', 'NONE_MNUF', 'TPC_MPOLY', 'TPC_NONE', 'SPC_NONE', 'UC_NONE', 'SBX_NONE', 'SBX_MPOLY', 'SPC_NONE', 'SPC_NONE', 'SBX_NONE', 'SBX_NONE', 'SPC_NONE', 'UC_NONE', 'TPC_NONE', 'TPC_NONE', 'SPC_NONE', 'SPC_NONE', 'TPC_NONE', 'UC_NONE', 'TPC_NONE', 'UC_NONE', 'UC_NONE', 'SPC_NONE', 'UC_NONE', 'SBX_MPOLY', 'UC_NONE', 'TPC_NONE', 'TPC_NONE', 'TPC_NONE', 'SPC_NONE', 'UC_NONE', 'SPC_NONE', 'SPC_NONE', 'UC_NONE', 'UC_NONE', 'SPC_NONE', 'UC_NONE']","{'SBX_MNUF': 1, 'UC_MPOLY': 2, 'TPC_MPOLY': 3, 'UC_NONE': 12, 'SPC_NONE': 12, 'SBX_MPOLY': 3, 'TPC_NONE': 11, 'NONE_MNUF': 1, 'SBX_NONE': 3}"
19,49,UC,NONE,0.6803632689620355,0.0379619661239645,524282362.88,853567812.7253462,1381839.52,1011960.6086805206,0.7429532256010927,1.895374265870053e-05,0.0,0.0,GREEDY_HV,"['SPC_MBFLIP', 'SBX_MNUF', 'UC_MPOLY', 'TPC_MPOLY', 'UC_MPOLY', 'UC_NONE', 'SPC_NONE', 'SBX_MPOLY', 'TPC_NONE', 'TPC_NONE', 'TPC_NONE', 'TPC_MPOLY', 'NONE_MNUF', 'TPC_MPOLY', 'TPC_NONE', 'SPC_NONE', 'UC_NONE', 'SBX_NONE', 'SBX_MPOLY', 'SPC_NONE', 'SPC_NONE', 'SBX_NONE', 'SBX_NONE', 'SPC_NONE', 'UC_NONE', 'TPC_NONE', 'TPC_NONE', 'SPC_NONE', 'SPC_NONE', 'TPC_NONE', 'UC_NONE', 'TPC_NONE', 'UC_NONE', 'UC_NONE', 'SPC_NONE', 'UC_NONE', 'SBX_MPOLY', 'UC_NONE', 'TPC_NONE', 'TPC_NONE', 'TPC_NONE', 'SPC_NONE', 'UC_NONE', 'SPC_NONE', 'SPC_NONE', 'UC_NONE', 'UC_NONE', 'SPC_NONE', 'UC_NONE', 'UC_NONE']","{'SBX_MNUF': 1, 'UC_MPOLY': 2, 'TPC_MPOLY': 3, 'UC_NONE': 13, 'SPC_NONE': 12, 'SBX_MPOLY': 3, 'TPC_NONE': 11, 'NONE_MNUF': 1, 'SBX_NONE': 3}"
19,50,SPC,NONE,0.6783328694343536,0.0376037539758301,513944954.88,857312005.9069436,1299790.24,1012504.0281232772,0.7429565129853417,3.28738424903996e-06,0.0,0.0,GREEDY_HV,"['SPC_MBFLIP', 'SBX_MNUF', 'UC_MPOLY', 'TPC_MPOLY', 'UC_MPOLY', 'UC_NONE', 'SPC_NONE', 'SBX_MPOLY', 'TPC_NONE', 'TPC_NONE', 'TPC_NONE', 'TPC_MPOLY', 'NONE_MNUF', 'TPC_MPOLY', 'TPC_NONE', 'SPC_NONE', 'UC_NONE', 'SBX_NONE', 'SBX_MPOLY', 'SPC_NONE', 'SPC_NONE', 'SBX_NONE', 'SBX_NONE', 'SPC_NONE', 'UC_NONE', 'TPC_NONE', 'TPC_NONE', 'SPC_NONE', 'SPC_NONE', 'TPC_NONE', 'UC_NONE', 'TPC_NONE', 'UC_NONE', 'UC_NONE', 'SPC_NONE', 'UC_NONE', 'SBX_MPOLY', 'UC_NONE', 'TPC_NONE', 'TPC_NONE', 'TPC_NONE', 'SPC_NONE', 'UC_NONE', 'SPC_NONE', 'SPC_NONE', 'UC_NONE', 'UC_NONE', 'SPC_NONE', 'UC_NONE', 'UC_NONE', 'SPC_NONE']","{'SBX_MNUF': 1, 'UC_MPOLY': 2, 'TPC_MPOLY': 3, 'UC_NONE': 13, 'SPC_NONE': 13, 'SBX_MPOLY': 3, 'TPC_NONE': 11, 'NONE_MNUF': 1, 'SBX_NONE': 3}"
19,51,NONE,MPOLY,0.679007841439672,0.0373254956944186,515839329.28,856570364.9070501,1317065.12,1003629.252060274,0.7429570711972691,5.582119273483954e-07,0.0,0.0,GREEDY_HV,"['SPC_MBFLIP', 'SBX_MNUF', 'UC_MPOLY', 'TPC_MPOLY', 'UC_MPOLY', 'UC_NONE', 'SPC_NONE', 'SBX_MPOLY', 'TPC_NONE', 'TPC_NONE', 'TPC_NONE', 'TPC_MPOLY', 'NONE_MNUF', 'TPC_MPOLY', 'TPC_NONE', 'SPC_NONE', 'UC_NONE', 'SBX_NONE', 'SBX_MPOLY', 'SPC_NONE', 'SPC_NONE', 'SBX_NONE', 'SBX_NONE', 'SPC_NONE', 'UC_NONE', 'TPC_NONE', 'TPC_NONE', 'SPC_NONE', 'SPC_NONE', 'TPC_NONE', 'UC_NONE', 'TPC_NONE', 'UC_NONE', 'UC_NONE', 'SPC_NONE', 'UC_NONE', 'SBX_MPOLY', 'UC_NONE', 'TPC_NONE', 'TPC_NONE', 'TPC_NONE', 'SPC_NONE', 'UC_NONE', 'SPC_NONE', 'SPC_NONE', 'UC_NONE', 'UC_NONE', 'SPC_NONE', 'UC_NONE', 'UC_NONE', 'SPC_NONE', 'NONE_MPOLY']","{'SBX_MNUF': 1, 'UC_MPOLY': 2, 'TPC_MPOLY': 3, 'UC_NONE': 13, 'SPC_NONE': 13, 'SBX_MPOLY': 3, 'TPC_NONE': 11, 'NONE_MNUF': 1, 'SBX_NONE': 3, 'NONE_MPOLY': 1}"
19,52,TPC,NONE,0.6798652623273301,0.0378391021410262,531092894.72,854597909.0746857,1336381.6,1010030.0269595945,0.7429577820637377,7.108664686894528e-07,0.0,0.0,GREEDY_HV,"['SPC_MBFLIP', 'SBX_MNUF', 'UC_MPOLY', 'TPC_MPOLY', 'UC_MPOLY', 'UC_NONE', 'SPC_NONE', 'SBX_MPOLY', 'TPC_NONE', 'TPC_NONE', 'TPC_NONE', 'TPC_MPOLY', 'NONE_MNUF', 'TPC_MPOLY', 'TPC_NONE', 'SPC_NONE', 'UC_NONE', 'SBX_NONE', 'SBX_MPOLY', 'SPC_NONE', 'SPC_NONE', 'SBX_NONE', 'SBX_NONE', 'SPC_NONE', 'UC_NONE', 'TPC_NONE', 'TPC_NONE', 'SPC_NONE', 'SPC_NONE', 'TPC_NONE', 'UC_NONE', 'TPC_NONE', 'UC_NONE', 'UC_NONE', 'SPC_NONE', 'UC_NONE', 'SBX_MPOLY', 'UC_NONE', 'TPC_NONE', 'TPC_NONE', 'TPC_NONE', 'SPC_NONE', 'UC_NONE', 'SPC_NONE', 'SPC_NONE', 'UC_NONE', 'UC_NONE', 'SPC_NONE', 'UC_NONE', 'UC_NONE', 'SPC_NONE', 'NONE_MPOLY', 'TPC_NONE']","{'SBX_MNUF': 1, 'UC_MPOLY': 2, 'TPC_MPOLY': 3, 'UC_NONE': 13, 'SPC_NONE': 13, 'SBX_MPOLY': 3, 'TPC_NONE': 12, 'NONE_MNUF': 1, 'SBX_NONE': 3, 'NONE_MPOLY': 1}"
19,53,TPC,NONE,0.6803843477047752,0.037772955884927,529090037.76,854055993.9875033,1355756.96,1007406.5816938255,0.7429248166904475,-3.296537329022797e-05,0.0,0.0,GREEDY_HV,"['SPC_MBFLIP', 'SBX_MNUF', 'UC_MPOLY', 'TPC_MPOLY', 'UC_MPOLY', 'UC_NONE', 'SPC_NONE', 'SBX_MPOLY', 'TPC_NONE', 'TPC_NONE', 'TPC_NONE', 'TPC_MPOLY', 'NONE_MNUF', 'TPC_MPOLY', 'TPC_NONE', 'SPC_NONE', 'UC_NONE', 'SBX_NONE', 'SBX_MPOLY', 'SPC_NONE', 'SPC_NONE', 'SBX_NONE', 'SBX_NONE', 'SPC_NONE', 'UC_NONE', 'TPC_NONE', 'TPC_NONE', 'SPC_NONE', 'SPC_NONE', 'TPC_NONE', 'UC_NONE', 'TPC_NONE', 'UC_NONE', 'UC_NONE', 'SPC_NONE', 'UC_NONE', 'SBX_MPOLY', 'UC_NONE', 'TPC_NONE', 'TPC_NONE', 'TPC_NONE', 'SPC_NONE', 'UC_NONE', 'SPC_NONE', 'SPC_NONE', 'UC_NONE', 'UC_NONE', 'SPC_NONE', 'UC_NONE', 'UC_NONE', 'SPC_NONE', 'NONE_MPOLY', 'TPC_NONE', 'TPC_NONE']","{'SBX_MNUF': 1, 'UC_MPOLY': 2, 'TPC_MPOLY': 3, 'UC_NONE': 13, 'SPC_NONE': 13, 'SBX_MPOLY': 3, 'TPC_NONE': 13, 'NONE_MNUF': 1, 'SBX_NONE': 3, 'NONE_MPOLY': 1}"
19,54,SBX,NONE,0.6795562164210431,0.0373172201087553,521609205.76,855387245.588796,1320652.96,1008805.9120202848,0.7429437333453449,1.8916654897394025e-05,0.0,0.0,GREEDY_HV,"['SPC_MBFLIP', 'SBX_MNUF', 'UC_MPOLY', 'TPC_MPOLY', 'UC_MPOLY', 'UC_NONE', 'SPC_NONE', 'SBX_MPOLY', 'TPC_NONE', 'TPC_NONE', 'TPC_NONE', 'TPC_MPOLY', 'NONE_MNUF', 'TPC_MPOLY', 'TPC_NONE', 'SPC_NONE', 'UC_NONE', 'SBX_NONE', 'SBX_MPOLY', 'SPC_NONE', 'SPC_NONE', 'SBX_NONE', 'SBX_NONE', 'SPC_NONE', 'UC_NONE', 'TPC_NONE', 'TPC_NONE', 'SPC_NONE', 'SPC_NONE', 'TPC_NONE', 'UC_NONE', 'TPC_NONE', 'UC_NONE', 'UC_NONE', 'SPC_NONE', 'UC_NONE', 'SBX_MPOLY', 'UC_NONE', 'TPC_NONE', 'TPC_NONE', 'TPC_NONE', 'SPC_NONE', 'UC_NONE', 'SPC_NONE', 'SPC_NONE', 'UC_NONE', 'UC_NONE', 'SPC_NONE', 'UC_NONE', 'UC_NONE', 'SPC_NONE', 'NONE_MPOLY', 'TPC_NONE', 'TPC_NONE', 'SBX_NONE']","{'SBX_MNUF': 1, 'UC_MPOLY': 2, 'TPC_MPOLY': 3, 'UC_NONE': 13, 'SPC_NONE': 13, 'SBX_MPOLY': 3, 'TPC_NONE': 13, 'NONE_MNUF': 1, 'SBX_NONE': 4, 'NONE_MPOLY': 1}"
19,55,TPC,NONE,0.6781576759661015,0.0377839144839452,523575690.24,856586518.0510087,1297317.28,1025541.2096914102,0.742936567810682,-7.165534662956219e-06,0.01,0.0,GREEDY_HV,"['SPC_MBFLIP', 'SBX_MNUF', 'UC_MPOLY', 'TPC_MPOLY', 'UC_MPOLY', 'UC_NONE', 'SPC_NONE', 'SBX_MPOLY', 'TPC_NONE', 'TPC_NONE', 'TPC_NONE', 'TPC_MPOLY', 'NONE_MNUF', 'TPC_MPOLY', 'TPC_NONE', 'SPC_NONE', 'UC_NONE', 'SBX_NONE', 'SBX_MPOLY', 'SPC_NONE', 'SPC_NONE', 'SBX_NONE', 'SBX_NONE', 'SPC_NONE', 'UC_NONE', 'TPC_NONE', 'TPC_NONE', 'SPC_NONE', 'SPC_NONE', 'TPC_NONE', 'UC_NONE', 'TPC_NONE', 'UC_NONE', 'UC_NONE', 'SPC_NONE', 'UC_NONE', 'SBX_MPOLY', 'UC_NONE', 'TPC_NONE', 'TPC_NONE', 'TPC_NONE', 'SPC_NONE', 'UC_NONE', 'SPC_NONE', 'SPC_NONE', 'UC_NONE', 'UC_NONE', 'SPC_NONE', 'UC_NONE', 'UC_NONE', 'SPC_NONE', 'NONE_MPOLY', 'TPC_NONE', 'TPC_NONE', 'SBX_NONE', 'TPC_NONE']","{'SBX_MNUF': 1, 'UC_MPOLY': 2, 'TPC_MPOLY': 3, 'UC_NONE': 13, 'SPC_NONE': 13, 'SBX_MPOLY': 3, 'TPC_NONE': 14, 'NONE_MNUF': 1, 'SBX_NONE': 4, 'NONE_MPOLY': 1}"
19,56,NONE,MPOLY,0.6786364348406008,0.0377129598257063,525320990.72,855855642.9318291,1299870.88,1022900.9021355808,0.7429502614571435,1.369364646153226e-05,0.0,0.02,GREEDY_HV,"['SPC_MBFLIP', 'SBX_MNUF', 'UC_MPOLY', 'TPC_MPOLY', 'UC_MPOLY', 'UC_NONE', 'SPC_NONE', 'SBX_MPOLY', 'TPC_NONE', 'TPC_NONE', 'TPC_NONE', 'TPC_MPOLY', 'NONE_MNUF', 'TPC_MPOLY', 'TPC_NONE', 'SPC_NONE', 'UC_NONE', 'SBX_NONE', 'SBX_MPOLY', 'SPC_NONE', 'SPC_NONE', 'SBX_NONE', 'SBX_NONE', 'SPC_NONE', 'UC_NONE', 'TPC_NONE', 'TPC_NONE', 'SPC_NONE', 'SPC_NONE', 'TPC_NONE', 'UC_NONE', 'TPC_NONE', 'UC_NONE', 'UC_NONE', 'SPC_NONE', 'UC_NONE', 'SBX_MPOLY', 'UC_NONE', 'TPC_NONE', 'TPC_NONE', 'TPC_NONE', 'SPC_NONE', 'UC_NONE', 'SPC_NONE', 'SPC_NONE', 'UC_NONE', 'UC_NONE', 'SPC_NONE', 'UC_NONE', 'UC_NONE', 'SPC_NONE', 'NONE_MPOLY', 'TPC_NONE', 'TPC_NONE', 'SBX_NONE', 'TPC_NONE', 'NONE_MPOLY']","{'SBX_MNUF': 1, 'UC_MPOLY': 2, 'TPC_MPOLY': 3, 'UC_NONE': 13, 'SPC_NONE': 13, 'SBX_MPOLY': 3, 'TPC_NONE': 14, 'NONE_MNUF': 1, 'SBX_NONE': 4, 'NONE_MPOLY': 2}"
19,57,TPC,MPOLY,0.6779041535894149,0.0374532415514844,513936394.24,856071938.5882643,1278502.56,1014612.270107792,0.7429809698788794,3.070842173591437e-05,0.0,0.01,GREEDY_HV,"['SPC_MBFLIP', 'SBX_MNUF', 'UC_MPOLY', 'TPC_MPOLY', 'UC_MPOLY', 'UC_NONE', 'SPC_NONE', 'SBX_MPOLY', 'TPC_NONE', 'TPC_NONE', 'TPC_NONE', 'TPC_MPOLY', 'NONE_MNUF', 'TPC_MPOLY', 'TPC_NONE', 'SPC_NONE', 'UC_NONE', 'SBX_NONE', 'SBX_MPOLY', 'SPC_NONE', 'SPC_NONE', 'SBX_NONE', 'SBX_NONE', 'SPC_NONE', 'UC_NONE', 'TPC_NONE', 'TPC_NONE', 'SPC_NONE', 'SPC_NONE', 'TPC_NONE', 'UC_NONE', 'TPC_NONE', 'UC_NONE', 'UC_NONE', 'SPC_NONE', 'UC_NONE', 'SBX_MPOLY', 'UC_NONE', 'TPC_NONE', 'TPC_NONE', 'TPC_NONE', 'SPC_NONE', 'UC_NONE', 'SPC_NONE', 'SPC_NONE', 'UC_NONE', 'UC_NONE', 'SPC_NONE', 'UC_NONE', 'UC_NONE', 'SPC_NONE', 'NONE_MPOLY', 'TPC_NONE', 'TPC_NONE', 'SBX_NONE', 'TPC_NONE', 'NONE_MPOLY', 'TPC_MPOLY']","{'SBX_MNUF': 1, 'UC_MPOLY': 2, 'TPC_MPOLY': 4, 'UC_NONE': 13, 'SPC_NONE': 13, 'SBX_MPOLY': 3, 'TPC_NONE': 14, 'NONE_MNUF': 1, 'SBX_NONE': 4, 'NONE_MPOLY': 2}"
19,58,UC,NONE,0.6799411177693128,0.0371832864462996,517475901.44,853409669.5530635,1353440.16,1006411.5638003245,0.7430188007065299,3.783082765052015e-05,0.0,0.0,GREEDY_HV,"['SPC_MBFLIP', 'SBX_MNUF', 'UC_MPOLY', 'TPC_MPOLY', 'UC_MPOLY', 'UC_NONE', 'SPC_NONE', 'SBX_MPOLY', 'TPC_NONE', 'TPC_NONE', 'TPC_NONE', 'TPC_MPOLY', 'NONE_MNUF', 'TPC_MPOLY', 'TPC_NONE', 'SPC_NONE', 'UC_NONE', 'SBX_NONE', 'SBX_MPOLY', 'SPC_NONE', 'SPC_NONE', 'SBX_NONE', 'SBX_NONE', 'SPC_NONE', 'UC_NONE', 'TPC_NONE', 'TPC_NONE', 'SPC_NONE', 'SPC_NONE', 'TPC_NONE', 'UC_NONE', 'TPC_NONE', 'UC_NONE', 'UC_NONE', 'SPC_NONE', 'UC_NONE', 'SBX_MPOLY', 'UC_NONE', 'TPC_NONE', 'TPC_NONE', 'TPC_NONE', 'SPC_NONE', 'UC_NONE', 'SPC_NONE', 'SPC_NONE', 'UC_NONE', 'UC_NONE', 'SPC_NONE', 'UC_NONE', 'UC_NONE', 'SPC_NONE', 'NONE_MPOLY', 'TPC_NONE', 'TPC_NONE', 'SBX_NONE', 'TPC_NONE', 'NONE_MPOLY', 'TPC_MPOLY', 'UC_NONE']","{'SBX_MNUF': 1, 'UC_MPOLY': 2, 'TPC_MPOLY': 4, 'UC_NONE': 14, 'SPC_NONE': 13, 'SBX_MPOLY': 3, 'TPC_NONE': 14, 'NONE_MNUF': 1, 'SBX_NONE': 4, 'NONE_MPOLY': 2}"
19,59,UC,NONE,0.6786088060923859,0.0375760465176596,512474352.64,855460043.191843,1319470.24,1020158.490125658,0.7430191073912547,3.066847247268356e-07,0.01,0.0,GREEDY_HV,"['SPC_MBFLIP', 'SBX_MNUF', 'UC_MPOLY', 'TPC_MPOLY', 'UC_MPOLY', 'UC_NONE', 'SPC_NONE', 'SBX_MPOLY', 'TPC_NONE', 'TPC_NONE', 'TPC_NONE', 'TPC_MPOLY', 'NONE_MNUF', 'TPC_MPOLY', 'TPC_NONE', 'SPC_NONE', 'UC_NONE', 'SBX_NONE', 'SBX_MPOLY', 'SPC_NONE', 'SPC_NONE', 'SBX_NONE', 'SBX_NONE', 'SPC_NONE', 'UC_NONE', 'TPC_NONE', 'TPC_NONE', 'SPC_NONE', 'SPC_NONE', 'TPC_NONE', 'UC_NONE', 'TPC_NONE', 'UC_NONE', 'UC_NONE', 'SPC_NONE', 'UC_NONE', 'SBX_MPOLY', 'UC_NONE', 'TPC_NONE', 'TPC_NONE', 'TPC_NONE', 'SPC_NONE', 'UC_NONE', 'SPC_NONE', 'SPC_NONE', 'UC_NONE', 'UC_NONE', 'SPC_NONE', 'UC_NONE', 'UC_NONE', 'SPC_NONE', 'NONE_MPOLY', 'TPC_NONE', 'TPC_NONE', 'SBX_NONE', 'TPC_NONE', 'NONE_MPOLY', 'TPC_MPOLY', 'UC_NONE', 'UC_NONE']","{'SBX_MNUF': 1, 'UC_MPOLY': 2, 'TPC_MPOLY': 4, 'UC_NONE': 15, 'SPC_NONE': 13, 'SBX_MPOLY': 3, 'TPC_NONE': 14, 'NONE_MNUF': 1, 'SBX_NONE': 4, 'NONE_MPOLY': 2}"
19,60,UC,NONE,0.6795520605709107,0.0376824633225085,525563996.16,855143583.8114636,1341738.4,1012077.7826816272,0.7429854731319352,-3.36342593194594e-05,0.01,0.0,GREEDY_HV,"['SPC_MBFLIP', 'SBX_MNUF', 'UC_MPOLY', 'TPC_MPOLY', 'UC_MPOLY', 'UC_NONE', 'SPC_NONE', 'SBX_MPOLY', 'TPC_NONE', 'TPC_NONE', 'TPC_NONE', 'TPC_MPOLY', 'NONE_MNUF', 'TPC_MPOLY', 'TPC_NONE', 'SPC_NONE', 'UC_NONE', 'SBX_NONE', 'SBX_MPOLY', 'SPC_NONE', 'SPC_NONE', 'SBX_NONE', 'SBX_NONE', 'SPC_NONE', 'UC_NONE', 'TPC_NONE', 'TPC_NONE', 'SPC_NONE', 'SPC_NONE', 'TPC_NONE', 'UC_NONE', 'TPC_NONE', 'UC_NONE', 'UC_NONE', 'SPC_NONE', 'UC_NONE', 'SBX_MPOLY', 'UC_NONE', 'TPC_NONE', 'TPC_NONE', 'TPC_NONE', 'SPC_NONE', 'UC_NONE', 'SPC_NONE', 'SPC_NONE', 'UC_NONE', 'UC_NONE', 'SPC_NONE', 'UC_NONE', 'UC_NONE', 'SPC_NONE', 'NONE_MPOLY', 'TPC_NONE', 'TPC_NONE', 'SBX_NONE', 'TPC_NONE', 'NONE_MPOLY', 'TPC_MPOLY', 'UC_NONE', 'UC_NONE', 'UC_NONE']","{'SBX_MNUF': 1, 'UC_MPOLY': 2, 'TPC_MPOLY': 4, 'UC_NONE': 16, 'SPC_NONE': 13, 'SBX_MPOLY': 3, 'TPC_NONE': 14, 'NONE_MNUF': 1, 'SBX_NONE': 4, 'NONE_MPOLY': 2}"
19,61,UC,NONE,0.6788593825216958,0.0376909576211581,511165424.64,852914850.5765082,1310991.52,1007556.2456623496,0.7430141966091686,2.8723477233372208e-05,0.0,0.0,GREEDY_HV,"['SPC_MBFLIP', 'SBX_MNUF', 'UC_MPOLY', 'TPC_MPOLY', 'UC_MPOLY', 'UC_NONE', 'SPC_NONE', 'SBX_MPOLY', 'TPC_NONE', 'TPC_NONE', 'TPC_NONE', 'TPC_MPOLY', 'NONE_MNUF', 'TPC_MPOLY', 'TPC_NONE', 'SPC_NONE', 'UC_NONE', 'SBX_NONE', 'SBX_MPOLY', 'SPC_NONE', 'SPC_NONE', 'SBX_NONE', 'SBX_NONE', 'SPC_NONE', 'UC_NONE', 'TPC_NONE', 'TPC_NONE', 'SPC_NONE', 'SPC_NONE', 'TPC_NONE', 'UC_NONE', 'TPC_NONE', 'UC_NONE', 'UC_NONE', 'SPC_NONE', 'UC_NONE', 'SBX_MPOLY', 'UC_NONE', 'TPC_NONE', 'TPC_NONE', 'TPC_NONE', 'SPC_NONE', 'UC_NONE', 'SPC_NONE', 'SPC_NONE', 'UC_NONE', 'UC_NONE', 'SPC_NONE', 'UC_NONE', 'UC_NONE', 'SPC_NONE', 'NONE_MPOLY', 'TPC_NONE', 'TPC_NONE', 'SBX_NONE', 'TPC_NONE', 'NONE_MPOLY', 'TPC_MPOLY', 'UC_NONE', 'UC_NONE', 'UC_NONE', 'UC_NONE']","{'SBX_MNUF': 1, 'UC_MPOLY': 2, 'TPC_MPOLY': 4, 'UC_NONE': 17, 'SPC_NONE': 13, 'SBX_MPOLY': 3, 'TPC_NONE': 14, 'NONE_MNUF': 1, 'SBX_NONE': 4, 'NONE_MPOLY': 2}"
19,62,TPC,NONE,0.6792959356346935,0.0381483969506275,524374584.32,855256744.0526313,1326959.52,1024519.2458066612,0.743011517006191,-2.679602977617712e-06,0.0,0.0,GREEDY_HV,"['SPC_MBFLIP', 'SBX_MNUF', 'UC_MPOLY', 'TPC_MPOLY', 'UC_MPOLY', 'UC_NONE', 'SPC_NONE', 'SBX_MPOLY', 'TPC_NONE', 'TPC_NONE', 'TPC_NONE', 'TPC_MPOLY', 'NONE_MNUF', 'TPC_MPOLY', 'TPC_NONE', 'SPC_NONE', 'UC_NONE', 'SBX_NONE', 'SBX_MPOLY', 'SPC_NONE', 'SPC_NONE', 'SBX_NONE', 'SBX_NONE', 'SPC_NONE', 'UC_NONE', 'TPC_NONE', 'TPC_NONE', 'SPC_NONE', 'SPC_NONE', 'TPC_NONE', 'UC_NONE', 'TPC_NONE', 'UC_NONE', 'UC_NONE', 'SPC_NONE', 'UC_NONE', 'SBX_MPOLY', 'UC_NONE', 'TPC_NONE', 'TPC_NONE', 'TPC_NONE', 'SPC_NONE', 'UC_NONE', 'SPC_NONE', 'SPC_NONE', 'UC_NONE', 'UC_NONE', 'SPC_NONE', 'UC_NONE', 'UC_NONE', 'SPC_NONE', 'NONE_MPOLY', 'TPC_NONE', 'TPC_NONE', 'SBX_NONE', 'TPC_NONE', 'NONE_MPOLY', 'TPC_MPOLY', 'UC_NONE', 'UC_NONE', 'UC_NONE', 'UC_NONE', 'TPC_NONE']","{'SBX_MNUF': 1, 'UC_MPOLY': 2, 'TPC_MPOLY': 4, 'UC_NONE': 17, 'SPC_NONE': 13, 'SBX_MPOLY': 3, 'TPC_NONE': 15, 'NONE_MNUF': 1, 'SBX_NONE': 4, 'NONE_MPOLY': 2}"
19,63,TPC,NONE,0.6786911204178284,0.0385361460935005,521241177.6,854913707.0501566,1316609.44,1023487.6263499068,0.7430025289353285,-8.98807086247011e-06,0.0,0.0,GREEDY_HV,"['SPC_MBFLIP', 'SBX_MNUF', 'UC_MPOLY', 'TPC_MPOLY', 'UC_MPOLY', 'UC_NONE', 'SPC_NONE', 'SBX_MPOLY', 'TPC_NONE', 'TPC_NONE', 'TPC_NONE', 'TPC_MPOLY', 'NONE_MNUF', 'TPC_MPOLY', 'TPC_NONE', 'SPC_NONE', 'UC_NONE', 'SBX_NONE', 'SBX_MPOLY', 'SPC_NONE', 'SPC_NONE', 'SBX_NONE', 'SBX_NONE', 'SPC_NONE', 'UC_NONE', 'TPC_NONE', 'TPC_NONE', 'SPC_NONE', 'SPC_NONE', 'TPC_NONE', 'UC_NONE', 'TPC_NONE', 'UC_NONE', 'UC_NONE', 'SPC_NONE', 'UC_NONE', 'SBX_MPOLY', 'UC_NONE', 'TPC_NONE', 'TPC_NONE', 'TPC_NONE', 'SPC_NONE', 'UC_NONE', 'SPC_NONE', 'SPC_NONE', 'UC_NONE', 'UC_NONE', 'SPC_NONE', 'UC_NONE', 'UC_NONE', 'SPC_NONE', 'NONE_MPOLY', 'TPC_NONE', 'TPC_NONE', 'SBX_NONE', 'TPC_NONE', 'NONE_MPOLY', 'TPC_MPOLY', 'UC_NONE', 'UC_NONE', 'UC_NONE', 'UC_NONE', 'TPC_NONE', 'TPC_NONE']","{'SBX_MNUF': 1, 'UC_MPOLY': 2, 'TPC_MPOLY': 4, 'UC_NONE': 17, 'SPC_NONE': 13, 'SBX_MPOLY': 3, 'TPC_NONE': 16, 'NONE_MNUF': 1, 'SBX_NONE': 4, 'NONE_MPOLY': 2}"
19,64,SPC,NONE,0.6769997200817253,0.0385844320951031,512348421.12,856397164.8642267,1279283.36,1032956.4652081276,0.7430369520083838,3.44230730553452e-05,0.0,0.0,GREEDY_HV,"['SPC_MBFLIP', 'SBX_MNUF', 'UC_MPOLY', 'TPC_MPOLY', 'UC_MPOLY', 'UC_NONE', 'SPC_NONE', 'SBX_MPOLY', 'TPC_NONE', 'TPC_NONE', 'TPC_NONE', 'TPC_MPOLY', 'NONE_MNUF', 'TPC_MPOLY', 'TPC_NONE', 'SPC_NONE', 'UC_NONE', 'SBX_NONE', 'SBX_MPOLY', 'SPC_NONE', 'SPC_NONE', 'SBX_NONE', 'SBX_NONE', 'SPC_NONE', 'UC_NONE', 'TPC_NONE', 'TPC_NONE', 'SPC_NONE', 'SPC_NONE', 'TPC_NONE', 'UC_NONE', 'TPC_NONE', 'UC_NONE', 'UC_NONE', 'SPC_NONE', 'UC_NONE', 'SBX_MPOLY', 'UC_NONE', 'TPC_NONE', 'TPC_NONE', 'TPC_NONE', 'SPC_NONE', 'UC_NONE', 'SPC_NONE', 'SPC_NONE', 'UC_NONE', 'UC_NONE', 'SPC_NONE', 'UC_NONE', 'UC_NONE', 'SPC_NONE', 'NONE_MPOLY', 'TPC_NONE', 'TPC_NONE', 'SBX_NONE', 'TPC_NONE', 'NONE_MPOLY', 'TPC_MPOLY', 'UC_NONE', 'UC_NONE', 'UC_NONE', 'UC_NONE', 'TPC_NONE', 'TPC_NONE', 'SPC_NONE']","{'SBX_MNUF': 1, 'UC_MPOLY': 2, 'TPC_MPOLY': 4, 'UC_NONE': 17, 'SPC_NONE': 14, 'SBX_MPOLY': 3, 'TPC_NONE': 16, 'NONE_MNUF': 1, 'SBX_NONE': 4, 'NONE_MPOLY': 2}"
19,65,UC,NONE,0.6774041878475626,0.0386395087407195,514803686.4,856618909.5440139,1281551.52,1024817.7913211744,0.7430728221003493,3.5870091965484185e-05,0.0,0.0,GREEDY_HV,"['SPC_MBFLIP', 'SBX_MNUF', 'UC_MPOLY', 'TPC_MPOLY', 'UC_MPOLY', 'UC_NONE', 'SPC_NONE', 'SBX_MPOLY', 'TPC_NONE', 'TPC_NONE', 'TPC_NONE', 'TPC_MPOLY', 'NONE_MNUF', 'TPC_MPOLY', 'TPC_NONE', 'SPC_NONE', 'UC_NONE', 'SBX_NONE', 'SBX_MPOLY', 'SPC_NONE', 'SPC_NONE', 'SBX_NONE', 'SBX_NONE', 'SPC_NONE', 'UC_NONE', 'TPC_NONE', 'TPC_NONE', 'SPC_NONE', 'SPC_NONE', 'TPC_NONE', 'UC_NONE', 'TPC_NONE', 'UC_NONE', 'UC_NONE', 'SPC_NONE', 'UC_NONE', 'SBX_MPOLY', 'UC_NONE', 'TPC_NONE', 'TPC_NONE', 'TPC_NONE', 'SPC_NONE', 'UC_NONE', 'SPC_NONE', 'SPC_NONE', 'UC_NONE', 'UC_NONE', 'SPC_NONE', 'UC_NONE', 'UC_NONE', 'SPC_NONE', 'NONE_MPOLY', 'TPC_NONE', 'TPC_NONE', 'SBX_NONE', 'TPC_NONE', 'NONE_MPOLY', 'TPC_MPOLY', 'UC_NONE', 'UC_NONE', 'UC_NONE', 'UC_NONE', 'TPC_NONE', 'TPC_NONE', 'SPC_NONE', 'UC_NONE']","{'SBX_MNUF': 1, 'UC_MPOLY': 2, 'TPC_MPOLY': 4, 'UC_NONE': 18, 'SPC_NONE': 14, 'SBX_MPOLY': 3, 'TPC_NONE': 16, 'NONE_MNUF': 1, 'SBX_NONE': 4, 'NONE_MPOLY': 2}"
19,66,TPC,MPOLY,0.6774947600477463,0.0386740965519337,508775966.72,855478130.1033603,1307947.68,1032630.58345996,0.7431090595239274,3.623742357805604e-05,0.0,0.01,GREEDY_HV,"['SPC_MBFLIP', 'SBX_MNUF', 'UC_MPOLY', 'TPC_MPOLY', 'UC_MPOLY', 'UC_NONE', 'SPC_NONE', 'SBX_MPOLY', 'TPC_NONE', 'TPC_NONE', 'TPC_NONE', 'TPC_MPOLY', 'NONE_MNUF', 'TPC_MPOLY', 'TPC_NONE', 'SPC_NONE', 'UC_NONE', 'SBX_NONE', 'SBX_MPOLY', 'SPC_NONE', 'SPC_NONE', 'SBX_NONE', 'SBX_NONE', 'SPC_NONE', 'UC_NONE', 'TPC_NONE', 'TPC_NONE', 'SPC_NONE', 'SPC_NONE', 'TPC_NONE', 'UC_NONE', 'TPC_NONE', 'UC_NONE', 'UC_NONE', 'SPC_NONE', 'UC_NONE', 'SBX_MPOLY', 'UC_NONE', 'TPC_NONE', 'TPC_NONE', 'TPC_NONE', 'SPC_NONE', 'UC_NONE', 'SPC_NONE', 'SPC_NONE', 'UC_NONE', 'UC_NONE', 'SPC_NONE', 'UC_NONE', 'UC_NONE', 'SPC_NONE', 'NONE_MPOLY', 'TPC_NONE', 'TPC_NONE', 'SBX_NONE', 'TPC_NONE', 'NONE_MPOLY', 'TPC_MPOLY', 'UC_NONE', 'UC_NONE', 'UC_NONE', 'UC_NONE', 'TPC_NONE', 'TPC_NONE', 'SPC_NONE', 'UC_NONE', 'TPC_MPOLY']","{'SBX_MNUF': 1, 'UC_MPOLY': 2, 'TPC_MPOLY': 5, 'UC_NONE': 18, 'SPC_NONE': 14, 'SBX_MPOLY': 3, 'TPC_NONE': 16, 'NONE_MNUF': 1, 'SBX_NONE': 4, 'NONE_MPOLY': 2}"
19,67,TPC,MPOLY,0.6783374271123128,0.0388990190448347,514804167.68,854532378.8319916,1323792.8,1033899.6208799384,0.7431511943514442,4.213482751680431e-05,0.01,0.02,GREEDY_HV,"['SPC_MBFLIP', 'SBX_MNUF', 'UC_MPOLY', 'TPC_MPOLY', 'UC_MPOLY', 'UC_NONE', 'SPC_NONE', 'SBX_MPOLY', 'TPC_NONE', 'TPC_NONE', 'TPC_NONE', 'TPC_MPOLY', 'NONE_MNUF', 'TPC_MPOLY', 'TPC_NONE', 'SPC_NONE', 'UC_NONE', 'SBX_NONE', 'SBX_MPOLY', 'SPC_NONE', 'SPC_NONE', 'SBX_NONE', 'SBX_NONE', 'SPC_NONE', 'UC_NONE', 'TPC_NONE', 'TPC_NONE', 'SPC_NONE', 'SPC_NONE', 'TPC_NONE', 'UC_NONE', 'TPC_NONE', 'UC_NONE', 'UC_NONE', 'SPC_NONE', 'UC_NONE', 'SBX_MPOLY', 'UC_NONE', 'TPC_NONE', 'TPC_NONE', 'TPC_NONE', 'SPC_NONE', 'UC_NONE', 'SPC_NONE', 'SPC_NONE', 'UC_NONE', 'UC_NONE', 'SPC_NONE', 'UC_NONE', 'UC_NONE', 'SPC_NONE', 'NONE_MPOLY', 'TPC_NONE', 'TPC_NONE', 'SBX_NONE', 'TPC_NONE', 'NONE_MPOLY', 'TPC_MPOLY', 'UC_NONE', 'UC_NONE', 'UC_NONE', 'UC_NONE', 'TPC_NONE', 'TPC_NONE', 'SPC_NONE', 'UC_NONE', 'TPC_MPOLY', 'TPC_MPOLY']","{'SBX_MNUF': 1, 'UC_MPOLY': 2, 'TPC_MPOLY': 6, 'UC_NONE': 18, 'SPC_NONE': 14, 'SBX_MPOLY': 3, 'TPC_NONE': 16, 'NONE_MNUF': 1, 'SBX_NONE': 4, 'NONE_MPOLY': 2}"
19,68,SPC,MPOLY,0.6775521593297077,0.0389697968575595,511381207.04,855539282.0950283,1302821.28,1035506.935293802,0.74317795474353,2.676039208582281e-05,0.0,0.005,GREEDY_HV,"['SPC_MBFLIP', 'SBX_MNUF', 'UC_MPOLY', 'TPC_MPOLY', 'UC_MPOLY', 'UC_NONE', 'SPC_NONE', 'SBX_MPOLY', 'TPC_NONE', 'TPC_NONE', 'TPC_NONE', 'TPC_MPOLY', 'NONE_MNUF', 'TPC_MPOLY', 'TPC_NONE', 'SPC_NONE', 'UC_NONE', 'SBX_NONE', 'SBX_MPOLY', 'SPC_NONE', 'SPC_NONE', 'SBX_NONE', 'SBX_NONE', 'SPC_NONE', 'UC_NONE', 'TPC_NONE', 'TPC_NONE', 'SPC_NONE', 'SPC_NONE', 'TPC_NONE', 'UC_NONE', 'TPC_NONE', 'UC_NONE', 'UC_NONE', 'SPC_NONE', 'UC_NONE', 'SBX_MPOLY', 'UC_NONE', 'TPC_NONE', 'TPC_NONE', 'TPC_NONE', 'SPC_NONE', 'UC_NONE', 'SPC_NONE', 'SPC_NONE', 'UC_NONE', 'UC_NONE', 'SPC_NONE', 'UC_NONE', 'UC_NONE', 'SPC_NONE', 'NONE_MPOLY', 'TPC_NONE', 'TPC_NONE', 'SBX_NONE', 'TPC_NONE', 'NONE_MPOLY', 'TPC_MPOLY', 'UC_NONE', 'UC_NONE', 'UC_NONE', 'UC_NONE', 'TPC_NONE', 'TPC_NONE', 'SPC_NONE', 'UC_NONE', 'TPC_MPOLY', 'TPC_MPOLY', 'SPC_MPOLY']","{'SBX_MNUF': 1, 'UC_MPOLY': 2, 'TPC_MPOLY': 6, 'UC_NONE': 18, 'SPC_NONE': 14, 'SBX_MPOLY': 3, 'TPC_NONE': 16, 'NONE_MNUF': 1, 'SBX_NONE': 4, 'NONE_MPOLY': 2, 'SPC_MPOLY': 1}"
19,69,TPC,NONE,0.6766191686429209,0.0388438524297414,498741365.76,859085943.4145731,1289317.28,1039699.2155015416,0.7431983688718219,2.0414128291901257e-05,0.0,0.0,GREEDY_HV,"['SPC_MBFLIP', 'SBX_MNUF', 'UC_MPOLY', 'TPC_MPOLY', 'UC_MPOLY', 'UC_NONE', 'SPC_NONE', 'SBX_MPOLY', 'TPC_NONE', 'TPC_NONE', 'TPC_NONE', 'TPC_MPOLY', 'NONE_MNUF', 'TPC_MPOLY', 'TPC_NONE', 'SPC_NONE', 'UC_NONE', 'SBX_NONE', 'SBX_MPOLY', 'SPC_NONE', 'SPC_NONE', 'SBX_NONE', 'SBX_NONE', 'SPC_NONE', 'UC_NONE', 'TPC_NONE', 'TPC_NONE', 'SPC_NONE', 'SPC_NONE', 'TPC_NONE', 'UC_NONE', 'TPC_NONE', 'UC_NONE', 'UC_NONE', 'SPC_NONE', 'UC_NONE', 'SBX_MPOLY', 'UC_NONE', 'TPC_NONE', 'TPC_NONE', 'TPC_NONE', 'SPC_NONE', 'UC_NONE', 'SPC_NONE', 'SPC_NONE', 'UC_NONE', 'UC_NONE', 'SPC_NONE', 'UC_NONE', 'UC_NONE', 'SPC_NONE', 'NONE_MPOLY', 'TPC_NONE', 'TPC_NONE', 'SBX_NONE', 'TPC_NONE', 'NONE_MPOLY', 'TPC_MPOLY', 'UC_NONE', 'UC_NONE', 'UC_NONE', 'UC_NONE', 'TPC_NONE', 'TPC_NONE', 'SPC_NONE', 'UC_NONE', 'TPC_MPOLY', 'TPC_MPOLY', 'SPC_MPOLY', 'TPC_NONE']","{'SBX_MNUF': 1, 'UC_MPOLY': 2, 'TPC_MPOLY': 6, 'UC_NONE': 18, 'SPC_NONE': 14, 'SBX_MPOLY': 3, 'TPC_NONE': 17, 'NONE_MNUF': 1, 'SBX_NONE': 4, 'NONE_MPOLY': 2, 'SPC_MPOLY': 1}"
19,70,TPC,NONE,0.6786038659960226,0.0389743968393562,520466176.0,856896905.3568492,1328752.8,1031761.6895102864,0.7431617913221658,-3.657754965613602e-05,0.0,0.0,GREEDY_HV,"['SPC_MBFLIP', 'SBX_MNUF', 'UC_MPOLY', 'TPC_MPOLY', 'UC_MPOLY', 'UC_NONE', 'SPC_NONE', 'SBX_MPOLY', 'TPC_NONE', 'TPC_NONE', 'TPC_NONE', 'TPC_MPOLY', 'NONE_MNUF', 'TPC_MPOLY', 'TPC_NONE', 'SPC_NONE', 'UC_NONE', 'SBX_NONE', 'SBX_MPOLY', 'SPC_NONE', 'SPC_NONE', 'SBX_NONE', 'SBX_NONE', 'SPC_NONE', 'UC_NONE', 'TPC_NONE', 'TPC_NONE', 'SPC_NONE', 'SPC_NONE', 'TPC_NONE', 'UC_NONE', 'TPC_NONE', 'UC_NONE', 'UC_NONE', 'SPC_NONE', 'UC_NONE', 'SBX_MPOLY', 'UC_NONE', 'TPC_NONE', 'TPC_NONE', 'TPC_NONE', 'SPC_NONE', 'UC_NONE', 'SPC_NONE', 'SPC_NONE', 'UC_NONE', 'UC_NONE', 'SPC_NONE', 'UC_NONE', 'UC_NONE', 'SPC_NONE', 'NONE_MPOLY', 'TPC_NONE', 'TPC_NONE', 'SBX_NONE', 'TPC_NONE', 'NONE_MPOLY', 'TPC_MPOLY', 'UC_NONE', 'UC_NONE', 'UC_NONE', 'UC_NONE', 'TPC_NONE', 'TPC_NONE', 'SPC_NONE', 'UC_NONE', 'TPC_MPOLY', 'TPC_MPOLY', 'SPC_MPOLY', 'TPC_NONE', 'TPC_NONE']","{'SBX_MNUF': 1, 'UC_MPOLY': 2, 'TPC_MPOLY': 6, 'UC_NONE': 18, 'SPC_NONE': 14, 'SBX_MPOLY': 3, 'TPC_NONE': 18, 'NONE_MNUF': 1, 'SBX_NONE': 4, 'NONE_MPOLY': 2, 'SPC_MPOLY': 1}"
19,71,TPC,NONE,0.6767117454200143,0.0388519759933176,510459238.4,857380644.1874443,1262684.32,1029817.3351359244,0.7431823926279468,2.0601305781076107e-05,0.0,0.0,GREEDY_HV,"['SPC_MBFLIP', 'SBX_MNUF', 'UC_MPOLY', 'TPC_MPOLY', 'UC_MPOLY', 'UC_NONE', 'SPC_NONE', 'SBX_MPOLY', 'TPC_NONE', 'TPC_NONE', 'TPC_NONE', 'TPC_MPOLY', 'NONE_MNUF', 'TPC_MPOLY', 'TPC_NONE', 'SPC_NONE', 'UC_NONE', 'SBX_NONE', 'SBX_MPOLY', 'SPC_NONE', 'SPC_NONE', 'SBX_NONE', 'SBX_NONE', 'SPC_NONE', 'UC_NONE', 'TPC_NONE', 'TPC_NONE', 'SPC_NONE', 'SPC_NONE', 'TPC_NONE', 'UC_NONE', 'TPC_NONE', 'UC_NONE', 'UC_NONE', 'SPC_NONE', 'UC_NONE', 'SBX_MPOLY', 'UC_NONE', 'TPC_NONE', 'TPC_NONE', 'TPC_NONE', 'SPC_NONE', 'UC_NONE', 'SPC_NONE', 'SPC_NONE', 'UC_NONE', 'UC_NONE', 'SPC_NONE', 'UC_NONE', 'UC_NONE', 'SPC_NONE', 'NONE_MPOLY', 'TPC_NONE', 'TPC_NONE', 'SBX_NONE', 'TPC_NONE', 'NONE_MPOLY', 'TPC_MPOLY', 'UC_NONE', 'UC_NONE', 'UC_NONE', 'UC_NONE', 'TPC_NONE', 'TPC_NONE', 'SPC_NONE', 'UC_NONE', 'TPC_MPOLY', 'TPC_MPOLY', 'SPC_MPOLY', 'TPC_NONE', 'TPC_NONE', 'TPC_NONE']","{'SBX_MNUF': 1, 'UC_MPOLY': 2, 'TPC_MPOLY': 6, 'UC_NONE': 18, 'SPC_NONE': 14, 'SBX_MPOLY': 3, 'TPC_NONE': 19, 'NONE_MNUF': 1, 'SBX_NONE': 4, 'NONE_MPOLY': 2, 'SPC_MPOLY': 1}"
19,72,TPC,NONE,0.6757734903981956,0.0390728373554207,514621839.36,858818284.0105808,1236925.6,1043445.8580861388,0.743192467726013,1.0075098066164578e-05,0.0,0.0,GREEDY_HV,"['SPC_MBFLIP', 'SBX_MNUF', 'UC_MPOLY', 'TPC_MPOLY', 'UC_MPOLY', 'UC_NONE', 'SPC_NONE', 'SBX_MPOLY', 'TPC_NONE', 'TPC_NONE', 'TPC_NONE', 'TPC_MPOLY', 'NONE_MNUF', 'TPC_MPOLY', 'TPC_NONE', 'SPC_NONE', 'UC_NONE', 'SBX_NONE', 'SBX_MPOLY', 'SPC_NONE', 'SPC_NONE', 'SBX_NONE', 'SBX_NONE', 'SPC_NONE', 'UC_NONE', 'TPC_NONE', 'TPC_NONE', 'SPC_NONE', 'SPC_NONE', 'TPC_NONE', 'UC_NONE', 'TPC_NONE', 'UC_NONE', 'UC_NONE', 'SPC_NONE', 'UC_NONE', 'SBX_MPOLY', 'UC_NONE', 'TPC_NONE', 'TPC_NONE', 'TPC_NONE', 'SPC_NONE', 'UC_NONE', 'SPC_NONE', 'SPC_NONE', 'UC_NONE', 'UC_NONE', 'SPC_NONE', 'UC_NONE', 'UC_NONE', 'SPC_NONE', 'NONE_MPOLY', 'TPC_NONE', 'TPC_NONE', 'SBX_NONE', 'TPC_NONE', 'NONE_MPOLY', 'TPC_MPOLY', 'UC_NONE', 'UC_NONE', 'UC_NONE', 'UC_NONE', 'TPC_NONE', 'TPC_NONE', 'SPC_NONE', 'UC_NONE', 'TPC_MPOLY', 'TPC_MPOLY', 'SPC_MPOLY', 'TPC_NONE', 'TPC_NONE', 'TPC_NONE', 'TPC_NONE']","{'SBX_MNUF': 1, 'UC_MPOLY': 2, 'TPC_MPOLY': 6, 'UC_NONE': 18, 'SPC_NONE': 14, 'SBX_MPOLY': 3, 'TPC_NONE': 20, 'NONE_MNUF': 1, 'SBX_NONE': 4, 'NONE_MPOLY': 2, 'SPC_MPOLY': 1}"
19,73,UC,NONE,0.6770014762141261,0.0387880107957567,517793064.96,857851668.0528183,1258668.96,1036702.186991828,0.7431987191683379,6.2514423249115936e-06,0.0,0.0,GREEDY_HV,"['SPC_MBFLIP', 'SBX_MNUF', 'UC_MPOLY', 'TPC_MPOLY', 'UC_MPOLY', 'UC_NONE', 'SPC_NONE', 'SBX_MPOLY', 'TPC_NONE', 'TPC_NONE', 'TPC_NONE', 'TPC_MPOLY', 'NONE_MNUF', 'TPC_MPOLY', 'TPC_NONE', 'SPC_NONE', 'UC_NONE', 'SBX_NONE', 'SBX_MPOLY', 'SPC_NONE', 'SPC_NONE', 'SBX_NONE', 'SBX_NONE', 'SPC_NONE', 'UC_NONE', 'TPC_NONE', 'TPC_NONE', 'SPC_NONE', 'SPC_NONE', 'TPC_NONE', 'UC_NONE', 'TPC_NONE', 'UC_NONE', 'UC_NONE', 'SPC_NONE', 'UC_NONE', 'SBX_MPOLY', 'UC_NONE', 'TPC_NONE', 'TPC_NONE', 'TPC_NONE', 'SPC_NONE', 'UC_NONE', 'SPC_NONE', 'SPC_NONE', 'UC_NONE', 'UC_NONE', 'SPC_NONE', 'UC_NONE', 'UC_NONE', 'SPC_NONE', 'NONE_MPOLY', 'TPC_NONE', 'TPC_NONE', 'SBX_NONE', 'TPC_NONE', 'NONE_MPOLY', 'TPC_MPOLY', 'UC_NONE', 'UC_NONE', 'UC_NONE', 'UC_NONE', 'TPC_NONE', 'TPC_NONE', 'SPC_NONE', 'UC_NONE', 'TPC_MPOLY', 'TPC_MPOLY', 'SPC_MPOLY', 'TPC_NONE', 'TPC_NONE', 'TPC_NONE', 'TPC_NONE', 'UC_NONE']","{'SBX_MNUF': 1, 'UC_MPOLY': 2, 'TPC_MPOLY': 6, 'UC_NONE': 19, 'SPC_NONE': 14, 'SBX_MPOLY': 3, 'TPC_NONE': 20, 'NONE_MNUF': 1, 'SBX_NONE': 4, 'NONE_MPOLY': 2, 'SPC_MPOLY': 1}"
19,74,UC,NONE,0.6763350190633571,0.0390774933140308,521071723.52,857816779.4338125,1229223.84,1046043.6979522288,0.7432243362591188,2.5617090780860607e-05,0.0,0.0,GREEDY_HV,"['SPC_MBFLIP', 'SBX_MNUF', 'UC_MPOLY', 'TPC_MPOLY', 'UC_MPOLY', 'UC_NONE', 'SPC_NONE', 'SBX_MPOLY', 'TPC_NONE', 'TPC_NONE', 'TPC_NONE', 'TPC_MPOLY', 'NONE_MNUF', 'TPC_MPOLY', 'TPC_NONE', 'SPC_NONE', 'UC_NONE', 'SBX_NONE', 'SBX_MPOLY', 'SPC_NONE', 'SPC_NONE', 'SBX_NONE', 'SBX_NONE', 'SPC_NONE', 'UC_NONE', 'TPC_NONE', 'TPC_NONE', 'SPC_NONE', 'SPC_NONE', 'TPC_NONE', 'UC_NONE', 'TPC_NONE', 'UC_NONE', 'UC_NONE', 'SPC_NONE', 'UC_NONE', 'SBX_MPOLY', 'UC_NONE', 'TPC_NONE', 'TPC_NONE', 'TPC_NONE', 'SPC_NONE', 'UC_NONE', 'SPC_NONE', 'SPC_NONE', 'UC_NONE', 'UC_NONE', 'SPC_NONE', 'UC_NONE', 'UC_NONE', 'SPC_NONE', 'NONE_MPOLY', 'TPC_NONE', 'TPC_NONE', 'SBX_NONE', 'TPC_NONE', 'NONE_MPOLY', 'TPC_MPOLY', 'UC_NONE', 'UC_NONE', 'UC_NONE', 'UC_NONE', 'TPC_NONE', 'TPC_NONE', 'SPC_NONE', 'UC_NONE', 'TPC_MPOLY', 'TPC_MPOLY', 'SPC_MPOLY', 'TPC_NONE', 'TPC_NONE', 'TPC_NONE', 'TPC_NONE', 'UC_NONE', 'UC_NONE']","{'SBX_MNUF': 1, 'UC_MPOLY': 2, 'TPC_MPOLY': 6, 'UC_NONE': 20, 'SPC_NONE': 14, 'SBX_MPOLY': 3, 'TPC_NONE': 20, 'NONE_MNUF': 1, 'SBX_NONE': 4, 'NONE_MPOLY': 2, 'SPC_MPOLY': 1}"
19,75,SPC,NONE,0.6749899106133899,0.0388793686667608,513796889.6,857942508.1490737,1179026.08,1041785.2610699352,0.7432347064039202,1.0370144801430392e-05,0.01,0.0,GREEDY_HV,"['SPC_MBFLIP', 'SBX_MNUF', 'UC_MPOLY', 'TPC_MPOLY', 'UC_MPOLY', 'UC_NONE', 'SPC_NONE', 'SBX_MPOLY', 'TPC_NONE', 'TPC_NONE', 'TPC_NONE', 'TPC_MPOLY', 'NONE_MNUF', 'TPC_MPOLY', 'TPC_NONE', 'SPC_NONE', 'UC_NONE', 'SBX_NONE', 'SBX_MPOLY', 'SPC_NONE', 'SPC_NONE', 'SBX_NONE', 'SBX_NONE', 'SPC_NONE', 'UC_NONE', 'TPC_NONE', 'TPC_NONE', 'SPC_NONE', 'SPC_NONE', 'TPC_NONE', 'UC_NONE', 'TPC_NONE', 'UC_NONE', 'UC_NONE', 'SPC_NONE', 'UC_NONE', 'SBX_MPOLY', 'UC_NONE', 'TPC_NONE', 'TPC_NONE', 'TPC_NONE', 'SPC_NONE', 'UC_NONE', 'SPC_NONE', 'SPC_NONE', 'UC_NONE', 'UC_NONE', 'SPC_NONE', 'UC_NONE', 'UC_NONE', 'SPC_NONE', 'NONE_MPOLY', 'TPC_NONE', 'TPC_NONE', 'SBX_NONE', 'TPC_NONE', 'NONE_MPOLY', 'TPC_MPOLY', 'UC_NONE', 'UC_NONE', 'UC_NONE', 'UC_NONE', 'TPC_NONE', 'TPC_NONE', 'SPC_NONE', 'UC_NONE', 'TPC_MPOLY', 'TPC_MPOLY', 'SPC_MPOLY', 'TPC_NONE', 'TPC_NONE', 'TPC_NONE', 'TPC_NONE', 'UC_NONE', 'UC_NONE', 'SPC_NONE']","{'SBX_MNUF': 1, 'UC_MPOLY': 2, 'TPC_MPOLY': 6, 'UC_NONE': 20, 'SPC_NONE': 15, 'SBX_MPOLY': 3, 'TPC_NONE': 20, 'NONE_MNUF': 1, 'SBX_NONE': 4, 'NONE_MPOLY': 2, 'SPC_MPOLY': 1}"
19,76,TPC,NONE,0.6751954370328215,0.0387842783401625,498269480.96,858015913.3157312,1235214.24,1048359.2411984468,0.7432616116594649,2.690525554471801e-05,0.03,0.0,GREEDY_HV,"['SPC_MBFLIP', 'SBX_MNUF', 'UC_MPOLY', 'TPC_MPOLY', 'UC_MPOLY', 'UC_NONE', 'SPC_NONE', 'SBX_MPOLY', 'TPC_NONE', 'TPC_NONE', 'TPC_NONE', 'TPC_MPOLY', 'NONE_MNUF', 'TPC_MPOLY', 'TPC_NONE', 'SPC_NONE', 'UC_NONE', 'SBX_NONE', 'SBX_MPOLY', 'SPC_NONE', 'SPC_NONE', 'SBX_NONE', 'SBX_NONE', 'SPC_NONE', 'UC_NONE', 'TPC_NONE', 'TPC_NONE', 'SPC_NONE', 'SPC_NONE', 'TPC_NONE', 'UC_NONE', 'TPC_NONE', 'UC_NONE', 'UC_NONE', 'SPC_NONE', 'UC_NONE', 'SBX_MPOLY', 'UC_NONE', 'TPC_NONE', 'TPC_NONE', 'TPC_NONE', 'SPC_NONE', 'UC_NONE', 'SPC_NONE', 'SPC_NONE', 'UC_NONE', 'UC_NONE', 'SPC_NONE', 'UC_NONE', 'UC_NONE', 'SPC_NONE', 'NONE_MPOLY', 'TPC_NONE', 'TPC_NONE', 'SBX_NONE', 'TPC_NONE', 'NONE_MPOLY', 'TPC_MPOLY', 'UC_NONE', 'UC_NONE', 'UC_NONE', 'UC_NONE', 'TPC_NONE', 'TPC_NONE', 'SPC_NONE', 'UC_NONE', 'TPC_MPOLY', 'TPC_MPOLY', 'SPC_MPOLY', 'TPC_NONE', 'TPC_NONE', 'TPC_NONE', 'TPC_NONE', 'UC_NONE', 'UC_NONE', 'SPC_NONE', 'TPC_NONE']","{'SBX_MNUF': 1, 'UC_MPOLY': 2, 'TPC_MPOLY': 6, 'UC_NONE': 20, 'SPC_NONE': 15, 'SBX_MPOLY': 3, 'TPC_NONE': 21, 'NONE_MNUF': 1, 'SBX_NONE': 4, 'NONE_MPOLY': 2, 'SPC_MPOLY': 1}"
19,77,TPC,NONE,0.6759287755579936,0.0389668012874347,506946191.36,857967648.9164021,1234135.2,1049340.3657804842,0.7432559328930733,-5.678766391570278e-06,0.0,0.0,GREEDY_HV,"['SPC_MBFLIP', 'SBX_MNUF', 'UC_MPOLY', 'TPC_MPOLY', 'UC_MPOLY', 'UC_NONE', 'SPC_NONE', 'SBX_MPOLY', 'TPC_NONE', 'TPC_NONE', 'TPC_NONE', 'TPC_MPOLY', 'NONE_MNUF', 'TPC_MPOLY', 'TPC_NONE', 'SPC_NONE', 'UC_NONE', 'SBX_NONE', 'SBX_MPOLY', 'SPC_NONE', 'SPC_NONE', 'SBX_NONE', 'SBX_NONE', 'SPC_NONE', 'UC_NONE', 'TPC_NONE', 'TPC_NONE', 'SPC_NONE', 'SPC_NONE', 'TPC_NONE', 'UC_NONE', 'TPC_NONE', 'UC_NONE', 'UC_NONE', 'SPC_NONE', 'UC_NONE', 'SBX_MPOLY', 'UC_NONE', 'TPC_NONE', 'TPC_NONE', 'TPC_NONE', 'SPC_NONE', 'UC_NONE', 'SPC_NONE', 'SPC_NONE', 'UC_NONE', 'UC_NONE', 'SPC_NONE', 'UC_NONE', 'UC_NONE', 'SPC_NONE', 'NONE_MPOLY', 'TPC_NONE', 'TPC_NONE', 'SBX_NONE', 'TPC_NONE', 'NONE_MPOLY', 'TPC_MPOLY', 'UC_NONE', 'UC_NONE', 'UC_NONE', 'UC_NONE', 'TPC_NONE', 'TPC_NONE', 'SPC_NONE', 'UC_NONE', 'TPC_MPOLY', 'TPC_MPOLY', 'SPC_MPOLY', 'TPC_NONE', 'TPC_NONE', 'TPC_NONE', 'TPC_NONE', 'UC_NONE', 'UC_NONE', 'SPC_NONE', 'TPC_NONE', 'TPC_NONE']","{'SBX_MNUF': 1, 'UC_MPOLY': 2, 'TPC_MPOLY': 6, 'UC_NONE': 20, 'SPC_NONE': 15, 'SBX_MPOLY': 3, 'TPC_NONE': 22, 'NONE_MNUF': 1, 'SBX_NONE': 4, 'NONE_MPOLY': 2, 'SPC_MPOLY': 1}"
19,78,UC,NONE,0.6754140115037959,0.0390998856872855,512532336.64,857959061.5265042,1220002.72,1059734.470571473,0.7432539679911541,-1.964901919282447e-06,0.01,0.0,GREEDY_HV,"['SPC_MBFLIP', 'SBX_MNUF', 'UC_MPOLY', 'TPC_MPOLY', 'UC_MPOLY', 'UC_NONE', 'SPC_NONE', 'SBX_MPOLY', 'TPC_NONE', 'TPC_NONE', 'TPC_NONE', 'TPC_MPOLY', 'NONE_MNUF', 'TPC_MPOLY', 'TPC_NONE', 'SPC_NONE', 'UC_NONE', 'SBX_NONE', 'SBX_MPOLY', 'SPC_NONE', 'SPC_NONE', 'SBX_NONE', 'SBX_NONE', 'SPC_NONE', 'UC_NONE', 'TPC_NONE', 'TPC_NONE', 'SPC_NONE', 'SPC_NONE', 'TPC_NONE', 'UC_NONE', 'TPC_NONE', 'UC_NONE', 'UC_NONE', 'SPC_NONE', 'UC_NONE', 'SBX_MPOLY', 'UC_NONE', 'TPC_NONE', 'TPC_NONE', 'TPC_NONE', 'SPC_NONE', 'UC_NONE', 'SPC_NONE', 'SPC_NONE', 'UC_NONE', 'UC_NONE', 'SPC_NONE', 'UC_NONE', 'UC_NONE', 'SPC_NONE', 'NONE_MPOLY', 'TPC_NONE', 'TPC_NONE', 'SBX_NONE', 'TPC_NONE', 'NONE_MPOLY', 'TPC_MPOLY', 'UC_NONE', 'UC_NONE', 'UC_NONE', 'UC_NONE', 'TPC_NONE', 'TPC_NONE', 'SPC_NONE', 'UC_NONE', 'TPC_MPOLY', 'TPC_MPOLY', 'SPC_MPOLY', 'TPC_NONE', 'TPC_NONE', 'TPC_NONE', 'TPC_NONE', 'UC_NONE', 'UC_NONE', 'SPC_NONE', 'TPC_NONE', 'TPC_NONE', 'UC_NONE']","{'SBX_MNUF': 1, 'UC_MPOLY': 2, 'TPC_MPOLY': 6, 'UC_NONE': 21, 'SPC_NONE': 15, 'SBX_MPOLY': 3, 'TPC_NONE': 22, 'NONE_MNUF': 1, 'SBX_NONE': 4, 'NONE_MPOLY': 2, 'SPC_MPOLY': 1}"
19,79,UC,NONE,0.6762311657703404,0.0393901027930743,517917982.72,857174042.4837562,1258151.84,1063632.8426541062,0.7432604591053676,6.491114213580396e-06,0.0,0.0,GREEDY_HV,"['SPC_MBFLIP', 'SBX_MNUF', 'UC_MPOLY', 'TPC_MPOLY', 'UC_MPOLY', 'UC_NONE', 'SPC_NONE', 'SBX_MPOLY', 'TPC_NONE', 'TPC_NONE', 'TPC_NONE', 'TPC_MPOLY', 'NONE_MNUF', 'TPC_MPOLY', 'TPC_NONE', 'SPC_NONE', 'UC_NONE', 'SBX_NONE', 'SBX_MPOLY', 'SPC_NONE', 'SPC_NONE', 'SBX_NONE', 'SBX_NONE', 'SPC_NONE', 'UC_NONE', 'TPC_NONE', 'TPC_NONE', 'SPC_NONE', 'SPC_NONE', 'TPC_NONE', 'UC_NONE', 'TPC_NONE', 'UC_NONE', 'UC_NONE', 'SPC_NONE', 'UC_NONE', 'SBX_MPOLY', 'UC_NONE', 'TPC_NONE', 'TPC_NONE', 'TPC_NONE', 'SPC_NONE', 'UC_NONE', 'SPC_NONE', 'SPC_NONE', 'UC_NONE', 'UC_NONE', 'SPC_NONE', 'UC_NONE', 'UC_NONE', 'SPC_NONE', 'NONE_MPOLY', 'TPC_NONE', 'TPC_NONE', 'SBX_NONE', 'TPC_NONE', 'NONE_MPOLY', 'TPC_MPOLY', 'UC_NONE', 'UC_NONE', 'UC_NONE', 'UC_NONE', 'TPC_NONE', 'TPC_NONE', 'SPC_NONE', 'UC_NONE', 'TPC_MPOLY', 'TPC_MPOLY', 'SPC_MPOLY', 'TPC_NONE', 'TPC_NONE', 'TPC_NONE', 'TPC_NONE', 'UC_NONE', 'UC_NONE', 'SPC_NONE', 'TPC_NONE', 'TPC_NONE', 'UC_NONE', 'UC_NONE']","{'SBX_MNUF': 1, 'UC_MPOLY': 2, 'TPC_MPOLY': 6, 'UC_NONE': 22, 'SPC_NONE': 15, 'SBX_MPOLY': 3, 'TPC_NONE': 22, 'NONE_MNUF': 1, 'SBX_NONE': 4, 'NONE_MPOLY': 2, 'SPC_MPOLY': 1}"
19,80,UC,NONE,0.677234741344694,0.0389794589250436,517322147.84,855015898.7261289,1256774.56,1039780.0284456356,0.7432565114097613,-3.947695606298929e-06,0.0,0.0,GREEDY_HV,"['SPC_MBFLIP', 'SBX_MNUF', 'UC_MPOLY', 'TPC_MPOLY', 'UC_MPOLY', 'UC_NONE', 'SPC_NONE', 'SBX_MPOLY', 'TPC_NONE', 'TPC_NONE', 'TPC_NONE', 'TPC_MPOLY', 'NONE_MNUF', 'TPC_MPOLY', 'TPC_NONE', 'SPC_NONE', 'UC_NONE', 'SBX_NONE', 'SBX_MPOLY', 'SPC_NONE', 'SPC_NONE', 'SBX_NONE', 'SBX_NONE', 'SPC_NONE', 'UC_NONE', 'TPC_NONE', 'TPC_NONE', 'SPC_NONE', 'SPC_NONE', 'TPC_NONE', 'UC_NONE', 'TPC_NONE', 'UC_NONE', 'UC_NONE', 'SPC_NONE', 'UC_NONE', 'SBX_MPOLY', 'UC_NONE', 'TPC_NONE', 'TPC_NONE', 'TPC_NONE', 'SPC_NONE', 'UC_NONE', 'SPC_NONE', 'SPC_NONE', 'UC_NONE', 'UC_NONE', 'SPC_NONE', 'UC_NONE', 'UC_NONE', 'SPC_NONE', 'NONE_MPOLY', 'TPC_NONE', 'TPC_NONE', 'SBX_NONE', 'TPC_NONE', 'NONE_MPOLY', 'TPC_MPOLY', 'UC_NONE', 'UC_NONE', 'UC_NONE', 'UC_NONE', 'TPC_NONE', 'TPC_NONE', 'SPC_NONE', 'UC_NONE', 'TPC_MPOLY', 'TPC_MPOLY', 'SPC_MPOLY', 'TPC_NONE', 'TPC_NONE', 'TPC_NONE', 'TPC_NONE', 'UC_NONE', 'UC_NONE', 'SPC_NONE', 'TPC_NONE', 'TPC_NONE', 'UC_NONE', 'UC_NONE', 'UC_NONE']","{'SBX_MNUF': 1, 'UC_MPOLY': 2, 'TPC_MPOLY': 6, 'UC_NONE': 23, 'SPC_NONE': 15, 'SBX_MPOLY': 3, 'TPC_NONE': 22, 'NONE_MNUF': 1, 'SBX_NONE': 4, 'NONE_MPOLY': 2, 'SPC_MPOLY': 1}"
19,81,UC,NONE,0.6771178214490334,0.0392043306528558,520011207.68,854520105.9871747,1253317.28,1049487.6640950297,0.7432630906208434,6.579211082047287e-06,0.0,0.0,GREEDY_HV,"['SPC_MBFLIP', 'SBX_MNUF', 'UC_MPOLY', 'TPC_MPOLY', 'UC_MPOLY', 'UC_NONE', 'SPC_NONE', 'SBX_MPOLY', 'TPC_NONE', 'TPC_NONE', 'TPC_NONE', 'TPC_MPOLY', 'NONE_MNUF', 'TPC_MPOLY', 'TPC_NONE', 'SPC_NONE', 'UC_NONE', 'SBX_NONE', 'SBX_MPOLY', 'SPC_NONE', 'SPC_NONE', 'SBX_NONE', 'SBX_NONE', 'SPC_NONE', 'UC_NONE', 'TPC_NONE', 'TPC_NONE', 'SPC_NONE', 'SPC_NONE', 'TPC_NONE', 'UC_NONE', 'TPC_NONE', 'UC_NONE', 'UC_NONE', 'SPC_NONE', 'UC_NONE', 'SBX_MPOLY', 'UC_NONE', 'TPC_NONE', 'TPC_NONE', 'TPC_NONE', 'SPC_NONE', 'UC_NONE', 'SPC_NONE', 'SPC_NONE', 'UC_NONE', 'UC_NONE', 'SPC_NONE', 'UC_NONE', 'UC_NONE', 'SPC_NONE', 'NONE_MPOLY', 'TPC_NONE', 'TPC_NONE', 'SBX_NONE', 'TPC_NONE', 'NONE_MPOLY', 'TPC_MPOLY', 'UC_NONE', 'UC_NONE', 'UC_NONE', 'UC_NONE', 'TPC_NONE', 'TPC_NONE', 'SPC_NONE', 'UC_NONE', 'TPC_MPOLY', 'TPC_MPOLY', 'SPC_MPOLY', 'TPC_NONE', 'TPC_NONE', 'TPC_NONE', 'TPC_NONE', 'UC_NONE', 'UC_NONE', 'SPC_NONE', 'TPC_NONE', 'TPC_NONE', 'UC_NONE', 'UC_NONE', 'UC_NONE', 'UC_NONE']","{'SBX_MNUF': 1, 'UC_MPOLY': 2, 'TPC_MPOLY': 6, 'UC_NONE': 24, 'SPC_NONE': 15, 'SBX_MPOLY': 3, 'TPC_NONE': 22, 'NONE_MNUF': 1, 'SBX_NONE': 4, 'NONE_MPOLY': 2, 'SPC_MPOLY': 1}"
19,82,UC,NONE,0.6783372570111922,0.0395850419645016,540118097.92,854081105.8240138,1308574.88,1062667.4081461353,0.7432828548227546,1.9764201911187666e-05,0.0,0.0,GREEDY_HV,"['SPC_MBFLIP', 'SBX_MNUF', 'UC_MPOLY', 'TPC_MPOLY', 'UC_MPOLY', 'UC_NONE', 'SPC_NONE', 'SBX_MPOLY', 'TPC_NONE', 'TPC_NONE', 'TPC_NONE', 'TPC_MPOLY', 'NONE_MNUF', 'TPC_MPOLY', 'TPC_NONE', 'SPC_NONE', 'UC_NONE', 'SBX_NONE', 'SBX_MPOLY', 'SPC_NONE', 'SPC_NONE', 'SBX_NONE', 'SBX_NONE', 'SPC_NONE', 'UC_NONE', 'TPC_NONE', 'TPC_NONE', 'SPC_NONE', 'SPC_NONE', 'TPC_NONE', 'UC_NONE', 'TPC_NONE', 'UC_NONE', 'UC_NONE', 'SPC_NONE', 'UC_NONE', 'SBX_MPOLY', 'UC_NONE', 'TPC_NONE', 'TPC_NONE', 'TPC_NONE', 'SPC_NONE', 'UC_NONE', 'SPC_NONE', 'SPC_NONE', 'UC_NONE', 'UC_NONE', 'SPC_NONE', 'UC_NONE', 'UC_NONE', 'SPC_NONE', 'NONE_MPOLY', 'TPC_NONE', 'TPC_NONE', 'SBX_NONE', 'TPC_NONE', 'NONE_MPOLY', 'TPC_MPOLY', 'UC_NONE', 'UC_NONE', 'UC_NONE', 'UC_NONE', 'TPC_NONE', 'TPC_NONE', 'SPC_NONE', 'UC_NONE', 'TPC_MPOLY', 'TPC_MPOLY', 'SPC_MPOLY', 'TPC_NONE', 'TPC_NONE', 'TPC_NONE', 'TPC_NONE', 'UC_NONE', 'UC_NONE', 'SPC_NONE', 'TPC_NONE', 'TPC_NONE', 'UC_NONE', 'UC_NONE', 'UC_NONE', 'UC_NONE', 'UC_NONE']","{'SBX_MNUF': 1, 'UC_MPOLY': 2, 'TPC_MPOLY': 6, 'UC_NONE': 25, 'SPC_NONE': 15, 'SBX_MPOLY': 3, 'TPC_NONE': 22, 'NONE_MNUF': 1, 'SBX_NONE': 4, 'NONE_MPOLY': 2, 'SPC_MPOLY': 1}"
19,83,SPC,NONE,0.6787178905920672,0.0393559115019407,534382858.24,852323980.242826,1314116.0,1059201.868160286,0.7432881470744765,5.292251721966679e-06,0.01,0.0,GREEDY_HV,"['SPC_MBFLIP', 'SBX_MNUF', 'UC_MPOLY', 'TPC_MPOLY', 'UC_MPOLY', 'UC_NONE', 'SPC_NONE', 'SBX_MPOLY', 'TPC_NONE', 'TPC_NONE', 'TPC_NONE', 'TPC_MPOLY', 'NONE_MNUF', 'TPC_MPOLY', 'TPC_NONE', 'SPC_NONE', 'UC_NONE', 'SBX_NONE', 'SBX_MPOLY', 'SPC_NONE', 'SPC_NONE', 'SBX_NONE', 'SBX_NONE', 'SPC_NONE', 'UC_NONE', 'TPC_NONE', 'TPC_NONE', 'SPC_NONE', 'SPC_NONE', 'TPC_NONE', 'UC_NONE', 'TPC_NONE', 'UC_NONE', 'UC_NONE', 'SPC_NONE', 'UC_NONE', 'SBX_MPOLY', 'UC_NONE', 'TPC_NONE', 'TPC_NONE', 'TPC_NONE', 'SPC_NONE', 'UC_NONE', 'SPC_NONE', 'SPC_NONE', 'UC_NONE', 'UC_NONE', 'SPC_NONE', 'UC_NONE', 'UC_NONE', 'SPC_NONE', 'NONE_MPOLY', 'TPC_NONE', 'TPC_NONE', 'SBX_NONE', 'TPC_NONE', 'NONE_MPOLY', 'TPC_MPOLY', 'UC_NONE', 'UC_NONE', 'UC_NONE', 'UC_NONE', 'TPC_NONE', 'TPC_NONE', 'SPC_NONE', 'UC_NONE', 'TPC_MPOLY', 'TPC_MPOLY', 'SPC_MPOLY', 'TPC_NONE', 'TPC_NONE', 'TPC_NONE', 'TPC_NONE', 'UC_NONE', 'UC_NONE', 'SPC_NONE', 'TPC_NONE', 'TPC_NONE', 'UC_NONE', 'UC_NONE', 'UC_NONE', 'UC_NONE', 'UC_NONE', 'SPC_NONE']","{'SBX_MNUF': 1, 'UC_MPOLY': 2, 'TPC_MPOLY': 6, 'UC_NONE': 25, 'SPC_NONE': 16, 'SBX_MPOLY': 3, 'TPC_NONE': 22, 'NONE_MNUF': 1, 'SBX_NONE': 4, 'NONE_MPOLY': 2, 'SPC_MPOLY': 1}"
19,84,UC,NONE,0.678889023750651,0.0391985837287894,536409118.72,854665995.3950033,1291773.6,1026345.4048021068,0.7433055932712058,1.7446196729276053e-05,0.0,0.0,GREEDY_HV,"['SPC_MBFLIP', 'SBX_MNUF', 'UC_MPOLY', 'TPC_MPOLY', 'UC_MPOLY', 'UC_NONE', 'SPC_NONE', 'SBX_MPOLY', 'TPC_NONE', 'TPC_NONE', 'TPC_NONE', 'TPC_MPOLY', 'NONE_MNUF', 'TPC_MPOLY', 'TPC_NONE', 'SPC_NONE', 'UC_NONE', 'SBX_NONE', 'SBX_MPOLY', 'SPC_NONE', 'SPC_NONE', 'SBX_NONE', 'SBX_NONE', 'SPC_NONE', 'UC_NONE', 'TPC_NONE', 'TPC_NONE', 'SPC_NONE', 'SPC_NONE', 'TPC_NONE', 'UC_NONE', 'TPC_NONE', 'UC_NONE', 'UC_NONE', 'SPC_NONE', 'UC_NONE', 'SBX_MPOLY', 'UC_NONE', 'TPC_NONE', 'TPC_NONE', 'TPC_NONE', 'SPC_NONE', 'UC_NONE', 'SPC_NONE', 'SPC_NONE', 'UC_NONE', 'UC_NONE', 'SPC_NONE', 'UC_NONE', 'UC_NONE', 'SPC_NONE', 'NONE_MPOLY', 'TPC_NONE', 'TPC_NONE', 'SBX_NONE', 'TPC_NONE', 'NONE_MPOLY', 'TPC_MPOLY', 'UC_NONE', 'UC_NONE', 'UC_NONE', 'UC_NONE', 'TPC_NONE', 'TPC_NONE', 'SPC_NONE', 'UC_NONE', 'TPC_MPOLY', 'TPC_MPOLY', 'SPC_MPOLY', 'TPC_NONE', 'TPC_NONE', 'TPC_NONE', 'TPC_NONE', 'UC_NONE', 'UC_NONE', 'SPC_NONE', 'TPC_NONE', 'TPC_NONE', 'UC_NONE', 'UC_NONE', 'UC_NONE', 'UC_NONE', 'UC_NONE', 'SPC_NONE', 'UC_NONE']","{'SBX_MNUF': 1, 'UC_MPOLY': 2, 'TPC_MPOLY': 6, 'UC_NONE': 26, 'SPC_NONE': 16, 'SBX_MPOLY': 3, 'TPC_NONE': 22, 'NONE_MNUF': 1, 'SBX_NONE': 4, 'NONE_MPOLY': 2, 'SPC_MPOLY': 1}"
19,85,UC,NONE,0.6763940304911429,0.038922353886431,521735464.96,858347746.1036631,1215881.12,1039285.7810418976,0.7432537323860451,-5.186088516073717e-05,0.01,0.0,GREEDY_HV,"['SPC_MBFLIP', 'SBX_MNUF', 'UC_MPOLY', 'TPC_MPOLY', 'UC_MPOLY', 'UC_NONE', 'SPC_NONE', 'SBX_MPOLY', 'TPC_NONE', 'TPC_NONE', 'TPC_NONE', 'TPC_MPOLY', 'NONE_MNUF', 'TPC_MPOLY', 'TPC_NONE', 'SPC_NONE', 'UC_NONE', 'SBX_NONE', 'SBX_MPOLY', 'SPC_NONE', 'SPC_NONE', 'SBX_NONE', 'SBX_NONE', 'SPC_NONE', 'UC_NONE', 'TPC_NONE', 'TPC_NONE', 'SPC_NONE', 'SPC_NONE', 'TPC_NONE', 'UC_NONE', 'TPC_NONE', 'UC_NONE', 'UC_NONE', 'SPC_NONE', 'UC_NONE', 'SBX_MPOLY', 'UC_NONE', 'TPC_NONE', 'TPC_NONE', 'TPC_NONE', 'SPC_NONE', 'UC_NONE', 'SPC_NONE', 'SPC_NONE', 'UC_NONE', 'UC_NONE', 'SPC_NONE', 'UC_NONE', 'UC_NONE', 'SPC_NONE', 'NONE_MPOLY', 'TPC_NONE', 'TPC_NONE', 'SBX_NONE', 'TPC_NONE', 'NONE_MPOLY', 'TPC_MPOLY', 'UC_NONE', 'UC_NONE', 'UC_NONE', 'UC_NONE', 'TPC_NONE', 'TPC_NONE', 'SPC_NONE', 'UC_NONE', 'TPC_MPOLY', 'TPC_MPOLY', 'SPC_MPOLY', 'TPC_NONE', 'TPC_NONE', 'TPC_NONE', 'TPC_NONE', 'UC_NONE', 'UC_NONE', 'SPC_NONE', 'TPC_NONE', 'TPC_NONE', 'UC_NONE', 'UC_NONE', 'UC_NONE', 'UC_NONE', 'UC_NONE', 'SPC_NONE', 'UC_NONE', 'UC_NONE']","{'SBX_MNUF': 1, 'UC_MPOLY': 2, 'TPC_MPOLY': 6, 'UC_NONE': 27, 'SPC_NONE': 16, 'SBX_MPOLY': 3, 'TPC_NONE': 22, 'NONE_MNUF': 1, 'SBX_NONE': 4, 'NONE_MPOLY': 2, 'SPC_MPOLY': 1}"
19,86,SPC,NONE,0.6794316036347154,0.0395249641483776,539482885.12,851567300.6927627,1336988.32,1033060.1258548596,0.7432559452438763,2.212857831196402e-06,0.0,0.0,GREEDY_HV,"['SPC_MBFLIP', 'SBX_MNUF', 'UC_MPOLY', 'TPC_MPOLY', 'UC_MPOLY', 'UC_NONE', 'SPC_NONE', 'SBX_MPOLY', 'TPC_NONE', 'TPC_NONE', 'TPC_NONE', 'TPC_MPOLY', 'NONE_MNUF', 'TPC_MPOLY', 'TPC_NONE', 'SPC_NONE', 'UC_NONE', 'SBX_NONE', 'SBX_MPOLY', 'SPC_NONE', 'SPC_NONE', 'SBX_NONE', 'SBX_NONE', 'SPC_NONE', 'UC_NONE', 'TPC_NONE', 'TPC_NONE', 'SPC_NONE', 'SPC_NONE', 'TPC_NONE', 'UC_NONE', 'TPC_NONE', 'UC_NONE', 'UC_NONE', 'SPC_NONE', 'UC_NONE', 'SBX_MPOLY', 'UC_NONE', 'TPC_NONE', 'TPC_NONE', 'TPC_NONE', 'SPC_NONE', 'UC_NONE', 'SPC_NONE', 'SPC_NONE', 'UC_NONE', 'UC_NONE', 'SPC_NONE', 'UC_NONE', 'UC_NONE', 'SPC_NONE', 'NONE_MPOLY', 'TPC_NONE', 'TPC_NONE', 'SBX_NONE', 'TPC_NONE', 'NONE_MPOLY', 'TPC_MPOLY', 'UC_NONE', 'UC_NONE', 'UC_NONE', 'UC_NONE', 'TPC_NONE', 'TPC_NONE', 'SPC_NONE', 'UC_NONE', 'TPC_MPOLY', 'TPC_MPOLY', 'SPC_MPOLY', 'TPC_NONE', 'TPC_NONE', 'TPC_NONE', 'TPC_NONE', 'UC_NONE', 'UC_NONE', 'SPC_NONE', 'TPC_NONE', 'TPC_NONE', 'UC_NONE', 'UC_NONE', 'UC_NONE', 'UC_NONE', 'UC_NONE', 'SPC_NONE', 'UC_NONE', 'UC_NONE', 'SPC_NONE']","{'SBX_MNUF': 1, 'UC_MPOLY': 2, 'TPC_MPOLY': 6, 'UC_NONE': 27, 'SPC_NONE': 17, 'SBX_MPOLY': 3, 'TPC_NONE': 22, 'NONE_MNUF': 1, 'SBX_NONE': 4, 'NONE_MPOLY': 2, 'SPC_MPOLY': 1}"
19,87,UC,NONE,0.6776038851487894,0.0389810509260803,520440166.4,854531684.9253081,1275828.64,1045691.1078260494,0.7432610974483767,5.152204500369351e-06,0.0,0.0,GREEDY_HV,"['SPC_MBFLIP', 'SBX_MNUF', 'UC_MPOLY', 'TPC_MPOLY', 'UC_MPOLY', 'UC_NONE', 'SPC_NONE', 'SBX_MPOLY', 'TPC_NONE', 'TPC_NONE', 'TPC_NONE', 'TPC_MPOLY', 'NONE_MNUF', 'TPC_MPOLY', 'TPC_NONE', 'SPC_NONE', 'UC_NONE', 'SBX_NONE', 'SBX_MPOLY', 'SPC_NONE', 'SPC_NONE', 'SBX_NONE', 'SBX_NONE', 'SPC_NONE', 'UC_NONE', 'TPC_NONE', 'TPC_NONE', 'SPC_NONE', 'SPC_NONE', 'TPC_NONE', 'UC_NONE', 'TPC_NONE', 'UC_NONE', 'UC_NONE', 'SPC_NONE', 'UC_NONE', 'SBX_MPOLY', 'UC_NONE', 'TPC_NONE', 'TPC_NONE', 'TPC_NONE', 'SPC_NONE', 'UC_NONE', 'SPC_NONE', 'SPC_NONE', 'UC_NONE', 'UC_NONE', 'SPC_NONE', 'UC_NONE', 'UC_NONE', 'SPC_NONE', 'NONE_MPOLY', 'TPC_NONE', 'TPC_NONE', 'SBX_NONE', 'TPC_NONE', 'NONE_MPOLY', 'TPC_MPOLY', 'UC_NONE', 'UC_NONE', 'UC_NONE', 'UC_NONE', 'TPC_NONE', 'TPC_NONE', 'SPC_NONE', 'UC_NONE', 'TPC_MPOLY', 'TPC_MPOLY', 'SPC_MPOLY', 'TPC_NONE', 'TPC_NONE', 'TPC_NONE', 'TPC_NONE', 'UC_NONE', 'UC_NONE', 'SPC_NONE', 'TPC_NONE', 'TPC_NONE', 'UC_NONE', 'UC_NONE', 'UC_NONE', 'UC_NONE', 'UC_NONE', 'SPC_NONE', 'UC_NONE', 'UC_NONE', 'SPC_NONE', 'UC_NONE']","{'SBX_MNUF': 1, 'UC_MPOLY': 2, 'TPC_MPOLY': 6, 'UC_NONE': 28, 'SPC_NONE': 17, 'SBX_MPOLY': 3, 'TPC_NONE': 22, 'NONE_MNUF': 1, 'SBX_NONE': 4, 'NONE_MPOLY': 2, 'SPC_MPOLY': 1}"
19,88,TPC,NONE,0.6771666975769992,0.0392177887352732,516220574.72,854045259.3764837,1249612.96,1045413.560183126,0.7432581315016296,-2.9659467470910528e-06,0.0,0.0,GREEDY_HV,"['SPC_MBFLIP', 'SBX_MNUF', 'UC_MPOLY', 'TPC_MPOLY', 'UC_MPOLY', 'UC_NONE', 'SPC_NONE', 'SBX_MPOLY', 'TPC_NONE', 'TPC_NONE', 'TPC_NONE', 'TPC_MPOLY', 'NONE_MNUF', 'TPC_MPOLY', 'TPC_NONE', 'SPC_NONE', 'UC_NONE', 'SBX_NONE', 'SBX_MPOLY', 'SPC_NONE', 'SPC_NONE', 'SBX_NONE', 'SBX_NONE', 'SPC_NONE', 'UC_NONE', 'TPC_NONE', 'TPC_NONE', 'SPC_NONE', 'SPC_NONE', 'TPC_NONE', 'UC_NONE', 'TPC_NONE', 'UC_NONE', 'UC_NONE', 'SPC_NONE', 'UC_NONE', 'SBX_MPOLY', 'UC_NONE', 'TPC_NONE', 'TPC_NONE', 'TPC_NONE', 'SPC_NONE', 'UC_NONE', 'SPC_NONE', 'SPC_NONE', 'UC_NONE', 'UC_NONE', 'SPC_NONE', 'UC_NONE', 'UC_NONE', 'SPC_NONE', 'NONE_MPOLY', 'TPC_NONE', 'TPC_NONE', 'SBX_NONE', 'TPC_NONE', 'NONE_MPOLY', 'TPC_MPOLY', 'UC_NONE', 'UC_NONE', 'UC_NONE', 'UC_NONE', 'TPC_NONE', 'TPC_NONE', 'SPC_NONE', 'UC_NONE', 'TPC_MPOLY', 'TPC_MPOLY', 'SPC_MPOLY', 'TPC_NONE', 'TPC_NONE', 'TPC_NONE', 'TPC_NONE', 'UC_NONE', 'UC_NONE', 'SPC_NONE', 'TPC_NONE', 'TPC_NONE', 'UC_NONE', 'UC_NONE', 'UC_NONE', 'UC_NONE', 'UC_NONE', 'SPC_NONE', 'UC_NONE', 'UC_NONE', 'SPC_NONE', 'UC_NONE', 'TPC_NONE']","{'SBX_MNUF': 1, 'UC_MPOLY': 2, 'TPC_MPOLY': 6, 'UC_NONE': 28, 'SPC_NONE': 17, 'SBX_MPOLY': 3, 'TPC_NONE': 23, 'NONE_MNUF': 1, 'SBX_NONE': 4, 'NONE_MPOLY': 2, 'SPC_MPOLY': 1}"
19,89,SPC,NONE,0.677495129735581,0.0393129981601339,517616670.72,852932674.8228643,1273835.68,1039460.7590679592,0.7432652719517181,7.140450088538586e-06,0.0,0.0,GREEDY_HV,"['SPC_MBFLIP', 'SBX_MNUF', 'UC_MPOLY', 'TPC_MPOLY', 'UC_MPOLY', 'UC_NONE', 'SPC_NONE', 'SBX_MPOLY', 'TPC_NONE', 'TPC_NONE', 'TPC_NONE', 'TPC_MPOLY', 'NONE_MNUF', 'TPC_MPOLY', 'TPC_NONE', 'SPC_NONE', 'UC_NONE', 'SBX_NONE', 'SBX_MPOLY', 'SPC_NONE', 'SPC_NONE', 'SBX_NONE', 'SBX_NONE', 'SPC_NONE', 'UC_NONE', 'TPC_NONE', 'TPC_NONE', 'SPC_NONE', 'SPC_NONE', 'TPC_NONE', 'UC_NONE', 'TPC_NONE', 'UC_NONE', 'UC_NONE', 'SPC_NONE', 'UC_NONE', 'SBX_MPOLY', 'UC_NONE', 'TPC_NONE', 'TPC_NONE', 'TPC_NONE', 'SPC_NONE', 'UC_NONE', 'SPC_NONE', 'SPC_NONE', 'UC_NONE', 'UC_NONE', 'SPC_NONE', 'UC_NONE', 'UC_NONE', 'SPC_NONE', 'NONE_MPOLY', 'TPC_NONE', 'TPC_NONE', 'SBX_NONE', 'TPC_NONE', 'NONE_MPOLY', 'TPC_MPOLY', 'UC_NONE', 'UC_NONE', 'UC_NONE', 'UC_NONE', 'TPC_NONE', 'TPC_NONE', 'SPC_NONE', 'UC_NONE', 'TPC_MPOLY', 'TPC_MPOLY', 'SPC_MPOLY', 'TPC_NONE', 'TPC_NONE', 'TPC_NONE', 'TPC_NONE', 'UC_NONE', 'UC_NONE', 'SPC_NONE', 'TPC_NONE', 'TPC_NONE', 'UC_NONE', 'UC_NONE', 'UC_NONE', 'UC_NONE', 'UC_NONE', 'SPC_NONE', 'UC_NONE', 'UC_NONE', 'SPC_NONE', 'UC_NONE', 'TPC_NONE', 'SPC_NONE']","{'SBX_MNUF': 1, 'UC_MPOLY': 2, 'TPC_MPOLY': 6, 'UC_NONE': 28, 'SPC_NONE': 18, 'SBX_MPOLY': 3, 'TPC_NONE': 23, 'NONE_MNUF': 1, 'SBX_NONE': 4, 'NONE_MPOLY': 2, 'SPC_MPOLY': 1}"
19,90,TPC,NONE,0.6775882177152772,0.039097511847047,515108756.48,853212180.739645,1266734.24,1041144.5827213536,0.7432697576446795,4.4856929614089935e-06,0.01,0.0,GREEDY_HV,"['SPC_MBFLIP', 'SBX_MNUF', 'UC_MPOLY', 'TPC_MPOLY', 'UC_MPOLY', 'UC_NONE', 'SPC_NONE', 'SBX_MPOLY', 'TPC_NONE', 'TPC_NONE', 'TPC_NONE', 'TPC_MPOLY', 'NONE_MNUF', 'TPC_MPOLY', 'TPC_NONE', 'SPC_NONE', 'UC_NONE', 'SBX_NONE', 'SBX_MPOLY', 'SPC_NONE', 'SPC_NONE', 'SBX_NONE', 'SBX_NONE', 'SPC_NONE', 'UC_NONE', 'TPC_NONE', 'TPC_NONE', 'SPC_NONE', 'SPC_NONE', 'TPC_NONE', 'UC_NONE', 'TPC_NONE', 'UC_NONE', 'UC_NONE', 'SPC_NONE', 'UC_NONE', 'SBX_MPOLY', 'UC_NONE', 'TPC_NONE', 'TPC_NONE', 'TPC_NONE', 'SPC_NONE', 'UC_NONE', 'SPC_NONE', 'SPC_NONE', 'UC_NONE', 'UC_NONE', 'SPC_NONE', 'UC_NONE', 'UC_NONE', 'SPC_NONE', 'NONE_MPOLY', 'TPC_NONE', 'TPC_NONE', 'SBX_NONE', 'TPC_NONE', 'NONE_MPOLY', 'TPC_MPOLY', 'UC_NONE', 'UC_NONE', 'UC_NONE', 'UC_NONE', 'TPC_NONE', 'TPC_NONE', 'SPC_NONE', 'UC_NONE', 'TPC_MPOLY', 'TPC_MPOLY', 'SPC_MPOLY', 'TPC_NONE', 'TPC_NONE', 'TPC_NONE', 'TPC_NONE', 'UC_NONE', 'UC_NONE', 'SPC_NONE', 'TPC_NONE', 'TPC_NONE', 'UC_NONE', 'UC_NONE', 'UC_NONE', 'UC_NONE', 'UC_NONE', 'SPC_NONE', 'UC_NONE', 'UC_NONE', 'SPC_NONE', 'UC_NONE', 'TPC_NONE', 'SPC_NONE', 'TPC_NONE']","{'SBX_MNUF': 1, 'UC_MPOLY': 2, 'TPC_MPOLY': 6, 'UC_NONE': 28, 'SPC_NONE': 18, 'SBX_MPOLY': 3, 'TPC_NONE': 24, 'NONE_MNUF': 1, 'SBX_NONE': 4, 'NONE_MPOLY': 2, 'SPC_MPOLY': 1}"
19,91,TPC,NONE,0.6785998490087434,0.0387994894788107,523413253.12,852031287.7295961,1278420.64,1031239.0802560144,0.743264354143466,-5.403501213474549e-06,0.0,0.0,GREEDY_HV,"['SPC_MBFLIP', 'SBX_MNUF', 'UC_MPOLY', 'TPC_MPOLY', 'UC_MPOLY', 'UC_NONE', 'SPC_NONE', 'SBX_MPOLY', 'TPC_NONE', 'TPC_NONE', 'TPC_NONE', 'TPC_MPOLY', 'NONE_MNUF', 'TPC_MPOLY', 'TPC_NONE', 'SPC_NONE', 'UC_NONE', 'SBX_NONE', 'SBX_MPOLY', 'SPC_NONE', 'SPC_NONE', 'SBX_NONE', 'SBX_NONE', 'SPC_NONE', 'UC_NONE', 'TPC_NONE', 'TPC_NONE', 'SPC_NONE', 'SPC_NONE', 'TPC_NONE', 'UC_NONE', 'TPC_NONE', 'UC_NONE', 'UC_NONE', 'SPC_NONE', 'UC_NONE', 'SBX_MPOLY', 'UC_NONE', 'TPC_NONE', 'TPC_NONE', 'TPC_NONE', 'SPC_NONE', 'UC_NONE', 'SPC_NONE', 'SPC_NONE', 'UC_NONE', 'UC_NONE', 'SPC_NONE', 'UC_NONE', 'UC_NONE', 'SPC_NONE', 'NONE_MPOLY', 'TPC_NONE', 'TPC_NONE', 'SBX_NONE', 'TPC_NONE', 'NONE_MPOLY', 'TPC_MPOLY', 'UC_NONE', 'UC_NONE', 'UC_NONE', 'UC_NONE', 'TPC_NONE', 'TPC_NONE', 'SPC_NONE', 'UC_NONE', 'TPC_MPOLY', 'TPC_MPOLY', 'SPC_MPOLY', 'TPC_NONE', 'TPC_NONE', 'TPC_NONE', 'TPC_NONE', 'UC_NONE', 'UC_NONE', 'SPC_NONE', 'TPC_NONE', 'TPC_NONE', 'UC_NONE', 'UC_NONE', 'UC_NONE', 'UC_NONE', 'UC_NONE', 'SPC_NONE', 'UC_NONE', 'UC_NONE', 'SPC_NONE', 'UC_NONE', 'TPC_NONE', 'SPC_NONE', 'TPC_NONE', 'TPC_NONE']","{'SBX_MNUF': 1, 'UC_MPOLY': 2, 'TPC_MPOLY': 6, 'UC_NONE': 28, 'SPC_NONE': 18, 'SBX_MPOLY': 3, 'TPC_NONE': 25, 'NONE_MNUF': 1, 'SBX_NONE': 4, 'NONE_MPOLY': 2, 'SPC_MPOLY': 1}"
19,92,UC,MNUF,0.6789004303359403,0.0387191882063334,522006113.28,851979526.0842972,1281573.28,1026227.5666416888,0.7432831584332088,1.880428974276871e-05,0.0,0.015,GREEDY_HV,"['SPC_MBFLIP', 'SBX_MNUF', 'UC_MPOLY', 'TPC_MPOLY', 'UC_MPOLY', 'UC_NONE', 'SPC_NONE', 'SBX_MPOLY', 'TPC_NONE', 'TPC_NONE', 'TPC_NONE', 'TPC_MPOLY', 'NONE_MNUF', 'TPC_MPOLY', 'TPC_NONE', 'SPC_NONE', 'UC_NONE', 'SBX_NONE', 'SBX_MPOLY', 'SPC_NONE', 'SPC_NONE', 'SBX_NONE', 'SBX_NONE', 'SPC_NONE', 'UC_NONE', 'TPC_NONE', 'TPC_NONE', 'SPC_NONE', 'SPC_NONE', 'TPC_NONE', 'UC_NONE', 'TPC_NONE', 'UC_NONE', 'UC_NONE', 'SPC_NONE', 'UC_NONE', 'SBX_MPOLY', 'UC_NONE', 'TPC_NONE', 'TPC_NONE', 'TPC_NONE', 'SPC_NONE', 'UC_NONE', 'SPC_NONE', 'SPC_NONE', 'UC_NONE', 'UC_NONE', 'SPC_NONE', 'UC_NONE', 'UC_NONE', 'SPC_NONE', 'NONE_MPOLY', 'TPC_NONE', 'TPC_NONE', 'SBX_NONE', 'TPC_NONE', 'NONE_MPOLY', 'TPC_MPOLY', 'UC_NONE', 'UC_NONE', 'UC_NONE', 'UC_NONE', 'TPC_NONE', 'TPC_NONE', 'SPC_NONE', 'UC_NONE', 'TPC_MPOLY', 'TPC_MPOLY', 'SPC_MPOLY', 'TPC_NONE', 'TPC_NONE', 'TPC_NONE', 'TPC_NONE', 'UC_NONE', 'UC_NONE', 'SPC_NONE', 'TPC_NONE', 'TPC_NONE', 'UC_NONE', 'UC_NONE', 'UC_NONE', 'UC_NONE', 'UC_NONE', 'SPC_NONE', 'UC_NONE', 'UC_NONE', 'SPC_NONE', 'UC_NONE', 'TPC_NONE', 'SPC_NONE', 'TPC_NONE', 'TPC_NONE', 'UC_MNUF']","{'SBX_MNUF': 1, 'UC_MPOLY': 2, 'TPC_MPOLY': 6, 'UC_NONE': 28, 'SPC_NONE': 18, 'SBX_MPOLY': 3, 'TPC_NONE': 25, 'NONE_MNUF': 1, 'SBX_NONE': 4, 'NONE_MPOLY': 2, 'SPC_MPOLY': 1, 'UC_MNUF': 1}"
19,93,TPC,NONE,0.6787590787057775,0.038453458930032,522092549.12,853529378.4743317,1274208.16,1024873.5421971116,0.7432798766511617,-3.281782047115378e-06,0.01,0.0,GREEDY_HV,"['SPC_MBFLIP', 'SBX_MNUF', 'UC_MPOLY', 'TPC_MPOLY', 'UC_MPOLY', 'UC_NONE', 'SPC_NONE', 'SBX_MPOLY', 'TPC_NONE', 'TPC_NONE', 'TPC_NONE', 'TPC_MPOLY', 'NONE_MNUF', 'TPC_MPOLY', 'TPC_NONE', 'SPC_NONE', 'UC_NONE', 'SBX_NONE', 'SBX_MPOLY', 'SPC_NONE', 'SPC_NONE', 'SBX_NONE', 'SBX_NONE', 'SPC_NONE', 'UC_NONE', 'TPC_NONE', 'TPC_NONE', 'SPC_NONE', 'SPC_NONE', 'TPC_NONE', 'UC_NONE', 'TPC_NONE', 'UC_NONE', 'UC_NONE', 'SPC_NONE', 'UC_NONE', 'SBX_MPOLY', 'UC_NONE', 'TPC_NONE', 'TPC_NONE', 'TPC_NONE', 'SPC_NONE', 'UC_NONE', 'SPC_NONE', 'SPC_NONE', 'UC_NONE', 'UC_NONE', 'SPC_NONE', 'UC_NONE', 'UC_NONE', 'SPC_NONE', 'NONE_MPOLY', 'TPC_NONE', 'TPC_NONE', 'SBX_NONE', 'TPC_NONE', 'NONE_MPOLY', 'TPC_MPOLY', 'UC_NONE', 'UC_NONE', 'UC_NONE', 'UC_NONE', 'TPC_NONE', 'TPC_NONE', 'SPC_NONE', 'UC_NONE', 'TPC_MPOLY', 'TPC_MPOLY', 'SPC_MPOLY', 'TPC_NONE', 'TPC_NONE', 'TPC_NONE', 'TPC_NONE', 'UC_NONE', 'UC_NONE', 'SPC_NONE', 'TPC_NONE', 'TPC_NONE', 'UC_NONE', 'UC_NONE', 'UC_NONE', 'UC_NONE', 'UC_NONE', 'SPC_NONE', 'UC_NONE', 'UC_NONE', 'SPC_NONE', 'UC_NONE', 'TPC_NONE', 'SPC_NONE', 'TPC_NONE', 'TPC_NONE', 'UC_MNUF', 'TPC_NONE']","{'SBX_MNUF': 1, 'UC_MPOLY': 2, 'TPC_MPOLY': 6, 'UC_NONE': 28, 'SPC_NONE': 18, 'SBX_MPOLY': 3, 'TPC_NONE': 26, 'NONE_MNUF': 1, 'SBX_NONE': 4, 'NONE_MPOLY': 2, 'SPC_MPOLY': 1, 'UC_MNUF': 1}"
19,94,UC,NONE,0.6789555000242007,0.0388013995970918,518420556.8,850562358.2490019,1300039.84,1030456.487010982,0.7432811081372456,1.231486083885791e-06,0.0,0.0,GREEDY_HV,"['SPC_MBFLIP', 'SBX_MNUF', 'UC_MPOLY', 'TPC_MPOLY', 'UC_MPOLY', 'UC_NONE', 'SPC_NONE', 'SBX_MPOLY', 'TPC_NONE', 'TPC_NONE', 'TPC_NONE', 'TPC_MPOLY', 'NONE_MNUF', 'TPC_MPOLY', 'TPC_NONE', 'SPC_NONE', 'UC_NONE', 'SBX_NONE', 'SBX_MPOLY', 'SPC_NONE', 'SPC_NONE', 'SBX_NONE', 'SBX_NONE', 'SPC_NONE', 'UC_NONE', 'TPC_NONE', 'TPC_NONE', 'SPC_NONE', 'SPC_NONE', 'TPC_NONE', 'UC_NONE', 'TPC_NONE', 'UC_NONE', 'UC_NONE', 'SPC_NONE', 'UC_NONE', 'SBX_MPOLY', 'UC_NONE', 'TPC_NONE', 'TPC_NONE', 'TPC_NONE', 'SPC_NONE', 'UC_NONE', 'SPC_NONE', 'SPC_NONE', 'UC_NONE', 'UC_NONE', 'SPC_NONE', 'UC_NONE', 'UC_NONE', 'SPC_NONE', 'NONE_MPOLY', 'TPC_NONE', 'TPC_NONE', 'SBX_NONE', 'TPC_NONE', 'NONE_MPOLY', 'TPC_MPOLY', 'UC_NONE', 'UC_NONE', 'UC_NONE', 'UC_NONE', 'TPC_NONE', 'TPC_NONE', 'SPC_NONE', 'UC_NONE', 'TPC_MPOLY', 'TPC_MPOLY', 'SPC_MPOLY', 'TPC_NONE', 'TPC_NONE', 'TPC_NONE', 'TPC_NONE', 'UC_NONE', 'UC_NONE', 'SPC_NONE', 'TPC_NONE', 'TPC_NONE', 'UC_NONE', 'UC_NONE', 'UC_NONE', 'UC_NONE', 'UC_NONE', 'SPC_NONE', 'UC_NONE', 'UC_NONE', 'SPC_NONE', 'UC_NONE', 'TPC_NONE', 'SPC_NONE', 'TPC_NONE', 'TPC_NONE', 'UC_MNUF', 'TPC_NONE', 'UC_NONE']","{'SBX_MNUF': 1, 'UC_MPOLY': 2, 'TPC_MPOLY': 6, 'UC_NONE': 29, 'SPC_NONE': 18, 'SBX_MPOLY': 3, 'TPC_NONE': 26, 'NONE_MNUF': 1, 'SBX_NONE': 4, 'NONE_MPOLY': 2, 'SPC_MPOLY': 1, 'UC_MNUF': 1}"
19,95,SPC,NONE,0.6755777595747139,0.0388753580678218,505736268.8,856026289.0938461,1214213.28,1046984.473147888,0.743291201123263,1.0092986017395944e-05,0.02,0.0,GREEDY_HV,"['SPC_MBFLIP', 'SBX_MNUF', 'UC_MPOLY', 'TPC_MPOLY', 'UC_MPOLY', 'UC_NONE', 'SPC_NONE', 'SBX_MPOLY', 'TPC_NONE', 'TPC_NONE', 'TPC_NONE', 'TPC_MPOLY', 'NONE_MNUF', 'TPC_MPOLY', 'TPC_NONE', 'SPC_NONE', 'UC_NONE', 'SBX_NONE', 'SBX_MPOLY', 'SPC_NONE', 'SPC_NONE', 'SBX_NONE', 'SBX_NONE', 'SPC_NONE', 'UC_NONE', 'TPC_NONE', 'TPC_NONE', 'SPC_NONE', 'SPC_NONE', 'TPC_NONE', 'UC_NONE', 'TPC_NONE', 'UC_NONE', 'UC_NONE', 'SPC_NONE', 'UC_NONE', 'SBX_MPOLY', 'UC_NONE', 'TPC_NONE', 'TPC_NONE', 'TPC_NONE', 'SPC_NONE', 'UC_NONE', 'SPC_NONE', 'SPC_NONE', 'UC_NONE', 'UC_NONE', 'SPC_NONE', 'UC_NONE', 'UC_NONE', 'SPC_NONE', 'NONE_MPOLY', 'TPC_NONE', 'TPC_NONE', 'SBX_NONE', 'TPC_NONE', 'NONE_MPOLY', 'TPC_MPOLY', 'UC_NONE', 'UC_NONE', 'UC_NONE', 'UC_NONE', 'TPC_NONE', 'TPC_NONE', 'SPC_NONE', 'UC_NONE', 'TPC_MPOLY', 'TPC_MPOLY', 'SPC_MPOLY', 'TPC_NONE', 'TPC_NONE', 'TPC_NONE', 'TPC_NONE', 'UC_NONE', 'UC_NONE', 'SPC_NONE', 'TPC_NONE', 'TPC_NONE', 'UC_NONE', 'UC_NONE', 'UC_NONE', 'UC_NONE', 'UC_NONE', 'SPC_NONE', 'UC_NONE', 'UC_NONE', 'SPC_NONE', 'UC_NONE', 'TPC_NONE', 'SPC_NONE', 'TPC_NONE', 'TPC_NONE', 'UC_MNUF', 'TPC_NONE', 'UC_NONE', 'SPC_NONE']","{'SBX_MNUF': 1, 'UC_MPOLY': 2, 'TPC_MPOLY': 6, 'UC_NONE': 29, 'SPC_NONE': 19, 'SBX_MPOLY': 3, 'TPC_NONE': 26, 'NONE_MNUF': 1, 'SBX_NONE': 4, 'NONE_MPOLY': 2, 'SPC_MPOLY': 1, 'UC_MNUF': 1}"
19,96,SPC,NONE,0.678200458135953,0.0393812443264965,523152064.0,853486277.7547244,1322775.2,1043098.2965294884,0.7432892650337662,-1.9360894967235254e-06,0.0,0.0,GREEDY_HV,"['SPC_MBFLIP', 'SBX_MNUF', 'UC_MPOLY', 'TPC_MPOLY', 'UC_MPOLY', 'UC_NONE', 'SPC_NONE', 'SBX_MPOLY', 'TPC_NONE', 'TPC_NONE', 'TPC_NONE', 'TPC_MPOLY', 'NONE_MNUF', 'TPC_MPOLY', 'TPC_NONE', 'SPC_NONE', 'UC_NONE', 'SBX_NONE', 'SBX_MPOLY', 'SPC_NONE', 'SPC_NONE', 'SBX_NONE', 'SBX_NONE', 'SPC_NONE', 'UC_NONE', 'TPC_NONE', 'TPC_NONE', 'SPC_NONE', 'SPC_NONE', 'TPC_NONE', 'UC_NONE', 'TPC_NONE', 'UC_NONE', 'UC_NONE', 'SPC_NONE', 'UC_NONE', 'SBX_MPOLY', 'UC_NONE', 'TPC_NONE', 'TPC_NONE', 'TPC_NONE', 'SPC_NONE', 'UC_NONE', 'SPC_NONE', 'SPC_NONE', 'UC_NONE', 'UC_NONE', 'SPC_NONE', 'UC_NONE', 'UC_NONE', 'SPC_NONE', 'NONE_MPOLY', 'TPC_NONE', 'TPC_NONE', 'SBX_NONE', 'TPC_NONE', 'NONE_MPOLY', 'TPC_MPOLY', 'UC_NONE', 'UC_NONE', 'UC_NONE', 'UC_NONE', 'TPC_NONE', 'TPC_NONE', 'SPC_NONE', 'UC_NONE', 'TPC_MPOLY', 'TPC_MPOLY', 'SPC_MPOLY', 'TPC_NONE', 'TPC_NONE', 'TPC_NONE', 'TPC_NONE', 'UC_NONE', 'UC_NONE', 'SPC_NONE', 'TPC_NONE', 'TPC_NONE', 'UC_NONE', 'UC_NONE', 'UC_NONE', 'UC_NONE', 'UC_NONE', 'SPC_NONE', 'UC_NONE', 'UC_NONE', 'SPC_NONE', 'UC_NONE', 'TPC_NONE', 'SPC_NONE', 'TPC_NONE', 'TPC_NONE', 'UC_MNUF', 'TPC_NONE', 'UC_NONE', 'SPC_NONE', 'SPC_NONE']","{'SBX_MNUF': 1, 'UC_MPOLY': 2, 'TPC_MPOLY': 6, 'UC_NONE': 29, 'SPC_NONE': 20, 'SBX_MPOLY': 3, 'TPC_NONE': 26, 'NONE_MNUF': 1, 'SBX_NONE': 4, 'NONE_MPOLY': 2, 'SPC_MPOLY': 1, 'UC_MNUF': 1}"
19,97,SPC,NONE,0.6777119146595848,0.0388530017536729,512626508.8,853322949.7223871,1291590.56,1035470.1871596724,0.7432665148373627,-2.2750196403520384e-05,0.0,0.0,GREEDY_HV,"['SPC_MBFLIP', 'SBX_MNUF', 'UC_MPOLY', 'TPC_MPOLY', 'UC_MPOLY', 'UC_NONE', 'SPC_NONE', 'SBX_MPOLY', 'TPC_NONE', 'TPC_NONE', 'TPC_NONE', 'TPC_MPOLY', 'NONE_MNUF', 'TPC_MPOLY', 'TPC_NONE', 'SPC_NONE', 'UC_NONE', 'SBX_NONE', 'SBX_MPOLY', 'SPC_NONE', 'SPC_NONE', 'SBX_NONE', 'SBX_NONE', 'SPC_NONE', 'UC_NONE', 'TPC_NONE', 'TPC_NONE', 'SPC_NONE', 'SPC_NONE', 'TPC_NONE', 'UC_NONE', 'TPC_NONE', 'UC_NONE', 'UC_NONE', 'SPC_NONE', 'UC_NONE', 'SBX_MPOLY', 'UC_NONE', 'TPC_NONE', 'TPC_NONE', 'TPC_NONE', 'SPC_NONE', 'UC_NONE', 'SPC_NONE', 'SPC_NONE', 'UC_NONE', 'UC_NONE', 'SPC_NONE', 'UC_NONE', 'UC_NONE', 'SPC_NONE', 'NONE_MPOLY', 'TPC_NONE', 'TPC_NONE', 'SBX_NONE', 'TPC_NONE', 'NONE_MPOLY', 'TPC_MPOLY', 'UC_NONE', 'UC_NONE', 'UC_NONE', 'UC_NONE', 'TPC_NONE', 'TPC_NONE', 'SPC_NONE', 'UC_NONE', 'TPC_MPOLY', 'TPC_MPOLY', 'SPC_MPOLY', 'TPC_NONE', 'TPC_NONE', 'TPC_NONE', 'TPC_NONE', 'UC_NONE', 'UC_NONE', 'SPC_NONE', 'TPC_NONE', 'TPC_NONE', 'UC_NONE', 'UC_NONE', 'UC_NONE', 'UC_NONE', 'UC_NONE', 'SPC_NONE', 'UC_NONE', 'UC_NONE', 'SPC_NONE', 'UC_NONE', 'TPC_NONE', 'SPC_NONE', 'TPC_NONE', 'TPC_NONE', 'UC_MNUF', 'TPC_NONE', 'UC_NONE', 'SPC_NONE', 'SPC_NONE', 'SPC_NONE']","{'SBX_MNUF': 1, 'UC_MPOLY': 2, 'TPC_MPOLY': 6, 'UC_NONE': 29, 'SPC_NONE': 21, 'SBX_MPOLY': 3, 'TPC_NONE': 26, 'NONE_MNUF': 1, 'SBX_NONE': 4, 'NONE_MPOLY': 2, 'SPC_MPOLY': 1, 'UC_MNUF': 1}"
19,98,SPC,MNUF,0.6764304204106986,0.0389365529998628,514616099.84,857873300.7020553,1257797.28,1044338.1194020075,0.7432739632125571,7.4483751943965615e-06,0.0,0.0,GREEDY_HV,"['SPC_MBFLIP', 'SBX_MNUF', 'UC_MPOLY', 'TPC_MPOLY', 'UC_MPOLY', 'UC_NONE', 'SPC_NONE', 'SBX_MPOLY', 'TPC_NONE', 'TPC_NONE', 'TPC_NONE', 'TPC_MPOLY', 'NONE_MNUF', 'TPC_MPOLY', 'TPC_NONE', 'SPC_NONE', 'UC_NONE', 'SBX_NONE', 'SBX_MPOLY', 'SPC_NONE', 'SPC_NONE', 'SBX_NONE', 'SBX_NONE', 'SPC_NONE', 'UC_NONE', 'TPC_NONE', 'TPC_NONE', 'SPC_NONE', 'SPC_NONE', 'TPC_NONE', 'UC_NONE', 'TPC_NONE', 'UC_NONE', 'UC_NONE', 'SPC_NONE', 'UC_NONE', 'SBX_MPOLY', 'UC_NONE', 'TPC_NONE', 'TPC_NONE', 'TPC_NONE', 'SPC_NONE', 'UC_NONE', 'SPC_NONE', 'SPC_NONE', 'UC_NONE', 'UC_NONE', 'SPC_NONE', 'UC_NONE', 'UC_NONE', 'SPC_NONE', 'NONE_MPOLY', 'TPC_NONE', 'TPC_NONE', 'SBX_NONE', 'TPC_NONE', 'NONE_MPOLY', 'TPC_MPOLY', 'UC_NONE', 'UC_NONE', 'UC_NONE', 'UC_NONE', 'TPC_NONE', 'TPC_NONE', 'SPC_NONE', 'UC_NONE', 'TPC_MPOLY', 'TPC_MPOLY', 'SPC_MPOLY', 'TPC_NONE', 'TPC_NONE', 'TPC_NONE', 'TPC_NONE', 'UC_NONE', 'UC_NONE', 'SPC_NONE', 'TPC_NONE', 'TPC_NONE', 'UC_NONE', 'UC_NONE', 'UC_NONE', 'UC_NONE', 'UC_NONE', 'SPC_NONE', 'UC_NONE', 'UC_NONE', 'SPC_NONE', 'UC_NONE', 'TPC_NONE', 'SPC_NONE', 'TPC_NONE', 'TPC_NONE', 'UC_MNUF', 'TPC_NONE', 'UC_NONE', 'SPC_NONE', 'SPC_NONE', 'SPC_NONE', 'SPC_MNUF']","{'SBX_MNUF': 1, 'UC_MPOLY': 2, 'TPC_MPOLY': 6, 'UC_NONE': 29, 'SPC_NONE': 21, 'SBX_MPOLY': 3, 'TPC_NONE': 26, 'NONE_MNUF': 1, 'SBX_NONE': 4, 'NONE_MPOLY': 2, 'SPC_MPOLY': 1, 'UC_MNUF': 1, 'SPC_MNUF': 1}"
19,99,TPC,MNUF,0.6760542954065898,0.039110862523599,508446118.4,856741582.268271,1234657.44,1044251.7271305833,0.7432802133499955,6.250137438379433e-06,0.0,0.005,GREEDY_HV,"['SPC_MBFLIP', 'SBX_MNUF', 'UC_MPOLY', 'TPC_MPOLY', 'UC_MPOLY', 'UC_NONE', 'SPC_NONE', 'SBX_MPOLY', 'TPC_NONE', 'TPC_NONE', 'TPC_NONE', 'TPC_MPOLY', 'NONE_MNUF', 'TPC_MPOLY', 'TPC_NONE', 'SPC_NONE', 'UC_NONE', 'SBX_NONE', 'SBX_MPOLY', 'SPC_NONE', 'SPC_NONE', 'SBX_NONE', 'SBX_NONE', 'SPC_NONE', 'UC_NONE', 'TPC_NONE', 'TPC_NONE', 'SPC_NONE', 'SPC_NONE', 'TPC_NONE', 'UC_NONE', 'TPC_NONE', 'UC_NONE', 'UC_NONE', 'SPC_NONE', 'UC_NONE', 'SBX_MPOLY', 'UC_NONE', 'TPC_NONE', 'TPC_NONE', 'TPC_NONE', 'SPC_NONE', 'UC_NONE', 'SPC_NONE', 'SPC_NONE', 'UC_NONE', 'UC_NONE', 'SPC_NONE', 'UC_NONE', 'UC_NONE', 'SPC_NONE', 'NONE_MPOLY', 'TPC_NONE', 'TPC_NONE', 'SBX_NONE', 'TPC_NONE', 'NONE_MPOLY', 'TPC_MPOLY', 'UC_NONE', 'UC_NONE', 'UC_NONE', 'UC_NONE', 'TPC_NONE', 'TPC_NONE', 'SPC_NONE', 'UC_NONE', 'TPC_MPOLY', 'TPC_MPOLY', 'SPC_MPOLY', 'TPC_NONE', 'TPC_NONE', 'TPC_NONE', 'TPC_NONE', 'UC_NONE', 'UC_NONE', 'SPC_NONE', 'TPC_NONE', 'TPC_NONE', 'UC_NONE', 'UC_NONE', 'UC_NONE', 'UC_NONE', 'UC_NONE', 'SPC_NONE', 'UC_NONE', 'UC_NONE', 'SPC_NONE', 'UC_NONE', 'TPC_NONE', 'SPC_NONE', 'TPC_NONE', 'TPC_NONE', 'UC_MNUF', 'TPC_NONE', 'UC_NONE', 'SPC_NONE', 'SPC_NONE', 'SPC_NONE', 'SPC_MNUF', 'TPC_MNUF']","{'SBX_MNUF': 1, 'UC_MPOLY': 2, 'TPC_MPOLY': 6, 'UC_NONE': 29, 'SPC_NONE': 21, 'SBX_MPOLY': 3, 'TPC_NONE': 26, 'NONE_MNUF': 1, 'SBX_NONE': 4, 'NONE_MPOLY': 2, 'SPC_MPOLY': 1, 'UC_MNUF': 1, 'SPC_MNUF': 1, 'TPC_MNUF': 1}"
19,100,TPC,MNUF,0.6784179934713799,0.0388896741259561,522847191.04,855353870.0866293,1300760.48,1031311.8482537516,0.7432886913580694,8.47800807390886e-06,0.01,0.0,GREEDY_HV,"['SPC_MBFLIP', 'SBX_MNUF', 'UC_MPOLY', 'TPC_MPOLY', 'UC_MPOLY', 'UC_NONE', 'SPC_NONE', 'SBX_MPOLY', 'TPC_NONE', 'TPC_NONE', 'TPC_NONE', 'TPC_MPOLY', 'NONE_MNUF', 'TPC_MPOLY', 'TPC_NONE', 'SPC_NONE', 'UC_NONE', 'SBX_NONE', 'SBX_MPOLY', 'SPC_NONE', 'SPC_NONE', 'SBX_NONE', 'SBX_NONE', 'SPC_NONE', 'UC_NONE', 'TPC_NONE', 'TPC_NONE', 'SPC_NONE', 'SPC_NONE', 'TPC_NONE', 'UC_NONE', 'TPC_NONE', 'UC_NONE', 'UC_NONE', 'SPC_NONE', 'UC_NONE', 'SBX_MPOLY', 'UC_NONE', 'TPC_NONE', 'TPC_NONE', 'TPC_NONE', 'SPC_NONE', 'UC_NONE', 'SPC_NONE', 'SPC_NONE', 'UC_NONE', 'UC_NONE', 'SPC_NONE', 'UC_NONE', 'UC_NONE', 'SPC_NONE', 'NONE_MPOLY', 'TPC_NONE', 'TPC_NONE', 'SBX_NONE', 'TPC_NONE', 'NONE_MPOLY', 'TPC_MPOLY', 'UC_NONE', 'UC_NONE', 'UC_NONE', 'UC_NONE', 'TPC_NONE', 'TPC_NONE', 'SPC_NONE', 'UC_NONE', 'TPC_MPOLY', 'TPC_MPOLY', 'SPC_MPOLY', 'TPC_NONE', 'TPC_NONE', 'TPC_NONE', 'TPC_NONE', 'UC_NONE', 'UC_NONE', 'SPC_NONE', 'TPC_NONE', 'TPC_NONE', 'UC_NONE', 'UC_NONE', 'UC_NONE', 'UC_NONE', 'UC_NONE', 'SPC_NONE', 'UC_NONE', 'UC_NONE', 'SPC_NONE', 'UC_NONE', 'TPC_NONE', 'SPC_NONE', 'TPC_NONE', 'TPC_NONE', 'UC_MNUF', 'TPC_NONE', 'UC_NONE', 'SPC_NONE', 'SPC_NONE', 'SPC_NONE', 'SPC_MNUF', 'TPC_MNUF', 'TPC_MNUF']","{'SBX_MNUF': 1, 'UC_MPOLY': 2, 'TPC_MPOLY': 6, 'UC_NONE': 29, 'SPC_NONE': 21, 'SBX_MPOLY': 3, 'TPC_NONE': 26, 'NONE_MNUF': 1, 'SBX_NONE': 4, 'NONE_MPOLY': 2, 'SPC_MPOLY': 1, 'UC_MNUF': 1, 'SPC_MNUF': 1, 'TPC_MNUF': 2}"
20,1,SPC,MNUF,0.6592351015837314,0.0235565025610472,1642656739.84,1323510996.2737887,3068742.56,1695245.2081737337,0.6902685267989834,0.0,0.27,0.115,GREEDY_HV,"['SPC_MBFLIP', 'SPC_MNUF']",{'SPC_MNUF': 1}
20,2,SPC,MPOLY,0.6618478069311144,0.0242222538832486,1052852784.64,800639793.0374893,2544315.04,1345381.7502306912,0.7007049217089525,0.010436394909969,0.2,0.09,GREEDY_HV,"['SPC_MBFLIP', 'SPC_MNUF', 'SPC_MPOLY']","{'SPC_MNUF': 1, 'SPC_MPOLY': 1}"
20,3,TPC,NONE,0.666006069726094,0.0320053765856575,974428389.12,877062520.7278329,2401921.44,1445141.226626604,0.7081642738439403,0.0074593521349878,0.21,0.0,GREEDY_HV,"['SPC_MBFLIP', 'SPC_MNUF', 'SPC_MPOLY', 'TPC_NONE']","{'SPC_MNUF': 1, 'SPC_MPOLY': 1, 'TPC_NONE': 1}"
20,4,SBX,MNUF,0.6655049880626714,0.0310244116918521,936734030.08,869257880.0864143,2308225.44,1438538.487494307,0.716777077637644,0.0086128037937036,0.02,0.06,GREEDY_HV,"['SPC_MBFLIP', 'SPC_MNUF', 'SPC_MPOLY', 'TPC_NONE', 'SBX_MNUF']","{'SPC_MNUF': 1, 'SPC_MPOLY': 1, 'TPC_NONE': 1, 'SBX_MNUF': 1}"
20,5,UC,MPOLY,0.6690603288054909,0.0272613923780572,898787665.92,923840200.5883856,2357883.04,1621799.5700939244,0.7213285537288576,0.0045514760912136,0.13,0.04,GREEDY_HV,"['SPC_MBFLIP', 'SPC_MNUF', 'SPC_MPOLY', 'TPC_NONE', 'SBX_MNUF', 'UC_MPOLY']","{'SPC_MNUF': 1, 'SPC_MPOLY': 1, 'TPC_NONE': 1, 'SBX_MNUF': 1, 'UC_MPOLY': 1}"
20,6,UC,MPOLY,0.6655779627594309,0.0295644766590169,653742986.24,578751849.1016068,1820454.56,1553721.5078213748,0.7230478391851222,0.0017192854562645,0.11,0.065,GREEDY_HV,"['SPC_MBFLIP', 'SPC_MNUF', 'SPC_MPOLY', 'TPC_NONE', 'SBX_MNUF', 'UC_MPOLY', 'UC_MPOLY']","{'SPC_MNUF': 1, 'SPC_MPOLY': 1, 'TPC_NONE': 1, 'SBX_MNUF': 1, 'UC_MPOLY': 2}"
20,7,UC,NONE,0.6688570948138568,0.0325877360360419,702253562.88,643248990.6609099,1897195.68,1771267.1867993877,0.725360160740576,0.0023123215554538,0.15,0.0,GREEDY_HV,"['SPC_MBFLIP', 'SPC_MNUF', 'SPC_MPOLY', 'TPC_NONE', 'SBX_MNUF', 'UC_MPOLY', 'UC_MPOLY', 'UC_NONE']","{'SPC_MNUF': 1, 'SPC_MPOLY': 1, 'TPC_NONE': 1, 'SBX_MNUF': 1, 'UC_MPOLY': 2, 'UC_NONE': 1}"
20,8,UC,NONE,0.6740324566216791,0.0290912194419502,590060687.36,521161442.61038667,1758270.88,1623132.6143716124,0.7279415615425845,0.0025814008020085,0.03,0.0,GREEDY_HV,"['SPC_MBFLIP', 'SPC_MNUF', 'SPC_MPOLY', 'TPC_NONE', 'SBX_MNUF', 'UC_MPOLY', 'UC_MPOLY', 'UC_NONE', 'UC_NONE']","{'SPC_MNUF': 1, 'SPC_MPOLY': 1, 'TPC_NONE': 1, 'SBX_MNUF': 1, 'UC_MPOLY': 2, 'UC_NONE': 2}"
20,9,UC,MPOLY,0.66917070390581,0.0284853609278098,492365758.72,455793008.9604981,1504546.72,1570521.2366458096,0.7286790701820728,0.0007375086394882,0.05,0.015,GREEDY_HV,"['SPC_MBFLIP', 'SPC_MNUF', 'SPC_MPOLY', 'TPC_NONE', 'SBX_MNUF', 'UC_MPOLY', 'UC_MPOLY', 'UC_NONE', 'UC_NONE', 'UC_MPOLY']","{'SPC_MNUF': 1, 'SPC_MPOLY': 1, 'TPC_NONE': 1, 'SBX_MNUF': 1, 'UC_MPOLY': 3, 'UC_NONE': 2}"
20,10,TPC,NONE,0.6656885726454246,0.0285692127522846,394495275.52,410141082.06353146,1160636.32,1231986.3240310652,0.7304043778968551,0.0017253077147822,0.05,0.0,GREEDY_HV,"['SPC_MBFLIP', 'SPC_MNUF', 'SPC_MPOLY', 'TPC_NONE', 'SBX_MNUF', 'UC_MPOLY', 'UC_MPOLY', 'UC_NONE', 'UC_NONE', 'UC_MPOLY', 'TPC_NONE']","{'SPC_MNUF': 1, 'SPC_MPOLY': 1, 'TPC_NONE': 2, 'SBX_MNUF': 1, 'UC_MPOLY': 3, 'UC_NONE': 2}"
20,11,SPC,NONE,0.667100952739808,0.0310785766598476,416263377.92,427102930.3902487,1304623.52,1402157.0861585834,0.7308282256129894,0.0004238477161343,0.03,0.0,GREEDY_HV,"['SPC_MBFLIP', 'SPC_MNUF', 'SPC_MPOLY', 'TPC_NONE', 'SBX_MNUF', 'UC_MPOLY', 'UC_MPOLY', 'UC_NONE', 'UC_NONE', 'UC_MPOLY', 'TPC_NONE', 'SPC_NONE']","{'SPC_MNUF': 1, 'SPC_MPOLY': 1, 'TPC_NONE': 2, 'SBX_MNUF': 1, 'UC_MPOLY': 3, 'UC_NONE': 2, 'SPC_NONE': 1}"
20,12,SPC,NONE,0.6719358463906836,0.0293330121873042,451197615.36,479204221.3658611,1367026.08,1389464.8111304415,0.7313069080270342,0.0004786824140448,0.02,0.0,GREEDY_HV,"['SPC_MBFLIP', 'SPC_MNUF', 'SPC_MPOLY', 'TPC_NONE', 'SBX_MNUF', 'UC_MPOLY', 'UC_MPOLY', 'UC_NONE', 'UC_NONE', 'UC_MPOLY', 'TPC_NONE', 'SPC_NONE', 'SPC_NONE']","{'SPC_MNUF': 1, 'SPC_MPOLY': 1, 'TPC_NONE': 2, 'SBX_MNUF': 1, 'UC_MPOLY': 3, 'UC_NONE': 2, 'SPC_NONE': 2}"
20,13,UC,NONE,0.6756615424929876,0.0281352255600595,443851264.0,508592517.112072,1443561.12,1487229.4745255774,0.7315547344456992,0.0002478264186649,0.07,0.0,GREEDY_HV,"['SPC_MBFLIP', 'SPC_MNUF', 'SPC_MPOLY', 'TPC_NONE', 'SBX_MNUF', 'UC_MPOLY', 'UC_MPOLY', 'UC_NONE', 'UC_NONE', 'UC_MPOLY', 'TPC_NONE', 'SPC_NONE', 'SPC_NONE', 'UC_NONE']","{'SPC_MNUF': 1, 'SPC_MPOLY': 1, 'TPC_NONE': 2, 'SBX_MNUF': 1, 'UC_MPOLY': 3, 'UC_NONE': 3, 'SPC_NONE': 2}"
20,14,TPC,NONE,0.6797206663036343,0.0269623624702047,454862033.92,462503010.8116565,1563449.76,1415207.0790615843,0.7334898036728459,0.0019350692271467,0.05,0.0,GREEDY_HV,"['SPC_MBFLIP', 'SPC_MNUF', 'SPC_MPOLY', 'TPC_NONE', 'SBX_MNUF', 'UC_MPOLY', 'UC_MPOLY', 'UC_NONE', 'UC_NONE', 'UC_MPOLY', 'TPC_NONE', 'SPC_NONE', 'SPC_NONE', 'UC_NONE', 'TPC_NONE']","{'SPC_MNUF': 1, 'SPC_MPOLY': 1, 'TPC_NONE': 3, 'SBX_MNUF': 1, 'UC_MPOLY': 3, 'UC_NONE': 3, 'SPC_NONE': 2}"
20,15,SPC,NONE,0.6811461206898354,0.0277083306308723,511764858.88,526851343.83646464,1769934.24,1644278.748227934,0.733704671280918,0.0002148676080721,0.01,0.0,GREEDY_HV,"['SPC_MBFLIP', 'SPC_MNUF', 'SPC_MPOLY', 'TPC_NONE', 'SBX_MNUF', 'UC_MPOLY', 'UC_MPOLY', 'UC_NONE', 'UC_NONE', 'UC_MPOLY', 'TPC_NONE', 'SPC_NONE', 'SPC_NONE', 'UC_NONE', 'TPC_NONE', 'SPC_NONE']","{'SPC_MNUF': 1, 'SPC_MPOLY': 1, 'TPC_NONE': 3, 'SBX_MNUF': 1, 'UC_MPOLY': 3, 'UC_NONE': 3, 'SPC_NONE': 3}"
20,16,UC,MPOLY,0.6813538423306812,0.0282448794212983,508660360.96,525036117.7901335,1772870.56,1638511.1094180131,0.7340236460167884,0.0003189747358703,0.03,0.01,GREEDY_HV,"['SPC_MBFLIP', 'SPC_MNUF', 'SPC_MPOLY', 'TPC_NONE', 'SBX_MNUF', 'UC_MPOLY', 'UC_MPOLY', 'UC_NONE', 'UC_NONE', 'UC_MPOLY', 'TPC_NONE', 'SPC_NONE', 'SPC_NONE', 'UC_NONE', 'TPC_NONE', 'SPC_NONE', 'UC_MPOLY']","{'SPC_MNUF': 1, 'SPC_MPOLY': 1, 'TPC_NONE': 3, 'SBX_MNUF': 1, 'UC_MPOLY': 4, 'UC_NONE': 3, 'SPC_NONE': 3}"
20,17,TPC,NONE,0.6804412859525959,0.0299713954087501,493685122.56,484284050.5297499,1834299.04,1711056.8741690023,0.7345841759530919,0.0005605299363035,0.02,0.0,GREEDY_HV,"['SPC_MBFLIP', 'SPC_MNUF', 'SPC_MPOLY', 'TPC_NONE', 'SBX_MNUF', 'UC_MPOLY', 'UC_MPOLY', 'UC_NONE', 'UC_NONE', 'UC_MPOLY', 'TPC_NONE', 'SPC_NONE', 'SPC_NONE', 'UC_NONE', 'TPC_NONE', 'SPC_NONE', 'UC_MPOLY', 'TPC_NONE']","{'SPC_MNUF': 1, 'SPC_MPOLY': 1, 'TPC_NONE': 4, 'SBX_MNUF': 1, 'UC_MPOLY': 4, 'UC_NONE': 3, 'SPC_NONE': 3}"
20,18,TPC,MPOLY,0.6794581590323752,0.0309885192102111,499298186.24,496619717.0428044,1909828.0,1816561.9216929104,0.7360028251514462,0.0014186491983543,0.01,0.01,GREEDY_HV,"['SPC_MBFLIP', 'SPC_MNUF', 'SPC_MPOLY', 'TPC_NONE', 'SBX_MNUF', 'UC_MPOLY', 'UC_MPOLY', 'UC_NONE', 'UC_NONE', 'UC_MPOLY', 'TPC_NONE', 'SPC_NONE', 'SPC_NONE', 'UC_NONE', 'TPC_NONE', 'SPC_NONE', 'UC_MPOLY', 'TPC_NONE', 'TPC_MPOLY']","{'SPC_MNUF': 1, 'SPC_MPOLY': 1, 'TPC_NONE': 4, 'SBX_MNUF': 1, 'UC_MPOLY': 4, 'UC_NONE': 3, 'SPC_NONE': 3, 'TPC_MPOLY': 1}"
20,19,UC,NONE,0.6797918186591992,0.0314143224220172,478707233.28,421913135.9736856,1969756.32,1888942.2996893628,0.7363086053828671,0.0003057802314209,0.0,0.0,GREEDY_HV,"['SPC_MBFLIP', 'SPC_MNUF', 'SPC_MPOLY', 'TPC_NONE', 'SBX_MNUF', 'UC_MPOLY', 'UC_MPOLY', 'UC_NONE', 'UC_NONE', 'UC_MPOLY', 'TPC_NONE', 'SPC_NONE', 'SPC_NONE', 'UC_NONE', 'TPC_NONE', 'SPC_NONE', 'UC_MPOLY', 'TPC_NONE', 'TPC_MPOLY', 'UC_NONE']","{'SPC_MNUF': 1, 'SPC_MPOLY': 1, 'TPC_NONE': 4, 'SBX_MNUF': 1, 'UC_MPOLY': 4, 'UC_NONE': 4, 'SPC_NONE': 3, 'TPC_MPOLY': 1}"
20,20,SPC,NONE,0.6829327888908652,0.0306632159299224,486439738.88,392727413.8531224,2252312.48,1951075.6181968767,0.7364313593441174,0.0001227539612502,0.02,0.0,GREEDY_HV,"['SPC_MBFLIP', 'SPC_MNUF', 'SPC_MPOLY', 'TPC_NONE', 'SBX_MNUF', 'UC_MPOLY', 'UC_MPOLY', 'UC_NONE', 'UC_NONE', 'UC_MPOLY', 'TPC_NONE', 'SPC_NONE', 'SPC_NONE', 'UC_NONE', 'TPC_NONE', 'SPC_NONE', 'UC_MPOLY', 'TPC_NONE', 'TPC_MPOLY', 'UC_NONE', 'SPC_NONE']","{'SPC_MNUF': 1, 'SPC_MPOLY': 1, 'TPC_NONE': 4, 'SBX_MNUF': 1, 'UC_MPOLY': 4, 'UC_NONE': 4, 'SPC_NONE': 4, 'TPC_MPOLY': 1}"
20,21,TPC,NONE,0.6836898054987733,0.0301048291291011,498338408.96,417934069.9625881,2278395.04,1974679.8962763865,0.7365621517921234,0.0001307924480059,0.02,0.0,GREEDY_HV,"['SPC_MBFLIP', 'SPC_MNUF', 'SPC_MPOLY', 'TPC_NONE', 'SBX_MNUF', 'UC_MPOLY', 'UC_MPOLY', 'UC_NONE', 'UC_NONE', 'UC_MPOLY', 'TPC_NONE', 'SPC_NONE', 'SPC_NONE', 'UC_NONE', 'TPC_NONE', 'SPC_NONE', 'UC_MPOLY', 'TPC_NONE', 'TPC_MPOLY', 'UC_NONE', 'SPC_NONE', 'TPC_NONE']","{'SPC_MNUF': 1, 'SPC_MPOLY': 1, 'TPC_NONE': 5, 'SBX_MNUF': 1, 'UC_MPOLY': 4, 'UC_NONE': 4, 'SPC_NONE': 4, 'TPC_MPOLY': 1}"
20,22,UC,NONE,0.6840211807683616,0.0304175257329704,518183354.88,439676911.2885318,2284172.96,1999366.1861419275,0.7366296898700033,6.753807787995836e-05,0.02,0.0,GREEDY_HV,"['SPC_MBFLIP', 'SPC_MNUF', 'SPC_MPOLY', 'TPC_NONE', 'SBX_MNUF', 'UC_MPOLY', 'UC_MPOLY', 'UC_NONE', 'UC_NONE', 'UC_MPOLY', 'TPC_NONE', 'SPC_NONE', 'SPC_NONE', 'UC_NONE', 'TPC_NONE', 'SPC_NONE', 'UC_MPOLY', 'TPC_NONE', 'TPC_MPOLY', 'UC_NONE', 'SPC_NONE', 'TPC_NONE', 'UC_NONE']","{'SPC_MNUF': 1, 'SPC_MPOLY': 1, 'TPC_NONE': 5, 'SBX_MNUF': 1, 'UC_MPOLY': 4, 'UC_NONE': 5, 'SPC_NONE': 4, 'TPC_MPOLY': 1}"
20,23,SPC,NONE,0.6841640182563695,0.0306545904988389,533518584.32,451346003.98854566,2302387.36,1983654.942218145,0.7366593017216446,2.961185164129798e-05,0.0,0.0,GREEDY_HV,"['SPC_MBFLIP', 'SPC_MNUF', 'SPC_MPOLY', 'TPC_NONE', 'SBX_MNUF', 'UC_MPOLY', 'UC_MPOLY', 'UC_NONE', 'UC_NONE', 'UC_MPOLY', 'TPC_NONE', 'SPC_NONE', 'SPC_NONE', 'UC_NONE', 'TPC_NONE', 'SPC_NONE', 'UC_MPOLY', 'TPC_NONE', 'TPC_MPOLY', 'UC_NONE', 'SPC_NONE', 'TPC_NONE', 'UC_NONE', 'SPC_NONE']","{'SPC_MNUF': 1, 'SPC_MPOLY': 1, 'TPC_NONE': 5, 'SBX_MNUF': 1, 'UC_MPOLY': 4, 'UC_NONE': 5, 'SPC_NONE': 5, 'TPC_MPOLY': 1}"
20,24,SPC,NONE,0.6841390019316433,0.0311212315645071,547387927.04,458908871.4581979,2362146.72,1989162.3831568,0.7366831684804377,2.3866758793067436e-05,0.01,0.0,GREEDY_HV,"['SPC_MBFLIP', 'SPC_MNUF', 'SPC_MPOLY', 'TPC_NONE', 'SBX_MNUF', 'UC_MPOLY', 'UC_MPOLY', 'UC_NONE', 'UC_NONE', 'UC_MPOLY', 'TPC_NONE', 'SPC_NONE', 'SPC_NONE', 'UC_NONE', 'TPC_NONE', 'SPC_NONE', 'UC_MPOLY', 'TPC_NONE', 'TPC_MPOLY', 'UC_NONE', 'SPC_NONE', 'TPC_NONE', 'UC_NONE', 'SPC_NONE', 'SPC_NONE']","{'SPC_MNUF': 1, 'SPC_MPOLY': 1, 'TPC_NONE': 5, 'SBX_MNUF': 1, 'UC_MPOLY': 4, 'UC_NONE': 5, 'SPC_NONE': 6, 'TPC_MPOLY': 1}"
20,25,TPC,NONE,0.6846577709923062,0.0308444413975427,530174594.56,443990620.3585941,2421817.76,2047311.0489221765,0.7367298308815382,4.666240110051678e-05,0.01,0.0,GREEDY_HV,"['SPC_MBFLIP', 'SPC_MNUF', 'SPC_MPOLY', 'TPC_NONE', 'SBX_MNUF', 'UC_MPOLY', 'UC_MPOLY', 'UC_NONE', 'UC_NONE', 'UC_MPOLY', 'TPC_NONE', 'SPC_NONE', 'SPC_NONE', 'UC_NONE', 'TPC_NONE', 'SPC_NONE', 'UC_MPOLY', 'TPC_NONE', 'TPC_MPOLY', 'UC_NONE', 'SPC_NONE', 'TPC_NONE', 'UC_NONE', 'SPC_NONE', 'SPC_NONE', 'TPC_NONE']","{'SPC_MNUF': 1, 'SPC_MPOLY': 1, 'TPC_NONE': 6, 'SBX_MNUF': 1, 'UC_MPOLY': 4, 'UC_NONE': 5, 'SPC_NONE': 6, 'TPC_MPOLY': 1}"
20,26,UC,NONE,0.6842512509732903,0.0316689314941917,556224908.8,460760681.22043335,2425310.88,2072793.6738199168,0.7367538006774744,2.39697959362184e-05,0.01,0.0,GREEDY_HV,"['SPC_MBFLIP', 'SPC_MNUF', 'SPC_MPOLY', 'TPC_NONE', 'SBX_MNUF', 'UC_MPOLY', 'UC_MPOLY', 'UC_NONE', 'UC_NONE', 'UC_MPOLY', 'TPC_NONE', 'SPC_NONE', 'SPC_NONE', 'UC_NONE', 'TPC_NONE', 'SPC_NONE', 'UC_MPOLY', 'TPC_NONE', 'TPC_MPOLY', 'UC_NONE', 'SPC_NONE', 'TPC_NONE', 'UC_NONE', 'SPC_NONE', 'SPC_NONE', 'TPC_NONE', 'UC_NONE']","{'SPC_MNUF': 1, 'SPC_MPOLY': 1, 'TPC_NONE': 6, 'SBX_MNUF': 1, 'UC_MPOLY': 4, 'UC_NONE': 6, 'SPC_NONE': 6, 'TPC_MPOLY': 1}"
20,27,SPC,NONE,0.6849299278350881,0.0316592291528338,545450012.16,449915476.2377163,2445478.56,2061349.1329376705,0.7367649077082401,1.1107030765677983e-05,0.0,0.0,GREEDY_HV,"['SPC_MBFLIP', 'SPC_MNUF', 'SPC_MPOLY', 'TPC_NONE', 'SBX_MNUF', 'UC_MPOLY', 'UC_MPOLY', 'UC_NONE', 'UC_NONE', 'UC_MPOLY', 'TPC_NONE', 'SPC_NONE', 'SPC_NONE', 'UC_NONE', 'TPC_NONE', 'SPC_NONE', 'UC_MPOLY', 'TPC_NONE', 'TPC_MPOLY', 'UC_NONE', 'SPC_NONE', 'TPC_NONE', 'UC_NONE', 'SPC_NONE', 'SPC_NONE', 'TPC_NONE', 'UC_NONE', 'SPC_NONE']","{'SPC_MNUF': 1, 'SPC_MPOLY': 1, 'TPC_NONE': 6, 'SBX_MNUF': 1, 'UC_MPOLY': 4, 'UC_NONE': 6, 'SPC_NONE': 7, 'TPC_MPOLY': 1}"
20,28,UC,NONE,0.6843596164285073,0.0320498515826741,536644334.08,445317242.32259256,2401680.8,2042401.8267742705,0.7367764155203804,1.150781214032115e-05,0.0,0.0,GREEDY_HV,"['SPC_MBFLIP', 'SPC_MNUF', 'SPC_MPOLY', 'TPC_NONE', 'SBX_MNUF', 'UC_MPOLY', 'UC_MPOLY', 'UC_NONE', 'UC_NONE', 'UC_MPOLY', 'TPC_NONE', 'SPC_NONE', 'SPC_NONE', 'UC_NONE', 'TPC_NONE', 'SPC_NONE', 'UC_MPOLY', 'TPC_NONE', 'TPC_MPOLY', 'UC_NONE', 'SPC_NONE', 'TPC_NONE', 'UC_NONE', 'SPC_NONE', 'SPC_NONE', 'TPC_NONE', 'UC_NONE', 'SPC_NONE', 'UC_NONE']","{'SPC_MNUF': 1, 'SPC_MPOLY': 1, 'TPC_NONE': 6, 'SBX_MNUF': 1, 'UC_MPOLY': 4, 'UC_NONE': 7, 'SPC_NONE': 7, 'TPC_MPOLY': 1}"
20,29,UC,NONE,0.6842242160474205,0.0320845279638393,542527449.6,447507450.3537952,2420024.48,2073720.453407761,0.736791594397691,1.5178877310617622e-05,0.01,0.0,GREEDY_HV,"['SPC_MBFLIP', 'SPC_MNUF', 'SPC_MPOLY', 'TPC_NONE', 'SBX_MNUF', 'UC_MPOLY', 'UC_MPOLY', 'UC_NONE', 'UC_NONE', 'UC_MPOLY', 'TPC_NONE', 'SPC_NONE', 'SPC_NONE', 'UC_NONE', 'TPC_NONE', 'SPC_NONE', 'UC_MPOLY', 'TPC_NONE', 'TPC_MPOLY', 'UC_NONE', 'SPC_NONE', 'TPC_NONE', 'UC_NONE', 'SPC_NONE', 'SPC_NONE', 'TPC_NONE', 'UC_NONE', 'SPC_NONE', 'UC_NONE', 'UC_NONE']","{'SPC_MNUF': 1, 'SPC_MPOLY': 1, 'TPC_NONE': 6, 'SBX_MNUF': 1, 'UC_MPOLY': 4, 'UC_NONE': 8, 'SPC_NONE': 7, 'TPC_MPOLY': 1}"
20,30,UC,NONE,0.6861388564588712,0.0319288654367732,584833103.36,457393279.4913663,2575428.0,2096994.7976529845,0.7368278054804478,3.621108275675411e-05,0.01,0.0,GREEDY_HV,"['SPC_MBFLIP', 'SPC_MNUF', 'SPC_MPOLY', 'TPC_NONE', 'SBX_MNUF', 'UC_MPOLY', 'UC_MPOLY', 'UC_NONE', 'UC_NONE', 'UC_MPOLY', 'TPC_NONE', 'SPC_NONE', 'SPC_NONE', 'UC_NONE', 'TPC_NONE', 'SPC_NONE', 'UC_MPOLY', 'TPC_NONE', 'TPC_MPOLY', 'UC_NONE', 'SPC_NONE', 'TPC_NONE', 'UC_NONE', 'SPC_NONE', 'SPC_NONE', 'TPC_NONE', 'UC_NONE', 'SPC_NONE', 'UC_NONE', 'UC_NONE', 'UC_NONE']","{'SPC_MNUF': 1, 'SPC_MPOLY': 1, 'TPC_NONE': 6, 'SBX_MNUF': 1, 'UC_MPOLY': 4, 'UC_NONE': 9, 'SPC_NONE': 7, 'TPC_MPOLY': 1}"
20,31,SPC,NONE,0.6864671431182923,0.0322204691599216,605136202.24,459921549.1804299,2599207.84,2105118.095152891,0.7368636115768255,3.5806096377655194e-05,0.0,0.0,GREEDY_HV,"['SPC_MBFLIP', 'SPC_MNUF', 'SPC_MPOLY', 'TPC_NONE', 'SBX_MNUF', 'UC_MPOLY', 'UC_MPOLY', 'UC_NONE', 'UC_NONE', 'UC_MPOLY', 'TPC_NONE', 'SPC_NONE', 'SPC_NONE', 'UC_NONE', 'TPC_NONE', 'SPC_NONE', 'UC_MPOLY', 'TPC_NONE', 'TPC_MPOLY', 'UC_NONE', 'SPC_NONE', 'TPC_NONE', 'UC_NONE', 'SPC_NONE', 'SPC_NONE', 'TPC_NONE', 'UC_NONE', 'SPC_NONE', 'UC_NONE', 'UC_NONE', 'UC_NONE', 'SPC_NONE']","{'SPC_MNUF': 1, 'SPC_MPOLY': 1, 'TPC_NONE': 6, 'SBX_MNUF': 1, 'UC_MPOLY': 4, 'UC_NONE': 9, 'SPC_NONE': 8, 'TPC_MPOLY': 1}"
20,32,SPC,NONE,0.6871882644670079,0.0321373751682507,627530442.24,460023895.8738044,2623873.44,2110307.498426712,0.736861715652743,-1.8959240823956949e-06,0.0,0.0,GREEDY_HV,"['SPC_MBFLIP', 'SPC_MNUF', 'SPC_MPOLY', 'TPC_NONE', 'SBX_MNUF', 'UC_MPOLY', 'UC_MPOLY', 'UC_NONE', 'UC_NONE', 'UC_MPOLY', 'TPC_NONE', 'SPC_NONE', 'SPC_NONE', 'UC_NONE', 'TPC_NONE', 'SPC_NONE', 'UC_MPOLY', 'TPC_NONE', 'TPC_MPOLY', 'UC_NONE', 'SPC_NONE', 'TPC_NONE', 'UC_NONE', 'SPC_NONE', 'SPC_NONE', 'TPC_NONE', 'UC_NONE', 'SPC_NONE', 'UC_NONE', 'UC_NONE', 'UC_NONE', 'SPC_NONE', 'SPC_NONE']","{'SPC_MNUF': 1, 'SPC_MPOLY': 1, 'TPC_NONE': 6, 'SBX_MNUF': 1, 'UC_MPOLY': 4, 'UC_NONE': 9, 'SPC_NONE': 9, 'TPC_MPOLY': 1}"
20,33,SBX,NONE,0.6873566849756374,0.0319973932006022,622304294.4,451587014.643922,2669767.84,2065592.487949308,0.736906097412624,4.43817598809737e-05,0.01,0.0,GREEDY_HV,"['SPC_MBFLIP', 'SPC_MNUF', 'SPC_MPOLY', 'TPC_NONE', 'SBX_MNUF', 'UC_MPOLY', 'UC_MPOLY', 'UC_NONE', 'UC_NONE', 'UC_MPOLY', 'TPC_NONE', 'SPC_NONE', 'SPC_NONE', 'UC_NONE', 'TPC_NONE', 'SPC_NONE', 'UC_MPOLY', 'TPC_NONE', 'TPC_MPOLY', 'UC_NONE', 'SPC_NONE', 'TPC_NONE', 'UC_NONE', 'SPC_NONE', 'SPC_NONE', 'TPC_NONE', 'UC_NONE', 'SPC_NONE', 'UC_NONE', 'UC_NONE', 'UC_NONE', 'SPC_NONE', 'SPC_NONE', 'SBX_NONE']","{'SPC_MNUF': 1, 'SPC_MPOLY': 1, 'TPC_NONE': 6, 'SBX_MNUF': 1, 'UC_MPOLY': 4, 'UC_NONE': 9, 'SPC_NONE': 9, 'TPC_MPOLY': 1, 'SBX_NONE': 1}"
20,34,TPC,NONE,0.6877587467318043,0.0323296129580699,650077765.12,465969818.5292321,2689230.24,2080923.8309408117,0.7369351916684654,2.90942558414109e-05,0.0,0.0,GREEDY_HV,"['SPC_MBFLIP', 'SPC_MNUF', 'SPC_MPOLY', 'TPC_NONE', 'SBX_MNUF', 'UC_MPOLY', 'UC_MPOLY', 'UC_NONE', 'UC_NONE', 'UC_MPOLY', 'TPC_NONE', 'SPC_NONE', 'SPC_NONE', 'UC_NONE', 'TPC_NONE', 'SPC_NONE', 'UC_MPOLY', 'TPC_NONE', 'TPC_MPOLY', 'UC_NONE', 'SPC_NONE', 'TPC_NONE', 'UC_NONE', 'SPC_NONE', 'SPC_NONE', 'TPC_NONE', 'UC_NONE', 'SPC_NONE', 'UC_NONE', 'UC_NONE', 'UC_NONE', 'SPC_NONE', 'SPC_NONE', 'SBX_NONE', 'TPC_NONE']","{'SPC_MNUF': 1, 'SPC_MPOLY': 1, 'TPC_NONE': 7, 'SBX_MNUF': 1, 'UC_MPOLY': 4, 'UC_NONE': 9, 'SPC_NONE': 9, 'TPC_MPOLY': 1, 'SBX_NONE': 1}"
20,35,SPC,NONE,0.6873722185914272,0.0321779647582149,629623969.28,465787510.29000014,2804455.84,2136356.558562108,0.7369421710247581,6.979356292680095e-06,0.0,0.0,GREEDY_HV,"['SPC_MBFLIP', 'SPC_MNUF', 'SPC_MPOLY', 'TPC_NONE', 'SBX_MNUF', 'UC_MPOLY', 'UC_MPOLY', 'UC_NONE', 'UC_NONE', 'UC_MPOLY', 'TPC_NONE', 'SPC_NONE', 'SPC_NONE', 'UC_NONE', 'TPC_NONE', 'SPC_NONE', 'UC_MPOLY', 'TPC_NONE', 'TPC_MPOLY', 'UC_NONE', 'SPC_NONE', 'TPC_NONE', 'UC_NONE', 'SPC_NONE', 'SPC_NONE', 'TPC_NONE', 'UC_NONE', 'SPC_NONE', 'UC_NONE', 'UC_NONE', 'UC_NONE', 'SPC_NONE', 'SPC_NONE', 'SBX_NONE', 'TPC_NONE', 'SPC_NONE']","{'SPC_MNUF': 1, 'SPC_MPOLY': 1, 'TPC_NONE': 7, 'SBX_MNUF': 1, 'UC_MPOLY': 4, 'UC_NONE': 9, 'SPC_NONE': 10, 'TPC_MPOLY': 1, 'SBX_NONE': 1}"
20,36,TPC,NONE,0.6871772612961238,0.0322527761271513,630393530.88,471386309.7505985,2744330.4,2154042.7985699456,0.736944560666346,2.3896415878299493e-06,0.0,0.0,GREEDY_HV,"['SPC_MBFLIP', 'SPC_MNUF', 'SPC_MPOLY', 'TPC_NONE', 'SBX_MNUF', 'UC_MPOLY', 'UC_MPOLY', 'UC_NONE', 'UC_NONE', 'UC_MPOLY', 'TPC_NONE', 'SPC_NONE', 'SPC_NONE', 'UC_NONE', 'TPC_NONE', 'SPC_NONE', 'UC_MPOLY', 'TPC_NONE', 'TPC_MPOLY', 'UC_NONE', 'SPC_NONE', 'TPC_NONE', 'UC_NONE', 'SPC_NONE', 'SPC_NONE', 'TPC_NONE', 'UC_NONE', 'SPC_NONE', 'UC_NONE', 'UC_NONE', 'UC_NONE', 'SPC_NONE', 'SPC_NONE', 'SBX_NONE', 'TPC_NONE', 'SPC_NONE', 'TPC_NONE']","{'SPC_MNUF': 1, 'SPC_MPOLY': 1, 'TPC_NONE': 8, 'SBX_MNUF': 1, 'UC_MPOLY': 4, 'UC_NONE': 9, 'SPC_NONE': 10, 'TPC_MPOLY': 1, 'SBX_NONE': 1}"
20,37,SPC,NONE,0.6884560758351894,0.0320814676269783,641821386.24,468499225.1666231,2906438.56,2129963.3080870123,0.7368694215449771,-7.513912136880574e-05,0.0,0.0,GREEDY_HV,"['SPC_MBFLIP', 'SPC_MNUF', 'SPC_MPOLY', 'TPC_NONE', 'SBX_MNUF', 'UC_MPOLY', 'UC_MPOLY', 'UC_NONE', 'UC_NONE', 'UC_MPOLY', 'TPC_NONE', 'SPC_NONE', 'SPC_NONE', 'UC_NONE', 'TPC_NONE', 'SPC_NONE', 'UC_MPOLY', 'TPC_NONE', 'TPC_MPOLY', 'UC_NONE', 'SPC_NONE', 'TPC_NONE', 'UC_NONE', 'SPC_NONE', 'SPC_NONE', 'TPC_NONE', 'UC_NONE', 'SPC_NONE', 'UC_NONE', 'UC_NONE', 'UC_NONE', 'SPC_NONE', 'SPC_NONE', 'SBX_NONE', 'TPC_NONE', 'SPC_NONE', 'TPC_NONE', 'SPC_NONE']","{'SPC_MNUF': 1, 'SPC_MPOLY': 1, 'TPC_NONE': 8, 'SBX_MNUF': 1, 'UC_MPOLY': 4, 'UC_NONE': 9, 'SPC_NONE': 11, 'TPC_MPOLY': 1, 'SBX_NONE': 1}"
20,38,TPC,NONE,0.6877156284689576,0.032597014029675,655773678.08,474303305.6014585,2795558.56,2157596.630923845,0.7369158608678135,4.643932283632246e-05,0.0,0.0,GREEDY_HV,"['SPC_MBFLIP', 'SPC_MNUF', 'SPC_MPOLY', 'TPC_NONE', 'SBX_MNUF', 'UC_MPOLY', 'UC_MPOLY', 'UC_NONE', 'UC_NONE', 'UC_MPOLY', 'TPC_NONE', 'SPC_NONE', 'SPC_NONE', 'UC_NONE', 'TPC_NONE', 'SPC_NONE', 'UC_MPOLY', 'TPC_NONE', 'TPC_MPOLY', 'UC_NONE', 'SPC_NONE', 'TPC_NONE', 'UC_NONE', 'SPC_NONE', 'SPC_NONE', 'TPC_NONE', 'UC_NONE', 'SPC_NONE', 'UC_NONE', 'UC_NONE', 'UC_NONE', 'SPC_NONE', 'SPC_NONE', 'SBX_NONE', 'TPC_NONE', 'SPC_NONE', 'TPC_NONE', 'SPC_NONE', 'TPC_NONE']","{'SPC_MNUF': 1, 'SPC_MPOLY': 1, 'TPC_NONE': 9, 'SBX_MNUF': 1, 'UC_MPOLY': 4, 'UC_NONE': 9, 'SPC_NONE': 11, 'TPC_MPOLY': 1, 'SBX_NONE': 1}"
20,39,SPC,NONE,0.6876961200960371,0.0324039028803306,654722869.76,476744641.9338773,2760371.36,2156175.5626222813,0.7369099009831861,-5.959884627371181e-06,0.0,0.0,GREEDY_HV,"['SPC_MBFLIP', 'SPC_MNUF', 'SPC_MPOLY', 'TPC_NONE', 'SBX_MNUF', 'UC_MPOLY', 'UC_MPOLY', 'UC_NONE', 'UC_NONE', 'UC_MPOLY', 'TPC_NONE', 'SPC_NONE', 'SPC_NONE', 'UC_NONE', 'TPC_NONE', 'SPC_NONE', 'UC_MPOLY', 'TPC_NONE', 'TPC_MPOLY', 'UC_NONE', 'SPC_NONE', 'TPC_NONE', 'UC_NONE', 'SPC_NONE', 'SPC_NONE', 'TPC_NONE', 'UC_NONE', 'SPC_NONE', 'UC_NONE', 'UC_NONE', 'UC_NONE', 'SPC_NONE', 'SPC_NONE', 'SBX_NONE', 'TPC_NONE', 'SPC_NONE', 'TPC_NONE', 'SPC_NONE', 'TPC_NONE', 'SPC_NONE']","{'SPC_MNUF': 1, 'SPC_MPOLY': 1, 'TPC_NONE': 9, 'SBX_MNUF': 1, 'UC_MPOLY': 4, 'UC_NONE': 9, 'SPC_NONE': 12, 'TPC_MPOLY': 1, 'SBX_NONE': 1}"
20,40,UC,NONE,0.6873854542814359,0.0325654853625459,648804103.68,482287638.315578,2780400.8,2145427.978858111,0.7368904831197619,-1.941786342418705e-05,0.0,0.0,GREEDY_HV,"['SPC_MBFLIP', 'SPC_MNUF', 'SPC_MPOLY', 'TPC_NONE', 'SBX_MNUF', 'UC_MPOLY', 'UC_MPOLY', 'UC_NONE', 'UC_NONE', 'UC_MPOLY', 'TPC_NONE', 'SPC_NONE', 'SPC_NONE', 'UC_NONE', 'TPC_NONE', 'SPC_NONE', 'UC_MPOLY', 'TPC_NONE', 'TPC_MPOLY', 'UC_NONE', 'SPC_NONE', 'TPC_NONE', 'UC_NONE', 'SPC_NONE', 'SPC_NONE', 'TPC_NONE', 'UC_NONE', 'SPC_NONE', 'UC_NONE', 'UC_NONE', 'UC_NONE', 'SPC_NONE', 'SPC_NONE', 'SBX_NONE', 'TPC_NONE', 'SPC_NONE', 'TPC_NONE', 'SPC_NONE', 'TPC_NONE', 'SPC_NONE', 'UC_NONE']","{'SPC_MNUF': 1, 'SPC_MPOLY': 1, 'TPC_NONE': 9, 'SBX_MNUF': 1, 'UC_MPOLY': 4, 'UC_NONE': 10, 'SPC_NONE': 12, 'TPC_MPOLY': 1, 'SBX_NONE': 1}"
20,41,UC,NONE,0.6884865657876866,0.032547638067847,668145062.4,473010708.8110392,2856473.76,2136737.9826969006,0.7368661399418149,-2.434317794697272e-05,0.0,0.0,GREEDY_HV,"['SPC_MBFLIP', 'SPC_MNUF', 'SPC_MPOLY', 'TPC_NONE', 'SBX_MNUF', 'UC_MPOLY', 'UC_MPOLY', 'UC_NONE', 'UC_NONE', 'UC_MPOLY', 'TPC_NONE', 'SPC_NONE', 'SPC_NONE', 'UC_NONE', 'TPC_NONE', 'SPC_NONE', 'UC_MPOLY', 'TPC_NONE', 'TPC_MPOLY', 'UC_NONE', 'SPC_NONE', 'TPC_NONE', 'UC_NONE', 'SPC_NONE', 'SPC_NONE', 'TPC_NONE', 'UC_NONE', 'SPC_NONE', 'UC_NONE', 'UC_NONE', 'UC_NONE', 'SPC_NONE', 'SPC_NONE', 'SBX_NONE', 'TPC_NONE', 'SPC_NONE', 'TPC_NONE', 'SPC_NONE', 'TPC_NONE', 'SPC_NONE', 'UC_NONE', 'UC_NONE']","{'SPC_MNUF': 1, 'SPC_MPOLY': 1, 'TPC_NONE': 9, 'SBX_MNUF': 1, 'UC_MPOLY': 4, 'UC_NONE': 11, 'SPC_NONE': 12, 'TPC_MPOLY': 1, 'SBX_NONE': 1}"
20,42,SPC,NONE,0.6877066112490389,0.0325466356300349,662662832.64,478529194.689813,2809461.92,2139168.93864693,0.7368841796472414,1.8039705426464717e-05,0.0,0.0,GREEDY_HV,"['SPC_MBFLIP', 'SPC_MNUF', 'SPC_MPOLY', 'TPC_NONE', 'SBX_MNUF', 'UC_MPOLY', 'UC_MPOLY', 'UC_NONE', 'UC_NONE', 'UC_MPOLY', 'TPC_NONE', 'SPC_NONE', 'SPC_NONE', 'UC_NONE', 'TPC_NONE', 'SPC_NONE', 'UC_MPOLY', 'TPC_NONE', 'TPC_MPOLY', 'UC_NONE', 'SPC_NONE', 'TPC_NONE', 'UC_NONE', 'SPC_NONE', 'SPC_NONE', 'TPC_NONE', 'UC_NONE', 'SPC_NONE', 'UC_NONE', 'UC_NONE', 'UC_NONE', 'SPC_NONE', 'SPC_NONE', 'SBX_NONE', 'TPC_NONE', 'SPC_NONE', 'TPC_NONE', 'SPC_NONE', 'TPC_NONE', 'SPC_NONE', 'UC_NONE', 'UC_NONE', 'SPC_NONE']","{'SPC_MNUF': 1, 'SPC_MPOLY': 1, 'TPC_NONE': 9, 'SBX_MNUF': 1, 'UC_MPOLY': 4, 'UC_NONE': 11, 'SPC_NONE': 13, 'TPC_MPOLY': 1, 'SBX_NONE': 1}"
20,43,TPC,NONE,0.6884615407145066,0.0324995151854068,670663723.52,473626150.4979688,2849100.96,2122454.330185966,0.7368952721365085,1.1092489267117143e-05,0.0,0.0,GREEDY_HV,"['SPC_MBFLIP', 'SPC_MNUF', 'SPC_MPOLY', 'TPC_NONE', 'SBX_MNUF', 'UC_MPOLY', 'UC_MPOLY', 'UC_NONE', 'UC_NONE', 'UC_MPOLY', 'TPC_NONE', 'SPC_NONE', 'SPC_NONE', 'UC_NONE', 'TPC_NONE', 'SPC_NONE', 'UC_MPOLY', 'TPC_NONE', 'TPC_MPOLY', 'UC_NONE', 'SPC_NONE', 'TPC_NONE', 'UC_NONE', 'SPC_NONE', 'SPC_NONE', 'TPC_NONE', 'UC_NONE', 'SPC_NONE', 'UC_NONE', 'UC_NONE', 'UC_NONE', 'SPC_NONE', 'SPC_NONE', 'SBX_NONE', 'TPC_NONE', 'SPC_NONE', 'TPC_NONE', 'SPC_NONE', 'TPC_NONE', 'SPC_NONE', 'UC_NONE', 'UC_NONE', 'SPC_NONE', 'TPC_NONE']","{'SPC_MNUF': 1, 'SPC_MPOLY': 1, 'TPC_NONE': 10, 'SBX_MNUF': 1, 'UC_MPOLY': 4, 'UC_NONE': 11, 'SPC_NONE': 13, 'TPC_MPOLY': 1, 'SBX_NONE': 1}"
20,44,UC,NONE,0.6874257384034462,0.0326298108131814,660357096.96,476009388.5806963,2800741.28,2151162.60127334,0.7368943489265518,-9.23209956704696e-07,0.0,0.0,GREEDY_HV,"['SPC_MBFLIP', 'SPC_MNUF', 'SPC_MPOLY', 'TPC_NONE', 'SBX_MNUF', 'UC_MPOLY', 'UC_MPOLY', 'UC_NONE', 'UC_NONE', 'UC_MPOLY', 'TPC_NONE', 'SPC_NONE', 'SPC_NONE', 'UC_NONE', 'TPC_NONE', 'SPC_NONE', 'UC_MPOLY', 'TPC_NONE', 'TPC_MPOLY', 'UC_NONE', 'SPC_NONE', 'TPC_NONE', 'UC_NONE', 'SPC_NONE', 'SPC_NONE', 'TPC_NONE', 'UC_NONE', 'SPC_NONE', 'UC_NONE', 'UC_NONE', 'UC_NONE', 'SPC_NONE', 'SPC_NONE', 'SBX_NONE', 'TPC_NONE', 'SPC_NONE', 'TPC_NONE', 'SPC_NONE', 'TPC_NONE', 'SPC_NONE', 'UC_NONE', 'UC_NONE', 'SPC_NONE', 'TPC_NONE', 'UC_NONE']","{'SPC_MNUF': 1, 'SPC_MPOLY': 1, 'TPC_NONE': 10, 'SBX_MNUF': 1, 'UC_MPOLY': 4, 'UC_NONE': 12, 'SPC_NONE': 13, 'TPC_MPOLY': 1, 'SBX_NONE': 1}"
20,45,SPC,NONE,0.6886771715105258,0.0327840753844767,685354867.2,471866292.59058267,2960649.12,2151550.8212250685,0.7368928603111677,-1.4886153840709682e-06,0.0,0.0,GREEDY_HV,"['SPC_MBFLIP', 'SPC_MNUF', 'SPC_MPOLY', 'TPC_NONE', 'SBX_MNUF', 'UC_MPOLY', 'UC_MPOLY', 'UC_NONE', 'UC_NONE', 'UC_MPOLY', 'TPC_NONE', 'SPC_NONE', 'SPC_NONE', 'UC_NONE', 'TPC_NONE', 'SPC_NONE', 'UC_MPOLY', 'TPC_NONE', 'TPC_MPOLY', 'UC_NONE', 'SPC_NONE', 'TPC_NONE', 'UC_NONE', 'SPC_NONE', 'SPC_NONE', 'TPC_NONE', 'UC_NONE', 'SPC_NONE', 'UC_NONE', 'UC_NONE', 'UC_NONE', 'SPC_NONE', 'SPC_NONE', 'SBX_NONE', 'TPC_NONE', 'SPC_NONE', 'TPC_NONE', 'SPC_NONE', 'TPC_NONE', 'SPC_NONE', 'UC_NONE', 'UC_NONE', 'SPC_NONE', 'TPC_NONE', 'UC_NONE', 'SPC_NONE']","{'SPC_MNUF': 1, 'SPC_MPOLY': 1, 'TPC_NONE': 10, 'SBX_MNUF': 1, 'UC_MPOLY': 4, 'UC_NONE': 12, 'SPC_NONE': 14, 'TPC_MPOLY': 1, 'SBX_NONE': 1}"
20,46,SPC,NONE,0.6882942280855409,0.0326122650035129,670526036.48,470553426.8174888,2936683.68,2149522.267748826,0.7368763991698049,-1.646114136288901e-05,0.0,0.0,GREEDY_HV,"['SPC_MBFLIP', 'SPC_MNUF', 'SPC_MPOLY', 'TPC_NONE', 'SBX_MNUF', 'UC_MPOLY', 'UC_MPOLY', 'UC_NONE', 'UC_NONE', 'UC_MPOLY', 'TPC_NONE', 'SPC_NONE', 'SPC_NONE', 'UC_NONE', 'TPC_NONE', 'SPC_NONE', 'UC_MPOLY', 'TPC_NONE', 'TPC_MPOLY', 'UC_NONE', 'SPC_NONE', 'TPC_NONE', 'UC_NONE', 'SPC_NONE', 'SPC_NONE', 'TPC_NONE', 'UC_NONE', 'SPC_NONE', 'UC_NONE', 'UC_NONE', 'UC_NONE', 'SPC_NONE', 'SPC_NONE', 'SBX_NONE', 'TPC_NONE', 'SPC_NONE', 'TPC_NONE', 'SPC_NONE', 'TPC_NONE', 'SPC_NONE', 'UC_NONE', 'UC_NONE', 'SPC_NONE', 'TPC_NONE', 'UC_NONE', 'SPC_NONE', 'SPC_NONE']","{'SPC_MNUF': 1, 'SPC_MPOLY': 1, 'TPC_NONE': 10, 'SBX_MNUF': 1, 'UC_MPOLY': 4, 'UC_NONE': 12, 'SPC_NONE': 15, 'TPC_MPOLY': 1, 'SBX_NONE': 1}"
20,47,UC,NONE,0.6881876686576364,0.0326912364090644,665012078.08,471135505.4701639,2954562.72,2141696.5787325064,0.7368693160419525,-7.0831278523586505e-06,0.01,0.0,GREEDY_HV,"['SPC_MBFLIP', 'SPC_MNUF', 'SPC_MPOLY', 'TPC_NONE', 'SBX_MNUF', 'UC_MPOLY', 'UC_MPOLY', 'UC_NONE', 'UC_NONE', 'UC_MPOLY', 'TPC_NONE', 'SPC_NONE', 'SPC_NONE', 'UC_NONE', 'TPC_NONE', 'SPC_NONE', 'UC_MPOLY', 'TPC_NONE', 'TPC_MPOLY', 'UC_NONE', 'SPC_NONE', 'TPC_NONE', 'UC_NONE', 'SPC_NONE', 'SPC_NONE', 'TPC_NONE', 'UC_NONE', 'SPC_NONE', 'UC_NONE', 'UC_NONE', 'UC_NONE', 'SPC_NONE', 'SPC_NONE', 'SBX_NONE', 'TPC_NONE', 'SPC_NONE', 'TPC_NONE', 'SPC_NONE', 'TPC_NONE', 'SPC_NONE', 'UC_NONE', 'UC_NONE', 'SPC_NONE', 'TPC_NONE', 'UC_NONE', 'SPC_NONE', 'SPC_NONE', 'UC_NONE']","{'SPC_MNUF': 1, 'SPC_MPOLY': 1, 'TPC_NONE': 10, 'SBX_MNUF': 1, 'UC_MPOLY': 4, 'UC_NONE': 13, 'SPC_NONE': 15, 'TPC_MPOLY': 1, 'SBX_NONE': 1}"
20,48,TPC,NONE,0.68964080864962,0.0324942160106789,680138626.56,466339469.6941529,2984055.2,2126654.2243454624,0.736732710182496,-0.0001366058594565,0.01,0.0,GREEDY_HV,"['SPC_MBFLIP', 'SPC_MNUF', 'SPC_MPOLY', 'TPC_NONE', 'SBX_MNUF', 'UC_MPOLY', 'UC_MPOLY', 'UC_NONE', 'UC_NONE', 'UC_MPOLY', 'TPC_NONE', 'SPC_NONE', 'SPC_NONE', 'UC_NONE', 'TPC_NONE', 'SPC_NONE', 'UC_MPOLY', 'TPC_NONE', 'TPC_MPOLY', 'UC_NONE', 'SPC_NONE', 'TPC_NONE', 'UC_NONE', 'SPC_NONE', 'SPC_NONE', 'TPC_NONE', 'UC_NONE', 'SPC_NONE', 'UC_NONE', 'UC_NONE', 'UC_NONE', 'SPC_NONE', 'SPC_NONE', 'SBX_NONE', 'TPC_NONE', 'SPC_NONE', 'TPC_NONE', 'SPC_NONE', 'TPC_NONE', 'SPC_NONE', 'UC_NONE', 'UC_NONE', 'SPC_NONE', 'TPC_NONE', 'UC_NONE', 'SPC_NONE', 'SPC_NONE', 'UC_NONE', 'TPC_NONE']","{'SPC_MNUF': 1, 'SPC_MPOLY': 1, 'TPC_NONE': 11, 'SBX_MNUF': 1, 'UC_MPOLY': 4, 'UC_NONE': 13, 'SPC_NONE': 15, 'TPC_MPOLY': 1, 'SBX_NONE': 1}"
20,49,TPC,NONE,0.6889775164489624,0.0324038553746127,676493181.44,469831343.5295043,2945180.32,2134128.063761624,0.736802386376163,6.967619366704536e-05,0.0,0.0,GREEDY_HV,"['SPC_MBFLIP', 'SPC_MNUF', 'SPC_MPOLY', 'TPC_NONE', 'SBX_MNUF', 'UC_MPOLY', 'UC_MPOLY', 'UC_NONE', 'UC_NONE', 'UC_MPOLY', 'TPC_NONE', 'SPC_NONE', 'SPC_NONE', 'UC_NONE', 'TPC_NONE', 'SPC_NONE', 'UC_MPOLY', 'TPC_NONE', 'TPC_MPOLY', 'UC_NONE', 'SPC_NONE', 'TPC_NONE', 'UC_NONE', 'SPC_NONE', 'SPC_NONE', 'TPC_NONE', 'UC_NONE', 'SPC_NONE', 'UC_NONE', 'UC_NONE', 'UC_NONE', 'SPC_NONE', 'SPC_NONE', 'SBX_NONE', 'TPC_NONE', 'SPC_NONE', 'TPC_NONE', 'SPC_NONE', 'TPC_NONE', 'SPC_NONE', 'UC_NONE', 'UC_NONE', 'SPC_NONE', 'TPC_NONE', 'UC_NONE', 'SPC_NONE', 'SPC_NONE', 'UC_NONE', 'TPC_NONE', 'TPC_NONE']","{'SPC_MNUF': 1, 'SPC_MPOLY': 1, 'TPC_NONE': 12, 'SBX_MNUF': 1, 'UC_MPOLY': 4, 'UC_NONE': 13, 'SPC_NONE': 15, 'TPC_MPOLY': 1, 'SBX_NONE': 1}"
20,50,TPC,NONE,0.6899036626350856,0.031924513231933,674489582.08,465644755.9158993,3011102.88,2106230.416112964,0.7368297303683566,2.734399219361805e-05,0.0,0.0,GREEDY_HV,"['SPC_MBFLIP', 'SPC_MNUF', 'SPC_MPOLY', 'TPC_NONE', 'SBX_MNUF', 'UC_MPOLY', 'UC_MPOLY', 'UC_NONE', 'UC_NONE', 'UC_MPOLY', 'TPC_NONE', 'SPC_NONE', 'SPC_NONE', 'UC_NONE', 'TPC_NONE', 'SPC_NONE', 'UC_MPOLY', 'TPC_NONE', 'TPC_MPOLY', 'UC_NONE', 'SPC_NONE', 'TPC_NONE', 'UC_NONE', 'SPC_NONE', 'SPC_NONE', 'TPC_NONE', 'UC_NONE', 'SPC_NONE', 'UC_NONE', 'UC_NONE', 'UC_NONE', 'SPC_NONE', 'SPC_NONE', 'SBX_NONE', 'TPC_NONE', 'SPC_NONE', 'TPC_NONE', 'SPC_NONE', 'TPC_NONE', 'SPC_NONE', 'UC_NONE', 'UC_NONE', 'SPC_NONE', 'TPC_NONE', 'UC_NONE', 'SPC_NONE', 'SPC_NONE', 'UC_NONE', 'TPC_NONE', 'TPC_NONE', 'TPC_NONE']","{'SPC_MNUF': 1, 'SPC_MPOLY': 1, 'TPC_NONE': 13, 'SBX_MNUF': 1, 'UC_MPOLY': 4, 'UC_NONE': 13, 'SPC_NONE': 15, 'TPC_MPOLY': 1, 'SBX_NONE': 1}"
20,51,SPC,NONE,0.6879366174644602,0.0326549518953373,665155115.52,472407054.6132429,2843074.72,2147995.2648048275,0.7368215675494623,-8.162818894374979e-06,0.0,0.0,GREEDY_HV,"['SPC_MBFLIP', 'SPC_MNUF', 'SPC_MPOLY', 'TPC_NONE', 'SBX_MNUF', 'UC_MPOLY', 'UC_MPOLY', 'UC_NONE', 'UC_NONE', 'UC_MPOLY', 'TPC_NONE', 'SPC_NONE', 'SPC_NONE', 'UC_NONE', 'TPC_NONE', 'SPC_NONE', 'UC_MPOLY', 'TPC_NONE', 'TPC_MPOLY', 'UC_NONE', 'SPC_NONE', 'TPC_NONE', 'UC_NONE', 'SPC_NONE', 'SPC_NONE', 'TPC_NONE', 'UC_NONE', 'SPC_NONE', 'UC_NONE', 'UC_NONE', 'UC_NONE', 'SPC_NONE', 'SPC_NONE', 'SBX_NONE', 'TPC_NONE', 'SPC_NONE', 'TPC_NONE', 'SPC_NONE', 'TPC_NONE', 'SPC_NONE', 'UC_NONE', 'UC_NONE', 'SPC_NONE', 'TPC_NONE', 'UC_NONE', 'SPC_NONE', 'SPC_NONE', 'UC_NONE', 'TPC_NONE', 'TPC_NONE', 'TPC_NONE', 'SPC_NONE']","{'SPC_MNUF': 1, 'SPC_MPOLY': 1, 'TPC_NONE': 13, 'SBX_MNUF': 1, 'UC_MPOLY': 4, 'UC_NONE': 13, 'SPC_NONE': 16, 'TPC_MPOLY': 1, 'SBX_NONE': 1}"
20,52,TPC,NONE,0.6884521067910591,0.0322272164582886,661228828.16,473566642.4305816,2910594.72,2145999.588383549,0.7368271243222825,5.556772820214384e-06,0.0,0.0,GREEDY_HV,"['SPC_MBFLIP', 'SPC_MNUF', 'SPC_MPOLY', 'TPC_NONE', 'SBX_MNUF', 'UC_MPOLY', 'UC_MPOLY', 'UC_NONE', 'UC_NONE', 'UC_MPOLY', 'TPC_NONE', 'SPC_NONE', 'SPC_NONE', 'UC_NONE', 'TPC_NONE', 'SPC_NONE', 'UC_MPOLY', 'TPC_NONE', 'TPC_MPOLY', 'UC_NONE', 'SPC_NONE', 'TPC_NONE', 'UC_NONE', 'SPC_NONE', 'SPC_NONE', 'TPC_NONE', 'UC_NONE', 'SPC_NONE', 'UC_NONE', 'UC_NONE', 'UC_NONE', 'SPC_NONE', 'SPC_NONE', 'SBX_NONE', 'TPC_NONE', 'SPC_NONE', 'TPC_NONE', 'SPC_NONE', 'TPC_NONE', 'SPC_NONE', 'UC_NONE', 'UC_NONE', 'SPC_NONE', 'TPC_NONE', 'UC_NONE', 'SPC_NONE', 'SPC_NONE', 'UC_NONE', 'TPC_NONE', 'TPC_NONE', 'TPC_NONE', 'SPC_NONE', 'TPC_NONE']","{'SPC_MNUF': 1, 'SPC_MPOLY': 1, 'TPC_NONE': 14, 'SBX_MNUF': 1, 'UC_MPOLY': 4, 'UC_NONE': 13, 'SPC_NONE': 16, 'TPC_MPOLY': 1, 'SBX_NONE': 1}"
20,53,UC,NONE,0.6892934474053682,0.0323863109840929,674614955.52,471828898.6411525,2929730.72,2103919.354959624,0.7368574790626456,3.0354740363169878e-05,0.0,0.0,GREEDY_HV,"['SPC_MBFLIP', 'SPC_MNUF', 'SPC_MPOLY', 'TPC_NONE', 'SBX_MNUF', 'UC_MPOLY', 'UC_MPOLY', 'UC_NONE', 'UC_NONE', 'UC_MPOLY', 'TPC_NONE', 'SPC_NONE', 'SPC_NONE', 'UC_NONE', 'TPC_NONE', 'SPC_NONE', 'UC_MPOLY', 'TPC_NONE', 'TPC_MPOLY', 'UC_NONE', 'SPC_NONE', 'TPC_NONE', 'UC_NONE', 'SPC_NONE', 'SPC_NONE', 'TPC_NONE', 'UC_NONE', 'SPC_NONE', 'UC_NONE', 'UC_NONE', 'UC_NONE', 'SPC_NONE', 'SPC_NONE', 'SBX_NONE', 'TPC_NONE', 'SPC_NONE', 'TPC_NONE', 'SPC_NONE', 'TPC_NONE', 'SPC_NONE', 'UC_NONE', 'UC_NONE', 'SPC_NONE', 'TPC_NONE', 'UC_NONE', 'SPC_NONE', 'SPC_NONE', 'UC_NONE', 'TPC_NONE', 'TPC_NONE', 'TPC_NONE', 'SPC_NONE', 'TPC_NONE', 'UC_NONE']","{'SPC_MNUF': 1, 'SPC_MPOLY': 1, 'TPC_NONE': 14, 'SBX_MNUF': 1, 'UC_MPOLY': 4, 'UC_NONE': 14, 'SPC_NONE': 16, 'TPC_MPOLY': 1, 'SBX_NONE': 1}"
20,54,TPC,NONE,0.6896285473137589,0.0320901360324342,674396039.68,467667854.9124993,2910035.36,2091354.8480718976,0.7368469792721658,-1.0499790479845394e-05,0.01,0.0,GREEDY_HV,"['SPC_MBFLIP', 'SPC_MNUF', 'SPC_MPOLY', 'TPC_NONE', 'SBX_MNUF', 'UC_MPOLY', 'UC_MPOLY', 'UC_NONE', 'UC_NONE', 'UC_MPOLY', 'TPC_NONE', 'SPC_NONE', 'SPC_NONE', 'UC_NONE', 'TPC_NONE', 'SPC_NONE', 'UC_MPOLY', 'TPC_NONE', 'TPC_MPOLY', 'UC_NONE', 'SPC_NONE', 'TPC_NONE', 'UC_NONE', 'SPC_NONE', 'SPC_NONE', 'TPC_NONE', 'UC_NONE', 'SPC_NONE', 'UC_NONE', 'UC_NONE', 'UC_NONE', 'SPC_NONE', 'SPC_NONE', 'SBX_NONE', 'TPC_NONE', 'SPC_NONE', 'TPC_NONE', 'SPC_NONE', 'TPC_NONE', 'SPC_NONE', 'UC_NONE', 'UC_NONE', 'SPC_NONE', 'TPC_NONE', 'UC_NONE', 'SPC_NONE', 'SPC_NONE', 'UC_NONE', 'TPC_NONE', 'TPC_NONE', 'TPC_NONE', 'SPC_NONE', 'TPC_NONE', 'UC_NONE', 'TPC_NONE']","{'SPC_MNUF': 1, 'SPC_MPOLY': 1, 'TPC_NONE': 15, 'SBX_MNUF': 1, 'UC_MPOLY': 4, 'UC_NONE': 14, 'SPC_NONE': 16, 'TPC_MPOLY': 1, 'SBX_NONE': 1}"
20,55,TPC,MPOLY,0.6889353183175143,0.0321339554666978,662617336.32,472500143.33640194,2885115.04,2120633.255015464,0.736874443509236,2.746423707022938e-05,0.0,0.01,GREEDY_HV,"['SPC_MBFLIP', 'SPC_MNUF', 'SPC_MPOLY', 'TPC_NONE', 'SBX_MNUF', 'UC_MPOLY', 'UC_MPOLY', 'UC_NONE', 'UC_NONE', 'UC_MPOLY', 'TPC_NONE', 'SPC_NONE', 'SPC_NONE', 'UC_NONE', 'TPC_NONE', 'SPC_NONE', 'UC_MPOLY', 'TPC_NONE', 'TPC_MPOLY', 'UC_NONE', 'SPC_NONE', 'TPC_NONE', 'UC_NONE', 'SPC_NONE', 'SPC_NONE', 'TPC_NONE', 'UC_NONE', 'SPC_NONE', 'UC_NONE', 'UC_NONE', 'UC_NONE', 'SPC_NONE', 'SPC_NONE', 'SBX_NONE', 'TPC_NONE', 'SPC_NONE', 'TPC_NONE', 'SPC_NONE', 'TPC_NONE', 'SPC_NONE', 'UC_NONE', 'UC_NONE', 'SPC_NONE', 'TPC_NONE', 'UC_NONE', 'SPC_NONE', 'SPC_NONE', 'UC_NONE', 'TPC_NONE', 'TPC_NONE', 'TPC_NONE', 'SPC_NONE', 'TPC_NONE', 'UC_NONE', 'TPC_NONE', 'TPC_MPOLY']","{'SPC_MNUF': 1, 'SPC_MPOLY': 1, 'TPC_NONE': 15, 'SBX_MNUF': 1, 'UC_MPOLY': 4, 'UC_NONE': 14, 'SPC_NONE': 16, 'TPC_MPOLY': 2, 'SBX_NONE': 1}"
20,56,UC,MPOLY,0.6886776597910942,0.0322301152865445,657313210.88,471453553.4165689,2911429.28,2135527.729164021,0.7369244820465843,5.003853734830699e-05,0.0,0.005,GREEDY_HV,"['SPC_MBFLIP', 'SPC_MNUF', 'SPC_MPOLY', 'TPC_NONE', 'SBX_MNUF', 'UC_MPOLY', 'UC_MPOLY', 'UC_NONE', 'UC_NONE', 'UC_MPOLY', 'TPC_NONE', 'SPC_NONE', 'SPC_NONE', 'UC_NONE', 'TPC_NONE', 'SPC_NONE', 'UC_MPOLY', 'TPC_NONE', 'TPC_MPOLY', 'UC_NONE', 'SPC_NONE', 'TPC_NONE', 'UC_NONE', 'SPC_NONE', 'SPC_NONE', 'TPC_NONE', 'UC_NONE', 'SPC_NONE', 'UC_NONE', 'UC_NONE', 'UC_NONE', 'SPC_NONE', 'SPC_NONE', 'SBX_NONE', 'TPC_NONE', 'SPC_NONE', 'TPC_NONE', 'SPC_NONE', 'TPC_NONE', 'SPC_NONE', 'UC_NONE', 'UC_NONE', 'SPC_NONE', 'TPC_NONE', 'UC_NONE', 'SPC_NONE', 'SPC_NONE', 'UC_NONE', 'TPC_NONE', 'TPC_NONE', 'TPC_NONE', 'SPC_NONE', 'TPC_NONE', 'UC_NONE', 'TPC_NONE', 'TPC_MPOLY', 'UC_MPOLY']","{'SPC_MNUF': 1, 'SPC_MPOLY': 1, 'TPC_NONE': 15, 'SBX_MNUF': 1, 'UC_MPOLY': 5, 'UC_NONE': 14, 'SPC_NONE': 16, 'TPC_MPOLY': 2, 'SBX_NONE': 1}"
20,57,UC,NONE,0.6888129940461016,0.0323666555142426,658742295.04,475338256.2778406,2948833.44,2152210.1843489185,0.7369563687234943,3.1886676910009015e-05,0.0,0.0,GREEDY_HV,"['SPC_MBFLIP', 'SPC_MNUF', 'SPC_MPOLY', 'TPC_NONE', 'SBX_MNUF', 'UC_MPOLY', 'UC_MPOLY', 'UC_NONE', 'UC_NONE', 'UC_MPOLY', 'TPC_NONE', 'SPC_NONE', 'SPC_NONE', 'UC_NONE', 'TPC_NONE', 'SPC_NONE', 'UC_MPOLY', 'TPC_NONE', 'TPC_MPOLY', 'UC_NONE', 'SPC_NONE', 'TPC_NONE', 'UC_NONE', 'SPC_NONE', 'SPC_NONE', 'TPC_NONE', 'UC_NONE', 'SPC_NONE', 'UC_NONE', 'UC_NONE', 'UC_NONE', 'SPC_NONE', 'SPC_NONE', 'SBX_NONE', 'TPC_NONE', 'SPC_NONE', 'TPC_NONE', 'SPC_NONE', 'TPC_NONE', 'SPC_NONE', 'UC_NONE', 'UC_NONE', 'SPC_NONE', 'TPC_NONE', 'UC_NONE', 'SPC_NONE', 'SPC_NONE', 'UC_NONE', 'TPC_NONE', 'TPC_NONE', 'TPC_NONE', 'SPC_NONE', 'TPC_NONE', 'UC_NONE', 'TPC_NONE', 'TPC_MPOLY', 'UC_MPOLY', 'UC_NONE']","{'SPC_MNUF': 1, 'SPC_MPOLY': 1, 'TPC_NONE': 15, 'SBX_MNUF': 1, 'UC_MPOLY': 5, 'UC_NONE': 15, 'SPC_NONE': 16, 'TPC_MPOLY': 2, 'SBX_NONE': 1}"
20,58,TPC,NONE,0.6881966261097812,0.0326660494396954,656372190.72,479102291.2797366,2857883.04,2143358.2502140603,0.7369395906614995,-1.677806199484877e-05,0.01,0.0,GREEDY_HV,"['SPC_MBFLIP', 'SPC_MNUF', 'SPC_MPOLY', 'TPC_NONE', 'SBX_MNUF', 'UC_MPOLY', 'UC_MPOLY', 'UC_NONE', 'UC_NONE', 'UC_MPOLY', 'TPC_NONE', 'SPC_NONE', 'SPC_NONE', 'UC_NONE', 'TPC_NONE', 'SPC_NONE', 'UC_MPOLY', 'TPC_NONE', 'TPC_MPOLY', 'UC_NONE', 'SPC_NONE', 'TPC_NONE', 'UC_NONE', 'SPC_NONE', 'SPC_NONE', 'TPC_NONE', 'UC_NONE', 'SPC_NONE', 'UC_NONE', 'UC_NONE', 'UC_NONE', 'SPC_NONE', 'SPC_NONE', 'SBX_NONE', 'TPC_NONE', 'SPC_NONE', 'TPC_NONE', 'SPC_NONE', 'TPC_NONE', 'SPC_NONE', 'UC_NONE', 'UC_NONE', 'SPC_NONE', 'TPC_NONE', 'UC_NONE', 'SPC_NONE', 'SPC_NONE', 'UC_NONE', 'TPC_NONE', 'TPC_NONE', 'TPC_NONE', 'SPC_NONE', 'TPC_NONE', 'UC_NONE', 'TPC_NONE', 'TPC_MPOLY', 'UC_MPOLY', 'UC_NONE', 'TPC_NONE']","{'SPC_MNUF': 1, 'SPC_MPOLY': 1, 'TPC_NONE': 16, 'SBX_MNUF': 1, 'UC_MPOLY': 5, 'UC_NONE': 15, 'SPC_NONE': 16, 'TPC_MPOLY': 2, 'SBX_NONE': 1}"
20,59,SPC,NONE,0.6874942214813644,0.0327585072968632,641541619.2,482281683.1391986,2878457.76,2183654.1022843206,0.7369822639669666,4.267330546714465e-05,0.0,0.0,GREEDY_HV,"['SPC_MBFLIP', 'SPC_MNUF', 'SPC_MPOLY', 'TPC_NONE', 'SBX_MNUF', 'UC_MPOLY', 'UC_MPOLY', 'UC_NONE', 'UC_NONE', 'UC_MPOLY', 'TPC_NONE', 'SPC_NONE', 'SPC_NONE', 'UC_NONE', 'TPC_NONE', 'SPC_NONE', 'UC_MPOLY', 'TPC_NONE', 'TPC_MPOLY', 'UC_NONE', 'SPC_NONE', 'TPC_NONE', 'UC_NONE', 'SPC_NONE', 'SPC_NONE', 'TPC_NONE', 'UC_NONE', 'SPC_NONE', 'UC_NONE', 'UC_NONE', 'UC_NONE', 'SPC_NONE', 'SPC_NONE', 'SBX_NONE', 'TPC_NONE', 'SPC_NONE', 'TPC_NONE', 'SPC_NONE', 'TPC_NONE', 'SPC_NONE', 'UC_NONE', 'UC_NONE', 'SPC_NONE', 'TPC_NONE', 'UC_NONE', 'SPC_NONE', 'SPC_NONE', 'UC_NONE', 'TPC_NONE', 'TPC_NONE', 'TPC_NONE', 'SPC_NONE', 'TPC_NONE', 'UC_NONE', 'TPC_NONE', 'TPC_MPOLY', 'UC_MPOLY', 'UC_NONE', 'TPC_NONE', 'SPC_NONE']","{'SPC_MNUF': 1, 'SPC_MPOLY': 1, 'TPC_NONE': 16, 'SBX_MNUF': 1, 'UC_MPOLY': 5, 'UC_NONE': 15, 'SPC_NONE': 17, 'TPC_MPOLY': 2, 'SBX_NONE': 1}"
20,60,TPC,NONE,0.6874876572499987,0.0327041644576485,643088960.0,480188289.0776999,2809614.24,2157635.060680083,0.7369821224488222,-1.415181444253122e-07,0.01,0.0,GREEDY_HV,"['SPC_MBFLIP', 'SPC_MNUF', 'SPC_MPOLY', 'TPC_NONE', 'SBX_MNUF', 'UC_MPOLY', 'UC_MPOLY', 'UC_NONE', 'UC_NONE', 'UC_MPOLY', 'TPC_NONE', 'SPC_NONE', 'SPC_NONE', 'UC_NONE', 'TPC_NONE', 'SPC_NONE', 'UC_MPOLY', 'TPC_NONE', 'TPC_MPOLY', 'UC_NONE', 'SPC_NONE', 'TPC_NONE', 'UC_NONE', 'SPC_NONE', 'SPC_NONE', 'TPC_NONE', 'UC_NONE', 'SPC_NONE', 'UC_NONE', 'UC_NONE', 'UC_NONE', 'SPC_NONE', 'SPC_NONE', 'SBX_NONE', 'TPC_NONE', 'SPC_NONE', 'TPC_NONE', 'SPC_NONE', 'TPC_NONE', 'SPC_NONE', 'UC_NONE', 'UC_NONE', 'SPC_NONE', 'TPC_NONE', 'UC_NONE', 'SPC_NONE', 'SPC_NONE', 'UC_NONE', 'TPC_NONE', 'TPC_NONE', 'TPC_NONE', 'SPC_NONE', 'TPC_NONE', 'UC_NONE', 'TPC_NONE', 'TPC_MPOLY', 'UC_MPOLY', 'UC_NONE', 'TPC_NONE', 'SPC_NONE', 'TPC_NONE']","{'SPC_MNUF': 1, 'SPC_MPOLY': 1, 'TPC_NONE': 17, 'SBX_MNUF': 1, 'UC_MPOLY': 5, 'UC_NONE': 15, 'SPC_NONE': 17, 'TPC_MPOLY': 2, 'SBX_NONE': 1}"
20,61,TPC,NONE,0.6873331456913045,0.0327299756675803,636870028.8,482120286.6082457,2906602.4,2172472.5812193262,0.7369754710313787,-6.651417443492846e-06,0.0,0.0,GREEDY_HV,"['SPC_MBFLIP', 'SPC_MNUF', 'SPC_MPOLY', 'TPC_NONE', 'SBX_MNUF', 'UC_MPOLY', 'UC_MPOLY', 'UC_NONE', 'UC_NONE', 'UC_MPOLY', 'TPC_NONE', 'SPC_NONE', 'SPC_NONE', 'UC_NONE', 'TPC_NONE', 'SPC_NONE', 'UC_MPOLY', 'TPC_NONE', 'TPC_MPOLY', 'UC_NONE', 'SPC_NONE', 'TPC_NONE', 'UC_NONE', 'SPC_NONE', 'SPC_NONE', 'TPC_NONE', 'UC_NONE', 'SPC_NONE', 'UC_NONE', 'UC_NONE', 'UC_NONE', 'SPC_NONE', 'SPC_NONE', 'SBX_NONE', 'TPC_NONE', 'SPC_NONE', 'TPC_NONE', 'SPC_NONE', 'TPC_NONE', 'SPC_NONE', 'UC_NONE', 'UC_NONE', 'SPC_NONE', 'TPC_NONE', 'UC_NONE', 'SPC_NONE', 'SPC_NONE', 'UC_NONE', 'TPC_NONE', 'TPC_NONE', 'TPC_NONE', 'SPC_NONE', 'TPC_NONE', 'UC_NONE', 'TPC_NONE', 'TPC_MPOLY', 'UC_MPOLY', 'UC_NONE', 'TPC_NONE', 'SPC_NONE', 'TPC_NONE', 'TPC_NONE']","{'SPC_MNUF': 1, 'SPC_MPOLY': 1, 'TPC_NONE': 18, 'SBX_MNUF': 1, 'UC_MPOLY': 5, 'UC_NONE': 15, 'SPC_NONE': 17, 'TPC_MPOLY': 2, 'SBX_NONE': 1}"
20,62,TPC,NONE,0.6873122925391312,0.0326191622484272,634843225.6,479371642.6485744,2829017.76,2146612.655224808,0.7368273312555628,-0.0001481397758159,0.0,0.0,GREEDY_HV,"['SPC_MBFLIP', 'SPC_MNUF', 'SPC_MPOLY', 'TPC_NONE', 'SBX_MNUF', 'UC_MPOLY', 'UC_MPOLY', 'UC_NONE', 'UC_NONE', 'UC_MPOLY', 'TPC_NONE', 'SPC_NONE', 'SPC_NONE', 'UC_NONE', 'TPC_NONE', 'SPC_NONE', 'UC_MPOLY', 'TPC_NONE', 'TPC_MPOLY', 'UC_NONE', 'SPC_NONE', 'TPC_NONE', 'UC_NONE', 'SPC_NONE', 'SPC_NONE', 'TPC_NONE', 'UC_NONE', 'SPC_NONE', 'UC_NONE', 'UC_NONE', 'UC_NONE', 'SPC_NONE', 'SPC_NONE', 'SBX_NONE', 'TPC_NONE', 'SPC_NONE', 'TPC_NONE', 'SPC_NONE', 'TPC_NONE', 'SPC_NONE', 'UC_NONE', 'UC_NONE', 'SPC_NONE', 'TPC_NONE', 'UC_NONE', 'SPC_NONE', 'SPC_NONE', 'UC_NONE', 'TPC_NONE', 'TPC_NONE', 'TPC_NONE', 'SPC_NONE', 'TPC_NONE', 'UC_NONE', 'TPC_NONE', 'TPC_MPOLY', 'UC_MPOLY', 'UC_NONE', 'TPC_NONE', 'SPC_NONE', 'TPC_NONE', 'TPC_NONE', 'TPC_NONE']","{'SPC_MNUF': 1, 'SPC_MPOLY': 1, 'TPC_NONE': 19, 'SBX_MNUF': 1, 'UC_MPOLY': 5, 'UC_NONE': 15, 'SPC_NONE': 17, 'TPC_MPOLY': 2, 'SBX_NONE': 1}"
20,63,SPC,NONE,0.6875816444321609,0.0327176064984704,647464701.44,479254993.68024623,2825207.2,2181813.744347138,0.7368577471514324,3.041589586960658e-05,0.01,0.0,GREEDY_HV,"['SPC_MBFLIP', 'SPC_MNUF', 'SPC_MPOLY', 'TPC_NONE', 'SBX_MNUF', 'UC_MPOLY', 'UC_MPOLY', 'UC_NONE', 'UC_NONE', 'UC_MPOLY', 'TPC_NONE', 'SPC_NONE', 'SPC_NONE', 'UC_NONE', 'TPC_NONE', 'SPC_NONE', 'UC_MPOLY', 'TPC_NONE', 'TPC_MPOLY', 'UC_NONE', 'SPC_NONE', 'TPC_NONE', 'UC_NONE', 'SPC_NONE', 'SPC_NONE', 'TPC_NONE', 'UC_NONE', 'SPC_NONE', 'UC_NONE', 'UC_NONE', 'UC_NONE', 'SPC_NONE', 'SPC_NONE', 'SBX_NONE', 'TPC_NONE', 'SPC_NONE', 'TPC_NONE', 'SPC_NONE', 'TPC_NONE', 'SPC_NONE', 'UC_NONE', 'UC_NONE', 'SPC_NONE', 'TPC_NONE', 'UC_NONE', 'SPC_NONE', 'SPC_NONE', 'UC_NONE', 'TPC_NONE', 'TPC_NONE', 'TPC_NONE', 'SPC_NONE', 'TPC_NONE', 'UC_NONE', 'TPC_NONE', 'TPC_MPOLY', 'UC_MPOLY', 'UC_NONE', 'TPC_NONE', 'SPC_NONE', 'TPC_NONE', 'TPC_NONE', 'TPC_NONE', 'SPC_NONE']","{'SPC_MNUF': 1, 'SPC_MPOLY': 1, 'TPC_NONE': 19, 'SBX_MNUF': 1, 'UC_MPOLY': 5, 'UC_NONE': 15, 'SPC_NONE': 18, 'TPC_MPOLY': 2, 'SBX_NONE': 1}"
20,64,TPC,NONE,0.6878423084989137,0.0327411639532161,651187704.32,473950453.21462566,2851027.36,2192838.275039815,0.7369546379732326,9.68908218001996e-05,0.0,0.0,GREEDY_HV,"['SPC_MBFLIP', 'SPC_MNUF', 'SPC_MPOLY', 'TPC_NONE', 'SBX_MNUF', 'UC_MPOLY', 'UC_MPOLY', 'UC_NONE', 'UC_NONE', 'UC_MPOLY', 'TPC_NONE', 'SPC_NONE', 'SPC_NONE', 'UC_NONE', 'TPC_NONE', 'SPC_NONE', 'UC_MPOLY', 'TPC_NONE', 'TPC_MPOLY', 'UC_NONE', 'SPC_NONE', 'TPC_NONE', 'UC_NONE', 'SPC_NONE', 'SPC_NONE', 'TPC_NONE', 'UC_NONE', 'SPC_NONE', 'UC_NONE', 'UC_NONE', 'UC_NONE', 'SPC_NONE', 'SPC_NONE', 'SBX_NONE', 'TPC_NONE', 'SPC_NONE', 'TPC_NONE', 'SPC_NONE', 'TPC_NONE', 'SPC_NONE', 'UC_NONE', 'UC_NONE', 'SPC_NONE', 'TPC_NONE', 'UC_NONE', 'SPC_NONE', 'SPC_NONE', 'UC_NONE', 'TPC_NONE', 'TPC_NONE', 'TPC_NONE', 'SPC_NONE', 'TPC_NONE', 'UC_NONE', 'TPC_NONE', 'TPC_MPOLY', 'UC_MPOLY', 'UC_NONE', 'TPC_NONE', 'SPC_NONE', 'TPC_NONE', 'TPC_NONE', 'TPC_NONE', 'SPC_NONE', 'TPC_NONE']","{'SPC_MNUF': 1, 'SPC_MPOLY': 1, 'TPC_NONE': 20, 'SBX_MNUF': 1, 'UC_MPOLY': 5, 'UC_NONE': 15, 'SPC_NONE': 18, 'TPC_MPOLY': 2, 'SBX_NONE': 1}"
20,65,TPC,NONE,0.6880534885464583,0.0329257191473586,667723066.88,486452797.2151832,2814309.28,2153775.969302574,0.7369369707281761,-1.76672450564741e-05,0.0,0.0,GREEDY_HV,"['SPC_MBFLIP', 'SPC_MNUF', 'SPC_MPOLY', 'TPC_NONE', 'SBX_MNUF', 'UC_MPOLY', 'UC_MPOLY', 'UC_NONE', 'UC_NONE', 'UC_MPOLY', 'TPC_NONE', 'SPC_NONE', 'SPC_NONE', 'UC_NONE', 'TPC_NONE', 'SPC_NONE', 'UC_MPOLY', 'TPC_NONE', 'TPC_MPOLY', 'UC_NONE', 'SPC_NONE', 'TPC_NONE', 'UC_NONE', 'SPC_NONE', 'SPC_NONE', 'TPC_NONE', 'UC_NONE', 'SPC_NONE', 'UC_NONE', 'UC_NONE', 'UC_NONE', 'SPC_NONE', 'SPC_NONE', 'SBX_NONE', 'TPC_NONE', 'SPC_NONE', 'TPC_NONE', 'SPC_NONE', 'TPC_NONE', 'SPC_NONE', 'UC_NONE', 'UC_NONE', 'SPC_NONE', 'TPC_NONE', 'UC_NONE', 'SPC_NONE', 'SPC_NONE', 'UC_NONE', 'TPC_NONE', 'TPC_NONE', 'TPC_NONE', 'SPC_NONE', 'TPC_NONE', 'UC_NONE', 'TPC_NONE', 'TPC_MPOLY', 'UC_MPOLY', 'UC_NONE', 'TPC_NONE', 'SPC_NONE', 'TPC_NONE', 'TPC_NONE', 'TPC_NONE', 'SPC_NONE', 'TPC_NONE', 'TPC_NONE']","{'SPC_MNUF': 1, 'SPC_MPOLY': 1, 'TPC_NONE': 21, 'SBX_MNUF': 1, 'UC_MPOLY': 5, 'UC_NONE': 15, 'SPC_NONE': 18, 'TPC_MPOLY': 2, 'SBX_NONE': 1}"
20,66,TPC,NONE,0.6890266686899025,0.0325257942715373,685362956.8,480000907.95421445,2884012.96,2131157.568711924,0.7369423031539148,5.3324257387465934e-06,0.0,0.0,GREEDY_HV,"['SPC_MBFLIP', 'SPC_MNUF', 'SPC_MPOLY', 'TPC_NONE', 'SBX_MNUF', 'UC_MPOLY', 'UC_MPOLY', 'UC_NONE', 'UC_NONE', 'UC_MPOLY', 'TPC_NONE', 'SPC_NONE', 'SPC_NONE', 'UC_NONE', 'TPC_NONE', 'SPC_NONE', 'UC_MPOLY', 'TPC_NONE', 'TPC_MPOLY', 'UC_NONE', 'SPC_NONE', 'TPC_NONE', 'UC_NONE', 'SPC_NONE', 'SPC_NONE', 'TPC_NONE', 'UC_NONE', 'SPC_NONE', 'UC_NONE', 'UC_NONE', 'UC_NONE', 'SPC_NONE', 'SPC_NONE', 'SBX_NONE', 'TPC_NONE', 'SPC_NONE', 'TPC_NONE', 'SPC_NONE', 'TPC_NONE', 'SPC_NONE', 'UC_NONE', 'UC_NONE', 'SPC_NONE', 'TPC_NONE', 'UC_NONE', 'SPC_NONE', 'SPC_NONE', 'UC_NONE', 'TPC_NONE', 'TPC_NONE', 'TPC_NONE', 'SPC_NONE', 'TPC_NONE', 'UC_NONE', 'TPC_NONE', 'TPC_MPOLY', 'UC_MPOLY', 'UC_NONE', 'TPC_NONE', 'SPC_NONE', 'TPC_NONE', 'TPC_NONE', 'TPC_NONE', 'SPC_NONE', 'TPC_NONE', 'TPC_NONE', 'TPC_NONE']","{'SPC_MNUF': 1, 'SPC_MPOLY': 1, 'TPC_NONE': 22, 'SBX_MNUF': 1, 'UC_MPOLY': 5, 'UC_NONE': 15, 'SPC_NONE': 18, 'TPC_MPOLY': 2, 'SBX_NONE': 1}"
20,67,SPC,NONE,0.689318883282527,0.0328025707186039,690976094.72,472201459.9443704,2967042.72,2129429.4163958854,0.7369117858171599,-3.051733675496493e-05,0.0,0.0,GREEDY_HV,"['SPC_MBFLIP', 'SPC_MNUF', 'SPC_MPOLY', 'TPC_NONE', 'SBX_MNUF', 'UC_MPOLY', 'UC_MPOLY', 'UC_NONE', 'UC_NONE', 'UC_MPOLY', 'TPC_NONE', 'SPC_NONE', 'SPC_NONE', 'UC_NONE', 'TPC_NONE', 'SPC_NONE', 'UC_MPOLY', 'TPC_NONE', 'TPC_MPOLY', 'UC_NONE', 'SPC_NONE', 'TPC_NONE', 'UC_NONE', 'SPC_NONE', 'SPC_NONE', 'TPC_NONE', 'UC_NONE', 'SPC_NONE', 'UC_NONE', 'UC_NONE', 'UC_NONE', 'SPC_NONE', 'SPC_NONE', 'SBX_NONE', 'TPC_NONE', 'SPC_NONE', 'TPC_NONE', 'SPC_NONE', 'TPC_NONE', 'SPC_NONE', 'UC_NONE', 'UC_NONE', 'SPC_NONE', 'TPC_NONE', 'UC_NONE', 'SPC_NONE', 'SPC_NONE', 'UC_NONE', 'TPC_NONE', 'TPC_NONE', 'TPC_NONE', 'SPC_NONE', 'TPC_NONE', 'UC_NONE', 'TPC_NONE', 'TPC_MPOLY', 'UC_MPOLY', 'UC_NONE', 'TPC_NONE', 'SPC_NONE', 'TPC_NONE', 'TPC_NONE', 'TPC_NONE', 'SPC_NONE', 'TPC_NONE', 'TPC_NONE', 'TPC_NONE', 'SPC_NONE']","{'SPC_MNUF': 1, 'SPC_MPOLY': 1, 'TPC_NONE': 22, 'SBX_MNUF': 1, 'UC_MPOLY': 5, 'UC_NONE': 15, 'SPC_NONE': 19, 'TPC_MPOLY': 2, 'SBX_NONE': 1}"
20,68,UC,NONE,0.6879543794382843,0.0327885096399356,665123827.2,483656562.7766577,2885912.48,2181683.5315646874,0.736923277621981,1.149180482107326e-05,0.0,0.0,GREEDY_HV,"['SPC_MBFLIP', 'SPC_MNUF', 'SPC_MPOLY', 'TPC_NONE', 'SBX_MNUF', 'UC_MPOLY', 'UC_MPOLY', 'UC_NONE', 'UC_NONE', 'UC_MPOLY', 'TPC_NONE', 'SPC_NONE', 'SPC_NONE', 'UC_NONE', 'TPC_NONE', 'SPC_NONE', 'UC_MPOLY', 'TPC_NONE', 'TPC_MPOLY', 'UC_NONE', 'SPC_NONE', 'TPC_NONE', 'UC_NONE', 'SPC_NONE', 'SPC_NONE', 'TPC_NONE', 'UC_NONE', 'SPC_NONE', 'UC_NONE', 'UC_NONE', 'UC_NONE', 'SPC_NONE', 'SPC_NONE', 'SBX_NONE', 'TPC_NONE', 'SPC_NONE', 'TPC_NONE', 'SPC_NONE', 'TPC_NONE', 'SPC_NONE', 'UC_NONE', 'UC_NONE', 'SPC_NONE', 'TPC_NONE', 'UC_NONE', 'SPC_NONE', 'SPC_NONE', 'UC_NONE', 'TPC_NONE', 'TPC_NONE', 'TPC_NONE', 'SPC_NONE', 'TPC_NONE', 'UC_NONE', 'TPC_NONE', 'TPC_MPOLY', 'UC_MPOLY', 'UC_NONE', 'TPC_NONE', 'SPC_NONE', 'TPC_NONE', 'TPC_NONE', 'TPC_NONE', 'SPC_NONE', 'TPC_NONE', 'TPC_NONE', 'TPC_NONE', 'SPC_NONE', 'UC_NONE']","{'SPC_MNUF': 1, 'SPC_MPOLY': 1, 'TPC_NONE': 22, 'SBX_MNUF': 1, 'UC_MPOLY': 5, 'UC_NONE': 16, 'SPC_NONE': 19, 'TPC_MPOLY': 2, 'SBX_NONE': 1}"
20,69,SPC,NONE,0.6879483765398514,0.0329228170536154,683405104.64,479323877.8296601,2843781.28,2168812.7722751084,0.7368916575423625,-3.162007961843294e-05,0.01,0.0,GREEDY_HV,"['SPC_MBFLIP', 'SPC_MNUF', 'SPC_MPOLY', 'TPC_NONE', 'SBX_MNUF', 'UC_MPOLY', 'UC_MPOLY', 'UC_NONE', 'UC_NONE', 'UC_MPOLY', 'TPC_NONE', 'SPC_NONE', 'SPC_NONE', 'UC_NONE', 'TPC_NONE', 'SPC_NONE', 'UC_MPOLY', 'TPC_NONE', 'TPC_MPOLY', 'UC_NONE', 'SPC_NONE', 'TPC_NONE', 'UC_NONE', 'SPC_NONE', 'SPC_NONE', 'TPC_NONE', 'UC_NONE', 'SPC_NONE', 'UC_NONE', 'UC_NONE', 'UC_NONE', 'SPC_NONE', 'SPC_NONE', 'SBX_NONE', 'TPC_NONE', 'SPC_NONE', 'TPC_NONE', 'SPC_NONE', 'TPC_NONE', 'SPC_NONE', 'UC_NONE', 'UC_NONE', 'SPC_NONE', 'TPC_NONE', 'UC_NONE', 'SPC_NONE', 'SPC_NONE', 'UC_NONE', 'TPC_NONE', 'TPC_NONE', 'TPC_NONE', 'SPC_NONE', 'TPC_NONE', 'UC_NONE', 'TPC_NONE', 'TPC_MPOLY', 'UC_MPOLY', 'UC_NONE', 'TPC_NONE', 'SPC_NONE', 'TPC_NONE', 'TPC_NONE', 'TPC_NONE', 'SPC_NONE', 'TPC_NONE', 'TPC_NONE', 'TPC_NONE', 'SPC_NONE', 'UC_NONE', 'SPC_NONE']","{'SPC_MNUF': 1, 'SPC_MPOLY': 1, 'TPC_NONE': 22, 'SBX_MNUF': 1, 'UC_MPOLY': 5, 'UC_NONE': 16, 'SPC_NONE': 20, 'TPC_MPOLY': 2, 'SBX_NONE': 1}"
20,70,UC,NONE,0.6884400702630167,0.0328901771387677,686750881.28,476585277.409846,2897767.84,2166409.58220288,0.7369182110198462,2.655347748370396e-05,0.01,0.0,GREEDY_HV,"['SPC_MBFLIP', 'SPC_MNUF', 'SPC_MPOLY', 'TPC_NONE', 'SBX_MNUF', 'UC_MPOLY', 'UC_MPOLY', 'UC_NONE', 'UC_NONE', 'UC_MPOLY', 'TPC_NONE', 'SPC_NONE', 'SPC_NONE', 'UC_NONE', 'TPC_NONE', 'SPC_NONE', 'UC_MPOLY', 'TPC_NONE', 'TPC_MPOLY', 'UC_NONE', 'SPC_NONE', 'TPC_NONE', 'UC_NONE', 'SPC_NONE', 'SPC_NONE', 'TPC_NONE', 'UC_NONE', 'SPC_NONE', 'UC_NONE', 'UC_NONE', 'UC_NONE', 'SPC_NONE', 'SPC_NONE', 'SBX_NONE', 'TPC_NONE', 'SPC_NONE', 'TPC_NONE', 'SPC_NONE', 'TPC_NONE', 'SPC_NONE', 'UC_NONE', 'UC_NONE', 'SPC_NONE', 'TPC_NONE', 'UC_NONE', 'SPC_NONE', 'SPC_NONE', 'UC_NONE', 'TPC_NONE', 'TPC_NONE', 'TPC_NONE', 'SPC_NONE', 'TPC_NONE', 'UC_NONE', 'TPC_NONE', 'TPC_MPOLY', 'UC_MPOLY', 'UC_NONE', 'TPC_NONE', 'SPC_NONE', 'TPC_NONE', 'TPC_NONE', 'TPC_NONE', 'SPC_NONE', 'TPC_NONE', 'TPC_NONE', 'TPC_NONE', 'SPC_NONE', 'UC_NONE', 'SPC_NONE', 'UC_NONE']","{'SPC_MNUF': 1, 'SPC_MPOLY': 1, 'TPC_NONE': 22, 'SBX_MNUF': 1, 'UC_MPOLY': 5, 'UC_NONE': 17, 'SPC_NONE': 20, 'TPC_MPOLY': 2, 'SBX_NONE': 1}"
20,71,TPC,NONE,0.6895129297269383,0.0327885912026261,695748569.6,475968804.9738199,2939090.08,2127816.138055578,0.7369313510127031,1.3139992856903149e-05,0.0,0.0,GREEDY_HV,"['SPC_MBFLIP', 'SPC_MNUF', 'SPC_MPOLY', 'TPC_NONE', 'SBX_MNUF', 'UC_MPOLY', 'UC_MPOLY', 'UC_NONE', 'UC_NONE', 'UC_MPOLY', 'TPC_NONE', 'SPC_NONE', 'SPC_NONE', 'UC_NONE', 'TPC_NONE', 'SPC_NONE', 'UC_MPOLY', 'TPC_NONE', 'TPC_MPOLY', 'UC_NONE', 'SPC_NONE', 'TPC_NONE', 'UC_NONE', 'SPC_NONE', 'SPC_NONE', 'TPC_NONE', 'UC_NONE', 'SPC_NONE', 'UC_NONE', 'UC_NONE', 'UC_NONE', 'SPC_NONE', 'SPC_NONE', 'SBX_NONE', 'TPC_NONE', 'SPC_NONE', 'TPC_NONE', 'SPC_NONE', 'TPC_NONE', 'SPC_NONE', 'UC_NONE', 'UC_NONE', 'SPC_NONE', 'TPC_NONE', 'UC_NONE', 'SPC_NONE', 'SPC_NONE', 'UC_NONE', 'TPC_NONE', 'TPC_NONE', 'TPC_NONE', 'SPC_NONE', 'TPC_NONE', 'UC_NONE', 'TPC_NONE', 'TPC_MPOLY', 'UC_MPOLY', 'UC_NONE', 'TPC_NONE', 'SPC_NONE', 'TPC_NONE', 'TPC_NONE', 'TPC_NONE', 'SPC_NONE', 'TPC_NONE', 'TPC_NONE', 'TPC_NONE', 'SPC_NONE', 'UC_NONE', 'SPC_NONE', 'UC_NONE', 'TPC_NONE']","{'SPC_MNUF': 1, 'SPC_MPOLY': 1, 'TPC_NONE': 23, 'SBX_MNUF': 1, 'UC_MPOLY': 5, 'UC_NONE': 17, 'SPC_NONE': 20, 'TPC_MPOLY': 2, 'SBX_NONE': 1}"
20,72,UC,NONE,0.6886400790782183,0.0328106918234551,680590707.2,478151425.7183731,2898474.4,2148266.177685214,0.7369004904725265,-3.086054017664708e-05,0.0,0.0,GREEDY_HV,"['SPC_MBFLIP', 'SPC_MNUF', 'SPC_MPOLY', 'TPC_NONE', 'SBX_MNUF', 'UC_MPOLY', 'UC_MPOLY', 'UC_NONE', 'UC_NONE', 'UC_MPOLY', 'TPC_NONE', 'SPC_NONE', 'SPC_NONE', 'UC_NONE', 'TPC_NONE', 'SPC_NONE', 'UC_MPOLY', 'TPC_NONE', 'TPC_MPOLY', 'UC_NONE', 'SPC_NONE', 'TPC_NONE', 'UC_NONE', 'SPC_NONE', 'SPC_NONE', 'TPC_NONE', 'UC_NONE', 'SPC_NONE', 'UC_NONE', 'UC_NONE', 'UC_NONE', 'SPC_NONE', 'SPC_NONE', 'SBX_NONE', 'TPC_NONE', 'SPC_NONE', 'TPC_NONE', 'SPC_NONE', 'TPC_NONE', 'SPC_NONE', 'UC_NONE', 'UC_NONE', 'SPC_NONE', 'TPC_NONE', 'UC_NONE', 'SPC_NONE', 'SPC_NONE', 'UC_NONE', 'TPC_NONE', 'TPC_NONE', 'TPC_NONE', 'SPC_NONE', 'TPC_NONE', 'UC_NONE', 'TPC_NONE', 'TPC_MPOLY', 'UC_MPOLY', 'UC_NONE', 'TPC_NONE', 'SPC_NONE', 'TPC_NONE', 'TPC_NONE', 'TPC_NONE', 'SPC_NONE', 'TPC_NONE', 'TPC_NONE', 'TPC_NONE', 'SPC_NONE', 'UC_NONE', 'SPC_NONE', 'UC_NONE', 'TPC_NONE', 'UC_NONE']","{'SPC_MNUF': 1, 'SPC_MPOLY': 1, 'TPC_NONE': 23, 'SBX_MNUF': 1, 'UC_MPOLY': 5, 'UC_NONE': 18, 'SPC_NONE': 20, 'TPC_MPOLY': 2, 'SBX_NONE': 1}"
20,73,TPC,NONE,0.6889136366657024,0.0328379922193712,691356587.52,474961993.49440086,2870497.44,2160807.556458873,0.7369158328706733,1.534239814682259e-05,0.01,0.0,GREEDY_HV,"['SPC_MBFLIP', 'SPC_MNUF', 'SPC_MPOLY', 'TPC_NONE', 'SBX_MNUF', 'UC_MPOLY', 'UC_MPOLY', 'UC_NONE', 'UC_NONE', 'UC_MPOLY', 'TPC_NONE', 'SPC_NONE', 'SPC_NONE', 'UC_NONE', 'TPC_NONE', 'SPC_NONE', 'UC_MPOLY', 'TPC_NONE', 'TPC_MPOLY', 'UC_NONE', 'SPC_NONE', 'TPC_NONE', 'UC_NONE', 'SPC_NONE', 'SPC_NONE', 'TPC_NONE', 'UC_NONE', 'SPC_NONE', 'UC_NONE', 'UC_NONE', 'UC_NONE', 'SPC_NONE', 'SPC_NONE', 'SBX_NONE', 'TPC_NONE', 'SPC_NONE', 'TPC_NONE', 'SPC_NONE', 'TPC_NONE', 'SPC_NONE', 'UC_NONE', 'UC_NONE', 'SPC_NONE', 'TPC_NONE', 'UC_NONE', 'SPC_NONE', 'SPC_NONE', 'UC_NONE', 'TPC_NONE', 'TPC_NONE', 'TPC_NONE', 'SPC_NONE', 'TPC_NONE', 'UC_NONE', 'TPC_NONE', 'TPC_MPOLY', 'UC_MPOLY', 'UC_NONE', 'TPC_NONE', 'SPC_NONE', 'TPC_NONE', 'TPC_NONE', 'TPC_NONE', 'SPC_NONE', 'TPC_NONE', 'TPC_NONE', 'TPC_NONE', 'SPC_NONE', 'UC_NONE', 'SPC_NONE', 'UC_NONE', 'TPC_NONE', 'UC_NONE', 'TPC_NONE']","{'SPC_MNUF': 1, 'SPC_MPOLY': 1, 'TPC_NONE': 24, 'SBX_MNUF': 1, 'UC_MPOLY': 5, 'UC_NONE': 18, 'SPC_NONE': 20, 'TPC_MPOLY': 2, 'SBX_NONE': 1}"
20,74,SPC,NONE,0.6889859238631043,0.032536256035128,683606853.12,476889059.6044676,2822860.96,2147315.6504274355,0.7369166637717612,8.309010879337109e-07,0.0,0.0,GREEDY_HV,"['SPC_MBFLIP', 'SPC_MNUF', 'SPC_MPOLY', 'TPC_NONE', 'SBX_MNUF', 'UC_MPOLY', 'UC_MPOLY', 'UC_NONE', 'UC_NONE', 'UC_MPOLY', 'TPC_NONE', 'SPC_NONE', 'SPC_NONE', 'UC_NONE', 'TPC_NONE', 'SPC_NONE', 'UC_MPOLY', 'TPC_NONE', 'TPC_MPOLY', 'UC_NONE', 'SPC_NONE', 'TPC_NONE', 'UC_NONE', 'SPC_NONE', 'SPC_NONE', 'TPC_NONE', 'UC_NONE', 'SPC_NONE', 'UC_NONE', 'UC_NONE', 'UC_NONE', 'SPC_NONE', 'SPC_NONE', 'SBX_NONE', 'TPC_NONE', 'SPC_NONE', 'TPC_NONE', 'SPC_NONE', 'TPC_NONE', 'SPC_NONE', 'UC_NONE', 'UC_NONE', 'SPC_NONE', 'TPC_NONE', 'UC_NONE', 'SPC_NONE', 'SPC_NONE', 'UC_NONE', 'TPC_NONE', 'TPC_NONE', 'TPC_NONE', 'SPC_NONE', 'TPC_NONE', 'UC_NONE', 'TPC_NONE', 'TPC_MPOLY', 'UC_MPOLY', 'UC_NONE', 'TPC_NONE', 'SPC_NONE', 'TPC_NONE', 'TPC_NONE', 'TPC_NONE', 'SPC_NONE', 'TPC_NONE', 'TPC_NONE', 'TPC_NONE', 'SPC_NONE', 'UC_NONE', 'SPC_NONE', 'UC_NONE', 'TPC_NONE', 'UC_NONE', 'TPC_NONE', 'SPC_NONE']","{'SPC_MNUF': 1, 'SPC_MPOLY': 1, 'TPC_NONE': 24, 'SBX_MNUF': 1, 'UC_MPOLY': 5, 'UC_NONE': 18, 'SPC_NONE': 21, 'TPC_MPOLY': 2, 'SBX_NONE': 1}"
20,75,TPC,NONE,0.6879345384419837,0.0326942961421464,662529589.76,486666934.0549103,2793509.28,2159392.506178189,0.7369411486585149,2.4484886753661783e-05,0.02,0.0,GREEDY_HV,"['SPC_MBFLIP', 'SPC_MNUF', 'SPC_MPOLY', 'TPC_NONE', 'SBX_MNUF', 'UC_MPOLY', 'UC_MPOLY', 'UC_NONE', 'UC_NONE', 'UC_MPOLY', 'TPC_NONE', 'SPC_NONE', 'SPC_NONE', 'UC_NONE', 'TPC_NONE', 'SPC_NONE', 'UC_MPOLY', 'TPC_NONE', 'TPC_MPOLY', 'UC_NONE', 'SPC_NONE', 'TPC_NONE', 'UC_NONE', 'SPC_NONE', 'SPC_NONE', 'TPC_NONE', 'UC_NONE', 'SPC_NONE', 'UC_NONE', 'UC_NONE', 'UC_NONE', 'SPC_NONE', 'SPC_NONE', 'SBX_NONE', 'TPC_NONE', 'SPC_NONE', 'TPC_NONE', 'SPC_NONE', 'TPC_NONE', 'SPC_NONE', 'UC_NONE', 'UC_NONE', 'SPC_NONE', 'TPC_NONE', 'UC_NONE', 'SPC_NONE', 'SPC_NONE', 'UC_NONE', 'TPC_NONE', 'TPC_NONE', 'TPC_NONE', 'SPC_NONE', 'TPC_NONE', 'UC_NONE', 'TPC_NONE', 'TPC_MPOLY', 'UC_MPOLY', 'UC_NONE', 'TPC_NONE', 'SPC_NONE', 'TPC_NONE', 'TPC_NONE', 'TPC_NONE', 'SPC_NONE', 'TPC_NONE', 'TPC_NONE', 'TPC_NONE', 'SPC_NONE', 'UC_NONE', 'SPC_NONE', 'UC_NONE', 'TPC_NONE', 'UC_NONE', 'TPC_NONE', 'SPC_NONE', 'TPC_NONE']","{'SPC_MNUF': 1, 'SPC_MPOLY': 1, 'TPC_NONE': 25, 'SBX_MNUF': 1, 'UC_MPOLY': 5, 'UC_NONE': 18, 'SPC_NONE': 21, 'TPC_MPOLY': 2, 'SBX_NONE': 1}"
20,76,UC,NONE,0.6881952795544504,0.0327463060564681,653621312.0,479265068.07526654,2832400.8,2153590.60149866,0.7369530584387013,1.1909780186392103e-05,0.0,0.0,GREEDY_HV,"['SPC_MBFLIP', 'SPC_MNUF', 'SPC_MPOLY', 'TPC_NONE', 'SBX_MNUF', 'UC_MPOLY', 'UC_MPOLY', 'UC_NONE', 'UC_NONE', 'UC_MPOLY', 'TPC_NONE', 'SPC_NONE', 'SPC_NONE', 'UC_NONE', 'TPC_NONE', 'SPC_NONE', 'UC_MPOLY', 'TPC_NONE', 'TPC_MPOLY', 'UC_NONE', 'SPC_NONE', 'TPC_NONE', 'UC_NONE', 'SPC_NONE', 'SPC_NONE', 'TPC_NONE', 'UC_NONE', 'SPC_NONE', 'UC_NONE', 'UC_NONE', 'UC_NONE', 'SPC_NONE', 'SPC_NONE', 'SBX_NONE', 'TPC_NONE', 'SPC_NONE', 'TPC_NONE', 'SPC_NONE', 'TPC_NONE', 'SPC_NONE', 'UC_NONE', 'UC_NONE', 'SPC_NONE', 'TPC_NONE', 'UC_NONE', 'SPC_NONE', 'SPC_NONE', 'UC_NONE', 'TPC_NONE', 'TPC_NONE', 'TPC_NONE', 'SPC_NONE', 'TPC_NONE', 'UC_NONE', 'TPC_NONE', 'TPC_MPOLY', 'UC_MPOLY', 'UC_NONE', 'TPC_NONE', 'SPC_NONE', 'TPC_NONE', 'TPC_NONE', 'TPC_NONE', 'SPC_NONE', 'TPC_NONE', 'TPC_NONE', 'TPC_NONE', 'SPC_NONE', 'UC_NONE', 'SPC_NONE', 'UC_NONE', 'TPC_NONE', 'UC_NONE', 'TPC_NONE', 'SPC_NONE', 'TPC_NONE', 'UC_NONE']","{'SPC_MNUF': 1, 'SPC_MPOLY': 1, 'TPC_NONE': 25, 'SBX_MNUF': 1, 'UC_MPOLY': 5, 'UC_NONE': 19, 'SPC_NONE': 21, 'TPC_MPOLY': 2, 'SBX_NONE': 1}"
20,77,SPC,NONE,0.6875825995795267,0.03244038053811,642751244.8,475405942.5839656,2734168.48,2150908.3224035213,0.736960537418351,7.478979649699902e-06,0.0,0.0,GREEDY_HV,"['SPC_MBFLIP', 'SPC_MNUF', 'SPC_MPOLY', 'TPC_NONE', 'SBX_MNUF', 'UC_MPOLY', 'UC_MPOLY', 'UC_NONE', 'UC_NONE', 'UC_MPOLY', 'TPC_NONE', 'SPC_NONE', 'SPC_NONE', 'UC_NONE', 'TPC_NONE', 'SPC_NONE', 'UC_MPOLY', 'TPC_NONE', 'TPC_MPOLY', 'UC_NONE', 'SPC_NONE', 'TPC_NONE', 'UC_NONE', 'SPC_NONE', 'SPC_NONE', 'TPC_NONE', 'UC_NONE', 'SPC_NONE', 'UC_NONE', 'UC_NONE', 'UC_NONE', 'SPC_NONE', 'SPC_NONE', 'SBX_NONE', 'TPC_NONE', 'SPC_NONE', 'TPC_NONE', 'SPC_NONE', 'TPC_NONE', 'SPC_NONE', 'UC_NONE', 'UC_NONE', 'SPC_NONE', 'TPC_NONE', 'UC_NONE', 'SPC_NONE', 'SPC_NONE', 'UC_NONE', 'TPC_NONE', 'TPC_NONE', 'TPC_NONE', 'SPC_NONE', 'TPC_NONE', 'UC_NONE', 'TPC_NONE', 'TPC_MPOLY', 'UC_MPOLY', 'UC_NONE', 'TPC_NONE', 'SPC_NONE', 'TPC_NONE', 'TPC_NONE', 'TPC_NONE', 'SPC_NONE', 'TPC_NONE', 'TPC_NONE', 'TPC_NONE', 'SPC_NONE', 'UC_NONE', 'SPC_NONE', 'UC_NONE', 'TPC_NONE', 'UC_NONE', 'TPC_NONE', 'SPC_NONE', 'TPC_NONE', 'UC_NONE', 'SPC_NONE']","{'SPC_MNUF': 1, 'SPC_MPOLY': 1, 'TPC_NONE': 25, 'SBX_MNUF': 1, 'UC_MPOLY': 5, 'UC_NONE': 19, 'SPC_NONE': 22, 'TPC_MPOLY': 2, 'SBX_NONE': 1}"
20,78,UC,NONE,0.6884282404788984,0.0326120366869093,663062827.52,477090220.07535225,2802526.88,2151763.6571040843,0.7369331462889813,-2.7391129369669365e-05,0.0,0.0,GREEDY_HV,"['SPC_MBFLIP', 'SPC_MNUF', 'SPC_MPOLY', 'TPC_NONE', 'SBX_MNUF', 'UC_MPOLY', 'UC_MPOLY', 'UC_NONE', 'UC_NONE', 'UC_MPOLY', 'TPC_NONE', 'SPC_NONE', 'SPC_NONE', 'UC_NONE', 'TPC_NONE', 'SPC_NONE', 'UC_MPOLY', 'TPC_NONE', 'TPC_MPOLY', 'UC_NONE', 'SPC_NONE', 'TPC_NONE', 'UC_NONE', 'SPC_NONE', 'SPC_NONE', 'TPC_NONE', 'UC_NONE', 'SPC_NONE', 'UC_NONE', 'UC_NONE', 'UC_NONE', 'SPC_NONE', 'SPC_NONE', 'SBX_NONE', 'TPC_NONE', 'SPC_NONE', 'TPC_NONE', 'SPC_NONE', 'TPC_NONE', 'SPC_NONE', 'UC_NONE', 'UC_NONE', 'SPC_NONE', 'TPC_NONE', 'UC_NONE', 'SPC_NONE', 'SPC_NONE', 'UC_NONE', 'TPC_NONE', 'TPC_NONE', 'TPC_NONE', 'SPC_NONE', 'TPC_NONE', 'UC_NONE', 'TPC_NONE', 'TPC_MPOLY', 'UC_MPOLY', 'UC_NONE', 'TPC_NONE', 'SPC_NONE', 'TPC_NONE', 'TPC_NONE', 'TPC_NONE', 'SPC_NONE', 'TPC_NONE', 'TPC_NONE', 'TPC_NONE', 'SPC_NONE', 'UC_NONE', 'SPC_NONE', 'UC_NONE', 'TPC_NONE', 'UC_NONE', 'TPC_NONE', 'SPC_NONE', 'TPC_NONE', 'UC_NONE', 'SPC_NONE', 'UC_NONE']","{'SPC_MNUF': 1, 'SPC_MPOLY': 1, 'TPC_NONE': 25, 'SBX_MNUF': 1, 'UC_MPOLY': 5, 'UC_NONE': 20, 'SPC_NONE': 22, 'TPC_MPOLY': 2, 'SBX_NONE': 1}"
20,79,TPC,NONE,0.6888255239702107,0.0327037309276915,660524392.96,480206022.84843785,2897583.52,2179824.16372648,0.7369259848954509,-7.161393530408233e-06,0.0,0.0,GREEDY_HV,"['SPC_MBFLIP', 'SPC_MNUF', 'SPC_MPOLY', 'TPC_NONE', 'SBX_MNUF', 'UC_MPOLY', 'UC_MPOLY', 'UC_NONE', 'UC_NONE', 'UC_MPOLY', 'TPC_NONE', 'SPC_NONE', 'SPC_NONE', 'UC_NONE', 'TPC_NONE', 'SPC_NONE', 'UC_MPOLY', 'TPC_NONE', 'TPC_MPOLY', 'UC_NONE', 'SPC_NONE', 'TPC_NONE', 'UC_NONE', 'SPC_NONE', 'SPC_NONE', 'TPC_NONE', 'UC_NONE', 'SPC_NONE', 'UC_NONE', 'UC_NONE', 'UC_NONE', 'SPC_NONE', 'SPC_NONE', 'SBX_NONE', 'TPC_NONE', 'SPC_NONE', 'TPC_NONE', 'SPC_NONE', 'TPC_NONE', 'SPC_NONE', 'UC_NONE', 'UC_NONE', 'SPC_NONE', 'TPC_NONE', 'UC_NONE', 'SPC_NONE', 'SPC_NONE', 'UC_NONE', 'TPC_NONE', 'TPC_NONE', 'TPC_NONE', 'SPC_NONE', 'TPC_NONE', 'UC_NONE', 'TPC_NONE', 'TPC_MPOLY', 'UC_MPOLY', 'UC_NONE', 'TPC_NONE', 'SPC_NONE', 'TPC_NONE', 'TPC_NONE', 'TPC_NONE', 'SPC_NONE', 'TPC_NONE', 'TPC_NONE', 'TPC_NONE', 'SPC_NONE', 'UC_NONE', 'SPC_NONE', 'UC_NONE', 'TPC_NONE', 'UC_NONE', 'TPC_NONE', 'SPC_NONE', 'TPC_NONE', 'UC_NONE', 'SPC_NONE', 'UC_NONE', 'TPC_NONE']","{'SPC_MNUF': 1, 'SPC_MPOLY': 1, 'TPC_NONE': 26, 'SBX_MNUF': 1, 'UC_MPOLY': 5, 'UC_NONE': 20, 'SPC_NONE': 22, 'TPC_MPOLY': 2, 'SBX_NONE': 1}"
20,80,SPC,NONE,0.6886732330678538,0.0327689467403254,668144396.8,477316156.3170948,2910060.96,2206432.2048809296,0.7369244305039063,-1.5543915445892509e-06,0.0,0.0,GREEDY_HV,"['SPC_MBFLIP', 'SPC_MNUF', 'SPC_MPOLY', 'TPC_NONE', 'SBX_MNUF', 'UC_MPOLY', 'UC_MPOLY', 'UC_NONE', 'UC_NONE', 'UC_MPOLY', 'TPC_NONE', 'SPC_NONE', 'SPC_NONE', 'UC_NONE', 'TPC_NONE', 'SPC_NONE', 'UC_MPOLY', 'TPC_NONE', 'TPC_MPOLY', 'UC_NONE', 'SPC_NONE', 'TPC_NONE', 'UC_NONE', 'SPC_NONE', 'SPC_NONE', 'TPC_NONE', 'UC_NONE', 'SPC_NONE', 'UC_NONE', 'UC_NONE', 'UC_NONE', 'SPC_NONE', 'SPC_NONE', 'SBX_NONE', 'TPC_NONE', 'SPC_NONE', 'TPC_NONE', 'SPC_NONE', 'TPC_NONE', 'SPC_NONE', 'UC_NONE', 'UC_NONE', 'SPC_NONE', 'TPC_NONE', 'UC_NONE', 'SPC_NONE', 'SPC_NONE', 'UC_NONE', 'TPC_NONE', 'TPC_NONE', 'TPC_NONE', 'SPC_NONE', 'TPC_NONE', 'UC_NONE', 'TPC_NONE', 'TPC_MPOLY', 'UC_MPOLY', 'UC_NONE', 'TPC_NONE', 'SPC_NONE', 'TPC_NONE', 'TPC_NONE', 'TPC_NONE', 'SPC_NONE', 'TPC_NONE', 'TPC_NONE', 'TPC_NONE', 'SPC_NONE', 'UC_NONE', 'SPC_NONE', 'UC_NONE', 'TPC_NONE', 'UC_NONE', 'TPC_NONE', 'SPC_NONE', 'TPC_NONE', 'UC_NONE', 'SPC_NONE', 'UC_NONE', 'TPC_NONE', 'SPC_NONE']","{'SPC_MNUF': 1, 'SPC_MPOLY': 1, 'TPC_NONE': 26, 'SBX_MNUF': 1, 'UC_MPOLY': 5, 'UC_NONE': 20, 'SPC_NONE': 23, 'TPC_MPOLY': 2, 'SBX_NONE': 1}"
20,81,UC,NONE,0.689151093914103,0.0326092605152409,670631887.36,472406886.2756588,2884527.52,2159632.355601983,0.7369205553310536,-3.875172852718656e-06,0.0,0.0,GREEDY_HV,"['SPC_MBFLIP', 'SPC_MNUF', 'SPC_MPOLY', 'TPC_NONE', 'SBX_MNUF', 'UC_MPOLY', 'UC_MPOLY', 'UC_NONE', 'UC_NONE', 'UC_MPOLY', 'TPC_NONE', 'SPC_NONE', 'SPC_NONE', 'UC_NONE', 'TPC_NONE', 'SPC_NONE', 'UC_MPOLY', 'TPC_NONE', 'TPC_MPOLY', 'UC_NONE', 'SPC_NONE', 'TPC_NONE', 'UC_NONE', 'SPC_NONE', 'SPC_NONE', 'TPC_NONE', 'UC_NONE', 'SPC_NONE', 'UC_NONE', 'UC_NONE', 'UC_NONE', 'SPC_NONE', 'SPC_NONE', 'SBX_NONE', 'TPC_NONE', 'SPC_NONE', 'TPC_NONE', 'SPC_NONE', 'TPC_NONE', 'SPC_NONE', 'UC_NONE', 'UC_NONE', 'SPC_NONE', 'TPC_NONE', 'UC_NONE', 'SPC_NONE', 'SPC_NONE', 'UC_NONE', 'TPC_NONE', 'TPC_NONE', 'TPC_NONE', 'SPC_NONE', 'TPC_NONE', 'UC_NONE', 'TPC_NONE', 'TPC_MPOLY', 'UC_MPOLY', 'UC_NONE', 'TPC_NONE', 'SPC_NONE', 'TPC_NONE', 'TPC_NONE', 'TPC_NONE', 'SPC_NONE', 'TPC_NONE', 'TPC_NONE', 'TPC_NONE', 'SPC_NONE', 'UC_NONE', 'SPC_NONE', 'UC_NONE', 'TPC_NONE', 'UC_NONE', 'TPC_NONE', 'SPC_NONE', 'TPC_NONE', 'UC_NONE', 'SPC_NONE', 'UC_NONE', 'TPC_NONE', 'SPC_NONE', 'UC_NONE']","{'SPC_MNUF': 1, 'SPC_MPOLY': 1, 'TPC_NONE': 26, 'SBX_MNUF': 1, 'UC_MPOLY': 5, 'UC_NONE': 21, 'SPC_NONE': 23, 'TPC_MPOLY': 2, 'SBX_NONE': 1}"
20,82,SPC,NONE,0.6883806323544579,0.0329363200268785,671428646.4,478343198.4283611,2907314.08,2194695.6342166066,0.7368923018715462,-2.825345950741021e-05,0.0,0.0,GREEDY_HV,"['SPC_MBFLIP', 'SPC_MNUF', 'SPC_MPOLY', 'TPC_NONE', 'SBX_MNUF', 'UC_MPOLY', 'UC_MPOLY', 'UC_NONE', 'UC_NONE', 'UC_MPOLY', 'TPC_NONE', 'SPC_NONE', 'SPC_NONE', 'UC_NONE', 'TPC_NONE', 'SPC_NONE', 'UC_MPOLY', 'TPC_NONE', 'TPC_MPOLY', 'UC_NONE', 'SPC_NONE', 'TPC_NONE', 'UC_NONE', 'SPC_NONE', 'SPC_NONE', 'TPC_NONE', 'UC_NONE', 'SPC_NONE', 'UC_NONE', 'UC_NONE', 'UC_NONE', 'SPC_NONE', 'SPC_NONE', 'SBX_NONE', 'TPC_NONE', 'SPC_NONE', 'TPC_NONE', 'SPC_NONE', 'TPC_NONE', 'SPC_NONE', 'UC_NONE', 'UC_NONE', 'SPC_NONE', 'TPC_NONE', 'UC_NONE', 'SPC_NONE', 'SPC_NONE', 'UC_NONE', 'TPC_NONE', 'TPC_NONE', 'TPC_NONE', 'SPC_NONE', 'TPC_NONE', 'UC_NONE', 'TPC_NONE', 'TPC_MPOLY', 'UC_MPOLY', 'UC_NONE', 'TPC_NONE', 'SPC_NONE', 'TPC_NONE', 'TPC_NONE', 'TPC_NONE', 'SPC_NONE', 'TPC_NONE', 'TPC_NONE', 'TPC_NONE', 'SPC_NONE', 'UC_NONE', 'SPC_NONE', 'UC_NONE', 'TPC_NONE', 'UC_NONE', 'TPC_NONE', 'SPC_NONE', 'TPC_NONE', 'UC_NONE', 'SPC_NONE', 'UC_NONE', 'TPC_NONE', 'SPC_NONE', 'UC_NONE', 'SPC_NONE']","{'SPC_MNUF': 1, 'SPC_MPOLY': 1, 'TPC_NONE': 26, 'SBX_MNUF': 1, 'UC_MPOLY': 5, 'UC_NONE': 21, 'SPC_NONE': 24, 'TPC_MPOLY': 2, 'SBX_NONE': 1}"
20,83,SPC,NONE,0.6887274887292786,0.0327766502045387,671051522.56,477437011.71907794,2955449.76,2156864.571885056,0.7369167734268632,2.4471555317040483e-05,0.01,0.0,GREEDY_HV,"['SPC_MBFLIP', 'SPC_MNUF', 'SPC_MPOLY', 'TPC_NONE', 'SBX_MNUF', 'UC_MPOLY', 'UC_MPOLY', 'UC_NONE', 'UC_NONE', 'UC_MPOLY', 'TPC_NONE', 'SPC_NONE', 'SPC_NONE', 'UC_NONE', 'TPC_NONE', 'SPC_NONE', 'UC_MPOLY', 'TPC_NONE', 'TPC_MPOLY', 'UC_NONE', 'SPC_NONE', 'TPC_NONE', 'UC_NONE', 'SPC_NONE', 'SPC_NONE', 'TPC_NONE', 'UC_NONE', 'SPC_NONE', 'UC_NONE', 'UC_NONE', 'UC_NONE', 'SPC_NONE', 'SPC_NONE', 'SBX_NONE', 'TPC_NONE', 'SPC_NONE', 'TPC_NONE', 'SPC_NONE', 'TPC_NONE', 'SPC_NONE', 'UC_NONE', 'UC_NONE', 'SPC_NONE', 'TPC_NONE', 'UC_NONE', 'SPC_NONE', 'SPC_NONE', 'UC_NONE', 'TPC_NONE', 'TPC_NONE', 'TPC_NONE', 'SPC_NONE', 'TPC_NONE', 'UC_NONE', 'TPC_NONE', 'TPC_MPOLY', 'UC_MPOLY', 'UC_NONE', 'TPC_NONE', 'SPC_NONE', 'TPC_NONE', 'TPC_NONE', 'TPC_NONE', 'SPC_NONE', 'TPC_NONE', 'TPC_NONE', 'TPC_NONE', 'SPC_NONE', 'UC_NONE', 'SPC_NONE', 'UC_NONE', 'TPC_NONE', 'UC_NONE', 'TPC_NONE', 'SPC_NONE', 'TPC_NONE', 'UC_NONE', 'SPC_NONE', 'UC_NONE', 'TPC_NONE', 'SPC_NONE', 'UC_NONE', 'SPC_NONE', 'SPC_NONE']","{'SPC_MNUF': 1, 'SPC_MPOLY': 1, 'TPC_NONE': 26, 'SBX_MNUF': 1, 'UC_MPOLY': 5, 'UC_NONE': 21, 'SPC_NONE': 25, 'TPC_MPOLY': 2, 'SBX_NONE': 1}"
20,84,SPC,NONE,0.6892901345697107,0.0325609274285744,678360010.24,473780075.6969647,3010734.24,2193859.234457804,0.7369521746478941,3.540122103085075e-05,0.0,0.0,GREEDY_HV,"['SPC_MBFLIP', 'SPC_MNUF', 'SPC_MPOLY', 'TPC_NONE', 'SBX_MNUF', 'UC_MPOLY', 'UC_MPOLY', 'UC_NONE', 'UC_NONE', 'UC_MPOLY', 'TPC_NONE', 'SPC_NONE', 'SPC_NONE', 'UC_NONE', 'TPC_NONE', 'SPC_NONE', 'UC_MPOLY', 'TPC_NONE', 'TPC_MPOLY', 'UC_NONE', 'SPC_NONE', 'TPC_NONE', 'UC_NONE', 'SPC_NONE', 'SPC_NONE', 'TPC_NONE', 'UC_NONE', 'SPC_NONE', 'UC_NONE', 'UC_NONE', 'UC_NONE', 'SPC_NONE', 'SPC_NONE', 'SBX_NONE', 'TPC_NONE', 'SPC_NONE', 'TPC_NONE', 'SPC_NONE', 'TPC_NONE', 'SPC_NONE', 'UC_NONE', 'UC_NONE', 'SPC_NONE', 'TPC_NONE', 'UC_NONE', 'SPC_NONE', 'SPC_NONE', 'UC_NONE', 'TPC_NONE', 'TPC_NONE', 'TPC_NONE', 'SPC_NONE', 'TPC_NONE', 'UC_NONE', 'TPC_NONE', 'TPC_MPOLY', 'UC_MPOLY', 'UC_NONE', 'TPC_NONE', 'SPC_NONE', 'TPC_NONE', 'TPC_NONE', 'TPC_NONE', 'SPC_NONE', 'TPC_NONE', 'TPC_NONE', 'TPC_NONE', 'SPC_NONE', 'UC_NONE', 'SPC_NONE', 'UC_NONE', 'TPC_NONE', 'UC_NONE', 'TPC_NONE', 'SPC_NONE', 'TPC_NONE', 'UC_NONE', 'SPC_NONE', 'UC_NONE', 'TPC_NONE', 'SPC_NONE', 'UC_NONE', 'SPC_NONE', 'SPC_NONE', 'SPC_NONE']","{'SPC_MNUF': 1, 'SPC_MPOLY': 1, 'TPC_NONE': 26, 'SBX_MNUF': 1, 'UC_MPOLY': 5, 'UC_NONE': 21, 'SPC_NONE': 26, 'TPC_MPOLY': 2, 'SBX_NONE': 1}"
20,85,SBX,NONE,0.6890697806346406,0.0324809322302426,665817896.96,460792775.8951073,2956528.8,2148086.9117672117,0.7370306332099944,7.845856210031421e-05,0.0,0.0,GREEDY_HV,"['SPC_MBFLIP', 'SPC_MNUF', 'SPC_MPOLY', 'TPC_NONE', 'SBX_MNUF', 'UC_MPOLY', 'UC_MPOLY', 'UC_NONE', 'UC_NONE', 'UC_MPOLY', 'TPC_NONE', 'SPC_NONE', 'SPC_NONE', 'UC_NONE', 'TPC_NONE', 'SPC_NONE', 'UC_MPOLY', 'TPC_NONE', 'TPC_MPOLY', 'UC_NONE', 'SPC_NONE', 'TPC_NONE', 'UC_NONE', 'SPC_NONE', 'SPC_NONE', 'TPC_NONE', 'UC_NONE', 'SPC_NONE', 'UC_NONE', 'UC_NONE', 'UC_NONE', 'SPC_NONE', 'SPC_NONE', 'SBX_NONE', 'TPC_NONE', 'SPC_NONE', 'TPC_NONE', 'SPC_NONE', 'TPC_NONE', 'SPC_NONE', 'UC_NONE', 'UC_NONE', 'SPC_NONE', 'TPC_NONE', 'UC_NONE', 'SPC_NONE', 'SPC_NONE', 'UC_NONE', 'TPC_NONE', 'TPC_NONE', 'TPC_NONE', 'SPC_NONE', 'TPC_NONE', 'UC_NONE', 'TPC_NONE', 'TPC_MPOLY', 'UC_MPOLY', 'UC_NONE', 'TPC_NONE', 'SPC_NONE', 'TPC_NONE', 'TPC_NONE', 'TPC_NONE', 'SPC_NONE', 'TPC_NONE', 'TPC_NONE', 'TPC_NONE', 'SPC_NONE', 'UC_NONE', 'SPC_NONE', 'UC_NONE', 'TPC_NONE', 'UC_NONE', 'TPC_NONE', 'SPC_NONE', 'TPC_NONE', 'UC_NONE', 'SPC_NONE', 'UC_NONE', 'TPC_NONE', 'SPC_NONE', 'UC_NONE', 'SPC_NONE', 'SPC_NONE', 'SPC_NONE', 'SBX_NONE']","{'SPC_MNUF': 1, 'SPC_MPOLY': 1, 'TPC_NONE': 26, 'SBX_MNUF': 1, 'UC_MPOLY': 5, 'UC_NONE': 21, 'SPC_NONE': 26, 'TPC_MPOLY': 2, 'SBX_NONE': 2}"
20,86,SPC,NONE,0.6897589052718132,0.032369464228094,668500405.76,462553328.4667341,2955787.68,2115318.6615943937,0.7370957238222471,6.509061225268287e-05,0.0,0.0,GREEDY_HV,"['SPC_MBFLIP', 'SPC_MNUF', 'SPC_MPOLY', 'TPC_NONE', 'SBX_MNUF', 'UC_MPOLY', 'UC_MPOLY', 'UC_NONE', 'UC_NONE', 'UC_MPOLY', 'TPC_NONE', 'SPC_NONE', 'SPC_NONE', 'UC_NONE', 'TPC_NONE', 'SPC_NONE', 'UC_MPOLY', 'TPC_NONE', 'TPC_MPOLY', 'UC_NONE', 'SPC_NONE', 'TPC_NONE', 'UC_NONE', 'SPC_NONE', 'SPC_NONE', 'TPC_NONE', 'UC_NONE', 'SPC_NONE', 'UC_NONE', 'UC_NONE', 'UC_NONE', 'SPC_NONE', 'SPC_NONE', 'SBX_NONE', 'TPC_NONE', 'SPC_NONE', 'TPC_NONE', 'SPC_NONE', 'TPC_NONE', 'SPC_NONE', 'UC_NONE', 'UC_NONE', 'SPC_NONE', 'TPC_NONE', 'UC_NONE', 'SPC_NONE', 'SPC_NONE', 'UC_NONE', 'TPC_NONE', 'TPC_NONE', 'TPC_NONE', 'SPC_NONE', 'TPC_NONE', 'UC_NONE', 'TPC_NONE', 'TPC_MPOLY', 'UC_MPOLY', 'UC_NONE', 'TPC_NONE', 'SPC_NONE', 'TPC_NONE', 'TPC_NONE', 'TPC_NONE', 'SPC_NONE', 'TPC_NONE', 'TPC_NONE', 'TPC_NONE', 'SPC_NONE', 'UC_NONE', 'SPC_NONE', 'UC_NONE', 'TPC_NONE', 'UC_NONE', 'TPC_NONE', 'SPC_NONE', 'TPC_NONE', 'UC_NONE', 'SPC_NONE', 'UC_NONE', 'TPC_NONE', 'SPC_NONE', 'UC_NONE', 'SPC_NONE', 'SPC_NONE', 'SPC_NONE', 'SBX_NONE', 'SPC_NONE']","{'SPC_MNUF': 1, 'SPC_MPOLY': 1, 'TPC_NONE': 26, 'SBX_MNUF': 1, 'UC_MPOLY': 5, 'UC_NONE': 21, 'SPC_NONE': 27, 'TPC_MPOLY': 2, 'SBX_NONE': 2}"
20,87,TPC,NONE,0.687644902694711,0.0322698940616038,616617633.28,444094026.1346867,2707270.56,2023352.6888531137,0.7374599677798451,0.000364243957598,0.01,0.0,GREEDY_HV,"['SPC_MBFLIP', 'SPC_MNUF', 'SPC_MPOLY', 'TPC_NONE', 'SBX_MNUF', 'UC_MPOLY', 'UC_MPOLY', 'UC_NONE', 'UC_NONE', 'UC_MPOLY', 'TPC_NONE', 'SPC_NONE', 'SPC_NONE', 'UC_NONE', 'TPC_NONE', 'SPC_NONE', 'UC_MPOLY', 'TPC_NONE', 'TPC_MPOLY', 'UC_NONE', 'SPC_NONE', 'TPC_NONE', 'UC_NONE', 'SPC_NONE', 'SPC_NONE', 'TPC_NONE', 'UC_NONE', 'SPC_NONE', 'UC_NONE', 'UC_NONE', 'UC_NONE', 'SPC_NONE', 'SPC_NONE', 'SBX_NONE', 'TPC_NONE', 'SPC_NONE', 'TPC_NONE', 'SPC_NONE', 'TPC_NONE', 'SPC_NONE', 'UC_NONE', 'UC_NONE', 'SPC_NONE', 'TPC_NONE', 'UC_NONE', 'SPC_NONE', 'SPC_NONE', 'UC_NONE', 'TPC_NONE', 'TPC_NONE', 'TPC_NONE', 'SPC_NONE', 'TPC_NONE', 'UC_NONE', 'TPC_NONE', 'TPC_MPOLY', 'UC_MPOLY', 'UC_NONE', 'TPC_NONE', 'SPC_NONE', 'TPC_NONE', 'TPC_NONE', 'TPC_NONE', 'SPC_NONE', 'TPC_NONE', 'TPC_NONE', 'TPC_NONE', 'SPC_NONE', 'UC_NONE', 'SPC_NONE', 'UC_NONE', 'TPC_NONE', 'UC_NONE', 'TPC_NONE', 'SPC_NONE', 'TPC_NONE', 'UC_NONE', 'SPC_NONE', 'UC_NONE', 'TPC_NONE', 'SPC_NONE', 'UC_NONE', 'SPC_NONE', 'SPC_NONE', 'SPC_NONE', 'SBX_NONE', 'SPC_NONE', 'TPC_NONE']","{'SPC_MNUF': 1, 'SPC_MPOLY': 1, 'TPC_NONE': 27, 'SBX_MNUF': 1, 'UC_MPOLY': 5, 'UC_NONE': 21, 'SPC_NONE': 27, 'TPC_MPOLY': 2, 'SBX_NONE': 2}"
20,88,SPC,NONE,0.6876776233520506,0.0323253148487029,622943014.4,455307197.4231431,2727302.56,2047844.7008202567,0.7374823594317848,2.239165193962389e-05,0.01,0.0,GREEDY_HV,"['SPC_MBFLIP', 'SPC_MNUF', 'SPC_MPOLY', 'TPC_NONE', 'SBX_MNUF', 'UC_MPOLY', 'UC_MPOLY', 'UC_NONE', 'UC_NONE', 'UC_MPOLY', 'TPC_NONE', 'SPC_NONE', 'SPC_NONE', 'UC_NONE', 'TPC_NONE', 'SPC_NONE', 'UC_MPOLY', 'TPC_NONE', 'TPC_MPOLY', 'UC_NONE', 'SPC_NONE', 'TPC_NONE', 'UC_NONE', 'SPC_NONE', 'SPC_NONE', 'TPC_NONE', 'UC_NONE', 'SPC_NONE', 'UC_NONE', 'UC_NONE', 'UC_NONE', 'SPC_NONE', 'SPC_NONE', 'SBX_NONE', 'TPC_NONE', 'SPC_NONE', 'TPC_NONE', 'SPC_NONE', 'TPC_NONE', 'SPC_NONE', 'UC_NONE', 'UC_NONE', 'SPC_NONE', 'TPC_NONE', 'UC_NONE', 'SPC_NONE', 'SPC_NONE', 'UC_NONE', 'TPC_NONE', 'TPC_NONE', 'TPC_NONE', 'SPC_NONE', 'TPC_NONE', 'UC_NONE', 'TPC_NONE', 'TPC_MPOLY', 'UC_MPOLY', 'UC_NONE', 'TPC_NONE', 'SPC_NONE', 'TPC_NONE', 'TPC_NONE', 'TPC_NONE', 'SPC_NONE', 'TPC_NONE', 'TPC_NONE', 'TPC_NONE', 'SPC_NONE', 'UC_NONE', 'SPC_NONE', 'UC_NONE', 'TPC_NONE', 'UC_NONE', 'TPC_NONE', 'SPC_NONE', 'TPC_NONE', 'UC_NONE', 'SPC_NONE', 'UC_NONE', 'TPC_NONE', 'SPC_NONE', 'UC_NONE', 'SPC_NONE', 'SPC_NONE', 'SPC_NONE', 'SBX_NONE', 'SPC_NONE', 'TPC_NONE', 'SPC_NONE']","{'SPC_MNUF': 1, 'SPC_MPOLY': 1, 'TPC_NONE': 27, 'SBX_MNUF': 1, 'UC_MPOLY': 5, 'UC_NONE': 21, 'SPC_NONE': 28, 'TPC_MPOLY': 2, 'SBX_NONE': 2}"
20,89,UC,NONE,0.6884869745800245,0.032327589843355,639455275.52,451332123.92212427,2697534.88,1970962.0971696505,0.7383834601360175,0.0009011007042327,0.0,0.0,GREEDY_HV,"['SPC_MBFLIP', 'SPC_MNUF', 'SPC_MPOLY', 'TPC_NONE', 'SBX_MNUF', 'UC_MPOLY', 'UC_MPOLY', 'UC_NONE', 'UC_NONE', 'UC_MPOLY', 'TPC_NONE', 'SPC_NONE', 'SPC_NONE', 'UC_NONE', 'TPC_NONE', 'SPC_NONE', 'UC_MPOLY', 'TPC_NONE', 'TPC_MPOLY', 'UC_NONE', 'SPC_NONE', 'TPC_NONE', 'UC_NONE', 'SPC_NONE', 'SPC_NONE', 'TPC_NONE', 'UC_NONE', 'SPC_NONE', 'UC_NONE', 'UC_NONE', 'UC_NONE', 'SPC_NONE', 'SPC_NONE', 'SBX_NONE', 'TPC_NONE', 'SPC_NONE', 'TPC_NONE', 'SPC_NONE', 'TPC_NONE', 'SPC_NONE', 'UC_NONE', 'UC_NONE', 'SPC_NONE', 'TPC_NONE', 'UC_NONE', 'SPC_NONE', 'SPC_NONE', 'UC_NONE', 'TPC_NONE', 'TPC_NONE', 'TPC_NONE', 'SPC_NONE', 'TPC_NONE', 'UC_NONE', 'TPC_NONE', 'TPC_MPOLY', 'UC_MPOLY', 'UC_NONE', 'TPC_NONE', 'SPC_NONE', 'TPC_NONE', 'TPC_NONE', 'TPC_NONE', 'SPC_NONE', 'TPC_NONE', 'TPC_NONE', 'TPC_NONE', 'SPC_NONE', 'UC_NONE', 'SPC_NONE', 'UC_NONE', 'TPC_NONE', 'UC_NONE', 'TPC_NONE', 'SPC_NONE', 'TPC_NONE', 'UC_NONE', 'SPC_NONE', 'UC_NONE', 'TPC_NONE', 'SPC_NONE', 'UC_NONE', 'SPC_NONE', 'SPC_NONE', 'SPC_NONE', 'SBX_NONE', 'SPC_NONE', 'TPC_NONE', 'SPC_NONE', 'UC_NONE']","{'SPC_MNUF': 1, 'SPC_MPOLY': 1, 'TPC_NONE': 27, 'SBX_MNUF': 1, 'UC_MPOLY': 5, 'UC_NONE': 22, 'SPC_NONE': 28, 'TPC_MPOLY': 2, 'SBX_NONE': 2}"
20,90,UC,NONE,0.6887375599622462,0.0326798633118547,664221242.88,465821782.51413536,2758931.36,2013144.116443587,0.738360833293004,-2.2626843013573428e-05,0.0,0.0,GREEDY_HV,"['SPC_MBFLIP', 'SPC_MNUF', 'SPC_MPOLY', 'TPC_NONE', 'SBX_MNUF', 'UC_MPOLY', 'UC_MPOLY', 'UC_NONE', 'UC_NONE', 'UC_MPOLY', 'TPC_NONE', 'SPC_NONE', 'SPC_NONE', 'UC_NONE', 'TPC_NONE', 'SPC_NONE', 'UC_MPOLY', 'TPC_NONE', 'TPC_MPOLY', 'UC_NONE', 'SPC_NONE', 'TPC_NONE', 'UC_NONE', 'SPC_NONE', 'SPC_NONE', 'TPC_NONE', 'UC_NONE', 'SPC_NONE', 'UC_NONE', 'UC_NONE', 'UC_NONE', 'SPC_NONE', 'SPC_NONE', 'SBX_NONE', 'TPC_NONE', 'SPC_NONE', 'TPC_NONE', 'SPC_NONE', 'TPC_NONE', 'SPC_NONE', 'UC_NONE', 'UC_NONE', 'SPC_NONE', 'TPC_NONE', 'UC_NONE', 'SPC_NONE', 'SPC_NONE', 'UC_NONE', 'TPC_NONE', 'TPC_NONE', 'TPC_NONE', 'SPC_NONE', 'TPC_NONE', 'UC_NONE', 'TPC_NONE', 'TPC_MPOLY', 'UC_MPOLY', 'UC_NONE', 'TPC_NONE', 'SPC_NONE', 'TPC_NONE', 'TPC_NONE', 'TPC_NONE', 'SPC_NONE', 'TPC_NONE', 'TPC_NONE', 'TPC_NONE', 'SPC_NONE', 'UC_NONE', 'SPC_NONE', 'UC_NONE', 'TPC_NONE', 'UC_NONE', 'TPC_NONE', 'SPC_NONE', 'TPC_NONE', 'UC_NONE', 'SPC_NONE', 'UC_NONE', 'TPC_NONE', 'SPC_NONE', 'UC_NONE', 'SPC_NONE', 'SPC_NONE', 'SPC_NONE', 'SBX_NONE', 'SPC_NONE', 'TPC_NONE', 'SPC_NONE', 'UC_NONE', 'UC_NONE']","{'SPC_MNUF': 1, 'SPC_MPOLY': 1, 'TPC_NONE': 27, 'SBX_MNUF': 1, 'UC_MPOLY': 5, 'UC_NONE': 23, 'SPC_NONE': 28, 'TPC_MPOLY': 2, 'SBX_NONE': 2}"
20,91,SBX,MNUF,0.6846553916816258,0.0320809812966987,536981701.12,402162136.4937444,2258532.0,1770984.9206706644,0.7384049624444371,4.412915143314766e-05,0.0,0.055,GREEDY_HV,"['SPC_MBFLIP', 'SPC_MNUF', 'SPC_MPOLY', 'TPC_NONE', 'SBX_MNUF', 'UC_MPOLY', 'UC_MPOLY', 'UC_NONE', 'UC_NONE', 'UC_MPOLY', 'TPC_NONE', 'SPC_NONE', 'SPC_NONE', 'UC_NONE', 'TPC_NONE', 'SPC_NONE', 'UC_MPOLY', 'TPC_NONE', 'TPC_MPOLY', 'UC_NONE', 'SPC_NONE', 'TPC_NONE', 'UC_NONE', 'SPC_NONE', 'SPC_NONE', 'TPC_NONE', 'UC_NONE', 'SPC_NONE', 'UC_NONE', 'UC_NONE', 'UC_NONE', 'SPC_NONE', 'SPC_NONE', 'SBX_NONE', 'TPC_NONE', 'SPC_NONE', 'TPC_NONE', 'SPC_NONE', 'TPC_NONE', 'SPC_NONE', 'UC_NONE', 'UC_NONE', 'SPC_NONE', 'TPC_NONE', 'UC_NONE', 'SPC_NONE', 'SPC_NONE', 'UC_NONE', 'TPC_NONE', 'TPC_NONE', 'TPC_NONE', 'SPC_NONE', 'TPC_NONE', 'UC_NONE', 'TPC_NONE', 'TPC_MPOLY', 'UC_MPOLY', 'UC_NONE', 'TPC_NONE', 'SPC_NONE', 'TPC_NONE', 'TPC_NONE', 'TPC_NONE', 'SPC_NONE', 'TPC_NONE', 'TPC_NONE', 'TPC_NONE', 'SPC_NONE', 'UC_NONE', 'SPC_NONE', 'UC_NONE', 'TPC_NONE', 'UC_NONE', 'TPC_NONE', 'SPC_NONE', 'TPC_NONE', 'UC_NONE', 'SPC_NONE', 'UC_NONE', 'TPC_NONE', 'SPC_NONE', 'UC_NONE', 'SPC_NONE', 'SPC_NONE', 'SPC_NONE', 'SBX_NONE', 'SPC_NONE', 'TPC_NONE', 'SPC_NONE', 'UC_NONE', 'UC_NONE', 'SBX_MNUF']","{'SPC_MNUF': 1, 'SPC_MPOLY': 1, 'TPC_NONE': 27, 'SBX_MNUF': 2, 'UC_MPOLY': 5, 'UC_NONE': 23, 'SPC_NONE': 28, 'TPC_MPOLY': 2, 'SBX_NONE': 2}"
20,92,TPC,NONE,0.6855768723627682,0.0316759987943681,525788838.4,387534538.159764,2381342.88,1803882.208889712,0.7384666013041847,6.163885974763694e-05,0.0,0.0,GREEDY_HV,"['SPC_MBFLIP', 'SPC_MNUF', 'SPC_MPOLY', 'TPC_NONE', 'SBX_MNUF', 'UC_MPOLY', 'UC_MPOLY', 'UC_NONE', 'UC_NONE', 'UC_MPOLY', 'TPC_NONE', 'SPC_NONE', 'SPC_NONE', 'UC_NONE', 'TPC_NONE', 'SPC_NONE', 'UC_MPOLY', 'TPC_NONE', 'TPC_MPOLY', 'UC_NONE', 'SPC_NONE', 'TPC_NONE', 'UC_NONE', 'SPC_NONE', 'SPC_NONE', 'TPC_NONE', 'UC_NONE', 'SPC_NONE', 'UC_NONE', 'UC_NONE', 'UC_NONE', 'SPC_NONE', 'SPC_NONE', 'SBX_NONE', 'TPC_NONE', 'SPC_NONE', 'TPC_NONE', 'SPC_NONE', 'TPC_NONE', 'SPC_NONE', 'UC_NONE', 'UC_NONE', 'SPC_NONE', 'TPC_NONE', 'UC_NONE', 'SPC_NONE', 'SPC_NONE', 'UC_NONE', 'TPC_NONE', 'TPC_NONE', 'TPC_NONE', 'SPC_NONE', 'TPC_NONE', 'UC_NONE', 'TPC_NONE', 'TPC_MPOLY', 'UC_MPOLY', 'UC_NONE', 'TPC_NONE', 'SPC_NONE', 'TPC_NONE', 'TPC_NONE', 'TPC_NONE', 'SPC_NONE', 'TPC_NONE', 'TPC_NONE', 'TPC_NONE', 'SPC_NONE', 'UC_NONE', 'SPC_NONE', 'UC_NONE', 'TPC_NONE', 'UC_NONE', 'TPC_NONE', 'SPC_NONE', 'TPC_NONE', 'UC_NONE', 'SPC_NONE', 'UC_NONE', 'TPC_NONE', 'SPC_NONE', 'UC_NONE', 'SPC_NONE', 'SPC_NONE', 'SPC_NONE', 'SBX_NONE', 'SPC_NONE', 'TPC_NONE', 'SPC_NONE', 'UC_NONE', 'UC_NONE', 'SBX_MNUF', 'TPC_NONE']","{'SPC_MNUF': 1, 'SPC_MPOLY': 1, 'TPC_NONE': 28, 'SBX_MNUF': 2, 'UC_MPOLY': 5, 'UC_NONE': 23, 'SPC_NONE': 28, 'TPC_MPOLY': 2, 'SBX_NONE': 2}"
20,93,UC,MNUF,0.6862205411054164,0.0312640633508093,510654369.28,366684718.1809868,2369856.16,1749886.7653702318,0.738513328311387,4.672700720231848e-05,0.0,0.005,GREEDY_HV,"['SPC_MBFLIP', 'SPC_MNUF', 'SPC_MPOLY', 'TPC_NONE', 'SBX_MNUF', 'UC_MPOLY', 'UC_MPOLY', 'UC_NONE', 'UC_NONE', 'UC_MPOLY', 'TPC_NONE', 'SPC_NONE', 'SPC_NONE', 'UC_NONE', 'TPC_NONE', 'SPC_NONE', 'UC_MPOLY', 'TPC_NONE', 'TPC_MPOLY', 'UC_NONE', 'SPC_NONE', 'TPC_NONE', 'UC_NONE', 'SPC_NONE', 'SPC_NONE', 'TPC_NONE', 'UC_NONE', 'SPC_NONE', 'UC_NONE', 'UC_NONE', 'UC_NONE', 'SPC_NONE', 'SPC_NONE', 'SBX_NONE', 'TPC_NONE', 'SPC_NONE', 'TPC_NONE', 'SPC_NONE', 'TPC_NONE', 'SPC_NONE', 'UC_NONE', 'UC_NONE', 'SPC_NONE', 'TPC_NONE', 'UC_NONE', 'SPC_NONE', 'SPC_NONE', 'UC_NONE', 'TPC_NONE', 'TPC_NONE', 'TPC_NONE', 'SPC_NONE', 'TPC_NONE', 'UC_NONE', 'TPC_NONE', 'TPC_MPOLY', 'UC_MPOLY', 'UC_NONE', 'TPC_NONE', 'SPC_NONE', 'TPC_NONE', 'TPC_NONE', 'TPC_NONE', 'SPC_NONE', 'TPC_NONE', 'TPC_NONE', 'TPC_NONE', 'SPC_NONE', 'UC_NONE', 'SPC_NONE', 'UC_NONE', 'TPC_NONE', 'UC_NONE', 'TPC_NONE', 'SPC_NONE', 'TPC_NONE', 'UC_NONE', 'SPC_NONE', 'UC_NONE', 'TPC_NONE', 'SPC_NONE', 'UC_NONE', 'SPC_NONE', 'SPC_NONE', 'SPC_NONE', 'SBX_NONE', 'SPC_NONE', 'TPC_NONE', 'SPC_NONE', 'UC_NONE', 'UC_NONE', 'SBX_MNUF', 'TPC_NONE', 'UC_MNUF']","{'SPC_MNUF': 1, 'SPC_MPOLY': 1, 'TPC_NONE': 28, 'SBX_MNUF': 2, 'UC_MPOLY': 5, 'UC_NONE': 23, 'SPC_NONE': 28, 'TPC_MPOLY': 2, 'SBX_NONE': 2, 'UC_MNUF': 1}"
20,94,SPC,NONE,0.6856320293730878,0.0314720545330117,520657697.28,370249670.52770174,2280989.6,1728559.671605653,0.7385776839476568,6.435563626971952e-05,0.01,0.0,GREEDY_HV,"['SPC_MBFLIP', 'SPC_MNUF', 'SPC_MPOLY', 'TPC_NONE', 'SBX_MNUF', 'UC_MPOLY', 'UC_MPOLY', 'UC_NONE', 'UC_NONE', 'UC_MPOLY', 'TPC_NONE', 'SPC_NONE', 'SPC_NONE', 'UC_NONE', 'TPC_NONE', 'SPC_NONE', 'UC_MPOLY', 'TPC_NONE', 'TPC_MPOLY', 'UC_NONE', 'SPC_NONE', 'TPC_NONE', 'UC_NONE', 'SPC_NONE', 'SPC_NONE', 'TPC_NONE', 'UC_NONE', 'SPC_NONE', 'UC_NONE', 'UC_NONE', 'UC_NONE', 'SPC_NONE', 'SPC_NONE', 'SBX_NONE', 'TPC_NONE', 'SPC_NONE', 'TPC_NONE', 'SPC_NONE', 'TPC_NONE', 'SPC_NONE', 'UC_NONE', 'UC_NONE', 'SPC_NONE', 'TPC_NONE', 'UC_NONE', 'SPC_NONE', 'SPC_NONE', 'UC_NONE', 'TPC_NONE', 'TPC_NONE', 'TPC_NONE', 'SPC_NONE', 'TPC_NONE', 'UC_NONE', 'TPC_NONE', 'TPC_MPOLY', 'UC_MPOLY', 'UC_NONE', 'TPC_NONE', 'SPC_NONE', 'TPC_NONE', 'TPC_NONE', 'TPC_NONE', 'SPC_NONE', 'TPC_NONE', 'TPC_NONE', 'TPC_NONE', 'SPC_NONE', 'UC_NONE', 'SPC_NONE', 'UC_NONE', 'TPC_NONE', 'UC_NONE', 'TPC_NONE', 'SPC_NONE', 'TPC_NONE', 'UC_NONE', 'SPC_NONE', 'UC_NONE', 'TPC_NONE', 'SPC_NONE', 'UC_NONE', 'SPC_NONE', 'SPC_NONE', 'SPC_NONE', 'SBX_NONE', 'SPC_NONE', 'TPC_NONE', 'SPC_NONE', 'UC_NONE', 'UC_NONE', 'SBX_MNUF', 'TPC_NONE', 'UC_MNUF', 'SPC_NONE']","{'SPC_MNUF': 1, 'SPC_MPOLY': 1, 'TPC_NONE': 28, 'SBX_MNUF': 2, 'UC_MPOLY': 5, 'UC_NONE': 23, 'SPC_NONE': 29, 'TPC_MPOLY': 2, 'SBX_NONE': 2, 'UC_MNUF': 1}"
20,95,SPC,MNUF,0.6851930022599698,0.0313955367378523,516204807.68,377236495.729876,2192897.44,1705560.0959875698,0.7386302194892778,5.25355416209905e-05,0.0,0.0,GREEDY_HV,"['SPC_MBFLIP', 'SPC_MNUF', 'SPC_MPOLY', 'TPC_NONE', 'SBX_MNUF', 'UC_MPOLY', 'UC_MPOLY', 'UC_NONE', 'UC_NONE', 'UC_MPOLY', 'TPC_NONE', 'SPC_NONE', 'SPC_NONE', 'UC_NONE', 'TPC_NONE', 'SPC_NONE', 'UC_MPOLY', 'TPC_NONE', 'TPC_MPOLY', 'UC_NONE', 'SPC_NONE', 'TPC_NONE', 'UC_NONE', 'SPC_NONE', 'SPC_NONE', 'TPC_NONE', 'UC_NONE', 'SPC_NONE', 'UC_NONE', 'UC_NONE', 'UC_NONE', 'SPC_NONE', 'SPC_NONE', 'SBX_NONE', 'TPC_NONE', 'SPC_NONE', 'TPC_NONE', 'SPC_NONE', 'TPC_NONE', 'SPC_NONE', 'UC_NONE', 'UC_NONE', 'SPC_NONE', 'TPC_NONE', 'UC_NONE', 'SPC_NONE', 'SPC_NONE', 'UC_NONE', 'TPC_NONE', 'TPC_NONE', 'TPC_NONE', 'SPC_NONE', 'TPC_NONE', 'UC_NONE', 'TPC_NONE', 'TPC_MPOLY', 'UC_MPOLY', 'UC_NONE', 'TPC_NONE', 'SPC_NONE', 'TPC_NONE', 'TPC_NONE', 'TPC_NONE', 'SPC_NONE', 'TPC_NONE', 'TPC_NONE', 'TPC_NONE', 'SPC_NONE', 'UC_NONE', 'SPC_NONE', 'UC_NONE', 'TPC_NONE', 'UC_NONE', 'TPC_NONE', 'SPC_NONE', 'TPC_NONE', 'UC_NONE', 'SPC_NONE', 'UC_NONE', 'TPC_NONE', 'SPC_NONE', 'UC_NONE', 'SPC_NONE', 'SPC_NONE', 'SPC_NONE', 'SBX_NONE', 'SPC_NONE', 'TPC_NONE', 'SPC_NONE', 'UC_NONE', 'UC_NONE', 'SBX_MNUF', 'TPC_NONE', 'UC_MNUF', 'SPC_NONE', 'SPC_MNUF']","{'SPC_MNUF': 2, 'SPC_MPOLY': 1, 'TPC_NONE': 28, 'SBX_MNUF': 2, 'UC_MPOLY': 5, 'UC_NONE': 23, 'SPC_NONE': 29, 'TPC_MPOLY': 2, 'SBX_NONE': 2, 'UC_MNUF': 1}"
20,96,SBX,MPOLY,0.6839675673730458,0.03386562045034,514695988.48,377075573.24161714,2188647.84,1708527.8522897698,0.7390019918705106,0.0003717723812328,0.0,0.045,GREEDY_HV,"['SPC_MBFLIP', 'SPC_MNUF', 'SPC_MPOLY', 'TPC_NONE', 'SBX_MNUF', 'UC_MPOLY', 'UC_MPOLY', 'UC_NONE', 'UC_NONE', 'UC_MPOLY', 'TPC_NONE', 'SPC_NONE', 'SPC_NONE', 'UC_NONE', 'TPC_NONE', 'SPC_NONE', 'UC_MPOLY', 'TPC_NONE', 'TPC_MPOLY', 'UC_NONE', 'SPC_NONE', 'TPC_NONE', 'UC_NONE', 'SPC_NONE', 'SPC_NONE', 'TPC_NONE', 'UC_NONE', 'SPC_NONE', 'UC_NONE', 'UC_NONE', 'UC_NONE', 'SPC_NONE', 'SPC_NONE', 'SBX_NONE', 'TPC_NONE', 'SPC_NONE', 'TPC_NONE', 'SPC_NONE', 'TPC_NONE', 'SPC_NONE', 'UC_NONE', 'UC_NONE', 'SPC_NONE', 'TPC_NONE', 'UC_NONE', 'SPC_NONE', 'SPC_NONE', 'UC_NONE', 'TPC_NONE', 'TPC_NONE', 'TPC_NONE', 'SPC_NONE', 'TPC_NONE', 'UC_NONE', 'TPC_NONE', 'TPC_MPOLY', 'UC_MPOLY', 'UC_NONE', 'TPC_NONE', 'SPC_NONE', 'TPC_NONE', 'TPC_NONE', 'TPC_NONE', 'SPC_NONE', 'TPC_NONE', 'TPC_NONE', 'TPC_NONE', 'SPC_NONE', 'UC_NONE', 'SPC_NONE', 'UC_NONE', 'TPC_NONE', 'UC_NONE', 'TPC_NONE', 'SPC_NONE', 'TPC_NONE', 'UC_NONE', 'SPC_NONE', 'UC_NONE', 'TPC_NONE', 'SPC_NONE', 'UC_NONE', 'SPC_NONE', 'SPC_NONE', 'SPC_NONE', 'SBX_NONE', 'SPC_NONE', 'TPC_NONE', 'SPC_NONE', 'UC_NONE', 'UC_NONE', 'SBX_MNUF', 'TPC_NONE', 'UC_MNUF', 'SPC_NONE', 'SPC_MNUF', 'SBX_MPOLY']","{'SPC_MNUF': 2, 'SPC_MPOLY': 1, 'TPC_NONE': 28, 'SBX_MNUF': 2, 'UC_MPOLY': 5, 'UC_NONE': 23, 'SPC_NONE': 29, 'TPC_MPOLY': 2, 'SBX_NONE': 2, 'UC_MNUF': 1, 'SBX_MPOLY': 1}"
20,97,UC,NONE,0.684198171405046,0.0367324132331682,528930375.68,380118468.9920238,2348874.4,1715713.2052756138,0.7390608193588811,5.882748837049423e-05,0.0,0.0,GREEDY_HV,"['SPC_MBFLIP', 'SPC_MNUF', 'SPC_MPOLY', 'TPC_NONE', 'SBX_MNUF', 'UC_MPOLY', 'UC_MPOLY', 'UC_NONE', 'UC_NONE', 'UC_MPOLY', 'TPC_NONE', 'SPC_NONE', 'SPC_NONE', 'UC_NONE', 'TPC_NONE', 'SPC_NONE', 'UC_MPOLY', 'TPC_NONE', 'TPC_MPOLY', 'UC_NONE', 'SPC_NONE', 'TPC_NONE', 'UC_NONE', 'SPC_NONE', 'SPC_NONE', 'TPC_NONE', 'UC_NONE', 'SPC_NONE', 'UC_NONE', 'UC_NONE', 'UC_NONE', 'SPC_NONE', 'SPC_NONE', 'SBX_NONE', 'TPC_NONE', 'SPC_NONE', 'TPC_NONE', 'SPC_NONE', 'TPC_NONE', 'SPC_NONE', 'UC_NONE', 'UC_NONE', 'SPC_NONE', 'TPC_NONE', 'UC_NONE', 'SPC_NONE', 'SPC_NONE', 'UC_NONE', 'TPC_NONE', 'TPC_NONE', 'TPC_NONE', 'SPC_NONE', 'TPC_NONE', 'UC_NONE', 'TPC_NONE', 'TPC_MPOLY', 'UC_MPOLY', 'UC_NONE', 'TPC_NONE', 'SPC_NONE', 'TPC_NONE', 'TPC_NONE', 'TPC_NONE', 'SPC_NONE', 'TPC_NONE', 'TPC_NONE', 'TPC_NONE', 'SPC_NONE', 'UC_NONE', 'SPC_NONE', 'UC_NONE', 'TPC_NONE', 'UC_NONE', 'TPC_NONE', 'SPC_NONE', 'TPC_NONE', 'UC_NONE', 'SPC_NONE', 'UC_NONE', 'TPC_NONE', 'SPC_NONE', 'UC_NONE', 'SPC_NONE', 'SPC_NONE', 'SPC_NONE', 'SBX_NONE', 'SPC_NONE', 'TPC_NONE', 'SPC_NONE', 'UC_NONE', 'UC_NONE', 'SBX_MNUF', 'TPC_NONE', 'UC_MNUF', 'SPC_NONE', 'SPC_MNUF', 'SBX_MPOLY', 'UC_NONE']","{'SPC_MNUF': 2, 'SPC_MPOLY': 1, 'TPC_NONE': 28, 'SBX_MNUF': 2, 'UC_MPOLY': 5, 'UC_NONE': 24, 'SPC_NONE': 29, 'TPC_MPOLY': 2, 'SBX_NONE': 2, 'UC_MNUF': 1, 'SBX_MPOLY': 1}"
20,98,UC,NONE,0.6842734749710938,0.0366639641699305,529077550.08,382365671.3257865,2315038.88,1725207.107930832,0.7390524719795546,-8.347379326534288e-06,0.01,0.0,GREEDY_HV,"['SPC_MBFLIP', 'SPC_MNUF', 'SPC_MPOLY', 'TPC_NONE', 'SBX_MNUF', 'UC_MPOLY', 'UC_MPOLY', 'UC_NONE', 'UC_NONE', 'UC_MPOLY', 'TPC_NONE', 'SPC_NONE', 'SPC_NONE', 'UC_NONE', 'TPC_NONE', 'SPC_NONE', 'UC_MPOLY', 'TPC_NONE', 'TPC_MPOLY', 'UC_NONE', 'SPC_NONE', 'TPC_NONE', 'UC_NONE', 'SPC_NONE', 'SPC_NONE', 'TPC_NONE', 'UC_NONE', 'SPC_NONE', 'UC_NONE', 'UC_NONE', 'UC_NONE', 'SPC_NONE', 'SPC_NONE', 'SBX_NONE', 'TPC_NONE', 'SPC_NONE', 'TPC_NONE', 'SPC_NONE', 'TPC_NONE', 'SPC_NONE', 'UC_NONE', 'UC_NONE', 'SPC_NONE', 'TPC_NONE', 'UC_NONE', 'SPC_NONE', 'SPC_NONE', 'UC_NONE', 'TPC_NONE', 'TPC_NONE', 'TPC_NONE', 'SPC_NONE', 'TPC_NONE', 'UC_NONE', 'TPC_NONE', 'TPC_MPOLY', 'UC_MPOLY', 'UC_NONE', 'TPC_NONE', 'SPC_NONE', 'TPC_NONE', 'TPC_NONE', 'TPC_NONE', 'SPC_NONE', 'TPC_NONE', 'TPC_NONE', 'TPC_NONE', 'SPC_NONE', 'UC_NONE', 'SPC_NONE', 'UC_NONE', 'TPC_NONE', 'UC_NONE', 'TPC_NONE', 'SPC_NONE', 'TPC_NONE', 'UC_NONE', 'SPC_NONE', 'UC_NONE', 'TPC_NONE', 'SPC_NONE', 'UC_NONE', 'SPC_NONE', 'SPC_NONE', 'SPC_NONE', 'SBX_NONE', 'SPC_NONE', 'TPC_NONE', 'SPC_NONE', 'UC_NONE', 'UC_NONE', 'SBX_MNUF', 'TPC_NONE', 'UC_MNUF', 'SPC_NONE', 'SPC_MNUF', 'SBX_MPOLY', 'UC_NONE', 'UC_NONE']","{'SPC_MNUF': 2, 'SPC_MPOLY': 1, 'TPC_NONE': 28, 'SBX_MNUF': 2, 'UC_MPOLY': 5, 'UC_NONE': 25, 'SPC_NONE': 29, 'TPC_MPOLY': 2, 'SBX_NONE': 2, 'UC_MNUF': 1, 'SBX_MPOLY': 1}"
20,99,TPC,MNUF,0.6842121933051031,0.0365769234797201,515228231.68,365738355.6029933,2305930.4,1706693.9465873078,0.7390737536551066,2.1281675552042856e-05,0.02,0.0,GREEDY_HV,"['SPC_MBFLIP', 'SPC_MNUF', 'SPC_MPOLY', 'TPC_NONE', 'SBX_MNUF', 'UC_MPOLY', 'UC_MPOLY', 'UC_NONE', 'UC_NONE', 'UC_MPOLY', 'TPC_NONE', 'SPC_NONE', 'SPC_NONE', 'UC_NONE', 'TPC_NONE', 'SPC_NONE', 'UC_MPOLY', 'TPC_NONE', 'TPC_MPOLY', 'UC_NONE', 'SPC_NONE', 'TPC_NONE', 'UC_NONE', 'SPC_NONE', 'SPC_NONE', 'TPC_NONE', 'UC_NONE', 'SPC_NONE', 'UC_NONE', 'UC_NONE', 'UC_NONE', 'SPC_NONE', 'SPC_NONE', 'SBX_NONE', 'TPC_NONE', 'SPC_NONE', 'TPC_NONE', 'SPC_NONE', 'TPC_NONE', 'SPC_NONE', 'UC_NONE', 'UC_NONE', 'SPC_NONE', 'TPC_NONE', 'UC_NONE', 'SPC_NONE', 'SPC_NONE', 'UC_NONE', 'TPC_NONE', 'TPC_NONE', 'TPC_NONE', 'SPC_NONE', 'TPC_NONE', 'UC_NONE', 'TPC_NONE', 'TPC_MPOLY', 'UC_MPOLY', 'UC_NONE', 'TPC_NONE', 'SPC_NONE', 'TPC_NONE', 'TPC_NONE', 'TPC_NONE', 'SPC_NONE', 'TPC_NONE', 'TPC_NONE', 'TPC_NONE', 'SPC_NONE', 'UC_NONE', 'SPC_NONE', 'UC_NONE', 'TPC_NONE', 'UC_NONE', 'TPC_NONE', 'SPC_NONE', 'TPC_NONE', 'UC_NONE', 'SPC_NONE', 'UC_NONE', 'TPC_NONE', 'SPC_NONE', 'UC_NONE', 'SPC_NONE', 'SPC_NONE', 'SPC_NONE', 'SBX_NONE', 'SPC_NONE', 'TPC_NONE', 'SPC_NONE', 'UC_NONE', 'UC_NONE', 'SBX_MNUF', 'TPC_NONE', 'UC_MNUF', 'SPC_NONE', 'SPC_MNUF', 'SBX_MPOLY', 'UC_NONE', 'UC_NONE', 'TPC_MNUF']","{'SPC_MNUF': 2, 'SPC_MPOLY': 1, 'TPC_NONE': 28, 'SBX_MNUF': 2, 'UC_MPOLY': 5, 'UC_NONE': 25, 'SPC_NONE': 29, 'TPC_MPOLY': 2, 'SBX_NONE': 2, 'UC_MNUF': 1, 'SBX_MPOLY': 1, 'TPC_MNUF': 1}"
20,100,SPC,MNUF,0.683003032529846,0.0364164785063422,496482129.92,370168652.75807774,2212738.72,1731831.4524189362,0.7391189812333817,4.522757827507551e-05,0.01,0.0,GREEDY_HV,"['SPC_MBFLIP', 'SPC_MNUF', 'SPC_MPOLY', 'TPC_NONE', 'SBX_MNUF', 'UC_MPOLY', 'UC_MPOLY', 'UC_NONE', 'UC_NONE', 'UC_MPOLY', 'TPC_NONE', 'SPC_NONE', 'SPC_NONE', 'UC_NONE', 'TPC_NONE', 'SPC_NONE', 'UC_MPOLY', 'TPC_NONE', 'TPC_MPOLY', 'UC_NONE', 'SPC_NONE', 'TPC_NONE', 'UC_NONE', 'SPC_NONE', 'SPC_NONE', 'TPC_NONE', 'UC_NONE', 'SPC_NONE', 'UC_NONE', 'UC_NONE', 'UC_NONE', 'SPC_NONE', 'SPC_NONE', 'SBX_NONE', 'TPC_NONE', 'SPC_NONE', 'TPC_NONE', 'SPC_NONE', 'TPC_NONE', 'SPC_NONE', 'UC_NONE', 'UC_NONE', 'SPC_NONE', 'TPC_NONE', 'UC_NONE', 'SPC_NONE', 'SPC_NONE', 'UC_NONE', 'TPC_NONE', 'TPC_NONE', 'TPC_NONE', 'SPC_NONE', 'TPC_NONE', 'UC_NONE', 'TPC_NONE', 'TPC_MPOLY', 'UC_MPOLY', 'UC_NONE', 'TPC_NONE', 'SPC_NONE', 'TPC_NONE', 'TPC_NONE', 'TPC_NONE', 'SPC_NONE', 'TPC_NONE', 'TPC_NONE', 'TPC_NONE', 'SPC_NONE', 'UC_NONE', 'SPC_NONE', 'UC_NONE', 'TPC_NONE', 'UC_NONE', 'TPC_NONE', 'SPC_NONE', 'TPC_NONE', 'UC_NONE', 'SPC_NONE', 'UC_NONE', 'TPC_NONE', 'SPC_NONE', 'UC_NONE', 'SPC_NONE', 'SPC_NONE', 'SPC_NONE', 'SBX_NONE', 'SPC_NONE', 'TPC_NONE', 'SPC_NONE', 'UC_NONE', 'UC_NONE', 'SBX_MNUF', 'TPC_NONE', 'UC_MNUF', 'SPC_NONE', 'SPC_MNUF', 'SBX_MPOLY', 'UC_NONE', 'UC_NONE', 'TPC_MNUF', 'SPC_MNUF']","{'SPC_MNUF': 3, 'SPC_MPOLY': 1, 'TPC_NONE': 28, 'SBX_MNUF': 2, 'UC_MPOLY': 5, 'UC_NONE': 25, 'SPC_NONE': 29, 'TPC_MPOLY': 2, 'SBX_NONE': 2, 'UC_MNUF': 1, 'SBX_MPOLY': 1, 'TPC_MNUF': 1}"
21,1,SPC,MNUF,0.6558246954898521,0.0209111157311328,1505609870.08,876312285.09142,2953513.12,1418996.7041709523,0.6889814310432758,0.0,0.22,0.09,GREEDY_HV,"['SPC_MBFLIP', 'SPC_MNUF']",{'SPC_MNUF': 1}
21,2,SBX,MNUF,0.6548555403890401,0.0250982452453017,1167073838.08,876454513.1403737,2695573.92,1643791.6856458895,0.6978043308099248,0.0088228997666489,0.05,0.06,GREEDY_HV,"['SPC_MBFLIP', 'SPC_MNUF', 'SBX_MNUF']","{'SPC_MNUF': 1, 'SBX_MNUF': 1}"
21,3,TPC,NONE,0.6595565621502562,0.0237373609188542,882116467.2,777625076.3502707,2258901.92,1257732.4224006922,0.709659857181983,0.0118555263720582,0.16,0.0,GREEDY_HV,"['SPC_MBFLIP', 'SPC_MNUF', 'SBX_MNUF', 'TPC_NONE']","{'SPC_MNUF': 1, 'SBX_MNUF': 1, 'TPC_NONE': 1}"
21,4,SBX,MPOLY,0.6625153080777758,0.0246520275741709,890046484.48,853632251.2649368,2213566.88,1447000.7134072138,0.714750245990748,0.005090388808765,0.02,0.13,GREEDY_HV,"['SPC_MBFLIP', 'SPC_MNUF', 'SBX_MNUF', 'TPC_NONE', 'SBX_MPOLY']","{'SPC_MNUF': 1, 'SBX_MNUF': 1, 'TPC_NONE': 1, 'SBX_MPOLY': 1}"
21,5,UC,NONE,0.6681449108413224,0.0240090392403924,918142887.68,951188187.124466,2112142.24,1314860.442869441,0.7182604173093211,0.0035101713185731,0.14,0.0,GREEDY_HV,"['SPC_MBFLIP', 'SPC_MNUF', 'SBX_MNUF', 'TPC_NONE', 'SBX_MPOLY', 'UC_NONE']","{'SPC_MNUF': 1, 'SBX_MNUF': 1, 'TPC_NONE': 1, 'SBX_MPOLY': 1, 'UC_NONE': 1}"
21,6,SPC,MPOLY,0.6695859496393382,0.0259681104770598,787733419.52,822477418.1413777,2054133.92,1311805.690667392,0.7211253611650887,0.0028649438557676,0.06,0.04,GREEDY_HV,"['SPC_MBFLIP', 'SPC_MNUF', 'SBX_MNUF', 'TPC_NONE', 'SBX_MPOLY', 'UC_NONE', 'SPC_MPOLY']","{'SPC_MNUF': 1, 'SBX_MNUF': 1, 'TPC_NONE': 1, 'SBX_MPOLY': 1, 'UC_NONE': 1, 'SPC_MPOLY': 1}"
21,7,UC,NONE,0.6719193361707104,0.0291652611946909,592763310.08,472706412.1647912,1884048.8,1132152.4284201316,0.7239317024893103,0.0028063413242215,0.09,0.0,GREEDY_HV,"['SPC_MBFLIP', 'SPC_MNUF', 'SBX_MNUF', 'TPC_NONE', 'SBX_MPOLY', 'UC_NONE', 'SPC_MPOLY', 'UC_NONE']","{'SPC_MNUF': 1, 'SBX_MNUF': 1, 'TPC_NONE': 1, 'SBX_MPOLY': 1, 'UC_NONE': 2, 'SPC_MPOLY': 1}"
21,8,SPC,MPOLY,0.6739421061636031,0.0305363915664749,567723674.88,431130394.9464226,1817281.44,1109307.530935947,0.726245993210976,0.0023142907216657,0.06,0.065,GREEDY_HV,"['SPC_MBFLIP', 'SPC_MNUF', 'SBX_MNUF', 'TPC_NONE', 'SBX_MPOLY', 'UC_NONE', 'SPC_MPOLY', 'UC_NONE', 'SPC_MPOLY']","{'SPC_MNUF': 1, 'SBX_MNUF': 1, 'TPC_NONE': 1, 'SBX_MPOLY': 1, 'UC_NONE': 2, 'SPC_MPOLY': 2}"
21,9,SPC,MPOLY,0.6715338334174228,0.0318623133256095,527900377.6,426119669.7540113,1677322.4,1168599.8272175123,0.7275892564057448,0.0013432631947687,0.08,0.045,GREEDY_HV,"['SPC_MBFLIP', 'SPC_MNUF', 'SBX_MNUF', 'TPC_NONE', 'SBX_MPOLY', 'UC_NONE', 'SPC_MPOLY', 'UC_NONE', 'SPC_MPOLY', 'SPC_MPOLY']","{'SPC_MNUF': 1, 'SBX_MNUF': 1, 'TPC_NONE': 1, 'SBX_MPOLY': 1, 'UC_NONE': 2, 'SPC_MPOLY': 3}"
21,10,UC,NONE,0.6663993961664808,0.0354392146463281,385210956.8,316126675.6403773,1342859.68,1026478.1885716504,0.7307182351137844,0.0031289787080396,0.07,0.0,GREEDY_HV,"['SPC_MBFLIP', 'SPC_MNUF', 'SBX_MNUF', 'TPC_NONE', 'SBX_MPOLY', 'UC_NONE', 'SPC_MPOLY', 'UC_NONE', 'SPC_MPOLY', 'SPC_MPOLY', 'UC_NONE']","{'SPC_MNUF': 1, 'SBX_MNUF': 1, 'TPC_NONE': 1, 'SBX_MPOLY': 1, 'UC_NONE': 3, 'SPC_MPOLY': 3}"
21,11,SBX,MPOLY,0.6658376172174841,0.0351654833022628,367573295.36,305640952.5569269,1241550.24,953266.4783183882,0.7321773076913229,0.0014590725775385,0.01,0.105,GREEDY_HV,"['SPC_MBFLIP', 'SPC_MNUF', 'SBX_MNUF', 'TPC_NONE', 'SBX_MPOLY', 'UC_NONE', 'SPC_MPOLY', 'UC_NONE', 'SPC_MPOLY', 'SPC_MPOLY', 'UC_NONE', 'SBX_MPOLY']","{'SPC_MNUF': 1, 'SBX_MNUF': 1, 'TPC_NONE': 1, 'SBX_MPOLY': 2, 'UC_NONE': 3, 'SPC_MPOLY': 3}"
21,12,TPC,NONE,0.6661448228541168,0.034597196734796,322443000.32,237769095.22288805,1136833.44,819273.1655036712,0.7329504489355,0.000773141244177,0.07,0.0,GREEDY_HV,"['SPC_MBFLIP', 'SPC_MNUF', 'SBX_MNUF', 'TPC_NONE', 'SBX_MPOLY', 'UC_NONE', 'SPC_MPOLY', 'UC_NONE', 'SPC_MPOLY', 'SPC_MPOLY', 'UC_NONE', 'SBX_MPOLY', 'TPC_NONE']","{'SPC_MNUF': 1, 'SBX_MNUF': 1, 'TPC_NONE': 2, 'SBX_MPOLY': 2, 'UC_NONE': 3, 'SPC_MPOLY': 3}"
21,13,TPC,NONE,0.6650323711779769,0.0357795816366712,322307166.72,255380888.9763629,1028053.92,738883.9122539305,0.7332111307874652,0.0002606818519652,0.07,0.0,GREEDY_HV,"['SPC_MBFLIP', 'SPC_MNUF', 'SBX_MNUF', 'TPC_NONE', 'SBX_MPOLY', 'UC_NONE', 'SPC_MPOLY', 'UC_NONE', 'SPC_MPOLY', 'SPC_MPOLY', 'UC_NONE', 'SBX_MPOLY', 'TPC_NONE', 'TPC_NONE']","{'SPC_MNUF': 1, 'SBX_MNUF': 1, 'TPC_NONE': 3, 'SBX_MPOLY': 2, 'UC_NONE': 3, 'SPC_MPOLY': 3}"
21,14,SPC,NONE,0.6720065002178579,0.0340270026939868,365450490.88,280444530.37753886,1077400.48,662103.4772447654,0.735423767236507,0.0022126364490417,0.02,0.0,GREEDY_HV,"['SPC_MBFLIP', 'SPC_MNUF', 'SBX_MNUF', 'TPC_NONE', 'SBX_MPOLY', 'UC_NONE', 'SPC_MPOLY', 'UC_NONE', 'SPC_MPOLY', 'SPC_MPOLY', 'UC_NONE', 'SBX_MPOLY', 'TPC_NONE', 'TPC_NONE', 'SPC_NONE']","{'SPC_MNUF': 1, 'SBX_MNUF': 1, 'TPC_NONE': 3, 'SBX_MPOLY': 2, 'UC_NONE': 3, 'SPC_MPOLY': 3, 'SPC_NONE': 1}"
21,15,UC,NONE,0.6792089513479306,0.0317328032969476,432360805.12,322446687.62074864,1227951.52,699146.9171981019,0.7355623297890981,0.000138562552591,0.0,0.0,GREEDY_HV,"['SPC_MBFLIP', 'SPC_MNUF', 'SBX_MNUF', 'TPC_NONE', 'SBX_MPOLY', 'UC_NONE', 'SPC_MPOLY', 'UC_NONE', 'SPC_MPOLY', 'SPC_MPOLY', 'UC_NONE', 'SBX_MPOLY', 'TPC_NONE', 'TPC_NONE', 'SPC_NONE', 'UC_NONE']","{'SPC_MNUF': 1, 'SBX_MNUF': 1, 'TPC_NONE': 3, 'SBX_MPOLY': 2, 'UC_NONE': 4, 'SPC_MPOLY': 3, 'SPC_NONE': 1}"
21,16,TPC,NONE,0.6798219307496626,0.0331656440193884,446581875.2,336714477.9184528,1257820.32,720745.5757423817,0.7356389704668838,7.664067778567762e-05,0.01,0.0,GREEDY_HV,"['SPC_MBFLIP', 'SPC_MNUF', 'SBX_MNUF', 'TPC_NONE', 'SBX_MPOLY', 'UC_NONE', 'SPC_MPOLY', 'UC_NONE', 'SPC_MPOLY', 'SPC_MPOLY', 'UC_NONE', 'SBX_MPOLY', 'TPC_NONE', 'TPC_NONE', 'SPC_NONE', 'UC_NONE', 'TPC_NONE']","{'SPC_MNUF': 1, 'SBX_MNUF': 1, 'TPC_NONE': 4, 'SBX_MPOLY': 2, 'UC_NONE': 4, 'SPC_MPOLY': 3, 'SPC_NONE': 1}"
21,17,SPC,NONE,0.6808908538931859,0.0339978921334151,487765568.0,361146008.7392952,1290654.88,748623.4606076579,0.7357151739525605,7.620348567671797e-05,0.01,0.0,GREEDY_HV,"['SPC_MBFLIP', 'SPC_MNUF', 'SBX_MNUF', 'TPC_NONE', 'SBX_MPOLY', 'UC_NONE', 'SPC_MPOLY', 'UC_NONE', 'SPC_MPOLY', 'SPC_MPOLY', 'UC_NONE', 'SBX_MPOLY', 'TPC_NONE', 'TPC_NONE', 'SPC_NONE', 'UC_NONE', 'TPC_NONE', 'SPC_NONE']","{'SPC_MNUF': 1, 'SBX_MNUF': 1, 'TPC_NONE': 4, 'SBX_MPOLY': 2, 'UC_NONE': 4, 'SPC_MPOLY': 3, 'SPC_NONE': 2}"
21,18,SPC,NONE,0.6829715136839772,0.0316301728389327,480075585.28,339422310.8447598,1307803.04,735282.7330139872,0.7358503585185435,0.000135184565983,0.0,0.0,GREEDY_HV,"['SPC_MBFLIP', 'SPC_MNUF', 'SBX_MNUF', 'TPC_NONE', 'SBX_MPOLY', 'UC_NONE', 'SPC_MPOLY', 'UC_NONE', 'SPC_MPOLY', 'SPC_MPOLY', 'UC_NONE', 'SBX_MPOLY', 'TPC_NONE', 'TPC_NONE', 'SPC_NONE', 'UC_NONE', 'TPC_NONE', 'SPC_NONE', 'SPC_NONE']","{'SPC_MNUF': 1, 'SBX_MNUF': 1, 'TPC_NONE': 4, 'SBX_MPOLY': 2, 'UC_NONE': 4, 'SPC_MPOLY': 3, 'SPC_NONE': 3}"
21,19,SPC,NONE,0.6822011368571489,0.0332515975877087,502179919.36,385575715.9730094,1300851.36,765904.9948742666,0.7359172106561157,6.6852137572182e-05,0.0,0.0,GREEDY_HV,"['SPC_MBFLIP', 'SPC_MNUF', 'SBX_MNUF', 'TPC_NONE', 'SBX_MPOLY', 'UC_NONE', 'SPC_MPOLY', 'UC_NONE', 'SPC_MPOLY', 'SPC_MPOLY', 'UC_NONE', 'SBX_MPOLY', 'TPC_NONE', 'TPC_NONE', 'SPC_NONE', 'UC_NONE', 'TPC_NONE', 'SPC_NONE', 'SPC_NONE', 'SPC_NONE']","{'SPC_MNUF': 1, 'SBX_MNUF': 1, 'TPC_NONE': 4, 'SBX_MPOLY': 2, 'UC_NONE': 4, 'SPC_MPOLY': 3, 'SPC_NONE': 4}"
21,20,UC,NONE,0.6829255767385723,0.033194701916244,499756428.8,367240457.92003417,1320463.52,768126.7427621107,0.7359815104727466,6.429981663091944e-05,0.02,0.0,GREEDY_HV,"['SPC_MBFLIP', 'SPC_MNUF', 'SBX_MNUF', 'TPC_NONE', 'SBX_MPOLY', 'UC_NONE', 'SPC_MPOLY', 'UC_NONE', 'SPC_MPOLY', 'SPC_MPOLY', 'UC_NONE', 'SBX_MPOLY', 'TPC_NONE', 'TPC_NONE', 'SPC_NONE', 'UC_NONE', 'TPC_NONE', 'SPC_NONE', 'SPC_NONE', 'SPC_NONE', 'UC_NONE']","{'SPC_MNUF': 1, 'SBX_MNUF': 1, 'TPC_NONE': 4, 'SBX_MPOLY': 2, 'UC_NONE': 5, 'SPC_MPOLY': 3, 'SPC_NONE': 4}"
21,21,TPC,NONE,0.6836537271961325,0.0335851497663707,528354716.16,390982246.2365467,1350336.16,771843.3321490926,0.7360075852557402,2.607478299354593e-05,0.01,0.0,GREEDY_HV,"['SPC_MBFLIP', 'SPC_MNUF', 'SBX_MNUF', 'TPC_NONE', 'SBX_MPOLY', 'UC_NONE', 'SPC_MPOLY', 'UC_NONE', 'SPC_MPOLY', 'SPC_MPOLY', 'UC_NONE', 'SBX_MPOLY', 'TPC_NONE', 'TPC_NONE', 'SPC_NONE', 'UC_NONE', 'TPC_NONE', 'SPC_NONE', 'SPC_NONE', 'SPC_NONE', 'UC_NONE', 'TPC_NONE']","{'SPC_MNUF': 1, 'SBX_MNUF': 1, 'TPC_NONE': 5, 'SBX_MPOLY': 2, 'UC_NONE': 5, 'SPC_MPOLY': 3, 'SPC_NONE': 4}"
21,22,UC,NONE,0.6837938497505263,0.0336856156309861,517526632.96,384955063.481362,1343426.72,788357.9681400332,0.7360463161464398,3.8730890699612e-05,0.0,0.0,GREEDY_HV,"['SPC_MBFLIP', 'SPC_MNUF', 'SBX_MNUF', 'TPC_NONE', 'SBX_MPOLY', 'UC_NONE', 'SPC_MPOLY', 'UC_NONE', 'SPC_MPOLY', 'SPC_MPOLY', 'UC_NONE', 'SBX_MPOLY', 'TPC_NONE', 'TPC_NONE', 'SPC_NONE', 'UC_NONE', 'TPC_NONE', 'SPC_NONE', 'SPC_NONE', 'SPC_NONE', 'UC_NONE', 'TPC_NONE', 'UC_NONE']","{'SPC_MNUF': 1, 'SBX_MNUF': 1, 'TPC_NONE': 5, 'SBX_MPOLY': 2, 'UC_NONE': 6, 'SPC_MPOLY': 3, 'SPC_NONE': 4}"
21,23,SPC,NONE,0.6823244502092174,0.0337704697669068,490226224.64,376378522.88558704,1295165.6,789401.6591516387,0.7360793391470268,3.302300058705132e-05,0.0,0.0,GREEDY_HV,"['SPC_MBFLIP', 'SPC_MNUF', 'SBX_MNUF', 'TPC_NONE', 'SBX_MPOLY', 'UC_NONE', 'SPC_MPOLY', 'UC_NONE', 'SPC_MPOLY', 'SPC_MPOLY', 'UC_NONE', 'SBX_MPOLY', 'TPC_NONE', 'TPC_NONE', 'SPC_NONE', 'UC_NONE', 'TPC_NONE', 'SPC_NONE', 'SPC_NONE', 'SPC_NONE', 'UC_NONE', 'TPC_NONE', 'UC_NONE', 'SPC_NONE']","{'SPC_MNUF': 1, 'SBX_MNUF': 1, 'TPC_NONE': 5, 'SBX_MPOLY': 2, 'UC_NONE': 6, 'SPC_MPOLY': 3, 'SPC_NONE': 5}"
21,24,TPC,NONE,0.6829631933737468,0.0337562274818843,492836364.8,394828985.8458453,1317057.44,800731.3437860708,0.7361021596216663,2.282047463941783e-05,0.0,0.0,GREEDY_HV,"['SPC_MBFLIP', 'SPC_MNUF', 'SBX_MNUF', 'TPC_NONE', 'SBX_MPOLY', 'UC_NONE', 'SPC_MPOLY', 'UC_NONE', 'SPC_MPOLY', 'SPC_MPOLY', 'UC_NONE', 'SBX_MPOLY', 'TPC_NONE', 'TPC_NONE', 'SPC_NONE', 'UC_NONE', 'TPC_NONE', 'SPC_NONE', 'SPC_NONE', 'SPC_NONE', 'UC_NONE', 'TPC_NONE', 'UC_NONE', 'SPC_NONE', 'TPC_NONE']","{'SPC_MNUF': 1, 'SBX_MNUF': 1, 'TPC_NONE': 6, 'SBX_MPOLY': 2, 'UC_NONE': 6, 'SPC_MPOLY': 3, 'SPC_NONE': 5}"
21,25,TPC,NONE,0.6838001013004162,0.0334246460535073,492796812.8,399429714.5556837,1334940.32,790890.7749619398,0.7361353939376176,3.3234315951369275e-05,0.02,0.0,GREEDY_HV,"['SPC_MBFLIP', 'SPC_MNUF', 'SBX_MNUF', 'TPC_NONE', 'SBX_MPOLY', 'UC_NONE', 'SPC_MPOLY', 'UC_NONE', 'SPC_MPOLY', 'SPC_MPOLY', 'UC_NONE', 'SBX_MPOLY', 'TPC_NONE', 'TPC_NONE', 'SPC_NONE', 'UC_NONE', 'TPC_NONE', 'SPC_NONE', 'SPC_NONE', 'SPC_NONE', 'UC_NONE', 'TPC_NONE', 'UC_NONE', 'SPC_NONE', 'TPC_NONE', 'TPC_NONE']","{'SPC_MNUF': 1, 'SBX_MNUF': 1, 'TPC_NONE': 7, 'SBX_MPOLY': 2, 'UC_NONE': 6, 'SPC_MPOLY': 3, 'SPC_NONE': 5}"
21,26,TPC,NONE,0.6832963162546787,0.0346022928822646,486652239.36,386960789.9712731,1349985.44,816223.7471524131,0.7361658841826473,3.049024502965736e-05,0.0,0.0,GREEDY_HV,"['SPC_MBFLIP', 'SPC_MNUF', 'SBX_MNUF', 'TPC_NONE', 'SBX_MPOLY', 'UC_NONE', 'SPC_MPOLY', 'UC_NONE', 'SPC_MPOLY', 'SPC_MPOLY', 'UC_NONE', 'SBX_MPOLY', 'TPC_NONE', 'TPC_NONE', 'SPC_NONE', 'UC_NONE', 'TPC_NONE', 'SPC_NONE', 'SPC_NONE', 'SPC_NONE', 'UC_NONE', 'TPC_NONE', 'UC_NONE', 'SPC_NONE', 'TPC_NONE', 'TPC_NONE', 'TPC_NONE']","{'SPC_MNUF': 1, 'SBX_MNUF': 1, 'TPC_NONE': 8, 'SBX_MPOLY': 2, 'UC_NONE': 6, 'SPC_MPOLY': 3, 'SPC_NONE': 5}"
21,27,TPC,NONE,0.6807550374638381,0.0351219936033331,473969328.64,396550976.6051489,1278562.72,816087.3335905917,0.7361887192872201,2.2835104572793696e-05,0.01,0.0,GREEDY_HV,"['SPC_MBFLIP', 'SPC_MNUF', 'SBX_MNUF', 'TPC_NONE', 'SBX_MPOLY', 'UC_NONE', 'SPC_MPOLY', 'UC_NONE', 'SPC_MPOLY', 'SPC_MPOLY', 'UC_NONE', 'SBX_MPOLY', 'TPC_NONE', 'TPC_NONE', 'SPC_NONE', 'UC_NONE', 'TPC_NONE', 'SPC_NONE', 'SPC_NONE', 'SPC_NONE', 'UC_NONE', 'TPC_NONE', 'UC_NONE', 'SPC_NONE', 'TPC_NONE', 'TPC_NONE', 'TPC_NONE', 'TPC_NONE']","{'SPC_MNUF': 1, 'SBX_MNUF': 1, 'TPC_NONE': 9, 'SBX_MPOLY': 2, 'UC_NONE': 6, 'SPC_MPOLY': 3, 'SPC_NONE': 5}"
21,28,TPC,NONE,0.6817466906902238,0.0351275614214625,472711042.56,385155075.3515752,1283525.28,797573.2193303145,0.7361731908754028,-1.5528411817289367e-05,0.0,0.0,GREEDY_HV,"['SPC_MBFLIP', 'SPC_MNUF', 'SBX_MNUF', 'TPC_NONE', 'SBX_MPOLY', 'UC_NONE', 'SPC_MPOLY', 'UC_NONE', 'SPC_MPOLY', 'SPC_MPOLY', 'UC_NONE', 'SBX_MPOLY', 'TPC_NONE', 'TPC_NONE', 'SPC_NONE', 'UC_NONE', 'TPC_NONE', 'SPC_NONE', 'SPC_NONE', 'SPC_NONE', 'UC_NONE', 'TPC_NONE', 'UC_NONE', 'SPC_NONE', 'TPC_NONE', 'TPC_NONE', 'TPC_NONE', 'TPC_NONE', 'TPC_NONE']","{'SPC_MNUF': 1, 'SBX_MNUF': 1, 'TPC_NONE': 10, 'SBX_MPOLY': 2, 'UC_NONE': 6, 'SPC_MPOLY': 3, 'SPC_NONE': 5}"
21,29,SPC,NONE,0.6798611975957425,0.035399910035101,451835737.6,379741077.0520964,1236325.28,809067.0838482319,0.7361813536457346,8.162770331776592e-06,0.0,0.0,GREEDY_HV,"['SPC_MBFLIP', 'SPC_MNUF', 'SBX_MNUF', 'TPC_NONE', 'SBX_MPOLY', 'UC_NONE', 'SPC_MPOLY', 'UC_NONE', 'SPC_MPOLY', 'SPC_MPOLY', 'UC_NONE', 'SBX_MPOLY', 'TPC_NONE', 'TPC_NONE', 'SPC_NONE', 'UC_NONE', 'TPC_NONE', 'SPC_NONE', 'SPC_NONE', 'SPC_NONE', 'UC_NONE', 'TPC_NONE', 'UC_NONE', 'SPC_NONE', 'TPC_NONE', 'TPC_NONE', 'TPC_NONE', 'TPC_NONE', 'TPC_NONE', 'SPC_NONE']","{'SPC_MNUF': 1, 'SBX_MNUF': 1, 'TPC_NONE': 10, 'SBX_MPOLY': 2, 'UC_NONE': 6, 'SPC_MPOLY': 3, 'SPC_NONE': 6}"
21,30,TPC,NONE,0.6796181471878785,0.0357678210149496,468789122.56,392063525.4688403,1230011.04,825726.3649040392,0.7361832742829377,1.920637203167708e-06,0.01,0.0,GREEDY_HV,"['SPC_MBFLIP', 'SPC_MNUF', 'SBX_MNUF', 'TPC_NONE', 'SBX_MPOLY', 'UC_NONE', 'SPC_MPOLY', 'UC_NONE', 'SPC_MPOLY', 'SPC_MPOLY', 'UC_NONE', 'SBX_MPOLY', 'TPC_NONE', 'TPC_NONE', 'SPC_NONE', 'UC_NONE', 'TPC_NONE', 'SPC_NONE', 'SPC_NONE', 'SPC_NONE', 'UC_NONE', 'TPC_NONE', 'UC_NONE', 'SPC_NONE', 'TPC_NONE', 'TPC_NONE', 'TPC_NONE', 'TPC_NONE', 'TPC_NONE', 'SPC_NONE', 'TPC_NONE']","{'SPC_MNUF': 1, 'SBX_MNUF': 1, 'TPC_NONE': 11, 'SBX_MPOLY': 2, 'UC_NONE': 6, 'SPC_MPOLY': 3, 'SPC_NONE': 6}"
21,31,UC,NONE,0.6812676781838798,0.0353543120229881,497983029.76,400248435.63409394,1237724.32,789529.8835331679,0.7362018748902409,1.8600607303187463e-05,0.0,0.0,GREEDY_HV,"['SPC_MBFLIP', 'SPC_MNUF', 'SBX_MNUF', 'TPC_NONE', 'SBX_MPOLY', 'UC_NONE', 'SPC_MPOLY', 'UC_NONE', 'SPC_MPOLY', 'SPC_MPOLY', 'UC_NONE', 'SBX_MPOLY', 'TPC_NONE', 'TPC_NONE', 'SPC_NONE', 'UC_NONE', 'TPC_NONE', 'SPC_NONE', 'SPC_NONE', 'SPC_NONE', 'UC_NONE', 'TPC_NONE', 'UC_NONE', 'SPC_NONE', 'TPC_NONE', 'TPC_NONE', 'TPC_NONE', 'TPC_NONE', 'TPC_NONE', 'SPC_NONE', 'TPC_NONE', 'UC_NONE']","{'SPC_MNUF': 1, 'SBX_MNUF': 1, 'TPC_NONE': 11, 'SBX_MPOLY': 2, 'UC_NONE': 7, 'SPC_MPOLY': 3, 'SPC_NONE': 6}"
21,32,UC,NONE,0.6823851838892938,0.035634924678149,511898145.28,396439547.39934224,1304804.0,799903.9064719712,0.7361989965742176,-2.878316023302574e-06,0.0,0.0,GREEDY_HV,"['SPC_MBFLIP', 'SPC_MNUF', 'SBX_MNUF', 'TPC_NONE', 'SBX_MPOLY', 'UC_NONE', 'SPC_MPOLY', 'UC_NONE', 'SPC_MPOLY', 'SPC_MPOLY', 'UC_NONE', 'SBX_MPOLY', 'TPC_NONE', 'TPC_NONE', 'SPC_NONE', 'UC_NONE', 'TPC_NONE', 'SPC_NONE', 'SPC_NONE', 'SPC_NONE', 'UC_NONE', 'TPC_NONE', 'UC_NONE', 'SPC_NONE', 'TPC_NONE', 'TPC_NONE', 'TPC_NONE', 'TPC_NONE', 'TPC_NONE', 'SPC_NONE', 'TPC_NONE', 'UC_NONE', 'UC_NONE']","{'SPC_MNUF': 1, 'SBX_MNUF': 1, 'TPC_NONE': 11, 'SBX_MPOLY': 2, 'UC_NONE': 8, 'SPC_MPOLY': 3, 'SPC_NONE': 6}"
21,33,UC,NONE,0.6805314361500101,0.035602959363508,495958351.36,397802310.2941525,1223499.68,806577.5789632995,0.7362184289074345,1.9432333216884423e-05,0.0,0.0,GREEDY_HV,"['SPC_MBFLIP', 'SPC_MNUF', 'SBX_MNUF', 'TPC_NONE', 'SBX_MPOLY', 'UC_NONE', 'SPC_MPOLY', 'UC_NONE', 'SPC_MPOLY', 'SPC_MPOLY', 'UC_NONE', 'SBX_MPOLY', 'TPC_NONE', 'TPC_NONE', 'SPC_NONE', 'UC_NONE', 'TPC_NONE', 'SPC_NONE', 'SPC_NONE', 'SPC_NONE', 'UC_NONE', 'TPC_NONE', 'UC_NONE', 'SPC_NONE', 'TPC_NONE', 'TPC_NONE', 'TPC_NONE', 'TPC_NONE', 'TPC_NONE', 'SPC_NONE', 'TPC_NONE', 'UC_NONE', 'UC_NONE', 'UC_NONE']","{'SPC_MNUF': 1, 'SBX_MNUF': 1, 'TPC_NONE': 11, 'SBX_MPOLY': 2, 'UC_NONE': 9, 'SPC_MPOLY': 3, 'SPC_NONE': 6}"
21,34,SPC,NONE,0.6816221302744665,0.0355284780894657,503815744.0,399524558.3459929,1252743.84,794985.3367277504,0.7362490928634404,3.066395600592742e-05,0.01,0.0,GREEDY_HV,"['SPC_MBFLIP', 'SPC_MNUF', 'SBX_MNUF', 'TPC_NONE', 'SBX_MPOLY', 'UC_NONE', 'SPC_MPOLY', 'UC_NONE', 'SPC_MPOLY', 'SPC_MPOLY', 'UC_NONE', 'SBX_MPOLY', 'TPC_NONE', 'TPC_NONE', 'SPC_NONE', 'UC_NONE', 'TPC_NONE', 'SPC_NONE', 'SPC_NONE', 'SPC_NONE', 'UC_NONE', 'TPC_NONE', 'UC_NONE', 'SPC_NONE', 'TPC_NONE', 'TPC_NONE', 'TPC_NONE', 'TPC_NONE', 'TPC_NONE', 'SPC_NONE', 'TPC_NONE', 'UC_NONE', 'UC_NONE', 'UC_NONE', 'SPC_NONE']","{'SPC_MNUF': 1, 'SBX_MNUF': 1, 'TPC_NONE': 11, 'SBX_MPOLY': 2, 'UC_NONE': 9, 'SPC_MPOLY': 3, 'SPC_NONE': 7}"
21,35,UC,NONE,0.6802737942703988,0.036199769996933,488237473.28,395375157.8168606,1251803.04,811633.075731958,0.7362353793066374,-1.371355680301889e-05,0.0,0.0,GREEDY_HV,"['SPC_MBFLIP', 'SPC_MNUF', 'SBX_MNUF', 'TPC_NONE', 'SBX_MPOLY', 'UC_NONE', 'SPC_MPOLY', 'UC_NONE', 'SPC_MPOLY', 'SPC_MPOLY', 'UC_NONE', 'SBX_MPOLY', 'TPC_NONE', 'TPC_NONE', 'SPC_NONE', 'UC_NONE', 'TPC_NONE', 'SPC_NONE', 'SPC_NONE', 'SPC_NONE', 'UC_NONE', 'TPC_NONE', 'UC_NONE', 'SPC_NONE', 'TPC_NONE', 'TPC_NONE', 'TPC_NONE', 'TPC_NONE', 'TPC_NONE', 'SPC_NONE', 'TPC_NONE', 'UC_NONE', 'UC_NONE', 'UC_NONE', 'SPC_NONE', 'UC_NONE']","{'SPC_MNUF': 1, 'SBX_MNUF': 1, 'TPC_NONE': 11, 'SBX_MPOLY': 2, 'UC_NONE': 10, 'SPC_MPOLY': 3, 'SPC_NONE': 7}"
21,36,SPC,NONE,0.6808871239747631,0.03578881873963,497773969.92,403445617.77633744,1252843.68,812217.2901983666,0.736237976472493,2.597165855600103e-06,0.0,0.0,GREEDY_HV,"['SPC_MBFLIP', 'SPC_MNUF', 'SBX_MNUF', 'TPC_NONE', 'SBX_MPOLY', 'UC_NONE', 'SPC_MPOLY', 'UC_NONE', 'SPC_MPOLY', 'SPC_MPOLY', 'UC_NONE', 'SBX_MPOLY', 'TPC_NONE', 'TPC_NONE', 'SPC_NONE', 'UC_NONE', 'TPC_NONE', 'SPC_NONE', 'SPC_NONE', 'SPC_NONE', 'UC_NONE', 'TPC_NONE', 'UC_NONE', 'SPC_NONE', 'TPC_NONE', 'TPC_NONE', 'TPC_NONE', 'TPC_NONE', 'TPC_NONE', 'SPC_NONE', 'TPC_NONE', 'UC_NONE', 'UC_NONE', 'UC_NONE', 'SPC_NONE', 'UC_NONE', 'SPC_NONE']","{'SPC_MNUF': 1, 'SBX_MNUF': 1, 'TPC_NONE': 11, 'SBX_MPOLY': 2, 'UC_NONE': 10, 'SPC_MPOLY': 3, 'SPC_NONE': 8}"
21,37,TPC,NONE,0.6822514546588474,0.0345631953178335,480135545.6,385229594.0848497,1271846.56,797970.901228564,0.7362315935938346,-6.382878658395264e-06,0.01,0.0,GREEDY_HV,"['SPC_MBFLIP', 'SPC_MNUF', 'SBX_MNUF', 'TPC_NONE', 'SBX_MPOLY', 'UC_NONE', 'SPC_MPOLY', 'UC_NONE', 'SPC_MPOLY', 'SPC_MPOLY', 'UC_NONE', 'SBX_MPOLY', 'TPC_NONE', 'TPC_NONE', 'SPC_NONE', 'UC_NONE', 'TPC_NONE', 'SPC_NONE', 'SPC_NONE', 'SPC_NONE', 'UC_NONE', 'TPC_NONE', 'UC_NONE', 'SPC_NONE', 'TPC_NONE', 'TPC_NONE', 'TPC_NONE', 'TPC_NONE', 'TPC_NONE', 'SPC_NONE', 'TPC_NONE', 'UC_NONE', 'UC_NONE', 'UC_NONE', 'SPC_NONE', 'UC_NONE', 'SPC_NONE', 'TPC_NONE']","{'SPC_MNUF': 1, 'SBX_MNUF': 1, 'TPC_NONE': 12, 'SBX_MPOLY': 2, 'UC_NONE': 10, 'SPC_MPOLY': 3, 'SPC_NONE': 8}"
21,38,UC,NONE,0.6802278961024533,0.035545581339995,457288235.52,370752368.4800554,1225684.64,796934.5785848612,0.7362388852945747,7.29170074009744e-06,0.0,0.0,GREEDY_HV,"['SPC_MBFLIP', 'SPC_MNUF', 'SBX_MNUF', 'TPC_NONE', 'SBX_MPOLY', 'UC_NONE', 'SPC_MPOLY', 'UC_NONE', 'SPC_MPOLY', 'SPC_MPOLY', 'UC_NONE', 'SBX_MPOLY', 'TPC_NONE', 'TPC_NONE', 'SPC_NONE', 'UC_NONE', 'TPC_NONE', 'SPC_NONE', 'SPC_NONE', 'SPC_NONE', 'UC_NONE', 'TPC_NONE', 'UC_NONE', 'SPC_NONE', 'TPC_NONE', 'TPC_NONE', 'TPC_NONE', 'TPC_NONE', 'TPC_NONE', 'SPC_NONE', 'TPC_NONE', 'UC_NONE', 'UC_NONE', 'UC_NONE', 'SPC_NONE', 'UC_NONE', 'SPC_NONE', 'TPC_NONE', 'UC_NONE']","{'SPC_MNUF': 1, 'SBX_MNUF': 1, 'TPC_NONE': 12, 'SBX_MPOLY': 2, 'UC_NONE': 11, 'SPC_MPOLY': 3, 'SPC_NONE': 8}"
21,39,UC,NONE,0.6808047710971766,0.0346284473500493,444677793.28,361923355.7769267,1219301.28,776152.9050829877,0.7362413666940231,2.4813994483618984e-06,0.0,0.0,GREEDY_HV,"['SPC_MBFLIP', 'SPC_MNUF', 'SBX_MNUF', 'TPC_NONE', 'SBX_MPOLY', 'UC_NONE', 'SPC_MPOLY', 'UC_NONE', 'SPC_MPOLY', 'SPC_MPOLY', 'UC_NONE', 'SBX_MPOLY', 'TPC_NONE', 'TPC_NONE', 'SPC_NONE', 'UC_NONE', 'TPC_NONE', 'SPC_NONE', 'SPC_NONE', 'SPC_NONE', 'UC_NONE', 'TPC_NONE', 'UC_NONE', 'SPC_NONE', 'TPC_NONE', 'TPC_NONE', 'TPC_NONE', 'TPC_NONE', 'TPC_NONE', 'SPC_NONE', 'TPC_NONE', 'UC_NONE', 'UC_NONE', 'UC_NONE', 'SPC_NONE', 'UC_NONE', 'SPC_NONE', 'TPC_NONE', 'UC_NONE', 'UC_NONE']","{'SPC_MNUF': 1, 'SBX_MNUF': 1, 'TPC_NONE': 12, 'SBX_MPOLY': 2, 'UC_NONE': 12, 'SPC_MPOLY': 3, 'SPC_NONE': 8}"
21,40,UC,NONE,0.6792190963744323,0.0358261008625183,438350440.96,360731341.64574313,1234405.28,819385.6044729864,0.736230756998375,-1.0609695648033934e-05,0.0,0.0,GREEDY_HV,"['SPC_MBFLIP', 'SPC_MNUF', 'SBX_MNUF', 'TPC_NONE', 'SBX_MPOLY', 'UC_NONE', 'SPC_MPOLY', 'UC_NONE', 'SPC_MPOLY', 'SPC_MPOLY', 'UC_NONE', 'SBX_MPOLY', 'TPC_NONE', 'TPC_NONE', 'SPC_NONE', 'UC_NONE', 'TPC_NONE', 'SPC_NONE', 'SPC_NONE', 'SPC_NONE', 'UC_NONE', 'TPC_NONE', 'UC_NONE', 'SPC_NONE', 'TPC_NONE', 'TPC_NONE', 'TPC_NONE', 'TPC_NONE', 'TPC_NONE', 'SPC_NONE', 'TPC_NONE', 'UC_NONE', 'UC_NONE', 'UC_NONE', 'SPC_NONE', 'UC_NONE', 'SPC_NONE', 'TPC_NONE', 'UC_NONE', 'UC_NONE', 'UC_NONE']","{'SPC_MNUF': 1, 'SBX_MNUF': 1, 'TPC_NONE': 12, 'SBX_MPOLY': 2, 'UC_NONE': 13, 'SPC_MPOLY': 3, 'SPC_NONE': 8}"
21,41,SPC,NONE,0.680425363337952,0.0354968345608229,454728025.6,370167577.46167386,1251014.56,795700.184616597,0.736253382253804,2.2625255428954105e-05,0.0,0.0,GREEDY_HV,"['SPC_MBFLIP', 'SPC_MNUF', 'SBX_MNUF', 'TPC_NONE', 'SBX_MPOLY', 'UC_NONE', 'SPC_MPOLY', 'UC_NONE', 'SPC_MPOLY', 'SPC_MPOLY', 'UC_NONE', 'SBX_MPOLY', 'TPC_NONE', 'TPC_NONE', 'SPC_NONE', 'UC_NONE', 'TPC_NONE', 'SPC_NONE', 'SPC_NONE', 'SPC_NONE', 'UC_NONE', 'TPC_NONE', 'UC_NONE', 'SPC_NONE', 'TPC_NONE', 'TPC_NONE', 'TPC_NONE', 'TPC_NONE', 'TPC_NONE', 'SPC_NONE', 'TPC_NONE', 'UC_NONE', 'UC_NONE', 'UC_NONE', 'SPC_NONE', 'UC_NONE', 'SPC_NONE', 'TPC_NONE', 'UC_NONE', 'UC_NONE', 'UC_NONE', 'SPC_NONE']","{'SPC_MNUF': 1, 'SBX_MNUF': 1, 'TPC_NONE': 12, 'SBX_MPOLY': 2, 'UC_NONE': 13, 'SPC_MPOLY': 3, 'SPC_NONE': 9}"
21,42,UC,NONE,0.6796295683691375,0.0354947727392949,427787491.84,347666804.7088065,1236654.24,805947.1863765405,0.7362632205374501,9.83828364609085e-06,0.0,0.0,GREEDY_HV,"['SPC_MBFLIP', 'SPC_MNUF', 'SBX_MNUF', 'TPC_NONE', 'SBX_MPOLY', 'UC_NONE', 'SPC_MPOLY', 'UC_NONE', 'SPC_MPOLY', 'SPC_MPOLY', 'UC_NONE', 'SBX_MPOLY', 'TPC_NONE', 'TPC_NONE', 'SPC_NONE', 'UC_NONE', 'TPC_NONE', 'SPC_NONE', 'SPC_NONE', 'SPC_NONE', 'UC_NONE', 'TPC_NONE', 'UC_NONE', 'SPC_NONE', 'TPC_NONE', 'TPC_NONE', 'TPC_NONE', 'TPC_NONE', 'TPC_NONE', 'SPC_NONE', 'TPC_NONE', 'UC_NONE', 'UC_NONE', 'UC_NONE', 'SPC_NONE', 'UC_NONE', 'SPC_NONE', 'TPC_NONE', 'UC_NONE', 'UC_NONE', 'UC_NONE', 'SPC_NONE', 'UC_NONE']","{'SPC_MNUF': 1, 'SBX_MNUF': 1, 'TPC_NONE': 12, 'SBX_MPOLY': 2, 'UC_NONE': 14, 'SPC_MPOLY': 3, 'SPC_NONE': 9}"
21,43,UC,NONE,0.6789829692762055,0.0355251629597482,441740039.68,376141232.1296435,1205949.6,794941.8147945165,0.7362804430221787,1.7222484728574017e-05,0.0,0.0,GREEDY_HV,"['SPC_MBFLIP', 'SPC_MNUF', 'SBX_MNUF', 'TPC_NONE', 'SBX_MPOLY', 'UC_NONE', 'SPC_MPOLY', 'UC_NONE', 'SPC_MPOLY', 'SPC_MPOLY', 'UC_NONE', 'SBX_MPOLY', 'TPC_NONE', 'TPC_NONE', 'SPC_NONE', 'UC_NONE', 'TPC_NONE', 'SPC_NONE', 'SPC_NONE', 'SPC_NONE', 'UC_NONE', 'TPC_NONE', 'UC_NONE', 'SPC_NONE', 'TPC_NONE', 'TPC_NONE', 'TPC_NONE', 'TPC_NONE', 'TPC_NONE', 'SPC_NONE', 'TPC_NONE', 'UC_NONE', 'UC_NONE', 'UC_NONE', 'SPC_NONE', 'UC_NONE', 'SPC_NONE', 'TPC_NONE', 'UC_NONE', 'UC_NONE', 'UC_NONE', 'SPC_NONE', 'UC_NONE', 'UC_NONE']","{'SPC_MNUF': 1, 'SBX_MNUF': 1, 'TPC_NONE': 12, 'SBX_MPOLY': 2, 'UC_NONE': 15, 'SPC_MPOLY': 3, 'SPC_NONE': 9}"
21,44,TPC,NONE,0.6802995949338253,0.035965135605449,466593733.12,378765304.1645816,1266133.92,812862.3476978089,0.7362519906078488,-2.845241432980483e-05,0.0,0.0,GREEDY_HV,"['SPC_MBFLIP', 'SPC_MNUF', 'SBX_MNUF', 'TPC_NONE', 'SBX_MPOLY', 'UC_NONE', 'SPC_MPOLY', 'UC_NONE', 'SPC_MPOLY', 'SPC_MPOLY', 'UC_NONE', 'SBX_MPOLY', 'TPC_NONE', 'TPC_NONE', 'SPC_NONE', 'UC_NONE', 'TPC_NONE', 'SPC_NONE', 'SPC_NONE', 'SPC_NONE', 'UC_NONE', 'TPC_NONE', 'UC_NONE', 'SPC_NONE', 'TPC_NONE', 'TPC_NONE', 'TPC_NONE', 'TPC_NONE', 'TPC_NONE', 'SPC_NONE', 'TPC_NONE', 'UC_NONE', 'UC_NONE', 'UC_NONE', 'SPC_NONE', 'UC_NONE', 'SPC_NONE', 'TPC_NONE', 'UC_NONE', 'UC_NONE', 'UC_NONE', 'SPC_NONE', 'UC_NONE', 'UC_NONE', 'TPC_NONE']","{'SPC_MNUF': 1, 'SBX_MNUF': 1, 'TPC_NONE': 13, 'SBX_MPOLY': 2, 'UC_NONE': 15, 'SPC_MPOLY': 3, 'SPC_NONE': 9}"
21,45,UC,NONE,0.6802944949934079,0.0350794569965646,459427146.24,378358610.0525004,1198523.04,785255.6095978164,0.7362733254268572,2.1334819008345107e-05,0.01,0.0,GREEDY_HV,"['SPC_MBFLIP', 'SPC_MNUF', 'SBX_MNUF', 'TPC_NONE', 'SBX_MPOLY', 'UC_NONE', 'SPC_MPOLY', 'UC_NONE', 'SPC_MPOLY', 'SPC_MPOLY', 'UC_NONE', 'SBX_MPOLY', 'TPC_NONE', 'TPC_NONE', 'SPC_NONE', 'UC_NONE', 'TPC_NONE', 'SPC_NONE', 'SPC_NONE', 'SPC_NONE', 'UC_NONE', 'TPC_NONE', 'UC_NONE', 'SPC_NONE', 'TPC_NONE', 'TPC_NONE', 'TPC_NONE', 'TPC_NONE', 'TPC_NONE', 'SPC_NONE', 'TPC_NONE', 'UC_NONE', 'UC_NONE', 'UC_NONE', 'SPC_NONE', 'UC_NONE', 'SPC_NONE', 'TPC_NONE', 'UC_NONE', 'UC_NONE', 'UC_NONE', 'SPC_NONE', 'UC_NONE', 'UC_NONE', 'TPC_NONE', 'UC_NONE']","{'SPC_MNUF': 1, 'SBX_MNUF': 1, 'TPC_NONE': 13, 'SBX_MPOLY': 2, 'UC_NONE': 16, 'SPC_MPOLY': 3, 'SPC_NONE': 9}"
21,46,SPC,NONE,0.6811338817567756,0.0357623216497386,490055411.2,394149429.20611024,1259241.12,818532.8718409453,0.7363049353048756,3.160987801842374e-05,0.01,0.0,GREEDY_HV,"['SPC_MBFLIP', 'SPC_MNUF', 'SBX_MNUF', 'TPC_NONE', 'SBX_MPOLY', 'UC_NONE', 'SPC_MPOLY', 'UC_NONE', 'SPC_MPOLY', 'SPC_MPOLY', 'UC_NONE', 'SBX_MPOLY', 'TPC_NONE', 'TPC_NONE', 'SPC_NONE', 'UC_NONE', 'TPC_NONE', 'SPC_NONE', 'SPC_NONE', 'SPC_NONE', 'UC_NONE', 'TPC_NONE', 'UC_NONE', 'SPC_NONE', 'TPC_NONE', 'TPC_NONE', 'TPC_NONE', 'TPC_NONE', 'TPC_NONE', 'SPC_NONE', 'TPC_NONE', 'UC_NONE', 'UC_NONE', 'UC_NONE', 'SPC_NONE', 'UC_NONE', 'SPC_NONE', 'TPC_NONE', 'UC_NONE', 'UC_NONE', 'UC_NONE', 'SPC_NONE', 'UC_NONE', 'UC_NONE', 'TPC_NONE', 'UC_NONE', 'SPC_NONE']","{'SPC_MNUF': 1, 'SBX_MNUF': 1, 'TPC_NONE': 13, 'SBX_MPOLY': 2, 'UC_NONE': 16, 'SPC_MPOLY': 3, 'SPC_NONE': 10}"
21,47,UC,NONE,0.6827562461536749,0.0354665566703266,482013273.6,372495237.6749557,1321853.6,816853.039146112,0.7362905287592496,-1.440654562601118e-05,0.0,0.0,GREEDY_HV,"['SPC_MBFLIP', 'SPC_MNUF', 'SBX_MNUF', 'TPC_NONE', 'SBX_MPOLY', 'UC_NONE', 'SPC_MPOLY', 'UC_NONE', 'SPC_MPOLY', 'SPC_MPOLY', 'UC_NONE', 'SBX_MPOLY', 'TPC_NONE', 'TPC_NONE', 'SPC_NONE', 'UC_NONE', 'TPC_NONE', 'SPC_NONE', 'SPC_NONE', 'SPC_NONE', 'UC_NONE', 'TPC_NONE', 'UC_NONE', 'SPC_NONE', 'TPC_NONE', 'TPC_NONE', 'TPC_NONE', 'TPC_NONE', 'TPC_NONE', 'SPC_NONE', 'TPC_NONE', 'UC_NONE', 'UC_NONE', 'UC_NONE', 'SPC_NONE', 'UC_NONE', 'SPC_NONE', 'TPC_NONE', 'UC_NONE', 'UC_NONE', 'UC_NONE', 'SPC_NONE', 'UC_NONE', 'UC_NONE', 'TPC_NONE', 'UC_NONE', 'SPC_NONE', 'UC_NONE']","{'SPC_MNUF': 1, 'SBX_MNUF': 1, 'TPC_NONE': 13, 'SBX_MPOLY': 2, 'UC_NONE': 17, 'SPC_MPOLY': 3, 'SPC_NONE': 10}"
21,48,SBX,NONE,0.6833198947028708,0.0337487653282868,459854483.2,345901001.6642756,1305166.24,798952.6272631328,0.7376450032002966,0.0013544744410469,0.01,0.0,GREEDY_HV,"['SPC_MBFLIP', 'SPC_MNUF', 'SBX_MNUF', 'TPC_NONE', 'SBX_MPOLY', 'UC_NONE', 'SPC_MPOLY', 'UC_NONE', 'SPC_MPOLY', 'SPC_MPOLY', 'UC_NONE', 'SBX_MPOLY', 'TPC_NONE', 'TPC_NONE', 'SPC_NONE', 'UC_NONE', 'TPC_NONE', 'SPC_NONE', 'SPC_NONE', 'SPC_NONE', 'UC_NONE', 'TPC_NONE', 'UC_NONE', 'SPC_NONE', 'TPC_NONE', 'TPC_NONE', 'TPC_NONE', 'TPC_NONE', 'TPC_NONE', 'SPC_NONE', 'TPC_NONE', 'UC_NONE', 'UC_NONE', 'UC_NONE', 'SPC_NONE', 'UC_NONE', 'SPC_NONE', 'TPC_NONE', 'UC_NONE', 'UC_NONE', 'UC_NONE', 'SPC_NONE', 'UC_NONE', 'UC_NONE', 'TPC_NONE', 'UC_NONE', 'SPC_NONE', 'UC_NONE', 'SBX_NONE']","{'SPC_MNUF': 1, 'SBX_MNUF': 1, 'TPC_NONE': 13, 'SBX_MPOLY': 2, 'UC_NONE': 17, 'SPC_MPOLY': 3, 'SPC_NONE': 10, 'SBX_NONE': 1}"
21,49,TPC,NONE,0.680116286590625,0.0357489569654411,457082549.76,366619297.1586445,1230354.08,806944.9871470504,0.7376638173446151,1.881414431847972e-05,0.01,0.0,GREEDY_HV,"['SPC_MBFLIP', 'SPC_MNUF', 'SBX_MNUF', 'TPC_NONE', 'SBX_MPOLY', 'UC_NONE', 'SPC_MPOLY', 'UC_NONE', 'SPC_MPOLY', 'SPC_MPOLY', 'UC_NONE', 'SBX_MPOLY', 'TPC_NONE', 'TPC_NONE', 'SPC_NONE', 'UC_NONE', 'TPC_NONE', 'SPC_NONE', 'SPC_NONE', 'SPC_NONE', 'UC_NONE', 'TPC_NONE', 'UC_NONE', 'SPC_NONE', 'TPC_NONE', 'TPC_NONE', 'TPC_NONE', 'TPC_NONE', 'TPC_NONE', 'SPC_NONE', 'TPC_NONE', 'UC_NONE', 'UC_NONE', 'UC_NONE', 'SPC_NONE', 'UC_NONE', 'SPC_NONE', 'TPC_NONE', 'UC_NONE', 'UC_NONE', 'UC_NONE', 'SPC_NONE', 'UC_NONE', 'UC_NONE', 'TPC_NONE', 'UC_NONE', 'SPC_NONE', 'UC_NONE', 'SBX_NONE', 'TPC_NONE']","{'SPC_MNUF': 1, 'SBX_MNUF': 1, 'TPC_NONE': 14, 'SBX_MPOLY': 2, 'UC_NONE': 17, 'SPC_MPOLY': 3, 'SPC_NONE': 10, 'SBX_NONE': 1}"
21,50,SPC,NONE,0.6801973810160876,0.0363586078181728,443890110.72,332778945.7159968,1216329.12,771539.2813679584,0.7377122983281025,4.8480983487420026e-05,0.0,0.0,GREEDY_HV,"['SPC_MBFLIP', 'SPC_MNUF', 'SBX_MNUF', 'TPC_NONE', 'SBX_MPOLY', 'UC_NONE', 'SPC_MPOLY', 'UC_NONE', 'SPC_MPOLY', 'SPC_MPOLY', 'UC_NONE', 'SBX_MPOLY', 'TPC_NONE', 'TPC_NONE', 'SPC_NONE', 'UC_NONE', 'TPC_NONE', 'SPC_NONE', 'SPC_NONE', 'SPC_NONE', 'UC_NONE', 'TPC_NONE', 'UC_NONE', 'SPC_NONE', 'TPC_NONE', 'TPC_NONE', 'TPC_NONE', 'TPC_NONE', 'TPC_NONE', 'SPC_NONE', 'TPC_NONE', 'UC_NONE', 'UC_NONE', 'UC_NONE', 'SPC_NONE', 'UC_NONE', 'SPC_NONE', 'TPC_NONE', 'UC_NONE', 'UC_NONE', 'UC_NONE', 'SPC_NONE', 'UC_NONE', 'UC_NONE', 'TPC_NONE', 'UC_NONE', 'SPC_NONE', 'UC_NONE', 'SBX_NONE', 'TPC_NONE', 'SPC_NONE']","{'SPC_MNUF': 1, 'SBX_MNUF': 1, 'TPC_NONE': 14, 'SBX_MPOLY': 2, 'UC_NONE': 17, 'SPC_MPOLY': 3, 'SPC_NONE': 11, 'SBX_NONE': 1}"
21,51,TPC,NONE,0.6827558010227633,0.0338633666185132,455378681.6,338906247.21683204,1235369.12,753929.7101000501,0.7376972088514742,-1.5089476628316056e-05,0.0,0.0,GREEDY_HV,"['SPC_MBFLIP', 'SPC_MNUF', 'SBX_MNUF', 'TPC_NONE', 'SBX_MPOLY', 'UC_NONE', 'SPC_MPOLY', 'UC_NONE', 'SPC_MPOLY', 'SPC_MPOLY', 'UC_NONE', 'SBX_MPOLY', 'TPC_NONE', 'TPC_NONE', 'SPC_NONE', 'UC_NONE', 'TPC_NONE', 'SPC_NONE', 'SPC_NONE', 'SPC_NONE', 'UC_NONE', 'TPC_NONE', 'UC_NONE', 'SPC_NONE', 'TPC_NONE', 'TPC_NONE', 'TPC_NONE', 'TPC_NONE', 'TPC_NONE', 'SPC_NONE', 'TPC_NONE', 'UC_NONE', 'UC_NONE', 'UC_NONE', 'SPC_NONE', 'UC_NONE', 'SPC_NONE', 'TPC_NONE', 'UC_NONE', 'UC_NONE', 'UC_NONE', 'SPC_NONE', 'UC_NONE', 'UC_NONE', 'TPC_NONE', 'UC_NONE', 'SPC_NONE', 'UC_NONE', 'SBX_NONE', 'TPC_NONE', 'SPC_NONE', 'TPC_NONE']","{'SPC_MNUF': 1, 'SBX_MNUF': 1, 'TPC_NONE': 15, 'SBX_MPOLY': 2, 'UC_NONE': 17, 'SPC_MPOLY': 3, 'SPC_NONE': 11, 'SBX_NONE': 1}"
21,52,SPC,NONE,0.6814577520653557,0.0352488523087562,454142113.28,348003375.5291363,1226035.36,761629.2015709943,0.7377085347148898,1.132586341567876e-05,0.0,0.0,GREEDY_HV,"['SPC_MBFLIP', 'SPC_MNUF', 'SBX_MNUF', 'TPC_NONE', 'SBX_MPOLY', 'UC_NONE', 'SPC_MPOLY', 'UC_NONE', 'SPC_MPOLY', 'SPC_MPOLY', 'UC_NONE', 'SBX_MPOLY', 'TPC_NONE', 'TPC_NONE', 'SPC_NONE', 'UC_NONE', 'TPC_NONE', 'SPC_NONE', 'SPC_NONE', 'SPC_NONE', 'UC_NONE', 'TPC_NONE', 'UC_NONE', 'SPC_NONE', 'TPC_NONE', 'TPC_NONE', 'TPC_NONE', 'TPC_NONE', 'TPC_NONE', 'SPC_NONE', 'TPC_NONE', 'UC_NONE', 'UC_NONE', 'UC_NONE', 'SPC_NONE', 'UC_NONE', 'SPC_NONE', 'TPC_NONE', 'UC_NONE', 'UC_NONE', 'UC_NONE', 'SPC_NONE', 'UC_NONE', 'UC_NONE', 'TPC_NONE', 'UC_NONE', 'SPC_NONE', 'UC_NONE', 'SBX_NONE', 'TPC_NONE', 'SPC_NONE', 'TPC_NONE', 'SPC_NONE']","{'SPC_MNUF': 1, 'SBX_MNUF': 1, 'TPC_NONE': 15, 'SBX_MPOLY': 2, 'UC_NONE': 17, 'SPC_MPOLY': 3, 'SPC_NONE': 12, 'SBX_NONE': 1}"
21,53,SPC,NONE,0.6792965736787073,0.035152723374172,414590159.36,314280608.95715857,1155644.32,758900.1098089637,0.7377492761441856,4.07414292957764e-05,0.0,0.0,GREEDY_HV,"['SPC_MBFLIP', 'SPC_MNUF', 'SBX_MNUF', 'TPC_NONE', 'SBX_MPOLY', 'UC_NONE', 'SPC_MPOLY', 'UC_NONE', 'SPC_MPOLY', 'SPC_MPOLY', 'UC_NONE', 'SBX_MPOLY', 'TPC_NONE', 'TPC_NONE', 'SPC_NONE', 'UC_NONE', 'TPC_NONE', 'SPC_NONE', 'SPC_NONE', 'SPC_NONE', 'UC_NONE', 'TPC_NONE', 'UC_NONE', 'SPC_NONE', 'TPC_NONE', 'TPC_NONE', 'TPC_NONE', 'TPC_NONE', 'TPC_NONE', 'SPC_NONE', 'TPC_NONE', 'UC_NONE', 'UC_NONE', 'UC_NONE', 'SPC_NONE', 'UC_NONE', 'SPC_NONE', 'TPC_NONE', 'UC_NONE', 'UC_NONE', 'UC_NONE', 'SPC_NONE', 'UC_NONE', 'UC_NONE', 'TPC_NONE', 'UC_NONE', 'SPC_NONE', 'UC_NONE', 'SBX_NONE', 'TPC_NONE', 'SPC_NONE', 'TPC_NONE', 'SPC_NONE', 'SPC_NONE']","{'SPC_MNUF': 1, 'SBX_MNUF': 1, 'TPC_NONE': 15, 'SBX_MPOLY': 2, 'UC_NONE': 17, 'SPC_MPOLY': 3, 'SPC_NONE': 13, 'SBX_NONE': 1}"
21,54,UC,NONE,0.6815951840617825,0.0352774073861338,436763502.08,309436682.4791345,1227234.72,767762.7894989193,0.7377407298777834,-8.546266402231772e-06,0.0,0.0,GREEDY_HV,"['SPC_MBFLIP', 'SPC_MNUF', 'SBX_MNUF', 'TPC_NONE', 'SBX_MPOLY', 'UC_NONE', 'SPC_MPOLY', 'UC_NONE', 'SPC_MPOLY', 'SPC_MPOLY', 'UC_NONE', 'SBX_MPOLY', 'TPC_NONE', 'TPC_NONE', 'SPC_NONE', 'UC_NONE', 'TPC_NONE', 'SPC_NONE', 'SPC_NONE', 'SPC_NONE', 'UC_NONE', 'TPC_NONE', 'UC_NONE', 'SPC_NONE', 'TPC_NONE', 'TPC_NONE', 'TPC_NONE', 'TPC_NONE', 'TPC_NONE', 'SPC_NONE', 'TPC_NONE', 'UC_NONE', 'UC_NONE', 'UC_NONE', 'SPC_NONE', 'UC_NONE', 'SPC_NONE', 'TPC_NONE', 'UC_NONE', 'UC_NONE', 'UC_NONE', 'SPC_NONE', 'UC_NONE', 'UC_NONE', 'TPC_NONE', 'UC_NONE', 'SPC_NONE', 'UC_NONE', 'SBX_NONE', 'TPC_NONE', 'SPC_NONE', 'TPC_NONE', 'SPC_NONE', 'SPC_NONE', 'UC_NONE']","{'SPC_MNUF': 1, 'SBX_MNUF': 1, 'TPC_NONE': 15, 'SBX_MPOLY': 2, 'UC_NONE': 18, 'SPC_MPOLY': 3, 'SPC_NONE': 13, 'SBX_NONE': 1}"
21,55,TPC,NONE,0.6812300597103146,0.0356660998867972,448293905.92,322817758.05434006,1223458.72,780976.8678880838,0.7377326348819522,-8.094995831209317e-06,0.0,0.0,GREEDY_HV,"['SPC_MBFLIP', 'SPC_MNUF', 'SBX_MNUF', 'TPC_NONE', 'SBX_MPOLY', 'UC_NONE', 'SPC_MPOLY', 'UC_NONE', 'SPC_MPOLY', 'SPC_MPOLY', 'UC_NONE', 'SBX_MPOLY', 'TPC_NONE', 'TPC_NONE', 'SPC_NONE', 'UC_NONE', 'TPC_NONE', 'SPC_NONE', 'SPC_NONE', 'SPC_NONE', 'UC_NONE', 'TPC_NONE', 'UC_NONE', 'SPC_NONE', 'TPC_NONE', 'TPC_NONE', 'TPC_NONE', 'TPC_NONE', 'TPC_NONE', 'SPC_NONE', 'TPC_NONE', 'UC_NONE', 'UC_NONE', 'UC_NONE', 'SPC_NONE', 'UC_NONE', 'SPC_NONE', 'TPC_NONE', 'UC_NONE', 'UC_NONE', 'UC_NONE', 'SPC_NONE', 'UC_NONE', 'UC_NONE', 'TPC_NONE', 'UC_NONE', 'SPC_NONE', 'UC_NONE', 'SBX_NONE', 'TPC_NONE', 'SPC_NONE', 'TPC_NONE', 'SPC_NONE', 'SPC_NONE', 'UC_NONE', 'TPC_NONE']","{'SPC_MNUF': 1, 'SBX_MNUF': 1, 'TPC_NONE': 16, 'SBX_MPOLY': 2, 'UC_NONE': 18, 'SPC_MPOLY': 3, 'SPC_NONE': 13, 'SBX_NONE': 1}"
21,56,SPC,NONE,0.6822686288959529,0.0349455828358069,420143555.84,291851030.7703741,1254846.88,764483.8679144678,0.7377665150878153,3.3880205863146e-05,0.01,0.0,GREEDY_HV,"['SPC_MBFLIP', 'SPC_MNUF', 'SBX_MNUF', 'TPC_NONE', 'SBX_MPOLY', 'UC_NONE', 'SPC_MPOLY', 'UC_NONE', 'SPC_MPOLY', 'SPC_MPOLY', 'UC_NONE', 'SBX_MPOLY', 'TPC_NONE', 'TPC_NONE', 'SPC_NONE', 'UC_NONE', 'TPC_NONE', 'SPC_NONE', 'SPC_NONE', 'SPC_NONE', 'UC_NONE', 'TPC_NONE', 'UC_NONE', 'SPC_NONE', 'TPC_NONE', 'TPC_NONE', 'TPC_NONE', 'TPC_NONE', 'TPC_NONE', 'SPC_NONE', 'TPC_NONE', 'UC_NONE', 'UC_NONE', 'UC_NONE', 'SPC_NONE', 'UC_NONE', 'SPC_NONE', 'TPC_NONE', 'UC_NONE', 'UC_NONE', 'UC_NONE', 'SPC_NONE', 'UC_NONE', 'UC_NONE', 'TPC_NONE', 'UC_NONE', 'SPC_NONE', 'UC_NONE', 'SBX_NONE', 'TPC_NONE', 'SPC_NONE', 'TPC_NONE', 'SPC_NONE', 'SPC_NONE', 'UC_NONE', 'TPC_NONE', 'SPC_NONE']","{'SPC_MNUF': 1, 'SBX_MNUF': 1, 'TPC_NONE': 16, 'SBX_MPOLY': 2, 'UC_NONE': 18, 'SPC_MPOLY': 3, 'SPC_NONE': 14, 'SBX_NONE': 1}"
21,57,TPC,NONE,0.6818058751698544,0.0341869290118403,418489745.92,297530863.51916945,1224064.16,766137.9842821884,0.737749969962094,-1.654512572135669e-05,0.0,0.0,GREEDY_HV,"['SPC_MBFLIP', 'SPC_MNUF', 'SBX_MNUF', 'TPC_NONE', 'SBX_MPOLY', 'UC_NONE', 'SPC_MPOLY', 'UC_NONE', 'SPC_MPOLY', 'SPC_MPOLY', 'UC_NONE', 'SBX_MPOLY', 'TPC_NONE', 'TPC_NONE', 'SPC_NONE', 'UC_NONE', 'TPC_NONE', 'SPC_NONE', 'SPC_NONE', 'SPC_NONE', 'UC_NONE', 'TPC_NONE', 'UC_NONE', 'SPC_NONE', 'TPC_NONE', 'TPC_NONE', 'TPC_NONE', 'TPC_NONE', 'TPC_NONE', 'SPC_NONE', 'TPC_NONE', 'UC_NONE', 'UC_NONE', 'UC_NONE', 'SPC_NONE', 'UC_NONE', 'SPC_NONE', 'TPC_NONE', 'UC_NONE', 'UC_NONE', 'UC_NONE', 'SPC_NONE', 'UC_NONE', 'UC_NONE', 'TPC_NONE', 'UC_NONE', 'SPC_NONE', 'UC_NONE', 'SBX_NONE', 'TPC_NONE', 'SPC_NONE', 'TPC_NONE', 'SPC_NONE', 'SPC_NONE', 'UC_NONE', 'TPC_NONE', 'SPC_NONE', 'TPC_NONE']","{'SPC_MNUF': 1, 'SBX_MNUF': 1, 'TPC_NONE': 17, 'SBX_MPOLY': 2, 'UC_NONE': 18, 'SPC_MPOLY': 3, 'SPC_NONE': 14, 'SBX_NONE': 1}"
21,58,SPC,NONE,0.6837260515689886,0.0341582543791637,442300894.72,290355006.54264927,1259823.52,748687.6458822663,0.7377621391048651,1.2169142771134568e-05,0.0,0.0,GREEDY_HV,"['SPC_MBFLIP', 'SPC_MNUF', 'SBX_MNUF', 'TPC_NONE', 'SBX_MPOLY', 'UC_NONE', 'SPC_MPOLY', 'UC_NONE', 'SPC_MPOLY', 'SPC_MPOLY', 'UC_NONE', 'SBX_MPOLY', 'TPC_NONE', 'TPC_NONE', 'SPC_NONE', 'UC_NONE', 'TPC_NONE', 'SPC_NONE', 'SPC_NONE', 'SPC_NONE', 'UC_NONE', 'TPC_NONE', 'UC_NONE', 'SPC_NONE', 'TPC_NONE', 'TPC_NONE', 'TPC_NONE', 'TPC_NONE', 'TPC_NONE', 'SPC_NONE', 'TPC_NONE', 'UC_NONE', 'UC_NONE', 'UC_NONE', 'SPC_NONE', 'UC_NONE', 'SPC_NONE', 'TPC_NONE', 'UC_NONE', 'UC_NONE', 'UC_NONE', 'SPC_NONE', 'UC_NONE', 'UC_NONE', 'TPC_NONE', 'UC_NONE', 'SPC_NONE', 'UC_NONE', 'SBX_NONE', 'TPC_NONE', 'SPC_NONE', 'TPC_NONE', 'SPC_NONE', 'SPC_NONE', 'UC_NONE', 'TPC_NONE', 'SPC_NONE', 'TPC_NONE', 'SPC_NONE']","{'SPC_MNUF': 1, 'SBX_MNUF': 1, 'TPC_NONE': 17, 'SBX_MPOLY': 2, 'UC_NONE': 18, 'SPC_MPOLY': 3, 'SPC_NONE': 15, 'SBX_NONE': 1}"
21,59,TPC,NONE,0.6839012060495816,0.0341969029981047,455103797.76,297396394.20796645,1282972.32,760379.01515235,0.7377604796240528,-1.6594808123215898e-06,0.0,0.0,GREEDY_HV,"['SPC_MBFLIP', 'SPC_MNUF', 'SBX_MNUF', 'TPC_NONE', 'SBX_MPOLY', 'UC_NONE', 'SPC_MPOLY', 'UC_NONE', 'SPC_MPOLY', 'SPC_MPOLY', 'UC_NONE', 'SBX_MPOLY', 'TPC_NONE', 'TPC_NONE', 'SPC_NONE', 'UC_NONE', 'TPC_NONE', 'SPC_NONE', 'SPC_NONE', 'SPC_NONE', 'UC_NONE', 'TPC_NONE', 'UC_NONE', 'SPC_NONE', 'TPC_NONE', 'TPC_NONE', 'TPC_NONE', 'TPC_NONE', 'TPC_NONE', 'SPC_NONE', 'TPC_NONE', 'UC_NONE', 'UC_NONE', 'UC_NONE', 'SPC_NONE', 'UC_NONE', 'SPC_NONE', 'TPC_NONE', 'UC_NONE', 'UC_NONE', 'UC_NONE', 'SPC_NONE', 'UC_NONE', 'UC_NONE', 'TPC_NONE', 'UC_NONE', 'SPC_NONE', 'UC_NONE', 'SBX_NONE', 'TPC_NONE', 'SPC_NONE', 'TPC_NONE', 'SPC_NONE', 'SPC_NONE', 'UC_NONE', 'TPC_NONE', 'SPC_NONE', 'TPC_NONE', 'SPC_NONE', 'TPC_NONE']","{'SPC_MNUF': 1, 'SBX_MNUF': 1, 'TPC_NONE': 18, 'SBX_MPOLY': 2, 'UC_NONE': 18, 'SPC_MPOLY': 3, 'SPC_NONE': 15, 'SBX_NONE': 1}"
21,60,SPC,NONE,0.6822266968157745,0.0347768550490139,456638435.84,308390191.489291,1242931.36,776845.0897362167,0.7377642885513989,3.8089273460828474e-06,0.0,0.0,GREEDY_HV,"['SPC_MBFLIP', 'SPC_MNUF', 'SBX_MNUF', 'TPC_NONE', 'SBX_MPOLY', 'UC_NONE', 'SPC_MPOLY', 'UC_NONE', 'SPC_MPOLY', 'SPC_MPOLY', 'UC_NONE', 'SBX_MPOLY', 'TPC_NONE', 'TPC_NONE', 'SPC_NONE', 'UC_NONE', 'TPC_NONE', 'SPC_NONE', 'SPC_NONE', 'SPC_NONE', 'UC_NONE', 'TPC_NONE', 'UC_NONE', 'SPC_NONE', 'TPC_NONE', 'TPC_NONE', 'TPC_NONE', 'TPC_NONE', 'TPC_NONE', 'SPC_NONE', 'TPC_NONE', 'UC_NONE', 'UC_NONE', 'UC_NONE', 'SPC_NONE', 'UC_NONE', 'SPC_NONE', 'TPC_NONE', 'UC_NONE', 'UC_NONE', 'UC_NONE', 'SPC_NONE', 'UC_NONE', 'UC_NONE', 'TPC_NONE', 'UC_NONE', 'SPC_NONE', 'UC_NONE', 'SBX_NONE', 'TPC_NONE', 'SPC_NONE', 'TPC_NONE', 'SPC_NONE', 'SPC_NONE', 'UC_NONE', 'TPC_NONE', 'SPC_NONE', 'TPC_NONE', 'SPC_NONE', 'TPC_NONE', 'SPC_NONE']","{'SPC_MNUF': 1, 'SBX_MNUF': 1, 'TPC_NONE': 18, 'SBX_MPOLY': 2, 'UC_NONE': 18, 'SPC_MPOLY': 3, 'SPC_NONE': 16, 'SBX_NONE': 1}"
21,61,UC,NONE,0.6845986096560941,0.0330536561120686,452517992.96,298061365.627148,1266501.28,743120.8191970682,0.7377537824433564,-1.0506108042429574e-05,0.0,0.0,GREEDY_HV,"['SPC_MBFLIP', 'SPC_MNUF', 'SBX_MNUF', 'TPC_NONE', 'SBX_MPOLY', 'UC_NONE', 'SPC_MPOLY', 'UC_NONE', 'SPC_MPOLY', 'SPC_MPOLY', 'UC_NONE', 'SBX_MPOLY', 'TPC_NONE', 'TPC_NONE', 'SPC_NONE', 'UC_NONE', 'TPC_NONE', 'SPC_NONE', 'SPC_NONE', 'SPC_NONE', 'UC_NONE', 'TPC_NONE', 'UC_NONE', 'SPC_NONE', 'TPC_NONE', 'TPC_NONE', 'TPC_NONE', 'TPC_NONE', 'TPC_NONE', 'SPC_NONE', 'TPC_NONE', 'UC_NONE', 'UC_NONE', 'UC_NONE', 'SPC_NONE', 'UC_NONE', 'SPC_NONE', 'TPC_NONE', 'UC_NONE', 'UC_NONE', 'UC_NONE', 'SPC_NONE', 'UC_NONE', 'UC_NONE', 'TPC_NONE', 'UC_NONE', 'SPC_NONE', 'UC_NONE', 'SBX_NONE', 'TPC_NONE', 'SPC_NONE', 'TPC_NONE', 'SPC_NONE', 'SPC_NONE', 'UC_NONE', 'TPC_NONE', 'SPC_NONE', 'TPC_NONE', 'SPC_NONE', 'TPC_NONE', 'SPC_NONE', 'UC_NONE']","{'SPC_MNUF': 1, 'SBX_MNUF': 1, 'TPC_NONE': 18, 'SBX_MPOLY': 2, 'UC_NONE': 19, 'SPC_MPOLY': 3, 'SPC_NONE': 16, 'SBX_NONE': 1}"
21,62,TPC,NONE,0.681303453527037,0.03508420715465,433085675.52,292053169.00462097,1214511.52,756549.2032714392,0.7377558887839933,2.1063406369092874e-06,0.0,0.0,GREEDY_HV,"['SPC_MBFLIP', 'SPC_MNUF', 'SBX_MNUF', 'TPC_NONE', 'SBX_MPOLY', 'UC_NONE', 'SPC_MPOLY', 'UC_NONE', 'SPC_MPOLY', 'SPC_MPOLY', 'UC_NONE', 'SBX_MPOLY', 'TPC_NONE', 'TPC_NONE', 'SPC_NONE', 'UC_NONE', 'TPC_NONE', 'SPC_NONE', 'SPC_NONE', 'SPC_NONE', 'UC_NONE', 'TPC_NONE', 'UC_NONE', 'SPC_NONE', 'TPC_NONE', 'TPC_NONE', 'TPC_NONE', 'TPC_NONE', 'TPC_NONE', 'SPC_NONE', 'TPC_NONE', 'UC_NONE', 'UC_NONE', 'UC_NONE', 'SPC_NONE', 'UC_NONE', 'SPC_NONE', 'TPC_NONE', 'UC_NONE', 'UC_NONE', 'UC_NONE', 'SPC_NONE', 'UC_NONE', 'UC_NONE', 'TPC_NONE', 'UC_NONE', 'SPC_NONE', 'UC_NONE', 'SBX_NONE', 'TPC_NONE', 'SPC_NONE', 'TPC_NONE', 'SPC_NONE', 'SPC_NONE', 'UC_NONE', 'TPC_NONE', 'SPC_NONE', 'TPC_NONE', 'SPC_NONE', 'TPC_NONE', 'SPC_NONE', 'UC_NONE', 'TPC_NONE']","{'SPC_MNUF': 1, 'SBX_MNUF': 1, 'TPC_NONE': 19, 'SBX_MPOLY': 2, 'UC_NONE': 19, 'SPC_MPOLY': 3, 'SPC_NONE': 16, 'SBX_NONE': 1}"
21,63,UC,NONE,0.6803155682404085,0.0361804055936255,423047683.84,293686819.97079927,1202508.96,763198.940874133,0.7377164863685737,-3.940241541966483e-05,0.0,0.0,GREEDY_HV,"['SPC_MBFLIP', 'SPC_MNUF', 'SBX_MNUF', 'TPC_NONE', 'SBX_MPOLY', 'UC_NONE', 'SPC_MPOLY', 'UC_NONE', 'SPC_MPOLY', 'SPC_MPOLY', 'UC_NONE', 'SBX_MPOLY', 'TPC_NONE', 'TPC_NONE', 'SPC_NONE', 'UC_NONE', 'TPC_NONE', 'SPC_NONE', 'SPC_NONE', 'SPC_NONE', 'UC_NONE', 'TPC_NONE', 'UC_NONE', 'SPC_NONE', 'TPC_NONE', 'TPC_NONE', 'TPC_NONE', 'TPC_NONE', 'TPC_NONE', 'SPC_NONE', 'TPC_NONE', 'UC_NONE', 'UC_NONE', 'UC_NONE', 'SPC_NONE', 'UC_NONE', 'SPC_NONE', 'TPC_NONE', 'UC_NONE', 'UC_NONE', 'UC_NONE', 'SPC_NONE', 'UC_NONE', 'UC_NONE', 'TPC_NONE', 'UC_NONE', 'SPC_NONE', 'UC_NONE', 'SBX_NONE', 'TPC_NONE', 'SPC_NONE', 'TPC_NONE', 'SPC_NONE', 'SPC_NONE', 'UC_NONE', 'TPC_NONE', 'SPC_NONE', 'TPC_NONE', 'SPC_NONE', 'TPC_NONE', 'SPC_NONE', 'UC_NONE', 'TPC_NONE', 'UC_NONE']","{'SPC_MNUF': 1, 'SBX_MNUF': 1, 'TPC_NONE': 19, 'SBX_MPOLY': 2, 'UC_NONE': 20, 'SPC_MPOLY': 3, 'SPC_NONE': 16, 'SBX_NONE': 1}"
21,64,TPC,NONE,0.6799045241440663,0.036419830679087,439367151.36,312474118.7189547,1193075.36,768777.382087006,0.7377045245228355,-1.1961845738150956e-05,0.0,0.0,GREEDY_HV,"['SPC_MBFLIP', 'SPC_MNUF', 'SBX_MNUF', 'TPC_NONE', 'SBX_MPOLY', 'UC_NONE', 'SPC_MPOLY', 'UC_NONE', 'SPC_MPOLY', 'SPC_MPOLY', 'UC_NONE', 'SBX_MPOLY', 'TPC_NONE', 'TPC_NONE', 'SPC_NONE', 'UC_NONE', 'TPC_NONE', 'SPC_NONE', 'SPC_NONE', 'SPC_NONE', 'UC_NONE', 'TPC_NONE', 'UC_NONE', 'SPC_NONE', 'TPC_NONE', 'TPC_NONE', 'TPC_NONE', 'TPC_NONE', 'TPC_NONE', 'SPC_NONE', 'TPC_NONE', 'UC_NONE', 'UC_NONE', 'UC_NONE', 'SPC_NONE', 'UC_NONE', 'SPC_NONE', 'TPC_NONE', 'UC_NONE', 'UC_NONE', 'UC_NONE', 'SPC_NONE', 'UC_NONE', 'UC_NONE', 'TPC_NONE', 'UC_NONE', 'SPC_NONE', 'UC_NONE', 'SBX_NONE', 'TPC_NONE', 'SPC_NONE', 'TPC_NONE', 'SPC_NONE', 'SPC_NONE', 'UC_NONE', 'TPC_NONE', 'SPC_NONE', 'TPC_NONE', 'SPC_NONE', 'TPC_NONE', 'SPC_NONE', 'UC_NONE', 'TPC_NONE', 'UC_NONE', 'TPC_NONE']","{'SPC_MNUF': 1, 'SBX_MNUF': 1, 'TPC_NONE': 20, 'SBX_MPOLY': 2, 'UC_NONE': 20, 'SPC_MPOLY': 3, 'SPC_NONE': 16, 'SBX_NONE': 1}"
21,65,TPC,NONE,0.6820332563992432,0.0347493843768925,443426798.08,302759549.9259761,1231591.84,766773.4936835353,0.7377384932861654,3.3968763329839113e-05,0.0,0.0,GREEDY_HV,"['SPC_MBFLIP', 'SPC_MNUF', 'SBX_MNUF', 'TPC_NONE', 'SBX_MPOLY', 'UC_NONE', 'SPC_MPOLY', 'UC_NONE', 'SPC_MPOLY', 'SPC_MPOLY', 'UC_NONE', 'SBX_MPOLY', 'TPC_NONE', 'TPC_NONE', 'SPC_NONE', 'UC_NONE', 'TPC_NONE', 'SPC_NONE', 'SPC_NONE', 'SPC_NONE', 'UC_NONE', 'TPC_NONE', 'UC_NONE', 'SPC_NONE', 'TPC_NONE', 'TPC_NONE', 'TPC_NONE', 'TPC_NONE', 'TPC_NONE', 'SPC_NONE', 'TPC_NONE', 'UC_NONE', 'UC_NONE', 'UC_NONE', 'SPC_NONE', 'UC_NONE', 'SPC_NONE', 'TPC_NONE', 'UC_NONE', 'UC_NONE', 'UC_NONE', 'SPC_NONE', 'UC_NONE', 'UC_NONE', 'TPC_NONE', 'UC_NONE', 'SPC_NONE', 'UC_NONE', 'SBX_NONE', 'TPC_NONE', 'SPC_NONE', 'TPC_NONE', 'SPC_NONE', 'SPC_NONE', 'UC_NONE', 'TPC_NONE', 'SPC_NONE', 'TPC_NONE', 'SPC_NONE', 'TPC_NONE', 'SPC_NONE', 'UC_NONE', 'TPC_NONE', 'UC_NONE', 'TPC_NONE', 'TPC_NONE']","{'SPC_MNUF': 1, 'SBX_MNUF': 1, 'TPC_NONE': 21, 'SBX_MPOLY': 2, 'UC_NONE': 20, 'SPC_MPOLY': 3, 'SPC_NONE': 16, 'SBX_NONE': 1}"
21,66,UC,NONE,0.6794759390866705,0.035796820182025,440155014.4,323919973.4582812,1165102.24,755630.6466086339,0.7377731389615184,3.4645675353051075e-05,0.0,0.0,GREEDY_HV,"['SPC_MBFLIP', 'SPC_MNUF', 'SBX_MNUF', 'TPC_NONE', 'SBX_MPOLY', 'UC_NONE', 'SPC_MPOLY', 'UC_NONE', 'SPC_MPOLY', 'SPC_MPOLY', 'UC_NONE', 'SBX_MPOLY', 'TPC_NONE', 'TPC_NONE', 'SPC_NONE', 'UC_NONE', 'TPC_NONE', 'SPC_NONE', 'SPC_NONE', 'SPC_NONE', 'UC_NONE', 'TPC_NONE', 'UC_NONE', 'SPC_NONE', 'TPC_NONE', 'TPC_NONE', 'TPC_NONE', 'TPC_NONE', 'TPC_NONE', 'SPC_NONE', 'TPC_NONE', 'UC_NONE', 'UC_NONE', 'UC_NONE', 'SPC_NONE', 'UC_NONE', 'SPC_NONE', 'TPC_NONE', 'UC_NONE', 'UC_NONE', 'UC_NONE', 'SPC_NONE', 'UC_NONE', 'UC_NONE', 'TPC_NONE', 'UC_NONE', 'SPC_NONE', 'UC_NONE', 'SBX_NONE', 'TPC_NONE', 'SPC_NONE', 'TPC_NONE', 'SPC_NONE', 'SPC_NONE', 'UC_NONE', 'TPC_NONE', 'SPC_NONE', 'TPC_NONE', 'SPC_NONE', 'TPC_NONE', 'SPC_NONE', 'UC_NONE', 'TPC_NONE', 'UC_NONE', 'TPC_NONE', 'TPC_NONE', 'UC_NONE']","{'SPC_MNUF': 1, 'SBX_MNUF': 1, 'TPC_NONE': 21, 'SBX_MPOLY': 2, 'UC_NONE': 21, 'SPC_MPOLY': 3, 'SPC_NONE': 16, 'SBX_NONE': 1}"
21,67,TPC,NONE,0.6822581656512315,0.0344983805071835,455038195.2,327519101.26724833,1233249.44,759302.5927654444,0.7377784640062731,5.325044754700414e-06,0.0,0.0,GREEDY_HV,"['SPC_MBFLIP', 'SPC_MNUF', 'SBX_MNUF', 'TPC_NONE', 'SBX_MPOLY', 'UC_NONE', 'SPC_MPOLY', 'UC_NONE', 'SPC_MPOLY', 'SPC_MPOLY', 'UC_NONE', 'SBX_MPOLY', 'TPC_NONE', 'TPC_NONE', 'SPC_NONE', 'UC_NONE', 'TPC_NONE', 'SPC_NONE', 'SPC_NONE', 'SPC_NONE', 'UC_NONE', 'TPC_NONE', 'UC_NONE', 'SPC_NONE', 'TPC_NONE', 'TPC_NONE', 'TPC_NONE', 'TPC_NONE', 'TPC_NONE', 'SPC_NONE', 'TPC_NONE', 'UC_NONE', 'UC_NONE', 'UC_NONE', 'SPC_NONE', 'UC_NONE', 'SPC_NONE', 'TPC_NONE', 'UC_NONE', 'UC_NONE', 'UC_NONE', 'SPC_NONE', 'UC_NONE', 'UC_NONE', 'TPC_NONE', 'UC_NONE', 'SPC_NONE', 'UC_NONE', 'SBX_NONE', 'TPC_NONE', 'SPC_NONE', 'TPC_NONE', 'SPC_NONE', 'SPC_NONE', 'UC_NONE', 'TPC_NONE', 'SPC_NONE', 'TPC_NONE', 'SPC_NONE', 'TPC_NONE', 'SPC_NONE', 'UC_NONE', 'TPC_NONE', 'UC_NONE', 'TPC_NONE', 'TPC_NONE', 'UC_NONE', 'TPC_NONE']","{'SPC_MNUF': 1, 'SBX_MNUF': 1, 'TPC_NONE': 22, 'SBX_MPOLY': 2, 'UC_NONE': 21, 'SPC_MPOLY': 3, 'SPC_NONE': 16, 'SBX_NONE': 1}"
21,68,SPC,NONE,0.6806334091242476,0.0345404576838121,424725358.08,307364663.6438442,1194712.48,771403.8489294241,0.7377605975536575,-1.7866452615589168e-05,0.01,0.0,GREEDY_HV,"['SPC_MBFLIP', 'SPC_MNUF', 'SBX_MNUF', 'TPC_NONE', 'SBX_MPOLY', 'UC_NONE', 'SPC_MPOLY', 'UC_NONE', 'SPC_MPOLY', 'SPC_MPOLY', 'UC_NONE', 'SBX_MPOLY', 'TPC_NONE', 'TPC_NONE', 'SPC_NONE', 'UC_NONE', 'TPC_NONE', 'SPC_NONE', 'SPC_NONE', 'SPC_NONE', 'UC_NONE', 'TPC_NONE', 'UC_NONE', 'SPC_NONE', 'TPC_NONE', 'TPC_NONE', 'TPC_NONE', 'TPC_NONE', 'TPC_NONE', 'SPC_NONE', 'TPC_NONE', 'UC_NONE', 'UC_NONE', 'UC_NONE', 'SPC_NONE', 'UC_NONE', 'SPC_NONE', 'TPC_NONE', 'UC_NONE', 'UC_NONE', 'UC_NONE', 'SPC_NONE', 'UC_NONE', 'UC_NONE', 'TPC_NONE', 'UC_NONE', 'SPC_NONE', 'UC_NONE', 'SBX_NONE', 'TPC_NONE', 'SPC_NONE', 'TPC_NONE', 'SPC_NONE', 'SPC_NONE', 'UC_NONE', 'TPC_NONE', 'SPC_NONE', 'TPC_NONE', 'SPC_NONE', 'TPC_NONE', 'SPC_NONE', 'UC_NONE', 'TPC_NONE', 'UC_NONE', 'TPC_NONE', 'TPC_NONE', 'UC_NONE', 'TPC_NONE', 'SPC_NONE']","{'SPC_MNUF': 1, 'SBX_MNUF': 1, 'TPC_NONE': 22, 'SBX_MPOLY': 2, 'UC_NONE': 21, 'SPC_MPOLY': 3, 'SPC_NONE': 17, 'SBX_NONE': 1}"
21,69,SPC,NONE,0.6803295937240742,0.0345252924728989,426883161.6,310341304.7035693,1173894.56,772504.8795023151,0.737772036275056,1.1438721398526752e-05,0.01,0.0,GREEDY_HV,"['SPC_MBFLIP', 'SPC_MNUF', 'SBX_MNUF', 'TPC_NONE', 'SBX_MPOLY', 'UC_NONE', 'SPC_MPOLY', 'UC_NONE', 'SPC_MPOLY', 'SPC_MPOLY', 'UC_NONE', 'SBX_MPOLY', 'TPC_NONE', 'TPC_NONE', 'SPC_NONE', 'UC_NONE', 'TPC_NONE', 'SPC_NONE', 'SPC_NONE', 'SPC_NONE', 'UC_NONE', 'TPC_NONE', 'UC_NONE', 'SPC_NONE', 'TPC_NONE', 'TPC_NONE', 'TPC_NONE', 'TPC_NONE', 'TPC_NONE', 'SPC_NONE', 'TPC_NONE', 'UC_NONE', 'UC_NONE', 'UC_NONE', 'SPC_NONE', 'UC_NONE', 'SPC_NONE', 'TPC_NONE', 'UC_NONE', 'UC_NONE', 'UC_NONE', 'SPC_NONE', 'UC_NONE', 'UC_NONE', 'TPC_NONE', 'UC_NONE', 'SPC_NONE', 'UC_NONE', 'SBX_NONE', 'TPC_NONE', 'SPC_NONE', 'TPC_NONE', 'SPC_NONE', 'SPC_NONE', 'UC_NONE', 'TPC_NONE', 'SPC_NONE', 'TPC_NONE', 'SPC_NONE', 'TPC_NONE', 'SPC_NONE', 'UC_NONE', 'TPC_NONE', 'UC_NONE', 'TPC_NONE', 'TPC_NONE', 'UC_NONE', 'TPC_NONE', 'SPC_NONE', 'SPC_NONE']","{'SPC_MNUF': 1, 'SBX_MNUF': 1, 'TPC_NONE': 22, 'SBX_MPOLY': 2, 'UC_NONE': 21, 'SPC_MPOLY': 3, 'SPC_NONE': 18, 'SBX_NONE': 1}"
21,70,TPC,NONE,0.6793947046531795,0.0356895179778785,431701269.76,313700380.2110737,1175959.2,770607.5835939329,0.7377590788893444,-1.2957385711609426e-05,0.0,0.0,GREEDY_HV,"['SPC_MBFLIP', 'SPC_MNUF', 'SBX_MNUF', 'TPC_NONE', 'SBX_MPOLY', 'UC_NONE', 'SPC_MPOLY', 'UC_NONE', 'SPC_MPOLY', 'SPC_MPOLY', 'UC_NONE', 'SBX_MPOLY', 'TPC_NONE', 'TPC_NONE', 'SPC_NONE', 'UC_NONE', 'TPC_NONE', 'SPC_NONE', 'SPC_NONE', 'SPC_NONE', 'UC_NONE', 'TPC_NONE', 'UC_NONE', 'SPC_NONE', 'TPC_NONE', 'TPC_NONE', 'TPC_NONE', 'TPC_NONE', 'TPC_NONE', 'SPC_NONE', 'TPC_NONE', 'UC_NONE', 'UC_NONE', 'UC_NONE', 'SPC_NONE', 'UC_NONE', 'SPC_NONE', 'TPC_NONE', 'UC_NONE', 'UC_NONE', 'UC_NONE', 'SPC_NONE', 'UC_NONE', 'UC_NONE', 'TPC_NONE', 'UC_NONE', 'SPC_NONE', 'UC_NONE', 'SBX_NONE', 'TPC_NONE', 'SPC_NONE', 'TPC_NONE', 'SPC_NONE', 'SPC_NONE', 'UC_NONE', 'TPC_NONE', 'SPC_NONE', 'TPC_NONE', 'SPC_NONE', 'TPC_NONE', 'SPC_NONE', 'UC_NONE', 'TPC_NONE', 'UC_NONE', 'TPC_NONE', 'TPC_NONE', 'UC_NONE', 'TPC_NONE', 'SPC_NONE', 'SPC_NONE', 'TPC_NONE']","{'SPC_MNUF': 1, 'SBX_MNUF': 1, 'TPC_NONE': 23, 'SBX_MPOLY': 2, 'UC_NONE': 21, 'SPC_MPOLY': 3, 'SPC_NONE': 18, 'SBX_NONE': 1}"
21,71,SPC,NONE,0.6825197066149274,0.0357131456364251,467185117.44,329839526.41392595,1290178.72,805819.5750610936,0.7377573388489713,-1.7400403731215874e-06,0.0,0.0,GREEDY_HV,"['SPC_MBFLIP', 'SPC_MNUF', 'SBX_MNUF', 'TPC_NONE', 'SBX_MPOLY', 'UC_NONE', 'SPC_MPOLY', 'UC_NONE', 'SPC_MPOLY', 'SPC_MPOLY', 'UC_NONE', 'SBX_MPOLY', 'TPC_NONE', 'TPC_NONE', 'SPC_NONE', 'UC_NONE', 'TPC_NONE', 'SPC_NONE', 'SPC_NONE', 'SPC_NONE', 'UC_NONE', 'TPC_NONE', 'UC_NONE', 'SPC_NONE', 'TPC_NONE', 'TPC_NONE', 'TPC_NONE', 'TPC_NONE', 'TPC_NONE', 'SPC_NONE', 'TPC_NONE', 'UC_NONE', 'UC_NONE', 'UC_NONE', 'SPC_NONE', 'UC_NONE', 'SPC_NONE', 'TPC_NONE', 'UC_NONE', 'UC_NONE', 'UC_NONE', 'SPC_NONE', 'UC_NONE', 'UC_NONE', 'TPC_NONE', 'UC_NONE', 'SPC_NONE', 'UC_NONE', 'SBX_NONE', 'TPC_NONE', 'SPC_NONE', 'TPC_NONE', 'SPC_NONE', 'SPC_NONE', 'UC_NONE', 'TPC_NONE', 'SPC_NONE', 'TPC_NONE', 'SPC_NONE', 'TPC_NONE', 'SPC_NONE', 'UC_NONE', 'TPC_NONE', 'UC_NONE', 'TPC_NONE', 'TPC_NONE', 'UC_NONE', 'TPC_NONE', 'SPC_NONE', 'SPC_NONE', 'TPC_NONE', 'SPC_NONE']","{'SPC_MNUF': 1, 'SBX_MNUF': 1, 'TPC_NONE': 23, 'SBX_MPOLY': 2, 'UC_NONE': 21, 'SPC_MPOLY': 3, 'SPC_NONE': 19, 'SBX_NONE': 1}"
21,72,TPC,NONE,0.6817623415629223,0.0357025336282079,464292368.64,332282689.71340805,1252005.28,779988.0426067836,0.7377477401077297,-9.598741241623188e-06,0.0,0.0,GREEDY_HV,"['SPC_MBFLIP', 'SPC_MNUF', 'SBX_MNUF', 'TPC_NONE', 'SBX_MPOLY', 'UC_NONE', 'SPC_MPOLY', 'UC_NONE', 'SPC_MPOLY', 'SPC_MPOLY', 'UC_NONE', 'SBX_MPOLY', 'TPC_NONE', 'TPC_NONE', 'SPC_NONE', 'UC_NONE', 'TPC_NONE', 'SPC_NONE', 'SPC_NONE', 'SPC_NONE', 'UC_NONE', 'TPC_NONE', 'UC_NONE', 'SPC_NONE', 'TPC_NONE', 'TPC_NONE', 'TPC_NONE', 'TPC_NONE', 'TPC_NONE', 'SPC_NONE', 'TPC_NONE', 'UC_NONE', 'UC_NONE', 'UC_NONE', 'SPC_NONE', 'UC_NONE', 'SPC_NONE', 'TPC_NONE', 'UC_NONE', 'UC_NONE', 'UC_NONE', 'SPC_NONE', 'UC_NONE', 'UC_NONE', 'TPC_NONE', 'UC_NONE', 'SPC_NONE', 'UC_NONE', 'SBX_NONE', 'TPC_NONE', 'SPC_NONE', 'TPC_NONE', 'SPC_NONE', 'SPC_NONE', 'UC_NONE', 'TPC_NONE', 'SPC_NONE', 'TPC_NONE', 'SPC_NONE', 'TPC_NONE', 'SPC_NONE', 'UC_NONE', 'TPC_NONE', 'UC_NONE', 'TPC_NONE', 'TPC_NONE', 'UC_NONE', 'TPC_NONE', 'SPC_NONE', 'SPC_NONE', 'TPC_NONE', 'SPC_NONE', 'TPC_NONE']","{'SPC_MNUF': 1, 'SBX_MNUF': 1, 'TPC_NONE': 24, 'SBX_MPOLY': 2, 'UC_NONE': 21, 'SPC_MPOLY': 3, 'SPC_NONE': 19, 'SBX_NONE': 1}"
21,73,TPC,NONE,0.6834430776447118,0.0347172019387838,469550333.44,320412817.6868032,1283759.52,783697.5801967041,0.7377568362251254,9.096117395746006e-06,0.01,0.0,GREEDY_HV,"['SPC_MBFLIP', 'SPC_MNUF', 'SBX_MNUF', 'TPC_NONE', 'SBX_MPOLY', 'UC_NONE', 'SPC_MPOLY', 'UC_NONE', 'SPC_MPOLY', 'SPC_MPOLY', 'UC_NONE', 'SBX_MPOLY', 'TPC_NONE', 'TPC_NONE', 'SPC_NONE', 'UC_NONE', 'TPC_NONE', 'SPC_NONE', 'SPC_NONE', 'SPC_NONE', 'UC_NONE', 'TPC_NONE', 'UC_NONE', 'SPC_NONE', 'TPC_NONE', 'TPC_NONE', 'TPC_NONE', 'TPC_NONE', 'TPC_NONE', 'SPC_NONE', 'TPC_NONE', 'UC_NONE', 'UC_NONE', 'UC_NONE', 'SPC_NONE', 'UC_NONE', 'SPC_NONE', 'TPC_NONE', 'UC_NONE', 'UC_NONE', 'UC_NONE', 'SPC_NONE', 'UC_NONE', 'UC_NONE', 'TPC_NONE', 'UC_NONE', 'SPC_NONE', 'UC_NONE', 'SBX_NONE', 'TPC_NONE', 'SPC_NONE', 'TPC_NONE', 'SPC_NONE', 'SPC_NONE', 'UC_NONE', 'TPC_NONE', 'SPC_NONE', 'TPC_NONE', 'SPC_NONE', 'TPC_NONE', 'SPC_NONE', 'UC_NONE', 'TPC_NONE', 'UC_NONE', 'TPC_NONE', 'TPC_NONE', 'UC_NONE', 'TPC_NONE', 'SPC_NONE', 'SPC_NONE', 'TPC_NONE', 'SPC_NONE', 'TPC_NONE', 'TPC_NONE']","{'SPC_MNUF': 1, 'SBX_MNUF': 1, 'TPC_NONE': 25, 'SBX_MPOLY': 2, 'UC_NONE': 21, 'SPC_MPOLY': 3, 'SPC_NONE': 19, 'SBX_NONE': 1}"
21,74,SPC,NONE,0.6826385950165098,0.035591430771977,466392029.44,324417628.9335928,1283308.96,787645.526686033,0.73774935473535,-7.481489775473804e-06,0.0,0.0,GREEDY_HV,"['SPC_MBFLIP', 'SPC_MNUF', 'SBX_MNUF', 'TPC_NONE', 'SBX_MPOLY', 'UC_NONE', 'SPC_MPOLY', 'UC_NONE', 'SPC_MPOLY', 'SPC_MPOLY', 'UC_NONE', 'SBX_MPOLY', 'TPC_NONE', 'TPC_NONE', 'SPC_NONE', 'UC_NONE', 'TPC_NONE', 'SPC_NONE', 'SPC_NONE', 'SPC_NONE', 'UC_NONE', 'TPC_NONE', 'UC_NONE', 'SPC_NONE', 'TPC_NONE', 'TPC_NONE', 'TPC_NONE', 'TPC_NONE', 'TPC_NONE', 'SPC_NONE', 'TPC_NONE', 'UC_NONE', 'UC_NONE', 'UC_NONE', 'SPC_NONE', 'UC_NONE', 'SPC_NONE', 'TPC_NONE', 'UC_NONE', 'UC_NONE', 'UC_NONE', 'SPC_NONE', 'UC_NONE', 'UC_NONE', 'TPC_NONE', 'UC_NONE', 'SPC_NONE', 'UC_NONE', 'SBX_NONE', 'TPC_NONE', 'SPC_NONE', 'TPC_NONE', 'SPC_NONE', 'SPC_NONE', 'UC_NONE', 'TPC_NONE', 'SPC_NONE', 'TPC_NONE', 'SPC_NONE', 'TPC_NONE', 'SPC_NONE', 'UC_NONE', 'TPC_NONE', 'UC_NONE', 'TPC_NONE', 'TPC_NONE', 'UC_NONE', 'TPC_NONE', 'SPC_NONE', 'SPC_NONE', 'TPC_NONE', 'SPC_NONE', 'TPC_NONE', 'TPC_NONE', 'SPC_NONE']","{'SPC_MNUF': 1, 'SBX_MNUF': 1, 'TPC_NONE': 25, 'SBX_MPOLY': 2, 'UC_NONE': 21, 'SPC_MPOLY': 3, 'SPC_NONE': 20, 'SBX_NONE': 1}"
21,75,SPC,NONE,0.6827668033139739,0.0358155019400136,460843930.88,317360399.2401452,1278854.56,792320.6147419908,0.7377576863899331,8.331654583138004e-06,0.0,0.0,GREEDY_HV,"['SPC_MBFLIP', 'SPC_MNUF', 'SBX_MNUF', 'TPC_NONE', 'SBX_MPOLY', 'UC_NONE', 'SPC_MPOLY', 'UC_NONE', 'SPC_MPOLY', 'SPC_MPOLY', 'UC_NONE', 'SBX_MPOLY', 'TPC_NONE', 'TPC_NONE', 'SPC_NONE', 'UC_NONE', 'TPC_NONE', 'SPC_NONE', 'SPC_NONE', 'SPC_NONE', 'UC_NONE', 'TPC_NONE', 'UC_NONE', 'SPC_NONE', 'TPC_NONE', 'TPC_NONE', 'TPC_NONE', 'TPC_NONE', 'TPC_NONE', 'SPC_NONE', 'TPC_NONE', 'UC_NONE', 'UC_NONE', 'UC_NONE', 'SPC_NONE', 'UC_NONE', 'SPC_NONE', 'TPC_NONE', 'UC_NONE', 'UC_NONE', 'UC_NONE', 'SPC_NONE', 'UC_NONE', 'UC_NONE', 'TPC_NONE', 'UC_NONE', 'SPC_NONE', 'UC_NONE', 'SBX_NONE', 'TPC_NONE', 'SPC_NONE', 'TPC_NONE', 'SPC_NONE', 'SPC_NONE', 'UC_NONE', 'TPC_NONE', 'SPC_NONE', 'TPC_NONE', 'SPC_NONE', 'TPC_NONE', 'SPC_NONE', 'UC_NONE', 'TPC_NONE', 'UC_NONE', 'TPC_NONE', 'TPC_NONE', 'UC_NONE', 'TPC_NONE', 'SPC_NONE', 'SPC_NONE', 'TPC_NONE', 'SPC_NONE', 'TPC_NONE', 'TPC_NONE', 'SPC_NONE', 'SPC_NONE']","{'SPC_MNUF': 1, 'SBX_MNUF': 1, 'TPC_NONE': 25, 'SBX_MPOLY': 2, 'UC_NONE': 21, 'SPC_MPOLY': 3, 'SPC_NONE': 21, 'SBX_NONE': 1}"
21,76,SPC,NONE,0.6795180079553913,0.037528415771582,450522316.8,322769802.1524429,1202709.92,785416.8295503693,0.7377883442474416,3.065785750844263e-05,0.0,0.0,GREEDY_HV,"['SPC_MBFLIP', 'SPC_MNUF', 'SBX_MNUF', 'TPC_NONE', 'SBX_MPOLY', 'UC_NONE', 'SPC_MPOLY', 'UC_NONE', 'SPC_MPOLY', 'SPC_MPOLY', 'UC_NONE', 'SBX_MPOLY', 'TPC_NONE', 'TPC_NONE', 'SPC_NONE', 'UC_NONE', 'TPC_NONE', 'SPC_NONE', 'SPC_NONE', 'SPC_NONE', 'UC_NONE', 'TPC_NONE', 'UC_NONE', 'SPC_NONE', 'TPC_NONE', 'TPC_NONE', 'TPC_NONE', 'TPC_NONE', 'TPC_NONE', 'SPC_NONE', 'TPC_NONE', 'UC_NONE', 'UC_NONE', 'UC_NONE', 'SPC_NONE', 'UC_NONE', 'SPC_NONE', 'TPC_NONE', 'UC_NONE', 'UC_NONE', 'UC_NONE', 'SPC_NONE', 'UC_NONE', 'UC_NONE', 'TPC_NONE', 'UC_NONE', 'SPC_NONE', 'UC_NONE', 'SBX_NONE', 'TPC_NONE', 'SPC_NONE', 'TPC_NONE', 'SPC_NONE', 'SPC_NONE', 'UC_NONE', 'TPC_NONE', 'SPC_NONE', 'TPC_NONE', 'SPC_NONE', 'TPC_NONE', 'SPC_NONE', 'UC_NONE', 'TPC_NONE', 'UC_NONE', 'TPC_NONE', 'TPC_NONE', 'UC_NONE', 'TPC_NONE', 'SPC_NONE', 'SPC_NONE', 'TPC_NONE', 'SPC_NONE', 'TPC_NONE', 'TPC_NONE', 'SPC_NONE', 'SPC_NONE', 'SPC_NONE']","{'SPC_MNUF': 1, 'SBX_MNUF': 1, 'TPC_NONE': 25, 'SBX_MPOLY': 2, 'UC_NONE': 21, 'SPC_MPOLY': 3, 'SPC_NONE': 22, 'SBX_NONE': 1}"
21,77,SPC,NONE,0.6818150460635528,0.0368960127265137,478535063.04,333774238.6085058,1255764.64,798844.0087896449,0.7377613840106239,-2.696023681769688e-05,0.0,0.0,GREEDY_HV,"['SPC_MBFLIP', 'SPC_MNUF', 'SBX_MNUF', 'TPC_NONE', 'SBX_MPOLY', 'UC_NONE', 'SPC_MPOLY', 'UC_NONE', 'SPC_MPOLY', 'SPC_MPOLY', 'UC_NONE', 'SBX_MPOLY', 'TPC_NONE', 'TPC_NONE', 'SPC_NONE', 'UC_NONE', 'TPC_NONE', 'SPC_NONE', 'SPC_NONE', 'SPC_NONE', 'UC_NONE', 'TPC_NONE', 'UC_NONE', 'SPC_NONE', 'TPC_NONE', 'TPC_NONE', 'TPC_NONE', 'TPC_NONE', 'TPC_NONE', 'SPC_NONE', 'TPC_NONE', 'UC_NONE', 'UC_NONE', 'UC_NONE', 'SPC_NONE', 'UC_NONE', 'SPC_NONE', 'TPC_NONE', 'UC_NONE', 'UC_NONE', 'UC_NONE', 'SPC_NONE', 'UC_NONE', 'UC_NONE', 'TPC_NONE', 'UC_NONE', 'SPC_NONE', 'UC_NONE', 'SBX_NONE', 'TPC_NONE', 'SPC_NONE', 'TPC_NONE', 'SPC_NONE', 'SPC_NONE', 'UC_NONE', 'TPC_NONE', 'SPC_NONE', 'TPC_NONE', 'SPC_NONE', 'TPC_NONE', 'SPC_NONE', 'UC_NONE', 'TPC_NONE', 'UC_NONE', 'TPC_NONE', 'TPC_NONE', 'UC_NONE', 'TPC_NONE', 'SPC_NONE', 'SPC_NONE', 'TPC_NONE', 'SPC_NONE', 'TPC_NONE', 'TPC_NONE', 'SPC_NONE', 'SPC_NONE', 'SPC_NONE', 'SPC_NONE']","{'SPC_MNUF': 1, 'SBX_MNUF': 1, 'TPC_NONE': 25, 'SBX_MPOLY': 2, 'UC_NONE': 21, 'SPC_MPOLY': 3, 'SPC_NONE': 23, 'SBX_NONE': 1}"
21,78,UC,NONE,0.6835905610898615,0.0357108984131325,486538764.8,331571653.9027142,1280920.48,766907.0578563283,0.7377699020558536,8.518045229721771e-06,0.0,0.0,GREEDY_HV,"['SPC_MBFLIP', 'SPC_MNUF', 'SBX_MNUF', 'TPC_NONE', 'SBX_MPOLY', 'UC_NONE', 'SPC_MPOLY', 'UC_NONE', 'SPC_MPOLY', 'SPC_MPOLY', 'UC_NONE', 'SBX_MPOLY', 'TPC_NONE', 'TPC_NONE', 'SPC_NONE', 'UC_NONE', 'TPC_NONE', 'SPC_NONE', 'SPC_NONE', 'SPC_NONE', 'UC_NONE', 'TPC_NONE', 'UC_NONE', 'SPC_NONE', 'TPC_NONE', 'TPC_NONE', 'TPC_NONE', 'TPC_NONE', 'TPC_NONE', 'SPC_NONE', 'TPC_NONE', 'UC_NONE', 'UC_NONE', 'UC_NONE', 'SPC_NONE', 'UC_NONE', 'SPC_NONE', 'TPC_NONE', 'UC_NONE', 'UC_NONE', 'UC_NONE', 'SPC_NONE', 'UC_NONE', 'UC_NONE', 'TPC_NONE', 'UC_NONE', 'SPC_NONE', 'UC_NONE', 'SBX_NONE', 'TPC_NONE', 'SPC_NONE', 'TPC_NONE', 'SPC_NONE', 'SPC_NONE', 'UC_NONE', 'TPC_NONE', 'SPC_NONE', 'TPC_NONE', 'SPC_NONE', 'TPC_NONE', 'SPC_NONE', 'UC_NONE', 'TPC_NONE', 'UC_NONE', 'TPC_NONE', 'TPC_NONE', 'UC_NONE', 'TPC_NONE', 'SPC_NONE', 'SPC_NONE', 'TPC_NONE', 'SPC_NONE', 'TPC_NONE', 'TPC_NONE', 'SPC_NONE', 'SPC_NONE', 'SPC_NONE', 'SPC_NONE', 'UC_NONE']","{'SPC_MNUF': 1, 'SBX_MNUF': 1, 'TPC_NONE': 25, 'SBX_MPOLY': 2, 'UC_NONE': 22, 'SPC_MPOLY': 3, 'SPC_NONE': 23, 'SBX_NONE': 1}"
21,79,SPC,NONE,0.6793792903905225,0.0371094794492911,445200330.24,330556875.7576028,1203530.4,810122.2032285251,0.7377391548107193,-3.0747245134299384e-05,0.0,0.0,GREEDY_HV,"['SPC_MBFLIP', 'SPC_MNUF', 'SBX_MNUF', 'TPC_NONE', 'SBX_MPOLY', 'UC_NONE', 'SPC_MPOLY', 'UC_NONE', 'SPC_MPOLY', 'SPC_MPOLY', 'UC_NONE', 'SBX_MPOLY', 'TPC_NONE', 'TPC_NONE', 'SPC_NONE', 'UC_NONE', 'TPC_NONE', 'SPC_NONE', 'SPC_NONE', 'SPC_NONE', 'UC_NONE', 'TPC_NONE', 'UC_NONE', 'SPC_NONE', 'TPC_NONE', 'TPC_NONE', 'TPC_NONE', 'TPC_NONE', 'TPC_NONE', 'SPC_NONE', 'TPC_NONE', 'UC_NONE', 'UC_NONE', 'UC_NONE', 'SPC_NONE', 'UC_NONE', 'SPC_NONE', 'TPC_NONE', 'UC_NONE', 'UC_NONE', 'UC_NONE', 'SPC_NONE', 'UC_NONE', 'UC_NONE', 'TPC_NONE', 'UC_NONE', 'SPC_NONE', 'UC_NONE', 'SBX_NONE', 'TPC_NONE', 'SPC_NONE', 'TPC_NONE', 'SPC_NONE', 'SPC_NONE', 'UC_NONE', 'TPC_NONE', 'SPC_NONE', 'TPC_NONE', 'SPC_NONE', 'TPC_NONE', 'SPC_NONE', 'UC_NONE', 'TPC_NONE', 'UC_NONE', 'TPC_NONE', 'TPC_NONE', 'UC_NONE', 'TPC_NONE', 'SPC_NONE', 'SPC_NONE', 'TPC_NONE', 'SPC_NONE', 'TPC_NONE', 'TPC_NONE', 'SPC_NONE', 'SPC_NONE', 'SPC_NONE', 'SPC_NONE', 'UC_NONE', 'SPC_NONE']","{'SPC_MNUF': 1, 'SBX_MNUF': 1, 'TPC_NONE': 25, 'SBX_MPOLY': 2, 'UC_NONE': 22, 'SPC_MPOLY': 3, 'SPC_NONE': 24, 'SBX_NONE': 1}"
21,80,TPC,NONE,0.6793633240534274,0.0359267819066162,435934881.28,323914805.9459399,1147490.72,770507.0556152759,0.7377598214125182,2.0666601798891016e-05,0.01,0.0,GREEDY_HV,"['SPC_MBFLIP', 'SPC_MNUF', 'SBX_MNUF', 'TPC_NONE', 'SBX_MPOLY', 'UC_NONE', 'SPC_MPOLY', 'UC_NONE', 'SPC_MPOLY', 'SPC_MPOLY', 'UC_NONE', 'SBX_MPOLY', 'TPC_NONE', 'TPC_NONE', 'SPC_NONE', 'UC_NONE', 'TPC_NONE', 'SPC_NONE', 'SPC_NONE', 'SPC_NONE', 'UC_NONE', 'TPC_NONE', 'UC_NONE', 'SPC_NONE', 'TPC_NONE', 'TPC_NONE', 'TPC_NONE', 'TPC_NONE', 'TPC_NONE', 'SPC_NONE', 'TPC_NONE', 'UC_NONE', 'UC_NONE', 'UC_NONE', 'SPC_NONE', 'UC_NONE', 'SPC_NONE', 'TPC_NONE', 'UC_NONE', 'UC_NONE', 'UC_NONE', 'SPC_NONE', 'UC_NONE', 'UC_NONE', 'TPC_NONE', 'UC_NONE', 'SPC_NONE', 'UC_NONE', 'SBX_NONE', 'TPC_NONE', 'SPC_NONE', 'TPC_NONE', 'SPC_NONE', 'SPC_NONE', 'UC_NONE', 'TPC_NONE', 'SPC_NONE', 'TPC_NONE', 'SPC_NONE', 'TPC_NONE', 'SPC_NONE', 'UC_NONE', 'TPC_NONE', 'UC_NONE', 'TPC_NONE', 'TPC_NONE', 'UC_NONE', 'TPC_NONE', 'SPC_NONE', 'SPC_NONE', 'TPC_NONE', 'SPC_NONE', 'TPC_NONE', 'TPC_NONE', 'SPC_NONE', 'SPC_NONE', 'SPC_NONE', 'SPC_NONE', 'UC_NONE', 'SPC_NONE', 'TPC_NONE']","{'SPC_MNUF': 1, 'SBX_MNUF': 1, 'TPC_NONE': 26, 'SBX_MPOLY': 2, 'UC_NONE': 22, 'SPC_MPOLY': 3, 'SPC_NONE': 24, 'SBX_NONE': 1}"
21,81,SPC,NONE,0.6806833016525451,0.0372677418376344,447776170.24,320920627.1632362,1231820.96,786901.4613106513,0.7377632992472717,3.4778347535180387e-06,0.0,0.0,GREEDY_HV,"['SPC_MBFLIP', 'SPC_MNUF', 'SBX_MNUF', 'TPC_NONE', 'SBX_MPOLY', 'UC_NONE', 'SPC_MPOLY', 'UC_NONE', 'SPC_MPOLY', 'SPC_MPOLY', 'UC_NONE', 'SBX_MPOLY', 'TPC_NONE', 'TPC_NONE', 'SPC_NONE', 'UC_NONE', 'TPC_NONE', 'SPC_NONE', 'SPC_NONE', 'SPC_NONE', 'UC_NONE', 'TPC_NONE', 'UC_NONE', 'SPC_NONE', 'TPC_NONE', 'TPC_NONE', 'TPC_NONE', 'TPC_NONE', 'TPC_NONE', 'SPC_NONE', 'TPC_NONE', 'UC_NONE', 'UC_NONE', 'UC_NONE', 'SPC_NONE', 'UC_NONE', 'SPC_NONE', 'TPC_NONE', 'UC_NONE', 'UC_NONE', 'UC_NONE', 'SPC_NONE', 'UC_NONE', 'UC_NONE', 'TPC_NONE', 'UC_NONE', 'SPC_NONE', 'UC_NONE', 'SBX_NONE', 'TPC_NONE', 'SPC_NONE', 'TPC_NONE', 'SPC_NONE', 'SPC_NONE', 'UC_NONE', 'TPC_NONE', 'SPC_NONE', 'TPC_NONE', 'SPC_NONE', 'TPC_NONE', 'SPC_NONE', 'UC_NONE', 'TPC_NONE', 'UC_NONE', 'TPC_NONE', 'TPC_NONE', 'UC_NONE', 'TPC_NONE', 'SPC_NONE', 'SPC_NONE', 'TPC_NONE', 'SPC_NONE', 'TPC_NONE', 'TPC_NONE', 'SPC_NONE', 'SPC_NONE', 'SPC_NONE', 'SPC_NONE', 'UC_NONE', 'SPC_NONE', 'TPC_NONE', 'SPC_NONE']","{'SPC_MNUF': 1, 'SBX_MNUF': 1, 'TPC_NONE': 26, 'SBX_MPOLY': 2, 'UC_NONE': 22, 'SPC_MPOLY': 3, 'SPC_NONE': 25, 'SBX_NONE': 1}"
21,82,UC,NONE,0.6797763553176998,0.037162323491658,444279179.52,326381751.7718736,1212606.88,797987.9811293558,0.73770825829116,-5.50409561116405e-05,0.0,0.0,GREEDY_HV,"['SPC_MBFLIP', 'SPC_MNUF', 'SBX_MNUF', 'TPC_NONE', 'SBX_MPOLY', 'UC_NONE', 'SPC_MPOLY', 'UC_NONE', 'SPC_MPOLY', 'SPC_MPOLY', 'UC_NONE', 'SBX_MPOLY', 'TPC_NONE', 'TPC_NONE', 'SPC_NONE', 'UC_NONE', 'TPC_NONE', 'SPC_NONE', 'SPC_NONE', 'SPC_NONE', 'UC_NONE', 'TPC_NONE', 'UC_NONE', 'SPC_NONE', 'TPC_NONE', 'TPC_NONE', 'TPC_NONE', 'TPC_NONE', 'TPC_NONE', 'SPC_NONE', 'TPC_NONE', 'UC_NONE', 'UC_NONE', 'UC_NONE', 'SPC_NONE', 'UC_NONE', 'SPC_NONE', 'TPC_NONE', 'UC_NONE', 'UC_NONE', 'UC_NONE', 'SPC_NONE', 'UC_NONE', 'UC_NONE', 'TPC_NONE', 'UC_NONE', 'SPC_NONE', 'UC_NONE', 'SBX_NONE', 'TPC_NONE', 'SPC_NONE', 'TPC_NONE', 'SPC_NONE', 'SPC_NONE', 'UC_NONE', 'TPC_NONE', 'SPC_NONE', 'TPC_NONE', 'SPC_NONE', 'TPC_NONE', 'SPC_NONE', 'UC_NONE', 'TPC_NONE', 'UC_NONE', 'TPC_NONE', 'TPC_NONE', 'UC_NONE', 'TPC_NONE', 'SPC_NONE', 'SPC_NONE', 'TPC_NONE', 'SPC_NONE', 'TPC_NONE', 'TPC_NONE', 'SPC_NONE', 'SPC_NONE', 'SPC_NONE', 'SPC_NONE', 'UC_NONE', 'SPC_NONE', 'TPC_NONE', 'SPC_NONE', 'UC_NONE']","{'SPC_MNUF': 1, 'SBX_MNUF': 1, 'TPC_NONE': 26, 'SBX_MPOLY': 2, 'UC_NONE': 23, 'SPC_MPOLY': 3, 'SPC_NONE': 25, 'SBX_NONE': 1}"
21,83,UC,NONE,0.6814907880306698,0.0372775895247229,467098647.04,327556691.33425665,1290356.64,811860.1015845466,0.7377170973075889,8.839016428896507e-06,0.0,0.0,GREEDY_HV,"['SPC_MBFLIP', 'SPC_MNUF', 'SBX_MNUF', 'TPC_NONE', 'SBX_MPOLY', 'UC_NONE', 'SPC_MPOLY', 'UC_NONE', 'SPC_MPOLY', 'SPC_MPOLY', 'UC_NONE', 'SBX_MPOLY', 'TPC_NONE', 'TPC_NONE', 'SPC_NONE', 'UC_NONE', 'TPC_NONE', 'SPC_NONE', 'SPC_NONE', 'SPC_NONE', 'UC_NONE', 'TPC_NONE', 'UC_NONE', 'SPC_NONE', 'TPC_NONE', 'TPC_NONE', 'TPC_NONE', 'TPC_NONE', 'TPC_NONE', 'SPC_NONE', 'TPC_NONE', 'UC_NONE', 'UC_NONE', 'UC_NONE', 'SPC_NONE', 'UC_NONE', 'SPC_NONE', 'TPC_NONE', 'UC_NONE', 'UC_NONE', 'UC_NONE', 'SPC_NONE', 'UC_NONE', 'UC_NONE', 'TPC_NONE', 'UC_NONE', 'SPC_NONE', 'UC_NONE', 'SBX_NONE', 'TPC_NONE', 'SPC_NONE', 'TPC_NONE', 'SPC_NONE', 'SPC_NONE', 'UC_NONE', 'TPC_NONE', 'SPC_NONE', 'TPC_NONE', 'SPC_NONE', 'TPC_NONE', 'SPC_NONE', 'UC_NONE', 'TPC_NONE', 'UC_NONE', 'TPC_NONE', 'TPC_NONE', 'UC_NONE', 'TPC_NONE', 'SPC_NONE', 'SPC_NONE', 'TPC_NONE', 'SPC_NONE', 'TPC_NONE', 'TPC_NONE', 'SPC_NONE', 'SPC_NONE', 'SPC_NONE', 'SPC_NONE', 'UC_NONE', 'SPC_NONE', 'TPC_NONE', 'SPC_NONE', 'UC_NONE', 'UC_NONE']","{'SPC_MNUF': 1, 'SBX_MNUF': 1, 'TPC_NONE': 26, 'SBX_MPOLY': 2, 'UC_NONE': 24, 'SPC_MPOLY': 3, 'SPC_NONE': 25, 'SBX_NONE': 1}"
21,84,SPC,NONE,0.6806785813843496,0.0362910669599318,451027008.0,325055664.96614164,1228367.52,792575.8028361511,0.7377407880499489,2.3690742359971928e-05,0.01,0.0,GREEDY_HV,"['SPC_MBFLIP', 'SPC_MNUF', 'SBX_MNUF', 'TPC_NONE', 'SBX_MPOLY', 'UC_NONE', 'SPC_MPOLY', 'UC_NONE', 'SPC_MPOLY', 'SPC_MPOLY', 'UC_NONE', 'SBX_MPOLY', 'TPC_NONE', 'TPC_NONE', 'SPC_NONE', 'UC_NONE', 'TPC_NONE', 'SPC_NONE', 'SPC_NONE', 'SPC_NONE', 'UC_NONE', 'TPC_NONE', 'UC_NONE', 'SPC_NONE', 'TPC_NONE', 'TPC_NONE', 'TPC_NONE', 'TPC_NONE', 'TPC_NONE', 'SPC_NONE', 'TPC_NONE', 'UC_NONE', 'UC_NONE', 'UC_NONE', 'SPC_NONE', 'UC_NONE', 'SPC_NONE', 'TPC_NONE', 'UC_NONE', 'UC_NONE', 'UC_NONE', 'SPC_NONE', 'UC_NONE', 'UC_NONE', 'TPC_NONE', 'UC_NONE', 'SPC_NONE', 'UC_NONE', 'SBX_NONE', 'TPC_NONE', 'SPC_NONE', 'TPC_NONE', 'SPC_NONE', 'SPC_NONE', 'UC_NONE', 'TPC_NONE', 'SPC_NONE', 'TPC_NONE', 'SPC_NONE', 'TPC_NONE', 'SPC_NONE', 'UC_NONE', 'TPC_NONE', 'UC_NONE', 'TPC_NONE', 'TPC_NONE', 'UC_NONE', 'TPC_NONE', 'SPC_NONE', 'SPC_NONE', 'TPC_NONE', 'SPC_NONE', 'TPC_NONE', 'TPC_NONE', 'SPC_NONE', 'SPC_NONE', 'SPC_NONE', 'SPC_NONE', 'UC_NONE', 'SPC_NONE', 'TPC_NONE', 'SPC_NONE', 'UC_NONE', 'UC_NONE', 'SPC_NONE']","{'SPC_MNUF': 1, 'SBX_MNUF': 1, 'TPC_NONE': 26, 'SBX_MPOLY': 2, 'UC_NONE': 24, 'SPC_MPOLY': 3, 'SPC_NONE': 26, 'SBX_NONE': 1}"
21,85,TPC,NONE,0.6809467672173836,0.0370018473103525,472843793.92,341890310.3900725,1249044.64,786709.4257086222,0.7377530559462324,1.2267896283502113e-05,0.0,0.0,GREEDY_HV,"['SPC_MBFLIP', 'SPC_MNUF', 'SBX_MNUF', 'TPC_NONE', 'SBX_MPOLY', 'UC_NONE', 'SPC_MPOLY', 'UC_NONE', 'SPC_MPOLY', 'SPC_MPOLY', 'UC_NONE', 'SBX_MPOLY', 'TPC_NONE', 'TPC_NONE', 'SPC_NONE', 'UC_NONE', 'TPC_NONE', 'SPC_NONE', 'SPC_NONE', 'SPC_NONE', 'UC_NONE', 'TPC_NONE', 'UC_NONE', 'SPC_NONE', 'TPC_NONE', 'TPC_NONE', 'TPC_NONE', 'TPC_NONE', 'TPC_NONE', 'SPC_NONE', 'TPC_NONE', 'UC_NONE', 'UC_NONE', 'UC_NONE', 'SPC_NONE', 'UC_NONE', 'SPC_NONE', 'TPC_NONE', 'UC_NONE', 'UC_NONE', 'UC_NONE', 'SPC_NONE', 'UC_NONE', 'UC_NONE', 'TPC_NONE', 'UC_NONE', 'SPC_NONE', 'UC_NONE', 'SBX_NONE', 'TPC_NONE', 'SPC_NONE', 'TPC_NONE', 'SPC_NONE', 'SPC_NONE', 'UC_NONE', 'TPC_NONE', 'SPC_NONE', 'TPC_NONE', 'SPC_NONE', 'TPC_NONE', 'SPC_NONE', 'UC_NONE', 'TPC_NONE', 'UC_NONE', 'TPC_NONE', 'TPC_NONE', 'UC_NONE', 'TPC_NONE', 'SPC_NONE', 'SPC_NONE', 'TPC_NONE', 'SPC_NONE', 'TPC_NONE', 'TPC_NONE', 'SPC_NONE', 'SPC_NONE', 'SPC_NONE', 'SPC_NONE', 'UC_NONE', 'SPC_NONE', 'TPC_NONE', 'SPC_NONE', 'UC_NONE', 'UC_NONE', 'SPC_NONE', 'TPC_NONE']","{'SPC_MNUF': 1, 'SBX_MNUF': 1, 'TPC_NONE': 27, 'SBX_MPOLY': 2, 'UC_NONE': 24, 'SPC_MPOLY': 3, 'SPC_NONE': 26, 'SBX_NONE': 1}"
21,86,UC,NONE,0.681562650454884,0.0360688545769793,445478627.84,319484316.06121844,1238785.44,767124.7974978819,0.7377380920010361,-1.4963945196289076e-05,0.0,0.0,GREEDY_HV,"['SPC_MBFLIP', 'SPC_MNUF', 'SBX_MNUF', 'TPC_NONE', 'SBX_MPOLY', 'UC_NONE', 'SPC_MPOLY', 'UC_NONE', 'SPC_MPOLY', 'SPC_MPOLY', 'UC_NONE', 'SBX_MPOLY', 'TPC_NONE', 'TPC_NONE', 'SPC_NONE', 'UC_NONE', 'TPC_NONE', 'SPC_NONE', 'SPC_NONE', 'SPC_NONE', 'UC_NONE', 'TPC_NONE', 'UC_NONE', 'SPC_NONE', 'TPC_NONE', 'TPC_NONE', 'TPC_NONE', 'TPC_NONE', 'TPC_NONE', 'SPC_NONE', 'TPC_NONE', 'UC_NONE', 'UC_NONE', 'UC_NONE', 'SPC_NONE', 'UC_NONE', 'SPC_NONE', 'TPC_NONE', 'UC_NONE', 'UC_NONE', 'UC_NONE', 'SPC_NONE', 'UC_NONE', 'UC_NONE', 'TPC_NONE', 'UC_NONE', 'SPC_NONE', 'UC_NONE', 'SBX_NONE', 'TPC_NONE', 'SPC_NONE', 'TPC_NONE', 'SPC_NONE', 'SPC_NONE', 'UC_NONE', 'TPC_NONE', 'SPC_NONE', 'TPC_NONE', 'SPC_NONE', 'TPC_NONE', 'SPC_NONE', 'UC_NONE', 'TPC_NONE', 'UC_NONE', 'TPC_NONE', 'TPC_NONE', 'UC_NONE', 'TPC_NONE', 'SPC_NONE', 'SPC_NONE', 'TPC_NONE', 'SPC_NONE', 'TPC_NONE', 'TPC_NONE', 'SPC_NONE', 'SPC_NONE', 'SPC_NONE', 'SPC_NONE', 'UC_NONE', 'SPC_NONE', 'TPC_NONE', 'SPC_NONE', 'UC_NONE', 'UC_NONE', 'SPC_NONE', 'TPC_NONE', 'UC_NONE']","{'SPC_MNUF': 1, 'SBX_MNUF': 1, 'TPC_NONE': 27, 'SBX_MPOLY': 2, 'UC_NONE': 25, 'SPC_MPOLY': 3, 'SPC_NONE': 26, 'SBX_NONE': 1}"
21,87,SPC,NONE,0.6813059188021549,0.0367409065341395,470105489.92,336207361.352399,1233332.64,766634.5114608333,0.7377278217197827,-1.027028125344387e-05,0.0,0.0,GREEDY_HV,"['SPC_MBFLIP', 'SPC_MNUF', 'SBX_MNUF', 'TPC_NONE', 'SBX_MPOLY', 'UC_NONE', 'SPC_MPOLY', 'UC_NONE', 'SPC_MPOLY', 'SPC_MPOLY', 'UC_NONE', 'SBX_MPOLY', 'TPC_NONE', 'TPC_NONE', 'SPC_NONE', 'UC_NONE', 'TPC_NONE', 'SPC_NONE', 'SPC_NONE', 'SPC_NONE', 'UC_NONE', 'TPC_NONE', 'UC_NONE', 'SPC_NONE', 'TPC_NONE', 'TPC_NONE', 'TPC_NONE', 'TPC_NONE', 'TPC_NONE', 'SPC_NONE', 'TPC_NONE', 'UC_NONE', 'UC_NONE', 'UC_NONE', 'SPC_NONE', 'UC_NONE', 'SPC_NONE', 'TPC_NONE', 'UC_NONE', 'UC_NONE', 'UC_NONE', 'SPC_NONE', 'UC_NONE', 'UC_NONE', 'TPC_NONE', 'UC_NONE', 'SPC_NONE', 'UC_NONE', 'SBX_NONE', 'TPC_NONE', 'SPC_NONE', 'TPC_NONE', 'SPC_NONE', 'SPC_NONE', 'UC_NONE', 'TPC_NONE', 'SPC_NONE', 'TPC_NONE', 'SPC_NONE', 'TPC_NONE', 'SPC_NONE', 'UC_NONE', 'TPC_NONE', 'UC_NONE', 'TPC_NONE', 'TPC_NONE', 'UC_NONE', 'TPC_NONE', 'SPC_NONE', 'SPC_NONE', 'TPC_NONE', 'SPC_NONE', 'TPC_NONE', 'TPC_NONE', 'SPC_NONE', 'SPC_NONE', 'SPC_NONE', 'SPC_NONE', 'UC_NONE', 'SPC_NONE', 'TPC_NONE', 'SPC_NONE', 'UC_NONE', 'UC_NONE', 'SPC_NONE', 'TPC_NONE', 'UC_NONE', 'SPC_NONE']","{'SPC_MNUF': 1, 'SBX_MNUF': 1, 'TPC_NONE': 27, 'SBX_MPOLY': 2, 'UC_NONE': 25, 'SPC_MPOLY': 3, 'SPC_NONE': 27, 'SBX_NONE': 1}"
21,88,SPC,NONE,0.6803303044776183,0.0377489492863897,455099102.72,321165864.97401583,1254561.44,793496.770365807,0.7377208128813476,-7.008838435074161e-06,0.0,0.0,GREEDY_HV,"['SPC_MBFLIP', 'SPC_MNUF', 'SBX_MNUF', 'TPC_NONE', 'SBX_MPOLY', 'UC_NONE', 'SPC_MPOLY', 'UC_NONE', 'SPC_MPOLY', 'SPC_MPOLY', 'UC_NONE', 'SBX_MPOLY', 'TPC_NONE', 'TPC_NONE', 'SPC_NONE', 'UC_NONE', 'TPC_NONE', 'SPC_NONE', 'SPC_NONE', 'SPC_NONE', 'UC_NONE', 'TPC_NONE', 'UC_NONE', 'SPC_NONE', 'TPC_NONE', 'TPC_NONE', 'TPC_NONE', 'TPC_NONE', 'TPC_NONE', 'SPC_NONE', 'TPC_NONE', 'UC_NONE', 'UC_NONE', 'UC_NONE', 'SPC_NONE', 'UC_NONE', 'SPC_NONE', 'TPC_NONE', 'UC_NONE', 'UC_NONE', 'UC_NONE', 'SPC_NONE', 'UC_NONE', 'UC_NONE', 'TPC_NONE', 'UC_NONE', 'SPC_NONE', 'UC_NONE', 'SBX_NONE', 'TPC_NONE', 'SPC_NONE', 'TPC_NONE', 'SPC_NONE', 'SPC_NONE', 'UC_NONE', 'TPC_NONE', 'SPC_NONE', 'TPC_NONE', 'SPC_NONE', 'TPC_NONE', 'SPC_NONE', 'UC_NONE', 'TPC_NONE', 'UC_NONE', 'TPC_NONE', 'TPC_NONE', 'UC_NONE', 'TPC_NONE', 'SPC_NONE', 'SPC_NONE', 'TPC_NONE', 'SPC_NONE', 'TPC_NONE', 'TPC_NONE', 'SPC_NONE', 'SPC_NONE', 'SPC_NONE', 'SPC_NONE', 'UC_NONE', 'SPC_NONE', 'TPC_NONE', 'SPC_NONE', 'UC_NONE', 'UC_NONE', 'SPC_NONE', 'TPC_NONE', 'UC_NONE', 'SPC_NONE', 'SPC_NONE']","{'SPC_MNUF': 1, 'SBX_MNUF': 1, 'TPC_NONE': 27, 'SBX_MPOLY': 2, 'UC_NONE': 25, 'SPC_MPOLY': 3, 'SPC_NONE': 28, 'SBX_NONE': 1}"
21,89,TPC,NONE,0.6819068917702191,0.0362875591732729,451450268.16,318099640.6209597,1256178.08,768845.4735830299,0.7377245080087217,3.695127374081508e-06,0.0,0.0,GREEDY_HV,"['SPC_MBFLIP', 'SPC_MNUF', 'SBX_MNUF', 'TPC_NONE', 'SBX_MPOLY', 'UC_NONE', 'SPC_MPOLY', 'UC_NONE', 'SPC_MPOLY', 'SPC_MPOLY', 'UC_NONE', 'SBX_MPOLY', 'TPC_NONE', 'TPC_NONE', 'SPC_NONE', 'UC_NONE', 'TPC_NONE', 'SPC_NONE', 'SPC_NONE', 'SPC_NONE', 'UC_NONE', 'TPC_NONE', 'UC_NONE', 'SPC_NONE', 'TPC_NONE', 'TPC_NONE', 'TPC_NONE', 'TPC_NONE', 'TPC_NONE', 'SPC_NONE', 'TPC_NONE', 'UC_NONE', 'UC_NONE', 'UC_NONE', 'SPC_NONE', 'UC_NONE', 'SPC_NONE', 'TPC_NONE', 'UC_NONE', 'UC_NONE', 'UC_NONE', 'SPC_NONE', 'UC_NONE', 'UC_NONE', 'TPC_NONE', 'UC_NONE', 'SPC_NONE', 'UC_NONE', 'SBX_NONE', 'TPC_NONE', 'SPC_NONE', 'TPC_NONE', 'SPC_NONE', 'SPC_NONE', 'UC_NONE', 'TPC_NONE', 'SPC_NONE', 'TPC_NONE', 'SPC_NONE', 'TPC_NONE', 'SPC_NONE', 'UC_NONE', 'TPC_NONE', 'UC_NONE', 'TPC_NONE', 'TPC_NONE', 'UC_NONE', 'TPC_NONE', 'SPC_NONE', 'SPC_NONE', 'TPC_NONE', 'SPC_NONE', 'TPC_NONE', 'TPC_NONE', 'SPC_NONE', 'SPC_NONE', 'SPC_NONE', 'SPC_NONE', 'UC_NONE', 'SPC_NONE', 'TPC_NONE', 'SPC_NONE', 'UC_NONE', 'UC_NONE', 'SPC_NONE', 'TPC_NONE', 'UC_NONE', 'SPC_NONE', 'SPC_NONE', 'TPC_NONE']","{'SPC_MNUF': 1, 'SBX_MNUF': 1, 'TPC_NONE': 28, 'SBX_MPOLY': 2, 'UC_NONE': 25, 'SPC_MPOLY': 3, 'SPC_NONE': 28, 'SBX_NONE': 1}"
21,90,SPC,NONE,0.6810564295196204,0.0367733796978606,446871754.24,324527430.7510156,1274973.6,765173.1450551567,0.7377644791887007,3.997117997900368e-05,0.0,0.0,GREEDY_HV,"['SPC_MBFLIP', 'SPC_MNUF', 'SBX_MNUF', 'TPC_NONE', 'SBX_MPOLY', 'UC_NONE', 'SPC_MPOLY', 'UC_NONE', 'SPC_MPOLY', 'SPC_MPOLY', 'UC_NONE', 'SBX_MPOLY', 'TPC_NONE', 'TPC_NONE', 'SPC_NONE', 'UC_NONE', 'TPC_NONE', 'SPC_NONE', 'SPC_NONE', 'SPC_NONE', 'UC_NONE', 'TPC_NONE', 'UC_NONE', 'SPC_NONE', 'TPC_NONE', 'TPC_NONE', 'TPC_NONE', 'TPC_NONE', 'TPC_NONE', 'SPC_NONE', 'TPC_NONE', 'UC_NONE', 'UC_NONE', 'UC_NONE', 'SPC_NONE', 'UC_NONE', 'SPC_NONE', 'TPC_NONE', 'UC_NONE', 'UC_NONE', 'UC_NONE', 'SPC_NONE', 'UC_NONE', 'UC_NONE', 'TPC_NONE', 'UC_NONE', 'SPC_NONE', 'UC_NONE', 'SBX_NONE', 'TPC_NONE', 'SPC_NONE', 'TPC_NONE', 'SPC_NONE', 'SPC_NONE', 'UC_NONE', 'TPC_NONE', 'SPC_NONE', 'TPC_NONE', 'SPC_NONE', 'TPC_NONE', 'SPC_NONE', 'UC_NONE', 'TPC_NONE', 'UC_NONE', 'TPC_NONE', 'TPC_NONE', 'UC_NONE', 'TPC_NONE', 'SPC_NONE', 'SPC_NONE', 'TPC_NONE', 'SPC_NONE', 'TPC_NONE', 'TPC_NONE', 'SPC_NONE', 'SPC_NONE', 'SPC_NONE', 'SPC_NONE', 'UC_NONE', 'SPC_NONE', 'TPC_NONE', 'SPC_NONE', 'UC_NONE', 'UC_NONE', 'SPC_NONE', 'TPC_NONE', 'UC_NONE', 'SPC_NONE', 'SPC_NONE', 'TPC_NONE', 'SPC_NONE']","{'SPC_MNUF': 1, 'SBX_MNUF': 1, 'TPC_NONE': 28, 'SBX_MPOLY': 2, 'UC_NONE': 25, 'SPC_MPOLY': 3, 'SPC_NONE': 29, 'SBX_NONE': 1}"
21,91,SPC,NONE,0.6824131494313491,0.0368907408628763,473521968.64,336169929.62334263,1300262.56,772443.4452153546,0.7377728731127743,8.393924073590853e-06,0.0,0.0,GREEDY_HV,"['SPC_MBFLIP', 'SPC_MNUF', 'SBX_MNUF', 'TPC_NONE', 'SBX_MPOLY', 'UC_NONE', 'SPC_MPOLY', 'UC_NONE', 'SPC_MPOLY', 'SPC_MPOLY', 'UC_NONE', 'SBX_MPOLY', 'TPC_NONE', 'TPC_NONE', 'SPC_NONE', 'UC_NONE', 'TPC_NONE', 'SPC_NONE', 'SPC_NONE', 'SPC_NONE', 'UC_NONE', 'TPC_NONE', 'UC_NONE', 'SPC_NONE', 'TPC_NONE', 'TPC_NONE', 'TPC_NONE', 'TPC_NONE', 'TPC_NONE', 'SPC_NONE', 'TPC_NONE', 'UC_NONE', 'UC_NONE', 'UC_NONE', 'SPC_NONE', 'UC_NONE', 'SPC_NONE', 'TPC_NONE', 'UC_NONE', 'UC_NONE', 'UC_NONE', 'SPC_NONE', 'UC_NONE', 'UC_NONE', 'TPC_NONE', 'UC_NONE', 'SPC_NONE', 'UC_NONE', 'SBX_NONE', 'TPC_NONE', 'SPC_NONE', 'TPC_NONE', 'SPC_NONE', 'SPC_NONE', 'UC_NONE', 'TPC_NONE', 'SPC_NONE', 'TPC_NONE', 'SPC_NONE', 'TPC_NONE', 'SPC_NONE', 'UC_NONE', 'TPC_NONE', 'UC_NONE', 'TPC_NONE', 'TPC_NONE', 'UC_NONE', 'TPC_NONE', 'SPC_NONE', 'SPC_NONE', 'TPC_NONE', 'SPC_NONE', 'TPC_NONE', 'TPC_NONE', 'SPC_NONE', 'SPC_NONE', 'SPC_NONE', 'SPC_NONE', 'UC_NONE', 'SPC_NONE', 'TPC_NONE', 'SPC_NONE', 'UC_NONE', 'UC_NONE', 'SPC_NONE', 'TPC_NONE', 'UC_NONE', 'SPC_NONE', 'SPC_NONE', 'TPC_NONE', 'SPC_NONE', 'SPC_NONE']","{'SPC_MNUF': 1, 'SBX_MNUF': 1, 'TPC_NONE': 28, 'SBX_MPOLY': 2, 'UC_NONE': 25, 'SPC_MPOLY': 3, 'SPC_NONE': 30, 'SBX_NONE': 1}"
21,92,UC,NONE,0.6837732052212258,0.0358463955910853,480032806.4,327329169.0415022,1316923.04,760426.0212959826,0.7377260307078961,-4.684240487817792e-05,0.0,0.0,GREEDY_HV,"['SPC_MBFLIP', 'SPC_MNUF', 'SBX_MNUF', 'TPC_NONE', 'SBX_MPOLY', 'UC_NONE', 'SPC_MPOLY', 'UC_NONE', 'SPC_MPOLY', 'SPC_MPOLY', 'UC_NONE', 'SBX_MPOLY', 'TPC_NONE', 'TPC_NONE', 'SPC_NONE', 'UC_NONE', 'TPC_NONE', 'SPC_NONE', 'SPC_NONE', 'SPC_NONE', 'UC_NONE', 'TPC_NONE', 'UC_NONE', 'SPC_NONE', 'TPC_NONE', 'TPC_NONE', 'TPC_NONE', 'TPC_NONE', 'TPC_NONE', 'SPC_NONE', 'TPC_NONE', 'UC_NONE', 'UC_NONE', 'UC_NONE', 'SPC_NONE', 'UC_NONE', 'SPC_NONE', 'TPC_NONE', 'UC_NONE', 'UC_NONE', 'UC_NONE', 'SPC_NONE', 'UC_NONE', 'UC_NONE', 'TPC_NONE', 'UC_NONE', 'SPC_NONE', 'UC_NONE', 'SBX_NONE', 'TPC_NONE', 'SPC_NONE', 'TPC_NONE', 'SPC_NONE', 'SPC_NONE', 'UC_NONE', 'TPC_NONE', 'SPC_NONE', 'TPC_NONE', 'SPC_NONE', 'TPC_NONE', 'SPC_NONE', 'UC_NONE', 'TPC_NONE', 'UC_NONE', 'TPC_NONE', 'TPC_NONE', 'UC_NONE', 'TPC_NONE', 'SPC_NONE', 'SPC_NONE', 'TPC_NONE', 'SPC_NONE', 'TPC_NONE', 'TPC_NONE', 'SPC_NONE', 'SPC_NONE', 'SPC_NONE', 'SPC_NONE', 'UC_NONE', 'SPC_NONE', 'TPC_NONE', 'SPC_NONE', 'UC_NONE', 'UC_NONE', 'SPC_NONE', 'TPC_NONE', 'UC_NONE', 'SPC_NONE', 'SPC_NONE', 'TPC_NONE', 'SPC_NONE', 'SPC_NONE', 'UC_NONE']","{'SPC_MNUF': 1, 'SBX_MNUF': 1, 'TPC_NONE': 28, 'SBX_MPOLY': 2, 'UC_NONE': 26, 'SPC_MPOLY': 3, 'SPC_NONE': 30, 'SBX_NONE': 1}"
21,93,UC,NONE,0.680434936642008,0.0375916131112321,459907539.2,328812216.62132573,1255666.08,777060.2118216539,0.7377260252219775,-5.4859186082723e-09,0.0,0.0,GREEDY_HV,"['SPC_MBFLIP', 'SPC_MNUF', 'SBX_MNUF', 'TPC_NONE', 'SBX_MPOLY', 'UC_NONE', 'SPC_MPOLY', 'UC_NONE', 'SPC_MPOLY', 'SPC_MPOLY', 'UC_NONE', 'SBX_MPOLY', 'TPC_NONE', 'TPC_NONE', 'SPC_NONE', 'UC_NONE', 'TPC_NONE', 'SPC_NONE', 'SPC_NONE', 'SPC_NONE', 'UC_NONE', 'TPC_NONE', 'UC_NONE', 'SPC_NONE', 'TPC_NONE', 'TPC_NONE', 'TPC_NONE', 'TPC_NONE', 'TPC_NONE', 'SPC_NONE', 'TPC_NONE', 'UC_NONE', 'UC_NONE', 'UC_NONE', 'SPC_NONE', 'UC_NONE', 'SPC_NONE', 'TPC_NONE', 'UC_NONE', 'UC_NONE', 'UC_NONE', 'SPC_NONE', 'UC_NONE', 'UC_NONE', 'TPC_NONE', 'UC_NONE', 'SPC_NONE', 'UC_NONE', 'SBX_NONE', 'TPC_NONE', 'SPC_NONE', 'TPC_NONE', 'SPC_NONE', 'SPC_NONE', 'UC_NONE', 'TPC_NONE', 'SPC_NONE', 'TPC_NONE', 'SPC_NONE', 'TPC_NONE', 'SPC_NONE', 'UC_NONE', 'TPC_NONE', 'UC_NONE', 'TPC_NONE', 'TPC_NONE', 'UC_NONE', 'TPC_NONE', 'SPC_NONE', 'SPC_NONE', 'TPC_NONE', 'SPC_NONE', 'TPC_NONE', 'TPC_NONE', 'SPC_NONE', 'SPC_NONE', 'SPC_NONE', 'SPC_NONE', 'UC_NONE', 'SPC_NONE', 'TPC_NONE', 'SPC_NONE', 'UC_NONE', 'UC_NONE', 'SPC_NONE', 'TPC_NONE', 'UC_NONE', 'SPC_NONE', 'SPC_NONE', 'TPC_NONE', 'SPC_NONE', 'SPC_NONE', 'UC_NONE', 'UC_NONE']","{'SPC_MNUF': 1, 'SBX_MNUF': 1, 'TPC_NONE': 28, 'SBX_MPOLY': 2, 'UC_NONE': 27, 'SPC_MPOLY': 3, 'SPC_NONE': 30, 'SBX_NONE': 1}"
21,94,SPC,NONE,0.6804296790998836,0.0372368787537829,444301134.08,318051205.33133024,1243251.36,759097.9148290622,0.7377378864711939,1.186124921637166e-05,0.0,0.0,GREEDY_HV,"['SPC_MBFLIP', 'SPC_MNUF', 'SBX_MNUF', 'TPC_NONE', 'SBX_MPOLY', 'UC_NONE', 'SPC_MPOLY', 'UC_NONE', 'SPC_MPOLY', 'SPC_MPOLY', 'UC_NONE', 'SBX_MPOLY', 'TPC_NONE', 'TPC_NONE', 'SPC_NONE', 'UC_NONE', 'TPC_NONE', 'SPC_NONE', 'SPC_NONE', 'SPC_NONE', 'UC_NONE', 'TPC_NONE', 'UC_NONE', 'SPC_NONE', 'TPC_NONE', 'TPC_NONE', 'TPC_NONE', 'TPC_NONE', 'TPC_NONE', 'SPC_NONE', 'TPC_NONE', 'UC_NONE', 'UC_NONE', 'UC_NONE', 'SPC_NONE', 'UC_NONE', 'SPC_NONE', 'TPC_NONE', 'UC_NONE', 'UC_NONE', 'UC_NONE', 'SPC_NONE', 'UC_NONE', 'UC_NONE', 'TPC_NONE', 'UC_NONE', 'SPC_NONE', 'UC_NONE', 'SBX_NONE', 'TPC_NONE', 'SPC_NONE', 'TPC_NONE', 'SPC_NONE', 'SPC_NONE', 'UC_NONE', 'TPC_NONE', 'SPC_NONE', 'TPC_NONE', 'SPC_NONE', 'TPC_NONE', 'SPC_NONE', 'UC_NONE', 'TPC_NONE', 'UC_NONE', 'TPC_NONE', 'TPC_NONE', 'UC_NONE', 'TPC_NONE', 'SPC_NONE', 'SPC_NONE', 'TPC_NONE', 'SPC_NONE', 'TPC_NONE', 'TPC_NONE', 'SPC_NONE', 'SPC_NONE', 'SPC_NONE', 'SPC_NONE', 'UC_NONE', 'SPC_NONE', 'TPC_NONE', 'SPC_NONE', 'UC_NONE', 'UC_NONE', 'SPC_NONE', 'TPC_NONE', 'UC_NONE', 'SPC_NONE', 'SPC_NONE', 'TPC_NONE', 'SPC_NONE', 'SPC_NONE', 'UC_NONE', 'UC_NONE', 'SPC_NONE']","{'SPC_MNUF': 1, 'SBX_MNUF': 1, 'TPC_NONE': 28, 'SBX_MPOLY': 2, 'UC_NONE': 27, 'SPC_MPOLY': 3, 'SPC_NONE': 31, 'SBX_NONE': 1}"
21,95,SPC,NONE,0.6802844102375764,0.0371605176739638,442299040.0,324232246.1168366,1240023.2,778049.764749171,0.7377448098221678,6.923350973964126e-06,0.0,0.0,GREEDY_HV,"['SPC_MBFLIP', 'SPC_MNUF', 'SBX_MNUF', 'TPC_NONE', 'SBX_MPOLY', 'UC_NONE', 'SPC_MPOLY', 'UC_NONE', 'SPC_MPOLY', 'SPC_MPOLY', 'UC_NONE', 'SBX_MPOLY', 'TPC_NONE', 'TPC_NONE', 'SPC_NONE', 'UC_NONE', 'TPC_NONE', 'SPC_NONE', 'SPC_NONE', 'SPC_NONE', 'UC_NONE', 'TPC_NONE', 'UC_NONE', 'SPC_NONE', 'TPC_NONE', 'TPC_NONE', 'TPC_NONE', 'TPC_NONE', 'TPC_NONE', 'SPC_NONE', 'TPC_NONE', 'UC_NONE', 'UC_NONE', 'UC_NONE', 'SPC_NONE', 'UC_NONE', 'SPC_NONE', 'TPC_NONE', 'UC_NONE', 'UC_NONE', 'UC_NONE', 'SPC_NONE', 'UC_NONE', 'UC_NONE', 'TPC_NONE', 'UC_NONE', 'SPC_NONE', 'UC_NONE', 'SBX_NONE', 'TPC_NONE', 'SPC_NONE', 'TPC_NONE', 'SPC_NONE', 'SPC_NONE', 'UC_NONE', 'TPC_NONE', 'SPC_NONE', 'TPC_NONE', 'SPC_NONE', 'TPC_NONE', 'SPC_NONE', 'UC_NONE', 'TPC_NONE', 'UC_NONE', 'TPC_NONE', 'TPC_NONE', 'UC_NONE', 'TPC_NONE', 'SPC_NONE', 'SPC_NONE', 'TPC_NONE', 'SPC_NONE', 'TPC_NONE', 'TPC_NONE', 'SPC_NONE', 'SPC_NONE', 'SPC_NONE', 'SPC_NONE', 'UC_NONE', 'SPC_NONE', 'TPC_NONE', 'SPC_NONE', 'UC_NONE', 'UC_NONE', 'SPC_NONE', 'TPC_NONE', 'UC_NONE', 'SPC_NONE', 'SPC_NONE', 'TPC_NONE', 'SPC_NONE', 'SPC_NONE', 'UC_NONE', 'UC_NONE', 'SPC_NONE', 'SPC_NONE']","{'SPC_MNUF': 1, 'SBX_MNUF': 1, 'TPC_NONE': 28, 'SBX_MPOLY': 2, 'UC_NONE': 27, 'SPC_MPOLY': 3, 'SPC_NONE': 32, 'SBX_NONE': 1}"
21,96,SBX,MNUF,0.68242352651889,0.0362304705736531,463579283.2,330274853.36632305,1294480.8,792913.2486363439,0.7383079556228082,0.0005631458006403,0.0,0.01,GREEDY_HV,"['SPC_MBFLIP', 'SPC_MNUF', 'SBX_MNUF', 'TPC_NONE', 'SBX_MPOLY', 'UC_NONE', 'SPC_MPOLY', 'UC_NONE', 'SPC_MPOLY', 'SPC_MPOLY', 'UC_NONE', 'SBX_MPOLY', 'TPC_NONE', 'TPC_NONE', 'SPC_NONE', 'UC_NONE', 'TPC_NONE', 'SPC_NONE', 'SPC_NONE', 'SPC_NONE', 'UC_NONE', 'TPC_NONE', 'UC_NONE', 'SPC_NONE', 'TPC_NONE', 'TPC_NONE', 'TPC_NONE', 'TPC_NONE', 'TPC_NONE', 'SPC_NONE', 'TPC_NONE', 'UC_NONE', 'UC_NONE', 'UC_NONE', 'SPC_NONE', 'UC_NONE', 'SPC_NONE', 'TPC_NONE', 'UC_NONE', 'UC_NONE', 'UC_NONE', 'SPC_NONE', 'UC_NONE', 'UC_NONE', 'TPC_NONE', 'UC_NONE', 'SPC_NONE', 'UC_NONE', 'SBX_NONE', 'TPC_NONE', 'SPC_NONE', 'TPC_NONE', 'SPC_NONE', 'SPC_NONE', 'UC_NONE', 'TPC_NONE', 'SPC_NONE', 'TPC_NONE', 'SPC_NONE', 'TPC_NONE', 'SPC_NONE', 'UC_NONE', 'TPC_NONE', 'UC_NONE', 'TPC_NONE', 'TPC_NONE', 'UC_NONE', 'TPC_NONE', 'SPC_NONE', 'SPC_NONE', 'TPC_NONE', 'SPC_NONE', 'TPC_NONE', 'TPC_NONE', 'SPC_NONE', 'SPC_NONE', 'SPC_NONE', 'SPC_NONE', 'UC_NONE', 'SPC_NONE', 'TPC_NONE', 'SPC_NONE', 'UC_NONE', 'UC_NONE', 'SPC_NONE', 'TPC_NONE', 'UC_NONE', 'SPC_NONE', 'SPC_NONE', 'TPC_NONE', 'SPC_NONE', 'SPC_NONE', 'UC_NONE', 'UC_NONE', 'SPC_NONE', 'SPC_NONE', 'SBX_MNUF']","{'SPC_MNUF': 1, 'SBX_MNUF': 2, 'TPC_NONE': 28, 'SBX_MPOLY': 2, 'UC_NONE': 27, 'SPC_MPOLY': 3, 'SPC_NONE': 32, 'SBX_NONE': 1}"
21,97,SPC,NONE,0.679538302131966,0.0367167749277247,432237405.44,342798519.57086146,1240394.4,824188.931989941,0.7383212959530656,1.3340330257460842e-05,0.0,0.0,GREEDY_HV,"['SPC_MBFLIP', 'SPC_MNUF', 'SBX_MNUF', 'TPC_NONE', 'SBX_MPOLY', 'UC_NONE', 'SPC_MPOLY', 'UC_NONE', 'SPC_MPOLY', 'SPC_MPOLY', 'UC_NONE', 'SBX_MPOLY', 'TPC_NONE', 'TPC_NONE', 'SPC_NONE', 'UC_NONE', 'TPC_NONE', 'SPC_NONE', 'SPC_NONE', 'SPC_NONE', 'UC_NONE', 'TPC_NONE', 'UC_NONE', 'SPC_NONE', 'TPC_NONE', 'TPC_NONE', 'TPC_NONE', 'TPC_NONE', 'TPC_NONE', 'SPC_NONE', 'TPC_NONE', 'UC_NONE', 'UC_NONE', 'UC_NONE', 'SPC_NONE', 'UC_NONE', 'SPC_NONE', 'TPC_NONE', 'UC_NONE', 'UC_NONE', 'UC_NONE', 'SPC_NONE', 'UC_NONE', 'UC_NONE', 'TPC_NONE', 'UC_NONE', 'SPC_NONE', 'UC_NONE', 'SBX_NONE', 'TPC_NONE', 'SPC_NONE', 'TPC_NONE', 'SPC_NONE', 'SPC_NONE', 'UC_NONE', 'TPC_NONE', 'SPC_NONE', 'TPC_NONE', 'SPC_NONE', 'TPC_NONE', 'SPC_NONE', 'UC_NONE', 'TPC_NONE', 'UC_NONE', 'TPC_NONE', 'TPC_NONE', 'UC_NONE', 'TPC_NONE', 'SPC_NONE', 'SPC_NONE', 'TPC_NONE', 'SPC_NONE', 'TPC_NONE', 'TPC_NONE', 'SPC_NONE', 'SPC_NONE', 'SPC_NONE', 'SPC_NONE', 'UC_NONE', 'SPC_NONE', 'TPC_NONE', 'SPC_NONE', 'UC_NONE', 'UC_NONE', 'SPC_NONE', 'TPC_NONE', 'UC_NONE', 'SPC_NONE', 'SPC_NONE', 'TPC_NONE', 'SPC_NONE', 'SPC_NONE', 'UC_NONE', 'UC_NONE', 'SPC_NONE', 'SPC_NONE', 'SBX_MNUF', 'SPC_NONE']","{'SPC_MNUF': 1, 'SBX_MNUF': 2, 'TPC_NONE': 28, 'SBX_MPOLY': 2, 'UC_NONE': 27, 'SPC_MPOLY': 3, 'SPC_NONE': 33, 'SBX_NONE': 1}"
21,98,TPC,MNUF,0.6832892213019985,0.0345790421129644,465881457.92,342168184.80026275,1293150.88,801888.5073812354,0.7383232614551865,1.96550212083757e-06,0.01,0.0,GREEDY_HV,"['SPC_MBFLIP', 'SPC_MNUF', 'SBX_MNUF', 'TPC_NONE', 'SBX_MPOLY', 'UC_NONE', 'SPC_MPOLY', 'UC_NONE', 'SPC_MPOLY', 'SPC_MPOLY', 'UC_NONE', 'SBX_MPOLY', 'TPC_NONE', 'TPC_NONE', 'SPC_NONE', 'UC_NONE', 'TPC_NONE', 'SPC_NONE', 'SPC_NONE', 'SPC_NONE', 'UC_NONE', 'TPC_NONE', 'UC_NONE', 'SPC_NONE', 'TPC_NONE', 'TPC_NONE', 'TPC_NONE', 'TPC_NONE', 'TPC_NONE', 'SPC_NONE', 'TPC_NONE', 'UC_NONE', 'UC_NONE', 'UC_NONE', 'SPC_NONE', 'UC_NONE', 'SPC_NONE', 'TPC_NONE', 'UC_NONE', 'UC_NONE', 'UC_NONE', 'SPC_NONE', 'UC_NONE', 'UC_NONE', 'TPC_NONE', 'UC_NONE', 'SPC_NONE', 'UC_NONE', 'SBX_NONE', 'TPC_NONE', 'SPC_NONE', 'TPC_NONE', 'SPC_NONE', 'SPC_NONE', 'UC_NONE', 'TPC_NONE', 'SPC_NONE', 'TPC_NONE', 'SPC_NONE', 'TPC_NONE', 'SPC_NONE', 'UC_NONE', 'TPC_NONE', 'UC_NONE', 'TPC_NONE', 'TPC_NONE', 'UC_NONE', 'TPC_NONE', 'SPC_NONE', 'SPC_NONE', 'TPC_NONE', 'SPC_NONE', 'TPC_NONE', 'TPC_NONE', 'SPC_NONE', 'SPC_NONE', 'SPC_NONE', 'SPC_NONE', 'UC_NONE', 'SPC_NONE', 'TPC_NONE', 'SPC_NONE', 'UC_NONE', 'UC_NONE', 'SPC_NONE', 'TPC_NONE', 'UC_NONE', 'SPC_NONE', 'SPC_NONE', 'TPC_NONE', 'SPC_NONE', 'SPC_NONE', 'UC_NONE', 'UC_NONE', 'SPC_NONE', 'SPC_NONE', 'SBX_MNUF', 'SPC_NONE', 'TPC_MNUF']","{'SPC_MNUF': 1, 'SBX_MNUF': 2, 'TPC_NONE': 28, 'SBX_MPOLY': 2, 'UC_NONE': 27, 'SPC_MPOLY': 3, 'SPC_NONE': 33, 'SBX_NONE': 1, 'TPC_MNUF': 1}"
21,99,TPC,NONE,0.6829833028448462,0.0354975190647874,477975996.16,342197029.6050118,1315406.24,828395.833832174,0.7383317122673911,8.450812204685576e-06,0.0,0.0,GREEDY_HV,"['SPC_MBFLIP', 'SPC_MNUF', 'SBX_MNUF', 'TPC_NONE', 'SBX_MPOLY', 'UC_NONE', 'SPC_MPOLY', 'UC_NONE', 'SPC_MPOLY', 'SPC_MPOLY', 'UC_NONE', 'SBX_MPOLY', 'TPC_NONE', 'TPC_NONE', 'SPC_NONE', 'UC_NONE', 'TPC_NONE', 'SPC_NONE', 'SPC_NONE', 'SPC_NONE', 'UC_NONE', 'TPC_NONE', 'UC_NONE', 'SPC_NONE', 'TPC_NONE', 'TPC_NONE', 'TPC_NONE', 'TPC_NONE', 'TPC_NONE', 'SPC_NONE', 'TPC_NONE', 'UC_NONE', 'UC_NONE', 'UC_NONE', 'SPC_NONE', 'UC_NONE', 'SPC_NONE', 'TPC_NONE', 'UC_NONE', 'UC_NONE', 'UC_NONE', 'SPC_NONE', 'UC_NONE', 'UC_NONE', 'TPC_NONE', 'UC_NONE', 'SPC_NONE', 'UC_NONE', 'SBX_NONE', 'TPC_NONE', 'SPC_NONE', 'TPC_NONE', 'SPC_NONE', 'SPC_NONE', 'UC_NONE', 'TPC_NONE', 'SPC_NONE', 'TPC_NONE', 'SPC_NONE', 'TPC_NONE', 'SPC_NONE', 'UC_NONE', 'TPC_NONE', 'UC_NONE', 'TPC_NONE', 'TPC_NONE', 'UC_NONE', 'TPC_NONE', 'SPC_NONE', 'SPC_NONE', 'TPC_NONE', 'SPC_NONE', 'TPC_NONE', 'TPC_NONE', 'SPC_NONE', 'SPC_NONE', 'SPC_NONE', 'SPC_NONE', 'UC_NONE', 'SPC_NONE', 'TPC_NONE', 'SPC_NONE', 'UC_NONE', 'UC_NONE', 'SPC_NONE', 'TPC_NONE', 'UC_NONE', 'SPC_NONE', 'SPC_NONE', 'TPC_NONE', 'SPC_NONE', 'SPC_NONE', 'UC_NONE', 'UC_NONE', 'SPC_NONE', 'SPC_NONE', 'SBX_MNUF', 'SPC_NONE', 'TPC_MNUF', 'TPC_NONE']","{'SPC_MNUF': 1, 'SBX_MNUF': 2, 'TPC_NONE': 29, 'SBX_MPOLY': 2, 'UC_NONE': 27, 'SPC_MPOLY': 3, 'SPC_NONE': 33, 'SBX_NONE': 1, 'TPC_MNUF': 1}"
21,100,UC,MNUF,0.684128054591746,0.0346414486156334,481203228.16,331792282.1508419,1337565.6,814090.2830797086,0.7383449044141956,1.3192146804508198e-05,0.0,0.0,GREEDY_HV,"['SPC_MBFLIP', 'SPC_MNUF', 'SBX_MNUF', 'TPC_NONE', 'SBX_MPOLY', 'UC_NONE', 'SPC_MPOLY', 'UC_NONE', 'SPC_MPOLY', 'SPC_MPOLY', 'UC_NONE', 'SBX_MPOLY', 'TPC_NONE', 'TPC_NONE', 'SPC_NONE', 'UC_NONE', 'TPC_NONE', 'SPC_NONE', 'SPC_NONE', 'SPC_NONE', 'UC_NONE', 'TPC_NONE', 'UC_NONE', 'SPC_NONE', 'TPC_NONE', 'TPC_NONE', 'TPC_NONE', 'TPC_NONE', 'TPC_NONE', 'SPC_NONE', 'TPC_NONE', 'UC_NONE', 'UC_NONE', 'UC_NONE', 'SPC_NONE', 'UC_NONE', 'SPC_NONE', 'TPC_NONE', 'UC_NONE', 'UC_NONE', 'UC_NONE', 'SPC_NONE', 'UC_NONE', 'UC_NONE', 'TPC_NONE', 'UC_NONE', 'SPC_NONE', 'UC_NONE', 'SBX_NONE', 'TPC_NONE', 'SPC_NONE', 'TPC_NONE', 'SPC_NONE', 'SPC_NONE', 'UC_NONE', 'TPC_NONE', 'SPC_NONE', 'TPC_NONE', 'SPC_NONE', 'TPC_NONE', 'SPC_NONE', 'UC_NONE', 'TPC_NONE', 'UC_NONE', 'TPC_NONE', 'TPC_NONE', 'UC_NONE', 'TPC_NONE', 'SPC_NONE', 'SPC_NONE', 'TPC_NONE', 'SPC_NONE', 'TPC_NONE', 'TPC_NONE', 'SPC_NONE', 'SPC_NONE', 'SPC_NONE', 'SPC_NONE', 'UC_NONE', 'SPC_NONE', 'TPC_NONE', 'SPC_NONE', 'UC_NONE', 'UC_NONE', 'SPC_NONE', 'TPC_NONE', 'UC_NONE', 'SPC_NONE', 'SPC_NONE', 'TPC_NONE', 'SPC_NONE', 'SPC_NONE', 'UC_NONE', 'UC_NONE', 'SPC_NONE', 'SPC_NONE', 'SBX_MNUF', 'SPC_NONE', 'TPC_MNUF', 'TPC_NONE', 'UC_MNUF']","{'SPC_MNUF': 1, 'SBX_MNUF': 2, 'TPC_NONE': 29, 'SBX_MPOLY': 2, 'UC_NONE': 27, 'SPC_MPOLY': 3, 'SPC_NONE': 33, 'SBX_NONE': 1, 'TPC_MNUF': 1, 'UC_MNUF': 1}"
22,1,SBX,MNUF,0.6564719968150987,0.0219789104531051,1438433127.68,971583346.28246,2982064.8,1493961.594019659,0.6857148690887067,0.0,0.11,0.11,GREEDY_HV,"['SPC_MBFLIP', 'SBX_MNUF']",{'SBX_MNUF': 1}
22,2,TPC,MPOLY,0.6580939030767046,0.0257270611754069,1045947883.52,667942488.9080095,2442427.04,1304231.3263210475,0.7062890913241715,0.0205742222354647,0.16,0.07,GREEDY_HV,"['SPC_MBFLIP', 'SBX_MNUF', 'TPC_MPOLY']","{'SBX_MNUF': 1, 'TPC_MPOLY': 1}"
22,3,UC,NONE,0.6585976408121249,0.0263764009117102,716714951.68,527326101.3477805,2013794.72,1376964.2432984677,0.7083226129379886,0.002033521613817,0.14,0.0,GREEDY_HV,"['SPC_MBFLIP', 'SBX_MNUF', 'TPC_MPOLY', 'UC_NONE']","{'SBX_MNUF': 1, 'TPC_MPOLY': 1, 'UC_NONE': 1}"
22,4,UC,NONE,0.6565904181208844,0.0325076356996132,624541596.16,535819362.3233735,1795115.68,1461357.6677355538,0.7141765714552778,0.0058539585172892,0.11,0.0,GREEDY_HV,"['SPC_MBFLIP', 'SBX_MNUF', 'TPC_MPOLY', 'UC_NONE', 'UC_NONE']","{'SBX_MNUF': 1, 'TPC_MPOLY': 1, 'UC_NONE': 2}"
22,5,SPC,NONE,0.6654493874078465,0.0330281739364031,633160409.6,542515352.3251259,2099737.76,1771875.7847287883,0.7210929009978388,0.006916329542561,0.05,0.0,GREEDY_HV,"['SPC_MBFLIP', 'SBX_MNUF', 'TPC_MPOLY', 'UC_NONE', 'UC_NONE', 'SPC_NONE']","{'SBX_MNUF': 1, 'TPC_MPOLY': 1, 'UC_NONE': 2, 'SPC_NONE': 1}"
22,6,SPC,NONE,0.6655625312465817,0.0305789657348042,565257455.36,518842993.7896819,1992289.44,1805930.945649076,0.7232102670623466,0.0021173660645077,0.12,0.0,GREEDY_HV,"['SPC_MBFLIP', 'SBX_MNUF', 'TPC_MPOLY', 'UC_NONE', 'UC_NONE', 'SPC_NONE', 'SPC_NONE']","{'SBX_MNUF': 1, 'TPC_MPOLY': 1, 'UC_NONE': 2, 'SPC_NONE': 2}"
22,7,UC,MPOLY,0.6702779546840599,0.0278269877199469,600740696.32,533365419.8143661,2007156.64,1868897.205200605,0.7256024933246313,0.0023922262622847,0.11,0.045,GREEDY_HV,"['SPC_MBFLIP', 'SBX_MNUF', 'TPC_MPOLY', 'UC_NONE', 'UC_NONE', 'SPC_NONE', 'SPC_NONE', 'UC_MPOLY']","{'SBX_MNUF': 1, 'TPC_MPOLY': 1, 'UC_NONE': 2, 'SPC_NONE': 2, 'UC_MPOLY': 1}"
22,8,UC,MPOLY,0.6717553589171744,0.0275201289527699,542877525.76,453585757.6879013,1944407.2,1770447.1123383483,0.7282096549153398,0.0026071615907085,0.07,0.035,GREEDY_HV,"['SPC_MBFLIP', 'SBX_MNUF', 'TPC_MPOLY', 'UC_NONE', 'UC_NONE', 'SPC_NONE', 'SPC_NONE', 'UC_MPOLY', 'UC_MPOLY']","{'SBX_MNUF': 1, 'TPC_MPOLY': 1, 'UC_NONE': 2, 'SPC_NONE': 2, 'UC_MPOLY': 2}"
22,9,UC,NONE,0.676701091723491,0.0278626057599261,554184126.72,468543435.95146537,2053263.52,1827655.383010028,0.7288602841831651,0.0006506292678252,0.09,0.0,GREEDY_HV,"['SPC_MBFLIP', 'SBX_MNUF', 'TPC_MPOLY', 'UC_NONE', 'UC_NONE', 'SPC_NONE', 'SPC_NONE', 'UC_MPOLY', 'UC_MPOLY', 'UC_NONE']","{'SBX_MNUF': 1, 'TPC_MPOLY': 1, 'UC_NONE': 3, 'SPC_NONE': 2, 'UC_MPOLY': 2}"
22,10,TPC,NONE,0.6884177130255921,0.0261519841345051,691143623.68,569410978.5202931,2608522.4,1943056.3438785612,0.7327673380651588,0.0039070538819937,0.11,0.0,GREEDY_HV,"['SPC_MBFLIP', 'SBX_MNUF', 'TPC_MPOLY', 'UC_NONE', 'UC_NONE', 'SPC_NONE', 'SPC_NONE', 'UC_MPOLY', 'UC_MPOLY', 'UC_NONE', 'TPC_NONE']","{'SBX_MNUF': 1, 'TPC_MPOLY': 1, 'UC_NONE': 3, 'SPC_NONE': 2, 'UC_MPOLY': 2, 'TPC_NONE': 1}"
22,11,SBX,MPOLY,0.6869463533684439,0.0275496411278435,694189817.6,618031661.2479761,2557035.68,1950409.916715042,0.7353402589282712,0.0025729208631123,0.0,0.075,GREEDY_HV,"['SPC_MBFLIP', 'SBX_MNUF', 'TPC_MPOLY', 'UC_NONE', 'UC_NONE', 'SPC_NONE', 'SPC_NONE', 'UC_MPOLY', 'UC_MPOLY', 'UC_NONE', 'TPC_NONE', 'SBX_MPOLY']","{'SBX_MNUF': 1, 'TPC_MPOLY': 1, 'UC_NONE': 3, 'SPC_NONE': 2, 'UC_MPOLY': 2, 'TPC_NONE': 1, 'SBX_MPOLY': 1}"
22,12,UC,NONE,0.6846730121909701,0.0328869552422505,615910557.44,562100723.2224656,2338274.72,1967397.605115784,0.7360589432086343,0.0007186842803631,0.07,0.0,GREEDY_HV,"['SPC_MBFLIP', 'SBX_MNUF', 'TPC_MPOLY', 'UC_NONE', 'UC_NONE', 'SPC_NONE', 'SPC_NONE', 'UC_MPOLY', 'UC_MPOLY', 'UC_NONE', 'TPC_NONE', 'SBX_MPOLY', 'UC_NONE']","{'SBX_MNUF': 1, 'TPC_MPOLY': 1, 'UC_NONE': 4, 'SPC_NONE': 2, 'UC_MPOLY': 2, 'TPC_NONE': 1, 'SBX_MPOLY': 1}"
22,13,NONE,MPOLY,0.6833849866739158,0.035849667207744,624549987.84,586148947.1590906,2323826.08,1997090.8148346967,0.7370264574284071,0.0009675142197728,0.0,0.01,GREEDY_HV,"['SPC_MBFLIP', 'SBX_MNUF', 'TPC_MPOLY', 'UC_NONE', 'UC_NONE', 'SPC_NONE', 'SPC_NONE', 'UC_MPOLY', 'UC_MPOLY', 'UC_NONE', 'TPC_NONE', 'SBX_MPOLY', 'UC_NONE', 'NONE_MPOLY']","{'SBX_MNUF': 1, 'TPC_MPOLY': 1, 'UC_NONE': 4, 'SPC_NONE': 2, 'UC_MPOLY': 2, 'TPC_NONE': 1, 'SBX_MPOLY': 1, 'NONE_MPOLY': 1}"
22,14,SPC,NONE,0.690041162105846,0.0319411739890781,759459503.36,634934060.8721124,2728326.56,2061282.458912413,0.7381492233215822,0.001122765893175,0.0,0.0,GREEDY_HV,"['SPC_MBFLIP', 'SBX_MNUF', 'TPC_MPOLY', 'UC_NONE', 'UC_NONE', 'SPC_NONE', 'SPC_NONE', 'UC_MPOLY', 'UC_MPOLY', 'UC_NONE', 'TPC_NONE', 'SBX_MPOLY', 'UC_NONE', 'NONE_MPOLY', 'SPC_NONE']","{'SBX_MNUF': 1, 'TPC_MPOLY': 1, 'UC_NONE': 4, 'SPC_NONE': 3, 'UC_MPOLY': 2, 'TPC_NONE': 1, 'SBX_MPOLY': 1, 'NONE_MPOLY': 1}"
22,15,TPC,MPOLY,0.6882914805047478,0.0326003283831087,684134922.24,550167950.030785,2542430.88,1970978.0369510425,0.738450961366321,0.0003017380447388,0.01,0.02,GREEDY_HV,"['SPC_MBFLIP', 'SBX_MNUF', 'TPC_MPOLY', 'UC_NONE', 'UC_NONE', 'SPC_NONE', 'SPC_NONE', 'UC_MPOLY', 'UC_MPOLY', 'UC_NONE', 'TPC_NONE', 'SBX_MPOLY', 'UC_NONE', 'NONE_MPOLY', 'SPC_NONE', 'TPC_MPOLY']","{'SBX_MNUF': 1, 'TPC_MPOLY': 2, 'UC_NONE': 4, 'SPC_NONE': 3, 'UC_MPOLY': 2, 'TPC_NONE': 1, 'SBX_MPOLY': 1, 'NONE_MPOLY': 1}"
22,16,UC,NONE,0.6900668027427819,0.0346057051824244,801656436.48,626233406.3909755,2774500.0,2057704.53281468,0.7386625688713108,0.0002116075049897,0.01,0.0,GREEDY_HV,"['SPC_MBFLIP', 'SBX_MNUF', 'TPC_MPOLY', 'UC_NONE', 'UC_NONE', 'SPC_NONE', 'SPC_NONE', 'UC_MPOLY', 'UC_MPOLY', 'UC_NONE', 'TPC_NONE', 'SBX_MPOLY', 'UC_NONE', 'NONE_MPOLY', 'SPC_NONE', 'TPC_MPOLY', 'UC_NONE']","{'SBX_MNUF': 1, 'TPC_MPOLY': 2, 'UC_NONE': 5, 'SPC_NONE': 3, 'UC_MPOLY': 2, 'TPC_NONE': 1, 'SBX_MPOLY': 1, 'NONE_MPOLY': 1}"
22,17,TPC,NONE,0.6884915504195603,0.0354697305443096,775064239.36,636388931.2841601,2586380.96,2024610.6879197191,0.7388361583634859,0.0001735894921751,0.04,0.0,GREEDY_HV,"['SPC_MBFLIP', 'SBX_MNUF', 'TPC_MPOLY', 'UC_NONE', 'UC_NONE', 'SPC_NONE', 'SPC_NONE', 'UC_MPOLY', 'UC_MPOLY', 'UC_NONE', 'TPC_NONE', 'SBX_MPOLY', 'UC_NONE', 'NONE_MPOLY', 'SPC_NONE', 'TPC_MPOLY', 'UC_NONE', 'TPC_NONE']","{'SBX_MNUF': 1, 'TPC_MPOLY': 2, 'UC_NONE': 5, 'SPC_NONE': 3, 'UC_MPOLY': 2, 'TPC_NONE': 2, 'SBX_MPOLY': 1, 'NONE_MPOLY': 1}"
22,18,SPC,NONE,0.6877891939178841,0.0367408551528889,809455279.36,658279467.2045983,2671127.2,2100660.88698276,0.738960190356336,0.00012403199285,0.0,0.0,GREEDY_HV,"['SPC_MBFLIP', 'SBX_MNUF', 'TPC_MPOLY', 'UC_NONE', 'UC_NONE', 'SPC_NONE', 'SPC_NONE', 'UC_MPOLY', 'UC_MPOLY', 'UC_NONE', 'TPC_NONE', 'SBX_MPOLY', 'UC_NONE', 'NONE_MPOLY', 'SPC_NONE', 'TPC_MPOLY', 'UC_NONE', 'TPC_NONE', 'SPC_NONE']","{'SBX_MNUF': 1, 'TPC_MPOLY': 2, 'UC_NONE': 5, 'SPC_NONE': 4, 'UC_MPOLY': 2, 'TPC_NONE': 2, 'SBX_MPOLY': 1, 'NONE_MPOLY': 1}"
22,19,SPC,NONE,0.6882258771936561,0.0368889853321761,773591240.96,611173124.2072774,2731924.64,2184033.7439361485,0.7391078529059498,0.0001476625496138,0.01,0.0,GREEDY_HV,"['SPC_MBFLIP', 'SBX_MNUF', 'TPC_MPOLY', 'UC_NONE', 'UC_NONE', 'SPC_NONE', 'SPC_NONE', 'UC_MPOLY', 'UC_MPOLY', 'UC_NONE', 'TPC_NONE', 'SBX_MPOLY', 'UC_NONE', 'NONE_MPOLY', 'SPC_NONE', 'TPC_MPOLY', 'UC_NONE', 'TPC_NONE', 'SPC_NONE', 'SPC_NONE']","{'SBX_MNUF': 1, 'TPC_MPOLY': 2, 'UC_NONE': 5, 'SPC_NONE': 5, 'UC_MPOLY': 2, 'TPC_NONE': 2, 'SBX_MPOLY': 1, 'NONE_MPOLY': 1}"
22,20,UC,NONE,0.6865476367259741,0.0366611127132937,741078805.76,615792161.875975,2459397.28,2097214.333536132,0.7391852122769544,7.735937100461499e-05,0.02,0.0,GREEDY_HV,"['SPC_MBFLIP', 'SBX_MNUF', 'TPC_MPOLY', 'UC_NONE', 'UC_NONE', 'SPC_NONE', 'SPC_NONE', 'UC_MPOLY', 'UC_MPOLY', 'UC_NONE', 'TPC_NONE', 'SBX_MPOLY', 'UC_NONE', 'NONE_MPOLY', 'SPC_NONE', 'TPC_MPOLY', 'UC_NONE', 'TPC_NONE', 'SPC_NONE', 'SPC_NONE', 'UC_NONE']","{'SBX_MNUF': 1, 'TPC_MPOLY': 2, 'UC_NONE': 6, 'SPC_NONE': 5, 'UC_MPOLY': 2, 'TPC_NONE': 2, 'SBX_MPOLY': 1, 'NONE_MPOLY': 1}"
22,21,TPC,NONE,0.687607377565783,0.0375311282279592,803097626.88,650067167.5177982,2631954.08,2155330.0796156847,0.7392515105094785,6.629823252402023e-05,0.0,0.0,GREEDY_HV,"['SPC_MBFLIP', 'SBX_MNUF', 'TPC_MPOLY', 'UC_NONE', 'UC_NONE', 'SPC_NONE', 'SPC_NONE', 'UC_MPOLY', 'UC_MPOLY', 'UC_NONE', 'TPC_NONE', 'SBX_MPOLY', 'UC_NONE', 'NONE_MPOLY', 'SPC_NONE', 'TPC_MPOLY', 'UC_NONE', 'TPC_NONE', 'SPC_NONE', 'SPC_NONE', 'UC_NONE', 'TPC_NONE']","{'SBX_MNUF': 1, 'TPC_MPOLY': 2, 'UC_NONE': 6, 'SPC_NONE': 5, 'UC_MPOLY': 2, 'TPC_NONE': 3, 'SBX_MPOLY': 1, 'NONE_MPOLY': 1}"
22,22,UC,NONE,0.6872499970364789,0.0380296325986078,820656989.44,682847987.3278112,2701917.6,2233760.5322254226,0.7393373584271709,8.58479176923943e-05,0.03,0.0,GREEDY_HV,"['SPC_MBFLIP', 'SBX_MNUF', 'TPC_MPOLY', 'UC_NONE', 'UC_NONE', 'SPC_NONE', 'SPC_NONE', 'UC_MPOLY', 'UC_MPOLY', 'UC_NONE', 'TPC_NONE', 'SBX_MPOLY', 'UC_NONE', 'NONE_MPOLY', 'SPC_NONE', 'TPC_MPOLY', 'UC_NONE', 'TPC_NONE', 'SPC_NONE', 'SPC_NONE', 'UC_NONE', 'TPC_NONE', 'UC_NONE']","{'SBX_MNUF': 1, 'TPC_MPOLY': 2, 'UC_NONE': 7, 'SPC_NONE': 5, 'UC_MPOLY': 2, 'TPC_NONE': 3, 'SBX_MPOLY': 1, 'NONE_MPOLY': 1}"
22,23,SPC,MPOLY,0.6866420342321754,0.0378885214576375,783368992.0,648010880.7367254,2541534.88,2076706.7525628617,0.7402777804912275,0.0009404220640566,0.01,0.005,GREEDY_HV,"['SPC_MBFLIP', 'SBX_MNUF', 'TPC_MPOLY', 'UC_NONE', 'UC_NONE', 'SPC_NONE', 'SPC_NONE', 'UC_MPOLY', 'UC_MPOLY', 'UC_NONE', 'TPC_NONE', 'SBX_MPOLY', 'UC_NONE', 'NONE_MPOLY', 'SPC_NONE', 'TPC_MPOLY', 'UC_NONE', 'TPC_NONE', 'SPC_NONE', 'SPC_NONE', 'UC_NONE', 'TPC_NONE', 'UC_NONE', 'SPC_MPOLY']","{'SBX_MNUF': 1, 'TPC_MPOLY': 2, 'UC_NONE': 7, 'SPC_NONE': 5, 'UC_MPOLY': 2, 'TPC_NONE': 3, 'SBX_MPOLY': 1, 'NONE_MPOLY': 1, 'SPC_MPOLY': 1}"
22,24,TPC,NONE,0.6882701312242293,0.0376645160116022,817602315.52,667571906.3738556,2536667.04,1926408.9869615228,0.7404155279342245,0.0001377474429969,0.02,0.0,GREEDY_HV,"['SPC_MBFLIP', 'SBX_MNUF', 'TPC_MPOLY', 'UC_NONE', 'UC_NONE', 'SPC_NONE', 'SPC_NONE', 'UC_MPOLY', 'UC_MPOLY', 'UC_NONE', 'TPC_NONE', 'SBX_MPOLY', 'UC_NONE', 'NONE_MPOLY', 'SPC_NONE', 'TPC_MPOLY', 'UC_NONE', 'TPC_NONE', 'SPC_NONE', 'SPC_NONE', 'UC_NONE', 'TPC_NONE', 'UC_NONE', 'SPC_MPOLY', 'TPC_NONE']","{'SBX_MNUF': 1, 'TPC_MPOLY': 2, 'UC_NONE': 7, 'SPC_NONE': 5, 'UC_MPOLY': 2, 'TPC_NONE': 4, 'SBX_MPOLY': 1, 'NONE_MPOLY': 1, 'SPC_MPOLY': 1}"
22,25,SPC,MPOLY,0.6875209023878535,0.0375907389874184,808500056.32,661046073.1000019,2430333.6,1871750.9979709168,0.740478409419977,6.28814857525084e-05,0.03,0.0,GREEDY_HV,"['SPC_MBFLIP', 'SBX_MNUF', 'TPC_MPOLY', 'UC_NONE', 'UC_NONE', 'SPC_NONE', 'SPC_NONE', 'UC_MPOLY', 'UC_MPOLY', 'UC_NONE', 'TPC_NONE', 'SBX_MPOLY', 'UC_NONE', 'NONE_MPOLY', 'SPC_NONE', 'TPC_MPOLY', 'UC_NONE', 'TPC_NONE', 'SPC_NONE', 'SPC_NONE', 'UC_NONE', 'TPC_NONE', 'UC_NONE', 'SPC_MPOLY', 'TPC_NONE', 'SPC_MPOLY']","{'SBX_MNUF': 1, 'TPC_MPOLY': 2, 'UC_NONE': 7, 'SPC_NONE': 5, 'UC_MPOLY': 2, 'TPC_NONE': 4, 'SBX_MPOLY': 1, 'NONE_MPOLY': 1, 'SPC_MPOLY': 2}"
22,26,UC,NONE,0.6876282060740955,0.0379317696315739,776349605.12,647607528.7552879,2602182.56,2041083.9689396035,0.7405402743424135,6.186492243653863e-05,0.01,0.0,GREEDY_HV,"['SPC_MBFLIP', 'SBX_MNUF', 'TPC_MPOLY', 'UC_NONE', 'UC_NONE', 'SPC_NONE', 'SPC_NONE', 'UC_MPOLY', 'UC_MPOLY', 'UC_NONE', 'TPC_NONE', 'SBX_MPOLY', 'UC_NONE', 'NONE_MPOLY', 'SPC_NONE', 'TPC_MPOLY', 'UC_NONE', 'TPC_NONE', 'SPC_NONE', 'SPC_NONE', 'UC_NONE', 'TPC_NONE', 'UC_NONE', 'SPC_MPOLY', 'TPC_NONE', 'SPC_MPOLY', 'UC_NONE']","{'SBX_MNUF': 1, 'TPC_MPOLY': 2, 'UC_NONE': 8, 'SPC_NONE': 5, 'UC_MPOLY': 2, 'TPC_NONE': 4, 'SBX_MPOLY': 1, 'NONE_MPOLY': 1, 'SPC_MPOLY': 2}"
22,27,UC,NONE,0.6877296292842091,0.0373876091052897,793637292.8,678047910.5830243,2513497.76,2084055.678995191,0.7405614999462613,2.122560384776317e-05,0.03,0.0,GREEDY_HV,"['SPC_MBFLIP', 'SBX_MNUF', 'TPC_MPOLY', 'UC_NONE', 'UC_NONE', 'SPC_NONE', 'SPC_NONE', 'UC_MPOLY', 'UC_MPOLY', 'UC_NONE', 'TPC_NONE', 'SBX_MPOLY', 'UC_NONE', 'NONE_MPOLY', 'SPC_NONE', 'TPC_MPOLY', 'UC_NONE', 'TPC_NONE', 'SPC_NONE', 'SPC_NONE', 'UC_NONE', 'TPC_NONE', 'UC_NONE', 'SPC_MPOLY', 'TPC_NONE', 'SPC_MPOLY', 'UC_NONE', 'UC_NONE']","{'SBX_MNUF': 1, 'TPC_MPOLY': 2, 'UC_NONE': 9, 'SPC_NONE': 5, 'UC_MPOLY': 2, 'TPC_NONE': 4, 'SBX_MPOLY': 1, 'NONE_MPOLY': 1, 'SPC_MPOLY': 2}"
22,28,UC,NONE,0.6879910027253213,0.0375590913095206,785148768.0,669986994.1398076,2584190.88,2151763.7812063354,0.7406485748757731,8.707492951176565e-05,0.02,0.0,GREEDY_HV,"['SPC_MBFLIP', 'SBX_MNUF', 'TPC_MPOLY', 'UC_NONE', 'UC_NONE', 'SPC_NONE', 'SPC_NONE', 'UC_MPOLY', 'UC_MPOLY', 'UC_NONE', 'TPC_NONE', 'SBX_MPOLY', 'UC_NONE', 'NONE_MPOLY', 'SPC_NONE', 'TPC_MPOLY', 'UC_NONE', 'TPC_NONE', 'SPC_NONE', 'SPC_NONE', 'UC_NONE', 'TPC_NONE', 'UC_NONE', 'SPC_MPOLY', 'TPC_NONE', 'SPC_MPOLY', 'UC_NONE', 'UC_NONE', 'UC_NONE']","{'SBX_MNUF': 1, 'TPC_MPOLY': 2, 'UC_NONE': 10, 'SPC_NONE': 5, 'UC_MPOLY': 2, 'TPC_NONE': 4, 'SBX_MPOLY': 1, 'NONE_MPOLY': 1, 'SPC_MPOLY': 2}"
22,29,SPC,NONE,0.6871343250149888,0.0376830266705754,774351176.96,665347328.9103873,2389450.4,2002824.560896896,0.7407294405105339,8.086563476084052e-05,0.0,0.0,GREEDY_HV,"['SPC_MBFLIP', 'SBX_MNUF', 'TPC_MPOLY', 'UC_NONE', 'UC_NONE', 'SPC_NONE', 'SPC_NONE', 'UC_MPOLY', 'UC_MPOLY', 'UC_NONE', 'TPC_NONE', 'SBX_MPOLY', 'UC_NONE', 'NONE_MPOLY', 'SPC_NONE', 'TPC_MPOLY', 'UC_NONE', 'TPC_NONE', 'SPC_NONE', 'SPC_NONE', 'UC_NONE', 'TPC_NONE', 'UC_NONE', 'SPC_MPOLY', 'TPC_NONE', 'SPC_MPOLY', 'UC_NONE', 'UC_NONE', 'UC_NONE', 'SPC_NONE']","{'SBX_MNUF': 1, 'TPC_MPOLY': 2, 'UC_NONE': 10, 'SPC_NONE': 6, 'UC_MPOLY': 2, 'TPC_NONE': 4, 'SBX_MPOLY': 1, 'NONE_MPOLY': 1, 'SPC_MPOLY': 2}"
22,30,TPC,NONE,0.6872499661665864,0.0377275344779573,789263409.92,668394521.1438857,2412228.0,2061315.22872077,0.7407548353060094,2.5394795475475185e-05,0.01,0.0,GREEDY_HV,"['SPC_MBFLIP', 'SBX_MNUF', 'TPC_MPOLY', 'UC_NONE', 'UC_NONE', 'SPC_NONE', 'SPC_NONE', 'UC_MPOLY', 'UC_MPOLY', 'UC_NONE', 'TPC_NONE', 'SBX_MPOLY', 'UC_NONE', 'NONE_MPOLY', 'SPC_NONE', 'TPC_MPOLY', 'UC_NONE', 'TPC_NONE', 'SPC_NONE', 'SPC_NONE', 'UC_NONE', 'TPC_NONE', 'UC_NONE', 'SPC_MPOLY', 'TPC_NONE', 'SPC_MPOLY', 'UC_NONE', 'UC_NONE', 'UC_NONE', 'SPC_NONE', 'TPC_NONE']","{'SBX_MNUF': 1, 'TPC_MPOLY': 2, 'UC_NONE': 10, 'SPC_NONE': 6, 'UC_MPOLY': 2, 'TPC_NONE': 5, 'SBX_MPOLY': 1, 'NONE_MPOLY': 1, 'SPC_MPOLY': 2}"
22,31,TPC,NONE,0.6878644901324436,0.0370916608073842,795047548.16,665691892.4497854,2474320.8,2130817.32054984,0.7407579258175594,3.090511550007946e-06,0.0,0.0,GREEDY_HV,"['SPC_MBFLIP', 'SBX_MNUF', 'TPC_MPOLY', 'UC_NONE', 'UC_NONE', 'SPC_NONE', 'SPC_NONE', 'UC_MPOLY', 'UC_MPOLY', 'UC_NONE', 'TPC_NONE', 'SBX_MPOLY', 'UC_NONE', 'NONE_MPOLY', 'SPC_NONE', 'TPC_MPOLY', 'UC_NONE', 'TPC_NONE', 'SPC_NONE', 'SPC_NONE', 'UC_NONE', 'TPC_NONE', 'UC_NONE', 'SPC_MPOLY', 'TPC_NONE', 'SPC_MPOLY', 'UC_NONE', 'UC_NONE', 'UC_NONE', 'SPC_NONE', 'TPC_NONE', 'TPC_NONE']","{'SBX_MNUF': 1, 'TPC_MPOLY': 2, 'UC_NONE': 10, 'SPC_NONE': 6, 'UC_MPOLY': 2, 'TPC_NONE': 6, 'SBX_MPOLY': 1, 'NONE_MPOLY': 1, 'SPC_MPOLY': 2}"
22,32,TPC,NONE,0.6869133249295265,0.0382692650059862,816002986.24,682666995.2421379,2406699.68,2135482.0483442466,0.74075520215126,-2.7236662993868066e-06,0.02,0.0,GREEDY_HV,"['SPC_MBFLIP', 'SBX_MNUF', 'TPC_MPOLY', 'UC_NONE', 'UC_NONE', 'SPC_NONE', 'SPC_NONE', 'UC_MPOLY', 'UC_MPOLY', 'UC_NONE', 'TPC_NONE', 'SBX_MPOLY', 'UC_NONE', 'NONE_MPOLY', 'SPC_NONE', 'TPC_MPOLY', 'UC_NONE', 'TPC_NONE', 'SPC_NONE', 'SPC_NONE', 'UC_NONE', 'TPC_NONE', 'UC_NONE', 'SPC_MPOLY', 'TPC_NONE', 'SPC_MPOLY', 'UC_NONE', 'UC_NONE', 'UC_NONE', 'SPC_NONE', 'TPC_NONE', 'TPC_NONE', 'TPC_NONE']","{'SBX_MNUF': 1, 'TPC_MPOLY': 2, 'UC_NONE': 10, 'SPC_NONE': 6, 'UC_MPOLY': 2, 'TPC_NONE': 7, 'SBX_MPOLY': 1, 'NONE_MPOLY': 1, 'SPC_MPOLY': 2}"
22,33,UC,NONE,0.6890432099024069,0.0376858831522561,832629541.12,678245359.128769,2540965.28,2121747.0826551123,0.7407897389419094,3.453679064935322e-05,0.02,0.0,GREEDY_HV,"['SPC_MBFLIP', 'SBX_MNUF', 'TPC_MPOLY', 'UC_NONE', 'UC_NONE', 'SPC_NONE', 'SPC_NONE', 'UC_MPOLY', 'UC_MPOLY', 'UC_NONE', 'TPC_NONE', 'SBX_MPOLY', 'UC_NONE', 'NONE_MPOLY', 'SPC_NONE', 'TPC_MPOLY', 'UC_NONE', 'TPC_NONE', 'SPC_NONE', 'SPC_NONE', 'UC_NONE', 'TPC_NONE', 'UC_NONE', 'SPC_MPOLY', 'TPC_NONE', 'SPC_MPOLY', 'UC_NONE', 'UC_NONE', 'UC_NONE', 'SPC_NONE', 'TPC_NONE', 'TPC_NONE', 'TPC_NONE', 'UC_NONE']","{'SBX_MNUF': 1, 'TPC_MPOLY': 2, 'UC_NONE': 11, 'SPC_NONE': 6, 'UC_MPOLY': 2, 'TPC_NONE': 7, 'SBX_MPOLY': 1, 'NONE_MPOLY': 1, 'SPC_MPOLY': 2}"
22,34,TPC,NONE,0.6884863212545017,0.0385124892528427,834326688.0,688339110.3020738,2565442.72,2114194.4425612995,0.7407542715940931,-3.546734781623151e-05,0.0,0.0,GREEDY_HV,"['SPC_MBFLIP', 'SBX_MNUF', 'TPC_MPOLY', 'UC_NONE', 'UC_NONE', 'SPC_NONE', 'SPC_NONE', 'UC_MPOLY', 'UC_MPOLY', 'UC_NONE', 'TPC_NONE', 'SBX_MPOLY', 'UC_NONE', 'NONE_MPOLY', 'SPC_NONE', 'TPC_MPOLY', 'UC_NONE', 'TPC_NONE', 'SPC_NONE', 'SPC_NONE', 'UC_NONE', 'TPC_NONE', 'UC_NONE', 'SPC_MPOLY', 'TPC_NONE', 'SPC_MPOLY', 'UC_NONE', 'UC_NONE', 'UC_NONE', 'SPC_NONE', 'TPC_NONE', 'TPC_NONE', 'TPC_NONE', 'UC_NONE', 'TPC_NONE']","{'SBX_MNUF': 1, 'TPC_MPOLY': 2, 'UC_NONE': 11, 'SPC_NONE': 6, 'UC_MPOLY': 2, 'TPC_NONE': 8, 'SBX_MPOLY': 1, 'NONE_MPOLY': 1, 'SPC_MPOLY': 2}"
22,35,SPC,NONE,0.6881617016690963,0.0383064762127996,822502903.04,691132650.5084435,2542601.12,2108199.6991561176,0.740762592153628,8.320559534924499e-06,0.0,0.0,GREEDY_HV,"['SPC_MBFLIP', 'SBX_MNUF', 'TPC_MPOLY', 'UC_NONE', 'UC_NONE', 'SPC_NONE', 'SPC_NONE', 'UC_MPOLY', 'UC_MPOLY', 'UC_NONE', 'TPC_NONE', 'SBX_MPOLY', 'UC_NONE', 'NONE_MPOLY', 'SPC_NONE', 'TPC_MPOLY', 'UC_NONE', 'TPC_NONE', 'SPC_NONE', 'SPC_NONE', 'UC_NONE', 'TPC_NONE', 'UC_NONE', 'SPC_MPOLY', 'TPC_NONE', 'SPC_MPOLY', 'UC_NONE', 'UC_NONE', 'UC_NONE', 'SPC_NONE', 'TPC_NONE', 'TPC_NONE', 'TPC_NONE', 'UC_NONE', 'TPC_NONE', 'SPC_NONE']","{'SBX_MNUF': 1, 'TPC_MPOLY': 2, 'UC_NONE': 11, 'SPC_NONE': 7, 'UC_MPOLY': 2, 'TPC_NONE': 8, 'SBX_MPOLY': 1, 'NONE_MPOLY': 1, 'SPC_MPOLY': 2}"
22,36,UC,NONE,0.6869897390032726,0.0393927986466837,800054021.12,693565602.1457206,2554136.48,2125829.6604236774,0.7407465783534114,-1.6013800216652108e-05,0.01,0.0,GREEDY_HV,"['SPC_MBFLIP', 'SBX_MNUF', 'TPC_MPOLY', 'UC_NONE', 'UC_NONE', 'SPC_NONE', 'SPC_NONE', 'UC_MPOLY', 'UC_MPOLY', 'UC_NONE', 'TPC_NONE', 'SBX_MPOLY', 'UC_NONE', 'NONE_MPOLY', 'SPC_NONE', 'TPC_MPOLY', 'UC_NONE', 'TPC_NONE', 'SPC_NONE', 'SPC_NONE', 'UC_NONE', 'TPC_NONE', 'UC_NONE', 'SPC_MPOLY', 'TPC_NONE', 'SPC_MPOLY', 'UC_NONE', 'UC_NONE', 'UC_NONE', 'SPC_NONE', 'TPC_NONE', 'TPC_NONE', 'TPC_NONE', 'UC_NONE', 'TPC_NONE', 'SPC_NONE', 'UC_NONE']","{'SBX_MNUF': 1, 'TPC_MPOLY': 2, 'UC_NONE': 12, 'SPC_NONE': 7, 'UC_MPOLY': 2, 'TPC_NONE': 8, 'SBX_MPOLY': 1, 'NONE_MPOLY': 1, 'SPC_MPOLY': 2}"
22,37,UC,NONE,0.685313059909849,0.0407711117514175,787352892.16,697538924.0784789,2495083.68,2154677.690462138,0.7407237220701289,-2.285628328246858e-05,0.0,0.0,GREEDY_HV,"['SPC_MBFLIP', 'SBX_MNUF', 'TPC_MPOLY', 'UC_NONE', 'UC_NONE', 'SPC_NONE', 'SPC_NONE', 'UC_MPOLY', 'UC_MPOLY', 'UC_NONE', 'TPC_NONE', 'SBX_MPOLY', 'UC_NONE', 'NONE_MPOLY', 'SPC_NONE', 'TPC_MPOLY', 'UC_NONE', 'TPC_NONE', 'SPC_NONE', 'SPC_NONE', 'UC_NONE', 'TPC_NONE', 'UC_NONE', 'SPC_MPOLY', 'TPC_NONE', 'SPC_MPOLY', 'UC_NONE', 'UC_NONE', 'UC_NONE', 'SPC_NONE', 'TPC_NONE', 'TPC_NONE', 'TPC_NONE', 'UC_NONE', 'TPC_NONE', 'SPC_NONE', 'UC_NONE', 'UC_NONE']","{'SBX_MNUF': 1, 'TPC_MPOLY': 2, 'UC_NONE': 13, 'SPC_NONE': 7, 'UC_MPOLY': 2, 'TPC_NONE': 8, 'SBX_MPOLY': 1, 'NONE_MPOLY': 1, 'SPC_MPOLY': 2}"
22,38,TPC,NONE,0.68624497849089,0.0409276958778565,807307016.96,695758565.9852227,2607343.52,2181208.149136677,0.7407779792548278,5.425718469886931e-05,0.0,0.0,GREEDY_HV,"['SPC_MBFLIP', 'SBX_MNUF', 'TPC_MPOLY', 'UC_NONE', 'UC_NONE', 'SPC_NONE', 'SPC_NONE', 'UC_MPOLY', 'UC_MPOLY', 'UC_NONE', 'TPC_NONE', 'SBX_MPOLY', 'UC_NONE', 'NONE_MPOLY', 'SPC_NONE', 'TPC_MPOLY', 'UC_NONE', 'TPC_NONE', 'SPC_NONE', 'SPC_NONE', 'UC_NONE', 'TPC_NONE', 'UC_NONE', 'SPC_MPOLY', 'TPC_NONE', 'SPC_MPOLY', 'UC_NONE', 'UC_NONE', 'UC_NONE', 'SPC_NONE', 'TPC_NONE', 'TPC_NONE', 'TPC_NONE', 'UC_NONE', 'TPC_NONE', 'SPC_NONE', 'UC_NONE', 'UC_NONE', 'TPC_NONE']","{'SBX_MNUF': 1, 'TPC_MPOLY': 2, 'UC_NONE': 13, 'SPC_NONE': 7, 'UC_MPOLY': 2, 'TPC_NONE': 9, 'SBX_MPOLY': 1, 'NONE_MPOLY': 1, 'SPC_MPOLY': 2}"
22,39,SBX,NONE,0.6873302348410583,0.0409578156686052,826240520.96,694908100.2948378,2664578.72,2174022.632983116,0.7408096011211572,3.162186632943431e-05,0.0,0.0,GREEDY_HV,"['SPC_MBFLIP', 'SBX_MNUF', 'TPC_MPOLY', 'UC_NONE', 'UC_NONE', 'SPC_NONE', 'SPC_NONE', 'UC_MPOLY', 'UC_MPOLY', 'UC_NONE', 'TPC_NONE', 'SBX_MPOLY', 'UC_NONE', 'NONE_MPOLY', 'SPC_NONE', 'TPC_MPOLY', 'UC_NONE', 'TPC_NONE', 'SPC_NONE', 'SPC_NONE', 'UC_NONE', 'TPC_NONE', 'UC_NONE', 'SPC_MPOLY', 'TPC_NONE', 'SPC_MPOLY', 'UC_NONE', 'UC_NONE', 'UC_NONE', 'SPC_NONE', 'TPC_NONE', 'TPC_NONE', 'TPC_NONE', 'UC_NONE', 'TPC_NONE', 'SPC_NONE', 'UC_NONE', 'UC_NONE', 'TPC_NONE', 'SBX_NONE']","{'SBX_MNUF': 1, 'TPC_MPOLY': 2, 'UC_NONE': 13, 'SPC_NONE': 7, 'UC_MPOLY': 2, 'TPC_NONE': 9, 'SBX_MPOLY': 1, 'NONE_MPOLY': 1, 'SPC_MPOLY': 2, 'SBX_NONE': 1}"
22,40,SPC,NONE,0.6872259169860613,0.0409558607362973,829941507.84,700961887.9137514,2696018.08,2230572.8640056914,0.7407873527387036,-2.2248382453682325e-05,0.0,0.0,GREEDY_HV,"['SPC_MBFLIP', 'SBX_MNUF', 'TPC_MPOLY', 'UC_NONE', 'UC_NONE', 'SPC_NONE', 'SPC_NONE', 'UC_MPOLY', 'UC_MPOLY', 'UC_NONE', 'TPC_NONE', 'SBX_MPOLY', 'UC_NONE', 'NONE_MPOLY', 'SPC_NONE', 'TPC_MPOLY', 'UC_NONE', 'TPC_NONE', 'SPC_NONE', 'SPC_NONE', 'UC_NONE', 'TPC_NONE', 'UC_NONE', 'SPC_MPOLY', 'TPC_NONE', 'SPC_MPOLY', 'UC_NONE', 'UC_NONE', 'UC_NONE', 'SPC_NONE', 'TPC_NONE', 'TPC_NONE', 'TPC_NONE', 'UC_NONE', 'TPC_NONE', 'SPC_NONE', 'UC_NONE', 'UC_NONE', 'TPC_NONE', 'SBX_NONE', 'SPC_NONE']","{'SBX_MNUF': 1, 'TPC_MPOLY': 2, 'UC_NONE': 13, 'SPC_NONE': 8, 'UC_MPOLY': 2, 'TPC_NONE': 9, 'SBX_MPOLY': 1, 'NONE_MPOLY': 1, 'SPC_MPOLY': 2, 'SBX_NONE': 1}"
22,41,SPC,NONE,0.6860240590792194,0.0413078119240314,829134385.92,717984097.0869362,2587474.08,2221147.263078069,0.7408089773671487,2.1624628445127136e-05,0.0,0.0,GREEDY_HV,"['SPC_MBFLIP', 'SBX_MNUF', 'TPC_MPOLY', 'UC_NONE', 'UC_NONE', 'SPC_NONE', 'SPC_NONE', 'UC_MPOLY', 'UC_MPOLY', 'UC_NONE', 'TPC_NONE', 'SBX_MPOLY', 'UC_NONE', 'NONE_MPOLY', 'SPC_NONE', 'TPC_MPOLY', 'UC_NONE', 'TPC_NONE', 'SPC_NONE', 'SPC_NONE', 'UC_NONE', 'TPC_NONE', 'UC_NONE', 'SPC_MPOLY', 'TPC_NONE', 'SPC_MPOLY', 'UC_NONE', 'UC_NONE', 'UC_NONE', 'SPC_NONE', 'TPC_NONE', 'TPC_NONE', 'TPC_NONE', 'UC_NONE', 'TPC_NONE', 'SPC_NONE', 'UC_NONE', 'UC_NONE', 'TPC_NONE', 'SBX_NONE', 'SPC_NONE', 'SPC_NONE']","{'SBX_MNUF': 1, 'TPC_MPOLY': 2, 'UC_NONE': 13, 'SPC_NONE': 9, 'UC_MPOLY': 2, 'TPC_NONE': 9, 'SBX_MPOLY': 1, 'NONE_MPOLY': 1, 'SPC_MPOLY': 2, 'SBX_NONE': 1}"
22,42,SBX,MPOLY,0.6850911861362158,0.0411093304173704,795916358.4,694607659.4142256,2447047.84,2125447.889971649,0.7408817055769124,7.272820976367278e-05,0.0,0.065,GREEDY_HV,"['SPC_MBFLIP', 'SBX_MNUF', 'TPC_MPOLY', 'UC_NONE', 'UC_NONE', 'SPC_NONE', 'SPC_NONE', 'UC_MPOLY', 'UC_MPOLY', 'UC_NONE', 'TPC_NONE', 'SBX_MPOLY', 'UC_NONE', 'NONE_MPOLY', 'SPC_NONE', 'TPC_MPOLY', 'UC_NONE', 'TPC_NONE', 'SPC_NONE', 'SPC_NONE', 'UC_NONE', 'TPC_NONE', 'UC_NONE', 'SPC_MPOLY', 'TPC_NONE', 'SPC_MPOLY', 'UC_NONE', 'UC_NONE', 'UC_NONE', 'SPC_NONE', 'TPC_NONE', 'TPC_NONE', 'TPC_NONE', 'UC_NONE', 'TPC_NONE', 'SPC_NONE', 'UC_NONE', 'UC_NONE', 'TPC_NONE', 'SBX_NONE', 'SPC_NONE', 'SPC_NONE', 'SBX_MPOLY']","{'SBX_MNUF': 1, 'TPC_MPOLY': 2, 'UC_NONE': 13, 'SPC_NONE': 9, 'UC_MPOLY': 2, 'TPC_NONE': 9, 'SBX_MPOLY': 2, 'NONE_MPOLY': 1, 'SPC_MPOLY': 2, 'SBX_NONE': 1}"
22,43,TPC,NONE,0.6841423929914859,0.0410049264911542,678768270.08,607429070.2523429,2497595.04,2222047.1411675587,0.7411783921897297,0.0002966866128173,0.01,0.0,GREEDY_HV,"['SPC_MBFLIP', 'SBX_MNUF', 'TPC_MPOLY', 'UC_NONE', 'UC_NONE', 'SPC_NONE', 'SPC_NONE', 'UC_MPOLY', 'UC_MPOLY', 'UC_NONE', 'TPC_NONE', 'SBX_MPOLY', 'UC_NONE', 'NONE_MPOLY', 'SPC_NONE', 'TPC_MPOLY', 'UC_NONE', 'TPC_NONE', 'SPC_NONE', 'SPC_NONE', 'UC_NONE', 'TPC_NONE', 'UC_NONE', 'SPC_MPOLY', 'TPC_NONE', 'SPC_MPOLY', 'UC_NONE', 'UC_NONE', 'UC_NONE', 'SPC_NONE', 'TPC_NONE', 'TPC_NONE', 'TPC_NONE', 'UC_NONE', 'TPC_NONE', 'SPC_NONE', 'UC_NONE', 'UC_NONE', 'TPC_NONE', 'SBX_NONE', 'SPC_NONE', 'SPC_NONE', 'SBX_MPOLY', 'TPC_NONE']","{'SBX_MNUF': 1, 'TPC_MPOLY': 2, 'UC_NONE': 13, 'SPC_NONE': 9, 'UC_MPOLY': 2, 'TPC_NONE': 10, 'SBX_MPOLY': 2, 'NONE_MPOLY': 1, 'SPC_MPOLY': 2, 'SBX_NONE': 1}"
22,44,UC,NONE,0.6861059228425248,0.0377411045391405,692729472.0,621766712.9460086,2490832.8,2225551.283633032,0.7412181690213733,3.97768316435787e-05,0.0,0.0,GREEDY_HV,"['SPC_MBFLIP', 'SBX_MNUF', 'TPC_MPOLY', 'UC_NONE', 'UC_NONE', 'SPC_NONE', 'SPC_NONE', 'UC_MPOLY', 'UC_MPOLY', 'UC_NONE', 'TPC_NONE', 'SBX_MPOLY', 'UC_NONE', 'NONE_MPOLY', 'SPC_NONE', 'TPC_MPOLY', 'UC_NONE', 'TPC_NONE', 'SPC_NONE', 'SPC_NONE', 'UC_NONE', 'TPC_NONE', 'UC_NONE', 'SPC_MPOLY', 'TPC_NONE', 'SPC_MPOLY', 'UC_NONE', 'UC_NONE', 'UC_NONE', 'SPC_NONE', 'TPC_NONE', 'TPC_NONE', 'TPC_NONE', 'UC_NONE', 'TPC_NONE', 'SPC_NONE', 'UC_NONE', 'UC_NONE', 'TPC_NONE', 'SBX_NONE', 'SPC_NONE', 'SPC_NONE', 'SBX_MPOLY', 'TPC_NONE', 'UC_NONE']","{'SBX_MNUF': 1, 'TPC_MPOLY': 2, 'UC_NONE': 14, 'SPC_NONE': 9, 'UC_MPOLY': 2, 'TPC_NONE': 10, 'SBX_MPOLY': 2, 'NONE_MPOLY': 1, 'SPC_MPOLY': 2, 'SBX_NONE': 1}"
22,45,SPC,NONE,0.6836429789164076,0.0385102176602675,615452055.04,579431047.6213452,2328878.24,2185839.5290865297,0.7413521998974282,0.0001340308760549,0.01,0.0,GREEDY_HV,"['SPC_MBFLIP', 'SBX_MNUF', 'TPC_MPOLY', 'UC_NONE', 'UC_NONE', 'SPC_NONE', 'SPC_NONE', 'UC_MPOLY', 'UC_MPOLY', 'UC_NONE', 'TPC_NONE', 'SBX_MPOLY', 'UC_NONE', 'NONE_MPOLY', 'SPC_NONE', 'TPC_MPOLY', 'UC_NONE', 'TPC_NONE', 'SPC_NONE', 'SPC_NONE', 'UC_NONE', 'TPC_NONE', 'UC_NONE', 'SPC_MPOLY', 'TPC_NONE', 'SPC_MPOLY', 'UC_NONE', 'UC_NONE', 'UC_NONE', 'SPC_NONE', 'TPC_NONE', 'TPC_NONE', 'TPC_NONE', 'UC_NONE', 'TPC_NONE', 'SPC_NONE', 'UC_NONE', 'UC_NONE', 'TPC_NONE', 'SBX_NONE', 'SPC_NONE', 'SPC_NONE', 'SBX_MPOLY', 'TPC_NONE', 'UC_NONE', 'SPC_NONE']","{'SBX_MNUF': 1, 'TPC_MPOLY': 2, 'UC_NONE': 14, 'SPC_NONE': 10, 'UC_MPOLY': 2, 'TPC_NONE': 10, 'SBX_MPOLY': 2, 'NONE_MPOLY': 1, 'SPC_MPOLY': 2, 'SBX_NONE': 1}"
22,46,UC,NONE,0.6850326584921775,0.0389839814941138,655983608.32,607756004.17319,2493158.56,2240354.841835874,0.7414086096703028,5.640977287457716e-05,0.0,0.0,GREEDY_HV,"['SPC_MBFLIP', 'SBX_MNUF', 'TPC_MPOLY', 'UC_NONE', 'UC_NONE', 'SPC_NONE', 'SPC_NONE', 'UC_MPOLY', 'UC_MPOLY', 'UC_NONE', 'TPC_NONE', 'SBX_MPOLY', 'UC_NONE', 'NONE_MPOLY', 'SPC_NONE', 'TPC_MPOLY', 'UC_NONE', 'TPC_NONE', 'SPC_NONE', 'SPC_NONE', 'UC_NONE', 'TPC_NONE', 'UC_NONE', 'SPC_MPOLY', 'TPC_NONE', 'SPC_MPOLY', 'UC_NONE', 'UC_NONE', 'UC_NONE', 'SPC_NONE', 'TPC_NONE', 'TPC_NONE', 'TPC_NONE', 'UC_NONE', 'TPC_NONE', 'SPC_NONE', 'UC_NONE', 'UC_NONE', 'TPC_NONE', 'SBX_NONE', 'SPC_NONE', 'SPC_NONE', 'SBX_MPOLY', 'TPC_NONE', 'UC_NONE', 'SPC_NONE', 'UC_NONE']","{'SBX_MNUF': 1, 'TPC_MPOLY': 2, 'UC_NONE': 15, 'SPC_NONE': 10, 'UC_MPOLY': 2, 'TPC_NONE': 10, 'SBX_MPOLY': 2, 'NONE_MPOLY': 1, 'SPC_MPOLY': 2, 'SBX_NONE': 1}"
22,47,UC,NONE,0.6822832635256298,0.0385735842213097,519083440.64,428795615.2320397,2008864.16,1796294.3388281923,0.7434580603436884,0.0020494506733856,0.03,0.0,GREEDY_HV,"['SPC_MBFLIP', 'SBX_MNUF', 'TPC_MPOLY', 'UC_NONE', 'UC_NONE', 'SPC_NONE', 'SPC_NONE', 'UC_MPOLY', 'UC_MPOLY', 'UC_NONE', 'TPC_NONE', 'SBX_MPOLY', 'UC_NONE', 'NONE_MPOLY', 'SPC_NONE', 'TPC_MPOLY', 'UC_NONE', 'TPC_NONE', 'SPC_NONE', 'SPC_NONE', 'UC_NONE', 'TPC_NONE', 'UC_NONE', 'SPC_MPOLY', 'TPC_NONE', 'SPC_MPOLY', 'UC_NONE', 'UC_NONE', 'UC_NONE', 'SPC_NONE', 'TPC_NONE', 'TPC_NONE', 'TPC_NONE', 'UC_NONE', 'TPC_NONE', 'SPC_NONE', 'UC_NONE', 'UC_NONE', 'TPC_NONE', 'SBX_NONE', 'SPC_NONE', 'SPC_NONE', 'SBX_MPOLY', 'TPC_NONE', 'UC_NONE', 'SPC_NONE', 'UC_NONE', 'UC_NONE']","{'SBX_MNUF': 1, 'TPC_MPOLY': 2, 'UC_NONE': 16, 'SPC_NONE': 10, 'UC_MPOLY': 2, 'TPC_NONE': 10, 'SBX_MPOLY': 2, 'NONE_MPOLY': 1, 'SPC_MPOLY': 2, 'SBX_NONE': 1}"
22,48,TPC,NONE,0.6796064643339035,0.0378081979517476,480294489.6,435103591.7900403,1750912.16,1690184.5667140535,0.74344283775762,-1.5222586068452948e-05,0.0,0.0,GREEDY_HV,"['SPC_MBFLIP', 'SBX_MNUF', 'TPC_MPOLY', 'UC_NONE', 'UC_NONE', 'SPC_NONE', 'SPC_NONE', 'UC_MPOLY', 'UC_MPOLY', 'UC_NONE', 'TPC_NONE', 'SBX_MPOLY', 'UC_NONE', 'NONE_MPOLY', 'SPC_NONE', 'TPC_MPOLY', 'UC_NONE', 'TPC_NONE', 'SPC_NONE', 'SPC_NONE', 'UC_NONE', 'TPC_NONE', 'UC_NONE', 'SPC_MPOLY', 'TPC_NONE', 'SPC_MPOLY', 'UC_NONE', 'UC_NONE', 'UC_NONE', 'SPC_NONE', 'TPC_NONE', 'TPC_NONE', 'TPC_NONE', 'UC_NONE', 'TPC_NONE', 'SPC_NONE', 'UC_NONE', 'UC_NONE', 'TPC_NONE', 'SBX_NONE', 'SPC_NONE', 'SPC_NONE', 'SBX_MPOLY', 'TPC_NONE', 'UC_NONE', 'SPC_NONE', 'UC_NONE', 'UC_NONE', 'TPC_NONE']","{'SBX_MNUF': 1, 'TPC_MPOLY': 2, 'UC_NONE': 16, 'SPC_NONE': 10, 'UC_MPOLY': 2, 'TPC_NONE': 11, 'SBX_MPOLY': 2, 'NONE_MPOLY': 1, 'SPC_MPOLY': 2, 'SBX_NONE': 1}"
22,49,UC,NONE,0.6788223945798812,0.0371410501971043,441381337.6,418211420.3959856,1492906.4,1166832.83737406,0.7445329042954382,0.0010900665378181,0.0,0.0,GREEDY_HV,"['SPC_MBFLIP', 'SBX_MNUF', 'TPC_MPOLY', 'UC_NONE', 'UC_NONE', 'SPC_NONE', 'SPC_NONE', 'UC_MPOLY', 'UC_MPOLY', 'UC_NONE', 'TPC_NONE', 'SBX_MPOLY', 'UC_NONE', 'NONE_MPOLY', 'SPC_NONE', 'TPC_MPOLY', 'UC_NONE', 'TPC_NONE', 'SPC_NONE', 'SPC_NONE', 'UC_NONE', 'TPC_NONE', 'UC_NONE', 'SPC_MPOLY', 'TPC_NONE', 'SPC_MPOLY', 'UC_NONE', 'UC_NONE', 'UC_NONE', 'SPC_NONE', 'TPC_NONE', 'TPC_NONE', 'TPC_NONE', 'UC_NONE', 'TPC_NONE', 'SPC_NONE', 'UC_NONE', 'UC_NONE', 'TPC_NONE', 'SBX_NONE', 'SPC_NONE', 'SPC_NONE', 'SBX_MPOLY', 'TPC_NONE', 'UC_NONE', 'SPC_NONE', 'UC_NONE', 'UC_NONE', 'TPC_NONE', 'UC_NONE']","{'SBX_MNUF': 1, 'TPC_MPOLY': 2, 'UC_NONE': 17, 'SPC_NONE': 10, 'UC_MPOLY': 2, 'TPC_NONE': 11, 'SBX_MPOLY': 2, 'NONE_MPOLY': 1, 'SPC_MPOLY': 2, 'SBX_NONE': 1}"
22,50,TPC,NONE,0.6798266489118804,0.0368060259737947,462699279.36,446556387.2564186,1421787.04,1053818.5081365951,0.7446732035191352,0.000140299223697,0.01,0.0,GREEDY_HV,"['SPC_MBFLIP', 'SBX_MNUF', 'TPC_MPOLY', 'UC_NONE', 'UC_NONE', 'SPC_NONE', 'SPC_NONE', 'UC_MPOLY', 'UC_MPOLY', 'UC_NONE', 'TPC_NONE', 'SBX_MPOLY', 'UC_NONE', 'NONE_MPOLY', 'SPC_NONE', 'TPC_MPOLY', 'UC_NONE', 'TPC_NONE', 'SPC_NONE', 'SPC_NONE', 'UC_NONE', 'TPC_NONE', 'UC_NONE', 'SPC_MPOLY', 'TPC_NONE', 'SPC_MPOLY', 'UC_NONE', 'UC_NONE', 'UC_NONE', 'SPC_NONE', 'TPC_NONE', 'TPC_NONE', 'TPC_NONE', 'UC_NONE', 'TPC_NONE', 'SPC_NONE', 'UC_NONE', 'UC_NONE', 'TPC_NONE', 'SBX_NONE', 'SPC_NONE', 'SPC_NONE', 'SBX_MPOLY', 'TPC_NONE', 'UC_NONE', 'SPC_NONE', 'UC_NONE', 'UC_NONE', 'TPC_NONE', 'UC_NONE', 'TPC_NONE']","{'SBX_MNUF': 1, 'TPC_MPOLY': 2, 'UC_NONE': 17, 'SPC_NONE': 10, 'UC_MPOLY': 2, 'TPC_NONE': 12, 'SBX_MPOLY': 2, 'NONE_MPOLY': 1, 'SPC_MPOLY': 2, 'SBX_NONE': 1}"
22,51,UC,NONE,0.679492873381179,0.0375456489094691,469928481.28,448243115.0796191,1411055.52,1088288.143769181,0.7447042817156183,3.107819648306975e-05,0.01,0.0,GREEDY_HV,"['SPC_MBFLIP', 'SBX_MNUF', 'TPC_MPOLY', 'UC_NONE', 'UC_NONE', 'SPC_NONE', 'SPC_NONE', 'UC_MPOLY', 'UC_MPOLY', 'UC_NONE', 'TPC_NONE', 'SBX_MPOLY', 'UC_NONE', 'NONE_MPOLY', 'SPC_NONE', 'TPC_MPOLY', 'UC_NONE', 'TPC_NONE', 'SPC_NONE', 'SPC_NONE', 'UC_NONE', 'TPC_NONE', 'UC_NONE', 'SPC_MPOLY', 'TPC_NONE', 'SPC_MPOLY', 'UC_NONE', 'UC_NONE', 'UC_NONE', 'SPC_NONE', 'TPC_NONE', 'TPC_NONE', 'TPC_NONE', 'UC_NONE', 'TPC_NONE', 'SPC_NONE', 'UC_NONE', 'UC_NONE', 'TPC_NONE', 'SBX_NONE', 'SPC_NONE', 'SPC_NONE', 'SBX_MPOLY', 'TPC_NONE', 'UC_NONE', 'SPC_NONE', 'UC_NONE', 'UC_NONE', 'TPC_NONE', 'UC_NONE', 'TPC_NONE', 'UC_NONE']","{'SBX_MNUF': 1, 'TPC_MPOLY': 2, 'UC_NONE': 18, 'SPC_NONE': 10, 'UC_MPOLY': 2, 'TPC_NONE': 12, 'SBX_MPOLY': 2, 'NONE_MPOLY': 1, 'SPC_MPOLY': 2, 'SBX_NONE': 1}"
22,52,UC,NONE,0.6805668057903053,0.0374799758293648,465163123.2,445577601.262122,1467739.04,1103108.927091155,0.7447569974982323,5.271578261401011e-05,0.0,0.0,GREEDY_HV,"['SPC_MBFLIP', 'SBX_MNUF', 'TPC_MPOLY', 'UC_NONE', 'UC_NONE', 'SPC_NONE', 'SPC_NONE', 'UC_MPOLY', 'UC_MPOLY', 'UC_NONE', 'TPC_NONE', 'SBX_MPOLY', 'UC_NONE', 'NONE_MPOLY', 'SPC_NONE', 'TPC_MPOLY', 'UC_NONE', 'TPC_NONE', 'SPC_NONE', 'SPC_NONE', 'UC_NONE', 'TPC_NONE', 'UC_NONE', 'SPC_MPOLY', 'TPC_NONE', 'SPC_MPOLY', 'UC_NONE', 'UC_NONE', 'UC_NONE', 'SPC_NONE', 'TPC_NONE', 'TPC_NONE', 'TPC_NONE', 'UC_NONE', 'TPC_NONE', 'SPC_NONE', 'UC_NONE', 'UC_NONE', 'TPC_NONE', 'SBX_NONE', 'SPC_NONE', 'SPC_NONE', 'SBX_MPOLY', 'TPC_NONE', 'UC_NONE', 'SPC_NONE', 'UC_NONE', 'UC_NONE', 'TPC_NONE', 'UC_NONE', 'TPC_NONE', 'UC_NONE', 'UC_NONE']","{'SBX_MNUF': 1, 'TPC_MPOLY': 2, 'UC_NONE': 19, 'SPC_NONE': 10, 'UC_MPOLY': 2, 'TPC_NONE': 12, 'SBX_MPOLY': 2, 'NONE_MPOLY': 1, 'SPC_MPOLY': 2, 'SBX_NONE': 1}"
22,53,TPC,NONE,0.6803486766917096,0.0377751688966114,464951559.68,445496945.755418,1419028.64,1079518.0880087884,0.7447757847712304,1.878727299808869e-05,0.01,0.0,GREEDY_HV,"['SPC_MBFLIP', 'SBX_MNUF', 'TPC_MPOLY', 'UC_NONE', 'UC_NONE', 'SPC_NONE', 'SPC_NONE', 'UC_MPOLY', 'UC_MPOLY', 'UC_NONE', 'TPC_NONE', 'SBX_MPOLY', 'UC_NONE', 'NONE_MPOLY', 'SPC_NONE', 'TPC_MPOLY', 'UC_NONE', 'TPC_NONE', 'SPC_NONE', 'SPC_NONE', 'UC_NONE', 'TPC_NONE', 'UC_NONE', 'SPC_MPOLY', 'TPC_NONE', 'SPC_MPOLY', 'UC_NONE', 'UC_NONE', 'UC_NONE', 'SPC_NONE', 'TPC_NONE', 'TPC_NONE', 'TPC_NONE', 'UC_NONE', 'TPC_NONE', 'SPC_NONE', 'UC_NONE', 'UC_NONE', 'TPC_NONE', 'SBX_NONE', 'SPC_NONE', 'SPC_NONE', 'SBX_MPOLY', 'TPC_NONE', 'UC_NONE', 'SPC_NONE', 'UC_NONE', 'UC_NONE', 'TPC_NONE', 'UC_NONE', 'TPC_NONE', 'UC_NONE', 'UC_NONE', 'TPC_NONE']","{'SBX_MNUF': 1, 'TPC_MPOLY': 2, 'UC_NONE': 19, 'SPC_NONE': 10, 'UC_MPOLY': 2, 'TPC_NONE': 13, 'SBX_MPOLY': 2, 'NONE_MPOLY': 1, 'SPC_MPOLY': 2, 'SBX_NONE': 1}"
22,54,SPC,NONE,0.6805016191469528,0.0377836511442674,468571276.8,445776507.02298206,1402352.8,1054226.1681970148,0.7447831579249977,7.373153767309404e-06,0.0,0.0,GREEDY_HV,"['SPC_MBFLIP', 'SBX_MNUF', 'TPC_MPOLY', 'UC_NONE', 'UC_NONE', 'SPC_NONE', 'SPC_NONE', 'UC_MPOLY', 'UC_MPOLY', 'UC_NONE', 'TPC_NONE', 'SBX_MPOLY', 'UC_NONE', 'NONE_MPOLY', 'SPC_NONE', 'TPC_MPOLY', 'UC_NONE', 'TPC_NONE', 'SPC_NONE', 'SPC_NONE', 'UC_NONE', 'TPC_NONE', 'UC_NONE', 'SPC_MPOLY', 'TPC_NONE', 'SPC_MPOLY', 'UC_NONE', 'UC_NONE', 'UC_NONE', 'SPC_NONE', 'TPC_NONE', 'TPC_NONE', 'TPC_NONE', 'UC_NONE', 'TPC_NONE', 'SPC_NONE', 'UC_NONE', 'UC_NONE', 'TPC_NONE', 'SBX_NONE', 'SPC_NONE', 'SPC_NONE', 'SBX_MPOLY', 'TPC_NONE', 'UC_NONE', 'SPC_NONE', 'UC_NONE', 'UC_NONE', 'TPC_NONE', 'UC_NONE', 'TPC_NONE', 'UC_NONE', 'UC_NONE', 'TPC_NONE', 'SPC_NONE']","{'SBX_MNUF': 1, 'TPC_MPOLY': 2, 'UC_NONE': 19, 'SPC_NONE': 11, 'UC_MPOLY': 2, 'TPC_NONE': 13, 'SBX_MPOLY': 2, 'NONE_MPOLY': 1, 'SPC_MPOLY': 2, 'SBX_NONE': 1}"
22,55,SPC,NONE,0.6800343814269738,0.0378728878811482,471374860.8,456530620.7591167,1413435.04,1092031.729173781,0.7447752564167396,-7.901508258134626e-06,0.0,0.0,GREEDY_HV,"['SPC_MBFLIP', 'SBX_MNUF', 'TPC_MPOLY', 'UC_NONE', 'UC_NONE', 'SPC_NONE', 'SPC_NONE', 'UC_MPOLY', 'UC_MPOLY', 'UC_NONE', 'TPC_NONE', 'SBX_MPOLY', 'UC_NONE', 'NONE_MPOLY', 'SPC_NONE', 'TPC_MPOLY', 'UC_NONE', 'TPC_NONE', 'SPC_NONE', 'SPC_NONE', 'UC_NONE', 'TPC_NONE', 'UC_NONE', 'SPC_MPOLY', 'TPC_NONE', 'SPC_MPOLY', 'UC_NONE', 'UC_NONE', 'UC_NONE', 'SPC_NONE', 'TPC_NONE', 'TPC_NONE', 'TPC_NONE', 'UC_NONE', 'TPC_NONE', 'SPC_NONE', 'UC_NONE', 'UC_NONE', 'TPC_NONE', 'SBX_NONE', 'SPC_NONE', 'SPC_NONE', 'SBX_MPOLY', 'TPC_NONE', 'UC_NONE', 'SPC_NONE', 'UC_NONE', 'UC_NONE', 'TPC_NONE', 'UC_NONE', 'TPC_NONE', 'UC_NONE', 'UC_NONE', 'TPC_NONE', 'SPC_NONE', 'SPC_NONE']","{'SBX_MNUF': 1, 'TPC_MPOLY': 2, 'UC_NONE': 19, 'SPC_NONE': 12, 'UC_MPOLY': 2, 'TPC_NONE': 13, 'SBX_MPOLY': 2, 'NONE_MPOLY': 1, 'SPC_MPOLY': 2, 'SBX_NONE': 1}"
22,56,TPC,NONE,0.680840442503491,0.0377355414589685,490643581.44,468636963.3502279,1399762.08,1047881.5746689668,0.7447977688869736,2.2512470233992943e-05,0.0,0.0,GREEDY_HV,"['SPC_MBFLIP', 'SBX_MNUF', 'TPC_MPOLY', 'UC_NONE', 'UC_NONE', 'SPC_NONE', 'SPC_NONE', 'UC_MPOLY', 'UC_MPOLY', 'UC_NONE', 'TPC_NONE', 'SBX_MPOLY', 'UC_NONE', 'NONE_MPOLY', 'SPC_NONE', 'TPC_MPOLY', 'UC_NONE', 'TPC_NONE', 'SPC_NONE', 'SPC_NONE', 'UC_NONE', 'TPC_NONE', 'UC_NONE', 'SPC_MPOLY', 'TPC_NONE', 'SPC_MPOLY', 'UC_NONE', 'UC_NONE', 'UC_NONE', 'SPC_NONE', 'TPC_NONE', 'TPC_NONE', 'TPC_NONE', 'UC_NONE', 'TPC_NONE', 'SPC_NONE', 'UC_NONE', 'UC_NONE', 'TPC_NONE', 'SBX_NONE', 'SPC_NONE', 'SPC_NONE', 'SBX_MPOLY', 'TPC_NONE', 'UC_NONE', 'SPC_NONE', 'UC_NONE', 'UC_NONE', 'TPC_NONE', 'UC_NONE', 'TPC_NONE', 'UC_NONE', 'UC_NONE', 'TPC_NONE', 'SPC_NONE', 'SPC_NONE', 'TPC_NONE']","{'SBX_MNUF': 1, 'TPC_MPOLY': 2, 'UC_NONE': 19, 'SPC_NONE': 12, 'UC_MPOLY': 2, 'TPC_NONE': 14, 'SBX_MPOLY': 2, 'NONE_MPOLY': 1, 'SPC_MPOLY': 2, 'SBX_NONE': 1}"
22,57,UC,MPOLY,0.6815795049226316,0.0377388635654943,505136862.72,480490310.3613177,1444481.44,1069637.0884883932,0.7447940452269728,-3.7236600007872767e-06,0.0,0.01,GREEDY_HV,"['SPC_MBFLIP', 'SBX_MNUF', 'TPC_MPOLY', 'UC_NONE', 'UC_NONE', 'SPC_NONE', 'SPC_NONE', 'UC_MPOLY', 'UC_MPOLY', 'UC_NONE', 'TPC_NONE', 'SBX_MPOLY', 'UC_NONE', 'NONE_MPOLY', 'SPC_NONE', 'TPC_MPOLY', 'UC_NONE', 'TPC_NONE', 'SPC_NONE', 'SPC_NONE', 'UC_NONE', 'TPC_NONE', 'UC_NONE', 'SPC_MPOLY', 'TPC_NONE', 'SPC_MPOLY', 'UC_NONE', 'UC_NONE', 'UC_NONE', 'SPC_NONE', 'TPC_NONE', 'TPC_NONE', 'TPC_NONE', 'UC_NONE', 'TPC_NONE', 'SPC_NONE', 'UC_NONE', 'UC_NONE', 'TPC_NONE', 'SBX_NONE', 'SPC_NONE', 'SPC_NONE', 'SBX_MPOLY', 'TPC_NONE', 'UC_NONE', 'SPC_NONE', 'UC_NONE', 'UC_NONE', 'TPC_NONE', 'UC_NONE', 'TPC_NONE', 'UC_NONE', 'UC_NONE', 'TPC_NONE', 'SPC_NONE', 'SPC_NONE', 'TPC_NONE', 'UC_MPOLY']","{'SBX_MNUF': 1, 'TPC_MPOLY': 2, 'UC_NONE': 19, 'SPC_NONE': 12, 'UC_MPOLY': 3, 'TPC_NONE': 14, 'SBX_MPOLY': 2, 'NONE_MPOLY': 1, 'SPC_MPOLY': 2, 'SBX_NONE': 1}"
22,58,SBX,NONE,0.6842329113004142,0.0375738356794492,539565160.96,501128317.420688,1580978.08,1117288.074330337,0.7448740760165559,8.00307895830743e-05,0.0,0.0,GREEDY_HV,"['SPC_MBFLIP', 'SBX_MNUF', 'TPC_MPOLY', 'UC_NONE', 'UC_NONE', 'SPC_NONE', 'SPC_NONE', 'UC_MPOLY', 'UC_MPOLY', 'UC_NONE', 'TPC_NONE', 'SBX_MPOLY', 'UC_NONE', 'NONE_MPOLY', 'SPC_NONE', 'TPC_MPOLY', 'UC_NONE', 'TPC_NONE', 'SPC_NONE', 'SPC_NONE', 'UC_NONE', 'TPC_NONE', 'UC_NONE', 'SPC_MPOLY', 'TPC_NONE', 'SPC_MPOLY', 'UC_NONE', 'UC_NONE', 'UC_NONE', 'SPC_NONE', 'TPC_NONE', 'TPC_NONE', 'TPC_NONE', 'UC_NONE', 'TPC_NONE', 'SPC_NONE', 'UC_NONE', 'UC_NONE', 'TPC_NONE', 'SBX_NONE', 'SPC_NONE', 'SPC_NONE', 'SBX_MPOLY', 'TPC_NONE', 'UC_NONE', 'SPC_NONE', 'UC_NONE', 'UC_NONE', 'TPC_NONE', 'UC_NONE', 'TPC_NONE', 'UC_NONE', 'UC_NONE', 'TPC_NONE', 'SPC_NONE', 'SPC_NONE', 'TPC_NONE', 'UC_MPOLY', 'SBX_NONE']","{'SBX_MNUF': 1, 'TPC_MPOLY': 2, 'UC_NONE': 19, 'SPC_NONE': 12, 'UC_MPOLY': 3, 'TPC_NONE': 14, 'SBX_MPOLY': 2, 'NONE_MPOLY': 1, 'SPC_MPOLY': 2, 'SBX_NONE': 2}"
22,59,UC,NONE,0.6826311249072871,0.0379943514137777,532816104.96,510536364.8324461,1456202.4,1054716.6961501648,0.744914271474724,4.019545816813519e-05,0.01,0.0,GREEDY_HV,"['SPC_MBFLIP', 'SBX_MNUF', 'TPC_MPOLY', 'UC_NONE', 'UC_NONE', 'SPC_NONE', 'SPC_NONE', 'UC_MPOLY', 'UC_MPOLY', 'UC_NONE', 'TPC_NONE', 'SBX_MPOLY', 'UC_NONE', 'NONE_MPOLY', 'SPC_NONE', 'TPC_MPOLY', 'UC_NONE', 'TPC_NONE', 'SPC_NONE', 'SPC_NONE', 'UC_NONE', 'TPC_NONE', 'UC_NONE', 'SPC_MPOLY', 'TPC_NONE', 'SPC_MPOLY', 'UC_NONE', 'UC_NONE', 'UC_NONE', 'SPC_NONE', 'TPC_NONE', 'TPC_NONE', 'TPC_NONE', 'UC_NONE', 'TPC_NONE', 'SPC_NONE', 'UC_NONE', 'UC_NONE', 'TPC_NONE', 'SBX_NONE', 'SPC_NONE', 'SPC_NONE', 'SBX_MPOLY', 'TPC_NONE', 'UC_NONE', 'SPC_NONE', 'UC_NONE', 'UC_NONE', 'TPC_NONE', 'UC_NONE', 'TPC_NONE', 'UC_NONE', 'UC_NONE', 'TPC_NONE', 'SPC_NONE', 'SPC_NONE', 'TPC_NONE', 'UC_MPOLY', 'SBX_NONE', 'UC_NONE']","{'SBX_MNUF': 1, 'TPC_MPOLY': 2, 'UC_NONE': 20, 'SPC_NONE': 12, 'UC_MPOLY': 3, 'TPC_NONE': 14, 'SBX_MPOLY': 2, 'NONE_MPOLY': 1, 'SPC_MPOLY': 2, 'SBX_NONE': 2}"
22,60,TPC,NONE,0.6820138605709879,0.0379959478886188,514761822.72,508018837.7071981,1450475.68,1066206.9850650472,0.7449374035249918,2.313205026782672e-05,0.0,0.0,GREEDY_HV,"['SPC_MBFLIP', 'SBX_MNUF', 'TPC_MPOLY', 'UC_NONE', 'UC_NONE', 'SPC_NONE', 'SPC_NONE', 'UC_MPOLY', 'UC_MPOLY', 'UC_NONE', 'TPC_NONE', 'SBX_MPOLY', 'UC_NONE', 'NONE_MPOLY', 'SPC_NONE', 'TPC_MPOLY', 'UC_NONE', 'TPC_NONE', 'SPC_NONE', 'SPC_NONE', 'UC_NONE', 'TPC_NONE', 'UC_NONE', 'SPC_MPOLY', 'TPC_NONE', 'SPC_MPOLY', 'UC_NONE', 'UC_NONE', 'UC_NONE', 'SPC_NONE', 'TPC_NONE', 'TPC_NONE', 'TPC_NONE', 'UC_NONE', 'TPC_NONE', 'SPC_NONE', 'UC_NONE', 'UC_NONE', 'TPC_NONE', 'SBX_NONE', 'SPC_NONE', 'SPC_NONE', 'SBX_MPOLY', 'TPC_NONE', 'UC_NONE', 'SPC_NONE', 'UC_NONE', 'UC_NONE', 'TPC_NONE', 'UC_NONE', 'TPC_NONE', 'UC_NONE', 'UC_NONE', 'TPC_NONE', 'SPC_NONE', 'SPC_NONE', 'TPC_NONE', 'UC_MPOLY', 'SBX_NONE', 'UC_NONE', 'TPC_NONE']","{'SBX_MNUF': 1, 'TPC_MPOLY': 2, 'UC_NONE': 20, 'SPC_NONE': 12, 'UC_MPOLY': 3, 'TPC_NONE': 15, 'SBX_MPOLY': 2, 'NONE_MPOLY': 1, 'SPC_MPOLY': 2, 'SBX_NONE': 2}"
22,61,TPC,NONE,0.6816813084456631,0.0378275175191813,505169809.92,496094315.1741088,1376044.96,1002719.7691432828,0.7449534441807142,1.6040655722360242e-05,0.0,0.0,GREEDY_HV,"['SPC_MBFLIP', 'SBX_MNUF', 'TPC_MPOLY', 'UC_NONE', 'UC_NONE', 'SPC_NONE', 'SPC_NONE', 'UC_MPOLY', 'UC_MPOLY', 'UC_NONE', 'TPC_NONE', 'SBX_MPOLY', 'UC_NONE', 'NONE_MPOLY', 'SPC_NONE', 'TPC_MPOLY', 'UC_NONE', 'TPC_NONE', 'SPC_NONE', 'SPC_NONE', 'UC_NONE', 'TPC_NONE', 'UC_NONE', 'SPC_MPOLY', 'TPC_NONE', 'SPC_MPOLY', 'UC_NONE', 'UC_NONE', 'UC_NONE', 'SPC_NONE', 'TPC_NONE', 'TPC_NONE', 'TPC_NONE', 'UC_NONE', 'TPC_NONE', 'SPC_NONE', 'UC_NONE', 'UC_NONE', 'TPC_NONE', 'SBX_NONE', 'SPC_NONE', 'SPC_NONE', 'SBX_MPOLY', 'TPC_NONE', 'UC_NONE', 'SPC_NONE', 'UC_NONE', 'UC_NONE', 'TPC_NONE', 'UC_NONE', 'TPC_NONE', 'UC_NONE', 'UC_NONE', 'TPC_NONE', 'SPC_NONE', 'SPC_NONE', 'TPC_NONE', 'UC_MPOLY', 'SBX_NONE', 'UC_NONE', 'TPC_NONE', 'TPC_NONE']","{'SBX_MNUF': 1, 'TPC_MPOLY': 2, 'UC_NONE': 20, 'SPC_NONE': 12, 'UC_MPOLY': 3, 'TPC_NONE': 16, 'SBX_MPOLY': 2, 'NONE_MPOLY': 1, 'SPC_MPOLY': 2, 'SBX_NONE': 2}"
22,62,UC,NONE,0.6834182848253189,0.0379731442412422,521228208.64,493173907.1415591,1415443.36,990800.9860695488,0.7449622837205692,8.839539854976763e-06,0.0,0.0,GREEDY_HV,"['SPC_MBFLIP', 'SBX_MNUF', 'TPC_MPOLY', 'UC_NONE', 'UC_NONE', 'SPC_NONE', 'SPC_NONE', 'UC_MPOLY', 'UC_MPOLY', 'UC_NONE', 'TPC_NONE', 'SBX_MPOLY', 'UC_NONE', 'NONE_MPOLY', 'SPC_NONE', 'TPC_MPOLY', 'UC_NONE', 'TPC_NONE', 'SPC_NONE', 'SPC_NONE', 'UC_NONE', 'TPC_NONE', 'UC_NONE', 'SPC_MPOLY', 'TPC_NONE', 'SPC_MPOLY', 'UC_NONE', 'UC_NONE', 'UC_NONE', 'SPC_NONE', 'TPC_NONE', 'TPC_NONE', 'TPC_NONE', 'UC_NONE', 'TPC_NONE', 'SPC_NONE', 'UC_NONE', 'UC_NONE', 'TPC_NONE', 'SBX_NONE', 'SPC_NONE', 'SPC_NONE', 'SBX_MPOLY', 'TPC_NONE', 'UC_NONE', 'SPC_NONE', 'UC_NONE', 'UC_NONE', 'TPC_NONE', 'UC_NONE', 'TPC_NONE', 'UC_NONE', 'UC_NONE', 'TPC_NONE', 'SPC_NONE', 'SPC_NONE', 'TPC_NONE', 'UC_MPOLY', 'SBX_NONE', 'UC_NONE', 'TPC_NONE', 'TPC_NONE', 'UC_NONE']","{'SBX_MNUF': 1, 'TPC_MPOLY': 2, 'UC_NONE': 21, 'SPC_NONE': 12, 'UC_MPOLY': 3, 'TPC_NONE': 16, 'SBX_MPOLY': 2, 'NONE_MPOLY': 1, 'SPC_MPOLY': 2, 'SBX_NONE': 2}"
22,63,SPC,NONE,0.6841948984256604,0.0379394418128665,518896391.68,482384806.0331854,1472583.84,1014231.8365524,0.7450354306388729,7.314691830373476e-05,0.01,0.0,GREEDY_HV,"['SPC_MBFLIP', 'SBX_MNUF', 'TPC_MPOLY', 'UC_NONE', 'UC_NONE', 'SPC_NONE', 'SPC_NONE', 'UC_MPOLY', 'UC_MPOLY', 'UC_NONE', 'TPC_NONE', 'SBX_MPOLY', 'UC_NONE', 'NONE_MPOLY', 'SPC_NONE', 'TPC_MPOLY', 'UC_NONE', 'TPC_NONE', 'SPC_NONE', 'SPC_NONE', 'UC_NONE', 'TPC_NONE', 'UC_NONE', 'SPC_MPOLY', 'TPC_NONE', 'SPC_MPOLY', 'UC_NONE', 'UC_NONE', 'UC_NONE', 'SPC_NONE', 'TPC_NONE', 'TPC_NONE', 'TPC_NONE', 'UC_NONE', 'TPC_NONE', 'SPC_NONE', 'UC_NONE', 'UC_NONE', 'TPC_NONE', 'SBX_NONE', 'SPC_NONE', 'SPC_NONE', 'SBX_MPOLY', 'TPC_NONE', 'UC_NONE', 'SPC_NONE', 'UC_NONE', 'UC_NONE', 'TPC_NONE', 'UC_NONE', 'TPC_NONE', 'UC_NONE', 'UC_NONE', 'TPC_NONE', 'SPC_NONE', 'SPC_NONE', 'TPC_NONE', 'UC_MPOLY', 'SBX_NONE', 'UC_NONE', 'TPC_NONE', 'TPC_NONE', 'UC_NONE', 'SPC_NONE']","{'SBX_MNUF': 1, 'TPC_MPOLY': 2, 'UC_NONE': 21, 'SPC_NONE': 13, 'UC_MPOLY': 3, 'TPC_NONE': 16, 'SBX_MPOLY': 2, 'NONE_MPOLY': 1, 'SPC_MPOLY': 2, 'SBX_NONE': 2}"
22,64,UC,NONE,0.6824932550836216,0.0378483779949749,504006330.88,482673636.8085248,1405774.24,1016724.013287904,0.7450555918514397,2.016121256676051e-05,0.01,0.0,GREEDY_HV,"['SPC_MBFLIP', 'SBX_MNUF', 'TPC_MPOLY', 'UC_NONE', 'UC_NONE', 'SPC_NONE', 'SPC_NONE', 'UC_MPOLY', 'UC_MPOLY', 'UC_NONE', 'TPC_NONE', 'SBX_MPOLY', 'UC_NONE', 'NONE_MPOLY', 'SPC_NONE', 'TPC_MPOLY', 'UC_NONE', 'TPC_NONE', 'SPC_NONE', 'SPC_NONE', 'UC_NONE', 'TPC_NONE', 'UC_NONE', 'SPC_MPOLY', 'TPC_NONE', 'SPC_MPOLY', 'UC_NONE', 'UC_NONE', 'UC_NONE', 'SPC_NONE', 'TPC_NONE', 'TPC_NONE', 'TPC_NONE', 'UC_NONE', 'TPC_NONE', 'SPC_NONE', 'UC_NONE', 'UC_NONE', 'TPC_NONE', 'SBX_NONE', 'SPC_NONE', 'SPC_NONE', 'SBX_MPOLY', 'TPC_NONE', 'UC_NONE', 'SPC_NONE', 'UC_NONE', 'UC_NONE', 'TPC_NONE', 'UC_NONE', 'TPC_NONE', 'UC_NONE', 'UC_NONE', 'TPC_NONE', 'SPC_NONE', 'SPC_NONE', 'TPC_NONE', 'UC_MPOLY', 'SBX_NONE', 'UC_NONE', 'TPC_NONE', 'TPC_NONE', 'UC_NONE', 'SPC_NONE', 'UC_NONE']","{'SBX_MNUF': 1, 'TPC_MPOLY': 2, 'UC_NONE': 22, 'SPC_NONE': 13, 'UC_MPOLY': 3, 'TPC_NONE': 16, 'SBX_MPOLY': 2, 'NONE_MPOLY': 1, 'SPC_MPOLY': 2, 'SBX_NONE': 2}"
22,65,TPC,NONE,0.6832407820438611,0.038163354452769,513060124.16,485935610.99190295,1454809.76,1045420.2845512142,0.7451098150162271,5.422316478742584e-05,0.01,0.0,GREEDY_HV,"['SPC_MBFLIP', 'SBX_MNUF', 'TPC_MPOLY', 'UC_NONE', 'UC_NONE', 'SPC_NONE', 'SPC_NONE', 'UC_MPOLY', 'UC_MPOLY', 'UC_NONE', 'TPC_NONE', 'SBX_MPOLY', 'UC_NONE', 'NONE_MPOLY', 'SPC_NONE', 'TPC_MPOLY', 'UC_NONE', 'TPC_NONE', 'SPC_NONE', 'SPC_NONE', 'UC_NONE', 'TPC_NONE', 'UC_NONE', 'SPC_MPOLY', 'TPC_NONE', 'SPC_MPOLY', 'UC_NONE', 'UC_NONE', 'UC_NONE', 'SPC_NONE', 'TPC_NONE', 'TPC_NONE', 'TPC_NONE', 'UC_NONE', 'TPC_NONE', 'SPC_NONE', 'UC_NONE', 'UC_NONE', 'TPC_NONE', 'SBX_NONE', 'SPC_NONE', 'SPC_NONE', 'SBX_MPOLY', 'TPC_NONE', 'UC_NONE', 'SPC_NONE', 'UC_NONE', 'UC_NONE', 'TPC_NONE', 'UC_NONE', 'TPC_NONE', 'UC_NONE', 'UC_NONE', 'TPC_NONE', 'SPC_NONE', 'SPC_NONE', 'TPC_NONE', 'UC_MPOLY', 'SBX_NONE', 'UC_NONE', 'TPC_NONE', 'TPC_NONE', 'UC_NONE', 'SPC_NONE', 'UC_NONE', 'TPC_NONE']","{'SBX_MNUF': 1, 'TPC_MPOLY': 2, 'UC_NONE': 22, 'SPC_NONE': 13, 'UC_MPOLY': 3, 'TPC_NONE': 17, 'SBX_MPOLY': 2, 'NONE_MPOLY': 1, 'SPC_MPOLY': 2, 'SBX_NONE': 2}"
22,66,UC,NONE,0.6838764183874505,0.0381616524237958,506092244.48,466829477.3668395,1490292.64,1052574.1874642707,0.7451790514687014,6.923645247436383e-05,0.0,0.0,GREEDY_HV,"['SPC_MBFLIP', 'SBX_MNUF', 'TPC_MPOLY', 'UC_NONE', 'UC_NONE', 'SPC_NONE', 'SPC_NONE', 'UC_MPOLY', 'UC_MPOLY', 'UC_NONE', 'TPC_NONE', 'SBX_MPOLY', 'UC_NONE', 'NONE_MPOLY', 'SPC_NONE', 'TPC_MPOLY', 'UC_NONE', 'TPC_NONE', 'SPC_NONE', 'SPC_NONE', 'UC_NONE', 'TPC_NONE', 'UC_NONE', 'SPC_MPOLY', 'TPC_NONE', 'SPC_MPOLY', 'UC_NONE', 'UC_NONE', 'UC_NONE', 'SPC_NONE', 'TPC_NONE', 'TPC_NONE', 'TPC_NONE', 'UC_NONE', 'TPC_NONE', 'SPC_NONE', 'UC_NONE', 'UC_NONE', 'TPC_NONE', 'SBX_NONE', 'SPC_NONE', 'SPC_NONE', 'SBX_MPOLY', 'TPC_NONE', 'UC_NONE', 'SPC_NONE', 'UC_NONE', 'UC_NONE', 'TPC_NONE', 'UC_NONE', 'TPC_NONE', 'UC_NONE', 'UC_NONE', 'TPC_NONE', 'SPC_NONE', 'SPC_NONE', 'TPC_NONE', 'UC_MPOLY', 'SBX_NONE', 'UC_NONE', 'TPC_NONE', 'TPC_NONE', 'UC_NONE', 'SPC_NONE', 'UC_NONE', 'TPC_NONE', 'UC_NONE']","{'SBX_MNUF': 1, 'TPC_MPOLY': 2, 'UC_NONE': 23, 'SPC_NONE': 13, 'UC_MPOLY': 3, 'TPC_NONE': 17, 'SBX_MPOLY': 2, 'NONE_MPOLY': 1, 'SPC_MPOLY': 2, 'SBX_NONE': 2}"
22,67,UC,NONE,0.6841069618079436,0.0383839336546922,513717122.56,465155116.8370709,1520720.8,1080458.298086215,0.7451890703725367,1.0018903835229407e-05,0.0,0.0,GREEDY_HV,"['SPC_MBFLIP', 'SBX_MNUF', 'TPC_MPOLY', 'UC_NONE', 'UC_NONE', 'SPC_NONE', 'SPC_NONE', 'UC_MPOLY', 'UC_MPOLY', 'UC_NONE', 'TPC_NONE', 'SBX_MPOLY', 'UC_NONE', 'NONE_MPOLY', 'SPC_NONE', 'TPC_MPOLY', 'UC_NONE', 'TPC_NONE', 'SPC_NONE', 'SPC_NONE', 'UC_NONE', 'TPC_NONE', 'UC_NONE', 'SPC_MPOLY', 'TPC_NONE', 'SPC_MPOLY', 'UC_NONE', 'UC_NONE', 'UC_NONE', 'SPC_NONE', 'TPC_NONE', 'TPC_NONE', 'TPC_NONE', 'UC_NONE', 'TPC_NONE', 'SPC_NONE', 'UC_NONE', 'UC_NONE', 'TPC_NONE', 'SBX_NONE', 'SPC_NONE', 'SPC_NONE', 'SBX_MPOLY', 'TPC_NONE', 'UC_NONE', 'SPC_NONE', 'UC_NONE', 'UC_NONE', 'TPC_NONE', 'UC_NONE', 'TPC_NONE', 'UC_NONE', 'UC_NONE', 'TPC_NONE', 'SPC_NONE', 'SPC_NONE', 'TPC_NONE', 'UC_MPOLY', 'SBX_NONE', 'UC_NONE', 'TPC_NONE', 'TPC_NONE', 'UC_NONE', 'SPC_NONE', 'UC_NONE', 'TPC_NONE', 'UC_NONE', 'UC_NONE']","{'SBX_MNUF': 1, 'TPC_MPOLY': 2, 'UC_NONE': 24, 'SPC_NONE': 13, 'UC_MPOLY': 3, 'TPC_NONE': 17, 'SBX_MPOLY': 2, 'NONE_MPOLY': 1, 'SPC_MPOLY': 2, 'SBX_NONE': 2}"
22,68,SPC,NONE,0.6838762535611109,0.0379902755762272,516191454.72,466923870.3541056,1520725.92,1099944.1906244487,0.7451977300933343,8.659720797665749e-06,0.0,0.0,GREEDY_HV,"['SPC_MBFLIP', 'SBX_MNUF', 'TPC_MPOLY', 'UC_NONE', 'UC_NONE', 'SPC_NONE', 'SPC_NONE', 'UC_MPOLY', 'UC_MPOLY', 'UC_NONE', 'TPC_NONE', 'SBX_MPOLY', 'UC_NONE', 'NONE_MPOLY', 'SPC_NONE', 'TPC_MPOLY', 'UC_NONE', 'TPC_NONE', 'SPC_NONE', 'SPC_NONE', 'UC_NONE', 'TPC_NONE', 'UC_NONE', 'SPC_MPOLY', 'TPC_NONE', 'SPC_MPOLY', 'UC_NONE', 'UC_NONE', 'UC_NONE', 'SPC_NONE', 'TPC_NONE', 'TPC_NONE', 'TPC_NONE', 'UC_NONE', 'TPC_NONE', 'SPC_NONE', 'UC_NONE', 'UC_NONE', 'TPC_NONE', 'SBX_NONE', 'SPC_NONE', 'SPC_NONE', 'SBX_MPOLY', 'TPC_NONE', 'UC_NONE', 'SPC_NONE', 'UC_NONE', 'UC_NONE', 'TPC_NONE', 'UC_NONE', 'TPC_NONE', 'UC_NONE', 'UC_NONE', 'TPC_NONE', 'SPC_NONE', 'SPC_NONE', 'TPC_NONE', 'UC_MPOLY', 'SBX_NONE', 'UC_NONE', 'TPC_NONE', 'TPC_NONE', 'UC_NONE', 'SPC_NONE', 'UC_NONE', 'TPC_NONE', 'UC_NONE', 'UC_NONE', 'SPC_NONE']","{'SBX_MNUF': 1, 'TPC_MPOLY': 2, 'UC_NONE': 24, 'SPC_NONE': 14, 'UC_MPOLY': 3, 'TPC_NONE': 17, 'SBX_MPOLY': 2, 'NONE_MPOLY': 1, 'SPC_MPOLY': 2, 'SBX_NONE': 2}"
22,69,SPC,NONE,0.6832221729979078,0.0380500305112885,505803998.72,457605392.8723705,1489724.32,1084362.3380407386,0.7451999972511612,2.26715782680742e-06,0.0,0.0,GREEDY_HV,"['SPC_MBFLIP', 'SBX_MNUF', 'TPC_MPOLY', 'UC_NONE', 'UC_NONE', 'SPC_NONE', 'SPC_NONE', 'UC_MPOLY', 'UC_MPOLY', 'UC_NONE', 'TPC_NONE', 'SBX_MPOLY', 'UC_NONE', 'NONE_MPOLY', 'SPC_NONE', 'TPC_MPOLY', 'UC_NONE', 'TPC_NONE', 'SPC_NONE', 'SPC_NONE', 'UC_NONE', 'TPC_NONE', 'UC_NONE', 'SPC_MPOLY', 'TPC_NONE', 'SPC_MPOLY', 'UC_NONE', 'UC_NONE', 'UC_NONE', 'SPC_NONE', 'TPC_NONE', 'TPC_NONE', 'TPC_NONE', 'UC_NONE', 'TPC_NONE', 'SPC_NONE', 'UC_NONE', 'UC_NONE', 'TPC_NONE', 'SBX_NONE', 'SPC_NONE', 'SPC_NONE', 'SBX_MPOLY', 'TPC_NONE', 'UC_NONE', 'SPC_NONE', 'UC_NONE', 'UC_NONE', 'TPC_NONE', 'UC_NONE', 'TPC_NONE', 'UC_NONE', 'UC_NONE', 'TPC_NONE', 'SPC_NONE', 'SPC_NONE', 'TPC_NONE', 'UC_MPOLY', 'SBX_NONE', 'UC_NONE', 'TPC_NONE', 'TPC_NONE', 'UC_NONE', 'SPC_NONE', 'UC_NONE', 'TPC_NONE', 'UC_NONE', 'UC_NONE', 'SPC_NONE', 'SPC_NONE']","{'SBX_MNUF': 1, 'TPC_MPOLY': 2, 'UC_NONE': 24, 'SPC_NONE': 15, 'UC_MPOLY': 3, 'TPC_NONE': 17, 'SBX_MPOLY': 2, 'NONE_MPOLY': 1, 'SPC_MPOLY': 2, 'SBX_NONE': 2}"
22,70,NONE,MPOLY,0.6841956023337853,0.0383347670008976,514506432.0,448223166.94986695,1519113.12,1085211.9309518968,0.7451760644804265,-2.3932770734647058e-05,0.0,0.0,GREEDY_HV,"['SPC_MBFLIP', 'SBX_MNUF', 'TPC_MPOLY', 'UC_NONE', 'UC_NONE', 'SPC_NONE', 'SPC_NONE', 'UC_MPOLY', 'UC_MPOLY', 'UC_NONE', 'TPC_NONE', 'SBX_MPOLY', 'UC_NONE', 'NONE_MPOLY', 'SPC_NONE', 'TPC_MPOLY', 'UC_NONE', 'TPC_NONE', 'SPC_NONE', 'SPC_NONE', 'UC_NONE', 'TPC_NONE', 'UC_NONE', 'SPC_MPOLY', 'TPC_NONE', 'SPC_MPOLY', 'UC_NONE', 'UC_NONE', 'UC_NONE', 'SPC_NONE', 'TPC_NONE', 'TPC_NONE', 'TPC_NONE', 'UC_NONE', 'TPC_NONE', 'SPC_NONE', 'UC_NONE', 'UC_NONE', 'TPC_NONE', 'SBX_NONE', 'SPC_NONE', 'SPC_NONE', 'SBX_MPOLY', 'TPC_NONE', 'UC_NONE', 'SPC_NONE', 'UC_NONE', 'UC_NONE', 'TPC_NONE', 'UC_NONE', 'TPC_NONE', 'UC_NONE', 'UC_NONE', 'TPC_NONE', 'SPC_NONE', 'SPC_NONE', 'TPC_NONE', 'UC_MPOLY', 'SBX_NONE', 'UC_NONE', 'TPC_NONE', 'TPC_NONE', 'UC_NONE', 'SPC_NONE', 'UC_NONE', 'TPC_NONE', 'UC_NONE', 'UC_NONE', 'SPC_NONE', 'SPC_NONE', 'NONE_MPOLY']","{'SBX_MNUF': 1, 'TPC_MPOLY': 2, 'UC_NONE': 24, 'SPC_NONE': 15, 'UC_MPOLY': 3, 'TPC_NONE': 17, 'SBX_MPOLY': 2, 'NONE_MPOLY': 2, 'SPC_MPOLY': 2, 'SBX_NONE': 2}"
22,71,TPC,NONE,0.6860283535330128,0.0383889856839887,543687749.12,459519673.40094215,1610990.24,1114425.3843334797,0.7452223213035332,4.625682310666068e-05,0.0,0.0,GREEDY_HV,"['SPC_MBFLIP', 'SBX_MNUF', 'TPC_MPOLY', 'UC_NONE', 'UC_NONE', 'SPC_NONE', 'SPC_NONE', 'UC_MPOLY', 'UC_MPOLY', 'UC_NONE', 'TPC_NONE', 'SBX_MPOLY', 'UC_NONE', 'NONE_MPOLY', 'SPC_NONE', 'TPC_MPOLY', 'UC_NONE', 'TPC_NONE', 'SPC_NONE', 'SPC_NONE', 'UC_NONE', 'TPC_NONE', 'UC_NONE', 'SPC_MPOLY', 'TPC_NONE', 'SPC_MPOLY', 'UC_NONE', 'UC_NONE', 'UC_NONE', 'SPC_NONE', 'TPC_NONE', 'TPC_NONE', 'TPC_NONE', 'UC_NONE', 'TPC_NONE', 'SPC_NONE', 'UC_NONE', 'UC_NONE', 'TPC_NONE', 'SBX_NONE', 'SPC_NONE', 'SPC_NONE', 'SBX_MPOLY', 'TPC_NONE', 'UC_NONE', 'SPC_NONE', 'UC_NONE', 'UC_NONE', 'TPC_NONE', 'UC_NONE', 'TPC_NONE', 'UC_NONE', 'UC_NONE', 'TPC_NONE', 'SPC_NONE', 'SPC_NONE', 'TPC_NONE', 'UC_MPOLY', 'SBX_NONE', 'UC_NONE', 'TPC_NONE', 'TPC_NONE', 'UC_NONE', 'SPC_NONE', 'UC_NONE', 'TPC_NONE', 'UC_NONE', 'UC_NONE', 'SPC_NONE', 'SPC_NONE', 'NONE_MPOLY', 'TPC_NONE']","{'SBX_MNUF': 1, 'TPC_MPOLY': 2, 'UC_NONE': 24, 'SPC_NONE': 15, 'UC_MPOLY': 3, 'TPC_NONE': 18, 'SBX_MPOLY': 2, 'NONE_MPOLY': 2, 'SPC_MPOLY': 2, 'SBX_NONE': 2}"
22,72,SPC,NONE,0.6864023016249768,0.0382334188819057,541564684.8,457425092.1632933,1596496.8,1115091.721636996,0.7452216297268192,-6.915767140069917e-07,0.01,0.0,GREEDY_HV,"['SPC_MBFLIP', 'SBX_MNUF', 'TPC_MPOLY', 'UC_NONE', 'UC_NONE', 'SPC_NONE', 'SPC_NONE', 'UC_MPOLY', 'UC_MPOLY', 'UC_NONE', 'TPC_NONE', 'SBX_MPOLY', 'UC_NONE', 'NONE_MPOLY', 'SPC_NONE', 'TPC_MPOLY', 'UC_NONE', 'TPC_NONE', 'SPC_NONE', 'SPC_NONE', 'UC_NONE', 'TPC_NONE', 'UC_NONE', 'SPC_MPOLY', 'TPC_NONE', 'SPC_MPOLY', 'UC_NONE', 'UC_NONE', 'UC_NONE', 'SPC_NONE', 'TPC_NONE', 'TPC_NONE', 'TPC_NONE', 'UC_NONE', 'TPC_NONE', 'SPC_NONE', 'UC_NONE', 'UC_NONE', 'TPC_NONE', 'SBX_NONE', 'SPC_NONE', 'SPC_NONE', 'SBX_MPOLY', 'TPC_NONE', 'UC_NONE', 'SPC_NONE', 'UC_NONE', 'UC_NONE', 'TPC_NONE', 'UC_NONE', 'TPC_NONE', 'UC_NONE', 'UC_NONE', 'TPC_NONE', 'SPC_NONE', 'SPC_NONE', 'TPC_NONE', 'UC_MPOLY', 'SBX_NONE', 'UC_NONE', 'TPC_NONE', 'TPC_NONE', 'UC_NONE', 'SPC_NONE', 'UC_NONE', 'TPC_NONE', 'UC_NONE', 'UC_NONE', 'SPC_NONE', 'SPC_NONE', 'NONE_MPOLY', 'TPC_NONE', 'SPC_NONE']","{'SBX_MNUF': 1, 'TPC_MPOLY': 2, 'UC_NONE': 24, 'SPC_NONE': 16, 'UC_MPOLY': 3, 'TPC_NONE': 18, 'SBX_MPOLY': 2, 'NONE_MPOLY': 2, 'SPC_MPOLY': 2, 'SBX_NONE': 2}"
22,73,UC,NONE,0.6850852039363194,0.0384286645543028,546809966.08,460398391.978055,1570936.48,1137552.7600297446,0.7451807515236393,-4.0878203179883776e-05,0.0,0.0,GREEDY_HV,"['SPC_MBFLIP', 'SBX_MNUF', 'TPC_MPOLY', 'UC_NONE', 'UC_NONE', 'SPC_NONE', 'SPC_NONE', 'UC_MPOLY', 'UC_MPOLY', 'UC_NONE', 'TPC_NONE', 'SBX_MPOLY', 'UC_NONE', 'NONE_MPOLY', 'SPC_NONE', 'TPC_MPOLY', 'UC_NONE', 'TPC_NONE', 'SPC_NONE', 'SPC_NONE', 'UC_NONE', 'TPC_NONE', 'UC_NONE', 'SPC_MPOLY', 'TPC_NONE', 'SPC_MPOLY', 'UC_NONE', 'UC_NONE', 'UC_NONE', 'SPC_NONE', 'TPC_NONE', 'TPC_NONE', 'TPC_NONE', 'UC_NONE', 'TPC_NONE', 'SPC_NONE', 'UC_NONE', 'UC_NONE', 'TPC_NONE', 'SBX_NONE', 'SPC_NONE', 'SPC_NONE', 'SBX_MPOLY', 'TPC_NONE', 'UC_NONE', 'SPC_NONE', 'UC_NONE', 'UC_NONE', 'TPC_NONE', 'UC_NONE', 'TPC_NONE', 'UC_NONE', 'UC_NONE', 'TPC_NONE', 'SPC_NONE', 'SPC_NONE', 'TPC_NONE', 'UC_MPOLY', 'SBX_NONE', 'UC_NONE', 'TPC_NONE', 'TPC_NONE', 'UC_NONE', 'SPC_NONE', 'UC_NONE', 'TPC_NONE', 'UC_NONE', 'UC_NONE', 'SPC_NONE', 'SPC_NONE', 'NONE_MPOLY', 'TPC_NONE', 'SPC_NONE', 'UC_NONE']","{'SBX_MNUF': 1, 'TPC_MPOLY': 2, 'UC_NONE': 25, 'SPC_NONE': 16, 'UC_MPOLY': 3, 'TPC_NONE': 18, 'SBX_MPOLY': 2, 'NONE_MPOLY': 2, 'SPC_MPOLY': 2, 'SBX_NONE': 2}"
22,74,UC,NONE,0.6856348515514568,0.038331933394191,542530823.68,457047203.49110025,1572807.84,1122150.7609369317,0.7451524798061909,-2.827171744834711e-05,0.0,0.0,GREEDY_HV,"['SPC_MBFLIP', 'SBX_MNUF', 'TPC_MPOLY', 'UC_NONE', 'UC_NONE', 'SPC_NONE', 'SPC_NONE', 'UC_MPOLY', 'UC_MPOLY', 'UC_NONE', 'TPC_NONE', 'SBX_MPOLY', 'UC_NONE', 'NONE_MPOLY', 'SPC_NONE', 'TPC_MPOLY', 'UC_NONE', 'TPC_NONE', 'SPC_NONE', 'SPC_NONE', 'UC_NONE', 'TPC_NONE', 'UC_NONE', 'SPC_MPOLY', 'TPC_NONE', 'SPC_MPOLY', 'UC_NONE', 'UC_NONE', 'UC_NONE', 'SPC_NONE', 'TPC_NONE', 'TPC_NONE', 'TPC_NONE', 'UC_NONE', 'TPC_NONE', 'SPC_NONE', 'UC_NONE', 'UC_NONE', 'TPC_NONE', 'SBX_NONE', 'SPC_NONE', 'SPC_NONE', 'SBX_MPOLY', 'TPC_NONE', 'UC_NONE', 'SPC_NONE', 'UC_NONE', 'UC_NONE', 'TPC_NONE', 'UC_NONE', 'TPC_NONE', 'UC_NONE', 'UC_NONE', 'TPC_NONE', 'SPC_NONE', 'SPC_NONE', 'TPC_NONE', 'UC_MPOLY', 'SBX_NONE', 'UC_NONE', 'TPC_NONE', 'TPC_NONE', 'UC_NONE', 'SPC_NONE', 'UC_NONE', 'TPC_NONE', 'UC_NONE', 'UC_NONE', 'SPC_NONE', 'SPC_NONE', 'NONE_MPOLY', 'TPC_NONE', 'SPC_NONE', 'UC_NONE', 'UC_NONE']","{'SBX_MNUF': 1, 'TPC_MPOLY': 2, 'UC_NONE': 26, 'SPC_NONE': 16, 'UC_MPOLY': 3, 'TPC_NONE': 18, 'SBX_MPOLY': 2, 'NONE_MPOLY': 2, 'SPC_MPOLY': 2, 'SBX_NONE': 2}"
22,75,SPC,NONE,0.6862297003774114,0.0387137670368834,564607086.08,463945480.13508666,1588417.44,1083831.1775034368,0.7451919082023966,3.942839620563188e-05,0.0,0.0,GREEDY_HV,"['SPC_MBFLIP', 'SBX_MNUF', 'TPC_MPOLY', 'UC_NONE', 'UC_NONE', 'SPC_NONE', 'SPC_NONE', 'UC_MPOLY', 'UC_MPOLY', 'UC_NONE', 'TPC_NONE', 'SBX_MPOLY', 'UC_NONE', 'NONE_MPOLY', 'SPC_NONE', 'TPC_MPOLY', 'UC_NONE', 'TPC_NONE', 'SPC_NONE', 'SPC_NONE', 'UC_NONE', 'TPC_NONE', 'UC_NONE', 'SPC_MPOLY', 'TPC_NONE', 'SPC_MPOLY', 'UC_NONE', 'UC_NONE', 'UC_NONE', 'SPC_NONE', 'TPC_NONE', 'TPC_NONE', 'TPC_NONE', 'UC_NONE', 'TPC_NONE', 'SPC_NONE', 'UC_NONE', 'UC_NONE', 'TPC_NONE', 'SBX_NONE', 'SPC_NONE', 'SPC_NONE', 'SBX_MPOLY', 'TPC_NONE', 'UC_NONE', 'SPC_NONE', 'UC_NONE', 'UC_NONE', 'TPC_NONE', 'UC_NONE', 'TPC_NONE', 'UC_NONE', 'UC_NONE', 'TPC_NONE', 'SPC_NONE', 'SPC_NONE', 'TPC_NONE', 'UC_MPOLY', 'SBX_NONE', 'UC_NONE', 'TPC_NONE', 'TPC_NONE', 'UC_NONE', 'SPC_NONE', 'UC_NONE', 'TPC_NONE', 'UC_NONE', 'UC_NONE', 'SPC_NONE', 'SPC_NONE', 'NONE_MPOLY', 'TPC_NONE', 'SPC_NONE', 'UC_NONE', 'UC_NONE', 'SPC_NONE']","{'SBX_MNUF': 1, 'TPC_MPOLY': 2, 'UC_NONE': 26, 'SPC_NONE': 17, 'UC_MPOLY': 3, 'TPC_NONE': 18, 'SBX_MPOLY': 2, 'NONE_MPOLY': 2, 'SPC_MPOLY': 2, 'SBX_NONE': 2}"
22,76,UC,NONE,0.6873353649333541,0.0384673026913838,574684234.24,463743042.52277327,1613237.92,1080201.134089311,0.7452131529548698,2.124475247322621e-05,0.01,0.0,GREEDY_HV,"['SPC_MBFLIP', 'SBX_MNUF', 'TPC_MPOLY', 'UC_NONE', 'UC_NONE', 'SPC_NONE', 'SPC_NONE', 'UC_MPOLY', 'UC_MPOLY', 'UC_NONE', 'TPC_NONE', 'SBX_MPOLY', 'UC_NONE', 'NONE_MPOLY', 'SPC_NONE', 'TPC_MPOLY', 'UC_NONE', 'TPC_NONE', 'SPC_NONE', 'SPC_NONE', 'UC_NONE', 'TPC_NONE', 'UC_NONE', 'SPC_MPOLY', 'TPC_NONE', 'SPC_MPOLY', 'UC_NONE', 'UC_NONE', 'UC_NONE', 'SPC_NONE', 'TPC_NONE', 'TPC_NONE', 'TPC_NONE', 'UC_NONE', 'TPC_NONE', 'SPC_NONE', 'UC_NONE', 'UC_NONE', 'TPC_NONE', 'SBX_NONE', 'SPC_NONE', 'SPC_NONE', 'SBX_MPOLY', 'TPC_NONE', 'UC_NONE', 'SPC_NONE', 'UC_NONE', 'UC_NONE', 'TPC_NONE', 'UC_NONE', 'TPC_NONE', 'UC_NONE', 'UC_NONE', 'TPC_NONE', 'SPC_NONE', 'SPC_NONE', 'TPC_NONE', 'UC_MPOLY', 'SBX_NONE', 'UC_NONE', 'TPC_NONE', 'TPC_NONE', 'UC_NONE', 'SPC_NONE', 'UC_NONE', 'TPC_NONE', 'UC_NONE', 'UC_NONE', 'SPC_NONE', 'SPC_NONE', 'NONE_MPOLY', 'TPC_NONE', 'SPC_NONE', 'UC_NONE', 'UC_NONE', 'SPC_NONE', 'UC_NONE']","{'SBX_MNUF': 1, 'TPC_MPOLY': 2, 'UC_NONE': 27, 'SPC_NONE': 17, 'UC_MPOLY': 3, 'TPC_NONE': 18, 'SBX_MPOLY': 2, 'NONE_MPOLY': 2, 'SPC_MPOLY': 2, 'SBX_NONE': 2}"
22,77,TPC,NONE,0.6857321008300847,0.0387967610188464,553393594.88,461107756.68126553,1558571.68,1104273.6772445757,0.7452381301977985,2.4977242928714283e-05,0.0,0.0,GREEDY_HV,"['SPC_MBFLIP', 'SBX_MNUF', 'TPC_MPOLY', 'UC_NONE', 'UC_NONE', 'SPC_NONE', 'SPC_NONE', 'UC_MPOLY', 'UC_MPOLY', 'UC_NONE', 'TPC_NONE', 'SBX_MPOLY', 'UC_NONE', 'NONE_MPOLY', 'SPC_NONE', 'TPC_MPOLY', 'UC_NONE', 'TPC_NONE', 'SPC_NONE', 'SPC_NONE', 'UC_NONE', 'TPC_NONE', 'UC_NONE', 'SPC_MPOLY', 'TPC_NONE', 'SPC_MPOLY', 'UC_NONE', 'UC_NONE', 'UC_NONE', 'SPC_NONE', 'TPC_NONE', 'TPC_NONE', 'TPC_NONE', 'UC_NONE', 'TPC_NONE', 'SPC_NONE', 'UC_NONE', 'UC_NONE', 'TPC_NONE', 'SBX_NONE', 'SPC_NONE', 'SPC_NONE', 'SBX_MPOLY', 'TPC_NONE', 'UC_NONE', 'SPC_NONE', 'UC_NONE', 'UC_NONE', 'TPC_NONE', 'UC_NONE', 'TPC_NONE', 'UC_NONE', 'UC_NONE', 'TPC_NONE', 'SPC_NONE', 'SPC_NONE', 'TPC_NONE', 'UC_MPOLY', 'SBX_NONE', 'UC_NONE', 'TPC_NONE', 'TPC_NONE', 'UC_NONE', 'SPC_NONE', 'UC_NONE', 'TPC_NONE', 'UC_NONE', 'UC_NONE', 'SPC_NONE', 'SPC_NONE', 'NONE_MPOLY', 'TPC_NONE', 'SPC_NONE', 'UC_NONE', 'UC_NONE', 'SPC_NONE', 'UC_NONE', 'TPC_NONE']","{'SBX_MNUF': 1, 'TPC_MPOLY': 2, 'UC_NONE': 27, 'SPC_NONE': 17, 'UC_MPOLY': 3, 'TPC_NONE': 19, 'SBX_MPOLY': 2, 'NONE_MPOLY': 2, 'SPC_MPOLY': 2, 'SBX_NONE': 2}"
22,78,SPC,NONE,0.6839802574660019,0.0386171368436888,537526566.4,478517643.9673348,1514488.48,1095672.9266642714,0.7452348629488531,-3.26724894539332e-06,0.0,0.0,GREEDY_HV,"['SPC_MBFLIP', 'SBX_MNUF', 'TPC_MPOLY', 'UC_NONE', 'UC_NONE', 'SPC_NONE', 'SPC_NONE', 'UC_MPOLY', 'UC_MPOLY', 'UC_NONE', 'TPC_NONE', 'SBX_MPOLY', 'UC_NONE', 'NONE_MPOLY', 'SPC_NONE', 'TPC_MPOLY', 'UC_NONE', 'TPC_NONE', 'SPC_NONE', 'SPC_NONE', 'UC_NONE', 'TPC_NONE', 'UC_NONE', 'SPC_MPOLY', 'TPC_NONE', 'SPC_MPOLY', 'UC_NONE', 'UC_NONE', 'UC_NONE', 'SPC_NONE', 'TPC_NONE', 'TPC_NONE', 'TPC_NONE', 'UC_NONE', 'TPC_NONE', 'SPC_NONE', 'UC_NONE', 'UC_NONE', 'TPC_NONE', 'SBX_NONE', 'SPC_NONE', 'SPC_NONE', 'SBX_MPOLY', 'TPC_NONE', 'UC_NONE', 'SPC_NONE', 'UC_NONE', 'UC_NONE', 'TPC_NONE', 'UC_NONE', 'TPC_NONE', 'UC_NONE', 'UC_NONE', 'TPC_NONE', 'SPC_NONE', 'SPC_NONE', 'TPC_NONE', 'UC_MPOLY', 'SBX_NONE', 'UC_NONE', 'TPC_NONE', 'TPC_NONE', 'UC_NONE', 'SPC_NONE', 'UC_NONE', 'TPC_NONE', 'UC_NONE', 'UC_NONE', 'SPC_NONE', 'SPC_NONE', 'NONE_MPOLY', 'TPC_NONE', 'SPC_NONE', 'UC_NONE', 'UC_NONE', 'SPC_NONE', 'UC_NONE', 'TPC_NONE', 'SPC_NONE']","{'SBX_MNUF': 1, 'TPC_MPOLY': 2, 'UC_NONE': 27, 'SPC_NONE': 18, 'UC_MPOLY': 3, 'TPC_NONE': 19, 'SBX_MPOLY': 2, 'NONE_MPOLY': 2, 'SPC_MPOLY': 2, 'SBX_NONE': 2}"
22,79,UC,NONE,0.6851425045238728,0.0386089310846584,562085260.8,480042015.59927726,1580660.64,1116879.0738629096,0.7452110668663133,-2.3796082539773167e-05,0.0,0.0,GREEDY_HV,"['SPC_MBFLIP', 'SBX_MNUF', 'TPC_MPOLY', 'UC_NONE', 'UC_NONE', 'SPC_NONE', 'SPC_NONE', 'UC_MPOLY', 'UC_MPOLY', 'UC_NONE', 'TPC_NONE', 'SBX_MPOLY', 'UC_NONE', 'NONE_MPOLY', 'SPC_NONE', 'TPC_MPOLY', 'UC_NONE', 'TPC_NONE', 'SPC_NONE', 'SPC_NONE', 'UC_NONE', 'TPC_NONE', 'UC_NONE', 'SPC_MPOLY', 'TPC_NONE', 'SPC_MPOLY', 'UC_NONE', 'UC_NONE', 'UC_NONE', 'SPC_NONE', 'TPC_NONE', 'TPC_NONE', 'TPC_NONE', 'UC_NONE', 'TPC_NONE', 'SPC_NONE', 'UC_NONE', 'UC_NONE', 'TPC_NONE', 'SBX_NONE', 'SPC_NONE', 'SPC_NONE', 'SBX_MPOLY', 'TPC_NONE', 'UC_NONE', 'SPC_NONE', 'UC_NONE', 'UC_NONE', 'TPC_NONE', 'UC_NONE', 'TPC_NONE', 'UC_NONE', 'UC_NONE', 'TPC_NONE', 'SPC_NONE', 'SPC_NONE', 'TPC_NONE', 'UC_MPOLY', 'SBX_NONE', 'UC_NONE', 'TPC_NONE', 'TPC_NONE', 'UC_NONE', 'SPC_NONE', 'UC_NONE', 'TPC_NONE', 'UC_NONE', 'UC_NONE', 'SPC_NONE', 'SPC_NONE', 'NONE_MPOLY', 'TPC_NONE', 'SPC_NONE', 'UC_NONE', 'UC_NONE', 'SPC_NONE', 'UC_NONE', 'TPC_NONE', 'SPC_NONE', 'UC_NONE']","{'SBX_MNUF': 1, 'TPC_MPOLY': 2, 'UC_NONE': 28, 'SPC_NONE': 18, 'UC_MPOLY': 3, 'TPC_NONE': 19, 'SBX_MPOLY': 2, 'NONE_MPOLY': 2, 'SPC_MPOLY': 2, 'SBX_NONE': 2}"
22,80,UC,NONE,0.6868960053146309,0.0383558294364029,568740759.04,474461695.07780695,1645588.64,1114806.3364732328,0.7452282997702333,1.7232903919972564e-05,0.0,0.0,GREEDY_HV,"['SPC_MBFLIP', 'SBX_MNUF', 'TPC_MPOLY', 'UC_NONE', 'UC_NONE', 'SPC_NONE', 'SPC_NONE', 'UC_MPOLY', 'UC_MPOLY', 'UC_NONE', 'TPC_NONE', 'SBX_MPOLY', 'UC_NONE', 'NONE_MPOLY', 'SPC_NONE', 'TPC_MPOLY', 'UC_NONE', 'TPC_NONE', 'SPC_NONE', 'SPC_NONE', 'UC_NONE', 'TPC_NONE', 'UC_NONE', 'SPC_MPOLY', 'TPC_NONE', 'SPC_MPOLY', 'UC_NONE', 'UC_NONE', 'UC_NONE', 'SPC_NONE', 'TPC_NONE', 'TPC_NONE', 'TPC_NONE', 'UC_NONE', 'TPC_NONE', 'SPC_NONE', 'UC_NONE', 'UC_NONE', 'TPC_NONE', 'SBX_NONE', 'SPC_NONE', 'SPC_NONE', 'SBX_MPOLY', 'TPC_NONE', 'UC_NONE', 'SPC_NONE', 'UC_NONE', 'UC_NONE', 'TPC_NONE', 'UC_NONE', 'TPC_NONE', 'UC_NONE', 'UC_NONE', 'TPC_NONE', 'SPC_NONE', 'SPC_NONE', 'TPC_NONE', 'UC_MPOLY', 'SBX_NONE', 'UC_NONE', 'TPC_NONE', 'TPC_NONE', 'UC_NONE', 'SPC_NONE', 'UC_NONE', 'TPC_NONE', 'UC_NONE', 'UC_NONE', 'SPC_NONE', 'SPC_NONE', 'NONE_MPOLY', 'TPC_NONE', 'SPC_NONE', 'UC_NONE', 'UC_NONE', 'SPC_NONE', 'UC_NONE', 'TPC_NONE', 'SPC_NONE', 'UC_NONE', 'UC_NONE']","{'SBX_MNUF': 1, 'TPC_MPOLY': 2, 'UC_NONE': 29, 'SPC_NONE': 18, 'UC_MPOLY': 3, 'TPC_NONE': 19, 'SBX_MPOLY': 2, 'NONE_MPOLY': 2, 'SPC_MPOLY': 2, 'SBX_NONE': 2}"
22,81,UC,NONE,0.6853464147402886,0.0381437265033935,551739445.76,482288977.903438,1590331.04,1129253.391628309,0.745246384998481,1.8085228247644025e-05,0.0,0.0,GREEDY_HV,"['SPC_MBFLIP', 'SBX_MNUF', 'TPC_MPOLY', 'UC_NONE', 'UC_NONE', 'SPC_NONE', 'SPC_NONE', 'UC_MPOLY', 'UC_MPOLY', 'UC_NONE', 'TPC_NONE', 'SBX_MPOLY', 'UC_NONE', 'NONE_MPOLY', 'SPC_NONE', 'TPC_MPOLY', 'UC_NONE', 'TPC_NONE', 'SPC_NONE', 'SPC_NONE', 'UC_NONE', 'TPC_NONE', 'UC_NONE', 'SPC_MPOLY', 'TPC_NONE', 'SPC_MPOLY', 'UC_NONE', 'UC_NONE', 'UC_NONE', 'SPC_NONE', 'TPC_NONE', 'TPC_NONE', 'TPC_NONE', 'UC_NONE', 'TPC_NONE', 'SPC_NONE', 'UC_NONE', 'UC_NONE', 'TPC_NONE', 'SBX_NONE', 'SPC_NONE', 'SPC_NONE', 'SBX_MPOLY', 'TPC_NONE', 'UC_NONE', 'SPC_NONE', 'UC_NONE', 'UC_NONE', 'TPC_NONE', 'UC_NONE', 'TPC_NONE', 'UC_NONE', 'UC_NONE', 'TPC_NONE', 'SPC_NONE', 'SPC_NONE', 'TPC_NONE', 'UC_MPOLY', 'SBX_NONE', 'UC_NONE', 'TPC_NONE', 'TPC_NONE', 'UC_NONE', 'SPC_NONE', 'UC_NONE', 'TPC_NONE', 'UC_NONE', 'UC_NONE', 'SPC_NONE', 'SPC_NONE', 'NONE_MPOLY', 'TPC_NONE', 'SPC_NONE', 'UC_NONE', 'UC_NONE', 'SPC_NONE', 'UC_NONE', 'TPC_NONE', 'SPC_NONE', 'UC_NONE', 'UC_NONE', 'UC_NONE']","{'SBX_MNUF': 1, 'TPC_MPOLY': 2, 'UC_NONE': 30, 'SPC_NONE': 18, 'UC_MPOLY': 3, 'TPC_NONE': 19, 'SBX_MPOLY': 2, 'NONE_MPOLY': 2, 'SPC_MPOLY': 2, 'SBX_NONE': 2}"
22,82,SPC,NONE,0.6851524240217468,0.0383956769795726,548349314.56,484238053.1840017,1600303.52,1137413.6081745154,0.7452461216016603,-2.633968206877668e-07,0.0,0.0,GREEDY_HV,"['SPC_MBFLIP', 'SBX_MNUF', 'TPC_MPOLY', 'UC_NONE', 'UC_NONE', 'SPC_NONE', 'SPC_NONE', 'UC_MPOLY', 'UC_MPOLY', 'UC_NONE', 'TPC_NONE', 'SBX_MPOLY', 'UC_NONE', 'NONE_MPOLY', 'SPC_NONE', 'TPC_MPOLY', 'UC_NONE', 'TPC_NONE', 'SPC_NONE', 'SPC_NONE', 'UC_NONE', 'TPC_NONE', 'UC_NONE', 'SPC_MPOLY', 'TPC_NONE', 'SPC_MPOLY', 'UC_NONE', 'UC_NONE', 'UC_NONE', 'SPC_NONE', 'TPC_NONE', 'TPC_NONE', 'TPC_NONE', 'UC_NONE', 'TPC_NONE', 'SPC_NONE', 'UC_NONE', 'UC_NONE', 'TPC_NONE', 'SBX_NONE', 'SPC_NONE', 'SPC_NONE', 'SBX_MPOLY', 'TPC_NONE', 'UC_NONE', 'SPC_NONE', 'UC_NONE', 'UC_NONE', 'TPC_NONE', 'UC_NONE', 'TPC_NONE', 'UC_NONE', 'UC_NONE', 'TPC_NONE', 'SPC_NONE', 'SPC_NONE', 'TPC_NONE', 'UC_MPOLY', 'SBX_NONE', 'UC_NONE', 'TPC_NONE', 'TPC_NONE', 'UC_NONE', 'SPC_NONE', 'UC_NONE', 'TPC_NONE', 'UC_NONE', 'UC_NONE', 'SPC_NONE', 'SPC_NONE', 'NONE_MPOLY', 'TPC_NONE', 'SPC_NONE', 'UC_NONE', 'UC_NONE', 'SPC_NONE', 'UC_NONE', 'TPC_NONE', 'SPC_NONE', 'UC_NONE', 'UC_NONE', 'UC_NONE', 'SPC_NONE']","{'SBX_MNUF': 1, 'TPC_MPOLY': 2, 'UC_NONE': 30, 'SPC_NONE': 19, 'UC_MPOLY': 3, 'TPC_NONE': 19, 'SBX_MPOLY': 2, 'NONE_MPOLY': 2, 'SPC_MPOLY': 2, 'SBX_NONE': 2}"
22,83,TPC,NONE,0.6869590152972171,0.0381283904447064,564746923.52,478727621.5965604,1620943.52,1085996.9650617305,0.7452556895760658,9.567974405544357e-06,0.01,0.0,GREEDY_HV,"['SPC_MBFLIP', 'SBX_MNUF', 'TPC_MPOLY', 'UC_NONE', 'UC_NONE', 'SPC_NONE', 'SPC_NONE', 'UC_MPOLY', 'UC_MPOLY', 'UC_NONE', 'TPC_NONE', 'SBX_MPOLY', 'UC_NONE', 'NONE_MPOLY', 'SPC_NONE', 'TPC_MPOLY', 'UC_NONE', 'TPC_NONE', 'SPC_NONE', 'SPC_NONE', 'UC_NONE', 'TPC_NONE', 'UC_NONE', 'SPC_MPOLY', 'TPC_NONE', 'SPC_MPOLY', 'UC_NONE', 'UC_NONE', 'UC_NONE', 'SPC_NONE', 'TPC_NONE', 'TPC_NONE', 'TPC_NONE', 'UC_NONE', 'TPC_NONE', 'SPC_NONE', 'UC_NONE', 'UC_NONE', 'TPC_NONE', 'SBX_NONE', 'SPC_NONE', 'SPC_NONE', 'SBX_MPOLY', 'TPC_NONE', 'UC_NONE', 'SPC_NONE', 'UC_NONE', 'UC_NONE', 'TPC_NONE', 'UC_NONE', 'TPC_NONE', 'UC_NONE', 'UC_NONE', 'TPC_NONE', 'SPC_NONE', 'SPC_NONE', 'TPC_NONE', 'UC_MPOLY', 'SBX_NONE', 'UC_NONE', 'TPC_NONE', 'TPC_NONE', 'UC_NONE', 'SPC_NONE', 'UC_NONE', 'TPC_NONE', 'UC_NONE', 'UC_NONE', 'SPC_NONE', 'SPC_NONE', 'NONE_MPOLY', 'TPC_NONE', 'SPC_NONE', 'UC_NONE', 'UC_NONE', 'SPC_NONE', 'UC_NONE', 'TPC_NONE', 'SPC_NONE', 'UC_NONE', 'UC_NONE', 'UC_NONE', 'SPC_NONE', 'TPC_NONE']","{'SBX_MNUF': 1, 'TPC_MPOLY': 2, 'UC_NONE': 30, 'SPC_NONE': 19, 'UC_MPOLY': 3, 'TPC_NONE': 20, 'SBX_MPOLY': 2, 'NONE_MPOLY': 2, 'SPC_MPOLY': 2, 'SBX_NONE': 2}"
22,84,SPC,NONE,0.686359048717871,0.0379730326646148,569003394.56,484177039.82284224,1597314.72,1119820.869148616,0.7452802494694127,2.455989334693154e-05,0.0,0.0,GREEDY_HV,"['SPC_MBFLIP', 'SBX_MNUF', 'TPC_MPOLY', 'UC_NONE', 'UC_NONE', 'SPC_NONE', 'SPC_NONE', 'UC_MPOLY', 'UC_MPOLY', 'UC_NONE', 'TPC_NONE', 'SBX_MPOLY', 'UC_NONE', 'NONE_MPOLY', 'SPC_NONE', 'TPC_MPOLY', 'UC_NONE', 'TPC_NONE', 'SPC_NONE', 'SPC_NONE', 'UC_NONE', 'TPC_NONE', 'UC_NONE', 'SPC_MPOLY', 'TPC_NONE', 'SPC_MPOLY', 'UC_NONE', 'UC_NONE', 'UC_NONE', 'SPC_NONE', 'TPC_NONE', 'TPC_NONE', 'TPC_NONE', 'UC_NONE', 'TPC_NONE', 'SPC_NONE', 'UC_NONE', 'UC_NONE', 'TPC_NONE', 'SBX_NONE', 'SPC_NONE', 'SPC_NONE', 'SBX_MPOLY', 'TPC_NONE', 'UC_NONE', 'SPC_NONE', 'UC_NONE', 'UC_NONE', 'TPC_NONE', 'UC_NONE', 'TPC_NONE', 'UC_NONE', 'UC_NONE', 'TPC_NONE', 'SPC_NONE', 'SPC_NONE', 'TPC_NONE', 'UC_MPOLY', 'SBX_NONE', 'UC_NONE', 'TPC_NONE', 'TPC_NONE', 'UC_NONE', 'SPC_NONE', 'UC_NONE', 'TPC_NONE', 'UC_NONE', 'UC_NONE', 'SPC_NONE', 'SPC_NONE', 'NONE_MPOLY', 'TPC_NONE', 'SPC_NONE', 'UC_NONE', 'UC_NONE', 'SPC_NONE', 'UC_NONE', 'TPC_NONE', 'SPC_NONE', 'UC_NONE', 'UC_NONE', 'UC_NONE', 'SPC_NONE', 'TPC_NONE', 'SPC_NONE']","{'SBX_MNUF': 1, 'TPC_MPOLY': 2, 'UC_NONE': 30, 'SPC_NONE': 20, 'UC_MPOLY': 3, 'TPC_NONE': 20, 'SBX_MPOLY': 2, 'NONE_MPOLY': 2, 'SPC_MPOLY': 2, 'SBX_NONE': 2}"
22,85,TPC,NONE,0.68706609068595,0.0381281768808904,587894986.24,491626556.926145,1669944.48,1135134.751875005,0.7452500791004028,-3.0170369009985265e-05,0.0,0.0,GREEDY_HV,"['SPC_MBFLIP', 'SBX_MNUF', 'TPC_MPOLY', 'UC_NONE', 'UC_NONE', 'SPC_NONE', 'SPC_NONE', 'UC_MPOLY', 'UC_MPOLY', 'UC_NONE', 'TPC_NONE', 'SBX_MPOLY', 'UC_NONE', 'NONE_MPOLY', 'SPC_NONE', 'TPC_MPOLY', 'UC_NONE', 'TPC_NONE', 'SPC_NONE', 'SPC_NONE', 'UC_NONE', 'TPC_NONE', 'UC_NONE', 'SPC_MPOLY', 'TPC_NONE', 'SPC_MPOLY', 'UC_NONE', 'UC_NONE', 'UC_NONE', 'SPC_NONE', 'TPC_NONE', 'TPC_NONE', 'TPC_NONE', 'UC_NONE', 'TPC_NONE', 'SPC_NONE', 'UC_NONE', 'UC_NONE', 'TPC_NONE', 'SBX_NONE', 'SPC_NONE', 'SPC_NONE', 'SBX_MPOLY', 'TPC_NONE', 'UC_NONE', 'SPC_NONE', 'UC_NONE', 'UC_NONE', 'TPC_NONE', 'UC_NONE', 'TPC_NONE', 'UC_NONE', 'UC_NONE', 'TPC_NONE', 'SPC_NONE', 'SPC_NONE', 'TPC_NONE', 'UC_MPOLY', 'SBX_NONE', 'UC_NONE', 'TPC_NONE', 'TPC_NONE', 'UC_NONE', 'SPC_NONE', 'UC_NONE', 'TPC_NONE', 'UC_NONE', 'UC_NONE', 'SPC_NONE', 'SPC_NONE', 'NONE_MPOLY', 'TPC_NONE', 'SPC_NONE', 'UC_NONE', 'UC_NONE', 'SPC_NONE', 'UC_NONE', 'TPC_NONE', 'SPC_NONE', 'UC_NONE', 'UC_NONE', 'UC_NONE', 'SPC_NONE', 'TPC_NONE', 'SPC_NONE', 'TPC_NONE']","{'SBX_MNUF': 1, 'TPC_MPOLY': 2, 'UC_NONE': 30, 'SPC_NONE': 20, 'UC_MPOLY': 3, 'TPC_NONE': 21, 'SBX_MPOLY': 2, 'NONE_MPOLY': 2, 'SPC_MPOLY': 2, 'SBX_NONE': 2}"
22,86,TPC,NONE,0.686903439391132,0.0380445221524568,599077291.52,497150714.3054509,1623796.64,1116427.455465007,0.7452624805114826,1.240141107983206e-05,0.0,0.0,GREEDY_HV,"['SPC_MBFLIP', 'SBX_MNUF', 'TPC_MPOLY', 'UC_NONE', 'UC_NONE', 'SPC_NONE', 'SPC_NONE', 'UC_MPOLY', 'UC_MPOLY', 'UC_NONE', 'TPC_NONE', 'SBX_MPOLY', 'UC_NONE', 'NONE_MPOLY', 'SPC_NONE', 'TPC_MPOLY', 'UC_NONE', 'TPC_NONE', 'SPC_NONE', 'SPC_NONE', 'UC_NONE', 'TPC_NONE', 'UC_NONE', 'SPC_MPOLY', 'TPC_NONE', 'SPC_MPOLY', 'UC_NONE', 'UC_NONE', 'UC_NONE', 'SPC_NONE', 'TPC_NONE', 'TPC_NONE', 'TPC_NONE', 'UC_NONE', 'TPC_NONE', 'SPC_NONE', 'UC_NONE', 'UC_NONE', 'TPC_NONE', 'SBX_NONE', 'SPC_NONE', 'SPC_NONE', 'SBX_MPOLY', 'TPC_NONE', 'UC_NONE', 'SPC_NONE', 'UC_NONE', 'UC_NONE', 'TPC_NONE', 'UC_NONE', 'TPC_NONE', 'UC_NONE', 'UC_NONE', 'TPC_NONE', 'SPC_NONE', 'SPC_NONE', 'TPC_NONE', 'UC_MPOLY', 'SBX_NONE', 'UC_NONE', 'TPC_NONE', 'TPC_NONE', 'UC_NONE', 'SPC_NONE', 'UC_NONE', 'TPC_NONE', 'UC_NONE', 'UC_NONE', 'SPC_NONE', 'SPC_NONE', 'NONE_MPOLY', 'TPC_NONE', 'SPC_NONE', 'UC_NONE', 'UC_NONE', 'SPC_NONE', 'UC_NONE', 'TPC_NONE', 'SPC_NONE', 'UC_NONE', 'UC_NONE', 'UC_NONE', 'SPC_NONE', 'TPC_NONE', 'SPC_NONE', 'TPC_NONE', 'TPC_NONE']","{'SBX_MNUF': 1, 'TPC_MPOLY': 2, 'UC_NONE': 30, 'SPC_NONE': 20, 'UC_MPOLY': 3, 'TPC_NONE': 22, 'SBX_MPOLY': 2, 'NONE_MPOLY': 2, 'SPC_MPOLY': 2, 'SBX_NONE': 2}"
22,87,UC,NONE,0.6883059091372111,0.0381352487612985,601128768.0,485025571.8891293,1718657.44,1128710.735708457,0.7452506499884884,-1.1830522994138448e-05,0.0,0.0,GREEDY_HV,"['SPC_MBFLIP', 'SBX_MNUF', 'TPC_MPOLY', 'UC_NONE', 'UC_NONE', 'SPC_NONE', 'SPC_NONE', 'UC_MPOLY', 'UC_MPOLY', 'UC_NONE', 'TPC_NONE', 'SBX_MPOLY', 'UC_NONE', 'NONE_MPOLY', 'SPC_NONE', 'TPC_MPOLY', 'UC_NONE', 'TPC_NONE', 'SPC_NONE', 'SPC_NONE', 'UC_NONE', 'TPC_NONE', 'UC_NONE', 'SPC_MPOLY', 'TPC_NONE', 'SPC_MPOLY', 'UC_NONE', 'UC_NONE', 'UC_NONE', 'SPC_NONE', 'TPC_NONE', 'TPC_NONE', 'TPC_NONE', 'UC_NONE', 'TPC_NONE', 'SPC_NONE', 'UC_NONE', 'UC_NONE', 'TPC_NONE', 'SBX_NONE', 'SPC_NONE', 'SPC_NONE', 'SBX_MPOLY', 'TPC_NONE', 'UC_NONE', 'SPC_NONE', 'UC_NONE', 'UC_NONE', 'TPC_NONE', 'UC_NONE', 'TPC_NONE', 'UC_NONE', 'UC_NONE', 'TPC_NONE', 'SPC_NONE', 'SPC_NONE', 'TPC_NONE', 'UC_MPOLY', 'SBX_NONE', 'UC_NONE', 'TPC_NONE', 'TPC_NONE', 'UC_NONE', 'SPC_NONE', 'UC_NONE', 'TPC_NONE', 'UC_NONE', 'UC_NONE', 'SPC_NONE', 'SPC_NONE', 'NONE_MPOLY', 'TPC_NONE', 'SPC_NONE', 'UC_NONE', 'UC_NONE', 'SPC_NONE', 'UC_NONE', 'TPC_NONE', 'SPC_NONE', 'UC_NONE', 'UC_NONE', 'UC_NONE', 'SPC_NONE', 'TPC_NONE', 'SPC_NONE', 'TPC_NONE', 'TPC_NONE', 'UC_NONE']","{'SBX_MNUF': 1, 'TPC_MPOLY': 2, 'UC_NONE': 31, 'SPC_NONE': 20, 'UC_MPOLY': 3, 'TPC_NONE': 22, 'SBX_MPOLY': 2, 'NONE_MPOLY': 2, 'SPC_MPOLY': 2, 'SBX_NONE': 2}"
22,88,TPC,NONE,0.6864136764429509,0.0379177382686267,583580224.0,495818887.7954834,1616357.28,1145959.2504680967,0.7452596082973536,8.958308865159026e-06,0.0,0.0,GREEDY_HV,"['SPC_MBFLIP', 'SBX_MNUF', 'TPC_MPOLY', 'UC_NONE', 'UC_NONE', 'SPC_NONE', 'SPC_NONE', 'UC_MPOLY', 'UC_MPOLY', 'UC_NONE', 'TPC_NONE', 'SBX_MPOLY', 'UC_NONE', 'NONE_MPOLY', 'SPC_NONE', 'TPC_MPOLY', 'UC_NONE', 'TPC_NONE', 'SPC_NONE', 'SPC_NONE', 'UC_NONE', 'TPC_NONE', 'UC_NONE', 'SPC_MPOLY', 'TPC_NONE', 'SPC_MPOLY', 'UC_NONE', 'UC_NONE', 'UC_NONE', 'SPC_NONE', 'TPC_NONE', 'TPC_NONE', 'TPC_NONE', 'UC_NONE', 'TPC_NONE', 'SPC_NONE', 'UC_NONE', 'UC_NONE', 'TPC_NONE', 'SBX_NONE', 'SPC_NONE', 'SPC_NONE', 'SBX_MPOLY', 'TPC_NONE', 'UC_NONE', 'SPC_NONE', 'UC_NONE', 'UC_NONE', 'TPC_NONE', 'UC_NONE', 'TPC_NONE', 'UC_NONE', 'UC_NONE', 'TPC_NONE', 'SPC_NONE', 'SPC_NONE', 'TPC_NONE', 'UC_MPOLY', 'SBX_NONE', 'UC_NONE', 'TPC_NONE', 'TPC_NONE', 'UC_NONE', 'SPC_NONE', 'UC_NONE', 'TPC_NONE', 'UC_NONE', 'UC_NONE', 'SPC_NONE', 'SPC_NONE', 'NONE_MPOLY', 'TPC_NONE', 'SPC_NONE', 'UC_NONE', 'UC_NONE', 'SPC_NONE', 'UC_NONE', 'TPC_NONE', 'SPC_NONE', 'UC_NONE', 'UC_NONE', 'UC_NONE', 'SPC_NONE', 'TPC_NONE', 'SPC_NONE', 'TPC_NONE', 'TPC_NONE', 'UC_NONE', 'TPC_NONE']","{'SBX_MNUF': 1, 'TPC_MPOLY': 2, 'UC_NONE': 31, 'SPC_NONE': 20, 'UC_MPOLY': 3, 'TPC_NONE': 23, 'SBX_MPOLY': 2, 'NONE_MPOLY': 2, 'SPC_MPOLY': 2, 'SBX_NONE': 2}"
22,89,TPC,MNUF,0.6860198327530269,0.0377447411624058,568505940.48,486330477.7282066,1588235.68,1137380.6854709894,0.7452861188339333,2.651053657964919e-05,0.0,0.01,GREEDY_HV,"['SPC_MBFLIP', 'SBX_MNUF', 'TPC_MPOLY', 'UC_NONE', 'UC_NONE', 'SPC_NONE', 'SPC_NONE', 'UC_MPOLY', 'UC_MPOLY', 'UC_NONE', 'TPC_NONE', 'SBX_MPOLY', 'UC_NONE', 'NONE_MPOLY', 'SPC_NONE', 'TPC_MPOLY', 'UC_NONE', 'TPC_NONE', 'SPC_NONE', 'SPC_NONE', 'UC_NONE', 'TPC_NONE', 'UC_NONE', 'SPC_MPOLY', 'TPC_NONE', 'SPC_MPOLY', 'UC_NONE', 'UC_NONE', 'UC_NONE', 'SPC_NONE', 'TPC_NONE', 'TPC_NONE', 'TPC_NONE', 'UC_NONE', 'TPC_NONE', 'SPC_NONE', 'UC_NONE', 'UC_NONE', 'TPC_NONE', 'SBX_NONE', 'SPC_NONE', 'SPC_NONE', 'SBX_MPOLY', 'TPC_NONE', 'UC_NONE', 'SPC_NONE', 'UC_NONE', 'UC_NONE', 'TPC_NONE', 'UC_NONE', 'TPC_NONE', 'UC_NONE', 'UC_NONE', 'TPC_NONE', 'SPC_NONE', 'SPC_NONE', 'TPC_NONE', 'UC_MPOLY', 'SBX_NONE', 'UC_NONE', 'TPC_NONE', 'TPC_NONE', 'UC_NONE', 'SPC_NONE', 'UC_NONE', 'TPC_NONE', 'UC_NONE', 'UC_NONE', 'SPC_NONE', 'SPC_NONE', 'NONE_MPOLY', 'TPC_NONE', 'SPC_NONE', 'UC_NONE', 'UC_NONE', 'SPC_NONE', 'UC_NONE', 'TPC_NONE', 'SPC_NONE', 'UC_NONE', 'UC_NONE', 'UC_NONE', 'SPC_NONE', 'TPC_NONE', 'SPC_NONE', 'TPC_NONE', 'TPC_NONE', 'UC_NONE', 'TPC_NONE', 'TPC_MNUF']","{'SBX_MNUF': 1, 'TPC_MPOLY': 2, 'UC_NONE': 31, 'SPC_NONE': 20, 'UC_MPOLY': 3, 'TPC_NONE': 23, 'SBX_MPOLY': 2, 'NONE_MPOLY': 2, 'SPC_MPOLY': 2, 'SBX_NONE': 2, 'TPC_MNUF': 1}"
22,90,TPC,NONE,0.688099174271117,0.0381952798591126,598892116.48,490240342.888908,1703466.4,1145370.9947466976,0.7452981550363343,1.2036202401088936e-05,0.0,0.0,GREEDY_HV,"['SPC_MBFLIP', 'SBX_MNUF', 'TPC_MPOLY', 'UC_NONE', 'UC_NONE', 'SPC_NONE', 'SPC_NONE', 'UC_MPOLY', 'UC_MPOLY', 'UC_NONE', 'TPC_NONE', 'SBX_MPOLY', 'UC_NONE', 'NONE_MPOLY', 'SPC_NONE', 'TPC_MPOLY', 'UC_NONE', 'TPC_NONE', 'SPC_NONE', 'SPC_NONE', 'UC_NONE', 'TPC_NONE', 'UC_NONE', 'SPC_MPOLY', 'TPC_NONE', 'SPC_MPOLY', 'UC_NONE', 'UC_NONE', 'UC_NONE', 'SPC_NONE', 'TPC_NONE', 'TPC_NONE', 'TPC_NONE', 'UC_NONE', 'TPC_NONE', 'SPC_NONE', 'UC_NONE', 'UC_NONE', 'TPC_NONE', 'SBX_NONE', 'SPC_NONE', 'SPC_NONE', 'SBX_MPOLY', 'TPC_NONE', 'UC_NONE', 'SPC_NONE', 'UC_NONE', 'UC_NONE', 'TPC_NONE', 'UC_NONE', 'TPC_NONE', 'UC_NONE', 'UC_NONE', 'TPC_NONE', 'SPC_NONE', 'SPC_NONE', 'TPC_NONE', 'UC_MPOLY', 'SBX_NONE', 'UC_NONE', 'TPC_NONE', 'TPC_NONE', 'UC_NONE', 'SPC_NONE', 'UC_NONE', 'TPC_NONE', 'UC_NONE', 'UC_NONE', 'SPC_NONE', 'SPC_NONE', 'NONE_MPOLY', 'TPC_NONE', 'SPC_NONE', 'UC_NONE', 'UC_NONE', 'SPC_NONE', 'UC_NONE', 'TPC_NONE', 'SPC_NONE', 'UC_NONE', 'UC_NONE', 'UC_NONE', 'SPC_NONE', 'TPC_NONE', 'SPC_NONE', 'TPC_NONE', 'TPC_NONE', 'UC_NONE', 'TPC_NONE', 'TPC_MNUF', 'TPC_NONE']","{'SBX_MNUF': 1, 'TPC_MPOLY': 2, 'UC_NONE': 31, 'SPC_NONE': 20, 'UC_MPOLY': 3, 'TPC_NONE': 24, 'SBX_MPOLY': 2, 'NONE_MPOLY': 2, 'SPC_MPOLY': 2, 'SBX_NONE': 2, 'TPC_MNUF': 1}"
22,91,SPC,NONE,0.6859566888877072,0.0377149997622736,549175662.08,485062234.13042617,1597966.24,1119324.8639323004,0.7452992693758725,1.1143395381996155e-06,0.0,0.0,GREEDY_HV,"['SPC_MBFLIP', 'SBX_MNUF', 'TPC_MPOLY', 'UC_NONE', 'UC_NONE', 'SPC_NONE', 'SPC_NONE', 'UC_MPOLY', 'UC_MPOLY', 'UC_NONE', 'TPC_NONE', 'SBX_MPOLY', 'UC_NONE', 'NONE_MPOLY', 'SPC_NONE', 'TPC_MPOLY', 'UC_NONE', 'TPC_NONE', 'SPC_NONE', 'SPC_NONE', 'UC_NONE', 'TPC_NONE', 'UC_NONE', 'SPC_MPOLY', 'TPC_NONE', 'SPC_MPOLY', 'UC_NONE', 'UC_NONE', 'UC_NONE', 'SPC_NONE', 'TPC_NONE', 'TPC_NONE', 'TPC_NONE', 'UC_NONE', 'TPC_NONE', 'SPC_NONE', 'UC_NONE', 'UC_NONE', 'TPC_NONE', 'SBX_NONE', 'SPC_NONE', 'SPC_NONE', 'SBX_MPOLY', 'TPC_NONE', 'UC_NONE', 'SPC_NONE', 'UC_NONE', 'UC_NONE', 'TPC_NONE', 'UC_NONE', 'TPC_NONE', 'UC_NONE', 'UC_NONE', 'TPC_NONE', 'SPC_NONE', 'SPC_NONE', 'TPC_NONE', 'UC_MPOLY', 'SBX_NONE', 'UC_NONE', 'TPC_NONE', 'TPC_NONE', 'UC_NONE', 'SPC_NONE', 'UC_NONE', 'TPC_NONE', 'UC_NONE', 'UC_NONE', 'SPC_NONE', 'SPC_NONE', 'NONE_MPOLY', 'TPC_NONE', 'SPC_NONE', 'UC_NONE', 'UC_NONE', 'SPC_NONE', 'UC_NONE', 'TPC_NONE', 'SPC_NONE', 'UC_NONE', 'UC_NONE', 'UC_NONE', 'SPC_NONE', 'TPC_NONE', 'SPC_NONE', 'TPC_NONE', 'TPC_NONE', 'UC_NONE', 'TPC_NONE', 'TPC_MNUF', 'TPC_NONE', 'SPC_NONE']","{'SBX_MNUF': 1, 'TPC_MPOLY': 2, 'UC_NONE': 31, 'SPC_NONE': 21, 'UC_MPOLY': 3, 'TPC_NONE': 24, 'SBX_MPOLY': 2, 'NONE_MPOLY': 2, 'SPC_MPOLY': 2, 'SBX_NONE': 2, 'TPC_MNUF': 1}"
22,92,UC,MPOLY,0.6872893837344303,0.0364320791133157,553164254.72,483601480.1646986,1614598.56,1095253.6388926934,0.7453141073142209,1.4837938348333246e-05,0.0,0.0,GREEDY_HV,"['SPC_MBFLIP', 'SBX_MNUF', 'TPC_MPOLY', 'UC_NONE', 'UC_NONE', 'SPC_NONE', 'SPC_NONE', 'UC_MPOLY', 'UC_MPOLY', 'UC_NONE', 'TPC_NONE', 'SBX_MPOLY', 'UC_NONE', 'NONE_MPOLY', 'SPC_NONE', 'TPC_MPOLY', 'UC_NONE', 'TPC_NONE', 'SPC_NONE', 'SPC_NONE', 'UC_NONE', 'TPC_NONE', 'UC_NONE', 'SPC_MPOLY', 'TPC_NONE', 'SPC_MPOLY', 'UC_NONE', 'UC_NONE', 'UC_NONE', 'SPC_NONE', 'TPC_NONE', 'TPC_NONE', 'TPC_NONE', 'UC_NONE', 'TPC_NONE', 'SPC_NONE', 'UC_NONE', 'UC_NONE', 'TPC_NONE', 'SBX_NONE', 'SPC_NONE', 'SPC_NONE', 'SBX_MPOLY', 'TPC_NONE', 'UC_NONE', 'SPC_NONE', 'UC_NONE', 'UC_NONE', 'TPC_NONE', 'UC_NONE', 'TPC_NONE', 'UC_NONE', 'UC_NONE', 'TPC_NONE', 'SPC_NONE', 'SPC_NONE', 'TPC_NONE', 'UC_MPOLY', 'SBX_NONE', 'UC_NONE', 'TPC_NONE', 'TPC_NONE', 'UC_NONE', 'SPC_NONE', 'UC_NONE', 'TPC_NONE', 'UC_NONE', 'UC_NONE', 'SPC_NONE', 'SPC_NONE', 'NONE_MPOLY', 'TPC_NONE', 'SPC_NONE', 'UC_NONE', 'UC_NONE', 'SPC_NONE', 'UC_NONE', 'TPC_NONE', 'SPC_NONE', 'UC_NONE', 'UC_NONE', 'UC_NONE', 'SPC_NONE', 'TPC_NONE', 'SPC_NONE', 'TPC_NONE', 'TPC_NONE', 'UC_NONE', 'TPC_NONE', 'TPC_MNUF', 'TPC_NONE', 'SPC_NONE', 'UC_MPOLY']","{'SBX_MNUF': 1, 'TPC_MPOLY': 2, 'UC_NONE': 31, 'SPC_NONE': 21, 'UC_MPOLY': 4, 'TPC_NONE': 24, 'SBX_MPOLY': 2, 'NONE_MPOLY': 2, 'SPC_MPOLY': 2, 'SBX_NONE': 2, 'TPC_MNUF': 1}"
22,93,UC,MNUF,0.6870191364601951,0.0365772809276849,560211330.56,486803539.1429607,1604362.4,1100143.0532353872,0.7452972691061781,-1.68382080427687e-05,0.0,0.005,GREEDY_HV,"['SPC_MBFLIP', 'SBX_MNUF', 'TPC_MPOLY', 'UC_NONE', 'UC_NONE', 'SPC_NONE', 'SPC_NONE', 'UC_MPOLY', 'UC_MPOLY', 'UC_NONE', 'TPC_NONE', 'SBX_MPOLY', 'UC_NONE', 'NONE_MPOLY', 'SPC_NONE', 'TPC_MPOLY', 'UC_NONE', 'TPC_NONE', 'SPC_NONE', 'SPC_NONE', 'UC_NONE', 'TPC_NONE', 'UC_NONE', 'SPC_MPOLY', 'TPC_NONE', 'SPC_MPOLY', 'UC_NONE', 'UC_NONE', 'UC_NONE', 'SPC_NONE', 'TPC_NONE', 'TPC_NONE', 'TPC_NONE', 'UC_NONE', 'TPC_NONE', 'SPC_NONE', 'UC_NONE', 'UC_NONE', 'TPC_NONE', 'SBX_NONE', 'SPC_NONE', 'SPC_NONE', 'SBX_MPOLY', 'TPC_NONE', 'UC_NONE', 'SPC_NONE', 'UC_NONE', 'UC_NONE', 'TPC_NONE', 'UC_NONE', 'TPC_NONE', 'UC_NONE', 'UC_NONE', 'TPC_NONE', 'SPC_NONE', 'SPC_NONE', 'TPC_NONE', 'UC_MPOLY', 'SBX_NONE', 'UC_NONE', 'TPC_NONE', 'TPC_NONE', 'UC_NONE', 'SPC_NONE', 'UC_NONE', 'TPC_NONE', 'UC_NONE', 'UC_NONE', 'SPC_NONE', 'SPC_NONE', 'NONE_MPOLY', 'TPC_NONE', 'SPC_NONE', 'UC_NONE', 'UC_NONE', 'SPC_NONE', 'UC_NONE', 'TPC_NONE', 'SPC_NONE', 'UC_NONE', 'UC_NONE', 'UC_NONE', 'SPC_NONE', 'TPC_NONE', 'SPC_NONE', 'TPC_NONE', 'TPC_NONE', 'UC_NONE', 'TPC_NONE', 'TPC_MNUF', 'TPC_NONE', 'SPC_NONE', 'UC_MPOLY', 'UC_MNUF']","{'SBX_MNUF': 1, 'TPC_MPOLY': 2, 'UC_NONE': 31, 'SPC_NONE': 21, 'UC_MPOLY': 4, 'TPC_NONE': 24, 'SBX_MPOLY': 2, 'NONE_MPOLY': 2, 'SPC_MPOLY': 2, 'SBX_NONE': 2, 'TPC_MNUF': 1, 'UC_MNUF': 1}"
22,94,SPC,MNUF,0.6883914391280617,0.0367403606071091,578354531.84,493580980.2035004,1707349.92,1130618.7601311388,0.745324526611669,2.7257505490929645e-05,0.0,0.0,GREEDY_HV,"['SPC_MBFLIP', 'SBX_MNUF', 'TPC_MPOLY', 'UC_NONE', 'UC_NONE', 'SPC_NONE', 'SPC_NONE', 'UC_MPOLY', 'UC_MPOLY', 'UC_NONE', 'TPC_NONE', 'SBX_MPOLY', 'UC_NONE', 'NONE_MPOLY', 'SPC_NONE', 'TPC_MPOLY', 'UC_NONE', 'TPC_NONE', 'SPC_NONE', 'SPC_NONE', 'UC_NONE', 'TPC_NONE', 'UC_NONE', 'SPC_MPOLY', 'TPC_NONE', 'SPC_MPOLY', 'UC_NONE', 'UC_NONE', 'UC_NONE', 'SPC_NONE', 'TPC_NONE', 'TPC_NONE', 'TPC_NONE', 'UC_NONE', 'TPC_NONE', 'SPC_NONE', 'UC_NONE', 'UC_NONE', 'TPC_NONE', 'SBX_NONE', 'SPC_NONE', 'SPC_NONE', 'SBX_MPOLY', 'TPC_NONE', 'UC_NONE', 'SPC_NONE', 'UC_NONE', 'UC_NONE', 'TPC_NONE', 'UC_NONE', 'TPC_NONE', 'UC_NONE', 'UC_NONE', 'TPC_NONE', 'SPC_NONE', 'SPC_NONE', 'TPC_NONE', 'UC_MPOLY', 'SBX_NONE', 'UC_NONE', 'TPC_NONE', 'TPC_NONE', 'UC_NONE', 'SPC_NONE', 'UC_NONE', 'TPC_NONE', 'UC_NONE', 'UC_NONE', 'SPC_NONE', 'SPC_NONE', 'NONE_MPOLY', 'TPC_NONE', 'SPC_NONE', 'UC_NONE', 'UC_NONE', 'SPC_NONE', 'UC_NONE', 'TPC_NONE', 'SPC_NONE', 'UC_NONE', 'UC_NONE', 'UC_NONE', 'SPC_NONE', 'TPC_NONE', 'SPC_NONE', 'TPC_NONE', 'TPC_NONE', 'UC_NONE', 'TPC_NONE', 'TPC_MNUF', 'TPC_NONE', 'SPC_NONE', 'UC_MPOLY', 'UC_MNUF', 'SPC_MNUF']","{'SBX_MNUF': 1, 'TPC_MPOLY': 2, 'UC_NONE': 31, 'SPC_NONE': 21, 'UC_MPOLY': 4, 'TPC_NONE': 24, 'SBX_MPOLY': 2, 'NONE_MPOLY': 2, 'SPC_MPOLY': 2, 'SBX_NONE': 2, 'TPC_MNUF': 1, 'UC_MNUF': 1, 'SPC_MNUF': 1}"
22,95,TPC,MNUF,0.686870134558351,0.0369384300751823,571464783.36,499464877.3604237,1609410.72,1108856.8055167275,0.7453027035496095,-2.1823062059556086e-05,0.01,0.0,GREEDY_HV,"['SPC_MBFLIP', 'SBX_MNUF', 'TPC_MPOLY', 'UC_NONE', 'UC_NONE', 'SPC_NONE', 'SPC_NONE', 'UC_MPOLY', 'UC_MPOLY', 'UC_NONE', 'TPC_NONE', 'SBX_MPOLY', 'UC_NONE', 'NONE_MPOLY', 'SPC_NONE', 'TPC_MPOLY', 'UC_NONE', 'TPC_NONE', 'SPC_NONE', 'SPC_NONE', 'UC_NONE', 'TPC_NONE', 'UC_NONE', 'SPC_MPOLY', 'TPC_NONE', 'SPC_MPOLY', 'UC_NONE', 'UC_NONE', 'UC_NONE', 'SPC_NONE', 'TPC_NONE', 'TPC_NONE', 'TPC_NONE', 'UC_NONE', 'TPC_NONE', 'SPC_NONE', 'UC_NONE', 'UC_NONE', 'TPC_NONE', 'SBX_NONE', 'SPC_NONE', 'SPC_NONE', 'SBX_MPOLY', 'TPC_NONE', 'UC_NONE', 'SPC_NONE', 'UC_NONE', 'UC_NONE', 'TPC_NONE', 'UC_NONE', 'TPC_NONE', 'UC_NONE', 'UC_NONE', 'TPC_NONE', 'SPC_NONE', 'SPC_NONE', 'TPC_NONE', 'UC_MPOLY', 'SBX_NONE', 'UC_NONE', 'TPC_NONE', 'TPC_NONE', 'UC_NONE', 'SPC_NONE', 'UC_NONE', 'TPC_NONE', 'UC_NONE', 'UC_NONE', 'SPC_NONE', 'SPC_NONE', 'NONE_MPOLY', 'TPC_NONE', 'SPC_NONE', 'UC_NONE', 'UC_NONE', 'SPC_NONE', 'UC_NONE', 'TPC_NONE', 'SPC_NONE', 'UC_NONE', 'UC_NONE', 'UC_NONE', 'SPC_NONE', 'TPC_NONE', 'SPC_NONE', 'TPC_NONE', 'TPC_NONE', 'UC_NONE', 'TPC_NONE', 'TPC_MNUF', 'TPC_NONE', 'SPC_NONE', 'UC_MPOLY', 'UC_MNUF', 'SPC_MNUF', 'TPC_MNUF']","{'SBX_MNUF': 1, 'TPC_MPOLY': 2, 'UC_NONE': 31, 'SPC_NONE': 21, 'UC_MPOLY': 4, 'TPC_NONE': 24, 'SBX_MPOLY': 2, 'NONE_MPOLY': 2, 'SPC_MPOLY': 2, 'SBX_NONE': 2, 'TPC_MNUF': 2, 'UC_MNUF': 1, 'SPC_MNUF': 1}"
22,96,TPC,NONE,0.6875717203718338,0.0374393240382765,570780405.76,492549487.7758327,1660912.8,1117809.6897927483,0.7453225671707036,1.9863621094073917e-05,0.0,0.0,GREEDY_HV,"['SPC_MBFLIP', 'SBX_MNUF', 'TPC_MPOLY', 'UC_NONE', 'UC_NONE', 'SPC_NONE', 'SPC_NONE', 'UC_MPOLY', 'UC_MPOLY', 'UC_NONE', 'TPC_NONE', 'SBX_MPOLY', 'UC_NONE', 'NONE_MPOLY', 'SPC_NONE', 'TPC_MPOLY', 'UC_NONE', 'TPC_NONE', 'SPC_NONE', 'SPC_NONE', 'UC_NONE', 'TPC_NONE', 'UC_NONE', 'SPC_MPOLY', 'TPC_NONE', 'SPC_MPOLY', 'UC_NONE', 'UC_NONE', 'UC_NONE', 'SPC_NONE', 'TPC_NONE', 'TPC_NONE', 'TPC_NONE', 'UC_NONE', 'TPC_NONE', 'SPC_NONE', 'UC_NONE', 'UC_NONE', 'TPC_NONE', 'SBX_NONE', 'SPC_NONE', 'SPC_NONE', 'SBX_MPOLY', 'TPC_NONE', 'UC_NONE', 'SPC_NONE', 'UC_NONE', 'UC_NONE', 'TPC_NONE', 'UC_NONE', 'TPC_NONE', 'UC_NONE', 'UC_NONE', 'TPC_NONE', 'SPC_NONE', 'SPC_NONE', 'TPC_NONE', 'UC_MPOLY', 'SBX_NONE', 'UC_NONE', 'TPC_NONE', 'TPC_NONE', 'UC_NONE', 'SPC_NONE', 'UC_NONE', 'TPC_NONE', 'UC_NONE', 'UC_NONE', 'SPC_NONE', 'SPC_NONE', 'NONE_MPOLY', 'TPC_NONE', 'SPC_NONE', 'UC_NONE', 'UC_NONE', 'SPC_NONE', 'UC_NONE', 'TPC_NONE', 'SPC_NONE', 'UC_NONE', 'UC_NONE', 'UC_NONE', 'SPC_NONE', 'TPC_NONE', 'SPC_NONE', 'TPC_NONE', 'TPC_NONE', 'UC_NONE', 'TPC_NONE', 'TPC_MNUF', 'TPC_NONE', 'SPC_NONE', 'UC_MPOLY', 'UC_MNUF', 'SPC_MNUF', 'TPC_MNUF', 'TPC_NONE']","{'SBX_MNUF': 1, 'TPC_MPOLY': 2, 'UC_NONE': 31, 'SPC_NONE': 21, 'UC_MPOLY': 4, 'TPC_NONE': 25, 'SBX_MPOLY': 2, 'NONE_MPOLY': 2, 'SPC_MPOLY': 2, 'SBX_NONE': 2, 'TPC_MNUF': 2, 'UC_MNUF': 1, 'SPC_MNUF': 1}"
22,97,TPC,MNUF,0.6870813688626898,0.0376806113830832,554042096.64,464866993.29199296,1633356.96,1117714.8746924852,0.7452939210060076,-2.864616469600012e-05,0.01,0.0,GREEDY_HV,"['SPC_MBFLIP', 'SBX_MNUF', 'TPC_MPOLY', 'UC_NONE', 'UC_NONE', 'SPC_NONE', 'SPC_NONE', 'UC_MPOLY', 'UC_MPOLY', 'UC_NONE', 'TPC_NONE', 'SBX_MPOLY', 'UC_NONE', 'NONE_MPOLY', 'SPC_NONE', 'TPC_MPOLY', 'UC_NONE', 'TPC_NONE', 'SPC_NONE', 'SPC_NONE', 'UC_NONE', 'TPC_NONE', 'UC_NONE', 'SPC_MPOLY', 'TPC_NONE', 'SPC_MPOLY', 'UC_NONE', 'UC_NONE', 'UC_NONE', 'SPC_NONE', 'TPC_NONE', 'TPC_NONE', 'TPC_NONE', 'UC_NONE', 'TPC_NONE', 'SPC_NONE', 'UC_NONE', 'UC_NONE', 'TPC_NONE', 'SBX_NONE', 'SPC_NONE', 'SPC_NONE', 'SBX_MPOLY', 'TPC_NONE', 'UC_NONE', 'SPC_NONE', 'UC_NONE', 'UC_NONE', 'TPC_NONE', 'UC_NONE', 'TPC_NONE', 'UC_NONE', 'UC_NONE', 'TPC_NONE', 'SPC_NONE', 'SPC_NONE', 'TPC_NONE', 'UC_MPOLY', 'SBX_NONE', 'UC_NONE', 'TPC_NONE', 'TPC_NONE', 'UC_NONE', 'SPC_NONE', 'UC_NONE', 'TPC_NONE', 'UC_NONE', 'UC_NONE', 'SPC_NONE', 'SPC_NONE', 'NONE_MPOLY', 'TPC_NONE', 'SPC_NONE', 'UC_NONE', 'UC_NONE', 'SPC_NONE', 'UC_NONE', 'TPC_NONE', 'SPC_NONE', 'UC_NONE', 'UC_NONE', 'UC_NONE', 'SPC_NONE', 'TPC_NONE', 'SPC_NONE', 'TPC_NONE', 'TPC_NONE', 'UC_NONE', 'TPC_NONE', 'TPC_MNUF', 'TPC_NONE', 'SPC_NONE', 'UC_MPOLY', 'UC_MNUF', 'SPC_MNUF', 'TPC_MNUF', 'TPC_NONE', 'TPC_MNUF']","{'SBX_MNUF': 1, 'TPC_MPOLY': 2, 'UC_NONE': 31, 'SPC_NONE': 21, 'UC_MPOLY': 4, 'TPC_NONE': 25, 'SBX_MPOLY': 2, 'NONE_MPOLY': 2, 'SPC_MPOLY': 2, 'SBX_NONE': 2, 'TPC_MNUF': 3, 'UC_MNUF': 1, 'SPC_MNUF': 1}"
22,98,TPC,NONE,0.6863518453262765,0.0369707376649106,543384107.52,482318948.9055997,1633719.2,1140714.8802892335,0.745266463936721,-2.7457069286529467e-05,0.0,0.0,GREEDY_HV,"['SPC_MBFLIP', 'SBX_MNUF', 'TPC_MPOLY', 'UC_NONE', 'UC_NONE', 'SPC_NONE', 'SPC_NONE', 'UC_MPOLY', 'UC_MPOLY', 'UC_NONE', 'TPC_NONE', 'SBX_MPOLY', 'UC_NONE', 'NONE_MPOLY', 'SPC_NONE', 'TPC_MPOLY', 'UC_NONE', 'TPC_NONE', 'SPC_NONE', 'SPC_NONE', 'UC_NONE', 'TPC_NONE', 'UC_NONE', 'SPC_MPOLY', 'TPC_NONE', 'SPC_MPOLY', 'UC_NONE', 'UC_NONE', 'UC_NONE', 'SPC_NONE', 'TPC_NONE', 'TPC_NONE', 'TPC_NONE', 'UC_NONE', 'TPC_NONE', 'SPC_NONE', 'UC_NONE', 'UC_NONE', 'TPC_NONE', 'SBX_NONE', 'SPC_NONE', 'SPC_NONE', 'SBX_MPOLY', 'TPC_NONE', 'UC_NONE', 'SPC_NONE', 'UC_NONE', 'UC_NONE', 'TPC_NONE', 'UC_NONE', 'TPC_NONE', 'UC_NONE', 'UC_NONE', 'TPC_NONE', 'SPC_NONE', 'SPC_NONE', 'TPC_NONE', 'UC_MPOLY', 'SBX_NONE', 'UC_NONE', 'TPC_NONE', 'TPC_NONE', 'UC_NONE', 'SPC_NONE', 'UC_NONE', 'TPC_NONE', 'UC_NONE', 'UC_NONE', 'SPC_NONE', 'SPC_NONE', 'NONE_MPOLY', 'TPC_NONE', 'SPC_NONE', 'UC_NONE', 'UC_NONE', 'SPC_NONE', 'UC_NONE', 'TPC_NONE', 'SPC_NONE', 'UC_NONE', 'UC_NONE', 'UC_NONE', 'SPC_NONE', 'TPC_NONE', 'SPC_NONE', 'TPC_NONE', 'TPC_NONE', 'UC_NONE', 'TPC_NONE', 'TPC_MNUF', 'TPC_NONE', 'SPC_NONE', 'UC_MPOLY', 'UC_MNUF', 'SPC_MNUF', 'TPC_MNUF', 'TPC_NONE', 'TPC_MNUF', 'TPC_NONE']","{'SBX_MNUF': 1, 'TPC_MPOLY': 2, 'UC_NONE': 31, 'SPC_NONE': 21, 'UC_MPOLY': 4, 'TPC_NONE': 26, 'SBX_MPOLY': 2, 'NONE_MPOLY': 2, 'SPC_MPOLY': 2, 'SBX_NONE': 2, 'TPC_MNUF': 3, 'UC_MNUF': 1, 'SPC_MNUF': 1}"
22,99,SPC,NONE,0.6867854377607077,0.0370604953903513,545143733.76,478212238.65237504,1635851.68,1131753.0099553245,0.74526697318953,5.092528089223336e-07,0.0,0.0,GREEDY_HV,"['SPC_MBFLIP', 'SBX_MNUF', 'TPC_MPOLY', 'UC_NONE', 'UC_NONE', 'SPC_NONE', 'SPC_NONE', 'UC_MPOLY', 'UC_MPOLY', 'UC_NONE', 'TPC_NONE', 'SBX_MPOLY', 'UC_NONE', 'NONE_MPOLY', 'SPC_NONE', 'TPC_MPOLY', 'UC_NONE', 'TPC_NONE', 'SPC_NONE', 'SPC_NONE', 'UC_NONE', 'TPC_NONE', 'UC_NONE', 'SPC_MPOLY', 'TPC_NONE', 'SPC_MPOLY', 'UC_NONE', 'UC_NONE', 'UC_NONE', 'SPC_NONE', 'TPC_NONE', 'TPC_NONE', 'TPC_NONE', 'UC_NONE', 'TPC_NONE', 'SPC_NONE', 'UC_NONE', 'UC_NONE', 'TPC_NONE', 'SBX_NONE', 'SPC_NONE', 'SPC_NONE', 'SBX_MPOLY', 'TPC_NONE', 'UC_NONE', 'SPC_NONE', 'UC_NONE', 'UC_NONE', 'TPC_NONE', 'UC_NONE', 'TPC_NONE', 'UC_NONE', 'UC_NONE', 'TPC_NONE', 'SPC_NONE', 'SPC_NONE', 'TPC_NONE', 'UC_MPOLY', 'SBX_NONE', 'UC_NONE', 'TPC_NONE', 'TPC_NONE', 'UC_NONE', 'SPC_NONE', 'UC_NONE', 'TPC_NONE', 'UC_NONE', 'UC_NONE', 'SPC_NONE', 'SPC_NONE', 'NONE_MPOLY', 'TPC_NONE', 'SPC_NONE', 'UC_NONE', 'UC_NONE', 'SPC_NONE', 'UC_NONE', 'TPC_NONE', 'SPC_NONE', 'UC_NONE', 'UC_NONE', 'UC_NONE', 'SPC_NONE', 'TPC_NONE', 'SPC_NONE', 'TPC_NONE', 'TPC_NONE', 'UC_NONE', 'TPC_NONE', 'TPC_MNUF', 'TPC_NONE', 'SPC_NONE', 'UC_MPOLY', 'UC_MNUF', 'SPC_MNUF', 'TPC_MNUF', 'TPC_NONE', 'TPC_MNUF', 'TPC_NONE', 'SPC_NONE']","{'SBX_MNUF': 1, 'TPC_MPOLY': 2, 'UC_NONE': 31, 'SPC_NONE': 22, 'UC_MPOLY': 4, 'TPC_NONE': 26, 'SBX_MPOLY': 2, 'NONE_MPOLY': 2, 'SPC_MPOLY': 2, 'SBX_NONE': 2, 'TPC_MNUF': 3, 'UC_MNUF': 1, 'SPC_MNUF': 1}"
22,100,SPC,NONE,0.6869171365102263,0.0378771725497688,568790999.04,494916405.45485306,1644382.88,1140591.094052424,0.7452869856521842,2.001246265426193e-05,0.0,0.0,GREEDY_HV,"['SPC_MBFLIP', 'SBX_MNUF', 'TPC_MPOLY', 'UC_NONE', 'UC_NONE', 'SPC_NONE', 'SPC_NONE', 'UC_MPOLY', 'UC_MPOLY', 'UC_NONE', 'TPC_NONE', 'SBX_MPOLY', 'UC_NONE', 'NONE_MPOLY', 'SPC_NONE', 'TPC_MPOLY', 'UC_NONE', 'TPC_NONE', 'SPC_NONE', 'SPC_NONE', 'UC_NONE', 'TPC_NONE', 'UC_NONE', 'SPC_MPOLY', 'TPC_NONE', 'SPC_MPOLY', 'UC_NONE', 'UC_NONE', 'UC_NONE', 'SPC_NONE', 'TPC_NONE', 'TPC_NONE', 'TPC_NONE', 'UC_NONE', 'TPC_NONE', 'SPC_NONE', 'UC_NONE', 'UC_NONE', 'TPC_NONE', 'SBX_NONE', 'SPC_NONE', 'SPC_NONE', 'SBX_MPOLY', 'TPC_NONE', 'UC_NONE', 'SPC_NONE', 'UC_NONE', 'UC_NONE', 'TPC_NONE', 'UC_NONE', 'TPC_NONE', 'UC_NONE', 'UC_NONE', 'TPC_NONE', 'SPC_NONE', 'SPC_NONE', 'TPC_NONE', 'UC_MPOLY', 'SBX_NONE', 'UC_NONE', 'TPC_NONE', 'TPC_NONE', 'UC_NONE', 'SPC_NONE', 'UC_NONE', 'TPC_NONE', 'UC_NONE', 'UC_NONE', 'SPC_NONE', 'SPC_NONE', 'NONE_MPOLY', 'TPC_NONE', 'SPC_NONE', 'UC_NONE', 'UC_NONE', 'SPC_NONE', 'UC_NONE', 'TPC_NONE', 'SPC_NONE', 'UC_NONE', 'UC_NONE', 'UC_NONE', 'SPC_NONE', 'TPC_NONE', 'SPC_NONE', 'TPC_NONE', 'TPC_NONE', 'UC_NONE', 'TPC_NONE', 'TPC_MNUF', 'TPC_NONE', 'SPC_NONE', 'UC_MPOLY', 'UC_MNUF', 'SPC_MNUF', 'TPC_MNUF', 'TPC_NONE', 'TPC_MNUF', 'TPC_NONE', 'SPC_NONE', 'SPC_NONE']","{'SBX_MNUF': 1, 'TPC_MPOLY': 2, 'UC_NONE': 31, 'SPC_NONE': 23, 'UC_MPOLY': 4, 'TPC_NONE': 26, 'SBX_MPOLY': 2, 'NONE_MPOLY': 2, 'SPC_MPOLY': 2, 'SBX_NONE': 2, 'TPC_MNUF': 3, 'UC_MNUF': 1, 'SPC_MNUF': 1}"
23,1,UC,MPOLY,0.6601364540523944,0.0238814613343029,1370869288.96,951160871.2868892,2748821.92,1269208.7537483796,0.6972615234525127,0.0,0.23,0.17,GREEDY_HV,"['SPC_MBFLIP', 'UC_MPOLY']",{'UC_MPOLY': 1}
23,2,UC,NONE,0.6589675067921718,0.0307604792345601,970386947.84,724935395.728025,2169190.56,1208380.3462191883,0.7015564910290846,0.0042949675765718,0.18,0.0,GREEDY_HV,"['SPC_MBFLIP', 'UC_MPOLY', 'UC_NONE']","{'UC_MPOLY': 1, 'UC_NONE': 1}"
23,3,UC,MPOLY,0.6692779713230445,0.0264595607603013,958071174.4,793823148.1012659,2352789.92,1482372.799013525,0.7079521338479247,0.00639564281884,0.06,0.055,GREEDY_HV,"['SPC_MBFLIP', 'UC_MPOLY', 'UC_NONE', 'UC_MPOLY']","{'UC_MPOLY': 2, 'UC_NONE': 1}"
23,4,SPC,NONE,0.6693865781181596,0.0316349300009029,791361242.88,608348386.0940758,2153390.24,1459250.1422043114,0.7165974083993898,0.0086452745514651,0.1,0.0,GREEDY_HV,"['SPC_MBFLIP', 'UC_MPOLY', 'UC_NONE', 'UC_MPOLY', 'SPC_NONE']","{'UC_MPOLY': 2, 'UC_NONE': 1, 'SPC_NONE': 1}"
23,5,UC,MNUF,0.670799014917266,0.0299649379037163,807878190.08,618126797.7616528,2157371.04,1451715.1582530916,0.722152429275726,0.0055550208763361,0.08,0.005,GREEDY_HV,"['SPC_MBFLIP', 'UC_MPOLY', 'UC_NONE', 'UC_MPOLY', 'SPC_NONE', 'UC_MNUF']","{'UC_MPOLY': 2, 'UC_NONE': 1, 'SPC_NONE': 1, 'UC_MNUF': 1}"
23,6,NONE,MPOLY,0.6713708952454144,0.0310446886408892,805953301.76,665612000.5887475,2159342.24,1515632.6731283478,0.7241386646988813,0.0019862354231553,0.0,0.03,GREEDY_HV,"['SPC_MBFLIP', 'UC_MPOLY', 'UC_NONE', 'UC_MPOLY', 'SPC_NONE', 'UC_MNUF', 'NONE_MPOLY']","{'UC_MPOLY': 2, 'UC_NONE': 1, 'SPC_NONE': 1, 'UC_MNUF': 1, 'NONE_MPOLY': 1}"
23,7,TPC,MPOLY,0.672772429295533,0.0331041457345874,816694836.48,691779685.0754405,2171769.76,1578415.5822582413,0.7258045617240785,0.0016658970251971,0.13,0.04,GREEDY_HV,"['SPC_MBFLIP', 'UC_MPOLY', 'UC_NONE', 'UC_MPOLY', 'SPC_NONE', 'UC_MNUF', 'NONE_MPOLY', 'TPC_MPOLY']","{'UC_MPOLY': 2, 'UC_NONE': 1, 'SPC_NONE': 1, 'UC_MNUF': 1, 'NONE_MPOLY': 1, 'TPC_MPOLY': 1}"
23,8,SPC,MPOLY,0.6717702134192888,0.0377187183127696,841679773.44,750915182.5188273,2234876.32,1721496.3567263158,0.7293481698519946,0.003543608127916,0.05,0.03,GREEDY_HV,"['SPC_MBFLIP', 'UC_MPOLY', 'UC_NONE', 'UC_MPOLY', 'SPC_NONE', 'UC_MNUF', 'NONE_MPOLY', 'TPC_MPOLY', 'SPC_MPOLY']","{'UC_MPOLY': 2, 'UC_NONE': 1, 'SPC_NONE': 1, 'UC_MNUF': 1, 'NONE_MPOLY': 1, 'TPC_MPOLY': 1, 'SPC_MPOLY': 1}"
23,9,NONE,MPOLY,0.6699198142554876,0.0386979350781036,806322306.56,778829576.6385136,2194108.32,1779239.3317270998,0.7313120419067063,0.0019638720547117,0.0,0.02,GREEDY_HV,"['SPC_MBFLIP', 'UC_MPOLY', 'UC_NONE', 'UC_MPOLY', 'SPC_NONE', 'UC_MNUF', 'NONE_MPOLY', 'TPC_MPOLY', 'SPC_MPOLY', 'NONE_MPOLY']","{'UC_MPOLY': 2, 'UC_NONE': 1, 'SPC_NONE': 1, 'UC_MNUF': 1, 'NONE_MPOLY': 2, 'TPC_MPOLY': 1, 'SPC_MPOLY': 1}"
23,10,UC,NONE,0.6613231347140761,0.0406395686913957,506489850.88,409571686.0289499,1580155.04,1507587.41396849,0.7323029872051071,0.0009909452984008,0.05,0.0,GREEDY_HV,"['SPC_MBFLIP', 'UC_MPOLY', 'UC_NONE', 'UC_MPOLY', 'SPC_NONE', 'UC_MNUF', 'NONE_MPOLY', 'TPC_MPOLY', 'SPC_MPOLY', 'NONE_MPOLY', 'UC_NONE']","{'UC_MPOLY': 2, 'UC_NONE': 2, 'SPC_NONE': 1, 'UC_MNUF': 1, 'NONE_MPOLY': 2, 'TPC_MPOLY': 1, 'SPC_MPOLY': 1}"
23,11,UC,NONE,0.6590924551918262,0.0419336999362303,456387331.84,406847390.24100655,1525982.88,1668255.3915175537,0.7329359458377314,0.0006329586326242,0.04,0.0,GREEDY_HV,"['SPC_MBFLIP', 'UC_MPOLY', 'UC_NONE', 'UC_MPOLY', 'SPC_NONE', 'UC_MNUF', 'NONE_MPOLY', 'TPC_MPOLY', 'SPC_MPOLY', 'NONE_MPOLY', 'UC_NONE', 'UC_NONE']","{'UC_MPOLY': 2, 'UC_NONE': 3, 'SPC_NONE': 1, 'UC_MNUF': 1, 'NONE_MPOLY': 2, 'TPC_MPOLY': 1, 'SPC_MPOLY': 1}"
23,12,SBX,MPOLY,0.6627861015198802,0.0385491877310699,457658860.8,406473040.6621706,1548363.68,1656791.1495280445,0.7337278894373498,0.0007919435996184,0.0,0.09,GREEDY_HV,"['SPC_MBFLIP', 'UC_MPOLY', 'UC_NONE', 'UC_MPOLY', 'SPC_NONE', 'UC_MNUF', 'NONE_MPOLY', 'TPC_MPOLY', 'SPC_MPOLY', 'NONE_MPOLY', 'UC_NONE', 'UC_NONE', 'SBX_MPOLY']","{'UC_MPOLY': 2, 'UC_NONE': 3, 'SPC_NONE': 1, 'UC_MNUF': 1, 'NONE_MPOLY': 2, 'TPC_MPOLY': 1, 'SPC_MPOLY': 1, 'SBX_MPOLY': 1}"
23,13,TPC,NONE,0.6690240223010656,0.037922208355324,512050265.6,417644179.8549928,1683465.12,1485257.6840859451,0.7354775791456596,0.0017496897083097,0.05,0.0,GREEDY_HV,"['SPC_MBFLIP', 'UC_MPOLY', 'UC_NONE', 'UC_MPOLY', 'SPC_NONE', 'UC_MNUF', 'NONE_MPOLY', 'TPC_MPOLY', 'SPC_MPOLY', 'NONE_MPOLY', 'UC_NONE', 'UC_NONE', 'SBX_MPOLY', 'TPC_NONE']","{'UC_MPOLY': 2, 'UC_NONE': 3, 'SPC_NONE': 1, 'UC_MNUF': 1, 'NONE_MPOLY': 2, 'TPC_MPOLY': 1, 'SPC_MPOLY': 1, 'SBX_MPOLY': 1, 'TPC_NONE': 1}"
23,14,UC,NONE,0.663528707387606,0.0405466429931654,403597440.0,343840842.7944797,1494901.92,1524371.1314699696,0.7365219971221019,0.0010444179764422,0.02,0.0,GREEDY_HV,"['SPC_MBFLIP', 'UC_MPOLY', 'UC_NONE', 'UC_MPOLY', 'SPC_NONE', 'UC_MNUF', 'NONE_MPOLY', 'TPC_MPOLY', 'SPC_MPOLY', 'NONE_MPOLY', 'UC_NONE', 'UC_NONE', 'SBX_MPOLY', 'TPC_NONE', 'UC_NONE']","{'UC_MPOLY': 2, 'UC_NONE': 4, 'SPC_NONE': 1, 'UC_MNUF': 1, 'NONE_MPOLY': 2, 'TPC_MPOLY': 1, 'SPC_MPOLY': 1, 'SBX_MPOLY': 1, 'TPC_NONE': 1}"
23,15,UC,NONE,0.6737238645991812,0.0345503644433931,443647842.56,351225592.7945268,1737089.44,1633112.9037889838,0.7372235670986493,0.0007015699765474,0.05,0.0,GREEDY_HV,"['SPC_MBFLIP', 'UC_MPOLY', 'UC_NONE', 'UC_MPOLY', 'SPC_NONE', 'UC_MNUF', 'NONE_MPOLY', 'TPC_MPOLY', 'SPC_MPOLY', 'NONE_MPOLY', 'UC_NONE', 'UC_NONE', 'SBX_MPOLY', 'TPC_NONE', 'UC_NONE', 'UC_NONE']","{'UC_MPOLY': 2, 'UC_NONE': 5, 'SPC_NONE': 1, 'UC_MNUF': 1, 'NONE_MPOLY': 2, 'TPC_MPOLY': 1, 'SPC_MPOLY': 1, 'SBX_MPOLY': 1, 'TPC_NONE': 1}"
23,16,TPC,NONE,0.6737031543688992,0.0380834953848526,457896773.12,391178914.4699885,1880398.24,1809088.4481656773,0.7375646437546346,0.0003410766559852,0.04,0.0,GREEDY_HV,"['SPC_MBFLIP', 'UC_MPOLY', 'UC_NONE', 'UC_MPOLY', 'SPC_NONE', 'UC_MNUF', 'NONE_MPOLY', 'TPC_MPOLY', 'SPC_MPOLY', 'NONE_MPOLY', 'UC_NONE', 'UC_NONE', 'SBX_MPOLY', 'TPC_NONE', 'UC_NONE', 'UC_NONE', 'TPC_NONE']","{'UC_MPOLY': 2, 'UC_NONE': 5, 'SPC_NONE': 1, 'UC_MNUF': 1, 'NONE_MPOLY': 2, 'TPC_MPOLY': 1, 'SPC_MPOLY': 1, 'SBX_MPOLY': 1, 'TPC_NONE': 2}"
23,17,SPC,NONE,0.6802497040710709,0.038185997150617,529837601.28,422570716.4788952,2237124.0,1946018.2743123868,0.737874404907433,0.0003097611527983,0.01,0.0,GREEDY_HV,"['SPC_MBFLIP', 'UC_MPOLY', 'UC_NONE', 'UC_MPOLY', 'SPC_NONE', 'UC_MNUF', 'NONE_MPOLY', 'TPC_MPOLY', 'SPC_MPOLY', 'NONE_MPOLY', 'UC_NONE', 'UC_NONE', 'SBX_MPOLY', 'TPC_NONE', 'UC_NONE', 'UC_NONE', 'TPC_NONE', 'SPC_NONE']","{'UC_MPOLY': 2, 'UC_NONE': 5, 'SPC_NONE': 2, 'UC_MNUF': 1, 'NONE_MPOLY': 2, 'TPC_MPOLY': 1, 'SPC_MPOLY': 1, 'SBX_MPOLY': 1, 'TPC_NONE': 2}"
23,18,UC,NONE,0.6811226260990609,0.0384710588746384,571675097.6,456144665.1792779,2227494.56,2005255.425961892,0.7381267072553613,0.0002523023479283,0.01,0.0,GREEDY_HV,"['SPC_MBFLIP', 'UC_MPOLY', 'UC_NONE', 'UC_MPOLY', 'SPC_NONE', 'UC_MNUF', 'NONE_MPOLY', 'TPC_MPOLY', 'SPC_MPOLY', 'NONE_MPOLY', 'UC_NONE', 'UC_NONE', 'SBX_MPOLY', 'TPC_NONE', 'UC_NONE', 'UC_NONE', 'TPC_NONE', 'SPC_NONE', 'UC_NONE']","{'UC_MPOLY': 2, 'UC_NONE': 6, 'SPC_NONE': 2, 'UC_MNUF': 1, 'NONE_MPOLY': 2, 'TPC_MPOLY': 1, 'SPC_MPOLY': 1, 'SBX_MPOLY': 1, 'TPC_NONE': 2}"
23,19,SPC,NONE,0.682021857393855,0.0400964089472535,591135345.92,484258737.1116154,2241341.6,1987061.8006231412,0.7383156792284578,0.0001889719730964,0.0,0.0,GREEDY_HV,"['SPC_MBFLIP', 'UC_MPOLY', 'UC_NONE', 'UC_MPOLY', 'SPC_NONE', 'UC_MNUF', 'NONE_MPOLY', 'TPC_MPOLY', 'SPC_MPOLY', 'NONE_MPOLY', 'UC_NONE', 'UC_NONE', 'SBX_MPOLY', 'TPC_NONE', 'UC_NONE', 'UC_NONE', 'TPC_NONE', 'SPC_NONE', 'UC_NONE', 'SPC_NONE']","{'UC_MPOLY': 2, 'UC_NONE': 6, 'SPC_NONE': 3, 'UC_MNUF': 1, 'NONE_MPOLY': 2, 'TPC_MPOLY': 1, 'SPC_MPOLY': 1, 'SBX_MPOLY': 1, 'TPC_NONE': 2}"
23,20,SBX,NONE,0.6828748021720993,0.0404960226265575,681779001.6,912717743.4622624,2478145.44,2226673.295686928,0.739589364053324,0.0012736848248662,0.0,0.0,GREEDY_HV,"['SPC_MBFLIP', 'UC_MPOLY', 'UC_NONE', 'UC_MPOLY', 'SPC_NONE', 'UC_MNUF', 'NONE_MPOLY', 'TPC_MPOLY', 'SPC_MPOLY', 'NONE_MPOLY', 'UC_NONE', 'UC_NONE', 'SBX_MPOLY', 'TPC_NONE', 'UC_NONE', 'UC_NONE', 'TPC_NONE', 'SPC_NONE', 'UC_NONE', 'SPC_NONE', 'SBX_NONE']","{'UC_MPOLY': 2, 'UC_NONE': 6, 'SPC_NONE': 3, 'UC_MNUF': 1, 'NONE_MPOLY': 2, 'TPC_MPOLY': 1, 'SPC_MPOLY': 1, 'SBX_MPOLY': 1, 'TPC_NONE': 2, 'SBX_NONE': 1}"
23,21,TPC,NONE,0.6827907116965509,0.0405883297889944,734859562.24,1193602996.061382,2519320.48,2347017.3428850686,0.7397010651411651,0.000111701087841,0.02,0.0,GREEDY_HV,"['SPC_MBFLIP', 'UC_MPOLY', 'UC_NONE', 'UC_MPOLY', 'SPC_NONE', 'UC_MNUF', 'NONE_MPOLY', 'TPC_MPOLY', 'SPC_MPOLY', 'NONE_MPOLY', 'UC_NONE', 'UC_NONE', 'SBX_MPOLY', 'TPC_NONE', 'UC_NONE', 'UC_NONE', 'TPC_NONE', 'SPC_NONE', 'UC_NONE', 'SPC_NONE', 'SBX_NONE', 'TPC_NONE']","{'UC_MPOLY': 2, 'UC_NONE': 6, 'SPC_NONE': 3, 'UC_MNUF': 1, 'NONE_MPOLY': 2, 'TPC_MPOLY': 1, 'SPC_MPOLY': 1, 'SBX_MPOLY': 1, 'TPC_NONE': 3, 'SBX_NONE': 1}"
23,22,TPC,NONE,0.6836658014932372,0.0410908780902836,837440555.52,1410017497.739363,2544942.24,2404244.9207965024,0.73983325332422,0.0001321881830549,0.01,0.0,GREEDY_HV,"['SPC_MBFLIP', 'UC_MPOLY', 'UC_NONE', 'UC_MPOLY', 'SPC_NONE', 'UC_MNUF', 'NONE_MPOLY', 'TPC_MPOLY', 'SPC_MPOLY', 'NONE_MPOLY', 'UC_NONE', 'UC_NONE', 'SBX_MPOLY', 'TPC_NONE', 'UC_NONE', 'UC_NONE', 'TPC_NONE', 'SPC_NONE', 'UC_NONE', 'SPC_NONE', 'SBX_NONE', 'TPC_NONE', 'TPC_NONE']","{'UC_MPOLY': 2, 'UC_NONE': 6, 'SPC_NONE': 3, 'UC_MNUF': 1, 'NONE_MPOLY': 2, 'TPC_MPOLY': 1, 'SPC_MPOLY': 1, 'SBX_MPOLY': 1, 'TPC_NONE': 4, 'SBX_NONE': 1}"
23,23,SBX,MPOLY,0.6872512574747403,0.0345255736634305,836010699.52,1409306444.928898,2557650.08,2393277.0928473105,0.73990748777011,7.423444588994244e-05,0.0,0.02,GREEDY_HV,"['SPC_MBFLIP', 'UC_MPOLY', 'UC_NONE', 'UC_MPOLY', 'SPC_NONE', 'UC_MNUF', 'NONE_MPOLY', 'TPC_MPOLY', 'SPC_MPOLY', 'NONE_MPOLY', 'UC_NONE', 'UC_NONE', 'SBX_MPOLY', 'TPC_NONE', 'UC_NONE', 'UC_NONE', 'TPC_NONE', 'SPC_NONE', 'UC_NONE', 'SPC_NONE', 'SBX_NONE', 'TPC_NONE', 'TPC_NONE', 'SBX_MPOLY']","{'UC_MPOLY': 2, 'UC_NONE': 6, 'SPC_NONE': 3, 'UC_MNUF': 1, 'NONE_MPOLY': 2, 'TPC_MPOLY': 1, 'SPC_MPOLY': 1, 'SBX_MPOLY': 2, 'TPC_NONE': 4, 'SBX_NONE': 1}"
23,24,SBX,MPOLY,0.6857996870109859,0.0359080078446481,819097634.56,1409183503.2372243,2497394.08,2381948.0443637203,0.7400436100036438,0.0001361222335338,0.0,0.06,GREEDY_HV,"['SPC_MBFLIP', 'UC_MPOLY', 'UC_NONE', 'UC_MPOLY', 'SPC_NONE', 'UC_MNUF', 'NONE_MPOLY', 'TPC_MPOLY', 'SPC_MPOLY', 'NONE_MPOLY', 'UC_NONE', 'UC_NONE', 'SBX_MPOLY', 'TPC_NONE', 'UC_NONE', 'UC_NONE', 'TPC_NONE', 'SPC_NONE', 'UC_NONE', 'SPC_NONE', 'SBX_NONE', 'TPC_NONE', 'TPC_NONE', 'SBX_MPOLY', 'SBX_MPOLY']","{'UC_MPOLY': 2, 'UC_NONE': 6, 'SPC_NONE': 3, 'UC_MNUF': 1, 'NONE_MPOLY': 2, 'TPC_MPOLY': 1, 'SPC_MPOLY': 1, 'SBX_MPOLY': 3, 'TPC_NONE': 4, 'SBX_NONE': 1}"
23,25,TPC,NONE,0.6844789770453249,0.0391584563190265,902470871.04,1594589143.5659914,2579878.56,2483514.538560386,0.7401970390413519,0.000153429037708,0.0,0.0,GREEDY_HV,"['SPC_MBFLIP', 'UC_MPOLY', 'UC_NONE', 'UC_MPOLY', 'SPC_NONE', 'UC_MNUF', 'NONE_MPOLY', 'TPC_MPOLY', 'SPC_MPOLY', 'NONE_MPOLY', 'UC_NONE', 'UC_NONE', 'SBX_MPOLY', 'TPC_NONE', 'UC_NONE', 'UC_NONE', 'TPC_NONE', 'SPC_NONE', 'UC_NONE', 'SPC_NONE', 'SBX_NONE', 'TPC_NONE', 'TPC_NONE', 'SBX_MPOLY', 'SBX_MPOLY', 'TPC_NONE']","{'UC_MPOLY': 2, 'UC_NONE': 6, 'SPC_NONE': 3, 'UC_MNUF': 1, 'NONE_MPOLY': 2, 'TPC_MPOLY': 1, 'SPC_MPOLY': 1, 'SBX_MPOLY': 3, 'TPC_NONE': 5, 'SBX_NONE': 1}"
23,26,TPC,NONE,0.6860408620606734,0.0387818083129122,933868416.0,1592811947.4029195,2711804.32,2505968.3290515025,0.7402299668825415,3.2927841189578366e-05,0.02,0.0,GREEDY_HV,"['SPC_MBFLIP', 'UC_MPOLY', 'UC_NONE', 'UC_MPOLY', 'SPC_NONE', 'UC_MNUF', 'NONE_MPOLY', 'TPC_MPOLY', 'SPC_MPOLY', 'NONE_MPOLY', 'UC_NONE', 'UC_NONE', 'SBX_MPOLY', 'TPC_NONE', 'UC_NONE', 'UC_NONE', 'TPC_NONE', 'SPC_NONE', 'UC_NONE', 'SPC_NONE', 'SBX_NONE', 'TPC_NONE', 'TPC_NONE', 'SBX_MPOLY', 'SBX_MPOLY', 'TPC_NONE', 'TPC_NONE']","{'UC_MPOLY': 2, 'UC_NONE': 6, 'SPC_NONE': 3, 'UC_MNUF': 1, 'NONE_MPOLY': 2, 'TPC_MPOLY': 1, 'SPC_MPOLY': 1, 'SBX_MPOLY': 3, 'TPC_NONE': 6, 'SBX_NONE': 1}"
23,27,UC,NONE,0.6869803759872637,0.0367016518044351,939308912.64,1592570344.2783434,2708646.56,2505421.785554554,0.7403041259765158,7.415909397434639e-05,0.0,0.0,GREEDY_HV,"['SPC_MBFLIP', 'UC_MPOLY', 'UC_NONE', 'UC_MPOLY', 'SPC_NONE', 'UC_MNUF', 'NONE_MPOLY', 'TPC_MPOLY', 'SPC_MPOLY', 'NONE_MPOLY', 'UC_NONE', 'UC_NONE', 'SBX_MPOLY', 'TPC_NONE', 'UC_NONE', 'UC_NONE', 'TPC_NONE', 'SPC_NONE', 'UC_NONE', 'SPC_NONE', 'SBX_NONE', 'TPC_NONE', 'TPC_NONE', 'SBX_MPOLY', 'SBX_MPOLY', 'TPC_NONE', 'TPC_NONE', 'UC_NONE']","{'UC_MPOLY': 2, 'UC_NONE': 7, 'SPC_NONE': 3, 'UC_MNUF': 1, 'NONE_MPOLY': 2, 'TPC_MPOLY': 1, 'SPC_MPOLY': 1, 'SBX_MPOLY': 3, 'TPC_NONE': 6, 'SBX_NONE': 1}"
23,28,UC,NONE,0.685168664458576,0.0382553447607825,923526704.64,1596376270.5999477,2673209.76,2495926.794811117,0.7403260354663614,2.1909489845595157e-05,0.0,0.0,GREEDY_HV,"['SPC_MBFLIP', 'UC_MPOLY', 'UC_NONE', 'UC_MPOLY', 'SPC_NONE', 'UC_MNUF', 'NONE_MPOLY', 'TPC_MPOLY', 'SPC_MPOLY', 'NONE_MPOLY', 'UC_NONE', 'UC_NONE', 'SBX_MPOLY', 'TPC_NONE', 'UC_NONE', 'UC_NONE', 'TPC_NONE', 'SPC_NONE', 'UC_NONE', 'SPC_NONE', 'SBX_NONE', 'TPC_NONE', 'TPC_NONE', 'SBX_MPOLY', 'SBX_MPOLY', 'TPC_NONE', 'TPC_NONE', 'UC_NONE', 'UC_NONE']","{'UC_MPOLY': 2, 'UC_NONE': 8, 'SPC_NONE': 3, 'UC_MNUF': 1, 'NONE_MPOLY': 2, 'TPC_MPOLY': 1, 'SPC_MPOLY': 1, 'SBX_MPOLY': 3, 'TPC_NONE': 6, 'SBX_NONE': 1}"
23,29,SPC,NONE,0.6840416141579356,0.0379870867675292,818716029.44,1410632497.82788,2597472.16,2458740.699035012,0.7402918948626336,-3.414060372786132e-05,0.01,0.0,GREEDY_HV,"['SPC_MBFLIP', 'UC_MPOLY', 'UC_NONE', 'UC_MPOLY', 'SPC_NONE', 'UC_MNUF', 'NONE_MPOLY', 'TPC_MPOLY', 'SPC_MPOLY', 'NONE_MPOLY', 'UC_NONE', 'UC_NONE', 'SBX_MPOLY', 'TPC_NONE', 'UC_NONE', 'UC_NONE', 'TPC_NONE', 'SPC_NONE', 'UC_NONE', 'SPC_NONE', 'SBX_NONE', 'TPC_NONE', 'TPC_NONE', 'SBX_MPOLY', 'SBX_MPOLY', 'TPC_NONE', 'TPC_NONE', 'UC_NONE', 'UC_NONE', 'SPC_NONE']","{'UC_MPOLY': 2, 'UC_NONE': 8, 'SPC_NONE': 4, 'UC_MNUF': 1, 'NONE_MPOLY': 2, 'TPC_MPOLY': 1, 'SPC_MPOLY': 1, 'SBX_MPOLY': 3, 'TPC_NONE': 6, 'SBX_NONE': 1}"
23,30,UC,NONE,0.6838928577296594,0.0380242935091999,950892633.6,1745679581.4528878,2634058.4,2590638.219389068,0.740338003204962,4.610834232843253e-05,0.0,0.0,GREEDY_HV,"['SPC_MBFLIP', 'UC_MPOLY', 'UC_NONE', 'UC_MPOLY', 'SPC_NONE', 'UC_MNUF', 'NONE_MPOLY', 'TPC_MPOLY', 'SPC_MPOLY', 'NONE_MPOLY', 'UC_NONE', 'UC_NONE', 'SBX_MPOLY', 'TPC_NONE', 'UC_NONE', 'UC_NONE', 'TPC_NONE', 'SPC_NONE', 'UC_NONE', 'SPC_NONE', 'SBX_NONE', 'TPC_NONE', 'TPC_NONE', 'SBX_MPOLY', 'SBX_MPOLY', 'TPC_NONE', 'TPC_NONE', 'UC_NONE', 'UC_NONE', 'SPC_NONE', 'UC_NONE']","{'UC_MPOLY': 2, 'UC_NONE': 9, 'SPC_NONE': 4, 'UC_MNUF': 1, 'NONE_MPOLY': 2, 'TPC_MPOLY': 1, 'SPC_MPOLY': 1, 'SBX_MPOLY': 3, 'TPC_NONE': 6, 'SBX_NONE': 1}"
23,31,UC,MPOLY,0.683949874067693,0.038016388731229,895964828.16,1602891892.6154914,2617769.12,2554232.8604008257,0.7406626889701893,0.0003246857652272,0.03,0.0,GREEDY_HV,"['SPC_MBFLIP', 'UC_MPOLY', 'UC_NONE', 'UC_MPOLY', 'SPC_NONE', 'UC_MNUF', 'NONE_MPOLY', 'TPC_MPOLY', 'SPC_MPOLY', 'NONE_MPOLY', 'UC_NONE', 'UC_NONE', 'SBX_MPOLY', 'TPC_NONE', 'UC_NONE', 'UC_NONE', 'TPC_NONE', 'SPC_NONE', 'UC_NONE', 'SPC_NONE', 'SBX_NONE', 'TPC_NONE', 'TPC_NONE', 'SBX_MPOLY', 'SBX_MPOLY', 'TPC_NONE', 'TPC_NONE', 'UC_NONE', 'UC_NONE', 'SPC_NONE', 'UC_NONE', 'UC_MPOLY']","{'UC_MPOLY': 3, 'UC_NONE': 9, 'SPC_NONE': 4, 'UC_MNUF': 1, 'NONE_MPOLY': 2, 'TPC_MPOLY': 1, 'SPC_MPOLY': 1, 'SBX_MPOLY': 3, 'TPC_NONE': 6, 'SBX_NONE': 1}"
23,32,TPC,NONE,0.6836280349536713,0.0398218032500978,948227132.16,1608859554.8009148,2778336.16,2606704.1242090766,0.740739712552274,7.702358208472315e-05,0.0,0.0,GREEDY_HV,"['SPC_MBFLIP', 'UC_MPOLY', 'UC_NONE', 'UC_MPOLY', 'SPC_NONE', 'UC_MNUF', 'NONE_MPOLY', 'TPC_MPOLY', 'SPC_MPOLY', 'NONE_MPOLY', 'UC_NONE', 'UC_NONE', 'SBX_MPOLY', 'TPC_NONE', 'UC_NONE', 'UC_NONE', 'TPC_NONE', 'SPC_NONE', 'UC_NONE', 'SPC_NONE', 'SBX_NONE', 'TPC_NONE', 'TPC_NONE', 'SBX_MPOLY', 'SBX_MPOLY', 'TPC_NONE', 'TPC_NONE', 'UC_NONE', 'UC_NONE', 'SPC_NONE', 'UC_NONE', 'UC_MPOLY', 'TPC_NONE']","{'UC_MPOLY': 3, 'UC_NONE': 9, 'SPC_NONE': 4, 'UC_MNUF': 1, 'NONE_MPOLY': 2, 'TPC_MPOLY': 1, 'SPC_MPOLY': 1, 'SBX_MPOLY': 3, 'TPC_NONE': 7, 'SBX_NONE': 1}"
23,33,TPC,MPOLY,0.6811238259303727,0.0407445206950732,887199943.68,1597891135.4098077,2635468.96,2546921.7907568417,0.740777751150896,3.8038598621947806e-05,0.0,0.01,GREEDY_HV,"['SPC_MBFLIP', 'UC_MPOLY', 'UC_NONE', 'UC_MPOLY', 'SPC_NONE', 'UC_MNUF', 'NONE_MPOLY', 'TPC_MPOLY', 'SPC_MPOLY', 'NONE_MPOLY', 'UC_NONE', 'UC_NONE', 'SBX_MPOLY', 'TPC_NONE', 'UC_NONE', 'UC_NONE', 'TPC_NONE', 'SPC_NONE', 'UC_NONE', 'SPC_NONE', 'SBX_NONE', 'TPC_NONE', 'TPC_NONE', 'SBX_MPOLY', 'SBX_MPOLY', 'TPC_NONE', 'TPC_NONE', 'UC_NONE', 'UC_NONE', 'SPC_NONE', 'UC_NONE', 'UC_MPOLY', 'TPC_NONE', 'TPC_MPOLY']","{'UC_MPOLY': 3, 'UC_NONE': 9, 'SPC_NONE': 4, 'UC_MNUF': 1, 'NONE_MPOLY': 2, 'TPC_MPOLY': 2, 'SPC_MPOLY': 1, 'SBX_MPOLY': 3, 'TPC_NONE': 7, 'SBX_NONE': 1}"
23,34,TPC,NONE,0.6815595094644448,0.0406765631682924,885993784.32,1595439518.650398,2703984.8,2560631.6531451065,0.740896481936336,0.00011873078544,0.01,0.0,GREEDY_HV,"['SPC_MBFLIP', 'UC_MPOLY', 'UC_NONE', 'UC_MPOLY', 'SPC_NONE', 'UC_MNUF', 'NONE_MPOLY', 'TPC_MPOLY', 'SPC_MPOLY', 'NONE_MPOLY', 'UC_NONE', 'UC_NONE', 'SBX_MPOLY', 'TPC_NONE', 'UC_NONE', 'UC_NONE', 'TPC_NONE', 'SPC_NONE', 'UC_NONE', 'SPC_NONE', 'SBX_NONE', 'TPC_NONE', 'TPC_NONE', 'SBX_MPOLY', 'SBX_MPOLY', 'TPC_NONE', 'TPC_NONE', 'UC_NONE', 'UC_NONE', 'SPC_NONE', 'UC_NONE', 'UC_MPOLY', 'TPC_NONE', 'TPC_MPOLY', 'TPC_NONE']","{'UC_MPOLY': 3, 'UC_NONE': 9, 'SPC_NONE': 4, 'UC_MNUF': 1, 'NONE_MPOLY': 2, 'TPC_MPOLY': 2, 'SPC_MPOLY': 1, 'SBX_MPOLY': 3, 'TPC_NONE': 8, 'SBX_NONE': 1}"
23,35,TPC,NONE,0.6829751059946915,0.0407027905409791,924287938.56,1598175011.7554476,2793518.24,2583596.376863743,0.7408615558453446,-3.492609099131627e-05,0.0,0.0,GREEDY_HV,"['SPC_MBFLIP', 'UC_MPOLY', 'UC_NONE', 'UC_MPOLY', 'SPC_NONE', 'UC_MNUF', 'NONE_MPOLY', 'TPC_MPOLY', 'SPC_MPOLY', 'NONE_MPOLY', 'UC_NONE', 'UC_NONE', 'SBX_MPOLY', 'TPC_NONE', 'UC_NONE', 'UC_NONE', 'TPC_NONE', 'SPC_NONE', 'UC_NONE', 'SPC_NONE', 'SBX_NONE', 'TPC_NONE', 'TPC_NONE', 'SBX_MPOLY', 'SBX_MPOLY', 'TPC_NONE', 'TPC_NONE', 'UC_NONE', 'UC_NONE', 'SPC_NONE', 'UC_NONE', 'UC_MPOLY', 'TPC_NONE', 'TPC_MPOLY', 'TPC_NONE', 'TPC_NONE']","{'UC_MPOLY': 3, 'UC_NONE': 9, 'SPC_NONE': 4, 'UC_MNUF': 1, 'NONE_MPOLY': 2, 'TPC_MPOLY': 2, 'SPC_MPOLY': 1, 'SBX_MPOLY': 3, 'TPC_NONE': 9, 'SBX_NONE': 1}"
23,36,UC,NONE,0.6824431179954422,0.0404575704684615,911986288.64,1599042377.1651418,2652362.4,2525675.88017123,0.7408933468770706,3.179103172601394e-05,0.0,0.0,GREEDY_HV,"['SPC_MBFLIP', 'UC_MPOLY', 'UC_NONE', 'UC_MPOLY', 'SPC_NONE', 'UC_MNUF', 'NONE_MPOLY', 'TPC_MPOLY', 'SPC_MPOLY', 'NONE_MPOLY', 'UC_NONE', 'UC_NONE', 'SBX_MPOLY', 'TPC_NONE', 'UC_NONE', 'UC_NONE', 'TPC_NONE', 'SPC_NONE', 'UC_NONE', 'SPC_NONE', 'SBX_NONE', 'TPC_NONE', 'TPC_NONE', 'SBX_MPOLY', 'SBX_MPOLY', 'TPC_NONE', 'TPC_NONE', 'UC_NONE', 'UC_NONE', 'SPC_NONE', 'UC_NONE', 'UC_MPOLY', 'TPC_NONE', 'TPC_MPOLY', 'TPC_NONE', 'TPC_NONE', 'UC_NONE']","{'UC_MPOLY': 3, 'UC_NONE': 10, 'SPC_NONE': 4, 'UC_MNUF': 1, 'NONE_MPOLY': 2, 'TPC_MPOLY': 2, 'SPC_MPOLY': 1, 'SBX_MPOLY': 3, 'TPC_NONE': 9, 'SBX_NONE': 1}"
23,37,SPC,NONE,0.6827181939327949,0.0409447616371941,915551206.4,1597982561.5223782,2726044.32,2550374.727234861,0.7409240287178152,3.068184074450642e-05,0.0,0.0,GREEDY_HV,"['SPC_MBFLIP', 'UC_MPOLY', 'UC_NONE', 'UC_MPOLY', 'SPC_NONE', 'UC_MNUF', 'NONE_MPOLY', 'TPC_MPOLY', 'SPC_MPOLY', 'NONE_MPOLY', 'UC_NONE', 'UC_NONE', 'SBX_MPOLY', 'TPC_NONE', 'UC_NONE', 'UC_NONE', 'TPC_NONE', 'SPC_NONE', 'UC_NONE', 'SPC_NONE', 'SBX_NONE', 'TPC_NONE', 'TPC_NONE', 'SBX_MPOLY', 'SBX_MPOLY', 'TPC_NONE', 'TPC_NONE', 'UC_NONE', 'UC_NONE', 'SPC_NONE', 'UC_NONE', 'UC_MPOLY', 'TPC_NONE', 'TPC_MPOLY', 'TPC_NONE', 'TPC_NONE', 'UC_NONE', 'SPC_NONE']","{'UC_MPOLY': 3, 'UC_NONE': 10, 'SPC_NONE': 5, 'UC_MNUF': 1, 'NONE_MPOLY': 2, 'TPC_MPOLY': 2, 'SPC_MPOLY': 1, 'SBX_MPOLY': 3, 'TPC_NONE': 9, 'SBX_NONE': 1}"
23,38,SPC,NONE,0.6808941387637426,0.0405348469509169,883545246.72,1605021354.7336502,2537715.36,2496149.8793502105,0.7409573355881658,3.330687035063562e-05,0.01,0.0,GREEDY_HV,"['SPC_MBFLIP', 'UC_MPOLY', 'UC_NONE', 'UC_MPOLY', 'SPC_NONE', 'UC_MNUF', 'NONE_MPOLY', 'TPC_MPOLY', 'SPC_MPOLY', 'NONE_MPOLY', 'UC_NONE', 'UC_NONE', 'SBX_MPOLY', 'TPC_NONE', 'UC_NONE', 'UC_NONE', 'TPC_NONE', 'SPC_NONE', 'UC_NONE', 'SPC_NONE', 'SBX_NONE', 'TPC_NONE', 'TPC_NONE', 'SBX_MPOLY', 'SBX_MPOLY', 'TPC_NONE', 'TPC_NONE', 'UC_NONE', 'UC_NONE', 'SPC_NONE', 'UC_NONE', 'UC_MPOLY', 'TPC_NONE', 'TPC_MPOLY', 'TPC_NONE', 'TPC_NONE', 'UC_NONE', 'SPC_NONE', 'SPC_NONE']","{'UC_MPOLY': 3, 'UC_NONE': 10, 'SPC_NONE': 6, 'UC_MNUF': 1, 'NONE_MPOLY': 2, 'TPC_MPOLY': 2, 'SPC_MPOLY': 1, 'SBX_MPOLY': 3, 'TPC_NONE': 9, 'SBX_NONE': 1}"
23,39,TPC,NONE,0.6812727917736519,0.0407562022648134,905861862.4,1605358186.7654116,2533090.72,2490651.0580251664,0.7409774923196899,2.015673152411246e-05,0.0,0.0,GREEDY_HV,"['SPC_MBFLIP', 'UC_MPOLY', 'UC_NONE', 'UC_MPOLY', 'SPC_NONE', 'UC_MNUF', 'NONE_MPOLY', 'TPC_MPOLY', 'SPC_MPOLY', 'NONE_MPOLY', 'UC_NONE', 'UC_NONE', 'SBX_MPOLY', 'TPC_NONE', 'UC_NONE', 'UC_NONE', 'TPC_NONE', 'SPC_NONE', 'UC_NONE', 'SPC_NONE', 'SBX_NONE', 'TPC_NONE', 'TPC_NONE', 'SBX_MPOLY', 'SBX_MPOLY', 'TPC_NONE', 'TPC_NONE', 'UC_NONE', 'UC_NONE', 'SPC_NONE', 'UC_NONE', 'UC_MPOLY', 'TPC_NONE', 'TPC_MPOLY', 'TPC_NONE', 'TPC_NONE', 'UC_NONE', 'SPC_NONE', 'SPC_NONE', 'TPC_NONE']","{'UC_MPOLY': 3, 'UC_NONE': 10, 'SPC_NONE': 6, 'UC_MNUF': 1, 'NONE_MPOLY': 2, 'TPC_MPOLY': 2, 'SPC_MPOLY': 1, 'SBX_MPOLY': 3, 'TPC_NONE': 10, 'SBX_NONE': 1}"
23,40,UC,NONE,0.6814000429121739,0.0407663454597837,928896409.6,1616901010.5223148,2447522.72,2448902.5791252623,0.7410660695614975,8.857724180755255e-05,0.02,0.0,GREEDY_HV,"['SPC_MBFLIP', 'UC_MPOLY', 'UC_NONE', 'UC_MPOLY', 'SPC_NONE', 'UC_MNUF', 'NONE_MPOLY', 'TPC_MPOLY', 'SPC_MPOLY', 'NONE_MPOLY', 'UC_NONE', 'UC_NONE', 'SBX_MPOLY', 'TPC_NONE', 'UC_NONE', 'UC_NONE', 'TPC_NONE', 'SPC_NONE', 'UC_NONE', 'SPC_NONE', 'SBX_NONE', 'TPC_NONE', 'TPC_NONE', 'SBX_MPOLY', 'SBX_MPOLY', 'TPC_NONE', 'TPC_NONE', 'UC_NONE', 'UC_NONE', 'SPC_NONE', 'UC_NONE', 'UC_MPOLY', 'TPC_NONE', 'TPC_MPOLY', 'TPC_NONE', 'TPC_NONE', 'UC_NONE', 'SPC_NONE', 'SPC_NONE', 'TPC_NONE', 'UC_NONE']","{'UC_MPOLY': 3, 'UC_NONE': 11, 'SPC_NONE': 6, 'UC_MNUF': 1, 'NONE_MPOLY': 2, 'TPC_MPOLY': 2, 'SPC_MPOLY': 1, 'SBX_MPOLY': 3, 'TPC_NONE': 10, 'SBX_NONE': 1}"
23,41,UC,NONE,0.6823362338125114,0.0407652092636788,934061030.4,1618386720.0222557,2546752.16,2474258.5177218267,0.7411134588009378,4.7389239440365216e-05,0.0,0.0,GREEDY_HV,"['SPC_MBFLIP', 'UC_MPOLY', 'UC_NONE', 'UC_MPOLY', 'SPC_NONE', 'UC_MNUF', 'NONE_MPOLY', 'TPC_MPOLY', 'SPC_MPOLY', 'NONE_MPOLY', 'UC_NONE', 'UC_NONE', 'SBX_MPOLY', 'TPC_NONE', 'UC_NONE', 'UC_NONE', 'TPC_NONE', 'SPC_NONE', 'UC_NONE', 'SPC_NONE', 'SBX_NONE', 'TPC_NONE', 'TPC_NONE', 'SBX_MPOLY', 'SBX_MPOLY', 'TPC_NONE', 'TPC_NONE', 'UC_NONE', 'UC_NONE', 'SPC_NONE', 'UC_NONE', 'UC_MPOLY', 'TPC_NONE', 'TPC_MPOLY', 'TPC_NONE', 'TPC_NONE', 'UC_NONE', 'SPC_NONE', 'SPC_NONE', 'TPC_NONE', 'UC_NONE', 'UC_NONE']","{'UC_MPOLY': 3, 'UC_NONE': 12, 'SPC_NONE': 6, 'UC_MNUF': 1, 'NONE_MPOLY': 2, 'TPC_MPOLY': 2, 'SPC_MPOLY': 1, 'SBX_MPOLY': 3, 'TPC_NONE': 10, 'SBX_NONE': 1}"
23,42,SPC,NONE,0.6831457626443407,0.0409295816281091,985303910.4,1617671584.4175825,2613399.2,2472040.236907482,0.741123972196588,1.0513395650169066e-05,0.0,0.0,GREEDY_HV,"['SPC_MBFLIP', 'UC_MPOLY', 'UC_NONE', 'UC_MPOLY', 'SPC_NONE', 'UC_MNUF', 'NONE_MPOLY', 'TPC_MPOLY', 'SPC_MPOLY', 'NONE_MPOLY', 'UC_NONE', 'UC_NONE', 'SBX_MPOLY', 'TPC_NONE', 'UC_NONE', 'UC_NONE', 'TPC_NONE', 'SPC_NONE', 'UC_NONE', 'SPC_NONE', 'SBX_NONE', 'TPC_NONE', 'TPC_NONE', 'SBX_MPOLY', 'SBX_MPOLY', 'TPC_NONE', 'TPC_NONE', 'UC_NONE', 'UC_NONE', 'SPC_NONE', 'UC_NONE', 'UC_MPOLY', 'TPC_NONE', 'TPC_MPOLY', 'TPC_NONE', 'TPC_NONE', 'UC_NONE', 'SPC_NONE', 'SPC_NONE', 'TPC_NONE', 'UC_NONE', 'UC_NONE', 'SPC_NONE']","{'UC_MPOLY': 3, 'UC_NONE': 12, 'SPC_NONE': 7, 'UC_MNUF': 1, 'NONE_MPOLY': 2, 'TPC_MPOLY': 2, 'SPC_MPOLY': 1, 'SBX_MPOLY': 3, 'TPC_NONE': 10, 'SBX_NONE': 1}"
23,43,SPC,NONE,0.6828659807347267,0.0409426103510048,974496819.2,1615244120.5162709,2628908.96,2493407.8849516218,0.7411652051429041,4.123294631608321e-05,0.01,0.0,GREEDY_HV,"['SPC_MBFLIP', 'UC_MPOLY', 'UC_NONE', 'UC_MPOLY', 'SPC_NONE', 'UC_MNUF', 'NONE_MPOLY', 'TPC_MPOLY', 'SPC_MPOLY', 'NONE_MPOLY', 'UC_NONE', 'UC_NONE', 'SBX_MPOLY', 'TPC_NONE', 'UC_NONE', 'UC_NONE', 'TPC_NONE', 'SPC_NONE', 'UC_NONE', 'SPC_NONE', 'SBX_NONE', 'TPC_NONE', 'TPC_NONE', 'SBX_MPOLY', 'SBX_MPOLY', 'TPC_NONE', 'TPC_NONE', 'UC_NONE', 'UC_NONE', 'SPC_NONE', 'UC_NONE', 'UC_MPOLY', 'TPC_NONE', 'TPC_MPOLY', 'TPC_NONE', 'TPC_NONE', 'UC_NONE', 'SPC_NONE', 'SPC_NONE', 'TPC_NONE', 'UC_NONE', 'UC_NONE', 'SPC_NONE', 'SPC_NONE']","{'UC_MPOLY': 3, 'UC_NONE': 12, 'SPC_NONE': 8, 'UC_MNUF': 1, 'NONE_MPOLY': 2, 'TPC_MPOLY': 2, 'SPC_MPOLY': 1, 'SBX_MPOLY': 3, 'TPC_NONE': 10, 'SBX_NONE': 1}"
23,44,TPC,NONE,0.6833883400489489,0.0411318471717578,970425738.24,1611706723.7017596,2688595.36,2480647.2844082112,0.7411809707193258,1.5765576421689076e-05,0.0,0.0,GREEDY_HV,"['SPC_MBFLIP', 'UC_MPOLY', 'UC_NONE', 'UC_MPOLY', 'SPC_NONE', 'UC_MNUF', 'NONE_MPOLY', 'TPC_MPOLY', 'SPC_MPOLY', 'NONE_MPOLY', 'UC_NONE', 'UC_NONE', 'SBX_MPOLY', 'TPC_NONE', 'UC_NONE', 'UC_NONE', 'TPC_NONE', 'SPC_NONE', 'UC_NONE', 'SPC_NONE', 'SBX_NONE', 'TPC_NONE', 'TPC_NONE', 'SBX_MPOLY', 'SBX_MPOLY', 'TPC_NONE', 'TPC_NONE', 'UC_NONE', 'UC_NONE', 'SPC_NONE', 'UC_NONE', 'UC_MPOLY', 'TPC_NONE', 'TPC_MPOLY', 'TPC_NONE', 'TPC_NONE', 'UC_NONE', 'SPC_NONE', 'SPC_NONE', 'TPC_NONE', 'UC_NONE', 'UC_NONE', 'SPC_NONE', 'SPC_NONE', 'TPC_NONE']","{'UC_MPOLY': 3, 'UC_NONE': 12, 'SPC_NONE': 8, 'UC_MNUF': 1, 'NONE_MPOLY': 2, 'TPC_MPOLY': 2, 'SPC_MPOLY': 1, 'SBX_MPOLY': 3, 'TPC_NONE': 11, 'SBX_NONE': 1}"
23,45,UC,NONE,0.6824349197244512,0.0405646012896978,951532180.48,1617089815.2195578,2597936.8,2470153.412439316,0.7411239001133446,-5.707060598114655e-05,0.0,0.0,GREEDY_HV,"['SPC_MBFLIP', 'UC_MPOLY', 'UC_NONE', 'UC_MPOLY', 'SPC_NONE', 'UC_MNUF', 'NONE_MPOLY', 'TPC_MPOLY', 'SPC_MPOLY', 'NONE_MPOLY', 'UC_NONE', 'UC_NONE', 'SBX_MPOLY', 'TPC_NONE', 'UC_NONE', 'UC_NONE', 'TPC_NONE', 'SPC_NONE', 'UC_NONE', 'SPC_NONE', 'SBX_NONE', 'TPC_NONE', 'TPC_NONE', 'SBX_MPOLY', 'SBX_MPOLY', 'TPC_NONE', 'TPC_NONE', 'UC_NONE', 'UC_NONE', 'SPC_NONE', 'UC_NONE', 'UC_MPOLY', 'TPC_NONE', 'TPC_MPOLY', 'TPC_NONE', 'TPC_NONE', 'UC_NONE', 'SPC_NONE', 'SPC_NONE', 'TPC_NONE', 'UC_NONE', 'UC_NONE', 'SPC_NONE', 'SPC_NONE', 'TPC_NONE', 'UC_NONE']","{'UC_MPOLY': 3, 'UC_NONE': 13, 'SPC_NONE': 8, 'UC_MNUF': 1, 'NONE_MPOLY': 2, 'TPC_MPOLY': 2, 'SPC_MPOLY': 1, 'SBX_MPOLY': 3, 'TPC_NONE': 11, 'SBX_NONE': 1}"
23,46,UC,NONE,0.681601304580353,0.0410082228720873,961068656.64,1619569550.9359589,2605998.24,2511510.389147969,0.7410795149950482,-4.438511829640834e-05,0.0,0.0,GREEDY_HV,"['SPC_MBFLIP', 'UC_MPOLY', 'UC_NONE', 'UC_MPOLY', 'SPC_NONE', 'UC_MNUF', 'NONE_MPOLY', 'TPC_MPOLY', 'SPC_MPOLY', 'NONE_MPOLY', 'UC_NONE', 'UC_NONE', 'SBX_MPOLY', 'TPC_NONE', 'UC_NONE', 'UC_NONE', 'TPC_NONE', 'SPC_NONE', 'UC_NONE', 'SPC_NONE', 'SBX_NONE', 'TPC_NONE', 'TPC_NONE', 'SBX_MPOLY', 'SBX_MPOLY', 'TPC_NONE', 'TPC_NONE', 'UC_NONE', 'UC_NONE', 'SPC_NONE', 'UC_NONE', 'UC_MPOLY', 'TPC_NONE', 'TPC_MPOLY', 'TPC_NONE', 'TPC_NONE', 'UC_NONE', 'SPC_NONE', 'SPC_NONE', 'TPC_NONE', 'UC_NONE', 'UC_NONE', 'SPC_NONE', 'SPC_NONE', 'TPC_NONE', 'UC_NONE', 'UC_NONE']","{'UC_MPOLY': 3, 'UC_NONE': 14, 'SPC_NONE': 8, 'UC_MNUF': 1, 'NONE_MPOLY': 2, 'TPC_MPOLY': 2, 'SPC_MPOLY': 1, 'SBX_MPOLY': 3, 'TPC_NONE': 11, 'SBX_NONE': 1}"
23,47,TPC,NONE,0.6827496025668987,0.0406660066871739,947247201.28,1614921940.4290578,2621543.84,2493540.628143101,0.7410517151531972,-2.779984185097284e-05,0.0,0.0,GREEDY_HV,"['SPC_MBFLIP', 'UC_MPOLY', 'UC_NONE', 'UC_MPOLY', 'SPC_NONE', 'UC_MNUF', 'NONE_MPOLY', 'TPC_MPOLY', 'SPC_MPOLY', 'NONE_MPOLY', 'UC_NONE', 'UC_NONE', 'SBX_MPOLY', 'TPC_NONE', 'UC_NONE', 'UC_NONE', 'TPC_NONE', 'SPC_NONE', 'UC_NONE', 'SPC_NONE', 'SBX_NONE', 'TPC_NONE', 'TPC_NONE', 'SBX_MPOLY', 'SBX_MPOLY', 'TPC_NONE', 'TPC_NONE', 'UC_NONE', 'UC_NONE', 'SPC_NONE', 'UC_NONE', 'UC_MPOLY', 'TPC_NONE', 'TPC_MPOLY', 'TPC_NONE', 'TPC_NONE', 'UC_NONE', 'SPC_NONE', 'SPC_NONE', 'TPC_NONE', 'UC_NONE', 'UC_NONE', 'SPC_NONE', 'SPC_NONE', 'TPC_NONE', 'UC_NONE', 'UC_NONE', 'TPC_NONE']","{'UC_MPOLY': 3, 'UC_NONE': 14, 'SPC_NONE': 8, 'UC_MNUF': 1, 'NONE_MPOLY': 2, 'TPC_MPOLY': 2, 'SPC_MPOLY': 1, 'SBX_MPOLY': 3, 'TPC_NONE': 12, 'SBX_NONE': 1}"
23,48,TPC,NONE,0.683872531619867,0.0409860477643704,1050679767.04,1770638362.9674575,2744962.72,2572127.145201147,0.7410556883807555,3.973227558295989e-06,0.0,0.0,GREEDY_HV,"['SPC_MBFLIP', 'UC_MPOLY', 'UC_NONE', 'UC_MPOLY', 'SPC_NONE', 'UC_MNUF', 'NONE_MPOLY', 'TPC_MPOLY', 'SPC_MPOLY', 'NONE_MPOLY', 'UC_NONE', 'UC_NONE', 'SBX_MPOLY', 'TPC_NONE', 'UC_NONE', 'UC_NONE', 'TPC_NONE', 'SPC_NONE', 'UC_NONE', 'SPC_NONE', 'SBX_NONE', 'TPC_NONE', 'TPC_NONE', 'SBX_MPOLY', 'SBX_MPOLY', 'TPC_NONE', 'TPC_NONE', 'UC_NONE', 'UC_NONE', 'SPC_NONE', 'UC_NONE', 'UC_MPOLY', 'TPC_NONE', 'TPC_MPOLY', 'TPC_NONE', 'TPC_NONE', 'UC_NONE', 'SPC_NONE', 'SPC_NONE', 'TPC_NONE', 'UC_NONE', 'UC_NONE', 'SPC_NONE', 'SPC_NONE', 'TPC_NONE', 'UC_NONE', 'UC_NONE', 'TPC_NONE', 'TPC_NONE']","{'UC_MPOLY': 3, 'UC_NONE': 14, 'SPC_NONE': 8, 'UC_MNUF': 1, 'NONE_MPOLY': 2, 'TPC_MPOLY': 2, 'SPC_MPOLY': 1, 'SBX_MPOLY': 3, 'TPC_NONE': 13, 'SBX_NONE': 1}"
23,49,TPC,NONE,0.6830273678953946,0.0410085462092963,1091161569.28,1915697684.5578988,2733779.36,2650976.593162345,0.7410606582224214,4.9698416658694455e-06,0.0,0.0,GREEDY_HV,"['SPC_MBFLIP', 'UC_MPOLY', 'UC_NONE', 'UC_MPOLY', 'SPC_NONE', 'UC_MNUF', 'NONE_MPOLY', 'TPC_MPOLY', 'SPC_MPOLY', 'NONE_MPOLY', 'UC_NONE', 'UC_NONE', 'SBX_MPOLY', 'TPC_NONE', 'UC_NONE', 'UC_NONE', 'TPC_NONE', 'SPC_NONE', 'UC_NONE', 'SPC_NONE', 'SBX_NONE', 'TPC_NONE', 'TPC_NONE', 'SBX_MPOLY', 'SBX_MPOLY', 'TPC_NONE', 'TPC_NONE', 'UC_NONE', 'UC_NONE', 'SPC_NONE', 'UC_NONE', 'UC_MPOLY', 'TPC_NONE', 'TPC_MPOLY', 'TPC_NONE', 'TPC_NONE', 'UC_NONE', 'SPC_NONE', 'SPC_NONE', 'TPC_NONE', 'UC_NONE', 'UC_NONE', 'SPC_NONE', 'SPC_NONE', 'TPC_NONE', 'UC_NONE', 'UC_NONE', 'TPC_NONE', 'TPC_NONE', 'TPC_NONE']","{'UC_MPOLY': 3, 'UC_NONE': 14, 'SPC_NONE': 8, 'UC_MNUF': 1, 'NONE_MPOLY': 2, 'TPC_MPOLY': 2, 'SPC_MPOLY': 1, 'SBX_MPOLY': 3, 'TPC_NONE': 14, 'SBX_NONE': 1}"
23,50,UC,NONE,0.6834200422894168,0.0412238049518397,1111953648.64,1918577140.026994,2814177.44,2676108.5215555527,0.7410642657134725,3.60749105110525e-06,0.0,0.0,GREEDY_HV,"['SPC_MBFLIP', 'UC_MPOLY', 'UC_NONE', 'UC_MPOLY', 'SPC_NONE', 'UC_MNUF', 'NONE_MPOLY', 'TPC_MPOLY', 'SPC_MPOLY', 'NONE_MPOLY', 'UC_NONE', 'UC_NONE', 'SBX_MPOLY', 'TPC_NONE', 'UC_NONE', 'UC_NONE', 'TPC_NONE', 'SPC_NONE', 'UC_NONE', 'SPC_NONE', 'SBX_NONE', 'TPC_NONE', 'TPC_NONE', 'SBX_MPOLY', 'SBX_MPOLY', 'TPC_NONE', 'TPC_NONE', 'UC_NONE', 'UC_NONE', 'SPC_NONE', 'UC_NONE', 'UC_MPOLY', 'TPC_NONE', 'TPC_MPOLY', 'TPC_NONE', 'TPC_NONE', 'UC_NONE', 'SPC_NONE', 'SPC_NONE', 'TPC_NONE', 'UC_NONE', 'UC_NONE', 'SPC_NONE', 'SPC_NONE', 'TPC_NONE', 'UC_NONE', 'UC_NONE', 'TPC_NONE', 'TPC_NONE', 'TPC_NONE', 'UC_NONE']","{'UC_MPOLY': 3, 'UC_NONE': 15, 'SPC_NONE': 8, 'UC_MNUF': 1, 'NONE_MPOLY': 2, 'TPC_MPOLY': 2, 'SPC_MPOLY': 1, 'SBX_MPOLY': 3, 'TPC_NONE': 14, 'SBX_NONE': 1}"
23,51,TPC,NONE,0.6839420745974119,0.0408494058691458,1108329016.32,1917603342.873028,2814529.44,2669277.469291105,0.74099849041742,-6.577529605245047e-05,0.0,0.0,GREEDY_HV,"['SPC_MBFLIP', 'UC_MPOLY', 'UC_NONE', 'UC_MPOLY', 'SPC_NONE', 'UC_MNUF', 'NONE_MPOLY', 'TPC_MPOLY', 'SPC_MPOLY', 'NONE_MPOLY', 'UC_NONE', 'UC_NONE', 'SBX_MPOLY', 'TPC_NONE', 'UC_NONE', 'UC_NONE', 'TPC_NONE', 'SPC_NONE', 'UC_NONE', 'SPC_NONE', 'SBX_NONE', 'TPC_NONE', 'TPC_NONE', 'SBX_MPOLY', 'SBX_MPOLY', 'TPC_NONE', 'TPC_NONE', 'UC_NONE', 'UC_NONE', 'SPC_NONE', 'UC_NONE', 'UC_MPOLY', 'TPC_NONE', 'TPC_MPOLY', 'TPC_NONE', 'TPC_NONE', 'UC_NONE', 'SPC_NONE', 'SPC_NONE', 'TPC_NONE', 'UC_NONE', 'UC_NONE', 'SPC_NONE', 'SPC_NONE', 'TPC_NONE', 'UC_NONE', 'UC_NONE', 'TPC_NONE', 'TPC_NONE', 'TPC_NONE', 'UC_NONE', 'TPC_NONE']","{'UC_MPOLY': 3, 'UC_NONE': 15, 'SPC_NONE': 8, 'UC_MNUF': 1, 'NONE_MPOLY': 2, 'TPC_MPOLY': 2, 'SPC_MPOLY': 1, 'SBX_MPOLY': 3, 'TPC_NONE': 15, 'SBX_NONE': 1}"
23,52,SPC,NONE,0.6835019504156662,0.0412890675985052,1138787008.0,1917841026.8785253,2810287.52,2675592.985893231,0.7410139388157378,1.5448398317796652e-05,0.0,0.0,GREEDY_HV,"['SPC_MBFLIP', 'UC_MPOLY', 'UC_NONE', 'UC_MPOLY', 'SPC_NONE', 'UC_MNUF', 'NONE_MPOLY', 'TPC_MPOLY', 'SPC_MPOLY', 'NONE_MPOLY', 'UC_NONE', 'UC_NONE', 'SBX_MPOLY', 'TPC_NONE', 'UC_NONE', 'UC_NONE', 'TPC_NONE', 'SPC_NONE', 'UC_NONE', 'SPC_NONE', 'SBX_NONE', 'TPC_NONE', 'TPC_NONE', 'SBX_MPOLY', 'SBX_MPOLY', 'TPC_NONE', 'TPC_NONE', 'UC_NONE', 'UC_NONE', 'SPC_NONE', 'UC_NONE', 'UC_MPOLY', 'TPC_NONE', 'TPC_MPOLY', 'TPC_NONE', 'TPC_NONE', 'UC_NONE', 'SPC_NONE', 'SPC_NONE', 'TPC_NONE', 'UC_NONE', 'UC_NONE', 'SPC_NONE', 'SPC_NONE', 'TPC_NONE', 'UC_NONE', 'UC_NONE', 'TPC_NONE', 'TPC_NONE', 'TPC_NONE', 'UC_NONE', 'TPC_NONE', 'SPC_NONE']","{'UC_MPOLY': 3, 'UC_NONE': 15, 'SPC_NONE': 9, 'UC_MNUF': 1, 'NONE_MPOLY': 2, 'TPC_MPOLY': 2, 'SPC_MPOLY': 1, 'SBX_MPOLY': 3, 'TPC_NONE': 15, 'SBX_NONE': 1}"
23,53,SPC,NONE,0.6823943801495531,0.0413952933930368,1129767974.4,1920557744.3965936,2778853.28,2712984.505140263,0.7410648154355375,5.087661979963354e-05,0.0,0.0,GREEDY_HV,"['SPC_MBFLIP', 'UC_MPOLY', 'UC_NONE', 'UC_MPOLY', 'SPC_NONE', 'UC_MNUF', 'NONE_MPOLY', 'TPC_MPOLY', 'SPC_MPOLY', 'NONE_MPOLY', 'UC_NONE', 'UC_NONE', 'SBX_MPOLY', 'TPC_NONE', 'UC_NONE', 'UC_NONE', 'TPC_NONE', 'SPC_NONE', 'UC_NONE', 'SPC_NONE', 'SBX_NONE', 'TPC_NONE', 'TPC_NONE', 'SBX_MPOLY', 'SBX_MPOLY', 'TPC_NONE', 'TPC_NONE', 'UC_NONE', 'UC_NONE', 'SPC_NONE', 'UC_NONE', 'UC_MPOLY', 'TPC_NONE', 'TPC_MPOLY', 'TPC_NONE', 'TPC_NONE', 'UC_NONE', 'SPC_NONE', 'SPC_NONE', 'TPC_NONE', 'UC_NONE', 'UC_NONE', 'SPC_NONE', 'SPC_NONE', 'TPC_NONE', 'UC_NONE', 'UC_NONE', 'TPC_NONE', 'TPC_NONE', 'TPC_NONE', 'UC_NONE', 'TPC_NONE', 'SPC_NONE', 'SPC_NONE']","{'UC_MPOLY': 3, 'UC_NONE': 15, 'SPC_NONE': 10, 'UC_MNUF': 1, 'NONE_MPOLY': 2, 'TPC_MPOLY': 2, 'SPC_MPOLY': 1, 'SBX_MPOLY': 3, 'TPC_NONE': 15, 'SBX_NONE': 1}"
23,54,UC,NONE,0.6833987919311951,0.0415475897174085,1155179553.28,1916430047.4497347,2837584.8,2705922.572252325,0.7410558584084546,-8.957027082923119e-06,0.0,0.0,GREEDY_HV,"['SPC_MBFLIP', 'UC_MPOLY', 'UC_NONE', 'UC_MPOLY', 'SPC_NONE', 'UC_MNUF', 'NONE_MPOLY', 'TPC_MPOLY', 'SPC_MPOLY', 'NONE_MPOLY', 'UC_NONE', 'UC_NONE', 'SBX_MPOLY', 'TPC_NONE', 'UC_NONE', 'UC_NONE', 'TPC_NONE', 'SPC_NONE', 'UC_NONE', 'SPC_NONE', 'SBX_NONE', 'TPC_NONE', 'TPC_NONE', 'SBX_MPOLY', 'SBX_MPOLY', 'TPC_NONE', 'TPC_NONE', 'UC_NONE', 'UC_NONE', 'SPC_NONE', 'UC_NONE', 'UC_MPOLY', 'TPC_NONE', 'TPC_MPOLY', 'TPC_NONE', 'TPC_NONE', 'UC_NONE', 'SPC_NONE', 'SPC_NONE', 'TPC_NONE', 'UC_NONE', 'UC_NONE', 'SPC_NONE', 'SPC_NONE', 'TPC_NONE', 'UC_NONE', 'UC_NONE', 'TPC_NONE', 'TPC_NONE', 'TPC_NONE', 'UC_NONE', 'TPC_NONE', 'SPC_NONE', 'SPC_NONE', 'UC_NONE']","{'UC_MPOLY': 3, 'UC_NONE': 16, 'SPC_NONE': 10, 'UC_MNUF': 1, 'NONE_MPOLY': 2, 'TPC_MPOLY': 2, 'SPC_MPOLY': 1, 'SBX_MPOLY': 3, 'TPC_NONE': 15, 'SBX_NONE': 1}"
23,55,TPC,NONE,0.683814948052245,0.0410159132993379,1128757263.36,1917858964.1225915,2845724.32,2709521.5411568256,0.7410513382917148,-4.520116739792357e-06,0.0,0.0,GREEDY_HV,"['SPC_MBFLIP', 'UC_MPOLY', 'UC_NONE', 'UC_MPOLY', 'SPC_NONE', 'UC_MNUF', 'NONE_MPOLY', 'TPC_MPOLY', 'SPC_MPOLY', 'NONE_MPOLY', 'UC_NONE', 'UC_NONE', 'SBX_MPOLY', 'TPC_NONE', 'UC_NONE', 'UC_NONE', 'TPC_NONE', 'SPC_NONE', 'UC_NONE', 'SPC_NONE', 'SBX_NONE', 'TPC_NONE', 'TPC_NONE', 'SBX_MPOLY', 'SBX_MPOLY', 'TPC_NONE', 'TPC_NONE', 'UC_NONE', 'UC_NONE', 'SPC_NONE', 'UC_NONE', 'UC_MPOLY', 'TPC_NONE', 'TPC_MPOLY', 'TPC_NONE', 'TPC_NONE', 'UC_NONE', 'SPC_NONE', 'SPC_NONE', 'TPC_NONE', 'UC_NONE', 'UC_NONE', 'SPC_NONE', 'SPC_NONE', 'TPC_NONE', 'UC_NONE', 'UC_NONE', 'TPC_NONE', 'TPC_NONE', 'TPC_NONE', 'UC_NONE', 'TPC_NONE', 'SPC_NONE', 'SPC_NONE', 'UC_NONE', 'TPC_NONE']","{'UC_MPOLY': 3, 'UC_NONE': 16, 'SPC_NONE': 10, 'UC_MNUF': 1, 'NONE_MPOLY': 2, 'TPC_MPOLY': 2, 'SPC_MPOLY': 1, 'SBX_MPOLY': 3, 'TPC_NONE': 16, 'SBX_NONE': 1}"
23,56,SPC,NONE,0.6846638406043942,0.0409879485058659,1148854978.56,1913827520.8561711,2846076.32,2697344.5656645163,0.7410567067389172,5.368447202447335e-06,0.0,0.0,GREEDY_HV,"['SPC_MBFLIP', 'UC_MPOLY', 'UC_NONE', 'UC_MPOLY', 'SPC_NONE', 'UC_MNUF', 'NONE_MPOLY', 'TPC_MPOLY', 'SPC_MPOLY', 'NONE_MPOLY', 'UC_NONE', 'UC_NONE', 'SBX_MPOLY', 'TPC_NONE', 'UC_NONE', 'UC_NONE', 'TPC_NONE', 'SPC_NONE', 'UC_NONE', 'SPC_NONE', 'SBX_NONE', 'TPC_NONE', 'TPC_NONE', 'SBX_MPOLY', 'SBX_MPOLY', 'TPC_NONE', 'TPC_NONE', 'UC_NONE', 'UC_NONE', 'SPC_NONE', 'UC_NONE', 'UC_MPOLY', 'TPC_NONE', 'TPC_MPOLY', 'TPC_NONE', 'TPC_NONE', 'UC_NONE', 'SPC_NONE', 'SPC_NONE', 'TPC_NONE', 'UC_NONE', 'UC_NONE', 'SPC_NONE', 'SPC_NONE', 'TPC_NONE', 'UC_NONE', 'UC_NONE', 'TPC_NONE', 'TPC_NONE', 'TPC_NONE', 'UC_NONE', 'TPC_NONE', 'SPC_NONE', 'SPC_NONE', 'UC_NONE', 'TPC_NONE', 'SPC_NONE']","{'UC_MPOLY': 3, 'UC_NONE': 16, 'SPC_NONE': 11, 'UC_MNUF': 1, 'NONE_MPOLY': 2, 'TPC_MPOLY': 2, 'SPC_MPOLY': 1, 'SBX_MPOLY': 3, 'TPC_NONE': 16, 'SBX_NONE': 1}"
23,57,SPC,NONE,0.6835724711950567,0.0411658967638374,1160682091.52,1920853316.256295,2848507.04,2688741.8425542084,0.7411588217030525,0.0001021149641352,0.0,0.0,GREEDY_HV,"['SPC_MBFLIP', 'UC_MPOLY', 'UC_NONE', 'UC_MPOLY', 'SPC_NONE', 'UC_MNUF', 'NONE_MPOLY', 'TPC_MPOLY', 'SPC_MPOLY', 'NONE_MPOLY', 'UC_NONE', 'UC_NONE', 'SBX_MPOLY', 'TPC_NONE', 'UC_NONE', 'UC_NONE', 'TPC_NONE', 'SPC_NONE', 'UC_NONE', 'SPC_NONE', 'SBX_NONE', 'TPC_NONE', 'TPC_NONE', 'SBX_MPOLY', 'SBX_MPOLY', 'TPC_NONE', 'TPC_NONE', 'UC_NONE', 'UC_NONE', 'SPC_NONE', 'UC_NONE', 'UC_MPOLY', 'TPC_NONE', 'TPC_MPOLY', 'TPC_NONE', 'TPC_NONE', 'UC_NONE', 'SPC_NONE', 'SPC_NONE', 'TPC_NONE', 'UC_NONE', 'UC_NONE', 'SPC_NONE', 'SPC_NONE', 'TPC_NONE', 'UC_NONE', 'UC_NONE', 'TPC_NONE', 'TPC_NONE', 'TPC_NONE', 'UC_NONE', 'TPC_NONE', 'SPC_NONE', 'SPC_NONE', 'UC_NONE', 'TPC_NONE', 'SPC_NONE', 'SPC_NONE']","{'UC_MPOLY': 3, 'UC_NONE': 16, 'SPC_NONE': 12, 'UC_MNUF': 1, 'NONE_MPOLY': 2, 'TPC_MPOLY': 2, 'SPC_MPOLY': 1, 'SBX_MPOLY': 3, 'TPC_NONE': 16, 'SBX_NONE': 1}"
23,58,TPC,NONE,0.6822356080813023,0.0411311931647885,1140931348.48,1923107156.1071336,2735838.88,2699437.37879718,0.7411814466674409,2.262496438842909e-05,0.0,0.0,GREEDY_HV,"['SPC_MBFLIP', 'UC_MPOLY', 'UC_NONE', 'UC_MPOLY', 'SPC_NONE', 'UC_MNUF', 'NONE_MPOLY', 'TPC_MPOLY', 'SPC_MPOLY', 'NONE_MPOLY', 'UC_NONE', 'UC_NONE', 'SBX_MPOLY', 'TPC_NONE', 'UC_NONE', 'UC_NONE', 'TPC_NONE', 'SPC_NONE', 'UC_NONE', 'SPC_NONE', 'SBX_NONE', 'TPC_NONE', 'TPC_NONE', 'SBX_MPOLY', 'SBX_MPOLY', 'TPC_NONE', 'TPC_NONE', 'UC_NONE', 'UC_NONE', 'SPC_NONE', 'UC_NONE', 'UC_MPOLY', 'TPC_NONE', 'TPC_MPOLY', 'TPC_NONE', 'TPC_NONE', 'UC_NONE', 'SPC_NONE', 'SPC_NONE', 'TPC_NONE', 'UC_NONE', 'UC_NONE', 'SPC_NONE', 'SPC_NONE', 'TPC_NONE', 'UC_NONE', 'UC_NONE', 'TPC_NONE', 'TPC_NONE', 'TPC_NONE', 'UC_NONE', 'TPC_NONE', 'SPC_NONE', 'SPC_NONE', 'UC_NONE', 'TPC_NONE', 'SPC_NONE', 'SPC_NONE', 'TPC_NONE']","{'UC_MPOLY': 3, 'UC_NONE': 16, 'SPC_NONE': 12, 'UC_MNUF': 1, 'NONE_MPOLY': 2, 'TPC_MPOLY': 2, 'SPC_MPOLY': 1, 'SBX_MPOLY': 3, 'TPC_NONE': 17, 'SBX_NONE': 1}"
23,59,TPC,NONE,0.6841808564418753,0.0415537042406914,1193199196.16,1917883658.7650547,2884201.12,2681076.531272024,0.7412202470805749,3.8800413133976974e-05,0.0,0.0,GREEDY_HV,"['SPC_MBFLIP', 'UC_MPOLY', 'UC_NONE', 'UC_MPOLY', 'SPC_NONE', 'UC_MNUF', 'NONE_MPOLY', 'TPC_MPOLY', 'SPC_MPOLY', 'NONE_MPOLY', 'UC_NONE', 'UC_NONE', 'SBX_MPOLY', 'TPC_NONE', 'UC_NONE', 'UC_NONE', 'TPC_NONE', 'SPC_NONE', 'UC_NONE', 'SPC_NONE', 'SBX_NONE', 'TPC_NONE', 'TPC_NONE', 'SBX_MPOLY', 'SBX_MPOLY', 'TPC_NONE', 'TPC_NONE', 'UC_NONE', 'UC_NONE', 'SPC_NONE', 'UC_NONE', 'UC_MPOLY', 'TPC_NONE', 'TPC_MPOLY', 'TPC_NONE', 'TPC_NONE', 'UC_NONE', 'SPC_NONE', 'SPC_NONE', 'TPC_NONE', 'UC_NONE', 'UC_NONE', 'SPC_NONE', 'SPC_NONE', 'TPC_NONE', 'UC_NONE', 'UC_NONE', 'TPC_NONE', 'TPC_NONE', 'TPC_NONE', 'UC_NONE', 'TPC_NONE', 'SPC_NONE', 'SPC_NONE', 'UC_NONE', 'TPC_NONE', 'SPC_NONE', 'SPC_NONE', 'TPC_NONE', 'TPC_NONE']","{'UC_MPOLY': 3, 'UC_NONE': 16, 'SPC_NONE': 12, 'UC_MNUF': 1, 'NONE_MPOLY': 2, 'TPC_MPOLY': 2, 'SPC_MPOLY': 1, 'SBX_MPOLY': 3, 'TPC_NONE': 18, 'SBX_NONE': 1}"
23,60,UC,NONE,0.6828856147615787,0.040830491466741,1142509660.16,1923738065.903067,2747742.88,2694461.403753415,0.7411859660273437,-3.42810532312221e-05,0.0,0.0,GREEDY_HV,"['SPC_MBFLIP', 'UC_MPOLY', 'UC_NONE', 'UC_MPOLY', 'SPC_NONE', 'UC_MNUF', 'NONE_MPOLY', 'TPC_MPOLY', 'SPC_MPOLY', 'NONE_MPOLY', 'UC_NONE', 'UC_NONE', 'SBX_MPOLY', 'TPC_NONE', 'UC_NONE', 'UC_NONE', 'TPC_NONE', 'SPC_NONE', 'UC_NONE', 'SPC_NONE', 'SBX_NONE', 'TPC_NONE', 'TPC_NONE', 'SBX_MPOLY', 'SBX_MPOLY', 'TPC_NONE', 'TPC_NONE', 'UC_NONE', 'UC_NONE', 'SPC_NONE', 'UC_NONE', 'UC_MPOLY', 'TPC_NONE', 'TPC_MPOLY', 'TPC_NONE', 'TPC_NONE', 'UC_NONE', 'SPC_NONE', 'SPC_NONE', 'TPC_NONE', 'UC_NONE', 'UC_NONE', 'SPC_NONE', 'SPC_NONE', 'TPC_NONE', 'UC_NONE', 'UC_NONE', 'TPC_NONE', 'TPC_NONE', 'TPC_NONE', 'UC_NONE', 'TPC_NONE', 'SPC_NONE', 'SPC_NONE', 'UC_NONE', 'TPC_NONE', 'SPC_NONE', 'SPC_NONE', 'TPC_NONE', 'TPC_NONE', 'UC_NONE']","{'UC_MPOLY': 3, 'UC_NONE': 17, 'SPC_NONE': 12, 'UC_MNUF': 1, 'NONE_MPOLY': 2, 'TPC_MPOLY': 2, 'SPC_MPOLY': 1, 'SBX_MPOLY': 3, 'TPC_NONE': 18, 'SBX_NONE': 1}"
23,61,TPC,NONE,0.6841932833576166,0.0411845494129155,1184331566.08,1921191863.727861,2849202.08,2684329.0965842456,0.7412276657657423,4.1699738398626174e-05,0.0,0.0,GREEDY_HV,"['SPC_MBFLIP', 'UC_MPOLY', 'UC_NONE', 'UC_MPOLY', 'SPC_NONE', 'UC_MNUF', 'NONE_MPOLY', 'TPC_MPOLY', 'SPC_MPOLY', 'NONE_MPOLY', 'UC_NONE', 'UC_NONE', 'SBX_MPOLY', 'TPC_NONE', 'UC_NONE', 'UC_NONE', 'TPC_NONE', 'SPC_NONE', 'UC_NONE', 'SPC_NONE', 'SBX_NONE', 'TPC_NONE', 'TPC_NONE', 'SBX_MPOLY', 'SBX_MPOLY', 'TPC_NONE', 'TPC_NONE', 'UC_NONE', 'UC_NONE', 'SPC_NONE', 'UC_NONE', 'UC_MPOLY', 'TPC_NONE', 'TPC_MPOLY', 'TPC_NONE', 'TPC_NONE', 'UC_NONE', 'SPC_NONE', 'SPC_NONE', 'TPC_NONE', 'UC_NONE', 'UC_NONE', 'SPC_NONE', 'SPC_NONE', 'TPC_NONE', 'UC_NONE', 'UC_NONE', 'TPC_NONE', 'TPC_NONE', 'TPC_NONE', 'UC_NONE', 'TPC_NONE', 'SPC_NONE', 'SPC_NONE', 'UC_NONE', 'TPC_NONE', 'SPC_NONE', 'SPC_NONE', 'TPC_NONE', 'TPC_NONE', 'UC_NONE', 'TPC_NONE']","{'UC_MPOLY': 3, 'UC_NONE': 17, 'SPC_NONE': 12, 'UC_MNUF': 1, 'NONE_MPOLY': 2, 'TPC_MPOLY': 2, 'SPC_MPOLY': 1, 'SBX_MPOLY': 3, 'TPC_NONE': 19, 'SBX_NONE': 1}"
23,62,SBX,MPOLY,0.6837566738663472,0.0409735956758419,1160776007.68,1919631537.2683573,2787652.0,2672326.8865091484,0.7411643152179549,-6.335054778738858e-05,0.0,0.04,GREEDY_HV,"['SPC_MBFLIP', 'UC_MPOLY', 'UC_NONE', 'UC_MPOLY', 'SPC_NONE', 'UC_MNUF', 'NONE_MPOLY', 'TPC_MPOLY', 'SPC_MPOLY', 'NONE_MPOLY', 'UC_NONE', 'UC_NONE', 'SBX_MPOLY', 'TPC_NONE', 'UC_NONE', 'UC_NONE', 'TPC_NONE', 'SPC_NONE', 'UC_NONE', 'SPC_NONE', 'SBX_NONE', 'TPC_NONE', 'TPC_NONE', 'SBX_MPOLY', 'SBX_MPOLY', 'TPC_NONE', 'TPC_NONE', 'UC_NONE', 'UC_NONE', 'SPC_NONE', 'UC_NONE', 'UC_MPOLY', 'TPC_NONE', 'TPC_MPOLY', 'TPC_NONE', 'TPC_NONE', 'UC_NONE', 'SPC_NONE', 'SPC_NONE', 'TPC_NONE', 'UC_NONE', 'UC_NONE', 'SPC_NONE', 'SPC_NONE', 'TPC_NONE', 'UC_NONE', 'UC_NONE', 'TPC_NONE', 'TPC_NONE', 'TPC_NONE', 'UC_NONE', 'TPC_NONE', 'SPC_NONE', 'SPC_NONE', 'UC_NONE', 'TPC_NONE', 'SPC_NONE', 'SPC_NONE', 'TPC_NONE', 'TPC_NONE', 'UC_NONE', 'TPC_NONE', 'SBX_MPOLY']","{'UC_MPOLY': 3, 'UC_NONE': 17, 'SPC_NONE': 12, 'UC_MNUF': 1, 'NONE_MPOLY': 2, 'TPC_MPOLY': 2, 'SPC_MPOLY': 1, 'SBX_MPOLY': 4, 'TPC_NONE': 19, 'SBX_NONE': 1}"
23,63,SPC,NONE,0.6845163382268794,0.0412430098132548,1183472506.88,1919658648.408541,2903438.24,2667796.0569666536,0.741183466397918,1.915117996309501e-05,0.0,0.0,GREEDY_HV,"['SPC_MBFLIP', 'UC_MPOLY', 'UC_NONE', 'UC_MPOLY', 'SPC_NONE', 'UC_MNUF', 'NONE_MPOLY', 'TPC_MPOLY', 'SPC_MPOLY', 'NONE_MPOLY', 'UC_NONE', 'UC_NONE', 'SBX_MPOLY', 'TPC_NONE', 'UC_NONE', 'UC_NONE', 'TPC_NONE', 'SPC_NONE', 'UC_NONE', 'SPC_NONE', 'SBX_NONE', 'TPC_NONE', 'TPC_NONE', 'SBX_MPOLY', 'SBX_MPOLY', 'TPC_NONE', 'TPC_NONE', 'UC_NONE', 'UC_NONE', 'SPC_NONE', 'UC_NONE', 'UC_MPOLY', 'TPC_NONE', 'TPC_MPOLY', 'TPC_NONE', 'TPC_NONE', 'UC_NONE', 'SPC_NONE', 'SPC_NONE', 'TPC_NONE', 'UC_NONE', 'UC_NONE', 'SPC_NONE', 'SPC_NONE', 'TPC_NONE', 'UC_NONE', 'UC_NONE', 'TPC_NONE', 'TPC_NONE', 'TPC_NONE', 'UC_NONE', 'TPC_NONE', 'SPC_NONE', 'SPC_NONE', 'UC_NONE', 'TPC_NONE', 'SPC_NONE', 'SPC_NONE', 'TPC_NONE', 'TPC_NONE', 'UC_NONE', 'TPC_NONE', 'SBX_MPOLY', 'SPC_NONE']","{'UC_MPOLY': 3, 'UC_NONE': 17, 'SPC_NONE': 13, 'UC_MNUF': 1, 'NONE_MPOLY': 2, 'TPC_MPOLY': 2, 'SPC_MPOLY': 1, 'SBX_MPOLY': 4, 'TPC_NONE': 19, 'SBX_NONE': 1}"
23,64,TPC,NONE,0.6838089349005142,0.0412623730264166,1164035998.72,1919127275.5555704,2820469.92,2677515.2559064296,0.7411515502442262,-3.191615369180223e-05,0.01,0.0,GREEDY_HV,"['SPC_MBFLIP', 'UC_MPOLY', 'UC_NONE', 'UC_MPOLY', 'SPC_NONE', 'UC_MNUF', 'NONE_MPOLY', 'TPC_MPOLY', 'SPC_MPOLY', 'NONE_MPOLY', 'UC_NONE', 'UC_NONE', 'SBX_MPOLY', 'TPC_NONE', 'UC_NONE', 'UC_NONE', 'TPC_NONE', 'SPC_NONE', 'UC_NONE', 'SPC_NONE', 'SBX_NONE', 'TPC_NONE', 'TPC_NONE', 'SBX_MPOLY', 'SBX_MPOLY', 'TPC_NONE', 'TPC_NONE', 'UC_NONE', 'UC_NONE', 'SPC_NONE', 'UC_NONE', 'UC_MPOLY', 'TPC_NONE', 'TPC_MPOLY', 'TPC_NONE', 'TPC_NONE', 'UC_NONE', 'SPC_NONE', 'SPC_NONE', 'TPC_NONE', 'UC_NONE', 'UC_NONE', 'SPC_NONE', 'SPC_NONE', 'TPC_NONE', 'UC_NONE', 'UC_NONE', 'TPC_NONE', 'TPC_NONE', 'TPC_NONE', 'UC_NONE', 'TPC_NONE', 'SPC_NONE', 'SPC_NONE', 'UC_NONE', 'TPC_NONE', 'SPC_NONE', 'SPC_NONE', 'TPC_NONE', 'TPC_NONE', 'UC_NONE', 'TPC_NONE', 'SBX_MPOLY', 'SPC_NONE', 'TPC_NONE']","{'UC_MPOLY': 3, 'UC_NONE': 17, 'SPC_NONE': 13, 'UC_MNUF': 1, 'NONE_MPOLY': 2, 'TPC_MPOLY': 2, 'SPC_MPOLY': 1, 'SBX_MPOLY': 4, 'TPC_NONE': 20, 'SBX_NONE': 1}"
23,65,UC,NONE,0.6840805499301291,0.0415194452979642,1195270748.16,1917329745.835636,2843717.28,2684020.6489184177,0.7411967717029189,4.522145869267913e-05,0.0,0.0,GREEDY_HV,"['SPC_MBFLIP', 'UC_MPOLY', 'UC_NONE', 'UC_MPOLY', 'SPC_NONE', 'UC_MNUF', 'NONE_MPOLY', 'TPC_MPOLY', 'SPC_MPOLY', 'NONE_MPOLY', 'UC_NONE', 'UC_NONE', 'SBX_MPOLY', 'TPC_NONE', 'UC_NONE', 'UC_NONE', 'TPC_NONE', 'SPC_NONE', 'UC_NONE', 'SPC_NONE', 'SBX_NONE', 'TPC_NONE', 'TPC_NONE', 'SBX_MPOLY', 'SBX_MPOLY', 'TPC_NONE', 'TPC_NONE', 'UC_NONE', 'UC_NONE', 'SPC_NONE', 'UC_NONE', 'UC_MPOLY', 'TPC_NONE', 'TPC_MPOLY', 'TPC_NONE', 'TPC_NONE', 'UC_NONE', 'SPC_NONE', 'SPC_NONE', 'TPC_NONE', 'UC_NONE', 'UC_NONE', 'SPC_NONE', 'SPC_NONE', 'TPC_NONE', 'UC_NONE', 'UC_NONE', 'TPC_NONE', 'TPC_NONE', 'TPC_NONE', 'UC_NONE', 'TPC_NONE', 'SPC_NONE', 'SPC_NONE', 'UC_NONE', 'TPC_NONE', 'SPC_NONE', 'SPC_NONE', 'TPC_NONE', 'TPC_NONE', 'UC_NONE', 'TPC_NONE', 'SBX_MPOLY', 'SPC_NONE', 'TPC_NONE', 'UC_NONE']","{'UC_MPOLY': 3, 'UC_NONE': 18, 'SPC_NONE': 13, 'UC_MNUF': 1, 'NONE_MPOLY': 2, 'TPC_MPOLY': 2, 'SPC_MPOLY': 1, 'SBX_MPOLY': 4, 'TPC_NONE': 20, 'SBX_NONE': 1}"
23,66,SPC,NONE,0.6826455250693448,0.0410980895414532,1158221757.44,1928191281.439257,2763774.88,2709979.061802749,0.7411520112284339,-4.476047448498388e-05,0.01,0.0,GREEDY_HV,"['SPC_MBFLIP', 'UC_MPOLY', 'UC_NONE', 'UC_MPOLY', 'SPC_NONE', 'UC_MNUF', 'NONE_MPOLY', 'TPC_MPOLY', 'SPC_MPOLY', 'NONE_MPOLY', 'UC_NONE', 'UC_NONE', 'SBX_MPOLY', 'TPC_NONE', 'UC_NONE', 'UC_NONE', 'TPC_NONE', 'SPC_NONE', 'UC_NONE', 'SPC_NONE', 'SBX_NONE', 'TPC_NONE', 'TPC_NONE', 'SBX_MPOLY', 'SBX_MPOLY', 'TPC_NONE', 'TPC_NONE', 'UC_NONE', 'UC_NONE', 'SPC_NONE', 'UC_NONE', 'UC_MPOLY', 'TPC_NONE', 'TPC_MPOLY', 'TPC_NONE', 'TPC_NONE', 'UC_NONE', 'SPC_NONE', 'SPC_NONE', 'TPC_NONE', 'UC_NONE', 'UC_NONE', 'SPC_NONE', 'SPC_NONE', 'TPC_NONE', 'UC_NONE', 'UC_NONE', 'TPC_NONE', 'TPC_NONE', 'TPC_NONE', 'UC_NONE', 'TPC_NONE', 'SPC_NONE', 'SPC_NONE', 'UC_NONE', 'TPC_NONE', 'SPC_NONE', 'SPC_NONE', 'TPC_NONE', 'TPC_NONE', 'UC_NONE', 'TPC_NONE', 'SBX_MPOLY', 'SPC_NONE', 'TPC_NONE', 'UC_NONE', 'SPC_NONE']","{'UC_MPOLY': 3, 'UC_NONE': 18, 'SPC_NONE': 14, 'UC_MNUF': 1, 'NONE_MPOLY': 2, 'TPC_MPOLY': 2, 'SPC_MPOLY': 1, 'SBX_MPOLY': 4, 'TPC_NONE': 20, 'SBX_NONE': 1}"
23,67,SPC,NONE,0.6834331356285156,0.0413852993629919,1163925555.2,1921853296.988724,2883846.56,2692896.9445486628,0.7411895725229898,3.756129455589896e-05,0.0,0.0,GREEDY_HV,"['SPC_MBFLIP', 'UC_MPOLY', 'UC_NONE', 'UC_MPOLY', 'SPC_NONE', 'UC_MNUF', 'NONE_MPOLY', 'TPC_MPOLY', 'SPC_MPOLY', 'NONE_MPOLY', 'UC_NONE', 'UC_NONE', 'SBX_MPOLY', 'TPC_NONE', 'UC_NONE', 'UC_NONE', 'TPC_NONE', 'SPC_NONE', 'UC_NONE', 'SPC_NONE', 'SBX_NONE', 'TPC_NONE', 'TPC_NONE', 'SBX_MPOLY', 'SBX_MPOLY', 'TPC_NONE', 'TPC_NONE', 'UC_NONE', 'UC_NONE', 'SPC_NONE', 'UC_NONE', 'UC_MPOLY', 'TPC_NONE', 'TPC_MPOLY', 'TPC_NONE', 'TPC_NONE', 'UC_NONE', 'SPC_NONE', 'SPC_NONE', 'TPC_NONE', 'UC_NONE', 'UC_NONE', 'SPC_NONE', 'SPC_NONE', 'TPC_NONE', 'UC_NONE', 'UC_NONE', 'TPC_NONE', 'TPC_NONE', 'TPC_NONE', 'UC_NONE', 'TPC_NONE', 'SPC_NONE', 'SPC_NONE', 'UC_NONE', 'TPC_NONE', 'SPC_NONE', 'SPC_NONE', 'TPC_NONE', 'TPC_NONE', 'UC_NONE', 'TPC_NONE', 'SBX_MPOLY', 'SPC_NONE', 'TPC_NONE', 'UC_NONE', 'SPC_NONE', 'SPC_NONE']","{'UC_MPOLY': 3, 'UC_NONE': 18, 'SPC_NONE': 15, 'UC_MNUF': 1, 'NONE_MPOLY': 2, 'TPC_MPOLY': 2, 'SPC_MPOLY': 1, 'SBX_MPOLY': 4, 'TPC_NONE': 20, 'SBX_NONE': 1}"
23,68,SPC,NONE,0.6827338344226592,0.0409242158470988,1134579804.16,1926227667.596444,2793954.72,2694299.201093798,0.7411376961640076,-5.187635898218357e-05,0.0,0.0,GREEDY_HV,"['SPC_MBFLIP', 'UC_MPOLY', 'UC_NONE', 'UC_MPOLY', 'SPC_NONE', 'UC_MNUF', 'NONE_MPOLY', 'TPC_MPOLY', 'SPC_MPOLY', 'NONE_MPOLY', 'UC_NONE', 'UC_NONE', 'SBX_MPOLY', 'TPC_NONE', 'UC_NONE', 'UC_NONE', 'TPC_NONE', 'SPC_NONE', 'UC_NONE', 'SPC_NONE', 'SBX_NONE', 'TPC_NONE', 'TPC_NONE', 'SBX_MPOLY', 'SBX_MPOLY', 'TPC_NONE', 'TPC_NONE', 'UC_NONE', 'UC_NONE', 'SPC_NONE', 'UC_NONE', 'UC_MPOLY', 'TPC_NONE', 'TPC_MPOLY', 'TPC_NONE', 'TPC_NONE', 'UC_NONE', 'SPC_NONE', 'SPC_NONE', 'TPC_NONE', 'UC_NONE', 'UC_NONE', 'SPC_NONE', 'SPC_NONE', 'TPC_NONE', 'UC_NONE', 'UC_NONE', 'TPC_NONE', 'TPC_NONE', 'TPC_NONE', 'UC_NONE', 'TPC_NONE', 'SPC_NONE', 'SPC_NONE', 'UC_NONE', 'TPC_NONE', 'SPC_NONE', 'SPC_NONE', 'TPC_NONE', 'TPC_NONE', 'UC_NONE', 'TPC_NONE', 'SBX_MPOLY', 'SPC_NONE', 'TPC_NONE', 'UC_NONE', 'SPC_NONE', 'SPC_NONE', 'SPC_NONE']","{'UC_MPOLY': 3, 'UC_NONE': 18, 'SPC_NONE': 16, 'UC_MNUF': 1, 'NONE_MPOLY': 2, 'TPC_MPOLY': 2, 'SPC_MPOLY': 1, 'SBX_MPOLY': 4, 'TPC_NONE': 20, 'SBX_NONE': 1}"
23,69,TPC,NONE,0.683778998715091,0.0409402937075261,1165500559.36,1919338500.2143507,2793360.8,2687353.917470612,0.7411252863933797,-1.240977062788584e-05,0.0,0.0,GREEDY_HV,"['SPC_MBFLIP', 'UC_MPOLY', 'UC_NONE', 'UC_MPOLY', 'SPC_NONE', 'UC_MNUF', 'NONE_MPOLY', 'TPC_MPOLY', 'SPC_MPOLY', 'NONE_MPOLY', 'UC_NONE', 'UC_NONE', 'SBX_MPOLY', 'TPC_NONE', 'UC_NONE', 'UC_NONE', 'TPC_NONE', 'SPC_NONE', 'UC_NONE', 'SPC_NONE', 'SBX_NONE', 'TPC_NONE', 'TPC_NONE', 'SBX_MPOLY', 'SBX_MPOLY', 'TPC_NONE', 'TPC_NONE', 'UC_NONE', 'UC_NONE', 'SPC_NONE', 'UC_NONE', 'UC_MPOLY', 'TPC_NONE', 'TPC_MPOLY', 'TPC_NONE', 'TPC_NONE', 'UC_NONE', 'SPC_NONE', 'SPC_NONE', 'TPC_NONE', 'UC_NONE', 'UC_NONE', 'SPC_NONE', 'SPC_NONE', 'TPC_NONE', 'UC_NONE', 'UC_NONE', 'TPC_NONE', 'TPC_NONE', 'TPC_NONE', 'UC_NONE', 'TPC_NONE', 'SPC_NONE', 'SPC_NONE', 'UC_NONE', 'TPC_NONE', 'SPC_NONE', 'SPC_NONE', 'TPC_NONE', 'TPC_NONE', 'UC_NONE', 'TPC_NONE', 'SBX_MPOLY', 'SPC_NONE', 'TPC_NONE', 'UC_NONE', 'SPC_NONE', 'SPC_NONE', 'SPC_NONE', 'TPC_NONE']","{'UC_MPOLY': 3, 'UC_NONE': 18, 'SPC_NONE': 16, 'UC_MNUF': 1, 'NONE_MPOLY': 2, 'TPC_MPOLY': 2, 'SPC_MPOLY': 1, 'SBX_MPOLY': 4, 'TPC_NONE': 21, 'SBX_NONE': 1}"
23,70,UC,NONE,0.6829544388453175,0.0410703176755826,1145043389.44,1922874295.6185608,2794223.52,2703869.520656011,0.7411537918825633,2.850548918353901e-05,0.01,0.0,GREEDY_HV,"['SPC_MBFLIP', 'UC_MPOLY', 'UC_NONE', 'UC_MPOLY', 'SPC_NONE', 'UC_MNUF', 'NONE_MPOLY', 'TPC_MPOLY', 'SPC_MPOLY', 'NONE_MPOLY', 'UC_NONE', 'UC_NONE', 'SBX_MPOLY', 'TPC_NONE', 'UC_NONE', 'UC_NONE', 'TPC_NONE', 'SPC_NONE', 'UC_NONE', 'SPC_NONE', 'SBX_NONE', 'TPC_NONE', 'TPC_NONE', 'SBX_MPOLY', 'SBX_MPOLY', 'TPC_NONE', 'TPC_NONE', 'UC_NONE', 'UC_NONE', 'SPC_NONE', 'UC_NONE', 'UC_MPOLY', 'TPC_NONE', 'TPC_MPOLY', 'TPC_NONE', 'TPC_NONE', 'UC_NONE', 'SPC_NONE', 'SPC_NONE', 'TPC_NONE', 'UC_NONE', 'UC_NONE', 'SPC_NONE', 'SPC_NONE', 'TPC_NONE', 'UC_NONE', 'UC_NONE', 'TPC_NONE', 'TPC_NONE', 'TPC_NONE', 'UC_NONE', 'TPC_NONE', 'SPC_NONE', 'SPC_NONE', 'UC_NONE', 'TPC_NONE', 'SPC_NONE', 'SPC_NONE', 'TPC_NONE', 'TPC_NONE', 'UC_NONE', 'TPC_NONE', 'SBX_MPOLY', 'SPC_NONE', 'TPC_NONE', 'UC_NONE', 'SPC_NONE', 'SPC_NONE', 'SPC_NONE', 'TPC_NONE', 'UC_NONE']","{'UC_MPOLY': 3, 'UC_NONE': 19, 'SPC_NONE': 16, 'UC_MNUF': 1, 'NONE_MPOLY': 2, 'TPC_MPOLY': 2, 'SPC_MPOLY': 1, 'SBX_MPOLY': 4, 'TPC_NONE': 21, 'SBX_NONE': 1}"
23,71,UC,NONE,0.6824105857505839,0.0409370557230178,1147876505.6,1927534563.739009,2764459.68,2731538.583978469,0.7410800657441832,-7.372613838008135e-05,0.02,0.0,GREEDY_HV,"['SPC_MBFLIP', 'UC_MPOLY', 'UC_NONE', 'UC_MPOLY', 'SPC_NONE', 'UC_MNUF', 'NONE_MPOLY', 'TPC_MPOLY', 'SPC_MPOLY', 'NONE_MPOLY', 'UC_NONE', 'UC_NONE', 'SBX_MPOLY', 'TPC_NONE', 'UC_NONE', 'UC_NONE', 'TPC_NONE', 'SPC_NONE', 'UC_NONE', 'SPC_NONE', 'SBX_NONE', 'TPC_NONE', 'TPC_NONE', 'SBX_MPOLY', 'SBX_MPOLY', 'TPC_NONE', 'TPC_NONE', 'UC_NONE', 'UC_NONE', 'SPC_NONE', 'UC_NONE', 'UC_MPOLY', 'TPC_NONE', 'TPC_MPOLY', 'TPC_NONE', 'TPC_NONE', 'UC_NONE', 'SPC_NONE', 'SPC_NONE', 'TPC_NONE', 'UC_NONE', 'UC_NONE', 'SPC_NONE', 'SPC_NONE', 'TPC_NONE', 'UC_NONE', 'UC_NONE', 'TPC_NONE', 'TPC_NONE', 'TPC_NONE', 'UC_NONE', 'TPC_NONE', 'SPC_NONE', 'SPC_NONE', 'UC_NONE', 'TPC_NONE', 'SPC_NONE', 'SPC_NONE', 'TPC_NONE', 'TPC_NONE', 'UC_NONE', 'TPC_NONE', 'SBX_MPOLY', 'SPC_NONE', 'TPC_NONE', 'UC_NONE', 'SPC_NONE', 'SPC_NONE', 'SPC_NONE', 'TPC_NONE', 'UC_NONE', 'UC_NONE']","{'UC_MPOLY': 3, 'UC_NONE': 20, 'SPC_NONE': 16, 'UC_MNUF': 1, 'NONE_MPOLY': 2, 'TPC_MPOLY': 2, 'SPC_MPOLY': 1, 'SBX_MPOLY': 4, 'TPC_NONE': 21, 'SBX_NONE': 1}"
23,72,TPC,NONE,0.6826902409700938,0.0410152258364126,1140191718.4,1923691952.159243,2736599.2,2724589.6730155027,0.7410964333986487,1.6367654465554438e-05,0.01,0.0,GREEDY_HV,"['SPC_MBFLIP', 'UC_MPOLY', 'UC_NONE', 'UC_MPOLY', 'SPC_NONE', 'UC_MNUF', 'NONE_MPOLY', 'TPC_MPOLY', 'SPC_MPOLY', 'NONE_MPOLY', 'UC_NONE', 'UC_NONE', 'SBX_MPOLY', 'TPC_NONE', 'UC_NONE', 'UC_NONE', 'TPC_NONE', 'SPC_NONE', 'UC_NONE', 'SPC_NONE', 'SBX_NONE', 'TPC_NONE', 'TPC_NONE', 'SBX_MPOLY', 'SBX_MPOLY', 'TPC_NONE', 'TPC_NONE', 'UC_NONE', 'UC_NONE', 'SPC_NONE', 'UC_NONE', 'UC_MPOLY', 'TPC_NONE', 'TPC_MPOLY', 'TPC_NONE', 'TPC_NONE', 'UC_NONE', 'SPC_NONE', 'SPC_NONE', 'TPC_NONE', 'UC_NONE', 'UC_NONE', 'SPC_NONE', 'SPC_NONE', 'TPC_NONE', 'UC_NONE', 'UC_NONE', 'TPC_NONE', 'TPC_NONE', 'TPC_NONE', 'UC_NONE', 'TPC_NONE', 'SPC_NONE', 'SPC_NONE', 'UC_NONE', 'TPC_NONE', 'SPC_NONE', 'SPC_NONE', 'TPC_NONE', 'TPC_NONE', 'UC_NONE', 'TPC_NONE', 'SBX_MPOLY', 'SPC_NONE', 'TPC_NONE', 'UC_NONE', 'SPC_NONE', 'SPC_NONE', 'SPC_NONE', 'TPC_NONE', 'UC_NONE', 'UC_NONE', 'TPC_NONE']","{'UC_MPOLY': 3, 'UC_NONE': 20, 'SPC_NONE': 16, 'UC_MNUF': 1, 'NONE_MPOLY': 2, 'TPC_MPOLY': 2, 'SPC_MPOLY': 1, 'SBX_MPOLY': 4, 'TPC_NONE': 22, 'SBX_NONE': 1}"
23,73,TPC,MPOLY,0.6817051427733685,0.0410558231588105,1117094328.32,1927303268.4329572,2708884.64,2731100.1331458627,0.7410380653716737,-5.836802697500865e-05,0.0,0.015,GREEDY_HV,"['SPC_MBFLIP', 'UC_MPOLY', 'UC_NONE', 'UC_MPOLY', 'SPC_NONE', 'UC_MNUF', 'NONE_MPOLY', 'TPC_MPOLY', 'SPC_MPOLY', 'NONE_MPOLY', 'UC_NONE', 'UC_NONE', 'SBX_MPOLY', 'TPC_NONE', 'UC_NONE', 'UC_NONE', 'TPC_NONE', 'SPC_NONE', 'UC_NONE', 'SPC_NONE', 'SBX_NONE', 'TPC_NONE', 'TPC_NONE', 'SBX_MPOLY', 'SBX_MPOLY', 'TPC_NONE', 'TPC_NONE', 'UC_NONE', 'UC_NONE', 'SPC_NONE', 'UC_NONE', 'UC_MPOLY', 'TPC_NONE', 'TPC_MPOLY', 'TPC_NONE', 'TPC_NONE', 'UC_NONE', 'SPC_NONE', 'SPC_NONE', 'TPC_NONE', 'UC_NONE', 'UC_NONE', 'SPC_NONE', 'SPC_NONE', 'TPC_NONE', 'UC_NONE', 'UC_NONE', 'TPC_NONE', 'TPC_NONE', 'TPC_NONE', 'UC_NONE', 'TPC_NONE', 'SPC_NONE', 'SPC_NONE', 'UC_NONE', 'TPC_NONE', 'SPC_NONE', 'SPC_NONE', 'TPC_NONE', 'TPC_NONE', 'UC_NONE', 'TPC_NONE', 'SBX_MPOLY', 'SPC_NONE', 'TPC_NONE', 'UC_NONE', 'SPC_NONE', 'SPC_NONE', 'SPC_NONE', 'TPC_NONE', 'UC_NONE', 'UC_NONE', 'TPC_NONE', 'TPC_MPOLY']","{'UC_MPOLY': 3, 'UC_NONE': 20, 'SPC_NONE': 16, 'UC_MNUF': 1, 'NONE_MPOLY': 2, 'TPC_MPOLY': 3, 'SPC_MPOLY': 1, 'SBX_MPOLY': 4, 'TPC_NONE': 22, 'SBX_NONE': 1}"
23,74,TPC,NONE,0.6834393169210053,0.0412430629923748,1197320780.8,1920957748.6196933,2780001.44,2709565.137721727,0.7411203489025131,8.228353083938877e-05,0.0,0.0,GREEDY_HV,"['SPC_MBFLIP', 'UC_MPOLY', 'UC_NONE', 'UC_MPOLY', 'SPC_NONE', 'UC_MNUF', 'NONE_MPOLY', 'TPC_MPOLY', 'SPC_MPOLY', 'NONE_MPOLY', 'UC_NONE', 'UC_NONE', 'SBX_MPOLY', 'TPC_NONE', 'UC_NONE', 'UC_NONE', 'TPC_NONE', 'SPC_NONE', 'UC_NONE', 'SPC_NONE', 'SBX_NONE', 'TPC_NONE', 'TPC_NONE', 'SBX_MPOLY', 'SBX_MPOLY', 'TPC_NONE', 'TPC_NONE', 'UC_NONE', 'UC_NONE', 'SPC_NONE', 'UC_NONE', 'UC_MPOLY', 'TPC_NONE', 'TPC_MPOLY', 'TPC_NONE', 'TPC_NONE', 'UC_NONE', 'SPC_NONE', 'SPC_NONE', 'TPC_NONE', 'UC_NONE', 'UC_NONE', 'SPC_NONE', 'SPC_NONE', 'TPC_NONE', 'UC_NONE', 'UC_NONE', 'TPC_NONE', 'TPC_NONE', 'TPC_NONE', 'UC_NONE', 'TPC_NONE', 'SPC_NONE', 'SPC_NONE', 'UC_NONE', 'TPC_NONE', 'SPC_NONE', 'SPC_NONE', 'TPC_NONE', 'TPC_NONE', 'UC_NONE', 'TPC_NONE', 'SBX_MPOLY', 'SPC_NONE', 'TPC_NONE', 'UC_NONE', 'SPC_NONE', 'SPC_NONE', 'SPC_NONE', 'TPC_NONE', 'UC_NONE', 'UC_NONE', 'TPC_NONE', 'TPC_MPOLY', 'TPC_NONE']","{'UC_MPOLY': 3, 'UC_NONE': 20, 'SPC_NONE': 16, 'UC_MNUF': 1, 'NONE_MPOLY': 2, 'TPC_MPOLY': 3, 'SPC_MPOLY': 1, 'SBX_MPOLY': 4, 'TPC_NONE': 23, 'SBX_NONE': 1}"
23,75,SPC,NONE,0.6824176294619173,0.041231596246778,1148881208.32,1921311530.438193,2719964.32,2708476.464289261,0.7410412709944223,-7.907790809080772e-05,0.0,0.0,GREEDY_HV,"['SPC_MBFLIP', 'UC_MPOLY', 'UC_NONE', 'UC_MPOLY', 'SPC_NONE', 'UC_MNUF', 'NONE_MPOLY', 'TPC_MPOLY', 'SPC_MPOLY', 'NONE_MPOLY', 'UC_NONE', 'UC_NONE', 'SBX_MPOLY', 'TPC_NONE', 'UC_NONE', 'UC_NONE', 'TPC_NONE', 'SPC_NONE', 'UC_NONE', 'SPC_NONE', 'SBX_NONE', 'TPC_NONE', 'TPC_NONE', 'SBX_MPOLY', 'SBX_MPOLY', 'TPC_NONE', 'TPC_NONE', 'UC_NONE', 'UC_NONE', 'SPC_NONE', 'UC_NONE', 'UC_MPOLY', 'TPC_NONE', 'TPC_MPOLY', 'TPC_NONE', 'TPC_NONE', 'UC_NONE', 'SPC_NONE', 'SPC_NONE', 'TPC_NONE', 'UC_NONE', 'UC_NONE', 'SPC_NONE', 'SPC_NONE', 'TPC_NONE', 'UC_NONE', 'UC_NONE', 'TPC_NONE', 'TPC_NONE', 'TPC_NONE', 'UC_NONE', 'TPC_NONE', 'SPC_NONE', 'SPC_NONE', 'UC_NONE', 'TPC_NONE', 'SPC_NONE', 'SPC_NONE', 'TPC_NONE', 'TPC_NONE', 'UC_NONE', 'TPC_NONE', 'SBX_MPOLY', 'SPC_NONE', 'TPC_NONE', 'UC_NONE', 'SPC_NONE', 'SPC_NONE', 'SPC_NONE', 'TPC_NONE', 'UC_NONE', 'UC_NONE', 'TPC_NONE', 'TPC_MPOLY', 'TPC_NONE', 'SPC_NONE']","{'UC_MPOLY': 3, 'UC_NONE': 20, 'SPC_NONE': 17, 'UC_MNUF': 1, 'NONE_MPOLY': 2, 'TPC_MPOLY': 3, 'SPC_MPOLY': 1, 'SBX_MPOLY': 4, 'TPC_NONE': 23, 'SBX_NONE': 1}"
23,76,SPC,NONE,0.6834718258226369,0.0415435430373801,1171247887.36,1916994003.387348,2812014.24,2707916.61686505,0.7410732458711016,3.19748766792749e-05,0.0,0.0,GREEDY_HV,"['SPC_MBFLIP', 'UC_MPOLY', 'UC_NONE', 'UC_MPOLY', 'SPC_NONE', 'UC_MNUF', 'NONE_MPOLY', 'TPC_MPOLY', 'SPC_MPOLY', 'NONE_MPOLY', 'UC_NONE', 'UC_NONE', 'SBX_MPOLY', 'TPC_NONE', 'UC_NONE', 'UC_NONE', 'TPC_NONE', 'SPC_NONE', 'UC_NONE', 'SPC_NONE', 'SBX_NONE', 'TPC_NONE', 'TPC_NONE', 'SBX_MPOLY', 'SBX_MPOLY', 'TPC_NONE', 'TPC_NONE', 'UC_NONE', 'UC_NONE', 'SPC_NONE', 'UC_NONE', 'UC_MPOLY', 'TPC_NONE', 'TPC_MPOLY', 'TPC_NONE', 'TPC_NONE', 'UC_NONE', 'SPC_NONE', 'SPC_NONE', 'TPC_NONE', 'UC_NONE', 'UC_NONE', 'SPC_NONE', 'SPC_NONE', 'TPC_NONE', 'UC_NONE', 'UC_NONE', 'TPC_NONE', 'TPC_NONE', 'TPC_NONE', 'UC_NONE', 'TPC_NONE', 'SPC_NONE', 'SPC_NONE', 'UC_NONE', 'TPC_NONE', 'SPC_NONE', 'SPC_NONE', 'TPC_NONE', 'TPC_NONE', 'UC_NONE', 'TPC_NONE', 'SBX_MPOLY', 'SPC_NONE', 'TPC_NONE', 'UC_NONE', 'SPC_NONE', 'SPC_NONE', 'SPC_NONE', 'TPC_NONE', 'UC_NONE', 'UC_NONE', 'TPC_NONE', 'TPC_MPOLY', 'TPC_NONE', 'SPC_NONE', 'SPC_NONE']","{'UC_MPOLY': 3, 'UC_NONE': 20, 'SPC_NONE': 18, 'UC_MNUF': 1, 'NONE_MPOLY': 2, 'TPC_MPOLY': 3, 'SPC_MPOLY': 1, 'SBX_MPOLY': 4, 'TPC_NONE': 23, 'SBX_NONE': 1}"
23,77,TPC,NONE,0.6835629430640989,0.0410487622752523,1155880360.96,1916395040.985059,2783193.76,2706344.261683694,0.7410932472703339,2.0001399232305594e-05,0.0,0.0,GREEDY_HV,"['SPC_MBFLIP', 'UC_MPOLY', 'UC_NONE', 'UC_MPOLY', 'SPC_NONE', 'UC_MNUF', 'NONE_MPOLY', 'TPC_MPOLY', 'SPC_MPOLY', 'NONE_MPOLY', 'UC_NONE', 'UC_NONE', 'SBX_MPOLY', 'TPC_NONE', 'UC_NONE', 'UC_NONE', 'TPC_NONE', 'SPC_NONE', 'UC_NONE', 'SPC_NONE', 'SBX_NONE', 'TPC_NONE', 'TPC_NONE', 'SBX_MPOLY', 'SBX_MPOLY', 'TPC_NONE', 'TPC_NONE', 'UC_NONE', 'UC_NONE', 'SPC_NONE', 'UC_NONE', 'UC_MPOLY', 'TPC_NONE', 'TPC_MPOLY', 'TPC_NONE', 'TPC_NONE', 'UC_NONE', 'SPC_NONE', 'SPC_NONE', 'TPC_NONE', 'UC_NONE', 'UC_NONE', 'SPC_NONE', 'SPC_NONE', 'TPC_NONE', 'UC_NONE', 'UC_NONE', 'TPC_NONE', 'TPC_NONE', 'TPC_NONE', 'UC_NONE', 'TPC_NONE', 'SPC_NONE', 'SPC_NONE', 'UC_NONE', 'TPC_NONE', 'SPC_NONE', 'SPC_NONE', 'TPC_NONE', 'TPC_NONE', 'UC_NONE', 'TPC_NONE', 'SBX_MPOLY', 'SPC_NONE', 'TPC_NONE', 'UC_NONE', 'SPC_NONE', 'SPC_NONE', 'SPC_NONE', 'TPC_NONE', 'UC_NONE', 'UC_NONE', 'TPC_NONE', 'TPC_MPOLY', 'TPC_NONE', 'SPC_NONE', 'SPC_NONE', 'TPC_NONE']","{'UC_MPOLY': 3, 'UC_NONE': 20, 'SPC_NONE': 18, 'UC_MNUF': 1, 'NONE_MPOLY': 2, 'TPC_MPOLY': 3, 'SPC_MPOLY': 1, 'SBX_MPOLY': 4, 'TPC_NONE': 24, 'SBX_NONE': 1}"
23,78,UC,NONE,0.6831738884164212,0.0413587763237628,1156038543.36,1919359081.3653836,2768021.92,2677556.0605104943,0.7410911966261708,-2.050644163031912e-06,0.0,0.0,GREEDY_HV,"['SPC_MBFLIP', 'UC_MPOLY', 'UC_NONE', 'UC_MPOLY', 'SPC_NONE', 'UC_MNUF', 'NONE_MPOLY', 'TPC_MPOLY', 'SPC_MPOLY', 'NONE_MPOLY', 'UC_NONE', 'UC_NONE', 'SBX_MPOLY', 'TPC_NONE', 'UC_NONE', 'UC_NONE', 'TPC_NONE', 'SPC_NONE', 'UC_NONE', 'SPC_NONE', 'SBX_NONE', 'TPC_NONE', 'TPC_NONE', 'SBX_MPOLY', 'SBX_MPOLY', 'TPC_NONE', 'TPC_NONE', 'UC_NONE', 'UC_NONE', 'SPC_NONE', 'UC_NONE', 'UC_MPOLY', 'TPC_NONE', 'TPC_MPOLY', 'TPC_NONE', 'TPC_NONE', 'UC_NONE', 'SPC_NONE', 'SPC_NONE', 'TPC_NONE', 'UC_NONE', 'UC_NONE', 'SPC_NONE', 'SPC_NONE', 'TPC_NONE', 'UC_NONE', 'UC_NONE', 'TPC_NONE', 'TPC_NONE', 'TPC_NONE', 'UC_NONE', 'TPC_NONE', 'SPC_NONE', 'SPC_NONE', 'UC_NONE', 'TPC_NONE', 'SPC_NONE', 'SPC_NONE', 'TPC_NONE', 'TPC_NONE', 'UC_NONE', 'TPC_NONE', 'SBX_MPOLY', 'SPC_NONE', 'TPC_NONE', 'UC_NONE', 'SPC_NONE', 'SPC_NONE', 'SPC_NONE', 'TPC_NONE', 'UC_NONE', 'UC_NONE', 'TPC_NONE', 'TPC_MPOLY', 'TPC_NONE', 'SPC_NONE', 'SPC_NONE', 'TPC_NONE', 'UC_NONE']","{'UC_MPOLY': 3, 'UC_NONE': 21, 'SPC_NONE': 18, 'UC_MNUF': 1, 'NONE_MPOLY': 2, 'TPC_MPOLY': 3, 'SPC_MPOLY': 1, 'SBX_MPOLY': 4, 'TPC_NONE': 24, 'SBX_NONE': 1}"
23,79,TPC,NONE,0.6839931674245017,0.0412260858446429,1185290536.96,1917948804.022999,2898802.08,2700353.1051321696,0.7411127841269686,2.15875007977262e-05,0.0,0.0,GREEDY_HV,"['SPC_MBFLIP', 'UC_MPOLY', 'UC_NONE', 'UC_MPOLY', 'SPC_NONE', 'UC_MNUF', 'NONE_MPOLY', 'TPC_MPOLY', 'SPC_MPOLY', 'NONE_MPOLY', 'UC_NONE', 'UC_NONE', 'SBX_MPOLY', 'TPC_NONE', 'UC_NONE', 'UC_NONE', 'TPC_NONE', 'SPC_NONE', 'UC_NONE', 'SPC_NONE', 'SBX_NONE', 'TPC_NONE', 'TPC_NONE', 'SBX_MPOLY', 'SBX_MPOLY', 'TPC_NONE', 'TPC_NONE', 'UC_NONE', 'UC_NONE', 'SPC_NONE', 'UC_NONE', 'UC_MPOLY', 'TPC_NONE', 'TPC_MPOLY', 'TPC_NONE', 'TPC_NONE', 'UC_NONE', 'SPC_NONE', 'SPC_NONE', 'TPC_NONE', 'UC_NONE', 'UC_NONE', 'SPC_NONE', 'SPC_NONE', 'TPC_NONE', 'UC_NONE', 'UC_NONE', 'TPC_NONE', 'TPC_NONE', 'TPC_NONE', 'UC_NONE', 'TPC_NONE', 'SPC_NONE', 'SPC_NONE', 'UC_NONE', 'TPC_NONE', 'SPC_NONE', 'SPC_NONE', 'TPC_NONE', 'TPC_NONE', 'UC_NONE', 'TPC_NONE', 'SBX_MPOLY', 'SPC_NONE', 'TPC_NONE', 'UC_NONE', 'SPC_NONE', 'SPC_NONE', 'SPC_NONE', 'TPC_NONE', 'UC_NONE', 'UC_NONE', 'TPC_NONE', 'TPC_MPOLY', 'TPC_NONE', 'SPC_NONE', 'SPC_NONE', 'TPC_NONE', 'UC_NONE', 'TPC_NONE']","{'UC_MPOLY': 3, 'UC_NONE': 21, 'SPC_NONE': 18, 'UC_MNUF': 1, 'NONE_MPOLY': 2, 'TPC_MPOLY': 3, 'SPC_MPOLY': 1, 'SBX_MPOLY': 4, 'TPC_NONE': 25, 'SBX_NONE': 1}"
23,80,SPC,NONE,0.6825209007413707,0.0415853766314444,1143335956.48,1924487954.1633515,2878890.4,2715040.6905466733,0.7411237984945456,1.101436757700025e-05,0.0,0.0,GREEDY_HV,"['SPC_MBFLIP', 'UC_MPOLY', 'UC_NONE', 'UC_MPOLY', 'SPC_NONE', 'UC_MNUF', 'NONE_MPOLY', 'TPC_MPOLY', 'SPC_MPOLY', 'NONE_MPOLY', 'UC_NONE', 'UC_NONE', 'SBX_MPOLY', 'TPC_NONE', 'UC_NONE', 'UC_NONE', 'TPC_NONE', 'SPC_NONE', 'UC_NONE', 'SPC_NONE', 'SBX_NONE', 'TPC_NONE', 'TPC_NONE', 'SBX_MPOLY', 'SBX_MPOLY', 'TPC_NONE', 'TPC_NONE', 'UC_NONE', 'UC_NONE', 'SPC_NONE', 'UC_NONE', 'UC_MPOLY', 'TPC_NONE', 'TPC_MPOLY', 'TPC_NONE', 'TPC_NONE', 'UC_NONE', 'SPC_NONE', 'SPC_NONE', 'TPC_NONE', 'UC_NONE', 'UC_NONE', 'SPC_NONE', 'SPC_NONE', 'TPC_NONE', 'UC_NONE', 'UC_NONE', 'TPC_NONE', 'TPC_NONE', 'TPC_NONE', 'UC_NONE', 'TPC_NONE', 'SPC_NONE', 'SPC_NONE', 'UC_NONE', 'TPC_NONE', 'SPC_NONE', 'SPC_NONE', 'TPC_NONE', 'TPC_NONE', 'UC_NONE', 'TPC_NONE', 'SBX_MPOLY', 'SPC_NONE', 'TPC_NONE', 'UC_NONE', 'SPC_NONE', 'SPC_NONE', 'SPC_NONE', 'TPC_NONE', 'UC_NONE', 'UC_NONE', 'TPC_NONE', 'TPC_MPOLY', 'TPC_NONE', 'SPC_NONE', 'SPC_NONE', 'TPC_NONE', 'UC_NONE', 'TPC_NONE', 'SPC_NONE']","{'UC_MPOLY': 3, 'UC_NONE': 21, 'SPC_NONE': 19, 'UC_MNUF': 1, 'NONE_MPOLY': 2, 'TPC_MPOLY': 3, 'SPC_MPOLY': 1, 'SBX_MPOLY': 4, 'TPC_NONE': 25, 'SBX_NONE': 1}"
23,81,TPC,NONE,0.6819411354450202,0.0409726301629781,1128042961.92,1926343331.8454728,2817899.68,2708772.9513749173,0.7409853014338061,-0.0001384970607394,0.0,0.0,GREEDY_HV,"['SPC_MBFLIP', 'UC_MPOLY', 'UC_NONE', 'UC_MPOLY', 'SPC_NONE', 'UC_MNUF', 'NONE_MPOLY', 'TPC_MPOLY', 'SPC_MPOLY', 'NONE_MPOLY', 'UC_NONE', 'UC_NONE', 'SBX_MPOLY', 'TPC_NONE', 'UC_NONE', 'UC_NONE', 'TPC_NONE', 'SPC_NONE', 'UC_NONE', 'SPC_NONE', 'SBX_NONE', 'TPC_NONE', 'TPC_NONE', 'SBX_MPOLY', 'SBX_MPOLY', 'TPC_NONE', 'TPC_NONE', 'UC_NONE', 'UC_NONE', 'SPC_NONE', 'UC_NONE', 'UC_MPOLY', 'TPC_NONE', 'TPC_MPOLY', 'TPC_NONE', 'TPC_NONE', 'UC_NONE', 'SPC_NONE', 'SPC_NONE', 'TPC_NONE', 'UC_NONE', 'UC_NONE', 'SPC_NONE', 'SPC_NONE', 'TPC_NONE', 'UC_NONE', 'UC_NONE', 'TPC_NONE', 'TPC_NONE', 'TPC_NONE', 'UC_NONE', 'TPC_NONE', 'SPC_NONE', 'SPC_NONE', 'UC_NONE', 'TPC_NONE', 'SPC_NONE', 'SPC_NONE', 'TPC_NONE', 'TPC_NONE', 'UC_NONE', 'TPC_NONE', 'SBX_MPOLY', 'SPC_NONE', 'TPC_NONE', 'UC_NONE', 'SPC_NONE', 'SPC_NONE', 'SPC_NONE', 'TPC_NONE', 'UC_NONE', 'UC_NONE', 'TPC_NONE', 'TPC_MPOLY', 'TPC_NONE', 'SPC_NONE', 'SPC_NONE', 'TPC_NONE', 'UC_NONE', 'TPC_NONE', 'SPC_NONE', 'TPC_NONE']","{'UC_MPOLY': 3, 'UC_NONE': 21, 'SPC_NONE': 19, 'UC_MNUF': 1, 'NONE_MPOLY': 2, 'TPC_MPOLY': 3, 'SPC_MPOLY': 1, 'SBX_MPOLY': 4, 'TPC_NONE': 26, 'SBX_NONE': 1}"
23,82,SPC,NONE,0.6831636230535847,0.0413767820660954,1150490429.44,1923113992.933816,3003314.08,2712948.407740537,0.7410148613496328,2.9559915826649075e-05,0.0,0.0,GREEDY_HV,"['SPC_MBFLIP', 'UC_MPOLY', 'UC_NONE', 'UC_MPOLY', 'SPC_NONE', 'UC_MNUF', 'NONE_MPOLY', 'TPC_MPOLY', 'SPC_MPOLY', 'NONE_MPOLY', 'UC_NONE', 'UC_NONE', 'SBX_MPOLY', 'TPC_NONE', 'UC_NONE', 'UC_NONE', 'TPC_NONE', 'SPC_NONE', 'UC_NONE', 'SPC_NONE', 'SBX_NONE', 'TPC_NONE', 'TPC_NONE', 'SBX_MPOLY', 'SBX_MPOLY', 'TPC_NONE', 'TPC_NONE', 'UC_NONE', 'UC_NONE', 'SPC_NONE', 'UC_NONE', 'UC_MPOLY', 'TPC_NONE', 'TPC_MPOLY', 'TPC_NONE', 'TPC_NONE', 'UC_NONE', 'SPC_NONE', 'SPC_NONE', 'TPC_NONE', 'UC_NONE', 'UC_NONE', 'SPC_NONE', 'SPC_NONE', 'TPC_NONE', 'UC_NONE', 'UC_NONE', 'TPC_NONE', 'TPC_NONE', 'TPC_NONE', 'UC_NONE', 'TPC_NONE', 'SPC_NONE', 'SPC_NONE', 'UC_NONE', 'TPC_NONE', 'SPC_NONE', 'SPC_NONE', 'TPC_NONE', 'TPC_NONE', 'UC_NONE', 'TPC_NONE', 'SBX_MPOLY', 'SPC_NONE', 'TPC_NONE', 'UC_NONE', 'SPC_NONE', 'SPC_NONE', 'SPC_NONE', 'TPC_NONE', 'UC_NONE', 'UC_NONE', 'TPC_NONE', 'TPC_MPOLY', 'TPC_NONE', 'SPC_NONE', 'SPC_NONE', 'TPC_NONE', 'UC_NONE', 'TPC_NONE', 'SPC_NONE', 'TPC_NONE', 'SPC_NONE']","{'UC_MPOLY': 3, 'UC_NONE': 21, 'SPC_NONE': 20, 'UC_MNUF': 1, 'NONE_MPOLY': 2, 'TPC_MPOLY': 3, 'SPC_MPOLY': 1, 'SBX_MPOLY': 4, 'TPC_NONE': 26, 'SBX_NONE': 1}"
23,83,UC,NONE,0.6849240419166349,0.0410616484252435,1176066938.88,1920209194.7278905,2987242.4,2695090.5604908187,0.7409983442313933,-1.6517118239467443e-05,0.01,0.0,GREEDY_HV,"['SPC_MBFLIP', 'UC_MPOLY', 'UC_NONE', 'UC_MPOLY', 'SPC_NONE', 'UC_MNUF', 'NONE_MPOLY', 'TPC_MPOLY', 'SPC_MPOLY', 'NONE_MPOLY', 'UC_NONE', 'UC_NONE', 'SBX_MPOLY', 'TPC_NONE', 'UC_NONE', 'UC_NONE', 'TPC_NONE', 'SPC_NONE', 'UC_NONE', 'SPC_NONE', 'SBX_NONE', 'TPC_NONE', 'TPC_NONE', 'SBX_MPOLY', 'SBX_MPOLY', 'TPC_NONE', 'TPC_NONE', 'UC_NONE', 'UC_NONE', 'SPC_NONE', 'UC_NONE', 'UC_MPOLY', 'TPC_NONE', 'TPC_MPOLY', 'TPC_NONE', 'TPC_NONE', 'UC_NONE', 'SPC_NONE', 'SPC_NONE', 'TPC_NONE', 'UC_NONE', 'UC_NONE', 'SPC_NONE', 'SPC_NONE', 'TPC_NONE', 'UC_NONE', 'UC_NONE', 'TPC_NONE', 'TPC_NONE', 'TPC_NONE', 'UC_NONE', 'TPC_NONE', 'SPC_NONE', 'SPC_NONE', 'UC_NONE', 'TPC_NONE', 'SPC_NONE', 'SPC_NONE', 'TPC_NONE', 'TPC_NONE', 'UC_NONE', 'TPC_NONE', 'SBX_MPOLY', 'SPC_NONE', 'TPC_NONE', 'UC_NONE', 'SPC_NONE', 'SPC_NONE', 'SPC_NONE', 'TPC_NONE', 'UC_NONE', 'UC_NONE', 'TPC_NONE', 'TPC_MPOLY', 'TPC_NONE', 'SPC_NONE', 'SPC_NONE', 'TPC_NONE', 'UC_NONE', 'TPC_NONE', 'SPC_NONE', 'TPC_NONE', 'SPC_NONE', 'UC_NONE']","{'UC_MPOLY': 3, 'UC_NONE': 22, 'SPC_NONE': 20, 'UC_MNUF': 1, 'NONE_MPOLY': 2, 'TPC_MPOLY': 3, 'SPC_MPOLY': 1, 'SBX_MPOLY': 4, 'TPC_NONE': 26, 'SBX_NONE': 1}"
23,84,TPC,NONE,0.684129213654295,0.0414353660388507,1184826833.92,1919071561.610672,2951383.2,2714596.425178696,0.7409943514890044,-3.992742388936321e-06,0.0,0.0,GREEDY_HV,"['SPC_MBFLIP', 'UC_MPOLY', 'UC_NONE', 'UC_MPOLY', 'SPC_NONE', 'UC_MNUF', 'NONE_MPOLY', 'TPC_MPOLY', 'SPC_MPOLY', 'NONE_MPOLY', 'UC_NONE', 'UC_NONE', 'SBX_MPOLY', 'TPC_NONE', 'UC_NONE', 'UC_NONE', 'TPC_NONE', 'SPC_NONE', 'UC_NONE', 'SPC_NONE', 'SBX_NONE', 'TPC_NONE', 'TPC_NONE', 'SBX_MPOLY', 'SBX_MPOLY', 'TPC_NONE', 'TPC_NONE', 'UC_NONE', 'UC_NONE', 'SPC_NONE', 'UC_NONE', 'UC_MPOLY', 'TPC_NONE', 'TPC_MPOLY', 'TPC_NONE', 'TPC_NONE', 'UC_NONE', 'SPC_NONE', 'SPC_NONE', 'TPC_NONE', 'UC_NONE', 'UC_NONE', 'SPC_NONE', 'SPC_NONE', 'TPC_NONE', 'UC_NONE', 'UC_NONE', 'TPC_NONE', 'TPC_NONE', 'TPC_NONE', 'UC_NONE', 'TPC_NONE', 'SPC_NONE', 'SPC_NONE', 'UC_NONE', 'TPC_NONE', 'SPC_NONE', 'SPC_NONE', 'TPC_NONE', 'TPC_NONE', 'UC_NONE', 'TPC_NONE', 'SBX_MPOLY', 'SPC_NONE', 'TPC_NONE', 'UC_NONE', 'SPC_NONE', 'SPC_NONE', 'SPC_NONE', 'TPC_NONE', 'UC_NONE', 'UC_NONE', 'TPC_NONE', 'TPC_MPOLY', 'TPC_NONE', 'SPC_NONE', 'SPC_NONE', 'TPC_NONE', 'UC_NONE', 'TPC_NONE', 'SPC_NONE', 'TPC_NONE', 'SPC_NONE', 'UC_NONE', 'TPC_NONE']","{'UC_MPOLY': 3, 'UC_NONE': 22, 'SPC_NONE': 20, 'UC_MNUF': 1, 'NONE_MPOLY': 2, 'TPC_MPOLY': 3, 'SPC_MPOLY': 1, 'SBX_MPOLY': 4, 'TPC_NONE': 27, 'SBX_NONE': 1}"
23,85,SPC,MNUF,0.6840384461500463,0.0413071084176757,1177487083.52,1919110936.3243957,2922552.48,2696980.0446963506,0.7409185435652716,-7.580792373274026e-05,0.01,0.01,GREEDY_HV,"['SPC_MBFLIP', 'UC_MPOLY', 'UC_NONE', 'UC_MPOLY', 'SPC_NONE', 'UC_MNUF', 'NONE_MPOLY', 'TPC_MPOLY', 'SPC_MPOLY', 'NONE_MPOLY', 'UC_NONE', 'UC_NONE', 'SBX_MPOLY', 'TPC_NONE', 'UC_NONE', 'UC_NONE', 'TPC_NONE', 'SPC_NONE', 'UC_NONE', 'SPC_NONE', 'SBX_NONE', 'TPC_NONE', 'TPC_NONE', 'SBX_MPOLY', 'SBX_MPOLY', 'TPC_NONE', 'TPC_NONE', 'UC_NONE', 'UC_NONE', 'SPC_NONE', 'UC_NONE', 'UC_MPOLY', 'TPC_NONE', 'TPC_MPOLY', 'TPC_NONE', 'TPC_NONE', 'UC_NONE', 'SPC_NONE', 'SPC_NONE', 'TPC_NONE', 'UC_NONE', 'UC_NONE', 'SPC_NONE', 'SPC_NONE', 'TPC_NONE', 'UC_NONE', 'UC_NONE', 'TPC_NONE', 'TPC_NONE', 'TPC_NONE', 'UC_NONE', 'TPC_NONE', 'SPC_NONE', 'SPC_NONE', 'UC_NONE', 'TPC_NONE', 'SPC_NONE', 'SPC_NONE', 'TPC_NONE', 'TPC_NONE', 'UC_NONE', 'TPC_NONE', 'SBX_MPOLY', 'SPC_NONE', 'TPC_NONE', 'UC_NONE', 'SPC_NONE', 'SPC_NONE', 'SPC_NONE', 'TPC_NONE', 'UC_NONE', 'UC_NONE', 'TPC_NONE', 'TPC_MPOLY', 'TPC_NONE', 'SPC_NONE', 'SPC_NONE', 'TPC_NONE', 'UC_NONE', 'TPC_NONE', 'SPC_NONE', 'TPC_NONE', 'SPC_NONE', 'UC_NONE', 'TPC_NONE', 'SPC_MNUF']","{'UC_MPOLY': 3, 'UC_NONE': 22, 'SPC_NONE': 20, 'UC_MNUF': 1, 'NONE_MPOLY': 2, 'TPC_MPOLY': 3, 'SPC_MPOLY': 1, 'SBX_MPOLY': 4, 'TPC_NONE': 27, 'SBX_NONE': 1, 'SPC_MNUF': 1}"
23,86,UC,NONE,0.6854209853565595,0.0412527186355078,1210598010.88,1911721165.170199,3005412.0,2702883.016374804,0.7409974227351468,7.887916987514565e-05,0.02,0.0,GREEDY_HV,"['SPC_MBFLIP', 'UC_MPOLY', 'UC_NONE', 'UC_MPOLY', 'SPC_NONE', 'UC_MNUF', 'NONE_MPOLY', 'TPC_MPOLY', 'SPC_MPOLY', 'NONE_MPOLY', 'UC_NONE', 'UC_NONE', 'SBX_MPOLY', 'TPC_NONE', 'UC_NONE', 'UC_NONE', 'TPC_NONE', 'SPC_NONE', 'UC_NONE', 'SPC_NONE', 'SBX_NONE', 'TPC_NONE', 'TPC_NONE', 'SBX_MPOLY', 'SBX_MPOLY', 'TPC_NONE', 'TPC_NONE', 'UC_NONE', 'UC_NONE', 'SPC_NONE', 'UC_NONE', 'UC_MPOLY', 'TPC_NONE', 'TPC_MPOLY', 'TPC_NONE', 'TPC_NONE', 'UC_NONE', 'SPC_NONE', 'SPC_NONE', 'TPC_NONE', 'UC_NONE', 'UC_NONE', 'SPC_NONE', 'SPC_NONE', 'TPC_NONE', 'UC_NONE', 'UC_NONE', 'TPC_NONE', 'TPC_NONE', 'TPC_NONE', 'UC_NONE', 'TPC_NONE', 'SPC_NONE', 'SPC_NONE', 'UC_NONE', 'TPC_NONE', 'SPC_NONE', 'SPC_NONE', 'TPC_NONE', 'TPC_NONE', 'UC_NONE', 'TPC_NONE', 'SBX_MPOLY', 'SPC_NONE', 'TPC_NONE', 'UC_NONE', 'SPC_NONE', 'SPC_NONE', 'SPC_NONE', 'TPC_NONE', 'UC_NONE', 'UC_NONE', 'TPC_NONE', 'TPC_MPOLY', 'TPC_NONE', 'SPC_NONE', 'SPC_NONE', 'TPC_NONE', 'UC_NONE', 'TPC_NONE', 'SPC_NONE', 'TPC_NONE', 'SPC_NONE', 'UC_NONE', 'TPC_NONE', 'SPC_MNUF', 'UC_NONE']","{'UC_MPOLY': 3, 'UC_NONE': 23, 'SPC_NONE': 20, 'UC_MNUF': 1, 'NONE_MPOLY': 2, 'TPC_MPOLY': 3, 'SPC_MPOLY': 1, 'SBX_MPOLY': 4, 'TPC_NONE': 27, 'SBX_NONE': 1, 'SPC_MNUF': 1}"
23,87,TPC,NONE,0.6847089620437763,0.0414434457465142,1198578979.84,1915770417.0859585,2957817.76,2698307.8085478875,0.7409430640804521,-5.4358654694719455e-05,0.0,0.0,GREEDY_HV,"['SPC_MBFLIP', 'UC_MPOLY', 'UC_NONE', 'UC_MPOLY', 'SPC_NONE', 'UC_MNUF', 'NONE_MPOLY', 'TPC_MPOLY', 'SPC_MPOLY', 'NONE_MPOLY', 'UC_NONE', 'UC_NONE', 'SBX_MPOLY', 'TPC_NONE', 'UC_NONE', 'UC_NONE', 'TPC_NONE', 'SPC_NONE', 'UC_NONE', 'SPC_NONE', 'SBX_NONE', 'TPC_NONE', 'TPC_NONE', 'SBX_MPOLY', 'SBX_MPOLY', 'TPC_NONE', 'TPC_NONE', 'UC_NONE', 'UC_NONE', 'SPC_NONE', 'UC_NONE', 'UC_MPOLY', 'TPC_NONE', 'TPC_MPOLY', 'TPC_NONE', 'TPC_NONE', 'UC_NONE', 'SPC_NONE', 'SPC_NONE', 'TPC_NONE', 'UC_NONE', 'UC_NONE', 'SPC_NONE', 'SPC_NONE', 'TPC_NONE', 'UC_NONE', 'UC_NONE', 'TPC_NONE', 'TPC_NONE', 'TPC_NONE', 'UC_NONE', 'TPC_NONE', 'SPC_NONE', 'SPC_NONE', 'UC_NONE', 'TPC_NONE', 'SPC_NONE', 'SPC_NONE', 'TPC_NONE', 'TPC_NONE', 'UC_NONE', 'TPC_NONE', 'SBX_MPOLY', 'SPC_NONE', 'TPC_NONE', 'UC_NONE', 'SPC_NONE', 'SPC_NONE', 'SPC_NONE', 'TPC_NONE', 'UC_NONE', 'UC_NONE', 'TPC_NONE', 'TPC_MPOLY', 'TPC_NONE', 'SPC_NONE', 'SPC_NONE', 'TPC_NONE', 'UC_NONE', 'TPC_NONE', 'SPC_NONE', 'TPC_NONE', 'SPC_NONE', 'UC_NONE', 'TPC_NONE', 'SPC_MNUF', 'UC_NONE', 'TPC_NONE']","{'UC_MPOLY': 3, 'UC_NONE': 23, 'SPC_NONE': 20, 'UC_MNUF': 1, 'NONE_MPOLY': 2, 'TPC_MPOLY': 3, 'SPC_MPOLY': 1, 'SBX_MPOLY': 4, 'TPC_NONE': 28, 'SBX_NONE': 1, 'SPC_MNUF': 1}"
23,88,SPC,NONE,0.6845437307207789,0.0411987469088747,1193302425.6,1914744882.526526,2910122.4,2702777.6863973998,0.7409977233020317,5.465922157965597e-05,0.0,0.0,GREEDY_HV,"['SPC_MBFLIP', 'UC_MPOLY', 'UC_NONE', 'UC_MPOLY', 'SPC_NONE', 'UC_MNUF', 'NONE_MPOLY', 'TPC_MPOLY', 'SPC_MPOLY', 'NONE_MPOLY', 'UC_NONE', 'UC_NONE', 'SBX_MPOLY', 'TPC_NONE', 'UC_NONE', 'UC_NONE', 'TPC_NONE', 'SPC_NONE', 'UC_NONE', 'SPC_NONE', 'SBX_NONE', 'TPC_NONE', 'TPC_NONE', 'SBX_MPOLY', 'SBX_MPOLY', 'TPC_NONE', 'TPC_NONE', 'UC_NONE', 'UC_NONE', 'SPC_NONE', 'UC_NONE', 'UC_MPOLY', 'TPC_NONE', 'TPC_MPOLY', 'TPC_NONE', 'TPC_NONE', 'UC_NONE', 'SPC_NONE', 'SPC_NONE', 'TPC_NONE', 'UC_NONE', 'UC_NONE', 'SPC_NONE', 'SPC_NONE', 'TPC_NONE', 'UC_NONE', 'UC_NONE', 'TPC_NONE', 'TPC_NONE', 'TPC_NONE', 'UC_NONE', 'TPC_NONE', 'SPC_NONE', 'SPC_NONE', 'UC_NONE', 'TPC_NONE', 'SPC_NONE', 'SPC_NONE', 'TPC_NONE', 'TPC_NONE', 'UC_NONE', 'TPC_NONE', 'SBX_MPOLY', 'SPC_NONE', 'TPC_NONE', 'UC_NONE', 'SPC_NONE', 'SPC_NONE', 'SPC_NONE', 'TPC_NONE', 'UC_NONE', 'UC_NONE', 'TPC_NONE', 'TPC_MPOLY', 'TPC_NONE', 'SPC_NONE', 'SPC_NONE', 'TPC_NONE', 'UC_NONE', 'TPC_NONE', 'SPC_NONE', 'TPC_NONE', 'SPC_NONE', 'UC_NONE', 'TPC_NONE', 'SPC_MNUF', 'UC_NONE', 'TPC_NONE', 'SPC_NONE']","{'UC_MPOLY': 3, 'UC_NONE': 23, 'SPC_NONE': 21, 'UC_MNUF': 1, 'NONE_MPOLY': 2, 'TPC_MPOLY': 3, 'SPC_MPOLY': 1, 'SBX_MPOLY': 4, 'TPC_NONE': 28, 'SBX_NONE': 1, 'SPC_MNUF': 1}"
23,89,UC,NONE,0.6842966000479731,0.0414017714436301,1165321768.96,1907343306.840705,2908980.64,2712695.875442861,0.7410070168262926,9.29352426082275e-06,0.0,0.0,GREEDY_HV,"['SPC_MBFLIP', 'UC_MPOLY', 'UC_NONE', 'UC_MPOLY', 'SPC_NONE', 'UC_MNUF', 'NONE_MPOLY', 'TPC_MPOLY', 'SPC_MPOLY', 'NONE_MPOLY', 'UC_NONE', 'UC_NONE', 'SBX_MPOLY', 'TPC_NONE', 'UC_NONE', 'UC_NONE', 'TPC_NONE', 'SPC_NONE', 'UC_NONE', 'SPC_NONE', 'SBX_NONE', 'TPC_NONE', 'TPC_NONE', 'SBX_MPOLY', 'SBX_MPOLY', 'TPC_NONE', 'TPC_NONE', 'UC_NONE', 'UC_NONE', 'SPC_NONE', 'UC_NONE', 'UC_MPOLY', 'TPC_NONE', 'TPC_MPOLY', 'TPC_NONE', 'TPC_NONE', 'UC_NONE', 'SPC_NONE', 'SPC_NONE', 'TPC_NONE', 'UC_NONE', 'UC_NONE', 'SPC_NONE', 'SPC_NONE', 'TPC_NONE', 'UC_NONE', 'UC_NONE', 'TPC_NONE', 'TPC_NONE', 'TPC_NONE', 'UC_NONE', 'TPC_NONE', 'SPC_NONE', 'SPC_NONE', 'UC_NONE', 'TPC_NONE', 'SPC_NONE', 'SPC_NONE', 'TPC_NONE', 'TPC_NONE', 'UC_NONE', 'TPC_NONE', 'SBX_MPOLY', 'SPC_NONE', 'TPC_NONE', 'UC_NONE', 'SPC_NONE', 'SPC_NONE', 'SPC_NONE', 'TPC_NONE', 'UC_NONE', 'UC_NONE', 'TPC_NONE', 'TPC_MPOLY', 'TPC_NONE', 'SPC_NONE', 'SPC_NONE', 'TPC_NONE', 'UC_NONE', 'TPC_NONE', 'SPC_NONE', 'TPC_NONE', 'SPC_NONE', 'UC_NONE', 'TPC_NONE', 'SPC_MNUF', 'UC_NONE', 'TPC_NONE', 'SPC_NONE', 'UC_NONE']","{'UC_MPOLY': 3, 'UC_NONE': 24, 'SPC_NONE': 21, 'UC_MNUF': 1, 'NONE_MPOLY': 2, 'TPC_MPOLY': 3, 'SPC_MPOLY': 1, 'SBX_MPOLY': 4, 'TPC_NONE': 28, 'SBX_NONE': 1, 'SPC_MNUF': 1}"
23,90,TPC,NONE,0.6847057307127864,0.0415679257868044,1200666849.28,1908942792.57244,2951508.64,2739038.922024598,0.7410494079908869,4.2391164594368647e-05,0.0,0.0,GREEDY_HV,"['SPC_MBFLIP', 'UC_MPOLY', 'UC_NONE', 'UC_MPOLY', 'SPC_NONE', 'UC_MNUF', 'NONE_MPOLY', 'TPC_MPOLY', 'SPC_MPOLY', 'NONE_MPOLY', 'UC_NONE', 'UC_NONE', 'SBX_MPOLY', 'TPC_NONE', 'UC_NONE', 'UC_NONE', 'TPC_NONE', 'SPC_NONE', 'UC_NONE', 'SPC_NONE', 'SBX_NONE', 'TPC_NONE', 'TPC_NONE', 'SBX_MPOLY', 'SBX_MPOLY', 'TPC_NONE', 'TPC_NONE', 'UC_NONE', 'UC_NONE', 'SPC_NONE', 'UC_NONE', 'UC_MPOLY', 'TPC_NONE', 'TPC_MPOLY', 'TPC_NONE', 'TPC_NONE', 'UC_NONE', 'SPC_NONE', 'SPC_NONE', 'TPC_NONE', 'UC_NONE', 'UC_NONE', 'SPC_NONE', 'SPC_NONE', 'TPC_NONE', 'UC_NONE', 'UC_NONE', 'TPC_NONE', 'TPC_NONE', 'TPC_NONE', 'UC_NONE', 'TPC_NONE', 'SPC_NONE', 'SPC_NONE', 'UC_NONE', 'TPC_NONE', 'SPC_NONE', 'SPC_NONE', 'TPC_NONE', 'TPC_NONE', 'UC_NONE', 'TPC_NONE', 'SBX_MPOLY', 'SPC_NONE', 'TPC_NONE', 'UC_NONE', 'SPC_NONE', 'SPC_NONE', 'SPC_NONE', 'TPC_NONE', 'UC_NONE', 'UC_NONE', 'TPC_NONE', 'TPC_MPOLY', 'TPC_NONE', 'SPC_NONE', 'SPC_NONE', 'TPC_NONE', 'UC_NONE', 'TPC_NONE', 'SPC_NONE', 'TPC_NONE', 'SPC_NONE', 'UC_NONE', 'TPC_NONE', 'SPC_MNUF', 'UC_NONE', 'TPC_NONE', 'SPC_NONE', 'UC_NONE', 'TPC_NONE']","{'UC_MPOLY': 3, 'UC_NONE': 24, 'SPC_NONE': 21, 'UC_MNUF': 1, 'NONE_MPOLY': 2, 'TPC_MPOLY': 3, 'SPC_MPOLY': 1, 'SBX_MPOLY': 4, 'TPC_NONE': 29, 'SBX_NONE': 1, 'SPC_MNUF': 1}"
23,91,TPC,NONE,0.6851173914325398,0.0410285536717058,1192274595.84,1911108844.298138,2883214.24,2694654.6605996285,0.7410579313113045,8.523320417563873e-06,0.0,0.0,GREEDY_HV,"['SPC_MBFLIP', 'UC_MPOLY', 'UC_NONE', 'UC_MPOLY', 'SPC_NONE', 'UC_MNUF', 'NONE_MPOLY', 'TPC_MPOLY', 'SPC_MPOLY', 'NONE_MPOLY', 'UC_NONE', 'UC_NONE', 'SBX_MPOLY', 'TPC_NONE', 'UC_NONE', 'UC_NONE', 'TPC_NONE', 'SPC_NONE', 'UC_NONE', 'SPC_NONE', 'SBX_NONE', 'TPC_NONE', 'TPC_NONE', 'SBX_MPOLY', 'SBX_MPOLY', 'TPC_NONE', 'TPC_NONE', 'UC_NONE', 'UC_NONE', 'SPC_NONE', 'UC_NONE', 'UC_MPOLY', 'TPC_NONE', 'TPC_MPOLY', 'TPC_NONE', 'TPC_NONE', 'UC_NONE', 'SPC_NONE', 'SPC_NONE', 'TPC_NONE', 'UC_NONE', 'UC_NONE', 'SPC_NONE', 'SPC_NONE', 'TPC_NONE', 'UC_NONE', 'UC_NONE', 'TPC_NONE', 'TPC_NONE', 'TPC_NONE', 'UC_NONE', 'TPC_NONE', 'SPC_NONE', 'SPC_NONE', 'UC_NONE', 'TPC_NONE', 'SPC_NONE', 'SPC_NONE', 'TPC_NONE', 'TPC_NONE', 'UC_NONE', 'TPC_NONE', 'SBX_MPOLY', 'SPC_NONE', 'TPC_NONE', 'UC_NONE', 'SPC_NONE', 'SPC_NONE', 'SPC_NONE', 'TPC_NONE', 'UC_NONE', 'UC_NONE', 'TPC_NONE', 'TPC_MPOLY', 'TPC_NONE', 'SPC_NONE', 'SPC_NONE', 'TPC_NONE', 'UC_NONE', 'TPC_NONE', 'SPC_NONE', 'TPC_NONE', 'SPC_NONE', 'UC_NONE', 'TPC_NONE', 'SPC_MNUF', 'UC_NONE', 'TPC_NONE', 'SPC_NONE', 'UC_NONE', 'TPC_NONE', 'TPC_NONE']","{'UC_MPOLY': 3, 'UC_NONE': 24, 'SPC_NONE': 21, 'UC_MNUF': 1, 'NONE_MPOLY': 2, 'TPC_MPOLY': 3, 'SPC_MPOLY': 1, 'SBX_MPOLY': 4, 'TPC_NONE': 30, 'SBX_NONE': 1, 'SPC_MNUF': 1}"
23,92,SPC,NONE,0.6838961751732208,0.0419592698102274,1212525936.64,1915947925.1052368,2941779.36,2714375.266139402,0.7410046605104921,-5.3270800812410535e-05,0.0,0.0,GREEDY_HV,"['SPC_MBFLIP', 'UC_MPOLY', 'UC_NONE', 'UC_MPOLY', 'SPC_NONE', 'UC_MNUF', 'NONE_MPOLY', 'TPC_MPOLY', 'SPC_MPOLY', 'NONE_MPOLY', 'UC_NONE', 'UC_NONE', 'SBX_MPOLY', 'TPC_NONE', 'UC_NONE', 'UC_NONE', 'TPC_NONE', 'SPC_NONE', 'UC_NONE', 'SPC_NONE', 'SBX_NONE', 'TPC_NONE', 'TPC_NONE', 'SBX_MPOLY', 'SBX_MPOLY', 'TPC_NONE', 'TPC_NONE', 'UC_NONE', 'UC_NONE', 'SPC_NONE', 'UC_NONE', 'UC_MPOLY', 'TPC_NONE', 'TPC_MPOLY', 'TPC_NONE', 'TPC_NONE', 'UC_NONE', 'SPC_NONE', 'SPC_NONE', 'TPC_NONE', 'UC_NONE', 'UC_NONE', 'SPC_NONE', 'SPC_NONE', 'TPC_NONE', 'UC_NONE', 'UC_NONE', 'TPC_NONE', 'TPC_NONE', 'TPC_NONE', 'UC_NONE', 'TPC_NONE', 'SPC_NONE', 'SPC_NONE', 'UC_NONE', 'TPC_NONE', 'SPC_NONE', 'SPC_NONE', 'TPC_NONE', 'TPC_NONE', 'UC_NONE', 'TPC_NONE', 'SBX_MPOLY', 'SPC_NONE', 'TPC_NONE', 'UC_NONE', 'SPC_NONE', 'SPC_NONE', 'SPC_NONE', 'TPC_NONE', 'UC_NONE', 'UC_NONE', 'TPC_NONE', 'TPC_MPOLY', 'TPC_NONE', 'SPC_NONE', 'SPC_NONE', 'TPC_NONE', 'UC_NONE', 'TPC_NONE', 'SPC_NONE', 'TPC_NONE', 'SPC_NONE', 'UC_NONE', 'TPC_NONE', 'SPC_MNUF', 'UC_NONE', 'TPC_NONE', 'SPC_NONE', 'UC_NONE', 'TPC_NONE', 'TPC_NONE', 'SPC_NONE']","{'UC_MPOLY': 3, 'UC_NONE': 24, 'SPC_NONE': 22, 'UC_MNUF': 1, 'NONE_MPOLY': 2, 'TPC_MPOLY': 3, 'SPC_MPOLY': 1, 'SBX_MPOLY': 4, 'TPC_NONE': 30, 'SBX_NONE': 1, 'SPC_MNUF': 1}"
23,93,SPC,NONE,0.6838470419073636,0.0420349947240512,1220502702.08,1913052849.2228444,2908674.72,2725075.384246968,0.7410244914241482,1.9830913656093685e-05,0.0,0.0,GREEDY_HV,"['SPC_MBFLIP', 'UC_MPOLY', 'UC_NONE', 'UC_MPOLY', 'SPC_NONE', 'UC_MNUF', 'NONE_MPOLY', 'TPC_MPOLY', 'SPC_MPOLY', 'NONE_MPOLY', 'UC_NONE', 'UC_NONE', 'SBX_MPOLY', 'TPC_NONE', 'UC_NONE', 'UC_NONE', 'TPC_NONE', 'SPC_NONE', 'UC_NONE', 'SPC_NONE', 'SBX_NONE', 'TPC_NONE', 'TPC_NONE', 'SBX_MPOLY', 'SBX_MPOLY', 'TPC_NONE', 'TPC_NONE', 'UC_NONE', 'UC_NONE', 'SPC_NONE', 'UC_NONE', 'UC_MPOLY', 'TPC_NONE', 'TPC_MPOLY', 'TPC_NONE', 'TPC_NONE', 'UC_NONE', 'SPC_NONE', 'SPC_NONE', 'TPC_NONE', 'UC_NONE', 'UC_NONE', 'SPC_NONE', 'SPC_NONE', 'TPC_NONE', 'UC_NONE', 'UC_NONE', 'TPC_NONE', 'TPC_NONE', 'TPC_NONE', 'UC_NONE', 'TPC_NONE', 'SPC_NONE', 'SPC_NONE', 'UC_NONE', 'TPC_NONE', 'SPC_NONE', 'SPC_NONE', 'TPC_NONE', 'TPC_NONE', 'UC_NONE', 'TPC_NONE', 'SBX_MPOLY', 'SPC_NONE', 'TPC_NONE', 'UC_NONE', 'SPC_NONE', 'SPC_NONE', 'SPC_NONE', 'TPC_NONE', 'UC_NONE', 'UC_NONE', 'TPC_NONE', 'TPC_MPOLY', 'TPC_NONE', 'SPC_NONE', 'SPC_NONE', 'TPC_NONE', 'UC_NONE', 'TPC_NONE', 'SPC_NONE', 'TPC_NONE', 'SPC_NONE', 'UC_NONE', 'TPC_NONE', 'SPC_MNUF', 'UC_NONE', 'TPC_NONE', 'SPC_NONE', 'UC_NONE', 'TPC_NONE', 'TPC_NONE', 'SPC_NONE', 'SPC_NONE']","{'UC_MPOLY': 3, 'UC_NONE': 24, 'SPC_NONE': 23, 'UC_MNUF': 1, 'NONE_MPOLY': 2, 'TPC_MPOLY': 3, 'SPC_MPOLY': 1, 'SBX_MPOLY': 4, 'TPC_NONE': 30, 'SBX_NONE': 1, 'SPC_MNUF': 1}"
23,94,TPC,MNUF,0.6826692197115207,0.0417389499527387,1186632586.24,1918698182.8524156,2808068.0,2746774.881738888,0.7410504719555137,2.598053136548817e-05,0.01,0.0,GREEDY_HV,"['SPC_MBFLIP', 'UC_MPOLY', 'UC_NONE', 'UC_MPOLY', 'SPC_NONE', 'UC_MNUF', 'NONE_MPOLY', 'TPC_MPOLY', 'SPC_MPOLY', 'NONE_MPOLY', 'UC_NONE', 'UC_NONE', 'SBX_MPOLY', 'TPC_NONE', 'UC_NONE', 'UC_NONE', 'TPC_NONE', 'SPC_NONE', 'UC_NONE', 'SPC_NONE', 'SBX_NONE', 'TPC_NONE', 'TPC_NONE', 'SBX_MPOLY', 'SBX_MPOLY', 'TPC_NONE', 'TPC_NONE', 'UC_NONE', 'UC_NONE', 'SPC_NONE', 'UC_NONE', 'UC_MPOLY', 'TPC_NONE', 'TPC_MPOLY', 'TPC_NONE', 'TPC_NONE', 'UC_NONE', 'SPC_NONE', 'SPC_NONE', 'TPC_NONE', 'UC_NONE', 'UC_NONE', 'SPC_NONE', 'SPC_NONE', 'TPC_NONE', 'UC_NONE', 'UC_NONE', 'TPC_NONE', 'TPC_NONE', 'TPC_NONE', 'UC_NONE', 'TPC_NONE', 'SPC_NONE', 'SPC_NONE', 'UC_NONE', 'TPC_NONE', 'SPC_NONE', 'SPC_NONE', 'TPC_NONE', 'TPC_NONE', 'UC_NONE', 'TPC_NONE', 'SBX_MPOLY', 'SPC_NONE', 'TPC_NONE', 'UC_NONE', 'SPC_NONE', 'SPC_NONE', 'SPC_NONE', 'TPC_NONE', 'UC_NONE', 'UC_NONE', 'TPC_NONE', 'TPC_MPOLY', 'TPC_NONE', 'SPC_NONE', 'SPC_NONE', 'TPC_NONE', 'UC_NONE', 'TPC_NONE', 'SPC_NONE', 'TPC_NONE', 'SPC_NONE', 'UC_NONE', 'TPC_NONE', 'SPC_MNUF', 'UC_NONE', 'TPC_NONE', 'SPC_NONE', 'UC_NONE', 'TPC_NONE', 'TPC_NONE', 'SPC_NONE', 'SPC_NONE', 'TPC_MNUF']","{'UC_MPOLY': 3, 'UC_NONE': 24, 'SPC_NONE': 23, 'UC_MNUF': 1, 'NONE_MPOLY': 2, 'TPC_MPOLY': 3, 'SPC_MPOLY': 1, 'SBX_MPOLY': 4, 'TPC_NONE': 30, 'SBX_NONE': 1, 'SPC_MNUF': 1, 'TPC_MNUF': 1}"
23,95,UC,NONE,0.6830028836218799,0.0418571922202441,1201220981.76,1917283006.8512447,2825458.08,2744281.458946978,0.7411390281352656,8.855617975189745e-05,0.0,0.0,GREEDY_HV,"['SPC_MBFLIP', 'UC_MPOLY', 'UC_NONE', 'UC_MPOLY', 'SPC_NONE', 'UC_MNUF', 'NONE_MPOLY', 'TPC_MPOLY', 'SPC_MPOLY', 'NONE_MPOLY', 'UC_NONE', 'UC_NONE', 'SBX_MPOLY', 'TPC_NONE', 'UC_NONE', 'UC_NONE', 'TPC_NONE', 'SPC_NONE', 'UC_NONE', 'SPC_NONE', 'SBX_NONE', 'TPC_NONE', 'TPC_NONE', 'SBX_MPOLY', 'SBX_MPOLY', 'TPC_NONE', 'TPC_NONE', 'UC_NONE', 'UC_NONE', 'SPC_NONE', 'UC_NONE', 'UC_MPOLY', 'TPC_NONE', 'TPC_MPOLY', 'TPC_NONE', 'TPC_NONE', 'UC_NONE', 'SPC_NONE', 'SPC_NONE', 'TPC_NONE', 'UC_NONE', 'UC_NONE', 'SPC_NONE', 'SPC_NONE', 'TPC_NONE', 'UC_NONE', 'UC_NONE', 'TPC_NONE', 'TPC_NONE', 'TPC_NONE', 'UC_NONE', 'TPC_NONE', 'SPC_NONE', 'SPC_NONE', 'UC_NONE', 'TPC_NONE', 'SPC_NONE', 'SPC_NONE', 'TPC_NONE', 'TPC_NONE', 'UC_NONE', 'TPC_NONE', 'SBX_MPOLY', 'SPC_NONE', 'TPC_NONE', 'UC_NONE', 'SPC_NONE', 'SPC_NONE', 'SPC_NONE', 'TPC_NONE', 'UC_NONE', 'UC_NONE', 'TPC_NONE', 'TPC_MPOLY', 'TPC_NONE', 'SPC_NONE', 'SPC_NONE', 'TPC_NONE', 'UC_NONE', 'TPC_NONE', 'SPC_NONE', 'TPC_NONE', 'SPC_NONE', 'UC_NONE', 'TPC_NONE', 'SPC_MNUF', 'UC_NONE', 'TPC_NONE', 'SPC_NONE', 'UC_NONE', 'TPC_NONE', 'TPC_NONE', 'SPC_NONE', 'SPC_NONE', 'TPC_MNUF', 'UC_NONE']","{'UC_MPOLY': 3, 'UC_NONE': 25, 'SPC_NONE': 23, 'UC_MNUF': 1, 'NONE_MPOLY': 2, 'TPC_MPOLY': 3, 'SPC_MPOLY': 1, 'SBX_MPOLY': 4, 'TPC_NONE': 30, 'SBX_NONE': 1, 'SPC_MNUF': 1, 'TPC_MNUF': 1}"
23,96,UC,MNUF,0.6841065694265884,0.0418394193989513,1230581217.28,1911008961.9743028,2863538.08,2715367.933726934,0.7411505947251115,1.1566589845912745e-05,0.0,0.01,GREEDY_HV,"['SPC_MBFLIP', 'UC_MPOLY', 'UC_NONE', 'UC_MPOLY', 'SPC_NONE', 'UC_MNUF', 'NONE_MPOLY', 'TPC_MPOLY', 'SPC_MPOLY', 'NONE_MPOLY', 'UC_NONE', 'UC_NONE', 'SBX_MPOLY', 'TPC_NONE', 'UC_NONE', 'UC_NONE', 'TPC_NONE', 'SPC_NONE', 'UC_NONE', 'SPC_NONE', 'SBX_NONE', 'TPC_NONE', 'TPC_NONE', 'SBX_MPOLY', 'SBX_MPOLY', 'TPC_NONE', 'TPC_NONE', 'UC_NONE', 'UC_NONE', 'SPC_NONE', 'UC_NONE', 'UC_MPOLY', 'TPC_NONE', 'TPC_MPOLY', 'TPC_NONE', 'TPC_NONE', 'UC_NONE', 'SPC_NONE', 'SPC_NONE', 'TPC_NONE', 'UC_NONE', 'UC_NONE', 'SPC_NONE', 'SPC_NONE', 'TPC_NONE', 'UC_NONE', 'UC_NONE', 'TPC_NONE', 'TPC_NONE', 'TPC_NONE', 'UC_NONE', 'TPC_NONE', 'SPC_NONE', 'SPC_NONE', 'UC_NONE', 'TPC_NONE', 'SPC_NONE', 'SPC_NONE', 'TPC_NONE', 'TPC_NONE', 'UC_NONE', 'TPC_NONE', 'SBX_MPOLY', 'SPC_NONE', 'TPC_NONE', 'UC_NONE', 'SPC_NONE', 'SPC_NONE', 'SPC_NONE', 'TPC_NONE', 'UC_NONE', 'UC_NONE', 'TPC_NONE', 'TPC_MPOLY', 'TPC_NONE', 'SPC_NONE', 'SPC_NONE', 'TPC_NONE', 'UC_NONE', 'TPC_NONE', 'SPC_NONE', 'TPC_NONE', 'SPC_NONE', 'UC_NONE', 'TPC_NONE', 'SPC_MNUF', 'UC_NONE', 'TPC_NONE', 'SPC_NONE', 'UC_NONE', 'TPC_NONE', 'TPC_NONE', 'SPC_NONE', 'SPC_NONE', 'TPC_MNUF', 'UC_NONE', 'UC_MNUF']","{'UC_MPOLY': 3, 'UC_NONE': 25, 'SPC_NONE': 23, 'UC_MNUF': 2, 'NONE_MPOLY': 2, 'TPC_MPOLY': 3, 'SPC_MPOLY': 1, 'SBX_MPOLY': 4, 'TPC_NONE': 30, 'SBX_NONE': 1, 'SPC_MNUF': 1, 'TPC_MNUF': 1}"
23,97,SPC,NONE,0.6837752875112776,0.0416940479931211,1204519680.0,1914889299.1146529,2891292.32,2728990.4991208264,0.7411707927191744,2.0197994062942648e-05,0.0,0.0,GREEDY_HV,"['SPC_MBFLIP', 'UC_MPOLY', 'UC_NONE', 'UC_MPOLY', 'SPC_NONE', 'UC_MNUF', 'NONE_MPOLY', 'TPC_MPOLY', 'SPC_MPOLY', 'NONE_MPOLY', 'UC_NONE', 'UC_NONE', 'SBX_MPOLY', 'TPC_NONE', 'UC_NONE', 'UC_NONE', 'TPC_NONE', 'SPC_NONE', 'UC_NONE', 'SPC_NONE', 'SBX_NONE', 'TPC_NONE', 'TPC_NONE', 'SBX_MPOLY', 'SBX_MPOLY', 'TPC_NONE', 'TPC_NONE', 'UC_NONE', 'UC_NONE', 'SPC_NONE', 'UC_NONE', 'UC_MPOLY', 'TPC_NONE', 'TPC_MPOLY', 'TPC_NONE', 'TPC_NONE', 'UC_NONE', 'SPC_NONE', 'SPC_NONE', 'TPC_NONE', 'UC_NONE', 'UC_NONE', 'SPC_NONE', 'SPC_NONE', 'TPC_NONE', 'UC_NONE', 'UC_NONE', 'TPC_NONE', 'TPC_NONE', 'TPC_NONE', 'UC_NONE', 'TPC_NONE', 'SPC_NONE', 'SPC_NONE', 'UC_NONE', 'TPC_NONE', 'SPC_NONE', 'SPC_NONE', 'TPC_NONE', 'TPC_NONE', 'UC_NONE', 'TPC_NONE', 'SBX_MPOLY', 'SPC_NONE', 'TPC_NONE', 'UC_NONE', 'SPC_NONE', 'SPC_NONE', 'SPC_NONE', 'TPC_NONE', 'UC_NONE', 'UC_NONE', 'TPC_NONE', 'TPC_MPOLY', 'TPC_NONE', 'SPC_NONE', 'SPC_NONE', 'TPC_NONE', 'UC_NONE', 'TPC_NONE', 'SPC_NONE', 'TPC_NONE', 'SPC_NONE', 'UC_NONE', 'TPC_NONE', 'SPC_MNUF', 'UC_NONE', 'TPC_NONE', 'SPC_NONE', 'UC_NONE', 'TPC_NONE', 'TPC_NONE', 'SPC_NONE', 'SPC_NONE', 'TPC_MNUF', 'UC_NONE', 'UC_MNUF', 'SPC_NONE']","{'UC_MPOLY': 3, 'UC_NONE': 25, 'SPC_NONE': 24, 'UC_MNUF': 2, 'NONE_MPOLY': 2, 'TPC_MPOLY': 3, 'SPC_MPOLY': 1, 'SBX_MPOLY': 4, 'TPC_NONE': 30, 'SBX_NONE': 1, 'SPC_MNUF': 1, 'TPC_MNUF': 1}"
23,98,UC,NONE,0.6845105666130283,0.0411534440966719,1189678179.84,1916668908.436765,2844779.68,2731161.2802171423,0.7412049806054009,3.418788622644442e-05,0.0,0.0,GREEDY_HV,"['SPC_MBFLIP', 'UC_MPOLY', 'UC_NONE', 'UC_MPOLY', 'SPC_NONE', 'UC_MNUF', 'NONE_MPOLY', 'TPC_MPOLY', 'SPC_MPOLY', 'NONE_MPOLY', 'UC_NONE', 'UC_NONE', 'SBX_MPOLY', 'TPC_NONE', 'UC_NONE', 'UC_NONE', 'TPC_NONE', 'SPC_NONE', 'UC_NONE', 'SPC_NONE', 'SBX_NONE', 'TPC_NONE', 'TPC_NONE', 'SBX_MPOLY', 'SBX_MPOLY', 'TPC_NONE', 'TPC_NONE', 'UC_NONE', 'UC_NONE', 'SPC_NONE', 'UC_NONE', 'UC_MPOLY', 'TPC_NONE', 'TPC_MPOLY', 'TPC_NONE', 'TPC_NONE', 'UC_NONE', 'SPC_NONE', 'SPC_NONE', 'TPC_NONE', 'UC_NONE', 'UC_NONE', 'SPC_NONE', 'SPC_NONE', 'TPC_NONE', 'UC_NONE', 'UC_NONE', 'TPC_NONE', 'TPC_NONE', 'TPC_NONE', 'UC_NONE', 'TPC_NONE', 'SPC_NONE', 'SPC_NONE', 'UC_NONE', 'TPC_NONE', 'SPC_NONE', 'SPC_NONE', 'TPC_NONE', 'TPC_NONE', 'UC_NONE', 'TPC_NONE', 'SBX_MPOLY', 'SPC_NONE', 'TPC_NONE', 'UC_NONE', 'SPC_NONE', 'SPC_NONE', 'SPC_NONE', 'TPC_NONE', 'UC_NONE', 'UC_NONE', 'TPC_NONE', 'TPC_MPOLY', 'TPC_NONE', 'SPC_NONE', 'SPC_NONE', 'TPC_NONE', 'UC_NONE', 'TPC_NONE', 'SPC_NONE', 'TPC_NONE', 'SPC_NONE', 'UC_NONE', 'TPC_NONE', 'SPC_MNUF', 'UC_NONE', 'TPC_NONE', 'SPC_NONE', 'UC_NONE', 'TPC_NONE', 'TPC_NONE', 'SPC_NONE', 'SPC_NONE', 'TPC_MNUF', 'UC_NONE', 'UC_MNUF', 'SPC_NONE', 'UC_NONE']","{'UC_MPOLY': 3, 'UC_NONE': 26, 'SPC_NONE': 24, 'UC_MNUF': 2, 'NONE_MPOLY': 2, 'TPC_MPOLY': 3, 'SPC_MPOLY': 1, 'SBX_MPOLY': 4, 'TPC_NONE': 30, 'SBX_NONE': 1, 'SPC_MNUF': 1, 'TPC_MNUF': 1}"
23,99,TPC,NONE,0.6843696310823745,0.0415823104029299,1192197652.48,1918095237.0097167,2879500.96,2731047.276890716,0.7412495863053892,4.460569998832042e-05,0.0,0.0,GREEDY_HV,"['SPC_MBFLIP', 'UC_MPOLY', 'UC_NONE', 'UC_MPOLY', 'SPC_NONE', 'UC_MNUF', 'NONE_MPOLY', 'TPC_MPOLY', 'SPC_MPOLY', 'NONE_MPOLY', 'UC_NONE', 'UC_NONE', 'SBX_MPOLY', 'TPC_NONE', 'UC_NONE', 'UC_NONE', 'TPC_NONE', 'SPC_NONE', 'UC_NONE', 'SPC_NONE', 'SBX_NONE', 'TPC_NONE', 'TPC_NONE', 'SBX_MPOLY', 'SBX_MPOLY', 'TPC_NONE', 'TPC_NONE', 'UC_NONE', 'UC_NONE', 'SPC_NONE', 'UC_NONE', 'UC_MPOLY', 'TPC_NONE', 'TPC_MPOLY', 'TPC_NONE', 'TPC_NONE', 'UC_NONE', 'SPC_NONE', 'SPC_NONE', 'TPC_NONE', 'UC_NONE', 'UC_NONE', 'SPC_NONE', 'SPC_NONE', 'TPC_NONE', 'UC_NONE', 'UC_NONE', 'TPC_NONE', 'TPC_NONE', 'TPC_NONE', 'UC_NONE', 'TPC_NONE', 'SPC_NONE', 'SPC_NONE', 'UC_NONE', 'TPC_NONE', 'SPC_NONE', 'SPC_NONE', 'TPC_NONE', 'TPC_NONE', 'UC_NONE', 'TPC_NONE', 'SBX_MPOLY', 'SPC_NONE', 'TPC_NONE', 'UC_NONE', 'SPC_NONE', 'SPC_NONE', 'SPC_NONE', 'TPC_NONE', 'UC_NONE', 'UC_NONE', 'TPC_NONE', 'TPC_MPOLY', 'TPC_NONE', 'SPC_NONE', 'SPC_NONE', 'TPC_NONE', 'UC_NONE', 'TPC_NONE', 'SPC_NONE', 'TPC_NONE', 'SPC_NONE', 'UC_NONE', 'TPC_NONE', 'SPC_MNUF', 'UC_NONE', 'TPC_NONE', 'SPC_NONE', 'UC_NONE', 'TPC_NONE', 'TPC_NONE', 'SPC_NONE', 'SPC_NONE', 'TPC_MNUF', 'UC_NONE', 'UC_MNUF', 'SPC_NONE', 'UC_NONE', 'TPC_NONE']","{'UC_MPOLY': 3, 'UC_NONE': 26, 'SPC_NONE': 24, 'UC_MNUF': 2, 'NONE_MPOLY': 2, 'TPC_MPOLY': 3, 'SPC_MPOLY': 1, 'SBX_MPOLY': 4, 'TPC_NONE': 31, 'SBX_NONE': 1, 'SPC_MNUF': 1, 'TPC_MNUF': 1}"
23,100,SPC,NONE,0.6847141495524738,0.0416722652009725,1204401756.16,1915253528.275345,2925049.76,2734449.7819183045,0.7411541657141172,-9.542059127198854e-05,0.0,0.0,GREEDY_HV,"['SPC_MBFLIP', 'UC_MPOLY', 'UC_NONE', 'UC_MPOLY', 'SPC_NONE', 'UC_MNUF', 'NONE_MPOLY', 'TPC_MPOLY', 'SPC_MPOLY', 'NONE_MPOLY', 'UC_NONE', 'UC_NONE', 'SBX_MPOLY', 'TPC_NONE', 'UC_NONE', 'UC_NONE', 'TPC_NONE', 'SPC_NONE', 'UC_NONE', 'SPC_NONE', 'SBX_NONE', 'TPC_NONE', 'TPC_NONE', 'SBX_MPOLY', 'SBX_MPOLY', 'TPC_NONE', 'TPC_NONE', 'UC_NONE', 'UC_NONE', 'SPC_NONE', 'UC_NONE', 'UC_MPOLY', 'TPC_NONE', 'TPC_MPOLY', 'TPC_NONE', 'TPC_NONE', 'UC_NONE', 'SPC_NONE', 'SPC_NONE', 'TPC_NONE', 'UC_NONE', 'UC_NONE', 'SPC_NONE', 'SPC_NONE', 'TPC_NONE', 'UC_NONE', 'UC_NONE', 'TPC_NONE', 'TPC_NONE', 'TPC_NONE', 'UC_NONE', 'TPC_NONE', 'SPC_NONE', 'SPC_NONE', 'UC_NONE', 'TPC_NONE', 'SPC_NONE', 'SPC_NONE', 'TPC_NONE', 'TPC_NONE', 'UC_NONE', 'TPC_NONE', 'SBX_MPOLY', 'SPC_NONE', 'TPC_NONE', 'UC_NONE', 'SPC_NONE', 'SPC_NONE', 'SPC_NONE', 'TPC_NONE', 'UC_NONE', 'UC_NONE', 'TPC_NONE', 'TPC_MPOLY', 'TPC_NONE', 'SPC_NONE', 'SPC_NONE', 'TPC_NONE', 'UC_NONE', 'TPC_NONE', 'SPC_NONE', 'TPC_NONE', 'SPC_NONE', 'UC_NONE', 'TPC_NONE', 'SPC_MNUF', 'UC_NONE', 'TPC_NONE', 'SPC_NONE', 'UC_NONE', 'TPC_NONE', 'TPC_NONE', 'SPC_NONE', 'SPC_NONE', 'TPC_MNUF', 'UC_NONE', 'UC_MNUF', 'SPC_NONE', 'UC_NONE', 'TPC_NONE', 'SPC_NONE']","{'UC_MPOLY': 3, 'UC_NONE': 26, 'SPC_NONE': 25, 'UC_MNUF': 2, 'NONE_MPOLY': 2, 'TPC_MPOLY': 3, 'SPC_MPOLY': 1, 'SBX_MPOLY': 4, 'TPC_NONE': 31, 'SBX_NONE': 1, 'SPC_MNUF': 1, 'TPC_MNUF': 1}"
24,1,SBX,MPOLY,0.6586211851885062,0.0232162850571618,1325290972.16,929299586.602688,2786397.6,1584190.0676528437,0.6971481730696485,0.0,0.14,0.165,GREEDY_HV,"['SPC_MBFLIP', 'SBX_MPOLY']",{'SBX_MPOLY': 1}
24,2,UC,MPOLY,0.6652786268767875,0.0212759116244576,1126409725.44,801353726.6731395,2827099.04,1783822.0214608517,0.7103044841522517,0.0131563110826031,0.16,0.09,GREEDY_HV,"['SPC_MBFLIP', 'SBX_MPOLY', 'UC_MPOLY']","{'SBX_MPOLY': 1, 'UC_MPOLY': 1}"
24,3,UC,NONE,0.6658900471331751,0.0268390822949029,878300108.8,642320974.1783396,2531623.84,2174994.284703179,0.7149345314855695,0.0046300473333178,0.13,0.0,GREEDY_HV,"['SPC_MBFLIP', 'SBX_MPOLY', 'UC_MPOLY', 'UC_NONE']","{'SBX_MPOLY': 1, 'UC_MPOLY': 1, 'UC_NONE': 1}"
24,4,UC,NONE,0.6697078105424551,0.0280803410141922,781495385.6,596502762.5680698,2397807.52,2091081.4163092,0.7204236025471881,0.0054890710616185,0.06,0.0,GREEDY_HV,"['SPC_MBFLIP', 'SBX_MPOLY', 'UC_MPOLY', 'UC_NONE', 'UC_NONE']","{'SBX_MPOLY': 1, 'UC_MPOLY': 1, 'UC_NONE': 2}"
24,5,UC,NONE,0.6665886000994777,0.0302961588927548,669810545.92,536970098.162136,1976750.24,1938678.850985304,0.7242529845691453,0.0038293820219572,0.06,0.0,GREEDY_HV,"['SPC_MBFLIP', 'SBX_MPOLY', 'UC_MPOLY', 'UC_NONE', 'UC_NONE', 'UC_NONE']","{'SBX_MPOLY': 1, 'UC_MPOLY': 1, 'UC_NONE': 3}"
24,6,TPC,MPOLY,0.6691712976261415,0.0288102598299695,627593844.48,415772977.5360144,1839492.0,1587934.0689458868,0.7252345820404593,0.0009815974713139,0.06,0.03,GREEDY_HV,"['SPC_MBFLIP', 'SBX_MPOLY', 'UC_MPOLY', 'UC_NONE', 'UC_NONE', 'UC_NONE', 'TPC_MPOLY']","{'SBX_MPOLY': 1, 'UC_MPOLY': 1, 'UC_NONE': 3, 'TPC_MPOLY': 1}"
24,7,TPC,NONE,0.667483703458169,0.0321610451422801,489981222.4,260995936.5751409,1603684.0,1128174.4521439937,0.7282389525785987,0.0030043705381394,0.1,0.0,GREEDY_HV,"['SPC_MBFLIP', 'SBX_MPOLY', 'UC_MPOLY', 'UC_NONE', 'UC_NONE', 'UC_NONE', 'TPC_MPOLY', 'TPC_NONE']","{'SBX_MPOLY': 1, 'UC_MPOLY': 1, 'UC_NONE': 3, 'TPC_MPOLY': 1, 'TPC_NONE': 1}"
24,8,UC,NONE,0.676910847721373,0.0252079280596546,488392995.84,333281148.8019867,1857981.6,1287351.2466538106,0.7296759434896405,0.0014369909110417,0.12,0.0,GREEDY_HV,"['SPC_MBFLIP', 'SBX_MPOLY', 'UC_MPOLY', 'UC_NONE', 'UC_NONE', 'UC_NONE', 'TPC_MPOLY', 'TPC_NONE', 'UC_NONE']","{'SBX_MPOLY': 1, 'UC_MPOLY': 1, 'UC_NONE': 4, 'TPC_MPOLY': 1, 'TPC_NONE': 1}"
24,9,SPC,NONE,0.6813374647604796,0.0255836309793446,516596605.44,316291652.33465445,1931465.12,1270392.8102222343,0.7331539867868396,0.0034780432971991,0.06,0.0,GREEDY_HV,"['SPC_MBFLIP', 'SBX_MPOLY', 'UC_MPOLY', 'UC_NONE', 'UC_NONE', 'UC_NONE', 'TPC_MPOLY', 'TPC_NONE', 'UC_NONE', 'SPC_NONE']","{'SBX_MPOLY': 1, 'UC_MPOLY': 1, 'UC_NONE': 4, 'TPC_MPOLY': 1, 'TPC_NONE': 1, 'SPC_NONE': 1}"
24,10,UC,NONE,0.6793314541589315,0.0248532201577816,429988400.64,257822547.46294308,1650924.96,1197335.5786780736,0.7335851502939874,0.0004311635071477,0.06,0.0,GREEDY_HV,"['SPC_MBFLIP', 'SBX_MPOLY', 'UC_MPOLY', 'UC_NONE', 'UC_NONE', 'UC_NONE', 'TPC_MPOLY', 'TPC_NONE', 'UC_NONE', 'SPC_NONE', 'UC_NONE']","{'SBX_MPOLY': 1, 'UC_MPOLY': 1, 'UC_NONE': 5, 'TPC_MPOLY': 1, 'TPC_NONE': 1, 'SPC_NONE': 1}"
24,11,UC,NONE,0.6788866918816479,0.0256456212101343,412324331.52,254967533.6156657,1488167.84,1046990.406564174,0.7349305726662292,0.0013454223722417,0.01,0.0,GREEDY_HV,"['SPC_MBFLIP', 'SBX_MPOLY', 'UC_MPOLY', 'UC_NONE', 'UC_NONE', 'UC_NONE', 'TPC_MPOLY', 'TPC_NONE', 'UC_NONE', 'SPC_NONE', 'UC_NONE', 'UC_NONE']","{'SBX_MPOLY': 1, 'UC_MPOLY': 1, 'UC_NONE': 6, 'TPC_MPOLY': 1, 'TPC_NONE': 1, 'SPC_NONE': 1}"
24,12,SPC,NONE,0.6820897501522891,0.0267645885817447,452861294.08,267837831.31463268,1569109.92,1135998.3382191334,0.7359416369204655,0.0010110642542363,0.04,0.0,GREEDY_HV,"['SPC_MBFLIP', 'SBX_MPOLY', 'UC_MPOLY', 'UC_NONE', 'UC_NONE', 'UC_NONE', 'TPC_MPOLY', 'TPC_NONE', 'UC_NONE', 'SPC_NONE', 'UC_NONE', 'UC_NONE', 'SPC_NONE']","{'SBX_MPOLY': 1, 'UC_MPOLY': 1, 'UC_NONE': 6, 'TPC_MPOLY': 1, 'TPC_NONE': 1, 'SPC_NONE': 2}"
24,13,SBX,NONE,0.6838470515536418,0.0278332295980726,483202800.64,297251574.4579502,1736663.2,1226238.8482666828,0.7370908365588162,0.0011491996383506,0.0,0.0,GREEDY_HV,"['SPC_MBFLIP', 'SBX_MPOLY', 'UC_MPOLY', 'UC_NONE', 'UC_NONE', 'UC_NONE', 'TPC_MPOLY', 'TPC_NONE', 'UC_NONE', 'SPC_NONE', 'UC_NONE', 'UC_NONE', 'SPC_NONE', 'SBX_NONE']","{'SBX_MPOLY': 1, 'UC_MPOLY': 1, 'UC_NONE': 6, 'TPC_MPOLY': 1, 'TPC_NONE': 1, 'SPC_NONE': 2, 'SBX_NONE': 1}"
24,14,UC,NONE,0.6841886822535816,0.0276186271886799,466895600.64,273794624.2052844,1645833.12,1164783.8304347573,0.7374588879924779,0.0003680514336616,0.04,0.0,GREEDY_HV,"['SPC_MBFLIP', 'SBX_MPOLY', 'UC_MPOLY', 'UC_NONE', 'UC_NONE', 'UC_NONE', 'TPC_MPOLY', 'TPC_NONE', 'UC_NONE', 'SPC_NONE', 'UC_NONE', 'UC_NONE', 'SPC_NONE', 'SBX_NONE', 'UC_NONE']","{'SBX_MPOLY': 1, 'UC_MPOLY': 1, 'UC_NONE': 7, 'TPC_MPOLY': 1, 'TPC_NONE': 1, 'SPC_NONE': 2, 'SBX_NONE': 1}"
24,15,UC,NONE,0.6851825148988613,0.0288008117940323,501121968.64,298701278.8975023,1710438.56,1195994.4597505822,0.7375415939474147,8.270595493675703e-05,0.03,0.0,GREEDY_HV,"['SPC_MBFLIP', 'SBX_MPOLY', 'UC_MPOLY', 'UC_NONE', 'UC_NONE', 'UC_NONE', 'TPC_MPOLY', 'TPC_NONE', 'UC_NONE', 'SPC_NONE', 'UC_NONE', 'UC_NONE', 'SPC_NONE', 'SBX_NONE', 'UC_NONE', 'UC_NONE']","{'SBX_MPOLY': 1, 'UC_MPOLY': 1, 'UC_NONE': 8, 'TPC_MPOLY': 1, 'TPC_NONE': 1, 'SPC_NONE': 2, 'SBX_NONE': 1}"
24,16,TPC,NONE,0.6855984525273223,0.0284538316382433,496474716.16,286830819.1645569,1697792.16,1184259.526369847,0.7382841111938335,0.0007425172464188,0.03,0.0,GREEDY_HV,"['SPC_MBFLIP', 'SBX_MPOLY', 'UC_MPOLY', 'UC_NONE', 'UC_NONE', 'UC_NONE', 'TPC_MPOLY', 'TPC_NONE', 'UC_NONE', 'SPC_NONE', 'UC_NONE', 'UC_NONE', 'SPC_NONE', 'SBX_NONE', 'UC_NONE', 'UC_NONE', 'TPC_NONE']","{'SBX_MPOLY': 1, 'UC_MPOLY': 1, 'UC_NONE': 8, 'TPC_MPOLY': 1, 'TPC_NONE': 2, 'SPC_NONE': 2, 'SBX_NONE': 1}"
24,17,UC,NONE,0.6871539945412646,0.0281766692610246,491227112.96,286493060.9634535,1768617.12,1226772.9292264746,0.7383800158402157,9.590464638220551e-05,0.06,0.0,GREEDY_HV,"['SPC_MBFLIP', 'SBX_MPOLY', 'UC_MPOLY', 'UC_NONE', 'UC_NONE', 'UC_NONE', 'TPC_MPOLY', 'TPC_NONE', 'UC_NONE', 'SPC_NONE', 'UC_NONE', 'UC_NONE', 'SPC_NONE', 'SBX_NONE', 'UC_NONE', 'UC_NONE', 'TPC_NONE', 'UC_NONE']","{'SBX_MPOLY': 1, 'UC_MPOLY': 1, 'UC_NONE': 9, 'TPC_MPOLY': 1, 'TPC_NONE': 2, 'SPC_NONE': 2, 'SBX_NONE': 1}"
24,18,TPC,NONE,0.6897216133630057,0.0275573087166491,506644985.6,282269354.0336023,1885993.12,1234690.4623215755,0.7388625570330852,0.0004825411928695,0.02,0.0,GREEDY_HV,"['SPC_MBFLIP', 'SBX_MPOLY', 'UC_MPOLY', 'UC_NONE', 'UC_NONE', 'UC_NONE', 'TPC_MPOLY', 'TPC_NONE', 'UC_NONE', 'SPC_NONE', 'UC_NONE', 'UC_NONE', 'SPC_NONE', 'SBX_NONE', 'UC_NONE', 'UC_NONE', 'TPC_NONE', 'UC_NONE', 'TPC_NONE']","{'SBX_MPOLY': 1, 'UC_MPOLY': 1, 'UC_NONE': 9, 'TPC_MPOLY': 1, 'TPC_NONE': 3, 'SPC_NONE': 2, 'SBX_NONE': 1}"
24,19,UC,NONE,0.6874200627084837,0.0289632486563041,468321111.04,264097028.1263422,1731806.88,1167668.2496068247,0.7394104082855244,0.0005478512524391,0.0,0.0,GREEDY_HV,"['SPC_MBFLIP', 'SBX_MPOLY', 'UC_MPOLY', 'UC_NONE', 'UC_NONE', 'UC_NONE', 'TPC_MPOLY', 'TPC_NONE', 'UC_NONE', 'SPC_NONE', 'UC_NONE', 'UC_NONE', 'SPC_NONE', 'SBX_NONE', 'UC_NONE', 'UC_NONE', 'TPC_NONE', 'UC_NONE', 'TPC_NONE', 'UC_NONE']","{'SBX_MPOLY': 1, 'UC_MPOLY': 1, 'UC_NONE': 10, 'TPC_MPOLY': 1, 'TPC_NONE': 3, 'SPC_NONE': 2, 'SBX_NONE': 1}"
24,20,TPC,MPOLY,0.6861470570647477,0.0266096505840318,443194622.72,262589969.63841745,1583337.12,1078414.5624913014,0.7399425343053205,0.0005321260197961,0.01,0.0,GREEDY_HV,"['SPC_MBFLIP', 'SBX_MPOLY', 'UC_MPOLY', 'UC_NONE', 'UC_NONE', 'UC_NONE', 'TPC_MPOLY', 'TPC_NONE', 'UC_NONE', 'SPC_NONE', 'UC_NONE', 'UC_NONE', 'SPC_NONE', 'SBX_NONE', 'UC_NONE', 'UC_NONE', 'TPC_NONE', 'UC_NONE', 'TPC_NONE', 'UC_NONE', 'TPC_MPOLY']","{'SBX_MPOLY': 1, 'UC_MPOLY': 1, 'UC_NONE': 10, 'TPC_MPOLY': 2, 'TPC_NONE': 3, 'SPC_NONE': 2, 'SBX_NONE': 1}"
24,21,SPC,NONE,0.6876956066866055,0.0282327184652166,472814384.64,280788365.27836335,1677679.52,1111284.644931806,0.7400593685483602,0.0001168342430396,0.05,0.0,GREEDY_HV,"['SPC_MBFLIP', 'SBX_MPOLY', 'UC_MPOLY', 'UC_NONE', 'UC_NONE', 'UC_NONE', 'TPC_MPOLY', 'TPC_NONE', 'UC_NONE', 'SPC_NONE', 'UC_NONE', 'UC_NONE', 'SPC_NONE', 'SBX_NONE', 'UC_NONE', 'UC_NONE', 'TPC_NONE', 'UC_NONE', 'TPC_NONE', 'UC_NONE', 'TPC_MPOLY', 'SPC_NONE']","{'SBX_MPOLY': 1, 'UC_MPOLY': 1, 'UC_NONE': 10, 'TPC_MPOLY': 2, 'TPC_NONE': 3, 'SPC_NONE': 3, 'SBX_NONE': 1}"
24,22,TPC,NONE,0.6886662989178742,0.0286490307247415,481856737.28,284845444.0123432,1734608.8,1127538.6858834778,0.7400810079533637,2.163940500354844e-05,0.01,0.0,GREEDY_HV,"['SPC_MBFLIP', 'SBX_MPOLY', 'UC_MPOLY', 'UC_NONE', 'UC_NONE', 'UC_NONE', 'TPC_MPOLY', 'TPC_NONE', 'UC_NONE', 'SPC_NONE', 'UC_NONE', 'UC_NONE', 'SPC_NONE', 'SBX_NONE', 'UC_NONE', 'UC_NONE', 'TPC_NONE', 'UC_NONE', 'TPC_NONE', 'UC_NONE', 'TPC_MPOLY', 'SPC_NONE', 'TPC_NONE']","{'SBX_MPOLY': 1, 'UC_MPOLY': 1, 'UC_NONE': 10, 'TPC_MPOLY': 2, 'TPC_NONE': 4, 'SPC_NONE': 3, 'SBX_NONE': 1}"
24,23,UC,MPOLY,0.6848043043829619,0.0340264654643076,464472074.24,285422281.9155583,1653152.16,1132454.3937723823,0.7404539279514658,0.000372919998102,0.01,0.005,GREEDY_HV,"['SPC_MBFLIP', 'SBX_MPOLY', 'UC_MPOLY', 'UC_NONE', 'UC_NONE', 'UC_NONE', 'TPC_MPOLY', 'TPC_NONE', 'UC_NONE', 'SPC_NONE', 'UC_NONE', 'UC_NONE', 'SPC_NONE', 'SBX_NONE', 'UC_NONE', 'UC_NONE', 'TPC_NONE', 'UC_NONE', 'TPC_NONE', 'UC_NONE', 'TPC_MPOLY', 'SPC_NONE', 'TPC_NONE', 'UC_MPOLY']","{'SBX_MPOLY': 1, 'UC_MPOLY': 2, 'UC_NONE': 10, 'TPC_MPOLY': 2, 'TPC_NONE': 4, 'SPC_NONE': 3, 'SBX_NONE': 1}"
24,24,SPC,NONE,0.6864820901451266,0.034307457987998,484109624.32,291335230.47816706,1730055.84,1131079.947528509,0.740494755303228,4.082735176214048e-05,0.03,0.0,GREEDY_HV,"['SPC_MBFLIP', 'SBX_MPOLY', 'UC_MPOLY', 'UC_NONE', 'UC_NONE', 'UC_NONE', 'TPC_MPOLY', 'TPC_NONE', 'UC_NONE', 'SPC_NONE', 'UC_NONE', 'UC_NONE', 'SPC_NONE', 'SBX_NONE', 'UC_NONE', 'UC_NONE', 'TPC_NONE', 'UC_NONE', 'TPC_NONE', 'UC_NONE', 'TPC_MPOLY', 'SPC_NONE', 'TPC_NONE', 'UC_MPOLY', 'SPC_NONE']","{'SBX_MPOLY': 1, 'UC_MPOLY': 2, 'UC_NONE': 10, 'TPC_MPOLY': 2, 'TPC_NONE': 4, 'SPC_NONE': 4, 'SBX_NONE': 1}"
24,25,TPC,NONE,0.6864988660650317,0.0340892771588028,485533102.08,290910533.2956786,1742456.48,1121296.9011650437,0.7404668701693221,-2.788513390583613e-05,0.01,0.0,GREEDY_HV,"['SPC_MBFLIP', 'SBX_MPOLY', 'UC_MPOLY', 'UC_NONE', 'UC_NONE', 'UC_NONE', 'TPC_MPOLY', 'TPC_NONE', 'UC_NONE', 'SPC_NONE', 'UC_NONE', 'UC_NONE', 'SPC_NONE', 'SBX_NONE', 'UC_NONE', 'UC_NONE', 'TPC_NONE', 'UC_NONE', 'TPC_NONE', 'UC_NONE', 'TPC_MPOLY', 'SPC_NONE', 'TPC_NONE', 'UC_MPOLY', 'SPC_NONE', 'TPC_NONE']","{'SBX_MPOLY': 1, 'UC_MPOLY': 2, 'UC_NONE': 10, 'TPC_MPOLY': 2, 'TPC_NONE': 5, 'SPC_NONE': 4, 'SBX_NONE': 1}"
24,26,UC,NONE,0.6858886963216887,0.0344126452742385,496014817.28,296881633.822199,1736725.92,1174250.1248132074,0.7405230967124634,5.6226543141302265e-05,0.0,0.0,GREEDY_HV,"['SPC_MBFLIP', 'SBX_MPOLY', 'UC_MPOLY', 'UC_NONE', 'UC_NONE', 'UC_NONE', 'TPC_MPOLY', 'TPC_NONE', 'UC_NONE', 'SPC_NONE', 'UC_NONE', 'UC_NONE', 'SPC_NONE', 'SBX_NONE', 'UC_NONE', 'UC_NONE', 'TPC_NONE', 'UC_NONE', 'TPC_NONE', 'UC_NONE', 'TPC_MPOLY', 'SPC_NONE', 'TPC_NONE', 'UC_MPOLY', 'SPC_NONE', 'TPC_NONE', 'UC_NONE']","{'SBX_MPOLY': 1, 'UC_MPOLY': 2, 'UC_NONE': 11, 'TPC_MPOLY': 2, 'TPC_NONE': 5, 'SPC_NONE': 4, 'SBX_NONE': 1}"
24,27,SBX,MPOLY,0.6832489680404322,0.0372834449205954,479200838.4,295788166.2937159,1678473.12,1177326.3297018826,0.7408568816429505,0.000333784930487,0.0,0.05,GREEDY_HV,"['SPC_MBFLIP', 'SBX_MPOLY', 'UC_MPOLY', 'UC_NONE', 'UC_NONE', 'UC_NONE', 'TPC_MPOLY', 'TPC_NONE', 'UC_NONE', 'SPC_NONE', 'UC_NONE', 'UC_NONE', 'SPC_NONE', 'SBX_NONE', 'UC_NONE', 'UC_NONE', 'TPC_NONE', 'UC_NONE', 'TPC_NONE', 'UC_NONE', 'TPC_MPOLY', 'SPC_NONE', 'TPC_NONE', 'UC_MPOLY', 'SPC_NONE', 'TPC_NONE', 'UC_NONE', 'SBX_MPOLY']","{'SBX_MPOLY': 2, 'UC_MPOLY': 2, 'UC_NONE': 11, 'TPC_MPOLY': 2, 'TPC_NONE': 5, 'SPC_NONE': 4, 'SBX_NONE': 1}"
24,28,TPC,NONE,0.6806940098285885,0.0404845236730089,460596756.48,302769851.7268499,1681723.04,1188133.9810527256,0.7409258989084859,6.901726553543153e-05,0.0,0.0,GREEDY_HV,"['SPC_MBFLIP', 'SBX_MPOLY', 'UC_MPOLY', 'UC_NONE', 'UC_NONE', 'UC_NONE', 'TPC_MPOLY', 'TPC_NONE', 'UC_NONE', 'SPC_NONE', 'UC_NONE', 'UC_NONE', 'SPC_NONE', 'SBX_NONE', 'UC_NONE', 'UC_NONE', 'TPC_NONE', 'UC_NONE', 'TPC_NONE', 'UC_NONE', 'TPC_MPOLY', 'SPC_NONE', 'TPC_NONE', 'UC_MPOLY', 'SPC_NONE', 'TPC_NONE', 'UC_NONE', 'SBX_MPOLY', 'TPC_NONE']","{'SBX_MPOLY': 2, 'UC_MPOLY': 2, 'UC_NONE': 11, 'TPC_MPOLY': 2, 'TPC_NONE': 6, 'SPC_NONE': 4, 'SBX_NONE': 1}"
24,29,TPC,NONE,0.6817316880900528,0.039411340522256,462668774.4,310385518.7234372,1687787.68,1194743.018480233,0.7409351394319201,9.240523434206338e-06,0.01,0.0,GREEDY_HV,"['SPC_MBFLIP', 'SBX_MPOLY', 'UC_MPOLY', 'UC_NONE', 'UC_NONE', 'UC_NONE', 'TPC_MPOLY', 'TPC_NONE', 'UC_NONE', 'SPC_NONE', 'UC_NONE', 'UC_NONE', 'SPC_NONE', 'SBX_NONE', 'UC_NONE', 'UC_NONE', 'TPC_NONE', 'UC_NONE', 'TPC_NONE', 'UC_NONE', 'TPC_MPOLY', 'SPC_NONE', 'TPC_NONE', 'UC_MPOLY', 'SPC_NONE', 'TPC_NONE', 'UC_NONE', 'SBX_MPOLY', 'TPC_NONE', 'TPC_NONE']","{'SBX_MPOLY': 2, 'UC_MPOLY': 2, 'UC_NONE': 11, 'TPC_MPOLY': 2, 'TPC_NONE': 7, 'SPC_NONE': 4, 'SBX_NONE': 1}"
24,30,SPC,NONE,0.6813416153598684,0.040482404779021,476822182.4,310214608.56217414,1713830.56,1241023.6842714676,0.7409401757424727,5.036310552597456e-06,0.0,0.0,GREEDY_HV,"['SPC_MBFLIP', 'SBX_MPOLY', 'UC_MPOLY', 'UC_NONE', 'UC_NONE', 'UC_NONE', 'TPC_MPOLY', 'TPC_NONE', 'UC_NONE', 'SPC_NONE', 'UC_NONE', 'UC_NONE', 'SPC_NONE', 'SBX_NONE', 'UC_NONE', 'UC_NONE', 'TPC_NONE', 'UC_NONE', 'TPC_NONE', 'UC_NONE', 'TPC_MPOLY', 'SPC_NONE', 'TPC_NONE', 'UC_MPOLY', 'SPC_NONE', 'TPC_NONE', 'UC_NONE', 'SBX_MPOLY', 'TPC_NONE', 'TPC_NONE', 'SPC_NONE']","{'SBX_MPOLY': 2, 'UC_MPOLY': 2, 'UC_NONE': 11, 'TPC_MPOLY': 2, 'TPC_NONE': 7, 'SPC_NONE': 5, 'SBX_NONE': 1}"
24,31,TPC,NONE,0.6821284770667299,0.0403089513129156,480623997.44,308953330.14318347,1706096.8,1194092.1102341814,0.7409599559336155,1.9780191142793058e-05,0.0,0.0,GREEDY_HV,"['SPC_MBFLIP', 'SBX_MPOLY', 'UC_MPOLY', 'UC_NONE', 'UC_NONE', 'UC_NONE', 'TPC_MPOLY', 'TPC_NONE', 'UC_NONE', 'SPC_NONE', 'UC_NONE', 'UC_NONE', 'SPC_NONE', 'SBX_NONE', 'UC_NONE', 'UC_NONE', 'TPC_NONE', 'UC_NONE', 'TPC_NONE', 'UC_NONE', 'TPC_MPOLY', 'SPC_NONE', 'TPC_NONE', 'UC_MPOLY', 'SPC_NONE', 'TPC_NONE', 'UC_NONE', 'SBX_MPOLY', 'TPC_NONE', 'TPC_NONE', 'SPC_NONE', 'TPC_NONE']","{'SBX_MPOLY': 2, 'UC_MPOLY': 2, 'UC_NONE': 11, 'TPC_MPOLY': 2, 'TPC_NONE': 8, 'SPC_NONE': 5, 'SBX_NONE': 1}"
24,32,SPC,NONE,0.6820750317640374,0.0403942739084798,477819878.4,308032455.0354396,1703394.72,1203748.7159344684,0.7409651533739352,5.197440319681945e-06,0.0,0.0,GREEDY_HV,"['SPC_MBFLIP', 'SBX_MPOLY', 'UC_MPOLY', 'UC_NONE', 'UC_NONE', 'UC_NONE', 'TPC_MPOLY', 'TPC_NONE', 'UC_NONE', 'SPC_NONE', 'UC_NONE', 'UC_NONE', 'SPC_NONE', 'SBX_NONE', 'UC_NONE', 'UC_NONE', 'TPC_NONE', 'UC_NONE', 'TPC_NONE', 'UC_NONE', 'TPC_MPOLY', 'SPC_NONE', 'TPC_NONE', 'UC_MPOLY', 'SPC_NONE', 'TPC_NONE', 'UC_NONE', 'SBX_MPOLY', 'TPC_NONE', 'TPC_NONE', 'SPC_NONE', 'TPC_NONE', 'SPC_NONE']","{'SBX_MPOLY': 2, 'UC_MPOLY': 2, 'UC_NONE': 11, 'TPC_MPOLY': 2, 'TPC_NONE': 8, 'SPC_NONE': 6, 'SBX_NONE': 1}"
24,33,SPC,NONE,0.6831016876351298,0.0405019241891457,495492101.12,307909891.9262965,1777120.16,1233663.272141558,0.7409757141431659,1.0560769230671951e-05,0.01,0.0,GREEDY_HV,"['SPC_MBFLIP', 'SBX_MPOLY', 'UC_MPOLY', 'UC_NONE', 'UC_NONE', 'UC_NONE', 'TPC_MPOLY', 'TPC_NONE', 'UC_NONE', 'SPC_NONE', 'UC_NONE', 'UC_NONE', 'SPC_NONE', 'SBX_NONE', 'UC_NONE', 'UC_NONE', 'TPC_NONE', 'UC_NONE', 'TPC_NONE', 'UC_NONE', 'TPC_MPOLY', 'SPC_NONE', 'TPC_NONE', 'UC_MPOLY', 'SPC_NONE', 'TPC_NONE', 'UC_NONE', 'SBX_MPOLY', 'TPC_NONE', 'TPC_NONE', 'SPC_NONE', 'TPC_NONE', 'SPC_NONE', 'SPC_NONE']","{'SBX_MPOLY': 2, 'UC_MPOLY': 2, 'UC_NONE': 11, 'TPC_MPOLY': 2, 'TPC_NONE': 8, 'SPC_NONE': 7, 'SBX_NONE': 1}"
24,34,SPC,NONE,0.6845676117316419,0.0374123032903968,505362397.44,312682578.04077846,1756010.4,1210191.1030629831,0.7409950886678065,1.9374524640625168e-05,0.0,0.0,GREEDY_HV,"['SPC_MBFLIP', 'SBX_MPOLY', 'UC_MPOLY', 'UC_NONE', 'UC_NONE', 'UC_NONE', 'TPC_MPOLY', 'TPC_NONE', 'UC_NONE', 'SPC_NONE', 'UC_NONE', 'UC_NONE', 'SPC_NONE', 'SBX_NONE', 'UC_NONE', 'UC_NONE', 'TPC_NONE', 'UC_NONE', 'TPC_NONE', 'UC_NONE', 'TPC_MPOLY', 'SPC_NONE', 'TPC_NONE', 'UC_MPOLY', 'SPC_NONE', 'TPC_NONE', 'UC_NONE', 'SBX_MPOLY', 'TPC_NONE', 'TPC_NONE', 'SPC_NONE', 'TPC_NONE', 'SPC_NONE', 'SPC_NONE', 'SPC_NONE']","{'SBX_MPOLY': 2, 'UC_MPOLY': 2, 'UC_NONE': 11, 'TPC_MPOLY': 2, 'TPC_NONE': 8, 'SPC_NONE': 8, 'SBX_NONE': 1}"
24,35,SPC,NONE,0.6827735181576385,0.0393665533290488,496809768.96,319983091.378462,1766132.64,1241006.7605958926,0.7409765061784926,-1.858248931385642e-05,0.0,0.0,GREEDY_HV,"['SPC_MBFLIP', 'SBX_MPOLY', 'UC_MPOLY', 'UC_NONE', 'UC_NONE', 'UC_NONE', 'TPC_MPOLY', 'TPC_NONE', 'UC_NONE', 'SPC_NONE', 'UC_NONE', 'UC_NONE', 'SPC_NONE', 'SBX_NONE', 'UC_NONE', 'UC_NONE', 'TPC_NONE', 'UC_NONE', 'TPC_NONE', 'UC_NONE', 'TPC_MPOLY', 'SPC_NONE', 'TPC_NONE', 'UC_MPOLY', 'SPC_NONE', 'TPC_NONE', 'UC_NONE', 'SBX_MPOLY', 'TPC_NONE', 'TPC_NONE', 'SPC_NONE', 'TPC_NONE', 'SPC_NONE', 'SPC_NONE', 'SPC_NONE', 'SPC_NONE']","{'SBX_MPOLY': 2, 'UC_MPOLY': 2, 'UC_NONE': 11, 'TPC_MPOLY': 2, 'TPC_NONE': 8, 'SPC_NONE': 9, 'SBX_NONE': 1}"
24,36,SPC,NONE,0.6839956003363392,0.0389941285087698,516613562.88,310157359.9177319,1767056.8,1237425.4700610624,0.7409789973322126,2.491153719974548e-06,0.0,0.0,GREEDY_HV,"['SPC_MBFLIP', 'SBX_MPOLY', 'UC_MPOLY', 'UC_NONE', 'UC_NONE', 'UC_NONE', 'TPC_MPOLY', 'TPC_NONE', 'UC_NONE', 'SPC_NONE', 'UC_NONE', 'UC_NONE', 'SPC_NONE', 'SBX_NONE', 'UC_NONE', 'UC_NONE', 'TPC_NONE', 'UC_NONE', 'TPC_NONE', 'UC_NONE', 'TPC_MPOLY', 'SPC_NONE', 'TPC_NONE', 'UC_MPOLY', 'SPC_NONE', 'TPC_NONE', 'UC_NONE', 'SBX_MPOLY', 'TPC_NONE', 'TPC_NONE', 'SPC_NONE', 'TPC_NONE', 'SPC_NONE', 'SPC_NONE', 'SPC_NONE', 'SPC_NONE', 'SPC_NONE']","{'SBX_MPOLY': 2, 'UC_MPOLY': 2, 'UC_NONE': 11, 'TPC_MPOLY': 2, 'TPC_NONE': 8, 'SPC_NONE': 10, 'SBX_NONE': 1}"
24,37,UC,NONE,0.6837341989071135,0.0392644513820857,501324864.0,313639008.1267154,1770583.2,1241960.2429305697,0.7409987787806579,1.9781448445277405e-05,0.0,0.0,GREEDY_HV,"['SPC_MBFLIP', 'SBX_MPOLY', 'UC_MPOLY', 'UC_NONE', 'UC_NONE', 'UC_NONE', 'TPC_MPOLY', 'TPC_NONE', 'UC_NONE', 'SPC_NONE', 'UC_NONE', 'UC_NONE', 'SPC_NONE', 'SBX_NONE', 'UC_NONE', 'UC_NONE', 'TPC_NONE', 'UC_NONE', 'TPC_NONE', 'UC_NONE', 'TPC_MPOLY', 'SPC_NONE', 'TPC_NONE', 'UC_MPOLY', 'SPC_NONE', 'TPC_NONE', 'UC_NONE', 'SBX_MPOLY', 'TPC_NONE', 'TPC_NONE', 'SPC_NONE', 'TPC_NONE', 'SPC_NONE', 'SPC_NONE', 'SPC_NONE', 'SPC_NONE', 'SPC_NONE', 'UC_NONE']","{'SBX_MPOLY': 2, 'UC_MPOLY': 2, 'UC_NONE': 12, 'TPC_MPOLY': 2, 'TPC_NONE': 8, 'SPC_NONE': 10, 'SBX_NONE': 1}"
24,38,SPC,NONE,0.6835559397006954,0.0388016892419388,488156362.24,307367228.8734624,1724167.84,1227353.4901480237,0.7410475257061045,4.874692544665216e-05,0.03,0.0,GREEDY_HV,"['SPC_MBFLIP', 'SBX_MPOLY', 'UC_MPOLY', 'UC_NONE', 'UC_NONE', 'UC_NONE', 'TPC_MPOLY', 'TPC_NONE', 'UC_NONE', 'SPC_NONE', 'UC_NONE', 'UC_NONE', 'SPC_NONE', 'SBX_NONE', 'UC_NONE', 'UC_NONE', 'TPC_NONE', 'UC_NONE', 'TPC_NONE', 'UC_NONE', 'TPC_MPOLY', 'SPC_NONE', 'TPC_NONE', 'UC_MPOLY', 'SPC_NONE', 'TPC_NONE', 'UC_NONE', 'SBX_MPOLY', 'TPC_NONE', 'TPC_NONE', 'SPC_NONE', 'TPC_NONE', 'SPC_NONE', 'SPC_NONE', 'SPC_NONE', 'SPC_NONE', 'SPC_NONE', 'UC_NONE', 'SPC_NONE']","{'SBX_MPOLY': 2, 'UC_MPOLY': 2, 'UC_NONE': 12, 'TPC_MPOLY': 2, 'TPC_NONE': 8, 'SPC_NONE': 11, 'SBX_NONE': 1}"
24,39,SPC,NONE,0.6832449367008173,0.0390475292910169,501489134.08,313129331.21098715,1700734.88,1214741.6229453348,0.7410631058430796,1.5580136975001935e-05,0.01,0.0,GREEDY_HV,"['SPC_MBFLIP', 'SBX_MPOLY', 'UC_MPOLY', 'UC_NONE', 'UC_NONE', 'UC_NONE', 'TPC_MPOLY', 'TPC_NONE', 'UC_NONE', 'SPC_NONE', 'UC_NONE', 'UC_NONE', 'SPC_NONE', 'SBX_NONE', 'UC_NONE', 'UC_NONE', 'TPC_NONE', 'UC_NONE', 'TPC_NONE', 'UC_NONE', 'TPC_MPOLY', 'SPC_NONE', 'TPC_NONE', 'UC_MPOLY', 'SPC_NONE', 'TPC_NONE', 'UC_NONE', 'SBX_MPOLY', 'TPC_NONE', 'TPC_NONE', 'SPC_NONE', 'TPC_NONE', 'SPC_NONE', 'SPC_NONE', 'SPC_NONE', 'SPC_NONE', 'SPC_NONE', 'UC_NONE', 'SPC_NONE', 'SPC_NONE']","{'SBX_MPOLY': 2, 'UC_MPOLY': 2, 'UC_NONE': 12, 'TPC_MPOLY': 2, 'TPC_NONE': 8, 'SPC_NONE': 12, 'SBX_NONE': 1}"
24,40,TPC,NONE,0.6825859648430569,0.0387644283135089,486121706.24,303633036.708915,1632080.8,1202382.5297722188,0.7410942751955308,3.1169352451287935e-05,0.0,0.0,GREEDY_HV,"['SPC_MBFLIP', 'SBX_MPOLY', 'UC_MPOLY', 'UC_NONE', 'UC_NONE', 'UC_NONE', 'TPC_MPOLY', 'TPC_NONE', 'UC_NONE', 'SPC_NONE', 'UC_NONE', 'UC_NONE', 'SPC_NONE', 'SBX_NONE', 'UC_NONE', 'UC_NONE', 'TPC_NONE', 'UC_NONE', 'TPC_NONE', 'UC_NONE', 'TPC_MPOLY', 'SPC_NONE', 'TPC_NONE', 'UC_MPOLY', 'SPC_NONE', 'TPC_NONE', 'UC_NONE', 'SBX_MPOLY', 'TPC_NONE', 'TPC_NONE', 'SPC_NONE', 'TPC_NONE', 'SPC_NONE', 'SPC_NONE', 'SPC_NONE', 'SPC_NONE', 'SPC_NONE', 'UC_NONE', 'SPC_NONE', 'SPC_NONE', 'TPC_NONE']","{'SBX_MPOLY': 2, 'UC_MPOLY': 2, 'UC_NONE': 12, 'TPC_MPOLY': 2, 'TPC_NONE': 9, 'SPC_NONE': 12, 'SBX_NONE': 1}"
24,41,SPC,NONE,0.6836692646380743,0.0386675669220163,493176446.72,304344226.45169765,1684110.24,1182227.7582141026,0.7411182808629864,2.40056674555289e-05,0.0,0.0,GREEDY_HV,"['SPC_MBFLIP', 'SBX_MPOLY', 'UC_MPOLY', 'UC_NONE', 'UC_NONE', 'UC_NONE', 'TPC_MPOLY', 'TPC_NONE', 'UC_NONE', 'SPC_NONE', 'UC_NONE', 'UC_NONE', 'SPC_NONE', 'SBX_NONE', 'UC_NONE', 'UC_NONE', 'TPC_NONE', 'UC_NONE', 'TPC_NONE', 'UC_NONE', 'TPC_MPOLY', 'SPC_NONE', 'TPC_NONE', 'UC_MPOLY', 'SPC_NONE', 'TPC_NONE', 'UC_NONE', 'SBX_MPOLY', 'TPC_NONE', 'TPC_NONE', 'SPC_NONE', 'TPC_NONE', 'SPC_NONE', 'SPC_NONE', 'SPC_NONE', 'SPC_NONE', 'SPC_NONE', 'UC_NONE', 'SPC_NONE', 'SPC_NONE', 'TPC_NONE', 'SPC_NONE']","{'SBX_MPOLY': 2, 'UC_MPOLY': 2, 'UC_NONE': 12, 'TPC_MPOLY': 2, 'TPC_NONE': 9, 'SPC_NONE': 13, 'SBX_NONE': 1}"
24,42,UC,NONE,0.6827377965575959,0.0388989566119542,476206498.56,306626368.0219778,1691872.16,1219706.599574822,0.7411318500315633,1.3569168576976764e-05,0.01,0.0,GREEDY_HV,"['SPC_MBFLIP', 'SBX_MPOLY', 'UC_MPOLY', 'UC_NONE', 'UC_NONE', 'UC_NONE', 'TPC_MPOLY', 'TPC_NONE', 'UC_NONE', 'SPC_NONE', 'UC_NONE', 'UC_NONE', 'SPC_NONE', 'SBX_NONE', 'UC_NONE', 'UC_NONE', 'TPC_NONE', 'UC_NONE', 'TPC_NONE', 'UC_NONE', 'TPC_MPOLY', 'SPC_NONE', 'TPC_NONE', 'UC_MPOLY', 'SPC_NONE', 'TPC_NONE', 'UC_NONE', 'SBX_MPOLY', 'TPC_NONE', 'TPC_NONE', 'SPC_NONE', 'TPC_NONE', 'SPC_NONE', 'SPC_NONE', 'SPC_NONE', 'SPC_NONE', 'SPC_NONE', 'UC_NONE', 'SPC_NONE', 'SPC_NONE', 'TPC_NONE', 'SPC_NONE', 'UC_NONE']","{'SBX_MPOLY': 2, 'UC_MPOLY': 2, 'UC_NONE': 13, 'TPC_MPOLY': 2, 'TPC_NONE': 9, 'SPC_NONE': 13, 'SBX_NONE': 1}"
24,43,TPC,NONE,0.6836108290257223,0.0391609135479819,492154612.48,312250187.45047665,1741189.28,1221706.0820615578,0.7411116848278125,-2.0165203750810438e-05,0.0,0.0,GREEDY_HV,"['SPC_MBFLIP', 'SBX_MPOLY', 'UC_MPOLY', 'UC_NONE', 'UC_NONE', 'UC_NONE', 'TPC_MPOLY', 'TPC_NONE', 'UC_NONE', 'SPC_NONE', 'UC_NONE', 'UC_NONE', 'SPC_NONE', 'SBX_NONE', 'UC_NONE', 'UC_NONE', 'TPC_NONE', 'UC_NONE', 'TPC_NONE', 'UC_NONE', 'TPC_MPOLY', 'SPC_NONE', 'TPC_NONE', 'UC_MPOLY', 'SPC_NONE', 'TPC_NONE', 'UC_NONE', 'SBX_MPOLY', 'TPC_NONE', 'TPC_NONE', 'SPC_NONE', 'TPC_NONE', 'SPC_NONE', 'SPC_NONE', 'SPC_NONE', 'SPC_NONE', 'SPC_NONE', 'UC_NONE', 'SPC_NONE', 'SPC_NONE', 'TPC_NONE', 'SPC_NONE', 'UC_NONE', 'TPC_NONE']","{'SBX_MPOLY': 2, 'UC_MPOLY': 2, 'UC_NONE': 13, 'TPC_MPOLY': 2, 'TPC_NONE': 10, 'SPC_NONE': 13, 'SBX_NONE': 1}"
24,44,SPC,NONE,0.6855826491563826,0.0387291907561968,511110698.24,306641287.3312201,1797162.4,1206315.469827955,0.741129753435863,1.806860805042554e-05,0.0,0.0,GREEDY_HV,"['SPC_MBFLIP', 'SBX_MPOLY', 'UC_MPOLY', 'UC_NONE', 'UC_NONE', 'UC_NONE', 'TPC_MPOLY', 'TPC_NONE', 'UC_NONE', 'SPC_NONE', 'UC_NONE', 'UC_NONE', 'SPC_NONE', 'SBX_NONE', 'UC_NONE', 'UC_NONE', 'TPC_NONE', 'UC_NONE', 'TPC_NONE', 'UC_NONE', 'TPC_MPOLY', 'SPC_NONE', 'TPC_NONE', 'UC_MPOLY', 'SPC_NONE', 'TPC_NONE', 'UC_NONE', 'SBX_MPOLY', 'TPC_NONE', 'TPC_NONE', 'SPC_NONE', 'TPC_NONE', 'SPC_NONE', 'SPC_NONE', 'SPC_NONE', 'SPC_NONE', 'SPC_NONE', 'UC_NONE', 'SPC_NONE', 'SPC_NONE', 'TPC_NONE', 'SPC_NONE', 'UC_NONE', 'TPC_NONE', 'SPC_NONE']","{'SBX_MPOLY': 2, 'UC_MPOLY': 2, 'UC_NONE': 13, 'TPC_MPOLY': 2, 'TPC_NONE': 10, 'SPC_NONE': 14, 'SBX_NONE': 1}"
24,45,TPC,NONE,0.6831787012075288,0.0388693290587455,492840664.32,321387726.9588583,1714980.0,1228574.715748554,0.7411264259502589,-3.327485604054381e-06,0.01,0.0,GREEDY_HV,"['SPC_MBFLIP', 'SBX_MPOLY', 'UC_MPOLY', 'UC_NONE', 'UC_NONE', 'UC_NONE', 'TPC_MPOLY', 'TPC_NONE', 'UC_NONE', 'SPC_NONE', 'UC_NONE', 'UC_NONE', 'SPC_NONE', 'SBX_NONE', 'UC_NONE', 'UC_NONE', 'TPC_NONE', 'UC_NONE', 'TPC_NONE', 'UC_NONE', 'TPC_MPOLY', 'SPC_NONE', 'TPC_NONE', 'UC_MPOLY', 'SPC_NONE', 'TPC_NONE', 'UC_NONE', 'SBX_MPOLY', 'TPC_NONE', 'TPC_NONE', 'SPC_NONE', 'TPC_NONE', 'SPC_NONE', 'SPC_NONE', 'SPC_NONE', 'SPC_NONE', 'SPC_NONE', 'UC_NONE', 'SPC_NONE', 'SPC_NONE', 'TPC_NONE', 'SPC_NONE', 'UC_NONE', 'TPC_NONE', 'SPC_NONE', 'TPC_NONE']","{'SBX_MPOLY': 2, 'UC_MPOLY': 2, 'UC_NONE': 13, 'TPC_MPOLY': 2, 'TPC_NONE': 11, 'SPC_NONE': 14, 'SBX_NONE': 1}"
24,46,SPC,NONE,0.6838904607735024,0.0388061563323426,486216894.72,316849618.2652733,1769401.76,1222871.20867183,0.7411043704710354,-2.205547922351503e-05,0.01,0.0,GREEDY_HV,"['SPC_MBFLIP', 'SBX_MPOLY', 'UC_MPOLY', 'UC_NONE', 'UC_NONE', 'UC_NONE', 'TPC_MPOLY', 'TPC_NONE', 'UC_NONE', 'SPC_NONE', 'UC_NONE', 'UC_NONE', 'SPC_NONE', 'SBX_NONE', 'UC_NONE', 'UC_NONE', 'TPC_NONE', 'UC_NONE', 'TPC_NONE', 'UC_NONE', 'TPC_MPOLY', 'SPC_NONE', 'TPC_NONE', 'UC_MPOLY', 'SPC_NONE', 'TPC_NONE', 'UC_NONE', 'SBX_MPOLY', 'TPC_NONE', 'TPC_NONE', 'SPC_NONE', 'TPC_NONE', 'SPC_NONE', 'SPC_NONE', 'SPC_NONE', 'SPC_NONE', 'SPC_NONE', 'UC_NONE', 'SPC_NONE', 'SPC_NONE', 'TPC_NONE', 'SPC_NONE', 'UC_NONE', 'TPC_NONE', 'SPC_NONE', 'TPC_NONE', 'SPC_NONE']","{'SBX_MPOLY': 2, 'UC_MPOLY': 2, 'UC_NONE': 13, 'TPC_MPOLY': 2, 'TPC_NONE': 11, 'SPC_NONE': 15, 'SBX_NONE': 1}"
24,47,TPC,NONE,0.6832993215953104,0.0389190590999185,469438455.04,311169846.1474346,1748572.32,1229822.6596921925,0.7411010404631213,-3.330007914081889e-06,0.0,0.0,GREEDY_HV,"['SPC_MBFLIP', 'SBX_MPOLY', 'UC_MPOLY', 'UC_NONE', 'UC_NONE', 'UC_NONE', 'TPC_MPOLY', 'TPC_NONE', 'UC_NONE', 'SPC_NONE', 'UC_NONE', 'UC_NONE', 'SPC_NONE', 'SBX_NONE', 'UC_NONE', 'UC_NONE', 'TPC_NONE', 'UC_NONE', 'TPC_NONE', 'UC_NONE', 'TPC_MPOLY', 'SPC_NONE', 'TPC_NONE', 'UC_MPOLY', 'SPC_NONE', 'TPC_NONE', 'UC_NONE', 'SBX_MPOLY', 'TPC_NONE', 'TPC_NONE', 'SPC_NONE', 'TPC_NONE', 'SPC_NONE', 'SPC_NONE', 'SPC_NONE', 'SPC_NONE', 'SPC_NONE', 'UC_NONE', 'SPC_NONE', 'SPC_NONE', 'TPC_NONE', 'SPC_NONE', 'UC_NONE', 'TPC_NONE', 'SPC_NONE', 'TPC_NONE', 'SPC_NONE', 'TPC_NONE']","{'SBX_MPOLY': 2, 'UC_MPOLY': 2, 'UC_NONE': 13, 'TPC_MPOLY': 2, 'TPC_NONE': 12, 'SPC_NONE': 15, 'SBX_NONE': 1}"
24,48,UC,NONE,0.6838867600050079,0.0391007581732972,481594307.84,312890549.14844245,1780185.76,1232441.4904652727,0.741116528032881,1.5487569759664588e-05,0.0,0.0,GREEDY_HV,"['SPC_MBFLIP', 'SBX_MPOLY', 'UC_MPOLY', 'UC_NONE', 'UC_NONE', 'UC_NONE', 'TPC_MPOLY', 'TPC_NONE', 'UC_NONE', 'SPC_NONE', 'UC_NONE', 'UC_NONE', 'SPC_NONE', 'SBX_NONE', 'UC_NONE', 'UC_NONE', 'TPC_NONE', 'UC_NONE', 'TPC_NONE', 'UC_NONE', 'TPC_MPOLY', 'SPC_NONE', 'TPC_NONE', 'UC_MPOLY', 'SPC_NONE', 'TPC_NONE', 'UC_NONE', 'SBX_MPOLY', 'TPC_NONE', 'TPC_NONE', 'SPC_NONE', 'TPC_NONE', 'SPC_NONE', 'SPC_NONE', 'SPC_NONE', 'SPC_NONE', 'SPC_NONE', 'UC_NONE', 'SPC_NONE', 'SPC_NONE', 'TPC_NONE', 'SPC_NONE', 'UC_NONE', 'TPC_NONE', 'SPC_NONE', 'TPC_NONE', 'SPC_NONE', 'TPC_NONE', 'UC_NONE']","{'SBX_MPOLY': 2, 'UC_MPOLY': 2, 'UC_NONE': 14, 'TPC_MPOLY': 2, 'TPC_NONE': 12, 'SPC_NONE': 15, 'SBX_NONE': 1}"
24,49,TPC,NONE,0.6828282348537169,0.0390942822530238,481110513.92,315665768.070062,1723227.04,1245060.271912729,0.7411445208288031,2.799279592213821e-05,0.01,0.0,GREEDY_HV,"['SPC_MBFLIP', 'SBX_MPOLY', 'UC_MPOLY', 'UC_NONE', 'UC_NONE', 'UC_NONE', 'TPC_MPOLY', 'TPC_NONE', 'UC_NONE', 'SPC_NONE', 'UC_NONE', 'UC_NONE', 'SPC_NONE', 'SBX_NONE', 'UC_NONE', 'UC_NONE', 'TPC_NONE', 'UC_NONE', 'TPC_NONE', 'UC_NONE', 'TPC_MPOLY', 'SPC_NONE', 'TPC_NONE', 'UC_MPOLY', 'SPC_NONE', 'TPC_NONE', 'UC_NONE', 'SBX_MPOLY', 'TPC_NONE', 'TPC_NONE', 'SPC_NONE', 'TPC_NONE', 'SPC_NONE', 'SPC_NONE', 'SPC_NONE', 'SPC_NONE', 'SPC_NONE', 'UC_NONE', 'SPC_NONE', 'SPC_NONE', 'TPC_NONE', 'SPC_NONE', 'UC_NONE', 'TPC_NONE', 'SPC_NONE', 'TPC_NONE', 'SPC_NONE', 'TPC_NONE', 'UC_NONE', 'TPC_NONE']","{'SBX_MPOLY': 2, 'UC_MPOLY': 2, 'UC_NONE': 14, 'TPC_MPOLY': 2, 'TPC_NONE': 13, 'SPC_NONE': 15, 'SBX_NONE': 1}"
24,50,UC,NONE,0.6835678578741429,0.0390093470305626,482869118.72,319451659.0653899,1769194.4,1253652.438060884,0.7411185534405184,-2.5967388284753312e-05,0.0,0.0,GREEDY_HV,"['SPC_MBFLIP', 'SBX_MPOLY', 'UC_MPOLY', 'UC_NONE', 'UC_NONE', 'UC_NONE', 'TPC_MPOLY', 'TPC_NONE', 'UC_NONE', 'SPC_NONE', 'UC_NONE', 'UC_NONE', 'SPC_NONE', 'SBX_NONE', 'UC_NONE', 'UC_NONE', 'TPC_NONE', 'UC_NONE', 'TPC_NONE', 'UC_NONE', 'TPC_MPOLY', 'SPC_NONE', 'TPC_NONE', 'UC_MPOLY', 'SPC_NONE', 'TPC_NONE', 'UC_NONE', 'SBX_MPOLY', 'TPC_NONE', 'TPC_NONE', 'SPC_NONE', 'TPC_NONE', 'SPC_NONE', 'SPC_NONE', 'SPC_NONE', 'SPC_NONE', 'SPC_NONE', 'UC_NONE', 'SPC_NONE', 'SPC_NONE', 'TPC_NONE', 'SPC_NONE', 'UC_NONE', 'TPC_NONE', 'SPC_NONE', 'TPC_NONE', 'SPC_NONE', 'TPC_NONE', 'UC_NONE', 'TPC_NONE', 'UC_NONE']","{'SBX_MPOLY': 2, 'UC_MPOLY': 2, 'UC_NONE': 15, 'TPC_MPOLY': 2, 'TPC_NONE': 13, 'SPC_NONE': 15, 'SBX_NONE': 1}"
24,51,TPC,NONE,0.6837085533312035,0.0393145310195478,486640408.32,315260227.5407865,1768820.64,1255255.5399738774,0.7410696409644162,-4.891247610216976e-05,0.0,0.0,GREEDY_HV,"['SPC_MBFLIP', 'SBX_MPOLY', 'UC_MPOLY', 'UC_NONE', 'UC_NONE', 'UC_NONE', 'TPC_MPOLY', 'TPC_NONE', 'UC_NONE', 'SPC_NONE', 'UC_NONE', 'UC_NONE', 'SPC_NONE', 'SBX_NONE', 'UC_NONE', 'UC_NONE', 'TPC_NONE', 'UC_NONE', 'TPC_NONE', 'UC_NONE', 'TPC_MPOLY', 'SPC_NONE', 'TPC_NONE', 'UC_MPOLY', 'SPC_NONE', 'TPC_NONE', 'UC_NONE', 'SBX_MPOLY', 'TPC_NONE', 'TPC_NONE', 'SPC_NONE', 'TPC_NONE', 'SPC_NONE', 'SPC_NONE', 'SPC_NONE', 'SPC_NONE', 'SPC_NONE', 'UC_NONE', 'SPC_NONE', 'SPC_NONE', 'TPC_NONE', 'SPC_NONE', 'UC_NONE', 'TPC_NONE', 'SPC_NONE', 'TPC_NONE', 'SPC_NONE', 'TPC_NONE', 'UC_NONE', 'TPC_NONE', 'UC_NONE', 'TPC_NONE']","{'SBX_MPOLY': 2, 'UC_MPOLY': 2, 'UC_NONE': 15, 'TPC_MPOLY': 2, 'TPC_NONE': 14, 'SPC_NONE': 15, 'SBX_NONE': 1}"
24,52,SPC,NONE,0.683076954201691,0.0390678315584757,482066110.72,315272598.48989445,1691177.12,1234968.727436685,0.741113529145123,4.38881807067748e-05,0.0,0.0,GREEDY_HV,"['SPC_MBFLIP', 'SBX_MPOLY', 'UC_MPOLY', 'UC_NONE', 'UC_NONE', 'UC_NONE', 'TPC_MPOLY', 'TPC_NONE', 'UC_NONE', 'SPC_NONE', 'UC_NONE', 'UC_NONE', 'SPC_NONE', 'SBX_NONE', 'UC_NONE', 'UC_NONE', 'TPC_NONE', 'UC_NONE', 'TPC_NONE', 'UC_NONE', 'TPC_MPOLY', 'SPC_NONE', 'TPC_NONE', 'UC_MPOLY', 'SPC_NONE', 'TPC_NONE', 'UC_NONE', 'SBX_MPOLY', 'TPC_NONE', 'TPC_NONE', 'SPC_NONE', 'TPC_NONE', 'SPC_NONE', 'SPC_NONE', 'SPC_NONE', 'SPC_NONE', 'SPC_NONE', 'UC_NONE', 'SPC_NONE', 'SPC_NONE', 'TPC_NONE', 'SPC_NONE', 'UC_NONE', 'TPC_NONE', 'SPC_NONE', 'TPC_NONE', 'SPC_NONE', 'TPC_NONE', 'UC_NONE', 'TPC_NONE', 'UC_NONE', 'TPC_NONE', 'SPC_NONE']","{'SBX_MPOLY': 2, 'UC_MPOLY': 2, 'UC_NONE': 15, 'TPC_MPOLY': 2, 'TPC_NONE': 14, 'SPC_NONE': 16, 'SBX_NONE': 1}"
24,53,SPC,NONE,0.6835693223952771,0.0386308932494664,473959256.32,309847064.18561286,1710905.76,1210248.3257323771,0.7411249375058497,1.1408360726772315e-05,0.0,0.0,GREEDY_HV,"['SPC_MBFLIP', 'SBX_MPOLY', 'UC_MPOLY', 'UC_NONE', 'UC_NONE', 'UC_NONE', 'TPC_MPOLY', 'TPC_NONE', 'UC_NONE', 'SPC_NONE', 'UC_NONE', 'UC_NONE', 'SPC_NONE', 'SBX_NONE', 'UC_NONE', 'UC_NONE', 'TPC_NONE', 'UC_NONE', 'TPC_NONE', 'UC_NONE', 'TPC_MPOLY', 'SPC_NONE', 'TPC_NONE', 'UC_MPOLY', 'SPC_NONE', 'TPC_NONE', 'UC_NONE', 'SBX_MPOLY', 'TPC_NONE', 'TPC_NONE', 'SPC_NONE', 'TPC_NONE', 'SPC_NONE', 'SPC_NONE', 'SPC_NONE', 'SPC_NONE', 'SPC_NONE', 'UC_NONE', 'SPC_NONE', 'SPC_NONE', 'TPC_NONE', 'SPC_NONE', 'UC_NONE', 'TPC_NONE', 'SPC_NONE', 'TPC_NONE', 'SPC_NONE', 'TPC_NONE', 'UC_NONE', 'TPC_NONE', 'UC_NONE', 'TPC_NONE', 'SPC_NONE', 'SPC_NONE']","{'SBX_MPOLY': 2, 'UC_MPOLY': 2, 'UC_NONE': 15, 'TPC_MPOLY': 2, 'TPC_NONE': 14, 'SPC_NONE': 17, 'SBX_NONE': 1}"
24,54,UC,NONE,0.6832988421524226,0.0393219076070831,481513995.52,312807821.43639123,1720810.4,1235145.0698501123,0.741134418524495,9.481018645285388e-06,0.01,0.0,GREEDY_HV,"['SPC_MBFLIP', 'SBX_MPOLY', 'UC_MPOLY', 'UC_NONE', 'UC_NONE', 'UC_NONE', 'TPC_MPOLY', 'TPC_NONE', 'UC_NONE', 'SPC_NONE', 'UC_NONE', 'UC_NONE', 'SPC_NONE', 'SBX_NONE', 'UC_NONE', 'UC_NONE', 'TPC_NONE', 'UC_NONE', 'TPC_NONE', 'UC_NONE', 'TPC_MPOLY', 'SPC_NONE', 'TPC_NONE', 'UC_MPOLY', 'SPC_NONE', 'TPC_NONE', 'UC_NONE', 'SBX_MPOLY', 'TPC_NONE', 'TPC_NONE', 'SPC_NONE', 'TPC_NONE', 'SPC_NONE', 'SPC_NONE', 'SPC_NONE', 'SPC_NONE', 'SPC_NONE', 'UC_NONE', 'SPC_NONE', 'SPC_NONE', 'TPC_NONE', 'SPC_NONE', 'UC_NONE', 'TPC_NONE', 'SPC_NONE', 'TPC_NONE', 'SPC_NONE', 'TPC_NONE', 'UC_NONE', 'TPC_NONE', 'UC_NONE', 'TPC_NONE', 'SPC_NONE', 'SPC_NONE', 'UC_NONE']","{'SBX_MPOLY': 2, 'UC_MPOLY': 2, 'UC_NONE': 16, 'TPC_MPOLY': 2, 'TPC_NONE': 14, 'SPC_NONE': 17, 'SBX_NONE': 1}"
24,55,TPC,NONE,0.6837678913596165,0.0393755182355806,490288861.44,322166020.9029674,1760343.2,1229715.0019974548,0.7410892445777901,-4.517394670489061e-05,0.0,0.0,GREEDY_HV,"['SPC_MBFLIP', 'SBX_MPOLY', 'UC_MPOLY', 'UC_NONE', 'UC_NONE', 'UC_NONE', 'TPC_MPOLY', 'TPC_NONE', 'UC_NONE', 'SPC_NONE', 'UC_NONE', 'UC_NONE', 'SPC_NONE', 'SBX_NONE', 'UC_NONE', 'UC_NONE', 'TPC_NONE', 'UC_NONE', 'TPC_NONE', 'UC_NONE', 'TPC_MPOLY', 'SPC_NONE', 'TPC_NONE', 'UC_MPOLY', 'SPC_NONE', 'TPC_NONE', 'UC_NONE', 'SBX_MPOLY', 'TPC_NONE', 'TPC_NONE', 'SPC_NONE', 'TPC_NONE', 'SPC_NONE', 'SPC_NONE', 'SPC_NONE', 'SPC_NONE', 'SPC_NONE', 'UC_NONE', 'SPC_NONE', 'SPC_NONE', 'TPC_NONE', 'SPC_NONE', 'UC_NONE', 'TPC_NONE', 'SPC_NONE', 'TPC_NONE', 'SPC_NONE', 'TPC_NONE', 'UC_NONE', 'TPC_NONE', 'UC_NONE', 'TPC_NONE', 'SPC_NONE', 'SPC_NONE', 'UC_NONE', 'TPC_NONE']","{'SBX_MPOLY': 2, 'UC_MPOLY': 2, 'UC_NONE': 16, 'TPC_MPOLY': 2, 'TPC_NONE': 15, 'SPC_NONE': 17, 'SBX_NONE': 1}"
24,56,SPC,NONE,0.6840694181360766,0.0386355329558628,482044325.12,311819117.05491954,1709203.36,1203171.8070780376,0.7411461515614913,5.690698370119929e-05,0.0,0.0,GREEDY_HV,"['SPC_MBFLIP', 'SBX_MPOLY', 'UC_MPOLY', 'UC_NONE', 'UC_NONE', 'UC_NONE', 'TPC_MPOLY', 'TPC_NONE', 'UC_NONE', 'SPC_NONE', 'UC_NONE', 'UC_NONE', 'SPC_NONE', 'SBX_NONE', 'UC_NONE', 'UC_NONE', 'TPC_NONE', 'UC_NONE', 'TPC_NONE', 'UC_NONE', 'TPC_MPOLY', 'SPC_NONE', 'TPC_NONE', 'UC_MPOLY', 'SPC_NONE', 'TPC_NONE', 'UC_NONE', 'SBX_MPOLY', 'TPC_NONE', 'TPC_NONE', 'SPC_NONE', 'TPC_NONE', 'SPC_NONE', 'SPC_NONE', 'SPC_NONE', 'SPC_NONE', 'SPC_NONE', 'UC_NONE', 'SPC_NONE', 'SPC_NONE', 'TPC_NONE', 'SPC_NONE', 'UC_NONE', 'TPC_NONE', 'SPC_NONE', 'TPC_NONE', 'SPC_NONE', 'TPC_NONE', 'UC_NONE', 'TPC_NONE', 'UC_NONE', 'TPC_NONE', 'SPC_NONE', 'SPC_NONE', 'UC_NONE', 'TPC_NONE', 'SPC_NONE']","{'SBX_MPOLY': 2, 'UC_MPOLY': 2, 'UC_NONE': 16, 'TPC_MPOLY': 2, 'TPC_NONE': 15, 'SPC_NONE': 18, 'SBX_NONE': 1}"
24,57,TPC,NONE,0.6840770932549682,0.0389251286096199,482514766.08,306206964.2936704,1717917.6,1193997.0170645486,0.741160965832519,1.4814271027674408e-05,0.01,0.0,GREEDY_HV,"['SPC_MBFLIP', 'SBX_MPOLY', 'UC_MPOLY', 'UC_NONE', 'UC_NONE', 'UC_NONE', 'TPC_MPOLY', 'TPC_NONE', 'UC_NONE', 'SPC_NONE', 'UC_NONE', 'UC_NONE', 'SPC_NONE', 'SBX_NONE', 'UC_NONE', 'UC_NONE', 'TPC_NONE', 'UC_NONE', 'TPC_NONE', 'UC_NONE', 'TPC_MPOLY', 'SPC_NONE', 'TPC_NONE', 'UC_MPOLY', 'SPC_NONE', 'TPC_NONE', 'UC_NONE', 'SBX_MPOLY', 'TPC_NONE', 'TPC_NONE', 'SPC_NONE', 'TPC_NONE', 'SPC_NONE', 'SPC_NONE', 'SPC_NONE', 'SPC_NONE', 'SPC_NONE', 'UC_NONE', 'SPC_NONE', 'SPC_NONE', 'TPC_NONE', 'SPC_NONE', 'UC_NONE', 'TPC_NONE', 'SPC_NONE', 'TPC_NONE', 'SPC_NONE', 'TPC_NONE', 'UC_NONE', 'TPC_NONE', 'UC_NONE', 'TPC_NONE', 'SPC_NONE', 'SPC_NONE', 'UC_NONE', 'TPC_NONE', 'SPC_NONE', 'TPC_NONE']","{'SBX_MPOLY': 2, 'UC_MPOLY': 2, 'UC_NONE': 16, 'TPC_MPOLY': 2, 'TPC_NONE': 16, 'SPC_NONE': 18, 'SBX_NONE': 1}"
24,58,SPC,NONE,0.6837569883714315,0.0388865215487576,486228834.56,310363486.8229935,1719419.04,1244642.467490692,0.7411608496242705,-1.1620824846847456e-07,0.0,0.0,GREEDY_HV,"['SPC_MBFLIP', 'SBX_MPOLY', 'UC_MPOLY', 'UC_NONE', 'UC_NONE', 'UC_NONE', 'TPC_MPOLY', 'TPC_NONE', 'UC_NONE', 'SPC_NONE', 'UC_NONE', 'UC_NONE', 'SPC_NONE', 'SBX_NONE', 'UC_NONE', 'UC_NONE', 'TPC_NONE', 'UC_NONE', 'TPC_NONE', 'UC_NONE', 'TPC_MPOLY', 'SPC_NONE', 'TPC_NONE', 'UC_MPOLY', 'SPC_NONE', 'TPC_NONE', 'UC_NONE', 'SBX_MPOLY', 'TPC_NONE', 'TPC_NONE', 'SPC_NONE', 'TPC_NONE', 'SPC_NONE', 'SPC_NONE', 'SPC_NONE', 'SPC_NONE', 'SPC_NONE', 'UC_NONE', 'SPC_NONE', 'SPC_NONE', 'TPC_NONE', 'SPC_NONE', 'UC_NONE', 'TPC_NONE', 'SPC_NONE', 'TPC_NONE', 'SPC_NONE', 'TPC_NONE', 'UC_NONE', 'TPC_NONE', 'UC_NONE', 'TPC_NONE', 'SPC_NONE', 'SPC_NONE', 'UC_NONE', 'TPC_NONE', 'SPC_NONE', 'TPC_NONE', 'SPC_NONE']","{'SBX_MPOLY': 2, 'UC_MPOLY': 2, 'UC_NONE': 16, 'TPC_MPOLY': 2, 'TPC_NONE': 16, 'SPC_NONE': 19, 'SBX_NONE': 1}"
24,59,SPC,NONE,0.683153575836416,0.039110364616387,485549021.44,318474136.4098255,1739462.56,1239748.1883378115,0.7411399624570737,-2.088716719683692e-05,0.0,0.0,GREEDY_HV,"['SPC_MBFLIP', 'SBX_MPOLY', 'UC_MPOLY', 'UC_NONE', 'UC_NONE', 'UC_NONE', 'TPC_MPOLY', 'TPC_NONE', 'UC_NONE', 'SPC_NONE', 'UC_NONE', 'UC_NONE', 'SPC_NONE', 'SBX_NONE', 'UC_NONE', 'UC_NONE', 'TPC_NONE', 'UC_NONE', 'TPC_NONE', 'UC_NONE', 'TPC_MPOLY', 'SPC_NONE', 'TPC_NONE', 'UC_MPOLY', 'SPC_NONE', 'TPC_NONE', 'UC_NONE', 'SBX_MPOLY', 'TPC_NONE', 'TPC_NONE', 'SPC_NONE', 'TPC_NONE', 'SPC_NONE', 'SPC_NONE', 'SPC_NONE', 'SPC_NONE', 'SPC_NONE', 'UC_NONE', 'SPC_NONE', 'SPC_NONE', 'TPC_NONE', 'SPC_NONE', 'UC_NONE', 'TPC_NONE', 'SPC_NONE', 'TPC_NONE', 'SPC_NONE', 'TPC_NONE', 'UC_NONE', 'TPC_NONE', 'UC_NONE', 'TPC_NONE', 'SPC_NONE', 'SPC_NONE', 'UC_NONE', 'TPC_NONE', 'SPC_NONE', 'TPC_NONE', 'SPC_NONE', 'SPC_NONE']","{'SBX_MPOLY': 2, 'UC_MPOLY': 2, 'UC_NONE': 16, 'TPC_MPOLY': 2, 'TPC_NONE': 16, 'SPC_NONE': 20, 'SBX_NONE': 1}"
24,60,TPC,NONE,0.6843526395591673,0.0391449199684549,496816728.32,316957810.8544389,1763260.32,1214775.0275175308,0.7411350833418804,-4.879115193312522e-06,0.01,0.0,GREEDY_HV,"['SPC_MBFLIP', 'SBX_MPOLY', 'UC_MPOLY', 'UC_NONE', 'UC_NONE', 'UC_NONE', 'TPC_MPOLY', 'TPC_NONE', 'UC_NONE', 'SPC_NONE', 'UC_NONE', 'UC_NONE', 'SPC_NONE', 'SBX_NONE', 'UC_NONE', 'UC_NONE', 'TPC_NONE', 'UC_NONE', 'TPC_NONE', 'UC_NONE', 'TPC_MPOLY', 'SPC_NONE', 'TPC_NONE', 'UC_MPOLY', 'SPC_NONE', 'TPC_NONE', 'UC_NONE', 'SBX_MPOLY', 'TPC_NONE', 'TPC_NONE', 'SPC_NONE', 'TPC_NONE', 'SPC_NONE', 'SPC_NONE', 'SPC_NONE', 'SPC_NONE', 'SPC_NONE', 'UC_NONE', 'SPC_NONE', 'SPC_NONE', 'TPC_NONE', 'SPC_NONE', 'UC_NONE', 'TPC_NONE', 'SPC_NONE', 'TPC_NONE', 'SPC_NONE', 'TPC_NONE', 'UC_NONE', 'TPC_NONE', 'UC_NONE', 'TPC_NONE', 'SPC_NONE', 'SPC_NONE', 'UC_NONE', 'TPC_NONE', 'SPC_NONE', 'TPC_NONE', 'SPC_NONE', 'SPC_NONE', 'TPC_NONE']","{'SBX_MPOLY': 2, 'UC_MPOLY': 2, 'UC_NONE': 16, 'TPC_MPOLY': 2, 'TPC_NONE': 17, 'SPC_NONE': 20, 'SBX_NONE': 1}"
24,61,SPC,NONE,0.6843080202167562,0.0386097901405196,498104408.32,316011255.3717344,1718983.84,1200544.884465106,0.7411373969283362,2.313586455859884e-06,0.0,0.0,GREEDY_HV,"['SPC_MBFLIP', 'SBX_MPOLY', 'UC_MPOLY', 'UC_NONE', 'UC_NONE', 'UC_NONE', 'TPC_MPOLY', 'TPC_NONE', 'UC_NONE', 'SPC_NONE', 'UC_NONE', 'UC_NONE', 'SPC_NONE', 'SBX_NONE', 'UC_NONE', 'UC_NONE', 'TPC_NONE', 'UC_NONE', 'TPC_NONE', 'UC_NONE', 'TPC_MPOLY', 'SPC_NONE', 'TPC_NONE', 'UC_MPOLY', 'SPC_NONE', 'TPC_NONE', 'UC_NONE', 'SBX_MPOLY', 'TPC_NONE', 'TPC_NONE', 'SPC_NONE', 'TPC_NONE', 'SPC_NONE', 'SPC_NONE', 'SPC_NONE', 'SPC_NONE', 'SPC_NONE', 'UC_NONE', 'SPC_NONE', 'SPC_NONE', 'TPC_NONE', 'SPC_NONE', 'UC_NONE', 'TPC_NONE', 'SPC_NONE', 'TPC_NONE', 'SPC_NONE', 'TPC_NONE', 'UC_NONE', 'TPC_NONE', 'UC_NONE', 'TPC_NONE', 'SPC_NONE', 'SPC_NONE', 'UC_NONE', 'TPC_NONE', 'SPC_NONE', 'TPC_NONE', 'SPC_NONE', 'SPC_NONE', 'TPC_NONE', 'SPC_NONE']","{'SBX_MPOLY': 2, 'UC_MPOLY': 2, 'UC_NONE': 16, 'TPC_MPOLY': 2, 'TPC_NONE': 17, 'SPC_NONE': 21, 'SBX_NONE': 1}"
24,62,UC,NONE,0.6835085283489665,0.0387379526736118,483599115.52,311811562.5062941,1715762.08,1234578.1341815484,0.7411010318444657,-3.63650838705043e-05,0.0,0.0,GREEDY_HV,"['SPC_MBFLIP', 'SBX_MPOLY', 'UC_MPOLY', 'UC_NONE', 'UC_NONE', 'UC_NONE', 'TPC_MPOLY', 'TPC_NONE', 'UC_NONE', 'SPC_NONE', 'UC_NONE', 'UC_NONE', 'SPC_NONE', 'SBX_NONE', 'UC_NONE', 'UC_NONE', 'TPC_NONE', 'UC_NONE', 'TPC_NONE', 'UC_NONE', 'TPC_MPOLY', 'SPC_NONE', 'TPC_NONE', 'UC_MPOLY', 'SPC_NONE', 'TPC_NONE', 'UC_NONE', 'SBX_MPOLY', 'TPC_NONE', 'TPC_NONE', 'SPC_NONE', 'TPC_NONE', 'SPC_NONE', 'SPC_NONE', 'SPC_NONE', 'SPC_NONE', 'SPC_NONE', 'UC_NONE', 'SPC_NONE', 'SPC_NONE', 'TPC_NONE', 'SPC_NONE', 'UC_NONE', 'TPC_NONE', 'SPC_NONE', 'TPC_NONE', 'SPC_NONE', 'TPC_NONE', 'UC_NONE', 'TPC_NONE', 'UC_NONE', 'TPC_NONE', 'SPC_NONE', 'SPC_NONE', 'UC_NONE', 'TPC_NONE', 'SPC_NONE', 'TPC_NONE', 'SPC_NONE', 'SPC_NONE', 'TPC_NONE', 'SPC_NONE', 'UC_NONE']","{'SBX_MPOLY': 2, 'UC_MPOLY': 2, 'UC_NONE': 17, 'TPC_MPOLY': 2, 'TPC_NONE': 17, 'SPC_NONE': 21, 'SBX_NONE': 1}"
24,63,UC,NONE,0.6846515578039591,0.0386666900362271,499276422.4,311099553.74285525,1745524.64,1217321.7082611115,0.7411125215628602,1.1489718394486204e-05,0.0,0.0,GREEDY_HV,"['SPC_MBFLIP', 'SBX_MPOLY', 'UC_MPOLY', 'UC_NONE', 'UC_NONE', 'UC_NONE', 'TPC_MPOLY', 'TPC_NONE', 'UC_NONE', 'SPC_NONE', 'UC_NONE', 'UC_NONE', 'SPC_NONE', 'SBX_NONE', 'UC_NONE', 'UC_NONE', 'TPC_NONE', 'UC_NONE', 'TPC_NONE', 'UC_NONE', 'TPC_MPOLY', 'SPC_NONE', 'TPC_NONE', 'UC_MPOLY', 'SPC_NONE', 'TPC_NONE', 'UC_NONE', 'SBX_MPOLY', 'TPC_NONE', 'TPC_NONE', 'SPC_NONE', 'TPC_NONE', 'SPC_NONE', 'SPC_NONE', 'SPC_NONE', 'SPC_NONE', 'SPC_NONE', 'UC_NONE', 'SPC_NONE', 'SPC_NONE', 'TPC_NONE', 'SPC_NONE', 'UC_NONE', 'TPC_NONE', 'SPC_NONE', 'TPC_NONE', 'SPC_NONE', 'TPC_NONE', 'UC_NONE', 'TPC_NONE', 'UC_NONE', 'TPC_NONE', 'SPC_NONE', 'SPC_NONE', 'UC_NONE', 'TPC_NONE', 'SPC_NONE', 'TPC_NONE', 'SPC_NONE', 'SPC_NONE', 'TPC_NONE', 'SPC_NONE', 'UC_NONE', 'UC_NONE']","{'SBX_MPOLY': 2, 'UC_MPOLY': 2, 'UC_NONE': 18, 'TPC_MPOLY': 2, 'TPC_NONE': 17, 'SPC_NONE': 21, 'SBX_NONE': 1}"
24,64,SPC,NONE,0.6842162650430893,0.0389086857328658,505329194.24,319024771.827242,1725336.48,1221475.711725423,0.7410927309208136,-1.979064204660208e-05,0.0,0.0,GREEDY_HV,"['SPC_MBFLIP', 'SBX_MPOLY', 'UC_MPOLY', 'UC_NONE', 'UC_NONE', 'UC_NONE', 'TPC_MPOLY', 'TPC_NONE', 'UC_NONE', 'SPC_NONE', 'UC_NONE', 'UC_NONE', 'SPC_NONE', 'SBX_NONE', 'UC_NONE', 'UC_NONE', 'TPC_NONE', 'UC_NONE', 'TPC_NONE', 'UC_NONE', 'TPC_MPOLY', 'SPC_NONE', 'TPC_NONE', 'UC_MPOLY', 'SPC_NONE', 'TPC_NONE', 'UC_NONE', 'SBX_MPOLY', 'TPC_NONE', 'TPC_NONE', 'SPC_NONE', 'TPC_NONE', 'SPC_NONE', 'SPC_NONE', 'SPC_NONE', 'SPC_NONE', 'SPC_NONE', 'UC_NONE', 'SPC_NONE', 'SPC_NONE', 'TPC_NONE', 'SPC_NONE', 'UC_NONE', 'TPC_NONE', 'SPC_NONE', 'TPC_NONE', 'SPC_NONE', 'TPC_NONE', 'UC_NONE', 'TPC_NONE', 'UC_NONE', 'TPC_NONE', 'SPC_NONE', 'SPC_NONE', 'UC_NONE', 'TPC_NONE', 'SPC_NONE', 'TPC_NONE', 'SPC_NONE', 'SPC_NONE', 'TPC_NONE', 'SPC_NONE', 'UC_NONE', 'UC_NONE', 'SPC_NONE']","{'SBX_MPOLY': 2, 'UC_MPOLY': 2, 'UC_NONE': 18, 'TPC_MPOLY': 2, 'TPC_NONE': 17, 'SPC_NONE': 22, 'SBX_NONE': 1}"
24,65,TPC,NONE,0.6835539310834824,0.0390212994617186,507195628.8,321832531.8707151,1686212.0,1215912.4775070942,0.7410828559382485,-9.87498256510566e-06,0.0,0.0,GREEDY_HV,"['SPC_MBFLIP', 'SBX_MPOLY', 'UC_MPOLY', 'UC_NONE', 'UC_NONE', 'UC_NONE', 'TPC_MPOLY', 'TPC_NONE', 'UC_NONE', 'SPC_NONE', 'UC_NONE', 'UC_NONE', 'SPC_NONE', 'SBX_NONE', 'UC_NONE', 'UC_NONE', 'TPC_NONE', 'UC_NONE', 'TPC_NONE', 'UC_NONE', 'TPC_MPOLY', 'SPC_NONE', 'TPC_NONE', 'UC_MPOLY', 'SPC_NONE', 'TPC_NONE', 'UC_NONE', 'SBX_MPOLY', 'TPC_NONE', 'TPC_NONE', 'SPC_NONE', 'TPC_NONE', 'SPC_NONE', 'SPC_NONE', 'SPC_NONE', 'SPC_NONE', 'SPC_NONE', 'UC_NONE', 'SPC_NONE', 'SPC_NONE', 'TPC_NONE', 'SPC_NONE', 'UC_NONE', 'TPC_NONE', 'SPC_NONE', 'TPC_NONE', 'SPC_NONE', 'TPC_NONE', 'UC_NONE', 'TPC_NONE', 'UC_NONE', 'TPC_NONE', 'SPC_NONE', 'SPC_NONE', 'UC_NONE', 'TPC_NONE', 'SPC_NONE', 'TPC_NONE', 'SPC_NONE', 'SPC_NONE', 'TPC_NONE', 'SPC_NONE', 'UC_NONE', 'UC_NONE', 'SPC_NONE', 'TPC_NONE']","{'SBX_MPOLY': 2, 'UC_MPOLY': 2, 'UC_NONE': 18, 'TPC_MPOLY': 2, 'TPC_NONE': 18, 'SPC_NONE': 22, 'SBX_NONE': 1}"
24,66,TPC,NONE,0.6833951247045706,0.038933534030573,500528759.04,313444885.1011272,1677307.04,1212661.3581300422,0.7410745665925569,-8.28934569163664e-06,0.0,0.0,GREEDY_HV,"['SPC_MBFLIP', 'SBX_MPOLY', 'UC_MPOLY', 'UC_NONE', 'UC_NONE', 'UC_NONE', 'TPC_MPOLY', 'TPC_NONE', 'UC_NONE', 'SPC_NONE', 'UC_NONE', 'UC_NONE', 'SPC_NONE', 'SBX_NONE', 'UC_NONE', 'UC_NONE', 'TPC_NONE', 'UC_NONE', 'TPC_NONE', 'UC_NONE', 'TPC_MPOLY', 'SPC_NONE', 'TPC_NONE', 'UC_MPOLY', 'SPC_NONE', 'TPC_NONE', 'UC_NONE', 'SBX_MPOLY', 'TPC_NONE', 'TPC_NONE', 'SPC_NONE', 'TPC_NONE', 'SPC_NONE', 'SPC_NONE', 'SPC_NONE', 'SPC_NONE', 'SPC_NONE', 'UC_NONE', 'SPC_NONE', 'SPC_NONE', 'TPC_NONE', 'SPC_NONE', 'UC_NONE', 'TPC_NONE', 'SPC_NONE', 'TPC_NONE', 'SPC_NONE', 'TPC_NONE', 'UC_NONE', 'TPC_NONE', 'UC_NONE', 'TPC_NONE', 'SPC_NONE', 'SPC_NONE', 'UC_NONE', 'TPC_NONE', 'SPC_NONE', 'TPC_NONE', 'SPC_NONE', 'SPC_NONE', 'TPC_NONE', 'SPC_NONE', 'UC_NONE', 'UC_NONE', 'SPC_NONE', 'TPC_NONE', 'TPC_NONE']","{'SBX_MPOLY': 2, 'UC_MPOLY': 2, 'UC_NONE': 18, 'TPC_MPOLY': 2, 'TPC_NONE': 19, 'SPC_NONE': 22, 'SBX_NONE': 1}"
24,67,TPC,NONE,0.683875234125089,0.0388828192242004,509688618.24,318223907.23467225,1679246.24,1203851.9082356691,0.7411010968940264,2.6530301469485096e-05,0.01,0.0,GREEDY_HV,"['SPC_MBFLIP', 'SBX_MPOLY', 'UC_MPOLY', 'UC_NONE', 'UC_NONE', 'UC_NONE', 'TPC_MPOLY', 'TPC_NONE', 'UC_NONE', 'SPC_NONE', 'UC_NONE', 'UC_NONE', 'SPC_NONE', 'SBX_NONE', 'UC_NONE', 'UC_NONE', 'TPC_NONE', 'UC_NONE', 'TPC_NONE', 'UC_NONE', 'TPC_MPOLY', 'SPC_NONE', 'TPC_NONE', 'UC_MPOLY', 'SPC_NONE', 'TPC_NONE', 'UC_NONE', 'SBX_MPOLY', 'TPC_NONE', 'TPC_NONE', 'SPC_NONE', 'TPC_NONE', 'SPC_NONE', 'SPC_NONE', 'SPC_NONE', 'SPC_NONE', 'SPC_NONE', 'UC_NONE', 'SPC_NONE', 'SPC_NONE', 'TPC_NONE', 'SPC_NONE', 'UC_NONE', 'TPC_NONE', 'SPC_NONE', 'TPC_NONE', 'SPC_NONE', 'TPC_NONE', 'UC_NONE', 'TPC_NONE', 'UC_NONE', 'TPC_NONE', 'SPC_NONE', 'SPC_NONE', 'UC_NONE', 'TPC_NONE', 'SPC_NONE', 'TPC_NONE', 'SPC_NONE', 'SPC_NONE', 'TPC_NONE', 'SPC_NONE', 'UC_NONE', 'UC_NONE', 'SPC_NONE', 'TPC_NONE', 'TPC_NONE', 'TPC_NONE']","{'SBX_MPOLY': 2, 'UC_MPOLY': 2, 'UC_NONE': 18, 'TPC_MPOLY': 2, 'TPC_NONE': 20, 'SPC_NONE': 22, 'SBX_NONE': 1}"
24,68,SPC,NONE,0.6839468898516153,0.0392197320714205,521427344.64,329649133.40884405,1722320.8,1265777.09208331,0.7411008077875932,-2.891064331267401e-07,0.0,0.0,GREEDY_HV,"['SPC_MBFLIP', 'SBX_MPOLY', 'UC_MPOLY', 'UC_NONE', 'UC_NONE', 'UC_NONE', 'TPC_MPOLY', 'TPC_NONE', 'UC_NONE', 'SPC_NONE', 'UC_NONE', 'UC_NONE', 'SPC_NONE', 'SBX_NONE', 'UC_NONE', 'UC_NONE', 'TPC_NONE', 'UC_NONE', 'TPC_NONE', 'UC_NONE', 'TPC_MPOLY', 'SPC_NONE', 'TPC_NONE', 'UC_MPOLY', 'SPC_NONE', 'TPC_NONE', 'UC_NONE', 'SBX_MPOLY', 'TPC_NONE', 'TPC_NONE', 'SPC_NONE', 'TPC_NONE', 'SPC_NONE', 'SPC_NONE', 'SPC_NONE', 'SPC_NONE', 'SPC_NONE', 'UC_NONE', 'SPC_NONE', 'SPC_NONE', 'TPC_NONE', 'SPC_NONE', 'UC_NONE', 'TPC_NONE', 'SPC_NONE', 'TPC_NONE', 'SPC_NONE', 'TPC_NONE', 'UC_NONE', 'TPC_NONE', 'UC_NONE', 'TPC_NONE', 'SPC_NONE', 'SPC_NONE', 'UC_NONE', 'TPC_NONE', 'SPC_NONE', 'TPC_NONE', 'SPC_NONE', 'SPC_NONE', 'TPC_NONE', 'SPC_NONE', 'UC_NONE', 'UC_NONE', 'SPC_NONE', 'TPC_NONE', 'TPC_NONE', 'TPC_NONE', 'SPC_NONE']","{'SBX_MPOLY': 2, 'UC_MPOLY': 2, 'UC_NONE': 18, 'TPC_MPOLY': 2, 'TPC_NONE': 20, 'SPC_NONE': 23, 'SBX_NONE': 1}"
24,69,SPC,NONE,0.6837678516138687,0.0388153185819943,501507815.68,316969696.9803156,1681990.56,1221100.7293882377,0.741125092428962,2.428464136872144e-05,0.0,0.0,GREEDY_HV,"['SPC_MBFLIP', 'SBX_MPOLY', 'UC_MPOLY', 'UC_NONE', 'UC_NONE', 'UC_NONE', 'TPC_MPOLY', 'TPC_NONE', 'UC_NONE', 'SPC_NONE', 'UC_NONE', 'UC_NONE', 'SPC_NONE', 'SBX_NONE', 'UC_NONE', 'UC_NONE', 'TPC_NONE', 'UC_NONE', 'TPC_NONE', 'UC_NONE', 'TPC_MPOLY', 'SPC_NONE', 'TPC_NONE', 'UC_MPOLY', 'SPC_NONE', 'TPC_NONE', 'UC_NONE', 'SBX_MPOLY', 'TPC_NONE', 'TPC_NONE', 'SPC_NONE', 'TPC_NONE', 'SPC_NONE', 'SPC_NONE', 'SPC_NONE', 'SPC_NONE', 'SPC_NONE', 'UC_NONE', 'SPC_NONE', 'SPC_NONE', 'TPC_NONE', 'SPC_NONE', 'UC_NONE', 'TPC_NONE', 'SPC_NONE', 'TPC_NONE', 'SPC_NONE', 'TPC_NONE', 'UC_NONE', 'TPC_NONE', 'UC_NONE', 'TPC_NONE', 'SPC_NONE', 'SPC_NONE', 'UC_NONE', 'TPC_NONE', 'SPC_NONE', 'TPC_NONE', 'SPC_NONE', 'SPC_NONE', 'TPC_NONE', 'SPC_NONE', 'UC_NONE', 'UC_NONE', 'SPC_NONE', 'TPC_NONE', 'TPC_NONE', 'TPC_NONE', 'SPC_NONE', 'SPC_NONE']","{'SBX_MPOLY': 2, 'UC_MPOLY': 2, 'UC_NONE': 18, 'TPC_MPOLY': 2, 'TPC_NONE': 20, 'SPC_NONE': 24, 'SBX_NONE': 1}"
24,70,TPC,NONE,0.6840356009396698,0.0390114112490226,524023594.24,317865878.8197409,1672581.28,1210466.9797931542,0.7411612746895903,3.618226062829244e-05,0.0,0.0,GREEDY_HV,"['SPC_MBFLIP', 'SBX_MPOLY', 'UC_MPOLY', 'UC_NONE', 'UC_NONE', 'UC_NONE', 'TPC_MPOLY', 'TPC_NONE', 'UC_NONE', 'SPC_NONE', 'UC_NONE', 'UC_NONE', 'SPC_NONE', 'SBX_NONE', 'UC_NONE', 'UC_NONE', 'TPC_NONE', 'UC_NONE', 'TPC_NONE', 'UC_NONE', 'TPC_MPOLY', 'SPC_NONE', 'TPC_NONE', 'UC_MPOLY', 'SPC_NONE', 'TPC_NONE', 'UC_NONE', 'SBX_MPOLY', 'TPC_NONE', 'TPC_NONE', 'SPC_NONE', 'TPC_NONE', 'SPC_NONE', 'SPC_NONE', 'SPC_NONE', 'SPC_NONE', 'SPC_NONE', 'UC_NONE', 'SPC_NONE', 'SPC_NONE', 'TPC_NONE', 'SPC_NONE', 'UC_NONE', 'TPC_NONE', 'SPC_NONE', 'TPC_NONE', 'SPC_NONE', 'TPC_NONE', 'UC_NONE', 'TPC_NONE', 'UC_NONE', 'TPC_NONE', 'SPC_NONE', 'SPC_NONE', 'UC_NONE', 'TPC_NONE', 'SPC_NONE', 'TPC_NONE', 'SPC_NONE', 'SPC_NONE', 'TPC_NONE', 'SPC_NONE', 'UC_NONE', 'UC_NONE', 'SPC_NONE', 'TPC_NONE', 'TPC_NONE', 'TPC_NONE', 'SPC_NONE', 'SPC_NONE', 'TPC_NONE']","{'SBX_MPOLY': 2, 'UC_MPOLY': 2, 'UC_NONE': 18, 'TPC_MPOLY': 2, 'TPC_NONE': 21, 'SPC_NONE': 24, 'SBX_NONE': 1}"
24,71,SPC,NONE,0.6848164485393556,0.0389045100711918,515509223.68,310023247.9698003,1711310.24,1208184.927779958,0.7411266253190785,-3.4649370511785627e-05,0.0,0.0,GREEDY_HV,"['SPC_MBFLIP', 'SBX_MPOLY', 'UC_MPOLY', 'UC_NONE', 'UC_NONE', 'UC_NONE', 'TPC_MPOLY', 'TPC_NONE', 'UC_NONE', 'SPC_NONE', 'UC_NONE', 'UC_NONE', 'SPC_NONE', 'SBX_NONE', 'UC_NONE', 'UC_NONE', 'TPC_NONE', 'UC_NONE', 'TPC_NONE', 'UC_NONE', 'TPC_MPOLY', 'SPC_NONE', 'TPC_NONE', 'UC_MPOLY', 'SPC_NONE', 'TPC_NONE', 'UC_NONE', 'SBX_MPOLY', 'TPC_NONE', 'TPC_NONE', 'SPC_NONE', 'TPC_NONE', 'SPC_NONE', 'SPC_NONE', 'SPC_NONE', 'SPC_NONE', 'SPC_NONE', 'UC_NONE', 'SPC_NONE', 'SPC_NONE', 'TPC_NONE', 'SPC_NONE', 'UC_NONE', 'TPC_NONE', 'SPC_NONE', 'TPC_NONE', 'SPC_NONE', 'TPC_NONE', 'UC_NONE', 'TPC_NONE', 'UC_NONE', 'TPC_NONE', 'SPC_NONE', 'SPC_NONE', 'UC_NONE', 'TPC_NONE', 'SPC_NONE', 'TPC_NONE', 'SPC_NONE', 'SPC_NONE', 'TPC_NONE', 'SPC_NONE', 'UC_NONE', 'UC_NONE', 'SPC_NONE', 'TPC_NONE', 'TPC_NONE', 'TPC_NONE', 'SPC_NONE', 'SPC_NONE', 'TPC_NONE', 'SPC_NONE']","{'SBX_MPOLY': 2, 'UC_MPOLY': 2, 'UC_NONE': 18, 'TPC_MPOLY': 2, 'TPC_NONE': 21, 'SPC_NONE': 25, 'SBX_NONE': 1}"
24,72,UC,NONE,0.6844315092487497,0.0391238088507001,511350897.92,309153661.6372591,1701915.04,1209521.7739283398,0.7411020671474948,-2.455817158364404e-05,0.01,0.0,GREEDY_HV,"['SPC_MBFLIP', 'SBX_MPOLY', 'UC_MPOLY', 'UC_NONE', 'UC_NONE', 'UC_NONE', 'TPC_MPOLY', 'TPC_NONE', 'UC_NONE', 'SPC_NONE', 'UC_NONE', 'UC_NONE', 'SPC_NONE', 'SBX_NONE', 'UC_NONE', 'UC_NONE', 'TPC_NONE', 'UC_NONE', 'TPC_NONE', 'UC_NONE', 'TPC_MPOLY', 'SPC_NONE', 'TPC_NONE', 'UC_MPOLY', 'SPC_NONE', 'TPC_NONE', 'UC_NONE', 'SBX_MPOLY', 'TPC_NONE', 'TPC_NONE', 'SPC_NONE', 'TPC_NONE', 'SPC_NONE', 'SPC_NONE', 'SPC_NONE', 'SPC_NONE', 'SPC_NONE', 'UC_NONE', 'SPC_NONE', 'SPC_NONE', 'TPC_NONE', 'SPC_NONE', 'UC_NONE', 'TPC_NONE', 'SPC_NONE', 'TPC_NONE', 'SPC_NONE', 'TPC_NONE', 'UC_NONE', 'TPC_NONE', 'UC_NONE', 'TPC_NONE', 'SPC_NONE', 'SPC_NONE', 'UC_NONE', 'TPC_NONE', 'SPC_NONE', 'TPC_NONE', 'SPC_NONE', 'SPC_NONE', 'TPC_NONE', 'SPC_NONE', 'UC_NONE', 'UC_NONE', 'SPC_NONE', 'TPC_NONE', 'TPC_NONE', 'TPC_NONE', 'SPC_NONE', 'SPC_NONE', 'TPC_NONE', 'SPC_NONE', 'UC_NONE']","{'SBX_MPOLY': 2, 'UC_MPOLY': 2, 'UC_NONE': 19, 'TPC_MPOLY': 2, 'TPC_NONE': 21, 'SPC_NONE': 25, 'SBX_NONE': 1}"
24,73,SPC,NONE,0.6844146744678608,0.0388202616218111,506350982.4,309283486.8427273,1689917.6,1189951.8684408031,0.741108343687107,6.276539612160015e-06,0.0,0.0,GREEDY_HV,"['SPC_MBFLIP', 'SBX_MPOLY', 'UC_MPOLY', 'UC_NONE', 'UC_NONE', 'UC_NONE', 'TPC_MPOLY', 'TPC_NONE', 'UC_NONE', 'SPC_NONE', 'UC_NONE', 'UC_NONE', 'SPC_NONE', 'SBX_NONE', 'UC_NONE', 'UC_NONE', 'TPC_NONE', 'UC_NONE', 'TPC_NONE', 'UC_NONE', 'TPC_MPOLY', 'SPC_NONE', 'TPC_NONE', 'UC_MPOLY', 'SPC_NONE', 'TPC_NONE', 'UC_NONE', 'SBX_MPOLY', 'TPC_NONE', 'TPC_NONE', 'SPC_NONE', 'TPC_NONE', 'SPC_NONE', 'SPC_NONE', 'SPC_NONE', 'SPC_NONE', 'SPC_NONE', 'UC_NONE', 'SPC_NONE', 'SPC_NONE', 'TPC_NONE', 'SPC_NONE', 'UC_NONE', 'TPC_NONE', 'SPC_NONE', 'TPC_NONE', 'SPC_NONE', 'TPC_NONE', 'UC_NONE', 'TPC_NONE', 'UC_NONE', 'TPC_NONE', 'SPC_NONE', 'SPC_NONE', 'UC_NONE', 'TPC_NONE', 'SPC_NONE', 'TPC_NONE', 'SPC_NONE', 'SPC_NONE', 'TPC_NONE', 'SPC_NONE', 'UC_NONE', 'UC_NONE', 'SPC_NONE', 'TPC_NONE', 'TPC_NONE', 'TPC_NONE', 'SPC_NONE', 'SPC_NONE', 'TPC_NONE', 'SPC_NONE', 'UC_NONE', 'SPC_NONE']","{'SBX_MPOLY': 2, 'UC_MPOLY': 2, 'UC_NONE': 19, 'TPC_MPOLY': 2, 'TPC_NONE': 21, 'SPC_NONE': 26, 'SBX_NONE': 1}"
24,74,TPC,NONE,0.683679739732552,0.0392528031164812,502706056.96,318334540.5145124,1719081.12,1219723.9101504348,0.7410796515516239,-2.869213548306604e-05,0.0,0.0,GREEDY_HV,"['SPC_MBFLIP', 'SBX_MPOLY', 'UC_MPOLY', 'UC_NONE', 'UC_NONE', 'UC_NONE', 'TPC_MPOLY', 'TPC_NONE', 'UC_NONE', 'SPC_NONE', 'UC_NONE', 'UC_NONE', 'SPC_NONE', 'SBX_NONE', 'UC_NONE', 'UC_NONE', 'TPC_NONE', 'UC_NONE', 'TPC_NONE', 'UC_NONE', 'TPC_MPOLY', 'SPC_NONE', 'TPC_NONE', 'UC_MPOLY', 'SPC_NONE', 'TPC_NONE', 'UC_NONE', 'SBX_MPOLY', 'TPC_NONE', 'TPC_NONE', 'SPC_NONE', 'TPC_NONE', 'SPC_NONE', 'SPC_NONE', 'SPC_NONE', 'SPC_NONE', 'SPC_NONE', 'UC_NONE', 'SPC_NONE', 'SPC_NONE', 'TPC_NONE', 'SPC_NONE', 'UC_NONE', 'TPC_NONE', 'SPC_NONE', 'TPC_NONE', 'SPC_NONE', 'TPC_NONE', 'UC_NONE', 'TPC_NONE', 'UC_NONE', 'TPC_NONE', 'SPC_NONE', 'SPC_NONE', 'UC_NONE', 'TPC_NONE', 'SPC_NONE', 'TPC_NONE', 'SPC_NONE', 'SPC_NONE', 'TPC_NONE', 'SPC_NONE', 'UC_NONE', 'UC_NONE', 'SPC_NONE', 'TPC_NONE', 'TPC_NONE', 'TPC_NONE', 'SPC_NONE', 'SPC_NONE', 'TPC_NONE', 'SPC_NONE', 'UC_NONE', 'SPC_NONE', 'TPC_NONE']","{'SBX_MPOLY': 2, 'UC_MPOLY': 2, 'UC_NONE': 19, 'TPC_MPOLY': 2, 'TPC_NONE': 22, 'SPC_NONE': 26, 'SBX_NONE': 1}"
24,75,SPC,NONE,0.6827736870759367,0.0387265911597828,479848469.76,314046879.7634624,1656352.16,1196443.0677779424,0.7410376656441144,-4.1985907509478615e-05,0.01,0.0,GREEDY_HV,"['SPC_MBFLIP', 'SBX_MPOLY', 'UC_MPOLY', 'UC_NONE', 'UC_NONE', 'UC_NONE', 'TPC_MPOLY', 'TPC_NONE', 'UC_NONE', 'SPC_NONE', 'UC_NONE', 'UC_NONE', 'SPC_NONE', 'SBX_NONE', 'UC_NONE', 'UC_NONE', 'TPC_NONE', 'UC_NONE', 'TPC_NONE', 'UC_NONE', 'TPC_MPOLY', 'SPC_NONE', 'TPC_NONE', 'UC_MPOLY', 'SPC_NONE', 'TPC_NONE', 'UC_NONE', 'SBX_MPOLY', 'TPC_NONE', 'TPC_NONE', 'SPC_NONE', 'TPC_NONE', 'SPC_NONE', 'SPC_NONE', 'SPC_NONE', 'SPC_NONE', 'SPC_NONE', 'UC_NONE', 'SPC_NONE', 'SPC_NONE', 'TPC_NONE', 'SPC_NONE', 'UC_NONE', 'TPC_NONE', 'SPC_NONE', 'TPC_NONE', 'SPC_NONE', 'TPC_NONE', 'UC_NONE', 'TPC_NONE', 'UC_NONE', 'TPC_NONE', 'SPC_NONE', 'SPC_NONE', 'UC_NONE', 'TPC_NONE', 'SPC_NONE', 'TPC_NONE', 'SPC_NONE', 'SPC_NONE', 'TPC_NONE', 'SPC_NONE', 'UC_NONE', 'UC_NONE', 'SPC_NONE', 'TPC_NONE', 'TPC_NONE', 'TPC_NONE', 'SPC_NONE', 'SPC_NONE', 'TPC_NONE', 'SPC_NONE', 'UC_NONE', 'SPC_NONE', 'TPC_NONE', 'SPC_NONE']","{'SBX_MPOLY': 2, 'UC_MPOLY': 2, 'UC_NONE': 19, 'TPC_MPOLY': 2, 'TPC_NONE': 22, 'SPC_NONE': 27, 'SBX_NONE': 1}"
24,76,TPC,NONE,0.6821674174209442,0.0388486873292891,475613958.4,317856358.8450392,1630223.52,1192459.111562828,0.7410295168937424,-8.148750372027891e-06,0.0,0.0,GREEDY_HV,"['SPC_MBFLIP', 'SBX_MPOLY', 'UC_MPOLY', 'UC_NONE', 'UC_NONE', 'UC_NONE', 'TPC_MPOLY', 'TPC_NONE', 'UC_NONE', 'SPC_NONE', 'UC_NONE', 'UC_NONE', 'SPC_NONE', 'SBX_NONE', 'UC_NONE', 'UC_NONE', 'TPC_NONE', 'UC_NONE', 'TPC_NONE', 'UC_NONE', 'TPC_MPOLY', 'SPC_NONE', 'TPC_NONE', 'UC_MPOLY', 'SPC_NONE', 'TPC_NONE', 'UC_NONE', 'SBX_MPOLY', 'TPC_NONE', 'TPC_NONE', 'SPC_NONE', 'TPC_NONE', 'SPC_NONE', 'SPC_NONE', 'SPC_NONE', 'SPC_NONE', 'SPC_NONE', 'UC_NONE', 'SPC_NONE', 'SPC_NONE', 'TPC_NONE', 'SPC_NONE', 'UC_NONE', 'TPC_NONE', 'SPC_NONE', 'TPC_NONE', 'SPC_NONE', 'TPC_NONE', 'UC_NONE', 'TPC_NONE', 'UC_NONE', 'TPC_NONE', 'SPC_NONE', 'SPC_NONE', 'UC_NONE', 'TPC_NONE', 'SPC_NONE', 'TPC_NONE', 'SPC_NONE', 'SPC_NONE', 'TPC_NONE', 'SPC_NONE', 'UC_NONE', 'UC_NONE', 'SPC_NONE', 'TPC_NONE', 'TPC_NONE', 'TPC_NONE', 'SPC_NONE', 'SPC_NONE', 'TPC_NONE', 'SPC_NONE', 'UC_NONE', 'SPC_NONE', 'TPC_NONE', 'SPC_NONE', 'TPC_NONE']","{'SBX_MPOLY': 2, 'UC_MPOLY': 2, 'UC_NONE': 19, 'TPC_MPOLY': 2, 'TPC_NONE': 23, 'SPC_NONE': 27, 'SBX_NONE': 1}"
24,77,TPC,NONE,0.6844450242671908,0.0389007694095663,505430636.8,315545503.18994874,1709756.32,1185392.6934860607,0.7410639080897515,3.439119600912033e-05,0.0,0.0,GREEDY_HV,"['SPC_MBFLIP', 'SBX_MPOLY', 'UC_MPOLY', 'UC_NONE', 'UC_NONE', 'UC_NONE', 'TPC_MPOLY', 'TPC_NONE', 'UC_NONE', 'SPC_NONE', 'UC_NONE', 'UC_NONE', 'SPC_NONE', 'SBX_NONE', 'UC_NONE', 'UC_NONE', 'TPC_NONE', 'UC_NONE', 'TPC_NONE', 'UC_NONE', 'TPC_MPOLY', 'SPC_NONE', 'TPC_NONE', 'UC_MPOLY', 'SPC_NONE', 'TPC_NONE', 'UC_NONE', 'SBX_MPOLY', 'TPC_NONE', 'TPC_NONE', 'SPC_NONE', 'TPC_NONE', 'SPC_NONE', 'SPC_NONE', 'SPC_NONE', 'SPC_NONE', 'SPC_NONE', 'UC_NONE', 'SPC_NONE', 'SPC_NONE', 'TPC_NONE', 'SPC_NONE', 'UC_NONE', 'TPC_NONE', 'SPC_NONE', 'TPC_NONE', 'SPC_NONE', 'TPC_NONE', 'UC_NONE', 'TPC_NONE', 'UC_NONE', 'TPC_NONE', 'SPC_NONE', 'SPC_NONE', 'UC_NONE', 'TPC_NONE', 'SPC_NONE', 'TPC_NONE', 'SPC_NONE', 'SPC_NONE', 'TPC_NONE', 'SPC_NONE', 'UC_NONE', 'UC_NONE', 'SPC_NONE', 'TPC_NONE', 'TPC_NONE', 'TPC_NONE', 'SPC_NONE', 'SPC_NONE', 'TPC_NONE', 'SPC_NONE', 'UC_NONE', 'SPC_NONE', 'TPC_NONE', 'SPC_NONE', 'TPC_NONE', 'TPC_NONE']","{'SBX_MPOLY': 2, 'UC_MPOLY': 2, 'UC_NONE': 19, 'TPC_MPOLY': 2, 'TPC_NONE': 24, 'SPC_NONE': 27, 'SBX_NONE': 1}"
24,78,TPC,NONE,0.6833370902897766,0.0387746812259575,498715101.44,311812798.86027133,1639188.64,1180554.083864382,0.7411149959333216,5.108784357010787e-05,0.0,0.0,GREEDY_HV,"['SPC_MBFLIP', 'SBX_MPOLY', 'UC_MPOLY', 'UC_NONE', 'UC_NONE', 'UC_NONE', 'TPC_MPOLY', 'TPC_NONE', 'UC_NONE', 'SPC_NONE', 'UC_NONE', 'UC_NONE', 'SPC_NONE', 'SBX_NONE', 'UC_NONE', 'UC_NONE', 'TPC_NONE', 'UC_NONE', 'TPC_NONE', 'UC_NONE', 'TPC_MPOLY', 'SPC_NONE', 'TPC_NONE', 'UC_MPOLY', 'SPC_NONE', 'TPC_NONE', 'UC_NONE', 'SBX_MPOLY', 'TPC_NONE', 'TPC_NONE', 'SPC_NONE', 'TPC_NONE', 'SPC_NONE', 'SPC_NONE', 'SPC_NONE', 'SPC_NONE', 'SPC_NONE', 'UC_NONE', 'SPC_NONE', 'SPC_NONE', 'TPC_NONE', 'SPC_NONE', 'UC_NONE', 'TPC_NONE', 'SPC_NONE', 'TPC_NONE', 'SPC_NONE', 'TPC_NONE', 'UC_NONE', 'TPC_NONE', 'UC_NONE', 'TPC_NONE', 'SPC_NONE', 'SPC_NONE', 'UC_NONE', 'TPC_NONE', 'SPC_NONE', 'TPC_NONE', 'SPC_NONE', 'SPC_NONE', 'TPC_NONE', 'SPC_NONE', 'UC_NONE', 'UC_NONE', 'SPC_NONE', 'TPC_NONE', 'TPC_NONE', 'TPC_NONE', 'SPC_NONE', 'SPC_NONE', 'TPC_NONE', 'SPC_NONE', 'UC_NONE', 'SPC_NONE', 'TPC_NONE', 'SPC_NONE', 'TPC_NONE', 'TPC_NONE', 'TPC_NONE']","{'SBX_MPOLY': 2, 'UC_MPOLY': 2, 'UC_NONE': 19, 'TPC_MPOLY': 2, 'TPC_NONE': 25, 'SPC_NONE': 27, 'SBX_NONE': 1}"
24,79,UC,NONE,0.6835893331994788,0.0390209584588766,504288528.64,321704953.9624111,1686918.56,1203941.3974324856,0.7411235404175797,8.54448425802179e-06,0.01,0.0,GREEDY_HV,"['SPC_MBFLIP', 'SBX_MPOLY', 'UC_MPOLY', 'UC_NONE', 'UC_NONE', 'UC_NONE', 'TPC_MPOLY', 'TPC_NONE', 'UC_NONE', 'SPC_NONE', 'UC_NONE', 'UC_NONE', 'SPC_NONE', 'SBX_NONE', 'UC_NONE', 'UC_NONE', 'TPC_NONE', 'UC_NONE', 'TPC_NONE', 'UC_NONE', 'TPC_MPOLY', 'SPC_NONE', 'TPC_NONE', 'UC_MPOLY', 'SPC_NONE', 'TPC_NONE', 'UC_NONE', 'SBX_MPOLY', 'TPC_NONE', 'TPC_NONE', 'SPC_NONE', 'TPC_NONE', 'SPC_NONE', 'SPC_NONE', 'SPC_NONE', 'SPC_NONE', 'SPC_NONE', 'UC_NONE', 'SPC_NONE', 'SPC_NONE', 'TPC_NONE', 'SPC_NONE', 'UC_NONE', 'TPC_NONE', 'SPC_NONE', 'TPC_NONE', 'SPC_NONE', 'TPC_NONE', 'UC_NONE', 'TPC_NONE', 'UC_NONE', 'TPC_NONE', 'SPC_NONE', 'SPC_NONE', 'UC_NONE', 'TPC_NONE', 'SPC_NONE', 'TPC_NONE', 'SPC_NONE', 'SPC_NONE', 'TPC_NONE', 'SPC_NONE', 'UC_NONE', 'UC_NONE', 'SPC_NONE', 'TPC_NONE', 'TPC_NONE', 'TPC_NONE', 'SPC_NONE', 'SPC_NONE', 'TPC_NONE', 'SPC_NONE', 'UC_NONE', 'SPC_NONE', 'TPC_NONE', 'SPC_NONE', 'TPC_NONE', 'TPC_NONE', 'TPC_NONE', 'UC_NONE']","{'SBX_MPOLY': 2, 'UC_MPOLY': 2, 'UC_NONE': 20, 'TPC_MPOLY': 2, 'TPC_NONE': 25, 'SPC_NONE': 27, 'SBX_NONE': 1}"
24,80,SPC,NONE,0.6843645145722399,0.0389833958258174,502101966.08,315136845.53547645,1716839.84,1178785.2121830403,0.7411241864681127,6.460505330707633e-07,0.0,0.0,GREEDY_HV,"['SPC_MBFLIP', 'SBX_MPOLY', 'UC_MPOLY', 'UC_NONE', 'UC_NONE', 'UC_NONE', 'TPC_MPOLY', 'TPC_NONE', 'UC_NONE', 'SPC_NONE', 'UC_NONE', 'UC_NONE', 'SPC_NONE', 'SBX_NONE', 'UC_NONE', 'UC_NONE', 'TPC_NONE', 'UC_NONE', 'TPC_NONE', 'UC_NONE', 'TPC_MPOLY', 'SPC_NONE', 'TPC_NONE', 'UC_MPOLY', 'SPC_NONE', 'TPC_NONE', 'UC_NONE', 'SBX_MPOLY', 'TPC_NONE', 'TPC_NONE', 'SPC_NONE', 'TPC_NONE', 'SPC_NONE', 'SPC_NONE', 'SPC_NONE', 'SPC_NONE', 'SPC_NONE', 'UC_NONE', 'SPC_NONE', 'SPC_NONE', 'TPC_NONE', 'SPC_NONE', 'UC_NONE', 'TPC_NONE', 'SPC_NONE', 'TPC_NONE', 'SPC_NONE', 'TPC_NONE', 'UC_NONE', 'TPC_NONE', 'UC_NONE', 'TPC_NONE', 'SPC_NONE', 'SPC_NONE', 'UC_NONE', 'TPC_NONE', 'SPC_NONE', 'TPC_NONE', 'SPC_NONE', 'SPC_NONE', 'TPC_NONE', 'SPC_NONE', 'UC_NONE', 'UC_NONE', 'SPC_NONE', 'TPC_NONE', 'TPC_NONE', 'TPC_NONE', 'SPC_NONE', 'SPC_NONE', 'TPC_NONE', 'SPC_NONE', 'UC_NONE', 'SPC_NONE', 'TPC_NONE', 'SPC_NONE', 'TPC_NONE', 'TPC_NONE', 'TPC_NONE', 'UC_NONE', 'SPC_NONE']","{'SBX_MPOLY': 2, 'UC_MPOLY': 2, 'UC_NONE': 20, 'TPC_MPOLY': 2, 'TPC_NONE': 25, 'SPC_NONE': 28, 'SBX_NONE': 1}"
24,81,UC,NONE,0.6844789272936336,0.0390880226546622,516032902.4,317160423.1749077,1719259.04,1191100.8191850926,0.7410747613118759,-4.942515623684862e-05,0.0,0.0,GREEDY_HV,"['SPC_MBFLIP', 'SBX_MPOLY', 'UC_MPOLY', 'UC_NONE', 'UC_NONE', 'UC_NONE', 'TPC_MPOLY', 'TPC_NONE', 'UC_NONE', 'SPC_NONE', 'UC_NONE', 'UC_NONE', 'SPC_NONE', 'SBX_NONE', 'UC_NONE', 'UC_NONE', 'TPC_NONE', 'UC_NONE', 'TPC_NONE', 'UC_NONE', 'TPC_MPOLY', 'SPC_NONE', 'TPC_NONE', 'UC_MPOLY', 'SPC_NONE', 'TPC_NONE', 'UC_NONE', 'SBX_MPOLY', 'TPC_NONE', 'TPC_NONE', 'SPC_NONE', 'TPC_NONE', 'SPC_NONE', 'SPC_NONE', 'SPC_NONE', 'SPC_NONE', 'SPC_NONE', 'UC_NONE', 'SPC_NONE', 'SPC_NONE', 'TPC_NONE', 'SPC_NONE', 'UC_NONE', 'TPC_NONE', 'SPC_NONE', 'TPC_NONE', 'SPC_NONE', 'TPC_NONE', 'UC_NONE', 'TPC_NONE', 'UC_NONE', 'TPC_NONE', 'SPC_NONE', 'SPC_NONE', 'UC_NONE', 'TPC_NONE', 'SPC_NONE', 'TPC_NONE', 'SPC_NONE', 'SPC_NONE', 'TPC_NONE', 'SPC_NONE', 'UC_NONE', 'UC_NONE', 'SPC_NONE', 'TPC_NONE', 'TPC_NONE', 'TPC_NONE', 'SPC_NONE', 'SPC_NONE', 'TPC_NONE', 'SPC_NONE', 'UC_NONE', 'SPC_NONE', 'TPC_NONE', 'SPC_NONE', 'TPC_NONE', 'TPC_NONE', 'TPC_NONE', 'UC_NONE', 'SPC_NONE', 'UC_NONE']","{'SBX_MPOLY': 2, 'UC_MPOLY': 2, 'UC_NONE': 21, 'TPC_MPOLY': 2, 'TPC_NONE': 25, 'SPC_NONE': 28, 'SBX_NONE': 1}"
24,82,SPC,NONE,0.6826147421478924,0.0387130190833851,482812412.16,313117934.3326054,1637917.6,1203034.044503945,0.7410794362388825,4.674927006620422e-06,0.0,0.0,GREEDY_HV,"['SPC_MBFLIP', 'SBX_MPOLY', 'UC_MPOLY', 'UC_NONE', 'UC_NONE', 'UC_NONE', 'TPC_MPOLY', 'TPC_NONE', 'UC_NONE', 'SPC_NONE', 'UC_NONE', 'UC_NONE', 'SPC_NONE', 'SBX_NONE', 'UC_NONE', 'UC_NONE', 'TPC_NONE', 'UC_NONE', 'TPC_NONE', 'UC_NONE', 'TPC_MPOLY', 'SPC_NONE', 'TPC_NONE', 'UC_MPOLY', 'SPC_NONE', 'TPC_NONE', 'UC_NONE', 'SBX_MPOLY', 'TPC_NONE', 'TPC_NONE', 'SPC_NONE', 'TPC_NONE', 'SPC_NONE', 'SPC_NONE', 'SPC_NONE', 'SPC_NONE', 'SPC_NONE', 'UC_NONE', 'SPC_NONE', 'SPC_NONE', 'TPC_NONE', 'SPC_NONE', 'UC_NONE', 'TPC_NONE', 'SPC_NONE', 'TPC_NONE', 'SPC_NONE', 'TPC_NONE', 'UC_NONE', 'TPC_NONE', 'UC_NONE', 'TPC_NONE', 'SPC_NONE', 'SPC_NONE', 'UC_NONE', 'TPC_NONE', 'SPC_NONE', 'TPC_NONE', 'SPC_NONE', 'SPC_NONE', 'TPC_NONE', 'SPC_NONE', 'UC_NONE', 'UC_NONE', 'SPC_NONE', 'TPC_NONE', 'TPC_NONE', 'TPC_NONE', 'SPC_NONE', 'SPC_NONE', 'TPC_NONE', 'SPC_NONE', 'UC_NONE', 'SPC_NONE', 'TPC_NONE', 'SPC_NONE', 'TPC_NONE', 'TPC_NONE', 'TPC_NONE', 'UC_NONE', 'SPC_NONE', 'UC_NONE', 'SPC_NONE']","{'SBX_MPOLY': 2, 'UC_MPOLY': 2, 'UC_NONE': 21, 'TPC_MPOLY': 2, 'TPC_NONE': 25, 'SPC_NONE': 29, 'SBX_NONE': 1}"
24,83,SPC,NONE,0.6838012955356172,0.039114913099712,512445384.96,317168688.3368351,1730717.6,1248460.8585793949,0.7410949281450963,1.5491906213749296e-05,0.0,0.0,GREEDY_HV,"['SPC_MBFLIP', 'SBX_MPOLY', 'UC_MPOLY', 'UC_NONE', 'UC_NONE', 'UC_NONE', 'TPC_MPOLY', 'TPC_NONE', 'UC_NONE', 'SPC_NONE', 'UC_NONE', 'UC_NONE', 'SPC_NONE', 'SBX_NONE', 'UC_NONE', 'UC_NONE', 'TPC_NONE', 'UC_NONE', 'TPC_NONE', 'UC_NONE', 'TPC_MPOLY', 'SPC_NONE', 'TPC_NONE', 'UC_MPOLY', 'SPC_NONE', 'TPC_NONE', 'UC_NONE', 'SBX_MPOLY', 'TPC_NONE', 'TPC_NONE', 'SPC_NONE', 'TPC_NONE', 'SPC_NONE', 'SPC_NONE', 'SPC_NONE', 'SPC_NONE', 'SPC_NONE', 'UC_NONE', 'SPC_NONE', 'SPC_NONE', 'TPC_NONE', 'SPC_NONE', 'UC_NONE', 'TPC_NONE', 'SPC_NONE', 'TPC_NONE', 'SPC_NONE', 'TPC_NONE', 'UC_NONE', 'TPC_NONE', 'UC_NONE', 'TPC_NONE', 'SPC_NONE', 'SPC_NONE', 'UC_NONE', 'TPC_NONE', 'SPC_NONE', 'TPC_NONE', 'SPC_NONE', 'SPC_NONE', 'TPC_NONE', 'SPC_NONE', 'UC_NONE', 'UC_NONE', 'SPC_NONE', 'TPC_NONE', 'TPC_NONE', 'TPC_NONE', 'SPC_NONE', 'SPC_NONE', 'TPC_NONE', 'SPC_NONE', 'UC_NONE', 'SPC_NONE', 'TPC_NONE', 'SPC_NONE', 'TPC_NONE', 'TPC_NONE', 'TPC_NONE', 'UC_NONE', 'SPC_NONE', 'UC_NONE', 'SPC_NONE', 'SPC_NONE']","{'SBX_MPOLY': 2, 'UC_MPOLY': 2, 'UC_NONE': 21, 'TPC_MPOLY': 2, 'TPC_NONE': 25, 'SPC_NONE': 30, 'SBX_NONE': 1}"
24,84,SPC,NONE,0.683849559779957,0.0392687080470756,499283022.08,320836922.251384,1747063.2,1235737.377837605,0.7411018015988375,6.873453741285118e-06,0.0,0.0,GREEDY_HV,"['SPC_MBFLIP', 'SBX_MPOLY', 'UC_MPOLY', 'UC_NONE', 'UC_NONE', 'UC_NONE', 'TPC_MPOLY', 'TPC_NONE', 'UC_NONE', 'SPC_NONE', 'UC_NONE', 'UC_NONE', 'SPC_NONE', 'SBX_NONE', 'UC_NONE', 'UC_NONE', 'TPC_NONE', 'UC_NONE', 'TPC_NONE', 'UC_NONE', 'TPC_MPOLY', 'SPC_NONE', 'TPC_NONE', 'UC_MPOLY', 'SPC_NONE', 'TPC_NONE', 'UC_NONE', 'SBX_MPOLY', 'TPC_NONE', 'TPC_NONE', 'SPC_NONE', 'TPC_NONE', 'SPC_NONE', 'SPC_NONE', 'SPC_NONE', 'SPC_NONE', 'SPC_NONE', 'UC_NONE', 'SPC_NONE', 'SPC_NONE', 'TPC_NONE', 'SPC_NONE', 'UC_NONE', 'TPC_NONE', 'SPC_NONE', 'TPC_NONE', 'SPC_NONE', 'TPC_NONE', 'UC_NONE', 'TPC_NONE', 'UC_NONE', 'TPC_NONE', 'SPC_NONE', 'SPC_NONE', 'UC_NONE', 'TPC_NONE', 'SPC_NONE', 'TPC_NONE', 'SPC_NONE', 'SPC_NONE', 'TPC_NONE', 'SPC_NONE', 'UC_NONE', 'UC_NONE', 'SPC_NONE', 'TPC_NONE', 'TPC_NONE', 'TPC_NONE', 'SPC_NONE', 'SPC_NONE', 'TPC_NONE', 'SPC_NONE', 'UC_NONE', 'SPC_NONE', 'TPC_NONE', 'SPC_NONE', 'TPC_NONE', 'TPC_NONE', 'TPC_NONE', 'UC_NONE', 'SPC_NONE', 'UC_NONE', 'SPC_NONE', 'SPC_NONE', 'SPC_NONE']","{'SBX_MPOLY': 2, 'UC_MPOLY': 2, 'UC_NONE': 21, 'TPC_MPOLY': 2, 'TPC_NONE': 25, 'SPC_NONE': 31, 'SBX_NONE': 1}"
24,85,SPC,NONE,0.6842913207856637,0.0391717019257176,500857120.0,321232862.33207947,1764645.28,1225356.0252949677,0.7411148071999087,1.3005601071203188e-05,0.0,0.0,GREEDY_HV,"['SPC_MBFLIP', 'SBX_MPOLY', 'UC_MPOLY', 'UC_NONE', 'UC_NONE', 'UC_NONE', 'TPC_MPOLY', 'TPC_NONE', 'UC_NONE', 'SPC_NONE', 'UC_NONE', 'UC_NONE', 'SPC_NONE', 'SBX_NONE', 'UC_NONE', 'UC_NONE', 'TPC_NONE', 'UC_NONE', 'TPC_NONE', 'UC_NONE', 'TPC_MPOLY', 'SPC_NONE', 'TPC_NONE', 'UC_MPOLY', 'SPC_NONE', 'TPC_NONE', 'UC_NONE', 'SBX_MPOLY', 'TPC_NONE', 'TPC_NONE', 'SPC_NONE', 'TPC_NONE', 'SPC_NONE', 'SPC_NONE', 'SPC_NONE', 'SPC_NONE', 'SPC_NONE', 'UC_NONE', 'SPC_NONE', 'SPC_NONE', 'TPC_NONE', 'SPC_NONE', 'UC_NONE', 'TPC_NONE', 'SPC_NONE', 'TPC_NONE', 'SPC_NONE', 'TPC_NONE', 'UC_NONE', 'TPC_NONE', 'UC_NONE', 'TPC_NONE', 'SPC_NONE', 'SPC_NONE', 'UC_NONE', 'TPC_NONE', 'SPC_NONE', 'TPC_NONE', 'SPC_NONE', 'SPC_NONE', 'TPC_NONE', 'SPC_NONE', 'UC_NONE', 'UC_NONE', 'SPC_NONE', 'TPC_NONE', 'TPC_NONE', 'TPC_NONE', 'SPC_NONE', 'SPC_NONE', 'TPC_NONE', 'SPC_NONE', 'UC_NONE', 'SPC_NONE', 'TPC_NONE', 'SPC_NONE', 'TPC_NONE', 'TPC_NONE', 'TPC_NONE', 'UC_NONE', 'SPC_NONE', 'UC_NONE', 'SPC_NONE', 'SPC_NONE', 'SPC_NONE', 'SPC_NONE']","{'SBX_MPOLY': 2, 'UC_MPOLY': 2, 'UC_NONE': 21, 'TPC_MPOLY': 2, 'TPC_NONE': 25, 'SPC_NONE': 32, 'SBX_NONE': 1}"
24,86,UC,NONE,0.6827576822883256,0.0388741545181411,469450809.6,320851285.20751125,1695339.68,1213878.870080033,0.7411029533560761,-1.1853843832621004e-05,0.0,0.0,GREEDY_HV,"['SPC_MBFLIP', 'SBX_MPOLY', 'UC_MPOLY', 'UC_NONE', 'UC_NONE', 'UC_NONE', 'TPC_MPOLY', 'TPC_NONE', 'UC_NONE', 'SPC_NONE', 'UC_NONE', 'UC_NONE', 'SPC_NONE', 'SBX_NONE', 'UC_NONE', 'UC_NONE', 'TPC_NONE', 'UC_NONE', 'TPC_NONE', 'UC_NONE', 'TPC_MPOLY', 'SPC_NONE', 'TPC_NONE', 'UC_MPOLY', 'SPC_NONE', 'TPC_NONE', 'UC_NONE', 'SBX_MPOLY', 'TPC_NONE', 'TPC_NONE', 'SPC_NONE', 'TPC_NONE', 'SPC_NONE', 'SPC_NONE', 'SPC_NONE', 'SPC_NONE', 'SPC_NONE', 'UC_NONE', 'SPC_NONE', 'SPC_NONE', 'TPC_NONE', 'SPC_NONE', 'UC_NONE', 'TPC_NONE', 'SPC_NONE', 'TPC_NONE', 'SPC_NONE', 'TPC_NONE', 'UC_NONE', 'TPC_NONE', 'UC_NONE', 'TPC_NONE', 'SPC_NONE', 'SPC_NONE', 'UC_NONE', 'TPC_NONE', 'SPC_NONE', 'TPC_NONE', 'SPC_NONE', 'SPC_NONE', 'TPC_NONE', 'SPC_NONE', 'UC_NONE', 'UC_NONE', 'SPC_NONE', 'TPC_NONE', 'TPC_NONE', 'TPC_NONE', 'SPC_NONE', 'SPC_NONE', 'TPC_NONE', 'SPC_NONE', 'UC_NONE', 'SPC_NONE', 'TPC_NONE', 'SPC_NONE', 'TPC_NONE', 'TPC_NONE', 'TPC_NONE', 'UC_NONE', 'SPC_NONE', 'UC_NONE', 'SPC_NONE', 'SPC_NONE', 'SPC_NONE', 'SPC_NONE', 'UC_NONE']","{'SBX_MPOLY': 2, 'UC_MPOLY': 2, 'UC_NONE': 22, 'TPC_MPOLY': 2, 'TPC_NONE': 25, 'SPC_NONE': 32, 'SBX_NONE': 1}"
24,87,SPC,NONE,0.6841002940568143,0.0393420710939015,498880595.2,321433536.6105095,1750784.16,1220312.3891811862,0.7411094920020406,6.538645964448975e-06,0.0,0.0,GREEDY_HV,"['SPC_MBFLIP', 'SBX_MPOLY', 'UC_MPOLY', 'UC_NONE', 'UC_NONE', 'UC_NONE', 'TPC_MPOLY', 'TPC_NONE', 'UC_NONE', 'SPC_NONE', 'UC_NONE', 'UC_NONE', 'SPC_NONE', 'SBX_NONE', 'UC_NONE', 'UC_NONE', 'TPC_NONE', 'UC_NONE', 'TPC_NONE', 'UC_NONE', 'TPC_MPOLY', 'SPC_NONE', 'TPC_NONE', 'UC_MPOLY', 'SPC_NONE', 'TPC_NONE', 'UC_NONE', 'SBX_MPOLY', 'TPC_NONE', 'TPC_NONE', 'SPC_NONE', 'TPC_NONE', 'SPC_NONE', 'SPC_NONE', 'SPC_NONE', 'SPC_NONE', 'SPC_NONE', 'UC_NONE', 'SPC_NONE', 'SPC_NONE', 'TPC_NONE', 'SPC_NONE', 'UC_NONE', 'TPC_NONE', 'SPC_NONE', 'TPC_NONE', 'SPC_NONE', 'TPC_NONE', 'UC_NONE', 'TPC_NONE', 'UC_NONE', 'TPC_NONE', 'SPC_NONE', 'SPC_NONE', 'UC_NONE', 'TPC_NONE', 'SPC_NONE', 'TPC_NONE', 'SPC_NONE', 'SPC_NONE', 'TPC_NONE', 'SPC_NONE', 'UC_NONE', 'UC_NONE', 'SPC_NONE', 'TPC_NONE', 'TPC_NONE', 'TPC_NONE', 'SPC_NONE', 'SPC_NONE', 'TPC_NONE', 'SPC_NONE', 'UC_NONE', 'SPC_NONE', 'TPC_NONE', 'SPC_NONE', 'TPC_NONE', 'TPC_NONE', 'TPC_NONE', 'UC_NONE', 'SPC_NONE', 'UC_NONE', 'SPC_NONE', 'SPC_NONE', 'SPC_NONE', 'SPC_NONE', 'UC_NONE', 'SPC_NONE']","{'SBX_MPOLY': 2, 'UC_MPOLY': 2, 'UC_NONE': 22, 'TPC_MPOLY': 2, 'TPC_NONE': 25, 'SPC_NONE': 33, 'SBX_NONE': 1}"
24,88,UC,NONE,0.6829412481029956,0.0388116211986395,481414810.88,319118753.19688857,1658084.0,1191757.3631773207,0.7411088107969006,-6.812051399629482e-07,0.0,0.0,GREEDY_HV,"['SPC_MBFLIP', 'SBX_MPOLY', 'UC_MPOLY', 'UC_NONE', 'UC_NONE', 'UC_NONE', 'TPC_MPOLY', 'TPC_NONE', 'UC_NONE', 'SPC_NONE', 'UC_NONE', 'UC_NONE', 'SPC_NONE', 'SBX_NONE', 'UC_NONE', 'UC_NONE', 'TPC_NONE', 'UC_NONE', 'TPC_NONE', 'UC_NONE', 'TPC_MPOLY', 'SPC_NONE', 'TPC_NONE', 'UC_MPOLY', 'SPC_NONE', 'TPC_NONE', 'UC_NONE', 'SBX_MPOLY', 'TPC_NONE', 'TPC_NONE', 'SPC_NONE', 'TPC_NONE', 'SPC_NONE', 'SPC_NONE', 'SPC_NONE', 'SPC_NONE', 'SPC_NONE', 'UC_NONE', 'SPC_NONE', 'SPC_NONE', 'TPC_NONE', 'SPC_NONE', 'UC_NONE', 'TPC_NONE', 'SPC_NONE', 'TPC_NONE', 'SPC_NONE', 'TPC_NONE', 'UC_NONE', 'TPC_NONE', 'UC_NONE', 'TPC_NONE', 'SPC_NONE', 'SPC_NONE', 'UC_NONE', 'TPC_NONE', 'SPC_NONE', 'TPC_NONE', 'SPC_NONE', 'SPC_NONE', 'TPC_NONE', 'SPC_NONE', 'UC_NONE', 'UC_NONE', 'SPC_NONE', 'TPC_NONE', 'TPC_NONE', 'TPC_NONE', 'SPC_NONE', 'SPC_NONE', 'TPC_NONE', 'SPC_NONE', 'UC_NONE', 'SPC_NONE', 'TPC_NONE', 'SPC_NONE', 'TPC_NONE', 'TPC_NONE', 'TPC_NONE', 'UC_NONE', 'SPC_NONE', 'UC_NONE', 'SPC_NONE', 'SPC_NONE', 'SPC_NONE', 'SPC_NONE', 'UC_NONE', 'SPC_NONE', 'UC_NONE']","{'SBX_MPOLY': 2, 'UC_MPOLY': 2, 'UC_NONE': 23, 'TPC_MPOLY': 2, 'TPC_NONE': 25, 'SPC_NONE': 33, 'SBX_NONE': 1}"
24,89,TPC,NONE,0.684170768402725,0.0389791749042109,493267554.56,313039140.3435733,1702561.44,1193846.1122410735,0.741132849556801,2.4038759900424367e-05,0.02,0.0,GREEDY_HV,"['SPC_MBFLIP', 'SBX_MPOLY', 'UC_MPOLY', 'UC_NONE', 'UC_NONE', 'UC_NONE', 'TPC_MPOLY', 'TPC_NONE', 'UC_NONE', 'SPC_NONE', 'UC_NONE', 'UC_NONE', 'SPC_NONE', 'SBX_NONE', 'UC_NONE', 'UC_NONE', 'TPC_NONE', 'UC_NONE', 'TPC_NONE', 'UC_NONE', 'TPC_MPOLY', 'SPC_NONE', 'TPC_NONE', 'UC_MPOLY', 'SPC_NONE', 'TPC_NONE', 'UC_NONE', 'SBX_MPOLY', 'TPC_NONE', 'TPC_NONE', 'SPC_NONE', 'TPC_NONE', 'SPC_NONE', 'SPC_NONE', 'SPC_NONE', 'SPC_NONE', 'SPC_NONE', 'UC_NONE', 'SPC_NONE', 'SPC_NONE', 'TPC_NONE', 'SPC_NONE', 'UC_NONE', 'TPC_NONE', 'SPC_NONE', 'TPC_NONE', 'SPC_NONE', 'TPC_NONE', 'UC_NONE', 'TPC_NONE', 'UC_NONE', 'TPC_NONE', 'SPC_NONE', 'SPC_NONE', 'UC_NONE', 'TPC_NONE', 'SPC_NONE', 'TPC_NONE', 'SPC_NONE', 'SPC_NONE', 'TPC_NONE', 'SPC_NONE', 'UC_NONE', 'UC_NONE', 'SPC_NONE', 'TPC_NONE', 'TPC_NONE', 'TPC_NONE', 'SPC_NONE', 'SPC_NONE', 'TPC_NONE', 'SPC_NONE', 'UC_NONE', 'SPC_NONE', 'TPC_NONE', 'SPC_NONE', 'TPC_NONE', 'TPC_NONE', 'TPC_NONE', 'UC_NONE', 'SPC_NONE', 'UC_NONE', 'SPC_NONE', 'SPC_NONE', 'SPC_NONE', 'SPC_NONE', 'UC_NONE', 'SPC_NONE', 'UC_NONE', 'TPC_NONE']","{'SBX_MPOLY': 2, 'UC_MPOLY': 2, 'UC_NONE': 23, 'TPC_MPOLY': 2, 'TPC_NONE': 26, 'SPC_NONE': 33, 'SBX_NONE': 1}"
24,90,TPC,NONE,0.6828537486556757,0.0390021143383726,483922504.96,320032429.5512599,1656985.76,1186585.3878697574,0.7411351141059269,2.2645491258854733e-06,0.0,0.0,GREEDY_HV,"['SPC_MBFLIP', 'SBX_MPOLY', 'UC_MPOLY', 'UC_NONE', 'UC_NONE', 'UC_NONE', 'TPC_MPOLY', 'TPC_NONE', 'UC_NONE', 'SPC_NONE', 'UC_NONE', 'UC_NONE', 'SPC_NONE', 'SBX_NONE', 'UC_NONE', 'UC_NONE', 'TPC_NONE', 'UC_NONE', 'TPC_NONE', 'UC_NONE', 'TPC_MPOLY', 'SPC_NONE', 'TPC_NONE', 'UC_MPOLY', 'SPC_NONE', 'TPC_NONE', 'UC_NONE', 'SBX_MPOLY', 'TPC_NONE', 'TPC_NONE', 'SPC_NONE', 'TPC_NONE', 'SPC_NONE', 'SPC_NONE', 'SPC_NONE', 'SPC_NONE', 'SPC_NONE', 'UC_NONE', 'SPC_NONE', 'SPC_NONE', 'TPC_NONE', 'SPC_NONE', 'UC_NONE', 'TPC_NONE', 'SPC_NONE', 'TPC_NONE', 'SPC_NONE', 'TPC_NONE', 'UC_NONE', 'TPC_NONE', 'UC_NONE', 'TPC_NONE', 'SPC_NONE', 'SPC_NONE', 'UC_NONE', 'TPC_NONE', 'SPC_NONE', 'TPC_NONE', 'SPC_NONE', 'SPC_NONE', 'TPC_NONE', 'SPC_NONE', 'UC_NONE', 'UC_NONE', 'SPC_NONE', 'TPC_NONE', 'TPC_NONE', 'TPC_NONE', 'SPC_NONE', 'SPC_NONE', 'TPC_NONE', 'SPC_NONE', 'UC_NONE', 'SPC_NONE', 'TPC_NONE', 'SPC_NONE', 'TPC_NONE', 'TPC_NONE', 'TPC_NONE', 'UC_NONE', 'SPC_NONE', 'UC_NONE', 'SPC_NONE', 'SPC_NONE', 'SPC_NONE', 'SPC_NONE', 'UC_NONE', 'SPC_NONE', 'UC_NONE', 'TPC_NONE', 'TPC_NONE']","{'SBX_MPOLY': 2, 'UC_MPOLY': 2, 'UC_NONE': 23, 'TPC_MPOLY': 2, 'TPC_NONE': 27, 'SPC_NONE': 33, 'SBX_NONE': 1}"
24,91,SPC,NONE,0.6830596682118079,0.038747797249092,480419137.28,319646262.94274056,1653714.08,1173851.8546943793,0.7411127897551172,-2.2324350809732607e-05,0.0,0.0,GREEDY_HV,"['SPC_MBFLIP', 'SBX_MPOLY', 'UC_MPOLY', 'UC_NONE', 'UC_NONE', 'UC_NONE', 'TPC_MPOLY', 'TPC_NONE', 'UC_NONE', 'SPC_NONE', 'UC_NONE', 'UC_NONE', 'SPC_NONE', 'SBX_NONE', 'UC_NONE', 'UC_NONE', 'TPC_NONE', 'UC_NONE', 'TPC_NONE', 'UC_NONE', 'TPC_MPOLY', 'SPC_NONE', 'TPC_NONE', 'UC_MPOLY', 'SPC_NONE', 'TPC_NONE', 'UC_NONE', 'SBX_MPOLY', 'TPC_NONE', 'TPC_NONE', 'SPC_NONE', 'TPC_NONE', 'SPC_NONE', 'SPC_NONE', 'SPC_NONE', 'SPC_NONE', 'SPC_NONE', 'UC_NONE', 'SPC_NONE', 'SPC_NONE', 'TPC_NONE', 'SPC_NONE', 'UC_NONE', 'TPC_NONE', 'SPC_NONE', 'TPC_NONE', 'SPC_NONE', 'TPC_NONE', 'UC_NONE', 'TPC_NONE', 'UC_NONE', 'TPC_NONE', 'SPC_NONE', 'SPC_NONE', 'UC_NONE', 'TPC_NONE', 'SPC_NONE', 'TPC_NONE', 'SPC_NONE', 'SPC_NONE', 'TPC_NONE', 'SPC_NONE', 'UC_NONE', 'UC_NONE', 'SPC_NONE', 'TPC_NONE', 'TPC_NONE', 'TPC_NONE', 'SPC_NONE', 'SPC_NONE', 'TPC_NONE', 'SPC_NONE', 'UC_NONE', 'SPC_NONE', 'TPC_NONE', 'SPC_NONE', 'TPC_NONE', 'TPC_NONE', 'TPC_NONE', 'UC_NONE', 'SPC_NONE', 'UC_NONE', 'SPC_NONE', 'SPC_NONE', 'SPC_NONE', 'SPC_NONE', 'UC_NONE', 'SPC_NONE', 'UC_NONE', 'TPC_NONE', 'TPC_NONE', 'SPC_NONE']","{'SBX_MPOLY': 2, 'UC_MPOLY': 2, 'UC_NONE': 23, 'TPC_MPOLY': 2, 'TPC_NONE': 27, 'SPC_NONE': 34, 'SBX_NONE': 1}"
24,92,SPC,NONE,0.6847878230815874,0.0393656219581706,515080288.0,328890619.628143,1800920.48,1231796.976880236,0.7411188920303559,6.102275238673016e-06,0.0,0.0,GREEDY_HV,"['SPC_MBFLIP', 'SBX_MPOLY', 'UC_MPOLY', 'UC_NONE', 'UC_NONE', 'UC_NONE', 'TPC_MPOLY', 'TPC_NONE', 'UC_NONE', 'SPC_NONE', 'UC_NONE', 'UC_NONE', 'SPC_NONE', 'SBX_NONE', 'UC_NONE', 'UC_NONE', 'TPC_NONE', 'UC_NONE', 'TPC_NONE', 'UC_NONE', 'TPC_MPOLY', 'SPC_NONE', 'TPC_NONE', 'UC_MPOLY', 'SPC_NONE', 'TPC_NONE', 'UC_NONE', 'SBX_MPOLY', 'TPC_NONE', 'TPC_NONE', 'SPC_NONE', 'TPC_NONE', 'SPC_NONE', 'SPC_NONE', 'SPC_NONE', 'SPC_NONE', 'SPC_NONE', 'UC_NONE', 'SPC_NONE', 'SPC_NONE', 'TPC_NONE', 'SPC_NONE', 'UC_NONE', 'TPC_NONE', 'SPC_NONE', 'TPC_NONE', 'SPC_NONE', 'TPC_NONE', 'UC_NONE', 'TPC_NONE', 'UC_NONE', 'TPC_NONE', 'SPC_NONE', 'SPC_NONE', 'UC_NONE', 'TPC_NONE', 'SPC_NONE', 'TPC_NONE', 'SPC_NONE', 'SPC_NONE', 'TPC_NONE', 'SPC_NONE', 'UC_NONE', 'UC_NONE', 'SPC_NONE', 'TPC_NONE', 'TPC_NONE', 'TPC_NONE', 'SPC_NONE', 'SPC_NONE', 'TPC_NONE', 'SPC_NONE', 'UC_NONE', 'SPC_NONE', 'TPC_NONE', 'SPC_NONE', 'TPC_NONE', 'TPC_NONE', 'TPC_NONE', 'UC_NONE', 'SPC_NONE', 'UC_NONE', 'SPC_NONE', 'SPC_NONE', 'SPC_NONE', 'SPC_NONE', 'UC_NONE', 'SPC_NONE', 'UC_NONE', 'TPC_NONE', 'TPC_NONE', 'SPC_NONE', 'SPC_NONE']","{'SBX_MPOLY': 2, 'UC_MPOLY': 2, 'UC_NONE': 23, 'TPC_MPOLY': 2, 'TPC_NONE': 27, 'SPC_NONE': 35, 'SBX_NONE': 1}"
24,93,SPC,NONE,0.6844533114092565,0.0389340359808286,494968702.72,320169397.9141116,1783677.6,1212463.1148277954,0.7411183247549404,-5.672754154195658e-07,0.0,0.0,GREEDY_HV,"['SPC_MBFLIP', 'SBX_MPOLY', 'UC_MPOLY', 'UC_NONE', 'UC_NONE', 'UC_NONE', 'TPC_MPOLY', 'TPC_NONE', 'UC_NONE', 'SPC_NONE', 'UC_NONE', 'UC_NONE', 'SPC_NONE', 'SBX_NONE', 'UC_NONE', 'UC_NONE', 'TPC_NONE', 'UC_NONE', 'TPC_NONE', 'UC_NONE', 'TPC_MPOLY', 'SPC_NONE', 'TPC_NONE', 'UC_MPOLY', 'SPC_NONE', 'TPC_NONE', 'UC_NONE', 'SBX_MPOLY', 'TPC_NONE', 'TPC_NONE', 'SPC_NONE', 'TPC_NONE', 'SPC_NONE', 'SPC_NONE', 'SPC_NONE', 'SPC_NONE', 'SPC_NONE', 'UC_NONE', 'SPC_NONE', 'SPC_NONE', 'TPC_NONE', 'SPC_NONE', 'UC_NONE', 'TPC_NONE', 'SPC_NONE', 'TPC_NONE', 'SPC_NONE', 'TPC_NONE', 'UC_NONE', 'TPC_NONE', 'UC_NONE', 'TPC_NONE', 'SPC_NONE', 'SPC_NONE', 'UC_NONE', 'TPC_NONE', 'SPC_NONE', 'TPC_NONE', 'SPC_NONE', 'SPC_NONE', 'TPC_NONE', 'SPC_NONE', 'UC_NONE', 'UC_NONE', 'SPC_NONE', 'TPC_NONE', 'TPC_NONE', 'TPC_NONE', 'SPC_NONE', 'SPC_NONE', 'TPC_NONE', 'SPC_NONE', 'UC_NONE', 'SPC_NONE', 'TPC_NONE', 'SPC_NONE', 'TPC_NONE', 'TPC_NONE', 'TPC_NONE', 'UC_NONE', 'SPC_NONE', 'UC_NONE', 'SPC_NONE', 'SPC_NONE', 'SPC_NONE', 'SPC_NONE', 'UC_NONE', 'SPC_NONE', 'UC_NONE', 'TPC_NONE', 'TPC_NONE', 'SPC_NONE', 'SPC_NONE', 'SPC_NONE']","{'SBX_MPOLY': 2, 'UC_MPOLY': 2, 'UC_NONE': 23, 'TPC_MPOLY': 2, 'TPC_NONE': 27, 'SPC_NONE': 36, 'SBX_NONE': 1}"
24,94,UC,MNUF,0.6839974817787845,0.0387774718225363,493602947.84,318117184.47978413,1720811.68,1182007.9308674275,0.7411147553036214,-3.5694513190742683e-06,0.0,0.0,GREEDY_HV,"['SPC_MBFLIP', 'SBX_MPOLY', 'UC_MPOLY', 'UC_NONE', 'UC_NONE', 'UC_NONE', 'TPC_MPOLY', 'TPC_NONE', 'UC_NONE', 'SPC_NONE', 'UC_NONE', 'UC_NONE', 'SPC_NONE', 'SBX_NONE', 'UC_NONE', 'UC_NONE', 'TPC_NONE', 'UC_NONE', 'TPC_NONE', 'UC_NONE', 'TPC_MPOLY', 'SPC_NONE', 'TPC_NONE', 'UC_MPOLY', 'SPC_NONE', 'TPC_NONE', 'UC_NONE', 'SBX_MPOLY', 'TPC_NONE', 'TPC_NONE', 'SPC_NONE', 'TPC_NONE', 'SPC_NONE', 'SPC_NONE', 'SPC_NONE', 'SPC_NONE', 'SPC_NONE', 'UC_NONE', 'SPC_NONE', 'SPC_NONE', 'TPC_NONE', 'SPC_NONE', 'UC_NONE', 'TPC_NONE', 'SPC_NONE', 'TPC_NONE', 'SPC_NONE', 'TPC_NONE', 'UC_NONE', 'TPC_NONE', 'UC_NONE', 'TPC_NONE', 'SPC_NONE', 'SPC_NONE', 'UC_NONE', 'TPC_NONE', 'SPC_NONE', 'TPC_NONE', 'SPC_NONE', 'SPC_NONE', 'TPC_NONE', 'SPC_NONE', 'UC_NONE', 'UC_NONE', 'SPC_NONE', 'TPC_NONE', 'TPC_NONE', 'TPC_NONE', 'SPC_NONE', 'SPC_NONE', 'TPC_NONE', 'SPC_NONE', 'UC_NONE', 'SPC_NONE', 'TPC_NONE', 'SPC_NONE', 'TPC_NONE', 'TPC_NONE', 'TPC_NONE', 'UC_NONE', 'SPC_NONE', 'UC_NONE', 'SPC_NONE', 'SPC_NONE', 'SPC_NONE', 'SPC_NONE', 'UC_NONE', 'SPC_NONE', 'UC_NONE', 'TPC_NONE', 'TPC_NONE', 'SPC_NONE', 'SPC_NONE', 'SPC_NONE', 'UC_MNUF']","{'SBX_MPOLY': 2, 'UC_MPOLY': 2, 'UC_NONE': 23, 'TPC_MPOLY': 2, 'TPC_NONE': 27, 'SPC_NONE': 36, 'SBX_NONE': 1, 'UC_MNUF': 1}"
24,95,TPC,NONE,0.6851059564710426,0.0388108134266368,505704006.4,313929122.49202365,1757042.08,1180571.128373718,0.7411353241754136,2.056887179224809e-05,0.0,0.0,GREEDY_HV,"['SPC_MBFLIP', 'SBX_MPOLY', 'UC_MPOLY', 'UC_NONE', 'UC_NONE', 'UC_NONE', 'TPC_MPOLY', 'TPC_NONE', 'UC_NONE', 'SPC_NONE', 'UC_NONE', 'UC_NONE', 'SPC_NONE', 'SBX_NONE', 'UC_NONE', 'UC_NONE', 'TPC_NONE', 'UC_NONE', 'TPC_NONE', 'UC_NONE', 'TPC_MPOLY', 'SPC_NONE', 'TPC_NONE', 'UC_MPOLY', 'SPC_NONE', 'TPC_NONE', 'UC_NONE', 'SBX_MPOLY', 'TPC_NONE', 'TPC_NONE', 'SPC_NONE', 'TPC_NONE', 'SPC_NONE', 'SPC_NONE', 'SPC_NONE', 'SPC_NONE', 'SPC_NONE', 'UC_NONE', 'SPC_NONE', 'SPC_NONE', 'TPC_NONE', 'SPC_NONE', 'UC_NONE', 'TPC_NONE', 'SPC_NONE', 'TPC_NONE', 'SPC_NONE', 'TPC_NONE', 'UC_NONE', 'TPC_NONE', 'UC_NONE', 'TPC_NONE', 'SPC_NONE', 'SPC_NONE', 'UC_NONE', 'TPC_NONE', 'SPC_NONE', 'TPC_NONE', 'SPC_NONE', 'SPC_NONE', 'TPC_NONE', 'SPC_NONE', 'UC_NONE', 'UC_NONE', 'SPC_NONE', 'TPC_NONE', 'TPC_NONE', 'TPC_NONE', 'SPC_NONE', 'SPC_NONE', 'TPC_NONE', 'SPC_NONE', 'UC_NONE', 'SPC_NONE', 'TPC_NONE', 'SPC_NONE', 'TPC_NONE', 'TPC_NONE', 'TPC_NONE', 'UC_NONE', 'SPC_NONE', 'UC_NONE', 'SPC_NONE', 'SPC_NONE', 'SPC_NONE', 'SPC_NONE', 'UC_NONE', 'SPC_NONE', 'UC_NONE', 'TPC_NONE', 'TPC_NONE', 'SPC_NONE', 'SPC_NONE', 'SPC_NONE', 'UC_MNUF', 'TPC_NONE']","{'SBX_MPOLY': 2, 'UC_MPOLY': 2, 'UC_NONE': 23, 'TPC_MPOLY': 2, 'TPC_NONE': 28, 'SPC_NONE': 36, 'SBX_NONE': 1, 'UC_MNUF': 1}"
24,96,TPC,NONE,0.683973628185625,0.0389359433847684,495380222.72,317148725.1898685,1721778.08,1192780.100137755,0.7411168700380057,-1.8454137407863943e-05,0.01,0.0,GREEDY_HV,"['SPC_MBFLIP', 'SBX_MPOLY', 'UC_MPOLY', 'UC_NONE', 'UC_NONE', 'UC_NONE', 'TPC_MPOLY', 'TPC_NONE', 'UC_NONE', 'SPC_NONE', 'UC_NONE', 'UC_NONE', 'SPC_NONE', 'SBX_NONE', 'UC_NONE', 'UC_NONE', 'TPC_NONE', 'UC_NONE', 'TPC_NONE', 'UC_NONE', 'TPC_MPOLY', 'SPC_NONE', 'TPC_NONE', 'UC_MPOLY', 'SPC_NONE', 'TPC_NONE', 'UC_NONE', 'SBX_MPOLY', 'TPC_NONE', 'TPC_NONE', 'SPC_NONE', 'TPC_NONE', 'SPC_NONE', 'SPC_NONE', 'SPC_NONE', 'SPC_NONE', 'SPC_NONE', 'UC_NONE', 'SPC_NONE', 'SPC_NONE', 'TPC_NONE', 'SPC_NONE', 'UC_NONE', 'TPC_NONE', 'SPC_NONE', 'TPC_NONE', 'SPC_NONE', 'TPC_NONE', 'UC_NONE', 'TPC_NONE', 'UC_NONE', 'TPC_NONE', 'SPC_NONE', 'SPC_NONE', 'UC_NONE', 'TPC_NONE', 'SPC_NONE', 'TPC_NONE', 'SPC_NONE', 'SPC_NONE', 'TPC_NONE', 'SPC_NONE', 'UC_NONE', 'UC_NONE', 'SPC_NONE', 'TPC_NONE', 'TPC_NONE', 'TPC_NONE', 'SPC_NONE', 'SPC_NONE', 'TPC_NONE', 'SPC_NONE', 'UC_NONE', 'SPC_NONE', 'TPC_NONE', 'SPC_NONE', 'TPC_NONE', 'TPC_NONE', 'TPC_NONE', 'UC_NONE', 'SPC_NONE', 'UC_NONE', 'SPC_NONE', 'SPC_NONE', 'SPC_NONE', 'SPC_NONE', 'UC_NONE', 'SPC_NONE', 'UC_NONE', 'TPC_NONE', 'TPC_NONE', 'SPC_NONE', 'SPC_NONE', 'SPC_NONE', 'UC_MNUF', 'TPC_NONE', 'TPC_NONE']","{'SBX_MPOLY': 2, 'UC_MPOLY': 2, 'UC_NONE': 23, 'TPC_MPOLY': 2, 'TPC_NONE': 29, 'SPC_NONE': 36, 'SBX_NONE': 1, 'UC_MNUF': 1}"
24,97,SPC,MNUF,0.683569749072716,0.0389959230805051,491169806.08,308160209.5579761,1696824.48,1197134.3091196783,0.7411445878122536,2.7717774247815186e-05,0.0,0.0,GREEDY_HV,"['SPC_MBFLIP', 'SBX_MPOLY', 'UC_MPOLY', 'UC_NONE', 'UC_NONE', 'UC_NONE', 'TPC_MPOLY', 'TPC_NONE', 'UC_NONE', 'SPC_NONE', 'UC_NONE', 'UC_NONE', 'SPC_NONE', 'SBX_NONE', 'UC_NONE', 'UC_NONE', 'TPC_NONE', 'UC_NONE', 'TPC_NONE', 'UC_NONE', 'TPC_MPOLY', 'SPC_NONE', 'TPC_NONE', 'UC_MPOLY', 'SPC_NONE', 'TPC_NONE', 'UC_NONE', 'SBX_MPOLY', 'TPC_NONE', 'TPC_NONE', 'SPC_NONE', 'TPC_NONE', 'SPC_NONE', 'SPC_NONE', 'SPC_NONE', 'SPC_NONE', 'SPC_NONE', 'UC_NONE', 'SPC_NONE', 'SPC_NONE', 'TPC_NONE', 'SPC_NONE', 'UC_NONE', 'TPC_NONE', 'SPC_NONE', 'TPC_NONE', 'SPC_NONE', 'TPC_NONE', 'UC_NONE', 'TPC_NONE', 'UC_NONE', 'TPC_NONE', 'SPC_NONE', 'SPC_NONE', 'UC_NONE', 'TPC_NONE', 'SPC_NONE', 'TPC_NONE', 'SPC_NONE', 'SPC_NONE', 'TPC_NONE', 'SPC_NONE', 'UC_NONE', 'UC_NONE', 'SPC_NONE', 'TPC_NONE', 'TPC_NONE', 'TPC_NONE', 'SPC_NONE', 'SPC_NONE', 'TPC_NONE', 'SPC_NONE', 'UC_NONE', 'SPC_NONE', 'TPC_NONE', 'SPC_NONE', 'TPC_NONE', 'TPC_NONE', 'TPC_NONE', 'UC_NONE', 'SPC_NONE', 'UC_NONE', 'SPC_NONE', 'SPC_NONE', 'SPC_NONE', 'SPC_NONE', 'UC_NONE', 'SPC_NONE', 'UC_NONE', 'TPC_NONE', 'TPC_NONE', 'SPC_NONE', 'SPC_NONE', 'SPC_NONE', 'UC_MNUF', 'TPC_NONE', 'TPC_NONE', 'SPC_MNUF']","{'SBX_MPOLY': 2, 'UC_MPOLY': 2, 'UC_NONE': 23, 'TPC_MPOLY': 2, 'TPC_NONE': 29, 'SPC_NONE': 36, 'SBX_NONE': 1, 'UC_MNUF': 1, 'SPC_MNUF': 1}"
24,98,SPC,NONE,0.6837718183763379,0.039146170225235,494872103.68,315276471.0576457,1770441.12,1242295.5052965565,0.7411197596846153,-2.4828127638265585e-05,0.0,0.0,GREEDY_HV,"['SPC_MBFLIP', 'SBX_MPOLY', 'UC_MPOLY', 'UC_NONE', 'UC_NONE', 'UC_NONE', 'TPC_MPOLY', 'TPC_NONE', 'UC_NONE', 'SPC_NONE', 'UC_NONE', 'UC_NONE', 'SPC_NONE', 'SBX_NONE', 'UC_NONE', 'UC_NONE', 'TPC_NONE', 'UC_NONE', 'TPC_NONE', 'UC_NONE', 'TPC_MPOLY', 'SPC_NONE', 'TPC_NONE', 'UC_MPOLY', 'SPC_NONE', 'TPC_NONE', 'UC_NONE', 'SBX_MPOLY', 'TPC_NONE', 'TPC_NONE', 'SPC_NONE', 'TPC_NONE', 'SPC_NONE', 'SPC_NONE', 'SPC_NONE', 'SPC_NONE', 'SPC_NONE', 'UC_NONE', 'SPC_NONE', 'SPC_NONE', 'TPC_NONE', 'SPC_NONE', 'UC_NONE', 'TPC_NONE', 'SPC_NONE', 'TPC_NONE', 'SPC_NONE', 'TPC_NONE', 'UC_NONE', 'TPC_NONE', 'UC_NONE', 'TPC_NONE', 'SPC_NONE', 'SPC_NONE', 'UC_NONE', 'TPC_NONE', 'SPC_NONE', 'TPC_NONE', 'SPC_NONE', 'SPC_NONE', 'TPC_NONE', 'SPC_NONE', 'UC_NONE', 'UC_NONE', 'SPC_NONE', 'TPC_NONE', 'TPC_NONE', 'TPC_NONE', 'SPC_NONE', 'SPC_NONE', 'TPC_NONE', 'SPC_NONE', 'UC_NONE', 'SPC_NONE', 'TPC_NONE', 'SPC_NONE', 'TPC_NONE', 'TPC_NONE', 'TPC_NONE', 'UC_NONE', 'SPC_NONE', 'UC_NONE', 'SPC_NONE', 'SPC_NONE', 'SPC_NONE', 'SPC_NONE', 'UC_NONE', 'SPC_NONE', 'UC_NONE', 'TPC_NONE', 'TPC_NONE', 'SPC_NONE', 'SPC_NONE', 'SPC_NONE', 'UC_MNUF', 'TPC_NONE', 'TPC_NONE', 'SPC_MNUF', 'SPC_NONE']","{'SBX_MPOLY': 2, 'UC_MPOLY': 2, 'UC_NONE': 23, 'TPC_MPOLY': 2, 'TPC_NONE': 29, 'SPC_NONE': 37, 'SBX_NONE': 1, 'UC_MNUF': 1, 'SPC_MNUF': 1}"
24,99,TPC,MNUF,0.6827656231762669,0.0392485675849949,492146241.28,318473536.711935,1718543.52,1239937.991777238,0.741084866720203,-3.489296441228085e-05,0.0,0.0,GREEDY_HV,"['SPC_MBFLIP', 'SBX_MPOLY', 'UC_MPOLY', 'UC_NONE', 'UC_NONE', 'UC_NONE', 'TPC_MPOLY', 'TPC_NONE', 'UC_NONE', 'SPC_NONE', 'UC_NONE', 'UC_NONE', 'SPC_NONE', 'SBX_NONE', 'UC_NONE', 'UC_NONE', 'TPC_NONE', 'UC_NONE', 'TPC_NONE', 'UC_NONE', 'TPC_MPOLY', 'SPC_NONE', 'TPC_NONE', 'UC_MPOLY', 'SPC_NONE', 'TPC_NONE', 'UC_NONE', 'SBX_MPOLY', 'TPC_NONE', 'TPC_NONE', 'SPC_NONE', 'TPC_NONE', 'SPC_NONE', 'SPC_NONE', 'SPC_NONE', 'SPC_NONE', 'SPC_NONE', 'UC_NONE', 'SPC_NONE', 'SPC_NONE', 'TPC_NONE', 'SPC_NONE', 'UC_NONE', 'TPC_NONE', 'SPC_NONE', 'TPC_NONE', 'SPC_NONE', 'TPC_NONE', 'UC_NONE', 'TPC_NONE', 'UC_NONE', 'TPC_NONE', 'SPC_NONE', 'SPC_NONE', 'UC_NONE', 'TPC_NONE', 'SPC_NONE', 'TPC_NONE', 'SPC_NONE', 'SPC_NONE', 'TPC_NONE', 'SPC_NONE', 'UC_NONE', 'UC_NONE', 'SPC_NONE', 'TPC_NONE', 'TPC_NONE', 'TPC_NONE', 'SPC_NONE', 'SPC_NONE', 'TPC_NONE', 'SPC_NONE', 'UC_NONE', 'SPC_NONE', 'TPC_NONE', 'SPC_NONE', 'TPC_NONE', 'TPC_NONE', 'TPC_NONE', 'UC_NONE', 'SPC_NONE', 'UC_NONE', 'SPC_NONE', 'SPC_NONE', 'SPC_NONE', 'SPC_NONE', 'UC_NONE', 'SPC_NONE', 'UC_NONE', 'TPC_NONE', 'TPC_NONE', 'SPC_NONE', 'SPC_NONE', 'SPC_NONE', 'UC_MNUF', 'TPC_NONE', 'TPC_NONE', 'SPC_MNUF', 'SPC_NONE', 'TPC_MNUF']","{'SBX_MPOLY': 2, 'UC_MPOLY': 2, 'UC_NONE': 23, 'TPC_MPOLY': 2, 'TPC_NONE': 29, 'SPC_NONE': 37, 'SBX_NONE': 1, 'UC_MNUF': 1, 'SPC_MNUF': 1, 'TPC_MNUF': 1}"
24,100,SPC,NONE,0.6829513418661438,0.03874754086495,482590380.8,315148103.54257834,1676883.36,1191116.2066924244,0.7411069912167484,2.212449654537263e-05,0.0,0.0,GREEDY_HV,"['SPC_MBFLIP', 'SBX_MPOLY', 'UC_MPOLY', 'UC_NONE', 'UC_NONE', 'UC_NONE', 'TPC_MPOLY', 'TPC_NONE', 'UC_NONE', 'SPC_NONE', 'UC_NONE', 'UC_NONE', 'SPC_NONE', 'SBX_NONE', 'UC_NONE', 'UC_NONE', 'TPC_NONE', 'UC_NONE', 'TPC_NONE', 'UC_NONE', 'TPC_MPOLY', 'SPC_NONE', 'TPC_NONE', 'UC_MPOLY', 'SPC_NONE', 'TPC_NONE', 'UC_NONE', 'SBX_MPOLY', 'TPC_NONE', 'TPC_NONE', 'SPC_NONE', 'TPC_NONE', 'SPC_NONE', 'SPC_NONE', 'SPC_NONE', 'SPC_NONE', 'SPC_NONE', 'UC_NONE', 'SPC_NONE', 'SPC_NONE', 'TPC_NONE', 'SPC_NONE', 'UC_NONE', 'TPC_NONE', 'SPC_NONE', 'TPC_NONE', 'SPC_NONE', 'TPC_NONE', 'UC_NONE', 'TPC_NONE', 'UC_NONE', 'TPC_NONE', 'SPC_NONE', 'SPC_NONE', 'UC_NONE', 'TPC_NONE', 'SPC_NONE', 'TPC_NONE', 'SPC_NONE', 'SPC_NONE', 'TPC_NONE', 'SPC_NONE', 'UC_NONE', 'UC_NONE', 'SPC_NONE', 'TPC_NONE', 'TPC_NONE', 'TPC_NONE', 'SPC_NONE', 'SPC_NONE', 'TPC_NONE', 'SPC_NONE', 'UC_NONE', 'SPC_NONE', 'TPC_NONE', 'SPC_NONE', 'TPC_NONE', 'TPC_NONE', 'TPC_NONE', 'UC_NONE', 'SPC_NONE', 'UC_NONE', 'SPC_NONE', 'SPC_NONE', 'SPC_NONE', 'SPC_NONE', 'UC_NONE', 'SPC_NONE', 'UC_NONE', 'TPC_NONE', 'TPC_NONE', 'SPC_NONE', 'SPC_NONE', 'SPC_NONE', 'UC_MNUF', 'TPC_NONE', 'TPC_NONE', 'SPC_MNUF', 'SPC_NONE', 'TPC_MNUF', 'SPC_NONE']","{'SBX_MPOLY': 2, 'UC_MPOLY': 2, 'UC_NONE': 23, 'TPC_MPOLY': 2, 'TPC_NONE': 29, 'SPC_NONE': 38, 'SBX_NONE': 1, 'UC_MNUF': 1, 'SPC_MNUF': 1, 'TPC_MNUF': 1}"
25,1,SPC,MPOLY,0.662430562805765,0.01869076115882,1512393583.36,1016705016.6717452,2958846.88,1411795.1435029746,0.6942340803916416,0.0,0.31,0.18,GREEDY_HV,"['SPC_MBFLIP', 'SPC_MPOLY']",{'SPC_MPOLY': 1}
25,2,SBX,MPOLY,0.6607360514308983,0.0240416431529449,1254461989.12,962785384.4794736,2413258.4,1335155.0656299966,0.7003958295292191,0.0061617491375774,0.0,0.1,GREEDY_HV,"['SPC_MBFLIP', 'SPC_MPOLY', 'SBX_MPOLY']","{'SPC_MPOLY': 1, 'SBX_MPOLY': 1}"
25,3,TPC,NONE,0.666406871371563,0.0275613309356143,1017700106.24,758626509.2441252,2339924.64,1404463.4200705942,0.7069283459821827,0.0065325164529635,0.13,0.0,GREEDY_HV,"['SPC_MBFLIP', 'SPC_MPOLY', 'SBX_MPOLY', 'TPC_NONE']","{'SPC_MPOLY': 1, 'SBX_MPOLY': 1, 'TPC_NONE': 1}"
25,4,TPC,NONE,0.665466076405417,0.0345543108395879,965447400.96,733289584.1315241,1991036.32,1270526.3038241344,0.7130479340547817,0.006119588072599,0.12,0.0,GREEDY_HV,"['SPC_MBFLIP', 'SPC_MPOLY', 'SBX_MPOLY', 'TPC_NONE', 'TPC_NONE']","{'SPC_MPOLY': 1, 'SBX_MPOLY': 1, 'TPC_NONE': 2}"
25,5,SPC,MPOLY,0.66640034345284,0.0319943568746433,816199900.16,662129098.3303516,1871148.96,1294754.6933252332,0.7174148074232196,0.0043668733684378,0.1,0.04,GREEDY_HV,"['SPC_MBFLIP', 'SPC_MPOLY', 'SBX_MPOLY', 'TPC_NONE', 'TPC_NONE', 'SPC_MPOLY']","{'SPC_MPOLY': 2, 'SBX_MPOLY': 1, 'TPC_NONE': 2}"
25,6,SPC,NONE,0.6710244016080448,0.0299357482190741,710798350.08,572936764.2690039,1922599.84,1399757.2206099085,0.7218261735331921,0.0044113661099725,0.11,0.0,GREEDY_HV,"['SPC_MBFLIP', 'SPC_MPOLY', 'SBX_MPOLY', 'TPC_NONE', 'TPC_NONE', 'SPC_MPOLY', 'SPC_NONE']","{'SPC_MPOLY': 2, 'SBX_MPOLY': 1, 'TPC_NONE': 2, 'SPC_NONE': 1}"
25,7,TPC,NONE,0.669570597529911,0.0274288108509623,533506082.56,427426531.0529975,1727635.36,1218310.0380474874,0.7251540823442802,0.0033279088110881,0.06,0.0,GREEDY_HV,"['SPC_MBFLIP', 'SPC_MPOLY', 'SBX_MPOLY', 'TPC_NONE', 'TPC_NONE', 'SPC_MPOLY', 'SPC_NONE', 'TPC_NONE']","{'SPC_MPOLY': 2, 'SBX_MPOLY': 1, 'TPC_NONE': 3, 'SPC_NONE': 1}"
25,8,TPC,NONE,0.6741582843493868,0.0299015652144716,543366931.2,406521269.9261507,1871884.96,1320787.125603289,0.7273034089182924,0.0021493265740121,0.06,0.0,GREEDY_HV,"['SPC_MBFLIP', 'SPC_MPOLY', 'SBX_MPOLY', 'TPC_NONE', 'TPC_NONE', 'SPC_MPOLY', 'SPC_NONE', 'TPC_NONE', 'TPC_NONE']","{'SPC_MPOLY': 2, 'SBX_MPOLY': 1, 'TPC_NONE': 4, 'SPC_NONE': 1}"
25,9,UC,MPOLY,0.6721613034885681,0.0326868297782769,537915541.76,410449559.1563373,1812240.8,1383029.6327755817,0.7296578915983065,0.0023544826800141,0.03,0.03,GREEDY_HV,"['SPC_MBFLIP', 'SPC_MPOLY', 'SBX_MPOLY', 'TPC_NONE', 'TPC_NONE', 'SPC_MPOLY', 'SPC_NONE', 'TPC_NONE', 'TPC_NONE', 'UC_MPOLY']","{'SPC_MPOLY': 2, 'SBX_MPOLY': 1, 'TPC_NONE': 4, 'SPC_NONE': 1, 'UC_MPOLY': 1}"
25,10,SPC,MNUF,0.675076221540012,0.0292056313418422,588849530.88,548461077.5946113,1877826.72,1376503.7428349704,0.7306904237926289,0.0010325321943224,0.11,0.0,GREEDY_HV,"['SPC_MBFLIP', 'SPC_MPOLY', 'SBX_MPOLY', 'TPC_NONE', 'TPC_NONE', 'SPC_MPOLY', 'SPC_NONE', 'TPC_NONE', 'TPC_NONE', 'UC_MPOLY', 'SPC_MNUF']","{'SPC_MPOLY': 2, 'SBX_MPOLY': 1, 'TPC_NONE': 4, 'SPC_NONE': 1, 'UC_MPOLY': 1, 'SPC_MNUF': 1}"
25,11,TPC,NONE,0.6712493586755555,0.0315800312692858,506994648.32,393306359.98161626,1559216.8,1244889.5173488772,0.7311721926234251,0.0004817688307962,0.08,0.0,GREEDY_HV,"['SPC_MBFLIP', 'SPC_MPOLY', 'SBX_MPOLY', 'TPC_NONE', 'TPC_NONE', 'SPC_MPOLY', 'SPC_NONE', 'TPC_NONE', 'TPC_NONE', 'UC_MPOLY', 'SPC_MNUF', 'TPC_NONE']","{'SPC_MPOLY': 2, 'SBX_MPOLY': 1, 'TPC_NONE': 5, 'SPC_NONE': 1, 'UC_MPOLY': 1, 'SPC_MNUF': 1}"
25,12,SPC,MPOLY,0.67803759837431,0.0297110335315383,558951252.48,400395044.404855,1804757.92,1324720.6988309626,0.7320485434546037,0.0008763508311785,0.08,0.015,GREEDY_HV,"['SPC_MBFLIP', 'SPC_MPOLY', 'SBX_MPOLY', 'TPC_NONE', 'TPC_NONE', 'SPC_MPOLY', 'SPC_NONE', 'TPC_NONE', 'TPC_NONE', 'UC_MPOLY', 'SPC_MNUF', 'TPC_NONE', 'SPC_MPOLY']","{'SPC_MPOLY': 3, 'SBX_MPOLY': 1, 'TPC_NONE': 5, 'SPC_NONE': 1, 'UC_MPOLY': 1, 'SPC_MNUF': 1}"
25,13,TPC,MPOLY,0.6763416076260413,0.0285127779738206,520701153.28,378018797.1167724,1699305.12,1272499.9148988673,0.7324618557089189,0.0004133122543151,0.05,0.01,GREEDY_HV,"['SPC_MBFLIP', 'SPC_MPOLY', 'SBX_MPOLY', 'TPC_NONE', 'TPC_NONE', 'SPC_MPOLY', 'SPC_NONE', 'TPC_NONE', 'TPC_NONE', 'UC_MPOLY', 'SPC_MNUF', 'TPC_NONE', 'SPC_MPOLY', 'TPC_MPOLY']","{'SPC_MPOLY': 3, 'SBX_MPOLY': 1, 'TPC_NONE': 5, 'SPC_NONE': 1, 'UC_MPOLY': 1, 'SPC_MNUF': 1, 'TPC_MPOLY': 1}"
25,14,SPC,NONE,0.6755084039884732,0.0302659138831887,480047571.2,324528484.41748613,1624060.32,1266949.7942168575,0.7327129921629925,0.0002511364540735,0.08,0.0,GREEDY_HV,"['SPC_MBFLIP', 'SPC_MPOLY', 'SBX_MPOLY', 'TPC_NONE', 'TPC_NONE', 'SPC_MPOLY', 'SPC_NONE', 'TPC_NONE', 'TPC_NONE', 'UC_MPOLY', 'SPC_MNUF', 'TPC_NONE', 'SPC_MPOLY', 'TPC_MPOLY', 'SPC_NONE']","{'SPC_MPOLY': 3, 'SBX_MPOLY': 1, 'TPC_NONE': 5, 'SPC_NONE': 2, 'UC_MPOLY': 1, 'SPC_MNUF': 1, 'TPC_MPOLY': 1}"
25,15,SBX,MNUF,0.6782533291634271,0.0271683069631497,513129620.48,350044952.97852033,1741198.24,1321873.4329043543,0.7332903016327619,0.0005773094697694,0.01,0.045,GREEDY_HV,"['SPC_MBFLIP', 'SPC_MPOLY', 'SBX_MPOLY', 'TPC_NONE', 'TPC_NONE', 'SPC_MPOLY', 'SPC_NONE', 'TPC_NONE', 'TPC_NONE', 'UC_MPOLY', 'SPC_MNUF', 'TPC_NONE', 'SPC_MPOLY', 'TPC_MPOLY', 'SPC_NONE', 'SBX_MNUF']","{'SPC_MPOLY': 3, 'SBX_MPOLY': 1, 'TPC_NONE': 5, 'SPC_NONE': 2, 'UC_MPOLY': 1, 'SPC_MNUF': 1, 'TPC_MPOLY': 1, 'SBX_MNUF': 1}"
25,16,UC,MPOLY,0.6801116527711948,0.0266364792959603,508734827.52,331010523.3869635,1758521.76,1332822.7356246067,0.7343803881355724,0.0010900865028105,0.04,0.005,GREEDY_HV,"['SPC_MBFLIP', 'SPC_MPOLY', 'SBX_MPOLY', 'TPC_NONE', 'TPC_NONE', 'SPC_MPOLY', 'SPC_NONE', 'TPC_NONE', 'TPC_NONE', 'UC_MPOLY', 'SPC_MNUF', 'TPC_NONE', 'SPC_MPOLY', 'TPC_MPOLY', 'SPC_NONE', 'SBX_MNUF', 'UC_MPOLY']","{'SPC_MPOLY': 3, 'SBX_MPOLY': 1, 'TPC_NONE': 5, 'SPC_NONE': 2, 'UC_MPOLY': 2, 'SPC_MNUF': 1, 'TPC_MPOLY': 1, 'SBX_MNUF': 1}"
25,17,TPC,NONE,0.6793726595381909,0.0287511127250449,458331069.44,274405279.9287276,1686194.08,1301399.432450158,0.7347310769295436,0.0003506887939712,0.03,0.0,GREEDY_HV,"['SPC_MBFLIP', 'SPC_MPOLY', 'SBX_MPOLY', 'TPC_NONE', 'TPC_NONE', 'SPC_MPOLY', 'SPC_NONE', 'TPC_NONE', 'TPC_NONE', 'UC_MPOLY', 'SPC_MNUF', 'TPC_NONE', 'SPC_MPOLY', 'TPC_MPOLY', 'SPC_NONE', 'SBX_MNUF', 'UC_MPOLY', 'TPC_NONE']","{'SPC_MPOLY': 3, 'SBX_MPOLY': 1, 'TPC_NONE': 6, 'SPC_NONE': 2, 'UC_MPOLY': 2, 'SPC_MNUF': 1, 'TPC_MPOLY': 1, 'SBX_MNUF': 1}"
25,18,TPC,NONE,0.6784078814979878,0.0301588475588948,453672770.56,293843978.3993939,1619728.8,1293076.5279067438,0.7348332756875982,0.0001021987580545,0.06,0.0,GREEDY_HV,"['SPC_MBFLIP', 'SPC_MPOLY', 'SBX_MPOLY', 'TPC_NONE', 'TPC_NONE', 'SPC_MPOLY', 'SPC_NONE', 'TPC_NONE', 'TPC_NONE', 'UC_MPOLY', 'SPC_MNUF', 'TPC_NONE', 'SPC_MPOLY', 'TPC_MPOLY', 'SPC_NONE', 'SBX_MNUF', 'UC_MPOLY', 'TPC_NONE', 'TPC_NONE']","{'SPC_MPOLY': 3, 'SBX_MPOLY': 1, 'TPC_NONE': 7, 'SPC_NONE': 2, 'UC_MPOLY': 2, 'SPC_MNUF': 1, 'TPC_MPOLY': 1, 'SBX_MNUF': 1}"
25,19,UC,NONE,0.6824008048670287,0.0264363132362269,445476738.56,248285777.71713924,1563810.72,1082611.533093695,0.7364253865371435,0.0015921108495453,0.05,0.0,GREEDY_HV,"['SPC_MBFLIP', 'SPC_MPOLY', 'SBX_MPOLY', 'TPC_NONE', 'TPC_NONE', 'SPC_MPOLY', 'SPC_NONE', 'TPC_NONE', 'TPC_NONE', 'UC_MPOLY', 'SPC_MNUF', 'TPC_NONE', 'SPC_MPOLY', 'TPC_MPOLY', 'SPC_NONE', 'SBX_MNUF', 'UC_MPOLY', 'TPC_NONE', 'TPC_NONE', 'UC_NONE']","{'SPC_MPOLY': 3, 'SBX_MPOLY': 1, 'TPC_NONE': 7, 'SPC_NONE': 2, 'UC_MPOLY': 2, 'SPC_MNUF': 1, 'TPC_MPOLY': 1, 'SBX_MNUF': 1, 'UC_NONE': 1}"
25,20,UC,NONE,0.6822939375527908,0.0284383085836026,453900423.68,286272890.5124164,1685401.76,1263036.6811641625,0.7366390943244345,0.000213707787291,0.0,0.0,GREEDY_HV,"['SPC_MBFLIP', 'SPC_MPOLY', 'SBX_MPOLY', 'TPC_NONE', 'TPC_NONE', 'SPC_MPOLY', 'SPC_NONE', 'TPC_NONE', 'TPC_NONE', 'UC_MPOLY', 'SPC_MNUF', 'TPC_NONE', 'SPC_MPOLY', 'TPC_MPOLY', 'SPC_NONE', 'SBX_MNUF', 'UC_MPOLY', 'TPC_NONE', 'TPC_NONE', 'UC_NONE', 'UC_NONE']","{'SPC_MPOLY': 3, 'SBX_MPOLY': 1, 'TPC_NONE': 7, 'SPC_NONE': 2, 'UC_MPOLY': 2, 'SPC_MNUF': 1, 'TPC_MPOLY': 1, 'SBX_MNUF': 1, 'UC_NONE': 2}"
25,21,SBX,MPOLY,0.6807009164904941,0.0314707234197011,451279568.64,287810991.73788995,1667810.72,1270629.945923439,0.7369406039346214,0.0003015096101868,0.0,0.025,GREEDY_HV,"['SPC_MBFLIP', 'SPC_MPOLY', 'SBX_MPOLY', 'TPC_NONE', 'TPC_NONE', 'SPC_MPOLY', 'SPC_NONE', 'TPC_NONE', 'TPC_NONE', 'UC_MPOLY', 'SPC_MNUF', 'TPC_NONE', 'SPC_MPOLY', 'TPC_MPOLY', 'SPC_NONE', 'SBX_MNUF', 'UC_MPOLY', 'TPC_NONE', 'TPC_NONE', 'UC_NONE', 'UC_NONE', 'SBX_MPOLY']","{'SPC_MPOLY': 3, 'SBX_MPOLY': 2, 'TPC_NONE': 7, 'SPC_NONE': 2, 'UC_MPOLY': 2, 'SPC_MNUF': 1, 'TPC_MPOLY': 1, 'SBX_MNUF': 1, 'UC_NONE': 2}"
25,22,UC,NONE,0.6804472513291353,0.0351853432066615,467682078.72,299570747.5257947,1742246.56,1305124.2225156068,0.7370846949296612,0.0001440909950398,0.0,0.0,GREEDY_HV,"['SPC_MBFLIP', 'SPC_MPOLY', 'SBX_MPOLY', 'TPC_NONE', 'TPC_NONE', 'SPC_MPOLY', 'SPC_NONE', 'TPC_NONE', 'TPC_NONE', 'UC_MPOLY', 'SPC_MNUF', 'TPC_NONE', 'SPC_MPOLY', 'TPC_MPOLY', 'SPC_NONE', 'SBX_MNUF', 'UC_MPOLY', 'TPC_NONE', 'TPC_NONE', 'UC_NONE', 'UC_NONE', 'SBX_MPOLY', 'UC_NONE']","{'SPC_MPOLY': 3, 'SBX_MPOLY': 2, 'TPC_NONE': 7, 'SPC_NONE': 2, 'UC_MPOLY': 2, 'SPC_MNUF': 1, 'TPC_MPOLY': 1, 'SBX_MNUF': 1, 'UC_NONE': 3}"
25,23,UC,NONE,0.6818896293764068,0.0361637657179265,510354897.92,321551378.16939616,1759594.4,1318759.783933738,0.7372390049730458,0.0001543100433846,0.02,0.0,GREEDY_HV,"['SPC_MBFLIP', 'SPC_MPOLY', 'SBX_MPOLY', 'TPC_NONE', 'TPC_NONE', 'SPC_MPOLY', 'SPC_NONE', 'TPC_NONE', 'TPC_NONE', 'UC_MPOLY', 'SPC_MNUF', 'TPC_NONE', 'SPC_MPOLY', 'TPC_MPOLY', 'SPC_NONE', 'SBX_MNUF', 'UC_MPOLY', 'TPC_NONE', 'TPC_NONE', 'UC_NONE', 'UC_NONE', 'SBX_MPOLY', 'UC_NONE', 'UC_NONE']","{'SPC_MPOLY': 3, 'SBX_MPOLY': 2, 'TPC_NONE': 7, 'SPC_NONE': 2, 'UC_MPOLY': 2, 'SPC_MNUF': 1, 'TPC_MPOLY': 1, 'SBX_MNUF': 1, 'UC_NONE': 4}"
25,24,SBX,NONE,0.6837201215393647,0.0361820315211657,533638220.8,317469452.4383183,1824880.8,1316287.324183227,0.7376638454489162,0.0004248404758703,0.01,0.0,GREEDY_HV,"['SPC_MBFLIP', 'SPC_MPOLY', 'SBX_MPOLY', 'TPC_NONE', 'TPC_NONE', 'SPC_MPOLY', 'SPC_NONE', 'TPC_NONE', 'TPC_NONE', 'UC_MPOLY', 'SPC_MNUF', 'TPC_NONE', 'SPC_MPOLY', 'TPC_MPOLY', 'SPC_NONE', 'SBX_MNUF', 'UC_MPOLY', 'TPC_NONE', 'TPC_NONE', 'UC_NONE', 'UC_NONE', 'SBX_MPOLY', 'UC_NONE', 'UC_NONE', 'SBX_NONE']","{'SPC_MPOLY': 3, 'SBX_MPOLY': 2, 'TPC_NONE': 7, 'SPC_NONE': 2, 'UC_MPOLY': 2, 'SPC_MNUF': 1, 'TPC_MPOLY': 1, 'SBX_MNUF': 1, 'UC_NONE': 4, 'SBX_NONE': 1}"
25,25,UC,NONE,0.6827829708434829,0.0355063185575954,508696993.28,313350524.7292789,1826037.92,1355233.4489667206,0.7377208628970324,5.701744811625886e-05,0.01,0.0,GREEDY_HV,"['SPC_MBFLIP', 'SPC_MPOLY', 'SBX_MPOLY', 'TPC_NONE', 'TPC_NONE', 'SPC_MPOLY', 'SPC_NONE', 'TPC_NONE', 'TPC_NONE', 'UC_MPOLY', 'SPC_MNUF', 'TPC_NONE', 'SPC_MPOLY', 'TPC_MPOLY', 'SPC_NONE', 'SBX_MNUF', 'UC_MPOLY', 'TPC_NONE', 'TPC_NONE', 'UC_NONE', 'UC_NONE', 'SBX_MPOLY', 'UC_NONE', 'UC_NONE', 'SBX_NONE', 'UC_NONE']","{'SPC_MPOLY': 3, 'SBX_MPOLY': 2, 'TPC_NONE': 7, 'SPC_NONE': 2, 'UC_MPOLY': 2, 'SPC_MNUF': 1, 'TPC_MPOLY': 1, 'SBX_MNUF': 1, 'UC_NONE': 5, 'SBX_NONE': 1}"
25,26,SPC,NONE,0.6818784723878949,0.03571963143254,495560839.68,304035017.259884,1767255.2,1325801.0460573337,0.7377963450245452,7.54821275127382e-05,0.0,0.0,GREEDY_HV,"['SPC_MBFLIP', 'SPC_MPOLY', 'SBX_MPOLY', 'TPC_NONE', 'TPC_NONE', 'SPC_MPOLY', 'SPC_NONE', 'TPC_NONE', 'TPC_NONE', 'UC_MPOLY', 'SPC_MNUF', 'TPC_NONE', 'SPC_MPOLY', 'TPC_MPOLY', 'SPC_NONE', 'SBX_MNUF', 'UC_MPOLY', 'TPC_NONE', 'TPC_NONE', 'UC_NONE', 'UC_NONE', 'SBX_MPOLY', 'UC_NONE', 'UC_NONE', 'SBX_NONE', 'UC_NONE', 'SPC_NONE']","{'SPC_MPOLY': 3, 'SBX_MPOLY': 2, 'TPC_NONE': 7, 'SPC_NONE': 3, 'UC_MPOLY': 2, 'SPC_MNUF': 1, 'TPC_MPOLY': 1, 'SBX_MNUF': 1, 'UC_NONE': 5, 'SBX_NONE': 1}"
25,27,TPC,NONE,0.6811177170145545,0.0359567324474291,487423838.72,307045098.87611496,1738782.88,1315888.9284500063,0.7378260544576685,2.9709433123303874e-05,0.03,0.0,GREEDY_HV,"['SPC_MBFLIP', 'SPC_MPOLY', 'SBX_MPOLY', 'TPC_NONE', 'TPC_NONE', 'SPC_MPOLY', 'SPC_NONE', 'TPC_NONE', 'TPC_NONE', 'UC_MPOLY', 'SPC_MNUF', 'TPC_NONE', 'SPC_MPOLY', 'TPC_MPOLY', 'SPC_NONE', 'SBX_MNUF', 'UC_MPOLY', 'TPC_NONE', 'TPC_NONE', 'UC_NONE', 'UC_NONE', 'SBX_MPOLY', 'UC_NONE', 'UC_NONE', 'SBX_NONE', 'UC_NONE', 'SPC_NONE', 'TPC_NONE']","{'SPC_MPOLY': 3, 'SBX_MPOLY': 2, 'TPC_NONE': 8, 'SPC_NONE': 3, 'UC_MPOLY': 2, 'SPC_MNUF': 1, 'TPC_MPOLY': 1, 'SBX_MNUF': 1, 'UC_NONE': 5, 'SBX_NONE': 1}"
25,28,TPC,NONE,0.6813338974383875,0.0353333954759051,477119531.52,294280645.964633,1730195.36,1306061.729259774,0.7378656342129001,3.957975523161128e-05,0.03,0.0,GREEDY_HV,"['SPC_MBFLIP', 'SPC_MPOLY', 'SBX_MPOLY', 'TPC_NONE', 'TPC_NONE', 'SPC_MPOLY', 'SPC_NONE', 'TPC_NONE', 'TPC_NONE', 'UC_MPOLY', 'SPC_MNUF', 'TPC_NONE', 'SPC_MPOLY', 'TPC_MPOLY', 'SPC_NONE', 'SBX_MNUF', 'UC_MPOLY', 'TPC_NONE', 'TPC_NONE', 'UC_NONE', 'UC_NONE', 'SBX_MPOLY', 'UC_NONE', 'UC_NONE', 'SBX_NONE', 'UC_NONE', 'SPC_NONE', 'TPC_NONE', 'TPC_NONE']","{'SPC_MPOLY': 3, 'SBX_MPOLY': 2, 'TPC_NONE': 9, 'SPC_NONE': 3, 'UC_MPOLY': 2, 'SPC_MNUF': 1, 'TPC_MPOLY': 1, 'SBX_MNUF': 1, 'UC_NONE': 5, 'SBX_NONE': 1}"
25,29,UC,NONE,0.6830266369194835,0.036696898338393,506333114.88,311527905.16833776,1883161.76,1370055.1583641083,0.737888402985421,2.276877252094245e-05,0.01,0.0,GREEDY_HV,"['SPC_MBFLIP', 'SPC_MPOLY', 'SBX_MPOLY', 'TPC_NONE', 'TPC_NONE', 'SPC_MPOLY', 'SPC_NONE', 'TPC_NONE', 'TPC_NONE', 'UC_MPOLY', 'SPC_MNUF', 'TPC_NONE', 'SPC_MPOLY', 'TPC_MPOLY', 'SPC_NONE', 'SBX_MNUF', 'UC_MPOLY', 'TPC_NONE', 'TPC_NONE', 'UC_NONE', 'UC_NONE', 'SBX_MPOLY', 'UC_NONE', 'UC_NONE', 'SBX_NONE', 'UC_NONE', 'SPC_NONE', 'TPC_NONE', 'TPC_NONE', 'UC_NONE']","{'SPC_MPOLY': 3, 'SBX_MPOLY': 2, 'TPC_NONE': 9, 'SPC_NONE': 3, 'UC_MPOLY': 2, 'SPC_MNUF': 1, 'TPC_MPOLY': 1, 'SBX_MNUF': 1, 'UC_NONE': 6, 'SBX_NONE': 1}"
25,30,TPC,NONE,0.683627929033937,0.0354949499249608,494598755.84,299534136.2962812,1830700.96,1274905.3459655575,0.7378622337302245,-2.6169255196495375e-05,0.0,0.0,GREEDY_HV,"['SPC_MBFLIP', 'SPC_MPOLY', 'SBX_MPOLY', 'TPC_NONE', 'TPC_NONE', 'SPC_MPOLY', 'SPC_NONE', 'TPC_NONE', 'TPC_NONE', 'UC_MPOLY', 'SPC_MNUF', 'TPC_NONE', 'SPC_MPOLY', 'TPC_MPOLY', 'SPC_NONE', 'SBX_MNUF', 'UC_MPOLY', 'TPC_NONE', 'TPC_NONE', 'UC_NONE', 'UC_NONE', 'SBX_MPOLY', 'UC_NONE', 'UC_NONE', 'SBX_NONE', 'UC_NONE', 'SPC_NONE', 'TPC_NONE', 'TPC_NONE', 'UC_NONE', 'TPC_NONE']","{'SPC_MPOLY': 3, 'SBX_MPOLY': 2, 'TPC_NONE': 10, 'SPC_NONE': 3, 'UC_MPOLY': 2, 'SPC_MNUF': 1, 'TPC_MPOLY': 1, 'SBX_MNUF': 1, 'UC_NONE': 6, 'SBX_NONE': 1}"
25,31,UC,NONE,0.6813399864414693,0.0366077442440506,479925706.24,313601027.8684234,1790438.56,1367800.4810250383,0.7378453738303952,-1.685989982935787e-05,0.02,0.0,GREEDY_HV,"['SPC_MBFLIP', 'SPC_MPOLY', 'SBX_MPOLY', 'TPC_NONE', 'TPC_NONE', 'SPC_MPOLY', 'SPC_NONE', 'TPC_NONE', 'TPC_NONE', 'UC_MPOLY', 'SPC_MNUF', 'TPC_NONE', 'SPC_MPOLY', 'TPC_MPOLY', 'SPC_NONE', 'SBX_MNUF', 'UC_MPOLY', 'TPC_NONE', 'TPC_NONE', 'UC_NONE', 'UC_NONE', 'SBX_MPOLY', 'UC_NONE', 'UC_NONE', 'SBX_NONE', 'UC_NONE', 'SPC_NONE', 'TPC_NONE', 'TPC_NONE', 'UC_NONE', 'TPC_NONE', 'UC_NONE']","{'SPC_MPOLY': 3, 'SBX_MPOLY': 2, 'TPC_NONE': 10, 'SPC_NONE': 3, 'UC_MPOLY': 2, 'SPC_MNUF': 1, 'TPC_MPOLY': 1, 'SBX_MNUF': 1, 'UC_NONE': 7, 'SBX_NONE': 1}"
25,32,SPC,NONE,0.6824141565881628,0.036670365063988,493827340.8,314378354.0953673,1815649.44,1321578.2681462064,0.7378723370464816,2.6963216086417496e-05,0.01,0.0,GREEDY_HV,"['SPC_MBFLIP', 'SPC_MPOLY', 'SBX_MPOLY', 'TPC_NONE', 'TPC_NONE', 'SPC_MPOLY', 'SPC_NONE', 'TPC_NONE', 'TPC_NONE', 'UC_MPOLY', 'SPC_MNUF', 'TPC_NONE', 'SPC_MPOLY', 'TPC_MPOLY', 'SPC_NONE', 'SBX_MNUF', 'UC_MPOLY', 'TPC_NONE', 'TPC_NONE', 'UC_NONE', 'UC_NONE', 'SBX_MPOLY', 'UC_NONE', 'UC_NONE', 'SBX_NONE', 'UC_NONE', 'SPC_NONE', 'TPC_NONE', 'TPC_NONE', 'UC_NONE', 'TPC_NONE', 'UC_NONE', 'SPC_NONE']","{'SPC_MPOLY': 3, 'SBX_MPOLY': 2, 'TPC_NONE': 10, 'SPC_NONE': 4, 'UC_MPOLY': 2, 'SPC_MNUF': 1, 'TPC_MPOLY': 1, 'SBX_MNUF': 1, 'UC_NONE': 7, 'SBX_NONE': 1}"
25,33,SPC,NONE,0.683452321383104,0.0360822746071392,506211151.36,316437512.63192266,1840059.04,1320463.2752127713,0.7378709259380087,-1.4111084728485324e-06,0.01,0.0,GREEDY_HV,"['SPC_MBFLIP', 'SPC_MPOLY', 'SBX_MPOLY', 'TPC_NONE', 'TPC_NONE', 'SPC_MPOLY', 'SPC_NONE', 'TPC_NONE', 'TPC_NONE', 'UC_MPOLY', 'SPC_MNUF', 'TPC_NONE', 'SPC_MPOLY', 'TPC_MPOLY', 'SPC_NONE', 'SBX_MNUF', 'UC_MPOLY', 'TPC_NONE', 'TPC_NONE', 'UC_NONE', 'UC_NONE', 'SBX_MPOLY', 'UC_NONE', 'UC_NONE', 'SBX_NONE', 'UC_NONE', 'SPC_NONE', 'TPC_NONE', 'TPC_NONE', 'UC_NONE', 'TPC_NONE', 'UC_NONE', 'SPC_NONE', 'SPC_NONE']","{'SPC_MPOLY': 3, 'SBX_MPOLY': 2, 'TPC_NONE': 10, 'SPC_NONE': 5, 'UC_MPOLY': 2, 'SPC_MNUF': 1, 'TPC_MPOLY': 1, 'SBX_MNUF': 1, 'UC_NONE': 7, 'SBX_NONE': 1}"
25,34,TPC,NONE,0.6827902119168893,0.0364375368910302,509552560.64,320345860.88907224,1786735.52,1264083.8441662043,0.737884761064613,1.3835126604244684e-05,0.0,0.0,GREEDY_HV,"['SPC_MBFLIP', 'SPC_MPOLY', 'SBX_MPOLY', 'TPC_NONE', 'TPC_NONE', 'SPC_MPOLY', 'SPC_NONE', 'TPC_NONE', 'TPC_NONE', 'UC_MPOLY', 'SPC_MNUF', 'TPC_NONE', 'SPC_MPOLY', 'TPC_MPOLY', 'SPC_NONE', 'SBX_MNUF', 'UC_MPOLY', 'TPC_NONE', 'TPC_NONE', 'UC_NONE', 'UC_NONE', 'SBX_MPOLY', 'UC_NONE', 'UC_NONE', 'SBX_NONE', 'UC_NONE', 'SPC_NONE', 'TPC_NONE', 'TPC_NONE', 'UC_NONE', 'TPC_NONE', 'UC_NONE', 'SPC_NONE', 'SPC_NONE', 'TPC_NONE']","{'SPC_MPOLY': 3, 'SBX_MPOLY': 2, 'TPC_NONE': 11, 'SPC_NONE': 5, 'UC_MPOLY': 2, 'SPC_MNUF': 1, 'TPC_MPOLY': 1, 'SBX_MNUF': 1, 'UC_NONE': 7, 'SBX_NONE': 1}"
25,35,UC,NONE,0.6840280784305898,0.0364351568275172,518392435.2,315754681.2674388,1866158.24,1268698.0586003992,0.7378434537024681,-4.13073621449156e-05,0.0,0.0,GREEDY_HV,"['SPC_MBFLIP', 'SPC_MPOLY', 'SBX_MPOLY', 'TPC_NONE', 'TPC_NONE', 'SPC_MPOLY', 'SPC_NONE', 'TPC_NONE', 'TPC_NONE', 'UC_MPOLY', 'SPC_MNUF', 'TPC_NONE', 'SPC_MPOLY', 'TPC_MPOLY', 'SPC_NONE', 'SBX_MNUF', 'UC_MPOLY', 'TPC_NONE', 'TPC_NONE', 'UC_NONE', 'UC_NONE', 'SBX_MPOLY', 'UC_NONE', 'UC_NONE', 'SBX_NONE', 'UC_NONE', 'SPC_NONE', 'TPC_NONE', 'TPC_NONE', 'UC_NONE', 'TPC_NONE', 'UC_NONE', 'SPC_NONE', 'SPC_NONE', 'TPC_NONE', 'UC_NONE']","{'SPC_MPOLY': 3, 'SBX_MPOLY': 2, 'TPC_NONE': 11, 'SPC_NONE': 5, 'UC_MPOLY': 2, 'SPC_MNUF': 1, 'TPC_MPOLY': 1, 'SBX_MNUF': 1, 'UC_NONE': 8, 'SBX_NONE': 1}"
25,36,SPC,NONE,0.6831247634019648,0.0362648379492474,504457832.96,315311631.5190154,1829506.72,1261278.8153777106,0.7378455212371869,2.067534718874775e-06,0.0,0.0,GREEDY_HV,"['SPC_MBFLIP', 'SPC_MPOLY', 'SBX_MPOLY', 'TPC_NONE', 'TPC_NONE', 'SPC_MPOLY', 'SPC_NONE', 'TPC_NONE', 'TPC_NONE', 'UC_MPOLY', 'SPC_MNUF', 'TPC_NONE', 'SPC_MPOLY', 'TPC_MPOLY', 'SPC_NONE', 'SBX_MNUF', 'UC_MPOLY', 'TPC_NONE', 'TPC_NONE', 'UC_NONE', 'UC_NONE', 'SBX_MPOLY', 'UC_NONE', 'UC_NONE', 'SBX_NONE', 'UC_NONE', 'SPC_NONE', 'TPC_NONE', 'TPC_NONE', 'UC_NONE', 'TPC_NONE', 'UC_NONE', 'SPC_NONE', 'SPC_NONE', 'TPC_NONE', 'UC_NONE', 'SPC_NONE']","{'SPC_MPOLY': 3, 'SBX_MPOLY': 2, 'TPC_NONE': 11, 'SPC_NONE': 6, 'UC_MPOLY': 2, 'SPC_MNUF': 1, 'TPC_MPOLY': 1, 'SBX_MNUF': 1, 'UC_NONE': 8, 'SBX_NONE': 1}"
25,37,SPC,NONE,0.6831650709950007,0.0363678678951298,499334167.04,307931901.98700154,1853405.6,1366809.983270535,0.7378883302201067,4.280898291975088e-05,0.0,0.0,GREEDY_HV,"['SPC_MBFLIP', 'SPC_MPOLY', 'SBX_MPOLY', 'TPC_NONE', 'TPC_NONE', 'SPC_MPOLY', 'SPC_NONE', 'TPC_NONE', 'TPC_NONE', 'UC_MPOLY', 'SPC_MNUF', 'TPC_NONE', 'SPC_MPOLY', 'TPC_MPOLY', 'SPC_NONE', 'SBX_MNUF', 'UC_MPOLY', 'TPC_NONE', 'TPC_NONE', 'UC_NONE', 'UC_NONE', 'SBX_MPOLY', 'UC_NONE', 'UC_NONE', 'SBX_NONE', 'UC_NONE', 'SPC_NONE', 'TPC_NONE', 'TPC_NONE', 'UC_NONE', 'TPC_NONE', 'UC_NONE', 'SPC_NONE', 'SPC_NONE', 'TPC_NONE', 'UC_NONE', 'SPC_NONE', 'SPC_NONE']","{'SPC_MPOLY': 3, 'SBX_MPOLY': 2, 'TPC_NONE': 11, 'SPC_NONE': 7, 'UC_MPOLY': 2, 'SPC_MNUF': 1, 'TPC_MPOLY': 1, 'SBX_MNUF': 1, 'UC_NONE': 8, 'SBX_NONE': 1}"
25,38,SPC,NONE,0.6835385564574663,0.03606248173451,510454412.8,313885819.45765024,1803177.12,1295813.1488708488,0.7378994088203157,1.1078600208991318e-05,0.01,0.0,GREEDY_HV,"['SPC_MBFLIP', 'SPC_MPOLY', 'SBX_MPOLY', 'TPC_NONE', 'TPC_NONE', 'SPC_MPOLY', 'SPC_NONE', 'TPC_NONE', 'TPC_NONE', 'UC_MPOLY', 'SPC_MNUF', 'TPC_NONE', 'SPC_MPOLY', 'TPC_MPOLY', 'SPC_NONE', 'SBX_MNUF', 'UC_MPOLY', 'TPC_NONE', 'TPC_NONE', 'UC_NONE', 'UC_NONE', 'SBX_MPOLY', 'UC_NONE', 'UC_NONE', 'SBX_NONE', 'UC_NONE', 'SPC_NONE', 'TPC_NONE', 'TPC_NONE', 'UC_NONE', 'TPC_NONE', 'UC_NONE', 'SPC_NONE', 'SPC_NONE', 'TPC_NONE', 'UC_NONE', 'SPC_NONE', 'SPC_NONE', 'SPC_NONE']","{'SPC_MPOLY': 3, 'SBX_MPOLY': 2, 'TPC_NONE': 11, 'SPC_NONE': 8, 'UC_MPOLY': 2, 'SPC_MNUF': 1, 'TPC_MPOLY': 1, 'SBX_MNUF': 1, 'UC_NONE': 8, 'SBX_NONE': 1}"
25,39,SPC,NONE,0.6833629517598642,0.0362262222781239,495517012.48,305249998.6595539,1843649.44,1323966.4567665777,0.7379374942781257,3.808545781003314e-05,0.0,0.0,GREEDY_HV,"['SPC_MBFLIP', 'SPC_MPOLY', 'SBX_MPOLY', 'TPC_NONE', 'TPC_NONE', 'SPC_MPOLY', 'SPC_NONE', 'TPC_NONE', 'TPC_NONE', 'UC_MPOLY', 'SPC_MNUF', 'TPC_NONE', 'SPC_MPOLY', 'TPC_MPOLY', 'SPC_NONE', 'SBX_MNUF', 'UC_MPOLY', 'TPC_NONE', 'TPC_NONE', 'UC_NONE', 'UC_NONE', 'SBX_MPOLY', 'UC_NONE', 'UC_NONE', 'SBX_NONE', 'UC_NONE', 'SPC_NONE', 'TPC_NONE', 'TPC_NONE', 'UC_NONE', 'TPC_NONE', 'UC_NONE', 'SPC_NONE', 'SPC_NONE', 'TPC_NONE', 'UC_NONE', 'SPC_NONE', 'SPC_NONE', 'SPC_NONE', 'SPC_NONE']","{'SPC_MPOLY': 3, 'SBX_MPOLY': 2, 'TPC_NONE': 11, 'SPC_NONE': 9, 'UC_MPOLY': 2, 'SPC_MNUF': 1, 'TPC_MPOLY': 1, 'SBX_MNUF': 1, 'UC_NONE': 8, 'SBX_NONE': 1}"
25,40,TPC,NONE,0.6826935723073995,0.0362229804239569,496288299.52,314520539.4125525,1808133.28,1303996.360412452,0.737937896822329,4.025442033039895e-07,0.0,0.0,GREEDY_HV,"['SPC_MBFLIP', 'SPC_MPOLY', 'SBX_MPOLY', 'TPC_NONE', 'TPC_NONE', 'SPC_MPOLY', 'SPC_NONE', 'TPC_NONE', 'TPC_NONE', 'UC_MPOLY', 'SPC_MNUF', 'TPC_NONE', 'SPC_MPOLY', 'TPC_MPOLY', 'SPC_NONE', 'SBX_MNUF', 'UC_MPOLY', 'TPC_NONE', 'TPC_NONE', 'UC_NONE', 'UC_NONE', 'SBX_MPOLY', 'UC_NONE', 'UC_NONE', 'SBX_NONE', 'UC_NONE', 'SPC_NONE', 'TPC_NONE', 'TPC_NONE', 'UC_NONE', 'TPC_NONE', 'UC_NONE', 'SPC_NONE', 'SPC_NONE', 'TPC_NONE', 'UC_NONE', 'SPC_NONE', 'SPC_NONE', 'SPC_NONE', 'SPC_NONE', 'TPC_NONE']","{'SPC_MPOLY': 3, 'SBX_MPOLY': 2, 'TPC_NONE': 12, 'SPC_NONE': 9, 'UC_MPOLY': 2, 'SPC_MNUF': 1, 'TPC_MPOLY': 1, 'SBX_MNUF': 1, 'UC_NONE': 8, 'SBX_NONE': 1}"
25,41,UC,NONE,0.6820890257113359,0.0358361661319276,483521886.72,311652261.4999212,1775777.44,1286647.24536361,0.7378797673972908,-5.81294250382447e-05,0.0,0.0,GREEDY_HV,"['SPC_MBFLIP', 'SPC_MPOLY', 'SBX_MPOLY', 'TPC_NONE', 'TPC_NONE', 'SPC_MPOLY', 'SPC_NONE', 'TPC_NONE', 'TPC_NONE', 'UC_MPOLY', 'SPC_MNUF', 'TPC_NONE', 'SPC_MPOLY', 'TPC_MPOLY', 'SPC_NONE', 'SBX_MNUF', 'UC_MPOLY', 'TPC_NONE', 'TPC_NONE', 'UC_NONE', 'UC_NONE', 'SBX_MPOLY', 'UC_NONE', 'UC_NONE', 'SBX_NONE', 'UC_NONE', 'SPC_NONE', 'TPC_NONE', 'TPC_NONE', 'UC_NONE', 'TPC_NONE', 'UC_NONE', 'SPC_NONE', 'SPC_NONE', 'TPC_NONE', 'UC_NONE', 'SPC_NONE', 'SPC_NONE', 'SPC_NONE', 'SPC_NONE', 'TPC_NONE', 'UC_NONE']","{'SPC_MPOLY': 3, 'SBX_MPOLY': 2, 'TPC_NONE': 12, 'SPC_NONE': 9, 'UC_MPOLY': 2, 'SPC_MNUF': 1, 'TPC_MPOLY': 1, 'SBX_MNUF': 1, 'UC_NONE': 9, 'SBX_NONE': 1}"
25,42,SPC,NONE,0.6818868257703385,0.03623211203141,478447628.8,310719910.20175743,1774561.44,1310254.6572050515,0.7378793896569024,-3.777403884130948e-07,0.0,0.0,GREEDY_HV,"['SPC_MBFLIP', 'SPC_MPOLY', 'SBX_MPOLY', 'TPC_NONE', 'TPC_NONE', 'SPC_MPOLY', 'SPC_NONE', 'TPC_NONE', 'TPC_NONE', 'UC_MPOLY', 'SPC_MNUF', 'TPC_NONE', 'SPC_MPOLY', 'TPC_MPOLY', 'SPC_NONE', 'SBX_MNUF', 'UC_MPOLY', 'TPC_NONE', 'TPC_NONE', 'UC_NONE', 'UC_NONE', 'SBX_MPOLY', 'UC_NONE', 'UC_NONE', 'SBX_NONE', 'UC_NONE', 'SPC_NONE', 'TPC_NONE', 'TPC_NONE', 'UC_NONE', 'TPC_NONE', 'UC_NONE', 'SPC_NONE', 'SPC_NONE', 'TPC_NONE', 'UC_NONE', 'SPC_NONE', 'SPC_NONE', 'SPC_NONE', 'SPC_NONE', 'TPC_NONE', 'UC_NONE', 'SPC_NONE']","{'SPC_MPOLY': 3, 'SBX_MPOLY': 2, 'TPC_NONE': 12, 'SPC_NONE': 10, 'UC_MPOLY': 2, 'SPC_MNUF': 1, 'TPC_MPOLY': 1, 'SBX_MNUF': 1, 'UC_NONE': 9, 'SBX_NONE': 1}"
25,43,SPC,NONE,0.6844861778878878,0.0358375143122665,509518097.92,314533071.6350207,1858501.28,1286884.455467468,0.7378821155552708,2.725898368471924e-06,0.01,0.0,GREEDY_HV,"['SPC_MBFLIP', 'SPC_MPOLY', 'SBX_MPOLY', 'TPC_NONE', 'TPC_NONE', 'SPC_MPOLY', 'SPC_NONE', 'TPC_NONE', 'TPC_NONE', 'UC_MPOLY', 'SPC_MNUF', 'TPC_NONE', 'SPC_MPOLY', 'TPC_MPOLY', 'SPC_NONE', 'SBX_MNUF', 'UC_MPOLY', 'TPC_NONE', 'TPC_NONE', 'UC_NONE', 'UC_NONE', 'SBX_MPOLY', 'UC_NONE', 'UC_NONE', 'SBX_NONE', 'UC_NONE', 'SPC_NONE', 'TPC_NONE', 'TPC_NONE', 'UC_NONE', 'TPC_NONE', 'UC_NONE', 'SPC_NONE', 'SPC_NONE', 'TPC_NONE', 'UC_NONE', 'SPC_NONE', 'SPC_NONE', 'SPC_NONE', 'SPC_NONE', 'TPC_NONE', 'UC_NONE', 'SPC_NONE', 'SPC_NONE']","{'SPC_MPOLY': 3, 'SBX_MPOLY': 2, 'TPC_NONE': 12, 'SPC_NONE': 11, 'UC_MPOLY': 2, 'SPC_MNUF': 1, 'TPC_MPOLY': 1, 'SBX_MNUF': 1, 'UC_NONE': 9, 'SBX_NONE': 1}"
25,44,SPC,NONE,0.6847101650066547,0.0365504908624554,516312885.76,315712240.178077,1928139.68,1320430.5169770871,0.7378352390306407,-4.687652463009062e-05,0.01,0.0,GREEDY_HV,"['SPC_MBFLIP', 'SPC_MPOLY', 'SBX_MPOLY', 'TPC_NONE', 'TPC_NONE', 'SPC_MPOLY', 'SPC_NONE', 'TPC_NONE', 'TPC_NONE', 'UC_MPOLY', 'SPC_MNUF', 'TPC_NONE', 'SPC_MPOLY', 'TPC_MPOLY', 'SPC_NONE', 'SBX_MNUF', 'UC_MPOLY', 'TPC_NONE', 'TPC_NONE', 'UC_NONE', 'UC_NONE', 'SBX_MPOLY', 'UC_NONE', 'UC_NONE', 'SBX_NONE', 'UC_NONE', 'SPC_NONE', 'TPC_NONE', 'TPC_NONE', 'UC_NONE', 'TPC_NONE', 'UC_NONE', 'SPC_NONE', 'SPC_NONE', 'TPC_NONE', 'UC_NONE', 'SPC_NONE', 'SPC_NONE', 'SPC_NONE', 'SPC_NONE', 'TPC_NONE', 'UC_NONE', 'SPC_NONE', 'SPC_NONE', 'SPC_NONE']","{'SPC_MPOLY': 3, 'SBX_MPOLY': 2, 'TPC_NONE': 12, 'SPC_NONE': 12, 'UC_MPOLY': 2, 'SPC_MNUF': 1, 'TPC_MPOLY': 1, 'SBX_MNUF': 1, 'UC_NONE': 9, 'SBX_NONE': 1}"
25,45,TPC,NONE,0.6854904117268316,0.0364360630704194,522734051.84,310701428.949222,1982997.92,1349440.9618839915,0.7378560419913844,2.0802960743693252e-05,0.0,0.0,GREEDY_HV,"['SPC_MBFLIP', 'SPC_MPOLY', 'SBX_MPOLY', 'TPC_NONE', 'TPC_NONE', 'SPC_MPOLY', 'SPC_NONE', 'TPC_NONE', 'TPC_NONE', 'UC_MPOLY', 'SPC_MNUF', 'TPC_NONE', 'SPC_MPOLY', 'TPC_MPOLY', 'SPC_NONE', 'SBX_MNUF', 'UC_MPOLY', 'TPC_NONE', 'TPC_NONE', 'UC_NONE', 'UC_NONE', 'SBX_MPOLY', 'UC_NONE', 'UC_NONE', 'SBX_NONE', 'UC_NONE', 'SPC_NONE', 'TPC_NONE', 'TPC_NONE', 'UC_NONE', 'TPC_NONE', 'UC_NONE', 'SPC_NONE', 'SPC_NONE', 'TPC_NONE', 'UC_NONE', 'SPC_NONE', 'SPC_NONE', 'SPC_NONE', 'SPC_NONE', 'TPC_NONE', 'UC_NONE', 'SPC_NONE', 'SPC_NONE', 'SPC_NONE', 'TPC_NONE']","{'SPC_MPOLY': 3, 'SBX_MPOLY': 2, 'TPC_NONE': 13, 'SPC_NONE': 12, 'UC_MPOLY': 2, 'SPC_MNUF': 1, 'TPC_MPOLY': 1, 'SBX_MNUF': 1, 'UC_NONE': 9, 'SBX_NONE': 1}"
25,46,UC,NONE,0.6838561245873879,0.0367092342759918,511596715.52,319335046.9226009,1922903.2,1371593.6654561218,0.7378118850541509,-4.4156937233585936e-05,0.02,0.0,GREEDY_HV,"['SPC_MBFLIP', 'SPC_MPOLY', 'SBX_MPOLY', 'TPC_NONE', 'TPC_NONE', 'SPC_MPOLY', 'SPC_NONE', 'TPC_NONE', 'TPC_NONE', 'UC_MPOLY', 'SPC_MNUF', 'TPC_NONE', 'SPC_MPOLY', 'TPC_MPOLY', 'SPC_NONE', 'SBX_MNUF', 'UC_MPOLY', 'TPC_NONE', 'TPC_NONE', 'UC_NONE', 'UC_NONE', 'SBX_MPOLY', 'UC_NONE', 'UC_NONE', 'SBX_NONE', 'UC_NONE', 'SPC_NONE', 'TPC_NONE', 'TPC_NONE', 'UC_NONE', 'TPC_NONE', 'UC_NONE', 'SPC_NONE', 'SPC_NONE', 'TPC_NONE', 'UC_NONE', 'SPC_NONE', 'SPC_NONE', 'SPC_NONE', 'SPC_NONE', 'TPC_NONE', 'UC_NONE', 'SPC_NONE', 'SPC_NONE', 'SPC_NONE', 'TPC_NONE', 'UC_NONE']","{'SPC_MPOLY': 3, 'SBX_MPOLY': 2, 'TPC_NONE': 13, 'SPC_NONE': 12, 'UC_MPOLY': 2, 'SPC_MNUF': 1, 'TPC_MPOLY': 1, 'SBX_MNUF': 1, 'UC_NONE': 10, 'SBX_NONE': 1}"
25,47,SPC,NONE,0.6832957784740552,0.0365249045525218,494014809.6,309596598.5521854,1852462.24,1340518.989923329,0.7378693630706558,5.747801650490825e-05,0.01,0.0,GREEDY_HV,"['SPC_MBFLIP', 'SPC_MPOLY', 'SBX_MPOLY', 'TPC_NONE', 'TPC_NONE', 'SPC_MPOLY', 'SPC_NONE', 'TPC_NONE', 'TPC_NONE', 'UC_MPOLY', 'SPC_MNUF', 'TPC_NONE', 'SPC_MPOLY', 'TPC_MPOLY', 'SPC_NONE', 'SBX_MNUF', 'UC_MPOLY', 'TPC_NONE', 'TPC_NONE', 'UC_NONE', 'UC_NONE', 'SBX_MPOLY', 'UC_NONE', 'UC_NONE', 'SBX_NONE', 'UC_NONE', 'SPC_NONE', 'TPC_NONE', 'TPC_NONE', 'UC_NONE', 'TPC_NONE', 'UC_NONE', 'SPC_NONE', 'SPC_NONE', 'TPC_NONE', 'UC_NONE', 'SPC_NONE', 'SPC_NONE', 'SPC_NONE', 'SPC_NONE', 'TPC_NONE', 'UC_NONE', 'SPC_NONE', 'SPC_NONE', 'SPC_NONE', 'TPC_NONE', 'UC_NONE', 'SPC_NONE']","{'SPC_MPOLY': 3, 'SBX_MPOLY': 2, 'TPC_NONE': 13, 'SPC_NONE': 13, 'UC_MPOLY': 2, 'SPC_MNUF': 1, 'TPC_MPOLY': 1, 'SBX_MNUF': 1, 'UC_NONE': 10, 'SBX_NONE': 1}"
25,48,UC,MPOLY,0.682399665047227,0.0363373486561934,479900664.32,305573990.72070163,1811750.56,1348235.8472065064,0.7378685128236095,-8.502470462135037e-07,0.0,0.0,GREEDY_HV,"['SPC_MBFLIP', 'SPC_MPOLY', 'SBX_MPOLY', 'TPC_NONE', 'TPC_NONE', 'SPC_MPOLY', 'SPC_NONE', 'TPC_NONE', 'TPC_NONE', 'UC_MPOLY', 'SPC_MNUF', 'TPC_NONE', 'SPC_MPOLY', 'TPC_MPOLY', 'SPC_NONE', 'SBX_MNUF', 'UC_MPOLY', 'TPC_NONE', 'TPC_NONE', 'UC_NONE', 'UC_NONE', 'SBX_MPOLY', 'UC_NONE', 'UC_NONE', 'SBX_NONE', 'UC_NONE', 'SPC_NONE', 'TPC_NONE', 'TPC_NONE', 'UC_NONE', 'TPC_NONE', 'UC_NONE', 'SPC_NONE', 'SPC_NONE', 'TPC_NONE', 'UC_NONE', 'SPC_NONE', 'SPC_NONE', 'SPC_NONE', 'SPC_NONE', 'TPC_NONE', 'UC_NONE', 'SPC_NONE', 'SPC_NONE', 'SPC_NONE', 'TPC_NONE', 'UC_NONE', 'SPC_NONE', 'UC_MPOLY']","{'SPC_MPOLY': 3, 'SBX_MPOLY': 2, 'TPC_NONE': 13, 'SPC_NONE': 13, 'UC_MPOLY': 3, 'SPC_MNUF': 1, 'TPC_MPOLY': 1, 'SBX_MNUF': 1, 'UC_NONE': 10, 'SBX_NONE': 1}"
25,49,TPC,NONE,0.6839142335225041,0.0365833967037129,494436090.88,304222986.67273253,1897418.4,1371004.9441175917,0.7379036214327419,3.510860913236158e-05,0.0,0.0,GREEDY_HV,"['SPC_MBFLIP', 'SPC_MPOLY', 'SBX_MPOLY', 'TPC_NONE', 'TPC_NONE', 'SPC_MPOLY', 'SPC_NONE', 'TPC_NONE', 'TPC_NONE', 'UC_MPOLY', 'SPC_MNUF', 'TPC_NONE', 'SPC_MPOLY', 'TPC_MPOLY', 'SPC_NONE', 'SBX_MNUF', 'UC_MPOLY', 'TPC_NONE', 'TPC_NONE', 'UC_NONE', 'UC_NONE', 'SBX_MPOLY', 'UC_NONE', 'UC_NONE', 'SBX_NONE', 'UC_NONE', 'SPC_NONE', 'TPC_NONE', 'TPC_NONE', 'UC_NONE', 'TPC_NONE', 'UC_NONE', 'SPC_NONE', 'SPC_NONE', 'TPC_NONE', 'UC_NONE', 'SPC_NONE', 'SPC_NONE', 'SPC_NONE', 'SPC_NONE', 'TPC_NONE', 'UC_NONE', 'SPC_NONE', 'SPC_NONE', 'SPC_NONE', 'TPC_NONE', 'UC_NONE', 'SPC_NONE', 'UC_MPOLY', 'TPC_NONE']","{'SPC_MPOLY': 3, 'SBX_MPOLY': 2, 'TPC_NONE': 14, 'SPC_NONE': 13, 'UC_MPOLY': 3, 'SPC_MNUF': 1, 'TPC_MPOLY': 1, 'SBX_MNUF': 1, 'UC_NONE': 10, 'SBX_NONE': 1}"
25,50,SPC,NONE,0.6827400631278528,0.0364225751859398,477945579.52,300071603.0031833,1799498.4,1339640.7421014935,0.7379225091675338,1.888773479186145e-05,0.0,0.0,GREEDY_HV,"['SPC_MBFLIP', 'SPC_MPOLY', 'SBX_MPOLY', 'TPC_NONE', 'TPC_NONE', 'SPC_MPOLY', 'SPC_NONE', 'TPC_NONE', 'TPC_NONE', 'UC_MPOLY', 'SPC_MNUF', 'TPC_NONE', 'SPC_MPOLY', 'TPC_MPOLY', 'SPC_NONE', 'SBX_MNUF', 'UC_MPOLY', 'TPC_NONE', 'TPC_NONE', 'UC_NONE', 'UC_NONE', 'SBX_MPOLY', 'UC_NONE', 'UC_NONE', 'SBX_NONE', 'UC_NONE', 'SPC_NONE', 'TPC_NONE', 'TPC_NONE', 'UC_NONE', 'TPC_NONE', 'UC_NONE', 'SPC_NONE', 'SPC_NONE', 'TPC_NONE', 'UC_NONE', 'SPC_NONE', 'SPC_NONE', 'SPC_NONE', 'SPC_NONE', 'TPC_NONE', 'UC_NONE', 'SPC_NONE', 'SPC_NONE', 'SPC_NONE', 'TPC_NONE', 'UC_NONE', 'SPC_NONE', 'UC_MPOLY', 'TPC_NONE', 'SPC_NONE']","{'SPC_MPOLY': 3, 'SBX_MPOLY': 2, 'TPC_NONE': 14, 'SPC_NONE': 14, 'UC_MPOLY': 3, 'SPC_MNUF': 1, 'TPC_MPOLY': 1, 'SBX_MNUF': 1, 'UC_NONE': 10, 'SBX_NONE': 1}"
25,51,TPC,MPOLY,0.6827796750713031,0.0373769342059716,488097273.6,299569569.16919,1803769.76,1314771.6123417106,0.7379579097176242,3.540055009043641e-05,0.0,0.0,GREEDY_HV,"['SPC_MBFLIP', 'SPC_MPOLY', 'SBX_MPOLY', 'TPC_NONE', 'TPC_NONE', 'SPC_MPOLY', 'SPC_NONE', 'TPC_NONE', 'TPC_NONE', 'UC_MPOLY', 'SPC_MNUF', 'TPC_NONE', 'SPC_MPOLY', 'TPC_MPOLY', 'SPC_NONE', 'SBX_MNUF', 'UC_MPOLY', 'TPC_NONE', 'TPC_NONE', 'UC_NONE', 'UC_NONE', 'SBX_MPOLY', 'UC_NONE', 'UC_NONE', 'SBX_NONE', 'UC_NONE', 'SPC_NONE', 'TPC_NONE', 'TPC_NONE', 'UC_NONE', 'TPC_NONE', 'UC_NONE', 'SPC_NONE', 'SPC_NONE', 'TPC_NONE', 'UC_NONE', 'SPC_NONE', 'SPC_NONE', 'SPC_NONE', 'SPC_NONE', 'TPC_NONE', 'UC_NONE', 'SPC_NONE', 'SPC_NONE', 'SPC_NONE', 'TPC_NONE', 'UC_NONE', 'SPC_NONE', 'UC_MPOLY', 'TPC_NONE', 'SPC_NONE', 'TPC_MPOLY']","{'SPC_MPOLY': 3, 'SBX_MPOLY': 2, 'TPC_NONE': 14, 'SPC_NONE': 14, 'UC_MPOLY': 3, 'SPC_MNUF': 1, 'TPC_MPOLY': 2, 'SBX_MNUF': 1, 'UC_NONE': 10, 'SBX_NONE': 1}"
25,52,TPC,NONE,0.6801147499120862,0.0388322482857278,477547947.52,310330075.7082098,1774379.68,1386455.5375862503,0.7380022307057499,4.432098812567897e-05,0.0,0.0,GREEDY_HV,"['SPC_MBFLIP', 'SPC_MPOLY', 'SBX_MPOLY', 'TPC_NONE', 'TPC_NONE', 'SPC_MPOLY', 'SPC_NONE', 'TPC_NONE', 'TPC_NONE', 'UC_MPOLY', 'SPC_MNUF', 'TPC_NONE', 'SPC_MPOLY', 'TPC_MPOLY', 'SPC_NONE', 'SBX_MNUF', 'UC_MPOLY', 'TPC_NONE', 'TPC_NONE', 'UC_NONE', 'UC_NONE', 'SBX_MPOLY', 'UC_NONE', 'UC_NONE', 'SBX_NONE', 'UC_NONE', 'SPC_NONE', 'TPC_NONE', 'TPC_NONE', 'UC_NONE', 'TPC_NONE', 'UC_NONE', 'SPC_NONE', 'SPC_NONE', 'TPC_NONE', 'UC_NONE', 'SPC_NONE', 'SPC_NONE', 'SPC_NONE', 'SPC_NONE', 'TPC_NONE', 'UC_NONE', 'SPC_NONE', 'SPC_NONE', 'SPC_NONE', 'TPC_NONE', 'UC_NONE', 'SPC_NONE', 'UC_MPOLY', 'TPC_NONE', 'SPC_NONE', 'TPC_MPOLY', 'TPC_NONE']","{'SPC_MPOLY': 3, 'SBX_MPOLY': 2, 'TPC_NONE': 15, 'SPC_NONE': 14, 'UC_MPOLY': 3, 'SPC_MNUF': 1, 'TPC_MPOLY': 2, 'SBX_MNUF': 1, 'UC_NONE': 10, 'SBX_NONE': 1}"
25,53,UC,NONE,0.679456842031611,0.0385514480304075,462432432.64,304417264.2730107,1721956.0,1360410.8123515043,0.7379400546126786,-6.217609307124228e-05,0.0,0.0,GREEDY_HV,"['SPC_MBFLIP', 'SPC_MPOLY', 'SBX_MPOLY', 'TPC_NONE', 'TPC_NONE', 'SPC_MPOLY', 'SPC_NONE', 'TPC_NONE', 'TPC_NONE', 'UC_MPOLY', 'SPC_MNUF', 'TPC_NONE', 'SPC_MPOLY', 'TPC_MPOLY', 'SPC_NONE', 'SBX_MNUF', 'UC_MPOLY', 'TPC_NONE', 'TPC_NONE', 'UC_NONE', 'UC_NONE', 'SBX_MPOLY', 'UC_NONE', 'UC_NONE', 'SBX_NONE', 'UC_NONE', 'SPC_NONE', 'TPC_NONE', 'TPC_NONE', 'UC_NONE', 'TPC_NONE', 'UC_NONE', 'SPC_NONE', 'SPC_NONE', 'TPC_NONE', 'UC_NONE', 'SPC_NONE', 'SPC_NONE', 'SPC_NONE', 'SPC_NONE', 'TPC_NONE', 'UC_NONE', 'SPC_NONE', 'SPC_NONE', 'SPC_NONE', 'TPC_NONE', 'UC_NONE', 'SPC_NONE', 'UC_MPOLY', 'TPC_NONE', 'SPC_NONE', 'TPC_MPOLY', 'TPC_NONE', 'UC_NONE']","{'SPC_MPOLY': 3, 'SBX_MPOLY': 2, 'TPC_NONE': 15, 'SPC_NONE': 14, 'UC_MPOLY': 3, 'SPC_MNUF': 1, 'TPC_MPOLY': 2, 'SBX_MNUF': 1, 'UC_NONE': 11, 'SBX_NONE': 1}"
25,54,TPC,NONE,0.6795102235202941,0.0388380775884592,468234611.2,308234988.7546597,1725662.88,1333586.539067527,0.7378938753941978,-4.617921848082407e-05,0.01,0.0,GREEDY_HV,"['SPC_MBFLIP', 'SPC_MPOLY', 'SBX_MPOLY', 'TPC_NONE', 'TPC_NONE', 'SPC_MPOLY', 'SPC_NONE', 'TPC_NONE', 'TPC_NONE', 'UC_MPOLY', 'SPC_MNUF', 'TPC_NONE', 'SPC_MPOLY', 'TPC_MPOLY', 'SPC_NONE', 'SBX_MNUF', 'UC_MPOLY', 'TPC_NONE', 'TPC_NONE', 'UC_NONE', 'UC_NONE', 'SBX_MPOLY', 'UC_NONE', 'UC_NONE', 'SBX_NONE', 'UC_NONE', 'SPC_NONE', 'TPC_NONE', 'TPC_NONE', 'UC_NONE', 'TPC_NONE', 'UC_NONE', 'SPC_NONE', 'SPC_NONE', 'TPC_NONE', 'UC_NONE', 'SPC_NONE', 'SPC_NONE', 'SPC_NONE', 'SPC_NONE', 'TPC_NONE', 'UC_NONE', 'SPC_NONE', 'SPC_NONE', 'SPC_NONE', 'TPC_NONE', 'UC_NONE', 'SPC_NONE', 'UC_MPOLY', 'TPC_NONE', 'SPC_NONE', 'TPC_MPOLY', 'TPC_NONE', 'UC_NONE', 'TPC_NONE']","{'SPC_MPOLY': 3, 'SBX_MPOLY': 2, 'TPC_NONE': 16, 'SPC_NONE': 14, 'UC_MPOLY': 3, 'SPC_MNUF': 1, 'TPC_MPOLY': 2, 'SBX_MNUF': 1, 'UC_NONE': 11, 'SBX_NONE': 1}"
25,55,TPC,MPOLY,0.6791212409934522,0.0385851478715395,461594094.08,307901592.6698145,1675557.28,1289030.6290871298,0.7379220929063087,2.8217512110906284e-05,0.01,0.0,GREEDY_HV,"['SPC_MBFLIP', 'SPC_MPOLY', 'SBX_MPOLY', 'TPC_NONE', 'TPC_NONE', 'SPC_MPOLY', 'SPC_NONE', 'TPC_NONE', 'TPC_NONE', 'UC_MPOLY', 'SPC_MNUF', 'TPC_NONE', 'SPC_MPOLY', 'TPC_MPOLY', 'SPC_NONE', 'SBX_MNUF', 'UC_MPOLY', 'TPC_NONE', 'TPC_NONE', 'UC_NONE', 'UC_NONE', 'SBX_MPOLY', 'UC_NONE', 'UC_NONE', 'SBX_NONE', 'UC_NONE', 'SPC_NONE', 'TPC_NONE', 'TPC_NONE', 'UC_NONE', 'TPC_NONE', 'UC_NONE', 'SPC_NONE', 'SPC_NONE', 'TPC_NONE', 'UC_NONE', 'SPC_NONE', 'SPC_NONE', 'SPC_NONE', 'SPC_NONE', 'TPC_NONE', 'UC_NONE', 'SPC_NONE', 'SPC_NONE', 'SPC_NONE', 'TPC_NONE', 'UC_NONE', 'SPC_NONE', 'UC_MPOLY', 'TPC_NONE', 'SPC_NONE', 'TPC_MPOLY', 'TPC_NONE', 'UC_NONE', 'TPC_NONE', 'TPC_MPOLY']","{'SPC_MPOLY': 3, 'SBX_MPOLY': 2, 'TPC_NONE': 16, 'SPC_NONE': 14, 'UC_MPOLY': 3, 'SPC_MNUF': 1, 'TPC_MPOLY': 3, 'SBX_MNUF': 1, 'UC_NONE': 11, 'SBX_NONE': 1}"
25,56,UC,MPOLY,0.6790683369607063,0.0385645459825473,460069931.52,308252205.13718325,1669263.52,1287600.9647913475,0.7379351508366901,1.3057930381421556e-05,0.02,0.005,GREEDY_HV,"['SPC_MBFLIP', 'SPC_MPOLY', 'SBX_MPOLY', 'TPC_NONE', 'TPC_NONE', 'SPC_MPOLY', 'SPC_NONE', 'TPC_NONE', 'TPC_NONE', 'UC_MPOLY', 'SPC_MNUF', 'TPC_NONE', 'SPC_MPOLY', 'TPC_MPOLY', 'SPC_NONE', 'SBX_MNUF', 'UC_MPOLY', 'TPC_NONE', 'TPC_NONE', 'UC_NONE', 'UC_NONE', 'SBX_MPOLY', 'UC_NONE', 'UC_NONE', 'SBX_NONE', 'UC_NONE', 'SPC_NONE', 'TPC_NONE', 'TPC_NONE', 'UC_NONE', 'TPC_NONE', 'UC_NONE', 'SPC_NONE', 'SPC_NONE', 'TPC_NONE', 'UC_NONE', 'SPC_NONE', 'SPC_NONE', 'SPC_NONE', 'SPC_NONE', 'TPC_NONE', 'UC_NONE', 'SPC_NONE', 'SPC_NONE', 'SPC_NONE', 'TPC_NONE', 'UC_NONE', 'SPC_NONE', 'UC_MPOLY', 'TPC_NONE', 'SPC_NONE', 'TPC_MPOLY', 'TPC_NONE', 'UC_NONE', 'TPC_NONE', 'TPC_MPOLY', 'UC_MPOLY']","{'SPC_MPOLY': 3, 'SBX_MPOLY': 2, 'TPC_NONE': 16, 'SPC_NONE': 14, 'UC_MPOLY': 4, 'SPC_MNUF': 1, 'TPC_MPOLY': 3, 'SBX_MNUF': 1, 'UC_NONE': 11, 'SBX_NONE': 1}"
25,57,TPC,NONE,0.6814132360097116,0.0385620238875044,474671802.88,303873397.2500054,1800460.96,1349862.4795469644,0.7379844937884075,4.934295171732384e-05,0.01,0.0,GREEDY_HV,"['SPC_MBFLIP', 'SPC_MPOLY', 'SBX_MPOLY', 'TPC_NONE', 'TPC_NONE', 'SPC_MPOLY', 'SPC_NONE', 'TPC_NONE', 'TPC_NONE', 'UC_MPOLY', 'SPC_MNUF', 'TPC_NONE', 'SPC_MPOLY', 'TPC_MPOLY', 'SPC_NONE', 'SBX_MNUF', 'UC_MPOLY', 'TPC_NONE', 'TPC_NONE', 'UC_NONE', 'UC_NONE', 'SBX_MPOLY', 'UC_NONE', 'UC_NONE', 'SBX_NONE', 'UC_NONE', 'SPC_NONE', 'TPC_NONE', 'TPC_NONE', 'UC_NONE', 'TPC_NONE', 'UC_NONE', 'SPC_NONE', 'SPC_NONE', 'TPC_NONE', 'UC_NONE', 'SPC_NONE', 'SPC_NONE', 'SPC_NONE', 'SPC_NONE', 'TPC_NONE', 'UC_NONE', 'SPC_NONE', 'SPC_NONE', 'SPC_NONE', 'TPC_NONE', 'UC_NONE', 'SPC_NONE', 'UC_MPOLY', 'TPC_NONE', 'SPC_NONE', 'TPC_MPOLY', 'TPC_NONE', 'UC_NONE', 'TPC_NONE', 'TPC_MPOLY', 'UC_MPOLY', 'TPC_NONE']","{'SPC_MPOLY': 3, 'SBX_MPOLY': 2, 'TPC_NONE': 17, 'SPC_NONE': 14, 'UC_MPOLY': 4, 'SPC_MNUF': 1, 'TPC_MPOLY': 3, 'SBX_MNUF': 1, 'UC_NONE': 11, 'SBX_NONE': 1}"
25,58,TPC,NONE,0.6818921532991049,0.0389214607028619,488480785.92,306907311.99088657,1855819.68,1390760.0451859618,0.738000987267096,1.6493478688484053e-05,0.0,0.0,GREEDY_HV,"['SPC_MBFLIP', 'SPC_MPOLY', 'SBX_MPOLY', 'TPC_NONE', 'TPC_NONE', 'SPC_MPOLY', 'SPC_NONE', 'TPC_NONE', 'TPC_NONE', 'UC_MPOLY', 'SPC_MNUF', 'TPC_NONE', 'SPC_MPOLY', 'TPC_MPOLY', 'SPC_NONE', 'SBX_MNUF', 'UC_MPOLY', 'TPC_NONE', 'TPC_NONE', 'UC_NONE', 'UC_NONE', 'SBX_MPOLY', 'UC_NONE', 'UC_NONE', 'SBX_NONE', 'UC_NONE', 'SPC_NONE', 'TPC_NONE', 'TPC_NONE', 'UC_NONE', 'TPC_NONE', 'UC_NONE', 'SPC_NONE', 'SPC_NONE', 'TPC_NONE', 'UC_NONE', 'SPC_NONE', 'SPC_NONE', 'SPC_NONE', 'SPC_NONE', 'TPC_NONE', 'UC_NONE', 'SPC_NONE', 'SPC_NONE', 'SPC_NONE', 'TPC_NONE', 'UC_NONE', 'SPC_NONE', 'UC_MPOLY', 'TPC_NONE', 'SPC_NONE', 'TPC_MPOLY', 'TPC_NONE', 'UC_NONE', 'TPC_NONE', 'TPC_MPOLY', 'UC_MPOLY', 'TPC_NONE', 'TPC_NONE']","{'SPC_MPOLY': 3, 'SBX_MPOLY': 2, 'TPC_NONE': 18, 'SPC_NONE': 14, 'UC_MPOLY': 4, 'SPC_MNUF': 1, 'TPC_MPOLY': 3, 'SBX_MNUF': 1, 'UC_NONE': 11, 'SBX_NONE': 1}"
25,59,UC,NONE,0.6797212944726589,0.0388765251358673,466910686.72,310685943.7774802,1769609.12,1387933.9509797522,0.7379874993306176,-1.348793647837354e-05,0.0,0.0,GREEDY_HV,"['SPC_MBFLIP', 'SPC_MPOLY', 'SBX_MPOLY', 'TPC_NONE', 'TPC_NONE', 'SPC_MPOLY', 'SPC_NONE', 'TPC_NONE', 'TPC_NONE', 'UC_MPOLY', 'SPC_MNUF', 'TPC_NONE', 'SPC_MPOLY', 'TPC_MPOLY', 'SPC_NONE', 'SBX_MNUF', 'UC_MPOLY', 'TPC_NONE', 'TPC_NONE', 'UC_NONE', 'UC_NONE', 'SBX_MPOLY', 'UC_NONE', 'UC_NONE', 'SBX_NONE', 'UC_NONE', 'SPC_NONE', 'TPC_NONE', 'TPC_NONE', 'UC_NONE', 'TPC_NONE', 'UC_NONE', 'SPC_NONE', 'SPC_NONE', 'TPC_NONE', 'UC_NONE', 'SPC_NONE', 'SPC_NONE', 'SPC_NONE', 'SPC_NONE', 'TPC_NONE', 'UC_NONE', 'SPC_NONE', 'SPC_NONE', 'SPC_NONE', 'TPC_NONE', 'UC_NONE', 'SPC_NONE', 'UC_MPOLY', 'TPC_NONE', 'SPC_NONE', 'TPC_MPOLY', 'TPC_NONE', 'UC_NONE', 'TPC_NONE', 'TPC_MPOLY', 'UC_MPOLY', 'TPC_NONE', 'TPC_NONE', 'UC_NONE']","{'SPC_MPOLY': 3, 'SBX_MPOLY': 2, 'TPC_NONE': 18, 'SPC_NONE': 14, 'UC_MPOLY': 4, 'SPC_MNUF': 1, 'TPC_MPOLY': 3, 'SBX_MNUF': 1, 'UC_NONE': 12, 'SBX_NONE': 1}"
25,60,TPC,NONE,0.6803493245532851,0.0389214290359766,469960204.8,308203638.44102055,1813277.6,1385104.5363249087,0.7380004840405342,1.2984709916619153e-05,0.02,0.0,GREEDY_HV,"['SPC_MBFLIP', 'SPC_MPOLY', 'SBX_MPOLY', 'TPC_NONE', 'TPC_NONE', 'SPC_MPOLY', 'SPC_NONE', 'TPC_NONE', 'TPC_NONE', 'UC_MPOLY', 'SPC_MNUF', 'TPC_NONE', 'SPC_MPOLY', 'TPC_MPOLY', 'SPC_NONE', 'SBX_MNUF', 'UC_MPOLY', 'TPC_NONE', 'TPC_NONE', 'UC_NONE', 'UC_NONE', 'SBX_MPOLY', 'UC_NONE', 'UC_NONE', 'SBX_NONE', 'UC_NONE', 'SPC_NONE', 'TPC_NONE', 'TPC_NONE', 'UC_NONE', 'TPC_NONE', 'UC_NONE', 'SPC_NONE', 'SPC_NONE', 'TPC_NONE', 'UC_NONE', 'SPC_NONE', 'SPC_NONE', 'SPC_NONE', 'SPC_NONE', 'TPC_NONE', 'UC_NONE', 'SPC_NONE', 'SPC_NONE', 'SPC_NONE', 'TPC_NONE', 'UC_NONE', 'SPC_NONE', 'UC_MPOLY', 'TPC_NONE', 'SPC_NONE', 'TPC_MPOLY', 'TPC_NONE', 'UC_NONE', 'TPC_NONE', 'TPC_MPOLY', 'UC_MPOLY', 'TPC_NONE', 'TPC_NONE', 'UC_NONE', 'TPC_NONE']","{'SPC_MPOLY': 3, 'SBX_MPOLY': 2, 'TPC_NONE': 19, 'SPC_NONE': 14, 'UC_MPOLY': 4, 'SPC_MNUF': 1, 'TPC_MPOLY': 3, 'SBX_MNUF': 1, 'UC_NONE': 12, 'SBX_NONE': 1}"
25,61,UC,NONE,0.6803621706193869,0.0389383625540873,468331916.8,308861878.0418793,1795284.64,1382124.0079789916,0.7380462594316172,4.577539108296946e-05,0.0,0.0,GREEDY_HV,"['SPC_MBFLIP', 'SPC_MPOLY', 'SBX_MPOLY', 'TPC_NONE', 'TPC_NONE', 'SPC_MPOLY', 'SPC_NONE', 'TPC_NONE', 'TPC_NONE', 'UC_MPOLY', 'SPC_MNUF', 'TPC_NONE', 'SPC_MPOLY', 'TPC_MPOLY', 'SPC_NONE', 'SBX_MNUF', 'UC_MPOLY', 'TPC_NONE', 'TPC_NONE', 'UC_NONE', 'UC_NONE', 'SBX_MPOLY', 'UC_NONE', 'UC_NONE', 'SBX_NONE', 'UC_NONE', 'SPC_NONE', 'TPC_NONE', 'TPC_NONE', 'UC_NONE', 'TPC_NONE', 'UC_NONE', 'SPC_NONE', 'SPC_NONE', 'TPC_NONE', 'UC_NONE', 'SPC_NONE', 'SPC_NONE', 'SPC_NONE', 'SPC_NONE', 'TPC_NONE', 'UC_NONE', 'SPC_NONE', 'SPC_NONE', 'SPC_NONE', 'TPC_NONE', 'UC_NONE', 'SPC_NONE', 'UC_MPOLY', 'TPC_NONE', 'SPC_NONE', 'TPC_MPOLY', 'TPC_NONE', 'UC_NONE', 'TPC_NONE', 'TPC_MPOLY', 'UC_MPOLY', 'TPC_NONE', 'TPC_NONE', 'UC_NONE', 'TPC_NONE', 'UC_NONE']","{'SPC_MPOLY': 3, 'SBX_MPOLY': 2, 'TPC_NONE': 19, 'SPC_NONE': 14, 'UC_MPOLY': 4, 'SPC_MNUF': 1, 'TPC_MPOLY': 3, 'SBX_MNUF': 1, 'UC_NONE': 13, 'SBX_NONE': 1}"
25,62,SPC,MPOLY,0.6776732275278948,0.0393874121469245,443023892.48,311247416.5058601,1723943.84,1389391.9736943836,0.7380149503778648,-3.130905375237081e-05,0.0,0.0,GREEDY_HV,"['SPC_MBFLIP', 'SPC_MPOLY', 'SBX_MPOLY', 'TPC_NONE', 'TPC_NONE', 'SPC_MPOLY', 'SPC_NONE', 'TPC_NONE', 'TPC_NONE', 'UC_MPOLY', 'SPC_MNUF', 'TPC_NONE', 'SPC_MPOLY', 'TPC_MPOLY', 'SPC_NONE', 'SBX_MNUF', 'UC_MPOLY', 'TPC_NONE', 'TPC_NONE', 'UC_NONE', 'UC_NONE', 'SBX_MPOLY', 'UC_NONE', 'UC_NONE', 'SBX_NONE', 'UC_NONE', 'SPC_NONE', 'TPC_NONE', 'TPC_NONE', 'UC_NONE', 'TPC_NONE', 'UC_NONE', 'SPC_NONE', 'SPC_NONE', 'TPC_NONE', 'UC_NONE', 'SPC_NONE', 'SPC_NONE', 'SPC_NONE', 'SPC_NONE', 'TPC_NONE', 'UC_NONE', 'SPC_NONE', 'SPC_NONE', 'SPC_NONE', 'TPC_NONE', 'UC_NONE', 'SPC_NONE', 'UC_MPOLY', 'TPC_NONE', 'SPC_NONE', 'TPC_MPOLY', 'TPC_NONE', 'UC_NONE', 'TPC_NONE', 'TPC_MPOLY', 'UC_MPOLY', 'TPC_NONE', 'TPC_NONE', 'UC_NONE', 'TPC_NONE', 'UC_NONE', 'SPC_MPOLY']","{'SPC_MPOLY': 4, 'SBX_MPOLY': 2, 'TPC_NONE': 19, 'SPC_NONE': 14, 'UC_MPOLY': 4, 'SPC_MNUF': 1, 'TPC_MPOLY': 3, 'SBX_MNUF': 1, 'UC_NONE': 13, 'SBX_NONE': 1}"
25,63,SPC,NONE,0.68120228098143,0.0383122948302698,460870433.28,301049928.58190936,1775361.44,1342156.230149265,0.7380448465658158,2.989618795101734e-05,0.0,0.0,GREEDY_HV,"['SPC_MBFLIP', 'SPC_MPOLY', 'SBX_MPOLY', 'TPC_NONE', 'TPC_NONE', 'SPC_MPOLY', 'SPC_NONE', 'TPC_NONE', 'TPC_NONE', 'UC_MPOLY', 'SPC_MNUF', 'TPC_NONE', 'SPC_MPOLY', 'TPC_MPOLY', 'SPC_NONE', 'SBX_MNUF', 'UC_MPOLY', 'TPC_NONE', 'TPC_NONE', 'UC_NONE', 'UC_NONE', 'SBX_MPOLY', 'UC_NONE', 'UC_NONE', 'SBX_NONE', 'UC_NONE', 'SPC_NONE', 'TPC_NONE', 'TPC_NONE', 'UC_NONE', 'TPC_NONE', 'UC_NONE', 'SPC_NONE', 'SPC_NONE', 'TPC_NONE', 'UC_NONE', 'SPC_NONE', 'SPC_NONE', 'SPC_NONE', 'SPC_NONE', 'TPC_NONE', 'UC_NONE', 'SPC_NONE', 'SPC_NONE', 'SPC_NONE', 'TPC_NONE', 'UC_NONE', 'SPC_NONE', 'UC_MPOLY', 'TPC_NONE', 'SPC_NONE', 'TPC_MPOLY', 'TPC_NONE', 'UC_NONE', 'TPC_NONE', 'TPC_MPOLY', 'UC_MPOLY', 'TPC_NONE', 'TPC_NONE', 'UC_NONE', 'TPC_NONE', 'UC_NONE', 'SPC_MPOLY', 'SPC_NONE']","{'SPC_MPOLY': 4, 'SBX_MPOLY': 2, 'TPC_NONE': 19, 'SPC_NONE': 15, 'UC_MPOLY': 4, 'SPC_MNUF': 1, 'TPC_MPOLY': 3, 'SBX_MNUF': 1, 'UC_NONE': 13, 'SBX_NONE': 1}"
25,64,SPC,NONE,0.6820254010311655,0.0392272899683654,477806548.48,301004610.2032396,1858164.64,1363376.926783166,0.7380739898574205,2.9143291604638577e-05,0.0,0.0,GREEDY_HV,"['SPC_MBFLIP', 'SPC_MPOLY', 'SBX_MPOLY', 'TPC_NONE', 'TPC_NONE', 'SPC_MPOLY', 'SPC_NONE', 'TPC_NONE', 'TPC_NONE', 'UC_MPOLY', 'SPC_MNUF', 'TPC_NONE', 'SPC_MPOLY', 'TPC_MPOLY', 'SPC_NONE', 'SBX_MNUF', 'UC_MPOLY', 'TPC_NONE', 'TPC_NONE', 'UC_NONE', 'UC_NONE', 'SBX_MPOLY', 'UC_NONE', 'UC_NONE', 'SBX_NONE', 'UC_NONE', 'SPC_NONE', 'TPC_NONE', 'TPC_NONE', 'UC_NONE', 'TPC_NONE', 'UC_NONE', 'SPC_NONE', 'SPC_NONE', 'TPC_NONE', 'UC_NONE', 'SPC_NONE', 'SPC_NONE', 'SPC_NONE', 'SPC_NONE', 'TPC_NONE', 'UC_NONE', 'SPC_NONE', 'SPC_NONE', 'SPC_NONE', 'TPC_NONE', 'UC_NONE', 'SPC_NONE', 'UC_MPOLY', 'TPC_NONE', 'SPC_NONE', 'TPC_MPOLY', 'TPC_NONE', 'UC_NONE', 'TPC_NONE', 'TPC_MPOLY', 'UC_MPOLY', 'TPC_NONE', 'TPC_NONE', 'UC_NONE', 'TPC_NONE', 'UC_NONE', 'SPC_MPOLY', 'SPC_NONE', 'SPC_NONE']","{'SPC_MPOLY': 4, 'SBX_MPOLY': 2, 'TPC_NONE': 19, 'SPC_NONE': 16, 'UC_MPOLY': 4, 'SPC_MNUF': 1, 'TPC_MPOLY': 3, 'SBX_MNUF': 1, 'UC_NONE': 13, 'SBX_NONE': 1}"
25,65,UC,NONE,0.680701429862736,0.0390961716122771,467454876.16,303582306.60367376,1802210.72,1383962.266328025,0.7380903743901472,1.6384532726787526e-05,0.0,0.0,GREEDY_HV,"['SPC_MBFLIP', 'SPC_MPOLY', 'SBX_MPOLY', 'TPC_NONE', 'TPC_NONE', 'SPC_MPOLY', 'SPC_NONE', 'TPC_NONE', 'TPC_NONE', 'UC_MPOLY', 'SPC_MNUF', 'TPC_NONE', 'SPC_MPOLY', 'TPC_MPOLY', 'SPC_NONE', 'SBX_MNUF', 'UC_MPOLY', 'TPC_NONE', 'TPC_NONE', 'UC_NONE', 'UC_NONE', 'SBX_MPOLY', 'UC_NONE', 'UC_NONE', 'SBX_NONE', 'UC_NONE', 'SPC_NONE', 'TPC_NONE', 'TPC_NONE', 'UC_NONE', 'TPC_NONE', 'UC_NONE', 'SPC_NONE', 'SPC_NONE', 'TPC_NONE', 'UC_NONE', 'SPC_NONE', 'SPC_NONE', 'SPC_NONE', 'SPC_NONE', 'TPC_NONE', 'UC_NONE', 'SPC_NONE', 'SPC_NONE', 'SPC_NONE', 'TPC_NONE', 'UC_NONE', 'SPC_NONE', 'UC_MPOLY', 'TPC_NONE', 'SPC_NONE', 'TPC_MPOLY', 'TPC_NONE', 'UC_NONE', 'TPC_NONE', 'TPC_MPOLY', 'UC_MPOLY', 'TPC_NONE', 'TPC_NONE', 'UC_NONE', 'TPC_NONE', 'UC_NONE', 'SPC_MPOLY', 'SPC_NONE', 'SPC_NONE', 'UC_NONE']","{'SPC_MPOLY': 4, 'SBX_MPOLY': 2, 'TPC_NONE': 19, 'SPC_NONE': 16, 'UC_MPOLY': 4, 'SPC_MNUF': 1, 'TPC_MPOLY': 3, 'SBX_MNUF': 1, 'UC_NONE': 14, 'SBX_NONE': 1}"
25,66,SPC,NONE,0.6815874565665916,0.0384943716032969,468132221.44,303249641.17782307,1759660.96,1279900.1647152482,0.7380871631833278,-3.211206819453416e-06,0.0,0.0,GREEDY_HV,"['SPC_MBFLIP', 'SPC_MPOLY', 'SBX_MPOLY', 'TPC_NONE', 'TPC_NONE', 'SPC_MPOLY', 'SPC_NONE', 'TPC_NONE', 'TPC_NONE', 'UC_MPOLY', 'SPC_MNUF', 'TPC_NONE', 'SPC_MPOLY', 'TPC_MPOLY', 'SPC_NONE', 'SBX_MNUF', 'UC_MPOLY', 'TPC_NONE', 'TPC_NONE', 'UC_NONE', 'UC_NONE', 'SBX_MPOLY', 'UC_NONE', 'UC_NONE', 'SBX_NONE', 'UC_NONE', 'SPC_NONE', 'TPC_NONE', 'TPC_NONE', 'UC_NONE', 'TPC_NONE', 'UC_NONE', 'SPC_NONE', 'SPC_NONE', 'TPC_NONE', 'UC_NONE', 'SPC_NONE', 'SPC_NONE', 'SPC_NONE', 'SPC_NONE', 'TPC_NONE', 'UC_NONE', 'SPC_NONE', 'SPC_NONE', 'SPC_NONE', 'TPC_NONE', 'UC_NONE', 'SPC_NONE', 'UC_MPOLY', 'TPC_NONE', 'SPC_NONE', 'TPC_MPOLY', 'TPC_NONE', 'UC_NONE', 'TPC_NONE', 'TPC_MPOLY', 'UC_MPOLY', 'TPC_NONE', 'TPC_NONE', 'UC_NONE', 'TPC_NONE', 'UC_NONE', 'SPC_MPOLY', 'SPC_NONE', 'SPC_NONE', 'UC_NONE', 'SPC_NONE']","{'SPC_MPOLY': 4, 'SBX_MPOLY': 2, 'TPC_NONE': 19, 'SPC_NONE': 17, 'UC_MPOLY': 4, 'SPC_MNUF': 1, 'TPC_MPOLY': 3, 'SBX_MNUF': 1, 'UC_NONE': 14, 'SBX_NONE': 1}"
25,67,TPC,NONE,0.6810746307991312,0.0388854493024072,474798696.96,311462016.134196,1797278.88,1341624.5526690783,0.7380542388010415,-3.2924382286303455e-05,0.0,0.0,GREEDY_HV,"['SPC_MBFLIP', 'SPC_MPOLY', 'SBX_MPOLY', 'TPC_NONE', 'TPC_NONE', 'SPC_MPOLY', 'SPC_NONE', 'TPC_NONE', 'TPC_NONE', 'UC_MPOLY', 'SPC_MNUF', 'TPC_NONE', 'SPC_MPOLY', 'TPC_MPOLY', 'SPC_NONE', 'SBX_MNUF', 'UC_MPOLY', 'TPC_NONE', 'TPC_NONE', 'UC_NONE', 'UC_NONE', 'SBX_MPOLY', 'UC_NONE', 'UC_NONE', 'SBX_NONE', 'UC_NONE', 'SPC_NONE', 'TPC_NONE', 'TPC_NONE', 'UC_NONE', 'TPC_NONE', 'UC_NONE', 'SPC_NONE', 'SPC_NONE', 'TPC_NONE', 'UC_NONE', 'SPC_NONE', 'SPC_NONE', 'SPC_NONE', 'SPC_NONE', 'TPC_NONE', 'UC_NONE', 'SPC_NONE', 'SPC_NONE', 'SPC_NONE', 'TPC_NONE', 'UC_NONE', 'SPC_NONE', 'UC_MPOLY', 'TPC_NONE', 'SPC_NONE', 'TPC_MPOLY', 'TPC_NONE', 'UC_NONE', 'TPC_NONE', 'TPC_MPOLY', 'UC_MPOLY', 'TPC_NONE', 'TPC_NONE', 'UC_NONE', 'TPC_NONE', 'UC_NONE', 'SPC_MPOLY', 'SPC_NONE', 'SPC_NONE', 'UC_NONE', 'SPC_NONE', 'TPC_NONE']","{'SPC_MPOLY': 4, 'SBX_MPOLY': 2, 'TPC_NONE': 20, 'SPC_NONE': 17, 'UC_MPOLY': 4, 'SPC_MNUF': 1, 'TPC_MPOLY': 3, 'SBX_MNUF': 1, 'UC_NONE': 14, 'SBX_NONE': 1}"
25,68,TPC,NONE,0.681089636830562,0.0384337176612677,464731435.52,307033103.83364266,1756715.68,1293189.2531230138,0.7380523748947931,-1.863906248344982e-06,0.0,0.0,GREEDY_HV,"['SPC_MBFLIP', 'SPC_MPOLY', 'SBX_MPOLY', 'TPC_NONE', 'TPC_NONE', 'SPC_MPOLY', 'SPC_NONE', 'TPC_NONE', 'TPC_NONE', 'UC_MPOLY', 'SPC_MNUF', 'TPC_NONE', 'SPC_MPOLY', 'TPC_MPOLY', 'SPC_NONE', 'SBX_MNUF', 'UC_MPOLY', 'TPC_NONE', 'TPC_NONE', 'UC_NONE', 'UC_NONE', 'SBX_MPOLY', 'UC_NONE', 'UC_NONE', 'SBX_NONE', 'UC_NONE', 'SPC_NONE', 'TPC_NONE', 'TPC_NONE', 'UC_NONE', 'TPC_NONE', 'UC_NONE', 'SPC_NONE', 'SPC_NONE', 'TPC_NONE', 'UC_NONE', 'SPC_NONE', 'SPC_NONE', 'SPC_NONE', 'SPC_NONE', 'TPC_NONE', 'UC_NONE', 'SPC_NONE', 'SPC_NONE', 'SPC_NONE', 'TPC_NONE', 'UC_NONE', 'SPC_NONE', 'UC_MPOLY', 'TPC_NONE', 'SPC_NONE', 'TPC_MPOLY', 'TPC_NONE', 'UC_NONE', 'TPC_NONE', 'TPC_MPOLY', 'UC_MPOLY', 'TPC_NONE', 'TPC_NONE', 'UC_NONE', 'TPC_NONE', 'UC_NONE', 'SPC_MPOLY', 'SPC_NONE', 'SPC_NONE', 'UC_NONE', 'SPC_NONE', 'TPC_NONE', 'TPC_NONE']","{'SPC_MPOLY': 4, 'SBX_MPOLY': 2, 'TPC_NONE': 21, 'SPC_NONE': 17, 'UC_MPOLY': 4, 'SPC_MNUF': 1, 'TPC_MPOLY': 3, 'SBX_MNUF': 1, 'UC_NONE': 14, 'SBX_NONE': 1}"
25,69,UC,NONE,0.6813940057151814,0.0388093626074243,479240852.48,314760115.77934283,1774228.64,1321263.147265582,0.738079119563368,2.674466857488511e-05,0.0,0.0,GREEDY_HV,"['SPC_MBFLIP', 'SPC_MPOLY', 'SBX_MPOLY', 'TPC_NONE', 'TPC_NONE', 'SPC_MPOLY', 'SPC_NONE', 'TPC_NONE', 'TPC_NONE', 'UC_MPOLY', 'SPC_MNUF', 'TPC_NONE', 'SPC_MPOLY', 'TPC_MPOLY', 'SPC_NONE', 'SBX_MNUF', 'UC_MPOLY', 'TPC_NONE', 'TPC_NONE', 'UC_NONE', 'UC_NONE', 'SBX_MPOLY', 'UC_NONE', 'UC_NONE', 'SBX_NONE', 'UC_NONE', 'SPC_NONE', 'TPC_NONE', 'TPC_NONE', 'UC_NONE', 'TPC_NONE', 'UC_NONE', 'SPC_NONE', 'SPC_NONE', 'TPC_NONE', 'UC_NONE', 'SPC_NONE', 'SPC_NONE', 'SPC_NONE', 'SPC_NONE', 'TPC_NONE', 'UC_NONE', 'SPC_NONE', 'SPC_NONE', 'SPC_NONE', 'TPC_NONE', 'UC_NONE', 'SPC_NONE', 'UC_MPOLY', 'TPC_NONE', 'SPC_NONE', 'TPC_MPOLY', 'TPC_NONE', 'UC_NONE', 'TPC_NONE', 'TPC_MPOLY', 'UC_MPOLY', 'TPC_NONE', 'TPC_NONE', 'UC_NONE', 'TPC_NONE', 'UC_NONE', 'SPC_MPOLY', 'SPC_NONE', 'SPC_NONE', 'UC_NONE', 'SPC_NONE', 'TPC_NONE', 'TPC_NONE', 'UC_NONE']","{'SPC_MPOLY': 4, 'SBX_MPOLY': 2, 'TPC_NONE': 21, 'SPC_NONE': 17, 'UC_MPOLY': 4, 'SPC_MNUF': 1, 'TPC_MPOLY': 3, 'SBX_MNUF': 1, 'UC_NONE': 15, 'SBX_NONE': 1}"
25,70,UC,NONE,0.681232668822345,0.0393153223401438,477985367.04,312862578.75957555,1798249.12,1358342.9566856914,0.7380199688795973,-5.915068377071453e-05,0.0,0.0,GREEDY_HV,"['SPC_MBFLIP', 'SPC_MPOLY', 'SBX_MPOLY', 'TPC_NONE', 'TPC_NONE', 'SPC_MPOLY', 'SPC_NONE', 'TPC_NONE', 'TPC_NONE', 'UC_MPOLY', 'SPC_MNUF', 'TPC_NONE', 'SPC_MPOLY', 'TPC_MPOLY', 'SPC_NONE', 'SBX_MNUF', 'UC_MPOLY', 'TPC_NONE', 'TPC_NONE', 'UC_NONE', 'UC_NONE', 'SBX_MPOLY', 'UC_NONE', 'UC_NONE', 'SBX_NONE', 'UC_NONE', 'SPC_NONE', 'TPC_NONE', 'TPC_NONE', 'UC_NONE', 'TPC_NONE', 'UC_NONE', 'SPC_NONE', 'SPC_NONE', 'TPC_NONE', 'UC_NONE', 'SPC_NONE', 'SPC_NONE', 'SPC_NONE', 'SPC_NONE', 'TPC_NONE', 'UC_NONE', 'SPC_NONE', 'SPC_NONE', 'SPC_NONE', 'TPC_NONE', 'UC_NONE', 'SPC_NONE', 'UC_MPOLY', 'TPC_NONE', 'SPC_NONE', 'TPC_MPOLY', 'TPC_NONE', 'UC_NONE', 'TPC_NONE', 'TPC_MPOLY', 'UC_MPOLY', 'TPC_NONE', 'TPC_NONE', 'UC_NONE', 'TPC_NONE', 'UC_NONE', 'SPC_MPOLY', 'SPC_NONE', 'SPC_NONE', 'UC_NONE', 'SPC_NONE', 'TPC_NONE', 'TPC_NONE', 'UC_NONE', 'UC_NONE']","{'SPC_MPOLY': 4, 'SBX_MPOLY': 2, 'TPC_NONE': 21, 'SPC_NONE': 17, 'UC_MPOLY': 4, 'SPC_MNUF': 1, 'TPC_MPOLY': 3, 'SBX_MNUF': 1, 'UC_NONE': 16, 'SBX_NONE': 1}"
25,71,UC,NONE,0.6804876389014254,0.0399335482166248,487368821.76,322488333.63120097,1800624.8,1386911.7376710027,0.738118795348844,9.882646924663784e-05,0.0,0.0,GREEDY_HV,"['SPC_MBFLIP', 'SPC_MPOLY', 'SBX_MPOLY', 'TPC_NONE', 'TPC_NONE', 'SPC_MPOLY', 'SPC_NONE', 'TPC_NONE', 'TPC_NONE', 'UC_MPOLY', 'SPC_MNUF', 'TPC_NONE', 'SPC_MPOLY', 'TPC_MPOLY', 'SPC_NONE', 'SBX_MNUF', 'UC_MPOLY', 'TPC_NONE', 'TPC_NONE', 'UC_NONE', 'UC_NONE', 'SBX_MPOLY', 'UC_NONE', 'UC_NONE', 'SBX_NONE', 'UC_NONE', 'SPC_NONE', 'TPC_NONE', 'TPC_NONE', 'UC_NONE', 'TPC_NONE', 'UC_NONE', 'SPC_NONE', 'SPC_NONE', 'TPC_NONE', 'UC_NONE', 'SPC_NONE', 'SPC_NONE', 'SPC_NONE', 'SPC_NONE', 'TPC_NONE', 'UC_NONE', 'SPC_NONE', 'SPC_NONE', 'SPC_NONE', 'TPC_NONE', 'UC_NONE', 'SPC_NONE', 'UC_MPOLY', 'TPC_NONE', 'SPC_NONE', 'TPC_MPOLY', 'TPC_NONE', 'UC_NONE', 'TPC_NONE', 'TPC_MPOLY', 'UC_MPOLY', 'TPC_NONE', 'TPC_NONE', 'UC_NONE', 'TPC_NONE', 'UC_NONE', 'SPC_MPOLY', 'SPC_NONE', 'SPC_NONE', 'UC_NONE', 'SPC_NONE', 'TPC_NONE', 'TPC_NONE', 'UC_NONE', 'UC_NONE', 'UC_NONE']","{'SPC_MPOLY': 4, 'SBX_MPOLY': 2, 'TPC_NONE': 21, 'SPC_NONE': 17, 'UC_MPOLY': 4, 'SPC_MNUF': 1, 'TPC_MPOLY': 3, 'SBX_MNUF': 1, 'UC_NONE': 17, 'SBX_NONE': 1}"
25,72,UC,NONE,0.6808938976313237,0.0396224371795665,479396270.08,311873017.51692533,1759079.84,1331600.140409956,0.7381367685252533,1.7973176409391556e-05,0.0,0.0,GREEDY_HV,"['SPC_MBFLIP', 'SPC_MPOLY', 'SBX_MPOLY', 'TPC_NONE', 'TPC_NONE', 'SPC_MPOLY', 'SPC_NONE', 'TPC_NONE', 'TPC_NONE', 'UC_MPOLY', 'SPC_MNUF', 'TPC_NONE', 'SPC_MPOLY', 'TPC_MPOLY', 'SPC_NONE', 'SBX_MNUF', 'UC_MPOLY', 'TPC_NONE', 'TPC_NONE', 'UC_NONE', 'UC_NONE', 'SBX_MPOLY', 'UC_NONE', 'UC_NONE', 'SBX_NONE', 'UC_NONE', 'SPC_NONE', 'TPC_NONE', 'TPC_NONE', 'UC_NONE', 'TPC_NONE', 'UC_NONE', 'SPC_NONE', 'SPC_NONE', 'TPC_NONE', 'UC_NONE', 'SPC_NONE', 'SPC_NONE', 'SPC_NONE', 'SPC_NONE', 'TPC_NONE', 'UC_NONE', 'SPC_NONE', 'SPC_NONE', 'SPC_NONE', 'TPC_NONE', 'UC_NONE', 'SPC_NONE', 'UC_MPOLY', 'TPC_NONE', 'SPC_NONE', 'TPC_MPOLY', 'TPC_NONE', 'UC_NONE', 'TPC_NONE', 'TPC_MPOLY', 'UC_MPOLY', 'TPC_NONE', 'TPC_NONE', 'UC_NONE', 'TPC_NONE', 'UC_NONE', 'SPC_MPOLY', 'SPC_NONE', 'SPC_NONE', 'UC_NONE', 'SPC_NONE', 'TPC_NONE', 'TPC_NONE', 'UC_NONE', 'UC_NONE', 'UC_NONE', 'UC_NONE']","{'SPC_MPOLY': 4, 'SBX_MPOLY': 2, 'TPC_NONE': 21, 'SPC_NONE': 17, 'UC_MPOLY': 4, 'SPC_MNUF': 1, 'TPC_MPOLY': 3, 'SBX_MNUF': 1, 'UC_NONE': 18, 'SBX_NONE': 1}"
25,73,TPC,NONE,0.6813620083138187,0.0398168135512983,480751682.56,305069033.37430584,1786596.0,1351477.1664177238,0.7380871107144621,-4.96578107912482e-05,0.0,0.0,GREEDY_HV,"['SPC_MBFLIP', 'SPC_MPOLY', 'SBX_MPOLY', 'TPC_NONE', 'TPC_NONE', 'SPC_MPOLY', 'SPC_NONE', 'TPC_NONE', 'TPC_NONE', 'UC_MPOLY', 'SPC_MNUF', 'TPC_NONE', 'SPC_MPOLY', 'TPC_MPOLY', 'SPC_NONE', 'SBX_MNUF', 'UC_MPOLY', 'TPC_NONE', 'TPC_NONE', 'UC_NONE', 'UC_NONE', 'SBX_MPOLY', 'UC_NONE', 'UC_NONE', 'SBX_NONE', 'UC_NONE', 'SPC_NONE', 'TPC_NONE', 'TPC_NONE', 'UC_NONE', 'TPC_NONE', 'UC_NONE', 'SPC_NONE', 'SPC_NONE', 'TPC_NONE', 'UC_NONE', 'SPC_NONE', 'SPC_NONE', 'SPC_NONE', 'SPC_NONE', 'TPC_NONE', 'UC_NONE', 'SPC_NONE', 'SPC_NONE', 'SPC_NONE', 'TPC_NONE', 'UC_NONE', 'SPC_NONE', 'UC_MPOLY', 'TPC_NONE', 'SPC_NONE', 'TPC_MPOLY', 'TPC_NONE', 'UC_NONE', 'TPC_NONE', 'TPC_MPOLY', 'UC_MPOLY', 'TPC_NONE', 'TPC_NONE', 'UC_NONE', 'TPC_NONE', 'UC_NONE', 'SPC_MPOLY', 'SPC_NONE', 'SPC_NONE', 'UC_NONE', 'SPC_NONE', 'TPC_NONE', 'TPC_NONE', 'UC_NONE', 'UC_NONE', 'UC_NONE', 'UC_NONE', 'TPC_NONE']","{'SPC_MPOLY': 4, 'SBX_MPOLY': 2, 'TPC_NONE': 22, 'SPC_NONE': 17, 'UC_MPOLY': 4, 'SPC_MNUF': 1, 'TPC_MPOLY': 3, 'SBX_MNUF': 1, 'UC_NONE': 18, 'SBX_NONE': 1}"
25,74,TPC,NONE,0.6819175201106162,0.0397672311951758,486880046.08,304262589.9449445,1780870.56,1308746.3848474869,0.7380896172728144,2.5065583523220525e-06,0.0,0.0,GREEDY_HV,"['SPC_MBFLIP', 'SPC_MPOLY', 'SBX_MPOLY', 'TPC_NONE', 'TPC_NONE', 'SPC_MPOLY', 'SPC_NONE', 'TPC_NONE', 'TPC_NONE', 'UC_MPOLY', 'SPC_MNUF', 'TPC_NONE', 'SPC_MPOLY', 'TPC_MPOLY', 'SPC_NONE', 'SBX_MNUF', 'UC_MPOLY', 'TPC_NONE', 'TPC_NONE', 'UC_NONE', 'UC_NONE', 'SBX_MPOLY', 'UC_NONE', 'UC_NONE', 'SBX_NONE', 'UC_NONE', 'SPC_NONE', 'TPC_NONE', 'TPC_NONE', 'UC_NONE', 'TPC_NONE', 'UC_NONE', 'SPC_NONE', 'SPC_NONE', 'TPC_NONE', 'UC_NONE', 'SPC_NONE', 'SPC_NONE', 'SPC_NONE', 'SPC_NONE', 'TPC_NONE', 'UC_NONE', 'SPC_NONE', 'SPC_NONE', 'SPC_NONE', 'TPC_NONE', 'UC_NONE', 'SPC_NONE', 'UC_MPOLY', 'TPC_NONE', 'SPC_NONE', 'TPC_MPOLY', 'TPC_NONE', 'UC_NONE', 'TPC_NONE', 'TPC_MPOLY', 'UC_MPOLY', 'TPC_NONE', 'TPC_NONE', 'UC_NONE', 'TPC_NONE', 'UC_NONE', 'SPC_MPOLY', 'SPC_NONE', 'SPC_NONE', 'UC_NONE', 'SPC_NONE', 'TPC_NONE', 'TPC_NONE', 'UC_NONE', 'UC_NONE', 'UC_NONE', 'UC_NONE', 'TPC_NONE', 'TPC_NONE']","{'SPC_MPOLY': 4, 'SBX_MPOLY': 2, 'TPC_NONE': 23, 'SPC_NONE': 17, 'UC_MPOLY': 4, 'SPC_MNUF': 1, 'TPC_MPOLY': 3, 'SBX_MNUF': 1, 'UC_NONE': 18, 'SBX_NONE': 1}"
25,75,SPC,NONE,0.6819168076361771,0.0397519305787761,485840583.68,306112114.15174806,1822077.6,1313332.1300842678,0.7380286544933065,-6.096277950795592e-05,0.0,0.0,GREEDY_HV,"['SPC_MBFLIP', 'SPC_MPOLY', 'SBX_MPOLY', 'TPC_NONE', 'TPC_NONE', 'SPC_MPOLY', 'SPC_NONE', 'TPC_NONE', 'TPC_NONE', 'UC_MPOLY', 'SPC_MNUF', 'TPC_NONE', 'SPC_MPOLY', 'TPC_MPOLY', 'SPC_NONE', 'SBX_MNUF', 'UC_MPOLY', 'TPC_NONE', 'TPC_NONE', 'UC_NONE', 'UC_NONE', 'SBX_MPOLY', 'UC_NONE', 'UC_NONE', 'SBX_NONE', 'UC_NONE', 'SPC_NONE', 'TPC_NONE', 'TPC_NONE', 'UC_NONE', 'TPC_NONE', 'UC_NONE', 'SPC_NONE', 'SPC_NONE', 'TPC_NONE', 'UC_NONE', 'SPC_NONE', 'SPC_NONE', 'SPC_NONE', 'SPC_NONE', 'TPC_NONE', 'UC_NONE', 'SPC_NONE', 'SPC_NONE', 'SPC_NONE', 'TPC_NONE', 'UC_NONE', 'SPC_NONE', 'UC_MPOLY', 'TPC_NONE', 'SPC_NONE', 'TPC_MPOLY', 'TPC_NONE', 'UC_NONE', 'TPC_NONE', 'TPC_MPOLY', 'UC_MPOLY', 'TPC_NONE', 'TPC_NONE', 'UC_NONE', 'TPC_NONE', 'UC_NONE', 'SPC_MPOLY', 'SPC_NONE', 'SPC_NONE', 'UC_NONE', 'SPC_NONE', 'TPC_NONE', 'TPC_NONE', 'UC_NONE', 'UC_NONE', 'UC_NONE', 'UC_NONE', 'TPC_NONE', 'TPC_NONE', 'SPC_NONE']","{'SPC_MPOLY': 4, 'SBX_MPOLY': 2, 'TPC_NONE': 23, 'SPC_NONE': 18, 'UC_MPOLY': 4, 'SPC_MNUF': 1, 'TPC_MPOLY': 3, 'SBX_MNUF': 1, 'UC_NONE': 18, 'SBX_NONE': 1}"
25,76,SBX,MPOLY,0.6827703466097356,0.0391064304090322,482458037.76,295513719.9064676,1806703.52,1246231.7853565805,0.738331459042725,0.0003028045494185,0.0,0.045,GREEDY_HV,"['SPC_MBFLIP', 'SPC_MPOLY', 'SBX_MPOLY', 'TPC_NONE', 'TPC_NONE', 'SPC_MPOLY', 'SPC_NONE', 'TPC_NONE', 'TPC_NONE', 'UC_MPOLY', 'SPC_MNUF', 'TPC_NONE', 'SPC_MPOLY', 'TPC_MPOLY', 'SPC_NONE', 'SBX_MNUF', 'UC_MPOLY', 'TPC_NONE', 'TPC_NONE', 'UC_NONE', 'UC_NONE', 'SBX_MPOLY', 'UC_NONE', 'UC_NONE', 'SBX_NONE', 'UC_NONE', 'SPC_NONE', 'TPC_NONE', 'TPC_NONE', 'UC_NONE', 'TPC_NONE', 'UC_NONE', 'SPC_NONE', 'SPC_NONE', 'TPC_NONE', 'UC_NONE', 'SPC_NONE', 'SPC_NONE', 'SPC_NONE', 'SPC_NONE', 'TPC_NONE', 'UC_NONE', 'SPC_NONE', 'SPC_NONE', 'SPC_NONE', 'TPC_NONE', 'UC_NONE', 'SPC_NONE', 'UC_MPOLY', 'TPC_NONE', 'SPC_NONE', 'TPC_MPOLY', 'TPC_NONE', 'UC_NONE', 'TPC_NONE', 'TPC_MPOLY', 'UC_MPOLY', 'TPC_NONE', 'TPC_NONE', 'UC_NONE', 'TPC_NONE', 'UC_NONE', 'SPC_MPOLY', 'SPC_NONE', 'SPC_NONE', 'UC_NONE', 'SPC_NONE', 'TPC_NONE', 'TPC_NONE', 'UC_NONE', 'UC_NONE', 'UC_NONE', 'UC_NONE', 'TPC_NONE', 'TPC_NONE', 'SPC_NONE', 'SBX_MPOLY']","{'SPC_MPOLY': 4, 'SBX_MPOLY': 3, 'TPC_NONE': 23, 'SPC_NONE': 18, 'UC_MPOLY': 4, 'SPC_MNUF': 1, 'TPC_MPOLY': 3, 'SBX_MNUF': 1, 'UC_NONE': 18, 'SBX_NONE': 1}"
25,77,SPC,MNUF,0.6816782551184162,0.0399448669331144,479741670.4,297721037.16798383,1789173.92,1263293.6753923192,0.7384333546714336,0.0001018956287085,0.0,0.0,GREEDY_HV,"['SPC_MBFLIP', 'SPC_MPOLY', 'SBX_MPOLY', 'TPC_NONE', 'TPC_NONE', 'SPC_MPOLY', 'SPC_NONE', 'TPC_NONE', 'TPC_NONE', 'UC_MPOLY', 'SPC_MNUF', 'TPC_NONE', 'SPC_MPOLY', 'TPC_MPOLY', 'SPC_NONE', 'SBX_MNUF', 'UC_MPOLY', 'TPC_NONE', 'TPC_NONE', 'UC_NONE', 'UC_NONE', 'SBX_MPOLY', 'UC_NONE', 'UC_NONE', 'SBX_NONE', 'UC_NONE', 'SPC_NONE', 'TPC_NONE', 'TPC_NONE', 'UC_NONE', 'TPC_NONE', 'UC_NONE', 'SPC_NONE', 'SPC_NONE', 'TPC_NONE', 'UC_NONE', 'SPC_NONE', 'SPC_NONE', 'SPC_NONE', 'SPC_NONE', 'TPC_NONE', 'UC_NONE', 'SPC_NONE', 'SPC_NONE', 'SPC_NONE', 'TPC_NONE', 'UC_NONE', 'SPC_NONE', 'UC_MPOLY', 'TPC_NONE', 'SPC_NONE', 'TPC_MPOLY', 'TPC_NONE', 'UC_NONE', 'TPC_NONE', 'TPC_MPOLY', 'UC_MPOLY', 'TPC_NONE', 'TPC_NONE', 'UC_NONE', 'TPC_NONE', 'UC_NONE', 'SPC_MPOLY', 'SPC_NONE', 'SPC_NONE', 'UC_NONE', 'SPC_NONE', 'TPC_NONE', 'TPC_NONE', 'UC_NONE', 'UC_NONE', 'UC_NONE', 'UC_NONE', 'TPC_NONE', 'TPC_NONE', 'SPC_NONE', 'SBX_MPOLY', 'SPC_MNUF']","{'SPC_MPOLY': 4, 'SBX_MPOLY': 3, 'TPC_NONE': 23, 'SPC_NONE': 18, 'UC_MPOLY': 4, 'SPC_MNUF': 2, 'TPC_MPOLY': 3, 'SBX_MNUF': 1, 'UC_NONE': 18, 'SBX_NONE': 1}"
25,78,SPC,NONE,0.682230686388431,0.0390528833590759,479057884.16,303447864.9054873,1741147.04,1161578.4282742334,0.7385696871162565,0.0001363324448229,0.01,0.0,GREEDY_HV,"['SPC_MBFLIP', 'SPC_MPOLY', 'SBX_MPOLY', 'TPC_NONE', 'TPC_NONE', 'SPC_MPOLY', 'SPC_NONE', 'TPC_NONE', 'TPC_NONE', 'UC_MPOLY', 'SPC_MNUF', 'TPC_NONE', 'SPC_MPOLY', 'TPC_MPOLY', 'SPC_NONE', 'SBX_MNUF', 'UC_MPOLY', 'TPC_NONE', 'TPC_NONE', 'UC_NONE', 'UC_NONE', 'SBX_MPOLY', 'UC_NONE', 'UC_NONE', 'SBX_NONE', 'UC_NONE', 'SPC_NONE', 'TPC_NONE', 'TPC_NONE', 'UC_NONE', 'TPC_NONE', 'UC_NONE', 'SPC_NONE', 'SPC_NONE', 'TPC_NONE', 'UC_NONE', 'SPC_NONE', 'SPC_NONE', 'SPC_NONE', 'SPC_NONE', 'TPC_NONE', 'UC_NONE', 'SPC_NONE', 'SPC_NONE', 'SPC_NONE', 'TPC_NONE', 'UC_NONE', 'SPC_NONE', 'UC_MPOLY', 'TPC_NONE', 'SPC_NONE', 'TPC_MPOLY', 'TPC_NONE', 'UC_NONE', 'TPC_NONE', 'TPC_MPOLY', 'UC_MPOLY', 'TPC_NONE', 'TPC_NONE', 'UC_NONE', 'TPC_NONE', 'UC_NONE', 'SPC_MPOLY', 'SPC_NONE', 'SPC_NONE', 'UC_NONE', 'SPC_NONE', 'TPC_NONE', 'TPC_NONE', 'UC_NONE', 'UC_NONE', 'UC_NONE', 'UC_NONE', 'TPC_NONE', 'TPC_NONE', 'SPC_NONE', 'SBX_MPOLY', 'SPC_MNUF', 'SPC_NONE']","{'SPC_MPOLY': 4, 'SBX_MPOLY': 3, 'TPC_NONE': 23, 'SPC_NONE': 19, 'UC_MPOLY': 4, 'SPC_MNUF': 2, 'TPC_MPOLY': 3, 'SBX_MNUF': 1, 'UC_NONE': 18, 'SBX_NONE': 1}"
25,79,TPC,NONE,0.6794602847661133,0.0397330428412172,471843727.36,315378411.69841087,1644285.6,1199934.1627080708,0.7385986696247837,2.898250852723105e-05,0.01,0.0,GREEDY_HV,"['SPC_MBFLIP', 'SPC_MPOLY', 'SBX_MPOLY', 'TPC_NONE', 'TPC_NONE', 'SPC_MPOLY', 'SPC_NONE', 'TPC_NONE', 'TPC_NONE', 'UC_MPOLY', 'SPC_MNUF', 'TPC_NONE', 'SPC_MPOLY', 'TPC_MPOLY', 'SPC_NONE', 'SBX_MNUF', 'UC_MPOLY', 'TPC_NONE', 'TPC_NONE', 'UC_NONE', 'UC_NONE', 'SBX_MPOLY', 'UC_NONE', 'UC_NONE', 'SBX_NONE', 'UC_NONE', 'SPC_NONE', 'TPC_NONE', 'TPC_NONE', 'UC_NONE', 'TPC_NONE', 'UC_NONE', 'SPC_NONE', 'SPC_NONE', 'TPC_NONE', 'UC_NONE', 'SPC_NONE', 'SPC_NONE', 'SPC_NONE', 'SPC_NONE', 'TPC_NONE', 'UC_NONE', 'SPC_NONE', 'SPC_NONE', 'SPC_NONE', 'TPC_NONE', 'UC_NONE', 'SPC_NONE', 'UC_MPOLY', 'TPC_NONE', 'SPC_NONE', 'TPC_MPOLY', 'TPC_NONE', 'UC_NONE', 'TPC_NONE', 'TPC_MPOLY', 'UC_MPOLY', 'TPC_NONE', 'TPC_NONE', 'UC_NONE', 'TPC_NONE', 'UC_NONE', 'SPC_MPOLY', 'SPC_NONE', 'SPC_NONE', 'UC_NONE', 'SPC_NONE', 'TPC_NONE', 'TPC_NONE', 'UC_NONE', 'UC_NONE', 'UC_NONE', 'UC_NONE', 'TPC_NONE', 'TPC_NONE', 'SPC_NONE', 'SBX_MPOLY', 'SPC_MNUF', 'SPC_NONE', 'TPC_NONE']","{'SPC_MPOLY': 4, 'SBX_MPOLY': 3, 'TPC_NONE': 24, 'SPC_NONE': 19, 'UC_MPOLY': 4, 'SPC_MNUF': 2, 'TPC_MPOLY': 3, 'SBX_MNUF': 1, 'UC_NONE': 18, 'SBX_NONE': 1}"
25,80,SPC,NONE,0.6807818603476105,0.0394375123974581,474069237.76,308851578.288808,1689798.56,1180757.3448918308,0.7386102708260003,1.1601201216571155e-05,0.0,0.0,GREEDY_HV,"['SPC_MBFLIP', 'SPC_MPOLY', 'SBX_MPOLY', 'TPC_NONE', 'TPC_NONE', 'SPC_MPOLY', 'SPC_NONE', 'TPC_NONE', 'TPC_NONE', 'UC_MPOLY', 'SPC_MNUF', 'TPC_NONE', 'SPC_MPOLY', 'TPC_MPOLY', 'SPC_NONE', 'SBX_MNUF', 'UC_MPOLY', 'TPC_NONE', 'TPC_NONE', 'UC_NONE', 'UC_NONE', 'SBX_MPOLY', 'UC_NONE', 'UC_NONE', 'SBX_NONE', 'UC_NONE', 'SPC_NONE', 'TPC_NONE', 'TPC_NONE', 'UC_NONE', 'TPC_NONE', 'UC_NONE', 'SPC_NONE', 'SPC_NONE', 'TPC_NONE', 'UC_NONE', 'SPC_NONE', 'SPC_NONE', 'SPC_NONE', 'SPC_NONE', 'TPC_NONE', 'UC_NONE', 'SPC_NONE', 'SPC_NONE', 'SPC_NONE', 'TPC_NONE', 'UC_NONE', 'SPC_NONE', 'UC_MPOLY', 'TPC_NONE', 'SPC_NONE', 'TPC_MPOLY', 'TPC_NONE', 'UC_NONE', 'TPC_NONE', 'TPC_MPOLY', 'UC_MPOLY', 'TPC_NONE', 'TPC_NONE', 'UC_NONE', 'TPC_NONE', 'UC_NONE', 'SPC_MPOLY', 'SPC_NONE', 'SPC_NONE', 'UC_NONE', 'SPC_NONE', 'TPC_NONE', 'TPC_NONE', 'UC_NONE', 'UC_NONE', 'UC_NONE', 'UC_NONE', 'TPC_NONE', 'TPC_NONE', 'SPC_NONE', 'SBX_MPOLY', 'SPC_MNUF', 'SPC_NONE', 'TPC_NONE', 'SPC_NONE']","{'SPC_MPOLY': 4, 'SBX_MPOLY': 3, 'TPC_NONE': 24, 'SPC_NONE': 20, 'UC_MPOLY': 4, 'SPC_MNUF': 2, 'TPC_MPOLY': 3, 'SBX_MNUF': 1, 'UC_NONE': 18, 'SBX_NONE': 1}"
25,81,UC,NONE,0.6805707073481807,0.0395549565551317,486700236.8,316454254.1498121,1668713.12,1212834.3797615345,0.73866096047096,5.068964495968942e-05,0.0,0.0,GREEDY_HV,"['SPC_MBFLIP', 'SPC_MPOLY', 'SBX_MPOLY', 'TPC_NONE', 'TPC_NONE', 'SPC_MPOLY', 'SPC_NONE', 'TPC_NONE', 'TPC_NONE', 'UC_MPOLY', 'SPC_MNUF', 'TPC_NONE', 'SPC_MPOLY', 'TPC_MPOLY', 'SPC_NONE', 'SBX_MNUF', 'UC_MPOLY', 'TPC_NONE', 'TPC_NONE', 'UC_NONE', 'UC_NONE', 'SBX_MPOLY', 'UC_NONE', 'UC_NONE', 'SBX_NONE', 'UC_NONE', 'SPC_NONE', 'TPC_NONE', 'TPC_NONE', 'UC_NONE', 'TPC_NONE', 'UC_NONE', 'SPC_NONE', 'SPC_NONE', 'TPC_NONE', 'UC_NONE', 'SPC_NONE', 'SPC_NONE', 'SPC_NONE', 'SPC_NONE', 'TPC_NONE', 'UC_NONE', 'SPC_NONE', 'SPC_NONE', 'SPC_NONE', 'TPC_NONE', 'UC_NONE', 'SPC_NONE', 'UC_MPOLY', 'TPC_NONE', 'SPC_NONE', 'TPC_MPOLY', 'TPC_NONE', 'UC_NONE', 'TPC_NONE', 'TPC_MPOLY', 'UC_MPOLY', 'TPC_NONE', 'TPC_NONE', 'UC_NONE', 'TPC_NONE', 'UC_NONE', 'SPC_MPOLY', 'SPC_NONE', 'SPC_NONE', 'UC_NONE', 'SPC_NONE', 'TPC_NONE', 'TPC_NONE', 'UC_NONE', 'UC_NONE', 'UC_NONE', 'UC_NONE', 'TPC_NONE', 'TPC_NONE', 'SPC_NONE', 'SBX_MPOLY', 'SPC_MNUF', 'SPC_NONE', 'TPC_NONE', 'SPC_NONE', 'UC_NONE']","{'SPC_MPOLY': 4, 'SBX_MPOLY': 3, 'TPC_NONE': 24, 'SPC_NONE': 20, 'UC_MPOLY': 4, 'SPC_MNUF': 2, 'TPC_MPOLY': 3, 'SBX_MNUF': 1, 'UC_NONE': 19, 'SBX_NONE': 1}"
25,82,SPC,NONE,0.6825926488539272,0.0393073952975025,497781504.0,314429714.5917332,1702561.44,1209486.8829367294,0.7387182082853528,5.724781439286897e-05,0.0,0.0,GREEDY_HV,"['SPC_MBFLIP', 'SPC_MPOLY', 'SBX_MPOLY', 'TPC_NONE', 'TPC_NONE', 'SPC_MPOLY', 'SPC_NONE', 'TPC_NONE', 'TPC_NONE', 'UC_MPOLY', 'SPC_MNUF', 'TPC_NONE', 'SPC_MPOLY', 'TPC_MPOLY', 'SPC_NONE', 'SBX_MNUF', 'UC_MPOLY', 'TPC_NONE', 'TPC_NONE', 'UC_NONE', 'UC_NONE', 'SBX_MPOLY', 'UC_NONE', 'UC_NONE', 'SBX_NONE', 'UC_NONE', 'SPC_NONE', 'TPC_NONE', 'TPC_NONE', 'UC_NONE', 'TPC_NONE', 'UC_NONE', 'SPC_NONE', 'SPC_NONE', 'TPC_NONE', 'UC_NONE', 'SPC_NONE', 'SPC_NONE', 'SPC_NONE', 'SPC_NONE', 'TPC_NONE', 'UC_NONE', 'SPC_NONE', 'SPC_NONE', 'SPC_NONE', 'TPC_NONE', 'UC_NONE', 'SPC_NONE', 'UC_MPOLY', 'TPC_NONE', 'SPC_NONE', 'TPC_MPOLY', 'TPC_NONE', 'UC_NONE', 'TPC_NONE', 'TPC_MPOLY', 'UC_MPOLY', 'TPC_NONE', 'TPC_NONE', 'UC_NONE', 'TPC_NONE', 'UC_NONE', 'SPC_MPOLY', 'SPC_NONE', 'SPC_NONE', 'UC_NONE', 'SPC_NONE', 'TPC_NONE', 'TPC_NONE', 'UC_NONE', 'UC_NONE', 'UC_NONE', 'UC_NONE', 'TPC_NONE', 'TPC_NONE', 'SPC_NONE', 'SBX_MPOLY', 'SPC_MNUF', 'SPC_NONE', 'TPC_NONE', 'SPC_NONE', 'UC_NONE', 'SPC_NONE']","{'SPC_MPOLY': 4, 'SBX_MPOLY': 3, 'TPC_NONE': 24, 'SPC_NONE': 21, 'UC_MPOLY': 4, 'SPC_MNUF': 2, 'TPC_MPOLY': 3, 'SBX_MNUF': 1, 'UC_NONE': 19, 'SBX_NONE': 1}"
25,83,UC,NONE,0.6822112737631696,0.0395455314594487,503831787.52,314792500.7739012,1695052.96,1224830.020791211,0.7387088017951263,-9.40649022651563e-06,0.01,0.0,GREEDY_HV,"['SPC_MBFLIP', 'SPC_MPOLY', 'SBX_MPOLY', 'TPC_NONE', 'TPC_NONE', 'SPC_MPOLY', 'SPC_NONE', 'TPC_NONE', 'TPC_NONE', 'UC_MPOLY', 'SPC_MNUF', 'TPC_NONE', 'SPC_MPOLY', 'TPC_MPOLY', 'SPC_NONE', 'SBX_MNUF', 'UC_MPOLY', 'TPC_NONE', 'TPC_NONE', 'UC_NONE', 'UC_NONE', 'SBX_MPOLY', 'UC_NONE', 'UC_NONE', 'SBX_NONE', 'UC_NONE', 'SPC_NONE', 'TPC_NONE', 'TPC_NONE', 'UC_NONE', 'TPC_NONE', 'UC_NONE', 'SPC_NONE', 'SPC_NONE', 'TPC_NONE', 'UC_NONE', 'SPC_NONE', 'SPC_NONE', 'SPC_NONE', 'SPC_NONE', 'TPC_NONE', 'UC_NONE', 'SPC_NONE', 'SPC_NONE', 'SPC_NONE', 'TPC_NONE', 'UC_NONE', 'SPC_NONE', 'UC_MPOLY', 'TPC_NONE', 'SPC_NONE', 'TPC_MPOLY', 'TPC_NONE', 'UC_NONE', 'TPC_NONE', 'TPC_MPOLY', 'UC_MPOLY', 'TPC_NONE', 'TPC_NONE', 'UC_NONE', 'TPC_NONE', 'UC_NONE', 'SPC_MPOLY', 'SPC_NONE', 'SPC_NONE', 'UC_NONE', 'SPC_NONE', 'TPC_NONE', 'TPC_NONE', 'UC_NONE', 'UC_NONE', 'UC_NONE', 'UC_NONE', 'TPC_NONE', 'TPC_NONE', 'SPC_NONE', 'SBX_MPOLY', 'SPC_MNUF', 'SPC_NONE', 'TPC_NONE', 'SPC_NONE', 'UC_NONE', 'SPC_NONE', 'UC_NONE']","{'SPC_MPOLY': 4, 'SBX_MPOLY': 3, 'TPC_NONE': 24, 'SPC_NONE': 21, 'UC_MPOLY': 4, 'SPC_MNUF': 2, 'TPC_MPOLY': 3, 'SBX_MNUF': 1, 'UC_NONE': 20, 'SBX_NONE': 1}"
25,84,TPC,NONE,0.6836761320689174,0.0385870026492078,507297712.64,308876156.5212586,1651259.04,1121108.144693864,0.7387602786309869,5.14768358605977e-05,0.01,0.0,GREEDY_HV,"['SPC_MBFLIP', 'SPC_MPOLY', 'SBX_MPOLY', 'TPC_NONE', 'TPC_NONE', 'SPC_MPOLY', 'SPC_NONE', 'TPC_NONE', 'TPC_NONE', 'UC_MPOLY', 'SPC_MNUF', 'TPC_NONE', 'SPC_MPOLY', 'TPC_MPOLY', 'SPC_NONE', 'SBX_MNUF', 'UC_MPOLY', 'TPC_NONE', 'TPC_NONE', 'UC_NONE', 'UC_NONE', 'SBX_MPOLY', 'UC_NONE', 'UC_NONE', 'SBX_NONE', 'UC_NONE', 'SPC_NONE', 'TPC_NONE', 'TPC_NONE', 'UC_NONE', 'TPC_NONE', 'UC_NONE', 'SPC_NONE', 'SPC_NONE', 'TPC_NONE', 'UC_NONE', 'SPC_NONE', 'SPC_NONE', 'SPC_NONE', 'SPC_NONE', 'TPC_NONE', 'UC_NONE', 'SPC_NONE', 'SPC_NONE', 'SPC_NONE', 'TPC_NONE', 'UC_NONE', 'SPC_NONE', 'UC_MPOLY', 'TPC_NONE', 'SPC_NONE', 'TPC_MPOLY', 'TPC_NONE', 'UC_NONE', 'TPC_NONE', 'TPC_MPOLY', 'UC_MPOLY', 'TPC_NONE', 'TPC_NONE', 'UC_NONE', 'TPC_NONE', 'UC_NONE', 'SPC_MPOLY', 'SPC_NONE', 'SPC_NONE', 'UC_NONE', 'SPC_NONE', 'TPC_NONE', 'TPC_NONE', 'UC_NONE', 'UC_NONE', 'UC_NONE', 'UC_NONE', 'TPC_NONE', 'TPC_NONE', 'SPC_NONE', 'SBX_MPOLY', 'SPC_MNUF', 'SPC_NONE', 'TPC_NONE', 'SPC_NONE', 'UC_NONE', 'SPC_NONE', 'UC_NONE', 'TPC_NONE']","{'SPC_MPOLY': 4, 'SBX_MPOLY': 3, 'TPC_NONE': 25, 'SPC_NONE': 21, 'UC_MPOLY': 4, 'SPC_MNUF': 2, 'TPC_MPOLY': 3, 'SBX_MNUF': 1, 'UC_NONE': 20, 'SBX_NONE': 1}"
25,85,TPC,NONE,0.6814329230003188,0.0394314654359972,508623298.56,320802746.90240204,1608295.84,1186318.243499127,0.7387714018309921,1.1123200005180855e-05,0.01,0.0,GREEDY_HV,"['SPC_MBFLIP', 'SPC_MPOLY', 'SBX_MPOLY', 'TPC_NONE', 'TPC_NONE', 'SPC_MPOLY', 'SPC_NONE', 'TPC_NONE', 'TPC_NONE', 'UC_MPOLY', 'SPC_MNUF', 'TPC_NONE', 'SPC_MPOLY', 'TPC_MPOLY', 'SPC_NONE', 'SBX_MNUF', 'UC_MPOLY', 'TPC_NONE', 'TPC_NONE', 'UC_NONE', 'UC_NONE', 'SBX_MPOLY', 'UC_NONE', 'UC_NONE', 'SBX_NONE', 'UC_NONE', 'SPC_NONE', 'TPC_NONE', 'TPC_NONE', 'UC_NONE', 'TPC_NONE', 'UC_NONE', 'SPC_NONE', 'SPC_NONE', 'TPC_NONE', 'UC_NONE', 'SPC_NONE', 'SPC_NONE', 'SPC_NONE', 'SPC_NONE', 'TPC_NONE', 'UC_NONE', 'SPC_NONE', 'SPC_NONE', 'SPC_NONE', 'TPC_NONE', 'UC_NONE', 'SPC_NONE', 'UC_MPOLY', 'TPC_NONE', 'SPC_NONE', 'TPC_MPOLY', 'TPC_NONE', 'UC_NONE', 'TPC_NONE', 'TPC_MPOLY', 'UC_MPOLY', 'TPC_NONE', 'TPC_NONE', 'UC_NONE', 'TPC_NONE', 'UC_NONE', 'SPC_MPOLY', 'SPC_NONE', 'SPC_NONE', 'UC_NONE', 'SPC_NONE', 'TPC_NONE', 'TPC_NONE', 'UC_NONE', 'UC_NONE', 'UC_NONE', 'UC_NONE', 'TPC_NONE', 'TPC_NONE', 'SPC_NONE', 'SBX_MPOLY', 'SPC_MNUF', 'SPC_NONE', 'TPC_NONE', 'SPC_NONE', 'UC_NONE', 'SPC_NONE', 'UC_NONE', 'TPC_NONE', 'TPC_NONE']","{'SPC_MPOLY': 4, 'SBX_MPOLY': 3, 'TPC_NONE': 26, 'SPC_NONE': 21, 'UC_MPOLY': 4, 'SPC_MNUF': 2, 'TPC_MPOLY': 3, 'SBX_MNUF': 1, 'UC_NONE': 20, 'SBX_NONE': 1}"
25,86,SPC,NONE,0.6837157522676282,0.0379768318855607,512694410.24,312012400.821946,1641609.12,1166195.1607741932,0.7387652342400813,-6.16759091076613e-06,0.0,0.0,GREEDY_HV,"['SPC_MBFLIP', 'SPC_MPOLY', 'SBX_MPOLY', 'TPC_NONE', 'TPC_NONE', 'SPC_MPOLY', 'SPC_NONE', 'TPC_NONE', 'TPC_NONE', 'UC_MPOLY', 'SPC_MNUF', 'TPC_NONE', 'SPC_MPOLY', 'TPC_MPOLY', 'SPC_NONE', 'SBX_MNUF', 'UC_MPOLY', 'TPC_NONE', 'TPC_NONE', 'UC_NONE', 'UC_NONE', 'SBX_MPOLY', 'UC_NONE', 'UC_NONE', 'SBX_NONE', 'UC_NONE', 'SPC_NONE', 'TPC_NONE', 'TPC_NONE', 'UC_NONE', 'TPC_NONE', 'UC_NONE', 'SPC_NONE', 'SPC_NONE', 'TPC_NONE', 'UC_NONE', 'SPC_NONE', 'SPC_NONE', 'SPC_NONE', 'SPC_NONE', 'TPC_NONE', 'UC_NONE', 'SPC_NONE', 'SPC_NONE', 'SPC_NONE', 'TPC_NONE', 'UC_NONE', 'SPC_NONE', 'UC_MPOLY', 'TPC_NONE', 'SPC_NONE', 'TPC_MPOLY', 'TPC_NONE', 'UC_NONE', 'TPC_NONE', 'TPC_MPOLY', 'UC_MPOLY', 'TPC_NONE', 'TPC_NONE', 'UC_NONE', 'TPC_NONE', 'UC_NONE', 'SPC_MPOLY', 'SPC_NONE', 'SPC_NONE', 'UC_NONE', 'SPC_NONE', 'TPC_NONE', 'TPC_NONE', 'UC_NONE', 'UC_NONE', 'UC_NONE', 'UC_NONE', 'TPC_NONE', 'TPC_NONE', 'SPC_NONE', 'SBX_MPOLY', 'SPC_MNUF', 'SPC_NONE', 'TPC_NONE', 'SPC_NONE', 'UC_NONE', 'SPC_NONE', 'UC_NONE', 'TPC_NONE', 'TPC_NONE', 'SPC_NONE']","{'SPC_MPOLY': 4, 'SBX_MPOLY': 3, 'TPC_NONE': 26, 'SPC_NONE': 22, 'UC_MPOLY': 4, 'SPC_MNUF': 2, 'TPC_MPOLY': 3, 'SBX_MNUF': 1, 'UC_NONE': 20, 'SBX_NONE': 1}"
25,87,TPC,NONE,0.6848282527206914,0.0385875887443543,519284165.12,304794044.3440996,1705932.96,1170940.6771275986,0.7387979513565103,3.271711642893749e-05,0.02,0.0,GREEDY_HV,"['SPC_MBFLIP', 'SPC_MPOLY', 'SBX_MPOLY', 'TPC_NONE', 'TPC_NONE', 'SPC_MPOLY', 'SPC_NONE', 'TPC_NONE', 'TPC_NONE', 'UC_MPOLY', 'SPC_MNUF', 'TPC_NONE', 'SPC_MPOLY', 'TPC_MPOLY', 'SPC_NONE', 'SBX_MNUF', 'UC_MPOLY', 'TPC_NONE', 'TPC_NONE', 'UC_NONE', 'UC_NONE', 'SBX_MPOLY', 'UC_NONE', 'UC_NONE', 'SBX_NONE', 'UC_NONE', 'SPC_NONE', 'TPC_NONE', 'TPC_NONE', 'UC_NONE', 'TPC_NONE', 'UC_NONE', 'SPC_NONE', 'SPC_NONE', 'TPC_NONE', 'UC_NONE', 'SPC_NONE', 'SPC_NONE', 'SPC_NONE', 'SPC_NONE', 'TPC_NONE', 'UC_NONE', 'SPC_NONE', 'SPC_NONE', 'SPC_NONE', 'TPC_NONE', 'UC_NONE', 'SPC_NONE', 'UC_MPOLY', 'TPC_NONE', 'SPC_NONE', 'TPC_MPOLY', 'TPC_NONE', 'UC_NONE', 'TPC_NONE', 'TPC_MPOLY', 'UC_MPOLY', 'TPC_NONE', 'TPC_NONE', 'UC_NONE', 'TPC_NONE', 'UC_NONE', 'SPC_MPOLY', 'SPC_NONE', 'SPC_NONE', 'UC_NONE', 'SPC_NONE', 'TPC_NONE', 'TPC_NONE', 'UC_NONE', 'UC_NONE', 'UC_NONE', 'UC_NONE', 'TPC_NONE', 'TPC_NONE', 'SPC_NONE', 'SBX_MPOLY', 'SPC_MNUF', 'SPC_NONE', 'TPC_NONE', 'SPC_NONE', 'UC_NONE', 'SPC_NONE', 'UC_NONE', 'TPC_NONE', 'TPC_NONE', 'SPC_NONE', 'TPC_NONE']","{'SPC_MPOLY': 4, 'SBX_MPOLY': 3, 'TPC_NONE': 27, 'SPC_NONE': 22, 'UC_MPOLY': 4, 'SPC_MNUF': 2, 'TPC_MPOLY': 3, 'SBX_MNUF': 1, 'UC_NONE': 20, 'SBX_NONE': 1}"
25,88,UC,NONE,0.6828742882154537,0.0391940904374526,507791843.84,314956235.829848,1675929.76,1200346.0130554116,0.7388109361556017,1.2984799091397823e-05,0.0,0.0,GREEDY_HV,"['SPC_MBFLIP', 'SPC_MPOLY', 'SBX_MPOLY', 'TPC_NONE', 'TPC_NONE', 'SPC_MPOLY', 'SPC_NONE', 'TPC_NONE', 'TPC_NONE', 'UC_MPOLY', 'SPC_MNUF', 'TPC_NONE', 'SPC_MPOLY', 'TPC_MPOLY', 'SPC_NONE', 'SBX_MNUF', 'UC_MPOLY', 'TPC_NONE', 'TPC_NONE', 'UC_NONE', 'UC_NONE', 'SBX_MPOLY', 'UC_NONE', 'UC_NONE', 'SBX_NONE', 'UC_NONE', 'SPC_NONE', 'TPC_NONE', 'TPC_NONE', 'UC_NONE', 'TPC_NONE', 'UC_NONE', 'SPC_NONE', 'SPC_NONE', 'TPC_NONE', 'UC_NONE', 'SPC_NONE', 'SPC_NONE', 'SPC_NONE', 'SPC_NONE', 'TPC_NONE', 'UC_NONE', 'SPC_NONE', 'SPC_NONE', 'SPC_NONE', 'TPC_NONE', 'UC_NONE', 'SPC_NONE', 'UC_MPOLY', 'TPC_NONE', 'SPC_NONE', 'TPC_MPOLY', 'TPC_NONE', 'UC_NONE', 'TPC_NONE', 'TPC_MPOLY', 'UC_MPOLY', 'TPC_NONE', 'TPC_NONE', 'UC_NONE', 'TPC_NONE', 'UC_NONE', 'SPC_MPOLY', 'SPC_NONE', 'SPC_NONE', 'UC_NONE', 'SPC_NONE', 'TPC_NONE', 'TPC_NONE', 'UC_NONE', 'UC_NONE', 'UC_NONE', 'UC_NONE', 'TPC_NONE', 'TPC_NONE', 'SPC_NONE', 'SBX_MPOLY', 'SPC_MNUF', 'SPC_NONE', 'TPC_NONE', 'SPC_NONE', 'UC_NONE', 'SPC_NONE', 'UC_NONE', 'TPC_NONE', 'TPC_NONE', 'SPC_NONE', 'TPC_NONE', 'UC_NONE']","{'SPC_MPOLY': 4, 'SBX_MPOLY': 3, 'TPC_NONE': 27, 'SPC_NONE': 22, 'UC_MPOLY': 4, 'SPC_MNUF': 2, 'TPC_MPOLY': 3, 'SBX_MNUF': 1, 'UC_NONE': 21, 'SBX_NONE': 1}"
25,89,SBX,NONE,0.6787782301496819,0.0395234759000763,502549125.12,532516343.77229697,1528765.6,1240492.5955289856,0.7397806557932876,0.0009697196376858,0.0,0.0,GREEDY_HV,"['SPC_MBFLIP', 'SPC_MPOLY', 'SBX_MPOLY', 'TPC_NONE', 'TPC_NONE', 'SPC_MPOLY', 'SPC_NONE', 'TPC_NONE', 'TPC_NONE', 'UC_MPOLY', 'SPC_MNUF', 'TPC_NONE', 'SPC_MPOLY', 'TPC_MPOLY', 'SPC_NONE', 'SBX_MNUF', 'UC_MPOLY', 'TPC_NONE', 'TPC_NONE', 'UC_NONE', 'UC_NONE', 'SBX_MPOLY', 'UC_NONE', 'UC_NONE', 'SBX_NONE', 'UC_NONE', 'SPC_NONE', 'TPC_NONE', 'TPC_NONE', 'UC_NONE', 'TPC_NONE', 'UC_NONE', 'SPC_NONE', 'SPC_NONE', 'TPC_NONE', 'UC_NONE', 'SPC_NONE', 'SPC_NONE', 'SPC_NONE', 'SPC_NONE', 'TPC_NONE', 'UC_NONE', 'SPC_NONE', 'SPC_NONE', 'SPC_NONE', 'TPC_NONE', 'UC_NONE', 'SPC_NONE', 'UC_MPOLY', 'TPC_NONE', 'SPC_NONE', 'TPC_MPOLY', 'TPC_NONE', 'UC_NONE', 'TPC_NONE', 'TPC_MPOLY', 'UC_MPOLY', 'TPC_NONE', 'TPC_NONE', 'UC_NONE', 'TPC_NONE', 'UC_NONE', 'SPC_MPOLY', 'SPC_NONE', 'SPC_NONE', 'UC_NONE', 'SPC_NONE', 'TPC_NONE', 'TPC_NONE', 'UC_NONE', 'UC_NONE', 'UC_NONE', 'UC_NONE', 'TPC_NONE', 'TPC_NONE', 'SPC_NONE', 'SBX_MPOLY', 'SPC_MNUF', 'SPC_NONE', 'TPC_NONE', 'SPC_NONE', 'UC_NONE', 'SPC_NONE', 'UC_NONE', 'TPC_NONE', 'TPC_NONE', 'SPC_NONE', 'TPC_NONE', 'UC_NONE', 'SBX_NONE']","{'SPC_MPOLY': 4, 'SBX_MPOLY': 3, 'TPC_NONE': 27, 'SPC_NONE': 22, 'UC_MPOLY': 4, 'SPC_MNUF': 2, 'TPC_MPOLY': 3, 'SBX_MNUF': 1, 'UC_NONE': 21, 'SBX_NONE': 2}"
25,90,UC,NONE,0.6807483593051913,0.0394300659888631,549516467.2,681021357.3228177,1668965.28,1309027.876681731,0.7398523330471324,7.167725384482626e-05,0.0,0.0,GREEDY_HV,"['SPC_MBFLIP', 'SPC_MPOLY', 'SBX_MPOLY', 'TPC_NONE', 'TPC_NONE', 'SPC_MPOLY', 'SPC_NONE', 'TPC_NONE', 'TPC_NONE', 'UC_MPOLY', 'SPC_MNUF', 'TPC_NONE', 'SPC_MPOLY', 'TPC_MPOLY', 'SPC_NONE', 'SBX_MNUF', 'UC_MPOLY', 'TPC_NONE', 'TPC_NONE', 'UC_NONE', 'UC_NONE', 'SBX_MPOLY', 'UC_NONE', 'UC_NONE', 'SBX_NONE', 'UC_NONE', 'SPC_NONE', 'TPC_NONE', 'TPC_NONE', 'UC_NONE', 'TPC_NONE', 'UC_NONE', 'SPC_NONE', 'SPC_NONE', 'TPC_NONE', 'UC_NONE', 'SPC_NONE', 'SPC_NONE', 'SPC_NONE', 'SPC_NONE', 'TPC_NONE', 'UC_NONE', 'SPC_NONE', 'SPC_NONE', 'SPC_NONE', 'TPC_NONE', 'UC_NONE', 'SPC_NONE', 'UC_MPOLY', 'TPC_NONE', 'SPC_NONE', 'TPC_MPOLY', 'TPC_NONE', 'UC_NONE', 'TPC_NONE', 'TPC_MPOLY', 'UC_MPOLY', 'TPC_NONE', 'TPC_NONE', 'UC_NONE', 'TPC_NONE', 'UC_NONE', 'SPC_MPOLY', 'SPC_NONE', 'SPC_NONE', 'UC_NONE', 'SPC_NONE', 'TPC_NONE', 'TPC_NONE', 'UC_NONE', 'UC_NONE', 'UC_NONE', 'UC_NONE', 'TPC_NONE', 'TPC_NONE', 'SPC_NONE', 'SBX_MPOLY', 'SPC_MNUF', 'SPC_NONE', 'TPC_NONE', 'SPC_NONE', 'UC_NONE', 'SPC_NONE', 'UC_NONE', 'TPC_NONE', 'TPC_NONE', 'SPC_NONE', 'TPC_NONE', 'UC_NONE', 'SBX_NONE', 'UC_NONE']","{'SPC_MPOLY': 4, 'SBX_MPOLY': 3, 'TPC_NONE': 27, 'SPC_NONE': 22, 'UC_MPOLY': 4, 'SPC_MNUF': 2, 'TPC_MPOLY': 3, 'SBX_MNUF': 1, 'UC_NONE': 22, 'SBX_NONE': 2}"
25,91,SPC,NONE,0.6803397832565068,0.0396706535773856,586549872.64,779315522.7692693,1655993.76,1355964.7392560404,0.7399154614028975,6.312835576516296e-05,0.0,0.0,GREEDY_HV,"['SPC_MBFLIP', 'SPC_MPOLY', 'SBX_MPOLY', 'TPC_NONE', 'TPC_NONE', 'SPC_MPOLY', 'SPC_NONE', 'TPC_NONE', 'TPC_NONE', 'UC_MPOLY', 'SPC_MNUF', 'TPC_NONE', 'SPC_MPOLY', 'TPC_MPOLY', 'SPC_NONE', 'SBX_MNUF', 'UC_MPOLY', 'TPC_NONE', 'TPC_NONE', 'UC_NONE', 'UC_NONE', 'SBX_MPOLY', 'UC_NONE', 'UC_NONE', 'SBX_NONE', 'UC_NONE', 'SPC_NONE', 'TPC_NONE', 'TPC_NONE', 'UC_NONE', 'TPC_NONE', 'UC_NONE', 'SPC_NONE', 'SPC_NONE', 'TPC_NONE', 'UC_NONE', 'SPC_NONE', 'SPC_NONE', 'SPC_NONE', 'SPC_NONE', 'TPC_NONE', 'UC_NONE', 'SPC_NONE', 'SPC_NONE', 'SPC_NONE', 'TPC_NONE', 'UC_NONE', 'SPC_NONE', 'UC_MPOLY', 'TPC_NONE', 'SPC_NONE', 'TPC_MPOLY', 'TPC_NONE', 'UC_NONE', 'TPC_NONE', 'TPC_MPOLY', 'UC_MPOLY', 'TPC_NONE', 'TPC_NONE', 'UC_NONE', 'TPC_NONE', 'UC_NONE', 'SPC_MPOLY', 'SPC_NONE', 'SPC_NONE', 'UC_NONE', 'SPC_NONE', 'TPC_NONE', 'TPC_NONE', 'UC_NONE', 'UC_NONE', 'UC_NONE', 'UC_NONE', 'TPC_NONE', 'TPC_NONE', 'SPC_NONE', 'SBX_MPOLY', 'SPC_MNUF', 'SPC_NONE', 'TPC_NONE', 'SPC_NONE', 'UC_NONE', 'SPC_NONE', 'UC_NONE', 'TPC_NONE', 'TPC_NONE', 'SPC_NONE', 'TPC_NONE', 'UC_NONE', 'SBX_NONE', 'UC_NONE', 'SPC_NONE']","{'SPC_MPOLY': 4, 'SBX_MPOLY': 3, 'TPC_NONE': 27, 'SPC_NONE': 23, 'UC_MPOLY': 4, 'SPC_MNUF': 2, 'TPC_MPOLY': 3, 'SBX_MNUF': 1, 'UC_NONE': 22, 'SBX_NONE': 2}"
25,92,UC,NONE,0.6796683447989349,0.0395854594534524,606928824.32,867787585.0600456,1657605.28,1402519.4655108794,0.739911480594852,-3.980808045533912e-06,0.01,0.0,GREEDY_HV,"['SPC_MBFLIP', 'SPC_MPOLY', 'SBX_MPOLY', 'TPC_NONE', 'TPC_NONE', 'SPC_MPOLY', 'SPC_NONE', 'TPC_NONE', 'TPC_NONE', 'UC_MPOLY', 'SPC_MNUF', 'TPC_NONE', 'SPC_MPOLY', 'TPC_MPOLY', 'SPC_NONE', 'SBX_MNUF', 'UC_MPOLY', 'TPC_NONE', 'TPC_NONE', 'UC_NONE', 'UC_NONE', 'SBX_MPOLY', 'UC_NONE', 'UC_NONE', 'SBX_NONE', 'UC_NONE', 'SPC_NONE', 'TPC_NONE', 'TPC_NONE', 'UC_NONE', 'TPC_NONE', 'UC_NONE', 'SPC_NONE', 'SPC_NONE', 'TPC_NONE', 'UC_NONE', 'SPC_NONE', 'SPC_NONE', 'SPC_NONE', 'SPC_NONE', 'TPC_NONE', 'UC_NONE', 'SPC_NONE', 'SPC_NONE', 'SPC_NONE', 'TPC_NONE', 'UC_NONE', 'SPC_NONE', 'UC_MPOLY', 'TPC_NONE', 'SPC_NONE', 'TPC_MPOLY', 'TPC_NONE', 'UC_NONE', 'TPC_NONE', 'TPC_MPOLY', 'UC_MPOLY', 'TPC_NONE', 'TPC_NONE', 'UC_NONE', 'TPC_NONE', 'UC_NONE', 'SPC_MPOLY', 'SPC_NONE', 'SPC_NONE', 'UC_NONE', 'SPC_NONE', 'TPC_NONE', 'TPC_NONE', 'UC_NONE', 'UC_NONE', 'UC_NONE', 'UC_NONE', 'TPC_NONE', 'TPC_NONE', 'SPC_NONE', 'SBX_MPOLY', 'SPC_MNUF', 'SPC_NONE', 'TPC_NONE', 'SPC_NONE', 'UC_NONE', 'SPC_NONE', 'UC_NONE', 'TPC_NONE', 'TPC_NONE', 'SPC_NONE', 'TPC_NONE', 'UC_NONE', 'SBX_NONE', 'UC_NONE', 'SPC_NONE', 'UC_NONE']","{'SPC_MPOLY': 4, 'SBX_MPOLY': 3, 'TPC_NONE': 27, 'SPC_NONE': 23, 'UC_MPOLY': 4, 'SPC_MNUF': 2, 'TPC_MPOLY': 3, 'SBX_MNUF': 1, 'UC_NONE': 23, 'SBX_NONE': 2}"
25,93,UC,NONE,0.6798598535500449,0.0398050545572618,611524933.12,867383778.17088,1664317.6,1401113.3476530442,0.7399254744472583,1.3993852406302132e-05,0.01,0.0,GREEDY_HV,"['SPC_MBFLIP', 'SPC_MPOLY', 'SBX_MPOLY', 'TPC_NONE', 'TPC_NONE', 'SPC_MPOLY', 'SPC_NONE', 'TPC_NONE', 'TPC_NONE', 'UC_MPOLY', 'SPC_MNUF', 'TPC_NONE', 'SPC_MPOLY', 'TPC_MPOLY', 'SPC_NONE', 'SBX_MNUF', 'UC_MPOLY', 'TPC_NONE', 'TPC_NONE', 'UC_NONE', 'UC_NONE', 'SBX_MPOLY', 'UC_NONE', 'UC_NONE', 'SBX_NONE', 'UC_NONE', 'SPC_NONE', 'TPC_NONE', 'TPC_NONE', 'UC_NONE', 'TPC_NONE', 'UC_NONE', 'SPC_NONE', 'SPC_NONE', 'TPC_NONE', 'UC_NONE', 'SPC_NONE', 'SPC_NONE', 'SPC_NONE', 'SPC_NONE', 'TPC_NONE', 'UC_NONE', 'SPC_NONE', 'SPC_NONE', 'SPC_NONE', 'TPC_NONE', 'UC_NONE', 'SPC_NONE', 'UC_MPOLY', 'TPC_NONE', 'SPC_NONE', 'TPC_MPOLY', 'TPC_NONE', 'UC_NONE', 'TPC_NONE', 'TPC_MPOLY', 'UC_MPOLY', 'TPC_NONE', 'TPC_NONE', 'UC_NONE', 'TPC_NONE', 'UC_NONE', 'SPC_MPOLY', 'SPC_NONE', 'SPC_NONE', 'UC_NONE', 'SPC_NONE', 'TPC_NONE', 'TPC_NONE', 'UC_NONE', 'UC_NONE', 'UC_NONE', 'UC_NONE', 'TPC_NONE', 'TPC_NONE', 'SPC_NONE', 'SBX_MPOLY', 'SPC_MNUF', 'SPC_NONE', 'TPC_NONE', 'SPC_NONE', 'UC_NONE', 'SPC_NONE', 'UC_NONE', 'TPC_NONE', 'TPC_NONE', 'SPC_NONE', 'TPC_NONE', 'UC_NONE', 'SBX_NONE', 'UC_NONE', 'SPC_NONE', 'UC_NONE', 'UC_NONE']","{'SPC_MPOLY': 4, 'SBX_MPOLY': 3, 'TPC_NONE': 27, 'SPC_NONE': 23, 'UC_MPOLY': 4, 'SPC_MNUF': 2, 'TPC_MPOLY': 3, 'SBX_MNUF': 1, 'UC_NONE': 24, 'SBX_NONE': 2}"
25,94,TPC,NONE,0.6795703862647057,0.0396149649712049,642154513.92,959688969.2135504,1675393.44,1439828.0531771863,0.7399285091926716,3.034745413299511e-06,0.0,0.0,GREEDY_HV,"['SPC_MBFLIP', 'SPC_MPOLY', 'SBX_MPOLY', 'TPC_NONE', 'TPC_NONE', 'SPC_MPOLY', 'SPC_NONE', 'TPC_NONE', 'TPC_NONE', 'UC_MPOLY', 'SPC_MNUF', 'TPC_NONE', 'SPC_MPOLY', 'TPC_MPOLY', 'SPC_NONE', 'SBX_MNUF', 'UC_MPOLY', 'TPC_NONE', 'TPC_NONE', 'UC_NONE', 'UC_NONE', 'SBX_MPOLY', 'UC_NONE', 'UC_NONE', 'SBX_NONE', 'UC_NONE', 'SPC_NONE', 'TPC_NONE', 'TPC_NONE', 'UC_NONE', 'TPC_NONE', 'UC_NONE', 'SPC_NONE', 'SPC_NONE', 'TPC_NONE', 'UC_NONE', 'SPC_NONE', 'SPC_NONE', 'SPC_NONE', 'SPC_NONE', 'TPC_NONE', 'UC_NONE', 'SPC_NONE', 'SPC_NONE', 'SPC_NONE', 'TPC_NONE', 'UC_NONE', 'SPC_NONE', 'UC_MPOLY', 'TPC_NONE', 'SPC_NONE', 'TPC_MPOLY', 'TPC_NONE', 'UC_NONE', 'TPC_NONE', 'TPC_MPOLY', 'UC_MPOLY', 'TPC_NONE', 'TPC_NONE', 'UC_NONE', 'TPC_NONE', 'UC_NONE', 'SPC_MPOLY', 'SPC_NONE', 'SPC_NONE', 'UC_NONE', 'SPC_NONE', 'TPC_NONE', 'TPC_NONE', 'UC_NONE', 'UC_NONE', 'UC_NONE', 'UC_NONE', 'TPC_NONE', 'TPC_NONE', 'SPC_NONE', 'SBX_MPOLY', 'SPC_MNUF', 'SPC_NONE', 'TPC_NONE', 'SPC_NONE', 'UC_NONE', 'SPC_NONE', 'UC_NONE', 'TPC_NONE', 'TPC_NONE', 'SPC_NONE', 'TPC_NONE', 'UC_NONE', 'SBX_NONE', 'UC_NONE', 'SPC_NONE', 'UC_NONE', 'UC_NONE', 'TPC_NONE']","{'SPC_MPOLY': 4, 'SBX_MPOLY': 3, 'TPC_NONE': 28, 'SPC_NONE': 23, 'UC_MPOLY': 4, 'SPC_MNUF': 2, 'TPC_MPOLY': 3, 'SBX_MNUF': 1, 'UC_NONE': 24, 'SBX_NONE': 2}"
25,95,UC,NONE,0.6788031876392105,0.0396884317991311,675217226.24,1045049997.2330768,1648873.12,1470080.0528739735,0.7399576924242013,2.9183231529672504e-05,0.0,0.0,GREEDY_HV,"['SPC_MBFLIP', 'SPC_MPOLY', 'SBX_MPOLY', 'TPC_NONE', 'TPC_NONE', 'SPC_MPOLY', 'SPC_NONE', 'TPC_NONE', 'TPC_NONE', 'UC_MPOLY', 'SPC_MNUF', 'TPC_NONE', 'SPC_MPOLY', 'TPC_MPOLY', 'SPC_NONE', 'SBX_MNUF', 'UC_MPOLY', 'TPC_NONE', 'TPC_NONE', 'UC_NONE', 'UC_NONE', 'SBX_MPOLY', 'UC_NONE', 'UC_NONE', 'SBX_NONE', 'UC_NONE', 'SPC_NONE', 'TPC_NONE', 'TPC_NONE', 'UC_NONE', 'TPC_NONE', 'UC_NONE', 'SPC_NONE', 'SPC_NONE', 'TPC_NONE', 'UC_NONE', 'SPC_NONE', 'SPC_NONE', 'SPC_NONE', 'SPC_NONE', 'TPC_NONE', 'UC_NONE', 'SPC_NONE', 'SPC_NONE', 'SPC_NONE', 'TPC_NONE', 'UC_NONE', 'SPC_NONE', 'UC_MPOLY', 'TPC_NONE', 'SPC_NONE', 'TPC_MPOLY', 'TPC_NONE', 'UC_NONE', 'TPC_NONE', 'TPC_MPOLY', 'UC_MPOLY', 'TPC_NONE', 'TPC_NONE', 'UC_NONE', 'TPC_NONE', 'UC_NONE', 'SPC_MPOLY', 'SPC_NONE', 'SPC_NONE', 'UC_NONE', 'SPC_NONE', 'TPC_NONE', 'TPC_NONE', 'UC_NONE', 'UC_NONE', 'UC_NONE', 'UC_NONE', 'TPC_NONE', 'TPC_NONE', 'SPC_NONE', 'SBX_MPOLY', 'SPC_MNUF', 'SPC_NONE', 'TPC_NONE', 'SPC_NONE', 'UC_NONE', 'SPC_NONE', 'UC_NONE', 'TPC_NONE', 'TPC_NONE', 'SPC_NONE', 'TPC_NONE', 'UC_NONE', 'SBX_NONE', 'UC_NONE', 'SPC_NONE', 'UC_NONE', 'UC_NONE', 'TPC_NONE', 'UC_NONE']","{'SPC_MPOLY': 4, 'SBX_MPOLY': 3, 'TPC_NONE': 28, 'SPC_NONE': 23, 'UC_MPOLY': 4, 'SPC_MNUF': 2, 'TPC_MPOLY': 3, 'SBX_MNUF': 1, 'UC_NONE': 25, 'SBX_NONE': 2}"
25,96,UC,MNUF,0.6802212404665888,0.0394789288329808,682806095.36,1043215864.6525744,1714758.56,1466917.355515138,0.7399471544616986,-1.053796250272132e-05,0.01,0.0,GREEDY_HV,"['SPC_MBFLIP', 'SPC_MPOLY', 'SBX_MPOLY', 'TPC_NONE', 'TPC_NONE', 'SPC_MPOLY', 'SPC_NONE', 'TPC_NONE', 'TPC_NONE', 'UC_MPOLY', 'SPC_MNUF', 'TPC_NONE', 'SPC_MPOLY', 'TPC_MPOLY', 'SPC_NONE', 'SBX_MNUF', 'UC_MPOLY', 'TPC_NONE', 'TPC_NONE', 'UC_NONE', 'UC_NONE', 'SBX_MPOLY', 'UC_NONE', 'UC_NONE', 'SBX_NONE', 'UC_NONE', 'SPC_NONE', 'TPC_NONE', 'TPC_NONE', 'UC_NONE', 'TPC_NONE', 'UC_NONE', 'SPC_NONE', 'SPC_NONE', 'TPC_NONE', 'UC_NONE', 'SPC_NONE', 'SPC_NONE', 'SPC_NONE', 'SPC_NONE', 'TPC_NONE', 'UC_NONE', 'SPC_NONE', 'SPC_NONE', 'SPC_NONE', 'TPC_NONE', 'UC_NONE', 'SPC_NONE', 'UC_MPOLY', 'TPC_NONE', 'SPC_NONE', 'TPC_MPOLY', 'TPC_NONE', 'UC_NONE', 'TPC_NONE', 'TPC_MPOLY', 'UC_MPOLY', 'TPC_NONE', 'TPC_NONE', 'UC_NONE', 'TPC_NONE', 'UC_NONE', 'SPC_MPOLY', 'SPC_NONE', 'SPC_NONE', 'UC_NONE', 'SPC_NONE', 'TPC_NONE', 'TPC_NONE', 'UC_NONE', 'UC_NONE', 'UC_NONE', 'UC_NONE', 'TPC_NONE', 'TPC_NONE', 'SPC_NONE', 'SBX_MPOLY', 'SPC_MNUF', 'SPC_NONE', 'TPC_NONE', 'SPC_NONE', 'UC_NONE', 'SPC_NONE', 'UC_NONE', 'TPC_NONE', 'TPC_NONE', 'SPC_NONE', 'TPC_NONE', 'UC_NONE', 'SBX_NONE', 'UC_NONE', 'SPC_NONE', 'UC_NONE', 'UC_NONE', 'TPC_NONE', 'UC_NONE', 'UC_MNUF']","{'SPC_MPOLY': 4, 'SBX_MPOLY': 3, 'TPC_NONE': 28, 'SPC_NONE': 23, 'UC_MPOLY': 4, 'SPC_MNUF': 2, 'TPC_MPOLY': 3, 'SBX_MNUF': 1, 'UC_NONE': 25, 'SBX_NONE': 2, 'UC_MNUF': 1}"
25,97,TPC,NONE,0.6809808364676507,0.0398068106348947,738408655.36,1116186343.7915115,1776743.84,1504522.7041394275,0.7399616194356666,1.4464973968064676e-05,0.01,0.0,GREEDY_HV,"['SPC_MBFLIP', 'SPC_MPOLY', 'SBX_MPOLY', 'TPC_NONE', 'TPC_NONE', 'SPC_MPOLY', 'SPC_NONE', 'TPC_NONE', 'TPC_NONE', 'UC_MPOLY', 'SPC_MNUF', 'TPC_NONE', 'SPC_MPOLY', 'TPC_MPOLY', 'SPC_NONE', 'SBX_MNUF', 'UC_MPOLY', 'TPC_NONE', 'TPC_NONE', 'UC_NONE', 'UC_NONE', 'SBX_MPOLY', 'UC_NONE', 'UC_NONE', 'SBX_NONE', 'UC_NONE', 'SPC_NONE', 'TPC_NONE', 'TPC_NONE', 'UC_NONE', 'TPC_NONE', 'UC_NONE', 'SPC_NONE', 'SPC_NONE', 'TPC_NONE', 'UC_NONE', 'SPC_NONE', 'SPC_NONE', 'SPC_NONE', 'SPC_NONE', 'TPC_NONE', 'UC_NONE', 'SPC_NONE', 'SPC_NONE', 'SPC_NONE', 'TPC_NONE', 'UC_NONE', 'SPC_NONE', 'UC_MPOLY', 'TPC_NONE', 'SPC_NONE', 'TPC_MPOLY', 'TPC_NONE', 'UC_NONE', 'TPC_NONE', 'TPC_MPOLY', 'UC_MPOLY', 'TPC_NONE', 'TPC_NONE', 'UC_NONE', 'TPC_NONE', 'UC_NONE', 'SPC_MPOLY', 'SPC_NONE', 'SPC_NONE', 'UC_NONE', 'SPC_NONE', 'TPC_NONE', 'TPC_NONE', 'UC_NONE', 'UC_NONE', 'UC_NONE', 'UC_NONE', 'TPC_NONE', 'TPC_NONE', 'SPC_NONE', 'SBX_MPOLY', 'SPC_MNUF', 'SPC_NONE', 'TPC_NONE', 'SPC_NONE', 'UC_NONE', 'SPC_NONE', 'UC_NONE', 'TPC_NONE', 'TPC_NONE', 'SPC_NONE', 'TPC_NONE', 'UC_NONE', 'SBX_NONE', 'UC_NONE', 'SPC_NONE', 'UC_NONE', 'UC_NONE', 'TPC_NONE', 'UC_NONE', 'UC_MNUF', 'TPC_NONE']","{'SPC_MPOLY': 4, 'SBX_MPOLY': 3, 'TPC_NONE': 29, 'SPC_NONE': 23, 'UC_MPOLY': 4, 'SPC_MNUF': 2, 'TPC_MPOLY': 3, 'SBX_MNUF': 1, 'UC_NONE': 25, 'SBX_NONE': 2, 'UC_MNUF': 1}"
25,98,SPC,MNUF,0.679686564244192,0.0395697919531854,711728616.96,1121408763.5709095,1729129.12,1508613.0233801992,0.7399568058592392,-4.813576427453725e-06,0.0,0.0,GREEDY_HV,"['SPC_MBFLIP', 'SPC_MPOLY', 'SBX_MPOLY', 'TPC_NONE', 'TPC_NONE', 'SPC_MPOLY', 'SPC_NONE', 'TPC_NONE', 'TPC_NONE', 'UC_MPOLY', 'SPC_MNUF', 'TPC_NONE', 'SPC_MPOLY', 'TPC_MPOLY', 'SPC_NONE', 'SBX_MNUF', 'UC_MPOLY', 'TPC_NONE', 'TPC_NONE', 'UC_NONE', 'UC_NONE', 'SBX_MPOLY', 'UC_NONE', 'UC_NONE', 'SBX_NONE', 'UC_NONE', 'SPC_NONE', 'TPC_NONE', 'TPC_NONE', 'UC_NONE', 'TPC_NONE', 'UC_NONE', 'SPC_NONE', 'SPC_NONE', 'TPC_NONE', 'UC_NONE', 'SPC_NONE', 'SPC_NONE', 'SPC_NONE', 'SPC_NONE', 'TPC_NONE', 'UC_NONE', 'SPC_NONE', 'SPC_NONE', 'SPC_NONE', 'TPC_NONE', 'UC_NONE', 'SPC_NONE', 'UC_MPOLY', 'TPC_NONE', 'SPC_NONE', 'TPC_MPOLY', 'TPC_NONE', 'UC_NONE', 'TPC_NONE', 'TPC_MPOLY', 'UC_MPOLY', 'TPC_NONE', 'TPC_NONE', 'UC_NONE', 'TPC_NONE', 'UC_NONE', 'SPC_MPOLY', 'SPC_NONE', 'SPC_NONE', 'UC_NONE', 'SPC_NONE', 'TPC_NONE', 'TPC_NONE', 'UC_NONE', 'UC_NONE', 'UC_NONE', 'UC_NONE', 'TPC_NONE', 'TPC_NONE', 'SPC_NONE', 'SBX_MPOLY', 'SPC_MNUF', 'SPC_NONE', 'TPC_NONE', 'SPC_NONE', 'UC_NONE', 'SPC_NONE', 'UC_NONE', 'TPC_NONE', 'TPC_NONE', 'SPC_NONE', 'TPC_NONE', 'UC_NONE', 'SBX_NONE', 'UC_NONE', 'SPC_NONE', 'UC_NONE', 'UC_NONE', 'TPC_NONE', 'UC_NONE', 'UC_MNUF', 'TPC_NONE', 'SPC_MNUF']","{'SPC_MPOLY': 4, 'SBX_MPOLY': 3, 'TPC_NONE': 29, 'SPC_NONE': 23, 'UC_MPOLY': 4, 'SPC_MNUF': 3, 'TPC_MPOLY': 3, 'SBX_MNUF': 1, 'UC_NONE': 25, 'SBX_NONE': 2, 'UC_MNUF': 1}"
25,99,UC,NONE,0.6788976532503562,0.0397421040676926,752212270.08,1190075495.7072358,1723484.32,1559331.2670917038,0.7399143622673194,-4.2443591919738566e-05,0.0,0.0,GREEDY_HV,"['SPC_MBFLIP', 'SPC_MPOLY', 'SBX_MPOLY', 'TPC_NONE', 'TPC_NONE', 'SPC_MPOLY', 'SPC_NONE', 'TPC_NONE', 'TPC_NONE', 'UC_MPOLY', 'SPC_MNUF', 'TPC_NONE', 'SPC_MPOLY', 'TPC_MPOLY', 'SPC_NONE', 'SBX_MNUF', 'UC_MPOLY', 'TPC_NONE', 'TPC_NONE', 'UC_NONE', 'UC_NONE', 'SBX_MPOLY', 'UC_NONE', 'UC_NONE', 'SBX_NONE', 'UC_NONE', 'SPC_NONE', 'TPC_NONE', 'TPC_NONE', 'UC_NONE', 'TPC_NONE', 'UC_NONE', 'SPC_NONE', 'SPC_NONE', 'TPC_NONE', 'UC_NONE', 'SPC_NONE', 'SPC_NONE', 'SPC_NONE', 'SPC_NONE', 'TPC_NONE', 'UC_NONE', 'SPC_NONE', 'SPC_NONE', 'SPC_NONE', 'TPC_NONE', 'UC_NONE', 'SPC_NONE', 'UC_MPOLY', 'TPC_NONE', 'SPC_NONE', 'TPC_MPOLY', 'TPC_NONE', 'UC_NONE', 'TPC_NONE', 'TPC_MPOLY', 'UC_MPOLY', 'TPC_NONE', 'TPC_NONE', 'UC_NONE', 'TPC_NONE', 'UC_NONE', 'SPC_MPOLY', 'SPC_NONE', 'SPC_NONE', 'UC_NONE', 'SPC_NONE', 'TPC_NONE', 'TPC_NONE', 'UC_NONE', 'UC_NONE', 'UC_NONE', 'UC_NONE', 'TPC_NONE', 'TPC_NONE', 'SPC_NONE', 'SBX_MPOLY', 'SPC_MNUF', 'SPC_NONE', 'TPC_NONE', 'SPC_NONE', 'UC_NONE', 'SPC_NONE', 'UC_NONE', 'TPC_NONE', 'TPC_NONE', 'SPC_NONE', 'TPC_NONE', 'UC_NONE', 'SBX_NONE', 'UC_NONE', 'SPC_NONE', 'UC_NONE', 'UC_NONE', 'TPC_NONE', 'UC_NONE', 'UC_MNUF', 'TPC_NONE', 'SPC_MNUF', 'UC_NONE']","{'SPC_MPOLY': 4, 'SBX_MPOLY': 3, 'TPC_NONE': 29, 'SPC_NONE': 23, 'UC_MPOLY': 4, 'SPC_MNUF': 3, 'TPC_MPOLY': 3, 'SBX_MNUF': 1, 'UC_NONE': 26, 'SBX_NONE': 2, 'UC_MNUF': 1}"
25,100,SPC,MNUF,0.6785095137089175,0.0398148262018272,754961095.68,1190177654.14546,1701369.76,1551537.0293243353,0.7398825386551187,-3.182361220077645e-05,0.0,0.0,GREEDY_HV,"['SPC_MBFLIP', 'SPC_MPOLY', 'SBX_MPOLY', 'TPC_NONE', 'TPC_NONE', 'SPC_MPOLY', 'SPC_NONE', 'TPC_NONE', 'TPC_NONE', 'UC_MPOLY', 'SPC_MNUF', 'TPC_NONE', 'SPC_MPOLY', 'TPC_MPOLY', 'SPC_NONE', 'SBX_MNUF', 'UC_MPOLY', 'TPC_NONE', 'TPC_NONE', 'UC_NONE', 'UC_NONE', 'SBX_MPOLY', 'UC_NONE', 'UC_NONE', 'SBX_NONE', 'UC_NONE', 'SPC_NONE', 'TPC_NONE', 'TPC_NONE', 'UC_NONE', 'TPC_NONE', 'UC_NONE', 'SPC_NONE', 'SPC_NONE', 'TPC_NONE', 'UC_NONE', 'SPC_NONE', 'SPC_NONE', 'SPC_NONE', 'SPC_NONE', 'TPC_NONE', 'UC_NONE', 'SPC_NONE', 'SPC_NONE', 'SPC_NONE', 'TPC_NONE', 'UC_NONE', 'SPC_NONE', 'UC_MPOLY', 'TPC_NONE', 'SPC_NONE', 'TPC_MPOLY', 'TPC_NONE', 'UC_NONE', 'TPC_NONE', 'TPC_MPOLY', 'UC_MPOLY', 'TPC_NONE', 'TPC_NONE', 'UC_NONE', 'TPC_NONE', 'UC_NONE', 'SPC_MPOLY', 'SPC_NONE', 'SPC_NONE', 'UC_NONE', 'SPC_NONE', 'TPC_NONE', 'TPC_NONE', 'UC_NONE', 'UC_NONE', 'UC_NONE', 'UC_NONE', 'TPC_NONE', 'TPC_NONE', 'SPC_NONE', 'SBX_MPOLY', 'SPC_MNUF', 'SPC_NONE', 'TPC_NONE', 'SPC_NONE', 'UC_NONE', 'SPC_NONE', 'UC_NONE', 'TPC_NONE', 'TPC_NONE', 'SPC_NONE', 'TPC_NONE', 'UC_NONE', 'SBX_NONE', 'UC_NONE', 'SPC_NONE', 'UC_NONE', 'UC_NONE', 'TPC_NONE', 'UC_NONE', 'UC_MNUF', 'TPC_NONE', 'SPC_MNUF', 'UC_NONE', 'SPC_MNUF']","{'SPC_MPOLY': 4, 'SBX_MPOLY': 3, 'TPC_NONE': 29, 'SPC_NONE': 23, 'UC_MPOLY': 4, 'SPC_MNUF': 4, 'TPC_MPOLY': 3, 'SBX_MNUF': 1, 'UC_NONE': 26, 'SBX_NONE': 2, 'UC_MNUF': 1}"
26,1,SBX,MPOLY,0.6563072895013197,0.0244929346697852,1401577859.84,1147773477.8779263,2851812.0,1671526.167255781,0.6957798898362347,0.0,0.07,0.16,GREEDY_HV,"['SPC_MBFLIP', 'SBX_MPOLY']",{'SBX_MPOLY': 1}
26,2,TPC,NONE,0.6639333140840574,0.0243582422914303,1064768249.6,878527185.794861,2688809.12,1587556.3934242162,0.7030953115218157,0.0073154216855809,0.16,0.0,GREEDY_HV,"['SPC_MBFLIP', 'SBX_MPOLY', 'TPC_NONE']","{'SBX_MPOLY': 1, 'TPC_NONE': 1}"
26,3,SPC,NONE,0.6623023491782598,0.0271555689497059,759489455.36,458488689.7767767,2077030.56,1488112.7737440895,0.7090806838361634,0.0059853723143477,0.12,0.0,GREEDY_HV,"['SPC_MBFLIP', 'SBX_MPOLY', 'TPC_NONE', 'SPC_NONE']","{'SBX_MPOLY': 1, 'TPC_NONE': 1, 'SPC_NONE': 1}"
26,4,UC,NONE,0.6726201895611905,0.0242563389372369,777284915.2,503240912.6053706,2302639.52,1710012.163549842,0.7189783423063395,0.009897658470176,0.14,0.0,GREEDY_HV,"['SPC_MBFLIP', 'SBX_MPOLY', 'TPC_NONE', 'SPC_NONE', 'UC_NONE']","{'SBX_MPOLY': 1, 'TPC_NONE': 1, 'SPC_NONE': 1, 'UC_NONE': 1}"
26,5,SPC,NONE,0.6761853698837713,0.0283803556341455,777688220.16,437876212.1462864,2631595.68,2155680.8788852706,0.7234669201841043,0.0044885778777647,0.06,0.0,GREEDY_HV,"['SPC_MBFLIP', 'SBX_MPOLY', 'TPC_NONE', 'SPC_NONE', 'UC_NONE', 'SPC_NONE']","{'SBX_MPOLY': 1, 'TPC_NONE': 1, 'SPC_NONE': 2, 'UC_NONE': 1}"
26,6,SPC,NONE,0.6845746716820429,0.0264375968015193,826660245.76,552738383.0625107,3316770.72,2489575.7075541606,0.7242629220774343,0.0007960018933299,0.06,0.0,GREEDY_HV,"['SPC_MBFLIP', 'SBX_MPOLY', 'TPC_NONE', 'SPC_NONE', 'UC_NONE', 'SPC_NONE', 'SPC_NONE']","{'SBX_MPOLY': 1, 'TPC_NONE': 1, 'SPC_NONE': 3, 'UC_NONE': 1}"
26,7,TPC,NONE,0.6828907659112811,0.0186095159163367,585612549.12,355824539.47521526,1942259.36,1277202.4500289336,0.7276594952698403,0.003396573192406,0.07,0.0,GREEDY_HV,"['SPC_MBFLIP', 'SBX_MPOLY', 'TPC_NONE', 'SPC_NONE', 'UC_NONE', 'SPC_NONE', 'SPC_NONE', 'TPC_NONE']","{'SBX_MPOLY': 1, 'TPC_NONE': 2, 'SPC_NONE': 3, 'UC_NONE': 1}"
26,8,TPC,NONE,0.6828450355793468,0.0198801509388512,533689871.36,359083003.2297295,2064172.96,1400157.415849189,0.7282022746827763,0.000542779412936,0.05,0.0,GREEDY_HV,"['SPC_MBFLIP', 'SBX_MPOLY', 'TPC_NONE', 'SPC_NONE', 'UC_NONE', 'SPC_NONE', 'SPC_NONE', 'TPC_NONE', 'TPC_NONE']","{'SBX_MPOLY': 1, 'TPC_NONE': 3, 'SPC_NONE': 3, 'UC_NONE': 1}"
26,9,TPC,NONE,0.685579631301587,0.0205676835941124,594407846.4,401657582.8353918,2110886.56,1384584.4417949547,0.7301038464533086,0.0019015717705322,0.05,0.0,GREEDY_HV,"['SPC_MBFLIP', 'SBX_MPOLY', 'TPC_NONE', 'SPC_NONE', 'UC_NONE', 'SPC_NONE', 'SPC_NONE', 'TPC_NONE', 'TPC_NONE', 'TPC_NONE']","{'SBX_MPOLY': 1, 'TPC_NONE': 4, 'SPC_NONE': 3, 'UC_NONE': 1}"
26,10,NONE,MPOLY,0.6839499716242866,0.021559978190854,548526978.56,376079210.3522772,2113592.48,1481867.4114617703,0.7309090594750374,0.0008052130217287,0.0,0.02,GREEDY_HV,"['SPC_MBFLIP', 'SBX_MPOLY', 'TPC_NONE', 'SPC_NONE', 'UC_NONE', 'SPC_NONE', 'SPC_NONE', 'TPC_NONE', 'TPC_NONE', 'TPC_NONE', 'NONE_MPOLY']","{'SBX_MPOLY': 1, 'TPC_NONE': 4, 'SPC_NONE': 3, 'UC_NONE': 1, 'NONE_MPOLY': 1}"
26,11,TPC,NONE,0.6845634207670587,0.0219644137439225,512582615.04,326112229.5466356,2114309.28,1366655.4221740467,0.7312602599666521,0.0003512004916147,0.04,0.0,GREEDY_HV,"['SPC_MBFLIP', 'SBX_MPOLY', 'TPC_NONE', 'SPC_NONE', 'UC_NONE', 'SPC_NONE', 'SPC_NONE', 'TPC_NONE', 'TPC_NONE', 'TPC_NONE', 'NONE_MPOLY', 'TPC_NONE']","{'SBX_MPOLY': 1, 'TPC_NONE': 5, 'SPC_NONE': 3, 'UC_NONE': 1, 'NONE_MPOLY': 1}"
26,12,TPC,MPOLY,0.6843691090209566,0.0229764615824877,514142039.04,331522872.90645206,2040652.96,1375639.3698216253,0.7321945036523755,0.0009342436857233,0.03,0.0,GREEDY_HV,"['SPC_MBFLIP', 'SBX_MPOLY', 'TPC_NONE', 'SPC_NONE', 'UC_NONE', 'SPC_NONE', 'SPC_NONE', 'TPC_NONE', 'TPC_NONE', 'TPC_NONE', 'NONE_MPOLY', 'TPC_NONE', 'TPC_MPOLY']","{'SBX_MPOLY': 1, 'TPC_NONE': 5, 'SPC_NONE': 3, 'UC_NONE': 1, 'NONE_MPOLY': 1, 'TPC_MPOLY': 1}"
26,13,SBX,MPOLY,0.6848862725812,0.0226703254925697,516049145.6,330026292.2335049,2082357.92,1376508.3757908023,0.732807013188357,0.0006125095359814,0.0,0.055,GREEDY_HV,"['SPC_MBFLIP', 'SBX_MPOLY', 'TPC_NONE', 'SPC_NONE', 'UC_NONE', 'SPC_NONE', 'SPC_NONE', 'TPC_NONE', 'TPC_NONE', 'TPC_NONE', 'NONE_MPOLY', 'TPC_NONE', 'TPC_MPOLY', 'SBX_MPOLY']","{'SBX_MPOLY': 2, 'TPC_NONE': 5, 'SPC_NONE': 3, 'UC_NONE': 1, 'NONE_MPOLY': 1, 'TPC_MPOLY': 1}"
26,14,SPC,NONE,0.6855206019818983,0.023860900108496,530450844.16,346755770.31562865,2186342.56,1446248.1589374372,0.7330316823757991,0.0002246691874421,0.01,0.0,GREEDY_HV,"['SPC_MBFLIP', 'SBX_MPOLY', 'TPC_NONE', 'SPC_NONE', 'UC_NONE', 'SPC_NONE', 'SPC_NONE', 'TPC_NONE', 'TPC_NONE', 'TPC_NONE', 'NONE_MPOLY', 'TPC_NONE', 'TPC_MPOLY', 'SBX_MPOLY', 'SPC_NONE']","{'SBX_MPOLY': 2, 'TPC_NONE': 5, 'SPC_NONE': 4, 'UC_NONE': 1, 'NONE_MPOLY': 1, 'TPC_MPOLY': 1}"
26,15,TPC,NONE,0.6879843542108095,0.0230356697891714,554684078.08,361662996.7039149,2269808.8,1383308.964928602,0.7331550155649953,0.0001233331891962,0.04,0.0,GREEDY_HV,"['SPC_MBFLIP', 'SBX_MPOLY', 'TPC_NONE', 'SPC_NONE', 'UC_NONE', 'SPC_NONE', 'SPC_NONE', 'TPC_NONE', 'TPC_NONE', 'TPC_NONE', 'NONE_MPOLY', 'TPC_NONE', 'TPC_MPOLY', 'SBX_MPOLY', 'SPC_NONE', 'TPC_NONE']","{'SBX_MPOLY': 2, 'TPC_NONE': 6, 'SPC_NONE': 4, 'UC_NONE': 1, 'NONE_MPOLY': 1, 'TPC_MPOLY': 1}"
26,16,SPC,NONE,0.6879401183786769,0.0232567989357624,547440624.64,362179326.6648958,2212859.04,1368835.418541308,0.733494372879986,0.0003393573149906,0.04,0.0,GREEDY_HV,"['SPC_MBFLIP', 'SBX_MPOLY', 'TPC_NONE', 'SPC_NONE', 'UC_NONE', 'SPC_NONE', 'SPC_NONE', 'TPC_NONE', 'TPC_NONE', 'TPC_NONE', 'NONE_MPOLY', 'TPC_NONE', 'TPC_MPOLY', 'SBX_MPOLY', 'SPC_NONE', 'TPC_NONE', 'SPC_NONE']","{'SBX_MPOLY': 2, 'TPC_NONE': 6, 'SPC_NONE': 5, 'UC_NONE': 1, 'NONE_MPOLY': 1, 'TPC_MPOLY': 1}"
26,17,NONE,MPOLY,0.6870589189999932,0.0247354461856856,545168024.32,363515854.3850155,2182363.04,1362833.6303026422,0.7339308013349463,0.0004364284549602,0.0,0.01,GREEDY_HV,"['SPC_MBFLIP', 'SBX_MPOLY', 'TPC_NONE', 'SPC_NONE', 'UC_NONE', 'SPC_NONE', 'SPC_NONE', 'TPC_NONE', 'TPC_NONE', 'TPC_NONE', 'NONE_MPOLY', 'TPC_NONE', 'TPC_MPOLY', 'SBX_MPOLY', 'SPC_NONE', 'TPC_NONE', 'SPC_NONE', 'NONE_MPOLY']","{'SBX_MPOLY': 2, 'TPC_NONE': 6, 'SPC_NONE': 5, 'UC_NONE': 1, 'NONE_MPOLY': 2, 'TPC_MPOLY': 1}"
26,18,UC,NONE,0.6864763267829038,0.0268181781786154,546082685.44,376436010.2945532,2174725.28,1358546.9770110568,0.7340605365082307,0.0001297351732844,0.01,0.0,GREEDY_HV,"['SPC_MBFLIP', 'SBX_MPOLY', 'TPC_NONE', 'SPC_NONE', 'UC_NONE', 'SPC_NONE', 'SPC_NONE', 'TPC_NONE', 'TPC_NONE', 'TPC_NONE', 'NONE_MPOLY', 'TPC_NONE', 'TPC_MPOLY', 'SBX_MPOLY', 'SPC_NONE', 'TPC_NONE', 'SPC_NONE', 'NONE_MPOLY', 'UC_NONE']","{'SBX_MPOLY': 2, 'TPC_NONE': 6, 'SPC_NONE': 5, 'UC_NONE': 2, 'NONE_MPOLY': 2, 'TPC_MPOLY': 1}"
26,19,TPC,NONE,0.6855317308137865,0.0268847923601337,524320596.48,373358411.3787164,2098122.4,1349071.2139338525,0.7345383372270478,0.000477800718817,0.04,0.0,GREEDY_HV,"['SPC_MBFLIP', 'SBX_MPOLY', 'TPC_NONE', 'SPC_NONE', 'UC_NONE', 'SPC_NONE', 'SPC_NONE', 'TPC_NONE', 'TPC_NONE', 'TPC_NONE', 'NONE_MPOLY', 'TPC_NONE', 'TPC_MPOLY', 'SBX_MPOLY', 'SPC_NONE', 'TPC_NONE', 'SPC_NONE', 'NONE_MPOLY', 'UC_NONE', 'TPC_NONE']","{'SBX_MPOLY': 2, 'TPC_NONE': 7, 'SPC_NONE': 5, 'UC_NONE': 2, 'NONE_MPOLY': 2, 'TPC_MPOLY': 1}"
26,20,SPC,NONE,0.6863214264194084,0.026782993660008,545763422.72,378291133.37805504,2049519.52,1319664.2942810906,0.734486071111663,-5.226611538478032e-05,0.03,0.0,GREEDY_HV,"['SPC_MBFLIP', 'SBX_MPOLY', 'TPC_NONE', 'SPC_NONE', 'UC_NONE', 'SPC_NONE', 'SPC_NONE', 'TPC_NONE', 'TPC_NONE', 'TPC_NONE', 'NONE_MPOLY', 'TPC_NONE', 'TPC_MPOLY', 'SBX_MPOLY', 'SPC_NONE', 'TPC_NONE', 'SPC_NONE', 'NONE_MPOLY', 'UC_NONE', 'TPC_NONE', 'SPC_NONE']","{'SBX_MPOLY': 2, 'TPC_NONE': 7, 'SPC_NONE': 6, 'UC_NONE': 2, 'NONE_MPOLY': 2, 'TPC_MPOLY': 1}"
26,21,SBX,MPOLY,0.685975585448546,0.0287929530041451,552251752.96,384362245.0536994,2054803.36,1314946.6607544774,0.7350311427332032,0.0005450716215402,0.0,0.045,GREEDY_HV,"['SPC_MBFLIP', 'SBX_MPOLY', 'TPC_NONE', 'SPC_NONE', 'UC_NONE', 'SPC_NONE', 'SPC_NONE', 'TPC_NONE', 'TPC_NONE', 'TPC_NONE', 'NONE_MPOLY', 'TPC_NONE', 'TPC_MPOLY', 'SBX_MPOLY', 'SPC_NONE', 'TPC_NONE', 'SPC_NONE', 'NONE_MPOLY', 'UC_NONE', 'TPC_NONE', 'SPC_NONE', 'SBX_MPOLY']","{'SBX_MPOLY': 3, 'TPC_NONE': 7, 'SPC_NONE': 6, 'UC_NONE': 2, 'NONE_MPOLY': 2, 'TPC_MPOLY': 1}"
26,22,TPC,NONE,0.6871786350893023,0.028948734321631,586582868.48,394151010.428318,2077643.68,1284417.0710175014,0.7351272524453869,9.610971218365628e-05,0.01,0.0,GREEDY_HV,"['SPC_MBFLIP', 'SBX_MPOLY', 'TPC_NONE', 'SPC_NONE', 'UC_NONE', 'SPC_NONE', 'SPC_NONE', 'TPC_NONE', 'TPC_NONE', 'TPC_NONE', 'NONE_MPOLY', 'TPC_NONE', 'TPC_MPOLY', 'SBX_MPOLY', 'SPC_NONE', 'TPC_NONE', 'SPC_NONE', 'NONE_MPOLY', 'UC_NONE', 'TPC_NONE', 'SPC_NONE', 'SBX_MPOLY', 'TPC_NONE']","{'SBX_MPOLY': 3, 'TPC_NONE': 8, 'SPC_NONE': 6, 'UC_NONE': 2, 'NONE_MPOLY': 2, 'TPC_MPOLY': 1}"
26,23,SPC,NONE,0.6845844113866303,0.0297169855145986,536830095.36,390976815.3320296,2042491.04,1365758.4165994946,0.7351993181418507,7.206569646378558e-05,0.02,0.0,GREEDY_HV,"['SPC_MBFLIP', 'SBX_MPOLY', 'TPC_NONE', 'SPC_NONE', 'UC_NONE', 'SPC_NONE', 'SPC_NONE', 'TPC_NONE', 'TPC_NONE', 'TPC_NONE', 'NONE_MPOLY', 'TPC_NONE', 'TPC_MPOLY', 'SBX_MPOLY', 'SPC_NONE', 'TPC_NONE', 'SPC_NONE', 'NONE_MPOLY', 'UC_NONE', 'TPC_NONE', 'SPC_NONE', 'SBX_MPOLY', 'TPC_NONE', 'SPC_NONE']","{'SBX_MPOLY': 3, 'TPC_NONE': 8, 'SPC_NONE': 7, 'UC_NONE': 2, 'NONE_MPOLY': 2, 'TPC_MPOLY': 1}"
26,24,UC,NONE,0.6873195405854311,0.0292620796656007,561120404.48,389515599.2516968,2110167.2,1321264.6578290667,0.7352763246420002,7.700650014952348e-05,0.02,0.0,GREEDY_HV,"['SPC_MBFLIP', 'SBX_MPOLY', 'TPC_NONE', 'SPC_NONE', 'UC_NONE', 'SPC_NONE', 'SPC_NONE', 'TPC_NONE', 'TPC_NONE', 'TPC_NONE', 'NONE_MPOLY', 'TPC_NONE', 'TPC_MPOLY', 'SBX_MPOLY', 'SPC_NONE', 'TPC_NONE', 'SPC_NONE', 'NONE_MPOLY', 'UC_NONE', 'TPC_NONE', 'SPC_NONE', 'SBX_MPOLY', 'TPC_NONE', 'SPC_NONE', 'UC_NONE']","{'SBX_MPOLY': 3, 'TPC_NONE': 8, 'SPC_NONE': 7, 'UC_NONE': 3, 'NONE_MPOLY': 2, 'TPC_MPOLY': 1}"
26,25,SPC,NONE,0.686645451280913,0.0296012641313602,550341888.0,387275738.318953,2117589.92,1365649.3520413772,0.7354006771650552,0.0001243525230549,0.02,0.0,GREEDY_HV,"['SPC_MBFLIP', 'SBX_MPOLY', 'TPC_NONE', 'SPC_NONE', 'UC_NONE', 'SPC_NONE', 'SPC_NONE', 'TPC_NONE', 'TPC_NONE', 'TPC_NONE', 'NONE_MPOLY', 'TPC_NONE', 'TPC_MPOLY', 'SBX_MPOLY', 'SPC_NONE', 'TPC_NONE', 'SPC_NONE', 'NONE_MPOLY', 'UC_NONE', 'TPC_NONE', 'SPC_NONE', 'SBX_MPOLY', 'TPC_NONE', 'SPC_NONE', 'UC_NONE', 'SPC_NONE']","{'SBX_MPOLY': 3, 'TPC_NONE': 8, 'SPC_NONE': 8, 'UC_NONE': 3, 'NONE_MPOLY': 2, 'TPC_MPOLY': 1}"
26,26,TPC,NONE,0.6846879469049822,0.0316879215637124,556479121.92,405557590.4243165,2083915.68,1438151.9552420804,0.7354529244590873,5.2247294032081726e-05,0.01,0.0,GREEDY_HV,"['SPC_MBFLIP', 'SBX_MPOLY', 'TPC_NONE', 'SPC_NONE', 'UC_NONE', 'SPC_NONE', 'SPC_NONE', 'TPC_NONE', 'TPC_NONE', 'TPC_NONE', 'NONE_MPOLY', 'TPC_NONE', 'TPC_MPOLY', 'SBX_MPOLY', 'SPC_NONE', 'TPC_NONE', 'SPC_NONE', 'NONE_MPOLY', 'UC_NONE', 'TPC_NONE', 'SPC_NONE', 'SBX_MPOLY', 'TPC_NONE', 'SPC_NONE', 'UC_NONE', 'SPC_NONE', 'TPC_NONE']","{'SBX_MPOLY': 3, 'TPC_NONE': 9, 'SPC_NONE': 8, 'UC_NONE': 3, 'NONE_MPOLY': 2, 'TPC_MPOLY': 1}"
26,27,UC,NONE,0.6836904148112671,0.0303608775373026,489646092.8,356340812.88292646,1962352.8,1396837.2485296922,0.7363300625448741,0.0008771380857868,0.03,0.0,GREEDY_HV,"['SPC_MBFLIP', 'SBX_MPOLY', 'TPC_NONE', 'SPC_NONE', 'UC_NONE', 'SPC_NONE', 'SPC_NONE', 'TPC_NONE', 'TPC_NONE', 'TPC_NONE', 'NONE_MPOLY', 'TPC_NONE', 'TPC_MPOLY', 'SBX_MPOLY', 'SPC_NONE', 'TPC_NONE', 'SPC_NONE', 'NONE_MPOLY', 'UC_NONE', 'TPC_NONE', 'SPC_NONE', 'SBX_MPOLY', 'TPC_NONE', 'SPC_NONE', 'UC_NONE', 'SPC_NONE', 'TPC_NONE', 'UC_NONE']","{'SBX_MPOLY': 3, 'TPC_NONE': 9, 'SPC_NONE': 8, 'UC_NONE': 4, 'NONE_MPOLY': 2, 'TPC_MPOLY': 1}"
26,28,SBX,MPOLY,0.6823301930415865,0.0317185033459564,474655171.84,351067333.3155272,1965550.24,1425988.0748624871,0.7366129015630019,0.0002828390181277,0.0,0.055,GREEDY_HV,"['SPC_MBFLIP', 'SBX_MPOLY', 'TPC_NONE', 'SPC_NONE', 'UC_NONE', 'SPC_NONE', 'SPC_NONE', 'TPC_NONE', 'TPC_NONE', 'TPC_NONE', 'NONE_MPOLY', 'TPC_NONE', 'TPC_MPOLY', 'SBX_MPOLY', 'SPC_NONE', 'TPC_NONE', 'SPC_NONE', 'NONE_MPOLY', 'UC_NONE', 'TPC_NONE', 'SPC_NONE', 'SBX_MPOLY', 'TPC_NONE', 'SPC_NONE', 'UC_NONE', 'SPC_NONE', 'TPC_NONE', 'UC_NONE', 'SBX_MPOLY']","{'SBX_MPOLY': 4, 'TPC_NONE': 9, 'SPC_NONE': 8, 'UC_NONE': 4, 'NONE_MPOLY': 2, 'TPC_MPOLY': 1}"
26,29,UC,NONE,0.6807798407408373,0.0370927488661408,510328104.96,372207729.9674837,2052633.76,1477589.5978038092,0.7370980425945888,0.0004851410315869,0.0,0.0,GREEDY_HV,"['SPC_MBFLIP', 'SBX_MPOLY', 'TPC_NONE', 'SPC_NONE', 'UC_NONE', 'SPC_NONE', 'SPC_NONE', 'TPC_NONE', 'TPC_NONE', 'TPC_NONE', 'NONE_MPOLY', 'TPC_NONE', 'TPC_MPOLY', 'SBX_MPOLY', 'SPC_NONE', 'TPC_NONE', 'SPC_NONE', 'NONE_MPOLY', 'UC_NONE', 'TPC_NONE', 'SPC_NONE', 'SBX_MPOLY', 'TPC_NONE', 'SPC_NONE', 'UC_NONE', 'SPC_NONE', 'TPC_NONE', 'UC_NONE', 'SBX_MPOLY', 'UC_NONE']","{'SBX_MPOLY': 4, 'TPC_NONE': 9, 'SPC_NONE': 8, 'UC_NONE': 5, 'NONE_MPOLY': 2, 'TPC_MPOLY': 1}"
26,30,TPC,NONE,0.6748024205319755,0.0376235950014104,406351091.2,298502788.0212622,1820138.4,1462781.9460818626,0.7373310334254014,0.0002329908308126,0.02,0.0,GREEDY_HV,"['SPC_MBFLIP', 'SBX_MPOLY', 'TPC_NONE', 'SPC_NONE', 'UC_NONE', 'SPC_NONE', 'SPC_NONE', 'TPC_NONE', 'TPC_NONE', 'TPC_NONE', 'NONE_MPOLY', 'TPC_NONE', 'TPC_MPOLY', 'SBX_MPOLY', 'SPC_NONE', 'TPC_NONE', 'SPC_NONE', 'NONE_MPOLY', 'UC_NONE', 'TPC_NONE', 'SPC_NONE', 'SBX_MPOLY', 'TPC_NONE', 'SPC_NONE', 'UC_NONE', 'SPC_NONE', 'TPC_NONE', 'UC_NONE', 'SBX_MPOLY', 'UC_NONE', 'TPC_NONE']","{'SBX_MPOLY': 4, 'TPC_NONE': 10, 'SPC_NONE': 8, 'UC_NONE': 5, 'NONE_MPOLY': 2, 'TPC_MPOLY': 1}"
26,31,UC,NONE,0.6759699457327816,0.0363078981492261,398988652.8,311844791.7451475,1770814.88,1451700.0584526358,0.7374037653070097,7.273188160827893e-05,0.02,0.0,GREEDY_HV,"['SPC_MBFLIP', 'SBX_MPOLY', 'TPC_NONE', 'SPC_NONE', 'UC_NONE', 'SPC_NONE', 'SPC_NONE', 'TPC_NONE', 'TPC_NONE', 'TPC_NONE', 'NONE_MPOLY', 'TPC_NONE', 'TPC_MPOLY', 'SBX_MPOLY', 'SPC_NONE', 'TPC_NONE', 'SPC_NONE', 'NONE_MPOLY', 'UC_NONE', 'TPC_NONE', 'SPC_NONE', 'SBX_MPOLY', 'TPC_NONE', 'SPC_NONE', 'UC_NONE', 'SPC_NONE', 'TPC_NONE', 'UC_NONE', 'SBX_MPOLY', 'UC_NONE', 'TPC_NONE', 'UC_NONE']","{'SBX_MPOLY': 4, 'TPC_NONE': 10, 'SPC_NONE': 8, 'UC_NONE': 6, 'NONE_MPOLY': 2, 'TPC_MPOLY': 1}"
26,32,UC,NONE,0.6777126503880386,0.0372151595894686,430791801.6,335486657.9840835,1876384.16,1458382.5918208342,0.7383785114145798,0.00097474610757,0.0,0.0,GREEDY_HV,"['SPC_MBFLIP', 'SBX_MPOLY', 'TPC_NONE', 'SPC_NONE', 'UC_NONE', 'SPC_NONE', 'SPC_NONE', 'TPC_NONE', 'TPC_NONE', 'TPC_NONE', 'NONE_MPOLY', 'TPC_NONE', 'TPC_MPOLY', 'SBX_MPOLY', 'SPC_NONE', 'TPC_NONE', 'SPC_NONE', 'NONE_MPOLY', 'UC_NONE', 'TPC_NONE', 'SPC_NONE', 'SBX_MPOLY', 'TPC_NONE', 'SPC_NONE', 'UC_NONE', 'SPC_NONE', 'TPC_NONE', 'UC_NONE', 'SBX_MPOLY', 'UC_NONE', 'TPC_NONE', 'UC_NONE', 'UC_NONE']","{'SBX_MPOLY': 4, 'TPC_NONE': 10, 'SPC_NONE': 8, 'UC_NONE': 7, 'NONE_MPOLY': 2, 'TPC_MPOLY': 1}"
26,33,UC,NONE,0.6791403898566252,0.0375843548975236,457353990.4,353941932.1149314,1857729.44,1443548.761873019,0.7383575434467128,-2.096796786699162e-05,0.02,0.0,GREEDY_HV,"['SPC_MBFLIP', 'SBX_MPOLY', 'TPC_NONE', 'SPC_NONE', 'UC_NONE', 'SPC_NONE', 'SPC_NONE', 'TPC_NONE', 'TPC_NONE', 'TPC_NONE', 'NONE_MPOLY', 'TPC_NONE', 'TPC_MPOLY', 'SBX_MPOLY', 'SPC_NONE', 'TPC_NONE', 'SPC_NONE', 'NONE_MPOLY', 'UC_NONE', 'TPC_NONE', 'SPC_NONE', 'SBX_MPOLY', 'TPC_NONE', 'SPC_NONE', 'UC_NONE', 'SPC_NONE', 'TPC_NONE', 'UC_NONE', 'SBX_MPOLY', 'UC_NONE', 'TPC_NONE', 'UC_NONE', 'UC_NONE', 'UC_NONE']","{'SBX_MPOLY': 4, 'TPC_NONE': 10, 'SPC_NONE': 8, 'UC_NONE': 8, 'NONE_MPOLY': 2, 'TPC_MPOLY': 1}"
26,34,TPC,NONE,0.6804412631077694,0.0364581712260337,459915701.76,354453028.97212785,1889892.0,1445809.0131966393,0.7384038532051509,4.630975843811225e-05,0.01,0.0,GREEDY_HV,"['SPC_MBFLIP', 'SBX_MPOLY', 'TPC_NONE', 'SPC_NONE', 'UC_NONE', 'SPC_NONE', 'SPC_NONE', 'TPC_NONE', 'TPC_NONE', 'TPC_NONE', 'NONE_MPOLY', 'TPC_NONE', 'TPC_MPOLY', 'SBX_MPOLY', 'SPC_NONE', 'TPC_NONE', 'SPC_NONE', 'NONE_MPOLY', 'UC_NONE', 'TPC_NONE', 'SPC_NONE', 'SBX_MPOLY', 'TPC_NONE', 'SPC_NONE', 'UC_NONE', 'SPC_NONE', 'TPC_NONE', 'UC_NONE', 'SBX_MPOLY', 'UC_NONE', 'TPC_NONE', 'UC_NONE', 'UC_NONE', 'UC_NONE', 'TPC_NONE']","{'SBX_MPOLY': 4, 'TPC_NONE': 11, 'SPC_NONE': 8, 'UC_NONE': 8, 'NONE_MPOLY': 2, 'TPC_MPOLY': 1}"
26,35,UC,MPOLY,0.6795502783162867,0.0373587746712856,462740947.2,361356287.1140939,1805632.16,1408295.5929520952,0.7384455385579785,4.168535282755848e-05,0.0,0.005,GREEDY_HV,"['SPC_MBFLIP', 'SBX_MPOLY', 'TPC_NONE', 'SPC_NONE', 'UC_NONE', 'SPC_NONE', 'SPC_NONE', 'TPC_NONE', 'TPC_NONE', 'TPC_NONE', 'NONE_MPOLY', 'TPC_NONE', 'TPC_MPOLY', 'SBX_MPOLY', 'SPC_NONE', 'TPC_NONE', 'SPC_NONE', 'NONE_MPOLY', 'UC_NONE', 'TPC_NONE', 'SPC_NONE', 'SBX_MPOLY', 'TPC_NONE', 'SPC_NONE', 'UC_NONE', 'SPC_NONE', 'TPC_NONE', 'UC_NONE', 'SBX_MPOLY', 'UC_NONE', 'TPC_NONE', 'UC_NONE', 'UC_NONE', 'UC_NONE', 'TPC_NONE', 'UC_MPOLY']","{'SBX_MPOLY': 4, 'TPC_NONE': 11, 'SPC_NONE': 8, 'UC_NONE': 8, 'NONE_MPOLY': 2, 'TPC_MPOLY': 1, 'UC_MPOLY': 1}"
26,36,SPC,NONE,0.6813428527703141,0.0363340641048125,480438545.92,364281790.1436515,1812403.36,1396453.273822934,0.7385053871336591,5.984857568064328e-05,0.0,0.0,GREEDY_HV,"['SPC_MBFLIP', 'SBX_MPOLY', 'TPC_NONE', 'SPC_NONE', 'UC_NONE', 'SPC_NONE', 'SPC_NONE', 'TPC_NONE', 'TPC_NONE', 'TPC_NONE', 'NONE_MPOLY', 'TPC_NONE', 'TPC_MPOLY', 'SBX_MPOLY', 'SPC_NONE', 'TPC_NONE', 'SPC_NONE', 'NONE_MPOLY', 'UC_NONE', 'TPC_NONE', 'SPC_NONE', 'SBX_MPOLY', 'TPC_NONE', 'SPC_NONE', 'UC_NONE', 'SPC_NONE', 'TPC_NONE', 'UC_NONE', 'SBX_MPOLY', 'UC_NONE', 'TPC_NONE', 'UC_NONE', 'UC_NONE', 'UC_NONE', 'TPC_NONE', 'UC_MPOLY', 'SPC_NONE']","{'SBX_MPOLY': 4, 'TPC_NONE': 11, 'SPC_NONE': 9, 'UC_NONE': 8, 'NONE_MPOLY': 2, 'TPC_MPOLY': 1, 'UC_MPOLY': 1}"
26,37,SPC,NONE,0.6800376663747295,0.0364473660020347,467511329.28,352931038.3393313,1733061.28,1379296.5035893193,0.7385265176582232,2.11305245640947e-05,0.0,0.0,GREEDY_HV,"['SPC_MBFLIP', 'SBX_MPOLY', 'TPC_NONE', 'SPC_NONE', 'UC_NONE', 'SPC_NONE', 'SPC_NONE', 'TPC_NONE', 'TPC_NONE', 'TPC_NONE', 'NONE_MPOLY', 'TPC_NONE', 'TPC_MPOLY', 'SBX_MPOLY', 'SPC_NONE', 'TPC_NONE', 'SPC_NONE', 'NONE_MPOLY', 'UC_NONE', 'TPC_NONE', 'SPC_NONE', 'SBX_MPOLY', 'TPC_NONE', 'SPC_NONE', 'UC_NONE', 'SPC_NONE', 'TPC_NONE', 'UC_NONE', 'SBX_MPOLY', 'UC_NONE', 'TPC_NONE', 'UC_NONE', 'UC_NONE', 'UC_NONE', 'TPC_NONE', 'UC_MPOLY', 'SPC_NONE', 'SPC_NONE']","{'SBX_MPOLY': 4, 'TPC_NONE': 11, 'SPC_NONE': 10, 'UC_NONE': 8, 'NONE_MPOLY': 2, 'TPC_MPOLY': 1, 'UC_MPOLY': 1}"
26,38,UC,NONE,0.6835518789821129,0.0350392081332696,489799632.64,362108198.87271047,1820682.4,1329853.7812041745,0.7385711310780562,4.4613419832972845e-05,0.01,0.0,GREEDY_HV,"['SPC_MBFLIP', 'SBX_MPOLY', 'TPC_NONE', 'SPC_NONE', 'UC_NONE', 'SPC_NONE', 'SPC_NONE', 'TPC_NONE', 'TPC_NONE', 'TPC_NONE', 'NONE_MPOLY', 'TPC_NONE', 'TPC_MPOLY', 'SBX_MPOLY', 'SPC_NONE', 'TPC_NONE', 'SPC_NONE', 'NONE_MPOLY', 'UC_NONE', 'TPC_NONE', 'SPC_NONE', 'SBX_MPOLY', 'TPC_NONE', 'SPC_NONE', 'UC_NONE', 'SPC_NONE', 'TPC_NONE', 'UC_NONE', 'SBX_MPOLY', 'UC_NONE', 'TPC_NONE', 'UC_NONE', 'UC_NONE', 'UC_NONE', 'TPC_NONE', 'UC_MPOLY', 'SPC_NONE', 'SPC_NONE', 'UC_NONE']","{'SBX_MPOLY': 4, 'TPC_NONE': 11, 'SPC_NONE': 10, 'UC_NONE': 9, 'NONE_MPOLY': 2, 'TPC_MPOLY': 1, 'UC_MPOLY': 1}"
26,39,TPC,NONE,0.6834654158498585,0.036480481146984,498581283.84,357854152.745576,1921835.68,1400506.426355459,0.7385587129472401,-1.241813081609422e-05,0.01,0.0,GREEDY_HV,"['SPC_MBFLIP', 'SBX_MPOLY', 'TPC_NONE', 'SPC_NONE', 'UC_NONE', 'SPC_NONE', 'SPC_NONE', 'TPC_NONE', 'TPC_NONE', 'TPC_NONE', 'NONE_MPOLY', 'TPC_NONE', 'TPC_MPOLY', 'SBX_MPOLY', 'SPC_NONE', 'TPC_NONE', 'SPC_NONE', 'NONE_MPOLY', 'UC_NONE', 'TPC_NONE', 'SPC_NONE', 'SBX_MPOLY', 'TPC_NONE', 'SPC_NONE', 'UC_NONE', 'SPC_NONE', 'TPC_NONE', 'UC_NONE', 'SBX_MPOLY', 'UC_NONE', 'TPC_NONE', 'UC_NONE', 'UC_NONE', 'UC_NONE', 'TPC_NONE', 'UC_MPOLY', 'SPC_NONE', 'SPC_NONE', 'UC_NONE', 'TPC_NONE']","{'SBX_MPOLY': 4, 'TPC_NONE': 12, 'SPC_NONE': 10, 'UC_NONE': 9, 'NONE_MPOLY': 2, 'TPC_MPOLY': 1, 'UC_MPOLY': 1}"
26,40,UC,NONE,0.6819215673189926,0.0365081861766133,479233876.48,352470506.74101853,1798277.28,1370892.4646000655,0.7385656587701084,6.94582286830947e-06,0.0,0.0,GREEDY_HV,"['SPC_MBFLIP', 'SBX_MPOLY', 'TPC_NONE', 'SPC_NONE', 'UC_NONE', 'SPC_NONE', 'SPC_NONE', 'TPC_NONE', 'TPC_NONE', 'TPC_NONE', 'NONE_MPOLY', 'TPC_NONE', 'TPC_MPOLY', 'SBX_MPOLY', 'SPC_NONE', 'TPC_NONE', 'SPC_NONE', 'NONE_MPOLY', 'UC_NONE', 'TPC_NONE', 'SPC_NONE', 'SBX_MPOLY', 'TPC_NONE', 'SPC_NONE', 'UC_NONE', 'SPC_NONE', 'TPC_NONE', 'UC_NONE', 'SBX_MPOLY', 'UC_NONE', 'TPC_NONE', 'UC_NONE', 'UC_NONE', 'UC_NONE', 'TPC_NONE', 'UC_MPOLY', 'SPC_NONE', 'SPC_NONE', 'UC_NONE', 'TPC_NONE', 'UC_NONE']","{'SBX_MPOLY': 4, 'TPC_NONE': 12, 'SPC_NONE': 10, 'UC_NONE': 10, 'NONE_MPOLY': 2, 'TPC_MPOLY': 1, 'UC_MPOLY': 1}"
26,41,UC,NONE,0.6836462129339719,0.0364578928463446,502494668.8,357775124.2542137,1866901.92,1392145.293649996,0.7386044441736606,3.87854035521773e-05,0.01,0.0,GREEDY_HV,"['SPC_MBFLIP', 'SBX_MPOLY', 'TPC_NONE', 'SPC_NONE', 'UC_NONE', 'SPC_NONE', 'SPC_NONE', 'TPC_NONE', 'TPC_NONE', 'TPC_NONE', 'NONE_MPOLY', 'TPC_NONE', 'TPC_MPOLY', 'SBX_MPOLY', 'SPC_NONE', 'TPC_NONE', 'SPC_NONE', 'NONE_MPOLY', 'UC_NONE', 'TPC_NONE', 'SPC_NONE', 'SBX_MPOLY', 'TPC_NONE', 'SPC_NONE', 'UC_NONE', 'SPC_NONE', 'TPC_NONE', 'UC_NONE', 'SBX_MPOLY', 'UC_NONE', 'TPC_NONE', 'UC_NONE', 'UC_NONE', 'UC_NONE', 'TPC_NONE', 'UC_MPOLY', 'SPC_NONE', 'SPC_NONE', 'UC_NONE', 'TPC_NONE', 'UC_NONE', 'UC_NONE']","{'SBX_MPOLY': 4, 'TPC_NONE': 12, 'SPC_NONE': 10, 'UC_NONE': 11, 'NONE_MPOLY': 2, 'TPC_MPOLY': 1, 'UC_MPOLY': 1}"
26,42,SPC,NONE,0.6804565613069061,0.035614926889895,444419814.4,350474477.58240825,1579392.16,1197431.6925016372,0.7386766298025352,7.218562887467694e-05,0.01,0.0,GREEDY_HV,"['SPC_MBFLIP', 'SBX_MPOLY', 'TPC_NONE', 'SPC_NONE', 'UC_NONE', 'SPC_NONE', 'SPC_NONE', 'TPC_NONE', 'TPC_NONE', 'TPC_NONE', 'NONE_MPOLY', 'TPC_NONE', 'TPC_MPOLY', 'SBX_MPOLY', 'SPC_NONE', 'TPC_NONE', 'SPC_NONE', 'NONE_MPOLY', 'UC_NONE', 'TPC_NONE', 'SPC_NONE', 'SBX_MPOLY', 'TPC_NONE', 'SPC_NONE', 'UC_NONE', 'SPC_NONE', 'TPC_NONE', 'UC_NONE', 'SBX_MPOLY', 'UC_NONE', 'TPC_NONE', 'UC_NONE', 'UC_NONE', 'UC_NONE', 'TPC_NONE', 'UC_MPOLY', 'SPC_NONE', 'SPC_NONE', 'UC_NONE', 'TPC_NONE', 'UC_NONE', 'UC_NONE', 'SPC_NONE']","{'SBX_MPOLY': 4, 'TPC_NONE': 12, 'SPC_NONE': 11, 'UC_NONE': 11, 'NONE_MPOLY': 2, 'TPC_MPOLY': 1, 'UC_MPOLY': 1}"
26,43,UC,NONE,0.6826462367657515,0.0336243091060566,461023201.28,353084059.3757485,1550933.92,1180999.0162069374,0.7387160992646459,3.946946211064173e-05,0.03,0.0,GREEDY_HV,"['SPC_MBFLIP', 'SBX_MPOLY', 'TPC_NONE', 'SPC_NONE', 'UC_NONE', 'SPC_NONE', 'SPC_NONE', 'TPC_NONE', 'TPC_NONE', 'TPC_NONE', 'NONE_MPOLY', 'TPC_NONE', 'TPC_MPOLY', 'SBX_MPOLY', 'SPC_NONE', 'TPC_NONE', 'SPC_NONE', 'NONE_MPOLY', 'UC_NONE', 'TPC_NONE', 'SPC_NONE', 'SBX_MPOLY', 'TPC_NONE', 'SPC_NONE', 'UC_NONE', 'SPC_NONE', 'TPC_NONE', 'UC_NONE', 'SBX_MPOLY', 'UC_NONE', 'TPC_NONE', 'UC_NONE', 'UC_NONE', 'UC_NONE', 'TPC_NONE', 'UC_MPOLY', 'SPC_NONE', 'SPC_NONE', 'UC_NONE', 'TPC_NONE', 'UC_NONE', 'UC_NONE', 'SPC_NONE', 'UC_NONE']","{'SBX_MPOLY': 4, 'TPC_NONE': 12, 'SPC_NONE': 11, 'UC_NONE': 12, 'NONE_MPOLY': 2, 'TPC_MPOLY': 1, 'UC_MPOLY': 1}"
26,44,UC,NONE,0.6779818406266992,0.0322923911376888,346863086.08,237796482.56643388,1295296.16,961687.7068104668,0.7389762071778305,0.0002601079131846,0.02,0.0,GREEDY_HV,"['SPC_MBFLIP', 'SBX_MPOLY', 'TPC_NONE', 'SPC_NONE', 'UC_NONE', 'SPC_NONE', 'SPC_NONE', 'TPC_NONE', 'TPC_NONE', 'TPC_NONE', 'NONE_MPOLY', 'TPC_NONE', 'TPC_MPOLY', 'SBX_MPOLY', 'SPC_NONE', 'TPC_NONE', 'SPC_NONE', 'NONE_MPOLY', 'UC_NONE', 'TPC_NONE', 'SPC_NONE', 'SBX_MPOLY', 'TPC_NONE', 'SPC_NONE', 'UC_NONE', 'SPC_NONE', 'TPC_NONE', 'UC_NONE', 'SBX_MPOLY', 'UC_NONE', 'TPC_NONE', 'UC_NONE', 'UC_NONE', 'UC_NONE', 'TPC_NONE', 'UC_MPOLY', 'SPC_NONE', 'SPC_NONE', 'UC_NONE', 'TPC_NONE', 'UC_NONE', 'UC_NONE', 'SPC_NONE', 'UC_NONE', 'UC_NONE']","{'SBX_MPOLY': 4, 'TPC_NONE': 12, 'SPC_NONE': 11, 'UC_NONE': 13, 'NONE_MPOLY': 2, 'TPC_MPOLY': 1, 'UC_MPOLY': 1}"
26,45,TPC,NONE,0.6805448432912208,0.0322103549214388,372225845.76,253731262.6673304,1343844.0,896406.6515829967,0.7389978209342577,2.161375642717456e-05,0.0,0.0,GREEDY_HV,"['SPC_MBFLIP', 'SBX_MPOLY', 'TPC_NONE', 'SPC_NONE', 'UC_NONE', 'SPC_NONE', 'SPC_NONE', 'TPC_NONE', 'TPC_NONE', 'TPC_NONE', 'NONE_MPOLY', 'TPC_NONE', 'TPC_MPOLY', 'SBX_MPOLY', 'SPC_NONE', 'TPC_NONE', 'SPC_NONE', 'NONE_MPOLY', 'UC_NONE', 'TPC_NONE', 'SPC_NONE', 'SBX_MPOLY', 'TPC_NONE', 'SPC_NONE', 'UC_NONE', 'SPC_NONE', 'TPC_NONE', 'UC_NONE', 'SBX_MPOLY', 'UC_NONE', 'TPC_NONE', 'UC_NONE', 'UC_NONE', 'UC_NONE', 'TPC_NONE', 'UC_MPOLY', 'SPC_NONE', 'SPC_NONE', 'UC_NONE', 'TPC_NONE', 'UC_NONE', 'UC_NONE', 'SPC_NONE', 'UC_NONE', 'UC_NONE', 'TPC_NONE']","{'SBX_MPOLY': 4, 'TPC_NONE': 13, 'SPC_NONE': 11, 'UC_NONE': 13, 'NONE_MPOLY': 2, 'TPC_MPOLY': 1, 'UC_MPOLY': 1}"
26,46,UC,NONE,0.6797520139577814,0.0330068742922085,379926469.12,261379801.68815443,1290552.48,860773.1117230427,0.7390058098484484,7.98891419073744e-06,0.0,0.0,GREEDY_HV,"['SPC_MBFLIP', 'SBX_MPOLY', 'TPC_NONE', 'SPC_NONE', 'UC_NONE', 'SPC_NONE', 'SPC_NONE', 'TPC_NONE', 'TPC_NONE', 'TPC_NONE', 'NONE_MPOLY', 'TPC_NONE', 'TPC_MPOLY', 'SBX_MPOLY', 'SPC_NONE', 'TPC_NONE', 'SPC_NONE', 'NONE_MPOLY', 'UC_NONE', 'TPC_NONE', 'SPC_NONE', 'SBX_MPOLY', 'TPC_NONE', 'SPC_NONE', 'UC_NONE', 'SPC_NONE', 'TPC_NONE', 'UC_NONE', 'SBX_MPOLY', 'UC_NONE', 'TPC_NONE', 'UC_NONE', 'UC_NONE', 'UC_NONE', 'TPC_NONE', 'UC_MPOLY', 'SPC_NONE', 'SPC_NONE', 'UC_NONE', 'TPC_NONE', 'UC_NONE', 'UC_NONE', 'SPC_NONE', 'UC_NONE', 'UC_NONE', 'TPC_NONE', 'UC_NONE']","{'SBX_MPOLY': 4, 'TPC_NONE': 13, 'SPC_NONE': 11, 'UC_NONE': 14, 'NONE_MPOLY': 2, 'TPC_MPOLY': 1, 'UC_MPOLY': 1}"
26,47,TPC,NONE,0.679305887763617,0.0327364605092702,371922168.32,259542968.48743328,1252503.2,842327.3001321044,0.7390233615561576,1.755170770911807e-05,0.01,0.0,GREEDY_HV,"['SPC_MBFLIP', 'SBX_MPOLY', 'TPC_NONE', 'SPC_NONE', 'UC_NONE', 'SPC_NONE', 'SPC_NONE', 'TPC_NONE', 'TPC_NONE', 'TPC_NONE', 'NONE_MPOLY', 'TPC_NONE', 'TPC_MPOLY', 'SBX_MPOLY', 'SPC_NONE', 'TPC_NONE', 'SPC_NONE', 'NONE_MPOLY', 'UC_NONE', 'TPC_NONE', 'SPC_NONE', 'SBX_MPOLY', 'TPC_NONE', 'SPC_NONE', 'UC_NONE', 'SPC_NONE', 'TPC_NONE', 'UC_NONE', 'SBX_MPOLY', 'UC_NONE', 'TPC_NONE', 'UC_NONE', 'UC_NONE', 'UC_NONE', 'TPC_NONE', 'UC_MPOLY', 'SPC_NONE', 'SPC_NONE', 'UC_NONE', 'TPC_NONE', 'UC_NONE', 'UC_NONE', 'SPC_NONE', 'UC_NONE', 'UC_NONE', 'TPC_NONE', 'UC_NONE', 'TPC_NONE']","{'SBX_MPOLY': 4, 'TPC_NONE': 14, 'SPC_NONE': 11, 'UC_NONE': 14, 'NONE_MPOLY': 2, 'TPC_MPOLY': 1, 'UC_MPOLY': 1}"
26,48,UC,MPOLY,0.6788970055729439,0.0325961071378491,361838804.48,256686010.30590612,1258171.04,862796.7161389749,0.7390272104410811,3.848884923551843e-06,0.0,0.01,GREEDY_HV,"['SPC_MBFLIP', 'SBX_MPOLY', 'TPC_NONE', 'SPC_NONE', 'UC_NONE', 'SPC_NONE', 'SPC_NONE', 'TPC_NONE', 'TPC_NONE', 'TPC_NONE', 'NONE_MPOLY', 'TPC_NONE', 'TPC_MPOLY', 'SBX_MPOLY', 'SPC_NONE', 'TPC_NONE', 'SPC_NONE', 'NONE_MPOLY', 'UC_NONE', 'TPC_NONE', 'SPC_NONE', 'SBX_MPOLY', 'TPC_NONE', 'SPC_NONE', 'UC_NONE', 'SPC_NONE', 'TPC_NONE', 'UC_NONE', 'SBX_MPOLY', 'UC_NONE', 'TPC_NONE', 'UC_NONE', 'UC_NONE', 'UC_NONE', 'TPC_NONE', 'UC_MPOLY', 'SPC_NONE', 'SPC_NONE', 'UC_NONE', 'TPC_NONE', 'UC_NONE', 'UC_NONE', 'SPC_NONE', 'UC_NONE', 'UC_NONE', 'TPC_NONE', 'UC_NONE', 'TPC_NONE', 'UC_MPOLY']","{'SBX_MPOLY': 4, 'TPC_NONE': 14, 'SPC_NONE': 11, 'UC_NONE': 14, 'NONE_MPOLY': 2, 'TPC_MPOLY': 1, 'UC_MPOLY': 2}"
26,49,SPC,NONE,0.6799330810184436,0.0329355525228215,380816309.76,262133978.0590412,1308190.88,880480.7455853795,0.739057425532272,3.0215091190943788e-05,0.0,0.0,GREEDY_HV,"['SPC_MBFLIP', 'SBX_MPOLY', 'TPC_NONE', 'SPC_NONE', 'UC_NONE', 'SPC_NONE', 'SPC_NONE', 'TPC_NONE', 'TPC_NONE', 'TPC_NONE', 'NONE_MPOLY', 'TPC_NONE', 'TPC_MPOLY', 'SBX_MPOLY', 'SPC_NONE', 'TPC_NONE', 'SPC_NONE', 'NONE_MPOLY', 'UC_NONE', 'TPC_NONE', 'SPC_NONE', 'SBX_MPOLY', 'TPC_NONE', 'SPC_NONE', 'UC_NONE', 'SPC_NONE', 'TPC_NONE', 'UC_NONE', 'SBX_MPOLY', 'UC_NONE', 'TPC_NONE', 'UC_NONE', 'UC_NONE', 'UC_NONE', 'TPC_NONE', 'UC_MPOLY', 'SPC_NONE', 'SPC_NONE', 'UC_NONE', 'TPC_NONE', 'UC_NONE', 'UC_NONE', 'SPC_NONE', 'UC_NONE', 'UC_NONE', 'TPC_NONE', 'UC_NONE', 'TPC_NONE', 'UC_MPOLY', 'SPC_NONE']","{'SBX_MPOLY': 4, 'TPC_NONE': 14, 'SPC_NONE': 12, 'UC_NONE': 14, 'NONE_MPOLY': 2, 'TPC_MPOLY': 1, 'UC_MPOLY': 2}"
26,50,UC,NONE,0.6799436856736787,0.0331746921474606,383733079.04,269439953.78783065,1303758.24,885153.5109419734,0.7390725678639859,1.5142331713846602e-05,0.0,0.0,GREEDY_HV,"['SPC_MBFLIP', 'SBX_MPOLY', 'TPC_NONE', 'SPC_NONE', 'UC_NONE', 'SPC_NONE', 'SPC_NONE', 'TPC_NONE', 'TPC_NONE', 'TPC_NONE', 'NONE_MPOLY', 'TPC_NONE', 'TPC_MPOLY', 'SBX_MPOLY', 'SPC_NONE', 'TPC_NONE', 'SPC_NONE', 'NONE_MPOLY', 'UC_NONE', 'TPC_NONE', 'SPC_NONE', 'SBX_MPOLY', 'TPC_NONE', 'SPC_NONE', 'UC_NONE', 'SPC_NONE', 'TPC_NONE', 'UC_NONE', 'SBX_MPOLY', 'UC_NONE', 'TPC_NONE', 'UC_NONE', 'UC_NONE', 'UC_NONE', 'TPC_NONE', 'UC_MPOLY', 'SPC_NONE', 'SPC_NONE', 'UC_NONE', 'TPC_NONE', 'UC_NONE', 'UC_NONE', 'SPC_NONE', 'UC_NONE', 'UC_NONE', 'TPC_NONE', 'UC_NONE', 'TPC_NONE', 'UC_MPOLY', 'SPC_NONE', 'UC_NONE']","{'SBX_MPOLY': 4, 'TPC_NONE': 14, 'SPC_NONE': 12, 'UC_NONE': 15, 'NONE_MPOLY': 2, 'TPC_MPOLY': 1, 'UC_MPOLY': 2}"
26,51,UC,NONE,0.6787448691038327,0.0342723153575677,389579586.56,272408396.3977825,1253273.76,868424.7519863205,0.7390574279922122,-1.5139871773706126e-05,0.0,0.0,GREEDY_HV,"['SPC_MBFLIP', 'SBX_MPOLY', 'TPC_NONE', 'SPC_NONE', 'UC_NONE', 'SPC_NONE', 'SPC_NONE', 'TPC_NONE', 'TPC_NONE', 'TPC_NONE', 'NONE_MPOLY', 'TPC_NONE', 'TPC_MPOLY', 'SBX_MPOLY', 'SPC_NONE', 'TPC_NONE', 'SPC_NONE', 'NONE_MPOLY', 'UC_NONE', 'TPC_NONE', 'SPC_NONE', 'SBX_MPOLY', 'TPC_NONE', 'SPC_NONE', 'UC_NONE', 'SPC_NONE', 'TPC_NONE', 'UC_NONE', 'SBX_MPOLY', 'UC_NONE', 'TPC_NONE', 'UC_NONE', 'UC_NONE', 'UC_NONE', 'TPC_NONE', 'UC_MPOLY', 'SPC_NONE', 'SPC_NONE', 'UC_NONE', 'TPC_NONE', 'UC_NONE', 'UC_NONE', 'SPC_NONE', 'UC_NONE', 'UC_NONE', 'TPC_NONE', 'UC_NONE', 'TPC_NONE', 'UC_MPOLY', 'SPC_NONE', 'UC_NONE', 'UC_NONE']","{'SBX_MPOLY': 4, 'TPC_NONE': 14, 'SPC_NONE': 12, 'UC_NONE': 16, 'NONE_MPOLY': 2, 'TPC_MPOLY': 1, 'UC_MPOLY': 2}"
26,52,SPC,NONE,0.6794284853230103,0.0343081684192169,393497057.28,271978178.78629,1246941.6,854453.5336517252,0.7390697799988387,1.2352006626525911e-05,0.0,0.0,GREEDY_HV,"['SPC_MBFLIP', 'SBX_MPOLY', 'TPC_NONE', 'SPC_NONE', 'UC_NONE', 'SPC_NONE', 'SPC_NONE', 'TPC_NONE', 'TPC_NONE', 'TPC_NONE', 'NONE_MPOLY', 'TPC_NONE', 'TPC_MPOLY', 'SBX_MPOLY', 'SPC_NONE', 'TPC_NONE', 'SPC_NONE', 'NONE_MPOLY', 'UC_NONE', 'TPC_NONE', 'SPC_NONE', 'SBX_MPOLY', 'TPC_NONE', 'SPC_NONE', 'UC_NONE', 'SPC_NONE', 'TPC_NONE', 'UC_NONE', 'SBX_MPOLY', 'UC_NONE', 'TPC_NONE', 'UC_NONE', 'UC_NONE', 'UC_NONE', 'TPC_NONE', 'UC_MPOLY', 'SPC_NONE', 'SPC_NONE', 'UC_NONE', 'TPC_NONE', 'UC_NONE', 'UC_NONE', 'SPC_NONE', 'UC_NONE', 'UC_NONE', 'TPC_NONE', 'UC_NONE', 'TPC_NONE', 'UC_MPOLY', 'SPC_NONE', 'UC_NONE', 'UC_NONE', 'SPC_NONE']","{'SBX_MPOLY': 4, 'TPC_NONE': 14, 'SPC_NONE': 13, 'UC_NONE': 16, 'NONE_MPOLY': 2, 'TPC_MPOLY': 1, 'UC_MPOLY': 2}"
26,53,TPC,NONE,0.6797112016193069,0.0336773507191426,397421457.92,280601214.145519,1275136.16,865727.1795164887,0.7397118663527982,0.0006420863539594,0.0,0.0,GREEDY_HV,"['SPC_MBFLIP', 'SBX_MPOLY', 'TPC_NONE', 'SPC_NONE', 'UC_NONE', 'SPC_NONE', 'SPC_NONE', 'TPC_NONE', 'TPC_NONE', 'TPC_NONE', 'NONE_MPOLY', 'TPC_NONE', 'TPC_MPOLY', 'SBX_MPOLY', 'SPC_NONE', 'TPC_NONE', 'SPC_NONE', 'NONE_MPOLY', 'UC_NONE', 'TPC_NONE', 'SPC_NONE', 'SBX_MPOLY', 'TPC_NONE', 'SPC_NONE', 'UC_NONE', 'SPC_NONE', 'TPC_NONE', 'UC_NONE', 'SBX_MPOLY', 'UC_NONE', 'TPC_NONE', 'UC_NONE', 'UC_NONE', 'UC_NONE', 'TPC_NONE', 'UC_MPOLY', 'SPC_NONE', 'SPC_NONE', 'UC_NONE', 'TPC_NONE', 'UC_NONE', 'UC_NONE', 'SPC_NONE', 'UC_NONE', 'UC_NONE', 'TPC_NONE', 'UC_NONE', 'TPC_NONE', 'UC_MPOLY', 'SPC_NONE', 'UC_NONE', 'UC_NONE', 'SPC_NONE', 'TPC_NONE']","{'SBX_MPOLY': 4, 'TPC_NONE': 15, 'SPC_NONE': 13, 'UC_NONE': 16, 'NONE_MPOLY': 2, 'TPC_MPOLY': 1, 'UC_MPOLY': 2}"
26,54,SPC,MNUF,0.6797038029566538,0.0336986180405418,397420776.96,280601876.174538,1275114.4,865754.6678882187,0.7397412100961349,2.9343743336740505e-05,0.0,0.005,GREEDY_HV,"['SPC_MBFLIP', 'SBX_MPOLY', 'TPC_NONE', 'SPC_NONE', 'UC_NONE', 'SPC_NONE', 'SPC_NONE', 'TPC_NONE', 'TPC_NONE', 'TPC_NONE', 'NONE_MPOLY', 'TPC_NONE', 'TPC_MPOLY', 'SBX_MPOLY', 'SPC_NONE', 'TPC_NONE', 'SPC_NONE', 'NONE_MPOLY', 'UC_NONE', 'TPC_NONE', 'SPC_NONE', 'SBX_MPOLY', 'TPC_NONE', 'SPC_NONE', 'UC_NONE', 'SPC_NONE', 'TPC_NONE', 'UC_NONE', 'SBX_MPOLY', 'UC_NONE', 'TPC_NONE', 'UC_NONE', 'UC_NONE', 'UC_NONE', 'TPC_NONE', 'UC_MPOLY', 'SPC_NONE', 'SPC_NONE', 'UC_NONE', 'TPC_NONE', 'UC_NONE', 'UC_NONE', 'SPC_NONE', 'UC_NONE', 'UC_NONE', 'TPC_NONE', 'UC_NONE', 'TPC_NONE', 'UC_MPOLY', 'SPC_NONE', 'UC_NONE', 'UC_NONE', 'SPC_NONE', 'TPC_NONE', 'SPC_MNUF']","{'SBX_MPOLY': 4, 'TPC_NONE': 15, 'SPC_NONE': 13, 'UC_NONE': 16, 'NONE_MPOLY': 2, 'TPC_MPOLY': 1, 'UC_MPOLY': 2, 'SPC_MNUF': 1}"
26,55,TPC,NONE,0.677593445663075,0.0358184446434838,393275526.4,293132031.90390015,1246798.24,875842.5449477676,0.73977382462421,3.261452807512555e-05,0.0,0.0,GREEDY_HV,"['SPC_MBFLIP', 'SBX_MPOLY', 'TPC_NONE', 'SPC_NONE', 'UC_NONE', 'SPC_NONE', 'SPC_NONE', 'TPC_NONE', 'TPC_NONE', 'TPC_NONE', 'NONE_MPOLY', 'TPC_NONE', 'TPC_MPOLY', 'SBX_MPOLY', 'SPC_NONE', 'TPC_NONE', 'SPC_NONE', 'NONE_MPOLY', 'UC_NONE', 'TPC_NONE', 'SPC_NONE', 'SBX_MPOLY', 'TPC_NONE', 'SPC_NONE', 'UC_NONE', 'SPC_NONE', 'TPC_NONE', 'UC_NONE', 'SBX_MPOLY', 'UC_NONE', 'TPC_NONE', 'UC_NONE', 'UC_NONE', 'UC_NONE', 'TPC_NONE', 'UC_MPOLY', 'SPC_NONE', 'SPC_NONE', 'UC_NONE', 'TPC_NONE', 'UC_NONE', 'UC_NONE', 'SPC_NONE', 'UC_NONE', 'UC_NONE', 'TPC_NONE', 'UC_NONE', 'TPC_NONE', 'UC_MPOLY', 'SPC_NONE', 'UC_NONE', 'UC_NONE', 'SPC_NONE', 'TPC_NONE', 'SPC_MNUF', 'TPC_NONE']","{'SBX_MPOLY': 4, 'TPC_NONE': 16, 'SPC_NONE': 13, 'UC_NONE': 16, 'NONE_MPOLY': 2, 'TPC_MPOLY': 1, 'UC_MPOLY': 2, 'SPC_MNUF': 1}"
26,56,UC,NONE,0.6775641638681782,0.0360900057617522,405711033.6,304488007.4088524,1256245.92,891174.6170353785,0.7397790623115665,5.237687356496323e-06,0.0,0.0,GREEDY_HV,"['SPC_MBFLIP', 'SBX_MPOLY', 'TPC_NONE', 'SPC_NONE', 'UC_NONE', 'SPC_NONE', 'SPC_NONE', 'TPC_NONE', 'TPC_NONE', 'TPC_NONE', 'NONE_MPOLY', 'TPC_NONE', 'TPC_MPOLY', 'SBX_MPOLY', 'SPC_NONE', 'TPC_NONE', 'SPC_NONE', 'NONE_MPOLY', 'UC_NONE', 'TPC_NONE', 'SPC_NONE', 'SBX_MPOLY', 'TPC_NONE', 'SPC_NONE', 'UC_NONE', 'SPC_NONE', 'TPC_NONE', 'UC_NONE', 'SBX_MPOLY', 'UC_NONE', 'TPC_NONE', 'UC_NONE', 'UC_NONE', 'UC_NONE', 'TPC_NONE', 'UC_MPOLY', 'SPC_NONE', 'SPC_NONE', 'UC_NONE', 'TPC_NONE', 'UC_NONE', 'UC_NONE', 'SPC_NONE', 'UC_NONE', 'UC_NONE', 'TPC_NONE', 'UC_NONE', 'TPC_NONE', 'UC_MPOLY', 'SPC_NONE', 'UC_NONE', 'UC_NONE', 'SPC_NONE', 'TPC_NONE', 'SPC_MNUF', 'TPC_NONE', 'UC_NONE']","{'SBX_MPOLY': 4, 'TPC_NONE': 16, 'SPC_NONE': 13, 'UC_NONE': 17, 'NONE_MPOLY': 2, 'TPC_MPOLY': 1, 'UC_MPOLY': 2, 'SPC_MNUF': 1}"
26,57,UC,NONE,0.6794153312088562,0.0352355798936802,404674740.48,302260168.9323072,1278377.12,816603.0235982387,0.739781922159251,2.859847684444361e-06,0.0,0.0,GREEDY_HV,"['SPC_MBFLIP', 'SBX_MPOLY', 'TPC_NONE', 'SPC_NONE', 'UC_NONE', 'SPC_NONE', 'SPC_NONE', 'TPC_NONE', 'TPC_NONE', 'TPC_NONE', 'NONE_MPOLY', 'TPC_NONE', 'TPC_MPOLY', 'SBX_MPOLY', 'SPC_NONE', 'TPC_NONE', 'SPC_NONE', 'NONE_MPOLY', 'UC_NONE', 'TPC_NONE', 'SPC_NONE', 'SBX_MPOLY', 'TPC_NONE', 'SPC_NONE', 'UC_NONE', 'SPC_NONE', 'TPC_NONE', 'UC_NONE', 'SBX_MPOLY', 'UC_NONE', 'TPC_NONE', 'UC_NONE', 'UC_NONE', 'UC_NONE', 'TPC_NONE', 'UC_MPOLY', 'SPC_NONE', 'SPC_NONE', 'UC_NONE', 'TPC_NONE', 'UC_NONE', 'UC_NONE', 'SPC_NONE', 'UC_NONE', 'UC_NONE', 'TPC_NONE', 'UC_NONE', 'TPC_NONE', 'UC_MPOLY', 'SPC_NONE', 'UC_NONE', 'UC_NONE', 'SPC_NONE', 'TPC_NONE', 'SPC_MNUF', 'TPC_NONE', 'UC_NONE', 'UC_NONE']","{'SBX_MPOLY': 4, 'TPC_NONE': 16, 'SPC_NONE': 13, 'UC_NONE': 18, 'NONE_MPOLY': 2, 'TPC_MPOLY': 1, 'UC_MPOLY': 2, 'SPC_MNUF': 1}"
26,58,TPC,NONE,0.6785623473460666,0.0356098853768028,396473913.6,295443205.210786,1264430.24,826243.806019181,0.7397812844960445,-6.376632064597487e-07,0.0,0.0,GREEDY_HV,"['SPC_MBFLIP', 'SBX_MPOLY', 'TPC_NONE', 'SPC_NONE', 'UC_NONE', 'SPC_NONE', 'SPC_NONE', 'TPC_NONE', 'TPC_NONE', 'TPC_NONE', 'NONE_MPOLY', 'TPC_NONE', 'TPC_MPOLY', 'SBX_MPOLY', 'SPC_NONE', 'TPC_NONE', 'SPC_NONE', 'NONE_MPOLY', 'UC_NONE', 'TPC_NONE', 'SPC_NONE', 'SBX_MPOLY', 'TPC_NONE', 'SPC_NONE', 'UC_NONE', 'SPC_NONE', 'TPC_NONE', 'UC_NONE', 'SBX_MPOLY', 'UC_NONE', 'TPC_NONE', 'UC_NONE', 'UC_NONE', 'UC_NONE', 'TPC_NONE', 'UC_MPOLY', 'SPC_NONE', 'SPC_NONE', 'UC_NONE', 'TPC_NONE', 'UC_NONE', 'UC_NONE', 'SPC_NONE', 'UC_NONE', 'UC_NONE', 'TPC_NONE', 'UC_NONE', 'TPC_NONE', 'UC_MPOLY', 'SPC_NONE', 'UC_NONE', 'UC_NONE', 'SPC_NONE', 'TPC_NONE', 'SPC_MNUF', 'TPC_NONE', 'UC_NONE', 'UC_NONE', 'TPC_NONE']","{'SBX_MPOLY': 4, 'TPC_NONE': 17, 'SPC_NONE': 13, 'UC_NONE': 18, 'NONE_MPOLY': 2, 'TPC_MPOLY': 1, 'UC_MPOLY': 2, 'SPC_MNUF': 1}"
26,59,UC,NONE,0.6781353515595875,0.0358530139025837,401054332.16,300172359.37400514,1222103.2,810408.4127026324,0.7397887758250701,7.49132902555516e-06,0.0,0.0,GREEDY_HV,"['SPC_MBFLIP', 'SBX_MPOLY', 'TPC_NONE', 'SPC_NONE', 'UC_NONE', 'SPC_NONE', 'SPC_NONE', 'TPC_NONE', 'TPC_NONE', 'TPC_NONE', 'NONE_MPOLY', 'TPC_NONE', 'TPC_MPOLY', 'SBX_MPOLY', 'SPC_NONE', 'TPC_NONE', 'SPC_NONE', 'NONE_MPOLY', 'UC_NONE', 'TPC_NONE', 'SPC_NONE', 'SBX_MPOLY', 'TPC_NONE', 'SPC_NONE', 'UC_NONE', 'SPC_NONE', 'TPC_NONE', 'UC_NONE', 'SBX_MPOLY', 'UC_NONE', 'TPC_NONE', 'UC_NONE', 'UC_NONE', 'UC_NONE', 'TPC_NONE', 'UC_MPOLY', 'SPC_NONE', 'SPC_NONE', 'UC_NONE', 'TPC_NONE', 'UC_NONE', 'UC_NONE', 'SPC_NONE', 'UC_NONE', 'UC_NONE', 'TPC_NONE', 'UC_NONE', 'TPC_NONE', 'UC_MPOLY', 'SPC_NONE', 'UC_NONE', 'UC_NONE', 'SPC_NONE', 'TPC_NONE', 'SPC_MNUF', 'TPC_NONE', 'UC_NONE', 'UC_NONE', 'TPC_NONE', 'UC_NONE']","{'SBX_MPOLY': 4, 'TPC_NONE': 17, 'SPC_NONE': 13, 'UC_NONE': 19, 'NONE_MPOLY': 2, 'TPC_MPOLY': 1, 'UC_MPOLY': 2, 'SPC_MNUF': 1}"
26,60,UC,NONE,0.6786518724050332,0.0355565422783802,405423947.52,296892347.3284528,1217278.88,799429.6349713497,0.7397918179569456,3.0421318755191606e-06,0.0,0.0,GREEDY_HV,"['SPC_MBFLIP', 'SBX_MPOLY', 'TPC_NONE', 'SPC_NONE', 'UC_NONE', 'SPC_NONE', 'SPC_NONE', 'TPC_NONE', 'TPC_NONE', 'TPC_NONE', 'NONE_MPOLY', 'TPC_NONE', 'TPC_MPOLY', 'SBX_MPOLY', 'SPC_NONE', 'TPC_NONE', 'SPC_NONE', 'NONE_MPOLY', 'UC_NONE', 'TPC_NONE', 'SPC_NONE', 'SBX_MPOLY', 'TPC_NONE', 'SPC_NONE', 'UC_NONE', 'SPC_NONE', 'TPC_NONE', 'UC_NONE', 'SBX_MPOLY', 'UC_NONE', 'TPC_NONE', 'UC_NONE', 'UC_NONE', 'UC_NONE', 'TPC_NONE', 'UC_MPOLY', 'SPC_NONE', 'SPC_NONE', 'UC_NONE', 'TPC_NONE', 'UC_NONE', 'UC_NONE', 'SPC_NONE', 'UC_NONE', 'UC_NONE', 'TPC_NONE', 'UC_NONE', 'TPC_NONE', 'UC_MPOLY', 'SPC_NONE', 'UC_NONE', 'UC_NONE', 'SPC_NONE', 'TPC_NONE', 'SPC_MNUF', 'TPC_NONE', 'UC_NONE', 'UC_NONE', 'TPC_NONE', 'UC_NONE', 'UC_NONE']","{'SBX_MPOLY': 4, 'TPC_NONE': 17, 'SPC_NONE': 13, 'UC_NONE': 20, 'NONE_MPOLY': 2, 'TPC_MPOLY': 1, 'UC_MPOLY': 2, 'SPC_MNUF': 1}"
26,61,SPC,NONE,0.679461240335068,0.0356907952439992,429207988.48,313110828.49549,1225130.4,784793.8792014116,0.739803211958767,1.1394001821374287e-05,0.01,0.0,GREEDY_HV,"['SPC_MBFLIP', 'SBX_MPOLY', 'TPC_NONE', 'SPC_NONE', 'UC_NONE', 'SPC_NONE', 'SPC_NONE', 'TPC_NONE', 'TPC_NONE', 'TPC_NONE', 'NONE_MPOLY', 'TPC_NONE', 'TPC_MPOLY', 'SBX_MPOLY', 'SPC_NONE', 'TPC_NONE', 'SPC_NONE', 'NONE_MPOLY', 'UC_NONE', 'TPC_NONE', 'SPC_NONE', 'SBX_MPOLY', 'TPC_NONE', 'SPC_NONE', 'UC_NONE', 'SPC_NONE', 'TPC_NONE', 'UC_NONE', 'SBX_MPOLY', 'UC_NONE', 'TPC_NONE', 'UC_NONE', 'UC_NONE', 'UC_NONE', 'TPC_NONE', 'UC_MPOLY', 'SPC_NONE', 'SPC_NONE', 'UC_NONE', 'TPC_NONE', 'UC_NONE', 'UC_NONE', 'SPC_NONE', 'UC_NONE', 'UC_NONE', 'TPC_NONE', 'UC_NONE', 'TPC_NONE', 'UC_MPOLY', 'SPC_NONE', 'UC_NONE', 'UC_NONE', 'SPC_NONE', 'TPC_NONE', 'SPC_MNUF', 'TPC_NONE', 'UC_NONE', 'UC_NONE', 'TPC_NONE', 'UC_NONE', 'UC_NONE', 'SPC_NONE']","{'SBX_MPOLY': 4, 'TPC_NONE': 17, 'SPC_NONE': 14, 'UC_NONE': 20, 'NONE_MPOLY': 2, 'TPC_MPOLY': 1, 'UC_MPOLY': 2, 'SPC_MNUF': 1}"
26,62,TPC,NONE,0.6789040182976797,0.0356537129490217,409261976.32,305394175.89647335,1222064.8,787790.992360385,0.739793146002802,-1.0065955964977393e-05,0.0,0.0,GREEDY_HV,"['SPC_MBFLIP', 'SBX_MPOLY', 'TPC_NONE', 'SPC_NONE', 'UC_NONE', 'SPC_NONE', 'SPC_NONE', 'TPC_NONE', 'TPC_NONE', 'TPC_NONE', 'NONE_MPOLY', 'TPC_NONE', 'TPC_MPOLY', 'SBX_MPOLY', 'SPC_NONE', 'TPC_NONE', 'SPC_NONE', 'NONE_MPOLY', 'UC_NONE', 'TPC_NONE', 'SPC_NONE', 'SBX_MPOLY', 'TPC_NONE', 'SPC_NONE', 'UC_NONE', 'SPC_NONE', 'TPC_NONE', 'UC_NONE', 'SBX_MPOLY', 'UC_NONE', 'TPC_NONE', 'UC_NONE', 'UC_NONE', 'UC_NONE', 'TPC_NONE', 'UC_MPOLY', 'SPC_NONE', 'SPC_NONE', 'UC_NONE', 'TPC_NONE', 'UC_NONE', 'UC_NONE', 'SPC_NONE', 'UC_NONE', 'UC_NONE', 'TPC_NONE', 'UC_NONE', 'TPC_NONE', 'UC_MPOLY', 'SPC_NONE', 'UC_NONE', 'UC_NONE', 'SPC_NONE', 'TPC_NONE', 'SPC_MNUF', 'TPC_NONE', 'UC_NONE', 'UC_NONE', 'TPC_NONE', 'UC_NONE', 'UC_NONE', 'SPC_NONE', 'TPC_NONE']","{'SBX_MPOLY': 4, 'TPC_NONE': 18, 'SPC_NONE': 14, 'UC_NONE': 20, 'NONE_MPOLY': 2, 'TPC_MPOLY': 1, 'UC_MPOLY': 2, 'SPC_MNUF': 1}"
26,63,SPC,NONE,0.6794165113644245,0.0355809591444403,424378341.12,314544558.7954344,1232809.12,790030.735607486,0.7397921218325028,-1.024170299235294e-06,0.0,0.0,GREEDY_HV,"['SPC_MBFLIP', 'SBX_MPOLY', 'TPC_NONE', 'SPC_NONE', 'UC_NONE', 'SPC_NONE', 'SPC_NONE', 'TPC_NONE', 'TPC_NONE', 'TPC_NONE', 'NONE_MPOLY', 'TPC_NONE', 'TPC_MPOLY', 'SBX_MPOLY', 'SPC_NONE', 'TPC_NONE', 'SPC_NONE', 'NONE_MPOLY', 'UC_NONE', 'TPC_NONE', 'SPC_NONE', 'SBX_MPOLY', 'TPC_NONE', 'SPC_NONE', 'UC_NONE', 'SPC_NONE', 'TPC_NONE', 'UC_NONE', 'SBX_MPOLY', 'UC_NONE', 'TPC_NONE', 'UC_NONE', 'UC_NONE', 'UC_NONE', 'TPC_NONE', 'UC_MPOLY', 'SPC_NONE', 'SPC_NONE', 'UC_NONE', 'TPC_NONE', 'UC_NONE', 'UC_NONE', 'SPC_NONE', 'UC_NONE', 'UC_NONE', 'TPC_NONE', 'UC_NONE', 'TPC_NONE', 'UC_MPOLY', 'SPC_NONE', 'UC_NONE', 'UC_NONE', 'SPC_NONE', 'TPC_NONE', 'SPC_MNUF', 'TPC_NONE', 'UC_NONE', 'UC_NONE', 'TPC_NONE', 'UC_NONE', 'UC_NONE', 'SPC_NONE', 'TPC_NONE', 'SPC_NONE']","{'SBX_MPOLY': 4, 'TPC_NONE': 18, 'SPC_NONE': 15, 'UC_NONE': 20, 'NONE_MPOLY': 2, 'TPC_MPOLY': 1, 'UC_MPOLY': 2, 'SPC_MNUF': 1}"
26,64,TPC,NONE,0.6816276075504359,0.0337500063134856,433742785.28,309481307.0731742,1276763.04,782736.2852936094,0.7397965002998136,4.378467310828249e-06,0.0,0.0,GREEDY_HV,"['SPC_MBFLIP', 'SBX_MPOLY', 'TPC_NONE', 'SPC_NONE', 'UC_NONE', 'SPC_NONE', 'SPC_NONE', 'TPC_NONE', 'TPC_NONE', 'TPC_NONE', 'NONE_MPOLY', 'TPC_NONE', 'TPC_MPOLY', 'SBX_MPOLY', 'SPC_NONE', 'TPC_NONE', 'SPC_NONE', 'NONE_MPOLY', 'UC_NONE', 'TPC_NONE', 'SPC_NONE', 'SBX_MPOLY', 'TPC_NONE', 'SPC_NONE', 'UC_NONE', 'SPC_NONE', 'TPC_NONE', 'UC_NONE', 'SBX_MPOLY', 'UC_NONE', 'TPC_NONE', 'UC_NONE', 'UC_NONE', 'UC_NONE', 'TPC_NONE', 'UC_MPOLY', 'SPC_NONE', 'SPC_NONE', 'UC_NONE', 'TPC_NONE', 'UC_NONE', 'UC_NONE', 'SPC_NONE', 'UC_NONE', 'UC_NONE', 'TPC_NONE', 'UC_NONE', 'TPC_NONE', 'UC_MPOLY', 'SPC_NONE', 'UC_NONE', 'UC_NONE', 'SPC_NONE', 'TPC_NONE', 'SPC_MNUF', 'TPC_NONE', 'UC_NONE', 'UC_NONE', 'TPC_NONE', 'UC_NONE', 'UC_NONE', 'SPC_NONE', 'TPC_NONE', 'SPC_NONE', 'TPC_NONE']","{'SBX_MPOLY': 4, 'TPC_NONE': 19, 'SPC_NONE': 15, 'UC_NONE': 20, 'NONE_MPOLY': 2, 'TPC_MPOLY': 1, 'UC_MPOLY': 2, 'SPC_MNUF': 1}"
26,65,TPC,NONE,0.6798845033362416,0.0338190464887811,418132407.04,316282806.59546125,1207079.84,776573.2561188382,0.7397983391869846,1.838887170979575e-06,0.0,0.0,GREEDY_HV,"['SPC_MBFLIP', 'SBX_MPOLY', 'TPC_NONE', 'SPC_NONE', 'UC_NONE', 'SPC_NONE', 'SPC_NONE', 'TPC_NONE', 'TPC_NONE', 'TPC_NONE', 'NONE_MPOLY', 'TPC_NONE', 'TPC_MPOLY', 'SBX_MPOLY', 'SPC_NONE', 'TPC_NONE', 'SPC_NONE', 'NONE_MPOLY', 'UC_NONE', 'TPC_NONE', 'SPC_NONE', 'SBX_MPOLY', 'TPC_NONE', 'SPC_NONE', 'UC_NONE', 'SPC_NONE', 'TPC_NONE', 'UC_NONE', 'SBX_MPOLY', 'UC_NONE', 'TPC_NONE', 'UC_NONE', 'UC_NONE', 'UC_NONE', 'TPC_NONE', 'UC_MPOLY', 'SPC_NONE', 'SPC_NONE', 'UC_NONE', 'TPC_NONE', 'UC_NONE', 'UC_NONE', 'SPC_NONE', 'UC_NONE', 'UC_NONE', 'TPC_NONE', 'UC_NONE', 'TPC_NONE', 'UC_MPOLY', 'SPC_NONE', 'UC_NONE', 'UC_NONE', 'SPC_NONE', 'TPC_NONE', 'SPC_MNUF', 'TPC_NONE', 'UC_NONE', 'UC_NONE', 'TPC_NONE', 'UC_NONE', 'UC_NONE', 'SPC_NONE', 'TPC_NONE', 'SPC_NONE', 'TPC_NONE', 'TPC_NONE']","{'SBX_MPOLY': 4, 'TPC_NONE': 20, 'SPC_NONE': 15, 'UC_NONE': 20, 'NONE_MPOLY': 2, 'TPC_MPOLY': 1, 'UC_MPOLY': 2, 'SPC_MNUF': 1}"
26,66,TPC,NONE,0.6812005620973782,0.0337714791942652,430510398.72,313941283.8063964,1291933.6,830246.1327782744,0.7398170662700507,1.872708306616122e-05,0.0,0.0,GREEDY_HV,"['SPC_MBFLIP', 'SBX_MPOLY', 'TPC_NONE', 'SPC_NONE', 'UC_NONE', 'SPC_NONE', 'SPC_NONE', 'TPC_NONE', 'TPC_NONE', 'TPC_NONE', 'NONE_MPOLY', 'TPC_NONE', 'TPC_MPOLY', 'SBX_MPOLY', 'SPC_NONE', 'TPC_NONE', 'SPC_NONE', 'NONE_MPOLY', 'UC_NONE', 'TPC_NONE', 'SPC_NONE', 'SBX_MPOLY', 'TPC_NONE', 'SPC_NONE', 'UC_NONE', 'SPC_NONE', 'TPC_NONE', 'UC_NONE', 'SBX_MPOLY', 'UC_NONE', 'TPC_NONE', 'UC_NONE', 'UC_NONE', 'UC_NONE', 'TPC_NONE', 'UC_MPOLY', 'SPC_NONE', 'SPC_NONE', 'UC_NONE', 'TPC_NONE', 'UC_NONE', 'UC_NONE', 'SPC_NONE', 'UC_NONE', 'UC_NONE', 'TPC_NONE', 'UC_NONE', 'TPC_NONE', 'UC_MPOLY', 'SPC_NONE', 'UC_NONE', 'UC_NONE', 'SPC_NONE', 'TPC_NONE', 'SPC_MNUF', 'TPC_NONE', 'UC_NONE', 'UC_NONE', 'TPC_NONE', 'UC_NONE', 'UC_NONE', 'SPC_NONE', 'TPC_NONE', 'SPC_NONE', 'TPC_NONE', 'TPC_NONE', 'TPC_NONE']","{'SBX_MPOLY': 4, 'TPC_NONE': 21, 'SPC_NONE': 15, 'UC_NONE': 20, 'NONE_MPOLY': 2, 'TPC_MPOLY': 1, 'UC_MPOLY': 2, 'SPC_MNUF': 1}"
26,67,UC,NONE,0.6815430377476944,0.0340732231046279,439408357.12,313829868.9498879,1279564.96,799362.5523876625,0.7398288679307341,1.1801660683374848e-05,0.0,0.0,GREEDY_HV,"['SPC_MBFLIP', 'SBX_MPOLY', 'TPC_NONE', 'SPC_NONE', 'UC_NONE', 'SPC_NONE', 'SPC_NONE', 'TPC_NONE', 'TPC_NONE', 'TPC_NONE', 'NONE_MPOLY', 'TPC_NONE', 'TPC_MPOLY', 'SBX_MPOLY', 'SPC_NONE', 'TPC_NONE', 'SPC_NONE', 'NONE_MPOLY', 'UC_NONE', 'TPC_NONE', 'SPC_NONE', 'SBX_MPOLY', 'TPC_NONE', 'SPC_NONE', 'UC_NONE', 'SPC_NONE', 'TPC_NONE', 'UC_NONE', 'SBX_MPOLY', 'UC_NONE', 'TPC_NONE', 'UC_NONE', 'UC_NONE', 'UC_NONE', 'TPC_NONE', 'UC_MPOLY', 'SPC_NONE', 'SPC_NONE', 'UC_NONE', 'TPC_NONE', 'UC_NONE', 'UC_NONE', 'SPC_NONE', 'UC_NONE', 'UC_NONE', 'TPC_NONE', 'UC_NONE', 'TPC_NONE', 'UC_MPOLY', 'SPC_NONE', 'UC_NONE', 'UC_NONE', 'SPC_NONE', 'TPC_NONE', 'SPC_MNUF', 'TPC_NONE', 'UC_NONE', 'UC_NONE', 'TPC_NONE', 'UC_NONE', 'UC_NONE', 'SPC_NONE', 'TPC_NONE', 'SPC_NONE', 'TPC_NONE', 'TPC_NONE', 'TPC_NONE', 'UC_NONE']","{'SBX_MPOLY': 4, 'TPC_NONE': 21, 'SPC_NONE': 15, 'UC_NONE': 21, 'NONE_MPOLY': 2, 'TPC_MPOLY': 1, 'UC_MPOLY': 2, 'SPC_MNUF': 1}"
26,68,UC,NONE,0.6815401502769192,0.0331808546175374,429209662.72,314623688.90444493,1260042.4,797092.1672475272,0.739827782979736,-1.0849509981536445e-06,0.0,0.0,GREEDY_HV,"['SPC_MBFLIP', 'SBX_MPOLY', 'TPC_NONE', 'SPC_NONE', 'UC_NONE', 'SPC_NONE', 'SPC_NONE', 'TPC_NONE', 'TPC_NONE', 'TPC_NONE', 'NONE_MPOLY', 'TPC_NONE', 'TPC_MPOLY', 'SBX_MPOLY', 'SPC_NONE', 'TPC_NONE', 'SPC_NONE', 'NONE_MPOLY', 'UC_NONE', 'TPC_NONE', 'SPC_NONE', 'SBX_MPOLY', 'TPC_NONE', 'SPC_NONE', 'UC_NONE', 'SPC_NONE', 'TPC_NONE', 'UC_NONE', 'SBX_MPOLY', 'UC_NONE', 'TPC_NONE', 'UC_NONE', 'UC_NONE', 'UC_NONE', 'TPC_NONE', 'UC_MPOLY', 'SPC_NONE', 'SPC_NONE', 'UC_NONE', 'TPC_NONE', 'UC_NONE', 'UC_NONE', 'SPC_NONE', 'UC_NONE', 'UC_NONE', 'TPC_NONE', 'UC_NONE', 'TPC_NONE', 'UC_MPOLY', 'SPC_NONE', 'UC_NONE', 'UC_NONE', 'SPC_NONE', 'TPC_NONE', 'SPC_MNUF', 'TPC_NONE', 'UC_NONE', 'UC_NONE', 'TPC_NONE', 'UC_NONE', 'UC_NONE', 'SPC_NONE', 'TPC_NONE', 'SPC_NONE', 'TPC_NONE', 'TPC_NONE', 'TPC_NONE', 'UC_NONE', 'UC_NONE']","{'SBX_MPOLY': 4, 'TPC_NONE': 21, 'SPC_NONE': 15, 'UC_NONE': 22, 'NONE_MPOLY': 2, 'TPC_MPOLY': 1, 'UC_MPOLY': 2, 'SPC_MNUF': 1}"
26,69,TPC,NONE,0.6797380167387408,0.0343277569444204,425007097.6,310573304.2096227,1220033.44,786850.0030483106,0.7398297911707297,2.008190993718628e-06,0.01,0.0,GREEDY_HV,"['SPC_MBFLIP', 'SBX_MPOLY', 'TPC_NONE', 'SPC_NONE', 'UC_NONE', 'SPC_NONE', 'SPC_NONE', 'TPC_NONE', 'TPC_NONE', 'TPC_NONE', 'NONE_MPOLY', 'TPC_NONE', 'TPC_MPOLY', 'SBX_MPOLY', 'SPC_NONE', 'TPC_NONE', 'SPC_NONE', 'NONE_MPOLY', 'UC_NONE', 'TPC_NONE', 'SPC_NONE', 'SBX_MPOLY', 'TPC_NONE', 'SPC_NONE', 'UC_NONE', 'SPC_NONE', 'TPC_NONE', 'UC_NONE', 'SBX_MPOLY', 'UC_NONE', 'TPC_NONE', 'UC_NONE', 'UC_NONE', 'UC_NONE', 'TPC_NONE', 'UC_MPOLY', 'SPC_NONE', 'SPC_NONE', 'UC_NONE', 'TPC_NONE', 'UC_NONE', 'UC_NONE', 'SPC_NONE', 'UC_NONE', 'UC_NONE', 'TPC_NONE', 'UC_NONE', 'TPC_NONE', 'UC_MPOLY', 'SPC_NONE', 'UC_NONE', 'UC_NONE', 'SPC_NONE', 'TPC_NONE', 'SPC_MNUF', 'TPC_NONE', 'UC_NONE', 'UC_NONE', 'TPC_NONE', 'UC_NONE', 'UC_NONE', 'SPC_NONE', 'TPC_NONE', 'SPC_NONE', 'TPC_NONE', 'TPC_NONE', 'TPC_NONE', 'UC_NONE', 'UC_NONE', 'TPC_NONE']","{'SBX_MPOLY': 4, 'TPC_NONE': 22, 'SPC_NONE': 15, 'UC_NONE': 22, 'NONE_MPOLY': 2, 'TPC_MPOLY': 1, 'UC_MPOLY': 2, 'SPC_MNUF': 1}"
26,70,TPC,NONE,0.679791289349237,0.0341625773628036,425440631.04,316239634.9498319,1227110.56,804936.4650289405,0.739809081600709,-2.070957002064944e-05,0.0,0.0,GREEDY_HV,"['SPC_MBFLIP', 'SBX_MPOLY', 'TPC_NONE', 'SPC_NONE', 'UC_NONE', 'SPC_NONE', 'SPC_NONE', 'TPC_NONE', 'TPC_NONE', 'TPC_NONE', 'NONE_MPOLY', 'TPC_NONE', 'TPC_MPOLY', 'SBX_MPOLY', 'SPC_NONE', 'TPC_NONE', 'SPC_NONE', 'NONE_MPOLY', 'UC_NONE', 'TPC_NONE', 'SPC_NONE', 'SBX_MPOLY', 'TPC_NONE', 'SPC_NONE', 'UC_NONE', 'SPC_NONE', 'TPC_NONE', 'UC_NONE', 'SBX_MPOLY', 'UC_NONE', 'TPC_NONE', 'UC_NONE', 'UC_NONE', 'UC_NONE', 'TPC_NONE', 'UC_MPOLY', 'SPC_NONE', 'SPC_NONE', 'UC_NONE', 'TPC_NONE', 'UC_NONE', 'UC_NONE', 'SPC_NONE', 'UC_NONE', 'UC_NONE', 'TPC_NONE', 'UC_NONE', 'TPC_NONE', 'UC_MPOLY', 'SPC_NONE', 'UC_NONE', 'UC_NONE', 'SPC_NONE', 'TPC_NONE', 'SPC_MNUF', 'TPC_NONE', 'UC_NONE', 'UC_NONE', 'TPC_NONE', 'UC_NONE', 'UC_NONE', 'SPC_NONE', 'TPC_NONE', 'SPC_NONE', 'TPC_NONE', 'TPC_NONE', 'TPC_NONE', 'UC_NONE', 'UC_NONE', 'TPC_NONE', 'TPC_NONE']","{'SBX_MPOLY': 4, 'TPC_NONE': 23, 'SPC_NONE': 15, 'UC_NONE': 22, 'NONE_MPOLY': 2, 'TPC_MPOLY': 1, 'UC_MPOLY': 2, 'SPC_MNUF': 1}"
26,71,SPC,NONE,0.6803518071634197,0.0336254273504168,423799632.64,309269983.21554583,1268292.0,844089.283855304,0.7398020922045117,-6.989396197365494e-06,0.0,0.0,GREEDY_HV,"['SPC_MBFLIP', 'SBX_MPOLY', 'TPC_NONE', 'SPC_NONE', 'UC_NONE', 'SPC_NONE', 'SPC_NONE', 'TPC_NONE', 'TPC_NONE', 'TPC_NONE', 'NONE_MPOLY', 'TPC_NONE', 'TPC_MPOLY', 'SBX_MPOLY', 'SPC_NONE', 'TPC_NONE', 'SPC_NONE', 'NONE_MPOLY', 'UC_NONE', 'TPC_NONE', 'SPC_NONE', 'SBX_MPOLY', 'TPC_NONE', 'SPC_NONE', 'UC_NONE', 'SPC_NONE', 'TPC_NONE', 'UC_NONE', 'SBX_MPOLY', 'UC_NONE', 'TPC_NONE', 'UC_NONE', 'UC_NONE', 'UC_NONE', 'TPC_NONE', 'UC_MPOLY', 'SPC_NONE', 'SPC_NONE', 'UC_NONE', 'TPC_NONE', 'UC_NONE', 'UC_NONE', 'SPC_NONE', 'UC_NONE', 'UC_NONE', 'TPC_NONE', 'UC_NONE', 'TPC_NONE', 'UC_MPOLY', 'SPC_NONE', 'UC_NONE', 'UC_NONE', 'SPC_NONE', 'TPC_NONE', 'SPC_MNUF', 'TPC_NONE', 'UC_NONE', 'UC_NONE', 'TPC_NONE', 'UC_NONE', 'UC_NONE', 'SPC_NONE', 'TPC_NONE', 'SPC_NONE', 'TPC_NONE', 'TPC_NONE', 'TPC_NONE', 'UC_NONE', 'UC_NONE', 'TPC_NONE', 'TPC_NONE', 'SPC_NONE']","{'SBX_MPOLY': 4, 'TPC_NONE': 23, 'SPC_NONE': 16, 'UC_NONE': 22, 'NONE_MPOLY': 2, 'TPC_MPOLY': 1, 'UC_MPOLY': 2, 'SPC_MNUF': 1}"
26,72,UC,NONE,0.6802130527953046,0.0342200419367337,436038242.56,313168239.1875378,1214969.76,807833.4239685447,0.739808087686957,5.995482445397826e-06,0.0,0.0,GREEDY_HV,"['SPC_MBFLIP', 'SBX_MPOLY', 'TPC_NONE', 'SPC_NONE', 'UC_NONE', 'SPC_NONE', 'SPC_NONE', 'TPC_NONE', 'TPC_NONE', 'TPC_NONE', 'NONE_MPOLY', 'TPC_NONE', 'TPC_MPOLY', 'SBX_MPOLY', 'SPC_NONE', 'TPC_NONE', 'SPC_NONE', 'NONE_MPOLY', 'UC_NONE', 'TPC_NONE', 'SPC_NONE', 'SBX_MPOLY', 'TPC_NONE', 'SPC_NONE', 'UC_NONE', 'SPC_NONE', 'TPC_NONE', 'UC_NONE', 'SBX_MPOLY', 'UC_NONE', 'TPC_NONE', 'UC_NONE', 'UC_NONE', 'UC_NONE', 'TPC_NONE', 'UC_MPOLY', 'SPC_NONE', 'SPC_NONE', 'UC_NONE', 'TPC_NONE', 'UC_NONE', 'UC_NONE', 'SPC_NONE', 'UC_NONE', 'UC_NONE', 'TPC_NONE', 'UC_NONE', 'TPC_NONE', 'UC_MPOLY', 'SPC_NONE', 'UC_NONE', 'UC_NONE', 'SPC_NONE', 'TPC_NONE', 'SPC_MNUF', 'TPC_NONE', 'UC_NONE', 'UC_NONE', 'TPC_NONE', 'UC_NONE', 'UC_NONE', 'SPC_NONE', 'TPC_NONE', 'SPC_NONE', 'TPC_NONE', 'TPC_NONE', 'TPC_NONE', 'UC_NONE', 'UC_NONE', 'TPC_NONE', 'TPC_NONE', 'SPC_NONE', 'UC_NONE']","{'SBX_MPOLY': 4, 'TPC_NONE': 23, 'SPC_NONE': 16, 'UC_NONE': 23, 'NONE_MPOLY': 2, 'TPC_MPOLY': 1, 'UC_MPOLY': 2, 'SPC_MNUF': 1}"
26,73,SBX,NONE,0.6785536123513042,0.0347436203516969,448763267.84,539174029.3497049,1269924.0,905472.1930675508,0.7406499915153968,0.0008419038284397,0.0,0.0,GREEDY_HV,"['SPC_MBFLIP', 'SBX_MPOLY', 'TPC_NONE', 'SPC_NONE', 'UC_NONE', 'SPC_NONE', 'SPC_NONE', 'TPC_NONE', 'TPC_NONE', 'TPC_NONE', 'NONE_MPOLY', 'TPC_NONE', 'TPC_MPOLY', 'SBX_MPOLY', 'SPC_NONE', 'TPC_NONE', 'SPC_NONE', 'NONE_MPOLY', 'UC_NONE', 'TPC_NONE', 'SPC_NONE', 'SBX_MPOLY', 'TPC_NONE', 'SPC_NONE', 'UC_NONE', 'SPC_NONE', 'TPC_NONE', 'UC_NONE', 'SBX_MPOLY', 'UC_NONE', 'TPC_NONE', 'UC_NONE', 'UC_NONE', 'UC_NONE', 'TPC_NONE', 'UC_MPOLY', 'SPC_NONE', 'SPC_NONE', 'UC_NONE', 'TPC_NONE', 'UC_NONE', 'UC_NONE', 'SPC_NONE', 'UC_NONE', 'UC_NONE', 'TPC_NONE', 'UC_NONE', 'TPC_NONE', 'UC_MPOLY', 'SPC_NONE', 'UC_NONE', 'UC_NONE', 'SPC_NONE', 'TPC_NONE', 'SPC_MNUF', 'TPC_NONE', 'UC_NONE', 'UC_NONE', 'TPC_NONE', 'UC_NONE', 'UC_NONE', 'SPC_NONE', 'TPC_NONE', 'SPC_NONE', 'TPC_NONE', 'TPC_NONE', 'TPC_NONE', 'UC_NONE', 'UC_NONE', 'TPC_NONE', 'TPC_NONE', 'SPC_NONE', 'UC_NONE', 'SBX_NONE']","{'SBX_MPOLY': 4, 'TPC_NONE': 23, 'SPC_NONE': 16, 'UC_NONE': 23, 'NONE_MPOLY': 2, 'TPC_MPOLY': 1, 'UC_MPOLY': 2, 'SPC_MNUF': 1, 'SBX_NONE': 1}"
26,74,SPC,NONE,0.6791942485482173,0.0350764285893649,494346632.96,695210587.6377479,1301732.0,935930.8450623902,0.7406533672320637,3.375716666864648e-06,0.0,0.0,GREEDY_HV,"['SPC_MBFLIP', 'SBX_MPOLY', 'TPC_NONE', 'SPC_NONE', 'UC_NONE', 'SPC_NONE', 'SPC_NONE', 'TPC_NONE', 'TPC_NONE', 'TPC_NONE', 'NONE_MPOLY', 'TPC_NONE', 'TPC_MPOLY', 'SBX_MPOLY', 'SPC_NONE', 'TPC_NONE', 'SPC_NONE', 'NONE_MPOLY', 'UC_NONE', 'TPC_NONE', 'SPC_NONE', 'SBX_MPOLY', 'TPC_NONE', 'SPC_NONE', 'UC_NONE', 'SPC_NONE', 'TPC_NONE', 'UC_NONE', 'SBX_MPOLY', 'UC_NONE', 'TPC_NONE', 'UC_NONE', 'UC_NONE', 'UC_NONE', 'TPC_NONE', 'UC_MPOLY', 'SPC_NONE', 'SPC_NONE', 'UC_NONE', 'TPC_NONE', 'UC_NONE', 'UC_NONE', 'SPC_NONE', 'UC_NONE', 'UC_NONE', 'TPC_NONE', 'UC_NONE', 'TPC_NONE', 'UC_MPOLY', 'SPC_NONE', 'UC_NONE', 'UC_NONE', 'SPC_NONE', 'TPC_NONE', 'SPC_MNUF', 'TPC_NONE', 'UC_NONE', 'UC_NONE', 'TPC_NONE', 'UC_NONE', 'UC_NONE', 'SPC_NONE', 'TPC_NONE', 'SPC_NONE', 'TPC_NONE', 'TPC_NONE', 'TPC_NONE', 'UC_NONE', 'UC_NONE', 'TPC_NONE', 'TPC_NONE', 'SPC_NONE', 'UC_NONE', 'SBX_NONE', 'SPC_NONE']","{'SBX_MPOLY': 4, 'TPC_NONE': 23, 'SPC_NONE': 17, 'UC_NONE': 23, 'NONE_MPOLY': 2, 'TPC_MPOLY': 1, 'UC_MPOLY': 2, 'SPC_MNUF': 1, 'SBX_NONE': 1}"
26,75,TPC,NONE,0.677591236579661,0.0353941251794221,487619700.48,697607250.2092103,1224526.24,922249.1777684068,0.7406637453308973,1.0378098833641047e-05,0.0,0.0,GREEDY_HV,"['SPC_MBFLIP', 'SBX_MPOLY', 'TPC_NONE', 'SPC_NONE', 'UC_NONE', 'SPC_NONE', 'SPC_NONE', 'TPC_NONE', 'TPC_NONE', 'TPC_NONE', 'NONE_MPOLY', 'TPC_NONE', 'TPC_MPOLY', 'SBX_MPOLY', 'SPC_NONE', 'TPC_NONE', 'SPC_NONE', 'NONE_MPOLY', 'UC_NONE', 'TPC_NONE', 'SPC_NONE', 'SBX_MPOLY', 'TPC_NONE', 'SPC_NONE', 'UC_NONE', 'SPC_NONE', 'TPC_NONE', 'UC_NONE', 'SBX_MPOLY', 'UC_NONE', 'TPC_NONE', 'UC_NONE', 'UC_NONE', 'UC_NONE', 'TPC_NONE', 'UC_MPOLY', 'SPC_NONE', 'SPC_NONE', 'UC_NONE', 'TPC_NONE', 'UC_NONE', 'UC_NONE', 'SPC_NONE', 'UC_NONE', 'UC_NONE', 'TPC_NONE', 'UC_NONE', 'TPC_NONE', 'UC_MPOLY', 'SPC_NONE', 'UC_NONE', 'UC_NONE', 'SPC_NONE', 'TPC_NONE', 'SPC_MNUF', 'TPC_NONE', 'UC_NONE', 'UC_NONE', 'TPC_NONE', 'UC_NONE', 'UC_NONE', 'SPC_NONE', 'TPC_NONE', 'SPC_NONE', 'TPC_NONE', 'TPC_NONE', 'TPC_NONE', 'UC_NONE', 'UC_NONE', 'TPC_NONE', 'TPC_NONE', 'SPC_NONE', 'UC_NONE', 'SBX_NONE', 'SPC_NONE', 'TPC_NONE']","{'SBX_MPOLY': 4, 'TPC_NONE': 24, 'SPC_NONE': 17, 'UC_NONE': 23, 'NONE_MPOLY': 2, 'TPC_MPOLY': 1, 'UC_MPOLY': 2, 'SPC_MNUF': 1, 'SBX_NONE': 1}"
26,76,TPC,NONE,0.679163828188807,0.0349190050332148,519784436.48,797481050.7273555,1324453.28,959721.9972502674,0.7406504059812496,-1.3339349647645273e-05,0.0,0.0,GREEDY_HV,"['SPC_MBFLIP', 'SBX_MPOLY', 'TPC_NONE', 'SPC_NONE', 'UC_NONE', 'SPC_NONE', 'SPC_NONE', 'TPC_NONE', 'TPC_NONE', 'TPC_NONE', 'NONE_MPOLY', 'TPC_NONE', 'TPC_MPOLY', 'SBX_MPOLY', 'SPC_NONE', 'TPC_NONE', 'SPC_NONE', 'NONE_MPOLY', 'UC_NONE', 'TPC_NONE', 'SPC_NONE', 'SBX_MPOLY', 'TPC_NONE', 'SPC_NONE', 'UC_NONE', 'SPC_NONE', 'TPC_NONE', 'UC_NONE', 'SBX_MPOLY', 'UC_NONE', 'TPC_NONE', 'UC_NONE', 'UC_NONE', 'UC_NONE', 'TPC_NONE', 'UC_MPOLY', 'SPC_NONE', 'SPC_NONE', 'UC_NONE', 'TPC_NONE', 'UC_NONE', 'UC_NONE', 'SPC_NONE', 'UC_NONE', 'UC_NONE', 'TPC_NONE', 'UC_NONE', 'TPC_NONE', 'UC_MPOLY', 'SPC_NONE', 'UC_NONE', 'UC_NONE', 'SPC_NONE', 'TPC_NONE', 'SPC_MNUF', 'TPC_NONE', 'UC_NONE', 'UC_NONE', 'TPC_NONE', 'UC_NONE', 'UC_NONE', 'SPC_NONE', 'TPC_NONE', 'SPC_NONE', 'TPC_NONE', 'TPC_NONE', 'TPC_NONE', 'UC_NONE', 'UC_NONE', 'TPC_NONE', 'TPC_NONE', 'SPC_NONE', 'UC_NONE', 'SBX_NONE', 'SPC_NONE', 'TPC_NONE', 'TPC_NONE']","{'SBX_MPOLY': 4, 'TPC_NONE': 25, 'SPC_NONE': 17, 'UC_NONE': 23, 'NONE_MPOLY': 2, 'TPC_MPOLY': 1, 'UC_MPOLY': 2, 'SPC_MNUF': 1, 'SBX_NONE': 1}"
26,77,SPC,NONE,0.6779424351399926,0.0351153797947375,544747408.64,888252871.4657482,1332609.44,1000809.2953115128,0.7406509800006755,5.740194258807563e-07,0.01,0.0,GREEDY_HV,"['SPC_MBFLIP', 'SBX_MPOLY', 'TPC_NONE', 'SPC_NONE', 'UC_NONE', 'SPC_NONE', 'SPC_NONE', 'TPC_NONE', 'TPC_NONE', 'TPC_NONE', 'NONE_MPOLY', 'TPC_NONE', 'TPC_MPOLY', 'SBX_MPOLY', 'SPC_NONE', 'TPC_NONE', 'SPC_NONE', 'NONE_MPOLY', 'UC_NONE', 'TPC_NONE', 'SPC_NONE', 'SBX_MPOLY', 'TPC_NONE', 'SPC_NONE', 'UC_NONE', 'SPC_NONE', 'TPC_NONE', 'UC_NONE', 'SBX_MPOLY', 'UC_NONE', 'TPC_NONE', 'UC_NONE', 'UC_NONE', 'UC_NONE', 'TPC_NONE', 'UC_MPOLY', 'SPC_NONE', 'SPC_NONE', 'UC_NONE', 'TPC_NONE', 'UC_NONE', 'UC_NONE', 'SPC_NONE', 'UC_NONE', 'UC_NONE', 'TPC_NONE', 'UC_NONE', 'TPC_NONE', 'UC_MPOLY', 'SPC_NONE', 'UC_NONE', 'UC_NONE', 'SPC_NONE', 'TPC_NONE', 'SPC_MNUF', 'TPC_NONE', 'UC_NONE', 'UC_NONE', 'TPC_NONE', 'UC_NONE', 'UC_NONE', 'SPC_NONE', 'TPC_NONE', 'SPC_NONE', 'TPC_NONE', 'TPC_NONE', 'TPC_NONE', 'UC_NONE', 'UC_NONE', 'TPC_NONE', 'TPC_NONE', 'SPC_NONE', 'UC_NONE', 'SBX_NONE', 'SPC_NONE', 'TPC_NONE', 'TPC_NONE', 'SPC_NONE']","{'SBX_MPOLY': 4, 'TPC_NONE': 25, 'SPC_NONE': 18, 'UC_NONE': 23, 'NONE_MPOLY': 2, 'TPC_MPOLY': 1, 'UC_MPOLY': 2, 'SPC_MNUF': 1, 'SBX_NONE': 1}"
26,78,TPC,NONE,0.6784521696329929,0.0343630036182666,545614245.12,889663999.0207598,1295924.64,980306.2138463828,0.7406705203073893,1.9540306713805577e-05,0.0,0.0,GREEDY_HV,"['SPC_MBFLIP', 'SBX_MPOLY', 'TPC_NONE', 'SPC_NONE', 'UC_NONE', 'SPC_NONE', 'SPC_NONE', 'TPC_NONE', 'TPC_NONE', 'TPC_NONE', 'NONE_MPOLY', 'TPC_NONE', 'TPC_MPOLY', 'SBX_MPOLY', 'SPC_NONE', 'TPC_NONE', 'SPC_NONE', 'NONE_MPOLY', 'UC_NONE', 'TPC_NONE', 'SPC_NONE', 'SBX_MPOLY', 'TPC_NONE', 'SPC_NONE', 'UC_NONE', 'SPC_NONE', 'TPC_NONE', 'UC_NONE', 'SBX_MPOLY', 'UC_NONE', 'TPC_NONE', 'UC_NONE', 'UC_NONE', 'UC_NONE', 'TPC_NONE', 'UC_MPOLY', 'SPC_NONE', 'SPC_NONE', 'UC_NONE', 'TPC_NONE', 'UC_NONE', 'UC_NONE', 'SPC_NONE', 'UC_NONE', 'UC_NONE', 'TPC_NONE', 'UC_NONE', 'TPC_NONE', 'UC_MPOLY', 'SPC_NONE', 'UC_NONE', 'UC_NONE', 'SPC_NONE', 'TPC_NONE', 'SPC_MNUF', 'TPC_NONE', 'UC_NONE', 'UC_NONE', 'TPC_NONE', 'UC_NONE', 'UC_NONE', 'SPC_NONE', 'TPC_NONE', 'SPC_NONE', 'TPC_NONE', 'TPC_NONE', 'TPC_NONE', 'UC_NONE', 'UC_NONE', 'TPC_NONE', 'TPC_NONE', 'SPC_NONE', 'UC_NONE', 'SBX_NONE', 'SPC_NONE', 'TPC_NONE', 'TPC_NONE', 'SPC_NONE', 'TPC_NONE']","{'SBX_MPOLY': 4, 'TPC_NONE': 26, 'SPC_NONE': 18, 'UC_NONE': 23, 'NONE_MPOLY': 2, 'TPC_MPOLY': 1, 'UC_MPOLY': 2, 'SPC_MNUF': 1, 'SBX_NONE': 1}"
26,79,SPC,NONE,0.6791439886007191,0.034022471588135,547998380.8,888734942.5987298,1273029.28,970045.809399598,0.7406930825109314,2.256220354202032e-05,0.0,0.0,GREEDY_HV,"['SPC_MBFLIP', 'SBX_MPOLY', 'TPC_NONE', 'SPC_NONE', 'UC_NONE', 'SPC_NONE', 'SPC_NONE', 'TPC_NONE', 'TPC_NONE', 'TPC_NONE', 'NONE_MPOLY', 'TPC_NONE', 'TPC_MPOLY', 'SBX_MPOLY', 'SPC_NONE', 'TPC_NONE', 'SPC_NONE', 'NONE_MPOLY', 'UC_NONE', 'TPC_NONE', 'SPC_NONE', 'SBX_MPOLY', 'TPC_NONE', 'SPC_NONE', 'UC_NONE', 'SPC_NONE', 'TPC_NONE', 'UC_NONE', 'SBX_MPOLY', 'UC_NONE', 'TPC_NONE', 'UC_NONE', 'UC_NONE', 'UC_NONE', 'TPC_NONE', 'UC_MPOLY', 'SPC_NONE', 'SPC_NONE', 'UC_NONE', 'TPC_NONE', 'UC_NONE', 'UC_NONE', 'SPC_NONE', 'UC_NONE', 'UC_NONE', 'TPC_NONE', 'UC_NONE', 'TPC_NONE', 'UC_MPOLY', 'SPC_NONE', 'UC_NONE', 'UC_NONE', 'SPC_NONE', 'TPC_NONE', 'SPC_MNUF', 'TPC_NONE', 'UC_NONE', 'UC_NONE', 'TPC_NONE', 'UC_NONE', 'UC_NONE', 'SPC_NONE', 'TPC_NONE', 'SPC_NONE', 'TPC_NONE', 'TPC_NONE', 'TPC_NONE', 'UC_NONE', 'UC_NONE', 'TPC_NONE', 'TPC_NONE', 'SPC_NONE', 'UC_NONE', 'SBX_NONE', 'SPC_NONE', 'TPC_NONE', 'TPC_NONE', 'SPC_NONE', 'TPC_NONE', 'SPC_NONE']","{'SBX_MPOLY': 4, 'TPC_NONE': 26, 'SPC_NONE': 19, 'UC_NONE': 23, 'NONE_MPOLY': 2, 'TPC_MPOLY': 1, 'UC_MPOLY': 2, 'SPC_MNUF': 1, 'SBX_NONE': 1}"
26,80,UC,NONE,0.6776273220170688,0.034969782133295,535781838.08,890794876.0861803,1288311.2,1010678.4277358254,0.7406958872142337,2.804703302383693e-06,0.0,0.0,GREEDY_HV,"['SPC_MBFLIP', 'SBX_MPOLY', 'TPC_NONE', 'SPC_NONE', 'UC_NONE', 'SPC_NONE', 'SPC_NONE', 'TPC_NONE', 'TPC_NONE', 'TPC_NONE', 'NONE_MPOLY', 'TPC_NONE', 'TPC_MPOLY', 'SBX_MPOLY', 'SPC_NONE', 'TPC_NONE', 'SPC_NONE', 'NONE_MPOLY', 'UC_NONE', 'TPC_NONE', 'SPC_NONE', 'SBX_MPOLY', 'TPC_NONE', 'SPC_NONE', 'UC_NONE', 'SPC_NONE', 'TPC_NONE', 'UC_NONE', 'SBX_MPOLY', 'UC_NONE', 'TPC_NONE', 'UC_NONE', 'UC_NONE', 'UC_NONE', 'TPC_NONE', 'UC_MPOLY', 'SPC_NONE', 'SPC_NONE', 'UC_NONE', 'TPC_NONE', 'UC_NONE', 'UC_NONE', 'SPC_NONE', 'UC_NONE', 'UC_NONE', 'TPC_NONE', 'UC_NONE', 'TPC_NONE', 'UC_MPOLY', 'SPC_NONE', 'UC_NONE', 'UC_NONE', 'SPC_NONE', 'TPC_NONE', 'SPC_MNUF', 'TPC_NONE', 'UC_NONE', 'UC_NONE', 'TPC_NONE', 'UC_NONE', 'UC_NONE', 'SPC_NONE', 'TPC_NONE', 'SPC_NONE', 'TPC_NONE', 'TPC_NONE', 'TPC_NONE', 'UC_NONE', 'UC_NONE', 'TPC_NONE', 'TPC_NONE', 'SPC_NONE', 'UC_NONE', 'SBX_NONE', 'SPC_NONE', 'TPC_NONE', 'TPC_NONE', 'SPC_NONE', 'TPC_NONE', 'SPC_NONE', 'UC_NONE']","{'SBX_MPOLY': 4, 'TPC_NONE': 26, 'SPC_NONE': 19, 'UC_NONE': 24, 'NONE_MPOLY': 2, 'TPC_MPOLY': 1, 'UC_MPOLY': 2, 'SPC_MNUF': 1, 'SBX_NONE': 1}"
26,81,SPC,NONE,0.6778997181405789,0.03473966647269,547449496.32,889126195.18434,1267165.6,982947.2920243078,0.7407111044906937,1.5217276459922324e-05,0.0,0.0,GREEDY_HV,"['SPC_MBFLIP', 'SBX_MPOLY', 'TPC_NONE', 'SPC_NONE', 'UC_NONE', 'SPC_NONE', 'SPC_NONE', 'TPC_NONE', 'TPC_NONE', 'TPC_NONE', 'NONE_MPOLY', 'TPC_NONE', 'TPC_MPOLY', 'SBX_MPOLY', 'SPC_NONE', 'TPC_NONE', 'SPC_NONE', 'NONE_MPOLY', 'UC_NONE', 'TPC_NONE', 'SPC_NONE', 'SBX_MPOLY', 'TPC_NONE', 'SPC_NONE', 'UC_NONE', 'SPC_NONE', 'TPC_NONE', 'UC_NONE', 'SBX_MPOLY', 'UC_NONE', 'TPC_NONE', 'UC_NONE', 'UC_NONE', 'UC_NONE', 'TPC_NONE', 'UC_MPOLY', 'SPC_NONE', 'SPC_NONE', 'UC_NONE', 'TPC_NONE', 'UC_NONE', 'UC_NONE', 'SPC_NONE', 'UC_NONE', 'UC_NONE', 'TPC_NONE', 'UC_NONE', 'TPC_NONE', 'UC_MPOLY', 'SPC_NONE', 'UC_NONE', 'UC_NONE', 'SPC_NONE', 'TPC_NONE', 'SPC_MNUF', 'TPC_NONE', 'UC_NONE', 'UC_NONE', 'TPC_NONE', 'UC_NONE', 'UC_NONE', 'SPC_NONE', 'TPC_NONE', 'SPC_NONE', 'TPC_NONE', 'TPC_NONE', 'TPC_NONE', 'UC_NONE', 'UC_NONE', 'TPC_NONE', 'TPC_NONE', 'SPC_NONE', 'UC_NONE', 'SBX_NONE', 'SPC_NONE', 'TPC_NONE', 'TPC_NONE', 'SPC_NONE', 'TPC_NONE', 'SPC_NONE', 'UC_NONE', 'SPC_NONE']","{'SBX_MPOLY': 4, 'TPC_NONE': 26, 'SPC_NONE': 20, 'UC_NONE': 24, 'NONE_MPOLY': 2, 'TPC_MPOLY': 1, 'UC_MPOLY': 2, 'SPC_MNUF': 1, 'SBX_NONE': 1}"
26,82,TPC,NONE,0.6790862623348899,0.0347052441470742,550882010.88,887214758.7068276,1335129.76,1003227.1089607286,0.7407030472262722,-8.057264421434951e-06,0.0,0.0,GREEDY_HV,"['SPC_MBFLIP', 'SBX_MPOLY', 'TPC_NONE', 'SPC_NONE', 'UC_NONE', 'SPC_NONE', 'SPC_NONE', 'TPC_NONE', 'TPC_NONE', 'TPC_NONE', 'NONE_MPOLY', 'TPC_NONE', 'TPC_MPOLY', 'SBX_MPOLY', 'SPC_NONE', 'TPC_NONE', 'SPC_NONE', 'NONE_MPOLY', 'UC_NONE', 'TPC_NONE', 'SPC_NONE', 'SBX_MPOLY', 'TPC_NONE', 'SPC_NONE', 'UC_NONE', 'SPC_NONE', 'TPC_NONE', 'UC_NONE', 'SBX_MPOLY', 'UC_NONE', 'TPC_NONE', 'UC_NONE', 'UC_NONE', 'UC_NONE', 'TPC_NONE', 'UC_MPOLY', 'SPC_NONE', 'SPC_NONE', 'UC_NONE', 'TPC_NONE', 'UC_NONE', 'UC_NONE', 'SPC_NONE', 'UC_NONE', 'UC_NONE', 'TPC_NONE', 'UC_NONE', 'TPC_NONE', 'UC_MPOLY', 'SPC_NONE', 'UC_NONE', 'UC_NONE', 'SPC_NONE', 'TPC_NONE', 'SPC_MNUF', 'TPC_NONE', 'UC_NONE', 'UC_NONE', 'TPC_NONE', 'UC_NONE', 'UC_NONE', 'SPC_NONE', 'TPC_NONE', 'SPC_NONE', 'TPC_NONE', 'TPC_NONE', 'TPC_NONE', 'UC_NONE', 'UC_NONE', 'TPC_NONE', 'TPC_NONE', 'SPC_NONE', 'UC_NONE', 'SBX_NONE', 'SPC_NONE', 'TPC_NONE', 'TPC_NONE', 'SPC_NONE', 'TPC_NONE', 'SPC_NONE', 'UC_NONE', 'SPC_NONE', 'TPC_NONE']","{'SBX_MPOLY': 4, 'TPC_NONE': 27, 'SPC_NONE': 20, 'UC_NONE': 24, 'NONE_MPOLY': 2, 'TPC_MPOLY': 1, 'UC_MPOLY': 2, 'SPC_MNUF': 1, 'SBX_NONE': 1}"
26,83,TPC,NONE,0.6773580106618537,0.0350310034492783,545191228.16,888591037.2963603,1290887.84,1011066.776209116,0.7407117513918681,8.704165595840863e-06,0.0,0.0,GREEDY_HV,"['SPC_MBFLIP', 'SBX_MPOLY', 'TPC_NONE', 'SPC_NONE', 'UC_NONE', 'SPC_NONE', 'SPC_NONE', 'TPC_NONE', 'TPC_NONE', 'TPC_NONE', 'NONE_MPOLY', 'TPC_NONE', 'TPC_MPOLY', 'SBX_MPOLY', 'SPC_NONE', 'TPC_NONE', 'SPC_NONE', 'NONE_MPOLY', 'UC_NONE', 'TPC_NONE', 'SPC_NONE', 'SBX_MPOLY', 'TPC_NONE', 'SPC_NONE', 'UC_NONE', 'SPC_NONE', 'TPC_NONE', 'UC_NONE', 'SBX_MPOLY', 'UC_NONE', 'TPC_NONE', 'UC_NONE', 'UC_NONE', 'UC_NONE', 'TPC_NONE', 'UC_MPOLY', 'SPC_NONE', 'SPC_NONE', 'UC_NONE', 'TPC_NONE', 'UC_NONE', 'UC_NONE', 'SPC_NONE', 'UC_NONE', 'UC_NONE', 'TPC_NONE', 'UC_NONE', 'TPC_NONE', 'UC_MPOLY', 'SPC_NONE', 'UC_NONE', 'UC_NONE', 'SPC_NONE', 'TPC_NONE', 'SPC_MNUF', 'TPC_NONE', 'UC_NONE', 'UC_NONE', 'TPC_NONE', 'UC_NONE', 'UC_NONE', 'SPC_NONE', 'TPC_NONE', 'SPC_NONE', 'TPC_NONE', 'TPC_NONE', 'TPC_NONE', 'UC_NONE', 'UC_NONE', 'TPC_NONE', 'TPC_NONE', 'SPC_NONE', 'UC_NONE', 'SBX_NONE', 'SPC_NONE', 'TPC_NONE', 'TPC_NONE', 'SPC_NONE', 'TPC_NONE', 'SPC_NONE', 'UC_NONE', 'SPC_NONE', 'TPC_NONE', 'TPC_NONE']","{'SBX_MPOLY': 4, 'TPC_NONE': 28, 'SPC_NONE': 20, 'UC_NONE': 24, 'NONE_MPOLY': 2, 'TPC_MPOLY': 1, 'UC_MPOLY': 2, 'SPC_MNUF': 1, 'SBX_NONE': 1}"
26,84,SPC,NONE,0.6771330280866286,0.0349002073985781,542671842.56,892017151.8839351,1270430.88,984601.7550736464,0.7407264116017478,1.4660209879724384e-05,0.0,0.0,GREEDY_HV,"['SPC_MBFLIP', 'SBX_MPOLY', 'TPC_NONE', 'SPC_NONE', 'UC_NONE', 'SPC_NONE', 'SPC_NONE', 'TPC_NONE', 'TPC_NONE', 'TPC_NONE', 'NONE_MPOLY', 'TPC_NONE', 'TPC_MPOLY', 'SBX_MPOLY', 'SPC_NONE', 'TPC_NONE', 'SPC_NONE', 'NONE_MPOLY', 'UC_NONE', 'TPC_NONE', 'SPC_NONE', 'SBX_MPOLY', 'TPC_NONE', 'SPC_NONE', 'UC_NONE', 'SPC_NONE', 'TPC_NONE', 'UC_NONE', 'SBX_MPOLY', 'UC_NONE', 'TPC_NONE', 'UC_NONE', 'UC_NONE', 'UC_NONE', 'TPC_NONE', 'UC_MPOLY', 'SPC_NONE', 'SPC_NONE', 'UC_NONE', 'TPC_NONE', 'UC_NONE', 'UC_NONE', 'SPC_NONE', 'UC_NONE', 'UC_NONE', 'TPC_NONE', 'UC_NONE', 'TPC_NONE', 'UC_MPOLY', 'SPC_NONE', 'UC_NONE', 'UC_NONE', 'SPC_NONE', 'TPC_NONE', 'SPC_MNUF', 'TPC_NONE', 'UC_NONE', 'UC_NONE', 'TPC_NONE', 'UC_NONE', 'UC_NONE', 'SPC_NONE', 'TPC_NONE', 'SPC_NONE', 'TPC_NONE', 'TPC_NONE', 'TPC_NONE', 'UC_NONE', 'UC_NONE', 'TPC_NONE', 'TPC_NONE', 'SPC_NONE', 'UC_NONE', 'SBX_NONE', 'SPC_NONE', 'TPC_NONE', 'TPC_NONE', 'SPC_NONE', 'TPC_NONE', 'SPC_NONE', 'UC_NONE', 'SPC_NONE', 'TPC_NONE', 'TPC_NONE', 'SPC_NONE']","{'SBX_MPOLY': 4, 'TPC_NONE': 28, 'SPC_NONE': 21, 'UC_NONE': 24, 'NONE_MPOLY': 2, 'TPC_MPOLY': 1, 'UC_MPOLY': 2, 'SPC_MNUF': 1, 'SBX_NONE': 1}"
26,85,TPC,NONE,0.6770188738963799,0.0351437455494442,542473911.04,892181323.3408661,1273418.4,992930.2027369294,0.7407154814926344,-1.0930109113349571e-05,0.0,0.0,GREEDY_HV,"['SPC_MBFLIP', 'SBX_MPOLY', 'TPC_NONE', 'SPC_NONE', 'UC_NONE', 'SPC_NONE', 'SPC_NONE', 'TPC_NONE', 'TPC_NONE', 'TPC_NONE', 'NONE_MPOLY', 'TPC_NONE', 'TPC_MPOLY', 'SBX_MPOLY', 'SPC_NONE', 'TPC_NONE', 'SPC_NONE', 'NONE_MPOLY', 'UC_NONE', 'TPC_NONE', 'SPC_NONE', 'SBX_MPOLY', 'TPC_NONE', 'SPC_NONE', 'UC_NONE', 'SPC_NONE', 'TPC_NONE', 'UC_NONE', 'SBX_MPOLY', 'UC_NONE', 'TPC_NONE', 'UC_NONE', 'UC_NONE', 'UC_NONE', 'TPC_NONE', 'UC_MPOLY', 'SPC_NONE', 'SPC_NONE', 'UC_NONE', 'TPC_NONE', 'UC_NONE', 'UC_NONE', 'SPC_NONE', 'UC_NONE', 'UC_NONE', 'TPC_NONE', 'UC_NONE', 'TPC_NONE', 'UC_MPOLY', 'SPC_NONE', 'UC_NONE', 'UC_NONE', 'SPC_NONE', 'TPC_NONE', 'SPC_MNUF', 'TPC_NONE', 'UC_NONE', 'UC_NONE', 'TPC_NONE', 'UC_NONE', 'UC_NONE', 'SPC_NONE', 'TPC_NONE', 'SPC_NONE', 'TPC_NONE', 'TPC_NONE', 'TPC_NONE', 'UC_NONE', 'UC_NONE', 'TPC_NONE', 'TPC_NONE', 'SPC_NONE', 'UC_NONE', 'SBX_NONE', 'SPC_NONE', 'TPC_NONE', 'TPC_NONE', 'SPC_NONE', 'TPC_NONE', 'SPC_NONE', 'UC_NONE', 'SPC_NONE', 'TPC_NONE', 'TPC_NONE', 'SPC_NONE', 'TPC_NONE']","{'SBX_MPOLY': 4, 'TPC_NONE': 29, 'SPC_NONE': 21, 'UC_NONE': 24, 'NONE_MPOLY': 2, 'TPC_MPOLY': 1, 'UC_MPOLY': 2, 'SPC_MNUF': 1, 'SBX_NONE': 1}"
26,86,UC,NONE,0.6751286782187159,0.0370103202055223,536854547.2,892689304.4329245,1261819.04,1008206.2420636156,0.7407191771977222,3.6957050877362008e-06,0.0,0.0,GREEDY_HV,"['SPC_MBFLIP', 'SBX_MPOLY', 'TPC_NONE', 'SPC_NONE', 'UC_NONE', 'SPC_NONE', 'SPC_NONE', 'TPC_NONE', 'TPC_NONE', 'TPC_NONE', 'NONE_MPOLY', 'TPC_NONE', 'TPC_MPOLY', 'SBX_MPOLY', 'SPC_NONE', 'TPC_NONE', 'SPC_NONE', 'NONE_MPOLY', 'UC_NONE', 'TPC_NONE', 'SPC_NONE', 'SBX_MPOLY', 'TPC_NONE', 'SPC_NONE', 'UC_NONE', 'SPC_NONE', 'TPC_NONE', 'UC_NONE', 'SBX_MPOLY', 'UC_NONE', 'TPC_NONE', 'UC_NONE', 'UC_NONE', 'UC_NONE', 'TPC_NONE', 'UC_MPOLY', 'SPC_NONE', 'SPC_NONE', 'UC_NONE', 'TPC_NONE', 'UC_NONE', 'UC_NONE', 'SPC_NONE', 'UC_NONE', 'UC_NONE', 'TPC_NONE', 'UC_NONE', 'TPC_NONE', 'UC_MPOLY', 'SPC_NONE', 'UC_NONE', 'UC_NONE', 'SPC_NONE', 'TPC_NONE', 'SPC_MNUF', 'TPC_NONE', 'UC_NONE', 'UC_NONE', 'TPC_NONE', 'UC_NONE', 'UC_NONE', 'SPC_NONE', 'TPC_NONE', 'SPC_NONE', 'TPC_NONE', 'TPC_NONE', 'TPC_NONE', 'UC_NONE', 'UC_NONE', 'TPC_NONE', 'TPC_NONE', 'SPC_NONE', 'UC_NONE', 'SBX_NONE', 'SPC_NONE', 'TPC_NONE', 'TPC_NONE', 'SPC_NONE', 'TPC_NONE', 'SPC_NONE', 'UC_NONE', 'SPC_NONE', 'TPC_NONE', 'TPC_NONE', 'SPC_NONE', 'TPC_NONE', 'UC_NONE']","{'SBX_MPOLY': 4, 'TPC_NONE': 29, 'SPC_NONE': 21, 'UC_NONE': 25, 'NONE_MPOLY': 2, 'TPC_MPOLY': 1, 'UC_MPOLY': 2, 'SPC_MNUF': 1, 'SBX_NONE': 1}"
26,87,UC,NONE,0.6744832809802321,0.0366488575424994,522360226.56,890856217.4897321,1271484.32,1029387.7726371814,0.7407084785490456,-1.0698648676532583e-05,0.01,0.0,GREEDY_HV,"['SPC_MBFLIP', 'SBX_MPOLY', 'TPC_NONE', 'SPC_NONE', 'UC_NONE', 'SPC_NONE', 'SPC_NONE', 'TPC_NONE', 'TPC_NONE', 'TPC_NONE', 'NONE_MPOLY', 'TPC_NONE', 'TPC_MPOLY', 'SBX_MPOLY', 'SPC_NONE', 'TPC_NONE', 'SPC_NONE', 'NONE_MPOLY', 'UC_NONE', 'TPC_NONE', 'SPC_NONE', 'SBX_MPOLY', 'TPC_NONE', 'SPC_NONE', 'UC_NONE', 'SPC_NONE', 'TPC_NONE', 'UC_NONE', 'SBX_MPOLY', 'UC_NONE', 'TPC_NONE', 'UC_NONE', 'UC_NONE', 'UC_NONE', 'TPC_NONE', 'UC_MPOLY', 'SPC_NONE', 'SPC_NONE', 'UC_NONE', 'TPC_NONE', 'UC_NONE', 'UC_NONE', 'SPC_NONE', 'UC_NONE', 'UC_NONE', 'TPC_NONE', 'UC_NONE', 'TPC_NONE', 'UC_MPOLY', 'SPC_NONE', 'UC_NONE', 'UC_NONE', 'SPC_NONE', 'TPC_NONE', 'SPC_MNUF', 'TPC_NONE', 'UC_NONE', 'UC_NONE', 'TPC_NONE', 'UC_NONE', 'UC_NONE', 'SPC_NONE', 'TPC_NONE', 'SPC_NONE', 'TPC_NONE', 'TPC_NONE', 'TPC_NONE', 'UC_NONE', 'UC_NONE', 'TPC_NONE', 'TPC_NONE', 'SPC_NONE', 'UC_NONE', 'SBX_NONE', 'SPC_NONE', 'TPC_NONE', 'TPC_NONE', 'SPC_NONE', 'TPC_NONE', 'SPC_NONE', 'UC_NONE', 'SPC_NONE', 'TPC_NONE', 'TPC_NONE', 'SPC_NONE', 'TPC_NONE', 'UC_NONE', 'UC_NONE']","{'SBX_MPOLY': 4, 'TPC_NONE': 29, 'SPC_NONE': 21, 'UC_NONE': 26, 'NONE_MPOLY': 2, 'TPC_MPOLY': 1, 'UC_MPOLY': 2, 'SPC_MNUF': 1, 'SBX_NONE': 1}"
26,88,UC,NONE,0.6744137236788866,0.0366522972991157,521300862.72,890943163.360231,1288582.56,1026703.1211321832,0.7407109471487505,2.468599704874564e-06,0.01,0.0,GREEDY_HV,"['SPC_MBFLIP', 'SBX_MPOLY', 'TPC_NONE', 'SPC_NONE', 'UC_NONE', 'SPC_NONE', 'SPC_NONE', 'TPC_NONE', 'TPC_NONE', 'TPC_NONE', 'NONE_MPOLY', 'TPC_NONE', 'TPC_MPOLY', 'SBX_MPOLY', 'SPC_NONE', 'TPC_NONE', 'SPC_NONE', 'NONE_MPOLY', 'UC_NONE', 'TPC_NONE', 'SPC_NONE', 'SBX_MPOLY', 'TPC_NONE', 'SPC_NONE', 'UC_NONE', 'SPC_NONE', 'TPC_NONE', 'UC_NONE', 'SBX_MPOLY', 'UC_NONE', 'TPC_NONE', 'UC_NONE', 'UC_NONE', 'UC_NONE', 'TPC_NONE', 'UC_MPOLY', 'SPC_NONE', 'SPC_NONE', 'UC_NONE', 'TPC_NONE', 'UC_NONE', 'UC_NONE', 'SPC_NONE', 'UC_NONE', 'UC_NONE', 'TPC_NONE', 'UC_NONE', 'TPC_NONE', 'UC_MPOLY', 'SPC_NONE', 'UC_NONE', 'UC_NONE', 'SPC_NONE', 'TPC_NONE', 'SPC_MNUF', 'TPC_NONE', 'UC_NONE', 'UC_NONE', 'TPC_NONE', 'UC_NONE', 'UC_NONE', 'SPC_NONE', 'TPC_NONE', 'SPC_NONE', 'TPC_NONE', 'TPC_NONE', 'TPC_NONE', 'UC_NONE', 'UC_NONE', 'TPC_NONE', 'TPC_NONE', 'SPC_NONE', 'UC_NONE', 'SBX_NONE', 'SPC_NONE', 'TPC_NONE', 'TPC_NONE', 'SPC_NONE', 'TPC_NONE', 'SPC_NONE', 'UC_NONE', 'SPC_NONE', 'TPC_NONE', 'TPC_NONE', 'SPC_NONE', 'TPC_NONE', 'UC_NONE', 'UC_NONE', 'UC_NONE']","{'SBX_MPOLY': 4, 'TPC_NONE': 29, 'SPC_NONE': 21, 'UC_NONE': 27, 'NONE_MPOLY': 2, 'TPC_MPOLY': 1, 'UC_MPOLY': 2, 'SPC_MNUF': 1, 'SBX_NONE': 1}"
26,89,UC,NONE,0.6767680569072845,0.0352741787981342,529180646.4,889844661.1110319,1299442.08,1003043.2058989248,0.7407043539686338,-6.593180116754027e-06,0.0,0.0,GREEDY_HV,"['SPC_MBFLIP', 'SBX_MPOLY', 'TPC_NONE', 'SPC_NONE', 'UC_NONE', 'SPC_NONE', 'SPC_NONE', 'TPC_NONE', 'TPC_NONE', 'TPC_NONE', 'NONE_MPOLY', 'TPC_NONE', 'TPC_MPOLY', 'SBX_MPOLY', 'SPC_NONE', 'TPC_NONE', 'SPC_NONE', 'NONE_MPOLY', 'UC_NONE', 'TPC_NONE', 'SPC_NONE', 'SBX_MPOLY', 'TPC_NONE', 'SPC_NONE', 'UC_NONE', 'SPC_NONE', 'TPC_NONE', 'UC_NONE', 'SBX_MPOLY', 'UC_NONE', 'TPC_NONE', 'UC_NONE', 'UC_NONE', 'UC_NONE', 'TPC_NONE', 'UC_MPOLY', 'SPC_NONE', 'SPC_NONE', 'UC_NONE', 'TPC_NONE', 'UC_NONE', 'UC_NONE', 'SPC_NONE', 'UC_NONE', 'UC_NONE', 'TPC_NONE', 'UC_NONE', 'TPC_NONE', 'UC_MPOLY', 'SPC_NONE', 'UC_NONE', 'UC_NONE', 'SPC_NONE', 'TPC_NONE', 'SPC_MNUF', 'TPC_NONE', 'UC_NONE', 'UC_NONE', 'TPC_NONE', 'UC_NONE', 'UC_NONE', 'SPC_NONE', 'TPC_NONE', 'SPC_NONE', 'TPC_NONE', 'TPC_NONE', 'TPC_NONE', 'UC_NONE', 'UC_NONE', 'TPC_NONE', 'TPC_NONE', 'SPC_NONE', 'UC_NONE', 'SBX_NONE', 'SPC_NONE', 'TPC_NONE', 'TPC_NONE', 'SPC_NONE', 'TPC_NONE', 'SPC_NONE', 'UC_NONE', 'SPC_NONE', 'TPC_NONE', 'TPC_NONE', 'SPC_NONE', 'TPC_NONE', 'UC_NONE', 'UC_NONE', 'UC_NONE', 'UC_NONE']","{'SBX_MPOLY': 4, 'TPC_NONE': 29, 'SPC_NONE': 21, 'UC_NONE': 28, 'NONE_MPOLY': 2, 'TPC_MPOLY': 1, 'UC_MPOLY': 2, 'SPC_MNUF': 1, 'SBX_NONE': 1}"
26,90,TPC,NONE,0.6776740010450121,0.0340760070257186,528510298.88,889547234.8866026,1303813.28,990390.3823964174,0.7407356467975348,3.129282890101948e-05,0.0,0.0,GREEDY_HV,"['SPC_MBFLIP', 'SBX_MPOLY', 'TPC_NONE', 'SPC_NONE', 'UC_NONE', 'SPC_NONE', 'SPC_NONE', 'TPC_NONE', 'TPC_NONE', 'TPC_NONE', 'NONE_MPOLY', 'TPC_NONE', 'TPC_MPOLY', 'SBX_MPOLY', 'SPC_NONE', 'TPC_NONE', 'SPC_NONE', 'NONE_MPOLY', 'UC_NONE', 'TPC_NONE', 'SPC_NONE', 'SBX_MPOLY', 'TPC_NONE', 'SPC_NONE', 'UC_NONE', 'SPC_NONE', 'TPC_NONE', 'UC_NONE', 'SBX_MPOLY', 'UC_NONE', 'TPC_NONE', 'UC_NONE', 'UC_NONE', 'UC_NONE', 'TPC_NONE', 'UC_MPOLY', 'SPC_NONE', 'SPC_NONE', 'UC_NONE', 'TPC_NONE', 'UC_NONE', 'UC_NONE', 'SPC_NONE', 'UC_NONE', 'UC_NONE', 'TPC_NONE', 'UC_NONE', 'TPC_NONE', 'UC_MPOLY', 'SPC_NONE', 'UC_NONE', 'UC_NONE', 'SPC_NONE', 'TPC_NONE', 'SPC_MNUF', 'TPC_NONE', 'UC_NONE', 'UC_NONE', 'TPC_NONE', 'UC_NONE', 'UC_NONE', 'SPC_NONE', 'TPC_NONE', 'SPC_NONE', 'TPC_NONE', 'TPC_NONE', 'TPC_NONE', 'UC_NONE', 'UC_NONE', 'TPC_NONE', 'TPC_NONE', 'SPC_NONE', 'UC_NONE', 'SBX_NONE', 'SPC_NONE', 'TPC_NONE', 'TPC_NONE', 'SPC_NONE', 'TPC_NONE', 'SPC_NONE', 'UC_NONE', 'SPC_NONE', 'TPC_NONE', 'TPC_NONE', 'SPC_NONE', 'TPC_NONE', 'UC_NONE', 'UC_NONE', 'UC_NONE', 'UC_NONE', 'TPC_NONE']","{'SBX_MPOLY': 4, 'TPC_NONE': 30, 'SPC_NONE': 21, 'UC_NONE': 28, 'NONE_MPOLY': 2, 'TPC_MPOLY': 1, 'UC_MPOLY': 2, 'SPC_MNUF': 1, 'SBX_NONE': 1}"
26,91,SPC,NONE,0.6762472638350819,0.0351881509646687,531798320.64,889872169.7414312,1293322.4,1008481.4371203464,0.7407021439350197,-3.350286251513346e-05,0.0,0.0,GREEDY_HV,"['SPC_MBFLIP', 'SBX_MPOLY', 'TPC_NONE', 'SPC_NONE', 'UC_NONE', 'SPC_NONE', 'SPC_NONE', 'TPC_NONE', 'TPC_NONE', 'TPC_NONE', 'NONE_MPOLY', 'TPC_NONE', 'TPC_MPOLY', 'SBX_MPOLY', 'SPC_NONE', 'TPC_NONE', 'SPC_NONE', 'NONE_MPOLY', 'UC_NONE', 'TPC_NONE', 'SPC_NONE', 'SBX_MPOLY', 'TPC_NONE', 'SPC_NONE', 'UC_NONE', 'SPC_NONE', 'TPC_NONE', 'UC_NONE', 'SBX_MPOLY', 'UC_NONE', 'TPC_NONE', 'UC_NONE', 'UC_NONE', 'UC_NONE', 'TPC_NONE', 'UC_MPOLY', 'SPC_NONE', 'SPC_NONE', 'UC_NONE', 'TPC_NONE', 'UC_NONE', 'UC_NONE', 'SPC_NONE', 'UC_NONE', 'UC_NONE', 'TPC_NONE', 'UC_NONE', 'TPC_NONE', 'UC_MPOLY', 'SPC_NONE', 'UC_NONE', 'UC_NONE', 'SPC_NONE', 'TPC_NONE', 'SPC_MNUF', 'TPC_NONE', 'UC_NONE', 'UC_NONE', 'TPC_NONE', 'UC_NONE', 'UC_NONE', 'SPC_NONE', 'TPC_NONE', 'SPC_NONE', 'TPC_NONE', 'TPC_NONE', 'TPC_NONE', 'UC_NONE', 'UC_NONE', 'TPC_NONE', 'TPC_NONE', 'SPC_NONE', 'UC_NONE', 'SBX_NONE', 'SPC_NONE', 'TPC_NONE', 'TPC_NONE', 'SPC_NONE', 'TPC_NONE', 'SPC_NONE', 'UC_NONE', 'SPC_NONE', 'TPC_NONE', 'TPC_NONE', 'SPC_NONE', 'TPC_NONE', 'UC_NONE', 'UC_NONE', 'UC_NONE', 'UC_NONE', 'TPC_NONE', 'SPC_NONE']","{'SBX_MPOLY': 4, 'TPC_NONE': 30, 'SPC_NONE': 22, 'UC_NONE': 28, 'NONE_MPOLY': 2, 'TPC_MPOLY': 1, 'UC_MPOLY': 2, 'SPC_MNUF': 1, 'SBX_NONE': 1}"
26,92,SPC,MNUF,0.6785072406681172,0.0345117518801781,539533303.04,887501598.4932666,1328546.72,989323.253717025,0.7407225774330471,2.04334980274945e-05,0.0,0.01,GREEDY_HV,"['SPC_MBFLIP', 'SBX_MPOLY', 'TPC_NONE', 'SPC_NONE', 'UC_NONE', 'SPC_NONE', 'SPC_NONE', 'TPC_NONE', 'TPC_NONE', 'TPC_NONE', 'NONE_MPOLY', 'TPC_NONE', 'TPC_MPOLY', 'SBX_MPOLY', 'SPC_NONE', 'TPC_NONE', 'SPC_NONE', 'NONE_MPOLY', 'UC_NONE', 'TPC_NONE', 'SPC_NONE', 'SBX_MPOLY', 'TPC_NONE', 'SPC_NONE', 'UC_NONE', 'SPC_NONE', 'TPC_NONE', 'UC_NONE', 'SBX_MPOLY', 'UC_NONE', 'TPC_NONE', 'UC_NONE', 'UC_NONE', 'UC_NONE', 'TPC_NONE', 'UC_MPOLY', 'SPC_NONE', 'SPC_NONE', 'UC_NONE', 'TPC_NONE', 'UC_NONE', 'UC_NONE', 'SPC_NONE', 'UC_NONE', 'UC_NONE', 'TPC_NONE', 'UC_NONE', 'TPC_NONE', 'UC_MPOLY', 'SPC_NONE', 'UC_NONE', 'UC_NONE', 'SPC_NONE', 'TPC_NONE', 'SPC_MNUF', 'TPC_NONE', 'UC_NONE', 'UC_NONE', 'TPC_NONE', 'UC_NONE', 'UC_NONE', 'SPC_NONE', 'TPC_NONE', 'SPC_NONE', 'TPC_NONE', 'TPC_NONE', 'TPC_NONE', 'UC_NONE', 'UC_NONE', 'TPC_NONE', 'TPC_NONE', 'SPC_NONE', 'UC_NONE', 'SBX_NONE', 'SPC_NONE', 'TPC_NONE', 'TPC_NONE', 'SPC_NONE', 'TPC_NONE', 'SPC_NONE', 'UC_NONE', 'SPC_NONE', 'TPC_NONE', 'TPC_NONE', 'SPC_NONE', 'TPC_NONE', 'UC_NONE', 'UC_NONE', 'UC_NONE', 'UC_NONE', 'TPC_NONE', 'SPC_NONE', 'SPC_MNUF']","{'SBX_MPOLY': 4, 'TPC_NONE': 30, 'SPC_NONE': 22, 'UC_NONE': 28, 'NONE_MPOLY': 2, 'TPC_MPOLY': 1, 'UC_MPOLY': 2, 'SPC_MNUF': 2, 'SBX_NONE': 1}"
26,93,SPC,NONE,0.6757931080340549,0.034580768255605,525039412.48,895792815.3916883,1294694.56,1027643.6559432877,0.7407355675221885,1.2990089141351469e-05,0.01,0.0,GREEDY_HV,"['SPC_MBFLIP', 'SBX_MPOLY', 'TPC_NONE', 'SPC_NONE', 'UC_NONE', 'SPC_NONE', 'SPC_NONE', 'TPC_NONE', 'TPC_NONE', 'TPC_NONE', 'NONE_MPOLY', 'TPC_NONE', 'TPC_MPOLY', 'SBX_MPOLY', 'SPC_NONE', 'TPC_NONE', 'SPC_NONE', 'NONE_MPOLY', 'UC_NONE', 'TPC_NONE', 'SPC_NONE', 'SBX_MPOLY', 'TPC_NONE', 'SPC_NONE', 'UC_NONE', 'SPC_NONE', 'TPC_NONE', 'UC_NONE', 'SBX_MPOLY', 'UC_NONE', 'TPC_NONE', 'UC_NONE', 'UC_NONE', 'UC_NONE', 'TPC_NONE', 'UC_MPOLY', 'SPC_NONE', 'SPC_NONE', 'UC_NONE', 'TPC_NONE', 'UC_NONE', 'UC_NONE', 'SPC_NONE', 'UC_NONE', 'UC_NONE', 'TPC_NONE', 'UC_NONE', 'TPC_NONE', 'UC_MPOLY', 'SPC_NONE', 'UC_NONE', 'UC_NONE', 'SPC_NONE', 'TPC_NONE', 'SPC_MNUF', 'TPC_NONE', 'UC_NONE', 'UC_NONE', 'TPC_NONE', 'UC_NONE', 'UC_NONE', 'SPC_NONE', 'TPC_NONE', 'SPC_NONE', 'TPC_NONE', 'TPC_NONE', 'TPC_NONE', 'UC_NONE', 'UC_NONE', 'TPC_NONE', 'TPC_NONE', 'SPC_NONE', 'UC_NONE', 'SBX_NONE', 'SPC_NONE', 'TPC_NONE', 'TPC_NONE', 'SPC_NONE', 'TPC_NONE', 'SPC_NONE', 'UC_NONE', 'SPC_NONE', 'TPC_NONE', 'TPC_NONE', 'SPC_NONE', 'TPC_NONE', 'UC_NONE', 'UC_NONE', 'UC_NONE', 'UC_NONE', 'TPC_NONE', 'SPC_NONE', 'SPC_MNUF', 'SPC_NONE']","{'SBX_MPOLY': 4, 'TPC_NONE': 30, 'SPC_NONE': 23, 'UC_NONE': 28, 'NONE_MPOLY': 2, 'TPC_MPOLY': 1, 'UC_MPOLY': 2, 'SPC_MNUF': 2, 'SBX_NONE': 1}"
26,94,UC,NONE,0.6764393702168264,0.0355797029867518,540062193.92,892635092.0358583,1302110.88,1021172.7315770364,0.7406954853999563,-4.008212223216567e-05,0.0,0.0,GREEDY_HV,"['SPC_MBFLIP', 'SBX_MPOLY', 'TPC_NONE', 'SPC_NONE', 'UC_NONE', 'SPC_NONE', 'SPC_NONE', 'TPC_NONE', 'TPC_NONE', 'TPC_NONE', 'NONE_MPOLY', 'TPC_NONE', 'TPC_MPOLY', 'SBX_MPOLY', 'SPC_NONE', 'TPC_NONE', 'SPC_NONE', 'NONE_MPOLY', 'UC_NONE', 'TPC_NONE', 'SPC_NONE', 'SBX_MPOLY', 'TPC_NONE', 'SPC_NONE', 'UC_NONE', 'SPC_NONE', 'TPC_NONE', 'UC_NONE', 'SBX_MPOLY', 'UC_NONE', 'TPC_NONE', 'UC_NONE', 'UC_NONE', 'UC_NONE', 'TPC_NONE', 'UC_MPOLY', 'SPC_NONE', 'SPC_NONE', 'UC_NONE', 'TPC_NONE', 'UC_NONE', 'UC_NONE', 'SPC_NONE', 'UC_NONE', 'UC_NONE', 'TPC_NONE', 'UC_NONE', 'TPC_NONE', 'UC_MPOLY', 'SPC_NONE', 'UC_NONE', 'UC_NONE', 'SPC_NONE', 'TPC_NONE', 'SPC_MNUF', 'TPC_NONE', 'UC_NONE', 'UC_NONE', 'TPC_NONE', 'UC_NONE', 'UC_NONE', 'SPC_NONE', 'TPC_NONE', 'SPC_NONE', 'TPC_NONE', 'TPC_NONE', 'TPC_NONE', 'UC_NONE', 'UC_NONE', 'TPC_NONE', 'TPC_NONE', 'SPC_NONE', 'UC_NONE', 'SBX_NONE', 'SPC_NONE', 'TPC_NONE', 'TPC_NONE', 'SPC_NONE', 'TPC_NONE', 'SPC_NONE', 'UC_NONE', 'SPC_NONE', 'TPC_NONE', 'TPC_NONE', 'SPC_NONE', 'TPC_NONE', 'UC_NONE', 'UC_NONE', 'UC_NONE', 'UC_NONE', 'TPC_NONE', 'SPC_NONE', 'SPC_MNUF', 'SPC_NONE', 'UC_NONE']","{'SBX_MPOLY': 4, 'TPC_NONE': 30, 'SPC_NONE': 23, 'UC_NONE': 29, 'NONE_MPOLY': 2, 'TPC_MPOLY': 1, 'UC_MPOLY': 2, 'SPC_MNUF': 2, 'SBX_NONE': 1}"
26,95,UC,NONE,0.6775641332658705,0.0348432490499518,548630424.32,892625439.9977999,1339506.08,1028635.3632031878,0.7407118563486383,1.6370948682009612e-05,0.0,0.0,GREEDY_HV,"['SPC_MBFLIP', 'SBX_MPOLY', 'TPC_NONE', 'SPC_NONE', 'UC_NONE', 'SPC_NONE', 'SPC_NONE', 'TPC_NONE', 'TPC_NONE', 'TPC_NONE', 'NONE_MPOLY', 'TPC_NONE', 'TPC_MPOLY', 'SBX_MPOLY', 'SPC_NONE', 'TPC_NONE', 'SPC_NONE', 'NONE_MPOLY', 'UC_NONE', 'TPC_NONE', 'SPC_NONE', 'SBX_MPOLY', 'TPC_NONE', 'SPC_NONE', 'UC_NONE', 'SPC_NONE', 'TPC_NONE', 'UC_NONE', 'SBX_MPOLY', 'UC_NONE', 'TPC_NONE', 'UC_NONE', 'UC_NONE', 'UC_NONE', 'TPC_NONE', 'UC_MPOLY', 'SPC_NONE', 'SPC_NONE', 'UC_NONE', 'TPC_NONE', 'UC_NONE', 'UC_NONE', 'SPC_NONE', 'UC_NONE', 'UC_NONE', 'TPC_NONE', 'UC_NONE', 'TPC_NONE', 'UC_MPOLY', 'SPC_NONE', 'UC_NONE', 'UC_NONE', 'SPC_NONE', 'TPC_NONE', 'SPC_MNUF', 'TPC_NONE', 'UC_NONE', 'UC_NONE', 'TPC_NONE', 'UC_NONE', 'UC_NONE', 'SPC_NONE', 'TPC_NONE', 'SPC_NONE', 'TPC_NONE', 'TPC_NONE', 'TPC_NONE', 'UC_NONE', 'UC_NONE', 'TPC_NONE', 'TPC_NONE', 'SPC_NONE', 'UC_NONE', 'SBX_NONE', 'SPC_NONE', 'TPC_NONE', 'TPC_NONE', 'SPC_NONE', 'TPC_NONE', 'SPC_NONE', 'UC_NONE', 'SPC_NONE', 'TPC_NONE', 'TPC_NONE', 'SPC_NONE', 'TPC_NONE', 'UC_NONE', 'UC_NONE', 'UC_NONE', 'UC_NONE', 'TPC_NONE', 'SPC_NONE', 'SPC_MNUF', 'SPC_NONE', 'UC_NONE', 'UC_NONE']","{'SBX_MPOLY': 4, 'TPC_NONE': 30, 'SPC_NONE': 23, 'UC_NONE': 30, 'NONE_MPOLY': 2, 'TPC_MPOLY': 1, 'UC_MPOLY': 2, 'SPC_MNUF': 2, 'SBX_NONE': 1}"
26,96,UC,NONE,0.6769683128666779,0.0340380543058814,522538786.56,889705768.0586268,1325712.8,1009171.926398907,0.7407254324972652,1.3576148626848196e-05,0.01,0.0,GREEDY_HV,"['SPC_MBFLIP', 'SBX_MPOLY', 'TPC_NONE', 'SPC_NONE', 'UC_NONE', 'SPC_NONE', 'SPC_NONE', 'TPC_NONE', 'TPC_NONE', 'TPC_NONE', 'NONE_MPOLY', 'TPC_NONE', 'TPC_MPOLY', 'SBX_MPOLY', 'SPC_NONE', 'TPC_NONE', 'SPC_NONE', 'NONE_MPOLY', 'UC_NONE', 'TPC_NONE', 'SPC_NONE', 'SBX_MPOLY', 'TPC_NONE', 'SPC_NONE', 'UC_NONE', 'SPC_NONE', 'TPC_NONE', 'UC_NONE', 'SBX_MPOLY', 'UC_NONE', 'TPC_NONE', 'UC_NONE', 'UC_NONE', 'UC_NONE', 'TPC_NONE', 'UC_MPOLY', 'SPC_NONE', 'SPC_NONE', 'UC_NONE', 'TPC_NONE', 'UC_NONE', 'UC_NONE', 'SPC_NONE', 'UC_NONE', 'UC_NONE', 'TPC_NONE', 'UC_NONE', 'TPC_NONE', 'UC_MPOLY', 'SPC_NONE', 'UC_NONE', 'UC_NONE', 'SPC_NONE', 'TPC_NONE', 'SPC_MNUF', 'TPC_NONE', 'UC_NONE', 'UC_NONE', 'TPC_NONE', 'UC_NONE', 'UC_NONE', 'SPC_NONE', 'TPC_NONE', 'SPC_NONE', 'TPC_NONE', 'TPC_NONE', 'TPC_NONE', 'UC_NONE', 'UC_NONE', 'TPC_NONE', 'TPC_NONE', 'SPC_NONE', 'UC_NONE', 'SBX_NONE', 'SPC_NONE', 'TPC_NONE', 'TPC_NONE', 'SPC_NONE', 'TPC_NONE', 'SPC_NONE', 'UC_NONE', 'SPC_NONE', 'TPC_NONE', 'TPC_NONE', 'SPC_NONE', 'TPC_NONE', 'UC_NONE', 'UC_NONE', 'UC_NONE', 'UC_NONE', 'TPC_NONE', 'SPC_NONE', 'SPC_MNUF', 'SPC_NONE', 'UC_NONE', 'UC_NONE', 'UC_NONE']","{'SBX_MPOLY': 4, 'TPC_NONE': 30, 'SPC_NONE': 23, 'UC_NONE': 31, 'NONE_MPOLY': 2, 'TPC_MPOLY': 1, 'UC_MPOLY': 2, 'SPC_MNUF': 2, 'SBX_NONE': 1}"
26,97,SPC,MNUF,0.676427782835823,0.0349798839469885,536832057.6,893108105.9387186,1290043.04,1010729.2549035072,0.7407253583852929,-7.41119723368655e-08,0.0,0.0,GREEDY_HV,"['SPC_MBFLIP', 'SBX_MPOLY', 'TPC_NONE', 'SPC_NONE', 'UC_NONE', 'SPC_NONE', 'SPC_NONE', 'TPC_NONE', 'TPC_NONE', 'TPC_NONE', 'NONE_MPOLY', 'TPC_NONE', 'TPC_MPOLY', 'SBX_MPOLY', 'SPC_NONE', 'TPC_NONE', 'SPC_NONE', 'NONE_MPOLY', 'UC_NONE', 'TPC_NONE', 'SPC_NONE', 'SBX_MPOLY', 'TPC_NONE', 'SPC_NONE', 'UC_NONE', 'SPC_NONE', 'TPC_NONE', 'UC_NONE', 'SBX_MPOLY', 'UC_NONE', 'TPC_NONE', 'UC_NONE', 'UC_NONE', 'UC_NONE', 'TPC_NONE', 'UC_MPOLY', 'SPC_NONE', 'SPC_NONE', 'UC_NONE', 'TPC_NONE', 'UC_NONE', 'UC_NONE', 'SPC_NONE', 'UC_NONE', 'UC_NONE', 'TPC_NONE', 'UC_NONE', 'TPC_NONE', 'UC_MPOLY', 'SPC_NONE', 'UC_NONE', 'UC_NONE', 'SPC_NONE', 'TPC_NONE', 'SPC_MNUF', 'TPC_NONE', 'UC_NONE', 'UC_NONE', 'TPC_NONE', 'UC_NONE', 'UC_NONE', 'SPC_NONE', 'TPC_NONE', 'SPC_NONE', 'TPC_NONE', 'TPC_NONE', 'TPC_NONE', 'UC_NONE', 'UC_NONE', 'TPC_NONE', 'TPC_NONE', 'SPC_NONE', 'UC_NONE', 'SBX_NONE', 'SPC_NONE', 'TPC_NONE', 'TPC_NONE', 'SPC_NONE', 'TPC_NONE', 'SPC_NONE', 'UC_NONE', 'SPC_NONE', 'TPC_NONE', 'TPC_NONE', 'SPC_NONE', 'TPC_NONE', 'UC_NONE', 'UC_NONE', 'UC_NONE', 'UC_NONE', 'TPC_NONE', 'SPC_NONE', 'SPC_MNUF', 'SPC_NONE', 'UC_NONE', 'UC_NONE', 'UC_NONE', 'SPC_MNUF']","{'SBX_MPOLY': 4, 'TPC_NONE': 30, 'SPC_NONE': 23, 'UC_NONE': 31, 'NONE_MPOLY': 2, 'TPC_MPOLY': 1, 'UC_MPOLY': 2, 'SPC_MNUF': 3, 'SBX_NONE': 1}"
26,98,TPC,NONE,0.6777146594827621,0.0349125961343073,533833094.4,888459214.291646,1315812.0,1014052.4026790726,0.7407321049987293,6.746613436470206e-06,0.02,0.0,GREEDY_HV,"['SPC_MBFLIP', 'SBX_MPOLY', 'TPC_NONE', 'SPC_NONE', 'UC_NONE', 'SPC_NONE', 'SPC_NONE', 'TPC_NONE', 'TPC_NONE', 'TPC_NONE', 'NONE_MPOLY', 'TPC_NONE', 'TPC_MPOLY', 'SBX_MPOLY', 'SPC_NONE', 'TPC_NONE', 'SPC_NONE', 'NONE_MPOLY', 'UC_NONE', 'TPC_NONE', 'SPC_NONE', 'SBX_MPOLY', 'TPC_NONE', 'SPC_NONE', 'UC_NONE', 'SPC_NONE', 'TPC_NONE', 'UC_NONE', 'SBX_MPOLY', 'UC_NONE', 'TPC_NONE', 'UC_NONE', 'UC_NONE', 'UC_NONE', 'TPC_NONE', 'UC_MPOLY', 'SPC_NONE', 'SPC_NONE', 'UC_NONE', 'TPC_NONE', 'UC_NONE', 'UC_NONE', 'SPC_NONE', 'UC_NONE', 'UC_NONE', 'TPC_NONE', 'UC_NONE', 'TPC_NONE', 'UC_MPOLY', 'SPC_NONE', 'UC_NONE', 'UC_NONE', 'SPC_NONE', 'TPC_NONE', 'SPC_MNUF', 'TPC_NONE', 'UC_NONE', 'UC_NONE', 'TPC_NONE', 'UC_NONE', 'UC_NONE', 'SPC_NONE', 'TPC_NONE', 'SPC_NONE', 'TPC_NONE', 'TPC_NONE', 'TPC_NONE', 'UC_NONE', 'UC_NONE', 'TPC_NONE', 'TPC_NONE', 'SPC_NONE', 'UC_NONE', 'SBX_NONE', 'SPC_NONE', 'TPC_NONE', 'TPC_NONE', 'SPC_NONE', 'TPC_NONE', 'SPC_NONE', 'UC_NONE', 'SPC_NONE', 'TPC_NONE', 'TPC_NONE', 'SPC_NONE', 'TPC_NONE', 'UC_NONE', 'UC_NONE', 'UC_NONE', 'UC_NONE', 'TPC_NONE', 'SPC_NONE', 'SPC_MNUF', 'SPC_NONE', 'UC_NONE', 'UC_NONE', 'UC_NONE', 'SPC_MNUF', 'TPC_NONE']","{'SBX_MPOLY': 4, 'TPC_NONE': 31, 'SPC_NONE': 23, 'UC_NONE': 31, 'NONE_MPOLY': 2, 'TPC_MPOLY': 1, 'UC_MPOLY': 2, 'SPC_MNUF': 3, 'SBX_NONE': 1}"
26,99,SPC,NONE,0.6766086648878185,0.034470649419312,534875651.84,892033550.8592783,1244180.64,977490.0101422574,0.7407530544869891,2.09494882598138e-05,0.01,0.0,GREEDY_HV,"['SPC_MBFLIP', 'SBX_MPOLY', 'TPC_NONE', 'SPC_NONE', 'UC_NONE', 'SPC_NONE', 'SPC_NONE', 'TPC_NONE', 'TPC_NONE', 'TPC_NONE', 'NONE_MPOLY', 'TPC_NONE', 'TPC_MPOLY', 'SBX_MPOLY', 'SPC_NONE', 'TPC_NONE', 'SPC_NONE', 'NONE_MPOLY', 'UC_NONE', 'TPC_NONE', 'SPC_NONE', 'SBX_MPOLY', 'TPC_NONE', 'SPC_NONE', 'UC_NONE', 'SPC_NONE', 'TPC_NONE', 'UC_NONE', 'SBX_MPOLY', 'UC_NONE', 'TPC_NONE', 'UC_NONE', 'UC_NONE', 'UC_NONE', 'TPC_NONE', 'UC_MPOLY', 'SPC_NONE', 'SPC_NONE', 'UC_NONE', 'TPC_NONE', 'UC_NONE', 'UC_NONE', 'SPC_NONE', 'UC_NONE', 'UC_NONE', 'TPC_NONE', 'UC_NONE', 'TPC_NONE', 'UC_MPOLY', 'SPC_NONE', 'UC_NONE', 'UC_NONE', 'SPC_NONE', 'TPC_NONE', 'SPC_MNUF', 'TPC_NONE', 'UC_NONE', 'UC_NONE', 'TPC_NONE', 'UC_NONE', 'UC_NONE', 'SPC_NONE', 'TPC_NONE', 'SPC_NONE', 'TPC_NONE', 'TPC_NONE', 'TPC_NONE', 'UC_NONE', 'UC_NONE', 'TPC_NONE', 'TPC_NONE', 'SPC_NONE', 'UC_NONE', 'SBX_NONE', 'SPC_NONE', 'TPC_NONE', 'TPC_NONE', 'SPC_NONE', 'TPC_NONE', 'SPC_NONE', 'UC_NONE', 'SPC_NONE', 'TPC_NONE', 'TPC_NONE', 'SPC_NONE', 'TPC_NONE', 'UC_NONE', 'UC_NONE', 'UC_NONE', 'UC_NONE', 'TPC_NONE', 'SPC_NONE', 'SPC_MNUF', 'SPC_NONE', 'UC_NONE', 'UC_NONE', 'UC_NONE', 'SPC_MNUF', 'TPC_NONE', 'SPC_NONE']","{'SBX_MPOLY': 4, 'TPC_NONE': 31, 'SPC_NONE': 24, 'UC_NONE': 31, 'NONE_MPOLY': 2, 'TPC_MPOLY': 1, 'UC_MPOLY': 2, 'SPC_MNUF': 3, 'SBX_NONE': 1}"
26,100,TPC,NONE,0.6771624979043479,0.0348489716770762,544376239.36,893383146.6570563,1277858.72,1004244.9858738458,0.7407343402020314,-1.871428495769933e-05,0.0,0.0,GREEDY_HV,"['SPC_MBFLIP', 'SBX_MPOLY', 'TPC_NONE', 'SPC_NONE', 'UC_NONE', 'SPC_NONE', 'SPC_NONE', 'TPC_NONE', 'TPC_NONE', 'TPC_NONE', 'NONE_MPOLY', 'TPC_NONE', 'TPC_MPOLY', 'SBX_MPOLY', 'SPC_NONE', 'TPC_NONE', 'SPC_NONE', 'NONE_MPOLY', 'UC_NONE', 'TPC_NONE', 'SPC_NONE', 'SBX_MPOLY', 'TPC_NONE', 'SPC_NONE', 'UC_NONE', 'SPC_NONE', 'TPC_NONE', 'UC_NONE', 'SBX_MPOLY', 'UC_NONE', 'TPC_NONE', 'UC_NONE', 'UC_NONE', 'UC_NONE', 'TPC_NONE', 'UC_MPOLY', 'SPC_NONE', 'SPC_NONE', 'UC_NONE', 'TPC_NONE', 'UC_NONE', 'UC_NONE', 'SPC_NONE', 'UC_NONE', 'UC_NONE', 'TPC_NONE', 'UC_NONE', 'TPC_NONE', 'UC_MPOLY', 'SPC_NONE', 'UC_NONE', 'UC_NONE', 'SPC_NONE', 'TPC_NONE', 'SPC_MNUF', 'TPC_NONE', 'UC_NONE', 'UC_NONE', 'TPC_NONE', 'UC_NONE', 'UC_NONE', 'SPC_NONE', 'TPC_NONE', 'SPC_NONE', 'TPC_NONE', 'TPC_NONE', 'TPC_NONE', 'UC_NONE', 'UC_NONE', 'TPC_NONE', 'TPC_NONE', 'SPC_NONE', 'UC_NONE', 'SBX_NONE', 'SPC_NONE', 'TPC_NONE', 'TPC_NONE', 'SPC_NONE', 'TPC_NONE', 'SPC_NONE', 'UC_NONE', 'SPC_NONE', 'TPC_NONE', 'TPC_NONE', 'SPC_NONE', 'TPC_NONE', 'UC_NONE', 'UC_NONE', 'UC_NONE', 'UC_NONE', 'TPC_NONE', 'SPC_NONE', 'SPC_MNUF', 'SPC_NONE', 'UC_NONE', 'UC_NONE', 'UC_NONE', 'SPC_MNUF', 'TPC_NONE', 'SPC_NONE', 'TPC_NONE']","{'SBX_MPOLY': 4, 'TPC_NONE': 32, 'SPC_NONE': 24, 'UC_NONE': 31, 'NONE_MPOLY': 2, 'TPC_MPOLY': 1, 'UC_MPOLY': 2, 'SPC_MNUF': 3, 'SBX_NONE': 1}"
27,1,UC,MNUF,0.6555911091197885,0.0266053300921148,1569190467.84,1112111626.6152363,2972626.08,1462827.188780135,0.6935979225194127,0.0,0.12,0.115,GREEDY_HV,"['SPC_MBFLIP', 'UC_MNUF']",{'UC_MNUF': 1}
27,2,SPC,NONE,0.6600242646424118,0.0288819485137093,1069847066.88,721254306.338686,2689715.36,1555938.868700512,0.7035983041326535,0.0100003816132407,0.15,0.0,GREEDY_HV,"['SPC_MBFLIP', 'UC_MNUF', 'SPC_NONE']","{'UC_MNUF': 1, 'SPC_NONE': 1}"
27,3,UC,MNUF,0.663526925634673,0.0263397862904682,976998996.48,669857477.3509057,2752668.32,1689334.5410683511,0.7111572679465377,0.0075589638138842,0.07,0.015,GREEDY_HV,"['SPC_MBFLIP', 'UC_MNUF', 'SPC_NONE', 'UC_MNUF']","{'UC_MNUF': 2, 'SPC_NONE': 1}"
27,4,UC,NONE,0.6649588840102725,0.0255958757632189,731820259.84,492473828.8104122,2259737.76,1251168.6142263412,0.7175411247682117,0.006383856821674,0.09,0.0,GREEDY_HV,"['SPC_MBFLIP', 'UC_MNUF', 'SPC_NONE', 'UC_MNUF', 'UC_NONE']","{'UC_MNUF': 2, 'SPC_NONE': 1, 'UC_NONE': 1}"
27,5,SPC,NONE,0.6684576237113528,0.0313467895296615,640606947.84,478047941.0216326,2284987.04,1532891.9600711977,0.723530361202849,0.0059892364346372,0.15,0.0,GREEDY_HV,"['SPC_MBFLIP', 'UC_MNUF', 'SPC_NONE', 'UC_MNUF', 'UC_NONE', 'SPC_NONE']","{'UC_MNUF': 2, 'SPC_NONE': 2, 'UC_NONE': 1}"
27,6,TPC,MNUF,0.6727356569122577,0.0257450471267617,666599971.84,508761554.1813525,2431945.12,1519675.6709896307,0.7254610646378578,0.0019307034350087,0.12,0.005,GREEDY_HV,"['SPC_MBFLIP', 'UC_MNUF', 'SPC_NONE', 'UC_MNUF', 'UC_NONE', 'SPC_NONE', 'TPC_MNUF']","{'UC_MNUF': 2, 'SPC_NONE': 2, 'UC_NONE': 1, 'TPC_MNUF': 1}"
27,7,SPC,NONE,0.685335103239969,0.0271356306215516,760570252.8,470329274.63084406,3010846.88,1889643.9712640117,0.7261332052449139,0.0006721406070561,0.05,0.0,GREEDY_HV,"['SPC_MBFLIP', 'UC_MNUF', 'SPC_NONE', 'UC_MNUF', 'UC_NONE', 'SPC_NONE', 'TPC_MNUF', 'SPC_NONE']","{'UC_MNUF': 2, 'SPC_NONE': 3, 'UC_NONE': 1, 'TPC_MNUF': 1}"
27,8,TPC,NONE,0.6894116887814451,0.0232590039500384,662865669.12,409466898.76035273,3125794.72,2064827.124226558,0.7305067356230978,0.0043735303781838,0.1,0.0,GREEDY_HV,"['SPC_MBFLIP', 'UC_MNUF', 'SPC_NONE', 'UC_MNUF', 'UC_NONE', 'SPC_NONE', 'TPC_MNUF', 'SPC_NONE', 'TPC_NONE']","{'UC_MNUF': 2, 'SPC_NONE': 3, 'UC_NONE': 1, 'TPC_MNUF': 1, 'TPC_NONE': 1}"
27,9,UC,MPOLY,0.6871762076690886,0.023673155877836,627602265.6,441122778.9224846,2921648.8,2130641.2991349623,0.7318115763006583,0.0013048406775605,0.04,0.025,GREEDY_HV,"['SPC_MBFLIP', 'UC_MNUF', 'SPC_NONE', 'UC_MNUF', 'UC_NONE', 'SPC_NONE', 'TPC_MNUF', 'SPC_NONE', 'TPC_NONE', 'UC_MPOLY']","{'UC_MNUF': 2, 'SPC_NONE': 3, 'UC_NONE': 1, 'TPC_MNUF': 1, 'TPC_NONE': 1, 'UC_MPOLY': 1}"
27,10,NONE,MNUF,0.6864028823983352,0.0247644630390969,630667976.96,446714061.2243666,2884646.56,2099594.931511773,0.7326084589845805,0.0007968826839221,0.0,0.0,GREEDY_HV,"['SPC_MBFLIP', 'UC_MNUF', 'SPC_NONE', 'UC_MNUF', 'UC_NONE', 'SPC_NONE', 'TPC_MNUF', 'SPC_NONE', 'TPC_NONE', 'UC_MPOLY', 'NONE_MNUF']","{'UC_MNUF': 2, 'SPC_NONE': 3, 'UC_NONE': 1, 'TPC_MNUF': 1, 'TPC_NONE': 1, 'UC_MPOLY': 1, 'NONE_MNUF': 1}"
27,11,SBX,MPOLY,0.6846879175776459,0.0278820362362187,584926502.4,382205118.5536184,2766000.8,2101783.805565548,0.7334126327722005,0.0008041737876199,0.0,0.055,GREEDY_HV,"['SPC_MBFLIP', 'UC_MNUF', 'SPC_NONE', 'UC_MNUF', 'UC_NONE', 'SPC_NONE', 'TPC_MNUF', 'SPC_NONE', 'TPC_NONE', 'UC_MPOLY', 'NONE_MNUF', 'SBX_MPOLY']","{'UC_MNUF': 2, 'SPC_NONE': 3, 'UC_NONE': 1, 'TPC_MNUF': 1, 'TPC_NONE': 1, 'UC_MPOLY': 1, 'NONE_MNUF': 1, 'SBX_MPOLY': 1}"
27,12,UC,NONE,0.6820982136891669,0.032097590843095,543822686.72,371744995.7177065,2485092.0,2000392.1763641448,0.7340143670897619,0.0006017343175613,0.01,0.0,GREEDY_HV,"['SPC_MBFLIP', 'UC_MNUF', 'SPC_NONE', 'UC_MNUF', 'UC_NONE', 'SPC_NONE', 'TPC_MNUF', 'SPC_NONE', 'TPC_NONE', 'UC_MPOLY', 'NONE_MNUF', 'SBX_MPOLY', 'UC_NONE']","{'UC_MNUF': 2, 'SPC_NONE': 3, 'UC_NONE': 2, 'TPC_MNUF': 1, 'TPC_NONE': 1, 'UC_MPOLY': 1, 'NONE_MNUF': 1, 'SBX_MPOLY': 1}"
27,13,TPC,NONE,0.6832555228149743,0.0338385591451167,570883750.4,409435717.7075256,2543951.52,2117210.904222612,0.7355908718705758,0.0015765047808139,0.01,0.0,GREEDY_HV,"['SPC_MBFLIP', 'UC_MNUF', 'SPC_NONE', 'UC_MNUF', 'UC_NONE', 'SPC_NONE', 'TPC_MNUF', 'SPC_NONE', 'TPC_NONE', 'UC_MPOLY', 'NONE_MNUF', 'SBX_MPOLY', 'UC_NONE', 'TPC_NONE']","{'UC_MNUF': 2, 'SPC_NONE': 3, 'UC_NONE': 2, 'TPC_MNUF': 1, 'TPC_NONE': 2, 'UC_MPOLY': 1, 'NONE_MNUF': 1, 'SBX_MPOLY': 1}"
27,14,SPC,NONE,0.6858826711084872,0.0335026323918078,629584901.12,471898646.5021659,2861957.28,2238485.5022659856,0.7357054315735667,0.0001145597029909,0.03,0.0,GREEDY_HV,"['SPC_MBFLIP', 'UC_MNUF', 'SPC_NONE', 'UC_MNUF', 'UC_NONE', 'SPC_NONE', 'TPC_MNUF', 'SPC_NONE', 'TPC_NONE', 'UC_MPOLY', 'NONE_MNUF', 'SBX_MPOLY', 'UC_NONE', 'TPC_NONE', 'SPC_NONE']","{'UC_MNUF': 2, 'SPC_NONE': 4, 'UC_NONE': 2, 'TPC_MNUF': 1, 'TPC_NONE': 2, 'UC_MPOLY': 1, 'NONE_MNUF': 1, 'SBX_MPOLY': 1}"
27,15,TPC,NONE,0.6859549257811348,0.0357428343992759,661560462.08,465455252.0388649,2949299.36,2263989.0451114974,0.7358630515766169,0.0001576200030501,0.02,0.0,GREEDY_HV,"['SPC_MBFLIP', 'UC_MNUF', 'SPC_NONE', 'UC_MNUF', 'UC_NONE', 'SPC_NONE', 'TPC_MNUF', 'SPC_NONE', 'TPC_NONE', 'UC_MPOLY', 'NONE_MNUF', 'SBX_MPOLY', 'UC_NONE', 'TPC_NONE', 'SPC_NONE', 'TPC_NONE']","{'UC_MNUF': 2, 'SPC_NONE': 4, 'UC_NONE': 2, 'TPC_MNUF': 1, 'TPC_NONE': 3, 'UC_MPOLY': 1, 'NONE_MNUF': 1, 'SBX_MPOLY': 1}"
27,16,SPC,MPOLY,0.685741615737206,0.0356227165019484,653021223.68,476962557.0385549,2953566.88,2289170.129092696,0.7366560717579969,0.0007930201813799,0.01,0.03,GREEDY_HV,"['SPC_MBFLIP', 'UC_MNUF', 'SPC_NONE', 'UC_MNUF', 'UC_NONE', 'SPC_NONE', 'TPC_MNUF', 'SPC_NONE', 'TPC_NONE', 'UC_MPOLY', 'NONE_MNUF', 'SBX_MPOLY', 'UC_NONE', 'TPC_NONE', 'SPC_NONE', 'TPC_NONE', 'SPC_MPOLY']","{'UC_MNUF': 2, 'SPC_NONE': 4, 'UC_NONE': 2, 'TPC_MNUF': 1, 'TPC_NONE': 3, 'UC_MPOLY': 1, 'NONE_MNUF': 1, 'SBX_MPOLY': 1, 'SPC_MPOLY': 1}"
27,17,SPC,NONE,0.6839929382592319,0.0371410476981033,660064652.8,503154683.49502,2891966.88,2372127.8111086064,0.736961647365287,0.0003055756072901,0.01,0.0,GREEDY_HV,"['SPC_MBFLIP', 'UC_MNUF', 'SPC_NONE', 'UC_MNUF', 'UC_NONE', 'SPC_NONE', 'TPC_MNUF', 'SPC_NONE', 'TPC_NONE', 'UC_MPOLY', 'NONE_MNUF', 'SBX_MPOLY', 'UC_NONE', 'TPC_NONE', 'SPC_NONE', 'TPC_NONE', 'SPC_MPOLY', 'SPC_NONE']","{'UC_MNUF': 2, 'SPC_NONE': 5, 'UC_NONE': 2, 'TPC_MNUF': 1, 'TPC_NONE': 3, 'UC_MPOLY': 1, 'NONE_MNUF': 1, 'SBX_MPOLY': 1, 'SPC_MPOLY': 1}"
27,18,TPC,NONE,0.6843417235989804,0.0374190816219561,670196869.12,514153028.3454065,2846628.0,2314625.881810881,0.7370511404202829,8.949305499583726e-05,0.02,0.0,GREEDY_HV,"['SPC_MBFLIP', 'UC_MNUF', 'SPC_NONE', 'UC_MNUF', 'UC_NONE', 'SPC_NONE', 'TPC_MNUF', 'SPC_NONE', 'TPC_NONE', 'UC_MPOLY', 'NONE_MNUF', 'SBX_MPOLY', 'UC_NONE', 'TPC_NONE', 'SPC_NONE', 'TPC_NONE', 'SPC_MPOLY', 'SPC_NONE', 'TPC_NONE']","{'UC_MNUF': 2, 'SPC_NONE': 5, 'UC_NONE': 2, 'TPC_MNUF': 1, 'TPC_NONE': 4, 'UC_MPOLY': 1, 'NONE_MNUF': 1, 'SBX_MPOLY': 1, 'SPC_MPOLY': 1}"
27,19,UC,NONE,0.6841765719223727,0.0378705146092588,677281943.04,524740912.6628411,2929751.2,2423163.3808798613,0.7371827878507446,0.0001316474304617,0.04,0.0,GREEDY_HV,"['SPC_MBFLIP', 'UC_MNUF', 'SPC_NONE', 'UC_MNUF', 'UC_NONE', 'SPC_NONE', 'TPC_MNUF', 'SPC_NONE', 'TPC_NONE', 'UC_MPOLY', 'NONE_MNUF', 'SBX_MPOLY', 'UC_NONE', 'TPC_NONE', 'SPC_NONE', 'TPC_NONE', 'SPC_MPOLY', 'SPC_NONE', 'TPC_NONE', 'UC_NONE']","{'UC_MNUF': 2, 'SPC_NONE': 5, 'UC_NONE': 3, 'TPC_MNUF': 1, 'TPC_NONE': 4, 'UC_MPOLY': 1, 'NONE_MNUF': 1, 'SBX_MPOLY': 1, 'SPC_MPOLY': 1}"
27,20,UC,NONE,0.684773075220113,0.0381807965166123,666582218.24,487842734.28783286,2996542.88,2415817.954918298,0.7374174510687164,0.0002346632179717,0.0,0.0,GREEDY_HV,"['SPC_MBFLIP', 'UC_MNUF', 'SPC_NONE', 'UC_MNUF', 'UC_NONE', 'SPC_NONE', 'TPC_MNUF', 'SPC_NONE', 'TPC_NONE', 'UC_MPOLY', 'NONE_MNUF', 'SBX_MPOLY', 'UC_NONE', 'TPC_NONE', 'SPC_NONE', 'TPC_NONE', 'SPC_MPOLY', 'SPC_NONE', 'TPC_NONE', 'UC_NONE', 'UC_NONE']","{'UC_MNUF': 2, 'SPC_NONE': 5, 'UC_NONE': 4, 'TPC_MNUF': 1, 'TPC_NONE': 4, 'UC_MPOLY': 1, 'NONE_MNUF': 1, 'SBX_MPOLY': 1, 'SPC_MPOLY': 1}"
27,21,UC,NONE,0.6845729680523738,0.0383866027365543,673955074.56,515242236.31596494,2963888.8,2402222.3851438886,0.7375568167473128,0.0001393656785964,0.0,0.0,GREEDY_HV,"['SPC_MBFLIP', 'UC_MNUF', 'SPC_NONE', 'UC_MNUF', 'UC_NONE', 'SPC_NONE', 'TPC_MNUF', 'SPC_NONE', 'TPC_NONE', 'UC_MPOLY', 'NONE_MNUF', 'SBX_MPOLY', 'UC_NONE', 'TPC_NONE', 'SPC_NONE', 'TPC_NONE', 'SPC_MPOLY', 'SPC_NONE', 'TPC_NONE', 'UC_NONE', 'UC_NONE', 'UC_NONE']","{'UC_MNUF': 2, 'SPC_NONE': 5, 'UC_NONE': 5, 'TPC_MNUF': 1, 'TPC_NONE': 4, 'UC_MPOLY': 1, 'NONE_MNUF': 1, 'SBX_MPOLY': 1, 'SPC_MPOLY': 1}"
27,22,SBX,NONE,0.6824039185569165,0.0385314467245648,679971980.8,765618193.6741644,2867070.88,2495284.8448645263,0.7387168503697148,0.001160033622402,0.01,0.0,GREEDY_HV,"['SPC_MBFLIP', 'UC_MNUF', 'SPC_NONE', 'UC_MNUF', 'UC_NONE', 'SPC_NONE', 'TPC_MNUF', 'SPC_NONE', 'TPC_NONE', 'UC_MPOLY', 'NONE_MNUF', 'SBX_MPOLY', 'UC_NONE', 'TPC_NONE', 'SPC_NONE', 'TPC_NONE', 'SPC_MPOLY', 'SPC_NONE', 'TPC_NONE', 'UC_NONE', 'UC_NONE', 'UC_NONE', 'SBX_NONE']","{'UC_MNUF': 2, 'SPC_NONE': 5, 'UC_NONE': 5, 'TPC_MNUF': 1, 'TPC_NONE': 4, 'UC_MPOLY': 1, 'NONE_MNUF': 1, 'SBX_MPOLY': 1, 'SPC_MPOLY': 1, 'SBX_NONE': 1}"
27,23,UC,NONE,0.682966729075996,0.0388793461081658,763690851.84,963016818.9878628,2968819.36,2616975.8502762057,0.7387744025822582,5.755221254344356e-05,0.0,0.0,GREEDY_HV,"['SPC_MBFLIP', 'UC_MNUF', 'SPC_NONE', 'UC_MNUF', 'UC_NONE', 'SPC_NONE', 'TPC_MNUF', 'SPC_NONE', 'TPC_NONE', 'UC_MPOLY', 'NONE_MNUF', 'SBX_MPOLY', 'UC_NONE', 'TPC_NONE', 'SPC_NONE', 'TPC_NONE', 'SPC_MPOLY', 'SPC_NONE', 'TPC_NONE', 'UC_NONE', 'UC_NONE', 'UC_NONE', 'SBX_NONE', 'UC_NONE']","{'UC_MNUF': 2, 'SPC_NONE': 5, 'UC_NONE': 6, 'TPC_MNUF': 1, 'TPC_NONE': 4, 'UC_MPOLY': 1, 'NONE_MNUF': 1, 'SBX_MPOLY': 1, 'SPC_MPOLY': 1, 'SBX_NONE': 1}"
27,24,UC,NONE,0.6834780084744417,0.0387952002196077,701352419.84,739020118.1105013,2901173.92,2434102.328650394,0.7393133413761097,0.0005389387938514,0.01,0.0,GREEDY_HV,"['SPC_MBFLIP', 'UC_MNUF', 'SPC_NONE', 'UC_MNUF', 'UC_NONE', 'SPC_NONE', 'TPC_MNUF', 'SPC_NONE', 'TPC_NONE', 'UC_MPOLY', 'NONE_MNUF', 'SBX_MPOLY', 'UC_NONE', 'TPC_NONE', 'SPC_NONE', 'TPC_NONE', 'SPC_MPOLY', 'SPC_NONE', 'TPC_NONE', 'UC_NONE', 'UC_NONE', 'UC_NONE', 'SBX_NONE', 'UC_NONE', 'UC_NONE']","{'UC_MNUF': 2, 'SPC_NONE': 5, 'UC_NONE': 7, 'TPC_MNUF': 1, 'TPC_NONE': 4, 'UC_MPOLY': 1, 'NONE_MNUF': 1, 'SBX_MPOLY': 1, 'SPC_MPOLY': 1, 'SBX_NONE': 1}"
27,25,TPC,NONE,0.6818653010856415,0.038974312520345,722522472.96,913550189.958232,2860979.36,2594860.298676642,0.7396089063377309,0.0002955649616211,0.02,0.0,GREEDY_HV,"['SPC_MBFLIP', 'UC_MNUF', 'SPC_NONE', 'UC_MNUF', 'UC_NONE', 'SPC_NONE', 'TPC_MNUF', 'SPC_NONE', 'TPC_NONE', 'UC_MPOLY', 'NONE_MNUF', 'SBX_MPOLY', 'UC_NONE', 'TPC_NONE', 'SPC_NONE', 'TPC_NONE', 'SPC_MPOLY', 'SPC_NONE', 'TPC_NONE', 'UC_NONE', 'UC_NONE', 'UC_NONE', 'SBX_NONE', 'UC_NONE', 'UC_NONE', 'TPC_NONE']","{'UC_MNUF': 2, 'SPC_NONE': 5, 'UC_NONE': 7, 'TPC_MNUF': 1, 'TPC_NONE': 5, 'UC_MPOLY': 1, 'NONE_MNUF': 1, 'SBX_MPOLY': 1, 'SPC_MPOLY': 1, 'SBX_NONE': 1}"
27,26,TPC,NONE,0.6833391978634669,0.0392301660868571,774443630.08,925362482.1627508,3048362.4,2690739.3563283086,0.7395807081431329,-2.8198194597983672e-05,0.0,0.0,GREEDY_HV,"['SPC_MBFLIP', 'UC_MNUF', 'SPC_NONE', 'UC_MNUF', 'UC_NONE', 'SPC_NONE', 'TPC_MNUF', 'SPC_NONE', 'TPC_NONE', 'UC_MPOLY', 'NONE_MNUF', 'SBX_MPOLY', 'UC_NONE', 'TPC_NONE', 'SPC_NONE', 'TPC_NONE', 'SPC_MPOLY', 'SPC_NONE', 'TPC_NONE', 'UC_NONE', 'UC_NONE', 'UC_NONE', 'SBX_NONE', 'UC_NONE', 'UC_NONE', 'TPC_NONE', 'TPC_NONE']","{'UC_MNUF': 2, 'SPC_NONE': 5, 'UC_NONE': 7, 'TPC_MNUF': 1, 'TPC_NONE': 6, 'UC_MPOLY': 1, 'NONE_MNUF': 1, 'SBX_MPOLY': 1, 'SPC_MPOLY': 1, 'SBX_NONE': 1}"
27,27,UC,NONE,0.6826330159921773,0.0399160471714408,813473039.36,1062108948.4290124,3053367.2,2730589.237898078,0.7397035228861141,0.0001228147429811,0.0,0.0,GREEDY_HV,"['SPC_MBFLIP', 'UC_MNUF', 'SPC_NONE', 'UC_MNUF', 'UC_NONE', 'SPC_NONE', 'TPC_MNUF', 'SPC_NONE', 'TPC_NONE', 'UC_MPOLY', 'NONE_MNUF', 'SBX_MPOLY', 'UC_NONE', 'TPC_NONE', 'SPC_NONE', 'TPC_NONE', 'SPC_MPOLY', 'SPC_NONE', 'TPC_NONE', 'UC_NONE', 'UC_NONE', 'UC_NONE', 'SBX_NONE', 'UC_NONE', 'UC_NONE', 'TPC_NONE', 'TPC_NONE', 'UC_NONE']","{'UC_MNUF': 2, 'SPC_NONE': 5, 'UC_NONE': 8, 'TPC_MNUF': 1, 'TPC_NONE': 6, 'UC_MPOLY': 1, 'NONE_MNUF': 1, 'SBX_MPOLY': 1, 'SPC_MPOLY': 1, 'SBX_NONE': 1}"
27,28,TPC,NONE,0.6829027011141886,0.0404687186442812,908059937.28,1246450917.0527546,3132148.64,2767139.664073917,0.7398009566116804,9.743372556636488e-05,0.0,0.0,GREEDY_HV,"['SPC_MBFLIP', 'UC_MNUF', 'SPC_NONE', 'UC_MNUF', 'UC_NONE', 'SPC_NONE', 'TPC_MNUF', 'SPC_NONE', 'TPC_NONE', 'UC_MPOLY', 'NONE_MNUF', 'SBX_MPOLY', 'UC_NONE', 'TPC_NONE', 'SPC_NONE', 'TPC_NONE', 'SPC_MPOLY', 'SPC_NONE', 'TPC_NONE', 'UC_NONE', 'UC_NONE', 'UC_NONE', 'SBX_NONE', 'UC_NONE', 'UC_NONE', 'TPC_NONE', 'TPC_NONE', 'UC_NONE', 'TPC_NONE']","{'UC_MNUF': 2, 'SPC_NONE': 5, 'UC_NONE': 8, 'TPC_MNUF': 1, 'TPC_NONE': 7, 'UC_MPOLY': 1, 'NONE_MNUF': 1, 'SBX_MPOLY': 1, 'SPC_MPOLY': 1, 'SBX_NONE': 1}"
27,29,TPC,NONE,0.6834874162940394,0.0408550211275464,1070738624.0,1463196136.0286422,3311351.2,2945565.5702531007,0.7398124193969018,1.1462785221350025e-05,0.0,0.0,GREEDY_HV,"['SPC_MBFLIP', 'UC_MNUF', 'SPC_NONE', 'UC_MNUF', 'UC_NONE', 'SPC_NONE', 'TPC_MNUF', 'SPC_NONE', 'TPC_NONE', 'UC_MPOLY', 'NONE_MNUF', 'SBX_MPOLY', 'UC_NONE', 'TPC_NONE', 'SPC_NONE', 'TPC_NONE', 'SPC_MPOLY', 'SPC_NONE', 'TPC_NONE', 'UC_NONE', 'UC_NONE', 'UC_NONE', 'SBX_NONE', 'UC_NONE', 'UC_NONE', 'TPC_NONE', 'TPC_NONE', 'UC_NONE', 'TPC_NONE', 'TPC_NONE']","{'UC_MNUF': 2, 'SPC_NONE': 5, 'UC_NONE': 8, 'TPC_MNUF': 1, 'TPC_NONE': 8, 'UC_MPOLY': 1, 'NONE_MNUF': 1, 'SBX_MPOLY': 1, 'SPC_MPOLY': 1, 'SBX_NONE': 1}"
27,30,UC,MPOLY,0.681229230054257,0.0423583442319063,1016826481.92,1461698654.7243023,3124755.36,2887822.362995992,0.7399892890046466,0.0001768696077447,0.0,0.0,GREEDY_HV,"['SPC_MBFLIP', 'UC_MNUF', 'SPC_NONE', 'UC_MNUF', 'UC_NONE', 'SPC_NONE', 'TPC_MNUF', 'SPC_NONE', 'TPC_NONE', 'UC_MPOLY', 'NONE_MNUF', 'SBX_MPOLY', 'UC_NONE', 'TPC_NONE', 'SPC_NONE', 'TPC_NONE', 'SPC_MPOLY', 'SPC_NONE', 'TPC_NONE', 'UC_NONE', 'UC_NONE', 'UC_NONE', 'SBX_NONE', 'UC_NONE', 'UC_NONE', 'TPC_NONE', 'TPC_NONE', 'UC_NONE', 'TPC_NONE', 'TPC_NONE', 'UC_MPOLY']","{'UC_MNUF': 2, 'SPC_NONE': 5, 'UC_NONE': 8, 'TPC_MNUF': 1, 'TPC_NONE': 8, 'UC_MPOLY': 2, 'NONE_MNUF': 1, 'SBX_MPOLY': 1, 'SPC_MPOLY': 1, 'SBX_NONE': 1}"
27,31,UC,NONE,0.6834526767726326,0.0406101133311546,1116907947.52,1621485624.2230282,3290931.36,2992054.038197718,0.7404644985192737,0.000475209514627,0.0,0.0,GREEDY_HV,"['SPC_MBFLIP', 'UC_MNUF', 'SPC_NONE', 'UC_MNUF', 'UC_NONE', 'SPC_NONE', 'TPC_MNUF', 'SPC_NONE', 'TPC_NONE', 'UC_MPOLY', 'NONE_MNUF', 'SBX_MPOLY', 'UC_NONE', 'TPC_NONE', 'SPC_NONE', 'TPC_NONE', 'SPC_MPOLY', 'SPC_NONE', 'TPC_NONE', 'UC_NONE', 'UC_NONE', 'UC_NONE', 'SBX_NONE', 'UC_NONE', 'UC_NONE', 'TPC_NONE', 'TPC_NONE', 'UC_NONE', 'TPC_NONE', 'TPC_NONE', 'UC_MPOLY', 'UC_NONE']","{'UC_MNUF': 2, 'SPC_NONE': 5, 'UC_NONE': 9, 'TPC_MNUF': 1, 'TPC_NONE': 8, 'UC_MPOLY': 2, 'NONE_MNUF': 1, 'SBX_MPOLY': 1, 'SPC_MPOLY': 1, 'SBX_NONE': 1}"
27,32,UC,NONE,0.6828672329889872,0.041097787046522,1178950320.64,1712256560.6769242,3310561.44,3150929.767959752,0.7404910374783404,2.6538959066790824e-05,0.02,0.0,GREEDY_HV,"['SPC_MBFLIP', 'UC_MNUF', 'SPC_NONE', 'UC_MNUF', 'UC_NONE', 'SPC_NONE', 'TPC_MNUF', 'SPC_NONE', 'TPC_NONE', 'UC_MPOLY', 'NONE_MNUF', 'SBX_MPOLY', 'UC_NONE', 'TPC_NONE', 'SPC_NONE', 'TPC_NONE', 'SPC_MPOLY', 'SPC_NONE', 'TPC_NONE', 'UC_NONE', 'UC_NONE', 'UC_NONE', 'SBX_NONE', 'UC_NONE', 'UC_NONE', 'TPC_NONE', 'TPC_NONE', 'UC_NONE', 'TPC_NONE', 'TPC_NONE', 'UC_MPOLY', 'UC_NONE', 'UC_NONE']","{'UC_MNUF': 2, 'SPC_NONE': 5, 'UC_NONE': 10, 'TPC_MNUF': 1, 'TPC_NONE': 8, 'UC_MPOLY': 2, 'NONE_MNUF': 1, 'SBX_MPOLY': 1, 'SPC_MPOLY': 1, 'SBX_NONE': 1}"
27,33,SPC,NONE,0.6833736095381806,0.0414447244627196,1323476994.56,1915625644.2122307,3531475.36,3227599.4191092667,0.7405162946156829,2.525713734247148e-05,0.01,0.0,GREEDY_HV,"['SPC_MBFLIP', 'UC_MNUF', 'SPC_NONE', 'UC_MNUF', 'UC_NONE', 'SPC_NONE', 'TPC_MNUF', 'SPC_NONE', 'TPC_NONE', 'UC_MPOLY', 'NONE_MNUF', 'SBX_MPOLY', 'UC_NONE', 'TPC_NONE', 'SPC_NONE', 'TPC_NONE', 'SPC_MPOLY', 'SPC_NONE', 'TPC_NONE', 'UC_NONE', 'UC_NONE', 'UC_NONE', 'SBX_NONE', 'UC_NONE', 'UC_NONE', 'TPC_NONE', 'TPC_NONE', 'UC_NONE', 'TPC_NONE', 'TPC_NONE', 'UC_MPOLY', 'UC_NONE', 'UC_NONE', 'SPC_NONE']","{'UC_MNUF': 2, 'SPC_NONE': 6, 'UC_NONE': 10, 'TPC_MNUF': 1, 'TPC_NONE': 8, 'UC_MPOLY': 2, 'NONE_MNUF': 1, 'SBX_MPOLY': 1, 'SPC_MPOLY': 1, 'SBX_NONE': 1}"
27,34,UC,NONE,0.6837218491449687,0.0412898150789609,1439589537.28,2043182846.703548,3552961.44,3344046.7974453485,0.7404974300051288,-1.886461055411459e-05,0.0,0.0,GREEDY_HV,"['SPC_MBFLIP', 'UC_MNUF', 'SPC_NONE', 'UC_MNUF', 'UC_NONE', 'SPC_NONE', 'TPC_MNUF', 'SPC_NONE', 'TPC_NONE', 'UC_MPOLY', 'NONE_MNUF', 'SBX_MPOLY', 'UC_NONE', 'TPC_NONE', 'SPC_NONE', 'TPC_NONE', 'SPC_MPOLY', 'SPC_NONE', 'TPC_NONE', 'UC_NONE', 'UC_NONE', 'UC_NONE', 'SBX_NONE', 'UC_NONE', 'UC_NONE', 'TPC_NONE', 'TPC_NONE', 'UC_NONE', 'TPC_NONE', 'TPC_NONE', 'UC_MPOLY', 'UC_NONE', 'UC_NONE', 'SPC_NONE', 'UC_NONE']","{'UC_MNUF': 2, 'SPC_NONE': 6, 'UC_NONE': 11, 'TPC_MNUF': 1, 'TPC_NONE': 8, 'UC_MPOLY': 2, 'NONE_MNUF': 1, 'SBX_MPOLY': 1, 'SPC_MPOLY': 1, 'SBX_NONE': 1}"
27,35,TPC,NONE,0.6840777844036364,0.0412302184463835,1414031024.64,2048571513.977763,3648315.04,3326127.871329406,0.7405126739465214,1.5243941392628637e-05,0.01,0.0,GREEDY_HV,"['SPC_MBFLIP', 'UC_MNUF', 'SPC_NONE', 'UC_MNUF', 'UC_NONE', 'SPC_NONE', 'TPC_MNUF', 'SPC_NONE', 'TPC_NONE', 'UC_MPOLY', 'NONE_MNUF', 'SBX_MPOLY', 'UC_NONE', 'TPC_NONE', 'SPC_NONE', 'TPC_NONE', 'SPC_MPOLY', 'SPC_NONE', 'TPC_NONE', 'UC_NONE', 'UC_NONE', 'UC_NONE', 'SBX_NONE', 'UC_NONE', 'UC_NONE', 'TPC_NONE', 'TPC_NONE', 'UC_NONE', 'TPC_NONE', 'TPC_NONE', 'UC_MPOLY', 'UC_NONE', 'UC_NONE', 'SPC_NONE', 'UC_NONE', 'TPC_NONE']","{'UC_MNUF': 2, 'SPC_NONE': 6, 'UC_NONE': 11, 'TPC_MNUF': 1, 'TPC_NONE': 9, 'UC_MPOLY': 2, 'NONE_MNUF': 1, 'SBX_MPOLY': 1, 'SPC_MPOLY': 1, 'SBX_NONE': 1}"
27,36,SPC,NONE,0.685095617806551,0.0413418883236334,1372131473.92,1950349744.4463823,3771890.08,3278569.681274296,0.7405281489431736,1.547499665222052e-05,0.0,0.0,GREEDY_HV,"['SPC_MBFLIP', 'UC_MNUF', 'SPC_NONE', 'UC_MNUF', 'UC_NONE', 'SPC_NONE', 'TPC_MNUF', 'SPC_NONE', 'TPC_NONE', 'UC_MPOLY', 'NONE_MNUF', 'SBX_MPOLY', 'UC_NONE', 'TPC_NONE', 'SPC_NONE', 'TPC_NONE', 'SPC_MPOLY', 'SPC_NONE', 'TPC_NONE', 'UC_NONE', 'UC_NONE', 'UC_NONE', 'SBX_NONE', 'UC_NONE', 'UC_NONE', 'TPC_NONE', 'TPC_NONE', 'UC_NONE', 'TPC_NONE', 'TPC_NONE', 'UC_MPOLY', 'UC_NONE', 'UC_NONE', 'SPC_NONE', 'UC_NONE', 'TPC_NONE', 'SPC_NONE']","{'UC_MNUF': 2, 'SPC_NONE': 7, 'UC_NONE': 11, 'TPC_MNUF': 1, 'TPC_NONE': 9, 'UC_MPOLY': 2, 'NONE_MNUF': 1, 'SBX_MPOLY': 1, 'SPC_MPOLY': 1, 'SBX_NONE': 1}"
27,37,UC,NONE,0.684013036008364,0.0412478421525918,1402948953.6,2008596802.8923707,3707480.48,3297870.10228123,0.7405187743056598,-9.374637513825944e-06,0.01,0.0,GREEDY_HV,"['SPC_MBFLIP', 'UC_MNUF', 'SPC_NONE', 'UC_MNUF', 'UC_NONE', 'SPC_NONE', 'TPC_MNUF', 'SPC_NONE', 'TPC_NONE', 'UC_MPOLY', 'NONE_MNUF', 'SBX_MPOLY', 'UC_NONE', 'TPC_NONE', 'SPC_NONE', 'TPC_NONE', 'SPC_MPOLY', 'SPC_NONE', 'TPC_NONE', 'UC_NONE', 'UC_NONE', 'UC_NONE', 'SBX_NONE', 'UC_NONE', 'UC_NONE', 'TPC_NONE', 'TPC_NONE', 'UC_NONE', 'TPC_NONE', 'TPC_NONE', 'UC_MPOLY', 'UC_NONE', 'UC_NONE', 'SPC_NONE', 'UC_NONE', 'TPC_NONE', 'SPC_NONE', 'UC_NONE']","{'UC_MNUF': 2, 'SPC_NONE': 7, 'UC_NONE': 12, 'TPC_MNUF': 1, 'TPC_NONE': 9, 'UC_MPOLY': 2, 'NONE_MNUF': 1, 'SBX_MPOLY': 1, 'SPC_MPOLY': 1, 'SBX_NONE': 1}"
27,38,TPC,NONE,0.6843037689524061,0.0416680175282614,1428153285.12,1999951067.841026,3658692.0,3307995.2315616417,0.7405059403233659,-1.2833982293902755e-05,0.01,0.0,GREEDY_HV,"['SPC_MBFLIP', 'UC_MNUF', 'SPC_NONE', 'UC_MNUF', 'UC_NONE', 'SPC_NONE', 'TPC_MNUF', 'SPC_NONE', 'TPC_NONE', 'UC_MPOLY', 'NONE_MNUF', 'SBX_MPOLY', 'UC_NONE', 'TPC_NONE', 'SPC_NONE', 'TPC_NONE', 'SPC_MPOLY', 'SPC_NONE', 'TPC_NONE', 'UC_NONE', 'UC_NONE', 'UC_NONE', 'SBX_NONE', 'UC_NONE', 'UC_NONE', 'TPC_NONE', 'TPC_NONE', 'UC_NONE', 'TPC_NONE', 'TPC_NONE', 'UC_MPOLY', 'UC_NONE', 'UC_NONE', 'SPC_NONE', 'UC_NONE', 'TPC_NONE', 'SPC_NONE', 'UC_NONE', 'TPC_NONE']","{'UC_MNUF': 2, 'SPC_NONE': 7, 'UC_NONE': 12, 'TPC_MNUF': 1, 'TPC_NONE': 10, 'UC_MPOLY': 2, 'NONE_MNUF': 1, 'SBX_MPOLY': 1, 'SPC_MPOLY': 1, 'SBX_NONE': 1}"
27,39,TPC,NONE,0.6840940093542262,0.0412910148364603,1470533885.44,2035253988.576612,3557437.6,3328285.6746804146,0.7405329869862276,2.7046662861685e-05,0.0,0.0,GREEDY_HV,"['SPC_MBFLIP', 'UC_MNUF', 'SPC_NONE', 'UC_MNUF', 'UC_NONE', 'SPC_NONE', 'TPC_MNUF', 'SPC_NONE', 'TPC_NONE', 'UC_MPOLY', 'NONE_MNUF', 'SBX_MPOLY', 'UC_NONE', 'TPC_NONE', 'SPC_NONE', 'TPC_NONE', 'SPC_MPOLY', 'SPC_NONE', 'TPC_NONE', 'UC_NONE', 'UC_NONE', 'UC_NONE', 'SBX_NONE', 'UC_NONE', 'UC_NONE', 'TPC_NONE', 'TPC_NONE', 'UC_NONE', 'TPC_NONE', 'TPC_NONE', 'UC_MPOLY', 'UC_NONE', 'UC_NONE', 'SPC_NONE', 'UC_NONE', 'TPC_NONE', 'SPC_NONE', 'UC_NONE', 'TPC_NONE', 'TPC_NONE']","{'UC_MNUF': 2, 'SPC_NONE': 7, 'UC_NONE': 12, 'TPC_MNUF': 1, 'TPC_NONE': 11, 'UC_MPOLY': 2, 'NONE_MNUF': 1, 'SBX_MPOLY': 1, 'SPC_MPOLY': 1, 'SBX_NONE': 1}"
27,40,SPC,NONE,0.6843518745212319,0.0413437801535714,1515240855.04,2087228453.925876,3619687.84,3344792.6592433155,0.7406219594488911,8.897246266348358e-05,0.0,0.0,GREEDY_HV,"['SPC_MBFLIP', 'UC_MNUF', 'SPC_NONE', 'UC_MNUF', 'UC_NONE', 'SPC_NONE', 'TPC_MNUF', 'SPC_NONE', 'TPC_NONE', 'UC_MPOLY', 'NONE_MNUF', 'SBX_MPOLY', 'UC_NONE', 'TPC_NONE', 'SPC_NONE', 'TPC_NONE', 'SPC_MPOLY', 'SPC_NONE', 'TPC_NONE', 'UC_NONE', 'UC_NONE', 'UC_NONE', 'SBX_NONE', 'UC_NONE', 'UC_NONE', 'TPC_NONE', 'TPC_NONE', 'UC_NONE', 'TPC_NONE', 'TPC_NONE', 'UC_MPOLY', 'UC_NONE', 'UC_NONE', 'SPC_NONE', 'UC_NONE', 'TPC_NONE', 'SPC_NONE', 'UC_NONE', 'TPC_NONE', 'TPC_NONE', 'SPC_NONE']","{'UC_MNUF': 2, 'SPC_NONE': 8, 'UC_NONE': 12, 'TPC_MNUF': 1, 'TPC_NONE': 11, 'UC_MPOLY': 2, 'NONE_MNUF': 1, 'SBX_MPOLY': 1, 'SPC_MPOLY': 1, 'SBX_NONE': 1}"
27,41,SPC,NONE,0.685117395801576,0.0413190354799964,1570682800.64,2133320354.2006705,3687479.2,3322365.1085763355,0.7406336008051557,1.1641356264635585e-05,0.0,0.0,GREEDY_HV,"['SPC_MBFLIP', 'UC_MNUF', 'SPC_NONE', 'UC_MNUF', 'UC_NONE', 'SPC_NONE', 'TPC_MNUF', 'SPC_NONE', 'TPC_NONE', 'UC_MPOLY', 'NONE_MNUF', 'SBX_MPOLY', 'UC_NONE', 'TPC_NONE', 'SPC_NONE', 'TPC_NONE', 'SPC_MPOLY', 'SPC_NONE', 'TPC_NONE', 'UC_NONE', 'UC_NONE', 'UC_NONE', 'SBX_NONE', 'UC_NONE', 'UC_NONE', 'TPC_NONE', 'TPC_NONE', 'UC_NONE', 'TPC_NONE', 'TPC_NONE', 'UC_MPOLY', 'UC_NONE', 'UC_NONE', 'SPC_NONE', 'UC_NONE', 'TPC_NONE', 'SPC_NONE', 'UC_NONE', 'TPC_NONE', 'TPC_NONE', 'SPC_NONE', 'SPC_NONE']","{'UC_MNUF': 2, 'SPC_NONE': 9, 'UC_NONE': 12, 'TPC_MNUF': 1, 'TPC_NONE': 11, 'UC_MPOLY': 2, 'NONE_MNUF': 1, 'SBX_MPOLY': 1, 'SPC_MPOLY': 1, 'SBX_NONE': 1}"
27,42,SPC,NONE,0.6848515393446195,0.0418311024848096,1594732014.08,2128042328.644704,3704697.76,3354447.024785018,0.7406044736810863,-2.912712406943907e-05,0.0,0.0,GREEDY_HV,"['SPC_MBFLIP', 'UC_MNUF', 'SPC_NONE', 'UC_MNUF', 'UC_NONE', 'SPC_NONE', 'TPC_MNUF', 'SPC_NONE', 'TPC_NONE', 'UC_MPOLY', 'NONE_MNUF', 'SBX_MPOLY', 'UC_NONE', 'TPC_NONE', 'SPC_NONE', 'TPC_NONE', 'SPC_MPOLY', 'SPC_NONE', 'TPC_NONE', 'UC_NONE', 'UC_NONE', 'UC_NONE', 'SBX_NONE', 'UC_NONE', 'UC_NONE', 'TPC_NONE', 'TPC_NONE', 'UC_NONE', 'TPC_NONE', 'TPC_NONE', 'UC_MPOLY', 'UC_NONE', 'UC_NONE', 'SPC_NONE', 'UC_NONE', 'TPC_NONE', 'SPC_NONE', 'UC_NONE', 'TPC_NONE', 'TPC_NONE', 'SPC_NONE', 'SPC_NONE', 'SPC_NONE']","{'UC_MNUF': 2, 'SPC_NONE': 10, 'UC_NONE': 12, 'TPC_MNUF': 1, 'TPC_NONE': 11, 'UC_MPOLY': 2, 'NONE_MNUF': 1, 'SBX_MPOLY': 1, 'SPC_MPOLY': 1, 'SBX_NONE': 1}"
27,43,TPC,NONE,0.6873128416268531,0.0414234883200354,1676863400.96,2133803882.422879,3792960.16,3305308.8594973,0.740649586462723,4.511278163676913e-05,0.0,0.0,GREEDY_HV,"['SPC_MBFLIP', 'UC_MNUF', 'SPC_NONE', 'UC_MNUF', 'UC_NONE', 'SPC_NONE', 'TPC_MNUF', 'SPC_NONE', 'TPC_NONE', 'UC_MPOLY', 'NONE_MNUF', 'SBX_MPOLY', 'UC_NONE', 'TPC_NONE', 'SPC_NONE', 'TPC_NONE', 'SPC_MPOLY', 'SPC_NONE', 'TPC_NONE', 'UC_NONE', 'UC_NONE', 'UC_NONE', 'SBX_NONE', 'UC_NONE', 'UC_NONE', 'TPC_NONE', 'TPC_NONE', 'UC_NONE', 'TPC_NONE', 'TPC_NONE', 'UC_MPOLY', 'UC_NONE', 'UC_NONE', 'SPC_NONE', 'UC_NONE', 'TPC_NONE', 'SPC_NONE', 'UC_NONE', 'TPC_NONE', 'TPC_NONE', 'SPC_NONE', 'SPC_NONE', 'SPC_NONE', 'TPC_NONE']","{'UC_MNUF': 2, 'SPC_NONE': 10, 'UC_NONE': 12, 'TPC_MNUF': 1, 'TPC_NONE': 12, 'UC_MPOLY': 2, 'NONE_MNUF': 1, 'SBX_MPOLY': 1, 'SPC_MPOLY': 1, 'SBX_NONE': 1}"
27,44,SPC,NONE,0.6857650826520802,0.0420355215968532,1821525414.4,2295814655.326607,3858208.16,3421245.0079423627,0.7407045745712251,5.498810850201874e-05,0.0,0.0,GREEDY_HV,"['SPC_MBFLIP', 'UC_MNUF', 'SPC_NONE', 'UC_MNUF', 'UC_NONE', 'SPC_NONE', 'TPC_MNUF', 'SPC_NONE', 'TPC_NONE', 'UC_MPOLY', 'NONE_MNUF', 'SBX_MPOLY', 'UC_NONE', 'TPC_NONE', 'SPC_NONE', 'TPC_NONE', 'SPC_MPOLY', 'SPC_NONE', 'TPC_NONE', 'UC_NONE', 'UC_NONE', 'UC_NONE', 'SBX_NONE', 'UC_NONE', 'UC_NONE', 'TPC_NONE', 'TPC_NONE', 'UC_NONE', 'TPC_NONE', 'TPC_NONE', 'UC_MPOLY', 'UC_NONE', 'UC_NONE', 'SPC_NONE', 'UC_NONE', 'TPC_NONE', 'SPC_NONE', 'UC_NONE', 'TPC_NONE', 'TPC_NONE', 'SPC_NONE', 'SPC_NONE', 'SPC_NONE', 'TPC_NONE', 'SPC_NONE']","{'UC_MNUF': 2, 'SPC_NONE': 11, 'UC_NONE': 12, 'TPC_MNUF': 1, 'TPC_NONE': 12, 'UC_MPOLY': 2, 'NONE_MNUF': 1, 'SBX_MPOLY': 1, 'SPC_MPOLY': 1, 'SBX_NONE': 1}"
27,45,SPC,NONE,0.6886172410486683,0.0410534721853724,1950516288.0,2371644968.6177077,4115370.4,3422676.652500379,0.7407258997881403,2.1325216915224487e-05,0.0,0.0,GREEDY_HV,"['SPC_MBFLIP', 'UC_MNUF', 'SPC_NONE', 'UC_MNUF', 'UC_NONE', 'SPC_NONE', 'TPC_MNUF', 'SPC_NONE', 'TPC_NONE', 'UC_MPOLY', 'NONE_MNUF', 'SBX_MPOLY', 'UC_NONE', 'TPC_NONE', 'SPC_NONE', 'TPC_NONE', 'SPC_MPOLY', 'SPC_NONE', 'TPC_NONE', 'UC_NONE', 'UC_NONE', 'UC_NONE', 'SBX_NONE', 'UC_NONE', 'UC_NONE', 'TPC_NONE', 'TPC_NONE', 'UC_NONE', 'TPC_NONE', 'TPC_NONE', 'UC_MPOLY', 'UC_NONE', 'UC_NONE', 'SPC_NONE', 'UC_NONE', 'TPC_NONE', 'SPC_NONE', 'UC_NONE', 'TPC_NONE', 'TPC_NONE', 'SPC_NONE', 'SPC_NONE', 'SPC_NONE', 'TPC_NONE', 'SPC_NONE', 'SPC_NONE']","{'UC_MNUF': 2, 'SPC_NONE': 12, 'UC_NONE': 12, 'TPC_MNUF': 1, 'TPC_NONE': 12, 'UC_MPOLY': 2, 'NONE_MNUF': 1, 'SBX_MPOLY': 1, 'SPC_MPOLY': 1, 'SBX_NONE': 1}"
27,46,UC,NONE,0.6857092274097505,0.0412491143449228,1725513489.92,2241612892.471076,3694976.16,3332023.1076516355,0.7407844479351513,5.854814701100608e-05,0.0,0.0,GREEDY_HV,"['SPC_MBFLIP', 'UC_MNUF', 'SPC_NONE', 'UC_MNUF', 'UC_NONE', 'SPC_NONE', 'TPC_MNUF', 'SPC_NONE', 'TPC_NONE', 'UC_MPOLY', 'NONE_MNUF', 'SBX_MPOLY', 'UC_NONE', 'TPC_NONE', 'SPC_NONE', 'TPC_NONE', 'SPC_MPOLY', 'SPC_NONE', 'TPC_NONE', 'UC_NONE', 'UC_NONE', 'UC_NONE', 'SBX_NONE', 'UC_NONE', 'UC_NONE', 'TPC_NONE', 'TPC_NONE', 'UC_NONE', 'TPC_NONE', 'TPC_NONE', 'UC_MPOLY', 'UC_NONE', 'UC_NONE', 'SPC_NONE', 'UC_NONE', 'TPC_NONE', 'SPC_NONE', 'UC_NONE', 'TPC_NONE', 'TPC_NONE', 'SPC_NONE', 'SPC_NONE', 'SPC_NONE', 'TPC_NONE', 'SPC_NONE', 'SPC_NONE', 'UC_NONE']","{'UC_MNUF': 2, 'SPC_NONE': 12, 'UC_NONE': 13, 'TPC_MNUF': 1, 'TPC_NONE': 12, 'UC_MPOLY': 2, 'NONE_MNUF': 1, 'SBX_MPOLY': 1, 'SPC_MPOLY': 1, 'SBX_NONE': 1}"
27,47,UC,NONE,0.686980374464872,0.0416262263121922,1828076856.32,2282906263.348316,3932151.2,3362212.2761540925,0.7407394015291016,-4.5046406049742416e-05,0.0,0.0,GREEDY_HV,"['SPC_MBFLIP', 'UC_MNUF', 'SPC_NONE', 'UC_MNUF', 'UC_NONE', 'SPC_NONE', 'TPC_MNUF', 'SPC_NONE', 'TPC_NONE', 'UC_MPOLY', 'NONE_MNUF', 'SBX_MPOLY', 'UC_NONE', 'TPC_NONE', 'SPC_NONE', 'TPC_NONE', 'SPC_MPOLY', 'SPC_NONE', 'TPC_NONE', 'UC_NONE', 'UC_NONE', 'UC_NONE', 'SBX_NONE', 'UC_NONE', 'UC_NONE', 'TPC_NONE', 'TPC_NONE', 'UC_NONE', 'TPC_NONE', 'TPC_NONE', 'UC_MPOLY', 'UC_NONE', 'UC_NONE', 'SPC_NONE', 'UC_NONE', 'TPC_NONE', 'SPC_NONE', 'UC_NONE', 'TPC_NONE', 'TPC_NONE', 'SPC_NONE', 'SPC_NONE', 'SPC_NONE', 'TPC_NONE', 'SPC_NONE', 'SPC_NONE', 'UC_NONE', 'UC_NONE']","{'UC_MNUF': 2, 'SPC_NONE': 12, 'UC_NONE': 14, 'TPC_MNUF': 1, 'TPC_NONE': 12, 'UC_MPOLY': 2, 'NONE_MNUF': 1, 'SBX_MPOLY': 1, 'SPC_MPOLY': 1, 'SBX_NONE': 1}"
27,48,UC,NONE,0.6865571561598358,0.041460515964479,1863008317.44,2304407767.0477347,3791138.72,3392891.071196994,0.7407104602607425,-2.8941268359061745e-05,0.0,0.0,GREEDY_HV,"['SPC_MBFLIP', 'UC_MNUF', 'SPC_NONE', 'UC_MNUF', 'UC_NONE', 'SPC_NONE', 'TPC_MNUF', 'SPC_NONE', 'TPC_NONE', 'UC_MPOLY', 'NONE_MNUF', 'SBX_MPOLY', 'UC_NONE', 'TPC_NONE', 'SPC_NONE', 'TPC_NONE', 'SPC_MPOLY', 'SPC_NONE', 'TPC_NONE', 'UC_NONE', 'UC_NONE', 'UC_NONE', 'SBX_NONE', 'UC_NONE', 'UC_NONE', 'TPC_NONE', 'TPC_NONE', 'UC_NONE', 'TPC_NONE', 'TPC_NONE', 'UC_MPOLY', 'UC_NONE', 'UC_NONE', 'SPC_NONE', 'UC_NONE', 'TPC_NONE', 'SPC_NONE', 'UC_NONE', 'TPC_NONE', 'TPC_NONE', 'SPC_NONE', 'SPC_NONE', 'SPC_NONE', 'TPC_NONE', 'SPC_NONE', 'SPC_NONE', 'UC_NONE', 'UC_NONE', 'UC_NONE']","{'UC_MNUF': 2, 'SPC_NONE': 12, 'UC_NONE': 15, 'TPC_MNUF': 1, 'TPC_NONE': 12, 'UC_MPOLY': 2, 'NONE_MNUF': 1, 'SBX_MPOLY': 1, 'SPC_MPOLY': 1, 'SBX_NONE': 1}"
27,49,SPC,NONE,0.6880081639753055,0.0411308336380905,1846375749.12,2274282983.2920394,3913292.96,3332395.6661749324,0.7406868968903582,-2.3563370384338533e-05,0.0,0.0,GREEDY_HV,"['SPC_MBFLIP', 'UC_MNUF', 'SPC_NONE', 'UC_MNUF', 'UC_NONE', 'SPC_NONE', 'TPC_MNUF', 'SPC_NONE', 'TPC_NONE', 'UC_MPOLY', 'NONE_MNUF', 'SBX_MPOLY', 'UC_NONE', 'TPC_NONE', 'SPC_NONE', 'TPC_NONE', 'SPC_MPOLY', 'SPC_NONE', 'TPC_NONE', 'UC_NONE', 'UC_NONE', 'UC_NONE', 'SBX_NONE', 'UC_NONE', 'UC_NONE', 'TPC_NONE', 'TPC_NONE', 'UC_NONE', 'TPC_NONE', 'TPC_NONE', 'UC_MPOLY', 'UC_NONE', 'UC_NONE', 'SPC_NONE', 'UC_NONE', 'TPC_NONE', 'SPC_NONE', 'UC_NONE', 'TPC_NONE', 'TPC_NONE', 'SPC_NONE', 'SPC_NONE', 'SPC_NONE', 'TPC_NONE', 'SPC_NONE', 'SPC_NONE', 'UC_NONE', 'UC_NONE', 'UC_NONE', 'SPC_NONE']","{'UC_MNUF': 2, 'SPC_NONE': 13, 'UC_NONE': 15, 'TPC_MNUF': 1, 'TPC_NONE': 12, 'UC_MPOLY': 2, 'NONE_MNUF': 1, 'SBX_MPOLY': 1, 'SPC_MPOLY': 1, 'SBX_NONE': 1}"
27,50,UC,NONE,0.6884671066329264,0.0407925097444744,1827860866.56,2240989531.6650395,3925877.92,3356060.13828036,0.7406760468588729,-1.0850031485265532e-05,0.0,0.0,GREEDY_HV,"['SPC_MBFLIP', 'UC_MNUF', 'SPC_NONE', 'UC_MNUF', 'UC_NONE', 'SPC_NONE', 'TPC_MNUF', 'SPC_NONE', 'TPC_NONE', 'UC_MPOLY', 'NONE_MNUF', 'SBX_MPOLY', 'UC_NONE', 'TPC_NONE', 'SPC_NONE', 'TPC_NONE', 'SPC_MPOLY', 'SPC_NONE', 'TPC_NONE', 'UC_NONE', 'UC_NONE', 'UC_NONE', 'SBX_NONE', 'UC_NONE', 'UC_NONE', 'TPC_NONE', 'TPC_NONE', 'UC_NONE', 'TPC_NONE', 'TPC_NONE', 'UC_MPOLY', 'UC_NONE', 'UC_NONE', 'SPC_NONE', 'UC_NONE', 'TPC_NONE', 'SPC_NONE', 'UC_NONE', 'TPC_NONE', 'TPC_NONE', 'SPC_NONE', 'SPC_NONE', 'SPC_NONE', 'TPC_NONE', 'SPC_NONE', 'SPC_NONE', 'UC_NONE', 'UC_NONE', 'UC_NONE', 'SPC_NONE', 'UC_NONE']","{'UC_MNUF': 2, 'SPC_NONE': 13, 'UC_NONE': 16, 'TPC_MNUF': 1, 'TPC_NONE': 12, 'UC_MPOLY': 2, 'NONE_MNUF': 1, 'SBX_MPOLY': 1, 'SPC_MPOLY': 1, 'SBX_NONE': 1}"
27,51,SPC,NONE,0.6879838638129502,0.040044155833764,1807724956.16,2251299412.3051844,3837903.52,3363691.453364,0.7407263089516094,5.026209273650828e-05,0.0,0.0,GREEDY_HV,"['SPC_MBFLIP', 'UC_MNUF', 'SPC_NONE', 'UC_MNUF', 'UC_NONE', 'SPC_NONE', 'TPC_MNUF', 'SPC_NONE', 'TPC_NONE', 'UC_MPOLY', 'NONE_MNUF', 'SBX_MPOLY', 'UC_NONE', 'TPC_NONE', 'SPC_NONE', 'TPC_NONE', 'SPC_MPOLY', 'SPC_NONE', 'TPC_NONE', 'UC_NONE', 'UC_NONE', 'UC_NONE', 'SBX_NONE', 'UC_NONE', 'UC_NONE', 'TPC_NONE', 'TPC_NONE', 'UC_NONE', 'TPC_NONE', 'TPC_NONE', 'UC_MPOLY', 'UC_NONE', 'UC_NONE', 'SPC_NONE', 'UC_NONE', 'TPC_NONE', 'SPC_NONE', 'UC_NONE', 'TPC_NONE', 'TPC_NONE', 'SPC_NONE', 'SPC_NONE', 'SPC_NONE', 'TPC_NONE', 'SPC_NONE', 'SPC_NONE', 'UC_NONE', 'UC_NONE', 'UC_NONE', 'SPC_NONE', 'UC_NONE', 'SPC_NONE']","{'UC_MNUF': 2, 'SPC_NONE': 14, 'UC_NONE': 16, 'TPC_MNUF': 1, 'TPC_NONE': 12, 'UC_MPOLY': 2, 'NONE_MNUF': 1, 'SBX_MPOLY': 1, 'SPC_MPOLY': 1, 'SBX_NONE': 1}"
27,52,TPC,NONE,0.6860447412741237,0.0417616362945746,1803770452.48,2257649315.953942,3826978.72,3371971.8089736337,0.7407607607131379,3.4451761528497826e-05,0.0,0.0,GREEDY_HV,"['SPC_MBFLIP', 'UC_MNUF', 'SPC_NONE', 'UC_MNUF', 'UC_NONE', 'SPC_NONE', 'TPC_MNUF', 'SPC_NONE', 'TPC_NONE', 'UC_MPOLY', 'NONE_MNUF', 'SBX_MPOLY', 'UC_NONE', 'TPC_NONE', 'SPC_NONE', 'TPC_NONE', 'SPC_MPOLY', 'SPC_NONE', 'TPC_NONE', 'UC_NONE', 'UC_NONE', 'UC_NONE', 'SBX_NONE', 'UC_NONE', 'UC_NONE', 'TPC_NONE', 'TPC_NONE', 'UC_NONE', 'TPC_NONE', 'TPC_NONE', 'UC_MPOLY', 'UC_NONE', 'UC_NONE', 'SPC_NONE', 'UC_NONE', 'TPC_NONE', 'SPC_NONE', 'UC_NONE', 'TPC_NONE', 'TPC_NONE', 'SPC_NONE', 'SPC_NONE', 'SPC_NONE', 'TPC_NONE', 'SPC_NONE', 'SPC_NONE', 'UC_NONE', 'UC_NONE', 'UC_NONE', 'SPC_NONE', 'UC_NONE', 'SPC_NONE', 'TPC_NONE']","{'UC_MNUF': 2, 'SPC_NONE': 14, 'UC_NONE': 16, 'TPC_MNUF': 1, 'TPC_NONE': 13, 'UC_MPOLY': 2, 'NONE_MNUF': 1, 'SBX_MPOLY': 1, 'SPC_MPOLY': 1, 'SBX_NONE': 1}"
27,53,SPC,NONE,0.6862586881910119,0.0417022566506172,1811949616.64,2253510168.247114,3817436.32,3360692.668080515,0.7406627093634107,-9.805134972717956e-05,0.0,0.0,GREEDY_HV,"['SPC_MBFLIP', 'UC_MNUF', 'SPC_NONE', 'UC_MNUF', 'UC_NONE', 'SPC_NONE', 'TPC_MNUF', 'SPC_NONE', 'TPC_NONE', 'UC_MPOLY', 'NONE_MNUF', 'SBX_MPOLY', 'UC_NONE', 'TPC_NONE', 'SPC_NONE', 'TPC_NONE', 'SPC_MPOLY', 'SPC_NONE', 'TPC_NONE', 'UC_NONE', 'UC_NONE', 'UC_NONE', 'SBX_NONE', 'UC_NONE', 'UC_NONE', 'TPC_NONE', 'TPC_NONE', 'UC_NONE', 'TPC_NONE', 'TPC_NONE', 'UC_MPOLY', 'UC_NONE', 'UC_NONE', 'SPC_NONE', 'UC_NONE', 'TPC_NONE', 'SPC_NONE', 'UC_NONE', 'TPC_NONE', 'TPC_NONE', 'SPC_NONE', 'SPC_NONE', 'SPC_NONE', 'TPC_NONE', 'SPC_NONE', 'SPC_NONE', 'UC_NONE', 'UC_NONE', 'UC_NONE', 'SPC_NONE', 'UC_NONE', 'SPC_NONE', 'TPC_NONE', 'SPC_NONE']","{'UC_MNUF': 2, 'SPC_NONE': 15, 'UC_NONE': 16, 'TPC_MNUF': 1, 'TPC_NONE': 13, 'UC_MPOLY': 2, 'NONE_MNUF': 1, 'SBX_MPOLY': 1, 'SPC_MPOLY': 1, 'SBX_NONE': 1}"
27,54,UC,NONE,0.6878034473355242,0.0411057638843873,1808609822.72,2250205767.2632613,3895929.76,3301391.3465179293,0.7407050061855558,4.2296822145071467e-05,0.0,0.0,GREEDY_HV,"['SPC_MBFLIP', 'UC_MNUF', 'SPC_NONE', 'UC_MNUF', 'UC_NONE', 'SPC_NONE', 'TPC_MNUF', 'SPC_NONE', 'TPC_NONE', 'UC_MPOLY', 'NONE_MNUF', 'SBX_MPOLY', 'UC_NONE', 'TPC_NONE', 'SPC_NONE', 'TPC_NONE', 'SPC_MPOLY', 'SPC_NONE', 'TPC_NONE', 'UC_NONE', 'UC_NONE', 'UC_NONE', 'SBX_NONE', 'UC_NONE', 'UC_NONE', 'TPC_NONE', 'TPC_NONE', 'UC_NONE', 'TPC_NONE', 'TPC_NONE', 'UC_MPOLY', 'UC_NONE', 'UC_NONE', 'SPC_NONE', 'UC_NONE', 'TPC_NONE', 'SPC_NONE', 'UC_NONE', 'TPC_NONE', 'TPC_NONE', 'SPC_NONE', 'SPC_NONE', 'SPC_NONE', 'TPC_NONE', 'SPC_NONE', 'SPC_NONE', 'UC_NONE', 'UC_NONE', 'UC_NONE', 'SPC_NONE', 'UC_NONE', 'SPC_NONE', 'TPC_NONE', 'SPC_NONE', 'UC_NONE']","{'UC_MNUF': 2, 'SPC_NONE': 15, 'UC_NONE': 17, 'TPC_MNUF': 1, 'TPC_NONE': 13, 'UC_MPOLY': 2, 'NONE_MNUF': 1, 'SBX_MPOLY': 1, 'SPC_MPOLY': 1, 'SBX_NONE': 1}"
27,55,UC,NONE,0.6869657989848176,0.0412238159371071,1719569064.96,2208812402.9751253,3794144.16,3301310.284728338,0.7407130492618044,8.043076248576142e-06,0.0,0.0,GREEDY_HV,"['SPC_MBFLIP', 'UC_MNUF', 'SPC_NONE', 'UC_MNUF', 'UC_NONE', 'SPC_NONE', 'TPC_MNUF', 'SPC_NONE', 'TPC_NONE', 'UC_MPOLY', 'NONE_MNUF', 'SBX_MPOLY', 'UC_NONE', 'TPC_NONE', 'SPC_NONE', 'TPC_NONE', 'SPC_MPOLY', 'SPC_NONE', 'TPC_NONE', 'UC_NONE', 'UC_NONE', 'UC_NONE', 'SBX_NONE', 'UC_NONE', 'UC_NONE', 'TPC_NONE', 'TPC_NONE', 'UC_NONE', 'TPC_NONE', 'TPC_NONE', 'UC_MPOLY', 'UC_NONE', 'UC_NONE', 'SPC_NONE', 'UC_NONE', 'TPC_NONE', 'SPC_NONE', 'UC_NONE', 'TPC_NONE', 'TPC_NONE', 'SPC_NONE', 'SPC_NONE', 'SPC_NONE', 'TPC_NONE', 'SPC_NONE', 'SPC_NONE', 'UC_NONE', 'UC_NONE', 'UC_NONE', 'SPC_NONE', 'UC_NONE', 'SPC_NONE', 'TPC_NONE', 'SPC_NONE', 'UC_NONE', 'UC_NONE']","{'UC_MNUF': 2, 'SPC_NONE': 15, 'UC_NONE': 18, 'TPC_MNUF': 1, 'TPC_NONE': 13, 'UC_MPOLY': 2, 'NONE_MNUF': 1, 'SBX_MPOLY': 1, 'SPC_MPOLY': 1, 'SBX_NONE': 1}"
27,56,TPC,NONE,0.6870880217842574,0.041471683027285,1821080227.84,2248039745.5364823,3878007.2,3337692.11554878,0.7407810981545755,6.804889277112203e-05,0.0,0.0,GREEDY_HV,"['SPC_MBFLIP', 'UC_MNUF', 'SPC_NONE', 'UC_MNUF', 'UC_NONE', 'SPC_NONE', 'TPC_MNUF', 'SPC_NONE', 'TPC_NONE', 'UC_MPOLY', 'NONE_MNUF', 'SBX_MPOLY', 'UC_NONE', 'TPC_NONE', 'SPC_NONE', 'TPC_NONE', 'SPC_MPOLY', 'SPC_NONE', 'TPC_NONE', 'UC_NONE', 'UC_NONE', 'UC_NONE', 'SBX_NONE', 'UC_NONE', 'UC_NONE', 'TPC_NONE', 'TPC_NONE', 'UC_NONE', 'TPC_NONE', 'TPC_NONE', 'UC_MPOLY', 'UC_NONE', 'UC_NONE', 'SPC_NONE', 'UC_NONE', 'TPC_NONE', 'SPC_NONE', 'UC_NONE', 'TPC_NONE', 'TPC_NONE', 'SPC_NONE', 'SPC_NONE', 'SPC_NONE', 'TPC_NONE', 'SPC_NONE', 'SPC_NONE', 'UC_NONE', 'UC_NONE', 'UC_NONE', 'SPC_NONE', 'UC_NONE', 'SPC_NONE', 'TPC_NONE', 'SPC_NONE', 'UC_NONE', 'UC_NONE', 'TPC_NONE']","{'UC_MNUF': 2, 'SPC_NONE': 15, 'UC_NONE': 18, 'TPC_MNUF': 1, 'TPC_NONE': 14, 'UC_MPOLY': 2, 'NONE_MNUF': 1, 'SBX_MPOLY': 1, 'SPC_MPOLY': 1, 'SBX_NONE': 1}"
27,57,SPC,NONE,0.6886716556960638,0.0407679019448774,1821414062.08,2245106440.843341,4036979.36,3311732.175465244,0.7407703884420176,-1.070971255789921e-05,0.02,0.0,GREEDY_HV,"['SPC_MBFLIP', 'UC_MNUF', 'SPC_NONE', 'UC_MNUF', 'UC_NONE', 'SPC_NONE', 'TPC_MNUF', 'SPC_NONE', 'TPC_NONE', 'UC_MPOLY', 'NONE_MNUF', 'SBX_MPOLY', 'UC_NONE', 'TPC_NONE', 'SPC_NONE', 'TPC_NONE', 'SPC_MPOLY', 'SPC_NONE', 'TPC_NONE', 'UC_NONE', 'UC_NONE', 'UC_NONE', 'SBX_NONE', 'UC_NONE', 'UC_NONE', 'TPC_NONE', 'TPC_NONE', 'UC_NONE', 'TPC_NONE', 'TPC_NONE', 'UC_MPOLY', 'UC_NONE', 'UC_NONE', 'SPC_NONE', 'UC_NONE', 'TPC_NONE', 'SPC_NONE', 'UC_NONE', 'TPC_NONE', 'TPC_NONE', 'SPC_NONE', 'SPC_NONE', 'SPC_NONE', 'TPC_NONE', 'SPC_NONE', 'SPC_NONE', 'UC_NONE', 'UC_NONE', 'UC_NONE', 'SPC_NONE', 'UC_NONE', 'SPC_NONE', 'TPC_NONE', 'SPC_NONE', 'UC_NONE', 'UC_NONE', 'TPC_NONE', 'SPC_NONE']","{'UC_MNUF': 2, 'SPC_NONE': 16, 'UC_NONE': 18, 'TPC_MNUF': 1, 'TPC_NONE': 14, 'UC_MPOLY': 2, 'NONE_MNUF': 1, 'SBX_MPOLY': 1, 'SPC_MPOLY': 1, 'SBX_NONE': 1}"
27,58,SPC,NONE,0.6871722196631705,0.0413627961479905,1812120263.68,2253405416.854196,3951897.76,3355638.0443760767,0.7407827680933644,1.2379651346816622e-05,0.0,0.0,GREEDY_HV,"['SPC_MBFLIP', 'UC_MNUF', 'SPC_NONE', 'UC_MNUF', 'UC_NONE', 'SPC_NONE', 'TPC_MNUF', 'SPC_NONE', 'TPC_NONE', 'UC_MPOLY', 'NONE_MNUF', 'SBX_MPOLY', 'UC_NONE', 'TPC_NONE', 'SPC_NONE', 'TPC_NONE', 'SPC_MPOLY', 'SPC_NONE', 'TPC_NONE', 'UC_NONE', 'UC_NONE', 'UC_NONE', 'SBX_NONE', 'UC_NONE', 'UC_NONE', 'TPC_NONE', 'TPC_NONE', 'UC_NONE', 'TPC_NONE', 'TPC_NONE', 'UC_MPOLY', 'UC_NONE', 'UC_NONE', 'SPC_NONE', 'UC_NONE', 'TPC_NONE', 'SPC_NONE', 'UC_NONE', 'TPC_NONE', 'TPC_NONE', 'SPC_NONE', 'SPC_NONE', 'SPC_NONE', 'TPC_NONE', 'SPC_NONE', 'SPC_NONE', 'UC_NONE', 'UC_NONE', 'UC_NONE', 'SPC_NONE', 'UC_NONE', 'SPC_NONE', 'TPC_NONE', 'SPC_NONE', 'UC_NONE', 'UC_NONE', 'TPC_NONE', 'SPC_NONE', 'SPC_NONE']","{'UC_MNUF': 2, 'SPC_NONE': 17, 'UC_NONE': 18, 'TPC_MNUF': 1, 'TPC_NONE': 14, 'UC_MPOLY': 2, 'NONE_MNUF': 1, 'SBX_MPOLY': 1, 'SPC_MPOLY': 1, 'SBX_NONE': 1}"
27,59,SPC,NONE,0.688863233273643,0.0407485641318897,1777862912.0,2225801236.331283,3933883.04,3261069.721517876,0.740805168393786,2.2400300421554498e-05,0.0,0.0,GREEDY_HV,"['SPC_MBFLIP', 'UC_MNUF', 'SPC_NONE', 'UC_MNUF', 'UC_NONE', 'SPC_NONE', 'TPC_MNUF', 'SPC_NONE', 'TPC_NONE', 'UC_MPOLY', 'NONE_MNUF', 'SBX_MPOLY', 'UC_NONE', 'TPC_NONE', 'SPC_NONE', 'TPC_NONE', 'SPC_MPOLY', 'SPC_NONE', 'TPC_NONE', 'UC_NONE', 'UC_NONE', 'UC_NONE', 'SBX_NONE', 'UC_NONE', 'UC_NONE', 'TPC_NONE', 'TPC_NONE', 'UC_NONE', 'TPC_NONE', 'TPC_NONE', 'UC_MPOLY', 'UC_NONE', 'UC_NONE', 'SPC_NONE', 'UC_NONE', 'TPC_NONE', 'SPC_NONE', 'UC_NONE', 'TPC_NONE', 'TPC_NONE', 'SPC_NONE', 'SPC_NONE', 'SPC_NONE', 'TPC_NONE', 'SPC_NONE', 'SPC_NONE', 'UC_NONE', 'UC_NONE', 'UC_NONE', 'SPC_NONE', 'UC_NONE', 'SPC_NONE', 'TPC_NONE', 'SPC_NONE', 'UC_NONE', 'UC_NONE', 'TPC_NONE', 'SPC_NONE', 'SPC_NONE', 'SPC_NONE']","{'UC_MNUF': 2, 'SPC_NONE': 18, 'UC_NONE': 18, 'TPC_MNUF': 1, 'TPC_NONE': 14, 'UC_MPOLY': 2, 'NONE_MNUF': 1, 'SBX_MPOLY': 1, 'SPC_MPOLY': 1, 'SBX_NONE': 1}"
27,60,UC,NONE,0.6897169859269647,0.0410476485422627,1855505633.28,2229897469.469851,4074828.96,3268997.517737087,0.7408261688348492,2.100044106323473e-05,0.01,0.0,GREEDY_HV,"['SPC_MBFLIP', 'UC_MNUF', 'SPC_NONE', 'UC_MNUF', 'UC_NONE', 'SPC_NONE', 'TPC_MNUF', 'SPC_NONE', 'TPC_NONE', 'UC_MPOLY', 'NONE_MNUF', 'SBX_MPOLY', 'UC_NONE', 'TPC_NONE', 'SPC_NONE', 'TPC_NONE', 'SPC_MPOLY', 'SPC_NONE', 'TPC_NONE', 'UC_NONE', 'UC_NONE', 'UC_NONE', 'SBX_NONE', 'UC_NONE', 'UC_NONE', 'TPC_NONE', 'TPC_NONE', 'UC_NONE', 'TPC_NONE', 'TPC_NONE', 'UC_MPOLY', 'UC_NONE', 'UC_NONE', 'SPC_NONE', 'UC_NONE', 'TPC_NONE', 'SPC_NONE', 'UC_NONE', 'TPC_NONE', 'TPC_NONE', 'SPC_NONE', 'SPC_NONE', 'SPC_NONE', 'TPC_NONE', 'SPC_NONE', 'SPC_NONE', 'UC_NONE', 'UC_NONE', 'UC_NONE', 'SPC_NONE', 'UC_NONE', 'SPC_NONE', 'TPC_NONE', 'SPC_NONE', 'UC_NONE', 'UC_NONE', 'TPC_NONE', 'SPC_NONE', 'SPC_NONE', 'SPC_NONE', 'UC_NONE']","{'UC_MNUF': 2, 'SPC_NONE': 18, 'UC_NONE': 19, 'TPC_MNUF': 1, 'TPC_NONE': 14, 'UC_MPOLY': 2, 'NONE_MNUF': 1, 'SBX_MPOLY': 1, 'SPC_MPOLY': 1, 'SBX_NONE': 1}"
27,61,SPC,NONE,0.6889800966002017,0.0407904249626342,1817315578.88,2246809740.4460883,4010319.52,3284145.765327492,0.7408099006814788,-1.626815337041343e-05,0.0,0.0,GREEDY_HV,"['SPC_MBFLIP', 'UC_MNUF', 'SPC_NONE', 'UC_MNUF', 'UC_NONE', 'SPC_NONE', 'TPC_MNUF', 'SPC_NONE', 'TPC_NONE', 'UC_MPOLY', 'NONE_MNUF', 'SBX_MPOLY', 'UC_NONE', 'TPC_NONE', 'SPC_NONE', 'TPC_NONE', 'SPC_MPOLY', 'SPC_NONE', 'TPC_NONE', 'UC_NONE', 'UC_NONE', 'UC_NONE', 'SBX_NONE', 'UC_NONE', 'UC_NONE', 'TPC_NONE', 'TPC_NONE', 'UC_NONE', 'TPC_NONE', 'TPC_NONE', 'UC_MPOLY', 'UC_NONE', 'UC_NONE', 'SPC_NONE', 'UC_NONE', 'TPC_NONE', 'SPC_NONE', 'UC_NONE', 'TPC_NONE', 'TPC_NONE', 'SPC_NONE', 'SPC_NONE', 'SPC_NONE', 'TPC_NONE', 'SPC_NONE', 'SPC_NONE', 'UC_NONE', 'UC_NONE', 'UC_NONE', 'SPC_NONE', 'UC_NONE', 'SPC_NONE', 'TPC_NONE', 'SPC_NONE', 'UC_NONE', 'UC_NONE', 'TPC_NONE', 'SPC_NONE', 'SPC_NONE', 'SPC_NONE', 'UC_NONE', 'SPC_NONE']","{'UC_MNUF': 2, 'SPC_NONE': 19, 'UC_NONE': 19, 'TPC_MNUF': 1, 'TPC_NONE': 14, 'UC_MPOLY': 2, 'NONE_MNUF': 1, 'SBX_MPOLY': 1, 'SPC_MPOLY': 1, 'SBX_NONE': 1}"
27,62,TPC,NONE,0.6888650296857728,0.0410872564781776,1825947412.48,2241577225.254711,3906260.64,3298148.108767013,0.7408246158458229,1.471516434414788e-05,0.0,0.0,GREEDY_HV,"['SPC_MBFLIP', 'UC_MNUF', 'SPC_NONE', 'UC_MNUF', 'UC_NONE', 'SPC_NONE', 'TPC_MNUF', 'SPC_NONE', 'TPC_NONE', 'UC_MPOLY', 'NONE_MNUF', 'SBX_MPOLY', 'UC_NONE', 'TPC_NONE', 'SPC_NONE', 'TPC_NONE', 'SPC_MPOLY', 'SPC_NONE', 'TPC_NONE', 'UC_NONE', 'UC_NONE', 'UC_NONE', 'SBX_NONE', 'UC_NONE', 'UC_NONE', 'TPC_NONE', 'TPC_NONE', 'UC_NONE', 'TPC_NONE', 'TPC_NONE', 'UC_MPOLY', 'UC_NONE', 'UC_NONE', 'SPC_NONE', 'UC_NONE', 'TPC_NONE', 'SPC_NONE', 'UC_NONE', 'TPC_NONE', 'TPC_NONE', 'SPC_NONE', 'SPC_NONE', 'SPC_NONE', 'TPC_NONE', 'SPC_NONE', 'SPC_NONE', 'UC_NONE', 'UC_NONE', 'UC_NONE', 'SPC_NONE', 'UC_NONE', 'SPC_NONE', 'TPC_NONE', 'SPC_NONE', 'UC_NONE', 'UC_NONE', 'TPC_NONE', 'SPC_NONE', 'SPC_NONE', 'SPC_NONE', 'UC_NONE', 'SPC_NONE', 'TPC_NONE']","{'UC_MNUF': 2, 'SPC_NONE': 19, 'UC_NONE': 19, 'TPC_MNUF': 1, 'TPC_NONE': 15, 'UC_MPOLY': 2, 'NONE_MNUF': 1, 'SBX_MPOLY': 1, 'SPC_MPOLY': 1, 'SBX_NONE': 1}"
27,63,SPC,NONE,0.6863569313703747,0.0419251529784071,1743093772.8,2192653429.985396,3867804.32,3326346.455467064,0.740786277345546,-3.833850027690211e-05,0.0,0.0,GREEDY_HV,"['SPC_MBFLIP', 'UC_MNUF', 'SPC_NONE', 'UC_MNUF', 'UC_NONE', 'SPC_NONE', 'TPC_MNUF', 'SPC_NONE', 'TPC_NONE', 'UC_MPOLY', 'NONE_MNUF', 'SBX_MPOLY', 'UC_NONE', 'TPC_NONE', 'SPC_NONE', 'TPC_NONE', 'SPC_MPOLY', 'SPC_NONE', 'TPC_NONE', 'UC_NONE', 'UC_NONE', 'UC_NONE', 'SBX_NONE', 'UC_NONE', 'UC_NONE', 'TPC_NONE', 'TPC_NONE', 'UC_NONE', 'TPC_NONE', 'TPC_NONE', 'UC_MPOLY', 'UC_NONE', 'UC_NONE', 'SPC_NONE', 'UC_NONE', 'TPC_NONE', 'SPC_NONE', 'UC_NONE', 'TPC_NONE', 'TPC_NONE', 'SPC_NONE', 'SPC_NONE', 'SPC_NONE', 'TPC_NONE', 'SPC_NONE', 'SPC_NONE', 'UC_NONE', 'UC_NONE', 'UC_NONE', 'SPC_NONE', 'UC_NONE', 'SPC_NONE', 'TPC_NONE', 'SPC_NONE', 'UC_NONE', 'UC_NONE', 'TPC_NONE', 'SPC_NONE', 'SPC_NONE', 'SPC_NONE', 'UC_NONE', 'SPC_NONE', 'TPC_NONE', 'SPC_NONE']","{'UC_MNUF': 2, 'SPC_NONE': 20, 'UC_NONE': 19, 'TPC_MNUF': 1, 'TPC_NONE': 15, 'UC_MPOLY': 2, 'NONE_MNUF': 1, 'SBX_MPOLY': 1, 'SPC_MPOLY': 1, 'SBX_NONE': 1}"
27,64,TPC,NONE,0.6868380318403661,0.0411292687132259,1731513779.2,2186477064.5730624,3840807.84,3284033.6849286263,0.7407808253185446,-5.452027001418003e-06,0.0,0.0,GREEDY_HV,"['SPC_MBFLIP', 'UC_MNUF', 'SPC_NONE', 'UC_MNUF', 'UC_NONE', 'SPC_NONE', 'TPC_MNUF', 'SPC_NONE', 'TPC_NONE', 'UC_MPOLY', 'NONE_MNUF', 'SBX_MPOLY', 'UC_NONE', 'TPC_NONE', 'SPC_NONE', 'TPC_NONE', 'SPC_MPOLY', 'SPC_NONE', 'TPC_NONE', 'UC_NONE', 'UC_NONE', 'UC_NONE', 'SBX_NONE', 'UC_NONE', 'UC_NONE', 'TPC_NONE', 'TPC_NONE', 'UC_NONE', 'TPC_NONE', 'TPC_NONE', 'UC_MPOLY', 'UC_NONE', 'UC_NONE', 'SPC_NONE', 'UC_NONE', 'TPC_NONE', 'SPC_NONE', 'UC_NONE', 'TPC_NONE', 'TPC_NONE', 'SPC_NONE', 'SPC_NONE', 'SPC_NONE', 'TPC_NONE', 'SPC_NONE', 'SPC_NONE', 'UC_NONE', 'UC_NONE', 'UC_NONE', 'SPC_NONE', 'UC_NONE', 'SPC_NONE', 'TPC_NONE', 'SPC_NONE', 'UC_NONE', 'UC_NONE', 'TPC_NONE', 'SPC_NONE', 'SPC_NONE', 'SPC_NONE', 'UC_NONE', 'SPC_NONE', 'TPC_NONE', 'SPC_NONE', 'TPC_NONE']","{'UC_MNUF': 2, 'SPC_NONE': 20, 'UC_NONE': 19, 'TPC_MNUF': 1, 'TPC_NONE': 16, 'UC_MPOLY': 2, 'NONE_MNUF': 1, 'SBX_MPOLY': 1, 'SPC_MPOLY': 1, 'SBX_NONE': 1}"
27,65,SPC,NONE,0.6881325917462143,0.0407868167909311,1781997665.28,2222839014.574268,4044271.52,3292288.90806261,0.740763137549085,-1.7687769459651115e-05,0.0,0.0,GREEDY_HV,"['SPC_MBFLIP', 'UC_MNUF', 'SPC_NONE', 'UC_MNUF', 'UC_NONE', 'SPC_NONE', 'TPC_MNUF', 'SPC_NONE', 'TPC_NONE', 'UC_MPOLY', 'NONE_MNUF', 'SBX_MPOLY', 'UC_NONE', 'TPC_NONE', 'SPC_NONE', 'TPC_NONE', 'SPC_MPOLY', 'SPC_NONE', 'TPC_NONE', 'UC_NONE', 'UC_NONE', 'UC_NONE', 'SBX_NONE', 'UC_NONE', 'UC_NONE', 'TPC_NONE', 'TPC_NONE', 'UC_NONE', 'TPC_NONE', 'TPC_NONE', 'UC_MPOLY', 'UC_NONE', 'UC_NONE', 'SPC_NONE', 'UC_NONE', 'TPC_NONE', 'SPC_NONE', 'UC_NONE', 'TPC_NONE', 'TPC_NONE', 'SPC_NONE', 'SPC_NONE', 'SPC_NONE', 'TPC_NONE', 'SPC_NONE', 'SPC_NONE', 'UC_NONE', 'UC_NONE', 'UC_NONE', 'SPC_NONE', 'UC_NONE', 'SPC_NONE', 'TPC_NONE', 'SPC_NONE', 'UC_NONE', 'UC_NONE', 'TPC_NONE', 'SPC_NONE', 'SPC_NONE', 'SPC_NONE', 'UC_NONE', 'SPC_NONE', 'TPC_NONE', 'SPC_NONE', 'TPC_NONE', 'SPC_NONE']","{'UC_MNUF': 2, 'SPC_NONE': 21, 'UC_NONE': 19, 'TPC_MNUF': 1, 'TPC_NONE': 16, 'UC_MPOLY': 2, 'NONE_MNUF': 1, 'SBX_MPOLY': 1, 'SPC_MPOLY': 1, 'SBX_NONE': 1}"
27,66,SPC,NONE,0.6861575540949556,0.0417015260076843,1714663495.68,2193214398.8867164,3938442.4,3328362.587164901,0.7406525199980922,-0.0001106175509927,0.0,0.0,GREEDY_HV,"['SPC_MBFLIP', 'UC_MNUF', 'SPC_NONE', 'UC_MNUF', 'UC_NONE', 'SPC_NONE', 'TPC_MNUF', 'SPC_NONE', 'TPC_NONE', 'UC_MPOLY', 'NONE_MNUF', 'SBX_MPOLY', 'UC_NONE', 'TPC_NONE', 'SPC_NONE', 'TPC_NONE', 'SPC_MPOLY', 'SPC_NONE', 'TPC_NONE', 'UC_NONE', 'UC_NONE', 'UC_NONE', 'SBX_NONE', 'UC_NONE', 'UC_NONE', 'TPC_NONE', 'TPC_NONE', 'UC_NONE', 'TPC_NONE', 'TPC_NONE', 'UC_MPOLY', 'UC_NONE', 'UC_NONE', 'SPC_NONE', 'UC_NONE', 'TPC_NONE', 'SPC_NONE', 'UC_NONE', 'TPC_NONE', 'TPC_NONE', 'SPC_NONE', 'SPC_NONE', 'SPC_NONE', 'TPC_NONE', 'SPC_NONE', 'SPC_NONE', 'UC_NONE', 'UC_NONE', 'UC_NONE', 'SPC_NONE', 'UC_NONE', 'SPC_NONE', 'TPC_NONE', 'SPC_NONE', 'UC_NONE', 'UC_NONE', 'TPC_NONE', 'SPC_NONE', 'SPC_NONE', 'SPC_NONE', 'UC_NONE', 'SPC_NONE', 'TPC_NONE', 'SPC_NONE', 'TPC_NONE', 'SPC_NONE', 'SPC_NONE']","{'UC_MNUF': 2, 'SPC_NONE': 22, 'UC_NONE': 19, 'TPC_MNUF': 1, 'TPC_NONE': 16, 'UC_MPOLY': 2, 'NONE_MNUF': 1, 'SBX_MPOLY': 1, 'SPC_MPOLY': 1, 'SBX_NONE': 1}"
27,67,TPC,NONE,0.6869139765465749,0.0419897182324225,1751488128.0,2199184907.1554623,4034018.72,3278063.4372027325,0.7406834504059029,3.09304078106587e-05,0.0,0.0,GREEDY_HV,"['SPC_MBFLIP', 'UC_MNUF', 'SPC_NONE', 'UC_MNUF', 'UC_NONE', 'SPC_NONE', 'TPC_MNUF', 'SPC_NONE', 'TPC_NONE', 'UC_MPOLY', 'NONE_MNUF', 'SBX_MPOLY', 'UC_NONE', 'TPC_NONE', 'SPC_NONE', 'TPC_NONE', 'SPC_MPOLY', 'SPC_NONE', 'TPC_NONE', 'UC_NONE', 'UC_NONE', 'UC_NONE', 'SBX_NONE', 'UC_NONE', 'UC_NONE', 'TPC_NONE', 'TPC_NONE', 'UC_NONE', 'TPC_NONE', 'TPC_NONE', 'UC_MPOLY', 'UC_NONE', 'UC_NONE', 'SPC_NONE', 'UC_NONE', 'TPC_NONE', 'SPC_NONE', 'UC_NONE', 'TPC_NONE', 'TPC_NONE', 'SPC_NONE', 'SPC_NONE', 'SPC_NONE', 'TPC_NONE', 'SPC_NONE', 'SPC_NONE', 'UC_NONE', 'UC_NONE', 'UC_NONE', 'SPC_NONE', 'UC_NONE', 'SPC_NONE', 'TPC_NONE', 'SPC_NONE', 'UC_NONE', 'UC_NONE', 'TPC_NONE', 'SPC_NONE', 'SPC_NONE', 'SPC_NONE', 'UC_NONE', 'SPC_NONE', 'TPC_NONE', 'SPC_NONE', 'TPC_NONE', 'SPC_NONE', 'SPC_NONE', 'TPC_NONE']","{'UC_MNUF': 2, 'SPC_NONE': 22, 'UC_NONE': 19, 'TPC_MNUF': 1, 'TPC_NONE': 17, 'UC_MPOLY': 2, 'NONE_MNUF': 1, 'SBX_MPOLY': 1, 'SPC_MPOLY': 1, 'SBX_NONE': 1}"
27,68,TPC,NONE,0.6872319316923972,0.0419056480198744,1793504061.44,2217969504.57685,4007342.24,3310547.727297164,0.7407380982876874,5.464788178455304e-05,0.01,0.0,GREEDY_HV,"['SPC_MBFLIP', 'UC_MNUF', 'SPC_NONE', 'UC_MNUF', 'UC_NONE', 'SPC_NONE', 'TPC_MNUF', 'SPC_NONE', 'TPC_NONE', 'UC_MPOLY', 'NONE_MNUF', 'SBX_MPOLY', 'UC_NONE', 'TPC_NONE', 'SPC_NONE', 'TPC_NONE', 'SPC_MPOLY', 'SPC_NONE', 'TPC_NONE', 'UC_NONE', 'UC_NONE', 'UC_NONE', 'SBX_NONE', 'UC_NONE', 'UC_NONE', 'TPC_NONE', 'TPC_NONE', 'UC_NONE', 'TPC_NONE', 'TPC_NONE', 'UC_MPOLY', 'UC_NONE', 'UC_NONE', 'SPC_NONE', 'UC_NONE', 'TPC_NONE', 'SPC_NONE', 'UC_NONE', 'TPC_NONE', 'TPC_NONE', 'SPC_NONE', 'SPC_NONE', 'SPC_NONE', 'TPC_NONE', 'SPC_NONE', 'SPC_NONE', 'UC_NONE', 'UC_NONE', 'UC_NONE', 'SPC_NONE', 'UC_NONE', 'SPC_NONE', 'TPC_NONE', 'SPC_NONE', 'UC_NONE', 'UC_NONE', 'TPC_NONE', 'SPC_NONE', 'SPC_NONE', 'SPC_NONE', 'UC_NONE', 'SPC_NONE', 'TPC_NONE', 'SPC_NONE', 'TPC_NONE', 'SPC_NONE', 'SPC_NONE', 'TPC_NONE', 'TPC_NONE']","{'UC_MNUF': 2, 'SPC_NONE': 22, 'UC_NONE': 19, 'TPC_MNUF': 1, 'TPC_NONE': 18, 'UC_MPOLY': 2, 'NONE_MNUF': 1, 'SBX_MPOLY': 1, 'SPC_MPOLY': 1, 'SBX_NONE': 1}"
27,69,TPC,NONE,0.685973213694156,0.0418988608222222,1795145528.32,2217664583.515245,3857793.44,3324920.5953895985,0.7407808211980065,4.272291031903741e-05,0.01,0.0,GREEDY_HV,"['SPC_MBFLIP', 'UC_MNUF', 'SPC_NONE', 'UC_MNUF', 'UC_NONE', 'SPC_NONE', 'TPC_MNUF', 'SPC_NONE', 'TPC_NONE', 'UC_MPOLY', 'NONE_MNUF', 'SBX_MPOLY', 'UC_NONE', 'TPC_NONE', 'SPC_NONE', 'TPC_NONE', 'SPC_MPOLY', 'SPC_NONE', 'TPC_NONE', 'UC_NONE', 'UC_NONE', 'UC_NONE', 'SBX_NONE', 'UC_NONE', 'UC_NONE', 'TPC_NONE', 'TPC_NONE', 'UC_NONE', 'TPC_NONE', 'TPC_NONE', 'UC_MPOLY', 'UC_NONE', 'UC_NONE', 'SPC_NONE', 'UC_NONE', 'TPC_NONE', 'SPC_NONE', 'UC_NONE', 'TPC_NONE', 'TPC_NONE', 'SPC_NONE', 'SPC_NONE', 'SPC_NONE', 'TPC_NONE', 'SPC_NONE', 'SPC_NONE', 'UC_NONE', 'UC_NONE', 'UC_NONE', 'SPC_NONE', 'UC_NONE', 'SPC_NONE', 'TPC_NONE', 'SPC_NONE', 'UC_NONE', 'UC_NONE', 'TPC_NONE', 'SPC_NONE', 'SPC_NONE', 'SPC_NONE', 'UC_NONE', 'SPC_NONE', 'TPC_NONE', 'SPC_NONE', 'TPC_NONE', 'SPC_NONE', 'SPC_NONE', 'TPC_NONE', 'TPC_NONE', 'TPC_NONE']","{'UC_MNUF': 2, 'SPC_NONE': 22, 'UC_NONE': 19, 'TPC_MNUF': 1, 'TPC_NONE': 19, 'UC_MPOLY': 2, 'NONE_MNUF': 1, 'SBX_MPOLY': 1, 'SPC_MPOLY': 1, 'SBX_NONE': 1}"
27,70,TPC,NONE,0.6853880027011323,0.0419029436210814,1737722408.96,2204476585.511323,3793022.88,3345401.738361817,0.7407210508320512,-5.9770365955280624e-05,0.0,0.0,GREEDY_HV,"['SPC_MBFLIP', 'UC_MNUF', 'SPC_NONE', 'UC_MNUF', 'UC_NONE', 'SPC_NONE', 'TPC_MNUF', 'SPC_NONE', 'TPC_NONE', 'UC_MPOLY', 'NONE_MNUF', 'SBX_MPOLY', 'UC_NONE', 'TPC_NONE', 'SPC_NONE', 'TPC_NONE', 'SPC_MPOLY', 'SPC_NONE', 'TPC_NONE', 'UC_NONE', 'UC_NONE', 'UC_NONE', 'SBX_NONE', 'UC_NONE', 'UC_NONE', 'TPC_NONE', 'TPC_NONE', 'UC_NONE', 'TPC_NONE', 'TPC_NONE', 'UC_MPOLY', 'UC_NONE', 'UC_NONE', 'SPC_NONE', 'UC_NONE', 'TPC_NONE', 'SPC_NONE', 'UC_NONE', 'TPC_NONE', 'TPC_NONE', 'SPC_NONE', 'SPC_NONE', 'SPC_NONE', 'TPC_NONE', 'SPC_NONE', 'SPC_NONE', 'UC_NONE', 'UC_NONE', 'UC_NONE', 'SPC_NONE', 'UC_NONE', 'SPC_NONE', 'TPC_NONE', 'SPC_NONE', 'UC_NONE', 'UC_NONE', 'TPC_NONE', 'SPC_NONE', 'SPC_NONE', 'SPC_NONE', 'UC_NONE', 'SPC_NONE', 'TPC_NONE', 'SPC_NONE', 'TPC_NONE', 'SPC_NONE', 'SPC_NONE', 'TPC_NONE', 'TPC_NONE', 'TPC_NONE', 'TPC_NONE']","{'UC_MNUF': 2, 'SPC_NONE': 22, 'UC_NONE': 19, 'TPC_MNUF': 1, 'TPC_NONE': 20, 'UC_MPOLY': 2, 'NONE_MNUF': 1, 'SBX_MPOLY': 1, 'SPC_MPOLY': 1, 'SBX_NONE': 1}"
27,71,TPC,NONE,0.6852719449233226,0.0423280628980784,1797876413.44,2217298845.6663623,3799684.0,3375942.4511644747,0.7407834204005297,6.236956847849306e-05,0.01,0.0,GREEDY_HV,"['SPC_MBFLIP', 'UC_MNUF', 'SPC_NONE', 'UC_MNUF', 'UC_NONE', 'SPC_NONE', 'TPC_MNUF', 'SPC_NONE', 'TPC_NONE', 'UC_MPOLY', 'NONE_MNUF', 'SBX_MPOLY', 'UC_NONE', 'TPC_NONE', 'SPC_NONE', 'TPC_NONE', 'SPC_MPOLY', 'SPC_NONE', 'TPC_NONE', 'UC_NONE', 'UC_NONE', 'UC_NONE', 'SBX_NONE', 'UC_NONE', 'UC_NONE', 'TPC_NONE', 'TPC_NONE', 'UC_NONE', 'TPC_NONE', 'TPC_NONE', 'UC_MPOLY', 'UC_NONE', 'UC_NONE', 'SPC_NONE', 'UC_NONE', 'TPC_NONE', 'SPC_NONE', 'UC_NONE', 'TPC_NONE', 'TPC_NONE', 'SPC_NONE', 'SPC_NONE', 'SPC_NONE', 'TPC_NONE', 'SPC_NONE', 'SPC_NONE', 'UC_NONE', 'UC_NONE', 'UC_NONE', 'SPC_NONE', 'UC_NONE', 'SPC_NONE', 'TPC_NONE', 'SPC_NONE', 'UC_NONE', 'UC_NONE', 'TPC_NONE', 'SPC_NONE', 'SPC_NONE', 'SPC_NONE', 'UC_NONE', 'SPC_NONE', 'TPC_NONE', 'SPC_NONE', 'TPC_NONE', 'SPC_NONE', 'SPC_NONE', 'TPC_NONE', 'TPC_NONE', 'TPC_NONE', 'TPC_NONE', 'TPC_NONE']","{'UC_MNUF': 2, 'SPC_NONE': 22, 'UC_NONE': 19, 'TPC_MNUF': 1, 'TPC_NONE': 21, 'UC_MPOLY': 2, 'NONE_MNUF': 1, 'SBX_MPOLY': 1, 'SPC_MPOLY': 1, 'SBX_NONE': 1}"
27,72,SPC,NONE,0.6867321355295454,0.0417456867503825,1717574538.24,2153429827.0765414,3763739.04,3283179.7185621667,0.7407801395897788,-3.2808107508497386e-06,0.0,0.0,GREEDY_HV,"['SPC_MBFLIP', 'UC_MNUF', 'SPC_NONE', 'UC_MNUF', 'UC_NONE', 'SPC_NONE', 'TPC_MNUF', 'SPC_NONE', 'TPC_NONE', 'UC_MPOLY', 'NONE_MNUF', 'SBX_MPOLY', 'UC_NONE', 'TPC_NONE', 'SPC_NONE', 'TPC_NONE', 'SPC_MPOLY', 'SPC_NONE', 'TPC_NONE', 'UC_NONE', 'UC_NONE', 'UC_NONE', 'SBX_NONE', 'UC_NONE', 'UC_NONE', 'TPC_NONE', 'TPC_NONE', 'UC_NONE', 'TPC_NONE', 'TPC_NONE', 'UC_MPOLY', 'UC_NONE', 'UC_NONE', 'SPC_NONE', 'UC_NONE', 'TPC_NONE', 'SPC_NONE', 'UC_NONE', 'TPC_NONE', 'TPC_NONE', 'SPC_NONE', 'SPC_NONE', 'SPC_NONE', 'TPC_NONE', 'SPC_NONE', 'SPC_NONE', 'UC_NONE', 'UC_NONE', 'UC_NONE', 'SPC_NONE', 'UC_NONE', 'SPC_NONE', 'TPC_NONE', 'SPC_NONE', 'UC_NONE', 'UC_NONE', 'TPC_NONE', 'SPC_NONE', 'SPC_NONE', 'SPC_NONE', 'UC_NONE', 'SPC_NONE', 'TPC_NONE', 'SPC_NONE', 'TPC_NONE', 'SPC_NONE', 'SPC_NONE', 'TPC_NONE', 'TPC_NONE', 'TPC_NONE', 'TPC_NONE', 'TPC_NONE', 'SPC_NONE']","{'UC_MNUF': 2, 'SPC_NONE': 23, 'UC_NONE': 19, 'TPC_MNUF': 1, 'TPC_NONE': 21, 'UC_MPOLY': 2, 'NONE_MNUF': 1, 'SBX_MPOLY': 1, 'SPC_MPOLY': 1, 'SBX_NONE': 1}"
27,73,SPC,NONE,0.6871148106191786,0.0417784928138145,1709871861.76,2157804529.792137,3903435.68,3278876.132081439,0.7407908319173623,1.0692327583439187e-05,0.0,0.0,GREEDY_HV,"['SPC_MBFLIP', 'UC_MNUF', 'SPC_NONE', 'UC_MNUF', 'UC_NONE', 'SPC_NONE', 'TPC_MNUF', 'SPC_NONE', 'TPC_NONE', 'UC_MPOLY', 'NONE_MNUF', 'SBX_MPOLY', 'UC_NONE', 'TPC_NONE', 'SPC_NONE', 'TPC_NONE', 'SPC_MPOLY', 'SPC_NONE', 'TPC_NONE', 'UC_NONE', 'UC_NONE', 'UC_NONE', 'SBX_NONE', 'UC_NONE', 'UC_NONE', 'TPC_NONE', 'TPC_NONE', 'UC_NONE', 'TPC_NONE', 'TPC_NONE', 'UC_MPOLY', 'UC_NONE', 'UC_NONE', 'SPC_NONE', 'UC_NONE', 'TPC_NONE', 'SPC_NONE', 'UC_NONE', 'TPC_NONE', 'TPC_NONE', 'SPC_NONE', 'SPC_NONE', 'SPC_NONE', 'TPC_NONE', 'SPC_NONE', 'SPC_NONE', 'UC_NONE', 'UC_NONE', 'UC_NONE', 'SPC_NONE', 'UC_NONE', 'SPC_NONE', 'TPC_NONE', 'SPC_NONE', 'UC_NONE', 'UC_NONE', 'TPC_NONE', 'SPC_NONE', 'SPC_NONE', 'SPC_NONE', 'UC_NONE', 'SPC_NONE', 'TPC_NONE', 'SPC_NONE', 'TPC_NONE', 'SPC_NONE', 'SPC_NONE', 'TPC_NONE', 'TPC_NONE', 'TPC_NONE', 'TPC_NONE', 'TPC_NONE', 'SPC_NONE', 'SPC_NONE']","{'UC_MNUF': 2, 'SPC_NONE': 24, 'UC_NONE': 19, 'TPC_MNUF': 1, 'TPC_NONE': 21, 'UC_MPOLY': 2, 'NONE_MNUF': 1, 'SBX_MPOLY': 1, 'SPC_MPOLY': 1, 'SBX_NONE': 1}"
27,74,SPC,NONE,0.6860820095174467,0.0418068111124645,1707691755.52,2160996971.754459,3845399.2,3312627.181650625,0.7407395691824512,-5.1262734911072805e-05,0.0,0.0,GREEDY_HV,"['SPC_MBFLIP', 'UC_MNUF', 'SPC_NONE', 'UC_MNUF', 'UC_NONE', 'SPC_NONE', 'TPC_MNUF', 'SPC_NONE', 'TPC_NONE', 'UC_MPOLY', 'NONE_MNUF', 'SBX_MPOLY', 'UC_NONE', 'TPC_NONE', 'SPC_NONE', 'TPC_NONE', 'SPC_MPOLY', 'SPC_NONE', 'TPC_NONE', 'UC_NONE', 'UC_NONE', 'UC_NONE', 'SBX_NONE', 'UC_NONE', 'UC_NONE', 'TPC_NONE', 'TPC_NONE', 'UC_NONE', 'TPC_NONE', 'TPC_NONE', 'UC_MPOLY', 'UC_NONE', 'UC_NONE', 'SPC_NONE', 'UC_NONE', 'TPC_NONE', 'SPC_NONE', 'UC_NONE', 'TPC_NONE', 'TPC_NONE', 'SPC_NONE', 'SPC_NONE', 'SPC_NONE', 'TPC_NONE', 'SPC_NONE', 'SPC_NONE', 'UC_NONE', 'UC_NONE', 'UC_NONE', 'SPC_NONE', 'UC_NONE', 'SPC_NONE', 'TPC_NONE', 'SPC_NONE', 'UC_NONE', 'UC_NONE', 'TPC_NONE', 'SPC_NONE', 'SPC_NONE', 'SPC_NONE', 'UC_NONE', 'SPC_NONE', 'TPC_NONE', 'SPC_NONE', 'TPC_NONE', 'SPC_NONE', 'SPC_NONE', 'TPC_NONE', 'TPC_NONE', 'TPC_NONE', 'TPC_NONE', 'TPC_NONE', 'SPC_NONE', 'SPC_NONE', 'SPC_NONE']","{'UC_MNUF': 2, 'SPC_NONE': 25, 'UC_NONE': 19, 'TPC_MNUF': 1, 'TPC_NONE': 21, 'UC_MPOLY': 2, 'NONE_MNUF': 1, 'SBX_MPOLY': 1, 'SPC_MPOLY': 1, 'SBX_NONE': 1}"
27,75,TPC,NONE,0.6866004929914808,0.0415526860332646,1692403773.44,2163285932.1062026,3695182.24,3264135.682754396,0.7408046269996257,6.505781717447423e-05,0.0,0.0,GREEDY_HV,"['SPC_MBFLIP', 'UC_MNUF', 'SPC_NONE', 'UC_MNUF', 'UC_NONE', 'SPC_NONE', 'TPC_MNUF', 'SPC_NONE', 'TPC_NONE', 'UC_MPOLY', 'NONE_MNUF', 'SBX_MPOLY', 'UC_NONE', 'TPC_NONE', 'SPC_NONE', 'TPC_NONE', 'SPC_MPOLY', 'SPC_NONE', 'TPC_NONE', 'UC_NONE', 'UC_NONE', 'UC_NONE', 'SBX_NONE', 'UC_NONE', 'UC_NONE', 'TPC_NONE', 'TPC_NONE', 'UC_NONE', 'TPC_NONE', 'TPC_NONE', 'UC_MPOLY', 'UC_NONE', 'UC_NONE', 'SPC_NONE', 'UC_NONE', 'TPC_NONE', 'SPC_NONE', 'UC_NONE', 'TPC_NONE', 'TPC_NONE', 'SPC_NONE', 'SPC_NONE', 'SPC_NONE', 'TPC_NONE', 'SPC_NONE', 'SPC_NONE', 'UC_NONE', 'UC_NONE', 'UC_NONE', 'SPC_NONE', 'UC_NONE', 'SPC_NONE', 'TPC_NONE', 'SPC_NONE', 'UC_NONE', 'UC_NONE', 'TPC_NONE', 'SPC_NONE', 'SPC_NONE', 'SPC_NONE', 'UC_NONE', 'SPC_NONE', 'TPC_NONE', 'SPC_NONE', 'TPC_NONE', 'SPC_NONE', 'SPC_NONE', 'TPC_NONE', 'TPC_NONE', 'TPC_NONE', 'TPC_NONE', 'TPC_NONE', 'SPC_NONE', 'SPC_NONE', 'SPC_NONE', 'TPC_NONE']","{'UC_MNUF': 2, 'SPC_NONE': 25, 'UC_NONE': 19, 'TPC_MNUF': 1, 'TPC_NONE': 22, 'UC_MPOLY': 2, 'NONE_MNUF': 1, 'SBX_MPOLY': 1, 'SPC_MPOLY': 1, 'SBX_NONE': 1}"
27,76,TPC,NONE,0.6873277818746848,0.0419427808939929,1797077903.36,2216660994.669452,3991255.2,3273569.625897015,0.7407261894554102,-7.843754421543725e-05,0.0,0.0,GREEDY_HV,"['SPC_MBFLIP', 'UC_MNUF', 'SPC_NONE', 'UC_MNUF', 'UC_NONE', 'SPC_NONE', 'TPC_MNUF', 'SPC_NONE', 'TPC_NONE', 'UC_MPOLY', 'NONE_MNUF', 'SBX_MPOLY', 'UC_NONE', 'TPC_NONE', 'SPC_NONE', 'TPC_NONE', 'SPC_MPOLY', 'SPC_NONE', 'TPC_NONE', 'UC_NONE', 'UC_NONE', 'UC_NONE', 'SBX_NONE', 'UC_NONE', 'UC_NONE', 'TPC_NONE', 'TPC_NONE', 'UC_NONE', 'TPC_NONE', 'TPC_NONE', 'UC_MPOLY', 'UC_NONE', 'UC_NONE', 'SPC_NONE', 'UC_NONE', 'TPC_NONE', 'SPC_NONE', 'UC_NONE', 'TPC_NONE', 'TPC_NONE', 'SPC_NONE', 'SPC_NONE', 'SPC_NONE', 'TPC_NONE', 'SPC_NONE', 'SPC_NONE', 'UC_NONE', 'UC_NONE', 'UC_NONE', 'SPC_NONE', 'UC_NONE', 'SPC_NONE', 'TPC_NONE', 'SPC_NONE', 'UC_NONE', 'UC_NONE', 'TPC_NONE', 'SPC_NONE', 'SPC_NONE', 'SPC_NONE', 'UC_NONE', 'SPC_NONE', 'TPC_NONE', 'SPC_NONE', 'TPC_NONE', 'SPC_NONE', 'SPC_NONE', 'TPC_NONE', 'TPC_NONE', 'TPC_NONE', 'TPC_NONE', 'TPC_NONE', 'SPC_NONE', 'SPC_NONE', 'SPC_NONE', 'TPC_NONE', 'TPC_NONE']","{'UC_MNUF': 2, 'SPC_NONE': 25, 'UC_NONE': 19, 'TPC_MNUF': 1, 'TPC_NONE': 23, 'UC_MPOLY': 2, 'NONE_MNUF': 1, 'SBX_MPOLY': 1, 'SPC_MPOLY': 1, 'SBX_NONE': 1}"
27,77,UC,NONE,0.6862567676864029,0.0417681940810289,1731263211.52,2188734378.458453,3803714.72,3287825.763782643,0.7406260154490093,-0.0001001740064009,0.0,0.0,GREEDY_HV,"['SPC_MBFLIP', 'UC_MNUF', 'SPC_NONE', 'UC_MNUF', 'UC_NONE', 'SPC_NONE', 'TPC_MNUF', 'SPC_NONE', 'TPC_NONE', 'UC_MPOLY', 'NONE_MNUF', 'SBX_MPOLY', 'UC_NONE', 'TPC_NONE', 'SPC_NONE', 'TPC_NONE', 'SPC_MPOLY', 'SPC_NONE', 'TPC_NONE', 'UC_NONE', 'UC_NONE', 'UC_NONE', 'SBX_NONE', 'UC_NONE', 'UC_NONE', 'TPC_NONE', 'TPC_NONE', 'UC_NONE', 'TPC_NONE', 'TPC_NONE', 'UC_MPOLY', 'UC_NONE', 'UC_NONE', 'SPC_NONE', 'UC_NONE', 'TPC_NONE', 'SPC_NONE', 'UC_NONE', 'TPC_NONE', 'TPC_NONE', 'SPC_NONE', 'SPC_NONE', 'SPC_NONE', 'TPC_NONE', 'SPC_NONE', 'SPC_NONE', 'UC_NONE', 'UC_NONE', 'UC_NONE', 'SPC_NONE', 'UC_NONE', 'SPC_NONE', 'TPC_NONE', 'SPC_NONE', 'UC_NONE', 'UC_NONE', 'TPC_NONE', 'SPC_NONE', 'SPC_NONE', 'SPC_NONE', 'UC_NONE', 'SPC_NONE', 'TPC_NONE', 'SPC_NONE', 'TPC_NONE', 'SPC_NONE', 'SPC_NONE', 'TPC_NONE', 'TPC_NONE', 'TPC_NONE', 'TPC_NONE', 'TPC_NONE', 'SPC_NONE', 'SPC_NONE', 'SPC_NONE', 'TPC_NONE', 'TPC_NONE', 'UC_NONE']","{'UC_MNUF': 2, 'SPC_NONE': 25, 'UC_NONE': 20, 'TPC_MNUF': 1, 'TPC_NONE': 23, 'UC_MPOLY': 2, 'NONE_MNUF': 1, 'SBX_MPOLY': 1, 'SPC_MPOLY': 1, 'SBX_NONE': 1}"
27,78,UC,NONE,0.6868352569633394,0.0417809555892062,1748330178.56,2200818051.045167,3899559.84,3310318.3525854875,0.7407335296647315,0.0001075142157221,0.0,0.0,GREEDY_HV,"['SPC_MBFLIP', 'UC_MNUF', 'SPC_NONE', 'UC_MNUF', 'UC_NONE', 'SPC_NONE', 'TPC_MNUF', 'SPC_NONE', 'TPC_NONE', 'UC_MPOLY', 'NONE_MNUF', 'SBX_MPOLY', 'UC_NONE', 'TPC_NONE', 'SPC_NONE', 'TPC_NONE', 'SPC_MPOLY', 'SPC_NONE', 'TPC_NONE', 'UC_NONE', 'UC_NONE', 'UC_NONE', 'SBX_NONE', 'UC_NONE', 'UC_NONE', 'TPC_NONE', 'TPC_NONE', 'UC_NONE', 'TPC_NONE', 'TPC_NONE', 'UC_MPOLY', 'UC_NONE', 'UC_NONE', 'SPC_NONE', 'UC_NONE', 'TPC_NONE', 'SPC_NONE', 'UC_NONE', 'TPC_NONE', 'TPC_NONE', 'SPC_NONE', 'SPC_NONE', 'SPC_NONE', 'TPC_NONE', 'SPC_NONE', 'SPC_NONE', 'UC_NONE', 'UC_NONE', 'UC_NONE', 'SPC_NONE', 'UC_NONE', 'SPC_NONE', 'TPC_NONE', 'SPC_NONE', 'UC_NONE', 'UC_NONE', 'TPC_NONE', 'SPC_NONE', 'SPC_NONE', 'SPC_NONE', 'UC_NONE', 'SPC_NONE', 'TPC_NONE', 'SPC_NONE', 'TPC_NONE', 'SPC_NONE', 'SPC_NONE', 'TPC_NONE', 'TPC_NONE', 'TPC_NONE', 'TPC_NONE', 'TPC_NONE', 'SPC_NONE', 'SPC_NONE', 'SPC_NONE', 'TPC_NONE', 'TPC_NONE', 'UC_NONE', 'UC_NONE']","{'UC_MNUF': 2, 'SPC_NONE': 25, 'UC_NONE': 21, 'TPC_MNUF': 1, 'TPC_NONE': 23, 'UC_MPOLY': 2, 'NONE_MNUF': 1, 'SBX_MPOLY': 1, 'SPC_MPOLY': 1, 'SBX_NONE': 1}"
27,79,UC,NONE,0.6862153461749793,0.0416890077569271,1732302679.04,2207775717.7274704,3909028.0,3307867.220214209,0.7407213606664969,-1.2168998234640682e-05,0.0,0.0,GREEDY_HV,"['SPC_MBFLIP', 'UC_MNUF', 'SPC_NONE', 'UC_MNUF', 'UC_NONE', 'SPC_NONE', 'TPC_MNUF', 'SPC_NONE', 'TPC_NONE', 'UC_MPOLY', 'NONE_MNUF', 'SBX_MPOLY', 'UC_NONE', 'TPC_NONE', 'SPC_NONE', 'TPC_NONE', 'SPC_MPOLY', 'SPC_NONE', 'TPC_NONE', 'UC_NONE', 'UC_NONE', 'UC_NONE', 'SBX_NONE', 'UC_NONE', 'UC_NONE', 'TPC_NONE', 'TPC_NONE', 'UC_NONE', 'TPC_NONE', 'TPC_NONE', 'UC_MPOLY', 'UC_NONE', 'UC_NONE', 'SPC_NONE', 'UC_NONE', 'TPC_NONE', 'SPC_NONE', 'UC_NONE', 'TPC_NONE', 'TPC_NONE', 'SPC_NONE', 'SPC_NONE', 'SPC_NONE', 'TPC_NONE', 'SPC_NONE', 'SPC_NONE', 'UC_NONE', 'UC_NONE', 'UC_NONE', 'SPC_NONE', 'UC_NONE', 'SPC_NONE', 'TPC_NONE', 'SPC_NONE', 'UC_NONE', 'UC_NONE', 'TPC_NONE', 'SPC_NONE', 'SPC_NONE', 'SPC_NONE', 'UC_NONE', 'SPC_NONE', 'TPC_NONE', 'SPC_NONE', 'TPC_NONE', 'SPC_NONE', 'SPC_NONE', 'TPC_NONE', 'TPC_NONE', 'TPC_NONE', 'TPC_NONE', 'TPC_NONE', 'SPC_NONE', 'SPC_NONE', 'SPC_NONE', 'TPC_NONE', 'TPC_NONE', 'UC_NONE', 'UC_NONE', 'UC_NONE']","{'UC_MNUF': 2, 'SPC_NONE': 25, 'UC_NONE': 22, 'TPC_MNUF': 1, 'TPC_NONE': 23, 'UC_MPOLY': 2, 'NONE_MNUF': 1, 'SBX_MPOLY': 1, 'SPC_MPOLY': 1, 'SBX_NONE': 1}"
27,80,SPC,NONE,0.6874235828374179,0.0419532010599621,1798729241.6,2214331467.4134803,4065580.96,3305048.823035938,0.7406858771904656,-3.5483476031217265e-05,0.0,0.0,GREEDY_HV,"['SPC_MBFLIP', 'UC_MNUF', 'SPC_NONE', 'UC_MNUF', 'UC_NONE', 'SPC_NONE', 'TPC_MNUF', 'SPC_NONE', 'TPC_NONE', 'UC_MPOLY', 'NONE_MNUF', 'SBX_MPOLY', 'UC_NONE', 'TPC_NONE', 'SPC_NONE', 'TPC_NONE', 'SPC_MPOLY', 'SPC_NONE', 'TPC_NONE', 'UC_NONE', 'UC_NONE', 'UC_NONE', 'SBX_NONE', 'UC_NONE', 'UC_NONE', 'TPC_NONE', 'TPC_NONE', 'UC_NONE', 'TPC_NONE', 'TPC_NONE', 'UC_MPOLY', 'UC_NONE', 'UC_NONE', 'SPC_NONE', 'UC_NONE', 'TPC_NONE', 'SPC_NONE', 'UC_NONE', 'TPC_NONE', 'TPC_NONE', 'SPC_NONE', 'SPC_NONE', 'SPC_NONE', 'TPC_NONE', 'SPC_NONE', 'SPC_NONE', 'UC_NONE', 'UC_NONE', 'UC_NONE', 'SPC_NONE', 'UC_NONE', 'SPC_NONE', 'TPC_NONE', 'SPC_NONE', 'UC_NONE', 'UC_NONE', 'TPC_NONE', 'SPC_NONE', 'SPC_NONE', 'SPC_NONE', 'UC_NONE', 'SPC_NONE', 'TPC_NONE', 'SPC_NONE', 'TPC_NONE', 'SPC_NONE', 'SPC_NONE', 'TPC_NONE', 'TPC_NONE', 'TPC_NONE', 'TPC_NONE', 'TPC_NONE', 'SPC_NONE', 'SPC_NONE', 'SPC_NONE', 'TPC_NONE', 'TPC_NONE', 'UC_NONE', 'UC_NONE', 'UC_NONE', 'SPC_NONE']","{'UC_MNUF': 2, 'SPC_NONE': 26, 'UC_NONE': 22, 'TPC_MNUF': 1, 'TPC_NONE': 23, 'UC_MPOLY': 2, 'NONE_MNUF': 1, 'SBX_MPOLY': 1, 'SPC_MPOLY': 1, 'SBX_NONE': 1}"
27,81,TPC,NONE,0.6854580226818837,0.0416026267316031,1630684282.88,2142507652.2501757,3677221.28,3274896.3908877918,0.7406922830992666,6.405908800966032e-06,0.0,0.0,GREEDY_HV,"['SPC_MBFLIP', 'UC_MNUF', 'SPC_NONE', 'UC_MNUF', 'UC_NONE', 'SPC_NONE', 'TPC_MNUF', 'SPC_NONE', 'TPC_NONE', 'UC_MPOLY', 'NONE_MNUF', 'SBX_MPOLY', 'UC_NONE', 'TPC_NONE', 'SPC_NONE', 'TPC_NONE', 'SPC_MPOLY', 'SPC_NONE', 'TPC_NONE', 'UC_NONE', 'UC_NONE', 'UC_NONE', 'SBX_NONE', 'UC_NONE', 'UC_NONE', 'TPC_NONE', 'TPC_NONE', 'UC_NONE', 'TPC_NONE', 'TPC_NONE', 'UC_MPOLY', 'UC_NONE', 'UC_NONE', 'SPC_NONE', 'UC_NONE', 'TPC_NONE', 'SPC_NONE', 'UC_NONE', 'TPC_NONE', 'TPC_NONE', 'SPC_NONE', 'SPC_NONE', 'SPC_NONE', 'TPC_NONE', 'SPC_NONE', 'SPC_NONE', 'UC_NONE', 'UC_NONE', 'UC_NONE', 'SPC_NONE', 'UC_NONE', 'SPC_NONE', 'TPC_NONE', 'SPC_NONE', 'UC_NONE', 'UC_NONE', 'TPC_NONE', 'SPC_NONE', 'SPC_NONE', 'SPC_NONE', 'UC_NONE', 'SPC_NONE', 'TPC_NONE', 'SPC_NONE', 'TPC_NONE', 'SPC_NONE', 'SPC_NONE', 'TPC_NONE', 'TPC_NONE', 'TPC_NONE', 'TPC_NONE', 'TPC_NONE', 'SPC_NONE', 'SPC_NONE', 'SPC_NONE', 'TPC_NONE', 'TPC_NONE', 'UC_NONE', 'UC_NONE', 'UC_NONE', 'SPC_NONE', 'TPC_NONE']","{'UC_MNUF': 2, 'SPC_NONE': 26, 'UC_NONE': 22, 'TPC_MNUF': 1, 'TPC_NONE': 24, 'UC_MPOLY': 2, 'NONE_MNUF': 1, 'SBX_MPOLY': 1, 'SPC_MPOLY': 1, 'SBX_NONE': 1}"
27,82,UC,NONE,0.6861883276626151,0.0418952540662773,1737554324.48,2203178592.586032,3896294.56,3353745.9943295894,0.7406558011345619,-3.648196470473764e-05,0.0,0.0,GREEDY_HV,"['SPC_MBFLIP', 'UC_MNUF', 'SPC_NONE', 'UC_MNUF', 'UC_NONE', 'SPC_NONE', 'TPC_MNUF', 'SPC_NONE', 'TPC_NONE', 'UC_MPOLY', 'NONE_MNUF', 'SBX_MPOLY', 'UC_NONE', 'TPC_NONE', 'SPC_NONE', 'TPC_NONE', 'SPC_MPOLY', 'SPC_NONE', 'TPC_NONE', 'UC_NONE', 'UC_NONE', 'UC_NONE', 'SBX_NONE', 'UC_NONE', 'UC_NONE', 'TPC_NONE', 'TPC_NONE', 'UC_NONE', 'TPC_NONE', 'TPC_NONE', 'UC_MPOLY', 'UC_NONE', 'UC_NONE', 'SPC_NONE', 'UC_NONE', 'TPC_NONE', 'SPC_NONE', 'UC_NONE', 'TPC_NONE', 'TPC_NONE', 'SPC_NONE', 'SPC_NONE', 'SPC_NONE', 'TPC_NONE', 'SPC_NONE', 'SPC_NONE', 'UC_NONE', 'UC_NONE', 'UC_NONE', 'SPC_NONE', 'UC_NONE', 'SPC_NONE', 'TPC_NONE', 'SPC_NONE', 'UC_NONE', 'UC_NONE', 'TPC_NONE', 'SPC_NONE', 'SPC_NONE', 'SPC_NONE', 'UC_NONE', 'SPC_NONE', 'TPC_NONE', 'SPC_NONE', 'TPC_NONE', 'SPC_NONE', 'SPC_NONE', 'TPC_NONE', 'TPC_NONE', 'TPC_NONE', 'TPC_NONE', 'TPC_NONE', 'SPC_NONE', 'SPC_NONE', 'SPC_NONE', 'TPC_NONE', 'TPC_NONE', 'UC_NONE', 'UC_NONE', 'UC_NONE', 'SPC_NONE', 'TPC_NONE', 'UC_NONE']","{'UC_MNUF': 2, 'SPC_NONE': 26, 'UC_NONE': 23, 'TPC_MNUF': 1, 'TPC_NONE': 24, 'UC_MPOLY': 2, 'NONE_MNUF': 1, 'SBX_MPOLY': 1, 'SPC_MPOLY': 1, 'SBX_NONE': 1}"
27,83,SPC,NONE,0.6858427334766134,0.0416239600522876,1696911185.92,2161272359.914358,3713207.2,3299457.954057692,0.7406803704022978,2.4569267735974343e-05,0.0,0.0,GREEDY_HV,"['SPC_MBFLIP', 'UC_MNUF', 'SPC_NONE', 'UC_MNUF', 'UC_NONE', 'SPC_NONE', 'TPC_MNUF', 'SPC_NONE', 'TPC_NONE', 'UC_MPOLY', 'NONE_MNUF', 'SBX_MPOLY', 'UC_NONE', 'TPC_NONE', 'SPC_NONE', 'TPC_NONE', 'SPC_MPOLY', 'SPC_NONE', 'TPC_NONE', 'UC_NONE', 'UC_NONE', 'UC_NONE', 'SBX_NONE', 'UC_NONE', 'UC_NONE', 'TPC_NONE', 'TPC_NONE', 'UC_NONE', 'TPC_NONE', 'TPC_NONE', 'UC_MPOLY', 'UC_NONE', 'UC_NONE', 'SPC_NONE', 'UC_NONE', 'TPC_NONE', 'SPC_NONE', 'UC_NONE', 'TPC_NONE', 'TPC_NONE', 'SPC_NONE', 'SPC_NONE', 'SPC_NONE', 'TPC_NONE', 'SPC_NONE', 'SPC_NONE', 'UC_NONE', 'UC_NONE', 'UC_NONE', 'SPC_NONE', 'UC_NONE', 'SPC_NONE', 'TPC_NONE', 'SPC_NONE', 'UC_NONE', 'UC_NONE', 'TPC_NONE', 'SPC_NONE', 'SPC_NONE', 'SPC_NONE', 'UC_NONE', 'SPC_NONE', 'TPC_NONE', 'SPC_NONE', 'TPC_NONE', 'SPC_NONE', 'SPC_NONE', 'TPC_NONE', 'TPC_NONE', 'TPC_NONE', 'TPC_NONE', 'TPC_NONE', 'SPC_NONE', 'SPC_NONE', 'SPC_NONE', 'TPC_NONE', 'TPC_NONE', 'UC_NONE', 'UC_NONE', 'UC_NONE', 'SPC_NONE', 'TPC_NONE', 'UC_NONE', 'SPC_NONE']","{'UC_MNUF': 2, 'SPC_NONE': 27, 'UC_NONE': 23, 'TPC_MNUF': 1, 'TPC_NONE': 24, 'UC_MPOLY': 2, 'NONE_MNUF': 1, 'SBX_MPOLY': 1, 'SPC_MPOLY': 1, 'SBX_NONE': 1}"
27,84,TPC,NONE,0.6865714674745766,0.0420529193003785,1773284234.24,2246290869.0058007,3875315.36,3280267.4784627054,0.7407185193624914,3.814896019360692e-05,0.01,0.0,GREEDY_HV,"['SPC_MBFLIP', 'UC_MNUF', 'SPC_NONE', 'UC_MNUF', 'UC_NONE', 'SPC_NONE', 'TPC_MNUF', 'SPC_NONE', 'TPC_NONE', 'UC_MPOLY', 'NONE_MNUF', 'SBX_MPOLY', 'UC_NONE', 'TPC_NONE', 'SPC_NONE', 'TPC_NONE', 'SPC_MPOLY', 'SPC_NONE', 'TPC_NONE', 'UC_NONE', 'UC_NONE', 'UC_NONE', 'SBX_NONE', 'UC_NONE', 'UC_NONE', 'TPC_NONE', 'TPC_NONE', 'UC_NONE', 'TPC_NONE', 'TPC_NONE', 'UC_MPOLY', 'UC_NONE', 'UC_NONE', 'SPC_NONE', 'UC_NONE', 'TPC_NONE', 'SPC_NONE', 'UC_NONE', 'TPC_NONE', 'TPC_NONE', 'SPC_NONE', 'SPC_NONE', 'SPC_NONE', 'TPC_NONE', 'SPC_NONE', 'SPC_NONE', 'UC_NONE', 'UC_NONE', 'UC_NONE', 'SPC_NONE', 'UC_NONE', 'SPC_NONE', 'TPC_NONE', 'SPC_NONE', 'UC_NONE', 'UC_NONE', 'TPC_NONE', 'SPC_NONE', 'SPC_NONE', 'SPC_NONE', 'UC_NONE', 'SPC_NONE', 'TPC_NONE', 'SPC_NONE', 'TPC_NONE', 'SPC_NONE', 'SPC_NONE', 'TPC_NONE', 'TPC_NONE', 'TPC_NONE', 'TPC_NONE', 'TPC_NONE', 'SPC_NONE', 'SPC_NONE', 'SPC_NONE', 'TPC_NONE', 'TPC_NONE', 'UC_NONE', 'UC_NONE', 'UC_NONE', 'SPC_NONE', 'TPC_NONE', 'UC_NONE', 'SPC_NONE', 'TPC_NONE']","{'UC_MNUF': 2, 'SPC_NONE': 27, 'UC_NONE': 23, 'TPC_MNUF': 1, 'TPC_NONE': 25, 'UC_MPOLY': 2, 'NONE_MNUF': 1, 'SBX_MPOLY': 1, 'SPC_MPOLY': 1, 'SBX_NONE': 1}"
27,85,TPC,NONE,0.6858080691752317,0.0416446089485883,1811986800.64,2316988840.530991,3773217.44,3281957.868860087,0.74055346765919,-0.0001650517033014,0.0,0.0,GREEDY_HV,"['SPC_MBFLIP', 'UC_MNUF', 'SPC_NONE', 'UC_MNUF', 'UC_NONE', 'SPC_NONE', 'TPC_MNUF', 'SPC_NONE', 'TPC_NONE', 'UC_MPOLY', 'NONE_MNUF', 'SBX_MPOLY', 'UC_NONE', 'TPC_NONE', 'SPC_NONE', 'TPC_NONE', 'SPC_MPOLY', 'SPC_NONE', 'TPC_NONE', 'UC_NONE', 'UC_NONE', 'UC_NONE', 'SBX_NONE', 'UC_NONE', 'UC_NONE', 'TPC_NONE', 'TPC_NONE', 'UC_NONE', 'TPC_NONE', 'TPC_NONE', 'UC_MPOLY', 'UC_NONE', 'UC_NONE', 'SPC_NONE', 'UC_NONE', 'TPC_NONE', 'SPC_NONE', 'UC_NONE', 'TPC_NONE', 'TPC_NONE', 'SPC_NONE', 'SPC_NONE', 'SPC_NONE', 'TPC_NONE', 'SPC_NONE', 'SPC_NONE', 'UC_NONE', 'UC_NONE', 'UC_NONE', 'SPC_NONE', 'UC_NONE', 'SPC_NONE', 'TPC_NONE', 'SPC_NONE', 'UC_NONE', 'UC_NONE', 'TPC_NONE', 'SPC_NONE', 'SPC_NONE', 'SPC_NONE', 'UC_NONE', 'SPC_NONE', 'TPC_NONE', 'SPC_NONE', 'TPC_NONE', 'SPC_NONE', 'SPC_NONE', 'TPC_NONE', 'TPC_NONE', 'TPC_NONE', 'TPC_NONE', 'TPC_NONE', 'SPC_NONE', 'SPC_NONE', 'SPC_NONE', 'TPC_NONE', 'TPC_NONE', 'UC_NONE', 'UC_NONE', 'UC_NONE', 'SPC_NONE', 'TPC_NONE', 'UC_NONE', 'SPC_NONE', 'TPC_NONE', 'TPC_NONE']","{'UC_MNUF': 2, 'SPC_NONE': 27, 'UC_NONE': 23, 'TPC_MNUF': 1, 'TPC_NONE': 26, 'UC_MPOLY': 2, 'NONE_MNUF': 1, 'SBX_MPOLY': 1, 'SPC_MPOLY': 1, 'SBX_NONE': 1}"
27,86,UC,MNUF,0.6862089216888145,0.0416704545157967,1813623096.32,2315841453.1963167,3816091.04,3290808.856236296,0.7405353987512775,-1.806890791244964e-05,0.02,0.015,GREEDY_HV,"['SPC_MBFLIP', 'UC_MNUF', 'SPC_NONE', 'UC_MNUF', 'UC_NONE', 'SPC_NONE', 'TPC_MNUF', 'SPC_NONE', 'TPC_NONE', 'UC_MPOLY', 'NONE_MNUF', 'SBX_MPOLY', 'UC_NONE', 'TPC_NONE', 'SPC_NONE', 'TPC_NONE', 'SPC_MPOLY', 'SPC_NONE', 'TPC_NONE', 'UC_NONE', 'UC_NONE', 'UC_NONE', 'SBX_NONE', 'UC_NONE', 'UC_NONE', 'TPC_NONE', 'TPC_NONE', 'UC_NONE', 'TPC_NONE', 'TPC_NONE', 'UC_MPOLY', 'UC_NONE', 'UC_NONE', 'SPC_NONE', 'UC_NONE', 'TPC_NONE', 'SPC_NONE', 'UC_NONE', 'TPC_NONE', 'TPC_NONE', 'SPC_NONE', 'SPC_NONE', 'SPC_NONE', 'TPC_NONE', 'SPC_NONE', 'SPC_NONE', 'UC_NONE', 'UC_NONE', 'UC_NONE', 'SPC_NONE', 'UC_NONE', 'SPC_NONE', 'TPC_NONE', 'SPC_NONE', 'UC_NONE', 'UC_NONE', 'TPC_NONE', 'SPC_NONE', 'SPC_NONE', 'SPC_NONE', 'UC_NONE', 'SPC_NONE', 'TPC_NONE', 'SPC_NONE', 'TPC_NONE', 'SPC_NONE', 'SPC_NONE', 'TPC_NONE', 'TPC_NONE', 'TPC_NONE', 'TPC_NONE', 'TPC_NONE', 'SPC_NONE', 'SPC_NONE', 'SPC_NONE', 'TPC_NONE', 'TPC_NONE', 'UC_NONE', 'UC_NONE', 'UC_NONE', 'SPC_NONE', 'TPC_NONE', 'UC_NONE', 'SPC_NONE', 'TPC_NONE', 'TPC_NONE', 'UC_MNUF']","{'UC_MNUF': 3, 'SPC_NONE': 27, 'UC_NONE': 23, 'TPC_MNUF': 1, 'TPC_NONE': 26, 'UC_MPOLY': 2, 'NONE_MNUF': 1, 'SBX_MPOLY': 1, 'SPC_MPOLY': 1, 'SBX_NONE': 1}"
27,87,SPC,NONE,0.6869162031261533,0.0421477244561994,1887089925.12,2341735964.9283986,3918661.28,3311715.306544178,0.7405991917557129,6.379300443537517e-05,0.0,0.0,GREEDY_HV,"['SPC_MBFLIP', 'UC_MNUF', 'SPC_NONE', 'UC_MNUF', 'UC_NONE', 'SPC_NONE', 'TPC_MNUF', 'SPC_NONE', 'TPC_NONE', 'UC_MPOLY', 'NONE_MNUF', 'SBX_MPOLY', 'UC_NONE', 'TPC_NONE', 'SPC_NONE', 'TPC_NONE', 'SPC_MPOLY', 'SPC_NONE', 'TPC_NONE', 'UC_NONE', 'UC_NONE', 'UC_NONE', 'SBX_NONE', 'UC_NONE', 'UC_NONE', 'TPC_NONE', 'TPC_NONE', 'UC_NONE', 'TPC_NONE', 'TPC_NONE', 'UC_MPOLY', 'UC_NONE', 'UC_NONE', 'SPC_NONE', 'UC_NONE', 'TPC_NONE', 'SPC_NONE', 'UC_NONE', 'TPC_NONE', 'TPC_NONE', 'SPC_NONE', 'SPC_NONE', 'SPC_NONE', 'TPC_NONE', 'SPC_NONE', 'SPC_NONE', 'UC_NONE', 'UC_NONE', 'UC_NONE', 'SPC_NONE', 'UC_NONE', 'SPC_NONE', 'TPC_NONE', 'SPC_NONE', 'UC_NONE', 'UC_NONE', 'TPC_NONE', 'SPC_NONE', 'SPC_NONE', 'SPC_NONE', 'UC_NONE', 'SPC_NONE', 'TPC_NONE', 'SPC_NONE', 'TPC_NONE', 'SPC_NONE', 'SPC_NONE', 'TPC_NONE', 'TPC_NONE', 'TPC_NONE', 'TPC_NONE', 'TPC_NONE', 'SPC_NONE', 'SPC_NONE', 'SPC_NONE', 'TPC_NONE', 'TPC_NONE', 'UC_NONE', 'UC_NONE', 'UC_NONE', 'SPC_NONE', 'TPC_NONE', 'UC_NONE', 'SPC_NONE', 'TPC_NONE', 'TPC_NONE', 'UC_MNUF', 'SPC_NONE']","{'UC_MNUF': 3, 'SPC_NONE': 28, 'UC_NONE': 23, 'TPC_MNUF': 1, 'TPC_NONE': 26, 'UC_MPOLY': 2, 'NONE_MNUF': 1, 'SBX_MPOLY': 1, 'SPC_MPOLY': 1, 'SBX_NONE': 1}"
27,88,UC,MNUF,0.6852743000607492,0.0416799128736917,1802122337.28,2326866430.54393,3703672.48,3313520.8385005468,0.7405950930790799,-4.098676632979803e-06,0.0,0.0,GREEDY_HV,"['SPC_MBFLIP', 'UC_MNUF', 'SPC_NONE', 'UC_MNUF', 'UC_NONE', 'SPC_NONE', 'TPC_MNUF', 'SPC_NONE', 'TPC_NONE', 'UC_MPOLY', 'NONE_MNUF', 'SBX_MPOLY', 'UC_NONE', 'TPC_NONE', 'SPC_NONE', 'TPC_NONE', 'SPC_MPOLY', 'SPC_NONE', 'TPC_NONE', 'UC_NONE', 'UC_NONE', 'UC_NONE', 'SBX_NONE', 'UC_NONE', 'UC_NONE', 'TPC_NONE', 'TPC_NONE', 'UC_NONE', 'TPC_NONE', 'TPC_NONE', 'UC_MPOLY', 'UC_NONE', 'UC_NONE', 'SPC_NONE', 'UC_NONE', 'TPC_NONE', 'SPC_NONE', 'UC_NONE', 'TPC_NONE', 'TPC_NONE', 'SPC_NONE', 'SPC_NONE', 'SPC_NONE', 'TPC_NONE', 'SPC_NONE', 'SPC_NONE', 'UC_NONE', 'UC_NONE', 'UC_NONE', 'SPC_NONE', 'UC_NONE', 'SPC_NONE', 'TPC_NONE', 'SPC_NONE', 'UC_NONE', 'UC_NONE', 'TPC_NONE', 'SPC_NONE', 'SPC_NONE', 'SPC_NONE', 'UC_NONE', 'SPC_NONE', 'TPC_NONE', 'SPC_NONE', 'TPC_NONE', 'SPC_NONE', 'SPC_NONE', 'TPC_NONE', 'TPC_NONE', 'TPC_NONE', 'TPC_NONE', 'TPC_NONE', 'SPC_NONE', 'SPC_NONE', 'SPC_NONE', 'TPC_NONE', 'TPC_NONE', 'UC_NONE', 'UC_NONE', 'UC_NONE', 'SPC_NONE', 'TPC_NONE', 'UC_NONE', 'SPC_NONE', 'TPC_NONE', 'TPC_NONE', 'UC_MNUF', 'SPC_NONE', 'UC_MNUF']","{'UC_MNUF': 4, 'SPC_NONE': 28, 'UC_NONE': 23, 'TPC_MNUF': 1, 'TPC_NONE': 26, 'UC_MPOLY': 2, 'NONE_MNUF': 1, 'SBX_MPOLY': 1, 'SPC_MPOLY': 1, 'SBX_NONE': 1}"
27,89,SPC,NONE,0.6860489627500315,0.0424161694629468,1837339315.2,2308632085.552473,3770840.48,3267423.628886602,0.7406798972569262,8.480417784628713e-05,0.01,0.0,GREEDY_HV,"['SPC_MBFLIP', 'UC_MNUF', 'SPC_NONE', 'UC_MNUF', 'UC_NONE', 'SPC_NONE', 'TPC_MNUF', 'SPC_NONE', 'TPC_NONE', 'UC_MPOLY', 'NONE_MNUF', 'SBX_MPOLY', 'UC_NONE', 'TPC_NONE', 'SPC_NONE', 'TPC_NONE', 'SPC_MPOLY', 'SPC_NONE', 'TPC_NONE', 'UC_NONE', 'UC_NONE', 'UC_NONE', 'SBX_NONE', 'UC_NONE', 'UC_NONE', 'TPC_NONE', 'TPC_NONE', 'UC_NONE', 'TPC_NONE', 'TPC_NONE', 'UC_MPOLY', 'UC_NONE', 'UC_NONE', 'SPC_NONE', 'UC_NONE', 'TPC_NONE', 'SPC_NONE', 'UC_NONE', 'TPC_NONE', 'TPC_NONE', 'SPC_NONE', 'SPC_NONE', 'SPC_NONE', 'TPC_NONE', 'SPC_NONE', 'SPC_NONE', 'UC_NONE', 'UC_NONE', 'UC_NONE', 'SPC_NONE', 'UC_NONE', 'SPC_NONE', 'TPC_NONE', 'SPC_NONE', 'UC_NONE', 'UC_NONE', 'TPC_NONE', 'SPC_NONE', 'SPC_NONE', 'SPC_NONE', 'UC_NONE', 'SPC_NONE', 'TPC_NONE', 'SPC_NONE', 'TPC_NONE', 'SPC_NONE', 'SPC_NONE', 'TPC_NONE', 'TPC_NONE', 'TPC_NONE', 'TPC_NONE', 'TPC_NONE', 'SPC_NONE', 'SPC_NONE', 'SPC_NONE', 'TPC_NONE', 'TPC_NONE', 'UC_NONE', 'UC_NONE', 'UC_NONE', 'SPC_NONE', 'TPC_NONE', 'UC_NONE', 'SPC_NONE', 'TPC_NONE', 'TPC_NONE', 'UC_MNUF', 'SPC_NONE', 'UC_MNUF', 'SPC_NONE']","{'UC_MNUF': 4, 'SPC_NONE': 29, 'UC_NONE': 23, 'TPC_MNUF': 1, 'TPC_NONE': 26, 'UC_MPOLY': 2, 'NONE_MNUF': 1, 'SBX_MPOLY': 1, 'SPC_MPOLY': 1, 'SBX_NONE': 1}"
27,90,SPC,NONE,0.6857218835452755,0.0422753655367877,1791804948.48,2291273987.0885687,3802529.44,3288569.3395781224,0.7406885066661304,8.60940920421882e-06,0.0,0.0,GREEDY_HV,"['SPC_MBFLIP', 'UC_MNUF', 'SPC_NONE', 'UC_MNUF', 'UC_NONE', 'SPC_NONE', 'TPC_MNUF', 'SPC_NONE', 'TPC_NONE', 'UC_MPOLY', 'NONE_MNUF', 'SBX_MPOLY', 'UC_NONE', 'TPC_NONE', 'SPC_NONE', 'TPC_NONE', 'SPC_MPOLY', 'SPC_NONE', 'TPC_NONE', 'UC_NONE', 'UC_NONE', 'UC_NONE', 'SBX_NONE', 'UC_NONE', 'UC_NONE', 'TPC_NONE', 'TPC_NONE', 'UC_NONE', 'TPC_NONE', 'TPC_NONE', 'UC_MPOLY', 'UC_NONE', 'UC_NONE', 'SPC_NONE', 'UC_NONE', 'TPC_NONE', 'SPC_NONE', 'UC_NONE', 'TPC_NONE', 'TPC_NONE', 'SPC_NONE', 'SPC_NONE', 'SPC_NONE', 'TPC_NONE', 'SPC_NONE', 'SPC_NONE', 'UC_NONE', 'UC_NONE', 'UC_NONE', 'SPC_NONE', 'UC_NONE', 'SPC_NONE', 'TPC_NONE', 'SPC_NONE', 'UC_NONE', 'UC_NONE', 'TPC_NONE', 'SPC_NONE', 'SPC_NONE', 'SPC_NONE', 'UC_NONE', 'SPC_NONE', 'TPC_NONE', 'SPC_NONE', 'TPC_NONE', 'SPC_NONE', 'SPC_NONE', 'TPC_NONE', 'TPC_NONE', 'TPC_NONE', 'TPC_NONE', 'TPC_NONE', 'SPC_NONE', 'SPC_NONE', 'SPC_NONE', 'TPC_NONE', 'TPC_NONE', 'UC_NONE', 'UC_NONE', 'UC_NONE', 'SPC_NONE', 'TPC_NONE', 'UC_NONE', 'SPC_NONE', 'TPC_NONE', 'TPC_NONE', 'UC_MNUF', 'SPC_NONE', 'UC_MNUF', 'SPC_NONE', 'SPC_NONE']","{'UC_MNUF': 4, 'SPC_NONE': 30, 'UC_NONE': 23, 'TPC_MNUF': 1, 'TPC_NONE': 26, 'UC_MPOLY': 2, 'NONE_MNUF': 1, 'SBX_MPOLY': 1, 'SPC_MPOLY': 1, 'SBX_NONE': 1}"
27,91,TPC,NONE,0.6861946110146738,0.0420346590492976,1786567449.6,2291049870.9298444,3919202.72,3307419.3443752797,0.7406582695310615,-3.023713506888903e-05,0.0,0.0,GREEDY_HV,"['SPC_MBFLIP', 'UC_MNUF', 'SPC_NONE', 'UC_MNUF', 'UC_NONE', 'SPC_NONE', 'TPC_MNUF', 'SPC_NONE', 'TPC_NONE', 'UC_MPOLY', 'NONE_MNUF', 'SBX_MPOLY', 'UC_NONE', 'TPC_NONE', 'SPC_NONE', 'TPC_NONE', 'SPC_MPOLY', 'SPC_NONE', 'TPC_NONE', 'UC_NONE', 'UC_NONE', 'UC_NONE', 'SBX_NONE', 'UC_NONE', 'UC_NONE', 'TPC_NONE', 'TPC_NONE', 'UC_NONE', 'TPC_NONE', 'TPC_NONE', 'UC_MPOLY', 'UC_NONE', 'UC_NONE', 'SPC_NONE', 'UC_NONE', 'TPC_NONE', 'SPC_NONE', 'UC_NONE', 'TPC_NONE', 'TPC_NONE', 'SPC_NONE', 'SPC_NONE', 'SPC_NONE', 'TPC_NONE', 'SPC_NONE', 'SPC_NONE', 'UC_NONE', 'UC_NONE', 'UC_NONE', 'SPC_NONE', 'UC_NONE', 'SPC_NONE', 'TPC_NONE', 'SPC_NONE', 'UC_NONE', 'UC_NONE', 'TPC_NONE', 'SPC_NONE', 'SPC_NONE', 'SPC_NONE', 'UC_NONE', 'SPC_NONE', 'TPC_NONE', 'SPC_NONE', 'TPC_NONE', 'SPC_NONE', 'SPC_NONE', 'TPC_NONE', 'TPC_NONE', 'TPC_NONE', 'TPC_NONE', 'TPC_NONE', 'SPC_NONE', 'SPC_NONE', 'SPC_NONE', 'TPC_NONE', 'TPC_NONE', 'UC_NONE', 'UC_NONE', 'UC_NONE', 'SPC_NONE', 'TPC_NONE', 'UC_NONE', 'SPC_NONE', 'TPC_NONE', 'TPC_NONE', 'UC_MNUF', 'SPC_NONE', 'UC_MNUF', 'SPC_NONE', 'SPC_NONE', 'TPC_NONE']","{'UC_MNUF': 4, 'SPC_NONE': 30, 'UC_NONE': 23, 'TPC_MNUF': 1, 'TPC_NONE': 27, 'UC_MPOLY': 2, 'NONE_MNUF': 1, 'SBX_MPOLY': 1, 'SPC_MPOLY': 1, 'SBX_NONE': 1}"
27,92,SPC,MNUF,0.6874024883704144,0.0414505487051195,1796274583.04,2285243426.993267,3918087.84,3264380.5817753505,0.7407142699530325,5.600042197095867e-05,0.01,0.01,GREEDY_HV,"['SPC_MBFLIP', 'UC_MNUF', 'SPC_NONE', 'UC_MNUF', 'UC_NONE', 'SPC_NONE', 'TPC_MNUF', 'SPC_NONE', 'TPC_NONE', 'UC_MPOLY', 'NONE_MNUF', 'SBX_MPOLY', 'UC_NONE', 'TPC_NONE', 'SPC_NONE', 'TPC_NONE', 'SPC_MPOLY', 'SPC_NONE', 'TPC_NONE', 'UC_NONE', 'UC_NONE', 'UC_NONE', 'SBX_NONE', 'UC_NONE', 'UC_NONE', 'TPC_NONE', 'TPC_NONE', 'UC_NONE', 'TPC_NONE', 'TPC_NONE', 'UC_MPOLY', 'UC_NONE', 'UC_NONE', 'SPC_NONE', 'UC_NONE', 'TPC_NONE', 'SPC_NONE', 'UC_NONE', 'TPC_NONE', 'TPC_NONE', 'SPC_NONE', 'SPC_NONE', 'SPC_NONE', 'TPC_NONE', 'SPC_NONE', 'SPC_NONE', 'UC_NONE', 'UC_NONE', 'UC_NONE', 'SPC_NONE', 'UC_NONE', 'SPC_NONE', 'TPC_NONE', 'SPC_NONE', 'UC_NONE', 'UC_NONE', 'TPC_NONE', 'SPC_NONE', 'SPC_NONE', 'SPC_NONE', 'UC_NONE', 'SPC_NONE', 'TPC_NONE', 'SPC_NONE', 'TPC_NONE', 'SPC_NONE', 'SPC_NONE', 'TPC_NONE', 'TPC_NONE', 'TPC_NONE', 'TPC_NONE', 'TPC_NONE', 'SPC_NONE', 'SPC_NONE', 'SPC_NONE', 'TPC_NONE', 'TPC_NONE', 'UC_NONE', 'UC_NONE', 'UC_NONE', 'SPC_NONE', 'TPC_NONE', 'UC_NONE', 'SPC_NONE', 'TPC_NONE', 'TPC_NONE', 'UC_MNUF', 'SPC_NONE', 'UC_MNUF', 'SPC_NONE', 'SPC_NONE', 'TPC_NONE', 'SPC_MNUF']","{'UC_MNUF': 4, 'SPC_NONE': 30, 'UC_NONE': 23, 'TPC_MNUF': 1, 'TPC_NONE': 27, 'UC_MPOLY': 2, 'NONE_MNUF': 1, 'SBX_MPOLY': 1, 'SPC_MPOLY': 1, 'SBX_NONE': 1, 'SPC_MNUF': 1}"
27,93,SPC,NONE,0.6870283844684664,0.0413159219677937,1783666078.72,2293218738.8050046,3942003.36,3283004.232000427,0.7407228419829796,8.572029947084836e-06,0.01,0.0,GREEDY_HV,"['SPC_MBFLIP', 'UC_MNUF', 'SPC_NONE', 'UC_MNUF', 'UC_NONE', 'SPC_NONE', 'TPC_MNUF', 'SPC_NONE', 'TPC_NONE', 'UC_MPOLY', 'NONE_MNUF', 'SBX_MPOLY', 'UC_NONE', 'TPC_NONE', 'SPC_NONE', 'TPC_NONE', 'SPC_MPOLY', 'SPC_NONE', 'TPC_NONE', 'UC_NONE', 'UC_NONE', 'UC_NONE', 'SBX_NONE', 'UC_NONE', 'UC_NONE', 'TPC_NONE', 'TPC_NONE', 'UC_NONE', 'TPC_NONE', 'TPC_NONE', 'UC_MPOLY', 'UC_NONE', 'UC_NONE', 'SPC_NONE', 'UC_NONE', 'TPC_NONE', 'SPC_NONE', 'UC_NONE', 'TPC_NONE', 'TPC_NONE', 'SPC_NONE', 'SPC_NONE', 'SPC_NONE', 'TPC_NONE', 'SPC_NONE', 'SPC_NONE', 'UC_NONE', 'UC_NONE', 'UC_NONE', 'SPC_NONE', 'UC_NONE', 'SPC_NONE', 'TPC_NONE', 'SPC_NONE', 'UC_NONE', 'UC_NONE', 'TPC_NONE', 'SPC_NONE', 'SPC_NONE', 'SPC_NONE', 'UC_NONE', 'SPC_NONE', 'TPC_NONE', 'SPC_NONE', 'TPC_NONE', 'SPC_NONE', 'SPC_NONE', 'TPC_NONE', 'TPC_NONE', 'TPC_NONE', 'TPC_NONE', 'TPC_NONE', 'SPC_NONE', 'SPC_NONE', 'SPC_NONE', 'TPC_NONE', 'TPC_NONE', 'UC_NONE', 'UC_NONE', 'UC_NONE', 'SPC_NONE', 'TPC_NONE', 'UC_NONE', 'SPC_NONE', 'TPC_NONE', 'TPC_NONE', 'UC_MNUF', 'SPC_NONE', 'UC_MNUF', 'SPC_NONE', 'SPC_NONE', 'TPC_NONE', 'SPC_MNUF', 'SPC_NONE']","{'UC_MNUF': 4, 'SPC_NONE': 31, 'UC_NONE': 23, 'TPC_MNUF': 1, 'TPC_NONE': 27, 'UC_MPOLY': 2, 'NONE_MNUF': 1, 'SBX_MPOLY': 1, 'SPC_MPOLY': 1, 'SBX_NONE': 1, 'SPC_MNUF': 1}"
27,94,UC,NONE,0.686566271535288,0.0419840427661333,1780369354.24,2296797437.833527,3889833.12,3265361.215161598,0.7406630165263715,-5.9825456608098015e-05,0.0,0.0,GREEDY_HV,"['SPC_MBFLIP', 'UC_MNUF', 'SPC_NONE', 'UC_MNUF', 'UC_NONE', 'SPC_NONE', 'TPC_MNUF', 'SPC_NONE', 'TPC_NONE', 'UC_MPOLY', 'NONE_MNUF', 'SBX_MPOLY', 'UC_NONE', 'TPC_NONE', 'SPC_NONE', 'TPC_NONE', 'SPC_MPOLY', 'SPC_NONE', 'TPC_NONE', 'UC_NONE', 'UC_NONE', 'UC_NONE', 'SBX_NONE', 'UC_NONE', 'UC_NONE', 'TPC_NONE', 'TPC_NONE', 'UC_NONE', 'TPC_NONE', 'TPC_NONE', 'UC_MPOLY', 'UC_NONE', 'UC_NONE', 'SPC_NONE', 'UC_NONE', 'TPC_NONE', 'SPC_NONE', 'UC_NONE', 'TPC_NONE', 'TPC_NONE', 'SPC_NONE', 'SPC_NONE', 'SPC_NONE', 'TPC_NONE', 'SPC_NONE', 'SPC_NONE', 'UC_NONE', 'UC_NONE', 'UC_NONE', 'SPC_NONE', 'UC_NONE', 'SPC_NONE', 'TPC_NONE', 'SPC_NONE', 'UC_NONE', 'UC_NONE', 'TPC_NONE', 'SPC_NONE', 'SPC_NONE', 'SPC_NONE', 'UC_NONE', 'SPC_NONE', 'TPC_NONE', 'SPC_NONE', 'TPC_NONE', 'SPC_NONE', 'SPC_NONE', 'TPC_NONE', 'TPC_NONE', 'TPC_NONE', 'TPC_NONE', 'TPC_NONE', 'SPC_NONE', 'SPC_NONE', 'SPC_NONE', 'TPC_NONE', 'TPC_NONE', 'UC_NONE', 'UC_NONE', 'UC_NONE', 'SPC_NONE', 'TPC_NONE', 'UC_NONE', 'SPC_NONE', 'TPC_NONE', 'TPC_NONE', 'UC_MNUF', 'SPC_NONE', 'UC_MNUF', 'SPC_NONE', 'SPC_NONE', 'TPC_NONE', 'SPC_MNUF', 'SPC_NONE', 'UC_NONE']","{'UC_MNUF': 4, 'SPC_NONE': 31, 'UC_NONE': 24, 'TPC_MNUF': 1, 'TPC_NONE': 27, 'UC_MPOLY': 2, 'NONE_MNUF': 1, 'SBX_MPOLY': 1, 'SPC_MPOLY': 1, 'SBX_NONE': 1, 'SPC_MNUF': 1}"
27,95,SPC,MNUF,0.6861392797226685,0.0417892338711745,1768318640.64,2301645460.3551497,3854098.08,3252891.1425564783,0.7406578530956156,-5.163430755850129e-06,0.01,0.0,GREEDY_HV,"['SPC_MBFLIP', 'UC_MNUF', 'SPC_NONE', 'UC_MNUF', 'UC_NONE', 'SPC_NONE', 'TPC_MNUF', 'SPC_NONE', 'TPC_NONE', 'UC_MPOLY', 'NONE_MNUF', 'SBX_MPOLY', 'UC_NONE', 'TPC_NONE', 'SPC_NONE', 'TPC_NONE', 'SPC_MPOLY', 'SPC_NONE', 'TPC_NONE', 'UC_NONE', 'UC_NONE', 'UC_NONE', 'SBX_NONE', 'UC_NONE', 'UC_NONE', 'TPC_NONE', 'TPC_NONE', 'UC_NONE', 'TPC_NONE', 'TPC_NONE', 'UC_MPOLY', 'UC_NONE', 'UC_NONE', 'SPC_NONE', 'UC_NONE', 'TPC_NONE', 'SPC_NONE', 'UC_NONE', 'TPC_NONE', 'TPC_NONE', 'SPC_NONE', 'SPC_NONE', 'SPC_NONE', 'TPC_NONE', 'SPC_NONE', 'SPC_NONE', 'UC_NONE', 'UC_NONE', 'UC_NONE', 'SPC_NONE', 'UC_NONE', 'SPC_NONE', 'TPC_NONE', 'SPC_NONE', 'UC_NONE', 'UC_NONE', 'TPC_NONE', 'SPC_NONE', 'SPC_NONE', 'SPC_NONE', 'UC_NONE', 'SPC_NONE', 'TPC_NONE', 'SPC_NONE', 'TPC_NONE', 'SPC_NONE', 'SPC_NONE', 'TPC_NONE', 'TPC_NONE', 'TPC_NONE', 'TPC_NONE', 'TPC_NONE', 'SPC_NONE', 'SPC_NONE', 'SPC_NONE', 'TPC_NONE', 'TPC_NONE', 'UC_NONE', 'UC_NONE', 'UC_NONE', 'SPC_NONE', 'TPC_NONE', 'UC_NONE', 'SPC_NONE', 'TPC_NONE', 'TPC_NONE', 'UC_MNUF', 'SPC_NONE', 'UC_MNUF', 'SPC_NONE', 'SPC_NONE', 'TPC_NONE', 'SPC_MNUF', 'SPC_NONE', 'UC_NONE', 'SPC_MNUF']","{'UC_MNUF': 4, 'SPC_NONE': 31, 'UC_NONE': 24, 'TPC_MNUF': 1, 'TPC_NONE': 27, 'UC_MPOLY': 2, 'NONE_MNUF': 1, 'SBX_MPOLY': 1, 'SPC_MPOLY': 1, 'SBX_NONE': 1, 'SPC_MNUF': 2}"
27,96,UC,NONE,0.6865275667844932,0.0418160123895648,1775615866.88,2299071282.2434263,3837772.96,3286879.115807559,0.7407192593831102,6.140628749462529e-05,0.01,0.0,GREEDY_HV,"['SPC_MBFLIP', 'UC_MNUF', 'SPC_NONE', 'UC_MNUF', 'UC_NONE', 'SPC_NONE', 'TPC_MNUF', 'SPC_NONE', 'TPC_NONE', 'UC_MPOLY', 'NONE_MNUF', 'SBX_MPOLY', 'UC_NONE', 'TPC_NONE', 'SPC_NONE', 'TPC_NONE', 'SPC_MPOLY', 'SPC_NONE', 'TPC_NONE', 'UC_NONE', 'UC_NONE', 'UC_NONE', 'SBX_NONE', 'UC_NONE', 'UC_NONE', 'TPC_NONE', 'TPC_NONE', 'UC_NONE', 'TPC_NONE', 'TPC_NONE', 'UC_MPOLY', 'UC_NONE', 'UC_NONE', 'SPC_NONE', 'UC_NONE', 'TPC_NONE', 'SPC_NONE', 'UC_NONE', 'TPC_NONE', 'TPC_NONE', 'SPC_NONE', 'SPC_NONE', 'SPC_NONE', 'TPC_NONE', 'SPC_NONE', 'SPC_NONE', 'UC_NONE', 'UC_NONE', 'UC_NONE', 'SPC_NONE', 'UC_NONE', 'SPC_NONE', 'TPC_NONE', 'SPC_NONE', 'UC_NONE', 'UC_NONE', 'TPC_NONE', 'SPC_NONE', 'SPC_NONE', 'SPC_NONE', 'UC_NONE', 'SPC_NONE', 'TPC_NONE', 'SPC_NONE', 'TPC_NONE', 'SPC_NONE', 'SPC_NONE', 'TPC_NONE', 'TPC_NONE', 'TPC_NONE', 'TPC_NONE', 'TPC_NONE', 'SPC_NONE', 'SPC_NONE', 'SPC_NONE', 'TPC_NONE', 'TPC_NONE', 'UC_NONE', 'UC_NONE', 'UC_NONE', 'SPC_NONE', 'TPC_NONE', 'UC_NONE', 'SPC_NONE', 'TPC_NONE', 'TPC_NONE', 'UC_MNUF', 'SPC_NONE', 'UC_MNUF', 'SPC_NONE', 'SPC_NONE', 'TPC_NONE', 'SPC_MNUF', 'SPC_NONE', 'UC_NONE', 'SPC_MNUF', 'UC_NONE']","{'UC_MNUF': 4, 'SPC_NONE': 31, 'UC_NONE': 25, 'TPC_MNUF': 1, 'TPC_NONE': 27, 'UC_MPOLY': 2, 'NONE_MNUF': 1, 'SBX_MPOLY': 1, 'SPC_MPOLY': 1, 'SBX_NONE': 1, 'SPC_MNUF': 2}"
27,97,SPC,MNUF,0.6850572617146037,0.0418600325862823,1753406494.72,2309722022.2509875,3683006.88,3318275.3128350065,0.7407646718478598,4.541246474953908e-05,0.0,0.0,GREEDY_HV,"['SPC_MBFLIP', 'UC_MNUF', 'SPC_NONE', 'UC_MNUF', 'UC_NONE', 'SPC_NONE', 'TPC_MNUF', 'SPC_NONE', 'TPC_NONE', 'UC_MPOLY', 'NONE_MNUF', 'SBX_MPOLY', 'UC_NONE', 'TPC_NONE', 'SPC_NONE', 'TPC_NONE', 'SPC_MPOLY', 'SPC_NONE', 'TPC_NONE', 'UC_NONE', 'UC_NONE', 'UC_NONE', 'SBX_NONE', 'UC_NONE', 'UC_NONE', 'TPC_NONE', 'TPC_NONE', 'UC_NONE', 'TPC_NONE', 'TPC_NONE', 'UC_MPOLY', 'UC_NONE', 'UC_NONE', 'SPC_NONE', 'UC_NONE', 'TPC_NONE', 'SPC_NONE', 'UC_NONE', 'TPC_NONE', 'TPC_NONE', 'SPC_NONE', 'SPC_NONE', 'SPC_NONE', 'TPC_NONE', 'SPC_NONE', 'SPC_NONE', 'UC_NONE', 'UC_NONE', 'UC_NONE', 'SPC_NONE', 'UC_NONE', 'SPC_NONE', 'TPC_NONE', 'SPC_NONE', 'UC_NONE', 'UC_NONE', 'TPC_NONE', 'SPC_NONE', 'SPC_NONE', 'SPC_NONE', 'UC_NONE', 'SPC_NONE', 'TPC_NONE', 'SPC_NONE', 'TPC_NONE', 'SPC_NONE', 'SPC_NONE', 'TPC_NONE', 'TPC_NONE', 'TPC_NONE', 'TPC_NONE', 'TPC_NONE', 'SPC_NONE', 'SPC_NONE', 'SPC_NONE', 'TPC_NONE', 'TPC_NONE', 'UC_NONE', 'UC_NONE', 'UC_NONE', 'SPC_NONE', 'TPC_NONE', 'UC_NONE', 'SPC_NONE', 'TPC_NONE', 'TPC_NONE', 'UC_MNUF', 'SPC_NONE', 'UC_MNUF', 'SPC_NONE', 'SPC_NONE', 'TPC_NONE', 'SPC_MNUF', 'SPC_NONE', 'UC_NONE', 'SPC_MNUF', 'UC_NONE', 'SPC_MNUF']","{'UC_MNUF': 4, 'SPC_NONE': 31, 'UC_NONE': 25, 'TPC_MNUF': 1, 'TPC_NONE': 27, 'UC_MPOLY': 2, 'NONE_MNUF': 1, 'SBX_MPOLY': 1, 'SPC_MPOLY': 1, 'SBX_NONE': 1, 'SPC_MNUF': 3}"
27,98,UC,MNUF,0.6843340006695854,0.0420892913856359,1750608552.96,2311031596.420772,3660423.84,3323952.6540655983,0.7408038940091504,3.922216129059741e-05,0.0,0.0,GREEDY_HV,"['SPC_MBFLIP', 'UC_MNUF', 'SPC_NONE', 'UC_MNUF', 'UC_NONE', 'SPC_NONE', 'TPC_MNUF', 'SPC_NONE', 'TPC_NONE', 'UC_MPOLY', 'NONE_MNUF', 'SBX_MPOLY', 'UC_NONE', 'TPC_NONE', 'SPC_NONE', 'TPC_NONE', 'SPC_MPOLY', 'SPC_NONE', 'TPC_NONE', 'UC_NONE', 'UC_NONE', 'UC_NONE', 'SBX_NONE', 'UC_NONE', 'UC_NONE', 'TPC_NONE', 'TPC_NONE', 'UC_NONE', 'TPC_NONE', 'TPC_NONE', 'UC_MPOLY', 'UC_NONE', 'UC_NONE', 'SPC_NONE', 'UC_NONE', 'TPC_NONE', 'SPC_NONE', 'UC_NONE', 'TPC_NONE', 'TPC_NONE', 'SPC_NONE', 'SPC_NONE', 'SPC_NONE', 'TPC_NONE', 'SPC_NONE', 'SPC_NONE', 'UC_NONE', 'UC_NONE', 'UC_NONE', 'SPC_NONE', 'UC_NONE', 'SPC_NONE', 'TPC_NONE', 'SPC_NONE', 'UC_NONE', 'UC_NONE', 'TPC_NONE', 'SPC_NONE', 'SPC_NONE', 'SPC_NONE', 'UC_NONE', 'SPC_NONE', 'TPC_NONE', 'SPC_NONE', 'TPC_NONE', 'SPC_NONE', 'SPC_NONE', 'TPC_NONE', 'TPC_NONE', 'TPC_NONE', 'TPC_NONE', 'TPC_NONE', 'SPC_NONE', 'SPC_NONE', 'SPC_NONE', 'TPC_NONE', 'TPC_NONE', 'UC_NONE', 'UC_NONE', 'UC_NONE', 'SPC_NONE', 'TPC_NONE', 'UC_NONE', 'SPC_NONE', 'TPC_NONE', 'TPC_NONE', 'UC_MNUF', 'SPC_NONE', 'UC_MNUF', 'SPC_NONE', 'SPC_NONE', 'TPC_NONE', 'SPC_MNUF', 'SPC_NONE', 'UC_NONE', 'SPC_MNUF', 'UC_NONE', 'SPC_MNUF', 'UC_MNUF']","{'UC_MNUF': 5, 'SPC_NONE': 31, 'UC_NONE': 25, 'TPC_MNUF': 1, 'TPC_NONE': 27, 'UC_MPOLY': 2, 'NONE_MNUF': 1, 'SBX_MPOLY': 1, 'SPC_MPOLY': 1, 'SBX_NONE': 1, 'SPC_MNUF': 3}"
27,99,UC,NONE,0.6847940052994901,0.0422173916305169,1806006891.52,2331517132.928639,3747508.64,3326305.583503464,0.7408327676879336,2.8873678783236656e-05,0.0,0.0,GREEDY_HV,"['SPC_MBFLIP', 'UC_MNUF', 'SPC_NONE', 'UC_MNUF', 'UC_NONE', 'SPC_NONE', 'TPC_MNUF', 'SPC_NONE', 'TPC_NONE', 'UC_MPOLY', 'NONE_MNUF', 'SBX_MPOLY', 'UC_NONE', 'TPC_NONE', 'SPC_NONE', 'TPC_NONE', 'SPC_MPOLY', 'SPC_NONE', 'TPC_NONE', 'UC_NONE', 'UC_NONE', 'UC_NONE', 'SBX_NONE', 'UC_NONE', 'UC_NONE', 'TPC_NONE', 'TPC_NONE', 'UC_NONE', 'TPC_NONE', 'TPC_NONE', 'UC_MPOLY', 'UC_NONE', 'UC_NONE', 'SPC_NONE', 'UC_NONE', 'TPC_NONE', 'SPC_NONE', 'UC_NONE', 'TPC_NONE', 'TPC_NONE', 'SPC_NONE', 'SPC_NONE', 'SPC_NONE', 'TPC_NONE', 'SPC_NONE', 'SPC_NONE', 'UC_NONE', 'UC_NONE', 'UC_NONE', 'SPC_NONE', 'UC_NONE', 'SPC_NONE', 'TPC_NONE', 'SPC_NONE', 'UC_NONE', 'UC_NONE', 'TPC_NONE', 'SPC_NONE', 'SPC_NONE', 'SPC_NONE', 'UC_NONE', 'SPC_NONE', 'TPC_NONE', 'SPC_NONE', 'TPC_NONE', 'SPC_NONE', 'SPC_NONE', 'TPC_NONE', 'TPC_NONE', 'TPC_NONE', 'TPC_NONE', 'TPC_NONE', 'SPC_NONE', 'SPC_NONE', 'SPC_NONE', 'TPC_NONE', 'TPC_NONE', 'UC_NONE', 'UC_NONE', 'UC_NONE', 'SPC_NONE', 'TPC_NONE', 'UC_NONE', 'SPC_NONE', 'TPC_NONE', 'TPC_NONE', 'UC_MNUF', 'SPC_NONE', 'UC_MNUF', 'SPC_NONE', 'SPC_NONE', 'TPC_NONE', 'SPC_MNUF', 'SPC_NONE', 'UC_NONE', 'SPC_MNUF', 'UC_NONE', 'SPC_MNUF', 'UC_MNUF', 'UC_NONE']","{'UC_MNUF': 5, 'SPC_NONE': 31, 'UC_NONE': 26, 'TPC_MNUF': 1, 'TPC_NONE': 27, 'UC_MPOLY': 2, 'NONE_MNUF': 1, 'SBX_MPOLY': 1, 'SPC_MPOLY': 1, 'SBX_NONE': 1, 'SPC_MNUF': 3}"
27,100,SPC,MNUF,0.6842309190061937,0.0420352513734317,1746151710.72,2315033367.060695,3716361.12,3330180.89684606,0.7408588287296514,2.6061041717762023e-05,0.01,0.0,GREEDY_HV,"['SPC_MBFLIP', 'UC_MNUF', 'SPC_NONE', 'UC_MNUF', 'UC_NONE', 'SPC_NONE', 'TPC_MNUF', 'SPC_NONE', 'TPC_NONE', 'UC_MPOLY', 'NONE_MNUF', 'SBX_MPOLY', 'UC_NONE', 'TPC_NONE', 'SPC_NONE', 'TPC_NONE', 'SPC_MPOLY', 'SPC_NONE', 'TPC_NONE', 'UC_NONE', 'UC_NONE', 'UC_NONE', 'SBX_NONE', 'UC_NONE', 'UC_NONE', 'TPC_NONE', 'TPC_NONE', 'UC_NONE', 'TPC_NONE', 'TPC_NONE', 'UC_MPOLY', 'UC_NONE', 'UC_NONE', 'SPC_NONE', 'UC_NONE', 'TPC_NONE', 'SPC_NONE', 'UC_NONE', 'TPC_NONE', 'TPC_NONE', 'SPC_NONE', 'SPC_NONE', 'SPC_NONE', 'TPC_NONE', 'SPC_NONE', 'SPC_NONE', 'UC_NONE', 'UC_NONE', 'UC_NONE', 'SPC_NONE', 'UC_NONE', 'SPC_NONE', 'TPC_NONE', 'SPC_NONE', 'UC_NONE', 'UC_NONE', 'TPC_NONE', 'SPC_NONE', 'SPC_NONE', 'SPC_NONE', 'UC_NONE', 'SPC_NONE', 'TPC_NONE', 'SPC_NONE', 'TPC_NONE', 'SPC_NONE', 'SPC_NONE', 'TPC_NONE', 'TPC_NONE', 'TPC_NONE', 'TPC_NONE', 'TPC_NONE', 'SPC_NONE', 'SPC_NONE', 'SPC_NONE', 'TPC_NONE', 'TPC_NONE', 'UC_NONE', 'UC_NONE', 'UC_NONE', 'SPC_NONE', 'TPC_NONE', 'UC_NONE', 'SPC_NONE', 'TPC_NONE', 'TPC_NONE', 'UC_MNUF', 'SPC_NONE', 'UC_MNUF', 'SPC_NONE', 'SPC_NONE', 'TPC_NONE', 'SPC_MNUF', 'SPC_NONE', 'UC_NONE', 'SPC_MNUF', 'UC_NONE', 'SPC_MNUF', 'UC_MNUF', 'UC_NONE', 'SPC_MNUF']","{'UC_MNUF': 5, 'SPC_NONE': 31, 'UC_NONE': 26, 'TPC_MNUF': 1, 'TPC_NONE': 27, 'UC_MPOLY': 2, 'NONE_MNUF': 1, 'SBX_MPOLY': 1, 'SPC_MPOLY': 1, 'SBX_NONE': 1, 'SPC_MNUF': 4}"
28,1,SPC,MNUF,0.655013155805669,0.0245259888236349,1446570196.48,793694686.1352454,3167813.28,1664824.2257146433,0.6895924772667477,0.0,0.24,0.125,GREEDY_HV,"['SPC_MBFLIP', 'SPC_MNUF']",{'SPC_MNUF': 1}
28,2,TPC,MPOLY,0.6570694337842994,0.0259761631199647,1073348216.32,756016364.4466397,2490996.64,1430416.848784742,0.7041138129126665,0.0145213356459188,0.21,0.105,GREEDY_HV,"['SPC_MBFLIP', 'SPC_MNUF', 'TPC_MPOLY']","{'SPC_MNUF': 1, 'TPC_MPOLY': 1}"
28,3,SBX,MPOLY,0.6639052196096142,0.0184406245215706,1018959590.4,799718869.3014474,2389770.4,1317404.1885518965,0.7099175359224218,0.0058037230097552,0.03,0.095,GREEDY_HV,"['SPC_MBFLIP', 'SPC_MNUF', 'TPC_MPOLY', 'SBX_MPOLY']","{'SPC_MNUF': 1, 'TPC_MPOLY': 1, 'SBX_MPOLY': 1}"
28,4,UC,NONE,0.6684986111140667,0.0236781189365564,1050456111.36,873487413.2484672,2449377.44,1435210.4141655068,0.7132746569258708,0.0033571210034489,0.16,0.0,GREEDY_HV,"['SPC_MBFLIP', 'SPC_MNUF', 'TPC_MPOLY', 'SBX_MPOLY', 'UC_NONE']","{'SPC_MNUF': 1, 'TPC_MPOLY': 1, 'SBX_MPOLY': 1, 'UC_NONE': 1}"
28,5,SPC,NONE,0.6706456536178106,0.0201017796968438,702246507.52,583962457.2456464,2027314.08,1221004.5985077668,0.7182067376238745,0.0049320806980037,0.19,0.0,GREEDY_HV,"['SPC_MBFLIP', 'SPC_MNUF', 'TPC_MPOLY', 'SBX_MPOLY', 'UC_NONE', 'SPC_NONE']","{'SPC_MNUF': 1, 'TPC_MPOLY': 1, 'SBX_MPOLY': 1, 'UC_NONE': 1, 'SPC_NONE': 1}"
28,6,UC,MPOLY,0.6695873645009928,0.0213540539622072,604167375.36,590490852.3069955,1799986.08,1222274.89925152,0.725224183778381,0.0070174461545065,0.1,0.055,GREEDY_HV,"['SPC_MBFLIP', 'SPC_MNUF', 'TPC_MPOLY', 'SBX_MPOLY', 'UC_NONE', 'SPC_NONE', 'UC_MPOLY']","{'SPC_MNUF': 1, 'TPC_MPOLY': 1, 'SBX_MPOLY': 1, 'UC_NONE': 1, 'SPC_NONE': 1, 'UC_MPOLY': 1}"
28,7,SPC,MPOLY,0.6712866313105357,0.0212264600325818,572397388.8,555243295.3686789,1784545.44,1238008.8093064954,0.7268179772928282,0.0015937935144471,0.11,0.045,GREEDY_HV,"['SPC_MBFLIP', 'SPC_MNUF', 'TPC_MPOLY', 'SBX_MPOLY', 'UC_NONE', 'SPC_NONE', 'UC_MPOLY', 'SPC_MPOLY']","{'SPC_MNUF': 1, 'TPC_MPOLY': 1, 'SBX_MPOLY': 1, 'UC_NONE': 1, 'SPC_NONE': 1, 'UC_MPOLY': 1, 'SPC_MPOLY': 1}"
28,8,SPC,NONE,0.6777649601401176,0.0220243384467096,560488714.24,470540964.0556865,1952036.0,1320864.3654063502,0.7294456315799349,0.0026276542871067,0.11,0.0,GREEDY_HV,"['SPC_MBFLIP', 'SPC_MNUF', 'TPC_MPOLY', 'SBX_MPOLY', 'UC_NONE', 'SPC_NONE', 'UC_MPOLY', 'SPC_MPOLY', 'SPC_NONE']","{'SPC_MNUF': 1, 'TPC_MPOLY': 1, 'SBX_MPOLY': 1, 'UC_NONE': 1, 'SPC_NONE': 2, 'UC_MPOLY': 1, 'SPC_MPOLY': 1}"
28,9,UC,NONE,0.6729318393724008,0.0192381282130315,370026800.64,294773840.5573786,1440524.96,1163679.0910648336,0.7306653826889018,0.0012197511089668,0.07,0.0,GREEDY_HV,"['SPC_MBFLIP', 'SPC_MNUF', 'TPC_MPOLY', 'SBX_MPOLY', 'UC_NONE', 'SPC_NONE', 'UC_MPOLY', 'SPC_MPOLY', 'SPC_NONE', 'UC_NONE']","{'SPC_MNUF': 1, 'TPC_MPOLY': 1, 'SBX_MPOLY': 1, 'UC_NONE': 2, 'SPC_NONE': 2, 'UC_MPOLY': 1, 'SPC_MPOLY': 1}"
28,10,TPC,MPOLY,0.6719669059530498,0.0259720541671344,408056468.48,337568117.8816323,1569358.24,1381934.7686556347,0.73244961992163,0.0017842372327282,0.07,0.035,GREEDY_HV,"['SPC_MBFLIP', 'SPC_MNUF', 'TPC_MPOLY', 'SBX_MPOLY', 'UC_NONE', 'SPC_NONE', 'UC_MPOLY', 'SPC_MPOLY', 'SPC_NONE', 'UC_NONE', 'TPC_MPOLY']","{'SPC_MNUF': 1, 'TPC_MPOLY': 2, 'SBX_MPOLY': 1, 'UC_NONE': 2, 'SPC_NONE': 2, 'UC_MPOLY': 1, 'SPC_MPOLY': 1}"
28,11,TPC,MPOLY,0.6711428734089435,0.0257326538009353,388981038.08,341693085.7387904,1460422.56,1323249.07349817,0.733064919796488,0.0006152998748579,0.1,0.015,GREEDY_HV,"['SPC_MBFLIP', 'SPC_MNUF', 'TPC_MPOLY', 'SBX_MPOLY', 'UC_NONE', 'SPC_NONE', 'UC_MPOLY', 'SPC_MPOLY', 'SPC_NONE', 'UC_NONE', 'TPC_MPOLY', 'TPC_MPOLY']","{'SPC_MNUF': 1, 'TPC_MPOLY': 3, 'SBX_MPOLY': 1, 'UC_NONE': 2, 'SPC_NONE': 2, 'UC_MPOLY': 1, 'SPC_MPOLY': 1}"
28,12,SPC,NONE,0.6747907840808274,0.0243492239226425,378288317.44,314518202.8672403,1339481.76,1001896.338432885,0.7335982116318137,0.0005332918353256,0.08,0.0,GREEDY_HV,"['SPC_MBFLIP', 'SPC_MNUF', 'TPC_MPOLY', 'SBX_MPOLY', 'UC_NONE', 'SPC_NONE', 'UC_MPOLY', 'SPC_MPOLY', 'SPC_NONE', 'UC_NONE', 'TPC_MPOLY', 'TPC_MPOLY', 'SPC_NONE']","{'SPC_MNUF': 1, 'TPC_MPOLY': 3, 'SBX_MPOLY': 1, 'UC_NONE': 2, 'SPC_NONE': 3, 'UC_MPOLY': 1, 'SPC_MPOLY': 1}"
28,13,TPC,NONE,0.6783408086848044,0.024580020534246,408195952.64,334282572.92243373,1398151.84,986118.2297755448,0.7339594923560994,0.0003612807242856,0.01,0.0,GREEDY_HV,"['SPC_MBFLIP', 'SPC_MNUF', 'TPC_MPOLY', 'SBX_MPOLY', 'UC_NONE', 'SPC_NONE', 'UC_MPOLY', 'SPC_MPOLY', 'SPC_NONE', 'UC_NONE', 'TPC_MPOLY', 'TPC_MPOLY', 'SPC_NONE', 'TPC_NONE']","{'SPC_MNUF': 1, 'TPC_MPOLY': 3, 'SBX_MPOLY': 1, 'UC_NONE': 2, 'SPC_NONE': 3, 'UC_MPOLY': 1, 'SPC_MPOLY': 1, 'TPC_NONE': 1}"
28,14,NONE,MPOLY,0.6782174194655687,0.0251115986643496,402789488.64,332435060.0598971,1401953.44,989284.38885708,0.7341439224382948,0.0001844300821954,0.0,0.01,GREEDY_HV,"['SPC_MBFLIP', 'SPC_MNUF', 'TPC_MPOLY', 'SBX_MPOLY', 'UC_NONE', 'SPC_NONE', 'UC_MPOLY', 'SPC_MPOLY', 'SPC_NONE', 'UC_NONE', 'TPC_MPOLY', 'TPC_MPOLY', 'SPC_NONE', 'TPC_NONE', 'NONE_MPOLY']","{'SPC_MNUF': 1, 'TPC_MPOLY': 3, 'SBX_MPOLY': 1, 'UC_NONE': 2, 'SPC_NONE': 3, 'UC_MPOLY': 1, 'SPC_MPOLY': 1, 'TPC_NONE': 1, 'NONE_MPOLY': 1}"
28,15,TPC,MPOLY,0.6790278554497755,0.0255590984752901,412840336.64,338233068.7782777,1442690.72,1030432.3656225678,0.7353912973854261,0.0012473749471312,0.02,0.01,GREEDY_HV,"['SPC_MBFLIP', 'SPC_MNUF', 'TPC_MPOLY', 'SBX_MPOLY', 'UC_NONE', 'SPC_NONE', 'UC_MPOLY', 'SPC_MPOLY', 'SPC_NONE', 'UC_NONE', 'TPC_MPOLY', 'TPC_MPOLY', 'SPC_NONE', 'TPC_NONE', 'NONE_MPOLY', 'TPC_MPOLY']","{'SPC_MNUF': 1, 'TPC_MPOLY': 4, 'SBX_MPOLY': 1, 'UC_NONE': 2, 'SPC_NONE': 3, 'UC_MPOLY': 1, 'SPC_MPOLY': 1, 'TPC_NONE': 1, 'NONE_MPOLY': 1}"
28,16,SBX,MPOLY,0.6806126058056767,0.0243634612604462,422939907.84,337807211.05374753,1488809.12,1034125.2227670044,0.7357879737905118,0.0003966764050856,0.0,0.03,GREEDY_HV,"['SPC_MBFLIP', 'SPC_MNUF', 'TPC_MPOLY', 'SBX_MPOLY', 'UC_NONE', 'SPC_NONE', 'UC_MPOLY', 'SPC_MPOLY', 'SPC_NONE', 'UC_NONE', 'TPC_MPOLY', 'TPC_MPOLY', 'SPC_NONE', 'TPC_NONE', 'NONE_MPOLY', 'TPC_MPOLY', 'SBX_MPOLY']","{'SPC_MNUF': 1, 'TPC_MPOLY': 4, 'SBX_MPOLY': 2, 'UC_NONE': 2, 'SPC_NONE': 3, 'UC_MPOLY': 1, 'SPC_MPOLY': 1, 'TPC_NONE': 1, 'NONE_MPOLY': 1}"
28,17,SPC,NONE,0.6862994745655518,0.0262839929984164,520449446.4,370319269.412424,1749894.56,1087755.232379567,0.7364298822667406,0.0006419084762288,0.03,0.0,GREEDY_HV,"['SPC_MBFLIP', 'SPC_MNUF', 'TPC_MPOLY', 'SBX_MPOLY', 'UC_NONE', 'SPC_NONE', 'UC_MPOLY', 'SPC_MPOLY', 'SPC_NONE', 'UC_NONE', 'TPC_MPOLY', 'TPC_MPOLY', 'SPC_NONE', 'TPC_NONE', 'NONE_MPOLY', 'TPC_MPOLY', 'SBX_MPOLY', 'SPC_NONE']","{'SPC_MNUF': 1, 'TPC_MPOLY': 4, 'SBX_MPOLY': 2, 'UC_NONE': 2, 'SPC_NONE': 4, 'UC_MPOLY': 1, 'SPC_MPOLY': 1, 'TPC_NONE': 1, 'NONE_MPOLY': 1}"
28,18,TPC,NONE,0.6859117347374146,0.0282732072002951,540548701.44,377638963.0151346,1774639.52,1123118.76528592,0.7366005570356902,0.0001706747689496,0.01,0.0,GREEDY_HV,"['SPC_MBFLIP', 'SPC_MNUF', 'TPC_MPOLY', 'SBX_MPOLY', 'UC_NONE', 'SPC_NONE', 'UC_MPOLY', 'SPC_MPOLY', 'SPC_NONE', 'UC_NONE', 'TPC_MPOLY', 'TPC_MPOLY', 'SPC_NONE', 'TPC_NONE', 'NONE_MPOLY', 'TPC_MPOLY', 'SBX_MPOLY', 'SPC_NONE', 'TPC_NONE']","{'SPC_MNUF': 1, 'TPC_MPOLY': 4, 'SBX_MPOLY': 2, 'UC_NONE': 2, 'SPC_NONE': 4, 'UC_MPOLY': 1, 'SPC_MPOLY': 1, 'TPC_NONE': 2, 'NONE_MPOLY': 1}"
28,19,SPC,NONE,0.6860443310715884,0.0276369059630241,517746453.76,369953048.7703648,1724297.12,1085899.3265558395,0.7366597032079836,5.914617229341168e-05,0.06,0.0,GREEDY_HV,"['SPC_MBFLIP', 'SPC_MNUF', 'TPC_MPOLY', 'SBX_MPOLY', 'UC_NONE', 'SPC_NONE', 'UC_MPOLY', 'SPC_MPOLY', 'SPC_NONE', 'UC_NONE', 'TPC_MPOLY', 'TPC_MPOLY', 'SPC_NONE', 'TPC_NONE', 'NONE_MPOLY', 'TPC_MPOLY', 'SBX_MPOLY', 'SPC_NONE', 'TPC_NONE', 'SPC_NONE']","{'SPC_MNUF': 1, 'TPC_MPOLY': 4, 'SBX_MPOLY': 2, 'UC_NONE': 2, 'SPC_NONE': 5, 'UC_MPOLY': 1, 'SPC_MPOLY': 1, 'TPC_NONE': 2, 'NONE_MPOLY': 1}"
28,20,UC,NONE,0.687212064812893,0.0282101764712918,511947562.24,353135686.1320919,1772684.96,1140036.810266212,0.7367540217967768,9.431858879327404e-05,0.03,0.0,GREEDY_HV,"['SPC_MBFLIP', 'SPC_MNUF', 'TPC_MPOLY', 'SBX_MPOLY', 'UC_NONE', 'SPC_NONE', 'UC_MPOLY', 'SPC_MPOLY', 'SPC_NONE', 'UC_NONE', 'TPC_MPOLY', 'TPC_MPOLY', 'SPC_NONE', 'TPC_NONE', 'NONE_MPOLY', 'TPC_MPOLY', 'SBX_MPOLY', 'SPC_NONE', 'TPC_NONE', 'SPC_NONE', 'UC_NONE']","{'SPC_MNUF': 1, 'TPC_MPOLY': 4, 'SBX_MPOLY': 2, 'UC_NONE': 3, 'SPC_NONE': 5, 'UC_MPOLY': 1, 'SPC_MPOLY': 1, 'TPC_NONE': 2, 'NONE_MPOLY': 1}"
28,21,UC,NONE,0.6858517622889824,0.0286850359552532,478076412.16,331487152.5086868,1676972.96,1117791.1910731264,0.736867944279565,0.0001139224827881,0.01,0.0,GREEDY_HV,"['SPC_MBFLIP', 'SPC_MNUF', 'TPC_MPOLY', 'SBX_MPOLY', 'UC_NONE', 'SPC_NONE', 'UC_MPOLY', 'SPC_MPOLY', 'SPC_NONE', 'UC_NONE', 'TPC_MPOLY', 'TPC_MPOLY', 'SPC_NONE', 'TPC_NONE', 'NONE_MPOLY', 'TPC_MPOLY', 'SBX_MPOLY', 'SPC_NONE', 'TPC_NONE', 'SPC_NONE', 'UC_NONE', 'UC_NONE']","{'SPC_MNUF': 1, 'TPC_MPOLY': 4, 'SBX_MPOLY': 2, 'UC_NONE': 4, 'SPC_NONE': 5, 'UC_MPOLY': 1, 'SPC_MPOLY': 1, 'TPC_NONE': 2, 'NONE_MPOLY': 1}"
28,22,SPC,NONE,0.6862170521425316,0.0283715210771779,496040674.56,351168761.6894421,1684085.92,1124881.7601540147,0.7369478242627506,7.987998318559342e-05,0.03,0.0,GREEDY_HV,"['SPC_MBFLIP', 'SPC_MNUF', 'TPC_MPOLY', 'SBX_MPOLY', 'UC_NONE', 'SPC_NONE', 'UC_MPOLY', 'SPC_MPOLY', 'SPC_NONE', 'UC_NONE', 'TPC_MPOLY', 'TPC_MPOLY', 'SPC_NONE', 'TPC_NONE', 'NONE_MPOLY', 'TPC_MPOLY', 'SBX_MPOLY', 'SPC_NONE', 'TPC_NONE', 'SPC_NONE', 'UC_NONE', 'UC_NONE', 'SPC_NONE']","{'SPC_MNUF': 1, 'TPC_MPOLY': 4, 'SBX_MPOLY': 2, 'UC_NONE': 4, 'SPC_NONE': 6, 'UC_MPOLY': 1, 'SPC_MPOLY': 1, 'TPC_NONE': 2, 'NONE_MPOLY': 1}"
28,23,UC,NONE,0.6847616196682687,0.0282637464957092,475678808.32,342249208.55796057,1576792.48,1058937.7998950123,0.7370700677618579,0.0001222434991072,0.02,0.0,GREEDY_HV,"['SPC_MBFLIP', 'SPC_MNUF', 'TPC_MPOLY', 'SBX_MPOLY', 'UC_NONE', 'SPC_NONE', 'UC_MPOLY', 'SPC_MPOLY', 'SPC_NONE', 'UC_NONE', 'TPC_MPOLY', 'TPC_MPOLY', 'SPC_NONE', 'TPC_NONE', 'NONE_MPOLY', 'TPC_MPOLY', 'SBX_MPOLY', 'SPC_NONE', 'TPC_NONE', 'SPC_NONE', 'UC_NONE', 'UC_NONE', 'SPC_NONE', 'UC_NONE']","{'SPC_MNUF': 1, 'TPC_MPOLY': 4, 'SBX_MPOLY': 2, 'UC_NONE': 5, 'SPC_NONE': 6, 'UC_MPOLY': 1, 'SPC_MPOLY': 1, 'TPC_NONE': 2, 'NONE_MPOLY': 1}"
28,24,TPC,NONE,0.6857648280586006,0.0287637430384328,494463043.84,349684967.7381189,1634904.48,1086590.7200135707,0.7371075137032217,3.744594136378954e-05,0.0,0.0,GREEDY_HV,"['SPC_MBFLIP', 'SPC_MNUF', 'TPC_MPOLY', 'SBX_MPOLY', 'UC_NONE', 'SPC_NONE', 'UC_MPOLY', 'SPC_MPOLY', 'SPC_NONE', 'UC_NONE', 'TPC_MPOLY', 'TPC_MPOLY', 'SPC_NONE', 'TPC_NONE', 'NONE_MPOLY', 'TPC_MPOLY', 'SBX_MPOLY', 'SPC_NONE', 'TPC_NONE', 'SPC_NONE', 'UC_NONE', 'UC_NONE', 'SPC_NONE', 'UC_NONE', 'TPC_NONE']","{'SPC_MNUF': 1, 'TPC_MPOLY': 4, 'SBX_MPOLY': 2, 'UC_NONE': 5, 'SPC_NONE': 6, 'UC_MPOLY': 1, 'SPC_MPOLY': 1, 'TPC_NONE': 3, 'NONE_MPOLY': 1}"
28,25,SPC,NONE,0.687137036455578,0.0279187946012083,502330830.08,333763881.7434524,1666415.52,1054141.2573094794,0.7370919194519419,-1.5594251279837934e-05,0.01,0.0,GREEDY_HV,"['SPC_MBFLIP', 'SPC_MNUF', 'TPC_MPOLY', 'SBX_MPOLY', 'UC_NONE', 'SPC_NONE', 'UC_MPOLY', 'SPC_MPOLY', 'SPC_NONE', 'UC_NONE', 'TPC_MPOLY', 'TPC_MPOLY', 'SPC_NONE', 'TPC_NONE', 'NONE_MPOLY', 'TPC_MPOLY', 'SBX_MPOLY', 'SPC_NONE', 'TPC_NONE', 'SPC_NONE', 'UC_NONE', 'UC_NONE', 'SPC_NONE', 'UC_NONE', 'TPC_NONE', 'SPC_NONE']","{'SPC_MNUF': 1, 'TPC_MPOLY': 4, 'SBX_MPOLY': 2, 'UC_NONE': 5, 'SPC_NONE': 7, 'UC_MPOLY': 1, 'SPC_MPOLY': 1, 'TPC_NONE': 3, 'NONE_MPOLY': 1}"
28,26,SBX,NONE,0.6862359488680305,0.0276813841169953,485627285.76,321960927.29988265,1583893.92,1024095.7169496968,0.737546836776545,0.0004549173246031,0.01,0.0,GREEDY_HV,"['SPC_MBFLIP', 'SPC_MNUF', 'TPC_MPOLY', 'SBX_MPOLY', 'UC_NONE', 'SPC_NONE', 'UC_MPOLY', 'SPC_MPOLY', 'SPC_NONE', 'UC_NONE', 'TPC_MPOLY', 'TPC_MPOLY', 'SPC_NONE', 'TPC_NONE', 'NONE_MPOLY', 'TPC_MPOLY', 'SBX_MPOLY', 'SPC_NONE', 'TPC_NONE', 'SPC_NONE', 'UC_NONE', 'UC_NONE', 'SPC_NONE', 'UC_NONE', 'TPC_NONE', 'SPC_NONE', 'SBX_NONE']","{'SPC_MNUF': 1, 'TPC_MPOLY': 4, 'SBX_MPOLY': 2, 'UC_NONE': 5, 'SPC_NONE': 7, 'UC_MPOLY': 1, 'SPC_MPOLY': 1, 'TPC_NONE': 3, 'NONE_MPOLY': 1, 'SBX_NONE': 1}"
28,27,SPC,NONE,0.6871811109750803,0.0284869065079983,514200300.8,344715890.4629193,1664464.8,1072620.6202545243,0.7376316593475777,8.482257103270552e-05,0.01,0.0,GREEDY_HV,"['SPC_MBFLIP', 'SPC_MNUF', 'TPC_MPOLY', 'SBX_MPOLY', 'UC_NONE', 'SPC_NONE', 'UC_MPOLY', 'SPC_MPOLY', 'SPC_NONE', 'UC_NONE', 'TPC_MPOLY', 'TPC_MPOLY', 'SPC_NONE', 'TPC_NONE', 'NONE_MPOLY', 'TPC_MPOLY', 'SBX_MPOLY', 'SPC_NONE', 'TPC_NONE', 'SPC_NONE', 'UC_NONE', 'UC_NONE', 'SPC_NONE', 'UC_NONE', 'TPC_NONE', 'SPC_NONE', 'SBX_NONE', 'SPC_NONE']","{'SPC_MNUF': 1, 'TPC_MPOLY': 4, 'SBX_MPOLY': 2, 'UC_NONE': 5, 'SPC_NONE': 8, 'UC_MPOLY': 1, 'SPC_MPOLY': 1, 'TPC_NONE': 3, 'NONE_MPOLY': 1, 'SBX_NONE': 1}"
28,28,TPC,NONE,0.6883158000345511,0.0278314845275351,523562743.04,348759261.7829888,1697410.72,1076002.0473120864,0.7376891681326584,5.750878508070656e-05,0.01,0.0,GREEDY_HV,"['SPC_MBFLIP', 'SPC_MNUF', 'TPC_MPOLY', 'SBX_MPOLY', 'UC_NONE', 'SPC_NONE', 'UC_MPOLY', 'SPC_MPOLY', 'SPC_NONE', 'UC_NONE', 'TPC_MPOLY', 'TPC_MPOLY', 'SPC_NONE', 'TPC_NONE', 'NONE_MPOLY', 'TPC_MPOLY', 'SBX_MPOLY', 'SPC_NONE', 'TPC_NONE', 'SPC_NONE', 'UC_NONE', 'UC_NONE', 'SPC_NONE', 'UC_NONE', 'TPC_NONE', 'SPC_NONE', 'SBX_NONE', 'SPC_NONE', 'TPC_NONE']","{'SPC_MNUF': 1, 'TPC_MPOLY': 4, 'SBX_MPOLY': 2, 'UC_NONE': 5, 'SPC_NONE': 8, 'UC_MPOLY': 1, 'SPC_MPOLY': 1, 'TPC_NONE': 4, 'NONE_MPOLY': 1, 'SBX_NONE': 1}"
28,29,TPC,NONE,0.6891654369669538,0.0281746045162298,537414698.24,342083452.0618939,1711156.64,1044237.7542852922,0.7385257050053194,0.000836536872661,0.0,0.0,GREEDY_HV,"['SPC_MBFLIP', 'SPC_MNUF', 'TPC_MPOLY', 'SBX_MPOLY', 'UC_NONE', 'SPC_NONE', 'UC_MPOLY', 'SPC_MPOLY', 'SPC_NONE', 'UC_NONE', 'TPC_MPOLY', 'TPC_MPOLY', 'SPC_NONE', 'TPC_NONE', 'NONE_MPOLY', 'TPC_MPOLY', 'SBX_MPOLY', 'SPC_NONE', 'TPC_NONE', 'SPC_NONE', 'UC_NONE', 'UC_NONE', 'SPC_NONE', 'UC_NONE', 'TPC_NONE', 'SPC_NONE', 'SBX_NONE', 'SPC_NONE', 'TPC_NONE', 'TPC_NONE']","{'SPC_MNUF': 1, 'TPC_MPOLY': 4, 'SBX_MPOLY': 2, 'UC_NONE': 5, 'SPC_NONE': 8, 'UC_MPOLY': 1, 'SPC_MPOLY': 1, 'TPC_NONE': 5, 'NONE_MPOLY': 1, 'SBX_NONE': 1}"
28,30,UC,NONE,0.6900176314655505,0.027797727055183,560341233.92,361044584.0178327,1756663.2,1055742.3814342592,0.7386174775608533,9.177255553383112e-05,0.01,0.0,GREEDY_HV,"['SPC_MBFLIP', 'SPC_MNUF', 'TPC_MPOLY', 'SBX_MPOLY', 'UC_NONE', 'SPC_NONE', 'UC_MPOLY', 'SPC_MPOLY', 'SPC_NONE', 'UC_NONE', 'TPC_MPOLY', 'TPC_MPOLY', 'SPC_NONE', 'TPC_NONE', 'NONE_MPOLY', 'TPC_MPOLY', 'SBX_MPOLY', 'SPC_NONE', 'TPC_NONE', 'SPC_NONE', 'UC_NONE', 'UC_NONE', 'SPC_NONE', 'UC_NONE', 'TPC_NONE', 'SPC_NONE', 'SBX_NONE', 'SPC_NONE', 'TPC_NONE', 'TPC_NONE', 'UC_NONE']","{'SPC_MNUF': 1, 'TPC_MPOLY': 4, 'SBX_MPOLY': 2, 'UC_NONE': 6, 'SPC_NONE': 8, 'UC_MPOLY': 1, 'SPC_MPOLY': 1, 'TPC_NONE': 5, 'NONE_MPOLY': 1, 'SBX_NONE': 1}"
28,31,SPC,NONE,0.6890066311028362,0.0282086400579719,540225624.32,359298030.6780666,1706602.4,1064148.3070366462,0.7386912950946956,7.381753384227974e-05,0.01,0.0,GREEDY_HV,"['SPC_MBFLIP', 'SPC_MNUF', 'TPC_MPOLY', 'SBX_MPOLY', 'UC_NONE', 'SPC_NONE', 'UC_MPOLY', 'SPC_MPOLY', 'SPC_NONE', 'UC_NONE', 'TPC_MPOLY', 'TPC_MPOLY', 'SPC_NONE', 'TPC_NONE', 'NONE_MPOLY', 'TPC_MPOLY', 'SBX_MPOLY', 'SPC_NONE', 'TPC_NONE', 'SPC_NONE', 'UC_NONE', 'UC_NONE', 'SPC_NONE', 'UC_NONE', 'TPC_NONE', 'SPC_NONE', 'SBX_NONE', 'SPC_NONE', 'TPC_NONE', 'TPC_NONE', 'UC_NONE', 'SPC_NONE']","{'SPC_MNUF': 1, 'TPC_MPOLY': 4, 'SBX_MPOLY': 2, 'UC_NONE': 6, 'SPC_NONE': 9, 'UC_MPOLY': 1, 'SPC_MPOLY': 1, 'TPC_NONE': 5, 'NONE_MPOLY': 1, 'SBX_NONE': 1}"
28,32,SPC,NONE,0.6904953470792771,0.0274869453777318,566705455.36,376433120.4080308,1729536.16,1044528.7093081428,0.7386516257020647,-3.96693926308922e-05,0.0,0.0,GREEDY_HV,"['SPC_MBFLIP', 'SPC_MNUF', 'TPC_MPOLY', 'SBX_MPOLY', 'UC_NONE', 'SPC_NONE', 'UC_MPOLY', 'SPC_MPOLY', 'SPC_NONE', 'UC_NONE', 'TPC_MPOLY', 'TPC_MPOLY', 'SPC_NONE', 'TPC_NONE', 'NONE_MPOLY', 'TPC_MPOLY', 'SBX_MPOLY', 'SPC_NONE', 'TPC_NONE', 'SPC_NONE', 'UC_NONE', 'UC_NONE', 'SPC_NONE', 'UC_NONE', 'TPC_NONE', 'SPC_NONE', 'SBX_NONE', 'SPC_NONE', 'TPC_NONE', 'TPC_NONE', 'UC_NONE', 'SPC_NONE', 'SPC_NONE']","{'SPC_MNUF': 1, 'TPC_MPOLY': 4, 'SBX_MPOLY': 2, 'UC_NONE': 6, 'SPC_NONE': 10, 'UC_MPOLY': 1, 'SPC_MPOLY': 1, 'TPC_NONE': 5, 'NONE_MPOLY': 1, 'SBX_NONE': 1}"
28,33,SPC,NONE,0.6889211487808972,0.0281466628353442,537638186.24,370130071.3014147,1691931.04,1063641.9038769198,0.7386917008860248,4.007518396009768e-05,0.02,0.0,GREEDY_HV,"['SPC_MBFLIP', 'SPC_MNUF', 'TPC_MPOLY', 'SBX_MPOLY', 'UC_NONE', 'SPC_NONE', 'UC_MPOLY', 'SPC_MPOLY', 'SPC_NONE', 'UC_NONE', 'TPC_MPOLY', 'TPC_MPOLY', 'SPC_NONE', 'TPC_NONE', 'NONE_MPOLY', 'TPC_MPOLY', 'SBX_MPOLY', 'SPC_NONE', 'TPC_NONE', 'SPC_NONE', 'UC_NONE', 'UC_NONE', 'SPC_NONE', 'UC_NONE', 'TPC_NONE', 'SPC_NONE', 'SBX_NONE', 'SPC_NONE', 'TPC_NONE', 'TPC_NONE', 'UC_NONE', 'SPC_NONE', 'SPC_NONE', 'SPC_NONE']","{'SPC_MNUF': 1, 'TPC_MPOLY': 4, 'SBX_MPOLY': 2, 'UC_NONE': 6, 'SPC_NONE': 11, 'UC_MPOLY': 1, 'SPC_MPOLY': 1, 'TPC_NONE': 5, 'NONE_MPOLY': 1, 'SBX_NONE': 1}"
28,34,TPC,NONE,0.6892957938386075,0.0281775222295277,541235114.24,368149793.07729113,1700476.32,1064818.2908324862,0.7387221107385284,3.0409852503687773e-05,0.0,0.0,GREEDY_HV,"['SPC_MBFLIP', 'SPC_MNUF', 'TPC_MPOLY', 'SBX_MPOLY', 'UC_NONE', 'SPC_NONE', 'UC_MPOLY', 'SPC_MPOLY', 'SPC_NONE', 'UC_NONE', 'TPC_MPOLY', 'TPC_MPOLY', 'SPC_NONE', 'TPC_NONE', 'NONE_MPOLY', 'TPC_MPOLY', 'SBX_MPOLY', 'SPC_NONE', 'TPC_NONE', 'SPC_NONE', 'UC_NONE', 'UC_NONE', 'SPC_NONE', 'UC_NONE', 'TPC_NONE', 'SPC_NONE', 'SBX_NONE', 'SPC_NONE', 'TPC_NONE', 'TPC_NONE', 'UC_NONE', 'SPC_NONE', 'SPC_NONE', 'SPC_NONE', 'TPC_NONE']","{'SPC_MNUF': 1, 'TPC_MPOLY': 4, 'SBX_MPOLY': 2, 'UC_NONE': 6, 'SPC_NONE': 11, 'UC_MPOLY': 1, 'SPC_MPOLY': 1, 'TPC_NONE': 6, 'NONE_MPOLY': 1, 'SBX_NONE': 1}"
28,35,UC,NONE,0.6905169471246421,0.0277125955839286,548775921.92,358492222.40197295,1715772.32,1043516.464696814,0.7387514544291307,2.9343690602257052e-05,0.01,0.0,GREEDY_HV,"['SPC_MBFLIP', 'SPC_MNUF', 'TPC_MPOLY', 'SBX_MPOLY', 'UC_NONE', 'SPC_NONE', 'UC_MPOLY', 'SPC_MPOLY', 'SPC_NONE', 'UC_NONE', 'TPC_MPOLY', 'TPC_MPOLY', 'SPC_NONE', 'TPC_NONE', 'NONE_MPOLY', 'TPC_MPOLY', 'SBX_MPOLY', 'SPC_NONE', 'TPC_NONE', 'SPC_NONE', 'UC_NONE', 'UC_NONE', 'SPC_NONE', 'UC_NONE', 'TPC_NONE', 'SPC_NONE', 'SBX_NONE', 'SPC_NONE', 'TPC_NONE', 'TPC_NONE', 'UC_NONE', 'SPC_NONE', 'SPC_NONE', 'SPC_NONE', 'TPC_NONE', 'UC_NONE']","{'SPC_MNUF': 1, 'TPC_MPOLY': 4, 'SBX_MPOLY': 2, 'UC_NONE': 7, 'SPC_NONE': 11, 'UC_MPOLY': 1, 'SPC_MPOLY': 1, 'TPC_NONE': 6, 'NONE_MPOLY': 1, 'SBX_NONE': 1}"
28,36,NONE,MPOLY,0.6908220711926029,0.0273456240941523,544580691.2,351249741.8399859,1707244.96,1017391.2655359488,0.7387016961096197,-4.97583195110396e-05,0.0,0.0,GREEDY_HV,"['SPC_MBFLIP', 'SPC_MNUF', 'TPC_MPOLY', 'SBX_MPOLY', 'UC_NONE', 'SPC_NONE', 'UC_MPOLY', 'SPC_MPOLY', 'SPC_NONE', 'UC_NONE', 'TPC_MPOLY', 'TPC_MPOLY', 'SPC_NONE', 'TPC_NONE', 'NONE_MPOLY', 'TPC_MPOLY', 'SBX_MPOLY', 'SPC_NONE', 'TPC_NONE', 'SPC_NONE', 'UC_NONE', 'UC_NONE', 'SPC_NONE', 'UC_NONE', 'TPC_NONE', 'SPC_NONE', 'SBX_NONE', 'SPC_NONE', 'TPC_NONE', 'TPC_NONE', 'UC_NONE', 'SPC_NONE', 'SPC_NONE', 'SPC_NONE', 'TPC_NONE', 'UC_NONE', 'NONE_MPOLY']","{'SPC_MNUF': 1, 'TPC_MPOLY': 4, 'SBX_MPOLY': 2, 'UC_NONE': 7, 'SPC_NONE': 11, 'UC_MPOLY': 1, 'SPC_MPOLY': 1, 'TPC_NONE': 6, 'NONE_MPOLY': 2, 'SBX_NONE': 1}"
28,37,SPC,NONE,0.6894900765088268,0.0286876335257049,541679886.08,362684222.3393105,1696577.44,1076665.1315687003,0.7387852110932522,8.351498363257104e-05,0.01,0.0,GREEDY_HV,"['SPC_MBFLIP', 'SPC_MNUF', 'TPC_MPOLY', 'SBX_MPOLY', 'UC_NONE', 'SPC_NONE', 'UC_MPOLY', 'SPC_MPOLY', 'SPC_NONE', 'UC_NONE', 'TPC_MPOLY', 'TPC_MPOLY', 'SPC_NONE', 'TPC_NONE', 'NONE_MPOLY', 'TPC_MPOLY', 'SBX_MPOLY', 'SPC_NONE', 'TPC_NONE', 'SPC_NONE', 'UC_NONE', 'UC_NONE', 'SPC_NONE', 'UC_NONE', 'TPC_NONE', 'SPC_NONE', 'SBX_NONE', 'SPC_NONE', 'TPC_NONE', 'TPC_NONE', 'UC_NONE', 'SPC_NONE', 'SPC_NONE', 'SPC_NONE', 'TPC_NONE', 'UC_NONE', 'NONE_MPOLY', 'SPC_NONE']","{'SPC_MNUF': 1, 'TPC_MPOLY': 4, 'SBX_MPOLY': 2, 'UC_NONE': 7, 'SPC_NONE': 12, 'UC_MPOLY': 1, 'SPC_MPOLY': 1, 'TPC_NONE': 6, 'NONE_MPOLY': 2, 'SBX_NONE': 1}"
28,38,TPC,NONE,0.6898239368530656,0.0285359558521775,537967384.32,366684867.5390772,1732110.24,1064516.1342780776,0.7387877233114806,2.512218228334362e-06,0.01,0.0,GREEDY_HV,"['SPC_MBFLIP', 'SPC_MNUF', 'TPC_MPOLY', 'SBX_MPOLY', 'UC_NONE', 'SPC_NONE', 'UC_MPOLY', 'SPC_MPOLY', 'SPC_NONE', 'UC_NONE', 'TPC_MPOLY', 'TPC_MPOLY', 'SPC_NONE', 'TPC_NONE', 'NONE_MPOLY', 'TPC_MPOLY', 'SBX_MPOLY', 'SPC_NONE', 'TPC_NONE', 'SPC_NONE', 'UC_NONE', 'UC_NONE', 'SPC_NONE', 'UC_NONE', 'TPC_NONE', 'SPC_NONE', 'SBX_NONE', 'SPC_NONE', 'TPC_NONE', 'TPC_NONE', 'UC_NONE', 'SPC_NONE', 'SPC_NONE', 'SPC_NONE', 'TPC_NONE', 'UC_NONE', 'NONE_MPOLY', 'SPC_NONE', 'TPC_NONE']","{'SPC_MNUF': 1, 'TPC_MPOLY': 4, 'SBX_MPOLY': 2, 'UC_NONE': 7, 'SPC_NONE': 12, 'UC_MPOLY': 1, 'SPC_MPOLY': 1, 'TPC_NONE': 7, 'NONE_MPOLY': 2, 'SBX_NONE': 1}"
28,39,SPC,NONE,0.6901060648067836,0.0285533190248101,544324560.64,369153344.95775616,1745906.08,1063510.5935116552,0.7388036533929726,1.5930081492032677e-05,0.01,0.0,GREEDY_HV,"['SPC_MBFLIP', 'SPC_MNUF', 'TPC_MPOLY', 'SBX_MPOLY', 'UC_NONE', 'SPC_NONE', 'UC_MPOLY', 'SPC_MPOLY', 'SPC_NONE', 'UC_NONE', 'TPC_MPOLY', 'TPC_MPOLY', 'SPC_NONE', 'TPC_NONE', 'NONE_MPOLY', 'TPC_MPOLY', 'SBX_MPOLY', 'SPC_NONE', 'TPC_NONE', 'SPC_NONE', 'UC_NONE', 'UC_NONE', 'SPC_NONE', 'UC_NONE', 'TPC_NONE', 'SPC_NONE', 'SBX_NONE', 'SPC_NONE', 'TPC_NONE', 'TPC_NONE', 'UC_NONE', 'SPC_NONE', 'SPC_NONE', 'SPC_NONE', 'TPC_NONE', 'UC_NONE', 'NONE_MPOLY', 'SPC_NONE', 'TPC_NONE', 'SPC_NONE']","{'SPC_MNUF': 1, 'TPC_MPOLY': 4, 'SBX_MPOLY': 2, 'UC_NONE': 7, 'SPC_NONE': 13, 'UC_MPOLY': 1, 'SPC_MPOLY': 1, 'TPC_NONE': 7, 'NONE_MPOLY': 2, 'SBX_NONE': 1}"
28,40,TPC,NONE,0.6914817431220385,0.0280707530031142,561952044.8,364010228.7846372,1786247.84,1062844.930381838,0.7388123023495958,8.648956623225068e-06,0.0,0.0,GREEDY_HV,"['SPC_MBFLIP', 'SPC_MNUF', 'TPC_MPOLY', 'SBX_MPOLY', 'UC_NONE', 'SPC_NONE', 'UC_MPOLY', 'SPC_MPOLY', 'SPC_NONE', 'UC_NONE', 'TPC_MPOLY', 'TPC_MPOLY', 'SPC_NONE', 'TPC_NONE', 'NONE_MPOLY', 'TPC_MPOLY', 'SBX_MPOLY', 'SPC_NONE', 'TPC_NONE', 'SPC_NONE', 'UC_NONE', 'UC_NONE', 'SPC_NONE', 'UC_NONE', 'TPC_NONE', 'SPC_NONE', 'SBX_NONE', 'SPC_NONE', 'TPC_NONE', 'TPC_NONE', 'UC_NONE', 'SPC_NONE', 'SPC_NONE', 'SPC_NONE', 'TPC_NONE', 'UC_NONE', 'NONE_MPOLY', 'SPC_NONE', 'TPC_NONE', 'SPC_NONE', 'TPC_NONE']","{'SPC_MNUF': 1, 'TPC_MPOLY': 4, 'SBX_MPOLY': 2, 'UC_NONE': 7, 'SPC_NONE': 13, 'UC_MPOLY': 1, 'SPC_MPOLY': 1, 'TPC_NONE': 8, 'NONE_MPOLY': 2, 'SBX_NONE': 1}"
28,41,TPC,NONE,0.6912103575325368,0.028144253783433,552442120.96,356795086.3140021,1768923.04,1058632.664244382,0.738816358541119,4.056191523216235e-06,0.0,0.0,GREEDY_HV,"['SPC_MBFLIP', 'SPC_MNUF', 'TPC_MPOLY', 'SBX_MPOLY', 'UC_NONE', 'SPC_NONE', 'UC_MPOLY', 'SPC_MPOLY', 'SPC_NONE', 'UC_NONE', 'TPC_MPOLY', 'TPC_MPOLY', 'SPC_NONE', 'TPC_NONE', 'NONE_MPOLY', 'TPC_MPOLY', 'SBX_MPOLY', 'SPC_NONE', 'TPC_NONE', 'SPC_NONE', 'UC_NONE', 'UC_NONE', 'SPC_NONE', 'UC_NONE', 'TPC_NONE', 'SPC_NONE', 'SBX_NONE', 'SPC_NONE', 'TPC_NONE', 'TPC_NONE', 'UC_NONE', 'SPC_NONE', 'SPC_NONE', 'SPC_NONE', 'TPC_NONE', 'UC_NONE', 'NONE_MPOLY', 'SPC_NONE', 'TPC_NONE', 'SPC_NONE', 'TPC_NONE', 'TPC_NONE']","{'SPC_MNUF': 1, 'TPC_MPOLY': 4, 'SBX_MPOLY': 2, 'UC_NONE': 7, 'SPC_NONE': 13, 'UC_MPOLY': 1, 'SPC_MPOLY': 1, 'TPC_NONE': 9, 'NONE_MPOLY': 2, 'SBX_NONE': 1}"
28,42,SPC,NONE,0.691367739884714,0.0282924391452697,574729260.8,365600474.7330261,1788793.76,1065192.509703792,0.7388328563400132,1.649779889412173e-05,0.0,0.0,GREEDY_HV,"['SPC_MBFLIP', 'SPC_MNUF', 'TPC_MPOLY', 'SBX_MPOLY', 'UC_NONE', 'SPC_NONE', 'UC_MPOLY', 'SPC_MPOLY', 'SPC_NONE', 'UC_NONE', 'TPC_MPOLY', 'TPC_MPOLY', 'SPC_NONE', 'TPC_NONE', 'NONE_MPOLY', 'TPC_MPOLY', 'SBX_MPOLY', 'SPC_NONE', 'TPC_NONE', 'SPC_NONE', 'UC_NONE', 'UC_NONE', 'SPC_NONE', 'UC_NONE', 'TPC_NONE', 'SPC_NONE', 'SBX_NONE', 'SPC_NONE', 'TPC_NONE', 'TPC_NONE', 'UC_NONE', 'SPC_NONE', 'SPC_NONE', 'SPC_NONE', 'TPC_NONE', 'UC_NONE', 'NONE_MPOLY', 'SPC_NONE', 'TPC_NONE', 'SPC_NONE', 'TPC_NONE', 'TPC_NONE', 'SPC_NONE']","{'SPC_MNUF': 1, 'TPC_MPOLY': 4, 'SBX_MPOLY': 2, 'UC_NONE': 7, 'SPC_NONE': 14, 'UC_MPOLY': 1, 'SPC_MPOLY': 1, 'TPC_NONE': 9, 'NONE_MPOLY': 2, 'SBX_NONE': 1}"
28,43,UC,NONE,0.6913384306353433,0.0281105769549462,574733597.44,353399015.8940604,1776183.2,1060027.809659049,0.738811352034415,-2.150430559821892e-05,0.0,0.0,GREEDY_HV,"['SPC_MBFLIP', 'SPC_MNUF', 'TPC_MPOLY', 'SBX_MPOLY', 'UC_NONE', 'SPC_NONE', 'UC_MPOLY', 'SPC_MPOLY', 'SPC_NONE', 'UC_NONE', 'TPC_MPOLY', 'TPC_MPOLY', 'SPC_NONE', 'TPC_NONE', 'NONE_MPOLY', 'TPC_MPOLY', 'SBX_MPOLY', 'SPC_NONE', 'TPC_NONE', 'SPC_NONE', 'UC_NONE', 'UC_NONE', 'SPC_NONE', 'UC_NONE', 'TPC_NONE', 'SPC_NONE', 'SBX_NONE', 'SPC_NONE', 'TPC_NONE', 'TPC_NONE', 'UC_NONE', 'SPC_NONE', 'SPC_NONE', 'SPC_NONE', 'TPC_NONE', 'UC_NONE', 'NONE_MPOLY', 'SPC_NONE', 'TPC_NONE', 'SPC_NONE', 'TPC_NONE', 'TPC_NONE', 'SPC_NONE', 'UC_NONE']","{'SPC_MNUF': 1, 'TPC_MPOLY': 4, 'SBX_MPOLY': 2, 'UC_NONE': 8, 'SPC_NONE': 14, 'UC_MPOLY': 1, 'SPC_MPOLY': 1, 'TPC_NONE': 9, 'NONE_MPOLY': 2, 'SBX_NONE': 1}"
28,44,SPC,NONE,0.6909564026149333,0.0280591631471985,554482901.76,353648672.0353473,1763047.84,1063167.1663592204,0.7388065325885935,-4.819445821424573e-06,0.0,0.0,GREEDY_HV,"['SPC_MBFLIP', 'SPC_MNUF', 'TPC_MPOLY', 'SBX_MPOLY', 'UC_NONE', 'SPC_NONE', 'UC_MPOLY', 'SPC_MPOLY', 'SPC_NONE', 'UC_NONE', 'TPC_MPOLY', 'TPC_MPOLY', 'SPC_NONE', 'TPC_NONE', 'NONE_MPOLY', 'TPC_MPOLY', 'SBX_MPOLY', 'SPC_NONE', 'TPC_NONE', 'SPC_NONE', 'UC_NONE', 'UC_NONE', 'SPC_NONE', 'UC_NONE', 'TPC_NONE', 'SPC_NONE', 'SBX_NONE', 'SPC_NONE', 'TPC_NONE', 'TPC_NONE', 'UC_NONE', 'SPC_NONE', 'SPC_NONE', 'SPC_NONE', 'TPC_NONE', 'UC_NONE', 'NONE_MPOLY', 'SPC_NONE', 'TPC_NONE', 'SPC_NONE', 'TPC_NONE', 'TPC_NONE', 'SPC_NONE', 'UC_NONE', 'SPC_NONE']","{'SPC_MNUF': 1, 'TPC_MPOLY': 4, 'SBX_MPOLY': 2, 'UC_NONE': 8, 'SPC_NONE': 15, 'UC_MPOLY': 1, 'SPC_MPOLY': 1, 'TPC_NONE': 9, 'NONE_MPOLY': 2, 'SBX_NONE': 1}"
28,45,SPC,NONE,0.690622894152674,0.0282007690443743,554613948.16,360837148.3885392,1762813.6,1055139.327051437,0.7388130899716789,6.55738308541487e-06,0.01,0.0,GREEDY_HV,"['SPC_MBFLIP', 'SPC_MNUF', 'TPC_MPOLY', 'SBX_MPOLY', 'UC_NONE', 'SPC_NONE', 'UC_MPOLY', 'SPC_MPOLY', 'SPC_NONE', 'UC_NONE', 'TPC_MPOLY', 'TPC_MPOLY', 'SPC_NONE', 'TPC_NONE', 'NONE_MPOLY', 'TPC_MPOLY', 'SBX_MPOLY', 'SPC_NONE', 'TPC_NONE', 'SPC_NONE', 'UC_NONE', 'UC_NONE', 'SPC_NONE', 'UC_NONE', 'TPC_NONE', 'SPC_NONE', 'SBX_NONE', 'SPC_NONE', 'TPC_NONE', 'TPC_NONE', 'UC_NONE', 'SPC_NONE', 'SPC_NONE', 'SPC_NONE', 'TPC_NONE', 'UC_NONE', 'NONE_MPOLY', 'SPC_NONE', 'TPC_NONE', 'SPC_NONE', 'TPC_NONE', 'TPC_NONE', 'SPC_NONE', 'UC_NONE', 'SPC_NONE', 'SPC_NONE']","{'SPC_MNUF': 1, 'TPC_MPOLY': 4, 'SBX_MPOLY': 2, 'UC_NONE': 8, 'SPC_NONE': 16, 'UC_MPOLY': 1, 'SPC_MPOLY': 1, 'TPC_NONE': 9, 'NONE_MPOLY': 2, 'SBX_NONE': 1}"
28,46,TPC,NONE,0.6906038714228633,0.0281234244451155,575309940.48,377891173.0666859,1732578.72,1052997.3434196888,0.7388178322984736,4.742326794704432e-06,0.0,0.0,GREEDY_HV,"['SPC_MBFLIP', 'SPC_MNUF', 'TPC_MPOLY', 'SBX_MPOLY', 'UC_NONE', 'SPC_NONE', 'UC_MPOLY', 'SPC_MPOLY', 'SPC_NONE', 'UC_NONE', 'TPC_MPOLY', 'TPC_MPOLY', 'SPC_NONE', 'TPC_NONE', 'NONE_MPOLY', 'TPC_MPOLY', 'SBX_MPOLY', 'SPC_NONE', 'TPC_NONE', 'SPC_NONE', 'UC_NONE', 'UC_NONE', 'SPC_NONE', 'UC_NONE', 'TPC_NONE', 'SPC_NONE', 'SBX_NONE', 'SPC_NONE', 'TPC_NONE', 'TPC_NONE', 'UC_NONE', 'SPC_NONE', 'SPC_NONE', 'SPC_NONE', 'TPC_NONE', 'UC_NONE', 'NONE_MPOLY', 'SPC_NONE', 'TPC_NONE', 'SPC_NONE', 'TPC_NONE', 'TPC_NONE', 'SPC_NONE', 'UC_NONE', 'SPC_NONE', 'SPC_NONE', 'TPC_NONE']","{'SPC_MNUF': 1, 'TPC_MPOLY': 4, 'SBX_MPOLY': 2, 'UC_NONE': 8, 'SPC_NONE': 16, 'UC_MPOLY': 1, 'SPC_MPOLY': 1, 'TPC_NONE': 10, 'NONE_MPOLY': 2, 'SBX_NONE': 1}"
28,47,UC,NONE,0.6916607239267927,0.0273284897113738,585737619.2,367310856.0306613,1705975.2,997414.752162971,0.7388159268646999,-1.9054337737633984e-06,0.0,0.0,GREEDY_HV,"['SPC_MBFLIP', 'SPC_MNUF', 'TPC_MPOLY', 'SBX_MPOLY', 'UC_NONE', 'SPC_NONE', 'UC_MPOLY', 'SPC_MPOLY', 'SPC_NONE', 'UC_NONE', 'TPC_MPOLY', 'TPC_MPOLY', 'SPC_NONE', 'TPC_NONE', 'NONE_MPOLY', 'TPC_MPOLY', 'SBX_MPOLY', 'SPC_NONE', 'TPC_NONE', 'SPC_NONE', 'UC_NONE', 'UC_NONE', 'SPC_NONE', 'UC_NONE', 'TPC_NONE', 'SPC_NONE', 'SBX_NONE', 'SPC_NONE', 'TPC_NONE', 'TPC_NONE', 'UC_NONE', 'SPC_NONE', 'SPC_NONE', 'SPC_NONE', 'TPC_NONE', 'UC_NONE', 'NONE_MPOLY', 'SPC_NONE', 'TPC_NONE', 'SPC_NONE', 'TPC_NONE', 'TPC_NONE', 'SPC_NONE', 'UC_NONE', 'SPC_NONE', 'SPC_NONE', 'TPC_NONE', 'UC_NONE']","{'SPC_MNUF': 1, 'TPC_MPOLY': 4, 'SBX_MPOLY': 2, 'UC_NONE': 9, 'SPC_NONE': 16, 'UC_MPOLY': 1, 'SPC_MPOLY': 1, 'TPC_NONE': 10, 'NONE_MPOLY': 2, 'SBX_NONE': 1}"
28,48,UC,NONE,0.6907832689068006,0.0279158550224531,574631898.88,368034153.05264896,1682773.92,1024796.3474502404,0.738806048289198,-9.878575501831577e-06,0.0,0.0,GREEDY_HV,"['SPC_MBFLIP', 'SPC_MNUF', 'TPC_MPOLY', 'SBX_MPOLY', 'UC_NONE', 'SPC_NONE', 'UC_MPOLY', 'SPC_MPOLY', 'SPC_NONE', 'UC_NONE', 'TPC_MPOLY', 'TPC_MPOLY', 'SPC_NONE', 'TPC_NONE', 'NONE_MPOLY', 'TPC_MPOLY', 'SBX_MPOLY', 'SPC_NONE', 'TPC_NONE', 'SPC_NONE', 'UC_NONE', 'UC_NONE', 'SPC_NONE', 'UC_NONE', 'TPC_NONE', 'SPC_NONE', 'SBX_NONE', 'SPC_NONE', 'TPC_NONE', 'TPC_NONE', 'UC_NONE', 'SPC_NONE', 'SPC_NONE', 'SPC_NONE', 'TPC_NONE', 'UC_NONE', 'NONE_MPOLY', 'SPC_NONE', 'TPC_NONE', 'SPC_NONE', 'TPC_NONE', 'TPC_NONE', 'SPC_NONE', 'UC_NONE', 'SPC_NONE', 'SPC_NONE', 'TPC_NONE', 'UC_NONE', 'UC_NONE']","{'SPC_MNUF': 1, 'TPC_MPOLY': 4, 'SBX_MPOLY': 2, 'UC_NONE': 10, 'SPC_NONE': 16, 'UC_MPOLY': 1, 'SPC_MPOLY': 1, 'TPC_NONE': 10, 'NONE_MPOLY': 2, 'SBX_NONE': 1}"
28,49,UC,NONE,0.6916295503331611,0.0283588743842702,601825360.64,364691086.48644185,1733637.28,1052077.8896419983,0.7388081830186357,2.134729437663907e-06,0.02,0.0,GREEDY_HV,"['SPC_MBFLIP', 'SPC_MNUF', 'TPC_MPOLY', 'SBX_MPOLY', 'UC_NONE', 'SPC_NONE', 'UC_MPOLY', 'SPC_MPOLY', 'SPC_NONE', 'UC_NONE', 'TPC_MPOLY', 'TPC_MPOLY', 'SPC_NONE', 'TPC_NONE', 'NONE_MPOLY', 'TPC_MPOLY', 'SBX_MPOLY', 'SPC_NONE', 'TPC_NONE', 'SPC_NONE', 'UC_NONE', 'UC_NONE', 'SPC_NONE', 'UC_NONE', 'TPC_NONE', 'SPC_NONE', 'SBX_NONE', 'SPC_NONE', 'TPC_NONE', 'TPC_NONE', 'UC_NONE', 'SPC_NONE', 'SPC_NONE', 'SPC_NONE', 'TPC_NONE', 'UC_NONE', 'NONE_MPOLY', 'SPC_NONE', 'TPC_NONE', 'SPC_NONE', 'TPC_NONE', 'TPC_NONE', 'SPC_NONE', 'UC_NONE', 'SPC_NONE', 'SPC_NONE', 'TPC_NONE', 'UC_NONE', 'UC_NONE', 'UC_NONE']","{'SPC_MNUF': 1, 'TPC_MPOLY': 4, 'SBX_MPOLY': 2, 'UC_NONE': 11, 'SPC_NONE': 16, 'UC_MPOLY': 1, 'SPC_MPOLY': 1, 'TPC_NONE': 10, 'NONE_MPOLY': 2, 'SBX_NONE': 1}"
28,50,TPC,NONE,0.6904847445776615,0.0293148077282582,576912519.68,364919545.005584,1711243.68,1050943.6849606254,0.7388264150301299,1.8232011494201394e-05,0.0,0.0,GREEDY_HV,"['SPC_MBFLIP', 'SPC_MNUF', 'TPC_MPOLY', 'SBX_MPOLY', 'UC_NONE', 'SPC_NONE', 'UC_MPOLY', 'SPC_MPOLY', 'SPC_NONE', 'UC_NONE', 'TPC_MPOLY', 'TPC_MPOLY', 'SPC_NONE', 'TPC_NONE', 'NONE_MPOLY', 'TPC_MPOLY', 'SBX_MPOLY', 'SPC_NONE', 'TPC_NONE', 'SPC_NONE', 'UC_NONE', 'UC_NONE', 'SPC_NONE', 'UC_NONE', 'TPC_NONE', 'SPC_NONE', 'SBX_NONE', 'SPC_NONE', 'TPC_NONE', 'TPC_NONE', 'UC_NONE', 'SPC_NONE', 'SPC_NONE', 'SPC_NONE', 'TPC_NONE', 'UC_NONE', 'NONE_MPOLY', 'SPC_NONE', 'TPC_NONE', 'SPC_NONE', 'TPC_NONE', 'TPC_NONE', 'SPC_NONE', 'UC_NONE', 'SPC_NONE', 'SPC_NONE', 'TPC_NONE', 'UC_NONE', 'UC_NONE', 'UC_NONE', 'TPC_NONE']","{'SPC_MNUF': 1, 'TPC_MPOLY': 4, 'SBX_MPOLY': 2, 'UC_NONE': 11, 'SPC_NONE': 16, 'UC_MPOLY': 1, 'SPC_MPOLY': 1, 'TPC_NONE': 11, 'NONE_MPOLY': 2, 'SBX_NONE': 1}"
28,51,TPC,NONE,0.688690338757312,0.0309580118714257,565306167.04,377522251.2101683,1646570.4,1070947.8929262615,0.7388201676648934,-6.247365236466962e-06,0.0,0.0,GREEDY_HV,"['SPC_MBFLIP', 'SPC_MNUF', 'TPC_MPOLY', 'SBX_MPOLY', 'UC_NONE', 'SPC_NONE', 'UC_MPOLY', 'SPC_MPOLY', 'SPC_NONE', 'UC_NONE', 'TPC_MPOLY', 'TPC_MPOLY', 'SPC_NONE', 'TPC_NONE', 'NONE_MPOLY', 'TPC_MPOLY', 'SBX_MPOLY', 'SPC_NONE', 'TPC_NONE', 'SPC_NONE', 'UC_NONE', 'UC_NONE', 'SPC_NONE', 'UC_NONE', 'TPC_NONE', 'SPC_NONE', 'SBX_NONE', 'SPC_NONE', 'TPC_NONE', 'TPC_NONE', 'UC_NONE', 'SPC_NONE', 'SPC_NONE', 'SPC_NONE', 'TPC_NONE', 'UC_NONE', 'NONE_MPOLY', 'SPC_NONE', 'TPC_NONE', 'SPC_NONE', 'TPC_NONE', 'TPC_NONE', 'SPC_NONE', 'UC_NONE', 'SPC_NONE', 'SPC_NONE', 'TPC_NONE', 'UC_NONE', 'UC_NONE', 'UC_NONE', 'TPC_NONE', 'TPC_NONE']","{'SPC_MNUF': 1, 'TPC_MPOLY': 4, 'SBX_MPOLY': 2, 'UC_NONE': 11, 'SPC_NONE': 16, 'UC_MPOLY': 1, 'SPC_MPOLY': 1, 'TPC_NONE': 12, 'NONE_MPOLY': 2, 'SBX_NONE': 1}"
28,52,SPC,NONE,0.6892697914757616,0.0304597328599958,549764919.04,365103403.6583484,1668262.56,1047580.3973441304,0.7388619671113729,4.179944647941802e-05,0.0,0.0,GREEDY_HV,"['SPC_MBFLIP', 'SPC_MNUF', 'TPC_MPOLY', 'SBX_MPOLY', 'UC_NONE', 'SPC_NONE', 'UC_MPOLY', 'SPC_MPOLY', 'SPC_NONE', 'UC_NONE', 'TPC_MPOLY', 'TPC_MPOLY', 'SPC_NONE', 'TPC_NONE', 'NONE_MPOLY', 'TPC_MPOLY', 'SBX_MPOLY', 'SPC_NONE', 'TPC_NONE', 'SPC_NONE', 'UC_NONE', 'UC_NONE', 'SPC_NONE', 'UC_NONE', 'TPC_NONE', 'SPC_NONE', 'SBX_NONE', 'SPC_NONE', 'TPC_NONE', 'TPC_NONE', 'UC_NONE', 'SPC_NONE', 'SPC_NONE', 'SPC_NONE', 'TPC_NONE', 'UC_NONE', 'NONE_MPOLY', 'SPC_NONE', 'TPC_NONE', 'SPC_NONE', 'TPC_NONE', 'TPC_NONE', 'SPC_NONE', 'UC_NONE', 'SPC_NONE', 'SPC_NONE', 'TPC_NONE', 'UC_NONE', 'UC_NONE', 'UC_NONE', 'TPC_NONE', 'TPC_NONE', 'SPC_NONE']","{'SPC_MNUF': 1, 'TPC_MPOLY': 4, 'SBX_MPOLY': 2, 'UC_NONE': 11, 'SPC_NONE': 17, 'UC_MPOLY': 1, 'SPC_MPOLY': 1, 'TPC_NONE': 12, 'NONE_MPOLY': 2, 'SBX_NONE': 1}"
28,53,TPC,MPOLY,0.6891660731826409,0.0303841694343777,545150327.04,365461712.0659245,1655297.44,1039394.5605059932,0.7388668469180539,4.879806681068466e-06,0.0,0.0,GREEDY_HV,"['SPC_MBFLIP', 'SPC_MNUF', 'TPC_MPOLY', 'SBX_MPOLY', 'UC_NONE', 'SPC_NONE', 'UC_MPOLY', 'SPC_MPOLY', 'SPC_NONE', 'UC_NONE', 'TPC_MPOLY', 'TPC_MPOLY', 'SPC_NONE', 'TPC_NONE', 'NONE_MPOLY', 'TPC_MPOLY', 'SBX_MPOLY', 'SPC_NONE', 'TPC_NONE', 'SPC_NONE', 'UC_NONE', 'UC_NONE', 'SPC_NONE', 'UC_NONE', 'TPC_NONE', 'SPC_NONE', 'SBX_NONE', 'SPC_NONE', 'TPC_NONE', 'TPC_NONE', 'UC_NONE', 'SPC_NONE', 'SPC_NONE', 'SPC_NONE', 'TPC_NONE', 'UC_NONE', 'NONE_MPOLY', 'SPC_NONE', 'TPC_NONE', 'SPC_NONE', 'TPC_NONE', 'TPC_NONE', 'SPC_NONE', 'UC_NONE', 'SPC_NONE', 'SPC_NONE', 'TPC_NONE', 'UC_NONE', 'UC_NONE', 'UC_NONE', 'TPC_NONE', 'TPC_NONE', 'SPC_NONE', 'TPC_MPOLY']","{'SPC_MNUF': 1, 'TPC_MPOLY': 5, 'SBX_MPOLY': 2, 'UC_NONE': 11, 'SPC_NONE': 17, 'UC_MPOLY': 1, 'SPC_MPOLY': 1, 'TPC_NONE': 12, 'NONE_MPOLY': 2, 'SBX_NONE': 1}"
28,54,UC,NONE,0.6891854457493136,0.0304614632183265,556581551.36,366163816.3442967,1658625.44,1036737.099501164,0.7388958427979833,2.8995879929327728e-05,0.0,0.0,GREEDY_HV,"['SPC_MBFLIP', 'SPC_MNUF', 'TPC_MPOLY', 'SBX_MPOLY', 'UC_NONE', 'SPC_NONE', 'UC_MPOLY', 'SPC_MPOLY', 'SPC_NONE', 'UC_NONE', 'TPC_MPOLY', 'TPC_MPOLY', 'SPC_NONE', 'TPC_NONE', 'NONE_MPOLY', 'TPC_MPOLY', 'SBX_MPOLY', 'SPC_NONE', 'TPC_NONE', 'SPC_NONE', 'UC_NONE', 'UC_NONE', 'SPC_NONE', 'UC_NONE', 'TPC_NONE', 'SPC_NONE', 'SBX_NONE', 'SPC_NONE', 'TPC_NONE', 'TPC_NONE', 'UC_NONE', 'SPC_NONE', 'SPC_NONE', 'SPC_NONE', 'TPC_NONE', 'UC_NONE', 'NONE_MPOLY', 'SPC_NONE', 'TPC_NONE', 'SPC_NONE', 'TPC_NONE', 'TPC_NONE', 'SPC_NONE', 'UC_NONE', 'SPC_NONE', 'SPC_NONE', 'TPC_NONE', 'UC_NONE', 'UC_NONE', 'UC_NONE', 'TPC_NONE', 'TPC_NONE', 'SPC_NONE', 'TPC_MPOLY', 'UC_NONE']","{'SPC_MNUF': 1, 'TPC_MPOLY': 5, 'SBX_MPOLY': 2, 'UC_NONE': 12, 'SPC_NONE': 17, 'UC_MPOLY': 1, 'SPC_MPOLY': 1, 'TPC_NONE': 12, 'NONE_MPOLY': 2, 'SBX_NONE': 1}"
28,55,TPC,NONE,0.6890399762409681,0.0303040576899715,537387413.76,351349220.05482084,1681560.48,1050640.6007413622,0.7388949921777908,-8.506201925051471e-07,0.0,0.0,GREEDY_HV,"['SPC_MBFLIP', 'SPC_MNUF', 'TPC_MPOLY', 'SBX_MPOLY', 'UC_NONE', 'SPC_NONE', 'UC_MPOLY', 'SPC_MPOLY', 'SPC_NONE', 'UC_NONE', 'TPC_MPOLY', 'TPC_MPOLY', 'SPC_NONE', 'TPC_NONE', 'NONE_MPOLY', 'TPC_MPOLY', 'SBX_MPOLY', 'SPC_NONE', 'TPC_NONE', 'SPC_NONE', 'UC_NONE', 'UC_NONE', 'SPC_NONE', 'UC_NONE', 'TPC_NONE', 'SPC_NONE', 'SBX_NONE', 'SPC_NONE', 'TPC_NONE', 'TPC_NONE', 'UC_NONE', 'SPC_NONE', 'SPC_NONE', 'SPC_NONE', 'TPC_NONE', 'UC_NONE', 'NONE_MPOLY', 'SPC_NONE', 'TPC_NONE', 'SPC_NONE', 'TPC_NONE', 'TPC_NONE', 'SPC_NONE', 'UC_NONE', 'SPC_NONE', 'SPC_NONE', 'TPC_NONE', 'UC_NONE', 'UC_NONE', 'UC_NONE', 'TPC_NONE', 'TPC_NONE', 'SPC_NONE', 'TPC_MPOLY', 'UC_NONE', 'TPC_NONE']","{'SPC_MNUF': 1, 'TPC_MPOLY': 5, 'SBX_MPOLY': 2, 'UC_NONE': 12, 'SPC_NONE': 17, 'UC_MPOLY': 1, 'SPC_MPOLY': 1, 'TPC_NONE': 13, 'NONE_MPOLY': 2, 'SBX_NONE': 1}"
28,56,SPC,NONE,0.6902382789114931,0.0302366655859464,552414060.8,345850974.7827593,1726955.68,1057692.7249166733,0.7388778747155733,-1.7117462217441926e-05,0.0,0.0,GREEDY_HV,"['SPC_MBFLIP', 'SPC_MNUF', 'TPC_MPOLY', 'SBX_MPOLY', 'UC_NONE', 'SPC_NONE', 'UC_MPOLY', 'SPC_MPOLY', 'SPC_NONE', 'UC_NONE', 'TPC_MPOLY', 'TPC_MPOLY', 'SPC_NONE', 'TPC_NONE', 'NONE_MPOLY', 'TPC_MPOLY', 'SBX_MPOLY', 'SPC_NONE', 'TPC_NONE', 'SPC_NONE', 'UC_NONE', 'UC_NONE', 'SPC_NONE', 'UC_NONE', 'TPC_NONE', 'SPC_NONE', 'SBX_NONE', 'SPC_NONE', 'TPC_NONE', 'TPC_NONE', 'UC_NONE', 'SPC_NONE', 'SPC_NONE', 'SPC_NONE', 'TPC_NONE', 'UC_NONE', 'NONE_MPOLY', 'SPC_NONE', 'TPC_NONE', 'SPC_NONE', 'TPC_NONE', 'TPC_NONE', 'SPC_NONE', 'UC_NONE', 'SPC_NONE', 'SPC_NONE', 'TPC_NONE', 'UC_NONE', 'UC_NONE', 'UC_NONE', 'TPC_NONE', 'TPC_NONE', 'SPC_NONE', 'TPC_MPOLY', 'UC_NONE', 'TPC_NONE', 'SPC_NONE']","{'SPC_MNUF': 1, 'TPC_MPOLY': 5, 'SBX_MPOLY': 2, 'UC_NONE': 12, 'SPC_NONE': 18, 'UC_MPOLY': 1, 'SPC_MPOLY': 1, 'TPC_NONE': 13, 'NONE_MPOLY': 2, 'SBX_NONE': 1}"
28,57,TPC,NONE,0.6886260208790047,0.0311491249736599,539885610.24,355153080.4451251,1706997.92,1087722.159426015,0.7388636925198104,-1.41821957628796e-05,0.02,0.0,GREEDY_HV,"['SPC_MBFLIP', 'SPC_MNUF', 'TPC_MPOLY', 'SBX_MPOLY', 'UC_NONE', 'SPC_NONE', 'UC_MPOLY', 'SPC_MPOLY', 'SPC_NONE', 'UC_NONE', 'TPC_MPOLY', 'TPC_MPOLY', 'SPC_NONE', 'TPC_NONE', 'NONE_MPOLY', 'TPC_MPOLY', 'SBX_MPOLY', 'SPC_NONE', 'TPC_NONE', 'SPC_NONE', 'UC_NONE', 'UC_NONE', 'SPC_NONE', 'UC_NONE', 'TPC_NONE', 'SPC_NONE', 'SBX_NONE', 'SPC_NONE', 'TPC_NONE', 'TPC_NONE', 'UC_NONE', 'SPC_NONE', 'SPC_NONE', 'SPC_NONE', 'TPC_NONE', 'UC_NONE', 'NONE_MPOLY', 'SPC_NONE', 'TPC_NONE', 'SPC_NONE', 'TPC_NONE', 'TPC_NONE', 'SPC_NONE', 'UC_NONE', 'SPC_NONE', 'SPC_NONE', 'TPC_NONE', 'UC_NONE', 'UC_NONE', 'UC_NONE', 'TPC_NONE', 'TPC_NONE', 'SPC_NONE', 'TPC_MPOLY', 'UC_NONE', 'TPC_NONE', 'SPC_NONE', 'TPC_NONE']","{'SPC_MNUF': 1, 'TPC_MPOLY': 5, 'SBX_MPOLY': 2, 'UC_NONE': 12, 'SPC_NONE': 18, 'UC_MPOLY': 1, 'SPC_MPOLY': 1, 'TPC_NONE': 14, 'NONE_MPOLY': 2, 'SBX_NONE': 1}"
28,58,UC,NONE,0.6877030638556185,0.0308886472902813,521561483.52,348598285.4461732,1642338.72,1091379.4282596873,0.7388636888023595,-3.7174509026627325e-09,0.01,0.0,GREEDY_HV,"['SPC_MBFLIP', 'SPC_MNUF', 'TPC_MPOLY', 'SBX_MPOLY', 'UC_NONE', 'SPC_NONE', 'UC_MPOLY', 'SPC_MPOLY', 'SPC_NONE', 'UC_NONE', 'TPC_MPOLY', 'TPC_MPOLY', 'SPC_NONE', 'TPC_NONE', 'NONE_MPOLY', 'TPC_MPOLY', 'SBX_MPOLY', 'SPC_NONE', 'TPC_NONE', 'SPC_NONE', 'UC_NONE', 'UC_NONE', 'SPC_NONE', 'UC_NONE', 'TPC_NONE', 'SPC_NONE', 'SBX_NONE', 'SPC_NONE', 'TPC_NONE', 'TPC_NONE', 'UC_NONE', 'SPC_NONE', 'SPC_NONE', 'SPC_NONE', 'TPC_NONE', 'UC_NONE', 'NONE_MPOLY', 'SPC_NONE', 'TPC_NONE', 'SPC_NONE', 'TPC_NONE', 'TPC_NONE', 'SPC_NONE', 'UC_NONE', 'SPC_NONE', 'SPC_NONE', 'TPC_NONE', 'UC_NONE', 'UC_NONE', 'UC_NONE', 'TPC_NONE', 'TPC_NONE', 'SPC_NONE', 'TPC_MPOLY', 'UC_NONE', 'TPC_NONE', 'SPC_NONE', 'TPC_NONE', 'UC_NONE']","{'SPC_MNUF': 1, 'TPC_MPOLY': 5, 'SBX_MPOLY': 2, 'UC_NONE': 13, 'SPC_NONE': 18, 'UC_MPOLY': 1, 'SPC_MPOLY': 1, 'TPC_NONE': 14, 'NONE_MPOLY': 2, 'SBX_NONE': 1}"
28,59,TPC,NONE,0.68750635246321,0.0306254206429678,530203925.76,350222779.5530057,1579814.56,1053138.8126006592,0.7388783295152768,1.4640712917235454e-05,0.0,0.0,GREEDY_HV,"['SPC_MBFLIP', 'SPC_MNUF', 'TPC_MPOLY', 'SBX_MPOLY', 'UC_NONE', 'SPC_NONE', 'UC_MPOLY', 'SPC_MPOLY', 'SPC_NONE', 'UC_NONE', 'TPC_MPOLY', 'TPC_MPOLY', 'SPC_NONE', 'TPC_NONE', 'NONE_MPOLY', 'TPC_MPOLY', 'SBX_MPOLY', 'SPC_NONE', 'TPC_NONE', 'SPC_NONE', 'UC_NONE', 'UC_NONE', 'SPC_NONE', 'UC_NONE', 'TPC_NONE', 'SPC_NONE', 'SBX_NONE', 'SPC_NONE', 'TPC_NONE', 'TPC_NONE', 'UC_NONE', 'SPC_NONE', 'SPC_NONE', 'SPC_NONE', 'TPC_NONE', 'UC_NONE', 'NONE_MPOLY', 'SPC_NONE', 'TPC_NONE', 'SPC_NONE', 'TPC_NONE', 'TPC_NONE', 'SPC_NONE', 'UC_NONE', 'SPC_NONE', 'SPC_NONE', 'TPC_NONE', 'UC_NONE', 'UC_NONE', 'UC_NONE', 'TPC_NONE', 'TPC_NONE', 'SPC_NONE', 'TPC_MPOLY', 'UC_NONE', 'TPC_NONE', 'SPC_NONE', 'TPC_NONE', 'UC_NONE', 'TPC_NONE']","{'SPC_MNUF': 1, 'TPC_MPOLY': 5, 'SBX_MPOLY': 2, 'UC_NONE': 13, 'SPC_NONE': 18, 'UC_MPOLY': 1, 'SPC_MPOLY': 1, 'TPC_NONE': 15, 'NONE_MPOLY': 2, 'SBX_NONE': 1}"
28,60,SPC,NONE,0.689367705998438,0.0305607275492755,563382918.4,346007506.5942916,1669316.0,1064103.0187865836,0.7388996419202868,2.1312405010021077e-05,0.0,0.0,GREEDY_HV,"['SPC_MBFLIP', 'SPC_MNUF', 'TPC_MPOLY', 'SBX_MPOLY', 'UC_NONE', 'SPC_NONE', 'UC_MPOLY', 'SPC_MPOLY', 'SPC_NONE', 'UC_NONE', 'TPC_MPOLY', 'TPC_MPOLY', 'SPC_NONE', 'TPC_NONE', 'NONE_MPOLY', 'TPC_MPOLY', 'SBX_MPOLY', 'SPC_NONE', 'TPC_NONE', 'SPC_NONE', 'UC_NONE', 'UC_NONE', 'SPC_NONE', 'UC_NONE', 'TPC_NONE', 'SPC_NONE', 'SBX_NONE', 'SPC_NONE', 'TPC_NONE', 'TPC_NONE', 'UC_NONE', 'SPC_NONE', 'SPC_NONE', 'SPC_NONE', 'TPC_NONE', 'UC_NONE', 'NONE_MPOLY', 'SPC_NONE', 'TPC_NONE', 'SPC_NONE', 'TPC_NONE', 'TPC_NONE', 'SPC_NONE', 'UC_NONE', 'SPC_NONE', 'SPC_NONE', 'TPC_NONE', 'UC_NONE', 'UC_NONE', 'UC_NONE', 'TPC_NONE', 'TPC_NONE', 'SPC_NONE', 'TPC_MPOLY', 'UC_NONE', 'TPC_NONE', 'SPC_NONE', 'TPC_NONE', 'UC_NONE', 'TPC_NONE', 'SPC_NONE']","{'SPC_MNUF': 1, 'TPC_MPOLY': 5, 'SBX_MPOLY': 2, 'UC_NONE': 13, 'SPC_NONE': 19, 'UC_MPOLY': 1, 'SPC_MPOLY': 1, 'TPC_NONE': 15, 'NONE_MPOLY': 2, 'SBX_NONE': 1}"
28,61,SBX,MNUF,0.6882087262307202,0.0323154245516284,556117693.44,347512566.0880147,1659539.36,1073187.896446205,0.7396778943674953,0.0007782524472085,0.0,0.05,GREEDY_HV,"['SPC_MBFLIP', 'SPC_MNUF', 'TPC_MPOLY', 'SBX_MPOLY', 'UC_NONE', 'SPC_NONE', 'UC_MPOLY', 'SPC_MPOLY', 'SPC_NONE', 'UC_NONE', 'TPC_MPOLY', 'TPC_MPOLY', 'SPC_NONE', 'TPC_NONE', 'NONE_MPOLY', 'TPC_MPOLY', 'SBX_MPOLY', 'SPC_NONE', 'TPC_NONE', 'SPC_NONE', 'UC_NONE', 'UC_NONE', 'SPC_NONE', 'UC_NONE', 'TPC_NONE', 'SPC_NONE', 'SBX_NONE', 'SPC_NONE', 'TPC_NONE', 'TPC_NONE', 'UC_NONE', 'SPC_NONE', 'SPC_NONE', 'SPC_NONE', 'TPC_NONE', 'UC_NONE', 'NONE_MPOLY', 'SPC_NONE', 'TPC_NONE', 'SPC_NONE', 'TPC_NONE', 'TPC_NONE', 'SPC_NONE', 'UC_NONE', 'SPC_NONE', 'SPC_NONE', 'TPC_NONE', 'UC_NONE', 'UC_NONE', 'UC_NONE', 'TPC_NONE', 'TPC_NONE', 'SPC_NONE', 'TPC_MPOLY', 'UC_NONE', 'TPC_NONE', 'SPC_NONE', 'TPC_NONE', 'UC_NONE', 'TPC_NONE', 'SPC_NONE', 'SBX_MNUF']","{'SPC_MNUF': 1, 'TPC_MPOLY': 5, 'SBX_MPOLY': 2, 'UC_NONE': 13, 'SPC_NONE': 19, 'UC_MPOLY': 1, 'SPC_MPOLY': 1, 'TPC_NONE': 15, 'NONE_MPOLY': 2, 'SBX_NONE': 1, 'SBX_MNUF': 1}"
28,62,TPC,NONE,0.6870742183651971,0.0329261044143481,541976801.28,351231597.33581406,1605762.72,1077592.0729025255,0.739716675002185,3.8780634689650206e-05,0.0,0.0,GREEDY_HV,"['SPC_MBFLIP', 'SPC_MNUF', 'TPC_MPOLY', 'SBX_MPOLY', 'UC_NONE', 'SPC_NONE', 'UC_MPOLY', 'SPC_MPOLY', 'SPC_NONE', 'UC_NONE', 'TPC_MPOLY', 'TPC_MPOLY', 'SPC_NONE', 'TPC_NONE', 'NONE_MPOLY', 'TPC_MPOLY', 'SBX_MPOLY', 'SPC_NONE', 'TPC_NONE', 'SPC_NONE', 'UC_NONE', 'UC_NONE', 'SPC_NONE', 'UC_NONE', 'TPC_NONE', 'SPC_NONE', 'SBX_NONE', 'SPC_NONE', 'TPC_NONE', 'TPC_NONE', 'UC_NONE', 'SPC_NONE', 'SPC_NONE', 'SPC_NONE', 'TPC_NONE', 'UC_NONE', 'NONE_MPOLY', 'SPC_NONE', 'TPC_NONE', 'SPC_NONE', 'TPC_NONE', 'TPC_NONE', 'SPC_NONE', 'UC_NONE', 'SPC_NONE', 'SPC_NONE', 'TPC_NONE', 'UC_NONE', 'UC_NONE', 'UC_NONE', 'TPC_NONE', 'TPC_NONE', 'SPC_NONE', 'TPC_MPOLY', 'UC_NONE', 'TPC_NONE', 'SPC_NONE', 'TPC_NONE', 'UC_NONE', 'TPC_NONE', 'SPC_NONE', 'SBX_MNUF', 'TPC_NONE']","{'SPC_MNUF': 1, 'TPC_MPOLY': 5, 'SBX_MPOLY': 2, 'UC_NONE': 13, 'SPC_NONE': 19, 'UC_MPOLY': 1, 'SPC_MPOLY': 1, 'TPC_NONE': 16, 'NONE_MPOLY': 2, 'SBX_NONE': 1, 'SBX_MNUF': 1}"
28,63,TPC,NONE,0.6884462550124393,0.032976107095046,551546849.28,351058729.20773554,1696779.68,1080985.1234320928,0.739743025358957,2.6350356772009143e-05,0.0,0.0,GREEDY_HV,"['SPC_MBFLIP', 'SPC_MNUF', 'TPC_MPOLY', 'SBX_MPOLY', 'UC_NONE', 'SPC_NONE', 'UC_MPOLY', 'SPC_MPOLY', 'SPC_NONE', 'UC_NONE', 'TPC_MPOLY', 'TPC_MPOLY', 'SPC_NONE', 'TPC_NONE', 'NONE_MPOLY', 'TPC_MPOLY', 'SBX_MPOLY', 'SPC_NONE', 'TPC_NONE', 'SPC_NONE', 'UC_NONE', 'UC_NONE', 'SPC_NONE', 'UC_NONE', 'TPC_NONE', 'SPC_NONE', 'SBX_NONE', 'SPC_NONE', 'TPC_NONE', 'TPC_NONE', 'UC_NONE', 'SPC_NONE', 'SPC_NONE', 'SPC_NONE', 'TPC_NONE', 'UC_NONE', 'NONE_MPOLY', 'SPC_NONE', 'TPC_NONE', 'SPC_NONE', 'TPC_NONE', 'TPC_NONE', 'SPC_NONE', 'UC_NONE', 'SPC_NONE', 'SPC_NONE', 'TPC_NONE', 'UC_NONE', 'UC_NONE', 'UC_NONE', 'TPC_NONE', 'TPC_NONE', 'SPC_NONE', 'TPC_MPOLY', 'UC_NONE', 'TPC_NONE', 'SPC_NONE', 'TPC_NONE', 'UC_NONE', 'TPC_NONE', 'SPC_NONE', 'SBX_MNUF', 'TPC_NONE', 'TPC_NONE']","{'SPC_MNUF': 1, 'TPC_MPOLY': 5, 'SBX_MPOLY': 2, 'UC_NONE': 13, 'SPC_NONE': 19, 'UC_MPOLY': 1, 'SPC_MPOLY': 1, 'TPC_NONE': 17, 'NONE_MPOLY': 2, 'SBX_NONE': 1, 'SBX_MNUF': 1}"
28,64,UC,NONE,0.6864938053474868,0.0327720343887972,525140005.12,347992842.5457241,1606210.72,1094057.1188895584,0.7397257580926834,-1.7267266273601756e-05,0.0,0.0,GREEDY_HV,"['SPC_MBFLIP', 'SPC_MNUF', 'TPC_MPOLY', 'SBX_MPOLY', 'UC_NONE', 'SPC_NONE', 'UC_MPOLY', 'SPC_MPOLY', 'SPC_NONE', 'UC_NONE', 'TPC_MPOLY', 'TPC_MPOLY', 'SPC_NONE', 'TPC_NONE', 'NONE_MPOLY', 'TPC_MPOLY', 'SBX_MPOLY', 'SPC_NONE', 'TPC_NONE', 'SPC_NONE', 'UC_NONE', 'UC_NONE', 'SPC_NONE', 'UC_NONE', 'TPC_NONE', 'SPC_NONE', 'SBX_NONE', 'SPC_NONE', 'TPC_NONE', 'TPC_NONE', 'UC_NONE', 'SPC_NONE', 'SPC_NONE', 'SPC_NONE', 'TPC_NONE', 'UC_NONE', 'NONE_MPOLY', 'SPC_NONE', 'TPC_NONE', 'SPC_NONE', 'TPC_NONE', 'TPC_NONE', 'SPC_NONE', 'UC_NONE', 'SPC_NONE', 'SPC_NONE', 'TPC_NONE', 'UC_NONE', 'UC_NONE', 'UC_NONE', 'TPC_NONE', 'TPC_NONE', 'SPC_NONE', 'TPC_MPOLY', 'UC_NONE', 'TPC_NONE', 'SPC_NONE', 'TPC_NONE', 'UC_NONE', 'TPC_NONE', 'SPC_NONE', 'SBX_MNUF', 'TPC_NONE', 'TPC_NONE', 'UC_NONE']","{'SPC_MNUF': 1, 'TPC_MPOLY': 5, 'SBX_MPOLY': 2, 'UC_NONE': 14, 'SPC_NONE': 19, 'UC_MPOLY': 1, 'SPC_MPOLY': 1, 'TPC_NONE': 17, 'NONE_MPOLY': 2, 'SBX_NONE': 1, 'SBX_MNUF': 1}"
28,65,UC,NONE,0.6857723482108717,0.0345380324492327,532895754.24,355543521.3025328,1593574.56,1088046.4995209747,0.7397546836722176,2.8925579534266888e-05,0.0,0.0,GREEDY_HV,"['SPC_MBFLIP', 'SPC_MNUF', 'TPC_MPOLY', 'SBX_MPOLY', 'UC_NONE', 'SPC_NONE', 'UC_MPOLY', 'SPC_MPOLY', 'SPC_NONE', 'UC_NONE', 'TPC_MPOLY', 'TPC_MPOLY', 'SPC_NONE', 'TPC_NONE', 'NONE_MPOLY', 'TPC_MPOLY', 'SBX_MPOLY', 'SPC_NONE', 'TPC_NONE', 'SPC_NONE', 'UC_NONE', 'UC_NONE', 'SPC_NONE', 'UC_NONE', 'TPC_NONE', 'SPC_NONE', 'SBX_NONE', 'SPC_NONE', 'TPC_NONE', 'TPC_NONE', 'UC_NONE', 'SPC_NONE', 'SPC_NONE', 'SPC_NONE', 'TPC_NONE', 'UC_NONE', 'NONE_MPOLY', 'SPC_NONE', 'TPC_NONE', 'SPC_NONE', 'TPC_NONE', 'TPC_NONE', 'SPC_NONE', 'UC_NONE', 'SPC_NONE', 'SPC_NONE', 'TPC_NONE', 'UC_NONE', 'UC_NONE', 'UC_NONE', 'TPC_NONE', 'TPC_NONE', 'SPC_NONE', 'TPC_MPOLY', 'UC_NONE', 'TPC_NONE', 'SPC_NONE', 'TPC_NONE', 'UC_NONE', 'TPC_NONE', 'SPC_NONE', 'SBX_MNUF', 'TPC_NONE', 'TPC_NONE', 'UC_NONE', 'UC_NONE']","{'SPC_MNUF': 1, 'TPC_MPOLY': 5, 'SBX_MPOLY': 2, 'UC_NONE': 15, 'SPC_NONE': 19, 'UC_MPOLY': 1, 'SPC_MPOLY': 1, 'TPC_NONE': 17, 'NONE_MPOLY': 2, 'SBX_NONE': 1, 'SBX_MNUF': 1}"
28,66,TPC,NONE,0.6869033850385174,0.0348208772404367,570271211.52,361915270.9821388,1674712.48,1091739.1916840628,0.739716955871768,-3.7727800449638416e-05,0.0,0.0,GREEDY_HV,"['SPC_MBFLIP', 'SPC_MNUF', 'TPC_MPOLY', 'SBX_MPOLY', 'UC_NONE', 'SPC_NONE', 'UC_MPOLY', 'SPC_MPOLY', 'SPC_NONE', 'UC_NONE', 'TPC_MPOLY', 'TPC_MPOLY', 'SPC_NONE', 'TPC_NONE', 'NONE_MPOLY', 'TPC_MPOLY', 'SBX_MPOLY', 'SPC_NONE', 'TPC_NONE', 'SPC_NONE', 'UC_NONE', 'UC_NONE', 'SPC_NONE', 'UC_NONE', 'TPC_NONE', 'SPC_NONE', 'SBX_NONE', 'SPC_NONE', 'TPC_NONE', 'TPC_NONE', 'UC_NONE', 'SPC_NONE', 'SPC_NONE', 'SPC_NONE', 'TPC_NONE', 'UC_NONE', 'NONE_MPOLY', 'SPC_NONE', 'TPC_NONE', 'SPC_NONE', 'TPC_NONE', 'TPC_NONE', 'SPC_NONE', 'UC_NONE', 'SPC_NONE', 'SPC_NONE', 'TPC_NONE', 'UC_NONE', 'UC_NONE', 'UC_NONE', 'TPC_NONE', 'TPC_NONE', 'SPC_NONE', 'TPC_MPOLY', 'UC_NONE', 'TPC_NONE', 'SPC_NONE', 'TPC_NONE', 'UC_NONE', 'TPC_NONE', 'SPC_NONE', 'SBX_MNUF', 'TPC_NONE', 'TPC_NONE', 'UC_NONE', 'UC_NONE', 'TPC_NONE']","{'SPC_MNUF': 1, 'TPC_MPOLY': 5, 'SBX_MPOLY': 2, 'UC_NONE': 15, 'SPC_NONE': 19, 'UC_MPOLY': 1, 'SPC_MPOLY': 1, 'TPC_NONE': 18, 'NONE_MPOLY': 2, 'SBX_NONE': 1, 'SBX_MNUF': 1}"
28,67,SPC,NONE,0.6857764417678434,0.0347286455547138,548792053.76,362693681.5983011,1617276.32,1080975.285122198,0.7397118182563438,-5.137615424199993e-06,0.0,0.0,GREEDY_HV,"['SPC_MBFLIP', 'SPC_MNUF', 'TPC_MPOLY', 'SBX_MPOLY', 'UC_NONE', 'SPC_NONE', 'UC_MPOLY', 'SPC_MPOLY', 'SPC_NONE', 'UC_NONE', 'TPC_MPOLY', 'TPC_MPOLY', 'SPC_NONE', 'TPC_NONE', 'NONE_MPOLY', 'TPC_MPOLY', 'SBX_MPOLY', 'SPC_NONE', 'TPC_NONE', 'SPC_NONE', 'UC_NONE', 'UC_NONE', 'SPC_NONE', 'UC_NONE', 'TPC_NONE', 'SPC_NONE', 'SBX_NONE', 'SPC_NONE', 'TPC_NONE', 'TPC_NONE', 'UC_NONE', 'SPC_NONE', 'SPC_NONE', 'SPC_NONE', 'TPC_NONE', 'UC_NONE', 'NONE_MPOLY', 'SPC_NONE', 'TPC_NONE', 'SPC_NONE', 'TPC_NONE', 'TPC_NONE', 'SPC_NONE', 'UC_NONE', 'SPC_NONE', 'SPC_NONE', 'TPC_NONE', 'UC_NONE', 'UC_NONE', 'UC_NONE', 'TPC_NONE', 'TPC_NONE', 'SPC_NONE', 'TPC_MPOLY', 'UC_NONE', 'TPC_NONE', 'SPC_NONE', 'TPC_NONE', 'UC_NONE', 'TPC_NONE', 'SPC_NONE', 'SBX_MNUF', 'TPC_NONE', 'TPC_NONE', 'UC_NONE', 'UC_NONE', 'TPC_NONE', 'SPC_NONE']","{'SPC_MNUF': 1, 'TPC_MPOLY': 5, 'SBX_MPOLY': 2, 'UC_NONE': 15, 'SPC_NONE': 20, 'UC_MPOLY': 1, 'SPC_MPOLY': 1, 'TPC_NONE': 18, 'NONE_MPOLY': 2, 'SBX_NONE': 1, 'SBX_MNUF': 1}"
28,68,UC,NONE,0.6856601593433892,0.0349082932759693,551392762.88,367015824.660131,1632140.96,1092766.0902131426,0.7397151315769233,3.313320579456658e-06,0.0,0.0,GREEDY_HV,"['SPC_MBFLIP', 'SPC_MNUF', 'TPC_MPOLY', 'SBX_MPOLY', 'UC_NONE', 'SPC_NONE', 'UC_MPOLY', 'SPC_MPOLY', 'SPC_NONE', 'UC_NONE', 'TPC_MPOLY', 'TPC_MPOLY', 'SPC_NONE', 'TPC_NONE', 'NONE_MPOLY', 'TPC_MPOLY', 'SBX_MPOLY', 'SPC_NONE', 'TPC_NONE', 'SPC_NONE', 'UC_NONE', 'UC_NONE', 'SPC_NONE', 'UC_NONE', 'TPC_NONE', 'SPC_NONE', 'SBX_NONE', 'SPC_NONE', 'TPC_NONE', 'TPC_NONE', 'UC_NONE', 'SPC_NONE', 'SPC_NONE', 'SPC_NONE', 'TPC_NONE', 'UC_NONE', 'NONE_MPOLY', 'SPC_NONE', 'TPC_NONE', 'SPC_NONE', 'TPC_NONE', 'TPC_NONE', 'SPC_NONE', 'UC_NONE', 'SPC_NONE', 'SPC_NONE', 'TPC_NONE', 'UC_NONE', 'UC_NONE', 'UC_NONE', 'TPC_NONE', 'TPC_NONE', 'SPC_NONE', 'TPC_MPOLY', 'UC_NONE', 'TPC_NONE', 'SPC_NONE', 'TPC_NONE', 'UC_NONE', 'TPC_NONE', 'SPC_NONE', 'SBX_MNUF', 'TPC_NONE', 'TPC_NONE', 'UC_NONE', 'UC_NONE', 'TPC_NONE', 'SPC_NONE', 'UC_NONE']","{'SPC_MNUF': 1, 'TPC_MPOLY': 5, 'SBX_MPOLY': 2, 'UC_NONE': 16, 'SPC_NONE': 20, 'UC_MPOLY': 1, 'SPC_MPOLY': 1, 'TPC_NONE': 18, 'NONE_MPOLY': 2, 'SBX_NONE': 1, 'SBX_MNUF': 1}"
28,69,SPC,NONE,0.6866043023728643,0.0342585612196231,553459671.04,361990096.6626925,1612162.72,1046452.244243626,0.7397000088545035,-1.5122722419769197e-05,0.0,0.0,GREEDY_HV,"['SPC_MBFLIP', 'SPC_MNUF', 'TPC_MPOLY', 'SBX_MPOLY', 'UC_NONE', 'SPC_NONE', 'UC_MPOLY', 'SPC_MPOLY', 'SPC_NONE', 'UC_NONE', 'TPC_MPOLY', 'TPC_MPOLY', 'SPC_NONE', 'TPC_NONE', 'NONE_MPOLY', 'TPC_MPOLY', 'SBX_MPOLY', 'SPC_NONE', 'TPC_NONE', 'SPC_NONE', 'UC_NONE', 'UC_NONE', 'SPC_NONE', 'UC_NONE', 'TPC_NONE', 'SPC_NONE', 'SBX_NONE', 'SPC_NONE', 'TPC_NONE', 'TPC_NONE', 'UC_NONE', 'SPC_NONE', 'SPC_NONE', 'SPC_NONE', 'TPC_NONE', 'UC_NONE', 'NONE_MPOLY', 'SPC_NONE', 'TPC_NONE', 'SPC_NONE', 'TPC_NONE', 'TPC_NONE', 'SPC_NONE', 'UC_NONE', 'SPC_NONE', 'SPC_NONE', 'TPC_NONE', 'UC_NONE', 'UC_NONE', 'UC_NONE', 'TPC_NONE', 'TPC_NONE', 'SPC_NONE', 'TPC_MPOLY', 'UC_NONE', 'TPC_NONE', 'SPC_NONE', 'TPC_NONE', 'UC_NONE', 'TPC_NONE', 'SPC_NONE', 'SBX_MNUF', 'TPC_NONE', 'TPC_NONE', 'UC_NONE', 'UC_NONE', 'TPC_NONE', 'SPC_NONE', 'UC_NONE', 'SPC_NONE']","{'SPC_MNUF': 1, 'TPC_MPOLY': 5, 'SBX_MPOLY': 2, 'UC_NONE': 16, 'SPC_NONE': 21, 'UC_MPOLY': 1, 'SPC_MPOLY': 1, 'TPC_NONE': 18, 'NONE_MPOLY': 2, 'SBX_NONE': 1, 'SBX_MNUF': 1}"
28,70,SPC,NONE,0.6862888359166784,0.0344315165729831,568711659.52,371977334.0698252,1591932.32,1062576.549100411,0.7397068353498519,6.826495348444261e-06,0.02,0.0,GREEDY_HV,"['SPC_MBFLIP', 'SPC_MNUF', 'TPC_MPOLY', 'SBX_MPOLY', 'UC_NONE', 'SPC_NONE', 'UC_MPOLY', 'SPC_MPOLY', 'SPC_NONE', 'UC_NONE', 'TPC_MPOLY', 'TPC_MPOLY', 'SPC_NONE', 'TPC_NONE', 'NONE_MPOLY', 'TPC_MPOLY', 'SBX_MPOLY', 'SPC_NONE', 'TPC_NONE', 'SPC_NONE', 'UC_NONE', 'UC_NONE', 'SPC_NONE', 'UC_NONE', 'TPC_NONE', 'SPC_NONE', 'SBX_NONE', 'SPC_NONE', 'TPC_NONE', 'TPC_NONE', 'UC_NONE', 'SPC_NONE', 'SPC_NONE', 'SPC_NONE', 'TPC_NONE', 'UC_NONE', 'NONE_MPOLY', 'SPC_NONE', 'TPC_NONE', 'SPC_NONE', 'TPC_NONE', 'TPC_NONE', 'SPC_NONE', 'UC_NONE', 'SPC_NONE', 'SPC_NONE', 'TPC_NONE', 'UC_NONE', 'UC_NONE', 'UC_NONE', 'TPC_NONE', 'TPC_NONE', 'SPC_NONE', 'TPC_MPOLY', 'UC_NONE', 'TPC_NONE', 'SPC_NONE', 'TPC_NONE', 'UC_NONE', 'TPC_NONE', 'SPC_NONE', 'SBX_MNUF', 'TPC_NONE', 'TPC_NONE', 'UC_NONE', 'UC_NONE', 'TPC_NONE', 'SPC_NONE', 'UC_NONE', 'SPC_NONE', 'SPC_NONE']","{'SPC_MNUF': 1, 'TPC_MPOLY': 5, 'SBX_MPOLY': 2, 'UC_NONE': 16, 'SPC_NONE': 22, 'UC_MPOLY': 1, 'SPC_MPOLY': 1, 'TPC_NONE': 18, 'NONE_MPOLY': 2, 'SBX_NONE': 1, 'SBX_MNUF': 1}"
28,71,TPC,NONE,0.6871770031692609,0.0344739616514952,573777203.2,361576792.4547467,1627497.12,1056311.7514973436,0.7397204667590453,1.3631409193415324e-05,0.0,0.0,GREEDY_HV,"['SPC_MBFLIP', 'SPC_MNUF', 'TPC_MPOLY', 'SBX_MPOLY', 'UC_NONE', 'SPC_NONE', 'UC_MPOLY', 'SPC_MPOLY', 'SPC_NONE', 'UC_NONE', 'TPC_MPOLY', 'TPC_MPOLY', 'SPC_NONE', 'TPC_NONE', 'NONE_MPOLY', 'TPC_MPOLY', 'SBX_MPOLY', 'SPC_NONE', 'TPC_NONE', 'SPC_NONE', 'UC_NONE', 'UC_NONE', 'SPC_NONE', 'UC_NONE', 'TPC_NONE', 'SPC_NONE', 'SBX_NONE', 'SPC_NONE', 'TPC_NONE', 'TPC_NONE', 'UC_NONE', 'SPC_NONE', 'SPC_NONE', 'SPC_NONE', 'TPC_NONE', 'UC_NONE', 'NONE_MPOLY', 'SPC_NONE', 'TPC_NONE', 'SPC_NONE', 'TPC_NONE', 'TPC_NONE', 'SPC_NONE', 'UC_NONE', 'SPC_NONE', 'SPC_NONE', 'TPC_NONE', 'UC_NONE', 'UC_NONE', 'UC_NONE', 'TPC_NONE', 'TPC_NONE', 'SPC_NONE', 'TPC_MPOLY', 'UC_NONE', 'TPC_NONE', 'SPC_NONE', 'TPC_NONE', 'UC_NONE', 'TPC_NONE', 'SPC_NONE', 'SBX_MNUF', 'TPC_NONE', 'TPC_NONE', 'UC_NONE', 'UC_NONE', 'TPC_NONE', 'SPC_NONE', 'UC_NONE', 'SPC_NONE', 'SPC_NONE', 'TPC_NONE']","{'SPC_MNUF': 1, 'TPC_MPOLY': 5, 'SBX_MPOLY': 2, 'UC_NONE': 16, 'SPC_NONE': 22, 'UC_MPOLY': 1, 'SPC_MPOLY': 1, 'TPC_NONE': 19, 'NONE_MPOLY': 2, 'SBX_NONE': 1, 'SBX_MNUF': 1}"
28,72,TPC,NONE,0.6851162608586879,0.0341756708389868,520478208.0,348329944.82122934,1515846.56,1044218.1996375312,0.7397308351371654,1.0368378120073627e-05,0.01,0.0,GREEDY_HV,"['SPC_MBFLIP', 'SPC_MNUF', 'TPC_MPOLY', 'SBX_MPOLY', 'UC_NONE', 'SPC_NONE', 'UC_MPOLY', 'SPC_MPOLY', 'SPC_NONE', 'UC_NONE', 'TPC_MPOLY', 'TPC_MPOLY', 'SPC_NONE', 'TPC_NONE', 'NONE_MPOLY', 'TPC_MPOLY', 'SBX_MPOLY', 'SPC_NONE', 'TPC_NONE', 'SPC_NONE', 'UC_NONE', 'UC_NONE', 'SPC_NONE', 'UC_NONE', 'TPC_NONE', 'SPC_NONE', 'SBX_NONE', 'SPC_NONE', 'TPC_NONE', 'TPC_NONE', 'UC_NONE', 'SPC_NONE', 'SPC_NONE', 'SPC_NONE', 'TPC_NONE', 'UC_NONE', 'NONE_MPOLY', 'SPC_NONE', 'TPC_NONE', 'SPC_NONE', 'TPC_NONE', 'TPC_NONE', 'SPC_NONE', 'UC_NONE', 'SPC_NONE', 'SPC_NONE', 'TPC_NONE', 'UC_NONE', 'UC_NONE', 'UC_NONE', 'TPC_NONE', 'TPC_NONE', 'SPC_NONE', 'TPC_MPOLY', 'UC_NONE', 'TPC_NONE', 'SPC_NONE', 'TPC_NONE', 'UC_NONE', 'TPC_NONE', 'SPC_NONE', 'SBX_MNUF', 'TPC_NONE', 'TPC_NONE', 'UC_NONE', 'UC_NONE', 'TPC_NONE', 'SPC_NONE', 'UC_NONE', 'SPC_NONE', 'SPC_NONE', 'TPC_NONE', 'TPC_NONE']","{'SPC_MNUF': 1, 'TPC_MPOLY': 5, 'SBX_MPOLY': 2, 'UC_NONE': 16, 'SPC_NONE': 22, 'UC_MPOLY': 1, 'SPC_MPOLY': 1, 'TPC_NONE': 20, 'NONE_MPOLY': 2, 'SBX_NONE': 1, 'SBX_MNUF': 1}"
28,73,SBX,MPOLY,0.6840674067375133,0.0366332877522841,523594341.12,347959463.8740697,1527524.0,1052009.144221855,0.740138956301783,0.0004081211646175,0.0,0.03,GREEDY_HV,"['SPC_MBFLIP', 'SPC_MNUF', 'TPC_MPOLY', 'SBX_MPOLY', 'UC_NONE', 'SPC_NONE', 'UC_MPOLY', 'SPC_MPOLY', 'SPC_NONE', 'UC_NONE', 'TPC_MPOLY', 'TPC_MPOLY', 'SPC_NONE', 'TPC_NONE', 'NONE_MPOLY', 'TPC_MPOLY', 'SBX_MPOLY', 'SPC_NONE', 'TPC_NONE', 'SPC_NONE', 'UC_NONE', 'UC_NONE', 'SPC_NONE', 'UC_NONE', 'TPC_NONE', 'SPC_NONE', 'SBX_NONE', 'SPC_NONE', 'TPC_NONE', 'TPC_NONE', 'UC_NONE', 'SPC_NONE', 'SPC_NONE', 'SPC_NONE', 'TPC_NONE', 'UC_NONE', 'NONE_MPOLY', 'SPC_NONE', 'TPC_NONE', 'SPC_NONE', 'TPC_NONE', 'TPC_NONE', 'SPC_NONE', 'UC_NONE', 'SPC_NONE', 'SPC_NONE', 'TPC_NONE', 'UC_NONE', 'UC_NONE', 'UC_NONE', 'TPC_NONE', 'TPC_NONE', 'SPC_NONE', 'TPC_MPOLY', 'UC_NONE', 'TPC_NONE', 'SPC_NONE', 'TPC_NONE', 'UC_NONE', 'TPC_NONE', 'SPC_NONE', 'SBX_MNUF', 'TPC_NONE', 'TPC_NONE', 'UC_NONE', 'UC_NONE', 'TPC_NONE', 'SPC_NONE', 'UC_NONE', 'SPC_NONE', 'SPC_NONE', 'TPC_NONE', 'TPC_NONE', 'SBX_MPOLY']","{'SPC_MNUF': 1, 'TPC_MPOLY': 5, 'SBX_MPOLY': 3, 'UC_NONE': 16, 'SPC_NONE': 22, 'UC_MPOLY': 1, 'SPC_MPOLY': 1, 'TPC_NONE': 20, 'NONE_MPOLY': 2, 'SBX_NONE': 1, 'SBX_MNUF': 1}"
28,74,TPC,NONE,0.6841651888735062,0.0390440592499407,558149516.8,360763761.4094018,1562043.04,1060606.760685542,0.7401930953694784,5.413906769546895e-05,0.0,0.0,GREEDY_HV,"['SPC_MBFLIP', 'SPC_MNUF', 'TPC_MPOLY', 'SBX_MPOLY', 'UC_NONE', 'SPC_NONE', 'UC_MPOLY', 'SPC_MPOLY', 'SPC_NONE', 'UC_NONE', 'TPC_MPOLY', 'TPC_MPOLY', 'SPC_NONE', 'TPC_NONE', 'NONE_MPOLY', 'TPC_MPOLY', 'SBX_MPOLY', 'SPC_NONE', 'TPC_NONE', 'SPC_NONE', 'UC_NONE', 'UC_NONE', 'SPC_NONE', 'UC_NONE', 'TPC_NONE', 'SPC_NONE', 'SBX_NONE', 'SPC_NONE', 'TPC_NONE', 'TPC_NONE', 'UC_NONE', 'SPC_NONE', 'SPC_NONE', 'SPC_NONE', 'TPC_NONE', 'UC_NONE', 'NONE_MPOLY', 'SPC_NONE', 'TPC_NONE', 'SPC_NONE', 'TPC_NONE', 'TPC_NONE', 'SPC_NONE', 'UC_NONE', 'SPC_NONE', 'SPC_NONE', 'TPC_NONE', 'UC_NONE', 'UC_NONE', 'UC_NONE', 'TPC_NONE', 'TPC_NONE', 'SPC_NONE', 'TPC_MPOLY', 'UC_NONE', 'TPC_NONE', 'SPC_NONE', 'TPC_NONE', 'UC_NONE', 'TPC_NONE', 'SPC_NONE', 'SBX_MNUF', 'TPC_NONE', 'TPC_NONE', 'UC_NONE', 'UC_NONE', 'TPC_NONE', 'SPC_NONE', 'UC_NONE', 'SPC_NONE', 'SPC_NONE', 'TPC_NONE', 'TPC_NONE', 'SBX_MPOLY', 'TPC_NONE']","{'SPC_MNUF': 1, 'TPC_MPOLY': 5, 'SBX_MPOLY': 3, 'UC_NONE': 16, 'SPC_NONE': 22, 'UC_MPOLY': 1, 'SPC_MPOLY': 1, 'TPC_NONE': 21, 'NONE_MPOLY': 2, 'SBX_NONE': 1, 'SBX_MNUF': 1}"
28,75,UC,NONE,0.6828763874218317,0.0390240898811488,537651059.2,360181524.8789351,1550305.44,1084936.8458693651,0.7401832232717789,-9.872097699537008e-06,0.01,0.0,GREEDY_HV,"['SPC_MBFLIP', 'SPC_MNUF', 'TPC_MPOLY', 'SBX_MPOLY', 'UC_NONE', 'SPC_NONE', 'UC_MPOLY', 'SPC_MPOLY', 'SPC_NONE', 'UC_NONE', 'TPC_MPOLY', 'TPC_MPOLY', 'SPC_NONE', 'TPC_NONE', 'NONE_MPOLY', 'TPC_MPOLY', 'SBX_MPOLY', 'SPC_NONE', 'TPC_NONE', 'SPC_NONE', 'UC_NONE', 'UC_NONE', 'SPC_NONE', 'UC_NONE', 'TPC_NONE', 'SPC_NONE', 'SBX_NONE', 'SPC_NONE', 'TPC_NONE', 'TPC_NONE', 'UC_NONE', 'SPC_NONE', 'SPC_NONE', 'SPC_NONE', 'TPC_NONE', 'UC_NONE', 'NONE_MPOLY', 'SPC_NONE', 'TPC_NONE', 'SPC_NONE', 'TPC_NONE', 'TPC_NONE', 'SPC_NONE', 'UC_NONE', 'SPC_NONE', 'SPC_NONE', 'TPC_NONE', 'UC_NONE', 'UC_NONE', 'UC_NONE', 'TPC_NONE', 'TPC_NONE', 'SPC_NONE', 'TPC_MPOLY', 'UC_NONE', 'TPC_NONE', 'SPC_NONE', 'TPC_NONE', 'UC_NONE', 'TPC_NONE', 'SPC_NONE', 'SBX_MNUF', 'TPC_NONE', 'TPC_NONE', 'UC_NONE', 'UC_NONE', 'TPC_NONE', 'SPC_NONE', 'UC_NONE', 'SPC_NONE', 'SPC_NONE', 'TPC_NONE', 'TPC_NONE', 'SBX_MPOLY', 'TPC_NONE', 'UC_NONE']","{'SPC_MNUF': 1, 'TPC_MPOLY': 5, 'SBX_MPOLY': 3, 'UC_NONE': 17, 'SPC_NONE': 22, 'UC_MPOLY': 1, 'SPC_MPOLY': 1, 'TPC_NONE': 21, 'NONE_MPOLY': 2, 'SBX_NONE': 1, 'SBX_MNUF': 1}"
28,76,SPC,NONE,0.6836697277108439,0.0388482048439403,533365496.32,347599240.696616,1553804.96,1059703.942166055,0.7401713016232828,-1.1921648496060476e-05,0.01,0.0,GREEDY_HV,"['SPC_MBFLIP', 'SPC_MNUF', 'TPC_MPOLY', 'SBX_MPOLY', 'UC_NONE', 'SPC_NONE', 'UC_MPOLY', 'SPC_MPOLY', 'SPC_NONE', 'UC_NONE', 'TPC_MPOLY', 'TPC_MPOLY', 'SPC_NONE', 'TPC_NONE', 'NONE_MPOLY', 'TPC_MPOLY', 'SBX_MPOLY', 'SPC_NONE', 'TPC_NONE', 'SPC_NONE', 'UC_NONE', 'UC_NONE', 'SPC_NONE', 'UC_NONE', 'TPC_NONE', 'SPC_NONE', 'SBX_NONE', 'SPC_NONE', 'TPC_NONE', 'TPC_NONE', 'UC_NONE', 'SPC_NONE', 'SPC_NONE', 'SPC_NONE', 'TPC_NONE', 'UC_NONE', 'NONE_MPOLY', 'SPC_NONE', 'TPC_NONE', 'SPC_NONE', 'TPC_NONE', 'TPC_NONE', 'SPC_NONE', 'UC_NONE', 'SPC_NONE', 'SPC_NONE', 'TPC_NONE', 'UC_NONE', 'UC_NONE', 'UC_NONE', 'TPC_NONE', 'TPC_NONE', 'SPC_NONE', 'TPC_MPOLY', 'UC_NONE', 'TPC_NONE', 'SPC_NONE', 'TPC_NONE', 'UC_NONE', 'TPC_NONE', 'SPC_NONE', 'SBX_MNUF', 'TPC_NONE', 'TPC_NONE', 'UC_NONE', 'UC_NONE', 'TPC_NONE', 'SPC_NONE', 'UC_NONE', 'SPC_NONE', 'SPC_NONE', 'TPC_NONE', 'TPC_NONE', 'SBX_MPOLY', 'TPC_NONE', 'UC_NONE', 'SPC_NONE']","{'SPC_MNUF': 1, 'TPC_MPOLY': 5, 'SBX_MPOLY': 3, 'UC_NONE': 17, 'SPC_NONE': 23, 'UC_MPOLY': 1, 'SPC_MPOLY': 1, 'TPC_NONE': 21, 'NONE_MPOLY': 2, 'SBX_NONE': 1, 'SBX_MNUF': 1}"
28,77,SPC,NONE,0.6827376529489032,0.0389145145214799,520731850.24,345536742.06712353,1571742.88,1103358.525611265,0.7401843747870476,1.3073163764754092e-05,0.0,0.0,GREEDY_HV,"['SPC_MBFLIP', 'SPC_MNUF', 'TPC_MPOLY', 'SBX_MPOLY', 'UC_NONE', 'SPC_NONE', 'UC_MPOLY', 'SPC_MPOLY', 'SPC_NONE', 'UC_NONE', 'TPC_MPOLY', 'TPC_MPOLY', 'SPC_NONE', 'TPC_NONE', 'NONE_MPOLY', 'TPC_MPOLY', 'SBX_MPOLY', 'SPC_NONE', 'TPC_NONE', 'SPC_NONE', 'UC_NONE', 'UC_NONE', 'SPC_NONE', 'UC_NONE', 'TPC_NONE', 'SPC_NONE', 'SBX_NONE', 'SPC_NONE', 'TPC_NONE', 'TPC_NONE', 'UC_NONE', 'SPC_NONE', 'SPC_NONE', 'SPC_NONE', 'TPC_NONE', 'UC_NONE', 'NONE_MPOLY', 'SPC_NONE', 'TPC_NONE', 'SPC_NONE', 'TPC_NONE', 'TPC_NONE', 'SPC_NONE', 'UC_NONE', 'SPC_NONE', 'SPC_NONE', 'TPC_NONE', 'UC_NONE', 'UC_NONE', 'UC_NONE', 'TPC_NONE', 'TPC_NONE', 'SPC_NONE', 'TPC_MPOLY', 'UC_NONE', 'TPC_NONE', 'SPC_NONE', 'TPC_NONE', 'UC_NONE', 'TPC_NONE', 'SPC_NONE', 'SBX_MNUF', 'TPC_NONE', 'TPC_NONE', 'UC_NONE', 'UC_NONE', 'TPC_NONE', 'SPC_NONE', 'UC_NONE', 'SPC_NONE', 'SPC_NONE', 'TPC_NONE', 'TPC_NONE', 'SBX_MPOLY', 'TPC_NONE', 'UC_NONE', 'SPC_NONE', 'SPC_NONE']","{'SPC_MNUF': 1, 'TPC_MPOLY': 5, 'SBX_MPOLY': 3, 'UC_NONE': 17, 'SPC_NONE': 24, 'UC_MPOLY': 1, 'SPC_MPOLY': 1, 'TPC_NONE': 21, 'NONE_MPOLY': 2, 'SBX_NONE': 1, 'SBX_MNUF': 1}"
28,78,SPC,NONE,0.6824774998525902,0.0389814405494499,509257689.6,349495017.3603265,1547257.76,1102010.9619898084,0.7402274577242873,4.308293723975787e-05,0.0,0.0,GREEDY_HV,"['SPC_MBFLIP', 'SPC_MNUF', 'TPC_MPOLY', 'SBX_MPOLY', 'UC_NONE', 'SPC_NONE', 'UC_MPOLY', 'SPC_MPOLY', 'SPC_NONE', 'UC_NONE', 'TPC_MPOLY', 'TPC_MPOLY', 'SPC_NONE', 'TPC_NONE', 'NONE_MPOLY', 'TPC_MPOLY', 'SBX_MPOLY', 'SPC_NONE', 'TPC_NONE', 'SPC_NONE', 'UC_NONE', 'UC_NONE', 'SPC_NONE', 'UC_NONE', 'TPC_NONE', 'SPC_NONE', 'SBX_NONE', 'SPC_NONE', 'TPC_NONE', 'TPC_NONE', 'UC_NONE', 'SPC_NONE', 'SPC_NONE', 'SPC_NONE', 'TPC_NONE', 'UC_NONE', 'NONE_MPOLY', 'SPC_NONE', 'TPC_NONE', 'SPC_NONE', 'TPC_NONE', 'TPC_NONE', 'SPC_NONE', 'UC_NONE', 'SPC_NONE', 'SPC_NONE', 'TPC_NONE', 'UC_NONE', 'UC_NONE', 'UC_NONE', 'TPC_NONE', 'TPC_NONE', 'SPC_NONE', 'TPC_MPOLY', 'UC_NONE', 'TPC_NONE', 'SPC_NONE', 'TPC_NONE', 'UC_NONE', 'TPC_NONE', 'SPC_NONE', 'SBX_MNUF', 'TPC_NONE', 'TPC_NONE', 'UC_NONE', 'UC_NONE', 'TPC_NONE', 'SPC_NONE', 'UC_NONE', 'SPC_NONE', 'SPC_NONE', 'TPC_NONE', 'TPC_NONE', 'SBX_MPOLY', 'TPC_NONE', 'UC_NONE', 'SPC_NONE', 'SPC_NONE', 'SPC_NONE']","{'SPC_MNUF': 1, 'TPC_MPOLY': 5, 'SBX_MPOLY': 3, 'UC_NONE': 17, 'SPC_NONE': 25, 'UC_MPOLY': 1, 'SPC_MPOLY': 1, 'TPC_NONE': 21, 'NONE_MPOLY': 2, 'SBX_NONE': 1, 'SBX_MNUF': 1}"
28,79,UC,NONE,0.6840010123650414,0.0389373828015097,531799879.68,349950898.8710147,1613943.2,1090649.0008941286,0.7402008791219422,-2.6578602345117552e-05,0.0,0.0,GREEDY_HV,"['SPC_MBFLIP', 'SPC_MNUF', 'TPC_MPOLY', 'SBX_MPOLY', 'UC_NONE', 'SPC_NONE', 'UC_MPOLY', 'SPC_MPOLY', 'SPC_NONE', 'UC_NONE', 'TPC_MPOLY', 'TPC_MPOLY', 'SPC_NONE', 'TPC_NONE', 'NONE_MPOLY', 'TPC_MPOLY', 'SBX_MPOLY', 'SPC_NONE', 'TPC_NONE', 'SPC_NONE', 'UC_NONE', 'UC_NONE', 'SPC_NONE', 'UC_NONE', 'TPC_NONE', 'SPC_NONE', 'SBX_NONE', 'SPC_NONE', 'TPC_NONE', 'TPC_NONE', 'UC_NONE', 'SPC_NONE', 'SPC_NONE', 'SPC_NONE', 'TPC_NONE', 'UC_NONE', 'NONE_MPOLY', 'SPC_NONE', 'TPC_NONE', 'SPC_NONE', 'TPC_NONE', 'TPC_NONE', 'SPC_NONE', 'UC_NONE', 'SPC_NONE', 'SPC_NONE', 'TPC_NONE', 'UC_NONE', 'UC_NONE', 'UC_NONE', 'TPC_NONE', 'TPC_NONE', 'SPC_NONE', 'TPC_MPOLY', 'UC_NONE', 'TPC_NONE', 'SPC_NONE', 'TPC_NONE', 'UC_NONE', 'TPC_NONE', 'SPC_NONE', 'SBX_MNUF', 'TPC_NONE', 'TPC_NONE', 'UC_NONE', 'UC_NONE', 'TPC_NONE', 'SPC_NONE', 'UC_NONE', 'SPC_NONE', 'SPC_NONE', 'TPC_NONE', 'TPC_NONE', 'SBX_MPOLY', 'TPC_NONE', 'UC_NONE', 'SPC_NONE', 'SPC_NONE', 'SPC_NONE', 'UC_NONE']","{'SPC_MNUF': 1, 'TPC_MPOLY': 5, 'SBX_MPOLY': 3, 'UC_NONE': 18, 'SPC_NONE': 25, 'UC_MPOLY': 1, 'SPC_MPOLY': 1, 'TPC_NONE': 21, 'NONE_MPOLY': 2, 'SBX_NONE': 1, 'SBX_MNUF': 1}"
28,80,UC,NONE,0.6838134813389054,0.0389949085306448,524379717.12,347160265.8291444,1612647.84,1093518.7805746251,0.7402294273399606,2.854821801834273e-05,0.0,0.0,GREEDY_HV,"['SPC_MBFLIP', 'SPC_MNUF', 'TPC_MPOLY', 'SBX_MPOLY', 'UC_NONE', 'SPC_NONE', 'UC_MPOLY', 'SPC_MPOLY', 'SPC_NONE', 'UC_NONE', 'TPC_MPOLY', 'TPC_MPOLY', 'SPC_NONE', 'TPC_NONE', 'NONE_MPOLY', 'TPC_MPOLY', 'SBX_MPOLY', 'SPC_NONE', 'TPC_NONE', 'SPC_NONE', 'UC_NONE', 'UC_NONE', 'SPC_NONE', 'UC_NONE', 'TPC_NONE', 'SPC_NONE', 'SBX_NONE', 'SPC_NONE', 'TPC_NONE', 'TPC_NONE', 'UC_NONE', 'SPC_NONE', 'SPC_NONE', 'SPC_NONE', 'TPC_NONE', 'UC_NONE', 'NONE_MPOLY', 'SPC_NONE', 'TPC_NONE', 'SPC_NONE', 'TPC_NONE', 'TPC_NONE', 'SPC_NONE', 'UC_NONE', 'SPC_NONE', 'SPC_NONE', 'TPC_NONE', 'UC_NONE', 'UC_NONE', 'UC_NONE', 'TPC_NONE', 'TPC_NONE', 'SPC_NONE', 'TPC_MPOLY', 'UC_NONE', 'TPC_NONE', 'SPC_NONE', 'TPC_NONE', 'UC_NONE', 'TPC_NONE', 'SPC_NONE', 'SBX_MNUF', 'TPC_NONE', 'TPC_NONE', 'UC_NONE', 'UC_NONE', 'TPC_NONE', 'SPC_NONE', 'UC_NONE', 'SPC_NONE', 'SPC_NONE', 'TPC_NONE', 'TPC_NONE', 'SBX_MPOLY', 'TPC_NONE', 'UC_NONE', 'SPC_NONE', 'SPC_NONE', 'SPC_NONE', 'UC_NONE', 'UC_NONE']","{'SPC_MNUF': 1, 'TPC_MPOLY': 5, 'SBX_MPOLY': 3, 'UC_NONE': 19, 'SPC_NONE': 25, 'UC_MPOLY': 1, 'SPC_MPOLY': 1, 'TPC_NONE': 21, 'NONE_MPOLY': 2, 'SBX_NONE': 1, 'SBX_MNUF': 1}"
28,81,TPC,NONE,0.6831040927725042,0.038765723046269,510804692.48,335906437.8706362,1570016.16,1080764.5104014722,0.7401941460282644,-3.5281311696166995e-05,0.0,0.0,GREEDY_HV,"['SPC_MBFLIP', 'SPC_MNUF', 'TPC_MPOLY', 'SBX_MPOLY', 'UC_NONE', 'SPC_NONE', 'UC_MPOLY', 'SPC_MPOLY', 'SPC_NONE', 'UC_NONE', 'TPC_MPOLY', 'TPC_MPOLY', 'SPC_NONE', 'TPC_NONE', 'NONE_MPOLY', 'TPC_MPOLY', 'SBX_MPOLY', 'SPC_NONE', 'TPC_NONE', 'SPC_NONE', 'UC_NONE', 'UC_NONE', 'SPC_NONE', 'UC_NONE', 'TPC_NONE', 'SPC_NONE', 'SBX_NONE', 'SPC_NONE', 'TPC_NONE', 'TPC_NONE', 'UC_NONE', 'SPC_NONE', 'SPC_NONE', 'SPC_NONE', 'TPC_NONE', 'UC_NONE', 'NONE_MPOLY', 'SPC_NONE', 'TPC_NONE', 'SPC_NONE', 'TPC_NONE', 'TPC_NONE', 'SPC_NONE', 'UC_NONE', 'SPC_NONE', 'SPC_NONE', 'TPC_NONE', 'UC_NONE', 'UC_NONE', 'UC_NONE', 'TPC_NONE', 'TPC_NONE', 'SPC_NONE', 'TPC_MPOLY', 'UC_NONE', 'TPC_NONE', 'SPC_NONE', 'TPC_NONE', 'UC_NONE', 'TPC_NONE', 'SPC_NONE', 'SBX_MNUF', 'TPC_NONE', 'TPC_NONE', 'UC_NONE', 'UC_NONE', 'TPC_NONE', 'SPC_NONE', 'UC_NONE', 'SPC_NONE', 'SPC_NONE', 'TPC_NONE', 'TPC_NONE', 'SBX_MPOLY', 'TPC_NONE', 'UC_NONE', 'SPC_NONE', 'SPC_NONE', 'SPC_NONE', 'UC_NONE', 'UC_NONE', 'TPC_NONE']","{'SPC_MNUF': 1, 'TPC_MPOLY': 5, 'SBX_MPOLY': 3, 'UC_NONE': 19, 'SPC_NONE': 25, 'UC_MPOLY': 1, 'SPC_MPOLY': 1, 'TPC_NONE': 22, 'NONE_MPOLY': 2, 'SBX_NONE': 1, 'SBX_MNUF': 1}"
28,82,SPC,NONE,0.6842074862472232,0.0381242401670171,519800770.56,346304766.4267212,1633524.64,1097133.4501329137,0.7401790756565778,-1.5070371686576324e-05,0.0,0.0,GREEDY_HV,"['SPC_MBFLIP', 'SPC_MNUF', 'TPC_MPOLY', 'SBX_MPOLY', 'UC_NONE', 'SPC_NONE', 'UC_MPOLY', 'SPC_MPOLY', 'SPC_NONE', 'UC_NONE', 'TPC_MPOLY', 'TPC_MPOLY', 'SPC_NONE', 'TPC_NONE', 'NONE_MPOLY', 'TPC_MPOLY', 'SBX_MPOLY', 'SPC_NONE', 'TPC_NONE', 'SPC_NONE', 'UC_NONE', 'UC_NONE', 'SPC_NONE', 'UC_NONE', 'TPC_NONE', 'SPC_NONE', 'SBX_NONE', 'SPC_NONE', 'TPC_NONE', 'TPC_NONE', 'UC_NONE', 'SPC_NONE', 'SPC_NONE', 'SPC_NONE', 'TPC_NONE', 'UC_NONE', 'NONE_MPOLY', 'SPC_NONE', 'TPC_NONE', 'SPC_NONE', 'TPC_NONE', 'TPC_NONE', 'SPC_NONE', 'UC_NONE', 'SPC_NONE', 'SPC_NONE', 'TPC_NONE', 'UC_NONE', 'UC_NONE', 'UC_NONE', 'TPC_NONE', 'TPC_NONE', 'SPC_NONE', 'TPC_MPOLY', 'UC_NONE', 'TPC_NONE', 'SPC_NONE', 'TPC_NONE', 'UC_NONE', 'TPC_NONE', 'SPC_NONE', 'SBX_MNUF', 'TPC_NONE', 'TPC_NONE', 'UC_NONE', 'UC_NONE', 'TPC_NONE', 'SPC_NONE', 'UC_NONE', 'SPC_NONE', 'SPC_NONE', 'TPC_NONE', 'TPC_NONE', 'SBX_MPOLY', 'TPC_NONE', 'UC_NONE', 'SPC_NONE', 'SPC_NONE', 'SPC_NONE', 'UC_NONE', 'UC_NONE', 'TPC_NONE', 'SPC_NONE']","{'SPC_MNUF': 1, 'TPC_MPOLY': 5, 'SBX_MPOLY': 3, 'UC_NONE': 19, 'SPC_NONE': 26, 'UC_MPOLY': 1, 'SPC_MPOLY': 1, 'TPC_NONE': 22, 'NONE_MPOLY': 2, 'SBX_NONE': 1, 'SBX_MNUF': 1}"
28,83,SPC,NONE,0.6851995995776019,0.0389737094974721,552911651.84,358651417.8791564,1676587.68,1091013.8663923468,0.7402070424639109,2.7966807333079657e-05,0.0,0.0,GREEDY_HV,"['SPC_MBFLIP', 'SPC_MNUF', 'TPC_MPOLY', 'SBX_MPOLY', 'UC_NONE', 'SPC_NONE', 'UC_MPOLY', 'SPC_MPOLY', 'SPC_NONE', 'UC_NONE', 'TPC_MPOLY', 'TPC_MPOLY', 'SPC_NONE', 'TPC_NONE', 'NONE_MPOLY', 'TPC_MPOLY', 'SBX_MPOLY', 'SPC_NONE', 'TPC_NONE', 'SPC_NONE', 'UC_NONE', 'UC_NONE', 'SPC_NONE', 'UC_NONE', 'TPC_NONE', 'SPC_NONE', 'SBX_NONE', 'SPC_NONE', 'TPC_NONE', 'TPC_NONE', 'UC_NONE', 'SPC_NONE', 'SPC_NONE', 'SPC_NONE', 'TPC_NONE', 'UC_NONE', 'NONE_MPOLY', 'SPC_NONE', 'TPC_NONE', 'SPC_NONE', 'TPC_NONE', 'TPC_NONE', 'SPC_NONE', 'UC_NONE', 'SPC_NONE', 'SPC_NONE', 'TPC_NONE', 'UC_NONE', 'UC_NONE', 'UC_NONE', 'TPC_NONE', 'TPC_NONE', 'SPC_NONE', 'TPC_MPOLY', 'UC_NONE', 'TPC_NONE', 'SPC_NONE', 'TPC_NONE', 'UC_NONE', 'TPC_NONE', 'SPC_NONE', 'SBX_MNUF', 'TPC_NONE', 'TPC_NONE', 'UC_NONE', 'UC_NONE', 'TPC_NONE', 'SPC_NONE', 'UC_NONE', 'SPC_NONE', 'SPC_NONE', 'TPC_NONE', 'TPC_NONE', 'SBX_MPOLY', 'TPC_NONE', 'UC_NONE', 'SPC_NONE', 'SPC_NONE', 'SPC_NONE', 'UC_NONE', 'UC_NONE', 'TPC_NONE', 'SPC_NONE', 'SPC_NONE']","{'SPC_MNUF': 1, 'TPC_MPOLY': 5, 'SBX_MPOLY': 3, 'UC_NONE': 19, 'SPC_NONE': 27, 'UC_MPOLY': 1, 'SPC_MPOLY': 1, 'TPC_NONE': 22, 'NONE_MPOLY': 2, 'SBX_NONE': 1, 'SBX_MNUF': 1}"
28,84,TPC,NONE,0.6831450351018087,0.0386322620044234,515372846.08,354118073.2640009,1568878.24,1086415.1562524997,0.7402370366831288,2.9994219217899243e-05,0.0,0.0,GREEDY_HV,"['SPC_MBFLIP', 'SPC_MNUF', 'TPC_MPOLY', 'SBX_MPOLY', 'UC_NONE', 'SPC_NONE', 'UC_MPOLY', 'SPC_MPOLY', 'SPC_NONE', 'UC_NONE', 'TPC_MPOLY', 'TPC_MPOLY', 'SPC_NONE', 'TPC_NONE', 'NONE_MPOLY', 'TPC_MPOLY', 'SBX_MPOLY', 'SPC_NONE', 'TPC_NONE', 'SPC_NONE', 'UC_NONE', 'UC_NONE', 'SPC_NONE', 'UC_NONE', 'TPC_NONE', 'SPC_NONE', 'SBX_NONE', 'SPC_NONE', 'TPC_NONE', 'TPC_NONE', 'UC_NONE', 'SPC_NONE', 'SPC_NONE', 'SPC_NONE', 'TPC_NONE', 'UC_NONE', 'NONE_MPOLY', 'SPC_NONE', 'TPC_NONE', 'SPC_NONE', 'TPC_NONE', 'TPC_NONE', 'SPC_NONE', 'UC_NONE', 'SPC_NONE', 'SPC_NONE', 'TPC_NONE', 'UC_NONE', 'UC_NONE', 'UC_NONE', 'TPC_NONE', 'TPC_NONE', 'SPC_NONE', 'TPC_MPOLY', 'UC_NONE', 'TPC_NONE', 'SPC_NONE', 'TPC_NONE', 'UC_NONE', 'TPC_NONE', 'SPC_NONE', 'SBX_MNUF', 'TPC_NONE', 'TPC_NONE', 'UC_NONE', 'UC_NONE', 'TPC_NONE', 'SPC_NONE', 'UC_NONE', 'SPC_NONE', 'SPC_NONE', 'TPC_NONE', 'TPC_NONE', 'SBX_MPOLY', 'TPC_NONE', 'UC_NONE', 'SPC_NONE', 'SPC_NONE', 'SPC_NONE', 'UC_NONE', 'UC_NONE', 'TPC_NONE', 'SPC_NONE', 'SPC_NONE', 'TPC_NONE']","{'SPC_MNUF': 1, 'TPC_MPOLY': 5, 'SBX_MPOLY': 3, 'UC_NONE': 19, 'SPC_NONE': 27, 'UC_MPOLY': 1, 'SPC_MPOLY': 1, 'TPC_NONE': 23, 'NONE_MPOLY': 2, 'SBX_NONE': 1, 'SBX_MNUF': 1}"
28,85,UC,NONE,0.6843795364361928,0.038785969627036,528632376.32,356003190.82008195,1627975.84,1082998.4687279917,0.7402088580938575,-2.817858927128825e-05,0.0,0.0,GREEDY_HV,"['SPC_MBFLIP', 'SPC_MNUF', 'TPC_MPOLY', 'SBX_MPOLY', 'UC_NONE', 'SPC_NONE', 'UC_MPOLY', 'SPC_MPOLY', 'SPC_NONE', 'UC_NONE', 'TPC_MPOLY', 'TPC_MPOLY', 'SPC_NONE', 'TPC_NONE', 'NONE_MPOLY', 'TPC_MPOLY', 'SBX_MPOLY', 'SPC_NONE', 'TPC_NONE', 'SPC_NONE', 'UC_NONE', 'UC_NONE', 'SPC_NONE', 'UC_NONE', 'TPC_NONE', 'SPC_NONE', 'SBX_NONE', 'SPC_NONE', 'TPC_NONE', 'TPC_NONE', 'UC_NONE', 'SPC_NONE', 'SPC_NONE', 'SPC_NONE', 'TPC_NONE', 'UC_NONE', 'NONE_MPOLY', 'SPC_NONE', 'TPC_NONE', 'SPC_NONE', 'TPC_NONE', 'TPC_NONE', 'SPC_NONE', 'UC_NONE', 'SPC_NONE', 'SPC_NONE', 'TPC_NONE', 'UC_NONE', 'UC_NONE', 'UC_NONE', 'TPC_NONE', 'TPC_NONE', 'SPC_NONE', 'TPC_MPOLY', 'UC_NONE', 'TPC_NONE', 'SPC_NONE', 'TPC_NONE', 'UC_NONE', 'TPC_NONE', 'SPC_NONE', 'SBX_MNUF', 'TPC_NONE', 'TPC_NONE', 'UC_NONE', 'UC_NONE', 'TPC_NONE', 'SPC_NONE', 'UC_NONE', 'SPC_NONE', 'SPC_NONE', 'TPC_NONE', 'TPC_NONE', 'SBX_MPOLY', 'TPC_NONE', 'UC_NONE', 'SPC_NONE', 'SPC_NONE', 'SPC_NONE', 'UC_NONE', 'UC_NONE', 'TPC_NONE', 'SPC_NONE', 'SPC_NONE', 'TPC_NONE', 'UC_NONE']","{'SPC_MNUF': 1, 'TPC_MPOLY': 5, 'SBX_MPOLY': 3, 'UC_NONE': 20, 'SPC_NONE': 27, 'UC_MPOLY': 1, 'SPC_MPOLY': 1, 'TPC_NONE': 23, 'NONE_MPOLY': 2, 'SBX_NONE': 1, 'SBX_MNUF': 1}"
28,86,TPC,NONE,0.6852113152394486,0.037612995376123,521622246.4,345014586.6547146,1650464.16,1104522.2291915242,0.7401869152403072,-2.1942853550283022e-05,0.0,0.0,GREEDY_HV,"['SPC_MBFLIP', 'SPC_MNUF', 'TPC_MPOLY', 'SBX_MPOLY', 'UC_NONE', 'SPC_NONE', 'UC_MPOLY', 'SPC_MPOLY', 'SPC_NONE', 'UC_NONE', 'TPC_MPOLY', 'TPC_MPOLY', 'SPC_NONE', 'TPC_NONE', 'NONE_MPOLY', 'TPC_MPOLY', 'SBX_MPOLY', 'SPC_NONE', 'TPC_NONE', 'SPC_NONE', 'UC_NONE', 'UC_NONE', 'SPC_NONE', 'UC_NONE', 'TPC_NONE', 'SPC_NONE', 'SBX_NONE', 'SPC_NONE', 'TPC_NONE', 'TPC_NONE', 'UC_NONE', 'SPC_NONE', 'SPC_NONE', 'SPC_NONE', 'TPC_NONE', 'UC_NONE', 'NONE_MPOLY', 'SPC_NONE', 'TPC_NONE', 'SPC_NONE', 'TPC_NONE', 'TPC_NONE', 'SPC_NONE', 'UC_NONE', 'SPC_NONE', 'SPC_NONE', 'TPC_NONE', 'UC_NONE', 'UC_NONE', 'UC_NONE', 'TPC_NONE', 'TPC_NONE', 'SPC_NONE', 'TPC_MPOLY', 'UC_NONE', 'TPC_NONE', 'SPC_NONE', 'TPC_NONE', 'UC_NONE', 'TPC_NONE', 'SPC_NONE', 'SBX_MNUF', 'TPC_NONE', 'TPC_NONE', 'UC_NONE', 'UC_NONE', 'TPC_NONE', 'SPC_NONE', 'UC_NONE', 'SPC_NONE', 'SPC_NONE', 'TPC_NONE', 'TPC_NONE', 'SBX_MPOLY', 'TPC_NONE', 'UC_NONE', 'SPC_NONE', 'SPC_NONE', 'SPC_NONE', 'UC_NONE', 'UC_NONE', 'TPC_NONE', 'SPC_NONE', 'SPC_NONE', 'TPC_NONE', 'UC_NONE', 'TPC_NONE']","{'SPC_MNUF': 1, 'TPC_MPOLY': 5, 'SBX_MPOLY': 3, 'UC_NONE': 20, 'SPC_NONE': 27, 'UC_MPOLY': 1, 'SPC_MPOLY': 1, 'TPC_NONE': 24, 'NONE_MPOLY': 2, 'SBX_NONE': 1, 'SBX_MNUF': 1}"
28,87,SPC,NONE,0.6853285832508282,0.0385749494079815,552300874.24,361289543.0817674,1651003.04,1086559.6661941942,0.7401884802527264,1.565012419213474e-06,0.0,0.0,GREEDY_HV,"['SPC_MBFLIP', 'SPC_MNUF', 'TPC_MPOLY', 'SBX_MPOLY', 'UC_NONE', 'SPC_NONE', 'UC_MPOLY', 'SPC_MPOLY', 'SPC_NONE', 'UC_NONE', 'TPC_MPOLY', 'TPC_MPOLY', 'SPC_NONE', 'TPC_NONE', 'NONE_MPOLY', 'TPC_MPOLY', 'SBX_MPOLY', 'SPC_NONE', 'TPC_NONE', 'SPC_NONE', 'UC_NONE', 'UC_NONE', 'SPC_NONE', 'UC_NONE', 'TPC_NONE', 'SPC_NONE', 'SBX_NONE', 'SPC_NONE', 'TPC_NONE', 'TPC_NONE', 'UC_NONE', 'SPC_NONE', 'SPC_NONE', 'SPC_NONE', 'TPC_NONE', 'UC_NONE', 'NONE_MPOLY', 'SPC_NONE', 'TPC_NONE', 'SPC_NONE', 'TPC_NONE', 'TPC_NONE', 'SPC_NONE', 'UC_NONE', 'SPC_NONE', 'SPC_NONE', 'TPC_NONE', 'UC_NONE', 'UC_NONE', 'UC_NONE', 'TPC_NONE', 'TPC_NONE', 'SPC_NONE', 'TPC_MPOLY', 'UC_NONE', 'TPC_NONE', 'SPC_NONE', 'TPC_NONE', 'UC_NONE', 'TPC_NONE', 'SPC_NONE', 'SBX_MNUF', 'TPC_NONE', 'TPC_NONE', 'UC_NONE', 'UC_NONE', 'TPC_NONE', 'SPC_NONE', 'UC_NONE', 'SPC_NONE', 'SPC_NONE', 'TPC_NONE', 'TPC_NONE', 'SBX_MPOLY', 'TPC_NONE', 'UC_NONE', 'SPC_NONE', 'SPC_NONE', 'SPC_NONE', 'UC_NONE', 'UC_NONE', 'TPC_NONE', 'SPC_NONE', 'SPC_NONE', 'TPC_NONE', 'UC_NONE', 'TPC_NONE', 'SPC_NONE']","{'SPC_MNUF': 1, 'TPC_MPOLY': 5, 'SBX_MPOLY': 3, 'UC_NONE': 20, 'SPC_NONE': 28, 'UC_MPOLY': 1, 'SPC_MPOLY': 1, 'TPC_NONE': 24, 'NONE_MPOLY': 2, 'SBX_NONE': 1, 'SBX_MNUF': 1}"
28,88,UC,NONE,0.6848614909470929,0.0385989211958352,546876249.6,356193261.7129651,1629776.8,1099805.4836085157,0.7401596286012243,-2.885165150212643e-05,0.0,0.0,GREEDY_HV,"['SPC_MBFLIP', 'SPC_MNUF', 'TPC_MPOLY', 'SBX_MPOLY', 'UC_NONE', 'SPC_NONE', 'UC_MPOLY', 'SPC_MPOLY', 'SPC_NONE', 'UC_NONE', 'TPC_MPOLY', 'TPC_MPOLY', 'SPC_NONE', 'TPC_NONE', 'NONE_MPOLY', 'TPC_MPOLY', 'SBX_MPOLY', 'SPC_NONE', 'TPC_NONE', 'SPC_NONE', 'UC_NONE', 'UC_NONE', 'SPC_NONE', 'UC_NONE', 'TPC_NONE', 'SPC_NONE', 'SBX_NONE', 'SPC_NONE', 'TPC_NONE', 'TPC_NONE', 'UC_NONE', 'SPC_NONE', 'SPC_NONE', 'SPC_NONE', 'TPC_NONE', 'UC_NONE', 'NONE_MPOLY', 'SPC_NONE', 'TPC_NONE', 'SPC_NONE', 'TPC_NONE', 'TPC_NONE', 'SPC_NONE', 'UC_NONE', 'SPC_NONE', 'SPC_NONE', 'TPC_NONE', 'UC_NONE', 'UC_NONE', 'UC_NONE', 'TPC_NONE', 'TPC_NONE', 'SPC_NONE', 'TPC_MPOLY', 'UC_NONE', 'TPC_NONE', 'SPC_NONE', 'TPC_NONE', 'UC_NONE', 'TPC_NONE', 'SPC_NONE', 'SBX_MNUF', 'TPC_NONE', 'TPC_NONE', 'UC_NONE', 'UC_NONE', 'TPC_NONE', 'SPC_NONE', 'UC_NONE', 'SPC_NONE', 'SPC_NONE', 'TPC_NONE', 'TPC_NONE', 'SBX_MPOLY', 'TPC_NONE', 'UC_NONE', 'SPC_NONE', 'SPC_NONE', 'SPC_NONE', 'UC_NONE', 'UC_NONE', 'TPC_NONE', 'SPC_NONE', 'SPC_NONE', 'TPC_NONE', 'UC_NONE', 'TPC_NONE', 'SPC_NONE', 'UC_NONE']","{'SPC_MNUF': 1, 'TPC_MPOLY': 5, 'SBX_MPOLY': 3, 'UC_NONE': 21, 'SPC_NONE': 28, 'UC_MPOLY': 1, 'SPC_MPOLY': 1, 'TPC_NONE': 24, 'NONE_MPOLY': 2, 'SBX_NONE': 1, 'SBX_MNUF': 1}"
28,89,TPC,NONE,0.6855337755230748,0.0384662223467877,553430049.28,365600793.17697054,1667612.32,1085819.8280067912,0.7401653254407784,5.696839554092392e-06,0.0,0.0,GREEDY_HV,"['SPC_MBFLIP', 'SPC_MNUF', 'TPC_MPOLY', 'SBX_MPOLY', 'UC_NONE', 'SPC_NONE', 'UC_MPOLY', 'SPC_MPOLY', 'SPC_NONE', 'UC_NONE', 'TPC_MPOLY', 'TPC_MPOLY', 'SPC_NONE', 'TPC_NONE', 'NONE_MPOLY', 'TPC_MPOLY', 'SBX_MPOLY', 'SPC_NONE', 'TPC_NONE', 'SPC_NONE', 'UC_NONE', 'UC_NONE', 'SPC_NONE', 'UC_NONE', 'TPC_NONE', 'SPC_NONE', 'SBX_NONE', 'SPC_NONE', 'TPC_NONE', 'TPC_NONE', 'UC_NONE', 'SPC_NONE', 'SPC_NONE', 'SPC_NONE', 'TPC_NONE', 'UC_NONE', 'NONE_MPOLY', 'SPC_NONE', 'TPC_NONE', 'SPC_NONE', 'TPC_NONE', 'TPC_NONE', 'SPC_NONE', 'UC_NONE', 'SPC_NONE', 'SPC_NONE', 'TPC_NONE', 'UC_NONE', 'UC_NONE', 'UC_NONE', 'TPC_NONE', 'TPC_NONE', 'SPC_NONE', 'TPC_MPOLY', 'UC_NONE', 'TPC_NONE', 'SPC_NONE', 'TPC_NONE', 'UC_NONE', 'TPC_NONE', 'SPC_NONE', 'SBX_MNUF', 'TPC_NONE', 'TPC_NONE', 'UC_NONE', 'UC_NONE', 'TPC_NONE', 'SPC_NONE', 'UC_NONE', 'SPC_NONE', 'SPC_NONE', 'TPC_NONE', 'TPC_NONE', 'SBX_MPOLY', 'TPC_NONE', 'UC_NONE', 'SPC_NONE', 'SPC_NONE', 'SPC_NONE', 'UC_NONE', 'UC_NONE', 'TPC_NONE', 'SPC_NONE', 'SPC_NONE', 'TPC_NONE', 'UC_NONE', 'TPC_NONE', 'SPC_NONE', 'UC_NONE', 'TPC_NONE']","{'SPC_MNUF': 1, 'TPC_MPOLY': 5, 'SBX_MPOLY': 3, 'UC_NONE': 21, 'SPC_NONE': 28, 'UC_MPOLY': 1, 'SPC_MPOLY': 1, 'TPC_NONE': 25, 'NONE_MPOLY': 2, 'SBX_NONE': 1, 'SBX_MNUF': 1}"
28,90,SPC,NONE,0.684628425442178,0.0387632247842569,541005596.16,361242442.4798244,1648820.64,1100452.866815072,0.7401714931475076,6.167706729232059e-06,0.0,0.0,GREEDY_HV,"['SPC_MBFLIP', 'SPC_MNUF', 'TPC_MPOLY', 'SBX_MPOLY', 'UC_NONE', 'SPC_NONE', 'UC_MPOLY', 'SPC_MPOLY', 'SPC_NONE', 'UC_NONE', 'TPC_MPOLY', 'TPC_MPOLY', 'SPC_NONE', 'TPC_NONE', 'NONE_MPOLY', 'TPC_MPOLY', 'SBX_MPOLY', 'SPC_NONE', 'TPC_NONE', 'SPC_NONE', 'UC_NONE', 'UC_NONE', 'SPC_NONE', 'UC_NONE', 'TPC_NONE', 'SPC_NONE', 'SBX_NONE', 'SPC_NONE', 'TPC_NONE', 'TPC_NONE', 'UC_NONE', 'SPC_NONE', 'SPC_NONE', 'SPC_NONE', 'TPC_NONE', 'UC_NONE', 'NONE_MPOLY', 'SPC_NONE', 'TPC_NONE', 'SPC_NONE', 'TPC_NONE', 'TPC_NONE', 'SPC_NONE', 'UC_NONE', 'SPC_NONE', 'SPC_NONE', 'TPC_NONE', 'UC_NONE', 'UC_NONE', 'UC_NONE', 'TPC_NONE', 'TPC_NONE', 'SPC_NONE', 'TPC_MPOLY', 'UC_NONE', 'TPC_NONE', 'SPC_NONE', 'TPC_NONE', 'UC_NONE', 'TPC_NONE', 'SPC_NONE', 'SBX_MNUF', 'TPC_NONE', 'TPC_NONE', 'UC_NONE', 'UC_NONE', 'TPC_NONE', 'SPC_NONE', 'UC_NONE', 'SPC_NONE', 'SPC_NONE', 'TPC_NONE', 'TPC_NONE', 'SBX_MPOLY', 'TPC_NONE', 'UC_NONE', 'SPC_NONE', 'SPC_NONE', 'SPC_NONE', 'UC_NONE', 'UC_NONE', 'TPC_NONE', 'SPC_NONE', 'SPC_NONE', 'TPC_NONE', 'UC_NONE', 'TPC_NONE', 'SPC_NONE', 'UC_NONE', 'TPC_NONE', 'SPC_NONE']","{'SPC_MNUF': 1, 'TPC_MPOLY': 5, 'SBX_MPOLY': 3, 'UC_NONE': 21, 'SPC_NONE': 29, 'UC_MPOLY': 1, 'SPC_MPOLY': 1, 'TPC_NONE': 25, 'NONE_MPOLY': 2, 'SBX_NONE': 1, 'SBX_MNUF': 1}"
28,91,SPC,NONE,0.6853313058192967,0.0387151563882539,543272337.92,353136981.93764067,1679497.12,1097587.9382728045,0.7401547374479651,-1.6755699542514435e-05,0.0,0.0,GREEDY_HV,"['SPC_MBFLIP', 'SPC_MNUF', 'TPC_MPOLY', 'SBX_MPOLY', 'UC_NONE', 'SPC_NONE', 'UC_MPOLY', 'SPC_MPOLY', 'SPC_NONE', 'UC_NONE', 'TPC_MPOLY', 'TPC_MPOLY', 'SPC_NONE', 'TPC_NONE', 'NONE_MPOLY', 'TPC_MPOLY', 'SBX_MPOLY', 'SPC_NONE', 'TPC_NONE', 'SPC_NONE', 'UC_NONE', 'UC_NONE', 'SPC_NONE', 'UC_NONE', 'TPC_NONE', 'SPC_NONE', 'SBX_NONE', 'SPC_NONE', 'TPC_NONE', 'TPC_NONE', 'UC_NONE', 'SPC_NONE', 'SPC_NONE', 'SPC_NONE', 'TPC_NONE', 'UC_NONE', 'NONE_MPOLY', 'SPC_NONE', 'TPC_NONE', 'SPC_NONE', 'TPC_NONE', 'TPC_NONE', 'SPC_NONE', 'UC_NONE', 'SPC_NONE', 'SPC_NONE', 'TPC_NONE', 'UC_NONE', 'UC_NONE', 'UC_NONE', 'TPC_NONE', 'TPC_NONE', 'SPC_NONE', 'TPC_MPOLY', 'UC_NONE', 'TPC_NONE', 'SPC_NONE', 'TPC_NONE', 'UC_NONE', 'TPC_NONE', 'SPC_NONE', 'SBX_MNUF', 'TPC_NONE', 'TPC_NONE', 'UC_NONE', 'UC_NONE', 'TPC_NONE', 'SPC_NONE', 'UC_NONE', 'SPC_NONE', 'SPC_NONE', 'TPC_NONE', 'TPC_NONE', 'SBX_MPOLY', 'TPC_NONE', 'UC_NONE', 'SPC_NONE', 'SPC_NONE', 'SPC_NONE', 'UC_NONE', 'UC_NONE', 'TPC_NONE', 'SPC_NONE', 'SPC_NONE', 'TPC_NONE', 'UC_NONE', 'TPC_NONE', 'SPC_NONE', 'UC_NONE', 'TPC_NONE', 'SPC_NONE', 'SPC_NONE']","{'SPC_MNUF': 1, 'TPC_MPOLY': 5, 'SBX_MPOLY': 3, 'UC_NONE': 21, 'SPC_NONE': 30, 'UC_MPOLY': 1, 'SPC_MPOLY': 1, 'TPC_NONE': 25, 'NONE_MPOLY': 2, 'SBX_NONE': 1, 'SBX_MNUF': 1}"
28,92,SPC,NONE,0.6844789592385436,0.0385417986727323,539083988.48,355585593.6495245,1642803.36,1091108.8500251067,0.7401617007660004,6.963318035291266e-06,0.0,0.0,GREEDY_HV,"['SPC_MBFLIP', 'SPC_MNUF', 'TPC_MPOLY', 'SBX_MPOLY', 'UC_NONE', 'SPC_NONE', 'UC_MPOLY', 'SPC_MPOLY', 'SPC_NONE', 'UC_NONE', 'TPC_MPOLY', 'TPC_MPOLY', 'SPC_NONE', 'TPC_NONE', 'NONE_MPOLY', 'TPC_MPOLY', 'SBX_MPOLY', 'SPC_NONE', 'TPC_NONE', 'SPC_NONE', 'UC_NONE', 'UC_NONE', 'SPC_NONE', 'UC_NONE', 'TPC_NONE', 'SPC_NONE', 'SBX_NONE', 'SPC_NONE', 'TPC_NONE', 'TPC_NONE', 'UC_NONE', 'SPC_NONE', 'SPC_NONE', 'SPC_NONE', 'TPC_NONE', 'UC_NONE', 'NONE_MPOLY', 'SPC_NONE', 'TPC_NONE', 'SPC_NONE', 'TPC_NONE', 'TPC_NONE', 'SPC_NONE', 'UC_NONE', 'SPC_NONE', 'SPC_NONE', 'TPC_NONE', 'UC_NONE', 'UC_NONE', 'UC_NONE', 'TPC_NONE', 'TPC_NONE', 'SPC_NONE', 'TPC_MPOLY', 'UC_NONE', 'TPC_NONE', 'SPC_NONE', 'TPC_NONE', 'UC_NONE', 'TPC_NONE', 'SPC_NONE', 'SBX_MNUF', 'TPC_NONE', 'TPC_NONE', 'UC_NONE', 'UC_NONE', 'TPC_NONE', 'SPC_NONE', 'UC_NONE', 'SPC_NONE', 'SPC_NONE', 'TPC_NONE', 'TPC_NONE', 'SBX_MPOLY', 'TPC_NONE', 'UC_NONE', 'SPC_NONE', 'SPC_NONE', 'SPC_NONE', 'UC_NONE', 'UC_NONE', 'TPC_NONE', 'SPC_NONE', 'SPC_NONE', 'TPC_NONE', 'UC_NONE', 'TPC_NONE', 'SPC_NONE', 'UC_NONE', 'TPC_NONE', 'SPC_NONE', 'SPC_NONE', 'SPC_NONE']","{'SPC_MNUF': 1, 'TPC_MPOLY': 5, 'SBX_MPOLY': 3, 'UC_NONE': 21, 'SPC_NONE': 31, 'UC_MPOLY': 1, 'SPC_MPOLY': 1, 'TPC_NONE': 25, 'NONE_MPOLY': 2, 'SBX_NONE': 1, 'SBX_MNUF': 1}"
28,93,TPC,NONE,0.6838432035378339,0.0386822394170783,547541457.92,362408385.2641622,1599603.36,1096404.6327214378,0.7401306241368574,-3.107662914303422e-05,0.0,0.0,GREEDY_HV,"['SPC_MBFLIP', 'SPC_MNUF', 'TPC_MPOLY', 'SBX_MPOLY', 'UC_NONE', 'SPC_NONE', 'UC_MPOLY', 'SPC_MPOLY', 'SPC_NONE', 'UC_NONE', 'TPC_MPOLY', 'TPC_MPOLY', 'SPC_NONE', 'TPC_NONE', 'NONE_MPOLY', 'TPC_MPOLY', 'SBX_MPOLY', 'SPC_NONE', 'TPC_NONE', 'SPC_NONE', 'UC_NONE', 'UC_NONE', 'SPC_NONE', 'UC_NONE', 'TPC_NONE', 'SPC_NONE', 'SBX_NONE', 'SPC_NONE', 'TPC_NONE', 'TPC_NONE', 'UC_NONE', 'SPC_NONE', 'SPC_NONE', 'SPC_NONE', 'TPC_NONE', 'UC_NONE', 'NONE_MPOLY', 'SPC_NONE', 'TPC_NONE', 'SPC_NONE', 'TPC_NONE', 'TPC_NONE', 'SPC_NONE', 'UC_NONE', 'SPC_NONE', 'SPC_NONE', 'TPC_NONE', 'UC_NONE', 'UC_NONE', 'UC_NONE', 'TPC_NONE', 'TPC_NONE', 'SPC_NONE', 'TPC_MPOLY', 'UC_NONE', 'TPC_NONE', 'SPC_NONE', 'TPC_NONE', 'UC_NONE', 'TPC_NONE', 'SPC_NONE', 'SBX_MNUF', 'TPC_NONE', 'TPC_NONE', 'UC_NONE', 'UC_NONE', 'TPC_NONE', 'SPC_NONE', 'UC_NONE', 'SPC_NONE', 'SPC_NONE', 'TPC_NONE', 'TPC_NONE', 'SBX_MPOLY', 'TPC_NONE', 'UC_NONE', 'SPC_NONE', 'SPC_NONE', 'SPC_NONE', 'UC_NONE', 'UC_NONE', 'TPC_NONE', 'SPC_NONE', 'SPC_NONE', 'TPC_NONE', 'UC_NONE', 'TPC_NONE', 'SPC_NONE', 'UC_NONE', 'TPC_NONE', 'SPC_NONE', 'SPC_NONE', 'SPC_NONE', 'TPC_NONE']","{'SPC_MNUF': 1, 'TPC_MPOLY': 5, 'SBX_MPOLY': 3, 'UC_NONE': 21, 'SPC_NONE': 31, 'UC_MPOLY': 1, 'SPC_MPOLY': 1, 'TPC_NONE': 26, 'NONE_MPOLY': 2, 'SBX_NONE': 1, 'SBX_MNUF': 1}"
28,94,TPC,NONE,0.6851142613451832,0.0385305705031791,552667120.64,352534267.15209264,1662940.32,1090187.3913423407,0.740142366481686,1.1742344828591378e-05,0.0,0.0,GREEDY_HV,"['SPC_MBFLIP', 'SPC_MNUF', 'TPC_MPOLY', 'SBX_MPOLY', 'UC_NONE', 'SPC_NONE', 'UC_MPOLY', 'SPC_MPOLY', 'SPC_NONE', 'UC_NONE', 'TPC_MPOLY', 'TPC_MPOLY', 'SPC_NONE', 'TPC_NONE', 'NONE_MPOLY', 'TPC_MPOLY', 'SBX_MPOLY', 'SPC_NONE', 'TPC_NONE', 'SPC_NONE', 'UC_NONE', 'UC_NONE', 'SPC_NONE', 'UC_NONE', 'TPC_NONE', 'SPC_NONE', 'SBX_NONE', 'SPC_NONE', 'TPC_NONE', 'TPC_NONE', 'UC_NONE', 'SPC_NONE', 'SPC_NONE', 'SPC_NONE', 'TPC_NONE', 'UC_NONE', 'NONE_MPOLY', 'SPC_NONE', 'TPC_NONE', 'SPC_NONE', 'TPC_NONE', 'TPC_NONE', 'SPC_NONE', 'UC_NONE', 'SPC_NONE', 'SPC_NONE', 'TPC_NONE', 'UC_NONE', 'UC_NONE', 'UC_NONE', 'TPC_NONE', 'TPC_NONE', 'SPC_NONE', 'TPC_MPOLY', 'UC_NONE', 'TPC_NONE', 'SPC_NONE', 'TPC_NONE', 'UC_NONE', 'TPC_NONE', 'SPC_NONE', 'SBX_MNUF', 'TPC_NONE', 'TPC_NONE', 'UC_NONE', 'UC_NONE', 'TPC_NONE', 'SPC_NONE', 'UC_NONE', 'SPC_NONE', 'SPC_NONE', 'TPC_NONE', 'TPC_NONE', 'SBX_MPOLY', 'TPC_NONE', 'UC_NONE', 'SPC_NONE', 'SPC_NONE', 'SPC_NONE', 'UC_NONE', 'UC_NONE', 'TPC_NONE', 'SPC_NONE', 'SPC_NONE', 'TPC_NONE', 'UC_NONE', 'TPC_NONE', 'SPC_NONE', 'UC_NONE', 'TPC_NONE', 'SPC_NONE', 'SPC_NONE', 'SPC_NONE', 'TPC_NONE', 'TPC_NONE']","{'SPC_MNUF': 1, 'TPC_MPOLY': 5, 'SBX_MPOLY': 3, 'UC_NONE': 21, 'SPC_NONE': 31, 'UC_MPOLY': 1, 'SPC_MPOLY': 1, 'TPC_NONE': 27, 'NONE_MPOLY': 2, 'SBX_NONE': 1, 'SBX_MNUF': 1}"
28,95,SPC,NONE,0.6836329785680922,0.0385646802469615,543535897.6,364590915.8985525,1609048.48,1104022.881279591,0.7401326447655581,-9.721716127897295e-06,0.0,0.0,GREEDY_HV,"['SPC_MBFLIP', 'SPC_MNUF', 'TPC_MPOLY', 'SBX_MPOLY', 'UC_NONE', 'SPC_NONE', 'UC_MPOLY', 'SPC_MPOLY', 'SPC_NONE', 'UC_NONE', 'TPC_MPOLY', 'TPC_MPOLY', 'SPC_NONE', 'TPC_NONE', 'NONE_MPOLY', 'TPC_MPOLY', 'SBX_MPOLY', 'SPC_NONE', 'TPC_NONE', 'SPC_NONE', 'UC_NONE', 'UC_NONE', 'SPC_NONE', 'UC_NONE', 'TPC_NONE', 'SPC_NONE', 'SBX_NONE', 'SPC_NONE', 'TPC_NONE', 'TPC_NONE', 'UC_NONE', 'SPC_NONE', 'SPC_NONE', 'SPC_NONE', 'TPC_NONE', 'UC_NONE', 'NONE_MPOLY', 'SPC_NONE', 'TPC_NONE', 'SPC_NONE', 'TPC_NONE', 'TPC_NONE', 'SPC_NONE', 'UC_NONE', 'SPC_NONE', 'SPC_NONE', 'TPC_NONE', 'UC_NONE', 'UC_NONE', 'UC_NONE', 'TPC_NONE', 'TPC_NONE', 'SPC_NONE', 'TPC_MPOLY', 'UC_NONE', 'TPC_NONE', 'SPC_NONE', 'TPC_NONE', 'UC_NONE', 'TPC_NONE', 'SPC_NONE', 'SBX_MNUF', 'TPC_NONE', 'TPC_NONE', 'UC_NONE', 'UC_NONE', 'TPC_NONE', 'SPC_NONE', 'UC_NONE', 'SPC_NONE', 'SPC_NONE', 'TPC_NONE', 'TPC_NONE', 'SBX_MPOLY', 'TPC_NONE', 'UC_NONE', 'SPC_NONE', 'SPC_NONE', 'SPC_NONE', 'UC_NONE', 'UC_NONE', 'TPC_NONE', 'SPC_NONE', 'SPC_NONE', 'TPC_NONE', 'UC_NONE', 'TPC_NONE', 'SPC_NONE', 'UC_NONE', 'TPC_NONE', 'SPC_NONE', 'SPC_NONE', 'SPC_NONE', 'TPC_NONE', 'TPC_NONE', 'SPC_NONE']","{'SPC_MNUF': 1, 'TPC_MPOLY': 5, 'SBX_MPOLY': 3, 'UC_NONE': 21, 'SPC_NONE': 32, 'UC_MPOLY': 1, 'SPC_MPOLY': 1, 'TPC_NONE': 27, 'NONE_MPOLY': 2, 'SBX_NONE': 1, 'SBX_MNUF': 1}"
28,96,SPC,NONE,0.684977870104385,0.0383117345660327,536253301.76,354956175.8596809,1664370.08,1082232.2584921934,0.7401388239599144,6.179194356303874e-06,0.0,0.0,GREEDY_HV,"['SPC_MBFLIP', 'SPC_MNUF', 'TPC_MPOLY', 'SBX_MPOLY', 'UC_NONE', 'SPC_NONE', 'UC_MPOLY', 'SPC_MPOLY', 'SPC_NONE', 'UC_NONE', 'TPC_MPOLY', 'TPC_MPOLY', 'SPC_NONE', 'TPC_NONE', 'NONE_MPOLY', 'TPC_MPOLY', 'SBX_MPOLY', 'SPC_NONE', 'TPC_NONE', 'SPC_NONE', 'UC_NONE', 'UC_NONE', 'SPC_NONE', 'UC_NONE', 'TPC_NONE', 'SPC_NONE', 'SBX_NONE', 'SPC_NONE', 'TPC_NONE', 'TPC_NONE', 'UC_NONE', 'SPC_NONE', 'SPC_NONE', 'SPC_NONE', 'TPC_NONE', 'UC_NONE', 'NONE_MPOLY', 'SPC_NONE', 'TPC_NONE', 'SPC_NONE', 'TPC_NONE', 'TPC_NONE', 'SPC_NONE', 'UC_NONE', 'SPC_NONE', 'SPC_NONE', 'TPC_NONE', 'UC_NONE', 'UC_NONE', 'UC_NONE', 'TPC_NONE', 'TPC_NONE', 'SPC_NONE', 'TPC_MPOLY', 'UC_NONE', 'TPC_NONE', 'SPC_NONE', 'TPC_NONE', 'UC_NONE', 'TPC_NONE', 'SPC_NONE', 'SBX_MNUF', 'TPC_NONE', 'TPC_NONE', 'UC_NONE', 'UC_NONE', 'TPC_NONE', 'SPC_NONE', 'UC_NONE', 'SPC_NONE', 'SPC_NONE', 'TPC_NONE', 'TPC_NONE', 'SBX_MPOLY', 'TPC_NONE', 'UC_NONE', 'SPC_NONE', 'SPC_NONE', 'SPC_NONE', 'UC_NONE', 'UC_NONE', 'TPC_NONE', 'SPC_NONE', 'SPC_NONE', 'TPC_NONE', 'UC_NONE', 'TPC_NONE', 'SPC_NONE', 'UC_NONE', 'TPC_NONE', 'SPC_NONE', 'SPC_NONE', 'SPC_NONE', 'TPC_NONE', 'TPC_NONE', 'SPC_NONE', 'SPC_NONE']","{'SPC_MNUF': 1, 'TPC_MPOLY': 5, 'SBX_MPOLY': 3, 'UC_NONE': 21, 'SPC_NONE': 33, 'UC_MPOLY': 1, 'SPC_MPOLY': 1, 'TPC_NONE': 27, 'NONE_MPOLY': 2, 'SBX_NONE': 1, 'SBX_MNUF': 1}"
28,97,SPC,MNUF,0.6849894434285646,0.0384528600126552,555261757.44,362515438.1057186,1651362.72,1084978.4391476728,0.7401307211453884,-8.102814526012025e-06,0.0,0.0,GREEDY_HV,"['SPC_MBFLIP', 'SPC_MNUF', 'TPC_MPOLY', 'SBX_MPOLY', 'UC_NONE', 'SPC_NONE', 'UC_MPOLY', 'SPC_MPOLY', 'SPC_NONE', 'UC_NONE', 'TPC_MPOLY', 'TPC_MPOLY', 'SPC_NONE', 'TPC_NONE', 'NONE_MPOLY', 'TPC_MPOLY', 'SBX_MPOLY', 'SPC_NONE', 'TPC_NONE', 'SPC_NONE', 'UC_NONE', 'UC_NONE', 'SPC_NONE', 'UC_NONE', 'TPC_NONE', 'SPC_NONE', 'SBX_NONE', 'SPC_NONE', 'TPC_NONE', 'TPC_NONE', 'UC_NONE', 'SPC_NONE', 'SPC_NONE', 'SPC_NONE', 'TPC_NONE', 'UC_NONE', 'NONE_MPOLY', 'SPC_NONE', 'TPC_NONE', 'SPC_NONE', 'TPC_NONE', 'TPC_NONE', 'SPC_NONE', 'UC_NONE', 'SPC_NONE', 'SPC_NONE', 'TPC_NONE', 'UC_NONE', 'UC_NONE', 'UC_NONE', 'TPC_NONE', 'TPC_NONE', 'SPC_NONE', 'TPC_MPOLY', 'UC_NONE', 'TPC_NONE', 'SPC_NONE', 'TPC_NONE', 'UC_NONE', 'TPC_NONE', 'SPC_NONE', 'SBX_MNUF', 'TPC_NONE', 'TPC_NONE', 'UC_NONE', 'UC_NONE', 'TPC_NONE', 'SPC_NONE', 'UC_NONE', 'SPC_NONE', 'SPC_NONE', 'TPC_NONE', 'TPC_NONE', 'SBX_MPOLY', 'TPC_NONE', 'UC_NONE', 'SPC_NONE', 'SPC_NONE', 'SPC_NONE', 'UC_NONE', 'UC_NONE', 'TPC_NONE', 'SPC_NONE', 'SPC_NONE', 'TPC_NONE', 'UC_NONE', 'TPC_NONE', 'SPC_NONE', 'UC_NONE', 'TPC_NONE', 'SPC_NONE', 'SPC_NONE', 'SPC_NONE', 'TPC_NONE', 'TPC_NONE', 'SPC_NONE', 'SPC_NONE', 'SPC_MNUF']","{'SPC_MNUF': 2, 'TPC_MPOLY': 5, 'SBX_MPOLY': 3, 'UC_NONE': 21, 'SPC_NONE': 33, 'UC_MPOLY': 1, 'SPC_MPOLY': 1, 'TPC_NONE': 27, 'NONE_MPOLY': 2, 'SBX_NONE': 1, 'SBX_MNUF': 1}"
28,98,UC,NONE,0.6837350746519698,0.0393471508898078,546533393.92,356424513.2351577,1620601.76,1085183.641584088,0.7401206846034158,-1.0036541972513469e-05,0.0,0.0,GREEDY_HV,"['SPC_MBFLIP', 'SPC_MNUF', 'TPC_MPOLY', 'SBX_MPOLY', 'UC_NONE', 'SPC_NONE', 'UC_MPOLY', 'SPC_MPOLY', 'SPC_NONE', 'UC_NONE', 'TPC_MPOLY', 'TPC_MPOLY', 'SPC_NONE', 'TPC_NONE', 'NONE_MPOLY', 'TPC_MPOLY', 'SBX_MPOLY', 'SPC_NONE', 'TPC_NONE', 'SPC_NONE', 'UC_NONE', 'UC_NONE', 'SPC_NONE', 'UC_NONE', 'TPC_NONE', 'SPC_NONE', 'SBX_NONE', 'SPC_NONE', 'TPC_NONE', 'TPC_NONE', 'UC_NONE', 'SPC_NONE', 'SPC_NONE', 'SPC_NONE', 'TPC_NONE', 'UC_NONE', 'NONE_MPOLY', 'SPC_NONE', 'TPC_NONE', 'SPC_NONE', 'TPC_NONE', 'TPC_NONE', 'SPC_NONE', 'UC_NONE', 'SPC_NONE', 'SPC_NONE', 'TPC_NONE', 'UC_NONE', 'UC_NONE', 'UC_NONE', 'TPC_NONE', 'TPC_NONE', 'SPC_NONE', 'TPC_MPOLY', 'UC_NONE', 'TPC_NONE', 'SPC_NONE', 'TPC_NONE', 'UC_NONE', 'TPC_NONE', 'SPC_NONE', 'SBX_MNUF', 'TPC_NONE', 'TPC_NONE', 'UC_NONE', 'UC_NONE', 'TPC_NONE', 'SPC_NONE', 'UC_NONE', 'SPC_NONE', 'SPC_NONE', 'TPC_NONE', 'TPC_NONE', 'SBX_MPOLY', 'TPC_NONE', 'UC_NONE', 'SPC_NONE', 'SPC_NONE', 'SPC_NONE', 'UC_NONE', 'UC_NONE', 'TPC_NONE', 'SPC_NONE', 'SPC_NONE', 'TPC_NONE', 'UC_NONE', 'TPC_NONE', 'SPC_NONE', 'UC_NONE', 'TPC_NONE', 'SPC_NONE', 'SPC_NONE', 'SPC_NONE', 'TPC_NONE', 'TPC_NONE', 'SPC_NONE', 'SPC_NONE', 'SPC_MNUF', 'UC_NONE']","{'SPC_MNUF': 2, 'TPC_MPOLY': 5, 'SBX_MPOLY': 3, 'UC_NONE': 22, 'SPC_NONE': 33, 'UC_MPOLY': 1, 'SPC_MPOLY': 1, 'TPC_NONE': 27, 'NONE_MPOLY': 2, 'SBX_NONE': 1, 'SBX_MNUF': 1}"
28,99,TPC,NONE,0.6815733281168896,0.039261687207518,517608614.4,354215944.47165626,1557803.68,1105972.145706924,0.7400944919276213,-2.61926757945119e-05,0.0,0.0,GREEDY_HV,"['SPC_MBFLIP', 'SPC_MNUF', 'TPC_MPOLY', 'SBX_MPOLY', 'UC_NONE', 'SPC_NONE', 'UC_MPOLY', 'SPC_MPOLY', 'SPC_NONE', 'UC_NONE', 'TPC_MPOLY', 'TPC_MPOLY', 'SPC_NONE', 'TPC_NONE', 'NONE_MPOLY', 'TPC_MPOLY', 'SBX_MPOLY', 'SPC_NONE', 'TPC_NONE', 'SPC_NONE', 'UC_NONE', 'UC_NONE', 'SPC_NONE', 'UC_NONE', 'TPC_NONE', 'SPC_NONE', 'SBX_NONE', 'SPC_NONE', 'TPC_NONE', 'TPC_NONE', 'UC_NONE', 'SPC_NONE', 'SPC_NONE', 'SPC_NONE', 'TPC_NONE', 'UC_NONE', 'NONE_MPOLY', 'SPC_NONE', 'TPC_NONE', 'SPC_NONE', 'TPC_NONE', 'TPC_NONE', 'SPC_NONE', 'UC_NONE', 'SPC_NONE', 'SPC_NONE', 'TPC_NONE', 'UC_NONE', 'UC_NONE', 'UC_NONE', 'TPC_NONE', 'TPC_NONE', 'SPC_NONE', 'TPC_MPOLY', 'UC_NONE', 'TPC_NONE', 'SPC_NONE', 'TPC_NONE', 'UC_NONE', 'TPC_NONE', 'SPC_NONE', 'SBX_MNUF', 'TPC_NONE', 'TPC_NONE', 'UC_NONE', 'UC_NONE', 'TPC_NONE', 'SPC_NONE', 'UC_NONE', 'SPC_NONE', 'SPC_NONE', 'TPC_NONE', 'TPC_NONE', 'SBX_MPOLY', 'TPC_NONE', 'UC_NONE', 'SPC_NONE', 'SPC_NONE', 'SPC_NONE', 'UC_NONE', 'UC_NONE', 'TPC_NONE', 'SPC_NONE', 'SPC_NONE', 'TPC_NONE', 'UC_NONE', 'TPC_NONE', 'SPC_NONE', 'UC_NONE', 'TPC_NONE', 'SPC_NONE', 'SPC_NONE', 'SPC_NONE', 'TPC_NONE', 'TPC_NONE', 'SPC_NONE', 'SPC_NONE', 'SPC_MNUF', 'UC_NONE', 'TPC_NONE']","{'SPC_MNUF': 2, 'TPC_MPOLY': 5, 'SBX_MPOLY': 3, 'UC_NONE': 22, 'SPC_NONE': 33, 'UC_MPOLY': 1, 'SPC_MPOLY': 1, 'TPC_NONE': 28, 'NONE_MPOLY': 2, 'SBX_NONE': 1, 'SBX_MNUF': 1}"
28,100,TPC,NONE,0.6820967274970441,0.0390930281883468,517966507.52,356126335.1632864,1553956.0,1083002.400723027,0.7401094380909581,1.4946163336748697e-05,0.01,0.0,GREEDY_HV,"['SPC_MBFLIP', 'SPC_MNUF', 'TPC_MPOLY', 'SBX_MPOLY', 'UC_NONE', 'SPC_NONE', 'UC_MPOLY', 'SPC_MPOLY', 'SPC_NONE', 'UC_NONE', 'TPC_MPOLY', 'TPC_MPOLY', 'SPC_NONE', 'TPC_NONE', 'NONE_MPOLY', 'TPC_MPOLY', 'SBX_MPOLY', 'SPC_NONE', 'TPC_NONE', 'SPC_NONE', 'UC_NONE', 'UC_NONE', 'SPC_NONE', 'UC_NONE', 'TPC_NONE', 'SPC_NONE', 'SBX_NONE', 'SPC_NONE', 'TPC_NONE', 'TPC_NONE', 'UC_NONE', 'SPC_NONE', 'SPC_NONE', 'SPC_NONE', 'TPC_NONE', 'UC_NONE', 'NONE_MPOLY', 'SPC_NONE', 'TPC_NONE', 'SPC_NONE', 'TPC_NONE', 'TPC_NONE', 'SPC_NONE', 'UC_NONE', 'SPC_NONE', 'SPC_NONE', 'TPC_NONE', 'UC_NONE', 'UC_NONE', 'UC_NONE', 'TPC_NONE', 'TPC_NONE', 'SPC_NONE', 'TPC_MPOLY', 'UC_NONE', 'TPC_NONE', 'SPC_NONE', 'TPC_NONE', 'UC_NONE', 'TPC_NONE', 'SPC_NONE', 'SBX_MNUF', 'TPC_NONE', 'TPC_NONE', 'UC_NONE', 'UC_NONE', 'TPC_NONE', 'SPC_NONE', 'UC_NONE', 'SPC_NONE', 'SPC_NONE', 'TPC_NONE', 'TPC_NONE', 'SBX_MPOLY', 'TPC_NONE', 'UC_NONE', 'SPC_NONE', 'SPC_NONE', 'SPC_NONE', 'UC_NONE', 'UC_NONE', 'TPC_NONE', 'SPC_NONE', 'SPC_NONE', 'TPC_NONE', 'UC_NONE', 'TPC_NONE', 'SPC_NONE', 'UC_NONE', 'TPC_NONE', 'SPC_NONE', 'SPC_NONE', 'SPC_NONE', 'TPC_NONE', 'TPC_NONE', 'SPC_NONE', 'SPC_NONE', 'SPC_MNUF', 'UC_NONE', 'TPC_NONE', 'TPC_NONE']","{'SPC_MNUF': 2, 'TPC_MPOLY': 5, 'SBX_MPOLY': 3, 'UC_NONE': 22, 'SPC_NONE': 33, 'UC_MPOLY': 1, 'SPC_MPOLY': 1, 'TPC_NONE': 29, 'NONE_MPOLY': 2, 'SBX_NONE': 1, 'SBX_MNUF': 1}"
29,1,SBX,MNUF,0.6557197255445547,0.019942886149817,1364517899.52,820644212.8037175,2762452.64,1418031.8437603265,0.6846133622600545,0.0,0.14,0.14,GREEDY_HV,"['SPC_MBFLIP', 'SBX_MNUF']",{'SBX_MNUF': 1}
29,2,SBX,MPOLY,0.6609563203662467,0.0230738309146162,1241734324.48,862939937.1316643,2633996.96,1597335.649964064,0.7033864136503695,0.0187730513903149,0.04,0.14,GREEDY_HV,"['SPC_MBFLIP', 'SBX_MNUF', 'SBX_MPOLY']","{'SBX_MNUF': 1, 'SBX_MPOLY': 1}"
29,3,TPC,MPOLY,0.6641641018386369,0.0242899429703867,1003194504.96,694926678.0883403,2492600.48,1325679.4411828262,0.708457249198138,0.0050708355477685,0.13,0.085,GREEDY_HV,"['SPC_MBFLIP', 'SBX_MNUF', 'SBX_MPOLY', 'TPC_MPOLY']","{'SBX_MNUF': 1, 'SBX_MPOLY': 1, 'TPC_MPOLY': 1}"
29,4,TPC,NONE,0.6654869630434809,0.0281070618438061,876899971.84,671253959.9729257,2093917.6,1123407.0935692007,0.7139432847584528,0.0054860355603147,0.13,0.0,GREEDY_HV,"['SPC_MBFLIP', 'SBX_MNUF', 'SBX_MPOLY', 'TPC_MPOLY', 'TPC_NONE']","{'SBX_MNUF': 1, 'SBX_MPOLY': 1, 'TPC_MPOLY': 1, 'TPC_NONE': 1}"
29,5,SBX,MNUF,0.6672536947395423,0.0263920479809922,896004869.12,674782998.6887219,2084727.2,1173595.862983847,0.7189849192687696,0.0050416345103168,0.0,0.06,GREEDY_HV,"['SPC_MBFLIP', 'SBX_MNUF', 'SBX_MPOLY', 'TPC_MPOLY', 'TPC_NONE', 'SBX_MNUF']","{'SBX_MNUF': 2, 'SBX_MPOLY': 1, 'TPC_MPOLY': 1, 'TPC_NONE': 1}"
29,6,TPC,NONE,0.6685765086432633,0.033134290517793,800488759.04,607216022.4770834,1923718.56,1235058.915629148,0.7218243300389331,0.0028394107701634,0.13,0.0,GREEDY_HV,"['SPC_MBFLIP', 'SBX_MNUF', 'SBX_MPOLY', 'TPC_MPOLY', 'TPC_NONE', 'SBX_MNUF', 'TPC_NONE']","{'SBX_MNUF': 2, 'SBX_MPOLY': 1, 'TPC_MPOLY': 1, 'TPC_NONE': 2}"
29,7,UC,NONE,0.6679936660722531,0.0405269796373734,746375804.16,639456246.0706449,2013742.24,1544340.420207339,0.7275502918659129,0.0057259618269798,0.12,0.0,GREEDY_HV,"['SPC_MBFLIP', 'SBX_MNUF', 'SBX_MPOLY', 'TPC_MPOLY', 'TPC_NONE', 'SBX_MNUF', 'TPC_NONE', 'UC_NONE']","{'SBX_MNUF': 2, 'SBX_MPOLY': 1, 'TPC_MPOLY': 1, 'TPC_NONE': 2, 'UC_NONE': 1}"
29,8,TPC,NONE,0.6601563237336753,0.0441356729108953,479325328.64,429318730.9380261,1542373.28,1334462.0668916604,0.7293773467624045,0.0018270548964915,0.09,0.0,GREEDY_HV,"['SPC_MBFLIP', 'SBX_MNUF', 'SBX_MPOLY', 'TPC_MPOLY', 'TPC_NONE', 'SBX_MNUF', 'TPC_NONE', 'UC_NONE', 'TPC_NONE']","{'SBX_MNUF': 2, 'SBX_MPOLY': 1, 'TPC_MPOLY': 1, 'TPC_NONE': 3, 'UC_NONE': 1}"
29,9,SBX,MPOLY,0.6705788873654704,0.0344928684355391,511412171.52,426620241.1436632,1632501.92,1289912.1693382354,0.7302001446281061,0.0008227978657016,0.01,0.11,GREEDY_HV,"['SPC_MBFLIP', 'SBX_MNUF', 'SBX_MPOLY', 'TPC_MPOLY', 'TPC_NONE', 'SBX_MNUF', 'TPC_NONE', 'UC_NONE', 'TPC_NONE', 'SBX_MPOLY']","{'SBX_MNUF': 2, 'SBX_MPOLY': 2, 'TPC_MPOLY': 1, 'TPC_NONE': 3, 'UC_NONE': 1}"
29,10,TPC,NONE,0.6679978196448897,0.0331991050242533,428613271.04,331908506.7046899,1143870.88,864502.9814480142,0.730869682589293,0.0006695379611868,0.09,0.0,GREEDY_HV,"['SPC_MBFLIP', 'SBX_MNUF', 'SBX_MPOLY', 'TPC_MPOLY', 'TPC_NONE', 'SBX_MNUF', 'TPC_NONE', 'UC_NONE', 'TPC_NONE', 'SBX_MPOLY', 'TPC_NONE']","{'SBX_MNUF': 2, 'SBX_MPOLY': 2, 'TPC_MPOLY': 1, 'TPC_NONE': 4, 'UC_NONE': 1}"
29,11,SPC,NONE,0.677792844156185,0.0296144775722176,456312924.16,343356356.1618324,1282753.44,853254.5378168967,0.7311761156598271,0.0003064330705341,0.05,0.0,GREEDY_HV,"['SPC_MBFLIP', 'SBX_MNUF', 'SBX_MPOLY', 'TPC_MPOLY', 'TPC_NONE', 'SBX_MNUF', 'TPC_NONE', 'UC_NONE', 'TPC_NONE', 'SBX_MPOLY', 'TPC_NONE', 'SPC_NONE']","{'SBX_MNUF': 2, 'SBX_MPOLY': 2, 'TPC_MPOLY': 1, 'TPC_NONE': 4, 'UC_NONE': 1, 'SPC_NONE': 1}"
29,12,TPC,NONE,0.6785933152923029,0.0282309370508461,418377149.44,296824812.7945245,1303760.8,800871.0084897317,0.733439996719447,0.0022638810596199,0.01,0.0,GREEDY_HV,"['SPC_MBFLIP', 'SBX_MNUF', 'SBX_MPOLY', 'TPC_MPOLY', 'TPC_NONE', 'SBX_MNUF', 'TPC_NONE', 'UC_NONE', 'TPC_NONE', 'SBX_MPOLY', 'TPC_NONE', 'SPC_NONE', 'TPC_NONE']","{'SBX_MNUF': 2, 'SBX_MPOLY': 2, 'TPC_MPOLY': 1, 'TPC_NONE': 5, 'UC_NONE': 1, 'SPC_NONE': 1}"
29,13,UC,NONE,0.6786415701345768,0.0283554009234851,406846016.0,262815999.6583162,1241333.92,680605.6053492313,0.7336093636507748,0.0001693669313277,0.01,0.0,GREEDY_HV,"['SPC_MBFLIP', 'SBX_MNUF', 'SBX_MPOLY', 'TPC_MPOLY', 'TPC_NONE', 'SBX_MNUF', 'TPC_NONE', 'UC_NONE', 'TPC_NONE', 'SBX_MPOLY', 'TPC_NONE', 'SPC_NONE', 'TPC_NONE', 'UC_NONE']","{'SBX_MNUF': 2, 'SBX_MPOLY': 2, 'TPC_MPOLY': 1, 'TPC_NONE': 5, 'UC_NONE': 2, 'SPC_NONE': 1}"
29,14,UC,NONE,0.6825942826805776,0.0257783811499667,413996879.36,273853220.8643273,1303425.44,690887.5614693945,0.7337659287217582,0.0001565650709833,0.03,0.0,GREEDY_HV,"['SPC_MBFLIP', 'SBX_MNUF', 'SBX_MPOLY', 'TPC_MPOLY', 'TPC_NONE', 'SBX_MNUF', 'TPC_NONE', 'UC_NONE', 'TPC_NONE', 'SBX_MPOLY', 'TPC_NONE', 'SPC_NONE', 'TPC_NONE', 'UC_NONE', 'UC_NONE']","{'SBX_MNUF': 2, 'SBX_MPOLY': 2, 'TPC_MPOLY': 1, 'TPC_NONE': 5, 'UC_NONE': 3, 'SPC_NONE': 1}"
29,15,TPC,NONE,0.683925079920525,0.0252870180158959,414747015.68,253143057.42534035,1350011.04,719589.5306705055,0.7338672007095789,0.0001012719878207,0.03,0.0,GREEDY_HV,"['SPC_MBFLIP', 'SBX_MNUF', 'SBX_MPOLY', 'TPC_MPOLY', 'TPC_NONE', 'SBX_MNUF', 'TPC_NONE', 'UC_NONE', 'TPC_NONE', 'SBX_MPOLY', 'TPC_NONE', 'SPC_NONE', 'TPC_NONE', 'UC_NONE', 'UC_NONE', 'TPC_NONE']","{'SBX_MNUF': 2, 'SBX_MPOLY': 2, 'TPC_MPOLY': 1, 'TPC_NONE': 6, 'UC_NONE': 3, 'SPC_NONE': 1}"
29,16,NONE,MPOLY,0.685326415083111,0.0219266346605879,421595851.52,254660446.11121497,1358843.04,706163.3423129517,0.7342983817005727,0.0004311809909938,0.0,0.0,GREEDY_HV,"['SPC_MBFLIP', 'SBX_MNUF', 'SBX_MPOLY', 'TPC_MPOLY', 'TPC_NONE', 'SBX_MNUF', 'TPC_NONE', 'UC_NONE', 'TPC_NONE', 'SBX_MPOLY', 'TPC_NONE', 'SPC_NONE', 'TPC_NONE', 'UC_NONE', 'UC_NONE', 'TPC_NONE', 'NONE_MPOLY']","{'SBX_MNUF': 2, 'SBX_MPOLY': 2, 'TPC_MPOLY': 1, 'TPC_NONE': 6, 'UC_NONE': 3, 'SPC_NONE': 1, 'NONE_MPOLY': 1}"
29,17,SBX,MPOLY,0.6856125454366169,0.0184979248725012,409270100.48,248592938.60935745,1319991.2,702325.751148112,0.7345455406439505,0.0002471589433777,0.0,0.045,GREEDY_HV,"['SPC_MBFLIP', 'SBX_MNUF', 'SBX_MPOLY', 'TPC_MPOLY', 'TPC_NONE', 'SBX_MNUF', 'TPC_NONE', 'UC_NONE', 'TPC_NONE', 'SBX_MPOLY', 'TPC_NONE', 'SPC_NONE', 'TPC_NONE', 'UC_NONE', 'UC_NONE', 'TPC_NONE', 'NONE_MPOLY', 'SBX_MPOLY']","{'SBX_MNUF': 2, 'SBX_MPOLY': 3, 'TPC_MPOLY': 1, 'TPC_NONE': 6, 'UC_NONE': 3, 'SPC_NONE': 1, 'NONE_MPOLY': 1}"
29,18,TPC,NONE,0.6841285504082922,0.021258803896353,386421329.92,215218606.0322432,1344908.96,793965.2657996811,0.7376518909177672,0.0031063502738166,0.0,0.0,GREEDY_HV,"['SPC_MBFLIP', 'SBX_MNUF', 'SBX_MPOLY', 'TPC_MPOLY', 'TPC_NONE', 'SBX_MNUF', 'TPC_NONE', 'UC_NONE', 'TPC_NONE', 'SBX_MPOLY', 'TPC_NONE', 'SPC_NONE', 'TPC_NONE', 'UC_NONE', 'UC_NONE', 'TPC_NONE', 'NONE_MPOLY', 'SBX_MPOLY', 'TPC_NONE']","{'SBX_MNUF': 2, 'SBX_MPOLY': 3, 'TPC_MPOLY': 1, 'TPC_NONE': 7, 'UC_NONE': 3, 'SPC_NONE': 1, 'NONE_MPOLY': 1}"
29,19,UC,NONE,0.6846055160887065,0.0211327795709792,393883335.68,230261683.8043808,1293418.4,763088.4133838229,0.7377359862980152,8.4095380248006e-05,0.03,0.0,GREEDY_HV,"['SPC_MBFLIP', 'SBX_MNUF', 'SBX_MPOLY', 'TPC_MPOLY', 'TPC_NONE', 'SBX_MNUF', 'TPC_NONE', 'UC_NONE', 'TPC_NONE', 'SBX_MPOLY', 'TPC_NONE', 'SPC_NONE', 'TPC_NONE', 'UC_NONE', 'UC_NONE', 'TPC_NONE', 'NONE_MPOLY', 'SBX_MPOLY', 'TPC_NONE', 'UC_NONE']","{'SBX_MNUF': 2, 'SBX_MPOLY': 3, 'TPC_MPOLY': 1, 'TPC_NONE': 7, 'UC_NONE': 4, 'SPC_NONE': 1, 'NONE_MPOLY': 1}"
29,20,UC,MPOLY,0.6834807217014222,0.0231435582441553,390163870.72,237212076.9747128,1278872.48,776450.3717935418,0.7382065670556222,0.0004705807576069,0.0,0.005,GREEDY_HV,"['SPC_MBFLIP', 'SBX_MNUF', 'SBX_MPOLY', 'TPC_MPOLY', 'TPC_NONE', 'SBX_MNUF', 'TPC_NONE', 'UC_NONE', 'TPC_NONE', 'SBX_MPOLY', 'TPC_NONE', 'SPC_NONE', 'TPC_NONE', 'UC_NONE', 'UC_NONE', 'TPC_NONE', 'NONE_MPOLY', 'SBX_MPOLY', 'TPC_NONE', 'UC_NONE', 'UC_MPOLY']","{'SBX_MNUF': 2, 'SBX_MPOLY': 3, 'TPC_MPOLY': 1, 'TPC_NONE': 7, 'UC_NONE': 4, 'SPC_NONE': 1, 'NONE_MPOLY': 1, 'UC_MPOLY': 1}"
29,21,SPC,NONE,0.6842606724864209,0.0253948236385966,360143554.56,194260941.32500783,1365582.24,852682.6377885399,0.7383054254306983,9.88583750761718e-05,0.03,0.0,GREEDY_HV,"['SPC_MBFLIP', 'SBX_MNUF', 'SBX_MPOLY', 'TPC_MPOLY', 'TPC_NONE', 'SBX_MNUF', 'TPC_NONE', 'UC_NONE', 'TPC_NONE', 'SBX_MPOLY', 'TPC_NONE', 'SPC_NONE', 'TPC_NONE', 'UC_NONE', 'UC_NONE', 'TPC_NONE', 'NONE_MPOLY', 'SBX_MPOLY', 'TPC_NONE', 'UC_NONE', 'UC_MPOLY', 'SPC_NONE']","{'SBX_MNUF': 2, 'SBX_MPOLY': 3, 'TPC_MPOLY': 1, 'TPC_NONE': 7, 'UC_NONE': 4, 'SPC_NONE': 2, 'NONE_MPOLY': 1, 'UC_MPOLY': 1}"
29,22,TPC,MPOLY,0.6832532241488495,0.0284018460085995,356891175.68,198706759.85994577,1374859.68,860485.8123313701,0.7386288305663404,0.0003234051356421,0.0,0.0,GREEDY_HV,"['SPC_MBFLIP', 'SBX_MNUF', 'SBX_MPOLY', 'TPC_MPOLY', 'TPC_NONE', 'SBX_MNUF', 'TPC_NONE', 'UC_NONE', 'TPC_NONE', 'SBX_MPOLY', 'TPC_NONE', 'SPC_NONE', 'TPC_NONE', 'UC_NONE', 'UC_NONE', 'TPC_NONE', 'NONE_MPOLY', 'SBX_MPOLY', 'TPC_NONE', 'UC_NONE', 'UC_MPOLY', 'SPC_NONE', 'TPC_MPOLY']","{'SBX_MNUF': 2, 'SBX_MPOLY': 3, 'TPC_MPOLY': 2, 'TPC_NONE': 7, 'UC_NONE': 4, 'SPC_NONE': 2, 'NONE_MPOLY': 1, 'UC_MPOLY': 1}"
29,23,SPC,NONE,0.6833985176033045,0.0315266653686673,348890570.24,178031755.93740526,1448631.2,921034.3260181352,0.7387519111392338,0.0001230805728933,0.01,0.0,GREEDY_HV,"['SPC_MBFLIP', 'SBX_MNUF', 'SBX_MPOLY', 'TPC_MPOLY', 'TPC_NONE', 'SBX_MNUF', 'TPC_NONE', 'UC_NONE', 'TPC_NONE', 'SBX_MPOLY', 'TPC_NONE', 'SPC_NONE', 'TPC_NONE', 'UC_NONE', 'UC_NONE', 'TPC_NONE', 'NONE_MPOLY', 'SBX_MPOLY', 'TPC_NONE', 'UC_NONE', 'UC_MPOLY', 'SPC_NONE', 'TPC_MPOLY', 'SPC_NONE']","{'SBX_MNUF': 2, 'SBX_MPOLY': 3, 'TPC_MPOLY': 2, 'TPC_NONE': 7, 'UC_NONE': 4, 'SPC_NONE': 3, 'NONE_MPOLY': 1, 'UC_MPOLY': 1}"
29,24,SPC,NONE,0.6845733364221241,0.0313774320484958,352444451.84,171778165.52271727,1488526.24,934052.5735789086,0.7388131122167342,6.120107750040571e-05,0.0,0.0,GREEDY_HV,"['SPC_MBFLIP', 'SBX_MNUF', 'SBX_MPOLY', 'TPC_MPOLY', 'TPC_NONE', 'SBX_MNUF', 'TPC_NONE', 'UC_NONE', 'TPC_NONE', 'SBX_MPOLY', 'TPC_NONE', 'SPC_NONE', 'TPC_NONE', 'UC_NONE', 'UC_NONE', 'TPC_NONE', 'NONE_MPOLY', 'SBX_MPOLY', 'TPC_NONE', 'UC_NONE', 'UC_MPOLY', 'SPC_NONE', 'TPC_MPOLY', 'SPC_NONE', 'SPC_NONE']","{'SBX_MNUF': 2, 'SBX_MPOLY': 3, 'TPC_MPOLY': 2, 'TPC_NONE': 7, 'UC_NONE': 4, 'SPC_NONE': 4, 'NONE_MPOLY': 1, 'UC_MPOLY': 1}"
29,25,UC,NONE,0.6851494723826587,0.0317765832789181,351084303.36,169524950.18011364,1566041.76,956905.343796858,0.738858304881787,4.519266505287334e-05,0.0,0.0,GREEDY_HV,"['SPC_MBFLIP', 'SBX_MNUF', 'SBX_MPOLY', 'TPC_MPOLY', 'TPC_NONE', 'SBX_MNUF', 'TPC_NONE', 'UC_NONE', 'TPC_NONE', 'SBX_MPOLY', 'TPC_NONE', 'SPC_NONE', 'TPC_NONE', 'UC_NONE', 'UC_NONE', 'TPC_NONE', 'NONE_MPOLY', 'SBX_MPOLY', 'TPC_NONE', 'UC_NONE', 'UC_MPOLY', 'SPC_NONE', 'TPC_MPOLY', 'SPC_NONE', 'SPC_NONE', 'UC_NONE']","{'SBX_MNUF': 2, 'SBX_MPOLY': 3, 'TPC_MPOLY': 2, 'TPC_NONE': 7, 'UC_NONE': 5, 'SPC_NONE': 4, 'NONE_MPOLY': 1, 'UC_MPOLY': 1}"
29,26,SPC,NONE,0.6850493240795984,0.0317301161162335,354868971.52,175253036.03191236,1532119.2,947869.9556751868,0.7388298248686367,-2.848001315036708e-05,0.01,0.0,GREEDY_HV,"['SPC_MBFLIP', 'SBX_MNUF', 'SBX_MPOLY', 'TPC_MPOLY', 'TPC_NONE', 'SBX_MNUF', 'TPC_NONE', 'UC_NONE', 'TPC_NONE', 'SBX_MPOLY', 'TPC_NONE', 'SPC_NONE', 'TPC_NONE', 'UC_NONE', 'UC_NONE', 'TPC_NONE', 'NONE_MPOLY', 'SBX_MPOLY', 'TPC_NONE', 'UC_NONE', 'UC_MPOLY', 'SPC_NONE', 'TPC_MPOLY', 'SPC_NONE', 'SPC_NONE', 'UC_NONE', 'SPC_NONE']","{'SBX_MNUF': 2, 'SBX_MPOLY': 3, 'TPC_MPOLY': 2, 'TPC_NONE': 7, 'UC_NONE': 5, 'SPC_NONE': 5, 'NONE_MPOLY': 1, 'UC_MPOLY': 1}"
29,27,UC,NONE,0.6854158478586521,0.0316250539633872,351352924.16,175598380.09195176,1542983.84,940586.8212057272,0.7388327041476979,2.8792790611742447e-06,0.0,0.0,GREEDY_HV,"['SPC_MBFLIP', 'SBX_MNUF', 'SBX_MPOLY', 'TPC_MPOLY', 'TPC_NONE', 'SBX_MNUF', 'TPC_NONE', 'UC_NONE', 'TPC_NONE', 'SBX_MPOLY', 'TPC_NONE', 'SPC_NONE', 'TPC_NONE', 'UC_NONE', 'UC_NONE', 'TPC_NONE', 'NONE_MPOLY', 'SBX_MPOLY', 'TPC_NONE', 'UC_NONE', 'UC_MPOLY', 'SPC_NONE', 'TPC_MPOLY', 'SPC_NONE', 'SPC_NONE', 'UC_NONE', 'SPC_NONE', 'UC_NONE']","{'SBX_MNUF': 2, 'SBX_MPOLY': 3, 'TPC_MPOLY': 2, 'TPC_NONE': 7, 'UC_NONE': 6, 'SPC_NONE': 5, 'NONE_MPOLY': 1, 'UC_MPOLY': 1}"
29,28,SBX,MPOLY,0.6862321646659297,0.0312948443643799,354394880.0,173550920.16796902,1575669.92,941474.0669656248,0.7388236336782616,-9.070469436212036e-06,0.0,0.025,GREEDY_HV,"['SPC_MBFLIP', 'SBX_MNUF', 'SBX_MPOLY', 'TPC_MPOLY', 'TPC_NONE', 'SBX_MNUF', 'TPC_NONE', 'UC_NONE', 'TPC_NONE', 'SBX_MPOLY', 'TPC_NONE', 'SPC_NONE', 'TPC_NONE', 'UC_NONE', 'UC_NONE', 'TPC_NONE', 'NONE_MPOLY', 'SBX_MPOLY', 'TPC_NONE', 'UC_NONE', 'UC_MPOLY', 'SPC_NONE', 'TPC_MPOLY', 'SPC_NONE', 'SPC_NONE', 'UC_NONE', 'SPC_NONE', 'UC_NONE', 'SBX_MPOLY']","{'SBX_MNUF': 2, 'SBX_MPOLY': 4, 'TPC_MPOLY': 2, 'TPC_NONE': 7, 'UC_NONE': 6, 'SPC_NONE': 5, 'NONE_MPOLY': 1, 'UC_MPOLY': 1}"
29,29,TPC,NONE,0.6844320873093358,0.0318824264280477,344411642.88,216848906.37369183,1583774.88,1038382.8397987448,0.7388680999705917,4.446629233001431e-05,0.0,0.0,GREEDY_HV,"['SPC_MBFLIP', 'SBX_MNUF', 'SBX_MPOLY', 'TPC_MPOLY', 'TPC_NONE', 'SBX_MNUF', 'TPC_NONE', 'UC_NONE', 'TPC_NONE', 'SBX_MPOLY', 'TPC_NONE', 'SPC_NONE', 'TPC_NONE', 'UC_NONE', 'UC_NONE', 'TPC_NONE', 'NONE_MPOLY', 'SBX_MPOLY', 'TPC_NONE', 'UC_NONE', 'UC_MPOLY', 'SPC_NONE', 'TPC_MPOLY', 'SPC_NONE', 'SPC_NONE', 'UC_NONE', 'SPC_NONE', 'UC_NONE', 'SBX_MPOLY', 'TPC_NONE']","{'SBX_MNUF': 2, 'SBX_MPOLY': 4, 'TPC_MPOLY': 2, 'TPC_NONE': 8, 'UC_NONE': 6, 'SPC_NONE': 5, 'NONE_MPOLY': 1, 'UC_MPOLY': 1}"
29,30,TPC,NONE,0.6849566798302051,0.0319135958990664,358625495.04,247199141.03398147,1601959.84,1025580.6273592996,0.7388584403289308,-9.659641660886288e-06,0.0,0.0,GREEDY_HV,"['SPC_MBFLIP', 'SBX_MNUF', 'SBX_MPOLY', 'TPC_MPOLY', 'TPC_NONE', 'SBX_MNUF', 'TPC_NONE', 'UC_NONE', 'TPC_NONE', 'SBX_MPOLY', 'TPC_NONE', 'SPC_NONE', 'TPC_NONE', 'UC_NONE', 'UC_NONE', 'TPC_NONE', 'NONE_MPOLY', 'SBX_MPOLY', 'TPC_NONE', 'UC_NONE', 'UC_MPOLY', 'SPC_NONE', 'TPC_MPOLY', 'SPC_NONE', 'SPC_NONE', 'UC_NONE', 'SPC_NONE', 'UC_NONE', 'SBX_MPOLY', 'TPC_NONE', 'TPC_NONE']","{'SBX_MNUF': 2, 'SBX_MPOLY': 4, 'TPC_MPOLY': 2, 'TPC_NONE': 9, 'UC_NONE': 6, 'SPC_NONE': 5, 'NONE_MPOLY': 1, 'UC_MPOLY': 1}"
29,31,UC,NONE,0.6836932763338419,0.0332035632385269,360998439.68,251692042.66889703,1554373.28,1017874.249111255,0.7388636263677196,5.186038788851377e-06,0.0,0.0,GREEDY_HV,"['SPC_MBFLIP', 'SBX_MNUF', 'SBX_MPOLY', 'TPC_MPOLY', 'TPC_NONE', 'SBX_MNUF', 'TPC_NONE', 'UC_NONE', 'TPC_NONE', 'SBX_MPOLY', 'TPC_NONE', 'SPC_NONE', 'TPC_NONE', 'UC_NONE', 'UC_NONE', 'TPC_NONE', 'NONE_MPOLY', 'SBX_MPOLY', 'TPC_NONE', 'UC_NONE', 'UC_MPOLY', 'SPC_NONE', 'TPC_MPOLY', 'SPC_NONE', 'SPC_NONE', 'UC_NONE', 'SPC_NONE', 'UC_NONE', 'SBX_MPOLY', 'TPC_NONE', 'TPC_NONE', 'UC_NONE']","{'SBX_MNUF': 2, 'SBX_MPOLY': 4, 'TPC_MPOLY': 2, 'TPC_NONE': 9, 'UC_NONE': 7, 'SPC_NONE': 5, 'NONE_MPOLY': 1, 'UC_MPOLY': 1}"
29,32,SPC,NONE,0.6849870350348057,0.03449796879732,377837795.84,253025939.9503384,1660194.72,1036545.2076843544,0.7388763294127235,1.27030450038923e-05,0.0,0.0,GREEDY_HV,"['SPC_MBFLIP', 'SBX_MNUF', 'SBX_MPOLY', 'TPC_MPOLY', 'TPC_NONE', 'SBX_MNUF', 'TPC_NONE', 'UC_NONE', 'TPC_NONE', 'SBX_MPOLY', 'TPC_NONE', 'SPC_NONE', 'TPC_NONE', 'UC_NONE', 'UC_NONE', 'TPC_NONE', 'NONE_MPOLY', 'SBX_MPOLY', 'TPC_NONE', 'UC_NONE', 'UC_MPOLY', 'SPC_NONE', 'TPC_MPOLY', 'SPC_NONE', 'SPC_NONE', 'UC_NONE', 'SPC_NONE', 'UC_NONE', 'SBX_MPOLY', 'TPC_NONE', 'TPC_NONE', 'UC_NONE', 'SPC_NONE']","{'SBX_MNUF': 2, 'SBX_MPOLY': 4, 'TPC_MPOLY': 2, 'TPC_NONE': 9, 'UC_NONE': 7, 'SPC_NONE': 6, 'NONE_MPOLY': 1, 'UC_MPOLY': 1}"
29,33,UC,NONE,0.6842162224467115,0.033949559319629,373350126.08,264264298.53675017,1615282.08,1041328.3559547168,0.7388999736482119,2.3644235488395893e-05,0.01,0.0,GREEDY_HV,"['SPC_MBFLIP', 'SBX_MNUF', 'SBX_MPOLY', 'TPC_MPOLY', 'TPC_NONE', 'SBX_MNUF', 'TPC_NONE', 'UC_NONE', 'TPC_NONE', 'SBX_MPOLY', 'TPC_NONE', 'SPC_NONE', 'TPC_NONE', 'UC_NONE', 'UC_NONE', 'TPC_NONE', 'NONE_MPOLY', 'SBX_MPOLY', 'TPC_NONE', 'UC_NONE', 'UC_MPOLY', 'SPC_NONE', 'TPC_MPOLY', 'SPC_NONE', 'SPC_NONE', 'UC_NONE', 'SPC_NONE', 'UC_NONE', 'SBX_MPOLY', 'TPC_NONE', 'TPC_NONE', 'UC_NONE', 'SPC_NONE', 'UC_NONE']","{'SBX_MNUF': 2, 'SBX_MPOLY': 4, 'TPC_MPOLY': 2, 'TPC_NONE': 9, 'UC_NONE': 8, 'SPC_NONE': 6, 'NONE_MPOLY': 1, 'UC_MPOLY': 1}"
29,34,UC,NONE,0.6833790241262995,0.0345922938635965,397156907.52,305544594.5585047,1553328.8,1043407.8083473976,0.7389275385842713,2.75649360593766e-05,0.0,0.0,GREEDY_HV,"['SPC_MBFLIP', 'SBX_MNUF', 'SBX_MPOLY', 'TPC_MPOLY', 'TPC_NONE', 'SBX_MNUF', 'TPC_NONE', 'UC_NONE', 'TPC_NONE', 'SBX_MPOLY', 'TPC_NONE', 'SPC_NONE', 'TPC_NONE', 'UC_NONE', 'UC_NONE', 'TPC_NONE', 'NONE_MPOLY', 'SBX_MPOLY', 'TPC_NONE', 'UC_NONE', 'UC_MPOLY', 'SPC_NONE', 'TPC_MPOLY', 'SPC_NONE', 'SPC_NONE', 'UC_NONE', 'SPC_NONE', 'UC_NONE', 'SBX_MPOLY', 'TPC_NONE', 'TPC_NONE', 'UC_NONE', 'SPC_NONE', 'UC_NONE', 'UC_NONE']","{'SBX_MNUF': 2, 'SBX_MPOLY': 4, 'TPC_MPOLY': 2, 'TPC_NONE': 9, 'UC_NONE': 9, 'SPC_NONE': 6, 'NONE_MPOLY': 1, 'UC_MPOLY': 1}"
29,35,SPC,NONE,0.6841987168468276,0.0343233580243448,427222914.56,355348542.5488588,1520949.92,1017434.7954281856,0.7389223438498529,-5.194734418401126e-06,0.0,0.0,GREEDY_HV,"['SPC_MBFLIP', 'SBX_MNUF', 'SBX_MPOLY', 'TPC_MPOLY', 'TPC_NONE', 'SBX_MNUF', 'TPC_NONE', 'UC_NONE', 'TPC_NONE', 'SBX_MPOLY', 'TPC_NONE', 'SPC_NONE', 'TPC_NONE', 'UC_NONE', 'UC_NONE', 'TPC_NONE', 'NONE_MPOLY', 'SBX_MPOLY', 'TPC_NONE', 'UC_NONE', 'UC_MPOLY', 'SPC_NONE', 'TPC_MPOLY', 'SPC_NONE', 'SPC_NONE', 'UC_NONE', 'SPC_NONE', 'UC_NONE', 'SBX_MPOLY', 'TPC_NONE', 'TPC_NONE', 'UC_NONE', 'SPC_NONE', 'UC_NONE', 'UC_NONE', 'SPC_NONE']","{'SBX_MNUF': 2, 'SBX_MPOLY': 4, 'TPC_MPOLY': 2, 'TPC_NONE': 9, 'UC_NONE': 9, 'SPC_NONE': 7, 'NONE_MPOLY': 1, 'UC_MPOLY': 1}"
29,36,UC,MPOLY,0.6833261080090994,0.0346048677723731,443829619.2,384859881.5414572,1495604.64,1056813.1335563492,0.7394152672942621,0.0004929234444092,0.0,0.0,GREEDY_HV,"['SPC_MBFLIP', 'SBX_MNUF', 'SBX_MPOLY', 'TPC_MPOLY', 'TPC_NONE', 'SBX_MNUF', 'TPC_NONE', 'UC_NONE', 'TPC_NONE', 'SBX_MPOLY', 'TPC_NONE', 'SPC_NONE', 'TPC_NONE', 'UC_NONE', 'UC_NONE', 'TPC_NONE', 'NONE_MPOLY', 'SBX_MPOLY', 'TPC_NONE', 'UC_NONE', 'UC_MPOLY', 'SPC_NONE', 'TPC_MPOLY', 'SPC_NONE', 'SPC_NONE', 'UC_NONE', 'SPC_NONE', 'UC_NONE', 'SBX_MPOLY', 'TPC_NONE', 'TPC_NONE', 'UC_NONE', 'SPC_NONE', 'UC_NONE', 'UC_NONE', 'SPC_NONE', 'UC_MPOLY']","{'SBX_MNUF': 2, 'SBX_MPOLY': 4, 'TPC_MPOLY': 2, 'TPC_NONE': 9, 'UC_NONE': 9, 'SPC_NONE': 7, 'NONE_MPOLY': 1, 'UC_MPOLY': 2}"
29,37,UC,NONE,0.6859005158225665,0.0355192061309634,514726832.64,438409414.75588703,1633950.88,1098477.4435600697,0.7394774259361896,6.215864192748999e-05,0.0,0.0,GREEDY_HV,"['SPC_MBFLIP', 'SBX_MNUF', 'SBX_MPOLY', 'TPC_MPOLY', 'TPC_NONE', 'SBX_MNUF', 'TPC_NONE', 'UC_NONE', 'TPC_NONE', 'SBX_MPOLY', 'TPC_NONE', 'SPC_NONE', 'TPC_NONE', 'UC_NONE', 'UC_NONE', 'TPC_NONE', 'NONE_MPOLY', 'SBX_MPOLY', 'TPC_NONE', 'UC_NONE', 'UC_MPOLY', 'SPC_NONE', 'TPC_MPOLY', 'SPC_NONE', 'SPC_NONE', 'UC_NONE', 'SPC_NONE', 'UC_NONE', 'SBX_MPOLY', 'TPC_NONE', 'TPC_NONE', 'UC_NONE', 'SPC_NONE', 'UC_NONE', 'UC_NONE', 'SPC_NONE', 'UC_MPOLY', 'UC_NONE']","{'SBX_MNUF': 2, 'SBX_MPOLY': 4, 'TPC_MPOLY': 2, 'TPC_NONE': 9, 'UC_NONE': 10, 'SPC_NONE': 7, 'NONE_MPOLY': 1, 'UC_MPOLY': 2}"
29,38,SPC,NONE,0.6863627713295044,0.0356342040905242,552411968.0,461616477.9975326,1612556.96,1056651.3757941728,0.739450582381106,-2.6843555083644333e-05,0.0,0.0,GREEDY_HV,"['SPC_MBFLIP', 'SBX_MNUF', 'SBX_MPOLY', 'TPC_MPOLY', 'TPC_NONE', 'SBX_MNUF', 'TPC_NONE', 'UC_NONE', 'TPC_NONE', 'SBX_MPOLY', 'TPC_NONE', 'SPC_NONE', 'TPC_NONE', 'UC_NONE', 'UC_NONE', 'TPC_NONE', 'NONE_MPOLY', 'SBX_MPOLY', 'TPC_NONE', 'UC_NONE', 'UC_MPOLY', 'SPC_NONE', 'TPC_MPOLY', 'SPC_NONE', 'SPC_NONE', 'UC_NONE', 'SPC_NONE', 'UC_NONE', 'SBX_MPOLY', 'TPC_NONE', 'TPC_NONE', 'UC_NONE', 'SPC_NONE', 'UC_NONE', 'UC_NONE', 'SPC_NONE', 'UC_MPOLY', 'UC_NONE', 'SPC_NONE']","{'SBX_MNUF': 2, 'SBX_MPOLY': 4, 'TPC_MPOLY': 2, 'TPC_NONE': 9, 'UC_NONE': 10, 'SPC_NONE': 8, 'NONE_MPOLY': 1, 'UC_MPOLY': 2}"
29,39,TPC,NONE,0.685305772462464,0.0353669040572875,535519680.0,462361607.2135301,1589996.96,1079845.988483783,0.7394153572283202,-3.522515278575611e-05,0.0,0.0,GREEDY_HV,"['SPC_MBFLIP', 'SBX_MNUF', 'SBX_MPOLY', 'TPC_MPOLY', 'TPC_NONE', 'SBX_MNUF', 'TPC_NONE', 'UC_NONE', 'TPC_NONE', 'SBX_MPOLY', 'TPC_NONE', 'SPC_NONE', 'TPC_NONE', 'UC_NONE', 'UC_NONE', 'TPC_NONE', 'NONE_MPOLY', 'SBX_MPOLY', 'TPC_NONE', 'UC_NONE', 'UC_MPOLY', 'SPC_NONE', 'TPC_MPOLY', 'SPC_NONE', 'SPC_NONE', 'UC_NONE', 'SPC_NONE', 'UC_NONE', 'SBX_MPOLY', 'TPC_NONE', 'TPC_NONE', 'UC_NONE', 'SPC_NONE', 'UC_NONE', 'UC_NONE', 'SPC_NONE', 'UC_MPOLY', 'UC_NONE', 'SPC_NONE', 'TPC_NONE']","{'SBX_MNUF': 2, 'SBX_MPOLY': 4, 'TPC_MPOLY': 2, 'TPC_NONE': 10, 'UC_NONE': 10, 'SPC_NONE': 8, 'NONE_MPOLY': 1, 'UC_MPOLY': 2}"
29,40,TPC,NONE,0.6839319782736285,0.0348434524819781,495422522.88,443371017.8441572,1508670.88,1025451.3630249,0.7395594458303361,0.0001440886020158,0.0,0.0,GREEDY_HV,"['SPC_MBFLIP', 'SBX_MNUF', 'SBX_MPOLY', 'TPC_MPOLY', 'TPC_NONE', 'SBX_MNUF', 'TPC_NONE', 'UC_NONE', 'TPC_NONE', 'SBX_MPOLY', 'TPC_NONE', 'SPC_NONE', 'TPC_NONE', 'UC_NONE', 'UC_NONE', 'TPC_NONE', 'NONE_MPOLY', 'SBX_MPOLY', 'TPC_NONE', 'UC_NONE', 'UC_MPOLY', 'SPC_NONE', 'TPC_MPOLY', 'SPC_NONE', 'SPC_NONE', 'UC_NONE', 'SPC_NONE', 'UC_NONE', 'SBX_MPOLY', 'TPC_NONE', 'TPC_NONE', 'UC_NONE', 'SPC_NONE', 'UC_NONE', 'UC_NONE', 'SPC_NONE', 'UC_MPOLY', 'UC_NONE', 'SPC_NONE', 'TPC_NONE', 'TPC_NONE']","{'SBX_MNUF': 2, 'SBX_MPOLY': 4, 'TPC_MPOLY': 2, 'TPC_NONE': 11, 'UC_NONE': 10, 'SPC_NONE': 8, 'NONE_MPOLY': 1, 'UC_MPOLY': 2}"
29,41,TPC,NONE,0.6846682612043984,0.0356756129137179,536028216.32,474095146.6865903,1566489.76,1059132.3508342956,0.739578109361707,1.8663531370921586e-05,0.0,0.0,GREEDY_HV,"['SPC_MBFLIP', 'SBX_MNUF', 'SBX_MPOLY', 'TPC_MPOLY', 'TPC_NONE', 'SBX_MNUF', 'TPC_NONE', 'UC_NONE', 'TPC_NONE', 'SBX_MPOLY', 'TPC_NONE', 'SPC_NONE', 'TPC_NONE', 'UC_NONE', 'UC_NONE', 'TPC_NONE', 'NONE_MPOLY', 'SBX_MPOLY', 'TPC_NONE', 'UC_NONE', 'UC_MPOLY', 'SPC_NONE', 'TPC_MPOLY', 'SPC_NONE', 'SPC_NONE', 'UC_NONE', 'SPC_NONE', 'UC_NONE', 'SBX_MPOLY', 'TPC_NONE', 'TPC_NONE', 'UC_NONE', 'SPC_NONE', 'UC_NONE', 'UC_NONE', 'SPC_NONE', 'UC_MPOLY', 'UC_NONE', 'SPC_NONE', 'TPC_NONE', 'TPC_NONE', 'TPC_NONE']","{'SBX_MNUF': 2, 'SBX_MPOLY': 4, 'TPC_MPOLY': 2, 'TPC_NONE': 12, 'UC_NONE': 10, 'SPC_NONE': 8, 'NONE_MPOLY': 1, 'UC_MPOLY': 2}"
29,42,UC,NONE,0.685466333055283,0.0360193557157735,540255208.96,460079069.0226426,1605918.88,1050550.6163720554,0.7396130506328323,3.4941271125354945e-05,0.0,0.0,GREEDY_HV,"['SPC_MBFLIP', 'SBX_MNUF', 'SBX_MPOLY', 'TPC_MPOLY', 'TPC_NONE', 'SBX_MNUF', 'TPC_NONE', 'UC_NONE', 'TPC_NONE', 'SBX_MPOLY', 'TPC_NONE', 'SPC_NONE', 'TPC_NONE', 'UC_NONE', 'UC_NONE', 'TPC_NONE', 'NONE_MPOLY', 'SBX_MPOLY', 'TPC_NONE', 'UC_NONE', 'UC_MPOLY', 'SPC_NONE', 'TPC_MPOLY', 'SPC_NONE', 'SPC_NONE', 'UC_NONE', 'SPC_NONE', 'UC_NONE', 'SBX_MPOLY', 'TPC_NONE', 'TPC_NONE', 'UC_NONE', 'SPC_NONE', 'UC_NONE', 'UC_NONE', 'SPC_NONE', 'UC_MPOLY', 'UC_NONE', 'SPC_NONE', 'TPC_NONE', 'TPC_NONE', 'TPC_NONE', 'UC_NONE']","{'SBX_MNUF': 2, 'SBX_MPOLY': 4, 'TPC_MPOLY': 2, 'TPC_NONE': 12, 'UC_NONE': 11, 'SPC_NONE': 8, 'NONE_MPOLY': 1, 'UC_MPOLY': 2}"
29,43,UC,NONE,0.6840815865776149,0.035630668111956,515686945.28,444881830.1941343,1500304.8,1036712.0350437146,0.7396393216662157,2.6271033383373776e-05,0.0,0.0,GREEDY_HV,"['SPC_MBFLIP', 'SBX_MNUF', 'SBX_MPOLY', 'TPC_MPOLY', 'TPC_NONE', 'SBX_MNUF', 'TPC_NONE', 'UC_NONE', 'TPC_NONE', 'SBX_MPOLY', 'TPC_NONE', 'SPC_NONE', 'TPC_NONE', 'UC_NONE', 'UC_NONE', 'TPC_NONE', 'NONE_MPOLY', 'SBX_MPOLY', 'TPC_NONE', 'UC_NONE', 'UC_MPOLY', 'SPC_NONE', 'TPC_MPOLY', 'SPC_NONE', 'SPC_NONE', 'UC_NONE', 'SPC_NONE', 'UC_NONE', 'SBX_MPOLY', 'TPC_NONE', 'TPC_NONE', 'UC_NONE', 'SPC_NONE', 'UC_NONE', 'UC_NONE', 'SPC_NONE', 'UC_MPOLY', 'UC_NONE', 'SPC_NONE', 'TPC_NONE', 'TPC_NONE', 'TPC_NONE', 'UC_NONE', 'UC_NONE']","{'SBX_MNUF': 2, 'SBX_MPOLY': 4, 'TPC_MPOLY': 2, 'TPC_NONE': 12, 'UC_NONE': 12, 'SPC_NONE': 8, 'NONE_MPOLY': 1, 'UC_MPOLY': 2}"
29,44,TPC,NONE,0.6850915843462676,0.0359988083105092,540747870.72,458217062.2085613,1554791.84,1057429.110950429,0.7396728291416914,3.350747547570254e-05,0.0,0.0,GREEDY_HV,"['SPC_MBFLIP', 'SBX_MNUF', 'SBX_MPOLY', 'TPC_MPOLY', 'TPC_NONE', 'SBX_MNUF', 'TPC_NONE', 'UC_NONE', 'TPC_NONE', 'SBX_MPOLY', 'TPC_NONE', 'SPC_NONE', 'TPC_NONE', 'UC_NONE', 'UC_NONE', 'TPC_NONE', 'NONE_MPOLY', 'SBX_MPOLY', 'TPC_NONE', 'UC_NONE', 'UC_MPOLY', 'SPC_NONE', 'TPC_MPOLY', 'SPC_NONE', 'SPC_NONE', 'UC_NONE', 'SPC_NONE', 'UC_NONE', 'SBX_MPOLY', 'TPC_NONE', 'TPC_NONE', 'UC_NONE', 'SPC_NONE', 'UC_NONE', 'UC_NONE', 'SPC_NONE', 'UC_MPOLY', 'UC_NONE', 'SPC_NONE', 'TPC_NONE', 'TPC_NONE', 'TPC_NONE', 'UC_NONE', 'UC_NONE', 'TPC_NONE']","{'SBX_MNUF': 2, 'SBX_MPOLY': 4, 'TPC_MPOLY': 2, 'TPC_NONE': 13, 'UC_NONE': 12, 'SPC_NONE': 8, 'NONE_MPOLY': 1, 'UC_MPOLY': 2}"
29,45,UC,NONE,0.684802979892471,0.0359561503706109,538116984.32,466344214.8759837,1591621.28,1065876.9597931467,0.7396726518572079,-1.772844835379317e-07,0.0,0.0,GREEDY_HV,"['SPC_MBFLIP', 'SBX_MNUF', 'SBX_MPOLY', 'TPC_MPOLY', 'TPC_NONE', 'SBX_MNUF', 'TPC_NONE', 'UC_NONE', 'TPC_NONE', 'SBX_MPOLY', 'TPC_NONE', 'SPC_NONE', 'TPC_NONE', 'UC_NONE', 'UC_NONE', 'TPC_NONE', 'NONE_MPOLY', 'SBX_MPOLY', 'TPC_NONE', 'UC_NONE', 'UC_MPOLY', 'SPC_NONE', 'TPC_MPOLY', 'SPC_NONE', 'SPC_NONE', 'UC_NONE', 'SPC_NONE', 'UC_NONE', 'SBX_MPOLY', 'TPC_NONE', 'TPC_NONE', 'UC_NONE', 'SPC_NONE', 'UC_NONE', 'UC_NONE', 'SPC_NONE', 'UC_MPOLY', 'UC_NONE', 'SPC_NONE', 'TPC_NONE', 'TPC_NONE', 'TPC_NONE', 'UC_NONE', 'UC_NONE', 'TPC_NONE', 'UC_NONE']","{'SBX_MNUF': 2, 'SBX_MPOLY': 4, 'TPC_MPOLY': 2, 'TPC_NONE': 13, 'UC_NONE': 13, 'SPC_NONE': 8, 'NONE_MPOLY': 1, 'UC_MPOLY': 2}"
29,46,SPC,NONE,0.6838569378955093,0.0358861920949191,530188229.12,465057050.6579521,1563150.24,1062705.5995447573,0.7396579209883465,-1.4730868861390078e-05,0.0,0.0,GREEDY_HV,"['SPC_MBFLIP', 'SBX_MNUF', 'SBX_MPOLY', 'TPC_MPOLY', 'TPC_NONE', 'SBX_MNUF', 'TPC_NONE', 'UC_NONE', 'TPC_NONE', 'SBX_MPOLY', 'TPC_NONE', 'SPC_NONE', 'TPC_NONE', 'UC_NONE', 'UC_NONE', 'TPC_NONE', 'NONE_MPOLY', 'SBX_MPOLY', 'TPC_NONE', 'UC_NONE', 'UC_MPOLY', 'SPC_NONE', 'TPC_MPOLY', 'SPC_NONE', 'SPC_NONE', 'UC_NONE', 'SPC_NONE', 'UC_NONE', 'SBX_MPOLY', 'TPC_NONE', 'TPC_NONE', 'UC_NONE', 'SPC_NONE', 'UC_NONE', 'UC_NONE', 'SPC_NONE', 'UC_MPOLY', 'UC_NONE', 'SPC_NONE', 'TPC_NONE', 'TPC_NONE', 'TPC_NONE', 'UC_NONE', 'UC_NONE', 'TPC_NONE', 'UC_NONE', 'SPC_NONE']","{'SBX_MNUF': 2, 'SBX_MPOLY': 4, 'TPC_MPOLY': 2, 'TPC_NONE': 13, 'UC_NONE': 13, 'SPC_NONE': 9, 'NONE_MPOLY': 1, 'UC_MPOLY': 2}"
29,47,TPC,NONE,0.6858683526912904,0.0358986243646642,553253998.08,462919866.7235445,1612208.8,1047249.9340834356,0.7396564580018108,-1.4629865356940996e-06,0.0,0.0,GREEDY_HV,"['SPC_MBFLIP', 'SBX_MNUF', 'SBX_MPOLY', 'TPC_MPOLY', 'TPC_NONE', 'SBX_MNUF', 'TPC_NONE', 'UC_NONE', 'TPC_NONE', 'SBX_MPOLY', 'TPC_NONE', 'SPC_NONE', 'TPC_NONE', 'UC_NONE', 'UC_NONE', 'TPC_NONE', 'NONE_MPOLY', 'SBX_MPOLY', 'TPC_NONE', 'UC_NONE', 'UC_MPOLY', 'SPC_NONE', 'TPC_MPOLY', 'SPC_NONE', 'SPC_NONE', 'UC_NONE', 'SPC_NONE', 'UC_NONE', 'SBX_MPOLY', 'TPC_NONE', 'TPC_NONE', 'UC_NONE', 'SPC_NONE', 'UC_NONE', 'UC_NONE', 'SPC_NONE', 'UC_MPOLY', 'UC_NONE', 'SPC_NONE', 'TPC_NONE', 'TPC_NONE', 'TPC_NONE', 'UC_NONE', 'UC_NONE', 'TPC_NONE', 'UC_NONE', 'SPC_NONE', 'TPC_NONE']","{'SBX_MNUF': 2, 'SBX_MPOLY': 4, 'TPC_MPOLY': 2, 'TPC_NONE': 14, 'UC_NONE': 13, 'SPC_NONE': 9, 'NONE_MPOLY': 1, 'UC_MPOLY': 2}"
29,48,TPC,NONE,0.6852078102116382,0.0361387692527551,530586048.0,435659794.4667453,1585897.12,1059396.7234423305,0.7396561849259582,-2.7307585259706e-07,0.0,0.0,GREEDY_HV,"['SPC_MBFLIP', 'SBX_MNUF', 'SBX_MPOLY', 'TPC_MPOLY', 'TPC_NONE', 'SBX_MNUF', 'TPC_NONE', 'UC_NONE', 'TPC_NONE', 'SBX_MPOLY', 'TPC_NONE', 'SPC_NONE', 'TPC_NONE', 'UC_NONE', 'UC_NONE', 'TPC_NONE', 'NONE_MPOLY', 'SBX_MPOLY', 'TPC_NONE', 'UC_NONE', 'UC_MPOLY', 'SPC_NONE', 'TPC_MPOLY', 'SPC_NONE', 'SPC_NONE', 'UC_NONE', 'SPC_NONE', 'UC_NONE', 'SBX_MPOLY', 'TPC_NONE', 'TPC_NONE', 'UC_NONE', 'SPC_NONE', 'UC_NONE', 'UC_NONE', 'SPC_NONE', 'UC_MPOLY', 'UC_NONE', 'SPC_NONE', 'TPC_NONE', 'TPC_NONE', 'TPC_NONE', 'UC_NONE', 'UC_NONE', 'TPC_NONE', 'UC_NONE', 'SPC_NONE', 'TPC_NONE', 'TPC_NONE']","{'SBX_MNUF': 2, 'SBX_MPOLY': 4, 'TPC_MPOLY': 2, 'TPC_NONE': 15, 'UC_NONE': 13, 'SPC_NONE': 9, 'NONE_MPOLY': 1, 'UC_MPOLY': 2}"
29,49,TPC,NONE,0.685420731132416,0.0360078790491863,557288706.56,461764211.0869378,1580362.4,1030901.0999970072,0.7396525007846593,-3.684141298920807e-06,0.0,0.0,GREEDY_HV,"['SPC_MBFLIP', 'SBX_MNUF', 'SBX_MPOLY', 'TPC_MPOLY', 'TPC_NONE', 'SBX_MNUF', 'TPC_NONE', 'UC_NONE', 'TPC_NONE', 'SBX_MPOLY', 'TPC_NONE', 'SPC_NONE', 'TPC_NONE', 'UC_NONE', 'UC_NONE', 'TPC_NONE', 'NONE_MPOLY', 'SBX_MPOLY', 'TPC_NONE', 'UC_NONE', 'UC_MPOLY', 'SPC_NONE', 'TPC_MPOLY', 'SPC_NONE', 'SPC_NONE', 'UC_NONE', 'SPC_NONE', 'UC_NONE', 'SBX_MPOLY', 'TPC_NONE', 'TPC_NONE', 'UC_NONE', 'SPC_NONE', 'UC_NONE', 'UC_NONE', 'SPC_NONE', 'UC_MPOLY', 'UC_NONE', 'SPC_NONE', 'TPC_NONE', 'TPC_NONE', 'TPC_NONE', 'UC_NONE', 'UC_NONE', 'TPC_NONE', 'UC_NONE', 'SPC_NONE', 'TPC_NONE', 'TPC_NONE', 'TPC_NONE']","{'SBX_MNUF': 2, 'SBX_MPOLY': 4, 'TPC_MPOLY': 2, 'TPC_NONE': 16, 'UC_NONE': 13, 'SPC_NONE': 9, 'NONE_MPOLY': 1, 'UC_MPOLY': 2}"
29,50,UC,NONE,0.6840790117650887,0.0358474349440305,539623293.44,468799808.9919548,1568609.44,1053527.231340285,0.739605944538235,-4.655624642424527e-05,0.0,0.0,GREEDY_HV,"['SPC_MBFLIP', 'SBX_MNUF', 'SBX_MPOLY', 'TPC_MPOLY', 'TPC_NONE', 'SBX_MNUF', 'TPC_NONE', 'UC_NONE', 'TPC_NONE', 'SBX_MPOLY', 'TPC_NONE', 'SPC_NONE', 'TPC_NONE', 'UC_NONE', 'UC_NONE', 'TPC_NONE', 'NONE_MPOLY', 'SBX_MPOLY', 'TPC_NONE', 'UC_NONE', 'UC_MPOLY', 'SPC_NONE', 'TPC_MPOLY', 'SPC_NONE', 'SPC_NONE', 'UC_NONE', 'SPC_NONE', 'UC_NONE', 'SBX_MPOLY', 'TPC_NONE', 'TPC_NONE', 'UC_NONE', 'SPC_NONE', 'UC_NONE', 'UC_NONE', 'SPC_NONE', 'UC_MPOLY', 'UC_NONE', 'SPC_NONE', 'TPC_NONE', 'TPC_NONE', 'TPC_NONE', 'UC_NONE', 'UC_NONE', 'TPC_NONE', 'UC_NONE', 'SPC_NONE', 'TPC_NONE', 'TPC_NONE', 'TPC_NONE', 'UC_NONE']","{'SBX_MNUF': 2, 'SBX_MPOLY': 4, 'TPC_MPOLY': 2, 'TPC_NONE': 16, 'UC_NONE': 14, 'SPC_NONE': 9, 'NONE_MPOLY': 1, 'UC_MPOLY': 2}"
29,51,UC,NONE,0.684192367059251,0.0357075169500397,539544583.68,461026230.0844285,1537419.68,1047163.1003930848,0.7396415623623758,3.561782414074344e-05,0.0,0.0,GREEDY_HV,"['SPC_MBFLIP', 'SBX_MNUF', 'SBX_MPOLY', 'TPC_MPOLY', 'TPC_NONE', 'SBX_MNUF', 'TPC_NONE', 'UC_NONE', 'TPC_NONE', 'SBX_MPOLY', 'TPC_NONE', 'SPC_NONE', 'TPC_NONE', 'UC_NONE', 'UC_NONE', 'TPC_NONE', 'NONE_MPOLY', 'SBX_MPOLY', 'TPC_NONE', 'UC_NONE', 'UC_MPOLY', 'SPC_NONE', 'TPC_MPOLY', 'SPC_NONE', 'SPC_NONE', 'UC_NONE', 'SPC_NONE', 'UC_NONE', 'SBX_MPOLY', 'TPC_NONE', 'TPC_NONE', 'UC_NONE', 'SPC_NONE', 'UC_NONE', 'UC_NONE', 'SPC_NONE', 'UC_MPOLY', 'UC_NONE', 'SPC_NONE', 'TPC_NONE', 'TPC_NONE', 'TPC_NONE', 'UC_NONE', 'UC_NONE', 'TPC_NONE', 'UC_NONE', 'SPC_NONE', 'TPC_NONE', 'TPC_NONE', 'TPC_NONE', 'UC_NONE', 'UC_NONE']","{'SBX_MNUF': 2, 'SBX_MPOLY': 4, 'TPC_MPOLY': 2, 'TPC_NONE': 16, 'UC_NONE': 15, 'SPC_NONE': 9, 'NONE_MPOLY': 1, 'UC_MPOLY': 2}"
29,52,TPC,NONE,0.683440555937435,0.0356550524670493,541991920.64,481565227.4471743,1521516.96,1037211.5913109522,0.7396480160511129,6.45368873708474e-06,0.0,0.0,GREEDY_HV,"['SPC_MBFLIP', 'SBX_MNUF', 'SBX_MPOLY', 'TPC_MPOLY', 'TPC_NONE', 'SBX_MNUF', 'TPC_NONE', 'UC_NONE', 'TPC_NONE', 'SBX_MPOLY', 'TPC_NONE', 'SPC_NONE', 'TPC_NONE', 'UC_NONE', 'UC_NONE', 'TPC_NONE', 'NONE_MPOLY', 'SBX_MPOLY', 'TPC_NONE', 'UC_NONE', 'UC_MPOLY', 'SPC_NONE', 'TPC_MPOLY', 'SPC_NONE', 'SPC_NONE', 'UC_NONE', 'SPC_NONE', 'UC_NONE', 'SBX_MPOLY', 'TPC_NONE', 'TPC_NONE', 'UC_NONE', 'SPC_NONE', 'UC_NONE', 'UC_NONE', 'SPC_NONE', 'UC_MPOLY', 'UC_NONE', 'SPC_NONE', 'TPC_NONE', 'TPC_NONE', 'TPC_NONE', 'UC_NONE', 'UC_NONE', 'TPC_NONE', 'UC_NONE', 'SPC_NONE', 'TPC_NONE', 'TPC_NONE', 'TPC_NONE', 'UC_NONE', 'UC_NONE', 'TPC_NONE']","{'SBX_MNUF': 2, 'SBX_MPOLY': 4, 'TPC_MPOLY': 2, 'TPC_NONE': 17, 'UC_NONE': 15, 'SPC_NONE': 9, 'NONE_MPOLY': 1, 'UC_MPOLY': 2}"
29,53,TPC,NONE,0.6842704773684417,0.0359032507720663,552439808.0,480457033.8733165,1573976.48,1055108.1817849434,0.7395891264511854,-5.888959992750298e-05,0.01,0.0,GREEDY_HV,"['SPC_MBFLIP', 'SBX_MNUF', 'SBX_MPOLY', 'TPC_MPOLY', 'TPC_NONE', 'SBX_MNUF', 'TPC_NONE', 'UC_NONE', 'TPC_NONE', 'SBX_MPOLY', 'TPC_NONE', 'SPC_NONE', 'TPC_NONE', 'UC_NONE', 'UC_NONE', 'TPC_NONE', 'NONE_MPOLY', 'SBX_MPOLY', 'TPC_NONE', 'UC_NONE', 'UC_MPOLY', 'SPC_NONE', 'TPC_MPOLY', 'SPC_NONE', 'SPC_NONE', 'UC_NONE', 'SPC_NONE', 'UC_NONE', 'SBX_MPOLY', 'TPC_NONE', 'TPC_NONE', 'UC_NONE', 'SPC_NONE', 'UC_NONE', 'UC_NONE', 'SPC_NONE', 'UC_MPOLY', 'UC_NONE', 'SPC_NONE', 'TPC_NONE', 'TPC_NONE', 'TPC_NONE', 'UC_NONE', 'UC_NONE', 'TPC_NONE', 'UC_NONE', 'SPC_NONE', 'TPC_NONE', 'TPC_NONE', 'TPC_NONE', 'UC_NONE', 'UC_NONE', 'TPC_NONE', 'TPC_NONE']","{'SBX_MNUF': 2, 'SBX_MPOLY': 4, 'TPC_MPOLY': 2, 'TPC_NONE': 18, 'UC_NONE': 15, 'SPC_NONE': 9, 'NONE_MPOLY': 1, 'UC_MPOLY': 2}"
29,54,SPC,NONE,0.6852613333529533,0.0358916213617444,561541811.2,471017573.5310138,1617011.36,1056860.958202956,0.7395754563825317,-1.3670068653603984e-05,0.0,0.0,GREEDY_HV,"['SPC_MBFLIP', 'SBX_MNUF', 'SBX_MPOLY', 'TPC_MPOLY', 'TPC_NONE', 'SBX_MNUF', 'TPC_NONE', 'UC_NONE', 'TPC_NONE', 'SBX_MPOLY', 'TPC_NONE', 'SPC_NONE', 'TPC_NONE', 'UC_NONE', 'UC_NONE', 'TPC_NONE', 'NONE_MPOLY', 'SBX_MPOLY', 'TPC_NONE', 'UC_NONE', 'UC_MPOLY', 'SPC_NONE', 'TPC_MPOLY', 'SPC_NONE', 'SPC_NONE', 'UC_NONE', 'SPC_NONE', 'UC_NONE', 'SBX_MPOLY', 'TPC_NONE', 'TPC_NONE', 'UC_NONE', 'SPC_NONE', 'UC_NONE', 'UC_NONE', 'SPC_NONE', 'UC_MPOLY', 'UC_NONE', 'SPC_NONE', 'TPC_NONE', 'TPC_NONE', 'TPC_NONE', 'UC_NONE', 'UC_NONE', 'TPC_NONE', 'UC_NONE', 'SPC_NONE', 'TPC_NONE', 'TPC_NONE', 'TPC_NONE', 'UC_NONE', 'UC_NONE', 'TPC_NONE', 'TPC_NONE', 'SPC_NONE']","{'SBX_MNUF': 2, 'SBX_MPOLY': 4, 'TPC_MPOLY': 2, 'TPC_NONE': 18, 'UC_NONE': 15, 'SPC_NONE': 10, 'NONE_MPOLY': 1, 'UC_MPOLY': 2}"
29,55,UC,NONE,0.684856928874604,0.0359487801147821,562231434.24,468675362.0243252,1547966.88,1048011.6097186068,0.7396123644556977,3.690807316591993e-05,0.0,0.0,GREEDY_HV,"['SPC_MBFLIP', 'SBX_MNUF', 'SBX_MPOLY', 'TPC_MPOLY', 'TPC_NONE', 'SBX_MNUF', 'TPC_NONE', 'UC_NONE', 'TPC_NONE', 'SBX_MPOLY', 'TPC_NONE', 'SPC_NONE', 'TPC_NONE', 'UC_NONE', 'UC_NONE', 'TPC_NONE', 'NONE_MPOLY', 'SBX_MPOLY', 'TPC_NONE', 'UC_NONE', 'UC_MPOLY', 'SPC_NONE', 'TPC_MPOLY', 'SPC_NONE', 'SPC_NONE', 'UC_NONE', 'SPC_NONE', 'UC_NONE', 'SBX_MPOLY', 'TPC_NONE', 'TPC_NONE', 'UC_NONE', 'SPC_NONE', 'UC_NONE', 'UC_NONE', 'SPC_NONE', 'UC_MPOLY', 'UC_NONE', 'SPC_NONE', 'TPC_NONE', 'TPC_NONE', 'TPC_NONE', 'UC_NONE', 'UC_NONE', 'TPC_NONE', 'UC_NONE', 'SPC_NONE', 'TPC_NONE', 'TPC_NONE', 'TPC_NONE', 'UC_NONE', 'UC_NONE', 'TPC_NONE', 'TPC_NONE', 'SPC_NONE', 'UC_NONE']","{'SBX_MNUF': 2, 'SBX_MPOLY': 4, 'TPC_MPOLY': 2, 'TPC_NONE': 18, 'UC_NONE': 16, 'SPC_NONE': 10, 'NONE_MPOLY': 1, 'UC_MPOLY': 2}"
29,56,SBX,NONE,0.6843815743612173,0.0360419583544807,567450752.0,475321070.1903415,1571353.76,1095207.4941815648,0.7403138723341115,0.0007015078784138,0.0,0.0,GREEDY_HV,"['SPC_MBFLIP', 'SBX_MNUF', 'SBX_MPOLY', 'TPC_MPOLY', 'TPC_NONE', 'SBX_MNUF', 'TPC_NONE', 'UC_NONE', 'TPC_NONE', 'SBX_MPOLY', 'TPC_NONE', 'SPC_NONE', 'TPC_NONE', 'UC_NONE', 'UC_NONE', 'TPC_NONE', 'NONE_MPOLY', 'SBX_MPOLY', 'TPC_NONE', 'UC_NONE', 'UC_MPOLY', 'SPC_NONE', 'TPC_MPOLY', 'SPC_NONE', 'SPC_NONE', 'UC_NONE', 'SPC_NONE', 'UC_NONE', 'SBX_MPOLY', 'TPC_NONE', 'TPC_NONE', 'UC_NONE', 'SPC_NONE', 'UC_NONE', 'UC_NONE', 'SPC_NONE', 'UC_MPOLY', 'UC_NONE', 'SPC_NONE', 'TPC_NONE', 'TPC_NONE', 'TPC_NONE', 'UC_NONE', 'UC_NONE', 'TPC_NONE', 'UC_NONE', 'SPC_NONE', 'TPC_NONE', 'TPC_NONE', 'TPC_NONE', 'UC_NONE', 'UC_NONE', 'TPC_NONE', 'TPC_NONE', 'SPC_NONE', 'UC_NONE', 'SBX_NONE']","{'SBX_MNUF': 2, 'SBX_MPOLY': 4, 'TPC_MPOLY': 2, 'TPC_NONE': 18, 'UC_NONE': 16, 'SPC_NONE': 10, 'NONE_MPOLY': 1, 'UC_MPOLY': 2, 'SBX_NONE': 1}"
29,57,SPC,NONE,0.6862080270507375,0.0359597684217241,601817963.52,499300317.98864985,1663627.68,1127643.5530738502,0.7423252130948119,0.0020113407607004,0.0,0.0,GREEDY_HV,"['SPC_MBFLIP', 'SBX_MNUF', 'SBX_MPOLY', 'TPC_MPOLY', 'TPC_NONE', 'SBX_MNUF', 'TPC_NONE', 'UC_NONE', 'TPC_NONE', 'SBX_MPOLY', 'TPC_NONE', 'SPC_NONE', 'TPC_NONE', 'UC_NONE', 'UC_NONE', 'TPC_NONE', 'NONE_MPOLY', 'SBX_MPOLY', 'TPC_NONE', 'UC_NONE', 'UC_MPOLY', 'SPC_NONE', 'TPC_MPOLY', 'SPC_NONE', 'SPC_NONE', 'UC_NONE', 'SPC_NONE', 'UC_NONE', 'SBX_MPOLY', 'TPC_NONE', 'TPC_NONE', 'UC_NONE', 'SPC_NONE', 'UC_NONE', 'UC_NONE', 'SPC_NONE', 'UC_MPOLY', 'UC_NONE', 'SPC_NONE', 'TPC_NONE', 'TPC_NONE', 'TPC_NONE', 'UC_NONE', 'UC_NONE', 'TPC_NONE', 'UC_NONE', 'SPC_NONE', 'TPC_NONE', 'TPC_NONE', 'TPC_NONE', 'UC_NONE', 'UC_NONE', 'TPC_NONE', 'TPC_NONE', 'SPC_NONE', 'UC_NONE', 'SBX_NONE', 'SPC_NONE']","{'SBX_MNUF': 2, 'SBX_MPOLY': 4, 'TPC_MPOLY': 2, 'TPC_NONE': 18, 'UC_NONE': 16, 'SPC_NONE': 11, 'NONE_MPOLY': 1, 'UC_MPOLY': 2, 'SBX_NONE': 1}"
29,58,UC,NONE,0.6836961942702868,0.0364974699760462,605267184.64,502813276.1242088,1580586.4,1181236.7397848745,0.7423590791381269,3.386604331501175e-05,0.0,0.0,GREEDY_HV,"['SPC_MBFLIP', 'SBX_MNUF', 'SBX_MPOLY', 'TPC_MPOLY', 'TPC_NONE', 'SBX_MNUF', 'TPC_NONE', 'UC_NONE', 'TPC_NONE', 'SBX_MPOLY', 'TPC_NONE', 'SPC_NONE', 'TPC_NONE', 'UC_NONE', 'UC_NONE', 'TPC_NONE', 'NONE_MPOLY', 'SBX_MPOLY', 'TPC_NONE', 'UC_NONE', 'UC_MPOLY', 'SPC_NONE', 'TPC_MPOLY', 'SPC_NONE', 'SPC_NONE', 'UC_NONE', 'SPC_NONE', 'UC_NONE', 'SBX_MPOLY', 'TPC_NONE', 'TPC_NONE', 'UC_NONE', 'SPC_NONE', 'UC_NONE', 'UC_NONE', 'SPC_NONE', 'UC_MPOLY', 'UC_NONE', 'SPC_NONE', 'TPC_NONE', 'TPC_NONE', 'TPC_NONE', 'UC_NONE', 'UC_NONE', 'TPC_NONE', 'UC_NONE', 'SPC_NONE', 'TPC_NONE', 'TPC_NONE', 'TPC_NONE', 'UC_NONE', 'UC_NONE', 'TPC_NONE', 'TPC_NONE', 'SPC_NONE', 'UC_NONE', 'SBX_NONE', 'SPC_NONE', 'UC_NONE']","{'SBX_MNUF': 2, 'SBX_MPOLY': 4, 'TPC_MPOLY': 2, 'TPC_NONE': 18, 'UC_NONE': 17, 'SPC_NONE': 11, 'NONE_MPOLY': 1, 'UC_MPOLY': 2, 'SBX_NONE': 1}"
29,59,SPC,NONE,0.6837165381684741,0.0362305738377515,617930839.04,514958556.20491874,1545441.44,1176626.1139517203,0.7424246599776756,6.558083954866234e-05,0.01,0.0,GREEDY_HV,"['SPC_MBFLIP', 'SBX_MNUF', 'SBX_MPOLY', 'TPC_MPOLY', 'TPC_NONE', 'SBX_MNUF', 'TPC_NONE', 'UC_NONE', 'TPC_NONE', 'SBX_MPOLY', 'TPC_NONE', 'SPC_NONE', 'TPC_NONE', 'UC_NONE', 'UC_NONE', 'TPC_NONE', 'NONE_MPOLY', 'SBX_MPOLY', 'TPC_NONE', 'UC_NONE', 'UC_MPOLY', 'SPC_NONE', 'TPC_MPOLY', 'SPC_NONE', 'SPC_NONE', 'UC_NONE', 'SPC_NONE', 'UC_NONE', 'SBX_MPOLY', 'TPC_NONE', 'TPC_NONE', 'UC_NONE', 'SPC_NONE', 'UC_NONE', 'UC_NONE', 'SPC_NONE', 'UC_MPOLY', 'UC_NONE', 'SPC_NONE', 'TPC_NONE', 'TPC_NONE', 'TPC_NONE', 'UC_NONE', 'UC_NONE', 'TPC_NONE', 'UC_NONE', 'SPC_NONE', 'TPC_NONE', 'TPC_NONE', 'TPC_NONE', 'UC_NONE', 'UC_NONE', 'TPC_NONE', 'TPC_NONE', 'SPC_NONE', 'UC_NONE', 'SBX_NONE', 'SPC_NONE', 'UC_NONE', 'SPC_NONE']","{'SBX_MNUF': 2, 'SBX_MPOLY': 4, 'TPC_MPOLY': 2, 'TPC_NONE': 18, 'UC_NONE': 17, 'SPC_NONE': 12, 'NONE_MPOLY': 1, 'UC_MPOLY': 2, 'SBX_NONE': 1}"
29,60,SPC,NONE,0.6861808731632941,0.0371245518505564,636899614.72,525005392.10216826,1746852.0,1229988.9128397866,0.7424489475675417,2.4287589866056614e-05,0.01,0.0,GREEDY_HV,"['SPC_MBFLIP', 'SBX_MNUF', 'SBX_MPOLY', 'TPC_MPOLY', 'TPC_NONE', 'SBX_MNUF', 'TPC_NONE', 'UC_NONE', 'TPC_NONE', 'SBX_MPOLY', 'TPC_NONE', 'SPC_NONE', 'TPC_NONE', 'UC_NONE', 'UC_NONE', 'TPC_NONE', 'NONE_MPOLY', 'SBX_MPOLY', 'TPC_NONE', 'UC_NONE', 'UC_MPOLY', 'SPC_NONE', 'TPC_MPOLY', 'SPC_NONE', 'SPC_NONE', 'UC_NONE', 'SPC_NONE', 'UC_NONE', 'SBX_MPOLY', 'TPC_NONE', 'TPC_NONE', 'UC_NONE', 'SPC_NONE', 'UC_NONE', 'UC_NONE', 'SPC_NONE', 'UC_MPOLY', 'UC_NONE', 'SPC_NONE', 'TPC_NONE', 'TPC_NONE', 'TPC_NONE', 'UC_NONE', 'UC_NONE', 'TPC_NONE', 'UC_NONE', 'SPC_NONE', 'TPC_NONE', 'TPC_NONE', 'TPC_NONE', 'UC_NONE', 'UC_NONE', 'TPC_NONE', 'TPC_NONE', 'SPC_NONE', 'UC_NONE', 'SBX_NONE', 'SPC_NONE', 'UC_NONE', 'SPC_NONE', 'SPC_NONE']","{'SBX_MNUF': 2, 'SBX_MPOLY': 4, 'TPC_MPOLY': 2, 'TPC_NONE': 18, 'UC_NONE': 17, 'SPC_NONE': 13, 'NONE_MPOLY': 1, 'UC_MPOLY': 2, 'SBX_NONE': 1}"
29,61,UC,NONE,0.6852747246154267,0.0369783193061484,607161812.48,510985886.4929009,1720025.76,1222848.7368596094,0.7424798645740202,3.0917006478503595e-05,0.01,0.0,GREEDY_HV,"['SPC_MBFLIP', 'SBX_MNUF', 'SBX_MPOLY', 'TPC_MPOLY', 'TPC_NONE', 'SBX_MNUF', 'TPC_NONE', 'UC_NONE', 'TPC_NONE', 'SBX_MPOLY', 'TPC_NONE', 'SPC_NONE', 'TPC_NONE', 'UC_NONE', 'UC_NONE', 'TPC_NONE', 'NONE_MPOLY', 'SBX_MPOLY', 'TPC_NONE', 'UC_NONE', 'UC_MPOLY', 'SPC_NONE', 'TPC_MPOLY', 'SPC_NONE', 'SPC_NONE', 'UC_NONE', 'SPC_NONE', 'UC_NONE', 'SBX_MPOLY', 'TPC_NONE', 'TPC_NONE', 'UC_NONE', 'SPC_NONE', 'UC_NONE', 'UC_NONE', 'SPC_NONE', 'UC_MPOLY', 'UC_NONE', 'SPC_NONE', 'TPC_NONE', 'TPC_NONE', 'TPC_NONE', 'UC_NONE', 'UC_NONE', 'TPC_NONE', 'UC_NONE', 'SPC_NONE', 'TPC_NONE', 'TPC_NONE', 'TPC_NONE', 'UC_NONE', 'UC_NONE', 'TPC_NONE', 'TPC_NONE', 'SPC_NONE', 'UC_NONE', 'SBX_NONE', 'SPC_NONE', 'UC_NONE', 'SPC_NONE', 'SPC_NONE', 'UC_NONE']","{'SBX_MNUF': 2, 'SBX_MPOLY': 4, 'TPC_MPOLY': 2, 'TPC_NONE': 18, 'UC_NONE': 18, 'SPC_NONE': 13, 'NONE_MPOLY': 1, 'UC_MPOLY': 2, 'SBX_NONE': 1}"
29,62,UC,NONE,0.6866150736875851,0.036290958173614,615956049.92,516949417.7269777,1720098.72,1208922.7212032874,0.7425205315432852,4.066696926507962e-05,0.01,0.0,GREEDY_HV,"['SPC_MBFLIP', 'SBX_MNUF', 'SBX_MPOLY', 'TPC_MPOLY', 'TPC_NONE', 'SBX_MNUF', 'TPC_NONE', 'UC_NONE', 'TPC_NONE', 'SBX_MPOLY', 'TPC_NONE', 'SPC_NONE', 'TPC_NONE', 'UC_NONE', 'UC_NONE', 'TPC_NONE', 'NONE_MPOLY', 'SBX_MPOLY', 'TPC_NONE', 'UC_NONE', 'UC_MPOLY', 'SPC_NONE', 'TPC_MPOLY', 'SPC_NONE', 'SPC_NONE', 'UC_NONE', 'SPC_NONE', 'UC_NONE', 'SBX_MPOLY', 'TPC_NONE', 'TPC_NONE', 'UC_NONE', 'SPC_NONE', 'UC_NONE', 'UC_NONE', 'SPC_NONE', 'UC_MPOLY', 'UC_NONE', 'SPC_NONE', 'TPC_NONE', 'TPC_NONE', 'TPC_NONE', 'UC_NONE', 'UC_NONE', 'TPC_NONE', 'UC_NONE', 'SPC_NONE', 'TPC_NONE', 'TPC_NONE', 'TPC_NONE', 'UC_NONE', 'UC_NONE', 'TPC_NONE', 'TPC_NONE', 'SPC_NONE', 'UC_NONE', 'SBX_NONE', 'SPC_NONE', 'UC_NONE', 'SPC_NONE', 'SPC_NONE', 'UC_NONE', 'UC_NONE']","{'SBX_MNUF': 2, 'SBX_MPOLY': 4, 'TPC_MPOLY': 2, 'TPC_NONE': 18, 'UC_NONE': 19, 'SPC_NONE': 13, 'NONE_MPOLY': 1, 'UC_MPOLY': 2, 'SBX_NONE': 1}"
29,63,UC,NONE,0.6853084560758255,0.0363093795182781,575585664.0,500274556.14127976,1705166.24,1219604.996098697,0.7425397716769429,1.924013365761645e-05,0.0,0.0,GREEDY_HV,"['SPC_MBFLIP', 'SBX_MNUF', 'SBX_MPOLY', 'TPC_MPOLY', 'TPC_NONE', 'SBX_MNUF', 'TPC_NONE', 'UC_NONE', 'TPC_NONE', 'SBX_MPOLY', 'TPC_NONE', 'SPC_NONE', 'TPC_NONE', 'UC_NONE', 'UC_NONE', 'TPC_NONE', 'NONE_MPOLY', 'SBX_MPOLY', 'TPC_NONE', 'UC_NONE', 'UC_MPOLY', 'SPC_NONE', 'TPC_MPOLY', 'SPC_NONE', 'SPC_NONE', 'UC_NONE', 'SPC_NONE', 'UC_NONE', 'SBX_MPOLY', 'TPC_NONE', 'TPC_NONE', 'UC_NONE', 'SPC_NONE', 'UC_NONE', 'UC_NONE', 'SPC_NONE', 'UC_MPOLY', 'UC_NONE', 'SPC_NONE', 'TPC_NONE', 'TPC_NONE', 'TPC_NONE', 'UC_NONE', 'UC_NONE', 'TPC_NONE', 'UC_NONE', 'SPC_NONE', 'TPC_NONE', 'TPC_NONE', 'TPC_NONE', 'UC_NONE', 'UC_NONE', 'TPC_NONE', 'TPC_NONE', 'SPC_NONE', 'UC_NONE', 'SBX_NONE', 'SPC_NONE', 'UC_NONE', 'SPC_NONE', 'SPC_NONE', 'UC_NONE', 'UC_NONE', 'UC_NONE']","{'SBX_MNUF': 2, 'SBX_MPOLY': 4, 'TPC_MPOLY': 2, 'TPC_NONE': 18, 'UC_NONE': 20, 'SPC_NONE': 13, 'NONE_MPOLY': 1, 'UC_MPOLY': 2, 'SBX_NONE': 1}"
29,64,UC,NONE,0.684085924707637,0.0366215894389933,587873331.2,514474155.2224859,1626314.4,1235477.5800518924,0.7425172220129941,-2.2549663948767676e-05,0.01,0.0,GREEDY_HV,"['SPC_MBFLIP', 'SBX_MNUF', 'SBX_MPOLY', 'TPC_MPOLY', 'TPC_NONE', 'SBX_MNUF', 'TPC_NONE', 'UC_NONE', 'TPC_NONE', 'SBX_MPOLY', 'TPC_NONE', 'SPC_NONE', 'TPC_NONE', 'UC_NONE', 'UC_NONE', 'TPC_NONE', 'NONE_MPOLY', 'SBX_MPOLY', 'TPC_NONE', 'UC_NONE', 'UC_MPOLY', 'SPC_NONE', 'TPC_MPOLY', 'SPC_NONE', 'SPC_NONE', 'UC_NONE', 'SPC_NONE', 'UC_NONE', 'SBX_MPOLY', 'TPC_NONE', 'TPC_NONE', 'UC_NONE', 'SPC_NONE', 'UC_NONE', 'UC_NONE', 'SPC_NONE', 'UC_MPOLY', 'UC_NONE', 'SPC_NONE', 'TPC_NONE', 'TPC_NONE', 'TPC_NONE', 'UC_NONE', 'UC_NONE', 'TPC_NONE', 'UC_NONE', 'SPC_NONE', 'TPC_NONE', 'TPC_NONE', 'TPC_NONE', 'UC_NONE', 'UC_NONE', 'TPC_NONE', 'TPC_NONE', 'SPC_NONE', 'UC_NONE', 'SBX_NONE', 'SPC_NONE', 'UC_NONE', 'SPC_NONE', 'SPC_NONE', 'UC_NONE', 'UC_NONE', 'UC_NONE', 'UC_NONE']","{'SBX_MNUF': 2, 'SBX_MPOLY': 4, 'TPC_MPOLY': 2, 'TPC_NONE': 18, 'UC_NONE': 21, 'SPC_NONE': 13, 'NONE_MPOLY': 1, 'UC_MPOLY': 2, 'SBX_NONE': 1}"
29,65,TPC,NONE,0.6856606544734166,0.0372293156678215,595161958.4,513752790.96445614,1761451.68,1283716.2450672255,0.7425219414739165,4.719460922397722e-06,0.0,0.0,GREEDY_HV,"['SPC_MBFLIP', 'SBX_MNUF', 'SBX_MPOLY', 'TPC_MPOLY', 'TPC_NONE', 'SBX_MNUF', 'TPC_NONE', 'UC_NONE', 'TPC_NONE', 'SBX_MPOLY', 'TPC_NONE', 'SPC_NONE', 'TPC_NONE', 'UC_NONE', 'UC_NONE', 'TPC_NONE', 'NONE_MPOLY', 'SBX_MPOLY', 'TPC_NONE', 'UC_NONE', 'UC_MPOLY', 'SPC_NONE', 'TPC_MPOLY', 'SPC_NONE', 'SPC_NONE', 'UC_NONE', 'SPC_NONE', 'UC_NONE', 'SBX_MPOLY', 'TPC_NONE', 'TPC_NONE', 'UC_NONE', 'SPC_NONE', 'UC_NONE', 'UC_NONE', 'SPC_NONE', 'UC_MPOLY', 'UC_NONE', 'SPC_NONE', 'TPC_NONE', 'TPC_NONE', 'TPC_NONE', 'UC_NONE', 'UC_NONE', 'TPC_NONE', 'UC_NONE', 'SPC_NONE', 'TPC_NONE', 'TPC_NONE', 'TPC_NONE', 'UC_NONE', 'UC_NONE', 'TPC_NONE', 'TPC_NONE', 'SPC_NONE', 'UC_NONE', 'SBX_NONE', 'SPC_NONE', 'UC_NONE', 'SPC_NONE', 'SPC_NONE', 'UC_NONE', 'UC_NONE', 'UC_NONE', 'UC_NONE', 'TPC_NONE']","{'SBX_MNUF': 2, 'SBX_MPOLY': 4, 'TPC_MPOLY': 2, 'TPC_NONE': 19, 'UC_NONE': 21, 'SPC_NONE': 13, 'NONE_MPOLY': 1, 'UC_MPOLY': 2, 'SBX_NONE': 1}"
29,66,SPC,NONE,0.6873643188039757,0.0368939383259008,641589099.52,531739049.9952276,1758017.44,1239348.2722434432,0.7425298803886617,7.938914745264647e-06,0.0,0.0,GREEDY_HV,"['SPC_MBFLIP', 'SBX_MNUF', 'SBX_MPOLY', 'TPC_MPOLY', 'TPC_NONE', 'SBX_MNUF', 'TPC_NONE', 'UC_NONE', 'TPC_NONE', 'SBX_MPOLY', 'TPC_NONE', 'SPC_NONE', 'TPC_NONE', 'UC_NONE', 'UC_NONE', 'TPC_NONE', 'NONE_MPOLY', 'SBX_MPOLY', 'TPC_NONE', 'UC_NONE', 'UC_MPOLY', 'SPC_NONE', 'TPC_MPOLY', 'SPC_NONE', 'SPC_NONE', 'UC_NONE', 'SPC_NONE', 'UC_NONE', 'SBX_MPOLY', 'TPC_NONE', 'TPC_NONE', 'UC_NONE', 'SPC_NONE', 'UC_NONE', 'UC_NONE', 'SPC_NONE', 'UC_MPOLY', 'UC_NONE', 'SPC_NONE', 'TPC_NONE', 'TPC_NONE', 'TPC_NONE', 'UC_NONE', 'UC_NONE', 'TPC_NONE', 'UC_NONE', 'SPC_NONE', 'TPC_NONE', 'TPC_NONE', 'TPC_NONE', 'UC_NONE', 'UC_NONE', 'TPC_NONE', 'TPC_NONE', 'SPC_NONE', 'UC_NONE', 'SBX_NONE', 'SPC_NONE', 'UC_NONE', 'SPC_NONE', 'SPC_NONE', 'UC_NONE', 'UC_NONE', 'UC_NONE', 'UC_NONE', 'TPC_NONE', 'SPC_NONE']","{'SBX_MNUF': 2, 'SBX_MPOLY': 4, 'TPC_MPOLY': 2, 'TPC_NONE': 19, 'UC_NONE': 21, 'SPC_NONE': 14, 'NONE_MPOLY': 1, 'UC_MPOLY': 2, 'SBX_NONE': 1}"
29,67,TPC,NONE,0.6870435935553931,0.0369951977861898,627886003.2,526731454.5790298,1793482.4,1265503.7683040225,0.7425589563955639,2.907600690216228e-05,0.0,0.0,GREEDY_HV,"['SPC_MBFLIP', 'SBX_MNUF', 'SBX_MPOLY', 'TPC_MPOLY', 'TPC_NONE', 'SBX_MNUF', 'TPC_NONE', 'UC_NONE', 'TPC_NONE', 'SBX_MPOLY', 'TPC_NONE', 'SPC_NONE', 'TPC_NONE', 'UC_NONE', 'UC_NONE', 'TPC_NONE', 'NONE_MPOLY', 'SBX_MPOLY', 'TPC_NONE', 'UC_NONE', 'UC_MPOLY', 'SPC_NONE', 'TPC_MPOLY', 'SPC_NONE', 'SPC_NONE', 'UC_NONE', 'SPC_NONE', 'UC_NONE', 'SBX_MPOLY', 'TPC_NONE', 'TPC_NONE', 'UC_NONE', 'SPC_NONE', 'UC_NONE', 'UC_NONE', 'SPC_NONE', 'UC_MPOLY', 'UC_NONE', 'SPC_NONE', 'TPC_NONE', 'TPC_NONE', 'TPC_NONE', 'UC_NONE', 'UC_NONE', 'TPC_NONE', 'UC_NONE', 'SPC_NONE', 'TPC_NONE', 'TPC_NONE', 'TPC_NONE', 'UC_NONE', 'UC_NONE', 'TPC_NONE', 'TPC_NONE', 'SPC_NONE', 'UC_NONE', 'SBX_NONE', 'SPC_NONE', 'UC_NONE', 'SPC_NONE', 'SPC_NONE', 'UC_NONE', 'UC_NONE', 'UC_NONE', 'UC_NONE', 'TPC_NONE', 'SPC_NONE', 'TPC_NONE']","{'SBX_MNUF': 2, 'SBX_MPOLY': 4, 'TPC_MPOLY': 2, 'TPC_NONE': 20, 'UC_NONE': 21, 'SPC_NONE': 14, 'NONE_MPOLY': 1, 'UC_MPOLY': 2, 'SBX_NONE': 1}"
29,68,UC,NONE,0.6855513010370605,0.0368416313997895,583839738.88,496898982.8383396,1736004.0,1276843.5166118047,0.7425452949556404,-1.3661439923540186e-05,0.0,0.0,GREEDY_HV,"['SPC_MBFLIP', 'SBX_MNUF', 'SBX_MPOLY', 'TPC_MPOLY', 'TPC_NONE', 'SBX_MNUF', 'TPC_NONE', 'UC_NONE', 'TPC_NONE', 'SBX_MPOLY', 'TPC_NONE', 'SPC_NONE', 'TPC_NONE', 'UC_NONE', 'UC_NONE', 'TPC_NONE', 'NONE_MPOLY', 'SBX_MPOLY', 'TPC_NONE', 'UC_NONE', 'UC_MPOLY', 'SPC_NONE', 'TPC_MPOLY', 'SPC_NONE', 'SPC_NONE', 'UC_NONE', 'SPC_NONE', 'UC_NONE', 'SBX_MPOLY', 'TPC_NONE', 'TPC_NONE', 'UC_NONE', 'SPC_NONE', 'UC_NONE', 'UC_NONE', 'SPC_NONE', 'UC_MPOLY', 'UC_NONE', 'SPC_NONE', 'TPC_NONE', 'TPC_NONE', 'TPC_NONE', 'UC_NONE', 'UC_NONE', 'TPC_NONE', 'UC_NONE', 'SPC_NONE', 'TPC_NONE', 'TPC_NONE', 'TPC_NONE', 'UC_NONE', 'UC_NONE', 'TPC_NONE', 'TPC_NONE', 'SPC_NONE', 'UC_NONE', 'SBX_NONE', 'SPC_NONE', 'UC_NONE', 'SPC_NONE', 'SPC_NONE', 'UC_NONE', 'UC_NONE', 'UC_NONE', 'UC_NONE', 'TPC_NONE', 'SPC_NONE', 'TPC_NONE', 'UC_NONE']","{'SBX_MNUF': 2, 'SBX_MPOLY': 4, 'TPC_MPOLY': 2, 'TPC_NONE': 20, 'UC_NONE': 22, 'SPC_NONE': 14, 'NONE_MPOLY': 1, 'UC_MPOLY': 2, 'SBX_NONE': 1}"
29,69,TPC,NONE,0.6856212835243746,0.0366112729485854,584580526.08,490238327.99190646,1754023.84,1271351.8560365792,0.7425842776596743,3.898270403390747e-05,0.0,0.0,GREEDY_HV,"['SPC_MBFLIP', 'SBX_MNUF', 'SBX_MPOLY', 'TPC_MPOLY', 'TPC_NONE', 'SBX_MNUF', 'TPC_NONE', 'UC_NONE', 'TPC_NONE', 'SBX_MPOLY', 'TPC_NONE', 'SPC_NONE', 'TPC_NONE', 'UC_NONE', 'UC_NONE', 'TPC_NONE', 'NONE_MPOLY', 'SBX_MPOLY', 'TPC_NONE', 'UC_NONE', 'UC_MPOLY', 'SPC_NONE', 'TPC_MPOLY', 'SPC_NONE', 'SPC_NONE', 'UC_NONE', 'SPC_NONE', 'UC_NONE', 'SBX_MPOLY', 'TPC_NONE', 'TPC_NONE', 'UC_NONE', 'SPC_NONE', 'UC_NONE', 'UC_NONE', 'SPC_NONE', 'UC_MPOLY', 'UC_NONE', 'SPC_NONE', 'TPC_NONE', 'TPC_NONE', 'TPC_NONE', 'UC_NONE', 'UC_NONE', 'TPC_NONE', 'UC_NONE', 'SPC_NONE', 'TPC_NONE', 'TPC_NONE', 'TPC_NONE', 'UC_NONE', 'UC_NONE', 'TPC_NONE', 'TPC_NONE', 'SPC_NONE', 'UC_NONE', 'SBX_NONE', 'SPC_NONE', 'UC_NONE', 'SPC_NONE', 'SPC_NONE', 'UC_NONE', 'UC_NONE', 'UC_NONE', 'UC_NONE', 'TPC_NONE', 'SPC_NONE', 'TPC_NONE', 'UC_NONE', 'TPC_NONE']","{'SBX_MNUF': 2, 'SBX_MPOLY': 4, 'TPC_MPOLY': 2, 'TPC_NONE': 21, 'UC_NONE': 22, 'SPC_NONE': 14, 'NONE_MPOLY': 1, 'UC_MPOLY': 2, 'SBX_NONE': 1}"
29,70,UC,NONE,0.6864669297788581,0.0365877293284114,598842091.52,482048337.3311367,1759863.2,1253087.9496943222,0.7425626524829124,-2.162517676185249e-05,0.0,0.0,GREEDY_HV,"['SPC_MBFLIP', 'SBX_MNUF', 'SBX_MPOLY', 'TPC_MPOLY', 'TPC_NONE', 'SBX_MNUF', 'TPC_NONE', 'UC_NONE', 'TPC_NONE', 'SBX_MPOLY', 'TPC_NONE', 'SPC_NONE', 'TPC_NONE', 'UC_NONE', 'UC_NONE', 'TPC_NONE', 'NONE_MPOLY', 'SBX_MPOLY', 'TPC_NONE', 'UC_NONE', 'UC_MPOLY', 'SPC_NONE', 'TPC_MPOLY', 'SPC_NONE', 'SPC_NONE', 'UC_NONE', 'SPC_NONE', 'UC_NONE', 'SBX_MPOLY', 'TPC_NONE', 'TPC_NONE', 'UC_NONE', 'SPC_NONE', 'UC_NONE', 'UC_NONE', 'SPC_NONE', 'UC_MPOLY', 'UC_NONE', 'SPC_NONE', 'TPC_NONE', 'TPC_NONE', 'TPC_NONE', 'UC_NONE', 'UC_NONE', 'TPC_NONE', 'UC_NONE', 'SPC_NONE', 'TPC_NONE', 'TPC_NONE', 'TPC_NONE', 'UC_NONE', 'UC_NONE', 'TPC_NONE', 'TPC_NONE', 'SPC_NONE', 'UC_NONE', 'SBX_NONE', 'SPC_NONE', 'UC_NONE', 'SPC_NONE', 'SPC_NONE', 'UC_NONE', 'UC_NONE', 'UC_NONE', 'UC_NONE', 'TPC_NONE', 'SPC_NONE', 'TPC_NONE', 'UC_NONE', 'TPC_NONE', 'UC_NONE']","{'SBX_MNUF': 2, 'SBX_MPOLY': 4, 'TPC_MPOLY': 2, 'TPC_NONE': 21, 'UC_NONE': 23, 'SPC_NONE': 14, 'NONE_MPOLY': 1, 'UC_MPOLY': 2, 'SBX_NONE': 1}"
29,71,TPC,NONE,0.6865354885849849,0.0369093392459311,594698480.64,494456183.270348,1808281.76,1268803.2201311372,0.7425659796065129,3.327123600516124e-06,0.0,0.0,GREEDY_HV,"['SPC_MBFLIP', 'SBX_MNUF', 'SBX_MPOLY', 'TPC_MPOLY', 'TPC_NONE', 'SBX_MNUF', 'TPC_NONE', 'UC_NONE', 'TPC_NONE', 'SBX_MPOLY', 'TPC_NONE', 'SPC_NONE', 'TPC_NONE', 'UC_NONE', 'UC_NONE', 'TPC_NONE', 'NONE_MPOLY', 'SBX_MPOLY', 'TPC_NONE', 'UC_NONE', 'UC_MPOLY', 'SPC_NONE', 'TPC_MPOLY', 'SPC_NONE', 'SPC_NONE', 'UC_NONE', 'SPC_NONE', 'UC_NONE', 'SBX_MPOLY', 'TPC_NONE', 'TPC_NONE', 'UC_NONE', 'SPC_NONE', 'UC_NONE', 'UC_NONE', 'SPC_NONE', 'UC_MPOLY', 'UC_NONE', 'SPC_NONE', 'TPC_NONE', 'TPC_NONE', 'TPC_NONE', 'UC_NONE', 'UC_NONE', 'TPC_NONE', 'UC_NONE', 'SPC_NONE', 'TPC_NONE', 'TPC_NONE', 'TPC_NONE', 'UC_NONE', 'UC_NONE', 'TPC_NONE', 'TPC_NONE', 'SPC_NONE', 'UC_NONE', 'SBX_NONE', 'SPC_NONE', 'UC_NONE', 'SPC_NONE', 'SPC_NONE', 'UC_NONE', 'UC_NONE', 'UC_NONE', 'UC_NONE', 'TPC_NONE', 'SPC_NONE', 'TPC_NONE', 'UC_NONE', 'TPC_NONE', 'UC_NONE', 'TPC_NONE']","{'SBX_MNUF': 2, 'SBX_MPOLY': 4, 'TPC_MPOLY': 2, 'TPC_NONE': 22, 'UC_NONE': 23, 'SPC_NONE': 14, 'NONE_MPOLY': 1, 'UC_MPOLY': 2, 'SBX_NONE': 1}"
29,72,TPC,NONE,0.6862125263670927,0.0368704575487571,604824299.52,512567199.8252472,1796793.76,1272429.0281565655,0.7425574965058821,-8.483100630840568e-06,0.0,0.0,GREEDY_HV,"['SPC_MBFLIP', 'SBX_MNUF', 'SBX_MPOLY', 'TPC_MPOLY', 'TPC_NONE', 'SBX_MNUF', 'TPC_NONE', 'UC_NONE', 'TPC_NONE', 'SBX_MPOLY', 'TPC_NONE', 'SPC_NONE', 'TPC_NONE', 'UC_NONE', 'UC_NONE', 'TPC_NONE', 'NONE_MPOLY', 'SBX_MPOLY', 'TPC_NONE', 'UC_NONE', 'UC_MPOLY', 'SPC_NONE', 'TPC_MPOLY', 'SPC_NONE', 'SPC_NONE', 'UC_NONE', 'SPC_NONE', 'UC_NONE', 'SBX_MPOLY', 'TPC_NONE', 'TPC_NONE', 'UC_NONE', 'SPC_NONE', 'UC_NONE', 'UC_NONE', 'SPC_NONE', 'UC_MPOLY', 'UC_NONE', 'SPC_NONE', 'TPC_NONE', 'TPC_NONE', 'TPC_NONE', 'UC_NONE', 'UC_NONE', 'TPC_NONE', 'UC_NONE', 'SPC_NONE', 'TPC_NONE', 'TPC_NONE', 'TPC_NONE', 'UC_NONE', 'UC_NONE', 'TPC_NONE', 'TPC_NONE', 'SPC_NONE', 'UC_NONE', 'SBX_NONE', 'SPC_NONE', 'UC_NONE', 'SPC_NONE', 'SPC_NONE', 'UC_NONE', 'UC_NONE', 'UC_NONE', 'UC_NONE', 'TPC_NONE', 'SPC_NONE', 'TPC_NONE', 'UC_NONE', 'TPC_NONE', 'UC_NONE', 'TPC_NONE', 'TPC_NONE']","{'SBX_MNUF': 2, 'SBX_MPOLY': 4, 'TPC_MPOLY': 2, 'TPC_NONE': 23, 'UC_NONE': 23, 'SPC_NONE': 14, 'NONE_MPOLY': 1, 'UC_MPOLY': 2, 'SBX_NONE': 1}"
29,73,SPC,NONE,0.6867798444548783,0.0367735066962643,610352711.68,508170414.50033885,1790885.28,1268018.109019316,0.7425569551759281,-5.413299539736016e-07,0.01,0.0,GREEDY_HV,"['SPC_MBFLIP', 'SBX_MNUF', 'SBX_MPOLY', 'TPC_MPOLY', 'TPC_NONE', 'SBX_MNUF', 'TPC_NONE', 'UC_NONE', 'TPC_NONE', 'SBX_MPOLY', 'TPC_NONE', 'SPC_NONE', 'TPC_NONE', 'UC_NONE', 'UC_NONE', 'TPC_NONE', 'NONE_MPOLY', 'SBX_MPOLY', 'TPC_NONE', 'UC_NONE', 'UC_MPOLY', 'SPC_NONE', 'TPC_MPOLY', 'SPC_NONE', 'SPC_NONE', 'UC_NONE', 'SPC_NONE', 'UC_NONE', 'SBX_MPOLY', 'TPC_NONE', 'TPC_NONE', 'UC_NONE', 'SPC_NONE', 'UC_NONE', 'UC_NONE', 'SPC_NONE', 'UC_MPOLY', 'UC_NONE', 'SPC_NONE', 'TPC_NONE', 'TPC_NONE', 'TPC_NONE', 'UC_NONE', 'UC_NONE', 'TPC_NONE', 'UC_NONE', 'SPC_NONE', 'TPC_NONE', 'TPC_NONE', 'TPC_NONE', 'UC_NONE', 'UC_NONE', 'TPC_NONE', 'TPC_NONE', 'SPC_NONE', 'UC_NONE', 'SBX_NONE', 'SPC_NONE', 'UC_NONE', 'SPC_NONE', 'SPC_NONE', 'UC_NONE', 'UC_NONE', 'UC_NONE', 'UC_NONE', 'TPC_NONE', 'SPC_NONE', 'TPC_NONE', 'UC_NONE', 'TPC_NONE', 'UC_NONE', 'TPC_NONE', 'TPC_NONE', 'SPC_NONE']","{'SBX_MNUF': 2, 'SBX_MPOLY': 4, 'TPC_MPOLY': 2, 'TPC_NONE': 23, 'UC_NONE': 23, 'SPC_NONE': 15, 'NONE_MPOLY': 1, 'UC_MPOLY': 2, 'SBX_NONE': 1}"
29,74,SPC,NONE,0.6864196530719316,0.0369724560915004,561105520.64,474359773.861834,1792018.08,1273127.6154248146,0.7425480706216268,-8.884554301369363e-06,0.0,0.0,GREEDY_HV,"['SPC_MBFLIP', 'SBX_MNUF', 'SBX_MPOLY', 'TPC_MPOLY', 'TPC_NONE', 'SBX_MNUF', 'TPC_NONE', 'UC_NONE', 'TPC_NONE', 'SBX_MPOLY', 'TPC_NONE', 'SPC_NONE', 'TPC_NONE', 'UC_NONE', 'UC_NONE', 'TPC_NONE', 'NONE_MPOLY', 'SBX_MPOLY', 'TPC_NONE', 'UC_NONE', 'UC_MPOLY', 'SPC_NONE', 'TPC_MPOLY', 'SPC_NONE', 'SPC_NONE', 'UC_NONE', 'SPC_NONE', 'UC_NONE', 'SBX_MPOLY', 'TPC_NONE', 'TPC_NONE', 'UC_NONE', 'SPC_NONE', 'UC_NONE', 'UC_NONE', 'SPC_NONE', 'UC_MPOLY', 'UC_NONE', 'SPC_NONE', 'TPC_NONE', 'TPC_NONE', 'TPC_NONE', 'UC_NONE', 'UC_NONE', 'TPC_NONE', 'UC_NONE', 'SPC_NONE', 'TPC_NONE', 'TPC_NONE', 'TPC_NONE', 'UC_NONE', 'UC_NONE', 'TPC_NONE', 'TPC_NONE', 'SPC_NONE', 'UC_NONE', 'SBX_NONE', 'SPC_NONE', 'UC_NONE', 'SPC_NONE', 'SPC_NONE', 'UC_NONE', 'UC_NONE', 'UC_NONE', 'UC_NONE', 'TPC_NONE', 'SPC_NONE', 'TPC_NONE', 'UC_NONE', 'TPC_NONE', 'UC_NONE', 'TPC_NONE', 'TPC_NONE', 'SPC_NONE', 'SPC_NONE']","{'SBX_MNUF': 2, 'SBX_MPOLY': 4, 'TPC_MPOLY': 2, 'TPC_NONE': 23, 'UC_NONE': 23, 'SPC_NONE': 16, 'NONE_MPOLY': 1, 'UC_MPOLY': 2, 'SBX_NONE': 1}"
29,75,UC,MPOLY,0.6862875785248036,0.0369218788620692,551611873.28,465623624.4523789,1790269.6,1277259.037635326,0.7424745822811695,-7.348834045728392e-05,0.01,0.005,GREEDY_HV,"['SPC_MBFLIP', 'SBX_MNUF', 'SBX_MPOLY', 'TPC_MPOLY', 'TPC_NONE', 'SBX_MNUF', 'TPC_NONE', 'UC_NONE', 'TPC_NONE', 'SBX_MPOLY', 'TPC_NONE', 'SPC_NONE', 'TPC_NONE', 'UC_NONE', 'UC_NONE', 'TPC_NONE', 'NONE_MPOLY', 'SBX_MPOLY', 'TPC_NONE', 'UC_NONE', 'UC_MPOLY', 'SPC_NONE', 'TPC_MPOLY', 'SPC_NONE', 'SPC_NONE', 'UC_NONE', 'SPC_NONE', 'UC_NONE', 'SBX_MPOLY', 'TPC_NONE', 'TPC_NONE', 'UC_NONE', 'SPC_NONE', 'UC_NONE', 'UC_NONE', 'SPC_NONE', 'UC_MPOLY', 'UC_NONE', 'SPC_NONE', 'TPC_NONE', 'TPC_NONE', 'TPC_NONE', 'UC_NONE', 'UC_NONE', 'TPC_NONE', 'UC_NONE', 'SPC_NONE', 'TPC_NONE', 'TPC_NONE', 'TPC_NONE', 'UC_NONE', 'UC_NONE', 'TPC_NONE', 'TPC_NONE', 'SPC_NONE', 'UC_NONE', 'SBX_NONE', 'SPC_NONE', 'UC_NONE', 'SPC_NONE', 'SPC_NONE', 'UC_NONE', 'UC_NONE', 'UC_NONE', 'UC_NONE', 'TPC_NONE', 'SPC_NONE', 'TPC_NONE', 'UC_NONE', 'TPC_NONE', 'UC_NONE', 'TPC_NONE', 'TPC_NONE', 'SPC_NONE', 'SPC_NONE', 'UC_MPOLY']","{'SBX_MNUF': 2, 'SBX_MPOLY': 4, 'TPC_MPOLY': 2, 'TPC_NONE': 23, 'UC_NONE': 23, 'SPC_NONE': 16, 'NONE_MPOLY': 1, 'UC_MPOLY': 3, 'SBX_NONE': 1}"
29,76,TPC,NONE,0.6860178973587928,0.0369848137314416,555978772.48,481683412.908586,1805798.56,1263958.466199078,0.7425159422175107,4.135993634124535e-05,0.0,0.0,GREEDY_HV,"['SPC_MBFLIP', 'SBX_MNUF', 'SBX_MPOLY', 'TPC_MPOLY', 'TPC_NONE', 'SBX_MNUF', 'TPC_NONE', 'UC_NONE', 'TPC_NONE', 'SBX_MPOLY', 'TPC_NONE', 'SPC_NONE', 'TPC_NONE', 'UC_NONE', 'UC_NONE', 'TPC_NONE', 'NONE_MPOLY', 'SBX_MPOLY', 'TPC_NONE', 'UC_NONE', 'UC_MPOLY', 'SPC_NONE', 'TPC_MPOLY', 'SPC_NONE', 'SPC_NONE', 'UC_NONE', 'SPC_NONE', 'UC_NONE', 'SBX_MPOLY', 'TPC_NONE', 'TPC_NONE', 'UC_NONE', 'SPC_NONE', 'UC_NONE', 'UC_NONE', 'SPC_NONE', 'UC_MPOLY', 'UC_NONE', 'SPC_NONE', 'TPC_NONE', 'TPC_NONE', 'TPC_NONE', 'UC_NONE', 'UC_NONE', 'TPC_NONE', 'UC_NONE', 'SPC_NONE', 'TPC_NONE', 'TPC_NONE', 'TPC_NONE', 'UC_NONE', 'UC_NONE', 'TPC_NONE', 'TPC_NONE', 'SPC_NONE', 'UC_NONE', 'SBX_NONE', 'SPC_NONE', 'UC_NONE', 'SPC_NONE', 'SPC_NONE', 'UC_NONE', 'UC_NONE', 'UC_NONE', 'UC_NONE', 'TPC_NONE', 'SPC_NONE', 'TPC_NONE', 'UC_NONE', 'TPC_NONE', 'UC_NONE', 'TPC_NONE', 'TPC_NONE', 'SPC_NONE', 'SPC_NONE', 'UC_MPOLY', 'TPC_NONE']","{'SBX_MNUF': 2, 'SBX_MPOLY': 4, 'TPC_MPOLY': 2, 'TPC_NONE': 24, 'UC_NONE': 23, 'SPC_NONE': 16, 'NONE_MPOLY': 1, 'UC_MPOLY': 3, 'SBX_NONE': 1}"
29,77,TPC,NONE,0.6859274512105696,0.0366854123766978,564475530.24,485817934.65492046,1790272.16,1258216.4787163036,0.7424606668035859,-5.527541392480462e-05,0.0,0.0,GREEDY_HV,"['SPC_MBFLIP', 'SBX_MNUF', 'SBX_MPOLY', 'TPC_MPOLY', 'TPC_NONE', 'SBX_MNUF', 'TPC_NONE', 'UC_NONE', 'TPC_NONE', 'SBX_MPOLY', 'TPC_NONE', 'SPC_NONE', 'TPC_NONE', 'UC_NONE', 'UC_NONE', 'TPC_NONE', 'NONE_MPOLY', 'SBX_MPOLY', 'TPC_NONE', 'UC_NONE', 'UC_MPOLY', 'SPC_NONE', 'TPC_MPOLY', 'SPC_NONE', 'SPC_NONE', 'UC_NONE', 'SPC_NONE', 'UC_NONE', 'SBX_MPOLY', 'TPC_NONE', 'TPC_NONE', 'UC_NONE', 'SPC_NONE', 'UC_NONE', 'UC_NONE', 'SPC_NONE', 'UC_MPOLY', 'UC_NONE', 'SPC_NONE', 'TPC_NONE', 'TPC_NONE', 'TPC_NONE', 'UC_NONE', 'UC_NONE', 'TPC_NONE', 'UC_NONE', 'SPC_NONE', 'TPC_NONE', 'TPC_NONE', 'TPC_NONE', 'UC_NONE', 'UC_NONE', 'TPC_NONE', 'TPC_NONE', 'SPC_NONE', 'UC_NONE', 'SBX_NONE', 'SPC_NONE', 'UC_NONE', 'SPC_NONE', 'SPC_NONE', 'UC_NONE', 'UC_NONE', 'UC_NONE', 'UC_NONE', 'TPC_NONE', 'SPC_NONE', 'TPC_NONE', 'UC_NONE', 'TPC_NONE', 'UC_NONE', 'TPC_NONE', 'TPC_NONE', 'SPC_NONE', 'SPC_NONE', 'UC_MPOLY', 'TPC_NONE', 'TPC_NONE']","{'SBX_MNUF': 2, 'SBX_MPOLY': 4, 'TPC_MPOLY': 2, 'TPC_NONE': 25, 'UC_NONE': 23, 'SPC_NONE': 16, 'NONE_MPOLY': 1, 'UC_MPOLY': 3, 'SBX_NONE': 1}"
29,78,TPC,NONE,0.6865270779660233,0.037010062608182,569169187.84,489908618.8224574,1794826.4,1259028.6313071677,0.7424999882027157,3.932139912976584e-05,0.0,0.0,GREEDY_HV,"['SPC_MBFLIP', 'SBX_MNUF', 'SBX_MPOLY', 'TPC_MPOLY', 'TPC_NONE', 'SBX_MNUF', 'TPC_NONE', 'UC_NONE', 'TPC_NONE', 'SBX_MPOLY', 'TPC_NONE', 'SPC_NONE', 'TPC_NONE', 'UC_NONE', 'UC_NONE', 'TPC_NONE', 'NONE_MPOLY', 'SBX_MPOLY', 'TPC_NONE', 'UC_NONE', 'UC_MPOLY', 'SPC_NONE', 'TPC_MPOLY', 'SPC_NONE', 'SPC_NONE', 'UC_NONE', 'SPC_NONE', 'UC_NONE', 'SBX_MPOLY', 'TPC_NONE', 'TPC_NONE', 'UC_NONE', 'SPC_NONE', 'UC_NONE', 'UC_NONE', 'SPC_NONE', 'UC_MPOLY', 'UC_NONE', 'SPC_NONE', 'TPC_NONE', 'TPC_NONE', 'TPC_NONE', 'UC_NONE', 'UC_NONE', 'TPC_NONE', 'UC_NONE', 'SPC_NONE', 'TPC_NONE', 'TPC_NONE', 'TPC_NONE', 'UC_NONE', 'UC_NONE', 'TPC_NONE', 'TPC_NONE', 'SPC_NONE', 'UC_NONE', 'SBX_NONE', 'SPC_NONE', 'UC_NONE', 'SPC_NONE', 'SPC_NONE', 'UC_NONE', 'UC_NONE', 'UC_NONE', 'UC_NONE', 'TPC_NONE', 'SPC_NONE', 'TPC_NONE', 'UC_NONE', 'TPC_NONE', 'UC_NONE', 'TPC_NONE', 'TPC_NONE', 'SPC_NONE', 'SPC_NONE', 'UC_MPOLY', 'TPC_NONE', 'TPC_NONE', 'TPC_NONE']","{'SBX_MNUF': 2, 'SBX_MPOLY': 4, 'TPC_MPOLY': 2, 'TPC_NONE': 26, 'UC_NONE': 23, 'SPC_NONE': 16, 'NONE_MPOLY': 1, 'UC_MPOLY': 3, 'SBX_NONE': 1}"
29,79,TPC,NONE,0.6872518545111174,0.0370417695930496,562276920.32,474373282.4305039,1850555.04,1260918.038982724,0.7425096804966587,9.692293942986652e-06,0.0,0.0,GREEDY_HV,"['SPC_MBFLIP', 'SBX_MNUF', 'SBX_MPOLY', 'TPC_MPOLY', 'TPC_NONE', 'SBX_MNUF', 'TPC_NONE', 'UC_NONE', 'TPC_NONE', 'SBX_MPOLY', 'TPC_NONE', 'SPC_NONE', 'TPC_NONE', 'UC_NONE', 'UC_NONE', 'TPC_NONE', 'NONE_MPOLY', 'SBX_MPOLY', 'TPC_NONE', 'UC_NONE', 'UC_MPOLY', 'SPC_NONE', 'TPC_MPOLY', 'SPC_NONE', 'SPC_NONE', 'UC_NONE', 'SPC_NONE', 'UC_NONE', 'SBX_MPOLY', 'TPC_NONE', 'TPC_NONE', 'UC_NONE', 'SPC_NONE', 'UC_NONE', 'UC_NONE', 'SPC_NONE', 'UC_MPOLY', 'UC_NONE', 'SPC_NONE', 'TPC_NONE', 'TPC_NONE', 'TPC_NONE', 'UC_NONE', 'UC_NONE', 'TPC_NONE', 'UC_NONE', 'SPC_NONE', 'TPC_NONE', 'TPC_NONE', 'TPC_NONE', 'UC_NONE', 'UC_NONE', 'TPC_NONE', 'TPC_NONE', 'SPC_NONE', 'UC_NONE', 'SBX_NONE', 'SPC_NONE', 'UC_NONE', 'SPC_NONE', 'SPC_NONE', 'UC_NONE', 'UC_NONE', 'UC_NONE', 'UC_NONE', 'TPC_NONE', 'SPC_NONE', 'TPC_NONE', 'UC_NONE', 'TPC_NONE', 'UC_NONE', 'TPC_NONE', 'TPC_NONE', 'SPC_NONE', 'SPC_NONE', 'UC_MPOLY', 'TPC_NONE', 'TPC_NONE', 'TPC_NONE', 'TPC_NONE']","{'SBX_MNUF': 2, 'SBX_MPOLY': 4, 'TPC_MPOLY': 2, 'TPC_NONE': 27, 'UC_NONE': 23, 'SPC_NONE': 16, 'NONE_MPOLY': 1, 'UC_MPOLY': 3, 'SBX_NONE': 1}"
29,80,UC,NONE,0.686285152034624,0.0368040122284575,554540416.0,473756723.5110658,1765309.6,1249544.5607082285,0.742528778468424,1.9097971765358324e-05,0.0,0.0,GREEDY_HV,"['SPC_MBFLIP', 'SBX_MNUF', 'SBX_MPOLY', 'TPC_MPOLY', 'TPC_NONE', 'SBX_MNUF', 'TPC_NONE', 'UC_NONE', 'TPC_NONE', 'SBX_MPOLY', 'TPC_NONE', 'SPC_NONE', 'TPC_NONE', 'UC_NONE', 'UC_NONE', 'TPC_NONE', 'NONE_MPOLY', 'SBX_MPOLY', 'TPC_NONE', 'UC_NONE', 'UC_MPOLY', 'SPC_NONE', 'TPC_MPOLY', 'SPC_NONE', 'SPC_NONE', 'UC_NONE', 'SPC_NONE', 'UC_NONE', 'SBX_MPOLY', 'TPC_NONE', 'TPC_NONE', 'UC_NONE', 'SPC_NONE', 'UC_NONE', 'UC_NONE', 'SPC_NONE', 'UC_MPOLY', 'UC_NONE', 'SPC_NONE', 'TPC_NONE', 'TPC_NONE', 'TPC_NONE', 'UC_NONE', 'UC_NONE', 'TPC_NONE', 'UC_NONE', 'SPC_NONE', 'TPC_NONE', 'TPC_NONE', 'TPC_NONE', 'UC_NONE', 'UC_NONE', 'TPC_NONE', 'TPC_NONE', 'SPC_NONE', 'UC_NONE', 'SBX_NONE', 'SPC_NONE', 'UC_NONE', 'SPC_NONE', 'SPC_NONE', 'UC_NONE', 'UC_NONE', 'UC_NONE', 'UC_NONE', 'TPC_NONE', 'SPC_NONE', 'TPC_NONE', 'UC_NONE', 'TPC_NONE', 'UC_NONE', 'TPC_NONE', 'TPC_NONE', 'SPC_NONE', 'SPC_NONE', 'UC_MPOLY', 'TPC_NONE', 'TPC_NONE', 'TPC_NONE', 'TPC_NONE', 'UC_NONE']","{'SBX_MNUF': 2, 'SBX_MPOLY': 4, 'TPC_MPOLY': 2, 'TPC_NONE': 27, 'UC_NONE': 24, 'SPC_NONE': 16, 'NONE_MPOLY': 1, 'UC_MPOLY': 3, 'SBX_NONE': 1}"
29,81,UC,NONE,0.686477639615154,0.0366687848593875,562335943.68,485941192.4254768,1786320.8,1233488.5864084845,0.7425576294473883,2.8850978964323204e-05,0.0,0.0,GREEDY_HV,"['SPC_MBFLIP', 'SBX_MNUF', 'SBX_MPOLY', 'TPC_MPOLY', 'TPC_NONE', 'SBX_MNUF', 'TPC_NONE', 'UC_NONE', 'TPC_NONE', 'SBX_MPOLY', 'TPC_NONE', 'SPC_NONE', 'TPC_NONE', 'UC_NONE', 'UC_NONE', 'TPC_NONE', 'NONE_MPOLY', 'SBX_MPOLY', 'TPC_NONE', 'UC_NONE', 'UC_MPOLY', 'SPC_NONE', 'TPC_MPOLY', 'SPC_NONE', 'SPC_NONE', 'UC_NONE', 'SPC_NONE', 'UC_NONE', 'SBX_MPOLY', 'TPC_NONE', 'TPC_NONE', 'UC_NONE', 'SPC_NONE', 'UC_NONE', 'UC_NONE', 'SPC_NONE', 'UC_MPOLY', 'UC_NONE', 'SPC_NONE', 'TPC_NONE', 'TPC_NONE', 'TPC_NONE', 'UC_NONE', 'UC_NONE', 'TPC_NONE', 'UC_NONE', 'SPC_NONE', 'TPC_NONE', 'TPC_NONE', 'TPC_NONE', 'UC_NONE', 'UC_NONE', 'TPC_NONE', 'TPC_NONE', 'SPC_NONE', 'UC_NONE', 'SBX_NONE', 'SPC_NONE', 'UC_NONE', 'SPC_NONE', 'SPC_NONE', 'UC_NONE', 'UC_NONE', 'UC_NONE', 'UC_NONE', 'TPC_NONE', 'SPC_NONE', 'TPC_NONE', 'UC_NONE', 'TPC_NONE', 'UC_NONE', 'TPC_NONE', 'TPC_NONE', 'SPC_NONE', 'SPC_NONE', 'UC_MPOLY', 'TPC_NONE', 'TPC_NONE', 'TPC_NONE', 'TPC_NONE', 'UC_NONE', 'UC_NONE']","{'SBX_MNUF': 2, 'SBX_MPOLY': 4, 'TPC_MPOLY': 2, 'TPC_NONE': 27, 'UC_NONE': 25, 'SPC_NONE': 16, 'NONE_MPOLY': 1, 'UC_MPOLY': 3, 'SBX_NONE': 1}"
29,82,TPC,NONE,0.6867568390085955,0.0371856608393882,601746201.6,509863011.7278989,1772699.04,1238744.9046616976,0.7425509462839788,-6.68316340957098e-06,0.0,0.0,GREEDY_HV,"['SPC_MBFLIP', 'SBX_MNUF', 'SBX_MPOLY', 'TPC_MPOLY', 'TPC_NONE', 'SBX_MNUF', 'TPC_NONE', 'UC_NONE', 'TPC_NONE', 'SBX_MPOLY', 'TPC_NONE', 'SPC_NONE', 'TPC_NONE', 'UC_NONE', 'UC_NONE', 'TPC_NONE', 'NONE_MPOLY', 'SBX_MPOLY', 'TPC_NONE', 'UC_NONE', 'UC_MPOLY', 'SPC_NONE', 'TPC_MPOLY', 'SPC_NONE', 'SPC_NONE', 'UC_NONE', 'SPC_NONE', 'UC_NONE', 'SBX_MPOLY', 'TPC_NONE', 'TPC_NONE', 'UC_NONE', 'SPC_NONE', 'UC_NONE', 'UC_NONE', 'SPC_NONE', 'UC_MPOLY', 'UC_NONE', 'SPC_NONE', 'TPC_NONE', 'TPC_NONE', 'TPC_NONE', 'UC_NONE', 'UC_NONE', 'TPC_NONE', 'UC_NONE', 'SPC_NONE', 'TPC_NONE', 'TPC_NONE', 'TPC_NONE', 'UC_NONE', 'UC_NONE', 'TPC_NONE', 'TPC_NONE', 'SPC_NONE', 'UC_NONE', 'SBX_NONE', 'SPC_NONE', 'UC_NONE', 'SPC_NONE', 'SPC_NONE', 'UC_NONE', 'UC_NONE', 'UC_NONE', 'UC_NONE', 'TPC_NONE', 'SPC_NONE', 'TPC_NONE', 'UC_NONE', 'TPC_NONE', 'UC_NONE', 'TPC_NONE', 'TPC_NONE', 'SPC_NONE', 'SPC_NONE', 'UC_MPOLY', 'TPC_NONE', 'TPC_NONE', 'TPC_NONE', 'TPC_NONE', 'UC_NONE', 'UC_NONE', 'TPC_NONE']","{'SBX_MNUF': 2, 'SBX_MPOLY': 4, 'TPC_MPOLY': 2, 'TPC_NONE': 28, 'UC_NONE': 25, 'SPC_NONE': 16, 'NONE_MPOLY': 1, 'UC_MPOLY': 3, 'SBX_NONE': 1}"
29,83,UC,NONE,0.6859434697147418,0.0368925453287903,567929390.08,500472613.3000989,1720324.0,1234465.3109234297,0.7425869018051088,3.595552113000444e-05,0.0,0.0,GREEDY_HV,"['SPC_MBFLIP', 'SBX_MNUF', 'SBX_MPOLY', 'TPC_MPOLY', 'TPC_NONE', 'SBX_MNUF', 'TPC_NONE', 'UC_NONE', 'TPC_NONE', 'SBX_MPOLY', 'TPC_NONE', 'SPC_NONE', 'TPC_NONE', 'UC_NONE', 'UC_NONE', 'TPC_NONE', 'NONE_MPOLY', 'SBX_MPOLY', 'TPC_NONE', 'UC_NONE', 'UC_MPOLY', 'SPC_NONE', 'TPC_MPOLY', 'SPC_NONE', 'SPC_NONE', 'UC_NONE', 'SPC_NONE', 'UC_NONE', 'SBX_MPOLY', 'TPC_NONE', 'TPC_NONE', 'UC_NONE', 'SPC_NONE', 'UC_NONE', 'UC_NONE', 'SPC_NONE', 'UC_MPOLY', 'UC_NONE', 'SPC_NONE', 'TPC_NONE', 'TPC_NONE', 'TPC_NONE', 'UC_NONE', 'UC_NONE', 'TPC_NONE', 'UC_NONE', 'SPC_NONE', 'TPC_NONE', 'TPC_NONE', 'TPC_NONE', 'UC_NONE', 'UC_NONE', 'TPC_NONE', 'TPC_NONE', 'SPC_NONE', 'UC_NONE', 'SBX_NONE', 'SPC_NONE', 'UC_NONE', 'SPC_NONE', 'SPC_NONE', 'UC_NONE', 'UC_NONE', 'UC_NONE', 'UC_NONE', 'TPC_NONE', 'SPC_NONE', 'TPC_NONE', 'UC_NONE', 'TPC_NONE', 'UC_NONE', 'TPC_NONE', 'TPC_NONE', 'SPC_NONE', 'SPC_NONE', 'UC_MPOLY', 'TPC_NONE', 'TPC_NONE', 'TPC_NONE', 'TPC_NONE', 'UC_NONE', 'UC_NONE', 'TPC_NONE', 'UC_NONE']","{'SBX_MNUF': 2, 'SBX_MPOLY': 4, 'TPC_MPOLY': 2, 'TPC_NONE': 28, 'UC_NONE': 26, 'SPC_NONE': 16, 'NONE_MPOLY': 1, 'UC_MPOLY': 3, 'SBX_NONE': 1}"
29,84,UC,NONE,0.6872447477956685,0.0376107399677555,602331683.84,517800632.3431407,1775169.44,1219793.5312003612,0.7425735870008686,-1.331480424016096e-05,0.0,0.0,GREEDY_HV,"['SPC_MBFLIP', 'SBX_MNUF', 'SBX_MPOLY', 'TPC_MPOLY', 'TPC_NONE', 'SBX_MNUF', 'TPC_NONE', 'UC_NONE', 'TPC_NONE', 'SBX_MPOLY', 'TPC_NONE', 'SPC_NONE', 'TPC_NONE', 'UC_NONE', 'UC_NONE', 'TPC_NONE', 'NONE_MPOLY', 'SBX_MPOLY', 'TPC_NONE', 'UC_NONE', 'UC_MPOLY', 'SPC_NONE', 'TPC_MPOLY', 'SPC_NONE', 'SPC_NONE', 'UC_NONE', 'SPC_NONE', 'UC_NONE', 'SBX_MPOLY', 'TPC_NONE', 'TPC_NONE', 'UC_NONE', 'SPC_NONE', 'UC_NONE', 'UC_NONE', 'SPC_NONE', 'UC_MPOLY', 'UC_NONE', 'SPC_NONE', 'TPC_NONE', 'TPC_NONE', 'TPC_NONE', 'UC_NONE', 'UC_NONE', 'TPC_NONE', 'UC_NONE', 'SPC_NONE', 'TPC_NONE', 'TPC_NONE', 'TPC_NONE', 'UC_NONE', 'UC_NONE', 'TPC_NONE', 'TPC_NONE', 'SPC_NONE', 'UC_NONE', 'SBX_NONE', 'SPC_NONE', 'UC_NONE', 'SPC_NONE', 'SPC_NONE', 'UC_NONE', 'UC_NONE', 'UC_NONE', 'UC_NONE', 'TPC_NONE', 'SPC_NONE', 'TPC_NONE', 'UC_NONE', 'TPC_NONE', 'UC_NONE', 'TPC_NONE', 'TPC_NONE', 'SPC_NONE', 'SPC_NONE', 'UC_MPOLY', 'TPC_NONE', 'TPC_NONE', 'TPC_NONE', 'TPC_NONE', 'UC_NONE', 'UC_NONE', 'TPC_NONE', 'UC_NONE', 'UC_NONE']","{'SBX_MNUF': 2, 'SBX_MPOLY': 4, 'TPC_MPOLY': 2, 'TPC_NONE': 28, 'UC_NONE': 27, 'SPC_NONE': 16, 'NONE_MPOLY': 1, 'UC_MPOLY': 3, 'SBX_NONE': 1}"
29,85,UC,NONE,0.6858856856318782,0.0372074800870663,563607285.76,501426147.65780246,1702832.8,1241754.463760884,0.7425508403339308,-2.2746666937800697e-05,0.0,0.0,GREEDY_HV,"['SPC_MBFLIP', 'SBX_MNUF', 'SBX_MPOLY', 'TPC_MPOLY', 'TPC_NONE', 'SBX_MNUF', 'TPC_NONE', 'UC_NONE', 'TPC_NONE', 'SBX_MPOLY', 'TPC_NONE', 'SPC_NONE', 'TPC_NONE', 'UC_NONE', 'UC_NONE', 'TPC_NONE', 'NONE_MPOLY', 'SBX_MPOLY', 'TPC_NONE', 'UC_NONE', 'UC_MPOLY', 'SPC_NONE', 'TPC_MPOLY', 'SPC_NONE', 'SPC_NONE', 'UC_NONE', 'SPC_NONE', 'UC_NONE', 'SBX_MPOLY', 'TPC_NONE', 'TPC_NONE', 'UC_NONE', 'SPC_NONE', 'UC_NONE', 'UC_NONE', 'SPC_NONE', 'UC_MPOLY', 'UC_NONE', 'SPC_NONE', 'TPC_NONE', 'TPC_NONE', 'TPC_NONE', 'UC_NONE', 'UC_NONE', 'TPC_NONE', 'UC_NONE', 'SPC_NONE', 'TPC_NONE', 'TPC_NONE', 'TPC_NONE', 'UC_NONE', 'UC_NONE', 'TPC_NONE', 'TPC_NONE', 'SPC_NONE', 'UC_NONE', 'SBX_NONE', 'SPC_NONE', 'UC_NONE', 'SPC_NONE', 'SPC_NONE', 'UC_NONE', 'UC_NONE', 'UC_NONE', 'UC_NONE', 'TPC_NONE', 'SPC_NONE', 'TPC_NONE', 'UC_NONE', 'TPC_NONE', 'UC_NONE', 'TPC_NONE', 'TPC_NONE', 'SPC_NONE', 'SPC_NONE', 'UC_MPOLY', 'TPC_NONE', 'TPC_NONE', 'TPC_NONE', 'TPC_NONE', 'UC_NONE', 'UC_NONE', 'TPC_NONE', 'UC_NONE', 'UC_NONE', 'UC_NONE']","{'SBX_MNUF': 2, 'SBX_MPOLY': 4, 'TPC_MPOLY': 2, 'TPC_NONE': 28, 'UC_NONE': 28, 'SPC_NONE': 16, 'NONE_MPOLY': 1, 'UC_MPOLY': 3, 'SBX_NONE': 1}"
29,86,SPC,NONE,0.6870131221838989,0.0372035627542201,604383626.24,524010402.03973377,1762628.0,1205213.08175416,0.7425883029561962,3.746262226533848e-05,0.0,0.0,GREEDY_HV,"['SPC_MBFLIP', 'SBX_MNUF', 'SBX_MPOLY', 'TPC_MPOLY', 'TPC_NONE', 'SBX_MNUF', 'TPC_NONE', 'UC_NONE', 'TPC_NONE', 'SBX_MPOLY', 'TPC_NONE', 'SPC_NONE', 'TPC_NONE', 'UC_NONE', 'UC_NONE', 'TPC_NONE', 'NONE_MPOLY', 'SBX_MPOLY', 'TPC_NONE', 'UC_NONE', 'UC_MPOLY', 'SPC_NONE', 'TPC_MPOLY', 'SPC_NONE', 'SPC_NONE', 'UC_NONE', 'SPC_NONE', 'UC_NONE', 'SBX_MPOLY', 'TPC_NONE', 'TPC_NONE', 'UC_NONE', 'SPC_NONE', 'UC_NONE', 'UC_NONE', 'SPC_NONE', 'UC_MPOLY', 'UC_NONE', 'SPC_NONE', 'TPC_NONE', 'TPC_NONE', 'TPC_NONE', 'UC_NONE', 'UC_NONE', 'TPC_NONE', 'UC_NONE', 'SPC_NONE', 'TPC_NONE', 'TPC_NONE', 'TPC_NONE', 'UC_NONE', 'UC_NONE', 'TPC_NONE', 'TPC_NONE', 'SPC_NONE', 'UC_NONE', 'SBX_NONE', 'SPC_NONE', 'UC_NONE', 'SPC_NONE', 'SPC_NONE', 'UC_NONE', 'UC_NONE', 'UC_NONE', 'UC_NONE', 'TPC_NONE', 'SPC_NONE', 'TPC_NONE', 'UC_NONE', 'TPC_NONE', 'UC_NONE', 'TPC_NONE', 'TPC_NONE', 'SPC_NONE', 'SPC_NONE', 'UC_MPOLY', 'TPC_NONE', 'TPC_NONE', 'TPC_NONE', 'TPC_NONE', 'UC_NONE', 'UC_NONE', 'TPC_NONE', 'UC_NONE', 'UC_NONE', 'UC_NONE', 'SPC_NONE']","{'SBX_MNUF': 2, 'SBX_MPOLY': 4, 'TPC_MPOLY': 2, 'TPC_NONE': 28, 'UC_NONE': 28, 'SPC_NONE': 17, 'NONE_MPOLY': 1, 'UC_MPOLY': 3, 'SBX_NONE': 1}"
29,87,UC,NONE,0.6874494386601359,0.0370937673938095,602122224.64,519461127.07916987,1751396.0,1200667.1855685571,0.7425819518523942,-6.3511038019825605e-06,0.0,0.0,GREEDY_HV,"['SPC_MBFLIP', 'SBX_MNUF', 'SBX_MPOLY', 'TPC_MPOLY', 'TPC_NONE', 'SBX_MNUF', 'TPC_NONE', 'UC_NONE', 'TPC_NONE', 'SBX_MPOLY', 'TPC_NONE', 'SPC_NONE', 'TPC_NONE', 'UC_NONE', 'UC_NONE', 'TPC_NONE', 'NONE_MPOLY', 'SBX_MPOLY', 'TPC_NONE', 'UC_NONE', 'UC_MPOLY', 'SPC_NONE', 'TPC_MPOLY', 'SPC_NONE', 'SPC_NONE', 'UC_NONE', 'SPC_NONE', 'UC_NONE', 'SBX_MPOLY', 'TPC_NONE', 'TPC_NONE', 'UC_NONE', 'SPC_NONE', 'UC_NONE', 'UC_NONE', 'SPC_NONE', 'UC_MPOLY', 'UC_NONE', 'SPC_NONE', 'TPC_NONE', 'TPC_NONE', 'TPC_NONE', 'UC_NONE', 'UC_NONE', 'TPC_NONE', 'UC_NONE', 'SPC_NONE', 'TPC_NONE', 'TPC_NONE', 'TPC_NONE', 'UC_NONE', 'UC_NONE', 'TPC_NONE', 'TPC_NONE', 'SPC_NONE', 'UC_NONE', 'SBX_NONE', 'SPC_NONE', 'UC_NONE', 'SPC_NONE', 'SPC_NONE', 'UC_NONE', 'UC_NONE', 'UC_NONE', 'UC_NONE', 'TPC_NONE', 'SPC_NONE', 'TPC_NONE', 'UC_NONE', 'TPC_NONE', 'UC_NONE', 'TPC_NONE', 'TPC_NONE', 'SPC_NONE', 'SPC_NONE', 'UC_MPOLY', 'TPC_NONE', 'TPC_NONE', 'TPC_NONE', 'TPC_NONE', 'UC_NONE', 'UC_NONE', 'TPC_NONE', 'UC_NONE', 'UC_NONE', 'UC_NONE', 'SPC_NONE', 'UC_NONE']","{'SBX_MNUF': 2, 'SBX_MPOLY': 4, 'TPC_MPOLY': 2, 'TPC_NONE': 28, 'UC_NONE': 29, 'SPC_NONE': 17, 'NONE_MPOLY': 1, 'UC_MPOLY': 3, 'SBX_NONE': 1}"
29,88,UC,NONE,0.6865392382940796,0.0373065760294567,567818168.32,498078838.4653005,1734689.44,1243901.393894615,0.7426285604797256,4.660862733141258e-05,0.0,0.0,GREEDY_HV,"['SPC_MBFLIP', 'SBX_MNUF', 'SBX_MPOLY', 'TPC_MPOLY', 'TPC_NONE', 'SBX_MNUF', 'TPC_NONE', 'UC_NONE', 'TPC_NONE', 'SBX_MPOLY', 'TPC_NONE', 'SPC_NONE', 'TPC_NONE', 'UC_NONE', 'UC_NONE', 'TPC_NONE', 'NONE_MPOLY', 'SBX_MPOLY', 'TPC_NONE', 'UC_NONE', 'UC_MPOLY', 'SPC_NONE', 'TPC_MPOLY', 'SPC_NONE', 'SPC_NONE', 'UC_NONE', 'SPC_NONE', 'UC_NONE', 'SBX_MPOLY', 'TPC_NONE', 'TPC_NONE', 'UC_NONE', 'SPC_NONE', 'UC_NONE', 'UC_NONE', 'SPC_NONE', 'UC_MPOLY', 'UC_NONE', 'SPC_NONE', 'TPC_NONE', 'TPC_NONE', 'TPC_NONE', 'UC_NONE', 'UC_NONE', 'TPC_NONE', 'UC_NONE', 'SPC_NONE', 'TPC_NONE', 'TPC_NONE', 'TPC_NONE', 'UC_NONE', 'UC_NONE', 'TPC_NONE', 'TPC_NONE', 'SPC_NONE', 'UC_NONE', 'SBX_NONE', 'SPC_NONE', 'UC_NONE', 'SPC_NONE', 'SPC_NONE', 'UC_NONE', 'UC_NONE', 'UC_NONE', 'UC_NONE', 'TPC_NONE', 'SPC_NONE', 'TPC_NONE', 'UC_NONE', 'TPC_NONE', 'UC_NONE', 'TPC_NONE', 'TPC_NONE', 'SPC_NONE', 'SPC_NONE', 'UC_MPOLY', 'TPC_NONE', 'TPC_NONE', 'TPC_NONE', 'TPC_NONE', 'UC_NONE', 'UC_NONE', 'TPC_NONE', 'UC_NONE', 'UC_NONE', 'UC_NONE', 'SPC_NONE', 'UC_NONE', 'UC_NONE']","{'SBX_MNUF': 2, 'SBX_MPOLY': 4, 'TPC_MPOLY': 2, 'TPC_NONE': 28, 'UC_NONE': 30, 'SPC_NONE': 17, 'NONE_MPOLY': 1, 'UC_MPOLY': 3, 'SBX_NONE': 1}"
29,89,TPC,NONE,0.6869138299848241,0.0374548621368493,581018839.04,500662496.4080774,1779193.76,1244013.7788057905,0.7426249077395914,-3.652740134141297e-06,0.0,0.0,GREEDY_HV,"['SPC_MBFLIP', 'SBX_MNUF', 'SBX_MPOLY', 'TPC_MPOLY', 'TPC_NONE', 'SBX_MNUF', 'TPC_NONE', 'UC_NONE', 'TPC_NONE', 'SBX_MPOLY', 'TPC_NONE', 'SPC_NONE', 'TPC_NONE', 'UC_NONE', 'UC_NONE', 'TPC_NONE', 'NONE_MPOLY', 'SBX_MPOLY', 'TPC_NONE', 'UC_NONE', 'UC_MPOLY', 'SPC_NONE', 'TPC_MPOLY', 'SPC_NONE', 'SPC_NONE', 'UC_NONE', 'SPC_NONE', 'UC_NONE', 'SBX_MPOLY', 'TPC_NONE', 'TPC_NONE', 'UC_NONE', 'SPC_NONE', 'UC_NONE', 'UC_NONE', 'SPC_NONE', 'UC_MPOLY', 'UC_NONE', 'SPC_NONE', 'TPC_NONE', 'TPC_NONE', 'TPC_NONE', 'UC_NONE', 'UC_NONE', 'TPC_NONE', 'UC_NONE', 'SPC_NONE', 'TPC_NONE', 'TPC_NONE', 'TPC_NONE', 'UC_NONE', 'UC_NONE', 'TPC_NONE', 'TPC_NONE', 'SPC_NONE', 'UC_NONE', 'SBX_NONE', 'SPC_NONE', 'UC_NONE', 'SPC_NONE', 'SPC_NONE', 'UC_NONE', 'UC_NONE', 'UC_NONE', 'UC_NONE', 'TPC_NONE', 'SPC_NONE', 'TPC_NONE', 'UC_NONE', 'TPC_NONE', 'UC_NONE', 'TPC_NONE', 'TPC_NONE', 'SPC_NONE', 'SPC_NONE', 'UC_MPOLY', 'TPC_NONE', 'TPC_NONE', 'TPC_NONE', 'TPC_NONE', 'UC_NONE', 'UC_NONE', 'TPC_NONE', 'UC_NONE', 'UC_NONE', 'UC_NONE', 'SPC_NONE', 'UC_NONE', 'UC_NONE', 'TPC_NONE']","{'SBX_MNUF': 2, 'SBX_MPOLY': 4, 'TPC_MPOLY': 2, 'TPC_NONE': 29, 'UC_NONE': 30, 'SPC_NONE': 17, 'NONE_MPOLY': 1, 'UC_MPOLY': 3, 'SBX_NONE': 1}"
29,90,SPC,NONE,0.6863493951760118,0.0371245899016035,563092454.4,495350606.9982464,1749697.44,1235918.100580782,0.7426367959290022,1.1888189410780292e-05,0.0,0.0,GREEDY_HV,"['SPC_MBFLIP', 'SBX_MNUF', 'SBX_MPOLY', 'TPC_MPOLY', 'TPC_NONE', 'SBX_MNUF', 'TPC_NONE', 'UC_NONE', 'TPC_NONE', 'SBX_MPOLY', 'TPC_NONE', 'SPC_NONE', 'TPC_NONE', 'UC_NONE', 'UC_NONE', 'TPC_NONE', 'NONE_MPOLY', 'SBX_MPOLY', 'TPC_NONE', 'UC_NONE', 'UC_MPOLY', 'SPC_NONE', 'TPC_MPOLY', 'SPC_NONE', 'SPC_NONE', 'UC_NONE', 'SPC_NONE', 'UC_NONE', 'SBX_MPOLY', 'TPC_NONE', 'TPC_NONE', 'UC_NONE', 'SPC_NONE', 'UC_NONE', 'UC_NONE', 'SPC_NONE', 'UC_MPOLY', 'UC_NONE', 'SPC_NONE', 'TPC_NONE', 'TPC_NONE', 'TPC_NONE', 'UC_NONE', 'UC_NONE', 'TPC_NONE', 'UC_NONE', 'SPC_NONE', 'TPC_NONE', 'TPC_NONE', 'TPC_NONE', 'UC_NONE', 'UC_NONE', 'TPC_NONE', 'TPC_NONE', 'SPC_NONE', 'UC_NONE', 'SBX_NONE', 'SPC_NONE', 'UC_NONE', 'SPC_NONE', 'SPC_NONE', 'UC_NONE', 'UC_NONE', 'UC_NONE', 'UC_NONE', 'TPC_NONE', 'SPC_NONE', 'TPC_NONE', 'UC_NONE', 'TPC_NONE', 'UC_NONE', 'TPC_NONE', 'TPC_NONE', 'SPC_NONE', 'SPC_NONE', 'UC_MPOLY', 'TPC_NONE', 'TPC_NONE', 'TPC_NONE', 'TPC_NONE', 'UC_NONE', 'UC_NONE', 'TPC_NONE', 'UC_NONE', 'UC_NONE', 'UC_NONE', 'SPC_NONE', 'UC_NONE', 'UC_NONE', 'TPC_NONE', 'SPC_NONE']","{'SBX_MNUF': 2, 'SBX_MPOLY': 4, 'TPC_MPOLY': 2, 'TPC_NONE': 29, 'UC_NONE': 30, 'SPC_NONE': 18, 'NONE_MPOLY': 1, 'UC_MPOLY': 3, 'SBX_NONE': 1}"
29,91,SBX,MPOLY,0.6876805682887432,0.0364732229986615,558136778.24,481031801.3438483,1770764.96,1216539.2241236607,0.7425740896101789,-6.270631882332456e-05,0.0,0.025,GREEDY_HV,"['SPC_MBFLIP', 'SBX_MNUF', 'SBX_MPOLY', 'TPC_MPOLY', 'TPC_NONE', 'SBX_MNUF', 'TPC_NONE', 'UC_NONE', 'TPC_NONE', 'SBX_MPOLY', 'TPC_NONE', 'SPC_NONE', 'TPC_NONE', 'UC_NONE', 'UC_NONE', 'TPC_NONE', 'NONE_MPOLY', 'SBX_MPOLY', 'TPC_NONE', 'UC_NONE', 'UC_MPOLY', 'SPC_NONE', 'TPC_MPOLY', 'SPC_NONE', 'SPC_NONE', 'UC_NONE', 'SPC_NONE', 'UC_NONE', 'SBX_MPOLY', 'TPC_NONE', 'TPC_NONE', 'UC_NONE', 'SPC_NONE', 'UC_NONE', 'UC_NONE', 'SPC_NONE', 'UC_MPOLY', 'UC_NONE', 'SPC_NONE', 'TPC_NONE', 'TPC_NONE', 'TPC_NONE', 'UC_NONE', 'UC_NONE', 'TPC_NONE', 'UC_NONE', 'SPC_NONE', 'TPC_NONE', 'TPC_NONE', 'TPC_NONE', 'UC_NONE', 'UC_NONE', 'TPC_NONE', 'TPC_NONE', 'SPC_NONE', 'UC_NONE', 'SBX_NONE', 'SPC_NONE', 'UC_NONE', 'SPC_NONE', 'SPC_NONE', 'UC_NONE', 'UC_NONE', 'UC_NONE', 'UC_NONE', 'TPC_NONE', 'SPC_NONE', 'TPC_NONE', 'UC_NONE', 'TPC_NONE', 'UC_NONE', 'TPC_NONE', 'TPC_NONE', 'SPC_NONE', 'SPC_NONE', 'UC_MPOLY', 'TPC_NONE', 'TPC_NONE', 'TPC_NONE', 'TPC_NONE', 'UC_NONE', 'UC_NONE', 'TPC_NONE', 'UC_NONE', 'UC_NONE', 'UC_NONE', 'SPC_NONE', 'UC_NONE', 'UC_NONE', 'TPC_NONE', 'SPC_NONE', 'SBX_MPOLY']","{'SBX_MNUF': 2, 'SBX_MPOLY': 5, 'TPC_MPOLY': 2, 'TPC_NONE': 29, 'UC_NONE': 30, 'SPC_NONE': 18, 'NONE_MPOLY': 1, 'UC_MPOLY': 3, 'SBX_NONE': 1}"
29,92,TPC,NONE,0.6885753154690923,0.0366070694198779,554473812.48,474089053.5463057,1842410.4,1225562.0638724095,0.7426531339179802,7.904430780125704e-05,0.0,0.0,GREEDY_HV,"['SPC_MBFLIP', 'SBX_MNUF', 'SBX_MPOLY', 'TPC_MPOLY', 'TPC_NONE', 'SBX_MNUF', 'TPC_NONE', 'UC_NONE', 'TPC_NONE', 'SBX_MPOLY', 'TPC_NONE', 'SPC_NONE', 'TPC_NONE', 'UC_NONE', 'UC_NONE', 'TPC_NONE', 'NONE_MPOLY', 'SBX_MPOLY', 'TPC_NONE', 'UC_NONE', 'UC_MPOLY', 'SPC_NONE', 'TPC_MPOLY', 'SPC_NONE', 'SPC_NONE', 'UC_NONE', 'SPC_NONE', 'UC_NONE', 'SBX_MPOLY', 'TPC_NONE', 'TPC_NONE', 'UC_NONE', 'SPC_NONE', 'UC_NONE', 'UC_NONE', 'SPC_NONE', 'UC_MPOLY', 'UC_NONE', 'SPC_NONE', 'TPC_NONE', 'TPC_NONE', 'TPC_NONE', 'UC_NONE', 'UC_NONE', 'TPC_NONE', 'UC_NONE', 'SPC_NONE', 'TPC_NONE', 'TPC_NONE', 'TPC_NONE', 'UC_NONE', 'UC_NONE', 'TPC_NONE', 'TPC_NONE', 'SPC_NONE', 'UC_NONE', 'SBX_NONE', 'SPC_NONE', 'UC_NONE', 'SPC_NONE', 'SPC_NONE', 'UC_NONE', 'UC_NONE', 'UC_NONE', 'UC_NONE', 'TPC_NONE', 'SPC_NONE', 'TPC_NONE', 'UC_NONE', 'TPC_NONE', 'UC_NONE', 'TPC_NONE', 'TPC_NONE', 'SPC_NONE', 'SPC_NONE', 'UC_MPOLY', 'TPC_NONE', 'TPC_NONE', 'TPC_NONE', 'TPC_NONE', 'UC_NONE', 'UC_NONE', 'TPC_NONE', 'UC_NONE', 'UC_NONE', 'UC_NONE', 'SPC_NONE', 'UC_NONE', 'UC_NONE', 'TPC_NONE', 'SPC_NONE', 'SBX_MPOLY', 'TPC_NONE']","{'SBX_MNUF': 2, 'SBX_MPOLY': 5, 'TPC_MPOLY': 2, 'TPC_NONE': 30, 'UC_NONE': 30, 'SPC_NONE': 18, 'NONE_MPOLY': 1, 'UC_MPOLY': 3, 'SBX_NONE': 1}"
29,93,TPC,NONE,0.6864362526636698,0.0369002575265046,551155453.44,487198810.0294459,1769246.88,1281110.146925277,0.7426278400064796,-2.5293911500523517e-05,0.0,0.0,GREEDY_HV,"['SPC_MBFLIP', 'SBX_MNUF', 'SBX_MPOLY', 'TPC_MPOLY', 'TPC_NONE', 'SBX_MNUF', 'TPC_NONE', 'UC_NONE', 'TPC_NONE', 'SBX_MPOLY', 'TPC_NONE', 'SPC_NONE', 'TPC_NONE', 'UC_NONE', 'UC_NONE', 'TPC_NONE', 'NONE_MPOLY', 'SBX_MPOLY', 'TPC_NONE', 'UC_NONE', 'UC_MPOLY', 'SPC_NONE', 'TPC_MPOLY', 'SPC_NONE', 'SPC_NONE', 'UC_NONE', 'SPC_NONE', 'UC_NONE', 'SBX_MPOLY', 'TPC_NONE', 'TPC_NONE', 'UC_NONE', 'SPC_NONE', 'UC_NONE', 'UC_NONE', 'SPC_NONE', 'UC_MPOLY', 'UC_NONE', 'SPC_NONE', 'TPC_NONE', 'TPC_NONE', 'TPC_NONE', 'UC_NONE', 'UC_NONE', 'TPC_NONE', 'UC_NONE', 'SPC_NONE', 'TPC_NONE', 'TPC_NONE', 'TPC_NONE', 'UC_NONE', 'UC_NONE', 'TPC_NONE', 'TPC_NONE', 'SPC_NONE', 'UC_NONE', 'SBX_NONE', 'SPC_NONE', 'UC_NONE', 'SPC_NONE', 'SPC_NONE', 'UC_NONE', 'UC_NONE', 'UC_NONE', 'UC_NONE', 'TPC_NONE', 'SPC_NONE', 'TPC_NONE', 'UC_NONE', 'TPC_NONE', 'UC_NONE', 'TPC_NONE', 'TPC_NONE', 'SPC_NONE', 'SPC_NONE', 'UC_MPOLY', 'TPC_NONE', 'TPC_NONE', 'TPC_NONE', 'TPC_NONE', 'UC_NONE', 'UC_NONE', 'TPC_NONE', 'UC_NONE', 'UC_NONE', 'UC_NONE', 'SPC_NONE', 'UC_NONE', 'UC_NONE', 'TPC_NONE', 'SPC_NONE', 'SBX_MPOLY', 'TPC_NONE', 'TPC_NONE']","{'SBX_MNUF': 2, 'SBX_MPOLY': 5, 'TPC_MPOLY': 2, 'TPC_NONE': 31, 'UC_NONE': 30, 'SPC_NONE': 18, 'NONE_MPOLY': 1, 'UC_MPOLY': 3, 'SBX_NONE': 1}"
29,94,UC,NONE,0.6871613242871417,0.0373975963583139,571628249.6,488273962.2032517,1842366.88,1286886.7546099094,0.7426483013304346,2.04613239549456e-05,0.0,0.0,GREEDY_HV,"['SPC_MBFLIP', 'SBX_MNUF', 'SBX_MPOLY', 'TPC_MPOLY', 'TPC_NONE', 'SBX_MNUF', 'TPC_NONE', 'UC_NONE', 'TPC_NONE', 'SBX_MPOLY', 'TPC_NONE', 'SPC_NONE', 'TPC_NONE', 'UC_NONE', 'UC_NONE', 'TPC_NONE', 'NONE_MPOLY', 'SBX_MPOLY', 'TPC_NONE', 'UC_NONE', 'UC_MPOLY', 'SPC_NONE', 'TPC_MPOLY', 'SPC_NONE', 'SPC_NONE', 'UC_NONE', 'SPC_NONE', 'UC_NONE', 'SBX_MPOLY', 'TPC_NONE', 'TPC_NONE', 'UC_NONE', 'SPC_NONE', 'UC_NONE', 'UC_NONE', 'SPC_NONE', 'UC_MPOLY', 'UC_NONE', 'SPC_NONE', 'TPC_NONE', 'TPC_NONE', 'TPC_NONE', 'UC_NONE', 'UC_NONE', 'TPC_NONE', 'UC_NONE', 'SPC_NONE', 'TPC_NONE', 'TPC_NONE', 'TPC_NONE', 'UC_NONE', 'UC_NONE', 'TPC_NONE', 'TPC_NONE', 'SPC_NONE', 'UC_NONE', 'SBX_NONE', 'SPC_NONE', 'UC_NONE', 'SPC_NONE', 'SPC_NONE', 'UC_NONE', 'UC_NONE', 'UC_NONE', 'UC_NONE', 'TPC_NONE', 'SPC_NONE', 'TPC_NONE', 'UC_NONE', 'TPC_NONE', 'UC_NONE', 'TPC_NONE', 'TPC_NONE', 'SPC_NONE', 'SPC_NONE', 'UC_MPOLY', 'TPC_NONE', 'TPC_NONE', 'TPC_NONE', 'TPC_NONE', 'UC_NONE', 'UC_NONE', 'TPC_NONE', 'UC_NONE', 'UC_NONE', 'UC_NONE', 'SPC_NONE', 'UC_NONE', 'UC_NONE', 'TPC_NONE', 'SPC_NONE', 'SBX_MPOLY', 'TPC_NONE', 'TPC_NONE', 'UC_NONE']","{'SBX_MNUF': 2, 'SBX_MPOLY': 5, 'TPC_MPOLY': 2, 'TPC_NONE': 31, 'UC_NONE': 31, 'SPC_NONE': 18, 'NONE_MPOLY': 1, 'UC_MPOLY': 3, 'SBX_NONE': 1}"
29,95,UC,NONE,0.6850190887072231,0.0369600697750035,544419601.92,487344781.02985865,1748231.84,1287879.4852182618,0.742642544428605,-5.756901829578887e-06,0.0,0.0,GREEDY_HV,"['SPC_MBFLIP', 'SBX_MNUF', 'SBX_MPOLY', 'TPC_MPOLY', 'TPC_NONE', 'SBX_MNUF', 'TPC_NONE', 'UC_NONE', 'TPC_NONE', 'SBX_MPOLY', 'TPC_NONE', 'SPC_NONE', 'TPC_NONE', 'UC_NONE', 'UC_NONE', 'TPC_NONE', 'NONE_MPOLY', 'SBX_MPOLY', 'TPC_NONE', 'UC_NONE', 'UC_MPOLY', 'SPC_NONE', 'TPC_MPOLY', 'SPC_NONE', 'SPC_NONE', 'UC_NONE', 'SPC_NONE', 'UC_NONE', 'SBX_MPOLY', 'TPC_NONE', 'TPC_NONE', 'UC_NONE', 'SPC_NONE', 'UC_NONE', 'UC_NONE', 'SPC_NONE', 'UC_MPOLY', 'UC_NONE', 'SPC_NONE', 'TPC_NONE', 'TPC_NONE', 'TPC_NONE', 'UC_NONE', 'UC_NONE', 'TPC_NONE', 'UC_NONE', 'SPC_NONE', 'TPC_NONE', 'TPC_NONE', 'TPC_NONE', 'UC_NONE', 'UC_NONE', 'TPC_NONE', 'TPC_NONE', 'SPC_NONE', 'UC_NONE', 'SBX_NONE', 'SPC_NONE', 'UC_NONE', 'SPC_NONE', 'SPC_NONE', 'UC_NONE', 'UC_NONE', 'UC_NONE', 'UC_NONE', 'TPC_NONE', 'SPC_NONE', 'TPC_NONE', 'UC_NONE', 'TPC_NONE', 'UC_NONE', 'TPC_NONE', 'TPC_NONE', 'SPC_NONE', 'SPC_NONE', 'UC_MPOLY', 'TPC_NONE', 'TPC_NONE', 'TPC_NONE', 'TPC_NONE', 'UC_NONE', 'UC_NONE', 'TPC_NONE', 'UC_NONE', 'UC_NONE', 'UC_NONE', 'SPC_NONE', 'UC_NONE', 'UC_NONE', 'TPC_NONE', 'SPC_NONE', 'SBX_MPOLY', 'TPC_NONE', 'TPC_NONE', 'UC_NONE', 'UC_NONE']","{'SBX_MNUF': 2, 'SBX_MPOLY': 5, 'TPC_MPOLY': 2, 'TPC_NONE': 31, 'UC_NONE': 32, 'SPC_NONE': 18, 'NONE_MPOLY': 1, 'UC_MPOLY': 3, 'SBX_NONE': 1}"
29,96,UC,NONE,0.6872259638304548,0.0369383590977856,579867850.24,498285482.472905,1825481.12,1240274.465019427,0.742606879756576,-3.566467202897883e-05,0.0,0.0,GREEDY_HV,"['SPC_MBFLIP', 'SBX_MNUF', 'SBX_MPOLY', 'TPC_MPOLY', 'TPC_NONE', 'SBX_MNUF', 'TPC_NONE', 'UC_NONE', 'TPC_NONE', 'SBX_MPOLY', 'TPC_NONE', 'SPC_NONE', 'TPC_NONE', 'UC_NONE', 'UC_NONE', 'TPC_NONE', 'NONE_MPOLY', 'SBX_MPOLY', 'TPC_NONE', 'UC_NONE', 'UC_MPOLY', 'SPC_NONE', 'TPC_MPOLY', 'SPC_NONE', 'SPC_NONE', 'UC_NONE', 'SPC_NONE', 'UC_NONE', 'SBX_MPOLY', 'TPC_NONE', 'TPC_NONE', 'UC_NONE', 'SPC_NONE', 'UC_NONE', 'UC_NONE', 'SPC_NONE', 'UC_MPOLY', 'UC_NONE', 'SPC_NONE', 'TPC_NONE', 'TPC_NONE', 'TPC_NONE', 'UC_NONE', 'UC_NONE', 'TPC_NONE', 'UC_NONE', 'SPC_NONE', 'TPC_NONE', 'TPC_NONE', 'TPC_NONE', 'UC_NONE', 'UC_NONE', 'TPC_NONE', 'TPC_NONE', 'SPC_NONE', 'UC_NONE', 'SBX_NONE', 'SPC_NONE', 'UC_NONE', 'SPC_NONE', 'SPC_NONE', 'UC_NONE', 'UC_NONE', 'UC_NONE', 'UC_NONE', 'TPC_NONE', 'SPC_NONE', 'TPC_NONE', 'UC_NONE', 'TPC_NONE', 'UC_NONE', 'TPC_NONE', 'TPC_NONE', 'SPC_NONE', 'SPC_NONE', 'UC_MPOLY', 'TPC_NONE', 'TPC_NONE', 'TPC_NONE', 'TPC_NONE', 'UC_NONE', 'UC_NONE', 'TPC_NONE', 'UC_NONE', 'UC_NONE', 'UC_NONE', 'SPC_NONE', 'UC_NONE', 'UC_NONE', 'TPC_NONE', 'SPC_NONE', 'SBX_MPOLY', 'TPC_NONE', 'TPC_NONE', 'UC_NONE', 'UC_NONE', 'UC_NONE']","{'SBX_MNUF': 2, 'SBX_MPOLY': 5, 'TPC_MPOLY': 2, 'TPC_NONE': 31, 'UC_NONE': 33, 'SPC_NONE': 18, 'NONE_MPOLY': 1, 'UC_MPOLY': 3, 'SBX_NONE': 1}"
29,97,TPC,NONE,0.6870285894420648,0.037479151197724,586817615.36,505933447.642887,1816663.2,1247028.0476922726,0.7426011834886619,-5.6962679141348005e-06,0.01,0.0,GREEDY_HV,"['SPC_MBFLIP', 'SBX_MNUF', 'SBX_MPOLY', 'TPC_MPOLY', 'TPC_NONE', 'SBX_MNUF', 'TPC_NONE', 'UC_NONE', 'TPC_NONE', 'SBX_MPOLY', 'TPC_NONE', 'SPC_NONE', 'TPC_NONE', 'UC_NONE', 'UC_NONE', 'TPC_NONE', 'NONE_MPOLY', 'SBX_MPOLY', 'TPC_NONE', 'UC_NONE', 'UC_MPOLY', 'SPC_NONE', 'TPC_MPOLY', 'SPC_NONE', 'SPC_NONE', 'UC_NONE', 'SPC_NONE', 'UC_NONE', 'SBX_MPOLY', 'TPC_NONE', 'TPC_NONE', 'UC_NONE', 'SPC_NONE', 'UC_NONE', 'UC_NONE', 'SPC_NONE', 'UC_MPOLY', 'UC_NONE', 'SPC_NONE', 'TPC_NONE', 'TPC_NONE', 'TPC_NONE', 'UC_NONE', 'UC_NONE', 'TPC_NONE', 'UC_NONE', 'SPC_NONE', 'TPC_NONE', 'TPC_NONE', 'TPC_NONE', 'UC_NONE', 'UC_NONE', 'TPC_NONE', 'TPC_NONE', 'SPC_NONE', 'UC_NONE', 'SBX_NONE', 'SPC_NONE', 'UC_NONE', 'SPC_NONE', 'SPC_NONE', 'UC_NONE', 'UC_NONE', 'UC_NONE', 'UC_NONE', 'TPC_NONE', 'SPC_NONE', 'TPC_NONE', 'UC_NONE', 'TPC_NONE', 'UC_NONE', 'TPC_NONE', 'TPC_NONE', 'SPC_NONE', 'SPC_NONE', 'UC_MPOLY', 'TPC_NONE', 'TPC_NONE', 'TPC_NONE', 'TPC_NONE', 'UC_NONE', 'UC_NONE', 'TPC_NONE', 'UC_NONE', 'UC_NONE', 'UC_NONE', 'SPC_NONE', 'UC_NONE', 'UC_NONE', 'TPC_NONE', 'SPC_NONE', 'SBX_MPOLY', 'TPC_NONE', 'TPC_NONE', 'UC_NONE', 'UC_NONE', 'UC_NONE', 'TPC_NONE']","{'SBX_MNUF': 2, 'SBX_MPOLY': 5, 'TPC_MPOLY': 2, 'TPC_NONE': 32, 'UC_NONE': 33, 'SPC_NONE': 18, 'NONE_MPOLY': 1, 'UC_MPOLY': 3, 'SBX_NONE': 1}"
29,98,UC,MNUF,0.6882401188595856,0.0373840092822526,608269934.08,512661578.9685134,1843306.4,1235255.4584855717,0.7426189371000611,1.7753611399218272e-05,0.0,0.0,GREEDY_HV,"['SPC_MBFLIP', 'SBX_MNUF', 'SBX_MPOLY', 'TPC_MPOLY', 'TPC_NONE', 'SBX_MNUF', 'TPC_NONE', 'UC_NONE', 'TPC_NONE', 'SBX_MPOLY', 'TPC_NONE', 'SPC_NONE', 'TPC_NONE', 'UC_NONE', 'UC_NONE', 'TPC_NONE', 'NONE_MPOLY', 'SBX_MPOLY', 'TPC_NONE', 'UC_NONE', 'UC_MPOLY', 'SPC_NONE', 'TPC_MPOLY', 'SPC_NONE', 'SPC_NONE', 'UC_NONE', 'SPC_NONE', 'UC_NONE', 'SBX_MPOLY', 'TPC_NONE', 'TPC_NONE', 'UC_NONE', 'SPC_NONE', 'UC_NONE', 'UC_NONE', 'SPC_NONE', 'UC_MPOLY', 'UC_NONE', 'SPC_NONE', 'TPC_NONE', 'TPC_NONE', 'TPC_NONE', 'UC_NONE', 'UC_NONE', 'TPC_NONE', 'UC_NONE', 'SPC_NONE', 'TPC_NONE', 'TPC_NONE', 'TPC_NONE', 'UC_NONE', 'UC_NONE', 'TPC_NONE', 'TPC_NONE', 'SPC_NONE', 'UC_NONE', 'SBX_NONE', 'SPC_NONE', 'UC_NONE', 'SPC_NONE', 'SPC_NONE', 'UC_NONE', 'UC_NONE', 'UC_NONE', 'UC_NONE', 'TPC_NONE', 'SPC_NONE', 'TPC_NONE', 'UC_NONE', 'TPC_NONE', 'UC_NONE', 'TPC_NONE', 'TPC_NONE', 'SPC_NONE', 'SPC_NONE', 'UC_MPOLY', 'TPC_NONE', 'TPC_NONE', 'TPC_NONE', 'TPC_NONE', 'UC_NONE', 'UC_NONE', 'TPC_NONE', 'UC_NONE', 'UC_NONE', 'UC_NONE', 'SPC_NONE', 'UC_NONE', 'UC_NONE', 'TPC_NONE', 'SPC_NONE', 'SBX_MPOLY', 'TPC_NONE', 'TPC_NONE', 'UC_NONE', 'UC_NONE', 'UC_NONE', 'TPC_NONE', 'UC_MNUF']","{'SBX_MNUF': 2, 'SBX_MPOLY': 5, 'TPC_MPOLY': 2, 'TPC_NONE': 32, 'UC_NONE': 33, 'SPC_NONE': 18, 'NONE_MPOLY': 1, 'UC_MPOLY': 3, 'SBX_NONE': 1, 'UC_MNUF': 1}"
29,99,TPC,MNUF,0.6882426011265451,0.0362256474641473,593881267.2,512309919.7988743,1833262.24,1253267.779861312,0.7425781672123756,-4.076988768553225e-05,0.0,0.0,GREEDY_HV,"['SPC_MBFLIP', 'SBX_MNUF', 'SBX_MPOLY', 'TPC_MPOLY', 'TPC_NONE', 'SBX_MNUF', 'TPC_NONE', 'UC_NONE', 'TPC_NONE', 'SBX_MPOLY', 'TPC_NONE', 'SPC_NONE', 'TPC_NONE', 'UC_NONE', 'UC_NONE', 'TPC_NONE', 'NONE_MPOLY', 'SBX_MPOLY', 'TPC_NONE', 'UC_NONE', 'UC_MPOLY', 'SPC_NONE', 'TPC_MPOLY', 'SPC_NONE', 'SPC_NONE', 'UC_NONE', 'SPC_NONE', 'UC_NONE', 'SBX_MPOLY', 'TPC_NONE', 'TPC_NONE', 'UC_NONE', 'SPC_NONE', 'UC_NONE', 'UC_NONE', 'SPC_NONE', 'UC_MPOLY', 'UC_NONE', 'SPC_NONE', 'TPC_NONE', 'TPC_NONE', 'TPC_NONE', 'UC_NONE', 'UC_NONE', 'TPC_NONE', 'UC_NONE', 'SPC_NONE', 'TPC_NONE', 'TPC_NONE', 'TPC_NONE', 'UC_NONE', 'UC_NONE', 'TPC_NONE', 'TPC_NONE', 'SPC_NONE', 'UC_NONE', 'SBX_NONE', 'SPC_NONE', 'UC_NONE', 'SPC_NONE', 'SPC_NONE', 'UC_NONE', 'UC_NONE', 'UC_NONE', 'UC_NONE', 'TPC_NONE', 'SPC_NONE', 'TPC_NONE', 'UC_NONE', 'TPC_NONE', 'UC_NONE', 'TPC_NONE', 'TPC_NONE', 'SPC_NONE', 'SPC_NONE', 'UC_MPOLY', 'TPC_NONE', 'TPC_NONE', 'TPC_NONE', 'TPC_NONE', 'UC_NONE', 'UC_NONE', 'TPC_NONE', 'UC_NONE', 'UC_NONE', 'UC_NONE', 'SPC_NONE', 'UC_NONE', 'UC_NONE', 'TPC_NONE', 'SPC_NONE', 'SBX_MPOLY', 'TPC_NONE', 'TPC_NONE', 'UC_NONE', 'UC_NONE', 'UC_NONE', 'TPC_NONE', 'UC_MNUF', 'TPC_MNUF']","{'SBX_MNUF': 2, 'SBX_MPOLY': 5, 'TPC_MPOLY': 2, 'TPC_NONE': 32, 'UC_NONE': 33, 'SPC_NONE': 18, 'NONE_MPOLY': 1, 'UC_MPOLY': 3, 'SBX_NONE': 1, 'UC_MNUF': 1, 'TPC_MNUF': 1}"
29,100,TPC,NONE,0.6890730389071628,0.0366683711555523,610762859.52,517432481.3148911,1879653.28,1259388.6173420977,0.7426420976829797,6.393047060415658e-05,0.01,0.0,GREEDY_HV,"['SPC_MBFLIP', 'SBX_MNUF', 'SBX_MPOLY', 'TPC_MPOLY', 'TPC_NONE', 'SBX_MNUF', 'TPC_NONE', 'UC_NONE', 'TPC_NONE', 'SBX_MPOLY', 'TPC_NONE', 'SPC_NONE', 'TPC_NONE', 'UC_NONE', 'UC_NONE', 'TPC_NONE', 'NONE_MPOLY', 'SBX_MPOLY', 'TPC_NONE', 'UC_NONE', 'UC_MPOLY', 'SPC_NONE', 'TPC_MPOLY', 'SPC_NONE', 'SPC_NONE', 'UC_NONE', 'SPC_NONE', 'UC_NONE', 'SBX_MPOLY', 'TPC_NONE', 'TPC_NONE', 'UC_NONE', 'SPC_NONE', 'UC_NONE', 'UC_NONE', 'SPC_NONE', 'UC_MPOLY', 'UC_NONE', 'SPC_NONE', 'TPC_NONE', 'TPC_NONE', 'TPC_NONE', 'UC_NONE', 'UC_NONE', 'TPC_NONE', 'UC_NONE', 'SPC_NONE', 'TPC_NONE', 'TPC_NONE', 'TPC_NONE', 'UC_NONE', 'UC_NONE', 'TPC_NONE', 'TPC_NONE', 'SPC_NONE', 'UC_NONE', 'SBX_NONE', 'SPC_NONE', 'UC_NONE', 'SPC_NONE', 'SPC_NONE', 'UC_NONE', 'UC_NONE', 'UC_NONE', 'UC_NONE', 'TPC_NONE', 'SPC_NONE', 'TPC_NONE', 'UC_NONE', 'TPC_NONE', 'UC_NONE', 'TPC_NONE', 'TPC_NONE', 'SPC_NONE', 'SPC_NONE', 'UC_MPOLY', 'TPC_NONE', 'TPC_NONE', 'TPC_NONE', 'TPC_NONE', 'UC_NONE', 'UC_NONE', 'TPC_NONE', 'UC_NONE', 'UC_NONE', 'UC_NONE', 'SPC_NONE', 'UC_NONE', 'UC_NONE', 'TPC_NONE', 'SPC_NONE', 'SBX_MPOLY', 'TPC_NONE', 'TPC_NONE', 'UC_NONE', 'UC_NONE', 'UC_NONE', 'TPC_NONE', 'UC_MNUF', 'TPC_MNUF', 'TPC_NONE']","{'SBX_MNUF': 2, 'SBX_MPOLY': 5, 'TPC_MPOLY': 2, 'TPC_NONE': 33, 'UC_NONE': 33, 'SPC_NONE': 18, 'NONE_MPOLY': 1, 'UC_MPOLY': 3, 'SBX_NONE': 1, 'UC_MNUF': 1, 'TPC_MNUF': 1}"
30,1,UC,NONE,0.6601775681965285,0.020351655338616,1743561431.04,1159595065.849523,3213486.24,1914348.32727458,0.6831496658309228,0.0,0.23,0.0,GREEDY_HV,"['SPC_MBFLIP', 'UC_NONE']",{'UC_NONE': 1}
30,2,TPC,NONE,0.6660298816029705,0.0215645713172948,1511577676.8,1097455158.8901224,3119721.12,1922391.7297691505,0.6948441421921534,0.0116944763612305,0.18,0.0,GREEDY_HV,"['SPC_MBFLIP', 'UC_NONE', 'TPC_NONE']","{'UC_NONE': 1, 'TPC_NONE': 1}"
30,3,UC,NONE,0.6671674757054202,0.0279222593093491,1381834172.16,1122838756.260177,3211507.36,2273107.547244748,0.703808255574791,0.0089641133826375,0.1,0.0,GREEDY_HV,"['SPC_MBFLIP', 'UC_NONE', 'TPC_NONE', 'UC_NONE']","{'UC_NONE': 2, 'TPC_NONE': 1}"
30,4,UC,NONE,0.66612786541216,0.0270282178654983,803613662.72,497505059.2246577,2377232.8,1651799.0954718431,0.7132041253100261,0.009395869735235,0.09,0.0,GREEDY_HV,"['SPC_MBFLIP', 'UC_NONE', 'TPC_NONE', 'UC_NONE', 'UC_NONE']","{'UC_NONE': 3, 'TPC_NONE': 1}"
30,5,SPC,MPOLY,0.6680729210860399,0.0265928313669132,791564568.32,563883469.0611198,2335383.2,1676225.193349962,0.7175105453993396,0.0043064200893134,0.14,0.03,GREEDY_HV,"['SPC_MBFLIP', 'UC_NONE', 'TPC_NONE', 'UC_NONE', 'UC_NONE', 'SPC_MPOLY']","{'UC_NONE': 3, 'TPC_NONE': 1, 'SPC_MPOLY': 1}"
30,6,UC,MNUF,0.6686993503294499,0.0271449041306788,803958184.96,585319770.2493094,2384768.16,1713836.1509782593,0.7209923220856438,0.0034817766863042,0.13,0.005,GREEDY_HV,"['SPC_MBFLIP', 'UC_NONE', 'TPC_NONE', 'UC_NONE', 'UC_NONE', 'SPC_MPOLY', 'UC_MNUF']","{'UC_NONE': 3, 'TPC_NONE': 1, 'SPC_MPOLY': 1, 'UC_MNUF': 1}"
30,7,TPC,NONE,0.6699747761906889,0.0328752239764376,777441692.16,562775702.6294532,2487393.44,1882378.925531628,0.722638645045993,0.0016463229603491,0.03,0.0,GREEDY_HV,"['SPC_MBFLIP', 'UC_NONE', 'TPC_NONE', 'UC_NONE', 'UC_NONE', 'SPC_MPOLY', 'UC_MNUF', 'TPC_NONE']","{'UC_NONE': 3, 'TPC_NONE': 2, 'SPC_MPOLY': 1, 'UC_MNUF': 1}"
30,8,SBX,NONE,0.6708576266886365,0.0338178871912488,706364994.56,575072162.089022,2288108.96,1729809.8725735256,0.7240968576831357,0.0014582126371427,0.01,0.0,GREEDY_HV,"['SPC_MBFLIP', 'UC_NONE', 'TPC_NONE', 'UC_NONE', 'UC_NONE', 'SPC_MPOLY', 'UC_MNUF', 'TPC_NONE', 'SBX_NONE']","{'UC_NONE': 3, 'TPC_NONE': 2, 'SPC_MPOLY': 1, 'UC_MNUF': 1, 'SBX_NONE': 1}"
30,9,UC,MPOLY,0.6708267194571989,0.0297864425272459,603997312.0,476828666.2536795,1929921.44,1582820.1664166425,0.726148284372444,0.0020514266893083,0.08,0.015,GREEDY_HV,"['SPC_MBFLIP', 'UC_NONE', 'TPC_NONE', 'UC_NONE', 'UC_NONE', 'SPC_MPOLY', 'UC_MNUF', 'TPC_NONE', 'SBX_NONE', 'UC_MPOLY']","{'UC_NONE': 3, 'TPC_NONE': 2, 'SPC_MPOLY': 1, 'UC_MNUF': 1, 'SBX_NONE': 1, 'UC_MPOLY': 1}"
30,10,UC,NONE,0.6765910682242656,0.0326602978559227,622745500.16,476241458.9780286,2081367.2,1851133.939890985,0.7271744971432657,0.0010262127708215,0.05,0.0,GREEDY_HV,"['SPC_MBFLIP', 'UC_NONE', 'TPC_NONE', 'UC_NONE', 'UC_NONE', 'SPC_MPOLY', 'UC_MNUF', 'TPC_NONE', 'SBX_NONE', 'UC_MPOLY', 'UC_NONE']","{'UC_NONE': 4, 'TPC_NONE': 2, 'SPC_MPOLY': 1, 'UC_MNUF': 1, 'SBX_NONE': 1, 'UC_MPOLY': 1}"
30,11,SPC,MPOLY,0.6732542412337545,0.036865522530424,583127924.48,454553458.1361784,1827416.48,1794660.2033166965,0.7282878296844608,0.0011133325411951,0.09,0.035,GREEDY_HV,"['SPC_MBFLIP', 'UC_NONE', 'TPC_NONE', 'UC_NONE', 'UC_NONE', 'SPC_MPOLY', 'UC_MNUF', 'TPC_NONE', 'SBX_NONE', 'UC_MPOLY', 'UC_NONE', 'SPC_MPOLY']","{'UC_NONE': 4, 'TPC_NONE': 2, 'SPC_MPOLY': 2, 'UC_MNUF': 1, 'SBX_NONE': 1, 'UC_MPOLY': 1}"
30,12,SBX,MPOLY,0.672835470430904,0.0362177583344518,564276811.52,443961596.62304497,1788373.92,1799873.5785638702,0.7295085869800546,0.0012207572955937,0.03,0.075,GREEDY_HV,"['SPC_MBFLIP', 'UC_NONE', 'TPC_NONE', 'UC_NONE', 'UC_NONE', 'SPC_MPOLY', 'UC_MNUF', 'TPC_NONE', 'SBX_NONE', 'UC_MPOLY', 'UC_NONE', 'SPC_MPOLY', 'SBX_MPOLY']","{'UC_NONE': 4, 'TPC_NONE': 2, 'SPC_MPOLY': 2, 'UC_MNUF': 1, 'SBX_NONE': 1, 'UC_MPOLY': 1, 'SBX_MPOLY': 1}"
30,13,TPC,NONE,0.6645856791155983,0.0395112590956452,457409237.76,423506282.67702216,1503577.76,1798318.164520289,0.7299417292867697,0.000433142306715,0.05,0.0,GREEDY_HV,"['SPC_MBFLIP', 'UC_NONE', 'TPC_NONE', 'UC_NONE', 'UC_NONE', 'SPC_MPOLY', 'UC_MNUF', 'TPC_NONE', 'SBX_NONE', 'UC_MPOLY', 'UC_NONE', 'SPC_MPOLY', 'SBX_MPOLY', 'TPC_NONE']","{'UC_NONE': 4, 'TPC_NONE': 3, 'SPC_MPOLY': 2, 'UC_MNUF': 1, 'SBX_NONE': 1, 'UC_MPOLY': 1, 'SBX_MPOLY': 1}"
30,14,UC,NONE,0.6641808327830127,0.0404225281905363,432092184.32,419596653.4958634,1482178.72,1773332.0165517908,0.73063049247867,0.0006887631919002,0.02,0.0,GREEDY_HV,"['SPC_MBFLIP', 'UC_NONE', 'TPC_NONE', 'UC_NONE', 'UC_NONE', 'SPC_MPOLY', 'UC_MNUF', 'TPC_NONE', 'SBX_NONE', 'UC_MPOLY', 'UC_NONE', 'SPC_MPOLY', 'SBX_MPOLY', 'TPC_NONE', 'UC_NONE']","{'UC_NONE': 5, 'TPC_NONE': 3, 'SPC_MPOLY': 2, 'UC_MNUF': 1, 'SBX_NONE': 1, 'UC_MPOLY': 1, 'SBX_MPOLY': 1}"
30,15,TPC,NONE,0.6635010963659878,0.0405927316442139,356152448.0,231671951.04690695,1218564.0,1083379.7695150855,0.7315374421687131,0.0009069496900431,0.04,0.0,GREEDY_HV,"['SPC_MBFLIP', 'UC_NONE', 'TPC_NONE', 'UC_NONE', 'UC_NONE', 'SPC_MPOLY', 'UC_MNUF', 'TPC_NONE', 'SBX_NONE', 'UC_MPOLY', 'UC_NONE', 'SPC_MPOLY', 'SBX_MPOLY', 'TPC_NONE', 'UC_NONE', 'TPC_NONE']","{'UC_NONE': 5, 'TPC_NONE': 4, 'SPC_MPOLY': 2, 'UC_MNUF': 1, 'SBX_NONE': 1, 'UC_MPOLY': 1, 'SBX_MPOLY': 1}"
30,16,SPC,MPOLY,0.6649517028387131,0.041863879044806,371881162.24,243291442.62301183,1278140.32,1079638.973770574,0.7321491127113405,0.0006116705426274,0.04,0.02,GREEDY_HV,"['SPC_MBFLIP', 'UC_NONE', 'TPC_NONE', 'UC_NONE', 'UC_NONE', 'SPC_MPOLY', 'UC_MNUF', 'TPC_NONE', 'SBX_NONE', 'UC_MPOLY', 'UC_NONE', 'SPC_MPOLY', 'SBX_MPOLY', 'TPC_NONE', 'UC_NONE', 'TPC_NONE', 'SPC_MPOLY']","{'UC_NONE': 5, 'TPC_NONE': 4, 'SPC_MPOLY': 3, 'UC_MNUF': 1, 'SBX_NONE': 1, 'UC_MPOLY': 1, 'SBX_MPOLY': 1}"
30,17,TPC,NONE,0.66664488269849,0.0434156940602112,389131477.76,276948036.0053173,1338854.56,1199960.278311581,0.7323555443665999,0.0002064316552593,0.03,0.0,GREEDY_HV,"['SPC_MBFLIP', 'UC_NONE', 'TPC_NONE', 'UC_NONE', 'UC_NONE', 'SPC_MPOLY', 'UC_MNUF', 'TPC_NONE', 'SBX_NONE', 'UC_MPOLY', 'UC_NONE', 'SPC_MPOLY', 'SBX_MPOLY', 'TPC_NONE', 'UC_NONE', 'TPC_NONE', 'SPC_MPOLY', 'TPC_NONE']","{'UC_NONE': 5, 'TPC_NONE': 5, 'SPC_MPOLY': 3, 'UC_MNUF': 1, 'SBX_NONE': 1, 'UC_MPOLY': 1, 'SBX_MPOLY': 1}"
30,18,SPC,NONE,0.6729558241434994,0.0395671147729054,384761660.16,261027682.9868575,1400115.36,1133384.0510232311,0.732622773854133,0.0002672294875331,0.01,0.0,GREEDY_HV,"['SPC_MBFLIP', 'UC_NONE', 'TPC_NONE', 'UC_NONE', 'UC_NONE', 'SPC_MPOLY', 'UC_MNUF', 'TPC_NONE', 'SBX_NONE', 'UC_MPOLY', 'UC_NONE', 'SPC_MPOLY', 'SBX_MPOLY', 'TPC_NONE', 'UC_NONE', 'TPC_NONE', 'SPC_MPOLY', 'TPC_NONE', 'SPC_NONE']","{'UC_NONE': 5, 'TPC_NONE': 5, 'SPC_MPOLY': 3, 'UC_MNUF': 1, 'SBX_NONE': 1, 'UC_MPOLY': 1, 'SBX_MPOLY': 1, 'SPC_NONE': 1}"
30,19,SBX,NONE,0.6744174262233953,0.0374443413946979,383331028.48,236197926.40523556,1346140.32,907075.1822154864,0.7329311543538634,0.0003083804997303,0.0,0.0,GREEDY_HV,"['SPC_MBFLIP', 'UC_NONE', 'TPC_NONE', 'UC_NONE', 'UC_NONE', 'SPC_MPOLY', 'UC_MNUF', 'TPC_NONE', 'SBX_NONE', 'UC_MPOLY', 'UC_NONE', 'SPC_MPOLY', 'SBX_MPOLY', 'TPC_NONE', 'UC_NONE', 'TPC_NONE', 'SPC_MPOLY', 'TPC_NONE', 'SPC_NONE', 'SBX_NONE']","{'UC_NONE': 5, 'TPC_NONE': 5, 'SPC_MPOLY': 3, 'UC_MNUF': 1, 'SBX_NONE': 2, 'UC_MPOLY': 1, 'SBX_MPOLY': 1, 'SPC_NONE': 1}"
30,20,TPC,NONE,0.6725534184722034,0.0399658027996634,392049390.08,259002274.7433255,1394273.44,977551.082577686,0.7338304581292282,0.0008993037753648,0.01,0.0,GREEDY_HV,"['SPC_MBFLIP', 'UC_NONE', 'TPC_NONE', 'UC_NONE', 'UC_NONE', 'SPC_MPOLY', 'UC_MNUF', 'TPC_NONE', 'SBX_NONE', 'UC_MPOLY', 'UC_NONE', 'SPC_MPOLY', 'SBX_MPOLY', 'TPC_NONE', 'UC_NONE', 'TPC_NONE', 'SPC_MPOLY', 'TPC_NONE', 'SPC_NONE', 'SBX_NONE', 'TPC_NONE']","{'UC_NONE': 5, 'TPC_NONE': 6, 'SPC_MPOLY': 3, 'UC_MNUF': 1, 'SBX_NONE': 2, 'UC_MPOLY': 1, 'SBX_MPOLY': 1, 'SPC_NONE': 1}"
30,21,UC,NONE,0.6699569707989242,0.0401057351629753,365823815.68,266229865.9738021,1370651.04,1063285.0974096635,0.734035785847776,0.0002053277185477,0.02,0.0,GREEDY_HV,"['SPC_MBFLIP', 'UC_NONE', 'TPC_NONE', 'UC_NONE', 'UC_NONE', 'SPC_MPOLY', 'UC_MNUF', 'TPC_NONE', 'SBX_NONE', 'UC_MPOLY', 'UC_NONE', 'SPC_MPOLY', 'SBX_MPOLY', 'TPC_NONE', 'UC_NONE', 'TPC_NONE', 'SPC_MPOLY', 'TPC_NONE', 'SPC_NONE', 'SBX_NONE', 'TPC_NONE', 'UC_NONE']","{'UC_NONE': 6, 'TPC_NONE': 6, 'SPC_MPOLY': 3, 'UC_MNUF': 1, 'SBX_NONE': 2, 'UC_MPOLY': 1, 'SBX_MPOLY': 1, 'SPC_NONE': 1}"
30,22,SPC,MPOLY,0.6757625227991381,0.0358561811119849,390204851.2,283157825.28419685,1472256.16,1057267.2975632104,0.7349551381603696,0.0009193523125936,0.0,0.01,GREEDY_HV,"['SPC_MBFLIP', 'UC_NONE', 'TPC_NONE', 'UC_NONE', 'UC_NONE', 'SPC_MPOLY', 'UC_MNUF', 'TPC_NONE', 'SBX_NONE', 'UC_MPOLY', 'UC_NONE', 'SPC_MPOLY', 'SBX_MPOLY', 'TPC_NONE', 'UC_NONE', 'TPC_NONE', 'SPC_MPOLY', 'TPC_NONE', 'SPC_NONE', 'SBX_NONE', 'TPC_NONE', 'UC_NONE', 'SPC_MPOLY']","{'UC_NONE': 6, 'TPC_NONE': 6, 'SPC_MPOLY': 4, 'UC_MNUF': 1, 'SBX_NONE': 2, 'UC_MPOLY': 1, 'SBX_MPOLY': 1, 'SPC_NONE': 1}"
30,23,UC,NONE,0.6764688581224192,0.0373740597178997,411053765.12,298094702.833227,1523241.12,1103357.7138047777,0.7358588476566085,0.0009037094962388,0.01,0.0,GREEDY_HV,"['SPC_MBFLIP', 'UC_NONE', 'TPC_NONE', 'UC_NONE', 'UC_NONE', 'SPC_MPOLY', 'UC_MNUF', 'TPC_NONE', 'SBX_NONE', 'UC_MPOLY', 'UC_NONE', 'SPC_MPOLY', 'SBX_MPOLY', 'TPC_NONE', 'UC_NONE', 'TPC_NONE', 'SPC_MPOLY', 'TPC_NONE', 'SPC_NONE', 'SBX_NONE', 'TPC_NONE', 'UC_NONE', 'SPC_MPOLY', 'UC_NONE']","{'UC_NONE': 7, 'TPC_NONE': 6, 'SPC_MPOLY': 4, 'UC_MNUF': 1, 'SBX_NONE': 2, 'UC_MPOLY': 1, 'SBX_MPOLY': 1, 'SPC_NONE': 1}"
30,24,UC,NONE,0.6810374334577131,0.034070808605339,435285834.24,318431121.17397887,1672902.56,1150898.6370946865,0.7359551089061098,9.62612495013504e-05,0.02,0.0,GREEDY_HV,"['SPC_MBFLIP', 'UC_NONE', 'TPC_NONE', 'UC_NONE', 'UC_NONE', 'SPC_MPOLY', 'UC_MNUF', 'TPC_NONE', 'SBX_NONE', 'UC_MPOLY', 'UC_NONE', 'SPC_MPOLY', 'SBX_MPOLY', 'TPC_NONE', 'UC_NONE', 'TPC_NONE', 'SPC_MPOLY', 'TPC_NONE', 'SPC_NONE', 'SBX_NONE', 'TPC_NONE', 'UC_NONE', 'SPC_MPOLY', 'UC_NONE', 'UC_NONE']","{'UC_NONE': 8, 'TPC_NONE': 6, 'SPC_MPOLY': 4, 'UC_MNUF': 1, 'SBX_NONE': 2, 'UC_MPOLY': 1, 'SBX_MPOLY': 1, 'SPC_NONE': 1}"
30,25,UC,NONE,0.6786573145485262,0.036525337204261,429357596.16,316950086.7545721,1667125.92,1232472.172203687,0.736088589385622,0.0001334804795122,0.01,0.0,GREEDY_HV,"['SPC_MBFLIP', 'UC_NONE', 'TPC_NONE', 'UC_NONE', 'UC_NONE', 'SPC_MPOLY', 'UC_MNUF', 'TPC_NONE', 'SBX_NONE', 'UC_MPOLY', 'UC_NONE', 'SPC_MPOLY', 'SBX_MPOLY', 'TPC_NONE', 'UC_NONE', 'TPC_NONE', 'SPC_MPOLY', 'TPC_NONE', 'SPC_NONE', 'SBX_NONE', 'TPC_NONE', 'UC_NONE', 'SPC_MPOLY', 'UC_NONE', 'UC_NONE', 'UC_NONE']","{'UC_NONE': 9, 'TPC_NONE': 6, 'SPC_MPOLY': 4, 'UC_MNUF': 1, 'SBX_NONE': 2, 'UC_MPOLY': 1, 'SBX_MPOLY': 1, 'SPC_NONE': 1}"
30,26,SBX,NONE,0.6803341492933803,0.0361655021545502,452127127.04,324355492.2708581,1720197.28,1222499.5547642056,0.7373312830162988,0.0012426936306767,0.01,0.0,GREEDY_HV,"['SPC_MBFLIP', 'UC_NONE', 'TPC_NONE', 'UC_NONE', 'UC_NONE', 'SPC_MPOLY', 'UC_MNUF', 'TPC_NONE', 'SBX_NONE', 'UC_MPOLY', 'UC_NONE', 'SPC_MPOLY', 'SBX_MPOLY', 'TPC_NONE', 'UC_NONE', 'TPC_NONE', 'SPC_MPOLY', 'TPC_NONE', 'SPC_NONE', 'SBX_NONE', 'TPC_NONE', 'UC_NONE', 'SPC_MPOLY', 'UC_NONE', 'UC_NONE', 'UC_NONE', 'SBX_NONE']","{'UC_NONE': 9, 'TPC_NONE': 6, 'SPC_MPOLY': 4, 'UC_MNUF': 1, 'SBX_NONE': 3, 'UC_MPOLY': 1, 'SBX_MPOLY': 1, 'SPC_NONE': 1}"
30,27,SBX,NONE,0.6801059600409567,0.0363037346764006,437420439.04,299024411.649004,1703269.28,1182833.1103654993,0.7397841850087995,0.0024529019925007,0.0,0.0,GREEDY_HV,"['SPC_MBFLIP', 'UC_NONE', 'TPC_NONE', 'UC_NONE', 'UC_NONE', 'SPC_MPOLY', 'UC_MNUF', 'TPC_NONE', 'SBX_NONE', 'UC_MPOLY', 'UC_NONE', 'SPC_MPOLY', 'SBX_MPOLY', 'TPC_NONE', 'UC_NONE', 'TPC_NONE', 'SPC_MPOLY', 'TPC_NONE', 'SPC_NONE', 'SBX_NONE', 'TPC_NONE', 'UC_NONE', 'SPC_MPOLY', 'UC_NONE', 'UC_NONE', 'UC_NONE', 'SBX_NONE', 'SBX_NONE']","{'UC_NONE': 9, 'TPC_NONE': 6, 'SPC_MPOLY': 4, 'UC_MNUF': 1, 'SBX_NONE': 4, 'UC_MPOLY': 1, 'SBX_MPOLY': 1, 'SPC_NONE': 1}"
30,28,SPC,NONE,0.6795568540274192,0.0348043579028081,395431311.36,241674169.35839468,1504485.28,1009290.74634147,0.7400422474100405,0.000258062401241,0.01,0.0,GREEDY_HV,"['SPC_MBFLIP', 'UC_NONE', 'TPC_NONE', 'UC_NONE', 'UC_NONE', 'SPC_MPOLY', 'UC_MNUF', 'TPC_NONE', 'SBX_NONE', 'UC_MPOLY', 'UC_NONE', 'SPC_MPOLY', 'SBX_MPOLY', 'TPC_NONE', 'UC_NONE', 'TPC_NONE', 'SPC_MPOLY', 'TPC_NONE', 'SPC_NONE', 'SBX_NONE', 'TPC_NONE', 'UC_NONE', 'SPC_MPOLY', 'UC_NONE', 'UC_NONE', 'UC_NONE', 'SBX_NONE', 'SBX_NONE', 'SPC_NONE']","{'UC_NONE': 9, 'TPC_NONE': 6, 'SPC_MPOLY': 4, 'UC_MNUF': 1, 'SBX_NONE': 4, 'UC_MPOLY': 1, 'SBX_MPOLY': 1, 'SPC_NONE': 2}"
30,29,SPC,NONE,0.6817456899286681,0.0348906167849546,416829360.64,246389428.38321212,1500078.24,978255.8476165336,0.7401818964673994,0.0001396490573588,0.0,0.0,GREEDY_HV,"['SPC_MBFLIP', 'UC_NONE', 'TPC_NONE', 'UC_NONE', 'UC_NONE', 'SPC_MPOLY', 'UC_MNUF', 'TPC_NONE', 'SBX_NONE', 'UC_MPOLY', 'UC_NONE', 'SPC_MPOLY', 'SBX_MPOLY', 'TPC_NONE', 'UC_NONE', 'TPC_NONE', 'SPC_MPOLY', 'TPC_NONE', 'SPC_NONE', 'SBX_NONE', 'TPC_NONE', 'UC_NONE', 'SPC_MPOLY', 'UC_NONE', 'UC_NONE', 'UC_NONE', 'SBX_NONE', 'SBX_NONE', 'SPC_NONE', 'SPC_NONE']","{'UC_NONE': 9, 'TPC_NONE': 6, 'SPC_MPOLY': 4, 'UC_MNUF': 1, 'SBX_NONE': 4, 'UC_MPOLY': 1, 'SBX_MPOLY': 1, 'SPC_NONE': 3}"
30,30,TPC,NONE,0.6823257094628262,0.0323457185096508,410406245.12,254533270.51046225,1525098.4,1004004.0483819572,0.7402494140998349,6.751763243550979e-05,0.01,0.0,GREEDY_HV,"['SPC_MBFLIP', 'UC_NONE', 'TPC_NONE', 'UC_NONE', 'UC_NONE', 'SPC_MPOLY', 'UC_MNUF', 'TPC_NONE', 'SBX_NONE', 'UC_MPOLY', 'UC_NONE', 'SPC_MPOLY', 'SBX_MPOLY', 'TPC_NONE', 'UC_NONE', 'TPC_NONE', 'SPC_MPOLY', 'TPC_NONE', 'SPC_NONE', 'SBX_NONE', 'TPC_NONE', 'UC_NONE', 'SPC_MPOLY', 'UC_NONE', 'UC_NONE', 'UC_NONE', 'SBX_NONE', 'SBX_NONE', 'SPC_NONE', 'SPC_NONE', 'TPC_NONE']","{'UC_NONE': 9, 'TPC_NONE': 7, 'SPC_MPOLY': 4, 'UC_MNUF': 1, 'SBX_NONE': 4, 'UC_MPOLY': 1, 'SBX_MPOLY': 1, 'SPC_NONE': 3}"
30,31,SPC,NONE,0.6815205238454252,0.036086052968048,424716789.76,270849932.2086794,1573323.68,1045241.0448861916,0.7402758338794618,2.6419779626918327e-05,0.0,0.0,GREEDY_HV,"['SPC_MBFLIP', 'UC_NONE', 'TPC_NONE', 'UC_NONE', 'UC_NONE', 'SPC_MPOLY', 'UC_MNUF', 'TPC_NONE', 'SBX_NONE', 'UC_MPOLY', 'UC_NONE', 'SPC_MPOLY', 'SBX_MPOLY', 'TPC_NONE', 'UC_NONE', 'TPC_NONE', 'SPC_MPOLY', 'TPC_NONE', 'SPC_NONE', 'SBX_NONE', 'TPC_NONE', 'UC_NONE', 'SPC_MPOLY', 'UC_NONE', 'UC_NONE', 'UC_NONE', 'SBX_NONE', 'SBX_NONE', 'SPC_NONE', 'SPC_NONE', 'TPC_NONE', 'SPC_NONE']","{'UC_NONE': 9, 'TPC_NONE': 7, 'SPC_MPOLY': 4, 'UC_MNUF': 1, 'SBX_NONE': 4, 'UC_MPOLY': 1, 'SBX_MPOLY': 1, 'SPC_NONE': 4}"
30,32,SBX,NONE,0.6799235649738791,0.034864603737136,426654745.6,468885306.74194765,1508659.36,1094612.2344523242,0.7411086287979242,0.0008327949184623,0.0,0.0,GREEDY_HV,"['SPC_MBFLIP', 'UC_NONE', 'TPC_NONE', 'UC_NONE', 'UC_NONE', 'SPC_MPOLY', 'UC_MNUF', 'TPC_NONE', 'SBX_NONE', 'UC_MPOLY', 'UC_NONE', 'SPC_MPOLY', 'SBX_MPOLY', 'TPC_NONE', 'UC_NONE', 'TPC_NONE', 'SPC_MPOLY', 'TPC_NONE', 'SPC_NONE', 'SBX_NONE', 'TPC_NONE', 'UC_NONE', 'SPC_MPOLY', 'UC_NONE', 'UC_NONE', 'UC_NONE', 'SBX_NONE', 'SBX_NONE', 'SPC_NONE', 'SPC_NONE', 'TPC_NONE', 'SPC_NONE', 'SBX_NONE']","{'UC_NONE': 9, 'TPC_NONE': 7, 'SPC_MPOLY': 4, 'UC_MNUF': 1, 'SBX_NONE': 5, 'UC_MPOLY': 1, 'SBX_MPOLY': 1, 'SPC_NONE': 4}"
30,33,SPC,NONE,0.6800108901290304,0.0349045962918608,466386160.64,602543833.3173232,1522397.6,1125073.5543177966,0.7412663221780232,0.000157693380099,0.03,0.0,GREEDY_HV,"['SPC_MBFLIP', 'UC_NONE', 'TPC_NONE', 'UC_NONE', 'UC_NONE', 'SPC_MPOLY', 'UC_MNUF', 'TPC_NONE', 'SBX_NONE', 'UC_MPOLY', 'UC_NONE', 'SPC_MPOLY', 'SBX_MPOLY', 'TPC_NONE', 'UC_NONE', 'TPC_NONE', 'SPC_MPOLY', 'TPC_NONE', 'SPC_NONE', 'SBX_NONE', 'TPC_NONE', 'UC_NONE', 'SPC_MPOLY', 'UC_NONE', 'UC_NONE', 'UC_NONE', 'SBX_NONE', 'SBX_NONE', 'SPC_NONE', 'SPC_NONE', 'TPC_NONE', 'SPC_NONE', 'SBX_NONE', 'SPC_NONE']","{'UC_NONE': 9, 'TPC_NONE': 7, 'SPC_MPOLY': 4, 'UC_MNUF': 1, 'SBX_NONE': 5, 'UC_MPOLY': 1, 'SBX_MPOLY': 1, 'SPC_NONE': 5}"
30,34,TPC,NONE,0.6811764510053351,0.0345861675401539,508383797.76,740510783.6153847,1582594.72,1140259.807771107,0.7419311710736801,0.0006648488956568,0.01,0.0,GREEDY_HV,"['SPC_MBFLIP', 'UC_NONE', 'TPC_NONE', 'UC_NONE', 'UC_NONE', 'SPC_MPOLY', 'UC_MNUF', 'TPC_NONE', 'SBX_NONE', 'UC_MPOLY', 'UC_NONE', 'SPC_MPOLY', 'SBX_MPOLY', 'TPC_NONE', 'UC_NONE', 'TPC_NONE', 'SPC_MPOLY', 'TPC_NONE', 'SPC_NONE', 'SBX_NONE', 'TPC_NONE', 'UC_NONE', 'SPC_MPOLY', 'UC_NONE', 'UC_NONE', 'UC_NONE', 'SBX_NONE', 'SBX_NONE', 'SPC_NONE', 'SPC_NONE', 'TPC_NONE', 'SPC_NONE', 'SBX_NONE', 'SPC_NONE', 'TPC_NONE']","{'UC_NONE': 9, 'TPC_NONE': 8, 'SPC_MPOLY': 4, 'UC_MNUF': 1, 'SBX_NONE': 5, 'UC_MPOLY': 1, 'SBX_MPOLY': 1, 'SPC_NONE': 5}"
30,35,UC,NONE,0.6826374852142802,0.0344969910917956,608310228.48,997970814.7393374,1660546.72,1222789.170586116,0.7431377992641711,0.0012066281904909,0.0,0.0,GREEDY_HV,"['SPC_MBFLIP', 'UC_NONE', 'TPC_NONE', 'UC_NONE', 'UC_NONE', 'SPC_MPOLY', 'UC_MNUF', 'TPC_NONE', 'SBX_NONE', 'UC_MPOLY', 'UC_NONE', 'SPC_MPOLY', 'SBX_MPOLY', 'TPC_NONE', 'UC_NONE', 'TPC_NONE', 'SPC_MPOLY', 'TPC_NONE', 'SPC_NONE', 'SBX_NONE', 'TPC_NONE', 'UC_NONE', 'SPC_MPOLY', 'UC_NONE', 'UC_NONE', 'UC_NONE', 'SBX_NONE', 'SBX_NONE', 'SPC_NONE', 'SPC_NONE', 'TPC_NONE', 'SPC_NONE', 'SBX_NONE', 'SPC_NONE', 'TPC_NONE', 'UC_NONE']","{'UC_NONE': 10, 'TPC_NONE': 8, 'SPC_MPOLY': 4, 'UC_MNUF': 1, 'SBX_NONE': 5, 'UC_MPOLY': 1, 'SBX_MPOLY': 1, 'SPC_NONE': 5}"
30,36,UC,NONE,0.6821669183602173,0.0347104742428397,609616176.64,1027103800.646244,1644320.16,1232322.420258584,0.7431484888451327,1.0689580961620315e-05,0.03,0.0,GREEDY_HV,"['SPC_MBFLIP', 'UC_NONE', 'TPC_NONE', 'UC_NONE', 'UC_NONE', 'SPC_MPOLY', 'UC_MNUF', 'TPC_NONE', 'SBX_NONE', 'UC_MPOLY', 'UC_NONE', 'SPC_MPOLY', 'SBX_MPOLY', 'TPC_NONE', 'UC_NONE', 'TPC_NONE', 'SPC_MPOLY', 'TPC_NONE', 'SPC_NONE', 'SBX_NONE', 'TPC_NONE', 'UC_NONE', 'SPC_MPOLY', 'UC_NONE', 'UC_NONE', 'UC_NONE', 'SBX_NONE', 'SBX_NONE', 'SPC_NONE', 'SPC_NONE', 'TPC_NONE', 'SPC_NONE', 'SBX_NONE', 'SPC_NONE', 'TPC_NONE', 'UC_NONE', 'UC_NONE']","{'UC_NONE': 11, 'TPC_NONE': 8, 'SPC_MPOLY': 4, 'UC_MNUF': 1, 'SBX_NONE': 5, 'UC_MPOLY': 1, 'SBX_MPOLY': 1, 'SPC_NONE': 5}"
30,37,TPC,NONE,0.6828123844266711,0.0348187993541322,643932654.08,1097457935.979498,1706500.0,1270237.7421740862,0.7431854077871866,3.6918942053820736e-05,0.0,0.0,GREEDY_HV,"['SPC_MBFLIP', 'UC_NONE', 'TPC_NONE', 'UC_NONE', 'UC_NONE', 'SPC_MPOLY', 'UC_MNUF', 'TPC_NONE', 'SBX_NONE', 'UC_MPOLY', 'UC_NONE', 'SPC_MPOLY', 'SBX_MPOLY', 'TPC_NONE', 'UC_NONE', 'TPC_NONE', 'SPC_MPOLY', 'TPC_NONE', 'SPC_NONE', 'SBX_NONE', 'TPC_NONE', 'UC_NONE', 'SPC_MPOLY', 'UC_NONE', 'UC_NONE', 'UC_NONE', 'SBX_NONE', 'SBX_NONE', 'SPC_NONE', 'SPC_NONE', 'TPC_NONE', 'SPC_NONE', 'SBX_NONE', 'SPC_NONE', 'TPC_NONE', 'UC_NONE', 'UC_NONE', 'TPC_NONE']","{'UC_NONE': 11, 'TPC_NONE': 9, 'SPC_MPOLY': 4, 'UC_MNUF': 1, 'SBX_NONE': 5, 'UC_MPOLY': 1, 'SBX_MPOLY': 1, 'SPC_NONE': 5}"
30,38,UC,MPOLY,0.6804978970480872,0.034498451546802,479932623.36,791220841.9565071,1566379.68,1170966.9836408105,0.7436196518796687,0.0004342440924821,0.0,0.005,GREEDY_HV,"['SPC_MBFLIP', 'UC_NONE', 'TPC_NONE', 'UC_NONE', 'UC_NONE', 'SPC_MPOLY', 'UC_MNUF', 'TPC_NONE', 'SBX_NONE', 'UC_MPOLY', 'UC_NONE', 'SPC_MPOLY', 'SBX_MPOLY', 'TPC_NONE', 'UC_NONE', 'TPC_NONE', 'SPC_MPOLY', 'TPC_NONE', 'SPC_NONE', 'SBX_NONE', 'TPC_NONE', 'UC_NONE', 'SPC_MPOLY', 'UC_NONE', 'UC_NONE', 'UC_NONE', 'SBX_NONE', 'SBX_NONE', 'SPC_NONE', 'SPC_NONE', 'TPC_NONE', 'SPC_NONE', 'SBX_NONE', 'SPC_NONE', 'TPC_NONE', 'UC_NONE', 'UC_NONE', 'TPC_NONE', 'UC_MPOLY']","{'UC_NONE': 11, 'TPC_NONE': 9, 'SPC_MPOLY': 4, 'UC_MNUF': 1, 'SBX_NONE': 5, 'UC_MPOLY': 2, 'SBX_MPOLY': 1, 'SPC_NONE': 5}"
30,39,TPC,NONE,0.6832572236379992,0.0346008373042893,508693747.2,794064885.9733872,1660357.28,1192230.7617140403,0.743671893224077,5.224134440828809e-05,0.02,0.0,GREEDY_HV,"['SPC_MBFLIP', 'UC_NONE', 'TPC_NONE', 'UC_NONE', 'UC_NONE', 'SPC_MPOLY', 'UC_MNUF', 'TPC_NONE', 'SBX_NONE', 'UC_MPOLY', 'UC_NONE', 'SPC_MPOLY', 'SBX_MPOLY', 'TPC_NONE', 'UC_NONE', 'TPC_NONE', 'SPC_MPOLY', 'TPC_NONE', 'SPC_NONE', 'SBX_NONE', 'TPC_NONE', 'UC_NONE', 'SPC_MPOLY', 'UC_NONE', 'UC_NONE', 'UC_NONE', 'SBX_NONE', 'SBX_NONE', 'SPC_NONE', 'SPC_NONE', 'TPC_NONE', 'SPC_NONE', 'SBX_NONE', 'SPC_NONE', 'TPC_NONE', 'UC_NONE', 'UC_NONE', 'TPC_NONE', 'UC_MPOLY', 'TPC_NONE']","{'UC_NONE': 11, 'TPC_NONE': 10, 'SPC_MPOLY': 4, 'UC_MNUF': 1, 'SBX_NONE': 5, 'UC_MPOLY': 2, 'SBX_MPOLY': 1, 'SPC_NONE': 5}"
30,40,UC,NONE,0.6823334481789415,0.0348059894780253,513726635.52,797312783.2823814,1598515.36,1190078.4792502678,0.743680849547051,8.956322974040809e-06,0.0,0.0,GREEDY_HV,"['SPC_MBFLIP', 'UC_NONE', 'TPC_NONE', 'UC_NONE', 'UC_NONE', 'SPC_MPOLY', 'UC_MNUF', 'TPC_NONE', 'SBX_NONE', 'UC_MPOLY', 'UC_NONE', 'SPC_MPOLY', 'SBX_MPOLY', 'TPC_NONE', 'UC_NONE', 'TPC_NONE', 'SPC_MPOLY', 'TPC_NONE', 'SPC_NONE', 'SBX_NONE', 'TPC_NONE', 'UC_NONE', 'SPC_MPOLY', 'UC_NONE', 'UC_NONE', 'UC_NONE', 'SBX_NONE', 'SBX_NONE', 'SPC_NONE', 'SPC_NONE', 'TPC_NONE', 'SPC_NONE', 'SBX_NONE', 'SPC_NONE', 'TPC_NONE', 'UC_NONE', 'UC_NONE', 'TPC_NONE', 'UC_MPOLY', 'TPC_NONE', 'UC_NONE']","{'UC_NONE': 12, 'TPC_NONE': 10, 'SPC_MPOLY': 4, 'UC_MNUF': 1, 'SBX_NONE': 5, 'UC_MPOLY': 2, 'SBX_MPOLY': 1, 'SPC_NONE': 5}"
30,41,UC,NONE,0.6826604027218433,0.0350310686759643,514838049.28,799112317.5168234,1635493.28,1207039.518336447,0.7436653901454251,-1.5459401625950164e-05,0.0,0.0,GREEDY_HV,"['SPC_MBFLIP', 'UC_NONE', 'TPC_NONE', 'UC_NONE', 'UC_NONE', 'SPC_MPOLY', 'UC_MNUF', 'TPC_NONE', 'SBX_NONE', 'UC_MPOLY', 'UC_NONE', 'SPC_MPOLY', 'SBX_MPOLY', 'TPC_NONE', 'UC_NONE', 'TPC_NONE', 'SPC_MPOLY', 'TPC_NONE', 'SPC_NONE', 'SBX_NONE', 'TPC_NONE', 'UC_NONE', 'SPC_MPOLY', 'UC_NONE', 'UC_NONE', 'UC_NONE', 'SBX_NONE', 'SBX_NONE', 'SPC_NONE', 'SPC_NONE', 'TPC_NONE', 'SPC_NONE', 'SBX_NONE', 'SPC_NONE', 'TPC_NONE', 'UC_NONE', 'UC_NONE', 'TPC_NONE', 'UC_MPOLY', 'TPC_NONE', 'UC_NONE', 'UC_NONE']","{'UC_NONE': 13, 'TPC_NONE': 10, 'SPC_MPOLY': 4, 'UC_MNUF': 1, 'SBX_NONE': 5, 'UC_MPOLY': 2, 'SBX_MPOLY': 1, 'SPC_NONE': 5}"
30,42,SPC,NONE,0.6825369271504477,0.0364847900625864,533050602.24,800464795.556463,1548402.08,1146298.5447322149,0.7436409309387609,-2.445920666416246e-05,0.01,0.0,GREEDY_HV,"['SPC_MBFLIP', 'UC_NONE', 'TPC_NONE', 'UC_NONE', 'UC_NONE', 'SPC_MPOLY', 'UC_MNUF', 'TPC_NONE', 'SBX_NONE', 'UC_MPOLY', 'UC_NONE', 'SPC_MPOLY', 'SBX_MPOLY', 'TPC_NONE', 'UC_NONE', 'TPC_NONE', 'SPC_MPOLY', 'TPC_NONE', 'SPC_NONE', 'SBX_NONE', 'TPC_NONE', 'UC_NONE', 'SPC_MPOLY', 'UC_NONE', 'UC_NONE', 'UC_NONE', 'SBX_NONE', 'SBX_NONE', 'SPC_NONE', 'SPC_NONE', 'TPC_NONE', 'SPC_NONE', 'SBX_NONE', 'SPC_NONE', 'TPC_NONE', 'UC_NONE', 'UC_NONE', 'TPC_NONE', 'UC_MPOLY', 'TPC_NONE', 'UC_NONE', 'UC_NONE', 'SPC_NONE']","{'UC_NONE': 13, 'TPC_NONE': 10, 'SPC_MPOLY': 4, 'UC_MNUF': 1, 'SBX_NONE': 5, 'UC_MPOLY': 2, 'SBX_MPOLY': 1, 'SPC_NONE': 6}"
30,43,TPC,NONE,0.6816038797567381,0.0368836397460042,517756810.24,800256533.7056516,1609469.6,1180969.097121444,0.7436540575662101,1.312662744912263e-05,0.0,0.0,GREEDY_HV,"['SPC_MBFLIP', 'UC_NONE', 'TPC_NONE', 'UC_NONE', 'UC_NONE', 'SPC_MPOLY', 'UC_MNUF', 'TPC_NONE', 'SBX_NONE', 'UC_MPOLY', 'UC_NONE', 'SPC_MPOLY', 'SBX_MPOLY', 'TPC_NONE', 'UC_NONE', 'TPC_NONE', 'SPC_MPOLY', 'TPC_NONE', 'SPC_NONE', 'SBX_NONE', 'TPC_NONE', 'UC_NONE', 'SPC_MPOLY', 'UC_NONE', 'UC_NONE', 'UC_NONE', 'SBX_NONE', 'SBX_NONE', 'SPC_NONE', 'SPC_NONE', 'TPC_NONE', 'SPC_NONE', 'SBX_NONE', 'SPC_NONE', 'TPC_NONE', 'UC_NONE', 'UC_NONE', 'TPC_NONE', 'UC_MPOLY', 'TPC_NONE', 'UC_NONE', 'UC_NONE', 'SPC_NONE', 'TPC_NONE']","{'UC_NONE': 13, 'TPC_NONE': 11, 'SPC_MPOLY': 4, 'UC_MNUF': 1, 'SBX_NONE': 5, 'UC_MPOLY': 2, 'SBX_MPOLY': 1, 'SPC_NONE': 6}"
30,44,TPC,NONE,0.6803064777337159,0.0370764052493224,516210560.0,800720135.3497714,1531614.88,1182024.6360935906,0.7436208927427017,-3.316482350834704e-05,0.0,0.0,GREEDY_HV,"['SPC_MBFLIP', 'UC_NONE', 'TPC_NONE', 'UC_NONE', 'UC_NONE', 'SPC_MPOLY', 'UC_MNUF', 'TPC_NONE', 'SBX_NONE', 'UC_MPOLY', 'UC_NONE', 'SPC_MPOLY', 'SBX_MPOLY', 'TPC_NONE', 'UC_NONE', 'TPC_NONE', 'SPC_MPOLY', 'TPC_NONE', 'SPC_NONE', 'SBX_NONE', 'TPC_NONE', 'UC_NONE', 'SPC_MPOLY', 'UC_NONE', 'UC_NONE', 'UC_NONE', 'SBX_NONE', 'SBX_NONE', 'SPC_NONE', 'SPC_NONE', 'TPC_NONE', 'SPC_NONE', 'SBX_NONE', 'SPC_NONE', 'TPC_NONE', 'UC_NONE', 'UC_NONE', 'TPC_NONE', 'UC_MPOLY', 'TPC_NONE', 'UC_NONE', 'UC_NONE', 'SPC_NONE', 'TPC_NONE', 'TPC_NONE']","{'UC_NONE': 13, 'TPC_NONE': 12, 'SPC_MPOLY': 4, 'UC_MNUF': 1, 'SBX_NONE': 5, 'UC_MPOLY': 2, 'SBX_MPOLY': 1, 'SPC_NONE': 6}"
30,45,TPC,NONE,0.6807193073563883,0.0371946114065015,518412011.52,801148906.6863005,1597865.12,1195159.1174949156,0.7436762024168935,5.530967419176136e-05,0.0,0.0,GREEDY_HV,"['SPC_MBFLIP', 'UC_NONE', 'TPC_NONE', 'UC_NONE', 'UC_NONE', 'SPC_MPOLY', 'UC_MNUF', 'TPC_NONE', 'SBX_NONE', 'UC_MPOLY', 'UC_NONE', 'SPC_MPOLY', 'SBX_MPOLY', 'TPC_NONE', 'UC_NONE', 'TPC_NONE', 'SPC_MPOLY', 'TPC_NONE', 'SPC_NONE', 'SBX_NONE', 'TPC_NONE', 'UC_NONE', 'SPC_MPOLY', 'UC_NONE', 'UC_NONE', 'UC_NONE', 'SBX_NONE', 'SBX_NONE', 'SPC_NONE', 'SPC_NONE', 'TPC_NONE', 'SPC_NONE', 'SBX_NONE', 'SPC_NONE', 'TPC_NONE', 'UC_NONE', 'UC_NONE', 'TPC_NONE', 'UC_MPOLY', 'TPC_NONE', 'UC_NONE', 'UC_NONE', 'SPC_NONE', 'TPC_NONE', 'TPC_NONE', 'TPC_NONE']","{'UC_NONE': 13, 'TPC_NONE': 13, 'SPC_MPOLY': 4, 'UC_MNUF': 1, 'SBX_NONE': 5, 'UC_MPOLY': 2, 'SBX_MPOLY': 1, 'SPC_NONE': 6}"
30,46,UC,NONE,0.6801090940086425,0.0369037356733876,513704202.24,803474742.219184,1537047.2,1191696.962216553,0.7436601357640324,-1.6066652861024266e-05,0.0,0.0,GREEDY_HV,"['SPC_MBFLIP', 'UC_NONE', 'TPC_NONE', 'UC_NONE', 'UC_NONE', 'SPC_MPOLY', 'UC_MNUF', 'TPC_NONE', 'SBX_NONE', 'UC_MPOLY', 'UC_NONE', 'SPC_MPOLY', 'SBX_MPOLY', 'TPC_NONE', 'UC_NONE', 'TPC_NONE', 'SPC_MPOLY', 'TPC_NONE', 'SPC_NONE', 'SBX_NONE', 'TPC_NONE', 'UC_NONE', 'SPC_MPOLY', 'UC_NONE', 'UC_NONE', 'UC_NONE', 'SBX_NONE', 'SBX_NONE', 'SPC_NONE', 'SPC_NONE', 'TPC_NONE', 'SPC_NONE', 'SBX_NONE', 'SPC_NONE', 'TPC_NONE', 'UC_NONE', 'UC_NONE', 'TPC_NONE', 'UC_MPOLY', 'TPC_NONE', 'UC_NONE', 'UC_NONE', 'SPC_NONE', 'TPC_NONE', 'TPC_NONE', 'TPC_NONE', 'UC_NONE']","{'UC_NONE': 14, 'TPC_NONE': 13, 'SPC_MPOLY': 4, 'UC_MNUF': 1, 'SBX_NONE': 5, 'UC_MPOLY': 2, 'SBX_MPOLY': 1, 'SPC_NONE': 6}"
30,47,SPC,NONE,0.6811027305214644,0.0374009228763329,527366307.84,804199676.4863718,1566113.44,1177634.592184794,0.7436580331252238,-2.102638808620938e-06,0.0,0.0,GREEDY_HV,"['SPC_MBFLIP', 'UC_NONE', 'TPC_NONE', 'UC_NONE', 'UC_NONE', 'SPC_MPOLY', 'UC_MNUF', 'TPC_NONE', 'SBX_NONE', 'UC_MPOLY', 'UC_NONE', 'SPC_MPOLY', 'SBX_MPOLY', 'TPC_NONE', 'UC_NONE', 'TPC_NONE', 'SPC_MPOLY', 'TPC_NONE', 'SPC_NONE', 'SBX_NONE', 'TPC_NONE', 'UC_NONE', 'SPC_MPOLY', 'UC_NONE', 'UC_NONE', 'UC_NONE', 'SBX_NONE', 'SBX_NONE', 'SPC_NONE', 'SPC_NONE', 'TPC_NONE', 'SPC_NONE', 'SBX_NONE', 'SPC_NONE', 'TPC_NONE', 'UC_NONE', 'UC_NONE', 'TPC_NONE', 'UC_MPOLY', 'TPC_NONE', 'UC_NONE', 'UC_NONE', 'SPC_NONE', 'TPC_NONE', 'TPC_NONE', 'TPC_NONE', 'UC_NONE', 'SPC_NONE']","{'UC_NONE': 14, 'TPC_NONE': 13, 'SPC_MPOLY': 4, 'UC_MNUF': 1, 'SBX_NONE': 5, 'UC_MPOLY': 2, 'SBX_MPOLY': 1, 'SPC_NONE': 7}"
30,48,UC,NONE,0.682347026130881,0.037577320382319,547541678.08,805380796.4366351,1623449.76,1209022.0972670857,0.7436997362051317,4.170307990791766e-05,0.0,0.0,GREEDY_HV,"['SPC_MBFLIP', 'UC_NONE', 'TPC_NONE', 'UC_NONE', 'UC_NONE', 'SPC_MPOLY', 'UC_MNUF', 'TPC_NONE', 'SBX_NONE', 'UC_MPOLY', 'UC_NONE', 'SPC_MPOLY', 'SBX_MPOLY', 'TPC_NONE', 'UC_NONE', 'TPC_NONE', 'SPC_MPOLY', 'TPC_NONE', 'SPC_NONE', 'SBX_NONE', 'TPC_NONE', 'UC_NONE', 'SPC_MPOLY', 'UC_NONE', 'UC_NONE', 'UC_NONE', 'SBX_NONE', 'SBX_NONE', 'SPC_NONE', 'SPC_NONE', 'TPC_NONE', 'SPC_NONE', 'SBX_NONE', 'SPC_NONE', 'TPC_NONE', 'UC_NONE', 'UC_NONE', 'TPC_NONE', 'UC_MPOLY', 'TPC_NONE', 'UC_NONE', 'UC_NONE', 'SPC_NONE', 'TPC_NONE', 'TPC_NONE', 'TPC_NONE', 'UC_NONE', 'SPC_NONE', 'UC_NONE']","{'UC_NONE': 15, 'TPC_NONE': 13, 'SPC_MPOLY': 4, 'UC_MNUF': 1, 'SBX_NONE': 5, 'UC_MPOLY': 2, 'SBX_MPOLY': 1, 'SPC_NONE': 7}"
30,49,UC,NONE,0.681881136630236,0.0374320093893903,537745474.56,804253859.6313938,1678372.0,1242297.5813877769,0.7437112018214662,1.146561633447174e-05,0.0,0.0,GREEDY_HV,"['SPC_MBFLIP', 'UC_NONE', 'TPC_NONE', 'UC_NONE', 'UC_NONE', 'SPC_MPOLY', 'UC_MNUF', 'TPC_NONE', 'SBX_NONE', 'UC_MPOLY', 'UC_NONE', 'SPC_MPOLY', 'SBX_MPOLY', 'TPC_NONE', 'UC_NONE', 'TPC_NONE', 'SPC_MPOLY', 'TPC_NONE', 'SPC_NONE', 'SBX_NONE', 'TPC_NONE', 'UC_NONE', 'SPC_MPOLY', 'UC_NONE', 'UC_NONE', 'UC_NONE', 'SBX_NONE', 'SBX_NONE', 'SPC_NONE', 'SPC_NONE', 'TPC_NONE', 'SPC_NONE', 'SBX_NONE', 'SPC_NONE', 'TPC_NONE', 'UC_NONE', 'UC_NONE', 'TPC_NONE', 'UC_MPOLY', 'TPC_NONE', 'UC_NONE', 'UC_NONE', 'SPC_NONE', 'TPC_NONE', 'TPC_NONE', 'TPC_NONE', 'UC_NONE', 'SPC_NONE', 'UC_NONE', 'UC_NONE']","{'UC_NONE': 16, 'TPC_NONE': 13, 'SPC_MPOLY': 4, 'UC_MNUF': 1, 'SBX_NONE': 5, 'UC_MPOLY': 2, 'SBX_MPOLY': 1, 'SPC_NONE': 7}"
30,50,UC,NONE,0.6811976877848537,0.0377570972046089,535429135.36,807918942.7802484,1708016.8,1290651.519516186,0.7436702803161754,-4.092150529078076e-05,0.0,0.0,GREEDY_HV,"['SPC_MBFLIP', 'UC_NONE', 'TPC_NONE', 'UC_NONE', 'UC_NONE', 'SPC_MPOLY', 'UC_MNUF', 'TPC_NONE', 'SBX_NONE', 'UC_MPOLY', 'UC_NONE', 'SPC_MPOLY', 'SBX_MPOLY', 'TPC_NONE', 'UC_NONE', 'TPC_NONE', 'SPC_MPOLY', 'TPC_NONE', 'SPC_NONE', 'SBX_NONE', 'TPC_NONE', 'UC_NONE', 'SPC_MPOLY', 'UC_NONE', 'UC_NONE', 'UC_NONE', 'SBX_NONE', 'SBX_NONE', 'SPC_NONE', 'SPC_NONE', 'TPC_NONE', 'SPC_NONE', 'SBX_NONE', 'SPC_NONE', 'TPC_NONE', 'UC_NONE', 'UC_NONE', 'TPC_NONE', 'UC_MPOLY', 'TPC_NONE', 'UC_NONE', 'UC_NONE', 'SPC_NONE', 'TPC_NONE', 'TPC_NONE', 'TPC_NONE', 'UC_NONE', 'SPC_NONE', 'UC_NONE', 'UC_NONE', 'UC_NONE']","{'UC_NONE': 17, 'TPC_NONE': 13, 'SPC_MPOLY': 4, 'UC_MNUF': 1, 'SBX_NONE': 5, 'UC_MPOLY': 2, 'SBX_MPOLY': 1, 'SPC_NONE': 7}"
30,51,UC,NONE,0.6823885863439115,0.0376381202894761,546004664.32,807297707.0042694,1732617.12,1287708.8514996022,0.7436646219419916,-5.658374183870052e-06,0.0,0.0,GREEDY_HV,"['SPC_MBFLIP', 'UC_NONE', 'TPC_NONE', 'UC_NONE', 'UC_NONE', 'SPC_MPOLY', 'UC_MNUF', 'TPC_NONE', 'SBX_NONE', 'UC_MPOLY', 'UC_NONE', 'SPC_MPOLY', 'SBX_MPOLY', 'TPC_NONE', 'UC_NONE', 'TPC_NONE', 'SPC_MPOLY', 'TPC_NONE', 'SPC_NONE', 'SBX_NONE', 'TPC_NONE', 'UC_NONE', 'SPC_MPOLY', 'UC_NONE', 'UC_NONE', 'UC_NONE', 'SBX_NONE', 'SBX_NONE', 'SPC_NONE', 'SPC_NONE', 'TPC_NONE', 'SPC_NONE', 'SBX_NONE', 'SPC_NONE', 'TPC_NONE', 'UC_NONE', 'UC_NONE', 'TPC_NONE', 'UC_MPOLY', 'TPC_NONE', 'UC_NONE', 'UC_NONE', 'SPC_NONE', 'TPC_NONE', 'TPC_NONE', 'TPC_NONE', 'UC_NONE', 'SPC_NONE', 'UC_NONE', 'UC_NONE', 'UC_NONE', 'UC_NONE']","{'UC_NONE': 18, 'TPC_NONE': 13, 'SPC_MPOLY': 4, 'UC_MNUF': 1, 'SBX_NONE': 5, 'UC_MPOLY': 2, 'SBX_MPOLY': 1, 'SPC_NONE': 7}"
30,52,UC,NONE,0.6824586545832461,0.0376116298847737,557567436.8,807943263.3696641,1688440.48,1275611.732075403,0.7436748607780558,1.0238836064213608e-05,0.0,0.0,GREEDY_HV,"['SPC_MBFLIP', 'UC_NONE', 'TPC_NONE', 'UC_NONE', 'UC_NONE', 'SPC_MPOLY', 'UC_MNUF', 'TPC_NONE', 'SBX_NONE', 'UC_MPOLY', 'UC_NONE', 'SPC_MPOLY', 'SBX_MPOLY', 'TPC_NONE', 'UC_NONE', 'TPC_NONE', 'SPC_MPOLY', 'TPC_NONE', 'SPC_NONE', 'SBX_NONE', 'TPC_NONE', 'UC_NONE', 'SPC_MPOLY', 'UC_NONE', 'UC_NONE', 'UC_NONE', 'SBX_NONE', 'SBX_NONE', 'SPC_NONE', 'SPC_NONE', 'TPC_NONE', 'SPC_NONE', 'SBX_NONE', 'SPC_NONE', 'TPC_NONE', 'UC_NONE', 'UC_NONE', 'TPC_NONE', 'UC_MPOLY', 'TPC_NONE', 'UC_NONE', 'UC_NONE', 'SPC_NONE', 'TPC_NONE', 'TPC_NONE', 'TPC_NONE', 'UC_NONE', 'SPC_NONE', 'UC_NONE', 'UC_NONE', 'UC_NONE', 'UC_NONE', 'UC_NONE']","{'UC_NONE': 19, 'TPC_NONE': 13, 'SPC_MPOLY': 4, 'UC_MNUF': 1, 'SBX_NONE': 5, 'UC_MPOLY': 2, 'SBX_MPOLY': 1, 'SPC_NONE': 7}"
30,53,TPC,NONE,0.6818193119298367,0.0380113309094553,552451568.64,807038746.5985346,1682951.84,1281485.2232631848,0.7436900010229106,1.5140244854827678e-05,0.0,0.0,GREEDY_HV,"['SPC_MBFLIP', 'UC_NONE', 'TPC_NONE', 'UC_NONE', 'UC_NONE', 'SPC_MPOLY', 'UC_MNUF', 'TPC_NONE', 'SBX_NONE', 'UC_MPOLY', 'UC_NONE', 'SPC_MPOLY', 'SBX_MPOLY', 'TPC_NONE', 'UC_NONE', 'TPC_NONE', 'SPC_MPOLY', 'TPC_NONE', 'SPC_NONE', 'SBX_NONE', 'TPC_NONE', 'UC_NONE', 'SPC_MPOLY', 'UC_NONE', 'UC_NONE', 'UC_NONE', 'SBX_NONE', 'SBX_NONE', 'SPC_NONE', 'SPC_NONE', 'TPC_NONE', 'SPC_NONE', 'SBX_NONE', 'SPC_NONE', 'TPC_NONE', 'UC_NONE', 'UC_NONE', 'TPC_NONE', 'UC_MPOLY', 'TPC_NONE', 'UC_NONE', 'UC_NONE', 'SPC_NONE', 'TPC_NONE', 'TPC_NONE', 'TPC_NONE', 'UC_NONE', 'SPC_NONE', 'UC_NONE', 'UC_NONE', 'UC_NONE', 'UC_NONE', 'UC_NONE', 'TPC_NONE']","{'UC_NONE': 19, 'TPC_NONE': 14, 'SPC_MPOLY': 4, 'UC_MNUF': 1, 'SBX_NONE': 5, 'UC_MPOLY': 2, 'SBX_MPOLY': 1, 'SPC_NONE': 7}"
30,54,UC,NONE,0.6819045013107621,0.0372045867749569,535230433.28,805162040.3883448,1707631.52,1276594.468466071,0.7436848700218688,-5.131001041824845e-06,0.0,0.0,GREEDY_HV,"['SPC_MBFLIP', 'UC_NONE', 'TPC_NONE', 'UC_NONE', 'UC_NONE', 'SPC_MPOLY', 'UC_MNUF', 'TPC_NONE', 'SBX_NONE', 'UC_MPOLY', 'UC_NONE', 'SPC_MPOLY', 'SBX_MPOLY', 'TPC_NONE', 'UC_NONE', 'TPC_NONE', 'SPC_MPOLY', 'TPC_NONE', 'SPC_NONE', 'SBX_NONE', 'TPC_NONE', 'UC_NONE', 'SPC_MPOLY', 'UC_NONE', 'UC_NONE', 'UC_NONE', 'SBX_NONE', 'SBX_NONE', 'SPC_NONE', 'SPC_NONE', 'TPC_NONE', 'SPC_NONE', 'SBX_NONE', 'SPC_NONE', 'TPC_NONE', 'UC_NONE', 'UC_NONE', 'TPC_NONE', 'UC_MPOLY', 'TPC_NONE', 'UC_NONE', 'UC_NONE', 'SPC_NONE', 'TPC_NONE', 'TPC_NONE', 'TPC_NONE', 'UC_NONE', 'SPC_NONE', 'UC_NONE', 'UC_NONE', 'UC_NONE', 'UC_NONE', 'UC_NONE', 'TPC_NONE', 'UC_NONE']","{'UC_NONE': 20, 'TPC_NONE': 14, 'SPC_MPOLY': 4, 'UC_MNUF': 1, 'SBX_NONE': 5, 'UC_MPOLY': 2, 'SBX_MPOLY': 1, 'SPC_NONE': 7}"
30,55,TPC,NONE,0.6811010862622928,0.0376098509478568,536265932.8,806379283.5521767,1685670.56,1288537.057758079,0.743733215715874,4.834569400524735e-05,0.0,0.0,GREEDY_HV,"['SPC_MBFLIP', 'UC_NONE', 'TPC_NONE', 'UC_NONE', 'UC_NONE', 'SPC_MPOLY', 'UC_MNUF', 'TPC_NONE', 'SBX_NONE', 'UC_MPOLY', 'UC_NONE', 'SPC_MPOLY', 'SBX_MPOLY', 'TPC_NONE', 'UC_NONE', 'TPC_NONE', 'SPC_MPOLY', 'TPC_NONE', 'SPC_NONE', 'SBX_NONE', 'TPC_NONE', 'UC_NONE', 'SPC_MPOLY', 'UC_NONE', 'UC_NONE', 'UC_NONE', 'SBX_NONE', 'SBX_NONE', 'SPC_NONE', 'SPC_NONE', 'TPC_NONE', 'SPC_NONE', 'SBX_NONE', 'SPC_NONE', 'TPC_NONE', 'UC_NONE', 'UC_NONE', 'TPC_NONE', 'UC_MPOLY', 'TPC_NONE', 'UC_NONE', 'UC_NONE', 'SPC_NONE', 'TPC_NONE', 'TPC_NONE', 'TPC_NONE', 'UC_NONE', 'SPC_NONE', 'UC_NONE', 'UC_NONE', 'UC_NONE', 'UC_NONE', 'UC_NONE', 'TPC_NONE', 'UC_NONE', 'TPC_NONE']","{'UC_NONE': 20, 'TPC_NONE': 15, 'SPC_MPOLY': 4, 'UC_MNUF': 1, 'SBX_NONE': 5, 'UC_MPOLY': 2, 'SBX_MPOLY': 1, 'SPC_NONE': 7}"
30,56,UC,NONE,0.680716261155973,0.0376278309729142,531411210.24,806632487.7223358,1656569.76,1291436.5904077296,0.7437284113215819,-4.804394292179381e-06,0.01,0.0,GREEDY_HV,"['SPC_MBFLIP', 'UC_NONE', 'TPC_NONE', 'UC_NONE', 'UC_NONE', 'SPC_MPOLY', 'UC_MNUF', 'TPC_NONE', 'SBX_NONE', 'UC_MPOLY', 'UC_NONE', 'SPC_MPOLY', 'SBX_MPOLY', 'TPC_NONE', 'UC_NONE', 'TPC_NONE', 'SPC_MPOLY', 'TPC_NONE', 'SPC_NONE', 'SBX_NONE', 'TPC_NONE', 'UC_NONE', 'SPC_MPOLY', 'UC_NONE', 'UC_NONE', 'UC_NONE', 'SBX_NONE', 'SBX_NONE', 'SPC_NONE', 'SPC_NONE', 'TPC_NONE', 'SPC_NONE', 'SBX_NONE', 'SPC_NONE', 'TPC_NONE', 'UC_NONE', 'UC_NONE', 'TPC_NONE', 'UC_MPOLY', 'TPC_NONE', 'UC_NONE', 'UC_NONE', 'SPC_NONE', 'TPC_NONE', 'TPC_NONE', 'TPC_NONE', 'UC_NONE', 'SPC_NONE', 'UC_NONE', 'UC_NONE', 'UC_NONE', 'UC_NONE', 'UC_NONE', 'TPC_NONE', 'UC_NONE', 'TPC_NONE', 'UC_NONE']","{'UC_NONE': 21, 'TPC_NONE': 15, 'SPC_MPOLY': 4, 'UC_MNUF': 1, 'SBX_NONE': 5, 'UC_MPOLY': 2, 'SBX_MPOLY': 1, 'SPC_NONE': 7}"
30,57,UC,NONE,0.6810148561944769,0.0372589069207558,527621401.6,804125959.8558613,1687691.68,1294596.13255516,0.7437160791980938,-1.23321234880569e-05,0.0,0.0,GREEDY_HV,"['SPC_MBFLIP', 'UC_NONE', 'TPC_NONE', 'UC_NONE', 'UC_NONE', 'SPC_MPOLY', 'UC_MNUF', 'TPC_NONE', 'SBX_NONE', 'UC_MPOLY', 'UC_NONE', 'SPC_MPOLY', 'SBX_MPOLY', 'TPC_NONE', 'UC_NONE', 'TPC_NONE', 'SPC_MPOLY', 'TPC_NONE', 'SPC_NONE', 'SBX_NONE', 'TPC_NONE', 'UC_NONE', 'SPC_MPOLY', 'UC_NONE', 'UC_NONE', 'UC_NONE', 'SBX_NONE', 'SBX_NONE', 'SPC_NONE', 'SPC_NONE', 'TPC_NONE', 'SPC_NONE', 'SBX_NONE', 'SPC_NONE', 'TPC_NONE', 'UC_NONE', 'UC_NONE', 'TPC_NONE', 'UC_MPOLY', 'TPC_NONE', 'UC_NONE', 'UC_NONE', 'SPC_NONE', 'TPC_NONE', 'TPC_NONE', 'TPC_NONE', 'UC_NONE', 'SPC_NONE', 'UC_NONE', 'UC_NONE', 'UC_NONE', 'UC_NONE', 'UC_NONE', 'TPC_NONE', 'UC_NONE', 'TPC_NONE', 'UC_NONE', 'UC_NONE']","{'UC_NONE': 22, 'TPC_NONE': 15, 'SPC_MPOLY': 4, 'UC_MNUF': 1, 'SBX_NONE': 5, 'UC_MPOLY': 2, 'SBX_MPOLY': 1, 'SPC_NONE': 7}"
30,58,TPC,NONE,0.6806013452809974,0.037565126186129,534270658.56,805971859.7949475,1641326.24,1289584.3096048364,0.7437124734838093,-3.6057142844825303e-06,0.02,0.0,GREEDY_HV,"['SPC_MBFLIP', 'UC_NONE', 'TPC_NONE', 'UC_NONE', 'UC_NONE', 'SPC_MPOLY', 'UC_MNUF', 'TPC_NONE', 'SBX_NONE', 'UC_MPOLY', 'UC_NONE', 'SPC_MPOLY', 'SBX_MPOLY', 'TPC_NONE', 'UC_NONE', 'TPC_NONE', 'SPC_MPOLY', 'TPC_NONE', 'SPC_NONE', 'SBX_NONE', 'TPC_NONE', 'UC_NONE', 'SPC_MPOLY', 'UC_NONE', 'UC_NONE', 'UC_NONE', 'SBX_NONE', 'SBX_NONE', 'SPC_NONE', 'SPC_NONE', 'TPC_NONE', 'SPC_NONE', 'SBX_NONE', 'SPC_NONE', 'TPC_NONE', 'UC_NONE', 'UC_NONE', 'TPC_NONE', 'UC_MPOLY', 'TPC_NONE', 'UC_NONE', 'UC_NONE', 'SPC_NONE', 'TPC_NONE', 'TPC_NONE', 'TPC_NONE', 'UC_NONE', 'SPC_NONE', 'UC_NONE', 'UC_NONE', 'UC_NONE', 'UC_NONE', 'UC_NONE', 'TPC_NONE', 'UC_NONE', 'TPC_NONE', 'UC_NONE', 'UC_NONE', 'TPC_NONE']","{'UC_NONE': 22, 'TPC_NONE': 16, 'SPC_MPOLY': 4, 'UC_MNUF': 1, 'SBX_NONE': 5, 'UC_MPOLY': 2, 'SBX_MPOLY': 1, 'SPC_NONE': 7}"
30,59,UC,NONE,0.6816952998490992,0.0374387647875629,534750218.24,803653732.706666,1719920.8,1279636.634632066,0.7437132280332647,7.545494553617971e-07,0.0,0.0,GREEDY_HV,"['SPC_MBFLIP', 'UC_NONE', 'TPC_NONE', 'UC_NONE', 'UC_NONE', 'SPC_MPOLY', 'UC_MNUF', 'TPC_NONE', 'SBX_NONE', 'UC_MPOLY', 'UC_NONE', 'SPC_MPOLY', 'SBX_MPOLY', 'TPC_NONE', 'UC_NONE', 'TPC_NONE', 'SPC_MPOLY', 'TPC_NONE', 'SPC_NONE', 'SBX_NONE', 'TPC_NONE', 'UC_NONE', 'SPC_MPOLY', 'UC_NONE', 'UC_NONE', 'UC_NONE', 'SBX_NONE', 'SBX_NONE', 'SPC_NONE', 'SPC_NONE', 'TPC_NONE', 'SPC_NONE', 'SBX_NONE', 'SPC_NONE', 'TPC_NONE', 'UC_NONE', 'UC_NONE', 'TPC_NONE', 'UC_MPOLY', 'TPC_NONE', 'UC_NONE', 'UC_NONE', 'SPC_NONE', 'TPC_NONE', 'TPC_NONE', 'TPC_NONE', 'UC_NONE', 'SPC_NONE', 'UC_NONE', 'UC_NONE', 'UC_NONE', 'UC_NONE', 'UC_NONE', 'TPC_NONE', 'UC_NONE', 'TPC_NONE', 'UC_NONE', 'UC_NONE', 'TPC_NONE', 'UC_NONE']","{'UC_NONE': 23, 'TPC_NONE': 16, 'SPC_MPOLY': 4, 'UC_MNUF': 1, 'SBX_NONE': 5, 'UC_MPOLY': 2, 'SBX_MPOLY': 1, 'SPC_NONE': 7}"
30,60,SPC,NONE,0.6808100749194075,0.0374354372742571,524587719.68,806245998.5724869,1721412.0,1295804.1283055707,0.7437141665138682,9.3848060356283e-07,0.0,0.0,GREEDY_HV,"['SPC_MBFLIP', 'UC_NONE', 'TPC_NONE', 'UC_NONE', 'UC_NONE', 'SPC_MPOLY', 'UC_MNUF', 'TPC_NONE', 'SBX_NONE', 'UC_MPOLY', 'UC_NONE', 'SPC_MPOLY', 'SBX_MPOLY', 'TPC_NONE', 'UC_NONE', 'TPC_NONE', 'SPC_MPOLY', 'TPC_NONE', 'SPC_NONE', 'SBX_NONE', 'TPC_NONE', 'UC_NONE', 'SPC_MPOLY', 'UC_NONE', 'UC_NONE', 'UC_NONE', 'SBX_NONE', 'SBX_NONE', 'SPC_NONE', 'SPC_NONE', 'TPC_NONE', 'SPC_NONE', 'SBX_NONE', 'SPC_NONE', 'TPC_NONE', 'UC_NONE', 'UC_NONE', 'TPC_NONE', 'UC_MPOLY', 'TPC_NONE', 'UC_NONE', 'UC_NONE', 'SPC_NONE', 'TPC_NONE', 'TPC_NONE', 'TPC_NONE', 'UC_NONE', 'SPC_NONE', 'UC_NONE', 'UC_NONE', 'UC_NONE', 'UC_NONE', 'UC_NONE', 'TPC_NONE', 'UC_NONE', 'TPC_NONE', 'UC_NONE', 'UC_NONE', 'TPC_NONE', 'UC_NONE', 'SPC_NONE']","{'UC_NONE': 23, 'TPC_NONE': 16, 'SPC_MPOLY': 4, 'UC_MNUF': 1, 'SBX_NONE': 5, 'UC_MPOLY': 2, 'SBX_MPOLY': 1, 'SPC_NONE': 8}"
30,61,SPC,NONE,0.6802533287788869,0.0372784600385873,512353059.84,803680479.0401944,1702005.92,1296479.09888411,0.7437237609750926,9.594461224393667e-06,0.0,0.0,GREEDY_HV,"['SPC_MBFLIP', 'UC_NONE', 'TPC_NONE', 'UC_NONE', 'UC_NONE', 'SPC_MPOLY', 'UC_MNUF', 'TPC_NONE', 'SBX_NONE', 'UC_MPOLY', 'UC_NONE', 'SPC_MPOLY', 'SBX_MPOLY', 'TPC_NONE', 'UC_NONE', 'TPC_NONE', 'SPC_MPOLY', 'TPC_NONE', 'SPC_NONE', 'SBX_NONE', 'TPC_NONE', 'UC_NONE', 'SPC_MPOLY', 'UC_NONE', 'UC_NONE', 'UC_NONE', 'SBX_NONE', 'SBX_NONE', 'SPC_NONE', 'SPC_NONE', 'TPC_NONE', 'SPC_NONE', 'SBX_NONE', 'SPC_NONE', 'TPC_NONE', 'UC_NONE', 'UC_NONE', 'TPC_NONE', 'UC_MPOLY', 'TPC_NONE', 'UC_NONE', 'UC_NONE', 'SPC_NONE', 'TPC_NONE', 'TPC_NONE', 'TPC_NONE', 'UC_NONE', 'SPC_NONE', 'UC_NONE', 'UC_NONE', 'UC_NONE', 'UC_NONE', 'UC_NONE', 'TPC_NONE', 'UC_NONE', 'TPC_NONE', 'UC_NONE', 'UC_NONE', 'TPC_NONE', 'UC_NONE', 'SPC_NONE', 'SPC_NONE']","{'UC_NONE': 23, 'TPC_NONE': 16, 'SPC_MPOLY': 4, 'UC_MNUF': 1, 'SBX_NONE': 5, 'UC_MPOLY': 2, 'SBX_MPOLY': 1, 'SPC_NONE': 9}"
30,62,UC,NONE,0.6806667841038796,0.0374000009014199,521581752.32,807986015.5098909,1679773.6,1295633.7293550826,0.7437667308887064,4.2969913613744026e-05,0.0,0.0,GREEDY_HV,"['SPC_MBFLIP', 'UC_NONE', 'TPC_NONE', 'UC_NONE', 'UC_NONE', 'SPC_MPOLY', 'UC_MNUF', 'TPC_NONE', 'SBX_NONE', 'UC_MPOLY', 'UC_NONE', 'SPC_MPOLY', 'SBX_MPOLY', 'TPC_NONE', 'UC_NONE', 'TPC_NONE', 'SPC_MPOLY', 'TPC_NONE', 'SPC_NONE', 'SBX_NONE', 'TPC_NONE', 'UC_NONE', 'SPC_MPOLY', 'UC_NONE', 'UC_NONE', 'UC_NONE', 'SBX_NONE', 'SBX_NONE', 'SPC_NONE', 'SPC_NONE', 'TPC_NONE', 'SPC_NONE', 'SBX_NONE', 'SPC_NONE', 'TPC_NONE', 'UC_NONE', 'UC_NONE', 'TPC_NONE', 'UC_MPOLY', 'TPC_NONE', 'UC_NONE', 'UC_NONE', 'SPC_NONE', 'TPC_NONE', 'TPC_NONE', 'TPC_NONE', 'UC_NONE', 'SPC_NONE', 'UC_NONE', 'UC_NONE', 'UC_NONE', 'UC_NONE', 'UC_NONE', 'TPC_NONE', 'UC_NONE', 'TPC_NONE', 'UC_NONE', 'UC_NONE', 'TPC_NONE', 'UC_NONE', 'SPC_NONE', 'SPC_NONE', 'UC_NONE']","{'UC_NONE': 24, 'TPC_NONE': 16, 'SPC_MPOLY': 4, 'UC_MNUF': 1, 'SBX_NONE': 5, 'UC_MPOLY': 2, 'SBX_MPOLY': 1, 'SPC_NONE': 9}"
30,63,UC,NONE,0.6811349678213396,0.0374503856559686,530154485.76,806355468.9421384,1695274.4,1272902.1390007322,0.7437374152906115,-2.931559809482565e-05,0.01,0.0,GREEDY_HV,"['SPC_MBFLIP', 'UC_NONE', 'TPC_NONE', 'UC_NONE', 'UC_NONE', 'SPC_MPOLY', 'UC_MNUF', 'TPC_NONE', 'SBX_NONE', 'UC_MPOLY', 'UC_NONE', 'SPC_MPOLY', 'SBX_MPOLY', 'TPC_NONE', 'UC_NONE', 'TPC_NONE', 'SPC_MPOLY', 'TPC_NONE', 'SPC_NONE', 'SBX_NONE', 'TPC_NONE', 'UC_NONE', 'SPC_MPOLY', 'UC_NONE', 'UC_NONE', 'UC_NONE', 'SBX_NONE', 'SBX_NONE', 'SPC_NONE', 'SPC_NONE', 'TPC_NONE', 'SPC_NONE', 'SBX_NONE', 'SPC_NONE', 'TPC_NONE', 'UC_NONE', 'UC_NONE', 'TPC_NONE', 'UC_MPOLY', 'TPC_NONE', 'UC_NONE', 'UC_NONE', 'SPC_NONE', 'TPC_NONE', 'TPC_NONE', 'TPC_NONE', 'UC_NONE', 'SPC_NONE', 'UC_NONE', 'UC_NONE', 'UC_NONE', 'UC_NONE', 'UC_NONE', 'TPC_NONE', 'UC_NONE', 'TPC_NONE', 'UC_NONE', 'UC_NONE', 'TPC_NONE', 'UC_NONE', 'SPC_NONE', 'SPC_NONE', 'UC_NONE', 'UC_NONE']","{'UC_NONE': 25, 'TPC_NONE': 16, 'SPC_MPOLY': 4, 'UC_MNUF': 1, 'SBX_NONE': 5, 'UC_MPOLY': 2, 'SBX_MPOLY': 1, 'SPC_NONE': 9}"
30,64,TPC,NONE,0.6814048737864299,0.0377298154730812,539688980.48,808357396.2862102,1679180.96,1238033.6788653363,0.7437114875297207,-2.592776089083149e-05,0.0,0.0,GREEDY_HV,"['SPC_MBFLIP', 'UC_NONE', 'TPC_NONE', 'UC_NONE', 'UC_NONE', 'SPC_MPOLY', 'UC_MNUF', 'TPC_NONE', 'SBX_NONE', 'UC_MPOLY', 'UC_NONE', 'SPC_MPOLY', 'SBX_MPOLY', 'TPC_NONE', 'UC_NONE', 'TPC_NONE', 'SPC_MPOLY', 'TPC_NONE', 'SPC_NONE', 'SBX_NONE', 'TPC_NONE', 'UC_NONE', 'SPC_MPOLY', 'UC_NONE', 'UC_NONE', 'UC_NONE', 'SBX_NONE', 'SBX_NONE', 'SPC_NONE', 'SPC_NONE', 'TPC_NONE', 'SPC_NONE', 'SBX_NONE', 'SPC_NONE', 'TPC_NONE', 'UC_NONE', 'UC_NONE', 'TPC_NONE', 'UC_MPOLY', 'TPC_NONE', 'UC_NONE', 'UC_NONE', 'SPC_NONE', 'TPC_NONE', 'TPC_NONE', 'TPC_NONE', 'UC_NONE', 'SPC_NONE', 'UC_NONE', 'UC_NONE', 'UC_NONE', 'UC_NONE', 'UC_NONE', 'TPC_NONE', 'UC_NONE', 'TPC_NONE', 'UC_NONE', 'UC_NONE', 'TPC_NONE', 'UC_NONE', 'SPC_NONE', 'SPC_NONE', 'UC_NONE', 'UC_NONE', 'TPC_NONE']","{'UC_NONE': 25, 'TPC_NONE': 17, 'SPC_MPOLY': 4, 'UC_MNUF': 1, 'SBX_NONE': 5, 'UC_MPOLY': 2, 'SBX_MPOLY': 1, 'SPC_NONE': 9}"
30,65,TPC,NONE,0.6802437217948315,0.0375274602029778,517922048.0,805878918.8611953,1672418.72,1287024.663776713,0.7436675588991143,-4.392863060642682e-05,0.0,0.0,GREEDY_HV,"['SPC_MBFLIP', 'UC_NONE', 'TPC_NONE', 'UC_NONE', 'UC_NONE', 'SPC_MPOLY', 'UC_MNUF', 'TPC_NONE', 'SBX_NONE', 'UC_MPOLY', 'UC_NONE', 'SPC_MPOLY', 'SBX_MPOLY', 'TPC_NONE', 'UC_NONE', 'TPC_NONE', 'SPC_MPOLY', 'TPC_NONE', 'SPC_NONE', 'SBX_NONE', 'TPC_NONE', 'UC_NONE', 'SPC_MPOLY', 'UC_NONE', 'UC_NONE', 'UC_NONE', 'SBX_NONE', 'SBX_NONE', 'SPC_NONE', 'SPC_NONE', 'TPC_NONE', 'SPC_NONE', 'SBX_NONE', 'SPC_NONE', 'TPC_NONE', 'UC_NONE', 'UC_NONE', 'TPC_NONE', 'UC_MPOLY', 'TPC_NONE', 'UC_NONE', 'UC_NONE', 'SPC_NONE', 'TPC_NONE', 'TPC_NONE', 'TPC_NONE', 'UC_NONE', 'SPC_NONE', 'UC_NONE', 'UC_NONE', 'UC_NONE', 'UC_NONE', 'UC_NONE', 'TPC_NONE', 'UC_NONE', 'TPC_NONE', 'UC_NONE', 'UC_NONE', 'TPC_NONE', 'UC_NONE', 'SPC_NONE', 'SPC_NONE', 'UC_NONE', 'UC_NONE', 'TPC_NONE', 'TPC_NONE']","{'UC_NONE': 25, 'TPC_NONE': 18, 'SPC_MPOLY': 4, 'UC_MNUF': 1, 'SBX_NONE': 5, 'UC_MPOLY': 2, 'SBX_MPOLY': 1, 'SPC_NONE': 9}"
30,66,TPC,NONE,0.6817636632197714,0.0379788786423147,537515714.56,808983476.963896,1743940.0,1285700.6042547852,0.7436763181709755,8.759271861169537e-06,0.0,0.0,GREEDY_HV,"['SPC_MBFLIP', 'UC_NONE', 'TPC_NONE', 'UC_NONE', 'UC_NONE', 'SPC_MPOLY', 'UC_MNUF', 'TPC_NONE', 'SBX_NONE', 'UC_MPOLY', 'UC_NONE', 'SPC_MPOLY', 'SBX_MPOLY', 'TPC_NONE', 'UC_NONE', 'TPC_NONE', 'SPC_MPOLY', 'TPC_NONE', 'SPC_NONE', 'SBX_NONE', 'TPC_NONE', 'UC_NONE', 'SPC_MPOLY', 'UC_NONE', 'UC_NONE', 'UC_NONE', 'SBX_NONE', 'SBX_NONE', 'SPC_NONE', 'SPC_NONE', 'TPC_NONE', 'SPC_NONE', 'SBX_NONE', 'SPC_NONE', 'TPC_NONE', 'UC_NONE', 'UC_NONE', 'TPC_NONE', 'UC_MPOLY', 'TPC_NONE', 'UC_NONE', 'UC_NONE', 'SPC_NONE', 'TPC_NONE', 'TPC_NONE', 'TPC_NONE', 'UC_NONE', 'SPC_NONE', 'UC_NONE', 'UC_NONE', 'UC_NONE', 'UC_NONE', 'UC_NONE', 'TPC_NONE', 'UC_NONE', 'TPC_NONE', 'UC_NONE', 'UC_NONE', 'TPC_NONE', 'UC_NONE', 'SPC_NONE', 'SPC_NONE', 'UC_NONE', 'UC_NONE', 'TPC_NONE', 'TPC_NONE', 'TPC_NONE']","{'UC_NONE': 25, 'TPC_NONE': 19, 'SPC_MPOLY': 4, 'UC_MNUF': 1, 'SBX_NONE': 5, 'UC_MPOLY': 2, 'SBX_MPOLY': 1, 'SPC_NONE': 9}"
30,67,TPC,NONE,0.6813795154314409,0.0370808849115811,517586933.76,802527308.7843155,1697848.48,1285524.7392892016,0.7436983672957286,2.2049124753120708e-05,0.0,0.0,GREEDY_HV,"['SPC_MBFLIP', 'UC_NONE', 'TPC_NONE', 'UC_NONE', 'UC_NONE', 'SPC_MPOLY', 'UC_MNUF', 'TPC_NONE', 'SBX_NONE', 'UC_MPOLY', 'UC_NONE', 'SPC_MPOLY', 'SBX_MPOLY', 'TPC_NONE', 'UC_NONE', 'TPC_NONE', 'SPC_MPOLY', 'TPC_NONE', 'SPC_NONE', 'SBX_NONE', 'TPC_NONE', 'UC_NONE', 'SPC_MPOLY', 'UC_NONE', 'UC_NONE', 'UC_NONE', 'SBX_NONE', 'SBX_NONE', 'SPC_NONE', 'SPC_NONE', 'TPC_NONE', 'SPC_NONE', 'SBX_NONE', 'SPC_NONE', 'TPC_NONE', 'UC_NONE', 'UC_NONE', 'TPC_NONE', 'UC_MPOLY', 'TPC_NONE', 'UC_NONE', 'UC_NONE', 'SPC_NONE', 'TPC_NONE', 'TPC_NONE', 'TPC_NONE', 'UC_NONE', 'SPC_NONE', 'UC_NONE', 'UC_NONE', 'UC_NONE', 'UC_NONE', 'UC_NONE', 'TPC_NONE', 'UC_NONE', 'TPC_NONE', 'UC_NONE', 'UC_NONE', 'TPC_NONE', 'UC_NONE', 'SPC_NONE', 'SPC_NONE', 'UC_NONE', 'UC_NONE', 'TPC_NONE', 'TPC_NONE', 'TPC_NONE', 'TPC_NONE']","{'UC_NONE': 25, 'TPC_NONE': 20, 'SPC_MPOLY': 4, 'UC_MNUF': 1, 'SBX_NONE': 5, 'UC_MPOLY': 2, 'SBX_MPOLY': 1, 'SPC_NONE': 9}"
30,68,SPC,NONE,0.6809102990807869,0.0375415628507979,530720368.64,810657170.2011209,1626309.28,1241362.3508804033,0.7437406652662084,4.229797047983208e-05,0.0,0.0,GREEDY_HV,"['SPC_MBFLIP', 'UC_NONE', 'TPC_NONE', 'UC_NONE', 'UC_NONE', 'SPC_MPOLY', 'UC_MNUF', 'TPC_NONE', 'SBX_NONE', 'UC_MPOLY', 'UC_NONE', 'SPC_MPOLY', 'SBX_MPOLY', 'TPC_NONE', 'UC_NONE', 'TPC_NONE', 'SPC_MPOLY', 'TPC_NONE', 'SPC_NONE', 'SBX_NONE', 'TPC_NONE', 'UC_NONE', 'SPC_MPOLY', 'UC_NONE', 'UC_NONE', 'UC_NONE', 'SBX_NONE', 'SBX_NONE', 'SPC_NONE', 'SPC_NONE', 'TPC_NONE', 'SPC_NONE', 'SBX_NONE', 'SPC_NONE', 'TPC_NONE', 'UC_NONE', 'UC_NONE', 'TPC_NONE', 'UC_MPOLY', 'TPC_NONE', 'UC_NONE', 'UC_NONE', 'SPC_NONE', 'TPC_NONE', 'TPC_NONE', 'TPC_NONE', 'UC_NONE', 'SPC_NONE', 'UC_NONE', 'UC_NONE', 'UC_NONE', 'UC_NONE', 'UC_NONE', 'TPC_NONE', 'UC_NONE', 'TPC_NONE', 'UC_NONE', 'UC_NONE', 'TPC_NONE', 'UC_NONE', 'SPC_NONE', 'SPC_NONE', 'UC_NONE', 'UC_NONE', 'TPC_NONE', 'TPC_NONE', 'TPC_NONE', 'TPC_NONE', 'SPC_NONE']","{'UC_NONE': 25, 'TPC_NONE': 20, 'SPC_MPOLY': 4, 'UC_MNUF': 1, 'SBX_NONE': 5, 'UC_MPOLY': 2, 'SBX_MPOLY': 1, 'SPC_NONE': 10}"
30,69,UC,NONE,0.6805095401544916,0.0376263496528721,530546544.64,808855649.8235278,1681811.36,1331427.009893817,0.7437144885263494,-2.617673985905178e-05,0.0,0.0,GREEDY_HV,"['SPC_MBFLIP', 'UC_NONE', 'TPC_NONE', 'UC_NONE', 'UC_NONE', 'SPC_MPOLY', 'UC_MNUF', 'TPC_NONE', 'SBX_NONE', 'UC_MPOLY', 'UC_NONE', 'SPC_MPOLY', 'SBX_MPOLY', 'TPC_NONE', 'UC_NONE', 'TPC_NONE', 'SPC_MPOLY', 'TPC_NONE', 'SPC_NONE', 'SBX_NONE', 'TPC_NONE', 'UC_NONE', 'SPC_MPOLY', 'UC_NONE', 'UC_NONE', 'UC_NONE', 'SBX_NONE', 'SBX_NONE', 'SPC_NONE', 'SPC_NONE', 'TPC_NONE', 'SPC_NONE', 'SBX_NONE', 'SPC_NONE', 'TPC_NONE', 'UC_NONE', 'UC_NONE', 'TPC_NONE', 'UC_MPOLY', 'TPC_NONE', 'UC_NONE', 'UC_NONE', 'SPC_NONE', 'TPC_NONE', 'TPC_NONE', 'TPC_NONE', 'UC_NONE', 'SPC_NONE', 'UC_NONE', 'UC_NONE', 'UC_NONE', 'UC_NONE', 'UC_NONE', 'TPC_NONE', 'UC_NONE', 'TPC_NONE', 'UC_NONE', 'UC_NONE', 'TPC_NONE', 'UC_NONE', 'SPC_NONE', 'SPC_NONE', 'UC_NONE', 'UC_NONE', 'TPC_NONE', 'TPC_NONE', 'TPC_NONE', 'TPC_NONE', 'SPC_NONE', 'UC_NONE']","{'UC_NONE': 26, 'TPC_NONE': 20, 'SPC_MPOLY': 4, 'UC_MNUF': 1, 'SBX_NONE': 5, 'UC_MPOLY': 2, 'SBX_MPOLY': 1, 'SPC_NONE': 10}"
30,70,TPC,NONE,0.6805087677076687,0.0375025535967071,530690657.28,806320749.6801597,1650049.44,1289336.3147487028,0.7437312676957996,1.6779169450198417e-05,0.0,0.0,GREEDY_HV,"['SPC_MBFLIP', 'UC_NONE', 'TPC_NONE', 'UC_NONE', 'UC_NONE', 'SPC_MPOLY', 'UC_MNUF', 'TPC_NONE', 'SBX_NONE', 'UC_MPOLY', 'UC_NONE', 'SPC_MPOLY', 'SBX_MPOLY', 'TPC_NONE', 'UC_NONE', 'TPC_NONE', 'SPC_MPOLY', 'TPC_NONE', 'SPC_NONE', 'SBX_NONE', 'TPC_NONE', 'UC_NONE', 'SPC_MPOLY', 'UC_NONE', 'UC_NONE', 'UC_NONE', 'SBX_NONE', 'SBX_NONE', 'SPC_NONE', 'SPC_NONE', 'TPC_NONE', 'SPC_NONE', 'SBX_NONE', 'SPC_NONE', 'TPC_NONE', 'UC_NONE', 'UC_NONE', 'TPC_NONE', 'UC_MPOLY', 'TPC_NONE', 'UC_NONE', 'UC_NONE', 'SPC_NONE', 'TPC_NONE', 'TPC_NONE', 'TPC_NONE', 'UC_NONE', 'SPC_NONE', 'UC_NONE', 'UC_NONE', 'UC_NONE', 'UC_NONE', 'UC_NONE', 'TPC_NONE', 'UC_NONE', 'TPC_NONE', 'UC_NONE', 'UC_NONE', 'TPC_NONE', 'UC_NONE', 'SPC_NONE', 'SPC_NONE', 'UC_NONE', 'UC_NONE', 'TPC_NONE', 'TPC_NONE', 'TPC_NONE', 'TPC_NONE', 'SPC_NONE', 'UC_NONE', 'TPC_NONE']","{'UC_NONE': 26, 'TPC_NONE': 21, 'SPC_MPOLY': 4, 'UC_MNUF': 1, 'SBX_NONE': 5, 'UC_MPOLY': 2, 'SBX_MPOLY': 1, 'SPC_NONE': 10}"
30,71,TPC,NONE,0.6813244902920377,0.0374320153940691,537363553.28,803761791.2776705,1681271.2,1290433.8016195332,0.7437518080788977,2.0540383098177628e-05,0.0,0.0,GREEDY_HV,"['SPC_MBFLIP', 'UC_NONE', 'TPC_NONE', 'UC_NONE', 'UC_NONE', 'SPC_MPOLY', 'UC_MNUF', 'TPC_NONE', 'SBX_NONE', 'UC_MPOLY', 'UC_NONE', 'SPC_MPOLY', 'SBX_MPOLY', 'TPC_NONE', 'UC_NONE', 'TPC_NONE', 'SPC_MPOLY', 'TPC_NONE', 'SPC_NONE', 'SBX_NONE', 'TPC_NONE', 'UC_NONE', 'SPC_MPOLY', 'UC_NONE', 'UC_NONE', 'UC_NONE', 'SBX_NONE', 'SBX_NONE', 'SPC_NONE', 'SPC_NONE', 'TPC_NONE', 'SPC_NONE', 'SBX_NONE', 'SPC_NONE', 'TPC_NONE', 'UC_NONE', 'UC_NONE', 'TPC_NONE', 'UC_MPOLY', 'TPC_NONE', 'UC_NONE', 'UC_NONE', 'SPC_NONE', 'TPC_NONE', 'TPC_NONE', 'TPC_NONE', 'UC_NONE', 'SPC_NONE', 'UC_NONE', 'UC_NONE', 'UC_NONE', 'UC_NONE', 'UC_NONE', 'TPC_NONE', 'UC_NONE', 'TPC_NONE', 'UC_NONE', 'UC_NONE', 'TPC_NONE', 'UC_NONE', 'SPC_NONE', 'SPC_NONE', 'UC_NONE', 'UC_NONE', 'TPC_NONE', 'TPC_NONE', 'TPC_NONE', 'TPC_NONE', 'SPC_NONE', 'UC_NONE', 'TPC_NONE', 'TPC_NONE']","{'UC_NONE': 26, 'TPC_NONE': 22, 'SPC_MPOLY': 4, 'UC_MNUF': 1, 'SBX_NONE': 5, 'UC_MPOLY': 2, 'SBX_MPOLY': 1, 'SPC_NONE': 10}"
30,72,SPC,NONE,0.6814470849528544,0.0371941565133371,546844001.28,805930207.0531619,1624729.76,1263075.309109739,0.7437379053592682,-1.3902719629532712e-05,0.01,0.0,GREEDY_HV,"['SPC_MBFLIP', 'UC_NONE', 'TPC_NONE', 'UC_NONE', 'UC_NONE', 'SPC_MPOLY', 'UC_MNUF', 'TPC_NONE', 'SBX_NONE', 'UC_MPOLY', 'UC_NONE', 'SPC_MPOLY', 'SBX_MPOLY', 'TPC_NONE', 'UC_NONE', 'TPC_NONE', 'SPC_MPOLY', 'TPC_NONE', 'SPC_NONE', 'SBX_NONE', 'TPC_NONE', 'UC_NONE', 'SPC_MPOLY', 'UC_NONE', 'UC_NONE', 'UC_NONE', 'SBX_NONE', 'SBX_NONE', 'SPC_NONE', 'SPC_NONE', 'TPC_NONE', 'SPC_NONE', 'SBX_NONE', 'SPC_NONE', 'TPC_NONE', 'UC_NONE', 'UC_NONE', 'TPC_NONE', 'UC_MPOLY', 'TPC_NONE', 'UC_NONE', 'UC_NONE', 'SPC_NONE', 'TPC_NONE', 'TPC_NONE', 'TPC_NONE', 'UC_NONE', 'SPC_NONE', 'UC_NONE', 'UC_NONE', 'UC_NONE', 'UC_NONE', 'UC_NONE', 'TPC_NONE', 'UC_NONE', 'TPC_NONE', 'UC_NONE', 'UC_NONE', 'TPC_NONE', 'UC_NONE', 'SPC_NONE', 'SPC_NONE', 'UC_NONE', 'UC_NONE', 'TPC_NONE', 'TPC_NONE', 'TPC_NONE', 'TPC_NONE', 'SPC_NONE', 'UC_NONE', 'TPC_NONE', 'TPC_NONE', 'SPC_NONE']","{'UC_NONE': 26, 'TPC_NONE': 22, 'SPC_MPOLY': 4, 'UC_MNUF': 1, 'SBX_NONE': 5, 'UC_MPOLY': 2, 'SBX_MPOLY': 1, 'SPC_NONE': 11}"
30,73,TPC,NONE,0.68101342224863,0.0374155378912566,541602897.92,806850882.7138627,1635023.52,1264686.1345068384,0.7437552298539885,1.7324494720249994e-05,0.0,0.0,GREEDY_HV,"['SPC_MBFLIP', 'UC_NONE', 'TPC_NONE', 'UC_NONE', 'UC_NONE', 'SPC_MPOLY', 'UC_MNUF', 'TPC_NONE', 'SBX_NONE', 'UC_MPOLY', 'UC_NONE', 'SPC_MPOLY', 'SBX_MPOLY', 'TPC_NONE', 'UC_NONE', 'TPC_NONE', 'SPC_MPOLY', 'TPC_NONE', 'SPC_NONE', 'SBX_NONE', 'TPC_NONE', 'UC_NONE', 'SPC_MPOLY', 'UC_NONE', 'UC_NONE', 'UC_NONE', 'SBX_NONE', 'SBX_NONE', 'SPC_NONE', 'SPC_NONE', 'TPC_NONE', 'SPC_NONE', 'SBX_NONE', 'SPC_NONE', 'TPC_NONE', 'UC_NONE', 'UC_NONE', 'TPC_NONE', 'UC_MPOLY', 'TPC_NONE', 'UC_NONE', 'UC_NONE', 'SPC_NONE', 'TPC_NONE', 'TPC_NONE', 'TPC_NONE', 'UC_NONE', 'SPC_NONE', 'UC_NONE', 'UC_NONE', 'UC_NONE', 'UC_NONE', 'UC_NONE', 'TPC_NONE', 'UC_NONE', 'TPC_NONE', 'UC_NONE', 'UC_NONE', 'TPC_NONE', 'UC_NONE', 'SPC_NONE', 'SPC_NONE', 'UC_NONE', 'UC_NONE', 'TPC_NONE', 'TPC_NONE', 'TPC_NONE', 'TPC_NONE', 'SPC_NONE', 'UC_NONE', 'TPC_NONE', 'TPC_NONE', 'SPC_NONE', 'TPC_NONE']","{'UC_NONE': 26, 'TPC_NONE': 23, 'SPC_MPOLY': 4, 'UC_MNUF': 1, 'SBX_NONE': 5, 'UC_MPOLY': 2, 'SBX_MPOLY': 1, 'SPC_NONE': 11}"
30,74,TPC,NONE,0.6806991302468656,0.0375078924140548,536336670.72,807162572.7935653,1641363.36,1273906.929612768,0.7438054229387314,5.0193084742966576e-05,0.0,0.0,GREEDY_HV,"['SPC_MBFLIP', 'UC_NONE', 'TPC_NONE', 'UC_NONE', 'UC_NONE', 'SPC_MPOLY', 'UC_MNUF', 'TPC_NONE', 'SBX_NONE', 'UC_MPOLY', 'UC_NONE', 'SPC_MPOLY', 'SBX_MPOLY', 'TPC_NONE', 'UC_NONE', 'TPC_NONE', 'SPC_MPOLY', 'TPC_NONE', 'SPC_NONE', 'SBX_NONE', 'TPC_NONE', 'UC_NONE', 'SPC_MPOLY', 'UC_NONE', 'UC_NONE', 'UC_NONE', 'SBX_NONE', 'SBX_NONE', 'SPC_NONE', 'SPC_NONE', 'TPC_NONE', 'SPC_NONE', 'SBX_NONE', 'SPC_NONE', 'TPC_NONE', 'UC_NONE', 'UC_NONE', 'TPC_NONE', 'UC_MPOLY', 'TPC_NONE', 'UC_NONE', 'UC_NONE', 'SPC_NONE', 'TPC_NONE', 'TPC_NONE', 'TPC_NONE', 'UC_NONE', 'SPC_NONE', 'UC_NONE', 'UC_NONE', 'UC_NONE', 'UC_NONE', 'UC_NONE', 'TPC_NONE', 'UC_NONE', 'TPC_NONE', 'UC_NONE', 'UC_NONE', 'TPC_NONE', 'UC_NONE', 'SPC_NONE', 'SPC_NONE', 'UC_NONE', 'UC_NONE', 'TPC_NONE', 'TPC_NONE', 'TPC_NONE', 'TPC_NONE', 'SPC_NONE', 'UC_NONE', 'TPC_NONE', 'TPC_NONE', 'SPC_NONE', 'TPC_NONE', 'TPC_NONE']","{'UC_NONE': 26, 'TPC_NONE': 24, 'SPC_MPOLY': 4, 'UC_MNUF': 1, 'SBX_NONE': 5, 'UC_MPOLY': 2, 'SBX_MPOLY': 1, 'SPC_NONE': 11}"
30,75,SPC,NONE,0.6800666028440584,0.0375961733444077,535147133.44,812058228.9782759,1598146.72,1275018.4207739595,0.7437577785685325,-4.76443701988849e-05,0.0,0.0,GREEDY_HV,"['SPC_MBFLIP', 'UC_NONE', 'TPC_NONE', 'UC_NONE', 'UC_NONE', 'SPC_MPOLY', 'UC_MNUF', 'TPC_NONE', 'SBX_NONE', 'UC_MPOLY', 'UC_NONE', 'SPC_MPOLY', 'SBX_MPOLY', 'TPC_NONE', 'UC_NONE', 'TPC_NONE', 'SPC_MPOLY', 'TPC_NONE', 'SPC_NONE', 'SBX_NONE', 'TPC_NONE', 'UC_NONE', 'SPC_MPOLY', 'UC_NONE', 'UC_NONE', 'UC_NONE', 'SBX_NONE', 'SBX_NONE', 'SPC_NONE', 'SPC_NONE', 'TPC_NONE', 'SPC_NONE', 'SBX_NONE', 'SPC_NONE', 'TPC_NONE', 'UC_NONE', 'UC_NONE', 'TPC_NONE', 'UC_MPOLY', 'TPC_NONE', 'UC_NONE', 'UC_NONE', 'SPC_NONE', 'TPC_NONE', 'TPC_NONE', 'TPC_NONE', 'UC_NONE', 'SPC_NONE', 'UC_NONE', 'UC_NONE', 'UC_NONE', 'UC_NONE', 'UC_NONE', 'TPC_NONE', 'UC_NONE', 'TPC_NONE', 'UC_NONE', 'UC_NONE', 'TPC_NONE', 'UC_NONE', 'SPC_NONE', 'SPC_NONE', 'UC_NONE', 'UC_NONE', 'TPC_NONE', 'TPC_NONE', 'TPC_NONE', 'TPC_NONE', 'SPC_NONE', 'UC_NONE', 'TPC_NONE', 'TPC_NONE', 'SPC_NONE', 'TPC_NONE', 'TPC_NONE', 'SPC_NONE']","{'UC_NONE': 26, 'TPC_NONE': 24, 'SPC_MPOLY': 4, 'UC_MNUF': 1, 'SBX_NONE': 5, 'UC_MPOLY': 2, 'SBX_MPOLY': 1, 'SPC_NONE': 12}"
30,76,UC,NONE,0.6816952205696373,0.03716151036685,540683494.4,808190689.2801816,1628184.48,1236558.4545008494,0.7437141615408364,-4.361702769617448e-05,0.01,0.0,GREEDY_HV,"['SPC_MBFLIP', 'UC_NONE', 'TPC_NONE', 'UC_NONE', 'UC_NONE', 'SPC_MPOLY', 'UC_MNUF', 'TPC_NONE', 'SBX_NONE', 'UC_MPOLY', 'UC_NONE', 'SPC_MPOLY', 'SBX_MPOLY', 'TPC_NONE', 'UC_NONE', 'TPC_NONE', 'SPC_MPOLY', 'TPC_NONE', 'SPC_NONE', 'SBX_NONE', 'TPC_NONE', 'UC_NONE', 'SPC_MPOLY', 'UC_NONE', 'UC_NONE', 'UC_NONE', 'SBX_NONE', 'SBX_NONE', 'SPC_NONE', 'SPC_NONE', 'TPC_NONE', 'SPC_NONE', 'SBX_NONE', 'SPC_NONE', 'TPC_NONE', 'UC_NONE', 'UC_NONE', 'TPC_NONE', 'UC_MPOLY', 'TPC_NONE', 'UC_NONE', 'UC_NONE', 'SPC_NONE', 'TPC_NONE', 'TPC_NONE', 'TPC_NONE', 'UC_NONE', 'SPC_NONE', 'UC_NONE', 'UC_NONE', 'UC_NONE', 'UC_NONE', 'UC_NONE', 'TPC_NONE', 'UC_NONE', 'TPC_NONE', 'UC_NONE', 'UC_NONE', 'TPC_NONE', 'UC_NONE', 'SPC_NONE', 'SPC_NONE', 'UC_NONE', 'UC_NONE', 'TPC_NONE', 'TPC_NONE', 'TPC_NONE', 'TPC_NONE', 'SPC_NONE', 'UC_NONE', 'TPC_NONE', 'TPC_NONE', 'SPC_NONE', 'TPC_NONE', 'TPC_NONE', 'SPC_NONE', 'UC_NONE']","{'UC_NONE': 27, 'TPC_NONE': 24, 'SPC_MPOLY': 4, 'UC_MNUF': 1, 'SBX_NONE': 5, 'UC_MPOLY': 2, 'SBX_MPOLY': 1, 'SPC_NONE': 12}"
30,77,TPC,NONE,0.6816569636988767,0.0377076700638802,549702814.72,806178599.7002193,1611485.6,1251763.6709817708,0.743745059423895,3.089788305865593e-05,0.0,0.0,GREEDY_HV,"['SPC_MBFLIP', 'UC_NONE', 'TPC_NONE', 'UC_NONE', 'UC_NONE', 'SPC_MPOLY', 'UC_MNUF', 'TPC_NONE', 'SBX_NONE', 'UC_MPOLY', 'UC_NONE', 'SPC_MPOLY', 'SBX_MPOLY', 'TPC_NONE', 'UC_NONE', 'TPC_NONE', 'SPC_MPOLY', 'TPC_NONE', 'SPC_NONE', 'SBX_NONE', 'TPC_NONE', 'UC_NONE', 'SPC_MPOLY', 'UC_NONE', 'UC_NONE', 'UC_NONE', 'SBX_NONE', 'SBX_NONE', 'SPC_NONE', 'SPC_NONE', 'TPC_NONE', 'SPC_NONE', 'SBX_NONE', 'SPC_NONE', 'TPC_NONE', 'UC_NONE', 'UC_NONE', 'TPC_NONE', 'UC_MPOLY', 'TPC_NONE', 'UC_NONE', 'UC_NONE', 'SPC_NONE', 'TPC_NONE', 'TPC_NONE', 'TPC_NONE', 'UC_NONE', 'SPC_NONE', 'UC_NONE', 'UC_NONE', 'UC_NONE', 'UC_NONE', 'UC_NONE', 'TPC_NONE', 'UC_NONE', 'TPC_NONE', 'UC_NONE', 'UC_NONE', 'TPC_NONE', 'UC_NONE', 'SPC_NONE', 'SPC_NONE', 'UC_NONE', 'UC_NONE', 'TPC_NONE', 'TPC_NONE', 'TPC_NONE', 'TPC_NONE', 'SPC_NONE', 'UC_NONE', 'TPC_NONE', 'TPC_NONE', 'SPC_NONE', 'TPC_NONE', 'TPC_NONE', 'SPC_NONE', 'UC_NONE', 'TPC_NONE']","{'UC_NONE': 27, 'TPC_NONE': 25, 'SPC_MPOLY': 4, 'UC_MNUF': 1, 'SBX_NONE': 5, 'UC_MPOLY': 2, 'SBX_MPOLY': 1, 'SPC_NONE': 12}"
30,78,TPC,NONE,0.6836198275663143,0.0372786850859533,555555532.8,804066130.0316947,1734871.2,1246512.468706447,0.7437487323871954,3.672963300394017e-06,0.0,0.0,GREEDY_HV,"['SPC_MBFLIP', 'UC_NONE', 'TPC_NONE', 'UC_NONE', 'UC_NONE', 'SPC_MPOLY', 'UC_MNUF', 'TPC_NONE', 'SBX_NONE', 'UC_MPOLY', 'UC_NONE', 'SPC_MPOLY', 'SBX_MPOLY', 'TPC_NONE', 'UC_NONE', 'TPC_NONE', 'SPC_MPOLY', 'TPC_NONE', 'SPC_NONE', 'SBX_NONE', 'TPC_NONE', 'UC_NONE', 'SPC_MPOLY', 'UC_NONE', 'UC_NONE', 'UC_NONE', 'SBX_NONE', 'SBX_NONE', 'SPC_NONE', 'SPC_NONE', 'TPC_NONE', 'SPC_NONE', 'SBX_NONE', 'SPC_NONE', 'TPC_NONE', 'UC_NONE', 'UC_NONE', 'TPC_NONE', 'UC_MPOLY', 'TPC_NONE', 'UC_NONE', 'UC_NONE', 'SPC_NONE', 'TPC_NONE', 'TPC_NONE', 'TPC_NONE', 'UC_NONE', 'SPC_NONE', 'UC_NONE', 'UC_NONE', 'UC_NONE', 'UC_NONE', 'UC_NONE', 'TPC_NONE', 'UC_NONE', 'TPC_NONE', 'UC_NONE', 'UC_NONE', 'TPC_NONE', 'UC_NONE', 'SPC_NONE', 'SPC_NONE', 'UC_NONE', 'UC_NONE', 'TPC_NONE', 'TPC_NONE', 'TPC_NONE', 'TPC_NONE', 'SPC_NONE', 'UC_NONE', 'TPC_NONE', 'TPC_NONE', 'SPC_NONE', 'TPC_NONE', 'TPC_NONE', 'SPC_NONE', 'UC_NONE', 'TPC_NONE', 'TPC_NONE']","{'UC_NONE': 27, 'TPC_NONE': 26, 'SPC_MPOLY': 4, 'UC_MNUF': 1, 'SBX_NONE': 5, 'UC_MPOLY': 2, 'SBX_MPOLY': 1, 'SPC_NONE': 12}"
30,79,SPC,NONE,0.681606588709751,0.0375351963157089,540759193.6,804641181.581266,1648169.12,1293190.3713410902,0.7437441399407425,-4.592446452900134e-06,0.0,0.0,GREEDY_HV,"['SPC_MBFLIP', 'UC_NONE', 'TPC_NONE', 'UC_NONE', 'UC_NONE', 'SPC_MPOLY', 'UC_MNUF', 'TPC_NONE', 'SBX_NONE', 'UC_MPOLY', 'UC_NONE', 'SPC_MPOLY', 'SBX_MPOLY', 'TPC_NONE', 'UC_NONE', 'TPC_NONE', 'SPC_MPOLY', 'TPC_NONE', 'SPC_NONE', 'SBX_NONE', 'TPC_NONE', 'UC_NONE', 'SPC_MPOLY', 'UC_NONE', 'UC_NONE', 'UC_NONE', 'SBX_NONE', 'SBX_NONE', 'SPC_NONE', 'SPC_NONE', 'TPC_NONE', 'SPC_NONE', 'SBX_NONE', 'SPC_NONE', 'TPC_NONE', 'UC_NONE', 'UC_NONE', 'TPC_NONE', 'UC_MPOLY', 'TPC_NONE', 'UC_NONE', 'UC_NONE', 'SPC_NONE', 'TPC_NONE', 'TPC_NONE', 'TPC_NONE', 'UC_NONE', 'SPC_NONE', 'UC_NONE', 'UC_NONE', 'UC_NONE', 'UC_NONE', 'UC_NONE', 'TPC_NONE', 'UC_NONE', 'TPC_NONE', 'UC_NONE', 'UC_NONE', 'TPC_NONE', 'UC_NONE', 'SPC_NONE', 'SPC_NONE', 'UC_NONE', 'UC_NONE', 'TPC_NONE', 'TPC_NONE', 'TPC_NONE', 'TPC_NONE', 'SPC_NONE', 'UC_NONE', 'TPC_NONE', 'TPC_NONE', 'SPC_NONE', 'TPC_NONE', 'TPC_NONE', 'SPC_NONE', 'UC_NONE', 'TPC_NONE', 'TPC_NONE', 'SPC_NONE']","{'UC_NONE': 27, 'TPC_NONE': 26, 'SPC_MPOLY': 4, 'UC_MNUF': 1, 'SBX_NONE': 5, 'UC_MPOLY': 2, 'SBX_MPOLY': 1, 'SPC_NONE': 13}"
30,80,SPC,NONE,0.6805924705371619,0.0375027310810441,528765803.52,806154396.5772946,1621947.04,1293486.2215993016,0.7437725607773765,2.842083663401329e-05,0.02,0.0,GREEDY_HV,"['SPC_MBFLIP', 'UC_NONE', 'TPC_NONE', 'UC_NONE', 'UC_NONE', 'SPC_MPOLY', 'UC_MNUF', 'TPC_NONE', 'SBX_NONE', 'UC_MPOLY', 'UC_NONE', 'SPC_MPOLY', 'SBX_MPOLY', 'TPC_NONE', 'UC_NONE', 'TPC_NONE', 'SPC_MPOLY', 'TPC_NONE', 'SPC_NONE', 'SBX_NONE', 'TPC_NONE', 'UC_NONE', 'SPC_MPOLY', 'UC_NONE', 'UC_NONE', 'UC_NONE', 'SBX_NONE', 'SBX_NONE', 'SPC_NONE', 'SPC_NONE', 'TPC_NONE', 'SPC_NONE', 'SBX_NONE', 'SPC_NONE', 'TPC_NONE', 'UC_NONE', 'UC_NONE', 'TPC_NONE', 'UC_MPOLY', 'TPC_NONE', 'UC_NONE', 'UC_NONE', 'SPC_NONE', 'TPC_NONE', 'TPC_NONE', 'TPC_NONE', 'UC_NONE', 'SPC_NONE', 'UC_NONE', 'UC_NONE', 'UC_NONE', 'UC_NONE', 'UC_NONE', 'TPC_NONE', 'UC_NONE', 'TPC_NONE', 'UC_NONE', 'UC_NONE', 'TPC_NONE', 'UC_NONE', 'SPC_NONE', 'SPC_NONE', 'UC_NONE', 'UC_NONE', 'TPC_NONE', 'TPC_NONE', 'TPC_NONE', 'TPC_NONE', 'SPC_NONE', 'UC_NONE', 'TPC_NONE', 'TPC_NONE', 'SPC_NONE', 'TPC_NONE', 'TPC_NONE', 'SPC_NONE', 'UC_NONE', 'TPC_NONE', 'TPC_NONE', 'SPC_NONE', 'SPC_NONE']","{'UC_NONE': 27, 'TPC_NONE': 26, 'SPC_MPOLY': 4, 'UC_MNUF': 1, 'SBX_NONE': 5, 'UC_MPOLY': 2, 'SBX_MPOLY': 1, 'SPC_NONE': 14}"
30,81,NONE,MNUF,0.6804462912874222,0.0374900320811377,521209579.52,806376145.3540535,1621001.12,1293829.573115975,0.743787484028987,1.4923251610454711e-05,0.0,0.0,GREEDY_HV,"['SPC_MBFLIP', 'UC_NONE', 'TPC_NONE', 'UC_NONE', 'UC_NONE', 'SPC_MPOLY', 'UC_MNUF', 'TPC_NONE', 'SBX_NONE', 'UC_MPOLY', 'UC_NONE', 'SPC_MPOLY', 'SBX_MPOLY', 'TPC_NONE', 'UC_NONE', 'TPC_NONE', 'SPC_MPOLY', 'TPC_NONE', 'SPC_NONE', 'SBX_NONE', 'TPC_NONE', 'UC_NONE', 'SPC_MPOLY', 'UC_NONE', 'UC_NONE', 'UC_NONE', 'SBX_NONE', 'SBX_NONE', 'SPC_NONE', 'SPC_NONE', 'TPC_NONE', 'SPC_NONE', 'SBX_NONE', 'SPC_NONE', 'TPC_NONE', 'UC_NONE', 'UC_NONE', 'TPC_NONE', 'UC_MPOLY', 'TPC_NONE', 'UC_NONE', 'UC_NONE', 'SPC_NONE', 'TPC_NONE', 'TPC_NONE', 'TPC_NONE', 'UC_NONE', 'SPC_NONE', 'UC_NONE', 'UC_NONE', 'UC_NONE', 'UC_NONE', 'UC_NONE', 'TPC_NONE', 'UC_NONE', 'TPC_NONE', 'UC_NONE', 'UC_NONE', 'TPC_NONE', 'UC_NONE', 'SPC_NONE', 'SPC_NONE', 'UC_NONE', 'UC_NONE', 'TPC_NONE', 'TPC_NONE', 'TPC_NONE', 'TPC_NONE', 'SPC_NONE', 'UC_NONE', 'TPC_NONE', 'TPC_NONE', 'SPC_NONE', 'TPC_NONE', 'TPC_NONE', 'SPC_NONE', 'UC_NONE', 'TPC_NONE', 'TPC_NONE', 'SPC_NONE', 'SPC_NONE', 'NONE_MNUF']","{'UC_NONE': 27, 'TPC_NONE': 26, 'SPC_MPOLY': 4, 'UC_MNUF': 1, 'SBX_NONE': 5, 'UC_MPOLY': 2, 'SBX_MPOLY': 1, 'SPC_NONE': 14, 'NONE_MNUF': 1}"
30,82,TPC,NONE,0.6802727429805111,0.0374521364268114,521522795.52,806152630.4199837,1572911.52,1285811.7052382785,0.7438292210137902,4.1736984803253385e-05,0.0,0.0,GREEDY_HV,"['SPC_MBFLIP', 'UC_NONE', 'TPC_NONE', 'UC_NONE', 'UC_NONE', 'SPC_MPOLY', 'UC_MNUF', 'TPC_NONE', 'SBX_NONE', 'UC_MPOLY', 'UC_NONE', 'SPC_MPOLY', 'SBX_MPOLY', 'TPC_NONE', 'UC_NONE', 'TPC_NONE', 'SPC_MPOLY', 'TPC_NONE', 'SPC_NONE', 'SBX_NONE', 'TPC_NONE', 'UC_NONE', 'SPC_MPOLY', 'UC_NONE', 'UC_NONE', 'UC_NONE', 'SBX_NONE', 'SBX_NONE', 'SPC_NONE', 'SPC_NONE', 'TPC_NONE', 'SPC_NONE', 'SBX_NONE', 'SPC_NONE', 'TPC_NONE', 'UC_NONE', 'UC_NONE', 'TPC_NONE', 'UC_MPOLY', 'TPC_NONE', 'UC_NONE', 'UC_NONE', 'SPC_NONE', 'TPC_NONE', 'TPC_NONE', 'TPC_NONE', 'UC_NONE', 'SPC_NONE', 'UC_NONE', 'UC_NONE', 'UC_NONE', 'UC_NONE', 'UC_NONE', 'TPC_NONE', 'UC_NONE', 'TPC_NONE', 'UC_NONE', 'UC_NONE', 'TPC_NONE', 'UC_NONE', 'SPC_NONE', 'SPC_NONE', 'UC_NONE', 'UC_NONE', 'TPC_NONE', 'TPC_NONE', 'TPC_NONE', 'TPC_NONE', 'SPC_NONE', 'UC_NONE', 'TPC_NONE', 'TPC_NONE', 'SPC_NONE', 'TPC_NONE', 'TPC_NONE', 'SPC_NONE', 'UC_NONE', 'TPC_NONE', 'TPC_NONE', 'SPC_NONE', 'SPC_NONE', 'NONE_MNUF', 'TPC_NONE']","{'UC_NONE': 27, 'TPC_NONE': 27, 'SPC_MPOLY': 4, 'UC_MNUF': 1, 'SBX_NONE': 5, 'UC_MPOLY': 2, 'SBX_MPOLY': 1, 'SPC_NONE': 14, 'NONE_MNUF': 1}"
30,83,TPC,NONE,0.679968928832511,0.037942903733531,529500364.8,810627809.5195749,1548069.28,1253239.1812245746,0.7438375826159414,8.36160215111903e-06,0.0,0.0,GREEDY_HV,"['SPC_MBFLIP', 'UC_NONE', 'TPC_NONE', 'UC_NONE', 'UC_NONE', 'SPC_MPOLY', 'UC_MNUF', 'TPC_NONE', 'SBX_NONE', 'UC_MPOLY', 'UC_NONE', 'SPC_MPOLY', 'SBX_MPOLY', 'TPC_NONE', 'UC_NONE', 'TPC_NONE', 'SPC_MPOLY', 'TPC_NONE', 'SPC_NONE', 'SBX_NONE', 'TPC_NONE', 'UC_NONE', 'SPC_MPOLY', 'UC_NONE', 'UC_NONE', 'UC_NONE', 'SBX_NONE', 'SBX_NONE', 'SPC_NONE', 'SPC_NONE', 'TPC_NONE', 'SPC_NONE', 'SBX_NONE', 'SPC_NONE', 'TPC_NONE', 'UC_NONE', 'UC_NONE', 'TPC_NONE', 'UC_MPOLY', 'TPC_NONE', 'UC_NONE', 'UC_NONE', 'SPC_NONE', 'TPC_NONE', 'TPC_NONE', 'TPC_NONE', 'UC_NONE', 'SPC_NONE', 'UC_NONE', 'UC_NONE', 'UC_NONE', 'UC_NONE', 'UC_NONE', 'TPC_NONE', 'UC_NONE', 'TPC_NONE', 'UC_NONE', 'UC_NONE', 'TPC_NONE', 'UC_NONE', 'SPC_NONE', 'SPC_NONE', 'UC_NONE', 'UC_NONE', 'TPC_NONE', 'TPC_NONE', 'TPC_NONE', 'TPC_NONE', 'SPC_NONE', 'UC_NONE', 'TPC_NONE', 'TPC_NONE', 'SPC_NONE', 'TPC_NONE', 'TPC_NONE', 'SPC_NONE', 'UC_NONE', 'TPC_NONE', 'TPC_NONE', 'SPC_NONE', 'SPC_NONE', 'NONE_MNUF', 'TPC_NONE', 'TPC_NONE']","{'UC_NONE': 27, 'TPC_NONE': 28, 'SPC_MPOLY': 4, 'UC_MNUF': 1, 'SBX_NONE': 5, 'UC_MPOLY': 2, 'SBX_MPOLY': 1, 'SPC_NONE': 14, 'NONE_MNUF': 1}"
30,84,UC,NONE,0.6809144538447012,0.0373703994137813,535679580.16,809855560.1158607,1525771.68,1193656.509007603,0.7438095211798212,-2.806143612010814e-05,0.01,0.0,GREEDY_HV,"['SPC_MBFLIP', 'UC_NONE', 'TPC_NONE', 'UC_NONE', 'UC_NONE', 'SPC_MPOLY', 'UC_MNUF', 'TPC_NONE', 'SBX_NONE', 'UC_MPOLY', 'UC_NONE', 'SPC_MPOLY', 'SBX_MPOLY', 'TPC_NONE', 'UC_NONE', 'TPC_NONE', 'SPC_MPOLY', 'TPC_NONE', 'SPC_NONE', 'SBX_NONE', 'TPC_NONE', 'UC_NONE', 'SPC_MPOLY', 'UC_NONE', 'UC_NONE', 'UC_NONE', 'SBX_NONE', 'SBX_NONE', 'SPC_NONE', 'SPC_NONE', 'TPC_NONE', 'SPC_NONE', 'SBX_NONE', 'SPC_NONE', 'TPC_NONE', 'UC_NONE', 'UC_NONE', 'TPC_NONE', 'UC_MPOLY', 'TPC_NONE', 'UC_NONE', 'UC_NONE', 'SPC_NONE', 'TPC_NONE', 'TPC_NONE', 'TPC_NONE', 'UC_NONE', 'SPC_NONE', 'UC_NONE', 'UC_NONE', 'UC_NONE', 'UC_NONE', 'UC_NONE', 'TPC_NONE', 'UC_NONE', 'TPC_NONE', 'UC_NONE', 'UC_NONE', 'TPC_NONE', 'UC_NONE', 'SPC_NONE', 'SPC_NONE', 'UC_NONE', 'UC_NONE', 'TPC_NONE', 'TPC_NONE', 'TPC_NONE', 'TPC_NONE', 'SPC_NONE', 'UC_NONE', 'TPC_NONE', 'TPC_NONE', 'SPC_NONE', 'TPC_NONE', 'TPC_NONE', 'SPC_NONE', 'UC_NONE', 'TPC_NONE', 'TPC_NONE', 'SPC_NONE', 'SPC_NONE', 'NONE_MNUF', 'TPC_NONE', 'TPC_NONE', 'UC_NONE']","{'UC_NONE': 28, 'TPC_NONE': 28, 'SPC_MPOLY': 4, 'UC_MNUF': 1, 'SBX_NONE': 5, 'UC_MPOLY': 2, 'SBX_MPOLY': 1, 'SPC_NONE': 14, 'NONE_MNUF': 1}"
30,85,UC,NONE,0.6814519768480026,0.038042877276054,563489382.4,811668428.5254267,1567791.52,1246004.5258500506,0.7438108379676744,1.3167878532005517e-06,0.0,0.0,GREEDY_HV,"['SPC_MBFLIP', 'UC_NONE', 'TPC_NONE', 'UC_NONE', 'UC_NONE', 'SPC_MPOLY', 'UC_MNUF', 'TPC_NONE', 'SBX_NONE', 'UC_MPOLY', 'UC_NONE', 'SPC_MPOLY', 'SBX_MPOLY', 'TPC_NONE', 'UC_NONE', 'TPC_NONE', 'SPC_MPOLY', 'TPC_NONE', 'SPC_NONE', 'SBX_NONE', 'TPC_NONE', 'UC_NONE', 'SPC_MPOLY', 'UC_NONE', 'UC_NONE', 'UC_NONE', 'SBX_NONE', 'SBX_NONE', 'SPC_NONE', 'SPC_NONE', 'TPC_NONE', 'SPC_NONE', 'SBX_NONE', 'SPC_NONE', 'TPC_NONE', 'UC_NONE', 'UC_NONE', 'TPC_NONE', 'UC_MPOLY', 'TPC_NONE', 'UC_NONE', 'UC_NONE', 'SPC_NONE', 'TPC_NONE', 'TPC_NONE', 'TPC_NONE', 'UC_NONE', 'SPC_NONE', 'UC_NONE', 'UC_NONE', 'UC_NONE', 'UC_NONE', 'UC_NONE', 'TPC_NONE', 'UC_NONE', 'TPC_NONE', 'UC_NONE', 'UC_NONE', 'TPC_NONE', 'UC_NONE', 'SPC_NONE', 'SPC_NONE', 'UC_NONE', 'UC_NONE', 'TPC_NONE', 'TPC_NONE', 'TPC_NONE', 'TPC_NONE', 'SPC_NONE', 'UC_NONE', 'TPC_NONE', 'TPC_NONE', 'SPC_NONE', 'TPC_NONE', 'TPC_NONE', 'SPC_NONE', 'UC_NONE', 'TPC_NONE', 'TPC_NONE', 'SPC_NONE', 'SPC_NONE', 'NONE_MNUF', 'TPC_NONE', 'TPC_NONE', 'UC_NONE', 'UC_NONE']","{'UC_NONE': 29, 'TPC_NONE': 28, 'SPC_MPOLY': 4, 'UC_MNUF': 1, 'SBX_NONE': 5, 'UC_MPOLY': 2, 'SBX_MPOLY': 1, 'SPC_NONE': 14, 'NONE_MNUF': 1}"
30,86,UC,NONE,0.6804255535509828,0.0373513811278002,528781849.6,806802092.1222748,1582008.48,1254721.6919388338,0.7438095460377749,-1.2919298995051065e-06,0.0,0.0,GREEDY_HV,"['SPC_MBFLIP', 'UC_NONE', 'TPC_NONE', 'UC_NONE', 'UC_NONE', 'SPC_MPOLY', 'UC_MNUF', 'TPC_NONE', 'SBX_NONE', 'UC_MPOLY', 'UC_NONE', 'SPC_MPOLY', 'SBX_MPOLY', 'TPC_NONE', 'UC_NONE', 'TPC_NONE', 'SPC_MPOLY', 'TPC_NONE', 'SPC_NONE', 'SBX_NONE', 'TPC_NONE', 'UC_NONE', 'SPC_MPOLY', 'UC_NONE', 'UC_NONE', 'UC_NONE', 'SBX_NONE', 'SBX_NONE', 'SPC_NONE', 'SPC_NONE', 'TPC_NONE', 'SPC_NONE', 'SBX_NONE', 'SPC_NONE', 'TPC_NONE', 'UC_NONE', 'UC_NONE', 'TPC_NONE', 'UC_MPOLY', 'TPC_NONE', 'UC_NONE', 'UC_NONE', 'SPC_NONE', 'TPC_NONE', 'TPC_NONE', 'TPC_NONE', 'UC_NONE', 'SPC_NONE', 'UC_NONE', 'UC_NONE', 'UC_NONE', 'UC_NONE', 'UC_NONE', 'TPC_NONE', 'UC_NONE', 'TPC_NONE', 'UC_NONE', 'UC_NONE', 'TPC_NONE', 'UC_NONE', 'SPC_NONE', 'SPC_NONE', 'UC_NONE', 'UC_NONE', 'TPC_NONE', 'TPC_NONE', 'TPC_NONE', 'TPC_NONE', 'SPC_NONE', 'UC_NONE', 'TPC_NONE', 'TPC_NONE', 'SPC_NONE', 'TPC_NONE', 'TPC_NONE', 'SPC_NONE', 'UC_NONE', 'TPC_NONE', 'TPC_NONE', 'SPC_NONE', 'SPC_NONE', 'NONE_MNUF', 'TPC_NONE', 'TPC_NONE', 'UC_NONE', 'UC_NONE', 'UC_NONE']","{'UC_NONE': 30, 'TPC_NONE': 28, 'SPC_MPOLY': 4, 'UC_MNUF': 1, 'SBX_NONE': 5, 'UC_MPOLY': 2, 'SBX_MPOLY': 1, 'SPC_NONE': 14, 'NONE_MNUF': 1}"
30,87,UC,NONE,0.6811311128557979,0.0376011862071774,551488844.8,807371164.4638383,1606107.04,1263346.2227745638,0.7437977543287222,-1.179170905274418e-05,0.0,0.0,GREEDY_HV,"['SPC_MBFLIP', 'UC_NONE', 'TPC_NONE', 'UC_NONE', 'UC_NONE', 'SPC_MPOLY', 'UC_MNUF', 'TPC_NONE', 'SBX_NONE', 'UC_MPOLY', 'UC_NONE', 'SPC_MPOLY', 'SBX_MPOLY', 'TPC_NONE', 'UC_NONE', 'TPC_NONE', 'SPC_MPOLY', 'TPC_NONE', 'SPC_NONE', 'SBX_NONE', 'TPC_NONE', 'UC_NONE', 'SPC_MPOLY', 'UC_NONE', 'UC_NONE', 'UC_NONE', 'SBX_NONE', 'SBX_NONE', 'SPC_NONE', 'SPC_NONE', 'TPC_NONE', 'SPC_NONE', 'SBX_NONE', 'SPC_NONE', 'TPC_NONE', 'UC_NONE', 'UC_NONE', 'TPC_NONE', 'UC_MPOLY', 'TPC_NONE', 'UC_NONE', 'UC_NONE', 'SPC_NONE', 'TPC_NONE', 'TPC_NONE', 'TPC_NONE', 'UC_NONE', 'SPC_NONE', 'UC_NONE', 'UC_NONE', 'UC_NONE', 'UC_NONE', 'UC_NONE', 'TPC_NONE', 'UC_NONE', 'TPC_NONE', 'UC_NONE', 'UC_NONE', 'TPC_NONE', 'UC_NONE', 'SPC_NONE', 'SPC_NONE', 'UC_NONE', 'UC_NONE', 'TPC_NONE', 'TPC_NONE', 'TPC_NONE', 'TPC_NONE', 'SPC_NONE', 'UC_NONE', 'TPC_NONE', 'TPC_NONE', 'SPC_NONE', 'TPC_NONE', 'TPC_NONE', 'SPC_NONE', 'UC_NONE', 'TPC_NONE', 'TPC_NONE', 'SPC_NONE', 'SPC_NONE', 'NONE_MNUF', 'TPC_NONE', 'TPC_NONE', 'UC_NONE', 'UC_NONE', 'UC_NONE', 'UC_NONE']","{'UC_NONE': 31, 'TPC_NONE': 28, 'SPC_MPOLY': 4, 'UC_MNUF': 1, 'SBX_NONE': 5, 'UC_MPOLY': 2, 'SBX_MPOLY': 1, 'SPC_NONE': 14, 'NONE_MNUF': 1}"
30,88,SPC,NONE,0.6826569426398186,0.0372186126038784,568500408.32,805780427.260374,1638030.24,1240224.9042502982,0.7437794939424947,-1.8260386227542117e-05,0.0,0.0,GREEDY_HV,"['SPC_MBFLIP', 'UC_NONE', 'TPC_NONE', 'UC_NONE', 'UC_NONE', 'SPC_MPOLY', 'UC_MNUF', 'TPC_NONE', 'SBX_NONE', 'UC_MPOLY', 'UC_NONE', 'SPC_MPOLY', 'SBX_MPOLY', 'TPC_NONE', 'UC_NONE', 'TPC_NONE', 'SPC_MPOLY', 'TPC_NONE', 'SPC_NONE', 'SBX_NONE', 'TPC_NONE', 'UC_NONE', 'SPC_MPOLY', 'UC_NONE', 'UC_NONE', 'UC_NONE', 'SBX_NONE', 'SBX_NONE', 'SPC_NONE', 'SPC_NONE', 'TPC_NONE', 'SPC_NONE', 'SBX_NONE', 'SPC_NONE', 'TPC_NONE', 'UC_NONE', 'UC_NONE', 'TPC_NONE', 'UC_MPOLY', 'TPC_NONE', 'UC_NONE', 'UC_NONE', 'SPC_NONE', 'TPC_NONE', 'TPC_NONE', 'TPC_NONE', 'UC_NONE', 'SPC_NONE', 'UC_NONE', 'UC_NONE', 'UC_NONE', 'UC_NONE', 'UC_NONE', 'TPC_NONE', 'UC_NONE', 'TPC_NONE', 'UC_NONE', 'UC_NONE', 'TPC_NONE', 'UC_NONE', 'SPC_NONE', 'SPC_NONE', 'UC_NONE', 'UC_NONE', 'TPC_NONE', 'TPC_NONE', 'TPC_NONE', 'TPC_NONE', 'SPC_NONE', 'UC_NONE', 'TPC_NONE', 'TPC_NONE', 'SPC_NONE', 'TPC_NONE', 'TPC_NONE', 'SPC_NONE', 'UC_NONE', 'TPC_NONE', 'TPC_NONE', 'SPC_NONE', 'SPC_NONE', 'NONE_MNUF', 'TPC_NONE', 'TPC_NONE', 'UC_NONE', 'UC_NONE', 'UC_NONE', 'UC_NONE', 'SPC_NONE']","{'UC_NONE': 31, 'TPC_NONE': 28, 'SPC_MPOLY': 4, 'UC_MNUF': 1, 'SBX_NONE': 5, 'UC_MPOLY': 2, 'SBX_MPOLY': 1, 'SPC_NONE': 15, 'NONE_MNUF': 1}"
30,89,SPC,NONE,0.6834395867793216,0.0370470607164407,578648069.12,802222139.4517611,1615063.2,1207514.6638281457,0.7437955725232475,1.6078580752809657e-05,0.0,0.0,GREEDY_HV,"['SPC_MBFLIP', 'UC_NONE', 'TPC_NONE', 'UC_NONE', 'UC_NONE', 'SPC_MPOLY', 'UC_MNUF', 'TPC_NONE', 'SBX_NONE', 'UC_MPOLY', 'UC_NONE', 'SPC_MPOLY', 'SBX_MPOLY', 'TPC_NONE', 'UC_NONE', 'TPC_NONE', 'SPC_MPOLY', 'TPC_NONE', 'SPC_NONE', 'SBX_NONE', 'TPC_NONE', 'UC_NONE', 'SPC_MPOLY', 'UC_NONE', 'UC_NONE', 'UC_NONE', 'SBX_NONE', 'SBX_NONE', 'SPC_NONE', 'SPC_NONE', 'TPC_NONE', 'SPC_NONE', 'SBX_NONE', 'SPC_NONE', 'TPC_NONE', 'UC_NONE', 'UC_NONE', 'TPC_NONE', 'UC_MPOLY', 'TPC_NONE', 'UC_NONE', 'UC_NONE', 'SPC_NONE', 'TPC_NONE', 'TPC_NONE', 'TPC_NONE', 'UC_NONE', 'SPC_NONE', 'UC_NONE', 'UC_NONE', 'UC_NONE', 'UC_NONE', 'UC_NONE', 'TPC_NONE', 'UC_NONE', 'TPC_NONE', 'UC_NONE', 'UC_NONE', 'TPC_NONE', 'UC_NONE', 'SPC_NONE', 'SPC_NONE', 'UC_NONE', 'UC_NONE', 'TPC_NONE', 'TPC_NONE', 'TPC_NONE', 'TPC_NONE', 'SPC_NONE', 'UC_NONE', 'TPC_NONE', 'TPC_NONE', 'SPC_NONE', 'TPC_NONE', 'TPC_NONE', 'SPC_NONE', 'UC_NONE', 'TPC_NONE', 'TPC_NONE', 'SPC_NONE', 'SPC_NONE', 'NONE_MNUF', 'TPC_NONE', 'TPC_NONE', 'UC_NONE', 'UC_NONE', 'UC_NONE', 'UC_NONE', 'SPC_NONE', 'SPC_NONE']","{'UC_NONE': 31, 'TPC_NONE': 28, 'SPC_MPOLY': 4, 'UC_MNUF': 1, 'SBX_NONE': 5, 'UC_MPOLY': 2, 'SBX_MPOLY': 1, 'SPC_NONE': 16, 'NONE_MNUF': 1}"
30,90,SPC,MNUF,0.6820411281952875,0.0368491449489781,556430131.2,806814896.0555822,1582332.32,1202888.1459612013,0.7437917776551128,-3.7948681346211535e-06,0.0,0.01,GREEDY_HV,"['SPC_MBFLIP', 'UC_NONE', 'TPC_NONE', 'UC_NONE', 'UC_NONE', 'SPC_MPOLY', 'UC_MNUF', 'TPC_NONE', 'SBX_NONE', 'UC_MPOLY', 'UC_NONE', 'SPC_MPOLY', 'SBX_MPOLY', 'TPC_NONE', 'UC_NONE', 'TPC_NONE', 'SPC_MPOLY', 'TPC_NONE', 'SPC_NONE', 'SBX_NONE', 'TPC_NONE', 'UC_NONE', 'SPC_MPOLY', 'UC_NONE', 'UC_NONE', 'UC_NONE', 'SBX_NONE', 'SBX_NONE', 'SPC_NONE', 'SPC_NONE', 'TPC_NONE', 'SPC_NONE', 'SBX_NONE', 'SPC_NONE', 'TPC_NONE', 'UC_NONE', 'UC_NONE', 'TPC_NONE', 'UC_MPOLY', 'TPC_NONE', 'UC_NONE', 'UC_NONE', 'SPC_NONE', 'TPC_NONE', 'TPC_NONE', 'TPC_NONE', 'UC_NONE', 'SPC_NONE', 'UC_NONE', 'UC_NONE', 'UC_NONE', 'UC_NONE', 'UC_NONE', 'TPC_NONE', 'UC_NONE', 'TPC_NONE', 'UC_NONE', 'UC_NONE', 'TPC_NONE', 'UC_NONE', 'SPC_NONE', 'SPC_NONE', 'UC_NONE', 'UC_NONE', 'TPC_NONE', 'TPC_NONE', 'TPC_NONE', 'TPC_NONE', 'SPC_NONE', 'UC_NONE', 'TPC_NONE', 'TPC_NONE', 'SPC_NONE', 'TPC_NONE', 'TPC_NONE', 'SPC_NONE', 'UC_NONE', 'TPC_NONE', 'TPC_NONE', 'SPC_NONE', 'SPC_NONE', 'NONE_MNUF', 'TPC_NONE', 'TPC_NONE', 'UC_NONE', 'UC_NONE', 'UC_NONE', 'UC_NONE', 'SPC_NONE', 'SPC_NONE', 'SPC_MNUF']","{'UC_NONE': 31, 'TPC_NONE': 28, 'SPC_MPOLY': 4, 'UC_MNUF': 1, 'SBX_NONE': 5, 'UC_MPOLY': 2, 'SBX_MPOLY': 1, 'SPC_NONE': 16, 'NONE_MNUF': 1, 'SPC_MNUF': 1}"
30,91,SPC,NONE,0.6806985439311657,0.0373079310614877,537181245.44,807902461.7501439,1567786.4,1232135.1082446112,0.7437860898060016,-5.687849111257748e-06,0.0,0.0,GREEDY_HV,"['SPC_MBFLIP', 'UC_NONE', 'TPC_NONE', 'UC_NONE', 'UC_NONE', 'SPC_MPOLY', 'UC_MNUF', 'TPC_NONE', 'SBX_NONE', 'UC_MPOLY', 'UC_NONE', 'SPC_MPOLY', 'SBX_MPOLY', 'TPC_NONE', 'UC_NONE', 'TPC_NONE', 'SPC_MPOLY', 'TPC_NONE', 'SPC_NONE', 'SBX_NONE', 'TPC_NONE', 'UC_NONE', 'SPC_MPOLY', 'UC_NONE', 'UC_NONE', 'UC_NONE', 'SBX_NONE', 'SBX_NONE', 'SPC_NONE', 'SPC_NONE', 'TPC_NONE', 'SPC_NONE', 'SBX_NONE', 'SPC_NONE', 'TPC_NONE', 'UC_NONE', 'UC_NONE', 'TPC_NONE', 'UC_MPOLY', 'TPC_NONE', 'UC_NONE', 'UC_NONE', 'SPC_NONE', 'TPC_NONE', 'TPC_NONE', 'TPC_NONE', 'UC_NONE', 'SPC_NONE', 'UC_NONE', 'UC_NONE', 'UC_NONE', 'UC_NONE', 'UC_NONE', 'TPC_NONE', 'UC_NONE', 'TPC_NONE', 'UC_NONE', 'UC_NONE', 'TPC_NONE', 'UC_NONE', 'SPC_NONE', 'SPC_NONE', 'UC_NONE', 'UC_NONE', 'TPC_NONE', 'TPC_NONE', 'TPC_NONE', 'TPC_NONE', 'SPC_NONE', 'UC_NONE', 'TPC_NONE', 'TPC_NONE', 'SPC_NONE', 'TPC_NONE', 'TPC_NONE', 'SPC_NONE', 'UC_NONE', 'TPC_NONE', 'TPC_NONE', 'SPC_NONE', 'SPC_NONE', 'NONE_MNUF', 'TPC_NONE', 'TPC_NONE', 'UC_NONE', 'UC_NONE', 'UC_NONE', 'UC_NONE', 'SPC_NONE', 'SPC_NONE', 'SPC_MNUF', 'SPC_NONE']","{'UC_NONE': 31, 'TPC_NONE': 28, 'SPC_MPOLY': 4, 'UC_MNUF': 1, 'SBX_NONE': 5, 'UC_MPOLY': 2, 'SBX_MPOLY': 1, 'SPC_NONE': 17, 'NONE_MNUF': 1, 'SPC_MNUF': 1}"
30,92,UC,NONE,0.6809454160422456,0.0374580941593266,546464711.68,810802077.0262058,1515562.4,1159700.0313148564,0.7437728908185051,-1.3198987496521042e-05,0.0,0.0,GREEDY_HV,"['SPC_MBFLIP', 'UC_NONE', 'TPC_NONE', 'UC_NONE', 'UC_NONE', 'SPC_MPOLY', 'UC_MNUF', 'TPC_NONE', 'SBX_NONE', 'UC_MPOLY', 'UC_NONE', 'SPC_MPOLY', 'SBX_MPOLY', 'TPC_NONE', 'UC_NONE', 'TPC_NONE', 'SPC_MPOLY', 'TPC_NONE', 'SPC_NONE', 'SBX_NONE', 'TPC_NONE', 'UC_NONE', 'SPC_MPOLY', 'UC_NONE', 'UC_NONE', 'UC_NONE', 'SBX_NONE', 'SBX_NONE', 'SPC_NONE', 'SPC_NONE', 'TPC_NONE', 'SPC_NONE', 'SBX_NONE', 'SPC_NONE', 'TPC_NONE', 'UC_NONE', 'UC_NONE', 'TPC_NONE', 'UC_MPOLY', 'TPC_NONE', 'UC_NONE', 'UC_NONE', 'SPC_NONE', 'TPC_NONE', 'TPC_NONE', 'TPC_NONE', 'UC_NONE', 'SPC_NONE', 'UC_NONE', 'UC_NONE', 'UC_NONE', 'UC_NONE', 'UC_NONE', 'TPC_NONE', 'UC_NONE', 'TPC_NONE', 'UC_NONE', 'UC_NONE', 'TPC_NONE', 'UC_NONE', 'SPC_NONE', 'SPC_NONE', 'UC_NONE', 'UC_NONE', 'TPC_NONE', 'TPC_NONE', 'TPC_NONE', 'TPC_NONE', 'SPC_NONE', 'UC_NONE', 'TPC_NONE', 'TPC_NONE', 'SPC_NONE', 'TPC_NONE', 'TPC_NONE', 'SPC_NONE', 'UC_NONE', 'TPC_NONE', 'TPC_NONE', 'SPC_NONE', 'SPC_NONE', 'NONE_MNUF', 'TPC_NONE', 'TPC_NONE', 'UC_NONE', 'UC_NONE', 'UC_NONE', 'UC_NONE', 'SPC_NONE', 'SPC_NONE', 'SPC_MNUF', 'SPC_NONE', 'UC_NONE']","{'UC_NONE': 32, 'TPC_NONE': 28, 'SPC_MPOLY': 4, 'UC_MNUF': 1, 'SBX_NONE': 5, 'UC_MPOLY': 2, 'SBX_MPOLY': 1, 'SPC_NONE': 17, 'NONE_MNUF': 1, 'SPC_MNUF': 1}"
30,93,SPC,NONE,0.679989236655095,0.0373842826332536,548347719.68,811542092.6032385,1488439.2,1169350.7515759333,0.7437722659641955,-6.248543095166426e-07,0.0,0.0,GREEDY_HV,"['SPC_MBFLIP', 'UC_NONE', 'TPC_NONE', 'UC_NONE', 'UC_NONE', 'SPC_MPOLY', 'UC_MNUF', 'TPC_NONE', 'SBX_NONE', 'UC_MPOLY', 'UC_NONE', 'SPC_MPOLY', 'SBX_MPOLY', 'TPC_NONE', 'UC_NONE', 'TPC_NONE', 'SPC_MPOLY', 'TPC_NONE', 'SPC_NONE', 'SBX_NONE', 'TPC_NONE', 'UC_NONE', 'SPC_MPOLY', 'UC_NONE', 'UC_NONE', 'UC_NONE', 'SBX_NONE', 'SBX_NONE', 'SPC_NONE', 'SPC_NONE', 'TPC_NONE', 'SPC_NONE', 'SBX_NONE', 'SPC_NONE', 'TPC_NONE', 'UC_NONE', 'UC_NONE', 'TPC_NONE', 'UC_MPOLY', 'TPC_NONE', 'UC_NONE', 'UC_NONE', 'SPC_NONE', 'TPC_NONE', 'TPC_NONE', 'TPC_NONE', 'UC_NONE', 'SPC_NONE', 'UC_NONE', 'UC_NONE', 'UC_NONE', 'UC_NONE', 'UC_NONE', 'TPC_NONE', 'UC_NONE', 'TPC_NONE', 'UC_NONE', 'UC_NONE', 'TPC_NONE', 'UC_NONE', 'SPC_NONE', 'SPC_NONE', 'UC_NONE', 'UC_NONE', 'TPC_NONE', 'TPC_NONE', 'TPC_NONE', 'TPC_NONE', 'SPC_NONE', 'UC_NONE', 'TPC_NONE', 'TPC_NONE', 'SPC_NONE', 'TPC_NONE', 'TPC_NONE', 'SPC_NONE', 'UC_NONE', 'TPC_NONE', 'TPC_NONE', 'SPC_NONE', 'SPC_NONE', 'NONE_MNUF', 'TPC_NONE', 'TPC_NONE', 'UC_NONE', 'UC_NONE', 'UC_NONE', 'UC_NONE', 'SPC_NONE', 'SPC_NONE', 'SPC_MNUF', 'SPC_NONE', 'UC_NONE', 'SPC_NONE']","{'UC_NONE': 32, 'TPC_NONE': 28, 'SPC_MPOLY': 4, 'UC_MNUF': 1, 'SBX_NONE': 5, 'UC_MPOLY': 2, 'SBX_MPOLY': 1, 'SPC_NONE': 18, 'NONE_MNUF': 1, 'SPC_MNUF': 1}"
30,94,TPC,NONE,0.6801703230282163,0.0376638654212682,549032729.6,812001945.2917817,1497664.16,1172713.8288520237,0.7437560484478491,-1.6217516346395122e-05,0.0,0.0,GREEDY_HV,"['SPC_MBFLIP', 'UC_NONE', 'TPC_NONE', 'UC_NONE', 'UC_NONE', 'SPC_MPOLY', 'UC_MNUF', 'TPC_NONE', 'SBX_NONE', 'UC_MPOLY', 'UC_NONE', 'SPC_MPOLY', 'SBX_MPOLY', 'TPC_NONE', 'UC_NONE', 'TPC_NONE', 'SPC_MPOLY', 'TPC_NONE', 'SPC_NONE', 'SBX_NONE', 'TPC_NONE', 'UC_NONE', 'SPC_MPOLY', 'UC_NONE', 'UC_NONE', 'UC_NONE', 'SBX_NONE', 'SBX_NONE', 'SPC_NONE', 'SPC_NONE', 'TPC_NONE', 'SPC_NONE', 'SBX_NONE', 'SPC_NONE', 'TPC_NONE', 'UC_NONE', 'UC_NONE', 'TPC_NONE', 'UC_MPOLY', 'TPC_NONE', 'UC_NONE', 'UC_NONE', 'SPC_NONE', 'TPC_NONE', 'TPC_NONE', 'TPC_NONE', 'UC_NONE', 'SPC_NONE', 'UC_NONE', 'UC_NONE', 'UC_NONE', 'UC_NONE', 'UC_NONE', 'TPC_NONE', 'UC_NONE', 'TPC_NONE', 'UC_NONE', 'UC_NONE', 'TPC_NONE', 'UC_NONE', 'SPC_NONE', 'SPC_NONE', 'UC_NONE', 'UC_NONE', 'TPC_NONE', 'TPC_NONE', 'TPC_NONE', 'TPC_NONE', 'SPC_NONE', 'UC_NONE', 'TPC_NONE', 'TPC_NONE', 'SPC_NONE', 'TPC_NONE', 'TPC_NONE', 'SPC_NONE', 'UC_NONE', 'TPC_NONE', 'TPC_NONE', 'SPC_NONE', 'SPC_NONE', 'NONE_MNUF', 'TPC_NONE', 'TPC_NONE', 'UC_NONE', 'UC_NONE', 'UC_NONE', 'UC_NONE', 'SPC_NONE', 'SPC_NONE', 'SPC_MNUF', 'SPC_NONE', 'UC_NONE', 'SPC_NONE', 'TPC_NONE']","{'UC_NONE': 32, 'TPC_NONE': 29, 'SPC_MPOLY': 4, 'UC_MNUF': 1, 'SBX_NONE': 5, 'UC_MPOLY': 2, 'SBX_MPOLY': 1, 'SPC_NONE': 18, 'NONE_MNUF': 1, 'SPC_MNUF': 1}"
30,95,TPC,NONE,0.6793804502729176,0.0370937185011957,522281973.76,807413589.2988201,1506685.6,1187971.369218366,0.7437449910755126,-1.105737233653148e-05,0.0,0.0,GREEDY_HV,"['SPC_MBFLIP', 'UC_NONE', 'TPC_NONE', 'UC_NONE', 'UC_NONE', 'SPC_MPOLY', 'UC_MNUF', 'TPC_NONE', 'SBX_NONE', 'UC_MPOLY', 'UC_NONE', 'SPC_MPOLY', 'SBX_MPOLY', 'TPC_NONE', 'UC_NONE', 'TPC_NONE', 'SPC_MPOLY', 'TPC_NONE', 'SPC_NONE', 'SBX_NONE', 'TPC_NONE', 'UC_NONE', 'SPC_MPOLY', 'UC_NONE', 'UC_NONE', 'UC_NONE', 'SBX_NONE', 'SBX_NONE', 'SPC_NONE', 'SPC_NONE', 'TPC_NONE', 'SPC_NONE', 'SBX_NONE', 'SPC_NONE', 'TPC_NONE', 'UC_NONE', 'UC_NONE', 'TPC_NONE', 'UC_MPOLY', 'TPC_NONE', 'UC_NONE', 'UC_NONE', 'SPC_NONE', 'TPC_NONE', 'TPC_NONE', 'TPC_NONE', 'UC_NONE', 'SPC_NONE', 'UC_NONE', 'UC_NONE', 'UC_NONE', 'UC_NONE', 'UC_NONE', 'TPC_NONE', 'UC_NONE', 'TPC_NONE', 'UC_NONE', 'UC_NONE', 'TPC_NONE', 'UC_NONE', 'SPC_NONE', 'SPC_NONE', 'UC_NONE', 'UC_NONE', 'TPC_NONE', 'TPC_NONE', 'TPC_NONE', 'TPC_NONE', 'SPC_NONE', 'UC_NONE', 'TPC_NONE', 'TPC_NONE', 'SPC_NONE', 'TPC_NONE', 'TPC_NONE', 'SPC_NONE', 'UC_NONE', 'TPC_NONE', 'TPC_NONE', 'SPC_NONE', 'SPC_NONE', 'NONE_MNUF', 'TPC_NONE', 'TPC_NONE', 'UC_NONE', 'UC_NONE', 'UC_NONE', 'UC_NONE', 'SPC_NONE', 'SPC_NONE', 'SPC_MNUF', 'SPC_NONE', 'UC_NONE', 'SPC_NONE', 'TPC_NONE', 'TPC_NONE']","{'UC_NONE': 32, 'TPC_NONE': 30, 'SPC_MPOLY': 4, 'UC_MNUF': 1, 'SBX_NONE': 5, 'UC_MPOLY': 2, 'SBX_MPOLY': 1, 'SPC_NONE': 18, 'NONE_MNUF': 1, 'SPC_MNUF': 1}"
30,96,TPC,MNUF,0.6800505672146657,0.0373849380813669,539824768.0,809040370.1228824,1503116.96,1175931.621266083,0.7437635285365343,1.853746102165044e-05,0.0,0.0,GREEDY_HV,"['SPC_MBFLIP', 'UC_NONE', 'TPC_NONE', 'UC_NONE', 'UC_NONE', 'SPC_MPOLY', 'UC_MNUF', 'TPC_NONE', 'SBX_NONE', 'UC_MPOLY', 'UC_NONE', 'SPC_MPOLY', 'SBX_MPOLY', 'TPC_NONE', 'UC_NONE', 'TPC_NONE', 'SPC_MPOLY', 'TPC_NONE', 'SPC_NONE', 'SBX_NONE', 'TPC_NONE', 'UC_NONE', 'SPC_MPOLY', 'UC_NONE', 'UC_NONE', 'UC_NONE', 'SBX_NONE', 'SBX_NONE', 'SPC_NONE', 'SPC_NONE', 'TPC_NONE', 'SPC_NONE', 'SBX_NONE', 'SPC_NONE', 'TPC_NONE', 'UC_NONE', 'UC_NONE', 'TPC_NONE', 'UC_MPOLY', 'TPC_NONE', 'UC_NONE', 'UC_NONE', 'SPC_NONE', 'TPC_NONE', 'TPC_NONE', 'TPC_NONE', 'UC_NONE', 'SPC_NONE', 'UC_NONE', 'UC_NONE', 'UC_NONE', 'UC_NONE', 'UC_NONE', 'TPC_NONE', 'UC_NONE', 'TPC_NONE', 'UC_NONE', 'UC_NONE', 'TPC_NONE', 'UC_NONE', 'SPC_NONE', 'SPC_NONE', 'UC_NONE', 'UC_NONE', 'TPC_NONE', 'TPC_NONE', 'TPC_NONE', 'TPC_NONE', 'SPC_NONE', 'UC_NONE', 'TPC_NONE', 'TPC_NONE', 'SPC_NONE', 'TPC_NONE', 'TPC_NONE', 'SPC_NONE', 'UC_NONE', 'TPC_NONE', 'TPC_NONE', 'SPC_NONE', 'SPC_NONE', 'NONE_MNUF', 'TPC_NONE', 'TPC_NONE', 'UC_NONE', 'UC_NONE', 'UC_NONE', 'UC_NONE', 'SPC_NONE', 'SPC_NONE', 'SPC_MNUF', 'SPC_NONE', 'UC_NONE', 'SPC_NONE', 'TPC_NONE', 'TPC_NONE', 'TPC_MNUF']","{'UC_NONE': 32, 'TPC_NONE': 30, 'SPC_MPOLY': 4, 'UC_MNUF': 1, 'SBX_NONE': 5, 'UC_MPOLY': 2, 'SBX_MPOLY': 1, 'SPC_NONE': 18, 'NONE_MNUF': 1, 'SPC_MNUF': 1, 'TPC_MNUF': 1}"
30,97,UC,MNUF,0.6802641697689223,0.0375337557472274,543831265.28,810010915.6948017,1472020.64,1180917.820623633,0.7437996004858934,3.607194935917324e-05,0.01,0.0,GREEDY_HV,"['SPC_MBFLIP', 'UC_NONE', 'TPC_NONE', 'UC_NONE', 'UC_NONE', 'SPC_MPOLY', 'UC_MNUF', 'TPC_NONE', 'SBX_NONE', 'UC_MPOLY', 'UC_NONE', 'SPC_MPOLY', 'SBX_MPOLY', 'TPC_NONE', 'UC_NONE', 'TPC_NONE', 'SPC_MPOLY', 'TPC_NONE', 'SPC_NONE', 'SBX_NONE', 'TPC_NONE', 'UC_NONE', 'SPC_MPOLY', 'UC_NONE', 'UC_NONE', 'UC_NONE', 'SBX_NONE', 'SBX_NONE', 'SPC_NONE', 'SPC_NONE', 'TPC_NONE', 'SPC_NONE', 'SBX_NONE', 'SPC_NONE', 'TPC_NONE', 'UC_NONE', 'UC_NONE', 'TPC_NONE', 'UC_MPOLY', 'TPC_NONE', 'UC_NONE', 'UC_NONE', 'SPC_NONE', 'TPC_NONE', 'TPC_NONE', 'TPC_NONE', 'UC_NONE', 'SPC_NONE', 'UC_NONE', 'UC_NONE', 'UC_NONE', 'UC_NONE', 'UC_NONE', 'TPC_NONE', 'UC_NONE', 'TPC_NONE', 'UC_NONE', 'UC_NONE', 'TPC_NONE', 'UC_NONE', 'SPC_NONE', 'SPC_NONE', 'UC_NONE', 'UC_NONE', 'TPC_NONE', 'TPC_NONE', 'TPC_NONE', 'TPC_NONE', 'SPC_NONE', 'UC_NONE', 'TPC_NONE', 'TPC_NONE', 'SPC_NONE', 'TPC_NONE', 'TPC_NONE', 'SPC_NONE', 'UC_NONE', 'TPC_NONE', 'TPC_NONE', 'SPC_NONE', 'SPC_NONE', 'NONE_MNUF', 'TPC_NONE', 'TPC_NONE', 'UC_NONE', 'UC_NONE', 'UC_NONE', 'UC_NONE', 'SPC_NONE', 'SPC_NONE', 'SPC_MNUF', 'SPC_NONE', 'UC_NONE', 'SPC_NONE', 'TPC_NONE', 'TPC_NONE', 'TPC_MNUF', 'UC_MNUF']","{'UC_NONE': 32, 'TPC_NONE': 30, 'SPC_MPOLY': 4, 'UC_MNUF': 2, 'SBX_NONE': 5, 'UC_MPOLY': 2, 'SBX_MPOLY': 1, 'SPC_NONE': 18, 'NONE_MNUF': 1, 'SPC_MNUF': 1, 'TPC_MNUF': 1}"
30,98,TPC,NONE,0.6808303068141717,0.0373630306593293,535686010.88,808395989.6896769,1527987.36,1204109.4174439425,0.7438171954982469,1.759501235343297e-05,0.01,0.0,GREEDY_HV,"['SPC_MBFLIP', 'UC_NONE', 'TPC_NONE', 'UC_NONE', 'UC_NONE', 'SPC_MPOLY', 'UC_MNUF', 'TPC_NONE', 'SBX_NONE', 'UC_MPOLY', 'UC_NONE', 'SPC_MPOLY', 'SBX_MPOLY', 'TPC_NONE', 'UC_NONE', 'TPC_NONE', 'SPC_MPOLY', 'TPC_NONE', 'SPC_NONE', 'SBX_NONE', 'TPC_NONE', 'UC_NONE', 'SPC_MPOLY', 'UC_NONE', 'UC_NONE', 'UC_NONE', 'SBX_NONE', 'SBX_NONE', 'SPC_NONE', 'SPC_NONE', 'TPC_NONE', 'SPC_NONE', 'SBX_NONE', 'SPC_NONE', 'TPC_NONE', 'UC_NONE', 'UC_NONE', 'TPC_NONE', 'UC_MPOLY', 'TPC_NONE', 'UC_NONE', 'UC_NONE', 'SPC_NONE', 'TPC_NONE', 'TPC_NONE', 'TPC_NONE', 'UC_NONE', 'SPC_NONE', 'UC_NONE', 'UC_NONE', 'UC_NONE', 'UC_NONE', 'UC_NONE', 'TPC_NONE', 'UC_NONE', 'TPC_NONE', 'UC_NONE', 'UC_NONE', 'TPC_NONE', 'UC_NONE', 'SPC_NONE', 'SPC_NONE', 'UC_NONE', 'UC_NONE', 'TPC_NONE', 'TPC_NONE', 'TPC_NONE', 'TPC_NONE', 'SPC_NONE', 'UC_NONE', 'TPC_NONE', 'TPC_NONE', 'SPC_NONE', 'TPC_NONE', 'TPC_NONE', 'SPC_NONE', 'UC_NONE', 'TPC_NONE', 'TPC_NONE', 'SPC_NONE', 'SPC_NONE', 'NONE_MNUF', 'TPC_NONE', 'TPC_NONE', 'UC_NONE', 'UC_NONE', 'UC_NONE', 'UC_NONE', 'SPC_NONE', 'SPC_NONE', 'SPC_MNUF', 'SPC_NONE', 'UC_NONE', 'SPC_NONE', 'TPC_NONE', 'TPC_NONE', 'TPC_MNUF', 'UC_MNUF', 'TPC_NONE']","{'UC_NONE': 32, 'TPC_NONE': 31, 'SPC_MPOLY': 4, 'UC_MNUF': 2, 'SBX_NONE': 5, 'UC_MPOLY': 2, 'SBX_MPOLY': 1, 'SPC_NONE': 18, 'NONE_MNUF': 1, 'SPC_MNUF': 1, 'TPC_MNUF': 1}"
30,99,UC,MNUF,0.6816364958157602,0.037463974189912,545480227.84,808413062.3618071,1560217.76,1200810.1857284617,0.7437987575402731,-1.843795797373815e-05,0.0,0.0,GREEDY_HV,"['SPC_MBFLIP', 'UC_NONE', 'TPC_NONE', 'UC_NONE', 'UC_NONE', 'SPC_MPOLY', 'UC_MNUF', 'TPC_NONE', 'SBX_NONE', 'UC_MPOLY', 'UC_NONE', 'SPC_MPOLY', 'SBX_MPOLY', 'TPC_NONE', 'UC_NONE', 'TPC_NONE', 'SPC_MPOLY', 'TPC_NONE', 'SPC_NONE', 'SBX_NONE', 'TPC_NONE', 'UC_NONE', 'SPC_MPOLY', 'UC_NONE', 'UC_NONE', 'UC_NONE', 'SBX_NONE', 'SBX_NONE', 'SPC_NONE', 'SPC_NONE', 'TPC_NONE', 'SPC_NONE', 'SBX_NONE', 'SPC_NONE', 'TPC_NONE', 'UC_NONE', 'UC_NONE', 'TPC_NONE', 'UC_MPOLY', 'TPC_NONE', 'UC_NONE', 'UC_NONE', 'SPC_NONE', 'TPC_NONE', 'TPC_NONE', 'TPC_NONE', 'UC_NONE', 'SPC_NONE', 'UC_NONE', 'UC_NONE', 'UC_NONE', 'UC_NONE', 'UC_NONE', 'TPC_NONE', 'UC_NONE', 'TPC_NONE', 'UC_NONE', 'UC_NONE', 'TPC_NONE', 'UC_NONE', 'SPC_NONE', 'SPC_NONE', 'UC_NONE', 'UC_NONE', 'TPC_NONE', 'TPC_NONE', 'TPC_NONE', 'TPC_NONE', 'SPC_NONE', 'UC_NONE', 'TPC_NONE', 'TPC_NONE', 'SPC_NONE', 'TPC_NONE', 'TPC_NONE', 'SPC_NONE', 'UC_NONE', 'TPC_NONE', 'TPC_NONE', 'SPC_NONE', 'SPC_NONE', 'NONE_MNUF', 'TPC_NONE', 'TPC_NONE', 'UC_NONE', 'UC_NONE', 'UC_NONE', 'UC_NONE', 'SPC_NONE', 'SPC_NONE', 'SPC_MNUF', 'SPC_NONE', 'UC_NONE', 'SPC_NONE', 'TPC_NONE', 'TPC_NONE', 'TPC_MNUF', 'UC_MNUF', 'TPC_NONE', 'UC_MNUF']","{'UC_NONE': 32, 'TPC_NONE': 31, 'SPC_MPOLY': 4, 'UC_MNUF': 3, 'SBX_NONE': 5, 'UC_MPOLY': 2, 'SBX_MPOLY': 1, 'SPC_NONE': 18, 'NONE_MNUF': 1, 'SPC_MNUF': 1, 'TPC_MNUF': 1}"
30,100,UC,NONE,0.6819556231787746,0.0376396304183236,551762754.56,809114961.7404009,1586913.44,1213183.2710669255,0.7437996707681751,9.132279019663514e-07,0.0,0.0,GREEDY_HV,"['SPC_MBFLIP', 'UC_NONE', 'TPC_NONE', 'UC_NONE', 'UC_NONE', 'SPC_MPOLY', 'UC_MNUF', 'TPC_NONE', 'SBX_NONE', 'UC_MPOLY', 'UC_NONE', 'SPC_MPOLY', 'SBX_MPOLY', 'TPC_NONE', 'UC_NONE', 'TPC_NONE', 'SPC_MPOLY', 'TPC_NONE', 'SPC_NONE', 'SBX_NONE', 'TPC_NONE', 'UC_NONE', 'SPC_MPOLY', 'UC_NONE', 'UC_NONE', 'UC_NONE', 'SBX_NONE', 'SBX_NONE', 'SPC_NONE', 'SPC_NONE', 'TPC_NONE', 'SPC_NONE', 'SBX_NONE', 'SPC_NONE', 'TPC_NONE', 'UC_NONE', 'UC_NONE', 'TPC_NONE', 'UC_MPOLY', 'TPC_NONE', 'UC_NONE', 'UC_NONE', 'SPC_NONE', 'TPC_NONE', 'TPC_NONE', 'TPC_NONE', 'UC_NONE', 'SPC_NONE', 'UC_NONE', 'UC_NONE', 'UC_NONE', 'UC_NONE', 'UC_NONE', 'TPC_NONE', 'UC_NONE', 'TPC_NONE', 'UC_NONE', 'UC_NONE', 'TPC_NONE', 'UC_NONE', 'SPC_NONE', 'SPC_NONE', 'UC_NONE', 'UC_NONE', 'TPC_NONE', 'TPC_NONE', 'TPC_NONE', 'TPC_NONE', 'SPC_NONE', 'UC_NONE', 'TPC_NONE', 'TPC_NONE', 'SPC_NONE', 'TPC_NONE', 'TPC_NONE', 'SPC_NONE', 'UC_NONE', 'TPC_NONE', 'TPC_NONE', 'SPC_NONE', 'SPC_NONE', 'NONE_MNUF', 'TPC_NONE', 'TPC_NONE', 'UC_NONE', 'UC_NONE', 'UC_NONE', 'UC_NONE', 'SPC_NONE', 'SPC_NONE', 'SPC_MNUF', 'SPC_NONE', 'UC_NONE', 'SPC_NONE', 'TPC_NONE', 'TPC_NONE', 'TPC_MNUF', 'UC_MNUF', 'TPC_NONE', 'UC_MNUF', 'UC_NONE']","{'UC_NONE': 33, 'TPC_NONE': 31, 'SPC_MPOLY': 4, 'UC_MNUF': 3, 'SBX_NONE': 5, 'UC_MPOLY': 2, 'SBX_MPOLY': 1, 'SPC_NONE': 18, 'NONE_MNUF': 1, 'SPC_MNUF': 1, 'TPC_MNUF': 1}"
